ID,insum,outsum,diff
100000001,493,293,200
100000002,778,293,485
100000003,5040,1242,3798
100000004,1397,356,1041
100000005,1269,1619,-350
100000006,124,81,43
100000007,308,198,110
100000008,73,383,-310
100000009,102,97,5
100000010,9,28,-19
100000011,200,53,147
100000012,44,458,-414
100000013,9,82,-73
100000014,112,222,-110
100000015,523,421,102
100000016,480,861,-381
100000017,272,714,-442
100000018,694,293,401
100000019,3413,1007,2406
100000020,988,1141,-153
100000021,4667,982,3685
100000022,619,367,252
100000023,3873,393,3480
100000025,1552,247,1305
100000028,842,434,408
100000029,150,113,37
100000030,348,15,333
100000031,2165,1752,413
100000032,1808,1508,300
100000033,280,1048,-768
100000034,617,180,437
100000035,818,338,480
100000036,1423,548,875
100000037,163,236,-73
100000038,474,490,-16
100000039,287,78,209
100000040,54,50,4
100000041,145,169,-24
100000042,214,217,-3
100000043,250,120,130
100000044,326,445,-119
100000045,353,955,-602
100000046,283,891,-608
100000047,120,551,-431
100000048,180,477,-297
100000049,1046,1916,-870
100000051,174,877,-703
100000053,6,1,5
100000054,45,7,38
100000055,267,237,30
100000056,88,347,-259
100000057,889,391,498
100000058,349,1068,-719
100000059,1,48,-47
100000060,175,163,12
100000061,798,293,505
100000062,618,270,348
100000063,283,149,134
100000064,334,176,158
100000065,226,747,-521
100000066,123,656,-533
100000067,200,592,-392
100000068,278,1006,-728
100000069,97,1083,-986
100000072,298,1081,-783
100000073,515,851,-336
100000075,294,230,64
100000076,866,804,62
100000077,479,30,449
100000078,100,18,82
100000079,59,22,37
100000080,3,9,-6
100000081,14,8,6
100000102,954,543,411
100000103,1902,383,1519
100000104,2329,495,1834
100000105,2480,243,2237
100000106,1173,504,669
100000107,238,105,133
100000108,635,823,-188
100000109,2053,831,1222
100000116,674,217,457
100000117,5,19,-14
100000118,667,350,317
100000119,287,237,50
100000121,43,430,-387
100000122,406,434,-28
100000123,2779,2555,224
100000124,5884,2924,2960
100000125,2296,476,1820
100000126,422,137,285
100000127,1007,237,770
100000128,535,428,107
100000129,281,224,57
100000130,201,391,-190
100000131,3285,1529,1756
100000132,1771,658,1113
100000133,7305,1967,5338
100000135,148,365,-217
100000139,96,207,-111
100000140,133,229,-96
100000142,165,462,-297
100000143,1304,750,554
100000144,2753,768,1985
100000147,533,1181,-648
100000150,17,330,-313
100000151,309,213,96
100000153,208,129,79
100000154,42,36,6
100000155,2,16,-14
100000156,22,40,-18
100000157,65,103,-38
100000158,42,77,-35
100000159,277,214,63
100000165,766,521,245
100000169,387,170,217
100000174,947,208,739
100000179,57,369,-312
100000180,296,535,-239
100000181,59,160,-101
100000188,34,214,-180
100000189,213,144,69
100000190,221,126,95
100000191,243,237,6
100000192,50,45,5
100000193,88,90,-2
100000330,1168,247,921
100000355,306,365,-59
100000362,3248,2247,1001
100000363,1113,2054,-941
100000364,251,156,95
100000365,2251,3337,-1086
100000366,2883,1626,1257
100000367,1352,1979,-627
100000368,1189,1271,-82
100000369,351,673,-322
100000370,34,177,-143
100000376,58,44,14
100000379,1148,548,600
100000380,1766,931,835
100000384,3112,1180,1932
100000385,2811,1521,1290
100000386,5134,1313,3821
100000387,4710,1497,3213
100000388,10342,1641,8701
100000389,8546,1814,6732
100000390,9469,1408,8061
100000391,5659,1772,3887
100000392,1988,531,1457
100000393,686,631,55
100000394,3766,1307,2459
100000395,1777,448,1329
100000396,2517,804,1713
100000397,1333,670,663
100000398,8048,4984,3064
100000413,6,3,3
100900002,1,47,-46
100900003,61,62,-1
100900004,8,611,-603
100900005,33,5,28
100900006,1,148,-147
100900007,40,3,37
100900008,0,335,-335
100900009,3,16,-13
100900010,5,88,-83
100900011,12,195,-183
100900012,1,196,-195
100900013,111,4,107
100900014,1,1,0
100900015,65,34,31
100900016,0,37,-37
100900017,228,35,193
100900018,0,3,-3
100900019,0,22,-22
100900020,66,0,66
100900021,462,1,461
100900022,1,2,-1
100900023,0,1,-1
100900024,287,0,287
100900025,9,11,-2
100900026,14,104,-90
100900027,357,900,-543
100900028,29,64,-35
100900029,75,6,69
100900030,0,8,-8
100900031,108,28,80
100900032,24,0,24
100900033,136,51,85
100900034,96,0,96
100900035,118,0,118
100900036,12,1,11
100900037,10,232,-222
100900038,15,5,10
100900039,145,446,-301
100900040,99,637,-538
100900041,121,752,-631
100900042,155,206,-51
100900043,0,0,0
100900044,1822,108,1714
100900045,12,0,12
100900046,247,3,244
100900047,523,28,495
100900048,15,3,12
100900049,7,166,-159
100900050,0,15,-15
100900051,17,18,-1
100900052,27,29,-2
100900053,40,22,18
100900054,1,89,-88
100900055,63,102,-39
100900056,7,34,-27
100900057,235,150,85
100900058,57,16,41
100900059,13,0,13
100900060,23,13,10
100900061,173,137,36
100900062,0,26,-26
100900063,57,162,-105
100900064,225,0,225
100900065,28,29,-1
100900066,15,18,-3
100900067,3,8,-5
100900068,5,61,-56
100900069,99,0,99
100900070,43,0,43
100900071,376,113,263
100900072,1,51,-50
100900073,20,375,-355
100900074,0,3,-3
100900075,1622,153,1469
100900076,7,6,1
100900077,1,86,-85
100900078,44,63,-19
100900079,0,25,-25
100900080,0,89,-89
100900081,18,18,0
100900082,18,611,-593
100900083,3,29,-26
100900085,1,37,-36
100900086,32,128,-96
100900088,19,521,-502
100900089,0,19,-19
100900090,42,276,-234
100900091,1,10,-9
100900092,31,40,-9
100900093,30,67,-37
100900094,21,540,-519
100900095,0,15,-15
100900096,14,52,-38
100900097,0,1,-1
100900098,4,64,-60
100900099,17,334,-317
100900100,2,111,-109
100900101,182,9,173
100900102,0,20,-20
100900103,0,39,-39
100900104,7,53,-46
100900105,4,17,-13
100900106,12,0,12
100900107,902,213,689
100900108,0,1,-1
100900109,0,24,-24
100900110,2,11,-9
100900111,43,72,-29
100900112,0,1,-1
100900113,7,7,0
100900114,0,14,-14
100900115,1,10,-9
100900116,418,122,296
100900117,105,155,-50
100900118,2,21,-19
100900119,1,12,-11
100900120,0,5,-5
100900121,156,107,49
100900122,79,123,-44
100900123,1,40,-39
100900124,4,2,2
100900125,6,43,-37
100900126,32,63,-31
100900127,2,1,1
100900128,41,46,-5
100900129,0,45,-45
100900131,10,71,-61
100900133,8,32,-24
100900134,1,3,-2
100900135,0,41,-41
100900137,176,87,89
100900138,222,95,127
100900139,0,3,-3
100900140,1,679,-678
100900141,1,136,-135
100900142,1,2,-1
100900143,631,125,506
100900144,12,2,10
100900145,1,62,-61
100900146,12,8,4
100900147,7,87,-80
100900148,25,621,-596
100900149,3,14,-11
100900150,3,8,-5
100900151,45,344,-299
100900152,51,3,48
100900153,2,81,-79
100900154,0,3,-3
100900155,1,3,-2
100900156,14,1,13
100900157,1,38,-37
100900159,0,6,-6
100900160,1,10,-9
100900161,91,1,90
100900162,2,100,-98
100900163,120,179,-59
100900164,8,23,-15
100900165,20,15,5
100900166,21,0,21
100900167,5,82,-77
100900168,3,75,-72
100900169,95,778,-683
100900170,8,7,1
100900171,11,620,-609
100900172,0,5,-5
100900173,0,392,-392
100900174,19,12,7
100900176,603,22,581
100900177,614,76,538
100900178,120,72,48
100900179,33,27,6
100900180,1,3,-2
100900181,37,12,25
100900182,3,6,-3
100900184,1,66,-65
100900186,714,361,353
100900187,2,133,-131
100900188,11,4,7
100900189,414,67,347
100900191,700,283,417
100900192,96,64,32
100900195,26,87,-61
100900197,1,39,-38
100900198,12,146,-134
100900199,2,5,-3
100900200,414,210,204
100900201,5,546,-541
100900202,1,0,1
100900203,0,40,-40
100900204,84,51,33
100900205,41,81,-40
100900206,25,12,13
100900207,53,18,35
100900210,30,734,-704
100900211,110,17,93
100900213,9,8,1
100900214,588,42,546
100900215,0,26,-26
100900217,48,17,31
101000001,3089,1423,1666
101000002,2036,1578,458
101000003,492,667,-175
101000004,5875,3048,2827
101000005,3287,2616,671
101000006,4502,3105,1397
101000007,1195,1581,-386
101000008,1932,1325,607
101000009,712,1697,-985
101000010,424,1049,-625
101000011,1394,289,1105
101000012,1318,224,1094
101000013,286,409,-123
101000014,314,274,40
101000015,533,612,-79
101000016,193,186,7
101000017,281,251,30
101000018,2381,1522,859
101000020,2886,479,2407
101000021,462,93,369
101000022,276,26,250
101000023,1085,410,675
101000025,52,158,-106
101000026,296,21,275
101000027,783,739,44
101000028,415,84,331
101000029,4,301,-297
101000030,284,37,247
101000031,83,86,-3
101000032,2312,1125,1187
101000033,1541,902,639
101000034,1577,624,953
101000035,678,103,575
101000036,857,160,697
101000037,2989,555,2434
101000039,1924,360,1564
101000040,2643,1309,1334
101000041,4092,1215,2877
101000042,255,216,39
101000043,2947,1003,1944
101000045,429,156,273
101000046,1099,447,652
101000047,532,625,-93
101000048,278,387,-109
101000049,303,321,-18
101000050,793,203,590
101000051,1266,409,857
101000052,972,222,750
101000053,617,727,-110
101000054,897,856,41
101000055,1093,530,563
101000056,30,25,5
101000057,1421,287,1134
101000058,1009,275,734
101000059,2084,787,1297
101000060,1383,97,1286
101000061,1018,352,666
101000062,1314,135,1179
101000063,310,120,190
101000064,786,169,617
101000065,80,158,-78
101000066,129,104,25
101000067,396,140,256
101000068,188,104,84
101000069,228,32,196
101000070,1246,281,965
101000071,1002,385,617
101000072,627,1426,-799
101000073,381,208,173
101000074,2434,1101,1333
101000075,3520,1485,2035
101000077,799,642,157
101000078,598,976,-378
101000079,268,863,-595
101000080,454,438,16
101000081,587,545,42
101000082,2249,1574,675
101000083,1050,848,202
101000084,679,890,-211
101000085,927,607,320
101000086,923,737,186
101000087,688,982,-294
101000088,535,535,0
101000089,511,740,-229
101000090,1784,1055,729
101000091,235,1062,-827
101000092,551,761,-210
101000093,865,434,431
101000094,321,782,-461
101000095,102,535,-433
101000096,175,401,-226
101000097,115,175,-60
101000098,179,327,-148
101000099,677,641,36
101000100,456,325,131
101000101,217,157,60
101000102,474,161,313
101000103,452,311,141
101000104,67,168,-101
101000105,466,67,399
101000106,283,166,117
101000107,76,178,-102
101000108,1070,209,861
101000109,61,43,18
101000110,18,496,-478
101000111,45,115,-70
101000113,58,208,-150
101000114,1137,752,385
101000115,20,84,-64
101000116,21,38,-17
101000117,69,160,-91
101000119,98,4,94
101000120,141,6,135
101000121,39,0,39
101000122,61,7,54
101000123,11,19,-8
101000124,219,266,-47
101000125,107,269,-162
101000128,468,181,287
101000130,198,138,60
101000131,299,461,-162
101000132,157,1121,-964
101000135,48,2,46
101000136,95,35,60
101000137,35,108,-73
101000141,1534,635,899
101000147,847,428,419
101000148,2067,15,2052
101000149,37,23,14
101000150,14,938,-924
101000151,35,71,-36
101000152,210,189,21
101000153,407,324,83
101000154,84,1315,-1231
101000155,51,75,-24
101000156,12,146,-134
101000157,57,12,45
101000160,20,29,-9
101000163,50,31,19
101000164,346,176,170
101000165,197,176,21
101000166,125,174,-49
101000168,357,169,188
101000252,505,441,64
101000254,168,10,158
101000258,34,16,18
101000261,103,120,-17
101000262,280,645,-365
101000263,91,382,-291
101000265,13,245,-232
101000266,129,100,29
101000269,80,5,75
101000290,853,691,162
101000293,1,60,-59
101000294,302,318,-16
101000295,124,284,-160
101000301,568,84,484
101000304,1196,1787,-591
101000305,1466,1045,421
101000328,42,236,-194
101900001,19,80,-61
101900002,0,28,-28
101900003,49,54,-5
101900004,2,32,-30
101900005,3843,514,3329
101900006,489,7,482
101900007,239,14,225
101900008,91,71,20
101900009,19,110,-91
101900010,670,217,453
101900011,167,330,-163
101900012,69,67,2
101900013,724,41,683
101900017,5,38,-33
101900018,1240,70,1170
101900019,64,47,17
101900020,42,51,-9
101900021,0,22,-22
101900022,15,1032,-1017
101900023,25,187,-162
101900026,40,27,13
101900027,3,73,-70
102000001,1163,2385,-1222
102000002,1867,927,940
102000003,2077,2082,-5
102000004,5356,1263,4093
102000005,986,1397,-411
102000006,1355,696,659
102000007,952,2430,-1478
102000008,5685,983,4702
102000009,3938,4802,-864
102000010,5003,1899,3104
102000011,1452,1488,-36
102000012,2074,1951,123
102000018,2478,1281,1197
102000019,1743,605,1138
102000026,164,177,-13
102000029,355,97,258
102000030,54,123,-69
102000031,4,146,-142
102000032,179,191,-12
102000033,77,294,-217
102000034,250,185,65
102000035,566,300,266
102000036,0,118,-118
102000037,51,38,13
102000038,46,51,-5
102000039,54,25,29
102000040,333,22,311
102000041,68,105,-37
102000042,32,40,-8
102000043,60,102,-42
102000044,136,313,-177
102000045,476,682,-206
102000046,549,252,297
102000047,462,607,-145
102000048,87,426,-339
102000049,401,346,55
102000050,585,727,-142
102000051,154,300,-146
102000052,567,551,16
102000053,232,486,-254
102000054,177,475,-298
102000055,461,750,-289
102000056,336,777,-441
102000057,857,343,514
102000058,709,1214,-505
102000059,595,871,-276
102000060,611,454,157
102000061,695,2087,-1392
102000062,426,791,-365
102000063,671,913,-242
102000064,374,418,-44
102000065,36,93,-57
102000066,575,740,-165
102000067,1337,1538,-201
102000068,5858,1858,4000
102000069,31,1175,-1144
102000070,2413,72,2341
102000071,4780,6337,-1557
102000072,2563,3389,-826
102000073,160,640,-480
102000074,131,535,-404
102000075,103,226,-123
102000076,149,276,-127
102000077,208,1178,-970
102000078,328,666,-338
102000079,68,228,-160
102000080,82,130,-48
102000081,100,648,-548
102000082,336,90,246
102000083,136,586,-450
102000084,81,402,-321
102000085,1031,1006,25
102000086,677,897,-220
102000087,408,1788,-1380
102000088,119,198,-79
102000089,505,492,13
102000090,332,945,-613
102000091,792,353,439
102000092,443,493,-50
102000093,460,439,21
102000094,819,281,538
102000095,580,508,72
102000096,1374,407,967
102000097,1497,653,844
102000098,375,545,-170
102000099,642,327,315
102000100,700,321,379
102000101,881,152,729
102000102,204,864,-660
102000103,668,153,515
102000104,715,224,491
102000105,61,631,-570
102000106,198,738,-540
102000107,389,430,-41
102000108,274,174,100
102000109,132,427,-295
102000110,238,1130,-892
102000111,2,187,-185
102000112,101,75,26
102000113,2,30,-28
102000114,583,175,408
102000115,171,105,66
102000116,204,140,64
102000117,161,340,-179
102000118,1268,711,557
102000119,1959,289,1670
102000120,49,307,-258
102000121,453,328,125
102000122,156,486,-330
102000123,755,470,285
102000124,609,601,8
102000125,602,373,229
102000126,348,435,-87
102000127,639,452,187
102000128,291,627,-336
102000129,333,691,-358
102000130,219,390,-171
102000131,284,360,-76
102000132,171,257,-86
102000133,572,2101,-1529
102000134,238,502,-264
102000135,859,372,487
102000136,699,201,498
102000137,612,434,178
102000138,175,231,-56
102000139,22,235,-213
102000140,177,149,28
102000141,124,352,-228
102000142,83,281,-198
102000143,26,368,-342
102000144,46,330,-284
102000145,108,260,-152
102000146,103,153,-50
102000147,165,164,1
102000148,135,171,-36
102000149,63,521,-458
102000150,128,106,22
102000151,49,261,-212
102000152,59,81,-22
102000153,496,152,344
102000154,212,325,-113
102000155,36,154,-118
102000156,235,36,199
102000157,40,71,-31
102000158,186,125,61
102000159,1053,107,946
102000161,2734,611,2123
102000162,79,62,17
102000163,68,211,-143
102000164,643,361,282
102000165,204,74,130
102000166,12,56,-44
102000167,57,100,-43
102000168,96,78,18
102000169,49,240,-191
102000170,518,65,453
102000171,74,26,48
102000172,12,150,-138
102000173,209,155,54
102000174,18,25,-7
102000175,36,146,-110
102000176,11,44,-33
102000178,134,427,-293
102000179,117,151,-34
102000180,213,427,-214
102000181,149,574,-425
102000182,215,502,-287
102000183,548,1352,-804
102000184,532,703,-171
102000185,761,1250,-489
102000186,339,1396,-1057
102000187,185,1325,-1140
102000188,252,1184,-932
102000189,2507,649,1858
102000190,539,1288,-749
102000191,884,354,530
102000192,378,657,-279
102000193,9,153,-144
102000194,46,119,-73
102000195,157,402,-245
102000196,36,480,-444
102000197,133,395,-262
102000198,59,758,-699
102000199,132,270,-138
102000200,106,907,-801
102000201,219,412,-193
102000202,0,101,-101
102000203,113,261,-148
102000204,147,849,-702
102000205,330,710,-380
102000206,246,512,-266
102000207,228,389,-161
102000208,94,396,-302
102000209,17,34,-17
102000210,75,416,-341
102000211,127,276,-149
102000212,34,7,27
102000213,3,252,-249
102000214,26,14,12
102000215,2,418,-416
102000216,12,7,5
102000217,6,188,-182
102000218,43,18,25
102000219,171,262,-91
102000225,677,467,210
102000226,1534,127,1407
102000227,13,2,11
102000228,0,77,-77
102000229,22,10,12
102000230,185,465,-280
102000231,124,283,-159
102000232,3,73,-70
102000233,229,313,-84
102000234,59,1342,-1283
102000236,223,25,198
102000237,235,105,130
102000238,132,176,-44
102000240,654,445,209
102000241,194,39,155
102000243,9,24,-15
102000245,11,68,-57
102000246,25,20,5
102000247,574,580,-6
102000248,255,325,-70
102000249,63,108,-45
102000250,34,345,-311
102000254,23,476,-453
102000266,25,114,-89
102000271,13,0,13
102000286,209,198,11
102000297,953,581,372
102000299,0,0,0
102000301,0,0,0
102000303,0,0,0
102000305,0,0,0
102000307,0,5,-5
102900001,730,617,113
102900002,214,35,179
102900003,7,259,-252
102900005,156,223,-67
102900006,180,123,57
102900007,325,32,293
102900008,72,32,40
102900009,246,57,189
102900010,366,207,159
102900011,1616,122,1494
102900012,200,39,161
102900013,3,40,-37
102900015,385,79,306
102900016,14,76,-62
102900017,39,449,-410
102900018,4,62,-58
102900019,76,241,-165
102900020,26,37,-11
102900021,0,86,-86
102900022,156,24,132
102900023,4,27,-23
102900024,13,39,-26
102900025,119,94,25
102900026,319,747,-428
102900027,27,41,-14
102900028,43,237,-194
102900029,36,73,-37
102900030,154,101,53
102900031,89,121,-32
102900032,21,141,-120
102900033,11,72,-61
102900034,91,111,-20
102900035,19,347,-328
102900036,85,513,-428
102900037,82,564,-482
102900038,217,383,-166
102900039,7,180,-173
102900040,46,127,-81
102900041,36,107,-71
102900042,78,227,-149
102900043,81,193,-112
102900044,291,1348,-1057
102900045,42,369,-327
102900046,42,213,-171
102900047,18,533,-515
102900048,257,558,-301
102900049,26,233,-207
102900050,145,270,-125
102900051,71,107,-36
102900053,166,522,-356
102900054,565,452,113
102900055,23,41,-18
102900056,56,289,-233
102900057,2,11,-9
102900058,158,18,140
102900059,5,28,-23
102900060,36,260,-224
102900061,44,328,-284
102900062,24,1230,-1206
102900063,310,305,5
102900064,109,204,-95
102900065,1138,512,626
102900066,188,22,166
102900068,36,47,-11
102900070,81,620,-539
102900072,8,9,-1
102900073,56,3,53
102900075,1,7,-6
102900076,133,8,125
102900077,20,23,-3
102900078,23,54,-31
102900079,132,9,123
102900080,158,9,149
102900081,20,131,-111
102900082,1,220,-219
102900083,222,1,221
102900084,7,12,-5
102900085,37,36,1
102900086,1,8,-7
102900087,9,130,-121
102900088,4,29,-25
102900089,142,79,63
102900090,2,300,-298
102900091,36,0,36
102900092,112,495,-383
102900094,0,25,-25
102900095,42,0,42
102900096,5,5,0
102900097,29,96,-67
103000001,1357,1919,-562
103000002,1051,1163,-112
103000003,2107,1667,440
103000004,632,408,224
103000005,1307,1310,-3
103000006,388,822,-434
103000007,326,588,-262
103000008,570,805,-235
103000009,342,499,-157
103000010,104,92,12
103000011,1321,540,781
103000012,593,734,-141
103000013,4788,1213,3575
103000014,882,828,54
103000015,1695,649,1046
103000016,412,522,-110
103000017,83,180,-97
103000018,745,238,507
103000019,69,61,8
103000020,924,924,0
103000021,690,774,-84
103000022,657,871,-214
103000023,281,659,-378
103000024,99,114,-15
103000025,39,176,-137
103000026,1457,71,1386
103000027,215,186,29
103000028,518,192,326
103000029,449,94,355
103000030,1543,358,1185
103000031,1010,609,401
103000032,1637,1304,333
103000033,2151,1700,451
103000034,1214,487,727
103000035,308,546,-238
103000036,330,249,81
103000037,602,227,375
103000038,375,534,-159
103000039,107,356,-249
103000040,198,989,-791
103000041,919,2409,-1490
103000042,400,480,-80
103000043,209,1107,-898
103000044,60,203,-143
103000046,161,224,-63
103000047,238,514,-276
103000048,62,87,-25
103000049,58,122,-64
103000050,309,388,-79
103000051,191,327,-136
103000052,562,302,260
103000053,97,274,-177
103000054,974,726,248
103000055,836,1045,-209
103000056,350,1750,-1400
103000057,291,207,84
103000058,186,671,-485
103000059,242,632,-390
103000060,493,627,-134
103000061,389,581,-192
103000062,493,637,-144
103000063,337,547,-210
103000064,69,229,-160
103000065,1,258,-257
103000066,50,6,44
103000069,61,330,-269
103000070,349,920,-571
103000071,337,207,130
103000072,57,761,-704
103000073,132,93,39
103000074,170,26,144
103000075,78,711,-633
103000076,129,80,49
103000077,20,271,-251
103000078,828,128,700
103000079,1044,254,790
103000080,687,91,596
103000081,262,406,-144
103000082,227,80,147
103000083,64,315,-251
103000084,82,2,80
103000085,3,65,-62
103000086,386,152,234
103000087,46,208,-162
103000088,168,231,-63
103000089,106,170,-64
103000090,810,744,66
103000091,270,289,-19
103000092,132,202,-70
103000093,177,404,-227
103000094,61,71,-10
103000095,2,319,-317
103000096,369,61,308
103000097,23,555,-532
103000098,675,81,594
103000099,181,467,-286
103000100,39,564,-525
103000101,232,130,102
103000102,54,507,-453
103000103,212,142,70
103000104,17,108,-91
103000105,42,81,-39
103000106,4,73,-69
103000107,203,35,168
103000108,322,404,-82
103000109,226,245,-19
103000110,251,242,9
103000111,309,231,78
103000112,116,155,-39
103000113,249,460,-211
103000114,490,252,238
103000115,232,336,-104
103000116,197,286,-89
103000117,90,375,-285
103000118,761,760,1
103000119,1540,601,939
103000120,28,71,-43
103000121,135,355,-220
103000122,152,122,30
103000125,7,443,-436
103000126,142,0,142
103000127,1,237,-236
103000128,40,0,40
103000129,0,133,-133
103000130,11,10,1
103000131,157,55,102
103000132,87,35,52
103000133,2,134,-132
103000134,465,282,183
103000135,537,117,420
103000136,468,217,251
103000137,397,351,46
103000138,570,368,202
103000139,2,35,-33
103000140,85,31,54
103000141,19,47,-28
103000142,127,37,90
103000143,6,140,-134
103000144,108,56,52
103000145,7,30,-23
103000150,22,31,-9
103000152,141,177,-36
103000153,56,101,-45
103000156,4,417,-413
103000157,158,0,158
103000159,83,79,4
103000162,40,6,34
103000163,2,11,-9
103000164,8,13,-5
103000165,141,361,-220
103000166,55,102,-47
103000167,99,79,20
103000168,47,116,-69
103000169,76,127,-51
103000170,455,407,48
103000171,21,43,-22
103000172,121,224,-103
103000173,86,617,-531
103000174,125,198,-73
103000175,115,466,-351
103000176,445,155,290
103000177,555,317,238
103000178,343,157,186
103000179,46,18,28
103000183,29,25,4
103000185,21,65,-44
103000186,29,117,-88
103000187,114,574,-460
103000188,7,54,-47
103000189,391,738,-347
103000191,406,490,-84
103000292,1957,378,1579
103000293,1110,531,579
103000295,71,39,32
103000296,46,4,42
103000297,16,3,13
103000504,92,8,84
103000505,6,7,-1
103000506,1,178,-177
103000507,58,2,56
103000508,38,14,24
103000509,113,340,-227
103900001,2,344,-342
103900002,1309,126,1183
103900003,1258,84,1174
103900004,4,1,3
103900005,2,164,-162
103900006,1,0,1
103900007,5,0,5
103900008,0,0,0
103900009,71,172,-101
103900010,122,164,-42
103900011,49,207,-158
103900012,0,8,-8
103900013,6,88,-82
103900014,10,21,-11
103900015,23,15,8
103900016,125,320,-195
103900017,11,58,-47
103900018,683,95,588
103900019,40,103,-63
103900020,60,147,-87
103900021,653,32,621
103900022,426,484,-58
103900023,41,0,41
103900024,57,463,-406
103900025,1,35,-34
103900026,0,0,0
103900027,142,133,9
103900028,6,135,-129
103900029,416,69,347
103900030,46,4,42
103900031,4,3,1
103900032,14,16,-2
103900033,5,0,5
103900034,7,169,-162
103900035,28,56,-28
103900036,47,11,36
103900037,12,27,-15
103900038,45,54,-9
103900039,5,378,-373
103900040,4,217,-213
103900041,10,9,1
103900042,9,484,-475
103900043,24,94,-70
103900044,148,52,96
103900045,78,120,-42
103900047,11,17,-6
103900048,35,10,25
103900049,100,761,-661
103900050,0,46,-46
103900051,0,19,-19
103900052,68,554,-486
103900053,48,848,-800
103900054,9,476,-467
103900055,95,156,-61
103900056,6,34,-28
103900057,5,236,-231
103900058,28,586,-558
103900059,1,5,-4
103900060,1,125,-124
103900061,22,39,-17
103900062,22,24,-2
103900063,0,0,0
103900064,10,1,9
103900065,581,144,437
103900066,19,6,13
103900067,19,2,17
103900068,1,0,1
103900069,4,1,3
103900070,47,184,-137
103900071,21,135,-114
103900072,2,279,-277
103900073,5,4,1
103900074,7,111,-104
103900075,95,77,18
103900076,112,470,-358
103900077,31,22,9
103900078,36,114,-78
103900079,48,142,-94
103900080,2,18,-16
103900081,33,1,32
103900082,2,76,-74
103900083,1504,123,1381
103900084,21,58,-37
103900085,61,61,0
103900086,152,150,2
103900088,428,107,321
103900089,89,157,-68
103900090,1,128,-127
103900091,682,137,545
103900092,133,388,-255
103900093,73,317,-244
103900094,2,178,-176
103900095,74,139,-65
103900096,7,296,-289
103900097,1,422,-421
103900098,89,48,41
103900099,4,221,-217
103900100,30,251,-221
103900101,29,677,-648
103900102,0,12,-12
103900104,1,12,-11
103900105,80,119,-39
103900106,0,15,-15
103900107,11,124,-113
103900108,11,385,-374
103900109,14,41,-27
103900110,79,29,50
103900111,14,587,-573
103900112,6,30,-24
103900113,93,107,-14
103900114,357,248,109
103900115,118,54,64
103900116,4877,421,4456
103900117,163,101,62
103900119,11,32,-21
103900120,24,67,-43
103900122,9,280,-271
103900123,971,323,648
103900124,23,551,-528
103900125,48,62,-14
103900126,95,338,-243
103900127,73,626,-553
103900128,8,199,-191
103900131,3,97,-94
103900133,407,6,401
103900134,0,0,0
103900135,11,4,7
103900137,0,20,-20
103900138,7,317,-310
103900139,123,576,-453
103900140,0,8,-8
103900141,105,67,38
103900142,20,105,-85
103900143,5,0,5
103900144,0,46,-46
103900145,97,188,-91
103900146,143,228,-85
103900147,151,71,80
103900148,58,158,-100
103900149,24,487,-463
103900150,4920,872,4048
103900151,13,83,-70
103900152,108,528,-420
103900153,0,0,0
103900154,890,408,482
103900155,5,149,-144
103900156,7,97,-90
103900157,10,127,-117
103900158,11,141,-130
103900159,20,50,-30
103900160,20,10,10
103900161,18,104,-86
103900162,68,137,-69
103900163,1,219,-218
103900167,3,37,-34
103900168,9,96,-87
103900169,5,16,-11
103900170,0,43,-43
103900171,3,79,-76
103900172,7,47,-40
103900173,6,6,0
103900174,31,29,2
103900175,19,12,7
103900176,5,5,0
103900177,1,19,-18
103900178,10,36,-26
103900179,9,120,-111
103900180,6,84,-78
103900181,27,16,11
103900182,9,4,5
103900184,316,13,303
103900185,107,60,47
103900187,19,8,11
103900188,16,8,8
103900189,16,2,14
103900190,11,18,-7
103900191,18,22,-4
103900192,21,30,-9
103900193,73,63,10
103900194,11,197,-186
103900195,0,8,-8
103900196,3,15,-12
103900197,2,19,-17
103900198,4,35,-31
103900199,26,69,-43
103900200,78,140,-62
103900201,38,201,-163
103900202,4,45,-41
103900203,6,23,-17
103900204,1,98,-97
103900207,1,133,-132
103900208,15,0,15
103900209,11,85,-74
103900210,7,31,-24
103900211,128,532,-404
103900212,35,442,-407
103900213,33,162,-129
103900214,129,61,68
103900215,694,244,450
103900216,6,347,-341
103900217,166,29,137
103900218,1,184,-183
103900219,22,214,-192
103900233,28,2,26
103900235,14,15,-1
103900236,23,0,23
103900242,3,4,-1
103900243,2,4,-2
103900244,13,250,-237
103900245,20,121,-101
103900246,64,20,44
103900247,19,89,-70
103900248,0,15,-15
103900249,1,5,-4
103900250,5,5,0
103900251,0,18,-18
103900253,20,17,3
103900254,5,4,1
103900255,4,3,1
103900256,6,11,-5
103900257,89,50,39
103900258,10,3,7
103900259,32,1,31
103900261,1,0,1
103900262,3,1,2
103900263,28,26,2
103900264,37,8,29
103900265,24,2,22
103900266,0,21,-21
103900267,0,45,-45
103900268,2,104,-102
103900269,65,21,44
103900270,6,110,-104
103900271,13,143,-130
103900272,0,30,-30
103900273,0,8,-8
103900274,1,1,0
103900275,0,2,-2
103900276,0,12,-12
103900277,2,17,-15
103900278,3,8,-5
103900279,1,0,1
103900280,0,15,-15
104000001,1282,1729,-447
104000002,1023,1878,-855
104000003,1495,1612,-117
104000004,2605,1772,833
104000005,641,1337,-696
104000006,1700,2069,-369
104000007,2450,2425,25
104000008,185,482,-297
104000009,69,128,-59
104000010,78,138,-60
104000011,526,463,63
104000012,62,388,-326
104000013,40,86,-46
104000014,115,548,-433
104000015,127,128,-1
104000016,216,314,-98
104000018,290,83,207
104000019,181,88,93
104000020,107,709,-602
104000021,228,561,-333
104000022,68,258,-190
104000023,269,214,55
104000024,103,276,-173
104000026,23,213,-190
104000027,152,349,-197
104000028,164,221,-57
104000029,278,550,-272
104000030,91,193,-102
104000031,288,168,120
104000032,131,333,-202
104000033,264,220,44
104000034,170,362,-192
104000035,262,310,-48
104000036,255,515,-260
104000037,121,257,-136
104000038,130,193,-63
104000039,108,409,-301
104000040,353,436,-83
104000041,307,220,87
104000042,174,442,-268
104000043,162,309,-147
104000044,193,651,-458
104000045,494,964,-470
104000046,1043,1225,-182
104000047,275,1059,-784
104000048,784,1711,-927
104000049,211,297,-86
104000050,118,428,-310
104000051,46,554,-508
104000052,511,1045,-534
104000053,462,588,-126
104000054,311,455,-144
104000055,3260,2429,831
104000056,1421,121,1300
104000057,40,343,-303
104000058,338,563,-225
104000059,218,784,-566
104000060,285,713,-428
104000061,781,961,-180
104000062,142,114,28
104000064,599,192,407
104000065,70,245,-175
104000069,1003,434,569
104000070,54,218,-164
104000071,107,262,-155
104000072,663,189,474
104000075,20,167,-147
104000076,226,10,216
104000082,1435,1668,-233
104000083,523,147,376
104000084,49,344,-295
104000085,121,164,-43
104000086,114,301,-187
104000087,336,594,-258
104000090,348,1213,-865
104000092,408,2070,-1662
104000094,447,1614,-1167
104000095,973,1068,-95
104000096,490,350,140
104000097,794,778,16
104000098,754,1050,-296
104000100,616,492,124
104000101,751,2035,-1284
104000106,37,361,-324
104000107,288,462,-174
104000108,209,408,-199
104000109,172,28,144
104000110,549,682,-133
104000111,3671,871,2800
104000112,1482,335,1147
104000116,2,1081,-1079
104000117,46,802,-756
104000118,203,161,42
104000119,275,165,110
104000120,108,767,-659
104000121,103,477,-374
104000122,298,510,-212
104000123,586,1026,-440
104000124,1307,1856,-549
104000125,3678,1861,1817
104000126,118,314,-196
104000127,1172,3178,-2006
104000128,511,368,143
104000129,302,14,288
104000130,3,136,-133
104000131,822,529,293
104000132,435,887,-452
104000133,807,506,301
104000134,575,855,-280
104000135,287,521,-234
104000136,700,1223,-523
104000137,1370,142,1228
104000138,981,190,791
104000139,7456,2409,5047
104000141,1084,1516,-432
104000142,439,932,-493
104000143,241,789,-548
104000144,28,133,-105
104000145,189,98,91
104000146,297,431,-134
104000147,58,273,-215
104000148,92,64,28
104000149,155,330,-175
104000150,315,269,46
104000151,170,526,-356
104000152,284,557,-273
104000153,80,288,-208
104000154,878,547,331
104000155,217,302,-85
104000157,936,1506,-570
104000158,140,146,-6
104000159,325,202,123
104000160,1007,953,54
104000161,128,126,2
104000162,30,81,-51
104000165,1032,735,297
104000167,307,293,14
104000168,291,2,289
104000169,14,31,-17
104000170,744,195,549
104000248,88,528,-440
104000251,24,351,-327
104000272,0,0,0
104000273,0,0,0
104000274,0,0,0
104000275,0,0,0
104000279,440,322,118
104000290,21,319,-298
104000291,710,752,-42
104000293,325,465,-140
104000294,1,0,1
104000295,226,575,-349
104000296,270,664,-394
104000297,615,1070,-455
104000298,1400,720,680
104000299,332,1029,-697
104900001,57,316,-259
104900002,6,51,-45
104900003,26,332,-306
104900004,36,310,-274
104900005,72,111,-39
104900006,42,51,-9
104900007,101,171,-70
104900009,55,347,-292
104900010,11,7,4
104900011,3,4,-1
104900012,74,0,74
104900013,25,3,22
104900014,3657,207,3450
104900015,40,3,37
104900016,36,274,-238
104900017,15,129,-114
104900018,1,153,-152
104900019,183,681,-498
104900020,23,285,-262
104900021,0,198,-198
104900022,8,81,-73
104900023,0,89,-89
104900024,2,54,-52
104900025,36,314,-278
104900026,0,70,-70
104900027,144,98,46
104900028,12,83,-71
104900029,14,35,-21
104900030,209,113,96
104900031,104,157,-53
104900032,37,125,-88
104900033,32,95,-63
104900034,95,46,49
104900035,55,48,7
104900036,65,33,32
104900037,55,176,-121
104900038,378,101,277
104900039,446,32,414
104900040,52,46,6
104900041,39,59,-20
104900042,33,248,-215
104900043,1,7,-6
104900044,115,100,15
104900045,144,24,120
104900046,26,74,-48
104900047,82,100,-18
104900048,107,47,60
104900049,5,0,5
104900050,53,29,24
104900051,33,27,6
104900052,6,0,6
104900053,173,17,156
104900054,35,8,27
104900055,10,0,10
104900056,60,5,55
104900057,6,0,6
104900058,69,78,-9
104900059,1,16,-15
104900060,0,285,-285
104900061,197,622,-425
104900063,0,54,-54
104900064,0,71,-71
104900065,1,94,-93
104900066,1,100,-99
104900067,1,152,-151
104900068,5,181,-176
104900070,48,288,-240
104900071,1,616,-615
104900072,15,178,-163
104900073,8,210,-202
104900074,46,196,-150
104900075,19,60,-41
104900076,28,394,-366
104900077,791,25,766
104900078,75,765,-690
104900079,76,110,-34
104900080,28,517,-489
104900082,3,226,-223
104900085,1,222,-221
104900087,199,3,196
104900089,13,0,13
104900090,186,309,-123
104900091,314,706,-392
104900093,108,405,-297
104900097,2042,725,1317
104900098,31,37,-6
104900099,235,289,-54
104900100,623,85,538
104900102,17,190,-173
104900103,264,52,212
104900104,2206,556,1650
104900106,13,131,-118
104900107,30,281,-251
104900108,4,180,-176
104900109,37,24,13
104900110,7,31,-24
104900111,65,70,-5
104900112,78,673,-595
104900113,241,309,-68
104900114,105,528,-423
104900115,224,452,-228
104900116,57,266,-209
104900118,8,66,-58
104900119,1,21,-20
104900120,100,14,86
104900121,0,63,-63
104900122,0,38,-38
104900123,5,0,5
104900124,2,0,2
104900125,193,2,191
104900126,57,41,16
104900127,8,11,-3
104900128,44,66,-22
104900129,1856,493,1363
105000001,1333,1470,-137
105000002,1302,1468,-166
105000003,1593,2837,-1244
105000004,278,746,-468
105000005,283,825,-542
105000006,640,1004,-364
105000007,463,831,-368
105000008,333,971,-638
105000009,624,1683,-1059
105000010,2053,1830,223
105000011,1074,1183,-109
105000012,2556,2405,151
105000013,398,582,-184
105000014,695,1290,-595
105000015,3918,2701,1217
105000016,2180,1215,965
105000017,1058,810,248
105000018,749,642,107
105000019,960,638,322
105000020,89,222,-133
105000021,190,87,103
105000022,68,30,38
105000023,192,163,29
105000028,46,149,-103
105000029,232,492,-260
105000030,2817,2602,215
105000031,3,13,-10
105000033,768,1735,-967
105000034,74,387,-313
105000037,371,405,-34
105000038,951,718,233
105000039,2588,1317,1271
105000040,313,391,-78
105000041,300,1037,-737
105000042,1157,671,486
105000043,1284,1612,-328
105000044,127,299,-172
105000045,150,650,-500
105000046,276,247,29
105000047,234,1222,-988
105000048,232,169,63
105000049,178,627,-449
105000050,232,215,17
105000051,151,473,-322
105000052,173,704,-531
105000053,95,170,-75
105000054,93,683,-590
105000055,159,325,-166
105000056,377,1839,-1462
105000057,646,893,-247
105000058,1060,1244,-184
105000059,292,298,-6
105000060,351,450,-99
105000061,232,239,-7
105000062,675,834,-159
105000063,149,517,-368
105000064,377,355,22
105000065,234,841,-607
105000066,494,1697,-1203
105000067,317,318,-1
105000068,377,746,-369
105000069,1834,396,1438
105000070,587,745,-158
105000071,124,294,-170
105000072,442,477,-35
105000073,388,316,72
105000074,556,819,-263
105000075,280,604,-324
105000076,829,879,-50
105000077,1400,649,751
105000078,957,712,245
105000079,1074,1159,-85
105000080,853,513,340
105000081,501,383,118
105000082,307,261,46
105000083,434,393,41
105000084,283,900,-617
105000085,638,611,27
105000086,359,625,-266
105000087,1549,1256,293
105000088,836,913,-77
105000089,1902,1786,116
105000090,840,680,160
105000091,1651,1423,228
105000092,443,1039,-596
105000093,267,165,102
105000094,168,108,60
105000095,62,289,-227
105000096,631,384,247
105000097,900,428,472
105000098,379,317,62
105000099,427,683,-256
105000100,473,984,-511
105000101,1048,1431,-383
105000102,559,1369,-810
105000103,818,1457,-639
105000104,568,708,-140
105000105,410,1224,-814
105000106,511,993,-482
105000107,411,598,-187
105000108,650,1175,-525
105000109,570,967,-397
105000110,322,621,-299
105000111,298,465,-167
105000112,517,592,-75
105000113,139,344,-205
105000114,2649,625,2024
105000115,190,467,-277
105000116,262,284,-22
105000117,477,1134,-657
105000118,136,285,-149
105000119,243,914,-671
105000120,292,515,-223
105000121,411,791,-380
105000122,113,300,-187
105000123,707,1051,-344
105000124,817,661,156
105000125,328,1326,-998
105000126,991,1501,-510
105000127,1207,1322,-115
105000128,148,993,-845
105000129,313,244,69
105000130,54,513,-459
105000131,206,287,-81
105000132,353,230,123
105000133,167,864,-697
105000134,167,370,-203
105000135,172,600,-428
105000136,40,282,-242
105000137,203,181,22
105000138,199,305,-106
105000139,620,799,-179
105000140,143,372,-229
105000141,68,484,-416
105000142,40,340,-300
105000143,124,440,-316
105000144,192,463,-271
105000145,262,399,-137
105000146,311,482,-171
105000147,376,224,152
105000148,712,397,315
105000149,795,701,94
105000150,1271,901,370
105000151,139,185,-46
105000152,115,443,-328
105000153,306,255,51
105000154,623,675,-52
105000155,209,290,-81
105000156,630,675,-45
105000157,701,1190,-489
105000158,1166,571,595
105000159,212,861,-649
105000160,874,441,433
105000161,497,1450,-953
105000162,166,812,-646
105000163,808,839,-31
105000164,130,221,-91
105000165,1008,2055,-1047
105000166,5407,154,5253
105000167,1907,705,1202
105000168,116,784,-668
105000169,169,359,-190
105000170,47,756,-709
105000171,766,217,549
105000172,48,33,15
105000173,39,20,19
105000174,17,15,2
105000175,58,92,-34
105000176,52,51,1
105000177,28,80,-52
105000178,72,441,-369
105000179,54,82,-28
105000180,41,90,-49
105000181,19,309,-290
105000182,17,54,-37
105000183,1797,981,816
105000184,988,422,566
105000185,735,315,420
105000186,235,638,-403
105000187,375,209,166
105000188,101,50,51
105000189,83,406,-323
105000190,57,212,-155
105000191,188,384,-196
105000192,38,69,-31
105000193,62,84,-22
105000194,79,35,44
105000195,119,864,-745
105000196,12,50,-38
105000197,108,637,-529
105000198,241,166,75
105000199,116,75,41
105000200,51,140,-89
105000201,57,14,43
105000203,11,193,-182
105000204,33,60,-27
105000205,82,190,-108
105000207,482,172,310
105000208,143,189,-46
105000209,147,286,-139
105000211,23,4,19
105000212,579,1069,-490
105000213,149,74,75
105000214,38,141,-103
105000215,74,178,-104
105000216,24,278,-254
105000217,77,275,-198
105000218,253,645,-392
105000221,70,177,-107
105000222,39,25,14
105000223,54,126,-72
105000226,3,269,-266
105000227,11,113,-102
105000228,84,427,-343
105000229,29,180,-151
105000231,64,160,-96
105000233,345,398,-53
105000234,406,763,-357
105000235,93,382,-289
105000237,237,42,195
105000243,10,25,-15
105000248,39,34,5
105000262,142,1333,-1191
105000269,44,96,-52
105000270,119,87,32
105000271,0,240,-240
105000282,56,27,29
105000287,171,88,83
105000288,132,222,-90
105000289,439,467,-28
105000290,6,1,5
105000402,3235,795,2440
105000426,176,361,-185
105000438,244,305,-61
105000440,1,9,-8
105000446,7754,3030,4724
105000447,4426,1762,2664
105000454,71,725,-654
105000455,323,171,152
105000474,13,0,13
105000477,85,299,-214
105000478,598,962,-364
105000479,44,90,-46
105000480,832,1014,-182
105000481,1102,1295,-193
105000482,2911,1919,992
105000483,641,702,-61
105000484,1492,1926,-434
105000485,640,823,-183
105000486,1994,1472,522
105000488,1582,1606,-24
105000489,299,509,-210
105000549,7,69,-62
105000550,369,776,-407
105000551,6,50,-44
105000552,2372,1408,964
105000555,520,402,118
105000556,9,12,-3
105000557,12,114,-102
105900001,1,388,-387
105900002,1089,246,843
105900003,6,47,-41
105900004,253,65,188
105900005,0,124,-124
105900006,1,13,-12
105900007,5,10,-5
105900008,33,620,-587
105900009,6,16,-10
105900011,28,43,-15
105900012,129,121,8
105900013,2,2,0
105900014,0,58,-58
105900015,61,256,-195
105900016,50,529,-479
105900017,229,23,206
105900018,142,202,-60
105900019,12,373,-361
105900020,19,41,-22
105900021,6,233,-227
105900022,65,203,-138
105900023,0,88,-88
105900024,3,107,-104
105900025,18,22,-4
105900026,108,14,94
105900027,2600,1247,1353
105900028,13,67,-54
105900029,1332,193,1139
105900030,92,219,-127
105900031,173,149,24
105900032,17,108,-91
105900033,12,97,-85
105900034,70,161,-91
105900035,53,85,-32
105900036,6,77,-71
105900037,25,50,-25
105900038,58,152,-94
105900039,23,111,-88
105900040,58,71,-13
105900041,128,302,-174
105900042,14,62,-48
105900043,1154,33,1121
105900044,1,82,-81
105900045,2,271,-269
105900046,2,87,-85
105900047,1,12,-11
105900048,54,324,-270
105900050,887,221,666
105900051,4,809,-805
105900052,169,20,149
105900053,2542,529,2013
105900054,163,140,23
105900056,757,76,681
105900057,2,100,-98
105900058,0,24,-24
105900059,1,11,-10
106000001,1763,691,1072
106000002,1572,2271,-699
106000003,1939,1423,516
106000004,1708,1495,213
106000005,1284,3030,-1746
106000006,3684,2993,691
106000007,370,322,48
106000008,221,220,1
106000009,289,223,66
106000010,303,368,-65
106000011,298,718,-420
106000012,503,1195,-692
106000013,883,1283,-400
106000014,1316,1292,24
106000015,564,765,-201
106000016,680,1770,-1090
106000017,407,457,-50
106000018,302,513,-211
106000019,133,314,-181
106000020,107,373,-266
106000021,147,307,-160
106000022,158,283,-125
106000023,325,290,35
106000024,264,735,-471
106000025,84,138,-54
106000026,97,299,-202
106000027,416,727,-311
106000028,270,670,-400
106000029,471,1245,-774
106000030,498,162,336
106000034,97,345,-248
106000035,483,555,-72
106000036,235,175,60
106000037,789,1078,-289
106000038,238,45,193
106000039,96,28,68
106000040,88,464,-376
106000041,571,138,433
106000043,342,53,289
106000046,217,30,187
106000047,22,210,-188
106000049,250,65,185
106000050,143,530,-387
106000051,149,222,-73
106000052,63,428,-365
106000053,83,43,40
106000054,219,328,-109
106000055,318,457,-139
106000056,167,381,-214
106000057,119,90,29
106000058,99,151,-52
106000059,72,161,-89
106000060,310,515,-205
106000061,82,181,-99
106000062,123,479,-356
106000063,274,297,-23
106000064,24,375,-351
106000065,92,71,21
106000066,45,288,-243
106000067,85,52,33
106000068,54,495,-441
106000069,55,53,2
106000070,170,584,-414
106000071,254,180,74
106000072,3186,851,2335
106000073,1087,993,94
106000074,119,423,-304
106000075,130,652,-522
106000076,636,981,-345
106000077,1411,795,616
106000078,269,583,-314
106000079,261,681,-420
106000080,443,660,-217
106000081,309,589,-280
106000082,1318,764,554
106000083,169,708,-539
106000084,344,412,-68
106000085,802,687,115
106000086,345,360,-15
106000087,285,348,-63
106000088,247,538,-291
106000089,253,305,-52
106000090,146,520,-374
106000091,149,454,-305
106000092,342,160,182
106000093,105,55,50
106000094,47,315,-268
106000095,187,992,-805
106000096,328,545,-217
106000097,365,1149,-784
106000098,224,728,-504
106000099,95,653,-558
106000100,291,248,43
106000101,374,206,168
106000102,41,413,-372
106000103,104,496,-392
106000104,244,258,-14
106000105,200,758,-558
106000106,177,322,-145
106000107,77,435,-358
106000108,122,236,-114
106000109,61,362,-301
106000110,77,180,-103
106000111,67,594,-527
106000112,55,174,-119
106000113,801,552,249
106000114,305,242,63
106000115,114,612,-498
106000116,94,204,-110
106000117,564,623,-59
106000118,517,769,-252
106000119,1775,789,986
106000120,434,501,-67
106000121,80,114,-34
106000122,28,268,-240
106000123,68,222,-154
106000124,16,236,-220
106000125,12,273,-261
106000126,61,158,-97
106000127,204,813,-609
106000128,184,196,-12
106000129,218,606,-388
106000130,255,259,-4
106000131,62,450,-388
106000132,601,115,486
106000133,2966,472,2494
106000134,478,473,5
106000135,93,632,-539
106000136,288,249,39
106000137,44,1306,-1262
106000138,345,43,302
106000139,12,73,-61
106000140,20,82,-62
106000141,18,114,-96
106000142,17,26,-9
106000143,11,106,-95
106000144,5,41,-36
106000145,68,363,-295
106000146,61,80,-19
106000147,199,334,-135
106000148,444,526,-82
106000149,243,227,16
106000150,216,1157,-941
106000151,3001,490,2511
106000152,1009,571,438
106000153,54,819,-765
106000154,1068,143,925
106000155,21,117,-96
106000156,242,174,68
106000157,262,1081,-819
106000158,2402,397,2005
106000159,3736,758,2978
106000160,77,932,-855
106000161,769,429,340
106000162,49,342,-293
106000163,96,399,-303
106000164,70,224,-154
106000165,67,497,-430
106000166,130,176,-46
106000167,116,1169,-1053
106000168,64,164,-100
106000169,49,649,-600
106000170,106,165,-59
106000171,38,594,-556
106000172,1279,458,821
106000173,498,1873,-1375
106000174,407,150,257
106000175,200,773,-573
106000176,475,413,62
106000177,375,1496,-1121
106000178,1905,852,1053
106000179,716,1239,-523
106000180,608,1415,-807
106000181,192,1365,-1173
106000182,232,424,-192
106000183,230,757,-527
106000184,557,772,-215
106000185,427,502,-75
106000186,556,127,429
106000187,129,617,-488
106000188,0,2,-2
106000189,1,36,-35
106000190,1,0,1
106000191,441,125,316
106000192,0,32,-32
106000193,184,78,106
106000194,74,348,-274
106000195,63,37,26
106000196,30,232,-202
106000197,139,182,-43
106000198,42,201,-159
106000199,592,454,138
106000200,312,96,216
106000201,347,643,-296
106000202,4907,391,4516
106000203,128,120,8
106000204,14,1,13
106000205,15,103,-88
106000206,33,7,26
106000207,41,740,-699
106000208,285,55,230
106000209,434,168,266
106000210,120,884,-764
106000211,188,1135,-947
106000212,268,99,169
106000213,498,690,-192
106000214,1538,259,1279
106000215,96,336,-240
106000216,193,232,-39
106000217,94,380,-286
106000218,215,221,-6
106000219,47,286,-239
106000220,164,153,11
106000221,31,233,-202
106000222,23,135,-112
106000223,34,113,-79
106000224,77,266,-189
106000225,23,59,-36
106000226,72,269,-197
106000228,3,104,-101
106000229,59,712,-653
106000231,209,63,146
106000232,28,333,-305
106000233,220,74,146
106000234,48,177,-129
106000235,78,35,43
106000236,19,30,-11
106000237,0,2,-2
106000238,1,8,-7
106000239,4,70,-66
106000240,11,0,11
106000241,9,501,-492
106000242,100,4,96
106000249,16,20,-4
106000250,15,306,-291
106000251,11,14,-3
106000252,4,74,-70
106000253,7,39,-32
106000254,18,54,-36
106000255,6,72,-66
106000256,36,47,-11
106000257,90,228,-138
106000258,41,6,35
106000259,1,68,-67
106000260,2,4,-2
106000261,0,39,-39
106000262,10,8,2
106000263,1,79,-78
106000264,36,7,29
106000265,4,86,-82
106000266,58,5,53
106000267,6,70,-64
106000268,226,8,218
106000269,48,29,19
106000270,115,318,-203
106000271,20,173,-153
106000272,73,23,50
106000273,4,77,-73
106000274,137,36,101
106000275,53,113,-60
106000276,73,47,26
106000277,61,87,-26
106000278,127,21,106
106000279,9,56,-47
106000280,5,122,-117
106000281,51,80,-29
106000282,38,40,-2
106000283,30,107,-77
106000284,17,69,-52
106000285,69,120,-51
106000286,33,98,-65
106000287,48,80,-32
106000288,28,79,-51
106000289,30,66,-36
106000290,29,70,-41
106000291,32,68,-36
106000292,31,113,-82
106000293,42,52,-10
106000294,39,71,-32
106000295,20,39,-19
106000296,44,96,-52
106000297,54,149,-95
106000298,74,35,39
106000299,34,85,-51
106000300,22,57,-35
106000301,26,81,-55
106000303,6,28,-22
106000304,39,16,23
106000305,14,18,-4
106000306,47,46,1
106000307,12,7,5
106000308,24,128,-104
106000309,3,52,-49
106000310,69,326,-257
106000311,112,57,55
106000312,24,132,-108
106000313,42,145,-103
106000318,95,79,16
106000319,194,24,170
106000320,7,18,-11
106000321,157,29,128
106000322,43,163,-120
106000324,4,113,-109
106000325,546,652,-106
106000326,447,1442,-995
106000327,33,150,-117
106000328,5,69,-64
106000329,19,216,-197
106000330,31,41,-10
106000428,30,129,-99
106000429,87,431,-344
106000430,180,1344,-1164
106000431,373,214,159
106000432,818,1976,-1158
106000433,480,404,76
106000434,1365,477,888
106000435,1472,1832,-360
106000436,14,266,-252
106000437,59,12,47
106000438,159,50,109
106000439,84,341,-257
106000440,96,414,-318
106000441,1,0,1
106000442,85,2,83
106000443,35,532,-497
106000450,0,129,-129
106000451,23,8,15
106000454,3,77,-74
106000455,3,130,-127
106000456,48,11,37
106000457,3,862,-859
106000458,104,116,-12
106000459,16,342,-326
106000460,224,28,196
106000461,5,1399,-1394
106000462,0,8,-8
106000463,2,18,-16
106000464,2,462,-460
106000465,91,3,88
106000466,1,470,-469
106000467,388,418,-30
106000468,24,164,-140
106000469,170,5,165
106000470,146,753,-607
106000471,9,425,-416
106000472,38,6,32
106000473,16,20,-4
106000474,136,612,-476
106000475,97,100,-3
106000476,76,97,-21
106000477,11,159,-148
106000480,1,29,-28
106900001,0,8,-8
106900002,0,398,-398
106900003,137,437,-300
106900004,0,40,-40
106900006,0,18,-18
106900007,0,12,-12
106900008,56,204,-148
106900009,66,293,-227
106900010,56,221,-165
106900012,1224,552,672
106900013,90,14,76
106900014,9,0,9
106900015,0,0,0
106900016,33,0,33
106900017,6,1,5
106900018,4,0,4
106900019,7,2,5
106900020,1826,287,1539
106900021,9,31,-22
106900022,79,1,78
106900023,7,218,-211
106900024,94,5,89
106900025,51,378,-327
106900026,2,724,-722
106900027,116,2,114
107000001,1540,1010,530
107000002,1911,2530,-619
107000003,2784,3096,-312
107000004,4234,4667,-433
107000005,967,2113,-1146
107000006,2017,5333,-3316
107000007,3350,3040,310
107000008,15419,8844,6575
107000009,2839,2815,24
107000010,7600,8549,-949
107000011,655,941,-286
107000012,3044,2898,146
107000013,37,134,-97
107000014,13,265,-252
107000015,285,812,-527
107000016,193,1032,-839
107000017,1136,530,606
107000018,6,189,-183
107000020,781,261,520
107000021,457,651,-194
107000022,466,975,-509
107000023,839,324,515
107000024,296,1776,-1480
107000025,90,313,-223
107000026,84,620,-536
107000027,763,624,139
107000028,715,1337,-622
107000029,665,776,-111
107000030,2284,2378,-94
107000031,1437,1056,381
107000032,161,593,-432
107000033,3620,2599,1021
107000034,4164,1547,2617
107000035,208,90,118
107000036,230,587,-357
107000037,43,423,-380
107000038,193,177,16
107000039,283,302,-19
107000040,68,220,-152
107000041,806,338,468
107000042,459,1113,-654
107000043,2022,541,1481
107000044,384,310,74
107000045,146,223,-77
107000046,258,188,70
107000047,225,710,-485
107000048,144,237,-93
107000049,319,510,-191
107000050,408,302,106
107000051,376,195,181
107000052,895,409,486
107000053,152,78,74
107000054,16,190,-174
107000055,197,122,75
107000056,386,650,-264
107000057,1397,205,1192
107000058,1057,1162,-105
107000059,1207,2025,-818
107000060,1893,2795,-902
107000061,3598,2714,884
107000062,1293,1850,-557
107000063,2198,4365,-2167
107000064,1465,1193,272
107000065,2114,4570,-2456
107000066,670,1302,-632
107000067,367,676,-309
107000068,981,414,567
107000069,286,277,9
107000070,148,12,136
107000071,617,12,605
107000072,22,2868,-2846
107000073,136,70,66
107000074,77,594,-517
107000075,389,63,326
107000076,533,1512,-979
107000077,1018,204,814
107000078,1015,2531,-1516
107000079,741,260,481
107000080,644,2556,-1912
107000081,446,283,163
107000082,298,2386,-2088
107000083,360,172,188
107000084,344,2099,-1755
107000085,1702,2003,-301
107000086,2974,1988,986
107000087,1422,1220,202
107000088,1835,2252,-417
107000089,939,1097,-158
107000090,589,852,-263
107000091,656,779,-123
107000092,434,795,-361
107000093,452,646,-194
107000094,560,1124,-564
107000095,262,498,-236
107000096,396,650,-254
107000097,258,271,-13
107000098,210,730,-520
107000099,202,167,35
107000100,197,293,-96
107000101,33,91,-58
107000102,246,334,-88
107000103,279,127,152
107000104,130,248,-118
107000105,128,84,44
107000106,82,256,-174
107000107,182,142,40
107000108,97,806,-709
107000109,179,69,110
107000110,18,431,-413
107000111,43,18,25
107000112,9,294,-285
107000113,119,53,66
107000114,26,519,-493
107000115,101,43,58
107000116,32,761,-729
107000117,117,106,11
107000118,66,180,-114
107000119,1236,507,729
107000120,1837,270,1567
107000121,201,484,-283
107000122,474,572,-98
107000123,100,573,-473
107000124,209,612,-403
107000125,209,665,-456
107000126,313,826,-513
107000129,64,814,-750
107000130,98,174,-76
107000131,163,576,-413
107000132,213,170,43
107000133,208,90,118
107000134,34,0,34
107000135,3,163,-160
107000136,217,1,216
107000137,14,276,-262
107000138,114,9,105
107000139,6,214,-208
107000140,340,10,330
107000141,80,511,-431
107000142,198,21,177
107000143,25,681,-656
107000144,139,116,23
107000145,67,484,-417
107000146,100,80,20
107000147,3158,689,2469
107000150,749,749,0
107000151,22,25,-3
107000152,352,300,52
107000153,235,157,78
107000154,107,26,81
107000155,208,9,199
107000156,393,4,389
107000157,16,2268,-2252
107000158,282,5,277
107000159,17,1243,-1226
107000160,220,45,175
107000161,35,1678,-1643
107000162,70,128,-58
107000163,18,1,17
107000164,56,1,55
107000165,147,1,146
107000166,35,1201,-1166
107000167,181,243,-62
107000168,370,169,201
107000169,697,900,-203
107000170,400,303,97
107000171,313,2508,-2195
107000172,413,451,-38
107000173,723,871,-148
107000174,745,1037,-292
107000175,8549,1065,7484
107000176,0,0,0
107000177,3,0,3
107000178,0,36,-36
107000179,127,2713,-2586
107000180,416,229,187
107000181,113,1094,-981
107000182,442,443,-1
107000183,62,855,-793
107000184,322,530,-208
107000185,108,1071,-963
107000186,194,184,10
107000187,702,778,-76
107000188,284,202,82
107000189,154,535,-381
107000190,205,469,-264
107000191,333,938,-605
107000192,610,672,-62
107000193,172,209,-37
107000194,567,536,31
107000197,237,124,113
107000198,85,598,-513
107000199,488,494,-6
107000200,746,342,404
107000201,217,178,39
107000202,160,359,-199
107000203,383,307,76
107000204,440,489,-49
107000205,2047,763,1284
107000206,425,443,-18
107000207,522,568,-46
107000208,895,135,760
107000209,1336,225,1111
107000210,1159,127,1032
107000211,13,19,-6
107000212,5,123,-118
107000213,5,17,-12
107000214,15,107,-92
107000215,104,327,-223
107000216,53,292,-239
107000217,34,103,-69
107000219,35,82,-47
107000220,22,279,-257
107000222,206,469,-263
107000224,167,17,150
107000225,111,542,-431
107000226,116,43,73
107000227,63,400,-337
107000228,54,111,-57
107000229,147,88,59
107000230,702,432,270
107000231,568,179,389
107000232,53,47,6
107000233,307,149,158
107000234,0,9,-9
107000235,15,4,11
107000236,9,243,-234
107000237,0,0,0
107000238,11,0,11
107000239,4638,219,4419
107000240,41,1045,-1004
107000243,0,22,-22
107000244,7,38,-31
107000246,1,1017,-1016
107000249,2,712,-710
107000251,0,282,-282
107000252,1,1331,-1330
107000255,471,48,423
107000257,3,523,-520
107000258,2,115,-113
107000259,0,183,-183
107000260,175,0,175
107000262,6,753,-747
107000263,54,0,54
107000266,1,4,-3
107000267,39,147,-108
107000268,83,170,-87
107000269,73,52,21
107000270,2,0,2
107000271,4,869,-865
107000272,6,207,-201
107000273,0,220,-220
107000274,151,95,56
107000275,20,486,-466
107000280,220,12,208
107000281,12,1006,-994
107000282,8,1349,-1341
107000290,0,62,-62
107000291,9,10,-1
107000292,2,15,-13
107000293,37,4,33
107000294,0,28,-28
107000295,30,0,30
107000296,0,3,-3
107000444,104,4,100
107000496,0,26,-26
107000497,839,2711,-1872
107000500,165,285,-120
107000501,26,131,-105
107000502,74,348,-274
107000505,389,578,-189
107000506,0,4,-4
107000508,2,709,-707
107000509,94,288,-194
107000510,8,15,-7
107000514,7,175,-168
107000515,10,261,-251
107000516,81,158,-77
107000518,235,176,59
107000519,2580,922,1658
107000520,27,2,25
107000521,177,355,-178
107000522,227,608,-381
107900001,18,187,-169
107900002,25,0,25
107900003,24,1,23
107900004,1,0,1
107900005,144,1,143
107900006,28,1,27
107900007,39,12,27
107900008,20,46,-26
107900009,29,2,27
107900010,3,1,2
107900012,100,1,99
107900013,147,38,109
107900014,4,0,4
107900015,155,2,153
107900016,304,59,245
107900017,3,0,3
107900018,16,38,-22
107900019,3,75,-72
107900020,27,6,21
107900021,8,109,-101
107900023,0,1,-1
107900024,2,42,-40
107900025,161,284,-123
107900026,17,109,-92
107900027,4,32,-28
107900028,12,72,-60
107900030,53,4,49
107900031,24,182,-158
107900032,3,1,2
107900033,3,1,2
107900034,77,3,74
107900035,212,6,206
107900036,14,3,11
107900037,1,44,-43
107900038,112,49,63
107900039,3,69,-66
107900040,43,23,20
107900041,0,0,0
107900043,5,72,-67
107900044,3,0,3
107900045,19,6,13
107900046,89,15,74
107900047,24,70,-46
107900048,33,0,33
107900049,155,126,29
107900050,63,210,-147
107900051,26,63,-37
107900052,1,1,0
107900053,6,41,-35
107900055,119,55,64
107900056,26,4,22
107900057,1,0,1
107900058,15,495,-480
107900060,1,33,-32
107900061,11,2,9
107900063,42,109,-67
107900064,143,14,129
107900065,29,4,25
107900066,1,4,-3
107900067,0,0,0
107900068,75,174,-99
107900069,24,246,-222
107900070,4,8,-4
107900071,2,650,-648
107900072,37,136,-99
107900073,13,87,-74
107900074,618,69,549
107900076,52,38,14
107900077,21,0,21
107900079,5,7,-2
107900080,87,107,-20
107900081,8,42,-34
107900082,7,14,-7
107900083,76,63,13
107900084,21,46,-25
107900086,36,34,2
107900087,132,17,115
107900088,3,2,1
107900089,154,558,-404
107900090,178,326,-148
107900091,62,323,-261
107900093,33,48,-15
107900095,2188,580,1608
107900097,12,12,0
107900098,17,92,-75
107900100,677,263,414
107900101,748,64,684
107900102,4,1,3
107900103,6,117,-111
107900104,44,3,41
107900105,2,388,-386
107900106,0,1285,-1285
107900107,760,67,693
107900108,170,23,147
107900109,105,2,103
107900110,4,71,-67
107900111,6,999,-993
107900112,37,124,-87
107900113,24,53,-29
107900114,56,163,-107
107900115,0,16,-16
107900116,9,169,-160
107900117,141,280,-139
107900118,41,124,-83
107900119,13,26,-13
107900120,8,4,4
107900121,1,87,-86
107900122,1,46,-45
107900123,1,14,-13
107900124,4,24,-20
107900125,8,127,-119
107900126,2,9,-7
107900127,299,53,246
107900128,42,9,33
107900129,2,23,-21
107900130,12,17,-5
107900131,85,15,70
107900132,43,337,-294
107900133,2,65,-63
107900134,6,3,3
107900135,0,159,-159
107900136,28,10,18
107900137,35,51,-16
107900138,6,19,-13
107900139,5,7,-2
107900141,88,6,82
107900142,27,702,-675
107900143,16,7,9
107900144,0,129,-129
107900145,4,64,-60
107900146,38,52,-14
107900147,2,9,-7
107900148,60,113,-53
107900149,1585,85,1500
107900150,39,564,-525
107900151,1,51,-50
107900152,2,169,-167
107900153,64,73,-9
107900154,2,12,-10
107900155,12,16,-4
107900156,1,312,-311
107900157,21,89,-68
107900158,157,1,156
107900159,22,874,-852
107900160,11,126,-115
107900161,8,173,-165
107900162,0,40,-40
107900163,17,11,6
107900164,1,9,-8
107900165,7,36,-29
107900166,12,217,-205
107900167,6,9,-3
107900168,10,50,-40
107900169,0,205,-205
107900171,5,1538,-1533
107900172,0,217,-217
107900173,4,140,-136
107900174,22,4,18
107900175,5,6,-1
107900176,5,22,-17
107900177,0,31,-31
107900178,0,291,-291
107900179,1,72,-71
107900180,763,99,664
107900181,182,401,-219
107900182,6,1162,-1156
107900183,7,289,-282
107900184,10,165,-155
107900185,16,1,15
107900186,5,20,-15
107900187,0,121,-121
107900188,560,32,528
107900189,3,112,-109
107900190,129,13,116
107900191,12,103,-91
107900193,0,16,-16
107900194,31,0,31
107900195,3106,222,2884
107900196,12,27,-15
107900197,272,31,241
107900199,1,854,-853
107900201,22,90,-68
107900203,15,43,-28
107900204,156,137,19
107900206,133,104,29
107900207,1,613,-612
107900208,6,663,-657
107900209,202,70,132
107900210,38,78,-40
107900213,126,195,-69
107900214,1,126,-125
107900215,92,166,-74
107900216,36,21,15
107900217,17,20,-3
107900218,6,1186,-1180
107900219,13,92,-79
107900220,92,33,59
107900221,76,167,-91
107900223,22,433,-411
107900224,118,215,-97
107900225,6,591,-585
107900226,11,94,-83
107900227,63,322,-259
107900228,5,63,-58
107900229,3,224,-221
107900230,0,96,-96
107900231,2,148,-146
107900232,14,257,-243
107900233,10,85,-75
107900234,33,136,-103
107900235,20,69,-49
107900236,30,88,-58
107900237,62,348,-286
107900238,12,91,-79
107900239,918,208,710
107900240,2,129,-127
107900241,18,62,-44
107900242,8,305,-297
107900243,2,20,-18
107900244,96,0,96
107900245,113,19,94
107900246,24,5,19
107900248,80,361,-281
107900249,99,2,97
107900250,1,419,-418
107900251,23,830,-807
107900252,134,5,129
107900253,20,2,18
107900254,22,46,-24
107900255,364,45,319
107900256,128,334,-206
107900257,26,6,20
107900258,20,179,-159
107900259,65,305,-240
107900261,0,338,-338
107900262,24,101,-77
107900264,30,1,29
107900265,19,135,-116
107900267,26,5,21
107900268,61,7,54
107900269,0,5,-5
107900270,0,0,0
107900271,1,1,0
107900272,112,26,86
107900273,7,73,-66
107900274,8,0,8
107900275,2,0,2
107900276,0,68,-68
107900277,0,253,-253
107900278,34,279,-245
107900279,175,58,117
107900280,1077,493,584
107900281,2504,530,1974
107900282,20,92,-72
107900283,1120,197,923
107900284,56,718,-662
107900285,20,90,-70
107900286,79,38,41
107900287,41,51,-10
107900290,3,54,-51
107900291,151,0,151
107900292,51,182,-131
107900293,22,376,-354
107900295,9,91,-82
107900297,0,155,-155
107900298,406,681,-275
107900299,3019,678,2341
107900301,232,132,100
107900302,39,13,26
107900303,24,210,-186
107900304,52,441,-389
107900305,72,9,63
107900306,10,5,5
107900307,29,220,-191
107900308,93,13,80
107900309,0,2,-2
107900310,0,0,0
107900311,90,25,65
107900312,0,0,0
107900313,0,45,-45
107900314,1,14,-13
107900315,1,27,-26
107900316,6,1,5
107900317,14,1,13
107900318,2,61,-59
107900319,2,182,-180
107900320,1,127,-126
107900321,25,2,23
107900322,3,178,-175
107900323,3,113,-110
107900324,61,0,61
107900325,29,0,29
107900326,46,275,-229
107900327,0,0,0
107900328,0,0,0
107900329,0,0,0
107900330,4,314,-310
107900331,35,20,15
107900332,46,16,30
107900333,14,2,12
107900334,1,197,-196
107900335,15,26,-11
107900336,5,20,-15
107900337,1038,276,762
107900338,0,79,-79
107900339,0,15,-15
107900340,0,34,-34
107900341,7,0,7
107900342,37,56,-19
107900343,17,0,17
107900344,1,83,-82
107900345,31,13,18
107900346,1,1,0
107900347,3,0,3
107900348,0,0,0
107900349,2,2,0
107900350,28,192,-164
107900351,4,226,-222
107900352,1,45,-44
107900353,3,3,0
107900354,0,44,-44
108000001,1756,1567,189
108000002,1935,2606,-671
108000003,1740,920,820
108000004,13229,11834,1395
108000005,2170,1566,604
108000006,2806,4298,-1492
108000007,2357,2086,271
108000008,3558,4462,-904
108000009,1178,1809,-631
108000010,1469,4081,-2612
108000011,5792,4575,1217
108000012,12775,12166,609
108000014,253,273,-20
108000015,268,246,22
108000016,115,513,-398
108000017,379,248,131
108000018,507,275,232
108000019,595,319,276
108000020,409,228,181
108000021,279,1314,-1035
108000022,323,1138,-815
108000023,483,87,396
108000024,100,573,-473
108000025,50,137,-87
108000026,151,508,-357
108000027,157,541,-384
108000028,123,240,-117
108000029,143,853,-710
108000030,133,152,-19
108000031,75,444,-369
108000032,438,249,189
108000033,248,1026,-778
108000034,524,200,324
108000035,426,1964,-1538
108000036,183,1198,-1015
108000037,628,183,445
108000038,864,172,692
108000039,271,1974,-1703
108000040,507,255,252
108000041,508,2005,-1497
108000042,34,171,-137
108000043,108,189,-81
108000044,102,156,-54
108000045,95,626,-531
108000046,548,128,420
108000047,167,766,-599
108000048,73,357,-284
108000049,174,103,71
108000050,83,592,-509
108000051,60,49,11
108000052,163,476,-313
108000053,110,60,50
108000054,294,679,-385
108000055,435,165,270
108000056,851,784,67
108000057,318,361,-43
108000058,1283,1235,48
108000059,2601,1240,1361
108000060,50,280,-230
108000061,217,585,-368
108000062,221,209,12
108000063,129,594,-465
108000064,76,177,-101
108000065,251,422,-171
108000066,795,346,449
108000067,543,188,355
108000068,256,193,63
108000069,114,923,-809
108000070,563,371,192
108000071,301,1494,-1193
108000072,472,481,-9
108000073,795,1471,-676
108000074,174,227,-53
108000075,195,621,-426
108000076,336,207,129
108000077,472,702,-230
108000078,821,685,136
108000079,762,1496,-734
108000080,392,308,84
108000081,264,2362,-2098
108000082,781,1163,-382
108000083,983,410,573
108000084,239,846,-607
108000085,133,145,-12
108000086,483,532,-49
108000087,100,664,-564
108000088,234,82,152
108000089,109,148,-39
108000091,60,505,-445
108000092,30,47,-17
108000093,49,686,-637
108000094,154,72,82
108000095,36,374,-338
108000096,100,90,10
108000097,32,449,-417
108000098,339,988,-649
108000099,362,199,163
108000100,61,330,-269
108000101,440,564,-124
108000102,615,975,-360
108000106,328,0,328
108000107,1,442,-441
108000108,178,14,164
108000109,4,527,-523
108000110,65,184,-119
108000111,83,509,-426
108000112,46,66,-20
108000113,440,219,221
108000115,346,198,148
108000117,441,146,295
108000118,249,392,-143
108000119,601,345,256
108000120,80,268,-188
108000121,74,430,-356
108000122,131,192,-61
108000123,183,223,-40
108000124,110,429,-319
108000125,71,335,-264
108000126,45,581,-536
108000127,88,373,-285
108000128,128,673,-545
108000129,97,1201,-1104
108000130,58,277,-219
108000131,371,87,284
108000132,835,882,-47
108000133,286,211,75
108000134,469,733,-264
108000135,228,184,44
108000136,598,975,-377
108000137,99,307,-208
108000138,118,909,-791
108000139,46,245,-199
108000140,15,36,-21
108000141,6,100,-94
108000142,23,83,-60
108000143,16,440,-424
108000144,115,115,0
108000145,3,22,-19
108000146,106,22,84
108000147,3,18,-15
108000148,97,36,61
108000149,12,15,-3
108000150,9,0,9
108000151,59,39,20
108000152,50,565,-515
108000153,67,62,5
108000154,37,13,24
108000155,7,6,1
108000156,450,268,182
108000157,36,204,-168
108000158,44,251,-207
108000159,489,78,411
108000160,3964,368,3596
108000161,3271,637,2634
108000165,3,46,-43
108000172,3,90,-87
108000173,2040,647,1393
108000175,115,47,68
108000178,383,297,86
108000179,139,340,-201
108000181,29,50,-21
108000182,221,31,190
108000183,15,298,-283
108000184,821,701,120
108000185,54,621,-567
108000186,80,418,-338
108000187,31,723,-692
108000188,96,145,-49
108000189,1110,1355,-245
108000190,12,61,-49
108000192,32,569,-537
108000193,413,14,399
108000194,13,4,9
108000195,2,801,-799
108000196,32,63,-31
108000198,219,350,-131
108000199,0,126,-126
108000200,109,408,-299
108000203,39,853,-814
108000204,41,21,20
108000205,438,421,17
108000339,1145,186,959
108000364,296,243,53
108000365,26,300,-274
108000367,103,205,-102
108000368,7,38,-31
108000369,1209,58,1151
108000371,5,501,-496
108000372,107,0,107
108000373,105,130,-25
108000376,58,10,48
108000377,195,274,-79
108000378,6342,4352,1990
108000379,13,91,-78
108000381,15,5,10
108000382,64,0,64
108000383,0,76,-76
108900001,128,894,-766
108900002,111,29,82
108900003,239,789,-550
108900004,1644,169,1475
108900007,30,88,-58
108900008,19,97,-78
108900009,25,78,-53
108900010,37,115,-78
108900011,77,229,-152
108900012,50,357,-307
108900013,25,150,-125
108900014,0,32,-32
108900015,0,13,-13
108900016,2,116,-114
108900017,51,109,-58
108900018,16,380,-364
108900019,7,912,-905
108900020,14,210,-196
108900021,60,210,-150
108900022,8,5,3
108900023,0,7,-7
108900024,4,154,-150
108900025,15,90,-75
108900026,6,48,-42
108900027,1,82,-81
108900028,12,514,-502
108900029,21,190,-169
108900030,0,99,-99
108900031,12,606,-594
108900032,4,216,-212
108900033,0,55,-55
108900034,1,188,-187
108900035,83,1770,-1687
108900038,0,337,-337
108900039,0,474,-474
108900040,2,61,-59
108900041,4274,956,3318
108900042,1,138,-137
108900043,10,341,-331
108900044,2,702,-700
108900045,15,483,-468
108900046,41,902,-861
108900047,0,81,-81
108900048,24,752,-728
108900049,3894,395,3499
108900050,0,239,-239
108900051,1,149,-148
108900052,1,175,-174
108900053,49,66,-17
108900054,10,192,-182
108900055,27,407,-380
108900056,0,162,-162
108900057,0,145,-145
108900058,8,377,-369
108900059,89,6,83
108900060,20,37,-17
108900061,20,10,10
108900062,4,285,-281
108900063,8,272,-264
108900064,32,47,-15
108900065,2,260,-258
108900066,85,44,41
108900067,6,233,-227
108900068,0,200,-200
108900069,13,109,-96
108900070,16,162,-146
108900071,23,25,-2
108900072,1616,97,1519
108900073,13,432,-419
108900074,26,369,-343
108900075,35,62,-27
108900076,81,41,40
108900077,121,564,-443
108900078,5,149,-144
108900079,501,144,357
108900080,16,140,-124
108900081,32,179,-147
108900082,21,67,-46
108900083,4,58,-54
108900085,1698,70,1628
108900086,21,286,-265
108900087,70,127,-57
108900088,223,103,120
108900089,2,57,-55
108900090,3,324,-321
108900091,90,53,37
108900092,101,147,-46
108900093,25,29,-4
108900094,68,28,40
108900095,35,543,-508
108900096,392,25,367
108900097,74,116,-42
108900098,2321,136,2185
108900099,146,240,-94
108900100,16,91,-75
108900101,52,31,21
108900102,45,246,-201
108900103,29,24,5
108900105,2,213,-211
108900106,121,427,-306
108900108,52,13,39
108900109,67,10,57
108900110,24,346,-322
108900111,70,583,-513
108900113,4,9,-5
108900114,10,5,5
108900115,14,18,-4
108900116,7,0,7
108900117,31,9,22
108900118,105,2,103
108900119,33,8,25
108900120,78,68,10
108900121,73,15,58
108900122,21,16,5
108900123,32,16,16
108900124,80,41,39
108900125,59,1,58
108900126,28,1,27
108900127,26,15,11
108900128,9,4,5
108900129,183,28,155
108900130,44,0,44
108900131,78,0,78
108900132,84,32,52
108900133,48,14,34
108900134,40,153,-113
108900135,35,2,33
108900136,1,0,1
108900137,18,0,18
108900138,93,9,84
108900140,59,196,-137
108900141,31,4,27
108900142,27,1,26
108900143,1,0,1
108900144,15,0,15
108900145,20,0,20
108900146,6,0,6
108900147,22,0,22
108900148,37,20,17
108900150,103,1,102
108900151,15,1,14
108900152,10,5,5
108900153,29,421,-392
108900154,1423,208,1215
108900156,15,7,8
108900157,3,520,-517
108900158,39,31,8
108900159,2,288,-286
108900160,2,155,-153
108900161,5,441,-436
108900162,15,0,15
108900163,2,60,-58
108900164,13,64,-51
108900168,8414,867,7547
108900169,15,72,-57
108900171,3999,631,3368
108900172,80,24,56
108900173,104,218,-114
108900174,151,236,-85
108900176,78,538,-460
108900177,6579,892,5687
108900178,3998,632,3366
108900180,33,45,-12
108900183,144,161,-17
108900184,51,75,-24
108900185,15,208,-193
108900186,8,282,-274
108900189,51,76,-25
108900190,10,2194,-2184
108900192,14,219,-205
108900195,19,231,-212
108900196,4,416,-412
108900199,50,217,-167
108900200,150,242,-92
108900201,74,773,-699
108900203,93,3,90
108900204,95,1,94
108900205,79,3,76
108900206,45,3,42
108900207,56,10,46
108900208,24,252,-228
108900209,115,440,-325
108900210,61,97,-36
108900211,100,100,0
108900212,384,387,-3
108900215,50,550,-500
108900216,143,28,115
108900217,20,0,20
108900218,33,2,31
108900221,15,21,-6
108900224,16,45,-29
108900225,0,75,-75
108900227,22,45,-23
108900230,305,190,115
108900232,1,287,-286
108900233,92,15,77
108900234,84,22,62
108900235,69,410,-341
108900236,18,295,-277
108900240,20,41,-21
108900241,4,9,-5
108900245,1,262,-261
108900250,73,56,17
108900258,3,201,-198
108900259,17,52,-35
108900260,6,103,-97
108900261,80,63,17
108900262,266,60,206
108900263,25,215,-190
108900264,206,112,94
108900265,923,95,828
108900266,794,93,701
108900267,1,32,-31
108900268,4,1,3
108900269,9,1,8
108900270,9,2,7
108900271,6,0,6
108900272,24,0,24
108900273,679,162,517
108900274,19,17,2
109000001,1816,674,1142
109000002,2848,1055,1793
109000003,1160,397,763
109000004,353,2282,-1929
109000005,758,545,213
109000006,502,1598,-1096
109000007,469,403,66
109000008,240,1557,-1317
109000009,1737,548,1189
109000010,1018,2999,-1981
109000011,1072,878,194
109000012,1073,3301,-2228
109000013,1268,913,355
109000014,851,3121,-2270
109000015,1843,2030,-187
109000016,7718,3447,4271
109000017,1081,696,385
109000018,508,2704,-2196
109000019,1324,626,698
109000020,879,1915,-1036
109000023,96,6,90
109000024,4,163,-159
109000025,236,201,35
109000026,433,202,231
109000027,60,178,-118
109000028,86,62,24
109000029,106,79,27
109000030,40,436,-396
109000031,52,34,18
109000032,29,365,-336
109000033,59,51,8
109000034,47,9,38
109000035,6,25,-19
109000036,70,265,-195
109000037,103,359,-256
109000038,374,204,170
109000039,296,133,163
109000040,3584,1734,1850
109000041,4113,572,3541
109000042,570,589,-19
109000044,103,38,65
109000045,27,457,-430
109000046,71,35,36
109000047,21,344,-323
109000048,329,58,271
109000049,122,312,-190
109000050,144,83,61
109000051,177,224,-47
109000052,222,1416,-1194
109000053,61,64,-3
109000054,47,501,-454
109000055,24,126,-102
109000056,71,487,-416
109000057,93,133,-40
109000058,639,168,471
109000059,306,858,-552
109000060,210,84,126
109000061,1269,229,1040
109000062,76,108,-32
109000063,104,172,-68
109000064,36,104,-68
109000065,64,296,-232
109000066,54,80,-26
109000067,38,289,-251
109000068,118,2,116
109000069,252,4,248
109000070,0,656,-656
109000071,168,43,125
109000072,59,268,-209
109000073,19,49,-30
109000074,14,221,-207
109000075,26,337,-311
109000076,75,101,-26
109000077,222,215,7
109000078,20,103,-83
109000079,91,239,-148
109000080,68,111,-43
109000081,18,448,-430
109000082,135,250,-115
109000083,115,736,-621
109000088,50,320,-270
109000089,42,11,31
109000090,149,419,-270
109000091,124,42,82
109000092,253,476,-223
109000093,121,42,79
109000094,87,0,87
109000095,55,698,-643
109000096,183,64,119
109000097,56,80,-24
109000098,21,34,-13
109000099,343,227,116
109000100,87,457,-370
109000101,334,549,-215
109000102,160,744,-584
109000103,159,458,-299
109000104,481,396,85
109000105,192,1262,-1070
109000106,689,369,320
109000107,182,1491,-1309
109000108,573,317,256
109000109,259,1416,-1157
109000110,490,234,256
109000111,584,1980,-1396
109000112,187,108,79
109000113,92,124,-32
109000114,60,543,-483
109000115,552,63,489
109000116,4,140,-136
109000117,49,65,-16
109000118,12,279,-267
109000119,203,220,-17
109000120,47,920,-873
109000121,101,47,54
109000122,29,879,-850
109000123,12,63,-51
109000124,231,317,-86
109000125,238,257,-19
109000126,198,704,-506
109000127,253,124,129
109000128,186,2084,-1898
109000129,598,170,428
109000130,386,2184,-1798
109000131,276,114,162
109000132,389,1190,-801
109000133,207,716,-509
109000134,395,1133,-738
109000135,527,874,-347
109000136,118,321,-203
109000137,104,176,-72
109000138,127,317,-190
109000139,144,326,-182
109000140,40,405,-365
109000141,147,378,-231
109000142,40,411,-371
109000143,55,32,23
109000145,40,58,-18
109000146,86,46,40
109000148,2900,373,2527
109000149,14,22,-8
109000150,58,123,-65
109000155,109,373,-264
109000156,656,697,-41
109000158,6,164,-158
109000159,24,457,-433
109000160,231,200,31
109000161,186,1118,-932
109000162,673,801,-128
109000163,356,1384,-1028
109000164,415,1706,-1291
109000165,429,588,-159
109000166,182,96,86
109000167,52,709,-657
109000170,12,43,-31
109000171,33,30,3
109000172,25,43,-18
109000173,31,29,2
109000174,21,52,-31
109000175,24,105,-81
109000176,83,223,-140
109000177,18,113,-95
109000178,159,285,-126
109000179,5775,1385,4390
109000180,3680,2371,1309
109000181,8,25,-17
109000182,12,55,-43
109000183,8,45,-37
109000184,17,18,-1
109000185,7,48,-41
109000188,291,2180,-1889
109000189,911,588,323
109000190,198,438,-240
109000191,145,545,-400
109000192,102,183,-81
109000193,65,328,-263
109000194,59,86,-27
109000195,47,351,-304
109000196,76,60,16
109000197,51,404,-353
109000198,40,40,0
109000199,58,394,-336
109000206,61,42,19
109000207,35,34,1
109000208,45,34,11
109000209,81,55,26
109000210,157,325,-168
109000211,91,263,-172
109000214,120,506,-386
109000215,31,43,-12
109000216,100,56,44
109000217,90,51,39
109000218,70,77,-7
109000221,103,819,-716
109000222,244,51,193
109000223,143,112,31
109000224,34,257,-223
109000225,47,43,4
109000226,31,217,-186
109000227,308,1050,-742
109000228,1,191,-190
109000231,0,307,-307
109000232,78,374,-296
109000236,157,612,-455
109000241,557,1242,-685
109000242,471,961,-490
109000293,19,16,3
109000361,51,126,-75
109000364,113,500,-387
109000396,2,822,-820
109000397,110,0,110
109000399,75,398,-323
109000400,37,356,-319
109000403,17,116,-99
109000406,116,12,104
109000407,77,194,-117
109000408,0,482,-482
109000410,407,98,309
109000411,30,34,-4
109900001,40,1,39
109900002,127,5,122
109900003,25,0,25
109900004,349,189,160
109900005,10,4,6
109900006,76,186,-110
109900007,150,671,-521
109900008,0,20,-20
109900009,52,819,-767
109900010,137,2,135
109900011,15,16,-1
109900012,92,90,2
109900013,97,49,48
109900014,47,19,28
109900015,174,29,145
109900016,33,28,5
109900017,16,19,-3
109900018,38,113,-75
109900019,17,61,-44
109900020,2,19,-17
109900021,5,5,0
109900022,43,319,-276
109900023,8,0,8
109900024,2,0,2
109900025,1,43,-42
109900026,1,114,-113
109900027,7,4,3
109900028,1951,194,1757
109900029,4,351,-347
109900030,0,1,-1
109900031,0,33,-33
109900032,3,184,-181
109900033,0,317,-317
109900034,5,0,5
109900035,5,8,-3
109900036,4,70,-66
109900037,1,396,-395
109900038,8,184,-176
109900039,0,0,0
109900040,8,562,-554
109900041,24,450,-426
109900042,2,452,-450
109900044,13,220,-207
109900045,30,6,24
109900046,25,56,-31
109900047,190,271,-81
109900048,12,49,-37
109900049,1,6,-5
109900050,4,272,-268
109900051,0,43,-43
109900052,12,174,-162
109900053,3,389,-386
109900054,149,73,76
109900055,13,209,-196
109900056,23,46,-23
109900057,3,166,-163
109900058,0,84,-84
109900059,146,35,111
109900060,105,108,-3
109900061,63,276,-213
109900062,0,203,-203
109900063,0,252,-252
109900064,73,139,-66
109900065,51,95,-44
109900066,153,765,-612
109900067,1,349,-348
109900068,13,0,13
109900069,0,20,-20
109900070,30,232,-202
109900071,1,29,-28
109900072,4,109,-105
109900073,34,460,-426
109900074,3,28,-25
109900075,3,5,-2
109900076,12,402,-390
109900077,16,63,-47
109900078,54,194,-140
109900080,66,211,-145
109900081,2,63,-61
109900082,14,408,-394
109900083,11,23,-12
109900084,14,115,-101
109900085,64,971,-907
109900086,28,78,-50
109900087,95,223,-128
109900089,110,45,65
109900090,255,779,-524
109900091,41,33,8
109900092,103,5,98
109900093,173,72,101
109900094,18,59,-41
109900095,52,146,-94
109900096,2,0,2
109900097,12,1,11
109900098,90,12,78
109900099,14,0,14
109900100,8,0,8
109900101,103,1,102
109900102,154,9,145
109900103,2,15,-13
109900104,95,988,-893
109900105,133,13,120
109900106,42,28,14
109900107,61,46,15
109900108,26,475,-449
109900109,34,145,-111
109900110,17,355,-338
109900111,113,910,-797
109900112,172,792,-620
109900113,143,126,17
109900114,576,50,526
109900115,21,45,-24
109900117,207,96,111
109900118,122,272,-150
109900119,382,181,201
109900120,10,3,7
109900121,134,57,77
109900122,88,3,85
109900123,0,117,-117
109900124,26,669,-643
109900125,2,188,-186
109900126,18,140,-122
109900128,23,29,-6
109900130,9062,659,8403
109900131,29,72,-43
109900132,17,138,-121
109900133,22,324,-302
109900134,24,20,4
109900135,387,29,358
109900136,8,100,-92
109900137,8,315,-307
109900140,65,249,-184
109900142,216,135,81
109900145,1,50,-49
109900146,168,21,147
109900148,17,33,-16
109900149,15,39,-24
109900150,1,46,-45
109900151,3,50,-47
109900152,0,27,-27
109900153,0,26,-26
109900154,1,0,1
109900155,11,5,6
109900157,23,153,-130
109900158,45,80,-35
109900159,26,6,20
109900160,19,14,5
109900161,81,17,64
109900162,53,17,36
109900163,519,182,337
109900164,23,211,-188
109900165,55,1,54
109900166,1,122,-121
109900167,69,515,-446
109900168,42,462,-420
109900169,31,138,-107
109900170,101,191,-90
109900171,26,22,4
109900172,34,67,-33
109900173,3242,470,2772
109900174,14,94,-80
109900175,11,79,-68
109900176,30,160,-130
109900177,12,195,-183
109900178,0,92,-92
109900179,4,12,-8
109900180,1,3,-2
110000001,460,312,148
110000002,278,310,-32
110000003,653,424,229
110000004,398,368,30
110000005,596,745,-149
110000006,395,227,168
110000007,56,90,-34
110000008,5,48,-43
110000009,3,46,-43
110000010,18,57,-39
110000011,2,70,-68
110000012,451,316,135
110000013,17,239,-222
110000014,545,266,279
110000015,329,332,-3
110000016,192,607,-415
110000017,3371,198,3173
110000018,2899,337,2562
110000019,13,164,-151
110000020,252,146,106
110000021,225,295,-70
110000022,287,50,237
110000023,7,159,-152
110000024,511,287,224
110000025,72,11,61
110000026,1,465,-464
110000027,354,162,192
110000028,461,637,-176
110000029,231,652,-421
110000030,129,263,-134
110000031,102,429,-327
110000032,405,415,-10
110000033,76,67,9
110000034,134,1019,-885
110000035,185,770,-585
110000036,241,941,-700
110000037,40,489,-449
110000038,112,726,-614
110000039,240,821,-581
110000040,253,375,-122
110000041,79,361,-282
110000042,43,251,-208
110000043,142,56,86
110000044,19,68,-49
110000045,67,28,39
110000046,3,4,-1
110000047,2,8,-6
110000048,5,4,1
110000049,2,1,1
110000050,5,7,-2
110000051,6,6,0
110000052,4,32,-28
110000053,11,4,7
110000054,64,132,-68
110000055,157,21,136
110000056,42,28,14
110000057,175,595,-420
110000058,307,433,-126
110000059,342,427,-85
110000060,293,611,-318
110000061,797,614,183
110000062,492,587,-95
110000063,16,99,-83
110000064,28,85,-57
110000065,29,131,-102
110000066,15,72,-57
110000067,35,194,-159
110000068,42,365,-323
110000069,49,106,-57
110000071,18,184,-166
110000073,3,23,-20
110000075,4,124,-120
110000076,225,82,143
110000077,337,182,155
110000078,14,58,-44
110000080,159,559,-400
110000081,9,193,-184
110000082,4,131,-127
110000083,131,531,-400
110000084,354,344,10
110000085,2974,1149,1825
110000086,1272,483,789
110000087,2,31,-29
110000088,12,173,-161
110000089,79,100,-21
110000090,21,173,-152
110000091,1455,229,1226
110000092,11,64,-53
110000093,25,6,19
110000094,241,212,29
110000095,60,249,-189
110000096,2995,1488,1507
110000097,600,551,49
110000098,796,272,524
110000099,701,1219,-518
110000100,125,703,-578
110000101,6,571,-565
110000102,8,24,-16
110000104,35,41,-6
110000105,12,236,-224
110000106,142,89,53
110000107,235,413,-178
110000108,104,17,87
110000109,236,234,2
110000110,3705,2120,1585
110000111,6827,923,5904
110000112,1004,237,767
110000113,639,513,126
110000114,68,207,-139
110000115,116,259,-143
110000116,21,23,-2
110000117,76,442,-366
110000118,140,165,-25
110000119,144,304,-160
110000120,111,139,-28
110000121,49,173,-124
110000122,166,391,-225
110000123,171,307,-136
110000124,2,864,-862
110000125,500,1,499
110000126,82,6,76
110000127,232,6,226
110000128,21,1658,-1637
110000129,7,538,-531
110000130,54,39,15
110000131,79,487,-408
110000132,1,576,-575
110000133,42,200,-158
110000134,20,215,-195
110000135,152,27,125
110000136,27,289,-262
110000137,188,507,-319
110000138,272,838,-566
110000139,415,1259,-844
110000140,397,187,210
110000143,561,267,294
110000144,2814,623,2191
110000145,990,360,630
110000146,1070,384,686
110000147,76,387,-311
110000148,136,280,-144
110000151,810,467,343
110000152,779,201,578
110000153,29,52,-23
110000154,1,13,-12
110000155,713,1054,-341
110000156,537,665,-128
110000157,593,1037,-444
110000160,148,251,-103
110000161,76,337,-261
110000166,107,84,23
110000167,286,312,-26
110000168,416,140,276
110000169,163,209,-46
110000170,59,82,-23
110000171,297,232,65
110000172,64,760,-696
110000173,1043,1157,-114
110000174,44,1169,-1125
110000175,192,77,115
110000176,16,237,-221
110000177,91,528,-437
110000178,314,386,-72
110000179,904,245,659
110000180,29,260,-231
110000181,113,286,-173
110000182,228,218,10
110000183,8071,2793,5278
110000184,368,1018,-650
110000185,405,412,-7
110000186,396,328,68
110000191,126,288,-162
110000192,121,0,121
110000193,175,0,175
110000194,2,938,-936
110000195,82,330,-248
110000196,162,497,-335
110000197,13,174,-161
110000198,32,62,-30
110000199,22,67,-45
110000200,915,489,426
110000201,251,292,-41
110000202,453,224,229
110000203,393,590,-197
110000204,5,289,-284
110000205,15,70,-55
110000206,311,1227,-916
110000207,176,252,-76
110000208,36,112,-76
110000209,39,596,-557
110000210,172,457,-285
110000211,220,514,-294
110000212,128,540,-412
110000213,38,56,-18
110000214,35,93,-58
110000215,31,474,-443
110000216,19,522,-503
110000217,72,230,-158
110000218,46,411,-365
110000219,89,71,18
110000220,24,409,-385
110000221,125,86,39
110000222,24,280,-256
110000223,5,39,-34
110000224,33,1,32
110000225,68,396,-328
110000226,86,22,64
110000227,245,230,15
110000228,110,98,12
110000229,1,205,-204
110000230,206,563,-357
110000231,95,105,-10
110000232,63,148,-85
110000233,50,201,-151
110000234,308,241,67
110000235,638,587,51
110000236,124,727,-603
110000237,693,827,-134
110000238,567,1069,-502
110000239,462,946,-484
110000240,2,50,-48
110000242,0,8,-8
110000243,31,148,-117
110000244,53,223,-170
110000245,31,355,-324
110000246,266,479,-213
110000247,2850,2687,163
110000248,3532,962,2570
110000249,61,6,55
110000250,2,115,-113
110000251,59,319,-260
110000252,207,201,6
110000253,793,239,554
110000254,1093,978,115
110000255,223,962,-739
110000256,304,114,190
110000257,635,265,370
110000258,7,365,-358
110000259,58,32,26
110000260,11,402,-391
110000263,842,67,775
110000264,115,550,-435
110000265,651,1278,-627
110000266,1225,1957,-732
110000267,8,128,-120
110000268,141,321,-180
110000269,2,64,-62
110000270,6,1,5
110000271,1799,205,1594
110000272,410,672,-262
110000273,1595,814,781
110000274,98,882,-784
110000275,2187,291,1896
110000276,75,188,-113
110000277,100,220,-120
110000278,131,607,-476
110000279,514,411,103
110000280,110,348,-238
110000281,10,164,-154
110000282,138,43,95
110000283,29,66,-37
110000284,7,21,-14
110000285,2,135,-133
110000286,6,0,6
110000287,12,1,11
110000288,1,62,-61
110000289,215,777,-562
110000290,1039,526,513
110000291,4730,952,3778
110000292,850,4978,-4128
110000293,220,807,-587
110000294,354,976,-622
110000295,57,589,-532
110000296,131,256,-125
110000297,3859,191,3668
110000298,883,329,554
110000299,1448,24,1424
110000301,258,3,255
110000302,133,1042,-909
110000303,112,1,111
110000304,81,267,-186
110000305,289,7,282
110000306,99,1774,-1675
110000307,420,0,420
110000308,107,6,101
110000309,4,1148,-1144
110000310,207,54,153
110000311,16,664,-648
110000312,826,34,792
110000313,5250,1115,4135
110000314,1,185,-184
110000315,1906,993,913
110000316,320,838,-518
110000317,327,161,166
110000318,0,56,-56
110000319,11,19,-8
110000320,8,52,-44
110000321,5,71,-66
110000322,68,398,-330
110000323,157,266,-109
110000324,3804,701,3103
110000325,1699,2195,-496
110000327,307,102,205
110000328,83,359,-276
110000333,362,548,-186
110000334,455,988,-533
110000335,826,571,255
110000336,181,1061,-880
110000337,395,399,-4
110000338,55,194,-139
110000339,71,179,-108
110000340,19,143,-124
110000341,86,486,-400
110000342,257,1,256
110000343,0,10,-10
110000344,15,137,-122
110000345,21,70,-49
110000346,1638,1137,501
110000347,851,651,200
110000348,3,21,-18
110000349,7,46,-39
110000350,14,4,10
110000351,324,732,-408
110000352,215,1110,-895
110000353,2441,817,1624
110000354,373,998,-625
110000355,19,57,-38
110000356,194,2,192
110000357,173,7,166
110000361,2,71,-69
110000362,17,42,-25
110000363,55,90,-35
110000364,43,310,-267
110000365,74,5,69
110000366,0,57,-57
110000367,75,175,-100
110000368,0,53,-53
110000369,12,2,10
110000373,4,253,-249
110000374,17,4,13
110000375,82,465,-383
110000376,22,113,-91
110000377,29,129,-100
110000378,20,213,-193
110000379,2832,585,2247
110000380,15,8,7
110000383,3,357,-354
110000384,882,166,716
110000385,1,159,-158
110000387,41,17,24
110000388,12,218,-206
110000389,129,1,128
110000391,122,351,-229
110000396,19,108,-89
110000397,20,172,-152
110000398,0,30,-30
110000399,54,2,52
110000587,26,57,-31
110000589,68,176,-108
110000640,58,224,-166
110000652,1,80,-79
110000653,62,380,-318
110000654,1,5,-4
110000656,1,437,-436
110000674,20,7,13
110000675,2,3,-1
110000676,0,35,-35
110000679,634,220,414
110000682,23,64,-41
110000683,201,568,-367
110000684,4,60,-56
110000685,1,5,-4
110000686,0,12,-12
110000687,1,0,1
110000688,41,311,-270
110000689,11,117,-106
110000692,58,198,-140
110000693,68,203,-135
110000694,0,72,-72
110000695,55,571,-516
110000696,91,130,-39
110900001,41,10,31
110900002,48,163,-115
110900003,115,896,-781
110900004,53,210,-157
110900005,3417,791,2626
110900006,44,3,41
110900007,9,4,5
110900008,3,45,-42
110900009,156,13,143
110900010,0,30,-30
110900011,4,59,-55
110900012,0,78,-78
110900013,350,110,240
110900014,46,7,39
110900015,565,141,424
110900016,5,133,-128
110900017,72,26,46
110900018,201,18,183
110900019,46,11,35
110900020,6,366,-360
110900021,23,523,-500
110900022,29,356,-327
110900023,42,292,-250
110900024,21,447,-426
110900025,2,28,-26
110900027,9,174,-165
110900028,14,111,-97
110900029,25,376,-351
110900030,10,305,-295
110900031,2,168,-166
110900032,1,82,-81
110900033,11,226,-215
110900035,24,373,-349
110900036,32,8,24
110900037,22,8,14
110900038,784,103,681
110900039,9,190,-181
110900040,76,10,66
110900041,2,118,-116
110900042,15,19,-4
110900043,4,159,-155
110900044,137,5,132
110900045,36,674,-638
110900046,79,257,-178
110900047,672,51,621
110900049,14,13,1
110900050,5,0,5
110900051,20,154,-134
110900052,2,174,-172
110900053,13,38,-25
110900054,12,284,-272
110900055,6,0,6
110900056,35,101,-66
110900057,5,199,-194
110900058,44,238,-194
110900059,361,634,-273
110900060,161,70,91
110900061,37,16,21
110900062,22,257,-235
110900063,6,40,-34
110900064,6,1,5
110900065,281,56,225
110900066,2,52,-50
110900067,420,192,228
110900068,110,153,-43
110900069,0,7,-7
110900070,65,46,19
110900071,166,125,41
110900073,0,15,-15
110900074,145,47,98
110900075,83,26,57
110900077,141,226,-85
110900078,4,68,-64
110900079,1841,309,1532
110900080,41,38,3
110900081,0,62,-62
110900082,15,147,-132
110900083,51,13,38
110900084,2,95,-93
110900085,16,190,-174
110900086,30,69,-39
110900087,81,44,37
110900088,1,0,1
110900090,15,11,4
110900091,0,38,-38
110900093,81,27,54
110900095,17,43,-26
110900097,2,14,-12
110900098,14,70,-56
110900099,28,395,-367
110900100,0,14,-14
110900102,8,23,-15
110900105,298,254,44
110900108,1,71,-70
110900111,127,25,102
110900112,181,1,180
110900113,438,24,414
110900115,0,67,-67
110900116,116,2022,-1906
110900118,128,699,-571
110900119,4666,205,4461
110900120,2,280,-278
110900121,27,1,26
110900122,114,84,30
110900125,69,127,-58
110900127,476,352,124
110900128,224,139,85
110900129,132,98,34
110900130,797,138,659
110900131,19,26,-7
110900132,106,30,76
110900133,16,282,-266
110900135,44,401,-357
110900136,104,3,101
110900138,2,0,2
110900139,37,0,37
110900140,4,0,4
110900141,98,80,18
110900142,34,130,-96
110900143,30,34,-4
110900144,2,473,-471
110900145,41,7,34
110900146,178,21,157
110900147,107,170,-63
110900148,0,188,-188
110900149,0,43,-43
110900150,9,6,3
110900151,1,41,-40
110900152,6,283,-277
110900153,12,16,-4
111000001,140,396,-256
111000002,399,530,-131
111000003,242,298,-56
111000004,307,829,-522
111000005,401,351,50
111000006,525,867,-342
111000007,2319,904,1415
111000008,2637,2489,148
111000009,213,735,-522
111000010,227,101,126
111000011,260,691,-431
111000012,395,132,263
111000013,196,933,-737
111000014,617,298,319
111000017,65,266,-201
111000018,99,277,-178
111000020,1794,1322,472
111000021,37,130,-93
111000023,34,96,-62
111000025,4719,1226,3493
111000029,35,77,-42
111000030,39,31,8
111000031,1511,377,1134
111000032,328,147,181
111000033,200,81,119
111000034,190,107,83
111000037,2079,773,1306
111000038,2033,1388,645
111000039,869,1461,-592
111000040,930,1571,-641
111000041,1168,885,283
111000042,4889,1928,2961
111000043,1054,987,67
111000044,694,243,451
111000045,711,948,-237
111000046,489,744,-255
111000047,832,1158,-326
111000049,186,398,-212
111000050,1334,1447,-113
111000051,237,875,-638
111000052,397,1002,-605
111000053,311,685,-374
111000054,311,723,-412
111000055,780,1570,-790
111000056,56,672,-616
111000057,46,714,-668
111000058,73,95,-22
111000059,142,237,-95
111000060,1399,471,928
111000061,473,138,335
111000062,252,109,143
111000063,1576,524,1052
111000064,190,362,-172
111000065,439,478,-39
111000066,100,123,-23
111000067,202,467,-265
111000068,113,421,-308
111000069,1058,1273,-215
111000070,1935,1082,853
111000071,149,592,-443
111000072,233,151,82
111000073,45,355,-310
111000074,886,746,140
111000075,212,411,-199
111000076,153,535,-382
111000077,517,807,-290
111000078,1178,738,440
111000079,902,626,276
111000080,217,531,-314
111000081,1575,2088,-513
111000082,382,519,-137
111000084,345,403,-58
111000085,613,1603,-990
111000086,2097,1276,821
111000087,584,717,-133
111000088,4355,1082,3273
111000089,360,692,-332
111000090,920,1000,-80
111000091,371,691,-320
111000092,474,1044,-570
111000093,308,515,-207
111000094,1311,622,689
111000095,823,1173,-350
111000096,2211,4000,-1789
111000097,4532,860,3672
111000098,231,1068,-837
111000099,176,1957,-1781
111000100,142,1875,-1733
111000101,272,658,-386
111000102,40,711,-671
111000104,97,124,-27
111000107,22,572,-550
111000109,79,100,-21
111000110,281,253,28
111000111,425,175,250
111000112,435,118,317
111000113,311,205,106
111000114,751,481,270
111000115,5689,464,5225
111000116,697,386,311
111000117,393,402,-9
111000118,1439,602,837
111000119,489,1162,-673
111000120,174,411,-237
111000121,146,352,-206
111000122,206,778,-572
111000123,371,2397,-2026
111000124,231,3138,-2907
111000125,57,1690,-1633
111000126,30,835,-805
111000127,369,69,300
111000128,335,141,194
111000129,743,230,513
111000130,509,583,-74
111000131,380,487,-107
111000132,282,253,29
111000133,56,111,-55
111000134,62,55,7
111000135,9,75,-66
111000136,91,219,-128
111000138,4,7,-3
111000140,0,2,-2
111000141,22,135,-113
111000142,6,109,-103
111000143,1,56,-55
111000144,4,77,-73
111000145,43,1,42
111000146,8,2,6
111000147,40,2,38
111000148,33,40,-7
111000149,2,21,-19
111000150,2,7,-5
111000151,3,17,-14
111000153,407,254,153
111000154,568,116,452
111000155,41,83,-42
111000156,354,128,226
111000157,54,199,-145
111000158,403,348,55
111000159,1694,503,1191
111000160,101,384,-283
111000161,7,142,-135
111000162,2,94,-92
111000163,215,533,-318
111000164,620,1151,-531
111000165,936,274,662
111000166,585,142,443
111000167,108,352,-244
111000168,148,289,-141
111000169,131,245,-114
111000170,325,214,111
111000171,278,681,-403
111000172,49,448,-399
111000173,125,975,-850
111000174,35,370,-335
111000175,16,251,-235
111000176,64,136,-72
111000177,47,255,-208
111000178,285,396,-111
111000179,35,250,-215
111000180,102,166,-64
111000181,232,194,38
111000182,68,115,-47
111000183,132,168,-36
111000184,199,171,28
111000185,195,357,-162
111000186,84,232,-148
111000187,35,220,-185
111000188,61,319,-258
111000189,1114,536,578
111000190,131,457,-326
111000191,57,466,-409
111000192,118,536,-418
111000193,272,294,-22
111000194,12,377,-365
111000195,46,360,-314
111000196,10,305,-295
111000197,92,119,-27
111000198,127,112,15
111000199,38,156,-118
111000200,44,270,-226
111000201,153,183,-30
111000202,78,130,-52
111000203,158,184,-26
111000204,129,152,-23
111000213,43,280,-237
111000214,867,1117,-250
111000215,526,993,-467
111000217,483,633,-150
111000218,595,696,-101
111000219,272,197,75
111000220,2101,353,1748
111000221,347,57,290
111000224,111,264,-153
111000225,151,140,11
111000226,79,2,77
111000227,35,8,27
111000228,9,97,-88
111000229,16,188,-172
111000230,110,376,-266
111000231,123,1130,-1007
111000232,89,864,-775
111000233,139,611,-472
111000234,19,107,-88
111000239,150,116,34
111000240,7,39,-32
111000241,20,313,-293
111000242,15,13,2
111000243,25,758,-733
111000244,36,71,-35
111000245,112,465,-353
111000246,66,472,-406
111000247,58,1048,-990
111000248,121,224,-103
111000249,224,796,-572
111000250,16,148,-132
111000251,9,91,-82
111000253,0,0,0
111000255,0,0,0
111000257,0,0,0
111000260,22,919,-897
111000261,173,50,123
111000271,33,302,-269
111000273,4244,719,3525
111000274,736,1306,-570
111000275,55,60,-5
111000276,160,1989,-1829
111000277,88,422,-334
111000278,296,194,102
111000291,253,1650,-1397
111000298,184,207,-23
111000299,270,31,239
111000300,39,464,-425
111000302,62,62,0
111000303,41,164,-123
111000312,16,37,-21
111000315,19,159,-140
111000320,175,531,-356
111000321,136,24,112
111000322,73,355,-282
111000323,69,11,58
111000324,151,186,-35
111000325,12,47,-35
111000326,48,365,-317
111000327,223,476,-253
111000328,90,295,-205
111000329,0,19,-19
111000330,24,11,13
111000331,11,11,0
111000332,167,753,-586
111000334,241,1290,-1049
111000335,134,59,75
111000337,166,342,-176
111000338,2,93,-91
111000339,68,504,-436
111000340,48,760,-712
111000341,250,93,157
111000342,46,137,-91
111000344,344,544,-200
111000345,32,9,23
111000346,4,68,-64
111000347,23,0,23
111000350,112,130,-18
111000351,49,168,-119
111000352,64,126,-62
111000353,42,241,-199
111000354,118,137,-19
111000355,70,524,-454
111000358,53,1480,-1427
111000360,53,804,-751
111000361,27,361,-334
111000546,79,577,-498
111000547,66,448,-382
111000548,49,152,-103
111000549,74,251,-177
111000550,55,162,-107
111000551,403,54,349
111000552,162,33,129
111000907,86,4,82
111000908,8,1,7
111000916,337,202,135
111000917,12,246,-234
111000918,70,941,-871
111000920,81,4,77
111000921,3,332,-329
111000922,76,284,-208
111000924,11,846,-835
111000925,706,732,-26
111000926,566,2074,-1508
111000927,2154,1411,743
111000928,5153,2676,2477
111000929,357,464,-107
111000930,369,1669,-1300
111000931,676,783,-107
111000932,2343,1604,739
111000933,1683,859,824
111000934,1508,1914,-406
111000935,405,596,-191
111000936,378,1744,-1366
111000937,424,615,-191
111000938,1167,1981,-814
111000939,144,18,126
111000940,132,205,-73
111000941,61,368,-307
111000943,75,182,-107
111000944,41,396,-355
111000945,15,1790,-1775
111001109,84,49,35
111001110,108,601,-493
111001111,5,2,3
111001112,34,1,33
111001113,25,77,-52
111001114,613,60,553
111001115,122,198,-76
111001116,2702,504,2198
111001117,363,373,-10
111001120,54,239,-185
111001121,76,245,-169
111001122,106,691,-585
111001123,39,101,-62
111001124,37,442,-405
111001125,2,10,-8
111001126,7,42,-35
111900001,0,99,-99
111900002,4,516,-512
111900003,0,289,-289
111900004,18,119,-101
111900006,2,3,-1
111900007,14,6,8
111900008,4,0,4
111900009,12,54,-42
111900010,101,373,-272
111900012,56,59,-3
111900013,1,36,-35
111900014,5864,893,4971
111900015,0,41,-41
111900016,0,120,-120
111900017,0,96,-96
111900018,39,2,37
111900019,2,46,-44
111900020,1,35,-34
111900021,15,63,-48
111900022,6,35,-29
111900023,101,47,54
111900024,1,75,-74
111900025,1,19,-18
111900026,0,68,-68
111900027,3,150,-147
111900028,3,293,-290
111900029,2,47,-45
111900030,23,257,-234
111900031,0,21,-21
111900032,2,352,-350
111900033,4,56,-52
111900034,119,395,-276
111900035,3,186,-183
111900036,1,343,-342
111900038,195,393,-198
111900039,34,367,-333
111900040,2,643,-641
111900042,32,30,2
111900043,3,426,-423
111900044,143,186,-43
111900046,35,180,-145
111900048,33,695,-662
111900049,15,312,-297
111900050,13,2,11
111900051,5,197,-192
111900052,263,509,-246
111900053,901,133,768
111900054,16,0,16
111900055,5,536,-531
111900056,97,45,52
111900057,24,19,5
111900058,76,598,-522
111900059,1269,131,1138
111900060,70,1,69
111900061,7,221,-214
111900062,4,13,-9
111900063,62,95,-33
111900064,82,206,-124
111900065,8,7,1
111900066,11,46,-35
111900067,2,244,-242
111900068,43,20,23
111900069,11,4,7
111900070,26,95,-69
111900071,1,185,-184
111900072,8,1,7
111900073,200,25,175
111900074,4,130,-126
111900075,33,2,31
111900076,20,21,-1
111900077,2,1,1
111900078,38,0,38
111900079,4,3,1
111900080,155,48,107
111900082,16,3,13
111900083,16,2,14
111900084,8,0,8
111900085,5,21,-16
111900086,10,0,10
111900087,8,0,8
111900088,83,0,83
111900089,7,0,7
111900090,23,11,12
111900091,23,0,23
111900092,7,0,7
111900093,102,5,97
111900094,12,0,12
111900095,23,4,19
111900096,23,3,20
111900097,11,0,11
111900098,39,0,39
111900099,6,0,6
111900100,11,0,11
111900101,49,3,46
111900102,86,712,-626
111900103,35,21,14
111900104,30,58,-28
111900105,42,73,-31
111900106,998,16,982
111900110,2627,81,2546
111900111,4,136,-132
111900112,446,444,2
111900113,190,38,152
111900118,59,9,50
111900119,87,29,58
111900122,31,3,28
111900123,6,31,-25
111900124,16,55,-39
111900125,57,2,55
111900126,33,0,33
111900127,1,596,-595
111900128,1,412,-411
111900129,58,19,39
111900130,41,5,36
111900131,69,0,69
111900132,16,906,-890
111900133,5,271,-266
111900134,10,277,-267
111900135,0,5,-5
111900136,35,27,8
111900137,22,24,-2
111900138,6,44,-38
111900139,12,111,-99
111900140,13,23,-10
111900141,7,6,1
111900142,35,5,30
111900143,6,215,-209
111900144,1,156,-155
111900145,3,531,-528
111900146,1,299,-298
111900147,99,378,-279
111900148,18,719,-701
111900149,18,377,-359
111900150,4,158,-154
111900151,1,26,-25
111900152,88,21,67
111900153,971,123,848
111900154,3,80,-77
111900155,26,5,21
111900156,3,9,-6
111900157,16,2,14
111900158,45,6,39
111900159,70,2,68
111900160,47,0,47
111900161,15,1,14
111900162,76,45,31
111900163,24,127,-103
111900164,20,11,9
111901113,41,166,-125
111901114,14,295,-281
111901115,7,0,7
111901116,14,0,14
111901117,2,1,1
111901118,83,12,71
111901119,960,31,929
111901121,111,226,-115
111901122,4,556,-552
111901123,37,407,-370
111901124,22,0,22
111901125,70,103,-33
111901127,545,93,452
111901128,8,73,-65
111901129,1,100,-99
111901130,3,164,-161
111901131,3,230,-227
111901132,16,5,11
111901133,0,0,0
111901134,8,0,8
111901135,3,6,-3
111901136,3,4,-1
111901137,0,3,-3
111901138,23,17,6
111901139,14,50,-36
111901140,1,111,-110
111901141,1,160,-159
111901142,3,110,-107
111901143,0,62,-62
111901144,21,17,4
111901145,72,94,-22
111901146,98,0,98
111901147,636,50,586
111901148,10,15,-5
111901149,0,0,0
112000001,707,558,149
112000002,453,1796,-1343
112000003,324,477,-153
112000004,327,1386,-1059
112000005,664,725,-61
112000006,846,1543,-697
112000007,844,643,201
112000008,1318,1971,-653
112000009,2786,2586,200
112000010,1095,1485,-390
112000011,1138,1697,-559
112000012,4720,860,3860
112000013,5639,2328,3311
112000014,2171,238,1933
112000015,2589,1372,1217
112000016,1984,480,1504
112000017,784,631,153
112000024,1158,408,750
112000026,3922,4480,-558
112000027,440,247,193
112000028,1239,1388,-149
112000029,94,298,-204
112000030,139,80,59
112000031,1011,1267,-256
112000032,498,22,476
112000033,1422,357,1065
112000034,321,13,308
112000035,23,116,-93
112000036,373,261,112
112000037,309,695,-386
112000038,457,595,-138
112000039,10,92,-82
112000040,88,281,-193
112000041,229,480,-251
112000042,476,276,200
112000050,246,935,-689
112000051,261,405,-144
112000054,1118,1786,-668
112000057,357,234,123
112000058,187,300,-113
112000059,578,330,248
112000061,5633,982,4651
112000062,3103,361,2742
112000063,1991,456,1535
112000064,4413,4528,-115
112000065,2115,2220,-105
112000066,1959,588,1371
112000067,532,583,-51
112000068,985,720,265
112000069,463,1857,-1394
112000070,894,296,598
112000071,481,2725,-2244
112000072,455,548,-93
112000073,706,1497,-791
112000074,309,460,-151
112000075,439,591,-152
112000076,2027,2264,-237
112000077,261,686,-425
112000078,527,513,14
112000079,715,1144,-429
112000080,271,749,-478
112000081,655,1682,-1027
112000082,510,377,133
112000083,314,1572,-1258
112000084,511,412,99
112000085,544,1139,-595
112000086,799,1171,-372
112000087,112,473,-361
112000088,107,611,-504
112000089,112,237,-125
112000090,119,317,-198
112000091,404,1074,-670
112000092,544,522,22
112000093,948,955,-7
112000094,188,604,-416
112000095,299,508,-209
112000096,96,562,-466
112000097,256,319,-63
112000098,366,1343,-977
112000099,267,259,8
112000100,527,594,-67
112000101,196,785,-589
112000102,366,384,-18
112000103,108,1187,-1079
112000105,368,1861,-1493
112000106,445,327,118
112000107,21,83,-62
112000108,139,1395,-1256
112000109,60,65,-5
112000110,611,301,310
112000111,865,3669,-2804
112000112,1446,289,1157
112000113,662,1926,-1264
112000114,914,474,440
112000115,102,475,-373
112000116,65,725,-660
112000117,219,407,-188
112000118,395,603,-208
112000119,194,753,-559
112000120,25,254,-229
112000121,31,615,-584
112000122,66,110,-44
112000123,167,83,84
112000124,94,59,35
112000125,28,88,-60
112000126,43,639,-596
112000127,1653,623,1030
112000128,898,253,645
112000129,37,102,-65
112000130,23,20,3
112000131,5,262,-257
112000132,41,251,-210
112000133,125,157,-32
112000134,209,394,-185
112000135,295,416,-121
112000136,406,892,-486
112000137,560,831,-271
112000138,847,1099,-252
112000139,558,123,435
112000140,592,886,-294
112000141,197,124,73
112000142,64,805,-741
112000143,246,146,100
112000144,121,1492,-1371
112000145,759,449,310
112000146,404,1972,-1568
112000147,682,902,-220
112000148,756,1667,-911
112000149,87,522,-435
112000150,68,436,-368
112000151,197,433,-236
112000152,107,247,-140
112000153,158,225,-67
112000154,45,81,-36
112000155,76,37,39
112000157,287,278,9
112000158,82,448,-366
112000159,128,214,-86
112000167,71,9,62
112000169,150,163,-13
112000173,173,158,15
112000175,100,242,-142
112000176,4782,1136,3646
112000177,93,44,49
112000178,33,371,-338
112000179,52,127,-75
112000180,165,168,-3
112000181,512,1512,-1000
112000182,233,1577,-1344
112000183,22,49,-27
112000184,109,398,-289
112000185,107,432,-325
112000187,1080,1342,-262
112000195,43,6,37
112000196,68,3,65
112000197,33,64,-31
112000198,15,327,-312
112000199,437,919,-482
112000202,59,0,59
112000216,26,86,-60
112000230,17,5,12
112000231,1,326,-325
112000256,17,82,-65
112000313,103,225,-122
112000314,0,7,-7
112000337,86,378,-292
112000352,95,95,0
112000392,1948,725,1223
112000398,382,452,-70
112000399,1055,683,372
112000400,1041,3215,-2174
112000401,1622,1876,-254
112000402,762,1112,-350
112000403,978,976,2
112000404,158,276,-118
112000405,837,1595,-758
112000406,2128,2272,-144
112000407,1934,3355,-1421
112000408,5832,4813,1019
112000409,1047,3635,-2588
112000410,88,68,20
112000411,3089,218,2871
112000412,527,112,415
112000413,6897,972,5925
112000414,27,90,-63
112000415,44,21,23
112000416,780,820,-40
112000417,108,38,70
112000421,17,104,-87
112000422,125,396,-271
112000424,1614,798,816
112000425,181,1085,-904
112000426,32,149,-117
112000427,0,9,-9
112000428,34,346,-312
112000429,1046,2173,-1127
112000430,920,2424,-1504
112000431,19,75,-56
112000432,223,1792,-1569
112000433,528,275,253
112000437,9,303,-294
112900001,11,0,11
112900002,58,1140,-1082
112900003,15,178,-163
112900004,6,235,-229
112900005,32,215,-183
112900006,5,313,-308
112900007,2,115,-113
112900008,0,4,-4
112900009,171,45,126
112900010,17,501,-484
112900011,199,225,-26
112900012,0,33,-33
112900013,0,55,-55
112900014,1,212,-211
112900015,174,681,-507
112900016,2,210,-208
112900017,12,132,-120
112900018,1,270,-269
112900019,23,118,-95
112900020,308,1281,-973
112900021,2,186,-184
112900022,6,44,-38
112900023,0,258,-258
112900024,12,103,-91
112900025,44,97,-53
112900026,1,246,-245
112900027,5,1128,-1123
112900028,11,66,-55
112900029,1,413,-412
112900030,213,77,136
112900031,4,487,-483
112900032,52,177,-125
112900034,1,21,-20
112900035,3,344,-341
112900036,16,87,-71
112900037,67,33,34
112900038,71,75,-4
112900039,3,276,-273
112900040,5,220,-215
112900041,824,277,547
112900042,17,249,-232
112900043,4,22,-18
112900044,329,187,142
112900045,510,142,368
112900046,138,41,97
112900047,8,14,-6
112900049,16,42,-26
112900050,46,494,-448
112900051,215,492,-277
112900052,5,813,-808
112900053,149,68,81
112900054,137,16,121
112900055,73,6,67
112900056,122,53,69
112900057,3,551,-548
112900058,151,47,104
112900059,34,104,-70
112900060,11,139,-128
112900061,6,96,-90
112900062,32,140,-108
112900063,34,0,34
112900064,72,96,-24
112900065,2,1,1
112900066,47,25,22
112900067,398,59,339
112900068,14,6,8
112900069,2198,169,2029
112900071,2,0,2
112900072,94,156,-62
112900073,166,14,152
112900074,14,32,-18
112900075,1757,218,1539
112900076,10,7,3
112900078,51,104,-53
112900079,32,13,19
112900080,4,0,4
112900081,22,38,-16
112900082,96,2,94
112900083,14,16,-2
112900084,65,17,48
112900086,12,0,12
112900087,114,10,104
112900088,16,0,16
112900089,224,5,219
112900090,5,4,1
112900091,20,3,17
112900092,53,53,0
112900093,192,5,187
112900095,2,0,2
112900096,104,21,83
112900097,14,287,-273
112900098,3,0,3
112900099,113,7,106
112900100,12,0,12
112900101,60,0,60
112900102,45,0,45
112900103,49,1,48
112900104,36,7,29
112900105,1,0,1
112900106,167,21,146
112900107,1,1,0
112900108,0,0,0
112900109,16,0,16
112900110,151,6,145
112900111,165,0,165
112900112,37,0,37
112900113,0,9,-9
112900114,3,6,-3
112900115,184,3,181
112900116,22,28,-6
112900117,97,63,34
112900118,2,58,-56
112900119,11,0,11
112900120,526,100,426
112900121,102,72,30
112900122,11,120,-109
112900123,77,2,75
112900124,0,103,-103
112900125,23,187,-164
112900126,53,219,-166
112900127,79,11,68
112900128,378,526,-148
112900129,4,838,-834
112900130,58,30,28
112900131,16,160,-144
112900132,28,322,-294
112900133,12,1035,-1023
112900134,1,204,-203
112900135,32,10,22
112900137,1,680,-679
112900138,5,468,-463
112900139,118,836,-718
112900141,110,9,101
112900142,46,23,23
112900143,37,456,-419
112900144,2,287,-285
112900145,35,288,-253
112900146,4,1056,-1052
112900147,7,2033,-2026
112900148,1,0,1
112900149,82,336,-254
112900151,20,26,-6
112900152,3850,648,3202
112900153,750,382,368
112900154,0,58,-58
112900155,14,3,11
112900156,23,1388,-1365
112900157,38,160,-122
112900158,9,2,7
112900159,120,20,100
112900160,3,223,-220
112900161,12,7,5
112900162,21,4,17
112900163,56,11,45
112900164,15,57,-42
112900165,20,18,2
112900166,1,16,-15
112900167,1,15,-14
112900168,0,0,0
112900169,6,2,4
112900170,28,37,-9
112900172,73,0,73
112900173,133,95,38
112900174,89,1,88
112900175,119,17,102
112900176,9,7,2
112900177,51,8,43
112900178,205,380,-175
112900179,16,526,-510
112900180,358,1834,-1476
112900181,118,2,116
112900182,7,1292,-1285
112900183,65,80,-15
112900184,225,162,63
112900185,112,285,-173
112900186,902,267,635
112900187,13,98,-85
112900188,651,174,477
112900189,2,15,-13
112900190,0,32,-32
112900192,194,83,111
112900193,511,115,396
112900194,3,79,-76
112900195,106,5,101
112900196,152,526,-374
112900197,55,298,-243
112900199,109,382,-273
112900200,99,144,-45
112900201,24,50,-26
112900202,37,733,-696
112900203,15,166,-151
112900204,436,150,286
112900205,0,4,-4
112900206,0,34,-34
112900207,0,0,0
112900208,30,29,1
112900209,168,233,-65
112900210,0,14,-14
112900211,24,9,15
112900212,0,27,-27
112900213,3,1,2
112900214,6,0,6
112900215,1,142,-141
112900216,18,18,0
112900217,1,50,-49
112900218,0,10,-10
112900219,5,6,-1
112900220,0,0,0
112900221,0,90,-90
112900222,0,11,-11
112900223,195,1,194
112900224,40,592,-552
112900225,110,473,-363
112900226,167,78,89
112900227,82,1210,-1128
112900228,7,17,-10
112900229,29,56,-27
112900230,6002,1102,4900
112900232,116,86,30
112900233,22,137,-115
112900234,2,92,-90
112900235,20,3,17
112900236,18,3,15
112900237,19,258,-239
112900238,0,32,-32
112900239,321,173,148
112900240,4,108,-104
112900241,5,124,-119
112900242,3,169,-166
112900243,0,161,-161
112900244,0,94,-94
112900245,1,31,-30
112900246,0,8,-8
112900247,61,11,50
112900248,13,0,13
112900249,25,13,12
112900250,25,20,5
112900251,12,16,-4
112900252,6,23,-17
112900253,2,6,-4
112900254,3,2,1
112900255,1,18,-17
112900256,2,12,-10
112900257,4,8,-4
112900258,0,1,-1
113000001,3101,2795,306
113000002,2440,2198,242
113000003,1350,999,351
113000004,1520,1298,222
113000005,727,616,111
113000006,566,960,-394
113000007,908,827,81
113000008,730,1223,-493
113000009,342,653,-311
113000010,447,1179,-732
113000011,390,1405,-1015
113000012,447,395,52
113000013,654,315,339
113000014,1455,1156,299
113000015,412,223,189
113000016,151,137,14
113000017,14,213,-199
113000018,64,23,41
113000019,7,178,-171
113000020,24,5,19
113000021,397,499,-102
113000022,244,949,-705
113000025,21,163,-142
113000026,71,187,-116
113000027,354,184,170
113000028,517,225,292
113000029,546,390,156
113000030,504,443,61
113000031,303,160,143
113000032,194,95,99
113000033,269,245,24
113000034,355,207,148
113000035,8,10,-2
113000036,17,40,-23
113000037,41,14,27
113000038,9,29,-20
113000039,42,247,-205
113000040,27,82,-55
113000042,555,538,17
113000051,374,953,-579
113000052,1668,757,911
113000053,137,430,-293
113000054,99,490,-391
113000055,446,675,-229
113000056,397,1389,-992
113000058,478,742,-264
113000059,819,676,143
113000060,42,523,-481
113000061,615,664,-49
113000062,797,75,722
113000063,33,131,-98
113000064,5,315,-310
113000065,144,1054,-910
113000066,234,63,171
113000067,734,603,131
113000068,389,1692,-1303
113000069,274,1059,-785
113000070,547,482,65
113000071,151,592,-441
113000072,158,313,-155
113000073,386,1167,-781
113000074,637,207,430
113000075,1407,271,1136
113000076,1116,1246,-130
113000077,1436,281,1155
113000078,801,940,-139
113000079,660,435,225
113000080,565,440,125
113000081,793,566,227
113000082,915,639,276
113000083,413,528,-115
113000084,1450,751,699
113000085,780,345,435
113000086,754,717,37
113000087,1015,664,351
113000088,1446,852,594
113000089,574,1066,-492
113000090,221,213,8
113000091,540,133,407
113000094,326,99,227
113000095,144,807,-663
113000096,190,678,-488
113000097,268,183,85
113000098,31,21,10
113000099,877,129,748
113000100,84,307,-223
113000101,214,369,-155
113000102,229,123,106
113000103,1687,548,1139
113000104,195,1608,-1413
113000105,210,307,-97
113000106,133,453,-320
113000107,294,660,-366
113000108,614,1163,-549
113000109,308,1510,-1202
113000110,1041,249,792
113000111,73,322,-249
113000112,282,325,-43
113000113,1800,221,1579
113000114,393,534,-141
113000116,420,191,229
113000117,456,132,324
113000118,85,168,-83
113000119,112,271,-159
113000120,16,133,-117
113000121,194,572,-378
113000124,101,121,-20
113000125,16,337,-321
113000127,2750,360,2390
113000128,278,274,4
113000129,432,746,-314
113000133,2941,459,2482
113000134,2,342,-340
113000135,1944,1210,734
113000137,2231,912,1319
113000139,320,85,235
113000140,128,160,-32
113000141,200,51,149
113000142,393,420,-27
113000143,237,97,140
113000144,243,369,-126
113000145,52,93,-41
113000146,40,67,-27
113000147,69,91,-22
113000148,41,102,-61
113000149,77,98,-21
113000150,392,269,123
113000151,121,45,76
113000152,15,110,-95
113000153,1287,318,969
113000154,318,606,-288
113000155,164,187,-23
113000156,95,260,-165
113000157,178,472,-294
113000158,325,134,191
113000159,452,284,168
113000160,325,795,-470
113000161,115,574,-459
113000162,268,224,44
113000163,29,29,0
113000164,24,90,-66
113000166,75,33,42
113000167,18,167,-149
113000168,20,150,-130
113000169,58,22,36
113000170,60,33,27
113000171,38,71,-33
113000172,169,53,116
113000173,17,8,9
113000174,83,489,-406
113000175,211,90,121
113000176,195,68,127
113000177,68,347,-279
113000178,97,329,-232
113000179,109,28,81
113000180,237,1001,-764
113000181,390,835,-445
113000182,99,136,-37
113000183,112,426,-314
113000184,6,65,-59
113000189,672,314,358
113000190,1106,210,896
113000192,1905,876,1029
113000193,3054,589,2465
113000194,1229,697,532
113000195,1552,338,1214
113000196,69,46,23
113000197,740,568,172
113000198,9,250,-241
113000199,301,288,13
113000201,201,117,84
113000202,2078,791,1287
113000203,313,50,263
113000204,1008,785,223
113000205,6,11,-5
113000206,4,25,-21
113000207,43,11,32
113000208,16,37,-21
113000209,21,15,6
113000210,9,23,-14
113000211,260,67,193
113000212,240,9,231
113000213,7,90,-83
113000214,56,123,-67
113000234,100,1247,-1147
113000410,21,66,-45
113000411,1646,2751,-1105
113000412,10144,1261,8883
113000413,3693,1054,2639
113000414,10349,4811,5538
113000415,2097,1376,721
113000416,8413,2087,6326
113000417,2637,1476,1161
113000418,2221,1748,473
113000419,1303,906,397
113000420,3357,1820,1537
113000421,3256,2705,551
113000422,14261,4058,10203
113000423,2384,1868,516
113000424,3805,4290,-485
113000425,16,36,-20
113000428,61,12,49
113000430,15,18,-3
113000432,617,44,573
113000433,113,807,-694
113000434,18,280,-262
113000435,5,737,-732
113000436,56,1209,-1153
113000437,186,10,176
113000438,89,12,77
113000439,15,170,-155
113000440,34,13,21
113000441,43,172,-129
113000442,84,253,-169
113000443,40,215,-175
113000444,47,262,-215
113000445,26,122,-96
113000446,23,73,-50
113000448,169,122,47
113000449,203,470,-267
113000450,395,1037,-642
113000451,993,80,913
113000452,271,235,36
113000453,155,168,-13
113000454,438,36,402
113000455,67,87,-20
113000456,2426,1275,1151
113000468,1954,173,1781
113000469,126,39,87
113000470,315,33,282
113000471,1,188,-187
113000472,40,180,-140
113000474,132,615,-483
113000475,898,1198,-300
113000476,611,1615,-1004
113000477,1127,1837,-710
113000478,1933,4170,-2237
113000479,11,226,-215
113000485,0,0,0
113000486,0,0,0
113000487,0,0,0
113000488,0,0,0
113000489,0,0,0
113000490,0,0,0
113000491,0,0,0
113000492,0,0,0
113000493,0,0,0
113000495,110,197,-87
113000496,41,63,-22
113000497,0,0,0
113000499,0,0,0
113900001,0,49,-49
113900002,0,84,-84
113900003,0,35,-35
113900004,2,7,-5
113900005,0,4,-4
113900006,0,1,-1
113900007,37,1,36
113900008,44,0,44
113900009,126,0,126
113900010,65,0,65
113900011,7,3,4
113900012,9,0,9
113900013,186,2,184
113900014,416,2,414
113900015,1,43,-42
113900016,13,0,13
113900017,0,31,-31
113900018,275,32,243
113900019,16,31,-15
113900020,18,1,17
113900022,2,0,2
113900023,1,0,1
113900024,25,55,-30
113900025,232,5,227
113900026,36,0,36
113900027,0,32,-32
113900028,7,284,-277
113900029,11,278,-267
113900030,71,2,69
113900031,0,0,0
113900032,1,0,1
113900033,51,56,-5
113900035,15,0,15
113900036,10,46,-36
113900037,10,511,-501
113900038,62,36,26
113900039,17,2,15
113900040,0,1,-1
113900041,0,4,-4
113900042,38,28,10
113900043,124,73,51
113900044,87,18,69
113900045,19,3,16
113900046,275,496,-221
113900047,9,102,-93
113900048,200,7,193
113900049,659,54,605
113900050,96,208,-112
113900051,108,328,-220
113900052,121,72,49
113900053,207,63,144
113900054,10,1,9
113900055,68,414,-346
113900056,31,87,-56
113900057,9,362,-353
113900058,28,109,-81
113900059,63,261,-198
113900060,70,230,-160
113900061,584,25,559
113900062,39,8,31
113900063,23,98,-75
113900064,14,123,-109
113900065,301,20,281
113900066,105,383,-278
113900067,30,269,-239
113900068,240,206,34
113900069,90,7,83
113900070,131,303,-172
113900071,67,34,33
113900072,26,133,-107
113900073,74,267,-193
113900074,13,332,-319
113900075,507,636,-129
113900076,56,4,52
113900077,14,196,-182
113900078,32,30,2
113900079,0,47,-47
113900080,244,92,152
113900081,16,141,-125
113900082,95,162,-67
113900083,58,577,-519
113900084,117,30,87
113900085,21,296,-275
113900086,5,8,-3
113900087,16,155,-139
113900088,10,27,-17
113900089,202,23,179
113900090,207,199,8
113900091,9,7,2
113900092,37,43,-6
113900093,48,304,-256
113900094,48,503,-455
113900095,32,74,-42
113900096,36,27,9
113900097,1,110,-109
113900098,176,28,148
113900099,1,43,-42
113900100,0,1,-1
113900101,9,45,-36
113900102,45,63,-18
113900103,111,215,-104
113900104,74,55,19
113900105,7,286,-279
113900106,0,58,-58
113900107,2,12,-10
113900108,123,88,35
113900109,151,93,58
113900110,15,16,-1
113900111,26,70,-44
113900112,17,56,-39
113900113,295,308,-13
113900114,0,115,-115
113900115,0,89,-89
113900116,24,74,-50
113900117,15,7,8
113900118,42,105,-63
113900119,191,107,84
113900120,13,18,-5
113900121,14,50,-36
113900122,137,880,-743
113900123,154,110,44
113900124,1,93,-92
113900125,1044,118,926
113900126,75,22,53
113900127,97,246,-149
113900128,62,19,43
113900129,1,38,-37
113900130,0,10,-10
113900131,42,23,19
113900132,15,34,-19
113900133,9,21,-12
113900135,130,329,-199
113900136,90,53,37
113900137,144,123,21
113900138,25,82,-57
113900139,321,37,284
113900140,254,59,195
113900141,99,369,-270
113900142,42,45,-3
113900143,4,7,-3
113900144,245,70,175
113900145,94,127,-33
113900146,11,39,-28
113900148,79,121,-42
113900149,81,16,65
113900150,1067,299,768
113900151,46,177,-131
113900152,5,60,-55
113900153,330,269,61
113900154,1,45,-44
113900155,154,33,121
113900156,130,470,-340
113900157,12,188,-176
113900158,185,62,123
113900159,7,109,-102
113900160,275,550,-275
113900161,16,136,-120
113900162,372,205,167
113900163,232,107,125
113900164,96,34,62
113900165,471,326,145
113900166,109,34,75
113900167,156,6,150
113900168,47,86,-39
113900169,102,324,-222
113900171,31,8,23
113900172,9,137,-128
113900173,25,527,-502
113900174,212,637,-425
113900175,88,41,47
113900176,107,554,-447
113900177,146,133,13
113900178,77,85,-8
113900179,11,509,-498
113900180,77,91,-14
113900181,212,32,180
113900182,228,824,-596
113900183,15,37,-22
113900184,8,379,-371
113900185,89,54,35
113900186,11,26,-15
113900187,12,124,-112
113900188,20,96,-76
113900189,78,50,28
113900190,208,63,145
113900191,37,141,-104
113900192,6,145,-139
113900193,26,236,-210
113900194,1427,702,725
113900195,240,367,-127
113900196,0,96,-96
113900197,1,265,-264
113900198,4,97,-93
113900199,131,448,-317
113900200,3,193,-190
113900201,1,207,-206
113900202,11,144,-133
113900203,3,202,-199
113900204,13,579,-566
113900205,6,76,-70
113900206,0,62,-62
113900207,0,48,-48
113900208,0,47,-47
113900209,1,85,-84
113900210,291,217,74
113900211,48,18,30
113900212,77,452,-375
113900214,315,202,113
113900215,15,128,-113
113900216,13,976,-963
113900217,6,288,-282
113900218,44,14,30
113900219,68,402,-334
113900220,67,31,36
113900221,186,64,122
113900222,155,123,32
113900223,38,747,-709
113900224,73,47,26
113900225,531,125,406
113900226,202,81,121
113900227,216,63,153
113900228,229,180,49
113900229,21,408,-387
113900230,3389,604,2785
113900231,54,146,-92
113900232,20,48,-28
113900233,18,33,-15
113900234,69,277,-208
113900235,12,18,-6
113900236,14,182,-168
113900237,29,3,26
113900238,91,207,-116
113900239,28,45,-17
113900240,24,70,-46
113900241,55,37,18
113900242,29,102,-73
113900243,42,276,-234
113900244,334,108,226
113900245,951,120,831
113900246,8,11,-3
113900247,76,77,-1
113900248,2943,555,2388
113900249,686,71,615
113900250,25,49,-24
113900251,183,135,48
113900252,155,2,153
113900253,295,21,274
113900254,180,32,148
113900255,163,12,151
113900256,128,16,112
113900257,21,648,-627
113900258,13,395,-382
113900259,176,156,20
113900260,75,36,39
113900261,3,96,-93
113900262,70,639,-569
113900263,31,376,-345
113900264,2,495,-493
113900265,45,193,-148
113900266,9,232,-223
113900267,56,288,-232
113900268,99,189,-90
113900269,40,108,-68
113900270,102,224,-122
113900271,347,1210,-863
113900273,6,0,6
113900274,8,2,6
113900275,17,39,-22
113900276,1,236,-235
113900277,32,4,28
113900278,205,140,65
113900279,82,56,26
113900280,694,298,396
113900281,139,489,-350
113900282,628,205,423
113900283,162,216,-54
113900284,302,61,241
113900285,34,8,26
113900286,6,80,-74
113900287,8,49,-41
113900288,1,64,-63
113900289,1063,42,1021
113900290,196,38,158
113900291,126,180,-54
113900292,1,0,1
113900293,3,183,-180
113900294,147,6,141
113900295,527,174,353
113900296,2161,238,1923
113900297,320,8,312
113900298,6,1185,-1179
113900299,2,86,-84
113900300,4605,1363,3242
113900301,463,185,278
113900302,1897,380,1517
113900303,423,103,320
113900304,1,90,-89
113900305,24,0,24
113900306,1,0,1
113900307,38,0,38
113900308,48,62,-14
113900309,3,587,-584
113900310,0,15,-15
113900311,0,0,0
113900312,29,52,-23
113900313,14,5,9
114000001,771,2453,-1682
114000002,70,382,-312
114000003,30,300,-270
114000004,220,337,-117
114000005,102,231,-129
114000006,5330,1428,3902
114000007,422,1074,-652
114000008,1866,687,1179
114000009,133,127,6
114000011,1554,2406,-852
114000012,850,2223,-1373
114000013,579,1712,-1133
114000014,318,372,-54
114000015,455,484,-29
114000016,267,409,-142
114000017,72,182,-110
114000018,241,67,174
114000026,390,1424,-1034
114000027,901,1568,-667
114000028,880,1219,-339
114000038,55,133,-78
114000039,27,56,-29
114000040,62,143,-81
114000042,44,184,-140
114000043,38,196,-158
114000044,39,36,3
114000045,59,122,-63
114000046,2513,3512,-999
114000047,3,50,-47
114000048,26,23,3
114000049,1466,740,726
114000050,2049,800,1249
114000051,4981,998,3983
114000052,2818,719,2099
114000053,25,322,-297
114000054,32,1146,-1114
114000055,110,16,94
114000056,700,389,311
114000057,6632,1663,4969
114000058,284,357,-73
114000059,124,120,4
114000060,326,893,-567
114000061,3014,886,2128
114000062,1132,386,746
114000063,3090,1202,1888
114000064,6697,1524,5173
114000065,1517,1552,-35
114000066,139,402,-263
114000067,11,221,-210
114000068,326,237,89
114000069,533,238,295
114000070,1865,733,1132
114000071,282,436,-154
114000072,66,282,-216
114000073,6,98,-92
114000074,4,7,-3
114000075,17,145,-128
114000076,8,126,-118
114000077,1,53,-52
114000078,54,1025,-971
114000079,29,17,12
114000080,52,74,-22
114000081,29,45,-16
114000082,39,510,-471
114000083,17,307,-290
114000084,43,61,-18
114000085,100,816,-716
114000086,70,681,-611
114000087,12,259,-247
114000088,10,57,-47
114000089,1153,408,745
114000090,573,254,319
114000091,1417,262,1155
114000092,847,209,638
114000093,636,504,132
114000094,261,397,-136
114000095,52,45,7
114000096,53,422,-369
114000097,81,902,-821
114000098,92,28,64
114000099,63,793,-730
114000100,256,538,-282
114000101,125,1225,-1100
114000102,95,195,-100
114000103,57,414,-357
114000104,2,267,-265
114000105,10,89,-79
114000106,557,200,357
114000107,52,82,-30
114000108,1695,940,755
114000109,107,220,-113
114000110,240,1468,-1228
114000111,284,176,108
114000112,176,1608,-1432
114000113,277,203,74
114000114,750,1448,-698
114000115,591,246,345
114000116,181,411,-230
114000117,657,199,458
114000118,503,158,345
114000119,353,127,226
114000120,366,784,-418
114000121,268,397,-129
114000122,177,183,-6
114000123,318,143,175
114000124,124,130,-6
114000125,482,1327,-845
114000126,320,76,244
114000127,50,65,-15
114000128,336,342,-6
114000130,218,226,-8
114000131,53,18,35
114000132,454,801,-347
114000133,1245,1238,7
114000134,33,232,-199
114000138,48,162,-114
114000139,679,52,627
114000144,349,198,151
114000145,32,172,-140
114000146,50,369,-319
114000147,538,378,160
114000148,1596,566,1030
114000149,247,79,168
114000150,948,525,423
114000151,419,522,-103
114000152,160,13,147
114000153,940,862,78
114000154,731,498,233
114000155,1152,979,173
114000156,861,287,574
114000157,237,489,-252
114000158,2189,516,1673
114000159,233,338,-105
114000160,121,139,-18
114000161,1357,583,774
114000162,743,399,344
114000163,5,115,-110
114000165,143,71,72
114000166,572,98,474
114000167,3802,931,2871
114000168,832,592,240
114000169,1491,282,1209
114000170,640,292,348
114000171,390,620,-230
114000174,117,265,-148
114000176,584,288,296
114000177,1326,556,770
114000178,11,59,-48
114000179,806,351,455
114000180,208,427,-219
114000181,891,1303,-412
114000182,4203,1538,2665
114000183,784,870,-86
114000184,5352,1358,3994
114000185,475,469,6
114000189,161,19,142
114000190,650,67,583
114000191,5,32,-27
114000192,262,1294,-1032
114000193,749,2666,-1917
114000194,668,883,-215
114000195,12,5,7
114000196,2,264,-262
114000197,301,59,242
114000198,842,307,535
114000199,1125,665,460
114000200,470,2231,-1761
114000201,60,986,-926
114000202,461,540,-79
114000203,214,733,-519
114000204,60,282,-222
114000205,162,1640,-1478
114000206,163,936,-773
114000207,423,1873,-1450
114000208,296,2721,-2425
114000209,424,2900,-2476
114000210,239,1651,-1412
114000211,550,1199,-649
114000212,368,566,-198
114000213,674,418,256
114000214,21,243,-222
114000215,48,45,3
114000216,238,116,122
114000217,31,209,-178
114000218,70,244,-174
114000219,227,182,45
114000220,1,1225,-1224
114000221,205,53,152
114000222,107,1102,-995
114000223,181,21,160
114000224,111,559,-448
114000225,80,416,-336
114000226,33,289,-256
114000227,445,360,85
114000228,253,785,-532
114000229,291,964,-673
114000230,661,1186,-525
114000231,305,979,-674
114000232,223,65,158
114000233,641,107,534
114000234,482,876,-394
114000235,369,1099,-730
114000236,1,511,-510
114000237,36,943,-907
114000238,10,135,-125
114000239,56,1267,-1211
114000240,318,487,-169
114000241,147,903,-756
114000242,691,705,-14
114000243,454,515,-61
114000244,202,183,19
114000245,198,470,-272
114000246,73,29,44
114000247,279,493,-214
114000248,400,321,79
114000249,209,317,-108
114000250,103,378,-275
114000251,74,255,-181
114000252,34,99,-65
114000253,32,238,-206
114000254,9,67,-58
114000255,283,96,187
114000256,904,237,667
114000257,371,1854,-1483
114000258,52,427,-375
114000259,38,254,-216
114000260,0,29,-29
114000261,18,13,5
114000262,19,203,-184
114000263,0,0,0
114000264,137,495,-358
114000265,0,2,-2
114000267,2,870,-868
114000268,4,1686,-1682
114000270,93,0,93
114000271,175,54,121
114000283,403,354,49
114000285,32,248,-216
114000288,28,366,-338
114000289,770,157,613
114000293,39,261,-222
114000294,117,367,-250
114000395,514,22,492
114000396,88,171,-83
114000402,134,238,-104
114000403,154,477,-323
114000405,99,569,-470
114000423,27,438,-411
114000424,165,184,-19
114000425,78,524,-446
114000426,141,230,-89
114000427,22,118,-96
114000428,299,38,261
114000429,2,206,-204
114000432,21,82,-61
114000434,21,130,-109
114000435,1,111,-110
114900001,173,1312,-1139
114900002,157,28,129
114900003,94,1847,-1753
114900004,55,57,-2
114900005,113,844,-731
114900006,10,20,-10
114900007,27,5,22
114900008,52,24,28
114900010,2523,1758,765
114900011,21,30,-9
114900013,46,36,10
114900015,9,94,-85
114900018,389,50,339
114900020,29,34,-5
114900022,52,322,-270
114900024,52,92,-40
114900025,147,173,-26
114900026,20,26,-6
114900027,170,182,-12
114900029,20,9,11
114900030,115,124,-9
114900031,33,33,0
114900032,33,32,1
114900033,899,158,741
114900034,17,283,-266
114900035,93,139,-46
114900036,171,946,-775
114900037,58,215,-157
114900038,78,1010,-932
114900039,452,869,-417
114900040,53,176,-123
114900041,193,709,-516
114900042,241,862,-621
114900043,513,264,249
114900044,16,7,9
114900046,49,166,-117
114900047,126,850,-724
114900048,23,208,-185
114900049,15,225,-210
114900050,17,588,-571
114900051,5,482,-477
114900052,36,150,-114
114900053,31,169,-138
114900054,30,174,-144
114900057,88,1,87
114900058,0,60,-60
114900059,28,12,16
114900060,1441,170,1271
114900061,63,209,-146
114900062,357,202,155
114900063,17,359,-342
114900064,269,645,-376
114900065,98,466,-368
114900067,13,354,-341
114900068,37,183,-146
114900069,205,154,51
114900070,86,461,-375
114900072,7,238,-231
114900073,1,144,-143
114900074,107,905,-798
114900075,57,0,57
114900076,2,280,-278
114900080,2242,277,1965
114900082,3056,1255,1801
114900083,239,563,-324
114900090,71,48,23
114900091,67,187,-120
114900095,328,103,225
114900096,710,404,306
114900097,27,0,27
114900098,0,193,-193
114900099,41,2,39
115000001,7363,5832,1531
115000002,1963,2137,-174
115000003,2752,3978,-1226
115000004,1313,2959,-1646
115000005,726,2467,-1741
115000006,264,939,-675
115000007,71,105,-34
115000008,248,338,-90
115000009,66,288,-222
115000010,191,104,87
115000013,42,68,-26
115000015,106,101,5
115000016,53,124,-71
115000019,6,278,-272
115000020,114,124,-10
115000021,194,342,-148
115000022,282,264,18
115000023,165,163,2
115000024,580,407,173
115000025,355,220,135
115000026,83,274,-191
115000027,94,109,-15
115000028,50,357,-307
115000029,117,89,28
115000030,101,488,-387
115000031,384,76,308
115000032,7,228,-221
115000033,52,8,44
115000034,76,651,-575
115000035,443,18,425
115000036,1,285,-284
115000037,91,1,90
115000038,42,171,-129
115000039,2086,1076,1010
115000040,5048,2162,2886
115000041,757,1629,-872
115000042,445,448,-3
115000043,2135,1718,417
115000044,2585,3752,-1167
115000045,1093,2301,-1208
115000046,826,1464,-638
115000047,842,1375,-533
115000048,898,2739,-1841
115000049,980,2218,-1238
115000050,1436,1203,233
115000051,1498,826,672
115000052,2727,1528,1199
115000053,821,749,72
115000054,751,1165,-414
115000055,22,311,-289
115000056,82,148,-66
115000057,150,512,-362
115000058,191,85,106
115000059,105,254,-149
115000061,101,45,56
115000062,67,252,-185
115000063,34,313,-279
115000064,89,119,-30
115000065,12,116,-104
115000067,70,15,55
115000069,33,185,-152
115000070,20,387,-367
115000071,58,3,55
115000072,17,35,-18
115000073,823,23,800
115000075,14,38,-24
115000076,2304,2894,-590
115000077,717,3470,-2753
115000078,292,1704,-1412
115000079,486,2210,-1724
115000080,763,2602,-1839
115000081,274,796,-522
115000082,1790,1907,-117
115000083,1024,2974,-1950
115000084,555,781,-226
115000085,193,923,-730
115000086,274,856,-582
115000087,398,1142,-744
115000088,918,411,507
115000089,1456,1195,261
115000090,638,380,258
115000091,222,1091,-869
115000092,235,184,51
115000093,297,6,291
115000094,5666,2806,2860
115000095,4716,2675,2041
115000096,475,1876,-1401
115000097,181,547,-366
115000098,300,713,-413
115000099,726,2498,-1772
115000100,321,307,14
115000101,210,1398,-1188
115000102,202,93,109
115000103,274,778,-504
115000105,33,210,-177
115000106,118,130,-12
115000107,99,491,-392
115000108,2827,2559,268
115000109,3689,1213,2476
115000110,884,435,449
115000111,513,945,-432
115000112,348,233,115
115000113,455,573,-118
115000114,1089,575,514
115000116,2040,754,1286
115000117,2549,972,1577
115000118,1668,795,873
115000119,1681,964,717
115000120,620,440,180
115000121,1302,419,883
115000122,2840,399,2441
115000123,1256,638,618
115000124,490,401,89
115000125,214,372,-158
115000126,81,131,-50
115000127,245,85,160
115000128,750,591,159
115000129,138,88,50
115000130,121,873,-752
115000131,179,278,-99
115000132,41,421,-380
115000133,97,268,-171
115000134,49,166,-117
115000135,45,190,-145
115000136,70,151,-81
115000137,52,125,-73
115000138,91,178,-87
115000139,115,223,-108
115000140,65,132,-67
115000141,89,273,-184
115000142,33,267,-234
115000143,155,399,-244
115000144,200,50,150
115000145,85,471,-386
115000146,125,121,4
115000147,193,419,-226
115000148,128,1327,-1199
115000149,216,91,125
115000150,334,1420,-1086
115000151,262,290,-28
115000152,334,1733,-1399
115000153,161,231,-70
115000154,269,200,69
115000155,227,1212,-985
115000156,501,348,153
115000157,595,670,-75
115000158,364,164,200
115000159,379,201,178
115000160,339,132,207
115000161,96,393,-297
115000162,405,292,113
115000163,351,437,-86
115000164,349,376,-27
115000165,230,241,-11
115000167,52,62,-10
115000168,369,282,87
115000169,287,280,7
115000170,56,95,-39
115000171,214,160,54
115000172,1368,396,972
115000173,133,155,-22
115000174,26,124,-98
115000175,92,113,-21
115000176,52,44,8
115000177,14,100,-86
115000178,2,212,-210
115000179,16,29,-13
115000180,29,511,-482
115000181,185,62,123
115000182,280,322,-42
115000183,59,758,-699
115000186,305,147,158
115000187,81,498,-417
115000188,359,263,96
115000189,173,343,-170
115000190,398,201,197
115000191,134,251,-117
115000194,120,50,70
115000195,258,118,140
115000196,67,95,-28
115000197,51,339,-288
115000198,76,155,-79
115000199,47,275,-228
115000200,159,73,86
115000201,40,328,-288
115000206,79,11,68
115000207,19,214,-195
115000208,369,455,-86
115000209,130,106,24
115000210,62,50,12
115000211,104,113,-9
115000212,896,205,691
115000224,86,33,53
115000225,47,33,14
115000229,158,91,67
115000230,41,317,-276
115000231,225,1965,-1740
115000232,424,254,170
115000233,20,204,-184
115000234,23,183,-160
115000241,24,205,-181
115000242,31,204,-173
115000243,8,279,-271
115000244,12,80,-68
115000246,7,4,3
115000247,6,14,-8
115000248,4,3,1
115000249,51,3,48
115000250,65,30,35
115000251,32,85,-53
115000252,12,95,-83
115000253,7,103,-96
115000258,62,149,-87
115000259,174,80,94
115000261,21,23,-2
115000262,1,33,-32
115000263,6,35,-29
115000264,9,19,-10
115000267,14,46,-32
115000268,7,58,-51
115000269,37,33,4
115000270,2,18,-16
115000272,19,95,-76
115000273,121,16,105
115000280,1620,17,1603
115000281,557,59,498
115000282,372,169,203
115000284,315,51,264
115000296,211,3,208
115000297,86,16,70
115000298,134,38,96
115000300,31,156,-125
115000302,80,116,-36
115000303,190,61,129
115000304,200,49,151
115000305,29,911,-882
115000306,61,556,-495
115000307,12,292,-280
115000308,29,8,21
115000309,3,12,-9
115000310,336,1134,-798
115000311,233,1072,-839
115000313,56,678,-622
115000314,86,45,41
115000315,1166,185,981
115000316,17,33,-16
115000317,73,388,-315
115000318,251,131,120
115000319,18,234,-216
115000320,4,79,-75
115000321,104,2,102
115000322,9,188,-179
115000449,191,64,127
115000557,1,199,-198
115000558,73,33,40
115000587,146,154,-8
115000588,1549,3615,-2066
115000589,1781,2007,-226
115000590,415,1037,-622
115000591,678,375,303
115000592,461,985,-524
115000593,1113,238,875
115000594,629,884,-255
115000609,140,116,24
115000617,720,648,72
115000624,57,65,-8
115000633,248,1333,-1085
115000634,1522,378,1144
115000635,121,45,76
115000638,1024,601,423
115000641,73,64,9
115000642,344,174,170
115000643,85,400,-315
115000644,76,417,-341
115000646,442,608,-166
115000647,63,275,-212
115000648,478,1355,-877
115000893,2827,510,2317
115000894,34,1034,-1000
115000895,137,693,-556
115000896,640,162,478
115000897,333,38,295
115000898,694,143,551
115000899,686,646,40
115000900,43,241,-198
115000901,32,58,-26
115000912,125,39,86
115000913,1,35,-34
115000915,6,0,6
115000916,2,0,2
115000917,0,0,0
115000918,63,73,-10
115000919,16,2,14
115000920,11,23,-12
115000921,1043,27,1016
115000922,715,235,480
115000923,334,533,-199
115000925,17,35,-18
115000927,5,15,-10
115000933,221,73,148
115000934,26,172,-146
115000935,12,53,-41
115000936,19,130,-111
115000937,992,114,878
115000938,90,60,30
115000939,143,63,80
115000940,1,8,-7
115000941,3,3,0
115000942,18,13,5
115000943,53,9,44
115000944,7,1,6
115900001,8,61,-53
115900002,81,118,-37
115900003,42,82,-40
115900004,0,41,-41
115900005,36,0,36
115900006,36,335,-299
115900008,8,5,3
115900009,34,220,-186
115900010,64,151,-87
115900011,67,255,-188
115900012,9,90,-81
115900013,338,103,235
115900014,58,111,-53
115900015,12,98,-86
115900016,39,23,16
115900017,0,0,0
115900018,163,70,93
115900019,224,13,211
115900020,10,1,9
115900021,1363,47,1316
115900022,1888,4,1884
115900023,13,1,12
115900025,50,100,-50
115900026,828,364,464
115900027,1,436,-435
115900028,382,16,366
115900029,3,392,-389
115900030,10,4,6
115900031,235,92,143
115900032,140,574,-434
115900033,0,29,-29
115900034,4,433,-429
115900035,41,66,-25
115900036,123,105,18
115900037,17,467,-450
115900038,6,4,2
115900039,49,223,-174
115900041,158,137,21
115900042,2,3,-1
115900043,15,98,-83
115900044,119,115,4
115900046,84,208,-124
115900047,21,9,12
115900049,57,172,-115
115900051,0,64,-64
115900052,8,345,-337
115900053,51,210,-159
115900054,29,52,-23
115900055,9,211,-202
115900056,62,319,-257
115900057,4,0,4
115900058,29,105,-76
115900060,45,81,-36
115900061,33,0,33
115900062,4,263,-259
115900063,38,14,24
115900064,116,197,-81
115900065,19,111,-92
115900066,111,139,-28
115900067,3,796,-793
115900068,3439,69,3370
115900069,44,155,-111
115900070,67,256,-189
115900071,0,578,-578
115900072,64,170,-106
115900073,10,17,-7
115900074,1,348,-347
115900075,26,306,-280
115900076,1,106,-105
115900077,3,291,-288
115900078,27,143,-116
115900079,28,5,23
115900080,284,103,181
115900081,3,87,-84
115900082,156,124,32
115900084,53,8,45
115900085,28,12,16
115900086,1105,254,851
115900088,3,6,-3
115900089,41,679,-638
115900090,43,7,36
115900091,0,4,-4
115900092,7,218,-211
115900093,0,22,-22
115900094,4,402,-398
115900096,1,10,-9
115900097,11,576,-565
115900098,26,338,-312
115900099,3,88,-85
115900100,6,490,-484
115900101,47,255,-208
115900102,4,45,-41
115900103,59,188,-129
115900104,14,126,-112
115900105,16,569,-553
115900106,9,15,-6
115900107,8,129,-121
115900108,17,27,-10
115900109,22,420,-398
115900110,0,14,-14
115900111,0,77,-77
115900112,21,635,-614
115900113,14,9,5
115900114,0,122,-122
115900115,14,113,-99
115900116,50,901,-851
115900117,8,10,-2
115900118,1,299,-298
115900119,22,81,-59
115900120,9,295,-286
115900121,58,176,-118
115900124,85,126,-41
115900125,94,10,84
115900126,210,22,188
115900127,225,18,207
115900128,2,58,-56
115900129,247,12,235
115900130,31,157,-126
115900131,42,23,19
115900132,69,8,61
115900134,73,10,63
115900135,474,351,123
115900137,25,2,23
115900139,48,21,27
115900140,31,2,29
115900141,5,24,-19
115900142,2,7,-5
115900143,19,118,-99
115900144,12,99,-87
115900146,3,117,-114
115900147,102,126,-24
115900148,1,2,-1
115900149,10,24,-14
115900150,13,71,-58
115900151,0,25,-25
115900152,34,246,-212
115900153,7,196,-189
115900154,266,224,42
115900155,0,67,-67
115900156,236,555,-319
115900157,22,394,-372
115900158,27,8,19
115900159,20,241,-221
115900160,9,0,9
115900161,18,128,-110
115900163,76,88,-12
115900164,92,15,77
115900166,120,165,-45
115900168,11,141,-130
115900171,33,207,-174
115900172,10,116,-106
115900173,61,127,-66
115900174,167,174,-7
115900175,37,112,-75
115900178,3,622,-619
115900179,37,12,25
115900180,25,267,-242
115900181,44,299,-255
115900182,100,220,-120
115900183,34,3,31
115900184,964,9,955
115900187,4,109,-105
115900189,1,42,-41
115900190,294,211,83
115900191,48,488,-440
115900192,2,28,-26
115900193,52,13,39
115900194,150,20,130
115900195,350,371,-21
115900198,152,173,-21
115900199,142,191,-49
115900200,373,209,164
115900201,97,174,-77
115900202,0,8,-8
115900203,1,0,1
115900204,0,0,0
115900205,9,2,7
115900206,23,94,-71
115900207,4,8,-4
115900208,26,272,-246
115900209,1,117,-116
115900210,1,150,-149
115900211,1,183,-182
115900212,32,193,-161
115900213,8,7,1
115900214,62,241,-179
115900215,6,6,0
115900216,5,61,-56
115900217,3,39,-36
115900218,1,41,-40
115900219,10,1,9
115900220,16,5,11
115900221,7,12,-5
115900222,8,6,2
115900223,2,26,-24
115900224,1130,121,1009
115900225,81,5,76
115900226,4,41,-37
115900227,0,28,-28
115900228,1,20,-19
115900229,1,47,-46
115900230,19,43,-24
115900231,38,1,37
115900232,4,1,3
115900233,16,2,14
115900234,14,8,6
115900235,0,8,-8
115900236,9,17,-8
115900237,1,19,-18
115900238,1,8,-7
115900239,1,16,-15
115900240,1,39,-38
115900241,34,58,-24
115900242,77,77,0
115900243,1,4,-3
115900244,3,12,-9
115900245,5,9,-4
115900246,3,1,2
115900247,18,3,15
115900248,11,3,8
115900249,2,4,-2
115900250,3,7,-4
115900251,0,12,-12
115900252,0,2,-2
115900253,2,4,-2
115900254,1,24,-23
115900255,6,9,-3
115900256,10,4,6
115900257,0,8,-8
115900258,0,0,0
115900259,0,0,0
115900260,7,0,7
115900261,2,0,2
115900262,0,0,0
115900263,3,3,0
115900264,4,4,0
115900265,0,4,-4
115900266,11,5,6
115900267,2,1,1
115900268,1,2,-1
115900269,74,289,-215
115900270,106,647,-541
115900271,18,0,18
115900272,7,0,7
115900273,0,4,-4
115900274,1,11,-10
115900275,1,24,-23
115900276,1,61,-60
115900277,1,100,-99
115900278,4,69,-65
115900279,8,84,-76
115900280,13,64,-51
115900281,359,48,311
115900282,9,2,7
115900283,5,3,2
115900284,10,5,5
116000001,15340,3571,11769
116000002,2095,2276,-181
116000003,1026,1409,-383
116000004,729,918,-189
116000005,1528,2191,-663
116000006,814,586,228
116000007,2536,2907,-371
116000008,1544,953,591
116000009,1143,2177,-1034
116000010,624,479,145
116000011,517,1395,-878
116000012,280,330,-50
116000013,13215,3174,10041
116000014,16846,3150,13696
116000015,261,311,-50
116000016,5967,748,5219
116000017,19,212,-193
116000018,475,241,234
116000019,216,158,58
116000020,183,920,-737
116000021,103,173,-70
116000022,133,416,-283
116000023,291,261,30
116000024,416,1151,-735
116000025,367,253,114
116000026,797,1398,-601
116000027,267,244,23
116000028,186,314,-128
116000029,687,313,374
116000030,154,112,42
116000031,83,139,-56
116000032,59,195,-136
116000033,49,292,-243
116000034,185,617,-432
116000035,70,328,-258
116000036,1237,227,1010
116000037,303,162,141
116000038,293,171,122
116000039,403,188,215
116000040,362,99,263
116000041,114,394,-280
116000042,186,126,60
116000043,28,334,-306
116000044,7,74,-67
116000045,602,536,66
116000046,502,533,-31
116000047,1054,1057,-3
116000048,859,771,88
116000049,372,873,-501
116000050,631,998,-367
116000051,1031,789,242
116000052,1450,2069,-619
116000053,544,626,-82
116000054,314,1905,-1591
116000055,147,1105,-958
116000056,234,481,-247
116000057,1656,1627,29
116000058,1601,1183,418
116000059,1260,1719,-459
116000060,1919,467,1452
116000061,394,690,-296
116000062,369,160,209
116000063,213,836,-623
116000066,71,144,-73
116000067,158,532,-374
116000068,73,104,-31
116000069,144,408,-264
116000078,79,593,-514
116000080,590,788,-198
116000082,1,81,-80
116000083,692,219,473
116000084,1376,3020,-1644
116000085,1108,467,641
116000086,1460,1307,153
116000087,699,465,234
116000088,416,892,-476
116000089,65,67,-2
116000090,98,183,-85
116000091,76,78,-2
116000093,465,295,170
116000094,198,495,-297
116000095,256,277,-21
116000096,305,792,-487
116000097,178,550,-372
116000098,185,1978,-1793
116000099,5612,210,5402
116000100,29,13,16
116000101,227,1171,-944
116000102,93,872,-779
116000103,177,148,29
116000104,68,1260,-1192
116000105,321,160,161
116000106,116,878,-762
116000107,428,413,15
116000108,9,133,-124
116000111,27,4,23
116000113,82,30,52
116000114,21,117,-96
116000115,79,28,51
116000116,92,443,-351
116000117,510,1102,-592
116000118,563,1201,-638
116000119,872,847,25
116000120,1427,3738,-2311
116000121,396,214,182
116000122,842,1863,-1021
116000123,182,260,-78
116000124,125,864,-739
116000125,631,329,302
116000126,136,1157,-1021
116000127,551,1143,-592
116000128,622,383,239
116000129,229,167,62
116000130,85,109,-24
116000133,158,602,-444
116000134,595,2280,-1685
116000135,618,1014,-396
116000136,567,1737,-1170
116000137,194,400,-206
116000138,970,278,692
116000139,1015,1678,-663
116000140,35,199,-164
116000141,169,750,-581
116000142,2910,3093,-183
116000143,1431,964,467
116000144,662,2258,-1596
116000145,942,1222,-280
116000146,113,287,-174
116000147,96,79,17
116000148,124,281,-157
116000149,184,361,-177
116000151,280,737,-457
116000153,38,247,-209
116000155,99,165,-66
116000156,544,545,-1
116000157,19,16,3
116000158,72,348,-276
116000159,3,5,-2
116000160,11,58,-47
116000161,7,67,-60
116000162,25,23,2
116000163,6,4,2
116000164,1,7,-6
116000177,13,50,-37
116000194,27,257,-230
116000195,616,478,138
116000196,1,0,1
116000197,1,8,-7
116000198,1235,597,638
116000200,432,144,288
116000201,294,470,-176
116000202,5,210,-205
116000203,1,59,-58
116000204,7,27,-20
116000205,2,93,-91
116000206,0,51,-51
116000207,2,38,-36
116000233,73,599,-526
116000287,30,487,-457
116000288,41,191,-150
116000292,13,148,-135
116000296,2,179,-177
116000297,28,19,9
116000304,15,39,-24
116000305,9,90,-81
116000346,29,108,-79
116000352,18,26,-8
116000354,14,6,8
116000357,3,1,2
116000358,56,6,50
116000361,447,8,439
116000372,7755,1150,6605
116000381,20,0,20
116000388,1,35,-34
116000389,250,412,-162
116000445,67,661,-594
116000446,79,706,-627
116000447,3,292,-289
116000448,331,151,180
116000563,381,183,198
116000565,39,343,-304
116000568,32,85,-53
116000579,20,87,-67
116000583,4,8,-4
116000584,6,15,-9
116000585,6,9,-3
116000586,113,29,84
116000587,38,244,-206
116000589,16,73,-57
116000590,16,21,-5
116000591,23,166,-143
116000592,12,122,-110
116000593,0,37,-37
116000594,113,487,-374
116000595,187,100,87
116000596,14,2,12
116000597,93,22,71
116000598,14,208,-194
116000605,90,75,15
116000606,13,102,-89
116000607,2,37,-35
116000609,87,319,-232
116000611,16,448,-432
116000612,320,1436,-1116
116000613,78,249,-171
116000614,307,721,-414
116000615,0,66,-66
116000616,13,134,-121
116000617,19,82,-63
116000618,0,143,-143
116000619,2,32,-30
116000620,10,7,3
116000621,8,52,-44
116000622,17,91,-74
116000624,16,40,-24
116000627,25,72,-47
116000628,43,800,-757
116000629,27,451,-424
116000630,85,39,46
116000631,55,42,13
116000632,111,113,-2
116000633,26,388,-362
116000634,80,254,-174
116000635,1666,845,821
116000636,621,530,91
116000637,102,65,37
116000638,45,457,-412
116000640,10,11,-1
116000641,52,139,-87
116000644,7,1129,-1122
116900001,70,66,4
116900002,185,1,184
116900003,2,48,-46
116900004,9,19,-10
116900005,45,35,10
116900006,102,111,-9
116900007,38,151,-113
116900008,95,406,-311
116900009,4,0,4
116900010,4,1436,-1432
116900011,17,48,-31
116900012,31,140,-109
116900013,5,79,-74
116900014,11,295,-284
116900015,65,50,15
116900016,18,1,17
116900017,5,555,-550
116900018,5,17,-12
116900019,2,346,-344
116900020,1080,167,913
116900023,4,5,-1
116900024,75,48,27
116900025,180,743,-563
116900026,101,481,-380
116900027,2,35,-33
116900028,0,99,-99
116900029,23,11,12
116900031,2,4,-2
116900032,5,243,-238
116900033,2,3,-1
116900034,5,55,-50
116900035,32,99,-67
116900036,3,88,-85
116900038,6,1,5
116900041,9,12,-3
116900042,731,98,633
116900043,2,41,-39
116900047,60,25,35
116900049,17,145,-128
116900050,47,198,-151
116900051,11,174,-163
116900052,93,53,40
116900055,0,0,0
116900057,7,161,-154
116900058,6,286,-280
116900059,0,95,-95
116900060,48,172,-124
116900062,0,0,0
116900064,20,739,-719
116900065,6,61,-55
116900067,39,97,-58
116900068,87,387,-300
116900070,0,3,-3
116900072,25,352,-327
116900073,16,137,-121
116900074,4,23,-19
116900076,3,15,-12
116900077,14,168,-154
116900078,150,79,71
116900079,10,190,-180
116900080,8,9,-1
116900081,93,847,-754
116900082,84,892,-808
116900083,32,78,-46
116900084,70,43,27
116900085,4,114,-110
116900086,8,141,-133
116900088,267,37,230
116900090,82,54,28
116900091,60,47,13
116900092,50,639,-589
116900093,1387,898,489
116900094,4948,1135,3813
116900095,42,147,-105
116900096,44,37,7
116900097,2112,661,1451
116900098,768,71,697
116900099,210,155,55
116900100,206,9,197
116900101,175,523,-348
116900103,0,0,0
116900104,12,33,-21
116900105,90,22,68
116900106,297,305,-8
116900107,3122,702,2420
116900110,11,0,11
116900111,133,975,-842
116900112,54,614,-560
116900113,2049,527,1522
116900116,50,124,-74
116900117,9,55,-46
116900118,806,328,478
116900120,75,53,22
116900121,16,34,-18
116900122,130,637,-507
116900123,38,719,-681
116900124,68,550,-482
116900125,42,141,-99
116900126,136,256,-120
116900128,1,38,-37
116900129,0,272,-272
116900130,721,1352,-631
116900131,12,106,-94
116900132,9,31,-22
116900133,27,64,-37
116900134,61,117,-56
116900136,40,107,-67
116900137,70,115,-45
116900138,51,149,-98
116900139,30,269,-239
116900140,81,127,-46
116900141,154,233,-79
116900142,1,14,-13
116900143,73,356,-283
116900144,0,18,-18
116900145,28,325,-297
116900147,327,248,79
116900148,0,15,-15
116900149,7,50,-43
116900150,2,1,1
116900151,27,5,22
116900153,38,39,-1
116900154,216,69,147
116900155,14,12,2
116900157,67,190,-123
116900158,21,22,-1
116900159,36,118,-82
116900160,250,138,112
116900161,6741,1702,5039
116900162,3,130,-127
116900163,34,132,-98
116900164,10,24,-14
116900165,33,36,-3
116900166,4,63,-59
116900167,72,34,38
116900168,38,62,-24
116900169,334,63,271
116900170,52,170,-118
116900171,4,150,-146
116900172,103,23,80
116900173,27,54,-27
116900174,10,19,-9
116900175,65,39,26
116900178,2,116,-114
116900179,62,37,25
116900180,15,29,-14
116900182,130,145,-15
116900183,52,36,16
116900185,0,11,-11
116900186,19,223,-204
116900187,5,8,-3
116900188,42,9,33
116900189,8,0,8
116900191,115,259,-144
116900192,101,118,-17
116900194,38,244,-206
116900195,9,4,5
116900196,8,90,-82
116900197,12,0,12
116900198,246,118,128
116900200,12,31,-19
116900201,20,2,18
116900202,66,32,34
116900203,15,0,15
116900204,20,38,-18
116900206,0,27,-27
116900207,8,10,-2
116900208,4,81,-77
116900209,10,101,-91
116900210,137,99,38
116900211,123,11,112
116900212,3,45,-42
116900213,69,160,-91
116900214,42,109,-67
116900215,18,84,-66
116900216,70,306,-236
116900218,6,326,-320
116900219,433,287,146
116900220,37,169,-132
116900221,30,158,-128
116900222,179,236,-57
116900223,34,132,-98
116900226,11,79,-68
116900227,45,43,2
116900228,87,222,-135
116900230,17,244,-227
116900231,6,415,-409
116900232,3,407,-404
116900233,73,42,31
116900234,15,5,10
116900235,51,193,-142
116900238,934,167,767
116900239,10,368,-358
116900240,3948,1018,2930
116900241,28,113,-85
116900242,1209,138,1071
116900243,5,36,-31
116900245,5,5,0
116900246,22,7,15
116900247,102,8,94
116900248,22,18,4
116900249,51,67,-16
116900250,72,35,37
116900251,383,67,316
116900252,11,691,-680
116900253,16,63,-47
116900254,2,59,-57
116900255,63,16,47
116900256,32,38,-6
116900257,5,498,-493
116900258,0,272,-272
116900259,19,6,13
116900260,0,96,-96
116900261,9,1,8
116900262,20,91,-71
116900263,1,3,-2
116900264,15,11,4
116900265,3,0,3
116900266,2,32,-30
116900267,9,0,9
116900268,11,2,9
116900269,113,382,-269
116900271,1688,53,1635
116900272,271,408,-137
116900273,97,5,92
116900274,82,41,41
116900275,25,105,-80
116900276,307,47,260
116900277,379,16,363
116900278,0,3,-3
116900279,2,11,-9
116900280,5,21,-16
116900281,5696,959,4737
116900282,3,104,-101
116900283,10,76,-66
116900284,11,152,-141
116900285,307,62,245
116900286,118,5,113
116900287,0,84,-84
116900288,12,90,-78
116900289,0,24,-24
116900290,0,28,-28
116900291,1,2,-1
116900292,1,1,0
116900293,6,57,-51
116900294,13,66,-53
116900295,82,30,52
116900296,17,50,-33
116900297,1,21,-20
116900298,67,32,35
116900299,14,19,-5
116900300,0,80,-80
116900301,44,72,-28
116900302,30,30,0
116900303,373,13,360
116900304,0,74,-74
116900305,8,13,-5
116900306,23,101,-78
116900307,8,0,8
116900308,0,134,-134
116900309,22,114,-92
117000001,574,743,-169
117000002,901,2953,-2052
117000003,3894,1694,2200
117000004,2947,3559,-612
117000005,632,1019,-387
117000006,531,3274,-2743
117000007,1439,867,572
117000008,813,3215,-2402
117000009,2907,731,2176
117000010,2046,2941,-895
117000011,609,944,-335
117000012,704,1550,-846
117000013,424,889,-465
117000014,419,1950,-1531
117000015,1680,794,886
117000016,229,79,150
117000017,282,99,183
117000018,91,137,-46
117000019,90,11,79
117000020,599,514,85
117000021,2579,379,2200
117000022,263,37,226
117000023,330,100,230
117000024,277,38,239
117000025,529,345,184
117000026,1460,429,1031
117000027,1147,661,486
117000028,526,214,312
117000030,323,382,-59
117000031,230,123,107
117000032,1237,974,263
117000033,641,484,157
117000034,116,176,-60
117000035,92,122,-30
117000036,146,202,-56
117000037,85,152,-67
117000038,135,250,-115
117000039,127,249,-122
117000040,95,1177,-1082
117000041,288,102,186
117000044,14,1050,-1036
117000045,180,51,129
117000046,235,803,-568
117000047,265,510,-245
117000048,1460,1096,364
117000049,65,218,-153
117000050,71,2326,-2255
117000051,865,124,741
117000052,4,638,-634
117000053,88,51,37
117000054,626,3,623
117000055,11,2927,-2916
117000056,230,6,224
117000057,562,1453,-891
117000060,250,1845,-1595
117000061,474,405,69
117000062,109,460,-351
117000063,436,365,71
117000064,724,522,202
117000066,818,408,410
117000067,75,242,-167
117000074,117,75,42
117000076,67,35,32
117000077,122,48,74
117000078,55,316,-261
117000079,114,100,14
117000080,0,354,-354
117000081,343,86,257
117000082,9,42,-33
117000083,32,5,27
117000084,154,0,154
117000085,46,273,-227
117000086,687,631,56
117000087,70,326,-256
117000088,157,127,30
117000089,651,185,466
117000090,93,1429,-1336
117000091,227,244,-17
117000092,181,1557,-1376
117000093,375,445,-70
117000094,370,2035,-1665
117000095,679,524,155
117000096,259,2100,-1841
117000097,359,743,-384
117000098,1862,4867,-3005
117000099,896,466,430
117000100,60,54,6
117000101,176,1130,-954
117000102,429,309,120
117000103,521,1526,-1005
117000104,451,304,147
117000105,343,1757,-1414
117000106,345,380,-35
117000107,198,2328,-2130
117000108,418,426,-8
117000109,1247,2499,-1252
117000110,500,300,200
117000111,1866,3107,-1241
117000112,1097,1124,-27
117000113,37,354,-317
117000114,30,58,-28
117000115,20,160,-140
117000116,27,120,-93
117000117,890,189,701
117000118,128,130,-2
117000119,92,12,80
117000120,78,56,22
117000121,31,196,-165
117000122,312,387,-75
117000123,884,9,875
117000124,101,10,91
117000125,212,23,189
117000126,23,33,-10
117000127,102,190,-88
117000128,237,281,-44
117000129,360,264,96
117000130,66,17,49
117000131,0,188,-188
117000132,651,23,628
117000133,276,43,233
117000134,1,60,-59
117000135,4,23,-19
117000136,1,46,-45
117000137,14,16,-2
117000138,1,266,-265
117000140,184,1625,-1441
117000141,483,291,192
117000181,685,280,405
117000182,163,84,79
117000195,86,1126,-1040
117000196,43,25,18
117000225,145,4,141
117000226,3,55,-52
117000276,37,11,26
117000277,3,464,-461
117000310,1501,1885,-384
117000315,15,313,-298
117000320,62,1,61
117000906,47,5,42
117000907,6,382,-376
117000909,46,29,17
117000910,124,82,42
117000911,85,241,-156
117000915,14,515,-501
117000916,4,1,3
117000917,312,10,302
117000918,27,20,7
117000919,12,117,-105
117000920,3,1566,-1563
117000921,7,2221,-2214
117000922,25,45,-20
117000924,166,416,-250
117000926,965,43,922
117000927,433,147,286
117000928,1,237,-236
117000929,162,480,-318
117000930,26,35,-9
117000931,228,12,216
117900002,79,236,-157
117900003,509,137,372
117900005,5,4,1
117900006,0,17,-17
117900007,26,159,-133
117900008,0,28,-28
117900010,63,116,-53
117900011,19,4,15
117900012,7,175,-168
117900013,1,270,-269
117900014,131,231,-100
117900015,5,273,-268
117900016,754,166,588
117900017,189,526,-337
117900018,138,16,122
117900019,112,505,-393
117900020,39,92,-53
117900021,5,87,-82
117900022,6,5,1
117900023,519,23,496
117900024,43,155,-112
117900025,62,15,47
117900026,109,338,-229
117900028,15,3,12
117900029,52,818,-766
117900030,73,89,-16
117900031,33,25,8
117900032,318,110,208
117900033,63,788,-725
117900034,27,38,-11
117900035,45,28,17
117900036,60,667,-607
117900037,9,78,-69
117900038,13,325,-312
117900039,6,74,-68
117900040,52,471,-419
117900041,1,40,-39
117900042,3329,223,3106
117900043,11,43,-32
117900044,3,892,-889
117900045,73,45,28
117900048,54,207,-153
117900049,40,593,-553
117900050,6,19,-13
117900051,10,4,6
117900052,30,182,-152
117900053,368,513,-145
117900054,1,14,-13
117900055,68,39,29
117900056,57,18,39
117900057,447,966,-519
117900058,33,3,30
117900059,407,37,370
117900060,408,4228,-3820
117900061,2,91,-89
117900063,58,131,-73
117900065,429,789,-360
117900066,4,40,-36
117900067,158,196,-38
117900069,162,336,-174
117900070,109,2,107
117900071,49,95,-46
117900073,93,312,-219
117900074,91,5,86
117900075,19,74,-55
117900076,12,44,-32
117900077,60,78,-18
117900078,140,236,-96
117900080,61,29,32
117900081,427,257,170
117900082,115,137,-22
117900083,110,551,-441
117900086,19,61,-42
117900087,28,45,-17
117900088,1829,959,870
117900089,553,157,396
117900090,76,685,-609
117900091,120,72,48
117900092,17,44,-27
117900093,38,58,-20
117900094,5,0,5
117900095,127,549,-422
117900096,38,153,-115
117900097,23,45,-22
117900098,2,1,1
117900099,42,308,-266
117900100,26,0,26
117900101,253,554,-301
117900102,11,35,-24
117900103,12,1,11
117900104,4,50,-46
117900105,63,156,-93
117900106,34,32,2
117900107,11,0,11
117900109,144,219,-75
117900110,13,1,12
117900111,122,3,119
117900112,13,13,0
117900113,2361,1013,1348
117900114,2,3,-1
117900115,53,5,48
117900116,505,417,88
117900117,148,220,-72
117900118,27,0,27
117900119,21,189,-168
117900120,51,77,-26
117900121,9,14,-5
117900122,587,763,-176
117900123,205,701,-496
117900124,312,322,-10
117900125,720,441,279
117900126,291,419,-128
117900127,145,470,-325
117900128,81,694,-613
117900129,8,0,8
117900130,387,241,146
117900131,0,77,-77
117900132,3,57,-54
117900133,4,128,-124
117900134,25,158,-133
117900135,14,211,-197
117900136,1,54,-53
117900137,8,297,-289
117900138,0,40,-40
117900139,12,81,-69
117900140,3615,88,3527
117900141,101,208,-107
117900142,6,2,4
117900144,42,70,-28
117900145,23,1,22
117900146,76,82,-6
117900147,17,35,-18
117900148,1884,702,1182
117900149,2,123,-121
117900150,12,88,-76
117900151,6,137,-131
117900152,81,63,18
117900153,2,66,-64
117900154,104,442,-338
117900156,361,357,4
117900157,52,258,-206
117900158,72,29,43
117900160,167,160,7
117900161,1580,1672,-92
117900162,98,274,-176
117900163,35,13,22
117900165,0,9,-9
117900166,61,78,-17
117900168,38,128,-90
117900169,1,90,-89
117900170,0,36,-36
117900171,2,8,-6
117900172,8,17,-9
117900173,96,18,78
117900174,11,11,0
117900175,3,11,-8
117900176,12,37,-25
117900177,5,33,-28
117900178,37,15,22
117900180,177,19,158
117900181,68,57,11
117900182,0,11,-11
117900183,10,91,-81
117900184,1,27,-26
117900185,6,26,-20
117900186,7,21,-14
117900187,6,1,5
117900188,108,4,104
117900189,42,4,38
117900190,2,0,2
117900191,25,1,24
117900192,23,0,23
117900193,4,31,-27
117900194,2,3,-1
117900195,0,8,-8
117900196,4,8,-4
117900207,53,22,31
117900208,6,18,-12
117900209,93,112,-19
117900210,126,95,31
117900211,1,128,-127
117900212,39,99,-60
117900213,3,7,-4
117900214,4,31,-27
117900215,3,37,-34
117900216,28,13,15
117900217,45,27,18
117900218,176,84,92
117900219,2,20,-18
117900220,14,64,-50
117900222,108,212,-104
117900223,63,75,-12
118000001,423,233,190
118000002,891,1112,-221
118000003,931,664,267
118000004,2255,1524,731
118000005,2920,923,1997
118000006,5643,4059,1584
118000007,3656,1170,2486
118000008,3335,1806,1529
118000009,1487,1849,-362
118000010,1623,2809,-1186
118000011,381,2577,-2196
118000012,551,2511,-1960
118000013,2530,2290,240
118000014,1528,3245,-1717
118000016,159,514,-355
118000017,113,247,-134
118000018,92,521,-429
118000019,1166,855,311
118000020,727,705,22
118000021,563,1015,-452
118000022,1665,452,1213
118000023,902,183,719
118000024,1021,375,646
118000027,10110,2681,7429
118000029,718,311,407
118000032,665,736,-71
118000033,1485,1477,8
118000034,2877,1137,1740
118000035,1030,957,73
118000036,602,755,-153
118000037,296,571,-275
118000038,78,133,-55
118000039,44,237,-193
118000040,859,2013,-1154
118000041,1029,988,41
118000045,349,48,301
118000046,1007,316,691
118000047,1032,223,809
118000048,2243,681,1562
118000051,767,315,452
118000052,387,145,242
118000053,152,153,-1
118000054,1165,502,663
118000055,875,736,139
118000056,100,147,-47
118000057,149,201,-52
118000058,1731,556,1175
118000059,1075,368,707
118000060,268,626,-358
118000061,230,748,-518
118000062,289,95,194
118000063,183,230,-47
118000064,557,677,-120
118000065,4048,904,3144
118000066,485,561,-76
118000067,1167,675,492
118000068,1160,1786,-626
118000069,2193,833,1360
118000070,6272,894,5378
118000071,2701,2397,304
118000072,1349,652,697
118000073,1803,248,1555
118000074,187,296,-109
118000075,459,195,264
118000076,643,686,-43
118000077,904,750,154
118000078,1207,1513,-306
118000079,179,277,-98
118000080,836,555,281
118000081,1057,978,79
118000082,221,386,-165
118000083,1832,607,1225
118000084,1754,1209,545
118000086,53,645,-592
118000087,5015,1558,3457
118000088,1540,1397,143
118000089,3231,1695,1536
118000090,1759,1246,513
118000091,1018,1060,-42
118000092,1161,274,887
118000093,90,353,-263
118000096,316,284,32
118000097,373,336,37
118000098,139,129,10
118000099,129,878,-749
118000101,318,341,-23
118000102,208,1305,-1097
118000107,2479,256,2223
118000108,263,392,-129
118000110,0,16,-16
118000111,1,501,-500
118000112,69,0,69
118000113,5,873,-868
118000114,50,1,49
118000115,10,4,6
118000116,6,0,6
118000117,806,579,227
118000118,449,598,-149
118000119,381,1033,-652
118000120,1038,1022,16
118000121,33,316,-283
118000122,504,81,423
118000123,32,184,-152
118000125,1052,851,201
118000126,324,1644,-1320
118000127,1065,509,556
118000128,535,892,-357
118000129,534,182,352
118000130,2625,3675,-1050
118000131,526,877,-351
118000132,1683,1236,447
118000133,217,337,-120
118000135,183,192,-9
118000136,55,389,-334
118000137,279,57,222
118000138,103,634,-531
118000139,95,129,-34
118000140,1207,1598,-391
118000141,1024,1593,-569
118000142,741,1879,-1138
118000143,490,594,-104
118000144,1030,668,362
118000145,714,2580,-1866
118000146,572,1567,-995
118000147,451,1514,-1063
118000148,183,933,-750
118000149,300,844,-544
118000150,71,175,-104
118000151,86,308,-222
118000153,382,810,-428
118000154,411,1091,-680
118000155,360,886,-526
118000156,1449,1413,36
118000157,208,282,-74
118000158,51,391,-340
118000159,5,23,-18
118000160,123,287,-164
118000161,180,713,-533
118000162,510,502,8
118000163,162,419,-257
118000164,1403,740,663
118000168,1269,123,1146
118000169,644,1730,-1086
118000170,2615,5743,-3128
118000171,141,642,-501
118000172,50,178,-128
118000173,401,759,-358
118000175,92,234,-142
118000176,106,234,-128
118000177,86,361,-275
118000178,22,23,-1
118000179,1158,296,862
118000180,466,540,-74
118000181,371,295,76
118000182,137,229,-92
118000183,114,111,3
118000184,144,969,-825
118000185,496,409,87
118000186,274,586,-312
118000187,374,863,-489
118000188,111,173,-62
118000189,109,665,-556
118000190,2,23,-21
118000191,3,15,-12
118000192,78,82,-4
118000193,26,120,-94
118000194,1125,666,459
118000195,517,277,240
118000196,162,38,124
118000197,97,48,49
118000198,448,210,238
118000199,347,121,226
118000200,48,112,-64
118000201,260,148,112
118000202,22,26,-4
118000203,965,155,810
118000204,190,70,120
118000205,347,225,122
118000206,50,100,-50
118000207,0,78,-78
118000208,659,1159,-500
118000209,743,1394,-651
118000210,18,17,1
118000211,3,19,-16
118000213,220,356,-136
118000214,442,133,309
118000215,106,166,-60
118000216,501,1807,-1306
118000217,12,87,-75
118000218,29,64,-35
118000219,267,243,24
118000220,1,11,-10
118000221,30,144,-114
118000222,71,14,57
118000223,19,14,5
118000224,169,92,77
118000225,60,595,-535
118000226,281,62,219
118000227,747,330,417
118000228,117,73,44
118000229,76,9,67
118000230,32,188,-156
118000231,11,109,-98
118000232,302,883,-581
118000233,390,521,-131
118000234,90,230,-140
118000236,119,350,-231
118000237,22,505,-483
118000238,45,201,-156
118000239,104,180,-76
118000240,314,65,249
118000241,42,187,-145
118000242,148,612,-464
118000243,52,98,-46
118000244,10,113,-103
118000246,0,8,-8
118000255,29,178,-149
118000256,46,154,-108
118000259,3,34,-31
118000260,48,109,-61
118000261,10,53,-43
118000263,35,133,-98
118000266,65,331,-266
118000267,0,59,-59
118000268,129,1,128
118000270,17,19,-2
118000271,65,181,-116
118000272,25,17,8
118000273,30,57,-27
118000274,65,308,-243
118000276,95,134,-39
118000295,1,51,-50
118000298,67,393,-326
118000299,41,164,-123
118000301,0,44,-44
118000302,10,64,-54
118000311,36,85,-49
118000312,78,154,-76
118000313,8,60,-52
118000314,14,56,-42
118000315,3,31,-28
118000316,202,294,-92
118000325,15,30,-15
118000326,3,44,-41
118000331,6,36,-30
118000332,10,20,-10
118000333,7,31,-24
118000335,45,0,45
118000336,2,292,-290
118000407,12,43,-31
118000457,4,35,-31
118000465,1772,1446,326
118000480,13,99,-86
118000489,57,105,-48
118000490,70,399,-329
118000492,89,136,-47
118000510,37,20,17
118000514,77,190,-113
118000515,220,235,-15
118000517,293,99,194
118000524,483,130,353
118000525,609,715,-106
118000530,6,71,-65
118000531,55,142,-87
118000532,45,221,-176
118000533,192,95,97
118000534,224,307,-83
118000535,40,91,-51
118000536,174,127,47
118000537,7,44,-37
118000538,29,61,-32
118000539,12,45,-33
118000540,112,155,-43
118000541,60,68,-8
118000542,47,62,-15
118000543,65,101,-36
118000546,21,22,-1
118000553,0,1,-1
118000557,0,0,0
118000560,2581,413,2168
118000562,3,208,-205
118000563,1309,979,330
118000576,56,203,-147
118000577,135,106,29
118000578,125,121,4
118000579,569,658,-89
118000583,0,1,-1
118000595,99,46,53
118000596,0,52,-52
118000597,51,167,-116
118000598,0,0,0
118000599,16,32,-16
118000600,2,0,2
118000601,0,0,0
118000602,0,2,-2
118000603,0,24,-24
118000605,20,443,-423
118900001,922,394,528
118900002,809,230,579
118900003,44,6,38
118900004,6,45,-39
118900005,43,2,41
118900006,16,1,15
118900007,3,1,2
118900008,412,39,373
118900009,8,6,2
118900010,9,0,9
118900011,78,10,68
118900012,130,174,-44
118900013,525,14,511
118900015,40,11,29
118900016,8,18,-10
118900017,59,77,-18
118900018,912,9,903
118900019,25,4,21
118900020,57,74,-17
118900021,54,216,-162
118900022,48,103,-55
118900023,24,63,-39
118900024,33,108,-75
118900025,13,17,-4
118900026,16,79,-63
118900027,232,137,95
118900028,24,145,-121
118900029,37,311,-274
118900030,17,21,-4
118900031,34,85,-51
118900032,12,139,-127
118900033,135,564,-429
118900034,11,1,10
118900035,53,243,-190
118900036,227,347,-120
118900037,84,180,-96
118900038,115,273,-158
118900039,87,210,-123
118900040,54,86,-32
118900041,73,164,-91
118900042,59,40,19
118900045,60,85,-25
118900046,550,97,453
118900047,514,121,393
118900048,50,134,-84
118900049,35,21,14
118900050,1,93,-92
118900051,41,26,15
118900052,96,131,-35
118900053,8,36,-28
118900054,20,87,-67
118900055,13,93,-80
118900056,8,62,-54
118900057,98,141,-43
118900058,161,270,-109
118900059,10,31,-21
118900060,6,72,-66
118900062,34,129,-95
118900064,298,173,125
118900065,22,77,-55
118900066,29,79,-50
118900067,5727,2021,3706
118900068,2,72,-70
118900069,83,159,-76
118900071,0,19,-19
118900072,140,181,-41
118900073,61,64,-3
118900074,31,59,-28
118900075,12,32,-20
118900076,62,26,36
118900077,67,107,-40
118900078,4,1,3
118900079,24,75,-51
118900080,0,43,-43
118900081,24,20,4
118900082,138,71,67
118900083,2,8,-6
118900084,9,5,4
118900085,214,458,-244
118900086,6,15,-9
118900087,22,79,-57
118900088,0,8,-8
118900089,8,5,3
118900090,254,313,-59
118900091,118,65,53
118900092,45,47,-2
118900093,21,1,20
118900096,14,31,-17
118900097,92,692,-600
118900099,10,162,-152
118900100,80,87,-7
118900101,19,402,-383
118900102,10,26,-16
118900103,33,30,3
118900104,24,108,-84
118900105,66,62,4
118900107,97,85,12
118900108,25,63,-38
118900110,1147,191,956
118900111,121,456,-335
118900112,18,50,-32
118900113,41,447,-406
118900114,5,67,-62
118900115,30,207,-177
118900116,16,119,-103
118900117,14,113,-99
118900118,88,406,-318
118900119,38,212,-174
118900120,45,208,-163
118900121,2,256,-254
118900122,7,147,-140
118900123,55,196,-141
118900124,43,137,-94
118900126,6,116,-110
118900129,49,87,-38
118900130,28,19,9
118900131,29,172,-143
118900132,79,76,3
118900133,5,40,-35
118900135,59,131,-72
118900136,194,627,-433
118900137,0,10,-10
118900139,43,327,-284
118900140,296,828,-532
118900141,37,259,-222
118900144,71,564,-493
118900145,15,194,-179
118900146,101,472,-371
118900147,23,86,-63
118900148,17,40,-23
118900150,30,151,-121
118900152,143,729,-586
118900157,61,66,-5
118900158,11,102,-91
118900159,1,198,-197
118900161,14,3,11
118900163,175,35,140
118900164,1,54,-53
118900165,23,265,-242
118900166,25,0,25
118900167,24,130,-106
118900168,2,37,-35
118900169,18,375,-357
118900170,13,80,-67
118900171,6,34,-28
118900174,11,42,-31
118900175,38,151,-113
118900176,14,71,-57
118900177,8,27,-19
118900178,2,80,-78
118900179,0,30,-30
118900181,32,70,-38
118900182,45,39,6
118900183,5,37,-32
118900184,87,14,73
118900185,27,69,-42
118900186,18,70,-52
118900187,29,201,-172
118900188,51,190,-139
118900189,5,188,-183
118900190,2,458,-456
118900191,56,33,23
118900192,52,21,31
118900193,34,9,25
118900195,185,601,-416
118900196,3,124,-121
118900197,30,95,-65
118900198,3,26,-23
118900199,9,45,-36
118900200,19,7,12
118900201,7,7,0
118900202,8,47,-39
118900203,7,26,-19
118900204,1,19,-18
118900205,0,19,-19
118900206,1,31,-30
119000001,456,499,-43
119000002,1187,1316,-129
119000003,554,1283,-729
119000004,898,861,37
119000005,814,939,-125
119000006,851,980,-129
119000007,1536,1796,-260
119000008,884,1695,-811
119000009,3892,1593,2299
119000010,10381,2780,7601
119000011,5398,1166,4232
119000012,5523,1891,3632
119000013,1867,809,1058
119000014,1616,2463,-847
119000019,158,112,46
119000020,678,986,-308
119000021,1314,1289,25
119000022,1991,799,1192
119000023,360,161,199
119000024,2339,3328,-989
119000025,10711,890,9821
119000026,365,175,190
119000027,804,231,573
119000028,1241,801,440
119000029,117,188,-71
119000030,231,908,-677
119000031,410,547,-137
119000032,1571,1370,201
119000033,1089,1251,-162
119000034,580,803,-223
119000035,6,337,-331
119000036,492,1047,-555
119000037,464,2151,-1687
119000038,69,973,-904
119000039,80,301,-221
119000040,878,485,393
119000041,602,667,-65
119000048,2991,3141,-150
119000049,754,3164,-2410
119000050,942,1765,-823
119000051,965,722,243
119000052,1906,2214,-308
119000053,1127,855,272
119000054,1491,2993,-1502
119000055,1127,2822,-1695
119000056,893,1421,-528
119000057,748,2037,-1289
119000058,887,1793,-906
119000059,506,1178,-672
119000060,565,530,35
119000061,442,622,-180
119000062,521,1004,-483
119000063,132,178,-46
119000064,770,1167,-397
119000065,1187,2482,-1295
119000066,835,743,92
119000067,1142,2211,-1069
119000068,637,768,-131
119000069,655,2068,-1413
119000070,838,1027,-189
119000071,319,786,-467
119000072,4444,2768,1676
119000073,2941,3823,-882
119000074,394,3159,-2765
119000075,423,2122,-1699
119000076,274,705,-431
119000077,322,297,25
119000078,126,300,-174
119000079,18,529,-511
119000080,103,190,-87
119000081,89,317,-228
119000082,155,218,-63
119000083,174,298,-124
119000084,133,541,-408
119000085,411,239,172
119000086,119,401,-282
119000087,1079,737,342
119000088,197,237,-40
119000089,45,105,-60
119000090,151,115,36
119000091,111,178,-67
119000092,469,172,297
119000093,2894,3082,-188
119000094,1208,3437,-2229
119000095,603,2394,-1791
119000097,3755,1177,2578
119000098,392,1064,-672
119000099,1293,1270,23
119000100,1344,1513,-169
119000101,1511,1591,-80
119000102,508,346,162
119000103,1027,443,584
119000104,2291,1258,1033
119000105,331,632,-301
119000106,112,1879,-1767
119000107,225,421,-196
119000108,103,1253,-1150
119000109,38,218,-180
119000110,207,321,-114
119000111,12,348,-336
119000112,89,125,-36
119000113,1859,126,1733
119000114,398,237,161
119000115,80,68,12
119000116,60,29,31
119000117,40,221,-181
119000118,0,3,-3
119000123,1426,377,1049
119000124,135,246,-111
119000125,797,975,-178
119000126,221,879,-658
119000127,113,819,-706
119000128,32,3,29
119000131,302,1002,-700
119000132,2,7,-5
119000133,0,3,-3
119000134,2785,367,2418
119000135,25,167,-142
119000136,45,276,-231
119000137,37,487,-450
119000138,102,363,-261
119000139,64,251,-187
119000140,76,139,-63
119000284,1133,1866,-733
119000285,2022,1757,265
119000286,4667,3671,996
119000287,1041,1728,-687
119000288,983,1539,-556
119000289,1630,3365,-1735
119000290,125,410,-285
119000291,5,252,-247
119000293,31,124,-93
119000294,18,23,-5
119000295,1595,551,1044
119000296,90,157,-67
119000302,3854,1073,2781
119000303,11,66,-55
119000304,0,0,0
119000310,0,0,0
119000314,1014,3311,-2297
119000315,2,720,-718
119000316,24,87,-63
119000317,21,533,-512
119900001,38,374,-336
119900002,14,206,-192
119900003,21,1152,-1131
119900004,208,163,45
119900005,27,118,-91
119900006,44,245,-201
119900007,336,25,311
119900008,4,35,-31
119900009,204,521,-317
119900010,612,682,-70
119900011,20,23,-3
119900012,2,27,-25
119900013,874,360,514
119900014,308,132,176
119900015,28,6,22
119900016,14,79,-65
119900017,5,23,-18
119900018,806,76,730
119900019,10,1,9
119900020,43,174,-131
119900021,24,26,-2
119900022,41,135,-94
119900023,538,182,356
119900025,21,16,5
119900026,772,38,734
119900027,5,16,-11
119900028,53,44,9
119900029,1,7,-6
119900030,279,353,-74
119900031,4,111,-107
119900033,1939,62,1877
119900034,80,118,-38
119900037,20,9,11
119900038,11,77,-66
119900039,22,1,21
119900040,20,8,12
119900041,40,31,9
119900042,16,121,-105
119900043,31,129,-98
119900044,90,127,-37
119900046,11,81,-70
119900047,43,35,8
119900048,22,44,-22
119900049,8,2,6
119900050,16,33,-17
119900051,127,3,124
119900052,6,45,-39
119900053,32,156,-124
119900054,8,1,7
119900055,295,141,154
119900057,40,49,-9
119900058,40,0,40
119900059,58,31,27
119900060,56,4,52
119900061,36,1,35
119900062,4,22,-18
119900063,7,20,-13
119900065,38,1,37
119900066,0,0,0
119900067,27,25,2
119900068,139,1,138
119900069,21,5,16
119900070,158,2,156
119900071,61,1,60
119900073,1300,286,1014
119900074,7,8,-1
119900075,4221,1029,3192
119900076,112,465,-353
119900077,156,1178,-1022
119900078,103,690,-587
119900079,418,347,71
119900080,129,275,-146
119900081,91,106,-15
119900082,209,339,-130
119900083,183,41,142
119900084,202,74,128
119900085,168,37,131
119900086,66,937,-871
119900087,103,91,12
119900088,31,43,-12
119900089,2,479,-477
119900090,160,47,113
119900091,11,1011,-1000
119900092,3,270,-267
119900093,438,36,402
119900094,15,217,-202
119900095,88,57,31
119900096,14,46,-32
119900097,144,83,61
119900098,10,21,-11
119900099,8,285,-277
119900100,2284,897,1387
119900101,134,439,-305
119900102,17,352,-335
119900103,11,418,-407
119900104,12,208,-196
119900105,227,913,-686
119900106,6,208,-202
119900107,237,3167,-2930
119900108,1129,566,563
119900109,5,146,-141
119900110,176,628,-452
119900111,20,330,-310
119900112,2519,265,2254
119900113,38,477,-439
119900114,59,1608,-1549
119900115,26,1119,-1093
119900116,98,176,-78
119900117,47,905,-858
119900118,14,1095,-1081
119900119,29,237,-208
119900120,403,638,-235
119900121,78,1369,-1291
119900122,166,427,-261
119900123,86,159,-73
119900124,22,908,-886
119900125,19,436,-417
119900126,4794,109,4685
119900127,2117,672,1445
119900128,164,802,-638
119900129,34,641,-607
119900130,20,275,-255
119900131,5,340,-335
119900132,0,270,-270
119900133,4,14,-10
119900134,1710,146,1564
119900135,2,397,-395
119900136,107,507,-400
119900138,306,717,-411
119900139,4,68,-64
119900140,1,134,-133
119900141,56,184,-128
119900142,0,3,-3
119900143,3,222,-219
119900144,2473,134,2339
119900145,37,170,-133
119900146,68,58,10
119900147,2,74,-72
119900148,37,23,14
119900149,1495,1197,298
119900150,106,147,-41
119900151,980,594,386
119900152,21,400,-379
119900153,46,43,3
119900154,5,450,-445
119900155,4,9,-5
119900156,6,2,4
119900157,30,298,-268
119900158,28,47,-19
119900159,6,1403,-1397
119900160,3,223,-220
119900161,96,206,-110
119900162,265,331,-66
119900163,67,88,-21
119900164,0,0,0
119900165,22,262,-240
119900166,15,17,-2
119900167,26,140,-114
119900168,197,250,-53
119900169,71,99,-28
119900170,77,69,8
119900171,291,420,-129
119900172,54,7,47
119900173,4,476,-472
119900174,5,230,-225
119900175,284,540,-256
119900177,4,227,-223
119900178,6,169,-163
119900179,19,162,-143
119900180,314,489,-175
119900181,16,8,8
119900182,4,384,-380
119900183,99,962,-863
119900184,2192,315,1877
119900185,8,51,-43
119900186,17,203,-186
119900187,12,492,-480
119900188,6,281,-275
119900189,168,82,86
119900190,26,72,-46
119900191,82,52,30
119900192,4,203,-199
119900193,45,135,-90
119900194,7,21,-14
119900195,14,182,-168
119900196,1338,264,1074
119900197,25,83,-58
119900198,14,454,-440
119900199,81,4,77
119900200,103,466,-363
119900201,360,131,229
119900202,153,34,119
119900203,33,155,-122
119900204,95,206,-111
119900205,137,528,-391
119900206,23,93,-70
119900208,38,77,-39
119900209,155,233,-78
119900210,6,17,-11
119900211,32,3,29
119900212,26,204,-178
119900213,2,27,-25
119900214,5,70,-65
119900215,6,90,-84
119900216,4,91,-87
119900217,0,53,-53
119900218,6,84,-78
119900219,4,84,-80
119900220,6,149,-143
119900221,8,468,-460
119900222,1,357,-356
119900223,19,146,-127
119900224,11,27,-16
119900225,1349,18,1331
119900226,809,597,212
119900227,1263,224,1039
119900228,6,210,-204
119900229,164,302,-138
119900230,864,307,557
119900231,34,141,-107
119900232,86,34,52
119900233,13,0,13
119900234,6,13,-7
119900235,3,8,-5
119900236,5,171,-166
119900237,7,425,-418
119900238,0,68,-68
119900240,19,121,-102
119900241,90,222,-132
119900242,1261,413,848
119900244,511,891,-380
119900245,15,100,-85
119900246,92,122,-30
119900247,10,13,-3
119900248,19,4,15
119900249,92,17,75
119900253,3052,176,2876
119900254,14,104,-90
119900255,55,397,-342
119900256,117,1188,-1071
119900257,11,10,1
119900258,30,25,5
119900259,5,170,-165
119900260,19,1,18
119900261,53,190,-137
119900262,1,248,-247
119900263,617,331,286
119900264,14,244,-230
119900265,54,245,-191
119900266,80,233,-153
119900267,45,384,-339
119900268,24,199,-175
119900269,89,1017,-928
119900271,21,64,-43
119900272,33,17,16
119900275,25,0,25
119900276,9,0,9
119900277,0,1,-1
119900278,85,19,66
119900279,42,65,-23
119900280,839,142,697
119900281,1,33,-32
119900282,27,12,15
119900283,2,323,-321
119900284,26,157,-131
119900285,5,15,-10
119900286,1,5,-4
119900288,0,18,-18
119900289,0,19,-19
119900290,0,16,-16
119900291,0,21,-21
119900292,25,11,14
119900293,8,36,-28
119900294,5,57,-52
119900295,2,58,-56
119900296,1,129,-128
119900297,0,15,-15
119900298,1,3,-2
119900299,24,207,-183
119900300,69,246,-177
119900301,5,5,0
119900302,2,16,-14
119900303,67,169,-102
119900304,26,8,18
119900305,19,79,-60
119900306,4,0,4
119900307,3,98,-95
119900308,3,5,-2
119900309,0,26,-26
119900310,185,237,-52
119900311,8,110,-102
119900312,24,77,-53
119900313,68,365,-297
119900314,34,172,-138
119900315,215,2062,-1847
119900318,1,7,-6
119900319,9,333,-324
119900320,10,557,-547
119900321,16,0,16
120000001,5533,4634,899
120000002,1587,2776,-1189
120000003,2730,1679,1051
120000004,2500,2113,387
120000005,4385,1846,2539
120000006,1260,1163,97
120000007,2542,1711,831
120000008,917,1162,-245
120000009,4679,889,3790
120000010,909,3283,-2374
120000011,673,1830,-1157
120000012,1073,2729,-1656
120000013,1335,2509,-1174
120000014,283,1418,-1135
120000015,1380,1424,-44
120000016,1883,1512,371
120000017,918,1097,-179
120000018,4228,4109,119
120000019,474,659,-185
120000020,1766,1445,321
120000021,1942,1233,709
120000022,2311,2291,20
120000023,551,1357,-806
120000024,979,1834,-855
120000025,1029,1885,-856
120000026,471,1741,-1270
120000027,814,1365,-551
120000028,278,300,-22
120000029,1304,295,1009
120000030,53,475,-422
120000031,1313,2739,-1426
120000032,8680,2632,6048
120000033,1592,1170,422
120000034,714,1839,-1125
120000035,843,2244,-1401
120000036,1319,2822,-1503
120000037,312,512,-200
120000038,9583,2495,7088
120000039,287,741,-454
120000040,25,69,-44
120000041,195,1968,-1773
120000042,859,4044,-3185
120000043,3117,2169,948
120000044,1927,848,1079
120000045,1955,656,1299
120000046,964,1256,-292
120000047,1437,2142,-705
120000048,7374,2386,4988
120000049,1577,2140,-563
120000050,1539,3646,-2107
120000051,3087,2885,202
120000052,13121,2191,10930
120000053,668,4217,-3549
120000054,1171,6348,-5177
120000055,598,3914,-3316
120000056,2612,4160,-1548
120000057,1029,850,179
120000058,147,137,10
120000059,79,915,-836
120000061,57,512,-455
120000062,163,188,-25
120000063,1876,3047,-1171
120000064,233,1523,-1290
120000065,222,1752,-1530
120000066,64,434,-370
120000067,23,360,-337
120000068,54,931,-877
120000069,304,1600,-1296
120000070,12,1093,-1081
120000071,81,159,-78
120000072,112,344,-232
120000073,126,41,85
120000074,23,62,-39
120000075,108,160,-52
120000076,427,239,188
120000077,581,349,232
120000078,3532,338,3194
120000079,89,528,-439
120000080,41,193,-152
120000081,142,182,-40
120000082,115,180,-65
120000083,70,191,-121
120000084,323,536,-213
120000085,270,391,-121
120000086,127,620,-493
120000087,82,1180,-1098
120000088,366,864,-498
120000089,443,268,175
120000090,236,286,-50
120000091,341,580,-239
120000092,577,402,175
120000093,170,396,-226
120000094,60,232,-172
120000095,368,626,-258
120000096,166,1119,-953
120000098,404,1022,-618
120000099,155,664,-509
120000100,275,876,-601
120000101,212,432,-220
120000102,159,258,-99
120000103,405,202,203
120000104,544,168,376
120000105,649,227,422
120000106,637,195,442
120000107,777,301,476
120000108,253,87,166
120000109,327,36,291
120000110,46,814,-768
120000111,77,1310,-1233
120000112,364,3917,-3553
120000113,340,2836,-2496
120000114,222,2016,-1794
120000115,182,1846,-1664
120000116,385,1840,-1455
120000117,937,1544,-607
120000118,19,20,-1
120000119,18,33,-15
120000120,15,27,-12
120000121,24,28,-4
120000122,130,148,-18
120000123,5561,1422,4139
120000124,189,368,-179
120000125,183,582,-399
120000126,187,331,-144
120000127,686,253,433
120000128,1649,1172,477
120000129,181,184,-3
120000130,418,466,-48
120000131,156,283,-127
120000134,166,1180,-1014
120000135,55,244,-189
120000137,49,1893,-1844
120000138,157,394,-237
120000139,70,990,-920
120000140,119,584,-465
120000141,65,473,-408
120000142,86,486,-400
120000143,1,72,-71
120000144,14,1,13
120000145,81,3,78
120000146,1254,379,875
120000149,327,764,-437
120000150,4748,4563,185
120000151,345,278,67
120000152,141,239,-98
120000153,57,604,-547
120000154,268,285,-17
120000155,101,85,16
120000156,1340,218,1122
120000157,719,478,241
120000158,475,828,-353
120000159,1715,2008,-293
120000160,1355,837,518
120000161,619,2370,-1751
120000162,40,172,-132
120000163,127,1312,-1185
120000164,178,434,-256
120000165,135,866,-731
120000166,272,448,-176
120000167,3,14,-11
120000168,0,41,-41
120000169,70,78,-8
120000170,115,48,67
120000171,9,11,-2
120000172,8,19,-11
120000173,1784,64,1720
120000174,343,3,340
120000175,462,2,460
120000176,95,46,49
120000177,810,328,482
120000178,47,1,46
120000179,181,7,174
120000180,231,13,218
120000181,29,36,-7
120000182,32,17,15
120000183,9,108,-99
120000184,77,1144,-1067
120000186,37,30,7
120000187,58,12,46
120000188,167,20,147
120000190,720,1,719
120000191,1059,5,1054
120000192,940,11,929
120000193,145,1,144
120000195,35,0,35
120000196,73,21,52
120000197,27,68,-41
120000198,42,173,-131
120000199,24,0,24
120000200,24,0,24
120000201,6,6,0
120000202,4,63,-59
120000203,18,387,-369
120000207,0,76,-76
120000208,2,358,-356
120000209,0,169,-169
120000210,124,71,53
120000211,23,0,23
120000212,24,0,24
120000213,21,373,-352
120000214,3,377,-374
120000215,2,111,-109
120000216,33,4,29
120000217,619,1295,-676
120000218,238,1506,-1268
120000219,7,889,-882
120000220,14,3116,-3102
120000225,349,0,349
120000226,97,1,96
120000227,555,13,542
120000228,7733,1067,6666
120000230,30,2,28
120000231,175,2149,-1974
120000233,55,7,48
120000235,47,572,-525
120000236,155,3,152
120000237,4,2198,-2194
120000238,0,65,-65
120000241,869,1816,-947
120000412,1574,3,1571
120000413,58,453,-395
120000414,19,3,16
120000415,3,158,-155
120000416,9,8,1
120000417,4,99,-95
120000418,18,9,9
120000419,3,465,-462
120000420,40,20,20
120000421,14379,5479,8900
120000422,206,275,-69
120000423,1,54,-53
120000424,25,239,-214
120000436,60,178,-118
120000437,111,146,-35
120000438,4321,217,4104
120000439,81,166,-85
120000443,66,0,66
120000444,253,446,-193
120000445,1050,864,186
120000446,719,213,506
120000447,45,1,44
120000449,31,7,24
120000450,8,395,-387
120000451,17,140,-123
120000452,38,1,37
120000453,2,244,-242
120000454,29,18,11
120000455,19,52,-33
120000456,2889,1546,1343
120000457,873,862,11
120000458,302,509,-207
120000459,53,49,4
120000665,397,91,306
120000668,47,71,-24
120000669,43,447,-404
120000670,176,330,-154
120000671,229,112,117
120000672,51,372,-321
120900001,35,10,25
120900002,70,131,-61
120900003,155,22,133
120900004,3,6,-3
120900005,3,1173,-1170
120900006,79,109,-30
120900007,32,138,-106
120900008,42,834,-792
120900009,217,31,186
120900010,92,22,70
120900011,187,48,139
120900012,729,325,404
120900013,95,18,77
120900014,5,690,-685
120900015,86,49,37
120900016,152,27,125
120900017,3199,72,3127
120900018,36,432,-396
120900019,134,59,75
120900020,296,226,70
120900021,168,16,152
120900022,77,477,-400
120900023,27,25,2
120900024,900,339,561
120900025,1849,546,1303
120900026,14,125,-111
120900027,385,85,300
120900028,57,15,42
120900029,15,125,-110
120900030,315,268,47
120900031,46,13,33
120900032,189,100,89
120900033,194,2,192
120900034,28,1084,-1056
120900035,14,76,-62
120900037,36,2,34
120900038,13,53,-40
120900039,8,16,-8
120900040,63,1,62
120900041,84,16,68
120900042,61,75,-14
120900043,14,4,10
120900044,2,351,-349
120900045,70,119,-49
120900046,76,1,75
120900047,39,23,16
120900048,27,5,22
120900049,50,0,50
120900050,3343,395,2948
120900051,52,99,-47
120900052,68,0,68
120900053,36,66,-30
120900054,747,588,159
120900055,63,2,61
120900056,79,6,73
120900057,42,11,31
120900058,79,1,78
120900059,10,0,10
120900060,14,26,-12
120900061,149,241,-92
120900062,44,1,43
120900063,129,0,129
120900064,94,0,94
120900065,79,1,78
120900066,29,274,-245
120900067,51,17,34
120900068,72,0,72
120900069,66,84,-18
120900071,15,2,13
120900072,143,1,142
120900073,70,176,-106
120900074,85,1,84
120900076,20,0,20
120900077,2938,135,2803
120900078,102,417,-315
120900079,111,70,41
120900080,137,2430,-2293
120900081,173,1342,-1169
120900082,387,162,225
120900083,12,1,11
120900084,50,117,-67
120900085,82,39,43
120900086,119,77,42
120900087,104,25,79
120900088,94,143,-49
120900089,4402,519,3883
120900090,27,146,-119
120900091,193,122,71
120900092,335,659,-324
120900093,4470,208,4262
120900094,402,166,236
120900095,80,9,71
120900096,18,72,-54
120900097,414,1312,-898
120900098,207,198,9
120900099,18,102,-84
120900100,27,471,-444
120900101,200,359,-159
120900102,5,91,-86
120900103,13,111,-98
120900104,21,32,-11
120900105,23,950,-927
120900106,956,516,440
120900107,372,187,185
120900108,4,1068,-1064
120900109,10,769,-759
120900110,3,378,-375
120900111,88,314,-226
120900112,6,1584,-1578
120900113,2,1053,-1051
120900114,19,295,-276
120900115,91,75,16
120900116,46,534,-488
120900117,1,583,-582
120900118,4,840,-836
120900119,3550,2307,1243
120900120,17,726,-709
120900121,54,316,-262
120900122,27,576,-549
120900123,3,451,-448
120900124,0,758,-758
120900125,3,969,-966
120900126,642,589,53
120900127,15,560,-545
120900128,667,673,-6
120900129,37,494,-457
120900130,1,586,-585
120900131,17,84,-67
120900132,143,296,-153
120900133,132,1161,-1029
120900134,144,351,-207
120900135,7,712,-705
120900136,9,11,-2
120900137,19,69,-50
120900138,7,242,-235
120900139,2,877,-875
120900140,1,37,-36
120900141,17,80,-63
120900142,11,981,-970
120900143,3,1065,-1062
120900144,0,257,-257
120900145,27,927,-900
120900146,0,1040,-1040
120900147,1,235,-234
120900148,48,84,-36
120900149,3,393,-390
120900150,10,503,-493
120900151,5,660,-655
120900152,0,44,-44
120900153,0,46,-46
120900154,0,277,-277
120900155,56,1114,-1058
120900156,8,434,-426
120900157,4,193,-189
120900158,17,547,-530
120900159,34,647,-613
120900160,15,339,-324
120900161,5,1073,-1068
120900162,8,1376,-1368
120900163,7,76,-69
120900164,0,0,0
120900165,0,3,-3
120900166,18,48,-30
120900167,39,45,-6
120900169,15,559,-544
120900170,2270,789,1481
120900171,1038,287,751
120900172,566,47,519
120900173,1,44,-43
120900174,3,71,-68
120900175,359,169,190
120900176,6,124,-118
120900177,0,224,-224
120900178,0,102,-102
120900179,431,309,122
120900180,57,50,7
120900181,15,49,-34
120900182,13,296,-283
120900183,438,78,360
120900184,104,49,55
120900185,1,231,-230
120900186,0,458,-458
120900187,108,265,-157
120900188,36,5,31
120900189,37,177,-140
120900190,9,6,3
120900191,0,8,-8
120900192,13397,1060,12337
120900194,20,53,-33
120900195,62,257,-195
120900196,261,29,232
120900197,155,16,139
120900198,90,594,-504
120900199,109,74,35
120900200,71,42,29
120900201,609,130,479
120900202,3,196,-193
120900203,3,33,-30
120900204,255,307,-52
120900205,35,79,-44
120900206,2,1,1
120900207,29,1087,-1058
121000001,857,905,-48
121000002,1170,722,448
121000003,3207,1544,1663
121000004,1897,1684,213
121000005,1645,1919,-274
121000006,1834,910,924
121000007,2417,2242,175
121000008,3303,2076,1227
121000009,8725,3390,5335
121000010,9295,2364,6931
121000011,11064,6264,4800
121000012,16181,4116,12065
121000013,4576,4316,260
121000014,6010,4193,1817
121000015,3398,4102,-704
121000016,3954,2659,1295
121000017,1060,3291,-2231
121000018,1533,1285,248
121000019,13336,6211,7125
121000020,7786,4273,3513
121000021,1736,2577,-841
121000022,862,1029,-167
121000023,3801,3002,799
121000024,2028,2124,-96
121000025,707,388,319
121000026,196,71,125
121000027,1257,618,639
121000028,411,409,2
121000029,451,505,-54
121000030,229,242,-13
121000031,273,466,-193
121000032,89,47,42
121000034,154,110,44
121000035,34,62,-28
121000036,466,665,-199
121000037,349,394,-45
121000038,412,337,75
121000039,188,275,-87
121000041,177,424,-247
121000042,125,197,-72
121000043,700,444,256
121000044,1509,402,1107
121000045,128,249,-121
121000046,167,446,-279
121000047,6,103,-97
121000049,1438,757,681
121000050,181,746,-565
121000051,280,363,-83
121000052,147,449,-302
121000053,175,37,138
121000054,25,148,-123
121000055,1558,687,871
121000056,604,831,-227
121000057,84,240,-156
121000058,423,53,370
121000059,1231,384,847
121000060,450,566,-116
121000061,30,71,-41
121000062,91,153,-62
121000063,418,405,13
121000064,260,424,-164
121000065,290,266,24
121000066,424,353,71
121000067,695,157,538
121000068,248,149,99
121000069,89,143,-54
121000070,1131,1114,17
121000071,534,557,-23
121000072,938,732,206
121000073,495,436,59
121000074,77,67,10
121000075,20,13,7
121000076,413,209,204
121000077,41,45,-4
121000078,40,73,-33
121000080,2062,434,1628
121000081,1801,1039,762
121000082,130,245,-115
121000083,219,62,157
121000084,121,90,31
121000085,475,492,-17
121000086,96,555,-459
121000087,60,176,-116
121000088,181,363,-182
121000089,377,139,238
121000090,216,195,21
121000091,1817,394,1423
121000092,77,65,12
121000093,98,133,-35
121000094,310,206,104
121000095,155,346,-191
121000096,2144,1424,720
121000097,1217,1007,210
121000098,250,1035,-785
121000099,226,627,-401
121000100,195,510,-315
121000101,86,231,-145
121000102,38,499,-461
121000103,38,227,-189
121000104,45,184,-139
121000105,128,312,-184
121000106,102,268,-166
121000107,1764,3256,-1492
121000109,1172,763,409
121000110,202,299,-97
121000114,1838,1666,172
121000115,632,607,25
121000116,472,540,-68
121000117,968,170,798
121000118,885,191,694
121000119,103,295,-192
121000120,178,387,-209
121000121,368,703,-335
121000123,1344,536,808
121000127,47,81,-34
121000128,315,557,-242
121000129,184,428,-244
121000130,220,846,-626
121000131,1666,718,948
121000132,729,593,136
121000135,331,137,194
121000136,950,429,521
121000137,277,100,177
121000138,596,239,357
121000139,320,31,289
121000141,82,67,15
121000142,1028,369,659
121000143,113,10,103
121000144,540,444,96
121000145,183,978,-795
121000146,530,528,2
121000147,354,286,68
121000148,401,746,-345
121000149,1132,845,287
121000152,205,417,-212
121000153,1347,332,1015
121000154,420,285,135
121000155,625,660,-35
121000156,302,515,-213
121000157,1219,1286,-67
121000158,359,542,-183
121000159,85,580,-495
121000160,135,672,-537
121000161,29,306,-277
121000162,11,239,-228
121000165,1299,1105,194
121000166,40,273,-233
121000168,71,189,-118
121000169,23,125,-102
121000170,54,28,26
121000171,28,114,-86
121000172,285,308,-23
121000173,774,529,245
121000174,96,302,-206
121000175,272,346,-74
121000176,274,163,111
121000177,386,455,-69
121000178,32,30,2
121000179,58,41,17
121000181,255,200,55
121000182,37,123,-86
121000183,25,44,-19
121000184,35,35,0
121000185,4,82,-78
121000186,93,175,-82
121000187,79,262,-183
121000188,24,247,-223
121000192,369,253,116
121000193,329,274,55
121000194,1976,1695,281
121000195,283,738,-455
121000196,603,144,459
121000197,86,483,-397
121000198,75,63,12
121000199,40,449,-409
121000200,92,35,57
121000201,1,185,-184
121000202,152,36,116
121000203,288,1902,-1614
121000204,507,353,154
121000205,124,230,-106
121000206,46,22,24
121000207,726,297,429
121000208,5,403,-398
121000209,78,423,-345
121000210,103,413,-310
121000211,29,100,-71
121000212,148,557,-409
121000213,6287,1553,4734
121000214,472,846,-374
121000215,1045,459,586
121000216,297,348,-51
121000217,2688,1488,1200
121000218,377,1424,-1047
121000219,662,261,401
121000220,251,51,200
121000221,103,181,-78
121000222,1749,1966,-217
121000223,514,174,340
121000224,280,66,214
121000225,870,490,380
121000226,1097,360,737
121000227,10,203,-193
121000228,15,738,-723
121000229,57,442,-385
121000230,52,1645,-1593
121000231,161,11,150
121000232,307,121,186
121000233,221,250,-29
121000234,4,16,-12
121000235,10,8,2
121000236,1,37,-36
121000237,5,4,1
121000238,0,59,-59
121000239,6,3,3
121000240,1,109,-108
121000241,22,5,17
121000242,4,117,-113
121000243,60,29,31
121000244,1,57,-56
121000245,3,23,-20
121000246,0,87,-87
121000247,7,5,2
121000248,272,350,-78
121000249,25,138,-113
121000250,82,48,34
121000251,8,457,-449
121000252,21,14,7
121000253,103,507,-404
121000254,239,199,40
121000255,111,88,23
121000256,124,112,12
121000257,15,37,-22
121000258,15,40,-25
121000259,7,26,-19
121000260,25,74,-49
121000261,7,42,-35
121000262,1093,442,651
121000263,226,349,-123
121000271,136,1328,-1192
121000273,36,10,26
121000274,1,31,-30
121000275,0,18,-18
121000276,3,2,1
121000278,16,63,-47
121000279,19,14,5
121000280,14,48,-34
121000289,55,13,42
121000290,660,547,113
121000294,33,173,-140
121000297,554,409,145
121000299,101,159,-58
121000300,464,334,130
121000302,58,356,-298
121000303,279,191,88
121000304,233,24,209
121000305,81,43,38
121000306,21,88,-67
121000308,102,195,-93
121000309,272,428,-156
121000310,23,362,-339
121000311,82,576,-494
121000312,224,84,140
121000313,452,371,81
121000314,208,73,135
121000315,37,32,5
121000530,543,1144,-601
121000531,726,1122,-396
121000532,3584,2635,949
121000533,1646,1445,201
121000918,8,200,-192
121000919,10,37,-27
121000938,415,126,289
121000939,603,92,511
121000956,296,967,-671
121000957,0,11,-11
121000958,24,36,-12
121000959,143,1151,-1008
121000960,799,1824,-1025
121000961,105,11,94
121000962,202,511,-309
121000963,0,0,0
121000973,0,187,-187
121000976,13,137,-124
121000979,87,27,60
121000981,147,66,81
121000982,112,160,-48
121000983,111,417,-306
121000984,24,16,8
121000985,113,439,-326
121000986,32,384,-352
121000987,56,1150,-1094
121000988,239,67,172
121001302,275,65,210
121001308,1,2,-1
121001309,59,23,36
121001313,51,439,-388
121001314,3777,3049,728
121001315,2865,853,2012
121001326,39,59,-20
121900001,41,106,-65
121900002,9,10,-1
121900003,137,4,133
121900004,35,268,-233
121900005,9,8,1
121900006,25,12,13
121900007,1126,1496,-370
121900008,34,18,16
121900009,211,10,201
121900010,203,4,199
121900011,44,270,-226
121900012,3,1,2
121900013,500,3,497
121900014,691,194,497
121900015,35,124,-89
121900016,2,24,-22
121900017,110,304,-194
121900018,173,3,170
121900019,97,162,-65
121900020,33,2,31
121900021,392,9,383
121900022,102,68,34
121900023,19,187,-168
121900024,209,13,196
121900025,217,148,69
121900026,65,14,51
121900027,61,26,35
121900028,73,3,70
121900029,10,72,-62
121900030,325,316,9
121900031,470,1596,-1126
121900032,51,27,24
121900033,93,61,32
121900034,115,51,64
121900035,1518,935,583
121900036,16,147,-131
121900037,80,354,-274
121900038,11,59,-48
121900039,184,12,172
121900040,8,40,-32
121900041,17,74,-57
121900042,115,59,56
121900043,0,0,0
121900044,210,13,197
121900046,132,59,73
121900047,50,26,24
121900048,3,79,-76
121900050,20,23,-3
121900051,42,76,-34
121900052,33,14,19
121900053,97,96,1
121900054,345,466,-121
121900055,5,5,0
121900058,38,146,-108
121900059,106,41,65
121900060,40,149,-109
121900061,77,61,16
121900062,64,30,34
121900063,133,121,12
121900064,82,518,-436
121900066,12,7,5
121900067,0,2,-2
121900069,188,107,81
121900070,58,57,1
121900071,35,154,-119
121900072,22,71,-49
121900073,129,113,16
121900074,269,170,99
121900075,142,122,20
121900076,92,457,-365
121900077,1,15,-14
121900078,1,11,-10
121900079,0,0,0
121900080,248,276,-28
121900082,23,62,-39
121900084,0,164,-164
121900085,0,7,-7
121900086,1,18,-17
121900087,125,61,64
121900088,1786,1086,700
121900089,25,275,-250
121900090,3,56,-53
121900091,11,41,-30
121900092,20,45,-25
121900093,39,53,-14
121900094,7,5,2
121900095,63,82,-19
121900096,1261,209,1052
121900097,56,81,-25
121900098,0,1,-1
121900099,21,36,-15
121900100,43,66,-23
121900101,24,54,-30
121900102,0,47,-47
121900103,328,72,256
121900104,444,112,332
121900105,31,23,8
121900106,1,2,-1
121900107,2,10,-8
121900108,0,0,0
121900109,183,61,122
121900110,69,864,-795
121900111,524,58,466
121900112,78,61,17
121900113,27,65,-38
121900117,20,10,10
121900118,1684,170,1514
121900119,31,101,-70
121900120,14,822,-808
121900121,317,28,289
121900122,4,15,-11
121900123,111,207,-96
121900124,37,131,-94
121900125,417,741,-324
121900127,4,28,-24
121900128,8,98,-90
121900129,922,36,886
121900130,39,103,-64
121900131,60,94,-34
121900132,5,79,-74
121900133,20,17,3
121900134,0,57,-57
121900135,1588,185,1403
121900136,57,350,-293
121900137,12,144,-132
121900138,17,119,-102
121900139,290,251,39
121900140,9,91,-82
121900141,8,20,-12
121900142,8,61,-53
121900143,2,66,-64
121900144,226,234,-8
121900145,56,102,-46
121900146,260,475,-215
121900147,41,163,-122
121900148,82,183,-101
121900149,95,466,-371
121900150,43,205,-162
121900151,32,113,-81
121900152,19,92,-73
121900153,41,359,-318
121900154,10,69,-59
121900155,0,42,-42
121900156,55,84,-29
121900157,3,354,-351
121900158,11,44,-33
121900159,0,122,-122
121900160,7,142,-135
121900161,238,116,122
121900162,50,51,-1
121900163,15,487,-472
121900164,117,110,7
121900165,44,109,-65
121900166,48,133,-85
121900167,54,36,18
121900168,158,62,96
121900169,1,240,-239
121900170,0,91,-91
121900171,183,228,-45
121900172,136,179,-43
121900173,424,111,313
121900174,9,43,-34
121900175,14,93,-79
121900176,246,1235,-989
121900177,94,19,75
121900178,23,64,-41
121900179,114,47,67
121900180,4148,1314,2834
121900182,185,122,63
121900183,223,173,50
121900184,21,414,-393
121900186,0,231,-231
121900187,5,64,-59
121900188,382,178,204
121900189,20,73,-53
121900190,88,289,-201
121900191,23,73,-50
121900192,436,248,188
121900193,18,177,-159
121900194,1,89,-88
121900195,65,53,12
121900196,286,197,89
121900197,296,1568,-1272
121900198,686,586,100
121900199,0,12,-12
121900200,41,126,-85
121900201,563,450,113
121900202,82,175,-93
121900203,83,348,-265
121900204,702,381,321
121900205,8,100,-92
121900206,0,6,-6
121900207,115,10,105
121900208,97,128,-31
121900209,29,7,22
121900210,413,511,-98
121900211,132,278,-146
121900212,51,57,-6
121900213,8,82,-74
121900214,1,160,-159
121900215,4,14,-10
121900216,16,38,-22
121900217,101,43,58
121900218,134,211,-77
121900220,56,6,50
121900221,101,389,-288
121900222,14,119,-105
121900223,38,23,15
121900224,15,31,-16
121900225,24,29,-5
121900226,101,31,70
121900227,44,209,-165
121900228,100,94,6
121900230,42,38,4
121900231,80,111,-31
121900232,23,179,-156
121900233,170,207,-37
121900234,55,234,-179
121900235,84,190,-106
121900236,91,57,34
121900237,103,167,-64
121900238,76,117,-41
121900239,59,24,35
121900240,122,76,46
121900241,4,19,-15
121900242,1,0,1
121900245,81,102,-21
121900246,578,250,328
121900247,95,172,-77
121900248,650,317,333
121900250,159,154,5
121900251,124,5,119
121900252,647,79,568
121900253,133,690,-557
121900254,308,132,176
121900255,54,28,26
121900258,1133,624,509
121900259,202,228,-26
121900260,12,83,-71
121900261,67,238,-171
121900262,185,300,-115
121900263,40,184,-144
121900264,1610,525,1085
121900265,32,205,-173
121900266,52,135,-83
121900267,7,8,-1
121900269,28,149,-121
121900270,9,72,-63
121900271,5,78,-73
121900273,255,608,-353
121900274,68,141,-73
121900277,92,996,-904
121900278,13,493,-480
121900279,52,266,-214
121900280,61,153,-92
121900281,83,24,59
121900284,22,1,21
121900286,22,121,-99
121900287,0,6,-6
121900288,2,2,0
121900290,100,79,21
121900291,212,266,-54
121900292,132,59,73
121900293,566,2152,-1586
121900294,171,3,168
121900295,11,145,-134
121900296,8,7,1
121900298,73,208,-135
121900299,0,0,0
121900300,5,0,5
121900301,33,0,33
121900302,0,31,-31
121900303,104,344,-240
121900304,3,0,3
121900305,1,1,0
121900306,23,0,23
121900307,5,6,-1
121900308,7,299,-292
121900309,5,173,-168
121900310,9,506,-497
121900311,79,2,77
121900312,40,4,36
121900313,106,6,100
121900314,1,20,-19
121900315,1,0,1
121900316,0,6,-6
121900317,0,0,0
121900318,0,5,-5
121900319,3,12,-9
121900320,32,79,-47
121900321,2,0,2
121900322,0,30,-30
121900323,4,2,2
121900324,0,22,-22
121900325,0,0,0
121900326,0,18,-18
121900327,1,34,-33
121900328,0,14,-14
121900329,1,164,-163
121900330,0,15,-15
121900331,12,3,9
121900332,46,7,39
121900333,7,0,7
121900334,29,27,2
122000001,1784,1788,-4
122000002,3728,807,2921
122000003,1595,863,732
122000004,1857,620,1237
122000005,1704,620,1084
122000006,1343,257,1086
122000007,708,518,190
122000008,4488,1997,2491
122000009,474,129,345
122000010,1696,1430,266
122000011,2543,503,2040
122000012,814,585,229
122000013,1205,711,494
122000014,925,1080,-155
122000015,886,576,310
122000016,261,447,-186
122000017,755,803,-48
122000018,805,820,-15
122000019,431,1019,-588
122000020,130,153,-23
122000021,495,253,242
122000022,739,1014,-275
122000023,352,1892,-1540
122000024,745,601,144
122000025,879,590,289
122000026,1448,498,950
122000027,390,2964,-2574
122000028,469,199,270
122000029,242,144,98
122000030,234,55,179
122000031,103,114,-11
122000032,726,1662,-936
122000033,646,394,252
122000034,425,333,92
122000035,228,359,-131
122000036,240,466,-226
122000037,208,174,34
122000038,175,251,-76
122000039,418,352,66
122000040,278,176,102
122000041,240,310,-70
122000042,129,256,-127
122000043,97,73,24
122000044,83,98,-15
122000045,792,382,410
122000046,312,527,-215
122000047,153,121,32
122000048,1963,1961,2
122000049,3116,1437,1679
122000050,1046,345,701
122000051,212,163,49
122000052,348,141,207
122000053,78,285,-207
122000054,1553,1327,226
122000055,1684,1404,280
122000056,3242,1870,1372
122000057,2549,1463,1086
122000058,3193,857,2336
122000059,2183,914,1269
122000060,775,341,434
122000061,715,122,593
122000062,1059,165,894
122000063,487,292,195
122000064,2351,2081,270
122000065,4065,2009,2056
122000066,928,792,136
122000067,835,888,-53
122000068,480,832,-352
122000069,431,479,-48
122000070,304,1326,-1022
122000071,475,878,-403
122000072,149,176,-27
122000073,239,221,18
122000074,743,800,-57
122000075,264,591,-327
122000076,855,729,126
122000077,867,410,457
122000078,2084,1194,890
122000079,791,401,390
122000080,384,180,204
122000081,83,117,-34
122000082,936,406,530
122000083,583,2394,-1811
122000084,511,456,55
122000085,140,1280,-1140
122000086,1377,2243,-866
122000087,177,84,93
122000088,161,92,69
122000089,3111,2386,725
122000090,97,240,-143
122000091,93,50,43
122000092,41,7,34
122000093,844,767,77
122000094,4149,999,3150
122000095,1312,824,488
122000096,837,771,66
122000098,1425,924,501
122000099,1404,556,848
122000100,1037,464,573
122000101,120,765,-645
122000102,982,766,216
122000103,763,858,-95
122000104,121,120,1
122000105,131,158,-27
122000106,507,274,233
122000107,498,286,212
122000108,219,589,-370
122000109,130,197,-67
122000110,165,362,-197
122000111,2047,921,1126
122000112,338,1162,-824
122000113,259,497,-238
122000114,1787,959,828
122000115,1344,652,692
122000116,376,472,-96
122000117,608,216,392
122000118,240,370,-130
122000119,2431,1238,1193
122000120,4424,1809,2615
122000121,5239,1525,3714
122000122,840,1085,-245
122000123,3714,847,2867
122000124,860,310,550
122000125,322,439,-117
122000126,619,454,165
122000127,2795,676,2119
122000128,826,911,-85
122000129,186,241,-55
122000130,2301,251,2050
122000131,2863,275,2588
122000132,1368,423,945
122000133,838,1500,-662
122000134,343,305,38
122000135,568,916,-348
122000136,200,103,97
122000137,638,485,153
122000139,920,2431,-1511
122000140,732,317,415
122000141,3836,567,3269
122000142,334,342,-8
122000143,666,150,516
122000144,2767,471,2296
122000145,1379,670,709
122000146,597,576,21
122000147,715,323,392
122000148,1520,1084,436
122000149,1775,640,1135
122000150,1222,523,699
122000151,381,279,102
122000152,541,259,282
122000153,428,144,284
122000154,334,91,243
122000155,1934,1707,227
122000156,1991,1327,664
122000157,1352,799,553
122000158,143,368,-225
122000159,1447,1001,446
122000160,7415,465,6950
122000161,1564,571,993
122000162,1732,1536,196
122000163,245,38,207
122000164,23,30,-7
122000165,559,377,182
122000166,626,547,79
122000167,120,174,-54
122000168,144,310,-166
122000169,317,116,201
122000170,99,206,-107
122000171,30,50,-20
122000172,1018,1090,-72
122000173,942,1416,-474
122000174,1105,497,608
122000175,808,289,519
122000176,181,376,-195
122000177,1173,915,258
122000178,1924,1405,519
122000179,1285,1712,-427
122000180,1164,609,555
122000181,2018,1305,713
122000182,2508,499,2009
122000183,1317,655,662
122000184,3709,1119,2590
122000185,1240,868,372
122000186,334,462,-128
122000187,893,1164,-271
122000188,592,119,473
122000189,195,207,-12
122000190,686,1030,-344
122000191,592,364,228
122000192,734,192,542
122000193,213,483,-270
122000194,342,117,225
122000195,79,291,-212
122000196,481,347,134
122000197,337,364,-27
122000198,344,578,-234
122000199,277,241,36
122000200,823,325,498
122000201,882,1268,-386
122000202,594,727,-133
122000203,2420,999,1421
122000204,1358,1231,127
122000205,1130,568,562
122000206,1656,674,982
122000207,947,1015,-68
122000208,1043,1199,-156
122000209,1431,201,1230
122000210,840,1374,-534
122000211,519,971,-452
122000212,309,398,-89
122000213,605,954,-349
122000214,1031,1495,-464
122000215,940,1217,-277
122000217,1333,944,389
122000218,325,41,284
122000219,1127,971,156
122000220,188,672,-484
122000221,62,269,-207
122000222,382,32,350
122000223,446,389,57
122000225,421,289,132
122000226,737,1370,-633
122000227,163,1113,-950
122000228,286,379,-93
122000229,16,281,-265
122000230,57,788,-731
122000231,87,573,-486
122000232,215,663,-448
122000233,0,96,-96
122000234,36,154,-118
122000235,210,174,36
122000236,252,171,81
122000237,25,51,-26
122000238,67,91,-24
122000239,183,75,108
122000240,417,188,229
122000241,314,214,100
122000242,141,79,62
122000243,70,43,27
122000244,27,470,-443
122000245,50,371,-321
122000246,108,104,4
122000247,453,1099,-646
122000248,1203,2429,-1226
122000249,211,326,-115
122000250,1033,267,766
122000251,160,274,-114
122000252,397,40,357
122000253,14,284,-270
122000254,77,48,29
122000255,362,1760,-1398
122000256,272,1373,-1101
122000257,42,293,-251
122000258,37,189,-152
122000259,16,528,-512
122000260,3,75,-72
122000261,2,140,-138
122000262,0,63,-63
122000263,51,98,-47
122000264,259,420,-161
122000265,1197,507,690
122000266,2844,379,2465
122000267,58,103,-45
122000268,45,411,-366
122000269,330,183,147
122000270,320,76,244
122000271,174,765,-591
122000272,243,904,-661
122000273,148,346,-198
122000274,44,92,-48
122000275,21,130,-109
122000276,90,396,-306
122000277,354,833,-479
122000278,396,680,-284
122000279,76,642,-566
122000280,408,823,-415
122000281,216,770,-554
122000282,71,262,-191
122000283,209,35,174
122000284,56,96,-40
122000285,177,86,91
122000286,91,157,-66
122000287,354,893,-539
122000288,145,172,-27
122000291,377,257,120
122000293,264,397,-133
122000294,52,86,-34
122000295,765,135,630
122000296,66,480,-414
122000297,2201,1199,1002
122000299,146,328,-182
122000300,228,396,-168
122000301,10797,1561,9236
122000302,721,388,333
122000303,3288,755,2533
122000304,18,103,-85
122000305,562,160,402
122000306,22,750,-728
122000307,51,105,-54
122000309,19,31,-12
122000310,10,2,8
122000311,10,18,-8
122000312,41,26,15
122000313,4,21,-17
122000314,51,124,-73
122000315,81,11,70
122000316,151,162,-11
122000317,519,124,395
122000318,81,227,-146
122000319,181,327,-146
122000320,272,1772,-1500
122000321,29,237,-208
122000322,2018,1230,788
122000323,1160,782,378
122000324,980,779,201
122000325,587,606,-19
122000326,9,102,-93
122000327,108,304,-196
122000328,1577,881,696
122000330,1270,435,835
122000332,114,233,-119
122000333,6,155,-149
122000337,276,2587,-2311
122000338,80,475,-395
122000340,201,124,77
122000342,1942,843,1099
122000343,280,1590,-1310
122000344,15,20,-5
122000345,5,35,-30
122000346,198,492,-294
122000348,136,540,-404
122000349,96,659,-563
122000351,59,154,-95
122000352,393,36,357
122000353,23,112,-89
122000355,86,99,-13
122000356,871,544,327
122000357,11,11,0
122000358,0,71,-71
122000359,0,41,-41
122000360,3,40,-37
122000362,7,97,-90
122000364,52,383,-331
122000365,1,19,-18
122000366,1,7,-6
122000368,274,612,-338
122000370,4,96,-92
122000371,2,0,2
122000372,2,0,2
122000381,21,229,-208
122000382,53,253,-200
122000384,2963,1370,1593
122000385,6,0,6
122000386,237,536,-299
122000387,188,392,-204
122000388,1100,241,859
122000389,157,598,-441
122000390,213,140,73
122000391,164,47,117
122000392,132,231,-99
122000393,5,161,-156
122000394,192,290,-98
122000395,46,139,-93
122000396,125,103,22
122000397,26,136,-110
122000398,4,35,-31
122000399,30,77,-47
122000400,89,294,-205
122000401,63,95,-32
122000402,53,54,-1
122000403,163,1009,-846
122000404,89,179,-90
122000408,614,736,-122
122000503,20,48,-28
122000524,155,66,89
122000544,23,797,-774
122000616,721,2,719
122000640,22,229,-207
122000641,12,437,-425
122000642,662,1008,-346
122000643,5,84,-79
122000644,118,29,89
122000645,55,82,-27
122000651,1127,399,728
122000664,93,25,68
122000665,697,389,308
122000666,321,927,-606
122000673,13,327,-314
122000674,58,49,9
122000675,866,1017,-151
122000686,135,841,-706
122000687,278,337,-59
122000688,136,663,-527
122000689,184,456,-272
122000690,256,543,-287
122000691,187,2167,-1980
122000692,402,283,119
122000693,215,1244,-1029
122000695,68,484,-416
122000696,77,219,-142
122000698,70,904,-834
122000699,61,34,27
122000701,584,280,304
122000702,327,1880,-1553
122000703,78,13,65
122000712,1,0,1
122000717,174,36,138
122000718,322,185,137
122000719,18,52,-34
122000720,62,209,-147
122000724,195,271,-76
122900001,6,0,6
122900002,722,993,-271
122900003,83,14,69
122900004,422,10,412
122900005,38,53,-15
122900006,464,279,185
122900007,67,4,63
122900008,389,44,345
122900009,518,125,393
122900010,105,63,42
122900012,433,193,240
122900014,93,257,-164
122900015,1082,135,947
122900016,15,196,-181
122900017,534,446,88
122900018,101,14,87
122900019,2,119,-117
122900020,214,232,-18
122900021,29,262,-233
122900022,165,917,-752
122900023,119,281,-162
122900024,71,65,6
122900025,5,83,-78
122900026,99,236,-137
122900027,20,519,-499
122900028,56,88,-32
122900029,2875,887,1988
122900030,920,225,695
122900031,53,97,-44
122900032,70,184,-114
122900033,245,137,108
122900034,2308,2434,-126
122900035,6,3,3
122900036,3,49,-46
122900037,230,129,101
122900038,130,1135,-1005
122900039,109,324,-215
122900040,103,227,-124
122900041,126,112,14
122900042,73,193,-120
122900043,167,87,80
122900044,45,205,-160
122900045,69,76,-7
122900046,52,30,22
122900047,80,64,16
122900048,48,92,-44
122900049,1153,57,1096
122900051,64,55,9
122900052,21,62,-41
122900053,13,6,7
122900055,64,33,31
122900057,107,6,101
122900061,322,65,257
122900062,192,268,-76
122900063,99,333,-234
122900064,454,440,14
122900065,186,107,79
122900066,192,157,35
122900067,1217,555,662
122900068,51,101,-50
122900069,96,523,-427
122900070,72,24,48
122900071,42,435,-393
122900072,10,516,-506
122900073,38,213,-175
122900074,93,578,-485
122900075,0,78,-78
122900076,5,124,-119
122900077,0,164,-164
122900078,19,90,-71
122900080,28,7,21
122900081,60,66,-6
122900082,328,123,205
122900083,96,78,18
122900084,3,158,-155
122900086,12,19,-7
122900087,79,405,-326
122900088,23,34,-11
122900089,5,105,-100
122900090,6,528,-522
122900091,31,0,31
122900092,0,246,-246
122900093,2,316,-314
122900094,2,196,-194
122900095,68,3,65
122900096,37,203,-166
122900097,10,7,3
122900098,111,76,35
122900099,1,4,-3
122900100,78,66,12
122900101,729,82,647
122900102,6,8,-2
122900103,16,4,12
122900104,21,1,20
122900105,1,0,1
122900106,1,81,-80
122900107,3,172,-169
122900108,3,162,-159
123000001,1191,292,899
123000002,3765,1452,2313
123000003,3123,1794,1329
123000004,3158,3322,-164
123000005,1649,1728,-79
123000006,2693,2215,478
123000007,1707,1497,210
123000008,1825,3192,-1367
123000009,3052,2404,648
123000010,3225,3054,171
123000011,2543,855,1688
123000012,1213,1934,-721
123000013,2570,960,1610
123000014,1316,3038,-1722
123000015,2439,446,1993
123000016,4923,1865,3058
123000017,2047,1086,961
123000018,17,60,-43
123000019,54,213,-159
123000020,52,104,-52
123000021,16,73,-57
123000022,197,401,-204
123000023,817,924,-107
123000024,668,460,208
123000025,31,50,-19
123000026,5,111,-106
123000027,73,168,-95
123000028,310,172,138
123000029,397,252,145
123000030,55,570,-515
123000031,50,258,-208
123000032,109,182,-73
123000033,121,56,65
123000034,406,336,70
123000035,122,186,-64
123000036,122,293,-171
123000037,85,265,-180
123000038,52,181,-129
123000039,559,621,-62
123000040,843,304,539
123000041,590,337,253
123000042,521,464,57
123000043,1891,2831,-940
123000044,4025,1346,2679
123000045,7044,925,6119
123000046,523,443,80
123000047,2152,612,1540
123000048,32,172,-140
123000049,4194,2414,1780
123000050,397,669,-272
123000051,70,90,-20
123000052,375,1136,-761
123000053,2052,1490,562
123000054,866,767,99
123000055,424,623,-199
123000056,781,1521,-740
123000057,11766,3381,8385
123000058,351,583,-232
123000059,197,255,-58
123000060,498,325,173
123000061,88,386,-298
123000063,693,376,317
123000064,685,120,565
123000065,5885,2737,3148
123000066,903,556,347
123000067,247,372,-125
123000068,2366,2722,-356
123000069,8061,3206,4855
123000070,248,500,-252
123000071,323,929,-606
123000072,555,1441,-886
123000073,482,776,-294
123000074,779,1896,-1117
123000075,251,481,-230
123000076,352,1245,-893
123000077,1653,3081,-1428
123000078,647,1566,-919
123000079,562,1648,-1086
123000080,1202,2070,-868
123000081,116,440,-324
123000082,328,888,-560
123000083,540,101,439
123000084,294,696,-402
123000085,35,91,-56
123000086,79,429,-350
123000087,61,395,-334
123000088,525,956,-431
123000089,341,1039,-698
123000090,956,1142,-186
123000091,1260,995,265
123000092,945,999,-54
123000094,242,216,26
123000095,169,427,-258
123000096,230,383,-153
123000097,133,1021,-888
123000098,306,390,-84
123000099,365,749,-384
123000100,304,340,-36
123000101,376,250,126
123000102,452,367,85
123000104,287,230,57
123000105,502,414,88
123000106,536,183,353
123000107,474,414,60
123000108,1104,814,290
123000111,304,131,173
123000112,416,381,35
123000113,740,1317,-577
123000114,246,317,-71
123000115,97,258,-161
123000116,21,207,-186
123000117,1045,2040,-995
123000118,319,806,-487
123000119,158,908,-750
123000120,209,741,-532
123000121,267,441,-174
123000122,286,228,58
123000123,351,393,-42
123000124,626,441,185
123000125,956,526,430
123000126,1791,1127,664
123000127,1793,604,1189
123000128,288,366,-78
123000129,214,76,138
123000130,163,20,143
123000131,332,266,66
123000132,313,415,-102
123000133,527,283,244
123000134,670,144,526
123000135,826,770,56
123000136,110,1102,-992
123000137,72,318,-246
123000138,58,361,-303
123000139,223,67,156
123000140,109,560,-451
123000141,682,40,642
123000142,596,829,-233
123000143,924,2410,-1486
123000144,16,7,9
123000145,129,80,49
123000146,8,84,-76
123000147,29,62,-33
123000149,305,245,60
123000150,116,145,-29
123000151,210,308,-98
123000152,31,200,-169
123000153,135,258,-123
123000154,1470,1007,463
123000155,1804,676,1128
123000156,26,66,-40
123000157,549,684,-135
123000158,676,298,378
123000159,1843,1072,771
123000160,193,214,-21
123000161,711,418,293
123000162,231,745,-514
123000163,139,19,120
123000164,353,125,228
123000165,217,1739,-1522
123000166,21,169,-148
123000167,84,220,-136
123000168,100,273,-173
123000169,249,48,201
123000170,18,259,-241
123000171,73,26,47
123000172,162,631,-469
123000173,191,59,132
123000174,492,89,403
123000175,800,1191,-391
123000176,191,48,143
123000177,180,977,-797
123000178,189,46,143
123000179,20,705,-685
123000180,706,223,483
123000181,263,1370,-1107
123000182,59,376,-317
123000183,84,101,-17
123000184,53,739,-686
123000185,100,265,-165
123000186,5,550,-545
123000187,177,4,173
123000188,53,1,52
123000189,52,187,-135
123000190,8,56,-48
123000192,12,305,-293
123000193,15,424,-409
123000194,406,238,168
123000195,178,5,173
123000196,93,0,93
123000197,35,78,-43
123000198,4,151,-147
123000199,4,472,-468
123000200,197,5,192
123000201,241,8,233
123000202,18,1119,-1101
123000203,235,19,216
123000204,33,1066,-1033
123000205,194,1946,-1752
123000206,619,42,577
123000207,33,856,-823
123000208,119,56,63
123000209,632,172,460
123000210,218,1408,-1190
123000211,441,2530,-2089
123000212,948,196,752
123000213,131,41,90
123000215,95,74,21
123000216,152,221,-69
123000217,122,7,115
123000218,63,195,-132
123000219,499,13,486
123000220,273,22,251
123000221,102,65,37
123000222,146,327,-181
123000223,63,465,-402
123000224,327,774,-447
123000225,73,64,9
123000226,59,291,-232
123000227,41,314,-273
123000228,90,36,54
123000229,1092,1579,-487
123000232,64,560,-496
123000233,255,54,201
123000234,75,561,-486
123000235,159,183,-24
123000236,100,813,-713
123000237,128,45,83
123000238,25,583,-558
123000239,342,1763,-1421
123000240,23,131,-108
123000241,823,74,749
123000242,52,133,-81
123000243,320,767,-447
123000244,518,338,180
123000245,41,125,-84
123000249,346,471,-125
123000252,393,74,319
123000253,263,160,103
123000254,298,827,-529
123000255,447,455,-8
123000256,21,200,-179
123000257,2494,1978,516
123000258,599,964,-365
123000259,98,287,-189
123000260,154,492,-338
123000261,42,137,-95
123000262,64,258,-194
123000263,156,76,80
123000264,99,16,83
123000265,35,166,-131
123000266,286,551,-265
123000267,103,155,-52
123000268,11,52,-41
123000269,16,27,-11
123000270,15,17,-2
123000271,40,69,-29
123000272,596,171,425
123000273,161,371,-210
123000274,643,207,436
123000275,152,820,-668
123000278,2344,2003,341
123000279,34,71,-37
123000280,169,295,-126
123000281,176,33,143
123000282,45,210,-165
123000283,35,21,14
123000284,31,100,-69
123000286,260,152,108
123000287,500,207,293
123000288,544,270,274
123000289,308,339,-31
123000291,213,656,-443
123000294,177,214,-37
123000295,496,729,-233
123000296,149,374,-225
123000297,148,841,-693
123000298,193,624,-431
123000299,50,256,-206
123000300,534,398,136
123000301,36,119,-83
123000302,41,124,-83
123000303,12,74,-62
123000305,726,732,-6
123000306,16,233,-217
123000309,55,40,15
123000310,59,18,41
123000311,1,98,-97
123000312,651,812,-161
123000313,90,187,-97
123000315,57,243,-186
123000316,1305,95,1210
123000317,211,42,169
123000318,46,295,-249
123000329,15,10,5
123000337,76,212,-136
123000338,182,47,135
123000339,53,333,-280
123000340,131,326,-195
123000342,3,134,-131
123000343,20,0,20
123000344,653,278,375
123000345,325,505,-180
123000346,161,67,94
123000352,1650,629,1021
123000353,9,117,-108
123000354,58,1,57
123000355,0,280,-280
123000356,46,2,44
123000357,0,233,-233
123000359,0,196,-196
123000360,41,11,30
123000361,364,209,155
123000362,80,92,-12
123000363,38,182,-144
123000364,295,188,107
123000365,14,131,-117
123000366,156,842,-686
123000367,144,1032,-888
123000370,14,246,-232
123000371,49,3,46
123000372,91,1,90
123000373,3,269,-266
123000374,1,113,-112
123000375,79,17,62
123000376,474,465,9
123000377,100,1,99
123000378,4,365,-361
123000379,2,148,-146
123000380,34,120,-86
123000381,55,32,23
123000382,511,27,484
123000383,114,440,-326
123000384,252,52,200
123000385,292,386,-94
123000436,30,502,-472
123000507,123,199,-76
123000508,158,326,-168
123000517,241,15,226
123000518,45,141,-96
123000519,119,73,46
123000520,48,176,-128
123000521,209,74,135
123000522,173,386,-213
123000541,1,0,1
123000542,0,26,-26
123000565,163,7,156
123000566,33,721,-688
123000567,61,222,-161
123000573,24,970,-946
123000574,296,40,256
123000575,906,946,-40
123000576,432,1470,-1038
123000577,44,392,-348
123000578,464,78,386
123000579,3396,1682,1714
123000580,41,21,20
123000582,112,17,95
123000583,10,346,-336
123000584,120,157,-37
123000585,0,99,-99
123000586,8,2,6
123000596,106,102,4
123000597,25,65,-40
123000602,4,0,4
123000603,155,713,-558
123000604,254,1041,-787
123000605,496,72,424
123000606,0,249,-249
123000609,4,303,-299
123000610,51,94,-43
123000613,56,86,-30
123000614,144,19,125
123000615,40,231,-191
123000616,140,17,123
123000617,34,387,-353
123000618,20,448,-428
123000619,360,22,338
123000620,9,409,-400
123000622,190,10,180
123000624,152,65,87
123000630,356,330,26
123000631,104,1714,-1610
123000632,989,948,41
123000633,0,120,-120
123000634,50,14,36
123000635,149,99,50
123000636,9,545,-536
123000637,87,22,65
123000638,237,58,179
123000639,537,1534,-997
123000640,33,999,-966
123000648,82,35,47
123000649,40,646,-606
123900001,1192,61,1131
123900002,7,657,-650
123900003,219,506,-287
123900005,92,34,58
123900006,71,11,60
124000001,1016,143,873
124000002,86,1340,-1254
124000003,195,138,57
124000004,34,609,-575
124000005,321,126,195
124000006,177,1358,-1181
124000007,344,58,286
124000008,7,399,-392
124000009,246,166,80
124000010,55,508,-453
124000011,346,151,195
124000012,127,981,-854
124000017,31,135,-104
124000018,69,110,-41
124000019,66,86,-20
124000020,45,176,-131
124000021,37,82,-45
124000022,58,231,-173
124000023,757,872,-115
124000024,780,498,282
124000025,729,756,-27
124000026,784,806,-22
124000027,4218,2101,2117
124000028,2634,2797,-163
124000030,2795,868,1927
124000031,491,711,-220
124000032,4420,1096,3324
124000033,478,256,222
124000034,1128,1128,0
124000035,99,51,48
124000036,62,616,-554
124000037,168,225,-57
124000038,40,96,-56
124000039,1138,184,954
124000040,627,320,307
124000041,142,55,87
124000042,29,214,-185
124000043,58,81,-23
124000044,49,268,-219
124000045,301,450,-149
124000046,109,687,-578
124000047,373,759,-386
124000048,250,1570,-1320
124000049,486,592,-106
124000050,256,2179,-1923
124000051,226,435,-209
124000052,262,1418,-1156
124000053,241,653,-412
124000054,406,645,-239
124000055,722,942,-220
124000056,3177,1088,2089
124000057,445,327,118
124000058,250,1283,-1033
124000059,232,368,-136
124000060,732,742,-10
124000061,852,1724,-872
124000062,7499,1543,5956
124000063,982,1278,-296
124000064,2103,1660,443
124000065,91,175,-84
124000066,218,49,169
124000067,19,145,-126
124000068,18,90,-72
124000069,175,167,8
124000070,91,516,-425
124000071,38,48,-10
124000072,84,487,-403
124000073,289,51,238
124000074,90,721,-631
124000075,55,12,43
124000076,9,222,-213
124000077,1836,448,1388
124000078,2717,236,2481
124000079,767,555,212
124000080,165,60,105
124000081,67,797,-730
124000082,10,96,-86
124000083,23,159,-136
124000084,15,163,-148
124000085,29,40,-11
124000086,97,75,22
124000087,38,58,-20
124000088,76,174,-98
124000089,269,235,34
124000090,75,366,-291
124000091,196,117,79
124000092,54,672,-618
124000093,55,29,26
124000094,65,225,-160
124000095,39,39,0
124000096,41,246,-205
124000097,56,53,3
124000098,41,125,-84
124000099,66,92,-26
124000100,9,90,-81
124000101,18,113,-95
124000102,43,81,-38
124000103,25,68,-43
124000104,43,80,-37
124000105,13,42,-29
124000106,72,73,-1
124000107,6,54,-48
124000108,33,21,12
124000109,65,44,21
124000110,90,88,2
124000111,103,149,-46
124000112,292,564,-272
124000113,33,60,-27
124000114,119,416,-297
124000115,314,657,-343
124000116,68,48,20
124000117,72,43,29
124000118,17,37,-20
124000119,488,440,48
124000120,288,470,-182
124000121,2224,562,1662
124000122,502,785,-283
124000123,518,291,227
124000124,373,616,-243
124000125,272,265,7
124000126,429,410,19
124000127,374,229,145
124000128,530,935,-405
124000129,965,925,40
124000130,591,410,181
124000131,662,404,258
124000132,712,634,78
124000133,413,572,-159
124000134,443,723,-280
124000135,952,961,-9
124000136,669,924,-255
124000137,785,383,402
124000138,919,738,181
124000139,216,18,198
124000140,14,304,-290
124000141,202,15,187
124000142,25,334,-309
124000143,17,9,8
124000144,8,155,-147
124000145,18,25,-7
124000146,10,137,-127
124000148,9,15,-6
124000149,413,169,244
124000150,253,500,-247
124000151,352,170,182
124000152,512,924,-412
124000153,240,268,-28
124000154,225,733,-508
124000155,621,453,168
124000156,981,782,199
124000169,169,198,-29
124000170,513,329,184
124000171,119,156,-37
124000172,182,444,-262
124000173,109,240,-131
124000174,151,562,-411
124000175,5,129,-124
124000176,12,3,9
124000177,14,42,-28
124000178,11,4,7
124000190,159,41,118
124000191,317,54,263
124000192,1196,192,1004
124000193,270,1013,-743
124000194,303,531,-228
124000195,128,358,-230
124000196,672,1073,-401
124000197,30,46,-16
124000198,10,25,-15
124000201,105,825,-720
124000202,331,58,273
124000203,65,840,-775
124000204,191,357,-166
124000205,17,558,-541
124000206,99,336,-237
124000207,1,55,-54
124000209,108,548,-440
124000210,88,145,-57
124000211,73,0,73
124000212,3,527,-524
124000213,70,301,-231
124000214,131,614,-483
124000215,54,0,54
124000216,3,525,-522
124000329,34,2184,-2150
124000338,9,1095,-1086
124000339,135,38,97
124000341,239,37,202
124000344,17,4,13
124000357,547,894,-347
124000358,624,783,-159
124000359,411,301,110
124000360,211,276,-65
124000361,657,532,125
124000362,1188,2026,-838
124000363,180,410,-230
124000364,357,867,-510
124000365,620,996,-376
124000366,1732,769,963
124000367,67,552,-485
124000368,148,121,27
124000369,68,75,-7
124000370,66,535,-469
124000402,9,2,7
124000403,14,7,7
124000404,9,81,-72
124000405,678,524,154
124000406,728,591,137
124000407,1,19,-18
124000411,4,336,-332
124000412,83,6,77
124000413,125,21,104
124000414,21,88,-67
124000415,27,226,-199
124000416,76,346,-270
124000417,68,98,-30
124000418,35,92,-57
124000419,64,185,-121
124000420,11,80,-69
124000421,16,289,-273
124000422,16,9,7
124000423,85,18,67
124000424,1,180,-179
124000425,25,3,22
124000426,5,243,-238
124000427,27,15,12
124000428,11,24,-13
124000429,23,82,-59
124000430,361,605,-244
124000431,212,553,-341
124000432,79,737,-658
124000439,5,7,-2
124000443,0,11,-11
124000445,311,295,16
124000446,2484,99,2385
124000447,1,43,-42
124900001,182,208,-26
124900002,58,366,-308
124900003,286,407,-121
124900004,125,255,-130
124900005,138,149,-11
124900006,164,285,-121
124900008,585,313,272
124900009,81,66,15
124900010,40,11,29
124900011,92,81,11
124900012,164,30,134
124900013,141,50,91
124900014,104,51,53
124900015,50,63,-13
124900016,9,26,-17
124900017,298,152,146
124900018,3,3,0
124900020,11,44,-33
124900021,65,22,43
124900022,6,1,5
124900024,56,8,48
124900026,76,17,59
124900027,46,87,-41
124900028,449,67,382
124900029,8,210,-202
124900030,2,86,-84
124900031,7,308,-301
124900032,118,102,16
124900033,53,317,-264
124900034,7,69,-62
124900035,87,335,-248
124900036,0,25,-25
124900037,48,279,-231
124900038,241,368,-127
124900039,1,17,-16
124900040,17,57,-40
124900041,159,1177,-1018
124900042,15,0,15
124900043,277,1000,-723
124900044,15,0,15
124900045,378,546,-168
124900047,79,109,-30
124900048,61,118,-57
124900050,87,190,-103
124900052,34,260,-226
124900053,20,334,-314
124900054,2160,222,1938
124900055,1,62,-61
124900057,5,40,-35
124900060,42,199,-157
124900061,25,3,22
124900062,12,3,9
124900066,0,13,-13
124900067,6,146,-140
124900068,154,123,31
124900070,17,39,-22
124900072,18,6,12
124900075,38,149,-111
124900076,9,200,-191
124900077,9,83,-74
124900078,64,11,53
124900079,386,31,355
124900080,100,660,-560
124900081,368,137,231
124900082,217,912,-695
124900083,84,519,-435
124900085,1070,121,949
124900086,35,343,-308
124900087,358,33,325
124900088,636,63,573
124900089,1003,17,986
124900090,86,102,-16
124900091,106,420,-314
124900092,89,381,-292
124900093,64,117,-53
124900094,69,85,-16
124900095,17,165,-148
124900096,259,66,193
124900097,90,26,64
124900098,60,282,-222
124900099,313,181,132
124900100,48,23,25
124900101,10,519,-509
124900102,56,13,43
124900103,44,203,-159
124900104,31,125,-94
124900105,14,118,-104
124900106,129,15,114
124900107,32,8,24
124900108,115,15,100
124900111,0,43,-43
124900112,29,556,-527
124900113,103,63,40
124900114,275,33,242
124900115,46,33,13
124900116,38,55,-17
124900117,575,77,498
124900118,69,37,32
124900119,153,32,121
124900120,6,284,-278
124900121,85,68,17
124900122,419,144,275
124900123,445,32,413
124900124,127,117,10
204000001,15,27,-12
204000002,6,13,-7
204000003,2,3,-1
204000004,0,0,0
204000005,216,173,43
204000006,403,456,-53
204000011,12,63,-51
204000012,10,81,-71
204000019,303,365,-62
204000020,285,607,-322
204000021,1518,606,912
204000022,279,334,-55
204000023,173,1314,-1141
204000031,48,25,23
204000032,371,43,328
204000034,29,312,-283
204000035,0,12,-12
204000036,14,21,-7
204000037,2,13,-11
204000038,1,27,-26
204000039,6,56,-50
204000040,2,43,-41
204000041,2,44,-42
204000042,10,5,5
204000043,6,6,0
204000044,10,5,5
204000045,14,25,-11
204000046,10,2,8
204000057,3,31,-28
204000062,3,228,-225
204000068,62,77,-15
204000069,10,95,-85
204000070,33,146,-113
204000080,8,32,-24
204000085,590,1209,-619
204000086,2324,1693,631
204000087,42,21,21
204000088,8,96,-88
204000090,7,402,-395
204000093,157,38,119
204000096,268,496,-228
204000097,139,40,99
204000099,456,715,-259
204000100,372,500,-128
204000105,1524,1038,486
204000110,519,1128,-609
204000111,269,737,-468
204000112,396,877,-481
204000113,285,674,-389
204000114,209,252,-43
204000115,235,280,-45
204000116,369,401,-32
204000119,846,808,38
204000132,182,131,51
204000133,351,211,140
204000134,112,140,-28
204000135,161,90,71
204000136,119,123,-4
204000138,126,143,-17
204000140,85,62,23
204000141,59,37,22
204000144,3,14,-11
204000145,583,18,565
204000146,46,339,-293
204000147,53,122,-69
204000148,397,19,378
204000154,1,2,-1
204000155,0,8,-8
204000177,41,51,-10
204000179,17,12,5
204000180,0,45,-45
204000222,3,7,-4
204000235,8,5,3
204000236,62,261,-199
204000238,29,16,13
204000240,348,50,298
204000263,344,1026,-682
204000268,469,255,214
204000308,97,9,88
204000317,11,70,-59
204000322,4,25,-21
204000323,11,10,1
204000328,149,54,95
204000329,118,109,9
204000330,160,69,91
204000331,71,157,-86
205000001,824,1040,-216
205000013,2,84,-82
205000014,14,112,-98
205000015,34,207,-173
205000016,10,190,-180
205000017,24,119,-95
205000022,195,500,-305
205000025,1424,761,663
205000029,103,4,99
205000045,23,174,-151
205000046,29,438,-409
205000047,29,474,-445
205000048,54,913,-859
205000049,50,558,-508
205000050,944,218,726
205000059,0,226,-226
205000060,0,45,-45
205000061,1,15,-14
205000062,0,24,-24
205000063,11,32,-21
205000064,25,79,-54
205000065,28,672,-644
205000066,37,688,-651
205000067,30,965,-935
205000069,164,22,142
205000082,103,124,-21
205000110,59,169,-110
205000111,107,270,-163
205000112,37,72,-35
205000113,173,166,7
205000121,72,30,42
205000123,58,177,-119
205000126,143,26,117
205000127,215,69,146
205000128,239,34,205
205000129,140,31,109
205000130,93,3,90
205000131,31,3,28
205000132,226,1,225
205000133,37,0,37
205000134,44,0,44
205000137,68,103,-35
205000138,216,213,3
205000139,14,60,-46
205000144,19,34,-15
205000145,180,71,109
205000151,31,23,8
205000152,49,14,35
205000153,105,17,88
205000154,18,22,-4
205000155,54,11,43
205000207,24,145,-121
205000233,1,0,1
205000234,0,1,-1
205000243,0,1,-1
205000244,0,6,-6
205000245,8,313,-305
205000249,0,28,-28
205000250,0,1,-1
205000264,1,95,-94
206000027,7,2,5
206000028,5,3,2
206000043,3,122,-119
206000053,11,7,4
206000054,27,18,9
206000055,0,39,-39
206000075,3,4,-1
206000076,8,13,-5
206000077,12,3,9
206000078,3,6,-3
206000079,11,5,6
206000082,318,15,303
206000100,41,600,-559
206000103,5,18,-13
206000104,26,19,7
206000105,8,14,-6
206000106,20,32,-12
206000125,23,0,23
206000157,112,726,-614
206000170,2,263,-261
206000171,1,268,-267
206000172,9,1062,-1053
206000173,3,361,-358
206000174,3,180,-177
206000175,5,256,-251
206000176,9,481,-472
206000177,2,274,-272
206000178,1,210,-209
206000179,2,126,-124
206000180,26,235,-209
206000181,9,348,-339
206000182,28,344,-316
206000183,30,1262,-1232
206000184,2,444,-442
206000185,10,345,-335
206000186,151,1662,-1511
206000223,6,279,-273
206000226,19,1,18
206000227,16,1,15
206000237,32,405,-373
206000238,44,728,-684
206000239,606,2532,-1926
206000240,5,60,-55
206000241,0,149,-149
206000242,11,481,-470
206000243,11,446,-435
206000244,85,1012,-927
206000245,272,32,240
206000246,53,8,45
206000247,85,14,71
206000248,107,17,90
206000252,69,20,49
206000258,7,26,-19
206000315,23,4,19
206000317,218,73,145
206000318,78,40,38
206000319,439,63,376
206000320,23,31,-8
206000321,32,9,23
206000322,125,8,117
206000323,77,5,72
206000324,43,7,36
206000325,68,8,60
206000326,46,3,43
206000327,92,10,82
206000328,46,2,44
206000329,47,7,40
206000330,21,13,8
206000331,58,4,54
206000332,12,6,6
206000333,129,5,124
206000334,116,3,113
206000335,0,18,-18
206000361,6,198,-192
206000392,9,44,-35
206000405,97,0,97
206000441,11,9,2
206000498,19,1,18
206000515,146,24,122
206000530,48,40,8
206000531,73,53,20
206000532,1132,88,1044
206000535,248,2203,-1955
206000536,16,250,-234
206000537,2,162,-160
206000613,911,151,760
206000784,369,26,343
207000001,79,367,-288
207000002,57,285,-228
207000003,114,247,-133
207000007,439,288,151
207000008,29,4,25
207000009,32,33,-1
207000010,380,504,-124
207000012,196,175,21
207000015,258,1640,-1382
207000019,101,86,15
207000021,435,130,305
207000022,53,78,-25
207000023,46,42,4
207000024,0,4,-4
207000025,6,59,-53
207000026,106,62,44
207000027,11,87,-76
207000028,25,221,-196
207000029,178,406,-228
207000033,189,138,51
207000034,166,52,114
207000039,154,137,17
207000040,89,173,-84
207000041,23,68,-45
207000042,131,82,49
207000043,110,232,-122
207000051,46,308,-262
207000052,3,191,-188
207000053,376,655,-279
207000054,34,155,-121
207000055,61,198,-137
207000056,193,463,-270
207000057,88,272,-184
207000058,73,503,-430
207000059,36,1000,-964
207000060,25,364,-339
207000061,34,130,-96
207000062,120,47,73
207000063,124,146,-22
207000064,195,162,33
207000065,222,205,17
207000066,80,169,-89
207000067,35,125,-90
207000068,77,68,9
207000069,638,381,257
207000082,33,423,-390
207000083,52,342,-290
207000084,60,185,-125
207000085,61,4,57
207000086,60,7,53
207000106,17,49,-32
207000107,23,23,0
207000108,25,19,6
207000109,30,5,25
207000110,30,24,6
207000111,69,27,42
207000112,78,144,-66
207000114,23,19,4
207000115,12,51,-39
207000116,3,147,-144
207000117,6,112,-106
207000118,0,63,-63
207000119,6,69,-63
207000123,179,22,157
207000124,60,13,47
207000125,39,17,22
207000126,62,15,47
207000134,8,315,-307
207000135,26,309,-283
207000148,14,119,-105
207000149,83,20,63
207000152,117,406,-289
207000153,941,851,90
207000154,243,120,123
207000159,22,243,-221
207000160,28,577,-549
207000238,1,44,-43
207000242,0,157,-157
207000248,31,13,18
207000249,95,40,55
207000250,470,35,435
207000251,72,41,31
207000252,43,53,-10
207000278,37,67,-30
207000279,10,173,-163
207000280,131,63,68
207000281,56,1211,-1155
207000282,71,24,47
207000283,109,133,-24
207000284,42,40,2
207000285,168,37,131
207000291,12,74,-62
207000304,61,67,-6
207000306,40,453,-413
207000310,27,108,-81
207000353,142,0,142
207000356,1,16,-15
207000357,3,9,-6
207000358,3,9,-6
207000415,10,187,-177
207000417,2,1,1
207000418,110,132,-22
207000438,0,0,0
207000439,1248,279,969
207000446,46,6,40
207000460,1,6,-5
207000466,126,139,-13
207000467,98,93,5
207000468,18,437,-419
207000476,2,78,-76
207000477,130,169,-39
207000478,0,8,-8
207000523,0,12,-12
207000524,13,1,12
207000527,78,131,-53
207000530,63,7,56
207000531,61,3,58
207000532,46,11,35
207000534,696,24,672
207000535,56,73,-17
207000537,18,81,-63
207000540,4,162,-158
207000541,0,262,-262
207000548,10,270,-260
207000549,75,2,73
207000561,52,50,2
207000562,23,171,-148
207000567,104,243,-139
207000568,28,95,-67
207000569,88,948,-860
207000584,295,95,200
207000585,43,75,-32
207000587,48,31,17
207000616,2,227,-225
207000617,46,0,46
207000624,19,14,5
207000631,3,20,-17
207900008,34,207,-173
208000001,270,473,-203
208000002,191,354,-163
208000003,457,349,108
208000004,550,525,25
208000005,3,4,-1
208000019,241,534,-293
208000020,59,318,-259
208000021,46,409,-363
208000022,342,561,-219
208000028,728,570,158
208000033,228,467,-239
208000034,625,980,-355
208000037,212,22,190
208000040,47,145,-98
208000041,425,392,33
208000042,381,369,12
208000047,82,351,-269
208000064,1823,898,925
208000066,824,481,343
208000070,111,401,-290
208000071,156,652,-496
208000072,126,828,-702
208000080,69,200,-131
208000081,102,131,-29
208000082,134,255,-121
208000083,47,302,-255
208000084,7,9,-2
208000085,545,480,65
208000086,233,807,-574
208000087,132,562,-430
208000089,310,522,-212
208000090,292,852,-560
208000093,32,91,-59
208000094,200,432,-232
208000095,408,240,168
208000104,476,579,-103
208000105,392,745,-353
208000114,32,66,-34
208000115,273,228,45
208000116,99,775,-676
208000117,15,106,-91
208000118,40,77,-37
208000155,323,672,-349
208000158,1214,1587,-373
208000186,2236,1035,1201
208000204,236,565,-329
208000205,530,1056,-526
208000282,2341,725,1616
209000004,46,81,-35
209000005,11,17,-6
209000006,152,57,95
209000007,197,118,79
209000010,234,99,135
209000011,79,123,-44
209000012,170,212,-42
209000013,122,538,-416
209000014,583,1442,-859
209000025,122,18,104
209000026,342,23,319
209000027,254,987,-733
209000028,183,1088,-905
209000029,335,988,-653
209000030,278,1382,-1104
209000031,3491,2262,1229
209000034,92,182,-90
209000035,87,89,-2
209000036,75,102,-27
209000037,88,186,-98
209000038,58,118,-60
209000039,32,147,-115
209000040,181,401,-220
209000041,125,309,-184
209000042,177,340,-163
209000043,501,374,127
209000044,150,379,-229
209000045,633,226,407
209000046,164,265,-101
209000047,106,130,-24
209000048,118,161,-43
209000049,73,155,-82
209000050,186,162,24
209000051,145,363,-218
209000052,98,346,-248
209000062,11,169,-158
209000063,6,105,-99
209000064,10,137,-127
209000065,14,27,-13
209000066,17,26,-9
209000067,22,43,-21
209000080,2,129,-127
209000082,45,39,6
209000091,28,50,-22
209000093,85,25,60
209000094,119,68,51
209000110,13,38,-25
209000111,242,634,-392
209000112,311,255,56
209000113,590,256,334
209000114,154,187,-33
209000115,65,169,-104
209000116,763,544,219
209000118,1,25,-24
209000119,8,7,1
209000121,88,590,-502
209000135,42,56,-14
209000142,535,483,52
209000143,39,36,3
209000144,8,42,-34
209000229,49,142,-93
209000240,28,344,-316
209000259,105,128,-23
209000260,21,756,-735
209000261,0,403,-403
209000262,0,355,-355
209000263,0,93,-93
209000264,0,24,-24
209000265,99,0,99
209000266,20,1,19
209000267,114,2,112
209000268,219,5,214
210000037,61,24,37
210000047,14,24,-10
210000048,22,23,-1
210000049,37,20,17
210000052,21,135,-114
210000053,11,69,-58
210000054,48,79,-31
210000070,20,1,19
210000071,15,0,15
210000072,15,0,15
210000073,0,23,-23
210000074,1,60,-59
210000075,0,36,-36
210000076,2,127,-125
210000077,16,20,-4
210000078,37,13,24
210000079,10,4,6
210000080,69,40,29
210000081,56,2,54
210000082,57,0,57
210000083,102,1,101
210000084,11,0,11
210000085,0,55,-55
210000086,1,110,-109
210000099,35,211,-176
210000100,22,192,-170
210000101,52,148,-96
210000105,25,126,-101
210000159,0,126,-126
210000163,158,183,-25
210000164,259,77,182
210000168,121,13,108
210000187,0,6,-6
210000188,1,17,-16
210000214,12,0,12
210000219,13,30,-17
210000220,31,72,-41
210000232,0,21,-21
210000233,16,25,-9
210000234,40,124,-84
210000235,15,119,-104
210000245,0,14,-14
210000246,7,1,6
210000258,13,117,-104
210000259,101,9,92
210000282,19,160,-141
210000285,1,103,-102
210000286,11,169,-158
210000290,3,5,-2
210000295,18,89,-71
210000296,16,48,-32
210000320,58,102,-44
210000321,42,55,-13
210000338,46,74,-28
210000339,495,447,48
210000340,96,120,-24
210000341,74,148,-74
210000342,88,147,-59
210000343,62,143,-81
210000344,107,66,41
210000345,99,74,25
210000346,18,49,-31
210000347,30,15,15
210000348,36,5,31
210000349,18,7,11
210000350,42,54,-12
210000351,57,96,-39
210000352,35,71,-36
210000353,31,92,-61
210000354,43,117,-74
210000355,27,108,-81
210000356,30,44,-14
210000357,26,32,-6
210000358,311,102,209
210000359,37,49,-12
210000360,84,85,-1
210000361,73,115,-42
210000362,139,122,17
210000363,765,89,676
210000364,83,56,27
210000365,68,41,27
210000366,69,50,19
210000367,27,17,10
210000368,77,7,70
210000369,18,25,-7
210000370,34,42,-8
210000372,18,14,4
210000373,21,9,12
210000374,45,7,38
210000375,21,93,-72
210000376,32,158,-126
210000404,84,93,-9
210000439,11,37,-26
210000472,63,6,57
210000482,58,41,17
210000564,674,80,594
210000567,0,28,-28
210000568,400,3,397
211000092,20,61,-41
211000094,53,9,44
211000169,217,5,212
211000172,12,157,-145
211000209,0,9,-9
211000226,5,11,-6
211000270,3,9,-6
211000275,19,20,-1
211000276,45,24,21
211000279,0,82,-82
211000281,12,50,-38
211000302,8,38,-30
211507980,0,6,-6
211977296,5,6,-1
212000003,52,41,11
212000004,24,9,15
212000005,10,23,-13
212000006,13,79,-66
212000008,74,212,-138
212000009,12,180,-168
212000012,19,48,-29
212000013,4,40,-36
212000014,154,148,6
212000015,135,190,-55
212000016,254,424,-170
212000027,286,392,-106
212000028,128,295,-167
212000029,90,242,-152
212000030,8,29,-21
212000031,26,74,-48
212000048,15,99,-84
212000049,4,38,-34
212000050,15,3,12
212000051,104,202,-98
212000052,81,381,-300
212000053,197,451,-254
212000054,69,94,-25
212000055,107,213,-106
212000056,5,23,-18
212000057,5,25,-20
212000058,325,35,290
212000070,48,265,-217
212000077,47,605,-558
212000099,137,183,-46
212000108,94,131,-37
212000111,115,117,-2
212000120,69,103,-34
212000138,39,20,19
212000156,2,71,-69
212000158,17,7,10
212000159,128,62,66
212000160,283,169,114
212000161,24,23,1
212000310,6,7,-1
212000311,2,57,-55
212000374,7,5,2
213000001,8,558,-550
213000005,230,58,172
213000006,853,73,780
213000007,75,3,72
213000009,295,127,168
213000010,85,94,-9
213000011,102,50,52
213000012,65,310,-245
213000014,11,3,8
213000015,60,1,59
213000016,71,1,70
213000017,5,0,5
213000018,0,181,-181
213000019,2,127,-125
213000020,53,221,-168
213000021,0,79,-79
213000023,118,100,18
213000033,179,475,-296
213000034,186,211,-25
213000035,43,71,-28
213000045,64,235,-171
213000046,50,136,-86
213000047,266,460,-194
213000056,15,7,8
213000069,23,4,19
213000073,0,4,-4
213000074,109,390,-281
213000075,171,4,167
213000076,3,0,3
213000085,1,43,-42
213000086,11,200,-189
213000091,7,5,2
213000092,3,1,2
213000099,119,664,-545
213000100,805,130,675
213000101,75,158,-83
213000102,98,366,-268
213000103,369,574,-205
213000104,14,406,-392
213000105,0,52,-52
213000106,8,174,-166
213000107,77,603,-526
213000108,9,403,-394
213000109,0,217,-217
213000110,1,48,-47
213000111,7,30,-23
213000112,171,119,52
213000115,19,1,18
213000116,65,487,-422
213000117,5,715,-710
213000118,210,221,-11
213000119,21,678,-657
213000120,47,695,-648
213000122,173,639,-466
213000123,573,913,-340
213000124,27,1065,-1038
213000125,86,14,72
213000126,22,59,-37
213000127,144,75,69
213000128,617,346,271
213000129,354,170,184
213000130,178,90,88
213000132,80,68,12
213000133,83,58,25
213000134,379,10,369
213000136,133,15,118
213000137,307,51,256
213000139,212,7,205
213000147,3,0,3
213000148,3,9,-6
213000149,7,9,-2
213000150,0,49,-49
213000151,1,53,-52
213000152,0,55,-55
213000153,1,25,-24
213000154,5,232,-227
213000155,18,248,-230
213000156,49,465,-416
213000157,534,475,59
213000158,184,509,-325
213000159,282,421,-139
213000163,273,66,207
213000165,348,52,296
213000171,1,137,-136
213000172,1,251,-250
213000173,1,257,-256
213000174,2,232,-230
213000175,4,103,-99
213000176,7,8,-1
213000177,3,0,3
213000178,17,0,17
213000179,47,1,46
213000180,11,1,10
213000184,55,330,-275
213000188,88,54,34
213000189,121,22,99
213000190,741,391,350
213000191,117,340,-223
213000192,61,476,-415
213000193,1409,141,1268
213000194,2,11,-9
213000195,16,371,-355
213000196,81,565,-484
213000197,126,126,0
213000198,9,1,8
213000200,63,946,-883
213000201,125,67,58
213000202,10,564,-554
213000203,1896,215,1681
213000204,271,16,255
213000205,85,17,68
213000206,85,36,49
213000207,34,9,25
213000208,15,1,14
213000209,21,0,21
213000210,133,2,131
213000211,0,7,-7
213000212,2,38,-36
213000213,1,9,-8
213000218,75,850,-775
213000219,377,6,371
213000220,326,4,322
213000223,153,74,79
213000224,5,18,-13
213000225,10,1,9
213000226,10,6,4
213000227,328,158,170
213000228,76,69,7
213000229,379,21,358
213000230,200,6,194
213000232,47,359,-312
213000233,5,16,-11
213000234,0,12,-12
213000293,2,44,-42
213000294,34,5,29
213000295,3,62,-59
213000296,81,31,50
213000297,1,46,-45
213000298,13,44,-31
213000299,76,22,54
213000300,14,2,12
213000303,6,34,-28
213000304,0,7,-7
213000305,3,6,-3
213000306,25,14,11
213000307,92,78,14
213000308,62,253,-191
213000309,43,55,-12
213000310,166,37,129
213000311,253,429,-176
213000315,16,149,-133
213000316,23,66,-43
213000322,35,104,-69
213000323,12,94,-82
213000324,15,61,-46
213000325,30,93,-63
213000326,2,13,-11
213000327,6,62,-56
213000328,4,62,-58
213000329,26,26,0
213000340,55,839,-784
213000341,108,60,48
213000346,136,37,99
213000347,768,65,703
213000348,19,106,-87
213000349,38,6,32
213000350,139,1266,-1127
213000366,10,203,-193
213000367,100,28,72
213000379,101,172,-71
213000386,1,133,-132
213000406,79,267,-188
213000417,420,221,199
213000425,46,26,20
213000426,63,73,-10
213000427,13,274,-261
213000428,15,177,-162
213000429,12,0,12
213000430,41,695,-654
213000431,48,1,47
213000432,0,5,-5
213000433,3,92,-89
213000434,16,96,-80
213000435,45,87,-42
213000436,1,71,-70
213000437,0,43,-43
213000438,45,39,6
213000439,4,8,-4
213000440,0,112,-112
213000441,0,1,-1
213000442,0,19,-19
213000443,234,192,42
213000444,8,62,-54
213000445,0,96,-96
213000446,0,5,-5
213000447,2,19,-17
213000448,0,33,-33
213000449,58,3,55
213000450,6,32,-26
213000451,28,63,-35
213000452,24,10,14
213000453,16,192,-176
213000455,180,11,169
213000456,3,171,-168
213000481,4,5,-1
213000482,54,1,53
213000489,224,18,206
213000491,0,60,-60
213000492,82,28,54
213000493,0,21,-21
213000494,72,102,-30
213000495,0,136,-136
213000496,155,131,24
213000497,13,298,-285
213000498,25,227,-202
213000499,56,580,-524
213000500,88,63,25
213000501,37,16,21
213000502,55,19,36
213000503,0,61,-61
213000504,1,191,-190
213000505,1,11,-10
213000506,0,2,-2
213000507,1,167,-166
213900244,1,0,1
213900245,0,30,-30
218000003,18,12,6
218000004,8,7,1
218000005,19,26,-7
218000006,21,24,-3
218000007,6,16,-10
218000012,208,121,87
218000013,57,91,-34
218000014,549,256,293
218000019,942,304,638
218000020,279,334,-55
218000021,22,53,-31
218000022,4,49,-45
218000023,0,36,-36
218000024,0,21,-21
218000025,8,9,-1
218000026,8,46,-38
218000027,0,17,-17
218000028,1,3,-2
218000029,2,6,-4
218000030,14,22,-8
218000031,3,34,-31
218000032,1,33,-32
218000040,0,0,0
218000046,20,157,-137
218000047,8,163,-155
218000048,37,248,-211
218000049,78,114,-36
218000050,188,325,-137
218000051,27,378,-351
218000052,0,60,-60
218000053,1,13,-12
218000054,36,26,10
218000055,2,11,-9
218000056,3,18,-15
218000057,0,25,-25
218000064,0,5,-5
218000065,20,65,-45
218000066,5,61,-56
218000067,21,64,-43
218000068,40,105,-65
218000069,79,230,-151
218000070,128,344,-216
218000071,139,238,-99
218000072,220,193,27
218000078,380,1069,-689
218000079,33,33,0
218000080,57,55,2
218000081,135,222,-87
218000082,7,104,-97
218000083,6,59,-53
218000084,40,165,-125
218000085,91,409,-318
218000086,21,157,-136
218000087,89,248,-159
218000090,10,26,-16
218000091,435,364,71
218000092,22,122,-100
218000093,44,90,-46
218000094,319,625,-306
218000099,231,327,-96
218000100,158,196,-38
218000101,86,110,-24
218000102,128,175,-47
218000103,50,140,-90
218000104,19,45,-26
218000105,21,12,9
218000106,25,17,8
218000107,44,155,-111
218000108,5,79,-74
218000112,28,13,15
218000117,16,51,-35
218000134,262,665,-403
218000135,15,67,-52
218000136,75,47,28
218000137,53,107,-54
218000138,2,60,-58
218000139,31,307,-276
218000140,100,223,-123
218000141,18,53,-35
218000142,51,145,-94
218000143,16,135,-119
218000144,19,58,-39
218000145,144,387,-243
218000146,31,67,-36
218000151,5,11,-6
218000152,34,29,5
218000153,0,0,0
218000154,1,2,-1
218000155,2,3,-1
218000156,23,20,3
218000157,3,12,-9
218000158,3,0,3
218000159,3,7,-4
218000160,0,3,-3
218000161,14,0,14
218000162,10,7,3
218000163,3,0,3
218000164,11,9,2
218000165,22,22,0
218000170,2,18,-16
218000171,8,4,4
218000172,1,9,-8
218000173,24,7,17
218000174,5,4,1
218000176,44,8,36
218000177,132,44,88
218000178,45,47,-2
218000179,32,16,16
218000180,32,7,25
218000181,46,10,36
218000187,21,9,12
218000188,24,29,-5
218000189,8,38,-30
218000190,4,9,-5
218000191,34,64,-30
218000192,98,373,-275
218000193,155,435,-280
218000194,28,410,-382
218000195,60,70,-10
218000196,154,189,-35
218000197,68,321,-253
218000198,3,120,-117
218000199,5,22,-17
218000200,33,31,2
218000201,26,6,20
218000202,88,124,-36
218000207,9,35,-26
218000208,32,29,3
218000211,10,7,3
218000212,0,6,-6
218000213,82,51,31
218000214,3,12,-9
218000215,27,81,-54
218000217,2,92,-90
218000218,115,60,55
218000219,11,11,0
218000220,45,152,-107
218000221,201,82,119
218000222,46,12,34
218000223,28,60,-32
218000224,6,35,-29
218000225,138,12,126
218000226,27,16,11
218000230,0,0,0
218000232,36,65,-29
218000239,30,1,29
218000240,0,0,0
218000241,0,0,0
218000242,1,0,1
218000243,3,0,3
218000244,3,0,3
218000245,0,1,-1
218000246,0,0,0
218000247,0,0,0
218000248,0,44,-44
218000249,0,1,-1
218000250,2,8,-6
218000251,0,14,-14
218000252,0,14,-14
218000253,0,6,-6
218000254,0,20,-20
218000255,0,9,-9
218000256,1,30,-29
218000267,625,875,-250
218000268,3,24,-21
218000269,5,6,-1
218000270,34,42,-8
218000271,19,45,-26
218000273,4,8,-4
218000274,25,7,18
218000275,10,24,-14
218000276,2,36,-34
218000278,18,34,-16
218000279,10,71,-61
218000280,5,47,-42
218000281,13,18,-5
218000282,308,145,163
218000284,75,4,71
218000301,13,89,-76
218000302,50,37,13
218000303,9,51,-42
218000316,791,1267,-476
218000317,401,1205,-804
218000318,256,1053,-797
218000319,595,1484,-889
218000320,505,745,-240
218000338,5,12,-7
218000345,79,67,12
218000346,34,117,-83
218000459,39,259,-220
218000490,10,26,-16
218000501,12,16,-4
218000502,18,160,-142
218000503,25,28,-3
218000504,88,6,82
218000505,15,201,-186
218000506,27,143,-116
218000508,0,4,-4
218000510,136,6,130
218000520,70,74,-4
218000521,4,75,-71
218000522,1,107,-106
218000523,27,7,20
218000524,51,95,-44
218000525,10,8,2
218000526,35,39,-4
218000529,28,231,-203
218000530,3,11,-8
218000531,3,21,-18
218000532,5,31,-26
218000534,27,13,14
218000537,22,38,-16
218000538,51,155,-104
218000540,187,78,109
218000543,48,50,-2
218000544,31,101,-70
218000545,24,45,-21
218000546,27,102,-75
218000547,32,66,-34
218000548,44,149,-105
218000549,186,60,126
218000550,166,420,-254
218000551,115,191,-76
218000552,291,44,247
218000553,17,69,-52
218000554,24,21,3
218000555,8,46,-38
218000556,58,388,-330
218000557,93,137,-44
218000558,46,0,46
218000559,0,19,-19
218000560,0,4,-4
218000561,7,1,6
218000562,8,121,-113
218000563,39,15,24
218000564,4,80,-76
218000565,216,14,202
218000566,245,9,236
218000567,16,39,-23
218000568,2,0,2
218000569,6,30,-24
218000570,119,5,114
218000571,1,76,-75
218000572,7,1,6
218000573,23,34,-11
218000574,187,67,120
218000575,17,0,17
218000576,0,105,-105
218000577,5,0,5
218000578,0,112,-112
218000579,19,0,19
218000581,0,41,-41
218000582,5,0,5
218000583,1,0,1
218000584,0,17,-17
218000585,7,1,6
218000586,2,21,-19
218000587,0,0,0
218000588,0,1,-1
218000589,0,0,0
218000590,0,0,0
218000591,0,8,-8
218000592,0,0,0
218000593,0,0,0
218000594,0,0,0
218000597,0,0,0
218000598,0,0,0
218000599,0,0,0
218000600,0,0,0
218000601,0,0,0
218000602,0,0,0
218000603,0,3,-3
218000604,14,11,3
218000605,0,8,-8
218000606,4,0,4
218000607,7,23,-16
218000608,8,2,6
218000609,5,28,-23
218000610,37,0,37
218000611,3,0,3
218000612,0,41,-41
218000613,9,1,8
218000614,0,37,-37
218000615,12,0,12
218000616,6,100,-94
218000617,5,1,4
218000618,0,16,-16
218000619,8,10,-2
218000620,1,11,-10
218000621,0,0,0
218000622,0,1,-1
218000623,1,0,1
218000624,0,6,-6
218000625,1,0,1
218000626,0,14,-14
218000628,53,24,29
218000631,11,25,-14
218000632,0,41,-41
218000633,12,0,12
218000634,9,19,-10
218000635,1,6,-5
218000636,452,1370,-918
218000637,393,633,-240
218000638,42,27,15
218000639,11,167,-156
218000640,66,26,40
218000641,19,278,-259
218000652,70,105,-35
218000653,71,32,39
218000663,1,88,-87
218000675,18,46,-28
218000676,0,22,-22
218000677,3,11,-8
218000680,97,462,-365
218000681,253,70,183
218000691,66,422,-356
218000693,68,113,-45
218000703,5,42,-37
218000718,53,176,-123
218000719,46,34,12
218000720,1,20,-19
218000721,13,8,5
218000725,2,8,-6
218001147,3,214,-211
218001214,9,16,-7
218001258,46,1,45
218001329,105,87,18
218001330,153,61,92
218001351,16,8,8
218001352,0,11,-11
218001353,5,5,0
218001354,1,13,-12
218001355,31,377,-346
218001356,124,3,121
218001357,17,313,-296
218001358,96,1,95
218001361,58,3,55
218001362,0,322,-322
219000001,17,76,-59
219000002,20,94,-74
219000003,29,29,0
219000004,71,25,46
219000017,45,39,6
219000020,61,9,52
219000022,86,3,83
219000023,55,0,55
219000029,0,102,-102
219000034,13,5,8
219000039,6,46,-40
219000040,8,7,1
219000041,58,35,23
219000051,0,38,-38
219000052,0,13,-13
219000053,0,257,-257
219000054,27,78,-51
219000055,28,1,27
219000056,2,0,2
219000057,41,0,41
219000062,6,211,-205
219000063,22,10,12
219000064,4,25,-21
219000110,165,29,136
219000111,112,39,73
219000112,136,68,68
219000113,79,34,45
219000114,430,14,416
219000116,64,21,43
219000117,123,113,10
219000118,37,81,-44
219000123,198,88,110
219000124,41,34,7
219000125,4,19,-15
219000126,45,134,-89
219000127,0,6,-6
219000128,31,94,-63
219000129,29,114,-85
219000130,1134,551,583
219000131,973,809,164
219000133,34,25,9
219000134,8,7,1
219000135,19,35,-16
219000136,80,120,-40
219000138,33,14,19
219000139,26,58,-32
219000140,9,0,9
219000141,8,125,-117
219000142,7,99,-92
219000143,13,155,-142
219000145,10,32,-22
219000146,12,54,-42
219000147,1,51,-50
219000148,2,103,-101
219000149,23,209,-186
219000150,2,147,-145
219000151,1,128,-127
219000157,127,144,-17
219000158,74,190,-116
219000161,132,9,123
219000163,1396,391,1005
219000166,52,144,-92
219000167,45,232,-187
219000168,518,72,446
219000174,207,69,138
219000175,26,2,24
219000176,35,4,31
219000177,9,0,9
219000178,9,2,7
219000179,5,1,4
219000180,26,17,9
219000182,60,12,48
219000183,27,27,0
219000184,28,1,27
219000185,1,107,-106
219000186,7,51,-44
219000187,21,152,-131
219000189,142,121,21
219000190,101,143,-42
219000191,1446,583,863
219000192,118,83,35
219000193,460,160,300
219000195,0,76,-76
219000196,3,149,-146
219000198,32,217,-185
219000199,95,186,-91
219000200,29,260,-231
219000201,105,246,-141
219000203,22,104,-82
219000204,117,137,-20
219000205,76,185,-109
219000207,384,157,227
219000209,22,91,-69
219000210,30,112,-82
219000213,12,211,-199
219000239,141,211,-70
219000240,138,233,-95
219000241,58,199,-141
219000242,65,190,-125
219000243,45,237,-192
219000244,6,56,-50
219000245,24,23,1
219000246,12,11,1
219000247,35,30,5
219000248,333,155,178
219000249,152,36,116
219000250,42,57,-15
219000251,329,74,255
219000252,103,56,47
219000253,56,17,39
219000255,41,47,-6
219000256,94,50,44
219000257,32,0,32
219000262,93,246,-153
219000263,28,229,-201
219000267,3,136,-133
219000268,2,2,0
219000269,0,0,0
219000270,1,0,1
219000271,29,4,25
219000278,0,10,-10
219000279,0,6,-6
219000283,0,10,-10
219000295,5,115,-110
219000296,47,537,-490
219000297,15,219,-204
219000298,11,291,-280
219000299,373,36,337
219000300,16,346,-330
219000301,152,280,-128
219000302,13,154,-141
219000307,77,61,16
219000308,43,28,15
219000311,62,38,24
219000312,156,41,115
219000313,75,29,46
219000314,85,498,-413
219000315,70,21,49
219000316,137,4,133
219000317,24,4,20
219000320,0,27,-27
219000321,0,9,-9
219000323,6,69,-63
219000325,0,39,-39
219000326,56,136,-80
219000327,36,31,5
219000328,31,24,7
219000329,241,96,145
219000330,17,27,-10
219000331,31,46,-15
219000332,40,55,-15
219000333,2,1,1
219000335,31,2,29
219000337,4,0,4
219000338,18,0,18
219000344,23,100,-77
219000345,89,144,-55
219000346,11,150,-139
219000348,66,157,-91
219000349,22,216,-194
219000350,13,49,-36
219000351,0,0,0
219000352,111,38,73
219000353,52,48,4
219000354,84,110,-26
219000355,61,59,2
219000356,1485,257,1228
219000363,219,19,200
219000364,58,10,48
219000365,67,7,60
219000366,264,62,202
219000368,342,339,3
219000370,830,137,693
219000371,16,20,-4
219000382,1,15,-14
219000383,642,503,139
219000385,464,358,106
219000386,879,991,-112
219000387,1,0,1
219000390,3,0,3
219000391,4,0,4
219000397,80,118,-38
219000398,63,30,33
219000401,5,71,-66
219000402,6,78,-72
219000403,35,115,-80
219000404,14,69,-55
219000407,0,21,-21
219000409,36,22,14
219000410,9,20,-11
219000411,12,9,3
219000446,207,339,-132
219000447,1,21,-20
219000448,8,9,-1
219000452,101,44,57
219000453,60,76,-16
219000454,196,118,78
219000556,77,27,50
219000558,67,286,-219
219000590,10,132,-122
219000591,22,38,-16
219000592,80,449,-369
219000595,1,25,-24
219000635,28,16,12
219000636,9,124,-115
219000657,18,20,-2
219000658,11,28,-17
219000673,0,15,-15
219000676,3,1,2
219000679,12,6,6
219000684,20,2,18
219000685,0,83,-83
219000686,1,11,-10
219000688,1,100,-99
219000689,59,134,-75
219000690,127,6,121
219000691,59,82,-23
219000692,51,18,33
219000693,0,38,-38
219000694,3,0,3
219000695,5,1,4
219000698,17,0,17
219000699,0,8,-8
219000727,2,167,-165
219000728,12,1,11
219000770,12,1,11
219000771,0,23,-23
219000788,225,150,75
219001150,0,6,-6
219001151,0,6,-6
219001166,15,0,15
219001167,1,56,-55
219001178,11,0,11
220000001,6,16,-10
220000002,9,92,-83
220000003,299,255,44
220000004,364,514,-150
220000005,1009,1085,-76
220000006,88,740,-652
220000007,164,782,-618
220000008,171,1007,-836
220000009,96,436,-340
220000010,50,87,-37
220000011,430,1404,-974
220000012,24,100,-76
220000014,59,55,4
220000015,17,102,-85
220000017,15,206,-191
220000018,3244,548,2696
220000019,47,200,-153
220000020,82,143,-61
220000021,223,108,115
220000022,314,331,-17
220000023,54,130,-76
220000024,975,193,782
220000025,310,212,98
220000026,139,88,51
220000027,4,66,-62
220000028,10,27,-17
220000029,40,79,-39
220000030,44,54,-10
220000031,77,203,-126
220000064,2,710,-708
221000046,15,0,15
221000047,0,0,0
221000048,0,4,-4
221000049,1,21,-20
221000050,15,0,15
221000055,30,52,-22
221000057,52,3,49
221000068,205,57,148
221000069,124,26,98
221000070,74,8,66
221000071,11,9,2
221000072,94,16,78
221000073,102,49,53
221000074,0,19,-19
221000075,16,5,11
221000076,7,35,-28
221000077,26,59,-33
221000081,7,1,6
221000082,20,3,17
221000083,14,9,5
221000084,0,16,-16
221000085,8,60,-52
221000086,17,135,-118
221000087,1,135,-134
221000088,8,108,-100
221000089,25,178,-153
221000090,99,340,-241
221000098,105,16,89
221000099,112,20,92
221000100,45,6,39
221000101,428,6,422
221000102,121,13,108
221000109,10,58,-48
221000110,10,113,-103
221000111,33,139,-106
221000112,6,108,-102
221000113,14,115,-101
221000114,11,171,-160
221000120,0,17,-17
221000121,0,12,-12
221000122,6,4,2
221000123,6,36,-30
221000124,18,279,-261
221000155,61,1,60
221000156,29,16,13
221000175,0,5,-5
221000176,2,3,-1
221000182,13,2,11
221000241,414,106,308
221000242,228,240,-12
221000243,267,65,202
221000244,158,322,-164
221000245,35,97,-62
221000246,14,209,-195
221000247,24,135,-111
221000248,23,170,-147
221000267,14,472,-458
221000325,57,31,26
221000331,0,52,-52
221000338,0,17,-17
221000378,64,11,53
221000381,80,101,-21
222000282,1,0,1
222000296,2,8,-6
222000568,120,5,115
222000569,71,11,60
222000570,74,2,72
222000571,49,2,47
222000577,2,182,-180
222000578,11,160,-149
222000579,27,105,-78
222000580,72,636,-564
222000599,0,124,-124
222000600,2,257,-255
222000601,9,681,-672
222000603,4,14,-10
222000604,10,13,-3
222000605,2,4,-2
222000606,0,6,-6
222000607,0,3,-3
222000608,5,18,-13
222000609,13,318,-305
222000616,50,20,30
222000617,0,11,-11
222000618,3,0,3
222000620,8,1,7
222000621,9,0,9
222000623,340,2,338
222000624,141,2,139
222000625,202,40,162
222000636,7,1,6
222000686,4,8,-4
222000687,9,31,-22
222001066,69,1,68
222001067,4,4,0
222001068,6,15,-9
222001069,12,7,5
222001082,1,40,-39
222001083,14,41,-27
222001084,0,41,-41
222001085,1,123,-122
222001111,21,180,-159
222001112,12,11,1
222001313,1,3,-2
222001314,0,50,-50
222001464,43,46,-3
222001465,16,190,-174
222001484,63,42,21
222001485,22,74,-52
222001494,62,72,-10
222001495,108,386,-278
222001496,94,35,59
222001497,98,474,-376
222001502,21,104,-83
222001503,4,10,-6
222001504,10,268,-258
222001505,18,3,15
222001506,19,166,-147
222001507,47,1,46
222001510,32,5,27
222001511,20,329,-309
222001514,188,20,168
222001515,111,496,-385
222001518,11,7,4
222001519,28,316,-288
222001527,25,7,18
222001528,48,127,-79
222001529,12,12,0
222001530,13,138,-125
222001533,138,347,-209
222001534,15,12,3
222001535,51,79,-28
222001536,58,337,-279
222001537,46,7,39
222001538,45,386,-341
222001563,36,20,16
222001564,25,657,-632
222001568,82,56,26
222001576,0,0,0
222001579,0,3,-3
222001583,14,210,-196
222001584,45,18,27
222001596,271,1032,-761
222001597,480,79,401
222001626,2,167,-165
222001650,29,31,-2
222001651,21,86,-65
222001914,21,9,12
222001915,60,169,-109
222001968,363,142,221
222001969,457,785,-328
222001970,33,143,-110
222001971,2,17,-15
222001972,0,31,-31
225000001,379,60,319
225000002,160,60,100
225000003,186,33,153
225000004,143,99,44
225000005,14,42,-28
225000006,1,82,-81
225000007,2678,844,1834
225000010,31,0,31
225000011,255,382,-127
225000012,82,206,-124
225000013,33,83,-50
225000014,311,23,288
225000015,72,145,-73
225000021,334,69,265
225000027,194,377,-183
225000032,396,49,347
225000042,36,494,-458
225000049,25,55,-30
225000050,30,15,15
225000053,1,121,-120
225000058,241,74,167
225000067,67,188,-121
225000068,69,401,-332
225000069,220,368,-148
225000070,45,503,-458
225000071,11,269,-258
225000075,26,589,-563
225000076,77,63,14
225000078,30,26,4
225000085,16,74,-58
225000086,42,32,10
225000087,83,9,74
225000088,3,106,-103
225000089,337,373,-36
225000090,26,258,-232
225000091,38,209,-171
225000092,10,69,-59
225000093,96,341,-245
225000094,14,390,-376
225000095,174,472,-298
225000096,60,325,-265
225000098,233,102,131
225000099,122,90,32
225000100,109,56,53
225000104,39,305,-266
225000110,5,362,-357
225000111,106,828,-722
225000112,125,727,-602
225000113,73,444,-371
225000114,34,207,-173
225000115,2002,365,1637
225000116,882,48,834
225000117,406,188,218
225000118,307,78,229
225000119,66,39,27
225000120,223,36,187
225000121,157,8,149
225000123,422,6,416
225000125,104,218,-114
225000126,595,143,452
225000127,822,417,405
225000128,169,269,-100
225000132,65,12,53
225000133,141,9,132
225000134,317,54,263
225000135,17,5,12
225000136,62,5,57
225000137,23,25,-2
225000138,128,1,127
225000143,46,139,-93
225000144,0,247,-247
225000145,4,20,-16
225000146,10,97,-87
225000147,10,297,-287
225000148,2,162,-160
225000149,29,222,-193
225000151,26,199,-173
225000155,109,215,-106
225000156,64,389,-325
225000157,107,268,-161
225000158,29,260,-231
225000171,2,165,-163
225000180,25,39,-14
225000181,0,19,-19
225000182,20,6,14
225000185,10,166,-156
225000187,40,289,-249
225000191,5,0,5
225000194,0,11,-11
225000208,0,49,-49
225000209,16,10,6
225000210,6,122,-116
225000217,2,8,-6
225000218,7,0,7
225000223,0,44,-44
225000224,40,0,40
225000225,0,6,-6
225000226,24,0,24
225000227,37,63,-26
225000228,2,3,-1
225000229,0,63,-63
225000230,3,0,3
225000231,0,95,-95
225000232,32,0,32
225000241,39,1,38
225000242,1,36,-35
225000249,1,0,1
225000250,18,690,-672
225000251,141,12,129
226000042,303,246,57
226000043,58,197,-139
226000044,72,550,-478
226000045,51,327,-276
226000046,169,32,137
226000047,145,37,108
226000048,195,35,160
226000049,101,48,53
226000070,0,54,-54
226000071,0,47,-47
226000072,0,11,-11
226000073,0,6,-6
226000074,0,9,-9
226000084,1,41,-40
226000085,0,5,-5
226000086,1,2,-1
226000087,0,6,-6
226000088,7,5,2
226000090,11,5,6
226000091,3,3,0
226000092,0,0,0
226000093,6,1,5
226000094,8,1,7
226000095,7,3,4
226000105,2,1,1
226000106,5,1,4
226000107,3,0,3
226000108,17,0,17
226000109,22,0,22
226000124,79,33,46
226000134,242,222,20
226000135,458,413,45
226000136,110,172,-62
226000137,12,390,-378
226000138,2,270,-268
226000139,1,3,-2
226000156,37,2,35
226000157,42,5,37
226000163,31,21,10
226000202,1,353,-352
226000231,89,9,80
226000232,14,0,14
227000033,187,37,150
227000036,94,15,79
227000037,80,11,69
227000038,93,17,76
227000049,0,4,-4
227000050,0,48,-48
227000055,9,0,9
227000056,2,0,2
227000084,0,16,-16
227000085,0,17,-17
227000088,27,3,24
227000089,49,1,48
227000090,5,0,5
227000091,4,0,4
227000093,24,0,24
227000094,2,1,1
227000130,25,40,-15
227000131,13,323,-310
227000132,5,242,-237
227000133,6,246,-240
227000134,5,462,-457
227000152,0,3,-3
227000153,1,26,-25
227000155,0,9,-9
227000156,0,20,-20
227000165,2,22,-20
227000196,96,271,-175
227000199,59,489,-430
227000230,11,439,-428
227000232,172,4,168
227000242,58,433,-375
227000243,346,36,310
227000245,13,368,-355
227000246,67,416,-349
227000247,183,63,120
227000248,53,23,30
227000249,20,190,-170
227000250,306,131,175
227000251,120,283,-163
227000252,13,380,-367
227000253,68,22,46
227000262,159,9,150
227000266,289,20,269
227000267,51,2003,-1952
227000282,4,252,-248
227000284,123,2,121
227000286,5,78,-73
227000287,14,159,-145
227000291,29,551,-522
227000484,491,20,471
227000485,21,507,-486
227000655,40,4,36
227000656,360,7,353
227000657,25,25,0
227000661,166,5,161
227000680,24,16,8
229000265,1,10,-9
229000296,1,6,-5
229000297,8,17,-9
229000298,7,62,-55
229000320,0,2,-2
229000321,4,1,3
229000412,1,35,-34
229000414,0,44,-44
229000415,0,0,0
229000416,0,1,-1
229000417,2,19,-17
229000419,47,136,-89
229000440,80,34,46
229000442,0,1,-1
229000443,0,0,0
229000444,0,17,-17
229000445,4,3,1
229000446,10,7,3
229000491,0,17,-17
229000492,1,94,-93
229000493,2,56,-54
229000494,4,5,-1
229000495,45,13,32
229000496,11,8,3
229000507,0,8,-8
229000508,3,15,-12
229000509,0,34,-34
229000510,0,8,-8
229000511,3,34,-31
229000512,0,25,-25
229000513,0,2,-2
229000514,0,2,-2
229000517,1,6,-5
229000518,2,15,-13
229000519,0,7,-7
229000520,2,28,-26
229000521,11,12,-1
229000522,1,3,-2
229000523,4,10,-6
229000524,2,8,-6
229000527,0,0,0
229000528,2,1,1
229000529,2,0,2
229000530,24,3,21
229000531,3,4,-1
229000532,18,1,17
229000533,63,1,62
229000534,24,2,22
229000564,15,0,15
229000565,1,0,1
229000566,1,31,-30
229000567,0,56,-56
229000582,74,0,74
229000583,2,2,0
229000584,0,15,-15
229000585,3,22,-19
229000718,0,2,-2
229000719,0,0,0
229000720,0,9,-9
229000721,0,12,-12
229000722,0,20,-20
229000723,0,14,-14
229000724,0,2,-2
229000725,0,4,-4
229000738,1,0,1
229000739,1,0,1
229000740,0,0,0
229000741,3,0,3
229000742,2,0,2
229000743,21,0,21
229000744,0,0,0
229000745,0,0,0
229000746,9,0,9
229000847,10,0,10
229000848,7,0,7
229000849,30,2,28
229000851,3,0,3
229000854,1,58,-57
229000856,3,93,-90
229000857,0,29,-29
229000858,0,78,-78
229000919,3,124,-121
229000930,3,135,-132
229000937,54,21,33
229000966,18,19,-1
229000981,8,56,-48
229000985,1,6,-5
229000986,0,2,-2
229000987,0,0,0
229000988,0,0,0
229000989,0,0,0
229000990,0,0,0
229000991,0,1,-1
229000992,1,0,1
229000993,92,3,89
229000998,18,16,2
229000999,54,0,54
229001034,0,5,-5
229001035,4,0,4
229001037,7,7,0
229001042,7,5,2
229001047,1,20,-19
229001050,15,31,-16
229001168,0,5,-5
229001200,2,1,1
229001338,0,15,-15
229001394,261,0,261
229001422,86,16,70
229001423,21,131,-110
229001431,30,35,-5
229001432,30,42,-12
229001444,32,31,1
229001445,13,105,-92
229001479,1,5,-4
229001503,90,65,25
229001504,78,179,-101
229001505,82,41,41
229001506,42,191,-149
229001509,12,22,-10
229001545,27,13,14
229001546,6,98,-92
229001553,31,13,18
229001554,5,104,-99
229001559,0,16,-16
229001560,6,8,-2
229001630,25,2,23
229001631,8,9,-1
229001635,0,6,-6
229001636,0,0,0
229001658,13,90,-77
229001659,128,1,127
229001660,0,1,-1
229001661,0,15,-15
229001662,8,0,8
229001663,0,25,-25
229002584,65,51,14
229002831,64,61,3
229002841,0,27,-27
229002842,1,11,-10
229002843,7,3,4
229002844,1,20,-19
229002845,3,47,-44
229002846,3,3,0
229002847,3,1,2
229002848,1,4,-3
229002849,0,31,-31
229002850,3,0,3
229002851,10,40,-30
229002852,11,23,-12
229002853,12,9,3
229002854,5,43,-38
229002855,2,65,-63
229002856,17,3,14
229002857,0,28,-28
229002858,0,0,0
229002859,10,11,-1
229002860,3,6,-3
229002861,3,3,0
229002862,3,21,-18
229002863,3,23,-20
229002864,1,15,-14
229002865,1,4,-3
229002866,1,10,-9
229002867,1,10,-9
229002868,0,5,-5
229002869,11,63,-52
229002870,4,4,0
235000066,175,112,63
235000067,86,186,-100
235000072,21,46,-25
235000073,100,179,-79
235000074,19,95,-76
235000080,3,39,-36
235000081,47,140,-93
235000082,60,59,1
235000083,57,86,-29
235000084,10,22,-12
235000085,32,38,-6
235000089,16,49,-33
235000092,4,159,-155
235000093,4,0,4
235000097,5,1,4
235000098,27,31,-4
235000099,28,20,8
235000116,37,34,3
235000117,803,7,796
235000133,2,201,-199
235000134,7,103,-96
235000206,1,4,-3
235000207,0,4,-4
235000208,0,0,0
235000209,1,4,-3
235000210,2,2,0
235000212,3,7,-4
235000213,1,9,-8
235000220,0,6,-6
235000221,19,5,14
235000238,1,12,-11
235000239,0,5,-5
235000242,101,210,-109
235000245,1058,170,888
235000246,10,67,-57
235000284,5,57,-52
235000295,13,2,11
235000305,17,2,15
235000306,24,1,23
235000307,4,0,4
235000308,3,0,3
235000309,12,0,12
235000310,1,0,1
235000311,15,0,15
235000322,0,23,-23
235000323,0,32,-32
235000324,3,11,-8
235000325,0,13,-13
235000326,3,245,-242
235000351,1,40,-39
235000352,8,32,-24
235000353,1,15,-14
235000354,0,35,-35
235000355,8,25,-17
235000356,8,4,4
235000357,0,1,-1
235000358,2,2,0
235000359,0,1,-1
235000360,8,2,6
235000361,5,2,3
235000381,40,321,-281
235000382,44,31,13
235000390,7,1,6
235000391,69,22,47
235000392,65,86,-21
235000393,75,49,26
235000395,40,47,-7
235000396,142,47,95
235000400,36,44,-8
235000401,20,193,-173
235000405,70,358,-288
235000406,46,240,-194
235000407,52,124,-72
235000409,250,154,96
235000410,34,163,-129
235000411,0,77,-77
235000485,0,4,-4
235000486,0,0,0
235000549,25,68,-43
235000550,37,155,-118
235000599,47,57,-10
235000600,3,7,-4
235000601,12,35,-23
235000602,22,133,-111
235000614,0,0,0
235000648,0,22,-22
235000649,10,0,10
235000685,0,3,-3
235000815,1,10,-9
235000834,0,2,-2
235000855,19,29,-10
235000862,9,208,-199
235000891,0,5,-5
235000892,1,1,0
235000901,69,55,14
235000907,5,7,-2
235001010,21,47,-26
235001029,526,312,214
235001030,352,135,217
235001078,58,79,-21
235001079,59,117,-58
235001147,35,29,6
235001166,10,59,-49
235001167,2,53,-51
235001169,7,199,-192
235001188,0,2,-2
235001189,2,1,1
235001197,1,24,-23
235001200,35,25,10
235001207,138,15,123
235001210,36,253,-217
235001215,37,189,-152
235001239,1,22,-21
235001244,0,4,-4
235016267,1,10,-9
277101746,0,1,-1
277102712,0,0,0
277103813,0,0,0
277103814,0,0,0
277103898,0,0,0
277104249,0,13,-13
277104250,0,2,-2
277104251,0,9,-9
277104252,0,1,-1
990011530,2,181,-179
990014944,1,458,-457
990015176,36,46,-10
990015618,1,66,-65
990016032,0,295,-295
990032570,1,33,-32
990070001,12,1,11
990070103,0,0,0
990070601,0,13,-13
990070751,120,0,120
990070766,0,762,-762
990071180,99,129,-30
990071343,20,1,19
990071387,1,3,-2
990071823,132,3,129
990072600,1,464,-463
990072964,3,332,-329
990073285,0,1,-1
990074393,1,851,-850
990074870,155,3,152
990075106,122,2,120
990075746,40,4,36
990076437,134,24,110
990076458,1,1076,-1075
997000007,67,6,61
997000041,1,100,-99
997000058,5,0,5
997000062,13,1,12
997000069,0,15,-15
997000070,1,51,-50
997000100,4,1,3
997000141,0,40,-40
997000198,332,81,251
998000475,0,13,-13
998000736,0,197,-197
998000965,0,2,-2
998001031,0,34,-34
998001700,0,16,-16
998001899,0,0,0
998001900,0,1,-1
998003073,219,44,175
998101900,0,0,0
998102850,0,55,-55
998501927,126,200,-74
998501929,78,0,78
998501930,43,0,43
998501931,19,3,16
998501932,2,0,2
998501933,3,0,3
998501937,10,1,9
998501944,0,0,0
998501950,0,5,-5
998501970,4,3,1
998501971,0,44,-44
998501973,0,50,-50
998501974,1,202,-201
998501975,48,0,48
998501976,61,47,14
998501977,0,11,-11
998501978,17,0,17
998501979,1,9,-8
998501980,77,4,73
998501981,13,3,10
998501982,0,29,-29
998501983,0,2,-2
998502024,0,12,-12
998502032,0,1,-1
998502062,6,0,6
998502063,0,0,0
998502173,21,2,19
998502269,0,0,0
998502546,0,60,-60
998502578,1,0,1
998502599,150,75,75
998601159,1,286,-285
998601292,0,13,-13
999033574,2,450,-448
999800001,8,1,7
999800002,0,2,-2
999800003,3,1,2
999800004,0,2,-2
999800005,0,3,-3
