ID,insum,outsum,diff
100000001,396,261,135
100000002,1048,447,601
100000003,4804,1098,3706
100000004,1057,426,631
100000005,1328,1403,-75
100000006,203,69,134
100000007,590,201,389
100000008,122,364,-242
100000009,166,85,81
100000010,24,31,-7
100000011,338,33,305
100000012,48,445,-397
100000013,18,110,-92
100000014,248,244,4
100000015,749,546,203
100000016,795,883,-88
100000017,375,665,-290
100000018,1042,370,672
100000019,4115,1039,3076
100000020,1171,1719,-548
100000021,4570,1052,3518
100000022,1024,491,533
100000023,4483,461,4022
100000025,1864,241,1623
100000028,1166,421,745
100000029,217,110,107
100000030,432,14,418
100000031,3359,2566,793
100000032,2164,1479,685
100000033,507,1071,-564
100000034,492,179,313
100000035,1270,479,791
100000036,1884,562,1322
100000037,219,284,-65
100000038,660,486,174
100000039,371,115,256
100000040,87,70,17
100000041,330,186,144
100000042,265,169,96
100000043,316,164,152
100000044,431,555,-124
100000045,385,1047,-662
100000046,449,961,-512
100000047,203,551,-348
100000048,252,436,-184
100000049,1036,1803,-767
100000051,210,827,-617
100000053,15,8,7
100000054,90,26,64
100000055,298,200,98
100000056,174,341,-167
100000057,835,498,337
100000058,572,847,-275
100000059,0,66,-66
100000060,240,199,41
100000061,822,302,520
100000062,1013,328,685
100000063,274,156,118
100000064,395,217,178
100000065,258,819,-561
100000066,105,612,-507
100000067,332,584,-252
100000068,377,1073,-696
100000069,153,1308,-1155
100000072,295,753,-458
100000073,746,763,-17
100000075,323,311,12
100000076,1336,952,384
100000077,386,59,327
100000078,92,7,85
100000079,47,16,31
100000080,8,7,1
100000081,27,30,-3
100000102,1471,701,770
100000103,2607,502,2105
100000104,3408,666,2742
100000105,3353,243,3110
100000106,1652,551,1101
100000107,283,160,123
100000108,595,821,-226
100000109,2319,686,1633
100000116,782,299,483
100000117,17,28,-11
100000118,883,402,481
100000119,397,360,37
100000121,150,558,-408
100000122,456,541,-85
100000123,3269,2988,281
100000124,5997,3110,2887
100000125,2481,565,1916
100000126,465,151,314
100000127,1174,301,873
100000128,776,578,198
100000129,314,246,68
100000130,252,499,-247
100000131,3014,1675,1339
100000132,1364,889,475
100000133,6889,1814,5075
100000135,282,425,-143
100000139,155,201,-46
100000140,64,151,-87
100000142,221,394,-173
100000143,1344,851,493
100000144,3123,1016,2107
100000147,584,1237,-653
100000150,4,365,-361
100000151,328,220,108
100000153,156,102,54
100000154,57,27,30
100000155,8,8,0
100000156,28,72,-44
100000157,38,157,-119
100000158,46,70,-24
100000159,224,273,-49
100000165,859,540,319
100000169,377,208,169
100000174,1114,249,865
100000179,97,476,-379
100000180,660,700,-40
100000181,160,148,12
100000188,43,263,-220
100000189,403,208,195
100000190,281,208,73
100000191,310,257,53
100000192,56,65,-9
100000193,76,99,-23
100000330,1419,255,1164
100000355,85,365,-280
100000362,3075,2031,1044
100000363,1335,2145,-810
100000364,305,130,175
100000365,2310,3237,-927
100000366,2907,1777,1130
100000367,1693,2365,-672
100000368,1408,1202,206
100000369,470,559,-89
100000370,64,181,-117
100000376,30,63,-33
100000379,1697,631,1066
100000380,2424,961,1463
100000384,4036,1235,2801
100000385,4150,1630,2520
100000386,6069,1569,4500
100000387,5371,1491,3880
100000388,8011,1617,6394
100000389,6884,1687,5197
100000390,7929,1467,6462
100000391,4915,1726,3189
100000392,2586,638,1948
100000393,776,727,49
100000394,3970,1459,2511
100000395,1870,565,1305
100000396,3416,988,2428
100000397,1798,981,817
100000398,8194,5926,2268
100000413,17,1,16
100900002,1,66,-65
100900003,99,76,23
100900004,40,610,-570
100900005,68,2,66
100900006,1,182,-181
100900007,271,2,269
100900008,3,361,-358
100900009,6,18,-12
100900010,24,112,-88
100900011,14,233,-219
100900012,2,231,-229
100900013,202,6,196
100900014,1,7,-6
100900015,77,61,16
100900016,0,44,-44
100900017,259,47,212
100900018,0,15,-15
100900019,7,28,-21
100900020,132,4,128
100900021,296,0,296
100900022,1,2,-1
100900023,0,16,-16
100900024,389,7,382
100900025,9,7,2
100900026,18,92,-74
100900027,305,1126,-821
100900028,48,71,-23
100900029,84,5,79
100900030,0,14,-14
100900031,101,45,56
100900032,95,0,95
100900033,136,50,86
100900034,174,0,174
100900035,437,2,435
100900036,10,0,10
100900037,20,170,-150
100900038,39,22,17
100900039,271,622,-351
100900040,192,750,-558
100900041,116,648,-532
100900042,174,232,-58
100900043,0,9,-9
100900044,1937,226,1711
100900045,27,0,27
100900046,661,6,655
100900047,645,61,584
100900048,32,7,25
100900049,14,197,-183
100900050,2,11,-9
100900051,24,41,-17
100900052,49,12,37
100900053,105,16,89
100900054,0,86,-86
100900055,73,173,-100
100900056,54,116,-62
100900057,283,187,96
100900058,71,16,55
100900059,13,1,12
100900060,42,11,31
100900061,155,134,21
100900062,0,55,-55
100900063,88,268,-180
100900064,259,2,257
100900065,39,35,4
100900066,26,30,-4
100900067,1,5,-4
100900068,11,75,-64
100900069,202,2,200
100900070,49,1,48
100900071,438,88,350
100900072,2,71,-69
100900073,29,447,-418
100900074,0,6,-6
100900075,1702,163,1539
100900076,9,27,-18
100900077,2,126,-124
100900078,52,70,-18
100900079,2,34,-32
100900080,7,118,-111
100900081,9,45,-36
100900082,32,710,-678
100900083,0,27,-27
100900085,2,34,-32
100900086,52,284,-232
100900088,12,590,-578
100900089,1,22,-21
100900090,81,237,-156
100900091,0,9,-9
100900092,44,70,-26
100900093,51,97,-46
100900094,39,581,-542
100900095,0,38,-38
100900096,5,43,-38
100900097,0,3,-3
100900098,11,19,-8
100900099,9,376,-367
100900100,9,180,-171
100900101,217,17,200
100900102,3,35,-32
100900103,0,15,-15
100900104,15,95,-80
100900105,1,48,-47
100900106,32,0,32
100900107,1168,318,850
100900108,0,6,-6
100900109,18,21,-3
100900110,0,31,-31
100900111,44,93,-49
100900112,0,4,-4
100900113,4,18,-14
100900114,0,13,-13
100900115,1,15,-14
100900116,357,243,114
100900117,135,212,-77
100900118,2,45,-43
100900119,6,27,-21
100900120,2,3,-1
100900121,103,174,-71
100900122,83,111,-28
100900123,36,41,-5
100900124,2,6,-4
100900125,6,38,-32
100900126,44,78,-34
100900127,0,8,-8
100900128,54,77,-23
100900129,0,71,-71
100900131,29,62,-33
100900133,12,30,-18
100900134,0,1,-1
100900135,0,73,-73
100900137,237,109,128
100900138,266,98,168
100900139,2,6,-4
100900140,1,567,-566
100900141,0,156,-156
100900142,1,1,0
100900143,770,153,617
100900144,3,1,2
100900145,10,59,-49
100900146,27,7,20
100900147,5,109,-104
100900148,24,765,-741
100900149,20,43,-23
100900150,1,16,-15
100900151,67,335,-268
100900152,57,4,53
100900153,1,75,-74
100900154,2,11,-9
100900155,0,3,-3
100900156,11,1,10
100900157,0,48,-48
100900159,0,13,-13
100900160,1,5,-4
100900161,141,0,141
100900162,4,69,-65
100900163,83,126,-43
100900164,8,28,-20
100900165,28,79,-51
100900166,21,1,20
100900167,11,68,-57
100900168,7,58,-51
100900169,119,812,-693
100900170,9,4,5
100900171,7,564,-557
100900172,0,8,-8
100900173,1,435,-434
100900174,145,43,102
100900176,734,26,708
100900177,625,99,526
100900178,102,51,51
100900179,35,22,13
100900180,6,1,5
100900181,43,12,31
100900182,12,5,7
100900184,1,84,-83
100900186,758,268,490
100900187,6,136,-130
100900188,19,4,15
100900189,407,72,335
100900191,709,402,307
100900192,163,111,52
100900195,52,80,-28
100900197,6,84,-78
100900198,14,133,-119
100900199,2,8,-6
100900200,439,238,201
100900201,36,568,-532
100900202,2,0,2
100900203,0,28,-28
100900204,331,59,272
100900205,55,166,-111
100900206,22,23,-1
100900207,68,43,25
100900210,57,578,-521
100900211,130,32,98
100900213,10,9,1
100900214,550,44,506
100900215,2,10,-8
100900217,56,26,30
101000001,3209,1754,1455
101000002,2158,1685,473
101000003,490,966,-476
101000004,6845,4348,2497
101000005,1405,2141,-736
101000006,7567,4211,3356
101000007,1532,1708,-176
101000008,2340,1722,618
101000009,812,1571,-759
101000010,574,1122,-548
101000011,1747,395,1352
101000012,1296,232,1064
101000013,381,478,-97
101000014,303,362,-59
101000015,651,584,67
101000016,229,188,41
101000017,340,284,56
101000018,2646,1317,1329
101000020,3550,859,2691
101000021,681,89,592
101000022,164,41,123
101000023,1130,415,715
101000025,122,165,-43
101000026,296,34,262
101000027,885,950,-65
101000028,640,88,552
101000029,12,465,-453
101000030,350,29,321
101000031,151,42,109
101000032,2887,1199,1688
101000033,1873,1207,666
101000034,2040,627,1413
101000035,793,164,629
101000036,1193,206,987
101000037,3827,591,3236
101000039,2681,579,2102
101000040,2865,1430,1435
101000041,6244,1620,4624
101000042,453,262,191
101000043,5069,1271,3798
101000045,721,143,578
101000046,1073,565,508
101000047,769,655,114
101000048,475,505,-30
101000049,445,388,57
101000050,1264,311,953
101000051,1857,545,1312
101000052,1394,285,1109
101000053,723,1038,-315
101000054,1366,1172,194
101000055,1363,475,888
101000056,33,32,1
101000057,1740,310,1430
101000058,1389,316,1073
101000059,2253,845,1408
101000060,1496,124,1372
101000061,872,379,493
101000062,1315,153,1162
101000063,388,173,215
101000064,1135,183,952
101000065,150,227,-77
101000066,214,179,35
101000067,566,193,373
101000068,275,142,133
101000069,258,22,236
101000070,1248,495,753
101000071,1344,447,897
101000072,665,1983,-1318
101000073,438,388,50
101000074,3020,1497,1523
101000075,5185,2039,3146
101000077,708,877,-169
101000078,694,1183,-489
101000079,319,574,-255
101000080,424,355,69
101000081,845,810,35
101000082,2576,1846,730
101000083,1058,1046,12
101000084,955,1030,-75
101000085,1115,723,392
101000086,1008,746,262
101000087,694,1084,-390
101000088,556,581,-25
101000089,530,866,-336
101000090,1843,1212,631
101000091,231,1415,-1184
101000092,586,853,-267
101000093,883,506,377
101000094,363,775,-412
101000095,152,593,-441
101000096,188,518,-330
101000097,168,225,-57
101000098,258,410,-152
101000099,752,878,-126
101000100,632,414,218
101000101,245,174,71
101000102,689,176,513
101000103,713,313,400
101000104,160,189,-29
101000105,804,168,636
101000106,563,488,75
101000107,111,140,-29
101000108,971,226,745
101000109,68,28,40
101000110,16,521,-505
101000111,58,171,-113
101000113,92,240,-148
101000114,1357,777,580
101000115,55,88,-33
101000116,60,85,-25
101000117,157,250,-93
101000119,144,9,135
101000120,152,7,145
101000121,68,6,62
101000122,58,29,29
101000123,25,16,9
101000124,169,248,-79
101000125,115,299,-184
101000128,587,292,295
101000130,197,150,47
101000131,347,476,-129
101000132,187,1299,-1112
101000135,57,4,53
101000136,145,44,101
101000137,36,89,-53
101000141,1631,833,798
101000147,735,498,237
101000148,2106,12,2094
101000149,105,40,65
101000150,24,885,-861
101000151,46,40,6
101000152,267,237,30
101000153,441,328,113
101000154,92,1368,-1276
101000155,108,79,29
101000156,17,230,-213
101000157,35,11,24
101000160,25,80,-55
101000163,61,62,-1
101000164,612,283,329
101000165,200,191,9
101000166,217,262,-45
101000168,560,245,315
101000252,821,476,345
101000254,221,16,205
101000258,55,5,50
101000261,79,104,-25
101000262,389,788,-399
101000263,137,414,-277
101000265,24,462,-438
101000266,180,161,19
101000269,79,8,71
101000290,1225,1195,30
101000293,8,113,-105
101000294,334,370,-36
101000295,80,346,-266
101000301,562,83,479
101000304,1257,1731,-474
101000305,1643,1080,563
101000328,65,205,-140
101900001,23,74,-51
101900002,0,19,-19
101900003,69,63,6
101900004,0,15,-15
101900005,3877,520,3357
101900006,539,6,533
101900007,252,18,234
101900008,75,116,-41
101900009,34,193,-159
101900010,700,347,353
101900011,141,702,-561
101900012,56,120,-64
101900013,831,64,767
101900017,16,51,-35
101900018,1684,95,1589
101900019,106,34,72
101900020,70,52,18
101900021,0,19,-19
101900022,33,1138,-1105
101900023,32,216,-184
101900026,49,34,15
101900027,5,87,-82
102000001,1046,2524,-1478
102000002,2239,926,1313
102000003,2596,2580,16
102000004,6810,1538,5272
102000005,1345,1274,71
102000006,1575,895,680
102000007,1117,2354,-1237
102000008,5390,1116,4274
102000009,3742,4894,-1152
102000010,4656,2000,2656
102000011,2045,1707,338
102000012,2245,2442,-197
102000018,2200,1499,701
102000019,1950,908,1042
102000026,146,295,-149
102000029,370,127,243
102000030,71,157,-86
102000031,19,149,-130
102000032,157,276,-119
102000033,93,336,-243
102000034,307,256,51
102000035,630,351,279
102000036,2,104,-102
102000037,84,51,33
102000038,83,58,25
102000039,86,34,52
102000040,395,56,339
102000041,94,117,-23
102000042,42,45,-3
102000043,113,88,25
102000044,166,351,-185
102000045,393,679,-286
102000046,499,228,271
102000047,425,777,-352
102000048,80,511,-431
102000049,539,364,175
102000050,699,708,-9
102000051,197,364,-167
102000052,736,549,187
102000053,371,487,-116
102000054,207,626,-419
102000055,464,782,-318
102000056,360,875,-515
102000057,1048,358,690
102000058,828,1536,-708
102000059,1139,1037,102
102000060,923,691,232
102000061,736,1937,-1201
102000062,629,907,-278
102000063,854,1122,-268
102000064,347,446,-99
102000065,8,94,-86
102000066,974,768,206
102000067,1538,1894,-356
102000068,7057,2156,4901
102000069,34,1428,-1394
102000070,2238,60,2178
102000071,5360,6954,-1594
102000072,2623,3475,-852
102000073,448,985,-537
102000074,333,662,-329
102000075,176,249,-73
102000076,248,383,-135
102000077,228,1030,-802
102000078,463,663,-200
102000079,45,225,-180
102000080,121,140,-19
102000081,178,644,-466
102000082,492,197,295
102000083,156,555,-399
102000084,91,374,-283
102000085,990,1054,-64
102000086,727,793,-66
102000087,416,1761,-1345
102000088,112,221,-109
102000089,559,407,152
102000090,266,1062,-796
102000091,1055,380,675
102000092,427,589,-162
102000093,573,463,110
102000094,794,302,492
102000095,684,550,134
102000096,792,347,445
102000097,879,632,247
102000098,475,529,-54
102000099,537,341,196
102000100,858,389,469
102000101,1065,199,866
102000102,285,1190,-905
102000103,855,248,607
102000104,710,288,422
102000105,123,676,-553
102000106,356,689,-333
102000107,370,386,-16
102000108,302,164,138
102000109,209,435,-226
102000110,316,1266,-950
102000111,4,248,-244
102000112,62,53,9
102000113,3,11,-8
102000114,687,210,477
102000115,147,111,36
102000116,423,246,177
102000117,180,368,-188
102000118,1554,764,790
102000119,1962,374,1588
102000120,48,306,-258
102000121,632,378,254
102000122,242,415,-173
102000123,960,475,485
102000124,584,560,24
102000125,787,415,372
102000126,340,403,-63
102000127,714,418,296
102000128,314,645,-331
102000129,670,601,69
102000130,306,391,-85
102000131,433,404,29
102000132,212,228,-16
102000133,796,2093,-1297
102000134,253,426,-173
102000135,825,399,426
102000136,689,236,453
102000137,562,428,134
102000138,126,267,-141
102000139,42,215,-173
102000140,183,163,20
102000141,122,461,-339
102000142,85,267,-182
102000143,32,409,-377
102000144,51,343,-292
102000145,167,400,-233
102000146,144,193,-49
102000147,158,157,1
102000148,117,125,-8
102000149,58,479,-421
102000150,131,154,-23
102000151,54,264,-210
102000152,109,120,-11
102000153,507,181,326
102000154,338,413,-75
102000155,60,171,-111
102000156,315,57,258
102000157,57,101,-44
102000158,263,159,104
102000159,1079,93,986
102000161,3390,795,2595
102000162,142,111,31
102000163,72,298,-226
102000164,761,463,298
102000165,233,58,175
102000166,40,88,-48
102000167,123,105,18
102000168,115,103,12
102000169,62,318,-256
102000170,511,87,424
102000171,103,41,62
102000172,44,188,-144
102000173,191,163,28
102000174,25,42,-17
102000175,66,105,-39
102000176,24,20,4
102000178,189,550,-361
102000179,173,178,-5
102000180,285,525,-240
102000181,362,554,-192
102000182,296,609,-313
102000183,794,1581,-787
102000184,683,787,-104
102000185,922,1543,-621
102000186,484,1808,-1324
102000187,419,1716,-1297
102000188,362,1273,-911
102000189,2213,669,1544
102000190,442,1360,-918
102000191,1157,519,638
102000192,463,781,-318
102000193,20,171,-151
102000194,49,122,-73
102000195,170,404,-234
102000196,67,426,-359
102000197,146,374,-228
102000198,57,690,-633
102000199,281,325,-44
102000200,173,996,-823
102000201,263,430,-167
102000202,3,133,-130
102000203,125,224,-99
102000204,196,801,-605
102000205,426,542,-116
102000206,364,512,-148
102000207,444,377,67
102000208,141,403,-262
102000209,53,37,16
102000210,99,454,-355
102000211,185,372,-187
102000212,76,16,60
102000213,4,225,-221
102000214,50,15,35
102000215,2,478,-476
102000216,23,16,7
102000217,7,154,-147
102000218,93,47,46
102000219,248,340,-92
102000225,793,741,52
102000226,3412,251,3161
102000227,47,2,45
102000228,0,60,-60
102000229,31,17,14
102000230,176,547,-371
102000231,139,364,-225
102000232,6,103,-97
102000233,243,395,-152
102000234,74,1172,-1098
102000236,183,51,132
102000237,358,116,242
102000238,142,192,-50
102000240,653,421,232
102000241,158,58,100
102000243,13,35,-22
102000245,15,175,-160
102000246,22,18,4
102000247,1827,821,1006
102000248,773,597,176
102000249,64,96,-32
102000250,28,379,-351
102000254,34,366,-332
102000266,20,125,-105
102000271,19,2,17
102000286,274,229,45
102000297,1024,538,486
102000301,0,0,0
102000303,0,1,-1
102000305,0,0,0
102000307,0,1,-1
102900001,784,670,114
102900002,239,24,215
102900003,10,245,-235
102900005,118,248,-130
102900006,257,154,103
102900007,382,22,360
102900008,141,48,93
102900009,369,96,273
102900010,312,484,-172
102900011,1470,154,1316
102900012,290,22,268
102900013,7,68,-61
102900015,511,124,387
102900016,19,108,-89
102900017,76,534,-458
102900018,5,142,-137
102900019,170,272,-102
102900020,23,28,-5
102900021,6,94,-88
102900022,209,31,178
102900023,11,45,-34
102900024,13,29,-16
102900025,192,86,106
102900026,269,999,-730
102900027,41,33,8
102900028,45,269,-224
102900029,58,37,21
102900030,225,127,98
102900031,57,101,-44
102900032,11,125,-114
102900033,57,161,-104
102900034,139,133,6
102900035,32,462,-430
102900036,63,493,-430
102900037,131,652,-521
102900038,223,416,-193
102900039,12,239,-227
102900040,49,136,-87
102900041,31,99,-68
102900042,78,244,-166
102900043,69,195,-126
102900044,321,1446,-1125
102900045,30,431,-401
102900046,45,336,-291
102900047,68,610,-542
102900048,351,547,-196
102900049,65,254,-189
102900050,116,275,-159
102900051,97,122,-25
102900053,227,460,-233
102900054,585,477,108
102900055,38,90,-52
102900056,56,307,-251
102900057,2,18,-16
102900058,244,29,215
102900059,3,32,-29
102900060,36,276,-240
102900061,72,350,-278
102900062,44,1196,-1152
102900063,450,326,124
102900064,115,341,-226
102900065,1364,499,865
102900066,183,18,165
102900068,43,47,-4
102900070,84,528,-444
102900072,6,20,-14
102900073,63,5,58
102900075,20,16,4
102900076,269,29,240
102900077,22,12,10
102900078,23,65,-42
102900079,173,4,169
102900080,196,10,186
102900081,60,129,-69
102900082,18,199,-181
102900083,276,5,271
102900084,1,15,-14
102900085,55,43,12
102900086,2,18,-16
102900087,43,97,-54
102900088,6,18,-12
102900089,153,77,76
102900090,4,289,-285
102900091,57,0,57
102900092,91,757,-666
102900094,2,60,-58
102900095,98,0,98
102900096,20,3,17
102900097,5,67,-62
103000001,1617,1965,-348
103000002,1477,1454,23
103000003,2534,1892,642
103000004,793,484,309
103000005,1392,1775,-383
103000006,338,980,-642
103000007,366,644,-278
103000008,746,862,-116
103000009,435,554,-119
103000010,216,143,73
103000011,1385,746,639
103000012,665,925,-260
103000013,4163,1364,2799
103000014,936,898,38
103000015,2022,634,1388
103000016,387,562,-175
103000017,89,199,-110
103000018,727,285,442
103000019,118,103,15
103000020,1221,836,385
103000021,907,938,-31
103000022,921,1255,-334
103000023,305,741,-436
103000024,98,163,-65
103000025,31,205,-174
103000026,1286,101,1185
103000027,217,233,-16
103000028,484,232,252
103000029,285,118,167
103000030,1422,377,1045
103000031,1105,921,184
103000032,2126,1419,707
103000033,1702,1772,-70
103000034,1204,599,605
103000035,253,721,-468
103000036,325,393,-68
103000037,526,259,267
103000038,352,547,-195
103000039,155,378,-223
103000040,143,1032,-889
103000041,1237,2373,-1136
103000042,523,482,41
103000043,209,994,-785
103000044,76,234,-158
103000046,101,228,-127
103000047,299,583,-284
103000048,77,116,-39
103000049,90,126,-36
103000050,435,461,-26
103000051,170,425,-255
103000052,394,277,117
103000053,59,262,-203
103000054,1196,767,429
103000055,1001,1096,-95
103000056,395,2354,-1959
103000057,406,230,176
103000058,218,798,-580
103000059,240,571,-331
103000060,519,593,-74
103000061,222,598,-376
103000062,671,661,10
103000063,450,530,-80
103000064,98,230,-132
103000065,3,309,-306
103000066,94,13,81
103000069,81,289,-208
103000070,377,1014,-637
103000071,430,317,113
103000072,87,746,-659
103000073,175,77,98
103000074,296,50,246
103000075,57,605,-548
103000076,156,131,25
103000077,15,248,-233
103000078,1125,231,894
103000079,1025,356,669
103000080,1144,127,1017
103000081,374,463,-89
103000082,277,111,166
103000083,49,261,-212
103000084,177,6,171
103000085,2,52,-50
103000086,646,159,487
103000087,95,265,-170
103000088,236,225,11
103000089,158,257,-99
103000090,1232,772,460
103000091,382,310,72
103000092,194,257,-63
103000093,192,447,-255
103000094,137,75,62
103000095,28,310,-282
103000096,569,50,519
103000097,28,549,-521
103000098,841,100,741
103000099,337,512,-175
103000100,41,627,-586
103000101,341,99,242
103000102,80,555,-475
103000103,333,158,175
103000104,14,129,-115
103000105,44,104,-60
103000106,6,86,-80
103000107,207,56,151
103000108,518,485,33
103000109,286,193,93
103000110,297,284,13
103000111,439,232,207
103000112,162,174,-12
103000113,502,470,32
103000114,717,173,544
103000115,299,375,-76
103000116,252,435,-183
103000117,100,414,-314
103000118,930,879,51
103000119,1468,615,853
103000120,27,51,-24
103000121,352,839,-487
103000122,252,192,60
103000125,2,445,-443
103000126,185,2,183
103000127,2,240,-238
103000128,83,1,82
103000129,1,141,-140
103000130,37,11,26
103000131,214,62,152
103000132,38,57,-19
103000133,4,173,-169
103000134,586,268,318
103000135,603,158,445
103000136,622,197,425
103000137,404,340,64
103000138,733,363,370
103000139,3,34,-31
103000140,108,15,93
103000141,12,60,-48
103000142,125,40,85
103000143,23,120,-97
103000144,139,48,91
103000145,9,22,-13
103000150,65,41,24
103000152,239,161,78
103000153,118,100,18
103000156,3,499,-496
103000157,156,0,156
103000159,30,17,13
103000162,72,38,34
103000163,8,20,-12
103000164,20,9,11
103000165,84,363,-279
103000166,74,132,-58
103000167,154,86,68
103000168,33,145,-112
103000169,104,195,-91
103000170,395,418,-23
103000171,20,61,-41
103000172,107,257,-150
103000173,144,619,-475
103000174,79,242,-163
103000175,79,432,-353
103000176,454,161,293
103000177,470,301,169
103000178,289,194,95
103000179,35,22,13
103000183,49,29,20
103000185,44,58,-14
103000186,36,142,-106
103000187,126,537,-411
103000188,10,67,-57
103000189,792,781,11
103000191,463,463,0
103000292,2028,585,1443
103000293,1239,674,565
103000295,84,45,39
103000296,118,1,117
103000297,20,3,17
103000504,0,14,-14
103000505,3,7,-4
103000506,1,156,-155
103000507,50,0,50
103000508,71,17,54
103000509,173,467,-294
103900001,3,270,-267
103900002,1435,83,1352
103900003,1100,153,947
103900004,12,0,12
103900005,2,192,-190
103900006,3,1,2
103900007,11,12,-1
103900008,2,0,2
103900009,120,189,-69
103900010,72,182,-110
103900011,69,175,-106
103900012,0,11,-11
103900013,14,63,-49
103900014,40,43,-3
103900015,31,20,11
103900016,158,198,-40
103900017,19,75,-56
103900018,543,101,442
103900019,19,116,-97
103900020,84,171,-87
103900021,559,115,444
103900022,566,448,118
103900023,28,0,28
103900024,65,325,-260
103900025,3,29,-26
103900026,46,0,46
103900027,266,181,85
103900028,8,132,-124
103900029,456,113,343
103900030,77,10,67
103900031,3,5,-2
103900032,22,24,-2
103900033,28,3,25
103900034,24,190,-166
103900035,32,44,-12
103900036,40,7,33
103900037,25,15,10
103900038,18,86,-68
103900039,31,430,-399
103900040,7,187,-180
103900041,7,14,-7
103900042,24,431,-407
103900043,44,97,-53
103900044,152,72,80
103900045,70,107,-37
103900047,13,29,-16
103900048,26,6,20
103900049,156,909,-753
103900050,1,73,-72
103900051,0,31,-31
103900052,74,472,-398
103900053,60,735,-675
103900054,26,513,-487
103900055,212,146,66
103900056,8,41,-33
103900057,4,232,-228
103900058,47,636,-589
103900059,0,2,-2
103900060,29,164,-135
103900061,32,51,-19
103900062,63,30,33
103900063,3,0,3
103900064,14,2,12
103900065,563,197,366
103900066,27,3,24
103900067,44,39,5
103900068,1,0,1
103900069,15,0,15
103900070,61,173,-112
103900071,5,149,-144
103900072,3,235,-232
103900073,12,8,4
103900074,27,84,-57
103900075,67,53,14
103900076,154,677,-523
103900077,25,21,4
103900078,32,70,-38
103900079,38,141,-103
103900080,14,13,1
103900081,101,18,83
103900082,12,38,-26
103900083,1619,214,1405
103900084,22,55,-33
103900085,75,70,5
103900086,183,166,17
103900088,325,108,217
103900089,24,136,-112
103900090,2,193,-191
103900091,579,153,426
103900092,187,375,-188
103900093,86,269,-183
103900094,7,162,-155
103900095,100,130,-30
103900096,10,251,-241
103900097,3,363,-360
103900098,103,39,64
103900099,9,280,-271
103900100,74,298,-224
103900101,33,674,-641
103900102,0,13,-13
103900104,1,32,-31
103900105,81,157,-76
103900106,0,8,-8
103900107,13,152,-139
103900108,34,390,-356
103900109,21,66,-45
103900110,94,16,78
103900111,8,531,-523
103900112,5,34,-29
103900113,78,125,-47
103900114,362,224,138
103900115,115,72,43
103900116,5255,814,4441
103900117,202,102,100
103900119,12,29,-17
103900120,25,75,-50
103900122,22,310,-288
103900123,1126,392,734
103900124,27,483,-456
103900125,54,68,-14
103900126,158,333,-175
103900127,41,510,-469
103900128,12,199,-187
103900131,27,154,-127
103900133,505,27,478
103900134,0,0,0
103900135,11,2,9
103900137,1,34,-33
103900138,35,249,-214
103900139,238,549,-311
103900140,1,33,-32
103900141,112,57,55
103900142,59,152,-93
103900143,8,1,7
103900144,0,61,-61
103900145,86,215,-129
103900146,80,200,-120
103900147,124,63,61
103900148,60,175,-115
103900149,62,575,-513
103900150,5522,995,4527
103900151,10,118,-108
103900152,88,568,-480
103900153,4,1,3
103900154,846,560,286
103900155,8,211,-203
103900156,15,139,-124
103900157,16,161,-145
103900158,13,135,-122
103900159,36,55,-19
103900160,22,14,8
103900161,26,109,-83
103900162,34,124,-90
103900163,2,334,-332
103900167,0,37,-37
103900168,24,98,-74
103900169,5,19,-14
103900170,0,64,-64
103900171,2,59,-57
103900172,4,17,-13
103900173,7,5,2
103900174,23,40,-17
103900175,48,19,29
103900176,9,12,-3
103900177,4,26,-22
103900178,11,41,-30
103900179,10,116,-106
103900180,3,144,-141
103900181,34,23,11
103900182,40,17,23
103900184,483,13,470
103900185,126,81,45
103900187,50,20,30
103900188,23,9,14
103900189,39,5,34
103900190,25,43,-18
103900191,6,26,-20
103900192,12,52,-40
103900193,121,83,38
103900194,9,331,-322
103900195,2,23,-21
103900196,10,12,-2
103900197,2,20,-18
103900198,5,38,-33
103900199,74,102,-28
103900200,76,153,-77
103900201,38,151,-113
103900202,1,43,-42
103900203,7,14,-7
103900204,0,104,-104
103900207,5,108,-103
103900208,7,1,6
103900209,3,85,-82
103900210,7,29,-22
103900211,194,477,-283
103900212,14,335,-321
103900213,92,158,-66
103900214,164,57,107
103900215,745,232,513
103900216,6,362,-356
103900217,215,35,180
103900218,10,186,-176
103900219,40,247,-207
103900233,33,1,32
103900235,35,6,29
103900236,23,1,22
103900242,0,9,-9
103900243,3,4,-1
103900244,16,231,-215
103900245,27,193,-166
103900246,34,13,21
103900247,27,101,-74
103900248,4,22,-18
103900249,8,11,-3
103900250,14,24,-10
103900251,2,35,-33
103900253,18,22,-4
103900254,1,8,-7
103900255,7,21,-14
103900256,48,16,32
103900257,73,82,-9
103900258,8,0,8
103900259,76,4,72
103900261,1,7,-6
103900262,15,3,12
103900263,34,31,3
103900264,44,4,40
103900265,73,11,62
103900266,0,31,-31
103900267,4,25,-21
103900268,6,125,-119
103900269,83,31,52
103900270,10,108,-98
103900271,21,155,-134
103900272,44,58,-14
103900273,6,33,-27
103900274,22,5,17
103900275,20,1,19
103900276,6,76,-70
103900277,0,54,-54
103900278,9,27,-18
103900279,1,9,-8
103900280,0,112,-112
104000001,888,1520,-632
104000002,1013,2007,-994
104000003,1762,1722,40
104000004,2592,1941,651
104000005,759,1427,-668
104000006,1774,2226,-452
104000007,2777,2907,-130
104000008,161,372,-211
104000009,70,132,-62
104000010,99,118,-19
104000011,581,477,104
104000012,101,516,-415
104000013,58,97,-39
104000014,161,661,-500
104000015,141,111,30
104000016,322,357,-35
104000018,359,97,262
104000019,309,100,209
104000020,140,879,-739
104000021,219,633,-414
104000022,97,284,-187
104000023,255,222,33
104000024,177,277,-100
104000026,29,197,-168
104000027,160,348,-188
104000028,219,251,-32
104000029,375,671,-296
104000030,136,266,-130
104000031,426,215,211
104000032,169,387,-218
104000033,250,304,-54
104000034,168,390,-222
104000035,341,374,-33
104000036,292,513,-221
104000037,174,276,-102
104000038,202,252,-50
104000039,84,364,-280
104000040,390,321,69
104000041,307,274,33
104000042,136,412,-276
104000043,180,340,-160
104000044,175,669,-494
104000045,514,1067,-553
104000046,1086,1369,-283
104000047,505,1144,-639
104000048,771,1788,-1017
104000049,293,264,29
104000050,114,384,-270
104000051,68,695,-627
104000052,617,936,-319
104000053,446,619,-173
104000054,193,383,-190
104000055,3128,2110,1018
104000056,2053,220,1833
104000057,146,624,-478
104000058,382,628,-246
104000059,336,1047,-711
104000060,333,821,-488
104000061,593,990,-397
104000062,176,258,-82
104000064,375,168,207
104000065,70,236,-166
104000069,576,185,391
104000070,49,217,-168
104000071,182,342,-160
104000072,498,380,118
104000075,42,123,-81
104000076,263,31,232
104000082,1318,1605,-287
104000083,548,139,409
104000084,80,416,-336
104000085,184,161,23
104000086,154,324,-170
104000087,370,519,-149
104000090,313,1310,-997
104000092,350,2211,-1861
104000094,457,1728,-1271
104000095,921,1151,-230
104000096,648,143,505
104000097,724,980,-256
104000098,844,1186,-342
104000100,639,543,96
104000101,702,1875,-1173
104000106,149,531,-382
104000107,387,579,-192
104000108,264,435,-171
104000109,156,53,103
104000110,693,773,-80
104000111,3727,1149,2578
104000112,1877,440,1437
104000116,3,1205,-1202
104000117,61,741,-680
104000118,208,169,39
104000119,252,198,54
104000120,82,779,-697
104000121,133,566,-433
104000122,318,592,-274
104000123,620,1392,-772
104000124,1141,2425,-1284
104000125,3425,1649,1776
104000126,186,324,-138
104000127,1415,4271,-2856
104000128,752,508,244
104000129,354,17,337
104000130,18,145,-127
104000131,1039,764,275
104000132,695,1104,-409
104000133,831,597,234
104000134,465,1010,-545
104000135,273,569,-296
104000136,514,1314,-800
104000137,1186,208,978
104000138,1128,317,811
104000139,6758,2493,4265
104000141,1131,1783,-652
104000142,613,997,-384
104000143,442,1037,-595
104000144,41,190,-149
104000145,260,109,151
104000146,354,553,-199
104000147,84,296,-212
104000148,151,144,7
104000149,194,426,-232
104000150,306,342,-36
104000151,236,623,-387
104000152,243,635,-392
104000153,121,291,-170
104000154,975,648,327
104000155,142,370,-228
104000157,890,1525,-635
104000158,184,165,19
104000159,352,256,96
104000160,1115,941,174
104000161,124,96,28
104000162,15,102,-87
104000165,1065,697,368
104000167,380,471,-91
104000168,389,5,384
104000169,23,37,-14
104000170,615,151,464
104000248,154,684,-530
104000251,33,313,-280
104000272,0,0,0
104000273,0,0,0
104000274,0,0,0
104000275,0,0,0
104000279,464,423,41
104000290,35,343,-308
104000291,506,895,-389
104000293,439,481,-42
104000294,1,1,0
104000295,292,596,-304
104000296,320,613,-293
104000297,681,1189,-508
104000298,1346,714,632
104000299,353,1110,-757
104000302,118,106,12
104000303,165,144,21
104900001,34,266,-232
104900002,30,63,-33
104900003,23,241,-218
104900004,42,250,-208
104900005,69,100,-31
104900006,59,81,-22
104900007,109,159,-50
104900009,45,393,-348
104900010,12,4,8
104900011,5,0,5
104900012,79,6,73
104900013,25,3,22
104900014,1169,144,1025
104900015,89,0,89
104900016,43,254,-211
104900017,36,105,-69
104900018,1,141,-140
104900019,188,651,-463
104900020,24,211,-187
104900021,1,252,-251
104900022,6,89,-83
104900023,0,165,-165
104900024,3,105,-102
104900025,34,226,-192
104900026,1,133,-132
104900027,134,126,8
104900028,15,68,-53
104900029,15,74,-59
104900030,174,72,102
104900031,98,181,-83
104900032,34,138,-104
104900033,66,115,-49
104900034,91,63,28
104900035,65,67,-2
104900036,54,26,28
104900037,67,200,-133
104900038,322,152,170
104900039,654,92,562
104900040,72,29,43
104900041,106,70,36
104900042,51,242,-191
104900043,9,40,-31
104900044,174,83,91
104900045,181,29,152
104900046,28,67,-39
104900047,98,82,16
104900048,86,39,47
104900049,8,2,6
104900050,55,47,8
104900051,59,13,46
104900052,12,0,12
104900053,92,17,75
104900054,50,23,27
104900055,35,0,35
104900056,58,3,55
104900057,15,1,14
104900058,208,103,105
104900059,14,42,-28
104900060,56,265,-209
104900061,149,435,-286
104900063,3,103,-100
104900064,0,70,-70
104900065,1,63,-62
104900066,2,122,-120
104900067,1,143,-142
104900068,1,159,-158
104900070,57,212,-155
104900071,4,529,-525
104900072,18,124,-106
104900073,8,184,-176
104900074,7,145,-138
104900075,20,32,-12
104900076,46,300,-254
104900077,723,53,670
104900078,83,655,-572
104900079,51,100,-49
104900080,18,389,-371
104900082,8,191,-183
104900085,14,222,-208
104900087,137,2,135
104900089,50,0,50
104900090,198,320,-122
104900091,282,412,-130
104900093,112,415,-303
104900097,2225,756,1469
104900098,23,33,-10
104900099,122,271,-149
104900100,496,110,386
104900102,15,170,-155
104900103,269,72,197
104900104,2440,603,1837
104900106,17,110,-93
104900107,22,268,-246
104900108,7,224,-217
104900109,25,75,-50
104900110,2,29,-27
104900111,79,40,39
104900112,104,729,-625
104900113,237,314,-77
104900114,130,478,-348
104900115,199,384,-185
104900116,48,276,-228
104900118,10,62,-52
104900119,0,29,-29
104900120,121,42,79
104900121,0,98,-98
104900122,1,83,-82
104900123,8,0,8
104900124,6,0,6
104900125,171,4,167
104900126,36,31,5
104900127,18,12,6
104900128,16,66,-50
104900129,1789,524,1265
105000001,770,1188,-418
105000002,1379,1402,-23
105000003,2540,3314,-774
105000004,321,773,-452
105000005,831,1007,-176
105000006,603,1267,-664
105000007,514,944,-430
105000008,470,1162,-692
105000009,904,1885,-981
105000010,2320,1948,372
105000011,1078,1429,-351
105000012,2943,2805,138
105000013,412,746,-334
105000014,802,1275,-473
105000015,4569,3218,1351
105000016,2232,1166,1066
105000017,1271,748,523
105000018,892,657,235
105000019,1159,841,318
105000020,108,238,-130
105000021,194,134,60
105000022,68,31,37
105000023,219,195,24
105000028,28,123,-95
105000029,197,580,-383
105000030,2832,2955,-123
105000031,3,18,-15
105000033,885,1803,-918
105000034,79,368,-289
105000037,408,385,23
105000038,867,789,78
105000039,2509,1460,1049
105000040,320,435,-115
105000041,342,994,-652
105000042,1343,661,682
105000043,1430,1649,-219
105000044,169,226,-57
105000045,169,647,-478
105000046,358,208,150
105000047,314,1010,-696
105000048,284,126,158
105000049,199,625,-426
105000050,252,257,-5
105000051,114,414,-300
105000052,179,653,-474
105000053,82,133,-51
105000054,82,697,-615
105000055,264,298,-34
105000056,394,1777,-1383
105000057,679,745,-66
105000058,1076,1072,4
105000059,317,395,-78
105000060,267,475,-208
105000061,266,305,-39
105000062,533,903,-370
105000063,233,580,-347
105000064,421,362,59
105000065,277,944,-667
105000066,659,1646,-987
105000067,512,353,159
105000068,350,714,-364
105000069,1996,436,1560
105000070,652,627,25
105000071,167,333,-166
105000072,598,702,-104
105000073,402,302,100
105000074,657,767,-110
105000075,319,619,-300
105000076,951,848,103
105000077,1231,523,708
105000078,1201,826,375
105000079,996,1234,-238
105000080,988,628,360
105000081,932,687,245
105000082,294,242,52
105000083,537,385,152
105000084,412,741,-329
105000085,776,665,111
105000086,487,940,-453
105000087,1499,1355,144
105000088,1047,1052,-5
105000089,2630,1915,715
105000090,840,756,84
105000091,1673,1487,186
105000092,381,788,-407
105000093,258,135,123
105000094,196,152,44
105000095,54,299,-245
105000096,686,461,225
105000097,790,591,199
105000098,404,325,79
105000099,596,717,-121
105000100,523,1015,-492
105000101,953,1510,-557
105000102,907,1257,-350
105000103,906,1537,-631
105000104,771,766,5
105000105,508,1161,-653
105000106,481,838,-357
105000107,490,631,-141
105000108,535,1459,-924
105000109,622,1048,-426
105000110,383,660,-277
105000111,359,427,-68
105000112,575,679,-104
105000113,270,314,-44
105000114,2713,685,2028
105000115,215,481,-266
105000116,291,350,-59
105000117,569,1181,-612
105000118,107,249,-142
105000119,287,1025,-738
105000120,220,383,-163
105000121,423,893,-470
105000122,136,240,-104
105000123,644,1149,-505
105000124,720,783,-63
105000125,437,1327,-890
105000126,1124,1624,-500
105000127,1214,1354,-140
105000128,269,1175,-906
105000129,484,309,175
105000130,45,571,-526
105000131,317,291,26
105000132,396,254,142
105000133,200,917,-717
105000134,210,408,-198
105000135,232,614,-382
105000136,79,292,-213
105000137,216,199,17
105000138,207,323,-116
105000139,543,864,-321
105000140,136,392,-256
105000141,83,430,-347
105000142,46,384,-338
105000143,70,476,-406
105000144,204,514,-310
105000145,280,367,-87
105000146,366,541,-175
105000147,277,244,33
105000148,764,478,286
105000149,1059,1063,-4
105000150,1626,1001,625
105000151,209,272,-63
105000152,130,542,-412
105000153,247,273,-26
105000154,507,641,-134
105000155,178,344,-166
105000156,526,615,-89
105000157,773,1395,-622
105000158,1016,561,455
105000159,257,959,-702
105000160,709,414,295
105000161,520,1600,-1080
105000162,228,783,-555
105000163,997,976,21
105000164,166,245,-79
105000165,985,2060,-1075
105000166,5987,201,5786
105000167,2018,768,1250
105000168,121,785,-664
105000169,214,402,-188
105000170,59,890,-831
105000171,675,264,411
105000172,43,36,7
105000173,25,10,15
105000174,7,26,-19
105000175,73,140,-67
105000176,49,62,-13
105000177,64,77,-13
105000178,63,444,-381
105000179,66,93,-27
105000180,44,92,-48
105000181,29,330,-301
105000182,17,52,-35
105000183,1921,989,932
105000184,992,610,382
105000185,837,458,379
105000186,417,817,-400
105000187,386,216,170
105000188,109,72,37
105000189,140,544,-404
105000190,101,240,-139
105000191,211,346,-135
105000192,54,68,-14
105000193,37,104,-67
105000194,190,53,137
105000195,141,803,-662
105000196,37,69,-32
105000197,162,573,-411
105000198,389,194,195
105000199,172,132,40
105000200,56,132,-76
105000201,33,16,17
105000203,14,290,-276
105000204,54,74,-20
105000205,74,239,-165
105000207,503,153,350
105000208,159,191,-32
105000209,114,355,-241
105000211,65,16,49
105000212,572,1012,-440
105000213,132,104,28
105000214,51,148,-97
105000215,95,225,-130
105000216,40,298,-258
105000217,84,274,-190
105000218,326,766,-440
105000221,83,217,-134
105000222,40,35,5
105000223,63,126,-63
105000226,13,294,-281
105000227,11,152,-141
105000228,125,432,-307
105000229,46,160,-114
105000231,89,169,-80
105000233,365,394,-29
105000234,306,972,-666
105000235,142,299,-157
105000237,392,36,356
105000243,10,31,-21
105000248,29,26,3
105000262,114,1401,-1287
105000269,33,128,-95
105000270,134,75,59
105000271,1,228,-227
105000282,105,25,80
105000287,220,84,136
105000288,181,310,-129
105000289,460,593,-133
105000290,3,3,0
105000402,3563,950,2613
105000426,247,381,-134
105000438,525,567,-42
105000440,2,43,-41
105000446,8529,3340,5189
105000447,4527,2011,2516
105000454,83,788,-705
105000455,228,179,49
105000474,10,0,10
105000477,141,264,-123
105000478,799,1232,-433
105000479,48,84,-36
105000480,1073,1230,-157
105000481,1386,1447,-61
105000482,3233,2163,1070
105000483,776,936,-160
105000484,1862,2119,-257
105000485,685,1014,-329
105000486,2178,1895,283
105000488,2044,1951,93
105000489,360,499,-139
105000549,29,84,-55
105000550,304,858,-554
105000551,9,73,-64
105000552,2738,1471,1267
105000555,592,432,160
105000556,16,29,-13
105000557,50,244,-194
105900001,9,676,-667
105900002,1277,239,1038
105900003,11,103,-92
105900004,214,90,124
105900005,2,156,-154
105900006,2,20,-18
105900007,4,16,-12
105900008,42,607,-565
105900009,5,8,-3
105900011,42,37,5
105900012,175,119,56
105900013,0,15,-15
105900014,6,70,-64
105900015,71,185,-114
105900016,95,552,-457
105900017,384,40,344
105900018,107,199,-92
105900019,25,397,-372
105900020,15,53,-38
105900021,7,149,-142
105900022,99,198,-99
105900023,2,95,-93
105900024,1,57,-56
105900025,14,27,-13
105900026,124,11,113
105900027,2939,1496,1443
105900028,31,114,-83
105900029,1236,204,1032
105900030,114,204,-90
105900031,272,101,171
105900032,30,75,-45
105900033,36,78,-42
105900034,38,136,-98
105900035,51,84,-33
105900036,40,93,-53
105900037,55,61,-6
105900038,71,224,-153
105900039,45,136,-91
105900040,31,72,-41
105900041,123,208,-85
105900042,26,73,-47
105900043,1129,31,1098
105900044,1,77,-76
105900045,1,330,-329
105900046,1,92,-91
105900047,3,19,-16
105900048,30,279,-249
105900050,910,211,699
105900051,0,824,-824
105900052,152,19,133
105900053,2554,788,1766
105900054,151,149,2
105900056,611,97,514
105900057,4,87,-83
105900058,9,23,-14
105900059,0,30,-30
106000001,2758,779,1979
106000002,1932,2727,-795
106000003,2107,1690,417
106000004,1663,1602,61
106000005,1428,3330,-1902
106000006,3837,3393,444
106000007,379,324,55
106000008,285,218,67
106000009,302,206,96
106000010,322,455,-133
106000011,411,682,-271
106000012,429,1258,-829
106000013,1049,1269,-220
106000014,1369,1461,-92
106000015,683,787,-104
106000016,888,2125,-1237
106000017,471,474,-3
106000018,441,569,-128
106000019,172,408,-236
106000020,194,476,-282
106000021,180,319,-139
106000022,215,337,-122
106000023,313,281,32
106000024,320,628,-308
106000025,90,195,-105
106000026,134,333,-199
106000027,498,975,-477
106000028,348,760,-412
106000029,681,1435,-754
106000030,625,218,407
106000034,86,436,-350
106000035,599,653,-54
106000036,219,216,3
106000037,1124,1183,-59
106000038,355,58,297
106000039,111,29,82
106000040,114,527,-413
106000041,662,161,501
106000043,438,61,377
106000046,186,19,167
106000047,12,278,-266
106000049,321,67,254
106000050,231,616,-385
106000051,267,249,18
106000052,30,559,-529
106000053,86,82,4
106000054,261,391,-130
106000055,332,482,-150
106000056,212,524,-312
106000057,149,142,7
106000058,105,138,-33
106000059,123,201,-78
106000060,353,534,-181
106000061,144,290,-146
106000062,141,511,-370
106000063,325,318,7
106000064,17,373,-356
106000065,184,96,88
106000066,50,265,-215
106000067,92,54,38
106000068,46,513,-467
106000069,68,62,6
106000070,217,585,-368
106000071,393,233,160
106000072,3518,825,2693
106000073,1279,1558,-279
106000074,193,471,-278
106000075,145,682,-537
106000076,987,1055,-68
106000077,2023,893,1130
106000078,369,800,-431
106000079,377,859,-482
106000080,595,755,-160
106000081,280,720,-440
106000082,1448,741,707
106000083,210,759,-549
106000084,491,511,-20
106000085,969,663,306
106000086,382,504,-122
106000087,574,409,165
106000088,256,577,-321
106000089,430,414,16
106000090,207,461,-254
106000091,209,567,-358
106000092,360,161,199
106000093,134,45,89
106000094,45,146,-101
106000095,232,845,-613
106000096,405,606,-201
106000097,333,1248,-915
106000098,238,783,-545
106000099,112,655,-543
106000100,424,259,165
106000101,381,283,98
106000102,74,405,-331
106000103,175,605,-430
106000104,374,332,42
106000105,197,854,-657
106000106,292,449,-157
106000107,63,505,-442
106000108,137,325,-188
106000109,53,425,-372
106000110,103,269,-166
106000111,111,649,-538
106000112,75,264,-189
106000113,990,628,362
106000114,311,255,56
106000115,127,495,-368
106000116,110,199,-89
106000117,703,687,16
106000118,576,639,-63
106000119,1951,765,1186
106000120,518,622,-104
106000121,89,124,-35
106000122,42,258,-216
106000123,151,199,-48
106000124,24,299,-275
106000125,19,318,-299
106000126,107,228,-121
106000127,324,717,-393
106000128,280,351,-71
106000129,250,627,-377
106000130,284,354,-70
106000131,91,466,-375
106000132,779,126,653
106000133,3325,751,2574
106000134,606,447,159
106000135,219,765,-546
106000136,341,230,111
106000137,65,1866,-1801
106000138,320,56,264
106000139,37,140,-103
106000140,12,88,-76
106000141,24,114,-90
106000142,23,46,-23
106000143,10,119,-109
106000144,31,96,-65
106000145,97,327,-230
106000146,176,162,14
106000147,442,754,-312
106000148,691,799,-108
106000149,294,564,-270
106000150,319,1240,-921
106000151,3939,566,3373
106000152,1168,724,444
106000153,79,1008,-929
106000154,1272,162,1110
106000155,37,101,-64
106000156,300,213,87
106000157,307,1176,-869
106000158,2534,538,1996
106000159,3755,794,2961
106000160,137,1213,-1076
106000161,841,368,473
106000162,81,488,-407
106000163,91,437,-346
106000164,118,241,-123
106000165,116,543,-427
106000166,290,174,116
106000167,189,1107,-918
106000168,79,163,-84
106000169,80,656,-576
106000170,179,187,-8
106000171,75,678,-603
106000172,1540,499,1041
106000173,529,1853,-1324
106000174,653,203,450
106000175,168,726,-558
106000176,586,400,186
106000177,287,1656,-1369
106000178,1439,877,562
106000179,639,1346,-707
106000180,473,1522,-1049
106000181,268,1578,-1310
106000182,301,491,-190
106000183,374,844,-470
106000184,328,795,-467
106000185,278,707,-429
106000186,459,117,342
106000187,116,524,-408
106000188,0,0,0
106000189,3,21,-18
106000190,3,2,1
106000191,344,101,243
106000192,0,19,-19
106000193,129,96,33
106000194,98,202,-104
106000195,168,45,123
106000196,18,175,-157
106000197,157,181,-24
106000198,48,186,-138
106000199,637,282,355
106000200,389,115,274
106000201,365,644,-279
106000202,4843,396,4447
106000203,134,172,-38
106000204,12,0,12
106000205,20,130,-110
106000206,23,13,10
106000207,59,644,-585
106000208,358,60,298
106000209,660,150,510
106000210,155,939,-784
106000211,276,1421,-1145
106000212,311,117,194
106000213,581,922,-341
106000214,1939,301,1638
106000215,141,367,-226
106000216,230,217,13
106000217,211,415,-204
106000218,315,226,89
106000219,67,220,-153
106000220,258,184,74
106000221,68,248,-180
106000222,22,118,-96
106000223,44,88,-44
106000224,76,312,-236
106000225,50,36,14
106000226,117,263,-146
106000228,16,77,-61
106000229,56,728,-672
106000231,254,84,170
106000232,58,381,-323
106000233,104,76,28
106000234,25,198,-173
106000235,266,42,224
106000236,79,25,54
106000237,5,3,2
106000238,7,5,2
106000239,0,66,-66
106000240,8,2,6
106000241,19,499,-480
106000242,166,14,152
106000249,18,71,-53
106000250,33,270,-237
106000251,80,17,63
106000252,16,93,-77
106000253,9,24,-15
106000254,32,59,-27
106000255,9,45,-36
106000256,49,89,-40
106000257,50,297,-247
106000258,117,15,102
106000259,1,22,-21
106000260,4,5,-1
106000261,0,30,-30
106000262,17,22,-5
106000263,0,50,-50
106000264,147,5,142
106000265,11,95,-84
106000266,92,9,83
106000267,6,66,-60
106000268,320,14,306
106000269,48,47,1
106000270,89,221,-132
106000271,26,116,-90
106000272,73,39,34
106000273,8,146,-138
106000274,152,33,119
106000275,81,100,-19
106000276,73,41,32
106000277,121,136,-15
106000278,113,27,86
106000279,19,51,-32
106000280,16,134,-118
106000281,57,68,-11
106000282,59,51,8
106000283,36,83,-47
106000284,22,95,-73
106000285,84,100,-16
106000286,52,123,-71
106000287,47,86,-39
106000288,70,123,-53
106000289,29,70,-41
106000290,53,68,-15
106000291,35,64,-29
106000292,64,105,-41
106000293,79,61,18
106000294,99,119,-20
106000295,23,24,-1
106000296,50,72,-22
106000297,43,129,-86
106000298,151,39,112
106000299,73,97,-24
106000300,44,73,-29
106000301,36,72,-36
106000303,4,42,-38
106000304,56,35,21
106000305,9,28,-19
106000306,45,57,-12
106000307,12,15,-3
106000308,20,108,-88
106000309,23,26,-3
106000310,116,539,-423
106000311,165,70,95
106000312,42,171,-129
106000313,73,169,-96
106000318,105,106,-1
106000319,283,27,256
106000320,9,33,-24
106000321,158,56,102
106000322,49,161,-112
106000324,15,129,-114
106000325,631,711,-80
106000326,558,1613,-1055
106000327,40,112,-72
106000328,1,80,-79
106000329,30,189,-159
106000330,17,25,-8
106000428,32,175,-143
106000429,57,552,-495
106000430,224,1374,-1150
106000431,604,245,359
106000432,1167,2173,-1006
106000433,895,619,276
106000434,1771,587,1184
106000435,1577,1938,-361
106000436,21,264,-243
106000437,62,21,41
106000438,97,48,49
106000439,20,510,-490
106000440,133,433,-300
106000441,2,0,2
106000442,100,4,96
106000443,65,485,-420
106000450,4,149,-145
106000451,21,10,11
106000454,9,68,-59
106000455,11,203,-192
106000456,92,11,81
106000457,3,862,-859
106000458,115,131,-16
106000459,21,336,-315
106000460,320,25,295
106000461,14,1482,-1468
106000462,0,6,-6
106000463,0,30,-30
106000464,4,410,-406
106000465,96,5,91
106000466,2,575,-573
106000467,394,405,-11
106000468,29,143,-114
106000469,192,5,187
106000470,153,872,-719
106000471,18,490,-472
106000472,46,6,40
106000473,26,13,13
106000474,366,872,-506
106000475,185,174,11
106000476,122,152,-30
106000477,36,199,-163
106000480,0,42,-42
106900001,0,15,-15
106900002,2,472,-470
106900003,208,589,-381
106900004,1,54,-53
106900006,0,24,-24
106900007,0,18,-18
106900008,58,193,-135
106900009,106,341,-235
106900010,71,259,-188
106900012,1432,696,736
106900013,162,51,111
106900014,11,1,10
106900015,9,0,9
106900016,57,2,55
106900017,1,0,1
106900018,0,0,0
106900019,19,0,19
106900020,2102,429,1673
106900021,14,36,-22
106900022,124,0,124
106900023,6,214,-208
106900024,117,14,103
106900025,20,487,-467
106900026,5,713,-708
106900027,155,2,153
107000001,1184,1118,66
107000002,2062,2772,-710
107000003,2131,3019,-888
107000004,3478,4712,-1234
107000005,1340,2329,-989
107000006,2315,5155,-2840
107000007,3093,3459,-366
107000008,14112,8757,5355
107000009,2937,3080,-143
107000010,7999,9333,-1334
107000011,888,856,32
107000012,2965,2848,117
107000013,30,150,-120
107000014,15,250,-235
107000015,249,718,-469
107000016,215,990,-775
107000017,1653,630,1023
107000018,8,215,-207
107000020,932,278,654
107000021,640,746,-106
107000022,588,1057,-469
107000023,970,268,702
107000024,267,1748,-1481
107000025,84,283,-199
107000026,125,590,-465
107000027,757,592,165
107000028,863,1341,-478
107000029,1001,1066,-65
107000030,2401,2604,-203
107000031,1483,1218,265
107000032,200,652,-452
107000033,2554,2844,-290
107000034,3497,1529,1968
107000035,228,131,97
107000036,254,740,-486
107000037,81,486,-405
107000038,169,224,-55
107000039,340,395,-55
107000040,96,283,-187
107000041,741,372,369
107000042,472,1212,-740
107000043,1877,575,1302
107000044,444,339,105
107000045,73,275,-202
107000046,294,223,71
107000047,233,723,-490
107000048,277,247,30
107000049,260,587,-327
107000050,477,411,66
107000051,287,201,86
107000052,633,444,189
107000053,207,123,84
107000054,34,193,-159
107000055,296,86,210
107000056,408,630,-222
107000057,1565,206,1359
107000058,990,1303,-313
107000059,906,1292,-386
107000060,2049,2996,-947
107000061,3750,3142,608
107000062,1456,1879,-423
107000063,2934,4563,-1629
107000064,1634,1284,350
107000065,2964,5391,-2427
107000066,1074,1329,-255
107000067,457,684,-227
107000068,1074,392,682
107000069,343,272,71
107000070,222,2,220
107000071,875,8,867
107000072,37,2839,-2802
107000073,221,131,90
107000074,95,737,-642
107000075,545,155,390
107000076,506,1438,-932
107000077,1317,362,955
107000078,1128,2745,-1617
107000079,955,354,601
107000080,726,2536,-1810
107000081,524,268,256
107000082,313,2332,-2019
107000083,412,192,220
107000084,299,2073,-1774
107000085,1991,2010,-19
107000086,2958,1920,1038
107000087,1708,1347,361
107000088,1918,2500,-582
107000089,899,1199,-300
107000090,636,957,-321
107000091,674,746,-72
107000092,459,951,-492
107000093,616,541,75
107000094,697,1123,-426
107000095,288,475,-187
107000096,391,730,-339
107000097,245,284,-39
107000098,219,694,-475
107000099,199,183,16
107000100,182,218,-36
107000101,27,115,-88
107000102,236,243,-7
107000103,224,129,95
107000104,181,244,-63
107000105,189,74,115
107000106,67,249,-182
107000107,180,120,60
107000108,92,668,-576
107000109,286,95,191
107000110,58,451,-393
107000111,78,16,62
107000112,16,323,-307
107000113,187,72,115
107000114,53,646,-593
107000115,160,62,98
107000116,46,775,-729
107000117,23,129,-106
107000118,113,222,-109
107000119,1248,701,547
107000120,2009,266,1743
107000121,330,471,-141
107000122,567,651,-84
107000123,132,698,-566
107000124,279,737,-458
107000125,309,688,-379
107000126,370,942,-572
107000129,72,862,-790
107000130,133,133,0
107000131,180,612,-432
107000132,192,223,-31
107000133,438,103,335
107000134,155,1,154
107000135,0,151,-151
107000136,344,6,338
107000137,8,240,-232
107000138,242,8,234
107000139,13,186,-173
107000140,460,20,440
107000141,77,585,-508
107000142,162,35,127
107000143,35,788,-753
107000144,145,204,-59
107000145,114,520,-406
107000146,81,108,-27
107000147,3357,809,2548
107000150,605,948,-343
107000151,13,13,0
107000152,446,358,88
107000153,271,232,39
107000154,111,69,42
107000155,229,11,218
107000156,479,8,471
107000157,18,2047,-2029
107000158,300,6,294
107000159,45,1279,-1234
107000160,277,50,227
107000161,35,1616,-1581
107000162,84,162,-78
107000163,4,0,4
107000164,73,1,72
107000165,226,1,225
107000166,40,1211,-1171
107000167,189,147,42
107000168,386,150,236
107000169,783,930,-147
107000170,480,355,125
107000171,370,2422,-2052
107000172,405,409,-4
107000173,521,970,-449
107000174,537,1216,-679
107000175,8004,1321,6683
107000176,0,0,0
107000177,0,0,0
107000178,4,66,-62
107000179,113,2814,-2701
107000180,350,194,156
107000181,172,1097,-925
107000182,538,607,-69
107000183,52,801,-749
107000184,364,572,-208
107000185,138,980,-842
107000186,252,228,24
107000187,534,834,-300
107000188,271,244,27
107000189,211,581,-370
107000190,221,480,-259
107000191,424,825,-401
107000192,717,709,8
107000193,205,217,-12
107000194,659,490,169
107000197,295,189,106
107000198,104,655,-551
107000199,396,642,-246
107000200,731,386,345
107000201,251,215,36
107000202,177,307,-130
107000203,471,388,83
107000204,490,515,-25
107000205,1801,855,946
107000206,477,548,-71
107000207,507,543,-36
107000208,979,218,761
107000209,1346,324,1022
107000210,945,140,805
107000211,6,13,-7
107000212,7,133,-126
107000213,22,24,-2
107000214,16,82,-66
107000215,146,310,-164
107000216,121,392,-271
107000217,42,112,-70
107000219,47,63,-16
107000220,44,229,-185
107000222,162,563,-401
107000224,113,30,83
107000225,100,545,-445
107000226,108,41,67
107000227,67,324,-257
107000228,66,108,-42
107000229,126,65,61
107000230,595,459,136
107000231,611,295,316
107000232,59,57,2
107000233,490,204,286
107000234,2,18,-16
107000235,39,0,39
107000236,11,212,-201
107000237,1,0,1
107000238,2,0,2
107000239,4198,242,3956
107000240,26,935,-909
107000243,0,33,-33
107000244,2,57,-55
107000246,4,855,-851
107000249,2,703,-701
107000251,2,225,-223
107000252,2,1040,-1038
107000255,541,55,486
107000257,3,627,-624
107000258,0,139,-139
107000259,0,179,-179
107000260,147,4,143
107000262,8,875,-867
107000263,97,3,94
107000266,3,2,1
107000267,46,141,-95
107000268,150,150,0
107000269,99,11,88
107000270,0,2,-2
107000271,3,825,-822
107000272,6,174,-168
107000273,3,272,-269
107000274,328,7,321
107000275,207,758,-551
107000280,214,12,202
107000281,30,937,-907
107000282,10,1272,-1262
107000290,2,35,-33
107000291,5,7,-2
107000292,0,34,-34
107000293,24,1,23
107000294,0,33,-33
107000295,27,0,27
107000296,0,4,-4
107000444,149,3,146
107000496,0,16,-16
107000497,901,2867,-1966
107000500,213,257,-44
107000501,33,197,-164
107000502,138,349,-211
107000505,422,669,-247
107000506,0,15,-15
107000508,4,602,-598
107000509,218,477,-259
107000510,10,21,-11
107000514,8,173,-165
107000515,8,265,-257
107000516,94,96,-2
107000518,370,286,84
107000519,2860,878,1982
107000520,35,2,33
107000521,236,388,-152
107000522,293,557,-264
107900001,11,264,-253
107900002,11,5,6
107900003,18,22,-4
107900004,8,0,8
107900005,233,3,230
107900006,27,3,24
107900007,82,14,68
107900008,29,30,-1
107900009,35,4,31
107900010,3,0,3
107900012,93,7,86
107900013,152,60,92
107900014,1,2,-1
107900015,188,3,185
107900016,249,46,203
107900017,3,0,3
107900018,15,17,-2
107900019,8,54,-46
107900020,53,5,48
107900021,16,93,-77
107900023,2,0,2
107900024,1,16,-15
107900025,124,203,-79
107900026,10,81,-71
107900027,11,70,-59
107900028,15,59,-44
107900030,86,7,79
107900031,20,217,-197
107900032,3,0,3
107900033,7,5,2
107900034,75,3,72
107900035,221,0,221
107900036,16,4,12
107900037,1,26,-25
107900038,91,43,48
107900039,5,55,-50
107900040,23,39,-16
107900041,1,1,0
107900043,14,114,-100
107900044,3,1,2
107900045,13,10,3
107900046,40,12,28
107900047,2,51,-49
107900048,44,9,35
107900049,159,178,-19
107900050,40,222,-182
107900051,40,63,-23
107900052,3,4,-1
107900053,6,59,-53
107900055,143,81,62
107900056,43,11,32
107900057,0,0,0
107900058,11,487,-476
107900060,0,27,-27
107900061,17,2,15
107900063,43,85,-42
107900064,104,10,94
107900065,37,2,35
107900066,2,4,-2
107900067,0,0,0
107900068,77,152,-75
107900069,17,329,-312
107900070,29,5,24
107900071,11,679,-668
107900072,38,172,-134
107900073,17,89,-72
107900074,857,79,778
107900076,46,32,14
107900077,11,0,11
107900079,3,7,-4
107900080,79,216,-137
107900081,5,50,-45
107900082,18,12,6
107900083,84,64,20
107900084,27,52,-25
107900086,40,58,-18
107900087,180,27,153
107900088,2,6,-4
107900089,171,578,-407
107900090,270,445,-175
107900091,90,278,-188
107900093,20,38,-18
107900095,1994,579,1415
107900097,14,29,-15
107900098,28,72,-44
107900100,608,252,356
107900101,750,56,694
107900102,12,1,11
107900103,24,138,-114
107900104,75,0,75
107900105,2,440,-438
107900106,5,1214,-1209
107900107,761,86,675
107900108,173,44,129
107900109,304,13,291
107900110,5,54,-49
107900111,10,1019,-1009
107900112,73,148,-75
107900113,35,66,-31
107900114,39,181,-142
107900115,0,22,-22
107900116,40,183,-143
107900117,117,218,-101
107900118,38,80,-42
107900119,20,50,-30
107900120,16,2,14
107900121,5,101,-96
107900122,0,33,-33
107900123,2,15,-13
107900124,6,65,-59
107900125,16,106,-90
107900126,0,19,-19
107900127,274,43,231
107900128,64,35,29
107900129,8,26,-18
107900130,10,16,-6
107900131,186,26,160
107900132,51,301,-250
107900133,2,49,-47
107900134,7,2,5
107900135,3,144,-141
107900136,30,14,16
107900137,43,36,7
107900138,6,22,-16
107900139,5,19,-14
107900141,22,7,15
107900142,36,762,-726
107900143,17,31,-14
107900144,1,117,-116
107900145,4,76,-72
107900146,21,50,-29
107900147,13,8,5
107900148,70,92,-22
107900149,1194,59,1135
107900150,48,548,-500
107900151,5,69,-64
107900152,7,190,-183
107900153,85,90,-5
107900154,18,7,11
107900155,15,6,9
107900156,1,366,-365
107900157,15,98,-83
107900158,142,8,134
107900159,43,821,-778
107900160,23,93,-70
107900161,5,219,-214
107900162,1,30,-29
107900163,19,25,-6
107900164,5,5,0
107900165,5,44,-39
107900166,3,257,-254
107900167,5,5,0
107900168,5,27,-22
107900169,10,128,-118
107900171,6,1355,-1349
107900172,0,301,-301
107900173,4,157,-153
107900174,14,2,12
107900175,3,4,-1
107900176,2,17,-15
107900177,0,19,-19
107900178,0,174,-174
107900179,5,89,-84
107900180,688,105,583
107900181,167,323,-156
107900182,1,1078,-1077
107900183,9,295,-286
107900184,40,216,-176
107900185,16,2,14
107900186,8,20,-12
107900187,1,79,-78
107900188,582,51,531
107900189,2,97,-95
107900190,108,37,71
107900191,11,107,-96
107900193,19,22,-3
107900194,65,1,64
107900195,2939,272,2667
107900196,30,60,-30
107900197,276,62,214
107900199,1,1019,-1018
107900201,27,113,-86
107900203,26,36,-10
107900204,169,128,41
107900206,136,139,-3
107900207,1,591,-590
107900208,4,611,-607
107900209,212,62,150
107900210,23,57,-34
107900213,104,203,-99
107900214,4,189,-185
107900215,97,169,-72
107900216,67,42,25
107900217,6,33,-27
107900218,9,1297,-1288
107900219,7,111,-104
107900220,80,69,11
107900221,139,169,-30
107900223,32,491,-459
107900224,82,168,-86
107900225,14,542,-528
107900226,38,94,-56
107900227,73,358,-285
107900228,5,108,-103
107900229,2,263,-261
107900230,8,119,-111
107900231,11,145,-134
107900232,17,219,-202
107900233,2,122,-120
107900234,25,135,-110
107900235,33,53,-20
107900236,19,86,-67
107900237,59,367,-308
107900238,17,71,-54
107900239,1070,257,813
107900240,1,144,-143
107900241,5,79,-74
107900242,11,309,-298
107900243,3,54,-51
107900244,97,0,97
107900245,95,19,76
107900246,20,1,19
107900248,102,296,-194
107900249,143,6,137
107900250,0,358,-358
107900251,27,854,-827
107900252,159,1,158
107900253,26,2,24
107900254,36,58,-22
107900255,260,22,238
107900256,186,342,-156
107900257,22,22,0
107900258,33,155,-122
107900259,56,371,-315
107900261,0,365,-365
107900262,30,91,-61
107900264,46,2,44
107900265,26,179,-153
107900267,23,5,18
107900268,21,4,17
107900269,0,2,-2
107900270,0,0,0
107900271,2,1,1
107900272,63,2,61
107900273,19,39,-20
107900274,18,0,18
107900275,4,0,4
107900276,0,37,-37
107900277,0,152,-152
107900278,65,257,-192
107900279,113,42,71
107900280,1457,803,654
107900281,2426,509,1917
107900282,32,89,-57
107900283,910,222,688
107900284,76,766,-690
107900285,27,109,-82
107900286,81,47,34
107900287,112,45,67
107900290,0,28,-28
107900291,154,2,152
107900292,75,210,-135
107900293,18,412,-394
107900295,12,128,-116
107900297,1,196,-195
107900298,560,558,2
107900299,2979,694,2285
107900301,223,157,66
107900302,39,12,27
107900303,21,257,-236
107900304,54,437,-383
107900305,74,0,74
107900306,11,2,9
107900307,22,261,-239
107900308,90,19,71
107900309,6,0,6
107900310,0,0,0
107900311,99,69,30
107900312,2,0,2
107900313,2,40,-38
107900314,0,20,-20
107900315,0,28,-28
107900316,8,0,8
107900317,34,0,34
107900318,9,75,-66
107900319,0,133,-133
107900320,1,72,-71
107900321,24,3,21
107900322,1,111,-110
107900323,3,93,-90
107900324,57,2,55
107900325,33,0,33
107900326,119,275,-156
107900327,0,0,0
107900328,0,0,0
107900329,0,0,0
107900330,3,332,-329
107900331,48,22,26
107900332,65,23,42
107900333,15,10,5
107900334,6,194,-188
107900335,27,43,-16
107900336,6,19,-13
107900337,929,267,662
107900338,1,74,-73
107900339,2,8,-6
107900340,0,34,-34
107900341,15,0,15
107900342,27,89,-62
107900343,2,1,1
107900344,3,113,-110
107900345,26,17,9
107900346,6,1,5
107900347,13,2,11
107900348,1,2,-1
107900349,4,3,1
107900350,47,226,-179
107900351,0,167,-167
107900352,3,63,-60
107900353,3,2,1
107900354,3,46,-43
108000001,1577,1739,-162
108000002,1469,1935,-466
108000003,1672,1096,576
108000004,11549,11181,368
108000005,2823,2076,747
108000006,4489,5424,-935
108000007,2423,2116,307
108000008,3370,4565,-1195
108000009,1409,2044,-635
108000010,1837,4102,-2265
108000011,5910,4694,1216
108000012,13544,13737,-193
108000014,429,313,116
108000015,312,243,69
108000016,158,636,-478
108000017,355,250,105
108000018,612,269,343
108000019,849,384,465
108000020,695,245,450
108000021,286,1170,-884
108000022,332,983,-651
108000023,568,59,509
108000024,105,515,-410
108000025,112,171,-59
108000026,183,447,-264
108000027,189,579,-390
108000028,136,203,-67
108000029,105,649,-544
108000030,162,181,-19
108000031,87,440,-353
108000032,645,289,356
108000033,260,890,-630
108000034,821,234,587
108000035,546,2102,-1556
108000036,206,1111,-905
108000037,754,172,582
108000038,997,220,777
108000039,237,2143,-1906
108000040,611,389,222
108000041,459,2238,-1779
108000042,65,201,-136
108000043,95,243,-148
108000044,117,148,-31
108000045,83,685,-602
108000046,514,178,336
108000047,232,899,-667
108000048,67,375,-308
108000049,294,115,179
108000050,149,604,-455
108000051,110,55,55
108000052,222,630,-408
108000053,137,74,63
108000054,346,722,-376
108000055,520,184,336
108000056,858,869,-11
108000057,300,425,-125
108000058,1323,1235,88
108000059,2678,1342,1336
108000060,101,353,-252
108000061,195,521,-326
108000062,230,233,-3
108000063,272,501,-229
108000064,108,202,-94
108000065,293,498,-205
108000066,998,516,482
108000067,742,248,494
108000068,309,281,28
108000069,121,992,-871
108000070,679,429,250
108000071,354,1753,-1399
108000072,682,503,179
108000073,964,1618,-654
108000074,159,253,-94
108000075,217,717,-500
108000076,281,244,37
108000077,511,720,-209
108000078,958,836,122
108000079,727,1476,-749
108000080,442,360,82
108000081,297,2289,-1992
108000082,630,1255,-625
108000083,619,386,233
108000084,260,1044,-784
108000085,260,183,77
108000086,613,652,-39
108000087,72,790,-718
108000088,284,76,208
108000089,136,219,-83
108000091,112,513,-401
108000092,52,54,-2
108000093,63,640,-577
108000094,250,84,166
108000095,76,366,-290
108000096,104,145,-41
108000097,73,419,-346
108000098,448,934,-486
108000099,538,288,250
108000100,35,267,-232
108000101,477,482,-5
108000102,727,1221,-494
108000106,434,0,434
108000107,0,481,-481
108000108,250,12,238
108000109,5,583,-578
108000110,105,180,-75
108000111,77,551,-474
108000112,27,80,-53
108000113,489,216,273
108000115,394,257,137
108000117,483,169,314
108000118,238,495,-257
108000119,653,419,234
108000120,74,342,-268
108000121,156,458,-302
108000122,126,206,-80
108000123,233,207,26
108000124,116,428,-312
108000125,60,330,-270
108000126,75,574,-499
108000127,98,385,-287
108000128,143,627,-484
108000129,106,1457,-1351
108000130,122,323,-201
108000131,413,127,286
108000132,1054,968,86
108000133,313,244,69
108000134,419,698,-279
108000135,349,184,165
108000136,613,949,-336
108000137,128,303,-175
108000138,135,920,-785
108000139,71,317,-246
108000140,11,15,-4
108000141,12,151,-139
108000142,24,129,-105
108000143,10,522,-512
108000144,74,55,19
108000145,15,23,-8
108000146,126,20,106
108000147,4,45,-41
108000148,75,27,48
108000149,15,14,1
108000150,10,2,8
108000151,281,54,227
108000152,47,454,-407
108000153,99,73,26
108000154,21,10,11
108000155,26,10,16
108000156,536,293,243
108000157,53,276,-223
108000158,52,266,-214
108000159,527,105,422
108000160,4243,431,3812
108000161,3214,692,2522
108000165,2,87,-85
108000172,0,89,-89
108000173,2142,621,1521
108000175,157,55,102
108000178,311,309,2
108000179,163,391,-228
108000181,38,30,8
108000182,279,50,229
108000183,61,389,-328
108000184,773,782,-9
108000185,46,481,-435
108000186,58,456,-398
108000187,33,663,-630
108000188,106,172,-66
108000189,1310,1693,-383
108000190,15,85,-70
108000192,41,544,-503
108000193,404,9,395
108000194,11,10,1
108000195,2,932,-930
108000196,55,79,-24
108000198,294,312,-18
108000199,0,86,-86
108000200,92,532,-440
108000203,42,757,-715
108000204,33,19,14
108000205,348,367,-19
108000339,926,188,738
108000364,365,297,68
108000365,42,309,-267
108000367,67,241,-174
108000368,1,30,-29
108000369,876,56,820
108000371,19,557,-538
108000372,230,2,228
108000373,82,145,-63
108000376,51,19,32
108000377,188,258,-70
108000378,6160,4550,1610
108000379,18,85,-67
108000381,28,14,14
108000382,75,3,72
108000383,0,130,-130
108900001,65,894,-829
108900002,93,22,71
108900003,245,827,-582
108900004,729,162,567
108900007,47,81,-34
108900008,24,82,-58
108900009,14,65,-51
108900010,47,99,-52
108900011,142,224,-82
108900012,76,353,-277
108900013,36,179,-143
108900014,1,61,-60
108900015,0,11,-11
108900016,0,161,-161
108900017,75,129,-54
108900018,34,416,-382
108900019,10,860,-850
108900020,7,226,-219
108900021,26,220,-194
108900022,22,7,15
108900023,1,27,-26
108900024,8,132,-124
108900025,26,80,-54
108900026,8,68,-60
108900027,1,83,-82
108900028,20,419,-399
108900029,24,181,-157
108900030,0,107,-107
108900031,25,539,-514
108900032,1,125,-124
108900033,0,40,-40
108900034,0,251,-251
108900035,114,1676,-1562
108900038,1,379,-378
108900039,1,525,-524
108900040,2,93,-91
108900041,3983,1142,2841
108900042,4,138,-134
108900043,15,349,-334
108900044,0,619,-619
108900045,12,593,-581
108900046,30,861,-831
108900047,0,67,-67
108900048,66,831,-765
108900049,4002,371,3631
108900050,2,257,-255
108900051,2,164,-162
108900052,20,217,-197
108900053,37,59,-22
108900054,18,178,-160
108900055,40,352,-312
108900056,2,143,-141
108900057,2,119,-117
108900058,8,359,-351
108900059,120,7,113
108900060,9,61,-52
108900061,22,10,12
108900062,3,299,-296
108900063,1,310,-309
108900064,33,56,-23
108900065,3,251,-248
108900066,72,60,12
108900067,11,166,-155
108900068,1,239,-238
108900069,11,110,-99
108900070,19,128,-109
108900071,11,42,-31
108900072,1725,144,1581
108900073,7,481,-474
108900074,21,397,-376
108900075,40,73,-33
108900076,72,39,33
108900077,117,582,-465
108900078,5,164,-159
108900079,631,162,469
108900080,8,170,-162
108900081,47,199,-152
108900082,13,90,-77
108900083,9,84,-75
108900085,1679,80,1599
108900086,20,311,-291
108900087,52,124,-72
108900088,307,126,181
108900089,4,59,-55
108900090,16,368,-352
108900091,68,69,-1
108900092,157,120,37
108900093,23,30,-7
108900094,87,35,52
108900095,34,549,-515
108900096,385,18,367
108900097,134,149,-15
108900098,2373,174,2199
108900099,126,244,-118
108900100,21,106,-85
108900101,54,28,26
108900102,69,299,-230
108900103,22,31,-9
108900105,5,286,-281
108900106,125,432,-307
108900108,118,16,102
108900109,94,20,74
108900110,36,403,-367
108900111,91,515,-424
108900113,30,9,21
108900114,19,8,11
108900115,18,26,-8
108900116,12,5,7
108900117,19,6,13
108900118,118,4,114
108900119,57,32,25
108900120,133,49,84
108900121,83,24,59
108900122,16,12,4
108900123,25,18,7
108900124,143,42,101
108900125,60,1,59
108900126,29,7,22
108900127,26,13,13
108900128,30,5,25
108900129,221,34,187
108900130,91,3,88
108900131,80,1,79
108900132,89,32,57
108900133,41,24,17
108900134,75,193,-118
108900135,20,1,19
108900136,3,0,3
108900137,37,0,37
108900138,151,14,137
108900140,36,184,-148
108900141,65,6,59
108900142,25,2,23
108900143,6,0,6
108900144,13,0,13
108900145,38,3,35
108900146,15,0,15
108900147,45,1,44
108900148,56,20,36
108900150,89,2,87
108900151,20,0,20
108900152,32,14,18
108900153,57,445,-388
108900154,1583,224,1359
108900156,19,4,15
108900157,1,433,-432
108900158,91,67,24
108900159,4,231,-227
108900160,3,229,-226
108900161,1,362,-361
108900162,16,0,16
108900163,20,58,-38
108900164,22,62,-40
108900168,8500,977,7523
108900169,24,104,-80
108900171,5558,888,4670
108900172,127,20,107
108900173,124,252,-128
108900174,171,299,-128
108900176,40,456,-416
108900177,6859,1186,5673
108900178,4132,906,3226
108900180,28,93,-65
108900183,134,158,-24
108900184,91,94,-3
108900185,27,238,-211
108900186,21,219,-198
108900189,72,60,12
108900190,31,2291,-2260
108900192,14,226,-212
108900195,53,241,-188
108900196,4,478,-474
108900199,53,226,-173
108900200,197,232,-35
108900201,168,743,-575
108900203,124,9,115
108900204,97,4,93
108900205,76,6,70
108900206,84,14,70
108900207,73,34,39
108900208,15,275,-260
108900209,148,464,-316
108900210,81,129,-48
108900211,63,131,-68
108900212,442,394,48
108900215,69,570,-501
108900216,271,44,227
108900217,18,0,18
108900218,34,7,27
108900221,35,24,11
108900224,15,65,-50
108900225,0,123,-123
108900227,42,49,-7
108900230,319,210,109
108900232,2,407,-405
108900233,74,26,48
108900234,142,38,104
108900235,76,499,-423
108900236,15,273,-258
108900240,36,45,-9
108900241,8,6,2
108900245,2,262,-260
108900250,64,56,8
108900258,14,234,-220
108900259,23,69,-46
108900260,3,111,-108
108900261,93,141,-48
108900262,230,91,139
108900263,53,221,-168
108900264,213,155,58
108900265,1160,131,1029
108900266,962,143,819
108900267,1,40,-39
108900268,5,0,5
108900269,18,5,13
108900270,32,4,28
108900271,6,2,4
108900272,41,4,37
108900273,741,198,543
108900274,24,35,-11
109000001,2127,723,1404
109000002,2489,1104,1385
109000003,1336,381,955
109000004,404,1957,-1553
109000005,1061,553,508
109000006,407,1775,-1368
109000007,467,527,-60
109000008,297,1665,-1368
109000009,1929,714,1215
109000010,1041,3056,-2015
109000011,1146,1000,146
109000012,768,2333,-1565
109000013,1401,1088,313
109000014,914,3226,-2312
109000015,2175,2441,-266
109000016,6579,3141,3438
109000017,1090,757,333
109000018,2117,3899,-1782
109000019,1359,718,641
109000020,899,1832,-933
109000023,136,11,125
109000024,2,150,-148
109000025,242,203,39
109000026,474,225,249
109000027,48,158,-110
109000028,80,51,29
109000029,88,74,14
109000030,96,354,-258
109000031,75,52,23
109000032,111,1009,-898
109000033,124,55,69
109000034,36,21,15
109000035,3,13,-10
109000036,40,342,-302
109000037,121,423,-302
109000038,307,213,94
109000039,359,218,141
109000040,3383,1705,1678
109000041,4113,682,3431
109000042,710,733,-23
109000044,147,117,30
109000045,80,328,-248
109000046,87,50,37
109000047,43,326,-283
109000048,697,226,471
109000049,128,361,-233
109000050,312,329,-17
109000051,204,198,6
109000052,192,1303,-1111
109000053,248,157,91
109000054,61,460,-399
109000055,61,115,-54
109000056,86,408,-322
109000057,134,142,-8
109000058,894,310,584
109000059,435,658,-223
109000060,463,143,320
109000061,1128,270,858
109000062,52,111,-59
109000063,140,189,-49
109000064,30,105,-75
109000065,38,284,-246
109000066,153,75,78
109000067,18,312,-294
109000068,144,1,143
109000069,281,5,276
109000070,3,655,-652
109000071,187,40,147
109000072,91,450,-359
109000073,20,35,-15
109000074,16,198,-182
109000075,45,336,-291
109000076,72,122,-50
109000077,252,266,-14
109000078,15,62,-47
109000079,103,193,-90
109000080,69,90,-21
109000081,37,534,-497
109000082,163,246,-83
109000083,120,654,-534
109000088,68,327,-259
109000089,78,13,65
109000090,79,361,-282
109000091,157,59,98
109000092,173,506,-333
109000093,73,69,4
109000094,82,1,81
109000095,57,589,-532
109000096,208,99,109
109000097,48,86,-38
109000098,31,54,-23
109000099,406,230,176
109000100,126,436,-310
109000101,390,571,-181
109000102,189,623,-434
109000103,248,540,-292
109000104,482,425,57
109000105,222,1122,-900
109000106,744,365,379
109000107,255,1532,-1277
109000108,635,306,329
109000109,291,1544,-1253
109000110,552,272,280
109000111,804,2375,-1571
109000112,194,84,110
109000113,82,106,-24
109000114,60,201,-141
109000115,606,93,513
109000116,6,313,-307
109000117,41,84,-43
109000118,5,247,-242
109000119,254,270,-16
109000120,68,844,-776
109000121,104,85,19
109000122,46,965,-919
109000123,11,196,-185
109000124,213,300,-87
109000125,247,255,-8
109000126,190,764,-574
109000127,353,173,180
109000128,271,1859,-1588
109000129,599,218,381
109000130,482,2822,-2340
109000131,462,266,196
109000132,543,2009,-1466
109000133,193,730,-537
109000134,448,1105,-657
109000135,582,960,-378
109000136,123,348,-225
109000137,84,189,-105
109000138,177,374,-197
109000139,156,311,-155
109000140,68,665,-597
109000141,182,339,-157
109000142,90,364,-274
109000143,45,41,4
109000145,49,150,-101
109000146,91,68,23
109000148,2898,393,2505
109000149,25,24,1
109000150,99,90,9
109000155,165,368,-203
109000156,812,631,181
109000158,9,191,-182
109000159,25,521,-496
109000160,284,236,48
109000161,112,1159,-1047
109000162,712,719,-7
109000163,408,1276,-868
109000164,669,2007,-1338
109000165,533,553,-20
109000166,232,87,145
109000167,50,689,-639
109000170,29,16,13
109000171,33,24,9
109000172,42,51,-9
109000173,11,16,-5
109000174,36,64,-28
109000175,39,378,-339
109000176,89,227,-138
109000177,12,71,-59
109000178,173,366,-193
109000179,5148,1428,3720
109000180,3413,1620,1793
109000181,3,22,-19
109000182,11,33,-22
109000183,19,26,-7
109000184,3,10,-7
109000185,9,57,-48
109000188,257,2123,-1866
109000189,947,578,369
109000190,261,420,-159
109000191,197,555,-358
109000192,115,158,-43
109000193,84,329,-245
109000194,38,85,-47
109000195,31,354,-323
109000196,75,58,17
109000197,79,458,-379
109000198,109,26,83
109000199,44,434,-390
109000206,61,18,43
109000207,41,16,25
109000208,58,27,31
109000209,82,75,7
109000210,117,434,-317
109000211,151,256,-105
109000214,170,1178,-1008
109000215,56,49,7
109000216,129,76,53
109000217,81,26,55
109000218,159,54,105
109000221,124,972,-848
109000222,434,47,387
109000223,101,143,-42
109000224,23,310,-287
109000225,53,41,12
109000226,18,235,-217
109000227,387,1078,-691
109000228,3,187,-184
109000231,3,332,-329
109000232,79,432,-353
109000236,83,623,-540
109000241,880,1345,-465
109000242,651,890,-239
109000293,18,79,-61
109000361,54,216,-162
109000364,66,407,-341
109000396,0,684,-684
109000397,148,2,146
109000399,123,406,-283
109000400,49,293,-244
109000403,32,271,-239
109000406,207,12,195
109000407,70,193,-123
109000408,2,675,-673
109000410,342,118,224
109000411,38,23,15
109900001,35,0,35
109900002,217,15,202
109900003,38,0,38
109900004,42,29,13
109900005,10,0,10
109900006,124,190,-66
109900007,177,706,-529
109900008,0,27,-27
109900009,61,746,-685
109900010,142,9,133
109900011,24,23,1
109900012,74,91,-17
109900013,102,41,61
109900014,73,14,59
109900015,181,53,128
109900016,23,36,-13
109900017,37,40,-3
109900018,48,87,-39
109900019,33,34,-1
109900020,7,32,-25
109900021,8,10,-2
109900022,76,292,-216
109900023,8,1,7
109900024,6,1,5
109900025,4,46,-42
109900026,0,10,-10
109900027,23,12,11
109900028,2011,234,1777
109900029,4,376,-372
109900030,10,2,8
109900031,2,47,-45
109900032,4,207,-203
109900033,1,381,-380
109900034,6,1,5
109900035,8,10,-2
109900036,6,83,-77
109900037,7,467,-460
109900038,18,193,-175
109900039,6,0,6
109900040,11,565,-554
109900041,23,376,-353
109900042,4,310,-306
109900044,64,259,-195
109900045,58,21,37
109900046,34,71,-37
109900047,168,221,-53
109900048,0,50,-50
109900049,4,13,-9
109900050,0,247,-247
109900051,0,17,-17
109900052,20,148,-128
109900053,1,422,-421
109900054,163,62,101
109900055,6,203,-197
109900056,12,61,-49
109900057,3,212,-209
109900058,0,114,-114
109900059,10,5,5
109900060,149,109,40
109900061,52,171,-119
109900062,1,234,-233
109900063,0,21,-21
109900064,126,224,-98
109900065,69,59,10
109900066,137,758,-621
109900067,0,424,-424
109900068,2,0,2
109900069,5,16,-11
109900070,2,23,-21
109900071,0,13,-13
109900072,8,64,-56
109900073,46,429,-383
109900074,3,26,-23
109900075,3,14,-11
109900076,9,409,-400
109900077,9,30,-21
109900078,40,211,-171
109900080,51,196,-145
109900081,12,66,-54
109900082,11,317,-306
109900083,3,25,-22
109900084,14,89,-75
109900085,81,892,-811
109900086,48,146,-98
109900087,160,195,-35
109900089,160,33,127
109900090,16,80,-64
109900091,2,3,-1
109900092,155,6,149
109900093,195,62,133
109900094,19,91,-72
109900095,49,144,-95
109900096,7,1,6
109900097,38,1,37
109900098,75,8,67
109900099,32,0,32
109900100,27,0,27
109900101,71,0,71
109900102,149,6,143
109900103,2,26,-24
109900104,103,939,-836
109900105,190,8,182
109900106,59,49,10
109900107,104,35,69
109900108,44,431,-387
109900109,11,115,-104
109900110,2,38,-36
109900111,100,806,-706
109900112,18,77,-59
109900113,16,11,5
109900114,324,211,113
109900115,37,31,6
109900117,201,51,150
109900118,8,34,-26
109900119,25,21,4
109900120,1,0,1
109900121,200,62,138
109900122,5,0,5
109900123,3,107,-104
109900124,4,75,-71
109900125,0,198,-198
109900126,30,125,-95
109900128,3,3,0
109900130,8485,658,7827
109900131,74,124,-50
109900132,31,147,-116
109900133,1,28,-27
109900134,25,41,-16
109900135,320,38,282
109900136,6,12,-6
109900137,25,308,-283
109900140,66,194,-128
109900142,19,17,2
109900145,0,7,-7
109900146,26,3,23
109900148,0,6,-6
109900149,18,25,-7
109900150,3,57,-54
109900151,2,20,-18
109900152,0,16,-16
109900153,0,23,-23
109900154,4,0,4
109900155,4,3,1
109900157,20,182,-162
109900158,6,11,-5
109900159,31,26,5
109900160,3,2,1
109900161,110,20,90
109900162,57,20,37
109900163,352,145,207
109900164,26,179,-153
109900165,39,6,33
109900166,1,146,-145
109900167,75,369,-294
109900168,74,431,-357
109900169,31,104,-73
109900170,171,263,-92
109900171,47,41,6
109900172,52,150,-98
109900173,3173,557,2616
109900174,26,117,-91
109900175,13,36,-23
109900176,44,124,-80
109900177,13,216,-203
109900178,1,79,-78
109900179,0,19,-19
109900180,2,8,-6
110000001,523,411,112
110000002,431,344,87
110000003,668,483,185
110000004,373,326,47
110000005,551,797,-246
110000006,556,264,292
110000007,65,139,-74
110000008,18,47,-29
110000009,8,43,-35
110000010,17,31,-14
110000011,15,65,-50
110000012,479,306,173
110000013,27,265,-238
110000014,570,348,222
110000015,291,302,-11
110000016,274,647,-373
110000017,3092,155,2937
110000018,2769,327,2442
110000019,13,84,-71
110000020,384,126,258
110000021,323,213,110
110000022,344,67,277
110000023,7,145,-138
110000024,350,260,90
110000025,64,0,64
110000026,1,506,-505
110000027,272,247,25
110000028,412,424,-12
110000029,314,736,-422
110000030,128,236,-108
110000031,105,407,-302
110000032,393,272,121
110000033,56,64,-8
110000034,104,518,-414
110000035,196,832,-636
110000036,239,462,-223
110000037,93,509,-416
110000038,126,368,-242
110000039,401,853,-452
110000040,155,325,-170
110000041,94,564,-470
110000042,65,199,-134
110000043,278,173,105
110000044,52,42,10
110000045,126,39,87
110000046,5,5,0
110000047,9,2,7
110000048,11,19,-8
110000049,15,3,12
110000050,6,28,-22
110000051,12,6,6
110000052,24,21,3
110000053,29,1,28
110000054,60,129,-69
110000055,173,47,126
110000056,187,42,145
110000057,211,662,-451
110000058,433,407,26
110000059,351,517,-166
110000060,309,538,-229
110000061,666,674,-8
110000062,574,513,61
110000063,17,74,-57
110000064,29,70,-41
110000065,30,30,0
110000066,48,28,20
110000067,35,218,-183
110000068,63,414,-351
110000069,41,76,-35
110000071,62,104,-42
110000073,1,19,-18
110000075,3,64,-61
110000076,180,95,85
110000077,332,230,102
110000078,2,30,-28
110000080,140,445,-305
110000081,13,174,-161
110000082,13,131,-118
110000083,124,415,-291
110000084,356,234,122
110000085,2218,965,1253
110000086,910,481,429
110000087,2,54,-52
110000088,19,154,-135
110000089,81,128,-47
110000090,32,218,-186
110000091,1358,207,1151
110000092,11,59,-48
110000093,22,4,18
110000094,308,196,112
110000095,62,276,-214
110000096,3117,1191,1926
110000097,603,603,0
110000098,981,305,676
110000099,687,935,-248
110000100,139,578,-439
110000101,11,463,-452
110000102,15,22,-7
110000104,64,57,7
110000105,34,215,-181
110000106,249,177,72
110000107,239,345,-106
110000108,100,25,75
110000109,165,205,-40
110000110,2977,1322,1655
110000111,5621,1131,4490
110000112,798,205,593
110000113,505,401,104
110000114,71,174,-103
110000115,127,222,-95
110000116,27,22,5
110000117,97,440,-343
110000118,126,190,-64
110000119,90,253,-163
110000120,148,128,20
110000121,33,147,-114
110000122,142,409,-267
110000123,209,237,-28
110000124,0,614,-614
110000125,490,2,488
110000126,86,14,72
110000127,289,19,270
110000128,11,1165,-1154
110000129,6,566,-560
110000130,73,63,10
110000131,78,423,-345
110000132,2,570,-568
110000133,33,181,-148
110000134,14,208,-194
110000135,138,14,124
110000136,24,199,-175
110000137,188,503,-315
110000138,223,665,-442
110000139,314,984,-670
110000140,463,178,285
110000143,500,226,274
110000144,2721,560,2161
110000145,800,431,369
110000146,905,406,499
110000147,137,435,-298
110000148,212,234,-22
110000151,544,377,167
110000152,532,187,345
110000153,11,86,-75
110000154,0,6,-6
110000155,767,1120,-353
110000156,442,767,-325
110000157,600,1007,-407
110000160,196,346,-150
110000161,120,324,-204
110000166,76,80,-4
110000167,324,299,25
110000168,398,174,224
110000169,212,186,26
110000170,64,28,36
110000171,261,130,131
110000172,96,507,-411
110000173,811,979,-168
110000174,21,1016,-995
110000175,174,36,138
110000176,15,140,-125
110000177,129,456,-327
110000178,252,393,-141
110000179,913,252,661
110000180,62,253,-191
110000181,116,240,-124
110000182,243,175,68
110000183,8404,3046,5358
110000184,329,1186,-857
110000185,446,475,-29
110000186,420,399,21
110000191,135,323,-188
110000192,114,0,114
110000193,149,1,148
110000194,5,956,-951
110000195,93,280,-187
110000196,77,332,-255
110000197,15,162,-147
110000198,34,38,-4
110000199,31,67,-36
110000200,818,444,374
110000201,221,312,-91
110000202,509,283,226
110000203,425,550,-125
110000204,0,219,-219
110000205,16,48,-32
110000206,269,1126,-857
110000207,238,214,24
110000208,27,90,-63
110000209,39,630,-591
110000210,260,406,-146
110000211,275,593,-318
110000212,200,617,-417
110000213,41,47,-6
110000214,63,94,-31
110000215,70,484,-414
110000216,25,514,-489
110000217,91,147,-56
110000218,46,311,-265
110000219,83,57,26
110000220,14,296,-282
110000221,105,40,65
110000222,17,247,-230
110000223,0,67,-67
110000224,96,5,91
110000225,118,360,-242
110000226,133,40,93
110000227,335,275,60
110000228,173,290,-117
110000229,0,183,-183
110000230,186,437,-251
110000231,69,133,-64
110000232,54,124,-70
110000233,99,175,-76
110000234,288,219,69
110000235,718,495,223
110000236,190,728,-538
110000237,661,778,-117
110000238,509,886,-377
110000239,718,965,-247
110000240,1,97,-96
110000242,0,11,-11
110000243,28,110,-82
110000244,76,242,-166
110000245,25,357,-332
110000246,191,497,-306
110000247,1151,2083,-932
110000248,1897,906,991
110000249,56,3,53
110000250,4,169,-165
110000251,47,261,-214
110000252,76,223,-147
110000253,556,264,292
110000254,460,888,-428
110000255,173,893,-720
110000256,260,129,131
110000257,533,329,204
110000258,4,350,-346
110000259,41,13,28
110000260,4,360,-356
110000263,484,56,428
110000264,114,462,-348
110000265,655,947,-292
110000266,1308,1251,57
110000267,12,125,-113
110000268,154,371,-217
110000269,0,89,-89
110000270,9,0,9
110000271,1772,178,1594
110000272,434,643,-209
110000273,1859,830,1029
110000274,103,607,-504
110000275,2175,347,1828
110000276,79,189,-110
110000277,92,275,-183
110000278,147,597,-450
110000279,419,528,-109
110000280,96,272,-176
110000281,14,82,-68
110000282,174,47,127
110000283,68,30,38
110000284,15,25,-10
110000285,3,92,-89
110000286,11,0,11
110000287,15,0,15
110000288,0,51,-51
110000289,262,797,-535
110000290,971,405,566
110000291,4517,953,3564
110000292,766,2222,-1456
110000293,177,752,-575
110000294,291,570,-279
110000295,49,611,-562
110000296,117,248,-131
110000297,1873,155,1718
110000298,298,346,-48
110000299,448,12,436
110000301,87,2,85
110000302,134,1020,-886
110000303,171,0,171
110000304,71,192,-121
110000305,293,10,283
110000306,67,1483,-1416
110000307,334,4,330
110000308,166,8,158
110000309,5,1056,-1051
110000310,252,45,207
110000311,13,711,-698
110000312,428,16,412
110000313,2272,1151,1121
110000314,5,177,-172
110000315,2240,1140,1100
110000316,435,914,-479
110000317,285,207,78
110000318,0,69,-69
110000319,7,9,-2
110000320,12,51,-39
110000321,5,27,-22
110000322,55,438,-383
110000323,115,202,-87
110000324,3804,831,2973
110000325,1510,1322,188
110000327,330,95,235
110000328,123,366,-243
110000333,351,299,52
110000334,283,1077,-794
110000335,551,364,187
110000336,211,1079,-868
110000337,368,348,20
110000338,92,187,-95
110000339,72,173,-101
110000340,9,133,-124
110000341,141,485,-344
110000342,227,2,225
110000343,1,13,-12
110000344,53,120,-67
110000345,66,40,26
110000346,1605,864,741
110000347,653,508,145
110000348,7,15,-8
110000349,9,25,-16
110000350,18,4,14
110000351,281,610,-329
110000352,213,974,-761
110000353,2395,553,1842
110000354,475,1090,-615
110000355,34,59,-25
110000356,250,6,244
110000357,154,11,143
110000361,1,94,-93
110000362,27,64,-37
110000363,122,89,33
110000364,64,263,-199
110000365,72,0,72
110000366,1,66,-65
110000367,221,217,4
110000368,1,50,-49
110000369,19,1,18
110000373,8,240,-232
110000374,16,2,14
110000375,92,465,-373
110000376,20,88,-68
110000377,47,240,-193
110000378,12,218,-206
110000379,2737,448,2289
110000380,7,5,2
110000383,1,518,-517
110000384,1985,344,1641
110000385,1,102,-101
110000387,25,10,15
110000388,15,180,-165
110000389,200,2,198
110000391,113,298,-185
110000396,50,121,-71
110000397,34,110,-76
110000398,2,19,-17
110000399,120,0,120
110000587,23,35,-12
110000589,85,98,-13
110000640,76,99,-23
110000652,6,101,-95
110000653,104,326,-222
110000654,3,23,-20
110000656,2,535,-533
110000674,12,8,4
110000675,1,5,-4
110000676,1,33,-32
110000679,434,245,189
110000682,80,75,5
110000683,226,310,-84
110000684,1,47,-46
110000685,6,2,4
110000686,0,16,-16
110000687,5,0,5
110000688,37,283,-246
110000689,32,42,-10
110000692,44,212,-168
110000693,63,139,-76
110000694,0,66,-66
110000695,90,488,-398
110000696,96,106,-10
110900001,39,2,37
110900002,106,173,-67
110900003,134,822,-688
110900004,71,156,-85
110900005,3102,637,2465
110900006,35,7,28
110900007,19,8,11
110900008,9,53,-44
110900009,113,24,89
110900010,10,41,-31
110900011,2,93,-91
110900012,3,114,-111
110900013,281,87,194
110900014,65,14,51
110900015,538,141,397
110900016,8,179,-171
110900017,104,43,61
110900018,170,25,145
110900019,43,12,31
110900020,17,403,-386
110900021,40,424,-384
110900022,40,295,-255
110900023,28,339,-311
110900024,12,397,-385
110900025,1,32,-31
110900027,3,230,-227
110900028,16,119,-103
110900029,13,300,-287
110900030,13,297,-284
110900031,81,125,-44
110900032,0,84,-84
110900033,15,297,-282
110900035,17,293,-276
110900036,40,11,29
110900037,25,9,16
110900038,893,114,779
110900039,7,178,-171
110900040,101,20,81
110900041,1,104,-103
110900042,18,38,-20
110900043,1,150,-149
110900044,167,20,147
110900045,27,532,-505
110900046,92,249,-157
110900047,583,50,533
110900049,16,12,4
110900050,6,0,6
110900051,21,104,-83
110900052,0,172,-172
110900053,24,23,1
110900054,7,236,-229
110900055,7,1,6
110900056,24,63,-39
110900057,3,207,-204
110900058,70,183,-113
110900059,261,555,-294
110900060,136,45,91
110900061,28,44,-16
110900062,26,226,-200
110900063,11,64,-53
110900064,7,0,7
110900065,264,73,191
110900066,2,39,-37
110900067,381,221,160
110900068,114,180,-66
110900069,0,18,-18
110900070,100,34,66
110900071,166,162,4
110900073,0,15,-15
110900074,114,51,63
110900075,92,28,64
110900077,138,262,-124
110900078,5,86,-81
110900079,1575,304,1271
110900080,40,32,8
110900081,0,118,-118
110900082,23,159,-136
110900083,48,15,33
110900084,17,142,-125
110900085,10,245,-235
110900086,34,78,-44
110900087,81,58,23
110900088,13,0,13
110900090,7,13,-6
110900091,0,55,-55
110900093,86,30,56
110900095,23,19,4
110900097,5,12,-7
110900098,12,82,-70
110900099,34,414,-380
110900100,0,21,-21
110900102,4,15,-11
110900105,342,278,64
110900108,8,78,-70
110900111,142,47,95
110900112,216,1,215
110900113,299,19,280
110900115,4,94,-90
110900116,136,1968,-1832
110900118,98,649,-551
110900119,4565,131,4434
110900120,2,109,-107
110900121,20,0,20
110900122,84,113,-29
110900125,103,130,-27
110900127,373,364,9
110900128,277,168,109
110900129,149,100,49
110900130,669,161,508
110900131,34,20,14
110900132,96,12,84
110900133,11,213,-202
110900135,33,343,-310
110900136,92,6,86
110900138,0,1,-1
110900139,17,0,17
110900140,7,0,7
110900141,135,103,32
110900142,16,163,-147
110900143,31,69,-38
110900144,2,458,-456
110900145,45,10,35
110900146,194,24,170
110900147,83,142,-59
110900148,0,180,-180
110900149,0,43,-43
110900150,11,12,-1
110900151,0,44,-44
110900152,12,364,-352
110900153,31,12,19
111000001,148,383,-235
111000002,536,547,-11
111000003,357,315,42
111000004,345,973,-628
111000005,539,555,-16
111000006,524,1227,-703
111000007,2701,1164,1537
111000008,2722,2590,132
111000009,211,663,-452
111000010,368,209,159
111000011,299,710,-411
111000012,502,226,276
111000013,190,1178,-988
111000014,724,474,250
111000017,71,380,-309
111000018,99,280,-181
111000020,1621,1487,134
111000021,65,116,-51
111000023,74,110,-36
111000025,4976,1249,3727
111000029,26,56,-30
111000030,35,52,-17
111000031,1514,396,1118
111000032,414,154,260
111000033,228,95,133
111000034,187,159,28
111000037,2024,841,1183
111000038,2338,1850,488
111000039,818,1676,-858
111000040,1012,1932,-920
111000041,1382,1208,174
111000042,4858,2114,2744
111000043,1363,1094,269
111000044,798,460,338
111000045,787,1008,-221
111000046,502,848,-346
111000047,985,1496,-511
111000049,306,443,-137
111000050,1293,1466,-173
111000051,371,993,-622
111000052,364,1085,-721
111000053,279,910,-631
111000054,201,868,-667
111000055,810,1645,-835
111000056,82,626,-544
111000057,32,718,-686
111000058,173,128,45
111000059,130,242,-112
111000060,1720,754,966
111000061,208,273,-65
111000062,348,165,183
111000063,971,590,381
111000064,298,399,-101
111000065,603,485,118
111000066,167,166,1
111000067,192,562,-370
111000068,142,459,-317
111000069,1114,1408,-294
111000070,1936,1123,813
111000071,219,602,-383
111000072,390,256,134
111000073,139,432,-293
111000074,860,817,43
111000075,352,476,-124
111000076,244,580,-336
111000077,715,1042,-327
111000078,1221,785,436
111000079,888,582,306
111000080,222,467,-245
111000081,1724,2098,-374
111000082,333,537,-204
111000084,414,438,-24
111000085,590,1346,-756
111000086,2236,1212,1024
111000087,598,716,-118
111000088,4633,1227,3406
111000089,296,797,-501
111000090,896,1170,-274
111000091,474,687,-213
111000092,541,1076,-535
111000093,219,643,-424
111000094,741,684,57
111000095,503,1149,-646
111000096,2063,3555,-1492
111000097,4247,838,3409
111000098,310,1053,-743
111000099,236,2193,-1957
111000100,138,2090,-1952
111000101,237,671,-434
111000102,55,596,-541
111000104,126,109,17
111000107,32,546,-514
111000109,98,133,-35
111000110,409,434,-25
111000111,535,384,151
111000112,783,219,564
111000113,442,370,72
111000114,1060,762,298
111000115,5898,456,5442
111000116,613,499,114
111000117,404,504,-100
111000118,1026,720,306
111000119,582,1406,-824
111000120,241,405,-164
111000121,140,385,-245
111000122,252,766,-514
111000123,482,2793,-2311
111000124,245,3371,-3126
111000125,115,2037,-1922
111000126,53,911,-858
111000127,312,173,139
111000128,515,226,289
111000129,717,354,363
111000130,650,445,205
111000131,440,424,16
111000132,309,335,-26
111000133,71,123,-52
111000134,60,109,-49
111000135,15,79,-64
111000136,144,174,-30
111000138,6,6,0
111000140,3,4,-1
111000141,100,161,-61
111000142,19,146,-127
111000143,2,78,-76
111000144,7,76,-69
111000145,164,6,158
111000146,19,4,15
111000147,229,9,220
111000148,73,35,38
111000149,1,20,-19
111000150,7,7,0
111000151,3,13,-10
111000153,435,347,88
111000154,643,150,493
111000155,69,111,-42
111000156,332,225,107
111000157,107,344,-237
111000158,638,410,228
111000159,1975,510,1465
111000160,141,402,-261
111000161,13,199,-186
111000162,4,126,-122
111000163,234,576,-342
111000164,707,1651,-944
111000165,1034,339,695
111000166,879,226,653
111000167,145,412,-267
111000168,151,306,-155
111000169,230,449,-219
111000170,403,331,72
111000171,289,757,-468
111000172,80,534,-454
111000173,124,1259,-1135
111000174,50,407,-357
111000175,16,217,-201
111000176,67,182,-115
111000177,94,249,-155
111000178,350,324,26
111000179,74,184,-110
111000180,108,309,-201
111000181,293,246,47
111000182,72,156,-84
111000183,116,195,-79
111000184,200,199,1
111000185,183,475,-292
111000186,114,306,-192
111000187,76,241,-165
111000188,106,432,-326
111000189,1351,504,847
111000190,98,521,-423
111000191,90,353,-263
111000192,105,592,-487
111000193,307,323,-16
111000194,14,366,-352
111000195,78,361,-283
111000196,17,324,-307
111000197,137,165,-28
111000198,256,98,158
111000199,38,118,-80
111000200,78,236,-158
111000201,156,151,5
111000202,121,162,-41
111000203,111,130,-19
111000204,193,247,-54
111000213,126,279,-153
111000214,820,1416,-596
111000215,552,1188,-636
111000217,542,626,-84
111000218,499,658,-159
111000219,317,195,122
111000220,2237,335,1902
111000221,483,93,390
111000224,114,301,-187
111000225,168,109,59
111000226,95,0,95
111000227,42,5,37
111000228,5,110,-105
111000229,10,212,-202
111000230,94,428,-334
111000231,239,1111,-872
111000232,121,667,-546
111000233,193,588,-395
111000234,27,131,-104
111000239,102,131,-29
111000240,6,39,-33
111000241,18,365,-347
111000242,31,29,2
111000243,32,701,-669
111000244,78,60,18
111000245,241,498,-257
111000246,115,539,-424
111000247,70,963,-893
111000248,162,277,-115
111000249,222,733,-511
111000250,15,92,-77
111000251,33,128,-95
111000253,5,4,1
111000255,8,3,5
111000257,16,13,3
111000260,19,785,-766
111000261,241,50,191
111000271,30,300,-270
111000273,4895,1290,3605
111000274,813,1239,-426
111000275,51,77,-26
111000276,200,1908,-1708
111000277,65,339,-274
111000278,306,215,91
111000291,376,1527,-1151
111000298,164,182,-18
111000299,357,60,297
111000300,41,466,-425
111000302,105,54,51
111000303,44,177,-133
111000312,32,36,-4
111000315,24,178,-154
111000320,188,501,-313
111000321,122,30,92
111000322,85,447,-362
111000323,59,14,45
111000324,219,197,22
111000325,8,53,-45
111000326,35,311,-276
111000327,175,548,-373
111000328,131,315,-184
111000329,3,13,-10
111000330,35,11,24
111000331,12,3,9
111000332,174,778,-604
111000334,240,1358,-1118
111000335,169,79,90
111000337,187,301,-114
111000338,3,78,-75
111000339,88,426,-338
111000340,60,665,-605
111000341,420,138,282
111000342,62,173,-111
111000344,362,481,-119
111000345,270,39,231
111000346,27,61,-34
111000347,27,1,26
111000350,130,107,23
111000351,55,193,-138
111000352,73,59,14
111000353,21,170,-149
111000354,109,79,30
111000355,103,466,-363
111000358,62,1459,-1397
111000360,47,687,-640
111000361,59,307,-248
111000546,154,443,-289
111000547,110,430,-320
111000548,51,107,-56
111000549,73,288,-215
111000550,47,196,-149
111000551,417,86,331
111000552,355,40,315
111000907,148,15,133
111000908,8,0,8
111000916,420,146,274
111000917,24,328,-304
111000918,46,811,-765
111000920,151,14,137
111000921,0,303,-303
111000922,107,195,-88
111000924,18,701,-683
111000925,876,1188,-312
111000926,667,2281,-1614
111000927,1921,1962,-41
111000928,4517,2840,1677
111000929,511,629,-118
111000930,328,1844,-1516
111000931,731,994,-263
111000932,2567,1850,717
111000933,2063,1027,1036
111000934,1686,2114,-428
111000935,535,658,-123
111000936,523,1890,-1367
111000937,508,732,-224
111000938,1162,2126,-964
111000939,128,52,76
111000940,161,169,-8
111000941,62,418,-356
111000943,144,220,-76
111000944,53,551,-498
111000945,35,2023,-1988
111001109,184,70,114
111001110,169,637,-468
111001111,8,3,5
111001112,73,3,70
111001113,9,79,-70
111001114,1066,36,1030
111001115,103,247,-144
111001116,4004,962,3042
111001117,472,505,-33
111001120,61,256,-195
111001121,74,346,-272
111001122,126,600,-474
111001123,59,115,-56
111001124,41,359,-318
111001125,2,28,-26
111001126,0,2,-2
111001127,0,53,-53
111001128,135,434,-299
111900001,7,175,-168
111900002,4,453,-449
111900003,1,264,-263
111900004,10,72,-62
111900006,3,9,-6
111900007,20,3,17
111900008,27,0,27
111900009,16,1,15
111900010,127,466,-339
111900012,62,62,0
111900013,1,39,-38
111900014,6370,977,5393
111900015,0,66,-66
111900016,2,162,-160
111900017,0,117,-117
111900018,46,0,46
111900019,1,68,-67
111900020,2,34,-32
111900021,5,37,-32
111900022,11,44,-33
111900023,105,39,66
111900024,4,78,-74
111900025,0,31,-31
111900026,1,63,-62
111900027,3,181,-178
111900028,4,436,-432
111900029,3,102,-99
111900030,47,259,-212
111900031,0,6,-6
111900032,6,362,-356
111900033,3,101,-98
111900034,123,482,-359
111900035,2,155,-153
111900036,3,318,-315
111900038,208,458,-250
111900039,26,290,-264
111900040,2,710,-708
111900042,27,65,-38
111900043,5,400,-395
111900044,166,199,-33
111900046,81,200,-119
111900048,32,850,-818
111900049,9,261,-252
111900050,31,4,27
111900051,0,240,-240
111900052,291,496,-205
111900053,1127,202,925
111900054,32,1,31
111900055,9,475,-466
111900056,106,49,57
111900057,20,52,-32
111900058,65,709,-644
111900059,1854,176,1678
111900060,89,0,89
111900061,3,215,-212
111900062,4,27,-23
111900063,101,149,-48
111900064,118,195,-77
111900065,15,11,4
111900066,50,84,-34
111900067,2,225,-223
111900068,7,4,3
111900069,23,7,16
111900070,23,131,-108
111900071,0,213,-213
111900072,9,6,3
111900073,129,26,103
111900074,3,134,-131
111900075,13,2,11
111900076,30,7,23
111900077,23,2,21
111900078,83,4,79
111900079,9,9,0
111900080,162,49,113
111900082,22,7,15
111900083,14,1,13
111900084,37,2,35
111900085,22,19,3
111900086,28,3,25
111900087,13,0,13
111900088,85,2,83
111900089,22,0,22
111900090,48,3,45
111900091,44,0,44
111900092,15,0,15
111900093,62,0,62
111900094,16,0,16
111900095,46,2,44
111900096,58,0,58
111900097,5,0,5
111900098,38,0,38
111900099,5,0,5
111900100,14,2,12
111900101,21,10,11
111900102,73,610,-537
111900103,38,31,7
111900104,34,50,-16
111900105,102,76,26
111900106,967,26,941
111900110,2454,154,2300
111900111,12,162,-150
111900112,471,454,17
111900113,267,49,218
111900118,93,19,74
111900119,112,26,86
111900122,50,24,26
111900123,5,5,0
111900124,17,104,-87
111900125,86,4,82
111900126,52,1,51
111900127,0,526,-526
111900128,1,591,-590
111900129,57,3,54
111900130,15,4,11
111900131,75,0,75
111900132,26,1017,-991
111900133,2,190,-188
111900134,19,294,-275
111900135,1,7,-6
111900136,42,42,0
111900137,41,14,27
111900138,17,56,-39
111900139,10,118,-108
111900140,19,4,15
111900141,16,6,10
111900142,36,20,16
111900143,2,157,-155
111900144,1,111,-110
111900145,4,571,-567
111900146,3,323,-320
111900147,104,382,-278
111900148,27,778,-751
111900149,7,394,-387
111900150,8,138,-130
111900151,2,26,-24
111900152,56,20,36
111900153,1446,174,1272
111900154,4,74,-70
111900155,19,25,-6
111900156,16,23,-7
111900157,28,5,23
111900158,91,8,83
111900159,50,9,41
111900160,45,0,45
111900161,19,4,15
111900162,71,50,21
111900163,16,170,-154
111900164,36,12,24
111901113,78,239,-161
111901114,25,316,-291
111901115,4,0,4
111901116,6,1,5
111901117,7,1,6
111901118,69,21,48
111901119,997,48,949
111901121,155,232,-77
111901122,2,477,-475
111901123,36,359,-323
111901124,38,0,38
111901125,81,127,-46
111901127,659,76,583
111901128,9,58,-49
111901129,3,89,-86
111901130,3,175,-172
111901131,0,239,-239
111901132,48,2,46
111901133,10,0,10
111901134,12,3,9
111901135,3,1,2
111901136,1,5,-4
111901138,29,28,1
111901139,8,40,-32
111901140,3,102,-99
111901141,6,217,-211
111901142,6,130,-124
111901143,0,116,-116
111901144,30,15,15
111901145,181,81,100
111901146,103,5,98
111901147,1067,50,1017
111901148,5,17,-12
111901149,0,0,0
111901150,3,0,3
111901151,0,0,0
112000001,821,548,273
112000002,497,1854,-1357
112000003,326,549,-223
112000004,309,1156,-847
112000005,986,886,100
112000006,864,1335,-471
112000007,932,838,94
112000008,1498,2312,-814
112000009,3265,2678,587
112000010,1356,1669,-313
112000011,1467,1888,-421
112000012,3483,1295,2188
112000013,3872,2201,1671
112000014,1412,651,761
112000015,1622,1525,97
112000016,1986,676,1310
112000017,1006,951,55
112000024,1273,381,892
112000026,3657,3958,-301
112000027,438,309,129
112000028,1473,1396,77
112000029,173,314,-141
112000030,146,67,79
112000031,818,1368,-550
112000032,375,36,339
112000033,1198,585,613
112000034,161,21,140
112000035,58,159,-101
112000036,434,361,73
112000037,475,683,-208
112000038,463,662,-199
112000039,34,94,-60
112000040,90,239,-149
112000041,419,413,6
112000042,640,179,461
112000050,427,897,-470
112000051,306,483,-177
112000054,1182,1888,-706
112000057,400,176,224
112000058,220,253,-33
112000059,489,267,222
112000061,4676,976,3700
112000062,1873,295,1578
112000063,1364,455,909
112000064,4441,4635,-194
112000065,2134,2124,10
112000066,2122,619,1503
112000067,619,524,95
112000068,1317,675,642
112000069,543,1639,-1096
112000070,944,342,602
112000071,400,2425,-2025
112000072,480,602,-122
112000073,855,1338,-483
112000074,646,544,102
112000075,544,692,-148
112000076,2221,2258,-37
112000077,275,539,-264
112000078,547,565,-18
112000079,678,1104,-426
112000080,278,762,-484
112000081,679,1386,-707
112000082,630,434,196
112000083,306,1235,-929
112000084,517,555,-38
112000085,532,1119,-587
112000086,665,1373,-708
112000087,108,760,-652
112000088,180,618,-438
112000089,125,281,-156
112000090,118,358,-240
112000091,396,978,-582
112000092,619,553,66
112000093,1036,913,123
112000094,253,598,-345
112000095,312,584,-272
112000096,185,525,-340
112000097,352,313,39
112000098,329,1150,-821
112000099,359,302,57
112000100,567,637,-70
112000101,226,653,-427
112000102,341,396,-55
112000103,143,1017,-874
112000105,315,1832,-1517
112000106,565,306,259
112000107,27,94,-67
112000108,157,1476,-1319
112000109,74,77,-3
112000110,691,328,363
112000111,782,3234,-2452
112000112,1467,308,1159
112000113,645,1857,-1212
112000114,783,542,241
112000115,138,487,-349
112000116,92,696,-604
112000117,255,444,-189
112000118,495,671,-176
112000119,233,822,-589
112000120,83,285,-202
112000121,40,564,-524
112000122,132,113,19
112000123,247,105,142
112000124,137,45,92
112000125,61,93,-32
112000126,84,567,-483
112000127,1506,722,784
112000128,866,289,577
112000129,51,123,-72
112000130,38,47,-9
112000131,9,332,-323
112000132,35,344,-309
112000133,115,182,-67
112000134,197,328,-131
112000135,319,428,-109
112000136,464,1064,-600
112000137,487,827,-340
112000138,798,1004,-206
112000139,661,148,513
112000140,752,924,-172
112000141,188,145,43
112000142,94,872,-778
112000143,312,181,131
112000144,166,1514,-1348
112000145,923,485,438
112000146,449,1989,-1540
112000147,810,921,-111
112000148,1208,1891,-683
112000149,101,637,-536
112000150,94,531,-437
112000151,192,451,-259
112000152,158,247,-89
112000153,98,259,-161
112000154,82,69,13
112000155,83,34,49
112000157,475,306,169
112000158,112,421,-309
112000159,121,209,-88
112000167,82,25,57
112000169,238,224,14
112000173,287,159,128
112000175,152,264,-112
112000176,3326,1127,2199
112000177,149,70,79
112000178,37,395,-358
112000179,89,146,-57
112000180,176,174,2
112000181,660,1418,-758
112000182,249,1498,-1249
112000183,23,37,-14
112000184,105,423,-318
112000185,95,513,-418
112000187,1625,1542,83
112000195,55,3,52
112000196,33,1,32
112000197,14,55,-41
112000198,20,299,-279
112000199,507,633,-126
112000202,81,1,80
112000216,35,91,-56
112000230,25,2,23
112000231,0,245,-245
112000256,12,70,-58
112000313,100,92,8
112000314,4,6,-2
112000337,82,339,-257
112000352,168,86,82
112000392,1080,757,323
112000398,402,440,-38
112000399,1698,850,848
112000400,1111,3046,-1935
112000401,2058,2385,-327
112000402,855,1316,-461
112000403,1151,1055,96
112000404,221,368,-147
112000405,731,1421,-690
112000406,2629,2889,-260
112000407,2219,3406,-1187
112000408,6065,5049,1016
112000409,1447,4412,-2965
112000410,106,68,38
112000411,3793,373,3420
112000412,633,161,472
112000413,7258,990,6268
112000414,42,73,-31
112000415,55,29,26
112000416,925,841,84
112000417,104,72,32
112000421,20,105,-85
112000422,147,351,-204
112000424,1931,976,955
112000425,237,1010,-773
112000426,46,156,-110
112000427,1,8,-7
112000428,54,352,-298
112000429,1164,2149,-985
112000430,1246,2435,-1189
112000431,53,69,-16
112000432,353,1843,-1490
112000433,340,407,-67
112000437,14,338,-324
112900001,16,0,16
112900002,66,1111,-1045
112900003,13,258,-245
112900004,17,286,-269
112900005,60,138,-78
112900007,7,168,-161
112900008,2,9,-7
112900009,112,70,42
112900010,57,618,-561
112900011,284,168,116
112900012,0,27,-27
112900013,1,113,-112
112900014,1,215,-214
112900015,212,652,-440
112900016,1,272,-271
112900017,20,153,-133
112900018,19,744,-725
112900019,62,113,-51
112900020,330,1004,-674
112900021,1,246,-245
112900022,5,69,-64
112900023,1,258,-257
112900024,6,172,-166
112900025,52,152,-100
112900026,2,186,-184
112900027,3,1030,-1027
112900028,22,88,-66
112900029,1,560,-559
112900030,270,111,159
112900031,1,486,-485
112900032,48,137,-89
112900034,0,36,-36
112900035,3,411,-408
112900036,13,79,-66
112900037,90,108,-18
112900038,112,94,18
112900039,17,265,-248
112900040,2,160,-158
112900041,767,396,371
112900042,25,347,-322
112900043,4,39,-35
112900044,343,225,118
112900045,380,209,171
112900046,148,36,112
112900047,7,18,-11
112900049,38,47,-9
112900050,39,423,-384
112900051,200,439,-239
112900052,8,925,-917
112900053,248,38,210
112900054,180,15,165
112900055,99,8,91
112900056,90,92,-2
112900057,5,596,-591
112900058,174,55,119
112900059,48,77,-29
112900060,14,184,-170
112900061,46,107,-61
112900062,28,99,-71
112900063,57,1,56
112900064,95,74,21
112900065,22,0,22
112900066,54,33,21
112900067,427,73,354
112900068,18,8,10
112900069,1970,192,1778
112900071,19,4,15
112900072,129,354,-225
112900073,98,13,85
112900074,11,45,-34
112900075,1694,227,1467
112900076,37,3,34
112900078,58,115,-57
112900079,70,8,62
112900080,14,0,14
112900081,29,65,-36
112900082,112,9,103
112900083,20,18,2
112900084,39,29,10
112900086,9,0,9
112900087,154,34,120
112900088,13,4,9
112900089,220,8,212
112900090,1,7,-6
112900091,56,7,49
112900092,75,68,7
112900093,313,6,307
112900095,6,0,6
112900096,150,38,112
112900097,23,273,-250
112900098,13,0,13
112900099,130,4,126
112900100,10,0,10
112900101,61,0,61
112900102,37,3,34
112900103,94,3,91
112900104,119,1,118
112900105,2,0,2
112900106,150,50,100
112900107,0,0,0
112900108,21,0,21
112900109,18,0,18
112900110,220,25,195
112900111,145,2,143
112900112,121,2,119
112900113,0,8,-8
112900114,23,4,19
112900115,207,1,206
112900116,41,42,-1
112900117,121,95,26
112900118,13,38,-25
112900119,40,0,40
112900120,558,111,447
112900121,185,106,79
112900122,12,90,-78
112900123,86,10,76
112900124,3,114,-111
112900125,18,144,-126
112900126,81,256,-175
112900127,112,26,86
112900128,373,573,-200
112900129,2,716,-714
112900130,47,44,3
112900131,26,169,-143
112900132,35,333,-298
112900133,12,983,-971
112900134,1,225,-224
112900135,20,14,6
112900137,3,631,-628
112900138,0,378,-378
112900139,104,1031,-927
112900141,142,15,127
112900142,40,47,-7
112900143,40,636,-596
112900144,6,757,-751
112900145,43,343,-300
112900146,7,1281,-1274
112900147,2,1944,-1942
112900148,10,0,10
112900149,87,317,-230
112900151,13,24,-11
112900152,4356,650,3706
112900153,992,404,588
112900154,0,79,-79
112900155,29,1,28
112900156,44,1361,-1317
112900157,68,175,-107
112900158,14,7,7
112900159,80,16,64
112900160,19,189,-170
112900161,38,15,23
112900162,31,8,23
112900163,106,17,89
112900164,27,42,-15
112900165,36,16,20
112900166,9,22,-13
112900167,0,23,-23
112900168,0,2,-2
112900169,2,5,-3
112900170,10,73,-63
112900172,70,3,67
112900173,138,56,82
112900174,105,12,93
112900175,60,27,33
112900176,9,5,4
112900177,82,12,70
112900178,289,517,-228
112900179,39,523,-484
112900180,361,1736,-1375
112900181,107,30,77
112900182,19,1278,-1259
112900183,52,114,-62
112900184,215,225,-10
112900185,151,235,-84
112900186,893,307,586
112900187,24,128,-104
112900188,428,157,271
112900189,0,22,-22
112900190,1,35,-34
112900192,192,117,75
112900193,608,111,497
112900194,22,80,-58
112900195,297,14,283
112900196,141,342,-201
112900197,62,254,-192
112900199,94,469,-375
112900200,127,168,-41
112900201,34,54,-20
112900202,76,711,-635
112900203,21,177,-156
112900204,419,182,237
112900205,1,1,0
112900206,2,29,-27
112900207,1,0,1
112900208,49,55,-6
112900209,284,305,-21
112900210,0,9,-9
112900211,12,15,-3
112900212,0,48,-48
112900213,9,1,8
112900214,5,3,2
112900215,3,182,-179
112900216,25,33,-8
112900217,0,68,-68
112900218,11,3,8
112900219,13,81,-68
112900220,0,0,0
112900221,2,95,-93
112900222,0,18,-18
112900223,182,2,180
112900224,68,491,-423
112900225,132,447,-315
112900226,90,95,-5
112900227,63,987,-924
112900228,16,19,-3
112900229,38,34,4
112900230,5622,1501,4121
112900232,104,76,28
112900233,36,103,-67
112900234,3,89,-86
112900235,21,7,14
112900236,39,7,32
112900237,40,287,-247
112900238,0,29,-29
112900239,322,220,102
112900240,5,166,-161
112900241,10,217,-207
112900242,5,273,-268
112900243,1,166,-165
112900244,11,175,-164
112900245,1,48,-47
112900246,0,6,-6
112900247,69,12,57
112900248,13,2,11
112900249,15,4,11
112900250,34,20,14
112900251,6,10,-4
112900252,4,10,-6
112900253,6,3,3
112900254,2,5,-3
112900255,0,17,-17
112900256,2,9,-7
112900257,7,3,4
112900258,5,14,-9
113000001,3704,3354,350
113000002,2882,2367,515
113000003,1518,1277,241
113000004,1605,1565,40
113000005,924,703,221
113000006,737,862,-125
113000007,954,949,5
113000008,1027,1168,-141
113000009,400,833,-433
113000010,512,1035,-523
113000011,391,1244,-853
113000012,634,568,66
113000013,783,330,453
113000014,1484,1016,468
113000015,447,167,280
113000016,161,197,-36
113000017,13,157,-144
113000018,151,20,131
113000019,15,170,-155
113000020,32,16,16
113000021,554,533,21
113000022,304,880,-576
113000025,60,191,-131
113000026,147,277,-130
113000027,503,182,321
113000028,653,218,435
113000029,582,454,128
113000030,488,436,52
113000031,318,163,155
113000032,195,143,52
113000033,196,243,-47
113000034,464,156,308
113000035,17,23,-6
113000036,14,39,-25
113000037,31,17,14
113000038,5,43,-38
113000039,44,330,-286
113000040,55,94,-39
113000042,664,401,263
113000051,425,1140,-715
113000052,1797,915,882
113000053,257,485,-228
113000054,97,490,-393
113000055,479,712,-233
113000056,382,1509,-1127
113000058,576,814,-238
113000059,984,543,441
113000060,30,507,-477
113000061,435,495,-60
113000062,1020,138,882
113000063,73,176,-103
113000064,8,309,-301
113000065,95,889,-794
113000066,218,80,138
113000067,575,747,-172
113000068,216,1655,-1439
113000069,228,1130,-902
113000070,612,496,116
113000071,176,540,-364
113000072,176,270,-94
113000073,302,1088,-786
113000074,621,207,414
113000075,1560,259,1301
113000076,911,1040,-129
113000077,1043,268,775
113000078,765,957,-192
113000079,614,419,195
113000080,563,389,174
113000081,552,525,27
113000082,763,497,266
113000083,351,501,-150
113000084,1033,837,196
113000085,609,431,178
113000086,773,789,-16
113000087,736,558,178
113000088,1648,755,893
113000089,755,954,-199
113000090,159,192,-33
113000091,459,158,301
113000094,453,117,336
113000095,170,885,-715
113000096,114,685,-571
113000097,333,184,149
113000098,44,13,31
113000099,719,200,519
113000100,90,279,-189
113000101,241,365,-124
113000102,309,189,120
113000103,2047,525,1522
113000104,304,1535,-1231
113000105,313,417,-104
113000106,222,514,-292
113000107,349,711,-362
113000108,712,1349,-637
113000109,405,2080,-1675
113000110,1069,273,796
113000111,127,376,-249
113000112,258,257,1
113000113,1444,265,1179
113000114,389,695,-306
113000116,556,210,346
113000117,474,104,370
113000118,111,197,-86
113000119,178,263,-85
113000120,31,202,-171
113000121,274,615,-341
113000124,120,111,9
113000125,21,397,-376
113000127,2684,399,2285
113000128,287,230,57
113000129,358,847,-489
113000133,2958,481,2477
113000134,1,387,-386
113000135,1990,1496,494
113000137,1669,933,736
113000139,229,69,160
113000140,139,147,-8
113000141,194,37,157
113000142,477,377,100
113000143,209,84,125
113000144,228,348,-120
113000145,28,119,-91
113000146,49,41,8
113000147,44,88,-44
113000148,58,93,-35
113000149,85,73,12
113000150,399,234,165
113000151,114,37,77
113000152,10,101,-91
113000153,1294,315,979
113000154,436,784,-348
113000155,168,227,-59
113000156,136,266,-130
113000157,175,505,-330
113000158,343,134,209
113000159,496,416,80
113000160,456,811,-355
113000161,135,526,-391
113000162,355,298,57
113000163,40,21,19
113000164,26,51,-25
113000166,55,37,18
113000167,13,203,-190
113000168,28,176,-148
113000169,42,28,14
113000170,57,47,10
113000171,54,69,-15
113000172,138,62,76
113000173,17,6,11
113000174,70,459,-389
113000175,195,84,111
113000176,281,85,196
113000177,112,348,-236
113000178,109,361,-252
113000179,170,62,108
113000180,319,955,-636
113000181,587,749,-162
113000182,148,138,10
113000183,135,425,-290
113000184,17,84,-67
113000189,304,399,-95
113000190,1015,237,778
113000192,2338,873,1465
113000193,3809,539,3270
113000194,1457,689,768
113000195,2046,266,1780
113000196,54,101,-47
113000197,787,543,244
113000198,19,192,-173
113000199,389,259,130
113000201,271,160,111
113000202,2079,1080,999
113000203,440,86,354
113000204,1409,698,711
113000205,6,15,-9
113000206,7,21,-14
113000207,41,7,34
113000208,28,43,-15
113000209,8,9,-1
113000210,9,46,-37
113000211,267,114,153
113000212,245,15,230
113000213,18,56,-38
113000214,93,176,-83
113000234,116,1082,-966
113000410,67,73,-6
113000411,1735,2962,-1227
113000412,9817,1211,8606
113000413,3159,1042,2117
113000414,8800,5096,3704
113000415,2017,1330,687
113000416,6340,1965,4375
113000417,1912,1426,486
113000418,2276,1782,494
113000419,991,1071,-80
113000420,2810,1749,1061
113000421,3161,2936,225
113000422,12844,4453,8391
113000423,2005,1873,132
113000424,3968,4530,-562
113000425,4,50,-46
113000428,51,3,48
113000430,21,2,19
113000432,627,43,584
113000433,104,789,-685
113000434,17,330,-313
113000435,7,676,-669
113000436,26,1165,-1139
113000437,178,12,166
113000438,64,12,52
113000439,9,145,-136
113000440,32,25,7
113000441,73,237,-164
113000442,108,230,-122
113000443,33,211,-178
113000444,59,257,-198
113000445,34,121,-87
113000446,22,67,-45
113000448,161,89,72
113000449,202,684,-482
113000450,397,1559,-1162
113000451,1358,105,1253
113000452,316,269,47
113000453,145,157,-12
113000454,680,42,638
113000455,51,96,-45
113000456,2212,1072,1140
113000468,2104,180,1924
113000469,165,47,118
113000470,400,62,338
113000471,5,274,-269
113000472,56,214,-158
113000474,247,567,-320
113000475,913,1390,-477
113000476,550,1603,-1053
113000477,1326,1720,-394
113000478,2264,4763,-2499
113000479,15,337,-322
113000485,0,0,0
113000486,0,0,0
113000487,0,0,0
113000488,0,0,0
113000489,0,0,0
113000490,0,0,0
113000491,0,0,0
113000492,0,0,0
113000493,0,0,0
113000495,162,199,-37
113000496,61,58,3
113000499,0,0,0
113900001,1,57,-56
113900002,0,74,-74
113900003,1,53,-52
113900004,1,13,-12
113900005,0,30,-30
113900006,0,25,-25
113900007,32,1,31
113900008,26,0,26
113900009,171,2,169
113900010,69,1,68
113900011,11,0,11
113900012,6,4,2
113900013,360,4,356
113900014,573,3,570
113900015,0,51,-51
113900016,15,0,15
113900017,2,37,-35
113900018,363,37,326
113900019,30,42,-12
113900020,40,0,40
113900022,3,0,3
113900023,5,0,5
113900024,11,39,-28
113900025,189,12,177
113900026,31,0,31
113900027,6,37,-31
113900028,13,369,-356
113900029,11,249,-238
113900030,66,0,66
113900031,0,0,0
113900032,3,0,3
113900033,45,59,-14
113900035,26,1,25
113900036,6,52,-46
113900037,21,521,-500
113900038,66,32,34
113900039,27,5,22
113900040,5,5,0
113900041,0,1,-1
113900042,19,17,2
113900043,93,63,30
113900044,145,28,117
113900045,14,2,12
113900046,230,512,-282
113900047,37,115,-78
113900048,232,14,218
113900049,649,128,521
113900050,98,230,-132
113900051,79,280,-201
113900052,135,77,58
113900053,193,69,124
113900054,7,1,6
113900055,63,395,-332
113900056,38,97,-59
113900057,20,117,-97
113900058,16,142,-126
113900059,78,271,-193
113900060,96,169,-73
113900061,558,36,522
113900062,40,11,29
113900063,42,124,-82
113900064,20,111,-91
113900065,461,7,454
113900066,79,320,-241
113900067,40,195,-155
113900068,207,237,-30
113900069,59,6,53
113900070,129,356,-227
113900071,40,49,-9
113900072,18,111,-93
113900073,120,251,-131
113900074,14,409,-395
113900075,464,798,-334
113900076,100,4,96
113900077,12,181,-169
113900078,26,18,8
113900079,0,42,-42
113900080,163,81,82
113900081,22,106,-84
113900082,88,129,-41
113900083,49,607,-558
113900084,83,61,22
113900085,19,268,-249
113900086,14,9,5
113900087,12,144,-132
113900088,20,66,-46
113900089,207,35,172
113900090,193,161,32
113900091,12,8,4
113900092,40,27,13
113900093,41,282,-241
113900094,68,342,-274
113900095,40,53,-13
113900096,77,49,28
113900097,1,84,-83
113900098,266,32,234
113900099,1,28,-27
113900100,1,1,0
113900101,11,27,-16
113900102,49,51,-2
113900103,121,160,-39
113900104,40,68,-28
113900105,10,288,-278
113900106,0,68,-68
113900107,0,18,-18
113900108,121,86,35
113900109,197,73,124
113900110,15,6,9
113900111,23,58,-35
113900112,53,72,-19
113900113,288,207,81
113900114,0,111,-111
113900115,0,79,-79
113900116,38,70,-32
113900117,54,9,45
113900118,110,113,-3
113900119,161,137,24
113900120,32,26,6
113900121,17,47,-30
113900122,126,1125,-999
113900123,168,108,60
113900124,0,50,-50
113900125,990,115,875
113900126,97,25,72
113900127,110,250,-140
113900128,97,20,77
113900129,12,49,-37
113900130,0,12,-12
113900131,42,39,3
113900132,44,16,28
113900133,3,38,-35
113900135,141,331,-190
113900136,28,52,-24
113900137,155,130,25
113900138,26,97,-71
113900139,404,55,349
113900140,237,62,175
113900141,148,328,-180
113900142,48,56,-8
113900143,3,7,-4
113900144,217,65,152
113900145,88,145,-57
113900146,13,25,-12
113900148,78,70,8
113900149,62,17,45
113900150,898,240,658
113900151,83,151,-68
113900152,8,52,-44
113900153,279,200,79
113900154,2,86,-84
113900155,164,28,136
113900156,127,416,-289
113900157,54,215,-161
113900158,158,74,84
113900159,5,125,-120
113900160,189,480,-291
113900161,13,111,-98
113900162,342,194,148
113900163,179,131,48
113900164,91,48,43
113900165,366,358,8
113900166,134,61,73
113900167,163,18,145
113900168,99,85,14
113900169,114,286,-172
113900171,38,21,17
113900172,6,214,-208
113900173,39,470,-431
113900174,267,515,-248
113900175,150,29,121
113900176,82,492,-410
113900177,160,121,39
113900178,103,48,55
113900179,11,568,-557
113900180,110,55,55
113900181,241,49,192
113900182,170,616,-446
113900183,19,29,-10
113900184,18,552,-534
113900185,79,45,34
113900186,7,14,-7
113900187,15,136,-121
113900188,17,81,-64
113900189,107,26,81
113900190,231,62,169
113900191,48,103,-55
113900192,3,122,-119
113900193,14,234,-220
113900194,1453,599,854
113900195,237,308,-71
113900196,0,80,-80
113900197,2,237,-235
113900198,19,110,-91
113900199,146,422,-276
113900200,8,160,-152
113900201,1,225,-224
113900202,23,137,-114
113900203,1,162,-161
113900204,17,488,-471
113900205,4,77,-73
113900206,4,108,-104
113900207,3,37,-34
113900208,0,36,-36
113900209,0,32,-32
113900210,281,331,-50
113900211,107,14,93
113900212,51,400,-349
113900214,254,209,45
113900215,20,68,-48
113900216,7,1032,-1025
113900217,9,327,-318
113900218,38,41,-3
113900219,64,395,-331
113900220,58,28,30
113900221,165,91,74
113900222,210,145,65
113900223,25,776,-751
113900224,87,18,69
113900225,511,126,385
113900226,154,80,74
113900227,239,87,152
113900228,271,177,94
113900229,27,337,-310
113900230,2994,785,2209
113900231,66,125,-59
113900232,29,55,-26
113900233,11,45,-34
113900234,58,298,-240
113900235,24,27,-3
113900236,30,233,-203
113900237,57,3,54
113900238,76,192,-116
113900239,28,24,4
113900240,0,34,-34
113900241,64,16,48
113900242,32,89,-57
113900243,68,251,-183
113900244,360,90,270
113900245,905,154,751
113900246,7,13,-6
113900247,58,87,-29
113900248,2533,534,1999
113900249,821,126,695
113900250,5,93,-88
113900251,227,124,103
113900252,181,9,172
113900253,286,21,265
113900254,267,71,196
113900255,233,21,212
113900256,311,18,293
113900257,33,615,-582
113900258,13,480,-467
113900259,202,197,5
113900260,50,35,15
113900261,13,86,-73
113900262,70,587,-517
113900263,56,321,-265
113900264,6,466,-460
113900265,132,204,-72
113900266,27,186,-159
113900267,69,316,-247
113900268,76,136,-60
113900269,17,85,-68
113900270,148,184,-36
113900271,242,969,-727
113900273,7,4,3
113900274,8,4,4
113900275,5,38,-33
113900276,3,245,-242
113900277,22,0,22
113900278,167,99,68
113900279,66,84,-18
113900280,670,337,333
113900281,148,524,-376
113900282,453,248,205
113900283,187,210,-23
113900284,580,76,504
113900285,81,18,63
113900286,3,112,-109
113900287,12,62,-50
113900288,0,45,-45
113900289,1105,52,1053
113900290,376,46,330
113900291,125,109,16
113900292,3,1,2
113900293,0,115,-115
113900294,129,4,125
113900295,262,160,102
113900296,2087,252,1835
113900297,268,24,244
113900298,7,1013,-1006
113900299,14,142,-128
113900300,4434,1412,3022
113900301,569,226,343
113900302,2008,436,1572
113900303,362,109,253
113900304,0,96,-96
113900305,34,0,34
113900306,3,0,3
113900307,20,0,20
113900308,43,65,-22
113900309,0,729,-729
113900310,0,6,-6
113900311,1,0,1
113900312,47,83,-36
113900313,22,7,15
113900314,0,16,-16
113900315,15,0,15
114000001,639,2484,-1845
114000002,90,325,-235
114000003,147,1128,-981
114000004,166,280,-114
114000005,137,198,-61
114000006,2241,1380,861
114000007,259,1022,-763
114000008,709,608,101
114000009,181,127,54
114000011,1584,2559,-975
114000012,932,2344,-1412
114000013,603,1712,-1109
114000014,303,458,-155
114000015,428,350,78
114000016,142,350,-208
114000017,50,135,-85
114000018,258,58,200
114000026,449,1373,-924
114000027,937,1512,-575
114000028,1112,1283,-171
114000038,52,96,-44
114000039,65,206,-141
114000040,58,146,-88
114000042,50,194,-144
114000043,52,220,-168
114000044,90,213,-123
114000045,25,64,-39
114000046,1258,3186,-1928
114000047,3,31,-28
114000048,48,161,-113
114000049,748,578,170
114000050,1072,611,461
114000051,2383,830,1553
114000052,1570,762,808
114000053,14,359,-345
114000054,43,1041,-998
114000055,70,7,63
114000056,1045,357,688
114000057,6410,1721,4689
114000058,293,241,52
114000059,72,88,-16
114000060,263,557,-294
114000061,2290,705,1585
114000062,1471,364,1107
114000063,2430,1112,1318
114000064,6031,1633,4398
114000065,1642,1386,256
114000066,203,542,-339
114000067,8,178,-170
114000068,317,242,75
114000069,417,219,198
114000070,1813,807,1006
114000071,350,391,-41
114000072,59,206,-147
114000073,4,84,-80
114000074,5,6,-1
114000075,27,128,-101
114000076,24,116,-92
114000077,2,31,-29
114000078,66,992,-926
114000079,27,27,0
114000080,78,61,17
114000081,27,83,-56
114000082,29,432,-403
114000083,13,199,-186
114000084,46,40,6
114000085,74,591,-517
114000086,64,429,-365
114000087,31,183,-152
114000088,50,43,7
114000089,1079,307,772
114000090,423,303,120
114000091,1112,249,863
114000092,533,169,364
114000093,458,312,146
114000094,245,254,-9
114000095,75,49,26
114000096,91,270,-179
114000097,92,484,-392
114000098,173,30,143
114000099,102,740,-638
114000100,312,521,-209
114000101,155,861,-706
114000102,118,229,-111
114000103,73,590,-517
114000104,5,217,-212
114000105,19,34,-15
114000106,425,213,212
114000107,66,83,-17
114000108,2653,1155,1498
114000109,153,365,-212
114000110,296,1513,-1217
114000111,426,308,118
114000112,166,2165,-1999
114000113,382,270,112
114000114,758,1561,-803
114000115,887,379,508
114000116,191,502,-311
114000117,719,243,476
114000118,720,210,510
114000119,603,175,428
114000120,400,908,-508
114000121,242,442,-200
114000122,269,178,91
114000123,453,159,294
114000124,226,191,35
114000125,503,1574,-1071
114000126,445,118,327
114000127,46,170,-124
114000128,410,595,-185
114000130,215,311,-96
114000131,89,23,66
114000132,368,481,-113
114000133,610,828,-218
114000134,21,153,-132
114000138,11,117,-106
114000139,200,59,141
114000144,271,169,102
114000145,56,113,-57
114000146,58,231,-173
114000147,446,546,-100
114000148,1867,759,1108
114000149,206,119,87
114000150,1519,549,970
114000151,1281,598,683
114000152,96,8,88
114000153,1076,1002,74
114000154,532,467,65
114000155,735,958,-223
114000156,581,227,354
114000157,244,575,-331
114000158,1716,363,1353
114000159,119,257,-138
114000160,122,121,1
114000161,1038,604,434
114000162,413,482,-69
114000163,2,101,-99
114000165,145,94,51
114000166,450,131,319
114000167,3348,859,2489
114000168,575,458,117
114000169,1155,366,789
114000170,641,357,284
114000171,431,678,-247
114000174,89,345,-256
114000176,380,262,118
114000177,1646,550,1096
114000178,24,60,-36
114000179,898,468,430
114000180,239,438,-199
114000181,849,1316,-467
114000182,3871,1443,2428
114000183,1028,927,101
114000184,5179,1351,3828
114000185,578,650,-72
114000189,205,36,169
114000190,732,85,647
114000191,19,26,-7
114000192,254,932,-678
114000193,743,2363,-1620
114000194,787,1118,-331
114000195,44,5,39
114000196,7,255,-248
114000197,363,42,321
114000198,850,283,567
114000199,1268,693,575
114000200,452,1792,-1340
114000201,104,783,-679
114000202,473,772,-299
114000203,346,994,-648
114000204,79,317,-238
114000205,213,1522,-1309
114000206,233,1176,-943
114000207,944,1771,-827
114000208,297,2622,-2325
114000209,479,2873,-2394
114000210,279,2035,-1756
114000211,548,1097,-549
114000212,309,586,-277
114000213,686,495,191
114000214,31,143,-112
114000215,71,38,33
114000216,448,235,213
114000217,84,227,-143
114000218,59,297,-238
114000219,418,243,175
114000220,7,1256,-1249
114000221,191,69,122
114000222,138,1098,-960
114000223,184,37,147
114000224,84,568,-484
114000225,83,421,-338
114000226,24,223,-199
114000227,556,448,108
114000228,390,730,-340
114000229,396,1165,-769
114000230,866,1234,-368
114000231,396,1042,-646
114000232,206,95,111
114000233,866,70,796
114000234,713,905,-192
114000235,499,1635,-1136
114000236,0,428,-428
114000237,59,1032,-973
114000238,15,127,-112
114000239,77,1420,-1343
114000240,358,571,-213
114000241,149,984,-835
114000242,756,775,-19
114000243,564,569,-5
114000244,367,277,90
114000245,227,484,-257
114000246,99,23,76
114000247,282,525,-243
114000248,417,420,-3
114000249,278,384,-106
114000250,149,365,-216
114000251,64,288,-224
114000252,37,83,-46
114000253,27,176,-149
114000254,9,51,-42
114000255,356,104,252
114000256,1456,259,1197
114000257,646,1684,-1038
114000258,58,370,-312
114000259,10,209,-199
114000260,0,18,-18
114000261,11,7,4
114000262,31,104,-73
114000263,7,2,5
114000264,197,504,-307
114000265,0,1,-1
114000267,2,1035,-1033
114000268,3,1780,-1777
114000270,65,2,63
114000271,210,85,125
114000283,287,324,-37
114000285,30,255,-225
114000288,21,376,-355
114000289,549,143,406
114000293,61,352,-291
114000294,114,204,-90
114000395,728,40,688
114000396,117,180,-63
114000402,182,253,-71
114000403,180,479,-299
114000405,79,515,-436
114000423,73,495,-422
114000424,111,178,-67
114000425,131,532,-401
114000426,126,350,-224
114000427,60,70,-10
114000428,218,48,170
114000429,9,116,-107
114000432,38,108,-70
114000434,23,85,-62
114000435,2,107,-105
114900001,147,1271,-1124
114900002,237,33,204
114900003,158,1697,-1539
114900004,92,97,-5
114900005,116,794,-678
114900006,13,17,-4
114900007,36,4,32
114900008,27,12,15
114900010,1927,1046,881
114900011,27,120,-93
114900013,42,59,-17
114900020,33,28,5
114900025,130,137,-7
114900026,42,33,9
114900029,51,7,44
114900030,93,149,-56
114900031,43,29,14
114900032,45,27,18
114900034,37,153,-116
114900035,121,136,-15
114900036,114,854,-740
114900039,182,548,-366
114900040,17,137,-120
114900041,175,518,-343
114900042,240,750,-510
114900044,42,9,33
114900047,90,740,-650
114900048,23,239,-216
114900049,14,309,-295
114900050,23,457,-434
114900051,20,382,-362
114900052,42,114,-72
114900053,11,138,-127
114900054,32,82,-50
114900057,86,2,84
114900058,0,49,-49
114900059,37,8,29
114900063,22,178,-156
114900064,319,539,-220
114900065,170,493,-323
114900067,16,266,-250
114900068,49,282,-233
114900069,130,91,39
114900070,133,603,-470
114900072,7,198,-191
114900073,2,145,-143
114900074,79,738,-659
114900075,47,4,43
114900076,4,248,-244
114900080,2462,265,2197
114900082,3128,911,2217
114900083,316,445,-129
114900090,71,75,-4
114900091,61,125,-64
114900097,24,0,24
114900098,2,155,-153
114900099,37,5,32
115000001,7658,5202,2456
115000002,2045,1984,61
115000003,2762,3758,-996
115000004,1391,2826,-1435
115000005,935,2499,-1564
115000006,357,998,-641
115000007,64,92,-28
115000008,371,344,27
115000009,78,236,-158
115000010,149,109,40
115000013,57,83,-26
115000015,99,121,-22
115000016,53,115,-62
115000019,11,235,-224
115000020,81,150,-69
115000021,165,324,-159
115000022,281,266,15
115000023,157,259,-102
115000024,681,365,316
115000025,519,319,200
115000026,76,269,-193
115000027,108,190,-82
115000028,79,431,-352
115000029,267,86,181
115000030,131,561,-430
115000031,426,120,306
115000032,7,234,-227
115000033,87,8,79
115000034,91,673,-582
115000035,484,26,458
115000036,2,312,-310
115000037,139,0,139
115000038,37,138,-101
115000039,2156,1239,917
115000040,5106,2459,2647
115000041,543,1391,-848
115000042,363,437,-74
115000043,1952,1573,379
115000044,2188,3412,-1224
115000045,1342,2540,-1198
115000046,808,1703,-895
115000047,1026,1499,-473
115000048,1024,2656,-1632
115000049,1107,2285,-1178
115000050,1548,1373,175
115000051,1425,972,453
115000052,2558,1531,1027
115000053,903,872,31
115000054,662,1172,-510
115000055,44,313,-269
115000056,163,158,5
115000057,218,610,-392
115000058,183,135,48
115000059,115,231,-116
115000061,121,74,47
115000062,93,279,-186
115000063,89,246,-157
115000064,132,127,5
115000065,13,208,-195
115000067,193,36,157
115000069,21,185,-164
115000070,28,423,-395
115000071,65,6,59
115000072,10,32,-22
115000073,1171,37,1134
115000075,16,27,-11
115000076,2526,2729,-203
115000077,724,3226,-2502
115000078,339,1827,-1488
115000079,486,2103,-1617
115000080,947,2615,-1668
115000081,282,722,-440
115000082,1829,1989,-160
115000083,1125,2893,-1768
115000084,582,872,-290
115000085,263,1038,-775
115000086,317,845,-528
115000087,386,1207,-821
115000088,957,451,506
115000089,1391,1149,242
115000090,715,418,297
115000091,223,1120,-897
115000092,219,299,-80
115000093,307,1,306
115000094,6197,3296,2901
115000095,5458,3008,2450
115000096,336,1916,-1580
115000097,320,677,-357
115000098,337,767,-430
115000099,874,2675,-1801
115000100,366,311,55
115000101,246,1410,-1164
115000102,211,130,81
115000103,300,738,-438
115000105,38,239,-201
115000106,186,169,17
115000107,75,644,-569
115000108,2970,2532,438
115000109,4233,1599,2634
115000110,703,430,273
115000111,445,1131,-686
115000112,259,281,-22
115000113,367,687,-320
115000114,1180,612,568
115000116,2017,821,1196
115000117,2378,957,1421
115000118,910,995,-85
115000119,1114,1025,89
115000120,304,422,-118
115000121,1414,501,913
115000122,2945,426,2519
115000123,1245,701,544
115000124,554,361,193
115000125,209,380,-171
115000126,73,202,-129
115000127,236,82,154
115000128,736,568,168
115000129,191,89,102
115000130,197,748,-551
115000131,219,169,50
115000132,65,376,-311
115000133,89,254,-165
115000134,70,136,-66
115000135,59,200,-141
115000136,81,191,-110
115000137,43,155,-112
115000138,93,210,-117
115000139,92,242,-150
115000140,101,180,-79
115000141,60,306,-246
115000142,55,290,-235
115000143,187,398,-211
115000144,188,61,127
115000145,148,479,-331
115000146,129,130,-1
115000147,200,497,-297
115000148,192,1201,-1009
115000149,205,169,36
115000150,429,1019,-590
115000151,370,275,95
115000152,308,1353,-1045
115000153,319,241,78
115000154,259,198,61
115000155,240,966,-726
115000156,668,351,317
115000157,606,732,-126
115000158,538,267,271
115000159,596,239,357
115000160,354,173,181
115000161,123,351,-228
115000162,466,385,81
115000163,413,454,-41
115000164,390,444,-54
115000165,335,204,131
115000167,68,57,11
115000168,503,160,343
115000169,442,285,157
115000170,100,141,-41
115000171,184,123,61
115000172,1204,334,870
115000173,246,153,93
115000174,58,154,-96
115000175,80,94,-14
115000176,60,29,31
115000177,67,39,28
115000178,16,188,-172
115000179,3,23,-20
115000180,46,459,-413
115000181,209,111,98
115000182,260,291,-31
115000183,66,723,-657
115000186,282,183,99
115000187,64,474,-410
115000188,317,313,4
115000189,130,329,-199
115000190,336,275,61
115000191,110,288,-178
115000194,75,67,8
115000195,157,105,52
115000196,42,84,-42
115000197,64,328,-264
115000198,75,189,-114
115000199,73,283,-210
115000200,95,94,1
115000201,41,321,-280
115000206,83,20,63
115000207,11,301,-290
115000208,324,531,-207
115000209,253,79,174
115000210,44,101,-57
115000211,126,134,-8
115000212,1150,198,952
115000224,90,42,48
115000225,26,28,-2
115000229,172,132,40
115000230,38,337,-299
115000231,237,2356,-2119
115000232,657,340,317
115000233,44,163,-119
115000234,10,177,-167
115000241,27,297,-270
115000242,20,263,-243
115000243,10,220,-210
115000244,4,66,-62
115000246,18,14,4
115000247,15,4,11
115000248,8,2,6
115000249,14,7,7
115000250,105,20,85
115000251,59,105,-46
115000252,20,135,-115
115000253,6,131,-125
115000258,89,159,-70
115000259,198,109,89
115000261,3,38,-35
115000262,2,30,-28
115000263,5,35,-30
115000264,5,33,-28
115000267,14,52,-38
115000268,18,56,-38
115000269,75,76,-1
115000270,0,14,-14
115000272,25,112,-87
115000273,100,30,70
115000280,2818,33,2785
115000281,647,101,546
115000282,510,220,290
115000284,271,69,202
115000296,336,4,332
115000297,43,30,13
115000298,27,67,-40
115000300,35,139,-104
115000302,106,170,-64
115000303,165,101,64
115000304,236,56,180
115000305,31,811,-780
115000306,39,458,-419
115000307,16,299,-283
115000308,31,29,2
115000310,390,1314,-924
115000311,264,1089,-825
115000313,81,530,-449
115000314,131,66,65
115000315,893,211,682
115000316,25,58,-33
115000317,79,448,-369
115000318,308,113,195
115000319,52,247,-195
115000320,8,105,-97
115000321,327,4,323
115000322,25,247,-222
115000449,164,91,73
115000557,1,339,-338
115000558,155,58,97
115000587,174,244,-70
115000588,1619,3342,-1723
115000589,1694,2023,-329
115000590,401,1195,-794
115000591,810,580,230
115000592,550,1106,-556
115000593,778,351,427
115000594,613,1014,-401
115000609,124,139,-15
115000617,1264,945,319
115000624,83,50,33
115000633,240,1264,-1024
115000634,1726,476,1250
115000635,206,112,94
115000638,966,640,326
115000641,76,83,-7
115000642,262,171,91
115000643,82,301,-219
115000644,106,290,-184
115000646,397,557,-160
115000647,63,258,-195
115000648,607,1368,-761
115000893,3110,709,2401
115000894,44,856,-812
115000895,417,672,-255
115000896,1074,205,869
115000897,288,37,251
115000898,419,124,295
115000899,815,653,162
115000900,68,194,-126
115000901,84,77,7
115000912,91,42,49
115000913,4,21,-17
115000915,18,0,18
115000916,0,0,0
115000917,0,1,-1
115000918,73,76,-3
115000919,16,5,11
115000920,7,25,-18
115000921,910,30,880
115000922,1169,295,874
115000923,329,615,-286
115000925,37,66,-29
115000927,5,22,-17
115000933,263,86,177
115000934,60,129,-69
115000935,21,71,-50
115000936,49,167,-118
115000937,1084,73,1011
115000938,364,73,291
115000939,360,96,264
115000940,7,4,3
115000941,5,3,2
115000942,38,29,9
115000943,43,10,33
115000944,3,5,-2
115900001,13,71,-58
115900002,55,98,-43
115900003,46,79,-33
115900004,0,62,-62
115900005,27,6,21
115900006,41,293,-252
115900008,14,17,-3
115900009,23,185,-162
115900010,63,144,-81
115900011,110,223,-113
115900012,20,72,-52
115900013,174,77,97
115900014,57,119,-62
115900015,16,127,-111
115900016,28,17,11
115900017,1,3,-2
115900018,188,73,115
115900019,76,10,66
115900020,9,0,9
115900021,1610,77,1533
115900022,1579,3,1576
115900023,17,2,15
115900025,27,111,-84
115900026,607,275,332
115900027,2,281,-279
115900028,374,30,344
115900029,2,516,-514
115900030,24,7,17
115900031,335,70,265
115900032,181,497,-316
115900033,0,27,-27
115900034,12,487,-475
115900035,15,81,-66
115900036,172,209,-37
115900037,11,441,-430
115900038,9,4,5
115900039,78,220,-142
115900041,201,236,-35
115900042,1,0,1
115900043,30,105,-75
115900044,117,108,9
115900046,102,269,-167
115900047,25,22,3
115900049,44,145,-101
115900051,0,91,-91
115900052,7,301,-294
115900053,36,209,-173
115900054,54,39,15
115900055,20,127,-107
115900056,61,282,-221
115900057,15,2,13
115900058,37,66,-29
115900060,11,61,-50
115900061,41,0,41
115900062,12,255,-243
115900063,27,4,23
115900064,86,191,-105
115900065,9,81,-72
115900066,145,168,-23
115900067,2,681,-679
115900068,3431,95,3336
115900069,21,163,-142
115900070,68,164,-96
115900071,2,435,-433
115900072,61,149,-88
115900073,9,9,0
115900074,4,359,-355
115900075,8,261,-253
115900076,1,88,-87
115900077,10,271,-261
115900078,19,91,-72
115900079,44,9,35
115900080,293,98,195
115900081,4,69,-65
115900082,78,83,-5
115900084,60,26,34
115900085,46,35,11
115900086,926,280,646
115900088,20,21,-1
115900089,103,703,-600
115900090,72,16,56
115900091,0,7,-7
115900092,39,222,-183
115900093,1,59,-58
115900094,2,380,-378
115900096,0,27,-27
115900097,9,519,-510
115900098,32,372,-340
115900099,45,94,-49
115900100,2,395,-393
115900101,64,371,-307
115900102,7,51,-44
115900103,76,219,-143
115900104,20,131,-111
115900105,40,511,-471
115900106,14,15,-1
115900107,10,162,-152
115900108,14,44,-30
115900109,28,320,-292
115900110,1,15,-14
115900111,0,54,-54
115900112,22,532,-510
115900113,9,8,1
115900114,0,121,-121
115900115,14,89,-75
115900116,58,554,-496
115900117,11,0,11
115900118,4,394,-390
115900119,27,43,-16
115900120,15,245,-230
115900121,51,149,-98
115900124,75,265,-190
115900125,152,27,125
115900126,251,34,217
115900127,261,23,238
115900128,1,71,-70
115900129,295,23,272
115900130,19,140,-121
115900131,74,7,67
115900132,104,11,93
115900134,92,9,83
115900135,358,255,103
115900137,4,2,2
115900139,56,33,23
115900140,88,9,79
115900141,4,20,-16
115900142,13,5,8
115900143,59,152,-93
115900144,19,119,-100
115900146,6,158,-152
115900147,114,137,-23
115900148,5,17,-12
115900149,14,25,-11
115900150,8,66,-58
115900151,4,39,-35
115900152,13,306,-293
115900153,16,153,-137
115900154,318,246,72
115900155,0,65,-65
115900156,281,333,-52
115900157,39,265,-226
115900158,27,1,26
115900159,18,163,-145
115900160,7,1,6
115900161,10,97,-87
115900163,41,69,-28
115900164,78,33,45
115900166,101,146,-45
115900168,17,97,-80
115900171,30,148,-118
115900172,9,109,-100
115900173,112,135,-23
115900174,149,186,-37
115900175,31,168,-137
115900178,2,654,-652
115900179,54,25,29
115900180,25,289,-264
115900181,47,272,-225
115900182,128,289,-161
115900183,73,31,42
115900184,1044,9,1035
115900187,2,58,-56
115900189,0,40,-40
115900190,240,212,28
115900191,33,313,-280
115900192,8,36,-28
115900193,59,24,35
115900194,134,14,120
115900195,215,546,-331
115900198,77,131,-54
115900199,125,152,-27
115900200,125,202,-77
115900201,237,133,104
115900202,0,2,-2
115900203,1,2,-1
115900204,0,3,-3
115900205,30,7,23
115900206,33,87,-54
115900207,10,21,-11
115900208,44,279,-235
115900209,1,108,-107
115900210,0,109,-109
115900211,1,100,-99
115900212,41,146,-105
115900213,29,15,14
115900214,86,229,-143
115900215,5,26,-21
115900216,0,71,-71
115900217,3,44,-41
115900218,0,31,-31
115900219,17,2,15
115900220,46,13,33
115900221,14,7,7
115900222,14,2,12
115900223,0,35,-35
115900224,1243,243,1000
115900225,103,14,89
115900226,5,6,-1
115900227,2,23,-21
115900228,1,39,-38
115900229,9,26,-17
115900230,46,59,-13
115900231,49,1,48
115900232,17,1,16
115900233,51,4,47
115900234,17,9,8
115900235,4,6,-2
115900236,14,8,6
115900237,6,33,-27
115900238,11,13,-2
115900239,2,23,-21
115900240,2,45,-43
115900241,62,46,16
115900242,126,111,15
115900243,11,5,6
115900244,0,7,-7
115900245,12,1,11
115900246,8,1,7
115900247,8,8,0
115900248,4,4,0
115900249,0,4,-4
115900250,2,8,-6
115900251,1,1,0
115900252,0,1,-1
115900253,3,2,1
115900254,2,16,-14
115900255,2,9,-7
115900256,20,16,4
115900257,0,2,-2
115900258,0,3,-3
115900259,1,0,1
115900260,8,1,7
115900261,2,0,2
115900262,4,1,3
115900263,10,1,9
115900264,13,2,11
115900265,2,7,-5
115900266,1,2,-1
115900267,5,1,4
115900268,0,8,-8
115900269,91,277,-186
115900270,99,556,-457
115900271,9,0,9
115900272,6,0,6
115900273,2,2,0
115900274,0,4,-4
115900275,0,25,-25
115900276,0,57,-57
115900277,0,152,-152
115900278,10,52,-42
115900279,9,91,-82
115900280,9,86,-77
115900281,510,72,438
115900282,16,4,12
115900283,2,4,-2
115900284,4,10,-6
116000001,14394,3912,10482
116000002,2673,2681,-8
116000003,937,1406,-469
116000004,886,969,-83
116000005,1720,2590,-870
116000006,1078,750,328
116000007,2354,3237,-883
116000008,1591,1050,541
116000009,1331,2449,-1118
116000010,840,553,287
116000011,515,1804,-1289
116000012,425,393,32
116000013,12924,3113,9811
116000014,17878,4264,13614
116000015,352,414,-62
116000016,6275,1054,5221
116000017,19,240,-221
116000018,493,271,222
116000019,249,217,32
116000020,285,944,-659
116000021,124,192,-68
116000022,164,409,-245
116000023,337,332,5
116000024,507,1062,-555
116000025,399,425,-26
116000026,1134,1614,-480
116000027,210,375,-165
116000028,163,364,-201
116000029,780,514,266
116000030,215,183,32
116000031,72,155,-83
116000032,186,255,-69
116000033,161,408,-247
116000034,290,701,-411
116000035,193,486,-293
116000036,1540,327,1213
116000037,514,360,154
116000038,441,241,200
116000039,533,206,327
116000040,619,170,449
116000041,231,550,-319
116000042,232,173,59
116000043,40,376,-336
116000044,6,120,-114
116000045,983,874,109
116000046,813,644,169
116000047,1539,1209,330
116000048,1456,1236,220
116000049,477,1434,-957
116000050,972,1176,-204
116000051,1452,1391,61
116000052,1854,2798,-944
116000053,835,891,-56
116000054,391,2106,-1715
116000055,259,1382,-1123
116000056,329,812,-483
116000057,2333,1810,523
116000058,2161,1375,786
116000059,2005,2420,-415
116000060,3149,696,2453
116000061,365,564,-199
116000062,510,311,199
116000063,397,755,-358
116000066,113,192,-79
116000067,198,457,-259
116000068,108,143,-35
116000069,208,423,-215
116000078,181,760,-579
116000080,568,797,-229
116000082,2,82,-80
116000083,654,265,389
116000084,1476,3424,-1948
116000085,1036,571,465
116000086,1677,1363,314
116000087,742,607,135
116000088,471,911,-440
116000089,89,73,16
116000090,46,104,-58
116000091,116,113,3
116000093,231,238,-7
116000094,158,513,-355
116000095,282,396,-114
116000096,366,777,-411
116000097,237,580,-343
116000098,201,2481,-2280
116000099,6826,260,6566
116000100,36,18,18
116000101,187,1213,-1026
116000102,95,1104,-1009
116000103,206,142,64
116000104,76,1248,-1172
116000105,341,162,179
116000106,401,950,-549
116000107,1245,426,819
116000108,30,107,-77
116000111,16,18,-2
116000113,107,23,84
116000114,19,141,-122
116000115,71,30,41
116000116,102,471,-369
116000117,599,1164,-565
116000118,468,1129,-661
116000119,982,1063,-81
116000120,1366,4035,-2669
116000121,311,238,73
116000122,1009,2155,-1146
116000123,200,296,-96
116000124,135,1006,-871
116000125,548,307,241
116000126,107,1291,-1184
116000127,696,1290,-594
116000128,797,409,388
116000129,227,155,72
116000130,115,126,-11
116000133,252,802,-550
116000134,861,2382,-1521
116000135,699,946,-247
116000136,648,2223,-1575
116000137,399,394,5
116000138,1041,237,804
116000139,1288,1883,-595
116000140,69,171,-102
116000141,237,854,-617
116000142,3371,3920,-549
116000143,1680,1089,591
116000144,781,2760,-1979
116000145,955,1189,-234
116000146,161,346,-185
116000147,168,105,63
116000148,177,289,-112
116000149,202,402,-200
116000151,345,857,-512
116000153,33,326,-293
116000155,96,147,-51
116000156,260,701,-441
116000157,15,12,3
116000158,225,324,-99
116000159,11,3,8
116000160,13,82,-69
116000161,1,85,-84
116000162,52,45,7
116000163,7,1,6
116000164,1,6,-5
116000177,33,66,-33
116000194,28,240,-212
116000195,879,408,471
116000196,3,8,-5
116000197,1,12,-11
116000198,1798,677,1121
116000200,480,183,297
116000201,323,495,-172
116000202,1,274,-273
116000203,0,72,-72
116000204,13,37,-24
116000205,0,105,-105
116000206,0,58,-58
116000207,0,16,-16
116000233,73,613,-540
116000287,48,445,-397
116000288,33,199,-166
116000292,15,124,-109
116000296,7,175,-168
116000297,62,16,46
116000304,28,20,8
116000305,9,49,-40
116000346,40,178,-138
116000352,57,41,16
116000354,30,4,26
116000357,46,11,35
116000358,47,13,34
116000361,540,0,540
116000372,8447,1597,6850
116000381,21,1,20
116000388,0,34,-34
116000389,337,413,-76
116000445,99,710,-611
116000446,108,818,-710
116000447,7,328,-321
116000448,386,187,199
116000563,699,345,354
116000565,44,315,-271
116000568,32,64,-32
116000579,21,80,-59
116000584,7,10,-3
116000585,6,13,-7
116000586,162,68,94
116000587,187,367,-180
116000589,21,63,-42
116000590,31,43,-12
116000591,32,212,-180
116000592,5,99,-94
116000593,0,28,-28
116000594,115,473,-358
116000595,148,145,3
116000596,29,4,25
116000597,81,26,55
116000598,11,147,-136
116000605,106,71,35
116000606,11,90,-79
116000607,0,30,-30
116000609,189,440,-251
116000611,56,502,-446
116000612,406,1519,-1113
116000613,164,212,-48
116000614,344,718,-374
116000615,1,59,-58
116000616,7,121,-114
116000617,24,103,-79
116000618,1,142,-141
116000619,3,44,-41
116000620,23,312,-289
116000621,7,33,-26
116000622,17,95,-78
116000624,56,56,0
116000627,14,75,-61
116000628,28,463,-435
116000629,14,233,-219
116000630,75,31,44
116000631,34,25,9
116000632,131,94,37
116000633,40,275,-235
116000634,152,255,-103
116000635,2850,1229,1621
116000636,1469,875,594
116000637,116,107,9
116000638,45,397,-352
116000639,30,4,26
116000640,3,6,-3
116000641,48,131,-83
116000643,1,130,-129
116000644,5,841,-836
116000645,6,19,-13
116900001,94,159,-65
116900002,175,8,167
116900003,12,52,-40
116900004,16,25,-9
116900005,61,41,20
116900006,119,116,3
116900007,73,171,-98
116900008,107,446,-339
116900009,5,2,3
116900010,2,1508,-1506
116900011,8,48,-40
116900012,56,158,-102
116900013,1,121,-120
116900014,36,358,-322
116900015,152,41,111
116900016,49,0,49
116900017,0,617,-617
116900019,3,281,-278
116900020,977,139,838
116900023,28,1,27
116900024,198,64,134
116900025,266,884,-618
116900026,95,558,-463
116900027,9,15,-6
116900028,1,94,-93
116900029,19,10,9
116900031,0,0,0
116900032,5,314,-309
116900033,3,19,-16
116900034,4,49,-45
116900035,48,140,-92
116900036,1,84,-83
116900038,9,2,7
116900041,5,2,3
116900042,781,136,645
116900043,3,52,-49
116900047,76,24,52
116900049,38,203,-165
116900050,41,269,-228
116900051,20,170,-150
116900052,91,40,51
116900055,2,1,1
116900057,12,245,-233
116900058,7,258,-251
116900059,1,122,-121
116900060,103,199,-96
116900062,0,1,-1
116900064,14,862,-848
116900065,1,37,-36
116900067,48,80,-32
116900068,90,395,-305
116900070,0,4,-4
116900072,3,344,-341
116900073,7,147,-140
116900074,0,19,-19
116900076,3,19,-16
116900077,9,137,-128
116900078,164,78,86
116900079,9,296,-287
116900080,5,2,3
116900081,127,1024,-897
116900082,69,989,-920
116900083,37,34,3
116900084,114,39,75
116900085,7,102,-95
116900086,11,170,-159
116900088,257,36,221
116900090,88,41,47
116900091,56,55,1
116900092,41,756,-715
116900093,1197,1159,38
116900094,5273,1254,4019
116900095,142,146,-4
116900096,49,58,-9
116900097,2997,933,2064
116900098,737,102,635
116900099,302,239,63
116900100,237,25,212
116900101,170,567,-397
116900103,0,0,0
116900104,21,45,-24
116900105,160,31,129
116900106,415,181,234
116900107,3116,708,2408
116900110,5,1,4
116900111,79,499,-420
116900112,55,713,-658
116900113,1239,299,940
116900116,72,222,-150
116900117,16,53,-37
116900118,911,398,513
116900120,82,101,-19
116900121,28,35,-7
116900122,148,705,-557
116900123,52,775,-723
116900124,68,670,-602
116900125,61,147,-86
116900126,184,350,-166
116900128,0,45,-45
116900129,1,246,-245
116900130,751,1170,-419
116900131,19,131,-112
116900132,13,55,-42
116900133,58,92,-34
116900134,71,182,-111
116900136,56,108,-52
116900137,115,95,20
116900138,113,167,-54
116900139,23,308,-285
116900140,61,148,-87
116900141,248,191,57
116900142,4,16,-12
116900143,95,334,-239
116900144,3,33,-30
116900145,42,254,-212
116900147,408,175,233
116900148,1,12,-11
116900149,8,74,-66
116900150,2,4,-2
116900151,65,17,48
116900153,29,36,-7
116900154,367,75,292
116900155,26,24,2
116900157,100,213,-113
116900158,35,52,-17
116900159,28,150,-122
116900160,237,214,23
116900161,7226,2146,5080
116900163,23,113,-90
116900164,8,12,-4
116900165,55,60,-5
116900166,3,113,-110
116900167,87,43,44
116900168,61,71,-10
116900169,459,115,344
116900170,61,180,-119
116900171,9,97,-88
116900172,176,46,130
116900173,31,23,8
116900174,14,32,-18
116900175,72,67,5
116900178,10,146,-136
116900179,39,46,-7
116900180,27,13,14
116900182,124,153,-29
116900183,68,36,32
116900185,14,12,2
116900186,15,164,-149
116900187,7,4,3
116900188,38,8,30
116900189,9,0,9
116900191,125,237,-112
116900192,106,124,-18
116900194,68,339,-271
116900195,25,6,19
116900196,24,217,-193
116900197,20,2,18
116900198,159,82,77
116900200,23,26,-3
116900201,21,4,17
116900202,124,142,-18
116900203,36,4,32
116900204,11,28,-17
116900206,3,30,-27
116900207,7,12,-5
116900208,13,68,-55
116900209,4,111,-107
116900210,119,136,-17
116900211,105,13,92
116900212,8,63,-55
116900213,127,110,17
116900214,51,106,-55
116900215,6,67,-61
116900216,107,302,-195
116900218,3,238,-235
116900219,493,273,220
116900220,41,136,-95
116900221,43,201,-158
116900222,235,198,37
116900223,59,97,-38
116900226,11,55,-44
116900227,49,49,0
116900228,81,230,-149
116900230,29,852,-823
116900231,17,482,-465
116900232,319,126,193
116900233,191,349,-158
116900234,18,2,16
116900235,241,343,-102
116900238,1157,194,963
116900239,7,414,-407
116900240,4604,1432,3172
116900241,9,84,-75
116900242,1016,109,907
116900243,2,40,-38
116900245,13,14,-1
116900246,31,11,20
116900247,119,5,114
116900248,32,6,26
116900249,66,169,-103
116900250,45,29,16
116900251,348,133,215
116900252,208,931,-723
116900254,522,227,295
116900255,87,13,74
116900256,70,67,3
116900257,3,427,-424
116900258,0,340,-340
116900259,17,2,15
116900260,0,120,-120
116900261,3,2,1
116900262,34,142,-108
116900263,0,7,-7
116900264,14,20,-6
116900265,11,0,11
116900266,1,46,-45
116900267,0,0,0
116900268,15,3,12
116900269,184,336,-152
116900271,1482,38,1444
116900272,402,482,-80
116900273,242,26,216
116900274,13,41,-28
116900275,67,156,-89
116900276,218,23,195
116900277,329,7,322
116900278,5,2,3
116900279,0,13,-13
116900280,7,18,-11
116900281,6254,1235,5019
116900282,8,131,-123
116900283,5,112,-107
116900284,24,113,-89
116900285,255,119,136
116900286,133,6,127
116900287,4,51,-47
116900288,20,172,-152
116900289,1,7,-6
116900290,1,33,-32
116900291,3,6,-3
116900292,0,3,-3
116900293,11,72,-61
116900294,10,89,-79
116900295,90,24,66
116900296,35,53,-18
116900297,2,45,-43
116900298,88,21,67
116900299,18,27,-9
116900300,3,136,-133
116900301,57,85,-28
116900302,38,21,17
116900303,276,35,241
116900304,0,99,-99
116900305,12,32,-20
116900306,46,140,-94
116900307,22,0,22
116900308,1,177,-176
116900309,14,72,-58
116900310,3,47,-44
117000001,770,955,-185
117000002,1139,3430,-2291
117000003,4450,2103,2347
117000004,3184,4193,-1009
117000005,863,1043,-180
117000006,697,4296,-3599
117000007,1887,1208,679
117000008,864,3781,-2917
117000009,2821,1126,1695
117000010,1965,3566,-1601
117000011,741,1661,-920
117000012,827,1579,-752
117000013,697,1113,-416
117000014,545,2074,-1529
117000015,2207,836,1371
117000016,349,69,280
117000017,470,113,357
117000018,109,188,-79
117000019,67,19,48
117000020,761,565,196
117000021,2999,401,2598
117000022,368,28,340
117000023,442,119,323
117000024,328,56,272
117000025,621,471,150
117000026,2478,545,1933
117000027,3308,819,2489
117000028,3548,449,3099
117000030,954,548,406
117000031,369,200,169
117000032,1635,1299,336
117000033,830,664,166
117000034,268,267,1
117000035,237,192,45
117000036,349,222,127
117000037,208,136,72
117000038,246,353,-107
117000039,286,249,37
117000040,64,1224,-1160
117000041,336,82,254
117000044,30,1037,-1007
117000045,228,47,181
117000046,317,765,-448
117000047,519,467,52
117000048,1465,1086,379
117000049,87,292,-205
117000050,55,2160,-2105
117000051,980,162,818
117000052,3,586,-583
117000053,84,41,43
117000054,651,5,646
117000055,149,2868,-2719
117000056,250,5,245
117000057,488,1785,-1297
117000060,244,1879,-1635
117000061,682,577,105
117000062,141,458,-317
117000063,761,537,224
117000064,757,637,120
117000066,727,522,205
117000067,105,227,-122
117000074,117,151,-34
117000076,79,35,44
117000077,76,48,28
117000078,69,458,-389
117000079,128,116,12
117000080,0,350,-350
117000081,532,90,442
117000082,27,52,-25
117000083,196,140,56
117000084,292,4,288
117000085,89,326,-237
117000086,794,660,134
117000087,133,384,-251
117000088,137,131,6
117000089,845,276,569
117000090,150,1244,-1094
117000091,318,335,-17
117000092,196,1767,-1571
117000093,529,500,29
117000094,411,2363,-1952
117000095,1067,584,483
117000096,291,2266,-1975
117000097,448,1026,-578
117000098,2005,5225,-3220
117000099,1081,632,449
117000100,71,111,-40
117000101,156,1308,-1152
117000102,497,371,126
117000103,632,1661,-1029
117000104,604,352,252
117000105,492,1985,-1493
117000106,532,623,-91
117000107,272,2293,-2021
117000108,675,575,100
117000109,1303,2709,-1406
117000110,821,420,401
117000111,2633,3976,-1343
117000112,1418,1490,-72
117000113,44,318,-274
117000114,76,99,-23
117000115,32,148,-116
117000116,27,211,-184
117000117,931,303,628
117000118,148,175,-27
117000119,280,32,248
117000120,438,67,371
117000121,237,421,-184
117000122,504,603,-99
117000123,1535,14,1521
117000124,575,21,554
117000125,412,29,383
117000126,63,52,11
117000127,129,231,-102
117000128,434,416,18
117000129,579,343,236
117000130,98,26,72
117000131,0,216,-216
117000132,725,44,681
117000133,277,125,152
117000134,0,72,-72
117000135,7,28,-21
117000136,0,51,-51
117000137,32,19,13
117000138,1,465,-464
117000140,370,1655,-1285
117000141,959,445,514
117000181,801,279,522
117000182,191,128,63
117000195,157,1207,-1050
117000196,39,36,3
117000225,145,6,139
117000226,7,95,-88
117000276,60,3,57
117000277,0,531,-531
117000310,1738,1905,-167
117000315,33,461,-428
117000320,75,0,75
117000906,75,6,69
117000907,2,469,-467
117000909,82,35,47
117000910,147,83,64
117000911,101,246,-145
117000915,6,573,-567
117000916,28,2,26
117000917,305,6,299
117000918,48,72,-24
117000919,20,180,-160
117000920,2,1403,-1401
117000921,5,2049,-2044
117000922,43,128,-85
117000924,234,464,-230
117000926,1292,58,1234
117000927,1863,207,1656
117000928,1,246,-245
117000929,54,464,-410
117000930,51,15,36
117000931,893,36,857
117900002,81,332,-251
117900003,546,226,320
117900005,3,4,-1
117900006,0,34,-34
117900007,48,170,-122
117900008,0,29,-29
117900010,215,144,71
117900011,12,10,2
117900012,37,164,-127
117900013,0,216,-216
117900014,520,261,259
117900015,23,241,-218
117900016,980,262,718
117900017,424,642,-218
117900018,208,20,188
117900019,239,605,-366
117900020,38,142,-104
117900021,12,81,-69
117900023,543,99,444
117900024,43,132,-89
117900025,16,6,10
117900026,110,383,-273
117900028,33,0,33
117900029,106,1060,-954
117900031,110,54,56
117900032,356,227,129
117900033,83,1070,-987
117900034,33,43,-10
117900035,56,24,32
117900036,121,785,-664
117900037,31,100,-69
117900038,8,352,-344
117900039,3,87,-84
117900040,70,536,-466
117900041,0,53,-53
117900042,4035,362,3673
117900043,16,59,-43
117900044,3,2103,-2100
117900045,96,65,31
117900048,91,284,-193
117900049,70,827,-757
117900050,26,30,-4
117900051,15,1,14
117900052,21,148,-127
117900053,425,588,-163
117900054,1,17,-16
117900055,78,115,-37
117900056,350,22,328
117900057,589,1159,-570
117900058,88,12,76
117900059,220,33,187
117900060,375,4324,-3949
117900061,12,112,-100
117900063,117,211,-94
117900065,592,980,-388
117900066,9,20,-11
117900067,207,300,-93
117900069,336,461,-125
117900070,150,4,146
117900071,63,79,-16
117900073,130,389,-259
117900074,62,2,60
117900075,27,69,-42
117900076,23,56,-33
117900077,112,72,40
117900078,128,225,-97
117900080,73,54,19
117900081,504,414,90
117900082,92,150,-58
117900083,143,671,-528
117900086,70,49,21
117900087,12,36,-24
117900088,1970,1233,737
117900089,618,206,412
117900090,244,927,-683
117900091,95,100,-5
117900092,15,47,-32
117900093,14,44,-30
117900094,11,3,8
117900095,196,917,-721
117900096,36,165,-129
117900097,62,60,2
117900098,3,1,2
117900099,48,396,-348
117900100,64,1,63
117900101,239,674,-435
117900102,33,42,-9
117900103,7,0,7
117900104,19,93,-74
117900105,113,202,-89
117900106,27,27,0
117900107,3,0,3
117900109,212,244,-32
117900110,22,0,22
117900111,96,6,90
117900112,21,11,10
117900113,3289,1013,2276
117900114,2,0,2
117900115,219,15,204
117900116,744,614,130
117900117,216,190,26
117900118,10,2,8
117900119,35,257,-222
117900120,76,108,-32
117900121,52,21,31
117900122,820,923,-103
117900123,344,683,-339
117900124,347,408,-61
117900125,660,439,221
117900126,251,532,-281
117900127,197,581,-384
117900128,118,772,-654
117900129,16,0,16
117900130,474,191,283
117900131,0,85,-85
117900132,7,75,-68
117900133,2,127,-125
117900134,28,186,-158
117900135,5,199,-194
117900136,1,50,-49
117900137,12,246,-234
117900138,0,36,-36
117900139,17,80,-63
117900140,5049,128,4921
117900141,111,217,-106
117900142,88,7,81
117900144,42,73,-31
117900145,26,4,22
117900146,100,58,42
117900147,10,31,-21
117900148,2256,589,1667
117900149,14,114,-100
117900150,25,77,-52
117900151,18,166,-148
117900152,97,74,23
117900153,4,101,-97
117900154,221,617,-396
117900156,453,555,-102
117900157,26,318,-292
117900158,26,40,-14
117900160,207,155,52
117900161,1569,1851,-282
117900162,91,337,-246
117900163,79,8,71
117900165,0,4,-4
117900166,48,119,-71
117900168,36,139,-103
117900169,1,109,-108
117900170,0,23,-23
117900171,8,2,6
117900172,15,41,-26
117900173,98,55,43
117900174,12,37,-25
117900175,1,26,-25
117900176,6,39,-33
117900177,2,24,-22
117900178,67,44,23
117900180,210,14,196
117900181,97,98,-1
117900182,2,19,-17
117900183,11,76,-65
117900184,1,29,-28
117900185,7,19,-12
117900186,2,15,-13
117900187,11,4,7
117900188,60,9,51
117900189,21,14,7
117900190,12,0,12
117900191,31,0,31
117900192,102,6,96
117900193,14,31,-17
117900194,1,11,-10
117900195,18,8,10
117900196,4,14,-10
117900207,87,44,43
117900208,17,31,-14
117900209,149,88,61
117900210,121,96,25
117900211,17,138,-121
117900212,57,170,-113
117900213,12,15,-3
117900214,1,40,-39
117900215,17,63,-46
117900216,42,28,14
117900217,158,23,135
117900218,216,130,86
117900219,4,18,-14
117900220,63,47,16
117900222,110,181,-71
117900223,159,136,23
118000001,532,297,235
118000002,1255,1315,-60
118000003,1147,768,379
118000004,2484,1739,745
118000005,4405,1136,3269
118000006,6400,5032,1368
118000007,4847,1450,3397
118000008,4470,2128,2342
118000009,1672,1851,-179
118000010,1379,2955,-1576
118000011,418,2005,-1587
118000012,660,2198,-1538
118000013,2380,2281,99
118000014,1384,2939,-1555
118000016,207,628,-421
118000017,110,248,-138
118000018,203,713,-510
118000019,1370,1042,328
118000020,555,742,-187
118000021,611,1116,-505
118000022,1370,403,967
118000023,841,247,594
118000024,1207,456,751
118000027,13563,3281,10282
118000029,892,400,492
118000032,1248,1039,209
118000033,2106,1472,634
118000034,3329,1183,2146
118000035,1275,1044,231
118000036,1067,820,247
118000037,490,707,-217
118000038,75,137,-62
118000039,46,341,-295
118000040,1276,1995,-719
118000041,1465,1168,297
118000045,684,117,567
118000046,1674,355,1319
118000047,1404,356,1048
118000048,3280,872,2408
118000051,1541,390,1151
118000052,862,205,657
118000053,346,315,31
118000054,1936,974,962
118000055,1374,975,399
118000056,233,213,20
118000057,206,264,-58
118000058,2118,806,1312
118000059,1221,581,640
118000060,422,496,-74
118000061,364,904,-540
118000062,263,110,153
118000063,197,279,-82
118000064,653,732,-79
118000065,4234,993,3241
118000066,507,545,-38
118000067,1603,800,803
118000068,1597,2087,-490
118000069,3086,874,2212
118000070,6905,1000,5905
118000071,2869,2708,161
118000072,1597,634,963
118000073,2448,322,2126
118000074,187,406,-219
118000075,592,199,393
118000076,1045,934,111
118000077,1135,819,316
118000078,1324,1212,112
118000079,175,192,-17
118000080,971,592,379
118000081,1197,868,329
118000082,242,435,-193
118000083,1705,699,1006
118000084,2251,959,1292
118000086,127,321,-194
118000087,5256,1729,3527
118000088,1566,1426,140
118000089,3137,1724,1413
118000090,1779,1584,195
118000091,1035,1143,-108
118000092,1057,330,727
118000093,79,468,-389
118000096,265,335,-70
118000097,455,360,95
118000098,154,149,5
118000099,167,830,-663
118000101,437,235,202
118000102,175,1516,-1341
118000107,2766,299,2467
118000108,339,596,-257
118000110,1,16,-15
118000111,3,678,-675
118000112,112,4,108
118000113,3,937,-934
118000114,93,4,89
118000115,13,2,11
118000116,19,0,19
118000117,1050,656,394
118000118,677,465,212
118000119,362,705,-343
118000120,1107,1226,-119
118000121,46,415,-369
118000122,887,123,764
118000123,36,296,-260
118000125,1349,746,603
118000126,507,1017,-510
118000127,1416,422,994
118000128,622,815,-193
118000129,643,219,424
118000130,2237,3256,-1019
118000131,584,860,-276
118000132,1623,1240,383
118000133,343,346,-3
118000135,270,194,76
118000136,63,507,-444
118000137,457,87,370
118000138,159,636,-477
118000139,91,74,17
118000140,1308,2073,-765
118000141,951,1617,-666
118000142,759,1792,-1033
118000143,662,737,-75
118000144,1240,813,427
118000145,928,2817,-1889
118000146,766,1655,-889
118000147,505,1640,-1135
118000148,232,1172,-940
118000149,372,992,-620
118000150,77,233,-156
118000151,121,427,-306
118000153,368,901,-533
118000154,406,1219,-813
118000155,452,1111,-659
118000156,1781,1663,118
118000157,193,265,-72
118000158,134,426,-292
118000159,5,49,-44
118000160,190,329,-139
118000161,212,836,-624
118000162,380,656,-276
118000163,218,484,-266
118000164,1802,839,963
118000168,922,118,804
118000169,640,1558,-918
118000170,2671,5361,-2690
118000171,132,549,-417
118000172,82,242,-160
118000173,518,1153,-635
118000175,114,299,-185
118000176,195,351,-156
118000177,105,527,-422
118000178,41,22,19
118000179,1273,527,746
118000180,551,679,-128
118000181,509,311,198
118000182,205,317,-112
118000183,135,191,-56
118000184,242,979,-737
118000185,759,584,175
118000186,348,615,-267
118000187,505,867,-362
118000188,163,166,-3
118000189,149,725,-576
118000190,10,2,8
118000191,18,23,-5
118000192,170,135,35
118000193,83,196,-113
118000194,1600,788,812
118000195,904,382,522
118000196,317,54,263
118000197,169,58,111
118000198,474,250,224
118000199,463,192,271
118000200,34,107,-73
118000201,381,185,196
118000202,30,19,11
118000203,1608,243,1365
118000204,213,128,85
118000205,656,326,330
118000206,115,168,-53
118000207,0,72,-72
118000208,618,1183,-565
118000209,936,1577,-641
118000210,25,24,1
118000211,19,15,4
118000213,473,375,98
118000214,538,180,358
118000215,148,364,-216
118000216,573,2348,-1775
118000217,15,112,-97
118000218,29,75,-46
118000219,292,359,-67
118000220,0,18,-18
118000221,39,201,-162
118000222,53,20,33
118000223,8,22,-14
118000224,182,108,74
118000225,83,740,-657
118000226,463,62,401
118000227,903,289,614
118000228,122,86,36
118000229,128,10,118
118000230,49,213,-164
118000231,53,148,-95
118000232,324,703,-379
118000233,335,698,-363
118000234,87,279,-192
118000236,197,277,-80
118000237,23,545,-522
118000238,60,223,-163
118000239,133,254,-121
118000240,463,58,405
118000241,36,291,-255
118000242,123,599,-476
118000243,35,127,-92
118000244,39,218,-179
118000246,0,8,-8
118000255,19,161,-142
118000256,41,157,-116
118000259,4,46,-42
118000260,42,83,-41
118000261,10,66,-56
118000263,70,178,-108
118000266,63,320,-257
118000267,0,90,-90
118000268,125,2,123
118000270,23,14,9
118000271,94,203,-109
118000272,39,17,22
118000273,61,56,5
118000274,83,263,-180
118000276,113,237,-124
118000295,12,42,-30
118000298,111,372,-261
118000299,51,229,-178
118000301,0,46,-46
118000302,56,87,-31
118000311,71,98,-27
118000312,61,206,-145
118000313,8,109,-101
118000314,23,80,-57
118000315,9,72,-63
118000316,251,448,-197
118000325,11,67,-56
118000326,5,35,-30
118000331,4,44,-40
118000332,12,31,-19
118000333,12,48,-36
118000335,95,0,95
118000336,0,330,-330
118000407,24,61,-37
118000457,7,21,-14
118000465,3059,1679,1380
118000480,8,140,-132
118000489,54,95,-41
118000490,139,362,-223
118000492,118,128,-10
118000510,44,7,37
118000514,92,247,-155
118000515,372,279,93
118000517,327,128,199
118000524,577,145,432
118000525,527,767,-240
118000530,5,69,-64
118000531,81,243,-162
118000532,72,265,-193
118000533,198,132,66
118000534,265,350,-85
118000535,83,81,2
118000536,520,236,284
118000537,11,34,-23
118000538,17,67,-50
118000539,30,51,-21
118000540,158,144,14
118000541,101,88,13
118000542,29,95,-66
118000543,113,159,-46
118000546,8,19,-11
118000553,0,3,-3
118000560,2579,467,2112
118000562,10,373,-363
118000563,1614,1515,99
118000576,110,150,-40
118000577,181,201,-20
118000578,100,68,32
118000579,745,590,155
118000583,0,0,0
118000595,68,59,9
118000596,0,51,-51
118000597,95,179,-84
118000598,2,0,2
118000599,16,39,-23
118000600,0,3,-3
118000601,0,0,0
118000602,0,3,-3
118000603,0,44,-44
118000605,48,524,-476
118000606,7,34,-27
118900001,752,368,384
118900002,946,303,643
118900003,47,2,45
118900004,20,25,-5
118900005,22,1,21
118900006,28,1,27
118900007,14,6,8
118900008,777,45,732
118900009,13,5,8
118900010,15,0,15
118900011,44,8,36
118900012,206,187,19
118900013,430,14,416
118900015,55,2,53
118900016,6,19,-13
118900017,112,79,33
118900018,619,4,615
118900019,23,11,12
118900020,160,62,98
118900021,72,290,-218
118900022,53,88,-35
118900023,35,65,-30
118900024,15,106,-91
118900025,16,22,-6
118900026,15,74,-59
118900027,213,175,38
118900028,22,137,-115
118900029,50,285,-235
118900030,56,41,15
118900031,69,144,-75
118900032,74,209,-135
118900033,180,565,-385
118900034,30,4,26
118900035,72,249,-177
118900036,314,505,-191
118900037,114,213,-99
118900038,115,256,-141
118900039,94,191,-97
118900040,55,97,-42
118900041,113,153,-40
118900042,88,68,20
118900045,94,86,8
118900046,613,99,514
118900047,670,146,524
118900048,95,166,-71
118900049,37,25,12
118900050,1,119,-118
118900051,109,51,58
118900052,46,180,-134
118900053,9,61,-52
118900054,32,51,-19
118900055,9,109,-100
118900056,5,67,-62
118900057,123,173,-50
118900058,153,324,-171
118900059,9,61,-52
118900060,14,83,-69
118900062,38,139,-101
118900064,421,234,187
118900065,11,54,-43
118900066,33,108,-75
118900067,5327,1456,3871
118900068,1,86,-85
118900069,124,232,-108
118900071,2,27,-25
118900072,153,252,-99
118900073,26,106,-80
118900074,46,91,-45
118900075,19,34,-15
118900076,95,34,61
118900077,166,109,57
118900078,10,4,6
118900079,19,85,-66
118900080,4,43,-39
118900081,27,9,18
118900082,229,91,138
118900083,3,8,-5
118900084,7,12,-5
118900085,332,898,-566
118900086,10,28,-18
118900087,17,97,-80
118900088,0,25,-25
118900089,7,2,5
118900090,209,402,-193
118900091,124,84,40
118900092,30,67,-37
118900093,59,5,54
118900096,60,107,-47
118900097,95,599,-504
118900099,30,198,-168
118900100,49,141,-92
118900101,21,335,-314
118900102,14,39,-25
118900103,15,35,-20
118900104,23,48,-25
118900105,85,65,20
118900107,112,57,55
118900108,16,50,-34
118900110,1093,262,831
118900111,101,502,-401
118900112,13,100,-87
118900113,74,372,-298
118900114,1,58,-57
118900115,32,196,-164
118900116,42,130,-88
118900117,46,160,-114
118900118,102,451,-349
118900119,43,307,-264
118900120,49,274,-225
118900121,5,209,-204
118900122,5,298,-293
118900123,67,190,-123
118900124,27,101,-74
118900126,7,167,-160
118900129,106,98,8
118900130,51,49,2
118900131,46,274,-228
118900132,154,81,73
118900133,20,46,-26
118900135,70,151,-81
118900136,113,744,-631
118900137,1,15,-14
118900139,78,357,-279
118900140,278,726,-448
118900141,30,218,-188
118900144,84,535,-451
118900145,24,127,-103
118900146,98,634,-536
118900147,119,93,26
118900148,14,21,-7
118900150,81,231,-150
118900152,178,805,-627
118900157,47,102,-55
118900158,7,100,-93
118900159,3,145,-142
118900161,65,2,63
118900163,131,43,88
118900164,4,86,-82
118900165,15,190,-175
118900166,4,2,2
118900167,20,156,-136
118900168,2,29,-27
118900169,31,282,-251
118900170,15,70,-55
118900171,5,14,-9
118900174,19,32,-13
118900175,111,239,-128
118900176,43,124,-81
118900177,7,47,-40
118900178,9,46,-37
118900179,0,14,-14
118900181,28,51,-23
118900182,29,10,19
118900183,11,41,-30
118900184,73,11,62
118900185,30,123,-93
118900186,96,101,-5
118900187,80,255,-175
118900188,105,228,-123
118900189,9,236,-227
118900190,6,616,-610
118900191,60,15,45
118900192,43,8,35
118900193,122,4,118
118900195,166,709,-543
118900196,9,142,-133
118900197,54,84,-30
118900198,1,21,-20
118900199,6,45,-39
118900200,4,3,1
118900201,11,2,9
118900202,5,40,-35
118900203,4,31,-27
118900204,5,41,-36
118900205,0,21,-21
118900206,0,19,-19
119000001,576,762,-186
119000002,1060,1716,-656
119000003,573,1217,-644
119000004,970,1030,-60
119000005,869,1132,-263
119000006,1021,1088,-67
119000007,1654,2081,-427
119000008,1148,1791,-643
119000009,2535,1606,929
119000010,6344,2914,3430
119000011,3689,1101,2588
119000012,3348,2209,1139
119000013,1548,1000,548
119000014,1906,2963,-1057
119000019,122,115,7
119000020,591,937,-346
119000021,1322,1291,31
119000022,2124,896,1228
119000023,213,180,33
119000024,1500,3447,-1947
119000025,8702,914,7788
119000026,200,152,48
119000027,268,236,32
119000028,1600,944,656
119000029,126,231,-105
119000030,238,866,-628
119000031,457,837,-380
119000032,1557,1665,-108
119000033,1103,1253,-150
119000034,725,718,7
119000035,17,358,-341
119000036,568,966,-398
119000037,630,1814,-1184
119000038,155,1050,-895
119000039,99,300,-201
119000040,801,356,445
119000041,619,872,-253
119000048,3006,3355,-349
119000049,897,3345,-2448
119000050,1135,1908,-773
119000051,1237,684,553
119000052,1556,2309,-753
119000053,1097,843,254
119000054,1943,3061,-1118
119000055,1554,3055,-1501
119000056,1076,1720,-644
119000057,939,2072,-1133
119000058,1101,1787,-686
119000059,618,1165,-547
119000060,536,647,-111
119000061,424,652,-228
119000062,635,1084,-449
119000063,215,290,-75
119000064,1183,1580,-397
119000065,1308,2554,-1246
119000066,1057,785,272
119000067,1297,2110,-813
119000068,774,760,14
119000069,860,2024,-1164
119000070,891,932,-41
119000071,383,610,-227
119000072,5459,2926,2533
119000073,3381,3701,-320
119000074,456,3433,-2977
119000075,575,1965,-1390
119000076,305,707,-402
119000077,461,391,70
119000078,223,340,-117
119000079,47,648,-601
119000080,50,8,42
119000081,104,299,-195
119000082,189,167,22
119000083,171,195,-24
119000084,233,475,-242
119000085,457,306,151
119000086,155,235,-80
119000087,1300,776,524
119000088,180,211,-31
119000090,164,153,11
119000091,105,158,-53
119000092,595,243,352
119000093,3070,3169,-99
119000094,1201,3344,-2143
119000095,712,2525,-1813
119000097,1986,1442,544
119000098,424,1016,-592
119000099,1374,1332,42
119000100,1370,1580,-210
119000101,1611,1782,-171
119000102,516,472,44
119000103,836,398,438
119000104,2546,1152,1394
119000105,394,536,-142
119000106,162,1835,-1673
119000107,260,368,-108
119000108,174,1370,-1196
119000109,79,229,-150
119000110,347,304,43
119000111,29,324,-295
119000112,139,78,61
119000113,2162,184,1978
119000114,412,255,157
119000115,162,115,47
119000116,68,82,-14
119000117,38,225,-187
119000118,4,0,4
119000123,1421,496,925
119000124,224,183,41
119000125,941,907,34
119000126,296,1006,-710
119000127,169,926,-757
119000128,24,3,21
119000131,255,1094,-839
119000132,2,2,0
119000133,0,2,-2
119000134,1924,474,1450
119000135,33,197,-164
119000136,61,296,-235
119000137,49,461,-412
119000138,89,416,-327
119000139,72,246,-174
119000140,61,154,-93
119000284,1357,2386,-1029
119000285,2217,1854,363
119000286,4553,3389,1164
119000287,873,1635,-762
119000288,1347,1426,-79
119000289,2037,3539,-1502
119000290,119,518,-399
119000291,5,447,-442
119000293,94,162,-68
119000294,36,18,18
119000295,1444,387,1057
119000296,220,256,-36
119000302,4025,1123,2902
119000303,233,84,149
119000310,0,0,0
119000314,1063,3162,-2099
119000315,5,531,-526
119000316,27,108,-81
119000317,11,468,-457
119000319,54,157,-103
119900001,66,424,-358
119900002,38,237,-199
119900003,31,1052,-1021
119900004,201,274,-73
119900005,34,119,-85
119900006,59,235,-176
119900007,411,50,361
119900008,1,23,-22
119900009,221,425,-204
119900010,688,727,-39
119900011,9,32,-23
119900012,6,20,-14
119900013,1021,392,629
119900014,463,162,301
119900015,49,14,35
119900016,7,64,-57
119900017,6,40,-34
119900018,841,93,748
119900019,9,4,5
119900020,28,111,-83
119900021,56,24,32
119900022,66,181,-115
119900023,607,314,293
119900025,45,23,22
119900026,653,54,599
119900027,3,11,-8
119900028,97,25,72
119900029,0,2,-2
119900030,218,283,-65
119900031,15,126,-111
119900033,1478,80,1398
119900034,114,135,-21
119900037,25,16,9
119900038,10,73,-63
119900039,32,2,30
119900040,35,7,28
119900041,39,28,11
119900042,33,116,-83
119900043,39,157,-118
119900044,85,155,-70
119900046,15,68,-53
119900047,84,79,5
119900048,38,39,-1
119900049,28,6,22
119900050,11,20,-9
119900051,175,7,168
119900052,14,41,-27
119900053,48,176,-128
119900054,20,0,20
119900055,325,190,135
119900057,75,68,7
119900058,34,5,29
119900059,52,28,24
119900060,70,6,64
119900061,42,2,40
119900062,25,14,11
119900063,10,17,-7
119900065,64,7,57
119900067,32,13,19
119900068,73,1,72
119900069,22,7,15
119900070,144,4,140
119900071,96,1,95
119900073,1375,233,1142
119900074,31,8,23
119900075,4926,1106,3820
119900076,131,473,-342
119900077,183,1099,-916
119900078,171,781,-610
119900079,317,286,31
119900080,84,218,-134
119900081,120,156,-36
119900082,181,110,71
119900083,217,55,162
119900084,244,65,179
119900085,145,32,113
119900086,84,875,-791
119900087,107,103,4
119900088,40,36,4
119900089,6,377,-371
119900090,106,35,71
119900091,19,958,-939
119900092,4,307,-303
119900093,401,49,352
119900094,16,162,-146
119900095,99,42,57
119900096,14,58,-44
119900097,233,106,127
119900098,10,23,-13
119900099,15,251,-236
119900100,2070,1152,918
119900101,158,545,-387
119900102,30,297,-267
119900103,13,472,-459
119900104,14,186,-172
119900105,334,946,-612
119900106,9,241,-232
119900107,260,3379,-3119
119900108,1464,476,988
119900109,9,252,-243
119900110,308,576,-268
119900111,16,365,-349
119900112,2936,326,2610
119900113,38,505,-467
119900114,81,1400,-1319
119900115,44,1318,-1274
119900116,55,148,-93
119900117,88,910,-822
119900118,16,1083,-1067
119900119,47,188,-141
119900120,355,577,-222
119900121,86,1328,-1242
119900122,183,389,-206
119900123,81,198,-117
119900124,49,831,-782
119900125,35,380,-345
119900126,4541,121,4420
119900127,2466,659,1807
119900128,125,600,-475
119900129,65,705,-640
119900130,37,201,-164
119900131,7,274,-267
119900132,2,353,-351
119900133,9,22,-13
119900134,1923,179,1744
119900135,1,351,-350
119900136,130,461,-331
119900138,290,450,-160
119900139,2,58,-56
119900140,1,139,-138
119900141,48,224,-176
119900142,0,10,-10
119900143,3,214,-211
119900144,2132,205,1927
119900145,22,226,-204
119900146,97,98,-1
119900147,0,77,-77
119900148,28,38,-10
119900149,1279,1293,-14
119900150,105,132,-27
119900151,723,433,290
119900152,25,391,-366
119900153,36,37,-1
119900154,6,803,-797
119900155,18,18,0
119900156,13,1,12
119900157,19,228,-209
119900158,49,47,2
119900159,6,1598,-1592
119900160,14,206,-192
119900161,118,234,-116
119900162,324,331,-7
119900163,72,54,18
119900164,0,1,-1
119900165,37,199,-162
119900166,26,16,10
119900167,51,74,-23
119900168,213,290,-77
119900169,91,102,-11
119900170,88,111,-23
119900171,253,437,-184
119900172,29,13,16
119900173,3,439,-436
119900174,1,186,-185
119900175,305,528,-223
119900177,8,220,-212
119900178,0,132,-132
119900179,22,136,-114
119900180,332,446,-114
119900181,23,19,4
119900182,2,350,-348
119900183,65,904,-839
119900184,2065,313,1752
119900185,5,74,-69
119900186,27,134,-107
119900187,4,482,-478
119900188,8,259,-251
119900189,201,105,96
119900190,29,48,-19
119900191,129,50,79
119900192,6,157,-151
119900193,73,125,-52
119900194,6,22,-16
119900195,7,156,-149
119900196,1073,288,785
119900197,25,74,-49
119900198,27,416,-389
119900199,107,11,96
119900200,123,420,-297
119900201,299,108,191
119900202,131,46,85
119900203,35,117,-82
119900204,63,272,-209
119900205,138,549,-411
119900206,38,86,-48
119900208,59,79,-20
119900209,135,254,-119
119900210,11,33,-22
119900211,49,6,43
119900212,48,226,-178
119900213,1,34,-33
119900214,4,82,-78
119900215,9,99,-90
119900216,7,78,-71
119900217,4,52,-48
119900218,12,51,-39
119900219,4,113,-109
119900220,8,133,-125
119900221,13,444,-431
119900222,11,317,-306
119900223,9,105,-96
119900224,21,36,-15
119900225,1129,32,1097
119900226,716,569,147
119900227,1050,240,810
119900228,1,187,-186
119900229,200,293,-93
119900230,1002,398,604
119900231,49,155,-106
119900232,118,29,89
119900233,16,1,15
119900234,1,21,-20
119900235,11,14,-3
119900236,9,143,-134
119900237,14,333,-319
119900238,1,89,-88
119900240,32,154,-122
119900241,89,195,-106
119900242,896,395,501
119900244,534,895,-361
119900245,46,72,-26
119900246,120,175,-55
119900247,6,20,-14
119900248,15,29,-14
119900249,88,26,62
119900253,3291,161,3130
119900254,34,162,-128
119900255,54,477,-423
119900256,115,1135,-1020
119900257,11,1,10
119900258,22,0,22
119900259,1,205,-204
119900260,29,1,28
119900261,110,138,-28
119900262,3,231,-228
119900263,681,333,348
119900264,35,206,-171
119900265,77,301,-224
119900266,48,240,-192
119900267,28,269,-241
119900268,36,175,-139
119900269,223,1170,-947
119900271,6,54,-48
119900272,54,25,29
119900275,49,10,39
119900276,13,0,13
119900277,5,0,5
119900278,80,11,69
119900279,41,48,-7
119900280,952,148,804
119900281,0,39,-39
119900282,27,18,9
119900283,8,349,-341
119900284,34,135,-101
119900285,8,15,-7
119900286,0,6,-6
119900288,0,23,-23
119900289,0,37,-37
119900290,1,24,-23
119900291,0,20,-20
119900292,21,11,10
119900293,2,63,-61
119900294,7,60,-53
119900295,1,69,-68
119900296,4,206,-202
119900297,0,13,-13
119900298,1,2,-1
119900299,7,186,-179
119900300,48,125,-77
119900301,21,3,18
119900302,3,18,-15
119900303,94,211,-117
119900304,29,6,23
119900305,11,58,-47
119900306,8,1,7
119900307,16,77,-61
119900308,5,5,0
119900309,5,38,-33
119900310,133,233,-100
119900311,10,180,-170
119900312,37,69,-32
119900313,51,321,-270
119900314,30,145,-115
119900315,312,2154,-1842
119900318,10,13,-3
119900319,2,295,-293
119900320,18,777,-759
119900321,36,0,36
120000001,6001,6039,-38
120000002,1728,2948,-1220
120000003,3133,1927,1206
120000004,2695,2386,309
120000005,4128,1972,2156
120000006,986,1150,-164
120000007,2838,1920,918
120000008,957,1190,-233
120000009,4469,790,3679
120000010,1392,3058,-1666
120000011,877,1845,-968
120000012,1149,2532,-1383
120000013,1658,2393,-735
120000014,475,1519,-1044
120000015,1978,1346,632
120000016,2082,2170,-88
120000017,1348,1443,-95
120000018,4262,4977,-715
120000019,656,910,-254
120000020,2150,1876,274
120000021,1403,1222,181
120000022,2275,2580,-305
120000023,654,1573,-919
120000024,1189,1750,-561
120000025,1312,1942,-630
120000026,632,1731,-1099
120000027,844,1509,-665
120000028,512,378,134
120000029,1881,337,1544
120000030,93,475,-382
120000031,1419,3230,-1811
120000032,8324,2725,5599
120000033,1838,1402,436
120000034,794,2118,-1324
120000035,860,2156,-1296
120000036,1500,3164,-1664
120000037,394,677,-283
120000038,9117,2517,6600
120000039,339,869,-530
120000040,24,76,-52
120000041,228,1545,-1317
120000042,929,4049,-3120
120000043,2575,2049,526
120000044,1927,937,990
120000045,2009,899,1110
120000046,1038,1207,-169
120000047,1387,1615,-228
120000048,6834,2647,4187
120000049,1692,2398,-706
120000050,1721,4191,-2470
120000051,2967,2999,-32
120000052,13287,2147,11140
120000053,938,4523,-3585
120000054,1195,6318,-5123
120000055,606,3881,-3275
120000056,1803,3955,-2152
120000057,1055,800,255
120000058,247,156,91
120000059,33,911,-878
120000061,81,467,-386
120000062,245,186,59
120000063,1359,2699,-1340
120000064,176,1530,-1354
120000065,297,1601,-1304
120000066,66,395,-329
120000067,31,455,-424
120000068,84,1000,-916
120000069,313,1369,-1056
120000070,17,849,-832
120000071,83,172,-89
120000072,150,399,-249
120000073,184,80,104
120000074,21,58,-37
120000075,141,169,-28
120000076,507,262,245
120000077,654,346,308
120000078,1919,464,1455
120000079,131,670,-539
120000080,114,194,-80
120000081,160,194,-34
120000082,151,228,-77
120000083,79,233,-154
120000084,471,473,-2
120000085,273,446,-173
120000086,198,813,-615
120000087,141,1322,-1181
120000088,486,1105,-619
120000089,540,376,164
120000090,269,395,-126
120000091,368,611,-243
120000092,482,445,37
120000093,121,472,-351
120000094,123,343,-220
120000095,545,635,-90
120000096,132,1116,-984
120000098,305,807,-502
120000099,130,677,-547
120000100,363,954,-591
120000101,361,471,-110
120000102,265,357,-92
120000103,667,315,352
120000104,767,150,617
120000105,1032,224,808
120000106,674,207,467
120000107,1134,324,810
120000108,379,108,271
120000109,507,33,474
120000110,48,861,-813
120000111,111,1374,-1263
120000112,416,4310,-3894
120000113,315,2918,-2603
120000114,373,2299,-1926
120000115,216,2120,-1904
120000116,435,1936,-1501
120000117,950,1586,-636
120000118,34,39,-5
120000119,30,60,-30
120000120,70,29,41
120000121,80,49,31
120000122,204,137,67
120000123,5713,2049,3664
120000124,274,506,-232
120000125,189,545,-356
120000126,242,465,-223
120000127,817,465,352
120000128,2246,1413,833
120000129,239,288,-49
120000130,590,645,-55
120000131,185,391,-206
120000134,214,1235,-1021
120000135,82,198,-116
120000137,63,2113,-2050
120000138,143,344,-201
120000139,116,956,-840
120000140,191,442,-251
120000141,57,554,-497
120000142,93,468,-375
120000143,2,89,-87
120000144,27,1,26
120000145,72,2,70
120000146,1823,453,1370
120000149,395,793,-398
120000150,4410,5652,-1242
120000151,328,345,-17
120000152,117,242,-125
120000153,57,565,-508
120000154,344,354,-10
120000155,130,200,-70
120000156,1457,409,1048
120000157,608,447,161
120000158,415,776,-361
120000159,1615,2072,-457
120000160,1516,1047,469
120000161,702,2108,-1406
120000162,69,142,-73
120000163,172,1419,-1247
120000164,149,410,-261
120000165,124,724,-600
120000166,333,476,-143
120000167,9,27,-18
120000168,4,42,-38
120000169,117,121,-4
120000170,175,107,68
120000171,14,24,-10
120000172,10,16,-6
120000173,2065,125,1940
120000174,396,9,387
120000175,563,3,560
120000176,184,66,118
120000177,914,409,505
120000178,83,2,81
120000179,288,7,281
120000180,267,23,244
120000181,55,63,-8
120000182,65,38,27
120000183,6,132,-126
120000184,57,935,-878
120000186,46,69,-23
120000187,44,34,10
120000188,199,47,152
120000190,897,7,890
120000191,1723,10,1713
120000192,1435,6,1429
120000193,364,3,361
120000195,87,2,85
120000196,147,19,128
120000197,38,88,-50
120000198,70,161,-91
120000199,32,1,31
120000200,45,0,45
120000201,9,9,0
120000202,5,65,-60
120000203,21,414,-393
120000207,0,67,-67
120000208,9,337,-328
120000209,3,148,-145
120000210,157,143,14
120000211,21,1,20
120000212,49,0,49
120000213,28,427,-399
120000214,3,406,-403
120000215,2,111,-109
120000216,16,4,12
120000217,727,1161,-434
120000218,190,1460,-1270
120000219,12,851,-839
120000220,9,3109,-3100
120000225,516,0,516
120000226,111,0,111
120000227,432,16,416
120000228,7176,1103,6073
120000230,77,21,56
120000231,312,2011,-1699
120000233,57,27,30
120000235,55,705,-650
120000236,371,5,366
120000237,4,2113,-2109
120000238,0,75,-75
120000241,821,2341,-1520
120000412,1795,17,1778
120000413,60,527,-467
120000414,26,1,25
120000415,3,191,-188
120000416,14,11,3
120000417,12,116,-104
120000418,26,17,9
120000419,14,487,-473
120000420,180,61,119
120000421,13575,5028,8547
120000422,233,269,-36
120000423,0,30,-30
120000424,22,162,-140
120000436,53,274,-221
120000437,176,148,28
120000438,4971,316,4655
120000439,70,187,-117
120000443,80,0,80
120000444,434,435,-1
120000445,997,1072,-75
120000446,821,303,518
120000447,73,17,56
120000449,51,10,41
120000450,4,453,-449
120000451,52,178,-126
120000452,18,2,16
120000453,0,254,-254
120000454,57,68,-11
120000455,29,40,-11
120000456,2752,1697,1055
120000457,915,824,91
120000458,270,595,-325
120000459,43,71,-28
120000665,555,111,444
120000668,74,100,-26
120000669,42,414,-372
120000670,152,261,-109
120000671,355,198,157
120000672,96,375,-279
120900001,18,28,-10
120900002,103,125,-22
120900003,107,34,73
120900004,0,25,-25
120900005,3,1532,-1529
120900006,79,152,-73
120900007,40,147,-107
120900008,99,1185,-1086
120900009,329,73,256
120900010,180,27,153
120900011,211,57,154
120900012,833,411,422
120900013,168,15,153
120900014,3,644,-641
120900015,134,35,99
120900016,233,42,191
120900017,3013,80,2933
120900018,26,370,-344
120900019,200,75,125
120900020,381,370,11
120900021,239,30,209
120900022,14,316,-302
120900023,52,30,22
120900024,920,361,559
120900025,1833,575,1258
120900026,31,119,-88
120900027,396,113,283
120900028,78,28,50
120900029,33,124,-91
120900030,395,317,78
120900031,76,22,54
120900032,215,120,95
120900033,278,26,252
120900034,27,1239,-1212
120900035,14,41,-27
120900037,50,3,47
120900038,20,85,-65
120900039,22,15,7
120900040,67,1,66
120900041,74,11,63
120900042,104,51,53
120900043,9,11,-2
120900044,2,351,-349
120900045,46,42,4
120900046,99,3,96
120900047,60,22,38
120900048,68,7,61
120900049,103,0,103
120900050,3462,634,2828
120900051,101,80,21
120900052,165,2,163
120900053,81,61,20
120900054,861,421,440
120900055,85,1,84
120900056,117,0,117
120900057,31,10,21
120900058,122,1,121
120900059,17,1,16
120900060,9,30,-21
120900061,164,236,-72
120900062,47,1,46
120900063,127,2,125
120900064,80,0,80
120900065,82,0,82
120900066,70,251,-181
120900067,97,22,75
120900068,46,0,46
120900069,49,106,-57
120900071,3,0,3
120900072,168,0,168
120900073,125,323,-198
120900074,152,6,146
120900076,61,0,61
120900077,2682,146,2536
120900078,127,571,-444
120900079,123,59,64
120900080,147,2577,-2430
120900081,231,1050,-819
120900082,427,191,236
120900083,18,5,13
120900084,65,108,-43
120900085,69,66,3
120900086,152,92,60
120900087,149,55,94
120900088,94,88,6
120900089,4511,730,3781
120900090,32,198,-166
120900091,215,158,57
120900092,573,759,-186
120900093,4716,215,4501
120900094,461,144,317
120900095,102,15,87
120900096,10,65,-55
120900097,488,1171,-683
120900098,231,198,33
120900099,41,58,-17
120900100,46,468,-422
120900101,330,329,1
120900102,13,88,-75
120900103,21,93,-72
120900104,20,31,-11
120900105,19,960,-941
120900106,995,536,459
120900107,421,150,271
120900108,6,1290,-1284
120900109,27,869,-842
120900110,7,441,-434
120900111,98,345,-247
120900112,0,1399,-1399
120900113,15,1003,-988
120900114,21,210,-189
120900115,98,116,-18
120900116,93,483,-390
120900117,0,549,-549
120900118,3,1060,-1057
120900119,3391,3069,322
120900120,48,679,-631
120900121,50,388,-338
120900122,103,612,-509
120900123,0,534,-534
120900124,3,864,-861
120900125,6,1098,-1092
120900126,978,700,278
120900127,3,640,-637
120900128,607,736,-129
120900129,49,513,-464
120900130,1,497,-496
120900131,16,42,-26
120900132,203,373,-170
120900133,127,962,-835
120900134,232,430,-198
120900135,3,705,-702
120900136,25,30,-5
120900137,48,58,-10
120900138,19,253,-234
120900139,6,876,-870
120900140,0,47,-47
120900141,22,61,-39
120900142,13,889,-876
120900143,3,1133,-1130
120900144,2,193,-191
120900145,31,826,-795
120900146,2,1155,-1153
120900147,0,291,-291
120900148,69,104,-35
120900149,1,351,-350
120900150,13,564,-551
120900151,4,701,-697
120900152,0,44,-44
120900153,7,56,-49
120900154,0,296,-296
120900155,69,1071,-1002
120900156,16,453,-437
120900157,17,248,-231
120900158,15,484,-469
120900159,44,689,-645
120900160,15,348,-333
120900161,13,907,-894
120900162,13,1044,-1031
120900163,4,82,-78
120900164,0,0,0
120900165,0,5,-5
120900166,13,60,-47
120900167,77,29,48
120900169,24,594,-570
120900170,2379,867,1512
120900171,1030,353,677
120900172,1061,92,969
120900173,0,51,-51
120900174,2,98,-96
120900175,220,146,74
120900176,2,129,-127
120900177,0,339,-339
120900178,2,104,-102
120900179,589,300,289
120900180,134,62,72
120900181,25,69,-44
120900182,5,290,-285
120900183,418,43,375
120900184,160,45,115
120900185,1,272,-271
120900186,3,528,-525
120900187,147,372,-225
120900188,37,12,25
120900189,87,235,-148
120900190,13,10,3
120900191,1,33,-32
120900192,13173,1352,11821
120900194,11,59,-48
120900195,52,234,-182
120900196,291,68,223
120900197,170,34,136
120900198,116,526,-410
120900199,120,90,30
120900200,86,59,27
120900201,662,93,569
120900202,1,205,-204
120900203,10,29,-19
120900204,260,424,-164
120900205,58,87,-29
120900206,4,6,-2
120900207,31,1043,-1012
121000001,858,862,-4
121000002,1504,830,674
121000003,3025,1418,1607
121000004,1994,2237,-243
121000005,1799,1852,-53
121000006,2211,955,1256
121000007,2432,2277,155
121000008,3595,1953,1642
121000009,5454,3866,1588
121000010,6872,2530,4342
121000011,8311,6561,1750
121000012,13074,4136,8938
121000013,4205,4459,-254
121000014,5971,4168,1803
121000015,3464,4413,-949
121000016,4596,2409,2187
121000017,1251,2639,-1388
121000018,1690,1122,568
121000019,13431,6503,6928
121000020,8144,5476,2668
121000021,2924,2281,643
121000022,1081,1153,-72
121000023,2906,2292,614
121000024,1688,2234,-546
121000025,498,532,-34
121000026,247,80,167
121000027,1102,591,511
121000028,426,274,152
121000029,550,497,53
121000030,274,252,22
121000031,351,447,-96
121000032,116,60,56
121000034,317,87,230
121000035,124,72,52
121000036,744,482,262
121000037,443,441,2
121000038,398,348,50
121000039,232,206,26
121000041,253,288,-35
121000042,125,215,-90
121000043,591,416,175
121000044,1208,484,724
121000045,161,238,-77
121000046,184,453,-269
121000047,76,126,-50
121000049,1624,481,1143
121000050,265,804,-539
121000051,377,290,87
121000052,172,423,-251
121000053,226,43,183
121000054,30,153,-123
121000055,1189,745,444
121000056,584,782,-198
121000057,145,238,-93
121000058,357,69,288
121000059,1578,544,1034
121000060,384,730,-346
121000061,74,114,-40
121000062,102,145,-43
121000063,524,379,145
121000064,399,486,-87
121000065,316,234,82
121000066,504,374,130
121000067,749,185,564
121000068,309,148,161
121000069,186,186,0
121000070,1399,942,457
121000071,638,565,73
121000072,691,500,191
121000073,570,482,88
121000074,69,111,-42
121000075,32,39,-7
121000076,501,191,310
121000077,156,48,108
121000078,45,126,-81
121000080,2213,392,1821
121000081,1773,1316,457
121000082,167,202,-35
121000083,318,117,201
121000084,167,85,82
121000085,349,387,-38
121000086,144,603,-459
121000087,37,153,-116
121000088,169,338,-169
121000089,338,213,125
121000090,222,229,-7
121000091,1276,414,862
121000092,67,53,14
121000093,128,143,-15
121000094,372,264,108
121000095,199,330,-131
121000096,1920,1559,361
121000097,1212,1216,-4
121000098,286,864,-578
121000099,354,656,-302
121000100,345,438,-93
121000101,89,159,-70
121000102,71,291,-220
121000103,43,214,-171
121000104,78,123,-45
121000105,154,213,-59
121000106,107,230,-123
121000107,1767,3160,-1393
121000109,1202,885,317
121000110,243,350,-107
121000114,2132,2033,99
121000115,586,648,-62
121000116,459,645,-186
121000117,1117,221,896
121000118,738,220,518
121000119,752,291,461
121000120,136,354,-218
121000121,360,663,-303
121000123,1022,402,620
121000127,80,95,-15
121000128,437,471,-34
121000129,280,358,-78
121000130,271,720,-449
121000131,2252,864,1388
121000132,807,663,144
121000135,306,118,188
121000136,599,421,178
121000137,347,116,231
121000138,520,704,-184
121000139,253,94,159
121000141,148,55,93
121000142,780,342,438
121000143,94,13,81
121000144,771,542,229
121000145,240,926,-686
121000146,834,516,318
121000147,460,307,153
121000148,591,796,-205
121000149,1279,894,385
121000152,249,492,-243
121000153,995,343,652
121000154,483,254,229
121000155,748,823,-75
121000156,248,636,-388
121000157,1090,1296,-206
121000158,338,531,-193
121000159,123,478,-355
121000160,168,564,-396
121000161,41,291,-250
121000162,16,251,-235
121000165,1243,1159,84
121000166,52,411,-359
121000168,123,183,-60
121000169,27,116,-89
121000170,129,55,74
121000171,31,81,-50
121000172,332,313,19
121000173,735,452,283
121000174,175,294,-119
121000175,308,338,-30
121000176,254,189,65
121000177,425,460,-35
121000178,56,33,23
121000179,41,53,-12
121000181,296,243,53
121000182,39,134,-95
121000183,40,51,-11
121000184,28,65,-37
121000185,9,135,-126
121000186,144,246,-102
121000187,64,227,-163
121000188,52,249,-197
121000192,405,218,187
121000193,527,320,207
121000194,2171,1582,589
121000195,487,915,-428
121000196,731,163,568
121000197,183,448,-265
121000198,159,62,97
121000199,86,295,-209
121000200,169,49,120
121000201,1,154,-153
121000202,205,66,139
121000203,322,1867,-1545
121000204,887,418,469
121000205,76,197,-121
121000206,55,36,19
121000207,1204,348,856
121000208,7,262,-255
121000209,113,415,-302
121000210,155,472,-317
121000211,127,78,49
121000212,161,632,-471
121000213,6205,1759,4446
121000214,614,1309,-695
121000215,926,504,422
121000216,283,432,-149
121000217,3185,1773,1412
121000218,488,1285,-797
121000219,1033,247,786
121000220,286,81,205
121000221,119,170,-51
121000222,2071,1577,494
121000223,578,256,322
121000224,237,78,159
121000225,1117,775,342
121000226,1851,484,1367
121000227,0,100,-100
121000228,13,759,-746
121000229,51,387,-336
121000230,64,1611,-1547
121000231,249,11,238
121000232,358,138,220
121000233,343,269,74
121000234,2,16,-14
121000235,70,31,39
121000236,1,15,-14
121000237,25,30,-5
121000238,1,68,-67
121000239,6,2,4
121000240,3,137,-134
121000241,51,10,41
121000242,39,123,-84
121000243,347,67,280
121000244,0,52,-52
121000245,7,10,-3
121000246,2,66,-64
121000247,27,3,24
121000248,600,458,142
121000249,32,184,-152
121000250,125,69,56
121000251,12,483,-471
121000252,15,18,-3
121000253,152,499,-347
121000254,293,160,133
121000255,160,79,81
121000256,191,81,110
121000257,62,57,5
121000258,62,43,19
121000259,12,25,-13
121000260,40,89,-49
121000261,14,44,-30
121000262,701,396,305
121000263,311,358,-47
121000271,138,1441,-1303
121000273,69,7,62
121000274,5,28,-23
121000275,3,19,-16
121000276,0,10,-10
121000278,17,22,-5
121000279,21,9,12
121000280,31,33,-2
121000289,21,3,18
121000290,819,588,231
121000294,43,135,-92
121000297,771,475,296
121000299,229,168,61
121000300,506,435,71
121000302,136,466,-330
121000303,437,273,164
121000304,290,19,271
121000305,71,26,45
121000306,20,84,-64
121000308,101,211,-110
121000309,275,452,-177
121000310,36,336,-300
121000311,54,645,-591
121000312,176,108,68
121000313,380,369,11
121000314,151,76,75
121000315,69,89,-20
121000530,642,972,-330
121000531,714,1006,-292
121000532,3424,3043,381
121000533,1755,1530,225
121000918,18,208,-190
121000919,6,40,-34
121000938,556,251,305
121000939,728,146,582
121000956,311,1084,-773
121000957,1,10,-9
121000958,20,30,-10
121000959,140,674,-534
121000960,1343,1702,-359
121000961,120,22,98
121000962,223,498,-275
121000963,0,0,0
121000973,2,242,-240
121000976,3,117,-114
121000979,142,24,118
121000981,367,68,299
121000982,141,237,-96
121000983,221,340,-119
121000984,3,26,-23
121000985,242,614,-372
121000986,38,284,-246
121000987,93,1366,-1273
121000988,234,96,138
121001302,354,100,254
121001308,2,9,-7
121001309,101,25,76
121001313,68,337,-269
121001314,3202,3372,-170
121001315,3267,1076,2191
121001326,227,265,-38
121900001,62,114,-52
121900002,34,23,11
121900003,177,3,174
121900004,59,237,-178
121900005,1,3,-2
121900006,59,19,40
121900007,1181,1693,-512
121900008,141,51,90
121900009,321,17,304
121900010,256,5,251
121900011,66,248,-182
121900012,1,0,1
121900013,814,16,798
121900014,604,307,297
121900015,107,94,13
121900016,4,34,-30
121900017,205,275,-70
121900018,203,7,196
121900019,141,144,-3
121900020,17,0,17
121900021,472,9,463
121900022,81,106,-25
121900023,40,238,-198
121900024,215,29,186
121900025,254,181,73
121900026,144,18,126
121900027,88,59,29
121900028,155,11,144
121900029,36,138,-102
121900030,399,274,125
121900031,594,2640,-2046
121900032,36,22,14
121900033,119,73,46
121900034,144,59,85
121900035,1312,1202,110
121900036,11,193,-182
121900037,76,329,-253
121900038,9,85,-76
121900039,327,11,316
121900040,20,42,-22
121900041,82,86,-4
121900042,189,68,121
121900043,0,5,-5
121900044,217,14,203
121900046,68,78,-10
121900047,71,45,26
121900048,8,73,-65
121900050,12,19,-7
121900051,70,96,-26
121900052,41,17,24
121900053,121,159,-38
121900054,277,460,-183
121900055,1,6,-5
121900058,43,163,-120
121900059,203,122,81
121900060,45,202,-157
121900062,51,40,11
121900063,353,197,156
121900064,83,441,-358
121900066,17,18,-1
121900067,20,18,2
121900069,148,82,66
121900070,82,68,14
121900071,59,181,-122
121900072,16,109,-93
121900073,213,112,101
121900074,293,275,18
121900075,363,181,182
121900076,229,365,-136
121900078,12,26,-14
121900079,0,0,0
121900080,181,244,-63
121900082,16,56,-40
121900084,3,164,-161
121900086,6,22,-16
121900087,196,71,125
121900088,1295,1013,282
121900089,36,236,-200
121900090,2,59,-57
121900091,18,109,-91
121900092,29,77,-48
121900093,72,35,37
121900094,11,7,4
121900095,132,77,55
121900096,1098,247,851
121900097,133,57,76
121900098,1,0,1
121900099,74,61,13
121900100,103,66,37
121900101,51,46,5
121900102,5,62,-57
121900103,361,108,253
121900104,483,148,335
121900105,61,41,20
121900106,0,0,0
121900107,8,27,-19
121900108,0,4,-4
121900109,344,87,257
121900110,90,974,-884
121900111,493,68,425
121900112,199,51,148
121900113,31,118,-87
121900114,7,29,-22
121900117,64,9,55
121900118,1401,175,1226
121900119,37,84,-47
121900120,12,1167,-1155
121900121,291,27,264
121900122,8,17,-9
121900123,105,383,-278
121900124,66,197,-131
121900125,496,778,-282
121900127,5,50,-45
121900128,40,77,-37
121900129,890,64,826
121900130,68,138,-70
121900131,148,83,65
121900132,30,75,-45
121900133,66,130,-64
121900134,20,77,-57
121900135,1494,119,1375
121900136,68,286,-218
121900137,18,163,-145
121900138,16,136,-120
121900139,271,291,-20
121900140,17,88,-71
121900141,16,11,5
121900142,29,87,-58
121900143,0,90,-90
121900144,167,196,-29
121900145,64,94,-30
121900146,381,477,-96
121900147,39,107,-68
121900148,89,159,-70
121900149,181,517,-336
121900150,81,103,-22
121900151,34,148,-114
121900152,106,94,12
121900153,45,255,-210
121900154,4,86,-82
121900155,0,65,-65
121900156,82,86,-4
121900157,0,332,-332
121900158,27,60,-33
121900159,0,115,-115
121900160,29,127,-98
121900161,408,137,271
121900162,41,72,-31
121900163,50,512,-462
121900164,335,115,220
121900165,82,153,-71
121900166,77,126,-49
121900167,62,35,27
121900168,158,106,52
121900169,2,201,-199
121900170,1,163,-162
121900171,304,271,33
121900172,143,139,4
121900173,585,164,421
121900174,9,29,-20
121900175,32,140,-108
121900176,353,1167,-814
121900177,94,28,66
121900178,30,37,-7
121900179,91,101,-10
121900180,3849,1426,2423
121900182,352,195,157
121900183,180,449,-269
121900184,25,339,-314
121900186,1,214,-213
121900187,11,57,-46
121900188,355,181,174
121900189,10,48,-38
121900190,102,333,-231
121900191,26,91,-65
121900192,320,291,29
121900193,25,151,-126
121900194,1,88,-87
121900195,51,43,8
121900196,440,374,66
121900197,165,1444,-1279
121900198,586,605,-19
121900199,1,10,-9
121900200,43,99,-56
121900201,639,379,260
121900202,99,229,-130
121900203,137,435,-298
121900204,758,545,213
121900205,5,66,-61
121900206,0,1,-1
121900207,83,19,64
121900208,106,148,-42
121900209,33,20,13
121900210,566,535,31
121900211,152,292,-140
121900212,104,72,32
121900213,47,65,-18
121900214,0,175,-175
121900215,17,24,-7
121900216,11,49,-38
121900217,88,31,57
121900218,190,248,-58
121900220,76,17,59
121900221,132,540,-408
121900222,28,95,-67
121900223,63,43,20
121900224,15,27,-12
121900225,65,48,17
121900226,121,69,52
121900227,48,215,-167
121900228,103,175,-72
121900230,59,30,29
121900231,82,138,-56
121900232,83,226,-143
121900233,172,168,4
121900234,117,269,-152
121900235,129,142,-13
121900236,177,92,85
121900237,103,146,-43
121900238,63,147,-84
121900239,53,20,33
121900240,82,56,26
121900241,31,36,-5
121900242,0,0,0
121900243,0,0,0
121900244,1,0,1
121900245,99,92,7
121900246,709,270,439
121900248,699,623,76
121900250,318,151,167
121900251,189,10,179
121900252,634,73,561
121900253,100,699,-599
121900254,526,153,373
121900255,87,37,50
121900258,1362,1206,156
121900259,191,213,-22
121900260,15,97,-82
121900261,69,180,-111
121900262,236,395,-159
121900263,47,164,-117
121900264,1462,613,849
121900265,64,177,-113
121900266,80,126,-46
121900267,18,13,5
121900269,34,148,-114
121900270,10,82,-72
121900271,21,116,-95
121900273,286,870,-584
121900274,87,125,-38
121900277,150,926,-776
121900278,26,517,-491
121900279,45,181,-136
121900280,76,155,-79
121900281,130,30,100
121900284,45,3,42
121900286,24,108,-84
121900287,7,8,-1
121900288,2,2,0
121900290,104,131,-27
121900291,372,355,17
121900292,146,80,66
121900293,700,2086,-1386
121900294,119,0,119
121900295,18,155,-137
121900296,17,12,5
121900298,144,293,-149
121900299,0,0,0
121900300,1,0,1
121900301,10,0,10
121900302,0,57,-57
121900303,103,380,-277
121900304,3,27,-24
121900305,1,8,-7
121900306,36,0,36
121900307,51,11,40
121900308,9,278,-269
121900309,22,196,-174
121900310,23,316,-293
121900311,122,6,116
121900312,47,4,43
121900313,99,15,84
121900314,0,36,-36
121900315,3,0,3
121900316,0,10,-10
121900317,0,0,0
121900318,0,5,-5
121900319,8,10,-2
121900320,29,44,-15
121900321,2,0,2
121900322,1,21,-20
121900323,16,8,8
121900324,4,26,-22
121900325,1,0,1
121900326,1,19,-18
121900327,6,36,-30
121900328,0,20,-20
121900329,1,162,-161
121900330,0,18,-18
121900331,1,3,-2
121900332,29,9,20
121900333,19,9,10
121900334,65,19,46
122000001,2349,2086,263
122000002,4988,795,4193
122000003,1818,961,857
122000004,2438,623,1815
122000005,2129,658,1471
122000006,1768,289,1479
122000007,933,720,213
122000008,4919,2280,2639
122000009,491,130,361
122000010,1752,1433,319
122000011,2816,507,2309
122000012,1074,674,400
122000013,1698,945,753
122000014,1049,1585,-536
122000015,1068,783,285
122000016,366,566,-200
122000017,802,915,-113
122000018,996,889,107
122000019,519,1181,-662
122000020,134,142,-8
122000021,403,304,99
122000022,900,945,-45
122000023,404,1767,-1363
122000024,1098,542,556
122000025,1754,645,1109
122000026,2245,488,1757
122000027,486,3740,-3254
122000028,613,220,393
122000029,291,148,143
122000031,115,148,-33
122000032,1100,2322,-1222
122000033,685,457,228
122000034,383,254,129
122000035,314,501,-187
122000036,402,489,-87
122000037,256,161,95
122000038,270,242,28
122000039,132,156,-24
122000040,776,431,345
122000041,312,421,-109
122000042,214,348,-134
122000043,118,80,38
122000044,85,104,-19
122000045,1195,335,860
122000046,433,688,-255
122000047,186,91,95
122000048,2193,2481,-288
122000049,3136,1595,1541
122000050,1273,409,864
122000051,360,272,88
122000052,335,131,204
122000053,123,342,-219
122000054,1994,1199,795
122000055,2013,1501,512
122000056,4152,2112,2040
122000057,2973,1544,1429
122000058,4309,782,3527
122000059,2946,903,2043
122000060,1118,359,759
122000061,809,153,656
122000062,1293,343,950
122000063,979,328,651
122000064,2963,2120,843
122000065,4603,2378,2225
122000066,804,466,338
122000067,1069,890,179
122000068,525,963,-438
122000069,698,451,247
122000070,319,2026,-1707
122000071,571,1066,-495
122000072,74,159,-85
122000073,1151,390,761
122000074,1419,819,600
122000075,302,864,-562
122000076,1124,674,450
122000077,1148,398,750
122000078,2950,1208,1742
122000079,1211,409,802
122000080,811,233,578
122000081,92,181,-89
122000082,1360,534,826
122000083,850,2818,-1968
122000084,587,477,110
122000085,128,841,-713
122000086,1550,3244,-1694
122000087,297,106,191
122000088,252,154,98
122000089,4355,1754,2601
122000090,143,239,-96
122000091,265,53,212
122000092,68,10,58
122000093,903,746,157
122000094,4917,1080,3837
122000095,2421,1132,1289
122000096,1642,958,684
122000098,2046,905,1141
122000099,1617,400,1217
122000100,1539,382,1157
122000101,215,553,-338
122000102,1117,836,281
122000103,1371,964,407
122000104,201,139,62
122000105,177,193,-16
122000106,564,410,154
122000107,544,289,255
122000108,268,629,-361
122000109,203,245,-42
122000110,225,397,-172
122000111,1596,820,776
122000112,465,916,-451
122000113,331,408,-77
122000114,2028,857,1171
122000115,1259,800,459
122000116,352,313,39
122000117,656,175,481
122000118,277,265,12
122000119,2028,947,1081
122000120,2267,1360,907
122000121,2776,1334,1442
122000122,500,825,-325
122000123,1342,734,608
122000124,703,262,441
122000125,303,483,-180
122000126,496,464,32
122000127,904,542,362
122000128,410,586,-176
122000129,306,367,-61
122000130,1180,290,890
122000131,1422,309,1113
122000132,782,252,530
122000133,797,1251,-454
122000134,323,330,-7
122000135,515,683,-168
122000136,258,157,101
122000137,514,398,116
122000139,1006,1784,-778
122000140,866,340,526
122000141,3425,584,2841
122000142,354,365,-11
122000143,421,120,301
122000144,1421,437,984
122000145,770,408,362
122000146,518,598,-80
122000147,567,231,336
122000148,2070,855,1215
122000149,1442,628,814
122000150,811,494,317
122000151,251,275,-24
122000152,404,216,188
122000153,370,181,189
122000154,234,99,135
122000155,1186,1413,-227
122000156,2022,1253,769
122000157,1639,791,848
122000158,245,393,-148
122000159,917,948,-31
122000160,3670,524,3146
122000161,1004,414,590
122000162,1336,888,448
122000163,229,32,197
122000164,29,44,-15
122000165,505,570,-65
122000166,657,860,-203
122000167,190,194,-4
122000168,111,367,-256
122000169,402,132,270
122000170,160,245,-85
122000171,25,65,-40
122000172,1047,1249,-202
122000173,1039,1793,-754
122000174,1319,549,770
122000175,547,147,400
122000176,298,495,-197
122000177,1274,877,397
122000178,2380,1876,504
122000179,1433,1820,-387
122000180,1403,560,843
122000181,1232,1369,-137
122000182,1673,447,1226
122000183,1140,564,576
122000184,2240,1047,1193
122000185,1341,833,508
122000186,461,630,-169
122000187,1179,783,396
122000188,436,162,274
122000189,202,244,-42
122000190,943,740,203
122000191,642,266,376
122000192,514,168,346
122000193,249,495,-246
122000194,1050,271,779
122000195,113,337,-224
122000196,596,425,171
122000197,414,423,-9
122000198,398,685,-287
122000199,175,191,-16
122000200,1027,474,553
122000201,1416,1223,193
122000202,815,792,23
122000203,1817,1052,765
122000204,843,1235,-392
122000205,834,664,170
122000206,1424,570,854
122000207,707,772,-65
122000208,1448,949,499
122000209,2026,268,1758
122000210,1033,1391,-358
122000211,693,997,-304
122000212,460,359,101
122000213,655,736,-81
122000214,1093,1164,-71
122000215,1308,1163,145
122000217,1540,1066,474
122000218,522,47,475
122000219,1277,757,520
122000220,347,591,-244
122000221,69,267,-198
122000222,131,22,109
122000223,825,324,501
122000225,542,217,325
122000226,714,1419,-705
122000227,180,1241,-1061
122000228,190,359,-169
122000229,22,298,-276
122000230,46,552,-506
122000231,131,520,-389
122000232,257,602,-345
122000233,0,79,-79
122000234,78,133,-55
122000235,214,117,97
122000236,702,153,549
122000237,47,35,12
122000238,106,215,-109
122000239,246,67,179
122000240,557,154,403
122000241,483,268,215
122000242,158,53,105
122000243,87,60,27
122000244,18,352,-334
122000245,54,257,-203
122000246,145,96,49
122000247,288,684,-396
122000248,928,1479,-551
122000249,259,386,-127
122000250,899,416,483
122000251,186,223,-37
122000252,354,29,325
122000253,79,216,-137
122000254,68,35,33
122000255,407,1308,-901
122000256,289,1182,-893
122000257,107,309,-202
122000258,57,146,-89
122000259,7,510,-503
122000261,14,143,-129
122000262,0,44,-44
122000263,72,108,-36
122000264,376,285,91
122000265,1245,544,701
122000266,3323,365,2958
122000267,18,76,-58
122000268,57,229,-172
122000269,456,163,293
122000270,426,72,354
122000271,211,769,-558
122000272,164,772,-608
122000273,156,278,-122
122000274,87,132,-45
122000275,19,86,-67
122000276,155,429,-274
122000277,423,968,-545
122000278,348,635,-287
122000279,96,491,-395
122000280,381,598,-217
122000281,303,476,-173
122000282,55,230,-175
122000283,130,35,95
122000284,48,65,-17
122000285,201,84,117
122000286,51,169,-118
122000287,423,1001,-578
122000288,133,156,-23
122000291,498,270,228
122000293,262,215,47
122000294,71,103,-32
122000295,888,144,744
122000296,55,414,-359
122000297,2112,1428,684
122000299,189,303,-114
122000300,626,381,245
122000301,9414,1371,8043
122000302,435,410,25
122000303,2653,778,1875
122000304,11,91,-80
122000305,473,637,-164
122000306,18,594,-576
122000307,218,120,98
122000309,33,61,-28
122000310,25,8,17
122000311,26,29,-3
122000312,61,30,31
122000313,19,29,-10
122000314,46,164,-118
122000315,58,7,51
122000316,209,117,92
122000317,469,133,336
122000318,333,199,134
122000319,272,349,-77
122000320,587,1904,-1317
122000321,51,163,-112
122000322,2157,1668,489
122000323,1448,1026,422
122000324,1395,1046,349
122000325,829,603,226
122000326,15,91,-76
122000327,162,345,-183
122000328,808,650,158
122000330,1190,515,675
122000332,94,147,-53
122000333,5,260,-255
122000337,289,1501,-1212
122000338,143,316,-173
122000340,297,162,135
122000342,1745,784,961
122000343,264,1146,-882
122000344,10,19,-9
122000345,83,28,55
122000346,198,427,-229
122000348,209,558,-349
122000349,47,547,-500
122000351,76,251,-175
122000352,614,87,527
122000353,77,148,-71
122000355,84,194,-110
122000356,1189,631,558
122000357,25,8,17
122000358,2,48,-46
122000359,0,26,-26
122000360,0,42,-42
122000362,3,85,-82
122000364,41,314,-273
122000365,1,17,-16
122000366,4,3,1
122000368,346,598,-252
122000370,11,55,-44
122000371,2,0,2
122000372,2,0,2
122000381,19,304,-285
122000382,36,169,-133
122000384,3976,1801,2175
122000385,4,0,4
122000386,423,576,-153
122000387,253,392,-139
122000388,1282,224,1058
122000389,167,655,-488
122000390,382,243,139
122000391,124,52,72
122000392,133,212,-79
122000393,1,40,-39
122000394,186,183,3
122000395,73,110,-37
122000396,197,83,114
122000397,21,94,-73
122000398,3,66,-63
122000399,73,82,-9
122000400,91,217,-126
122000401,147,93,54
122000402,105,66,39
122000403,182,922,-740
122000404,65,233,-168
122000408,1063,1092,-29
122000503,9,62,-53
122000524,157,47,110
122000544,12,1307,-1295
122000614,315,117,198
122000616,493,3,490
122000640,20,183,-163
122000641,26,410,-384
122000642,611,936,-325
122000643,11,64,-53
122000644,129,21,108
122000645,82,124,-42
122000651,1850,453,1397
122000664,89,31,58
122000665,868,494,374
122000666,341,737,-396
122000673,44,273,-229
122000674,61,52,9
122000675,787,842,-55
122000686,122,896,-774
122000687,479,274,205
122000688,111,534,-423
122000689,253,506,-253
122000690,398,559,-161
122000691,179,1984,-1805
122000692,389,252,137
122000693,193,1284,-1091
122000695,120,334,-214
122000696,90,235,-145
122000698,63,832,-769
122000699,74,28,46
122000701,719,242,477
122000702,277,1654,-1377
122000703,145,43,102
122000712,0,0,0
122000717,129,41,88
122000718,821,601,220
122000719,47,34,13
122000720,108,210,-102
122000724,202,273,-71
122900001,7,1,6
122900002,640,1062,-422
122900003,118,23,95
122900004,690,9,681
122900005,12,49,-37
122900006,209,295,-86
122900007,24,9,15
122900008,337,137,200
122900009,396,103,293
122900010,92,109,-17
122900012,196,171,25
122900014,91,171,-80
122900015,1377,184,1193
122900016,26,205,-179
122900017,375,375,0
122900018,115,14,101
122900019,9,130,-121
122900020,149,271,-122
122900021,35,308,-273
122900024,57,89,-32
122900025,11,119,-108
122900026,82,212,-130
122900027,42,472,-430
122900028,56,82,-26
122900029,3063,1311,1752
122900030,898,261,637
122900031,74,101,-27
122900032,107,141,-34
122900033,114,135,-21
122900034,2271,2666,-395
122900035,9,4,5
122900036,20,106,-86
122900037,189,103,86
122900038,84,1025,-941
122900039,93,330,-237
122900040,139,261,-122
122900041,70,166,-96
122900042,72,234,-162
122900043,218,141,77
122900044,71,205,-134
122900045,64,66,-2
122900046,33,89,-56
122900047,168,61,107
122900048,41,115,-74
122900049,1220,46,1174
122900051,73,50,23
122900052,13,154,-141
122900053,12,3,9
122900055,169,60,109
122900057,189,6,183
122900061,168,58,110
122900062,177,251,-74
122900063,66,294,-228
122900064,487,384,103
122900065,177,25,152
122900066,251,176,75
122900067,1137,545,592
122900069,125,547,-422
122900070,142,123,19
122900071,65,304,-239
122900073,24,205,-181
122900074,124,468,-344
122900075,1,49,-48
122900076,8,118,-110
122900077,0,203,-203
122900078,17,7,10
122900080,57,15,42
122900081,124,57,67
122900082,465,105,360
122900083,105,74,31
122900084,4,178,-174
122900086,4,17,-13
122900087,58,413,-355
122900088,31,41,-10
122900089,11,237,-226
122900090,8,493,-485
122900091,29,1,28
122900092,25,303,-278
122900093,0,289,-289
122900094,0,168,-168
122900095,62,1,61
122900096,26,60,-34
122900097,5,11,-6
122900098,51,73,-22
122900099,3,1,2
122900100,127,125,2
122900101,412,100,312
122900102,5,7,-2
122900103,15,3,12
122900104,19,3,16
122900105,1,1,0
122900106,1,52,-51
122900107,10,119,-109
122900108,10,184,-174
122900109,186,481,-295
123000001,1405,272,1133
123000002,4319,1832,2487
123000003,2982,1844,1138
123000004,3377,3527,-150
123000005,1538,1714,-176
123000006,2580,2343,237
123000007,2258,1804,454
123000008,2317,3311,-994
123000009,3337,2403,934
123000010,2749,3279,-530
123000011,2649,699,1950
123000012,975,1802,-827
123000013,2544,822,1722
123000014,1252,2901,-1649
123000015,3279,530,2749
123000016,4643,1676,2967
123000017,2428,1125,1303
123000018,64,63,1
123000019,88,370,-282
123000020,46,76,-30
123000021,72,120,-48
123000022,332,699,-367
123000023,868,890,-22
123000024,730,477,253
123000025,81,75,6
123000026,11,91,-80
123000027,182,279,-97
123000028,339,677,-338
123000029,454,427,27
123000030,96,563,-467
123000031,129,362,-233
123000032,104,282,-178
123000033,202,88,114
123000034,443,370,73
123000035,149,145,4
123000036,151,291,-140
123000037,99,206,-107
123000038,60,169,-109
123000039,468,554,-86
123000040,926,261,665
123000041,699,312,387
123000042,672,294,378
123000043,2525,2757,-232
123000044,4754,1445,3309
123000045,8553,1009,7544
123000046,613,426,187
123000047,2176,758,1418
123000048,49,269,-220
123000049,4967,2185,2782
123000050,543,679,-136
123000051,72,88,-16
123000052,424,1247,-823
123000053,1934,1493,441
123000054,883,785,98
123000055,595,801,-206
123000056,1058,1412,-354
123000057,11980,3585,8395
123000058,328,428,-100
123000059,304,268,36
123000060,456,234,222
123000061,114,514,-400
123000063,544,482,62
123000064,552,140,412
123000065,5580,2947,2633
123000066,905,548,357
123000067,270,437,-167
123000068,2350,2314,36
123000069,6748,2645,4103
123000070,207,579,-372
123000071,399,1014,-615
123000072,694,1167,-473
123000073,446,731,-285
123000074,694,1799,-1105
123000075,292,505,-213
123000076,306,934,-628
123000077,1643,3259,-1616
123000078,678,1582,-904
123000079,600,1623,-1023
123000080,1251,2160,-909
123000081,207,431,-224
123000082,302,783,-481
123000083,623,81,542
123000084,300,707,-407
123000085,35,80,-45
123000086,118,330,-212
123000087,52,412,-360
123000088,491,1048,-557
123000089,278,1136,-858
123000090,968,1046,-78
123000091,1245,1074,171
123000092,909,994,-85
123000094,222,224,-2
123000095,141,494,-353
123000096,245,343,-98
123000097,199,945,-746
123000098,406,448,-42
123000099,398,730,-332
123000100,351,359,-8
123000101,463,327,136
123000102,408,414,-6
123000104,250,269,-19
123000105,445,556,-111
123000106,516,249,267
123000107,473,531,-58
123000108,1051,941,110
123000111,343,149,194
123000112,334,381,-47
123000113,385,1359,-974
123000114,310,415,-105
123000115,110,214,-104
123000116,35,154,-119
123000117,864,1658,-794
123000118,237,671,-434
123000119,158,845,-687
123000120,240,757,-517
123000121,386,450,-64
123000122,251,296,-45
123000123,397,449,-52
123000124,591,509,82
123000125,882,489,393
123000126,1694,1149,545
123000127,1585,657,928
123000128,204,335,-131
123000129,196,97,99
123000130,217,37,180
123000131,424,365,59
123000132,323,430,-107
123000133,299,304,-5
123000134,476,148,328
123000135,736,788,-52
123000136,185,1237,-1052
123000137,67,425,-358
123000138,40,383,-343
123000139,179,64,115
123000140,127,523,-396
123000141,551,31,520
123000142,841,851,-10
123000143,1282,2427,-1145
123000144,4,7,-3
123000147,134,78,56
123000149,194,183,11
123000150,145,142,3
123000151,268,288,-20
123000152,28,211,-183
123000153,65,265,-200
123000154,854,1001,-147
123000155,1649,555,1094
123000156,22,50,-28
123000157,400,676,-276
123000158,558,331,227
123000159,1902,1038,864
123000160,284,277,7
123000161,708,549,159
123000162,287,849,-562
123000163,121,29,92
123000164,372,61,311
123000165,143,1056,-913
123000167,3,149,-146
123000168,93,323,-230
123000169,180,45,135
123000170,20,238,-218
123000171,95,30,65
123000172,769,760,9
123000173,370,121,249
123000174,442,141,301
123000175,739,1170,-431
123000176,290,87,203
123000177,153,810,-657
123000178,403,29,374
123000179,23,667,-644
123000180,588,190,398
123000181,175,1020,-845
123000182,86,401,-315
123000183,43,62,-19
123000184,45,689,-644
123000185,155,342,-187
123000186,6,567,-561
123000187,249,2,247
123000188,136,1,135
123000189,54,160,-106
123000190,14,45,-31
123000192,10,538,-528
123000193,16,492,-476
123000194,196,87,109
123000195,174,9,165
123000196,136,2,134
123000197,10,91,-81
123000198,13,159,-146
123000199,1,394,-393
123000200,109,10,99
123000201,158,5,153
123000202,16,1198,-1182
123000203,224,22,202
123000204,43,1055,-1012
123000205,242,1845,-1603
123000206,440,49,391
123000207,193,1185,-992
123000208,240,50,190
123000209,1316,261,1055
123000210,430,2364,-1934
123000211,493,2388,-1895
123000212,934,181,753
123000213,223,19,204
123000215,104,69,35
123000216,113,208,-95
123000217,90,16,74
123000218,46,214,-168
123000219,724,23,701
123000220,289,42,247
123000221,75,75,0
123000222,173,356,-183
123000223,54,542,-488
123000224,295,640,-345
123000225,127,60,67
123000226,57,306,-249
123000227,27,309,-282
123000228,89,35,54
123000229,845,1371,-526
123000232,51,506,-455
123000233,312,89,223
123000234,79,502,-423
123000235,159,211,-52
123000236,66,643,-577
123000237,147,44,103
123000238,44,514,-470
123000239,347,1561,-1214
123000240,16,182,-166
123000241,739,68,671
123000242,29,145,-116
123000243,342,816,-474
123000244,973,306,667
123000245,43,111,-68
123000249,367,585,-218
123000252,446,96,350
123000253,377,205,172
123000254,254,737,-483
123000255,465,493,-28
123000256,18,166,-148
123000257,2257,1761,496
123000258,646,988,-342
123000259,91,316,-225
123000260,302,418,-116
123000261,71,117,-46
123000263,110,100,10
123000264,63,104,-41
123000265,59,130,-71
123000266,341,535,-194
123000267,108,157,-49
123000268,21,68,-47
123000269,82,36,46
123000270,103,23,80
123000271,40,90,-50
123000272,538,163,375
123000273,86,391,-305
123000274,615,202,413
123000275,174,776,-602
123000278,2392,1850,542
123000279,22,73,-51
123000280,172,268,-96
123000281,132,49,83
123000282,25,240,-215
123000283,20,41,-21
123000284,42,73,-31
123000286,268,198,70
123000287,667,217,450
123000288,472,292,180
123000289,201,291,-90
123000291,212,696,-484
123000294,171,249,-78
123000295,765,1209,-444
123000296,241,741,-500
123000297,206,725,-519
123000298,315,973,-658
123000299,154,456,-302
123000300,372,482,-110
123000301,62,121,-59
123000302,56,138,-82
123000303,30,137,-107
123000305,761,677,84
123000306,22,214,-192
123000309,31,44,-13
123000310,36,20,16
123000311,1,179,-178
123000312,596,791,-195
123000313,116,193,-77
123000315,141,233,-92
123000316,1509,132,1377
123000317,133,42,91
123000318,85,371,-286
123000329,7,12,-5
123000337,153,176,-23
123000338,258,67,191
123000339,87,164,-77
123000340,214,559,-345
123000342,10,200,-190
123000343,32,0,32
123000344,835,294,541
123000345,272,412,-140
123000346,173,64,109
123000352,1159,618,541
123000353,35,131,-96
123000354,97,3,94
123000355,0,242,-242
123000356,54,1,53
123000357,2,221,-219
123000359,3,206,-203
123000360,137,4,133
123000361,433,209,224
123000362,55,73,-18
123000363,72,165,-93
123000364,248,235,13
123000365,12,150,-138
123000366,201,746,-545
123000367,188,866,-678
123000370,6,202,-196
123000371,65,13,52
123000372,81,2,79
123000373,2,290,-288
123000374,2,191,-189
123000375,93,8,85
123000376,568,614,-46
123000377,172,2,170
123000378,6,256,-250
123000379,0,170,-170
123000380,48,138,-90
123000381,82,29,53
123000382,748,37,711
123000383,147,524,-377
123000384,363,38,325
123000385,333,464,-131
123000436,21,540,-519
123000507,252,367,-115
123000508,207,322,-115
123000517,215,17,198
123000518,25,141,-116
123000519,91,43,48
123000520,33,151,-118
123000521,200,62,138
123000522,137,444,-307
123000541,6,0,6
123000542,0,38,-38
123000565,253,18,235
123000566,69,710,-641
123000567,116,247,-131
123000573,17,756,-739
123000574,259,42,217
123000575,1053,801,252
123000576,459,1319,-860
123000577,64,308,-244
123000578,523,121,402
123000579,4375,1854,2521
123000580,82,36,46
123000582,194,17,177
123000583,6,308,-302
123000584,54,120,-66
123000585,0,53,-53
123000586,14,0,14
123000596,404,183,221
123000597,92,81,11
123000602,15,1,14
123000603,224,582,-358
123000604,271,937,-666
123000605,430,30,400
123000606,0,142,-142
123000609,10,317,-307
123000610,61,47,14
123000613,51,110,-59
123000614,117,21,96
123000615,56,204,-148
123000616,218,31,187
123000617,22,335,-313
123000618,21,477,-456
123000619,367,18,349
123000620,5,454,-449
123000622,189,15,174
123000624,120,42,78
123000630,413,301,112
123000631,131,1844,-1713
123000632,924,975,-51
123000633,0,168,-168
123000634,46,29,17
123000635,203,87,116
123000636,16,472,-456
123000637,148,20,128
123000638,250,75,175
123000639,677,1561,-884
123000640,41,850,-809
123000648,140,50,90
123000649,54,639,-585
123000650,8,70,-62
123000651,4,109,-105
123900001,1123,43,1080
123900002,5,587,-582
123900003,248,471,-223
123900005,74,75,-1
123900006,120,19,101
124000001,794,118,676
124000002,79,1128,-1049
124000003,234,88,146
124000004,44,522,-478
124000005,305,110,195
124000006,179,1161,-982
124000007,329,56,273
124000008,18,300,-282
124000009,195,150,45
124000010,87,528,-441
124000011,370,129,241
124000012,131,737,-606
124000017,43,74,-31
124000018,73,102,-29
124000019,53,63,-10
124000020,22,232,-210
124000021,71,49,22
124000022,103,230,-127
124000023,413,187,226
124000024,116,279,-163
124000025,602,237,365
124000026,277,313,-36
124000027,1857,406,1451
124000028,2448,1201,1247
124000031,522,666,-144
124000032,2954,971,1983
124000033,487,211,276
124000034,744,990,-246
124000035,146,42,104
124000036,80,546,-466
124000037,135,249,-114
124000038,21,68,-47
124000039,642,144,498
124000040,389,334,55
124000041,115,32,83
124000042,48,227,-179
124000043,77,57,20
124000044,70,242,-172
124000045,261,310,-49
124000046,98,600,-502
124000047,530,499,31
124000048,318,1486,-1168
124000049,557,413,144
124000050,384,2099,-1715
124000051,228,340,-112
124000052,336,1293,-957
124000053,370,617,-247
124000054,561,636,-75
124000055,839,829,10
124000056,2903,1113,1790
124000057,451,324,127
124000058,323,1229,-906
124000059,290,354,-64
124000060,773,777,-4
124000061,858,1861,-1003
124000062,3968,1457,2511
124000063,1144,1518,-374
124000064,2180,1903,277
124000065,25,19,6
124000066,139,24,115
124000067,106,114,-8
124000068,58,115,-57
124000069,149,134,15
124000070,103,406,-303
124000071,71,32,39
124000072,6,48,-42
124000073,267,43,224
124000074,111,717,-606
124000075,64,16,48
124000076,6,163,-157
124000077,1074,412,662
124000078,1606,301,1305
124000079,373,554,-181
124000080,149,68,81
124000081,108,659,-551
124000082,7,76,-69
124000083,38,141,-103
124000084,67,147,-80
124000085,67,41,26
124000086,188,34,154
124000088,65,157,-92
124000089,227,232,-5
124000090,94,375,-281
124000091,215,113,102
124000092,76,656,-580
124000093,64,50,14
124000094,72,258,-186
124000095,43,74,-31
124000096,61,201,-140
124000097,67,65,2
124000098,48,121,-73
124000099,79,63,16
124000100,22,115,-93
124000101,15,122,-107
124000102,78,92,-14
124000103,28,101,-73
124000104,70,71,-1
124000105,23,34,-11
124000106,118,105,13
124000107,17,62,-45
124000108,61,28,33
124000109,88,38,50
124000110,101,105,-4
124000111,137,110,27
124000112,283,570,-287
124000113,47,42,5
124000114,143,546,-403
124000115,238,704,-466
124000116,58,49,9
124000117,52,45,7
124000118,54,86,-32
124000119,585,352,233
124000120,267,354,-87
124000121,1184,327,857
124000122,398,857,-459
124000123,611,258,353
124000124,335,649,-314
124000125,221,227,-6
124000126,206,460,-254
124000127,333,261,72
124000128,411,825,-414
124000129,975,768,207
124000130,564,460,104
124000131,546,369,177
124000132,707,582,125
124000133,634,448,186
124000134,319,492,-173
124000135,1629,1044,585
124000136,634,731,-97
124000137,1030,520,510
124000138,1290,833,457
124000139,391,28,363
124000140,51,431,-380
124000141,177,22,155
124000142,37,502,-465
124000143,27,4,23
124000144,2,140,-138
124000145,38,17,21
124000146,9,89,-80
124000148,4,20,-16
124000149,508,175,333
124000150,219,384,-165
124000151,290,82,208
124000152,367,749,-382
124000153,325,280,45
124000154,187,653,-466
124000155,587,316,271
124000156,841,691,150
124000169,180,215,-35
124000170,520,303,217
124000171,153,164,-11
124000172,291,521,-230
124000173,196,188,8
124000174,193,608,-415
124000175,7,122,-115
124000176,4,7,-3
124000177,7,25,-18
124000178,14,11,3
124000185,5,8,-3
124000186,1,55,-54
124000187,4,98,-94
124000188,20,7,13
124000190,197,31,166
124000191,276,104,172
124000192,1206,137,1069
124000193,245,875,-630
124000194,263,558,-295
124000195,142,286,-144
124000196,808,1135,-327
124000197,56,51,5
124000198,15,37,-22
124000201,98,853,-755
124000202,185,6,179
124000203,62,870,-808
124000204,184,0,184
124000205,33,557,-524
124000206,105,44,61
124000207,0,41,-41
124000209,100,432,-332
124000210,93,154,-61
124000211,80,1,79
124000212,0,430,-430
124000213,91,274,-183
124000214,109,729,-620
124000215,55,4,51
124000216,1,491,-490
124000329,10,884,-874
124000338,45,1685,-1640
124000339,165,35,130
124000341,339,36,303
124000344,164,135,29
124000357,1056,1664,-608
124000358,732,1175,-443
124000359,475,353,122
124000360,226,328,-102
124000361,812,508,304
124000362,1152,1369,-217
124000363,272,537,-265
124000364,396,904,-508
124000365,630,1118,-488
124000366,1905,1271,634
124000367,67,332,-265
124000368,121,143,-22
124000369,62,82,-20
124000370,36,295,-259
124000402,7,3,4
124000403,29,5,24
124000404,8,70,-62
124000405,747,444,303
124000406,617,733,-116
124000407,2,31,-29
124000411,0,256,-256
124000412,95,10,85
124000413,212,28,184
124000414,27,118,-91
124000415,28,264,-236
124000416,94,273,-179
124000417,88,114,-26
124000418,45,99,-54
124000419,78,200,-122
124000420,29,54,-25
124000421,24,307,-283
124000422,25,7,18
124000423,77,31,46
124000424,2,114,-112
124000425,24,3,21
124000426,1,183,-182
124000427,30,17,13
124000428,11,20,-9
124000429,16,47,-31
124000430,161,187,-26
124000431,209,451,-242
124000432,69,789,-720
124000439,1,2,-1
124000443,1,5,-4
124000445,97,296,-199
124000446,2290,151,2139
124000447,11,40,-29
124000448,10,3,7
124000449,21,3,18
124000450,9,398,-389
124000451,3,184,-181
124000452,327,92,235
124000453,2109,2006,103
124000454,1799,2409,-610
124900001,191,186,5
124900002,68,405,-337
124900003,238,220,18
124900004,163,283,-120
124900005,122,168,-46
124900006,175,288,-113
124900008,896,406,490
124900009,143,88,55
124900010,53,34,19
124900011,114,94,20
124900012,167,36,131
124900013,175,95,80
124900014,147,135,12
124900015,61,70,-9
124900016,10,23,-13
124900017,434,264,170
124900018,48,8,40
124900020,19,16,3
124900021,82,21,61
124900024,90,1,89
124900026,110,24,86
124900027,29,114,-85
124900028,449,95,354
124900030,4,101,-97
124900031,7,278,-271
124900033,27,297,-270
124900035,76,275,-199
124900036,1,56,-55
124900037,72,256,-184
124900039,0,28,-28
124900040,3,36,-33
124900042,31,48,-17
124900043,156,1147,-991
124900044,27,1,26
124900045,486,472,14
124900047,803,317,486
124900050,178,406,-228
124900052,50,267,-217
124900053,112,603,-491
124900054,1141,285,856
124900055,0,222,-222
124900057,10,178,-168
124900060,1185,430,755
124900061,22,5,17
124900062,14,6,8
124900066,2,80,-78
124900067,9,348,-339
124900068,140,141,-1
124900070,35,343,-308
124900072,153,28,125
124900075,99,387,-288
124900076,64,460,-396
124900077,149,181,-32
124900078,46,1,45
124900080,197,1071,-874
124900081,371,201,170
124900082,421,1502,-1081
124900083,262,1091,-829
124900085,2175,384,1791
124900086,41,349,-308
124900087,2247,54,2193
124900088,863,172,691
124900089,1667,83,1584
124900090,79,102,-23
124900091,107,419,-312
124900092,102,359,-257
124900093,95,125,-30
124900094,103,142,-39
124900095,39,184,-145
124900096,270,90,180
124900097,81,26,55
124900098,95,276,-181
124900099,299,205,94
124900100,94,13,81
124900101,16,9,7
124900102,73,7,66
124900103,38,234,-196
124900104,13,187,-174
124900105,37,146,-109
124900106,123,15,108
124900107,42,4,38
124900108,280,33,247
124900111,7,132,-125
124900112,203,754,-551
124900113,71,78,-7
124900114,196,42,154
124900115,34,25,9
124900116,39,43,-4
124900117,503,93,410
124900118,89,75,14
124900119,123,39,84
124900120,36,283,-247
124900121,129,61,68
124900122,296,166,130
124900123,471,155,316
124900124,296,256,40
124900125,6,1,5
124900126,1,90,-89
204000001,40,35,5
204000002,8,21,-13
204000003,4,1,3
204000004,7,0,7
204000005,335,245,90
204000006,569,654,-85
204000011,5,45,-40
204000012,14,111,-97
204000019,445,464,-19
204000020,252,595,-343
204000021,1437,620,817
204000022,283,388,-105
204000023,203,1272,-1069
204000031,60,26,34
204000032,451,24,427
204000034,20,206,-186
204000035,0,4,-4
204000036,2,16,-14
204000037,2,34,-32
204000038,0,37,-37
204000039,5,73,-68
204000040,7,43,-36
204000041,2,37,-35
204000042,26,13,13
204000043,11,1,10
204000044,10,6,4
204000045,10,8,2
204000046,5,2,3
204000057,5,31,-26
204000062,17,207,-190
204000068,28,133,-105
204000069,11,116,-105
204000070,37,107,-70
204000080,9,52,-43
204000085,865,1476,-611
204000086,2589,2022,567
204000087,36,10,26
204000088,2,89,-87
204000090,15,311,-296
204000093,161,72,89
204000096,339,522,-183
204000097,147,48,99
204000099,539,917,-378
204000100,491,674,-183
204000105,1381,1282,99
204000110,367,1179,-812
204000111,294,636,-342
204000112,435,772,-337
204000113,263,712,-449
204000114,393,248,145
204000115,195,260,-65
204000116,361,408,-47
204000119,1099,1148,-49
204000132,258,168,90
204000133,303,177,126
204000134,95,118,-23
204000135,282,82,200
204000136,122,199,-77
204000138,147,214,-67
204000140,96,71,25
204000141,70,57,13
204000144,5,13,-8
204000145,611,20,591
204000146,32,260,-228
204000147,27,161,-134
204000148,322,8,314
204000154,2,1,1
204000155,1,8,-7
204000177,80,58,22
204000179,9,5,4
204000180,0,55,-55
204000222,1,4,-3
204000235,11,6,5
204000236,64,224,-160
204000238,21,15,6
204000240,394,47,347
204000263,330,1306,-976
204000268,688,312,376
204000308,84,9,75
204000317,8,63,-55
204000322,3,18,-15
204000323,10,7,3
204000328,166,60,106
204000329,103,66,37
204000330,149,77,72
204000331,48,151,-103
205000001,833,1021,-188
205000013,19,63,-44
205000014,6,130,-124
205000015,21,216,-195
205000016,11,152,-141
205000017,9,59,-50
205000022,281,521,-240
205000025,1222,886,336
205000029,142,6,136
205000045,39,131,-92
205000046,40,467,-427
205000047,40,377,-337
205000048,110,829,-719
205000049,96,547,-451
205000050,940,224,716
205000059,0,205,-205
205000060,0,70,-70
205000061,9,31,-22
205000062,3,28,-25
205000063,17,66,-49
205000064,10,93,-83
205000065,44,582,-538
205000066,42,625,-583
205000067,59,964,-905
205000069,189,18,171
205000082,108,146,-38
205000110,68,191,-123
205000111,112,237,-125
205000112,66,75,-9
205000113,167,178,-11
205000121,134,24,110
205000123,48,128,-80
205000126,194,89,105
205000127,473,101,372
205000128,395,79,316
205000129,327,84,243
205000130,210,30,180
205000131,155,3,152
205000132,379,3,376
205000133,113,3,110
205000134,127,1,126
205000137,54,104,-50
205000138,182,241,-59
205000139,19,113,-94
205000144,49,37,12
205000145,118,100,18
205000151,45,25,20
205000152,86,21,65
205000153,92,33,59
205000154,32,55,-23
205000155,49,12,37
205000207,9,153,-144
205000233,16,1,15
205000234,0,0,0
205000243,0,0,0
205000244,0,3,-3
205000245,13,274,-261
205000249,0,20,-20
205000250,3,0,3
205000264,1,62,-61
206000027,10,2,8
206000028,14,3,11
206000043,5,109,-104
206000053,2,8,-6
206000054,1,18,-17
206000055,0,33,-33
206000075,15,5,10
206000076,24,10,14
206000077,22,3,19
206000078,2,2,0
206000079,14,2,12
206000082,284,22,262
206000100,40,516,-476
206000103,8,30,-22
206000104,7,22,-15
206000105,6,19,-13
206000106,16,29,-13
206000125,37,0,37
206000157,77,555,-478
206000170,1,172,-171
206000171,5,204,-199
206000172,6,887,-881
206000173,0,332,-332
206000174,6,122,-116
206000175,1,191,-190
206000176,10,343,-333
206000177,0,261,-261
206000178,2,164,-162
206000179,2,83,-81
206000180,20,205,-185
206000181,3,309,-306
206000182,18,319,-301
206000183,17,817,-800
206000184,3,334,-331
206000185,3,296,-293
206000186,96,1417,-1321
206000223,3,243,-240
206000226,1,2,-1
206000227,24,1,23
206000237,38,367,-329
206000238,32,741,-709
206000239,373,2194,-1821
206000240,1,67,-66
206000241,1,122,-121
206000242,10,400,-390
206000243,12,378,-366
206000244,51,804,-753
206000245,203,39,164
206000246,47,6,41
206000247,63,10,53
206000248,82,8,74
206000252,46,21,25
206000258,16,58,-42
206000315,20,7,13
206000317,260,60,200
206000318,150,33,117
206000319,371,50,321
206000320,21,23,-2
206000321,23,13,10
206000322,151,10,141
206000323,71,4,67
206000324,36,6,30
206000325,61,7,54
206000326,53,3,50
206000327,66,5,61
206000328,43,2,41
206000329,65,9,56
206000330,25,3,22
206000331,59,2,57
206000332,17,5,12
206000333,133,5,128
206000334,115,0,115
206000335,0,24,-24
206000361,7,187,-180
206000392,2,21,-19
206000405,134,1,133
206000441,13,7,6
206000498,19,2,17
206000515,100,19,81
206000530,95,16,79
206000531,132,46,86
206000532,1727,65,1662
206000535,217,1972,-1755
206000536,28,267,-239
206000537,6,117,-111
206000613,935,109,826
206000784,376,40,336
207000001,133,280,-147
207000002,36,301,-265
207000003,112,195,-83
207000007,383,187,196
207000008,51,9,42
207000009,44,29,15
207000010,378,591,-213
207000012,151,185,-34
207000015,245,1727,-1482
207000019,144,71,73
207000021,370,149,221
207000022,54,88,-34
207000023,62,28,34
207000024,2,7,-5
207000025,10,48,-38
207000026,116,47,69
207000027,10,73,-63
207000028,46,201,-155
207000029,215,306,-91
207000033,148,198,-50
207000034,170,58,112
207000039,151,71,80
207000040,144,82,62
207000041,29,31,-2
207000042,80,73,7
207000043,147,132,15
207000051,63,309,-246
207000052,13,193,-180
207000053,334,569,-235
207000054,21,114,-93
207000055,64,217,-153
207000056,122,504,-382
207000057,108,264,-156
207000058,58,486,-428
207000059,37,989,-952
207000060,24,275,-251
207000061,93,114,-21
207000062,101,43,58
207000063,128,154,-26
207000064,222,169,53
207000065,198,178,20
207000066,68,144,-76
207000067,20,96,-76
207000068,75,48,27
207000069,458,272,186
207000082,24,345,-321
207000083,45,366,-321
207000084,89,158,-69
207000085,137,19,118
207000086,62,5,57
207000106,4,16,-12
207000107,16,16,0
207000108,23,6,17
207000109,27,7,20
207000110,20,18,2
207000111,34,73,-39
207000112,77,127,-50
207000114,12,21,-9
207000115,7,61,-54
207000116,7,203,-196
207000117,4,96,-92
207000118,0,78,-78
207000119,18,78,-60
207000123,114,5,109
207000124,43,10,33
207000125,45,13,32
207000126,62,19,43
207000134,33,273,-240
207000135,20,308,-288
207000148,33,126,-93
207000149,69,29,40
207000152,139,329,-190
207000153,895,740,155
207000154,287,138,149
207000159,51,289,-238
207000160,74,607,-533
207000238,0,64,-64
207000242,5,139,-134
207000248,21,7,14
207000249,94,49,45
207000250,465,47,418
207000251,40,46,-6
207000252,65,50,15
207000278,37,58,-21
207000279,23,250,-227
207000280,178,48,130
207000281,36,1239,-1203
207000282,151,25,126
207000283,137,172,-35
207000284,69,84,-15
207000285,145,52,93
207000291,2,107,-105
207000304,80,53,27
207000306,31,377,-346
207000310,17,41,-24
207000353,139,1,138
207000356,1,16,-15
207000357,10,8,2
207000358,31,8,23
207000415,7,130,-123
207000417,13,5,8
207000418,71,122,-51
207000438,0,3,-3
207000439,899,232,667
207000446,73,6,67
207000460,8,10,-2
207000466,158,103,55
207000467,84,85,-1
207000468,26,504,-478
207000476,4,53,-49
207000477,135,81,54
207000478,2,9,-7
207000523,0,23,-23
207000524,36,0,36
207000527,77,112,-35
207000530,124,6,118
207000531,140,10,130
207000532,42,13,29
207000534,497,22,475
207000535,21,112,-91
207000537,16,62,-46
207000540,5,152,-147
207000541,2,191,-189
207000548,13,206,-193
207000549,94,12,82
207000561,69,60,9
207000562,12,156,-144
207000567,127,260,-133
207000568,30,91,-61
207000569,114,969,-855
207000584,284,91,193
207000585,32,120,-88
207000587,25,22,3
207000616,1,141,-140
207000617,37,0,37
207000624,60,30,30
207000631,7,34,-27
207900008,75,253,-178
208000001,236,542,-306
208000002,307,430,-123
208000003,499,474,25
208000004,715,622,93
208000005,56,19,37
208000019,359,606,-247
208000020,91,356,-265
208000021,106,379,-273
208000022,369,650,-281
208000028,917,509,408
208000033,269,480,-211
208000034,743,1265,-522
208000037,369,50,319
208000040,102,141,-39
208000041,1038,326,712
208000042,650,410,240
208000047,53,287,-234
208000064,1924,1258,666
208000066,956,602,354
208000070,190,359,-169
208000071,273,629,-356
208000072,260,1052,-792
208000080,104,391,-287
208000081,112,221,-109
208000082,137,300,-163
208000083,58,429,-371
208000084,50,15,35
208000085,726,581,145
208000086,308,760,-452
208000087,245,686,-441
208000089,409,609,-200
208000090,400,974,-574
208000093,130,86,44
208000094,210,414,-204
208000095,468,276,192
208000104,618,851,-233
208000105,337,1066,-729
208000114,72,135,-63
208000115,345,298,47
208000116,159,766,-607
208000117,94,77,17
208000118,45,77,-32
208000155,303,852,-549
208000158,1271,1690,-419
208000186,1936,1202,734
208000204,257,796,-539
208000205,624,1182,-558
208000282,2349,800,1549
209000004,66,144,-78
209000005,8,19,-11
209000006,303,94,209
209000007,167,174,-7
209000010,408,137,271
209000011,111,150,-39
209000012,122,225,-103
209000013,124,569,-445
209000014,653,1396,-743
209000025,123,38,85
209000026,334,58,276
209000027,278,926,-648
209000028,261,867,-606
209000029,580,749,-169
209000030,408,1400,-992
209000031,3470,2309,1161
209000034,137,146,-9
209000035,82,100,-18
209000036,89,102,-13
209000037,108,189,-81
209000038,67,150,-83
209000039,38,196,-158
209000040,216,373,-157
209000041,108,257,-149
209000042,124,342,-218
209000043,583,527,56
209000044,154,404,-250
209000045,845,322,523
209000046,180,374,-194
209000047,212,156,56
209000048,292,238,54
209000049,93,189,-96
209000050,182,227,-45
209000051,184,348,-164
209000052,122,336,-214
209000062,41,195,-154
209000063,10,143,-133
209000064,9,126,-117
209000065,11,30,-19
209000066,33,39,-6
209000067,29,83,-54
209000080,12,136,-124
209000082,39,42,-3
209000091,41,88,-47
209000093,92,28,64
209000094,230,93,137
209000110,29,37,-8
209000111,224,746,-522
209000112,287,334,-47
209000113,860,374,486
209000114,161,163,-2
209000115,104,204,-100
209000116,846,453,393
209000118,6,35,-29
209000119,43,3,40
209000121,102,680,-578
209000135,46,68,-22
209000142,590,569,21
209000143,82,53,29
209000144,45,54,-9
209000229,101,130,-29
209000240,38,381,-343
209000259,209,153,56
209000260,32,676,-644
209000261,4,429,-425
209000262,1,383,-382
209000263,0,75,-75
209000264,0,24,-24
209000265,409,2,407
209000266,57,10,47
209000267,225,20,205
209000268,388,32,356
210000037,29,12,17
210000047,29,14,15
210000048,20,13,7
210000049,49,14,35
210000052,26,127,-101
210000053,16,72,-56
210000054,30,74,-44
210000070,35,1,34
210000071,12,0,12
210000072,24,0,24
210000073,0,35,-35
210000074,1,73,-72
210000075,1,43,-42
210000076,8,129,-121
210000077,52,29,23
210000078,51,25,26
210000079,16,8,8
210000080,78,38,40
210000081,72,4,68
210000082,37,3,34
210000083,44,0,44
210000084,22,0,22
210000085,0,83,-83
210000086,4,84,-80
210000099,28,185,-157
210000100,31,252,-221
210000101,60,251,-191
210000105,44,208,-164
210000159,2,97,-95
210000163,127,222,-95
210000164,249,51,198
210000168,118,10,108
210000187,0,8,-8
210000188,0,21,-21
210000214,7,0,7
210000219,10,33,-23
210000220,29,53,-24
210000232,1,19,-18
210000233,32,62,-30
210000234,18,205,-187
210000235,21,137,-116
210000245,1,40,-39
210000246,8,2,6
210000258,7,110,-103
210000259,184,8,176
210000282,35,165,-130
210000285,2,101,-99
210000286,5,205,-200
210000290,1,14,-13
210000295,44,167,-123
210000296,51,39,12
210000320,58,93,-35
210000321,26,62,-36
210000338,87,96,-9
210000339,430,637,-207
210000340,125,187,-62
210000341,116,207,-91
210000342,133,174,-41
210000343,126,190,-64
210000344,267,97,170
210000345,162,141,21
210000346,47,90,-43
210000347,139,27,112
210000348,96,20,76
210000349,136,22,114
210000350,53,45,8
210000351,53,82,-29
210000352,48,86,-38
210000353,23,125,-102
210000354,33,102,-69
210000355,30,84,-54
210000356,54,68,-14
210000357,42,34,8
210000358,315,75,240
210000359,91,33,58
210000360,113,70,43
210000361,90,127,-37
210000362,179,104,75
210000363,765,119,646
210000364,77,50,27
210000365,51,36,15
210000366,46,37,9
210000367,33,24,9
210000368,84,12,72
210000369,12,29,-17
210000370,54,48,6
210000372,39,23,16
210000373,49,20,29
210000374,48,17,31
210000375,16,57,-41
210000376,33,123,-90
210000404,101,150,-49
210000439,17,42,-25
210000472,64,1,63
210000482,66,40,26
210000564,490,80,410
210000567,1,12,-11
210000568,340,0,340
211000092,11,53,-42
211000094,87,13,74
211000169,160,4,156
211000172,7,141,-134
211000209,2,9,-7
211000226,15,22,-7
211000270,16,12,4
211000275,12,12,0
211000276,18,13,5
211000279,1,50,-49
211000281,26,58,-32
211000302,18,54,-36
211507980,0,22,-22
211977296,0,3,-3
212000003,85,66,19
212000004,124,22,102
212000005,21,33,-12
212000006,28,82,-54
212000008,63,219,-156
212000009,7,130,-123
212000012,58,90,-32
212000013,11,45,-34
212000014,143,165,-22
212000015,97,140,-43
212000016,274,442,-168
212000027,274,388,-114
212000028,138,325,-187
212000029,84,211,-127
212000030,35,28,7
212000031,36,71,-35
212000048,20,56,-36
212000049,3,41,-38
212000050,12,7,5
212000051,111,206,-95
212000052,94,395,-301
212000053,206,483,-277
212000054,84,120,-36
212000055,75,188,-113
212000056,15,36,-21
212000057,8,31,-23
212000058,278,28,250
212000070,48,263,-215
212000077,59,596,-537
212000099,109,134,-25
212000108,114,138,-24
212000111,83,100,-17
212000120,127,102,25
212000138,53,24,29
212000156,2,107,-105
212000158,2,12,-10
212000159,105,60,45
212000160,224,162,62
212000161,16,7,9
212000310,15,18,-3
212000311,7,63,-56
212000374,9,9,0
213000001,22,517,-495
213000005,277,63,214
213000006,891,105,786
213000007,51,2,49
213000009,433,116,317
213000010,139,80,59
213000011,155,60,95
213000012,70,375,-305
213000014,20,3,17
213000015,105,3,102
213000016,76,1,75
213000017,17,0,17
213000018,0,144,-144
213000019,0,128,-128
213000020,78,229,-151
213000021,3,96,-93
213000023,144,133,11
213000033,136,461,-325
213000034,325,279,46
213000035,77,119,-42
213000045,77,270,-193
213000046,111,161,-50
213000047,349,517,-168
213000056,18,14,4
213000069,31,3,28
213000073,1,8,-7
213000074,103,430,-327
213000075,425,8,417
213000076,16,1,15
213000085,8,26,-18
213000086,7,234,-227
213000091,47,12,35
213000092,18,3,15
213000099,85,672,-587
213000100,1002,199,803
213000101,155,144,11
213000102,160,301,-141
213000103,466,517,-51
213000104,35,340,-305
213000105,6,92,-86
213000106,13,154,-141
213000107,56,598,-542
213000108,20,484,-464
213000109,2,253,-251
213000110,3,81,-78
213000111,6,44,-38
213000112,136,106,30
213000115,25,4,21
213000116,86,570,-484
213000117,11,742,-731
213000118,141,226,-85
213000119,29,714,-685
213000120,42,613,-571
213000122,203,888,-685
213000123,506,1403,-897
213000124,47,1478,-1431
213000125,125,10,115
213000126,31,101,-70
213000127,119,122,-3
213000128,529,323,206
213000129,372,299,73
213000130,278,143,135
213000132,126,84,42
213000133,129,74,55
213000134,407,37,370
213000136,193,26,167
213000137,345,63,282
213000139,451,10,441
213000147,21,2,19
213000148,10,5,5
213000149,24,5,19
213000150,0,50,-50
213000151,0,37,-37
213000152,0,46,-46
213000153,1,9,-8
213000154,9,257,-248
213000155,8,274,-266
213000156,26,654,-628
213000157,617,533,84
213000158,184,455,-271
213000159,250,484,-234
213000163,224,76,148
213000165,519,146,373
213000171,9,148,-139
213000172,11,305,-294
213000173,9,247,-238
213000174,0,178,-178
213000175,14,137,-123
213000176,5,83,-78
213000177,13,11,2
213000178,45,30,15
213000179,85,33,52
213000180,35,56,-21
213000184,44,294,-250
213000188,201,60,141
213000189,80,17,63
213000190,530,535,-5
213000191,133,508,-375
213000192,92,707,-615
213000193,1028,110,918
213000194,2,22,-20
213000195,8,423,-415
213000196,94,690,-596
213000197,193,189,4
213000198,26,5,21
213000200,71,869,-798
213000201,110,48,62
213000202,9,576,-567
213000203,2339,352,1987
213000204,413,30,383
213000205,87,21,66
213000206,187,43,144
213000207,53,7,46
213000208,86,1,85
213000209,37,6,31
213000210,193,4,189
213000211,5,3,2
213000212,6,17,-11
213000213,2,25,-23
213000218,107,842,-735
213000219,351,10,341
213000220,340,4,336
213000223,187,67,120
213000224,48,39,9
213000225,12,3,9
213000226,37,2,35
213000227,382,191,191
213000228,77,85,-8
213000229,672,28,644
213000230,273,18,255
213000232,56,371,-315
213000233,4,6,-2
213000234,1,24,-23
213000293,8,46,-38
213000294,67,7,60
213000295,13,90,-77
213000296,50,11,39
213000297,9,58,-49
213000298,5,69,-64
213000299,44,28,16
213000300,17,3,14
213000303,1,13,-12
213000304,0,3,-3
213000305,0,3,-3
213000306,60,16,44
213000307,232,84,148
213000308,76,269,-193
213000309,46,38,8
213000310,101,127,-26
213000311,243,391,-148
213000315,46,110,-64
213000316,32,64,-32
213000322,15,39,-24
213000323,19,62,-43
213000340,88,838,-750
213000341,188,54,134
213000346,79,44,35
213000347,641,113,528
213000348,35,120,-85
213000349,75,26,49
213000350,142,1080,-938
213000366,16,214,-198
213000367,71,34,37
213000379,214,171,43
213000386,11,140,-129
213000406,94,238,-144
213000417,614,280,334
213000425,65,42,23
213000426,48,63,-15
213000427,19,250,-231
213000428,12,190,-178
213000429,21,2,19
213000430,61,916,-855
213000431,75,4,71
213000432,3,10,-7
213000433,3,98,-95
213000435,64,61,3
213000439,17,11,6
213000441,0,0,0
213000443,279,244,35
213000445,0,70,-70
213000446,0,6,-6
213000447,3,37,-34
213000448,35,61,-26
213000449,105,3,102
213000450,20,59,-39
213000451,12,43,-31
213000452,48,87,-39
213000453,21,207,-186
213000455,645,18,627
213000456,2,369,-367
213000481,16,5,11
213000482,99,3,96
213000489,369,22,347
213000491,2,70,-68
213000492,108,19,89
213000493,1,19,-18
213000494,63,85,-22
213000495,1,69,-68
213000496,92,159,-67
213000497,20,318,-298
213000498,41,191,-150
213000499,68,641,-573
213000500,153,70,83
213000501,67,24,43
213000502,68,27,41
213000503,0,74,-74
213000504,8,203,-195
213000505,1,13,-12
213000506,0,12,-12
213000507,1,133,-132
213900244,1,0,1
213900245,0,25,-25
218000003,24,11,13
218000004,13,14,-1
218000005,20,19,1
218000006,39,29,10
218000007,2,12,-10
218000012,194,97,97
218000013,40,121,-81
218000014,334,287,47
218000019,740,305,435
218000020,201,265,-64
218000040,4,2,2
218000046,26,169,-143
218000047,8,194,-186
218000048,65,242,-177
218000049,98,182,-84
218000050,203,321,-118
218000051,39,355,-316
218000052,2,101,-99
218000053,6,22,-16
218000054,74,35,39
218000055,1,11,-10
218000056,11,42,-31
218000057,2,26,-24
218000064,0,4,-4
218000065,19,25,-6
218000066,22,48,-26
218000067,25,91,-66
218000068,50,96,-46
218000069,90,148,-58
218000070,65,273,-208
218000071,133,271,-138
218000072,244,223,21
218000078,406,1082,-676
218000079,27,50,-23
218000080,37,60,-23
218000081,105,220,-115
218000082,17,132,-115
218000083,24,86,-62
218000084,55,153,-98
218000085,62,356,-294
218000086,19,173,-154
218000087,133,240,-107
218000090,2,54,-52
218000091,535,353,182
218000092,27,112,-85
218000093,51,92,-41
218000094,374,716,-342
218000099,227,287,-60
218000100,184,257,-73
218000101,95,167,-72
218000102,138,308,-170
218000103,24,143,-119
218000104,14,42,-28
218000105,27,7,20
218000106,23,12,11
218000107,25,92,-67
218000108,2,32,-30
218000112,39,6,33
218000117,25,31,-6
218000134,277,674,-397
218000135,14,60,-46
218000136,92,33,59
218000137,63,111,-48
218000138,15,90,-75
218000139,65,266,-201
218000140,131,156,-25
218000141,29,53,-24
218000142,63,93,-30
218000143,18,127,-109
218000144,16,49,-33
218000145,186,346,-160
218000146,24,107,-83
218000151,7,13,-6
218000152,59,52,7
218000170,0,20,-20
218000171,38,12,26
218000172,18,10,8
218000173,47,16,31
218000174,5,6,-1
218000176,66,14,52
218000177,213,74,139
218000178,43,79,-36
218000179,45,36,9
218000180,13,25,-12
218000181,56,21,35
218000187,4,6,-2
218000188,26,46,-20
218000189,6,37,-31
218000190,0,5,-5
218000191,49,121,-72
218000192,69,414,-345
218000193,223,508,-285
218000194,46,415,-369
218000195,73,102,-29
218000196,175,248,-73
218000197,86,352,-266
218000198,9,154,-145
218000199,19,26,-7
218000200,84,43,41
218000201,27,4,23
218000202,95,144,-49
218000207,5,36,-31
218000208,25,49,-24
218000211,46,11,35
218000213,63,34,29
218000214,3,7,-4
218000215,24,77,-53
218000217,7,94,-87
218000218,105,32,73
218000219,5,8,-3
218000220,69,273,-204
218000221,420,136,284
218000222,47,12,35
218000223,34,85,-51
218000224,6,28,-22
218000225,177,21,156
218000226,41,41,0
218000232,54,55,-1
218000239,48,3,45
218000240,5,0,5
218000241,10,0,10
218000242,4,0,4
218000243,16,1,15
218000244,3,0,3
218000245,1,2,-1
218000246,1,0,1
218000247,1,0,1
218000248,0,10,-10
218000249,0,0,0
218000250,1,4,-3
218000251,0,17,-17
218000252,0,28,-28
218000253,9,10,-1
218000254,0,2,-2
218000255,0,4,-4
218000256,0,46,-46
218000267,799,992,-193
218000268,4,57,-53
218000269,10,19,-9
218000270,35,83,-48
218000271,47,73,-26
218000273,10,9,1
218000274,5,2,3
218000275,5,29,-24
218000276,6,31,-25
218000278,23,60,-37
218000279,40,85,-45
218000280,25,69,-44
218000281,18,21,-3
218000282,383,163,220
218000284,56,6,50
218000301,35,61,-26
218000302,25,17,8
218000303,42,50,-8
218000316,374,1039,-665
218000317,461,1181,-720
218000318,216,779,-563
218000319,431,1298,-867
218000320,461,693,-232
218000338,57,17,40
218000345,79,49,30
218000346,41,110,-69
218000459,38,209,-171
218000490,52,61,-9
218000501,26,38,-12
218000502,21,109,-88
218000503,35,3,32
218000504,77,3,74
218000505,17,204,-187
218000506,19,173,-154
218000508,25,4,21
218000510,118,2,116
218000520,77,105,-28
218000521,3,90,-87
218000522,0,161,-161
218000523,85,21,64
218000524,43,82,-39
218000525,46,8,38
218000526,84,59,25
218000529,36,241,-205
218000531,5,15,-10
218000532,7,16,-9
218000534,56,15,41
218000537,11,46,-35
218000538,55,89,-34
218000540,183,52,131
218000543,48,43,5
218000544,47,128,-81
218000545,15,26,-11
218000546,30,79,-49
218000547,43,65,-22
218000548,81,150,-69
218000549,313,95,218
218000550,200,457,-257
218000551,279,293,-14
218000552,342,59,283
218000553,39,93,-54
218000554,12,12,0
218000555,16,37,-21
218000556,79,399,-320
218000557,145,140,5
218000558,25,1,24
218000559,0,28,-28
218000560,1,10,-9
218000561,25,0,25
218000562,10,160,-150
218000563,120,13,107
218000564,9,78,-69
218000565,305,13,292
218000566,628,22,606
218000567,4,45,-41
218000568,4,0,4
218000569,25,40,-15
218000570,390,8,382
218000571,0,70,-70
218000572,43,0,43
218000573,23,58,-35
218000574,201,76,125
218000575,61,0,61
218000576,0,76,-76
218000577,10,1,9
218000578,0,69,-69
218000579,13,1,12
218000581,2,63,-61
218000582,5,3,2
218000583,1,0,1
218000584,0,14,-14
218000585,10,1,9
218000586,3,30,-27
218000587,0,0,0
218000588,0,0,0
218000589,0,1,-1
218000590,0,0,0
218000591,0,0,0
218000592,0,1,-1
218000593,0,0,0
218000594,0,1,-1
218000597,0,0,0
218000598,0,0,0
218000599,0,0,0
218000600,0,0,0
218000601,0,0,0
218000602,1,1,0
218000603,0,1,-1
218000604,2,1,1
218000605,0,12,-12
218000606,32,0,32
218000607,9,16,-7
218000608,34,13,21
218000609,0,32,-32
218000610,20,0,20
218000611,3,0,3
218000612,0,36,-36
218000613,4,0,4
218000614,2,46,-44
218000615,26,0,26
218000616,0,108,-108
218000617,3,0,3
218000618,0,19,-19
218000619,14,17,-3
218000620,1,23,-22
218000621,0,0,0
218000622,0,2,-2
218000623,1,0,1
218000624,0,9,-9
218000625,3,4,-1
218000626,0,6,-6
218000628,64,26,38
218000631,43,14,29
218000632,0,49,-49
218000633,51,1,50
218000634,5,13,-8
218000635,14,6,8
218000636,453,1262,-809
218000637,408,514,-106
218000638,41,26,15
218000639,13,216,-203
218000640,46,5,41
218000641,42,284,-242
218000652,69,80,-11
218000653,162,51,111
218000663,1,98,-97
218000675,78,52,26
218000680,145,462,-317
218000681,280,82,198
218000691,71,347,-276
218000693,60,97,-37
218000718,746,226,520
218000719,986,47,939
218000720,9,41,-32
218000721,40,7,33
218001147,4,389,-385
218001214,13,9,4
218001258,48,1,47
218001329,130,95,35
218001330,153,95,58
218001351,33,22,11
218001352,3,5,-2
218001353,20,15,5
218001354,2,21,-19
218001355,30,411,-381
218001356,86,5,81
218001357,29,311,-282
218001358,108,4,104
218001361,47,9,38
218001362,2,308,-306
219000001,12,76,-64
219000002,30,79,-49
219000003,44,18,26
219000004,47,48,-1
219000017,76,23,53
219000020,39,6,33
219000022,86,1,85
219000023,64,0,64
219000029,0,79,-79
219000034,18,14,4
219000039,16,49,-33
219000040,24,29,-5
219000041,60,29,31
219000051,1,42,-41
219000052,0,19,-19
219000053,2,215,-213
219000055,41,0,41
219000056,4,0,4
219000057,31,0,31
219000062,18,217,-199
219000063,42,9,33
219000064,6,31,-25
219000110,163,32,131
219000111,77,45,32
219000112,115,41,74
219000113,87,21,66
219000114,175,31,144
219000116,40,37,3
219000117,123,82,41
219000118,52,58,-6
219000123,184,89,95
219000124,38,38,0
219000125,15,20,-5
219000126,62,96,-34
219000127,0,6,-6
219000128,29,89,-60
219000129,34,99,-65
219000130,997,509,488
219000131,867,532,335
219000133,58,13,45
219000134,10,13,-3
219000135,22,29,-7
219000136,119,131,-12
219000138,38,9,29
219000139,15,38,-23
219000140,12,2,10
219000141,14,170,-156
219000142,11,114,-103
219000143,10,99,-89
219000145,6,43,-37
219000146,8,36,-28
219000147,1,82,-81
219000148,1,52,-51
219000149,12,140,-128
219000150,0,103,-103
219000151,2,85,-83
219000157,100,84,16
219000158,94,195,-101
219000161,131,9,122
219000163,1250,354,896
219000166,54,177,-123
219000167,74,192,-118
219000168,227,71,156
219000174,160,58,102
219000175,28,0,28
219000176,26,1,25
219000177,15,1,14
219000178,8,4,4
219000179,8,0,8
219000180,26,26,0
219000182,47,17,30
219000183,18,33,-15
219000184,32,1,31
219000185,0,114,-114
219000186,11,41,-30
219000187,6,162,-156
219000189,110,101,9
219000190,121,175,-54
219000191,1393,627,766
219000192,99,70,29
219000193,526,140,386
219000195,8,40,-32
219000196,2,117,-115
219000198,19,167,-148
219000199,72,138,-66
219000200,20,167,-147
219000201,69,194,-125
219000203,17,78,-61
219000204,60,176,-116
219000205,64,148,-84
219000207,142,145,-3
219000209,13,94,-81
219000210,40,88,-48
219000213,9,245,-236
219000239,111,212,-101
219000240,158,290,-132
219000241,129,183,-54
219000242,94,223,-129
219000243,39,305,-266
219000244,3,136,-133
219000245,29,26,3
219000246,27,15,12
219000247,34,27,7
219000248,294,174,120
219000249,96,61,35
219000250,94,55,39
219000251,265,73,192
219000252,101,67,34
219000253,96,36,60
219000255,28,44,-16
219000256,65,68,-3
219000257,94,0,94
219000262,76,270,-194
219000263,32,211,-179
219000267,1,169,-168
219000268,1,6,-5
219000269,1,0,1
219000270,3,0,3
219000271,48,6,42
219000278,1,14,-13
219000279,1,3,-2
219000283,0,12,-12
219000295,8,91,-83
219000296,57,537,-480
219000297,12,148,-136
219000298,22,229,-207
219000299,245,40,205
219000300,21,270,-249
219000301,164,229,-65
219000302,14,260,-246
219000307,64,55,9
219000308,15,23,-8
219000311,80,30,50
219000312,209,41,168
219000313,94,18,76
219000314,80,472,-392
219000315,75,31,44
219000316,147,15,132
219000317,37,4,33
219000320,0,60,-60
219000321,0,14,-14
219000323,1,86,-85
219000325,0,29,-29
219000326,70,97,-27
219000327,25,27,-2
219000328,13,30,-17
219000329,192,70,122
219000330,28,16,12
219000331,14,38,-24
219000332,64,42,22
219000333,2,0,2
219000335,29,1,28
219000337,11,2,9
219000338,50,3,47
219000344,17,45,-28
219000345,82,134,-52
219000346,15,182,-167
219000348,52,101,-49
219000349,14,255,-241
219000350,29,84,-55
219000351,0,2,-2
219000352,100,60,40
219000353,70,40,30
219000354,68,105,-37
219000355,61,24,37
219000356,1448,310,1138
219000363,220,17,203
219000364,85,20,65
219000365,91,4,87
219000366,259,101,158
219000368,383,237,146
219000370,864,180,684
219000371,18,7,11
219000382,8,4,4
219000383,724,499,225
219000385,567,375,192
219000386,858,970,-112
219000387,0,0,0
219000390,1,1,0
219000391,3,0,3
219000397,45,71,-26
219000398,59,20,39
219000401,8,72,-64
219000402,11,84,-73
219000403,36,144,-108
219000404,7,68,-61
219000407,4,16,-12
219000409,61,31,30
219000410,30,36,-6
219000411,22,7,15
219000446,194,319,-125
219000447,0,24,-24
219000448,4,2,2
219000452,104,51,53
219000453,52,81,-29
219000454,271,127,144
219000556,110,42,68
219000558,66,210,-144
219000590,12,166,-154
219000591,25,31,-6
219000592,73,372,-299
219000595,1,17,-16
219000635,28,19,9
219000636,13,106,-93
219000657,15,18,-3
219000658,5,45,-40
219000673,0,3,-3
219000676,3,0,3
219000679,5,7,-2
219000684,35,4,31
219000685,2,102,-100
219000686,0,0,0
219000688,0,94,-94
219000689,30,220,-190
219000690,132,17,115
219000691,93,66,27
219000692,115,27,88
219000693,0,15,-15
219000694,6,0,6
219000695,6,3,3
219000698,16,0,16
219000699,0,8,-8
219000727,14,238,-224
219000728,81,1,80
219000770,16,1,15
219000771,1,22,-21
219000788,301,276,25
219001150,0,7,-7
219001151,0,2,-2
219001166,18,3,15
219001167,0,35,-35
219001178,12,1,11
220000001,18,38,-20
220000002,7,117,-110
220000003,254,238,16
220000004,404,489,-85
220000005,1438,1175,263
220000006,155,741,-586
220000007,213,724,-511
220000008,161,1053,-892
220000009,154,444,-290
220000010,131,92,39
220000011,519,2160,-1641
220000012,204,235,-31
220000014,27,65,-38
220000015,34,119,-85
220000017,27,242,-215
220000018,3821,435,3386
220000019,65,186,-121
220000020,177,181,-4
220000021,301,153,148
220000022,264,319,-55
220000023,111,130,-19
220000024,1032,227,805
220000025,357,356,1
220000026,135,137,-2
220000027,32,65,-33
220000028,21,14,7
220000029,36,106,-70
220000030,78,88,-10
220000031,84,203,-119
220000064,14,577,-563
221000046,2,0,2
221000047,0,2,-2
221000048,0,0,0
221000049,0,5,-5
221000050,10,1,9
221000055,33,52,-19
221000068,245,59,186
221000069,166,48,118
221000070,77,11,66
221000071,44,5,39
221000072,94,10,84
221000073,78,72,6
221000074,3,22,-19
221000075,38,15,23
221000076,7,39,-32
221000077,39,43,-4
221000081,62,10,52
221000082,14,3,11
221000083,64,2,62
221000084,0,1,-1
221000085,9,39,-30
221000086,7,139,-132
221000087,6,145,-139
221000088,11,112,-101
221000089,32,151,-119
221000090,98,339,-241
221000098,83,4,79
221000099,95,6,89
221000100,40,3,37
221000101,177,6,171
221000102,0,0,0
221000107,7,0,7
221000108,6,1,5
221000109,1,4,-3
221000110,6,115,-109
221000111,12,136,-124
221000112,2,129,-127
221000113,10,147,-137
221000114,11,145,-134
221000120,3,18,-15
221000121,0,9,-9
221000122,3,16,-13
221000123,8,44,-36
221000124,9,218,-209
221000155,41,5,36
221000156,17,36,-19
221000175,0,6,-6
221000176,3,5,-2
221000182,28,8,20
221000241,496,132,364
221000242,161,228,-67
221000243,380,64,316
221000244,140,317,-177
221000245,83,127,-44
221000246,14,248,-234
221000247,32,121,-89
221000248,49,178,-129
221000267,41,569,-528
221000325,73,40,33
221000331,1,54,-53
221000338,5,16,-11
221000378,88,15,73
221000381,57,87,-30
222000282,3,0,3
222000296,3,11,-8
222000568,176,4,172
222000569,68,5,63
222000570,91,3,88
222000571,76,10,66
222000577,1,179,-178
222000578,10,210,-200
222000579,34,104,-70
222000580,102,684,-582
222000599,0,111,-111
222000600,3,274,-271
222000601,8,630,-622
222000603,5,10,-5
222000604,33,30,3
222000605,9,5,4
222000606,0,11,-11
222000607,0,3,-3
222000608,4,9,-5
222000609,25,298,-273
222000616,40,31,9
222000617,3,5,-2
222000618,3,1,2
222000620,23,6,17
222000621,57,9,48
222000623,287,1,286
222000624,132,0,132
222000625,160,55,105
222000636,27,2,25
222000686,22,10,12
222000687,19,25,-6
222001066,90,2,88
222001067,2,4,-2
222001068,4,14,-10
222001069,7,21,-14
222001082,4,32,-28
222001083,4,57,-53
222001084,1,25,-24
222001085,0,58,-58
222001111,8,210,-202
222001112,22,9,13
222001313,4,1,3
222001314,1,72,-71
222001464,59,48,11
222001465,14,181,-167
222001484,31,47,-16
222001485,17,58,-41
222001494,93,77,16
222001495,58,321,-263
222001496,91,44,47
222001497,54,466,-412
222001502,21,87,-66
222001503,30,18,12
222001504,14,189,-175
222001505,83,5,78
222001506,24,157,-133
222001507,94,11,83
222001510,118,21,97
222001511,9,350,-341
222001514,479,54,425
222001515,129,502,-373
222001518,85,20,65
222001519,22,352,-330
222001527,185,30,155
222001528,50,119,-69
222001529,60,10,50
222001530,14,177,-163
222001533,118,282,-164
222001534,66,26,40
222001535,66,102,-36
222001536,65,341,-276
222001537,112,11,101
222001538,22,364,-342
222001563,171,102,69
222001564,34,707,-673
222001568,190,71,119
222001576,0,0,0
222001579,0,1,-1
222001583,10,141,-131
222001584,45,6,39
222001596,355,1072,-717
222001597,800,173,627
222001626,0,156,-156
222001650,51,68,-17
222001651,79,147,-68
222001914,217,33,184
222001915,53,169,-116
222001968,412,135,277
222001969,310,706,-396
222001970,92,129,-37
222001971,2,10,-8
222001972,0,16,-16
225000001,211,70,141
225000002,246,56,190
225000003,161,69,92
225000004,115,151,-36
225000005,16,34,-18
225000006,1,115,-114
225000007,2765,845,1920
225000010,167,2,165
225000011,426,476,-50
225000012,93,221,-128
225000013,59,136,-77
225000014,331,61,270
225000015,81,221,-140
225000021,407,132,275
225000027,162,430,-268
225000032,410,106,304
225000042,30,487,-457
225000049,30,45,-15
225000050,26,7,19
225000053,3,141,-138
225000058,384,104,280
225000067,101,181,-80
225000068,77,520,-443
225000069,144,427,-283
225000070,54,458,-404
225000071,15,288,-273
225000075,18,546,-528
225000076,61,134,-73
225000078,25,19,6
225000085,15,57,-42
225000086,75,20,55
225000087,99,15,84
225000088,5,94,-89
225000089,311,431,-120
225000090,38,323,-285
225000091,42,223,-181
225000092,11,62,-51
225000093,112,412,-300
225000094,6,466,-460
225000095,252,530,-278
225000096,132,260,-128
225000098,271,78,193
225000099,133,65,68
225000100,126,109,17
225000104,82,748,-666
225000110,16,714,-698
225000111,272,2010,-1738
225000112,342,1678,-1336
225000113,138,1008,-870
225000114,64,490,-426
225000115,4802,772,4030
225000116,1776,112,1664
225000117,1258,388,870
225000118,996,374,622
225000119,124,90,34
225000120,636,52,584
225000121,264,24,240
225000123,1122,12,1110
225000125,306,484,-178
225000126,1764,322,1442
225000127,1772,824,948
225000128,578,526,52
225000132,208,44,164
225000133,276,78,198
225000134,750,128,622
225000135,82,14,68
225000136,228,14,214
225000137,102,98,4
225000138,388,62,326
225000143,130,312,-182
225000144,8,630,-622
225000145,78,68,10
225000146,96,206,-110
225000147,38,586,-548
225000148,2,354,-352
225000149,96,852,-756
225000151,66,598,-532
225000155,352,456,-104
225000156,264,1056,-792
225000157,200,680,-480
225000158,110,634,-524
225000171,0,212,-212
225000180,54,4,50
225000181,4,90,-86
225000182,196,6,190
225000185,10,500,-490
225000187,80,690,-610
225000191,150,2,148
225000194,0,24,-24
225000208,2,72,-70
225000209,28,34,-6
225000210,4,282,-278
225000217,0,66,-66
225000218,14,0,14
225000223,0,102,-102
225000224,130,4,126
225000225,2,4,-2
225000226,46,2,44
225000227,78,124,-46
225000228,6,4,2
225000229,0,118,-118
225000230,10,0,10
225000231,0,220,-220
225000232,46,0,46
225000241,140,0,140
225000242,0,90,-90
225000249,2,0,2
225000250,66,1772,-1706
225000251,390,32,358
226000042,660,676,-16
226000043,126,452,-326
226000044,280,1196,-916
226000045,106,748,-642
226000046,504,86,418
226000047,316,148,168
226000048,396,112,284
226000049,236,142,94
226000070,2,68,-66
226000071,0,116,-116
226000072,0,22,-22
226000073,0,12,-12
226000074,4,6,-2
226000084,4,64,-60
226000085,6,12,-6
226000086,24,6,18
226000087,2,34,-32
226000088,12,16,-4
226000090,154,74,80
226000091,48,18,30
226000092,0,2,-2
226000093,76,0,76
226000094,38,8,30
226000095,34,10,24
226000105,8,0,8
226000106,12,0,12
226000107,2,0,2
226000108,30,0,30
226000109,70,0,70
226000124,130,48,82
226000134,480,552,-72
226000135,842,744,98
226000136,244,418,-174
226000137,18,860,-842
226000138,8,600,-592
226000139,8,22,-14
226000156,88,4,84
226000157,140,8,132
226000163,88,366,-278
226000202,6,774,-768
226000231,238,22,216
226000232,42,8,34
227000033,472,68,404
227000036,238,36,202
227000037,130,54,76
227000038,282,38,244
227000049,0,14,-14
227000050,0,58,-58
227000055,26,0,26
227000056,28,0,28
227000084,4,62,-58
227000085,0,60,-60
227000088,96,4,92
227000089,82,2,80
227000090,34,2,32
227000091,14,2,12
227000093,56,0,56
227000094,2,0,2
227000130,48,96,-48
227000131,22,506,-484
227000132,28,524,-496
227000133,20,462,-442
227000134,28,628,-600
227000152,0,2,-2
227000153,0,30,-30
227000155,0,36,-36
227000156,0,28,-28
227000165,0,34,-34
227000196,210,374,-164
227000199,116,652,-536
227000230,32,396,-364
227000232,168,48,120
227000242,66,710,-644
227000243,566,70,496
227000245,40,662,-622
227000246,130,684,-554
227000247,248,90,158
227000248,168,32,136
227000249,46,446,-400
227000250,754,248,506
227000251,350,682,-332
227000252,20,664,-644
227000253,76,36,40
227000262,466,26,440
227000266,498,16,482
227000267,68,1986,-1918
227000282,10,202,-192
227000284,252,8,244
227000286,2,114,-112
227000287,16,156,-140
227000291,20,588,-568
227000484,472,20,452
227000485,26,548,-522
227000655,34,12,22
227000656,930,24,906
227000657,46,22,24
227000661,172,14,158
227000680,314,124,190
229000265,12,54,-42
229000296,0,6,-6
229000297,6,104,-98
229000298,8,302,-294
229000320,8,6,2
229000321,16,6,10
229000412,20,62,-42
229000414,14,94,-80
229000415,0,2,-2
229000416,0,2,-2
229000417,16,44,-28
229000419,206,346,-140
229000440,296,96,200
229000442,16,2,14
229000443,0,2,-2
229000444,0,32,-32
229000445,12,14,-2
229000446,50,30,20
229000847,20,0,20
229000848,14,0,14
229000849,80,4,76
229000851,14,0,14
229000854,4,96,-92
229000856,10,298,-288
229000857,0,78,-78
229000858,0,262,-262
229000919,6,92,-86
229000930,28,362,-334
229000937,62,30,32
229000966,58,46,12
229000981,36,150,-114
229000985,4,42,-38
229000986,0,0,0
229000987,0,2,-2
229000988,0,2,-2
229000989,2,2,0
229000990,0,0,0
229000991,0,0,0
229000992,12,0,12
229000993,174,22,152
229000998,24,102,-78
229000999,78,26,52
229001034,2,30,-28
229001035,2,4,-2
229001037,50,34,16
229001042,18,6,12
229001047,4,120,-116
229001050,58,118,-60
229001200,10,0,10
229001338,22,16,6
229001394,282,6,276
229001422,124,34,90
229001423,50,190,-140
229001431,60,44,16
229001432,50,98,-48
229001444,158,56,102
229001445,88,212,-124
229001503,230,86,144
229001504,116,308,-192
229001505,112,78,34
229001506,44,356,-312
229001509,64,102,-38
229001545,90,4,86
229001546,6,156,-150
229001553,60,12,48
229001554,4,114,-110
229001559,2,18,-16
229001560,0,20,-20
229001630,44,16,28
229001631,10,72,-62
229001635,0,14,-14
229001636,0,0,0
229001658,2,124,-122
229001659,146,6,140
229001660,0,0,0
229001661,0,42,-42
229001662,64,0,64
229001663,0,70,-70
229002584,260,154,106
229002831,268,152,116
229002841,4,12,-8
229002842,12,18,-6
229002843,20,34,-14
229002844,24,66,-42
229002845,18,50,-32
229002846,72,10,62
229002847,12,16,-4
229002848,2,2,0
229002849,0,100,-100
229002850,8,4,4
229002851,86,132,-46
229002852,60,44,16
229002853,76,38,38
229002854,34,30,4
229002855,14,54,-40
229002856,38,8,30
229002857,2,42,-40
229002858,8,2,6
229002859,6,26,-20
229002860,38,4,34
229002861,4,38,-34
229002862,10,84,-74
229002863,4,48,-44
229002864,0,42,-42
229002865,6,8,-2
229002866,6,14,-8
229002867,0,14,-14
229002868,2,22,-20
229002869,8,178,-170
229002870,20,4,16
235000066,538,86,452
235000067,90,146,-56
235000072,26,46,-20
235000073,102,264,-162
235000074,26,116,-90
235000080,68,156,-88
235000081,84,328,-244
235000082,118,162,-44
235000083,224,154,70
235000084,180,74,106
235000085,84,162,-78
235000089,12,54,-42
235000092,2,140,-138
235000093,2,4,-2
235000097,0,6,-6
235000098,66,18,48
235000099,10,30,-20
235000116,80,16,64
235000117,1222,8,1214
235000133,14,266,-252
235000134,20,150,-130
235000206,28,6,22
235000207,2,6,-4
235000208,2,0,2
235000209,6,2,4
235000210,6,2,4
235000212,2,14,-12
235000213,4,10,-6
235000220,2,0,2
235000221,50,24,26
235000238,20,48,-28
235000239,0,2,-2
235000242,306,384,-78
235000245,1662,284,1378
235000246,22,86,-64
235000284,6,160,-154
235000295,126,14,112
235000305,88,22,66
235000306,74,18,56
235000307,12,2,10
235000308,56,0,56
235000309,34,0,34
235000310,28,0,28
235000311,28,4,24
235000322,0,30,-30
235000323,6,50,-44
235000324,0,28,-28
235000325,0,36,-36
235000326,6,438,-432
235000351,2,132,-130
235000352,14,40,-26
235000353,0,34,-34
235000354,2,58,-56
235000355,10,52,-42
235000356,30,16,14
235000357,18,24,-6
235000358,38,18,20
235000359,2,4,-2
235000360,30,6,24
235000361,46,4,42
235000381,44,492,-448
235000382,118,90,28
235000390,40,10,30
235000391,98,46,52
235000392,76,204,-128
235000393,126,190,-64
235000395,52,48,4
235000396,292,74,218
235000400,164,258,-94
235000401,60,214,-154
235000405,198,580,-382
235000406,92,372,-280
235000407,78,158,-80
235000409,392,246,146
235000410,38,318,-280
235000411,0,120,-120
235000485,0,12,-12
235000486,0,0,0
235000549,34,54,-20
235000550,38,370,-332
235000599,48,152,-104
235000600,8,20,-12
235000601,40,40,0
235000602,56,206,-150
235000614,0,2,-2
235000648,0,56,-56
235000649,34,2,32
235000685,2,4,-2
235000815,6,28,-22
235000834,0,14,-14
235000855,36,30,6
235000862,30,380,-350
235000891,0,18,-18
235000892,10,0,10
235000901,54,138,-84
235000907,0,6,-6
235001010,24,46,-22
235001029,652,566,86
235001030,450,170,280
235001078,120,148,-28
235001079,116,168,-52
235001147,120,58,62
235001166,12,98,-86
235001167,2,74,-72
235001169,30,400,-370
235001188,0,12,-12
235001189,0,2,-2
235001197,16,46,-30
235001200,42,42,0
235001207,414,102,312
235001210,102,540,-438
235001215,28,434,-406
235001239,0,44,-44
235001244,0,4,-4
235016267,0,28,-28
277102712,4,0,4
277103813,0,0,0
277103814,0,0,0
277104249,0,8,-8
277104250,0,16,-16
277104251,0,10,-10
277104252,0,2,-2
990011530,0,444,-444
990014944,4,716,-712
990015176,30,0,30
990015618,0,92,-92
990016032,0,538,-538
990032570,2,70,-68
990070001,134,80,54
990070103,0,0,0
990070601,0,44,-44
990070751,210,0,210
990070766,0,1658,-1658
990071180,442,238,204
990071343,52,0,52
990071387,12,10,2
990071823,20,4,16
990072600,2,856,-854
990072964,2,906,-904
990073285,0,10,-10
990074393,4,2016,-2012
990074870,528,6,522
990075106,414,0,414
990075746,212,6,206
990076437,440,2,438
990076458,14,2642,-2628
997000007,100,2,98
997000041,0,226,-226
997000058,20,2,18
997000062,26,0,26
997000069,0,8,-8
997000070,0,110,-110
997000100,0,0,0
997000141,6,730,-724
997000198,1068,626,442
998000475,0,30,-30
998000736,0,504,-504
998000965,0,16,-16
998001031,0,62,-62
998001700,0,24,-24
998001899,2,2,0
998001900,22,4,18
998003073,578,2,576
998101900,0,0,0
998102850,0,94,-94
998501927,718,540,178
998501929,144,4,140
998501930,72,2,70
998501931,108,4,104
998501932,22,0,22
998501933,42,2,40
998501937,16,0,16
998501944,0,2,-2
998501950,0,8,-8
998501970,22,2,20
998501971,4,126,-122
998501973,0,94,-94
998501974,2,512,-510
998501975,192,0,192
998501976,72,0,72
998501977,2,54,-52
998501978,14,0,14
998501979,0,16,-16
998501980,308,2,306
998501981,34,24,10
998501982,0,98,-98
998501983,0,0,0
998502006,0,0,0
998502024,0,4,-4
998502032,0,8,-8
998502062,110,88,22
998502063,0,0,0
998502173,68,4,64
998502269,0,0,0
998502546,2,168,-166
998502578,0,12,-12
998502599,92,318,-226
998502621,0,0,0
998601159,4,382,-378
998601292,0,28,-28
999033574,2,1034,-1032
999800001,26,2,24
999800002,0,6,-6
999800003,6,6,0
999800004,0,10,-10
999800005,0,6,-6
