dong,insum,outsum,diff
강남구 개포1동,38,98,-60
강남구 개포2동,1229,4277,-3048
강남구 개포4동,166,621,-455
강남구 논현1동,10159,6267,3892
강남구 논현2동,2743,2388,355
강남구 대치1동,4445,3426,1019
강남구 대치2동,6610,4716,1894
강남구 대치4동,4892,3452,1440
강남구 도곡1동,2778,3014,-236
강남구 도곡2동,959,1082,-123
강남구 삼성1동,4976,3572,1404
강남구 삼성2동,2712,3147,-435
강남구 세곡동,1431,4697,-3266
강남구 수서동,2915,1440,1475
강남구 신사동,4597,3100,1497
강남구 압구정동,8666,6468,2198
강남구 역삼1동,22065,10934,11131
강남구 역삼2동,2943,3926,-983
강남구 일원1동,285,345,-60
강남구 일원2동,82,117,-35
강남구 일원본동,1043,2750,-1707
강남구 청담동,5369,4926,443
강동구 강일동,561,4988,-4427
강동구 고덕제1동,363,1164,-801
강동구 고덕제2동,935,1348,-413
강동구 길동,1693,2410,-717
강동구 둔촌제1동,4,13,-9
강동구 둔촌제2동,1069,2526,-1457
강동구 명일제1동,1910,2711,-801
강동구 명일제2동,1151,1442,-291
강동구 상일동,2935,4742,-1807
강동구 성내제1동,1354,2674,-1320
강동구 성내제2동,2314,3820,-1506
강동구 성내제3동,1507,2440,-933
강동구 암사제1동,685,2573,-1888
강동구 암사제2동,8,3,5
강동구 암사제3동,0,0,0
강동구 천호제1동,610,1304,-694
강동구 천호제2동,3399,2847,552
강동구 천호제3동,1325,567,758
강북구 미아동,1899,3861,-1962
강북구 번1동,8488,11891,-3403
강북구 번2동,555,2201,-1646
강북구 번3동,615,3235,-2620
강북구 삼각산동,688,2420,-1732
강북구 삼양동,1043,4148,-3105
강북구 송중동,10881,13838,-2957
강북구 송천동,2235,3668,-1433
강북구 수유1동,691,3014,-2323
강북구 수유2동,770,4146,-3376
강북구 수유3동,4750,3201,1549
강북구 우이동,522,3172,-2650
강북구 월곡제1동,5,23,-18
강북구 인수동,591,4299,-3708
강서구 가양제1동,1748,1855,-107
강서구 가양제2동,267,721,-454
강서구 가양제3동,90,532,-442
강서구 공항동,1376,2408,-1032
강서구 등촌제1동,1865,4446,-2581
강서구 등촌제2동,783,1982,-1199
강서구 등촌제3동,1853,3835,-1982
강서구 발산제1동,2723,3658,-935
강서구 방화제1동,1404,2722,-1318
강서구 방화제2동,1228,769,459
강서구 방화제3동,12,540,-528
강서구 염창동,439,1026,-587
강서구 우장산동,1882,3529,-1647
강서구 화곡본동,434,885,-451
강서구 화곡제1동,3775,8162,-4387
강서구 화곡제2동,129,998,-869
강서구 화곡제3동,1627,1947,-320
강서구 화곡제4동,578,1412,-834
강서구 화곡제6동,2226,3065,-839
강서구 화곡제8동,1552,1594,-42
관악구 낙성대동,3145,3019,126
관악구 난곡동,538,3282,-2744
관악구 난향동,437,2353,-1916
관악구 남현동,5272,4888,384
관악구 대학동,1517,3642,-2125
관악구 미성동,1190,3768,-2578
관악구 보라매동,989,1855,-866
관악구 삼성동,1111,5037,-3926
관악구 서림동,759,3095,-2336
관악구 서원동,3786,2635,1151
관악구 성현동,157,802,-645
관악구 신림동,6559,7694,-1135
관악구 신사동,1356,3380,-2024
관악구 신원동,50,224,-174
관악구 은천동,1150,4073,-2923
관악구 인헌동,255,624,-369
관악구 조원동,2570,2848,-278
관악구 중앙동,5118,1831,3287
관악구 청룡동,3520,1455,2065
관악구 청림동,53,457,-404
관악구 행운동,4687,4252,435
광진구 광장동,808,946,-138
광진구 구의제1동,1463,2246,-783
광진구 구의제2동,1140,2314,-1174
광진구 구의제3동,595,485,110
광진구 군자동,2809,4809,-2000
광진구 능동,4102,2543,1559
광진구 자양제1동,589,709,-120
광진구 자양제2동,353,2150,-1797
광진구 자양제3동,338,517,-179
광진구 자양제4동,3180,3396,-216
광진구 중곡제1동,1925,2501,-576
광진구 중곡제2동,865,1445,-580
광진구 중곡제3동,720,1986,-1266
광진구 중곡제4동,330,616,-286
광진구 화양동,6879,4177,2702
구로구 가리봉동,964,1868,-904
구로구 개봉제1동,1804,3608,-1804
구로구 개봉제2동,1882,2658,-776
구로구 개봉제3동,131,884,-753
구로구 고척제1동,1866,3431,-1565
구로구 고척제2동,868,3668,-2800
구로구 구로제1동,604,1649,-1045
구로구 구로제2동,4065,4369,-304
구로구 구로제3동,4676,2779,1897
구로구 구로제4동,796,1405,-609
구로구 구로제5동,2206,1572,634
구로구 수궁동,1534,2361,-827
구로구 신도림동,8465,3125,5340
구로구 오류제1동,1115,1764,-649
구로구 오류제2동,189,566,-377
구로구 항동,91,1033,-942
금천구 가산동,2481,3839,-1358
금천구 독산제1동,2303,5674,-3371
금천구 독산제2동,824,2769,-1945
금천구 독산제3동,1609,3483,-1874
금천구 독산제4동,653,780,-127
금천구 미성동,6,45,-39
금천구 시흥제1동,2620,6058,-3438
금천구 시흥제2동,361,1681,-1320
금천구 시흥제3동,568,1394,-826
금천구 시흥제4동,51,693,-642
금천구 시흥제5동,517,2563,-2046
노원구 공릉1동,4580,3691,889
노원구 공릉2동,1373,2690,-1317
노원구 상계10동,2319,1505,814
노원구 상계1동,1374,2795,-1421
노원구 상계2동,3897,1935,1962
노원구 상계3.4동,72,1911,-1839
노원구 상계5동,714,1491,-777
노원구 상계6.7동,3036,3421,-385
노원구 상계8동,329,1305,-976
노원구 상계9동,576,1229,-653
노원구 월계1동,4370,4745,-375
노원구 월계2동,436,2681,-2245
노원구 월계3동,637,2058,-1421
노원구 중계1동,822,2080,-1258
노원구 중계2.3동,1746,3042,-1296
노원구 중계4동,842,1526,-684
노원구 중계본동,597,3057,-2460
노원구 하계1동,2186,4065,-1879
노원구 하계2동,1742,2754,-1012
도봉구 도봉제1동,1342,2619,-1277
도봉구 도봉제2동,3465,4492,-1027
도봉구 방학제1동,2788,5345,-2557
도봉구 방학제2동,281,2469,-2188
도봉구 방학제3동,490,2577,-2087
도봉구 쌍문제1동,465,3680,-3215
도봉구 쌍문제2동,1417,2302,-885
도봉구 쌍문제3동,593,510,83
도봉구 쌍문제4동,314,2303,-1989
도봉구 창제1동,4117,3939,178
도봉구 창제2동,666,3449,-2783
도봉구 창제3동,786,2504,-1718
도봉구 창제4동,2592,1958,634
도봉구 창제5동,3049,4787,-1738
동대문구 답십리제1동,1104,2248,-1144
동대문구 답십리제2동,1253,2247,-994
동대문구 면목제5동,1,9,-8
동대문구 용신동,9553,11567,-2014
동대문구 이문제1동,1333,3574,-2241
동대문구 이문제2동,375,1369,-994
동대문구 장안제1동,2841,3111,-270
동대문구 장안제2동,1531,3429,-1898
동대문구 전농제1동,2136,3957,-1821
동대문구 전농제2동,817,1727,-910
동대문구 제기동,3977,5348,-1371
동대문구 청량리동,5639,4842,797
동대문구 회기동,856,1268,-412
동대문구 휘경제1동,2021,2697,-676
동대문구 휘경제2동,2377,4389,-2012
동작구 노량진제1동,6936,5528,1408
동작구 노량진제2동,3154,2941,213
동작구 대방동,2159,2784,-625
동작구 사당제1동,5683,4825,858
동작구 사당제2동,3832,4486,-654
동작구 사당제3동,44,599,-555
동작구 사당제4동,13,47,-34
동작구 사당제5동,106,728,-622
동작구 상도제1동,2250,4234,-1984
동작구 상도제2동,1193,2318,-1125
동작구 상도제3동,560,1522,-962
동작구 상도제4동,280,1526,-1246
동작구 신대방제1동,269,363,-94
동작구 신대방제2동,1501,2385,-884
동작구 흑석동,2808,5208,-2400
마포구 공덕동,1667,2143,-476
마포구 대흥동,2181,2951,-770
마포구 도화동,1408,844,564
마포구 망원제1동,568,1701,-1133
마포구 망원제2동,543,1453,-910
마포구 상암동,4249,5998,-1749
마포구 서강동,807,1043,-236
마포구 서교동,21706,7288,14418
마포구 성산제1동,834,2598,-1764
마포구 성산제2동,1631,5011,-3380
마포구 신수동,173,475,-302
마포구 아현동,3767,3376,391
마포구 연남동,222,535,-313
마포구 염리동,251,332,-81
마포구 용강동,2628,2044,584
마포구 합정동,3760,2670,1090
서대문구 남가좌제1동,1563,2816,-1253
서대문구 남가좌제2동,736,4599,-3863
서대문구 북가좌제1동,769,2075,-1306
서대문구 북가좌제2동,1351,3968,-2617
서대문구 북아현동,1465,2472,-1007
서대문구 신촌동,15325,11730,3595
서대문구 연희동,6803,12147,-5344
서대문구 천연동,2124,2525,-401
서대문구 충현동,3688,5636,-1948
서대문구 홍은제1동,1599,3707,-2108
서대문구 홍은제2동,1509,4816,-3307
서대문구 홍제제1동,970,1318,-348
서대문구 홍제제2동,3015,5768,-2753
서대문구 홍제제3동,556,1622,-1066
서초구 내곡동,729,1972,-1243
서초구 반포1동,6055,4739,1316
서초구 반포2동,1184,1233,-49
서초구 반포3동,5469,2820,2649
서초구 반포4동,4826,1932,2894
서초구 반포본동,2779,3014,-235
서초구 방배1동,1770,1235,535
서초구 방배2동,1456,1068,388
서초구 방배3동,897,1356,-459
서초구 방배4동,1900,1624,276
서초구 방배본동,849,1007,-158
서초구 서초1동,2453,1422,1031
서초구 서초2동,7619,7442,177
서초구 서초3동,3393,2974,419
서초구 서초4동,11054,4741,6313
서초구 양재1동,6426,7343,-917
서초구 양재2동,1891,4791,-2900
서초구 잠원동,4450,6642,-2192
성동구 금호1가동,237,727,-490
성동구 금호2.3가동,458,448,10
성동구 금호4가동,513,963,-450
성동구 마장동,443,812,-369
성동구 사근동,768,249,519
성동구 성수1가제1동,382,820,-438
성동구 성수1가제2동,1056,759,297
성동구 성수2가제1동,199,1010,-811
성동구 성수2가제3동,2443,1290,1153
성동구 송정동,107,189,-82
성동구 옥수동,390,780,-390
성동구 왕십리도선동,2927,1236,1691
성동구 왕십리제2동,956,1614,-658
성동구 용답동,2062,2139,-77
성동구 응봉동,256,1003,-747
성동구 행당제1동,2788,1349,1439
성동구 행당제2동,1068,1462,-394
성북구 길음제1동,3433,5282,-1849
성북구 길음제2동,1918,4832,-2914
성북구 돈암제1동,2715,4964,-2249
성북구 돈암제2동,138,2105,-1967
성북구 동선동,11491,8985,2506
성북구 보문동,1508,2249,-741
성북구 삼선동,10916,8543,2373
성북구 석관동,930,3164,-2234
성북구 성북동,1955,1768,187
성북구 안암동,1634,1236,398
성북구 월곡제1동,2032,3276,-1244
성북구 월곡제2동,1296,2283,-987
성북구 장위제1동,392,4002,-3610
성북구 장위제2동,895,2584,-1689
성북구 장위제3동,745,1746,-1001
성북구 정릉제1동,1110,2997,-1887
성북구 정릉제2동,1316,4853,-3537
성북구 정릉제3동,795,2337,-1542
성북구 정릉제4동,538,5601,-5063
성북구 종암동,3221,5852,-2631
송파구 가락1동,329,369,-40
송파구 가락2동,1327,2890,-1563
송파구 가락본동,4291,5718,-1427
송파구 거여1동,467,950,-483
송파구 거여2동,155,565,-410
송파구 마천1동,172,1649,-1477
송파구 마천2동,485,2964,-2479
송파구 문정1동,451,2233,-1782
송파구 문정2동,5773,7515,-1742
송파구 방이1동,802,1508,-706
송파구 방이2동,3325,2903,422
송파구 삼전동,2390,3151,-761
송파구 석촌동,4746,8408,-3662
송파구 송파1동,2591,3027,-436
송파구 송파2동,505,756,-251
송파구 오금동,1402,3631,-2229
송파구 오륜동,1115,1363,-248
송파구 위례동,1358,5320,-3962
송파구 잠실2동,1320,695,625
송파구 잠실3동,8743,4805,3938
송파구 잠실4동,124,311,-187
송파구 잠실6동,3620,1748,1872
송파구 잠실7동,1810,1516,294
송파구 잠실본동,6504,6162,342
송파구 장지동,723,1932,-1209
송파구 풍납1동,975,1143,-168
송파구 풍납2동,740,2051,-1311
양천구 목1동,5024,4082,942
양천구 목2동,3588,5220,-1632
양천구 목3동,1787,3927,-2140
양천구 목4동,1476,3465,-1989
양천구 목5동,1448,2692,-1244
양천구 신월1동,302,1149,-847
양천구 신월2동,579,2160,-1581
양천구 신월3동,516,1080,-564
양천구 신월4동,853,2951,-2098
양천구 신월5동,522,1790,-1268
양천구 신월6동,266,734,-468
양천구 신월7동,973,3709,-2736
양천구 신정1동,463,780,-317
양천구 신정2동,334,459,-125
양천구 신정3동,2435,6840,-4405
양천구 신정4동,3172,4511,-1339
양천구 신정6동,439,640,-201
양천구 신정7동,765,1716,-951
영등포구 당산제1동,1843,1186,657
영등포구 당산제2동,5482,3315,2167
영등포구 대림제1동,665,1476,-811
영등포구 대림제2동,404,860,-456
영등포구 대림제3동,864,1476,-612
영등포구 도림동,371,1618,-1247
영등포구 문래동,2024,2652,-628
영등포구 신길제1동,422,1109,-687
영등포구 신길제3동,595,1815,-1220
영등포구 신길제4동,314,543,-229
영등포구 신길제5동,828,891,-63
영등포구 신길제6동,956,1636,-680
영등포구 신길제7동,865,2201,-1336
영등포구 양평제1동,798,1134,-336
영등포구 양평제2동,838,1701,-863
영등포구 여의동,7059,4171,2888
영등포구 영등포동,10235,7325,2910
영등포구 영등포본동,2692,2081,611
용산구 남영동,5015,4032,983
용산구 보광동,560,1137,-577
용산구 서빙고동,912,1532,-620
용산구 용문동,88,266,-178
용산구 용산2가동,586,1268,-682
용산구 원효로제1동,608,707,-99
용산구 원효로제2동,228,824,-596
용산구 이촌제1동,1039,790,249
용산구 이촌제2동,65,245,-180
용산구 이태원제1동,1693,1781,-88
용산구 이태원제2동,782,1051,-269
용산구 청파동,431,840,-409
용산구 필동,0,0,0
용산구 한강로동,7546,4441,3105
용산구 한남동,7991,5924,2067
용산구 효창동,259,638,-379
용산구 후암동,117,773,-656
은평구 갈현제1동,493,2360,-1867
은평구 갈현제2동,1777,3300,-1523
은평구 구산동,502,1790,-1288
은평구 녹번동,2778,6241,-3463
은평구 대조동,3395,8027,-4632
은평구 불광제1동,6242,6829,-587
은평구 불광제2동,1751,4391,-2640
은평구 수색동,1688,2830,-1142
은평구 신사제1동,1835,3627,-1792
은평구 신사제2동,1324,2355,-1031
은평구 역촌동,1643,3558,-1915
은평구 응암제1동,1052,2613,-1561
은평구 응암제2동,408,1096,-688
은평구 응암제3동,1332,2452,-1120
은평구 증산동,2479,2829,-350
은평구 진관동,4865,9137,-4272
종로구 가회동,0,0,0
종로구 교남동,1072,1488,-416
종로구 무악동,3989,1079,2910
종로구 부암동,657,1850,-1193
종로구 사직동,8132,4742,3390
종로구 삼청동,224,186,38
종로구 숭인제1동,58,130,-72
종로구 숭인제2동,3782,3308,474
종로구 이화동,3642,2709,933
종로구 종로1.2.3.4가동,34584,13415,21169
종로구 종로5.6가동,5061,4760,301
종로구 창신제1동,6151,4702,1449
종로구 창신제2동,1580,1452,128
종로구 창신제3동,275,787,-512
종로구 청운효자동,163,654,-491
종로구 충현동,428,484,-56
종로구 평창동,960,2171,-1211
종로구 혜화동,6286,3903,2383
중구 광희동,8540,4025,4515
중구 다산동,695,724,-29
중구 동화동,610,428,182
중구 명동,8092,2272,5820
중구 소공동,7310,3381,3929
중구 신당동,1642,1470,172
중구 신당제5동,1366,1119,247
중구 약수동,673,952,-279
중구 을지로동,3080,691,2389
중구 장충동,536,581,-45
중구 중림동,1107,576,531
중구 청구동,1019,719,300
중구 필동,1197,299,898
중구 황학동,590,770,-180
중구 회현동,13499,5494,8005
중랑구 망우본동,2106,4098,-1992
중랑구 망우제3동,215,1641,-1426
중랑구 면목본동,2126,4535,-2409
중랑구 면목제2동,746,1985,-1239
중랑구 면목제3.8동,1820,3028,-1208
중랑구 면목제4동,1174,2310,-1136
중랑구 면목제5동,842,1565,-723
중랑구 면목제7동,437,1898,-1461
중랑구 묵제1동,2001,3108,-1107
중랑구 묵제2동,323,329,-6
중랑구 상봉제1동,1114,1602,-488
중랑구 상봉제2동,4549,5529,-980
중랑구 신내1동,1103,6351,-5248
중랑구 신내2동,1725,2448,-723
중랑구 중화제1동,1537,2370,-833
중랑구 중화제2동,1832,1913,-81
NA,83977,166017,-82040
