ID,insum,outsum,diff
100000001,607,804,-197
100000002,2838,2462,376
100000003,4506,4109,397
100000004,886,954,-68
100000005,2122,3847,-1725
100000006,712,183,529
100000007,1649,726,923
100000008,215,696,-481
100000009,388,241,147
100000010,70,81,-11
100000011,1905,273,1632
100000012,140,2321,-2181
100000013,61,695,-634
100000014,371,456,-85
100000015,1325,2214,-889
100000016,764,1213,-449
100000017,459,806,-347
100000018,1136,682,454
100000019,2779,2061,718
100000020,1364,5333,-3969
100000021,5397,2205,3192
100000022,865,2293,-1428
100000023,4981,1496,3485
100000025,647,1106,-459
100000028,1039,954,85
100000029,181,370,-189
100000030,102,33,69
100000031,2056,4859,-2803
100000032,1606,3572,-1966
100000033,907,2326,-1419
100000034,196,677,-481
100000035,1118,1528,-410
100000036,1247,1255,-8
100000037,780,470,310
100000038,2023,933,1090
100000039,456,507,-51
100000040,210,153,57
100000041,1173,520,653
100000042,1184,537,647
100000043,985,681,304
100000044,378,1076,-698
100000045,423,1502,-1079
100000046,527,762,-235
100000047,280,461,-181
100000048,389,478,-89
100000049,1112,1222,-110
100000051,407,691,-284
100000053,178,6,172
100000054,445,20,425
100000055,753,267,486
100000056,501,440,61
100000057,1763,613,1150
100000058,693,808,-115
100000059,6,150,-144
100000060,409,268,141
100000061,2096,486,1610
100000062,1654,447,1207
100000063,698,194,504
100000064,1323,311,1012
100000065,323,615,-292
100000066,195,516,-321
100000067,343,480,-137
100000068,396,1025,-629
100000069,269,872,-603
100000072,243,523,-280
100000073,832,797,35
100000075,790,285,505
100000076,1540,2896,-1356
100000077,214,186,28
100000078,31,32,-1
100000079,17,37,-20
100000080,29,43,-14
100000081,94,197,-103
100000102,2219,2609,-390
100000103,1370,1042,328
100000104,2477,2431,46
100000105,1794,1695,99
100000106,1584,2332,-748
100000107,301,1108,-807
100000108,368,642,-274
100000109,1238,945,293
100000116,711,761,-50
100000117,51,123,-72
100000118,1092,1229,-137
100000119,558,784,-226
100000121,410,366,44
100000122,518,946,-428
100000123,2562,3212,-650
100000124,3199,4855,-1656
100000125,2852,1436,1416
100000126,653,475,178
100000127,1321,401,920
100000128,898,1716,-818
100000129,530,456,74
100000130,429,439,-10
100000131,1594,2127,-533
100000132,800,2073,-1273
100000133,2741,2044,697
100000135,489,1039,-550
100000139,345,446,-101
100000140,314,294,20
100000142,430,501,-71
100000143,1268,473,795
100000144,3295,809,2486
100000147,943,2943,-2000
100000150,47,349,-302
100000151,874,1264,-390
100000153,143,395,-252
100000154,49,185,-136
100000155,12,32,-20
100000156,389,437,-48
100000157,306,172,134
100000158,237,144,93
100000159,288,577,-289
100000165,1047,871,176
100000169,167,893,-726
100000174,411,861,-450
100000179,93,489,-396
100000180,1762,4460,-2698
100000181,409,221,188
100000188,87,210,-123
100000189,1024,492,532
100000190,586,941,-355
100000191,658,539,119
100000192,46,63,-17
100000193,218,169,49
100000330,1013,785,228
100000355,175,667,-492
100000362,2202,1572,630
100000363,3934,3936,-2
100000364,128,245,-117
100000365,5156,6989,-1833
100000366,3749,2299,1450
100000367,4471,6153,-1682
100000368,2162,1039,1123
100000369,831,2036,-1205
100000370,155,883,-728
100000376,82,126,-44
100000379,1532,1379,153
100000380,4010,4053,-43
100000384,4247,4722,-475
100000385,2614,3954,-1340
100000386,4262,4182,80
100000387,3646,4829,-1183
100000388,4237,5611,-1374
100000389,5255,5712,-457
100000390,5963,5719,244
100000391,4658,7034,-2376
100000392,2693,4029,-1336
100000393,2058,4422,-2364
100000394,5309,7616,-2307
100000395,3828,4610,-782
100000396,5542,3523,2019
100000397,4012,6467,-2455
100000398,10196,6588,3608
100000413,8,5,3
100000414,668,1136,-468
100900002,5,19,-14
100900003,417,197,220
100900004,13,590,-577
100900005,78,13,65
100900006,11,79,-68
100900007,165,6,159
100900008,65,345,-280
100900009,60,148,-88
100900010,37,42,-5
100900011,132,123,9
100900012,15,138,-123
100900013,738,10,728
100900014,3,17,-14
100900015,85,79,6
100900016,0,25,-25
100900017,640,68,572
100900018,2,15,-13
100900019,9,54,-45
100900020,321,14,307
100900021,342,1,341
100900022,8,19,-11
100900023,0,23,-23
100900024,345,2,343
100900025,10,6,4
100900026,96,61,35
100900027,444,1995,-1551
100900028,93,173,-80
100900029,35,5,30
100900030,6,72,-66
100900031,607,46,561
100900032,276,0,276
100900033,222,215,7
100900034,686,2,684
100900035,330,0,330
100900036,8,1,7
100900037,79,121,-42
100900038,82,45,37
100900039,204,438,-234
100900040,409,451,-42
100900041,640,419,221
100900042,1017,1131,-114
100900043,0,17,-17
100900044,1245,449,796
100900045,10,0,10
100900046,822,7,815
100900047,596,147,449
100900048,113,35,78
100900049,69,103,-34
100900050,6,6,0
100900051,33,103,-70
100900052,214,35,179
100900053,368,35,333
100900054,8,37,-29
100900055,155,649,-494
100900056,61,127,-66
100900057,1045,876,169
100900058,312,22,290
100900059,101,13,88
100900060,214,4,210
100900061,280,153,127
100900062,3,24,-21
100900063,153,545,-392
100900064,527,10,517
100900065,70,113,-43
100900066,159,163,-4
100900067,9,5,4
100900068,90,77,13
100900069,263,13,250
100900070,424,5,419
100900071,620,174,446
100900072,1,36,-35
100900073,107,258,-151
100900074,1,2,-1
100900075,1241,270,971
100900076,0,23,-23
100900077,25,44,-19
100900078,100,231,-131
100900079,11,13,-2
100900080,34,144,-110
100900081,19,118,-99
100900082,119,414,-295
100900083,7,18,-11
100900085,13,237,-224
100900086,119,557,-438
100900088,126,347,-221
100900089,4,8,-4
100900090,100,428,-328
100900091,2,16,-14
100900092,157,145,12
100900093,246,269,-23
100900094,109,244,-135
100900095,10,15,-5
100900096,45,89,-44
100900097,9,5,4
100900098,13,23,-10
100900099,26,320,-294
100900100,12,411,-399
100900101,184,25,159
100900102,69,129,-60
100900103,2,10,-8
100900104,6,141,-135
100900105,30,491,-461
100900106,36,8,28
100900107,1325,636,689
100900108,10,28,-18
100900109,15,24,-9
100900110,3,26,-23
100900111,37,134,-97
100900112,2,7,-5
100900113,19,29,-10
100900114,18,7,11
100900115,6,10,-4
100900116,801,573,228
100900117,245,779,-534
100900118,35,49,-14
100900119,12,8,4
100900120,16,12,4
100900121,306,385,-79
100900122,271,121,150
100900123,80,131,-51
100900124,10,12,-2
100900125,16,75,-59
100900126,175,131,44
100900127,6,13,-7
100900128,77,126,-49
100900129,0,229,-229
100900131,106,256,-150
100900133,60,34,26
100900134,1,8,-7
100900135,0,210,-210
100900137,334,172,162
100900138,320,319,1
100900139,4,0,4
100900140,8,310,-302
100900141,2,570,-568
100900142,4,4,0
100900143,702,358,344
100900144,8,5,3
100900145,96,136,-40
100900146,5,33,-28
100900147,12,563,-551
100900148,41,471,-430
100900149,40,174,-134
100900150,3,20,-17
100900151,137,415,-278
100900152,243,6,237
100900153,2,166,-164
100900154,6,52,-46
100900155,11,11,0
100900156,31,4,27
100900157,4,184,-180
100900159,1,18,-17
100900160,19,7,12
100900161,33,3,30
100900162,39,202,-163
100900163,130,161,-31
100900164,29,41,-12
100900165,24,19,5
100900166,22,3,19
100900167,6,41,-35
100900168,70,115,-45
100900169,93,693,-600
100900170,32,7,25
100900171,12,373,-361
100900172,2,29,-27
100900173,5,241,-236
100900174,149,23,126
100900176,1491,188,1303
100900177,470,214,256
100900178,311,173,138
100900179,183,285,-102
100900180,5,5,0
100900181,80,64,16
100900182,45,20,25
100900184,7,139,-132
100900186,374,328,46
100900187,12,67,-55
100900188,35,8,27
100900189,1409,215,1194
100900191,733,927,-194
100900192,189,348,-159
100900195,127,160,-33
100900197,18,43,-25
100900198,34,123,-89
100900199,6,11,-5
100900200,623,363,260
100900201,89,485,-396
100900202,190,1,189
100900203,5,344,-339
100900204,226,803,-577
100900205,141,490,-349
100900206,183,55,128
100900207,291,159,132
100900210,122,381,-259
100900211,491,148,343
100900213,176,51,125
100900214,500,153,347
100900215,18,32,-14
100900217,98,80,18
101000001,2660,2072,588
101000002,5585,5348,237
101000003,444,1124,-680
101000004,785,2983,-2198
101000005,2186,3850,-1664
101000006,1792,5057,-3265
101000007,1720,2099,-379
101000008,6435,3243,3192
101000009,1947,852,1095
101000010,802,813,-11
101000011,1186,378,808
101000012,935,618,317
101000013,617,1011,-394
101000014,364,446,-82
101000015,1127,728,399
101000016,324,435,-111
101000017,572,402,170
101000018,2762,2154,608
101000020,2393,1126,1267
101000021,636,379,257
101000022,89,54,35
101000023,961,571,390
101000025,72,124,-52
101000026,234,20,214
101000027,1401,2171,-770
101000028,1073,254,819
101000029,179,1559,-1380
101000030,1360,67,1293
101000031,577,872,-295
101000032,5061,4394,667
101000033,1912,3331,-1419
101000034,1505,1705,-200
101000035,1232,342,890
101000036,1144,1074,70
101000037,1796,1853,-57
101000039,2284,2655,-371
101000040,2551,4354,-1803
101000041,5790,7604,-1814
101000042,300,1044,-744
101000043,4015,5597,-1582
101000045,1111,1039,72
101000046,2302,1957,345
101000047,1726,3831,-2105
101000048,626,467,159
101000049,535,2081,-1546
101000050,1246,1761,-515
101000051,1281,2545,-1264
101000052,1287,911,376
101000053,884,1308,-424
101000054,1577,890,687
101000055,1050,1129,-79
101000056,33,64,-31
101000057,1327,1415,-88
101000058,859,1184,-325
101000059,1652,2099,-447
101000060,1372,691,681
101000061,595,1350,-755
101000062,630,700,-70
101000063,534,926,-392
101000064,819,914,-95
101000065,379,509,-130
101000066,842,977,-135
101000067,955,917,38
101000068,275,440,-165
101000069,230,90,140
101000070,821,903,-82
101000071,1830,792,1038
101000072,592,2620,-2028
101000073,708,994,-286
101000074,4150,3203,947
101000075,3704,5309,-1605
101000077,1290,1005,285
101000078,567,995,-428
101000079,1433,432,1001
101000080,1179,465,714
101000081,1477,1488,-11
101000082,2447,2513,-66
101000083,2280,1943,337
101000084,1116,809,307
101000085,1307,1070,237
101000086,904,984,-80
101000087,699,720,-21
101000088,1206,1015,191
101000089,867,1389,-522
101000090,1685,986,699
101000091,448,595,-147
101000092,1047,810,237
101000093,1210,638,572
101000094,923,796,127
101000095,471,420,51
101000096,391,371,20
101000097,375,415,-40
101000098,320,414,-94
101000099,754,934,-180
101000100,798,866,-68
101000101,219,370,-151
101000102,690,466,224
101000103,573,509,64
101000104,331,581,-250
101000105,355,548,-193
101000106,629,1096,-467
101000107,265,295,-30
101000108,553,197,356
101000109,381,59,322
101000110,31,312,-281
101000111,69,250,-181
101000113,408,888,-480
101000114,7629,8895,-1266
101000115,216,146,70
101000116,105,106,-1
101000117,1255,346,909
101000119,63,55,8
101000120,113,45,68
101000121,64,58,6
101000122,110,128,-18
101000123,43,135,-92
101000124,1447,248,1199
101000125,197,362,-165
101000128,242,425,-183
101000130,420,551,-131
101000131,922,483,439
101000132,646,615,31
101000135,27,50,-23
101000136,321,213,108
101000137,24,297,-273
101000141,889,3038,-2149
101000147,924,440,484
101000148,751,21,730
101000149,347,399,-52
101000150,96,484,-388
101000151,239,44,195
101000152,275,273,2
101000153,418,213,205
101000154,262,708,-446
101000155,222,173,49
101000156,13,269,-256
101000157,36,19,17
101000160,47,49,-2
101000163,196,290,-94
101000164,272,247,25
101000165,235,307,-72
101000166,206,275,-69
101000168,797,359,438
101000252,1888,859,1029
101000254,136,107,29
101000258,55,6,49
101000261,197,41,156
101000262,1165,2386,-1221
101000263,377,1104,-727
101000265,87,819,-732
101000266,586,246,340
101000269,26,13,13
101000290,884,2515,-1631
101000293,42,55,-13
101000294,556,398,158
101000295,143,297,-154
101000301,475,457,18
101000304,1723,2117,-394
101000305,2587,1082,1505
101000328,140,406,-266
101900001,30,50,-20
101900002,0,16,-16
101900003,61,71,-10
101900004,1,70,-69
101900005,2280,2121,159
101900006,937,374,563
101900007,626,109,517
101900008,93,244,-151
101900009,48,331,-283
101900010,634,542,92
101900011,107,794,-687
101900012,302,125,177
101900013,562,168,394
101900017,17,143,-126
101900018,796,189,607
101900019,234,130,104
101900020,126,65,61
101900021,1,38,-37
101900022,96,904,-808
101900023,110,162,-52
101900026,170,45,125
101900027,20,91,-71
102000001,1328,2555,-1227
102000002,536,341,195
102000003,2518,5417,-2899
102000004,2913,1863,1050
102000005,1265,2310,-1045
102000006,2428,1748,680
102000007,1377,3936,-2559
102000008,2168,1310,858
102000009,5318,6751,-1433
102000010,3151,2103,1048
102000011,4731,3922,809
102000012,6189,3865,2324
102000018,1554,2065,-511
102000019,2023,1120,903
102000026,148,371,-223
102000029,190,182,8
102000030,127,302,-175
102000031,64,80,-16
102000032,454,264,190
102000033,223,327,-104
102000034,423,301,122
102000035,783,544,239
102000036,14,211,-197
102000038,50,75,-25
102000039,153,46,107
102000040,353,194,159
102000041,128,381,-253
102000042,127,252,-125
102000043,197,149,48
102000044,265,365,-100
102000045,662,692,-30
102000046,916,554,362
102000047,696,698,-2
102000048,217,421,-204
102000049,861,682,179
102000050,845,943,-98
102000051,382,527,-145
102000052,839,633,206
102000053,646,623,23
102000054,629,810,-181
102000055,1269,454,815
102000056,972,829,143
102000057,1180,476,704
102000058,941,967,-26
102000059,1100,919,181
102000060,992,851,141
102000061,1607,1379,228
102000062,1357,840,517
102000063,996,1317,-321
102000064,654,696,-42
102000065,65,167,-102
102000066,727,760,-33
102000067,1492,1870,-378
102000068,7892,2674,5218
102000069,92,1935,-1843
102000070,1365,66,1299
102000071,6129,7754,-1625
102000072,2384,3165,-781
102000073,1166,879,287
102000074,625,784,-159
102000075,142,304,-162
102000076,349,504,-155
102000077,556,531,25
102000078,751,515,236
102000079,165,210,-45
102000080,67,56,11
102000081,294,891,-597
102000082,772,859,-87
102000083,660,222,438
102000084,409,213,196
102000085,1477,698,779
102000086,1096,744,352
102000087,722,1219,-497
102000088,391,245,146
102000089,1207,335,872
102000090,384,903,-519
102000091,1247,578,669
102000092,268,519,-251
102000093,698,623,75
102000094,673,578,95
102000095,587,755,-168
102000096,451,604,-153
102000097,606,642,-36
102000098,500,530,-30
102000099,641,671,-30
102000100,475,1274,-799
102000101,599,659,-60
102000102,205,1134,-929
102000103,1198,365,833
102000104,467,309,158
102000105,240,408,-168
102000106,755,344,411
102000107,773,368,405
102000108,591,145,446
102000109,933,469,464
102000110,660,432,228
102000111,668,653,15
102000112,146,108,38
102000113,14,25,-11
102000114,629,454,175
102000115,249,250,-1
102000116,275,373,-98
102000117,138,436,-298
102000118,895,1070,-175
102000119,1201,756,445
102000120,309,329,-20
102000121,611,825,-214
102000122,580,666,-86
102000123,1002,763,239
102000124,940,1053,-113
102000125,1239,822,417
102000126,887,719,168
102000127,966,601,365
102000128,684,610,74
102000129,1259,551,708
102000130,764,582,182
102000131,1385,452,933
102000132,531,851,-320
102000133,1959,1686,273
102000134,732,690,42
102000135,690,765,-75
102000136,851,428,423
102000137,587,808,-221
102000138,206,267,-61
102000139,95,500,-405
102000140,261,608,-347
102000141,158,323,-165
102000142,281,304,-23
102000143,182,262,-80
102000144,285,273,12
102000145,343,323,20
102000146,374,230,144
102000147,366,358,8
102000148,169,425,-256
102000149,221,216,5
102000150,341,87,254
102000151,91,155,-64
102000152,196,143,53
102000153,938,494,444
102000154,235,447,-212
102000155,75,245,-170
102000156,251,98,153
102000157,99,329,-230
102000158,418,388,30
102000159,562,465,97
102000161,2167,1625,542
102000162,238,184,54
102000163,110,437,-327
102000164,620,1004,-384
102000165,231,146,85
102000166,104,163,-59
102000167,236,150,86
102000168,277,179,98
102000169,110,492,-382
102000170,358,176,182
102000171,150,139,11
102000172,110,371,-261
102000173,390,233,157
102000174,74,56,18
102000175,137,94,43
102000176,68,16,52
102000178,262,301,-39
102000179,333,208,125
102000180,744,289,455
102000181,701,433,268
102000182,503,420,83
102000183,1535,1297,238
102000184,771,221,550
102000185,2564,1024,1540
102000186,1349,887,462
102000187,1065,1103,-38
102000188,1325,1222,103
102000189,1953,1147,806
102000190,482,2141,-1659
102000191,1105,370,735
102000192,1136,1053,83
102000193,61,110,-49
102000194,48,111,-63
102000195,328,350,-22
102000196,169,238,-69
102000197,660,254,406
102000198,232,429,-197
102000199,1031,228,803
102000200,268,742,-474
102000201,957,346,611
102000202,2,93,-91
102000203,360,140,220
102000204,447,510,-63
102000205,967,299,668
102000206,489,327,162
102000207,562,355,207
102000208,306,338,-32
102000209,81,42,39
102000210,483,311,172
102000211,231,165,66
102000212,297,6,291
102000213,5,188,-183
102000214,287,6,281
102000215,3,213,-210
102000216,53,62,-9
102000217,8,92,-84
102000218,266,153,113
102000219,277,171,106
102000225,527,424,103
102000226,1776,1031,745
102000227,108,1,107
102000228,1,60,-59
102000229,47,37,10
102000230,319,328,-9
102000231,500,388,112
102000232,30,125,-95
102000233,783,650,133
102000234,127,998,-871
102000236,310,116,194
102000237,333,114,219
102000238,256,290,-34
102000240,468,690,-222
102000241,132,108,24
102000243,67,63,4
102000245,20,108,-88
102000246,11,44,-33
102000247,779,670,109
102000248,819,1187,-368
102000249,507,351,156
102000250,88,268,-180
102000254,187,193,-6
102000266,15,282,-267
102000271,20,1,19
102000286,355,317,38
102000297,1806,843,963
102000303,0,0,0
102000305,0,0,0
102000307,0,2,-2
102900001,946,619,327
102900002,362,37,325
102900003,54,148,-94
102900005,444,208,236
102900006,486,78,408
102900007,457,23,434
102900008,172,24,148
102900009,382,167,215
102900010,348,886,-538
102900011,1235,237,998
102900012,350,80,270
102900013,30,81,-51
102900015,511,364,147
102900016,54,83,-29
102900017,149,351,-202
102900018,30,86,-56
102900019,280,289,-9
102900020,134,19,115
102900021,28,60,-32
102900022,518,174,344
102900023,51,31,20
102900024,35,35,0
102900025,116,68,48
102900026,238,1602,-1364
102900027,103,45,58
102900028,134,619,-485
102900029,175,162,13
102900030,357,264,93
102900031,238,106,132
102900032,83,68,15
102900033,88,167,-79
102900034,460,64,396
102900035,96,218,-122
102900036,312,334,-22
102900037,256,313,-57
102900038,450,316,134
102900039,17,400,-383
102900040,118,197,-79
102900041,62,110,-48
102900042,154,191,-37
102900043,141,193,-52
102900044,379,1375,-996
102900045,148,412,-264
102900046,135,216,-81
102900047,132,429,-297
102900048,516,391,125
102900049,128,259,-131
102900050,195,247,-52
102900051,161,160,1
102900053,278,382,-104
102900054,330,806,-476
102900055,65,155,-90
102900056,132,305,-173
102900057,4,49,-45
102900058,288,71,217
102900059,27,77,-50
102900060,115,434,-319
102900061,123,282,-159
102900062,195,651,-456
102900063,971,279,692
102900064,78,306,-228
102900065,832,252,580
102900066,372,10,362
102900068,81,63,18
102900070,174,382,-208
102900072,25,49,-24
102900073,107,7,100
102900075,28,71,-43
102900076,98,126,-28
102900077,30,21,9
102900078,30,35,-5
102900079,139,12,127
102900080,371,31,340
102900081,79,193,-114
102900082,15,165,-150
102900083,192,8,184
102900084,2,28,-26
102900085,269,142,127
102900086,12,85,-73
102900087,110,56,54
102900088,42,22,20
102900089,211,81,130
102900090,0,194,-194
102900091,113,3,110
102900092,283,532,-249
102900094,0,157,-157
102900095,82,0,82
102900096,65,25,40
102900097,7,112,-105
103000001,2175,1934,241
103000002,1561,1922,-361
103000003,2704,2261,443
103000004,761,671,90
103000005,1553,2691,-1138
103000006,784,1272,-488
103000007,345,540,-195
103000008,576,286,290
103000009,1091,830,261
103000010,189,140,49
103000011,1400,980,420
103000012,1261,1157,104
103000013,2533,1368,1165
103000014,1181,2167,-986
103000015,1115,495,620
103000016,485,1215,-730
103000017,195,360,-165
103000018,510,248,262
103000019,285,279,6
103000020,1803,1098,705
103000021,1549,1740,-191
103000022,568,719,-151
103000023,526,1712,-1186
103000024,84,121,-37
103000025,92,614,-522
103000026,610,97,513
103000027,258,502,-244
103000028,214,259,-45
103000029,162,300,-138
103000030,1147,1007,140
103000031,930,1640,-710
103000032,1877,1228,649
103000033,2734,2467,267
103000034,1010,808,202
103000035,279,923,-644
103000036,324,387,-63
103000037,435,375,60
103000038,385,715,-330
103000039,404,275,129
103000040,401,714,-313
103000041,1334,1365,-31
103000042,1043,357,686
103000043,515,783,-268
103000044,218,155,63
103000046,262,378,-116
103000047,541,458,83
103000048,148,164,-16
103000049,82,106,-24
103000050,671,310,361
103000051,496,353,143
103000052,695,295,400
103000053,193,495,-302
103000054,2205,1072,1133
103000055,1699,1504,195
103000056,742,1046,-304
103000057,718,193,525
103000058,554,613,-59
103000059,456,621,-165
103000060,687,442,245
103000061,354,732,-378
103000062,918,372,546
103000063,690,689,1
103000064,142,132,10
103000065,8,323,-315
103000066,182,5,177
103000069,358,281,77
103000070,924,701,223
103000071,1169,441,728
103000072,96,432,-336
103000073,672,80,592
103000074,571,75,496
103000075,105,437,-332
103000076,247,318,-71
103000077,39,220,-181
103000078,701,586,115
103000079,446,602,-156
103000080,631,319,312
103000081,343,1004,-661
103000082,410,152,258
103000083,80,236,-156
103000084,96,13,83
103000085,7,96,-89
103000086,410,342,68
103000087,73,428,-355
103000088,200,278,-78
103000089,195,418,-223
103000090,1871,791,1080
103000091,454,407,47
103000092,211,166,45
103000093,268,317,-49
103000094,205,79,126
103000095,57,258,-201
103000096,462,73,389
103000097,55,490,-435
103000098,632,116,516
103000099,208,469,-261
103000100,139,460,-321
103000101,912,72,840
103000102,114,409,-295
103000103,699,129,570
103000104,58,89,-31
103000105,147,84,63
103000106,11,99,-88
103000107,167,43,124
103000108,985,655,330
103000109,352,376,-24
103000110,439,392,47
103000111,310,364,-54
103000112,258,158,100
103000113,310,500,-190
103000114,981,318,663
103000115,564,433,131
103000116,569,321,248
103000117,383,369,14
103000118,428,437,-9
103000119,740,333,407
103000120,46,94,-48
103000121,195,550,-355
103000122,426,544,-118
103000125,15,155,-140
103000126,674,1,673
103000127,6,118,-112
103000128,169,6,163
103000129,4,96,-92
103000130,61,32,29
103000131,170,68,102
103000132,78,155,-77
103000133,13,144,-131
103000134,232,670,-438
103000135,397,264,133
103000136,445,345,100
103000137,388,532,-144
103000138,563,608,-45
103000139,0,46,-46
103000140,112,27,85
103000141,53,95,-42
103000142,107,53,54
103000143,39,170,-131
103000144,113,57,56
103000145,35,331,-296
103000150,134,26,108
103000152,150,292,-142
103000153,170,137,33
103000156,3,227,-224
103000157,468,4,464
103000159,94,8,86
103000162,66,25,41
103000163,16,39,-23
103000164,23,14,9
103000165,56,206,-150
103000166,187,298,-111
103000167,155,113,42
103000168,101,136,-35
103000169,167,362,-195
103000170,760,302,458
103000171,34,126,-92
103000172,376,261,115
103000173,573,308,265
103000174,188,278,-90
103000175,313,203,110
103000176,786,520,266
103000177,401,308,93
103000178,197,226,-29
103000179,287,26,261
103000183,121,15,106
103000185,107,34,73
103000186,139,137,2
103000187,553,252,301
103000188,5,71,-66
103000189,542,691,-149
103000191,300,358,-58
103000292,924,1660,-736
103000293,939,2009,-1070
103000295,56,124,-68
103000296,543,7,536
103000297,10,34,-24
103000504,49,7,42
103000505,4,23,-19
103000506,1,184,-183
103000507,190,3,187
103000508,37,41,-4
103000509,643,709,-66
103900001,1,129,-128
103900002,709,145,564
103900003,715,20,695
103900004,124,0,124
103900005,2,146,-144
103900006,6,0,6
103900007,89,0,89
103900008,15,0,15
103900010,163,306,-143
103900012,18,39,-21
103900014,32,11,21
103900015,81,10,71
103900017,30,68,-38
103900018,614,159,455
103900019,70,370,-300
103900020,205,348,-143
103900021,327,50,277
103900022,959,594,365
103900023,163,3,160
103900024,51,193,-142
103900025,17,43,-26
103900026,59,0,59
103900027,641,190,451
103900028,162,389,-227
103900029,1073,127,946
103900030,272,86,186
103900031,20,4,16
103900032,92,87,5
103900033,57,13,44
103900034,33,118,-85
103900035,76,22,54
103900036,23,29,-6
103900037,74,40,34
103900038,92,227,-135
103900039,94,217,-123
103900040,7,91,-84
103900041,55,42,13
103900042,53,256,-203
103900043,163,49,114
103900044,79,266,-187
103900045,375,157,218
103900047,68,25,43
103900048,41,16,25
103900049,235,919,-684
103900050,7,141,-134
103900051,1,56,-55
103900052,172,317,-145
103900053,222,353,-131
103900054,108,198,-90
103900055,339,178,161
103900056,41,51,-10
103900057,35,87,-52
103900058,265,385,-120
103900059,2,26,-24
103900060,45,126,-81
103900061,163,32,131
103900062,294,94,200
103900063,8,0,8
103900064,139,2,137
103900065,757,294,463
103900066,158,36,122
103900067,151,8,143
103900068,8,1,7
103900069,40,12,28
103900070,123,140,-17
103900071,13,75,-62
103900072,27,126,-99
103900073,31,28,3
103900074,100,61,39
103900075,207,33,174
103900076,512,405,107
103900077,30,86,-56
103900078,470,113,357
103900079,143,158,-15
103900080,5,26,-21
103900081,125,27,98
103900082,9,133,-124
103900083,1128,988,140
103900084,48,143,-95
103900085,102,114,-12
103900086,655,317,338
103900088,292,564,-272
103900089,47,107,-60
103900090,2,133,-131
103900091,909,182,727
103900092,565,411,154
103900093,72,214,-142
103900094,6,70,-64
103900095,190,141,49
103900096,17,106,-89
103900097,8,306,-298
103900098,207,109,98
103900099,70,65,5
103900100,231,239,-8
103900101,144,773,-629
103900102,2,30,-28
103900104,2,31,-29
103900105,75,146,-71
103900106,0,100,-100
103900107,131,126,5
103900108,79,206,-127
103900109,120,65,55
103900110,208,33,175
103900111,96,389,-293
103900112,20,54,-34
103900113,121,173,-52
103900114,302,265,37
103900115,202,150,52
103900116,3083,2406,677
103900117,129,27,102
103900119,30,65,-35
103900120,72,85,-13
103900122,116,193,-77
103900123,991,535,456
103900124,72,343,-271
103900125,109,74,35
103900126,492,256,236
103900127,233,252,-19
103900128,405,210,195
103900131,46,83,-37
103900133,717,40,677
103900134,1,5,-4
103900135,4,5,-1
103900137,1,34,-33
103900138,77,176,-99
103900139,412,1968,-1556
103900140,0,144,-144
103900141,226,31,195
103900142,184,77,107
103900143,108,4,104
103900144,1,15,-14
103900145,174,177,-3
103900146,268,148,120
103900147,288,69,219
103900148,441,435,6
103900149,305,560,-255
103900150,4032,3349,683
103900151,41,163,-122
103900152,574,375,199
103900153,2,1,1
103900154,472,1419,-947
103900155,42,182,-140
103900156,73,147,-74
103900157,63,133,-70
103900158,138,84,54
103900159,135,40,95
103900160,24,30,-6
103900161,83,132,-49
103900162,229,303,-74
103900163,10,354,-344
103900167,11,81,-70
103900168,109,64,45
103900169,30,45,-15
103900170,2,83,-81
103900171,1,30,-29
103900172,2,14,-12
103900173,10,10,0
103900174,178,41,137
103900175,25,65,-40
103900176,19,33,-14
103900177,12,68,-56
103900178,57,36,21
103900179,75,87,-12
103900180,1,46,-45
103900181,42,45,-3
103900182,36,12,24
103900184,331,84,247
103900185,81,339,-258
103900187,31,61,-30
103900188,64,22,42
103900189,125,6,119
103900190,56,49,7
103900191,26,30,-4
103900192,26,58,-32
103900193,108,135,-27
103900194,39,182,-143
103900195,6,67,-61
103900196,40,30,10
103900197,25,23,2
103900198,12,32,-20
103900199,129,41,88
103900200,137,62,75
103900201,101,136,-35
103900202,33,53,-20
103900203,37,16,21
103900204,0,61,-61
103900207,0,43,-43
103900208,67,1,66
103900209,9,90,-81
103900210,34,32,2
103900211,507,213,294
103900212,276,310,-34
103900213,47,153,-106
103900214,182,208,-26
103900215,183,271,-88
103900216,6,227,-221
103900217,336,10,326
103900218,17,243,-226
103900219,164,192,-28
103900233,18,1,17
103900235,8,18,-10
103900236,22,6,16
103900242,0,14,-14
103900243,2,4,-2
103900244,108,87,21
103900245,93,142,-49
103900246,37,10,27
103900247,25,70,-45
103900248,6,59,-53
103900249,11,70,-59
103900250,20,30,-10
103900251,5,54,-49
103900253,8,110,-102
103900254,1,22,-21
103900255,6,11,-5
103900256,12,22,-10
103900257,132,93,39
103900258,23,5,18
103900259,33,8,25
103900261,10,3,7
103900262,18,5,13
103900263,19,29,-10
103900264,32,12,20
103900265,46,4,42
103900266,1,124,-123
103900267,5,70,-65
103900268,29,46,-17
103900269,137,27,110
103900270,63,107,-44
103900271,25,52,-27
103900272,46,41,5
103900273,29,15,14
103900274,67,6,61
103900275,39,5,34
103900276,5,31,-26
103900277,1,37,-36
103900278,4,26,-22
103900279,0,19,-19
103900280,1,43,-42
104000001,2127,1513,614
104000002,1498,1709,-211
104000003,1808,1630,178
104000004,2257,1989,268
104000005,1398,1470,-72
104000006,2540,2137,403
104000007,3380,3547,-167
104000008,153,189,-36
104000009,234,96,138
104000010,130,267,-137
104000011,339,165,174
104000012,123,191,-68
104000013,166,208,-42
104000014,166,435,-269
104000015,309,133,176
104000016,497,258,239
104000018,820,134,686
104000019,664,161,503
104000020,111,343,-232
104000021,204,333,-129
104000022,103,197,-94
104000023,814,280,534
104000024,219,209,10
104000026,35,235,-200
104000027,281,155,126
104000028,437,210,227
104000029,276,209,67
104000030,231,202,29
104000031,1227,291,936
104000032,206,177,29
104000033,605,421,184
104000034,308,199,109
104000035,901,263,638
104000036,695,402,293
104000037,286,154,132
104000038,483,404,79
104000039,202,134,68
104000040,180,281,-101
104000041,664,265,399
104000042,195,279,-84
104000043,165,243,-78
104000044,232,410,-178
104000045,843,693,150
104000046,800,1011,-211
104000047,661,762,-101
104000048,804,900,-96
104000049,456,238,218
104000050,139,462,-323
104000051,116,373,-257
104000052,1884,1618,266
104000053,911,374,537
104000054,276,222,54
104000055,2621,1535,1086
104000056,843,273,570
104000057,268,354,-86
104000058,778,594,184
104000059,459,838,-379
104000060,830,924,-94
104000061,976,667,309
104000062,552,170,382
104000064,432,235,197
104000065,142,558,-416
104000069,720,1005,-285
104000070,51,364,-313
104000071,271,363,-92
104000072,671,252,419
104000075,38,155,-117
104000076,418,54,364
104000082,1612,2595,-983
104000083,784,173,611
104000084,166,342,-176
104000085,243,297,-54
104000086,192,331,-139
104000087,322,1301,-979
104000090,661,858,-197
104000092,1083,1391,-308
104000094,643,865,-222
104000095,1637,1094,543
104000096,1186,157,1029
104000097,1577,507,1070
104000098,2199,535,1664
104000100,1403,440,963
104000101,1077,1153,-76
104000106,94,541,-447
104000107,500,270,230
104000108,203,296,-93
104000109,261,62,199
104000110,677,709,-32
104000111,1966,1893,73
104000112,1251,407,844
104000116,0,601,-601
104000117,151,369,-218
104000118,542,120,422
104000119,509,213,296
104000120,245,465,-220
104000121,194,476,-282
104000122,525,567,-42
104000123,503,655,-152
104000124,582,1121,-539
104000125,2002,3653,-1651
104000126,300,298,2
104000127,1081,1562,-481
104000128,431,243,188
104000129,260,19,241
104000130,3,168,-165
104000131,325,421,-96
104000132,390,408,-18
104000133,1251,633,618
104000134,899,1239,-340
104000135,361,1433,-1072
104000136,616,3111,-2495
104000137,1367,300,1067
104000138,656,224,432
104000139,3328,2009,1319
104000141,788,870,-82
104000142,538,468,70
104000143,515,320,195
104000144,86,171,-85
104000145,346,155,191
104000146,241,362,-121
104000147,99,201,-102
104000148,358,129,229
104000149,173,157,16
104000150,838,420,418
104000151,247,252,-5
104000152,462,379,83
104000153,547,456,91
104000154,657,366,291
104000155,353,475,-122
104000157,803,1017,-214
104000158,307,454,-147
104000159,752,436,316
104000160,1560,1618,-58
104000161,143,138,5
104000162,68,111,-43
104000165,816,712,104
104000167,620,975,-355
104000168,555,6,549
104000169,101,29,72
104000170,178,402,-224
104000248,225,345,-120
104000251,79,161,-82
104000272,0,0,0
104000273,0,0,0
104000274,0,0,0
104000275,0,0,0
104000279,2175,1687,488
104000290,71,195,-124
104000291,507,875,-368
104000293,742,573,169
104000294,31,0,31
104000295,505,759,-254
104000296,405,464,-59
104000297,662,1606,-944
104000298,1720,788,932
104000299,598,1137,-539
104000302,107,107,0
104000303,199,112,87
104900001,132,229,-97
104900002,48,150,-102
104900003,38,218,-180
104900004,81,164,-83
104900005,247,204,43
104900006,276,98,178
104900007,298,154,144
104900009,100,195,-95
104900010,96,27,69
104900011,125,225,-100
104900012,429,118,311
104900013,80,13,67
104900014,1510,171,1339
104900015,117,13,104
104900016,174,104,70
104900017,172,145,27
104900018,7,134,-127
104900019,159,2409,-2250
104900020,56,224,-168
104900021,4,111,-107
104900022,11,116,-105
104900023,0,39,-39
104900024,12,140,-128
104900025,91,111,-20
104900026,1,40,-39
104900027,495,199,296
104900028,21,113,-92
104900029,39,55,-16
104900030,346,197,149
104900031,74,152,-78
104900032,41,69,-28
104900033,140,228,-88
104900034,260,125,135
104900035,283,192,91
104900036,198,48,150
104900037,183,118,65
104900038,241,738,-497
104900039,335,211,124
104900040,322,93,229
104900041,208,135,73
104900042,173,154,19
104900043,19,78,-59
104900044,624,186,438
104900045,318,49,269
104900046,199,75,124
104900047,288,117,171
104900048,311,46,265
104900049,24,28,-4
104900050,219,68,151
104900051,241,37,204
104900052,47,1,46
104900053,421,87,334
104900054,121,7,114
104900055,103,2,101
104900056,146,16,130
104900057,21,1,20
104900058,453,299,154
104900059,128,70,58
104900061,139,266,-127
104900063,9,100,-91
104900064,0,67,-67
104900065,2,131,-129
104900066,3,78,-75
104900067,4,197,-193
104900068,14,113,-99
104900070,146,148,-2
104900071,0,317,-317
104900072,32,195,-163
104900073,68,69,-1
104900074,28,129,-101
104900075,43,24,19
104900076,51,177,-126
104900077,465,186,279
104900078,150,293,-143
104900079,66,406,-340
104900080,66,374,-308
104900082,9,307,-298
104900085,2,147,-145
104900089,169,0,169
104900091,409,307,102
104900093,160,334,-174
104900097,1644,1789,-145
104900098,98,39,59
104900099,33,359,-326
104900100,312,136,176
104900102,68,87,-19
104900103,270,45,225
104900106,122,58,64
104900107,95,110,-15
104900108,26,105,-79
104900109,78,109,-31
104900110,8,32,-24
104900111,118,86,32
104900112,174,370,-196
104900113,573,266,307
104900114,343,238,105
104900115,600,240,360
104900116,228,129,99
104900118,16,68,-52
104900119,22,167,-145
104900120,25,191,-166
104900121,1,39,-38
104900122,6,32,-26
104900123,54,8,46
104900124,61,0,61
104900125,360,112,248
104900126,63,45,18
104900127,31,38,-7
104900128,75,110,-35
104900129,863,1633,-770
105000001,2463,1173,1290
105000002,2001,1227,774
105000003,2417,2598,-181
105000004,541,587,-46
105000005,868,888,-20
105000006,1203,1396,-193
105000007,978,1458,-480
105000008,1234,3104,-1870
105000009,2258,2739,-481
105000010,1926,1275,651
105000011,3119,2621,498
105000012,3517,2178,1339
105000013,933,1070,-137
105000014,2002,2248,-246
105000015,7660,12406,-4746
105000016,1890,1503,387
105000017,1253,687,566
105000018,983,1303,-320
105000019,883,672,211
105000020,172,424,-252
105000021,241,105,136
105000022,199,96,103
105000023,503,311,192
105000028,51,107,-56
105000029,586,1129,-543
105000030,2927,1943,984
105000031,3,30,-27
105000033,1340,1552,-212
105000034,126,697,-571
105000037,594,192,402
105000038,1374,1382,-8
105000039,2066,1274,792
105000040,862,1029,-167
105000041,615,1036,-421
105000042,2668,1652,1016
105000043,1294,1819,-525
105000044,565,530,35
105000045,290,476,-186
105000046,1052,287,765
105000047,441,940,-499
105000048,709,207,502
105000049,206,337,-131
105000050,751,377,374
105000051,117,327,-210
105000052,540,713,-173
105000053,128,113,15
105000054,262,616,-354
105000055,612,241,371
105000056,1190,1655,-465
105000057,1018,621,397
105000058,1030,791,239
105000059,633,591,42
105000060,386,509,-123
105000061,574,387,187
105000062,436,528,-92
105000063,279,310,-31
105000064,1547,615,932
105000065,365,370,-5
105000066,833,880,-47
105000067,1164,576,588
105000068,332,554,-222
105000069,1246,1797,-551
105000070,461,687,-226
105000071,207,744,-537
105000072,1173,2216,-1043
105000073,807,469,338
105000074,706,514,192
105000075,468,663,-195
105000076,941,727,214
105000077,1940,949,991
105000078,818,1025,-207
105000079,974,3106,-2132
105000080,1338,1141,197
105000081,3303,1331,1972
105000082,969,1774,-805
105000083,4337,3723,614
105000084,552,664,-112
105000085,1643,1983,-340
105000086,612,768,-156
105000087,1097,1506,-409
105000088,1212,1383,-171
105000089,1974,1592,382
105000090,808,600,208
105000091,902,1124,-222
105000092,474,699,-225
105000093,293,267,26
105000094,278,188,90
105000095,113,452,-339
105000096,1015,979,36
105000097,511,515,-4
105000098,918,521,397
105000099,743,794,-51
105000100,1265,821,444
105000101,1835,1648,187
105000102,1525,1245,280
105000103,1329,1841,-512
105000104,1984,735,1249
105000105,1000,1393,-393
105000106,1164,1106,58
105000107,1279,670,609
105000108,1441,911,530
105000109,1374,1016,358
105000110,759,377,382
105000111,722,510,212
105000112,963,552,411
105000113,413,617,-204
105000114,1794,1012,782
105000115,311,1006,-695
105000116,756,479,277
105000117,762,616,146
105000118,481,326,155
105000119,483,554,-71
105000120,861,404,457
105000121,620,600,20
105000122,399,470,-71
105000123,746,793,-47
105000124,1746,668,1078
105000125,708,1214,-506
105000126,1778,1066,712
105000127,1939,1262,677
105000128,481,749,-268
105000129,760,365,395
105000130,309,2756,-2447
105000131,541,266,275
105000132,817,587,230
105000133,355,611,-256
105000134,743,435,308
105000135,436,421,15
105000136,102,208,-106
105000137,535,166,369
105000138,172,265,-93
105000139,793,651,142
105000140,488,338,150
105000141,312,400,-88
105000142,230,333,-103
105000143,163,444,-281
105000144,222,608,-386
105000145,589,265,324
105000146,343,603,-260
105000147,660,220,440
105000148,987,466,521
105000149,2147,1643,504
105000150,1459,985,474
105000151,393,273,120
105000152,134,340,-206
105000153,512,513,-1
105000154,462,353,109
105000155,318,647,-329
105000156,614,506,108
105000157,614,1019,-405
105000158,1601,595,1006
105000159,258,665,-407
105000160,1750,536,1214
105000161,535,656,-121
105000162,440,1428,-988
105000163,766,602,164
105000164,183,175,8
105000165,558,4457,-3899
105000166,3290,855,2435
105000167,1123,1426,-303
105000168,403,435,-32
105000169,582,232,350
105000170,214,942,-728
105000171,894,133,761
105000172,145,26,119
105000173,175,94,81
105000174,71,47,24
105000175,68,101,-33
105000176,445,106,339
105000177,293,195,98
105000178,202,297,-95
105000179,626,141,485
105000180,137,78,59
105000181,132,180,-48
105000182,72,36,36
105000183,1577,1621,-44
105000184,1309,927,382
105000185,1163,753,410
105000186,477,633,-156
105000187,800,151,649
105000188,206,122,84
105000189,144,380,-236
105000190,260,335,-75
105000191,347,317,30
105000192,275,62,213
105000193,74,137,-63
105000194,552,111,441
105000195,322,475,-153
105000196,85,263,-178
105000197,231,448,-217
105000198,444,202,242
105000199,210,592,-382
105000200,144,234,-90
105000201,88,16,72
105000203,31,135,-104
105000204,97,53,44
105000205,110,158,-48
105000207,461,169,292
105000208,180,534,-354
105000209,221,382,-161
105000211,269,18,251
105000212,1030,760,270
105000213,118,142,-24
105000214,134,159,-25
105000215,255,147,108
105000216,132,273,-141
105000217,134,238,-104
105000218,1334,888,446
105000221,129,117,12
105000222,605,201,404
105000223,245,197,48
105000226,93,191,-98
105000227,40,103,-63
105000228,169,1497,-1328
105000229,137,420,-283
105000231,331,232,99
105000233,841,574,267
105000234,519,904,-385
105000235,357,575,-218
105000237,601,56,545
105000243,17,22,-5
105000248,33,56,-23
105000262,240,635,-395
105000269,181,169,12
105000270,371,50,321
105000271,1,129,-128
105000282,50,46,4
105000287,372,86,286
105000288,487,299,188
105000289,2446,1800,646
105000290,30,8,22
105000402,2066,3292,-1226
105000426,377,474,-97
105000438,3776,1588,2188
105000440,72,35,37
105000446,7102,4256,2846
105000447,3737,1829,1908
105000454,516,498,18
105000455,190,135,55
105000474,30,0,30
105000477,419,413,6
105000478,1634,3797,-2163
105000479,96,142,-46
105000480,8402,6921,1481
105000481,4236,3071,1165
105000482,3705,6533,-2828
105000483,1626,1826,-200
105000484,1875,2642,-767
105000485,1326,2972,-1646
105000486,2428,1912,516
105000488,9325,4534,4791
105000489,763,692,71
105000549,118,156,-38
105000550,395,1084,-689
105000551,26,72,-46
105000552,1866,1264,602
105000555,1245,970,275
105000556,64,21,43
105000557,62,172,-110
105900001,4,1353,-1349
105900002,718,637,81
105900003,20,72,-52
105900004,152,113,39
105900005,14,182,-168
105900006,12,82,-70
105900007,79,19,60
105900008,48,358,-310
105900009,19,12,7
105900011,105,27,78
105900012,284,71,213
105900013,2,13,-11
105900014,6,45,-39
105900015,169,254,-85
105900016,357,284,73
105900017,1206,35,1171
105900018,165,130,35
105900019,34,382,-348
105900020,51,66,-15
105900021,15,188,-173
105900022,169,117,52
105900023,3,66,-63
105900024,8,152,-144
105900025,186,9,177
105900026,174,22,152
105900027,6810,4834,1976
105900028,412,419,-7
105900029,1192,258,934
105900030,196,181,15
105900031,231,144,87
105900032,54,97,-43
105900033,93,117,-24
105900034,130,164,-34
105900035,101,83,18
105900036,130,85,45
105900037,82,50,32
105900038,126,166,-40
105900039,160,64,96
105900040,62,72,-10
105900041,143,108,35
105900042,45,118,-73
105900043,968,29,939
105900044,8,176,-168
105900045,0,515,-515
105900046,5,215,-210
105900047,12,47,-35
105900048,81,361,-280
105900050,3752,2857,895
105900051,23,734,-711
105900052,503,181,322
105900053,1883,2412,-529
105900054,305,164,141
105900056,397,256,141
105900057,59,100,-41
105900058,25,19,6
105900059,0,46,-46
106000001,3179,2030,1149
106000002,1405,3873,-2468
106000003,2564,2694,-130
106000004,1368,2291,-923
106000005,3115,3863,-748
106000006,4095,2564,1531
106000007,518,468,50
106000008,450,252,198
106000009,543,302,241
106000010,436,522,-86
106000011,1058,870,188
106000012,651,664,-13
106000013,1550,1408,142
106000014,1460,1149,311
106000015,1753,1021,732
106000016,1519,1749,-230
106000017,609,564,45
106000018,442,344,98
106000019,364,403,-39
106000020,300,231,69
106000021,292,307,-15
106000022,345,150,195
106000023,585,324,261
106000024,460,328,132
106000025,152,166,-14
106000026,116,189,-73
106000027,1412,1117,295
106000028,546,278,268
106000029,538,653,-115
106000030,342,398,-56
106000034,159,438,-279
106000035,954,1623,-669
106000036,134,312,-178
106000037,1537,1024,513
106000038,215,99,116
106000039,99,69,30
106000040,123,735,-612
106000041,663,413,250
106000043,527,240,287
106000046,332,80,252
106000047,52,345,-293
106000049,930,146,784
106000050,209,434,-225
106000051,672,422,250
106000052,76,399,-323
106000053,421,106,315
106000054,247,296,-49
106000055,891,659,232
106000056,207,245,-38
106000057,339,244,95
106000058,87,94,-7
106000059,288,184,104
106000060,286,356,-70
106000061,164,438,-274
106000062,135,346,-211
106000063,713,487,226
106000064,25,236,-211
106000065,290,243,47
106000066,113,199,-86
106000067,300,76,224
106000068,61,363,-302
106000069,231,48,183
106000070,408,520,-112
106000071,901,259,642
106000072,1854,1177,677
106000073,1142,2679,-1537
106000074,685,511,174
106000075,295,1084,-789
106000076,1502,1613,-111
106000077,2429,996,1433
106000078,882,696,186
106000079,607,653,-46
106000080,1110,490,620
106000081,668,909,-241
106000082,1733,675,1058
106000083,376,1057,-681
106000084,888,497,391
106000085,1119,1036,83
106000086,532,635,-103
106000087,751,430,321
106000088,415,630,-215
106000089,913,256,657
106000090,276,433,-157
106000091,234,372,-138
106000092,532,218,314
106000093,361,113,248
106000094,63,191,-128
106000095,591,510,81
106000096,796,523,273
106000097,914,558,356
106000098,599,763,-164
106000099,173,770,-597
106000100,1288,204,1084
106000101,1465,455,1010
106000102,293,930,-637
106000103,284,539,-255
106000104,934,289,645
106000105,417,386,31
106000106,511,325,186
106000107,154,172,-18
106000108,290,269,21
106000109,190,173,17
106000110,254,242,12
106000111,209,280,-71
106000112,194,501,-307
106000113,592,436,156
106000114,395,595,-200
106000115,208,319,-111
106000116,282,145,137
106000117,666,314,352
106000118,987,1067,-80
106000119,739,594,145
106000120,788,1050,-262
106000121,200,120,80
106000122,105,118,-13
106000123,471,99,372
106000124,62,178,-116
106000125,20,152,-132
106000126,297,65,232
106000127,767,530,237
106000128,807,185,622
106000129,358,309,49
106000130,640,251,389
106000131,91,492,-401
106000132,510,172,338
106000133,1399,838,561
106000134,435,1761,-1326
106000135,215,374,-159
106000136,641,875,-234
106000137,48,453,-405
106000138,1014,111,903
106000139,50,86,-36
106000140,48,27,21
106000141,120,45,75
106000142,76,51,25
106000143,55,59,-4
106000144,37,63,-26
106000145,207,188,19
106000146,410,118,292
106000147,616,452,164
106000148,905,776,129
106000149,564,398,166
106000150,482,1623,-1141
106000151,2720,670,2050
106000152,862,1767,-905
106000153,108,1442,-1334
106000154,1189,189,1000
106000155,120,227,-107
106000156,686,170,516
106000157,464,1215,-751
106000158,1755,676,1079
106000159,1822,1648,174
106000160,385,2243,-1858
106000161,1081,266,815
106000162,267,835,-568
106000163,302,298,4
106000164,506,252,254
106000165,167,334,-167
106000166,706,230,476
106000167,287,608,-321
106000168,542,230,312
106000169,216,421,-205
106000170,709,207,502
106000171,211,908,-697
106000172,2259,963,1296
106000173,898,1729,-831
106000174,1047,227,820
106000175,293,553,-260
106000176,1618,723,895
106000177,683,1487,-804
106000178,2402,1074,1328
106000179,759,1433,-674
106000180,638,768,-130
106000181,649,1079,-430
106000182,1254,456,798
106000183,1241,355,886
106000184,1215,385,830
106000185,892,801,91
106000186,549,81,468
106000187,179,806,-627
106000188,1,6,-5
106000189,25,42,-17
106000190,21,4,17
106000191,516,136,380
106000192,0,24,-24
106000193,254,141,113
106000194,123,251,-128
106000195,342,84,258
106000196,82,318,-236
106000197,506,195,311
106000198,130,180,-50
106000199,526,597,-71
106000200,130,184,-54
106000201,373,2273,-1900
106000202,2109,464,1645
106000203,21,131,-110
106000204,96,11,85
106000205,16,97,-81
106000206,73,23,50
106000207,37,401,-364
106000208,1263,137,1126
106000209,1354,330,1024
106000210,252,603,-351
106000211,221,762,-541
106000212,754,378,376
106000213,398,1424,-1026
106000214,1977,488,1489
106000215,205,364,-159
106000216,309,267,42
106000217,222,275,-53
106000218,402,349,53
106000219,141,202,-61
106000220,423,233,190
106000221,238,183,55
106000222,41,82,-41
106000223,208,93,115
106000224,183,132,51
106000225,107,120,-13
106000226,141,211,-70
106000228,44,96,-52
106000229,97,419,-322
106000231,801,78,723
106000232,117,194,-77
106000233,370,92,278
106000234,78,173,-95
106000235,552,56,496
106000236,179,83,96
106000237,1,36,-35
106000238,64,48,16
106000239,6,99,-93
106000240,91,9,82
106000241,19,524,-505
106000242,248,27,221
106000249,81,41,40
106000250,61,465,-404
106000251,113,18,95
106000252,12,47,-35
106000253,77,63,14
106000254,44,18,26
106000255,17,137,-120
106000256,46,29,17
106000257,147,136,11
106000258,148,16,132
106000259,2,39,-37
106000260,42,2,40
106000261,5,39,-34
106000262,67,5,62
106000263,6,33,-27
106000264,155,7,148
106000265,8,83,-75
106000266,84,27,57
106000267,6,47,-41
106000268,385,61,324
106000269,40,25,15
106000270,109,311,-202
106000271,57,179,-122
106000272,154,43,111
106000273,12,167,-155
106000274,116,24,92
106000275,116,214,-98
106000276,86,15,71
106000277,134,232,-98
106000278,177,17,160
106000279,20,26,-6
106000280,54,40,14
106000281,54,28,26
106000282,56,45,11
106000283,110,29,81
106000284,85,73,12
106000285,106,70,36
106000286,100,112,-12
106000287,113,57,56
106000288,83,99,-16
106000289,88,44,44
106000290,56,49,7
106000291,127,64,63
106000292,70,70,0
106000293,128,86,42
106000294,94,94,0
106000295,41,38,3
106000296,17,68,-51
106000297,43,165,-122
106000298,89,56,33
106000299,60,82,-22
106000300,43,89,-46
106000301,45,125,-80
106000303,17,48,-31
106000304,28,18,10
106000305,42,30,12
106000306,37,42,-5
106000307,49,30,19
106000308,17,67,-50
106000309,12,53,-41
106000310,234,372,-138
106000311,325,108,217
106000312,93,134,-41
106000313,184,156,28
106000318,56,293,-237
106000319,827,184,643
106000320,2,50,-48
106000321,146,138,8
106000322,214,86,128
106000324,37,81,-44
106000325,1628,715,913
106000326,1362,1527,-165
106000327,163,70,93
106000328,67,119,-52
106000329,129,191,-62
106000330,52,46,6
106000428,91,148,-57
106000429,112,403,-291
106000430,306,846,-540
106000431,2103,343,1760
106000432,1442,2058,-616
106000433,2223,1275,948
106000434,2930,1313,1617
106000435,1103,1878,-775
106000436,7,130,-123
106000437,187,25,162
106000438,277,170,107
106000439,47,241,-194
106000440,262,615,-353
106000441,0,2,-2
106000442,140,2,138
106000443,157,230,-73
106000450,2,104,-102
106000451,27,45,-18
106000454,1,150,-149
106000455,12,130,-118
106000456,93,24,69
106000457,6,541,-535
106000458,785,118,667
106000459,154,247,-93
106000460,1282,20,1262
106000461,87,625,-538
106000462,0,28,-28
106000463,2,23,-21
106000464,8,304,-296
106000465,685,7,678
106000466,0,380,-380
106000467,300,418,-118
106000468,97,89,8
106000469,168,1,167
106000470,214,1452,-1238
106000471,21,339,-318
106000472,124,10,114
106000473,43,8,35
106000474,478,359,119
106000475,474,253,221
106000476,147,220,-73
106000477,64,93,-29
106000480,0,236,-236
106900001,0,7,-7
106900002,1,240,-239
106900003,144,1392,-1248
106900004,0,16,-16
106900006,0,7,-7
106900007,0,8,-8
106900008,318,120,198
106900009,310,175,135
106900010,237,219,18
106900012,898,2100,-1202
106900013,657,129,528
106900014,34,0,34
106900015,13,1,12
106900016,294,11,283
106900017,7,0,7
106900018,1,0,1
106900019,39,2,37
106900020,2425,1283,1142
106900021,178,127,51
106900022,748,9,739
106900023,16,150,-134
106900024,605,32,573
106900025,51,512,-461
106900026,9,387,-378
106900027,663,4,659
107000001,3255,3115,140
107000002,1525,2666,-1141
107000003,5769,5623,146
107000004,3387,2879,508
107000005,4790,4929,-139
107000006,3465,2505,960
107000007,5059,8094,-3035
107000008,6445,4786,1659
107000009,7279,6874,405
107000010,7774,6480,1294
107000011,1169,998,171
107000012,3268,2355,913
107000013,222,185,37
107000014,64,142,-78
107000015,353,603,-250
107000016,640,653,-13
107000017,2002,2089,-87
107000018,13,1456,-1443
107000020,1641,2067,-426
107000021,1089,348,741
107000022,808,1540,-732
107000023,2009,182,1827
107000024,562,981,-419
107000025,203,303,-100
107000026,286,304,-18
107000027,1362,733,629
107000028,1269,997,272
107000029,3435,2753,682
107000030,2576,2116,460
107000031,4070,2259,1811
107000032,389,741,-352
107000033,2140,3031,-891
107000034,3020,1103,1917
107000035,374,231,143
107000036,321,1056,-735
107000037,98,653,-555
107000038,239,182,57
107000039,715,647,68
107000040,167,224,-57
107000041,1029,537,492
107000042,659,1753,-1094
107000043,1984,875,1109
107000044,410,310,100
107000045,94,258,-164
107000046,825,408,417
107000047,442,808,-366
107000048,612,272,340
107000049,565,654,-89
107000050,960,527,433
107000051,261,292,-31
107000052,955,916,39
107000053,302,199,103
107000054,88,235,-147
107000055,350,117,233
107000056,495,682,-187
107000057,1552,245,1307
107000058,1878,1932,-54
107000059,1366,2323,-957
107000060,4327,4461,-134
107000061,3793,2514,1279
107000062,4414,2546,1868
107000063,3580,3335,245
107000064,4394,2233,2161
107000065,2946,3511,-565
107000066,1565,2563,-998
107000067,1081,1023,58
107000068,1173,720,453
107000069,775,458,317
107000070,969,28,941
107000071,3060,37,3023
107000072,41,1413,-1372
107000073,770,358,412
107000074,166,835,-669
107000075,1707,434,1273
107000076,487,807,-320
107000077,3525,1095,2430
107000078,2219,1975,244
107000079,2632,994,1638
107000080,967,2110,-1143
107000081,1985,654,1331
107000082,387,936,-549
107000083,1331,443,888
107000084,480,1541,-1061
107000085,2755,2682,73
107000086,3187,2803,384
107000087,2690,1801,889
107000088,2712,2963,-251
107000089,1390,1348,42
107000090,973,810,163
107000091,1188,747,441
107000092,710,719,-9
107000093,1017,717,300
107000094,939,1142,-203
107000095,817,669,148
107000096,502,592,-90
107000097,785,317,468
107000098,454,469,-15
107000099,491,257,234
107000100,209,262,-53
107000101,56,134,-78
107000102,191,243,-52
107000103,278,189,89
107000104,211,207,4
107000105,448,124,324
107000106,186,209,-23
107000107,699,125,574
107000108,152,385,-233
107000109,503,134,369
107000110,55,336,-281
107000111,311,47,264
107000112,26,221,-195
107000113,748,144,604
107000114,78,361,-283
107000115,590,178,412
107000116,93,552,-459
107000117,131,685,-554
107000118,137,154,-17
107000119,1123,1358,-235
107000120,899,454,445
107000121,886,567,319
107000122,1177,697,480
107000123,540,504,36
107000124,487,574,-87
107000125,942,473,469
107000126,918,512,406
107000129,262,520,-258
107000130,570,200,370
107000131,325,435,-110
107000132,526,285,241
107000133,440,109,331
107000134,265,3,262
107000135,3,231,-228
107000136,644,7,637
107000137,7,412,-405
107000138,303,25,278
107000139,52,540,-488
107000140,1290,109,1181
107000141,123,599,-476
107000142,395,110,285
107000143,56,530,-474
107000144,469,441,28
107000145,200,357,-157
107000146,142,256,-114
107000147,3962,888,3074
107000150,450,2453,-2003
107000151,27,71,-44
107000152,333,1355,-1022
107000153,113,270,-157
107000154,205,214,-9
107000155,834,48,786
107000156,966,45,921
107000157,73,995,-922
107000158,637,19,618
107000159,45,700,-655
107000160,1211,140,1071
107000161,71,826,-755
107000162,264,483,-219
107000163,150,1,149
107000164,910,2,908
107000165,1029,5,1024
107000166,42,664,-622
107000167,565,196,369
107000168,988,415,573
107000169,652,804,-152
107000170,2119,730,1389
107000171,633,1167,-534
107000172,1182,1326,-144
107000173,623,852,-229
107000174,1136,4359,-3223
107000175,4724,1391,3333
107000176,0,0,0
107000177,4,1,3
107000178,31,23,8
107000179,272,1435,-1163
107000180,1391,271,1120
107000181,439,803,-364
107000182,1835,661,1174
107000183,160,490,-330
107000184,1012,488,524
107000185,477,915,-438
107000186,1101,330,771
107000187,1139,1021,118
107000188,648,483,165
107000189,573,853,-280
107000190,609,487,122
107000191,924,1026,-102
107000192,1535,527,1008
107000193,415,376,39
107000194,902,564,338
107000197,885,234,651
107000198,276,551,-275
107000199,500,499,1
107000200,529,524,5
107000201,464,211,253
107000202,334,425,-91
107000203,827,767,60
107000204,855,924,-69
107000205,1536,754,782
107000206,756,1233,-477
107000207,524,804,-280
107000208,741,458,283
107000209,1272,1115,157
107000210,501,217,284
107000211,5,31,-26
107000212,14,277,-263
107000213,3,17,-14
107000214,12,107,-95
107000215,394,290,104
107000216,430,283,147
107000217,163,99,64
107000219,101,93,8
107000220,138,113,25
107000222,268,418,-150
107000224,489,79,410
107000225,271,248,23
107000226,452,75,377
107000227,87,164,-77
107000228,108,256,-148
107000229,105,98,7
107000230,801,456,345
107000231,1060,1359,-299
107000232,118,30,88
107000233,1064,762,302
107000234,0,44,-44
107000235,61,5,56
107000236,14,399,-385
107000237,37,0,37
107000238,35,0,35
107000239,2391,373,2018
107000240,154,589,-435
107000243,0,20,-20
107000244,7,60,-53
107000246,5,1033,-1028
107000249,6,1070,-1064
107000251,1,257,-256
107000252,1,819,-818
107000255,261,100,161
107000257,1,232,-231
107000258,0,74,-74
107000259,0,106,-106
107000260,789,7,782
107000262,8,307,-299
107000263,270,7,263
107000266,10,2,8
107000267,44,77,-33
107000268,100,80,20
107000269,507,51,456
107000270,2,24,-22
107000271,22,419,-397
107000272,19,93,-74
107000273,3,240,-237
107000274,833,14,819
107000275,576,1807,-1231
107000280,852,32,820
107000281,70,557,-487
107000282,77,533,-456
107000290,13,23,-10
107000291,13,5,8
107000292,3,123,-120
107000293,75,7,68
107000294,0,37,-37
107000295,24,1,23
107000296,2,29,-27
107000444,242,6,236
107000496,0,12,-12
107000497,1148,1502,-354
107000500,382,285,97
107000501,204,153,51
107000502,160,255,-95
107000505,272,578,-306
107000506,2,23,-21
107000508,5,415,-410
107000509,189,625,-436
107000510,53,22,31
107000514,56,309,-253
107000515,13,134,-121
107000516,436,225,211
107000518,1047,1488,-441
107000519,1059,770,289
107000520,106,37,69
107000521,683,317,366
107000522,1047,433,614
107900001,36,79,-43
107900002,27,2,25
107900003,309,52,257
107900004,0,2,-2
107900005,1270,5,1265
107900006,211,1,210
107900007,319,35,284
107900008,132,18,114
107900009,103,9,94
107900010,37,2,35
107900012,293,34,259
107900013,144,21,123
107900014,29,5,24
107900015,857,14,843
107900016,319,60,259
107900017,19,2,17
107900018,59,114,-55
107900019,33,27,6
107900020,37,15,22
107900021,112,79,33
107900023,3,5,-2
107900024,0,18,-18
107900025,191,192,-1
107900026,83,33,50
107900027,51,34,17
107900028,110,35,75
107900030,217,38,179
107900031,66,51,15
107900032,18,4,14
107900033,18,5,13
107900034,222,18,204
107900035,782,38,744
107900036,59,23,36
107900037,0,25,-25
107900038,84,212,-128
107900039,49,24,25
107900040,40,138,-98
107900041,4,2,2
107900043,31,84,-53
107900044,8,9,-1
107900045,57,48,9
107900046,173,148,25
107900047,56,32,24
107900048,186,14,172
107900049,349,1076,-727
107900050,128,239,-111
107900051,81,50,31
107900052,28,26,2
107900053,52,62,-10
107900055,404,213,191
107900056,100,36,64
107900057,1,0,1
107900058,27,443,-416
107900060,30,24,6
107900061,9,3,6
107900063,84,109,-25
107900064,255,152,103
107900065,227,6,221
107900066,24,6,18
107900067,0,0,0
107900068,78,371,-293
107900069,25,2136,-2111
107900070,114,34,80
107900071,21,427,-406
107900072,106,122,-16
107900073,211,57,154
107900074,492,234,258
107900076,100,18,82
107900077,73,2,71
107900079,6,26,-20
107900080,163,493,-330
107900081,54,78,-24
107900082,9,10,-1
107900083,273,121,152
107900084,131,103,28
107900086,37,155,-118
107900087,452,127,325
107900088,44,3,41
107900089,163,737,-574
107900090,532,1985,-1453
107900091,134,288,-154
107900093,86,50,36
107900095,2501,1832,669
107900097,16,32,-16
107900098,38,113,-75
107900100,648,1024,-376
107900101,665,163,502
107900102,31,10,21
107900103,45,104,-59
107900104,150,6,144
107900105,0,274,-274
107900106,1,634,-633
107900107,1162,390,772
107900108,155,94,61
107900109,1281,24,1257
107900110,55,75,-20
107900111,5,458,-453
107900112,73,276,-203
107900113,173,67,106
107900114,183,160,23
107900115,5,28,-23
107900116,177,106,71
107900117,224,225,-1
107900118,69,102,-33
107900119,77,208,-131
107900120,29,31,-2
107900121,10,148,-138
107900122,0,61,-61
107900123,4,28,-24
107900124,19,31,-12
107900125,52,151,-99
107900126,9,76,-67
107900127,407,271,136
107900128,52,82,-30
107900129,79,27,52
107900130,93,25,68
107900131,649,215,434
107900132,101,266,-165
107900133,0,44,-44
107900134,26,78,-52
107900135,6,103,-97
107900136,60,33,27
107900137,98,83,15
107900138,63,49,14
107900139,46,63,-17
107900141,37,33,4
107900142,43,532,-489
107900143,141,23,118
107900144,0,178,-178
107900145,19,63,-44
107900146,30,92,-62
107900147,43,23,20
107900148,97,49,48
107900149,550,166,384
107900150,50,398,-348
107900151,42,127,-85
107900152,16,94,-78
107900153,109,185,-76
107900154,55,18,37
107900155,103,53,50
107900156,3,194,-191
107900157,29,27,2
107900158,689,18,671
107900159,30,441,-411
107900160,149,181,-32
107900161,34,152,-118
107900162,2,36,-34
107900163,17,23,-6
107900164,11,38,-27
107900165,63,153,-90
107900166,17,140,-123
107900167,15,30,-15
107900168,32,27,5
107900169,0,145,-145
107900171,12,795,-783
107900172,0,177,-177
107900173,13,94,-81
107900174,121,5,116
107900175,57,39,18
107900176,18,45,-27
107900177,0,110,-110
107900178,1,150,-149
107900179,29,103,-74
107900180,346,650,-304
107900181,238,191,47
107900182,1,693,-692
107900183,35,187,-152
107900184,117,244,-127
107900185,141,3,138
107900186,31,30,1
107900187,0,112,-112
107900188,467,118,349
107900189,11,70,-59
107900190,43,109,-66
107900191,67,92,-25
107900193,7,77,-70
107900194,182,6,176
107900195,1331,246,1085
107900196,67,75,-8
107900197,538,308,230
107900199,1,841,-840
107900201,67,58,9
107900203,31,43,-12
107900204,160,135,25
107900206,686,257,429
107900207,2,469,-467
107900208,9,317,-308
107900209,276,86,190
107900210,58,78,-20
107900213,426,304,122
107900214,43,96,-53
107900215,108,287,-179
107900216,142,44,98
107900217,29,69,-40
107900218,19,1415,-1396
107900219,38,55,-17
107900220,151,205,-54
107900221,115,183,-68
107900223,99,344,-245
107900224,92,300,-208
107900225,18,424,-406
107900226,116,67,49
107900227,131,244,-113
107900228,24,66,-42
107900229,0,157,-157
107900230,21,55,-34
107900231,30,144,-114
107900232,63,96,-33
107900233,6,80,-74
107900234,131,73,58
107900235,30,85,-55
107900236,118,39,79
107900237,40,238,-198
107900238,31,71,-40
107900239,630,430,200
107900240,26,68,-42
107900241,22,47,-25
107900242,24,114,-90
107900243,4,43,-39
107900244,267,9,258
107900245,603,36,567
107900246,274,8,266
107900248,356,153,203
107900249,716,27,689
107900250,0,309,-309
107900251,67,910,-843
107900252,745,15,730
107900253,206,3,203
107900254,49,230,-181
107900255,279,74,205
107900256,1186,1397,-211
107900257,151,116,35
107900258,89,169,-80
107900259,74,1762,-1688
107900261,1,170,-169
107900262,40,79,-39
107900264,465,5,460
107900265,209,125,84
107900267,241,13,228
107900268,10,2,8
107900269,0,11,-11
107900270,0,2,-2
107900271,0,22,-22
107900272,90,35,55
107900273,48,83,-35
107900274,74,1,73
107900275,18,0,18
107900276,0,73,-73
107900277,0,117,-117
107900278,218,277,-59
107900279,61,213,-152
107900280,1451,1453,-2
107900281,768,2630,-1862
107900282,27,356,-329
107900283,488,477,11
107900284,508,367,141
107900285,135,46,89
107900286,59,45,14
107900287,220,192,28
107900290,1,196,-195
107900291,407,18,389
107900292,111,130,-19
107900293,58,286,-228
107900295,38,39,-1
107900297,1,219,-218
107900298,500,461,39
107900299,1705,2180,-475
107900301,462,574,-112
107900302,103,34,69
107900303,156,197,-41
107900304,284,233,51
107900305,229,2,227
107900306,7,29,-22
107900307,72,176,-104
107900308,148,126,22
107900309,65,0,65
107900310,446,2,444
107900311,7,517,-510
107900312,77,3,74
107900313,2,172,-170
107900314,1,49,-48
107900315,5,26,-21
107900316,61,9,52
107900317,66,33,33
107900318,5,97,-92
107900319,5,107,-102
107900320,1,68,-67
107900321,129,2,127
107900322,3,88,-85
107900323,4,88,-84
107900324,102,1,101
107900325,87,0,87
107900326,242,144,98
107900327,1,38,-37
107900328,54,1,53
107900329,120,94,26
107900330,7,213,-206
107900331,226,9,217
107900332,326,17,309
107900333,60,19,41
107900334,6,105,-99
107900335,116,33,83
107900336,26,63,-37
107900337,627,804,-177
107900338,0,115,-115
107900339,3,11,-8
107900340,2,52,-50
107900341,61,4,57
107900342,150,98,52
107900343,46,1,45
107900344,8,33,-25
107900345,85,30,55
107900346,14,3,11
107900347,10,3,7
107900348,0,7,-7
107900349,14,7,7
107900350,19,158,-139
107900351,4,110,-106
107900352,2,16,-14
107900353,11,3,8
107900354,10,32,-22
108000001,2685,3000,-315
108000002,1406,1661,-255
108000003,3111,2859,252
108000004,8809,9955,-1146
108000005,7464,5806,1658
108000006,5532,5247,285
108000007,4718,3345,1373
108000008,3798,4380,-582
108000009,3259,3680,-421
108000010,2440,3102,-662
108000011,10482,10310,172
108000012,11537,10994,543
108000014,805,797,8
108000015,855,211,644
108000016,240,604,-364
108000017,1042,316,726
108000018,1594,619,975
108000019,1814,834,980
108000020,1160,524,636
108000021,250,1236,-986
108000022,395,1000,-605
108000023,1143,221,922
108000024,303,449,-146
108000025,249,65,184
108000026,919,390,529
108000027,709,418,291
108000028,813,263,550
108000029,611,640,-29
108000030,467,221,246
108000031,212,441,-229
108000032,1668,568,1100
108000033,704,741,-37
108000034,1457,399,1058
108000035,553,1362,-809
108000036,352,753,-401
108000037,1652,472,1180
108000038,2361,568,1793
108000039,493,1312,-819
108000040,1754,705,1049
108000041,680,1566,-886
108000042,379,215,164
108000043,211,362,-151
108000044,554,105,449
108000045,294,249,45
108000046,1444,314,1130
108000047,334,685,-351
108000048,160,318,-158
108000049,1025,299,726
108000050,200,553,-353
108000051,351,129,222
108000052,160,433,-273
108000053,378,232,146
108000054,426,766,-340
108000055,945,531,414
108000056,1264,1163,101
108000057,532,963,-431
108000058,1848,3058,-1210
108000059,2524,1479,1045
108000060,210,604,-394
108000061,304,382,-78
108000062,689,445,244
108000063,422,392,30
108000064,227,202,25
108000065,562,361,201
108000066,1354,660,694
108000067,1695,598,1097
108000068,739,325,414
108000069,185,697,-512
108000070,1954,648,1306
108000071,722,1041,-319
108000072,1652,855,797
108000073,998,1094,-96
108000074,596,351,245
108000075,353,521,-168
108000076,797,548,249
108000077,465,433,32
108000078,2310,1047,1263
108000079,584,685,-101
108000080,1384,452,932
108000081,613,1347,-734
108000082,717,1133,-416
108000083,1903,860,1043
108000084,425,766,-341
108000085,834,409,425
108000086,627,471,156
108000087,143,1972,-1829
108000088,778,149,629
108000089,290,262,28
108000091,139,325,-186
108000092,106,64,42
108000093,155,354,-199
108000094,609,84,525
108000095,182,258,-76
108000096,351,203,148
108000097,165,251,-86
108000098,1635,1084,551
108000099,912,251,661
108000100,174,373,-199
108000101,1147,1337,-190
108000102,1631,3317,-1686
108000106,1037,0,1037
108000107,8,718,-710
108000108,739,48,691
108000109,3,704,-701
108000110,249,261,-12
108000111,141,411,-270
108000112,65,162,-97
108000113,366,176,190
108000115,309,209,100
108000117,533,260,273
108000118,532,1627,-1095
108000119,452,267,185
108000120,166,605,-439
108000121,154,328,-174
108000122,486,264,222
108000123,845,126,719
108000124,370,204,166
108000125,379,225,154
108000126,215,334,-119
108000127,545,231,314
108000128,532,318,214
108000129,358,492,-134
108000130,500,163,337
108000131,928,456,472
108000132,1488,805,683
108000133,920,420,500
108000134,566,411,155
108000135,1057,381,676
108000136,299,958,-659
108000137,440,259,181
108000138,379,719,-340
108000139,492,278,214
108000140,138,23,115
108000141,9,40,-31
108000142,48,41,7
108000143,26,251,-225
108000144,440,70,370
108000145,33,10,23
108000146,705,66,639
108000147,38,13,25
108000148,636,106,530
108000149,5,9,-4
108000150,26,7,19
108000151,200,71,129
108000152,127,340,-213
108000153,614,149,465
108000154,44,4,40
108000155,42,26,16
108000156,967,381,586
108000157,312,1017,-705
108000158,88,594,-506
108000159,302,182,120
108000160,1897,931,966
108000161,1585,2249,-664
108000165,10,128,-118
108000172,19,251,-232
108000173,1049,1644,-595
108000175,665,110,555
108000178,330,226,104
108000179,161,717,-556
108000181,62,29,33
108000182,246,70,176
108000183,47,374,-327
108000184,667,1950,-1283
108000185,250,247,3
108000186,465,285,180
108000187,125,378,-253
108000188,633,176,457
108000189,1385,7759,-6374
108000190,82,276,-194
108000192,160,457,-297
108000193,512,24,488
108000194,21,8,13
108000195,1,657,-656
108000196,309,164,145
108000198,713,264,449
108000199,0,236,-236
108000200,432,325,107
108000203,110,377,-267
108000204,122,62,60
108000205,159,244,-85
108000339,999,288,711
108000364,314,510,-196
108000365,81,239,-158
108000367,107,174,-67
108000368,6,40,-34
108000369,523,220,303
108000371,9,626,-617
108000372,621,6,615
108000373,192,133,59
108000376,102,44,58
108000377,506,188,318
108000378,7708,8722,-1014
108000379,9,204,-195
108000381,68,8,60
108000382,189,4,185
108000383,0,201,-201
108900001,65,884,-819
108900002,142,45,97
108900003,250,466,-216
108900004,107,371,-264
108900007,319,190,129
108900008,135,131,4
108900009,91,116,-25
108900010,308,164,144
108900011,629,411,218
108900012,329,399,-70
108900013,152,223,-71
108900014,6,86,-80
108900015,3,104,-101
108900016,1,215,-214
108900017,152,359,-207
108900018,145,270,-125
108900019,26,396,-370
108900020,53,144,-91
108900021,123,193,-70
108900022,113,2,111
108900023,52,20,32
108900024,43,88,-45
108900025,116,121,-5
108900026,14,105,-91
108900027,0,46,-46
108900028,85,207,-122
108900029,35,205,-170
108900030,1,65,-64
108900031,163,202,-39
108900032,20,145,-125
108900033,1,71,-70
108900034,1,144,-143
108900035,278,747,-469
108900038,0,209,-209
108900039,0,229,-229
108900040,6,82,-76
108900041,3823,2675,1148
108900042,8,387,-379
108900043,57,347,-290
108900044,4,264,-260
108900045,78,285,-207
108900046,42,389,-347
108900047,28,115,-87
108900048,108,586,-478
108900049,1550,1156,394
108900050,0,112,-112
108900051,1,93,-92
108900052,20,164,-144
108900053,50,140,-90
108900054,79,165,-86
108900055,36,279,-243
108900056,1,113,-112
108900057,0,100,-100
108900058,30,184,-154
108900059,403,30,373
108900060,59,148,-89
108900061,74,28,46
108900062,7,178,-171
108900063,8,162,-154
108900064,188,18,170
108900065,12,147,-135
108900066,456,126,330
108900067,11,104,-93
108900068,6,99,-93
108900069,48,51,-3
108900070,33,64,-31
108900071,76,72,4
108900072,1517,410,1107
108900073,28,220,-192
108900074,242,197,45
108900075,41,37,4
108900076,315,86,229
108900077,104,298,-194
108900078,33,95,-62
108900079,659,141,518
108900080,24,642,-618
108900081,62,138,-76
108900082,107,87,20
108900083,25,205,-180
108900085,1412,128,1284
108900086,105,143,-38
108900087,76,120,-44
108900088,912,399,513
108900089,18,88,-70
108900090,64,223,-159
108900091,140,34,106
108900092,455,230,225
108900093,91,75,16
108900094,285,117,168
108900095,28,203,-175
108900096,231,8,223
108900097,263,167,96
108900098,1265,596,669
108900099,416,140,276
108900100,84,116,-32
108900101,193,195,-2
108900102,59,826,-767
108900103,90,164,-74
108900105,3,1236,-1233
108900106,534,249,285
108900108,244,47,197
108900109,389,69,320
108900110,213,298,-85
108900111,319,369,-50
108900113,30,43,-13
108900114,80,11,69
108900115,65,65,0
108900116,83,9,74
108900117,200,22,178
108900118,488,16,472
108900119,244,16,228
108900120,283,185,98
108900121,256,104,152
108900122,141,8,133
108900123,147,134,13
108900124,429,149,280
108900125,355,5,350
108900126,110,27,83
108900127,193,28,165
108900128,127,46,81
108900129,761,94,667
108900130,354,2,352
108900131,398,9,389
108900132,458,49,409
108900133,239,56,183
108900134,417,297,120
108900135,170,7,163
108900136,54,3,51
108900137,133,5,128
108900138,737,53,684
108900140,371,239,132
108900141,371,11,360
108900142,60,1,59
108900143,55,2,53
108900144,117,1,116
108900145,223,16,207
108900146,88,1,87
108900147,221,2,219
108900148,73,30,43
108900150,178,28,150
108900151,91,8,83
108900152,234,3,231
108900153,184,270,-86
108900154,4733,484,4249
108900156,74,2,72
108900157,30,256,-226
108900158,353,25,328
108900159,4,171,-167
108900160,7,164,-157
108900161,5,306,-301
108900162,147,1,146
108900163,5,219,-214
108900164,33,90,-57
108900168,4790,1944,2846
108900169,84,99,-15
108900171,3814,2459,1355
108900172,186,39,147
108900173,131,224,-93
108900174,720,630,90
108900176,122,323,-201
108900177,3328,4849,-1521
108900178,2395,3186,-791
108900180,78,243,-165
108900183,188,119,69
108900184,496,164,332
108900185,107,253,-146
108900186,32,309,-277
108900189,270,95,175
108900190,23,1657,-1634
108900192,58,166,-108
108900195,168,199,-31
108900196,29,186,-157
108900199,216,255,-39
108900200,471,281,190
108900201,413,1154,-741
108900203,358,117,241
108900204,306,18,288
108900205,128,17,111
108900206,478,67,411
108900207,241,84,157
108900208,16,238,-222
108900209,134,394,-260
108900210,211,173,38
108900211,128,473,-345
108900212,401,1168,-767
108900215,40,280,-240
108900216,378,255,123
108900217,94,0,94
108900218,70,16,54
108900221,48,228,-180
108900224,37,117,-80
108900225,0,153,-153
108900227,103,240,-137
108900230,150,176,-26
108900232,0,159,-159
108900233,284,77,207
108900234,271,125,146
108900235,164,369,-205
108900236,40,222,-182
108900240,70,94,-24
108900241,17,20,-3
108900245,4,1274,-1270
108900250,169,53,116
108900258,14,129,-115
108900259,327,90,237
108900260,11,64,-53
108900261,63,85,-22
108900262,139,133,6
108900263,28,103,-75
108900264,481,257,224
108900265,794,473,321
108900266,545,671,-126
108900267,7,130,-123
108900268,5,11,-6
108900269,100,23,77
108900270,94,7,87
108900271,48,6,42
108900272,200,15,185
108900273,667,856,-189
108900274,79,63,16
109000001,2295,1713,582
109000002,1082,1406,-324
109000003,2193,384,1809
109000004,398,1755,-1357
109000005,2049,496,1553
109000006,642,1533,-891
109000007,1356,470,886
109000008,459,1383,-924
109000009,3647,1143,2504
109000010,1098,2250,-1152
109000011,2957,1568,1389
109000012,1590,2176,-586
109000013,3202,2513,689
109000014,1527,1733,-206
109000015,4093,8540,-4447
109000016,4030,2291,1739
109000017,2266,974,1292
109000018,1246,2248,-1002
109000019,2477,1282,1195
109000020,1058,1614,-556
109000023,259,13,246
109000024,12,128,-116
109000025,263,429,-166
109000026,528,278,250
109000027,90,340,-250
109000028,127,48,79
109000029,110,194,-84
109000030,69,364,-295
109000031,180,150,30
109000032,112,314,-202
109000033,299,141,158
109000034,66,32,34
109000035,22,46,-24
109000036,79,246,-167
109000037,195,1409,-1214
109000038,379,252,127
109000039,866,557,309
109000040,1570,6169,-4599
109000041,1633,1549,84
109000042,437,887,-450
109000044,394,160,234
109000045,247,267,-20
109000046,312,76,236
109000047,66,340,-274
109000048,1119,484,635
109000049,219,466,-247
109000050,441,584,-143
109000051,269,182,87
109000052,463,563,-100
109000053,1296,270,1026
109000054,182,376,-194
109000055,235,265,-30
109000056,383,427,-44
109000057,617,441,176
109000058,1333,273,1060
109000059,420,833,-413
109000060,410,349,61
109000061,639,756,-117
109000062,83,266,-183
109000063,185,119,66
109000064,479,101,378
109000065,115,194,-79
109000066,341,57,284
109000067,82,170,-88
109000068,1452,16,1436
109000069,608,13,595
109000070,15,1390,-1375
109000071,296,72,224
109000072,152,451,-299
109000073,69,67,2
109000074,38,147,-109
109000075,52,235,-183
109000076,208,251,-43
109000077,353,286,67
109000078,109,146,-37
109000079,136,128,8
109000080,209,100,109
109000081,120,334,-214
109000082,723,175,548
109000083,273,513,-240
109000088,113,341,-228
109000089,205,75,130
109000090,87,249,-162
109000091,290,163,127
109000092,298,290,8
109000093,229,127,102
109000094,462,3,459
109000095,120,248,-128
109000096,614,223,391
109000097,89,94,-5
109000098,50,105,-55
109000099,731,212,519
109000100,245,519,-274
109000101,1374,501,873
109000102,385,584,-199
109000103,1089,545,544
109000104,1603,387,1216
109000105,446,771,-325
109000106,1653,670,983
109000107,534,1215,-681
109000108,1537,411,1126
109000109,376,1106,-730
109000110,1060,422,638
109000111,758,1286,-528
109000112,285,94,191
109000113,336,120,216
109000114,120,198,-78
109000115,986,75,911
109000116,21,588,-567
109000117,238,87,151
109000118,29,241,-212
109000119,1292,198,1094
109000120,222,527,-305
109000121,800,94,706
109000122,125,501,-376
109000123,42,178,-136
109000124,606,357,249
109000125,712,260,452
109000126,446,492,-46
109000127,1567,240,1327
109000128,521,841,-320
109000129,1922,539,1383
109000130,716,1395,-679
109000131,1438,876,562
109000132,1051,1750,-699
109000133,228,579,-351
109000134,724,970,-246
109000135,1107,1647,-540
109000136,267,231,36
109000137,293,328,-35
109000138,427,215,212
109000139,444,347,97
109000140,184,457,-273
109000141,741,368,373
109000142,162,345,-183
109000143,73,88,-15
109000145,35,249,-214
109000146,52,28,24
109000148,2215,1160,1055
109000149,26,31,-5
109000150,99,198,-99
109000155,745,614,131
109000156,860,498,362
109000158,130,250,-120
109000159,158,336,-178
109000160,857,177,680
109000161,307,667,-360
109000162,1788,511,1277
109000163,934,1265,-331
109000164,1158,1729,-571
109000165,1156,428,728
109000166,600,63,537
109000167,58,289,-231
109000170,51,43,8
109000171,72,43,29
109000172,56,65,-9
109000173,25,82,-57
109000174,93,40,53
109000175,129,285,-156
109000176,300,189,111
109000177,32,74,-42
109000178,717,234,483
109000179,3051,4073,-1022
109000180,3123,2583,540
109000181,24,15,9
109000182,13,26,-13
109000183,15,23,-8
109000184,68,42,26
109000185,27,27,0
109000188,314,1112,-798
109000189,2067,699,1368
109000190,474,353,121
109000191,328,306,22
109000192,426,171,255
109000193,199,196,3
109000194,296,101,195
109000195,127,252,-125
109000196,261,99,162
109000197,209,234,-25
109000198,382,69,313
109000199,112,270,-158
109000206,178,28,150
109000207,141,35,106
109000208,82,78,4
109000209,106,101,5
109000210,118,395,-277
109000211,536,302,234
109000214,422,522,-100
109000215,129,63,66
109000216,269,239,30
109000217,211,126,85
109000218,258,136,122
109000221,468,667,-199
109000222,903,213,690
109000223,373,314,59
109000224,50,81,-31
109000225,121,55,66
109000226,114,164,-50
109000227,931,617,314
109000228,8,1480,-1472
109000231,47,218,-171
109000232,307,210,97
109000236,249,847,-598
109000241,1989,1477,512
109000242,1778,1144,634
109000293,79,152,-73
109000361,264,219,45
109000364,460,386,74
109000396,1,326,-325
109000397,503,2,501
109000399,177,278,-101
109000400,87,247,-160
109000403,102,1228,-1126
109000406,328,7,321
109000407,220,157,63
109000408,0,449,-449
109000410,872,188,684
109000411,217,22,195
109000412,4,55,-51
109900001,79,0,79
109900002,703,12,691
109900003,274,1,273
109900005,24,4,20
109900006,400,111,289
109900007,807,266,541
109900008,1,21,-20
109900009,121,356,-235
109900010,501,25,476
109900011,51,30,21
109900012,240,193,47
109900013,348,172,176
109900014,306,52,254
109900015,438,206,232
109900016,155,20,135
109900017,159,148,11
109900018,181,29,152
109900019,228,25,203
109900020,41,48,-7
109900021,60,15,45
109900022,198,185,13
109900023,16,15,1
109900024,17,7,10
109900025,14,8,6
109900027,50,50,0
109900028,807,1107,-300
109900029,1,141,-140
109900030,40,5,35
109900031,0,78,-78
109900032,9,242,-233
109900033,4,306,-302
109900034,39,4,35
109900035,8,37,-29
109900036,10,53,-43
109900037,38,298,-260
109900038,82,171,-89
109900039,11,0,11
109900040,19,296,-277
109900041,48,203,-155
109900042,41,577,-536
109900044,106,154,-48
109900045,170,119,51
109900046,103,73,30
109900047,200,234,-34
109900048,23,74,-51
109900049,5,44,-39
109900050,1,99,-98
109900051,0,36,-36
109900052,68,291,-223
109900053,1,151,-150
109900054,681,170,511
109900055,47,188,-141
109900056,26,174,-148
109900057,2,109,-107
109900058,0,64,-64
109900060,512,68,444
109900061,56,164,-108
109900062,1,93,-92
109900064,427,112,315
109900065,54,96,-42
109900066,257,554,-297
109900067,0,126,-126
109900068,66,5,61
109900069,8,48,-40
109900071,1,21,-20
109900072,10,113,-103
109900073,344,331,13
109900074,10,26,-16
109900075,22,27,-5
109900076,27,181,-154
109900077,53,40,13
109900078,85,204,-119
109900080,112,170,-58
109900081,13,223,-210
109900082,35,242,-207
109900083,12,62,-50
109900084,55,123,-68
109900085,155,451,-296
109900086,100,526,-426
109900087,317,414,-97
109900089,682,140,542
109900092,516,31,485
109900093,918,99,819
109900094,56,69,-13
109900095,77,163,-86
109900096,31,1,30
109900097,168,3,165
109900098,414,38,376
109900099,143,2,141
109900100,51,0,51
109900101,551,17,534
109900102,371,18,353
109900103,20,38,-18
109900104,479,467,12
109900105,445,27,418
109900106,373,43,330
109900107,750,65,685
109900108,91,216,-125
109900109,43,103,-60
109900111,259,484,-225
109900114,660,574,86
109900115,144,51,93
109900117,954,87,867
109900121,295,388,-93
109900123,8,130,-122
109900125,1,94,-93
109900126,282,60,222
109900130,3930,2174,1756
109900131,65,124,-59
109900132,35,96,-61
109900134,58,65,-7
109900135,241,51,190
109900137,142,186,-44
109900140,136,101,35
109900149,27,53,-26
109900150,11,70,-59
109900151,5,59,-54
109900152,0,37,-37
109900153,0,30,-30
109900154,44,0,44
109900155,70,14,56
109900157,33,168,-135
109900159,123,39,84
109900161,207,54,153
109900162,190,78,112
109900163,419,176,243
109900164,73,253,-180
109900165,199,2,197
109900166,0,107,-107
109900167,128,279,-151
109900168,260,446,-186
109900169,179,119,60
109900170,146,946,-800
109900171,150,61,89
109900172,258,180,78
109900173,1614,1915,-301
109900174,40,73,-33
109900175,88,45,43
109900176,81,127,-46
109900177,57,169,-112
109900178,14,139,-125
109900179,54,15,39
109900180,8,16,-8
110000001,820,411,409
110000002,493,640,-147
110000003,609,508,101
110000004,437,511,-74
110000005,320,1500,-1180
110000006,213,242,-29
110000007,136,72,64
110000008,19,40,-21
110000009,45,16,29
110000010,31,61,-30
110000011,40,38,2
110000012,461,270,191
110000013,52,474,-422
110000014,600,381,219
110000015,235,564,-329
110000016,243,1549,-1306
110000017,2567,216,2351
110000018,2082,305,1777
110000019,13,65,-52
110000020,305,144,161
110000021,411,335,76
110000022,601,135,466
110000023,6,126,-120
110000024,450,348,102
110000025,319,2,317
110000026,9,181,-172
110000027,559,557,2
110000028,892,526,366
110000029,426,453,-27
110000030,228,296,-68
110000031,228,322,-94
110000032,573,275,298
110000033,245,173,72
110000034,419,600,-181
110000035,628,373,255
110000036,913,607,306
110000037,181,374,-193
110000038,177,549,-372
110000039,674,2911,-2237
110000040,534,291,243
110000041,279,1393,-1114
110000042,124,446,-322
110000043,894,264,630
110000044,130,561,-431
110000045,709,155,554
110000046,23,93,-70
110000047,54,64,-10
110000048,11,47,-36
110000049,42,4,38
110000050,16,37,-21
110000051,21,13,8
110000052,96,32,64
110000053,42,4,38
110000054,109,345,-236
110000055,460,92,368
110000056,166,109,57
110000057,383,416,-33
110000058,904,424,480
110000059,793,464,329
110000060,794,711,83
110000061,608,547,61
110000062,502,720,-218
110000063,42,107,-65
110000064,67,46,21
110000065,63,52,11
110000066,64,22,42
110000067,45,121,-76
110000068,237,115,122
110000069,246,46,200
110000071,196,56,140
110000073,10,11,-1
110000075,4,37,-33
110000076,269,252,17
110000077,257,695,-438
110000078,43,25,18
110000080,224,442,-218
110000081,61,186,-125
110000082,42,260,-218
110000083,207,515,-308
110000084,1130,716,414
110000085,1193,1310,-117
110000086,921,1717,-796
110000087,22,47,-25
110000088,79,149,-70
110000089,244,60,184
110000090,84,174,-90
110000091,711,207,504
110000092,16,40,-24
110000093,52,14,38
110000094,483,198,285
110000095,149,474,-325
110000096,1289,1581,-292
110000097,1055,1354,-299
110000098,1627,513,1114
110000099,660,1323,-663
110000100,980,357,623
110000101,30,195,-165
110000102,77,58,19
110000104,382,146,236
110000105,41,233,-192
110000106,524,454,70
110000107,237,297,-60
110000108,167,98,69
110000109,252,207,45
110000110,1583,1169,414
110000111,2023,1922,101
110000112,864,1069,-205
110000113,246,1898,-1652
110000114,255,467,-212
110000115,383,249,134
110000116,62,54,8
110000117,287,193,94
110000118,440,129,311
110000119,216,176,40
110000120,286,131,155
110000121,94,274,-180
110000122,968,408,560
110000123,483,489,-6
110000124,0,613,-613
110000125,880,5,875
110000126,287,20,267
110000127,1018,37,981
110000128,15,827,-812
110000129,5,468,-463
110000130,304,143,161
110000131,122,400,-278
110000132,2,696,-694
110000133,14,339,-325
110000134,17,315,-298
110000135,175,42,133
110000136,72,192,-120
110000137,572,381,191
110000138,647,397,250
110000139,950,744,206
110000140,859,634,225
110000143,511,326,185
110000144,3696,1311,2385
110000145,1610,804,806
110000146,1199,503,696
110000147,356,544,-188
110000148,522,175,347
110000151,812,1599,-787
110000152,1699,514,1185
110000153,103,17,86
110000154,11,27,-16
110000155,905,2962,-2057
110000156,925,1693,-768
110000157,1273,1615,-342
110000160,384,258,126
110000161,177,215,-38
110000166,464,88,376
110000167,800,455,345
110000168,829,453,376
110000169,778,392,386
110000170,116,64,52
110000171,454,118,336
110000172,163,511,-348
110000173,777,827,-50
110000174,88,578,-490
110000175,733,44,689
110000176,66,361,-295
110000177,203,857,-654
110000178,377,1273,-896
110000179,796,273,523
110000180,188,159,29
110000181,465,318,147
110000182,295,96,199
110000183,5341,5694,-353
110000184,256,2040,-1784
110000185,848,614,234
110000186,657,614,43
110000191,1173,235,938
110000192,540,7,533
110000193,848,7,841
110000194,13,593,-580
110000195,345,212,133
110000196,365,197,168
110000197,66,107,-41
110000198,123,60,63
110000199,82,153,-71
110000200,840,342,498
110000201,688,834,-146
110000202,1062,532,530
110000203,511,434,77
110000204,1,149,-148
110000205,151,40,111
110000206,469,808,-339
110000207,966,331,635
110000208,182,201,-19
110000209,90,696,-606
110000210,1224,416,808
110000211,884,671,213
110000212,350,830,-480
110000213,266,40,226
110000214,395,78,317
110000215,166,204,-38
110000216,83,178,-95
110000217,294,86,208
110000218,128,171,-43
110000219,303,50,253
110000220,58,155,-97
110000221,296,54,242
110000222,47,185,-138
110000223,4,180,-176
110000224,38,11,27
110000225,221,532,-311
110000226,221,54,167
110000227,705,698,7
110000228,300,117,183
110000229,1,204,-203
110000230,516,590,-74
110000231,179,202,-23
110000232,445,183,262
110000233,229,170,59
110000234,616,858,-242
110000235,778,887,-109
110000236,638,545,93
110000237,1959,1162,797
110000238,1104,1139,-35
110000239,1742,919,823
110000240,0,63,-63
110000242,0,18,-18
110000243,126,89,37
110000244,86,383,-297
110000245,49,360,-311
110000246,759,475,284
110000247,869,1682,-813
110000248,1664,392,1272
110000249,82,15,67
110000250,40,129,-89
110000251,287,309,-22
110000252,215,127,88
110000253,1108,574,534
110000254,550,740,-190
110000255,138,680,-542
110000256,404,230,174
110000257,536,205,331
110000258,8,369,-361
110000259,141,17,124
110000260,52,159,-107
110000263,514,56,458
110000264,267,259,8
110000265,1046,1475,-429
110000266,1293,2235,-942
110000267,23,131,-108
110000268,186,320,-134
110000269,7,42,-35
110000270,57,7,50
110000271,1035,217,818
110000272,947,845,102
110000273,2235,1387,848
110000274,137,1465,-1328
110000275,1507,470,1037
110000276,240,442,-202
110000277,290,328,-38
110000278,287,617,-330
110000279,696,744,-48
110000280,490,375,115
110000281,16,262,-246
110000282,184,16,168
110000283,35,88,-53
110000284,59,29,30
110000285,3,383,-380
110000286,14,0,14
110000287,47,2,45
110000288,15,46,-31
110000289,331,1656,-1325
110000290,626,572,54
110000291,1748,488,1260
110000292,1248,4203,-2955
110000293,677,1414,-737
110000294,902,890,12
110000295,905,1197,-292
110000296,374,274,100
110000297,2206,277,1929
110000298,175,396,-221
110000299,216,53,163
110000301,389,16,373
110000302,625,632,-7
110000303,441,4,437
110000304,227,169,58
110000305,1121,23,1098
110000306,152,551,-399
110000307,1543,6,1537
110000308,475,17,458
110000309,36,671,-635
110000310,549,49,500
110000311,45,1446,-1401
110000312,452,84,368
110000313,1991,2364,-373
110000314,2,141,-139
110000315,2281,2161,120
110000316,460,1124,-664
110000317,266,577,-311
110000318,6,49,-43
110000319,11,15,-4
110000320,22,23,-1
110000321,18,32,-14
110000322,203,243,-40
110000323,473,162,311
110000324,2277,920,1357
110000325,2058,2735,-677
110000327,360,222,138
110000328,222,423,-201
110000333,756,574,182
110000334,518,641,-123
110000335,760,445,315
110000336,974,829,145
110000337,2205,519,1686
110000338,430,171,259
110000339,274,181,93
110000340,79,133,-54
110000341,407,632,-225
110000342,248,1,247
110000343,4,29,-25
110000344,416,242,174
110000345,496,186,310
110000346,1629,1639,-10
110000347,1037,630,407
110000348,8,13,-5
110000349,15,12,3
110000350,37,5,32
110000351,981,629,352
110000352,624,1247,-623
110000353,2229,573,1656
110000354,1136,3396,-2260
110000355,93,72,21
110000356,611,2,609
110000357,488,17,471
110000361,20,28,-8
110000362,87,9,78
110000363,355,84,271
110000364,182,222,-40
110000365,121,0,121
110000366,8,65,-57
110000367,327,112,215
110000368,3,46,-43
110000369,71,1,70
110000373,2,170,-168
110000374,70,9,61
110000375,90,881,-791
110000376,34,61,-27
110000377,83,391,-308
110000378,14,368,-354
110000379,1927,1514,413
110000380,47,9,38
110000383,4,1128,-1124
110000384,1303,811,492
110000385,0,276,-276
110000387,79,14,65
110000388,28,168,-140
110000389,601,1,600
110000391,644,222,422
110000396,153,103,50
110000397,146,92,54
110000398,6,28,-22
110000399,133,3,130
110000587,140,66,74
110000589,194,119,75
110000640,136,36,100
110000652,58,400,-342
110000653,410,293,117
110000654,100,636,-536
110000656,1,348,-347
110000674,27,7,20
110000675,22,8,14
110000676,0,26,-26
110000679,305,1089,-784
110000682,128,171,-43
110000683,234,406,-172
110000684,4,23,-19
110000685,9,13,-4
110000686,2,27,-25
110000687,64,6,58
110000688,60,798,-738
110000689,43,29,14
110000692,42,110,-68
110000693,72,232,-160
110000694,0,110,-110
110000695,149,753,-604
110000696,47,55,-8
110000698,142,1356,-1214
110000699,974,341,633
110900001,163,4,159
110900002,336,137,199
110900003,663,325,338
110900004,401,96,305
110900005,1464,1953,-489
110900006,34,10,24
110900007,127,42,85
110900008,16,40,-24
110900009,347,101,246
110900010,20,51,-31
110900011,21,72,-51
110900012,18,77,-59
110900013,918,108,810
110900014,193,9,184
110900015,359,578,-219
110900016,60,123,-63
110900017,340,36,304
110900018,416,26,390
110900019,157,10,147
110900020,94,168,-74
110900021,85,302,-217
110900022,99,154,-55
110900023,57,421,-364
110900024,37,221,-184
110900025,17,53,-36
110900027,25,137,-112
110900028,27,70,-43
110900029,12,194,-182
110900030,33,113,-80
110900031,10,126,-116
110900032,0,77,-77
110900033,56,107,-51
110900035,19,325,-306
110900036,68,16,52
110900037,98,13,85
110900038,643,124,519
110900039,14,220,-206
110900040,204,19,185
110900041,14,54,-40
110900042,107,34,73
110900043,2,75,-73
110900044,167,29,138
110900045,49,243,-194
110900046,13,126,-113
110900047,295,253,42
110900049,61,63,-2
110900050,23,4,19
110900051,32,177,-145
110900052,3,95,-92
110900053,115,19,96
110900054,28,107,-79
110900055,23,0,23
110900056,94,65,29
110900057,1,73,-72
110900058,227,104,123
110900059,404,344,60
110900060,408,96,312
110900061,38,37,1
110900062,155,151,4
110900063,37,106,-69
110900064,12,0,12
110900065,278,107,171
110900066,10,50,-40
110900067,166,547,-381
110900068,208,155,53
110900069,10,16,-6
110900070,82,46,36
110900071,189,492,-303
110900073,0,26,-26
110900074,394,75,319
110900075,341,63,278
110900077,723,464,259
110900078,29,33,-4
110900079,1688,978,710
110900080,109,59,50
110900081,27,40,-13
110900082,124,76,48
110900083,123,41,82
110900084,47,54,-7
110900085,37,170,-133
110900086,74,264,-190
110900087,340,53,287
110900088,11,2,9
110900090,33,56,-23
110900091,1,38,-37
110900093,209,90,119
110900095,48,19,29
110900097,17,10,7
110900098,29,60,-31
110900099,39,321,-282
110900100,0,13,-13
110900102,41,15,26
110900105,652,196,456
110900108,19,38,-19
110900111,386,140,246
110900112,768,8,760
110900113,315,23,292
110900115,9,36,-27
110900116,648,1000,-352
110900118,75,2818,-2743
110900119,1973,132,1841
110900120,19,56,-37
110900121,119,0,119
110900122,426,158,268
110900125,347,335,12
110900127,386,899,-513
110900128,288,320,-32
110900129,247,671,-424
110900130,792,580,212
110900131,150,32,118
110900132,314,32,282
110900133,46,114,-68
110900135,68,175,-107
110900136,309,16,293
110900138,5,14,-9
110900139,7,4,3
110900140,0,0,0
110900141,376,346,30
110900142,55,114,-59
110900143,121,62,59
110900144,1,522,-521
110900145,151,73,78
110900146,311,212,99
110900147,122,264,-142
110900148,3,177,-174
110900149,0,47,-47
110900150,36,17,19
110900151,10,66,-56
110900152,32,142,-110
110900153,145,53,92
111000001,637,560,77
111000002,656,613,43
111000003,1422,597,825
111000004,419,828,-409
111000005,1322,980,342
111000006,784,1464,-680
111000007,3324,2711,613
111000008,1683,2401,-718
111000009,422,637,-215
111000010,698,174,524
111000011,349,1063,-714
111000012,635,321,314
111000013,471,906,-435
111000014,1376,455,921
111000017,105,757,-652
111000018,222,301,-79
111000020,439,1236,-797
111000021,64,87,-23
111000023,96,63,33
111000025,3316,3282,34
111000029,83,108,-25
111000030,14,80,-66
111000031,1766,941,825
111000032,558,285,273
111000033,202,265,-63
111000034,114,281,-167
111000037,337,204,133
111000038,2760,1422,1338
111000039,1444,1253,191
111000040,1550,1490,60
111000041,1223,1079,144
111000042,1834,1609,225
111000043,1571,3032,-1461
111000044,1649,1020,629
111000045,2145,1759,386
111000046,1360,1274,86
111000047,2465,3478,-1013
111000049,385,342,43
111000050,1066,1046,20
111000051,412,714,-302
111000052,529,1270,-741
111000053,293,584,-291
111000054,347,537,-190
111000055,175,575,-400
111000056,475,429,46
111000057,134,361,-227
111000058,461,56,405
111000059,596,227,369
111000060,3634,836,2798
111000061,534,294,240
111000062,850,273,577
111000063,1599,868,731
111000064,647,483,164
111000065,1061,819,242
111000066,478,317,161
111000067,512,463,49
111000068,708,841,-133
111000069,1522,1540,-18
111000070,977,808,169
111000071,256,429,-173
111000072,1275,503,772
111000073,339,1003,-664
111000074,1440,1423,17
111000075,1012,553,459
111000076,553,433,120
111000077,1489,1454,35
111000078,2583,1196,1387
111000079,1042,595,447
111000080,543,523,20
111000081,1405,3781,-2376
111000082,673,525,148
111000084,779,463,316
111000085,764,782,-18
111000086,1699,711,988
111000087,690,398,292
111000088,3452,2052,1400
111000089,635,629,6
111000090,656,1040,-384
111000091,768,368,400
111000092,1212,672,540
111000093,717,918,-201
111000094,1735,916,819
111000095,628,1954,-1326
111000096,1254,6567,-5313
111000097,3296,1463,1833
111000098,943,1030,-87
111000099,563,1184,-621
111000100,400,1078,-678
111000101,401,682,-281
111000102,221,414,-193
111000104,637,141,496
111000107,111,659,-548
111000109,745,199,546
111000110,1350,572,778
111000111,2358,445,1913
111000112,1762,548,1214
111000113,996,1481,-485
111000114,1864,3147,-1283
111000115,3937,988,2949
111000116,868,611,257
111000117,378,744,-366
111000118,1236,704,532
111000119,1097,728,369
111000120,473,525,-52
111000121,358,591,-233
111000122,421,849,-428
111000123,632,921,-289
111000124,456,1708,-1252
111000125,321,1117,-796
111000126,731,1289,-558
111000127,1035,157,878
111000128,2038,307,1731
111000129,2475,391,2084
111000130,2061,491,1570
111000131,1759,458,1301
111000132,1553,762,791
111000133,162,74,88
111000134,138,74,64
111000135,51,101,-50
111000136,388,296,92
111000138,24,3,21
111000140,6,7,-1
111000141,124,229,-105
111000142,10,160,-150
111000143,6,268,-262
111000144,35,1215,-1180
111000145,613,11,602
111000146,131,16,115
111000147,181,52,129
111000148,143,62,81
111000149,1,41,-40
111000150,29,3,26
111000151,3,17,-14
111000153,493,613,-120
111000154,607,185,422
111000155,91,151,-60
111000156,504,569,-65
111000157,220,850,-630
111000158,764,745,19
111000159,2532,722,1810
111000160,490,363,127
111000161,19,257,-238
111000162,51,112,-61
111000163,796,568,228
111000164,477,2304,-1827
111000165,836,371,465
111000166,1330,246,1084
111000167,164,267,-103
111000168,202,344,-142
111000169,283,483,-200
111000170,380,343,37
111000171,441,389,52
111000172,167,307,-140
111000173,395,552,-157
111000174,227,272,-45
111000175,40,183,-143
111000176,339,104,235
111000177,352,178,174
111000178,1241,217,1024
111000179,284,140,144
111000180,203,416,-213
111000181,1296,192,1104
111000182,203,119,84
111000183,318,293,25
111000184,353,206,147
111000185,287,284,3
111000186,242,188,54
111000187,117,139,-22
111000188,230,256,-26
111000189,717,397,320
111000190,167,209,-42
111000191,168,204,-36
111000192,194,341,-147
111000193,272,227,45
111000194,45,235,-190
111000195,195,227,-32
111000196,88,172,-84
111000197,442,106,336
111000198,733,73,660
111000199,251,134,117
111000200,441,302,139
111000201,620,195,425
111000202,252,188,64
111000203,339,304,35
111000204,487,1248,-761
111000213,249,365,-116
111000214,1236,1036,200
111000215,1059,1013,46
111000217,1370,609,761
111000218,1123,846,277
111000219,340,176,164
111000220,1019,481,538
111000221,497,66,431
111000224,62,217,-155
111000225,507,351,156
111000226,97,4,93
111000227,37,4,33
111000228,22,341,-319
111000229,33,859,-826
111000230,202,238,-36
111000231,911,517,394
111000232,627,668,-41
111000233,980,677,303
111000234,132,409,-277
111000239,90,90,0
111000240,61,158,-97
111000241,33,178,-145
111000242,175,49,126
111000243,186,355,-169
111000244,570,92,478
111000245,1002,249,753
111000246,455,249,206
111000247,363,592,-229
111000248,656,295,361
111000249,427,462,-35
111000250,70,54,16
111000251,30,76,-46
111000253,15,5,10
111000255,45,19,26
111000257,47,20,27
111000260,49,572,-523
111000261,1197,110,1087
111000271,63,287,-224
111000273,2224,982,1242
111000274,1264,1762,-498
111000275,192,47,145
111000276,963,1990,-1027
111000277,161,275,-114
111000278,622,193,429
111000291,937,5722,-4785
111000298,523,168,355
111000299,645,126,519
111000300,120,470,-350
111000302,280,84,196
111000303,81,152,-71
111000312,65,60,5
111000315,18,76,-58
111000320,285,433,-148
111000321,346,108,238
111000322,250,310,-60
111000323,276,23,253
111000324,367,149,218
111000325,37,64,-27
111000326,152,246,-94
111000327,426,218,208
111000328,266,457,-191
111000329,0,35,-35
111000330,77,7,70
111000331,14,5,9
111000332,428,1035,-607
111000334,270,964,-694
111000335,1182,220,962
111000337,1240,312,928
111000338,107,87,20
111000339,666,183,483
111000340,124,366,-242
111000341,1135,563,572
111000342,173,1073,-900
111000344,985,460,525
111000345,153,97,56
111000346,29,137,-108
111000347,141,26,115
111000350,207,92,115
111000351,117,263,-146
111000352,169,94,75
111000353,138,217,-79
111000354,439,159,280
111000355,297,483,-186
111000358,189,684,-495
111000360,178,363,-185
111000361,154,178,-24
111000546,799,481,318
111000547,316,308,8
111000548,114,202,-88
111000549,321,161,160
111000550,103,760,-657
111000551,596,150,446
111000552,918,184,734
111000907,437,8,429
111000908,37,1,36
111000916,1715,200,1515
111000917,28,285,-257
111000918,210,433,-223
111000920,592,7,585
111000921,14,151,-137
111000922,437,187,250
111000924,44,698,-654
111000925,2713,1490,1223
111000926,975,1262,-287
111000927,2614,3349,-735
111000928,3518,2206,1312
111000929,1407,1051,356
111000930,854,1665,-811
111000931,1879,2186,-307
111000932,3023,1523,1500
111000933,3138,2175,963
111000934,1637,2409,-772
111000935,1517,812,705
111000936,965,1579,-614
111000937,1148,1126,22
111000938,1379,1310,69
111000939,517,56,461
111000940,503,135,368
111000941,468,286,182
111000943,479,163,316
111000944,135,254,-119
111000945,72,969,-897
111001109,370,346,24
111001110,154,365,-211
111001111,81,6,75
111001112,67,0,67
111001113,2,141,-139
111001114,494,146,348
111001115,50,526,-476
111001116,3108,3335,-227
111001117,437,2279,-1842
111001120,136,179,-43
111001121,183,177,6
111001122,203,301,-98
111001123,318,82,236
111001124,171,128,43
111001125,5,148,-143
111001126,0,0,0
111001127,0,28,-28
111001128,585,499,86
111900001,1,150,-149
111900002,2,336,-334
111900003,4,200,-196
111900004,20,71,-51
111900006,13,48,-35
111900007,130,3,127
111900008,147,1,146
111900009,106,1,105
111900010,272,270,2
111900012,66,57,9
111900013,0,11,-11
111900014,2791,3632,-841
111900015,0,46,-46
111900016,0,72,-72
111900017,1,77,-76
111900018,291,6,285
111900019,3,95,-92
111900020,3,43,-40
111900021,41,76,-35
111900022,70,53,17
111900023,81,58,23
111900024,7,79,-72
111900025,0,49,-49
111900026,0,74,-74
111900027,1,115,-114
111900028,23,271,-248
111900029,3,49,-46
111900030,34,236,-202
111900032,2,182,-180
111900033,11,66,-55
111900034,287,340,-53
111900035,42,153,-111
111900036,0,136,-136
111900038,224,409,-185
111900039,42,238,-196
111900040,0,301,-301
111900042,49,117,-68
111900043,0,181,-181
111900044,268,126,142
111900046,37,79,-42
111900048,159,330,-171
111900049,31,153,-122
111900050,125,22,103
111900051,1,118,-117
111900052,374,281,93
111900053,622,1242,-620
111900054,113,4,109
111900055,3,173,-170
111900056,105,286,-181
111900057,137,69,68
111900058,555,285,270
111900059,1072,572,500
111900060,282,6,276
111900061,4,58,-54
111900062,29,55,-26
111900063,232,171,61
111900064,72,74,-2
111900065,85,13,72
111900066,107,120,-13
111900067,1,206,-205
111900068,56,50,6
111900069,84,18,66
111900070,135,70,65
111900071,2,127,-125
111900072,46,13,33
111900073,980,133,847
111900074,11,97,-86
111900075,73,7,66
111900076,193,72,121
111900077,46,0,46
111900078,240,25,215
111900079,45,11,34
111900080,191,201,-10
111900082,112,33,79
111900083,145,13,132
111900084,96,19,77
111900085,36,71,-35
111900086,26,7,19
111900087,65,0,65
111900088,463,2,461
111900089,99,5,94
111900090,54,20,34
111900091,202,1,201
111900092,134,3,131
111900093,376,8,368
111900094,147,2,145
111900095,216,18,198
111900096,149,1,148
111900097,61,0,61
111900098,229,3,226
111900099,72,1,71
111900100,123,7,116
111900101,77,25,52
111900102,464,312,152
111900103,52,93,-41
111900104,140,90,50
111900105,189,148,41
111900106,463,23,440
111900110,1111,290,821
111900111,178,66,112
111900112,339,2819,-2480
111900113,233,85,148
111900118,316,66,250
111900119,318,108,210
111900122,89,48,41
111900123,39,26,13
111900124,7,45,-38
111900125,433,23,410
111900126,277,3,274
111900127,1,621,-620
111900128,2,328,-326
111900129,217,13,204
111900130,128,19,109
111900131,450,2,448
111900132,26,601,-575
111900133,20,207,-187
111900134,6,158,-152
111900135,9,26,-17
111900136,77,122,-45
111900137,56,45,11
111900138,10,58,-48
111900139,9,60,-51
111900140,114,26,88
111900141,38,12,26
111900142,116,47,69
111900143,51,59,-8
111900144,4,87,-83
111900145,1,302,-301
111900146,1,164,-163
111900147,109,231,-122
111900148,24,379,-355
111900149,3,145,-142
111900150,17,65,-48
111900151,11,11,0
111900152,62,51,11
111900153,860,635,225
111900154,12,312,-300
111900155,36,80,-44
111900156,67,69,-2
111900157,105,23,82
111900158,671,60,611
111900159,393,21,372
111900160,320,1,319
111900161,172,0,172
111900162,48,173,-125
111900163,22,141,-119
111900164,96,49,47
111901113,406,136,270
111901114,151,162,-11
111901115,56,6,50
111901116,30,2,28
111901117,44,23,21
111901118,47,170,-123
111901119,422,50,372
111901121,107,130,-23
111901122,1,291,-290
111901123,103,184,-81
111901124,153,2,151
111901125,509,173,336
111901127,277,337,-60
111901128,5,42,-37
111901129,11,91,-80
111901130,8,58,-50
111901131,0,206,-206
111901132,117,35,82
111901133,45,1,44
111901134,64,0,64
111901135,18,7,11
111901138,230,33,197
111901139,29,21,8
111901140,9,56,-47
111901141,9,94,-85
111901142,2,84,-82
111901143,1,52,-51
111901144,34,41,-7
111901145,124,250,-126
111901146,267,16,251
111901147,342,188,154
111901148,15,47,-32
111901149,11,5,6
111901150,26,0,26
111901151,0,0,0
111901152,4,17,-13
112000001,1483,562,921
112000002,572,1533,-961
112000003,1335,825,510
112000004,616,599,17
112000005,3368,3458,-90
112000006,1814,1017,797
112000007,3363,2090,1273
112000008,2269,3519,-1250
112000009,2395,2169,226
112000010,2707,2897,-190
112000011,1291,1271,20
112000012,3168,3823,-655
112000013,2512,2306,206
112000014,1773,2222,-449
112000015,2238,2728,-490
112000016,3090,1479,1611
112000017,1205,2744,-1539
112000024,1780,611,1169
112000026,1995,2650,-655
112000027,680,635,45
112000028,792,1051,-259
112000029,490,602,-112
112000030,112,54,58
112000031,980,3721,-2741
112000032,194,30,164
112000033,1388,1835,-447
112000034,137,20,117
112000035,54,395,-341
112000036,460,874,-414
112000037,802,734,68
112000038,1021,1025,-4
112000039,101,61,40
112000040,45,201,-156
112000041,423,366,57
112000042,768,288,480
112000050,1184,1154,30
112000051,1001,1231,-230
112000054,1140,1170,-30
112000057,468,321,147
112000058,302,407,-105
112000059,392,513,-121
112000061,2082,1425,657
112000062,1111,681,430
112000063,646,1556,-910
112000064,2705,3830,-1125
112000065,1392,1771,-379
112000066,3453,1379,2074
112000067,591,607,-16
112000068,3052,2457,595
112000069,547,1177,-630
112000070,1528,947,581
112000071,760,1823,-1063
112000072,2173,583,1590
112000073,1079,1462,-383
112000074,1226,911,315
112000075,1393,1034,359
112000076,2987,2018,969
112000077,767,401,366
112000078,1824,552,1272
112000079,1366,1101,265
112000080,757,584,173
112000081,1153,1870,-717
112000082,1293,556,737
112000083,503,858,-355
112000084,1145,543,602
112000085,1034,704,330
112000086,1646,821,825
112000087,543,513,30
112000088,742,328,414
112000089,291,278,13
112000090,241,212,29
112000091,518,625,-107
112000092,1867,843,1024
112000093,1507,676,831
112000094,587,658,-71
112000095,648,664,-16
112000096,591,519,72
112000097,1222,506,716
112000098,733,676,57
112000099,727,1489,-762
112000100,1672,611,1061
112000101,525,558,-33
112000102,1353,538,815
112000103,353,557,-204
112000105,703,1014,-311
112000106,1988,406,1582
112000107,98,153,-55
112000108,381,1085,-704
112000109,202,94,108
112000110,1824,594,1230
112000111,740,2391,-1651
112000112,2569,547,2022
112000113,599,1132,-533
112000114,1895,722,1173
112000115,441,434,7
112000116,574,703,-129
112000117,1234,819,415
112000118,872,620,252
112000119,348,500,-152
112000120,56,263,-207
112000121,119,329,-210
112000122,354,158,196
112000123,823,153,670
112000124,444,66,378
112000125,268,186,82
112000126,296,329,-33
112000127,1661,1761,-100
112000128,539,565,-26
112000129,127,79,48
112000130,195,85,110
112000131,52,232,-180
112000132,146,225,-79
112000133,369,133,236
112000134,414,318,96
112000135,1090,614,476
112000136,799,1035,-236
112000137,1697,1540,157
112000138,1563,1038,525
112000139,743,591,152
112000140,818,951,-133
112000141,848,382,466
112000142,167,451,-284
112000143,1165,174,991
112000144,284,831,-547
112000145,2559,474,2085
112000146,496,1220,-724
112000147,2596,1481,1115
112000148,1260,1488,-228
112000149,413,426,-13
112000150,275,390,-115
112000151,370,210,160
112000152,357,288,69
112000153,170,172,-2
112000154,138,171,-33
112000155,104,112,-8
112000157,487,410,77
112000158,279,299,-20
112000159,523,282,241
112000167,387,87,300
112000169,197,361,-164
112000173,730,180,550
112000175,370,287,83
112000176,1643,1387,256
112000177,688,188,500
112000178,67,240,-173
112000179,236,76,160
112000180,262,259,3
112000181,1107,1226,-119
112000182,1070,832,238
112000183,24,29,-5
112000184,354,243,111
112000185,583,296,287
112000187,3194,1886,1308
112000195,128,36,92
112000196,243,1,242
112000197,179,181,-2
112000198,26,278,-252
112000199,891,621,270
112000202,483,0,483
112000216,55,167,-112
112000230,81,6,75
112000231,4,199,-195
112000256,57,240,-183
112000313,54,92,-38
112000314,52,29,23
112000337,422,498,-76
112000352,227,348,-121
112000392,1129,985,144
112000398,1286,696,590
112000399,1329,2144,-815
112000400,1082,1375,-293
112000401,2600,1696,904
112000402,2800,2889,-89
112000403,1390,2763,-1373
112000404,1019,761,258
112000405,1880,2413,-533
112000406,2440,1730,710
112000407,7070,7042,28
112000408,5485,3615,1870
112000409,2235,3361,-1126
112000410,326,341,-15
112000411,2801,1331,1470
112000412,1160,468,692
112000413,5255,5402,-147
112000414,117,66,51
112000415,111,26,85
112000416,2771,1053,1718
112000417,295,69,226
112000421,44,103,-59
112000422,315,220,95
112000424,1399,2277,-878
112000425,405,596,-191
112000426,185,270,-85
112000427,0,12,-12
112000428,210,237,-27
112000429,1732,1808,-76
112000430,2113,2403,-290
112000431,113,102,11
112000432,497,829,-332
112000433,292,589,-297
112000437,53,143,-90
112900001,56,0,56
112900002,408,575,-167
112900003,48,300,-252
112900004,41,182,-141
112900005,208,166,42
112900007,27,107,-80
112900008,0,51,-51
112900009,392,165,227
112900010,326,618,-292
112900011,121,140,-19
112900012,1,30,-29
112900013,6,196,-190
112900014,4,178,-174
112900015,310,519,-209
112900016,28,176,-148
112900017,39,134,-95
112900018,263,468,-205
112900019,23,109,-86
112900020,319,730,-411
112900021,3,173,-170
112900022,22,56,-34
112900023,13,87,-74
112900024,18,145,-127
112900025,89,173,-84
112900026,35,165,-130
112900027,4,684,-680
112900028,29,71,-42
112900029,24,381,-357
112900030,77,78,-1
112900031,1,270,-269
112900032,190,232,-42
112900034,2,27,-25
112900035,1,295,-294
112900036,29,83,-54
112900037,117,211,-94
112900038,600,105,495
112900039,9,211,-202
112900040,12,552,-540
112900041,519,787,-268
112900042,77,159,-82
112900043,26,37,-11
112900044,390,304,86
112900045,204,254,-50
112900046,116,61,55
112900047,11,29,-18
112900049,247,62,185
112900050,23,345,-322
112900051,250,365,-115
112900052,2,537,-535
112900053,206,150,56
112900054,165,51,114
112900055,101,36,65
112900056,305,175,130
112900057,8,295,-287
112900058,232,251,-19
112900059,103,105,-2
112900060,18,106,-88
112900061,66,84,-18
112900062,86,93,-7
112900063,200,18,182
112900064,135,150,-15
112900065,28,32,-4
112900066,205,187,18
112900067,220,138,82
112900068,34,53,-19
112900069,1432,851,581
112900071,40,7,33
112900072,158,1888,-1730
112900073,347,90,257
112900074,71,295,-224
112900075,805,913,-108
112900076,69,23,46
112900078,243,445,-202
112900079,214,12,202
112900080,81,5,76
112900081,46,181,-135
112900082,421,44,377
112900083,144,110,34
112900084,217,125,92
112900086,107,3,104
112900087,736,137,599
112900088,147,13,134
112900089,768,37,731
112900090,81,31,50
112900091,240,6,234
112900092,114,295,-181
112900093,1003,24,979
112900095,56,3,53
112900096,469,137,332
112900097,79,256,-177
112900098,177,3,174
112900099,800,19,781
112900100,60,0,60
112900101,358,4,354
112900102,191,10,181
112900103,188,7,181
112900104,679,7,672
112900105,21,1,20
112900106,333,102,231
112900107,8,0,8
112900108,11,0,11
112900109,143,0,143
112900110,1229,18,1211
112900111,665,3,662
112900112,446,3,443
112900113,0,7,-7
112900114,148,22,126
112900115,1481,2,1479
112900116,147,2,145
112900117,106,57,49
112900118,27,57,-30
112900119,207,5,202
112900120,596,245,351
112900121,70,106,-36
112900122,12,43,-31
112900123,109,18,91
112900124,9,52,-43
112900125,45,271,-226
112900126,138,131,7
112900127,326,66,260
112900128,137,442,-305
112900129,0,461,-461
112900130,257,77,180
112900131,46,227,-181
112900132,89,349,-260
112900133,19,879,-860
112900134,0,147,-147
112900135,63,33,30
112900137,97,469,-372
112900138,10,135,-125
112900139,116,731,-615
112900141,642,34,608
112900142,52,175,-123
112900143,21,260,-239
112900144,3,542,-539
112900145,24,265,-241
112900146,4,738,-734
112900147,4,991,-987
112900148,43,0,43
112900149,183,399,-216
112900151,39,67,-28
112900152,3246,520,2726
112900153,1277,1843,-566
112900154,2,113,-111
112900155,135,44,91
112900156,499,764,-265
112900157,251,64,187
112900158,73,14,59
112900159,208,149,59
112900160,73,206,-133
112900161,105,48,57
112900162,31,29,2
112900163,61,57,4
112900164,55,176,-121
112900165,187,22,165
112900166,16,61,-45
112900167,11,65,-54
112900168,3,1,2
112900169,19,28,-9
112900170,254,78,176
112900172,36,16,20
112900173,144,81,63
112900174,206,29,177
112900175,122,126,-4
112900176,8,97,-89
112900177,282,51,231
112900178,659,2685,-2026
112900179,29,314,-285
112900180,1707,1040,667
112900181,550,2,548
112900182,58,605,-547
112900183,107,213,-106
112900184,389,302,87
112900185,169,505,-336
112900186,840,769,71
112900187,88,370,-282
112900188,476,593,-117
112900189,1,7,-6
112900190,22,33,-11
112900192,547,622,-75
112900193,980,289,691
112900194,71,50,21
112900195,628,39,589
112900196,198,204,-6
112900197,144,313,-169
112900199,358,150,208
112900200,425,161,264
112900201,154,93,61
112900202,320,489,-169
112900203,245,155,90
112900204,737,478,259
112900205,28,18,10
112900206,35,63,-28
112900207,33,0,33
112900208,106,287,-181
112900209,436,265,171
112900210,2,16,-14
112900211,67,27,40
112900212,0,118,-118
112900213,32,2,30
112900214,11,8,3
112900215,10,93,-83
112900216,10,46,-36
112900217,0,68,-68
112900218,109,2,107
112900219,81,1,80
112900220,3,0,3
112900221,1,63,-62
112900222,1,42,-41
112900223,848,28,820
112900224,343,313,30
112900225,456,204,252
112900226,172,234,-62
112900227,333,350,-17
112900228,74,29,45
112900229,226,35,191
112900230,4206,2607,1599
112900232,284,222,62
112900233,63,153,-90
112900234,10,47,-37
112900235,78,21,57
112900236,261,14,247
112900237,220,153,67
112900238,7,23,-16
112900239,592,446,146
112900240,5,36,-31
112900241,17,61,-44
112900242,17,66,-49
112900243,8,127,-119
112900244,8,48,-40
112900245,1,30,-29
112900246,2,28,-26
112900247,103,30,73
112900248,10,0,10
112900249,20,3,17
112900250,76,10,66
112900251,49,15,34
112900252,80,20,60
112900253,27,4,23
112900254,11,5,6
112900255,2,18,-16
112900256,1,39,-38
112900257,20,17,3
112900258,26,23,3
113000001,5028,3659,1369
113000002,3344,2815,529
113000003,1569,1248,321
113000004,1472,1866,-394
113000005,1454,767,687
113000006,1056,921,135
113000007,1555,771,784
113000008,1243,1256,-13
113000009,1049,662,387
113000010,1082,914,168
113000011,666,978,-312
113000012,1539,536,1003
113000013,1037,630,407
113000014,1146,1247,-101
113000015,289,167,122
113000016,302,736,-434
113000017,29,312,-283
113000018,349,45,304
113000019,76,278,-202
113000020,366,90,276
113000021,953,460,493
113000022,639,1027,-388
113000025,146,388,-242
113000026,461,437,24
113000027,400,550,-150
113000028,507,543,-36
113000029,699,526,173
113000030,271,421,-150
113000031,185,220,-35
113000032,202,232,-30
113000033,230,398,-168
113000034,233,246,-13
113000035,22,26,-4
113000036,26,48,-22
113000037,34,19,15
113000038,12,30,-18
113000039,51,419,-368
113000040,55,105,-50
113000042,561,450,111
113000051,866,1936,-1070
113000052,1870,637,1233
113000053,476,282,194
113000054,342,595,-253
113000055,1081,413,668
113000056,1011,753,258
113000058,647,818,-171
113000059,1107,395,712
113000060,247,431,-184
113000061,596,674,-78
113000062,555,274,281
113000063,229,72,157
113000064,56,167,-111
113000065,186,543,-357
113000066,715,90,625
113000067,1937,888,1049
113000068,338,870,-532
113000069,504,707,-203
113000070,2174,747,1427
113000071,359,429,-70
113000072,746,316,430
113000073,244,965,-721
113000074,845,289,556
113000075,1369,499,870
113000076,493,1986,-1493
113000077,880,622,258
113000078,597,1739,-1142
113000079,482,762,-280
113000080,637,648,-11
113000081,552,733,-181
113000082,857,599,258
113000083,516,736,-220
113000084,1280,826,454
113000085,763,692,71
113000086,962,880,82
113000087,951,977,-26
113000088,1637,1017,620
113000089,941,1250,-309
113000090,223,446,-223
113000091,412,330,82
113000094,1131,194,937
113000095,212,586,-374
113000096,143,460,-317
113000097,913,312,601
113000098,90,44,46
113000099,823,331,492
113000100,137,273,-136
113000101,279,448,-169
113000102,501,473,28
113000103,1530,322,1208
113000104,502,1771,-1269
113000105,880,316,564
113000106,320,284,36
113000107,932,602,330
113000108,654,752,-98
113000109,605,1521,-916
113000110,1791,400,1391
113000111,243,531,-288
113000112,367,292,75
113000113,1128,278,850
113000114,264,1180,-916
113000116,495,269,226
113000117,605,108,497
113000118,76,338,-262
113000119,406,252,154
113000120,72,201,-129
113000121,386,676,-290
113000124,222,138,84
113000125,73,623,-550
113000127,1690,207,1483
113000128,593,321,272
113000129,368,500,-132
113000133,1512,1009,503
113000134,5,1056,-1051
113000135,3545,4070,-525
113000137,1265,2887,-1622
113000139,291,216,75
113000140,57,134,-77
113000141,196,234,-38
113000142,315,864,-549
113000143,218,186,32
113000144,273,511,-238
113000145,59,94,-35
113000146,111,52,59
113000147,144,54,90
113000148,201,94,107
113000149,80,65,15
113000150,416,202,214
113000151,37,42,-5
113000152,26,55,-29
113000153,884,348,536
113000154,504,1201,-697
113000155,296,501,-205
113000156,111,299,-188
113000157,296,529,-233
113000158,547,215,332
113000159,781,468,313
113000160,576,705,-129
113000161,264,252,12
113000162,652,247,405
113000163,87,69,18
113000164,35,44,-9
113000166,174,66,108
113000167,26,61,-35
113000168,46,64,-18
113000169,216,73,143
113000170,97,125,-28
113000171,52,58,-6
113000172,299,64,235
113000173,89,26,63
113000174,115,293,-178
113000175,319,90,229
113000176,484,154,330
113000177,153,255,-102
113000178,119,188,-69
113000179,283,169,114
113000180,438,952,-514
113000181,1066,666,400
113000182,162,313,-151
113000183,93,497,-404
113000184,9,64,-55
113000189,318,646,-328
113000190,540,408,132
113000192,847,2404,-1557
113000193,1951,2064,-113
113000194,905,1130,-225
113000195,1246,1056,190
113000196,224,80,144
113000197,974,985,-11
113000198,80,190,-110
113000199,1114,311,803
113000201,189,318,-129
113000202,3302,683,2619
113000203,176,148,28
113000204,730,2202,-1472
113000205,9,13,-4
113000206,5,19,-14
113000207,72,17,55
113000208,51,27,24
113000209,13,21,-8
113000210,1,11,-10
113000211,175,269,-94
113000212,67,31,36
113000213,21,118,-97
113000214,128,179,-51
113000234,172,593,-421
113000410,150,166,-16
113000411,1694,3141,-1447
113000412,3765,1910,1855
113000413,1803,2372,-569
113000414,3520,10678,-7158
113000415,1773,2067,-294
113000416,5058,2917,2141
113000417,2204,1991,213
113000418,4323,3107,1216
113000419,1375,1482,-107
113000420,3345,4710,-1365
113000421,3374,5592,-2218
113000422,8564,8128,436
113000423,1379,4312,-2933
113000424,2106,8483,-6377
113000425,5,53,-48
113000428,88,19,69
113000430,8,118,-110
113000432,1956,169,1787
113000433,125,525,-400
113000434,20,114,-94
113000435,52,348,-296
113000436,26,730,-704
113000437,878,43,835
113000438,321,13,308
113000439,25,68,-43
113000440,133,35,98
113000441,165,185,-20
113000442,137,86,51
113000443,235,138,97
113000444,189,125,64
113000445,111,85,26
113000446,31,78,-47
113000448,186,139,47
113000449,119,619,-500
113000450,439,1607,-1168
113000451,1213,160,1053
113000452,229,380,-151
113000453,63,334,-271
113000454,359,102,257
113000455,34,342,-308
113000456,2487,1853,634
113000468,1011,108,903
113000469,76,73,3
113000470,282,9,273
113000471,12,328,-316
113000472,74,234,-160
113000474,825,560,265
113000475,1315,1329,-14
113000476,1566,1550,16
113000477,3272,1728,1544
113000478,3051,3690,-639
113000479,83,138,-55
113000484,0,0,0
113000485,0,1,-1
113000486,7,0,7
113000487,0,0,0
113000488,1,2,-1
113000489,0,6,-6
113000490,0,3,-3
113000491,1,1,0
113000492,2,2,0
113000493,0,0,0
113000495,162,115,47
113000496,99,85,14
113000497,0,0,0
113000499,0,0,0
113900001,1,219,-218
113900002,2,32,-30
113900003,0,33,-33
113900004,1,38,-37
113900005,0,34,-34
113900006,0,32,-32
113900007,5,0,5
113900008,7,0,7
113900009,18,0,18
113900010,25,0,25
113900011,56,0,56
113900012,33,1,32
113900013,68,3,65
113900014,396,0,396
113900015,17,23,-6
113900016,21,0,21
113900017,2,30,-28
113900018,256,137,119
113900019,167,54,113
113900020,127,0,127
113900022,23,0,23
113900023,8,0,8
113900024,49,23,26
113900025,189,17,172
113900026,49,1,48
113900027,3,17,-14
113900028,36,353,-317
113900029,59,135,-76
113900030,225,2,223
113900031,11,0,11
113900032,36,0,36
113900033,83,32,51
113900035,31,0,31
113900036,15,59,-44
113900037,155,459,-304
113900038,48,92,-44
113900039,130,7,123
113900040,10,3,7
113900041,7,2,5
113900042,61,43,18
113900043,116,80,36
113900044,271,277,-6
113900045,54,2,52
113900046,207,393,-186
113900047,46,83,-37
113900048,178,94,84
113900049,393,254,139
113900050,183,247,-64
113900051,197,250,-53
113900052,126,102,24
113900053,393,428,-35
113900054,8,2,6
113900055,53,262,-209
113900056,41,121,-80
113900057,24,29,-5
113900058,61,106,-45
113900059,199,214,-15
113900060,112,124,-12
113900061,449,177,272
113900062,71,5,66
113900063,49,72,-23
113900064,7,86,-79
113900065,343,16,327
113900066,385,202,183
113900067,176,292,-116
113900068,325,334,-9
113900069,24,24,0
113900070,112,295,-183
113900071,71,40,31
113900072,64,81,-17
113900073,244,210,34
113900074,420,540,-120
113900075,1001,994,7
113900076,104,14,90
113900077,43,133,-90
113900078,17,44,-27
113900079,0,20,-20
113900080,356,135,221
113900081,53,90,-37
113900082,104,143,-39
113900083,328,193,135
113900084,217,87,130
113900085,36,217,-181
113900086,26,12,14
113900087,52,137,-85
113900088,50,121,-71
113900089,284,21,263
113900090,470,214,256
113900091,21,13,8
113900092,20,81,-61
113900093,59,708,-649
113900094,400,230,170
113900095,133,92,41
113900096,317,49,268
113900097,46,73,-27
113900098,594,73,521
113900099,0,21,-21
113900100,0,0,0
113900101,13,55,-42
113900102,102,139,-37
113900103,235,261,-26
113900104,100,154,-54
113900105,123,121,2
113900106,1,33,-32
113900107,1,10,-9
113900108,149,183,-34
113900109,218,157,61
113900110,45,23,22
113900111,115,70,45
113900112,111,30,81
113900113,758,316,442
113900114,0,43,-43
113900115,0,57,-57
113900116,97,106,-9
113900117,64,29,35
113900118,154,440,-286
113900119,138,334,-196
113900120,69,125,-56
113900121,35,67,-32
113900122,280,1980,-1700
113900123,346,142,204
113900124,0,45,-45
113900125,595,86,509
113900126,88,21,67
113900127,222,533,-311
113900128,104,57,47
113900129,13,125,-112
113900130,0,46,-46
113900131,176,55,121
113900132,78,69,9
113900133,17,92,-75
113900135,264,174,90
113900136,88,38,50
113900137,226,196,30
113900138,34,95,-61
113900139,216,161,55
113900140,135,274,-139
113900141,476,152,324
113900142,118,44,74
113900143,10,39,-29
113900144,141,253,-112
113900145,295,119,176
113900146,96,46,50
113900148,97,237,-140
113900149,144,66,78
113900150,265,253,12
113900151,295,123,172
113900152,16,27,-11
113900153,127,298,-171
113900154,1,95,-94
113900155,137,149,-12
113900156,187,271,-84
113900157,35,227,-192
113900158,181,340,-159
113900159,9,244,-235
113900160,477,333,144
113900161,54,198,-144
113900162,277,603,-326
113900163,125,171,-46
113900164,224,54,170
113900165,614,261,353
113900166,98,141,-43
113900167,260,37,223
113900168,69,61,8
113900169,152,263,-111
113900171,140,46,94
113900172,8,118,-110
113900173,24,354,-330
113900174,387,437,-50
113900175,261,113,148
113900176,305,311,-6
113900177,311,128,183
113900178,246,100,146
113900179,28,263,-235
113900180,92,48,44
113900181,528,95,433
113900182,507,590,-83
113900183,33,47,-14
113900184,4,268,-264
113900185,129,71,58
113900186,24,11,13
113900187,24,95,-71
113900188,30,98,-68
113900189,210,142,68
113900190,169,59,110
113900191,54,107,-53
113900192,1142,1390,-248
113900193,14,144,-130
113900194,954,668,286
113900195,237,266,-29
113900196,68,106,-38
113900197,1,74,-73
113900198,27,235,-208
113900199,82,437,-355
113900200,9,140,-131
113900201,3,107,-104
113900202,13,124,-111
113900203,12,64,-52
113900204,29,349,-320
113900205,4,101,-97
113900206,4,115,-111
113900207,2,59,-57
113900208,0,44,-44
113900209,0,40,-40
113900210,420,486,-66
113900211,178,34,144
113900212,236,297,-61
113900214,250,319,-69
113900215,29,76,-47
113900216,129,496,-367
113900217,60,158,-98
113900218,145,85,60
113900219,81,266,-185
113900220,94,81,13
113900221,229,265,-36
113900222,861,665,196
113900223,189,569,-380
113900224,63,49,14
113900225,570,146,424
113900226,279,88,191
113900227,287,142,145
113900228,217,376,-159
113900229,52,685,-633
113900230,2599,2554,45
113900231,97,99,-2
113900232,42,64,-22
113900233,78,41,37
113900234,251,344,-93
113900235,78,13,65
113900236,161,191,-30
113900237,247,6,241
113900238,147,357,-210
113900239,41,88,-47
113900240,1,147,-146
113900241,127,40,87
113900242,36,110,-74
113900243,62,306,-244
113900244,185,127,58
113900245,829,203,626
113900246,13,15,-2
113900247,107,333,-226
113900248,1506,1336,170
113900249,550,337,213
113900250,58,122,-64
113900251,661,131,530
113900252,448,10,438
113900253,488,31,457
113900254,566,84,482
113900255,451,15,436
113900256,320,13,307
113900257,19,357,-338
113900258,14,255,-241
113900259,446,107,339
113900260,150,1,149
113900261,45,81,-36
113900262,145,352,-207
113900263,109,450,-341
113900264,2,302,-300
113900265,125,256,-131
113900266,32,118,-86
113900267,84,348,-264
113900268,226,342,-116
113900269,56,94,-38
113900270,248,525,-277
113900271,483,700,-217
113900273,70,11,59
113900274,86,42,44
113900275,38,45,-7
113900276,0,93,-93
113900277,109,0,109
113900278,203,126,77
113900279,56,60,-4
113900280,1253,402,851
113900281,375,958,-583
113900282,434,412,22
113900283,318,387,-69
113900284,599,153,446
113900285,117,37,80
113900286,21,82,-61
113900287,49,12,37
113900288,1,95,-94
113900289,510,95,415
113900290,218,244,-26
113900291,81,97,-16
113900292,10,2,8
113900293,59,159,-100
113900294,457,22,435
113900295,282,347,-65
113900296,704,181,523
113900297,1651,25,1626
113900298,13,1410,-1397
113900299,110,101,9
113900300,1692,1514,178
113900301,536,276,260
113900302,1732,655,1077
113900303,337,349,-12
113900304,0,94,-94
113900305,74,0,74
113900306,48,3,45
113900307,19,0,19
113900308,56,59,-3
113900309,1,307,-306
113900310,0,4,-4
113900311,7,16,-9
113900312,147,199,-52
113900313,8,7,1
113900314,1,11,-10
113900315,36,0,36
114000001,764,1555,-791
114000002,231,222,9
114000003,214,652,-438
114000004,406,486,-80
114000005,286,157,129
114000006,1367,1308,59
114000007,591,965,-374
114000008,1115,1481,-366
114000009,765,216,549
114000011,2451,1695,756
114000012,2463,1291,1172
114000013,1527,1043,484
114000014,608,321,287
114000015,1529,260,1269
114000016,175,162,13
114000017,121,295,-174
114000018,199,31,168
114000026,1891,885,1006
114000027,2981,1580,1401
114000028,1979,2155,-176
114000038,203,141,62
114000039,154,180,-26
114000040,126,152,-26
114000042,137,111,26
114000043,302,246,56
114000044,312,126,186
114000045,25,52,-27
114000046,2006,3173,-1167
114000047,16,85,-69
114000048,109,83,26
114000049,1203,1182,21
114000050,1329,1495,-166
114000051,2437,1594,843
114000052,3190,1766,1424
114000053,59,748,-689
114000054,146,697,-551
114000055,199,29,170
114000056,443,824,-381
114000057,3221,1435,1786
114000058,240,1167,-927
114000059,172,274,-102
114000060,456,675,-219
114000061,2204,2174,30
114000062,1176,1198,-22
114000063,1652,1043,609
114000064,3261,2896,365
114000065,1177,1648,-471
114000066,384,507,-123
114000067,23,566,-543
114000068,453,575,-122
114000069,677,430,247
114000070,1801,1408,393
114000071,554,316,238
114000072,407,162,245
114000073,9,35,-26
114000074,39,15,24
114000075,65,70,-5
114000076,32,77,-45
114000077,4,11,-7
114000078,280,411,-131
114000079,134,21,113
114000080,40,72,-32
114000081,84,67,17
114000082,31,253,-222
114000083,78,128,-50
114000084,228,97,131
114000085,97,342,-245
114000086,166,321,-155
114000087,110,111,-1
114000088,34,21,13
114000089,413,272,141
114000090,721,742,-21
114000091,994,633,361
114000092,798,357,441
114000093,1074,544,530
114000094,414,357,57
114000095,216,142,74
114000096,88,241,-153
114000097,128,376,-248
114000098,600,90,510
114000099,592,336,256
114000100,1473,392,1081
114000101,435,517,-82
114000102,491,223,268
114000103,136,247,-111
114000104,9,118,-109
114000105,105,73,32
114000106,466,959,-493
114000107,370,92,278
114000108,1178,669,509
114000109,593,1507,-914
114000110,550,1028,-478
114000111,1547,619,928
114000112,456,1532,-1076
114000113,1484,403,1081
114000114,965,1037,-72
114000115,2277,857,1420
114000116,781,1811,-1030
114000117,2800,449,2351
114000118,2497,389,2108
114000119,1763,389,1374
114000120,500,496,4
114000121,425,555,-130
114000122,353,290,63
114000123,1960,318,1642
114000124,854,225,629
114000125,711,827,-116
114000126,1488,169,1319
114000127,226,145,81
114000128,751,255,496
114000130,573,458,115
114000131,267,73,194
114000132,549,366,183
114000133,661,882,-221
114000134,90,80,10
114000138,28,136,-108
114000139,446,273,173
114000144,803,445,358
114000145,70,146,-76
114000146,93,94,-1
114000147,1203,1947,-744
114000148,1514,1543,-29
114000149,341,234,107
114000150,1045,1028,17
114000151,1242,2085,-843
114000152,56,38,18
114000153,726,1979,-1253
114000154,578,631,-53
114000155,1006,1977,-971
114000156,642,470,172
114000157,269,904,-635
114000158,946,495,451
114000159,159,311,-152
114000160,83,244,-161
114000161,1169,2351,-1182
114000162,964,2127,-1163
114000163,18,78,-60
114000165,433,328,105
114000166,507,323,184
114000167,2091,1222,869
114000168,443,246,197
114000169,1176,1031,145
114000170,1001,841,160
114000171,1027,4081,-3054
114000174,210,293,-83
114000176,411,424,-13
114000177,1179,512,667
114000178,25,46,-21
114000179,1066,708,358
114000180,502,691,-189
114000181,1302,2995,-1693
114000182,1418,1720,-302
114000183,689,603,86
114000184,1963,640,1323
114000185,1005,683,322
114000189,1002,99,903
114000190,2819,359,2460
114000191,66,94,-28
114000192,151,891,-740
114000193,450,1085,-635
114000194,1302,593,709
114000195,154,46,108
114000196,1,104,-103
114000197,1275,48,1227
114000198,563,277,286
114000199,1477,1404,73
114000200,522,1004,-482
114000201,123,537,-414
114000202,672,353,319
114000203,555,509,46
114000204,183,315,-132
114000205,184,804,-620
114000206,559,856,-297
114000207,474,957,-483
114000208,328,1407,-1079
114000209,503,1357,-854
114000210,189,755,-566
114000211,978,1275,-297
114000212,601,688,-87
114000213,1481,545,936
114000214,72,113,-41
114000215,137,40,97
114000216,1223,292,931
114000217,356,143,213
114000218,177,172,5
114000219,1045,141,904
114000220,25,629,-604
114000221,788,117,671
114000222,116,728,-612
114000223,436,133,303
114000224,72,406,-334
114000225,255,383,-128
114000226,151,204,-53
114000227,936,425,511
114000228,772,466,306
114000229,1142,909,233
114000230,1546,792,754
114000231,891,1158,-267
114000232,699,141,558
114000233,1962,119,1843
114000234,955,647,308
114000235,865,907,-42
114000236,1,240,-239
114000237,143,573,-430
114000238,173,179,-6
114000239,182,755,-573
114000240,742,633,109
114000241,207,636,-429
114000242,732,559,173
114000243,1434,685,749
114000244,876,237,639
114000245,402,705,-303
114000246,108,41,67
114000247,893,452,441
114000248,1122,416,706
114000249,552,439,113
114000250,545,750,-205
114000251,382,136,246
114000252,61,38,23
114000253,31,76,-45
114000254,63,37,26
114000255,564,162,402
114000256,776,1688,-912
114000257,465,989,-524
114000258,240,305,-65
114000259,94,176,-82
114000260,0,28,-28
114000261,34,17,17
114000262,172,105,67
114000263,11,1,10
114000264,1036,317,719
114000265,0,0,0
114000267,3,1234,-1231
114000268,1,819,-818
114000270,109,6,103
114000271,255,27,228
114000283,1050,318,732
114000285,13,123,-110
114000288,130,221,-91
114000289,1321,127,1194
114000293,198,321,-123
114000294,245,218,27
114000395,1151,21,1130
114000396,539,497,42
114000402,531,197,334
114000403,280,227,53
114000405,163,266,-103
114000423,304,230,74
114000424,404,81,323
114000425,853,194,659
114000426,293,766,-473
114000427,58,64,-6
114000428,136,119,17
114000429,12,135,-123
114000432,140,66,74
114000434,21,75,-54
114000435,1,122,-121
114900001,554,515,39
114900002,368,78,290
114900003,657,744,-87
114900004,209,315,-106
114900005,491,417,74
114900006,51,47,4
114900007,238,8,230
114900008,170,69,101
114900010,1397,1554,-157
114900011,158,117,41
114900013,174,91,83
114900018,632,8,624
114900020,199,118,81
114900022,1,457,-456
114900025,460,167,293
114900026,77,116,-39
114900029,134,15,119
114900030,322,135,187
114900031,392,29,363
114900032,284,19,265
114900034,54,189,-135
114900035,85,196,-111
114900036,137,393,-256
114900039,433,305,128
114900040,74,98,-24
114900041,740,313,427
114900042,862,361,501
114900044,159,30,129
114900047,195,1967,-1772
114900048,91,173,-82
114900049,25,133,-108
114900050,42,257,-215
114900051,28,224,-196
114900052,35,162,-127
114900053,127,222,-95
114900054,31,98,-67
114900057,181,20,161
114900058,0,59,-59
114900059,65,50,15
114900063,84,114,-30
114900064,1511,277,1234
114900065,422,511,-89
114900067,48,297,-249
114900068,53,150,-97
114900069,150,69,81
114900070,502,232,270
114900072,5,214,-209
114900073,2,118,-116
114900074,589,436,153
114900075,185,6,179
114900076,4,200,-196
114900080,1242,222,1020
114900082,2286,2051,235
114900083,764,845,-81
114900090,287,140,147
114900091,89,103,-14
114900097,158,0,158
114900098,6,153,-147
114900099,175,2,173
115000001,3849,2556,1293
115000002,3376,4017,-641
115000003,3498,1910,1588
115000004,4316,4936,-620
115000005,1371,1515,-144
115000006,1038,1231,-193
115000007,275,153,122
115000008,463,454,9
115000009,207,189,18
115000010,231,190,41
115000013,63,164,-101
115000015,105,292,-187
115000016,51,197,-146
115000019,43,334,-291
115000020,98,566,-468
115000021,203,342,-139
115000022,424,238,186
115000023,309,497,-188
115000024,714,302,412
115000025,765,566,199
115000026,132,290,-158
115000027,296,207,89
115000028,174,622,-448
115000029,521,69,452
115000030,643,825,-182
115000031,1188,179,1009
115000032,10,266,-256
115000033,198,29,169
115000034,56,871,-815
115000035,838,77,761
115000036,1,258,-257
115000037,505,12,493
115000038,44,140,-96
115000039,2621,2856,-235
115000040,3667,2300,1367
115000041,1227,2696,-1469
115000042,611,386,225
115000043,3750,1839,1911
115000044,3387,2566,821
115000045,2006,1036,970
115000046,2359,1857,502
115000047,2154,1130,1024
115000048,1436,1515,-79
115000049,1314,2079,-765
115000050,2712,1426,1286
115000051,1430,2662,-1232
115000052,1530,1309,221
115000053,1649,1529,120
115000054,543,822,-279
115000055,262,1040,-778
115000056,297,533,-236
115000057,466,1213,-747
115000058,251,433,-182
115000059,245,136,109
115000061,165,158,7
115000062,175,204,-29
115000063,377,212,165
115000064,234,55,179
115000065,60,397,-337
115000067,183,17,166
115000069,62,241,-179
115000070,22,657,-635
115000071,103,11,92
115000072,7,47,-40
115000073,1169,61,1108
115000075,90,53,37
115000076,2308,1855,453
115000077,1626,1343,283
115000078,1166,929,237
115000079,1086,1200,-114
115000080,2134,1496,638
115000081,370,552,-182
115000082,3487,2750,737
115000083,1770,1291,479
115000084,2200,897,1303
115000085,762,636,126
115000086,1156,575,581
115000087,424,1104,-680
115000088,1450,555,895
115000089,1171,827,344
115000090,371,724,-353
115000091,185,613,-428
115000092,603,357,246
115000093,415,3,412
115000094,4446,4758,-312
115000095,3277,5187,-1910
115000096,689,935,-246
115000097,1024,751,273
115000098,1141,520,621
115000099,2232,1650,582
115000100,1054,290,764
115000101,388,924,-536
115000102,460,205,255
115000103,253,494,-241
115000105,66,86,-20
115000106,617,247,370
115000107,215,316,-101
115000108,2112,1738,374
115000109,3154,3606,-452
115000110,1184,1193,-9
115000111,455,1079,-624
115000112,495,465,30
115000113,497,511,-14
115000114,1278,464,814
115000116,2818,1561,1257
115000117,2390,2361,29
115000118,1750,1300,450
115000119,1383,1563,-180
115000120,465,1140,-675
115000121,989,574,415
115000122,1776,1228,548
115000123,868,1743,-875
115000124,730,832,-102
115000125,432,534,-102
115000126,101,279,-178
115000127,264,93,171
115000128,394,726,-332
115000129,269,318,-49
115000130,343,571,-228
115000131,694,220,474
115000132,282,405,-123
115000133,597,319,278
115000134,290,186,104
115000135,269,154,115
115000136,288,236,52
115000137,112,132,-20
115000138,409,258,151
115000139,270,206,64
115000140,445,184,261
115000141,183,199,-16
115000142,138,150,-12
115000143,808,508,300
115000144,472,67,405
115000145,275,194,81
115000146,378,266,112
115000147,259,263,-4
115000148,196,596,-400
115000149,556,209,347
115000150,568,503,65
115000151,1004,332,672
115000152,554,526,28
115000153,1066,349,717
115000154,754,249,505
115000155,475,535,-60
115000156,876,503,373
115000157,453,513,-60
115000158,402,316,86
115000159,489,405,84
115000160,301,236,65
115000161,93,312,-219
115000162,572,620,-48
115000163,384,527,-143
115000164,602,530,72
115000165,304,369,-65
115000167,157,39,118
115000168,365,254,111
115000169,365,271,94
115000170,137,143,-6
115000171,291,222,69
115000172,954,529,425
115000173,318,485,-167
115000174,77,303,-226
115000175,212,51,161
115000176,84,82,2
115000177,56,42,14
115000178,14,182,-168
115000179,64,45,19
115000180,113,355,-242
115000181,641,119,522
115000182,898,217,681
115000183,345,564,-219
115000186,564,179,385
115000187,163,503,-340
115000188,324,351,-27
115000189,166,320,-154
115000190,575,306,269
115000191,105,383,-278
115000194,81,116,-35
115000195,215,215,0
115000196,184,83,101
115000197,212,189,23
115000198,329,131,198
115000199,317,136,181
115000200,352,74,278
115000201,169,225,-56
115000206,359,31,328
115000207,98,188,-90
115000208,300,374,-74
115000209,579,258,321
115000210,110,106,4
115000211,155,171,-16
115000212,1016,251,765
115000224,351,44,307
115000225,43,69,-26
115000229,136,82,54
115000230,80,220,-140
115000231,257,904,-647
115000232,1529,209,1320
115000233,109,112,-3
115000234,26,242,-216
115000241,80,127,-47
115000242,84,158,-74
115000243,50,122,-72
115000244,10,109,-99
115000246,70,15,55
115000247,37,14,23
115000248,44,7,37
115000249,17,9,8
115000250,229,18,211
115000251,230,77,153
115000252,94,164,-70
115000253,22,311,-289
115000258,244,72,172
115000259,212,96,116
115000261,24,21,3
115000262,16,27,-11
115000263,17,34,-17
115000264,22,43,-21
115000267,41,74,-33
115000268,27,101,-74
115000269,116,53,63
115000270,4,13,-9
115000272,72,97,-25
115000273,387,40,347
115000280,1436,456,980
115000281,252,1139,-887
115000282,429,567,-138
115000284,215,125,90
115000296,1045,10,1035
115000297,95,177,-82
115000298,50,483,-433
115000300,162,107,55
115000302,465,73,392
115000303,751,73,678
115000304,685,65,620
115000305,103,379,-276
115000306,146,238,-92
115000307,127,207,-80
115000308,27,8,19
115000310,974,478,496
115000311,960,832,128
115000313,126,363,-237
115000314,346,123,223
115000315,648,498,150
115000316,69,79,-10
115000317,182,294,-112
115000318,692,272,420
115000319,53,273,-220
115000320,10,251,-241
115000321,157,2,155
115000322,57,154,-97
115000449,139,156,-17
115000557,22,1145,-1123
115000558,273,116,157
115000587,531,247,284
115000588,1706,1807,-101
115000589,3268,1890,1378
115000590,908,998,-90
115000591,1481,535,946
115000592,464,1509,-1045
115000593,1304,499,805
115000594,513,2219,-1706
115000609,175,154,21
115000617,916,2472,-1556
115000624,223,50,173
115000633,313,1460,-1147
115000634,2159,613,1546
115000635,481,166,315
115000638,528,445,83
115000641,29,124,-95
115000642,285,196,89
115000643,93,395,-302
115000644,117,266,-149
115000646,655,1168,-513
115000647,167,362,-195
115000648,1832,1219,613
115000893,2175,1267,908
115000894,103,747,-644
115000895,351,795,-444
115000896,1077,335,742
115000897,449,123,326
115000898,308,165,143
115000899,263,887,-624
115000900,39,343,-304
115000901,43,84,-41
115000912,383,71,312
115000913,0,8,-8
115000915,13,0,13
115000916,6,1,5
115000917,0,6,-6
115000918,40,294,-254
115000919,5,10,-5
115000920,34,42,-8
115000921,404,83,321
115000922,758,671,87
115000923,307,1196,-889
115000925,112,76,36
115000927,50,56,-6
115000933,160,223,-63
115000934,117,161,-44
115000935,129,50,79
115000936,24,645,-621
115000937,764,151,613
115000938,125,255,-130
115000939,139,204,-65
115000940,14,15,-1
115000941,1,18,-17
115000942,17,79,-62
115000943,22,37,-15
115000944,2,5,-3
115900001,139,24,115
115900002,42,66,-24
115900003,114,66,48
115900004,1,22,-21
115900005,180,6,174
115900006,121,174,-53
115900008,70,3,67
115900009,49,111,-62
115900010,315,104,211
115900011,369,197,172
115900012,194,54,140
115900013,243,91,152
115900014,133,108,25
115900015,176,34,142
115900016,115,8,107
115900017,11,10,1
115900018,143,41,102
115900019,71,10,61
115900020,79,1,78
115900021,732,146,586
115900022,799,13,786
115900023,21,8,13
115900025,24,147,-123
115900026,594,113,481
115900027,0,335,-335
115900028,471,40,431
115900029,14,246,-232
115900030,20,38,-18
115900031,192,208,-16
115900032,442,439,3
115900033,1,26,-25
115900034,12,218,-206
115900035,41,22,19
115900036,46,721,-675
115900037,45,172,-127
115900038,57,3,54
115900039,124,98,26
115900041,302,526,-224
115900042,23,8,15
115900043,70,38,32
115900044,197,257,-60
115900046,271,153,118
115900047,132,173,-41
115900049,139,132,7
115900051,6,53,-47
115900052,7,129,-122
115900053,174,110,64
115900054,283,24,259
115900055,7,82,-75
115900056,135,154,-19
115900057,24,6,18
115900058,33,43,-10
115900060,71,45,26
115900061,288,0,288
115900062,49,216,-167
115900063,72,5,67
115900064,168,159,9
115900065,113,48,65
115900066,147,77,70
115900067,23,380,-357
115900068,1947,1068,879
115900069,24,112,-88
115900070,153,78,75
115900071,0,347,-347
115900072,24,97,-73
115900073,70,58,12
115900074,0,204,-204
115900075,23,168,-145
115900076,3,34,-31
115900077,13,165,-152
115900078,45,86,-41
115900079,205,18,187
115900080,252,132,120
115900081,5,58,-53
115900082,96,164,-68
115900084,473,16,457
115900085,56,79,-23
115900086,1005,406,599
115900088,19,49,-30
115900089,326,440,-114
115900090,319,10,309
115900091,17,35,-18
115900092,44,77,-33
115900093,19,25,-6
115900094,2,145,-143
115900096,2,12,-10
115900097,10,185,-175
115900098,185,242,-57
115900099,358,63,295
115900100,23,288,-265
115900101,135,148,-13
115900102,112,69,43
115900103,231,120,111
115900104,66,73,-7
115900105,238,323,-85
115900106,77,46,31
115900107,135,48,87
115900108,113,53,60
115900109,44,249,-205
115900110,0,13,-13
115900111,0,59,-59
115900112,48,468,-420
115900113,51,25,26
115900114,3,89,-86
115900115,41,94,-53
115900116,64,452,-388
115900117,88,20,68
115900118,7,185,-178
115900119,121,86,35
115900120,27,179,-152
115900121,168,143,25
115900124,277,492,-215
115900125,343,50,293
115900126,535,90,445
115900127,488,30,458
115900128,6,103,-97
115900129,464,44,420
115900130,17,178,-161
115900131,302,19,283
115900132,532,5,527
115900134,271,8,263
115900135,362,949,-587
115900137,40,2,38
115900139,40,57,-17
115900140,267,12,255
115900141,2,44,-42
115900142,8,31,-23
115900143,229,322,-93
115900144,100,135,-35
115900146,3,45,-42
115900147,154,212,-58
115900148,61,1,60
115900149,90,14,76
115900150,91,30,61
115900151,8,88,-80
115900152,109,221,-112
115900153,91,117,-26
115900154,320,248,72
115900155,0,25,-25
115900156,520,645,-125
115900157,192,334,-142
115900158,7,7,0
115900159,104,152,-48
115900160,5,8,-3
115900161,43,119,-76
115900163,179,92,87
115900164,438,4,434
115900166,124,85,39
115900168,86,88,-2
115900171,86,237,-151
115900172,67,96,-29
115900173,187,96,91
115900174,190,181,9
115900175,95,126,-31
115900178,2,376,-374
115900179,245,2,243
115900180,43,71,-28
115900181,152,116,36
115900182,314,105,209
115900183,43,19,24
115900184,858,16,842
115900187,12,84,-72
115900189,0,174,-174
115900190,247,972,-725
115900191,28,207,-179
115900192,4,117,-113
115900193,246,72,174
115900194,507,64,443
115900195,392,1825,-1433
115900198,161,186,-25
115900199,219,118,101
115900200,191,219,-28
115900201,383,313,70
115900202,2,51,-49
115900203,7,12,-5
115900204,0,12,-12
115900205,54,15,39
115900206,168,99,69
115900207,43,11,32
115900208,106,59,47
115900209,10,97,-87
115900210,2,97,-95
115900211,2,119,-117
115900212,97,131,-34
115900213,88,118,-30
115900214,436,98,338
115900215,26,192,-166
115900216,0,74,-74
115900217,7,33,-26
115900218,20,20,0
115900219,108,3,105
115900220,167,20,147
115900221,86,8,78
115900222,61,41,20
115900223,7,350,-343
115900224,691,1291,-600
115900225,42,40,2
115900226,12,32,-20
115900227,10,39,-29
115900228,2,21,-19
115900229,4,29,-25
115900230,33,85,-52
115900231,91,11,80
115900232,50,0,50
115900233,73,12,61
115900234,47,21,26
115900235,56,22,34
115900236,249,29,220
115900237,69,17,52
115900238,61,16,45
115900239,47,21,26
115900240,11,40,-29
115900241,179,64,115
115900242,187,257,-70
115900243,1,3,-2
115900244,6,6,0
115900245,41,3,38
115900246,4,12,-8
115900247,30,12,18
115900248,23,4,19
115900249,20,12,8
115900250,12,11,1
115900251,2,10,-8
115900252,3,2,1
115900253,6,8,-2
115900254,3,34,-31
115900255,0,12,-12
115900256,20,79,-59
115900257,2,12,-10
115900258,0,2,-2
115900259,3,2,1
115900260,10,3,7
115900261,3,3,0
115900262,2,0,2
115900263,13,0,13
115900264,25,4,21
115900265,5,2,3
115900266,3,8,-5
115900267,7,8,-1
115900268,2,13,-11
115900269,419,189,230
115900270,233,226,7
115900271,87,2,85
115900272,25,1,24
115900273,7,12,-5
115900274,4,11,-7
115900275,1,9,-8
115900276,0,27,-27
115900277,0,45,-45
115900278,39,79,-40
115900279,25,146,-121
115900280,27,397,-370
115900281,273,252,21
115900282,14,8,6
115900283,20,25,-5
115900284,17,13,4
116000001,6885,2973,3912
116000002,4113,10137,-6024
116000003,1207,1402,-195
116000004,2627,3313,-686
116000005,2042,2527,-485
116000006,2615,2594,21
116000007,2078,2705,-627
116000008,3667,2052,1615
116000009,964,1670,-706
116000010,2183,1182,1001
116000011,806,1441,-635
116000012,1484,974,510
116000013,3496,1879,1617
116000014,6897,10916,-4019
116000015,162,1010,-848
116000016,3067,2753,314
116000017,23,673,-650
116000018,549,202,347
116000019,773,270,503
116000020,433,519,-86
116000021,392,254,138
116000022,325,253,72
116000023,749,558,191
116000024,517,568,-51
116000025,712,643,69
116000026,1161,1821,-660
116000027,408,469,-61
116000028,327,754,-427
116000029,385,498,-113
116000030,687,389,298
116000031,130,240,-110
116000032,343,130,213
116000033,302,381,-79
116000034,642,623,19
116000035,284,485,-201
116000036,1026,936,90
116000037,406,387,19
116000038,240,385,-145
116000039,335,368,-33
116000040,659,369,290
116000041,93,283,-190
116000042,623,253,370
116000043,86,579,-493
116000044,29,70,-41
116000045,1558,1122,436
116000046,851,1450,-599
116000047,1265,1715,-450
116000048,1605,1603,2
116000049,1164,2506,-1342
116000050,1271,1000,271
116000051,5690,2092,3598
116000052,4991,4220,771
116000053,1600,605,995
116000054,737,1811,-1074
116000055,686,675,11
116000056,899,891,8
116000057,2231,1511,720
116000058,2555,2672,-117
116000059,2612,3935,-1323
116000060,1630,816,814
116000061,556,1050,-494
116000062,506,204,302
116000063,487,1044,-557
116000066,254,533,-279
116000067,184,393,-209
116000068,356,295,61
116000069,243,319,-76
116000078,540,937,-397
116000080,1583,658,925
116000082,14,40,-26
116000083,1799,410,1389
116000084,1658,2689,-1031
116000085,2135,1627,508
116000086,1605,901,704
116000087,2075,1350,725
116000088,621,768,-147
116000089,161,73,88
116000090,99,144,-45
116000091,389,261,128
116000093,935,663,272
116000094,612,457,155
116000095,743,457,286
116000096,658,1169,-511
116000097,755,533,222
116000098,89,6014,-5925
116000099,4434,237,4197
116000100,228,13,215
116000101,807,527,280
116000102,253,801,-548
116000103,466,215,251
116000104,174,889,-715
116000105,1125,156,969
116000106,442,749,-307
116000107,2320,221,2099
116000108,174,161,13
116000111,156,41,115
116000113,98,71,27
116000114,66,107,-41
116000115,310,70,240
116000116,242,327,-85
116000117,1233,1235,-2
116000118,1018,719,299
116000119,2988,1628,1360
116000120,2607,2364,243
116000121,898,478,420
116000122,944,1093,-149
116000123,1073,438,635
116000124,337,579,-242
116000125,2687,684,2003
116000126,236,1020,-784
116000127,845,763,82
116000128,1639,680,959
116000129,1328,239,1089
116000130,568,426,142
116000133,958,666,292
116000134,1496,1320,176
116000135,2489,1207,1282
116000136,876,1454,-578
116000137,1103,611,492
116000138,669,464,205
116000139,1194,1557,-363
116000140,152,163,-11
116000141,215,413,-198
116000142,2482,1889,593
116000143,1661,1619,42
116000144,1396,1589,-193
116000145,1642,953,689
116000146,576,133,443
116000147,138,144,-6
116000148,497,427,70
116000149,512,521,-9
116000151,479,417,62
116000153,73,292,-219
116000155,131,165,-34
116000156,889,1001,-112
116000157,88,10,78
116000158,270,237,33
116000159,23,13,10
116000160,14,41,-27
116000161,8,73,-65
116000162,75,99,-24
116000163,27,5,22
116000164,4,24,-20
116000177,181,130,51
116000194,110,271,-161
116000195,1072,557,515
116000196,9,2,7
116000197,2,13,-11
116000198,1765,848,917
116000200,565,515,50
116000201,541,499,42
116000202,9,194,-185
116000203,1,81,-80
116000204,15,58,-43
116000205,1,115,-114
116000206,8,77,-69
116000207,3,54,-51
116000233,127,233,-106
116000287,186,289,-103
116000288,208,154,54
116000292,24,46,-22
116000296,19,154,-135
116000297,132,11,121
116000304,115,29,86
116000305,23,55,-32
116000346,150,34,116
116000352,70,9,61
116000354,10,9,1
116000357,4,28,-24
116000358,321,52,269
116000361,200,1,199
116000372,3280,3889,-609
116000381,97,1,96
116000388,1,30,-29
116000389,608,424,184
116000445,421,358,63
116000446,553,454,99
116000447,30,415,-385
116000448,463,121,342
116000563,780,922,-142
116000565,29,276,-247
116000568,64,162,-98
116000579,17,113,-96
116000583,72,64,8
116000584,31,3,28
116000585,25,15,10
116000586,64,104,-40
116000587,510,559,-49
116000589,47,41,6
116000590,63,52,11
116000591,215,214,1
116000592,9,77,-68
116000593,1,30,-29
116000594,597,308,289
116000595,573,140,433
116000596,106,3,103
116000597,388,96,292
116000598,14,112,-98
116000605,160,119,41
116000606,56,189,-133
116000607,0,13,-13
116000609,120,743,-623
116000611,147,337,-190
116000612,863,1641,-778
116000613,578,257,321
116000614,400,395,5
116000615,2,337,-335
116000616,43,50,-7
116000617,70,26,44
116000618,2,59,-57
116000619,50,67,-17
116000620,210,474,-264
116000621,69,116,-47
116000622,53,121,-68
116000624,195,88,107
116000627,116,33,83
116000628,54,228,-174
116000629,23,162,-139
116000630,268,8,260
116000631,129,27,102
116000632,779,35,744
116000633,142,187,-45
116000634,329,116,213
116000635,2094,2207,-113
116000636,602,1121,-519
116000637,418,33,385
116000638,146,243,-97
116000639,110,1,109
116000640,21,14,7
116000641,31,95,-64
116000643,1,111,-110
116000644,28,273,-245
116000645,32,4,28
116900001,179,140,39
116900002,204,3,201
116900003,33,31,2
116900004,32,43,-11
116900005,249,32,217
116900006,151,274,-123
116900007,91,158,-67
116900008,326,202,124
116900009,18,7,11
116900010,702,843,-141
116900011,11,22,-11
116900012,342,129,213
116900013,2,88,-86
116900014,145,122,23
116900015,335,37,298
116900016,242,2,240
116900017,10,373,-363
116900018,67,51,16
116900019,4,189,-185
116900020,608,945,-337
116900023,62,14,48
116900024,588,19,569
116900025,967,571,396
116900026,48,349,-301
116900027,16,57,-41
116900028,9,103,-94
116900029,0,37,-37
116900031,0,3,-3
116900032,5,214,-209
116900033,14,8,6
116900034,8,38,-30
116900035,129,111,18
116900036,3,88,-85
116900038,22,5,17
116900041,35,14,21
116900042,479,179,300
116900043,16,20,-4
116900047,29,143,-114
116900049,23,217,-194
116900050,84,254,-170
116900051,167,101,66
116900052,172,79,93
116900055,2,10,-8
116900057,11,173,-162
116900058,20,227,-207
116900059,0,104,-104
116900060,140,142,-2
116900062,3,22,-19
116900064,93,407,-314
116900065,19,79,-60
116900067,102,53,49
116900068,77,98,-21
116900070,2,0,2
116900072,27,205,-178
116900073,19,72,-53
116900074,5,43,-38
116900076,9,52,-43
116900077,8,105,-97
116900078,144,64,80
116900079,40,134,-94
116900080,5,20,-15
116900081,324,762,-438
116900082,258,578,-320
116900083,32,18,14
116900084,91,50,41
116900085,47,93,-46
116900086,38,119,-81
116900088,260,58,202
116900090,101,32,69
116900091,294,31,263
116900092,100,410,-310
116900093,1253,1306,-53
116900094,2321,3004,-683
116900095,172,92,80
116900096,76,243,-167
116900097,1721,2700,-979
116900098,622,260,362
116900099,480,516,-36
116900100,780,25,755
116900101,196,313,-117
116900103,10,0,10
116900104,75,75,0
116900105,234,98,136
116900106,958,8,950
116900107,1997,2262,-265
116900110,26,0,26
116900111,617,387,230
116900112,215,580,-365
116900113,1119,1220,-101
116900116,62,485,-423
116900117,154,108,46
116900118,426,649,-223
116900120,335,34,301
116900121,118,8,110
116900122,772,477,295
116900123,167,449,-282
116900124,141,638,-497
116900125,314,97,217
116900126,84,373,-289
116900128,0,28,-28
116900129,0,285,-285
116900130,345,3015,-2670
116900131,76,227,-151
116900132,58,62,-4
116900133,144,123,21
116900134,181,238,-57
116900136,278,212,66
116900137,217,135,82
116900138,163,137,26
116900139,110,298,-188
116900140,183,122,61
116900141,732,299,433
116900142,3,58,-55
116900143,287,215,72
116900144,38,53,-15
116900145,43,129,-86
116900147,289,440,-151
116900148,11,32,-21
116900149,70,253,-183
116900150,13,7,6
116900151,31,6,25
116900153,102,63,39
116900154,289,406,-117
116900155,51,57,-6
116900157,497,189,308
116900158,97,176,-79
116900159,69,220,-151
116900160,653,477,176
116900161,4061,5880,-1819
116900162,14,80,-66
116900163,152,89,63
116900164,94,55,39
116900165,273,175,98
116900166,34,30,4
116900167,406,39,367
116900168,298,65,233
116900169,330,416,-86
116900170,284,401,-117
116900171,40,129,-89
116900172,117,281,-164
116900173,165,37,128
116900174,54,74,-20
116900175,148,171,-23
116900178,23,89,-66
116900179,59,244,-185
116900180,75,20,55
116900182,337,221,116
116900183,109,81,28
116900185,34,34,0
116900186,87,165,-78
116900187,78,42,36
116900188,118,17,101
116900189,68,4,64
116900191,362,511,-149
116900192,265,76,189
116900194,142,1142,-1000
116900195,33,14,19
116900196,9,77,-68
116900197,117,18,99
116900198,121,210,-89
116900200,56,29,27
116900201,128,6,122
116900202,50,42,8
116900203,111,8,103
116900204,18,103,-85
116900206,31,12,19
116900207,33,21,12
116900208,6,60,-54
116900209,34,75,-41
116900210,412,258,154
116900211,161,3,158
116900212,81,43,38
116900213,236,77,159
116900214,154,93,61
116900215,80,63,17
116900216,241,117,124
116900218,1,143,-142
116900219,1085,247,838
116900220,88,200,-112
116900221,66,258,-192
116900222,345,301,44
116900223,86,191,-105
116900226,76,21,55
116900227,174,55,119
116900228,292,150,142
116900230,41,171,-130
116900231,28,197,-169
116900232,10,265,-255
116900233,235,68,167
116900234,6,10,-4
116900235,429,251,178
116900238,1183,226,957
116900239,1,644,-643
116900240,3298,2923,375
116900241,65,62,3
116900242,569,586,-17
116900243,0,15,-15
116900245,23,31,-8
116900246,97,30,67
116900247,670,33,637
116900248,120,28,92
116900249,243,42,201
116900250,321,33,288
116900251,363,458,-95
116900252,111,519,-408
116900254,23,73,-50
116900255,97,75,22
116900256,365,98,267
116900257,16,288,-272
116900258,0,143,-143
116900259,197,7,190
116900260,0,62,-62
116900261,64,1,63
116900262,237,126,111
116900263,0,13,-13
116900264,117,31,86
116900265,40,0,40
116900266,16,22,-6
116900267,13,2,11
116900268,73,101,-28
116900269,212,468,-256
116900271,848,235,613
116900272,274,192,82
116900273,83,49,34
116900274,118,34,84
116900275,124,55,69
116900276,346,178,168
116900277,350,14,336
116900278,6,3,3
116900279,2,26,-24
116900280,16,27,-11
116900281,3306,3791,-485
116900282,5,42,-37
116900283,21,53,-32
116900284,13,148,-135
116900285,171,149,22
116900286,130,18,112
116900287,3,22,-19
116900288,93,114,-21
116900289,7,6,1
116900290,22,35,-13
116900291,23,8,15
116900292,0,24,-24
116900293,32,19,13
116900294,25,109,-84
116900295,135,48,87
116900296,40,110,-70
116900297,3,81,-78
116900298,57,50,7
116900299,9,59,-50
116900300,3,76,-73
116900301,36,97,-61
116900302,38,48,-10
116900303,123,91,32
116900304,0,116,-116
116900305,16,14,2
116900306,185,83,102
116900307,70,1,69
116900308,1,65,-64
116900309,78,71,7
116900310,38,59,-21
117000001,1412,1234,178
117000002,1941,2786,-845
117000003,4915,2559,2356
117000004,2770,3668,-898
117000005,2359,1606,753
117000006,1145,2592,-1447
117000007,3378,977,2401
117000008,916,2545,-1629
117000009,4233,1444,2789
117000010,1984,2620,-636
117000011,2121,1186,935
117000012,1074,978,96
117000013,1588,639,949
117000014,978,1633,-655
117000015,1962,1070,892
117000016,167,156,11
117000017,173,121,52
117000018,94,519,-425
117000019,94,36,58
117000020,337,1116,-779
117000021,1061,544,517
117000022,231,146,85
117000023,142,274,-132
117000024,131,305,-174
117000025,238,555,-317
117000026,1478,1418,60
117000027,1350,4859,-3509
117000028,2048,1718,330
117000030,283,355,-72
117000031,417,253,164
117000032,1264,869,395
117000033,1036,513,523
117000034,270,233,37
117000035,300,268,32
117000036,399,246,153
117000037,254,170,84
117000038,138,433,-295
117000039,383,152,231
117000040,179,778,-599
117000041,1020,145,875
117000044,12,627,-615
117000045,528,86,442
117000046,406,612,-206
117000047,973,545,428
117000048,1302,661,641
117000049,60,385,-325
117000050,99,725,-626
117000051,1234,64,1170
117000052,78,346,-268
117000053,915,47,868
117000054,1631,14,1617
117000055,54,2059,-2005
117000056,651,31,620
117000057,448,1648,-1200
117000060,382,726,-344
117000061,1415,706,709
117000062,218,508,-290
117000063,1603,805,798
117000064,515,509,6
117000066,570,684,-114
117000067,85,484,-399
117000074,87,166,-79
117000076,58,35,23
117000077,104,116,-12
117000078,121,323,-202
117000079,322,186,136
117000080,5,303,-298
117000081,860,81,779
117000082,17,164,-147
117000083,478,241,237
117000084,145,0,145
117000085,231,612,-381
117000086,625,327,298
117000087,71,492,-421
117000088,251,114,137
117000089,1417,221,1196
117000090,270,955,-685
117000091,826,242,584
117000092,399,939,-540
117000093,1206,595,611
117000094,971,1696,-725
117000095,3345,660,2685
117000096,709,1634,-925
117000097,1463,960,503
117000098,1817,2748,-931
117000099,3463,1085,2378
117000100,204,235,-31
117000101,205,673,-468
117000102,1873,557,1316
117000103,761,1147,-386
117000104,1422,509,913
117000105,801,966,-165
117000106,1203,564,639
117000107,448,964,-516
117000108,1648,817,831
117000109,1342,1772,-430
117000110,1441,989,452
117000111,2921,3239,-318
117000112,2718,1278,1440
117000113,112,165,-53
117000114,286,116,170
117000115,76,67,9
117000116,121,252,-131
117000117,1193,807,386
117000118,237,148,89
117000119,186,196,-10
117000120,114,495,-381
117000121,56,807,-751
117000122,251,613,-362
117000123,1280,42,1238
117000124,345,78,267
117000125,152,121,31
117000126,40,23,17
117000127,125,259,-134
117000128,215,677,-462
117000129,307,842,-535
117000130,162,2,160
117000131,0,100,-100
117000132,2677,39,2638
117000133,1743,27,1716
117000134,0,60,-60
117000135,3,82,-79
117000136,0,17,-17
117000137,133,114,19
117000138,3,494,-491
117000140,504,1017,-513
117000141,1667,500,1167
117000181,349,176,173
117000182,344,671,-327
117000195,159,612,-453
117000196,256,120,136
117000225,91,40,51
117000226,9,86,-77
117000276,326,4,322
117000277,1,223,-222
117000310,1139,1814,-675
117000315,48,542,-494
117000320,90,0,90
117000906,430,12,418
117000907,18,228,-210
117000909,86,42,44
117000910,136,127,9
117000911,105,122,-17
117000915,4,327,-323
117000916,52,2,50
117000917,1155,31,1124
117000918,55,71,-16
117000919,4,35,-31
117000920,7,739,-732
117000921,2,798,-796
117000922,31,62,-31
117000924,759,646,113
117000926,502,113,389
117000927,846,855,-9
117000928,0,98,-98
117000929,214,251,-37
117000930,477,163,314
117000931,221,160,61
117900002,82,356,-274
117900003,450,308,142
117900005,15,53,-38
117900006,1,26,-25
117900007,142,56,86
117900008,0,23,-23
117900010,233,64,169
117900011,9,118,-109
117900012,46,40,6
117900013,2,134,-132
117900014,676,117,559
117900015,14,90,-76
117900016,715,649,66
117900017,645,286,359
117900018,132,167,-35
117900019,403,185,218
117900020,35,400,-365
117900021,24,52,-28
117900023,662,55,607
117900024,48,56,-8
117900025,31,20,11
117900026,423,180,243
117900028,49,5,44
117900029,266,350,-84
117900031,98,107,-9
117900032,1011,444,567
117900033,276,325,-49
117900034,74,28,46
117900035,266,182,84
117900036,228,238,-10
117900037,173,92,81
117900038,43,202,-159
117900039,7,39,-32
117900040,138,215,-77
117900041,3,22,-19
117900042,2454,247,2207
117900043,33,32,1
117900044,25,3301,-3276
117900045,155,111,44
117900048,384,269,115
117900049,190,306,-116
117900050,25,72,-47
117900051,20,7,13
117900052,40,284,-244
117900053,1621,479,1142
117900054,1,45,-44
117900055,236,147,89
117900056,101,73,28
117900057,903,1077,-174
117900058,29,26,3
117900059,190,56,134
117900060,1903,3857,-1954
117900061,13,174,-161
117900063,355,114,241
117900065,674,888,-214
117900066,1,52,-51
117900067,426,131,295
117900069,732,203,529
117900070,107,18,89
117900071,70,89,-19
117900073,449,155,294
117900074,103,29,74
117900075,39,68,-29
117900076,49,52,-3
117900077,464,146,318
117900078,311,650,-339
117900080,84,18,66
117900081,452,245,207
117900082,444,345,99
117900083,374,253,121
117900086,173,12,161
117900087,145,56,89
117900088,2425,1331,1094
117900089,2133,637,1496
117900090,537,280,257
117900091,114,113,1
117900092,59,30,29
117900093,81,48,33
117900094,36,30,6
117900095,347,567,-220
117900096,81,237,-156
117900097,214,58,156
117900098,47,8,39
117900099,128,169,-41
117900100,244,0,244
117900101,429,1648,-1219
117900102,54,28,26
117900103,52,4,48
117900104,25,82,-57
117900105,103,160,-57
117900106,98,48,50
117900107,38,4,34
117900109,568,312,256
117900110,167,2,165
117900111,370,28,342
117900112,56,47,9
117900113,1742,1436,306
117900114,27,1,26
117900115,155,53,102
117900116,729,562,167
117900117,646,255,391
117900118,82,1,81
117900119,207,102,105
117900120,234,36,198
117900121,130,40,90
117900122,778,3478,-2700
117900123,653,282,371
117900124,707,607,100
117900125,1539,1635,-96
117900126,180,398,-218
117900127,461,304,157
117900128,321,446,-125
117900129,80,0,80
117900130,819,296,523
117900131,1,103,-102
117900132,31,62,-31
117900133,10,74,-64
117900134,58,270,-212
117900135,13,110,-97
117900136,1,21,-20
117900137,50,239,-189
117900138,0,31,-31
117900139,134,83,51
117900140,2339,30,2309
117900141,72,131,-59
117900142,87,73,14
117900144,47,161,-114
117900145,11,69,-58
117900146,115,106,9
117900147,64,44,20
117900148,1920,1675,245
117900149,246,121,125
117900150,34,23,11
117900151,22,56,-34
117900152,83,50,33
117900153,62,77,-15
117900154,434,385,49
117900156,665,522,143
117900157,86,454,-368
117900158,242,146,96
117900160,686,654,32
117900161,2306,1423,883
117900162,400,305,95
117900163,54,141,-87
117900165,0,8,-8
117900166,91,377,-286
117900168,148,163,-15
117900169,0,73,-73
117900170,0,21,-21
117900171,0,8,-8
117900172,17,23,-6
117900173,113,51,62
117900174,21,52,-31
117900175,2,12,-10
117900176,17,15,2
117900177,38,25,13
117900178,63,41,22
117900180,157,30,127
117900181,45,316,-271
117900182,4,33,-29
117900183,59,192,-133
117900184,15,52,-37
117900185,54,45,9
117900186,39,17,22
117900187,29,1,28
117900188,181,42,139
117900189,67,47,20
117900190,35,3,32
117900191,45,0,45
117900192,188,0,188
117900193,1,27,-26
117900194,9,19,-10
117900195,23,42,-19
117900196,43,51,-8
117900207,113,116,-3
117900208,16,17,-1
117900209,141,137,4
117900210,50,146,-96
117900211,6,116,-110
117900212,108,113,-5
117900213,9,6,3
117900214,10,17,-7
117900215,44,42,2
117900216,47,22,25
117900217,84,285,-201
117900218,152,131,21
117900219,2,100,-98
117900220,59,81,-22
117900222,204,192,12
117900223,111,281,-170
118000001,607,887,-280
118000002,573,1175,-602
118000003,1610,2722,-1112
118000004,1590,1631,-41
118000005,3596,4300,-704
118000006,3226,7147,-3921
118000007,3605,3437,168
118000008,2734,3264,-530
118000009,2163,2220,-57
118000010,3744,2501,1243
118000011,1305,1302,3
118000012,864,1286,-422
118000013,1413,1467,-54
118000014,1763,2070,-307
118000016,171,194,-23
118000017,371,294,77
118000018,330,248,82
118000019,1544,1184,360
118000020,884,2479,-1595
118000021,554,2375,-1821
118000022,1171,646,525
118000023,770,324,446
118000024,937,918,19
118000027,8922,9398,-476
118000029,627,750,-123
118000032,801,3139,-2338
118000033,2148,4585,-2437
118000034,3326,1992,1334
118000035,1482,2377,-895
118000036,789,1009,-220
118000037,665,677,-12
118000038,243,85,158
118000039,72,145,-73
118000040,1378,1010,368
118000041,2219,1022,1197
118000045,203,56,147
118000046,1153,654,499
118000047,652,960,-308
118000048,1629,1522,107
118000051,2510,1562,948
118000052,2442,827,1615
118000053,157,323,-166
118000054,786,684,102
118000055,920,996,-76
118000056,179,306,-127
118000057,177,221,-44
118000058,1682,1189,493
118000059,1200,834,366
118000060,782,473,309
118000061,1059,786,273
118000062,461,225,236
118000063,375,514,-139
118000064,792,806,-14
118000065,2144,1219,925
118000066,583,1309,-726
118000067,611,698,-87
118000068,1018,3916,-2898
118000069,1681,796,885
118000070,3462,1402,2060
118000071,2340,5758,-3418
118000072,882,1249,-367
118000073,1114,566,548
118000074,326,400,-74
118000075,410,240,170
118000076,1159,2601,-1442
118000077,993,997,-4
118000078,1493,1722,-229
118000079,222,341,-119
118000080,628,743,-115
118000081,1551,1118,433
118000082,271,882,-611
118000083,1320,1226,94
118000084,1998,1363,635
118000086,191,386,-195
118000087,3263,2171,1092
118000088,1306,1269,37
118000089,2693,2025,668
118000090,1157,2239,-1082
118000091,372,2041,-1669
118000092,767,398,369
118000093,77,610,-533
118000096,478,470,8
118000097,737,502,235
118000098,275,137,138
118000099,526,476,50
118000101,973,319,654
118000102,423,768,-345
118000107,1059,365,694
118000108,484,1946,-1462
118000110,1,26,-25
118000111,0,206,-206
118000112,622,1,621
118000113,1,300,-299
118000114,429,3,426
118000115,2,4,-2
118000116,19,0,19
118000117,724,517,207
118000118,845,910,-65
118000119,709,943,-234
118000120,1277,771,506
118000121,77,495,-418
118000122,986,282,704
118000123,38,255,-217
118000125,1305,1097,208
118000126,658,1264,-606
118000127,1334,602,732
118000128,890,1101,-211
118000129,776,330,446
118000130,1533,2121,-588
118000131,345,595,-250
118000132,2547,1921,626
118000133,953,413,540
118000135,477,354,123
118000136,105,369,-264
118000137,465,64,401
118000138,284,352,-68
118000139,411,96,315
118000140,2247,4139,-1892
118000141,1958,1385,573
118000142,1651,1130,521
118000143,1961,1048,913
118000144,886,490,396
118000145,1375,806,569
118000146,1066,555,511
118000147,857,995,-138
118000148,557,918,-361
118000149,921,718,203
118000150,384,281,103
118000151,435,331,104
118000153,1291,862,429
118000154,1664,1148,516
118000155,1210,1089,121
118000156,1161,2113,-952
118000157,463,338,125
118000158,233,315,-82
118000159,16,95,-79
118000160,441,342,99
118000161,409,495,-86
118000162,1356,621,735
118000163,760,691,69
118000164,1514,1056,458
118000168,514,394,120
118000169,885,789,96
118000170,2908,3560,-652
118000171,269,638,-369
118000172,100,225,-125
118000173,933,857,76
118000175,253,296,-43
118000176,212,377,-165
118000177,202,504,-302
118000178,38,38,0
118000179,929,1202,-273
118000180,691,527,164
118000181,275,86,189
118000182,373,179,194
118000183,301,292,9
118000184,862,487,375
118000185,946,1094,-148
118000186,608,823,-215
118000187,1275,449,826
118000188,562,95,467
118000189,519,383,136
118000190,6,7,-1
118000191,25,13,12
118000192,568,302,266
118000193,78,263,-185
118000194,1114,671,443
118000195,373,1084,-711
118000196,189,160,29
118000197,117,128,-11
118000198,453,820,-367
118000199,323,315,8
118000200,67,161,-94
118000201,303,435,-132
118000202,32,44,-12
118000203,419,549,-130
118000204,80,371,-291
118000205,144,273,-129
118000206,180,163,17
118000207,0,35,-35
118000208,1172,1208,-36
118000209,1762,1166,596
118000210,68,20,48
118000211,28,29,-1
118000213,1054,1450,-396
118000214,301,477,-176
118000215,309,114,195
118000216,1436,1258,178
118000217,17,83,-66
118000218,49,75,-26
118000219,273,174,99
118000220,0,39,-39
118000221,210,243,-33
118000222,41,5,36
118000223,22,53,-31
118000224,117,72,45
118000225,83,525,-442
118000226,807,156,651
118000227,601,385,216
118000228,94,181,-87
118000229,73,58,15
118000230,90,120,-30
118000231,75,159,-84
118000232,606,443,163
118000233,912,558,354
118000234,387,105,282
118000236,272,204,68
118000237,69,244,-175
118000238,240,127,113
118000239,253,210,43
118000240,231,98,133
118000241,112,89,23
118000242,247,273,-26
118000243,206,126,80
118000244,34,92,-58
118000246,7,18,-11
118000255,69,208,-139
118000256,158,166,-8
118000259,11,26,-15
118000260,135,56,79
118000261,32,29,3
118000263,68,94,-26
118000266,113,146,-33
118000267,0,110,-110
118000268,176,2,174
118000270,64,14,50
118000271,178,224,-46
118000272,59,19,40
118000273,119,39,80
118000274,40,173,-133
118000276,430,269,161
118000295,13,71,-58
118000298,110,191,-81
118000299,56,95,-39
118000301,0,48,-48
118000302,97,53,44
118000311,464,87,377
118000312,261,103,158
118000313,35,72,-37
118000314,73,40,33
118000315,28,20,8
118000316,616,335,281
118000325,43,35,8
118000326,20,34,-14
118000331,24,32,-8
118000332,17,18,-1
118000333,19,37,-18
118000335,317,1,316
118000336,0,138,-138
118000407,124,45,79
118000457,5,45,-40
118000465,1749,2923,-1174
118000480,26,47,-21
118000489,26,315,-289
118000490,44,205,-161
118000492,345,161,184
118000510,42,18,24
118000514,92,273,-181
118000515,548,532,16
118000517,238,128,110
118000524,188,282,-94
118000525,530,518,12
118000530,11,76,-65
118000531,304,263,41
118000532,210,179,31
118000533,318,128,190
118000534,615,378,237
118000535,251,103,148
118000536,330,1125,-795
118000537,20,113,-93
118000538,34,56,-22
118000539,6,52,-46
118000540,226,67,159
118000541,172,99,73
118000542,78,144,-66
118000543,91,155,-64
118000546,55,14,41
118000553,0,1,-1
118000557,0,0,0
118000560,1265,1719,-454
118000562,30,90,-60
118000563,1134,931,203
118000576,205,100,105
118000577,156,163,-7
118000578,198,87,111
118000579,484,1053,-569
118000583,0,1,-1
118000595,193,65,128
118000596,0,65,-65
118000597,160,101,59
118000598,6,0,6
118000599,72,41,31
118000600,4,4,0
118000601,5,0,5
118000602,1,2,-1
118000603,0,19,-19
118000605,53,156,-103
118000606,22,27,-5
118900001,309,889,-580
118900002,558,692,-134
118900003,239,12,227
118900004,52,33,19
118900005,67,5,62
118900006,100,3,97
118900007,9,1,8
118900008,1264,55,1209
118900009,59,41,18
118900010,46,7,39
118900011,126,18,108
118900012,285,123,162
118900013,331,152,179
118900015,184,53,131
118900016,4,8,-4
118900017,170,214,-44
118900018,673,22,651
118900019,29,18,11
118900020,147,90,57
118900021,116,292,-176
118900022,136,72,64
118900023,123,68,55
118900024,65,85,-20
118900025,57,28,29
118900026,81,58,23
118900027,373,152,221
118900028,129,107,22
118900029,186,319,-133
118900030,271,40,231
118900031,142,56,86
118900032,177,123,54
118900033,277,249,28
118900034,123,19,104
118900035,96,90,6
118900036,1241,511,730
118900037,333,194,139
118900038,342,85,257
118900039,431,94,337
118900040,131,110,21
118900041,504,173,331
118900042,186,62,124
118900045,193,113,80
118900046,628,300,328
118900047,307,244,63
118900048,116,147,-31
118900049,35,56,-21
118900050,14,31,-17
118900051,68,87,-19
118900052,152,134,18
118900053,38,87,-49
118900054,111,35,76
118900055,99,38,61
118900056,26,258,-232
118900057,614,372,242
118900058,312,271,41
118900059,14,77,-63
118900060,91,119,-28
118900062,226,186,40
118900064,360,423,-63
118900065,43,87,-44
118900066,66,67,-1
118900067,3124,3365,-241
118900068,6,154,-148
118900069,450,180,270
118900071,6,33,-27
118900072,375,261,114
118900073,215,89,126
118900074,108,78,30
118900075,95,50,45
118900076,133,88,45
118900077,284,151,133
118900078,34,5,29
118900079,25,134,-109
118900080,12,55,-43
118900081,44,42,2
118900082,794,121,673
118900083,22,4,18
118900084,16,16,0
118900085,550,530,20
118900086,11,83,-72
118900087,25,230,-205
118900088,0,11,-11
118900089,12,11,1
118900090,411,243,168
118900091,100,130,-30
118900092,111,31,80
118900093,91,16,75
118900096,87,86,1
118900097,212,310,-98
118900099,137,161,-24
118900100,80,166,-86
118900101,77,207,-130
118900102,14,60,-46
118900103,14,67,-53
118900104,139,88,51
118900105,142,55,87
118900107,83,50,33
118900108,67,69,-2
118900110,697,513,184
118900111,321,278,43
118900112,96,151,-55
118900113,171,222,-51
118900114,11,45,-34
118900115,75,263,-188
118900116,92,244,-152
118900117,91,152,-61
118900118,225,230,-5
118900119,142,153,-11
118900120,80,271,-191
118900121,6,103,-97
118900122,10,870,-860
118900123,119,174,-55
118900124,66,97,-31
118900126,14,249,-235
118900129,223,123,100
118900130,40,135,-95
118900131,166,168,-2
118900132,294,163,131
118900133,9,74,-65
118900135,132,148,-16
118900136,161,291,-130
118900137,7,31,-24
118900139,211,160,51
118900140,402,333,69
118900141,55,48,7
118900144,142,229,-87
118900145,46,67,-21
118900146,292,445,-153
118900147,108,113,-5
118900148,41,19,22
118900150,346,514,-168
118900152,412,482,-70
118900157,60,139,-79
118900158,66,51,15
118900159,0,101,-101
118900161,44,15,29
118900163,70,54,16
118900164,2,89,-87
118900165,43,83,-40
118900166,45,0,45
118900167,60,75,-15
118900168,26,107,-81
118900169,87,112,-25
118900170,89,49,40
118900171,14,34,-20
118900174,37,54,-17
118900175,358,407,-49
118900176,141,197,-56
118900177,34,30,4
118900178,38,102,-64
118900179,19,11,8
118900181,50,58,-8
118900182,56,16,40
118900183,36,80,-44
118900184,243,94,149
118900185,149,64,85
118900186,86,91,-5
118900187,163,205,-42
118900188,254,180,74
118900189,23,678,-655
118900190,11,193,-182
118900191,182,18,164
118900192,221,6,215
118900193,508,3,505
118900195,180,395,-215
118900196,20,90,-70
118900197,166,33,133
118900198,25,16,9
118900199,71,22,49
118900200,17,6,11
118900201,14,18,-4
118900202,4,32,-28
118900203,6,11,-5
118900204,6,18,-12
118900205,2,13,-11
118900206,0,11,-11
119000001,971,1127,-156
119000002,3314,1924,1390
119000003,2267,807,1460
119000004,2175,1033,1142
119000005,1514,1547,-33
119000006,2595,1366,1229
119000007,2678,2379,299
119000008,1410,1192,218
119000009,2843,4003,-1160
119000010,3995,3349,646
119000011,2749,2205,544
119000012,1926,2567,-641
119000013,2361,1502,859
119000014,1322,2201,-879
119000019,236,109,127
119000020,2004,1276,728
119000021,3775,2058,1717
119000022,1599,2459,-860
119000023,241,230,11
119000024,1626,9223,-7597
119000025,1936,310,1626
119000026,111,354,-243
119000027,1502,559,943
119000028,1336,685,651
119000029,112,248,-136
119000030,525,633,-108
119000031,672,541,131
119000032,1520,1631,-111
119000033,1813,995,818
119000034,852,704,148
119000035,20,217,-197
119000036,1629,581,1048
119000037,1103,1051,52
119000038,165,475,-310
119000039,356,238,118
119000040,720,529,191
119000041,554,1075,-521
119000048,2214,1784,430
119000049,1670,1382,288
119000050,1228,1265,-37
119000051,1653,730,923
119000052,1494,2234,-740
119000053,1655,971,684
119000054,1971,1055,916
119000055,3675,1983,1692
119000056,2567,1493,1074
119000057,1582,1554,28
119000058,1380,1189,191
119000059,945,1016,-71
119000060,1231,804,427
119000061,1087,618,469
119000062,962,1034,-72
119000063,550,398,152
119000064,663,624,39
119000065,1586,2475,-889
119000066,1965,975,990
119000067,1755,1676,79
119000068,1611,845,766
119000069,1395,1581,-186
119000070,2441,780,1661
119000071,519,545,-26
119000072,3262,2306,956
119000073,3453,6087,-2634
119000074,1450,1583,-133
119000075,2292,1707,585
119000076,292,979,-687
119000077,575,509,66
119000078,349,306,43
119000079,206,603,-397
119000080,362,166,196
119000081,253,315,-62
119000082,715,193,522
119000083,439,336,103
119000084,243,373,-130
119000085,521,159,362
119000086,330,530,-200
119000087,1327,516,811
119000088,403,215,188
119000089,72,180,-108
119000090,134,109,25
119000091,83,270,-187
119000092,393,146,247
119000093,2771,1821,950
119000094,3202,3789,-587
119000095,1664,2055,-391
119000097,1983,926,1057
119000098,916,3194,-2278
119000099,2497,1487,1010
119000100,3514,2709,805
119000101,3418,1657,1761
119000102,620,847,-227
119000103,1128,443,685
119000104,1385,764,621
119000105,783,1735,-952
119000106,438,764,-326
119000107,891,338,553
119000108,276,621,-345
119000109,124,546,-422
119000110,371,294,77
119000111,41,562,-521
119000112,140,76,64
119000113,1493,326,1167
119000114,821,848,-27
119000115,117,101,16
119000116,74,76,-2
119000117,140,189,-49
119000118,2,2,0
119000123,2773,1504,1269
119000124,693,146,547
119000125,3502,464,3038
119000126,1184,472,712
119000127,126,234,-108
119000128,11,2,9
119000131,1078,638,440
119000132,1,1,0
119000133,1,1,0
119000134,1357,469,888
119000135,130,156,-26
119000136,181,161,20
119000137,203,192,11
119000138,438,191,247
119000139,243,122,121
119000140,286,286,0
119000284,788,1876,-1088
119000285,1497,1334,163
119000286,4583,3466,1117
119000287,1170,1528,-358
119000288,1344,905,439
119000289,1224,1707,-483
119000290,226,399,-173
119000291,6,186,-180
119000293,118,152,-34
119000294,71,37,34
119000295,1218,521,697
119000296,261,159,102
119000302,1450,899,551
119000303,24,82,-58
119000314,707,4410,-3703
119000315,1,189,-188
119000316,168,69,99
119000317,111,200,-89
119000319,684,154,530
119900001,160,873,-713
119900002,118,165,-47
119900003,46,615,-569
119900004,253,901,-648
119900005,194,69,125
119900006,170,228,-58
119900007,1046,182,864
119900008,54,31,23
119900009,535,511,24
119900010,725,863,-138
119900011,36,93,-57
119900012,23,63,-40
119900013,1798,1072,726
119900014,486,181,305
119900015,85,27,58
119900016,43,59,-16
119900017,26,46,-20
119900018,1350,822,528
119900019,38,6,32
119900020,107,160,-53
119900021,168,88,80
119900022,79,596,-517
119900023,405,1481,-1076
119900025,166,14,152
119900026,501,112,389
119900027,30,17,13
119900028,234,77,157
119900029,1,3,-2
119900030,506,375,131
119900031,45,344,-299
119900033,1405,245,1160
119900034,328,80,248
119900037,129,18,111
119900038,33,277,-244
119900039,36,2,34
119900040,264,12,252
119900041,90,20,70
119900042,189,142,47
119900043,117,121,-4
119900044,135,600,-465
119900046,120,40,80
119900047,237,66,171
119900049,118,5,113
119900050,73,80,-7
119900051,996,27,969
119900052,49,24,25
119900053,200,118,82
119900054,137,11,126
119900055,1065,343,722
119900057,201,55,146
119900058,202,3,199
119900059,73,47,26
119900060,268,18,250
119900061,269,8,261
119900062,48,16,32
119900063,2,53,-51
119900065,183,10,173
119900067,43,16,27
119900068,511,3,508
119900069,94,13,81
119900070,720,6,714
119900071,553,24,529
119900073,1261,451,810
119900074,50,32,18
119900075,2764,1688,1076
119900076,79,33,46
119900077,774,565,209
119900078,425,592,-167
119900079,236,117,119
119900080,308,214,94
119900081,479,14,465
119900082,860,68,792
119900083,234,60,174
119900084,531,276,255
119900085,37,44,-7
119900086,329,824,-495
119900087,376,258,118
119900088,35,28,7
119900089,24,350,-326
119900090,103,33,70
119900091,57,655,-598
119900092,331,357,-26
119900093,785,157,628
119900094,48,197,-149
119900095,171,79,92
119900096,30,94,-64
119900097,370,150,220
119900098,22,32,-10
119900099,14,147,-133
119900100,1368,1891,-523
119900101,149,1356,-1207
119900102,43,128,-85
119900103,42,190,-148
119900104,35,91,-56
119900105,608,2217,-1609
119900106,3,119,-116
119900107,195,1475,-1280
119900108,2795,501,2294
119900109,13,91,-78
119900110,671,428,243
119900111,153,367,-214
119900112,885,420,465
119900113,46,192,-146
119900114,197,642,-445
119900115,275,601,-326
119900116,88,300,-212
119900117,241,387,-146
119900118,83,518,-435
119900119,194,162,32
119900120,525,328,197
119900121,382,523,-141
119900122,392,234,158
119900123,154,211,-57
119900124,158,458,-300
119900125,45,182,-137
119900126,2349,185,2164
119900127,1424,649,775
119900128,383,377,6
119900129,154,295,-141
119900130,8,148,-140
119900131,37,166,-129
119900132,13,131,-118
119900133,41,72,-31
119900134,858,150,708
119900135,1,191,-190
119900136,141,225,-84
119900138,232,339,-107
119900139,8,101,-93
119900140,2,96,-94
119900141,72,506,-434
119900142,1,19,-18
119900143,20,146,-126
119900144,930,156,774
119900145,99,98,1
119900146,122,137,-15
119900147,3,71,-68
119900148,204,52,152
119900149,590,3621,-3031
119900150,126,83,43
119900151,1099,602,497
119900152,93,243,-150
119900153,119,37,82
119900154,19,424,-405
119900155,29,28,1
119900156,12,7,5
119900157,90,130,-40
119900158,138,55,83
119900159,10,852,-842
119900160,22,67,-45
119900161,135,105,30
119900162,743,664,79
119900163,50,127,-77
119900164,0,2,-2
119900165,90,106,-16
119900166,39,33,6
119900167,68,58,10
119900168,848,370,478
119900169,87,210,-123
119900170,148,217,-69
119900171,881,271,610
119900172,84,34,50
119900173,6,257,-251
119900174,2,103,-101
119900175,1296,517,779
119900177,24,131,-107
119900178,3,78,-75
119900179,134,512,-378
119900180,897,727,170
119900181,45,83,-38
119900182,5,188,-183
119900183,121,468,-347
119900184,1284,317,967
119900185,34,164,-130
119900186,34,828,-794
119900187,21,221,-200
119900188,81,247,-166
119900189,335,334,1
119900190,47,259,-212
119900191,154,212,-58
119900192,48,157,-109
119900193,271,164,107
119900194,15,68,-53
119900195,330,223,107
119900196,586,244,342
119900197,176,129,47
119900198,157,214,-57
119900199,121,27,94
119900200,610,487,123
119900201,241,120,121
119900202,69,190,-121
119900203,147,468,-321
119900204,232,188,44
119900205,669,359,310
119900206,194,93,101
119900208,179,110,69
119900209,407,1043,-636
119900210,25,17,8
119900211,40,2,38
119900212,557,388,169
119900213,6,55,-49
119900214,26,71,-45
119900215,27,47,-20
119900216,8,30,-22
119900217,8,33,-25
119900218,10,38,-28
119900219,15,62,-47
119900220,5,57,-52
119900221,10,123,-113
119900222,11,126,-115
119900223,13,42,-29
119900224,6,14,-8
119900225,505,27,478
119900226,318,1340,-1022
119900227,623,179,444
119900228,50,187,-137
119900229,231,259,-28
119900230,904,362,542
119900231,248,156,92
119900232,123,81,42
119900233,48,1,47
119900234,25,51,-26
119900235,9,22,-13
119900236,15,112,-97
119900237,45,231,-186
119900238,12,56,-44
119900240,88,92,-4
119900241,124,156,-32
119900242,822,1104,-282
119900244,424,989,-565
119900245,82,122,-40
119900246,214,408,-194
119900247,23,84,-61
119900248,56,174,-118
119900249,180,74,106
119900253,1551,309,1242
119900254,68,674,-606
119900255,102,620,-518
119900256,512,527,-15
119900257,81,2,79
119900258,84,5,79
119900259,21,79,-58
119900260,100,5,95
119900261,275,118,157
119900262,1,157,-156
119900263,1039,274,765
119900264,111,78,33
119900265,563,367,196
119900266,290,165,125
119900267,200,286,-86
119900268,160,106,54
119900269,1110,805,305
119900271,25,74,-49
119900272,211,141,70
119900275,109,48,61
119900276,67,1,66
119900277,16,6,10
119900278,106,82,24
119900279,98,192,-94
119900280,468,108,360
119900281,0,173,-173
119900282,37,63,-26
119900283,13,128,-115
119900284,22,141,-119
119900285,25,65,-40
119900286,2,3,-1
119900288,3,11,-8
119900289,0,24,-24
119900290,5,22,-17
119900291,0,31,-31
119900292,18,61,-43
119900293,9,75,-66
119900294,23,50,-27
119900295,15,31,-16
119900296,59,102,-43
119900297,2,12,-10
119900298,0,0,0
119900299,54,138,-84
119900300,159,122,37
119900301,55,34,21
119900302,81,48,33
119900303,228,121,107
119900304,297,21,276
119900305,2,46,-44
119900306,11,6,5
119900307,37,65,-28
119900308,6,12,-6
119900309,26,100,-74
119900310,233,184,49
119900311,94,52,42
119900312,124,48,76
119900313,198,157,41
119900314,126,260,-134
119900315,1946,1568,378
119900318,12,44,-32
119900319,0,151,-151
119900320,204,299,-95
119900321,73,3,70
120000001,4708,13830,-9122
120000002,2257,2023,234
120000003,2361,1250,1111
120000004,2272,1402,870
120000005,2402,1333,1069
120000006,1131,880,251
120000007,2177,1322,855
120000008,1002,1373,-371
120000009,1186,409,777
120000010,1503,1473,30
120000011,1002,1115,-113
120000012,1270,1608,-338
120000013,2692,2264,428
120000014,885,1167,-282
120000015,2358,1626,732
120000016,3272,1907,1365
120000017,2548,2047,501
120000018,2789,10319,-7530
120000019,946,1269,-323
120000020,2582,2659,-77
120000021,1738,1954,-216
120000022,2288,2948,-660
120000023,1065,1450,-385
120000024,1160,2287,-1127
120000025,2333,1564,769
120000026,2040,1409,631
120000027,1757,1938,-181
120000028,632,1192,-560
120000029,1480,955,525
120000030,445,865,-420
120000031,1573,4797,-3224
120000032,5826,2977,2849
120000033,4457,1286,3171
120000034,2054,1360,694
120000035,2065,1513,552
120000036,2821,3990,-1169
120000037,516,1266,-750
120000038,3385,2285,1100
120000039,812,875,-63
120000040,168,521,-353
120000041,1104,927,177
120000042,1650,1765,-115
120000043,4202,1168,3034
120000044,3846,1079,2767
120000045,5449,908,4541
120000046,3895,4755,-860
120000047,607,5072,-4465
120000048,4802,4099,703
120000049,3091,2153,938
120000050,2767,2824,-57
120000051,2416,3072,-656
120000052,5854,1727,4127
120000053,1265,1187,78
120000054,1264,2549,-1285
120000055,1650,3321,-1671
120000056,4093,2614,1479
120000057,3312,1104,2208
120000058,2397,1271,1126
120000059,1,1556,-1555
120000061,80,457,-377
120000062,164,264,-100
120000063,1208,1872,-664
120000064,330,945,-615
120000065,522,1079,-557
120000066,703,510,193
120000067,86,434,-348
120000068,206,735,-529
120000069,515,837,-322
120000070,187,870,-683
120000071,756,104,652
120000072,703,289,414
120000073,829,116,713
120000074,228,76,152
120000075,854,232,622
120000076,1788,385,1403
120000077,2038,550,1488
120000078,4062,1459,2603
120000079,410,342,68
120000080,316,257,59
120000081,426,150,276
120000082,389,248,141
120000083,162,718,-556
120000084,265,221,44
120000085,260,242,18
120000086,280,430,-150
120000087,248,364,-116
120000088,664,789,-125
120000089,1004,452,552
120000090,696,407,289
120000091,933,728,205
120000092,1105,413,692
120000093,417,359,58
120000094,163,630,-467
120000095,966,287,679
120000096,340,473,-133
120000098,861,539,322
120000099,465,578,-113
120000100,582,660,-78
120000101,500,359,141
120000102,581,813,-232
120000103,1452,784,668
120000104,1885,437,1448
120000105,2993,673,2320
120000106,2239,575,1664
120000107,4161,555,3606
120000108,1412,119,1293
120000109,1072,57,1015
120000110,33,562,-529
120000111,129,801,-672
120000112,548,1624,-1076
120000113,685,1461,-776
120000114,843,1493,-650
120000115,481,1548,-1067
120000116,471,1336,-865
120000117,1032,1137,-105
120000118,37,38,-1
120000119,21,41,-20
120000120,79,68,11
120000121,24,32,-8
120000122,221,365,-144
120000123,2613,5806,-3193
120000124,355,268,87
120000125,507,451,56
120000126,300,904,-604
120000127,1486,807,679
120000128,2324,3347,-1023
120000129,261,221,40
120000130,674,396,278
120000131,283,523,-240
120000134,370,638,-268
120000135,532,456,76
120000137,204,736,-532
120000138,1025,358,667
120000139,234,446,-212
120000140,871,380,491
120000141,564,409,155
120000142,901,817,84
120000143,1,61,-60
120000144,102,6,96
120000145,427,1,426
120000146,833,788,45
120000149,565,728,-163
120000150,2124,9846,-7722
120000151,450,339,111
120000152,497,137,360
120000153,283,312,-29
120000154,461,1017,-556
120000155,140,228,-88
120000156,790,857,-67
120000157,909,485,424
120000158,1176,899,277
120000159,2205,1933,272
120000160,2169,1395,774
120000161,2683,2197,486
120000162,74,246,-172
120000163,618,480,138
120000164,712,501,211
120000165,631,562,69
120000166,1392,407,985
120000167,120,127,-7
120000168,13,343,-330
120000169,29,1179,-1150
120000170,41,1144,-1103
120000171,31,411,-380
120000172,32,354,-322
120000173,1384,1657,-273
120000174,266,54,212
120000175,161,31,130
120000176,191,41,150
120000177,955,106,849
120000178,61,15,46
120000179,132,49,83
120000180,547,100,447
120000181,121,1166,-1045
120000182,90,655,-565
120000183,11,506,-495
120000184,138,999,-861
120000186,38,670,-632
120000187,42,307,-265
120000188,80,501,-421
120000190,496,47,449
120000191,381,57,324
120000192,382,22,360
120000193,143,6,137
120000195,25,1,24
120000196,124,21,103
120000197,36,63,-27
120000198,154,36,118
120000199,102,0,102
120000200,133,0,133
120000201,13,31,-18
120000202,4,36,-32
120000203,85,128,-43
120000207,1,44,-43
120000208,9,162,-153
120000209,8,54,-46
120000210,40,42,-2
120000211,212,7,205
120000212,207,2,205
120000213,175,165,10
120000214,1,184,-183
120000215,3,111,-108
120000216,118,17,101
120000217,444,917,-473
120000218,121,555,-434
120000219,7,326,-319
120000220,1,863,-862
120000225,1628,3,1625
120000226,359,3,356
120000227,985,63,922
120000228,9050,2755,6295
120000230,334,23,311
120000231,1205,1812,-607
120000233,316,1,315
120000235,281,555,-274
120000236,1132,3,1129
120000237,6,837,-831
120000238,2,944,-942
120000241,1096,2763,-1667
120000412,223,11,212
120000413,163,115,48
120000414,98,2,96
120000415,3,50,-47
120000416,116,0,116
120000417,2,84,-82
120000418,142,12,130
120000419,10,113,-103
120000420,34,9,25
120000421,7089,4754,2335
120000422,98,1354,-1256
120000423,2,80,-78
120000424,124,87,37
120000436,103,640,-537
120000437,142,81,61
120000438,1708,160,1548
120000439,202,449,-247
120000443,236,0,236
120000444,1460,326,1134
120000445,1319,791,528
120000446,589,190,399
120000447,223,1,222
120000449,83,2,81
120000450,4,124,-120
120000451,103,182,-79
120000452,123,4,119
120000453,0,180,-180
120000454,72,57,15
120000455,74,27,47
120000456,2472,3687,-1215
120000457,1343,741,602
120000458,524,920,-396
120000459,91,49,42
120000665,676,275,401
120000668,113,889,-776
120000669,115,149,-34
120000670,138,780,-642
120000671,1234,479,755
120000672,122,408,-286
120900001,81,103,-22
120900002,200,360,-160
120900003,164,11,153
120900004,12,53,-41
120900005,36,1084,-1048
120900006,408,175,233
120900007,156,69,87
120900008,258,941,-683
120900009,653,34,619
120900010,471,120,351
120900011,205,183,22
120900012,115,953,-838
120900013,286,80,206
120900014,6,268,-262
120900015,999,87,912
120900016,883,39,844
120900017,1599,55,1544
120900018,95,285,-190
120900019,518,344,174
120900020,621,1170,-549
120900021,659,169,490
120900022,25,186,-161
120900023,254,78,176
120900024,1284,423,861
120900025,1210,839,371
120900026,469,139,330
120900027,862,24,838
120900028,456,98,358
120900029,117,498,-381
120900030,1299,644,655
120900031,278,89,189
120900032,1182,93,1089
120900033,995,77,918
120900034,8,2449,-2441
120900035,60,55,5
120900037,213,2,211
120900038,59,306,-247
120900039,108,31,77
120900040,248,2,246
120900041,126,23,103
120900042,509,31,478
120900043,69,39,30
120900044,11,287,-276
120900045,262,56,206
120900046,513,12,501
120900047,106,98,8
120900048,114,22,92
120900049,502,3,499
120900050,1192,1321,-129
120900051,268,128,140
120900052,645,3,642
120900053,311,57,254
120900054,1470,333,1137
120900055,416,3,413
120900056,576,15,561
120900057,152,6,146
120900058,596,2,594
120900059,107,5,102
120900060,73,14,59
120900061,174,106,68
120900062,261,4,257
120900063,675,10,665
120900064,647,2,645
120900065,496,1,495
120900066,247,146,101
120900067,157,43,114
120900068,288,1,287
120900069,260,25,235
120900071,8,1,7
120900072,814,5,809
120900073,568,44,524
120900074,370,4,366
120900076,327,2,325
120900077,1626,124,1502
120900078,789,838,-49
120900079,609,73,536
120900080,950,1162,-212
120900081,1145,77,1068
120900082,438,360,78
120900083,109,1,108
120900084,334,397,-63
120900085,59,137,-78
120900086,65,273,-208
120900087,406,353,53
120900088,147,343,-196
120900089,1966,2614,-648
120900090,242,78,164
120900091,665,867,-202
120900092,1034,335,699
120900093,1345,108,1237
120900094,371,142,229
120900095,412,10,402
120900096,51,110,-59
120900097,576,469,107
120900098,221,88,133
120900099,94,41,53
120900100,74,136,-62
120900101,446,181,265
120900102,41,82,-41
120900103,37,186,-149
120900104,39,32,7
120900105,22,254,-232
120900106,1211,318,893
120900107,168,101,67
120900108,4,305,-301
120900109,39,447,-408
120900110,163,730,-567
120900111,195,236,-41
120900112,8,546,-538
120900113,16,511,-495
120900114,49,95,-46
120900115,146,203,-57
120900116,367,270,97
120900117,3,334,-331
120900118,15,541,-526
120900119,5666,3350,2316
120900120,49,283,-234
120900121,307,359,-52
120900122,413,280,133
120900123,1,246,-245
120900124,2,440,-438
120900125,3,406,-403
120900126,1398,626,772
120900127,12,292,-280
120900128,1082,1058,24
120900129,53,223,-170
120900130,0,132,-132
120900131,168,61,107
120900132,1122,145,977
120900133,310,578,-268
120900134,728,366,362
120900135,14,383,-369
120900136,58,107,-49
120900137,248,90,158
120900138,35,152,-117
120900139,4,414,-410
120900140,7,99,-92
120900141,105,226,-121
120900142,12,281,-269
120900143,1,589,-588
120900144,1,111,-110
120900145,214,660,-446
120900146,1,724,-723
120900147,29,428,-399
120900148,90,162,-72
120900149,1,244,-243
120900150,78,483,-405
120900151,22,429,-407
120900152,217,37,180
120900153,48,140,-92
120900154,2,217,-215
120900155,140,687,-547
120900156,135,292,-157
120900157,82,382,-300
120900158,57,451,-394
120900159,310,682,-372
120900160,22,617,-595
120900161,124,441,-317
120900162,141,630,-489
120900163,151,575,-424
120900164,0,52,-52
120900165,23,200,-177
120900166,76,343,-267
120900167,260,90,170
120900169,74,194,-120
120900170,690,2483,-1793
120900171,557,156,401
120900172,406,1187,-781
120900173,5,33,-28
120900174,11,90,-79
120900175,245,86,159
120900176,13,356,-343
120900177,3,1391,-1388
120900178,8,319,-311
120900179,742,312,430
120900180,42,134,-92
120900181,73,33,40
120900182,9,335,-326
120900183,640,54,586
120900184,405,39,366
120900185,5,456,-451
120900186,2,376,-374
120900187,464,795,-331
120900188,220,5,215
120900189,73,1550,-1477
120900190,105,7,98
120900191,11,6,5
120900192,5797,7127,-1330
120900194,51,77,-26
120900195,93,180,-87
120900196,938,40,898
120900197,619,149,470
120900198,239,437,-198
120900199,315,290,25
120900200,60,92,-32
120900201,366,104,262
120900202,2,109,-107
120900203,32,79,-47
120900204,136,174,-38
120900205,46,20,26
120900206,14,26,-12
120900207,46,728,-682
121000001,665,712,-47
121000002,1744,1228,516
121000003,2380,1377,1003
121000004,1895,2602,-707
121000005,1366,1829,-463
121000006,2314,1607,707
121000007,1961,2393,-432
121000008,4161,3220,941
121000009,3703,4372,-669
121000010,5697,4499,1198
121000011,5745,8408,-2663
121000012,11410,7706,3704
121000013,4112,5410,-1298
121000014,4978,4195,783
121000015,3400,6223,-2823
121000016,3708,2582,1126
121000017,1582,2874,-1292
121000018,2057,1343,714
121000019,11907,9852,2055
121000020,10683,14081,-3398
121000021,2113,2023,90
121000022,2130,2488,-358
121000023,2476,1836,640
121000024,3881,3898,-17
121000025,637,1124,-487
121000026,386,141,245
121000027,1282,1070,212
121000028,738,364,374
121000029,830,534,296
121000030,538,294,244
121000031,558,534,24
121000032,224,108,116
121000034,300,170,130
121000035,150,183,-33
121000036,702,640,62
121000037,459,442,17
121000038,427,756,-329
121000039,282,257,25
121000041,417,337,80
121000042,221,376,-155
121000043,545,486,59
121000044,1260,818,442
121000045,339,226,113
121000046,518,634,-116
121000047,260,312,-52
121000049,1130,529,601
121000050,271,1012,-741
121000051,457,261,196
121000052,382,472,-90
121000053,269,97,172
121000054,42,365,-323
121000055,1004,1040,-36
121000056,665,893,-228
121000057,215,383,-168
121000058,261,144,117
121000059,1704,993,711
121000060,472,882,-410
121000061,65,250,-185
121000062,85,318,-233
121000063,809,740,69
121000064,709,710,-1
121000065,268,377,-109
121000066,533,474,59
121000067,474,450,24
121000068,542,295,247
121000069,307,622,-315
121000070,1462,955,507
121000071,1227,1036,191
121000072,675,520,155
121000073,868,791,77
121000074,71,148,-77
121000075,39,184,-145
121000076,567,314,253
121000077,116,174,-58
121000078,126,131,-5
121000080,1529,502,1027
121000081,2202,2436,-234
121000082,109,208,-99
121000083,118,112,6
121000084,148,149,-1
121000085,252,342,-90
121000086,304,444,-140
121000087,76,187,-111
121000088,470,454,16
121000089,278,287,-9
121000090,271,405,-134
121000091,1054,829,225
121000092,171,64,107
121000093,151,190,-39
121000094,421,631,-210
121000095,292,551,-259
121000096,2233,1253,980
121000097,599,1642,-1043
121000098,555,784,-229
121000099,666,604,62
121000100,812,309,503
121000101,370,268,102
121000102,305,208,97
121000103,192,228,-36
121000104,238,121,117
121000105,403,152,251
121000106,302,256,46
121000107,1488,2238,-750
121000109,991,986,5
121000110,213,634,-421
121000114,2405,1655,750
121000115,837,700,137
121000116,455,1115,-660
121000117,492,234,258
121000118,1418,207,1211
121000119,300,337,-37
121000120,234,529,-295
121000121,448,1273,-825
121000123,1062,648,414
121000127,87,63,24
121000128,866,363,503
121000129,1188,429,759
121000130,658,655,3
121000131,1629,1566,63
121000132,1294,1769,-475
121000135,266,300,-34
121000136,947,818,129
121000137,375,313,62
121000138,738,866,-128
121000139,380,358,22
121000141,209,93,116
121000142,537,799,-262
121000143,118,23,95
121000144,575,1445,-870
121000145,614,788,-174
121000146,1278,953,325
121000147,990,382,608
121000148,786,866,-80
121000149,1974,1066,908
121000152,296,379,-83
121000153,1365,482,883
121000154,1016,409,607
121000155,1239,840,399
121000156,408,816,-408
121000157,745,1086,-341
121000158,381,377,4
121000159,195,278,-83
121000160,254,256,-2
121000161,203,249,-46
121000162,92,132,-40
121000165,1035,1663,-628
121000166,12,340,-328
121000168,367,203,164
121000169,69,134,-65
121000170,279,74,205
121000171,62,149,-87
121000172,750,492,258
121000173,997,886,111
121000174,394,354,40
121000175,843,271,572
121000176,344,211,133
121000177,707,522,185
121000178,134,51,83
121000179,140,59,81
121000181,487,329,158
121000182,119,188,-69
121000183,85,93,-8
121000184,42,113,-71
121000185,38,238,-200
121000186,223,441,-218
121000187,131,98,33
121000188,189,99,90
121000192,735,312,423
121000193,563,377,186
121000194,1590,1571,19
121000195,160,690,-530
121000196,437,175,262
121000197,150,552,-402
121000198,160,92,68
121000199,120,266,-146
121000200,508,84,424
121000201,6,158,-152
121000202,631,114,517
121000203,766,1558,-792
121000204,2472,520,1952
121000205,87,192,-105
121000206,83,51,32
121000207,1904,349,1555
121000208,2,221,-219
121000209,404,151,253
121000210,536,313,223
121000211,301,115,186
121000212,433,422,11
121000213,7504,2080,5424
121000214,675,1481,-806
121000215,872,785,87
121000216,421,446,-25
121000217,3180,2377,803
121000218,414,1362,-948
121000219,1141,482,659
121000220,138,62,76
121000221,131,224,-93
121000222,1939,1905,34
121000223,304,337,-33
121000224,207,212,-5
121000225,873,2037,-1164
121000226,1798,1149,649
121000227,10,128,-118
121000228,28,415,-387
121000229,207,236,-29
121000230,60,1041,-981
121000231,932,34,898
121000232,312,208,104
121000233,546,260,286
121000234,25,33,-8
121000235,62,69,-7
121000236,5,49,-44
121000237,62,18,44
121000238,6,73,-67
121000239,48,8,40
121000240,13,176,-163
121000241,112,8,104
121000242,62,482,-420
121000243,351,94,257
121000244,13,102,-89
121000245,53,13,40
121000246,0,90,-90
121000247,80,3,77
121000248,503,697,-194
121000249,74,194,-120
121000250,446,211,235
121000251,13,281,-268
121000252,96,60,36
121000253,267,327,-60
121000254,697,164,533
121000255,104,236,-132
121000256,200,195,5
121000257,33,114,-81
121000258,86,68,18
121000259,34,65,-31
121000260,55,112,-57
121000261,72,79,-7
121000262,819,472,347
121000263,368,359,9
121000271,337,1324,-987
121000273,33,9,24
121000274,10,66,-56
121000275,4,42,-38
121000276,8,39,-31
121000278,50,27,23
121000279,17,30,-13
121000280,18,27,-9
121000289,207,21,186
121000290,870,718,152
121000294,138,69,69
121000297,484,964,-480
121000299,95,628,-533
121000300,580,410,170
121000302,33,700,-667
121000303,436,267,169
121000304,403,45,358
121000305,133,21,112
121000306,92,121,-29
121000308,121,217,-96
121000309,260,346,-86
121000310,81,180,-99
121000311,76,482,-406
121000312,246,160,86
121000313,231,305,-74
121000314,193,234,-41
121000315,38,86,-48
121000530,1437,962,475
121000531,1326,1152,174
121000532,4996,5764,-768
121000533,2603,2687,-84
121000918,44,98,-54
121000919,45,71,-26
121000938,85,167,-82
121000939,73,233,-160
121000956,1405,874,531
121000957,4,13,-9
121000958,29,34,-5
121000959,798,581,217
121000960,1465,1421,44
121000961,229,45,184
121000962,386,462,-76
121000973,2,134,-132
121000976,15,178,-163
121000979,379,129,250
121000981,296,99,197
121000982,357,139,218
121000983,432,298,134
121000984,9,59,-50
121000985,578,394,184
121000986,286,110,176
121000987,225,586,-361
121000988,723,124,599
121001302,171,109,62
121001308,0,8,-8
121001309,42,130,-88
121001313,146,96,50
121001314,1650,1966,-316
121001315,4303,2719,1584
121001326,376,337,39
121900001,94,125,-31
121900002,40,39,1
121900003,341,2,339
121900004,77,321,-244
121900005,13,1,12
121900006,92,14,78
121900007,1455,1424,31
121900008,255,190,65
121900009,379,10,369
121900010,173,8,165
121900011,185,247,-62
121900012,14,0,14
121900013,838,92,746
121900014,993,288,705
121900015,168,141,27
121900016,1,35,-34
121900017,456,312,144
121900018,301,9,292
121900019,455,189,266
121900020,31,2,29
121900021,801,27,774
121900022,313,177,136
121900023,114,250,-136
121900024,260,68,192
121900025,448,358,90
121900026,183,24,159
121900027,309,106,203
121900028,185,10,175
121900029,104,193,-89
121900030,395,418,-23
121900031,702,4994,-4292
121900032,104,53,51
121900033,203,207,-4
121900034,218,62,156
121900035,2101,1790,311
121900036,64,239,-175
121900037,104,821,-717
121900038,42,56,-14
121900039,309,32,277
121900040,69,91,-22
121900041,102,175,-73
121900042,315,127,188
121900043,5,2,3
121900044,82,42,40
121900046,175,170,5
121900047,180,52,128
121900048,28,62,-34
121900050,30,53,-23
121900051,156,153,3
121900052,105,38,67
121900053,435,241,194
121900054,362,640,-278
121900055,1,8,-7
121900058,143,108,35
121900059,289,104,185
121900060,105,291,-186
121900062,114,96,18
121900063,1380,419,961
121900064,196,420,-224
121900066,76,18,58
121900067,23,24,-1
121900069,154,84,70
121900070,114,135,-21
121900071,287,174,113
121900072,32,139,-107
121900073,214,178,36
121900074,492,785,-293
121900075,321,446,-125
121900076,340,581,-241
121900078,42,19,23
121900079,0,0,0
121900080,595,250,345
121900082,69,97,-28
121900084,12,66,-54
121900086,26,47,-21
121900087,124,110,14
121900088,1209,1718,-509
121900089,188,241,-53
121900090,11,43,-32
121900091,64,93,-29
121900092,74,132,-58
121900093,74,57,17
121900094,17,3,14
121900095,312,144,168
121900096,894,662,232
121900097,521,184,337
121900098,4,0,4
121900099,239,49,190
121900100,146,405,-259
121900101,109,139,-30
121900102,3,78,-75
121900103,322,255,67
121900104,1104,239,865
121900105,236,146,90
121900106,4,5,-1
121900107,42,26,16
121900108,2,15,-13
121900109,218,174,44
121900110,432,466,-34
121900111,509,157,352
121900112,98,126,-28
121900113,50,397,-347
121900114,21,43,-22
121900117,111,80,31
121900118,1377,420,957
121900119,149,79,70
121900120,32,755,-723
121900121,215,24,191
121900122,29,53,-24
121900123,189,277,-88
121900124,141,146,-5
121900125,862,666,196
121900127,11,57,-46
121900128,48,60,-12
121900129,361,152,209
121900130,101,169,-68
121900131,208,71,137
121900132,29,59,-30
121900133,82,908,-826
121900134,19,120,-101
121900135,2524,294,2230
121900136,371,243,128
121900137,18,193,-175
121900138,63,104,-41
121900139,261,583,-322
121900140,46,125,-79
121900141,68,34,34
121900142,126,103,23
121900143,28,152,-124
121900144,117,215,-98
121900145,141,184,-43
121900146,413,487,-74
121900147,52,128,-76
121900148,108,202,-94
121900149,230,369,-139
121900150,49,109,-60
121900151,39,201,-162
121900152,61,78,-17
121900153,78,581,-503
121900154,6,227,-221
121900155,1,69,-68
121900156,187,99,88
121900157,1,303,-302
121900158,85,100,-15
121900159,3,156,-153
121900160,3,205,-202
121900161,240,276,-36
121900162,71,150,-79
121900163,297,507,-210
121900164,274,188,86
121900165,155,139,16
121900166,143,112,31
121900167,79,80,-1
121900168,110,181,-71
121900169,9,124,-115
121900170,4,129,-125
121900171,614,414,200
121900172,403,118,285
121900173,482,193,289
121900174,65,57,8
121900175,170,126,44
121900176,411,1013,-602
121900177,150,75,75
121900178,45,35,10
121900179,344,156,188
121900180,2000,3446,-1446
121900182,586,299,287
121900183,493,938,-445
121900184,44,471,-427
121900186,6,297,-291
121900187,26,90,-64
121900188,368,246,122
121900189,31,61,-30
121900190,164,331,-167
121900191,77,272,-195
121900192,199,932,-733
121900193,65,163,-98
121900194,2,206,-204
121900195,57,58,-1
121900196,495,635,-140
121900197,285,933,-648
121900198,1029,825,204
121900199,5,46,-41
121900200,43,157,-114
121900201,683,499,184
121900202,90,506,-416
121900203,136,670,-534
121900204,490,1043,-553
121900205,12,78,-66
121900206,11,17,-6
121900207,86,28,58
121900208,135,211,-76
121900209,36,21,15
121900210,1246,735,511
121900211,368,361,7
121900212,90,90,0
121900213,144,43,101
121900214,5,355,-350
121900215,50,74,-24
121900216,31,182,-151
121900217,171,155,16
121900218,159,302,-143
121900220,79,8,71
121900221,193,353,-160
121900222,149,126,23
121900223,101,24,77
121900224,49,27,22
121900225,84,143,-59
121900226,191,104,87
121900227,184,472,-288
121900228,147,161,-14
121900230,75,166,-91
121900231,189,779,-590
121900232,150,279,-129
121900233,90,132,-42
121900234,208,131,77
121900235,331,93,238
121900236,290,93,197
121900237,154,188,-34
121900238,104,191,-87
121900239,174,26,148
121900240,219,106,113
121900241,52,34,18
121900242,3,0,3
121900243,3,0,3
121900244,24,1,23
121900245,135,40,95
121900246,2154,255,1899
121900248,863,966,-103
121900250,133,270,-137
121900251,436,40,396
121900252,383,106,277
121900253,181,787,-606
121900254,363,213,150
121900255,402,83,319
121900258,2836,1474,1362
121900259,383,446,-63
121900260,57,101,-44
121900261,173,460,-287
121900262,263,654,-391
121900263,206,181,25
121900264,1181,816,365
121900265,201,170,31
121900266,366,117,249
121900267,72,29,43
121900269,190,514,-324
121900270,24,156,-132
121900271,35,99,-64
121900273,333,1328,-995
121900274,250,173,77
121900277,510,1030,-520
121900278,93,722,-629
121900279,125,139,-14
121900280,80,307,-227
121900281,190,301,-111
121900284,94,7,87
121900286,114,74,40
121900287,13,22,-9
121900288,10,2,8
121900290,238,304,-66
121900291,302,479,-177
121900292,135,106,29
121900293,780,2108,-1328
121900294,183,2,181
121900295,67,140,-73
121900296,29,162,-133
121900298,207,697,-490
121900299,0,7,-7
121900300,49,7,42
121900301,61,0,61
121900302,2,57,-55
121900303,229,262,-33
121900304,1,11,-10
121900305,2,27,-25
121900306,208,0,208
121900307,83,2,81
121900308,21,211,-190
121900309,5,182,-177
121900310,21,383,-362
121900311,373,21,352
121900312,221,16,205
121900313,309,11,298
121900314,5,47,-42
121900315,7,1,6
121900316,0,18,-18
121900317,18,5,13
121900318,3,18,-15
121900319,36,56,-20
121900320,49,71,-22
121900321,20,1,19
121900322,5,18,-13
121900323,9,19,-10
121900324,5,36,-31
121900325,16,0,16
121900326,4,25,-21
121900327,1,40,-39
121900328,0,45,-45
121900329,2,139,-137
121900330,0,61,-61
121900331,22,33,-11
121900332,56,27,29
121900333,22,0,22
121900334,63,42,21
122000001,1500,4527,-3027
122000002,3152,1263,1889
122000003,1373,2329,-956
122000004,2174,1244,930
122000005,2095,1480,615
122000006,1236,864,372
122000007,734,1414,-680
122000008,1893,3114,-1221
122000009,363,404,-41
122000010,1788,2156,-368
122000011,2286,1220,1066
122000012,943,1413,-470
122000013,793,932,-139
122000014,1564,872,692
122000015,1086,898,188
122000016,418,653,-235
122000017,874,795,79
122000018,1232,1132,100
122000019,744,955,-211
122000020,146,215,-69
122000021,213,342,-129
122000022,915,837,78
122000023,586,1214,-628
122000024,532,1071,-539
122000025,654,1565,-911
122000026,566,1170,-604
122000027,487,1319,-832
122000028,598,325,273
122000029,357,348,9
122000030,188,128,60
122000031,190,298,-108
122000032,1548,1558,-10
122000033,383,1147,-764
122000034,415,479,-64
122000035,166,529,-363
122000036,417,436,-19
122000037,266,168,98
122000038,211,250,-39
122000039,521,404,117
122000040,205,237,-32
122000041,401,511,-110
122000042,289,396,-107
122000043,88,104,-16
122000044,132,129,3
122000045,1101,454,647
122000046,740,547,193
122000047,130,158,-28
122000048,2794,3290,-496
122000049,4235,2779,1456
122000050,957,633,324
122000051,216,358,-142
122000052,404,426,-22
122000053,179,764,-585
122000054,1709,1487,222
122000055,1687,2876,-1189
122000056,3426,2793,633
122000057,2314,3132,-818
122000058,1473,1474,-1
122000059,1559,1973,-414
122000060,369,648,-279
122000061,320,528,-208
122000062,679,267,412
122000063,750,650,100
122000064,2661,2884,-223
122000065,2674,2056,618
122000066,343,458,-115
122000067,1246,961,285
122000068,1115,806,309
122000069,792,702,90
122000070,625,986,-361
122000071,1334,782,552
122000072,342,373,-31
122000073,292,758,-466
122000074,2089,1252,837
122000075,597,951,-354
122000076,2696,1126,1570
122000077,742,1100,-358
122000078,1314,2898,-1584
122000079,644,1182,-538
122000080,543,390,153
122000081,180,207,-27
122000082,456,983,-527
122000083,1465,1177,288
122000084,1263,597,666
122000085,190,586,-396
122000086,1690,4151,-2461
122000087,239,207,32
122000088,222,374,-152
122000089,3443,1662,1781
122000090,101,433,-332
122000091,139,96,43
122000092,73,18,55
122000093,1236,1835,-599
122000094,3811,2213,1598
122000095,1292,2686,-1394
122000096,1043,1320,-277
122000098,2236,2122,114
122000099,1214,691,523
122000100,597,457,140
122000101,276,489,-213
122000102,1508,808,700
122000103,1349,1151,198
122000104,395,142,253
122000105,410,196,214
122000106,319,510,-191
122000107,832,315,517
122000108,368,629,-261
122000109,322,203,119
122000110,378,409,-31
122000111,2497,1101,1396
122000112,1051,1172,-121
122000113,600,549,51
122000114,1955,1398,557
122000115,1654,954,700
122000116,397,436,-39
122000117,1089,368,721
122000118,492,667,-175
122000119,2265,1915,350
122000120,1748,3213,-1465
122000121,1639,2453,-814
122000122,567,1190,-623
122000123,1430,1302,128
122000124,760,397,363
122000125,379,384,-5
122000126,469,838,-369
122000127,758,966,-208
122000128,367,490,-123
122000129,539,1141,-602
122000130,2173,1061,1112
122000131,1190,914,276
122000132,416,403,13
122000133,747,911,-164
122000134,747,695,52
122000135,577,638,-61
122000136,556,507,49
122000137,1512,761,751
122000139,834,2595,-1761
122000140,565,500,65
122000141,2741,847,1894
122000142,205,684,-479
122000143,355,388,-33
122000144,1130,783,347
122000145,872,531,341
122000146,653,874,-221
122000147,512,407,105
122000148,1163,1557,-394
122000149,1624,1333,291
122000150,953,836,117
122000151,127,345,-218
122000152,261,300,-39
122000153,324,259,65
122000154,233,230,3
122000155,1198,2070,-872
122000156,1850,2108,-258
122000157,976,1884,-908
122000158,297,517,-220
122000159,524,1199,-675
122000160,3072,1872,1200
122000161,1175,922,253
122000162,1425,1503,-78
122000163,184,63,121
122000164,59,108,-49
122000165,693,616,77
122000166,776,879,-103
122000167,245,219,26
122000168,178,460,-282
122000169,296,190,106
122000170,320,177,143
122000171,58,71,-13
122000172,1418,1037,381
122000173,1174,1756,-582
122000174,1725,773,952
122000175,773,228,545
122000176,271,658,-387
122000177,1180,1204,-24
122000178,2117,1848,269
122000179,1201,1879,-678
122000180,1243,1056,187
122000181,1135,2433,-1298
122000182,1273,1158,115
122000183,1660,835,825
122000184,2153,2052,101
122000185,973,1440,-467
122000186,383,690,-307
122000187,1450,791,659
122000188,388,244,144
122000189,347,278,69
122000190,710,1266,-556
122000191,576,507,69
122000192,831,361,470
122000193,391,599,-208
122000194,401,192,209
122000195,187,453,-266
122000196,838,572,266
122000197,450,509,-59
122000198,388,687,-299
122000199,258,289,-31
122000200,713,509,204
122000201,961,1322,-361
122000202,1006,1264,-258
122000203,2676,1296,1380
122000204,1138,1452,-314
122000205,936,1095,-159
122000206,2245,858,1387
122000207,1950,1131,819
122000208,1743,1097,646
122000209,1550,298,1252
122000210,1691,1357,334
122000211,990,1037,-47
122000212,756,491,265
122000213,960,1177,-217
122000214,1851,1628,223
122000215,1766,1464,302
122000217,1841,1067,774
122000218,610,45,565
122000219,1009,818,191
122000220,330,540,-210
122000221,55,300,-245
122000222,534,154,380
122000223,1124,794,330
122000225,676,290,386
122000226,1354,1460,-106
122000227,168,1798,-1630
122000228,305,343,-38
122000229,73,357,-284
122000230,147,355,-208
122000231,366,563,-197
122000232,539,695,-156
122000233,0,60,-60
122000234,329,70,259
122000235,765,117,648
122000236,1064,66,998
122000237,87,79,8
122000238,375,239,136
122000239,517,180,337
122000240,1081,547,534
122000241,1645,437,1208
122000242,606,111,495
122000243,270,86,184
122000244,77,304,-227
122000245,52,108,-56
122000246,348,132,216
122000247,494,655,-161
122000248,846,1172,-326
122000249,1065,784,281
122000250,1656,891,765
122000251,226,290,-64
122000252,401,94,307
122000253,186,212,-26
122000254,238,97,141
122000255,459,1073,-614
122000256,461,679,-218
122000257,153,207,-54
122000258,258,225,33
122000259,33,371,-338
122000260,193,547,-354
122000261,11,168,-157
122000262,0,34,-34
122000263,253,136,117
122000264,1032,253,779
122000265,1958,683,1275
122000266,3158,500,2658
122000267,283,142,141
122000268,141,270,-129
122000269,735,244,491
122000270,418,163,255
122000271,255,700,-445
122000272,300,653,-353
122000273,341,317,24
122000274,181,186,-5
122000275,285,204,81
122000276,604,460,144
122000277,1041,1294,-253
122000278,1480,547,933
122000279,132,264,-132
122000280,781,413,368
122000281,705,501,204
122000282,195,342,-147
122000283,276,121,155
122000284,163,57,106
122000285,351,72,279
122000286,63,100,-37
122000287,963,1086,-123
122000288,453,182,271
122000291,1907,615,1292
122000293,231,174,57
122000294,132,278,-146
122000295,1035,188,847
122000296,41,525,-484
122000297,1759,2957,-1198
122000299,490,321,169
122000300,592,499,93
122000301,6273,2733,3540
122000302,524,1569,-1045
122000303,2369,1003,1366
122000304,82,186,-104
122000305,1025,487,538
122000306,40,446,-406
122000307,98,105,-7
122000309,46,49,-3
122000310,29,112,-83
122000311,217,131,86
122000312,149,203,-54
122000313,185,67,118
122000314,92,249,-157
122000315,275,54,221
122000316,738,177,561
122000317,1342,213,1129
122000318,246,482,-236
122000319,156,259,-103
122000320,254,764,-510
122000321,85,129,-44
122000322,1520,1766,-246
122000323,944,1744,-800
122000324,810,1076,-266
122000325,727,1681,-954
122000326,117,77,40
122000327,327,579,-252
122000328,626,484,142
122000330,1408,672,736
122000333,14,97,-83
122000337,847,1015,-168
122000338,534,314,220
122000340,204,438,-234
122000342,1093,680,413
122000343,361,819,-458
122000344,66,11,55
122000345,160,46,114
122000346,329,300,29
122000348,711,511,200
122000349,83,410,-327
122000351,182,166,16
122000352,275,163,112
122000353,104,73,31
122000355,137,291,-154
122000356,796,909,-113
122000357,61,18,43
122000358,0,40,-40
122000359,0,25,-25
122000360,0,18,-18
122000362,14,59,-45
122000364,153,239,-86
122000365,5,33,-28
122000366,5,6,-1
122000368,418,538,-120
122000370,14,35,-21
122000371,29,0,29
122000372,5,4,1
122000381,77,260,-183
122000382,65,223,-158
122000384,1560,926,634
122000385,67,0,67
122000386,234,960,-726
122000387,363,538,-175
122000388,944,559,385
122000389,121,604,-483
122000390,269,175,94
122000391,250,237,13
122000392,144,145,-1
122000393,222,266,-44
122000394,454,160,294
122000395,97,88,9
122000396,247,66,181
122000397,24,35,-11
122000398,12,52,-40
122000399,89,56,33
122000400,68,475,-407
122000401,84,35,49
122000402,247,114,133
122000403,342,445,-103
122000404,154,117,37
122000408,721,895,-174
122000503,12,144,-132
122000524,165,107,58
122000544,92,1932,-1840
122000614,384,358,26
122000616,216,2,214
122000640,80,84,-4
122000641,153,196,-43
122000642,852,647,205
122000643,52,156,-104
122000644,115,31,84
122000645,77,143,-66
122000651,826,784,42
122000664,123,21,102
122000665,1015,463,552
122000666,546,1020,-474
122000673,48,165,-117
122000674,191,84,107
122000675,1599,618,981
122000686,438,735,-297
122000687,1520,283,1237
122000688,234,423,-189
122000689,739,285,454
122000690,2145,258,1887
122000691,719,1093,-374
122000692,1349,213,1136
122000693,372,1318,-946
122000695,113,106,7
122000696,381,173,208
122000698,541,555,-14
122000699,150,54,96
122000701,1386,253,1133
122000702,446,764,-318
122000703,184,58,126
122000712,0,0,0
122000717,372,155,217
122000718,917,1864,-947
122000719,151,71,80
122000720,449,92,357
122000724,248,190,58
122900001,23,9,14
122900002,795,4328,-3533
122900003,332,31,301
122900004,906,54,852
122900005,101,51,50
122900006,326,374,-48
122900007,170,49,121
122900008,355,176,179
122900009,421,309,112
122900010,145,111,34
122900012,155,277,-122
122900014,117,170,-53
122900015,999,803,196
122900016,113,155,-42
122900017,214,553,-339
122900018,104,20,84
122900020,149,316,-167
122900021,46,276,-230
122900022,806,655,151
122900023,268,107,161
122900024,87,93,-6
122900025,9,236,-227
122900026,25,170,-145
122900027,43,549,-506
122900028,100,151,-51
122900029,3156,2147,1009
122900030,729,435,294
122900031,25,235,-210
122900032,111,286,-175
122900033,206,134,72
122900034,3719,3897,-178
122900035,2,13,-11
122900036,38,52,-14
122900037,312,132,180
122900038,100,2076,-1976
122900039,89,409,-320
122900040,195,314,-119
122900041,240,267,-27
122900042,108,249,-141
122900043,206,215,-9
122900044,83,229,-146
122900045,98,86,12
122900046,145,216,-71
122900047,113,192,-79
122900048,37,133,-96
122900049,1152,165,987
122900051,81,95,-14
122900052,120,127,-7
122900053,27,16,11
122900055,293,46,247
122900057,207,38,169
122900061,371,140,231
122900062,497,486,11
122900063,173,172,1
122900064,634,340,294
122900065,423,201,222
122900066,629,284,345
122900067,768,408,360
122900069,241,945,-704
122900070,316,39,277
122900071,137,293,-156
122900073,41,147,-106
122900074,697,329,368
122900075,1,31,-30
122900076,4,160,-156
122900077,7,76,-69
122900078,174,51,123
122900080,41,56,-15
122900081,196,101,95
122900082,761,173,588
122900083,120,92,28
122900084,11,160,-149
122900086,14,85,-71
122900087,289,312,-23
122900088,27,170,-143
122900089,206,255,-49
122900090,2,272,-270
122900091,217,1,216
122900092,0,74,-74
122900093,1,133,-132
122900094,1,114,-113
122900095,115,17,98
122900096,295,125,170
122900097,38,33,5
122900098,56,72,-16
122900099,87,16,71
122900100,130,200,-70
122900101,328,235,93
122900102,25,23,2
122900103,139,7,132
122900104,246,2,244
122900105,20,6,14
122900106,7,36,-29
122900107,3,100,-97
122900108,2,112,-110
122900109,143,87,56
123000001,956,410,546
123000002,2466,4249,-1783
123000003,3146,3366,-220
123000004,2521,3020,-499
123000005,2339,2462,-123
123000006,2049,2014,35
123000007,3805,2390,1415
123000008,2232,2609,-377
123000009,3545,2324,1221
123000010,2608,2774,-166
123000011,1661,745,916
123000012,607,1633,-1026
123000013,3034,822,2212
123000014,760,2656,-1896
123000015,2127,1169,958
123000016,2791,3343,-552
123000017,2838,1407,1431
123000018,66,65,1
123000019,365,164,201
123000020,193,51,142
123000021,132,132,0
123000022,286,1278,-992
123000023,1390,1366,24
123000024,1448,621,827
123000025,316,81,235
123000026,57,78,-21
123000027,98,480,-382
123000028,970,723,247
123000029,580,1174,-594
123000030,274,163,111
123000031,229,154,75
123000032,299,104,195
123000033,247,73,174
123000034,792,569,223
123000035,301,293,8
123000036,412,948,-536
123000037,139,159,-20
123000038,60,198,-138
123000039,411,1238,-827
123000040,492,242,250
123000041,1172,1190,-18
123000042,742,608,134
123000043,1807,8451,-6644
123000044,3138,1619,1519
123000045,3888,2141,1747
123000046,477,1204,-727
123000047,1110,773,337
123000048,40,765,-725
123000049,4472,8010,-3538
123000050,1167,1115,52
123000051,91,202,-111
123000052,655,2535,-1880
123000053,2012,2252,-240
123000054,1342,1216,126
123000055,1125,2133,-1008
123000056,968,1304,-336
123000057,5928,5191,737
123000058,522,861,-339
123000059,301,383,-82
123000060,728,274,454
123000061,190,561,-371
123000063,755,695,60
123000064,827,214,613
123000065,3024,1792,1232
123000066,455,440,15
123000067,783,530,253
123000068,1949,1824,125
123000069,4414,1908,2506
123000070,180,548,-368
123000071,906,646,260
123000072,927,568,359
123000073,1289,638,651
123000074,1035,743,292
123000075,344,840,-496
123000076,629,509,120
123000077,1699,1609,90
123000078,1473,1305,168
123000079,1447,1298,149
123000080,1859,1075,784
123000081,118,262,-144
123000082,241,715,-474
123000083,702,206,496
123000084,589,427,162
123000085,312,82,230
123000086,562,116,446
123000087,280,211,69
123000088,1187,505,682
123000089,526,823,-297
123000090,1233,674,559
123000091,1201,1026,175
123000092,797,912,-115
123000094,424,138,286
123000095,479,463,16
123000096,783,283,500
123000097,403,442,-39
123000098,618,387,231
123000099,524,486,38
123000100,383,537,-154
123000101,400,532,-132
123000102,432,572,-140
123000104,476,641,-165
123000105,317,396,-79
123000106,531,453,78
123000107,317,450,-133
123000108,398,895,-497
123000111,837,262,575
123000112,1031,369,662
123000113,476,712,-236
123000114,272,496,-224
123000115,258,221,37
123000116,51,96,-45
123000117,1223,1020,203
123000118,342,460,-118
123000119,157,539,-382
123000120,258,505,-247
123000121,411,443,-32
123000122,248,236,12
123000123,446,455,-9
123000124,415,317,98
123000125,1022,1076,-54
123000126,1009,3046,-2037
123000127,583,438,145
123000128,236,221,15
123000129,721,200,521
123000130,689,52,637
123000131,858,721,137
123000132,269,428,-159
123000133,196,295,-99
123000134,278,122,156
123000135,1827,855,972
123000136,145,439,-294
123000137,80,154,-74
123000138,80,211,-131
123000139,439,119,320
123000140,93,392,-299
123000141,571,94,477
123000142,806,810,-4
123000143,882,1359,-477
123000144,26,29,-3
123000145,104,140,-36
123000146,12,94,-82
123000147,39,68,-29
123000149,291,325,-34
123000150,129,187,-58
123000151,212,400,-188
123000152,43,258,-215
123000153,127,586,-459
123000154,1048,1547,-499
123000155,1504,1082,422
123000156,13,88,-75
123000157,521,619,-98
123000158,484,654,-170
123000159,2248,2176,72
123000160,950,675,275
123000161,1383,1020,363
123000162,993,1173,-180
123000163,466,92,374
123000164,1401,315,1086
123000165,424,1017,-593
123000166,44,98,-54
123000167,128,190,-62
123000168,283,142,141
123000169,592,125,467
123000170,115,110,5
123000171,580,24,556
123000172,136,277,-141
123000173,402,193,209
123000174,878,294,584
123000175,437,647,-210
123000176,917,212,705
123000177,223,607,-384
123000178,684,145,539
123000179,45,386,-341
123000180,1277,309,968
123000181,214,693,-479
123000182,143,203,-60
123000183,133,366,-233
123000184,89,286,-197
123000185,691,290,401
123000186,28,329,-301
123000187,512,8,504
123000188,281,21,260
123000189,67,13,54
123000190,37,108,-71
123000192,34,324,-290
123000193,82,618,-536
123000194,201,135,66
123000195,354,29,325
123000196,249,28,221
123000197,109,53,56
123000198,50,590,-540
123000199,30,593,-563
123000200,515,17,498
123000201,1032,28,1004
123000202,25,688,-663
123000203,795,59,736
123000204,79,677,-598
123000205,385,955,-570
123000206,1811,233,1578
123000207,101,603,-502
123000208,471,295,176
123000209,2218,618,1600
123000210,546,1497,-951
123000211,436,1290,-854
123000212,2558,375,2183
123000213,572,62,510
123000215,96,313,-217
123000216,117,1166,-1049
123000217,146,51,95
123000218,38,495,-457
123000219,608,76,532
123000220,427,70,357
123000221,115,96,19
123000222,320,222,98
123000223,251,128,123
123000224,358,271,87
123000225,259,68,191
123000226,48,340,-292
123000227,50,210,-160
123000228,224,45,179
123000229,690,947,-257
123000232,123,397,-274
123000233,601,108,493
123000234,139,430,-291
123000235,973,234,739
123000236,210,486,-276
123000237,250,55,195
123000238,63,285,-222
123000239,348,752,-404
123000240,36,396,-360
123000241,266,57,209
123000242,118,149,-31
123000243,673,750,-77
123000244,752,577,175
123000245,37,133,-96
123000249,705,503,202
123000252,777,189,588
123000253,1119,427,692
123000254,665,541,124
123000255,859,653,206
123000256,39,205,-166
123000257,1861,1251,610
123000258,789,615,174
123000259,355,409,-54
123000260,444,251,193
123000261,229,71,158
123000262,115,139,-24
123000263,408,76,332
123000264,195,80,115
123000265,67,116,-49
123000266,499,489,10
123000267,595,302,293
123000268,52,56,-4
123000269,45,46,-1
123000270,16,26,-10
123000271,59,49,10
123000272,614,246,368
123000273,289,557,-268
123000274,1119,460,659
123000275,166,579,-413
123000278,2054,1947,107
123000279,173,77,96
123000280,310,230,80
123000281,287,65,222
123000282,106,210,-104
123000283,118,57,61
123000284,45,54,-9
123000286,141,273,-132
123000287,383,254,129
123000288,1089,764,325
123000289,334,921,-587
123000291,223,767,-544
123000294,232,214,18
123000295,855,723,132
123000296,725,500,225
123000297,702,418,284
123000298,712,282,430
123000299,189,246,-57
123000300,952,773,179
123000301,155,241,-86
123000302,81,107,-26
123000303,102,202,-100
123000305,674,691,-17
123000306,119,88,31
123000309,45,41,4
123000310,44,23,21
123000311,10,99,-89
123000312,558,441,117
123000313,557,396,161
123000315,133,170,-37
123000316,777,347,430
123000317,159,56,103
123000318,38,141,-103
123000329,10,32,-22
123000337,655,435,220
123000338,256,96,160
123000339,209,74,135
123000340,80,213,-133
123000342,40,76,-36
123000343,46,5,41
123000344,864,264,600
123000345,290,439,-149
123000346,410,59,351
123000352,968,656,312
123000353,30,76,-46
123000354,330,18,312
123000355,0,292,-292
123000356,339,12,327
123000357,3,86,-83
123000359,0,77,-77
123000360,170,78,92
123000361,148,208,-60
123000362,307,84,223
123000363,82,117,-35
123000364,355,419,-64
123000365,18,311,-293
123000366,299,1479,-1180
123000367,260,618,-358
123000370,22,525,-503
123000371,669,53,616
123000372,289,46,243
123000373,5,133,-128
123000374,6,129,-123
123000375,300,38,262
123000376,879,612,267
123000377,286,12,274
123000378,9,230,-221
123000379,4,191,-187
123000380,11,121,-110
123000381,90,51,39
123000382,599,102,497
123000383,101,961,-860
123000384,443,84,359
123000385,156,493,-337
123000436,48,925,-877
123000507,133,194,-61
123000508,190,915,-725
123000517,203,20,183
123000518,24,167,-143
123000519,115,50,65
123000520,27,174,-147
123000521,314,72,242
123000522,92,278,-186
123000541,7,3,4
123000542,0,6,-6
123000565,554,42,512
123000566,240,356,-116
123000567,527,185,342
123000573,42,425,-383
123000574,724,60,664
123000575,1294,638,656
123000576,696,820,-124
123000577,41,451,-410
123000578,330,52,278
123000579,1437,5042,-3605
123000580,153,112,41
123000582,340,29,311
123000583,26,238,-212
123000584,160,227,-67
123000585,0,51,-51
123000586,108,0,108
123000596,57,62,-5
123000597,57,102,-45
123000602,65,19,46
123000603,757,480,277
123000604,547,386,161
123000605,748,36,712
123000606,1,409,-408
123000609,10,227,-217
123000610,170,85,85
123000613,34,152,-118
123000614,230,33,197
123000615,84,136,-52
123000616,706,41,665
123000617,56,225,-169
123000618,44,500,-456
123000619,329,59,270
123000620,16,302,-286
123000622,377,12,365
123000624,164,98,66
123000630,1350,427,923
123000631,209,651,-442
123000632,645,580,65
123000633,1,281,-280
123000634,45,163,-118
123000635,70,79,-9
123000636,53,412,-359
123000637,258,16,242
123000638,485,19,466
123000639,632,4095,-3463
123000640,42,277,-235
123000648,457,105,352
123000649,42,278,-236
123000650,112,41,71
123000651,29,103,-74
123000652,90,9,81
123000653,11,97,-86
123000654,14,131,-117
123900001,845,33,812
123900002,32,1043,-1011
123900003,141,300,-159
123900005,184,134,50
123900006,231,29,202
124000001,1574,106,1468
124000002,25,921,-896
124000003,684,108,576
124000004,53,291,-238
124000005,936,330,606
124000006,139,501,-362
124000007,425,109,316
124000008,11,350,-339
124000009,607,206,401
124000010,204,328,-124
124000011,671,210,461
124000012,199,331,-132
124000017,154,119,35
124000018,93,65,28
124000019,143,90,53
124000020,46,127,-81
124000021,87,69,18
124000022,67,144,-77
124000023,525,166,359
124000024,811,275,536
124000025,562,421,141
124000026,599,284,315
124000027,1065,588,477
124000028,1639,609,1030
124000031,1309,2497,-1188
124000032,1130,737,393
124000033,966,555,411
124000034,420,951,-531
124000035,343,198,145
124000036,298,506,-208
124000037,365,811,-446
124000038,26,101,-75
124000039,639,387,252
124000040,397,777,-380
124000041,372,124,248
124000042,135,303,-168
124000043,102,91,11
124000044,93,169,-76
124000045,648,317,331
124000046,217,408,-191
124000047,1176,441,735
124000048,640,728,-88
124000049,1649,446,1203
124000050,613,986,-373
124000051,913,434,479
124000052,494,644,-150
124000053,477,1204,-727
124000054,749,462,287
124000055,1207,2377,-1170
124000056,1396,863,533
124000057,948,459,489
124000058,460,745,-285
124000059,710,1166,-456
124000060,922,556,366
124000061,1276,5224,-3948
124000062,3434,1277,2157
124000063,957,1151,-194
124000064,1830,1062,768
124000065,101,482,-381
124000066,246,109,137
124000067,162,115,47
124000068,113,113,0
124000069,564,178,386
124000070,232,432,-200
124000071,215,112,103
124000072,206,373,-167
124000073,715,145,570
124000074,341,539,-198
124000075,249,39,210
124000076,19,80,-61
124000077,1008,637,371
124000078,1806,869,937
124000079,239,853,-614
124000080,534,120,414
124000081,171,379,-208
124000082,76,160,-84
124000083,99,101,-2
124000084,91,524,-433
124000085,87,39,48
124000086,24,78,-54
124000087,127,80,47
124000088,92,295,-203
124000089,728,227,501
124000090,182,245,-63
124000091,588,109,479
124000092,138,459,-321
124000093,129,66,63
124000094,148,426,-278
124000095,103,110,-7
124000096,153,149,4
124000097,91,133,-42
124000098,110,68,42
124000099,221,96,125
124000100,48,138,-90
124000101,83,122,-39
124000102,76,41,35
124000103,136,108,28
124000104,80,31,49
124000105,99,76,23
124000106,115,56,59
124000107,19,179,-160
124000108,30,20,10
124000109,128,108,20
124000110,183,70,113
124000111,171,94,77
124000112,595,410,185
124000113,75,70,5
124000114,271,305,-34
124000115,284,393,-109
124000116,107,111,-4
124000117,73,62,11
124000118,39,77,-38
124000119,636,370,266
124000120,447,450,-3
124000121,1822,798,1024
124000122,421,1113,-692
124000123,795,293,502
124000124,341,725,-384
124000125,319,306,13
124000126,273,446,-173
124000127,732,272,460
124000128,527,551,-24
124000129,1752,1156,596
124000130,628,416,212
124000131,739,396,343
124000132,695,470,225
124000133,829,621,208
124000134,683,434,249
124000135,1382,1316,66
124000136,633,655,-22
124000137,764,557,207
124000138,794,916,-122
124000139,509,57,452
124000140,44,384,-340
124000141,813,41,772
124000142,76,429,-353
124000143,96,8,88
124000144,9,173,-164
124000145,117,29,88
124000146,28,91,-63
124000148,16,83,-67
124000149,864,362,502
124000150,380,485,-105
124000151,857,296,561
124000152,628,975,-347
124000153,1030,780,250
124000154,565,683,-118
124000155,1230,773,457
124000156,1365,900,465
124000169,165,344,-179
124000170,328,325,3
124000171,222,204,18
124000172,220,317,-97
124000173,439,170,269
124000174,373,368,5
124000175,14,60,-46
124000176,34,20,14
124000177,11,31,-20
124000178,30,32,-2
124000185,43,12,31
124000186,5,33,-28
124000187,2,46,-44
124000188,79,11,68
124000190,130,64,66
124000191,160,157,3
124000192,1249,318,931
124000193,202,718,-516
124000194,378,309,69
124000195,342,455,-113
124000196,754,760,-6
124000197,49,35,14
124000198,35,56,-21
124000201,242,670,-428
124000202,513,204,309
124000203,406,355,51
124000204,777,239,538
124000205,79,293,-214
124000206,663,277,386
124000207,1,30,-29
124000209,119,177,-58
124000210,590,137,453
124000211,610,3,607
124000212,1,203,-202
124000213,427,174,253
124000214,426,336,90
124000215,337,16,321
124000216,3,262,-259
124000329,115,911,-796
124000338,73,435,-362
124000339,992,80,912
124000341,1417,85,1332
124000344,98,60,38
124000357,1571,2858,-1287
124000358,1285,2256,-971
124000359,1183,532,651
124000360,833,367,466
124000361,1319,731,588
124000362,658,955,-297
124000363,280,261,19
124000364,469,593,-124
124000365,581,832,-251
124000366,1444,1227,217
124000367,82,338,-256
124000368,454,354,100
124000369,113,72,41
124000370,43,278,-235
124000402,29,17,12
124000403,173,14,159
124000404,15,73,-58
124000405,816,488,328
124000406,498,551,-53
124000407,2,22,-20
124000411,7,201,-194
124000412,360,10,350
124000413,131,36,95
124000414,94,101,-7
124000415,51,59,-8
124000416,114,124,-10
124000417,188,95,93
124000418,187,67,120
124000419,77,67,10
124000420,130,59,71
124000421,36,108,-72
124000422,19,10,9
124000423,112,26,86
124000424,1,73,-72
124000425,97,6,91
124000426,7,127,-120
124000427,161,9,152
124000428,11,39,-28
124000429,84,33,51
124000430,666,359,307
124000431,291,328,-37
124000432,214,646,-432
124000439,48,9,39
124000443,0,0,0
124000445,261,1413,-1152
124000446,880,179,701
124000447,31,142,-111
124000448,111,9,102
124000449,181,10,171
124000450,18,96,-78
124000451,3,65,-62
124000452,322,77,245
124000453,2372,2885,-513
124000454,1881,3939,-2058
124000457,6,77,-71
124000458,8,99,-91
124900001,648,331,317
124900002,129,153,-24
124900003,1068,564,504
124900004,724,264,460
124900005,173,59,114
124900006,743,242,501
124900008,881,435,446
124900009,127,263,-136
124900010,135,134,1
124900011,490,239,251
124900012,370,100,270
124900013,421,141,280
124900014,248,75,173
124900015,97,250,-153
124900016,80,64,16
124900017,460,1603,-1143
124900018,66,22,44
124900020,65,43,22
124900021,219,24,195
124900022,73,7,66
124900024,256,8,248
124900026,98,24,74
124900027,116,325,-209
124900028,233,46,187
124900029,42,418,-376
124900030,3,55,-52
124900031,24,156,-132
124900032,147,217,-70
124900033,100,142,-42
124900034,6,84,-78
124900035,181,221,-40
124900036,2,38,-36
124900037,155,143,12
124900038,172,224,-52
124900039,3,35,-32
124900040,128,97,31
124900041,321,659,-338
124900042,98,2,96
124900043,459,635,-176
124900044,74,0,74
124900045,433,964,-531
124900047,107,165,-58
124900048,188,62,126
124900050,126,128,-2
124900052,108,335,-227
124900053,131,311,-180
124900054,1053,355,698
124900055,2,113,-111
124900057,24,185,-161
124900060,58,176,-118
124900061,100,11,89
124900062,210,12,198
124900066,0,20,-20
124900067,13,115,-102
124900068,162,415,-253
124900070,62,17,45
124900072,104,36,68
124900075,233,180,53
124900076,21,1181,-1160
124900077,17,77,-60
124900078,70,20,50
124900079,358,160,198
124900080,371,415,-44
124900081,1000,291,709
124900082,355,560,-205
124900083,286,354,-68
124900085,743,340,403
124900086,36,1020,-984
124900087,473,75,398
124900088,400,66,334
124900089,880,25,855
124900090,229,155,74
124900091,237,191,46
124900092,161,113,48
124900093,301,110,191
124900094,430,150,280
124900095,54,338,-284
124900096,337,175,162
124900097,280,36,244
124900098,68,156,-88
124900099,318,301,17
124900100,286,25,261
124900101,105,302,-197
124900102,234,11,223
124900103,129,116,13
124900104,41,104,-63
124900105,155,66,89
124900106,284,14,270
124900107,89,6,83
124900108,154,90,64
124900111,1,188,-187
124900112,55,270,-215
124900113,72,248,-176
124900114,95,101,-6
124900115,43,32,11
124900116,194,208,-14
124900117,180,133,47
124900118,153,395,-242
124900119,245,149,96
124900120,34,216,-182
124900121,66,275,-209
124900122,211,169,42
124900123,222,99,123
124900124,116,198,-82
124900125,218,1,217
124900126,2,173,-171
204000001,168,15,153
204000002,23,13,10
204000003,17,1,16
204000004,6,0,6
204000005,585,454,131
204000006,1143,1230,-87
204000011,3,37,-34
204000012,46,83,-37
204000019,749,363,386
204000020,649,871,-222
204000021,2103,844,1259
204000022,601,477,124
204000023,440,505,-65
204000031,53,21,32
204000032,332,31,301
204000034,43,94,-51
204000035,1,3,-2
204000036,4,10,-6
204000037,2,19,-17
204000038,0,10,-10
204000039,4,11,-7
204000040,6,10,-4
204000041,11,54,-43
204000042,46,2,44
204000043,37,2,35
204000044,26,1,25
204000045,41,6,35
204000046,13,5,8
204000057,3,8,-5
204000062,29,30,-1
204000068,31,244,-213
204000069,71,323,-252
204000070,96,91,5
204000080,76,49,27
204000085,2031,1075,956
204000086,1844,1194,650
204000087,44,5,39
204000088,1,71,-70
204000090,130,193,-63
204000093,423,76,347
204000096,961,831,130
204000097,437,22,415
204000099,1020,1259,-239
204000100,1432,1586,-154
204000105,1784,930,854
204000110,542,1398,-856
204000111,378,699,-321
204000112,1334,1163,171
204000113,487,868,-381
204000114,833,746,87
204000115,678,334,344
204000116,2469,1017,1452
204000119,1880,2177,-297
204000132,642,396,246
204000133,932,159,773
204000134,221,79,142
204000135,831,84,747
204000136,645,186,459
204000138,398,628,-230
204000140,259,161,98
204000141,183,69,114
204000144,10,26,-16
204000145,522,27,495
204000146,24,219,-195
204000147,22,151,-129
204000148,213,26,187
204000154,8,5,3
204000155,2,4,-2
204000177,51,57,-6
204000179,67,6,61
204000180,0,43,-43
204000222,1,2,-1
204000235,27,18,9
204000236,43,189,-146
204000238,20,36,-16
204000240,384,55,329
204000263,573,703,-130
204000268,806,544,262
204000308,126,23,103
204000317,21,72,-51
204000322,16,34,-18
204000323,11,8,3
204000328,214,72,142
204000329,90,74,16
204000330,182,48,134
204000331,139,97,42
205000001,738,1274,-536
205000013,3,62,-59
205000014,21,107,-86
205000015,37,148,-111
205000016,18,125,-107
205000017,14,81,-67
205000022,289,729,-440
205000025,1225,941,284
205000029,210,3,207
205000045,82,479,-397
205000046,154,706,-552
205000047,37,399,-362
205000048,290,755,-465
205000049,181,594,-413
205000050,774,264,510
205000059,0,176,-176
205000060,0,92,-92
205000061,3,166,-163
205000062,6,135,-129
205000063,27,105,-78
205000064,36,64,-28
205000065,73,518,-445
205000066,122,576,-454
205000067,48,798,-750
205000069,244,11,233
205000082,163,144,19
205000110,86,210,-124
205000111,221,165,56
205000112,185,176,9
205000113,186,328,-142
205000121,188,31,157
205000123,38,192,-154
205000126,466,86,380
205000127,774,123,651
205000128,382,32,350
205000129,685,66,619
205000130,142,18,124
205000131,50,15,35
205000132,147,8,139
205000133,77,0,77
205000134,200,2,198
205000137,53,138,-85
205000138,120,241,-121
205000139,26,110,-84
205000144,89,63,26
205000145,254,136,118
205000151,136,36,100
205000152,158,26,132
205000153,205,29,176
205000154,98,27,71
205000155,100,14,86
205000207,7,122,-115
205000233,33,0,33
205000234,0,0,0
205000243,1,0,1
205000244,0,2,-2
205000245,6,134,-128
205000249,0,12,-12
205000250,8,1,7
205000264,9,82,-73
206000027,6,4,2
206000028,3,2,1
206000043,10,35,-25
206000053,1,6,-5
206000054,5,19,-14
206000055,0,15,-15
206000075,9,13,-4
206000076,18,15,3
206000077,15,8,7
206000078,18,6,12
206000079,20,12,8
206000082,344,45,299
206000100,31,244,-213
206000103,9,10,-1
206000104,18,16,2
206000105,3,6,-3
206000106,2,11,-9
206000125,55,0,55
206000157,42,330,-288
206000170,0,75,-75
206000171,4,151,-147
206000172,6,195,-189
206000173,5,156,-151
206000174,8,30,-22
206000175,2,59,-57
206000176,28,88,-60
206000177,0,76,-76
206000178,1,172,-171
206000179,5,42,-37
206000180,8,82,-74
206000181,17,80,-63
206000182,2,70,-68
206000183,30,241,-211
206000184,15,171,-156
206000185,9,62,-53
206000186,78,427,-349
206000223,5,120,-115
206000226,6,0,6
206000227,19,4,15
206000237,23,193,-170
206000238,31,297,-266
206000239,172,1074,-902
206000240,0,42,-42
206000241,0,54,-54
206000242,3,120,-117
206000243,3,79,-76
206000244,31,236,-205
206000245,874,58,816
206000246,287,10,277
206000247,263,11,252
206000248,423,24,399
206000252,50,36,14
206000258,28,18,10
206000315,21,11,10
206000317,626,86,540
206000318,644,76,568
206000319,1674,89,1585
206000320,308,25,283
206000321,251,8,243
206000322,484,19,465
206000323,178,14,164
206000324,176,12,164
206000325,217,11,206
206000326,164,6,158
206000327,169,11,158
206000328,222,7,215
206000329,255,10,245
206000330,46,5,41
206000331,198,8,190
206000332,65,7,58
206000333,640,2,638
206000334,320,1,319
206000335,0,18,-18
206000361,4,110,-106
206000392,3,8,-5
206000405,143,0,143
206000441,24,16,8
206000498,47,4,43
206000515,71,34,37
206000530,353,84,269
206000531,265,209,56
206000532,1662,281,1381
206000535,128,1314,-1186
206000536,18,110,-92
206000537,9,109,-100
206000613,1572,190,1382
206000784,423,30,393
207000001,154,531,-377
207000002,98,277,-179
207000003,160,128,32
207000007,1040,221,819
207000008,150,5,145
207000009,38,56,-18
207000010,393,282,111
207000012,377,191,186
207000015,245,803,-558
207000019,232,64,168
207000021,441,173,268
207000022,138,123,15
207000023,174,61,113
207000024,5,8,-3
207000025,14,73,-59
207000026,77,43,34
207000027,16,72,-56
207000028,39,112,-73
207000029,182,298,-116
207000033,164,423,-259
207000034,250,110,140
207000039,518,98,420
207000040,474,73,401
207000041,95,28,67
207000042,217,94,123
207000043,195,173,22
207000051,100,108,-8
207000052,30,88,-58
207000053,416,486,-70
207000054,32,89,-57
207000055,171,122,49
207000056,369,314,55
207000057,170,311,-141
207000058,214,266,-52
207000059,131,287,-156
207000060,102,179,-77
207000061,210,607,-397
207000062,412,48,364
207000063,433,69,364
207000064,435,120,315
207000065,349,158,191
207000066,223,136,87
207000067,66,65,1
207000068,148,50,98
207000069,615,270,345
207000082,5,178,-173
207000083,90,150,-60
207000084,271,249,22
207000085,241,24,217
207000086,284,5,279
207000106,36,33,3
207000107,89,30,59
207000108,87,20,67
207000109,76,18,58
207000110,51,61,-10
207000111,98,105,-7
207000112,117,680,-563
207000114,38,23,15
207000115,20,41,-21
207000116,10,331,-321
207000117,10,62,-52
207000118,7,72,-65
207000119,59,63,-4
207000123,186,20,166
207000124,66,22,44
207000125,46,29,17
207000126,71,39,32
207000134,133,134,-1
207000135,16,152,-136
207000148,78,352,-274
207000149,50,29,21
207000152,127,338,-211
207000153,608,1015,-407
207000154,344,122,222
207000159,91,104,-13
207000160,153,257,-104
207000238,1,171,-170
207000242,4,150,-146
207000248,52,16,36
207000249,74,21,53
207000250,451,60,391
207000251,103,57,46
207000252,105,51,54
207000278,107,73,34
207000279,16,78,-62
207000280,786,93,693
207000281,86,659,-573
207000282,129,132,-3
207000283,77,219,-142
207000284,65,309,-244
207000285,149,94,55
207000291,21,89,-68
207000304,72,42,30
207000306,60,350,-290
207000310,80,117,-37
207000353,341,4,337
207000356,61,27,34
207000357,13,13,0
207000358,4,25,-21
207000415,4,106,-102
207000417,51,10,41
207000418,148,133,15
207000438,0,2,-2
207000439,591,619,-28
207000446,187,9,178
207000460,39,13,26
207000466,153,103,50
207000467,313,115,198
207000468,46,217,-171
207000476,5,63,-58
207000477,568,48,520
207000478,27,30,-3
207000523,0,6,-6
207000524,100,1,99
207000527,112,114,-2
207000530,567,12,555
207000531,401,10,391
207000532,90,41,49
207000534,269,53,216
207000535,37,286,-249
207000537,48,80,-32
207000540,6,162,-156
207000541,1,258,-257
207000548,12,172,-160
207000549,347,25,322
207000561,161,176,-15
207000562,28,117,-89
207000567,193,201,-8
207000568,279,67,212
207000569,510,428,82
207000584,211,111,100
207000585,60,263,-203
207000587,204,39,165
207000616,1,65,-64
207000617,164,1,163
207000624,56,35,21
207000631,4,104,-100
207900008,367,101,266
208000001,538,951,-413
208000002,814,504,310
208000003,1059,337,722
208000004,1017,724,293
208000005,7,17,-10
208000019,713,870,-157
208000020,207,378,-171
208000021,300,252,48
208000022,952,344,608
208000028,1314,1428,-114
208000033,487,437,50
208000034,861,1055,-194
208000037,209,12,197
208000040,142,129,13
208000041,682,566,116
208000042,733,604,129
208000047,123,182,-59
208000064,1808,1309,499
208000066,1396,2248,-852
208000070,317,297,20
208000071,363,550,-187
208000072,457,838,-381
208000080,264,302,-38
208000081,408,97,311
208000082,279,179,100
208000083,140,297,-157
208000084,0,21,-21
208000085,712,526,186
208000086,459,887,-428
208000087,395,646,-251
208000089,949,234,715
208000090,912,422,490
208000093,169,176,-7
208000094,609,303,306
208000095,691,355,336
208000104,934,763,171
208000105,578,779,-201
208000114,103,294,-191
208000115,398,243,155
208000116,585,894,-309
208000117,128,151,-23
208000118,107,115,-8
208000155,682,768,-86
208000158,1150,3071,-1921
208000186,2796,3402,-606
208000204,571,800,-229
208000205,1071,689,382
208000282,3988,2395,1593
209000004,346,149,197
209000005,52,46,6
209000006,400,139,261
209000007,235,230,5
209000010,316,86,230
209000011,145,170,-25
209000012,96,74,22
209000013,160,147,13
209000014,396,507,-111
209000025,365,53,312
209000026,787,103,684
209000027,407,544,-137
209000028,415,486,-71
209000029,376,427,-51
209000030,350,618,-268
209000031,1476,1182,294
209000034,194,223,-29
209000035,140,164,-24
209000036,255,162,93
209000037,279,189,90
209000038,133,183,-50
209000039,73,103,-30
209000040,255,342,-87
209000041,134,318,-184
209000042,232,307,-75
209000043,564,790,-226
209000044,173,672,-499
209000045,1200,361,839
209000046,441,386,55
209000047,365,200,165
209000048,494,230,264
209000049,63,59,4
209000050,200,104,96
209000051,248,173,75
209000052,133,170,-37
209000062,45,55,-10
209000063,45,39,6
209000064,44,53,-9
209000065,86,19,67
209000066,102,21,81
209000067,117,33,84
209000080,20,164,-144
209000082,77,37,40
209000091,25,72,-47
209000093,30,21,9
209000094,149,142,7
209000110,35,122,-87
209000111,442,1387,-945
209000112,1122,550,572
209000113,1582,464,1118
209000114,663,354,309
209000115,104,80,24
209000116,405,274,131
209000118,19,29,-10
209000119,8,12,-4
209000121,98,310,-212
209000135,52,147,-95
209000142,636,1653,-1017
209000143,37,42,-5
209000144,44,85,-41
209000229,267,139,128
209000240,39,207,-168
209000259,84,66,18
209000260,33,579,-546
209000261,4,316,-312
209000262,5,253,-248
209000263,0,149,-149
209000264,0,163,-163
209000265,416,27,389
209000266,119,1,118
209000267,858,6,852
209000268,453,47,406
210000037,76,34,42
210000047,155,11,144
210000048,76,15,61
210000049,62,12,50
210000052,71,42,29
210000053,41,53,-12
210000054,51,52,-1
210000070,98,3,95
210000071,88,0,88
210000072,37,0,37
210000073,0,15,-15
210000074,1,87,-86
210000075,3,72,-69
210000076,8,111,-103
210000077,8,40,-32
210000078,30,41,-11
210000079,38,12,26
210000080,103,76,27
210000081,149,15,134
210000082,83,2,81
210000083,78,1,77
210000084,55,0,55
210000085,0,67,-67
210000086,1,53,-52
210000099,24,208,-184
210000100,42,126,-84
210000101,53,132,-79
210000105,33,132,-99
210000159,0,181,-181
210000163,104,181,-77
210000164,308,132,176
210000168,153,24,129
210000187,0,17,-17
210000188,1,13,-12
210000214,21,0,21
210000219,53,26,27
210000220,113,29,84
210000232,10,19,-9
210000233,26,69,-43
210000234,25,87,-62
210000235,51,46,5
210000245,1,51,-50
210000246,23,3,20
210000258,13,49,-36
210000259,258,58,200
210000282,74,186,-112
210000285,2,108,-106
210000286,14,105,-91
210000290,11,16,-5
210000295,29,90,-61
210000296,28,21,7
210000320,117,40,77
210000321,159,54,105
210000338,44,68,-24
210000339,213,990,-777
210000340,93,343,-250
210000341,212,217,-5
210000342,165,175,-10
210000343,174,201,-27
210000344,118,142,-24
210000345,108,203,-95
210000346,89,128,-39
210000347,31,43,-12
210000348,126,12,114
210000349,53,20,33
210000350,147,57,90
210000351,191,101,90
210000352,70,61,9
210000353,68,97,-29
210000354,86,60,26
210000355,55,59,-4
210000356,16,63,-47
210000357,56,54,2
210000358,211,120,91
210000359,68,71,-3
210000360,155,124,31
210000361,149,97,52
210000362,241,150,91
210000363,594,160,434
210000364,122,157,-35
210000365,120,81,39
210000366,122,46,76
210000367,77,37,40
210000368,129,37,92
210000369,26,31,-5
210000370,44,37,7
210000372,36,25,11
210000373,39,13,26
210000374,46,41,5
210000375,29,55,-26
210000376,65,105,-40
210000404,35,112,-77
210000439,48,54,-6
210000472,73,4,69
210000482,73,73,0
210000564,262,208,54
210000567,1,56,-55
210000568,270,2,268
211000092,52,29,23
211000094,29,5,24
211000169,176,15,161
211000172,9,162,-153
211000209,1,16,-15
211000226,9,31,-22
211000270,45,14,31
211000275,15,10,5
211000276,57,16,41
211000279,12,13,-1
211000281,69,25,44
211000302,18,39,-21
211507980,0,75,-75
211977296,51,6,45
212000003,160,51,109
212000004,21,35,-14
212000005,28,25,3
212000006,36,28,8
212000008,158,111,47
212000009,32,105,-73
212000012,101,80,21
212000013,21,41,-20
212000014,297,144,153
212000015,386,187,199
212000016,468,388,80
212000027,461,288,173
212000028,319,284,35
212000029,239,200,39
212000030,47,36,11
212000031,81,57,24
212000048,33,175,-142
212000049,17,130,-113
212000050,10,8,2
212000051,265,132,133
212000052,162,179,-17
212000053,300,358,-58
212000054,276,95,181
212000055,248,146,102
212000056,10,39,-29
212000057,5,19,-14
212000058,174,28,146
212000070,115,151,-36
212000077,187,373,-186
212000099,275,243,32
212000108,182,193,-11
212000111,254,77,177
212000120,91,45,46
212000138,142,27,115
212000156,16,80,-64
212000158,14,19,-5
212000159,470,57,413
212000160,720,221,499
212000161,85,14,71
212000310,63,10,53
212000311,10,68,-58
212000374,36,10,26
213000001,48,324,-276
213000005,371,137,234
213000006,897,264,633
213000007,79,12,67
213000009,573,448,125
213000010,214,272,-58
213000011,169,102,67
213000014,82,29,53
213000015,201,3,198
213000016,380,6,374
213000017,66,1,65
213000018,2,97,-95
213000019,1,115,-114
213000020,128,224,-96
213000021,2,90,-88
213000023,249,140,109
213000033,359,1389,-1030
213000034,523,132,391
213000035,155,180,-25
213000045,147,205,-58
213000046,164,116,48
213000047,528,1112,-584
213000056,135,23,112
213000069,88,3,85
213000073,0,45,-45
213000074,53,203,-150
213000075,475,6,469
213000076,24,4,20
213000085,11,37,-26
213000086,39,118,-79
213000091,154,13,141
213000092,84,10,74
213000099,204,987,-783
213000100,1016,249,767
213000101,345,107,238
213000102,541,177,364
213000103,877,635,242
213000104,75,303,-228
213000105,1,86,-85
213000106,31,144,-113
213000107,108,257,-149
213000108,12,82,-70
213000109,18,226,-208
213000110,22,125,-103
213000111,20,68,-48
213000112,45,42,3
213000115,65,6,59
213000116,33,288,-255
213000117,11,492,-481
213000118,400,225,175
213000119,28,262,-234
213000120,85,236,-151
213000122,108,399,-291
213000123,286,710,-424
213000124,115,833,-718
213000125,94,28,66
213000126,61,106,-45
213000127,77,197,-120
213000128,284,735,-451
213000129,244,645,-401
213000130,589,277,312
213000132,444,93,351
213000133,610,109,501
213000134,838,25,813
213000136,405,28,377
213000137,599,57,542
213000139,291,22,269
213000147,43,9,34
213000148,37,12,25
213000149,58,7,51
213000150,0,110,-110
213000151,2,118,-116
213000152,7,113,-106
213000153,0,116,-116
213000154,48,443,-395
213000155,46,185,-139
213000156,135,383,-248
213000157,911,353,558
213000158,286,743,-457
213000159,346,359,-13
213000163,940,94,846
213000165,869,171,698
213000171,73,110,-37
213000172,57,193,-136
213000173,15,103,-88
213000174,2,51,-49
213000175,47,31,16
213000176,18,132,-114
213000177,30,13,17
213000178,107,8,99
213000179,197,27,170
213000180,212,55,157
213000184,17,66,-49
213000188,291,101,190
213000189,409,53,356
213000190,730,564,166
213000191,328,337,-9
213000192,248,265,-17
213000193,727,306,421
213000194,0,124,-124
213000195,29,295,-266
213000196,300,954,-654
213000197,434,397,37
213000198,47,2,45
213000200,176,804,-628
213000201,82,103,-21
213000202,25,663,-638
213000203,2490,489,2001
213000204,712,33,679
213000205,239,63,176
213000206,417,31,386
213000207,95,4,91
213000208,85,3,82
213000209,102,1,101
213000210,225,2,223
213000211,10,12,-2
213000212,32,39,-7
213000213,15,54,-39
213000218,243,329,-86
213000219,464,9,455
213000220,432,8,424
213000223,149,173,-24
213000224,43,56,-13
213000225,84,11,73
213000226,61,12,49
213000227,855,150,705
213000228,356,73,283
213000229,164,24,140
213000230,452,26,426
213000232,39,720,-681
213000233,14,691,-677
213000234,8,33,-25
213000293,23,62,-39
213000294,93,42,51
213000295,15,79,-64
213000296,40,19,21
213000297,5,60,-55
213000298,25,78,-53
213000299,34,39,-5
213000300,21,7,14
213000303,6,36,-30
213000304,0,11,-11
213000305,4,8,-4
213000306,50,19,31
213000307,103,46,57
213000308,78,157,-79
213000309,192,51,141
213000310,366,104,262
213000311,290,660,-370
213000315,148,65,83
213000316,145,33,112
213000322,40,33,7
213000323,18,44,-26
213000340,153,564,-411
213000341,656,94,562
213000346,224,162,62
213000347,544,313,231
213000348,11,131,-120
213000349,34,11,23
213000350,494,878,-384
213000366,111,224,-113
213000367,278,23,255
213000379,59,36,23
213000386,22,434,-412
213000406,95,437,-342
213000417,1072,352,720
213000425,208,33,175
213000426,118,39,79
213000427,56,121,-65
213000428,75,116,-41
213000429,13,9,4
213000430,130,445,-315
213000431,87,1,86
213000432,1,19,-18
213000433,8,91,-83
213000434,109,66,43
213000435,107,86,21
213000439,48,12,36
213000441,0,4,-4
213000443,357,294,63
213000445,2,75,-73
213000446,1,33,-32
213000447,0,52,-52
213000448,6,127,-121
213000449,485,4,481
213000450,20,31,-11
213000451,268,78,190
213000452,19,8,11
213000453,49,201,-152
213000455,277,22,255
213000456,1,368,-367
213000481,12,6,6
213000482,55,3,52
213000489,213,52,161
213000491,2,185,-183
213000492,132,2,130
213000493,1,101,-100
213000494,204,72,132
213000495,0,54,-54
213000496,326,136,190
213000497,128,209,-81
213000498,80,172,-92
213000499,116,276,-160
213000500,355,48,307
213000501,164,22,142
213000502,164,103,61
213000504,84,148,-64
213000505,25,33,-8
213000506,0,8,-8
213000507,30,274,-244
213900244,36,0,36
213900245,0,25,-25
218000003,18,40,-22
218000004,22,50,-28
218000005,44,41,3
218000006,51,20,31
218000007,7,15,-8
218000012,160,132,28
218000013,102,115,-13
218000014,394,329,65
218000019,563,488,75
218000020,259,346,-87
218000040,2,5,-3
218000046,54,106,-52
218000047,6,123,-117
218000048,56,122,-66
218000049,82,102,-20
218000050,340,237,103
218000051,62,201,-139
218000052,1,75,-74
218000053,5,16,-11
218000054,7,101,-94
218000055,12,23,-11
218000056,13,34,-21
218000057,3,18,-15
218000064,0,4,-4
218000065,57,24,33
218000066,11,27,-16
218000067,41,59,-18
218000068,105,51,54
218000069,277,109,168
218000070,194,158,36
218000071,199,131,68
218000072,201,145,56
218000078,745,522,223
218000079,119,71,48
218000080,164,43,121
218000081,402,157,245
218000082,60,83,-23
218000083,62,44,18
218000084,119,91,28
218000085,143,189,-46
218000086,89,71,18
218000087,158,115,43
218000090,16,120,-104
218000091,1010,419,591
218000092,79,102,-23
218000093,70,35,35
218000094,412,446,-34
218000099,229,522,-293
218000100,252,230,22
218000101,299,102,197
218000102,377,183,194
218000103,101,71,30
218000104,77,35,42
218000105,20,13,7
218000106,8,7,1
218000107,72,39,33
218000108,7,27,-20
218000112,43,34,9
218000117,35,39,-4
218000134,461,364,97
218000135,16,83,-67
218000136,168,109,59
218000137,179,107,72
218000138,50,73,-23
218000139,156,257,-101
218000140,398,225,173
218000141,73,79,-6
218000142,224,147,77
218000143,67,282,-215
218000144,53,117,-64
218000145,393,239,154
218000146,107,192,-85
218000151,2,12,-10
218000152,87,40,47
218000170,5,17,-12
218000171,26,4,22
218000172,11,7,4
218000173,24,19,5
218000174,20,10,10
218000176,197,14,183
218000177,241,133,108
218000178,74,116,-42
218000179,159,49,110
218000180,66,10,56
218000181,164,27,137
218000187,11,51,-40
218000188,26,58,-32
218000189,23,58,-35
218000190,1,16,-15
218000191,187,42,145
218000192,185,120,65
218000193,359,200,159
218000194,91,170,-79
218000195,101,64,37
218000196,341,174,167
218000197,426,216,210
218000198,33,85,-52
218000199,26,28,-2
218000200,67,40,27
218000201,11,12,-1
218000202,72,295,-223
218000207,4,14,-10
218000208,14,26,-12
218000211,35,23,12
218000213,72,93,-21
218000214,3,29,-26
218000215,24,56,-32
218000217,7,93,-86
218000218,109,48,61
218000219,10,26,-16
218000220,44,273,-229
218000221,429,158,271
218000222,5,17,-12
218000223,15,248,-233
218000224,11,66,-55
218000225,111,6,105
218000226,94,27,67
218000232,25,35,-10
218000239,118,19,99
218000240,7,0,7
218000241,32,2,30
218000242,34,8,26
218000243,34,10,24
218000244,65,2,63
218000245,32,1,31
218000246,8,0,8
218000247,7,0,7
218000248,1,12,-11
218000249,5,7,-2
218000250,1,19,-18
218000251,2,34,-32
218000252,5,106,-101
218000253,11,143,-132
218000254,0,52,-52
218000255,1,37,-36
218000256,7,74,-67
218000267,322,847,-525
218000268,25,19,6
218000269,6,4,2
218000270,101,46,55
218000271,17,27,-10
218000273,18,4,14
218000274,32,4,28
218000275,36,38,-2
218000276,19,33,-14
218000278,17,55,-38
218000279,107,51,56
218000280,10,34,-24
218000281,14,16,-2
218000282,497,579,-82
218000284,60,5,55
218000301,86,109,-23
218000302,68,32,36
218000303,12,73,-61
218000316,809,788,21
218000317,1349,690,659
218000318,795,543,252
218000319,940,631,309
218000320,842,403,439
218000338,41,47,-6
218000345,98,62,36
218000346,31,141,-110
218000459,45,215,-170
218000490,23,48,-25
218000501,125,21,104
218000502,46,50,-4
218000503,107,17,90
218000504,192,30,162
218000505,49,131,-82
218000506,29,236,-207
218000508,2,11,-9
218000510,176,7,169
218000520,101,82,19
218000521,6,47,-41
218000522,0,128,-128
218000523,127,2,125
218000524,13,16,-3
218000525,114,31,83
218000526,22,217,-195
218000529,30,102,-72
218000531,12,3,9
218000532,24,12,12
218000534,142,26,116
218000537,27,63,-36
218000538,113,246,-133
218000540,253,101,152
218000543,162,49,113
218000544,19,71,-52
218000545,56,53,3
218000546,20,47,-27
218000547,81,131,-50
218000548,97,96,1
218000549,379,397,-18
218000550,161,212,-51
218000551,83,783,-700
218000552,240,106,134
218000553,45,106,-61
218000554,19,26,-7
218000555,41,60,-19
218000556,218,171,47
218000557,255,132,123
218000558,24,0,24
218000559,0,11,-11
218000560,0,11,-11
218000561,16,0,16
218000562,36,100,-64
218000563,201,27,174
218000564,6,209,-203
218000565,78,47,31
218000566,144,55,89
218000568,43,3,40
218000569,8,281,-273
218000570,96,12,84
218000571,3,108,-105
218000572,163,2,161
218000573,30,294,-264
218000574,91,24,67
218000575,127,0,127
218000576,0,35,-35
218000577,90,0,90
218000578,1,71,-70
218000579,41,23,18
218000581,2,72,-70
218000582,42,6,36
218000583,2,0,2
218000584,1,13,-12
218000585,55,1,54
218000586,11,39,-28
218000587,1,2,-1
218000588,1,1,0
218000589,3,2,1
218000590,2,0,2
218000591,1,6,-5
218000592,2,1,1
218000593,10,6,4
218000594,5,1,4
218000597,4,1,3
218000598,0,0,0
218000599,2,1,1
218000600,2,0,2
218000601,0,3,-3
218000602,0,6,-6
218000603,0,4,-4
218000604,9,1,8
218000605,0,55,-55
218000606,105,1,104
218000607,9,23,-14
218000608,51,18,33
218000609,9,30,-21
218000610,56,4,52
218000611,22,3,19
218000612,1,34,-33
218000613,29,0,29
218000614,1,38,-37
218000615,154,0,154
218000616,6,211,-205
218000617,23,0,23
218000618,1,11,-10
218000619,23,19,4
218000620,8,31,-23
218000621,0,2,-2
218000622,0,25,-25
218000623,70,0,70
218000624,2,17,-15
218000625,5,2,3
218000626,0,9,-9
218000628,174,43,131
218000631,43,35,8
218000632,2,211,-209
218000633,187,2,185
218000634,10,14,-4
218000635,38,5,33
218000636,633,671,-38
218000637,1035,374,661
218000638,217,23,194
218000639,12,109,-97
218000640,260,17,243
218000641,75,171,-96
218000652,43,58,-15
218000653,106,23,83
218000663,11,183,-172
218000675,43,77,-34
218000680,219,263,-44
218000681,472,170,302
218000691,203,137,66
218000693,312,149,163
218000718,121,794,-673
218000719,384,539,-155
218000720,14,580,-566
218000721,188,30,158
218001147,6,111,-105
218001214,9,74,-65
218001258,253,17,236
218001329,155,91,64
218001330,114,108,6
218001351,30,17,13
218001352,11,28,-17
218001353,10,8,2
218001354,15,39,-24
218001355,24,154,-130
218001356,390,40,350
218001357,46,113,-67
218001358,296,35,261
218001361,490,14,476
218001362,0,130,-130
219000001,56,36,20
219000002,56,23,33
219000003,74,39,35
219000004,58,44,14
219000017,81,42,39
219000020,123,45,78
219000022,146,3,143
219000023,68,3,65
219000029,11,79,-68
219000034,64,25,39
219000039,74,101,-27
219000040,46,44,2
219000041,124,33,91
219000051,0,51,-51
219000052,0,28,-28
219000053,2,52,-50
219000055,223,1,222
219000056,10,2,8
219000057,49,0,49
219000062,33,83,-50
219000063,85,5,80
219000064,0,54,-54
219000110,384,112,272
219000111,118,54,64
219000112,193,52,141
219000113,171,43,128
219000114,167,50,117
219000116,68,49,19
219000117,98,51,47
219000118,140,39,101
219000123,196,61,135
219000124,105,32,73
219000125,15,7,8
219000126,71,105,-34
219000127,0,10,-10
219000128,16,88,-72
219000129,28,120,-92
219000130,332,403,-71
219000131,495,711,-216
219000133,44,43,1
219000134,16,29,-13
219000135,21,48,-27
219000136,79,161,-82
219000138,75,29,46
219000139,59,37,22
219000140,61,1,60
219000141,56,70,-14
219000142,24,57,-33
219000143,12,56,-44
219000145,14,41,-27
219000146,1,27,-26
219000147,7,24,-17
219000148,3,11,-8
219000149,13,27,-14
219000150,2,31,-29
219000151,7,17,-10
219000157,228,139,89
219000158,208,193,15
219000161,106,9,97
219000163,938,412,526
219000166,150,139,11
219000167,95,151,-56
219000168,297,120,177
219000174,440,92,348
219000175,108,1,107
219000176,105,9,96
219000177,58,0,58
219000178,44,3,41
219000179,24,6,18
219000180,55,36,19
219000182,113,6,107
219000183,59,10,49
219000184,100,13,87
219000185,5,24,-19
219000186,57,13,44
219000187,21,48,-27
219000189,60,125,-65
219000190,70,151,-81
219000191,508,997,-489
219000192,152,123,29
219000193,188,161,27
219000195,1,46,-45
219000196,2,87,-85
219000198,18,50,-32
219000199,65,136,-71
219000200,51,109,-58
219000201,43,129,-86
219000203,24,97,-73
219000204,71,252,-181
219000205,35,175,-140
219000207,175,151,24
219000209,27,59,-32
219000210,28,78,-50
219000213,12,106,-94
219000239,160,156,4
219000240,244,233,11
219000241,108,106,2
219000242,35,115,-80
219000243,86,122,-36
219000244,13,52,-39
219000245,21,60,-39
219000246,35,35,0
219000247,243,47,196
219000248,497,372,125
219000249,162,101,61
219000250,153,102,51
219000251,454,164,290
219000252,192,128,64
219000253,474,113,361
219000255,104,109,-5
219000256,263,83,180
219000257,101,1,100
219000262,109,101,8
219000263,43,116,-73
219000267,1,59,-58
219000268,2,4,-2
219000269,0,3,-3
219000270,11,0,11
219000271,149,8,141
219000278,0,13,-13
219000279,4,1,3
219000283,0,6,-6
219000295,9,72,-63
219000296,57,259,-202
219000297,12,75,-63
219000298,27,73,-46
219000299,324,46,278
219000300,24,121,-97
219000301,224,253,-29
219000302,35,241,-206
219000307,20,47,-27
219000308,49,40,9
219000311,162,41,121
219000312,609,128,481
219000313,338,46,292
219000314,43,227,-184
219000315,236,19,217
219000316,487,35,452
219000317,109,7,102
219000320,3,54,-51
219000321,1,23,-22
219000323,6,54,-48
219000325,6,7,-1
219000326,56,35,21
219000327,58,19,39
219000328,24,53,-29
219000329,252,99,153
219000330,32,34,-2
219000331,43,25,18
219000332,108,71,37
219000333,23,3,20
219000335,103,2,101
219000337,13,1,12
219000338,31,1,30
219000344,9,63,-54
219000345,37,65,-28
219000346,60,64,-4
219000348,98,41,57
219000349,29,77,-48
219000350,96,199,-103
219000351,6,4,2
219000352,270,79,191
219000353,102,37,65
219000354,163,71,92
219000355,148,57,91
219000356,706,1208,-502
219000363,163,70,93
219000364,157,45,112
219000365,83,17,66
219000366,223,351,-128
219000368,261,485,-224
219000370,863,545,318
219000371,11,30,-19
219000382,1,37,-36
219000383,470,927,-457
219000385,375,406,-31
219000386,529,1217,-688
219000387,1,18,-17
219000390,4,1,3
219000391,1,1,0
219000397,39,54,-15
219000398,63,56,7
219000401,4,85,-81
219000402,29,59,-30
219000403,150,284,-134
219000404,8,92,-84
219000407,5,18,-13
219000409,70,46,24
219000410,99,41,58
219000411,57,25,32
219000446,86,228,-142
219000447,4,21,-17
219000448,13,6,7
219000452,104,64,40
219000453,58,162,-104
219000454,171,228,-57
219000556,251,92,159
219000558,93,87,6
219000590,15,82,-67
219000591,109,67,42
219000592,74,272,-198
219000595,3,14,-11
219000635,175,30,145
219000636,72,65,7
219000657,16,21,-5
219000658,27,105,-78
219000673,1,31,-30
219000676,27,6,21
219000679,36,4,32
219000684,77,2,75
219000685,5,41,-36
219000686,3,1,2
219000688,0,61,-61
219000689,17,131,-114
219000690,117,9,108
219000691,40,128,-88
219000692,108,21,87
219000693,0,10,-10
219000694,6,0,6
219000695,26,1,25
219000698,16,0,16
219000699,0,73,-73
219000727,8,143,-135
219000728,163,4,159
219000770,44,0,44
219000771,2,58,-56
219000788,281,245,36
219001150,2,16,-14
219001151,3,4,-1
219001166,48,21,27
219001167,1,74,-73
219001178,67,1,66
220000001,36,72,-36
220000002,20,88,-68
220000003,255,112,143
220000004,393,256,137
220000005,709,917,-208
220000006,281,639,-358
220000007,379,336,43
220000008,280,509,-229
220000009,286,390,-104
220000010,120,84,36
220000011,376,2479,-2103
220000012,86,213,-127
220000014,99,32,67
220000015,42,265,-223
220000017,58,202,-144
220000018,3050,1130,1920
220000019,82,321,-239
220000020,414,234,180
220000021,733,161,572
220000022,880,392,488
220000023,403,137,266
220000024,1361,465,896
220000025,539,886,-347
220000026,276,294,-18
220000027,46,112,-66
220000028,44,85,-41
220000029,434,307,127
220000030,102,113,-11
220000031,532,397,135
220000064,25,707,-682
221000046,6,0,6
221000047,0,2,-2
221000048,0,2,-2
221000049,0,6,-6
221000050,9,0,9
221000055,27,40,-13
221000068,293,126,167
221000069,286,74,212
221000070,130,19,111
221000071,83,12,71
221000072,202,11,191
221000073,112,37,75
221000074,2,13,-11
221000075,15,16,-1
221000076,12,32,-20
221000077,21,92,-71
221000081,57,4,53
221000082,57,2,55
221000083,22,2,20
221000084,6,2,4
221000085,13,30,-17
221000086,3,79,-76
221000087,5,77,-72
221000088,18,91,-73
221000089,22,151,-129
221000090,74,346,-272
221000098,81,16,65
221000099,182,10,172
221000100,107,10,97
221000101,257,20,237
221000103,2,22,-20
221000104,13,31,-18
221000107,57,6,51
221000108,45,15,30
221000111,25,139,-114
221000112,4,106,-102
221000113,11,102,-91
221000114,9,99,-90
221000120,23,25,-2
221000121,4,40,-36
221000122,76,34,42
221000123,11,12,-1
221000124,31,102,-71
221000155,100,17,83
221000156,82,43,39
221000175,3,15,-12
221000176,2,4,-2
221000182,46,6,40
221000241,578,210,368
221000242,99,287,-188
221000243,589,131,458
221000244,228,380,-152
221000245,105,116,-11
221000246,48,195,-147
221000247,156,120,36
221000248,146,135,11
221000267,33,557,-524
221000325,55,62,-7
221000331,10,55,-45
221000338,13,30,-17
221000378,222,36,186
221000381,62,47,15
222000282,15,4,11
222000296,3,21,-18
222000568,280,17,263
222000569,227,41,186
222000570,139,22,117
222000571,321,7,314
222000577,5,81,-76
222000578,19,105,-86
222000579,35,101,-66
222000580,48,562,-514
222000599,0,86,-86
222000600,1,200,-199
222000601,4,694,-690
222000603,16,31,-15
222000604,8,37,-29
222000605,13,18,-5
222000606,4,6,-2
222000607,2,6,-4
222000608,23,15,8
222000609,56,111,-55
222000616,339,36,303
222000617,8,31,-23
222000618,1,7,-6
222000620,13,13,0
222000621,26,17,9
222000623,562,4,558
222000624,309,2,307
222000625,520,11,509
222000636,46,4,42
222000686,17,15,2
222000687,33,22,11
222001066,210,4,206
222001067,14,0,14
222001068,47,8,39
222001069,35,7,28
222001082,6,32,-26
222001083,27,23,4
222001084,1,50,-49
222001085,0,81,-81
222001111,55,91,-36
222001112,116,21,95
222001313,14,6,8
222001314,9,111,-102
222001464,211,37,174
222001465,40,98,-58
222001484,127,34,93
222001485,25,51,-26
222001494,636,117,519
222001495,84,151,-67
222001496,414,110,304
222001497,96,242,-146
222001503,109,28,81
222001504,20,171,-151
222001505,301,10,291
222001506,28,246,-218
222001507,247,28,219
222001510,551,23,528
222001514,563,105,458
222001518,332,48,284
222001519,76,208,-132
222001527,187,38,149
222001529,325,38,287
222001530,49,148,-99
222001533,142,270,-128
222001534,286,47,239
222001535,274,202,72
222001536,93,151,-58
222001537,331,27,304
222001538,168,591,-423
222001563,857,105,752
222001564,52,257,-205
222001568,196,169,27
222001576,0,2,-2
222001579,0,28,-28
222001583,5,69,-64
222001584,110,17,93
222001596,551,1646,-1095
222001597,1634,456,1178
222001626,0,93,-93
222001650,70,143,-73
222001651,65,239,-174
222001914,172,63,109
222001915,97,283,-186
222001968,468,246,222
222001969,427,429,-2
222001970,132,170,-38
222001971,20,2,18
222001972,1,4,-3
225000001,389,155,234
225000002,641,116,525
225000003,571,76,495
225000004,398,143,255
225000005,91,69,22
225000006,0,147,-147
225000007,955,992,-37
225000010,256,12,244
225000011,275,1033,-758
225000012,193,487,-294
225000013,71,86,-15
225000014,663,91,572
225000015,64,117,-53
225000021,593,141,452
225000027,202,356,-154
225000032,610,112,498
225000042,69,413,-344
225000049,47,41,6
225000050,65,8,57
225000053,3,227,-224
225000058,616,137,479
225000067,134,122,12
225000068,127,212,-85
225000069,121,351,-230
225000070,82,260,-178
225000071,43,87,-44
225000075,10,607,-597
225000076,67,77,-10
225000078,62,26,36
225000085,84,126,-42
225000086,266,58,208
225000087,204,13,191
225000088,9,140,-131
225000089,225,812,-587
225000090,40,325,-285
225000091,160,107,53
225000092,29,54,-25
225000093,162,193,-31
225000094,15,150,-135
225000095,272,206,66
225000096,295,247,48
225000098,654,310,344
225000099,327,154,173
225000100,353,125,228
225000104,140,295,-155
225000110,8,298,-290
225000111,200,637,-437
225000112,295,789,-494
225000113,188,432,-244
225000114,46,192,-146
225000115,909,501,408
225000116,820,173,647
225000117,682,227,455
225000118,824,194,630
225000119,217,68,149
225000120,514,46,468
225000121,227,6,221
225000123,440,6,434
225000125,338,109,229
225000126,585,126,459
225000127,504,1217,-713
225000128,495,729,-234
225000132,258,20,238
225000133,164,24,140
225000134,599,115,484
225000135,60,12,48
225000136,300,4,296
225000137,250,49,201
225000138,383,78,305
225000143,63,153,-90
225000144,1,272,-271
225000145,64,37,27
225000146,44,73,-29
225000147,36,172,-136
225000148,19,139,-120
225000149,57,289,-232
225000151,19,88,-69
225000155,358,283,75
225000156,122,658,-536
225000157,206,248,-42
225000158,67,220,-153
225000171,4,118,-114
225000180,26,0,26
225000181,0,58,-58
225000182,61,5,56
225000185,8,361,-353
225000187,34,299,-265
225000191,42,3,39
225000194,0,44,-44
225000208,1,31,-30
225000209,94,6,88
225000210,6,133,-127
225000217,0,14,-14
225000218,10,1,9
225000223,1,82,-81
225000224,50,2,48
225000225,2,20,-18
225000226,49,0,49
225000227,40,81,-41
225000228,5,4,1
225000229,0,62,-62
225000230,13,0,13
225000231,0,64,-64
225000232,165,0,165
225000241,105,0,105
225000242,1,38,-37
225000249,6,0,6
225000250,30,419,-389
225000251,319,21,298
226000042,121,181,-60
226000043,133,270,-137
226000044,125,272,-147
226000045,111,391,-280
226000046,436,87,349
226000047,408,122,286
226000048,409,88,321
226000049,310,184,126
226000070,0,11,-11
226000071,0,37,-37
226000072,0,29,-29
226000073,0,12,-12
226000074,0,12,-12
226000084,2,15,-13
226000085,0,26,-26
226000086,2,16,-14
226000087,1,29,-28
226000088,6,11,-5
226000090,287,160,127
226000091,6,69,-63
226000092,7,49,-42
226000093,29,1,28
226000094,5,3,2
226000095,22,5,17
226000105,9,1,8
226000106,8,0,8
226000107,6,0,6
226000108,18,0,18
226000109,88,0,88
226000124,100,43,57
226000134,716,422,294
226000135,1396,572,824
226000136,636,394,242
226000137,9,116,-107
226000138,10,176,-166
226000139,2,52,-50
226000156,200,7,193
226000157,214,33,181
226000163,152,201,-49
226000202,16,269,-253
226000231,591,16,575
226000232,58,6,52
227000033,361,58,303
227000036,48,8,40
227000037,353,28,325
227000038,181,40,141
227000049,0,49,-49
227000050,2,58,-56
227000055,91,0,91
227000056,32,2,30
227000084,2,61,-59
227000085,0,47,-47
227000088,58,10,48
227000089,109,2,107
227000090,101,3,98
227000091,34,1,33
227000093,102,0,102
227000094,13,0,13
227000130,42,95,-53
227000131,19,127,-108
227000132,17,133,-116
227000133,10,131,-121
227000134,38,187,-149
227000152,0,4,-4
227000153,1,60,-59
227000155,2,16,-14
227000156,0,25,-25
227000165,10,76,-66
227000196,239,167,72
227000199,391,177,214
227000230,5,249,-244
227000232,265,21,244
227000241,310,30,280
227000242,80,332,-252
227000243,427,61,366
227000245,12,236,-224
227000246,125,244,-119
227000247,394,82,312
227000248,179,39,140
227000249,17,128,-111
227000250,326,192,134
227000251,141,184,-43
227000252,28,159,-131
227000253,167,20,147
227000262,410,39,371
227000266,918,25,893
227000267,25,682,-657
227000282,1,24,-23
227000284,139,2,137
227000286,1,10,-9
227000287,3,12,-9
227000291,2,74,-72
227000484,101,17,84
227000485,3,152,-149
227000655,187,4,183
227000656,123,4,119
227000657,103,4,99
227000661,86,10,76
227000680,132,45,87
229000265,11,26,-15
229000296,1,17,-16
229000297,2,15,-13
229000298,1,72,-71
229000320,10,1,9
229000321,10,0,10
229000412,11,46,-35
229000414,7,45,-38
229000415,17,3,14
229000416,0,7,-7
229000417,2,9,-7
229000419,80,281,-201
229000440,252,46,206
229000442,6,2,4
229000443,4,3,1
229000444,5,20,-15
229000445,37,7,30
229000446,44,30,14
229000847,66,0,66
229000848,23,0,23
229000849,106,0,106
229000851,36,0,36
229000854,0,4,-4
229000856,0,24,-24
229000857,0,11,-11
229000858,0,9,-9
229000919,7,52,-45
229000930,8,256,-248
229000937,68,13,55
229000966,46,16,30
229000981,39,24,15
229000985,17,19,-2
229000986,0,1,-1
229000987,0,1,-1
229000988,1,4,-3
229000989,4,8,-4
229000990,0,3,-3
229000991,0,0,0
229000992,9,3,6
229000993,75,14,61
229000998,11,38,-27
229000999,43,7,36
229001034,0,10,-10
229001035,3,0,3
229001037,35,3,32
229001042,15,6,9
229001047,9,37,-28
229001050,17,30,-13
229001200,10,2,8
229001338,0,13,-13
229001394,251,2,249
229001422,112,20,92
229001423,16,100,-84
229001431,50,61,-11
229001432,28,72,-44
229001444,120,36,84
229001445,35,86,-51
229001503,222,81,141
229001504,130,117,13
229001505,134,28,106
229001506,79,85,-6
229001509,21,11,10
229001545,69,8,61
229001546,5,62,-57
229001553,73,14,59
229001554,27,58,-31
229001559,2,9,-7
229001560,3,18,-15
229001630,51,10,41
229001631,3,19,-16
229001635,1,12,-11
229001636,8,0,8
229001658,1,100,-99
229001659,65,1,64
229001660,11,4,7
229001661,1,10,-9
229001662,15,0,15
229001663,0,21,-21
229002584,117,84,33
229002831,111,131,-20
229002841,11,7,4
229002842,14,20,-6
229002843,54,8,46
229002844,48,27,21
229002845,8,104,-96
229002846,28,8,20
229002847,1,4,-3
229002848,3,7,-4
229002849,3,67,-64
229002850,8,0,8
229002851,52,91,-39
229002852,139,19,120
229002853,99,15,84
229002854,33,41,-8
229002855,9,20,-11
229002856,40,16,24
229002857,11,95,-84
229002858,14,4,10
229002859,12,75,-63
229002860,122,11,111
229002861,30,16,14
229002862,21,12,9
229002863,12,20,-8
229002864,47,16,31
229002865,13,9,4
229002866,16,11,5
229002867,3,21,-18
229002868,9,10,-1
229002869,26,92,-66
229002870,44,7,37
235000066,268,61,207
235000067,120,64,56
235000072,27,52,-25
235000073,113,307,-194
235000074,32,29,3
235000080,13,71,-58
235000081,104,105,-1
235000082,316,28,288
235000083,160,42,118
235000084,44,43,1
235000085,168,75,93
235000089,13,23,-10
235000092,23,131,-108
235000093,3,12,-9
235000097,9,14,-5
235000098,66,17,49
235000099,25,17,8
235000116,50,21,29
235000117,491,9,482
235000133,20,426,-406
235000134,14,191,-177
235000206,10,7,3
235000207,7,1,6
235000208,4,4,0
235000209,7,1,6
235000210,8,1,7
235000212,4,7,-3
235000213,1,4,-3
235000220,4,4,0
235000238,9,90,-81
235000239,0,17,-17
235000242,239,760,-521
235000245,497,148,349
235000246,12,37,-25
235000284,12,164,-152
235000295,69,13,56
235000305,211,13,198
235000306,239,8,231
235000307,18,2,16
235000308,6,3,3
235000309,53,1,52
235000310,27,0,27
235000311,44,22,22
235000322,0,18,-18
235000323,0,53,-53
235000324,0,22,-22
235000325,2,11,-9
235000326,6,84,-78
235000351,3,56,-53
235000352,11,46,-35
235000353,8,23,-15
235000354,16,49,-33
235000355,6,56,-50
235000356,59,5,54
235000357,34,5,29
235000358,149,9,140
235000359,8,13,-5
235000360,16,3,13
235000361,56,4,52
235000381,70,94,-24
235000382,123,23,100
235000390,17,3,14
235000391,166,27,139
235000392,223,294,-71
235000393,108,151,-43
235000395,111,34,77
235000396,392,42,350
235000400,74,59,15
235000401,17,86,-69
235000405,73,176,-103
235000406,28,198,-170
235000407,101,71,30
235000409,213,84,129
235000410,47,161,-114
235000411,1,45,-44
235000485,0,8,-8
235000486,17,0,17
235000549,76,60,16
235000550,108,100,8
235000599,131,37,94
235000600,8,18,-10
235000601,9,18,-9
235000602,61,51,10
235000614,0,1,-1
235000648,0,6,-6
235000649,45,2,43
235000685,0,3,-3
235000815,26,74,-48
235000834,0,7,-7
235000855,36,35,1
235000862,50,80,-30
235000891,0,27,-27
235000892,20,4,16
235000901,65,46,19
235000907,9,19,-10
235001010,47,31,16
235001029,368,254,114
235001030,323,168,155
235001078,89,99,-10
235001079,77,62,15
235001147,29,32,-3
235001166,7,50,-43
235001167,42,15,27
235001169,41,235,-194
235001188,0,6,-6
235001189,11,1,10
235001197,12,20,-8
235001200,49,48,1
235001207,493,46,447
235001210,93,92,1
235001215,16,119,-103
235001239,1,44,-43
235001244,0,11,-11
235016267,0,23,-23
277102712,3,1,2
277103813,0,0,0
277103814,0,0,0
277104249,0,1,-1
277104250,0,6,-6
277104251,0,2,-2
277104252,0,1,-1
990011530,1,153,-152
990014944,1,325,-324
990015176,64,0,64
990016032,0,151,-151
990032570,2,18,-16
990070001,66,11,55
990070103,0,4,-4
990070601,0,31,-31
990070751,946,26,920
990070766,0,273,-273
990071180,394,103,291
990071343,20,3,17
990071387,0,15,-15
990071823,4,2,2
990072600,3,883,-880
990072964,0,231,-231
990073285,0,2,-2
990074393,0,498,-498
990074870,1271,4,1267
990075106,1006,1,1005
990075746,490,18,472
990076437,1282,5,1277
990076458,6,505,-499
997000007,436,6,430
997000041,1,138,-137
997000058,56,1,55
997000062,24,1,23
997000069,0,3,-3
997000070,0,18,-18
997000100,34,0,34
997000141,3,960,-957
997000198,269,1445,-1176
998000475,0,50,-50
998000736,0,113,-113
998000965,0,11,-11
998001031,0,73,-73
998001700,0,19,-19
998001899,0,1,-1
998001900,11,0,11
998003073,769,14,755
998101900,0,0,0
998102850,4,184,-180
998501927,709,773,-64
998501929,44,1,43
998501930,76,0,76
998501931,162,75,87
998501932,8,0,8
998501933,50,3,47
998501937,5,2,3
998501944,1,0,1
998501950,0,55,-55
998501970,68,4,64
998501971,0,54,-54
998501973,0,32,-32
998501974,1,168,-167
998501975,87,0,87
998501976,160,0,160
998501977,0,21,-21
998501978,5,0,5
998501979,0,11,-11
998501980,28,1,27
998501981,47,21,26
998501982,0,70,-70
998501983,0,3,-3
998502006,0,0,0
998502024,0,6,-6
998502032,0,5,-5
998502062,13,0,13
998502063,0,0,0
998502173,45,0,45
998502269,0,5,-5
998502546,0,151,-151
998502578,0,2,-2
998502599,26,243,-217
998502621,0,3,-3
998601159,0,72,-72
998601292,0,8,-8
999033574,0,277,-277
999800001,34,5,29
999800002,0,0,0
999800003,0,0,0
999800004,0,0,0
999800005,0,5,-5
