ID,insum,outsum,diff
100000001,143,231,-88
100000002,47,77,-30
100000003,385,274,111
100000004,102,35,67
100000005,135,365,-230
100000006,1,2,-1
100000007,1,0,1
100000008,1,40,-39
100000009,0,0,0
100000010,0,0,0
100000011,0,0,0
100000012,1,51,-50
100000013,1,8,-7
100000014,15,35,-20
100000015,7,0,7
100000016,38,99,-61
100000017,23,104,-81
100000018,91,62,29
100000019,491,276,215
100000020,23,10,13
100000021,427,130,297
100000022,46,25,21
100000023,356,54,302
100000025,561,71,490
100000028,325,283,42
100000029,32,61,-29
100000030,4,0,4
100000031,268,202,66
100000032,427,242,185
100000033,66,243,-177
100000034,376,363,13
100000035,195,68,127
100000036,100,127,-27
100000037,1,0,1
100000038,11,1,10
100000039,8,0,8
100000040,0,3,-3
100000041,0,2,-2
100000042,0,0,0
100000043,0,0,0
100000044,14,87,-73
100000045,69,145,-76
100000046,39,127,-88
100000047,12,184,-172
100000048,52,177,-125
100000049,176,437,-261
100000051,73,186,-113
100000053,2,1,1
100000054,2,1,1
100000055,78,70,8
100000056,0,2,-2
100000057,15,1,14
100000058,93,236,-143
100000059,0,11,-11
100000060,33,29,4
100000061,71,61,10
100000062,64,49,15
100000063,26,38,-12
100000064,37,35,2
100000065,63,159,-96
100000066,34,156,-122
100000067,52,124,-72
100000068,67,163,-96
100000069,36,195,-159
100000072,51,49,2
100000073,180,411,-231
100000075,55,89,-34
100000076,130,124,6
100000077,0,0,0
100000078,0,0,0
100000079,0,0,0
100000080,0,0,0
100000081,0,0,0
100000102,38,105,-67
100000103,314,94,220
100000104,312,116,196
100000105,419,70,349
100000106,39,49,-10
100000107,27,20,7
100000108,145,329,-184
100000109,882,534,348
100000116,209,81,128
100000117,0,0,0
100000118,565,1052,-487
100000119,75,330,-255
100000121,0,4,-4
100000122,41,144,-103
100000123,509,646,-137
100000124,1876,1134,742
100000125,253,13,240
100000126,37,16,21
100000127,96,29,67
100000128,100,107,-7
100000129,20,97,-77
100000130,0,1,-1
100000131,850,465,385
100000132,234,53,181
100000133,2787,1352,1435
100000135,2,3,-1
100000139,11,105,-94
100000140,39,106,-67
100000142,0,0,0
100000143,186,428,-242
100000144,490,239,251
100000147,52,148,-96
100000150,2,43,-41
100000151,0,4,-4
100000153,0,0,0
100000154,0,7,-7
100000155,0,0,0
100000156,0,0,0
100000157,0,0,0
100000158,0,0,0
100000159,42,19,23
100000165,234,121,113
100000169,1,0,1
100000174,19,34,-15
100000179,0,0,0
100000180,0,8,-8
100000181,3,35,-32
100000188,0,2,-2
100000189,0,0,0
100000190,237,81,156
100000191,54,37,17
100000192,0,1,-1
100000193,0,0,0
100000330,135,64,71
100000355,10,63,-53
100000362,864,755,109
100000363,92,146,-54
100000364,21,20,1
100000365,1257,1170,87
100000366,1734,1019,715
100000367,826,1110,-284
100000368,600,574,26
100000369,0,8,-8
100000370,7,12,-5
100000376,1,15,-14
100000379,150,147,3
100000380,374,523,-149
100000384,1720,723,997
100000385,786,722,64
100000386,1331,912,419
100000387,1372,605,767
100000388,4222,1558,2664
100000389,3144,865,2279
100000390,3977,1426,2551
100000391,2554,671,1883
100000392,1134,427,707
100000393,304,232,72
100000394,1581,1154,427
100000395,829,314,515
100000396,770,728,42
100000397,686,280,406
100000398,4046,3364,682
100000413,1,1,0
100900002,0,0,0
100900003,0,0,0
100900004,3,63,-60
100900005,0,0,0
100900006,0,0,0
100900007,0,0,0
100900008,0,58,-58
100900009,0,0,0
100900010,0,0,0
100900011,0,0,0
100900012,1,14,-13
100900013,0,0,0
100900014,0,0,0
100900015,0,0,0
100900016,0,0,0
100900017,0,0,0
100900018,0,0,0
100900019,0,0,0
100900020,0,0,0
100900021,0,0,0
100900022,0,0,0
100900023,0,0,0
100900024,0,0,0
100900025,0,0,0
100900026,0,0,0
100900027,0,0,0
100900028,0,0,0
100900029,0,0,0
100900030,0,0,0
100900031,0,0,0
100900032,0,0,0
100900033,0,1,-1
100900034,0,0,0
100900035,0,0,0
100900036,0,0,0
100900037,0,0,0
100900038,0,0,0
100900039,26,83,-57
100900040,0,76,-76
100900041,0,50,-50
100900042,0,0,0
100900043,0,0,0
100900044,0,0,0
100900045,0,0,0
100900046,0,0,0
100900047,0,0,0
100900048,0,0,0
100900049,0,0,0
100900050,0,0,0
100900051,0,0,0
100900052,0,0,0
100900053,0,0,0
100900054,0,0,0
100900055,0,0,0
100900056,0,0,0
100900057,0,0,0
100900058,0,0,0
100900059,0,0,0
100900060,0,0,0
100900061,0,0,0
100900062,0,0,0
100900063,0,0,0
100900064,0,0,0
100900065,0,0,0
100900066,0,0,0
100900067,0,0,0
100900068,0,0,0
100900069,0,0,0
100900070,0,0,0
100900071,0,0,0
100900072,0,0,0
100900073,0,0,0
100900074,0,0,0
100900075,128,6,122
100900076,0,0,0
100900077,0,0,0
100900078,0,0,0
100900079,0,0,0
100900080,0,0,0
100900081,0,0,0
100900082,0,0,0
100900083,0,0,0
100900085,0,0,0
100900086,0,0,0
100900088,0,0,0
100900089,0,0,0
100900090,0,0,0
100900091,0,0,0
100900092,0,0,0
100900093,0,0,0
100900094,0,0,0
100900095,0,0,0
100900096,0,0,0
100900097,0,0,0
100900098,0,0,0
100900099,0,10,-10
100900100,0,0,0
100900101,0,0,0
100900102,0,0,0
100900103,0,0,0
100900104,0,1,-1
100900105,0,0,0
100900106,0,0,0
100900107,0,0,0
100900108,0,0,0
100900109,0,0,0
100900110,0,0,0
100900111,0,2,-2
100900112,0,0,0
100900113,0,0,0
100900114,0,0,0
100900115,0,0,0
100900116,0,0,0
100900117,0,0,0
100900118,0,0,0
100900119,0,0,0
100900120,0,0,0
100900121,0,0,0
100900122,6,10,-4
100900123,0,0,0
100900124,0,0,0
100900125,0,0,0
100900126,0,0,0
100900127,0,0,0
100900128,3,2,1
100900129,0,0,0
100900131,0,0,0
100900133,0,0,0
100900134,0,0,0
100900135,0,0,0
100900137,0,0,0
100900138,0,0,0
100900139,0,0,0
100900140,0,35,-35
100900141,0,0,0
100900142,0,0,0
100900143,0,0,0
100900144,0,0,0
100900145,0,0,0
100900146,0,0,0
100900147,0,0,0
100900148,1,44,-43
100900149,0,0,0
100900150,0,0,0
100900151,3,24,-21
100900152,0,0,0
100900153,0,0,0
100900154,0,0,0
100900155,0,0,0
100900156,0,0,0
100900157,0,0,0
100900159,0,0,0
100900160,0,0,0
100900161,0,0,0
100900162,0,0,0
100900163,5,5,0
100900164,0,0,0
100900165,0,0,0
100900166,0,0,0
100900167,0,0,0
100900168,0,0,0
100900169,11,90,-79
100900170,0,0,0
100900171,1,52,-51
100900172,0,0,0
100900173,1,41,-40
100900174,0,0,0
100900176,0,0,0
100900177,8,0,8
100900178,0,0,0
100900179,0,0,0
100900180,0,0,0
100900181,0,0,0
100900182,0,0,0
100900184,0,0,0
100900186,0,0,0
100900187,0,0,0
100900188,0,0,0
100900189,0,0,0
100900191,0,0,0
100900192,0,0,0
100900195,0,0,0
100900197,0,0,0
100900198,0,0,0
100900199,0,0,0
100900200,27,11,16
100900201,1,48,-47
100900202,0,0,0
100900203,0,0,0
100900204,0,0,0
100900205,1,0,1
100900206,0,0,0
100900207,0,0,0
100900210,18,31,-13
100900211,0,0,0
100900213,0,0,0
100900214,85,15,70
100900215,0,0,0
100900217,0,0,0
101000001,420,194,226
101000002,783,325,458
101000003,104,31,73
101000004,3754,563,3191
101000006,1531,912,619
101000007,2069,814,1255
101000008,861,536,325
101000009,85,227,-142
101000010,64,73,-9
101000011,298,16,282
101000012,0,0,0
101000013,148,46,102
101000014,37,19,18
101000015,196,143,53
101000016,7,5,2
101000017,92,68,24
101000018,444,418,26
101000020,493,136,357
101000021,33,12,21
101000022,159,39,120
101000023,363,365,-2
101000025,1,0,1
101000026,8,0,8
101000027,464,118,346
101000028,227,43,184
101000029,1,99,-98
101000030,86,13,73
101000031,27,5,22
101000032,358,388,-30
101000033,514,355,159
101000034,503,247,256
101000035,152,22,130
101000036,239,96,143
101000037,498,94,404
101000039,297,155,142
101000040,867,272,595
101000041,483,123,360
101000042,21,108,-87
101000043,601,358,243
101000045,114,35,79
101000046,280,100,180
101000047,41,48,-7
101000048,75,48,27
101000049,64,105,-41
101000050,41,29,12
101000051,268,132,136
101000052,405,54,351
101000053,60,35,25
101000054,218,39,179
101000055,368,87,281
101000056,17,4,13
101000057,913,207,706
101000058,544,48,496
101000059,219,28,191
101000060,335,112,223
101000061,37,16,21
101000062,1062,103,959
101000063,9,21,-12
101000064,393,91,302
101000065,24,7,17
101000066,1,4,-3
101000067,95,136,-41
101000068,62,39,23
101000069,158,14,144
101000070,375,488,-113
101000071,527,203,324
101000072,290,230,60
101000073,29,18,11
101000074,1129,440,689
101000075,2823,930,1893
101000077,311,254,57
101000078,84,94,-10
101000079,78,84,-6
101000080,439,272,167
101000081,153,103,50
101000082,368,183,185
101000083,106,74,32
101000084,199,178,21
101000085,74,14,60
101000086,499,310,189
101000087,243,205,38
101000088,40,17,23
101000089,31,25,6
101000090,566,299,267
101000091,25,73,-48
101000092,266,88,178
101000093,132,25,107
101000094,195,296,-101
101000095,55,217,-162
101000096,13,24,-11
101000097,36,63,-27
101000098,5,27,-22
101000099,163,124,39
101000100,216,161,55
101000101,12,33,-21
101000102,170,67,103
101000103,83,30,53
101000104,38,41,-3
101000105,1,0,1
101000106,29,39,-10
101000107,13,41,-28
101000108,0,0,0
101000109,9,6,3
101000110,0,2,-2
101000111,4,31,-27
101000113,0,0,0
101000114,649,249,400
101000115,0,0,0
101000116,0,0,0
101000117,0,0,0
101000119,43,11,32
101000120,112,15,97
101000121,45,15,30
101000122,30,9,21
101000123,20,17,3
101000124,210,180,30
101000125,51,96,-45
101000128,32,42,-10
101000130,230,89,141
101000131,52,28,24
101000132,90,288,-198
101000135,55,13,42
101000136,84,50,34
101000137,2,17,-15
101000141,130,121,9
101000147,152,161,-9
101000148,150,1,149
101000149,0,0,0
101000150,0,0,0
101000151,1,8,-7
101000152,32,39,-7
101000153,72,23,49
101000154,6,108,-102
101000155,21,27,-6
101000156,10,65,-55
101000157,0,0,0
101000160,0,0,0
101000163,0,0,0
101000164,70,118,-48
101000165,101,42,59
101000166,13,13,0
101000168,15,50,-35
101000252,53,74,-21
101000254,198,33,165
101000258,2,0,2
101000261,0,0,0
101000262,32,109,-77
101000263,10,13,-3
101000265,8,91,-83
101000266,33,22,11
101000269,154,23,131
101000290,131,14,117
101000293,0,0,0
101000294,144,95,49
101000295,12,35,-23
101000301,122,46,76
101000304,585,855,-270
101000305,341,342,-1
101000328,9,32,-23
101900001,0,1,-1
101900002,0,0,0
101900003,4,16,-12
101900004,0,0,0
101900005,175,20,155
101900006,0,0,0
101900007,0,0,0
101900008,0,0,0
101900009,0,0,0
101900010,0,0,0
101900011,0,0,0
101900012,0,0,0
101900013,58,0,58
101900017,0,0,0
101900018,0,1,-1
101900019,0,0,0
101900020,0,0,0
101900021,0,0,0
101900022,0,0,0
101900023,0,0,0
101900026,0,0,0
101900027,0,0,0
102000001,252,384,-132
102000002,158,136,22
102000003,1283,580,703
102000004,951,171,780
102000005,536,365,171
102000006,284,156,128
102000007,550,554,-4
102000008,600,256,344
102000009,1206,1155,51
102000010,1075,601,474
102000011,611,541,70
102000012,279,388,-109
102000018,144,29,115
102000019,15,31,-16
102000026,0,0,0
102000029,0,0,0
102000030,5,6,-1
102000031,0,1,-1
102000032,7,7,0
102000033,0,0,0
102000034,14,11,3
102000035,0,0,0
102000036,0,0,0
102000037,13,7,6
102000038,0,3,-3
102000039,0,0,0
102000040,16,4,12
102000041,0,0,0
102000042,0,0,0
102000043,6,6,0
102000044,0,0,0
102000045,25,33,-8
102000046,98,6,92
102000047,22,75,-53
102000048,10,22,-12
102000049,24,15,9
102000050,37,58,-21
102000051,18,14,4
102000052,60,95,-35
102000053,23,34,-11
102000054,42,130,-88
102000055,124,165,-41
102000056,47,94,-47
102000057,142,14,128
102000058,117,199,-82
102000059,191,220,-29
102000060,49,27,22
102000061,174,338,-164
102000062,37,49,-12
102000063,176,266,-90
102000064,103,120,-17
102000065,5,18,-13
102000066,489,149,340
102000067,284,338,-54
102000068,824,262,562
102000069,0,1,-1
102000070,154,7,147
102000071,1369,1479,-110
102000072,834,1205,-371
102000073,6,147,-141
102000074,25,120,-95
102000075,4,79,-75
102000076,11,144,-133
102000077,19,316,-297
102000078,52,279,-227
102000079,7,51,-44
102000080,20,43,-23
102000081,70,169,-99
102000082,108,59,49
102000083,18,105,-87
102000084,0,0,0
102000085,108,187,-79
102000086,56,12,44
102000087,74,203,-129
102000088,15,12,3
102000089,0,0,0
102000090,108,131,-23
102000091,256,68,188
102000092,193,66,127
102000093,41,95,-54
102000094,0,0,0
102000095,134,169,-35
102000096,0,0,0
102000097,311,221,90
102000098,15,24,-9
102000099,122,43,79
102000100,12,11,1
102000101,53,13,40
102000102,19,2,17
102000103,113,64,49
102000104,49,12,37
102000105,1,31,-30
102000106,5,41,-36
102000107,4,3,1
102000108,13,14,-1
102000109,0,1,-1
102000110,0,1,-1
102000111,0,0,0
102000112,7,2,5
102000113,0,0,0
102000114,1,0,1
102000115,20,4,16
102000116,5,14,-9
102000117,10,90,-80
102000118,10,57,-47
102000119,621,62,559
102000120,11,6,5
102000121,35,50,-15
102000122,10,6,4
102000123,76,73,3
102000124,53,7,46
102000125,41,36,5
102000126,25,8,17
102000127,63,33,30
102000128,35,18,17
102000129,46,39,7
102000130,29,20,9
102000131,29,16,13
102000132,23,24,-1
102000133,102,287,-185
102000134,30,42,-12
102000135,0,0,0
102000136,10,5,5
102000137,29,10,19
102000138,0,2,-2
102000139,0,0,0
102000140,6,3,3
102000141,0,23,-23
102000142,2,16,-14
102000143,3,31,-28
102000144,6,33,-27
102000145,5,26,-21
102000146,1,1,0
102000147,6,9,-3
102000148,0,0,0
102000149,2,0,2
102000150,0,1,-1
102000151,1,0,1
102000152,0,1,-1
102000153,0,2,-2
102000154,3,22,-19
102000155,16,13,3
102000156,41,7,34
102000157,4,2,2
102000158,16,3,13
102000159,47,1,46
102000161,595,147,448
102000162,36,49,-13
102000163,0,0,0
102000164,0,0,0
102000165,92,46,46
102000166,5,37,-32
102000167,41,96,-55
102000168,36,31,5
102000169,45,112,-67
102000170,334,89,245
102000171,16,15,1
102000172,7,54,-47
102000173,38,52,-14
102000174,10,8,2
102000175,3,2,1
102000176,1,1,0
102000178,22,50,-28
102000179,13,44,-31
102000180,26,68,-42
102000181,13,105,-92
102000182,157,118,39
102000183,70,132,-62
102000184,116,238,-122
102000185,69,117,-48
102000186,78,434,-356
102000187,65,405,-340
102000188,21,100,-79
102000189,542,125,417
102000190,92,141,-49
102000191,198,19,179
102000192,187,211,-24
102000193,0,0,0
102000194,0,0,0
102000195,13,35,-22
102000196,1,0,1
102000197,6,27,-21
102000198,0,0,0
102000199,10,25,-15
102000200,0,1,-1
102000201,19,53,-34
102000202,4,3,1
102000203,16,39,-23
102000204,0,7,-7
102000205,1,1,0
102000206,56,53,3
102000207,1,1,0
102000208,18,53,-35
102000209,5,8,-3
102000210,0,128,-128
102000211,2,42,-40
102000212,0,0,0
102000213,0,22,-22
102000214,0,0,0
102000215,0,57,-57
102000216,0,0,0
102000217,0,20,-20
102000218,0,0,0
102000219,23,21,2
102000225,0,0,0
102000226,0,0,0
102000227,0,0,0
102000228,0,15,-15
102000229,2,8,-6
102000230,15,50,-35
102000231,27,9,18
102000232,0,0,0
102000233,16,17,-1
102000234,0,0,0
102000236,8,2,6
102000237,9,8,1
102000238,5,4,1
102000240,232,285,-53
102000241,28,12,16
102000243,0,1,-1
102000245,4,36,-32
102000246,0,0,0
102000247,81,144,-63
102000248,92,117,-25
102000249,6,31,-25
102000250,4,76,-72
102000254,0,0,0
102000266,0,1,-1
102000271,0,0,0
102000286,0,0,0
102000297,27,13,14
102000299,0,0,0
102000301,0,0,0
102000305,0,0,0
102000307,0,5,-5
102900001,0,0,0
102900002,0,0,0
102900003,0,22,-22
102900005,0,0,0
102900006,0,0,0
102900007,0,0,0
102900008,0,0,0
102900009,0,0,0
102900010,0,0,0
102900011,0,0,0
102900012,0,0,0
102900013,0,0,0
102900015,0,0,0
102900016,0,0,0
102900017,0,0,0
102900018,0,0,0
102900019,0,0,0
102900020,0,0,0
102900021,0,0,0
102900022,20,10,10
102900023,0,0,0
102900024,0,0,0
102900025,0,0,0
102900026,0,0,0
102900027,0,0,0
102900028,0,0,0
102900029,0,1,-1
102900030,0,0,0
102900031,0,0,0
102900032,2,5,-3
102900033,0,0,0
102900034,0,0,0
102900035,0,26,-26
102900036,0,0,0
102900037,0,0,0
102900038,0,0,0
102900039,0,0,0
102900040,0,0,0
102900041,0,0,0
102900042,0,0,0
102900043,0,0,0
102900044,0,0,0
102900045,0,0,0
102900046,0,0,0
102900047,0,0,0
102900048,0,0,0
102900049,0,0,0
102900050,0,0,0
102900051,0,0,0
102900053,0,0,0
102900054,0,0,0
102900055,0,0,0
102900056,0,0,0
102900057,0,0,0
102900058,0,0,0
102900059,0,0,0
102900060,0,0,0
102900061,0,0,0
102900062,0,0,0
102900063,0,0,0
102900064,0,0,0
102900065,0,0,0
102900066,0,0,0
102900068,0,0,0
102900070,2,30,-28
102900072,1,2,-1
102900073,6,0,6
102900075,0,0,0
102900076,0,0,0
102900077,0,0,0
102900078,0,0,0
102900079,0,0,0
102900080,0,0,0
102900081,0,0,0
102900082,0,0,0
102900083,0,0,0
102900084,0,0,0
102900085,0,0,0
102900086,0,0,0
102900087,0,0,0
102900088,0,0,0
102900089,0,0,0
102900090,0,50,-50
102900091,3,0,3
102900092,7,96,-89
102900094,0,0,0
102900095,0,0,0
102900096,0,5,-5
102900097,0,16,-16
103000001,431,522,-91
103000002,246,333,-87
103000003,602,426,176
103000004,114,142,-28
103000005,80,108,-28
103000006,63,95,-32
103000007,35,57,-22
103000008,61,154,-93
103000009,1,5,-4
103000010,8,34,-26
103000011,289,190,99
103000012,174,104,70
103000013,1778,356,1422
103000014,33,37,-4
103000015,307,190,117
103000016,40,9,31
103000017,0,0,0
103000018,0,0,0
103000019,0,0,0
103000020,213,359,-146
103000021,11,26,-15
103000022,151,226,-75
103000023,10,43,-33
103000024,1,0,1
103000025,0,0,0
103000026,3,1,2
103000027,0,0,0
103000028,5,0,5
103000029,30,0,30
103000030,507,109,398
103000031,56,63,-7
103000032,278,268,10
103000033,99,43,56
103000034,615,255,360
103000035,152,116,36
103000036,60,39,21
103000037,251,111,140
103000038,82,90,-8
103000039,16,101,-85
103000040,11,29,-18
103000041,342,568,-226
103000042,135,132,3
103000043,10,44,-34
103000044,7,2,5
103000046,54,16,38
103000047,0,0,0
103000048,10,4,6
103000049,0,0,0
103000050,11,5,6
103000051,12,11,1
103000052,10,2,8
103000053,2,22,-20
103000054,237,167,70
103000055,90,32,58
103000056,85,196,-111
103000057,39,57,-18
103000058,50,119,-69
103000059,26,50,-24
103000060,146,147,-1
103000061,17,29,-12
103000062,142,198,-56
103000063,36,41,-5
103000064,45,73,-28
103000065,0,3,-3
103000066,0,0,0
103000069,3,6,-3
103000070,57,204,-147
103000071,21,7,14
103000072,17,146,-129
103000073,2,1,1
103000074,0,0,0
103000075,38,132,-94
103000076,0,0,0
103000077,12,62,-50
103000078,1,0,1
103000079,124,27,97
103000080,1,1,0
103000081,35,92,-57
103000082,0,0,0
103000083,0,67,-67
103000084,0,0,0
103000085,0,10,-10
103000086,40,16,24
103000087,24,75,-51
103000088,91,48,43
103000089,17,11,6
103000090,287,163,124
103000091,61,59,2
103000092,0,1,-1
103000093,31,131,-100
103000094,0,0,0
103000095,4,59,-55
103000096,3,0,3
103000097,5,58,-53
103000098,0,0,0
103000099,10,66,-56
103000100,12,142,-130
103000101,0,0,0
103000102,15,147,-132
103000103,3,13,-10
103000104,3,35,-32
103000105,0,3,-3
103000106,0,61,-61
103000107,3,29,-26
103000108,51,80,-29
103000109,122,38,84
103000110,227,74,153
103000111,150,58,92
103000112,13,6,7
103000113,57,106,-49
103000114,14,10,4
103000115,21,62,-41
103000116,17,23,-6
103000117,11,21,-10
103000118,73,246,-173
103000119,356,218,138
103000120,8,20,-12
103000121,71,124,-53
103000122,9,6,3
103000125,1,1,0
103000126,0,0,0
103000127,0,1,-1
103000128,1,0,1
103000129,0,1,-1
103000130,0,1,-1
103000131,2,1,1
103000132,1,1,0
103000133,0,1,-1
103000134,137,68,69
103000135,54,33,21
103000136,216,104,112
103000137,78,55,23
103000138,271,47,224
103000139,0,13,-13
103000140,2,0,2
103000141,11,17,-6
103000142,0,0,0
103000143,4,32,-28
103000144,0,0,0
103000145,0,1,-1
103000150,6,20,-14
103000152,40,44,-4
103000153,4,5,-1
103000156,0,0,0
103000157,9,0,9
103000159,0,0,0
103000162,0,0,0
103000163,0,0,0
103000164,0,0,0
103000165,0,1,-1
103000166,0,0,0
103000167,3,11,-8
103000168,10,35,-25
103000169,0,0,0
103000170,69,41,28
103000171,0,0,0
103000172,3,1,2
103000173,14,119,-105
103000174,9,5,4
103000175,77,210,-133
103000176,2,0,2
103000177,74,84,-10
103000178,161,90,71
103000179,4,0,4
103000183,0,10,-10
103000185,0,15,-15
103000186,0,0,0
103000187,35,118,-83
103000188,1,17,-16
103000189,74,270,-196
103000191,0,0,0
103000292,260,19,241
103000293,1,0,1
103000295,0,0,0
103000296,0,0,0
103000297,0,0,0
103000504,0,0,0
103000505,0,0,0
103000506,2,2,0
103000507,2,0,2
103000508,14,9,5
103000509,28,138,-110
103900001,0,0,0
103900002,0,0,0
103900003,0,3,-3
103900004,0,0,0
103900005,0,0,0
103900006,0,0,0
103900007,0,0,0
103900008,0,0,0
103900009,2,39,-37
103900010,1,18,-17
103900011,4,31,-27
103900012,0,0,0
103900013,0,15,-15
103900014,0,0,0
103900015,0,0,0
103900016,10,27,-17
103900017,0,10,-10
103900018,45,10,35
103900019,0,0,0
103900020,0,0,0
103900021,0,0,0
103900022,0,38,-38
103900023,0,0,0
103900024,0,0,0
103900025,0,0,0
103900026,0,0,0
103900027,0,0,0
103900028,0,28,-28
103900029,9,12,-3
103900030,0,0,0
103900031,0,0,0
103900032,0,0,0
103900033,0,0,0
103900034,1,17,-16
103900035,1,0,1
103900036,0,0,0
103900037,0,0,0
103900038,0,0,0
103900039,1,73,-72
103900040,1,5,-4
103900041,0,0,0
103900042,2,96,-94
103900043,0,0,0
103900044,0,0,0
103900045,0,0,0
103900047,1,3,-2
103900048,0,0,0
103900049,0,0,0
103900050,2,45,-43
103900051,0,6,-6
103900052,10,29,-19
103900053,0,70,-70
103900054,0,0,0
103900055,5,9,-4
103900056,0,8,-8
103900057,0,0,0
103900058,2,68,-66
103900059,0,0,0
103900060,0,0,0
103900061,0,0,0
103900062,3,6,-3
103900063,0,0,0
103900064,0,0,0
103900065,57,19,38
103900066,0,0,0
103900067,0,0,0
103900068,0,0,0
103900069,0,0,0
103900070,0,0,0
103900071,1,11,-10
103900072,1,58,-57
103900073,0,0,0
103900074,0,0,0
103900075,0,0,0
103900076,7,17,-10
103900077,0,0,0
103900078,0,0,0
103900079,0,0,0
103900080,0,0,0
103900081,0,0,0
103900082,0,0,0
103900083,0,0,0
103900084,0,0,0
103900085,0,0,0
103900086,0,0,0
103900088,0,0,0
103900089,0,1,-1
103900090,0,0,0
103900091,0,0,0
103900092,4,6,-2
103900093,0,0,0
103900094,0,0,0
103900095,6,4,2
103900096,0,0,0
103900097,0,0,0
103900098,2,0,2
103900099,0,0,0
103900100,6,34,-28
103900101,0,0,0
103900102,0,0,0
103900104,0,0,0
103900105,2,5,-3
103900106,0,0,0
103900107,0,0,0
103900108,9,97,-88
103900109,0,0,0
103900110,3,1,2
103900111,1,71,-70
103900112,0,0,0
103900113,2,0,2
103900114,9,11,-2
103900115,15,4,11
103900116,224,9,215
103900117,41,12,29
103900119,0,0,0
103900120,0,0,0
103900122,0,49,-49
103900123,7,19,-12
103900124,3,63,-60
103900125,1,11,-10
103900126,0,0,0
103900127,7,55,-48
103900128,0,17,-17
103900131,0,24,-24
103900133,0,0,0
103900134,0,0,0
103900135,0,0,0
103900137,0,0,0
103900138,0,0,0
103900139,0,43,-43
103900140,0,0,0
103900141,0,0,0
103900142,0,0,0
103900143,0,0,0
103900144,0,0,0
103900145,0,0,0
103900146,0,0,0
103900147,2,12,-10
103900148,2,22,-20
103900149,0,0,0
103900150,0,25,-25
103900151,0,0,0
103900152,0,0,0
103900153,0,0,0
103900154,41,2,39
103900155,0,0,0
103900156,0,0,0
103900157,0,0,0
103900158,0,0,0
103900159,0,0,0
103900160,0,0,0
103900161,0,0,0
103900162,18,19,-1
103900163,0,0,0
103900167,0,0,0
103900168,0,0,0
103900169,0,0,0
103900170,0,0,0
103900171,0,0,0
103900172,0,0,0
103900173,0,0,0
103900174,0,0,0
103900175,0,0,0
103900176,0,1,-1
103900177,0,2,-2
103900178,0,1,-1
103900179,0,2,-2
103900180,0,0,0
103900181,0,0,0
103900182,0,0,0
103900184,0,0,0
103900185,0,0,0
103900187,3,1,2
103900188,0,0,0
103900189,6,0,6
103900190,0,0,0
103900191,0,0,0
103900192,0,0,0
103900193,0,0,0
103900194,0,0,0
103900195,0,0,0
103900196,0,0,0
103900197,0,2,-2
103900198,0,0,0
103900199,0,0,0
103900200,0,2,-2
103900201,0,0,0
103900202,0,0,0
103900203,1,0,1
103900204,0,0,0
103900207,0,0,0
103900208,1,0,1
103900209,0,0,0
103900210,0,0,0
103900211,2,2,0
103900212,0,48,-48
103900213,51,189,-138
103900214,44,11,33
103900215,692,198,494
103900216,0,14,-14
103900217,0,0,0
103900218,0,0,0
103900219,0,0,0
103900233,0,0,0
103900235,0,0,0
103900236,0,0,0
103900242,0,0,0
103900243,0,0,0
103900244,0,0,0
103900245,0,0,0
103900246,1,2,-1
103900247,0,0,0
103900248,0,0,0
103900249,0,0,0
103900250,0,0,0
103900251,0,0,0
103900253,0,0,0
103900254,0,0,0
103900255,0,0,0
103900256,0,0,0
103900257,0,0,0
103900258,0,0,0
103900259,0,0,0
103900261,0,0,0
103900262,0,0,0
103900263,0,0,0
103900264,0,0,0
103900265,0,0,0
103900266,0,0,0
103900267,0,5,-5
103900268,0,4,-4
103900269,1,4,-3
103900270,0,9,-9
103900271,0,13,-13
103900272,0,0,0
103900273,0,0,0
103900274,0,0,0
103900275,0,0,0
103900276,0,0,0
103900277,0,0,0
103900278,0,0,0
103900279,0,0,0
103900280,0,0,0
104000001,481,475,6
104000002,483,615,-132
104000003,426,585,-159
104000004,2078,646,1432
104000005,83,302,-219
104000006,460,650,-190
104000007,847,901,-54
104000008,422,481,-59
104000009,13,51,-38
104000010,0,0,0
104000011,255,274,-19
104000012,34,210,-176
104000013,0,0,0
104000014,91,296,-205
104000015,0,0,0
104000016,57,167,-110
104000018,20,4,16
104000019,30,5,25
104000020,1,3,-2
104000021,18,12,6
104000022,3,2,1
104000023,65,61,4
104000024,8,15,-7
104000026,0,0,0
104000027,88,234,-146
104000028,55,52,3
104000029,105,316,-211
104000030,6,45,-39
104000031,5,5,0
104000032,16,167,-151
104000033,4,2,2
104000034,30,218,-188
104000035,7,11,-4
104000036,8,9,-1
104000037,42,114,-72
104000038,38,59,-21
104000039,3,10,-7
104000040,15,8,7
104000041,27,40,-13
104000042,13,41,-28
104000043,16,51,-35
104000044,45,91,-46
104000045,51,145,-94
104000046,135,133,2
104000047,4,21,-17
104000048,37,48,-11
104000049,4,2,2
104000050,3,17,-14
104000051,40,201,-161
104000052,121,240,-119
104000053,120,171,-51
104000054,8,51,-43
104000055,488,303,185
104000056,76,83,-7
104000057,46,197,-151
104000058,159,161,-2
104000059,34,228,-194
104000060,101,189,-88
104000061,95,199,-104
104000062,1,11,-10
104000064,56,23,33
104000065,0,12,-12
104000069,177,30,147
104000070,0,14,-14
104000071,35,157,-122
104000072,5,6,-1
104000075,0,0,0
104000076,0,0,0
104000082,320,424,-104
104000083,35,9,26
104000084,8,78,-70
104000085,5,8,-3
104000086,16,49,-33
104000087,6,19,-13
104000090,36,266,-230
104000092,26,418,-392
104000094,40,372,-332
104000095,399,441,-42
104000096,0,38,-38
104000097,0,0,0
104000098,0,0,0
104000100,0,0,0
104000101,121,288,-167
104000106,5,19,-14
104000107,23,118,-95
104000108,29,38,-9
104000109,0,1,-1
104000110,63,34,29
104000111,88,105,-17
104000112,165,39,126
104000116,1,292,-291
104000117,2,139,-137
104000118,20,26,-6
104000119,11,21,-10
104000120,5,79,-74
104000121,10,39,-29
104000122,50,98,-48
104000123,144,361,-217
104000124,310,364,-54
104000125,275,127,148
104000126,12,84,-72
104000127,461,806,-345
104000128,16,68,-52
104000129,18,14,4
104000130,3,38,-35
104000131,711,626,85
104000132,440,691,-251
104000133,239,164,75
104000134,189,145,44
104000135,66,112,-46
104000136,409,254,155
104000137,679,84,595
104000138,264,114,150
104000139,2102,424,1678
104000141,205,380,-175
104000142,122,353,-231
104000143,78,467,-389
104000144,0,0,0
104000145,0,0,0
104000146,160,557,-397
104000147,46,213,-167
104000148,0,0,0
104000149,35,141,-106
104000150,0,0,0
104000151,63,189,-126
104000152,39,353,-314
104000153,0,0,0
104000154,304,267,37
104000155,0,0,0
104000157,162,380,-218
104000158,34,84,-50
104000159,68,42,26
104000160,644,177,467
104000161,0,0,0
104000162,0,0,0
104000165,0,0,0
104000167,23,104,-81
104000168,0,0,0
104000169,0,0,0
104000170,238,36,202
104000248,0,98,-98
104000251,14,77,-63
104000272,10,0,10
104000273,6,0,6
104000274,4,1,3
104000275,13,2,11
104000279,70,27,43
104000290,10,85,-75
104000291,72,119,-47
104000293,11,22,-11
104000294,0,0,0
104000295,108,314,-206
104000296,33,133,-100
104000297,397,546,-149
104000298,377,174,203
104000299,85,330,-245
104000302,3,1,2
104000303,90,96,-6
104900001,0,0,0
104900002,0,0,0
104900003,0,0,0
104900004,0,0,0
104900005,0,0,0
104900006,0,0,0
104900007,1,2,-1
104900009,0,0,0
104900010,0,0,0
104900011,0,0,0
104900012,0,0,0
104900013,0,0,0
104900014,0,0,0
104900015,0,0,0
104900016,0,0,0
104900017,0,0,0
104900018,0,0,0
104900019,0,0,0
104900020,0,0,0
104900021,0,0,0
104900022,0,0,0
104900023,0,0,0
104900024,0,0,0
104900025,0,0,0
104900026,0,0,0
104900027,0,0,0
104900028,0,0,0
104900029,0,0,0
104900030,0,0,0
104900031,0,0,0
104900032,0,0,0
104900033,0,0,0
104900034,0,0,0
104900035,0,0,0
104900036,0,0,0
104900037,0,0,0
104900038,0,0,0
104900039,0,0,0
104900040,0,0,0
104900041,0,0,0
104900042,0,0,0
104900043,0,0,0
104900044,0,0,0
104900045,0,0,0
104900046,0,0,0
104900047,0,0,0
104900048,0,0,0
104900049,0,0,0
104900050,0,0,0
104900051,0,0,0
104900052,0,0,0
104900053,0,0,0
104900054,0,0,0
104900055,0,0,0
104900056,0,0,0
104900057,0,0,0
104900058,0,0,0
104900059,0,0,0
104900060,0,0,0
104900061,0,0,0
104900063,0,0,0
104900064,0,0,0
104900065,0,0,0
104900066,0,0,0
104900067,0,0,0
104900068,0,0,0
104900070,0,0,0
104900071,0,53,-53
104900072,0,0,0
104900073,0,0,0
104900074,0,0,0
104900075,0,0,0
104900076,0,0,0
104900077,0,0,0
104900078,0,0,0
104900079,0,0,0
104900080,0,0,0
104900082,0,0,0
104900085,0,0,0
104900087,0,0,0
104900089,0,0,0
104900090,0,0,0
104900091,0,0,0
104900093,0,0,0
104900097,0,0,0
104900098,0,0,0
104900099,0,0,0
104900100,0,0,0
104900102,0,0,0
104900103,0,0,0
104900104,0,0,0
104900106,0,0,0
104900107,0,0,0
104900108,0,0,0
104900109,0,0,0
104900110,0,0,0
104900111,0,0,0
104900112,0,0,0
104900113,3,7,-4
104900114,0,0,0
104900115,2,10,-8
104900116,0,0,0
104900118,0,0,0
104900119,0,0,0
104900120,0,0,0
104900121,0,0,0
104900122,0,0,0
104900123,0,0,0
104900124,0,0,0
104900125,0,0,0
104900126,0,0,0
104900127,0,0,0
104900128,0,0,0
104900129,0,0,0
105000001,346,508,-162
105000002,147,297,-150
105000003,242,472,-230
105000004,84,227,-143
105000005,116,216,-100
105000006,97,207,-110
105000007,49,199,-150
105000008,27,387,-360
105000009,60,201,-141
105000010,555,718,-163
105000011,141,154,-13
105000012,824,1238,-414
105000013,105,121,-16
105000014,139,96,43
105000015,960,324,636
105000016,698,389,309
105000017,266,147,119
105000018,110,172,-62
105000019,11,3,8
105000020,10,101,-91
105000021,0,0,0
105000022,0,0,0
105000023,0,0,0
105000028,15,40,-25
105000029,44,94,-50
105000030,872,1263,-391
105000031,0,0,0
105000033,264,881,-617
105000034,0,5,-5
105000037,32,36,-4
105000038,46,65,-19
105000039,948,959,-11
105000040,7,24,-17
105000041,108,629,-521
105000042,85,74,11
105000043,462,963,-501
105000044,26,24,2
105000045,30,376,-346
105000046,35,9,26
105000047,57,403,-346
105000048,3,5,-2
105000049,61,201,-140
105000050,0,0,0
105000051,57,183,-126
105000052,4,45,-41
105000053,33,79,-46
105000054,5,52,-47
105000055,13,55,-42
105000056,6,108,-102
105000057,66,160,-94
105000058,149,170,-21
105000059,19,23,-4
105000060,37,139,-102
105000061,13,20,-7
105000062,98,194,-96
105000063,34,148,-114
105000064,44,65,-21
105000065,40,201,-161
105000066,106,274,-168
105000067,50,35,15
105000068,116,130,-14
105000069,297,110,187
105000070,34,76,-42
105000071,0,0,0
105000072,58,20,38
105000073,19,12,7
105000074,92,251,-159
105000075,62,139,-77
105000076,238,191,47
105000077,555,175,380
105000078,153,119,34
105000079,317,654,-337
105000080,70,37,33
105000081,285,223,62
105000082,32,52,-20
105000083,15,11,4
105000084,62,263,-201
105000085,28,27,1
105000086,100,186,-86
105000087,154,494,-340
105000088,19,8,11
105000089,680,876,-196
105000090,259,347,-88
105000091,499,633,-134
105000092,89,254,-165
105000093,30,29,1
105000094,8,3,5
105000095,7,51,-44
105000096,0,3,-3
105000097,84,142,-58
105000098,2,1,1
105000099,81,172,-91
105000100,150,192,-42
105000101,132,193,-61
105000102,105,218,-113
105000103,106,224,-118
105000104,139,117,22
105000105,26,185,-159
105000106,45,221,-176
105000107,50,22,28
105000108,113,60,53
105000109,70,209,-139
105000110,29,16,13
105000111,15,32,-17
105000112,130,13,117
105000113,7,38,-31
105000114,5,3,2
105000115,44,52,-8
105000116,6,21,-15
105000117,103,134,-31
105000118,5,8,-3
105000119,33,100,-67
105000120,14,7,7
105000121,68,138,-70
105000122,5,52,-47
105000123,90,156,-66
105000124,64,136,-72
105000125,28,190,-162
105000126,175,270,-95
105000127,97,191,-94
105000128,22,166,-144
105000129,31,67,-36
105000130,0,0,0
105000131,47,78,-31
105000132,1,1,0
105000133,50,177,-127
105000134,1,2,-1
105000135,51,81,-30
105000136,10,99,-89
105000137,0,0,0
105000138,51,98,-47
105000139,82,160,-78
105000140,0,0,0
105000141,23,123,-100
105000142,0,0,0
105000143,24,115,-91
105000144,57,168,-111
105000145,0,0,0
105000146,76,135,-59
105000147,0,0,0
105000148,0,0,0
105000149,0,0,0
105000150,323,312,11
105000151,19,12,7
105000152,7,95,-88
105000153,14,8,6
105000154,32,110,-78
105000155,15,22,-7
105000156,41,145,-104
105000157,56,298,-242
105000158,71,42,29
105000159,29,213,-184
105000160,36,40,-4
105000161,56,296,-240
105000162,16,41,-25
105000163,110,168,-58
105000164,70,26,44
105000165,41,114,-73
105000166,687,31,656
105000167,154,122,32
105000168,3,123,-120
105000169,36,121,-85
105000170,0,0,0
105000171,48,15,33
105000172,0,0,0
105000173,0,0,0
105000174,0,0,0
105000175,4,23,-19
105000176,1,10,-9
105000177,1,18,-17
105000178,0,0,0
105000179,17,18,-1
105000180,8,33,-25
105000181,0,0,0
105000182,4,10,-6
105000183,16,8,8
105000184,327,282,45
105000185,193,94,99
105000186,55,383,-328
105000187,71,62,9
105000188,15,18,-3
105000189,26,194,-168
105000190,0,0,0
105000191,55,144,-89
105000192,17,52,-35
105000193,21,28,-7
105000194,29,38,-9
105000195,43,209,-166
105000196,9,20,-11
105000197,9,124,-115
105000198,132,72,60
105000199,32,47,-15
105000200,5,18,-13
105000201,16,9,7
105000203,0,21,-21
105000204,40,24,16
105000205,5,27,-22
105000207,117,95,22
105000208,0,0,0
105000209,26,138,-112
105000211,1,0,1
105000212,55,147,-92
105000213,0,0,0
105000214,0,0,0
105000215,10,38,-28
105000216,16,172,-156
105000217,4,169,-165
105000218,8,141,-133
105000221,17,9,8
105000222,1,3,-2
105000223,13,25,-12
105000226,0,0,0
105000227,0,0,0
105000228,3,41,-38
105000229,0,1,-1
105000231,0,0,0
105000233,50,37,13
105000234,180,586,-406
105000235,4,9,-5
105000237,0,0,0
105000243,5,1,4
105000248,16,43,-27
105000262,5,199,-194
105000269,12,14,-2
105000270,7,31,-24
105000271,0,4,-4
105000282,2,2,0
105000287,3,0,3
105000288,5,43,-38
105000289,84,142,-58
105000290,0,0,0
105000402,310,66,244
105000426,41,38,3
105000438,95,79,16
105000440,0,0,0
105000446,944,896,48
105000447,1154,638,516
105000454,3,20,-17
105000455,1,1,0
105000474,0,0,0
105000477,0,0,0
105000478,103,166,-63
105000479,1,8,-7
105000480,322,368,-46
105000481,483,244,239
105000482,1225,836,389
105000483,234,311,-77
105000484,366,787,-421
105000485,464,647,-183
105000486,755,722,33
105000488,364,582,-218
105000489,70,69,1
105000549,0,0,0
105000550,136,283,-147
105000551,0,0,0
105000552,1458,616,842
105000555,38,26,12
105000556,4,0,4
105000557,1,1,0
105900001,0,0,0
105900002,0,9,-9
105900003,3,8,-5
105900004,33,7,26
105900005,0,25,-25
105900006,0,0,0
105900007,0,0,0
105900008,4,100,-96
105900009,0,0,0
105900011,0,0,0
105900012,0,0,0
105900013,0,0,0
105900014,0,0,0
105900015,8,16,-8
105900016,0,0,0
105900017,0,0,0
105900018,17,10,7
105900019,0,0,0
105900020,3,0,3
105900021,0,0,0
105900022,0,12,-12
105900023,0,0,0
105900024,0,0,0
105900025,0,0,0
105900026,1,1,0
105900027,0,0,0
105900028,0,15,-15
105900029,6,29,-23
105900030,7,15,-8
105900031,9,34,-25
105900032,1,16,-15
105900033,1,16,-15
105900034,1,26,-25
105900035,8,12,-4
105900036,0,9,-9
105900037,10,6,4
105900038,2,11,-9
105900039,2,10,-8
105900040,9,7,2
105900041,3,4,-1
105900042,2,11,-9
105900043,8,0,8
105900044,1,10,-9
105900045,0,36,-36
105900046,0,37,-37
105900047,0,5,-5
105900048,0,40,-40
105900050,0,0,0
105900051,0,0,0
105900052,0,0,0
105900053,201,6,195
105900054,11,16,-5
105900056,0,0,0
105900057,0,0,0
105900058,0,0,0
105900059,0,0,0
106000001,276,119,157
106000002,516,866,-350
106000003,418,263,155
106000004,390,488,-98
106000005,381,381,0
106000006,1247,1054,193
106000007,118,41,77
106000008,170,182,-12
106000009,82,26,56
106000010,127,246,-119
106000011,45,42,3
106000012,209,450,-241
106000013,153,102,51
106000014,487,581,-94
106000015,57,128,-71
106000016,495,756,-261
106000017,148,142,6
106000018,302,371,-69
106000019,26,53,-27
106000020,40,191,-151
106000021,65,79,-14
106000022,138,131,7
106000023,46,53,-7
106000024,116,285,-169
106000025,41,39,2
106000026,122,173,-51
106000027,46,60,-14
106000028,117,318,-201
106000029,385,621,-236
106000030,51,80,-29
106000034,146,134,12
106000035,42,81,-39
106000036,26,81,-55
106000037,260,335,-75
106000038,2,0,2
106000039,0,1,-1
106000040,25,189,-164
106000041,63,64,-1
106000043,0,0,0
106000046,0,0,0
106000047,6,52,-46
106000049,18,2,16
106000050,58,302,-244
106000051,4,10,-6
106000052,22,236,-214
106000053,0,0,0
106000054,75,237,-162
106000055,0,0,0
106000056,83,266,-183
106000057,0,0,0
106000058,25,111,-86
106000059,3,3,0
106000060,122,324,-202
106000061,1,4,-3
106000062,65,285,-220
106000063,7,5,2
106000064,20,151,-131
106000065,1,12,-11
106000066,24,117,-93
106000067,2,7,-5
106000068,3,232,-229
106000069,1,12,-11
106000070,34,186,-152
106000071,13,19,-6
106000072,464,379,85
106000073,373,205,168
106000074,62,172,-110
106000075,38,151,-113
106000076,133,322,-189
106000077,279,268,11
106000078,85,318,-233
106000079,34,177,-143
106000080,149,281,-132
106000081,38,160,-122
106000082,348,361,-13
106000083,23,232,-209
106000084,83,309,-226
106000085,37,205,-168
106000086,42,161,-119
106000087,58,207,-149
106000088,9,200,-191
106000089,66,162,-96
106000090,2,237,-235
106000091,79,155,-76
106000092,0,21,-21
106000093,0,0,0
106000094,20,80,-60
106000095,30,156,-126
106000096,8,140,-132
106000097,70,223,-153
106000098,5,235,-230
106000099,2,239,-237
106000100,18,50,-32
106000101,13,24,-11
106000102,1,146,-145
106000103,3,51,-48
106000104,81,59,22
106000105,30,75,-45
106000106,53,52,1
106000107,6,72,-66
106000108,35,27,8
106000109,12,61,-49
106000110,10,29,-19
106000111,17,59,-42
106000112,25,33,-8
106000113,61,63,-2
106000114,56,26,30
106000115,15,77,-62
106000116,42,34,8
106000117,193,152,41
106000118,71,88,-17
106000119,371,222,149
106000120,0,0,0
106000121,1,5,-4
106000122,1,29,-28
106000123,2,6,-4
106000124,0,25,-25
106000125,3,36,-33
106000126,2,8,-6
106000127,11,66,-55
106000128,6,0,6
106000129,62,116,-54
106000130,0,1,-1
106000131,19,114,-95
106000132,1,1,0
106000133,469,197,272
106000134,1,0,1
106000135,31,192,-161
106000136,0,0,0
106000137,17,279,-262
106000138,1,0,1
106000139,0,0,0
106000140,9,84,-75
106000141,7,83,-76
106000142,0,0,0
106000143,4,137,-133
106000144,0,0,0
106000145,27,174,-147
106000146,0,0,0
106000147,86,104,-18
106000148,53,160,-107
106000149,50,75,-25
106000150,36,236,-200
106000151,427,120,307
106000152,89,69,20
106000153,26,97,-71
106000154,142,29,113
106000155,2,1,1
106000156,28,46,-18
106000157,78,228,-150
106000158,268,81,187
106000159,478,236,242
106000160,15,172,-157
106000161,204,95,109
106000162,9,63,-54
106000163,31,129,-98
106000164,40,36,4
106000165,16,149,-133
106000166,62,57,5
106000167,34,286,-252
106000168,10,35,-25
106000169,15,138,-123
106000170,18,37,-19
106000171,7,127,-120
106000172,251,128,123
106000173,66,346,-280
106000174,17,72,-55
106000175,23,227,-204
106000176,32,42,-10
106000177,52,441,-389
106000178,102,141,-39
106000179,110,380,-270
106000180,130,452,-322
106000181,16,390,-374
106000182,41,108,-67
106000183,34,123,-89
106000184,59,96,-37
106000185,29,146,-117
106000186,98,45,53
106000187,16,177,-161
106000188,0,3,-3
106000189,0,0,0
106000190,0,0,0
106000191,31,45,-14
106000192,0,15,-15
106000193,19,28,-9
106000194,18,56,-38
106000195,3,20,-17
106000196,5,51,-46
106000197,18,47,-29
106000198,9,82,-73
106000199,117,81,36
106000200,67,46,21
106000201,48,37,11
106000202,617,92,525
106000203,20,40,-20
106000204,0,0,0
106000205,11,48,-37
106000206,1,0,1
106000207,23,254,-231
106000208,8,0,8
106000209,22,22,0
106000210,27,332,-305
106000211,95,545,-450
106000212,2,4,-2
106000213,76,260,-184
106000214,210,30,180
106000215,13,65,-52
106000216,56,42,14
106000217,14,36,-22
106000218,41,40,1
106000219,2,31,-29
106000220,24,25,-1
106000221,13,72,-59
106000222,0,0,0
106000223,0,0,0
106000224,12,60,-48
106000225,0,0,0
106000226,14,90,-76
106000228,2,117,-115
106000229,2,261,-259
106000231,8,2,6
106000232,2,124,-122
106000233,6,3,3
106000234,5,66,-61
106000235,1,2,-1
106000236,14,22,-8
106000237,0,3,-3
106000238,0,0,0
106000239,0,6,-6
106000240,0,0,0
106000241,11,202,-191
106000242,6,0,6
106000249,0,0,0
106000250,3,85,-82
106000251,0,0,0
106000252,1,32,-31
106000253,0,0,0
106000254,1,19,-18
106000255,0,1,-1
106000256,26,19,7
106000257,9,42,-33
106000258,0,0,0
106000259,0,19,-19
106000260,0,0,0
106000261,0,9,-9
106000262,0,0,0
106000263,0,6,-6
106000264,0,0,0
106000265,0,27,-27
106000266,0,0,0
106000267,0,43,-43
106000268,0,0,0
106000269,10,5,5
106000270,16,124,-108
106000271,0,0,0
106000272,4,4,0
106000273,0,1,-1
106000274,19,6,13
106000275,1,1,0
106000276,22,5,17
106000277,0,1,-1
106000278,30,4,26
106000279,0,3,-3
106000280,1,21,-20
106000281,21,10,11
106000282,7,11,-4
106000283,6,8,-2
106000284,3,19,-16
106000285,16,21,-5
106000286,10,24,-14
106000287,6,5,1
106000288,3,16,-13
106000289,0,14,-14
106000290,5,19,-14
106000291,3,6,-3
106000292,5,15,-10
106000293,5,9,-4
106000294,12,15,-3
106000295,7,6,1
106000296,19,2,17
106000297,3,12,-9
106000298,6,0,6
106000299,16,12,4
106000300,1,22,-21
106000301,5,29,-24
106000303,0,0,0
106000304,3,4,-1
106000305,0,0,0
106000306,5,8,-3
106000307,0,0,0
106000308,31,15,16
106000309,2,5,-3
106000310,7,90,-83
106000311,16,14,2
106000312,14,16,-2
106000313,12,17,-5
106000318,16,29,-13
106000319,49,0,49
106000320,0,0,0
106000321,1,1,0
106000322,9,34,-25
106000324,0,0,0
106000325,77,25,52
106000326,204,642,-438
106000327,0,0,0
106000328,0,0,0
106000329,4,23,-19
106000330,6,30,-24
106000428,13,31,-18
106000429,25,93,-68
106000430,58,230,-172
106000431,45,53,-8
106000432,226,498,-272
106000433,140,104,36
106000434,192,61,131
106000435,543,723,-180
106000436,2,63,-61
106000437,0,0,0
106000438,0,0,0
106000439,3,77,-74
106000440,22,46,-24
106000441,0,0,0
106000442,0,0,0
106000443,2,36,-34
106000450,3,59,-56
106000451,0,0,0
106000454,3,13,-10
106000455,4,85,-81
106000456,0,0,0
106000457,5,302,-297
106000458,0,0,0
106000459,5,122,-117
106000460,0,0,0
106000461,8,422,-414
106000462,0,7,-7
106000463,0,0,0
106000464,3,141,-138
106000465,0,0,0
106000466,2,165,-163
106000467,116,120,-4
106000468,0,0,0
106000469,0,0,0
106000470,50,174,-124
106000471,2,116,-114
106000472,0,0,0
106000473,4,7,-3
106000474,148,257,-109
106000475,27,40,-13
106000476,21,14,7
106000477,26,68,-42
106000480,0,27,-27
106900001,0,0,0
106900002,0,0,0
106900003,0,0,0
106900004,0,1,-1
106900006,0,0,0
106900007,0,0,0
106900008,0,0,0
106900009,0,0,0
106900010,0,0,0
106900012,0,0,0
106900013,0,0,0
106900014,0,0,0
106900015,0,0,0
106900016,0,0,0
106900017,0,0,0
106900018,0,0,0
106900019,0,0,0
106900020,0,0,0
106900021,0,0,0
106900022,0,0,0
106900023,0,0,0
106900024,0,0,0
106900025,0,0,0
106900026,0,0,0
106900027,0,0,0
107000001,288,355,-67
107000002,864,1522,-658
107000003,536,641,-105
107000004,1312,2158,-846
107000005,155,398,-243
107000006,837,2112,-1275
107000007,566,591,-25
107000008,6433,4958,1475
107000009,300,410,-110
107000010,6389,3535,2854
107000011,374,313,61
107000012,579,647,-68
107000013,12,104,-92
107000014,8,110,-102
107000015,96,390,-294
107000016,71,406,-335
107000017,195,103,92
107000018,0,57,-57
107000020,43,22,21
107000021,119,251,-132
107000022,40,273,-233
107000023,175,94,81
107000024,43,652,-609
107000025,25,68,-43
107000026,14,204,-190
107000027,297,75,222
107000028,147,275,-128
107000029,177,115,62
107000030,254,608,-354
107000031,146,151,-5
107000032,11,41,-30
107000033,385,710,-325
107000034,504,407,97
107000035,4,7,-3
107000036,37,119,-82
107000037,1,18,-17
107000038,66,107,-41
107000039,1,0,1
107000040,31,136,-105
107000041,151,69,82
107000042,96,374,-278
107000043,171,122,49
107000044,154,218,-64
107000045,15,120,-105
107000046,27,32,-5
107000047,46,193,-147
107000048,64,43,21
107000049,20,216,-196
107000050,32,47,-15
107000051,78,91,-13
107000052,131,57,74
107000053,7,12,-5
107000054,18,88,-70
107000055,75,18,57
107000056,74,267,-193
107000057,201,60,141
107000058,0,0,0
107000059,232,875,-643
107000060,24,30,-6
107000061,952,1061,-109
107000062,15,24,-9
107000063,608,1334,-726
107000064,28,36,-8
107000065,795,1505,-710
107000066,11,28,-17
107000067,31,42,-11
107000068,0,0,0
107000069,0,0,0
107000070,0,0,0
107000071,0,0,0
107000072,12,863,-851
107000073,0,0,0
107000074,26,232,-206
107000075,0,0,0
107000076,186,862,-676
107000077,0,0,0
107000078,184,1007,-823
107000079,0,0,0
107000080,128,808,-680
107000081,11,2,9
107000082,83,741,-658
107000083,4,6,-2
107000084,62,657,-595
107000085,433,389,44
107000086,344,633,-289
107000087,247,262,-15
107000088,240,601,-361
107000089,61,91,-30
107000090,168,336,-168
107000091,77,103,-26
107000092,153,304,-151
107000093,40,142,-102
107000094,166,283,-117
107000095,0,0,0
107000096,217,353,-136
107000097,0,0,0
107000098,121,262,-141
107000099,0,1,-1
107000100,57,142,-85
107000101,0,0,0
107000102,113,142,-29
107000103,0,0,0
107000104,66,132,-66
107000105,7,0,7
107000106,32,113,-81
107000107,1,0,1
107000108,41,259,-218
107000109,0,0,0
107000110,11,143,-132
107000111,0,0,0
107000112,1,98,-97
107000113,0,0,0
107000114,13,123,-110
107000115,0,0,0
107000116,9,236,-227
107000117,0,0,0
107000118,23,68,-45
107000119,76,38,38
107000120,211,185,26
107000121,35,6,29
107000122,116,283,-167
107000123,14,12,2
107000124,53,291,-238
107000125,25,11,14
107000126,60,375,-315
107000129,29,260,-231
107000130,0,1,-1
107000131,60,183,-123
107000132,0,0,0
107000133,2,1,1
107000134,0,0,0
107000135,0,10,-10
107000136,2,0,2
107000137,1,9,-8
107000138,2,3,-1
107000139,0,19,-19
107000140,72,0,72
107000141,19,59,-40
107000142,17,1,16
107000143,0,55,-55
107000144,12,4,8
107000145,4,16,-12
107000146,5,1,4
107000147,398,33,365
107000150,13,14,-1
107000151,3,9,-6
107000152,5,32,-27
107000153,28,28,0
107000154,3,0,3
107000155,21,0,21
107000156,36,0,36
107000157,2,190,-188
107000158,31,0,31
107000159,2,88,-86
107000160,18,4,14
107000161,3,104,-101
107000162,25,18,7
107000163,0,0,0
107000164,0,0,0
107000165,0,0,0
107000166,6,247,-241
107000167,21,23,-2
107000168,53,6,47
107000169,68,337,-269
107000170,30,13,17
107000171,42,642,-600
107000172,24,15,9
107000173,79,265,-186
107000174,82,103,-21
107000175,956,381,575
107000176,0,0,0
107000177,0,0,0
107000178,0,0,0
107000179,22,783,-761
107000180,1,1,0
107000181,66,290,-224
107000182,3,65,-62
107000183,23,245,-222
107000184,7,58,-51
107000185,34,330,-296
107000186,0,0,0
107000187,66,48,18
107000188,44,58,-14
107000189,7,26,-19
107000190,37,96,-59
107000191,29,68,-39
107000192,130,97,33
107000193,1,3,-2
107000194,114,126,-12
107000197,0,1,-1
107000198,56,213,-157
107000199,179,160,19
107000200,2,2,0
107000201,61,76,-15
107000202,0,0,0
107000203,89,125,-36
107000204,27,6,21
107000205,891,383,508
107000206,1,0,1
107000207,14,16,-2
107000208,30,2,28
107000209,24,2,22
107000210,183,21,162
107000211,0,0,0
107000212,1,63,-62
107000213,0,0,0
107000214,0,7,-7
107000215,1,5,-4
107000216,1,16,-15
107000217,0,3,-3
107000219,4,3,1
107000220,2,23,-21
107000222,38,119,-81
107000224,0,0,0
107000225,9,88,-79
107000226,0,0,0
107000227,9,75,-66
107000228,12,22,-10
107000229,2,8,-6
107000230,280,254,26
107000231,3,17,-14
107000232,0,0,0
107000233,21,27,-6
107000234,0,0,0
107000235,0,0,0
107000236,3,181,-178
107000237,0,0,0
107000238,0,0,0
107000239,46,2,44
107000240,6,178,-172
107000243,0,28,-28
107000244,2,46,-44
107000246,1,351,-350
107000249,1,193,-192
107000251,0,27,-27
107000252,0,332,-332
107000255,24,22,2
107000257,0,45,-45
107000258,0,9,-9
107000259,0,12,-12
107000260,0,0,0
107000262,0,70,-70
107000263,0,0,0
107000266,0,0,0
107000267,3,12,-9
107000268,8,9,-1
107000269,0,0,0
107000270,0,0,0
107000271,1,139,-138
107000272,0,64,-64
107000273,1,39,-38
107000274,1,1,0
107000275,2,68,-66
107000280,7,0,7
107000281,0,56,-56
107000282,0,146,-146
107000290,1,9,-8
107000291,0,0,0
107000292,0,16,-16
107000293,0,0,0
107000294,0,21,-21
107000295,0,0,0
107000296,0,0,0
107000444,8,0,8
107000496,0,0,0
107000497,166,859,-693
107000500,0,0,0
107000501,0,1,-1
107000502,0,0,0
107000505,61,241,-180
107000506,0,0,0
107000508,0,152,-152
107000509,16,12,4
107000510,0,0,0
107000514,1,25,-24
107000515,0,18,-18
107000516,0,0,0
107000518,0,0,0
107000519,182,468,-286
107000520,0,0,0
107000521,120,196,-76
107000522,0,51,-51
107900001,0,6,-6
107900002,0,0,0
107900003,1,0,1
107900004,0,0,0
107900005,16,0,16
107900006,0,1,-1
107900007,13,0,13
107900008,0,5,-5
107900009,0,0,0
107900010,0,0,0
107900012,13,0,13
107900013,11,2,9
107900014,0,0,0
107900015,46,0,46
107900016,12,0,12
107900017,0,0,0
107900018,0,0,0
107900019,0,5,-5
107900020,0,0,0
107900021,0,6,-6
107900023,0,0,0
107900024,0,0,0
107900025,1,6,-5
107900026,0,14,-14
107900027,0,0,0
107900028,0,9,-9
107900030,10,2,8
107900031,2,28,-26
107900032,0,0,0
107900033,0,0,0
107900034,17,0,17
107900035,24,2,22
107900036,0,0,0
107900037,0,0,0
107900038,15,3,12
107900039,0,7,-7
107900040,0,0,0
107900041,0,0,0
107900043,0,7,-7
107900044,0,0,0
107900045,4,1,3
107900046,4,6,-2
107900047,0,0,0
107900048,4,0,4
107900049,18,9,9
107900050,14,14,0
107900051,0,5,-5
107900052,0,0,0
107900053,1,3,-2
107900055,9,15,-6
107900056,2,0,2
107900057,0,0,0
107900058,1,59,-58
107900060,0,0,0
107900061,0,0,0
107900063,0,10,-10
107900064,7,2,5
107900065,2,0,2
107900066,0,0,0
107900067,0,0,0
107900068,0,1,-1
107900069,0,4,-4
107900070,0,0,0
107900071,1,100,-99
107900072,0,16,-16
107900073,0,0,0
107900074,0,0,0
107900076,5,3,2
107900077,0,0,0
107900079,1,0,1
107900080,7,2,5
107900081,0,0,0
107900082,0,0,0
107900083,32,14,18
107900084,1,6,-5
107900086,3,8,-5
107900087,35,6,29
107900088,0,0,0
107900089,21,46,-25
107900090,28,21,7
107900091,4,36,-32
107900093,0,0,0
107900095,166,52,114
107900097,1,2,-1
107900098,6,4,2
107900100,131,53,78
107900101,77,13,64
107900102,0,0,0
107900103,2,8,-6
107900104,0,0,0
107900105,0,114,-114
107900106,0,254,-254
107900107,82,26,56
107900108,0,0,0
107900109,0,0,0
107900110,0,4,-4
107900111,1,196,-195
107900112,22,48,-26
107900113,0,0,0
107900114,3,21,-18
107900115,0,0,0
107900116,1,15,-14
107900117,8,23,-15
107900118,7,25,-18
107900119,1,3,-2
107900120,0,0,0
107900121,0,4,-4
107900122,0,2,-2
107900123,0,5,-5
107900124,0,2,-2
107900125,1,27,-26
107900126,0,16,-16
107900127,36,10,26
107900128,3,0,3
107900129,0,7,-7
107900130,0,0,0
107900131,13,7,6
107900132,7,35,-28
107900133,1,5,-4
107900134,0,0,0
107900135,0,23,-23
107900136,12,4,8
107900137,2,0,2
107900138,5,6,-1
107900139,0,0,0
107900141,0,1,-1
107900142,4,94,-90
107900143,3,5,-2
107900144,0,23,-23
107900145,0,6,-6
107900146,0,2,-2
107900147,0,0,0
107900148,13,12,1
107900149,140,2,138
107900150,11,54,-43
107900151,0,17,-17
107900152,0,15,-15
107900153,7,2,5
107900154,1,1,0
107900155,0,0,0
107900156,0,13,-13
107900157,0,12,-12
107900158,25,0,25
107900159,4,119,-115
107900160,1,38,-37
107900161,0,41,-41
107900162,0,9,-9
107900163,0,0,0
107900164,0,2,-2
107900165,0,2,-2
107900166,1,78,-77
107900167,0,0,0
107900168,0,6,-6
107900169,0,19,-19
107900171,0,194,-194
107900172,0,40,-40
107900173,0,45,-45
107900174,4,0,4
107900175,0,0,0
107900176,0,3,-3
107900177,0,13,-13
107900178,0,20,-20
107900179,0,29,-29
107900180,10,4,6
107900181,65,76,-11
107900182,1,156,-155
107900183,0,66,-66
107900184,0,1,-1
107900185,2,0,2
107900186,0,2,-2
107900187,0,22,-22
107900188,36,3,33
107900189,0,15,-15
107900190,12,2,10
107900191,5,21,-16
107900193,1,24,-23
107900194,2,0,2
107900195,346,27,319
107900196,0,0,0
107900197,11,0,11
107900199,0,148,-148
107900201,6,26,-20
107900203,0,15,-15
107900204,35,43,-8
107900206,8,6,2
107900207,0,101,-101
107900208,1,79,-78
107900209,22,16,6
107900210,16,10,6
107900213,34,38,-4
107900214,1,26,-25
107900215,21,63,-42
107900216,4,2,2
107900217,0,0,0
107900218,0,185,-185
107900219,0,8,-8
107900220,15,7,8
107900221,41,38,3
107900223,0,0,0
107900224,9,59,-50
107900225,1,48,-47
107900226,0,9,-9
107900227,6,73,-67
107900228,0,30,-30
107900229,0,79,-79
107900230,0,12,-12
107900231,0,0,0
107900232,1,27,-26
107900233,0,5,-5
107900234,5,34,-29
107900235,3,25,-22
107900236,2,26,-24
107900237,16,96,-80
107900238,0,0,0
107900239,117,102,15
107900240,1,17,-16
107900241,0,8,-8
107900242,0,68,-68
107900243,0,2,-2
107900244,0,0,0
107900245,1,1,0
107900246,0,0,0
107900248,4,44,-40
107900249,0,0,0
107900250,1,60,-59
107900251,0,110,-110
107900252,0,0,0
107900253,0,0,0
107900254,5,1,4
107900255,39,2,37
107900256,2,32,-30
107900257,1,1,0
107900258,0,27,-27
107900259,0,8,-8
107900261,0,88,-88
107900262,0,0,0
107900264,0,0,0
107900265,0,14,-14
107900267,0,0,0
107900268,0,0,0
107900269,0,0,0
107900270,0,0,0
107900271,0,0,0
107900272,0,0,0
107900273,0,7,-7
107900274,0,0,0
107900275,0,0,0
107900276,0,1,-1
107900277,0,28,-28
107900278,0,27,-27
107900279,4,4,0
107900280,2,26,-24
107900281,121,66,55
107900282,2,23,-21
107900283,21,11,10
107900284,1,120,-119
107900285,0,17,-17
107900286,6,2,4
107900287,3,3,0
107900290,0,7,-7
107900291,10,1,9
107900292,1,23,-22
107900293,3,37,-34
107900295,1,8,-7
107900297,0,57,-57
107900298,46,59,-13
107900299,503,91,412
107900301,9,31,-22
107900302,6,0,6
107900303,0,38,-38
107900304,9,88,-79
107900305,8,0,8
107900306,0,0,0
107900307,5,80,-75
107900308,23,1,22
107900309,0,0,0
107900310,0,0,0
107900311,1,7,-6
107900312,0,0,0
107900313,0,5,-5
107900314,0,2,-2
107900315,0,2,-2
107900316,1,0,1
107900317,3,0,3
107900318,0,6,-6
107900319,0,14,-14
107900320,0,17,-17
107900321,0,0,0
107900322,1,28,-27
107900323,0,13,-13
107900324,2,0,2
107900325,1,0,1
107900326,4,73,-69
107900327,0,0,0
107900328,0,0,0
107900329,0,0,0
107900330,0,23,-23
107900331,1,0,1
107900332,3,1,2
107900333,3,2,1
107900334,0,42,-42
107900335,6,18,-12
107900336,3,8,-5
107900337,168,26,142
107900338,0,13,-13
107900339,0,3,-3
107900340,0,1,-1
107900341,0,0,0
107900342,5,21,-16
107900343,0,0,0
107900344,0,17,-17
107900345,0,5,-5
107900346,0,0,0
107900347,0,0,0
107900348,0,0,0
107900349,0,0,0
107900350,10,56,-46
107900351,0,20,-20
107900352,0,16,-16
107900353,2,1,1
107900354,0,10,-10
108000001,382,427,-45
108000002,984,1658,-674
108000003,298,243,55
108000004,4927,6291,-1364
108000005,317,282,35
108000006,1021,2478,-1457
108000007,336,354,-18
108000008,1141,2234,-1093
108000009,162,465,-303
108000010,634,1993,-1359
108000011,1279,800,479
108000012,5287,5274,13
108000014,21,61,-40
108000015,7,31,-24
108000016,79,379,-300
108000017,5,36,-31
108000018,0,33,-33
108000019,3,54,-51
108000020,1,0,1
108000021,156,618,-462
108000022,86,333,-247
108000023,0,0,0
108000024,10,113,-103
108000025,7,59,-52
108000026,17,132,-115
108000027,15,237,-222
108000028,8,74,-66
108000029,8,220,-212
108000030,3,59,-56
108000031,7,212,-205
108000032,0,0,0
108000033,87,382,-295
108000034,1,0,1
108000035,110,1019,-909
108000036,62,388,-326
108000037,64,7,57
108000038,41,27,14
108000039,81,635,-554
108000040,22,17,5
108000041,147,766,-619
108000042,1,59,-58
108000043,10,160,-150
108000044,0,58,-58
108000045,18,361,-343
108000046,0,0,0
108000047,59,467,-408
108000048,30,186,-156
108000049,18,14,4
108000050,7,140,-133
108000051,8,7,1
108000052,52,186,-134
108000053,14,16,-2
108000054,48,174,-126
108000055,26,10,16
108000056,163,293,-130
108000057,26,72,-46
108000058,24,150,-126
108000059,641,423,218
108000060,0,11,-11
108000061,69,143,-74
108000062,23,12,11
108000063,63,146,-83
108000064,0,0,0
108000065,69,130,-61
108000066,162,57,105
108000067,60,56,4
108000068,0,0,0
108000069,46,434,-388
108000070,0,0,0
108000071,95,675,-580
108000072,0,0,0
108000073,182,570,-388
108000074,0,0,0
108000075,39,298,-259
108000076,0,1,-1
108000077,122,353,-231
108000078,20,18,2
108000079,293,657,-364
108000080,1,5,-4
108000081,103,730,-627
108000082,199,382,-183
108000083,6,7,-1
108000084,48,274,-226
108000085,2,2,0
108000086,99,198,-99
108000087,2,25,-23
108000088,11,1,10
108000089,18,19,-1
108000091,16,248,-232
108000092,0,1,-1
108000093,42,240,-198
108000094,0,0,0
108000095,59,158,-99
108000096,0,0,0
108000097,31,183,-152
108000098,47,79,-32
108000099,42,32,10
108000100,15,39,-24
108000101,1,3,-2
108000102,49,203,-154
108000106,0,0,0
108000107,0,149,-149
108000108,1,1,0
108000109,2,196,-194
108000110,15,45,-30
108000111,52,431,-379
108000112,0,0,0
108000113,28,15,13
108000115,45,30,15
108000117,72,37,35
108000118,10,64,-54
108000119,44,142,-98
108000120,6,86,-80
108000121,3,169,-166
108000122,16,50,-34
108000123,5,1,4
108000124,18,245,-227
108000125,3,0,3
108000126,19,193,-174
108000127,6,2,4
108000128,36,276,-240
108000129,34,566,-532
108000130,2,2,0
108000131,4,1,3
108000132,166,296,-130
108000133,1,0,1
108000134,104,460,-356
108000135,5,1,4
108000136,43,628,-585
108000137,0,0,0
108000138,12,91,-79
108000139,0,0,0
108000140,45,2,43
108000141,6,25,-19
108000142,27,64,-37
108000143,9,74,-65
108000144,8,1,7
108000145,2,37,-35
108000146,3,3,0
108000147,2,45,-43
108000148,9,2,7
108000149,5,21,-16
108000150,6,2,4
108000151,10,3,7
108000152,19,55,-36
108000153,0,0,0
108000154,3,13,-10
108000155,2,20,-18
108000156,63,19,44
108000157,5,16,-11
108000158,10,88,-78
108000159,20,0,20
108000160,266,133,133
108000161,190,118,72
108000165,0,1,-1
108000172,0,0,0
108000173,179,17,162
108000175,1,32,-31
108000178,100,134,-34
108000179,2,1,1
108000181,0,6,-6
108000182,12,3,9
108000183,3,47,-44
108000184,61,116,-55
108000185,2,149,-147
108000186,6,35,-29
108000187,1,91,-90
108000188,10,8,2
108000189,27,38,-11
108000190,6,42,-36
108000192,7,85,-78
108000193,108,6,102
108000194,0,0,0
108000195,1,519,-518
108000196,0,21,-21
108000198,63,66,-3
108000199,1,78,-77
108000200,2,29,-27
108000203,4,190,-186
108000204,10,2,8
108000205,67,30,37
108000339,42,30,12
108000364,51,32,19
108000365,0,21,-21
108000367,3,10,-7
108000368,1,7,-6
108000369,131,20,111
108000371,0,203,-203
108000372,0,0,0
108000373,0,0,0
108000376,5,3,2
108000377,12,3,9
108000378,1514,777,737
108000379,3,34,-31
108000381,0,0,0
108000382,0,0,0
108000383,0,27,-27
108900001,15,30,-15
108900002,9,0,9
108900003,20,85,-65
108900004,83,26,57
108900007,1,13,-12
108900008,0,11,-11
108900009,0,7,-7
108900010,1,17,-16
108900011,6,44,-38
108900012,6,34,-28
108900013,2,27,-25
108900014,0,7,-7
108900015,0,2,-2
108900016,1,35,-34
108900017,3,4,-1
108900018,1,48,-47
108900019,0,110,-110
108900020,0,28,-28
108900021,3,24,-21
108900022,0,0,0
108900023,0,6,-6
108900024,1,19,-18
108900025,0,0,0
108900026,1,6,-5
108900027,0,25,-25
108900028,0,30,-30
108900029,0,7,-7
108900030,0,9,-9
108900031,3,40,-37
108900032,0,15,-15
108900033,0,3,-3
108900034,0,9,-9
108900035,1,187,-186
108900038,0,33,-33
108900039,0,17,-17
108900040,1,8,-7
108900041,241,60,181
108900042,0,23,-23
108900043,3,22,-19
108900044,0,88,-88
108900045,1,27,-26
108900046,2,47,-45
108900047,0,23,-23
108900048,4,63,-59
108900049,180,53,127
108900050,0,19,-19
108900051,0,20,-20
108900052,0,12,-12
108900053,1,6,-5
108900054,1,9,-8
108900055,9,38,-29
108900056,0,27,-27
108900057,1,26,-25
108900058,7,46,-39
108900059,12,0,12
108900060,0,0,0
108900061,2,0,2
108900062,2,56,-54
108900063,1,21,-20
108900064,4,1,3
108900065,0,11,-11
108900066,0,0,0
108900067,2,40,-38
108900068,0,9,-9
108900069,1,4,-3
108900070,0,4,-4
108900071,0,0,0
108900072,2,0,2
108900073,2,12,-10
108900074,0,22,-22
108900075,0,8,-8
108900076,0,0,0
108900077,6,16,-10
108900078,0,3,-3
108900079,7,5,2
108900080,0,0,0
108900081,9,50,-41
108900082,0,4,-4
108900083,0,0,0
108900085,64,7,57
108900086,1,5,-4
108900087,3,3,0
108900088,0,0,0
108900089,0,0,0
108900090,0,14,-14
108900091,5,4,1
108900092,0,1,-1
108900093,0,0,0
108900094,6,2,4
108900095,0,16,-16
108900096,18,0,18
108900097,0,79,-79
108900098,0,0,0
108900099,0,45,-45
108900100,0,3,-3
108900101,0,0,0
108900102,1,6,-5
108900103,0,0,0
108900105,0,0,0
108900106,2,70,-68
108900108,0,0,0
108900109,0,0,0
108900110,1,39,-38
108900111,1,71,-70
108900113,0,0,0
108900114,0,0,0
108900115,0,0,0
108900116,0,0,0
108900117,0,0,0
108900118,0,0,0
108900119,0,0,0
108900120,0,0,0
108900121,0,0,0
108900122,0,0,0
108900123,0,0,0
108900124,0,0,0
108900125,0,0,0
108900126,3,0,3
108900127,0,0,0
108900128,0,0,0
108900129,0,0,0
108900130,0,0,0
108900131,1,0,1
108900132,0,0,0
108900133,0,0,0
108900134,0,0,0
108900135,0,0,0
108900136,0,0,0
108900137,0,0,0
108900138,0,0,0
108900140,0,0,0
108900141,0,0,0
108900142,0,0,0
108900143,0,0,0
108900144,0,0,0
108900145,0,0,0
108900146,0,0,0
108900147,2,0,2
108900148,0,0,0
108900150,0,0,0
108900151,0,0,0
108900152,0,1,-1
108900153,0,28,-28
108900154,0,0,0
108900156,0,0,0
108900157,0,21,-21
108900158,0,1,-1
108900159,0,5,-5
108900160,1,21,-20
108900161,0,30,-30
108900162,0,0,0
108900163,0,0,0
108900164,1,13,-12
108900168,378,19,359
108900169,7,0,7
108900171,114,97,17
108900172,0,0,0
108900173,1,14,-13
108900174,0,0,0
108900176,7,28,-21
108900177,471,57,414
108900178,139,21,118
108900180,0,0,0
108900183,13,13,0
108900184,0,0,0
108900185,1,15,-14
108900186,0,11,-11
108900189,0,0,0
108900190,4,183,-179
108900192,5,22,-17
108900195,2,15,-13
108900196,3,40,-37
108900199,9,15,-6
108900200,18,42,-24
108900201,10,60,-50
108900203,1,1,0
108900204,1,0,1
108900205,1,0,1
108900206,0,0,0
108900207,0,0,0
108900208,3,33,-30
108900209,13,48,-35
108900210,0,10,-10
108900211,0,1,-1
108900212,10,15,-5
108900215,7,38,-31
108900216,1,6,-5
108900217,0,0,0
108900218,0,0,0
108900221,1,5,-4
108900224,1,9,-8
108900225,0,24,-24
108900227,1,1,0
108900230,4,13,-9
108900232,0,30,-30
108900233,0,0,0
108900234,0,0,0
108900235,5,28,-23
108900236,2,14,-12
108900240,0,4,-4
108900241,0,0,0
108900245,0,0,0
108900250,1,4,-3
108900258,0,11,-11
108900259,5,2,3
108900260,0,3,-3
108900261,2,3,-1
108900262,0,0,0
108900263,0,0,0
108900264,0,0,0
108900265,0,0,0
108900266,0,0,0
108900267,0,0,0
108900268,0,0,0
108900269,0,0,0
108900270,0,0,0
108900271,0,0,0
108900272,0,0,0
108900273,0,0,0
108900274,3,9,-6
109000001,340,71,269
109000002,1397,372,1025
109000003,228,76,152
109000004,231,1099,-868
109000005,182,99,83
109000006,222,977,-755
109000007,108,73,35
109000008,137,706,-569
109000009,413,159,254
109000010,481,1467,-986
109000011,326,194,132
109000012,507,1524,-1017
109000013,358,213,145
109000014,362,1611,-1249
109000015,427,265,162
109000016,1284,1956,-672
109000017,183,179,4
109000018,279,1802,-1523
109000019,285,134,151
109000020,483,817,-334
109000023,0,0,0
109000024,0,30,-30
109000025,126,44,82
109000026,52,41,11
109000027,19,45,-26
109000028,8,20,-12
109000029,43,17,26
109000030,8,101,-93
109000031,0,0,0
109000032,5,104,-99
109000033,0,0,0
109000034,1,1,0
109000035,0,0,0
109000036,8,111,-103
109000037,17,25,-8
109000038,184,66,118
109000039,81,17,64
109000040,205,63,142
109000041,671,162,509
109000042,70,162,-92
109000044,0,11,-11
109000045,41,149,-108
109000046,2,7,-5
109000047,25,270,-245
109000048,10,3,7
109000049,75,393,-318
109000050,1,9,-8
109000051,124,186,-62
109000052,15,163,-148
109000053,0,2,-2
109000054,5,77,-72
109000055,4,19,-15
109000056,18,65,-47
109000057,18,18,0
109000058,76,20,56
109000059,16,153,-137
109000060,18,2,16
109000061,157,57,100
109000062,5,4,1
109000063,31,22,9
109000064,3,0,3
109000065,8,37,-29
109000066,5,0,5
109000067,4,45,-41
109000068,0,0,0
109000069,0,0,0
109000070,3,220,-217
109000071,120,9,111
109000072,2,53,-51
109000073,6,28,-22
109000074,2,28,-26
109000075,17,259,-242
109000076,5,17,-12
109000077,30,54,-24
109000078,5,8,-3
109000079,8,44,-36
109000080,3,11,-8
109000081,7,83,-76
109000082,4,71,-67
109000083,11,127,-116
109000088,9,38,-29
109000089,11,4,7
109000090,46,70,-24
109000091,25,6,19
109000092,36,156,-120
109000093,33,7,26
109000094,12,1,11
109000095,5,144,-139
109000096,36,2,34
109000097,10,19,-9
109000098,0,0,0
109000099,33,37,-4
109000100,12,191,-179
109000101,55,84,-29
109000102,27,318,-291
109000103,23,88,-65
109000104,93,63,30
109000105,33,475,-442
109000106,69,73,-4
109000107,42,493,-451
109000108,65,48,17
109000109,89,470,-381
109000110,106,51,55
109000111,165,473,-308
109000112,32,25,7
109000113,32,68,-36
109000114,2,67,-65
109000115,32,12,20
109000116,1,78,-77
109000117,2,13,-11
109000118,2,85,-83
109000119,23,21,2
109000120,5,314,-309
109000121,14,21,-7
109000122,8,273,-265
109000123,3,15,-12
109000124,37,75,-38
109000125,48,93,-45
109000126,49,402,-353
109000127,26,28,-2
109000128,38,629,-591
109000129,7,22,-15
109000130,120,730,-610
109000131,51,40,11
109000132,145,373,-228
109000133,32,309,-277
109000134,97,537,-440
109000135,154,388,-234
109000136,10,15,-5
109000137,24,33,-9
109000138,11,16,-5
109000139,18,68,-50
109000140,0,19,-19
109000141,17,98,-81
109000142,8,53,-45
109000143,17,6,11
109000145,17,25,-8
109000146,6,2,4
109000148,591,47,544
109000149,19,9,10
109000150,0,2,-2
109000155,38,115,-77
109000156,162,96,66
109000158,5,67,-62
109000159,8,102,-94
109000160,82,82,0
109000161,11,191,-180
109000162,135,190,-55
109000163,54,168,-114
109000164,117,464,-347
109000165,57,120,-63
109000166,38,35,3
109000167,15,101,-86
109000170,0,0,0
109000171,1,1,0
109000172,0,0,0
109000173,1,2,-1
109000174,0,0,0
109000175,0,0,0
109000176,13,80,-67
109000177,0,0,0
109000178,11,34,-23
109000179,573,120,453
109000180,827,338,489
109000181,3,4,-1
109000182,2,8,-6
109000183,1,12,-11
109000184,4,10,-6
109000185,0,15,-15
109000188,4,106,-102
109000189,45,147,-102
109000190,74,195,-121
109000191,0,0,0
109000192,0,9,-9
109000193,7,74,-67
109000194,2,6,-4
109000195,1,68,-67
109000196,3,8,-5
109000197,11,71,-60
109000198,0,0,0
109000199,9,73,-64
109000206,20,8,12
109000207,10,12,-2
109000208,12,6,6
109000209,7,17,-10
109000210,34,62,-28
109000211,10,21,-11
109000214,11,29,-18
109000215,0,3,-3
109000216,13,14,-1
109000217,20,11,9
109000218,20,3,17
109000221,12,120,-108
109000222,16,3,13
109000223,22,60,-38
109000224,1,29,-28
109000225,1,9,-8
109000226,3,58,-55
109000227,35,102,-67
109000228,0,90,-90
109000231,1,91,-90
109000232,9,63,-54
109000236,22,327,-305
109000241,98,258,-160
109000242,26,91,-65
109000293,0,0,0
109000361,5,13,-8
109000364,2,51,-49
109000396,1,160,-159
109000397,14,0,14
109000399,44,85,-41
109000400,4,105,-101
109000403,8,22,-14
109000406,12,0,12
109000407,7,10,-3
109000408,0,71,-71
109000410,148,50,98
109000411,0,0,0
109900001,0,0,0
109900002,0,0,0
109900003,0,0,0
109900004,18,14,4
109900005,0,2,-2
109900006,0,8,-8
109900007,0,123,-123
109900008,0,8,-8
109900009,4,99,-95
109900010,0,0,0
109900011,2,3,-1
109900012,6,5,1
109900013,13,10,3
109900014,6,3,3
109900015,7,7,0
109900016,4,10,-6
109900017,2,6,-4
109900018,6,23,-17
109900019,5,5,0
109900020,0,0,0
109900021,0,0,0
109900022,0,16,-16
109900023,1,0,1
109900024,0,0,0
109900025,2,6,-4
109900026,0,10,-10
109900027,0,0,0
109900028,144,39,105
109900029,0,22,-22
109900030,0,0,0
109900031,0,3,-3
109900032,0,27,-27
109900033,0,4,-4
109900034,0,0,0
109900035,3,0,3
109900036,0,10,-10
109900037,0,57,-57
109900038,0,0,0
109900039,0,0,0
109900040,0,99,-99
109900041,3,34,-31
109900042,0,44,-44
109900044,3,5,-2
109900045,0,1,-1
109900046,0,2,-2
109900047,9,24,-15
109900048,0,4,-4
109900049,2,2,0
109900050,0,48,-48
109900051,0,2,-2
109900052,0,19,-19
109900053,0,79,-79
109900054,0,0,0
109900055,0,33,-33
109900056,0,0,0
109900057,0,25,-25
109900058,0,5,-5
109900059,0,0,0
109900060,0,0,0
109900061,12,47,-35
109900062,0,16,-16
109900063,0,12,-12
109900064,5,4,1
109900065,12,11,1
109900066,12,121,-109
109900067,0,46,-46
109900068,0,0,0
109900069,0,6,-6
109900070,4,13,-9
109900071,0,2,-2
109900072,0,17,-17
109900073,0,31,-31
109900074,0,8,-8
109900075,0,0,0
109900076,2,188,-186
109900077,2,11,-9
109900078,2,23,-21
109900080,8,24,-16
109900081,0,3,-3
109900082,0,32,-32
109900083,0,4,-4
109900084,0,15,-15
109900085,0,44,-44
109900086,0,0,0
109900087,7,26,-19
109900089,0,0,0
109900090,16,50,-34
109900091,0,0,0
109900092,0,0,0
109900093,0,0,0
109900094,0,5,-5
109900095,4,6,-2
109900096,0,0,0
109900097,0,0,0
109900098,0,0,0
109900099,0,0,0
109900100,0,0,0
109900101,0,0,0
109900102,0,0,0
109900103,0,2,-2
109900104,1,197,-196
109900105,0,0,0
109900106,0,0,0
109900107,0,0,0
109900108,1,85,-84
109900109,2,19,-17
109900110,3,11,-8
109900111,1,42,-41
109900112,4,29,-25
109900113,0,0,0
109900114,0,0,0
109900115,0,0,0
109900117,0,0,0
109900118,8,24,-16
109900119,41,21,20
109900120,0,0,0
109900121,18,7,11
109900122,0,0,0
109900123,0,5,-5
109900124,1,68,-67
109900125,0,9,-9
109900126,0,8,-8
109900128,0,0,0
109900130,229,4,225
109900131,0,0,0
109900132,0,0,0
109900133,0,0,0
109900134,0,0,0
109900135,30,2,28
109900136,0,32,-32
109900137,0,0,0
109900140,1,36,-35
109900142,28,35,-7
109900145,0,17,-17
109900146,5,3,2
109900148,1,9,-8
109900149,19,5,14
109900150,0,3,-3
109900151,0,6,-6
109900152,0,1,-1
109900153,0,20,-20
109900154,0,0,0
109900155,0,0,0
109900157,0,15,-15
109900158,2,26,-24
109900159,7,4,3
109900160,1,0,1
109900161,2,2,0
109900162,1,7,-6
109900163,8,3,5
109900164,6,36,-30
109900165,1,0,1
109900166,0,13,-13
109900167,4,81,-77
109900168,4,71,-67
109900169,11,29,-18
109900170,17,11,6
109900171,1,5,-4
109900172,19,11,8
109900173,400,42,358
109900174,2,9,-7
109900175,17,28,-11
109900176,21,25,-4
109900177,3,62,-59
109900178,1,12,-11
109900179,0,0,0
109900180,0,0,0
110000001,127,296,-169
110000002,77,45,32
110000003,1241,381,860
110000004,181,79,102
110000005,423,158,265
110000006,95,146,-51
110000007,0,13,-13
110000008,1,15,-14
110000009,0,0,0
110000010,4,24,-20
110000011,0,3,-3
110000012,223,125,98
110000013,8,29,-21
110000014,157,56,101
110000015,3,17,-14
110000016,39,70,-31
110000017,76,20,56
110000018,210,56,154
110000019,5,26,-21
110000020,70,51,19
110000021,24,9,15
110000022,25,5,20
110000023,0,33,-33
110000024,116,183,-67
110000025,13,1,12
110000026,4,79,-75
110000027,92,43,49
110000028,5,22,-17
110000029,81,235,-154
110000030,1,9,-8
110000031,40,169,-129
110000032,13,9,4
110000033,4,1,3
110000034,101,175,-74
110000035,13,65,-52
110000036,36,117,-81
110000037,7,50,-43
110000038,41,90,-49
110000039,48,66,-18
110000040,39,86,-47
110000041,0,0,0
110000042,7,59,-52
110000043,0,0,0
110000044,2,1,1
110000045,0,0,0
110000046,0,2,-2
110000047,0,0,0
110000048,1,1,0
110000049,0,0,0
110000050,0,1,-1
110000051,0,0,0
110000052,0,0,0
110000053,0,0,0
110000054,3,14,-11
110000055,0,0,0
110000056,0,0,0
110000057,73,258,-185
110000058,26,21,5
110000059,159,305,-146
110000060,55,118,-63
110000061,371,474,-103
110000062,191,153,38
110000063,7,29,-22
110000064,0,0,0
110000065,6,20,-14
110000066,4,12,-8
110000067,0,0,0
110000068,0,0,0
110000069,10,21,-11
110000071,4,20,-16
110000073,2,4,-2
110000075,1,33,-32
110000076,14,8,6
110000077,36,18,18
110000078,1,5,-4
110000080,42,206,-164
110000081,0,55,-55
110000082,2,54,-52
110000083,65,188,-123
110000084,33,33,0
110000085,970,369,601
110000086,59,146,-87
110000087,1,38,-37
110000088,2,143,-141
110000089,0,17,-17
110000090,5,47,-42
110000091,273,62,211
110000092,3,4,-1
110000093,43,0,43
110000094,54,191,-137
110000095,8,99,-91
110000096,629,431,198
110000097,152,160,-8
110000098,88,72,16
110000099,118,341,-223
110000100,3,104,-101
110000101,1,69,-68
110000102,8,1,7
110000104,3,5,-2
110000105,0,17,-17
110000106,19,16,3
110000107,21,28,-7
110000108,106,1,105
110000109,42,191,-149
110000110,627,131,496
110000111,1658,461,1197
110000112,144,27,117
110000113,86,41,45
110000114,5,20,-15
110000115,12,13,-1
110000116,9,2,7
110000117,5,102,-97
110000118,29,13,16
110000119,3,94,-91
110000120,29,14,15
110000121,7,47,-40
110000122,35,174,-139
110000123,17,36,-19
110000124,1,326,-325
110000125,0,0,0
110000126,0,0,0
110000127,0,0,0
110000128,16,470,-454
110000129,2,206,-204
110000130,0,0,0
110000131,15,173,-158
110000132,1,301,-300
110000133,21,60,-39
110000134,5,59,-54
110000135,0,0,0
110000136,1,62,-61
110000137,2,45,-43
110000138,41,165,-124
110000139,18,98,-80
110000140,0,0,0
110000143,24,33,-9
110000144,631,193,438
110000145,192,95,97
110000146,261,101,160
110000147,27,149,-122
110000148,0,0,0
110000151,25,29,-4
110000152,49,49,0
110000153,1,17,-16
110000154,2,3,-1
110000155,381,691,-310
110000156,94,406,-312
110000157,190,488,-298
110000160,20,67,-47
110000161,33,60,-27
110000166,1,1,0
110000167,49,80,-31
110000168,55,27,28
110000169,19,32,-13
110000170,3,8,-5
110000171,36,14,22
110000172,24,233,-209
110000173,150,316,-166
110000174,7,260,-253
110000175,0,0,0
110000176,0,2,-2
110000177,0,33,-33
110000178,300,139,161
110000179,182,67,115
110000180,6,68,-62
110000181,20,110,-90
110000182,97,69,28
110000183,694,472,222
110000184,70,106,-36
110000185,48,258,-210
110000186,135,105,30
110000191,2,94,-92
110000192,3,0,3
110000193,8,0,8
110000194,0,218,-218
110000195,2,16,-14
110000196,27,51,-24
110000197,1,13,-12
110000198,2,1,1
110000199,12,18,-6
110000200,76,125,-49
110000201,28,56,-28
110000202,71,57,14
110000203,21,162,-141
110000204,0,56,-56
110000205,2,3,-1
110000206,19,222,-203
110000207,10,50,-40
110000208,4,9,-5
110000209,23,196,-173
110000210,0,0,0
110000211,0,0,0
110000212,43,76,-33
110000213,1,4,-3
110000214,5,10,-5
110000215,6,100,-94
110000216,5,83,-78
110000217,4,32,-28
110000218,7,92,-85
110000219,8,8,0
110000220,5,79,-74
110000221,12,9,3
110000222,2,53,-51
110000223,4,6,-2
110000224,1,0,1
110000225,11,126,-115
110000226,4,2,2
110000227,70,64,6
110000228,9,5,4
110000229,2,55,-53
110000230,43,77,-34
110000231,1,19,-18
110000232,6,124,-118
110000233,1,34,-33
110000234,4,34,-30
110000235,17,89,-72
110000236,112,344,-232
110000237,259,312,-53
110000238,34,201,-167
110000239,89,291,-202
110000240,0,29,-29
110000242,0,31,-31
110000243,9,38,-29
110000244,4,89,-85
110000245,3,107,-104
110000246,25,69,-44
110000247,107,484,-377
110000248,15,167,-152
110000249,0,0,0
110000250,0,20,-20
110000251,5,31,-26
110000252,6,42,-36
110000253,8,11,-3
110000254,79,266,-187
110000255,10,225,-215
110000256,4,5,-1
110000257,58,230,-172
110000258,1,43,-42
110000259,7,4,3
110000260,4,37,-33
110000263,47,19,28
110000264,8,65,-57
110000265,327,268,59
110000266,283,340,-57
110000267,4,39,-35
110000268,0,23,-23
110000269,0,11,-11
110000270,0,0,0
110000271,11,4,7
110000272,103,321,-218
110000273,226,442,-216
110000274,8,104,-96
110000275,356,60,296
110000276,23,62,-39
110000277,18,34,-16
110000278,41,132,-91
110000279,7,78,-71
110000280,2,46,-44
110000281,6,28,-22
110000282,2,8,-6
110000283,1,8,-7
110000284,7,2,5
110000285,0,56,-56
110000286,0,0,0
110000287,0,0,0
110000288,1,15,-14
110000289,28,343,-315
110000290,252,236,16
110000291,415,326,89
110000292,256,349,-93
110000293,20,198,-178
110000294,40,170,-130
110000295,7,122,-115
110000296,10,110,-100
110000297,234,109,125
110000298,54,98,-44
110000299,1,0,1
110000301,0,0,0
110000302,16,242,-226
110000303,0,0,0
110000304,19,67,-48
110000305,8,0,8
110000306,20,509,-489
110000307,8,0,8
110000308,0,0,0
110000309,1,298,-297
110000310,19,4,15
110000311,3,207,-204
110000312,19,7,12
110000313,194,447,-253
110000314,1,87,-86
110000315,466,439,27
110000316,304,597,-293
110000317,76,87,-11
110000318,0,32,-32
110000319,0,0,0
110000320,7,26,-19
110000321,1,0,1
110000322,2,16,-14
110000323,16,73,-57
110000324,975,698,277
110000325,13,23,-10
110000327,16,56,-40
110000328,48,170,-122
110000333,0,2,-2
110000334,57,275,-218
110000335,22,61,-39
110000336,47,382,-335
110000337,14,74,-60
110000338,2,14,-12
110000339,7,39,-32
110000340,1,23,-22
110000341,23,253,-230
110000342,0,0,0
110000343,0,17,-17
110000344,3,25,-22
110000345,0,0,0
110000346,410,295,115
110000347,169,31,138
110000348,1,12,-11
110000349,1,5,-4
110000350,0,0,0
110000351,25,138,-113
110000352,34,445,-411
110000353,232,163,69
110000354,86,544,-458
110000355,0,15,-15
110000356,0,0,0
110000357,12,1,11
110000361,1,17,-16
110000362,5,8,-3
110000363,7,13,-6
110000364,0,41,-41
110000365,0,0,0
110000366,1,27,-26
110000367,29,67,-38
110000368,0,18,-18
110000369,0,0,0
110000373,0,84,-84
110000374,1,0,1
110000375,5,200,-195
110000376,14,43,-29
110000377,0,0,0
110000378,1,119,-118
110000379,537,196,341
110000380,1,3,-2
110000383,0,73,-73
110000384,1,19,-18
110000385,0,32,-32
110000387,0,10,-10
110000388,6,83,-77
110000389,12,10,2
110000391,0,66,-66
110000396,4,21,-17
110000397,0,10,-10
110000398,3,4,-1
110000399,0,0,0
110000587,0,0,0
110000589,2,3,-1
110000640,18,19,-1
110000652,0,7,-7
110000653,27,135,-108
110000654,0,4,-4
110000656,0,148,-148
110000674,2,3,-1
110000675,0,1,-1
110000676,0,9,-9
110000679,254,128,126
110000682,0,0,0
110000683,6,8,-2
110000684,0,20,-20
110000685,0,0,0
110000686,0,6,-6
110000687,0,0,0
110000688,26,6,20
110000689,3,9,-6
110000692,4,7,-3
110000693,5,70,-65
110000694,1,115,-114
110000695,19,213,-194
110000696,0,0,0
110900001,0,6,-6
110900002,1,16,-15
110900003,2,170,-168
110900004,0,49,-49
110900005,203,13,190
110900006,0,0,0
110900007,0,0,0
110900008,0,2,-2
110900009,0,0,0
110900010,1,5,-4
110900011,0,5,-5
110900012,0,11,-11
110900013,0,0,0
110900014,0,0,0
110900015,0,0,0
110900016,0,8,-8
110900017,0,0,0
110900018,0,0,0
110900019,0,0,0
110900020,0,37,-37
110900021,3,107,-104
110900022,4,36,-32
110900023,2,59,-57
110900024,2,67,-65
110900025,0,3,-3
110900027,0,21,-21
110900028,0,13,-13
110900029,4,57,-53
110900030,0,11,-11
110900031,0,28,-28
110900032,0,13,-13
110900033,4,30,-26
110900035,4,46,-42
110900036,0,0,0
110900037,0,0,0
110900038,7,3,4
110900039,0,26,-26
110900040,2,1,1
110900041,0,23,-23
110900042,0,0,0
110900043,0,22,-22
110900044,0,0,0
110900045,2,71,-69
110900046,10,37,-27
110900047,0,0,0
110900049,0,0,0
110900050,0,0,0
110900051,2,15,-13
110900052,0,24,-24
110900053,0,0,0
110900054,1,49,-48
110900055,0,0,0
110900056,2,10,-8
110900057,0,29,-29
110900058,0,0,0
110900059,21,112,-91
110900060,0,0,0
110900061,1,3,-2
110900062,0,0,0
110900063,0,4,-4
110900064,0,0,0
110900065,21,4,17
110900066,0,4,-4
110900067,0,0,0
110900068,7,17,-10
110900069,0,4,-4
110900070,4,0,4
110900071,0,0,0
110900073,0,2,-2
110900074,0,6,-6
110900075,2,1,1
110900077,0,0,0
110900078,0,17,-17
110900079,106,18,88
110900080,0,0,0
110900081,0,22,-22
110900082,0,0,0
110900083,0,0,0
110900084,0,60,-60
110900085,3,49,-46
110900086,0,0,0
110900087,0,0,0
110900088,0,0,0
110900090,0,0,0
110900091,0,0,0
110900093,0,0,0
110900095,0,3,-3
110900097,0,3,-3
110900098,2,11,-9
110900099,3,43,-40
110900100,0,2,-2
110900102,0,2,-2
110900105,42,22,20
110900108,0,10,-10
110900111,13,7,6
110900112,0,0,0
110900113,0,0,0
110900115,0,0,0
110900116,14,403,-389
110900118,3,16,-13
110900119,554,14,540
110900120,0,31,-31
110900121,0,0,0
110900122,0,1,-1
110900125,1,7,-6
110900127,39,98,-59
110900128,16,33,-17
110900129,0,0,0
110900130,38,3,35
110900131,0,0,0
110900132,2,0,2
110900133,2,38,-36
110900135,2,37,-35
110900136,0,0,0
110900138,0,0,0
110900139,0,0,0
110900140,0,0,0
110900141,0,38,-38
110900142,3,18,-15
110900143,0,0,0
110900144,2,131,-129
110900145,2,0,2
110900146,6,0,6
110900147,37,95,-58
110900148,0,51,-51
110900149,0,9,-9
110900150,1,3,-2
110900151,0,25,-25
110900152,2,52,-50
110900153,0,0,0
111000001,238,111,127
111000002,277,229,48
111000003,57,65,-8
111000004,140,403,-263
111000005,75,108,-33
111000006,257,480,-223
111000007,380,286,94
111000008,888,517,371
111000009,191,291,-100
111000010,139,87,52
111000011,647,526,121
111000012,266,114,152
111000013,110,549,-439
111000014,163,143,20
111000017,39,113,-74
111000018,50,103,-53
111000020,347,1119,-772
111000021,0,0,0
111000023,0,0,0
111000025,558,473,85
111000029,6,38,-32
111000030,6,28,-22
111000031,44,17,27
111000032,52,8,44
111000033,0,0,0
111000034,28,121,-93
111000037,196,233,-37
111000038,171,240,-69
111000039,146,289,-143
111000040,151,304,-153
111000041,109,152,-43
111000042,551,307,244
111000043,0,0,0
111000044,0,0,0
111000045,12,17,-5
111000046,2,23,-21
111000047,82,148,-66
111000049,67,198,-131
111000050,234,425,-191
111000051,90,404,-314
111000052,181,487,-306
111000053,99,282,-183
111000054,80,274,-194
111000055,165,582,-417
111000056,21,147,-126
111000057,15,156,-141
111000058,10,54,-44
111000059,24,78,-54
111000060,81,117,-36
111000061,67,42,25
111000062,33,69,-36
111000063,87,96,-9
111000064,19,73,-54
111000065,55,133,-78
111000066,46,66,-20
111000067,48,158,-110
111000068,16,141,-125
111000069,405,471,-66
111000070,537,287,250
111000071,43,211,-168
111000072,0,0,0
111000073,0,0,0
111000074,0,0,0
111000075,0,0,0
111000076,0,0,0
111000077,1,2,-1
111000078,343,409,-66
111000079,177,124,53
111000080,60,126,-66
111000081,298,368,-70
111000082,105,136,-31
111000084,58,122,-64
111000085,66,125,-59
111000086,92,110,-18
111000087,80,98,-18
111000088,378,174,204
111000089,167,225,-58
111000090,243,372,-129
111000091,122,214,-92
111000092,140,302,-162
111000093,32,187,-155
111000094,133,225,-92
111000095,48,437,-389
111000096,322,1601,-1279
111000097,1195,268,927
111000098,82,311,-229
111000099,36,634,-598
111000100,56,477,-421
111000101,59,186,-127
111000102,16,176,-160
111000104,0,0,0
111000107,10,165,-155
111000109,0,0,0
111000110,6,2,4
111000111,21,10,11
111000112,11,5,6
111000113,19,5,14
111000114,11,13,-2
111000115,699,119,580
111000116,53,67,-14
111000117,27,125,-98
111000118,152,87,65
111000119,75,147,-72
111000120,30,54,-24
111000121,23,48,-25
111000122,59,359,-300
111000123,64,600,-536
111000124,60,806,-746
111000125,21,437,-416
111000126,10,207,-197
111000127,0,0,0
111000128,0,0,0
111000129,0,0,0
111000130,13,76,-63
111000131,23,51,-28
111000132,0,0,0
111000133,12,11,1
111000134,10,12,-2
111000135,4,23,-19
111000136,8,24,-16
111000138,0,0,0
111000140,0,1,-1
111000141,15,86,-71
111000142,2,22,-20
111000143,0,16,-16
111000144,0,39,-39
111000145,0,0,0
111000146,0,0,0
111000147,0,0,0
111000148,1,5,-4
111000149,2,13,-11
111000150,0,0,0
111000151,2,20,-18
111000153,70,66,4
111000154,21,46,-25
111000155,1,63,-62
111000156,0,0,0
111000157,0,0,0
111000158,0,0,0
111000159,1,0,1
111000160,0,0,0
111000161,0,0,0
111000162,4,32,-28
111000163,42,164,-122
111000164,163,346,-183
111000165,180,167,13
111000166,158,45,113
111000167,49,95,-46
111000168,29,34,-5
111000169,13,37,-24
111000170,19,50,-31
111000171,34,95,-61
111000172,11,85,-74
111000173,26,165,-139
111000174,5,70,-65
111000175,3,34,-31
111000176,15,39,-24
111000177,4,59,-55
111000178,55,86,-31
111000179,3,48,-45
111000180,11,62,-51
111000181,30,26,4
111000182,6,29,-23
111000183,15,13,2
111000184,15,23,-8
111000185,31,163,-132
111000186,23,85,-62
111000187,6,106,-100
111000188,12,106,-94
111000189,200,112,88
111000190,43,104,-61
111000191,23,126,-103
111000192,49,175,-126
111000193,115,136,-21
111000194,9,113,-104
111000195,10,105,-95
111000196,2,81,-79
111000197,0,0,0
111000198,0,0,0
111000199,0,0,0
111000200,0,0,0
111000201,0,0,0
111000202,0,0,0
111000203,0,0,0
111000204,1,1,0
111000213,2,23,-21
111000214,80,201,-121
111000215,80,198,-118
111000217,90,203,-113
111000218,1,0,1
111000219,129,400,-271
111000220,12,181,-169
111000221,2,0,2
111000224,114,133,-19
111000225,20,48,-28
111000226,0,0,0
111000227,0,0,0
111000228,0,45,-45
111000229,7,50,-43
111000230,0,1,-1
111000231,0,4,-4
111000232,29,226,-197
111000233,55,194,-139
111000234,8,80,-72
111000239,59,35,24
111000240,0,0,0
111000241,10,88,-78
111000242,0,0,0
111000243,15,251,-236
111000244,0,0,0
111000245,2,5,-3
111000246,0,14,-14
111000247,22,370,-348
111000248,11,10,1
111000249,92,192,-100
111000250,2,11,-9
111000251,2,14,-12
111000253,0,0,0
111000255,0,0,0
111000257,0,0,0
111000260,31,298,-267
111000261,9,0,9
111000271,8,71,-63
111000273,230,144,86
111000274,154,260,-106
111000275,0,0,0
111000276,50,329,-279
111000277,35,77,-42
111000278,57,19,38
111000291,34,120,-86
111000298,20,18,2
111000299,0,0,0
111000300,3,61,-58
111000302,3,2,1
111000303,6,21,-15
111000312,4,7,-3
111000315,17,101,-84
111000320,19,72,-53
111000321,8,4,4
111000322,4,45,-41
111000323,3,1,2
111000324,0,0,0
111000325,2,19,-17
111000326,8,70,-62
111000327,44,54,-10
111000328,71,111,-40
111000329,4,13,-9
111000330,0,0,0
111000331,1,1,0
111000332,124,311,-187
111000334,65,442,-377
111000335,44,37,7
111000337,53,188,-135
111000338,1,37,-36
111000339,12,101,-89
111000340,17,172,-155
111000341,78,43,35
111000342,3,72,-69
111000344,122,136,-14
111000345,0,1,-1
111000346,3,24,-21
111000347,1,0,1
111000350,3,0,3
111000351,27,39,-12
111000352,2,1,1
111000353,12,24,-12
111000354,1,2,-1
111000355,20,89,-69
111000358,10,367,-357
111000360,2,185,-183
111000361,1,93,-92
111000546,47,244,-197
111000547,0,47,-47
111000548,23,68,-45
111000549,4,20,-16
111000550,29,117,-88
111000551,34,17,17
111000552,2,0,2
111000907,0,4,-4
111000908,0,0,0
111000916,68,102,-34
111000917,10,132,-122
111000918,5,183,-178
111000920,0,0,0
111000921,3,129,-126
111000922,21,161,-140
111000924,7,211,-204
111000925,148,390,-242
111000926,295,1162,-867
111000927,770,709,61
111000928,1709,1340,369
111000929,104,232,-128
111000930,164,981,-817
111000931,176,387,-211
111000932,787,1086,-299
111000933,212,161,51
111000934,649,1140,-491
111000935,52,131,-79
111000936,211,861,-650
111000937,115,69,46
111000938,274,1168,-894
111000939,0,0,0
111000940,22,43,-21
111000941,0,67,-67
111000943,9,60,-51
111000944,3,47,-44
111000945,4,499,-495
111001109,2,2,0
111001110,50,307,-257
111001111,2,0,2
111001112,24,0,24
111001113,2,87,-85
111001114,0,0,0
111001115,19,69,-50
111001116,435,37,398
111001117,203,262,-59
111001120,9,65,-56
111001121,39,71,-32
111001122,10,99,-89
111001123,0,0,0
111001124,2,22,-20
111001125,0,0,0
111001126,0,0,0
111001127,0,0,0
111001128,76,213,-137
111900001,0,16,-16
111900002,0,46,-46
111900003,0,20,-20
111900004,1,5,-4
111900006,0,0,0
111900007,0,0,0
111900008,0,0,0
111900009,0,0,0
111900010,24,50,-26
111900012,18,2,16
111900013,0,8,-8
111900014,415,33,382
111900015,0,7,-7
111900016,0,30,-30
111900017,0,23,-23
111900018,0,0,0
111900019,1,7,-6
111900020,0,5,-5
111900021,1,7,-6
111900022,3,10,-7
111900023,21,4,17
111900024,0,8,-8
111900025,0,4,-4
111900026,0,8,-8
111900027,0,19,-19
111900028,0,68,-68
111900029,1,5,-4
111900030,0,0,0
111900031,0,3,-3
111900032,1,43,-42
111900033,0,1,-1
111900034,0,0,0
111900035,0,14,-14
111900036,0,35,-35
111900038,0,0,0
111900039,1,18,-17
111900040,0,82,-82
111900042,2,1,1
111900043,0,39,-39
111900044,0,0,0
111900046,6,27,-21
111900048,2,156,-154
111900049,2,23,-21
111900050,0,0,0
111900051,1,38,-37
111900052,26,74,-48
111900053,0,0,0
111900054,0,0,0
111900055,3,66,-63
111900056,0,0,0
111900057,0,7,-7
111900058,3,123,-120
111900059,3,0,3
111900060,0,0,0
111900061,13,35,-22
111900062,0,0,0
111900063,1,26,-25
111900064,15,34,-19
111900065,0,0,0
111900066,0,0,0
111900067,0,73,-73
111900068,0,0,0
111900069,0,0,0
111900070,0,0,0
111900071,0,24,-24
111900072,0,0,0
111900073,1,0,1
111900074,2,5,-3
111900075,0,0,0
111900076,0,0,0
111900077,0,0,0
111900078,0,0,0
111900079,0,0,0
111900080,0,0,0
111900082,2,1,1
111900083,0,0,0
111900084,0,0,0
111900085,0,0,0
111900086,0,0,0
111900087,0,0,0
111900088,0,0,0
111900089,0,0,0
111900090,4,4,0
111900091,0,0,0
111900092,0,0,0
111900093,0,0,0
111900094,0,0,0
111900095,3,0,3
111900096,0,0,0
111900097,0,0,0
111900098,0,0,0
111900099,0,0,0
111900100,2,0,2
111900101,0,0,0
111900102,2,63,-61
111900103,0,0,0
111900104,0,0,0
111900105,0,0,0
111900106,81,0,81
111900110,140,0,140
111900111,0,8,-8
111900112,15,0,15
111900113,1,2,-1
111900118,0,0,0
111900119,0,0,0
111900122,0,0,0
111900123,0,0,0
111900124,2,5,-3
111900125,0,0,0
111900126,0,0,0
111900127,0,0,0
111900128,0,0,0
111900129,0,0,0
111900130,0,0,0
111900131,0,0,0
111900132,0,0,0
111900133,0,0,0
111900134,3,22,-19
111900135,0,0,0
111900136,0,0,0
111900137,11,3,8
111900138,0,5,-5
111900139,0,20,-20
111900140,0,0,0
111900141,0,0,0
111900142,0,0,0
111900143,0,24,-24
111900144,1,15,-14
111900145,0,35,-35
111900146,0,15,-15
111900147,3,43,-40
111900148,0,66,-66
111900149,0,30,-30
111900150,0,8,-8
111900151,0,2,-2
111900152,0,0,0
111900153,1,0,1
111900154,0,0,0
111900155,0,0,0
111900156,0,0,0
111900157,0,0,0
111900158,0,0,0
111900159,0,0,0
111900160,0,0,0
111900161,0,0,0
111900162,0,0,0
111900163,0,0,0
111900164,0,0,0
111901113,0,17,-17
111901114,0,0,0
111901115,0,0,0
111901116,0,0,0
111901117,0,0,0
111901118,0,0,0
111901119,0,0,0
111901121,14,19,-5
111901122,0,38,-38
111901123,0,49,-49
111901124,0,0,0
111901125,0,0,0
111901127,0,0,0
111901128,0,0,0
111901129,0,0,0
111901130,0,0,0
111901131,2,26,-24
111901132,0,0,0
111901133,0,0,0
111901134,0,0,0
111901135,0,0,0
111901136,0,0,0
111901138,0,0,0
111901139,0,0,0
111901140,0,0,0
111901141,0,0,0
111901142,0,0,0
111901143,0,0,0
111901144,0,0,0
111901145,0,0,0
111901146,7,0,7
111901147,12,0,12
111901148,0,0,0
111901149,0,0,0
111901150,0,0,0
111901151,0,0,0
112000001,197,109,88
112000002,302,656,-354
112000003,97,144,-47
112000004,106,447,-341
112000005,210,190,20
112000006,277,552,-275
112000007,108,122,-14
112000008,255,352,-97
112000009,659,820,-161
112000010,192,227,-35
112000011,204,666,-462
112000012,197,276,-79
112000013,1349,821,528
112000014,52,64,-12
112000015,302,555,-253
112000016,60,67,-7
112000017,128,364,-236
112000024,445,158,287
112000026,988,1288,-300
112000027,6,20,-14
112000028,400,680,-280
112000029,6,10,-4
112000030,40,25,15
112000031,224,136,88
112000032,243,12,231
112000033,355,75,280
112000034,70,6,64
112000035,3,49,-46
112000036,56,23,33
112000037,21,121,-100
112000038,40,52,-12
112000039,0,0,0
112000040,3,31,-28
112000041,18,29,-11
112000042,81,47,34
112000050,0,0,0
112000051,17,57,-40
112000054,602,443,159
112000057,36,97,-61
112000058,52,87,-35
112000059,1,3,-2
112000061,1271,476,795
112000062,468,49,419
112000063,66,66,0
112000064,1544,1659,-115
112000065,429,520,-91
112000066,6,3,3
112000067,92,145,-53
112000068,0,0,0
112000069,74,481,-407
112000070,8,10,-2
112000071,73,620,-547
112000072,5,22,-17
112000073,113,317,-204
112000074,8,36,-28
112000075,16,32,-16
112000076,175,341,-166
112000077,48,148,-100
112000078,25,105,-80
112000079,76,272,-196
112000080,23,146,-123
112000081,276,339,-63
112000082,16,18,-2
112000083,113,239,-126
112000084,13,13,0
112000085,103,250,-147
112000086,14,11,3
112000087,8,148,-140
112000088,16,16,0
112000089,6,70,-64
112000090,6,17,-11
112000091,92,491,-399
112000092,30,14,16
112000093,305,394,-89
112000094,46,75,-29
112000095,79,281,-202
112000096,34,139,-105
112000097,6,3,3
112000098,107,368,-261
112000099,12,2,10
112000100,26,23,3
112000101,51,256,-205
112000102,24,5,19
112000103,47,345,-298
112000105,113,582,-469
112000106,17,4,13
112000107,0,1,-1
112000108,7,156,-149
112000109,0,1,-1
112000110,50,19,31
112000111,175,1353,-1178
112000112,51,36,15
112000113,245,700,-455
112000114,14,24,-10
112000115,6,68,-62
112000116,4,41,-37
112000117,1,39,-38
112000118,91,205,-114
112000119,44,194,-150
112000120,11,105,-94
112000121,0,0,0
112000122,0,0,0
112000123,0,0,0
112000124,0,0,0
112000125,0,0,0
112000126,0,1,-1
112000127,146,82,64
112000128,129,34,95
112000129,2,26,-24
112000130,14,14,0
112000131,0,39,-39
112000132,8,83,-75
112000133,1,23,-22
112000134,13,120,-107
112000135,9,6,3
112000136,56,317,-261
112000137,12,18,-6
112000138,160,311,-151
112000139,0,0,0
112000140,79,165,-86
112000141,1,0,1
112000142,12,201,-189
112000143,0,0,0
112000144,25,366,-341
112000145,0,1,-1
112000146,87,543,-456
112000147,1,0,1
112000148,127,579,-452
112000149,0,0,0
112000150,14,90,-76
112000151,0,1,-1
112000152,14,42,-28
112000153,5,9,-4
112000154,8,10,-2
112000155,16,8,8
112000157,75,41,34
112000158,4,16,-12
112000159,4,24,-20
112000167,7,1,6
112000169,15,27,-12
112000173,2,28,-26
112000175,1,25,-24
112000176,922,480,442
112000177,0,3,-3
112000178,0,5,-5
112000179,4,7,-3
112000180,50,85,-35
112000181,172,508,-336
112000182,17,209,-192
112000183,0,2,-2
112000184,0,0,0
112000185,6,84,-78
112000187,251,453,-202
112000195,0,0,0
112000196,0,0,0
112000197,0,0,0
112000198,0,4,-4
112000199,54,18,36
112000202,0,0,0
112000216,1,10,-9
112000230,0,0,0
112000231,0,1,-1
112000256,0,0,0
112000313,7,3,4
112000314,0,0,0
112000337,1,55,-54
112000352,4,13,-9
112000392,161,212,-51
112000398,81,46,35
112000399,16,35,-19
112000400,208,861,-653
112000401,2677,745,1932
112000402,111,186,-75
112000403,19,46,-27
112000404,33,32,1
112000405,71,199,-128
112000406,729,989,-260
112000407,385,354,31
112000408,1837,1742,95
112000409,352,1668,-1316
112000410,0,0,0
112000411,15,0,15
112000412,42,35,7
112000413,60,5,55
112000414,7,11,-4
112000415,0,0,0
112000416,109,84,25
112000417,0,0,0
112000421,10,22,-12
112000422,14,16,-2
112000424,43,183,-140
112000425,60,436,-376
112000426,4,140,-136
112000427,0,1,-1
112000428,1,14,-13
112000429,333,602,-269
112000430,476,965,-489
112000431,0,0,0
112000432,70,513,-443
112000433,74,60,14
112000437,5,44,-39
112900001,0,0,0
112900002,0,0,0
112900003,1,18,-17
112900004,0,61,-61
112900005,0,25,-25
112900006,0,66,-66
112900007,0,0,0
112900008,0,0,0
112900009,0,0,0
112900010,0,23,-23
112900011,26,30,-4
112900012,0,9,-9
112900013,0,0,0
112900014,0,14,-14
112900015,38,125,-87
112900016,0,17,-17
112900017,0,0,0
112900018,0,62,-62
112900019,3,3,0
112900020,73,180,-107
112900021,1,38,-37
112900022,0,0,0
112900023,0,13,-13
112900024,0,39,-39
112900025,0,0,0
112900026,1,24,-23
112900027,0,0,0
112900028,2,11,-9
112900029,0,0,0
112900030,31,13,18
112900031,0,0,0
112900032,2,12,-10
112900034,0,0,0
112900035,0,0,0
112900036,2,3,-1
112900037,0,0,0
112900038,0,6,-6
112900039,0,0,0
112900040,0,4,-4
112900041,48,13,35
112900042,0,27,-27
112900043,0,1,-1
112900044,24,35,-11
112900045,0,0,0
112900046,6,4,2
112900047,3,1,2
112900049,1,4,-3
112900050,17,58,-41
112900051,28,92,-64
112900052,0,62,-62
112900053,5,43,-38
112900054,0,0,0
112900055,0,0,0
112900056,0,0,0
112900057,0,51,-51
112900058,9,3,6
112900059,0,4,-4
112900060,0,12,-12
112900061,0,4,-4
112900062,13,8,5
112900063,0,0,0
112900064,8,6,2
112900065,0,0,0
112900066,1,7,-6
112900067,16,5,11
112900068,0,0,0
112900069,112,8,104
112900071,0,0,0
112900072,0,0,0
112900073,5,2,3
112900074,0,0,0
112900075,2,3,-1
112900076,0,0,0
112900078,0,0,0
112900079,0,0,0
112900080,0,0,0
112900081,0,0,0
112900082,4,1,3
112900083,0,1,-1
112900084,0,0,0
112900086,0,0,0
112900087,0,0,0
112900088,0,0,0
112900089,6,0,6
112900090,0,0,0
112900091,0,0,0
112900092,0,0,0
112900093,0,0,0
112900095,0,0,0
112900096,4,0,4
112900097,0,23,-23
112900098,0,0,0
112900099,5,0,5
112900100,1,0,1
112900101,0,0,0
112900102,0,0,0
112900103,0,0,0
112900104,0,0,0
112900105,0,1,-1
112900106,3,0,3
112900107,0,0,0
112900108,0,0,0
112900109,2,0,2
112900110,0,0,0
112900111,0,0,0
112900112,0,0,0
112900113,0,2,-2
112900114,0,0,0
112900115,15,0,15
112900116,0,3,-3
112900117,8,9,-1
112900118,1,6,-5
112900119,0,0,0
112900120,104,57,47
112900121,9,7,2
112900122,3,12,-9
112900123,0,0,0
112900124,0,16,-16
112900125,0,14,-14
112900126,10,20,-10
112900127,0,0,0
112900128,37,193,-156
112900129,0,122,-122
112900130,0,0,0
112900131,11,54,-43
112900132,13,60,-47
112900133,1,107,-106
112900134,1,49,-48
112900135,0,0,0
112900137,1,45,-44
112900138,0,96,-96
112900139,51,200,-149
112900141,11,13,-2
112900142,0,0,0
112900143,6,121,-115
112900144,0,31,-31
112900145,19,94,-75
112900146,0,99,-99
112900147,3,594,-591
112900148,0,0,0
112900149,3,12,-9
112900151,0,0,0
112900152,258,61,197
112900153,18,0,18
112900154,0,0,0
112900155,0,0,0
112900156,1,94,-93
112900157,21,3,18
112900158,0,0,0
112900159,0,7,-7
112900160,0,11,-11
112900161,0,0,0
112900162,1,1,0
112900163,0,0,0
112900164,0,0,0
112900165,1,18,-17
112900166,0,0,0
112900167,0,0,0
112900168,0,0,0
112900169,0,0,0
112900170,0,0,0
112900172,0,0,0
112900173,5,9,-4
112900174,0,0,0
112900175,0,0,0
112900176,0,0,0
112900177,0,0,0
112900178,0,0,0
112900179,4,67,-63
112900180,2,205,-203
112900181,0,0,0
112900182,0,24,-24
112900183,0,0,0
112900184,20,23,-3
112900185,1,4,-3
112900186,67,26,41
112900187,0,0,0
112900188,75,25,50
112900189,0,1,-1
112900190,0,1,-1
112900192,7,2,5
112900193,12,9,3
112900194,0,5,-5
112900195,0,0,0
112900196,27,78,-51
112900197,13,39,-26
112900199,0,0,0
112900200,0,0,0
112900201,0,0,0
112900202,1,57,-56
112900203,0,0,0
112900204,20,11,9
112900205,0,0,0
112900206,0,3,-3
112900207,0,0,0
112900208,2,2,0
112900209,23,67,-44
112900210,0,1,-1
112900211,0,0,0
112900212,0,1,-1
112900213,2,0,2
112900214,2,0,2
112900215,0,8,-8
112900216,2,0,2
112900217,0,24,-24
112900218,0,0,0
112900219,0,7,-7
112900220,0,0,0
112900221,0,0,0
112900222,0,0,0
112900223,0,0,0
112900224,0,92,-92
112900225,3,89,-86
112900226,9,2,7
112900227,1,203,-202
112900228,0,0,0
112900229,0,0,0
112900230,358,84,274
112900232,8,13,-5
112900233,4,30,-26
112900234,0,4,-4
112900235,0,1,-1
112900236,0,1,-1
112900237,1,19,-18
112900238,0,0,0
112900239,52,23,29
112900240,1,6,-5
112900241,0,10,-10
112900242,0,13,-13
112900243,0,9,-9
112900244,1,25,-24
112900245,0,6,-6
112900246,0,5,-5
112900247,0,3,-3
112900248,0,0,0
112900249,0,0,0
112900250,0,0,0
112900251,0,0,0
112900252,0,0,0
112900253,0,0,0
112900254,0,0,0
112900255,0,0,0
112900256,0,0,0
112900257,0,0,0
112900258,0,0,0
113000001,1115,922,193
113000002,543,235,308
113000003,575,316,259
113000004,782,191,591
113000005,209,167,42
113000006,61,94,-33
113000007,211,273,-62
113000008,187,129,58
113000009,311,304,7
113000010,212,84,128
113000011,92,414,-322
113000012,224,65,159
113000013,287,131,156
113000014,96,241,-145
113000015,7,30,-23
113000016,68,148,-80
113000017,4,67,-63
113000018,9,3,6
113000019,5,94,-89
113000020,0,0,0
113000021,60,220,-160
113000022,44,358,-314
113000025,19,50,-31
113000026,11,23,-12
113000027,8,30,-22
113000028,72,70,2
113000029,1,2,-1
113000030,271,240,31
113000031,160,114,46
113000032,1,3,-2
113000033,1,0,1
113000034,231,186,45
113000035,4,22,-18
113000036,2,0,2
113000037,49,14,35
113000038,0,1,-1
113000039,13,45,-32
113000040,20,9,11
113000042,130,38,92
113000051,113,152,-39
113000052,406,78,328
113000053,17,78,-61
113000054,16,63,-47
113000055,43,93,-50
113000056,54,243,-189
113000058,151,277,-126
113000059,0,0,0
113000060,8,120,-112
113000061,83,60,23
113000062,49,0,49
113000063,1,1,0
113000064,0,0,0
113000065,23,227,-204
113000066,15,25,-10
113000067,35,48,-13
113000068,24,407,-383
113000069,40,272,-232
113000070,26,49,-23
113000071,43,139,-96
113000072,21,22,-1
113000073,75,226,-151
113000074,70,32,38
113000075,80,36,44
113000076,262,268,-6
113000077,2,2,0
113000078,109,414,-305
113000079,159,162,-3
113000080,4,0,4
113000081,0,0,0
113000082,185,145,40
113000083,1,2,-1
113000084,173,248,-75
113000085,29,23,6
113000086,147,235,-88
113000087,39,25,14
113000088,655,253,402
113000089,22,54,-32
113000090,2,25,-23
113000091,212,67,145
113000094,12,8,4
113000095,81,309,-228
113000096,50,232,-182
113000097,41,11,30
113000098,0,0,0
113000099,15,15,0
113000100,35,146,-111
113000101,61,112,-51
113000102,11,10,1
113000103,161,183,-22
113000104,0,10,-10
113000105,1,6,-5
113000106,22,184,-162
113000107,55,34,21
113000108,95,327,-232
113000109,68,134,-66
113000110,9,0,9
113000111,14,38,-24
113000112,2,7,-5
113000113,3,0,3
113000114,79,138,-59
113000116,49,1,48
113000117,31,7,24
113000118,0,7,-7
113000119,5,25,-20
113000120,0,0,0
113000121,22,26,-4
113000124,0,0,0
113000125,0,0,0
113000127,424,103,321
113000128,8,6,2
113000129,577,142,435
113000133,668,207,461
113000134,3,99,-96
113000135,22,37,-15
113000137,0,1,-1
113000139,1,0,1
113000140,111,165,-54
113000141,0,0,0
113000142,123,117,6
113000143,1,0,1
113000144,102,62,40
113000145,0,1,-1
113000146,23,27,-4
113000147,22,42,-20
113000148,0,2,-2
113000149,0,2,-2
113000150,109,55,54
113000151,75,25,50
113000152,0,3,-3
113000153,192,42,150
113000154,121,121,0
113000155,44,64,-20
113000156,35,49,-14
113000157,29,140,-111
113000158,156,67,89
113000159,185,155,30
113000160,99,196,-97
113000161,2,22,-20
113000162,184,107,77
113000163,0,0,0
113000164,18,36,-18
113000166,0,0,0
113000167,4,103,-99
113000168,8,117,-109
113000169,0,0,0
113000170,0,0,0
113000171,16,77,-61
113000172,0,0,0
113000173,0,0,0
113000174,27,227,-200
113000175,0,0,0
113000176,0,0,0
113000177,23,224,-201
113000178,18,219,-201
113000179,0,0,0
113000180,29,111,-82
113000181,116,227,-111
113000182,32,22,10
113000183,55,175,-120
113000184,8,59,-51
113000189,28,74,-46
113000190,145,34,111
113000192,485,223,262
113000193,385,170,215
113000194,239,139,100
113000195,117,69,48
113000196,17,22,-5
113000197,63,54,9
113000198,2,31,-29
113000199,13,11,2
113000201,16,35,-19
113000202,313,93,220
113000203,0,0,0
113000204,230,198,32
113000205,7,19,-12
113000206,0,0,0
113000207,8,20,-12
113000208,0,0,0
113000209,7,13,-6
113000210,0,0,0
113000211,26,13,13
113000212,45,1,44
113000213,0,8,-8
113000214,2,42,-40
113000234,32,325,-293
113000410,13,2,11
113000411,438,1022,-584
113000412,2348,578,1770
113000413,1017,473,544
113000414,2205,509,1696
113000415,767,944,-177
113000416,2483,1121,1362
113000417,540,713,-173
113000418,694,593,101
113000419,286,364,-78
113000420,1297,559,738
113000421,398,394,4
113000422,4346,890,3456
113000423,1619,700,919
113000424,1505,981,524
113000425,1,15,-14
113000428,0,4,-4
113000430,0,1,-1
113000432,73,3,70
113000433,26,184,-158
113000434,1,89,-88
113000435,5,181,-176
113000436,24,373,-349
113000437,0,0,0
113000438,0,0,0
113000439,8,43,-35
113000440,0,0,0
113000441,0,0,0
113000442,29,88,-59
113000443,0,0,0
113000444,8,90,-82
113000445,0,0,0
113000446,2,43,-41
113000448,34,39,-5
113000449,0,0,0
113000450,20,6,14
113000451,234,36,198
113000452,0,0,0
113000453,30,59,-29
113000454,0,0,0
113000455,13,38,-25
113000456,121,81,40
113000468,142,2,140
113000469,4,6,-2
113000470,4,0,4
113000471,0,1,-1
113000472,0,0,0
113000474,48,152,-104
113000475,229,445,-216
113000476,136,540,-404
113000477,320,754,-434
113000478,522,1054,-532
113000479,2,138,-136
113000485,0,0,0
113000486,0,0,0
113000487,0,0,0
113000488,0,0,0
113000489,0,0,0
113000490,0,0,0
113000491,0,0,0
113000492,0,0,0
113000495,44,78,-34
113000496,0,0,0
113000497,0,0,0
113000499,0,1,-1
113900001,0,0,0
113900002,0,0,0
113900003,0,0,0
113900004,0,0,0
113900005,0,0,0
113900006,0,0,0
113900007,0,0,0
113900008,0,0,0
113900009,0,0,0
113900010,0,0,0
113900011,0,0,0
113900012,0,0,0
113900013,0,0,0
113900014,0,0,0
113900015,0,11,-11
113900016,0,0,0
113900017,0,0,0
113900018,16,1,15
113900019,0,0,0
113900020,0,0,0
113900022,0,0,0
113900023,0,0,0
113900024,0,2,-2
113900025,0,0,0
113900026,0,0,0
113900027,0,0,0
113900028,0,0,0
113900029,3,27,-24
113900030,0,0,0
113900031,0,0,0
113900032,0,0,0
113900033,0,1,-1
113900035,0,0,0
113900036,0,0,0
113900037,0,0,0
113900038,5,2,3
113900039,0,0,0
113900040,0,0,0
113900041,0,0,0
113900042,1,2,-1
113900043,2,2,0
113900044,0,0,0
113900045,0,0,0
113900046,14,40,-26
113900047,0,0,0
113900048,36,5,31
113900049,44,3,41
113900050,11,19,-8
113900051,26,25,1
113900052,0,0,0
113900053,0,0,0
113900054,0,0,0
113900055,0,46,-46
113900056,0,0,0
113900057,2,7,-5
113900058,0,14,-14
113900059,5,36,-31
113900060,0,0,0
113900061,0,0,0
113900062,0,0,0
113900063,0,0,0
113900064,0,11,-11
113900065,0,0,0
113900066,4,39,-35
113900067,0,0,0
113900068,0,0,0
113900069,0,0,0
113900070,8,66,-58
113900071,0,0,0
113900072,1,11,-10
113900073,4,22,-18
113900074,0,0,0
113900075,0,0,0
113900076,0,0,0
113900077,1,39,-38
113900078,0,0,0
113900079,0,6,-6
113900080,0,0,0
113900081,1,12,-11
113900082,0,20,-20
113900083,0,0,0
113900084,0,0,0
113900085,0,59,-59
113900086,0,0,0
113900087,0,0,0
113900088,0,0,0
113900089,0,0,0
113900090,3,0,3
113900091,0,0,0
113900092,2,2,0
113900093,0,56,-56
113900094,0,0,0
113900095,0,0,0
113900096,0,0,0
113900097,0,12,-12
113900098,0,0,0
113900099,0,0,0
113900100,0,0,0
113900101,0,10,-10
113900102,0,0,0
113900103,0,0,0
113900104,0,0,0
113900105,0,18,-18
113900106,0,0,0
113900107,0,0,0
113900108,0,17,-17
113900109,2,5,-3
113900110,0,0,0
113900111,0,0,0
113900112,8,11,-3
113900113,5,4,1
113900114,0,0,0
113900115,0,0,0
113900116,0,16,-16
113900117,3,0,3
113900118,0,0,0
113900119,0,0,0
113900120,0,0,0
113900121,0,0,0
113900122,0,0,0
113900123,8,4,4
113900124,0,0,0
113900125,0,12,-12
113900126,0,2,-2
113900127,3,11,-8
113900128,0,0,0
113900129,0,0,0
113900130,0,0,0
113900131,4,1,3
113900132,0,0,0
113900133,2,3,-1
113900135,28,60,-32
113900136,2,6,-4
113900137,2,6,-4
113900138,0,0,0
113900139,69,9,60
113900140,0,0,0
113900141,9,17,-8
113900142,0,2,-2
113900143,0,1,-1
113900144,0,0,0
113900145,0,6,-6
113900146,1,4,-3
113900148,2,6,-4
113900149,1,0,1
113900150,128,53,75
113900151,2,2,0
113900152,0,1,-1
113900153,30,16,14
113900154,0,0,0
113900155,24,7,17
113900156,22,74,-52
113900157,0,1,-1
113900158,26,4,22
113900159,0,0,0
113900160,39,96,-57
113900161,0,12,-12
113900162,31,23,8
113900163,18,9,9
113900164,0,0,0
113900165,61,62,-1
113900166,0,1,-1
113900167,0,0,0
113900168,13,9,4
113900169,16,60,-44
113900171,0,0,0
113900172,0,26,-26
113900173,4,52,-48
113900174,25,133,-108
113900175,0,0,0
113900176,8,96,-88
113900177,12,6,6
113900178,0,0,0
113900179,1,60,-59
113900180,4,6,-2
113900181,0,0,0
113900182,17,126,-109
113900183,2,2,0
113900184,2,97,-95
113900185,8,14,-6
113900186,0,1,-1
113900187,2,22,-20
113900188,0,8,-8
113900189,0,0,0
113900190,46,10,36
113900191,1,11,-10
113900192,0,0,0
113900193,1,33,-32
113900194,76,68,8
113900195,30,63,-33
113900196,0,12,-12
113900197,0,26,-26
113900198,3,7,-4
113900199,30,55,-25
113900200,0,14,-14
113900201,0,29,-29
113900202,3,41,-38
113900203,0,39,-39
113900204,1,41,-40
113900205,1,9,-8
113900206,0,9,-9
113900207,0,8,-8
113900208,0,2,-2
113900209,0,2,-2
113900210,22,18,4
113900211,4,0,4
113900212,0,43,-43
113900214,43,11,32
113900215,0,13,-13
113900216,0,85,-85
113900217,0,0,0
113900218,0,0,0
113900219,1,20,-19
113900220,1,0,1
113900221,0,0,0
113900222,0,3,-3
113900223,0,47,-47
113900224,20,4,16
113900225,0,0,0
113900226,1,0,1
113900227,0,2,-2
113900228,10,1,9
113900229,2,4,-2
113900230,105,28,77
113900231,12,9,3
113900232,2,10,-8
113900233,1,1,0
113900234,6,7,-1
113900235,0,0,0
113900236,0,0,0
113900237,0,0,0
113900238,5,7,-2
113900239,0,2,-2
113900240,0,2,-2
113900241,3,5,-2
113900242,0,9,-9
113900243,6,21,-15
113900244,61,11,50
113900245,117,10,107
113900246,0,0,0
113900247,5,1,4
113900248,236,22,214
113900249,0,0,0
113900250,0,0,0
113900251,2,13,-11
113900252,0,0,0
113900253,0,0,0
113900254,0,0,0
113900255,0,0,0
113900256,0,0,0
113900257,7,72,-65
113900258,0,44,-44
113900259,1,17,-16
113900260,0,6,-6
113900261,0,20,-20
113900262,0,52,-52
113900263,5,33,-28
113900264,1,57,-56
113900265,9,51,-42
113900266,1,27,-26
113900267,2,39,-37
113900268,0,1,-1
113900269,5,15,-10
113900270,10,46,-36
113900271,35,202,-167
113900273,0,0,0
113900274,0,0,0
113900275,2,2,0
113900276,0,28,-28
113900277,0,0,0
113900278,7,25,-18
113900279,4,12,-8
113900280,52,23,29
113900281,5,43,-38
113900282,52,7,45
113900283,0,0,0
113900284,0,5,-5
113900285,0,0,0
113900286,0,0,0
113900287,1,10,-9
113900288,0,9,-9
113900289,102,0,102
113900290,50,2,48
113900291,2,9,-7
113900292,0,0,0
113900293,0,22,-22
113900294,0,0,0
113900295,6,10,-4
113900296,6,1,5
113900297,0,0,0
113900298,3,204,-201
113900299,0,0,0
113900300,328,16,312
113900301,0,0,0
113900302,0,1,-1
113900303,21,2,19
113900304,1,27,-26
113900305,0,0,0
113900306,0,0,0
113900307,0,0,0
113900308,3,1,2
113900309,1,80,-79
113900310,0,0,0
113900311,0,0,0
113900312,0,3,-3
113900313,0,0,0
113900314,0,0,0
113900315,0,0,0
114000001,180,473,-293
114000002,0,2,-2
114000003,5,121,-116
114000004,15,35,-20
114000005,7,5,2
114000006,233,294,-61
114000007,66,187,-121
114000008,182,188,-6
114000009,8,13,-5
114000011,384,417,-33
114000012,149,416,-267
114000013,114,343,-229
114000014,71,60,11
114000015,94,50,44
114000016,12,71,-59
114000017,10,5,5
114000018,22,4,18
114000026,78,287,-209
114000027,159,336,-177
114000028,259,312,-53
114000038,1,5,-4
114000039,14,46,-32
114000040,13,12,1
114000042,20,48,-28
114000043,0,16,-16
114000044,7,40,-33
114000045,0,21,-21
114000046,289,692,-403
114000047,1,4,-3
114000048,6,23,-17
114000049,34,50,-16
114000050,28,80,-52
114000051,128,97,31
114000052,76,78,-2
114000053,0,5,-5
114000054,0,7,-7
114000055,2,2,0
114000056,132,161,-29
114000057,873,484,389
114000058,45,26,19
114000059,16,35,-19
114000060,106,255,-149
114000061,132,21,111
114000062,68,29,39
114000063,660,648,12
114000064,1343,471,872
114000065,261,620,-359
114000066,31,153,-122
114000067,0,0,0
114000068,33,22,11
114000069,64,11,53
114000070,61,30,31
114000071,18,32,-14
114000072,5,19,-14
114000073,0,0,0
114000074,1,7,-6
114000075,0,0,0
114000076,0,0,0
114000077,0,0,0
114000078,1,52,-51
114000079,4,25,-21
114000080,0,0,0
114000081,0,0,0
114000082,24,131,-107
114000083,5,61,-56
114000084,2,1,1
114000085,25,127,-102
114000086,17,98,-81
114000087,2,29,-27
114000088,0,0,0
114000089,79,39,40
114000090,20,15,5
114000091,93,40,53
114000092,91,26,65
114000093,23,84,-61
114000094,29,19,10
114000095,1,0,1
114000096,0,1,-1
114000097,1,2,-1
114000098,0,0,0
114000099,12,83,-71
114000100,6,29,-23
114000101,19,169,-150
114000102,0,0,0
114000103,6,149,-143
114000104,0,21,-21
114000105,3,8,-5
114000106,47,29,18
114000107,11,17,-6
114000108,369,279,90
114000109,0,2,-2
114000110,56,309,-253
114000111,1,1,0
114000112,57,489,-432
114000113,0,0,0
114000114,128,414,-286
114000115,2,0,2
114000116,50,46,4
114000117,40,19,21
114000118,41,4,37
114000119,51,13,38
114000120,144,239,-95
114000121,63,147,-84
114000122,74,78,-4
114000123,6,10,-4
114000124,2,8,-6
114000125,157,503,-346
114000126,6,6,0
114000127,4,32,-28
114000128,24,153,-129
114000130,0,0,0
114000131,0,0,0
114000132,110,159,-49
114000133,170,148,22
114000134,6,21,-15
114000138,17,30,-13
114000139,0,0,0
114000144,2,1,1
114000145,6,30,-24
114000146,7,46,-39
114000147,2,2,0
114000148,57,6,51
114000149,5,26,-21
114000150,149,112,37
114000151,24,4,20
114000152,5,6,-1
114000153,131,186,-55
114000154,43,102,-59
114000155,42,81,-39
114000156,12,32,-20
114000157,25,115,-90
114000158,235,86,149
114000159,21,45,-24
114000160,6,22,-16
114000161,60,30,30
114000162,8,18,-10
114000163,3,14,-11
114000165,0,0,0
114000166,48,27,21
114000167,260,255,5
114000168,128,153,-25
114000169,219,52,167
114000170,72,93,-21
114000171,65,62,3
114000174,43,94,-51
114000176,65,112,-47
114000177,240,188,52
114000178,0,0,0
114000179,23,1,22
114000180,74,131,-57
114000181,138,247,-109
114000182,470,728,-258
114000183,294,374,-80
114000184,331,701,-370
114000185,22,24,-2
114000189,0,0,0
114000190,0,0,0
114000191,0,0,0
114000192,70,297,-227
114000193,163,646,-483
114000194,242,286,-44
114000195,0,0,0
114000196,1,86,-85
114000197,0,36,-36
114000198,182,82,100
114000199,229,122,107
114000200,58,363,-305
114000201,9,256,-247
114000202,141,185,-44
114000203,108,249,-141
114000204,18,75,-57
114000205,13,444,-431
114000206,61,401,-340
114000207,142,597,-455
114000208,71,624,-553
114000209,141,770,-629
114000210,72,360,-288
114000211,48,161,-113
114000212,40,115,-75
114000213,213,36,177
114000214,5,21,-16
114000215,0,14,-14
114000216,74,1,73
114000217,3,88,-85
114000218,4,58,-54
114000219,45,59,-14
114000220,3,392,-389
114000221,32,25,7
114000222,16,274,-258
114000223,0,0,0
114000224,26,134,-108
114000225,53,127,-74
114000226,9,66,-57
114000227,48,83,-35
114000228,35,83,-48
114000229,77,252,-175
114000230,48,99,-51
114000231,121,275,-154
114000232,15,13,2
114000233,39,5,34
114000234,35,100,-65
114000235,126,348,-222
114000236,0,326,-326
114000237,24,256,-232
114000238,0,6,-6
114000239,3,296,-293
114000240,150,230,-80
114000241,47,292,-245
114000242,204,207,-3
114000243,92,97,-5
114000244,0,0,0
114000245,66,255,-189
114000246,68,14,54
114000247,54,50,4
114000248,49,65,-16
114000249,19,69,-50
114000250,36,111,-75
114000251,3,47,-44
114000252,15,8,7
114000253,0,0,0
114000254,1,11,-10
114000255,29,23,6
114000256,28,16,12
114000257,94,706,-612
114000258,17,67,-50
114000259,3,96,-93
114000260,0,43,-43
114000261,33,0,33
114000262,3,33,-30
114000263,0,0,0
114000264,11,40,-29
114000265,0,2,-2
114000267,5,449,-444
114000268,1,391,-390
114000270,0,0,0
114000271,28,16,12
114000283,40,55,-15
114000285,26,82,-56
114000288,4,91,-87
114000289,32,16,16
114000293,10,164,-154
114000294,5,6,-1
114000395,125,5,120
114000396,0,1,-1
114000402,8,31,-23
114000403,5,20,-15
114000405,8,158,-150
114000423,4,140,-136
114000424,16,30,-14
114000425,14,139,-125
114000426,0,0,0
114000427,8,52,-44
114000428,0,0,0
114000429,3,61,-58
114000432,0,0,0
114000434,7,22,-15
114000435,1,28,-27
114900001,0,0,0
114900002,0,0,0
114900003,0,0,0
114900004,0,0,0
114900005,0,0,0
114900006,0,0,0
114900007,0,0,0
114900008,0,0,0
114900010,103,27,76
114900011,0,0,0
114900013,0,0,0
114900018,0,0,0
114900020,0,0,0
114900022,0,28,-28
114900025,0,0,0
114900026,0,0,0
114900029,0,0,0
114900030,0,0,0
114900031,0,0,0
114900032,0,0,0
114900034,7,43,-36
114900035,5,9,-4
114900036,11,113,-102
114900039,23,124,-101
114900040,2,7,-5
114900041,19,111,-92
114900042,29,133,-104
114900044,0,0,0
114900047,7,93,-86
114900048,1,19,-18
114900049,4,37,-33
114900050,3,61,-58
114900051,1,58,-57
114900052,1,2,-1
114900053,1,12,-11
114900054,2,31,-29
114900057,0,0,0
114900058,0,34,-34
114900059,0,0,0
114900063,1,30,-29
114900064,19,89,-70
114900065,4,58,-54
114900067,0,38,-38
114900068,14,41,-27
114900069,5,1,4
114900070,0,0,0
114900072,1,25,-24
114900073,0,45,-45
114900074,0,0,0
114900075,0,0,0
114900076,0,52,-52
114900080,0,0,0
114900082,0,90,-90
114900083,0,63,-63
114900090,0,0,0
114900091,7,9,-2
114900097,0,0,0
114900098,0,0,0
114900099,0,0,0
115000001,1687,2062,-375
115000002,374,210,164
115000003,671,1331,-660
115000004,278,292,-14
115000005,339,1170,-831
115000006,86,133,-47
115000007,0,2,-2
115000008,24,50,-26
115000009,7,19,-12
115000010,0,0,0
115000013,10,33,-23
115000015,22,61,-39
115000016,161,60,101
115000019,2,39,-37
115000020,0,0,0
115000021,50,80,-30
115000022,116,157,-41
115000023,79,2,77
115000024,170,204,-34
115000025,27,9,18
115000026,33,111,-78
115000027,14,8,6
115000028,14,140,-126
115000029,34,3,31
115000030,39,320,-281
115000031,81,2,79
115000032,1,96,-95
115000033,0,0,0
115000034,9,320,-311
115000035,0,0,0
115000036,1,125,-124
115000037,0,0,0
115000038,0,0,0
115000039,135,117,18
115000040,439,292,147
115000041,63,166,-103
115000042,34,56,-22
115000043,151,524,-373
115000044,853,1084,-231
115000045,249,694,-445
115000046,37,219,-182
115000047,114,159,-45
115000048,345,977,-632
115000049,359,893,-534
115000050,231,170,61
115000051,365,152,213
115000052,576,565,11
115000053,181,125,56
115000054,173,271,-98
115000055,18,144,-126
115000056,0,12,-12
115000057,18,98,-80
115000058,0,20,-20
115000059,1,84,-83
115000061,0,0,0
115000062,9,92,-83
115000063,8,104,-96
115000064,0,0,0
115000065,0,34,-34
115000067,0,0,0
115000069,2,90,-88
115000070,5,91,-86
115000071,0,0,0
115000072,4,5,-1
115000073,139,2,137
115000075,0,5,-5
115000076,356,415,-59
115000077,133,470,-337
115000078,65,269,-204
115000079,80,383,-303
115000080,100,683,-583
115000081,64,87,-23
115000082,285,470,-185
115000083,187,544,-357
115000084,1,0,1
115000085,36,278,-242
115000086,0,0,0
115000087,82,352,-270
115000088,0,2,-2
115000089,586,507,79
115000090,36,43,-7
115000091,39,246,-207
115000092,16,90,-74
115000093,0,0,0
115000094,793,546,247
115000095,550,1120,-570
115000096,49,329,-280
115000097,23,220,-197
115000098,28,275,-247
115000099,52,463,-411
115000100,11,30,-19
115000101,73,497,-424
115000102,18,17,1
115000103,93,227,-134
115000105,0,0,0
115000106,6,23,-17
115000107,22,219,-197
115000108,996,1183,-187
115000109,246,90,156
115000110,291,120,171
115000111,99,326,-227
115000112,70,124,-54
115000113,69,138,-69
115000114,209,193,16
115000116,172,161,11
115000117,102,203,-101
115000118,94,272,-178
115000119,136,209,-73
115000120,106,201,-95
115000121,653,166,487
115000122,671,217,454
115000123,126,147,-21
115000124,68,127,-59
115000125,11,71,-60
115000126,0,34,-34
115000127,29,28,1
115000128,35,91,-56
115000129,4,29,-25
115000130,9,117,-108
115000131,10,64,-54
115000132,2,53,-51
115000133,5,57,-52
115000134,7,28,-21
115000135,3,27,-24
115000136,0,0,0
115000137,11,42,-31
115000138,1,0,1
115000139,24,107,-83
115000140,0,0,0
115000141,17,98,-81
115000142,15,82,-67
115000143,1,0,1
115000144,4,12,-8
115000145,47,115,-68
115000146,0,0,0
115000147,11,90,-79
115000148,80,184,-104
115000149,5,2,3
115000150,104,117,-13
115000151,13,4,9
115000152,48,227,-179
115000153,5,3,2
115000154,8,2,6
115000155,57,197,-140
115000156,6,0,6
115000157,69,136,-67
115000158,20,22,-2
115000159,3,0,3
115000160,0,0,0
115000161,28,66,-38
115000162,0,0,0
115000163,134,212,-78
115000164,122,144,-22
115000165,0,0,0
115000167,0,0,0
115000168,0,0,0
115000169,126,166,-40
115000170,40,76,-36
115000171,0,0,0
115000172,102,83,19
115000173,0,0,0
115000174,0,0,0
115000175,43,31,12
115000176,0,0,0
115000177,1,12,-11
115000178,12,56,-44
115000179,0,0,0
115000180,6,135,-129
115000181,0,0,0
115000182,0,0,0
115000183,27,185,-158
115000186,41,46,-5
115000187,12,179,-167
115000188,152,47,105
115000189,43,159,-116
115000190,104,28,76
115000191,15,77,-62
115000194,13,26,-13
115000195,0,0,0
115000196,0,0,0
115000197,5,56,-51
115000198,0,0,0
115000199,1,38,-37
115000200,0,0,0
115000201,33,89,-56
115000206,0,0,0
115000207,1,108,-107
115000208,45,183,-138
115000209,52,25,27
115000210,6,25,-19
115000211,59,54,5
115000212,155,95,60
115000224,0,0,0
115000225,0,0,0
115000229,0,0,0
115000230,0,0,0
115000231,12,439,-427
115000232,18,54,-36
115000233,12,107,-95
115000234,0,0,0
115000241,0,0,0
115000242,0,0,0
115000243,0,0,0
115000244,0,0,0
115000246,0,0,0
115000247,0,0,0
115000248,0,0,0
115000249,0,0,0
115000250,2,2,0
115000251,0,0,0
115000252,0,0,0
115000253,0,0,0
115000258,0,0,0
115000259,0,0,0
115000261,0,0,0
115000262,0,0,0
115000263,0,0,0
115000264,0,0,0
115000267,0,0,0
115000268,0,2,-2
115000269,0,0,0
115000270,0,0,0
115000272,0,0,0
115000273,0,0,0
115000280,0,0,0
115000281,167,51,116
115000282,51,11,40
115000284,149,77,72
115000296,0,0,0
115000297,0,0,0
115000298,20,11,9
115000300,0,43,-43
115000302,0,0,0
115000303,0,0,0
115000304,0,0,0
115000305,12,160,-148
115000306,5,76,-71
115000307,2,45,-43
115000308,0,0,0
115000309,0,0,0
115000310,90,288,-198
115000311,0,3,-3
115000313,27,89,-62
115000314,0,0,0
115000315,239,149,90
115000316,0,0,0
115000317,1,104,-103
115000318,59,44,15
115000319,5,77,-72
115000320,1,25,-24
115000321,70,0,70
115000322,7,60,-53
115000449,0,0,0
115000557,0,8,-8
115000558,0,0,0
115000587,4,3,1
115000588,782,1602,-820
115000589,692,431,261
115000590,126,453,-327
115000591,65,145,-80
115000592,126,608,-482
115000593,123,64,59
115000594,289,728,-439
115000609,2,1,1
115000617,277,37,240
115000624,0,0,0
115000633,16,566,-550
115000634,501,120,381
115000635,28,5,23
115000638,0,0,0
115000641,0,0,0
115000642,15,45,-30
115000643,8,108,-100
115000644,12,88,-76
115000646,127,164,-37
115000647,16,102,-86
115000648,44,372,-328
115000893,356,153,203
115000894,27,555,-528
115000895,59,568,-509
115000896,164,21,143
115000897,87,4,83
115000898,86,13,73
115000899,154,107,47
115000900,14,30,-16
115000901,38,20,18
115000912,23,7,16
115000913,0,0,0
115000915,0,0,0
115000916,0,0,0
115000917,0,0,0
115000918,0,0,0
115000919,0,0,0
115000920,0,2,-2
115000921,72,4,68
115000922,94,62,32
115000923,104,340,-236
115000925,5,11,-6
115000927,0,0,0
115000933,43,31,12
115000934,0,0,0
115000935,0,0,0
115000936,0,0,0
115000937,246,15,231
115000938,41,8,33
115000939,43,21,22
115000940,0,0,0
115000941,0,0,0
115000942,0,0,0
115000943,14,1,13
115000944,0,3,-3
115900001,0,0,0
115900002,0,0,0
115900003,0,0,0
115900004,0,0,0
115900005,0,0,0
115900006,0,0,0
115900008,0,0,0
115900009,0,0,0
115900010,0,0,0
115900011,2,7,-5
115900012,0,0,0
115900013,0,0,0
115900014,7,9,-2
115900015,0,0,0
115900016,0,0,0
115900017,0,0,0
115900018,19,3,16
115900019,0,0,0
115900020,0,0,0
115900021,81,1,80
115900022,0,1,-1
115900023,0,0,0
115900025,0,0,0
115900026,0,0,0
115900027,0,13,-13
115900028,29,3,26
115900029,0,45,-45
115900030,0,0,0
115900031,0,0,0
115900032,0,0,0
115900033,0,2,-2
115900034,2,46,-44
115900035,0,0,0
115900036,2,2,0
115900037,0,31,-31
115900038,0,0,0
115900039,0,0,0
115900041,1,0,1
115900042,0,0,0
115900043,0,0,0
115900044,0,0,0
115900046,8,17,-9
115900047,0,0,0
115900049,0,0,0
115900051,0,12,-12
115900052,0,15,-15
115900053,0,0,0
115900054,0,16,-16
115900055,2,15,-13
115900056,0,0,0
115900057,0,0,0
115900058,4,5,-1
115900060,0,0,0
115900061,0,0,0
115900062,0,32,-32
115900063,2,0,2
115900064,0,0,0
115900065,0,0,0
115900066,8,9,-1
115900067,1,103,-102
115900068,257,2,255
115900069,0,0,0
115900070,0,0,0
115900071,0,30,-30
115900072,5,10,-5
115900073,0,0,0
115900074,0,52,-52
115900075,0,0,0
115900076,0,0,0
115900077,0,56,-56
115900078,0,0,0
115900079,0,0,0
115900080,3,7,-4
115900081,1,8,-7
115900082,0,0,0
115900084,0,0,0
115900085,0,3,-3
115900086,0,0,0
115900088,0,1,-1
115900089,2,47,-45
115900090,0,0,0
115900091,0,1,-1
115900092,0,14,-14
115900093,0,0,0
115900094,0,18,-18
115900096,0,8,-8
115900097,1,28,-27
115900098,0,31,-31
115900099,0,0,0
115900100,0,0,0
115900101,4,12,-8
115900102,0,0,0
115900103,14,14,0
115900104,0,0,0
115900105,0,0,0
115900106,0,0,0
115900107,0,0,0
115900108,0,0,0
115900109,0,0,0
115900110,0,0,0
115900111,0,18,-18
115900112,0,0,0
115900113,0,0,0
115900114,0,16,-16
115900115,0,6,-6
115900116,0,0,0
115900117,0,0,0
115900118,0,48,-48
115900119,1,4,-3
115900120,0,0,0
115900121,0,0,0
115900124,0,0,0
115900125,0,0,0
115900126,0,0,0
115900127,0,0,0
115900128,0,2,-2
115900129,0,0,0
115900130,0,1,-1
115900131,0,0,0
115900132,0,0,0
115900134,0,0,0
115900135,0,0,0
115900137,0,0,0
115900139,1,0,1
115900140,1,1,0
115900141,0,0,0
115900142,0,0,0
115900143,0,11,-11
115900144,1,15,-14
115900146,0,0,0
115900147,0,0,0
115900148,0,0,0
115900149,0,3,-3
115900150,0,0,0
115900151,0,0,0
115900152,0,0,0
115900153,0,0,0
115900154,0,0,0
115900155,0,0,0
115900156,0,0,0
115900157,0,0,0
115900158,0,0,0
115900159,0,0,0
115900160,0,0,0
115900161,0,0,0
115900163,0,0,0
115900164,0,0,0
115900166,0,0,0
115900168,0,1,-1
115900171,0,0,0
115900172,0,0,0
115900173,0,0,0
115900174,0,0,0
115900175,4,3,1
115900178,0,108,-108
115900179,0,0,0
115900180,0,0,0
115900181,1,13,-12
115900182,18,13,5
115900183,2,2,0
115900184,0,0,0
115900187,0,1,-1
115900189,0,0,0
115900190,0,0,0
115900191,0,0,0
115900192,0,0,0
115900193,0,0,0
115900194,0,0,0
115900195,0,0,0
115900198,0,0,0
115900199,0,0,0
115900200,0,0,0
115900201,0,0,0
115900202,0,0,0
115900203,0,0,0
115900204,0,0,0
115900205,0,0,0
115900206,0,6,-6
115900207,0,0,0
115900208,0,0,0
115900209,0,0,0
115900210,0,0,0
115900211,0,0,0
115900212,0,2,-2
115900213,0,0,0
115900214,0,25,-25
115900215,0,0,0
115900216,0,24,-24
115900217,0,12,-12
115900218,0,8,-8
115900219,0,0,0
115900220,0,0,0
115900221,0,0,0
115900222,0,0,0
115900223,0,0,0
115900224,0,0,0
115900225,0,0,0
115900226,0,0,0
115900227,0,0,0
115900228,0,0,0
115900229,0,0,0
115900230,0,0,0
115900231,0,0,0
115900232,0,0,0
115900233,0,0,0
115900234,0,0,0
115900235,0,0,0
115900236,0,1,-1
115900237,0,12,-12
115900238,0,7,-7
115900239,0,7,-7
115900240,0,7,-7
115900241,0,0,0
115900242,0,0,0
115900243,0,0,0
115900244,0,0,0
115900245,0,0,0
115900246,0,0,0
115900247,0,0,0
115900248,0,0,0
115900249,0,0,0
115900250,0,0,0
115900251,0,0,0
115900252,0,0,0
115900253,0,0,0
115900254,0,0,0
115900255,0,0,0
115900256,0,0,0
115900257,0,0,0
115900258,0,0,0
115900259,0,0,0
115900260,0,0,0
115900261,0,0,0
115900262,0,0,0
115900263,0,0,0
115900264,0,0,0
115900265,0,0,0
115900266,0,0,0
115900267,0,0,0
115900268,0,0,0
115900269,1,10,-9
115900270,0,0,0
115900271,0,0,0
115900272,0,0,0
115900273,0,0,0
115900274,0,0,0
115900275,0,0,0
115900276,0,0,0
115900277,0,0,0
115900278,0,14,-14
115900279,2,19,-17
115900280,1,12,-11
115900281,0,11,-11
115900282,0,0,0
115900283,0,0,0
115900284,0,0,0
116000001,3784,875,2909
116000002,940,169,771
116000003,333,454,-121
116000004,552,63,489
116000005,255,581,-326
116000006,228,127,101
116000007,646,817,-171
116000008,375,339,36
116000009,181,386,-205
116000010,117,60,57
116000011,85,119,-34
116000012,86,109,-23
116000013,2487,976,1511
116000014,549,74,475
116000015,27,180,-153
116000016,229,60,169
116000017,10,91,-81
116000018,52,16,36
116000019,33,78,-45
116000020,18,29,-11
116000021,20,94,-74
116000022,16,14,2
116000023,13,38,-25
116000024,56,80,-24
116000025,26,44,-18
116000026,94,429,-335
116000027,13,91,-78
116000028,0,0,0
116000029,128,121,7
116000030,0,0,0
116000031,60,52,8
116000032,13,67,-54
116000033,0,117,-117
116000034,6,168,-162
116000035,22,185,-163
116000036,52,37,15
116000037,0,0,0
116000038,0,0,0
116000039,54,30,24
116000040,0,0,0
116000041,9,63,-54
116000042,0,0,0
116000043,20,89,-69
116000044,7,23,-16
116000045,0,0,0
116000046,255,324,-69
116000047,279,378,-99
116000048,45,49,-4
116000049,45,101,-56
116000050,201,305,-104
116000051,50,63,-13
116000052,276,561,-285
116000053,0,0,0
116000054,80,370,-290
116000055,48,170,-122
116000056,0,0,0
116000057,659,351,308
116000058,527,207,320
116000059,219,98,121
116000060,972,151,821
116000061,73,49,24
116000062,76,130,-54
116000063,31,97,-66
116000066,0,0,0
116000067,98,111,-13
116000068,0,0,0
116000069,58,79,-21
116000078,0,0,0
116000080,204,234,-30
116000082,2,37,-35
116000083,72,48,24
116000084,52,318,-266
116000085,209,51,158
116000086,110,123,-13
116000087,172,68,104
116000088,123,111,12
116000089,11,4,7
116000090,0,0,0
116000091,14,53,-39
116000093,47,27,20
116000094,7,135,-128
116000095,61,33,28
116000096,29,117,-88
116000097,56,62,-6
116000098,8,211,-203
116000099,718,19,699
116000100,2,0,2
116000101,7,46,-39
116000102,12,129,-117
116000103,6,24,-18
116000104,7,180,-173
116000105,12,24,-12
116000106,10,146,-136
116000107,15,84,-69
116000108,0,37,-37
116000111,0,0,0
116000113,0,0,0
116000114,10,12,-2
116000115,0,0,0
116000116,5,8,-3
116000117,4,7,-3
116000118,88,341,-253
116000119,0,1,-1
116000120,268,820,-552
116000121,0,1,-1
116000122,262,746,-484
116000123,0,0,0
116000124,53,439,-386
116000125,11,13,-2
116000126,48,533,-485
116000127,161,433,-272
116000128,11,15,-4
116000129,5,2,3
116000130,2,6,-4
116000133,102,270,-168
116000134,92,581,-489
116000135,67,147,-80
116000136,122,498,-376
116000137,21,78,-57
116000138,170,42,128
116000139,177,485,-308
116000140,17,65,-48
116000141,21,121,-100
116000142,643,1114,-471
116000143,397,46,351
116000144,209,738,-529
116000145,215,158,57
116000146,11,29,-18
116000147,59,8,51
116000148,7,22,-15
116000149,1,65,-64
116000151,69,307,-238
116000153,0,0,0
116000155,0,0,0
116000156,17,110,-93
116000157,0,0,0
116000158,14,145,-131
116000159,0,0,0
116000160,0,12,-12
116000161,4,6,-2
116000162,36,5,31
116000163,5,2,3
116000164,0,1,-1
116000177,2,25,-23
116000194,0,83,-83
116000195,68,59,9
116000196,1,0,1
116000197,0,1,-1
116000198,104,86,18
116000200,0,0,0
116000201,58,104,-46
116000202,0,2,-2
116000203,1,15,-14
116000204,1,3,-2
116000205,1,15,-14
116000206,0,16,-16
116000207,0,3,-3
116000233,2,20,-18
116000287,6,131,-125
116000288,0,0,0
116000292,0,20,-20
116000296,0,0,0
116000297,7,16,-9
116000304,0,0,0
116000305,0,0,0
116000346,3,29,-26
116000352,1,6,-5
116000354,0,4,-4
116000357,0,0,0
116000358,0,0,0
116000361,0,0,0
116000372,356,286,70
116000381,0,0,0
116000388,2,16,-14
116000389,28,27,1
116000445,15,224,-209
116000446,0,0,0
116000447,4,222,-218
116000448,0,1,-1
116000563,0,0,0
116000565,23,38,-15
116000568,6,4,2
116000579,0,19,-19
116000583,0,0,0
116000584,0,0,0
116000585,0,1,-1
116000586,15,12,3
116000587,0,71,-71
116000589,63,11,52
116000590,0,0,0
116000591,0,1,-1
116000592,0,0,0
116000593,0,0,0
116000594,4,86,-82
116000595,0,18,-18
116000596,0,0,0
116000597,0,0,0
116000598,1,31,-30
116000605,0,7,-7
116000606,0,1,-1
116000607,1,2,-1
116000609,1,4,-3
116000611,1,129,-128
116000612,119,136,-17
116000613,1,0,1
116000614,60,252,-192
116000615,0,75,-75
116000616,0,20,-20
116000617,2,13,-11
116000618,1,23,-22
116000619,0,2,-2
116000620,0,0,0
116000621,0,0,0
116000622,0,0,0
116000624,2,0,2
116000627,1,0,1
116000628,0,0,0
116000629,0,0,0
116000630,0,0,0
116000631,0,0,0
116000632,0,0,0
116000633,0,1,-1
116000634,39,144,-105
116000635,148,178,-30
116000636,384,184,200
116000637,20,69,-49
116000638,0,0,0
116000639,0,0,0
116000640,0,0,0
116000641,26,100,-74
116000643,0,63,-63
116000644,11,463,-452
116000645,0,0,0
116900001,0,0,0
116900002,0,0,0
116900003,1,1,0
116900004,0,0,0
116900005,0,8,-8
116900006,0,0,0
116900007,0,0,0
116900008,0,93,-93
116900009,0,0,0
116900010,0,106,-106
116900011,3,4,-1
116900012,0,0,0
116900013,0,18,-18
116900014,0,2,-2
116900016,0,0,0
116900017,0,37,-37
116900018,0,0,0
116900019,0,29,-29
116900020,15,3,12
116900023,0,0,0
116900025,0,43,-43
116900026,1,20,-19
116900027,0,0,0
116900028,1,8,-7
116900029,0,1,-1
116900031,0,0,0
116900032,0,9,-9
116900033,0,0,0
116900034,1,11,-10
116900035,1,16,-15
116900036,0,2,-2
116900038,0,0,0
116900041,0,0,0
116900042,91,9,82
116900043,0,3,-3
116900047,0,0,0
116900049,1,13,-12
116900050,1,5,-4
116900051,0,0,0
116900052,0,0,0
116900055,0,0,0
116900057,2,20,-18
116900058,0,12,-12
116900059,0,0,0
116900060,5,19,-14
116900062,0,0,0
116900064,0,96,-96
116900065,1,1,0
116900067,0,0,0
116900068,19,32,-13
116900070,0,0,0
116900072,0,35,-35
116900073,0,1,-1
116900074,0,0,0
116900076,0,0,0
116900077,0,7,-7
116900078,10,7,3
116900079,1,4,-3
116900080,0,0,0
116900081,5,38,-33
116900082,4,51,-47
116900083,0,0,0
116900084,4,3,1
116900085,0,8,-8
116900086,0,12,-12
116900088,0,0,0
116900090,0,0,0
116900091,0,5,-5
116900092,3,40,-37
116900093,1,0,1
116900094,159,11,148
116900095,0,21,-21
116900096,0,6,-6
116900097,8,0,8
116900098,60,1,59
116900099,26,5,21
116900100,0,0,0
116900101,6,36,-30
116900103,0,0,0
116900104,0,0,0
116900105,0,0,0
116900106,0,12,-12
116900107,15,2,13
116900110,0,0,0
116900111,0,0,0
116900112,0,2,-2
116900113,5,0,5
116900116,0,0,0
116900117,1,7,-6
116900118,5,249,-244
116900120,0,0,0
116900121,0,0,0
116900122,5,125,-120
116900123,2,124,-122
116900124,3,34,-31
116900125,0,4,-4
116900126,4,38,-34
116900128,1,4,-3
116900129,0,44,-44
116900130,108,150,-42
116900131,2,26,-24
116900132,0,13,-13
116900133,4,19,-15
116900134,2,30,-28
116900136,0,9,-9
116900137,3,20,-17
116900138,11,12,-1
116900139,7,39,-32
116900140,2,9,-7
116900141,10,8,2
116900142,0,2,-2
116900143,2,20,-18
116900144,0,0,0
116900145,2,17,-15
116900147,8,18,-10
116900148,0,1,-1
116900149,0,0,0
116900150,0,1,-1
116900151,0,0,0
116900153,0,0,0
116900154,0,3,-3
116900155,2,5,-3
116900157,0,0,0
116900158,0,4,-4
116900159,4,70,-66
116900160,0,0,0
116900161,784,99,685
116900162,0,0,0
116900163,0,0,0
116900164,0,1,-1
116900165,0,0,0
116900166,0,0,0
116900167,0,0,0
116900168,3,10,-7
116900169,0,0,0
116900170,0,0,0
116900171,0,0,0
116900172,0,0,0
116900173,1,1,0
116900174,0,9,-9
116900175,0,0,0
116900178,0,0,0
116900179,0,0,0
116900180,0,1,-1
116900182,0,0,0
116900183,0,0,0
116900185,0,0,0
116900186,0,0,0
116900187,0,0,0
116900188,3,0,3
116900189,0,0,0
116900191,0,0,0
116900192,0,0,0
116900194,0,0,0
116900195,0,0,0
116900196,0,0,0
116900197,0,0,0
116900198,16,6,10
116900200,0,1,-1
116900201,0,0,0
116900202,0,0,0
116900203,0,0,0
116900204,3,3,0
116900206,0,0,0
116900207,0,3,-3
116900208,0,0,0
116900209,0,0,0
116900210,0,2,-2
116900211,0,0,0
116900212,0,3,-3
116900213,0,0,0
116900214,0,12,-12
116900215,0,0,0
116900216,4,8,-4
116900218,1,38,-37
116900219,48,25,23
116900220,0,0,0
116900221,7,15,-8
116900222,0,0,0
116900223,0,0,0
116900226,0,5,-5
116900227,0,5,-5
116900228,5,28,-23
116900230,0,44,-44
116900233,0,0,0
116900234,0,0,0
116900235,12,94,-82
116900238,31,11,20
116900239,0,6,-6
116900240,77,17,60
116900241,0,0,0
116900242,36,3,33
116900243,0,0,0
116900245,0,0,0
116900246,1,1,0
116900247,0,0,0
116900248,0,4,-4
116900249,0,0,0
116900250,2,6,-4
116900251,0,0,0
116900252,0,3,-3
116900254,0,0,0
116900255,2,3,-1
116900256,8,2,6
116900257,0,85,-85
116900258,0,57,-57
116900259,0,0,0
116900260,0,24,-24
116900261,0,0,0
116900262,0,11,-11
116900263,0,0,0
116900264,0,0,0
116900265,0,0,0
116900266,0,2,-2
116900267,0,0,0
116900268,0,0,0
116900269,0,13,-13
116900271,0,0,0
116900272,24,34,-10
116900273,3,4,-1
116900274,0,0,0
116900275,0,0,0
116900276,0,0,0
116900277,0,0,0
116900278,0,0,0
116900279,0,0,0
116900280,0,0,0
116900281,40,9,31
116900282,0,3,-3
116900283,0,3,-3
116900284,0,9,-9
116900285,0,0,0
116900286,0,0,0
116900287,0,0,0
116900288,0,0,0
116900289,0,0,0
116900290,0,0,0
116900291,0,0,0
116900292,0,0,0
116900293,0,2,-2
116900294,1,16,-15
116900295,0,0,0
116900296,0,0,0
116900297,0,0,0
116900298,0,0,0
116900299,0,0,0
116900300,0,0,0
116900301,0,0,0
116900302,0,9,-9
116900303,0,0,0
116900304,0,12,-12
116900305,0,0,0
116900306,0,0,0
116900307,1,0,1
116900308,0,0,0
116900309,0,0,0
116900310,0,0,0
117000001,100,109,-9
117000002,304,699,-395
117000003,276,84,192
117000004,788,811,-23
117000005,79,42,37
117000006,144,917,-773
117000007,92,12,80
117000008,176,926,-750
117000009,8,2,6
117000010,507,972,-465
117000011,0,0,0
117000012,169,520,-351
117000013,0,2,-2
117000014,119,540,-421
117000015,3,0,3
117000016,3,19,-16
117000017,24,20,4
117000018,6,74,-68
117000019,0,1,-1
117000020,51,168,-117
117000021,329,63,266
117000022,11,4,7
117000023,21,43,-22
117000024,18,53,-35
117000025,114,132,-18
117000026,46,6,40
117000027,282,542,-260
117000028,0,0,0
117000030,23,50,-27
117000031,0,0,0
117000032,226,275,-49
117000033,136,131,5
117000034,16,31,-15
117000035,0,0,0
117000036,32,29,3
117000037,0,0,0
117000038,5,59,-54
117000039,2,13,-11
117000040,10,231,-221
117000041,0,0,0
117000044,1,165,-164
117000045,0,0,0
117000046,31,158,-127
117000047,0,2,-2
117000048,284,197,87
117000049,20,24,-4
117000050,3,474,-471
117000051,93,22,71
117000052,0,16,-16
117000053,3,10,-7
117000054,28,0,28
117000055,29,686,-657
117000056,9,1,8
117000057,68,383,-315
117000060,28,110,-82
117000061,0,16,-16
117000062,16,34,-18
117000063,0,0,0
117000064,85,136,-51
117000066,87,66,21
117000067,1,23,-22
117000074,0,0,0
117000076,0,0,0
117000077,18,20,-2
117000078,2,70,-68
117000079,0,15,-15
117000080,1,115,-114
117000081,11,1,10
117000082,7,18,-11
117000083,0,0,0
117000084,0,0,0
117000085,13,88,-75
117000086,13,118,-105
117000087,25,147,-122
117000088,0,0,0
117000089,23,31,-8
117000090,39,435,-396
117000091,10,13,-3
117000092,61,444,-383
117000093,12,9,3
117000094,93,654,-561
117000095,13,18,-5
117000096,101,795,-694
117000097,8,42,-34
117000098,374,1131,-757
117000099,13,14,-1
117000100,1,29,-28
117000101,25,127,-102
117000102,0,0,0
117000103,277,444,-167
117000104,2,0,2
117000105,108,450,-342
117000106,0,0,0
117000107,108,508,-400
117000108,0,0,0
117000109,477,844,-367
117000110,0,3,-3
117000111,456,431,25
117000112,114,144,-30
117000113,1,31,-30
117000114,0,0,0
117000115,4,13,-9
117000116,0,17,-17
117000117,27,18,9
117000118,7,21,-14
117000119,1,1,0
117000120,1,0,1
117000121,0,6,-6
117000122,0,0,0
117000123,1,0,1
117000124,0,0,0
117000125,3,4,-1
117000126,0,0,0
117000127,6,7,-1
117000128,5,12,-7
117000129,0,1,-1
117000130,0,1,-1
117000131,0,44,-44
117000132,74,50,24
117000133,0,43,-43
117000134,0,22,-22
117000135,1,16,-15
117000136,0,8,-8
117000137,0,0,0
117000138,0,121,-121
117000140,102,313,-211
117000141,0,0,0
117000181,60,14,46
117000182,0,0,0
117000195,8,138,-130
117000196,0,0,0
117000225,0,0,0
117000226,3,4,-1
117000276,0,0,0
117000277,2,52,-50
117000310,268,404,-136
117000315,0,0,0
117000320,0,0,0
117000906,0,0,0
117000907,2,76,-74
117000909,3,5,-2
117000910,37,18,19
117000911,11,22,-11
117000915,3,70,-67
117000916,0,0,0
117000917,0,0,0
117000918,0,0,0
117000919,0,4,-4
117000920,1,457,-456
117000921,3,211,-208
117000922,0,0,0
117000924,10,17,-7
117000926,178,10,168
117000927,7,21,-14
117000928,0,55,-55
117000929,2,34,-32
117000930,9,1,8
117000931,11,4,7
117900002,10,21,-11
117900003,21,21,0
117900005,0,4,-4
117900006,0,11,-11
117900007,0,20,-20
117900008,0,7,-7
117900010,0,17,-17
117900011,0,0,0
117900012,2,22,-20
117900013,0,17,-17
117900014,1,27,-26
117900015,0,35,-35
117900016,52,17,35
117900017,3,53,-50
117900018,10,2,8
117900019,1,34,-33
117900020,0,21,-21
117900021,0,11,-11
117900023,6,0,6
117900024,7,17,-10
117900025,0,0,0
117900026,1,23,-22
117900028,0,0,0
117900029,0,63,-63
117900030,3,8,-5
117900031,0,0,0
117900032,6,6,0
117900033,2,81,-79
117900034,0,0,0
117900035,9,2,7
117900036,1,60,-59
117900037,0,0,0
117900038,1,46,-45
117900039,0,9,-9
117900040,5,54,-49
117900041,0,11,-11
117900042,68,5,63
117900043,1,12,-11
117900044,0,15,-15
117900045,0,0,0
117900048,20,34,-14
117900049,2,42,-40
117900050,0,0,0
117900051,0,0,0
117900052,0,0,0
117900053,29,60,-31
117900054,0,0,0
117900055,0,0,0
117900056,0,0,0
117900057,24,150,-126
117900058,0,0,0
117900059,0,0,0
117900060,7,402,-395
117900061,0,0,0
117900063,1,13,-12
117900065,53,38,15
117900066,0,1,-1
117900067,2,21,-19
117900069,5,30,-25
117900070,0,0,0
117900071,0,0,0
117900073,1,11,-10
117900074,0,0,0
117900075,0,0,0
117900076,0,7,-7
117900077,0,0,0
117900078,7,39,-32
117900080,0,0,0
117900081,32,31,1
117900082,11,17,-6
117900083,2,48,-46
117900086,0,0,0
117900087,0,0,0
117900088,111,63,48
117900089,20,6,14
117900090,2,38,-36
117900091,6,8,-2
117900092,0,0,0
117900093,0,0,0
117900094,0,0,0
117900095,5,47,-42
117900096,0,0,0
117900097,0,0,0
117900098,0,0,0
117900099,4,45,-41
117900100,0,0,0
117900101,22,25,-3
117900102,0,0,0
117900103,0,0,0
117900104,0,7,-7
117900105,5,10,-5
117900106,0,0,0
117900107,0,0,0
117900109,18,20,-2
117900110,0,0,0
117900111,0,0,0
117900112,0,0,0
117900113,0,1,-1
117900114,0,0,0
117900115,6,0,6
117900116,19,35,-16
117900117,9,26,-17
117900118,0,0,0
117900119,0,61,-61
117900120,0,6,-6
117900121,0,3,-3
117900122,17,22,-5
117900123,18,69,-51
117900124,13,29,-16
117900125,149,78,71
117900126,13,45,-32
117900127,2,31,-29
117900128,1,36,-35
117900129,0,0,0
117900130,0,35,-35
117900131,0,9,-9
117900132,0,11,-11
117900133,1,18,-17
117900134,1,30,-29
117900135,0,43,-43
117900136,0,5,-5
117900137,2,33,-31
117900138,0,5,-5
117900139,1,11,-10
117900140,2,0,2
117900141,8,15,-7
117900142,0,0,0
117900144,0,0,0
117900145,0,0,0
117900146,0,0,0
117900147,0,0,0
117900148,131,82,49
117900149,0,11,-11
117900150,1,7,-6
117900151,2,13,-11
117900152,0,7,-7
117900153,2,11,-9
117900154,1,38,-37
117900156,16,22,-6
117900157,1,3,-2
117900158,0,0,0
117900160,32,26,6
117900161,156,95,61
117900162,0,27,-27
117900163,0,0,0
117900165,0,0,0
117900166,1,10,-9
117900168,0,0,0
117900169,0,0,0
117900170,0,0,0
117900171,0,0,0
117900172,0,0,0
117900173,0,0,0
117900174,0,0,0
117900175,0,0,0
117900176,0,0,0
117900177,0,0,0
117900178,0,0,0
117900180,0,0,0
117900181,0,0,0
117900182,0,0,0
117900183,0,0,0
117900184,0,0,0
117900185,0,0,0
117900186,0,0,0
117900187,0,0,0
117900188,0,0,0
117900189,0,0,0
117900190,0,0,0
117900191,0,0,0
117900192,0,0,0
117900193,0,0,0
117900194,0,0,0
117900195,0,0,0
117900196,0,0,0
117900207,0,0,0
117900208,0,2,-2
117900209,0,3,-3
117900210,0,0,0
117900211,0,0,0
117900212,10,9,1
117900213,0,0,0
117900214,0,0,0
117900215,0,0,0
117900216,0,0,0
117900217,2,24,-22
117900218,0,0,0
117900219,0,5,-5
117900220,0,0,0
117900222,11,17,-6
117900223,0,8,-8
118000001,82,78,4
118000002,243,337,-94
118000003,204,195,9
118000004,307,314,-7
118000005,834,519,315
118000006,1401,1207,194
118000007,555,329,226
118000008,499,582,-83
118000009,214,480,-266
118000010,252,538,-286
118000011,71,325,-254
118000012,107,294,-187
118000013,405,279,126
118000014,149,471,-322
118000016,32,73,-41
118000017,1,1,0
118000018,20,74,-54
118000019,612,146,466
118000020,272,420,-148
118000021,210,423,-213
118000022,184,42,142
118000023,109,167,-58
118000024,104,161,-57
118000027,2835,613,2222
118000029,123,20,103
118000032,45,46,-1
118000033,122,158,-36
118000034,659,333,326
118000035,47,394,-347
118000036,51,152,-101
118000037,115,181,-66
118000038,0,1,-1
118000039,9,23,-14
118000040,52,363,-311
118000041,185,294,-109
118000045,8,2,6
118000046,82,50,32
118000047,78,47,31
118000048,235,158,77
118000051,25,7,18
118000052,6,7,-1
118000053,11,6,5
118000054,155,48,107
118000055,89,12,77
118000056,21,5,16
118000057,11,5,6
118000058,49,19,30
118000059,15,20,-5
118000060,7,18,-11
118000061,10,34,-24
118000062,13,15,-2
118000063,17,17,0
118000064,28,15,13
118000065,201,30,171
118000066,13,14,-1
118000067,292,148,144
118000068,99,226,-127
118000069,210,61,149
118000070,703,69,634
118000071,366,351,15
118000072,241,127,114
118000073,77,21,56
118000074,2,11,-9
118000075,36,60,-24
118000076,211,201,10
118000077,407,256,151
118000078,119,77,42
118000079,42,162,-120
118000080,309,219,90
118000081,117,89,28
118000082,14,8,6
118000083,48,26,22
118000084,307,75,232
118000086,23,32,-9
118000087,2133,499,1634
118000088,110,156,-46
118000089,430,672,-242
118000090,802,291,511
118000091,247,663,-416
118000092,130,29,101
118000093,30,17,13
118000096,7,29,-22
118000097,29,32,-3
118000098,1,0,1
118000099,23,114,-91
118000101,60,82,-22
118000102,16,140,-124
118000107,189,92,97
118000108,2,18,-16
118000110,1,2,-1
118000111,0,172,-172
118000112,0,0,0
118000113,1,191,-190
118000114,0,0,0
118000115,0,0,0
118000116,0,0,0
118000117,185,205,-20
118000118,16,28,-12
118000119,11,48,-37
118000120,307,466,-159
118000121,1,69,-68
118000122,133,5,128
118000123,6,64,-58
118000125,144,242,-98
118000126,9,23,-14
118000127,14,18,-4
118000128,127,269,-142
118000129,62,43,19
118000130,626,870,-244
118000131,96,287,-191
118000132,54,28,26
118000133,34,59,-25
118000135,0,0,0
118000136,14,49,-35
118000137,98,11,87
118000138,5,57,-52
118000139,10,9,1
118000140,476,275,201
118000141,89,131,-42
118000142,139,371,-232
118000143,14,42,-28
118000144,33,27,6
118000145,279,464,-185
118000146,188,253,-65
118000147,139,384,-245
118000148,24,212,-188
118000149,31,99,-68
118000150,6,17,-11
118000151,1,20,-19
118000153,5,62,-57
118000154,16,59,-43
118000155,19,55,-36
118000156,381,255,126
118000157,28,21,7
118000158,10,49,-39
118000159,0,0,0
118000160,0,0,0
118000161,55,145,-90
118000162,12,32,-20
118000163,16,30,-14
118000164,98,43,55
118000168,3,26,-23
118000169,256,490,-234
118000170,281,498,-217
118000171,0,0,0
118000172,0,0,0
118000173,113,170,-57
118000175,32,25,7
118000176,4,30,-26
118000177,2,32,-30
118000178,1,2,-1
118000179,0,0,0
118000180,0,0,0
118000181,180,85,95
118000182,60,58,2
118000183,41,79,-38
118000184,0,0,0
118000185,343,156,187
118000186,135,248,-113
118000187,70,161,-91
118000188,6,32,-26
118000189,5,65,-60
118000190,0,3,-3
118000191,0,0,0
118000192,7,34,-27
118000193,6,40,-34
118000194,352,35,317
118000195,5,2,3
118000196,0,0,0
118000197,44,17,27
118000198,9,2,7
118000199,81,80,1
118000200,0,0,0
118000201,27,6,21
118000202,0,0,0
118000203,64,16,48
118000204,90,43,47
118000205,132,24,108
118000206,2,2,0
118000207,0,4,-4
118000208,63,102,-39
118000209,137,313,-176
118000210,0,0,0
118000211,0,0,0
118000213,1,4,-3
118000214,155,31,124
118000215,47,101,-54
118000216,0,0,0
118000217,4,4,0
118000218,0,4,-4
118000219,1,11,-10
118000220,0,0,0
118000221,2,19,-17
118000222,74,1,73
118000223,0,0,0
118000224,3,1,2
118000225,1,135,-134
118000226,0,0,0
118000227,116,51,65
118000228,66,36,30
118000229,0,0,0
118000230,8,23,-15
118000231,1,13,-12
118000232,54,157,-103
118000233,23,25,-2
118000234,8,8,0
118000236,6,38,-32
118000237,0,0,0
118000238,0,17,-17
118000239,0,0,0
118000240,29,6,23
118000241,5,9,-4
118000242,6,125,-119
118000243,4,15,-11
118000244,0,13,-13
118000246,0,3,-3
118000255,0,12,-12
118000256,0,9,-9
118000259,0,1,-1
118000260,0,0,0
118000261,0,4,-4
118000263,0,10,-10
118000266,15,30,-15
118000267,0,22,-22
118000268,0,0,0
118000270,0,0,0
118000271,2,17,-15
118000272,0,0,0
118000273,1,18,-17
118000274,7,56,-49
118000276,4,12,-8
118000295,0,15,-15
118000298,24,99,-75
118000299,26,58,-32
118000301,0,9,-9
118000302,0,6,-6
118000311,0,35,-35
118000312,2,31,-29
118000313,0,17,-17
118000314,1,6,-5
118000315,1,5,-4
118000316,1,47,-46
118000325,0,0,0
118000326,0,0,0
118000331,0,0,0
118000332,0,0,0
118000333,0,1,-1
118000335,0,0,0
118000336,0,65,-65
118000407,0,0,0
118000457,0,16,-16
118000465,437,253,184
118000480,1,4,-3
118000489,0,0,0
118000490,18,97,-79
118000492,3,12,-9
118000510,6,1,5
118000514,15,70,-55
118000515,5,18,-13
118000517,107,52,55
118000524,453,145,308
118000525,195,336,-141
118000530,0,0,0
118000531,0,1,-1
118000532,38,72,-34
118000533,78,70,8
118000534,33,95,-62
118000535,0,3,-3
118000536,28,15,13
118000537,3,15,-12
118000538,2,9,-7
118000539,5,3,2
118000540,5,19,-14
118000541,3,11,-8
118000542,0,0,0
118000543,0,0,0
118000546,5,3,2
118000553,0,2,-2
118000560,308,50,258
118000562,0,0,0
118000563,143,61,82
118000576,2,22,-20
118000577,41,28,13
118000578,12,18,-6
118000579,55,119,-64
118000583,0,0,0
118000595,0,0,0
118000596,0,14,-14
118000597,17,14,3
118000598,0,0,0
118000599,0,0,0
118000600,0,0,0
118000601,0,0,0
118000602,0,0,0
118000603,1,27,-26
118000605,0,1,-1
118000606,0,0,0
118900001,0,0,0
118900002,9,7,2
118900003,0,0,0
118900004,0,0,0
118900005,0,0,0
118900006,0,0,0
118900007,1,0,1
118900008,0,0,0
118900009,0,0,0
118900010,0,0,0
118900011,0,0,0
118900012,1,0,1
118900013,0,0,0
118900015,0,0,0
118900016,0,2,-2
118900017,0,0,0
118900018,0,0,0
118900019,3,0,3
118900020,0,0,0
118900021,0,0,0
118900022,7,5,2
118900023,0,0,0
118900024,0,0,0
118900025,0,0,0
118900026,4,7,-3
118900027,0,0,0
118900028,0,0,0
118900029,0,0,0
118900030,0,0,0
118900031,6,7,-1
118900032,0,0,0
118900033,0,0,0
118900034,0,0,0
118900035,2,15,-13
118900036,13,39,-26
118900037,0,0,0
118900038,7,13,-6
118900039,0,0,0
118900040,1,3,-2
118900041,0,0,0
118900042,1,7,-6
118900045,1,14,-13
118900046,46,5,41
118900047,37,14,23
118900048,0,0,0
118900049,0,0,0
118900050,0,27,-27
118900051,0,0,0
118900052,0,0,0
118900053,0,0,0
118900054,1,8,-7
118900055,6,19,-13
118900056,0,0,0
118900057,1,29,-28
118900058,0,0,0
118900059,0,0,0
118900060,0,6,-6
118900062,0,0,0
118900064,0,0,0
118900065,0,0,0
118900066,0,0,0
118900067,163,6,157
118900068,0,0,0
118900069,2,33,-31
118900071,0,0,0
118900072,0,0,0
118900073,0,10,-10
118900074,0,0,0
118900075,0,0,0
118900076,0,0,0
118900077,0,7,-7
118900078,0,0,0
118900079,0,0,0
118900080,0,0,0
118900081,0,0,0
118900082,0,7,-7
118900083,0,0,0
118900084,0,0,0
118900085,9,59,-50
118900086,0,0,0
118900087,1,8,-7
118900088,0,6,-6
118900089,0,0,0
118900090,18,16,2
118900091,0,0,0
118900092,1,16,-15
118900093,0,0,0
118900096,19,25,-6
118900097,4,33,-29
118900099,1,16,-15
118900100,0,0,0
118900101,2,32,-30
118900102,2,7,-5
118900103,5,9,-4
118900104,0,1,-1
118900105,19,18,1
118900107,9,7,2
118900108,1,9,-8
118900110,0,2,-2
118900111,0,0,0
118900112,0,0,0
118900113,0,0,0
118900114,0,0,0
118900115,0,0,0
118900116,8,48,-40
118900117,6,45,-39
118900118,20,83,-63
118900119,3,47,-44
118900120,9,58,-49
118900121,0,0,0
118900122,1,18,-17
118900123,4,49,-45
118900124,0,0,0
118900126,1,17,-16
118900129,1,8,-7
118900130,0,0,0
118900131,3,53,-50
118900132,1,21,-20
118900133,0,0,0
118900135,7,12,-5
118900136,4,65,-61
118900137,0,0,0
118900139,0,0,0
118900140,25,84,-59
118900141,0,0,0
118900144,12,87,-75
118900145,0,0,0
118900146,11,41,-30
118900147,0,0,0
118900148,0,0,0
118900150,0,0,0
118900152,12,69,-57
118900157,0,0,0
118900158,0,0,0
118900159,0,0,0
118900161,0,0,0
118900163,0,0,0
118900164,0,0,0
118900165,1,20,-19
118900166,16,0,16
118900167,1,10,-9
118900168,0,12,-12
118900169,2,39,-37
118900170,0,14,-14
118900171,0,2,-2
118900174,2,2,0
118900175,1,32,-31
118900176,0,7,-7
118900177,0,0,0
118900178,0,6,-6
118900179,1,0,1
118900181,0,2,-2
118900182,0,4,-4
118900183,1,5,-4
118900184,4,1,3
118900185,0,11,-11
118900186,11,54,-43
118900187,0,0,0
118900188,0,0,0
118900189,0,29,-29
118900190,0,0,0
118900191,0,0,0
118900192,0,0,0
118900193,0,0,0
118900195,0,0,0
118900196,6,25,-19
118900197,0,0,0
118900198,1,8,-7
118900199,0,9,-9
118900200,0,0,0
118900201,3,0,3
118900202,4,7,-3
118900203,4,3,1
118900204,0,4,-4
118900205,0,2,-2
118900206,0,4,-4
119000001,59,65,-6
119000002,113,146,-33
119000003,43,168,-125
119000004,80,122,-42
119000005,80,141,-61
119000006,108,113,-5
119000007,150,241,-91
119000008,204,582,-378
119000009,350,436,-86
119000010,1315,1158,157
119000011,771,346,425
119000012,969,832,137
119000013,601,388,213
119000014,379,992,-613
119000019,3,22,-19
119000020,72,142,-70
119000021,217,162,55
119000022,64,98,-34
119000023,0,0,0
119000024,148,241,-93
119000025,1312,258,1054
119000026,0,0,0
119000027,36,60,-24
119000028,240,210,30
119000029,0,2,-2
119000030,51,196,-145
119000031,126,259,-133
119000032,112,243,-131
119000033,419,342,77
119000034,141,287,-146
119000035,0,154,-154
119000036,103,191,-88
119000037,98,396,-298
119000038,57,165,-108
119000039,23,71,-48
119000040,470,49,421
119000041,530,84,446
119000048,1471,518,953
119000049,108,492,-384
119000050,75,48,27
119000051,78,46,32
119000052,102,58,44
119000053,101,44,57
119000054,149,440,-291
119000055,266,368,-102
119000056,185,308,-123
119000057,62,295,-233
119000058,103,240,-137
119000059,19,21,-2
119000060,42,126,-84
119000061,42,8,34
119000062,151,208,-57
119000063,45,53,-8
119000064,62,75,-13
119000065,28,138,-110
119000066,75,119,-44
119000067,75,119,-44
119000068,126,165,-39
119000069,38,106,-68
119000070,186,176,10
119000071,2,2,0
119000072,439,237,202
119000073,238,432,-194
119000074,55,339,-284
119000075,58,632,-574
119000076,4,4,0
119000077,0,1,-1
119000078,1,0,1
119000079,0,0,0
119000080,4,2,2
119000081,0,0,0
119000082,0,4,-4
119000083,0,4,-4
119000084,0,0,0
119000085,0,0,0
119000086,2,2,0
119000087,29,19,10
119000088,3,4,-1
119000089,0,0,0
119000090,0,0,0
119000091,5,7,-2
119000092,0,0,0
119000093,495,381,114
119000094,331,541,-210
119000095,69,343,-274
119000097,377,167,210
119000098,115,229,-114
119000099,140,211,-71
119000100,215,352,-137
119000101,307,603,-296
119000102,8,16,-8
119000103,51,3,48
119000104,338,452,-114
119000105,1,0,1
119000106,25,381,-356
119000107,1,0,1
119000108,56,367,-311
119000109,0,1,-1
119000110,32,70,-38
119000111,0,28,-28
119000112,14,6,8
119000113,102,6,96
119000114,0,6,-6
119000115,46,26,20
119000116,0,0,0
119000117,7,23,-16
119000118,0,3,-3
119000123,14,14,0
119000124,1,0,1
119000125,0,1,-1
119000126,0,2,-2
119000127,47,216,-169
119000128,17,7,10
119000131,80,278,-198
119000132,11,6,5
119000133,0,0,0
119000134,2,0,2
119000135,0,0,0
119000136,5,51,-46
119000137,0,2,-2
119000138,15,73,-58
119000139,0,1,-1
119000140,7,22,-15
119000284,480,1280,-800
119000285,639,1030,-391
119000286,957,1169,-212
119000287,149,594,-445
119000288,150,382,-232
119000289,244,794,-550
119000290,7,45,-38
119000291,12,133,-121
119000293,59,49,10
119000294,0,0,0
119000295,260,52,208
119000296,0,2,-2
119000302,1118,100,1018
119000303,0,0,0
119000304,0,0,0
119000314,220,218,2
119000315,0,4,-4
119000316,2,20,-18
119000317,0,3,-3
119900001,1,25,-24
119900002,0,0,0
119900003,0,54,-54
119900004,0,0,0
119900005,0,0,0
119900006,4,14,-10
119900007,0,0,0
119900008,0,0,0
119900009,0,16,-16
119900010,1,70,-69
119900011,0,0,0
119900012,0,4,-4
119900013,71,54,17
119900014,1,8,-7
119900015,0,0,0
119900016,0,0,0
119900017,0,0,0
119900018,0,0,0
119900019,0,0,0
119900020,0,0,0
119900021,1,0,1
119900022,0,0,0
119900023,0,0,0
119900025,0,0,0
119900026,0,0,0
119900027,0,0,0
119900028,0,0,0
119900029,0,0,0
119900030,0,6,-6
119900031,0,0,0
119900033,98,5,93
119900034,0,0,0
119900037,0,0,0
119900038,0,0,0
119900039,0,0,0
119900040,0,0,0
119900041,0,2,-2
119900042,0,0,0
119900043,0,0,0
119900044,0,0,0
119900046,0,0,0
119900047,0,0,0
119900048,1,1,0
119900049,0,0,0
119900050,0,0,0
119900051,0,0,0
119900052,0,0,0
119900053,0,0,0
119900054,0,0,0
119900055,5,12,-7
119900057,0,0,0
119900058,0,0,0
119900059,0,1,-1
119900060,0,0,0
119900061,0,0,0
119900062,0,0,0
119900063,0,0,0
119900065,0,0,0
119900067,0,0,0
119900068,0,0,0
119900069,0,1,-1
119900070,0,0,0
119900071,0,0,0
119900073,0,0,0
119900074,0,0,0
119900075,254,105,149
119900076,0,18,-18
119900077,0,68,-68
119900078,0,0,0
119900079,0,0,0
119900080,0,6,-6
119900081,1,31,-30
119900082,0,18,-18
119900083,0,0,0
119900084,2,2,0
119900085,19,3,16
119900086,1,135,-134
119900087,1,7,-6
119900088,2,4,-2
119900089,1,170,-169
119900090,3,1,2
119900091,0,136,-136
119900092,1,48,-47
119900093,22,5,17
119900094,8,18,-10
119900095,0,2,-2
119900096,0,3,-3
119900097,44,14,30
119900098,0,1,-1
119900099,1,18,-17
119900100,318,132,186
119900101,8,107,-99
119900102,0,48,-48
119900103,1,33,-32
119900104,2,13,-11
119900105,26,205,-179
119900106,0,16,-16
119900107,7,131,-124
119900108,145,103,42
119900109,0,2,-2
119900110,19,66,-47
119900111,0,0,0
119900112,48,8,40
119900113,0,0,0
119900114,4,188,-184
119900115,0,0,0
119900116,0,0,0
119900117,9,95,-86
119900118,0,0,0
119900119,0,0,0
119900120,31,39,-8
119900121,1,30,-29
119900122,0,0,0
119900123,0,0,0
119900124,2,24,-22
119900125,0,0,0
119900126,231,10,221
119900127,0,0,0
119900128,0,0,0
119900129,0,13,-13
119900130,0,0,0
119900131,0,9,-9
119900132,0,0,0
119900133,0,0,0
119900134,22,0,22
119900135,0,0,0
119900136,0,0,0
119900138,0,0,0
119900139,0,2,-2
119900140,0,0,0
119900141,0,0,0
119900142,0,0,0
119900143,0,2,-2
119900144,0,0,0
119900145,0,0,0
119900146,7,8,-1
119900147,0,0,0
119900148,0,0,0
119900149,1,2,-1
119900150,0,0,0
119900151,17,1,16
119900152,0,0,0
119900153,0,0,0
119900154,0,111,-111
119900155,0,4,-4
119900156,0,1,-1
119900157,0,0,0
119900158,0,0,0
119900159,0,191,-191
119900160,2,13,-11
119900161,0,0,0
119900162,0,0,0
119900163,2,7,-5
119900164,0,0,0
119900165,0,0,0
119900166,0,0,0
119900167,2,11,-9
119900168,0,0,0
119900169,2,1,1
119900170,3,4,-1
119900171,0,0,0
119900172,0,0,0
119900173,0,53,-53
119900174,0,2,-2
119900175,0,0,0
119900177,1,30,-29
119900178,0,0,0
119900179,0,0,0
119900180,0,0,0
119900181,0,0,0
119900182,1,27,-26
119900183,3,68,-65
119900184,9,2,7
119900185,0,0,0
119900186,0,0,0
119900187,1,42,-41
119900188,0,13,-13
119900189,18,3,15
119900190,0,0,0
119900191,0,0,0
119900192,0,8,-8
119900193,0,0,0
119900194,0,0,0
119900195,0,14,-14
119900196,0,0,0
119900197,0,0,0
119900198,1,46,-45
119900199,0,0,0
119900200,0,0,0
119900201,18,7,11
119900202,0,0,0
119900203,0,0,0
119900204,0,0,0
119900205,0,0,0
119900206,0,0,0
119900208,0,0,0
119900209,1,16,-15
119900210,0,0,0
119900211,0,0,0
119900212,0,13,-13
119900213,0,8,-8
119900214,0,22,-22
119900215,2,17,-15
119900216,1,25,-24
119900217,0,9,-9
119900218,0,4,-4
119900219,0,6,-6
119900220,0,1,-1
119900221,0,0,0
119900222,0,0,0
119900223,0,0,0
119900224,0,0,0
119900225,0,0,0
119900226,0,0,0
119900227,205,12,193
119900228,0,0,0
119900229,0,0,0
119900230,0,0,0
119900231,0,0,0
119900232,0,0,0
119900233,0,0,0
119900234,1,1,0
119900235,1,0,1
119900236,0,0,0
119900237,0,0,0
119900238,0,3,-3
119900240,1,9,-8
119900241,0,42,-42
119900242,0,23,-23
119900244,0,0,0
119900245,0,0,0
119900246,0,0,0
119900247,0,0,0
119900248,0,0,0
119900249,0,0,0
119900253,0,0,0
119900254,0,0,0
119900255,3,84,-81
119900256,0,75,-75
119900257,0,0,0
119900258,0,0,0
119900259,0,9,-9
119900260,0,0,0
119900261,0,0,0
119900262,1,32,-31
119900263,33,41,-8
119900264,0,0,0
119900265,0,0,0
119900266,0,0,0
119900267,0,0,0
119900268,0,0,0
119900269,0,14,-14
119900271,0,0,0
119900272,0,2,-2
119900275,1,1,0
119900276,0,0,0
119900277,0,0,0
119900278,3,1,2
119900279,3,0,3
119900280,53,20,33
119900281,0,7,-7
119900282,0,0,0
119900283,0,0,0
119900284,2,21,-19
119900285,0,0,0
119900286,0,1,-1
119900288,5,7,-2
119900289,0,14,-14
119900290,0,10,-10
119900291,0,3,-3
119900292,0,1,-1
119900293,0,6,-6
119900294,1,10,-9
119900295,0,14,-14
119900296,0,17,-17
119900297,0,5,-5
119900298,0,3,-3
119900299,0,0,0
119900300,0,0,0
119900301,0,0,0
119900302,1,2,-1
119900303,1,8,-7
119900304,0,1,-1
119900305,0,0,0
119900306,0,0,0
119900307,0,0,0
119900308,0,0,0
119900309,0,0,0
119900310,7,7,0
119900311,0,0,0
119900312,0,1,-1
119900313,0,0,0
119900314,0,0,0
119900315,1,144,-143
119900318,0,0,0
119900319,0,39,-39
119900320,0,60,-60
119900321,0,0,0
120000001,724,283,441
120000002,306,735,-429
120000003,542,567,-25
120000004,630,659,-29
120000005,3667,909,2758
120000006,337,444,-107
120000007,554,966,-412
120000008,195,654,-459
120000009,591,328,263
120000010,261,854,-593
120000011,160,566,-406
120000012,358,977,-619
120000013,263,671,-408
120000014,40,388,-348
120000015,328,558,-230
120000016,227,56,171
120000017,51,52,-1
120000018,509,357,152
120000019,88,132,-44
120000020,336,294,42
120000021,314,263,51
120000022,1501,342,1159
120000023,106,194,-88
120000024,192,379,-187
120000025,179,457,-278
120000026,27,479,-452
120000027,308,693,-385
120000028,51,226,-175
120000029,144,77,67
120000030,6,40,-34
120000031,204,143,61
120000032,1722,348,1374
120000033,116,227,-111
120000034,53,384,-331
120000035,50,142,-92
120000036,93,264,-171
120000037,0,7,-7
120000038,1314,206,1108
120000039,29,95,-66
120000040,0,9,-9
120000041,19,140,-121
120000042,45,577,-532
120000043,83,169,-86
120000044,159,105,54
120000045,196,128,68
120000046,109,162,-53
120000047,112,189,-77
120000048,841,297,544
120000049,245,337,-92
120000050,186,602,-416
120000051,761,646,115
120000052,1829,200,1629
120000053,67,418,-351
120000054,124,1159,-1035
120000055,89,687,-598
120000056,93,851,-758
120000057,20,204,-184
120000058,5,28,-23
120000059,0,14,-14
120000061,37,183,-146
120000062,5,51,-46
120000063,359,751,-392
120000064,25,447,-422
120000065,37,394,-357
120000066,11,85,-74
120000067,6,85,-79
120000068,15,292,-277
120000069,61,381,-320
120000070,3,126,-123
120000071,3,28,-25
120000072,31,145,-114
120000073,50,35,15
120000074,1,9,-8
120000075,20,42,-22
120000076,59,121,-62
120000077,47,125,-78
120000078,411,122,289
120000079,0,8,-8
120000080,0,1,-1
120000081,1,0,1
120000082,1,1,0
120000083,0,9,-9
120000084,25,53,-28
120000085,48,45,3
120000086,31,110,-79
120000087,4,294,-290
120000088,20,49,-29
120000089,1,0,1
120000090,0,0,0
120000091,0,0,0
120000092,0,4,-4
120000093,0,0,0
120000094,1,0,1
120000095,24,46,-22
120000096,20,108,-88
120000098,35,91,-56
120000099,10,67,-57
120000100,34,111,-77
120000101,36,65,-29
120000102,20,68,-48
120000103,35,34,1
120000104,50,17,33
120000105,51,11,40
120000106,33,28,5
120000107,64,30,34
120000108,19,3,16
120000109,53,1,52
120000110,17,192,-175
120000111,24,310,-286
120000112,100,984,-884
120000113,87,636,-549
120000114,61,484,-423
120000115,69,607,-538
120000116,122,540,-418
120000117,308,545,-237
120000118,0,0,0
120000119,0,0,0
120000120,0,0,0
120000121,0,0,0
120000122,0,0,0
120000123,74,54,20
120000124,6,11,-5
120000125,13,62,-49
120000126,11,32,-21
120000127,45,53,-8
120000128,103,129,-26
120000129,3,1,2
120000130,1,1,0
120000131,21,61,-40
120000134,0,2,-2
120000135,1,33,-32
120000137,0,4,-4
120000138,3,13,-10
120000139,0,0,0
120000140,2,24,-22
120000141,0,0,0
120000142,3,13,-10
120000143,0,1,-1
120000144,0,0,0
120000145,1,0,1
120000146,296,95,201
120000149,27,71,-44
120000150,41,77,-36
120000151,0,3,-3
120000152,0,1,-1
120000153,18,162,-144
120000154,59,263,-204
120000155,0,1,-1
120000156,2,0,2
120000157,0,1,-1
120000158,79,255,-176
120000159,331,1587,-1256
120000160,503,129,374
120000161,83,392,-309
120000162,3,16,-13
120000163,31,332,-301
120000164,41,170,-129
120000165,18,198,-180
120000166,21,131,-110
120000167,0,1,-1
120000168,0,19,-19
120000169,75,17,58
120000170,121,12,109
120000171,12,6,6
120000172,12,1,11
120000173,141,3,138
120000174,23,3,20
120000175,20,1,19
120000176,4,37,-33
120000177,97,188,-91
120000178,3,0,3
120000179,12,5,7
120000180,50,10,40
120000181,2,9,-7
120000182,14,4,10
120000183,0,38,-38
120000184,2,493,-491
120000186,0,2,-2
120000187,0,1,-1
120000188,1,0,1
120000190,0,0,0
120000191,0,0,0
120000192,0,0,0
120000193,0,0,0
120000195,0,0,0
120000196,0,0,0
120000197,0,0,0
120000198,0,12,-12
120000199,0,0,0
120000200,0,0,0
120000201,0,0,0
120000202,0,3,-3
120000203,0,39,-39
120000207,0,0,0
120000208,0,0,0
120000209,0,0,0
120000210,0,0,0
120000211,0,0,0
120000212,0,0,0
120000213,0,0,0
120000214,0,0,0
120000215,0,0,0
120000216,0,0,0
120000217,40,100,-60
120000218,26,172,-146
120000219,2,116,-114
120000220,4,305,-301
120000225,0,0,0
120000226,0,0,0
120000227,0,0,0
120000228,608,91,517
120000230,0,0,0
120000231,0,2,-2
120000233,0,2,-2
120000235,38,174,-136
120000236,0,0,0
120000237,0,250,-250
120000238,0,11,-11
120000241,0,0,0
120000412,0,0,0
120000413,0,0,0
120000414,0,0,0
120000415,0,0,0
120000416,0,0,0
120000417,0,0,0
120000418,0,0,0
120000419,0,0,0
120000420,0,0,0
120000421,2167,2720,-553
120000422,66,31,35
120000423,0,16,-16
120000424,1,19,-18
120000436,16,13,3
120000437,43,47,-4
120000438,215,88,127
120000439,6,64,-58
120000443,0,0,0
120000444,9,120,-111
120000445,31,25,6
120000446,53,8,45
120000447,0,0,0
120000449,0,0,0
120000450,0,0,0
120000451,4,14,-10
120000452,0,0,0
120000453,0,210,-210
120000454,0,0,0
120000455,4,9,-5
120000456,309,354,-45
120000457,85,37,48
120000458,88,159,-71
120000459,0,0,0
120000665,30,5,25
120000668,9,34,-25
120000669,0,1,-1
120000670,7,14,-7
120000671,90,66,24
120000672,27,126,-99
120900001,0,0,0
120900002,0,0,0
120900003,0,0,0
120900004,0,0,0
120900005,0,0,0
120900006,0,0,0
120900007,7,9,-2
120900008,0,0,0
120900009,0,0,0
120900010,2,0,2
120900011,0,0,0
120900012,19,8,11
120900013,0,0,0
120900014,0,0,0
120900015,0,0,0
120900016,0,0,0
120900017,151,25,126
120900018,0,0,0
120900019,1,2,-1
120900020,4,4,0
120900021,0,0,0
120900022,0,0,0
120900023,0,0,0
120900024,41,36,5
120900025,4,3,1
120900026,0,0,0
120900027,0,0,0
120900028,2,2,0
120900029,0,0,0
120900030,5,1,4
120900031,0,0,0
120900032,0,0,0
120900033,0,0,0
120900034,0,0,0
120900035,0,0,0
120900037,0,0,0
120900038,0,0,0
120900039,0,0,0
120900040,0,0,0
120900041,0,0,0
120900042,0,0,0
120900043,0,0,0
120900044,0,0,0
120900045,0,0,0
120900046,1,0,1
120900047,0,0,0
120900048,0,0,0
120900049,0,0,0
120900050,0,0,0
120900051,0,0,0
120900052,0,0,0
120900053,0,0,0
120900054,0,0,0
120900055,1,0,1
120900056,0,0,0
120900057,0,0,0
120900058,0,0,0
120900059,0,0,0
120900060,0,0,0
120900061,0,0,0
120900062,2,0,2
120900063,0,0,0
120900064,0,0,0
120900065,0,0,0
120900066,0,51,-51
120900067,0,0,0
120900068,0,0,0
120900069,0,0,0
120900071,0,0,0
120900072,0,0,0
120900073,0,12,-12
120900074,0,0,0
120900076,0,0,0
120900077,0,0,0
120900078,0,64,-64
120900079,0,2,-2
120900080,0,126,-126
120900081,0,0,0
120900082,0,10,-10
120900083,2,10,-8
120900084,0,0,0
120900085,0,0,0
120900086,4,1,3
120900087,0,0,0
120900088,0,0,0
120900089,163,29,134
120900090,0,2,-2
120900091,0,0,0
120900092,8,35,-27
120900093,0,0,0
120900094,36,22,14
120900095,0,0,0
120900096,2,3,-1
120900097,20,64,-44
120900098,0,0,0
120900099,0,2,-2
120900100,1,13,-12
120900101,0,0,0
120900102,0,0,0
120900103,0,6,-6
120900104,1,0,1
120900105,0,0,0
120900106,134,49,85
120900107,27,4,23
120900108,0,0,0
120900109,8,101,-93
120900110,0,0,0
120900111,1,20,-19
120900112,0,0,0
120900113,0,150,-150
120900114,2,25,-23
120900115,20,29,-9
120900116,1,31,-30
120900117,0,2,-2
120900118,1,121,-120
120900119,0,0,0
120900120,0,50,-50
120900121,4,57,-53
120900122,0,32,-32
120900123,0,2,-2
120900124,0,77,-77
120900125,0,59,-59
120900126,51,52,-1
120900127,0,4,-4
120900128,84,149,-65
120900129,2,49,-47
120900130,0,109,-109
120900131,0,0,0
120900132,0,0,0
120900133,20,109,-89
120900134,35,40,-5
120900135,0,79,-79
120900136,0,0,0
120900137,0,0,0
120900138,1,20,-19
120900139,0,109,-109
120900140,0,0,0
120900141,0,3,-3
120900142,0,95,-95
120900143,1,136,-135
120900144,0,32,-32
120900145,2,112,-110
120900146,1,93,-92
120900147,0,5,-5
120900148,0,1,-1
120900149,0,56,-56
120900150,0,44,-44
120900151,0,76,-76
120900152,0,1,-1
120900153,0,0,0
120900154,1,33,-32
120900155,5,153,-148
120900156,0,91,-91
120900157,0,2,-2
120900158,1,119,-118
120900159,0,9,-9
120900160,18,66,-48
120900161,0,19,-19
120900162,0,22,-22
120900163,0,0,0
120900164,0,0,0
120900165,0,0,0
120900166,0,3,-3
120900167,0,5,-5
120900169,2,59,-57
120900170,32,17,15
120900171,77,8,69
120900172,0,0,0
120900173,0,11,-11
120900174,1,9,-8
120900175,0,0,0
120900176,0,3,-3
120900177,0,5,-5
120900178,0,0,0
120900179,45,20,25
120900180,0,0,0
120900181,0,0,0
120900182,0,0,0
120900183,0,0,0
120900184,0,0,0
120900185,0,2,-2
120900186,0,84,-84
120900187,0,14,-14
120900188,0,0,0
120900189,0,0,0
120900190,0,0,0
120900191,0,0,0
120900192,223,17,206
120900194,0,0,0
120900195,5,15,-10
120900196,0,0,0
120900197,0,0,0
120900198,8,71,-63
120900199,0,0,0
120900200,0,0,0
120900201,86,14,72
120900202,0,21,-21
120900203,0,0,0
120900204,112,66,46
120900205,0,0,0
120900206,0,0,0
120900207,6,80,-74
121000001,230,319,-89
121000002,238,116,122
121000003,1485,602,883
121000004,489,218,271
121000005,875,654,221
121000006,745,310,435
121000007,985,1001,-16
121000008,864,366,498
121000009,2366,1552,814
121000010,2510,586,1924
121000011,4830,1411,3419
121000012,4210,848,3362
121000013,2526,1849,677
121000014,2601,1449,1152
121000015,1187,1941,-754
121000016,2642,1712,930
121000017,251,650,-399
121000018,564,376,188
121000019,3588,1386,2202
121000020,3193,1194,1999
121000021,538,796,-258
121000022,570,448,122
121000023,1004,694,310
121000024,559,1004,-445
121000025,135,42,93
121000026,63,23,40
121000027,863,148,715
121000028,114,74,40
121000029,16,53,-37
121000030,33,32,1
121000031,55,77,-22
121000032,45,29,16
121000034,0,0,0
121000035,10,12,-2
121000036,45,62,-17
121000037,131,109,22
121000038,158,133,25
121000039,21,42,-21
121000041,22,40,-18
121000042,0,1,-1
121000043,35,14,21
121000044,123,115,8
121000045,3,26,-23
121000046,5,77,-72
121000047,18,8,10
121000049,301,132,169
121000050,49,494,-445
121000051,37,32,5
121000052,22,164,-142
121000053,1,0,1
121000054,3,76,-73
121000055,331,178,153
121000056,184,246,-62
121000057,39,53,-14
121000058,132,85,47
121000059,70,81,-11
121000060,95,64,31
121000061,2,25,-23
121000062,33,5,28
121000063,144,206,-62
121000064,47,33,14
121000065,30,27,3
121000066,69,42,27
121000067,98,30,68
121000068,0,1,-1
121000069,0,0,0
121000070,152,132,20
121000071,95,155,-60
121000072,88,73,15
121000073,143,153,-10
121000074,29,33,-4
121000075,3,14,-11
121000076,46,11,35
121000077,0,0,0
121000078,32,56,-24
121000080,427,144,283
121000081,210,226,-16
121000082,82,84,-2
121000083,0,0,0
121000084,74,60,14
121000085,232,145,87
121000086,1,0,1
121000087,0,1,-1
121000088,104,215,-111
121000089,0,1,-1
121000090,76,186,-110
121000091,661,538,123
121000092,64,20,44
121000093,36,46,-10
121000094,95,78,17
121000095,0,0,0
121000096,1473,711,762
121000097,319,345,-26
121000098,80,198,-118
121000099,100,171,-71
121000100,39,138,-99
121000101,0,0,0
121000102,5,69,-64
121000103,0,0,0
121000104,7,44,-37
121000105,10,61,-51
121000106,0,0,0
121000107,775,889,-114
121000109,454,569,-115
121000110,65,67,-2
121000114,703,887,-184
121000115,206,286,-80
121000116,156,230,-74
121000117,40,3,37
121000118,98,4,94
121000119,11,13,-2
121000120,8,1,7
121000121,0,0,0
121000123,0,0,0
121000127,2,13,-11
121000128,52,148,-96
121000129,30,144,-114
121000130,95,159,-64
121000131,220,177,43
121000132,217,128,89
121000135,21,24,-3
121000136,74,25,49
121000137,81,4,77
121000138,57,44,13
121000139,111,46,65
121000141,15,30,-15
121000142,150,63,87
121000143,1,0,1
121000144,20,45,-25
121000145,41,114,-73
121000146,87,60,27
121000147,59,64,-5
121000148,33,100,-67
121000149,277,210,67
121000152,73,74,-1
121000153,256,86,170
121000154,212,26,186
121000155,164,147,17
121000156,97,179,-82
121000157,209,70,139
121000158,46,66,-20
121000159,8,58,-50
121000160,14,67,-53
121000161,0,2,-2
121000162,0,3,-3
121000165,3,2,1
121000166,10,15,-5
121000168,20,65,-45
121000169,6,56,-50
121000170,61,31,30
121000171,19,59,-40
121000172,104,113,-9
121000173,224,178,46
121000174,45,171,-126
121000175,46,90,-44
121000176,186,83,103
121000177,34,63,-29
121000178,11,4,7
121000179,3,9,-6
121000181,67,70,-3
121000182,93,36,57
121000183,20,5,15
121000184,1,6,-5
121000185,0,0,0
121000186,9,58,-49
121000187,0,5,-5
121000188,0,2,-2
121000192,72,48,24
121000193,65,103,-38
121000194,962,522,440
121000195,77,257,-180
121000196,1,1,0
121000197,20,112,-92
121000198,4,43,-39
121000199,16,233,-217
121000200,34,26,8
121000201,0,38,-38
121000202,13,3,10
121000203,5,142,-137
121000204,36,15,21
121000205,18,229,-211
121000206,23,22,1
121000207,73,58,15
121000208,0,73,-73
121000209,14,234,-220
121000210,51,97,-46
121000211,4,46,-42
121000212,59,140,-81
121000213,107,158,-51
121000214,101,109,-8
121000215,205,163,42
121000216,30,94,-64
121000217,506,148,358
121000218,67,491,-424
121000219,142,68,74
121000220,86,73,13
121000221,25,30,-5
121000222,504,758,-254
121000223,51,114,-63
121000224,0,0,0
121000225,99,81,18
121000226,78,57,21
121000227,2,42,-40
121000228,4,452,-448
121000229,2,215,-213
121000230,40,980,-940
121000231,0,0,0
121000232,0,0,0
121000233,8,16,-8
121000234,0,0,0
121000235,2,0,2
121000236,0,0,0
121000237,0,1,-1
121000238,0,0,0
121000239,1,0,1
121000240,0,0,0
121000241,4,1,3
121000242,0,0,0
121000243,1,0,1
121000244,0,1,-1
121000245,0,0,0
121000246,0,0,0
121000247,0,0,0
121000248,0,6,-6
121000249,8,43,-35
121000250,29,9,20
121000251,9,133,-124
121000252,3,2,1
121000253,56,263,-207
121000254,78,32,46
121000255,13,29,-16
121000256,5,13,-8
121000257,6,24,-18
121000258,1,9,-8
121000259,6,7,-1
121000260,6,32,-26
121000261,4,5,-1
121000262,235,120,115
121000263,111,131,-20
121000271,42,206,-164
121000273,4,12,-8
121000274,0,0,0
121000275,1,14,-13
121000276,0,0,0
121000278,0,1,-1
121000279,2,6,-4
121000280,0,4,-4
121000289,5,2,3
121000290,197,193,4
121000294,4,44,-40
121000297,63,80,-17
121000299,10,91,-81
121000300,128,47,81
121000302,9,69,-60
121000303,131,32,99
121000304,0,0,0
121000305,0,0,0
121000306,0,0,0
121000308,73,51,22
121000309,250,115,135
121000310,9,107,-98
121000311,21,372,-351
121000312,0,0,0
121000313,74,131,-57
121000314,53,37,16
121000315,51,23,28
121000530,94,142,-48
121000531,102,203,-101
121000532,824,291,533
121000533,661,271,390
121000918,0,64,-64
121000919,0,0,0
121000938,13,22,-9
121000939,11,2,9
121000956,94,203,-109
121000957,9,48,-39
121000958,1,55,-54
121000959,49,290,-241
121000960,61,365,-304
121000961,16,0,16
121000962,1,0,1
121000963,0,0,0
121000973,1,79,-78
121000976,0,0,0
121000979,0,0,0
121000981,19,0,19
121000982,0,0,0
121000983,18,116,-98
121000984,1,6,-5
121000985,29,53,-24
121000986,1,13,-12
121000987,43,464,-421
121000988,60,9,51
121001302,61,42,19
121001308,1,2,-1
121001309,5,4,1
121001313,3,100,-97
121001314,2219,1701,518
121001315,1156,542,614
121001326,6,7,-1
121900001,0,0,0
121900002,0,0,0
121900003,0,0,0
121900004,0,0,0
121900005,0,0,0
121900006,0,0,0
121900007,0,0,0
121900008,0,0,0
121900009,0,0,0
121900010,0,0,0
121900011,0,0,0
121900012,0,0,0
121900013,0,0,0
121900014,0,0,0
121900015,0,0,0
121900016,0,0,0
121900017,0,0,0
121900018,0,0,0
121900019,0,0,0
121900020,0,0,0
121900021,0,0,0
121900022,0,0,0
121900023,0,0,0
121900024,0,0,0
121900025,0,0,0
121900026,0,0,0
121900027,0,0,0
121900028,0,0,0
121900029,0,0,0
121900030,0,0,0
121900031,0,0,0
121900032,0,0,0
121900033,0,0,0
121900034,0,0,0
121900035,0,0,0
121900036,0,0,0
121900037,0,0,0
121900038,0,0,0
121900039,0,0,0
121900040,0,0,0
121900041,0,0,0
121900042,0,0,0
121900043,0,0,0
121900044,0,0,0
121900046,0,0,0
121900047,0,0,0
121900048,0,0,0
121900050,0,0,0
121900051,0,0,0
121900052,0,0,0
121900053,20,40,-20
121900054,0,0,0
121900055,0,0,0
121900058,0,0,0
121900059,0,0,0
121900060,0,0,0
121900061,0,0,0
121900062,0,0,0
121900063,0,0,0
121900064,0,0,0
121900066,0,0,0
121900067,0,0,0
121900069,0,0,0
121900070,0,0,0
121900071,0,0,0
121900072,0,0,0
121900073,0,0,0
121900074,0,0,0
121900075,0,0,0
121900076,0,0,0
121900078,0,0,0
121900079,0,0,0
121900080,0,0,0
121900082,0,0,0
121900084,0,0,0
121900086,0,0,0
121900087,0,0,0
121900088,0,0,0
121900089,0,0,0
121900090,0,0,0
121900091,0,0,0
121900092,0,0,0
121900093,0,0,0
121900094,0,0,0
121900095,0,0,0
121900096,0,0,0
121900097,0,0,0
121900098,0,0,0
121900099,0,0,0
121900100,0,0,0
121900101,0,0,0
121900102,0,0,0
121900103,0,0,0
121900104,0,0,0
121900105,0,0,0
121900106,0,0,0
121900107,0,0,0
121900108,0,0,0
121900109,0,0,0
121900110,0,0,0
121900111,0,0,0
121900112,0,0,0
121900113,0,0,0
121900114,0,0,0
121900117,0,0,0
121900118,0,0,0
121900119,0,0,0
121900120,0,0,0
121900121,0,0,0
121900122,0,0,0
121900123,0,0,0
121900124,0,0,0
121900125,0,0,0
121900127,0,0,0
121900128,0,0,0
121900129,0,0,0
121900130,0,0,0
121900131,0,0,0
121900132,0,0,0
121900133,0,0,0
121900134,0,0,0
121900135,0,0,0
121900136,0,0,0
121900137,0,0,0
121900138,0,0,0
121900139,0,0,0
121900140,0,0,0
121900141,0,0,0
121900142,0,0,0
121900143,0,0,0
121900144,0,0,0
121900145,0,0,0
121900146,0,0,0
121900147,0,1,-1
121900148,0,0,0
121900149,0,0,0
121900150,0,0,0
121900151,0,0,0
121900152,0,0,0
121900153,0,0,0
121900154,0,0,0
121900155,0,0,0
121900156,1,0,1
121900157,0,0,0
121900158,1,4,-3
121900159,0,0,0
121900160,0,0,0
121900161,0,0,0
121900162,0,1,-1
121900163,0,0,0
121900164,0,0,0
121900165,0,0,0
121900166,0,0,0
121900167,0,0,0
121900168,0,0,0
121900169,0,32,-32
121900170,0,0,0
121900171,0,0,0
121900172,0,0,0
121900173,0,0,0
121900174,0,0,0
121900175,0,0,0
121900176,13,75,-62
121900177,0,0,0
121900178,0,0,0
121900179,0,0,0
121900180,10,1,9
121900182,0,0,0
121900183,0,0,0
121900184,0,0,0
121900186,0,0,0
121900187,0,0,0
121900188,0,0,0
121900189,0,0,0
121900190,0,0,0
121900191,0,0,0
121900192,0,0,0
121900193,0,0,0
121900194,0,0,0
121900195,0,0,0
121900196,0,0,0
121900197,6,41,-35
121900198,0,0,0
121900199,0,0,0
121900200,0,0,0
121900201,0,0,0
121900202,2,1,1
121900203,0,0,0
121900204,0,0,0
121900205,0,0,0
121900206,0,0,0
121900207,0,0,0
121900208,0,0,0
121900209,0,0,0
121900210,0,0,0
121900211,0,0,0
121900212,0,0,0
121900213,0,0,0
121900214,0,0,0
121900215,0,0,0
121900216,0,0,0
121900217,0,0,0
121900218,0,0,0
121900220,0,0,0
121900221,0,0,0
121900222,0,0,0
121900223,0,0,0
121900224,0,0,0
121900225,0,0,0
121900226,0,0,0
121900227,0,0,0
121900228,0,0,0
121900230,0,0,0
121900231,0,0,0
121900232,0,0,0
121900233,0,0,0
121900234,0,0,0
121900235,0,0,0
121900236,0,0,0
121900237,0,0,0
121900238,0,0,0
121900239,0,0,0
121900240,0,0,0
121900241,0,0,0
121900242,0,0,0
121900243,0,0,0
121900244,0,0,0
121900245,0,0,0
121900246,0,0,0
121900248,0,0,0
121900250,0,0,0
121900251,0,0,0
121900252,0,0,0
121900253,3,16,-13
121900254,0,0,0
121900255,0,0,0
121900258,0,0,0
121900259,0,0,0
121900260,0,0,0
121900261,0,0,0
121900262,0,0,0
121900263,0,0,0
121900264,0,0,0
121900265,0,0,0
121900266,0,0,0
121900267,0,0,0
121900269,0,0,0
121900270,0,0,0
121900271,0,0,0
121900273,0,0,0
121900274,0,0,0
121900277,0,0,0
121900278,0,0,0
121900279,0,0,0
121900280,0,0,0
121900281,0,0,0
121900284,0,0,0
121900286,0,6,-6
121900287,0,0,0
121900288,0,0,0
121900290,0,0,0
121900291,11,20,-9
121900292,0,0,0
121900293,16,146,-130
121900294,0,0,0
121900295,0,0,0
121900296,0,0,0
121900298,0,0,0
121900299,0,0,0
121900300,0,0,0
121900301,0,0,0
121900302,0,0,0
121900303,0,0,0
121900304,0,0,0
121900305,0,0,0
121900306,0,0,0
121900307,0,0,0
121900308,0,12,-12
121900309,0,9,-9
121900310,0,32,-32
121900311,0,0,0
121900312,0,0,0
121900313,0,0,0
121900314,0,0,0
121900315,0,0,0
121900316,0,0,0
121900317,0,0,0
121900318,0,0,0
121900319,0,0,0
121900320,0,0,0
121900321,0,0,0
121900322,0,0,0
121900323,0,0,0
121900324,0,0,0
121900325,0,0,0
121900326,0,0,0
121900327,0,0,0
121900328,0,0,0
121900329,0,0,0
121900330,0,0,0
121900331,0,0,0
121900332,0,0,0
121900333,0,0,0
121900334,0,0,0
122000001,504,653,-149
122000002,530,255,275
122000003,374,288,86
122000004,373,203,170
122000005,113,133,-20
122000006,113,80,33
122000007,97,118,-21
122000008,545,325,220
122000009,91,22,69
122000010,306,223,83
122000011,274,123,151
122000012,116,174,-58
122000013,136,152,-16
122000014,112,96,16
122000015,117,65,52
122000016,100,91,9
122000017,258,170,88
122000018,195,244,-49
122000019,101,245,-144
122000020,21,22,-1
122000021,127,49,78
122000022,198,42,156
122000023,65,27,38
122000024,84,94,-10
122000025,50,166,-116
122000026,26,22,4
122000027,160,262,-102
122000028,2,0,2
122000029,1,0,1
122000030,70,53,17
122000031,0,0,0
122000032,31,9,22
122000033,26,37,-11
122000034,149,155,-6
122000035,135,159,-24
122000036,33,162,-129
122000037,113,20,93
122000038,46,37,9
122000039,178,107,71
122000040,84,77,7
122000041,0,0,0
122000042,0,0,0
122000043,0,0,0
122000044,0,0,0
122000045,13,10,3
122000046,10,16,-6
122000047,96,23,73
122000048,491,273,218
122000049,763,574,189
122000050,140,176,-36
122000051,0,0,0
122000052,7,6,1
122000053,4,123,-119
122000054,319,250,69
122000055,402,449,-47
122000056,707,612,95
122000057,993,654,339
122000058,496,549,-53
122000059,722,483,239
122000060,183,134,49
122000061,87,37,50
122000062,235,68,167
122000063,50,86,-36
122000064,539,651,-112
122000065,861,673,188
122000066,246,255,-9
122000067,141,358,-217
122000068,125,111,14
122000069,638,191,447
122000070,23,11,12
122000071,35,27,8
122000072,127,35,92
122000073,70,96,-26
122000074,8,7,1
122000075,6,4,2
122000076,106,73,33
122000077,134,178,-44
122000078,326,625,-299
122000079,121,213,-92
122000080,23,54,-31
122000081,8,14,-6
122000082,0,0,0
122000083,165,211,-46
122000084,157,172,-15
122000085,114,126,-12
122000086,249,301,-52
122000087,8,7,1
122000088,48,60,-12
122000089,627,206,421
122000090,14,35,-21
122000091,8,11,-3
122000092,1,1,0
122000093,187,513,-326
122000094,992,201,791
122000095,623,261,362
122000096,130,33,97
122000098,1083,596,487
122000099,55,111,-56
122000100,84,56,28
122000101,10,46,-36
122000102,458,146,312
122000103,143,135,8
122000104,30,10,20
122000105,11,16,-5
122000106,51,51,0
122000107,14,13,1
122000108,127,147,-20
122000109,2,10,-8
122000110,57,125,-68
122000111,270,84,186
122000112,35,45,-10
122000113,38,71,-33
122000114,618,799,-181
122000115,718,344,374
122000116,175,58,117
122000117,64,9,55
122000118,45,24,21
122000119,504,380,124
122000120,436,446,-10
122000121,532,300,232
122000122,103,202,-99
122000123,298,72,226
122000124,78,54,24
122000125,587,134,453
122000126,111,143,-32
122000127,146,277,-131
122000128,43,148,-105
122000129,38,9,29
122000130,46,17,29
122000131,42,11,31
122000132,225,59,166
122000133,84,361,-277
122000134,135,105,30
122000135,67,409,-342
122000136,4,7,-3
122000137,13,25,-12
122000139,316,262,54
122000140,314,75,239
122000141,677,82,595
122000142,40,161,-121
122000143,47,23,24
122000144,45,18,27
122000145,37,69,-32
122000146,0,1,-1
122000147,25,5,20
122000148,898,381,517
122000149,280,66,214
122000150,50,30,20
122000151,90,88,2
122000152,48,61,-13
122000153,0,0,0
122000154,0,0,0
122000155,156,72,84
122000156,1420,963,457
122000157,648,570,78
122000158,34,60,-26
122000159,28,44,-16
122000160,154,32,122
122000161,65,20,45
122000162,94,40,54
122000163,25,2,23
122000164,2,8,-6
122000165,36,49,-13
122000166,8,4,4
122000167,96,128,-32
122000168,4,11,-7
122000169,115,67,48
122000170,55,93,-38
122000171,33,48,-15
122000172,138,242,-104
122000173,111,323,-212
122000174,365,346,19
122000175,307,86,221
122000176,5,4,1
122000177,297,576,-279
122000178,28,6,22
122000179,176,187,-11
122000180,296,521,-225
122000181,692,1389,-697
122000182,177,21,156
122000183,194,7,187
122000184,3627,628,2999
122000185,779,540,239
122000186,68,79,-11
122000187,33,92,-59
122000188,124,68,56
122000189,0,0,0
122000190,8,158,-150
122000191,30,18,12
122000192,100,7,93
122000193,2,11,-9
122000194,68,18,50
122000195,3,7,-4
122000196,23,32,-9
122000197,14,8,6
122000198,88,76,12
122000199,38,35,3
122000200,51,32,19
122000201,901,926,-25
122000202,531,467,64
122000203,351,413,-62
122000204,165,372,-207
122000205,95,228,-133
122000206,94,24,70
122000207,28,61,-33
122000208,18,95,-77
122000209,3,1,2
122000210,150,466,-316
122000211,146,300,-154
122000212,94,65,29
122000213,134,156,-22
122000214,145,284,-139
122000215,270,186,84
122000217,337,427,-90
122000218,0,0,0
122000219,436,356,80
122000220,67,224,-157
122000221,11,26,-15
122000222,56,7,49
122000223,99,160,-61
122000225,125,41,84
122000226,127,461,-334
122000227,41,347,-306
122000228,53,138,-85
122000229,11,120,-109
122000230,9,120,-111
122000231,11,130,-119
122000232,3,179,-176
122000233,0,0,0
122000234,6,0,6
122000235,22,9,13
122000236,26,3,23
122000237,2,1,1
122000238,15,3,12
122000239,3,24,-21
122000240,9,4,5
122000241,1,0,1
122000242,0,2,-2
122000243,0,3,-3
122000244,5,111,-106
122000245,30,93,-63
122000246,30,29,1
122000247,79,220,-141
122000248,199,381,-182
122000249,18,25,-7
122000250,57,14,43
122000251,74,80,-6
122000252,49,3,46
122000253,5,93,-88
122000254,15,3,12
122000255,36,60,-24
122000256,101,867,-766
122000257,26,176,-150
122000258,42,31,11
122000259,1,130,-129
122000260,5,35,-30
122000261,0,7,-7
122000262,0,46,-46
122000263,7,41,-34
122000264,0,0,0
122000265,0,0,0
122000266,0,0,0
122000267,0,0,0
122000268,0,0,0
122000269,0,0,0
122000270,0,0,0
122000271,1,3,-2
122000272,2,0,2
122000273,5,9,-4
122000274,0,1,-1
122000275,1,1,0
122000276,13,59,-46
122000277,97,196,-99
122000278,62,75,-13
122000279,28,220,-192
122000280,160,300,-140
122000281,81,208,-127
122000282,14,13,1
122000283,120,24,96
122000284,41,31,10
122000285,85,73,12
122000286,35,93,-58
122000287,17,2,15
122000288,15,5,10
122000291,121,44,77
122000293,19,23,-4
122000294,0,0,0
122000295,7,3,4
122000296,6,78,-72
122000297,288,137,151
122000299,8,30,-22
122000300,106,223,-117
122000301,761,264,497
122000302,59,21,38
122000303,960,372,588
122000304,0,35,-35
122000305,116,53,63
122000306,11,257,-246
122000307,46,30,16
122000309,4,91,-87
122000310,0,4,-4
122000311,5,21,-16
122000312,8,0,8
122000313,2,7,-5
122000314,2,24,-22
122000315,7,1,6
122000316,8,2,6
122000317,24,3,21
122000318,1,5,-4
122000319,34,77,-43
122000320,40,317,-277
122000321,14,140,-126
122000322,532,95,437
122000323,206,105,101
122000324,106,143,-37
122000325,32,91,-59
122000326,0,0,0
122000327,20,62,-42
122000328,120,174,-54
122000330,117,21,96
122000332,5,54,-49
122000333,1,35,-34
122000337,89,738,-649
122000338,44,115,-71
122000340,41,41,0
122000342,159,216,-57
122000343,23,306,-283
122000344,0,0,0
122000345,2,0,2
122000346,16,25,-9
122000348,40,59,-19
122000349,2,134,-132
122000351,0,7,-7
122000352,44,5,39
122000353,1,40,-39
122000355,0,1,-1
122000356,869,315,554
122000357,0,0,0
122000358,0,0,0
122000359,0,0,0
122000360,0,0,0
122000362,2,28,-26
122000364,5,46,-41
122000365,0,0,0
122000366,0,2,-2
122000368,98,99,-1
122000370,1,29,-28
122000371,0,0,0
122000372,0,0,0
122000381,2,62,-60
122000382,2,25,-23
122000384,397,224,173
122000385,0,0,0
122000386,2,46,-44
122000387,22,45,-23
122000388,51,14,37
122000389,75,146,-71
122000390,11,29,-18
122000391,0,0,0
122000392,6,16,-10
122000393,1,5,-4
122000394,3,18,-15
122000395,7,25,-18
122000396,13,14,-1
122000397,6,33,-27
122000398,0,0,0
122000399,4,4,0
122000400,0,0,0
122000401,12,27,-15
122000402,0,0,0
122000403,75,498,-423
122000404,16,27,-11
122000408,240,204,36
122000503,0,0,0
122000524,0,0,0
122000544,0,0,0
122000614,48,17,31
122000616,326,2,324
122000640,0,4,-4
122000641,0,14,-14
122000642,1,11,-10
122000643,0,0,0
122000644,33,36,-3
122000645,44,156,-112
122000651,117,118,-1
122000664,8,8,0
122000665,213,192,21
122000666,44,96,-52
122000673,7,115,-108
122000674,59,10,49
122000675,139,271,-132
122000686,0,1,-1
122000687,24,129,-105
122000688,0,2,-2
122000689,71,234,-163
122000690,88,311,-223
122000691,0,5,-5
122000692,61,118,-57
122000693,0,0,0
122000695,29,149,-120
122000696,3,11,-8
122000698,12,244,-232
122000699,31,1,30
122000701,96,119,-23
122000702,0,0,0
122000703,0,0,0
122000712,0,1,-1
122000717,48,15,33
122000718,32,6,26
122000719,0,2,-2
122000720,3,12,-9
122000724,46,7,39
122900001,0,0,0
122900002,0,0,0
122900003,0,0,0
122900004,0,0,0
122900005,0,0,0
122900006,0,0,0
122900007,0,0,0
122900008,0,0,0
122900009,0,0,0
122900010,0,0,0
122900012,0,0,0
122900014,0,0,0
122900015,0,0,0
122900016,0,0,0
122900017,0,0,0
122900018,0,0,0
122900019,0,22,-22
122900020,0,0,0
122900021,0,0,0
122900022,7,43,-36
122900023,6,11,-5
122900024,6,6,0
122900025,0,0,0
122900026,0,0,0
122900027,2,23,-21
122900028,0,0,0
122900029,0,0,0
122900030,104,14,90
122900031,0,0,0
122900032,8,11,-3
122900033,0,0,0
122900034,0,0,0
122900035,0,0,0
122900036,0,0,0
122900037,0,4,-4
122900038,1,21,-20
122900039,0,0,0
122900040,0,0,0
122900041,0,0,0
122900042,0,0,0
122900043,0,0,0
122900044,0,0,0
122900045,0,0,0
122900046,0,0,0
122900047,0,0,0
122900048,0,0,0
122900049,0,0,0
122900051,0,0,0
122900052,0,2,-2
122900053,0,0,0
122900055,0,0,0
122900057,0,0,0
122900061,0,0,0
122900062,20,3,17
122900063,0,0,0
122900064,0,0,0
122900065,0,3,-3
122900066,2,19,-17
122900067,0,0,0
122900069,1,5,-4
122900070,3,3,0
122900071,0,21,-21
122900073,0,0,0
122900074,0,0,0
122900075,0,5,-5
122900076,0,8,-8
122900077,0,27,-27
122900078,0,25,-25
122900080,0,0,0
122900081,0,0,0
122900082,0,0,0
122900083,0,0,0
122900084,0,0,0
122900086,0,0,0
122900087,0,0,0
122900088,0,0,0
122900089,0,0,0
122900090,1,37,-36
122900091,0,0,0
122900092,0,0,0
122900093,0,0,0
122900094,0,0,0
122900095,0,0,0
122900096,0,0,0
122900097,0,0,0
122900098,0,0,0
122900099,0,0,0
122900100,0,0,0
122900101,0,0,0
122900102,0,0,0
122900103,0,0,0
122900104,0,0,0
122900105,0,0,0
122900106,0,0,0
122900107,0,0,0
122900108,0,0,0
122900109,1,3,-2
123000001,474,175,299
123000002,1525,531,994
123000003,828,639,189
123000004,1395,1555,-160
123000005,213,344,-131
123000006,647,1085,-438
123000007,289,308,-19
123000008,761,1889,-1128
123000009,886,566,320
123000010,2061,2507,-446
123000011,460,219,241
123000012,470,1216,-746
123000013,477,115,362
123000014,510,1476,-966
123000015,969,187,782
123000016,1165,1369,-204
123000017,302,118,184
123000018,1,41,-40
123000019,0,3,-3
123000020,0,3,-3
123000021,0,2,-2
123000022,5,7,-2
123000023,61,87,-26
123000024,56,48,8
123000025,2,5,-3
123000026,3,19,-16
123000027,8,38,-30
123000028,8,2,6
123000029,39,41,-2
123000030,0,135,-135
123000031,2,18,-16
123000032,1,15,-14
123000033,1,0,1
123000034,48,43,5
123000035,12,2,10
123000036,11,6,5
123000037,46,135,-89
123000038,21,77,-56
123000039,145,215,-70
123000040,244,163,81
123000041,41,19,22
123000042,114,175,-61
123000043,288,269,19
123000044,794,549,245
123000045,1765,538,1227
123000046,18,14,4
123000047,521,204,317
123000048,0,0,0
123000049,856,153,703
123000050,112,58,54
123000051,3,16,-13
123000052,105,195,-90
123000053,784,365,419
123000054,272,167,105
123000055,136,114,22
123000056,307,712,-405
123000057,2564,1156,1408
123000058,41,63,-22
123000059,22,21,1
123000060,47,54,-7
123000061,14,37,-23
123000063,118,171,-53
123000064,92,106,-14
123000065,1314,977,337
123000066,195,126,69
123000067,44,62,-18
123000068,870,1176,-306
123000069,2767,1330,1437
123000070,50,55,-5
123000071,14,35,-21
123000072,255,362,-107
123000073,12,23,-11
123000074,143,406,-263
123000075,22,40,-18
123000076,64,199,-135
123000077,1037,814,223
123000078,29,43,-14
123000079,20,26,-6
123000080,312,690,-378
123000081,20,54,-34
123000082,64,145,-81
123000083,31,11,20
123000084,73,264,-191
123000085,1,7,-6
123000086,5,29,-24
123000087,2,27,-25
123000088,108,242,-134
123000089,0,0,0
123000090,292,576,-284
123000091,0,0,0
123000092,235,334,-99
123000094,18,24,-6
123000095,3,12,-9
123000096,6,11,-5
123000097,57,219,-162
123000098,10,10,0
123000099,89,167,-78
123000100,66,96,-30
123000101,2,1,1
123000102,29,83,-54
123000104,24,71,-47
123000105,131,184,-53
123000106,62,58,4
123000107,103,159,-56
123000108,200,226,-26
123000111,14,3,11
123000112,20,26,-6
123000113,53,250,-197
123000114,13,21,-8
123000115,30,68,-38
123000116,8,24,-16
123000117,246,334,-88
123000118,73,166,-93
123000119,44,152,-108
123000120,59,92,-33
123000121,75,57,18
123000122,279,128,151
123000123,135,27,108
123000124,180,217,-37
123000125,64,14,50
123000126,42,89,-47
123000127,907,499,408
123000128,44,108,-64
123000129,0,0,0
123000130,0,0,0
123000131,15,113,-98
123000132,65,145,-80
123000133,66,125,-59
123000134,89,31,58
123000135,65,102,-37
123000136,48,265,-217
123000137,20,100,-80
123000138,9,136,-127
123000139,0,0,0
123000140,37,212,-175
123000141,0,0,0
123000142,256,293,-37
123000143,325,855,-530
123000144,4,2,2
123000145,15,9,6
123000146,0,12,-12
123000147,2,8,-6
123000149,0,0,0
123000150,0,0,0
123000151,29,37,-8
123000152,18,118,-100
123000153,18,22,-4
123000154,170,110,60
123000155,246,165,81
123000156,12,22,-10
123000157,79,218,-139
123000158,0,0,0
123000159,201,111,90
123000160,74,17,57
123000161,138,25,113
123000162,44,39,5
123000163,0,0,0
123000164,0,0,0
123000165,48,406,-358
123000166,2,44,-42
123000167,2,70,-68
123000168,28,80,-52
123000169,2,0,2
123000170,1,78,-77
123000171,0,5,-5
123000172,48,179,-131
123000173,0,0,0
123000174,0,2,-2
123000175,190,455,-265
123000176,0,0,0
123000177,22,189,-167
123000178,1,0,1
123000179,6,105,-99
123000180,186,24,162
123000181,30,248,-218
123000183,46,17,29
123000184,13,167,-154
123000186,2,296,-294
123000187,0,0,0
123000188,0,0,0
123000189,11,48,-37
123000190,0,9,-9
123000192,2,152,-150
123000193,5,96,-91
123000194,70,72,-2
123000195,1,0,1
123000196,0,0,0
123000197,0,35,-35
123000198,0,57,-57
123000199,4,152,-148
123000200,0,0,0
123000201,0,0,0
123000202,11,397,-386
123000203,0,0,0
123000204,5,460,-455
123000205,49,485,-436
123000206,55,2,53
123000207,16,218,-202
123000208,16,2,14
123000209,88,12,76
123000210,89,347,-258
123000211,104,542,-438
123000212,0,1,-1
123000213,0,0,0
123000215,224,29,195
123000216,0,0,0
123000217,0,0,0
123000218,45,97,-52
123000219,0,0,0
123000220,0,0,0
123000221,0,0,0
123000222,1,5,-4
123000223,1,3,-2
123000224,5,41,-36
123000225,5,18,-13
123000226,0,109,-109
123000227,4,91,-87
123000228,3,14,-11
123000229,296,592,-296
123000232,18,173,-155
123000233,0,0,0
123000234,26,244,-218
123000235,0,0,0
123000236,27,232,-205
123000237,0,0,0
123000238,26,174,-148
123000239,66,534,-468
123000240,7,54,-47
123000241,0,0,0
123000242,4,27,-23
123000243,208,331,-123
123000244,226,305,-79
123000245,16,106,-90
123000249,639,278,361
123000252,1,0,1
123000253,1,1,0
123000254,22,171,-149
123000255,31,66,-35
123000256,14,80,-66
123000257,321,469,-148
123000258,156,386,-230
123000259,30,55,-25
123000260,23,100,-77
123000261,14,34,-20
123000262,16,56,-40
123000263,12,3,9
123000264,5,0,5
123000265,3,27,-24
123000266,43,119,-76
123000267,0,1,-1
123000268,2,9,-7
123000269,0,0,0
123000270,0,0,0
123000271,4,17,-13
123000272,0,0,0
123000273,0,0,0
123000274,0,0,0
123000275,36,314,-278
123000278,498,440,58
123000279,0,0,0
123000280,7,55,-48
123000281,1,0,1
123000282,12,55,-43
123000283,0,0,0
123000284,1,28,-27
123000286,45,38,7
123000287,47,44,3
123000288,0,0,0
123000289,0,0,0
123000291,77,374,-297
123000294,13,27,-14
123000295,164,41,123
123000296,34,14,20
123000297,0,14,-14
123000298,7,35,-28
123000299,0,0,0
123000300,24,115,-91
123000301,4,44,-40
123000302,1,7,-6
123000303,2,5,-3
123000305,247,191,56
123000306,1,67,-66
123000309,11,15,-4
123000310,0,0,0
123000311,1,121,-120
123000312,115,294,-179
123000313,4,0,4
123000315,0,15,-15
123000316,91,124,-33
123000317,0,0,0
123000318,2,35,-33
123000329,169,20,149
123000337,0,31,-31
123000338,4,2,2
123000339,2,185,-183
123000340,1,27,-26
123000342,0,37,-37
123000343,0,0,0
123000344,115,76,39
123000345,56,104,-48
123000346,0,0,0
123000352,226,299,-73
123000353,5,17,-12
123000354,11,0,11
123000355,1,82,-81
123000356,0,0,0
123000357,0,59,-59
123000359,1,46,-45
123000360,0,0,0
123000361,12,67,-55
123000362,9,21,-12
123000363,2,57,-55
123000364,14,12,2
123000365,11,65,-54
123000366,61,146,-85
123000367,96,232,-136
123000370,3,65,-62
123000371,0,0,0
123000372,1,0,1
123000373,1,114,-113
123000374,1,51,-50
123000375,3,3,0
123000376,28,47,-19
123000377,0,0,0
123000378,0,84,-84
123000379,0,78,-78
123000380,2,50,-48
123000381,9,0,9
123000382,73,4,69
123000383,10,126,-116
123000384,25,1,24
123000385,20,202,-182
123000436,18,153,-135
123000507,27,15,12
123000508,18,69,-51
123000517,117,15,102
123000518,7,78,-71
123000519,157,70,87
123000520,19,51,-32
123000521,89,51,38
123000522,25,119,-94
123000541,0,0,0
123000542,0,7,-7
123000565,41,3,38
123000566,4,221,-217
123000567,28,52,-24
123000573,28,288,-260
123000574,0,0,0
123000575,69,464,-395
123000576,18,507,-489
123000577,29,278,-249
123000578,0,0,0
123000579,258,57,201
123000580,43,0,43
123000582,1,0,1
123000583,0,109,-109
123000584,0,0,0
123000585,0,22,-22
123000586,0,0,0
123000596,22,36,-14
123000597,0,0,0
123000602,0,0,0
123000603,5,57,-52
123000604,7,281,-274
123000605,343,9,334
123000606,0,572,-572
123000609,4,184,-180
123000610,1,1,0
123000613,76,85,-9
123000614,0,0,0
123000615,77,95,-18
123000616,0,0,0
123000617,45,136,-91
123000618,24,135,-111
123000619,0,0,0
123000620,31,142,-111
123000622,0,0,0
123000624,0,0,0
123000630,0,0,0
123000631,31,464,-433
123000632,279,278,1
123000633,2,108,-106
123000634,0,0,0
123000635,47,36,11
123000636,26,178,-152
123000637,0,0,0
123000638,0,0,0
123000639,0,0,0
123000640,0,285,-285
123000648,0,0,0
123000649,10,120,-110
123000650,0,0,0
123000651,10,95,-85
123900001,31,0,31
123900002,0,0,0
123900003,0,0,0
123900005,0,0,0
123900006,0,0,0
124000001,183,1,182
124000002,53,390,-337
124000003,14,1,13
124000004,8,198,-190
124000005,12,2,10
124000006,74,439,-365
124000007,1,0,1
124000008,4,160,-156
124000009,0,1,-1
124000010,44,225,-181
124000011,0,0,0
124000012,34,333,-299
124000017,0,0,0
124000018,49,32,17
124000019,0,0,0
124000020,16,77,-61
124000021,0,0,0
124000022,45,106,-61
124000023,229,117,112
124000024,185,189,-4
124000025,197,94,103
124000026,236,222,14
124000027,1274,231,1043
124000028,820,1618,-798
124000030,624,389,235
124000031,65,4,61
124000032,943,372,571
124000033,98,1,97
124000034,311,522,-211
124000035,8,0,8
124000036,39,306,-267
124000037,6,1,5
124000038,7,39,-32
124000039,77,45,32
124000040,69,128,-59
124000041,30,7,23
124000042,10,120,-110
124000043,7,8,-1
124000044,23,84,-61
124000045,0,0,0
124000046,41,261,-220
124000047,0,0,0
124000048,119,528,-409
124000049,0,0,0
124000050,157,737,-580
124000051,0,0,0
124000052,86,439,-353
124000053,0,0,0
124000054,141,286,-145
124000055,0,0,0
124000056,552,695,-143
124000057,0,0,0
124000058,108,543,-435
124000059,32,23,9
124000060,313,237,76
124000061,15,63,-48
124000062,1450,531,919
124000063,527,734,-207
124000064,501,729,-228
124000065,3,44,-41
124000066,0,0,0
124000067,0,0,0
124000068,5,18,-13
124000069,0,0,0
124000070,17,117,-100
124000071,0,0,0
124000072,31,73,-42
124000073,0,0,0
124000074,28,184,-156
124000075,0,0,0
124000076,8,57,-49
124000077,264,156,108
124000078,31,4,27
124000079,165,149,16
124000080,0,0,0
124000081,26,151,-125
124000082,0,0,0
124000083,4,30,-26
124000084,0,0,0
124000085,8,15,-7
124000086,0,0,0
124000087,0,0,0
124000088,0,5,-5
124000089,7,3,4
124000090,23,140,-117
124000091,13,10,3
124000092,11,304,-293
124000093,0,0,0
124000094,6,32,-26
124000095,0,0,0
124000096,10,35,-25
124000097,0,0,0
124000098,4,72,-68
124000099,1,2,-1
124000100,9,43,-34
124000101,2,3,-1
124000102,19,37,-18
124000103,2,9,-7
124000104,13,38,-25
124000105,1,6,-5
124000106,39,38,1
124000107,1,6,-5
124000108,28,18,10
124000109,0,0,0
124000110,14,44,-30
124000111,10,17,-7
124000112,27,84,-57
124000113,0,0,0
124000114,24,66,-42
124000115,41,58,-17
124000116,0,0,0
124000117,24,17,7
124000118,0,2,-2
124000119,42,120,-78
124000120,0,5,-5
124000121,62,15,47
124000122,368,296,72
124000123,108,62,46
124000124,77,186,-109
124000125,51,54,-3
124000126,100,166,-66
124000127,84,67,17
124000128,98,393,-295
124000129,130,313,-183
124000130,289,207,82
124000131,99,59,40
124000132,371,386,-15
124000133,39,53,-14
124000134,110,187,-77
124000135,81,75,6
124000136,116,273,-157
124000137,29,26,3
124000138,192,210,-18
124000139,3,0,3
124000140,30,141,-111
124000141,5,1,4
124000142,25,129,-104
124000143,0,0,0
124000144,0,62,-62
124000145,0,0,0
124000146,2,42,-40
124000148,0,0,0
124000149,10,2,8
124000150,92,160,-68
124000151,4,2,2
124000152,114,260,-146
124000153,5,5,0
124000154,64,235,-171
124000155,19,13,6
124000156,275,290,-15
124000169,3,9,-6
124000170,89,97,-8
124000171,1,8,-7
124000172,21,127,-106
124000173,5,9,-4
124000174,34,179,-145
124000175,8,45,-37
124000176,0,0,0
124000177,7,28,-21
124000178,0,0,0
124000185,0,1,-1
124000186,4,11,-7
124000187,4,16,-12
124000188,2,1,1
124000190,4,3,1
124000191,20,6,14
124000192,0,0,0
124000193,54,380,-326
124000194,98,189,-91
124000195,12,96,-84
124000196,264,505,-241
124000197,12,8,4
124000198,0,2,-2
124000201,7,241,-234
124000202,0,0,0
124000203,7,242,-235
124000204,2,38,-36
124000205,1,193,-192
124000206,0,28,-28
124000207,2,66,-64
124000209,30,123,-93
124000210,3,86,-83
124000211,0,0,0
124000212,4,149,-145
124000213,1,118,-117
124000214,2,175,-173
124000215,0,0,0
124000216,0,135,-135
124000329,21,417,-396
124000338,16,433,-417
124000339,0,0,0
124000341,1,0,1
124000344,0,2,-2
124000357,70,30,40
124000358,90,63,27
124000359,28,33,-5
124000360,4,11,-7
124000361,12,4,8
124000362,362,704,-342
124000363,110,272,-162
124000364,161,645,-484
124000365,418,1139,-721
124000366,551,858,-307
124000367,40,196,-156
124000368,0,0,0
124000369,2,4,-2
124000370,11,184,-173
124000402,0,0,0
124000403,0,0,0
124000404,0,36,-36
124000405,188,94,94
124000406,245,333,-88
124000407,0,12,-12
124000411,1,93,-92
124000412,0,0,0
124000413,0,0,0
124000414,8,18,-10
124000415,8,40,-32
124000416,16,62,-46
124000417,17,12,5
124000418,0,17,-17
124000419,9,51,-42
124000420,2,4,-2
124000421,11,88,-77
124000422,1,4,-3
124000423,4,4,0
124000424,1,58,-57
124000425,0,0,0
124000426,3,75,-72
124000427,0,0,0
124000428,0,9,-9
124000429,1,131,-130
124000430,20,62,-42
124000431,12,86,-74
124000432,29,120,-91
124000439,0,0,0
124000443,7,2,5
124000445,7,2,5
124000446,204,14,190
124000447,0,0,0
124000448,3,0,3
124000449,0,3,-3
124000450,0,62,-62
124000451,0,34,-34
124900001,0,0,0
124900002,0,0,0
124900003,0,0,0
124900004,0,0,0
124900005,0,0,0
124900006,0,0,0
124900008,0,0,0
124900009,0,0,0
124900010,0,0,0
124900011,0,0,0
124900012,0,0,0
124900013,0,0,0
124900014,0,0,0
124900015,0,0,0
124900016,0,0,0
124900017,0,0,0
124900018,0,0,0
124900020,0,0,0
124900021,0,0,0
124900022,0,0,0
124900024,0,0,0
124900026,0,5,-5
124900027,0,0,0
124900028,0,0,0
124900029,0,0,0
124900030,0,0,0
124900031,0,0,0
124900032,0,0,0
124900033,0,0,0
124900034,0,0,0
124900035,0,3,-3
124900036,0,0,0
124900037,1,0,1
124900039,0,0,0
124900040,0,0,0
124900042,0,0,0
124900043,11,52,-41
124900044,0,0,0
124900045,27,24,3
124900047,38,27,11
124900048,1,2,-1
124900050,3,8,-5
124900052,3,23,-20
124900053,5,95,-90
124900054,242,56,186
124900055,2,28,-26
124900057,0,11,-11
124900060,194,104,90
124900061,0,0,0
124900062,0,0,0
124900066,0,14,-14
124900067,0,32,-32
124900068,0,0,0
124900070,0,0,0
124900072,0,0,0
124900075,0,0,0
124900076,0,0,0
124900077,0,0,0
124900078,0,0,0
124900079,3,0,3
124900080,14,72,-58
124900081,0,0,0
124900082,1,6,-5
124900083,11,78,-67
124900085,0,0,0
124900086,0,0,0
124900087,0,0,0
124900088,0,0,0
124900089,52,0,52
124900090,0,0,0
124900091,0,0,0
124900092,0,0,0
124900093,0,0,0
124900094,0,0,0
124900095,0,0,0
124900096,0,0,0
124900097,0,0,0
124900098,0,0,0
124900099,0,0,0
124900100,0,0,0
124900101,0,0,0
124900102,0,0,0
124900103,2,3,-1
124900104,0,2,-2
124900105,0,2,-2
124900106,0,0,0
124900107,0,0,0
124900108,0,0,0
124900111,0,10,-10
124900112,7,83,-76
124900113,0,4,-4
124900114,0,2,-2
124900115,0,0,0
124900116,0,1,-1
124900117,0,0,0
124900118,0,0,0
124900119,0,0,0
124900120,2,43,-41
124900121,0,0,0
124900122,94,36,58
124900123,0,0,0
124900124,13,16,-3
204000001,0,0,0
204000002,0,0,0
204000003,0,0,0
204000004,0,0,0
204000005,0,0,0
204000006,0,0,0
204000011,38,81,-43
204000012,5,138,-133
204000019,156,118,38
204000020,43,108,-65
204000021,130,101,29
204000022,88,114,-26
204000023,173,725,-552
204000031,0,0,0
204000032,0,0,0
204000034,74,271,-197
204000035,10,3,7
204000036,13,13,0
204000037,19,13,6
204000038,1,17,-16
204000039,7,21,-14
204000040,4,16,-12
204000041,4,14,-10
204000042,0,0,0
204000043,0,0,0
204000044,0,0,0
204000045,0,0,0
204000046,0,0,0
204000057,3,9,-6
204000062,29,138,-109
204000068,26,125,-99
204000069,14,50,-36
204000070,0,0,0
204000080,36,86,-50
204000085,303,522,-219
204000086,772,826,-54
204000087,53,98,-45
204000088,24,102,-78
204000090,38,245,-207
204000093,0,0,0
204000096,0,0,0
204000097,0,0,0
204000099,11,15,-4
204000100,1,2,-1
204000105,471,472,-1
204000110,209,670,-461
204000111,166,326,-160
204000112,93,359,-266
204000113,82,307,-225
204000114,51,39,12
204000115,36,37,-1
204000116,68,47,21
204000119,0,0,0
204000132,0,0,0
204000133,0,0,0
204000134,0,0,0
204000135,0,0,0
204000136,0,0,0
204000138,0,0,0
204000140,0,0,0
204000141,0,0,0
204000144,0,0,0
204000145,0,0,0
204000146,65,183,-118
204000147,15,83,-68
204000148,0,0,0
204000154,0,0,0
204000155,3,6,-3
204000177,0,0,0
204000179,0,0,0
204000180,0,89,-89
204000222,0,3,-3
204000235,11,9,2
204000236,19,164,-145
204000238,0,0,0
204000240,35,23,12
204000263,191,368,-177
204000268,0,0,0
204000308,0,0,0
204000317,20,32,-12
204000322,8,22,-14
204000323,0,0,0
204000328,0,0,0
204000329,54,83,-29
204000330,0,0,0
204000331,94,111,-17
205000001,637,491,146
205000013,4,57,-53
205000014,11,103,-92
205000015,29,199,-170
205000016,4,120,-116
205000017,17,44,-27
205000022,146,394,-248
205000025,722,585,137
205000029,48,20,28
205000045,20,103,-83
205000046,24,242,-218
205000047,21,230,-209
205000048,72,399,-327
205000049,64,420,-356
205000050,296,226,70
205000059,1,201,-200
205000060,0,25,-25
205000061,3,7,-4
205000062,0,1,-1
205000063,2,20,-18
205000064,3,73,-70
205000065,13,210,-197
205000066,22,402,-380
205000067,7,605,-598
205000069,308,172,136
205000082,0,0,0
205000110,28,131,-103
205000111,85,126,-41
205000112,0,0,0
205000113,98,104,-6
205000121,0,0,0
205000123,96,108,-12
205000126,0,0,0
205000127,0,0,0
205000128,0,0,0
205000129,0,0,0
205000130,0,0,0
205000131,0,0,0
205000132,0,0,0
205000133,0,0,0
205000134,0,0,0
205000137,31,96,-65
205000138,110,142,-32
205000139,9,34,-25
205000144,0,0,0
205000145,0,0,0
205000151,0,0,0
205000152,0,0,0
205000153,0,0,0
205000154,0,0,0
205000155,0,0,0
205000207,215,214,1
205000233,0,0,0
205000234,0,1,-1
205000243,0,0,0
205000244,0,5,-5
205000245,12,212,-200
205000249,0,13,-13
205000250,0,0,0
205000264,8,79,-71
206000027,0,0,0
206000028,0,0,0
206000043,3,110,-107
206000053,8,9,-1
206000054,18,37,-19
206000055,5,36,-31
206000075,3,8,-5
206000076,18,16,2
206000077,10,8,2
206000078,10,15,-5
206000079,25,9,16
206000082,0,0,0
206000100,29,438,-409
206000103,11,36,-25
206000104,17,27,-10
206000105,4,33,-29
206000106,40,49,-9
206000125,0,0,0
206000157,260,615,-355
206000170,1,213,-212
206000171,2,199,-197
206000172,11,540,-529
206000173,0,156,-156
206000174,4,139,-135
206000175,2,154,-152
206000176,20,260,-240
206000177,1,177,-176
206000178,3,108,-105
206000179,0,53,-53
206000180,23,134,-111
206000181,4,159,-155
206000182,59,193,-134
206000183,34,421,-387
206000184,11,226,-215
206000185,12,207,-195
206000186,77,603,-526
206000223,3,143,-140
206000226,0,0,0
206000227,0,0,0
206000237,9,200,-191
206000238,35,268,-233
206000239,404,629,-225
206000240,0,41,-41
206000241,0,165,-165
206000242,20,269,-249
206000243,3,238,-235
206000244,92,535,-443
206000245,44,6,38
206000246,10,1,9
206000247,17,3,14
206000248,8,1,7
206000252,22,51,-29
206000258,10,35,-25
206000315,28,3,25
206000317,44,14,30
206000318,48,11,37
206000319,52,18,34
206000320,13,2,11
206000321,12,1,11
206000322,0,0,0
206000323,0,0,0
206000324,0,0,0
206000325,0,0,0
206000326,0,0,0
206000327,2,3,-1
206000328,12,0,12
206000329,21,2,19
206000330,1,0,1
206000331,1,0,1
206000332,3,0,3
206000333,12,0,12
206000334,2,0,2
206000335,0,29,-29
206000361,12,236,-224
206000392,5,47,-42
206000405,15,1,14
206000441,0,0,0
206000498,1,6,-5
206000515,223,20,203
206000530,0,0,0
206000531,0,0,0
206000532,0,0,0
206000535,93,308,-215
206000536,4,93,-89
206000537,5,48,-43
206000613,0,0,0
206000784,436,84,352
207000001,78,299,-221
207000002,21,289,-268
207000003,36,168,-132
207000007,48,9,39
207000008,4,1,3
207000009,7,7,0
207000010,156,179,-23
207000012,0,0,0
207000015,213,435,-222
207000019,40,26,14
207000021,31,19,12
207000022,5,9,-4
207000023,14,8,6
207000024,0,3,-3
207000025,1,5,-4
207000026,51,94,-43
207000027,8,68,-60
207000028,19,143,-124
207000029,105,234,-129
207000033,47,39,8
207000034,28,8,20
207000039,0,0,0
207000040,0,0,0
207000041,0,0,0
207000042,0,0,0
207000043,0,0,0
207000051,26,240,-214
207000052,3,126,-123
207000053,261,386,-125
207000054,13,64,-51
207000055,41,96,-55
207000056,97,204,-107
207000057,89,170,-81
207000058,60,285,-225
207000059,31,425,-394
207000060,23,84,-61
207000061,15,17,-2
207000062,22,28,-6
207000063,35,84,-49
207000064,74,50,24
207000065,50,75,-25
207000066,20,73,-53
207000067,5,57,-52
207000068,13,20,-7
207000069,221,95,126
207000082,4,24,-20
207000083,21,96,-75
207000084,6,4,2
207000085,11,1,10
207000086,4,1,3
207000106,0,0,0
207000107,0,0,0
207000108,0,0,0
207000109,0,0,0
207000110,0,0,0
207000111,0,0,0
207000112,0,0,0
207000114,4,26,-22
207000115,5,49,-44
207000116,19,218,-199
207000117,3,57,-54
207000118,0,77,-77
207000119,9,83,-74
207000123,0,0,0
207000124,0,0,0
207000125,0,0,0
207000126,0,0,0
207000134,2,6,-4
207000135,1,6,-5
207000148,0,0,0
207000149,17,17,0
207000152,73,239,-166
207000153,822,667,155
207000154,55,34,21
207000159,28,117,-89
207000160,42,312,-270
207000238,0,35,-35
207000242,0,71,-71
207000248,12,10,2
207000249,35,41,-6
207000250,123,32,91
207000251,29,34,-5
207000252,14,41,-27
207000278,0,0,0
207000279,29,122,-93
207000280,16,0,16
207000281,40,320,-280
207000282,4,2,2
207000283,4,47,-43
207000284,7,10,-3
207000285,1,0,1
207000291,9,66,-57
207000304,27,18,9
207000306,38,230,-192
207000310,0,0,0
207000353,0,0,0
207000356,11,11,0
207000357,0,0,0
207000358,0,0,0
207000415,7,77,-70
207000417,0,0,0
207000418,46,61,-15
207000438,0,1,-1
207000439,257,61,196
207000446,0,0,0
207000460,1,0,1
207000466,83,152,-69
207000467,0,0,0
207000468,19,240,-221
207000476,3,10,-7
207000477,2,14,-12
207000478,0,7,-7
207000523,0,24,-24
207000524,0,1,-1
207000527,29,39,-10
207000530,0,0,0
207000531,0,0,0
207000532,0,0,0
207000534,0,0,0
207000535,25,111,-86
207000537,19,37,-18
207000540,1,85,-84
207000541,3,176,-173
207000548,6,131,-125
207000549,0,0,0
207000561,0,0,0
207000562,13,65,-52
207000567,103,141,-38
207000568,3,9,-6
207000569,9,217,-208
207000584,133,62,71
207000585,0,0,0
207000587,0,0,0
207000616,0,164,-164
207000617,0,0,0
207000624,0,0,0
207000631,0,0,0
207900008,5,24,-19
208000001,15,65,-50
208000002,18,47,-29
208000003,33,55,-22
208000004,72,56,16
208000005,1,30,-29
208000019,0,1,-1
208000020,0,0,0
208000021,21,149,-128
208000022,154,167,-13
208000028,60,20,40
208000033,96,179,-83
208000034,196,336,-140
208000037,0,0,0
208000040,0,1,-1
208000041,3,0,3
208000042,0,1,-1
208000047,23,108,-85
208000064,3,0,3
208000066,0,0,0
208000070,0,0,0
208000071,1,0,1
208000072,0,0,0
208000080,12,20,-8
208000081,6,26,-20
208000082,35,98,-63
208000083,42,258,-216
208000084,0,0,0
208000085,263,221,42
208000086,181,414,-233
208000087,70,318,-248
208000089,180,142,38
208000090,130,259,-129
208000093,14,25,-11
208000094,107,145,-38
208000095,195,170,25
208000104,0,3,-3
208000105,0,0,0
208000114,0,0,0
208000115,42,132,-90
208000116,0,2,-2
208000117,0,0,0
208000118,0,0,0
208000155,101,403,-302
208000158,763,715,48
208000186,2,0,2
208000204,117,315,-198
208000205,213,368,-155
208000282,1187,354,833
209000004,33,31,2
209000005,7,17,-10
209000006,79,99,-20
209000007,81,74,7
209000010,147,62,85
209000011,35,74,-39
209000012,57,163,-106
209000013,37,272,-235
209000014,189,721,-532
209000025,28,41,-13
209000026,117,26,91
209000027,78,476,-398
209000028,84,568,-484
209000029,184,499,-315
209000030,125,744,-619
209000031,1463,1644,-181
209000034,70,277,-207
209000035,37,145,-108
209000036,50,78,-28
209000037,41,91,-50
209000038,42,124,-82
209000039,33,90,-57
209000040,105,261,-156
209000041,99,231,-132
209000042,116,188,-72
209000043,126,184,-58
209000044,148,222,-74
209000045,32,85,-53
209000046,26,140,-114
209000047,26,46,-20
209000048,16,79,-63
209000049,55,90,-35
209000050,109,133,-24
209000051,98,214,-116
209000052,49,146,-97
209000062,7,72,-65
209000063,10,43,-33
209000064,6,90,-84
209000065,0,0,0
209000066,0,0,0
209000067,0,0,0
209000080,12,67,-55
209000082,0,0,0
209000091,18,27,-9
209000093,43,24,19
209000094,202,83,119
209000110,0,0,0
209000111,117,478,-361
209000112,105,163,-58
209000113,184,124,60
209000114,86,97,-11
209000115,53,53,0
209000116,556,259,297
209000118,0,0,0
209000119,22,9,13
209000121,72,333,-261
209000135,0,0,0
209000142,466,230,236
209000143,7,21,-14
209000144,11,28,-17
209000229,21,57,-36
209000240,24,162,-138
209000259,66,67,-1
209000260,4,372,-368
209000261,1,159,-158
209000262,0,120,-120
209000263,0,43,-43
209000264,0,8,-8
209000265,0,1,-1
209000266,0,0,0
209000267,0,0,0
209000268,0,0,0
210000037,0,0,0
210000047,0,0,0
210000048,0,0,0
210000049,0,0,0
210000052,4,70,-66
210000053,6,30,-24
210000054,19,44,-25
210000070,0,0,0
210000071,0,0,0
210000072,0,0,0
210000073,0,9,-9
210000074,0,39,-39
210000075,1,29,-28
210000076,2,85,-83
210000077,6,20,-14
210000078,6,13,-7
210000079,0,0,0
210000080,0,0,0
210000081,0,0,0
210000082,0,0,0
210000083,0,0,0
210000084,0,0,0
210000085,0,37,-37
210000086,0,38,-38
210000099,14,161,-147
210000100,17,119,-102
210000101,39,191,-152
210000105,30,38,-8
210000159,0,45,-45
210000163,61,122,-61
210000164,0,0,0
210000168,0,0,0
210000187,0,9,-9
210000188,0,12,-12
210000214,0,0,0
210000219,0,0,0
210000220,0,0,0
210000232,3,17,-14
210000233,1,16,-15
210000234,12,24,-12
210000235,26,36,-10
210000245,0,18,-18
210000246,0,1,-1
210000258,1,63,-62
210000259,0,0,0
210000282,12,102,-90
210000285,2,36,-34
210000286,5,83,-78
210000290,0,0,0
210000295,10,34,-24
210000296,7,15,-8
210000320,0,0,0
210000321,0,0,0
210000338,24,52,-28
210000339,251,245,6
210000340,62,94,-32
210000341,62,91,-29
210000342,52,73,-21
210000343,45,98,-53
210000344,43,44,-1
210000345,49,48,1
210000346,5,32,-27
210000347,2,12,-10
210000348,23,5,18
210000349,5,13,-8
210000350,29,41,-12
210000351,38,72,-34
210000352,0,0,0
210000353,1,0,1
210000354,1,0,1
210000355,0,0,0
210000356,0,0,0
210000357,0,0,0
210000358,0,0,0
210000359,0,0,0
210000360,0,2,-2
210000361,0,0,0
210000362,0,0,0
210000363,0,0,0
210000364,0,0,0
210000365,0,0,0
210000366,0,0,0
210000367,0,0,0
210000368,0,0,0
210000369,0,0,0
210000370,0,0,0
210000372,0,0,0
210000373,0,0,0
210000374,0,0,0
210000375,1,0,1
210000376,0,0,0
210000404,74,73,1
210000439,0,0,0
210000472,0,0,0
210000482,0,0,0
210000564,0,0,0
210000567,0,0,0
210000568,0,0,0
211000092,0,0,0
211000094,0,1,-1
211000169,1,0,1
211000172,0,0,0
211000209,0,0,0
211000226,0,0,0
211000270,0,4,-4
211000275,0,0,0
211000276,0,0,0
211000279,0,0,0
211000281,0,0,0
211000302,0,0,0
211507980,0,0,0
211977296,0,0,0
212000003,0,0,0
212000004,1,11,-10
212000005,10,10,0
212000006,11,28,-17
212000008,57,131,-74
212000009,8,79,-71
212000012,15,38,-23
212000013,10,31,-21
212000014,144,77,67
212000015,83,96,-13
212000016,238,259,-21
212000027,3,1,2
212000028,1,0,1
212000029,1,1,0
212000030,0,0,0
212000031,0,1,-1
212000048,2,25,-23
212000049,20,10,10
212000050,7,7,0
212000051,45,132,-87
212000052,57,171,-114
212000053,146,301,-155
212000054,0,0,0
212000055,0,0,0
212000056,0,0,0
212000057,0,0,0
212000058,0,0,0
212000070,51,118,-67
212000077,47,357,-310
212000099,0,1,-1
212000108,0,0,0
212000111,0,0,0
212000120,46,74,-28
212000138,19,24,-5
212000156,4,38,-34
212000158,0,1,-1
212000159,0,5,-5
212000160,1,0,1
212000161,0,1,-1
212000310,6,24,-18
212000311,0,0,0
212000374,7,14,-7
213000001,3,129,-126
213000005,11,1,10
213000006,10,2,8
213000007,0,0,0
213000009,0,0,0
213000010,0,0,0
213000011,0,0,0
213000012,45,141,-96
213000014,0,0,0
213000015,0,0,0
213000016,0,0,0
213000017,0,0,0
213000018,0,70,-70
213000019,0,57,-57
213000020,15,86,-71
213000021,4,37,-33
213000023,0,0,0
213000033,39,165,-126
213000034,0,0,0
213000035,0,0,0
213000045,22,40,-18
213000046,32,20,12
213000047,158,65,93
213000056,0,0,0
213000069,0,0,0
213000073,0,4,-4
213000074,36,142,-106
213000075,0,0,0
213000076,0,0,0
213000085,0,16,-16
213000086,2,94,-92
213000091,0,0,0
213000092,0,0,0
213000099,67,198,-131
213000100,0,0,0
213000101,2,33,-31
213000102,2,81,-79
213000103,33,119,-86
213000104,19,76,-57
213000105,1,30,-29
213000106,7,78,-71
213000107,21,200,-179
213000108,3,151,-148
213000109,1,76,-75
213000110,1,21,-20
213000111,2,11,-9
213000112,69,31,38
213000115,0,0,0
213000116,15,62,-47
213000117,1,133,-132
213000118,50,44,6
213000119,21,342,-321
213000120,33,233,-200
213000122,51,177,-126
213000123,193,232,-39
213000124,16,340,-324
213000125,0,0,0
213000126,12,39,-27
213000127,21,60,-39
213000128,129,117,12
213000129,0,0,0
213000130,0,0,0
213000132,0,0,0
213000133,0,0,0
213000134,0,0,0
213000136,1,0,1
213000137,1,0,1
213000139,0,0,0
213000147,0,0,0
213000148,0,0,0
213000149,0,0,0
213000150,0,27,-27
213000151,0,35,-35
213000152,0,19,-19
213000153,0,10,-10
213000154,4,110,-106
213000155,9,92,-83
213000156,11,160,-149
213000157,128,251,-123
213000158,33,159,-126
213000159,0,0,0
213000163,0,0,0
213000165,0,0,0
213000171,0,47,-47
213000172,0,79,-79
213000173,2,58,-56
213000174,0,63,-63
213000175,2,25,-23
213000176,0,0,0
213000177,0,0,0
213000178,0,0,0
213000179,0,0,0
213000180,0,0,0
213000184,22,82,-60
213000188,0,0,0
213000189,0,0,0
213000190,14,238,-224
213000191,5,167,-162
213000192,26,174,-148
213000193,551,67,484
213000194,0,5,-5
213000195,3,145,-142
213000196,19,354,-335
213000197,0,0,0
213000198,0,0,0
213000200,57,304,-247
213000201,41,8,33
213000202,2,279,-277
213000203,0,0,0
213000204,0,0,0
213000205,0,0,0
213000206,0,0,0
213000207,0,0,0
213000208,0,0,0
213000209,0,0,0
213000210,0,0,0
213000211,0,0,0
213000212,0,2,-2
213000213,1,12,-11
213000218,40,245,-205
213000219,0,0,0
213000220,0,0,0
213000223,0,2,-2
213000224,0,0,0
213000225,0,0,0
213000226,0,0,0
213000227,1,0,1
213000228,0,0,0
213000229,0,0,0
213000230,0,0,0
213000232,16,205,-189
213000233,1,7,-6
213000234,1,23,-22
213000293,0,23,-23
213000294,0,0,0
213000295,3,22,-19
213000296,0,0,0
213000297,1,38,-37
213000298,18,28,-10
213000299,0,0,0
213000300,0,0,0
213000303,15,34,-19
213000304,6,1,5
213000305,0,0,0
213000306,13,5,8
213000307,0,0,0
213000308,28,77,-49
213000309,0,0,0
213000310,0,0,0
213000311,73,110,-37
213000315,12,35,-23
213000316,0,0,0
213000322,10,23,-13
213000323,1,12,-11
213000324,1,24,-23
213000325,0,2,-2
213000326,1,20,-19
213000327,0,0,0
213000328,2,8,-6
213000329,0,0,0
213000340,28,417,-389
213000341,0,0,0
213000346,0,0,0
213000347,0,0,0
213000348,0,40,-40
213000349,2,1,1
213000350,41,306,-265
213000366,7,75,-68
213000367,6,0,6
213000379,7,58,-51
213000386,0,75,-75
213000406,27,96,-69
213000417,48,11,37
213000425,0,0,0
213000426,0,14,-14
213000427,0,60,-60
213000428,0,41,-41
213000429,0,0,0
213000430,0,48,-48
213000431,24,0,24
213000432,0,1,-1
213000433,0,15,-15
213000434,0,0,0
213000435,2,16,-14
213000436,0,0,0
213000437,0,0,0
213000438,0,0,0
213000439,0,0,0
213000440,1,22,-21
213000441,0,0,0
213000442,0,6,-6
213000443,4,9,-5
213000444,5,21,-16
213000445,0,7,-7
213000446,0,1,-1
213000447,0,1,-1
213000448,0,0,0
213000449,0,0,0
213000450,0,0,0
213000451,0,0,0
213000452,0,0,0
213000453,15,94,-79
213000455,0,0,0
213000456,0,22,-22
213000481,0,0,0
213000482,0,0,0
213000489,0,0,0
213000491,0,13,-13
213000492,0,1,-1
213000493,1,9,-8
213000494,0,0,0
213000495,1,30,-29
213000496,0,0,0
213000497,4,108,-104
213000498,14,73,-59
213000499,11,164,-153
213000500,0,0,0
213000501,0,0,0
213000502,0,0,0
213000503,0,20,-20
213000504,13,59,-46
213000505,1,9,-8
213000506,0,8,-8
213000507,0,107,-107
213900244,0,0,0
213900245,0,15,-15
218000003,11,15,-4
218000004,2,7,-5
218000005,0,0,0
218000006,5,39,-34
218000007,1,9,-8
218000012,110,24,86
218000013,41,154,-113
218000014,287,234,53
218000019,558,217,341
218000020,242,234,8
218000040,4,3,1
218000046,3,78,-75
218000047,3,77,-74
218000048,7,143,-136
218000049,18,70,-52
218000050,69,166,-97
218000051,22,215,-193
218000052,0,25,-25
218000053,1,15,-14
218000054,2,16,-14
218000055,0,8,-8
218000056,3,21,-18
218000057,4,5,-1
218000064,0,0,0
218000065,3,2,1
218000066,0,0,0
218000067,17,78,-61
218000068,15,49,-34
218000069,39,136,-97
218000070,34,193,-159
218000071,110,164,-54
218000072,219,192,27
218000078,209,476,-267
218000079,13,53,-40
218000080,43,73,-30
218000081,95,86,9
218000082,5,46,-41
218000083,11,44,-33
218000084,25,116,-91
218000085,135,222,-87
218000086,14,92,-78
218000087,80,96,-16
218000090,21,54,-33
218000091,204,130,74
218000092,45,140,-95
218000093,87,87,0
218000094,169,549,-380
218000099,113,247,-134
218000100,81,228,-147
218000101,33,77,-44
218000102,70,121,-51
218000103,16,100,-84
218000104,4,21,-17
218000105,8,10,-2
218000106,10,17,-7
218000107,14,134,-120
218000108,0,60,-60
218000112,14,14,0
218000117,0,0,0
218000134,149,252,-103
218000135,21,36,-15
218000136,38,16,22
218000137,23,62,-39
218000138,0,30,-30
218000139,14,72,-58
218000140,20,59,-39
218000141,1,5,-4
218000142,31,57,-26
218000143,7,80,-73
218000144,3,19,-16
218000145,42,128,-86
218000146,32,85,-53
218000151,11,7,4
218000152,13,26,-13
218000170,0,17,-17
218000171,16,4,12
218000172,1,4,-3
218000173,3,5,-2
218000174,0,1,-1
218000176,38,14,24
218000177,125,23,102
218000178,37,13,24
218000179,57,25,32
218000180,21,7,14
218000181,43,1,42
218000187,2,5,-3
218000188,4,8,-4
218000189,8,19,-11
218000190,2,6,-4
218000191,27,68,-41
218000192,50,199,-149
218000193,218,174,44
218000194,21,230,-209
218000195,58,63,-5
218000196,100,188,-88
218000197,64,155,-91
218000198,1,91,-90
218000199,27,25,2
218000200,6,28,-22
218000201,3,4,-1
218000202,74,53,21
218000207,1,28,-27
218000208,6,22,-16
218000211,4,25,-21
218000213,40,14,26
218000214,1,3,-2
218000215,14,26,-12
218000217,0,22,-22
218000218,54,27,27
218000219,7,4,3
218000220,60,101,-41
218000221,80,119,-39
218000222,17,37,-20
218000223,151,45,106
218000224,0,31,-31
218000225,107,24,83
218000226,31,19,12
218000232,28,33,-5
218000239,0,0,0
218000240,0,0,0
218000241,0,0,0
218000242,0,0,0
218000243,0,0,0
218000244,0,0,0
218000245,0,0,0
218000246,0,0,0
218000247,0,0,0
218000248,0,6,-6
218000249,0,1,-1
218000250,2,5,-3
218000251,1,11,-10
218000252,0,19,-19
218000253,0,3,-3
218000254,0,2,-2
218000255,0,4,-4
218000256,1,6,-5
218000267,60,452,-392
218000268,0,43,-43
218000269,1,10,-9
218000270,17,145,-128
218000271,72,235,-163
218000273,0,0,0
218000274,0,0,0
218000275,16,43,-27
218000276,6,88,-82
218000278,29,30,-1
218000279,14,47,-33
218000280,6,36,-30
218000281,1,10,-9
218000282,56,24,32
218000284,0,0,0
218000301,14,33,-19
218000302,9,15,-6
218000303,11,24,-13
218000316,304,298,6
218000317,150,392,-242
218000318,65,278,-213
218000319,245,587,-342
218000320,222,340,-118
218000338,1,6,-5
218000345,17,48,-31
218000346,0,0,0
218000459,11,64,-53
218000490,2,22,-20
218000501,12,1,11
218000502,9,71,-62
218000503,11,2,9
218000504,18,5,13
218000505,14,106,-92
218000506,39,87,-48
218000508,0,3,-3
218000510,42,8,34
218000520,28,84,-56
218000521,1,4,-3
218000522,0,36,-36
218000523,5,3,2
218000524,9,21,-12
218000525,1,1,0
218000526,4,19,-15
218000529,5,16,-11
218000531,0,0,0
218000532,8,36,-28
218000534,0,0,0
218000537,0,0,0
218000538,23,43,-20
218000540,76,38,38
218000543,83,28,55
218000544,31,173,-142
218000545,16,18,-2
218000546,22,85,-63
218000547,23,27,-4
218000548,45,106,-61
218000549,49,51,-2
218000550,121,240,-119
218000551,176,128,48
218000552,75,25,50
218000553,3,11,-8
218000554,3,10,-7
218000555,3,16,-13
218000556,91,211,-120
218000557,161,40,121
218000558,0,0,0
218000559,0,10,-10
218000560,0,2,-2
218000561,0,0,0
218000562,8,72,-64
218000563,13,5,8
218000564,0,31,-31
218000565,3,4,-1
218000566,6,6,0
218000567,0,6,-6
218000568,0,0,0
218000569,4,9,-5
218000570,2,3,-1
218000571,0,5,-5
218000572,0,0,0
218000573,2,11,-9
218000574,3,19,-16
218000575,0,0,0
218000576,0,10,-10
218000577,0,0,0
218000578,0,5,-5
218000579,1,0,1
218000581,0,40,-40
218000582,1,0,1
218000583,0,0,0
218000584,0,16,-16
218000585,1,1,0
218000586,1,9,-8
218000587,0,0,0
218000588,0,1,-1
218000589,0,0,0
218000590,0,0,0
218000591,0,10,-10
218000592,0,0,0
218000593,0,0,0
218000594,0,1,-1
218000597,0,0,0
218000598,0,0,0
218000599,0,0,0
218000600,0,0,0
218000601,0,0,0
218000602,0,0,0
218000603,0,1,-1
218000604,0,0,0
218000605,0,3,-3
218000606,1,0,1
218000607,0,6,-6
218000608,0,0,0
218000609,0,7,-7
218000610,0,0,0
218000611,0,0,0
218000612,0,9,-9
218000613,3,0,3
218000614,1,9,-8
218000615,2,0,2
218000616,0,35,-35
218000617,0,0,0
218000618,1,11,-10
218000619,0,2,-2
218000620,0,7,-7
218000621,0,0,0
218000622,0,0,0
218000623,0,0,0
218000624,0,0,0
218000625,0,0,0
218000626,0,2,-2
218000628,8,4,4
218000631,0,0,0
218000632,0,7,-7
218000633,0,0,0
218000634,0,2,-2
218000635,1,4,-3
218000636,280,541,-261
218000637,164,195,-31
218000638,0,0,0
218000639,11,318,-307
218000640,0,0,0
218000641,13,257,-244
218000652,33,43,-10
218000653,114,50,64
218000663,0,3,-3
218000675,1,2,-1
218000680,7,39,-32
218000681,0,0,0
218000691,9,50,-41
218000693,0,0,0
218000718,56,100,-44
218000719,10,21,-11
218000720,4,3,1
218000721,1,0,1
218001147,0,156,-156
218001214,1,9,-8
218001258,0,0,0
218001329,0,0,0
218001330,15,15,0
218001351,0,0,0
218001352,0,0,0
218001353,0,0,0
218001354,0,1,-1
218001355,29,122,-93
218001356,0,1,-1
218001357,2,100,-98
218001358,0,0,0
218001361,0,0,0
218001362,4,140,-136
219000001,11,41,-30
219000002,18,48,-30
219000003,100,19,81
219000004,167,66,101
219000017,33,10,23
219000020,27,2,25
219000022,13,1,12
219000023,30,0,30
219000029,0,40,-40
219000034,0,0,0
219000039,28,34,-6
219000040,4,12,-8
219000041,44,36,8
219000051,0,50,-50
219000052,0,9,-9
219000053,1,119,-118
219000054,3,8,-5
219000055,16,1,15
219000056,0,0,0
219000057,17,0,17
219000062,5,82,-77
219000063,30,25,5
219000064,2,16,-14
219000110,33,10,23
219000111,38,6,32
219000112,49,17,32
219000113,44,10,34
219000114,47,5,42
219000116,44,46,-2
219000117,111,121,-10
219000118,48,123,-75
219000123,91,60,31
219000124,30,38,-8
219000125,12,16,-4
219000126,22,33,-11
219000127,0,6,-6
219000128,5,110,-105
219000129,19,152,-133
219000130,1262,606,656
219000131,1145,956,189
219000133,5,56,-51
219000134,18,17,1
219000135,139,72,67
219000136,218,159,59
219000138,3,40,-37
219000139,8,32,-24
219000140,0,0,0
219000141,3,51,-48
219000142,3,50,-47
219000143,3,49,-46
219000145,0,8,-8
219000146,3,34,-31
219000147,0,29,-29
219000148,0,34,-34
219000149,14,80,-66
219000150,2,59,-57
219000151,1,50,-49
219000157,72,43,29
219000158,38,151,-113
219000161,119,16,103
219000163,613,150,463
219000166,43,46,-3
219000167,65,141,-76
219000168,92,12,80
219000174,3,0,3
219000175,1,0,1
219000176,0,0,0
219000177,0,0,0
219000178,0,0,0
219000179,1,0,1
219000180,9,20,-11
219000182,0,0,0
219000183,0,14,-14
219000184,0,0,0
219000185,1,77,-76
219000186,0,15,-15
219000187,2,61,-59
219000189,54,109,-55
219000190,132,180,-48
219000191,727,413,314
219000192,177,266,-89
219000193,331,194,137
219000195,0,35,-35
219000196,2,44,-42
219000198,14,86,-72
219000199,36,105,-69
219000200,16,94,-78
219000201,38,76,-38
219000203,9,93,-84
219000204,20,112,-92
219000205,8,111,-103
219000207,59,91,-32
219000209,16,38,-22
219000210,9,39,-30
219000213,6,113,-107
219000239,44,55,-11
219000240,49,96,-47
219000241,9,90,-81
219000242,23,101,-78
219000243,20,133,-113
219000244,4,47,-43
219000245,3,28,-25
219000246,0,0,0
219000247,1,0,1
219000248,0,0,0
219000249,0,0,0
219000250,0,0,0
219000251,0,0,0
219000252,0,0,0
219000253,0,0,0
219000255,0,0,0
219000256,0,0,0
219000257,0,0,0
219000262,32,158,-126
219000263,25,118,-93
219000267,0,87,-87
219000268,4,5,-1
219000269,0,0,0
219000270,0,0,0
219000271,67,0,67
219000278,1,16,-15
219000279,1,1,0
219000283,0,9,-9
219000295,10,25,-15
219000296,31,237,-206
219000297,4,85,-81
219000298,21,118,-97
219000299,0,0,0
219000300,10,192,-182
219000301,59,185,-126
219000302,2,104,-102
219000307,23,51,-28
219000308,45,38,7
219000311,0,0,0
219000312,0,0,0
219000313,0,0,0
219000314,79,288,-209
219000315,0,0,0
219000316,0,0,0
219000317,0,0,0
219000320,2,27,-25
219000321,0,4,-4
219000323,1,28,-27
219000325,1,17,-16
219000326,31,98,-67
219000327,23,31,-8
219000328,22,35,-13
219000329,311,159,152
219000330,17,63,-46
219000331,22,51,-29
219000332,0,0,0
219000333,0,0,0
219000335,0,0,0
219000337,0,0,0
219000338,0,0,0
219000344,26,56,-30
219000345,50,85,-35
219000346,31,98,-67
219000348,47,64,-17
219000349,19,104,-85
219000350,20,50,-30
219000351,0,1,-1
219000352,37,21,16
219000353,54,65,-11
219000354,41,127,-86
219000355,24,8,16
219000356,643,288,355
219000363,163,37,126
219000364,86,23,63
219000365,94,12,82
219000366,330,82,248
219000368,167,53,114
219000370,271,86,185
219000371,4,8,-4
219000382,7,26,-19
219000383,336,299,37
219000385,391,241,150
219000386,524,666,-142
219000387,0,1,-1
219000390,0,0,0
219000391,0,0,0
219000397,37,79,-42
219000398,60,45,15
219000401,4,21,-17
219000402,3,15,-12
219000403,13,46,-33
219000404,4,19,-15
219000407,0,8,-8
219000409,0,0,0
219000410,0,0,0
219000411,0,0,0
219000446,133,275,-142
219000447,1,12,-11
219000448,0,0,0
219000452,0,0,0
219000453,25,39,-14
219000454,85,54,31
219000556,0,0,0
219000558,50,90,-40
219000590,3,45,-42
219000591,0,0,0
219000592,50,214,-164
219000595,1,15,-14
219000635,0,0,0
219000636,10,83,-73
219000657,5,10,-5
219000658,6,21,-15
219000673,0,23,-23
219000676,1,1,0
219000679,11,20,-9
219000684,19,2,17
219000685,1,47,-46
219000686,1,2,-1
219000688,0,133,-133
219000689,54,47,7
219000690,0,0,0
219000691,20,35,-15
219000692,6,21,-15
219000693,0,19,-19
219000694,0,0,0
219000695,0,0,0
219000698,0,0,0
219000699,0,9,-9
219000727,1,109,-108
219000728,40,5,35
219000770,0,0,0
219000771,0,30,-30
219000788,82,113,-31
219001150,1,1,0
219001151,0,4,-4
219001166,0,0,0
219001167,2,25,-23
219001178,13,1,12
220000001,3,11,-8
220000002,10,58,-48
220000003,149,106,43
220000004,133,230,-97
220000005,533,665,-132
220000006,80,381,-301
220000007,103,459,-356
220000008,94,476,-382
220000009,151,220,-69
220000010,31,22,9
220000011,116,74,42
220000012,6,6,0
220000014,2,18,-16
220000015,0,0,0
220000017,6,47,-41
220000018,228,78,150
220000019,18,59,-41
220000020,45,102,-57
220000021,129,92,37
220000022,135,255,-120
220000023,67,122,-55
220000024,467,281,186
220000025,96,213,-117
220000026,98,78,20
220000027,6,24,-18
220000028,22,28,-6
220000029,30,64,-34
220000030,12,40,-28
220000031,20,87,-67
220000064,0,0,0
221000046,6,0,6
221000047,0,0,0
221000048,0,0,0
221000049,0,5,-5
221000050,7,0,7
221000055,25,28,-3
221000057,10,1,9
221000068,52,17,35
221000069,42,11,31
221000070,48,3,45
221000071,7,2,5
221000072,26,6,20
221000073,7,19,-12
221000074,0,7,-7
221000075,3,8,-5
221000076,5,29,-24
221000077,11,53,-42
221000081,1,0,1
221000082,4,1,3
221000083,4,0,4
221000084,0,3,-3
221000085,4,36,-32
221000086,14,97,-83
221000087,0,90,-90
221000088,28,85,-57
221000089,25,123,-98
221000090,196,188,8
221000098,7,3,4
221000099,49,1,48
221000100,15,0,15
221000101,40,5,35
221000102,9,3,6
221000109,1,84,-83
221000110,1,113,-112
221000111,7,89,-82
221000112,3,86,-83
221000113,8,111,-103
221000114,11,129,-118
221000120,0,3,-3
221000121,0,0,0
221000122,0,0,0
221000123,0,1,-1
221000124,3,31,-28
221000155,0,0,0
221000156,0,0,0
221000175,0,0,0
221000176,0,0,0
221000182,7,0,7
221000241,195,51,144
221000242,288,176,112
221000243,102,15,87
221000244,60,173,-113
221000245,11,46,-35
221000246,10,92,-82
221000247,5,40,-35
221000248,12,68,-56
221000267,4,153,-149
221000325,0,7,-7
221000331,0,1,-1
221000338,0,0,0
221000378,0,0,0
221000381,2,15,-13
222000282,0,0,0
222000296,0,0,0
222000568,0,0,0
222000569,0,0,0
222000570,0,0,0
222000571,0,0,0
222000577,0,18,-18
222000578,2,16,-14
222000579,5,11,-6
222000580,19,63,-44
222000599,0,12,-12
222000600,0,24,-24
222000601,0,45,-45
222000603,0,0,0
222000604,0,0,0
222000605,0,0,0
222000606,0,0,0
222000607,0,0,0
222000608,0,0,0
222000609,0,2,-2
222000616,0,0,0
222000617,0,0,0
222000618,0,0,0
222000620,0,0,0
222000621,0,0,0
222000623,0,0,0
222000624,0,0,0
222000625,0,0,0
222000636,0,0,0
222000686,0,0,0
222000687,0,0,0
222001066,0,0,0
222001067,0,0,0
222001068,0,0,0
222001069,0,0,0
222001082,0,5,-5
222001083,1,9,-8
222001084,0,6,-6
222001085,0,20,-20
222001111,2,44,-42
222001112,0,0,0
222001313,0,0,0
222001314,0,2,-2
222001464,0,0,0
222001465,0,1,-1
222001484,0,0,0
222001485,1,1,0
222001494,0,0,0
222001495,0,1,-1
222001496,0,0,0
222001497,0,1,-1
222001502,14,63,-49
222001503,0,0,0
222001504,6,88,-82
222001505,0,0,0
222001506,10,121,-111
222001507,0,0,0
222001510,0,0,0
222001511,4,113,-109
222001514,0,0,0
222001515,45,185,-140
222001518,0,0,0
222001519,6,111,-105
222001527,0,0,0
222001528,5,63,-58
222001529,0,0,0
222001530,17,56,-39
222001533,56,216,-160
222001534,0,0,0
222001535,0,0,0
222001536,0,1,-1
222001537,0,0,0
222001538,11,145,-134
222001563,0,0,0
222001564,9,218,-209
222001568,0,33,-33
222001576,0,0,0
222001579,0,0,0
222001583,0,1,-1
222001584,0,0,0
222001596,14,235,-221
222001597,0,0,0
222001626,0,10,-10
222001650,0,3,-3
222001651,0,0,0
222001914,0,0,0
222001915,9,52,-43
222001968,0,0,0
222001969,0,2,-2
222001970,0,2,-2
222001971,0,0,0
222001972,0,1,-1
225000001,25,0,25
225000002,16,0,16
225000003,11,1,10
225000004,18,11,7
225000005,1,4,-3
225000006,0,51,-51
225000007,1117,377,740
225000010,68,0,68
225000011,0,0,0
225000012,0,0,0
225000013,0,0,0
225000014,0,0,0
225000015,33,72,-39
225000021,0,0,0
225000027,74,217,-143
225000032,0,0,0
225000042,22,272,-250
225000049,13,42,-29
225000050,31,0,31
225000053,0,128,-128
225000058,0,0,0
225000067,29,142,-113
225000068,24,222,-198
225000069,47,226,-179
225000070,48,149,-101
225000071,10,117,-107
225000075,23,284,-261
225000076,21,48,-27
225000078,0,0,0
225000085,0,0,0
225000086,0,0,0
225000087,0,0,0
225000088,1,58,-57
225000089,377,215,162
225000090,6,98,-92
225000091,16,66,-50
225000092,5,22,-17
225000093,21,185,-164
225000094,6,193,-187
225000095,122,223,-101
225000096,64,108,-44
225000098,21,8,13
225000099,11,9,2
225000100,14,1,13
225000104,14,161,-147
225000110,7,127,-120
225000111,46,345,-299
225000112,63,379,-316
225000113,29,220,-191
225000114,27,107,-80
225000115,722,160,562
225000116,0,0,0
225000117,0,0,0
225000118,0,0,0
225000119,0,0,0
225000120,0,0,0
225000121,0,0,0
225000123,0,0,0
225000125,12,24,-12
225000126,169,7,162
225000127,313,19,294
225000128,25,11,14
225000132,41,20,21
225000133,54,17,37
225000134,191,22,169
225000135,36,6,30
225000136,29,4,25
225000137,14,8,6
225000138,101,2,99
225000143,10,62,-52
225000144,1,148,-147
225000145,0,0,0
225000146,1,55,-54
225000147,1,192,-191
225000148,3,111,-108
225000149,62,256,-194
225000151,19,143,-124
225000155,61,117,-56
225000156,35,160,-125
225000157,28,134,-106
225000158,19,190,-171
225000171,0,78,-78
225000180,15,2,13
225000181,0,13,-13
225000182,0,0,0
225000185,18,108,-90
225000187,34,132,-98
225000191,0,0,0
225000194,0,28,-28
225000208,1,22,-21
225000209,0,0,0
225000210,3,75,-72
225000217,0,10,-10
225000218,0,0,0
225000223,0,33,-33
225000224,0,0,0
225000225,0,3,-3
225000226,0,0,0
225000227,26,41,-15
225000228,0,0,0
225000229,0,33,-33
225000230,0,0,0
225000231,1,61,-60
225000232,0,0,0
225000241,0,0,0
225000242,0,42,-42
225000249,0,0,0
225000250,35,302,-267
225000251,91,7,84
226000042,76,153,-77
226000043,9,123,-114
226000044,40,305,-265
226000045,25,240,-215
226000046,65,8,57
226000047,39,20,19
226000048,65,23,42
226000049,46,44,2
226000070,1,26,-25
226000071,0,25,-25
226000072,0,4,-4
226000073,0,5,-5
226000074,0,6,-6
226000084,1,26,-25
226000085,0,1,-1
226000086,0,1,-1
226000087,0,4,-4
226000088,0,7,-7
226000090,5,0,5
226000091,0,1,-1
226000092,1,0,1
226000093,3,0,3
226000094,0,0,0
226000095,2,2,0
226000105,0,0,0
226000106,7,0,7
226000107,2,0,2
226000108,0,0,0
226000109,11,0,11
226000124,58,17,41
226000134,157,103,54
226000135,239,156,83
226000136,62,52,10
226000137,1,152,-151
226000138,4,93,-89
226000139,0,15,-15
226000156,6,1,5
226000157,51,4,47
226000163,11,13,-2
226000202,2,142,-140
226000231,49,3,46
226000232,2,0,2
227000033,0,0,0
227000036,0,0,0
227000037,0,0,0
227000038,0,0,0
227000049,0,3,-3
227000050,0,25,-25
227000055,0,0,0
227000056,0,0,0
227000084,0,14,-14
227000085,0,17,-17
227000088,0,0,0
227000089,0,0,0
227000090,0,0,0
227000091,0,0,0
227000093,0,0,0
227000094,0,0,0
227000130,5,37,-32
227000131,5,170,-165
227000132,3,135,-132
227000133,4,168,-164
227000134,9,188,-179
227000152,0,5,-5
227000153,1,38,-37
227000155,0,3,-3
227000156,0,8,-8
227000165,1,11,-10
227000196,25,96,-71
227000199,5,163,-158
227000230,28,163,-135
227000232,0,0,0
227000242,50,225,-175
227000243,0,0,0
227000245,18,264,-246
227000246,42,290,-248
227000247,0,0,0
227000248,0,0,0
227000249,22,207,-185
227000250,1,3,-2
227000251,116,236,-120
227000252,28,272,-244
227000253,0,0,0
227000262,0,0,0
227000266,0,0,0
227000267,17,521,-504
227000282,14,59,-45
227000284,0,0,0
227000286,8,33,-25
227000287,13,54,-41
227000291,24,154,-130
227000484,0,0,0
227000485,31,247,-216
227000655,0,0,0
227000656,0,0,0
227000657,0,0,0
227000661,0,0,0
227000680,0,0,0
229000265,0,10,-10
229000296,2,1,1
229000297,3,8,-5
229000298,10,20,-10
229000320,1,0,1
229000321,0,0,0
229000412,0,11,-11
229000414,0,11,-11
229000415,0,0,0
229000416,0,0,0
229000417,0,2,-2
229000419,15,52,-37
229000440,33,15,18
229000442,0,0,0
229000443,0,0,0
229000444,1,9,-8
229000445,0,1,-1
229000446,2,3,-1
229000847,21,2,19
229000848,17,3,14
229000849,184,7,177
229000851,13,1,12
229000854,0,19,-19
229000856,3,44,-41
229000857,0,12,-12
229000858,0,54,-54
229000919,1,82,-81
229000930,1,83,-82
229000937,179,22,157
229000966,75,24,51
229000981,11,40,-29
229000985,0,4,-4
229000986,0,1,-1
229000987,0,0,0
229000988,0,0,0
229000989,0,0,0
229000990,0,0,0
229000991,0,0,0
229000992,0,0,0
229000993,10,1,9
229000998,8,6,2
229000999,5,0,5
229001034,0,4,-4
229001035,0,0,0
229001037,2,13,-11
229001042,0,0,0
229001047,0,13,-13
229001050,2,19,-17
229001200,0,0,0
229001338,0,11,-11
229001394,191,6,185
229001422,255,25,230
229001423,29,95,-66
229001431,167,26,141
229001432,22,40,-18
229001444,4,5,-1
229001445,2,49,-47
229001503,223,46,177
229001504,42,81,-39
229001505,302,58,244
229001506,50,110,-60
229001509,1,13,-12
229001545,73,5,68
229001546,5,63,-58
229001553,38,6,32
229001554,2,80,-78
229001559,4,2,2
229001560,0,0,0
229001630,3,0,3
229001631,8,7,1
229001635,0,3,-3
229001636,0,0,0
229001658,2,33,-31
229001659,98,2,96
229001660,0,0,0
229001661,0,3,-3
229001662,11,0,11
229001663,0,2,-2
229002584,12,10,2
229002831,15,15,0
229002841,0,6,-6
229002842,0,1,-1
229002843,1,1,0
229002844,3,8,-5
229002845,0,21,-21
229002846,5,3,2
229002847,1,2,-1
229002848,0,1,-1
229002849,1,9,-8
229002850,0,0,0
229002851,3,14,-11
229002852,3,1,2
229002853,5,6,-1
229002854,0,15,-15
229002855,2,15,-13
229002856,3,2,1
229002857,0,7,-7
229002858,6,2,4
229002859,2,8,-6
229002860,0,0,0
229002861,1,2,-1
229002862,0,4,-4
229002863,0,1,-1
229002864,1,3,-2
229002865,0,0,0
229002866,0,3,-3
229002867,1,2,-1
229002868,1,3,-2
229002869,1,18,-17
229002870,1,0,1
235000066,0,0,0
235000067,0,0,0
235000072,8,33,-25
235000073,26,147,-121
235000074,8,40,-32
235000080,1,44,-43
235000081,13,90,-77
235000082,0,0,0
235000083,0,0,0
235000084,0,0,0
235000085,0,0,0
235000089,0,0,0
235000092,3,84,-81
235000093,1,1,0
235000097,0,0,0
235000098,0,0,0
235000099,0,0,0
235000116,0,0,0
235000117,0,0,0
235000133,1,71,-70
235000134,1,28,-27
235000206,0,0,0
235000207,0,1,-1
235000208,0,0,0
235000209,0,0,0
235000210,0,0,0
235000212,2,6,-4
235000213,1,3,-2
235000220,0,2,-2
235000221,15,9,6
235000238,0,1,-1
235000239,0,0,0
235000242,24,6,18
235000245,481,101,380
235000246,3,26,-23
235000284,2,30,-28
235000295,0,0,0
235000305,0,0,0
235000306,0,0,0
235000307,0,0,0
235000308,0,0,0
235000309,0,0,0
235000310,0,0,0
235000311,0,1,-1
235000322,0,1,-1
235000323,0,10,-10
235000324,0,1,-1
235000325,0,4,-4
235000326,2,83,-81
235000351,0,20,-20
235000352,3,15,-12
235000353,0,8,-8
235000354,0,6,-6
235000355,0,7,-7
235000356,0,0,0
235000357,0,0,0
235000358,0,0,0
235000359,0,0,0
235000360,0,0,0
235000361,0,0,0
235000381,27,171,-144
235000382,0,0,0
235000390,0,0,0
235000391,0,0,0
235000392,0,0,0
235000393,0,0,0
235000395,0,0,0
235000396,0,0,0
235000400,0,0,0
235000401,6,97,-91
235000405,27,175,-148
235000406,7,111,-104
235000407,26,55,-29
235000409,95,71,24
235000410,16,104,-88
235000411,0,47,-47
235000485,0,8,-8
235000486,0,0,0
235000549,0,0,0
235000550,32,63,-31
235000599,43,21,22
235000600,6,5,1
235000601,0,0,0
235000602,0,0,0
235000614,1,2,-1
235000648,2,24,-22
235000649,0,0,0
235000685,0,1,-1
235000815,2,14,-12
235000834,0,1,-1
235000855,0,0,0
235000862,17,90,-73
235000891,0,5,-5
235000892,1,1,0
235000901,69,60,9
235000907,1,2,-1
235001010,0,0,0
235001029,239,194,45
235001030,0,0,0
235001078,0,0,0
235001079,15,47,-32
235001147,0,0,0
235001166,0,0,0
235001167,5,26,-21
235001169,3,72,-69
235001188,0,5,-5
235001189,0,0,0
235001197,1,12,-11
235001200,4,25,-21
235001207,0,0,0
235001210,16,148,-132
235001215,10,133,-123
235001239,0,33,-33
235001244,0,0,0
235016267,0,2,-2
277102712,0,0,0
277103813,1,0,1
277103814,0,0,0
277104249,0,2,-2
277104250,0,0,0
277104251,1,2,-1
277104252,0,0,0
990011530,1,122,-121
990014944,3,176,-173
990015176,0,0,0
990015618,0,13,-13
990016032,0,69,-69
990032570,0,10,-10
990070001,0,2,-2
990070103,0,1,-1
990070601,0,7,-7
990070751,0,1,-1
990070766,0,106,-106
990071180,0,47,-47
990071343,0,0,0
990071387,0,5,-5
990071823,0,0,0
990072600,2,301,-299
990072964,0,148,-148
990073285,0,2,-2
990074393,0,137,-137
990074870,2,4,-2
990075106,0,0,0
990075746,0,1,-1
990076437,0,0,0
990076458,1,363,-362
997000007,0,1,-1
997000041,0,65,-65
997000058,0,0,0
997000062,0,0,0
997000069,1,6,-5
997000070,0,21,-21
997000100,0,0,0
997000141,0,0,0
997000198,0,0,0
998000475,0,8,-8
998000736,0,41,-41
998000965,0,0,0
998001031,0,26,-26
998001700,0,12,-12
998001899,0,0,0
998001900,13,0,13
998003073,0,2,-2
998101900,0,0,0
998102850,0,2,-2
998501927,18,156,-138
998501929,8,3,5
998501930,7,0,7
998501931,1,0,1
998501932,12,0,12
998501933,0,1,-1
998501937,0,0,0
998501944,2,0,2
998501950,0,2,-2
998501970,3,4,-1
998501971,0,46,-46
998501973,0,13,-13
998501974,2,98,-96
998501975,0,0,0
998501976,28,40,-12
998501977,2,16,-14
998501978,0,0,0
998501979,0,11,-11
998501980,0,0,0
998501981,0,0,0
998501982,0,83,-83
998501983,0,0,0
998502006,0,0,0
998502024,0,5,-5
998502032,0,1,-1
998502062,6,3,3
998502063,0,0,0
998502173,0,0,0
998502269,0,0,0
998502546,1,7,-6
998502578,0,0,0
998502599,0,5,-5
998502621,0,0,0
998601159,0,36,-36
998601292,0,2,-2
999033574,0,218,-218
999800001,0,0,0
999800002,0,1,-1
999800003,0,5,-5
999800004,0,12,-12
999800005,0,14,-14
