dong,insum,outsum,diff
강남구 개포1동,0,0,0
강남구 개포2동,47,91,-44
강남구 개포4동,4,1,3
강남구 논현1동,1426,773,653
강남구 논현2동,0,0,0
강남구 대치1동,131,88,43
강남구 대치2동,492,507,-15
강남구 대치4동,708,505,203
강남구 도곡1동,272,131,141
강남구 도곡2동,98,91,7
강남구 삼성1동,351,384,-33
강남구 삼성2동,435,581,-146
강남구 세곡동,0,0,0
강남구 수서동,93,117,-24
강남구 신사동,0,0,0
강남구 압구정동,0,0,0
강남구 역삼1동,3281,2061,1220
강남구 역삼2동,506,370,136
강남구 일원1동,0,0,0
강남구 일원2동,0,0,0
강남구 일원본동,83,87,-4
강남구 청담동,395,499,-104
강동구 강일동,194,188,6
강동구 고덕제1동,26,43,-17
강동구 고덕제2동,265,94,171
강동구 길동,582,267,315
강동구 둔촌제1동,0,0,0
강동구 둔촌제2동,0,0,0
강동구 명일제1동,275,189,86
강동구 명일제2동,87,51,36
강동구 상일동,28,174,-146
강동구 성내제1동,0,0,0
강동구 성내제2동,153,388,-235
강동구 성내제3동,74,161,-87
강동구 암사제1동,0,0,0
강동구 암사제2동,0,0,0
강동구 암사제3동,0,0,0
강동구 천호제1동,143,98,45
강동구 천호제2동,0,0,0
강동구 천호제3동,232,28,204
강북구 미아동,197,338,-141
강북구 번1동,281,985,-704
강북구 번2동,1,0,1
강북구 번3동,0,0,0
강북구 삼각산동,0,0,0
강북구 삼양동,0,0,0
강북구 송중동,426,683,-257
강북구 송천동,476,146,330
강북구 수유1동,323,29,294
강북구 수유2동,99,21,78
강북구 수유3동,644,161,483
강북구 우이동,535,114,421
강북구 월곡제1동,0,0,0
강북구 인수동,1,3,-2
강서구 가양제1동,28,244,-216
강서구 가양제2동,0,0,0
강서구 가양제3동,0,0,0
강서구 공항동,131,292,-161
강서구 등촌제1동,97,343,-246
강서구 등촌제2동,77,153,-76
강서구 등촌제3동,82,232,-150
강서구 발산제1동,1022,276,746
강서구 방화제1동,139,347,-208
강서구 방화제2동,174,155,19
강서구 방화제3동,2,0,2
강서구 염창동,0,0,0
강서구 우장산동,70,139,-69
강서구 화곡본동,0,0,0
강서구 화곡제1동,361,441,-80
강서구 화곡제2동,0,0,0
강서구 화곡제3동,62,64,-2
강서구 화곡제4동,30,93,-63
강서구 화곡제6동,284,75,209
강서구 화곡제8동,94,245,-151
관악구 낙성대동,310,306,4
관악구 난곡동,0,0,0
관악구 난향동,91,1,90
관악구 남현동,437,609,-172
관악구 대학동,0,0,0
관악구 미성동,87,57,30
관악구 보라매동,30,287,-257
관악구 삼성동,0,0,0
관악구 서림동,0,0,0
관악구 서원동,257,213,44
관악구 성현동,0,0,0
관악구 신림동,1226,1327,-101
관악구 신사동,326,449,-123
관악구 신원동,0,0,0
관악구 은천동,113,272,-159
관악구 인헌동,215,85,130
관악구 조원동,235,570,-335
관악구 중앙동,205,269,-64
관악구 청룡동,241,273,-32
관악구 청림동,0,0,0
관악구 행운동,182,433,-251
광진구 광장동,75,68,7
광진구 구의제1동,0,0,0
광진구 구의제2동,111,83,28
광진구 구의제3동,0,0,0
광진구 군자동,614,265,349
광진구 능동,608,704,-96
광진구 자양제1동,0,0,0
광진구 자양제2동,0,0,0
광진구 자양제3동,0,0,0
광진구 자양제4동,675,783,-108
광진구 중곡제1동,223,263,-40
광진구 중곡제2동,112,391,-279
광진구 중곡제3동,137,191,-54
광진구 중곡제4동,0,0,0
광진구 화양동,919,751,168
구로구 가리봉동,38,292,-254
구로구 개봉제1동,480,272,208
구로구 개봉제2동,283,355,-72
구로구 개봉제3동,0,0,0
구로구 고척제1동,292,112,180
구로구 고척제2동,0,0,0
구로구 구로제1동,129,94,35
구로구 구로제2동,78,53,25
구로구 구로제3동,143,349,-206
구로구 구로제4동,337,59,278
구로구 구로제5동,80,167,-87
구로구 수궁동,647,256,391
구로구 신도림동,564,505,59
구로구 오류제1동,381,195,186
구로구 오류제2동,0,0,0
구로구 항동,0,0,0
금천구 가산동,239,73,166
금천구 독산제1동,88,277,-189
금천구 독산제2동,31,7,24
금천구 독산제3동,535,55,480
금천구 독산제4동,46,9,37
금천구 미성동,0,0,0
금천구 시흥제1동,91,185,-94
금천구 시흥제2동,0,0,0
금천구 시흥제3동,135,55,80
금천구 시흥제4동,0,0,0
금천구 시흥제5동,42,105,-63
노원구 공릉1동,919,905,14
노원구 공릉2동,0,0,0
노원구 상계10동,184,356,-172
노원구 상계1동,0,0,0
노원구 상계2동,427,42,385
노원구 상계3.4동,0,0,0
노원구 상계5동,0,0,0
노원구 상계6.7동,305,530,-225
노원구 상계8동,0,0,0
노원구 상계9동,0,0,0
노원구 월계1동,365,123,242
노원구 월계2동,0,0,0
노원구 월계3동,109,125,-16
노원구 중계1동,0,0,0
노원구 중계2.3동,266,316,-50
노원구 중계4동,0,0,0
노원구 중계본동,0,0,0
노원구 하계1동,340,147,193
노원구 하계2동,124,147,-23
도봉구 도봉제1동,795,113,682
도봉구 도봉제2동,163,245,-82
도봉구 방학제1동,249,389,-140
도봉구 방학제2동,3,122,-119
도봉구 방학제3동,229,65,164
도봉구 쌍문제1동,0,0,0
도봉구 쌍문제2동,283,19,264
도봉구 쌍문제3동,157,57,100
도봉구 쌍문제4동,0,0,0
도봉구 창제1동,274,278,-4
도봉구 창제2동,47,254,-207
도봉구 창제3동,0,0,0
도봉구 창제4동,0,0,0
도봉구 창제5동,71,434,-363
동대문구 답십리제1동,35,130,-95
동대문구 답십리제2동,71,45,26
동대문구 면목제5동,0,0,0
동대문구 용신동,913,1199,-286
동대문구 이문제1동,116,192,-76
동대문구 이문제2동,35,46,-11
동대문구 장안제1동,44,114,-70
동대문구 장안제2동,0,0,0
동대문구 전농제1동,79,206,-127
동대문구 전농제2동,0,0,0
동대문구 제기동,179,83,96
동대문구 청량리동,272,402,-130
동대문구 회기동,46,36,10
동대문구 휘경제1동,82,225,-143
동대문구 휘경제2동,70,328,-258
동작구 노량진제1동,286,260,26
동작구 노량진제2동,108,163,-55
동작구 대방동,0,0,0
동작구 사당제1동,641,252,389
동작구 사당제2동,0,0,0
동작구 사당제3동,0,0,0
동작구 사당제4동,0,0,0
동작구 사당제5동,0,0,0
동작구 상도제1동,0,0,0
동작구 상도제2동,101,120,-19
동작구 상도제3동,112,197,-85
동작구 상도제4동,0,0,0
동작구 신대방제1동,4,3,1
동작구 신대방제2동,198,239,-41
동작구 흑석동,0,0,0
마포구 공덕동,233,209,24
마포구 대흥동,78,58,20
마포구 도화동,0,0,0
마포구 망원제1동,0,0,0
마포구 망원제2동,0,0,0
마포구 상암동,117,2,115
마포구 서강동,0,0,0
마포구 서교동,1830,1320,510
마포구 성산제1동,0,0,0
마포구 성산제2동,3,4,-1
마포구 신수동,0,0,0
마포구 아현동,127,170,-43
마포구 연남동,0,0,0
마포구 염리동,0,0,0
마포구 용강동,219,149,70
마포구 합정동,861,386,475
서대문구 남가좌제1동,0,0,0
서대문구 남가좌제2동,0,0,0
서대문구 북가좌제1동,0,0,0
서대문구 북가좌제2동,0,0,0
서대문구 북아현동,79,137,-58
서대문구 신촌동,226,675,-449
서대문구 연희동,0,0,0
서대문구 천연동,97,118,-21
서대문구 충현동,87,280,-193
서대문구 홍은제1동,56,126,-70
서대문구 홍은제2동,0,0,0
서대문구 홍제제1동,241,76,165
서대문구 홍제제2동,147,373,-226
서대문구 홍제제3동,0,0,0
서초구 내곡동,0,0,0
서초구 반포1동,382,497,-115
서초구 반포2동,0,0,0
서초구 반포3동,0,0,0
서초구 반포4동,0,0,0
서초구 반포본동,0,0,0
서초구 방배1동,18,31,-13
서초구 방배2동,19,12,7
서초구 방배3동,246,337,-91
서초구 방배4동,0,0,0
서초구 방배본동,0,0,0
서초구 서초1동,261,252,9
서초구 서초2동,190,419,-229
서초구 서초3동,240,261,-21
서초구 서초4동,1022,358,664
서초구 양재1동,65,188,-123
서초구 양재2동,34,3,31
서초구 잠원동,241,694,-453
성동구 금호1가동,0,0,0
성동구 금호2.3가동,0,0,0
성동구 금호4가동,0,0,0
성동구 마장동,0,0,0
성동구 사근동,62,56,6
성동구 성수1가제1동,0,0,0
성동구 성수1가제2동,100,164,-64
성동구 성수2가제1동,40,38,2
성동구 성수2가제3동,162,281,-119
성동구 송정동,0,0,0
성동구 옥수동,0,0,0
성동구 왕십리도선동,0,0,0
성동구 왕십리제2동,201,188,13
성동구 용답동,296,364,-68
성동구 응봉동,0,0,0
성동구 행당제1동,132,161,-29
성동구 행당제2동,0,0,0
성북구 길음제1동,274,244,30
성북구 길음제2동,129,224,-95
성북구 돈암제1동,67,229,-162
성북구 돈암제2동,0,0,0
성북구 동선동,401,267,134
성북구 보문동,139,185,-46
성북구 삼선동,136,304,-168
성북구 석관동,362,434,-72
성북구 성북동,23,27,-4
성북구 안암동,0,0,0
성북구 월곡제1동,0,0,0
성북구 월곡제2동,0,0,0
성북구 장위제1동,0,0,0
성북구 장위제2동,29,21,8
성북구 장위제3동,13,2,11
성북구 정릉제1동,0,0,0
성북구 정릉제2동,0,0,0
성북구 정릉제3동,0,0,0
성북구 정릉제4동,11,0,11
성북구 종암동,0,0,0
송파구 가락1동,7,90,-83
송파구 가락2동,0,0,0
송파구 가락본동,441,283,158
송파구 거여1동,0,0,0
송파구 거여2동,0,0,0
송파구 마천1동,0,0,0
송파구 마천2동,0,0,0
송파구 문정1동,0,0,0
송파구 문정2동,586,538,48
송파구 방이1동,0,0,0
송파구 방이2동,0,0,0
송파구 삼전동,0,0,0
송파구 석촌동,78,424,-346
송파구 송파1동,203,44,159
송파구 송파2동,58,15,43
송파구 오금동,0,0,0
송파구 오륜동,0,0,0
송파구 위례동,259,311,-52
송파구 잠실2동,242,71,171
송파구 잠실3동,182,154,28
송파구 잠실4동,0,0,0
송파구 잠실6동,0,0,0
송파구 잠실7동,3,66,-63
송파구 잠실본동,108,213,-105
송파구 장지동,102,4,98
송파구 풍납1동,0,0,0
송파구 풍납2동,0,0,0
양천구 목1동,311,150,161
양천구 목2동,213,396,-183
양천구 목3동,320,365,-45
양천구 목4동,100,146,-46
양천구 목5동,0,0,0
양천구 신월1동,237,1,236
양천구 신월2동,47,138,-91
양천구 신월3동,0,0,0
양천구 신월4동,53,171,-118
양천구 신월5동,0,0,0
양천구 신월6동,0,0,0
양천구 신월7동,61,140,-79
양천구 신정1동,0,0,0
양천구 신정2동,0,0,0
양천구 신정3동,191,432,-241
양천구 신정4동,619,756,-137
양천구 신정6동,0,0,0
양천구 신정7동,0,0,0
영등포구 당산제1동,212,150,62
영등포구 당산제2동,300,277,23
영등포구 대림제1동,23,46,-23
영등포구 대림제2동,46,265,-219
영등포구 대림제3동,47,79,-32
영등포구 도림동,0,0,0
영등포구 문래동,175,263,-88
영등포구 신길제1동,0,0,0
영등포구 신길제3동,0,0,0
영등포구 신길제4동,0,0,0
영등포구 신길제5동,0,0,0
영등포구 신길제6동,0,0,0
영등포구 신길제7동,0,0,0
영등포구 양평제1동,134,127,7
영등포구 양평제2동,49,76,-27
영등포구 여의동,142,388,-246
영등포구 영등포동,651,600,51
영등포구 영등포본동,244,107,137
용산구 남영동,248,206,42
용산구 보광동,0,0,0
용산구 서빙고동,0,0,0
용산구 용문동,0,0,0
용산구 용산2가동,0,0,0
용산구 원효로제1동,0,0,0
용산구 원효로제2동,0,0,0
용산구 이촌제1동,7,23,-16
용산구 이촌제2동,0,0,0
용산구 이태원제1동,0,0,0
용산구 이태원제2동,0,0,0
용산구 청파동,88,133,-45
용산구 필동,0,0,0
용산구 한강로동,345,240,105
용산구 한남동,677,858,-181
용산구 효창동,0,0,0
용산구 후암동,0,0,0
은평구 갈현제1동,36,12,24
은평구 갈현제2동,0,0,0
은평구 구산동,84,0,84
은평구 녹번동,226,387,-161
은평구 대조동,273,205,68
은평구 불광제1동,87,601,-514
은평구 불광제2동,167,147,20
은평구 수색동,0,0,0
은평구 신사제1동,0,0,0
은평구 신사제2동,0,0,0
은평구 역촌동,0,0,0
은평구 응암제1동,0,0,0
은평구 응암제2동,0,0,0
은평구 응암제3동,0,0,0
은평구 증산동,0,0,0
은평구 진관동,177,359,-182
종로구 가회동,0,0,0
종로구 교남동,138,87,51
종로구 무악동,19,46,-27
종로구 부암동,0,0,0
종로구 사직동,214,352,-138
종로구 삼청동,0,0,0
종로구 숭인제1동,0,0,0
종로구 숭인제2동,1020,961,59
종로구 이화동,117,163,-46
종로구 종로1.2.3.4가동,4848,3903,945
종로구 종로5.6가동,571,1073,-502
종로구 창신제1동,1378,851,527
종로구 창신제2동,764,480,284
종로구 창신제3동,0,0,0
종로구 청운효자동,0,0,0
종로구 충현동,106,36,70
종로구 평창동,0,0,0
종로구 혜화동,139,202,-63
중구 광희동,3951,2760,1191
중구 다산동,315,188,127
중구 동화동,0,0,0
중구 명동,794,730,64
중구 소공동,575,277,298
중구 신당동,197,92,105
중구 신당제5동,125,89,36
중구 약수동,34,195,-161
중구 을지로동,69,85,-16
중구 장충동,47,270,-223
중구 중림동,100,223,-123
중구 청구동,0,0,0
중구 필동,148,114,34
중구 황학동,116,28,88
중구 회현동,802,426,376
중랑구 망우본동,188,261,-73
중랑구 망우제3동,0,0,0
중랑구 면목본동,21,130,-109
중랑구 면목제2동,227,293,-66
중랑구 면목제3.8동,14,43,-29
중랑구 면목제4동,115,210,-95
중랑구 면목제5동,238,262,-24
중랑구 면목제7동,9,101,-92
중랑구 묵제1동,161,342,-181
중랑구 묵제2동,151,43,108
중랑구 상봉제1동,193,37,156
중랑구 상봉제2동,222,715,-493
중랑구 신내1동,389,271,118
중랑구 신내2동,0,0,0
중랑구 중화제1동,96,163,-67
중랑구 중화제2동,371,128,243
NA,2270,2431,-161
