ID,insum,outsum,diff
100000001,722,801,-79
100000002,3972,1386,2586
100000003,5132,3596,1536
100000004,1392,1208,184
100000005,2272,4219,-1947
100000006,1616,141,1475
100000007,2112,727,1385
100000008,783,522,261
100000009,1355,236,1119
100000010,198,72,126
100000011,1042,104,938
100000012,118,844,-726
100000013,756,254,502
100000014,1500,402,1098
100000015,1683,2188,-505
100000016,1184,1639,-455
100000017,1266,880,386
100000018,1719,651,1068
100000019,4828,2352,2476
100000020,2350,6532,-4182
100000021,5137,2748,2389
100000022,1611,2033,-422
100000023,6090,1837,4253
100000025,1850,1232,618
100000028,2022,1111,911
100000029,243,300,-57
100000030,362,62,300
100000031,4972,6928,-1956
100000032,3234,3557,-323
100000033,991,2282,-1291
100000034,549,591,-42
100000035,1970,1438,532
100000036,2525,1430,1095
100000037,728,455,273
100000038,2034,896,1138
100000039,687,184,503
100000040,159,152,7
100000041,1216,456,760
100000042,1164,564,600
100000043,1004,490,514
100000044,540,961,-421
100000045,618,1378,-760
100000046,999,1052,-53
100000047,369,745,-376
100000048,568,515,53
100000049,1805,2195,-390
100000051,495,1177,-682
100000053,238,7,231
100000054,581,46,535
100000055,1119,337,782
100000056,543,409,134
100000057,1904,663,1241
100000058,1066,1315,-249
100000059,25,124,-99
100000060,366,337,29
100000061,2240,494,1746
100000062,2458,656,1802
100000063,876,293,583
100000064,1580,422,1158
100000065,546,998,-452
100000066,186,791,-605
100000067,550,792,-242
100000068,638,1955,-1317
100000069,385,1600,-1215
100000072,498,719,-221
100000073,1103,1118,-15
100000075,746,412,334
100000076,2924,2447,477
100000077,482,209,273
100000078,43,38,5
100000079,45,56,-11
100000080,41,81,-40
100000081,155,210,-55
100000102,2815,2045,770
100000103,4807,1585,3222
100000104,4759,3109,1650
100000105,3945,1694,2251
100000106,2564,2210,354
100000107,718,952,-234
100000108,761,1163,-402
100000109,3327,1412,1915
100000116,1579,1116,463
100000117,116,122,-6
100000118,1918,1233,685
100000119,606,832,-226
100000121,264,464,-200
100000122,877,1015,-138
100000123,3273,4285,-1012
100000124,6739,6522,217
100000125,3524,1430,2094
100000126,842,317,525
100000127,1779,459,1320
100000128,2173,1814,359
100000129,430,431,-1
100000130,421,497,-76
100000131,2361,2802,-441
100000132,1405,2897,-1492
100000133,5941,2628,3313
100000135,689,1151,-462
100000139,524,331,193
100000140,373,339,34
100000142,551,700,-149
100000143,1547,634,913
100000144,3695,1080,2615
100000147,1205,2630,-1425
100000150,51,426,-375
100000151,1131,1027,104
100000153,305,397,-92
100000154,123,166,-43
100000155,35,63,-28
100000156,579,564,15
100000157,148,166,-18
100000158,386,129,257
100000159,529,664,-135
100000165,1803,921,882
100000169,450,582,-132
100000174,941,574,367
100000179,149,589,-440
100000180,3228,1602,1626
100000181,501,225,276
100000188,68,279,-211
100000189,880,315,565
100000190,1148,896,252
100000191,701,556,145
100000192,87,186,-99
100000193,340,199,141
100000330,1778,1042,736
100000355,231,578,-347
100000362,5614,3704,1910
100000363,3859,4742,-883
100000364,397,247,150
100000365,5539,6222,-683
100000366,6777,3135,3642
100000367,5469,5331,138
100000368,3708,1786,1922
100000369,1267,1762,-495
100000370,254,829,-575
100000376,158,177,-19
100000379,2228,1473,755
100000380,5429,3649,1780
100000384,6144,4785,1359
100000385,4883,4325,558
100000386,9792,5183,4609
100000387,6254,5521,733
100000388,9241,6792,2449
100000389,8301,6426,1875
100000390,9821,6884,2937
100000391,7009,7640,-631
100000392,4575,3854,721
100000393,3460,4783,-1323
100000394,9162,8646,516
100000395,6181,3982,2199
100000396,10346,4530,5816
100000397,6806,6761,45
100000398,11860,8990,2870
100000413,36,23,13
100900002,11,40,-29
100900003,312,179,133
100900004,23,668,-645
100900005,149,28,121
100900006,30,126,-96
100900007,470,8,462
100900008,1,417,-416
100900009,101,186,-85
100900010,101,108,-7
100900011,218,245,-27
100900012,3,227,-224
100900013,917,12,905
100900014,5,13,-8
100900015,115,98,17
100900016,0,59,-59
100900017,708,82,626
100900018,1,49,-48
100900019,29,159,-130
100900020,367,14,353
100900021,416,1,415
100900022,38,78,-40
100900023,0,71,-71
100900024,633,0,633
100900025,23,13,10
100900026,113,123,-10
100900027,597,2717,-2120
100900028,140,158,-18
100900029,77,8,69
100900030,7,84,-77
100900031,794,78,716
100900032,297,1,296
100900033,256,163,93
100900034,503,5,498
100900035,436,1,435
100900036,9,0,9
100900037,112,202,-90
100900038,140,42,98
100900039,230,641,-411
100900040,420,640,-220
100900041,944,802,142
100900042,1760,864,896
100900043,0,19,-19
100900044,2212,568,1644
100900045,48,1,47
100900046,1157,13,1144
100900047,932,292,640
100900048,175,37,138
100900049,118,200,-82
100900050,2,14,-12
100900051,26,86,-60
100900052,312,79,233
100900053,398,38,360
100900054,22,95,-73
100900055,309,739,-430
100900056,203,202,1
100900057,733,1390,-657
100900058,258,70,188
100900059,121,21,100
100900060,174,14,160
100900061,402,224,178
100900062,4,42,-38
100900063,219,584,-365
100900064,773,32,741
100900065,84,103,-19
100900066,112,252,-140
100900067,4,8,-4
100900068,494,101,393
100900069,536,9,527
100900070,418,5,413
100900071,762,330,432
100900072,11,84,-73
100900073,90,425,-335
100900074,18,12,6
100900075,1729,418,1311
100900076,14,68,-54
100900077,34,102,-68
100900078,120,370,-250
100900079,14,41,-27
100900080,45,159,-114
100900081,33,134,-101
100900082,148,557,-409
100900083,14,48,-34
100900085,28,242,-214
100900086,163,758,-595
100900088,139,599,-460
100900089,8,26,-18
100900090,173,463,-290
100900091,2,27,-25
100900092,278,167,111
100900093,218,318,-100
100900094,95,498,-403
100900095,8,51,-43
100900096,39,110,-71
100900097,5,13,-8
100900098,25,43,-18
100900099,68,554,-486
100900100,10,607,-597
100900101,347,80,267
100900102,250,104,146
100900103,18,41,-23
100900104,8,186,-178
100900105,28,476,-448
100900106,74,15,59
100900107,1699,879,820
100900108,9,24,-15
100900109,32,52,-20
100900110,4,57,-53
100900111,57,202,-145
100900112,6,15,-9
100900113,17,28,-11
100900114,21,40,-19
100900115,8,47,-39
100900116,705,654,51
100900117,302,703,-401
100900118,14,52,-38
100900119,24,29,-5
100900120,9,12,-3
100900121,304,510,-206
100900122,185,262,-77
100900123,55,233,-178
100900124,24,7,17
100900125,26,107,-81
100900126,142,414,-272
100900127,15,8,7
100900128,79,152,-73
100900129,1,151,-150
100900131,85,289,-204
100900133,49,65,-16
100900134,7,4,3
100900135,0,158,-158
100900137,333,220,113
100900138,582,411,171
100900139,4,11,-7
100900140,7,543,-536
100900141,3,438,-435
100900142,0,12,-12
100900143,1193,440,753
100900144,29,8,21
100900145,457,185,272
100900146,7,29,-22
100900147,22,319,-297
100900148,37,713,-676
100900149,88,224,-136
100900150,5,17,-12
100900151,168,559,-391
100900152,154,1,153
100900153,1,166,-165
100900154,5,60,-55
100900155,16,37,-21
100900156,21,3,18
100900157,1,174,-173
100900159,1,32,-31
100900160,27,17,10
100900161,103,9,94
100900162,25,265,-240
100900163,243,324,-81
100900164,76,68,8
100900165,11,38,-27
100900166,19,1,18
100900167,21,91,-70
100900168,25,160,-135
100900169,143,991,-848
100900170,47,9,38
100900171,27,575,-548
100900172,0,20,-20
100900173,10,350,-340
100900174,372,43,329
100900176,1841,198,1643
100900177,825,307,518
100900178,225,170,55
100900179,182,414,-232
100900180,38,8,30
100900181,124,86,38
100900182,40,28,12
100900184,14,193,-179
100900186,642,506,136
100900187,14,115,-101
100900188,33,8,25
100900189,997,238,759
100900191,1147,976,171
100900192,345,373,-28
100900195,104,129,-25
100900197,36,86,-50
100900198,22,162,-140
100900199,7,32,-25
100900200,609,442,167
100900201,66,562,-496
100900202,72,0,72
100900203,0,135,-135
100900204,236,422,-186
100900205,210,531,-321
100900206,153,63,90
100900207,199,131,68
100900210,54,560,-506
100900211,514,154,360
100900213,94,79,15
100900214,925,235,690
100900215,15,50,-35
100900217,229,109,120
101000001,3828,2447,1381
101000002,5053,4469,584
101000003,634,1561,-927
101000004,8249,6324,1925
101000005,2710,4237,-1527
101000006,7463,6542,921
101000007,2639,3279,-640
101000008,3812,2951,861
101000009,2276,1672,604
101000010,1027,1332,-305
101000011,1649,755,894
101000012,1636,820,816
101000013,752,1197,-445
101000014,526,659,-133
101000015,1082,838,244
101000016,414,444,-30
101000017,754,545,209
101000018,4449,2595,1854
101000020,3890,1204,2686
101000021,924,438,486
101000022,210,51,159
101000023,1876,832,1044
101000025,306,402,-96
101000026,340,25,315
101000027,2037,2390,-353
101000028,1202,239,963
101000029,302,1536,-1234
101000030,2097,153,1944
101000031,1088,505,583
101000032,9944,4995,4949
101000033,3071,3248,-177
101000034,2847,1768,1079
101000035,1053,578,475
101000036,2560,999,1561
101000037,4044,1973,2071
101000039,3534,2573,961
101000040,4338,3535,803
101000041,11442,7599,3843
101000042,637,1190,-553
101000043,8939,6780,2159
101000045,2049,1111,938
101000046,4690,1637,3053
101000047,2831,3167,-336
101000048,721,644,77
101000049,911,1658,-747
101000050,2002,1635,367
101000051,2193,2416,-223
101000052,1715,899,816
101000053,1141,1279,-138
101000054,1708,1084,624
101000055,1409,1286,123
101000056,62,143,-81
101000057,2720,1300,1420
101000058,1665,1197,468
101000059,3286,2350,936
101000060,2518,727,1791
101000061,1078,1526,-448
101000062,1011,792,219
101000063,779,1029,-250
101000064,1588,1122,466
101000065,429,382,47
101000066,1036,963,73
101000067,1473,965,508
101000068,380,481,-101
101000069,374,99,275
101000070,1772,1119,653
101000071,2126,976,1150
101000072,827,2934,-2107
101000073,945,931,14
101000074,6878,3387,3491
101000075,5734,5285,449
101000077,1601,1194,407
101000078,1002,2128,-1126
101000079,924,388,536
101000080,879,542,337
101000081,1889,1531,358
101000082,3490,3425,65
101000083,2578,2281,297
101000084,1558,1095,463
101000085,1564,1349,215
101000086,1298,1200,98
101000087,943,1117,-174
101000088,1098,1164,-66
101000089,999,1600,-601
101000090,2359,1373,986
101000091,447,974,-527
101000092,758,1088,-330
101000093,1494,879,615
101000094,938,1019,-81
101000095,409,672,-263
101000096,446,595,-149
101000097,381,409,-28
101000098,387,489,-102
101000099,1225,1114,111
101000100,922,793,129
101000101,324,450,-126
101000102,998,488,510
101000103,986,576,410
101000104,409,675,-266
101000105,564,320,244
101000106,685,746,-61
101000107,321,369,-48
101000108,895,341,554
101000109,294,77,217
101000110,43,539,-496
101000111,132,179,-47
101000113,220,651,-431
101000114,10072,6255,3817
101000115,122,117,5
101000116,213,127,86
101000117,969,305,664
101000119,106,57,49
101000120,252,68,184
101000121,122,54,68
101000122,196,122,74
101000123,108,146,-38
101000124,832,323,509
101000125,282,598,-316
101000128,495,380,115
101000130,283,346,-63
101000131,802,623,179
101000132,621,1023,-402
101000135,73,52,21
101000136,653,247,406
101000137,34,363,-329
101000141,1818,2812,-994
101000147,953,587,366
101000148,1314,25,1289
101000149,245,354,-109
101000150,99,803,-704
101000151,252,53,199
101000152,310,368,-58
101000153,626,346,280
101000154,211,1137,-926
101000155,267,152,115
101000156,20,281,-261
101000157,51,15,36
101000160,71,71,0
101000163,297,353,-56
101000164,481,403,78
101000165,242,362,-120
101000166,254,368,-114
101000168,916,448,468
101000252,1846,989,857
101000254,597,110,487
101000258,31,19,12
101000261,194,33,161
101000262,1259,1833,-574
101000263,264,933,-669
101000265,130,788,-658
101000266,448,369,79
101000269,50,14,36
101000290,1426,2774,-1348
101000293,24,63,-39
101000294,679,454,225
101000295,192,522,-330
101000301,1083,457,626
101000304,2005,2651,-646
101000305,3331,1465,1866
101000328,147,320,-173
101900001,51,94,-43
101900002,0,21,-21
101900003,54,131,-77
101900004,7,92,-85
101900005,3733,1873,1860
101900006,1100,92,1008
101900007,793,251,542
101900008,71,369,-298
101900009,62,436,-374
101900010,1203,852,351
101900011,258,1130,-872
101900012,233,268,-35
101900013,1174,211,963
101900017,21,214,-193
101900018,1311,304,1007
101900019,231,127,104
101900020,128,65,63
101900021,1,44,-43
101900022,272,1171,-899
101900023,224,275,-51
101900026,135,60,75
101900027,28,112,-84
102000001,2820,4282,-1462
102000002,3864,1344,2520
102000003,4012,6694,-2682
102000004,7522,3113,4409
102000005,1377,2066,-689
102000006,1491,1906,-415
102000007,1605,4063,-2458
102000008,4593,1643,2950
102000009,6150,7701,-1551
102000010,6402,3415,2987
102000011,3295,2655,640
102000012,3581,3308,273
102000018,3301,2819,482
102000019,2534,1617,917
102000026,223,618,-395
102000029,309,336,-27
102000030,124,378,-254
102000031,79,177,-98
102000032,443,323,120
102000033,255,436,-181
102000034,487,441,46
102000035,1140,701,439
102000036,14,262,-248
102000037,251,71,180
102000038,172,336,-164
102000039,216,85,131
102000040,536,306,230
102000041,276,378,-102
102000042,220,289,-69
102000043,420,220,200
102000044,366,387,-21
102000045,1002,915,87
102000046,1113,721,392
102000047,776,1084,-308
102000048,405,872,-467
102000049,1135,866,269
102000050,1131,1255,-124
102000051,505,772,-267
102000052,1410,885,525
102000053,974,1061,-87
102000054,616,991,-375
102000055,1126,677,449
102000056,763,1076,-313
102000057,1441,553,888
102000058,1159,1456,-297
102000059,1618,1357,261
102000060,1233,1044,189
102000061,1461,2091,-630
102000062,1585,1201,384
102000063,1345,1635,-290
102000064,660,770,-110
102000065,43,121,-78
102000066,914,860,54
102000067,2018,2910,-892
102000068,8505,2848,5657
102000069,90,1676,-1586
102000070,1843,59,1784
102000071,7651,9263,-1612
102000072,3515,4434,-919
102000073,1072,896,176
102000074,687,988,-301
102000075,123,322,-199
102000076,216,507,-291
102000077,541,1017,-476
102000078,899,1068,-169
102000079,194,273,-79
102000080,345,249,96
102000081,372,829,-457
102000082,762,270,492
102000083,543,333,210
102000084,287,338,-51
102000085,1738,1214,524
102000086,1072,1056,16
102000087,1002,1752,-750
102000088,372,284,88
102000089,1341,426,915
102000090,569,1141,-572
102000091,1276,532,744
102000092,377,830,-453
102000093,869,918,-49
102000094,1122,682,440
102000095,1201,1221,-20
102000096,727,817,-90
102000097,924,807,117
102000098,730,766,-36
102000099,961,973,-12
102000100,1081,1403,-322
102000101,1272,879,393
102000102,418,1500,-1082
102000103,1324,430,894
102000104,755,305,450
102000105,229,699,-470
102000106,823,771,52
102000107,1157,590,567
102000108,1042,232,810
102000109,703,633,70
102000110,1072,1282,-210
102000111,27,308,-281
102000112,375,151,224
102000113,6,37,-31
102000114,885,414,471
102000115,278,371,-93
102000116,557,505,52
102000117,360,675,-315
102000118,1603,1173,430
102000119,2196,835,1361
102000120,268,525,-257
102000121,1044,562,482
102000122,718,998,-280
102000123,1268,1185,83
102000124,1450,1323,127
102000125,969,923,46
102000126,1080,886,194
102000127,1574,796,778
102000128,856,1120,-264
102000129,1578,825,753
102000130,783,946,-163
102000131,1658,838,820
102000132,701,1115,-414
102000133,1876,1829,47
102000134,770,815,-45
102000135,880,789,91
102000136,1039,627,412
102000137,1001,872,129
102000138,255,423,-168
102000139,118,403,-285
102000140,390,443,-53
102000141,274,489,-215
102000142,421,437,-16
102000143,148,467,-319
102000144,342,468,-126
102000145,426,589,-163
102000146,401,363,38
102000147,555,528,27
102000148,236,794,-558
102000149,203,463,-260
102000150,343,138,205
102000151,104,299,-195
102000152,190,133,57
102000153,1181,620,561
102000154,347,688,-341
102000155,131,383,-252
102000156,444,124,320
102000157,142,379,-237
102000158,599,569,30
102000159,989,419,570
102000161,3802,2317,1485
102000162,252,186,66
102000163,141,510,-369
102000164,1253,1053,200
102000165,521,173,348
102000166,166,196,-30
102000167,322,297,25
102000168,411,207,204
102000169,133,416,-283
102000170,550,234,316
102000171,284,204,80
102000172,149,353,-204
102000173,511,280,231
102000174,69,107,-38
102000175,223,122,101
102000176,63,36,27
102000178,266,438,-172
102000179,290,234,56
102000180,1082,516,566
102000181,576,585,-9
102000182,667,581,86
102000183,1857,1905,-48
102000184,2069,905,1164
102000185,2547,1600,947
102000186,1176,2043,-867
102000187,1032,1748,-716
102000188,1326,1439,-113
102000189,2199,898,1301
102000190,599,2434,-1835
102000191,1275,574,701
102000192,1096,1626,-530
102000193,91,149,-58
102000194,69,133,-64
102000195,477,522,-45
102000196,198,469,-271
102000197,693,494,199
102000198,227,800,-573
102000199,1154,397,757
102000200,340,1144,-804
102000201,1063,577,486
102000202,13,79,-66
102000203,363,187,176
102000204,459,679,-220
102000205,1075,467,608
102000206,697,752,-55
102000207,1738,564,1174
102000208,759,510,249
102000209,394,58,336
102000210,511,475,36
102000211,801,334,467
102000212,485,24,461
102000213,17,272,-255
102000214,304,11,293
102000215,7,398,-391
102000216,62,59,3
102000217,11,153,-142
102000218,348,286,62
102000219,442,305,137
102000225,818,607,211
102000226,2041,839,1202
102000227,186,6,180
102000228,2,87,-85
102000229,41,46,-5
102000230,260,466,-206
102000231,325,468,-143
102000232,58,178,-120
102000233,437,736,-299
102000234,112,1297,-1185
102000236,346,72,274
102000237,602,179,423
102000238,164,261,-97
102000240,662,784,-122
102000241,235,146,89
102000243,12,67,-55
102000245,32,152,-120
102000246,57,49,8
102000247,1019,1167,-148
102000248,618,1047,-429
102000249,180,132,48
102000250,61,402,-341
102000254,83,385,-302
102000266,42,392,-350
102000271,53,10,43
102000286,452,411,41
102000297,1859,1092,767
102000301,0,0,0
102000303,0,0,0
102000305,0,0,0
102000307,0,5,-5
102900001,1301,913,388
102900002,559,57,502
102900003,71,196,-125
102900005,331,308,23
102900006,552,150,402
102900007,581,26,555
102900008,193,77,116
102900009,774,329,445
102900010,574,670,-96
102900011,2099,336,1763
102900012,372,117,255
102900013,27,107,-80
102900015,672,497,175
102900016,90,135,-45
102900017,201,731,-530
102900018,52,228,-176
102900019,454,382,72
102900020,154,17,137
102900021,30,107,-77
102900022,720,233,487
102900023,35,43,-8
102900024,52,51,1
102900025,298,152,146
102900026,416,1989,-1573
102900027,86,60,26
102900028,157,736,-579
102900029,236,192,44
102900030,799,281,518
102900031,170,186,-16
102900032,79,107,-28
102900033,136,212,-76
102900034,576,117,459
102900035,117,289,-172
102900036,305,584,-279
102900037,832,547,285
102900038,740,499,241
102900039,37,529,-492
102900040,128,255,-127
102900041,64,181,-117
102900042,194,254,-60
102900043,106,256,-150
102900044,556,2031,-1475
102900045,126,598,-472
102900046,125,261,-136
102900047,92,596,-504
102900048,675,617,58
102900049,130,384,-254
102900050,350,350,0
102900051,256,233,23
102900053,447,732,-285
102900054,767,964,-197
102900055,94,222,-128
102900056,121,446,-325
102900057,7,52,-45
102900058,330,67,263
102900059,33,82,-49
102900060,149,512,-363
102900061,205,520,-315
102900062,276,1087,-811
102900063,1146,459,687
102900064,162,480,-318
102900065,1444,498,946
102900066,375,31,344
102900068,140,108,32
102900070,234,480,-246
102900072,43,38,5
102900073,281,19,262
102900075,71,66,5
102900076,231,122,109
102900077,83,40,43
102900078,44,106,-62
102900079,161,13,148
102900080,383,58,325
102900081,117,254,-137
102900082,17,232,-215
102900083,259,11,248
102900084,9,42,-33
102900085,473,163,310
102900086,27,61,-34
102900087,114,89,25
102900088,37,48,-11
102900089,286,141,145
102900090,1,375,-374
102900091,216,4,212
102900092,360,916,-556
102900094,22,93,-71
102900095,99,0,99
102900096,47,19,28
102900097,147,329,-182
103000001,2206,2740,-534
103000002,2061,2436,-375
103000003,3265,2803,462
103000004,993,829,164
103000005,1757,2852,-1095
103000006,664,1414,-750
103000007,474,788,-314
103000008,1005,726,279
103000009,958,1049,-91
103000010,266,201,65
103000011,1758,1510,248
103000012,1351,1640,-289
103000013,4177,2299,1878
103000014,1519,2511,-992
103000015,1720,720,1000
103000016,617,1334,-717
103000017,201,357,-156
103000018,691,526,165
103000019,317,265,52
103000020,2816,1454,1362
103000021,1901,1641,260
103000022,866,1150,-284
103000023,704,1536,-832
103000024,100,244,-144
103000025,190,612,-422
103000026,1491,186,1305
103000027,512,479,33
103000028,408,439,-31
103000029,281,293,-12
103000030,1740,978,762
103000031,1383,1636,-253
103000032,2285,2091,194
103000033,3059,2674,385
103000034,1429,1321,108
103000035,463,1273,-810
103000036,428,538,-110
103000037,725,519,206
103000038,494,961,-467
103000039,457,411,46
103000040,473,981,-508
103000041,1677,2534,-857
103000042,1280,595,685
103000043,563,1050,-487
103000044,233,217,16
103000046,365,533,-168
103000047,631,663,-32
103000048,213,193,20
103000049,215,172,43
103000050,723,477,246
103000051,435,563,-128
103000052,860,405,455
103000053,180,733,-553
103000054,2798,1546,1252
103000055,2105,2395,-290
103000056,686,1854,-1168
103000057,544,327,217
103000058,553,991,-438
103000059,427,857,-430
103000060,864,705,159
103000061,515,1152,-637
103000062,1119,618,501
103000063,783,850,-67
103000064,191,237,-46
103000065,9,470,-461
103000066,188,19,169
103000069,649,393,256
103000070,1148,867,281
103000071,1206,603,603
103000072,141,800,-659
103000073,503,120,383
103000074,545,102,443
103000075,118,768,-650
103000076,341,310,31
103000077,45,409,-364
103000078,1251,628,623
103000079,911,745,166
103000080,1387,504,883
103000081,731,1294,-563
103000082,511,267,244
103000083,107,348,-241
103000084,179,5,174
103000085,8,145,-137
103000086,758,467,291
103000087,171,611,-440
103000088,305,343,-38
103000089,249,458,-209
103000090,1843,770,1073
103000091,626,438,188
103000092,202,377,-175
103000093,330,388,-58
103000094,187,116,71
103000095,72,379,-307
103000096,673,87,586
103000097,107,780,-673
103000098,989,231,758
103000099,389,681,-292
103000100,105,740,-635
103000101,756,110,646
103000102,121,682,-561
103000103,617,234,383
103000104,60,114,-54
103000105,146,115,31
103000106,10,128,-118
103000107,274,69,205
103000108,705,541,164
103000109,379,388,-9
103000110,481,452,29
103000111,501,462,39
103000112,301,223,78
103000113,744,689,55
103000114,1335,525,810
103000115,531,508,23
103000116,569,448,121
103000117,357,483,-126
103000118,879,822,57
103000119,1265,746,519
103000120,117,133,-16
103000121,649,902,-253
103000122,605,704,-99
103000125,10,288,-278
103000126,630,5,625
103000127,4,180,-176
103000128,211,4,207
103000129,1,119,-118
103000130,82,33,49
103000131,153,94,59
103000132,132,143,-11
103000133,14,105,-91
103000134,775,746,29
103000135,674,413,261
103000136,851,555,296
103000137,588,620,-32
103000138,1070,879,191
103000139,6,62,-56
103000140,168,40,128
103000141,129,152,-23
103000142,292,91,201
103000143,86,228,-142
103000144,255,65,190
103000145,48,74,-26
103000150,127,70,57
103000152,206,262,-56
103000153,232,165,67
103000156,5,356,-351
103000157,450,1,449
103000159,129,31,98
103000162,116,47,69
103000163,18,62,-44
103000164,27,18,9
103000165,122,339,-217
103000166,218,294,-76
103000167,145,88,57
103000168,100,175,-75
103000169,260,467,-207
103000170,778,447,331
103000171,126,102,24
103000172,448,376,72
103000173,511,601,-90
103000174,189,390,-201
103000175,300,347,-47
103000176,874,700,174
103000177,624,467,157
103000178,362,303,59
103000179,187,52,135
103000183,142,27,115
103000185,87,54,33
103000186,121,217,-96
103000187,510,429,81
103000188,16,63,-47
103000189,812,888,-76
103000191,509,448,61
103000292,1752,1744,8
103000293,1069,1795,-726
103000295,116,109,7
103000296,287,12,275
103000297,10,17,-7
103000504,155,19,136
103000505,25,21,4
103000506,4,253,-249
103000507,240,4,236
103000508,37,86,-49
103000509,228,660,-432
103900001,7,201,-194
103900002,1404,244,1160
103900003,1827,207,1620
103900004,152,7,145
103900005,9,211,-202
103900006,2,4,-2
103900007,60,3,57
103900008,24,2,22
103900009,295,502,-207
103900010,157,382,-225
103900011,293,202,91
103900012,9,20,-11
103900013,56,65,-9
103900014,77,20,57
103900015,57,12,45
103900016,319,220,99
103900017,54,96,-42
103900018,962,305,657
103900019,113,337,-224
103900020,212,402,-190
103900021,475,60,415
103900022,1189,829,360
103900023,142,0,142
103900024,84,369,-285
103900025,19,61,-42
103900026,266,1,265
103900027,685,340,345
103900028,14,295,-281
103900029,1159,172,987
103900030,281,88,193
103900031,21,8,13
103900032,103,77,26
103900033,93,13,80
103900034,39,148,-109
103900035,25,51,-26
103900036,55,31,24
103900037,80,64,16
103900038,126,201,-75
103900039,66,358,-292
103900040,16,175,-159
103900041,39,43,-4
103900042,45,328,-283
103900043,162,63,99
103900044,137,252,-115
103900045,356,212,144
103900047,47,38,9
103900048,106,21,85
103900049,221,1137,-916
103900050,18,108,-90
103900051,1,24,-23
103900052,222,409,-187
103900053,182,653,-471
103900054,116,408,-292
103900055,411,218,193
103900056,113,53,60
103900057,28,183,-155
103900058,222,648,-426
103900059,0,24,-24
103900060,40,204,-164
103900061,129,68,61
103900062,270,85,185
103900063,42,1,41
103900064,127,3,124
103900065,1038,414,624
103900066,126,12,114
103900067,194,8,186
103900068,8,6,2
103900069,61,42,19
103900070,120,215,-95
103900071,16,147,-131
103900072,15,216,-201
103900073,31,42,-11
103900074,93,72,21
103900075,208,74,134
103900076,510,488,22
103900077,61,114,-53
103900078,233,105,128
103900079,238,166,72
103900080,16,41,-25
103900081,101,37,64
103900082,4,101,-97
103900083,1528,932,596
103900084,46,84,-38
103900085,88,157,-69
103900086,549,404,145
103900088,522,525,-3
103900089,75,138,-63
103900090,2,146,-144
103900091,1198,338,860
103900092,700,455,245
103900093,109,298,-189
103900094,12,156,-144
103900095,314,233,81
103900096,27,233,-206
103900097,12,508,-496
103900098,227,120,107
103900099,75,157,-82
103900100,189,326,-137
103900101,81,1073,-992
103900102,2,35,-33
103900104,0,36,-36
103900105,144,302,-158
103900106,0,41,-41
103900107,120,207,-87
103900108,57,360,-303
103900109,111,94,17
103900110,165,61,104
103900111,92,526,-434
103900112,37,88,-51
103900113,159,284,-125
103900114,399,404,-5
103900115,249,229,20
103900116,6311,2778,3533
103900117,149,104,45
103900119,23,84,-61
103900120,75,110,-35
103900122,95,283,-188
103900123,1638,780,858
103900124,81,467,-386
103900125,135,85,50
103900126,438,409,29
103900127,192,489,-297
103900128,156,127,29
103900131,58,170,-112
103900133,938,127,811
103900134,0,6,-6
103900135,11,10,1
103900137,1,26,-25
103900138,126,261,-135
103900139,313,1825,-1512
103900140,1,129,-128
103900141,247,93,154
103900142,147,157,-10
103900143,52,8,44
103900144,1,47,-46
103900145,135,179,-44
103900146,241,233,8
103900147,295,129,166
103900148,244,290,-46
103900149,341,624,-283
103900150,5692,3631,2061
103900151,42,138,-96
103900152,490,516,-26
103900153,9,0,9
103900154,856,1637,-781
103900155,63,222,-159
103900156,54,177,-123
103900157,52,224,-172
103900158,104,216,-112
103900159,164,110,54
103900160,76,35,41
103900161,95,241,-146
103900162,54,173,-119
103900163,17,415,-398
103900167,33,107,-74
103900168,74,98,-24
103900169,67,48,19
103900170,3,114,-111
103900171,5,67,-62
103900172,7,26,-19
103900173,11,12,-1
103900174,189,59,130
103900175,44,46,-2
103900176,6,39,-33
103900177,34,103,-69
103900178,66,43,23
103900179,56,126,-70
103900180,25,104,-79
103900181,61,55,6
103900182,80,28,52
103900184,516,98,418
103900185,205,364,-159
103900187,26,68,-42
103900188,85,15,70
103900189,108,12,96
103900190,54,64,-10
103900191,47,55,-8
103900192,26,134,-108
103900193,152,247,-95
103900194,63,295,-232
103900195,6,78,-72
103900196,36,58,-22
103900197,21,52,-31
103900198,17,66,-49
103900199,127,87,40
103900200,179,173,6
103900201,142,229,-87
103900202,10,63,-53
103900203,39,30,9
103900204,1,108,-107
103900207,1,114,-113
103900208,98,1,97
103900209,11,120,-109
103900210,33,40,-7
103900211,506,352,154
103900212,147,391,-244
103900213,60,257,-197
103900214,304,236,68
103900215,717,489,228
103900216,27,426,-399
103900217,396,118,278
103900218,3,244,-241
103900219,164,260,-96
103900233,93,2,91
103900235,87,31,56
103900236,33,7,26
103900242,29,26,3
103900243,4,13,-9
103900244,113,233,-120
103900245,72,205,-133
103900246,35,59,-24
103900247,38,131,-93
103900248,30,71,-41
103900249,58,32,26
103900250,71,23,48
103900251,7,45,-38
103900253,28,105,-77
103900254,6,41,-35
103900255,12,40,-28
103900256,14,79,-65
103900257,130,149,-19
103900258,37,2,35
103900259,71,9,62
103900261,12,3,9
103900262,28,6,22
103900263,49,57,-8
103900264,64,98,-34
103900265,69,47,22
103900266,0,131,-131
103900267,5,88,-83
103900268,21,142,-121
103900269,159,45,114
103900270,59,248,-189
103900271,81,181,-100
103900272,43,73,-30
103900273,25,47,-22
103900274,82,7,75
103900275,55,17,38
103900276,10,75,-65
103900277,3,100,-97
103900278,4,50,-46
103900279,0,29,-29
103900280,0,100,-100
104000001,2064,1977,87
104000002,1426,2466,-1040
104000003,2059,2007,52
104000004,2614,2463,151
104000005,1331,1916,-585
104000006,2786,2588,198
104000007,3723,4096,-373
104000008,242,363,-121
104000009,225,117,108
104000010,157,319,-162
104000011,484,332,152
104000012,175,351,-176
104000013,233,169,64
104000014,211,688,-477
104000015,294,150,144
104000016,538,454,84
104000018,826,151,675
104000019,521,197,324
104000020,221,760,-539
104000021,282,709,-427
104000022,148,359,-211
104000023,626,317,309
104000024,285,326,-41
104000026,48,359,-311
104000027,267,361,-94
104000028,426,213,213
104000029,302,493,-191
104000030,240,259,-19
104000031,1138,457,681
104000032,237,288,-51
104000033,553,552,1
104000034,250,306,-56
104000035,849,523,326
104000036,693,569,124
104000037,249,229,20
104000038,428,294,134
104000039,189,269,-80
104000040,358,455,-97
104000041,1001,368,633
104000042,242,340,-98
104000043,302,452,-150
104000044,275,702,-427
104000045,991,1215,-224
104000046,1086,1698,-612
104000047,887,1279,-392
104000048,989,1822,-833
104000049,550,288,262
104000050,134,536,-402
104000051,102,576,-474
104000052,1532,1375,157
104000053,997,612,385
104000054,484,424,60
104000055,3510,2570,940
104000056,1417,307,1110
104000057,156,612,-456
104000058,713,639,74
104000059,488,1036,-548
104000060,960,1066,-106
104000061,1261,1038,223
104000062,470,210,260
104000064,481,288,193
104000065,336,717,-381
104000069,1065,1045,20
104000070,101,536,-435
104000071,219,583,-364
104000072,669,309,360
104000075,63,277,-214
104000076,506,113,393
104000082,2152,2771,-619
104000083,916,183,733
104000084,196,639,-443
104000085,331,282,49
104000086,207,490,-283
104000087,624,1794,-1170
104000090,727,1344,-617
104000092,1247,2168,-921
104000094,1103,1567,-464
104000095,1748,1276,472
104000096,1276,253,1023
104000097,1429,912,517
104000098,2055,1094,961
104000100,1637,685,952
104000101,1251,1569,-318
104000106,103,774,-671
104000107,639,595,44
104000108,289,519,-230
104000109,331,84,247
104000110,800,1044,-244
104000111,3711,2204,1507
104000112,2322,600,1722
104000116,1,945,-944
104000117,153,584,-431
104000118,563,324,239
104000119,703,324,379
104000120,314,677,-363
104000121,200,790,-590
104000122,658,829,-171
104000123,869,1206,-337
104000124,1117,2200,-1083
104000125,3231,3920,-689
104000126,396,392,4
104000127,1515,3318,-1803
104000128,624,489,135
104000129,336,53,283
104000130,7,298,-291
104000131,710,519,191
104000132,495,574,-79
104000133,1515,899,616
104000134,936,1461,-525
104000135,492,1816,-1324
104000136,812,3679,-2867
104000137,1595,430,1165
104000138,973,271,702
104000139,6262,3026,3236
104000141,1121,1354,-233
104000142,619,757,-138
104000143,469,613,-144
104000144,89,197,-108
104000145,391,204,187
104000146,325,581,-256
104000147,128,359,-231
104000148,367,154,213
104000149,180,325,-145
104000150,931,404,527
104000151,417,530,-113
104000152,530,577,-47
104000153,556,478,78
104000154,1196,644,552
104000155,480,567,-87
104000157,936,1432,-496
104000158,393,375,18
104000159,843,464,379
104000160,1748,1845,-97
104000161,169,203,-34
104000162,53,150,-97
104000165,1136,1135,1
104000167,656,1008,-352
104000168,466,6,460
104000169,90,46,44
104000170,503,608,-105
104000248,341,665,-324
104000251,51,243,-192
104000272,0,0,0
104000273,0,0,0
104000274,0,0,0
104000275,0,0,0
104000279,593,418,175
104000290,88,305,-217
104000291,730,1087,-357
104000293,765,765,0
104000294,27,0,27
104000295,525,715,-190
104000296,339,642,-303
104000297,683,1766,-1083
104000298,2036,686,1350
104000299,707,1358,-651
104000302,91,94,-3
104000303,77,91,-14
104900001,225,387,-162
104900002,55,167,-112
104900003,45,330,-285
104900004,110,285,-175
104900005,209,198,11
104900006,335,90,245
104900007,279,246,33
104900009,102,323,-221
104900010,62,67,-5
104900011,21,10,11
104900012,229,27,202
104900013,160,10,150
104900014,2857,286,2571
104900015,109,4,105
104900016,242,223,19
104900017,152,196,-44
104900018,9,184,-175
104900019,380,2329,-1949
104900020,77,255,-178
104900021,3,154,-151
104900022,12,146,-134
104900023,6,97,-91
104900024,26,89,-63
104900025,86,250,-164
104900026,3,97,-94
104900027,419,328,91
104900028,36,122,-86
104900029,67,148,-81
104900030,491,243,248
104900031,81,220,-139
104900032,30,115,-85
104900033,147,302,-155
104900034,354,142,212
104900035,275,174,101
104900036,217,87,130
104900037,143,223,-80
104900038,458,649,-191
104900039,818,383,435
104900040,402,138,264
104900041,332,233,99
104900042,103,222,-119
104900043,36,159,-123
104900044,503,195,308
104900045,382,61,321
104900046,182,102,80
104900047,275,126,149
104900048,230,88,142
104900049,32,28,4
104900050,236,104,132
104900051,270,53,217
104900052,47,3,44
104900053,420,96,324
104900054,178,28,150
104900055,92,3,89
104900056,192,24,168
104900057,35,0,35
104900058,593,229,364
104900059,229,135,94
104900060,7,295,-288
104900061,230,533,-303
104900063,3,114,-111
104900064,0,101,-101
104900065,0,145,-145
104900066,4,131,-127
104900067,1,294,-293
104900068,5,211,-206
104900070,163,261,-98
104900071,1,476,-475
104900072,30,260,-230
104900073,71,176,-105
104900074,50,228,-178
104900075,58,50,8
104900076,69,283,-214
104900077,799,266,533
104900078,205,489,-284
104900079,102,509,-407
104900080,103,477,-374
104900082,10,469,-459
104900085,3,171,-168
104900087,386,1,385
104900089,127,1,126
104900090,805,612,193
104900091,857,670,187
104900093,234,488,-254
104900097,1929,1745,184
104900098,140,36,104
104900099,421,757,-336
104900100,528,233,295
104900102,54,144,-90
104900103,449,69,380
104900104,2530,1778,752
104900106,113,125,-12
104900107,147,206,-59
104900108,28,241,-213
104900109,89,177,-88
104900110,5,61,-56
104900111,120,104,16
104900112,250,657,-407
104900113,699,337,362
104900114,315,451,-136
104900115,731,415,316
104900116,305,221,84
104900118,40,90,-50
104900119,3,43,-40
104900120,88,234,-146
104900121,0,99,-99
104900122,10,105,-95
104900123,57,17,40
104900124,43,2,41
104900125,387,5,382
104900126,82,67,15
104900127,46,68,-22
104900128,116,130,-14
104900129,1561,1516,45
105000001,2324,1437,887
105000002,2271,1402,869
105000003,3242,3274,-32
105000004,479,885,-406
105000005,708,884,-176
105000006,1322,1436,-114
105000007,1222,1266,-44
105000008,1798,2404,-606
105000009,2070,2915,-845
105000010,3358,2337,1021
105000011,3310,2518,792
105000012,4032,3189,843
105000013,979,1047,-68
105000014,1859,2415,-556
105000015,9778,12544,-2766
105000016,2972,2107,865
105000017,1520,916,604
105000018,1416,1361,55
105000019,1224,791,433
105000020,226,430,-204
105000021,324,104,220
105000022,286,103,183
105000023,560,352,208
105000028,113,141,-28
105000029,621,1321,-700
105000030,4451,2974,1477
105000031,7,55,-48
105000033,1128,1919,-791
105000034,145,925,-780
105000037,670,330,340
105000038,1984,1594,390
105000039,2843,1902,941
105000040,1204,1032,172
105000041,1011,1220,-209
105000042,3245,1775,1470
105000043,2192,2100,92
105000044,564,403,161
105000045,343,889,-546
105000046,1053,348,705
105000047,494,1636,-1142
105000048,609,178,431
105000049,247,589,-342
105000050,700,397,303
105000051,141,529,-388
105000052,686,856,-170
105000053,131,149,-18
105000054,462,924,-462
105000055,1287,344,943
105000056,1912,2068,-156
105000057,1755,837,918
105000058,1314,1322,-8
105000059,644,635,9
105000060,376,630,-254
105000061,543,547,-4
105000062,643,870,-227
105000063,289,550,-261
105000064,1155,848,307
105000065,349,642,-293
105000066,1084,1542,-458
105000067,1252,846,406
105000068,521,857,-336
105000069,1839,1583,256
105000070,695,851,-156
105000071,280,734,-454
105000072,946,1909,-963
105000073,831,604,227
105000074,1301,841,460
105000075,477,909,-432
105000076,1178,1152,26
105000077,2418,1101,1317
105000078,1361,1369,-8
105000079,1452,3028,-1576
105000080,1685,1320,365
105000081,3687,1411,2276
105000082,1073,1735,-662
105000083,4401,3114,1287
105000084,1018,956,62
105000085,1897,1727,170
105000086,672,960,-288
105000087,1481,1779,-298
105000088,1493,1536,-43
105000089,2819,2315,504
105000090,1167,867,300
105000091,1303,1639,-336
105000092,601,929,-328
105000093,347,281,66
105000094,310,254,56
105000095,156,503,-347
105000096,1455,1042,413
105000097,1273,837,436
105000098,851,654,197
105000099,1030,781,249
105000100,1166,1298,-132
105000101,2126,1913,213
105000102,1561,1494,67
105000103,1292,2073,-781
105000104,3925,1046,2879
105000105,2490,2034,456
105000106,1811,1594,217
105000107,1299,933,366
105000108,1480,1506,-26
105000109,1397,1554,-157
105000110,656,647,9
105000111,579,887,-308
105000112,1355,722,633
105000113,388,795,-407
105000114,2687,1112,1575
105000115,342,1136,-794
105000116,708,601,107
105000117,944,1196,-252
105000118,524,485,39
105000119,694,925,-231
105000120,855,656,199
105000121,744,962,-218
105000122,554,711,-157
105000123,1922,1405,517
105000124,1687,799,888
105000125,830,1892,-1062
105000126,1844,1797,47
105000127,2365,2098,267
105000128,936,1016,-80
105000129,792,354,438
105000130,365,2530,-2165
105000131,663,442,221
105000132,782,611,171
105000133,482,1011,-529
105000134,650,628,22
105000135,511,714,-203
105000136,121,320,-199
105000137,418,275,143
105000138,205,401,-196
105000139,1073,1077,-4
105000140,404,544,-140
105000141,354,578,-224
105000142,201,491,-290
105000143,182,749,-567
105000144,344,914,-570
105000145,602,433,169
105000146,460,862,-402
105000147,488,333,155
105000148,1228,605,623
105000149,2126,2102,24
105000150,2111,1688,423
105000151,499,400,99
105000152,203,512,-309
105000153,563,753,-190
105000154,579,559,20
105000155,332,970,-638
105000156,922,623,299
105000157,848,1452,-604
105000158,1644,771,873
105000159,272,972,-700
105000160,1507,660,847
105000161,649,1083,-434
105000162,465,1471,-1006
105000163,957,871,86
105000164,213,286,-73
105000165,865,4101,-3236
105000166,4995,860,4135
105000167,1979,1269,710
105000168,396,678,-282
105000169,558,504,54
105000170,196,1545,-1349
105000171,1147,206,941
105000172,174,83,91
105000173,189,175,14
105000174,65,88,-23
105000175,75,195,-120
105000176,288,155,133
105000177,234,207,27
105000178,139,417,-278
105000179,466,231,235
105000180,123,123,0
105000181,78,264,-186
105000182,60,45,15
105000183,2263,1806,457
105000184,2222,1101,1121
105000185,1747,949,798
105000186,679,732,-53
105000187,856,194,662
105000188,347,135,212
105000189,278,463,-185
105000190,314,367,-53
105000191,394,399,-5
105000192,257,75,182
105000193,111,130,-19
105000194,670,151,519
105000195,348,841,-493
105000196,131,295,-164
105000197,290,641,-351
105000198,635,419,216
105000199,385,773,-388
105000200,198,247,-49
105000201,144,47,97
105000203,12,228,-216
105000204,98,86,12
105000205,132,253,-121
105000207,555,261,294
105000208,243,539,-296
105000209,178,403,-225
105000211,264,21,243
105000212,1234,1271,-37
105000213,215,225,-10
105000214,242,281,-39
105000215,342,197,145
105000216,164,525,-361
105000217,183,412,-229
105000218,1128,1104,24
105000221,164,220,-56
105000222,1079,136,943
105000223,545,213,332
105000226,102,260,-158
105000227,77,163,-86
105000228,399,1659,-1260
105000229,117,510,-393
105000231,379,315,64
105000233,933,693,240
105000234,860,1230,-370
105000235,436,552,-116
105000237,633,86,547
105000243,17,62,-45
105000248,58,94,-36
105000262,336,1253,-917
105000269,164,224,-60
105000270,466,43,423
105000271,0,224,-224
105000282,90,78,12
105000287,374,119,255
105000288,643,489,154
105000289,3062,2032,1030
105000290,37,7,30
105000402,3729,3293,436
105000426,499,629,-130
105000438,4203,1759,2444
105000440,31,41,-10
105000446,11283,5820,5463
105000447,7039,3166,3873
105000454,345,732,-387
105000455,328,248,80
105000474,75,9,66
105000477,404,605,-201
105000478,1727,3687,-1960
105000479,119,165,-46
105000480,9132,6275,2857
105000481,4307,3138,1169
105000482,5643,7942,-2299
105000483,1742,1677,65
105000484,2530,3256,-726
105000485,1548,2636,-1088
105000486,3600,2450,1150
105000488,10415,5864,4551
105000489,888,834,54
105000549,259,166,93
105000550,578,1579,-1001
105000551,38,127,-89
105000552,2962,1920,1042
105000555,1288,950,338
105000556,53,42,11
105000557,58,244,-186
105900001,24,1226,-1202
105900002,1254,640,614
105900003,10,135,-125
105900004,285,104,181
105900005,7,231,-224
105900006,10,87,-77
105900007,206,40,166
105900008,74,655,-581
105900009,11,20,-9
105900011,189,27,162
105900012,596,99,497
105900013,1,33,-32
105900014,11,55,-44
105900015,161,319,-158
105900016,489,594,-105
105900017,1570,35,1535
105900018,175,173,2
105900019,96,324,-228
105900020,39,41,-2
105900021,39,194,-155
105900022,274,154,120
105900023,13,72,-59
105900024,17,172,-155
105900025,230,48,182
105900026,237,24,213
105900027,6238,8479,-2241
105900028,1111,317,794
105900029,1246,384,862
105900030,189,286,-97
105900031,360,189,171
105900032,69,167,-98
105900033,105,151,-46
105900034,225,248,-23
105900035,106,153,-47
105900036,88,115,-27
105900037,76,74,2
105900038,206,218,-12
105900039,164,96,68
105900040,57,120,-63
105900041,142,158,-16
105900042,55,172,-117
105900043,1093,78,1015
105900044,6,242,-236
105900045,5,627,-622
105900046,1,217,-216
105900047,5,31,-26
105900048,125,492,-367
105900050,6949,2795,4154
105900051,37,982,-945
105900052,597,398,199
105900053,2835,2888,-53
105900054,327,215,112
105900056,637,425,212
105900057,27,127,-100
105900058,23,22,1
105900059,0,32,-32
106000001,4367,2571,1796
106000002,2487,5071,-2584
106000003,2617,3547,-930
106000004,1876,2694,-818
106000005,2845,5851,-3006
106000006,5757,4222,1535
106000007,501,655,-154
106000008,465,310,155
106000009,562,360,202
106000010,490,527,-37
106000011,983,1022,-39
106000012,870,1337,-467
106000013,1700,2104,-404
106000014,1761,1630,131
106000015,1633,1426,207
106000016,1134,2137,-1003
106000017,513,731,-218
106000018,582,471,111
106000019,356,505,-149
106000020,279,363,-84
106000021,310,429,-119
106000022,279,245,34
106000023,575,372,203
106000024,493,649,-156
106000025,100,218,-118
106000026,95,248,-153
106000027,1206,1394,-188
106000028,570,606,-36
106000029,869,1404,-535
106000030,561,448,113
106000034,261,626,-365
106000035,1172,1998,-826
106000036,255,417,-162
106000037,1954,1409,545
106000038,443,116,327
106000039,139,77,62
106000040,181,822,-641
106000041,747,459,288
106000043,687,239,448
106000046,405,145,260
106000047,79,362,-283
106000049,883,287,596
106000050,339,724,-385
106000051,601,474,127
106000052,83,536,-453
106000053,280,141,139
106000054,323,445,-122
106000055,943,960,-17
106000056,295,352,-57
106000057,334,280,54
106000058,149,165,-16
106000059,230,345,-115
106000060,348,506,-158
106000061,199,520,-321
106000062,201,523,-322
106000063,572,529,43
106000064,47,345,-298
106000065,324,282,42
106000066,111,339,-228
106000067,413,87,326
106000068,56,659,-603
106000069,176,72,104
106000070,464,789,-325
106000071,987,322,665
106000072,2712,1533,1179
106000073,1602,2898,-1296
106000074,551,645,-94
106000075,337,1508,-1171
106000076,1757,2173,-416
106000077,3184,1377,1807
106000078,837,959,-122
106000079,643,992,-349
106000080,1165,690,475
106000081,562,1207,-645
106000082,2049,931,1118
106000083,443,1521,-1078
106000084,1123,739,384
106000085,1439,1518,-79
106000086,656,935,-279
106000087,883,624,259
106000088,439,865,-426
106000089,869,398,471
106000090,274,702,-428
106000091,283,542,-259
106000092,527,267,260
106000093,298,244,54
106000094,74,272,-198
106000095,622,725,-103
106000096,833,834,-1
106000097,912,1004,-92
106000098,652,1138,-486
106000099,214,717,-503
106000100,1015,242,773
106000101,1078,293,785
106000102,244,592,-348
106000103,411,456,-45
106000104,871,441,430
106000105,438,640,-202
106000106,571,492,79
106000107,163,359,-196
106000108,288,446,-158
106000109,188,366,-178
106000110,230,312,-82
106000111,222,492,-270
106000112,219,501,-282
106000113,796,583,213
106000114,570,628,-58
106000115,240,486,-246
106000116,279,252,27
106000117,995,707,288
106000118,1097,1287,-190
106000119,1410,945,465
106000120,747,1114,-367
106000121,168,157,11
106000122,98,293,-195
106000123,477,170,307
106000124,71,262,-191
106000125,16,258,-242
106000126,353,137,216
106000127,804,866,-62
106000128,685,232,453
106000129,493,605,-112
106000130,684,373,311
106000131,167,835,-668
106000132,559,200,359
106000133,1901,1212,689
106000134,611,1474,-863
106000135,274,707,-433
106000136,558,970,-412
106000137,68,873,-805
106000138,873,125,748
106000139,46,105,-59
106000140,54,88,-34
106000141,78,70,8
106000142,75,47,28
106000143,37,66,-29
106000144,61,66,-5
106000145,221,221,0
106000146,294,191,103
106000147,459,472,-13
106000148,638,862,-224
106000149,528,398,130
106000150,420,1841,-1421
106000151,3339,853,2486
106000152,1280,1969,-689
106000153,123,1349,-1226
106000154,1288,284,1004
106000155,109,241,-132
106000156,560,298,262
106000157,658,1559,-901
106000158,2233,946,1287
106000159,2940,1861,1079
106000160,379,2298,-1919
106000161,1454,386,1068
106000162,289,884,-595
106000163,454,417,37
106000164,392,449,-57
106000165,178,518,-340
106000166,645,335,310
106000167,419,1078,-659
106000168,480,337,143
106000169,197,617,-420
106000170,968,313,655
106000171,303,1176,-873
106000172,2661,1459,1202
106000173,1392,2471,-1079
106000174,1001,372,629
106000175,334,895,-561
106000176,1356,802,554
106000177,756,2304,-1548
106000178,3293,1831,1462
106000179,1170,2486,-1316
106000180,834,1396,-562
106000181,703,1645,-942
106000182,1112,711,401
106000183,1228,703,525
106000184,1744,733,1011
106000185,921,1072,-151
106000186,838,192,646
106000187,219,1119,-900
106000188,5,1,4
106000189,36,51,-15
106000190,37,0,37
106000191,625,225,400
106000192,1,16,-15
106000193,537,229,308
106000194,190,396,-206
106000195,1096,191,905
106000196,121,345,-224
106000197,786,315,471
106000198,264,261,3
106000199,884,723,161
106000200,200,258,-58
106000201,524,2203,-1679
106000202,3468,564,2904
106000203,43,178,-135
106000204,110,6,104
106000205,34,194,-160
106000206,133,23,110
106000207,55,746,-691
106000208,1304,159,1145
106000209,1227,362,865
106000210,325,998,-673
106000211,347,1106,-759
106000212,746,408,338
106000213,698,1711,-1013
106000214,2393,779,1614
106000215,265,527,-262
106000216,326,343,-17
106000217,291,464,-173
106000218,489,440,49
106000219,160,316,-156
106000220,403,321,82
106000221,188,279,-91
106000222,64,107,-43
106000223,174,137,37
106000224,225,269,-44
106000225,66,133,-67
106000226,118,274,-156
106000228,47,97,-50
106000229,97,714,-617
106000231,949,171,778
106000232,138,388,-250
106000233,861,117,744
106000234,442,188,254
106000235,2761,103,2658
106000236,1255,66,1189
106000237,59,17,42
106000238,944,11,933
106000239,0,262,-262
106000240,48,7,41
106000241,15,671,-656
106000242,207,27,180
106000249,60,83,-23
106000250,70,594,-524
106000251,217,27,190
106000252,90,91,-1
106000253,25,58,-33
106000254,48,48,0
106000255,11,144,-133
106000256,38,66,-28
106000257,151,243,-92
106000258,1082,16,1066
106000259,32,50,-18
106000260,80,7,73
106000261,4,50,-46
106000262,117,13,104
106000263,4,81,-77
106000264,166,5,161
106000265,12,145,-133
106000266,96,33,63
106000267,6,85,-79
106000268,587,105,482
106000269,83,49,34
106000270,188,529,-341
106000271,78,258,-180
106000272,336,59,277
106000273,4,274,-270
106000274,261,44,217
106000275,149,275,-126
106000276,168,33,135
106000277,105,312,-207
106000278,228,41,187
106000279,12,55,-43
106000280,90,105,-15
106000281,98,64,34
106000282,84,86,-2
106000283,136,55,81
106000284,46,138,-92
106000285,128,96,32
106000286,71,149,-78
106000287,95,95,0
106000288,100,176,-76
106000289,111,80,31
106000290,85,100,-15
106000291,78,124,-46
106000292,65,106,-41
106000293,139,128,11
106000294,172,144,28
106000295,50,43,7
106000296,23,82,-59
106000297,69,267,-198
106000298,142,59,83
106000299,104,128,-24
106000300,60,76,-16
106000301,118,95,23
106000303,28,120,-92
106000304,27,40,-13
106000305,67,94,-27
106000306,32,52,-20
106000307,74,48,26
106000308,28,128,-100
106000309,25,69,-44
106000310,342,473,-131
106000311,356,198,158
106000312,109,188,-79
106000313,186,225,-39
106000318,108,428,-320
106000319,986,251,735
106000320,2,54,-52
106000321,470,108,362
106000322,132,185,-53
106000324,14,135,-121
106000325,1344,998,346
106000326,927,1684,-757
106000327,170,182,-12
106000328,30,128,-98
106000329,96,269,-173
106000330,125,81,44
106000428,62,195,-133
106000429,127,447,-320
106000430,380,1216,-836
106000431,2249,521,1728
106000432,2085,2965,-880
106000433,2246,1646,600
106000434,2826,1642,1184
106000435,1443,2476,-1033
106000436,11,178,-167
106000437,302,46,256
106000438,439,126,313
106000439,76,321,-245
106000440,283,385,-102
106000441,1,1,0
106000442,159,5,154
106000443,151,337,-186
106000450,4,165,-161
106000451,27,42,-15
106000454,4,708,-704
106000455,12,196,-184
106000456,102,41,61
106000457,23,1043,-1020
106000458,679,155,524
106000459,195,419,-224
106000460,1255,35,1220
106000461,119,1501,-1382
106000462,2,39,-37
106000463,8,23,-15
106000464,16,497,-481
106000465,629,4,625
106000466,6,661,-655
106000467,574,743,-169
106000468,58,176,-118
106000469,231,1,230
106000470,314,1576,-1262
106000471,30,688,-658
106000472,186,24,162
106000473,33,29,4
106000474,303,518,-215
106000475,324,202,122
106000476,229,270,-41
106000477,57,132,-75
106000480,0,305,-305
106900001,1,8,-7
106900002,0,462,-462
106900003,296,712,-416
106900004,1,32,-31
106900006,0,8,-8
106900007,0,14,-14
106900008,224,222,2
106900009,292,299,-7
106900010,214,276,-62
106900012,1480,1758,-278
106900013,641,143,498
106900014,29,0,29
106900015,20,1,19
106900016,281,16,265
106900017,5,2,3
106900018,0,0,0
106900019,38,1,37
106900020,2214,1265,949
106900021,84,109,-25
106900022,604,3,601
106900023,70,289,-219
106900024,418,29,389
106900025,66,563,-497
106900026,3,603,-600
106900027,720,14,706
107000001,3841,3408,433
107000002,3521,5153,-1632
107000003,5453,6715,-1262
107000004,4769,5040,-271
107000005,4175,5458,-1283
107000006,5959,5239,720
107000007,5209,9449,-4240
107000008,11887,9309,2578
107000009,6873,7273,-400
107000010,12457,10693,1764
107000011,1346,1445,-99
107000012,4942,3536,1406
107000013,89,116,-27
107000014,45,247,-202
107000015,565,765,-200
107000016,705,863,-158
107000017,3160,1064,2096
107000018,15,585,-570
107000020,1723,784,939
107000021,1746,554,1192
107000022,805,1245,-440
107000023,2678,290,2388
107000024,513,1415,-902
107000025,213,426,-213
107000026,230,592,-362
107000027,1361,1079,282
107000028,1292,1692,-400
107000029,3195,2921,274
107000030,3383,3560,-177
107000031,3979,2606,1373
107000032,641,1214,-573
107000033,3341,4644,-1303
107000034,3083,1784,1299
107000035,349,276,73
107000036,405,1202,-797
107000037,99,850,-751
107000038,278,305,-27
107000039,890,854,36
107000040,166,450,-284
107000041,1480,716,764
107000042,695,2045,-1350
107000043,2391,1225,1166
107000044,572,418,154
107000045,103,299,-196
107000046,776,418,358
107000047,406,829,-423
107000048,693,292,401
107000049,675,797,-122
107000050,1230,611,619
107000051,401,344,57
107000052,1269,1123,146
107000053,372,218,154
107000054,64,306,-242
107000055,405,204,201
107000056,514,873,-359
107000057,1625,290,1335
107000058,2235,2277,-42
107000059,2169,3358,-1189
107000060,4027,5302,-1275
107000061,5330,4033,1297
107000062,3739,3045,694
107000063,4305,5468,-1163
107000064,4438,2216,2222
107000065,5394,5222,172
107000066,1803,2521,-718
107000067,1211,1262,-51
107000068,1381,696,685
107000069,794,470,324
107000070,1242,6,1236
107000071,2903,42,2861
107000072,56,2835,-2779
107000073,767,349,418
107000074,180,915,-735
107000075,1613,589,1024
107000076,783,1701,-918
107000077,3246,1473,1773
107000078,3185,3809,-624
107000079,2719,1197,1522
107000080,1297,3261,-1964
107000081,1633,710,923
107000082,660,2116,-1456
107000083,1381,485,896
107000084,512,2162,-1650
107000085,3176,3617,-441
107000086,3957,3618,339
107000087,2829,2236,593
107000088,3593,3823,-230
107000089,1504,1833,-329
107000090,1114,1235,-121
107000091,1497,892,605
107000092,908,1149,-241
107000093,1276,860,416
107000094,967,1272,-305
107000095,794,802,-8
107000096,585,886,-301
107000097,934,368,566
107000098,1132,901,231
107000099,538,240,298
107000100,265,337,-72
107000101,111,169,-58
107000102,217,366,-149
107000103,297,222,75
107000104,175,331,-156
107000105,403,172,231
107000106,590,260,330
107000107,565,232,333
107000108,161,638,-477
107000109,629,207,422
107000110,68,518,-450
107000111,320,65,255
107000112,76,280,-204
107000113,538,175,363
107000114,114,582,-468
107000115,508,151,357
107000116,115,793,-678
107000117,103,560,-457
107000118,187,191,-4
107000119,1402,1665,-263
107000120,1378,465,913
107000121,865,846,19
107000122,1388,962,426
107000123,448,745,-297
107000124,617,952,-335
107000125,965,687,278
107000126,939,925,14
107000129,238,806,-568
107000130,541,247,294
107000131,385,620,-235
107000132,498,395,103
107000133,1051,111,940
107000134,338,4,334
107000135,7,319,-312
107000136,948,10,938
107000137,18,501,-483
107000138,378,41,337
107000139,17,422,-405
107000140,2089,141,1948
107000141,178,843,-665
107000142,678,115,563
107000143,73,753,-680
107000144,825,527,298
107000145,151,546,-395
107000146,245,339,-94
107000147,4667,1383,3284
107000150,780,2577,-1797
107000151,41,132,-91
107000152,502,1259,-757
107000153,253,457,-204
107000154,318,266,52
107000155,760,13,747
107000156,1096,29,1067
107000157,40,1678,-1638
107000158,613,23,590
107000159,61,1066,-1005
107000160,993,135,858
107000161,89,1622,-1533
107000162,284,493,-209
107000163,286,2,284
107000164,633,2,631
107000165,1022,6,1016
107000166,61,1354,-1293
107000167,680,322,358
107000168,1124,494,630
107000169,722,948,-226
107000170,1920,1031,889
107000171,815,2033,-1218
107000172,1003,1483,-480
107000173,637,985,-348
107000174,1016,4423,-3407
107000175,6705,2006,4699
107000176,1,3,-2
107000177,1,1,0
107000178,16,62,-46
107000179,328,2353,-2025
107000180,1351,426,925
107000181,530,1298,-768
107000182,1786,954,832
107000183,130,856,-726
107000184,1120,751,369
107000185,393,1385,-992
107000186,1148,473,675
107000187,1772,1622,150
107000188,982,715,267
107000189,435,1196,-761
107000190,604,755,-151
107000191,897,1491,-594
107000192,1682,894,788
107000193,433,513,-80
107000194,1002,804,198
107000197,901,310,591
107000198,301,865,-564
107000199,699,739,-40
107000200,664,789,-125
107000201,639,346,293
107000202,419,523,-104
107000203,1613,732,881
107000204,1649,978,671
107000205,2415,1045,1370
107000206,974,1269,-295
107000207,692,883,-191
107000208,1033,510,523
107000209,2121,1305,816
107000210,903,388,515
107000211,3,39,-36
107000212,18,308,-290
107000213,12,31,-19
107000214,24,166,-142
107000215,527,394,133
107000216,462,337,125
107000217,328,165,163
107000219,79,154,-75
107000220,416,218,198
107000222,299,856,-557
107000224,510,104,406
107000225,478,457,21
107000226,495,104,391
107000227,225,295,-70
107000228,76,205,-129
107000229,302,150,152
107000230,1216,544,672
107000231,1885,1812,73
107000232,177,107,70
107000233,1800,1079,721
107000234,4,72,-68
107000235,51,11,40
107000236,15,556,-541
107000237,21,2,19
107000238,107,1,106
107000239,3153,538,2615
107000240,133,1006,-873
107000243,0,53,-53
107000244,8,86,-78
107000246,3,1003,-1000
107000249,5,1183,-1178
107000251,1,459,-458
107000252,2,1235,-1233
107000255,452,138,314
107000257,2,401,-399
107000258,1,128,-127
107000259,13,211,-198
107000260,698,10,688
107000262,10,579,-569
107000263,243,23,220
107000266,10,18,-8
107000267,102,169,-67
107000268,147,155,-8
107000269,903,73,830
107000270,3,14,-11
107000271,9,649,-640
107000272,9,135,-126
107000273,2,200,-198
107000274,1281,251,1030
107000275,75,817,-742
107000280,825,30,795
107000281,94,977,-883
107000282,41,866,-825
107000290,9,44,-35
107000291,71,11,60
107000292,5,58,-53
107000293,131,2,129
107000294,1,46,-45
107000295,227,5,222
107000296,0,9,-9
107000444,188,4,184
107000496,12,23,-11
107000497,1539,2628,-1089
107000500,284,365,-81
107000501,159,179,-20
107000502,201,363,-162
107000505,438,853,-415
107000506,2,55,-53
107000508,11,733,-722
107000509,286,1026,-740
107000510,97,35,62
107000514,86,345,-259
107000515,27,195,-168
107000516,324,333,-9
107000518,1050,1198,-148
107000519,2049,982,1067
107000520,72,26,46
107000521,648,452,196
107000522,926,681,245
107900001,73,135,-62
107900002,35,9,26
107900003,171,15,156
107900004,9,1,8
107900005,1107,3,1104
107900006,179,1,178
107900007,265,58,207
107900008,162,26,136
107900009,167,1,166
107900010,26,5,21
107900012,221,25,196
107900013,247,50,197
107900014,19,10,9
107900015,932,13,919
107900016,433,100,333
107900017,28,5,23
107900018,49,103,-54
107900019,23,61,-38
107900020,59,22,37
107900021,94,143,-49
107900023,5,0,5
107900024,1,31,-30
107900025,183,231,-48
107900026,66,79,-13
107900027,45,46,-1
107900028,48,76,-28
107900030,156,24,132
107900031,72,127,-55
107900032,16,10,6
107900033,17,12,5
107900034,382,21,361
107900035,842,48,794
107900036,73,15,58
107900037,1,45,-44
107900038,149,235,-86
107900039,20,77,-57
107900040,72,134,-62
107900041,2,2,0
107900043,40,140,-100
107900044,7,3,4
107900045,119,63,56
107900046,199,155,44
107900047,40,86,-46
107900048,172,13,159
107900049,323,1382,-1059
107900050,131,305,-174
107900051,73,73,0
107900052,62,30,32
107900053,44,111,-67
107900055,534,228,306
107900056,190,71,119
107900057,0,0,0
107900058,46,643,-597
107900060,145,36,109
107900061,13,13,0
107900063,72,123,-51
107900064,227,116,111
107900065,178,12,166
107900066,29,11,18
107900067,1,0,1
107900068,174,413,-239
107900069,67,1929,-1862
107900070,92,60,32
107900071,34,800,-766
107900072,103,151,-48
107900073,412,108,304
107900074,789,279,510
107900076,109,49,60
107900077,74,1,73
107900079,16,24,-8
107900080,388,532,-144
107900081,44,152,-108
107900082,20,22,-2
107900083,311,178,133
107900084,104,124,-20
107900086,179,168,11
107900087,742,168,574
107900088,47,12,35
107900089,288,1028,-740
107900090,635,2512,-1877
107900091,247,466,-219
107900093,66,95,-29
107900095,3630,2621,1009
107900097,25,70,-45
107900098,31,159,-128
107900100,1145,1169,-24
107900101,1059,259,800
107900102,49,11,38
107900103,48,177,-129
107900104,284,5,279
107900105,5,408,-403
107900106,4,1107,-1103
107900107,925,515,410
107900108,333,171,162
107900109,1198,14,1184
107900110,68,117,-49
107900111,28,722,-694
107900112,85,274,-189
107900113,250,133,117
107900114,174,186,-12
107900115,5,46,-41
107900116,198,151,47
107900117,439,372,67
107900118,95,225,-130
107900119,87,382,-295
107900120,52,38,14
107900121,2,178,-176
107900122,8,100,-92
107900123,5,51,-46
107900124,14,47,-33
107900125,31,219,-188
107900126,11,60,-49
107900127,381,363,18
107900128,125,82,43
107900129,49,44,5
107900130,74,44,30
107900131,726,295,431
107900132,143,453,-310
107900133,0,95,-95
107900134,34,88,-54
107900135,5,249,-244
107900136,40,45,-5
107900137,237,122,115
107900138,52,112,-60
107900139,33,137,-104
107900141,69,57,12
107900142,154,844,-690
107900143,141,21,120
107900144,2,150,-148
107900145,6,78,-72
107900146,45,129,-84
107900147,54,52,2
107900148,154,100,54
107900149,847,248,599
107900150,74,725,-651
107900151,26,86,-60
107900152,8,151,-143
107900153,128,318,-190
107900154,73,45,28
107900155,74,89,-15
107900156,1,367,-366
107900157,34,78,-44
107900158,734,20,714
107900159,35,835,-800
107900160,151,199,-48
107900161,18,168,-150
107900162,0,40,-40
107900163,40,29,11
107900164,5,50,-45
107900165,49,125,-76
107900166,11,185,-174
107900167,28,19,9
107900168,35,60,-25
107900169,0,158,-158
107900171,11,1369,-1358
107900172,3,331,-328
107900173,13,144,-131
107900174,94,12,82
107900175,69,26,43
107900176,26,37,-11
107900177,0,64,-64
107900178,2,141,-139
107900179,15,124,-109
107900180,732,508,224
107900181,321,278,43
107900182,7,1016,-1009
107900183,58,237,-179
107900184,152,229,-77
107900185,128,6,122
107900186,25,57,-32
107900187,0,106,-106
107900188,673,166,507
107900189,16,109,-93
107900190,69,130,-61
107900191,61,106,-45
107900193,5,37,-32
107900194,170,17,153
107900195,2377,408,1969
107900196,40,91,-51
107900197,974,439,535
107900199,1,964,-963
107900201,77,109,-32
107900203,59,78,-19
107900204,218,163,55
107900206,1000,229,771
107900207,2,501,-499
107900208,27,610,-583
107900209,487,141,346
107900210,96,119,-23
107900213,473,386,87
107900214,21,132,-111
107900215,155,270,-115
107900216,153,75,78
107900217,35,75,-40
107900218,15,1299,-1284
107900219,47,156,-109
107900220,200,262,-62
107900221,192,249,-57
107900223,58,501,-443
107900224,133,302,-169
107900225,9,666,-657
107900226,118,95,23
107900227,129,429,-300
107900228,14,125,-111
107900229,3,224,-221
107900230,6,103,-97
107900231,24,181,-157
107900232,82,127,-45
107900233,15,99,-84
107900234,107,86,21
107900235,17,91,-74
107900236,118,115,3
107900237,64,374,-310
107900238,25,103,-78
107900239,880,507,373
107900240,20,155,-135
107900241,17,82,-65
107900242,34,204,-170
107900243,1,60,-59
107900244,261,1,260
107900245,655,42,613
107900246,1233,26,1207
107900248,502,467,35
107900249,620,30,590
107900250,6,505,-499
107900251,134,1297,-1163
107900252,903,28,875
107900253,111,4,107
107900254,79,721,-642
107900255,310,94,216
107900256,2319,754,1565
107900257,203,138,65
107900258,103,212,-109
107900259,85,1885,-1800
107900261,16,373,-357
107900262,93,109,-16
107900264,251,4,247
107900265,404,143,261
107900267,221,16,205
107900268,43,17,26
107900269,7,11,-4
107900270,2,0,2
107900271,4,26,-22
107900272,155,29,126
107900273,50,123,-73
107900274,77,1,76
107900275,38,1,37
107900276,0,106,-106
107900277,1,187,-186
107900278,235,371,-136
107900279,108,171,-63
107900280,1680,2283,-603
107900281,1720,2452,-732
107900282,73,396,-323
107900283,911,560,351
107900284,553,627,-74
107900285,148,80,68
107900286,212,113,99
107900287,246,183,63
107900290,0,111,-111
107900291,422,24,398
107900292,121,199,-78
107900293,74,438,-364
107900295,62,60,2
107900297,7,368,-361
107900298,797,807,-10
107900299,3131,1919,1212
107900301,1442,670,772
107900302,75,48,27
107900303,199,311,-112
107900304,236,501,-265
107900305,224,19,205
107900306,15,20,-5
107900307,56,246,-190
107900308,211,108,103
107900309,67,0,67
107900310,362,3,359
107900311,2,246,-244
107900312,51,0,51
107900313,0,134,-134
107900314,1,56,-55
107900315,3,53,-50
107900316,31,4,27
107900317,120,14,106
107900318,9,120,-111
107900319,9,144,-135
107900320,0,155,-155
107900321,107,4,103
107900322,4,168,-164
107900323,9,163,-154
107900324,133,0,133
107900325,68,2,66
107900326,379,238,141
107900327,3,73,-70
107900328,219,4,215
107900329,133,70,63
107900330,9,344,-335
107900331,155,36,119
107900332,217,43,174
107900333,54,14,40
107900334,33,190,-157
107900335,97,37,60
107900336,82,86,-4
107900337,1053,738,315
107900338,5,153,-148
107900339,5,43,-38
107900340,0,56,-56
107900341,78,2,76
107900342,109,135,-26
107900343,54,3,51
107900344,10,69,-59
107900345,163,50,113
107900346,24,1,23
107900347,33,2,31
107900348,8,9,-1
107900349,18,13,5
107900350,31,257,-226
107900351,6,164,-158
107900352,3,52,-49
107900353,26,12,14
107900354,28,66,-38
108000001,2850,3529,-679
108000002,2165,2941,-776
108000003,3406,3260,146
108000004,12927,15995,-3068
108000005,8044,6564,1480
108000006,8933,8563,370
108000007,5239,4440,799
108000008,4717,7185,-2468
108000009,3795,4362,-567
108000010,3850,4892,-1042
108000011,11878,11978,-100
108000012,18090,16562,1528
108000014,1156,832,324
108000015,817,297,520
108000016,336,802,-466
108000017,996,409,587
108000018,1927,673,1254
108000019,2419,844,1575
108000020,1451,537,914
108000021,453,1893,-1440
108000022,508,1387,-879
108000023,1127,305,822
108000024,379,578,-199
108000025,271,283,-12
108000026,888,447,441
108000027,815,798,17
108000028,806,307,499
108000029,554,1074,-520
108000030,597,251,346
108000031,278,732,-454
108000032,1605,674,931
108000033,776,1231,-455
108000034,1407,514,893
108000035,742,2309,-1567
108000036,311,1095,-784
108000037,1524,450,1074
108000038,2212,661,1551
108000039,558,1946,-1388
108000040,1719,1047,672
108000041,689,2519,-1830
108000042,282,247,35
108000043,198,265,-67
108000044,464,214,250
108000045,325,541,-216
108000046,1333,339,994
108000047,421,1052,-631
108000048,319,385,-66
108000049,1307,353,954
108000050,144,652,-508
108000051,344,151,193
108000052,232,739,-507
108000053,463,216,247
108000054,540,1016,-476
108000055,1004,584,420
108000056,1500,1466,34
108000057,631,1247,-616
108000058,2076,3768,-1692
108000059,3371,2267,1104
108000060,202,686,-484
108000061,357,621,-264
108000062,713,552,161
108000063,474,565,-91
108000064,198,244,-46
108000065,609,654,-45
108000066,1403,819,584
108000067,1747,692,1055
108000068,600,499,101
108000069,307,1050,-743
108000070,1648,902,746
108000071,718,1791,-1073
108000072,1533,1295,238
108000073,1442,2007,-565
108000074,549,403,146
108000075,460,979,-519
108000076,738,615,123
108000077,671,771,-100
108000078,2279,1772,507
108000079,1107,1860,-753
108000080,1451,685,766
108000081,1000,1943,-943
108000082,1104,1886,-782
108000083,1672,1123,549
108000084,627,1102,-475
108000085,891,602,289
108000086,878,747,131
108000087,174,1835,-1661
108000088,694,198,496
108000089,409,368,41
108000091,239,517,-278
108000092,117,93,24
108000093,156,576,-420
108000094,427,87,340
108000095,168,364,-196
108000096,269,198,71
108000097,113,450,-337
108000098,1503,1440,63
108000099,983,322,661
108000100,112,493,-381
108000101,2314,1551,763
108000102,1902,3652,-1750
108000106,1114,4,1110
108000107,2,731,-729
108000108,865,55,810
108000109,11,711,-700
108000110,216,331,-115
108000111,194,630,-436
108000112,88,150,-62
108000113,476,253,223
108000115,284,294,-10
108000117,640,327,313
108000118,639,1662,-1023
108000119,640,405,235
108000120,184,771,-587
108000121,279,552,-273
108000122,477,329,148
108000123,1966,267,1699
108000124,930,634,296
108000125,354,355,-1
108000126,172,460,-288
108000127,578,466,112
108000128,687,595,92
108000129,516,1268,-752
108000130,715,323,392
108000131,1009,844,165
108000132,2204,1515,689
108000133,860,712,148
108000134,594,689,-95
108000135,1182,569,613
108000136,468,1109,-641
108000137,537,557,-20
108000138,453,1054,-601
108000139,526,309,217
108000140,106,41,65
108000141,37,91,-54
108000142,75,104,-29
108000143,60,471,-411
108000144,423,69,354
108000145,39,16,23
108000146,479,70,409
108000147,37,28,9
108000148,428,96,332
108000149,28,20,8
108000150,33,10,23
108000151,275,93,182
108000152,148,536,-388
108000153,500,177,323
108000154,44,7,37
108000155,66,22,44
108000156,936,464,472
108000157,147,808,-661
108000158,124,794,-670
108000159,619,236,383
108000160,3028,1190,1838
108000161,2530,2340,190
108000165,8,141,-133
108000172,5,320,-315
108000173,1977,2034,-57
108000175,553,157,396
108000178,401,370,31
108000179,193,856,-663
108000181,78,23,55
108000182,334,113,221
108000183,43,460,-417
108000184,1062,2092,-1030
108000185,259,621,-362
108000186,402,638,-236
108000187,255,649,-394
108000188,620,245,375
108000189,2335,6785,-4450
108000190,48,114,-66
108000192,245,616,-371
108000193,736,28,708
108000194,33,23,10
108000195,0,973,-973
108000196,869,204,665
108000198,813,450,363
108000199,0,234,-234
108000200,386,616,-230
108000203,107,784,-677
108000204,224,80,144
108000205,416,566,-150
108000339,1409,490,919
108000364,338,772,-434
108000365,81,354,-273
108000367,222,401,-179
108000368,15,79,-64
108000369,1274,292,982
108000371,24,711,-687
108000372,856,15,841
108000373,233,169,64
108000376,64,41,23
108000377,421,302,119
108000378,8973,9602,-629
108000379,36,206,-170
108000381,86,13,73
108000382,199,0,199
108000383,0,183,-183
108900001,98,1105,-1007
108900002,211,64,147
108900003,375,692,-317
108900004,1266,474,792
108900007,219,226,-7
108900008,106,170,-64
108900009,95,147,-52
108900010,229,179,50
108900011,517,484,33
108900012,273,464,-191
108900013,172,267,-95
108900014,17,135,-118
108900015,1,106,-105
108900016,2,318,-316
108900017,273,392,-119
108900018,117,352,-235
108900019,32,819,-787
108900020,41,181,-140
108900021,101,264,-163
108900022,97,20,77
108900023,11,22,-11
108900024,41,123,-82
108900025,107,132,-25
108900026,34,96,-62
108900027,1,84,-83
108900028,87,294,-207
108900029,63,296,-233
108900030,0,93,-93
108900031,117,385,-268
108900032,18,239,-221
108900033,1,116,-115
108900034,1,277,-276
108900035,385,1263,-878
108900038,1,330,-329
108900039,0,470,-470
108900040,11,117,-106
108900041,4833,2900,1933
108900042,11,423,-412
108900043,54,397,-343
108900044,1,386,-385
108900045,60,530,-470
108900046,57,683,-626
108900047,0,125,-125
108900048,175,895,-720
108900049,3200,1438,1762
108900050,0,228,-228
108900051,5,232,-227
108900052,31,223,-192
108900053,88,217,-129
108900054,82,187,-105
108900055,75,325,-250
108900056,1,153,-152
108900057,1,155,-154
108900058,31,354,-323
108900059,351,48,303
108900060,81,138,-57
108900061,93,38,55
108900062,5,220,-215
108900063,13,271,-258
108900064,188,67,121
108900065,16,241,-225
108900066,340,116,224
108900067,30,191,-161
108900068,6,169,-163
108900069,70,108,-38
108900070,33,115,-82
108900071,88,98,-10
108900072,1845,723,1122
108900073,41,317,-276
108900074,225,460,-235
108900075,60,58,2
108900076,273,75,198
108900077,173,486,-313
108900078,42,127,-85
108900079,851,250,601
108900080,34,629,-595
108900081,66,253,-187
108900082,101,135,-34
108900083,36,207,-171
108900085,2187,188,1999
108900086,99,273,-174
108900087,129,201,-72
108900088,871,490,381
108900089,50,155,-105
108900090,45,250,-205
108900091,117,101,16
108900092,446,374,72
108900093,120,88,32
108900094,203,100,103
108900095,65,290,-225
108900096,372,23,349
108900097,235,247,-12
108900098,2465,811,1654
108900099,408,282,126
108900100,110,132,-22
108900101,235,190,45
108900102,97,914,-817
108900103,83,172,-89
108900105,3,1085,-1082
108900106,467,369,98
108900108,486,66,420
108900109,302,79,223
108900110,235,445,-210
108900111,477,571,-94
108900113,31,56,-25
108900114,63,9,54
108900115,62,101,-39
108900116,46,15,31
108900117,180,13,167
108900118,494,18,476
108900119,231,22,209
108900120,299,139,160
108900121,298,170,128
108900122,133,26,107
108900123,129,137,-8
108900124,464,232,232
108900125,399,7,392
108900126,117,24,93
108900127,173,20,153
108900128,92,43,49
108900129,701,204,497
108900130,326,2,324
108900131,330,7,323
108900132,427,75,352
108900133,166,56,110
108900134,283,288,-5
108900135,137,6,131
108900136,55,1,54
108900137,143,5,138
108900138,696,44,652
108900140,295,256,39
108900141,298,15,283
108900142,101,15,86
108900143,53,0,53
108900144,91,1,90
108900145,152,23,129
108900146,79,0,79
108900147,213,0,213
108900148,87,49,38
108900150,278,10,268
108900151,389,9,380
108900152,268,22,246
108900153,173,366,-193
108900154,4272,530,3742
108900156,92,6,86
108900157,41,407,-366
108900158,496,80,416
108900159,3,246,-243
108900160,10,226,-216
108900161,13,380,-367
108900162,98,1,97
108900163,19,217,-198
108900164,58,101,-43
108900168,7518,2535,4983
108900169,86,145,-59
108900171,6422,2689,3733
108900172,210,75,135
108900173,172,377,-205
108900174,762,670,92
108900176,94,486,-392
108900177,5009,4552,457
108900178,3636,3058,578
108900180,96,291,-195
108900183,197,228,-31
108900184,395,185,210
108900185,180,277,-97
108900186,45,318,-273
108900189,390,166,224
108900190,60,2669,-2609
108900192,93,206,-113
108900195,137,328,-191
108900196,39,350,-311
108900199,306,366,-60
108900200,747,305,442
108900201,514,1376,-862
108900203,471,119,352
108900204,292,15,277
108900205,195,29,166
108900206,546,66,480
108900207,194,84,110
108900208,23,283,-260
108900209,285,459,-174
108900210,184,203,-19
108900211,207,490,-283
108900212,731,1548,-817
108900215,76,443,-367
108900216,565,142,423
108900217,115,0,115
108900218,87,88,-1
108900221,74,134,-60
108900224,36,151,-115
108900225,2,211,-209
108900227,106,281,-175
108900230,293,268,25
108900232,2,255,-253
108900233,284,108,176
108900234,239,135,104
108900235,242,478,-236
108900236,41,256,-215
108900240,183,114,69
108900241,40,43,-3
108900245,23,1178,-1155
108900250,251,154,97
108900258,12,205,-193
108900259,122,62,60
108900260,9,99,-90
108900261,104,176,-72
108900262,160,138,22
108900263,54,182,-128
108900264,654,299,355
108900265,989,373,616
108900266,1013,539,474
108900267,4,82,-78
108900268,39,9,30
108900269,100,44,56
108900270,69,18,51
108900271,32,18,14
108900272,209,11,198
108900273,1003,876,127
108900274,67,54,13
109000001,2884,1287,1597
109000002,1817,1539,278
109000003,2326,469,1857
109000004,498,1972,-1474
109000005,2383,673,1710
109000006,734,2075,-1341
109000007,1359,567,792
109000008,415,1595,-1180
109000009,3487,1313,2174
109000010,1584,3623,-2039
109000011,2942,2181,761
109000012,1837,3369,-1532
109000013,2921,2725,196
109000014,1938,3042,-1104
109000015,3636,6487,-2851
109000016,6334,3851,2483
109000017,2169,1187,982
109000018,905,2999,-2094
109000019,2530,1491,1039
109000020,1100,1859,-759
109000023,288,50,238
109000024,7,203,-196
109000025,341,415,-74
109000026,676,327,349
109000027,70,331,-261
109000028,143,129,14
109000029,86,163,-77
109000030,75,532,-457
109000031,185,241,-56
109000032,115,417,-302
109000033,321,241,80
109000034,78,53,25
109000035,20,103,-83
109000036,261,430,-169
109000037,273,980,-707
109000038,612,453,159
109000039,830,663,167
109000040,4170,7230,-3060
109000041,3424,1782,1642
109000042,596,1276,-680
109000044,391,95,296
109000045,143,392,-249
109000046,361,104,257
109000047,108,471,-363
109000048,841,277,564
109000049,308,567,-259
109000050,386,384,2
109000051,334,315,19
109000052,590,1087,-497
109000053,205,139,66
109000054,1825,599,1226
109000055,588,323,265
109000056,530,555,-25
109000057,743,463,280
109000058,978,289,689
109000059,972,1613,-641
109000060,393,462,-69
109000061,1083,976,107
109000062,234,398,-164
109000063,290,255,35
109000064,311,174,137
109000065,166,271,-105
109000066,338,92,246
109000067,59,326,-267
109000068,3072,15,3057
109000069,1943,28,1915
109000070,12,1164,-1152
109000071,343,67,276
109000072,109,376,-267
109000073,63,86,-23
109000074,32,186,-154
109000075,104,403,-299
109000076,151,331,-180
109000077,425,356,69
109000078,87,224,-137
109000079,182,258,-76
109000080,196,112,84
109000081,126,551,-425
109000082,596,282,314
109000083,293,892,-599
109000088,130,462,-332
109000089,281,58,223
109000090,206,454,-248
109000091,323,234,89
109000092,311,568,-257
109000093,237,236,1
109000094,406,2,404
109000095,154,431,-277
109000096,543,346,197
109000097,110,172,-62
109000098,73,138,-65
109000099,1041,387,654
109000100,253,659,-406
109000101,1563,749,814
109000102,315,832,-517
109000103,479,703,-224
109000104,1431,560,871
109000105,410,1301,-891
109000106,1862,797,1065
109000107,626,2517,-1891
109000108,1677,554,1123
109000109,440,1961,-1521
109000110,1133,533,600
109000111,1040,1990,-950
109000112,891,205,686
109000113,707,175,532
109000114,256,534,-278
109000115,1560,140,1420
109000116,19,252,-233
109000117,298,93,205
109000118,18,346,-328
109000119,1049,303,746
109000120,185,796,-611
109000121,441,73,368
109000122,124,763,-639
109000123,59,78,-19
109000124,613,501,112
109000125,934,449,485
109000126,532,767,-235
109000127,786,282,504
109000128,423,1568,-1145
109000129,1887,962,925
109000130,673,2035,-1362
109000131,946,651,295
109000132,785,1850,-1065
109000133,461,1027,-566
109000134,805,1473,-668
109000135,1268,1663,-395
109000136,388,284,104
109000137,331,435,-104
109000138,479,416,63
109000139,520,535,-15
109000140,306,385,-79
109000141,551,504,47
109000142,138,532,-394
109000143,95,86,9
109000145,160,446,-286
109000146,105,137,-32
109000148,3226,1659,1567
109000149,18,67,-49
109000150,178,297,-119
109000155,688,562,126
109000156,1027,727,300
109000158,122,279,-157
109000159,99,545,-446
109000160,791,264,527
109000161,288,1127,-839
109000162,1674,801,873
109000163,892,1824,-932
109000164,1277,2749,-1472
109000165,1120,642,478
109000166,619,135,484
109000167,141,538,-397
109000170,45,78,-33
109000171,39,65,-26
109000172,38,70,-32
109000173,26,80,-54
109000174,91,78,13
109000175,67,106,-39
109000176,297,277,20
109000177,27,132,-105
109000178,696,444,252
109000179,5175,4930,245
109000180,4664,3614,1050
109000181,23,31,-8
109000182,26,51,-25
109000183,44,52,-8
109000184,47,11,36
109000185,20,57,-37
109000188,1002,2084,-1082
109000189,3257,1218,2039
109000190,586,440,146
109000191,390,457,-67
109000192,360,251,109
109000193,191,329,-138
109000194,290,178,112
109000195,167,314,-147
109000196,305,186,119
109000197,155,372,-217
109000198,291,79,212
109000199,121,431,-310
109000206,189,43,146
109000207,116,57,59
109000208,76,65,11
109000209,162,221,-59
109000210,299,562,-263
109000211,584,564,20
109000214,547,471,76
109000215,123,90,33
109000216,201,231,-30
109000217,722,175,547
109000218,921,259,662
109000221,601,1182,-581
109000222,977,288,689
109000223,342,298,44
109000224,58,162,-104
109000225,83,57,26
109000226,61,190,-129
109000227,1000,1117,-117
109000228,7,1031,-1024
109000231,1,318,-317
109000232,391,344,47
109000236,247,761,-514
109000241,2261,2245,16
109000242,1915,1459,456
109000293,35,74,-39
109000361,201,371,-170
109000364,237,655,-418
109000396,8,521,-513
109000397,479,7,472
109000399,125,469,-344
109000400,109,295,-186
109000403,126,797,-671
109000406,440,6,434
109000407,321,272,49
109000408,3,520,-517
109000410,1043,316,727
109000411,191,35,156
109900001,76,0,76
109900002,868,21,847
109900003,206,1,205
109900004,942,138,804
109900005,32,4,28
109900006,395,262,133
109900007,626,547,79
109900008,1,65,-64
109900009,97,487,-390
109900010,482,26,456
109900011,87,60,27
109900012,489,251,238
109900013,373,219,154
109900014,466,63,403
109900015,456,217,239
109900016,182,26,156
109900017,166,234,-68
109900018,347,79,268
109900019,355,62,293
109900020,34,68,-34
109900021,27,17,10
109900022,166,207,-41
109900023,23,4,19
109900024,28,5,23
109900025,24,73,-49
109900026,3,145,-142
109900027,46,87,-41
109900028,1392,838,554
109900029,2,311,-309
109900030,45,14,31
109900031,0,95,-95
109900032,15,357,-342
109900033,1,461,-460
109900034,37,3,34
109900035,13,38,-25
109900036,38,84,-46
109900037,28,451,-423
109900038,63,213,-150
109900039,18,0,18
109900040,22,515,-493
109900041,88,346,-258
109900042,217,408,-191
109900044,390,256,134
109900045,339,97,242
109900046,109,171,-62
109900047,580,325,255
109900048,12,109,-97
109900049,4,21,-17
109900050,1,168,-167
109900051,0,66,-66
109900052,130,337,-207
109900053,3,324,-321
109900054,564,220,344
109900055,51,302,-251
109900056,79,277,-198
109900057,3,194,-191
109900058,1,94,-93
109900059,553,128,425
109900060,419,168,251
109900061,56,272,-216
109900062,1,173,-172
109900063,4,436,-432
109900064,469,277,192
109900065,79,103,-24
109900066,320,835,-515
109900067,0,224,-224
109900068,50,3,47
109900069,2,58,-56
109900070,36,313,-277
109900071,7,27,-20
109900072,47,159,-112
109900073,406,481,-75
109900074,19,49,-30
109900075,48,66,-18
109900076,24,377,-353
109900077,43,73,-30
109900078,108,221,-113
109900080,186,262,-76
109900081,38,233,-195
109900082,29,328,-299
109900083,32,77,-45
109900084,77,194,-117
109900085,210,648,-438
109900086,169,440,-271
109900087,371,542,-171
109900089,633,335,298
109900090,553,979,-426
109900091,279,95,184
109900092,1662,39,1623
109900093,891,208,683
109900094,97,142,-45
109900095,528,199,329
109900096,53,0,53
109900097,68,1,67
109900098,369,59,310
109900099,171,1,170
109900100,51,0,51
109900101,405,8,397
109900102,475,24,451
109900103,36,47,-11
109900104,517,695,-178
109900105,477,31,446
109900106,317,62,255
109900107,406,103,303
109900108,71,257,-186
109900109,49,152,-103
109900110,121,354,-233
109900111,234,760,-526
109900112,288,530,-242
109900113,716,577,139
109900114,1442,742,700
109900115,229,158,71
109900117,914,142,772
109900118,263,585,-322
109900119,651,391,260
109900120,102,44,58
109900121,358,588,-230
109900122,461,9,452
109900123,12,156,-144
109900124,44,537,-493
109900125,5,167,-162
109900126,288,88,200
109900128,184,62,122
109900130,6181,2513,3668
109900131,47,191,-144
109900132,29,163,-134
109900133,97,297,-200
109900134,175,122,53
109900135,462,87,375
109900136,125,145,-20
109900137,138,324,-186
109900140,237,216,21
109900142,1125,302,823
109900145,4,443,-439
109900146,491,80,411
109900148,52,120,-68
109900149,49,72,-23
109900150,9,124,-115
109900151,10,65,-55
109900152,0,39,-39
109900153,1,72,-71
109900154,51,0,51
109900155,71,44,27
109900157,56,259,-203
109900158,58,124,-66
109900159,148,38,110
109900160,177,64,113
109900161,232,69,163
109900162,149,147,2
109900163,681,263,418
109900164,71,224,-153
109900165,333,10,323
109900166,2,156,-154
109900167,172,606,-434
109900168,273,698,-425
109900169,288,216,72
109900170,277,665,-388
109900171,176,110,66
109900172,203,229,-26
109900173,2870,2204,666
109900174,78,99,-21
109900175,149,77,72
109900176,122,204,-82
109900177,63,236,-173
109900178,65,140,-75
109900179,140,20,120
109900180,4,14,-10
110000001,952,541,411
110000002,631,832,-201
110000003,852,693,159
110000004,545,747,-202
110000005,442,1923,-1481
110000006,422,396,26
110000007,133,122,11
110000008,26,47,-21
110000009,61,30,31
110000010,85,75,10
110000011,52,76,-24
110000012,619,421,198
110000013,38,610,-572
110000014,812,457,355
110000015,221,1029,-808
110000016,256,1603,-1347
110000017,2656,287,2369
110000018,2226,390,1836
110000019,10,106,-96
110000020,493,261,232
110000021,707,484,223
110000022,754,198,556
110000023,14,162,-148
110000024,671,316,355
110000025,396,8,388
110000026,13,336,-323
110000027,1268,736,532
110000028,897,983,-86
110000029,536,675,-139
110000030,228,586,-358
110000031,285,494,-209
110000032,657,592,65
110000033,341,129,212
110000034,542,956,-414
110000035,911,520,391
110000036,1073,864,209
110000037,220,396,-176
110000038,260,735,-475
110000039,737,2974,-2237
110000040,287,313,-26
110000041,280,1328,-1048
110000042,118,254,-136
110000043,941,349,592
110000044,226,153,73
110000045,1440,102,1338
110000046,3,27,-24
110000047,66,32,34
110000048,23,12,11
110000049,71,10,61
110000050,10,26,-16
110000051,39,7,32
110000052,49,44,5
110000053,80,4,76
110000054,479,272,207
110000055,945,57,888
110000056,238,136,102
110000057,403,627,-224
110000058,1205,510,695
110000059,1060,517,543
110000060,901,1076,-175
110000061,878,765,113
110000062,679,1010,-331
110000063,36,117,-81
110000064,106,76,30
110000065,60,113,-53
110000066,49,66,-17
110000067,153,161,-8
110000068,386,229,157
110000069,187,134,53
110000071,137,134,3
110000073,9,24,-15
110000075,13,136,-123
110000076,283,367,-84
110000077,372,1317,-945
110000078,45,42,3
110000080,431,746,-315
110000081,186,268,-82
110000082,66,384,-318
110000083,288,700,-412
110000084,1353,843,510
110000085,2305,1862,443
110000086,1799,2106,-307
110000087,10,74,-64
110000088,61,270,-209
110000089,415,141,274
110000090,1475,305,1170
110000091,1458,321,1137
110000092,32,63,-31
110000093,59,11,48
110000094,489,320,169
110000095,186,561,-375
110000096,2189,2152,37
110000097,1182,1277,-95
110000098,1856,714,1142
110000099,866,1680,-814
110000100,852,622,230
110000101,52,402,-350
110000102,75,67,8
110000104,705,171,534
110000105,186,343,-157
110000106,618,441,177
110000107,319,501,-182
110000108,210,78,132
110000109,302,304,-2
110000110,3166,4942,-1776
110000111,5528,2781,2747
110000112,1428,1395,33
110000113,383,2139,-1756
110000114,212,592,-380
110000115,300,375,-75
110000116,46,97,-51
110000117,226,297,-71
110000118,381,306,75
110000119,229,249,-20
110000120,372,199,173
110000121,85,407,-322
110000122,446,618,-172
110000123,524,924,-400
110000124,5,1090,-1085
110000125,913,7,906
110000126,296,25,271
110000127,1282,54,1228
110000128,30,1342,-1312
110000129,8,719,-711
110000130,412,208,204
110000131,109,610,-501
110000132,2,725,-723
110000133,35,1137,-1102
110000134,15,482,-467
110000135,191,43,148
110000136,61,319,-258
110000137,515,573,-58
110000138,805,714,91
110000139,817,1178,-361
110000140,1006,789,217
110000143,675,484,191
110000144,5701,2180,3521
110000145,2213,1298,915
110000146,1789,842,947
110000147,456,567,-111
110000148,672,308,364
110000151,1157,1040,117
110000152,989,418,571
110000153,84,53,31
110000154,12,36,-24
110000155,1316,4360,-3044
110000156,1252,2587,-1335
110000157,2126,2237,-111
110000160,348,353,-5
110000161,229,316,-87
110000166,525,136,389
110000167,762,614,148
110000168,1045,582,463
110000169,863,349,514
110000170,234,108,126
110000171,683,136,547
110000172,163,838,-675
110000173,1371,1263,108
110000174,185,979,-794
110000175,553,63,490
110000176,1218,371,847
110000177,316,828,-512
110000178,439,1566,-1127
110000179,1184,367,817
110000180,181,207,-26
110000181,341,489,-148
110000182,393,119,274
110000183,8401,6429,1972
110000184,376,2111,-1735
110000185,1045,663,382
110000186,768,904,-136
110000191,931,314,617
110000192,600,11,589
110000193,1321,8,1313
110000194,26,1104,-1078
110000195,419,388,31
110000196,356,317,39
110000197,96,214,-118
110000198,232,84,148
110000199,172,147,25
110000200,2325,554,1771
110000201,2325,953,1372
110000202,1262,707,555
110000203,1142,844,298
110000204,12,249,-237
110000205,111,72,39
110000206,790,1419,-629
110000207,976,394,582
110000208,244,242,2
110000209,150,888,-738
110000210,1171,560,611
110000211,1105,753,352
110000212,444,1072,-628
110000213,205,129,76
110000214,255,157,98
110000215,257,391,-134
110000216,116,307,-191
110000217,267,192,75
110000218,220,349,-129
110000219,329,101,228
110000220,63,289,-226
110000221,318,84,234
110000222,78,241,-163
110000223,5,202,-197
110000224,112,19,93
110000225,329,791,-462
110000226,254,105,149
110000227,799,821,-22
110000228,412,297,115
110000229,1,310,-309
110000230,675,629,46
110000231,218,214,4
110000232,775,192,583
110000233,524,268,256
110000234,696,533,163
110000235,966,1073,-107
110000236,681,736,-55
110000237,2236,1340,896
110000238,1198,1594,-396
110000239,1856,1223,633
110000240,6,84,-78
110000242,0,10,-10
110000243,92,140,-48
110000244,164,308,-144
110000245,58,383,-325
110000246,1292,608,684
110000247,1333,4867,-3534
110000248,2008,1451,557
110000249,90,8,82
110000250,108,173,-65
110000251,242,548,-306
110000252,430,233,197
110000253,1469,666,803
110000254,796,1329,-533
110000255,299,922,-623
110000256,423,336,87
110000257,711,421,290
110000258,11,369,-358
110000259,122,30,92
110000260,21,273,-252
110000263,514,129,385
110000264,375,482,-107
110000265,1346,2131,-785
110000266,1924,2919,-995
110000267,21,180,-159
110000268,389,446,-57
110000269,9,62,-53
110000270,63,4,59
110000271,1448,287,1161
110000272,1407,1025,382
110000273,3251,1427,1824
110000274,484,1260,-776
110000275,2062,518,1544
110000276,996,404,592
110000277,674,381,293
110000278,878,732,146
110000279,942,794,148
110000280,567,402,165
110000281,84,342,-258
110000282,371,38,333
110000283,75,168,-93
110000284,77,109,-32
110000285,5,564,-559
110000286,20,0,20
110000287,106,6,100
110000288,57,102,-45
110000289,495,1455,-960
110000290,1096,652,444
110000291,4749,1412,3337
110000292,1450,4302,-2852
110000293,715,764,-49
110000294,978,1156,-178
110000295,92,830,-738
110000296,428,330,98
110000297,2785,400,2385
110000298,254,697,-443
110000299,346,90,256
110000301,632,48,584
110000302,992,993,-1
110000303,816,13,803
110000304,338,319,19
110000305,1288,18,1270
110000306,154,1123,-969
110000307,1689,8,1681
110000308,408,8,400
110000309,8,699,-691
110000310,964,50,914
110000311,22,643,-621
110000312,456,128,328
110000313,2874,3842,-968
110000314,2,292,-290
110000315,3394,2630,764
110000316,630,1593,-963
110000317,680,419,261
110000318,5,77,-72
110000319,159,35,124
110000320,137,70,67
110000321,22,66,-44
110000322,346,322,24
110000323,628,194,434
110000324,3187,1636,1551
110000325,2667,2588,79
110000327,542,274,268
110000328,180,394,-214
110000333,1204,655,549
110000334,1058,1325,-267
110000335,800,571,229
110000336,949,1110,-161
110000337,1672,588,1084
110000338,546,298,248
110000339,388,206,182
110000340,555,184,371
110000341,465,495,-30
110000342,468,5,463
110000343,0,27,-27
110000344,1943,172,1771
110000345,1993,190,1803
110000346,2502,1933,569
110000347,1241,865,376
110000348,46,41,5
110000349,21,62,-41
110000350,55,7,48
110000351,920,912,8
110000352,815,1513,-698
110000353,2683,819,1864
110000354,1354,2993,-1639
110000355,115,75,40
110000356,608,18,590
110000357,372,14,358
110000361,20,66,-46
110000362,86,18,68
110000363,345,161,184
110000364,217,362,-145
110000365,217,1,216
110000366,4,103,-99
110000367,399,162,237
110000368,0,41,-41
110000369,215,3,212
110000373,12,275,-263
110000374,560,11,549
110000375,144,970,-826
110000376,28,90,-62
110000377,91,568,-477
110000378,22,337,-315
110000379,2838,1908,930
110000380,71,9,62
110000383,3,1218,-1215
110000384,2960,1240,1720
110000385,2,167,-165
110000387,63,15,48
110000388,35,207,-172
110000389,696,6,690
110000391,1277,311,966
110000396,178,187,-9
110000397,163,205,-42
110000398,7,48,-41
110000399,155,0,155
110000587,297,84,213
110000589,239,188,51
110000640,135,63,72
110000652,24,141,-117
110000653,311,592,-281
110000654,100,264,-164
110000656,5,650,-645
110000674,17,10,7
110000675,10,13,-3
110000676,1,25,-24
110000679,463,1208,-745
110000682,112,195,-83
110000683,328,703,-375
110000684,2,38,-36
110000685,16,12,4
110000686,3,24,-21
110000687,43,2,41
110000688,68,886,-818
110000689,56,53,3
110000692,49,173,-124
110000693,73,282,-209
110000694,0,175,-175
110000695,436,577,-141
110000696,87,78,9
110900001,286,7,279
110900002,768,209,559
110900003,633,605,28
110900004,422,199,223
110900005,2374,2271,103
110900006,44,10,34
110900007,139,22,117
110900008,27,87,-60
110900009,401,103,298
110900010,14,73,-59
110900011,13,84,-71
110900012,4,94,-90
110900013,949,178,771
110900014,1055,28,1027
110900015,568,627,-59
110900016,50,135,-85
110900017,396,56,340
110900018,413,59,354
110900019,182,21,161
110900020,77,274,-197
110900021,100,597,-497
110900022,303,314,-11
110900023,98,419,-321
110900024,27,419,-392
110900025,5,80,-75
110900027,41,199,-158
110900028,45,127,-82
110900029,17,286,-269
110900030,35,228,-193
110900031,7,155,-148
110900032,1,96,-95
110900033,45,249,-204
110900035,17,589,-572
110900036,116,36,80
110900037,37,31,6
110900038,887,227,660
110900039,15,237,-222
110900040,210,51,159
110900041,7,92,-85
110900042,155,66,89
110900043,1,99,-98
110900044,230,18,212
110900045,67,439,-372
110900046,48,272,-224
110900047,477,270,207
110900049,87,100,-13
110900050,20,14,6
110900051,64,209,-145
110900052,7,157,-150
110900053,100,40,60
110900054,205,178,27
110900055,23,9,14
110900056,82,120,-38
110900057,5,170,-165
110900058,250,223,27
110900059,772,507,265
110900060,510,114,396
110900061,35,53,-18
110900062,170,245,-75
110900063,63,479,-416
110900064,28,4,24
110900065,475,164,311
110900066,6,153,-147
110900067,293,541,-248
110900068,233,237,-4
110900069,3,22,-19
110900070,115,122,-7
110900071,276,491,-215
110900073,1,36,-35
110900074,327,89,238
110900075,347,111,236
110900077,1337,790,547
110900078,24,41,-17
110900079,2995,1572,1423
110900080,133,108,25
110900081,10,52,-42
110900082,140,160,-20
110900083,121,75,46
110900084,30,113,-83
110900085,53,280,-227
110900086,72,314,-242
110900087,362,112,250
110900088,19,2,17
110900090,15,48,-33
110900091,0,50,-50
110900093,283,133,150
110900095,41,58,-17
110900097,12,25,-13
110900098,33,66,-33
110900099,58,366,-308
110900100,0,31,-31
110900102,86,28,58
110900105,559,236,323
110900108,14,70,-56
110900111,436,533,-97
110900112,979,10,969
110900113,536,43,493
110900115,13,90,-77
110900116,590,1785,-1195
110900118,127,2597,-2470
110900119,3710,323,3387
110900120,6,72,-66
110900121,198,2,196
110900122,390,190,200
110900125,418,549,-131
110900127,813,1373,-560
110900128,582,628,-46
110900129,424,878,-454
110900130,1171,750,421
110900131,334,48,286
110900132,272,70,202
110900133,441,212,229
110900135,71,334,-263
110900136,382,24,358
110900139,19,0,19
110900140,16,0,16
110900141,406,172,234
110900142,61,176,-115
110900143,170,110,60
110900144,3,631,-628
110900145,244,33,211
110900146,546,171,375
110900147,146,290,-144
110900148,7,296,-289
110900149,1,85,-84
110900150,57,21,36
110900151,5,58,-53
110900152,39,269,-230
110900153,156,51,105
111000001,506,573,-67
111000002,1006,676,330
111000003,1069,786,283
111000004,595,1049,-454
111000005,1378,1179,199
111000006,914,1732,-818
111000007,3839,2592,1247
111000008,2200,3191,-991
111000009,383,914,-531
111000010,838,230,608
111000011,462,1285,-823
111000012,879,367,512
111000013,568,1082,-514
111000014,2396,630,1766
111000017,155,890,-735
111000018,305,439,-134
111000020,944,2502,-1558
111000021,72,103,-31
111000023,82,106,-24
111000025,4482,4372,110
111000029,144,174,-30
111000030,50,131,-81
111000031,2175,1490,685
111000032,868,425,443
111000033,315,369,-54
111000034,253,198,55
111000037,1678,1437,241
111000038,3849,2319,1530
111000039,2167,2330,-163
111000040,2025,2799,-774
111000041,2191,1942,249
111000042,3228,2634,594
111000043,1792,3092,-1300
111000044,1927,1291,636
111000045,2222,2575,-353
111000046,1542,2189,-647
111000047,2349,4284,-1935
111000049,532,540,-8
111000050,1429,1462,-33
111000051,511,1166,-655
111000052,916,1701,-785
111000053,426,895,-469
111000054,330,911,-581
111000055,1101,1818,-717
111000056,191,488,-297
111000057,84,519,-435
111000058,332,64,268
111000059,934,294,640
111000060,4296,952,3344
111000061,503,418,85
111000062,765,408,357
111000063,3304,1171,2133
111000064,705,719,-14
111000065,1059,1242,-183
111000066,383,573,-190
111000067,1013,722,291
111000068,709,1224,-515
111000069,2483,2611,-128
111000070,1580,1233,347
111000071,310,794,-484
111000072,1138,511,627
111000073,422,902,-480
111000074,1480,1714,-234
111000075,1226,694,532
111000076,423,599,-176
111000077,1285,1308,-23
111000078,3154,1684,1470
111000079,1439,857,582
111000080,549,858,-309
111000081,1819,4106,-2287
111000082,681,697,-16
111000084,814,645,169
111000085,950,1437,-487
111000086,2657,1366,1291
111000087,782,846,-64
111000088,4861,2278,2583
111000089,807,902,-95
111000090,928,1630,-702
111000091,764,576,188
111000092,1148,957,191
111000093,1131,1176,-45
111000094,2826,1173,1653
111000095,672,2315,-1643
111000096,2386,7761,-5375
111000097,5116,2072,3044
111000098,873,1370,-497
111000099,652,1995,-1343
111000100,368,1670,-1302
111000101,501,852,-351
111000102,283,561,-278
111000104,501,291,210
111000107,96,621,-525
111000109,458,355,103
111000110,1321,835,486
111000111,2031,703,1328
111000112,2025,700,1325
111000113,1039,1587,-548
111000114,2429,3642,-1213
111000115,6401,1586,4815
111000116,1064,1044,20
111000117,557,1030,-473
111000118,2950,1048,1902
111000119,1011,1160,-149
111000120,409,771,-362
111000121,306,773,-467
111000122,661,1357,-696
111000123,1069,2878,-1809
111000124,539,2656,-2117
111000125,286,1492,-1206
111000126,101,942,-841
111000127,948,203,745
111000128,1767,434,1333
111000129,2710,579,2131
111000130,1920,865,1055
111000131,1425,713,712
111000132,1286,750,536
111000133,193,210,-17
111000134,215,157,58
111000135,50,153,-103
111000136,363,372,-9
111000138,17,11,6
111000140,2,6,-4
111000141,187,334,-147
111000142,19,124,-105
111000143,6,149,-143
111000144,51,420,-369
111000145,2187,38,2149
111000146,128,9,119
111000147,352,63,289
111000148,156,60,96
111000149,5,27,-22
111000150,35,5,30
111000151,5,45,-40
111000153,636,773,-137
111000154,905,269,636
111000155,103,223,-120
111000156,428,600,-172
111000157,251,1002,-751
111000158,831,759,72
111000159,2264,814,1450
111000160,434,398,36
111000161,13,244,-231
111000162,151,157,-6
111000163,853,929,-76
111000164,735,3298,-2563
111000165,1136,583,553
111000166,2126,386,1740
111000167,183,535,-352
111000168,227,529,-302
111000169,360,695,-335
111000170,570,515,55
111000171,555,794,-239
111000172,208,554,-346
111000173,463,959,-496
111000174,180,364,-184
111000175,76,261,-185
111000176,678,188,490
111000177,378,340,38
111000178,1373,495,878
111000179,174,326,-152
111000180,290,630,-340
111000181,1143,291,852
111000182,251,207,44
111000183,1275,353,922
111000184,483,303,180
111000185,582,618,-36
111000186,1018,393,625
111000187,137,255,-118
111000188,219,471,-252
111000189,1107,625,482
111000190,241,421,-180
111000191,207,381,-174
111000192,254,654,-400
111000193,364,361,3
111000194,120,336,-216
111000195,205,358,-153
111000196,99,214,-115
111000197,406,284,122
111000198,698,195,503
111000199,235,184,51
111000200,428,407,21
111000201,674,313,361
111000202,291,226,65
111000203,268,334,-66
111000204,533,1103,-570
111000213,256,552,-296
111000214,1786,1555,231
111000215,1458,1462,-4
111000217,1454,1171,283
111000218,1409,1270,139
111000219,460,221,239
111000220,1729,595,1134
111000221,956,119,837
111000224,75,393,-318
111000225,394,305,89
111000226,160,2,158
111000227,39,9,30
111000228,32,324,-292
111000229,41,744,-703
111000230,265,357,-92
111000231,1067,874,193
111000232,665,1022,-357
111000233,836,773,63
111000234,136,339,-203
111000239,129,204,-75
111000240,38,203,-165
111000241,51,391,-340
111000242,166,62,104
111000243,246,701,-455
111000244,542,73,469
111000245,1576,544,1032
111000246,556,392,164
111000247,263,945,-682
111000248,642,512,130
111000249,401,795,-394
111000250,55,98,-43
111000251,38,134,-96
111000253,10,17,-7
111000255,41,11,30
111000257,33,36,-3
111000260,70,1087,-1017
111000261,1216,187,1029
111000271,43,322,-279
111000273,3455,1754,1701
111000274,1165,2345,-1180
111000275,144,104,40
111000276,282,1962,-1680
111000277,173,472,-299
111000278,668,366,302
111000291,820,4989,-4169
111000298,548,254,294
111000299,611,151,460
111000300,91,540,-449
111000302,313,99,214
111000303,85,250,-165
111000312,58,93,-35
111000315,21,186,-165
111000320,337,736,-399
111000321,414,121,293
111000322,367,511,-144
111000323,203,21,182
111000324,352,343,9
111000325,51,73,-22
111000326,211,422,-211
111000327,443,463,-20
111000328,248,624,-376
111000329,2,46,-44
111000330,67,8,59
111000331,35,9,26
111000332,868,2038,-1170
111000334,528,1580,-1052
111000335,1714,320,1394
111000337,1202,441,761
111000338,82,143,-61
111000339,723,398,325
111000340,530,698,-168
111000341,1419,787,632
111000342,412,1080,-668
111000344,1131,864,267
111000345,445,112,333
111000346,24,108,-84
111000347,121,37,84
111000350,373,147,226
111000351,195,344,-149
111000352,232,113,119
111000353,125,241,-116
111000354,616,158,458
111000355,468,458,10
111000358,187,1271,-1084
111000360,225,693,-468
111000361,152,384,-232
111000546,873,671,202
111000547,475,638,-163
111000548,136,342,-206
111000549,320,455,-135
111000550,146,882,-736
111000551,931,282,649
111000552,3153,195,2958
111000907,373,30,343
111000908,20,1,19
111000916,1643,301,1342
111000917,50,398,-348
111000918,262,813,-551
111000920,671,19,652
111000921,12,262,-250
111000922,583,337,246
111000924,48,793,-745
111000925,2704,2016,688
111000926,1023,1785,-762
111000927,3177,4699,-1522
111000928,3969,3763,206
111000929,2323,1483,840
111000930,1149,2511,-1362
111000931,1944,2799,-855
111000932,3903,2486,1417
111000933,3590,2635,955
111000934,2106,3535,-1429
111000935,1281,1288,-7
111000936,1201,2239,-1038
111000937,1014,1738,-724
111000938,1661,1871,-210
111000939,489,62,427
111000940,468,246,222
111000941,482,574,-92
111000943,370,414,-44
111000944,180,416,-236
111000945,119,1449,-1330
111001109,544,361,183
111001110,154,518,-364
111001111,93,10,83
111001112,151,4,147
111001113,3,179,-176
111001114,1115,148,967
111001115,98,475,-377
111001116,5656,4110,1546
111001117,649,2934,-2285
111001120,125,280,-155
111001121,221,297,-76
111001122,227,541,-314
111001123,245,90,155
111001124,101,250,-149
111001125,2,75,-73
111001126,0,0,0
111001127,0,43,-43
111900001,2,237,-235
111900002,2,689,-687
111900003,3,342,-339
111900004,50,109,-59
111900006,9,43,-34
111900007,88,5,83
111900008,160,3,157
111900009,123,4,119
111900010,359,480,-121
111900012,43,79,-36
111900013,17,63,-46
111900014,4968,3302,1666
111900015,0,52,-52
111900016,0,100,-100
111900017,0,135,-135
111900018,160,8,152
111900019,1,63,-62
111900020,1,65,-64
111900021,46,115,-69
111900022,10,66,-56
111900023,137,91,46
111900024,9,78,-69
111900025,0,47,-47
111900026,0,96,-96
111900027,3,164,-161
111900028,2,311,-309
111900029,9,80,-71
111900030,32,399,-367
111900031,0,22,-22
111900032,2,262,-260
111900033,5,95,-90
111900034,290,524,-234
111900035,175,197,-22
111900036,4,244,-240
111900038,303,647,-344
111900039,54,359,-305
111900040,2,425,-423
111900042,25,139,-114
111900043,7,325,-318
111900044,435,215,220
111900046,70,163,-93
111900048,208,674,-466
111900049,49,180,-131
111900050,138,30,108
111900051,6,209,-203
111900052,441,430,11
111900053,1139,1232,-93
111900054,142,6,136
111900055,24,388,-364
111900056,234,283,-49
111900057,100,41,59
111900058,333,568,-235
111900059,1767,594,1173
111900060,342,1,341
111900061,12,191,-179
111900062,31,73,-42
111900063,456,280,176
111900064,129,246,-117
111900065,111,27,84
111900066,111,173,-62
111900067,1,411,-410
111900068,42,34,8
111900069,68,42,26
111900070,122,137,-15
111900071,0,296,-296
111900072,46,15,31
111900073,652,125,527
111900074,24,197,-173
111900075,79,3,76
111900076,125,50,75
111900077,23,1,22
111900078,255,20,235
111900079,49,46,3
111900080,267,299,-32
111900082,115,28,87
111900083,120,27,93
111900084,82,8,74
111900085,50,129,-79
111900086,23,7,16
111900087,77,0,77
111900088,437,11,426
111900089,107,8,99
111900090,84,48,36
111900091,246,3,243
111900092,84,0,84
111900093,377,6,371
111900094,126,1,125
111900095,231,44,187
111900096,162,25,137
111900097,72,0,72
111900098,150,4,146
111900099,72,0,72
111900100,253,9,244
111900101,90,20,70
111900102,976,481,495
111900103,84,109,-25
111900104,168,97,71
111900105,306,190,116
111900106,963,66,897
111900110,1580,447,1133
111900111,301,148,153
111900112,603,2810,-2207
111900113,276,129,147
111900118,325,102,223
111900119,360,159,201
111900122,220,74,146
111900123,37,39,-2
111900124,34,96,-62
111900125,446,51,395
111900126,304,5,299
111900127,3,643,-640
111900128,15,403,-388
111900129,256,0,256
111900130,273,34,239
111900131,478,2,476
111900132,22,870,-848
111900133,8,298,-290
111900134,10,228,-218
111900135,15,45,-30
111900136,85,176,-91
111900137,79,93,-14
111900138,12,113,-101
111900139,17,153,-136
111900140,131,33,98
111900141,118,13,105
111900142,97,51,46
111900143,7,154,-147
111900144,8,110,-102
111900145,1,404,-403
111900146,3,231,-228
111900147,158,387,-229
111900148,41,566,-525
111900149,8,207,-199
111900150,20,125,-105
111900151,1,24,-23
111900152,84,88,-4
111900153,1353,447,906
111900154,13,214,-201
111900155,50,72,-22
111900156,36,52,-16
111900157,107,15,92
111900158,539,58,481
111900159,264,17,247
111900160,272,1,271
111900161,189,7,182
111900162,80,136,-56
111900163,83,221,-138
111900164,95,89,6
111901113,373,216,157
111901114,425,316,109
111901115,64,10,54
111901116,49,4,45
111901117,41,34,7
111901118,48,250,-202
111901119,845,80,765
111901121,203,221,-18
111901122,3,553,-550
111901123,138,320,-182
111901124,143,3,140
111901125,355,183,172
111901127,626,264,362
111901128,9,96,-87
111901129,4,109,-105
111901130,27,227,-200
111901131,2,196,-194
111901132,108,20,88
111901133,32,1,31
111901134,60,1,59
111901135,17,7,10
111901136,0,38,-38
111901138,250,46,204
111901139,19,35,-16
111901140,6,103,-97
111901141,16,138,-122
111901142,8,94,-86
111901143,1,73,-72
111901144,64,54,10
111901145,151,301,-150
111901146,457,27,430
111901147,580,149,431
111901148,13,68,-55
111901149,18,4,14
111901150,15,0,15
112000001,1744,770,974
112000002,657,2299,-1642
112000003,1221,1030,191
112000004,795,1098,-303
112000005,2939,3370,-431
112000006,2091,2044,47
112000007,2578,1902,676
112000008,2397,3724,-1327
112000009,3437,3575,-138
112000010,2570,3019,-449
112000011,1713,1817,-104
112000012,4002,3567,435
112000013,4900,2996,1904
112000014,3180,1791,1389
112000015,4339,3254,1085
112000016,4678,1148,3530
112000017,2520,2092,428
112000024,2567,1183,1384
112000026,4054,4978,-924
112000027,1020,630,390
112000028,1443,1578,-135
112000029,473,562,-89
112000030,193,127,66
112000031,1452,4066,-2614
112000032,513,83,430
112000033,2158,1683,475
112000034,359,84,275
112000035,207,327,-120
112000036,1012,846,166
112000037,1847,668,1179
112000038,1917,786,1131
112000039,54,63,-9
112000040,122,273,-151
112000041,511,490,21
112000042,1197,437,760
112000050,1212,1376,-164
112000051,1028,1268,-240
112000054,1909,2001,-92
112000057,439,393,46
112000058,347,551,-204
112000059,491,848,-357
112000061,3224,2199,1025
112000062,1678,721,957
112000063,1276,1799,-523
112000064,4150,5626,-1476
112000065,2119,2585,-466
112000066,3785,1512,2273
112000067,855,896,-41
112000068,3259,2536,723
112000069,918,1846,-928
112000070,2214,942,1272
112000071,947,2568,-1621
112000072,2074,1007,1067
112000073,1551,2146,-595
112000074,1409,1071,338
112000075,1626,1228,398
112000076,3476,2964,512
112000077,755,553,202
112000078,1649,698,951
112000079,1404,1322,82
112000080,687,775,-88
112000081,1276,2482,-1206
112000082,1455,847,608
112000083,558,1245,-687
112000084,1095,950,145
112000085,992,1080,-88
112000086,1566,1555,11
112000087,400,430,-30
112000088,689,698,-9
112000089,365,332,33
112000090,293,301,-8
112000091,670,1125,-455
112000092,1705,1062,643
112000093,1745,1061,684
112000094,646,916,-270
112000095,637,910,-273
112000096,1005,1472,-467
112000097,1020,823,197
112000098,998,1158,-160
112000099,643,1624,-981
112000100,1839,931,908
112000101,625,1027,-402
112000102,1148,762,386
112000103,331,1159,-828
112000105,601,1815,-1214
112000106,1818,653,1165
112000107,87,291,-204
112000108,325,1703,-1378
112000109,215,240,-25
112000110,2067,861,1206
112000111,1170,3056,-1886
112000112,4037,681,3356
112000113,877,1803,-926
112000114,2809,986,1823
112000115,428,514,-86
112000116,601,1106,-505
112000117,924,763,161
112000118,1102,1089,13
112000119,472,949,-477
112000120,112,397,-285
112000121,145,548,-403
112000122,340,217,123
112000123,688,216,472
112000124,402,100,302
112000125,235,280,-45
112000126,219,528,-309
112000127,2185,1979,206
112000128,799,621,178
112000129,120,111,9
112000130,270,90,180
112000131,58,345,-287
112000132,108,277,-169
112000133,407,168,239
112000134,515,401,114
112000135,2945,756,2189
112000136,2285,1306,979
112000137,2190,1459,731
112000138,2432,1312,1120
112000139,1067,617,450
112000140,1248,1335,-87
112000141,687,379,308
112000142,177,679,-502
112000143,1056,276,780
112000144,320,1372,-1052
112000145,2334,694,1640
112000146,633,1947,-1314
112000147,2526,2002,524
112000148,2049,2324,-275
112000149,530,675,-145
112000150,287,861,-574
112000151,410,431,-21
112000152,368,541,-173
112000153,235,351,-116
112000154,138,247,-109
112000155,158,114,44
112000157,777,555,222
112000158,304,493,-189
112000159,320,273,47
112000167,320,107,213
112000169,403,471,-68
112000173,634,304,330
112000175,410,480,-70
112000176,3043,2120,923
112000177,558,187,371
112000178,86,431,-345
112000179,225,125,100
112000180,396,703,-307
112000181,1545,2024,-479
112000182,1149,1583,-434
112000183,30,56,-26
112000184,401,467,-66
112000185,514,650,-136
112000187,3508,2316,1192
112000195,159,27,132
112000196,201,1,200
112000197,111,134,-23
112000198,42,268,-226
112000199,1290,1049,241
112000202,477,3,474
112000216,82,288,-206
112000230,74,3,71
112000231,4,229,-225
112000256,53,293,-240
112000313,73,152,-79
112000314,33,23,10
112000337,313,602,-289
112000352,415,410,5
112000392,1318,1358,-40
112000398,1179,912,267
112000399,1550,1831,-281
112000400,1625,3202,-1577
112000401,3184,3050,134
112000402,2644,2979,-335
112000403,1943,2625,-682
112000404,734,805,-71
112000405,1899,2957,-1058
112000406,3464,2827,637
112000407,6431,8425,-1994
112000408,7830,7573,257
112000409,1902,5554,-3652
112000410,457,332,125
112000411,4296,1635,2661
112000412,1611,725,886
112000413,7949,4929,3020
112000414,75,83,-8
112000415,108,65,43
112000416,2367,1798,569
112000417,244,46,198
112000421,61,108,-47
112000422,542,395,147
112000424,2139,2423,-284
112000425,473,1066,-593
112000426,268,528,-260
112000427,0,15,-15
112000428,275,350,-75
112000429,2398,2536,-138
112000430,2675,3013,-338
112000431,73,129,-56
112000432,746,1399,-653
112000433,406,876,-470
112000437,55,238,-183
112900001,64,0,64
112900002,370,917,-547
112900003,83,425,-342
112900004,65,283,-218
112900005,202,254,-52
112900006,6,401,-395
112900007,49,205,-156
112900008,2,29,-27
112900009,418,92,326
112900010,457,931,-474
112900011,220,277,-57
112900012,0,48,-48
112900013,1,164,-163
112900014,2,296,-294
112900015,370,752,-382
112900016,3,252,-249
112900017,35,178,-143
112900018,2,286,-284
112900019,47,217,-170
112900020,351,1124,-773
112900021,4,241,-237
112900022,21,70,-49
112900023,2,172,-170
112900024,21,236,-215
112900025,95,207,-112
112900026,7,216,-209
112900027,12,1130,-1118
112900028,12,119,-107
112900029,16,583,-567
112900030,158,158,0
112900031,5,470,-465
112900032,244,343,-99
112900034,1,45,-44
112900035,3,400,-397
112900036,62,158,-96
112900037,200,262,-62
112900038,520,197,323
112900039,32,286,-254
112900040,8,333,-325
112900041,818,1011,-193
112900042,60,420,-360
112900043,36,54,-18
112900044,617,469,148
112900045,316,342,-26
112900046,219,52,167
112900047,17,25,-8
112900049,221,87,134
112900050,61,564,-503
112900051,363,690,-327
112900052,8,1009,-1001
112900053,462,112,350
112900054,256,44,212
112900055,152,47,105
112900056,405,279,126
112900057,39,620,-581
112900058,318,354,-36
112900059,170,134,36
112900060,33,168,-135
112900061,104,123,-19
112900062,97,124,-27
112900063,161,11,150
112900064,193,245,-52
112900065,60,24,36
112900066,200,132,68
112900067,494,192,302
112900068,32,45,-13
112900069,1899,849,1050
112900071,37,9,28
112900072,142,1909,-1767
112900073,336,65,271
112900074,69,233,-164
112900075,1420,876,544
112900076,99,43,56
112900078,364,415,-51
112900079,530,60,470
112900080,59,3,56
112900081,55,172,-117
112900082,440,39,401
112900083,136,82,54
112900084,254,125,129
112900086,103,3,100
112900087,708,136,572
112900088,126,16,110
112900089,715,36,679
112900090,36,23,13
112900091,236,12,224
112900092,183,261,-78
112900093,1991,45,1946
112900095,53,2,51
112900096,482,175,307
112900097,109,326,-217
112900098,89,1,88
112900099,695,16,679
112900100,102,0,102
112900101,278,1,277
112900102,265,12,253
112900103,291,9,282
112900104,141,4,137
112900105,18,0,18
112900106,421,158,263
112900107,2,1,1
112900108,36,0,36
112900109,134,1,133
112900110,1140,18,1122
112900111,710,7,703
112900112,313,2,311
112900113,0,13,-13
112900114,137,59,78
112900115,1326,41,1285
112900116,144,46,98
112900117,102,88,14
112900118,28,106,-78
112900119,145,3,142
112900120,932,318,614
112900121,131,204,-73
112900122,41,115,-74
112900123,165,23,142
112900124,15,127,-112
112900125,55,433,-378
112900126,202,302,-100
112900127,335,119,216
112900128,374,806,-432
112900129,2,845,-843
112900130,291,84,207
112900131,59,291,-232
112900132,349,421,-72
112900133,48,982,-934
112900134,1,225,-224
112900135,103,56,47
112900137,2,478,-476
112900138,12,216,-204
112900139,187,1053,-866
112900141,652,45,607
112900142,81,142,-61
112900143,50,494,-444
112900144,2,308,-306
112900145,50,512,-462
112900146,18,1291,-1273
112900147,3,1833,-1830
112900148,84,6,78
112900149,294,693,-399
112900151,20,86,-66
112900152,3502,1086,2416
112900153,1931,2048,-117
112900154,1,155,-154
112900155,174,21,153
112900156,263,1234,-971
112900157,346,151,195
112900158,60,27,33
112900159,189,120,69
112900160,107,356,-249
112900161,107,49,58
112900162,40,33,7
112900163,126,66,60
112900164,40,289,-249
112900165,348,37,311
112900166,31,74,-43
112900167,7,37,-30
112900168,18,4,14
112900169,8,29,-21
112900170,102,85,17
112900172,62,23,39
112900173,175,99,76
112900174,256,65,191
112900175,152,167,-15
112900176,6,50,-44
112900177,302,56,246
112900178,950,2432,-1482
112900179,43,447,-404
112900180,1740,1464,276
112900181,528,16,512
112900182,64,1082,-1018
112900183,166,354,-188
112900184,403,394,9
112900185,316,669,-353
112900186,1336,931,405
112900187,99,739,-640
112900188,784,361,423
112900189,3,28,-25
112900190,7,51,-44
112900192,569,566,3
112900193,1127,355,772
112900194,41,92,-51
112900195,865,54,811
112900196,244,312,-68
112900197,194,402,-208
112900199,642,545,97
112900200,457,228,229
112900201,159,124,35
112900202,398,810,-412
112900203,266,285,-19
112900204,954,699,255
112900205,6,13,-7
112900206,37,71,-34
112900207,33,0,33
112900208,100,340,-240
112900209,538,419,119
112900210,1,38,-37
112900211,141,117,24
112900212,0,165,-165
112900213,119,14,105
112900214,42,41,1
112900215,12,160,-148
112900216,42,73,-31
112900217,0,29,-29
112900218,63,23,40
112900219,65,15,50
112900220,4,1,3
112900221,35,78,-43
112900222,0,13,-13
112900223,956,37,919
112900224,231,480,-249
112900225,415,417,-2
112900226,247,365,-118
112900227,597,1110,-513
112900228,47,28,19
112900229,205,70,135
112900230,6436,3847,2589
112900232,240,315,-75
112900233,79,173,-94
112900234,4,92,-88
112900235,120,56,64
112900236,249,11,238
112900237,246,283,-37
112900238,1,46,-45
112900239,1207,382,825
112900240,11,92,-81
112900241,9,124,-115
112900242,6,158,-152
112900243,13,155,-142
112900244,16,75,-59
112900245,0,35,-35
112900246,1,16,-15
112900247,287,48,239
112900248,9,1,8
112900249,35,9,26
112900250,60,22,38
112900251,69,30,39
112900252,51,20,31
112900253,18,5,13
112900254,12,13,-1
112900255,2,54,-52
112900256,9,41,-32
112900257,15,64,-49
112900258,20,37,-17
113000001,5966,4843,1123
113000002,3562,3701,-139
113000003,1905,1644,261
113000004,1985,2565,-580
113000005,1900,984,916
113000006,1167,1400,-233
113000007,2334,1255,1079
113000008,2167,1860,307
113000009,996,778,218
113000010,1252,1438,-186
113000011,584,1435,-851
113000012,1684,756,928
113000013,1386,788,598
113000014,1574,1440,134
113000015,382,197,185
113000016,357,697,-340
113000017,35,296,-261
113000018,470,84,386
113000019,226,348,-122
113000020,665,64,601
113000021,1301,652,649
113000022,671,1161,-490
113000025,144,356,-212
113000026,415,437,-22
113000027,802,453,349
113000028,952,458,494
113000029,890,844,46
113000030,487,710,-223
113000031,366,374,-8
113000032,308,365,-57
113000033,307,447,-140
113000034,436,390,46
113000035,28,46,-18
113000036,24,54,-30
113000037,93,47,46
113000038,11,65,-54
113000039,64,305,-241
113000040,103,130,-27
113000042,858,607,251
113000051,834,2439,-1605
113000052,1828,934,894
113000053,381,436,-55
113000054,370,882,-512
113000055,1080,664,416
113000056,938,978,-40
113000058,800,938,-138
113000059,1151,758,393
113000060,225,508,-283
113000061,535,1023,-488
113000062,1001,300,701
113000063,168,138,30
113000064,67,321,-254
113000065,139,873,-734
113000066,588,151,437
113000067,1997,1635,362
113000068,341,1479,-1138
113000069,680,1409,-729
113000070,2565,1307,1258
113000071,476,620,-144
113000072,779,613,166
113000073,397,1506,-1109
113000074,1085,507,578
113000075,2154,797,1357
113000076,660,1897,-1237
113000077,1219,652,567
113000078,840,2395,-1555
113000079,1069,887,182
113000080,813,756,57
113000081,906,849,57
113000082,1788,754,1034
113000083,573,903,-330
113000084,1798,1395,403
113000085,876,843,33
113000086,1568,1372,196
113000087,1340,1058,282
113000088,2361,1386,975
113000089,998,1748,-750
113000090,319,621,-302
113000091,569,419,150
113000094,1109,208,901
113000095,269,747,-478
113000096,207,784,-577
113000097,1054,458,596
113000098,149,37,112
113000099,890,339,551
113000100,173,424,-251
113000101,426,671,-245
113000102,583,521,62
113000103,2081,604,1477
113000104,414,1898,-1484
113000105,605,400,205
113000106,316,569,-253
113000107,791,880,-89
113000108,765,1334,-569
113000109,544,1734,-1190
113000110,1433,459,974
113000111,235,539,-304
113000112,336,483,-147
113000113,1387,504,883
113000114,441,1346,-905
113000116,609,322,287
113000117,793,166,627
113000118,147,524,-377
113000119,348,291,57
113000120,81,320,-239
113000121,700,774,-74
113000124,335,163,172
113000125,69,677,-608
113000127,3018,416,2602
113000128,341,522,-181
113000129,483,693,-210
113000133,2046,1841,205
113000134,7,1112,-1105
113000135,4338,4510,-172
113000137,1971,3290,-1319
113000139,372,204,168
113000140,151,306,-155
113000141,236,183,53
113000142,639,1170,-531
113000143,234,224,10
113000144,348,719,-371
113000145,59,163,-104
113000146,194,115,79
113000147,174,134,40
113000148,147,146,1
113000149,130,142,-12
113000150,527,415,112
113000151,72,60,12
113000152,44,84,-40
113000153,1260,619,641
113000154,837,1503,-666
113000155,334,550,-216
113000156,162,412,-250
113000157,313,851,-538
113000158,716,320,396
113000159,878,888,-10
113000160,650,1056,-406
113000161,237,369,-132
113000162,749,593,156
113000163,125,76,49
113000164,25,115,-90
113000166,165,155,10
113000167,66,132,-66
113000168,72,180,-108
113000169,193,129,64
113000170,120,137,-17
113000171,52,137,-85
113000172,245,116,129
113000173,72,30,42
113000174,134,580,-446
113000175,467,137,330
113000176,614,219,395
113000177,196,617,-421
113000178,200,427,-227
113000179,293,286,7
113000180,672,1191,-519
113000181,1370,920,450
113000182,155,445,-290
113000183,142,549,-407
113000184,21,134,-113
113000189,498,838,-340
113000190,1015,608,407
113000192,1923,1895,28
113000193,4142,1363,2779
113000194,2316,1246,1070
113000195,2770,894,1876
113000196,211,85,126
113000197,2002,1109,893
113000198,88,294,-206
113000199,1423,272,1151
113000201,319,266,53
113000202,3205,987,2218
113000203,236,91,145
113000204,1551,1763,-212
113000205,24,45,-21
113000206,8,33,-25
113000207,98,17,81
113000208,35,44,-9
113000209,27,43,-16
113000210,8,33,-25
113000211,268,290,-22
113000212,154,42,112
113000213,41,130,-89
113000214,202,315,-113
113000234,233,967,-734
113000410,167,241,-74
113000411,2677,4546,-1869
113000412,6817,2702,4115
113000413,2673,3155,-482
113000414,6701,12995,-6294
113000415,2403,3331,-928
113000416,8946,4703,4243
113000417,2768,3162,-394
113000418,4573,3327,1246
113000419,1656,1954,-298
113000420,4400,5509,-1109
113000421,4072,6219,-2147
113000422,12297,11230,1067
113000423,2220,5058,-2838
113000424,3438,8715,-5277
113000425,8,119,-111
113000428,58,25,33
113000430,6,76,-70
113000432,2164,201,1963
113000433,146,706,-560
113000434,53,165,-112
113000435,48,599,-551
113000436,32,1193,-1161
113000437,1034,26,1008
113000438,240,22,218
113000439,36,146,-110
113000440,127,41,86
113000441,185,214,-29
113000442,144,171,-27
113000443,259,240,19
113000444,189,213,-24
113000445,158,115,43
113000446,44,107,-63
113000448,199,156,43
113000449,253,939,-686
113000450,394,1967,-1573
113000451,1211,205,1006
113000452,415,430,-15
113000453,108,375,-267
113000454,945,92,853
113000455,59,238,-179
113000456,3771,2805,966
113000468,1861,194,1667
113000469,87,96,-9
113000470,475,42,433
113000471,14,449,-435
113000472,93,341,-248
113000474,563,611,-48
113000475,1566,1860,-294
113000476,1165,1911,-746
113000477,3578,2242,1336
113000478,4492,5687,-1195
113000479,59,232,-173
113000484,0,0,0
113000485,0,0,0
113000486,1,0,1
113000487,0,0,0
113000488,0,0,0
113000489,2,1,1
113000490,0,1,-1
113000491,3,2,1
113000492,0,2,-2
113000493,2,0,2
113000495,212,199,13
113000496,163,139,24
113900001,3,136,-133
113900002,3,71,-68
113900003,0,77,-77
113900004,2,63,-61
113900005,3,50,-47
113900006,3,36,-33
113900007,11,1,10
113900008,30,1,29
113900009,174,15,159
113900010,165,7,158
113900011,67,2,65
113900012,26,1,25
113900013,335,15,320
113900014,573,3,570
113900015,0,59,-59
113900016,55,2,53
113900017,0,57,-57
113900018,464,292,172
113900019,190,113,77
113900020,157,0,157
113900022,24,3,21
113900023,40,0,40
113900024,147,73,74
113900025,265,9,256
113900026,48,0,48
113900027,6,47,-41
113900028,32,457,-425
113900029,51,196,-145
113900030,181,3,178
113900031,7,1,6
113900032,12,0,12
113900033,84,69,15
113900035,46,1,45
113900036,21,107,-86
113900037,159,481,-322
113900038,76,162,-86
113900039,100,18,82
113900040,10,12,-2
113900041,9,11,-2
113900042,101,51,50
113900043,157,132,25
113900044,297,295,2
113900045,103,1,102
113900046,309,604,-295
113900047,37,128,-91
113900048,240,97,143
113900049,643,309,334
113900050,219,364,-145
113900051,288,436,-148
113900052,185,141,44
113900053,572,556,16
113900054,14,2,12
113900055,129,426,-297
113900056,46,272,-226
113900057,14,123,-109
113900058,66,189,-123
113900059,215,357,-142
113900060,212,205,7
113900061,903,304,599
113900062,98,7,91
113900063,104,203,-99
113900064,35,110,-75
113900065,325,19,306
113900066,396,381,15
113900067,163,257,-94
113900068,449,396,53
113900069,47,26,21
113900070,254,516,-262
113900071,78,127,-49
113900072,59,150,-91
113900073,213,406,-193
113900074,101,301,-200
113900075,1296,1037,259
113900076,163,23,140
113900077,61,179,-118
113900078,49,119,-70
113900079,1,26,-25
113900080,467,286,181
113900081,55,224,-169
113900082,125,229,-104
113900083,278,471,-193
113900084,307,111,196
113900085,64,294,-230
113900086,48,24,24
113900087,52,179,-127
113900088,73,129,-56
113900089,485,48,437
113900090,571,420,151
113900091,26,16,10
113900092,112,106,6
113900093,118,709,-591
113900094,396,495,-99
113900095,110,107,3
113900096,207,85,122
113900097,34,82,-48
113900098,619,73,546
113900099,2,35,-33
113900100,0,2,-2
113900101,26,80,-54
113900102,161,182,-21
113900103,343,332,11
113900104,112,209,-97
113900105,90,241,-151
113900106,1,52,-51
113900107,1,19,-18
113900108,303,284,19
113900109,442,239,203
113900110,43,27,16
113900111,176,115,61
113900112,125,64,61
113900113,882,529,353
113900114,4,70,-66
113900115,2,78,-76
113900116,93,131,-38
113900117,109,39,70
113900118,198,326,-128
113900119,255,582,-327
113900120,64,50,14
113900121,60,112,-52
113900122,352,1859,-1507
113900123,403,272,131
113900124,3,86,-83
113900125,833,128,705
113900126,179,90,89
113900127,317,760,-443
113900128,200,96,104
113900129,12,179,-167
113900130,1,23,-22
113900131,260,115,145
113900132,64,73,-9
113900133,20,89,-69
113900135,319,457,-138
113900136,121,111,10
113900137,361,289,72
113900138,64,158,-94
113900139,298,174,124
113900140,269,291,-22
113900141,577,341,236
113900142,148,89,59
113900143,20,35,-15
113900144,208,233,-25
113900145,374,185,189
113900146,202,68,134
113900148,140,285,-145
113900149,139,77,62
113900150,641,571,70
113900151,443,231,212
113900152,28,54,-26
113900153,347,475,-128
113900154,2,135,-133
113900155,226,203,23
113900156,249,450,-201
113900157,43,283,-240
113900158,304,341,-37
113900159,14,314,-300
113900160,783,563,220
113900161,41,277,-236
113900162,444,670,-226
113900163,267,359,-92
113900164,255,58,197
113900165,1155,473,682
113900166,183,160,23
113900167,277,52,225
113900168,120,119,1
113900169,215,368,-153
113900171,218,67,151
113900172,8,176,-168
113900173,48,557,-509
113900174,320,582,-262
113900175,417,163,254
113900176,302,535,-233
113900177,366,220,146
113900178,532,128,404
113900179,24,488,-464
113900180,179,123,56
113900181,552,160,392
113900182,710,1036,-326
113900183,59,71,-12
113900184,18,513,-495
113900185,230,96,134
113900186,48,56,-8
113900187,41,151,-110
113900188,58,203,-145
113900189,311,112,199
113900190,302,119,183
113900191,112,237,-125
113900192,5,453,-448
113900193,27,256,-229
113900194,1628,1149,479
113900195,244,369,-125
113900196,8,129,-121
113900197,3,181,-178
113900198,37,209,-172
113900199,194,610,-416
113900200,17,276,-259
113900201,0,158,-158
113900202,31,287,-256
113900203,0,106,-106
113900204,54,527,-473
113900205,15,160,-145
113900206,9,194,-185
113900207,0,81,-81
113900208,0,68,-68
113900209,0,91,-91
113900210,640,704,-64
113900211,211,113,98
113900212,156,439,-283
113900214,450,357,93
113900215,87,108,-21
113900216,72,842,-770
113900217,81,235,-154
113900218,255,100,155
113900219,103,337,-234
113900220,117,104,13
113900221,525,199,326
113900222,308,522,-214
113900223,174,957,-783
113900224,116,100,16
113900225,497,248,249
113900226,378,92,286
113900227,542,266,276
113900228,321,404,-83
113900229,66,798,-732
113900230,4210,3261,949
113900231,203,182,21
113900232,108,102,6
113900233,114,76,38
113900234,290,403,-113
113900235,122,30,92
113900236,159,356,-197
113900237,143,9,134
113900238,261,603,-342
113900239,76,98,-22
113900240,6,175,-169
113900241,131,56,75
113900242,53,136,-83
113900243,134,450,-316
113900244,350,226,124
113900245,1386,301,1085
113900246,16,18,-2
113900247,183,472,-289
113900248,2459,1753,706
113900249,844,410,434
113900250,66,120,-54
113900251,691,211,480
113900252,455,14,441
113900253,695,50,645
113900254,895,123,772
113900255,403,18,385
113900256,413,27,386
113900257,52,714,-662
113900258,19,408,-389
113900259,425,191,234
113900260,215,28,187
113900261,9,89,-80
113900262,145,543,-398
113900263,232,696,-464
113900264,7,497,-490
113900265,313,325,-12
113900266,45,197,-152
113900267,102,515,-413
113900268,399,491,-92
113900269,107,125,-18
113900270,307,621,-314
113900271,595,1112,-517
113900273,46,24,22
113900274,43,68,-25
113900275,29,62,-33
113900276,3,169,-166
113900277,89,4,85
113900278,360,181,179
113900279,97,103,-6
113900280,1576,615,961
113900281,674,1350,-676
113900282,972,645,327
113900283,465,603,-138
113900284,714,206,508
113900285,197,53,144
113900286,28,99,-71
113900287,52,69,-17
113900288,6,121,-115
113900289,870,169,701
113900290,337,222,115
113900291,118,207,-89
113900292,25,4,21
113900293,0,237,-237
113900294,450,14,436
113900295,456,361,95
113900296,1759,503,1256
113900297,2651,40,2611
113900298,23,1827,-1804
113900299,105,164,-59
113900300,4620,3124,1496
113900301,920,378,542
113900302,2877,1001,1876
113900303,510,574,-64
113900304,1,103,-102
113900305,90,0,90
113900306,39,1,38
113900307,32,0,32
113900308,91,123,-32
113900309,5,761,-756
113900310,0,13,-13
113900311,14,0,14
113900312,249,270,-21
113900313,18,8,10
113900314,0,16,-16
113900315,21,0,21
114000001,953,2884,-1931
114000002,330,383,-53
114000003,218,875,-657
114000004,462,447,15
114000005,241,339,-98
114000006,2512,2182,330
114000007,652,1071,-419
114000008,1323,1633,-310
114000009,697,298,399
114000011,2436,2526,-90
114000012,2589,1896,693
114000013,1556,1544,12
114000014,699,654,45
114000015,3118,468,2650
114000016,225,421,-196
114000017,79,271,-192
114000018,277,49,228
114000026,1491,1241,250
114000027,2755,1870,885
114000028,2338,2576,-238
114000038,251,188,63
114000039,200,250,-50
114000040,94,291,-197
114000042,136,175,-39
114000043,361,298,63
114000044,323,274,49
114000045,55,128,-73
114000046,4985,4594,391
114000047,28,81,-53
114000048,141,161,-20
114000049,1314,1716,-402
114000050,1470,2358,-888
114000051,2770,2066,704
114000052,5259,1589,3670
114000053,119,564,-445
114000054,327,739,-412
114000055,364,37,327
114000056,1124,808,316
114000057,5135,2375,2760
114000058,607,1442,-835
114000059,262,397,-135
114000060,711,976,-265
114000061,3477,3086,391
114000062,2237,1473,764
114000063,3105,1891,1214
114000064,6407,4168,2239
114000065,1823,2461,-638
114000066,577,634,-57
114000067,18,713,-695
114000068,527,773,-246
114000069,915,893,22
114000070,2138,1896,242
114000071,723,619,104
114000072,696,347,349
114000073,32,82,-50
114000074,49,46,3
114000075,42,96,-54
114000076,16,111,-95
114000077,6,51,-45
114000078,685,596,89
114000079,159,42,117
114000080,92,99,-7
114000081,94,88,6
114000082,50,424,-374
114000083,103,314,-211
114000084,384,120,264
114000085,138,602,-464
114000086,353,415,-62
114000087,138,147,-9
114000088,62,44,18
114000089,918,415,503
114000090,920,1186,-266
114000091,1385,1275,110
114000092,1040,758,282
114000093,1450,1199,251
114000094,423,438,-15
114000095,209,139,70
114000096,195,423,-228
114000097,119,677,-558
114000098,571,99,472
114000099,730,658,72
114000100,1255,736,519
114000101,514,789,-275
114000102,703,371,332
114000103,275,386,-111
114000104,177,239,-62
114000105,190,122,68
114000106,818,929,-111
114000107,368,202,166
114000108,2131,1478,653
114000109,584,1492,-908
114000110,597,1802,-1205
114000111,1600,1052,548
114000112,631,2679,-2048
114000113,1468,700,768
114000114,1531,1750,-219
114000115,2237,1273,964
114000116,749,1328,-579
114000117,2459,508,1951
114000118,2188,553,1635
114000119,1432,467,965
114000120,620,930,-310
114000121,434,790,-356
114000122,446,364,82
114000123,2069,504,1565
114000124,946,356,590
114000125,881,1220,-339
114000126,3998,289,3709
114000127,409,194,215
114000128,892,382,510
114000130,561,558,3
114000131,352,205,147
114000132,531,614,-83
114000133,951,1561,-610
114000134,98,142,-44
114000138,38,231,-193
114000139,411,299,112
114000144,802,551,251
114000145,74,190,-116
114000146,115,283,-168
114000147,1347,1755,-408
114000148,2246,2034,212
114000149,367,457,-90
114000150,2006,1551,455
114000151,1803,1882,-79
114000152,114,47,67
114000153,1061,2874,-1813
114000154,1154,1207,-53
114000155,2060,2303,-243
114000156,893,653,240
114000157,415,1158,-743
114000158,1782,950,832
114000159,243,564,-321
114000160,137,506,-369
114000161,1397,3033,-1636
114000162,1022,2431,-1409
114000163,22,147,-125
114000165,679,364,315
114000166,976,522,454
114000167,3199,1750,1449
114000168,1017,780,237
114000169,1486,1041,445
114000170,1605,1149,456
114000171,954,2824,-1870
114000174,207,529,-322
114000176,676,527,149
114000177,1984,1019,965
114000178,73,65,8
114000179,1245,876,369
114000180,536,879,-343
114000181,1918,3567,-1649
114000182,3071,2562,509
114000183,1308,1170,138
114000184,4261,1265,2996
114000185,1105,1010,95
114000189,790,109,681
114000190,2174,287,1887
114000191,39,66,-27
114000192,327,1454,-1127
114000193,710,2888,-2178
114000194,1149,1162,-13
114000195,122,38,84
114000196,5,251,-246
114000197,922,35,887
114000198,787,335,452
114000199,1881,1836,45
114000200,677,1650,-973
114000201,145,777,-632
114000202,1868,618,1250
114000203,626,759,-133
114000204,159,451,-292
114000205,257,1421,-1164
114000206,549,1304,-755
114000207,664,1951,-1287
114000208,383,2718,-2335
114000209,550,2294,-1744
114000210,276,1358,-1082
114000211,885,2133,-1248
114000212,690,914,-224
114000213,1367,674,693
114000214,115,234,-119
114000215,273,92,181
114000216,1910,402,1508
114000217,417,303,114
114000218,120,285,-165
114000219,954,209,745
114000220,14,884,-870
114000221,750,159,591
114000222,199,1030,-831
114000223,401,153,248
114000224,106,605,-499
114000225,243,676,-433
114000226,128,265,-137
114000227,774,578,196
114000228,779,840,-61
114000229,994,1286,-292
114000230,1800,1425,375
114000231,741,1284,-543
114000232,580,158,422
114000233,1882,156,1726
114000234,1049,1124,-75
114000235,911,1515,-604
114000236,0,466,-466
114000237,116,948,-832
114000238,306,157,149
114000239,238,1140,-902
114000240,908,796,112
114000241,286,1068,-782
114000242,952,967,-15
114000243,1503,839,664
114000244,1217,485,732
114000245,375,676,-301
114000246,153,66,87
114000247,1440,798,642
114000248,1045,591,454
114000249,446,733,-287
114000250,507,771,-264
114000251,371,292,79
114000252,83,78,5
114000253,48,111,-63
114000254,46,79,-33
114000255,508,184,324
114000256,1688,1800,-112
114000257,740,1494,-754
114000258,710,389,321
114000259,621,267,354
114000260,0,40,-40
114000261,58,26,32
114000262,454,122,332
114000263,19,5,14
114000264,1077,508,569
114000265,0,0,0
114000267,0,2236,-2236
114000268,1,1373,-1372
114000270,129,5,124
114000271,488,57,431
114000283,1592,453,1139
114000285,34,228,-194
114000288,94,324,-230
114000289,1217,329,888
114000293,142,409,-267
114000294,171,326,-155
114000395,1966,62,1904
114000396,550,525,25
114000402,496,329,167
114000403,274,428,-154
114000405,152,509,-357
114000423,381,426,-45
114000424,487,217,270
114000425,809,420,389
114000426,323,974,-651
114000427,49,76,-27
114000428,289,233,56
114000429,17,224,-207
114000432,95,106,-11
114000434,43,135,-92
114000435,1,281,-280
114900001,655,1050,-395
114900002,1518,111,1407
114900003,599,1341,-742
114900004,270,464,-194
114900005,552,832,-280
114900006,253,68,185
114900007,314,30,284
114900008,149,177,-28
114900010,1940,2115,-175
114900011,185,196,-11
114900013,228,194,34
114900018,1028,64,964
114900020,204,98,106
114900022,84,904,-820
114900025,397,180,217
114900026,93,180,-87
114900029,159,49,110
114900030,320,264,56
114900031,402,69,333
114900032,325,38,287
114900034,40,207,-167
114900035,157,345,-188
114900036,225,591,-366
114900039,488,545,-57
114900040,92,157,-65
114900041,657,580,77
114900042,681,612,69
114900044,164,30,134
114900047,279,1707,-1428
114900048,166,300,-134
114900049,65,224,-159
114900050,71,402,-331
114900051,46,354,-308
114900052,391,256,135
114900053,291,267,24
114900054,40,143,-103
114900057,215,8,207
114900058,0,122,-122
114900059,86,61,25
114900063,66,201,-135
114900064,1255,475,780
114900065,350,669,-319
114900067,83,436,-353
114900068,93,225,-132
114900069,220,150,70
114900070,526,403,123
114900072,8,315,-307
114900073,1,256,-255
114900074,597,701,-104
114900075,290,7,283
114900076,5,388,-383
114900080,1653,433,1220
114900082,3605,1960,1645
114900083,1300,1097,203
114900090,261,400,-139
114900091,165,210,-45
114900097,231,2,229
114900098,9,232,-223
114900099,231,4,227
115000001,6343,4102,2241
115000002,3315,3914,-599
115000003,4579,3535,1044
115000004,3530,5843,-2313
115000005,1640,2164,-524
115000006,916,1698,-782
115000007,156,170,-14
115000008,729,606,123
115000009,177,208,-31
115000010,277,187,90
115000013,82,220,-138
115000015,114,351,-237
115000016,75,202,-127
115000019,62,512,-450
115000020,128,652,-524
115000021,320,590,-270
115000022,498,458,40
115000023,357,522,-165
115000024,1170,598,572
115000025,827,787,40
115000026,158,476,-318
115000027,235,304,-69
115000028,195,852,-657
115000029,551,138,413
115000030,752,1218,-466
115000031,1345,277,1068
115000032,7,324,-317
115000033,336,36,300
115000034,106,1184,-1078
115000035,1307,82,1225
115000036,2,439,-437
115000037,605,10,595
115000038,74,194,-120
115000039,3680,3202,478
115000040,7600,3284,4316
115000041,1661,3663,-2002
115000042,1125,674,451
115000043,4222,2325,1897
115000044,4305,4039,266
115000045,2333,1960,373
115000046,2036,2451,-415
115000047,2014,1504,510
115000048,1529,2652,-1123
115000049,1670,3386,-1716
115000050,2841,1908,933
115000051,1607,2666,-1059
115000052,2475,2004,471
115000053,1857,1622,235
115000054,861,1488,-627
115000055,195,691,-496
115000056,354,622,-268
115000057,792,1171,-379
115000058,709,297,412
115000059,263,120,143
115000061,270,127,143
115000062,171,274,-103
115000063,279,384,-105
115000064,192,111,81
115000065,50,487,-437
115000067,227,23,204
115000069,132,375,-243
115000070,38,883,-845
115000071,139,11,128
115000072,11,97,-86
115000073,1162,59,1103
115000075,104,67,37
115000076,3441,2844,597
115000077,1958,2457,-499
115000078,1193,1447,-254
115000079,1488,1784,-296
115000080,3362,2553,809
115000081,523,936,-413
115000082,3497,3561,-64
115000083,2057,2651,-594
115000084,1922,1182,740
115000085,762,1088,-326
115000086,991,872,119
115000087,489,1604,-1115
115000088,1725,766,959
115000089,1372,1323,49
115000090,479,978,-499
115000091,289,1080,-791
115000092,618,391,227
115000093,506,8,498
115000094,6606,5235,1371
115000095,4702,5556,-854
115000096,634,1422,-788
115000097,757,998,-241
115000098,959,991,-32
115000099,2321,2819,-498
115000100,956,386,570
115000101,371,1675,-1304
115000102,487,277,210
115000103,354,736,-382
115000105,89,219,-130
115000106,547,331,216
115000107,163,548,-385
115000108,3403,2860,543
115000109,4279,3909,370
115000110,1340,1427,-87
115000111,743,2232,-1489
115000112,681,747,-66
115000113,719,923,-204
115000114,2510,930,1580
115000116,4280,2473,1807
115000117,4231,3715,516
115000118,4472,1912,2560
115000119,4783,2819,1964
115000120,879,1371,-492
115000121,1866,1062,804
115000122,4080,1716,2364
115000123,1429,2123,-694
115000124,1134,816,318
115000125,310,590,-280
115000126,186,282,-96
115000127,456,110,346
115000128,669,966,-297
115000129,382,404,-22
115000130,403,1033,-630
115000131,968,298,670
115000132,325,381,-56
115000133,621,286,335
115000134,696,284,412
115000135,784,192,592
115000136,298,276,22
115000137,128,153,-25
115000138,363,325,38
115000139,267,267,0
115000140,387,292,95
115000141,200,264,-64
115000142,206,260,-54
115000143,699,718,-19
115000144,592,84,508
115000145,273,346,-73
115000146,646,353,293
115000147,519,473,46
115000148,283,1116,-833
115000149,522,232,290
115000150,677,903,-226
115000151,977,636,341
115000152,637,1049,-412
115000153,916,684,232
115000154,711,404,307
115000155,783,965,-182
115000156,1126,688,438
115000157,767,820,-53
115000158,561,405,156
115000159,813,600,213
115000160,603,369,234
115000161,152,455,-303
115000162,859,762,97
115000163,563,659,-96
115000164,821,630,191
115000165,346,539,-193
115000167,165,104,61
115000168,710,329,381
115000169,603,347,256
115000170,274,137,137
115000171,347,235,112
115000172,1224,655,569
115000173,404,507,-103
115000174,103,268,-165
115000175,263,68,195
115000176,136,67,69
115000177,63,61,2
115000178,59,229,-170
115000179,45,15,30
115000180,171,577,-406
115000181,655,146,509
115000182,767,310,457
115000183,358,899,-541
115000186,727,312,415
115000187,214,791,-577
115000188,454,453,1
115000189,229,526,-297
115000190,828,304,524
115000191,168,479,-311
115000194,152,229,-77
115000195,280,347,-67
115000196,181,132,49
115000197,262,255,7
115000198,334,258,76
115000199,308,171,137
115000200,366,117,249
115000201,132,390,-258
115000206,529,55,474
115000207,101,279,-178
115000208,460,639,-179
115000209,1154,395,759
115000210,169,143,26
115000211,310,297,13
115000212,1591,339,1252
115000224,403,61,342
115000225,37,102,-65
115000229,167,162,5
115000230,168,384,-216
115000231,297,1885,-1588
115000232,1430,299,1131
115000233,154,207,-53
115000234,39,308,-269
115000241,63,352,-289
115000242,122,338,-216
115000243,55,263,-208
115000244,18,100,-82
115000246,35,25,10
115000247,42,18,24
115000248,22,21,1
115000249,25,28,-3
115000250,240,29,211
115000251,301,199,102
115000252,113,293,-180
115000253,17,476,-459
115000258,320,220,100
115000259,377,179,198
115000261,23,29,-6
115000262,10,37,-27
115000263,15,69,-54
115000264,27,57,-30
115000267,89,87,2
115000268,26,154,-128
115000269,138,74,64
115000270,6,12,-6
115000272,68,153,-85
115000273,296,34,262
115000280,2423,193,2230
115000281,536,776,-240
115000282,778,693,85
115000284,543,181,362
115000296,1502,16,1486
115000297,267,97,170
115000298,137,427,-290
115000300,151,166,-15
115000302,867,223,644
115000303,795,189,606
115000304,647,127,520
115000305,103,618,-515
115000306,219,334,-115
115000307,180,174,6
115000308,38,38,0
115000309,9,40,-31
115000310,958,1044,-86
115000311,834,1221,-387
115000313,202,636,-434
115000314,452,223,229
115000315,1131,503,628
115000316,51,116,-65
115000317,175,480,-305
115000318,804,299,505
115000319,49,330,-281
115000320,8,239,-231
115000321,282,8,274
115000322,65,224,-159
115000449,243,192,51
115000557,4,1298,-1294
115000558,521,110,411
115000587,490,355,135
115000588,2242,2658,-416
115000589,3351,2541,810
115000590,1259,1286,-27
115000591,1843,799,1044
115000592,671,1648,-977
115000593,1365,663,702
115000594,1063,2242,-1179
115000609,206,299,-93
115000617,1718,2903,-1185
115000624,335,81,254
115000633,377,2123,-1746
115000634,2369,872,1497
115000635,600,150,450
115000638,918,918,0
115000641,82,148,-66
115000642,422,365,57
115000643,140,572,-432
115000644,152,572,-420
115000646,914,1642,-728
115000647,217,508,-291
115000648,1583,2308,-725
115000893,3683,1610,2073
115000894,136,1149,-1013
115000895,520,980,-460
115000896,1439,428,1011
115000897,624,175,449
115000898,578,213,365
115000899,614,1230,-616
115000900,195,405,-210
115000901,71,165,-94
115000912,413,141,272
115000913,4,22,-18
115000915,37,0,37
115000916,19,3,16
115000917,0,11,-11
115000918,73,442,-369
115000919,6,6,0
115000920,97,50,47
115000921,553,105,448
115000922,1381,804,577
115000923,554,1102,-548
115000925,153,75,78
115000927,56,48,8
115000933,305,279,26
115000934,155,181,-26
115000935,118,126,-8
115000936,34,605,-571
115000937,926,199,727
115000938,273,291,-18
115000939,334,283,51
115000940,43,12,31
115000941,17,17,0
115000942,41,133,-92
115000943,63,22,41
115000944,5,17,-12
115900001,89,45,44
115900002,81,135,-54
115900003,129,137,-8
115900004,1,44,-43
115900005,213,3,210
115900006,124,252,-128
115900008,55,2,53
115900009,67,236,-169
115900010,285,176,109
115900011,443,311,132
115900012,183,79,104
115900013,365,158,207
115900014,116,167,-51
115900015,135,80,55
115900016,96,34,62
115900017,5,2,3
115900018,215,78,137
115900019,121,14,107
115900020,74,2,72
115900021,1279,173,1106
115900022,1419,14,1405
115900023,31,8,23
115900025,41,247,-206
115900026,825,208,617
115900027,2,307,-305
115900028,563,63,500
115900029,17,327,-310
115900030,16,30,-14
115900031,377,336,41
115900032,511,705,-194
115900033,1,44,-43
115900034,31,410,-379
115900035,39,34,5
115900036,122,651,-529
115900037,71,348,-277
115900038,55,15,40
115900039,153,208,-55
115900041,547,559,-12
115900042,24,19,5
115900043,81,65,16
115900044,343,269,74
115900046,233,302,-69
115900047,179,143,36
115900049,121,270,-149
115900051,5,42,-37
115900052,18,247,-229
115900053,240,232,8
115900054,223,58,165
115900055,25,155,-130
115900056,228,316,-88
115900057,28,6,22
115900058,39,76,-37
115900060,65,126,-61
115900061,232,0,232
115900062,21,289,-268
115900063,93,14,79
115900064,167,267,-100
115900065,164,93,71
115900066,209,139,70
115900067,11,621,-610
115900068,3038,1068,1970
115900069,116,235,-119
115900070,192,182,10
115900071,1,352,-351
115900072,76,136,-60
115900073,94,62,32
115900074,3,337,-334
115900075,35,198,-163
115900076,4,51,-47
115900077,7,238,-231
115900078,269,123,146
115900079,211,23,188
115900080,451,195,256
115900081,15,65,-50
115900082,147,208,-61
115900084,428,19,409
115900085,52,86,-34
115900086,1488,727,761
115900088,15,73,-58
115900089,343,648,-305
115900090,304,6,298
115900091,13,28,-15
115900092,29,214,-185
115900093,10,29,-19
115900094,10,289,-279
115900096,4,24,-20
115900097,4,314,-310
115900098,193,361,-168
115900099,311,71,240
115900100,13,475,-462
115900101,146,319,-173
115900102,78,81,-3
115900103,234,211,23
115900104,43,119,-76
115900105,249,662,-413
115900106,64,22,42
115900107,162,116,46
115900108,145,78,67
115900109,60,381,-321
115900110,1,20,-19
115900111,3,106,-103
115900112,29,855,-826
115900113,45,50,-5
115900114,6,156,-150
115900115,84,225,-141
115900116,75,856,-781
115900117,79,33,46
115900118,5,272,-267
115900119,161,167,-6
115900120,21,333,-312
115900121,167,340,-173
115900124,462,864,-402
115900125,280,56,224
115900126,667,98,569
115900127,661,79,582
115900128,9,109,-100
115900129,859,75,784
115900130,32,226,-194
115900131,1033,42,991
115900132,667,6,661
115900134,335,16,319
115900135,444,1044,-600
115900137,53,13,40
115900139,33,45,-12
115900140,280,59,221
115900141,6,50,-44
115900142,14,34,-20
115900143,179,249,-70
115900144,73,197,-124
115900146,19,110,-91
115900147,297,249,48
115900148,130,8,122
115900149,73,39,34
115900150,78,39,39
115900151,9,94,-85
115900152,95,292,-197
115900153,131,183,-52
115900154,443,425,18
115900155,0,85,-85
115900156,663,1067,-404
115900157,169,549,-380
115900158,36,18,18
115900159,111,324,-213
115900160,24,6,18
115900161,52,186,-134
115900163,164,115,49
115900164,462,37,425
115900166,270,146,124
115900168,78,168,-90
115900171,109,448,-339
115900172,86,150,-64
115900173,233,123,110
115900174,233,223,10
115900175,152,217,-65
115900178,9,508,-499
115900179,203,10,193
115900180,24,146,-122
115900181,166,288,-122
115900182,396,263,133
115900183,61,45,16
115900184,1747,17,1730
115900187,10,137,-127
115900189,0,214,-214
115900190,251,1246,-995
115900191,52,337,-285
115900192,8,110,-102
115900193,930,207,723
115900194,860,87,773
115900195,634,2238,-1604
115900198,240,406,-166
115900199,161,241,-80
115900200,455,492,-37
115900201,425,397,28
115900202,0,40,-40
115900203,5,11,-6
115900204,2,12,-10
115900205,99,58,41
115900206,211,158,53
115900207,17,63,-46
115900208,183,167,16
115900209,3,166,-163
115900210,18,161,-143
115900211,10,214,-204
115900212,123,310,-187
115900213,139,79,60
115900214,382,305,77
115900215,28,150,-122
115900216,6,80,-74
115900217,36,65,-29
115900218,1,32,-31
115900219,90,9,81
115900220,144,28,116
115900221,89,23,66
115900222,47,42,5
115900223,15,379,-364
115900224,1078,1236,-158
115900225,67,42,25
115900226,42,43,-1
115900227,8,32,-24
115900228,9,34,-25
115900229,13,45,-32
115900230,56,101,-45
115900231,109,2,107
115900232,65,2,63
115900233,99,12,87
115900234,48,21,27
115900235,55,29,26
115900236,195,37,158
115900237,92,18,74
115900238,146,31,115
115900239,19,20,-1
115900240,11,44,-33
115900241,201,140,61
115900242,291,349,-58
115900243,15,24,-9
115900244,19,14,5
115900245,43,15,28
115900246,16,6,10
115900247,36,10,26
115900248,8,7,1
115900249,3,18,-15
115900250,8,18,-10
115900251,0,12,-12
115900252,8,3,5
115900253,16,14,2
115900254,6,15,-9
115900255,2,13,-11
115900256,19,19,0
115900257,4,15,-11
115900258,1,3,-2
115900259,5,4,1
115900260,9,1,8
115900261,7,5,2
115900262,2,0,2
115900263,6,0,6
115900264,23,3,20
115900265,4,11,-7
115900266,6,31,-25
115900267,12,19,-7
115900268,11,10,1
115900269,442,406,36
115900270,381,329,52
115900271,86,0,86
115900272,25,1,24
115900273,17,15,2
115900274,4,16,-12
115900275,1,20,-19
115900276,0,19,-19
115900277,0,52,-52
115900278,32,97,-65
115900279,31,156,-125
115900280,22,277,-255
115900281,436,188,248
115900282,16,20,-4
115900283,11,24,-13
115900284,21,12,9
116000001,12212,5232,6980
116000002,4854,9572,-4718
116000003,1596,1947,-351
116000004,2358,3171,-813
116000005,4627,3392,1235
116000006,3044,2393,651
116000007,2810,3531,-721
116000008,3586,1929,1657
116000009,2359,3036,-677
116000010,2076,1423,653
116000011,865,2069,-1204
116000012,1155,994,161
116000013,9309,4495,4814
116000014,12055,9048,3007
116000015,328,1138,-810
116000016,5817,3102,2715
116000017,28,694,-666
116000018,789,269,520
116000019,692,315,377
116000020,588,743,-155
116000021,373,328,45
116000022,391,323,68
116000023,937,679,258
116000024,802,856,-54
116000025,794,769,25
116000026,2010,2429,-419
116000027,659,649,10
116000028,453,711,-258
116000029,722,731,-9
116000030,839,529,310
116000031,215,366,-151
116000032,403,209,194
116000033,333,501,-168
116000034,577,908,-331
116000035,343,689,-346
116000036,1891,1149,742
116000037,786,520,266
116000038,519,479,40
116000039,625,356,269
116000040,929,310,619
116000041,291,403,-112
116000042,562,221,341
116000043,114,571,-457
116000044,53,100,-47
116000045,1829,1105,724
116000046,1003,1518,-515
116000047,1636,2134,-498
116000048,1660,1655,5
116000049,1168,2884,-1716
116000050,1394,1399,-5
116000051,6338,2668,3670
116000052,6328,5149,1179
116000053,1894,954,940
116000054,756,2453,-1697
116000055,669,915,-246
116000056,845,1056,-211
116000057,2339,1718,621
116000058,2479,2223,256
116000059,2804,4172,-1368
116000060,2215,1152,1063
116000061,705,936,-231
116000062,916,267,649
116000063,747,989,-242
116000066,311,604,-293
116000067,238,627,-389
116000068,200,251,-51
116000069,243,393,-150
116000078,571,1006,-435
116000080,1708,1077,631
116000082,5,63,-58
116000083,1584,442,1142
116000084,2303,4206,-1903
116000085,2153,1974,179
116000086,2238,1707,531
116000087,1926,1617,309
116000088,729,1136,-407
116000089,207,118,89
116000090,163,179,-16
116000091,363,267,96
116000093,545,359,186
116000094,721,683,38
116000095,802,545,257
116000096,609,1366,-757
116000097,1342,626,716
116000098,124,5865,-5741
116000099,5259,303,4956
116000100,291,35,256
116000101,914,878,36
116000102,266,1182,-916
116000103,521,295,226
116000104,241,1297,-1056
116000105,1029,213,816
116000106,1107,1011,96
116000107,3673,370,3303
116000108,453,166,287
116000111,115,46,69
116000113,109,115,-6
116000114,72,160,-88
116000115,306,126,180
116000116,363,578,-215
116000117,1383,2100,-717
116000118,1455,1385,70
116000119,2949,2173,776
116000120,3091,4875,-1784
116000121,848,608,240
116000122,1421,1925,-504
116000123,1015,534,481
116000124,400,1015,-615
116000125,2616,775,1841
116000126,387,1656,-1269
116000127,1074,1296,-222
116000128,1502,830,672
116000129,1180,276,904
116000130,536,474,62
116000133,881,763,118
116000134,1983,2319,-336
116000135,2240,1582,658
116000136,1260,2413,-1153
116000137,1022,717,305
116000138,800,570,230
116000139,1777,1939,-162
116000140,136,202,-66
116000141,318,691,-373
116000142,2892,3099,-207
116000143,1643,1709,-66
116000144,1521,2132,-611
116000145,1495,1155,340
116000146,398,286,112
116000147,200,140,60
116000148,429,606,-177
116000149,606,678,-72
116000151,893,568,325
116000153,134,415,-281
116000155,192,285,-93
116000156,430,1133,-703
116000157,74,17,57
116000158,381,344,37
116000159,35,12,23
116000160,23,79,-56
116000161,11,90,-79
116000162,70,89,-19
116000163,23,8,15
116000164,11,31,-20
116000177,457,103,354
116000194,80,347,-267
116000195,1342,769,573
116000196,9,5,4
116000197,7,14,-7
116000198,2566,1052,1514
116000200,706,389,317
116000201,641,709,-68
116000202,25,321,-296
116000203,5,136,-131
116000204,12,97,-85
116000205,0,193,-193
116000206,3,140,-137
116000207,9,62,-53
116000233,247,512,-265
116000287,93,420,-327
116000288,283,222,61
116000292,45,114,-69
116000296,24,208,-184
116000297,150,24,126
116000304,107,56,51
116000305,53,87,-34
116000346,134,98,36
116000352,73,27,46
116000354,49,7,42
116000357,4,27,-23
116000358,457,52,405
116000361,421,3,418
116000372,5757,3289,2468
116000381,96,2,94
116000388,2,62,-60
116000389,946,570,376
116000445,347,709,-362
116000446,544,739,-195
116000447,23,510,-487
116000448,540,241,299
116000563,688,761,-73
116000565,68,468,-400
116000568,64,250,-186
116000579,29,131,-102
116000583,119,107,12
116000584,32,14,18
116000585,34,15,19
116000586,88,87,1
116000587,539,693,-154
116000589,48,100,-52
116000590,69,54,15
116000591,225,283,-58
116000592,20,99,-79
116000593,1,35,-34
116000594,435,578,-143
116000595,673,167,506
116000596,95,6,89
116000597,401,102,299
116000598,11,222,-211
116000605,308,149,159
116000606,81,250,-169
116000607,3,39,-36
116000609,197,793,-596
116000611,129,624,-495
116000612,620,1678,-1058
116000613,544,356,188
116000614,503,661,-158
116000615,5,303,-298
116000616,49,81,-32
116000617,85,46,39
116000618,2,97,-95
116000619,115,77,38
116000620,68,115,-47
116000621,62,94,-32
116000622,79,172,-93
116000624,266,91,175
116000627,68,75,-7
116000628,71,463,-392
116000629,35,336,-301
116000630,476,42,434
116000631,226,56,170
116000632,656,103,553
116000633,178,262,-84
116000634,299,186,113
116000635,2884,1906,978
116000636,1053,1153,-100
116000637,503,90,413
116000638,105,373,-268
116000639,42,6,36
116000640,23,32,-9
116000641,28,131,-103
116000643,2,118,-116
116000644,30,516,-486
116000645,25,11,14
116900001,277,180,97
116900002,274,1,273
116900003,30,67,-37
116900004,40,71,-31
116900005,305,100,205
116900006,133,183,-50
116900007,127,134,-7
116900008,444,411,33
116900009,25,0,25
116900010,2,1237,-1235
116900011,7,45,-38
116900012,653,156,497
116900013,5,156,-151
116900014,105,289,-184
116900016,202,0,202
116900017,2,587,-585
116900018,66,71,-5
116900019,5,321,-316
116900020,1188,851,337
116900023,130,19,111
116900025,942,774,168
116900026,148,572,-424
116900027,44,67,-23
116900028,2,113,-111
116900029,2,48,-46
116900031,1,3,-2
116900032,5,379,-374
116900033,8,17,-9
116900034,29,71,-42
116900035,175,169,6
116900036,3,112,-109
116900038,100,4,96
116900041,42,21,21
116900042,654,309,345
116900043,21,75,-54
116900047,30,100,-70
116900049,47,342,-295
116900050,139,458,-319
116900051,76,203,-127
116900052,336,97,239
116900055,0,10,-10
116900057,25,180,-155
116900058,34,356,-322
116900059,3,139,-136
116900060,210,170,40
116900062,1,4,-3
116900064,120,637,-517
116900065,47,112,-65
116900067,108,93,15
116900068,111,181,-70
116900070,2,1,1
116900072,18,348,-330
116900073,20,143,-123
116900074,4,38,-34
116900076,10,29,-19
116900077,8,148,-140
116900078,241,130,111
116900079,58,220,-162
116900080,5,17,-12
116900081,454,1240,-786
116900082,481,856,-375
116900083,64,36,28
116900084,165,85,80
116900085,44,175,-131
116900086,61,211,-150
116900088,358,116,242
116900090,196,53,143
116900091,474,18,456
116900092,75,693,-618
116900093,1656,1973,-317
116900094,4051,3204,847
116900095,167,97,70
116900096,101,340,-239
116900097,2805,2298,507
116900098,819,366,453
116900099,904,595,309
116900100,776,31,745
116900101,356,514,-158
116900103,0,0,0
116900104,93,85,8
116900105,234,131,103
116900106,1655,402,1253
116900107,3266,2119,1147
116900110,9,2,7
116900111,489,621,-132
116900112,270,924,-654
116900113,1821,1555,266
116900116,193,581,-388
116900117,319,166,153
116900118,755,811,-56
116900120,483,103,380
116900121,376,29,347
116900122,837,858,-21
116900123,227,769,-542
116900124,191,881,-690
116900125,343,213,130
116900126,165,643,-478
116900128,0,39,-39
116900129,3,444,-441
116900130,599,2996,-2397
116900131,94,311,-217
116900132,49,152,-103
116900133,167,139,28
116900134,324,287,37
116900136,473,206,267
116900137,280,161,119
116900138,196,180,16
116900139,171,421,-250
116900140,162,175,-13
116900141,769,453,316
116900142,3,80,-77
116900143,280,462,-182
116900144,29,94,-65
116900145,119,244,-125
116900147,542,468,74
116900148,5,45,-40
116900149,75,258,-183
116900150,7,7,0
116900151,50,28,22
116900153,101,69,32
116900154,567,644,-77
116900155,79,78,1
116900157,601,415,186
116900158,214,310,-96
116900159,134,323,-189
116900160,932,736,196
116900161,5849,4972,877
116900162,8,131,-123
116900163,145,225,-80
116900164,76,109,-33
116900165,275,248,27
116900166,25,75,-50
116900167,457,117,340
116900168,286,109,177
116900169,728,448,280
116900170,224,577,-353
116900171,25,158,-133
116900172,202,369,-167
116900173,206,59,147
116900174,41,74,-33
116900175,147,163,-16
116900178,29,114,-85
116900179,111,300,-189
116900180,86,41,45
116900182,400,348,52
116900183,159,180,-21
116900185,52,62,-10
116900186,74,202,-128
116900187,54,60,-6
116900188,133,37,96
116900189,92,2,90
116900191,360,941,-581
116900192,235,165,70
116900194,175,1139,-964
116900195,30,20,10
116900196,15,79,-64
116900197,89,35,54
116900198,246,185,61
116900200,62,23,39
116900201,123,5,118
116900202,108,44,64
116900203,119,9,110
116900204,65,80,-15
116900206,12,18,-6
116900207,34,25,9
116900208,16,115,-99
116900209,36,98,-62
116900210,516,292,224
116900211,260,6,254
116900212,44,65,-21
116900213,226,155,71
116900214,195,184,11
116900215,23,95,-72
116900216,381,259,122
116900218,20,272,-252
116900219,1461,444,1017
116900220,137,226,-89
116900221,94,267,-173
116900222,436,401,35
116900223,113,304,-191
116900226,86,50,36
116900227,147,86,61
116900228,310,215,95
116900230,65,563,-498
116900233,526,165,361
116900234,13,8,5
116900235,146,313,-167
116900238,1541,330,1211
116900239,12,895,-883
116900240,5199,3830,1369
116900241,94,146,-52
116900242,1128,637,491
116900243,2,15,-13
116900245,26,48,-22
116900246,105,36,69
116900247,1202,85,1117
116900248,112,45,67
116900249,249,102,147
116900250,317,59,258
116900251,470,318,152
116900252,144,870,-726
116900254,30,96,-66
116900255,169,97,72
116900256,411,159,252
116900257,72,485,-413
116900258,13,244,-231
116900259,476,40,436
116900260,7,102,-95
116900261,108,3,105
116900262,413,259,154
116900263,0,13,-13
116900264,65,43,22
116900265,25,0,25
116900266,6,34,-28
116900267,4,1,3
116900268,209,89,120
116900269,316,639,-323
116900271,1295,200,1095
116900272,381,288,93
116900273,190,86,104
116900274,88,83,5
116900275,124,121,3
116900276,395,132,263
116900277,508,40,468
116900278,5,11,-6
116900279,1,24,-23
116900280,48,43,5
116900281,5863,3432,2431
116900282,10,108,-98
116900283,25,103,-78
116900284,10,222,-212
116900285,308,178,130
116900286,264,25,239
116900287,4,31,-27
116900288,103,149,-46
116900289,12,18,-6
116900290,6,18,-12
116900291,33,2,31
116900292,0,8,-8
116900293,25,54,-29
116900294,47,179,-132
116900295,133,63,70
116900296,90,92,-2
116900297,10,125,-115
116900298,112,78,34
116900299,50,65,-15
116900300,4,71,-67
116900301,64,126,-62
116900302,108,84,24
116900303,324,98,226
116900304,0,173,-173
116900305,13,48,-35
116900306,247,120,127
116900307,91,1,90
116900308,2,147,-145
116900309,77,102,-25
116900310,7,65,-58
117000001,1635,1526,109
117000002,2003,4380,-2377
117000003,5946,2989,2957
117000004,3737,5109,-1372
117000005,1895,1869,26
117000006,1386,3589,-2203
117000007,3319,1329,1990
117000008,1111,3618,-2507
117000009,5170,1893,3277
117000010,2768,4212,-1444
117000011,2630,1743,887
117000012,1249,1318,-69
117000013,1824,966,858
117000014,1210,2076,-866
117000015,2340,1253,1087
117000016,429,98,331
117000017,377,121,256
117000018,150,504,-354
117000019,105,25,80
117000020,457,1152,-695
117000021,2045,681,1364
117000022,576,93,483
117000023,471,274,197
117000024,306,185,121
117000025,629,899,-270
117000026,2657,1110,1547
117000027,2751,3925,-1174
117000028,4250,1618,2632
117000030,580,509,71
117000031,341,346,-5
117000032,1796,1182,614
117000033,1087,737,350
117000034,364,359,5
117000035,332,306,26
117000036,466,327,139
117000037,250,248,2
117000038,270,599,-329
117000039,445,296,149
117000040,226,1000,-774
117000041,895,174,721
117000044,16,860,-844
117000045,480,114,366
117000046,380,670,-290
117000047,743,586,157
117000048,2057,1183,874
117000049,95,523,-428
117000050,123,2094,-1971
117000051,1995,176,1819
117000052,38,347,-309
117000053,548,44,504
117000054,1750,6,1744
117000055,170,3152,-2982
117000056,684,15,669
117000057,770,2509,-1739
117000060,528,1552,-1024
117000061,1358,864,494
117000062,289,715,-426
117000063,1571,989,582
117000064,848,826,22
117000066,1021,1008,13
117000067,129,518,-389
117000074,253,189,64
117000076,251,56,195
117000077,171,222,-51
117000078,159,730,-571
117000079,735,311,424
117000080,0,358,-358
117000081,1514,153,1361
117000082,34,88,-54
117000083,184,19,165
117000084,221,0,221
117000085,399,747,-348
117000086,1189,517,672
117000087,100,514,-414
117000088,286,225,61
117000089,1373,312,1061
117000090,352,1365,-1013
117000091,754,318,436
117000092,443,1299,-856
117000093,961,835,126
117000094,1472,3148,-1676
117000095,3352,1137,2215
117000096,661,2442,-1781
117000097,1195,1357,-162
117000098,2751,4766,-2015
117000099,3038,1515,1523
117000100,187,476,-289
117000101,239,1133,-894
117000102,1467,784,683
117000103,678,1907,-1229
117000104,1195,717,478
117000105,869,1697,-828
117000106,994,940,54
117000107,715,2081,-1366
117000108,1426,905,521
117000109,1623,2820,-1197
117000110,1294,894,400
117000111,3653,4237,-584
117000112,2860,1731,1129
117000113,572,340,232
117000114,278,162,116
117000115,181,138,43
117000116,115,241,-126
117000117,1454,1112,342
117000118,294,159,135
117000119,337,153,184
117000120,195,428,-233
117000121,143,1009,-866
117000122,376,754,-378
117000123,1628,38,1590
117000124,935,68,867
117000125,419,106,313
117000126,121,22,99
117000127,221,313,-92
117000128,630,812,-182
117000129,474,652,-178
117000130,150,3,147
117000131,0,151,-151
117000132,3357,40,3317
117000133,1350,42,1308
117000134,3,71,-68
117000135,8,62,-54
117000136,3,29,-26
117000137,92,116,-24
117000138,4,656,-652
117000140,401,1596,-1195
117000141,1488,635,853
117000181,585,577,8
117000182,402,430,-28
117000195,245,1028,-783
117000196,193,121,72
117000225,213,33,180
117000226,14,202,-188
117000276,232,17,215
117000277,2,393,-391
117000310,1741,2248,-507
117000315,35,899,-864
117000320,104,1,103
117000906,307,18,289
117000907,14,340,-326
117000909,68,41,27
117000910,213,179,34
117000911,121,241,-120
117000915,8,582,-574
117000916,50,2,48
117000917,936,30,906
117000918,83,77,6
117000919,14,102,-88
117000920,5,1361,-1356
117000921,2,1191,-1189
117000922,39,156,-117
117000924,373,790,-417
117000926,880,135,745
117000927,1689,771,918
117000928,0,139,-139
117000929,205,462,-257
117000930,236,24,212
117000931,515,156,359
117900002,147,423,-276
117900003,869,457,412
117900005,16,55,-39
117900006,0,29,-29
117900007,141,98,43
117900008,0,36,-36
117900010,299,113,186
117900011,143,106,37
117900012,53,83,-30
117900013,4,204,-200
117900014,681,140,541
117900015,19,125,-106
117900016,1240,854,386
117900017,481,320,161
117900018,273,134,139
117900019,310,287,23
117900020,79,475,-396
117900021,39,70,-31
117900023,756,226,530
117900024,94,87,7
117900025,64,17,47
117900026,386,269,117
117900028,50,5,45
117900029,233,590,-357
117900030,493,327,166
117900031,233,95,138
117900032,1266,580,686
117900033,190,539,-349
117900034,71,39,32
117900035,832,135,697
117900036,209,339,-130
117900037,149,224,-75
117900038,29,360,-331
117900039,9,72,-63
117900040,213,501,-288
117900041,6,59,-53
117900042,3548,319,3229
117900043,42,47,-5
117900044,7,2737,-2730
117900045,169,188,-19
117900048,289,320,-31
117900049,222,380,-158
117900050,8,74,-66
117900051,42,2,40
117900052,52,315,-263
117900053,1530,813,717
117900054,4,51,-47
117900055,209,258,-49
117900056,338,52,286
117900057,1399,1361,38
117900058,287,29,258
117900059,392,178,214
117900060,2577,5678,-3101
117900061,39,200,-161
117900063,257,233,24
117900065,1156,1505,-349
117900066,7,69,-62
117900067,381,189,192
117900069,574,263,311
117900070,314,29,285
117900071,103,177,-74
117900073,393,295,98
117900074,184,34,150
117900075,84,114,-30
117900076,30,46,-16
117900077,425,429,-4
117900078,277,881,-604
117900080,100,57,43
117900081,599,433,166
117900082,408,399,9
117900083,292,434,-142
117900086,148,44,104
117900087,185,107,78
117900088,3702,2218,1484
117900089,1870,795,1075
117900090,432,445,-13
117900091,194,234,-40
117900092,66,49,17
117900093,77,145,-68
117900094,51,22,29
117900095,304,440,-136
117900096,102,289,-187
117900097,265,181,84
117900098,37,12,25
117900099,196,201,-5
117900100,148,2,146
117900101,489,1754,-1265
117900102,77,87,-10
117900103,83,5,78
117900104,29,112,-83
117900105,151,244,-93
117900106,112,101,11
117900107,69,4,65
117900109,569,410,159
117900110,102,3,99
117900111,584,16,568
117900112,69,36,33
117900113,3274,1523,1751
117900114,20,0,20
117900115,310,62,248
117900116,1075,961,114
117900117,465,383,82
117900118,78,0,78
117900119,132,250,-118
117900120,181,78,103
117900121,71,20,51
117900122,1427,3012,-1585
117900123,658,407,251
117900124,1195,808,387
117900125,1751,2116,-365
117900126,286,613,-327
117900127,489,610,-121
117900128,483,652,-169
117900129,40,0,40
117900130,2380,433,1947
117900131,6,122,-116
117900132,11,130,-119
117900133,10,143,-133
117900134,53,295,-242
117900135,36,277,-241
117900136,0,49,-49
117900137,53,369,-316
117900138,4,55,-51
117900139,111,148,-37
117900140,3303,216,3087
117900141,336,194,142
117900142,165,29,136
117900144,132,192,-60
117900145,143,51,92
117900146,217,177,40
117900147,54,89,-35
117900148,2643,1656,987
117900149,141,214,-73
117900150,52,52,0
117900151,46,103,-57
117900152,132,61,71
117900153,36,96,-60
117900154,417,691,-274
117900156,940,1045,-105
117900157,90,599,-509
117900158,208,307,-99
117900160,602,750,-148
117900161,2827,2090,737
117900162,277,454,-177
117900163,115,100,15
117900165,0,20,-20
117900166,151,619,-468
117900168,57,243,-186
117900169,0,111,-111
117900170,4,69,-65
117900171,15,31,-16
117900172,11,48,-37
117900173,170,106,64
117900174,44,61,-17
117900175,4,37,-33
117900176,17,35,-18
117900177,36,54,-18
117900178,260,27,233
117900180,249,70,179
117900181,116,316,-200
117900182,4,43,-39
117900183,55,211,-156
117900184,67,97,-30
117900185,62,67,-5
117900186,32,34,-2
117900187,21,12,9
117900188,298,107,191
117900189,77,49,28
117900190,35,1,34
117900191,146,1,145
117900192,316,4,312
117900193,21,100,-79
117900194,8,3,5
117900195,50,99,-49
117900196,11,34,-23
117900207,189,181,8
117900208,38,53,-15
117900209,213,266,-53
117900210,178,309,-131
117900211,4,221,-217
117900212,115,157,-42
117900213,32,29,3
117900214,20,43,-23
117900215,23,34,-11
117900216,67,17,50
117900217,130,300,-170
117900218,213,209,4
117900219,13,92,-79
117900220,167,85,82
117900222,286,337,-51
117900223,192,312,-120
118000001,790,993,-203
118000002,962,2010,-1048
118000003,2560,3032,-472
118000004,4324,3007,1317
118000005,4928,4958,-30
118000006,6051,10142,-4091
118000007,5624,3581,2043
118000008,5973,4082,1891
118000009,1946,2840,-894
118000010,5326,4258,1068
118000011,1246,2499,-1253
118000012,1276,2208,-932
118000013,3642,2591,1051
118000014,2902,2996,-94
118000016,168,598,-430
118000017,418,387,31
118000018,400,638,-238
118000019,2422,1568,854
118000020,1405,2888,-1483
118000021,780,2671,-1891
118000022,1757,843,914
118000023,1005,318,687
118000024,1551,1092,459
118000027,15160,11827,3333
118000029,1044,799,245
118000032,1302,3412,-2110
118000033,3266,5093,-1827
118000034,5693,2598,3095
118000035,1808,2495,-687
118000036,1256,1083,173
118000037,765,959,-194
118000038,156,114,42
118000039,96,307,-211
118000040,1710,1403,307
118000041,2285,1518,767
118000045,571,192,379
118000046,1798,476,1322
118000047,1086,761,325
118000048,4001,1870,2131
118000051,2015,934,1081
118000052,1178,522,656
118000053,602,424,178
118000054,1929,1416,513
118000055,1250,1866,-616
118000056,1103,390,713
118000057,448,473,-25
118000058,4034,1448,2586
118000059,2229,964,1265
118000060,1017,587,430
118000061,2685,1272,1413
118000062,831,338,493
118000063,352,550,-198
118000064,855,1288,-433
118000065,4782,1961,2821
118000066,789,1577,-788
118000067,1568,947,621
118000068,2237,4402,-2165
118000069,3353,1095,2258
118000070,5689,1714,3975
118000071,3409,7302,-3893
118000072,2234,1226,1008
118000073,2919,649,2270
118000074,479,676,-197
118000075,1384,384,1000
118000076,1632,2009,-377
118000077,1514,1379,135
118000078,1879,2131,-252
118000079,289,367,-78
118000080,1349,1198,151
118000081,2169,1302,867
118000082,311,1167,-856
118000083,1569,1680,-111
118000084,3714,1600,2114
118000086,361,563,-202
118000087,4771,2610,2161
118000088,1927,1694,233
118000089,3346,1948,1398
118000090,1401,2647,-1246
118000091,1038,2082,-1044
118000092,1181,505,676
118000093,107,788,-681
118000096,579,756,-177
118000097,899,753,146
118000098,287,190,97
118000099,450,885,-435
118000101,1031,491,540
118000102,419,1530,-1111
118000107,1880,580,1300
118000108,684,1826,-1142
118000110,0,29,-29
118000111,2,381,-379
118000112,484,2,482
118000113,11,662,-651
118000114,390,9,381
118000115,10,16,-6
118000116,64,1,63
118000117,1396,844,552
118000118,893,833,60
118000119,1092,1054,38
118000120,1693,1238,455
118000121,159,664,-505
118000122,1297,369,928
118000123,82,324,-242
118000125,1821,956,865
118000126,820,1385,-565
118000127,1966,669,1297
118000128,880,1321,-441
118000129,1030,397,633
118000130,2300,3170,-870
118000131,843,1009,-166
118000132,2337,1710,627
118000133,1026,437,589
118000135,634,410,224
118000136,154,465,-311
118000137,612,101,511
118000138,446,584,-138
118000139,322,174,148
118000140,3409,3506,-97
118000141,1984,1946,38
118000142,1646,1510,136
118000143,2012,1238,774
118000144,2334,938,1396
118000145,1990,2342,-352
118000146,1208,1016,192
118000147,714,1809,-1095
118000148,524,1316,-792
118000149,962,1144,-182
118000150,459,385,74
118000151,391,475,-84
118000153,1243,1094,149
118000154,1263,1535,-272
118000155,1164,1458,-294
118000156,2022,2448,-426
118000157,610,427,183
118000158,283,500,-217
118000159,29,74,-45
118000160,469,457,12
118000161,524,860,-336
118000162,1514,797,717
118000163,821,751,70
118000164,1835,1252,583
118000168,1130,464,666
118000169,1062,1192,-130
118000170,4663,6108,-1445
118000171,346,704,-358
118000172,103,324,-221
118000173,1134,1266,-132
118000175,251,310,-59
118000176,233,459,-226
118000177,250,449,-199
118000178,37,63,-26
118000179,1379,1146,233
118000180,880,819,61
118000181,853,325,528
118000182,320,228,92
118000183,201,287,-86
118000184,685,791,-106
118000185,1150,1043,107
118000186,722,1021,-299
118000187,1170,822,348
118000188,484,186,298
118000189,527,732,-205
118000190,14,18,-4
118000191,41,28,13
118000192,230,285,-55
118000193,137,409,-272
118000194,1262,1001,261
118000195,1157,917,240
118000196,488,179,309
118000197,269,196,73
118000198,627,734,-107
118000199,514,376,138
118000200,50,192,-142
118000201,462,459,3
118000202,50,50,0
118000203,1567,597,970
118000204,193,373,-180
118000205,221,369,-148
118000206,241,205,36
118000207,0,32,-32
118000208,1253,1654,-401
118000209,1699,1962,-263
118000210,86,35,51
118000211,22,32,-10
118000213,944,1057,-113
118000214,642,523,119
118000215,287,219,68
118000216,1661,2913,-1252
118000217,54,162,-108
118000218,88,128,-40
118000219,492,359,133
118000220,4,36,-32
118000221,173,281,-108
118000222,53,9,44
118000223,47,40,7
118000224,170,136,34
118000225,156,653,-497
118000226,940,209,731
118000227,814,351,463
118000228,149,213,-64
118000229,245,56,189
118000230,198,185,13
118000231,93,208,-115
118000232,724,981,-257
118000233,893,765,128
118000234,446,223,223
118000236,332,355,-23
118000237,137,355,-218
118000238,251,215,36
118000239,221,260,-39
118000240,405,161,244
118000241,120,179,-59
118000242,339,688,-349
118000243,265,245,20
118000244,53,182,-129
118000246,1,19,-18
118000255,109,257,-148
118000256,142,284,-142
118000259,4,33,-29
118000260,153,141,12
118000261,35,46,-11
118000263,44,187,-143
118000266,124,238,-114
118000267,0,115,-115
118000268,333,1,332
118000270,90,31,59
118000271,240,283,-43
118000272,173,29,144
118000273,122,87,35
118000274,115,334,-219
118000276,444,326,118
118000295,9,111,-102
118000298,109,367,-258
118000299,90,197,-107
118000301,1,59,-58
118000302,82,150,-68
118000311,396,105,291
118000312,256,168,88
118000313,51,151,-100
118000314,74,110,-36
118000315,34,69,-35
118000316,599,535,64
118000325,55,77,-22
118000326,22,31,-9
118000331,31,58,-27
118000332,15,52,-37
118000333,44,72,-28
118000335,220,2,218
118000336,1,253,-252
118000407,113,86,27
118000457,7,38,-31
118000465,3748,4145,-397
118000480,34,83,-49
118000489,45,296,-251
118000490,51,329,-278
118000492,427,235,192
118000510,89,11,78
118000514,223,340,-117
118000515,707,646,61
118000517,349,232,117
118000524,405,244,161
118000525,944,769,175
118000530,16,86,-70
118000531,309,300,9
118000532,197,324,-127
118000533,356,176,180
118000534,531,517,14
118000535,286,168,118
118000536,821,1379,-558
118000537,39,122,-83
118000538,62,55,7
118000539,31,107,-76
118000540,315,119,196
118000541,177,63,114
118000542,99,157,-58
118000543,180,179,1
118000546,56,22,34
118000553,0,3,-3
118000557,0,0,0
118000560,2698,1849,849
118000562,17,162,-145
118000563,1744,1306,438
118000576,207,195,12
118000577,247,219,28
118000578,250,164,86
118000579,680,1046,-366
118000583,0,0,0
118000595,186,104,82
118000596,0,53,-53
118000597,168,118,50
118000598,2,1,1
118000599,61,40,21
118000600,15,8,7
118000601,12,0,12
118000602,1,23,-22
118000603,1,29,-28
118000605,67,304,-237
118000606,31,46,-15
118900001,725,1447,-722
118900002,811,854,-43
118900003,311,7,304
118900004,72,63,9
118900005,56,3,53
118900006,120,0,120
118900007,29,1,28
118900008,1264,59,1205
118900009,48,27,21
118900010,63,2,61
118900011,185,67,118
118900012,420,181,239
118900013,445,102,343
118900015,187,129,58
118900016,12,5,7
118900017,277,343,-66
118900018,740,19,721
118900019,50,14,36
118900020,290,140,150
118900021,153,311,-158
118900022,157,103,54
118900023,133,105,28
118900024,101,154,-53
118900025,74,32,42
118900026,59,77,-18
118900027,422,198,224
118900028,183,131,52
118900029,331,394,-63
118900030,313,79,234
118900031,163,105,58
118900032,212,176,36
118900033,336,330,6
118900034,125,25,100
118900035,96,213,-117
118900036,1178,611,567
118900037,446,164,282
118900038,306,203,103
118900039,437,202,235
118900040,213,179,34
118900041,547,246,301
118900042,224,78,146
118900045,360,176,184
118900046,810,365,445
118900047,536,217,319
118900048,216,166,50
118900049,52,70,-18
118900050,53,206,-153
118900051,161,137,24
118900052,325,190,135
118900053,44,125,-81
118900054,111,68,43
118900055,71,134,-63
118900056,142,299,-157
118900057,551,403,148
118900058,327,351,-24
118900059,33,79,-46
118900060,304,178,126
118900062,555,189,366
118900064,627,561,66
118900065,68,135,-67
118900066,86,90,-4
118900067,3994,2842,1152
118900068,27,201,-174
118900069,283,285,-2
118900071,8,94,-86
118900072,415,362,53
118900073,114,132,-18
118900074,124,207,-83
118900075,82,92,-10
118900076,217,126,91
118900077,160,231,-71
118900078,54,10,44
118900079,47,228,-181
118900080,17,190,-173
118900081,118,67,51
118900082,586,190,396
118900083,46,11,35
118900084,21,30,-9
118900085,690,828,-138
118900086,30,107,-77
118900087,12,193,-181
118900088,0,9,-9
118900089,39,25,14
118900090,404,414,-10
118900091,170,267,-97
118900092,112,92,20
118900093,164,22,142
118900096,96,145,-49
118900097,211,503,-292
118900099,75,188,-113
118900100,170,245,-75
118900101,37,289,-252
118900102,36,97,-61
118900103,44,100,-56
118900104,86,39,47
118900105,221,157,64
118900107,204,99,105
118900108,98,93,5
118900110,1430,757,673
118900111,815,433,382
118900112,45,191,-146
118900113,154,446,-292
118900114,26,79,-53
118900115,75,350,-275
118900116,137,270,-133
118900117,91,208,-117
118900118,214,377,-163
118900119,116,270,-154
118900120,117,336,-219
118900121,13,205,-192
118900122,19,754,-735
118900123,209,242,-33
118900124,46,239,-193
118900126,37,374,-337
118900129,300,273,27
118900130,76,222,-146
118900131,320,237,83
118900132,288,211,77
118900133,30,143,-113
118900135,313,260,53
118900136,198,523,-325
118900137,15,23,-8
118900139,313,315,-2
118900140,362,536,-174
118900141,131,191,-60
118900144,111,374,-263
118900145,157,130,27
118900146,342,719,-377
118900147,303,150,153
118900148,69,59,10
118900150,162,503,-341
118900152,480,897,-417
118900157,105,186,-81
118900158,74,53,21
118900159,3,211,-208
118900161,116,10,106
118900163,134,160,-26
118900164,5,130,-125
118900165,35,185,-150
118900166,47,5,42
118900167,88,112,-24
118900168,15,170,-155
118900169,88,290,-202
118900170,129,114,15
118900171,26,33,-7
118900174,84,82,2
118900175,338,475,-137
118900176,154,254,-100
118900177,75,85,-10
118900178,86,235,-149
118900179,0,14,-14
118900181,119,136,-17
118900182,91,41,50
118900183,45,138,-93
118900184,293,89,204
118900185,80,113,-33
118900186,114,97,17
118900187,212,257,-45
118900188,275,233,42
118900189,42,689,-647
118900190,14,300,-286
118900191,99,53,46
118900192,163,17,146
118900193,354,6,348
118900195,247,634,-387
118900196,35,133,-98
118900197,84,34,50
118900198,27,35,-8
118900199,91,86,5
118900200,23,12,11
118900201,41,35,6
118900202,12,54,-42
118900203,7,41,-34
118900204,11,16,-5
118900205,5,18,-13
118900206,4,33,-29
119000001,1102,1500,-398
119000002,3508,2558,950
119000003,2046,1174,872
119000004,3113,1093,2020
119000005,1594,1650,-56
119000006,2867,1633,1234
119000007,3462,3173,289
119000008,1888,1918,-30
119000009,3980,4627,-647
119000010,6227,4042,2185
119000011,3926,2978,948
119000012,2969,3390,-421
119000013,2320,1648,672
119000014,2083,3315,-1232
119000019,239,166,73
119000020,2484,1514,970
119000021,4056,2233,1823
119000022,2274,2156,118
119000023,311,257,54
119000024,1619,8325,-6706
119000025,6771,1324,5447
119000026,199,402,-203
119000027,284,431,-147
119000028,1916,1024,892
119000029,119,313,-194
119000030,604,978,-374
119000031,826,884,-58
119000032,1838,2541,-703
119000033,1941,1461,480
119000034,920,970,-50
119000035,31,316,-285
119000036,1685,877,808
119000037,1207,1706,-499
119000038,159,866,-707
119000039,282,312,-30
119000040,729,518,211
119000041,683,1164,-481
119000048,3039,3414,-375
119000049,1883,2586,-703
119000050,3065,2043,1022
119000051,3541,960,2581
119000052,2032,3243,-1211
119000053,1944,1245,699
119000054,2981,3271,-290
119000055,3657,3503,154
119000056,2109,2157,-48
119000057,1337,1975,-638
119000058,1979,1850,129
119000059,1213,1647,-434
119000060,1438,1131,307
119000061,909,884,25
119000062,1130,1270,-140
119000063,478,473,5
119000064,1147,1525,-378
119000065,1955,3419,-1464
119000066,2161,1223,938
119000067,1722,2172,-450
119000068,1462,1209,253
119000069,1476,2444,-968
119000070,2237,1016,1221
119000071,499,742,-243
119000072,4630,2892,1738
119000073,4272,6328,-2056
119000074,1059,2555,-1496
119000075,1899,2151,-252
119000076,373,820,-447
119000077,619,481,138
119000078,423,212,211
119000079,206,597,-391
119000080,432,181,251
119000081,289,392,-103
119000082,818,246,572
119000083,595,375,220
119000084,352,475,-123
119000085,495,261,234
119000086,270,413,-143
119000087,1680,1020,660
119000088,375,217,158
119000089,83,174,-91
119000090,149,199,-50
119000091,145,400,-255
119000092,464,208,256
119000093,3489,2995,494
119000094,2576,5498,-2922
119000095,1634,2703,-1069
119000097,2394,1525,869
119000098,772,2224,-1452
119000099,2468,1779,689
119000100,3202,2756,446
119000101,4173,2052,2121
119000102,1040,1122,-82
119000103,1642,622,1020
119000104,2614,1866,748
119000105,909,1711,-802
119000106,388,1560,-1172
119000107,751,482,269
119000108,352,1077,-725
119000109,149,448,-299
119000110,493,295,198
119000111,72,552,-480
119000112,237,112,125
119000113,2432,314,2118
119000114,833,1003,-170
119000115,131,122,9
119000116,106,116,-10
119000117,126,345,-219
119000118,1,5,-4
119000123,4821,1495,3326
119000124,677,223,454
119000125,3393,781,2612
119000126,1039,811,228
119000127,487,597,-110
119000128,24,6,18
119000131,836,785,51
119000132,2,1,1
119000133,1,3,-2
119000134,1989,604,1385
119000135,126,218,-92
119000136,254,252,2
119000137,213,373,-160
119000138,384,334,50
119000139,253,261,-8
119000140,191,347,-156
119000284,1415,2689,-1274
119000285,2250,2389,-139
119000286,7232,5437,1795
119000287,1414,2188,-774
119000288,1894,1549,345
119000289,2020,3262,-1242
119000290,237,469,-232
119000291,13,260,-247
119000293,90,160,-70
119000294,46,43,3
119000295,1261,421,840
119000296,190,122,68
119000297,0,0,0
119000299,0,0,0
119000302,2794,1427,1367
119000303,73,180,-107
119000304,0,0,0
119000310,0,0,0
119000314,1382,8371,-6989
119000315,1,467,-466
119000316,124,113,11
119000317,92,372,-280
119900001,216,1360,-1144
119900002,185,345,-160
119900003,81,1340,-1259
119900004,378,1100,-722
119900005,154,115,39
119900006,190,365,-175
119900007,1095,228,867
119900008,1091,76,1015
119900009,779,965,-186
119900010,1020,1009,11
119900011,29,92,-63
119900012,19,122,-103
119900013,1849,955,894
119900014,634,221,413
119900015,103,44,59
119900016,49,93,-44
119900017,58,110,-52
119900018,2042,740,1302
119900019,51,10,41
119900020,185,199,-14
119900021,148,141,7
119900022,113,620,-507
119900023,613,1283,-670
119900025,224,38,186
119900026,706,130,576
119900027,24,44,-20
119900028,601,149,452
119900029,6,6,0
119900030,645,571,74
119900031,59,386,-327
119900033,2162,341,1821
119900034,403,142,261
119900037,204,44,160
119900038,49,248,-199
119900039,45,13,32
119900040,309,28,281
119900041,104,33,71
119900042,744,167,577
119900043,83,174,-91
119900044,251,743,-492
119900046,108,87,21
119900047,225,94,131
119900048,156,51,105
119900049,148,4,144
119900050,94,91,3
119900051,881,14,867
119900052,55,42,13
119900053,230,164,66
119900054,110,10,100
119900055,1140,577,563
119900057,235,85,150
119900058,228,8,220
119900059,113,60,53
119900060,277,16,261
119900061,216,5,211
119900062,62,19,43
119900063,9,64,-55
119900065,194,8,186
119900067,321,26,295
119900068,395,1,394
119900069,93,7,86
119900070,832,10,822
119900071,538,21,517
119900073,1695,829,866
119900074,34,25,9
119900075,4840,2529,2311
119900076,450,391,59
119900077,753,1089,-336
119900078,775,1041,-266
119900079,652,299,353
119900080,375,349,26
119900081,589,194,395
119900082,1341,401,940
119900083,416,160,256
119900084,768,338,430
119900085,66,74,-8
119900086,454,1453,-999
119900087,745,354,391
119900088,26,55,-29
119900089,32,546,-514
119900090,152,71,81
119900091,96,906,-810
119900092,162,313,-151
119900093,974,298,676
119900094,150,186,-36
119900095,219,128,91
119900096,43,101,-58
119900097,672,186,486
119900098,40,65,-25
119900099,28,244,-216
119900100,2424,2491,-67
119900101,149,1091,-942
119900102,80,268,-188
119900103,38,332,-294
119900104,41,186,-145
119900105,706,1486,-780
119900106,16,189,-173
119900107,363,2662,-2299
119900108,2092,652,1440
119900109,69,149,-80
119900110,607,582,25
119900111,67,343,-276
119900112,1681,666,1015
119900113,91,318,-227
119900114,237,1196,-959
119900115,279,1078,-799
119900116,238,585,-347
119900117,340,749,-409
119900118,99,897,-798
119900119,301,253,48
119900120,648,565,83
119900121,435,1230,-795
119900122,607,405,202
119900123,288,425,-137
119900124,227,982,-755
119900125,77,311,-234
119900126,3806,298,3508
119900127,2303,1069,1234
119900128,630,781,-151
119900129,264,574,-310
119900130,32,289,-257
119900131,57,306,-249
119900132,2,236,-234
119900133,56,132,-76
119900134,1885,269,1616
119900135,2,450,-448
119900136,222,385,-163
119900138,422,518,-96
119900139,117,137,-20
119900140,3,162,-159
119900141,140,798,-658
119900142,5,20,-15
119900143,17,238,-221
119900144,1765,278,1487
119900145,111,176,-65
119900146,180,329,-149
119900147,9,184,-175
119900148,223,80,143
119900149,1217,3398,-2181
119900150,183,205,-22
119900151,1604,737,867
119900152,137,460,-323
119900153,159,124,35
119900154,15,635,-620
119900155,46,50,-4
119900156,16,8,8
119900157,124,275,-151
119900158,159,134,25
119900159,7,1442,-1435
119900160,18,193,-175
119900161,211,222,-11
119900162,820,904,-84
119900163,245,254,-9
119900164,1,2,-1
119900165,164,319,-155
119900166,107,90,17
119900167,108,127,-19
119900168,735,521,214
119900169,121,346,-225
119900170,240,308,-68
119900171,1971,447,1524
119900172,136,33,103
119900173,6,399,-393
119900174,11,185,-174
119900175,1062,778,284
119900177,30,214,-184
119900178,13,169,-156
119900179,89,540,-451
119900180,896,922,-26
119900181,56,160,-104
119900182,5,314,-309
119900183,165,745,-580
119900184,2192,551,1641
119900185,41,154,-113
119900186,56,659,-603
119900187,22,394,-372
119900188,110,444,-334
119900189,610,475,135
119900190,61,281,-220
119900191,395,169,226
119900192,79,182,-103
119900193,304,246,58
119900194,16,126,-110
119900195,34,177,-143
119900196,1317,466,851
119900197,155,174,-19
119900198,480,291,189
119900199,164,15,149
119900200,538,818,-280
119900201,370,205,165
119900202,173,224,-51
119900203,177,545,-368
119900204,249,292,-43
119900205,575,612,-37
119900206,143,145,-2
119900208,173,259,-86
119900209,462,1157,-695
119900210,57,53,4
119900211,108,18,90
119900212,191,347,-156
119900213,10,118,-108
119900214,26,107,-81
119900215,74,120,-46
119900216,23,88,-65
119900217,41,78,-37
119900218,44,123,-79
119900219,20,132,-112
119900220,4,90,-86
119900221,39,352,-313
119900222,33,228,-195
119900223,19,116,-97
119900224,16,32,-16
119900225,1171,98,1073
119900226,578,1514,-936
119900227,1019,311,708
119900228,1287,308,979
119900229,416,471,-55
119900230,1629,581,1048
119900231,248,244,4
119900232,237,104,133
119900233,41,15,26
119900234,37,48,-11
119900235,48,112,-64
119900236,127,187,-60
119900237,39,384,-345
119900238,6,64,-58
119900240,99,194,-95
119900241,184,321,-137
119900242,1271,1749,-478
119900244,603,1458,-855
119900245,147,234,-87
119900246,399,553,-154
119900247,22,151,-129
119900248,94,147,-53
119900249,203,119,84
119900253,2787,403,2384
119900254,74,532,-458
119900255,92,583,-491
119900256,547,896,-349
119900257,83,2,81
119900258,96,5,91
119900259,6,119,-113
119900260,83,12,71
119900261,494,167,327
119900262,15,286,-271
119900263,1002,355,647
119900264,162,255,-93
119900265,586,407,179
119900266,359,298,61
119900267,252,537,-285
119900268,427,186,241
119900269,1099,1241,-142
119900271,31,108,-77
119900272,372,189,183
119900275,84,20,64
119900276,40,0,40
119900277,8,6,2
119900278,265,85,180
119900279,107,381,-274
119900280,836,157,679
119900281,2,230,-228
119900282,58,117,-59
119900283,8,263,-255
119900284,39,210,-171
119900285,18,50,-32
119900286,6,7,-1
119900288,1,20,-19
119900289,1,21,-20
119900290,9,22,-13
119900291,2,69,-67
119900292,31,58,-27
119900293,23,95,-72
119900294,32,80,-48
119900295,33,53,-20
119900296,52,249,-197
119900297,3,21,-18
119900298,18,9,9
119900299,224,152,72
119900300,609,152,457
119900301,57,13,44
119900302,48,83,-35
119900303,429,427,2
119900304,238,87,151
119900305,22,116,-94
119900306,18,1,17
119900307,71,85,-14
119900308,9,32,-23
119900309,33,183,-150
119900310,228,315,-87
119900311,51,164,-113
119900312,73,97,-24
119900313,333,309,24
119900314,144,335,-191
119900315,1248,1920,-672
119900318,9,23,-14
119900319,5,259,-254
119900320,138,472,-334
119900321,76,2,74
120000001,5725,12277,-6552
120000002,3012,3386,-374
120000003,3501,2015,1486
120000004,3130,2665,465
120000005,4819,2383,2436
120000006,1170,1556,-386
120000007,3581,3106,475
120000008,1060,1518,-458
120000009,3345,1028,2317
120000010,1774,2802,-1028
120000011,1027,1807,-780
120000012,1442,2799,-1357
120000013,2757,2951,-194
120000014,690,1421,-731
120000015,2673,1571,1102
120000016,3128,2314,814
120000017,2915,2215,700
120000018,3830,9183,-5353
120000019,967,1357,-390
120000020,3137,2997,140
120000021,1909,2239,-330
120000022,3068,3986,-918
120000023,1075,1821,-746
120000024,1484,2520,-1036
120000025,2765,2273,492
120000026,1815,2008,-193
120000027,2004,2369,-365
120000028,845,821,24
120000029,2881,808,2073
120000030,2857,1018,1839
120000031,2076,5755,-3679
120000032,8295,4842,3453
120000033,4818,2150,2668
120000034,1621,2009,-388
120000035,1815,2229,-414
120000036,2820,4993,-2173
120000037,789,1491,-702
120000038,6833,3374,3459
120000039,671,979,-308
120000040,657,307,350
120000041,1941,1371,570
120000042,2526,2543,-17
120000043,4290,1823,2467
120000044,4171,1615,2556
120000045,4552,1211,3341
120000046,2751,2459,292
120000047,1124,4077,-2953
120000048,6785,4020,2765
120000049,3040,2789,251
120000050,3786,4095,-309
120000051,3056,4364,-1308
120000052,8703,2899,5804
120000053,1378,2805,-1427
120000054,1460,4384,-2924
120000055,2086,4849,-2763
120000056,3768,3679,89
120000057,2845,801,2044
120000058,4411,787,3624
120000059,21,1574,-1553
120000061,161,658,-497
120000062,249,283,-34
120000063,1759,2802,-1043
120000064,268,1258,-990
120000065,640,1635,-995
120000066,336,484,-148
120000067,70,493,-423
120000068,244,935,-691
120000069,721,1234,-513
120000070,104,821,-717
120000071,406,173,233
120000072,664,524,140
120000073,823,91,732
120000074,148,95,53
120000075,860,382,478
120000076,1678,409,1269
120000077,1706,644,1062
120000078,3312,1222,2090
120000079,480,537,-57
120000080,291,333,-42
120000081,485,224,261
120000082,301,312,-11
120000083,234,752,-518
120000084,355,415,-60
120000085,357,396,-39
120000086,378,679,-301
120000087,217,693,-476
120000088,817,1220,-403
120000089,1089,735,354
120000090,821,547,274
120000091,1455,1100,355
120000092,1283,688,595
120000093,440,489,-49
120000094,203,726,-523
120000095,1131,584,547
120000096,216,824,-608
120000098,1467,1096,371
120000099,571,913,-342
120000100,737,1027,-290
120000101,527,472,55
120000102,461,764,-303
120000103,1517,829,688
120000104,1470,503,967
120000105,2636,802,1834
120000106,2589,761,1828
120000107,3257,672,2585
120000108,1093,152,941
120000109,1053,106,947
120000110,100,976,-876
120000111,106,1166,-1060
120000112,979,2927,-1948
120000113,1210,2414,-1204
120000114,1119,3046,-1927
120000115,341,2435,-2094
120000116,990,2212,-1222
120000117,1219,1538,-319
120000118,56,29,27
120000119,28,98,-70
120000120,62,68,-6
120000121,47,69,-22
120000122,243,324,-81
120000123,5526,4754,772
120000124,424,374,50
120000125,432,662,-230
120000126,449,800,-351
120000127,2915,887,2028
120000128,3799,3423,376
120000129,348,308,40
120000130,784,526,258
120000131,315,645,-330
120000134,457,1313,-856
120000135,531,616,-85
120000137,238,1365,-1127
120000138,845,485,360
120000139,491,751,-260
120000140,891,594,297
120000141,1161,514,647
120000142,1322,653,669
120000143,3,137,-134
120000144,107,3,104
120000145,386,1,385
120000146,1464,979,485
120000149,642,1251,-609
120000150,3743,11360,-7617
120000151,392,575,-183
120000152,335,207,128
120000153,294,603,-309
120000154,562,406,156
120000155,116,266,-150
120000156,976,1189,-213
120000157,993,648,345
120000158,989,912,77
120000159,2320,2684,-364
120000160,2364,1454,910
120000161,1969,2400,-431
120000162,94,265,-171
120000163,638,1600,-962
120000164,486,504,-18
120000165,521,918,-397
120000166,1315,515,800
120000167,55,87,-32
120000168,4,281,-277
120000169,42,1002,-960
120000170,40,593,-553
120000171,13,230,-217
120000172,47,165,-118
120000173,2521,633,1888
120000174,414,68,346
120000175,326,32,294
120000176,747,44,703
120000177,1157,131,1026
120000178,88,8,80
120000179,401,34,367
120000180,636,65,571
120000181,103,575,-472
120000182,70,385,-315
120000183,14,292,-278
120000184,116,921,-805
120000186,83,428,-345
120000187,52,183,-131
120000188,127,227,-100
120000190,1124,29,1095
120000191,1004,84,920
120000192,975,23,952
120000193,328,6,322
120000195,66,11,55
120000196,308,32,276
120000197,112,103,9
120000198,118,105,13
120000199,80,0,80
120000200,109,1,108
120000201,18,35,-17
120000202,9,55,-46
120000203,37,251,-214
120000207,0,56,-56
120000208,14,235,-221
120000209,6,56,-50
120000210,120,102,18
120000211,143,3,140
120000212,196,0,196
120000213,129,325,-196
120000214,0,335,-335
120000215,5,132,-127
120000216,55,22,33
120000217,695,969,-274
120000218,197,829,-632
120000219,10,501,-491
120000220,2,1707,-1705
120000225,1382,10,1372
120000226,304,7,297
120000227,816,43,773
120000228,7273,3057,4216
120000230,277,10,267
120000231,1071,2207,-1136
120000233,210,23,187
120000235,249,765,-516
120000236,804,1,803
120000237,1,1217,-1216
120000238,1,409,-408
120000241,1181,2971,-1790
120000412,1252,16,1236
120000413,327,288,39
120000414,125,4,121
120000415,5,146,-141
120000416,368,9,359
120000417,18,142,-124
120000418,141,26,115
120000419,20,340,-320
120000420,55,38,17
120000421,10692,6124,4568
120000422,131,970,-839
120000423,15,44,-29
120000424,74,177,-103
120000436,167,699,-532
120000437,149,143,6
120000438,3242,371,2871
120000439,169,463,-294
120000443,173,0,173
120000444,1295,509,786
120000445,1762,1091,671
120000446,765,239,526
120000447,162,3,159
120000449,129,16,113
120000450,1,285,-284
120000451,115,239,-124
120000452,52,2,50
120000453,2,243,-241
120000454,62,66,-4
120000455,101,52,49
120000456,2431,3517,-1086
120000457,919,541,378
120000458,482,775,-293
120000459,61,65,-4
120000665,966,284,682
120000668,172,529,-357
120000669,64,153,-89
120000670,269,431,-162
120000671,1327,421,906
120000672,110,671,-561
120900001,47,96,-49
120900002,478,493,-15
120900003,323,20,303
120900004,15,61,-46
120900005,27,977,-950
120900006,412,198,214
120900007,139,101,38
120900008,238,1022,-784
120900009,708,44,664
120900010,353,118,235
120900011,270,211,59
120900012,367,1040,-673
120900013,231,96,135
120900014,3,534,-531
120900015,1247,91,1156
120900016,655,50,605
120900017,2435,125,2310
120900018,84,460,-376
120900019,617,340,277
120900020,802,1194,-392
120900021,594,165,429
120900022,34,408,-374
120900023,282,35,247
120900024,2053,591,1462
120900025,1725,1151,574
120900026,178,189,-11
120900027,782,14,768
120900028,323,88,235
120900029,223,430,-207
120900030,1122,678,444
120900031,217,107,110
120900032,852,130,722
120900033,945,74,871
120900034,58,2432,-2374
120900035,52,78,-26
120900037,240,13,227
120900038,52,299,-247
120900039,88,35,53
120900040,364,1,363
120900041,148,44,104
120900042,469,61,408
120900043,57,33,24
120900044,19,399,-380
120900045,185,96,89
120900046,347,7,340
120900047,245,104,141
120900048,118,25,93
120900049,353,2,351
120900050,2367,1321,1046
120900051,323,108,215
120900052,502,6,496
120900053,253,99,154
120900054,1783,580,1203
120900055,368,2,366
120900056,523,33,490
120900057,90,24,66
120900058,475,0,475
120900059,86,5,81
120900060,78,42,36
120900061,263,268,-5
120900062,229,0,229
120900063,555,7,548
120900064,564,2,562
120900065,399,5,394
120900066,314,290,24
120900067,231,61,170
120900068,168,1,167
120900069,213,71,142
120900071,35,0,35
120900072,755,9,746
120900073,432,197,235
120900074,432,25,407
120900076,279,0,279
120900077,2850,376,2474
120900078,709,775,-66
120900079,674,97,577
120900080,737,1874,-1137
120900081,948,852,96
120900082,590,431,159
120900083,186,88,98
120900084,243,439,-196
120900085,100,138,-38
120900086,131,280,-149
120900087,370,321,49
120900088,145,323,-178
120900089,3469,2225,1244
120900090,211,171,40
120900091,735,817,-82
120900092,1422,514,908
120900093,2610,237,2373
120900094,499,213,286
120900095,433,26,407
120900096,49,246,-197
120900097,551,783,-232
120900098,322,215,107
120900099,103,75,28
120900100,134,340,-206
120900101,808,327,481
120900102,37,108,-71
120900103,68,213,-145
120900104,20,46,-26
120900105,52,599,-547
120900106,1463,601,862
120900107,264,148,116
120900108,9,598,-589
120900109,84,640,-556
120900110,16,732,-716
120900111,155,377,-222
120900112,31,846,-815
120900113,13,918,-905
120900114,42,175,-133
120900115,140,254,-114
120900116,249,389,-140
120900117,5,549,-544
120900118,7,639,-632
120900119,3608,4752,-1144
120900120,80,570,-490
120900121,187,564,-377
120900122,442,448,-6
120900123,4,485,-481
120900124,2,563,-561
120900125,0,701,-701
120900126,1902,1376,526
120900127,10,556,-546
120900128,1382,1511,-129
120900129,65,342,-277
120900130,7,563,-556
120900131,53,47,6
120900132,788,272,516
120900133,167,945,-778
120900134,942,459,483
120900135,21,641,-620
120900136,32,72,-40
120900137,181,112,69
120900138,15,221,-206
120900139,7,669,-662
120900140,4,74,-70
120900141,181,195,-14
120900142,21,506,-485
120900143,2,941,-939
120900144,0,166,-166
120900145,538,915,-377
120900146,6,963,-957
120900147,1,535,-534
120900148,109,173,-64
120900149,1,337,-336
120900150,44,589,-545
120900151,2,689,-687
120900152,0,36,-36
120900153,33,76,-43
120900154,0,266,-266
120900155,135,1026,-891
120900156,48,332,-284
120900157,80,199,-119
120900158,42,655,-613
120900159,228,403,-175
120900160,26,700,-674
120900161,52,494,-442
120900162,39,606,-567
120900163,41,555,-514
120900164,4,26,-22
120900165,7,52,-45
120900166,91,388,-297
120900167,383,138,245
120900169,92,397,-305
120900170,1341,2361,-1020
120900171,1183,382,801
120900172,815,688,127
120900173,0,71,-71
120900174,7,130,-123
120900175,289,164,125
120900176,11,343,-332
120900177,4,954,-950
120900178,1,459,-458
120900179,1070,486,584
120900180,102,132,-30
120900181,76,54,22
120900182,28,254,-226
120900183,341,87,254
120900184,187,61,126
120900185,9,276,-267
120900186,2,451,-449
120900187,500,1246,-746
120900188,229,20,209
120900189,120,1069,-949
120900190,57,9,48
120900191,14,15,-1
120900192,11179,6020,5159
120900194,40,98,-58
120900195,84,265,-181
120900196,938,36,902
120900197,575,114,461
120900198,231,558,-327
120900199,368,444,-76
120900200,95,125,-30
120900201,496,162,334
120900202,3,180,-177
120900203,31,111,-80
120900204,190,293,-103
120900205,60,74,-14
120900206,24,67,-43
120900207,139,1301,-1162
121000001,757,1076,-319
121000002,2293,1166,1127
121000003,2787,1833,954
121000004,2827,3222,-395
121000005,2091,2838,-747
121000006,4012,1701,2311
121000007,2606,3008,-402
121000008,5309,3443,1866
121000009,5427,5482,-55
121000010,8650,5512,3138
121000011,9539,12439,-2900
121000012,16803,10542,6261
121000013,5251,7382,-2131
121000014,6623,5929,694
121000015,4318,7265,-2947
121000016,4770,3472,1298
121000017,1955,4102,-2147
121000018,2640,1854,786
121000019,18437,13238,5199
121000020,13468,15785,-2317
121000021,3740,3088,652
121000022,3143,2811,332
121000023,4502,3125,1377
121000024,5057,4876,181
121000025,682,1523,-841
121000026,382,167,215
121000027,1859,1158,701
121000028,927,601,326
121000029,1200,756,444
121000030,664,438,226
121000031,708,704,4
121000032,216,129,87
121000034,610,243,367
121000035,200,136,64
121000036,1277,899,378
121000037,596,662,-66
121000038,670,966,-296
121000039,392,491,-99
121000041,700,490,210
121000042,405,455,-50
121000043,771,673,98
121000044,1517,908,609
121000045,478,261,217
121000046,608,979,-371
121000047,85,107,-22
121000049,1908,606,1302
121000050,334,1234,-900
121000051,773,320,453
121000052,420,673,-253
121000053,512,116,396
121000054,67,399,-332
121000055,1255,1207,48
121000056,977,1109,-132
121000057,443,556,-113
121000058,522,228,294
121000059,2120,1443,677
121000060,677,1023,-346
121000061,131,227,-96
121000062,512,416,96
121000063,866,811,55
121000064,860,972,-112
121000065,489,586,-97
121000066,989,667,322
121000067,937,704,233
121000068,882,503,379
121000069,977,981,-4
121000070,2819,1442,1377
121000071,1717,1353,364
121000072,2305,776,1529
121000073,1468,975,493
121000074,345,156,189
121000075,73,532,-459
121000076,1671,646,1025
121000077,246,208,38
121000078,153,181,-28
121000080,2609,722,1887
121000081,4089,3054,1035
121000082,133,327,-194
121000083,278,155,123
121000084,192,216,-24
121000085,324,503,-179
121000086,259,762,-503
121000087,110,446,-336
121000088,527,634,-107
121000089,444,391,53
121000090,498,441,57
121000091,1812,998,814
121000092,238,104,134
121000093,193,288,-95
121000094,662,779,-117
121000095,421,695,-274
121000096,2520,2530,-10
121000097,1034,2271,-1237
121000098,633,1176,-543
121000099,805,887,-82
121000100,1023,672,351
121000101,382,314,68
121000102,300,487,-187
121000103,300,271,29
121000104,298,249,49
121000105,512,444,68
121000106,325,386,-61
121000107,1923,3317,-1394
121000109,1293,1163,130
121000110,349,759,-410
121000114,2719,1992,727
121000115,882,819,63
121000116,301,901,-600
121000117,952,299,653
121000118,1498,248,1250
121000119,432,481,-49
121000120,300,497,-197
121000121,653,1165,-512
121000123,1795,649,1146
121000127,173,127,46
121000128,970,632,338
121000129,833,778,55
121000130,652,881,-229
121000131,2703,2194,509
121000132,1860,1805,55
121000135,452,429,23
121000136,2106,763,1343
121000137,569,309,260
121000138,1255,1039,216
121000139,731,317,414
121000141,239,139,100
121000142,830,1216,-386
121000143,136,46,90
121000144,1091,2010,-919
121000145,635,1300,-665
121000146,1368,1032,336
121000147,1032,570,462
121000148,1059,1341,-282
121000149,2187,1429,758
121000152,735,697,38
121000153,2022,714,1308
121000154,895,706,189
121000155,1502,1199,303
121000156,446,1010,-564
121000157,1173,1972,-799
121000158,717,615,102
121000159,208,468,-260
121000160,345,536,-191
121000161,227,242,-15
121000162,92,162,-70
121000165,1767,2002,-235
121000166,25,510,-485
121000168,505,294,211
121000169,113,253,-140
121000170,340,108,232
121000171,91,180,-89
121000172,804,585,219
121000173,1322,1144,178
121000174,404,493,-89
121000175,1006,414,592
121000176,419,282,137
121000177,1118,775,343
121000178,138,82,56
121000179,112,91,21
121000181,606,562,44
121000182,136,314,-178
121000183,244,98,146
121000184,100,80,20
121000185,37,168,-131
121000186,215,523,-308
121000187,193,221,-28
121000188,180,269,-89
121000192,860,474,386
121000193,639,642,-3
121000194,2628,2175,453
121000195,284,980,-696
121000196,812,308,504
121000197,209,639,-430
121000198,185,132,53
121000199,178,341,-163
121000200,469,93,376
121000201,12,196,-184
121000202,747,86,661
121000203,983,2362,-1379
121000204,2718,748,1970
121000205,230,218,12
121000206,137,34,103
121000207,1970,309,1661
121000208,8,275,-267
121000209,413,368,45
121000210,519,441,78
121000211,365,186,179
121000212,443,547,-104
121000213,9039,2951,6088
121000214,760,2282,-1522
121000215,1167,1019,148
121000216,632,660,-28
121000217,4009,2713,1296
121000218,468,1522,-1054
121000219,1497,424,1073
121000220,187,46,141
121000221,133,180,-47
121000222,2444,2012,432
121000223,1077,452,625
121000224,489,200,289
121000225,1887,1713,174
121000226,2958,997,1961
121000227,14,153,-139
121000228,30,596,-566
121000229,276,346,-70
121000230,77,1517,-1440
121000231,969,54,915
121000232,483,299,184
121000233,586,380,206
121000234,13,50,-37
121000235,65,81,-16
121000236,8,38,-30
121000237,97,27,70
121000238,12,76,-64
121000239,70,10,60
121000240,7,171,-164
121000241,124,13,111
121000242,96,324,-228
121000243,643,228,415
121000244,13,106,-93
121000245,117,41,76
121000246,1,150,-149
121000247,71,3,68
121000248,1788,564,1224
121000249,90,244,-154
121000250,508,202,306
121000251,32,363,-331
121000252,107,64,43
121000253,518,406,112
121000254,667,280,387
121000255,353,183,170
121000256,486,236,250
121000257,79,132,-53
121000258,161,62,99
121000259,87,67,20
121000260,227,141,86
121000261,330,64,266
121000262,1038,732,306
121000263,1012,448,564
121000271,345,1577,-1232
121000273,78,12,66
121000274,2,34,-32
121000275,3,25,-22
121000276,8,18,-10
121000278,37,42,-5
121000279,28,7,21
121000280,56,42,14
121000289,231,16,215
121000290,1190,908,282
121000294,142,141,1
121000297,1228,1143,85
121000299,258,386,-128
121000300,995,558,437
121000302,45,1140,-1095
121000303,424,436,-12
121000304,578,57,521
121000305,186,66,120
121000306,109,147,-38
121000308,187,371,-184
121000309,407,515,-108
121000310,109,386,-277
121000311,85,870,-785
121000312,303,217,86
121000313,307,490,-183
121000314,161,162,-1
121000315,80,143,-63
121000530,1365,1344,21
121000531,2065,1641,424
121000532,6229,7186,-957
121000533,3295,3605,-310
121000918,70,160,-90
121000919,69,72,-3
121000938,159,289,-130
121000939,242,277,-35
121000956,1304,1035,269
121000957,8,8,0
121000958,90,39,51
121000959,632,937,-305
121000960,2008,2479,-471
121000961,282,174,108
121000962,373,576,-203
121000973,2,115,-113
121000976,22,229,-207
121000979,530,215,315
121000981,386,428,-42
121000982,382,174,208
121000983,392,467,-75
121000984,51,82,-31
121000985,585,406,179
121000986,263,226,37
121000987,323,945,-622
121000988,681,154,527
121001302,336,146,190
121001308,0,7,-7
121001309,89,82,7
121001311,0,0,0
121001313,337,257,80
121001314,2198,2882,-684
121001315,4434,2279,2155
121001326,728,377,351
121900001,274,230,44
121900002,51,29,22
121900003,460,22,438
121900004,177,331,-154
121900005,34,5,29
121900006,120,17,103
121900007,1872,2487,-615
121900008,1822,801,1021
121900009,623,19,604
121900010,285,3,282
121900011,210,344,-134
121900012,9,0,9
121900013,1575,121,1454
121900014,1106,391,715
121900015,260,199,61
121900016,11,36,-25
121900017,2028,471,1557
121900018,327,10,317
121900019,440,246,194
121900020,20,1,19
121900021,1027,27,1000
121900022,265,232,33
121900023,114,294,-180
121900024,332,157,175
121900025,619,369,250
121900026,359,56,303
121900027,313,113,200
121900028,280,19,261
121900029,92,195,-103
121900030,405,602,-197
121900031,1138,5497,-4359
121900032,98,78,20
121900033,243,168,75
121900034,408,96,312
121900035,2698,2318,380
121900036,62,255,-193
121900037,187,787,-600
121900038,29,139,-110
121900039,406,76,330
121900040,83,110,-27
121900041,104,120,-16
121900042,373,120,253
121900043,8,4,4
121900044,196,53,143
121900046,302,374,-72
121900047,236,81,155
121900048,34,112,-78
121900050,37,60,-23
121900051,172,160,12
121900052,143,61,82
121900053,752,341,411
121900054,619,1048,-429
121900055,23,18,5
121900058,262,161,101
121900059,443,204,239
121900060,136,335,-199
121900061,211,172,39
121900062,160,102,58
121900063,1352,409,943
121900064,259,654,-395
121900066,73,38,35
121900067,111,79,32
121900069,252,144,108
121900070,167,66,101
121900071,316,482,-166
121900072,54,126,-72
121900073,236,203,33
121900074,769,1063,-294
121900075,487,438,49
121900076,333,600,-267
121900078,89,27,62
121900079,6,0,6
121900080,1139,545,594
121900082,65,73,-8
121900084,23,181,-158
121900086,7,52,-45
121900087,207,100,107
121900088,1708,3080,-1372
121900089,186,392,-206
121900090,194,142,52
121900091,72,121,-49
121900092,91,102,-11
121900093,84,88,-4
121900094,28,5,23
121900095,288,134,154
121900096,1411,890,521
121900097,571,372,199
121900098,8,0,8
121900099,237,83,154
121900100,272,509,-237
121900101,121,178,-57
121900102,14,148,-134
121900103,547,266,281
121900104,1594,418,1176
121900105,277,190,87
121900106,6,0,6
121900107,52,20,32
121900108,6,24,-18
121900109,310,169,141
121900110,415,951,-536
121900111,877,163,714
121900112,221,152,69
121900113,79,343,-264
121900114,73,83,-10
121900117,185,39,146
121900118,2022,897,1125
121900119,429,136,293
121900120,64,1346,-1282
121900121,531,40,491
121900122,53,104,-51
121900123,275,432,-157
121900124,449,143,306
121900125,1759,1067,692
121900127,28,103,-75
121900128,94,138,-44
121900129,685,214,471
121900130,103,242,-139
121900131,532,91,441
121900132,76,111,-35
121900133,137,932,-795
121900134,52,207,-155
121900135,2435,442,1993
121900136,1126,467,659
121900137,67,408,-341
121900138,142,155,-13
121900139,438,562,-124
121900140,78,237,-159
121900141,69,42,27
121900142,142,170,-28
121900143,20,180,-160
121900144,127,294,-167
121900145,330,189,141
121900146,722,810,-88
121900147,93,190,-97
121900148,249,342,-93
121900149,376,667,-291
121900150,112,160,-48
121900151,94,317,-223
121900152,100,151,-51
121900153,110,688,-578
121900154,26,320,-294
121900155,2,221,-219
121900156,164,91,73
121900157,1,428,-427
121900158,100,109,-9
121900159,2,225,-223
121900160,29,289,-260
121900161,420,403,17
121900162,91,178,-87
121900163,271,826,-555
121900164,438,213,225
121900165,294,180,114
121900166,181,202,-21
121900167,124,125,-1
121900168,193,351,-158
121900169,2,217,-215
121900170,5,229,-224
121900171,781,494,287
121900172,821,266,555
121900173,1159,281,878
121900174,48,66,-18
121900175,136,248,-112
121900176,607,1548,-941
121900177,181,73,108
121900178,40,73,-33
121900179,655,268,387
121900180,4157,3755,402
121900182,730,307,423
121900183,754,966,-212
121900184,74,623,-549
121900186,6,302,-296
121900187,54,201,-147
121900188,527,464,63
121900189,25,127,-102
121900190,216,550,-334
121900191,293,258,35
121900192,348,704,-356
121900193,77,198,-121
121900194,17,140,-123
121900195,77,95,-18
121900196,992,1081,-89
121900197,598,1504,-906
121900198,1156,1032,124
121900199,4,31,-27
121900200,98,374,-276
121900201,836,712,124
121900202,133,607,-474
121900203,221,921,-700
121900204,866,1516,-650
121900205,40,128,-88
121900206,26,25,1
121900207,135,31,104
121900208,208,258,-50
121900209,46,39,7
121900210,1312,1000,312
121900211,364,566,-202
121900212,434,124,310
121900213,179,67,112
121900214,5,426,-421
121900215,74,111,-37
121900216,40,133,-93
121900217,285,181,104
121900218,193,405,-212
121900220,171,11,160
121900221,257,640,-383
121900222,181,157,24
121900223,191,46,145
121900224,80,46,34
121900225,199,123,76
121900226,355,880,-525
121900227,279,573,-294
121900228,264,366,-102
121900230,161,303,-142
121900231,467,2158,-1691
121900232,248,543,-295
121900233,208,256,-48
121900234,238,291,-53
121900235,472,228,244
121900236,492,253,239
121900237,172,218,-46
121900238,226,278,-52
121900239,310,36,274
121900240,288,109,179
121900241,56,47,9
121900242,5,0,5
121900243,9,0,9
121900244,39,2,37
121900245,227,105,122
121900246,1982,272,1710
121900248,1603,1470,133
121900250,280,293,-13
121900251,342,45,297
121900252,637,134,503
121900253,184,849,-665
121900254,607,312,295
121900255,354,83,271
121900258,2747,2280,467
121900259,407,644,-237
121900260,81,135,-54
121900261,242,748,-506
121900262,406,884,-478
121900263,435,285,150
121900264,1812,1363,449
121900265,253,318,-65
121900266,557,188,369
121900267,95,30,65
121900269,209,838,-629
121900270,33,223,-190
121900271,43,170,-127
121900273,531,1813,-1282
121900274,283,224,59
121900277,590,1323,-733
121900278,110,902,-792
121900279,115,201,-86
121900280,133,289,-156
121900281,480,662,-182
121900284,65,7,58
121900286,199,151,48
121900287,15,26,-11
121900288,7,3,4
121900290,248,367,-119
121900291,442,642,-200
121900292,185,232,-47
121900293,1240,2798,-1558
121900294,341,5,336
121900295,151,241,-90
121900296,55,149,-94
121900298,389,700,-311
121900299,0,5,-5
121900300,189,8,181
121900301,145,0,145
121900302,0,33,-33
121900303,319,343,-24
121900304,1,25,-24
121900305,6,25,-19
121900306,275,14,261
121900307,104,18,86
121900308,50,305,-255
121900309,11,296,-285
121900310,60,566,-506
121900311,530,24,506
121900312,327,13,314
121900313,435,27,408
121900314,3,41,-38
121900315,27,0,27
121900316,0,45,-45
121900317,29,5,24
121900318,2,21,-19
121900319,76,133,-57
121900320,79,62,17
121900321,10,6,4
121900322,20,18,2
121900323,21,13,8
121900324,5,46,-41
121900325,15,0,15
121900326,2,20,-18
121900327,6,70,-64
121900328,0,42,-42
121900329,3,238,-235
121900330,3,20,-17
121900331,32,7,25
121900332,74,55,19
121900333,27,1,26
121900334,123,57,66
122000001,2598,5034,-2436
122000002,5292,1900,3392
122000003,2837,2904,-67
122000004,4173,1810,2363
122000005,2481,1791,690
122000006,1947,1042,905
122000007,1273,2077,-804
122000008,4265,5299,-1034
122000009,455,430,25
122000010,2487,2945,-458
122000011,3613,1601,2012
122000012,1447,1767,-320
122000013,1438,957,481
122000014,1570,1296,274
122000015,1611,1253,358
122000016,673,1048,-375
122000017,1228,1175,53
122000018,1677,1441,236
122000019,752,1189,-437
122000020,204,237,-33
122000021,361,476,-115
122000022,1508,958,550
122000023,840,1735,-895
122000024,953,1310,-357
122000025,1624,1737,-113
122000026,1476,1212,264
122000027,623,2609,-1986
122000028,994,565,429
122000029,607,489,118
122000030,384,148,236
122000031,260,284,-24
122000032,1859,2003,-144
122000033,723,1280,-557
122000034,860,615,245
122000035,376,926,-550
122000036,659,688,-29
122000037,360,270,90
122000038,309,356,-47
122000039,740,498,242
122000040,285,308,-23
122000041,581,585,-4
122000042,312,541,-229
122000043,149,194,-45
122000044,185,234,-49
122000045,1375,565,810
122000046,795,846,-51
122000047,354,294,60
122000048,5175,4703,472
122000049,5906,3638,2268
122000050,1640,845,795
122000051,352,280,72
122000052,656,471,185
122000053,239,677,-438
122000054,2711,2121,590
122000055,2414,3346,-932
122000056,5549,3886,1663
122000057,4172,3776,396
122000058,3250,1335,1915
122000059,3761,2008,1753
122000060,794,721,73
122000061,631,578,53
122000062,1529,369,1160
122000063,1343,752,591
122000064,3540,2855,685
122000065,4565,2574,1991
122000066,797,559,238
122000067,1817,1306,511
122000068,1726,1199,527
122000069,1276,744,532
122000070,1243,1810,-567
122000071,1400,1390,10
122000072,444,494,-50
122000073,423,743,-320
122000074,3462,1900,1562
122000075,891,1428,-537
122000076,2496,1215,1281
122000077,1226,828,398
122000078,2787,2943,-156
122000079,1912,1334,578
122000080,1014,481,533
122000081,248,376,-128
122000082,929,916,13
122000083,1500,2148,-648
122000084,2049,835,1214
122000085,415,1056,-641
122000086,2286,5002,-2716
122000087,472,195,277
122000088,327,445,-118
122000089,5462,2490,2972
122000090,231,394,-163
122000091,252,65,187
122000092,171,26,145
122000093,1918,1710,208
122000094,5994,2511,3483
122000095,2786,3788,-1002
122000096,1821,1778,43
122000098,3410,2133,1277
122000099,2047,639,1408
122000100,934,574,360
122000101,528,675,-147
122000102,2097,1420,677
122000103,2282,2230,52
122000104,574,255,319
122000105,1667,354,1313
122000106,475,777,-302
122000107,1434,491,943
122000108,489,939,-450
122000109,434,309,125
122000110,537,628,-91
122000111,2792,1348,1444
122000112,1014,1313,-299
122000113,784,764,20
122000114,3220,1441,1779
122000115,2190,1384,806
122000116,558,539,19
122000117,2527,511,2016
122000118,617,1027,-410
122000119,3408,2856,552
122000120,2129,4711,-2582
122000121,2243,3739,-1496
122000122,843,2092,-1249
122000123,1937,2247,-310
122000124,1121,704,417
122000125,865,824,41
122000126,737,1434,-697
122000127,1153,1718,-565
122000128,623,835,-212
122000129,619,1410,-791
122000130,3117,2007,1110
122000131,1391,1603,-212
122000132,660,769,-109
122000133,777,1120,-343
122000134,998,906,92
122000135,869,1031,-162
122000136,986,926,60
122000137,1165,1053,112
122000139,1559,3242,-1683
122000140,1273,744,529
122000141,3133,1000,2133
122000142,418,935,-517
122000143,525,569,-44
122000144,1400,1430,-30
122000145,1159,781,378
122000146,791,1004,-213
122000147,756,556,200
122000148,2425,2169,256
122000149,2242,2051,191
122000150,1276,1031,245
122000151,207,366,-159
122000152,401,440,-39
122000153,394,267,127
122000154,345,224,121
122000155,1945,2388,-443
122000156,2790,2764,26
122000157,2130,2093,37
122000158,440,782,-342
122000159,875,1665,-790
122000160,3529,2869,660
122000161,1201,1196,5
122000162,2296,1925,371
122000163,258,111,147
122000164,47,71,-24
122000165,1183,714,469
122000166,1276,1083,193
122000167,329,253,76
122000168,269,541,-272
122000169,513,185,328
122000170,357,243,114
122000171,37,89,-52
122000172,1544,1644,-100
122000173,1425,2474,-1049
122000174,2443,921,1522
122000175,1316,309,1007
122000176,440,807,-367
122000177,1421,1434,-13
122000178,2918,2309,609
122000179,1731,2751,-1020
122000180,2223,1513,710
122000181,2065,2972,-907
122000182,2086,1472,614
122000183,2098,1029,1069
122000184,3349,2514,835
122000185,1814,1835,-21
122000186,566,792,-226
122000187,1849,1034,815
122000188,476,214,262
122000189,245,317,-72
122000190,1120,1092,28
122000191,858,682,176
122000192,1104,335,769
122000193,421,716,-295
122000194,563,195,368
122000195,203,526,-323
122000196,1274,800,474
122000197,543,688,-145
122000198,605,923,-318
122000199,336,379,-43
122000200,1113,652,461
122000201,1696,1729,-33
122000202,1603,1439,164
122000203,3511,1530,1981
122000204,1980,2262,-282
122000205,1528,1603,-75
122000206,2509,1034,1475
122000207,2021,1361,660
122000208,2347,1465,882
122000209,1870,381,1489
122000210,2272,1811,461
122000211,1585,1214,371
122000212,1020,554,466
122000213,1302,1290,12
122000214,2271,1787,484
122000215,2142,1693,449
122000217,2745,1372,1373
122000218,751,99,652
122000219,1204,1026,178
122000220,485,710,-225
122000221,64,446,-382
122000222,652,145,507
122000223,1517,578,939
122000225,792,317,475
122000226,2534,1843,691
122000227,400,2604,-2204
122000228,531,466,65
122000229,178,575,-397
122000230,335,507,-172
122000231,664,825,-161
122000232,820,1082,-262
122000233,0,134,-134
122000234,364,160,204
122000235,602,132,470
122000236,1043,134,909
122000237,224,87,137
122000238,669,350,319
122000239,835,203,632
122000240,1237,785,452
122000241,1714,558,1156
122000242,686,183,503
122000243,277,114,163
122000244,78,544,-466
122000245,134,269,-135
122000246,439,284,155
122000247,830,735,95
122000248,1191,1709,-518
122000249,2271,999,1272
122000250,2335,1317,1018
122000251,243,510,-267
122000252,655,269,386
122000253,56,321,-265
122000254,337,204,133
122000255,872,1930,-1058
122000256,590,1106,-516
122000257,287,490,-203
122000258,203,231,-28
122000259,43,408,-365
122000260,10,72,-62
122000261,9,277,-268
122000262,3,73,-70
122000263,406,109,297
122000264,1199,429,770
122000265,2287,921,1366
122000266,4197,839,3358
122000267,132,126,6
122000268,166,584,-418
122000269,938,412,526
122000270,759,171,588
122000271,338,1128,-790
122000272,437,1035,-598
122000273,490,508,-18
122000274,288,230,58
122000275,118,242,-124
122000276,775,633,142
122000277,1425,1714,-289
122000278,2740,1299,1441
122000279,218,577,-359
122000280,986,879,107
122000281,895,972,-77
122000282,505,258,247
122000283,644,181,463
122000284,413,109,304
122000285,516,152,364
122000286,128,162,-34
122000287,510,363,147
122000288,1271,1290,-19
122000291,2076,1114,962
122000293,541,334,207
122000294,160,157,3
122000295,1740,487,1253
122000296,114,667,-553
122000297,2211,2625,-414
122000299,1130,377,753
122000300,534,694,-160
122000301,6673,2760,3913
122000302,828,1220,-392
122000303,3744,1436,2308
122000304,28,67,-39
122000305,1084,230,854
122000306,72,917,-845
122000307,221,239,-18
122000309,212,67,145
122000310,52,124,-72
122000311,388,177,211
122000312,158,165,-7
122000313,225,95,130
122000314,100,190,-90
122000315,250,61,189
122000316,659,219,440
122000317,1333,271,1062
122000318,286,524,-238
122000319,3012,1089,1923
122000320,321,659,-338
122000321,136,205,-69
122000322,2719,2298,421
122000323,1865,2507,-642
122000324,1432,1190,242
122000325,1008,1728,-720
122000326,75,114,-39
122000327,594,746,-152
122000328,1016,783,233
122000330,1882,771,1111
122000332,217,383,-166
122000333,17,136,-119
122000337,1207,1493,-286
122000338,450,411,39
122000340,407,496,-89
122000342,1836,1126,710
122000343,503,1310,-807
122000344,79,12,67
122000345,12,25,-13
122000346,485,504,-19
122000348,824,809,15
122000349,137,703,-566
122000351,142,249,-107
122000352,423,127,296
122000353,63,148,-85
122000355,175,281,-106
122000356,1524,1153,371
122000357,98,60,38
122000358,0,50,-50
122000359,0,39,-39
122000360,1,62,-61
122000362,10,86,-76
122000364,142,325,-183
122000365,2,41,-39
122000366,9,5,4
122000368,472,665,-193
122000370,35,55,-20
122000371,29,0,29
122000372,17,1,16
122000381,95,362,-267
122000382,111,284,-173
122000384,3239,1406,1833
122000385,99,0,99
122000386,480,933,-453
122000387,556,619,-63
122000388,1940,1182,758
122000389,159,634,-475
122000390,478,262,216
122000391,422,197,225
122000392,333,236,97
122000393,153,186,-33
122000394,589,324,265
122000395,162,194,-32
122000396,358,134,224
122000397,105,63,42
122000398,45,54,-9
122000399,213,88,125
122000400,184,549,-365
122000401,149,88,61
122000402,271,111,160
122000403,397,848,-451
122000404,124,249,-125
122000408,999,1272,-273
122000503,12,89,-77
122000524,195,129,66
122000544,76,2437,-2361
122000614,258,257,1
122000616,354,2,352
122000640,118,141,-23
122000641,116,353,-237
122000642,1328,1131,197
122000643,57,112,-55
122000644,146,38,108
122000645,107,227,-120
122000651,1780,865,915
122000664,160,36,124
122000665,1275,753,522
122000666,672,1374,-702
122000673,39,240,-201
122000674,173,95,78
122000675,1936,1277,659
122000686,1397,1035,362
122000687,2225,353,1872
122000688,283,963,-680
122000689,792,452,340
122000690,1932,521,1411
122000691,1171,1979,-808
122000692,1604,418,1186
122000693,596,1676,-1080
122000695,294,442,-148
122000696,395,287,108
122000698,350,846,-496
122000699,223,49,174
122000701,1314,351,963
122000702,550,1195,-645
122000703,178,60,118
122000717,216,69,147
122000718,790,985,-195
122000719,103,87,16
122000720,482,213,269
122000724,421,353,68
122900001,46,8,38
122900002,1215,2568,-1353
122900003,370,59,311
122900004,625,46,579
122900005,176,49,127
122900006,1054,279,775
122900007,932,944,-12
122900008,632,55,577
122900009,717,441,276
122900010,265,122,143
122900012,281,409,-128
122900014,143,354,-211
122900015,1819,741,1078
122900016,93,350,-257
122900017,1407,870,537
122900018,251,19,232
122900019,27,175,-148
122900020,161,177,-16
122900021,471,676,-205
122900022,884,699,185
122900023,353,153,200
122900024,188,126,62
122900025,28,336,-308
122900026,78,501,-423
122900027,144,1176,-1032
122900028,152,229,-77
122900029,4403,2919,1484
122900030,975,552,423
122900031,298,362,-64
122900032,81,354,-273
122900033,312,201,111
122900034,5084,4654,430
122900035,52,36,16
122900036,72,104,-32
122900037,366,143,223
122900038,185,2877,-2692
122900039,136,593,-457
122900040,290,429,-139
122900041,373,309,64
122900042,168,366,-198
122900043,390,230,160
122900044,95,319,-224
122900045,112,116,-4
122900046,225,187,38
122900047,174,214,-40
122900048,82,168,-86
122900049,1693,164,1529
122900051,99,152,-53
122900052,106,151,-45
122900053,56,36,20
122900055,405,158,247
122900057,295,79,216
122900061,497,185,312
122900062,560,645,-85
122900063,145,360,-215
122900064,1413,836,577
122900065,576,290,286
122900066,763,439,324
122900067,1657,875,782
122900069,1152,1339,-187
122900070,356,71,285
122900071,391,1208,-817
122900073,3,55,-52
122900074,683,601,82
122900076,9,249,-240
122900077,5,234,-229
122900078,216,136,80
122900080,225,52,173
122900081,190,307,-117
122900082,844,586,258
122900083,206,460,-254
122900084,67,293,-226
122900086,142,1509,-1367
122900087,281,537,-256
122900088,56,206,-150
122900089,42,364,-322
122900090,27,1091,-1064
122900091,264,1,263
122900092,1,167,-166
122900093,1,332,-331
122900094,3,321,-318
122900095,186,16,170
122900096,466,241,225
122900097,25,62,-37
122900098,213,240,-27
122900099,85,25,60
122900100,338,153,185
122900101,441,240,201
122900102,15,40,-25
122900103,134,8,126
122900104,110,4,106
122900105,14,40,-26
122900106,24,57,-33
122900107,6,92,-86
122900108,23,390,-367
122900109,227,108,119
123000001,1794,452,1342
123000002,3787,4346,-559
123000003,3851,3646,205
123000004,3493,4128,-635
123000005,2453,2952,-499
123000006,2333,2506,-173
123000007,4563,2916,1647
123000008,3364,3261,103
123000009,4457,2802,1655
123000010,3438,3502,-64
123000011,2748,779,1969
123000012,954,2238,-1284
123000013,3375,899,2476
123000014,1504,3188,-1684
123000015,3363,1116,2247
123000016,4823,3641,1182
123000017,3164,1930,1234
123000018,83,163,-80
123000019,276,289,-13
123000020,197,158,39
123000021,107,244,-137
123000022,366,2195,-1829
123000023,1752,1588,164
123000024,1611,723,888
123000025,412,233,179
123000026,210,92,118
123000027,318,520,-202
123000028,2268,444,1824
123000029,1996,993,1003
123000030,263,421,-158
123000031,219,307,-88
123000032,314,188,126
123000033,245,81,164
123000034,1297,1027,270
123000035,391,463,-72
123000036,375,1123,-748
123000037,626,382,244
123000038,51,188,-137
123000039,473,1360,-887
123000040,931,444,487
123000041,1289,1380,-91
123000042,1317,751,566
123000043,3134,8159,-5025
123000044,4858,2741,2117
123000045,7730,3009,4721
123000046,942,1432,-490
123000047,2373,1080,1293
123000048,136,629,-493
123000049,6728,8562,-1834
123000050,1377,1294,83
123000051,86,200,-114
123000052,744,3051,-2307
123000053,2531,3562,-1031
123000054,1414,1459,-45
123000055,1221,1887,-666
123000056,1314,1821,-507
123000057,11957,7130,4827
123000058,756,900,-144
123000059,574,617,-43
123000060,985,433,552
123000061,433,768,-335
123000063,739,876,-137
123000064,1047,315,732
123000065,6088,3046,3042
123000066,745,672,73
123000067,944,801,143
123000068,2805,2990,-185
123000069,7073,3492,3581
123000070,374,755,-381
123000071,907,1084,-177
123000072,1222,1154,68
123000073,1056,802,254
123000074,1038,1302,-264
123000075,395,1036,-641
123000076,961,816,145
123000077,2316,2911,-595
123000078,1486,1851,-365
123000079,1260,2085,-825
123000080,2102,1856,246
123000081,164,498,-334
123000082,415,1238,-823
123000083,909,245,664
123000084,711,664,47
123000085,222,107,115
123000086,488,240,248
123000087,308,323,-15
123000088,1734,1001,733
123000089,542,1245,-703
123000090,1123,1009,114
123000091,1601,1377,224
123000092,1009,1239,-230
123000094,576,268,308
123000095,568,751,-183
123000096,660,513,147
123000097,402,782,-380
123000098,782,611,171
123000099,715,766,-51
123000100,589,750,-161
123000101,603,742,-139
123000102,715,647,68
123000104,373,494,-121
123000105,537,492,45
123000106,536,398,138
123000107,396,544,-148
123000108,725,1261,-536
123000111,966,415,551
123000112,1059,612,447
123000113,561,1352,-791
123000114,460,711,-251
123000115,472,362,110
123000116,36,161,-125
123000117,2192,1816,376
123000118,503,892,-389
123000119,294,930,-636
123000120,678,790,-112
123000121,469,569,-100
123000122,297,249,48
123000123,455,631,-176
123000124,535,494,41
123000125,1108,1165,-57
123000126,1416,3467,-2051
123000127,1004,679,325
123000128,355,287,68
123000129,593,261,332
123000130,611,88,523
123000131,769,605,164
123000132,319,626,-307
123000133,331,455,-124
123000134,333,254,79
123000135,2259,1255,1004
123000136,341,869,-528
123000137,179,298,-119
123000138,85,437,-352
123000139,465,139,326
123000140,118,818,-700
123000141,813,149,664
123000142,987,1158,-171
123000143,1620,2153,-533
123000144,149,15,134
123000145,307,111,196
123000146,18,77,-59
123000147,84,126,-42
123000149,400,445,-45
123000150,207,247,-40
123000151,298,434,-136
123000152,309,386,-77
123000153,903,649,254
123000154,1733,1828,-95
123000155,2101,1142,959
123000156,50,144,-94
123000157,661,851,-190
123000158,626,924,-298
123000159,3207,2271,936
123000160,917,740,177
123000161,1583,1141,442
123000162,875,1806,-931
123000163,469,122,347
123000164,1378,415,963
123000165,500,1791,-1291
123000166,55,182,-127
123000167,163,328,-165
123000168,379,267,112
123000169,701,137,564
123000170,135,163,-28
123000171,559,35,524
123000172,503,600,-97
123000173,520,229,291
123000174,926,384,542
123000175,860,1278,-418
123000176,961,289,672
123000177,379,972,-593
123000178,877,179,698
123000179,62,633,-571
123000180,1571,345,1226
123000181,398,1852,-1454
123000182,239,457,-218
123000183,198,651,-453
123000184,258,693,-435
123000185,636,415,221
123000186,6,725,-719
123000187,705,9,696
123000188,181,2,179
123000189,237,221,16
123000190,67,81,-14
123000192,29,529,-500
123000193,97,1040,-943
123000194,587,552,35
123000195,282,53,229
123000196,310,53,257
123000197,79,188,-109
123000198,44,410,-366
123000199,9,639,-630
123000200,533,10,523
123000201,987,26,961
123000202,35,1258,-1223
123000203,992,63,929
123000204,82,1444,-1362
123000205,571,2155,-1584
123000206,1971,315,1656
123000207,118,1028,-910
123000208,411,236,175
123000209,2088,746,1342
123000210,615,2681,-2066
123000211,626,2916,-2290
123000212,2688,527,2161
123000213,737,112,625
123000215,111,242,-131
123000216,131,900,-769
123000217,178,40,138
123000218,91,635,-544
123000219,902,65,837
123000220,751,99,652
123000221,651,144,507
123000222,396,335,61
123000223,236,312,-76
123000224,504,610,-106
123000225,420,56,364
123000226,87,320,-233
123000227,106,339,-233
123000228,229,86,143
123000229,1408,1554,-146
123000232,364,615,-251
123000233,902,254,648
123000234,180,724,-544
123000235,850,408,442
123000236,222,805,-583
123000237,298,78,220
123000238,87,467,-380
123000239,537,1435,-898
123000240,57,442,-385
123000241,753,104,649
123000242,102,199,-97
123000243,798,1020,-222
123000244,880,781,99
123000245,46,202,-156
123000249,366,621,-255
123000252,816,229,587
123000253,1029,522,507
123000254,779,1297,-518
123000255,1090,1067,23
123000256,41,264,-223
123000257,3005,2168,837
123000258,1309,1020,289
123000259,357,445,-88
123000260,471,431,40
123000261,189,156,33
123000262,115,264,-149
123000263,328,120,208
123000264,175,87,88
123000265,55,204,-149
123000266,584,883,-299
123000267,438,323,115
123000268,50,83,-33
123000269,69,68,1
123000270,44,76,-32
123000271,95,102,-7
123000272,755,318,437
123000273,256,583,-327
123000274,1056,675,381
123000275,366,833,-467
123000278,4409,2469,1940
123000279,169,136,33
123000280,766,382,384
123000281,419,94,325
123000282,130,336,-206
123000283,114,89,25
123000284,53,98,-45
123000286,335,301,34
123000287,708,327,381
123000288,1517,804,713
123000289,503,1110,-607
123000291,372,966,-594
123000294,231,244,-13
123000295,970,762,208
123000296,541,474,67
123000297,664,800,-136
123000298,612,496,116
123000299,75,240,-165
123000300,830,813,17
123000301,177,243,-66
123000302,90,246,-156
123000303,96,159,-63
123000305,837,827,10
123000306,137,208,-71
123000309,66,89,-23
123000310,59,56,3
123000311,0,116,-116
123000312,651,1029,-378
123000313,557,322,235
123000315,82,358,-276
123000316,1243,368,875
123000317,215,54,161
123000318,95,225,-130
123000329,8,12,-4
123000337,1045,295,750
123000338,683,73,610
123000339,229,371,-142
123000340,235,609,-374
123000342,153,149,4
123000343,60,16,44
123000344,1243,589,654
123000345,374,752,-378
123000346,351,57,294
123000352,1435,848,587
123000353,38,157,-119
123000354,306,2,304
123000355,3,619,-616
123000356,385,8,377
123000357,4,162,-158
123000359,16,158,-142
123000360,231,85,146
123000361,377,309,68
123000362,300,109,191
123000363,115,161,-46
123000364,510,496,14
123000365,34,378,-344
123000366,458,1768,-1310
123000367,396,1093,-697
123000370,55,247,-192
123000371,1156,38,1118
123000372,429,17,412
123000373,9,426,-417
123000374,142,212,-70
123000375,676,55,621
123000376,906,670,236
123000377,255,22,233
123000378,30,257,-227
123000379,1,216,-215
123000380,38,352,-314
123000381,161,72,89
123000382,1138,111,1027
123000383,195,1132,-937
123000384,435,121,314
123000385,245,465,-220
123000436,61,885,-824
123000507,195,314,-119
123000508,227,861,-634
123000517,339,33,306
123000518,34,232,-198
123000519,179,85,94
123000520,75,220,-145
123000521,364,110,254
123000522,208,385,-177
123000541,8,2,6
123000542,0,14,-14
123000565,952,88,864
123000566,281,950,-669
123000567,122,288,-166
123000573,45,724,-679
123000574,616,70,546
123000575,1286,1148,138
123000576,703,1421,-718
123000577,50,576,-526
123000578,477,53,424
123000579,2871,4590,-1719
123000580,118,33,85
123000582,342,42,300
123000583,28,359,-331
123000584,142,303,-161
123000585,0,241,-241
123000586,66,0,66
123000596,138,122,16
123000597,65,118,-53
123000602,37,11,26
123000603,591,723,-132
123000604,454,890,-436
123000605,897,28,869
123000606,1,394,-393
123000609,22,314,-292
123000610,197,163,34
123000613,60,235,-175
123000614,207,59,148
123000615,99,194,-95
123000616,529,86,443
123000617,128,571,-443
123000618,95,630,-535
123000619,543,55,488
123000620,32,400,-368
123000622,329,23,306
123000624,164,85,79
123000630,1038,383,655
123000631,324,1445,-1121
123000632,742,877,-135
123000633,1,345,-344
123000634,68,127,-59
123000635,146,125,21
123000636,47,626,-579
123000637,222,19,203
123000638,560,47,513
123000639,882,3522,-2640
123000640,40,746,-706
123000648,423,124,299
123000649,69,588,-519
123900001,1058,60,998
123900002,31,1247,-1216
123900003,363,380,-17
123900005,196,179,17
123900006,245,50,195
124000001,1782,219,1563
124000002,67,1545,-1478
124000003,749,198,551
124000004,80,502,-422
124000005,936,462,474
124000006,206,1204,-998
124000007,536,131,405
124000008,12,491,-479
124000009,607,327,280
124000010,207,465,-258
124000011,1009,380,629
124000012,274,459,-185
124000017,230,210,20
124000018,127,73,54
124000019,144,199,-55
124000020,69,219,-150
124000021,142,116,26
124000022,124,198,-74
124000023,1445,1428,17
124000024,1104,537,567
124000025,1065,1658,-593
124000026,1048,914,134
124000027,3967,4725,-758
124000028,2253,3949,-1696
124000030,2918,1411,1507
124000031,1695,2826,-1131
124000032,2999,1243,1756
124000033,960,664,296
124000034,902,1285,-383
124000035,313,273,40
124000036,222,733,-511
124000037,556,1215,-659
124000038,70,180,-110
124000039,1274,619,655
124000040,562,1260,-698
124000041,418,99,319
124000042,186,455,-269
124000043,168,123,45
124000044,123,183,-60
124000045,779,688,91
124000046,365,725,-360
124000047,1418,1121,297
124000048,1207,1371,-164
124000049,2052,892,1160
124000050,1334,1916,-582
124000051,953,747,206
124000052,678,1076,-398
124000053,524,1564,-1040
124000054,951,561,390
124000055,1445,2620,-1175
124000056,2337,1640,697
124000057,990,650,340
124000058,516,1456,-940
124000059,573,1144,-571
124000060,1337,749,588
124000061,1448,5196,-3748
124000062,6336,2237,4099
124000063,1469,1802,-333
124000064,2664,1544,1120
124000065,164,488,-324
124000066,348,149,199
124000067,185,179,6
124000068,63,178,-115
124000069,848,280,568
124000070,281,496,-215
124000071,770,132,638
124000072,377,497,-120
124000073,910,245,665
124000074,284,782,-498
124000075,287,52,235
124000076,29,271,-242
124000077,2020,835,1185
124000078,3518,1626,1892
124000079,718,1230,-512
124000080,959,235,724
124000081,401,499,-98
124000082,55,207,-152
124000083,101,112,-11
124000084,117,411,-294
124000085,135,64,71
124000086,76,66,10
124000087,385,81,304
124000088,221,405,-184
124000089,801,477,324
124000090,177,359,-182
124000091,553,152,401
124000092,124,602,-478
124000093,163,139,24
124000094,242,423,-181
124000095,102,174,-72
124000096,117,231,-114
124000097,100,181,-81
124000098,86,134,-48
124000099,263,121,142
124000100,47,123,-76
124000101,67,161,-94
124000102,119,72,47
124000103,75,147,-72
124000104,113,88,25
124000105,88,173,-85
124000106,168,84,84
124000107,12,147,-135
124000108,63,45,18
124000109,137,169,-32
124000110,266,138,128
124000111,240,173,67
124000112,568,631,-63
124000113,79,178,-99
124000114,294,431,-137
124000115,462,647,-185
124000116,170,233,-63
124000117,70,90,-20
124000118,48,124,-76
124000119,951,500,451
124000120,496,412,84
124000121,2200,1034,1166
124000122,593,1399,-806
124000123,1054,546,508
124000124,468,1129,-661
124000125,343,597,-254
124000126,266,633,-367
124000127,739,559,180
124000128,576,1021,-445
124000129,2074,1605,469
124000130,796,633,163
124000131,1048,726,322
124000132,938,802,136
124000133,768,810,-42
124000134,883,674,209
124000135,1590,1919,-329
124000136,933,1100,-167
124000137,1145,846,299
124000138,1385,1253,132
124000139,1134,103,1031
124000140,132,678,-546
124000141,822,75,747
124000142,55,589,-534
124000143,150,33,117
124000144,15,210,-195
124000145,227,52,175
124000146,125,106,19
124000148,305,186,119
124000149,2044,584,1460
124000150,617,646,-29
124000151,1142,479,663
124000152,1057,1349,-292
124000153,892,826,66
124000154,696,765,-69
124000155,1557,1169,388
124000156,1854,1179,675
124000169,203,425,-222
124000170,564,421,143
124000171,239,231,8
124000172,364,557,-193
124000173,468,228,240
124000174,373,662,-289
124000175,10,155,-145
124000176,59,22,37
124000177,21,35,-14
124000178,47,42,5
124000185,37,12,25
124000186,7,56,-49
124000187,9,81,-72
124000188,50,5,45
124000190,127,51,76
124000191,163,138,25
124000192,2087,422,1665
124000193,618,752,-134
124000194,418,495,-77
124000195,270,649,-379
124000196,1374,1212,162
124000197,40,58,-18
124000198,29,61,-32
124000201,356,840,-484
124000202,559,385,174
124000203,656,585,71
124000204,717,393,324
124000205,317,479,-162
124000206,1452,373,1079
124000207,2,54,-52
124000209,323,477,-154
124000210,446,226,220
124000211,545,9,536
124000212,2,459,-457
124000213,472,323,149
124000214,312,502,-190
124000215,397,40,357
124000216,6,386,-380
124000329,202,1579,-1377
124000338,123,725,-602
124000339,963,204,759
124000341,1375,173,1202
124000344,66,4,62
124000357,878,2071,-1193
124000358,765,1448,-683
124000359,951,821,130
124000360,730,684,46
124000361,1664,809,855
124000362,1230,1565,-335
124000363,297,322,-25
124000364,618,794,-176
124000365,758,1052,-294
124000366,1742,840,902
124000367,118,522,-404
124000368,534,439,95
124000369,147,158,-11
124000370,90,509,-419
124000402,57,36,21
124000403,146,84,62
124000404,19,119,-100
124000405,957,1132,-175
124000406,828,864,-36
124000407,2,69,-67
124000411,6,378,-372
124000412,509,24,485
124000413,349,44,305
124000414,53,123,-70
124000415,49,140,-91
124000416,208,270,-62
124000417,174,137,37
124000418,185,119,66
124000419,109,120,-11
124000420,83,98,-15
124000421,43,170,-127
124000422,51,25,26
124000423,182,49,133
124000424,3,162,-159
124000425,191,19,172
124000426,10,220,-210
124000427,147,15,132
124000428,18,57,-39
124000429,74,84,-10
124000430,639,415,224
124000431,304,475,-171
124000432,258,695,-437
124000439,4,17,-13
124000443,1,10,-9
124000445,857,874,-17
124000446,1531,177,1354
124000447,21,164,-143
124000448,59,21,38
124000449,118,22,96
124000450,11,197,-186
124000451,5,86,-81
124900001,502,414,88
124900002,138,277,-139
124900003,1089,761,328
124900004,557,384,173
124900005,274,177,97
124900006,643,490,153
124900008,1242,687,555
124900009,209,408,-199
124900010,161,187,-26
124900011,491,326,165
124900012,383,183,200
124900013,586,186,400
124900014,612,93,519
124900015,119,372,-253
124900016,47,66,-19
124900017,605,1322,-717
124900018,58,23,35
124900020,123,61,62
124900021,509,86,423
124900022,122,14,108
124900024,336,36,300
124900026,132,43,89
124900027,105,375,-270
124900028,454,91,363
124900029,15,547,-532
124900030,4,92,-88
124900031,53,252,-199
124900032,181,307,-126
124900033,225,334,-109
124900034,2,93,-91
124900035,202,445,-243
124900036,5,58,-53
124900037,233,248,-15
124900038,291,394,-103
124900039,4,69,-65
124900040,88,60,28
124900041,293,1207,-914
124900042,165,3,162
124900043,628,1089,-461
124900044,70,4,66
124900045,578,1152,-574
124900047,163,194,-31
124900048,230,129,101
124900050,206,328,-122
124900052,116,370,-254
124900053,279,357,-78
124900054,1608,543,1065
124900055,1,153,-152
124900057,12,82,-70
124900060,61,190,-129
124900061,65,8,57
124900062,414,38,376
124900066,0,16,-16
124900067,4,182,-178
124900068,328,494,-166
124900070,92,37,55
124900072,103,46,57
124900075,215,274,-59
124900076,29,1136,-1107
124900077,25,115,-90
124900078,124,23,101
124900079,629,150,479
124900080,286,619,-333
124900081,927,345,582
124900082,399,927,-528
124900083,272,480,-208
124900085,1222,420,802
124900086,76,1286,-1210
124900087,697,108,589
124900088,658,115,543
124900089,1469,43,1426
124900090,249,299,-50
124900091,302,391,-89
124900092,269,284,-15
124900093,293,200,93
124900094,293,261,32
124900095,84,414,-330
124900096,503,308,195
124900097,315,95,220
124900098,172,355,-183
124900099,539,406,133
124900100,317,139,178
124900101,103,660,-557
124900102,235,49,186
124900103,153,220,-67
124900104,79,216,-137
124900105,117,130,-13
124900106,325,79,246
124900107,94,8,86
124900108,216,67,149
124900111,1,106,-105
124900112,55,479,-424
124900113,121,324,-203
124900114,224,167,57
124900115,350,47,303
124900116,186,157,29
124900117,404,122,282
124900118,248,291,-43
124900119,427,284,143
124900120,65,428,-363
124900121,158,459,-301
124900122,344,280,64
124900123,371,200,171
124900124,144,388,-244
204000001,102,8,94
204000002,41,7,34
204000003,16,11,5
204000004,7,4,3
204000005,683,600,83
204000006,1222,1234,-12
204000011,9,45,-36
204000012,79,119,-40
204000019,628,546,82
204000020,601,591,10
204000021,1650,750,900
204000022,519,444,75
204000023,542,912,-370
204000031,183,26,157
204000032,660,36,624
204000034,37,169,-132
204000035,2,3,-1
204000036,4,12,-8
204000037,2,9,-7
204000038,1,9,-8
204000039,8,31,-23
204000040,8,23,-15
204000041,7,21,-14
204000042,31,21,10
204000043,39,5,34
204000044,39,3,36
204000045,40,1,39
204000046,13,4,9
204000057,2,16,-14
204000062,35,66,-31
204000068,39,259,-220
204000069,51,286,-235
204000070,101,80,21
204000080,91,66,25
204000085,2028,2195,-167
204000086,2931,2147,784
204000087,44,9,35
204000088,5,96,-91
204000090,76,300,-224
204000093,271,65,206
204000096,910,1021,-111
204000097,404,32,372
204000099,1050,1319,-269
204000100,1262,2005,-743
204000105,2187,1443,744
204000110,621,1180,-559
204000111,509,681,-172
204000112,1330,586,744
204000113,419,692,-273
204000114,662,733,-71
204000115,541,395,146
204000116,1579,501,1078
204000119,1810,2603,-793
204000132,714,429,285
204000133,791,340,451
204000134,235,114,121
204000135,672,76,596
204000136,726,214,512
204000138,424,524,-100
204000140,282,179,103
204000141,168,80,88
204000144,27,17,10
204000145,479,33,446
204000146,28,339,-311
204000147,44,211,-167
204000148,290,34,256
204000154,8,9,-1
204000155,2,5,-3
204000177,70,56,14
204000179,18,8,10
204000180,0,49,-49
204000222,2,8,-6
204000235,12,14,-2
204000236,71,336,-265
204000238,14,43,-29
204000240,327,102,225
204000263,725,1069,-344
204000268,1080,721,359
204000308,204,43,161
204000317,13,81,-68
204000322,22,35,-13
204000323,13,6,7
204000328,239,71,168
204000329,83,228,-145
204000330,226,47,179
204000331,97,140,-43
205000001,1074,1840,-766
205000013,6,57,-51
205000014,16,78,-62
205000015,27,185,-158
205000016,34,169,-135
205000017,16,73,-57
205000022,383,828,-445
205000025,1333,1241,92
205000029,254,12,242
205000045,125,373,-248
205000046,95,596,-501
205000047,54,499,-445
205000048,349,1125,-776
205000049,232,868,-636
205000050,851,344,507
205000059,0,233,-233
205000060,0,71,-71
205000061,4,55,-51
205000062,5,81,-76
205000063,19,64,-45
205000064,15,72,-57
205000065,46,527,-481
205000066,99,664,-565
205000067,16,833,-817
205000069,207,21,186
205000082,133,158,-25
205000110,82,318,-236
205000111,205,268,-63
205000112,213,180,33
205000113,249,373,-124
205000121,230,47,183
205000123,43,199,-156
205000126,468,92,376
205000127,840,203,637
205000128,535,107,428
205000129,590,131,459
205000130,330,26,304
205000131,205,7,198
205000132,336,5,331
205000133,194,1,193
205000134,273,0,273
205000137,81,130,-49
205000138,153,311,-158
205000139,39,140,-101
205000144,133,90,43
205000145,336,177,159
205000151,156,34,122
205000152,281,28,253
205000153,276,41,235
205000154,79,30,49
205000155,108,13,95
205000207,8,168,-160
205000233,37,0,37
205000234,0,2,-2
205000243,0,0,0
205000244,0,5,-5
205000245,21,174,-153
205000249,0,28,-28
205000250,2,0,2
205000264,3,94,-91
206000027,6,4,2
206000028,5,2,3
206000043,7,42,-35
206000053,4,11,-7
206000054,2,19,-17
206000055,0,20,-20
206000075,7,15,-8
206000076,19,8,11
206000077,21,5,16
206000078,34,11,23
206000079,13,6,7
206000082,371,58,313
206000100,36,451,-415
206000103,5,21,-16
206000104,16,28,-12
206000105,5,8,-3
206000106,5,18,-13
206000125,56,1,55
206000157,66,504,-438
206000170,0,181,-181
206000171,2,183,-181
206000172,9,346,-337
206000173,4,206,-202
206000174,14,64,-50
206000175,4,110,-106
206000176,14,140,-126
206000177,3,135,-132
206000178,5,135,-130
206000179,7,73,-66
206000180,6,115,-109
206000181,21,120,-99
206000182,12,102,-90
206000183,12,416,-404
206000184,2,304,-302
206000185,9,159,-150
206000186,92,929,-837
206000223,8,188,-180
206000226,13,1,12
206000227,18,3,15
206000237,28,329,-301
206000238,35,529,-494
206000239,236,1776,-1540
206000240,1,68,-67
206000241,0,83,-83
206000242,13,225,-212
206000243,7,193,-186
206000244,34,489,-455
206000245,676,56,620
206000246,178,27,151
206000247,204,10,194
206000248,322,14,308
206000252,102,40,62
206000258,29,32,-3
206000315,28,5,23
206000317,531,79,452
206000318,436,54,382
206000319,1107,90,1017
206000320,149,29,120
206000321,146,18,128
206000322,379,21,358
206000323,129,9,120
206000324,121,5,116
206000325,160,13,147
206000326,183,3,180
206000327,301,11,290
206000328,140,4,136
206000329,198,6,192
206000330,55,3,52
206000331,128,9,119
206000332,39,4,35
206000333,489,3,486
206000334,238,5,233
206000335,0,21,-21
206000361,9,143,-134
206000392,3,18,-15
206000405,119,2,117
206000441,11,15,-4
206000498,51,17,34
206000515,102,37,65
206000530,238,45,193
206000531,207,181,26
206000532,1509,260,1249
206000535,268,1556,-1288
206000536,14,147,-133
206000537,24,137,-113
206000613,1332,190,1142
206000784,521,48,473
207000001,160,544,-384
207000002,106,291,-185
207000003,154,138,16
207000007,873,266,607
207000008,79,22,57
207000009,45,58,-13
207000010,410,493,-83
207000012,291,271,20
207000015,313,1257,-944
207000019,249,83,166
207000021,549,136,413
207000022,133,122,11
207000023,188,59,129
207000024,2,20,-18
207000025,19,62,-43
207000026,83,47,36
207000027,42,59,-17
207000028,64,222,-158
207000029,198,420,-222
207000033,200,370,-170
207000034,296,69,227
207000039,296,176,120
207000040,272,142,130
207000041,188,57,131
207000042,166,97,69
207000043,278,252,26
207000051,131,216,-85
207000052,227,161,66
207000053,433,520,-87
207000054,53,111,-58
207000055,170,141,29
207000056,318,348,-30
207000057,118,233,-115
207000058,211,306,-95
207000059,113,506,-393
207000060,64,207,-143
207000061,258,483,-225
207000062,284,48,236
207000063,336,135,201
207000064,355,141,214
207000065,311,182,129
207000066,221,136,85
207000067,47,117,-70
207000068,118,79,39
207000069,662,303,359
207000082,9,226,-217
207000083,69,261,-192
207000084,177,251,-74
207000085,236,20,216
207000086,198,8,190
207000106,33,49,-16
207000107,74,27,47
207000108,71,18,53
207000109,75,12,63
207000110,104,85,19
207000111,99,74,25
207000112,201,563,-362
207000114,23,53,-30
207000115,31,79,-48
207000116,57,340,-283
207000117,11,100,-89
207000118,7,79,-72
207000119,45,80,-35
207000123,226,37,189
207000124,74,29,45
207000125,60,55,5
207000126,103,69,34
207000134,89,142,-53
207000135,24,199,-175
207000148,62,278,-216
207000149,82,67,15
207000152,108,333,-225
207000153,838,1165,-327
207000154,413,178,235
207000159,118,177,-59
207000160,160,369,-209
207000238,2,157,-155
207000242,1,173,-172
207000248,59,30,29
207000249,150,37,113
207000250,787,92,695
207000251,109,95,14
207000252,139,62,77
207000278,70,93,-23
207000279,23,166,-143
207000280,522,76,446
207000281,149,913,-764
207000282,186,92,94
207000283,139,248,-109
207000284,112,207,-95
207000285,145,87,58
207000291,62,133,-71
207000304,97,64,33
207000306,81,351,-270
207000310,57,98,-41
207000353,308,6,302
207000356,29,28,1
207000357,11,17,-6
207000358,20,18,2
207000415,5,172,-167
207000417,29,3,26
207000418,115,121,-6
207000438,0,1,-1
207000439,985,611,374
207000446,172,6,166
207000460,30,14,16
207000466,256,135,121
207000467,221,141,80
207000468,45,327,-282
207000476,9,47,-38
207000477,660,48,612
207000478,1,38,-37
207000523,0,16,-16
207000524,124,4,120
207000527,110,146,-36
207000530,489,14,475
207000531,325,14,311
207000532,127,30,97
207000534,461,46,415
207000535,59,355,-296
207000537,22,145,-123
207000540,8,219,-211
207000541,7,292,-285
207000548,10,289,-279
207000549,347,16,331
207000561,182,174,8
207000562,50,184,-134
207000567,209,267,-58
207000568,193,80,113
207000569,421,733,-312
207000584,311,244,67
207000585,83,314,-231
207000587,134,33,101
207000616,0,152,-152
207000617,153,1,152
207000624,56,48,8
207000631,24,59,-35
207900008,210,110,100
208000001,667,947,-280
208000002,732,489,243
208000003,1183,485,698
208000004,1530,682,848
208000005,12,14,-2
208000019,602,1186,-584
208000020,137,532,-395
208000021,239,361,-122
208000022,1084,504,580
208000028,1128,790,338
208000033,661,726,-65
208000034,1018,1304,-286
208000037,225,14,211
208000040,170,238,-68
208000041,916,526,390
208000042,1356,746,610
208000047,145,277,-132
208000064,2221,1601,620
208000066,1762,2316,-554
208000070,288,408,-120
208000071,411,861,-450
208000072,309,1174,-865
208000080,305,311,-6
208000081,447,163,284
208000082,385,308,77
208000083,115,449,-334
208000084,12,16,-4
208000085,983,707,276
208000086,486,1178,-692
208000087,356,820,-464
208000089,1150,376,774
208000090,980,655,325
208000093,188,201,-13
208000094,875,394,481
208000095,650,413,237
208000104,872,988,-116
208000105,779,1109,-330
208000114,107,380,-273
208000115,467,464,3
208000116,501,994,-493
208000117,213,217,-4
208000118,98,153,-55
208000155,884,1131,-247
208000158,1356,3305,-1949
208000186,4044,4306,-262
208000204,670,905,-235
208000205,1388,1029,359
208000282,5912,3026,2886
209000004,413,199,214
209000005,75,30,45
209000006,508,149,359
209000007,260,289,-29
209000010,329,126,203
209000011,168,239,-71
209000012,332,157,175
209000013,280,287,-7
209000014,711,890,-179
209000025,274,44,230
209000026,595,134,461
209000027,506,742,-236
209000028,404,586,-182
209000029,527,584,-57
209000030,571,1135,-564
209000031,2316,1858,458
209000034,215,221,-6
209000035,172,175,-3
209000036,173,123,50
209000037,352,240,112
209000038,107,198,-91
209000039,59,138,-79
209000040,264,564,-300
209000041,196,484,-288
209000042,235,445,-210
209000043,693,917,-224
209000044,182,781,-599
209000045,1575,694,881
209000046,706,841,-135
209000047,520,218,302
209000048,553,312,241
209000049,84,145,-61
209000050,263,148,115
209000051,515,335,180
209000052,212,309,-97
209000062,35,100,-65
209000063,61,76,-15
209000064,106,72,34
209000065,81,32,49
209000066,79,36,43
209000067,105,39,66
209000080,24,244,-220
209000082,82,40,42
209000091,38,113,-75
209000093,53,32,21
209000094,231,245,-14
209000110,54,114,-60
209000111,434,1155,-721
209000112,714,974,-260
209000113,1247,930,317
209000114,590,458,132
209000115,116,159,-43
209000116,737,436,301
209000118,27,40,-13
209000119,57,17,40
209000121,203,482,-279
209000135,94,209,-115
209000142,603,1034,-431
209000143,98,91,7
209000144,32,93,-61
209000229,295,238,57
209000240,54,308,-254
209000259,182,135,47
209000260,34,751,-717
209000261,3,452,-449
209000262,1,411,-410
209000263,0,165,-165
209000264,0,90,-90
209000265,958,9,949
209000266,281,7,274
209000267,826,13,813
209000268,535,47,488
210000037,102,37,65
210000047,85,19,66
210000048,142,27,115
210000049,39,10,29
210000052,58,86,-28
210000053,28,65,-37
210000054,88,75,13
210000070,146,10,136
210000071,93,1,92
210000072,42,0,42
210000073,0,31,-31
210000074,2,85,-83
210000075,3,136,-133
210000076,9,153,-144
210000077,36,41,-5
210000078,34,35,-1
210000079,34,18,16
210000080,119,76,43
210000081,166,31,135
210000082,162,1,161
210000083,85,2,83
210000084,53,0,53
210000085,5,65,-60
210000086,1,115,-114
210000099,44,282,-238
210000100,30,209,-179
210000101,75,239,-164
210000105,48,161,-113
210000159,1,124,-123
210000163,159,219,-60
210000164,327,196,131
210000168,164,62,102
210000187,0,6,-6
210000188,0,9,-9
210000214,76,0,76
210000219,28,49,-21
210000220,106,39,67
210000232,1,30,-29
210000233,30,55,-25
210000234,32,124,-92
210000235,27,62,-35
210000245,1,42,-41
210000246,31,2,29
210000258,7,97,-90
210000259,421,90,331
210000282,135,255,-120
210000285,0,106,-106
210000286,20,147,-127
210000290,5,16,-11
210000295,63,137,-74
210000296,32,37,-5
210000320,143,47,96
210000321,153,49,104
210000338,37,52,-15
210000339,410,1185,-775
210000340,144,374,-230
210000341,191,259,-68
210000342,198,137,61
210000343,174,182,-8
210000344,301,96,205
210000345,158,204,-46
210000346,51,94,-43
210000347,94,34,60
210000348,177,11,166
210000349,84,22,62
210000350,124,64,60
210000351,162,96,66
210000352,70,68,2
210000353,52,113,-61
210000354,202,83,119
210000355,45,74,-29
210000356,41,68,-27
210000357,53,43,10
210000358,261,133,128
210000359,110,80,30
210000360,180,111,69
210000361,200,126,74
210000362,239,198,41
210000363,772,253,519
210000364,116,171,-55
210000365,151,79,72
210000366,135,51,84
210000367,100,33,67
210000368,163,52,111
210000369,23,18,5
210000370,40,65,-25
210000372,21,30,-9
210000373,29,15,14
210000374,47,16,31
210000375,44,69,-25
210000376,92,135,-43
210000404,67,120,-53
210000439,40,63,-23
210000472,109,4,105
210000482,87,92,-5
210000564,361,378,-17
210000567,1,37,-36
210000568,306,0,306
211000092,64,44,20
211000094,32,17,15
211000169,250,32,218
211000172,9,316,-307
211000209,3,8,-5
211000226,20,50,-30
211000270,50,10,40
211000275,14,21,-7
211000276,100,26,74
211000279,19,35,-16
211000281,69,43,26
211000302,41,87,-46
211507980,4,45,-41
211977296,52,7,45
212000003,98,61,37
212000004,45,29,16
212000005,18,28,-10
212000006,45,51,-6
212000008,189,173,16
212000009,27,125,-98
212000012,71,82,-11
212000013,25,57,-32
212000014,270,187,83
212000015,360,259,101
212000016,491,593,-102
212000027,466,465,1
212000028,340,422,-82
212000029,224,255,-31
212000030,61,25,36
212000031,68,54,14
212000048,38,175,-137
212000049,19,117,-98
212000050,42,11,31
212000051,170,224,-54
212000052,181,301,-120
212000053,394,594,-200
212000054,201,163,38
212000055,231,236,-5
212000056,15,44,-29
212000057,20,39,-19
212000058,253,35,218
212000070,122,247,-125
212000077,120,710,-590
212000099,187,296,-109
212000108,166,153,13
212000111,175,107,68
212000120,142,69,73
212000138,104,36,68
212000156,16,109,-93
212000158,17,16,1
212000159,310,56,254
212000160,486,270,216
212000161,73,15,58
212000310,76,22,54
212000311,22,69,-47
212000374,35,16,19
213000001,31,395,-364
213000005,386,161,225
213000006,1021,357,664
213000007,166,17,149
213000009,773,589,184
213000010,144,347,-203
213000011,231,144,87
213000012,181,363,-182
213000014,95,18,77
213000015,276,11,265
213000016,1260,8,1252
213000017,141,0,141
213000018,2,204,-202
213000019,0,244,-244
213000020,111,391,-280
213000021,4,153,-149
213000023,310,180,130
213000033,337,1558,-1221
213000034,806,320,486
213000035,130,242,-112
213000045,195,238,-43
213000046,245,187,58
213000047,765,1389,-624
213000056,132,40,92
213000069,132,7,125
213000073,1,56,-55
213000074,65,390,-325
213000075,534,12,522
213000076,35,1,34
213000085,6,57,-51
213000086,13,139,-126
213000091,147,22,125
213000092,81,14,67
213000099,178,1178,-1000
213000100,1174,246,928
213000101,309,119,190
213000102,438,264,174
213000103,821,856,-35
213000104,59,357,-298
213000105,8,214,-206
213000106,61,115,-54
213000107,213,542,-329
213000108,50,522,-472
213000109,21,258,-237
213000110,9,89,-80
213000111,26,80,-54
213000112,190,137,53
213000115,75,12,63
213000116,49,445,-396
213000117,13,692,-679
213000118,328,195,133
213000119,44,668,-624
213000120,129,565,-436
213000122,187,582,-395
213000123,389,1489,-1100
213000124,128,1279,-1151
213000125,105,19,86
213000126,62,129,-67
213000127,182,213,-31
213000128,588,1122,-534
213000129,321,541,-220
213000130,511,246,265
213000132,276,105,171
213000133,413,107,306
213000134,715,40,675
213000136,591,48,543
213000137,620,118,502
213000139,456,21,435
213000147,78,7,71
213000148,21,11,10
213000149,50,10,40
213000150,0,110,-110
213000151,4,111,-107
213000152,0,75,-75
213000153,4,85,-81
213000154,44,196,-152
213000155,35,224,-189
213000156,108,524,-416
213000157,569,403,166
213000158,335,847,-512
213000159,503,591,-88
213000163,849,112,737
213000165,705,230,475
213000171,2,124,-122
213000172,3,305,-302
213000173,7,244,-237
213000174,5,143,-138
213000175,8,83,-75
213000176,18,32,-14
213000177,48,5,43
213000178,131,6,125
213000179,170,2,168
213000180,167,5,162
213000184,187,400,-213
213000188,257,123,134
213000189,263,45,218
213000190,848,795,53
213000191,283,499,-216
213000192,252,417,-165
213000193,1069,314,755
213000194,1,71,-70
213000195,14,431,-417
213000196,239,1196,-957
213000197,411,567,-156
213000198,71,2,69
213000200,153,957,-804
213000201,74,48,26
213000202,16,575,-559
213000203,3304,763,2541
213000204,633,72,561
213000205,264,78,186
213000206,478,58,420
213000207,188,8,180
213000208,112,4,108
213000209,168,2,166
213000210,448,6,442
213000211,11,6,5
213000212,15,36,-21
213000213,22,72,-50
213000218,247,627,-380
213000219,453,25,428
213000220,374,10,364
213000223,228,304,-76
213000224,62,71,-9
213000225,73,14,59
213000226,67,24,43
213000227,915,318,597
213000228,485,129,356
213000229,500,44,456
213000230,618,15,603
213000232,86,902,-816
213000233,15,76,-61
213000234,4,51,-47
213000293,23,69,-46
213000294,166,26,140
213000295,12,83,-71
213000296,64,36,28
213000297,14,87,-73
213000298,51,92,-41
213000299,100,61,39
213000300,86,4,82
213000303,18,31,-13
213000304,5,19,-14
213000305,9,19,-10
213000306,41,31,10
213000307,198,105,93
213000308,106,222,-116
213000309,123,52,71
213000310,524,176,348
213000311,311,687,-376
213000315,59,107,-48
213000316,135,80,55
213000322,120,109,11
213000323,103,55,48
213000324,38,28,10
213000325,40,57,-17
213000326,5,13,-8
213000327,8,22,-14
213000328,14,158,-144
213000329,89,14,75
213000340,192,581,-389
213000341,406,111,295
213000346,302,313,-11
213000347,826,545,281
213000348,22,116,-94
213000349,51,20,31
213000350,346,1071,-725
213000366,88,297,-209
213000367,311,42,269
213000379,175,58,117
213000386,33,300,-267
213000406,102,347,-245
213000417,1158,524,634
213000425,145,30,115
213000426,108,47,61
213000427,45,218,-173
213000428,30,227,-197
213000429,37,2,35
213000430,83,759,-676
213000431,310,3,307
213000432,7,105,-98
213000433,19,142,-123
213000434,85,120,-35
213000435,110,69,41
213000436,36,64,-28
213000437,1,2,-1
213000438,146,54,92
213000439,49,25,24
213000440,9,319,-310
213000441,2,0,2
213000442,0,34,-34
213000443,578,393,185
213000444,30,24,6
213000445,0,73,-73
213000446,3,125,-122
213000447,5,61,-56
213000448,6,157,-151
213000449,292,3,289
213000450,16,42,-26
213000451,208,83,125
213000452,17,31,-14
213000453,35,266,-231
213000455,617,3,614
213000456,1,343,-342
213000481,69,6,63
213000482,114,5,109
213000489,434,56,378
213000491,0,192,-192
213000492,291,6,285
213000493,1,84,-83
213000494,203,148,55
213000495,0,117,-117
213000496,329,189,140
213000497,70,274,-204
213000498,150,189,-39
213000499,185,542,-357
213000500,405,114,291
213000501,112,51,61
213000502,239,184,55
213000503,1,45,-44
213000504,11,100,-89
213000505,15,27,-12
213000506,0,12,-12
213000507,3,113,-110
213900244,59,1,58
213900245,0,45,-45
218000003,25,48,-23
218000004,46,40,6
218000005,52,35,17
218000006,42,24,18
218000007,9,11,-2
218000012,197,208,-11
218000013,174,174,0
218000014,422,448,-26
218000019,877,650,227
218000020,283,478,-195
218000021,1,2,-1
218000022,0,0,0
218000023,0,0,0
218000024,0,0,0
218000025,0,0,0
218000026,0,0,0
218000027,0,0,0
218000028,0,0,0
218000029,0,0,0
218000030,0,0,0
218000031,0,0,0
218000032,0,0,0
218000040,6,3,3
218000046,43,78,-35
218000047,17,154,-137
218000048,62,112,-50
218000049,98,117,-19
218000050,262,243,19
218000051,57,242,-185
218000052,1,88,-87
218000053,2,8,-6
218000054,10,31,-21
218000055,2,7,-5
218000056,7,13,-6
218000057,3,22,-19
218000064,3,12,-9
218000065,68,23,45
218000066,26,65,-39
218000067,36,90,-54
218000068,101,92,9
218000069,256,130,126
218000070,283,226,57
218000071,204,230,-26
218000072,277,192,85
218000078,864,836,28
218000079,73,81,-8
218000080,92,73,19
218000081,382,261,121
218000082,64,105,-41
218000083,73,64,9
218000084,139,109,30
218000085,152,295,-143
218000086,44,109,-65
218000087,221,192,29
218000090,6,109,-103
218000091,973,450,523
218000092,76,178,-102
218000093,84,78,6
218000094,479,678,-199
218000099,313,692,-379
218000100,275,323,-48
218000101,305,162,143
218000102,375,269,106
218000103,88,127,-39
218000104,101,34,67
218000105,21,25,-4
218000106,10,11,-1
218000107,68,65,3
218000108,17,48,-31
218000112,43,27,16
218000117,96,37,59
218000134,525,653,-128
218000135,40,95,-55
218000136,171,88,83
218000137,254,166,88
218000138,22,132,-110
218000139,207,362,-155
218000140,405,289,116
218000141,67,69,-2
218000142,234,162,72
218000143,95,200,-105
218000144,94,93,1
218000145,309,295,14
218000146,59,211,-152
218000151,4,21,-17
218000152,79,54,25
218000153,2,7,-5
218000154,10,0,10
218000155,15,0,15
218000156,21,5,16
218000157,9,3,6
218000158,3,6,-3
218000159,5,3,2
218000160,1,1,0
218000161,22,3,19
218000162,12,1,11
218000163,4,0,4
218000164,18,1,17
218000165,17,3,14
218000170,8,34,-26
218000171,34,14,20
218000172,33,5,28
218000173,91,7,84
218000174,21,11,10
218000176,131,30,101
218000177,218,163,55
218000178,85,181,-96
218000179,92,75,17
218000180,57,34,23
218000181,120,42,78
218000187,12,14,-2
218000188,27,36,-9
218000189,26,53,-27
218000190,30,31,-1
218000191,161,48,113
218000192,161,196,-35
218000193,392,331,61
218000194,88,270,-182
218000195,134,72,62
218000196,285,277,8
218000197,324,378,-54
218000198,23,216,-193
218000199,49,57,-8
218000200,133,33,100
218000201,12,39,-27
218000202,74,212,-138
218000207,19,61,-42
218000208,29,36,-7
218000211,49,17,32
218000212,0,0,0
218000213,55,49,6
218000214,2,21,-19
218000215,33,50,-17
218000217,5,76,-71
218000218,119,56,63
218000219,31,20,11
218000220,111,250,-139
218000221,671,145,526
218000222,10,9,1
218000223,19,234,-215
218000224,3,98,-95
218000225,126,20,106
218000226,95,41,54
218000230,0,1,-1
218000232,31,67,-36
218000239,309,17,292
218000240,37,7,30
218000241,96,2,94
218000242,166,1,165
218000243,281,4,277
218000244,75,1,74
218000245,16,1,15
218000246,13,1,12
218000247,10,0,10
218000248,0,17,-17
218000249,2,0,2
218000250,1,8,-7
218000251,6,17,-11
218000252,13,38,-25
218000253,6,29,-23
218000254,2,12,-10
218000255,2,40,-38
218000256,9,107,-98
218000267,565,1059,-494
218000268,22,75,-53
218000269,4,8,-4
218000270,90,70,20
218000271,44,71,-27
218000273,12,8,4
218000274,18,13,5
218000275,24,46,-22
218000276,11,76,-65
218000278,23,42,-19
218000279,122,69,53
218000280,6,48,-42
218000281,25,13,12
218000282,472,408,64
218000284,96,17,79
218000301,75,139,-64
218000302,106,53,53
218000303,71,59,12
218000316,670,1034,-364
218000317,987,1074,-87
218000318,521,860,-339
218000319,993,1142,-149
218000320,719,639,80
218000338,76,35,41
218000345,105,66,39
218000346,20,152,-132
218000459,22,156,-134
218000490,73,30,43
218000501,136,61,75
218000502,37,81,-44
218000503,76,22,54
218000504,159,43,116
218000505,46,157,-111
218000506,33,324,-291
218000508,13,3,10
218000510,185,16,169
218000520,97,92,5
218000521,9,68,-59
218000522,1,121,-120
218000523,135,8,127
218000524,55,182,-127
218000525,118,12,106
218000526,33,140,-107
218000529,33,193,-160
218000530,14,3,11
218000531,10,15,-5
218000532,34,31,3
218000534,142,22,120
218000537,66,46,20
218000538,185,223,-38
218000540,271,100,171
218000543,85,31,54
218000544,66,93,-27
218000545,61,55,6
218000546,54,58,-4
218000547,78,116,-38
218000548,165,124,41
218000549,427,399,28
218000550,240,271,-31
218000551,155,851,-696
218000552,461,29,432
218000553,66,120,-54
218000554,50,40,10
218000555,32,44,-12
218000556,178,232,-54
218000557,239,137,102
218000558,109,1,108
218000559,0,22,-22
218000560,0,27,-27
218000561,65,0,65
218000562,28,166,-138
218000563,189,12,177
218000564,6,132,-126
218000565,219,23,196
218000566,547,21,526
218000567,0,86,-86
218000568,25,3,22
218000569,12,153,-141
218000570,194,13,181
218000571,2,154,-152
218000572,179,3,176
218000573,34,171,-137
218000574,245,56,189
218000575,107,0,107
218000576,0,93,-93
218000577,93,5,88
218000578,1,87,-86
218000579,66,17,49
218000581,4,53,-49
218000582,38,2,36
218000583,6,1,5
218000584,0,22,-22
218000585,40,5,35
218000586,10,48,-38
218000587,5,2,3
218000588,2,0,2
218000589,2,3,-1
218000590,3,1,2
218000591,2,5,-3
218000592,17,2,15
218000593,12,2,10
218000594,2,0,2
218000596,0,0,0
218000597,2,1,1
218000598,0,0,0
218000599,6,1,5
218000600,13,0,13
218000601,0,1,-1
218000602,0,9,-9
218000603,0,8,-8
218000604,21,0,21
218000605,0,51,-51
218000606,157,1,156
218000607,9,44,-35
218000608,43,28,15
218000609,6,76,-70
218000610,64,4,60
218000611,30,0,30
218000612,1,23,-22
218000613,28,0,28
218000614,0,62,-62
218000615,173,1,172
218000616,2,145,-143
218000617,38,0,38
218000618,0,23,-23
218000619,40,24,16
218000620,5,12,-7
218000621,0,2,-2
218000622,0,9,-9
218000623,182,5,177
218000624,14,25,-11
218000625,17,3,14
218000626,0,11,-11
218000628,147,48,99
218000631,52,15,37
218000632,0,100,-100
218000633,147,7,140
218000634,18,22,-4
218000635,12,13,-1
218000636,755,1101,-346
218000637,788,502,286
218000638,130,41,89
218000639,15,193,-178
218000640,230,28,202
218000641,78,305,-227
218000652,43,58,-15
218000653,115,37,78
218000663,7,252,-245
218000675,156,47,109
218000676,0,0,0
218000677,7,0,7
218000680,288,392,-104
218000681,404,165,239
218000691,212,242,-30
218000693,209,176,33
218000703,0,0,0
218000718,528,1169,-641
218000719,957,685,272
218000720,16,158,-142
218000721,200,16,184
218000725,0,0,0
218001147,7,197,-190
218001214,13,53,-40
218001258,243,8,235
218001329,121,159,-38
218001330,188,93,95
218001351,33,17,16
218001352,10,26,-16
218001353,21,6,15
218001354,10,25,-15
218001355,11,300,-289
218001356,305,28,277
218001357,37,158,-121
218001358,243,28,215
218001361,180,3,177
218001362,0,127,-127
219000001,56,61,-5
219000002,82,61,21
219000003,71,47,24
219000004,40,49,-9
219000017,176,46,130
219000020,122,64,58
219000022,132,7,125
219000023,226,11,215
219000029,1,85,-84
219000034,42,22,20
219000039,129,101,28
219000040,65,71,-6
219000041,119,31,88
219000051,0,33,-33
219000052,0,23,-23
219000053,3,111,-108
219000054,29,88,-59
219000055,183,1,182
219000056,10,1,9
219000057,61,0,61
219000062,16,38,-22
219000063,80,12,68
219000064,0,61,-61
219000110,589,49,540
219000111,165,36,129
219000112,261,57,204
219000113,119,83,36
219000114,213,172,41
219000116,96,47,49
219000117,163,43,120
219000118,286,40,246
219000123,264,93,171
219000124,126,49,77
219000125,16,21,-5
219000126,127,132,-5
219000127,1,3,-2
219000128,7,86,-79
219000129,23,129,-106
219000130,472,523,-51
219000131,748,806,-58
219000133,72,47,25
219000134,13,30,-17
219000135,52,53,-1
219000136,112,194,-82
219000138,70,34,36
219000139,33,43,-10
219000140,50,2,48
219000141,16,145,-129
219000142,18,97,-79
219000143,15,117,-102
219000145,29,39,-10
219000146,1,36,-35
219000147,2,25,-23
219000148,8,36,-28
219000149,8,52,-44
219000150,5,51,-46
219000151,4,22,-18
219000157,201,240,-39
219000158,290,256,34
219000161,138,7,131
219000163,1581,561,1020
219000166,215,181,34
219000167,140,210,-70
219000168,257,141,116
219000174,361,117,244
219000175,67,8,59
219000176,86,4,82
219000177,43,4,39
219000178,26,1,25
219000179,20,2,18
219000180,37,25,12
219000182,153,19,134
219000183,72,36,36
219000184,174,7,167
219000185,3,38,-35
219000186,80,38,42
219000187,56,78,-22
219000189,85,194,-109
219000190,155,284,-129
219000191,1131,1230,-99
219000192,189,169,20
219000193,274,152,122
219000195,0,58,-58
219000196,15,137,-122
219000198,15,115,-100
219000199,68,227,-159
219000200,34,253,-219
219000201,119,242,-123
219000203,60,168,-108
219000204,213,215,-2
219000205,69,157,-88
219000207,137,259,-122
219000209,46,90,-44
219000210,100,94,6
219000213,28,85,-57
219000239,254,305,-51
219000240,247,359,-112
219000241,171,165,6
219000242,154,173,-19
219000243,107,213,-106
219000244,16,126,-110
219000245,71,116,-45
219000246,90,46,44
219000247,151,34,117
219000248,534,330,204
219000249,186,127,59
219000250,118,106,12
219000251,574,278,296
219000252,274,180,94
219000253,472,112,360
219000255,132,92,40
219000256,283,67,216
219000257,122,1,121
219000262,175,149,26
219000263,90,178,-88
219000267,4,110,-106
219000268,3,6,-3
219000269,3,3,0
219000270,13,0,13
219000271,151,1,150
219000278,0,7,-7
219000279,3,5,-2
219000283,0,7,-7
219000295,9,98,-89
219000296,68,428,-360
219000297,32,144,-112
219000298,21,145,-124
219000299,395,122,273
219000300,27,205,-178
219000301,230,411,-181
219000302,37,262,-225
219000307,89,47,42
219000308,73,55,18
219000311,198,71,127
219000312,608,175,433
219000313,298,62,236
219000314,56,426,-370
219000315,277,53,224
219000316,532,79,453
219000317,83,31,52
219000320,2,111,-109
219000321,0,20,-20
219000323,5,79,-74
219000325,0,18,-18
219000326,50,82,-32
219000327,63,36,27
219000328,32,49,-17
219000329,352,114,238
219000330,39,38,1
219000331,49,45,4
219000332,116,64,52
219000333,18,2,16
219000335,58,3,55
219000337,18,0,18
219000338,68,0,68
219000344,65,72,-7
219000345,37,60,-23
219000346,55,133,-78
219000348,143,96,47
219000349,66,148,-82
219000350,171,211,-40
219000351,8,5,3
219000352,551,145,406
219000353,74,60,14
219000354,167,121,46
219000355,190,93,97
219000356,1251,1269,-18
219000363,233,79,154
219000364,78,47,31
219000365,137,14,123
219000366,203,307,-104
219000368,400,606,-206
219000370,1260,509,751
219000371,16,34,-18
219000382,37,32,5
219000383,759,1055,-296
219000385,482,421,61
219000386,793,1351,-558
219000387,4,10,-6
219000390,11,0,11
219000391,6,2,4
219000397,38,61,-23
219000398,77,51,26
219000401,9,96,-87
219000402,46,90,-44
219000403,170,370,-200
219000404,48,147,-99
219000407,8,35,-27
219000409,57,48,9
219000410,84,50,34
219000411,67,14,53
219000446,216,425,-209
219000447,23,26,-3
219000448,21,4,17
219000452,142,73,69
219000453,126,161,-35
219000454,167,233,-66
219000556,261,102,159
219000558,182,182,0
219000590,45,139,-94
219000591,71,90,-19
219000592,128,305,-177
219000595,1,17,-16
219000635,258,54,204
219000636,28,73,-45
219000657,39,40,-1
219000658,51,97,-46
219000673,0,23,-23
219000676,17,4,13
219000679,32,9,23
219000684,97,1,96
219000685,0,0,0
219000686,3,1,2
219000688,1,75,-74
219000689,41,255,-214
219000690,125,27,98
219000691,68,194,-126
219000692,153,42,111
219000693,0,16,-16
219000694,3,0,3
219000695,17,1,16
219000698,20,0,20
219000699,0,19,-19
219000727,4,140,-136
219000728,221,3,218
219000770,36,3,33
219000771,1,33,-32
219000788,543,181,362
219001150,0,17,-17
219001151,1,15,-14
219001166,27,46,-19
219001167,2,123,-121
219001178,62,1,61
220000001,47,71,-24
220000002,6,113,-107
220000003,308,243,65
220000004,446,403,43
220000005,1306,1521,-215
220000006,341,825,-484
220000007,424,523,-99
220000008,357,908,-551
220000009,248,435,-187
220000010,246,145,101
220000011,590,2628,-2038
220000012,158,268,-110
220000014,138,62,76
220000015,92,222,-130
220000017,37,200,-163
220000018,3401,1611,1790
220000019,96,273,-177
220000020,366,272,94
220000021,771,194,577
220000022,622,419,203
220000023,405,172,233
220000024,1379,416,963
220000025,659,868,-209
220000026,252,267,-15
220000027,33,76,-43
220000028,75,46,29
220000029,56,137,-81
220000030,108,92,16
220000031,354,272,82
220000064,17,912,-895
221000046,5,0,5
221000047,0,0,0
221000048,0,4,-4
221000049,1,14,-13
221000050,46,0,46
221000055,49,54,-5
221000057,59,21,38
221000068,295,184,111
221000069,260,95,165
221000070,166,28,138
221000071,84,12,72
221000072,233,24,209
221000073,229,68,161
221000074,0,12,-12
221000075,33,29,4
221000076,13,51,-38
221000077,34,121,-87
221000081,47,12,35
221000082,83,11,72
221000083,53,2,51
221000084,16,4,12
221000085,44,69,-25
221000086,16,101,-85
221000087,5,148,-143
221000088,11,156,-145
221000089,46,255,-209
221000090,156,498,-342
221000098,93,14,79
221000099,145,16,129
221000100,96,14,82
221000101,241,43,198
221000102,163,20,143
221000109,8,132,-124
221000110,9,99,-90
221000111,20,187,-167
221000112,7,146,-139
221000113,10,177,-167
221000114,11,157,-146
221000120,60,33,27
221000121,4,48,-44
221000122,64,29,35
221000123,24,50,-26
221000124,65,180,-115
221000155,70,15,55
221000156,76,36,40
221000175,4,12,-8
221000176,1,1,0
221000182,78,20,58
221000241,708,318,390
221000242,215,470,-255
221000243,579,164,415
221000244,325,521,-196
221000245,146,159,-13
221000246,68,273,-205
221000247,82,138,-56
221000248,94,148,-54
221000267,68,525,-457
221000325,153,48,105
221000331,16,68,-52
221000338,11,21,-10
221000378,146,34,112
221000381,50,62,-12
222000282,5,0,5
222000296,2,16,-14
222000568,269,18,251
222000569,160,51,109
222000570,115,29,86
222000571,192,15,177
222000577,6,196,-190
222000578,59,191,-132
222000579,23,155,-132
222000580,124,981,-857
222000599,0,132,-132
222000600,1,311,-310
222000601,3,814,-811
222000603,20,31,-11
222000604,5,31,-26
222000605,15,29,-14
222000606,0,12,-12
222000607,4,1,3
222000608,30,7,23
222000609,93,208,-115
222000616,310,43,267
222000617,12,16,-4
222000618,4,8,-4
222000620,20,14,6
222000621,54,20,34
222000623,532,11,521
222000624,342,2,340
222000625,571,9,562
222000636,50,1,49
222000686,22,14,8
222000687,32,23,9
222001066,179,2,177
222001067,10,3,7
222001068,27,18,9
222001069,37,39,-2
222001082,9,41,-32
222001083,24,46,-22
222001084,0,36,-36
222001085,0,120,-120
222001111,31,131,-100
222001112,78,34,44
222001313,67,10,57
222001314,13,145,-132
222001464,154,65,89
222001465,28,173,-145
222001484,97,57,40
222001485,36,41,-5
222001494,481,184,297
222001495,201,267,-66
222001496,269,127,142
222001497,161,396,-235
222001502,12,86,-74
222001503,94,36,58
222001504,33,280,-247
222001505,359,32,327
222001506,47,410,-363
222001507,300,18,282
222001510,359,25,334
222001511,56,330,-274
222001514,499,183,316
222001515,279,572,-293
222001518,236,72,164
222001519,67,212,-145
222001527,153,88,65
222001528,53,152,-99
222001529,171,45,126
222001530,48,188,-140
222001533,191,239,-48
222001534,222,80,142
222001535,163,249,-86
222001536,117,234,-117
222001537,254,60,194
222001538,78,350,-272
222001563,675,117,558
222001564,63,504,-441
222001568,436,149,287
222001576,4,0,4
222001579,1,8,-7
222001583,24,139,-115
222001584,120,27,93
222001596,819,949,-130
222001597,2182,342,1840
222001626,0,139,-139
222001650,289,76,213
222001651,156,125,31
222001914,163,76,87
222001915,52,213,-161
222001968,457,314,143
222001969,450,660,-210
222001970,146,213,-67
222001971,27,11,16
222001972,7,30,-23
225000001,373,153,220
225000002,455,155,300
225000003,662,45,617
225000004,352,174,178
225000005,86,31,55
225000006,0,150,-150
225000007,1383,1231,152
225000010,288,10,278
225000011,273,722,-449
225000012,201,421,-220
225000013,124,116,8
225000014,673,53,620
225000015,93,146,-53
225000021,545,153,392
225000027,206,433,-227
225000032,504,130,374
225000042,73,549,-476
225000049,23,65,-42
225000050,63,17,46
225000053,3,286,-283
225000058,528,181,347
225000067,256,175,81
225000068,84,234,-150
225000069,155,416,-261
225000070,86,362,-276
225000071,35,164,-129
225000075,24,731,-707
225000076,100,139,-39
225000078,51,39,12
225000085,72,112,-40
225000086,246,67,179
225000087,152,19,133
225000088,7,175,-168
225000089,250,847,-597
225000090,47,425,-378
225000091,171,167,4
225000092,40,80,-40
225000093,211,282,-71
225000094,19,288,-269
225000095,271,348,-77
225000096,350,523,-173
225000098,538,290,248
225000099,275,216,59
225000100,247,146,101
225000104,158,360,-202
225000110,16,323,-307
225000111,196,959,-763
225000112,276,981,-705
225000113,184,484,-300
225000114,62,249,-187
225000115,1366,557,809
225000116,932,126,806
225000117,659,243,416
225000118,748,213,535
225000119,186,59,127
225000120,665,31,634
225000121,222,29,193
225000123,505,18,487
225000125,321,170,151
225000126,688,161,527
225000127,623,850,-227
225000128,491,580,-89
225000132,275,46,229
225000133,172,25,147
225000134,457,134,323
225000135,40,12,28
225000136,242,10,232
225000137,184,42,142
225000138,358,56,302
225000143,39,241,-202
225000144,2,340,-338
225000145,40,38,2
225000146,51,105,-54
225000147,24,233,-209
225000148,10,211,-201
225000149,43,397,-354
225000151,46,163,-117
225000155,385,502,-117
225000156,190,755,-565
225000157,231,354,-123
225000158,77,250,-173
225000171,3,150,-147
225000180,35,0,35
225000181,0,76,-76
225000182,78,3,75
225000185,7,281,-274
225000187,77,219,-142
225000191,122,1,121
225000194,0,12,-12
225000208,0,41,-41
225000209,76,18,58
225000210,4,188,-184
225000217,0,13,-13
225000218,7,1,6
225000223,0,51,-51
225000224,90,0,90
225000225,0,50,-50
225000226,26,1,25
225000227,51,104,-53
225000228,13,12,1
225000229,0,84,-84
225000230,33,0,33
225000231,0,64,-64
225000232,130,2,128
225000241,72,1,71
225000242,2,39,-37
225000249,13,19,-6
225000250,35,679,-644
225000251,292,20,272
226000042,271,417,-146
226000043,55,291,-236
226000044,122,521,-399
226000045,53,355,-302
226000046,294,79,215
226000047,283,98,185
226000048,328,85,243
226000049,253,169,84
226000070,0,25,-25
226000071,0,43,-43
226000072,0,15,-15
226000073,0,4,-4
226000074,0,10,-10
226000084,7,46,-39
226000085,0,7,-7
226000086,3,18,-15
226000087,4,11,-7
226000088,25,13,12
226000090,107,72,35
226000091,15,31,-16
226000092,5,14,-9
226000093,28,0,28
226000094,19,1,18
226000095,14,3,11
226000105,10,0,10
226000106,2,0,2
226000107,11,0,11
226000108,31,0,31
226000109,57,0,57
226000124,92,56,36
226000134,549,387,162
226000135,1327,505,822
226000136,1446,363,1083
226000137,3,366,-363
226000138,12,232,-220
226000139,4,17,-13
226000156,153,3,150
226000157,113,7,106
226000163,96,78,18
226000202,3,252,-249
226000231,339,13,326
226000232,38,5,33
227000033,291,55,236
227000036,247,39,208
227000037,250,37,213
227000038,189,30,159
227000049,0,13,-13
227000050,0,50,-50
227000055,104,0,104
227000056,32,1,31
227000084,1,107,-106
227000085,0,51,-51
227000088,44,3,41
227000089,126,4,122
227000090,54,2,52
227000091,23,0,23
227000093,103,2,101
227000094,15,0,15
227000130,37,55,-18
227000131,26,197,-171
227000132,19,165,-146
227000133,12,190,-178
227000134,30,350,-320
227000152,0,6,-6
227000153,0,59,-59
227000155,3,16,-13
227000156,1,25,-24
227000165,7,31,-24
227000196,291,213,78
227000199,299,433,-134
227000230,15,417,-402
227000232,474,44,430
227000242,66,454,-388
227000243,386,79,307
227000245,31,313,-282
227000246,74,443,-369
227000247,273,101,172
227000248,196,40,156
227000249,41,270,-229
227000250,460,127,333
227000251,179,278,-99
227000252,25,287,-262
227000253,140,17,123
227000262,316,67,249
227000266,1060,31,1029
227000267,40,1493,-1453
227000282,13,137,-124
227000284,398,27,371
227000286,1,68,-67
227000287,11,98,-87
227000291,20,471,-451
227000484,358,23,335
227000485,18,707,-689
227000655,144,23,121
227000656,557,43,514
227000657,78,14,64
227000661,333,31,302
227000680,156,41,115
229000265,19,28,-9
229000296,4,5,-1
229000297,1,19,-18
229000298,2,120,-118
229000320,3,6,-3
229000321,37,1,36
229000412,33,32,1
229000414,5,33,-28
229000415,18,0,18
229000416,2,3,-1
229000417,4,13,-9
229000419,67,259,-192
229000440,407,71,336
229000442,12,4,8
229000443,22,5,17
229000444,0,14,-14
229000445,51,8,43
229000446,37,7,30
229000491,0,1,-1
229000492,0,2,-2
229000493,0,4,-4
229000494,4,1,3
229000495,5,0,5
229000496,2,2,0
229000507,0,11,-11
229000508,0,7,-7
229000509,0,6,-6
229000510,0,6,-6
229000511,0,10,-10
229000512,0,3,-3
229000513,0,0,0
229000514,0,0,0
229000517,0,0,0
229000518,0,0,0
229000519,1,0,1
229000520,0,0,0
229000521,17,2,15
229000522,1,1,0
229000523,2,0,2
229000524,0,1,-1
229000527,0,0,0
229000528,0,0,0
229000529,3,0,3
229000530,10,0,10
229000531,4,0,4
229000532,4,0,4
229000533,7,0,7
229000534,13,1,12
229000564,10,0,10
229000565,2,0,2
229000566,0,6,-6
229000567,0,10,-10
229000582,16,1,15
229000583,3,2,1
229000584,0,5,-5
229000585,0,9,-9
229000718,0,0,0
229000719,0,0,0
229000720,0,5,-5
229000721,0,3,-3
229000722,0,1,-1
229000723,0,0,0
229000724,0,0,0
229000725,0,1,-1
229000738,0,0,0
229000739,1,0,1
229000740,0,0,0
229000741,1,0,1
229000742,0,0,0
229000743,6,1,5
229000744,1,0,1
229000745,1,0,1
229000746,0,1,-1
229000847,41,0,41
229000848,10,2,8
229000849,47,0,47
229000851,23,0,23
229000854,0,30,-30
229000856,0,85,-85
229000857,0,22,-22
229000858,0,64,-64
229000919,20,81,-61
229000930,3,289,-286
229000937,90,28,62
229000966,57,30,27
229000981,28,37,-9
229000985,6,16,-10
229000986,1,3,-2
229000987,1,1,0
229000988,2,4,-2
229000989,15,2,13
229000990,1,0,1
229000991,1,0,1
229000992,12,9,3
229000993,137,28,109
229000998,6,48,-42
229000999,42,18,24
229001034,0,7,-7
229001035,8,1,7
229001037,40,13,27
229001042,8,15,-7
229001047,12,22,-10
229001050,35,34,1
229001168,0,6,-6
229001200,16,2,14
229001338,6,24,-18
229001394,174,6,168
229001422,79,14,65
229001423,27,168,-141
229001431,53,72,-19
229001432,50,100,-50
229001444,166,34,132
229001445,29,138,-109
229001479,2,0,2
229001503,188,140,48
229001504,203,191,12
229001505,123,60,63
229001506,61,172,-111
229001509,28,16,12
229001545,83,2,81
229001546,8,159,-151
229001553,104,15,89
229001554,88,108,-20
229001559,2,13,-11
229001560,5,29,-24
229001630,65,7,58
229001631,5,18,-13
229001635,0,12,-12
229001636,4,0,4
229001658,2,135,-133
229001659,64,12,52
229001660,13,1,12
229001661,7,13,-6
229001662,42,0,42
229001663,0,15,-15
229002584,173,127,46
229002831,107,82,25
229002841,14,11,3
229002842,20,19,1
229002843,62,16,46
229002844,25,41,-16
229002845,40,41,-1
229002846,45,15,30
229002847,0,9,-9
229002848,16,19,-3
229002849,4,70,-66
229002850,10,1,9
229002851,22,97,-75
229002852,154,22,132
229002853,109,11,98
229002854,21,37,-16
229002855,5,14,-9
229002856,53,19,34
229002857,10,54,-44
229002858,14,20,-6
229002859,23,24,-1
229002860,181,13,168
229002861,53,49,4
229002862,67,13,54
229002863,16,15,1
229002864,23,20,3
229002865,7,7,0
229002866,35,43,-8
229002867,8,19,-11
229002868,8,11,-3
229002869,20,107,-87
229002870,24,14,10
235000066,456,108,348
235000067,131,114,17
235000072,13,92,-79
235000073,53,340,-287
235000074,48,65,-17
235000080,14,88,-74
235000081,109,121,-12
235000082,199,77,122
235000083,142,166,-24
235000084,45,92,-47
235000085,151,66,85
235000089,33,24,9
235000092,56,210,-154
235000093,3,12,-9
235000097,4,9,-5
235000098,69,12,57
235000099,61,27,34
235000116,67,23,44
235000117,720,8,712
235000133,6,393,-387
235000134,9,179,-170
235000206,7,5,2
235000207,3,7,-4
235000208,7,3,4
235000209,3,1,2
235000210,12,2,10
235000212,7,20,-13
235000213,8,5,3
235000220,1,3,-2
235000221,52,13,39
235000238,13,102,-89
235000239,2,9,-7
235000242,255,567,-312
235000245,567,141,426
235000246,8,64,-56
235000284,10,121,-111
235000295,161,14,147
235000305,337,19,318
235000306,224,5,219
235000307,15,4,11
235000308,23,0,23
235000309,64,0,64
235000310,16,0,16
235000311,111,25,86
235000322,0,31,-31
235000323,0,54,-54
235000324,0,9,-9
235000325,2,10,-8
235000326,11,189,-178
235000351,2,60,-58
235000352,6,25,-19
235000353,8,32,-24
235000354,3,35,-32
235000355,4,30,-26
235000356,89,1,88
235000357,20,2,18
235000358,108,8,100
235000359,10,4,6
235000360,48,16,32
235000361,78,9,69
235000381,74,185,-111
235000382,157,47,110
235000390,8,1,7
235000391,214,25,189
235000392,178,326,-148
235000393,106,182,-76
235000395,110,34,76
235000396,489,65,424
235000400,86,116,-30
235000401,30,110,-80
235000405,126,272,-146
235000406,71,227,-156
235000407,157,61,96
235000409,287,122,165
235000410,67,212,-145
235000411,2,60,-58
235000485,0,8,-8
235000486,5,0,5
235000549,171,110,61
235000550,103,175,-72
235000599,90,55,35
235000600,12,12,0
235000601,30,46,-16
235000602,67,80,-13
235000614,0,3,-3
235000648,0,14,-14
235000649,31,3,28
235000685,4,4,0
235000815,25,21,4
235000834,0,15,-15
235000855,82,57,25
235000862,47,117,-70
235000891,0,8,-8
235000892,41,20,21
235000901,223,112,111
235000907,4,20,-16
235001010,86,67,19
235001029,511,309,202
235001030,308,317,-9
235001078,106,114,-8
235001079,94,93,1
235001147,26,51,-25
235001166,22,67,-45
235001167,25,33,-8
235001169,18,303,-285
235001188,3,12,-9
235001189,3,0,3
235001197,25,23,2
235001200,46,47,-1
235001207,320,46,274
235001210,88,196,-108
235001215,20,183,-163
235001239,1,40,-39
235001244,0,7,-7
235016267,0,41,-41
277101746,0,0,0
277102712,1,0,1
277103813,0,0,0
277103814,0,0,0
277103898,0,0,0
277104249,0,1,-1
277104250,0,7,-7
277104251,0,9,-9
277104252,0,6,-6
990011530,0,141,-141
990014944,0,509,-509
990015176,5,12,-7
990015618,0,49,-49
990016032,0,205,-205
990032570,0,33,-33
990070001,59,3,56
990070103,0,3,-3
990070601,0,28,-28
990070751,719,8,711
990070766,3,403,-400
990071180,489,201,288
990071343,43,26,17
990071387,0,21,-21
990071823,543,4,539
990072600,2,879,-877
990072964,1,330,-329
990073285,0,6,-6
990074393,0,597,-597
990074870,1315,7,1308
990075106,1311,13,1298
990075746,478,5,473
990076437,838,4,834
990076458,0,733,-733
997000007,539,14,525
997000041,1,171,-170
997000058,73,1,72
997000062,21,0,21
997000069,0,2,-2
997000070,0,24,-24
997000100,29,0,29
997000141,1,1065,-1064
997000198,353,919,-566
998000475,1,30,-29
998000736,0,118,-118
998000965,0,13,-13
998001031,0,87,-87
998001700,0,16,-16
998001899,0,1,-1
998001900,6,0,6
998003073,914,12,902
998101900,0,0,0
998102850,0,225,-225
998501927,1048,662,386
998501929,64,5,59
998501930,62,0,62
998501931,339,11,328
998501932,18,4,14
998501933,46,0,46
998501937,13,1,12
998501944,10,0,10
998501950,2,3,-1
998501970,41,3,38
998501971,0,56,-56
998501973,1,45,-44
998501974,1,256,-255
998501975,104,0,104
998501976,177,1,176
998501977,0,16,-16
998501978,23,1,22
998501979,0,11,-11
998501980,48,1,47
998501981,32,2,30
998501982,0,86,-86
998501983,0,2,-2
998502006,0,0,0
998502024,0,16,-16
998502032,0,5,-5
998502062,15,0,15
998502063,0,0,0
998502173,125,0,125
998502269,0,2,-2
998502546,1,153,-152
998502578,3,1,2
998502599,40,322,-282
998502621,3,1,2
998601159,0,123,-123
998601292,3,11,-8
999033574,0,384,-384
999800001,29,4,25
999800002,0,13,-13
999800003,3,2,1
999800004,0,6,-6
999800005,0,1,-1
