ID,insum,outsum,diff
100000001,612,756,-144
100000002,2110,506,1604
100000003,4833,2100,2733
100000004,1396,819,577
100000005,1513,3056,-1543
100000006,413,104,309
100000007,1473,496,977
100000008,161,644,-483
100000009,359,156,203
100000010,39,31,8
100000011,533,50,483
100000012,65,724,-659
100000013,20,189,-169
100000014,261,392,-131
100000015,1575,1197,378
100000016,1015,1509,-494
100000017,641,1086,-445
100000018,1549,577,972
100000019,5207,1880,3327
100000020,1581,3770,-2189
100000021,6836,2707,4129
100000022,1781,1185,596
100000023,6273,1151,5122
100000025,2421,498,1923
100000028,1881,817,1064
100000029,375,212,163
100000030,537,42,495
100000031,4188,4720,-532
100000032,2286,2822,-536
100000033,828,1865,-1037
100000034,580,292,288
100000035,1976,1005,971
100000036,2560,1070,1490
100000037,405,424,-19
100000038,1270,852,418
100000039,692,147,545
100000040,180,131,49
100000041,728,403,325
100000042,641,247,394
100000043,723,267,456
100000044,395,817,-422
100000045,460,1596,-1136
100000046,810,1576,-766
100000047,376,894,-518
100000048,605,672,-67
100000049,1732,3012,-1280
100000051,447,1377,-930
100000053,42,3,39
100000054,174,25,149
100000055,520,219,301
100000056,259,692,-433
100000057,1361,935,426
100000058,732,1490,-758
100000059,1,149,-148
100000060,307,291,16
100000061,1556,519,1037
100000062,1080,457,623
100000063,309,261,48
100000064,887,386,501
100000065,471,1231,-760
100000066,205,1130,-925
100000067,291,1061,-770
100000068,510,1960,-1450
100000069,336,2232,-1896
100000072,582,1056,-474
100000073,1115,1361,-246
100000075,569,347,222
100000076,2089,1861,228
100000077,682,109,573
100000078,43,34,9
100000079,26,32,-6
100000080,11,16,-5
100000081,109,49,60
100000102,3845,1141,2704
100000103,2641,484,2157
100000104,3974,1183,2791
100000105,3164,802,2362
100000106,2265,1272,993
100000107,631,410,221
100000108,799,758,41
100000109,3496,948,2548
100000116,1154,483,671
100000117,21,30,-9
100000118,1088,781,307
100000119,741,505,236
100000121,251,683,-432
100000122,1166,588,578
100000123,2909,4276,-1367
100000124,4757,6921,-2164
100000125,2441,803,1638
100000126,760,253,507
100000127,2402,339,2063
100000128,642,872,-230
100000129,462,318,144
100000130,266,703,-437
100000131,2553,3094,-541
100000132,1194,2132,-938
100000133,6212,2993,3219
100000135,353,625,-272
100000139,245,362,-117
100000140,128,144,-16
100000142,303,549,-246
100000143,1912,821,1091
100000144,4952,1009,3943
100000147,913,2020,-1107
100000150,22,529,-507
100000151,673,452,221
100000153,391,225,166
100000154,159,71,88
100000155,16,24,-8
100000156,29,45,-16
100000157,16,326,-310
100000158,80,163,-83
100000159,839,406,433
100000165,1044,733,311
100000169,881,551,330
100000174,1741,579,1162
100000179,81,515,-434
100000180,1857,1377,480
100000181,117,310,-193
100000188,106,483,-377
100000189,843,284,559
100000190,484,336,148
100000191,489,387,102
100000192,81,79,2
100000193,146,128,18
100000330,1883,535,1348
100000355,104,571,-467
100000362,3416,2623,793
100000363,2159,3268,-1109
100000364,419,142,277
100000365,2870,7897,-5027
100000366,3864,1958,1906
100000367,2572,3907,-1335
100000368,1953,1762,191
100000369,1032,1258,-226
100000370,119,391,-272
100000376,81,84,-3
100000379,3372,1090,2282
100000380,4481,1696,2785
100000384,5629,2559,3070
100000385,6279,3111,3168
100000386,7389,3128,4261
100000387,7234,3342,3892
100000388,8163,4382,3781
100000389,8396,4499,3897
100000390,8802,3288,5514
100000391,6115,4272,1843
100000392,4884,1329,3555
100000393,2008,1573,435
100000394,7812,3225,4587
100000395,3614,1237,2377
100000396,5823,1609,4214
100000397,3057,1632,1425
100000398,10287,6890,3397
100000413,21,5,16
100000414,844,576,268
100900002,1,81,-80
100900003,257,88,169
100900004,34,722,-688
100900005,112,17,95
100900006,8,241,-233
100900007,410,4,406
100900008,4,502,-498
100900009,26,59,-33
100900010,37,130,-93
100900011,52,326,-274
100900012,1,240,-239
100900013,496,7,489
100900014,0,11,-11
100900015,116,106,10
100900016,9,41,-32
100900017,562,62,500
100900018,0,27,-27
100900019,19,45,-26
100900020,242,3,239
100900021,245,2,243
100900022,2,5,-3
100900023,0,17,-17
100900024,784,1,783
100900025,9,10,-1
100900026,47,136,-89
100900027,389,1856,-1467
100900028,91,145,-54
100900029,126,16,110
100900030,5,24,-19
100900031,274,85,189
100900032,166,1,165
100900033,171,106,65
100900034,288,2,286
100900035,364,0,364
100900036,20,1,19
100900037,60,297,-237
100900038,140,23,117
100900039,278,710,-432
100900040,159,868,-709
100900041,184,1100,-916
100900042,484,204,280
100900043,0,8,-8
100900044,2822,328,2494
100900045,35,0,35
100900046,764,5,759
100900047,960,77,883
100900048,141,12,129
100900049,86,216,-130
100900050,0,9,-9
100900051,31,48,-17
100900052,136,12,124
100900053,235,18,217
100900054,5,118,-113
100900055,151,277,-126
100900056,110,152,-42
100900057,426,797,-371
100900058,192,22,170
100900059,69,0,69
100900060,46,8,38
100900061,284,251,33
100900062,2,95,-93
100900063,89,384,-295
100900064,377,5,372
100900065,89,39,50
100900066,47,51,-4
100900067,4,5,-1
100900068,55,149,-94
100900069,484,2,482
100900070,178,3,175
100900071,611,284,327
100900072,1,86,-85
100900073,49,654,-605
100900074,3,4,-1
100900075,2264,322,1942
100900076,16,28,-12
100900077,6,160,-154
100900078,37,251,-214
100900079,3,38,-35
100900080,10,179,-169
100900081,43,101,-58
100900082,49,1001,-952
100900083,1,44,-43
100900085,7,69,-62
100900086,131,506,-375
100900088,54,875,-821
100900089,3,45,-42
100900090,92,304,-212
100900091,2,30,-28
100900092,226,130,96
100900093,146,202,-56
100900094,39,705,-666
100900095,0,60,-60
100900096,29,87,-58
100900097,4,11,-7
100900098,7,19,-12
100900099,38,609,-571
100900100,13,317,-304
100900101,382,25,357
100900102,26,56,-30
100900103,2,16,-14
100900104,6,198,-192
100900105,4,132,-128
100900106,51,4,47
100900107,1646,430,1216
100900108,3,20,-17
100900109,4,32,-28
100900110,3,42,-39
100900111,41,146,-105
100900112,1,11,-10
100900113,10,27,-17
100900114,0,10,-10
100900115,0,14,-14
100900116,579,579,0
100900117,211,666,-455
100900118,11,89,-78
100900119,1,29,-28
100900120,3,14,-11
100900121,176,373,-197
100900122,163,186,-23
100900123,34,87,-53
100900124,0,1,-1
100900125,15,81,-66
100900126,44,210,-166
100900127,0,6,-6
100900128,60,93,-33
100900129,0,97,-97
100900131,53,185,-132
100900133,29,40,-11
100900134,0,4,-4
100900135,0,95,-95
100900137,323,161,162
100900138,426,250,176
100900139,0,7,-7
100900140,4,904,-900
100900141,4,411,-407
100900142,1,2,-1
100900143,774,298,476
100900144,10,3,7
100900145,61,121,-60
100900146,2,5,-3
100900147,10,215,-205
100900148,18,1438,-1420
100900149,14,59,-45
100900150,0,2,-2
100900151,101,578,-477
100900152,107,8,99
100900153,4,139,-135
100900154,0,12,-12
100900155,2,4,-2
100900156,9,1,8
100900157,5,107,-102
100900159,0,13,-13
100900160,7,12,-5
100900161,155,1,154
100900162,13,152,-139
100900163,170,222,-52
100900164,33,28,5
100900165,27,70,-43
100900166,18,3,15
100900167,4,80,-76
100900168,26,116,-90
100900169,166,937,-771
100900170,20,14,6
100900171,8,722,-714
100900172,0,6,-6
100900173,3,864,-861
100900174,285,46,239
100900176,1135,130,1005
100900177,992,288,704
100900178,282,141,141
100900179,105,82,23
100900180,2,1,1
100900181,83,25,58
100900182,14,10,4
100900184,3,148,-145
100900186,1079,581,498
100900187,7,186,-179
100900188,31,11,20
100900189,658,142,516
100900191,1217,685,532
100900192,358,146,212
100900195,101,138,-37
100900197,46,181,-135
100900198,11,426,-415
100900199,19,18,1
100900200,437,403,34
100900201,39,766,-727
100900202,13,1,12
100900203,0,75,-75
100900204,242,289,-47
100900205,111,344,-233
100900206,79,21,58
100900207,152,102,50
100900210,102,844,-742
100900211,236,91,145
100900213,37,44,-7
100900214,1101,114,987
100900215,6,31,-25
100900217,173,44,129
101000001,3933,2400,1533
101000002,4230,4499,-269
101000003,998,1762,-764
101000004,1429,3585,-2156
101000005,3211,4272,-1061
101000006,1879,5822,-3943
101000007,1340,1522,-182
101000008,11355,4647,6708
101000009,1635,2484,-849
101000010,799,1911,-1112
101000011,2216,728,1488
101000012,2601,556,2045
101000013,433,829,-396
101000014,518,690,-172
101000015,799,688,111
101000016,540,288,252
101000017,649,536,113
101000018,6512,2677,3835
101000020,6047,1668,4379
101000021,1536,274,1262
101000022,221,41,180
101000023,1693,708,985
101000025,36,107,-71
101000026,399,23,376
101000027,1519,922,597
101000028,1131,195,936
101000029,66,641,-575
101000030,847,40,807
101000031,408,109,299
101000032,5768,1938,3830
101000033,2448,2100,348
101000034,3053,1008,2045
101000035,1512,378,1134
101000036,1904,473,1431
101000037,4826,1077,3749
101000039,3687,1357,2330
101000040,4495,3617,878
101000041,12288,3851,8437
101000042,818,606,212
101000043,6791,2544,4247
101000045,1687,463,1224
101000046,1848,450,1398
101000047,989,1006,-17
101000048,772,763,9
101000049,910,933,-23
101000050,1508,809,699
101000051,2247,1210,1037
101000052,1683,464,1219
101000053,850,1107,-257
101000054,1267,1139,128
101000055,1475,1048,427
101000056,86,49,37
101000057,2342,615,1727
101000058,2065,888,1177
101000059,4012,1402,2610
101000060,2081,344,1737
101000061,1170,952,218
101000062,1283,457,826
101000063,730,534,196
101000064,1671,459,1212
101000065,281,290,-9
101000066,434,254,180
101000067,1063,338,725
101000068,384,216,168
101000069,420,48,372
101000070,1313,814,499
101000071,1859,730,1129
101000072,929,3361,-2432
101000073,562,509,53
101000074,3861,3141,720
101000075,5294,4020,1274
101000077,887,1756,-869
101000078,592,1136,-544
101000079,305,892,-587
101000080,492,425,67
101000081,1033,1539,-506
101000082,3605,2772,833
101000083,1856,1722,134
101000084,1473,1153,320
101000085,1528,995,533
101000086,1310,1307,3
101000087,1023,1443,-420
101000088,912,971,-59
101000089,711,1348,-637
101000090,2433,1799,634
101000091,338,1754,-1416
101000092,642,1099,-457
101000093,1430,715,715
101000094,596,1429,-833
101000095,208,795,-587
101000096,241,699,-458
101000097,469,291,178
101000098,503,431,72
101000099,972,1078,-106
101000100,884,498,386
101000101,476,290,186
101000102,1493,277,1216
101000103,719,359,360
101000104,402,355,47
101000105,930,186,744
101000106,718,380,338
101000107,152,369,-217
101000108,1912,340,1572
101000109,153,88,65
101000110,30,855,-825
101000111,76,182,-106
101000113,253,737,-484
101000114,4891,1907,2984
101000115,96,168,-72
101000116,213,168,45
101000117,424,301,123
101000119,97,28,69
101000120,210,32,178
101000121,91,22,69
101000122,102,24,78
101000123,54,44,10
101000124,107,259,-152
101000125,119,502,-383
101000128,813,311,502
101000130,553,645,-92
101000131,467,805,-338
101000132,439,2467,-2028
101000135,90,18,72
101000136,252,83,169
101000137,15,257,-242
101000141,1917,1777,140
101000147,879,687,192
101000148,2275,25,2250
101000149,118,84,34
101000150,58,1492,-1434
101000151,80,81,-1
101000152,294,237,57
101000153,566,468,98
101000154,107,2119,-2012
101000155,121,154,-33
101000156,29,315,-286
101000157,40,29,11
101000160,38,65,-27
101000163,190,141,49
101000164,387,504,-117
101000165,215,443,-228
101000166,239,350,-111
101000168,778,353,425
101000252,1232,960,272
101000254,394,33,361
101000258,28,26,2
101000261,38,332,-294
101000262,766,854,-88
101000263,202,678,-476
101000265,64,544,-480
101000266,462,191,271
101000269,145,10,135
101000290,1889,2446,-557
101000293,27,93,-66
101000294,465,442,23
101000295,104,454,-350
101000301,810,247,563
101000304,1773,2634,-861
101000305,2182,1742,440
101000328,128,443,-315
101900001,7,90,-83
101900002,0,15,-15
101900003,141,70,71
101900004,7,30,-23
101900005,6317,1258,5059
101900006,930,250,680
101900007,517,38,479
101900008,163,245,-82
101900009,32,460,-428
101900010,1112,589,523
101900011,217,1035,-818
101900012,150,269,-119
101900013,1428,128,1300
101900017,21,97,-76
101900018,1954,141,1813
101900019,375,144,231
101900020,254,88,166
101900021,0,48,-48
101900022,75,1654,-1579
101900023,36,304,-268
101900026,106,41,65
101900027,13,123,-110
102000001,1662,2388,-726
102000002,807,456,351
102000003,3352,4584,-1232
102000004,5613,2338,3275
102000005,1565,2135,-570
102000006,4696,2282,2414
102000007,1299,3993,-2694
102000008,3372,1970,1402
102000009,4506,6419,-1913
102000010,4922,3371,1551
102000011,3521,3677,-156
102000012,8267,6264,2003
102000018,2936,2189,747
102000019,3168,1711,1457
102000026,292,1004,-712
102000029,398,292,106
102000030,69,323,-254
102000031,30,220,-190
102000032,282,530,-248
102000033,159,510,-351
102000034,458,517,-59
102000035,887,767,120
102000036,4,435,-431
102000038,44,17,27
102000039,460,69,391
102000040,641,112,529
102000041,320,343,-23
102000042,301,155,146
102000043,424,215,209
102000044,777,772,5
102000045,816,1344,-528
102000046,858,645,213
102000047,511,1537,-1026
102000048,228,642,-414
102000049,1081,830,251
102000050,1090,1188,-98
102000051,452,658,-206
102000052,1260,1003,257
102000053,951,827,124
102000054,391,1064,-673
102000055,706,1537,-831
102000056,564,2011,-1447
102000057,968,578,390
102000058,1002,2708,-1706
102000059,873,1583,-710
102000060,1009,1097,-88
102000061,1086,2682,-1596
102000062,932,1370,-438
102000063,1269,1818,-549
102000064,576,680,-104
102000065,35,135,-100
102000066,831,1838,-1007
102000067,2091,2474,-383
102000068,12866,3702,9164
102000069,93,2726,-2633
102000070,1855,62,1793
102000071,7873,10348,-2475
102000072,3074,6994,-3920
102000073,797,1238,-441
102000074,499,828,-329
102000075,139,455,-316
102000076,264,719,-455
102000077,284,1714,-1430
102000078,490,1046,-556
102000079,170,339,-169
102000080,52,68,-16
102000081,239,953,-714
102000082,1040,803,237
102000083,307,624,-317
102000084,116,509,-393
102000085,1630,1427,203
102000086,853,1162,-309
102000087,831,2148,-1317
102000088,261,340,-79
102000089,830,570,260
102000090,422,1339,-917
102000091,1454,466,988
102000092,317,825,-508
102000093,767,724,43
102000094,912,636,276
102000095,771,921,-150
102000096,762,765,-3
102000097,948,885,63
102000098,574,946,-372
102000099,969,499,470
102000100,888,1151,-263
102000101,1436,537,899
102000102,365,3498,-3133
102000103,1376,309,1067
102000104,1253,439,814
102000105,267,1047,-780
102000106,524,1153,-629
102000107,423,516,-93
102000108,486,366,120
102000109,515,784,-269
102000110,332,957,-625
102000111,401,1772,-1371
102000112,141,79,62
102000113,8,45,-37
102000114,1595,854,741
102000115,180,222,-42
102000116,458,293,165
102000117,240,598,-358
102000118,1899,1066,833
102000119,3189,673,2516
102000120,184,529,-345
102000121,755,797,-42
102000122,360,753,-393
102000123,1357,897,460
102000124,891,921,-30
102000125,778,897,-119
102000126,542,742,-200
102000127,789,795,-6
102000128,485,1054,-569
102000129,706,1147,-441
102000130,350,810,-460
102000131,839,755,84
102000132,388,913,-525
102000133,1018,2674,-1656
102000134,478,852,-374
102000135,1231,1216,15
102000136,1278,507,771
102000137,804,852,-48
102000138,188,361,-173
102000139,67,326,-259
102000140,397,258,139
102000141,129,474,-345
102000142,184,400,-216
102000143,81,663,-582
102000144,113,524,-411
102000145,223,502,-279
102000146,224,314,-90
102000147,284,297,-13
102000148,252,308,-56
102000149,133,757,-624
102000150,131,378,-247
102000151,166,460,-294
102000152,67,241,-174
102000153,911,332,579
102000154,548,752,-204
102000155,111,270,-159
102000156,579,42,537
102000157,169,151,18
102000158,661,310,351
102000159,2028,352,1676
102000161,4954,1559,3395
102000162,412,254,158
102000163,87,355,-268
102000164,1029,755,274
102000165,250,115,135
102000166,61,155,-94
102000167,154,141,13
102000168,113,119,-6
102000169,80,508,-428
102000170,593,124,469
102000171,189,86,103
102000172,58,271,-213
102000173,438,219,219
102000174,23,49,-26
102000175,136,181,-45
102000176,37,50,-13
102000178,243,702,-459
102000179,290,274,16
102000180,415,723,-308
102000181,301,804,-503
102000182,371,862,-491
102000183,1193,2616,-1423
102000184,485,345,140
102000185,1486,2233,-747
102000186,925,1747,-822
102000187,624,2492,-1868
102000188,579,1707,-1128
102000189,3610,2134,1476
102000190,588,2213,-1625
102000191,1261,681,580
102000192,772,1109,-337
102000193,31,243,-212
102000194,38,155,-117
102000195,440,663,-223
102000196,120,826,-706
102000197,383,627,-244
102000198,115,1250,-1135
102000199,450,419,31
102000200,251,1792,-1541
102000201,421,586,-165
102000202,3,219,-216
102000203,268,484,-216
102000204,266,1317,-1051
102000205,715,723,-8
102000206,648,944,-296
102000207,853,469,384
102000208,439,711,-272
102000209,29,69,-40
102000210,354,718,-364
102000211,269,585,-316
102000212,108,13,95
102000213,4,573,-569
102000214,139,36,103
102000215,6,831,-825
102000216,92,47,45
102000217,2,280,-278
102000218,110,69,41
102000219,523,381,142
102000225,844,963,-119
102000226,2914,532,2382
102000227,122,2,120
102000228,1,143,-142
102000229,29,15,14
102000230,242,803,-561
102000231,496,627,-131
102000232,8,294,-286
102000233,845,1171,-326
102000234,113,1303,-1190
102000236,311,141,170
102000237,604,245,359
102000238,395,522,-127
102000240,646,609,37
102000241,140,126,14
102000243,33,91,-58
102000245,13,85,-72
102000246,10,22,-12
102000247,1460,1009,451
102000248,886,1060,-174
102000249,374,576,-202
102000250,70,585,-515
102000254,47,555,-508
102000266,33,190,-157
102000271,31,0,31
102000286,555,381,174
102000297,2000,1386,614
102000303,0,0,0
102000305,0,0,0
102000307,0,2,-2
102900001,1036,1519,-483
102900002,230,23,207
102900003,34,386,-352
102900005,281,460,-179
102900006,485,350,135
102900007,361,21,340
102900008,205,135,70
102900009,393,181,212
102900010,633,470,163
102900011,2096,327,1769
102900012,317,77,240
102900013,5,79,-74
102900015,878,340,538
102900016,25,118,-93
102900017,54,644,-590
102900018,22,204,-182
102900019,367,598,-231
102900020,76,47,29
102900021,12,131,-119
102900022,535,54,481
102900023,26,91,-65
102900024,29,42,-13
102900025,306,133,173
102900026,672,1290,-618
102900027,34,65,-31
102900028,87,507,-420
102900029,170,138,32
102900030,259,213,46
102900031,102,232,-130
102900032,21,128,-107
102900033,49,188,-139
102900034,236,166,70
102900035,50,612,-562
102900036,163,879,-716
102900037,181,883,-702
102900038,360,765,-405
102900039,16,347,-331
102900040,114,215,-101
102900041,54,226,-172
102900042,127,509,-382
102900043,110,310,-200
102900044,567,2200,-1633
102900045,62,671,-609
102900046,76,377,-301
102900047,52,871,-819
102900048,513,930,-417
102900049,67,542,-475
102900050,254,388,-134
102900051,155,291,-136
102900053,282,982,-700
102900054,974,876,98
102900055,81,58,23
102900056,116,562,-446
102900057,3,23,-20
102900058,278,72,206
102900059,13,43,-30
102900060,111,488,-377
102900061,94,622,-528
102900062,151,1839,-1688
102900063,653,494,159
102900064,56,416,-360
102900065,2170,375,1795
102900066,261,78,183
102900068,82,73,9
102900070,158,804,-646
102900072,11,31,-20
102900073,126,11,115
102900075,46,50,-4
102900076,373,32,341
102900077,35,31,4
102900078,66,80,-14
102900079,197,11,186
102900080,323,33,290
102900081,72,409,-337
102900082,24,248,-224
102900083,277,4,273
102900084,3,20,-17
102900085,126,67,59
102900086,3,44,-41
102900087,83,136,-53
102900088,44,39,5
102900089,228,148,80
102900090,1,587,-586
102900091,96,4,92
102900092,169,1382,-1213
102900094,0,62,-62
102900095,115,5,110
102900096,41,26,15
102900097,2,168,-166
103000001,2585,3290,-705
103000002,2662,2700,-38
103000003,3771,2911,860
103000004,1127,631,496
103000005,2594,2662,-68
103000006,615,1641,-1026
103000007,476,983,-507
103000008,740,820,-80
103000009,732,857,-125
103000010,247,265,-18
103000011,1757,1049,708
103000012,1154,1570,-416
103000013,6520,2123,4397
103000014,1252,1945,-693
103000015,2795,983,1812
103000016,629,1071,-442
103000017,175,392,-217
103000018,1262,426,836
103000019,183,219,-36
103000020,2000,1350,650
103000021,1446,1622,-176
103000022,1368,1235,133
103000023,504,1418,-914
103000024,172,206,-34
103000025,75,366,-291
103000026,1775,137,1638
103000027,210,423,-213
103000028,635,331,304
103000029,318,195,123
103000030,1842,632,1210
103000031,1422,1840,-418
103000032,1621,1726,-105
103000033,2411,2690,-279
103000034,1391,861,530
103000035,377,1195,-818
103000036,365,519,-154
103000037,528,415,113
103000038,394,961,-567
103000039,184,547,-363
103000040,255,1427,-1172
103000041,1446,3253,-1807
103000042,737,991,-254
103000043,352,1522,-1170
103000044,162,292,-130
103000046,213,455,-242
103000047,717,725,-8
103000048,163,190,-27
103000049,75,205,-130
103000050,667,939,-272
103000051,303,682,-379
103000052,704,546,158
103000053,178,568,-390
103000054,1890,1362,528
103000055,1449,2073,-624
103000056,676,2975,-2299
103000057,268,318,-50
103000058,339,1206,-867
103000059,315,907,-592
103000060,655,1102,-447
103000061,295,965,-670
103000062,820,996,-176
103000063,591,708,-117
103000064,87,350,-263
103000065,4,387,-383
103000066,128,10,118
103000069,183,364,-181
103000070,813,1675,-862
103000071,833,437,396
103000072,123,1264,-1141
103000073,394,126,268
103000074,508,97,411
103000075,150,1058,-908
103000076,214,254,-40
103000077,29,457,-428
103000078,1570,452,1118
103000079,1882,607,1275
103000080,1184,275,909
103000081,568,839,-271
103000082,496,267,229
103000083,94,424,-330
103000084,162,6,156
103000085,6,83,-77
103000086,1062,391,671
103000087,158,422,-264
103000088,513,364,149
103000089,325,477,-152
103000090,1585,1076,509
103000091,479,402,77
103000092,249,299,-50
103000093,321,610,-289
103000094,152,114,38
103000095,32,464,-432
103000096,673,123,550
103000097,60,740,-680
103000098,862,168,694
103000099,368,750,-382
103000100,76,1273,-1197
103000101,471,141,330
103000102,80,957,-877
103000103,463,313,150
103000104,66,170,-104
103000105,117,188,-71
103000106,6,82,-76
103000107,304,60,244
103000108,1126,616,510
103000109,498,318,180
103000110,478,430,48
103000111,545,318,227
103000112,317,236,81
103000113,807,719,88
103000114,1769,367,1402
103000115,372,717,-345
103000116,366,729,-363
103000117,269,687,-418
103000118,2119,1136,983
103000119,2925,683,2242
103000120,50,72,-22
103000121,263,690,-427
103000122,418,312,106
103000125,6,565,-559
103000126,319,4,315
103000127,3,264,-261
103000128,129,0,129
103000129,2,226,-224
103000130,30,23,7
103000131,247,93,154
103000132,45,106,-61
103000133,11,165,-154
103000134,725,601,124
103000135,1000,223,777
103000136,844,346,498
103000137,795,584,211
103000138,905,645,260
103000139,8,50,-42
103000140,217,31,186
103000141,40,143,-103
103000142,132,85,47
103000143,63,253,-190
103000144,188,127,61
103000145,48,36,12
103000150,88,84,4
103000152,459,244,215
103000153,373,181,192
103000156,3,596,-593
103000157,253,5,248
103000159,52,47,5
103000162,72,15,57
103000163,12,33,-21
103000164,24,21,3
103000165,299,593,-294
103000166,188,178,10
103000167,220,110,110
103000168,88,185,-97
103000169,151,372,-221
103000170,393,629,-236
103000171,88,67,21
103000172,235,393,-158
103000173,283,1090,-807
103000174,137,371,-234
103000175,133,541,-408
103000176,1013,424,589
103000177,912,475,437
103000178,375,295,80
103000179,130,38,92
103000183,57,41,16
103000185,70,133,-63
103000186,103,170,-67
103000187,250,919,-669
103000188,2,60,-58
103000189,1349,1381,-32
103000191,392,650,-258
103000292,2996,1152,1844
103000293,1440,1206,234
103000295,114,66,48
103000296,298,3,295
103000297,14,6,8
103000504,126,22,104
103000505,10,5,5
103000506,2,252,-250
103000507,164,1,163
103000508,54,22,32
103000509,1284,832,452
103900001,2,525,-523
103900002,2150,175,1975
103900003,1358,26,1332
103900004,54,0,54
103900005,2,267,-265
103900006,0,0,0
103900007,19,3,16
103900008,35,0,35
103900010,126,344,-218
103900012,14,20,-6
103900014,13,18,-5
103900015,27,16,11
103900017,36,97,-61
103900018,840,241,599
103900019,39,241,-202
103900020,206,403,-197
103900021,902,50,852
103900022,989,624,365
103900023,115,1,114
103900024,91,822,-731
103900025,7,48,-41
103900026,65,0,65
103900027,513,345,168
103900028,107,314,-207
103900029,825,133,692
103900030,518,52,466
103900031,57,22,35
103900032,68,43,25
103900033,51,2,49
103900034,36,431,-395
103900035,87,76,11
103900036,49,19,30
103900037,37,67,-30
103900038,77,128,-51
103900039,24,615,-591
103900040,7,217,-210
103900041,27,32,-5
103900042,29,660,-631
103900043,94,193,-99
103900044,220,224,-4
103900045,196,200,-4
103900047,36,38,-2
103900048,48,21,27
103900049,250,1641,-1391
103900050,9,59,-50
103900051,0,38,-38
103900052,161,802,-641
103900053,115,1467,-1352
103900054,57,730,-673
103900055,381,299,82
103900056,27,64,-37
103900057,19,333,-314
103900058,101,808,-707
103900059,0,1,-1
103900060,30,310,-280
103900061,46,90,-44
103900062,213,68,145
103900063,2,0,2
103900064,78,2,76
103900065,1035,311,724
103900066,74,7,67
103900067,66,5,61
103900068,2,0,2
103900069,53,7,46
103900070,127,396,-269
103900071,21,228,-207
103900072,6,415,-409
103900073,13,10,3
103900074,41,133,-92
103900075,142,134,8
103900076,321,944,-623
103900077,45,66,-21
103900078,114,127,-13
103900079,84,255,-171
103900080,5,16,-11
103900081,132,26,106
103900082,10,172,-162
103900083,2156,879,1277
103900084,25,157,-132
103900085,70,109,-39
103900086,357,351,6
103900088,373,265,108
103900089,60,222,-162
103900090,3,301,-298
103900091,903,235,668
103900092,505,670,-165
103900093,105,357,-252
103900094,7,155,-148
103900095,259,195,64
103900096,17,370,-353
103900097,1,591,-590
103900098,162,84,78
103900099,47,286,-239
103900100,150,447,-297
103900101,62,1147,-1085
103900102,2,28,-26
103900104,0,39,-39
103900105,104,254,-150
103900106,0,20,-20
103900107,117,320,-203
103900108,50,540,-490
103900109,47,96,-49
103900110,198,40,158
103900111,29,1027,-998
103900112,60,67,-7
103900113,132,187,-55
103900114,599,434,165
103900115,206,121,85
103900116,9296,2047,7249
103900117,297,156,141
103900119,31,38,-7
103900120,32,130,-98
103900122,27,489,-462
103900123,2017,557,1460
103900124,36,818,-782
103900125,85,127,-42
103900126,348,806,-458
103900127,200,874,-674
103900128,273,525,-252
103900131,20,183,-163
103900133,1104,51,1053
103900134,0,1,-1
103900135,12,4,8
103900137,0,57,-57
103900138,58,503,-445
103900139,1167,1237,-70
103900140,1,57,-56
103900141,269,83,186
103900142,41,281,-240
103900143,43,4,39
103900144,0,73,-73
103900145,86,394,-308
103900146,214,424,-210
103900147,202,88,114
103900148,248,642,-394
103900149,162,1017,-855
103900150,9188,2660,6528
103900151,41,264,-223
103900152,248,869,-621
103900153,3,3,0
103900154,1217,1134,83
103900155,22,298,-276
103900156,12,223,-211
103900157,11,348,-337
103900158,46,317,-271
103900159,50,76,-26
103900160,35,24,11
103900161,55,216,-161
103900162,227,1178,-951
103900163,9,541,-532
103900167,9,99,-90
103900168,90,151,-61
103900169,18,49,-31
103900170,1,164,-163
103900171,4,109,-105
103900172,10,65,-55
103900173,14,12,2
103900174,73,66,7
103900175,93,33,60
103900176,2,26,-24
103900177,6,43,-37
103900178,27,178,-151
103900179,43,468,-425
103900180,13,193,-180
103900181,60,64,-4
103900182,39,17,22
103900184,864,46,818
103900185,472,120,352
103900187,101,48,53
103900188,39,14,25
103900189,100,2,98
103900190,52,49,3
103900191,29,57,-28
103900192,29,130,-101
103900193,158,146,12
103900194,67,426,-359
103900195,1,37,-36
103900196,20,38,-18
103900197,5,32,-27
103900198,19,83,-64
103900199,106,141,-35
103900200,96,184,-88
103900201,93,223,-130
103900202,3,68,-65
103900203,29,18,11
103900204,1,179,-178
103900207,1,257,-256
103900208,45,4,41
103900209,5,173,-168
103900210,20,32,-12
103900211,300,827,-527
103900212,117,913,-796
103900213,151,244,-93
103900214,488,141,347
103900215,615,261,354
103900216,11,582,-571
103900217,368,9,359
103900218,30,460,-430
103900219,118,550,-432
103900233,23,1,22
103900235,38,17,21
103900236,27,7,20
103900242,1,12,-11
103900243,4,14,-10
103900244,89,338,-249
103900245,104,233,-129
103900246,112,18,94
103900247,44,101,-57
103900248,3,34,-31
103900249,12,30,-18
103900250,61,25,36
103900251,2,73,-71
103900253,32,72,-40
103900254,15,29,-14
103900255,21,15,6
103900256,31,23,8
103900257,219,126,93
103900258,39,3,36
103900259,85,8,77
103900261,6,2,4
103900262,18,5,13
103900263,83,54,29
103900264,90,25,65
103900265,66,11,55
103900266,0,55,-55
103900267,3,64,-61
103900268,8,223,-215
103900269,132,53,79
103900270,22,198,-176
103900271,25,315,-290
103900272,80,110,-30
103900273,25,178,-153
103900274,38,5,33
103900275,20,4,16
103900276,4,181,-177
103900277,2,126,-124
103900278,7,74,-67
103900279,1,13,-12
103900280,1,366,-365
104000001,2073,2717,-644
104000002,1681,3795,-2114
104000003,2104,2683,-579
104000004,3236,3271,-35
104000005,1262,2112,-850
104000006,2614,3852,-1238
104000007,4731,4588,143
104000008,290,633,-343
104000009,101,149,-48
104000010,131,254,-123
104000011,1082,441,641
104000012,165,634,-469
104000013,143,179,-36
104000014,263,909,-646
104000015,224,231,-7
104000016,603,544,59
104000018,531,224,307
104000019,420,130,290
104000020,287,992,-705
104000021,318,818,-500
104000022,179,380,-201
104000023,462,447,15
104000024,226,522,-296
104000026,66,399,-333
104000027,311,565,-254
104000028,327,368,-41
104000029,599,685,-86
104000030,271,321,-50
104000031,725,368,357
104000032,244,444,-200
104000033,580,554,26
104000034,361,472,-111
104000035,548,623,-75
104000036,570,845,-275
104000037,258,388,-130
104000038,312,686,-374
104000039,190,502,-312
104000040,738,473,265
104000041,742,417,325
104000042,256,550,-294
104000043,365,547,-182
104000044,285,1224,-939
104000045,1113,1822,-709
104000046,1747,1988,-241
104000047,634,1772,-1138
104000048,1165,2228,-1063
104000049,413,361,52
104000050,174,676,-502
104000051,113,956,-843
104000052,1184,2052,-868
104000053,688,1047,-359
104000054,314,458,-144
104000055,3881,3079,802
104000056,1986,298,1688
104000057,234,801,-567
104000058,643,1028,-385
104000059,553,1621,-1068
104000060,652,1475,-823
104000061,1170,1644,-474
104000062,349,431,-82
104000064,669,436,233
104000065,123,478,-355
104000069,2004,875,1129
104000070,49,325,-276
104000071,352,606,-254
104000072,724,553,171
104000075,47,382,-335
104000076,455,27,428
104000082,1891,2632,-741
104000083,671,261,410
104000084,92,524,-432
104000085,268,260,8
104000086,176,477,-301
104000087,381,1089,-708
104000090,650,2141,-1491
104000092,641,3641,-3000
104000094,751,2640,-1889
104000095,1452,1812,-360
104000096,950,637,313
104000097,1188,1503,-315
104000098,1256,1900,-644
104000100,971,823,148
104000101,864,3472,-2608
104000106,280,737,-457
104000107,554,618,-64
104000108,436,769,-333
104000109,224,60,164
104000110,862,1089,-227
104000111,6085,1988,4097
104000112,2604,669,1935
104000116,7,1532,-1525
104000117,76,1636,-1560
104000118,315,334,-19
104000119,321,282,39
104000120,188,1517,-1329
104000121,218,817,-599
104000122,439,730,-291
104000123,1067,1411,-344
104000124,1239,3142,-1903
104000125,6298,3153,3145
104000126,280,461,-181
104000127,1598,4102,-2504
104000128,740,542,198
104000129,486,25,461
104000130,18,226,-208
104000131,1154,790,364
104000132,1042,1079,-37
104000133,986,1090,-104
104000134,709,1742,-1033
104000135,298,1224,-926
104000136,676,2893,-2217
104000137,1384,287,1097
104000138,1332,491,841
104000139,9440,3097,6343
104000141,1114,2507,-1393
104000142,726,1372,-646
104000143,550,1022,-472
104000144,88,265,-177
104000145,377,186,191
104000146,418,707,-289
104000147,105,483,-378
104000148,206,182,24
104000149,154,477,-323
104000150,595,539,56
104000151,359,752,-393
104000152,432,866,-434
104000153,379,579,-200
104000154,1128,862,266
104000155,334,450,-116
104000157,1149,2431,-1282
104000158,285,326,-41
104000159,506,399,107
104000160,1569,1782,-213
104000161,297,194,103
104000162,73,165,-92
104000165,2018,1368,650
104000167,441,791,-350
104000168,380,4,376
104000169,36,77,-41
104000170,638,342,296
104000248,250,1495,-1245
104000251,66,345,-279
104000272,0,0,0
104000273,0,0,0
104000274,0,0,0
104000275,0,0,0
104000279,4390,1619,2771
104000290,52,372,-320
104000291,653,1499,-846
104000293,816,956,-140
104000294,4,0,4
104000295,527,840,-313
104000296,329,1040,-711
104000297,1002,1737,-735
104000298,1694,1087,607
104000299,730,1871,-1141
104000302,95,244,-149
104000303,169,213,-44
104900001,104,566,-462
104900002,37,93,-56
104900003,37,430,-393
104900004,40,411,-371
104900005,140,176,-36
104900006,129,75,54
104900007,177,298,-121
104900009,90,588,-498
104900010,42,30,12
104900011,9,2,7
104900012,128,15,113
104900013,64,11,53
104900014,3874,321,3553
104900015,103,3,100
104900016,158,414,-256
104900017,90,274,-184
104900018,2,270,-268
104900019,304,1394,-1090
104900020,46,305,-259
104900021,3,496,-493
104900022,6,204,-198
104900023,1,221,-220
104900024,27,225,-198
104900025,68,595,-527
104900026,1,201,-200
104900027,255,259,-4
104900028,17,116,-99
104900029,30,169,-139
104900030,300,180,120
104900031,126,213,-87
104900032,38,210,-172
104900033,99,255,-156
104900034,198,88,110
104900035,122,98,24
104900036,117,80,37
104900037,121,540,-419
104900038,647,353,294
104900039,1325,138,1187
104900040,158,62,96
104900041,163,226,-63
104900042,96,590,-494
104900043,10,81,-71
104900044,316,189,127
104900045,282,42,240
104900046,115,132,-17
104900047,185,132,53
104900048,182,92,90
104900049,9,0,9
104900050,136,46,90
104900051,189,51,138
104900052,29,0,29
104900053,258,62,196
104900054,62,49,13
104900055,53,0,53
104900056,199,15,184
104900057,14,1,13
104900058,360,135,225
104900059,5,33,-28
104900061,291,709,-418
104900063,32,218,-186
104900064,2,232,-230
104900065,0,164,-164
104900066,0,437,-437
104900067,1,242,-241
104900068,13,291,-278
104900070,124,315,-191
104900071,2,991,-989
104900072,53,224,-171
104900073,28,512,-484
104900074,41,254,-213
104900075,40,158,-118
104900076,56,568,-512
104900077,2076,126,1950
104900078,141,839,-698
104900079,126,214,-88
104900080,48,604,-556
104900082,12,368,-356
104900085,21,396,-375
104900089,35,0,35
104900091,362,1081,-719
104900093,217,638,-421
104900097,4268,1385,2883
104900098,52,41,11
104900099,47,361,-314
104900100,1029,238,791
104900102,25,372,-347
104900103,396,128,268
104900106,44,140,-96
104900107,52,452,-400
104900108,37,578,-541
104900109,54,253,-199
104900110,3,60,-57
104900111,133,106,27
104900112,204,1269,-1065
104900113,483,566,-83
104900114,243,974,-731
104900115,413,758,-345
104900116,137,312,-175
104900118,7,108,-101
104900119,3,32,-29
104900120,212,125,87
104900121,0,161,-161
104900122,6,140,-134
104900123,21,2,19
104900124,34,0,34
104900125,321,174,147
104900126,83,86,-3
104900127,22,68,-46
104900128,32,103,-71
104900129,3178,1009,2169
105000001,2493,1994,499
105000002,2561,2081,480
105000003,3484,4277,-793
105000004,449,1287,-838
105000005,592,1367,-775
105000006,1057,1684,-627
105000007,1179,1611,-432
105000008,1056,2275,-1219
105000009,1371,3015,-1644
105000010,3201,3189,12
105000011,1655,2584,-929
105000012,3924,3795,129
105000013,661,1208,-547
105000014,1247,2121,-874
105000015,8260,6476,1784
105000016,4471,1817,2654
105000017,1797,1189,608
105000018,1385,1064,321
105000019,1518,917,601
105000020,198,270,-72
105000021,359,163,196
105000022,142,29,113
105000023,414,197,217
105000028,105,277,-172
105000029,574,1081,-507
105000030,4099,4151,-52
105000031,4,32,-28
105000033,1270,2821,-1551
105000034,191,616,-425
105000037,634,869,-235
105000038,1171,1381,-210
105000039,2723,2074,649
105000040,508,880,-372
105000041,400,1550,-1150
105000042,1974,1291,683
105000043,1982,2436,-454
105000044,315,356,-41
105000045,246,978,-732
105000046,715,450,265
105000047,493,1755,-1262
105000048,464,217,247
105000049,298,1043,-745
105000050,411,414,-3
105000051,288,757,-469
105000052,352,1247,-895
105000053,145,232,-87
105000054,235,1454,-1219
105000055,346,561,-215
105000056,884,4090,-3206
105000057,1108,1339,-231
105000058,1533,1876,-343
105000059,586,683,-97
105000060,639,983,-344
105000061,436,547,-111
105000062,1173,1759,-586
105000063,395,1078,-683
105000064,1094,706,388
105000065,460,1552,-1092
105000066,1096,3128,-2032
105000067,809,605,204
105000068,795,1247,-452
105000069,4853,1038,3815
105000070,1146,870,276
105000071,387,627,-240
105000072,1637,1491,146
105000073,839,562,277
105000074,754,1007,-253
105000075,600,875,-275
105000076,1591,1208,383
105000077,1907,796,1111
105000078,1529,1338,191
105000079,1761,1838,-77
105000080,1550,945,605
105000081,1513,730,783
105000082,612,451,161
105000083,1034,663,371
105000084,543,1315,-772
105000085,1282,922,360
105000086,700,1077,-377
105000087,4603,2352,2251
105000088,1464,1716,-252
105000089,2869,2329,540
105000090,788,905,-117
105000091,1463,1946,-483
105000092,628,1269,-641
105000093,273,192,81
105000094,233,219,14
105000095,96,370,-274
105000096,1141,685,456
105000097,998,684,314
105000098,718,599,119
105000099,1199,1646,-447
105000100,923,1534,-611
105000101,1739,2875,-1136
105000102,1207,2037,-830
105000103,1365,2955,-1590
105000104,1543,1601,-58
105000105,920,2814,-1894
105000106,926,2335,-1409
105000107,710,1507,-797
105000108,878,2906,-2028
105000109,1104,2333,-1229
105000110,678,1270,-592
105000111,773,694,79
105000112,1065,1240,-175
105000113,376,617,-241
105000114,5986,1266,4720
105000115,336,912,-576
105000116,744,534,210
105000117,945,2192,-1247
105000118,241,447,-206
105000119,491,1883,-1392
105000120,517,786,-269
105000121,847,1948,-1101
105000122,253,601,-348
105000123,1197,2158,-961
105000124,1225,1363,-138
105000125,672,2703,-2031
105000126,1895,3249,-1354
105000127,2419,2500,-81
105000128,527,2194,-1667
105000129,837,548,289
105000130,95,1417,-1322
105000131,738,425,313
105000132,610,509,101
105000133,366,1297,-931
105000134,661,675,-14
105000135,432,841,-409
105000136,136,494,-358
105000137,264,262,2
105000138,235,461,-226
105000139,972,1423,-451
105000140,256,611,-355
105000141,207,907,-700
105000142,132,693,-561
105000143,240,1080,-840
105000144,283,948,-665
105000145,479,688,-209
105000146,658,988,-330
105000147,579,505,74
105000148,1045,970,75
105000149,1764,2518,-754
105000150,2196,2060,136
105000151,498,460,38
105000152,191,957,-766
105000153,633,639,-6
105000154,723,1678,-955
105000155,275,638,-363
105000156,913,1503,-590
105000157,964,3697,-2733
105000158,1895,1063,832
105000159,304,2337,-2033
105000160,1545,777,768
105000161,896,2870,-1974
105000162,795,1643,-848
105000163,2507,1769,738
105000164,207,396,-189
105000165,2743,4706,-1963
105000166,10845,440,10405
105000167,4606,1407,3199
105000168,181,1402,-1221
105000169,316,526,-210
105000170,88,1698,-1610
105000171,1112,552,560
105000172,59,99,-40
105000173,52,50,2
105000174,23,41,-18
105000175,33,160,-127
105000176,169,98,71
105000177,213,148,65
105000178,100,1088,-988
105000179,228,165,63
105000180,83,103,-20
105000181,48,709,-661
105000182,50,48,2
105000183,3264,2123,1141
105000184,1106,876,230
105000185,911,692,219
105000186,377,1200,-823
105000187,526,260,266
105000188,242,91,151
105000189,165,674,-509
105000190,231,309,-78
105000191,397,520,-123
105000192,134,70,64
105000193,73,151,-78
105000194,319,84,235
105000195,248,1266,-1018
105000196,51,108,-57
105000197,203,688,-485
105000198,617,276,341
105000199,373,340,33
105000200,86,203,-117
105000201,102,20,82
105000203,22,507,-485
105000204,74,71,3
105000205,70,365,-295
105000207,502,167,335
105000208,220,431,-211
105000209,187,318,-131
105000211,85,32,53
105000212,1032,2311,-1279
105000213,135,156,-21
105000214,32,273,-241
105000215,171,392,-221
105000216,76,358,-282
105000217,90,311,-221
105000218,608,1542,-934
105000221,260,428,-168
105000222,144,71,73
105000223,124,227,-103
105000226,49,576,-527
105000227,51,287,-236
105000228,467,909,-442
105000229,62,262,-200
105000231,245,341,-96
105000233,609,610,-1
105000234,477,1503,-1026
105000235,288,558,-270
105000237,757,80,677
105000243,23,79,-56
105000248,33,40,-7
105000262,196,2485,-2289
105000269,102,216,-114
105000270,294,112,182
105000271,1,500,-499
105000282,244,62,182
105000287,246,170,76
105000288,375,632,-257
105000289,1534,844,690
105000290,11,3,8
105000402,5476,1828,3648
105000426,328,509,-181
105000438,1183,650,533
105000440,4,41,-37
105000446,17326,5140,12186
105000447,8396,2743,5653
105000454,250,1193,-943
105000455,252,297,-45
105000474,10,0,10
105000477,208,458,-250
105000478,1511,2389,-878
105000479,147,131,16
105000480,2338,1954,384
105000481,2373,2287,86
105000482,4650,3043,1607
105000483,1158,1233,-75
105000484,2557,2971,-414
105000485,1037,1571,-534
105000486,3321,2499,822
105000488,4715,3499,1216
105000489,652,962,-310
105000549,43,169,-126
105000550,544,1667,-1123
105000551,28,99,-71
105000552,4281,2112,2169
105000555,1249,757,492
105000556,39,59,-20
105000557,35,436,-401
105900001,6,1231,-1225
105900002,2301,412,1889
105900003,7,96,-89
105900004,186,122,64
105900005,4,312,-308
105900006,2,35,-33
105900007,31,15,16
105900008,32,883,-851
105900009,6,13,-7
105900011,74,36,38
105900012,205,154,51
105900013,0,17,-17
105900014,7,105,-98
105900015,134,441,-307
105900016,250,912,-662
105900017,686,64,622
105900018,208,502,-294
105900019,56,583,-527
105900020,36,97,-61
105900021,31,273,-242
105900022,166,483,-317
105900023,3,144,-141
105900024,1,160,-159
105900025,53,68,-15
105900026,258,43,215
105900027,5131,2856,2275
105900028,135,203,-68
105900029,2170,338,1832
105900030,174,253,-79
105900031,513,178,335
105900032,68,124,-56
105900033,61,123,-62
105900034,78,293,-215
105900035,119,204,-85
105900036,34,230,-196
105900037,47,99,-52
105900038,158,380,-222
105900039,71,253,-182
105900040,60,76,-16
105900041,185,744,-559
105900042,35,115,-80
105900043,2477,48,2429
105900044,4,144,-140
105900045,2,545,-543
105900046,1,173,-172
105900047,25,13,12
105900048,58,601,-543
105900050,1785,729,1056
105900051,8,1544,-1536
105900052,221,30,191
105900053,5228,1599,3629
105900054,268,419,-151
105900056,857,178,679
105900057,16,155,-139
105900058,14,60,-46
105900059,1,38,-37
106000001,3715,1656,2059
106000002,3170,5836,-2666
106000003,3418,3211,207
106000004,3226,3305,-79
106000005,2363,5589,-3226
106000006,5965,5862,103
106000007,380,560,-180
106000008,372,329,43
106000009,469,320,149
106000010,434,616,-182
106000011,606,1016,-410
106000012,612,1472,-860
106000013,1588,1823,-235
106000014,1621,2111,-490
106000015,1211,1147,64
106000016,1846,3613,-1767
106000017,755,786,-31
106000018,620,870,-250
106000019,263,554,-291
106000020,247,674,-427
106000021,393,607,-214
106000022,347,363,-16
106000023,636,656,-20
106000024,701,1049,-348
106000025,146,262,-116
106000026,153,494,-341
106000027,955,1649,-694
106000028,587,820,-233
106000029,959,1725,-766
106000030,1032,368,664
106000034,172,649,-477
106000035,1052,1173,-121
106000036,457,455,2
106000037,2021,2231,-210
106000038,502,87,415
106000039,158,69,89
106000040,158,1043,-885
106000041,959,342,617
106000043,682,107,575
106000046,455,43,412
106000047,78,475,-397
106000049,560,164,396
106000050,296,1249,-953
106000051,531,510,21
106000052,122,790,-668
106000053,214,100,114
106000054,373,572,-199
106000055,774,1471,-697
106000056,312,645,-333
106000057,209,299,-90
106000058,156,245,-89
106000059,284,282,2
106000060,613,753,-140
106000061,207,503,-296
106000062,141,804,-663
106000063,622,646,-24
106000064,65,531,-466
106000065,300,226,74
106000066,171,500,-329
106000067,203,133,70
106000068,88,760,-672
106000069,172,126,46
106000070,422,963,-541
106000071,849,454,395
106000072,7074,2085,4989
106000073,2206,2547,-341
106000074,398,961,-563
106000075,370,1429,-1059
106000076,1759,1883,-124
106000077,3991,1786,2205
106000078,840,1329,-489
106000079,604,1260,-656
106000080,1296,1092,204
106000081,696,1336,-640
106000082,2404,1195,1209
106000083,413,1609,-1196
106000084,994,871,123
106000085,1868,1358,510
106000086,683,848,-165
106000087,959,738,221
106000088,428,922,-494
106000089,1075,649,426
106000090,272,720,-448
106000091,314,1172,-858
106000092,804,384,420
106000093,341,93,248
106000094,102,656,-554
106000095,627,2111,-1484
106000096,952,921,31
106000097,757,2074,-1317
106000098,566,1317,-751
106000099,194,1349,-1155
106000100,954,330,624
106000101,1156,490,666
106000102,225,943,-718
106000103,291,982,-691
106000104,788,529,259
106000105,511,1365,-854
106000106,598,538,60
106000107,150,771,-621
106000108,238,484,-246
106000109,139,709,-570
106000110,110,368,-258
106000111,176,991,-815
106000112,130,471,-341
106000113,1851,954,897
106000114,483,488,-5
106000115,258,724,-466
106000116,239,335,-96
106000117,784,779,5
106000118,1008,1258,-250
106000119,2493,1396,1097
106000120,582,831,-249
106000121,207,345,-138
106000122,110,530,-420
106000123,211,483,-272
106000124,30,560,-530
106000125,39,483,-444
106000126,181,349,-168
106000127,733,1330,-597
106000128,775,611,164
106000129,581,906,-325
106000130,661,852,-191
106000131,156,1160,-1004
106000132,1365,254,1111
106000133,6729,1470,5259
106000134,1363,1550,-187
106000135,324,1667,-1343
106000136,765,846,-81
106000137,94,2765,-2671
106000138,1024,130,894
106000139,70,199,-129
106000140,49,185,-136
106000141,53,113,-60
106000142,52,125,-73
106000143,40,167,-127
106000144,30,74,-44
106000145,170,413,-243
106000146,285,283,2
106000147,617,1769,-1152
106000148,751,1732,-981
106000149,519,1354,-835
106000150,537,2318,-1781
106000151,8343,969,7374
106000152,1692,1709,-17
106000153,132,1984,-1852
106000154,2066,418,1648
106000155,64,292,-228
106000156,478,339,139
106000157,573,2235,-1662
106000158,4504,906,3598
106000159,6729,1546,5183
106000160,309,1787,-1478
106000161,1714,670,1044
106000162,204,747,-543
106000163,276,852,-576
106000164,277,357,-80
106000165,204,1228,-1024
106000166,763,274,489
106000167,371,2116,-1745
106000168,243,312,-69
106000169,170,1205,-1035
106000170,299,285,14
106000171,74,1488,-1414
106000172,1947,1132,815
106000173,811,4172,-3361
106000174,782,378,404
106000175,275,1536,-1261
106000176,942,967,-25
106000177,648,3312,-2664
106000178,2310,2329,-19
106000179,913,2892,-1979
106000180,623,2503,-1880
106000181,472,2671,-2199
106000182,599,1091,-492
106000183,605,1684,-1079
106000184,697,1634,-937
106000185,507,1061,-554
106000186,904,153,751
106000187,199,857,-658
106000188,0,0,0
106000189,2,77,-75
106000190,10,1,9
106000191,612,190,422
106000192,3,29,-26
106000193,426,139,287
106000194,146,300,-154
106000195,267,83,184
106000196,56,367,-311
106000197,245,507,-262
106000198,95,312,-217
106000199,938,408,530
106000200,717,179,538
106000201,510,1542,-1032
106000202,10548,689,9859
106000203,317,272,45
106000204,44,4,40
106000205,33,171,-138
106000206,64,26,38
106000207,45,1099,-1054
106000208,676,163,513
106000209,879,436,443
106000210,211,1971,-1760
106000211,330,1972,-1642
106000212,603,240,363
106000213,732,1646,-914
106000214,2645,496,2149
106000215,319,656,-337
106000216,495,404,91
106000217,352,638,-286
106000218,620,406,214
106000219,195,354,-159
106000220,400,334,66
106000221,109,411,-302
106000222,36,260,-224
106000223,85,173,-88
106000224,183,386,-203
106000225,107,48,59
106000226,173,498,-325
106000228,60,200,-140
106000229,143,991,-848
106000231,884,200,684
106000232,72,651,-579
106000233,234,200,34
106000234,48,268,-220
106000235,376,103,273
106000236,170,74,96
106000237,0,16,-16
106000238,30,12,18
106000239,2,172,-170
106000240,21,2,19
106000241,9,979,-970
106000242,194,22,172
106000249,90,125,-35
106000250,54,421,-367
106000251,19,26,-7
106000252,11,186,-175
106000253,43,72,-29
106000254,25,74,-49
106000255,25,85,-60
106000256,67,99,-32
106000257,106,328,-222
106000258,131,25,106
106000259,9,44,-35
106000260,35,5,30
106000261,1,71,-70
106000262,52,11,41
106000263,6,112,-106
106000264,156,19,137
106000265,4,142,-138
106000266,101,30,71
106000267,6,140,-134
106000268,601,35,566
106000269,100,70,30
106000270,196,449,-253
106000271,68,220,-152
106000272,104,55,49
106000273,4,236,-232
106000274,178,45,133
106000275,194,203,-9
106000276,114,60,54
106000277,178,252,-74
106000278,182,49,133
106000279,13,91,-78
106000280,33,286,-253
106000281,89,141,-52
106000282,76,62,14
106000283,104,170,-66
106000284,32,139,-107
106000285,137,235,-98
106000286,100,156,-56
106000287,59,137,-78
106000288,136,198,-62
106000289,90,158,-68
106000290,69,125,-56
106000291,74,229,-155
106000292,89,189,-100
106000293,89,125,-36
106000294,142,192,-50
106000295,50,45,5
106000296,57,138,-81
106000297,73,334,-261
106000298,143,61,82
106000299,105,213,-108
106000300,40,139,-99
106000301,53,93,-40
106000303,24,98,-74
106000304,24,72,-48
106000305,5,52,-47
106000306,57,120,-63
106000307,14,26,-12
106000308,15,246,-231
106000309,20,104,-84
106000310,175,796,-621
106000311,271,156,115
106000312,59,331,-272
106000313,111,223,-112
106000318,210,257,-47
106000319,721,172,549
106000320,5,19,-14
106000321,303,67,236
106000322,60,278,-218
106000324,12,199,-187
106000325,1191,886,305
106000326,2110,3013,-903
106000327,117,230,-113
106000328,10,124,-114
106000329,44,408,-364
106000330,21,46,-25
106000428,28,198,-170
106000429,117,883,-766
106000430,406,2077,-1671
106000431,1685,350,1335
106000432,2261,4282,-2021
106000433,1792,1080,712
106000434,2718,1178,1540
106000435,2433,3931,-1498
106000436,20,542,-522
106000437,173,21,152
106000438,150,84,66
106000439,22,599,-577
106000440,310,661,-351
106000441,0,0,0
106000442,222,2,220
106000443,95,707,-612
106000450,11,325,-314
106000451,27,41,-14
106000454,11,149,-138
106000455,42,190,-148
106000456,166,43,123
106000457,3,1513,-1510
106000458,302,518,-216
106000459,89,663,-574
106000460,582,98,484
106000461,79,2869,-2790
106000462,0,19,-19
106000463,1,65,-64
106000464,3,953,-950
106000465,250,0,250
106000466,3,1004,-1001
106000467,806,707,99
106000468,33,309,-276
106000469,676,12,664
106000470,218,1450,-1232
106000471,48,950,-902
106000472,101,16,85
106000473,37,38,-1
106000474,430,1399,-969
106000475,351,301,50
106000476,224,247,-23
106000477,38,266,-228
106000480,0,168,-168
106900001,1,37,-36
106900002,5,928,-923
106900003,226,1310,-1084
106900004,0,128,-128
106900006,0,36,-36
106900007,0,31,-31
106900008,146,520,-374
106900009,219,901,-682
106900010,283,545,-262
106900012,3507,1933,1574
106900013,558,67,491
106900014,31,4,27
106900015,13,1,12
106900016,108,2,106
106900017,9,0,9
106900018,1,0,1
106900019,16,0,16
106900020,4036,1281,2755
106900021,40,176,-136
106900022,249,2,247
106900023,0,318,-318
106900024,337,15,322
106900025,32,805,-773
106900026,3,1174,-1171
106900027,691,6,685
107000001,2772,1893,879
107000002,2805,3211,-406
107000003,3599,4919,-1320
107000004,4847,6248,-1401
107000005,2128,4137,-2009
107000006,3927,7744,-3817
107000007,3775,7168,-3393
107000008,14501,12226,2275
107000009,3973,4909,-936
107000010,12059,14043,-1984
107000011,1281,1441,-160
107000012,5273,4789,484
107000013,226,309,-83
107000014,21,332,-311
107000015,425,1090,-665
107000016,420,1722,-1302
107000017,2792,998,1794
107000018,5,316,-311
107000020,1417,454,963
107000021,826,951,-125
107000022,684,1479,-795
107000023,1491,404,1087
107000024,340,2164,-1824
107000025,140,477,-337
107000026,176,807,-631
107000027,871,1130,-259
107000028,1100,2452,-1352
107000029,1812,2126,-314
107000030,3416,4346,-930
107000031,2533,1858,675
107000032,335,957,-622
107000033,4310,4579,-269
107000034,6384,2556,3828
107000035,368,229,139
107000036,479,1334,-855
107000037,53,679,-626
107000038,266,235,31
107000039,719,708,11
107000040,153,336,-183
107000041,1584,753,831
107000042,752,1923,-1171
107000043,3924,1115,2809
107000044,809,366,443
107000045,188,356,-168
107000046,579,438,141
107000047,569,1120,-551
107000048,861,423,438
107000049,771,970,-199
107000050,1080,642,438
107000051,893,401,492
107000052,1168,950,218
107000053,383,225,158
107000054,70,348,-278
107000055,443,179,264
107000056,591,958,-367
107000057,3214,320,2894
107000058,1894,2314,-420
107000059,2607,3954,-1347
107000060,3008,5325,-2317
107000061,5752,5427,325
107000062,2736,2936,-200
107000063,4309,8206,-3897
107000064,3203,1901,1302
107000065,3945,7356,-3411
107000066,1206,2003,-797
107000067,722,893,-171
107000068,1280,543,737
107000069,893,465,428
107000070,373,1,372
107000071,1629,24,1605
107000072,34,4066,-4032
107000073,365,224,141
107000074,145,1756,-1611
107000075,1063,427,636
107000076,987,1581,-594
107000077,2031,997,1034
107000078,1918,3520,-1602
107000079,1582,600,982
107000080,1357,3658,-2301
107000081,817,584,233
107000082,457,2556,-2099
107000083,832,293,539
107000084,793,3851,-3058
107000085,2533,3114,-581
107000086,4077,3711,366
107000087,2390,1837,553
107000088,2617,4014,-1397
107000089,1309,1759,-450
107000090,1141,1533,-392
107000091,962,989,-27
107000092,866,1404,-538
107000093,921,782,139
107000094,1463,2107,-644
107000095,493,774,-281
107000096,594,1446,-852
107000097,574,384,190
107000098,557,1447,-890
107000099,457,278,179
107000100,422,488,-66
107000101,62,238,-176
107000102,402,477,-75
107000103,367,293,74
107000104,425,580,-155
107000105,359,146,213
107000106,202,491,-289
107000107,504,254,250
107000108,180,1293,-1113
107000109,374,164,210
107000110,95,1094,-999
107000111,187,61,126
107000112,29,683,-654
107000113,523,114,409
107000114,151,1459,-1308
107000115,438,82,356
107000116,122,1442,-1320
107000117,113,358,-245
107000118,252,417,-165
107000119,2629,1369,1260
107000120,4805,420,4385
107000121,490,1054,-564
107000122,1120,954,166
107000123,277,1169,-892
107000124,532,1156,-624
107000125,487,1278,-791
107000126,684,1278,-594
107000129,239,1963,-1724
107000130,394,253,141
107000131,508,1174,-666
107000132,517,341,176
107000133,360,189,171
107000134,149,1,148
107000135,10,278,-268
107000136,457,3,454
107000137,14,528,-514
107000138,260,13,247
107000139,14,402,-388
107000140,776,38,738
107000141,176,1066,-890
107000142,279,59,220
107000143,49,1065,-1016
107000144,259,281,-22
107000145,150,709,-559
107000146,166,196,-30
107000147,5136,1248,3888
107000150,974,1959,-985
107000151,26,56,-30
107000152,889,687,202
107000153,810,491,319
107000154,202,155,47
107000155,507,13,494
107000156,883,12,871
107000157,38,2751,-2713
107000158,406,16,390
107000159,54,2344,-2290
107000160,542,77,465
107000161,101,2876,-2775
107000162,162,255,-93
107000163,44,34,10
107000164,201,0,201
107000165,459,2,457
107000166,59,2075,-2016
107000167,390,380,10
107000168,618,352,266
107000169,1319,1064,255
107000170,992,569,423
107000171,474,2879,-2405
107000172,647,815,-168
107000173,747,2190,-1443
107000174,685,2809,-2124
107000175,12004,2574,9430
107000176,7,0,7
107000177,1,4,-3
107000178,10,66,-56
107000179,219,4169,-3950
107000180,898,426,472
107000181,542,2107,-1565
107000182,1358,1201,157
107000183,129,1143,-1014
107000184,883,1117,-234
107000185,491,1501,-1010
107000186,953,415,538
107000187,1078,1866,-788
107000188,411,636,-225
107000189,284,1109,-825
107000190,437,1181,-744
107000191,661,1645,-984
107000192,1351,1659,-308
107000193,300,382,-82
107000194,1048,1210,-162
107000197,770,247,523
107000198,382,946,-564
107000199,445,714,-269
107000200,1356,559,797
107000201,314,221,93
107000202,246,430,-184
107000203,555,373,182
107000204,928,523,405
107000205,1957,1006,951
107000206,875,893,-18
107000207,699,1116,-417
107000208,1109,356,753
107000209,2164,864,1300
107000210,982,424,558
107000211,5,44,-39
107000212,18,370,-352
107000213,12,26,-14
107000214,8,198,-190
107000215,243,646,-403
107000216,150,598,-448
107000217,80,167,-87
107000219,48,102,-54
107000220,122,300,-178
107000222,247,830,-583
107000224,241,49,192
107000225,134,752,-618
107000226,153,66,87
107000227,63,549,-486
107000228,98,170,-72
107000229,709,150,559
107000230,1223,713,510
107000231,1594,769,825
107000232,106,197,-91
107000233,1231,599,632
107000234,2,27,-25
107000235,55,4,51
107000236,14,387,-373
107000237,5,0,5
107000238,16,0,16
107000239,7353,551,6802
107000240,88,1891,-1803
107000243,1,76,-75
107000244,13,79,-66
107000246,1,1729,-1728
107000249,5,1391,-1386
107000251,0,359,-359
107000252,6,1799,-1793
107000255,1312,139,1173
107000257,1,851,-850
107000258,0,247,-247
107000259,3,316,-313
107000260,351,1,350
107000262,12,1120,-1108
107000263,214,2,212
107000266,3,7,-4
107000267,72,295,-223
107000268,190,217,-27
107000269,246,25,221
107000270,0,4,-4
107000271,7,1351,-1344
107000272,11,250,-239
107000273,9,299,-290
107000274,601,0,601
107000275,503,1201,-698
107000280,450,24,426
107000281,27,1670,-1643
107000282,29,1703,-1674
107000290,6,39,-33
107000291,10,16,-6
107000292,1,54,-53
107000293,56,9,47
107000294,0,29,-29
107000295,20,5,15
107000296,0,10,-10
107000444,166,6,160
107000496,0,18,-18
107000497,1297,3781,-2484
107000500,368,464,-96
107000501,111,335,-224
107000502,257,551,-294
107000505,1294,917,377
107000506,0,10,-10
107000508,7,944,-937
107000509,135,466,-331
107000510,15,14,1
107000514,21,266,-245
107000515,38,359,-321
107000516,286,248,38
107000518,954,672,282
107000519,6206,1541,4665
107000520,59,12,47
107000521,595,670,-75
107000522,558,1601,-1043
107900001,45,334,-289
107900002,12,2,10
107900003,169,81,88
107900004,0,1,-1
107900005,516,0,516
107900006,54,1,53
107900007,193,36,157
107900008,52,69,-17
107900009,114,4,110
107900010,15,1,14
107900012,380,15,365
107900013,255,115,140
107900014,15,2,13
107900015,537,7,530
107900016,444,100,344
107900017,5,1,4
107900018,67,70,-3
107900019,7,129,-122
107900020,25,12,13
107900021,24,238,-214
107900023,2,1,1
107900024,0,33,-33
107900025,168,323,-155
107900026,30,174,-144
107900027,78,57,21
107900028,21,116,-95
107900030,167,19,148
107900031,41,488,-447
107900032,1,4,-3
107900033,11,4,7
107900034,283,7,276
107900035,427,19,408
107900036,14,5,9
107900037,0,64,-64
107900038,165,103,62
107900039,5,114,-109
107900040,44,59,-15
107900041,0,3,-3
107900043,80,461,-381
107900044,11,2,9
107900045,51,24,27
107900046,140,111,29
107900047,17,138,-121
107900048,119,7,112
107900049,367,940,-573
107900050,103,433,-330
107900051,41,150,-109
107900052,5,4,1
107900053,17,123,-106
107900055,595,248,347
107900056,70,15,55
107900057,0,0,0
107900058,44,989,-945
107900060,4,65,-61
107900061,9,2,7
107900063,80,128,-48
107900064,387,48,339
107900065,132,9,123
107900066,4,2,2
107900067,0,0,0
107900068,150,187,-37
107900069,41,812,-771
107900070,73,22,51
107900071,17,1290,-1273
107900072,47,287,-240
107900073,45,182,-137
107900074,1206,156,1050
107900076,247,81,166
107900077,44,1,43
107900079,7,24,-17
107900080,87,155,-68
107900081,11,103,-92
107900082,12,18,-6
107900083,307,129,178
107900084,129,108,21
107900086,61,106,-45
107900087,383,70,313
107900088,31,4,27
107900089,254,868,-614
107900090,546,992,-446
107900091,221,699,-478
107900093,69,74,-5
107900095,3088,1225,1863
107900097,16,73,-57
107900098,45,196,-151
107900100,1017,817,200
107900101,1512,156,1356
107900102,34,5,29
107900103,44,138,-94
107900104,192,1,191
107900105,8,889,-881
107900106,17,1960,-1943
107900107,1212,184,1028
107900108,390,82,308
107900109,515,3,512
107900110,9,206,-197
107900111,13,1699,-1686
107900112,161,395,-234
107900113,100,150,-50
107900114,100,314,-214
107900115,3,69,-66
107900116,46,352,-306
107900117,328,558,-230
107900118,74,157,-83
107900119,33,133,-100
107900120,14,6,8
107900121,5,101,-96
107900122,1,31,-30
107900123,0,20,-20
107900124,28,28,0
107900125,24,206,-182
107900126,4,55,-51
107900127,428,123,305
107900128,120,73,47
107900129,33,78,-45
107900130,22,32,-10
107900131,488,114,374
107900132,112,628,-516
107900133,1,92,-91
107900134,12,13,-1
107900135,3,232,-229
107900136,44,41,3
107900137,69,113,-44
107900138,30,44,-14
107900139,12,55,-43
107900141,29,37,-8
107900142,89,1579,-1490
107900143,20,36,-16
107900144,2,171,-169
107900145,11,148,-137
107900146,20,180,-160
107900147,38,33,5
107900148,145,170,-25
107900149,2235,191,2044
107900150,88,1447,-1359
107900151,10,127,-117
107900152,11,340,-329
107900153,126,287,-161
107900154,29,16,13
107900155,39,36,3
107900156,2,493,-491
107900157,24,85,-61
107900158,496,22,474
107900159,28,1529,-1501
107900160,48,212,-164
107900161,16,419,-403
107900162,1,55,-54
107900163,39,23,16
107900164,6,41,-35
107900165,12,50,-38
107900166,18,384,-366
107900167,5,7,-2
107900168,5,50,-45
107900169,0,143,-143
107900171,10,3384,-3374
107900172,1,478,-477
107900173,6,268,-262
107900174,32,5,27
107900175,14,10,4
107900176,7,53,-46
107900177,0,36,-36
107900178,0,364,-364
107900179,4,190,-186
107900180,1464,220,1244
107900181,305,733,-428
107900182,3,2373,-2370
107900183,16,501,-485
107900184,51,276,-225
107900185,61,7,54
107900186,3,40,-37
107900187,1,162,-161
107900188,1053,87,966
107900189,15,152,-137
107900190,98,80,18
107900191,59,196,-137
107900193,56,65,-9
107900194,49,4,45
107900195,5766,537,5229
107900196,26,81,-55
107900197,820,224,596
107900199,3,1298,-1295
107900201,131,161,-30
107900203,34,58,-24
107900204,313,240,73
107900206,374,111,263
107900207,2,908,-906
107900208,10,1002,-992
107900209,370,126,244
107900210,64,191,-127
107900213,474,428,46
107900214,0,228,-228
107900215,175,270,-95
107900216,73,75,-2
107900217,18,56,-38
107900218,20,2058,-2038
107900219,47,218,-171
107900220,154,138,16
107900221,204,197,7
107900223,58,743,-685
107900224,194,341,-147
107900225,5,1178,-1173
107900226,67,146,-79
107900227,124,518,-394
107900228,21,112,-91
107900229,3,442,-439
107900230,25,211,-186
107900231,8,264,-256
107900232,60,351,-291
107900233,7,153,-146
107900234,122,222,-100
107900235,17,96,-79
107900236,56,84,-28
107900237,122,591,-469
107900238,12,121,-109
107900239,2008,388,1620
107900240,12,211,-199
107900241,7,83,-76
107900242,25,616,-591
107900243,1,38,-37
107900244,255,3,252
107900245,266,40,226
107900246,47,4,43
107900248,140,231,-91
107900249,321,8,313
107900250,0,753,-753
107900251,43,1798,-1755
107900252,448,3,445
107900253,84,0,84
107900254,61,275,-214
107900255,363,51,312
107900256,1115,626,489
107900257,77,65,12
107900258,66,312,-246
107900259,99,999,-900
107900261,1,505,-504
107900262,50,159,-109
107900264,128,1,127
107900265,131,281,-150
107900267,102,17,85
107900268,91,7,84
107900269,0,1,-1
107900270,0,0,0
107900271,1,11,-10
107900272,159,5,154
107900273,8,82,-74
107900274,13,1,12
107900275,1,1,0
107900276,0,66,-66
107900277,0,244,-244
107900278,143,355,-212
107900279,165,111,54
107900280,1701,1373,328
107900281,5440,1366,4074
107900282,107,262,-155
107900283,1615,364,1251
107900284,224,1007,-783
107900285,41,215,-174
107900286,55,81,-26
107900287,116,211,-95
107900290,0,108,-108
107900291,362,12,350
107900292,81,349,-268
107900293,60,785,-725
107900295,77,201,-124
107900297,20,349,-329
107900298,776,1202,-426
107900299,5268,2520,2748
107900301,384,420,-36
107900302,102,25,77
107900303,43,446,-403
107900304,116,715,-599
107900305,146,8,138
107900306,12,17,-5
107900307,30,418,-388
107900308,237,49,188
107900309,37,1,36
107900310,42,0,42
107900311,222,82,140
107900312,6,0,6
107900313,1,78,-77
107900314,0,54,-54
107900315,1,62,-61
107900316,51,1,50
107900317,59,1,58
107900318,9,170,-161
107900319,4,299,-295
107900320,0,206,-206
107900321,58,7,51
107900322,1,249,-248
107900323,13,186,-173
107900324,132,1,131
107900325,74,0,74
107900326,108,507,-399
107900327,5,5,0
107900328,5,0,5
107900329,4,3,1
107900330,4,864,-860
107900331,116,27,89
107900332,77,33,44
107900333,30,16,14
107900334,6,462,-456
107900335,51,100,-49
107900336,14,35,-21
107900337,1913,484,1429
107900338,2,131,-129
107900339,1,15,-14
107900340,0,102,-102
107900341,12,0,12
107900342,164,186,-22
107900343,22,1,21
107900344,2,196,-194
107900345,99,15,84
107900346,27,1,26
107900347,18,2,16
107900348,3,3,0
107900349,43,8,35
107900350,44,323,-279
107900351,1,320,-319
107900352,25,137,-112
107900353,8,5,3
107900354,27,132,-105
108000001,2096,3061,-965
108000002,2181,3499,-1318
108000003,2428,1997,431
108000004,18546,17233,1313
108000005,5103,3667,1436
108000006,6646,7682,-1036
108000007,3940,3279,661
108000008,6044,6595,-551
108000009,3031,3116,-85
108000010,3594,6105,-2511
108000011,9162,8630,532
108000012,20824,18771,2053
108000014,721,657,64
108000015,528,367,161
108000016,174,611,-437
108000017,632,408,224
108000018,1076,541,535
108000019,1322,685,637
108000020,1216,441,775
108000021,377,1832,-1455
108000022,539,1694,-1155
108000023,876,165,711
108000024,144,926,-782
108000025,159,50,109
108000026,423,805,-382
108000027,449,688,-239
108000028,322,307,15
108000029,296,1236,-940
108000030,350,211,139
108000031,206,586,-380
108000032,948,558,390
108000033,586,1621,-1035
108000034,1116,426,690
108000035,961,2991,-2030
108000036,359,2005,-1646
108000037,1414,364,1050
108000038,1859,412,1447
108000039,537,3840,-3303
108000040,1236,692,544
108000041,572,3582,-3010
108000042,218,331,-113
108000043,167,500,-333
108000044,192,218,-26
108000045,145,522,-377
108000046,905,290,615
108000047,407,1353,-946
108000048,73,758,-685
108000049,379,274,105
108000050,211,997,-786
108000051,183,94,89
108000052,237,860,-623
108000053,317,99,218
108000054,709,1284,-575
108000055,1086,380,706
108000056,1419,1785,-366
108000057,531,830,-299
108000058,2030,2565,-535
108000059,4441,2522,1919
108000060,162,478,-316
108000061,369,728,-359
108000062,415,448,-33
108000063,318,788,-470
108000064,129,293,-164
108000065,485,845,-360
108000066,1825,820,1005
108000067,1394,471,923
108000068,541,372,169
108000069,258,1465,-1207
108000070,1401,651,750
108000071,672,2120,-1448
108000072,1141,877,264
108000073,1536,2166,-630
108000074,280,397,-117
108000075,413,947,-534
108000076,669,473,196
108000077,862,839,23
108000078,1439,1627,-188
108000079,555,1734,-1179
108000080,700,650,50
108000081,691,3863,-3172
108000082,1093,2431,-1338
108000083,1420,842,578
108000084,458,1625,-1167
108000085,546,394,152
108000086,811,962,-151
108000087,128,1463,-1335
108000088,519,211,308
108000089,254,303,-49
108000091,81,864,-783
108000092,67,132,-65
108000093,127,1436,-1309
108000094,588,127,461
108000095,212,811,-599
108000096,181,202,-21
108000097,163,959,-796
108000098,702,1724,-1022
108000099,762,302,460
108000100,69,499,-430
108000101,610,1146,-536
108000102,1383,2448,-1065
108000106,711,1,710
108000107,4,855,-851
108000108,422,37,385
108000109,8,1083,-1075
108000110,242,266,-24
108000111,160,1136,-976
108000112,35,124,-89
108000113,613,390,223
108000115,437,653,-216
108000117,645,354,291
108000118,496,896,-400
108000119,790,612,178
108000120,76,771,-695
108000121,178,758,-580
108000122,279,384,-105
108000123,372,431,-59
108000124,195,420,-225
108000125,222,539,-317
108000126,106,741,-635
108000127,243,446,-203
108000128,436,853,-417
108000129,191,1428,-1237
108000130,254,346,-92
108000131,532,323,209
108000132,1805,1740,65
108000133,546,510,36
108000134,821,863,-42
108000135,860,297,563
108000136,1398,1971,-573
108000137,210,454,-244
108000138,306,1427,-1121
108000139,186,450,-264
108000140,17,33,-16
108000141,18,267,-249
108000142,40,290,-250
108000143,24,1159,-1135
108000144,181,75,106
108000145,27,113,-86
108000146,311,47,264
108000147,22,133,-111
108000148,248,70,178
108000149,49,75,-26
108000150,14,2,12
108000151,189,70,119
108000152,90,1012,-922
108000153,241,103,138
108000154,56,44,12
108000155,24,13,11
108000156,940,739,201
108000157,115,482,-367
108000158,74,519,-445
108000159,894,182,712
108000160,7395,899,6496
108000161,6149,1428,4721
108000165,5,71,-66
108000172,1,250,-249
108000173,3662,1564,2098
108000175,326,115,211
108000178,392,479,-87
108000179,252,611,-359
108000181,62,50,12
108000182,366,124,242
108000183,31,547,-516
108000184,1463,1669,-206
108000185,96,752,-656
108000186,168,918,-750
108000187,42,1118,-1076
108000188,271,293,-22
108000189,3184,3751,-567
108000190,81,281,-200
108000192,107,897,-790
108000193,911,55,856
108000194,29,38,-9
108000195,1,1738,-1737
108000196,97,165,-68
108000198,571,488,83
108000199,1,97,-96
108000200,132,1071,-939
108000203,79,1397,-1318
108000204,91,37,54
108000205,366,894,-528
108000339,1727,346,1381
108000364,366,882,-516
108000365,42,531,-489
108000367,155,467,-312
108000368,6,40,-34
108000369,1903,115,1788
108000371,11,892,-881
108000372,460,10,450
108000373,106,197,-91
108000376,41,25,16
108000377,275,499,-224
108000378,8176,8989,-813
108000379,26,180,-154
108000381,66,17,49
108000382,156,3,153
108000383,1,207,-206
108900001,131,1606,-1475
108900002,219,68,151
108900003,376,1624,-1248
108900004,243,191,52
108900007,98,134,-36
108900008,42,152,-110
108900009,45,100,-55
108900010,84,153,-69
108900011,219,467,-248
108900012,200,586,-386
108900013,52,275,-223
108900014,14,72,-58
108900015,0,8,-8
108900016,0,253,-253
108900017,116,152,-36
108900018,79,762,-683
108900019,10,1904,-1894
108900020,33,369,-336
108900021,53,355,-302
108900022,38,7,31
108900023,22,27,-5
108900024,8,166,-158
108900025,37,178,-141
108900026,8,108,-100
108900027,0,141,-141
108900028,35,625,-590
108900029,53,235,-182
108900030,0,146,-146
108900031,39,809,-770
108900032,6,360,-354
108900033,0,83,-83
108900034,1,436,-435
108900035,177,2195,-2018
108900038,1,545,-544
108900039,2,807,-805
108900040,4,207,-203
108900041,6368,2252,4116
108900042,4,306,-302
108900043,17,627,-610
108900044,2,978,-976
108900045,18,1054,-1036
108900046,64,1493,-1429
108900047,9,92,-83
108900048,92,1451,-1359
108900049,7976,836,7140
108900050,2,359,-357
108900051,1,335,-334
108900052,31,392,-361
108900053,117,134,-17
108900054,54,359,-305
108900055,57,567,-510
108900056,0,251,-251
108900057,0,223,-223
108900058,8,526,-518
108900059,252,10,242
108900060,38,124,-86
108900061,58,40,18
108900062,4,482,-478
108900063,9,439,-430
108900064,79,58,21
108900065,6,442,-436
108900066,181,77,104
108900067,4,276,-272
108900068,2,359,-357
108900069,30,141,-111
108900070,23,204,-181
108900071,26,53,-27
108900072,2951,278,2673
108900073,21,875,-854
108900074,88,742,-654
108900075,39,75,-36
108900076,130,85,45
108900077,153,832,-679
108900078,11,242,-231
108900079,1086,364,722
108900080,16,368,-352
108900081,55,375,-320
108900082,32,173,-141
108900083,17,139,-122
108900085,3230,184,3046
108900086,52,538,-486
108900087,147,265,-118
108900088,619,285,334
108900089,22,66,-44
108900090,12,573,-561
108900091,120,114,6
108900092,300,331,-31
108900093,62,53,9
108900094,199,107,92
108900095,69,935,-866
108900096,576,26,550
108900097,261,256,5
108900098,4192,400,3792
108900099,276,437,-161
108900100,29,187,-158
108900101,202,86,116
108900102,125,604,-479
108900103,46,58,-12
108900105,11,702,-691
108900106,180,774,-594
108900108,172,39,133
108900109,207,33,174
108900110,78,721,-643
108900111,212,1112,-900
108900113,65,29,36
108900114,52,18,34
108900115,32,84,-52
108900116,17,5,12
108900117,99,25,74
108900118,329,3,326
108900119,111,43,68
108900120,166,84,82
108900121,212,35,177
108900122,71,48,23
108900123,80,53,27
108900124,385,126,259
108900125,165,3,162
108900126,98,14,84
108900127,81,21,60
108900128,81,20,61
108900129,678,79,599
108900130,192,0,192
108900131,192,2,190
108900132,262,67,195
108900133,121,51,70
108900134,154,244,-90
108900135,88,4,84
108900136,12,0,12
108900137,70,1,69
108900138,386,26,360
108900140,152,225,-73
108900141,156,12,144
108900142,61,1,60
108900143,38,0,38
108900144,25,0,25
108900145,70,19,51
108900146,29,0,29
108900147,125,1,124
108900148,36,24,12
108900150,159,8,151
108900151,22,0,22
108900152,40,1,39
108900153,73,694,-621
108900154,2793,411,2382
108900156,42,16,26
108900157,8,881,-873
108900158,151,34,117
108900159,5,430,-425
108900160,12,365,-353
108900161,9,692,-683
108900162,58,2,56
108900163,9,166,-157
108900164,45,69,-24
108900168,12504,1871,10633
108900169,20,187,-167
108900171,11156,1800,9356
108900172,208,34,174
108900173,178,514,-336
108900174,408,369,39
108900176,128,961,-833
108900177,12308,3179,9129
108900178,6855,2481,4374
108900180,55,200,-145
108900183,200,209,-9
108900184,294,142,152
108900185,30,379,-349
108900186,26,429,-403
108900189,154,94,60
108900190,37,4756,-4719
108900192,63,303,-240
108900195,73,637,-564
108900196,18,918,-900
108900199,146,316,-170
108900200,372,269,103
108900201,320,1331,-1011
108900203,402,29,373
108900204,324,13,311
108900205,189,27,162
108900206,168,37,131
108900207,131,49,82
108900208,27,506,-479
108900209,231,696,-465
108900210,96,276,-180
108900211,100,349,-249
108900212,1012,756,256
108900215,108,927,-819
108900216,429,110,319
108900217,66,0,66
108900218,106,12,94
108900221,38,100,-62
108900224,19,110,-91
108900225,1,169,-168
108900227,116,132,-16
108900230,594,432,162
108900232,3,594,-591
108900233,155,40,115
108900234,167,54,113
108900235,221,799,-578
108900236,40,439,-399
108900240,43,89,-46
108900241,21,44,-23
108900245,4,605,-601
108900250,95,111,-16
108900258,14,406,-392
108900259,36,113,-77
108900260,3,166,-163
108900261,309,245,64
108900262,249,137,112
108900263,56,378,-322
108900264,530,381,149
108900265,1875,252,1623
108900266,1774,397,1377
108900267,3,84,-81
108900268,9,3,6
108900269,42,13,29
108900270,78,3,75
108900271,14,2,12
108900272,128,7,121
108900273,1068,475,593
108900274,17,111,-94
109000001,5004,1212,3792
109000002,4435,1233,3202
109000003,1947,752,1195
109000004,535,3053,-2518
109000005,1765,1192,573
109000006,736,2687,-1951
109000007,1112,952,160
109000008,497,2427,-1930
109000009,2924,1367,1557
109000010,1385,4644,-3259
109000011,2064,1692,372
109000012,1495,5803,-4308
109000013,2135,2172,-37
109000014,1346,5328,-3982
109000015,5030,5918,-888
109000016,14253,5263,8990
109000017,1696,1274,422
109000018,2480,4693,-2213
109000019,2360,1538,822
109000020,1559,3830,-2271
109000023,167,23,144
109000024,5,160,-155
109000025,334,462,-128
109000026,997,284,713
109000027,65,355,-290
109000028,132,99,33
109000029,105,149,-44
109000030,59,516,-457
109000031,82,107,-25
109000032,55,525,-470
109000033,238,93,145
109000034,38,72,-34
109000035,7,38,-31
109000036,62,510,-448
109000037,167,856,-689
109000038,541,474,67
109000039,656,393,263
109000040,4899,3008,1891
109000041,7967,1261,6706
109000042,1315,1215,100
109000044,290,212,78
109000045,136,658,-522
109000046,252,67,185
109000047,68,531,-463
109000048,1048,536,512
109000049,180,606,-426
109000050,475,761,-286
109000051,298,282,16
109000052,469,2632,-2163
109000053,733,322,411
109000054,157,1051,-894
109000055,88,177,-89
109000056,159,735,-576
109000057,293,217,76
109000058,1311,586,725
109000059,407,476,-69
109000060,410,220,190
109000061,1826,582,1244
109000062,103,180,-77
109000063,188,227,-39
109000064,76,240,-164
109000065,73,408,-335
109000066,202,170,32
109000067,42,554,-512
109000068,675,3,672
109000069,597,32,565
109000070,7,919,-912
109000071,325,56,269
109000072,105,716,-611
109000073,30,95,-65
109000074,25,309,-284
109000075,62,471,-409
109000076,110,196,-86
109000077,495,401,94
109000078,64,109,-45
109000079,110,309,-199
109000080,85,134,-49
109000081,69,848,-779
109000082,474,281,193
109000083,263,1230,-967
109000088,107,832,-725
109000089,187,25,162
109000090,147,844,-697
109000091,217,84,133
109000092,356,989,-633
109000093,177,143,34
109000094,238,1,237
109000095,85,953,-868
109000096,416,226,190
109000097,76,190,-114
109000098,71,76,-5
109000099,549,546,3
109000100,178,652,-474
109000101,646,1054,-408
109000102,237,912,-675
109000103,457,662,-205
109000104,874,838,36
109000105,381,1860,-1479
109000106,1238,813,425
109000107,513,2790,-2277
109000108,1171,597,574
109000109,377,2640,-2263
109000110,1042,472,570
109000111,961,2922,-1961
109000112,324,178,146
109000113,219,136,83
109000114,167,431,-264
109000115,1232,122,1110
109000116,11,581,-570
109000117,108,141,-33
109000118,5,394,-389
109000119,523,686,-163
109000120,175,1579,-1404
109000121,379,213,166
109000122,103,1541,-1438
109000123,33,464,-431
109000124,353,357,-4
109000125,357,405,-48
109000126,346,1220,-874
109000127,648,304,344
109000128,422,3620,-3198
109000129,1154,515,639
109000130,921,5350,-4429
109000131,1054,670,384
109000132,1082,4754,-3672
109000133,277,1043,-766
109000134,724,1697,-973
109000135,1072,1721,-649
109000136,410,486,-76
109000137,200,384,-184
109000138,276,560,-284
109000139,313,540,-227
109000140,176,1490,-1314
109000141,408,707,-299
109000142,88,777,-689
109000143,76,76,0
109000145,32,218,-186
109000146,112,59,53
109000148,4910,951,3959
109000149,27,20,7
109000150,137,235,-98
109000155,365,564,-199
109000156,1672,1156,516
109000158,15,258,-243
109000159,32,1024,-992
109000160,666,298,368
109000161,290,2111,-1821
109000162,1372,1142,230
109000163,740,2552,-1812
109000164,911,3384,-2473
109000165,751,727,24
109000166,427,102,325
109000167,44,1016,-972
109000170,47,47,0
109000171,48,48,0
109000172,57,95,-38
109000173,40,74,-34
109000174,48,84,-36
109000175,93,591,-498
109000176,204,308,-104
109000177,17,141,-124
109000178,403,794,-391
109000179,9934,2517,7417
109000180,5378,2796,2582
109000181,17,46,-29
109000182,25,46,-21
109000183,17,47,-30
109000184,69,55,14
109000185,54,133,-79
109000188,270,4150,-3880
109000189,1477,1050,427
109000190,389,610,-221
109000191,173,878,-705
109000192,279,240,39
109000193,119,675,-556
109000194,98,157,-59
109000195,76,616,-540
109000196,187,106,81
109000197,79,669,-590
109000198,184,66,118
109000199,68,767,-699
109000206,243,34,209
109000207,91,23,68
109000208,97,62,35
109000209,154,132,22
109000210,160,764,-604
109000211,368,415,-47
109000214,352,1960,-1608
109000215,82,77,5
109000216,311,135,176
109000217,129,87,42
109000218,200,133,67
109000221,374,1652,-1278
109000222,731,160,571
109000223,241,398,-157
109000224,38,473,-435
109000225,85,129,-44
109000226,87,803,-716
109000227,552,2065,-1513
109000228,0,390,-390
109000231,1,788,-787
109000232,126,573,-447
109000236,174,1096,-922
109000241,1858,2962,-1104
109000242,1358,2082,-724
109000293,62,175,-113
109000361,133,432,-299
109000364,140,837,-697
109000396,3,1205,-1202
109000397,255,5,250
109000399,221,873,-652
109000400,58,523,-465
109000403,44,561,-517
109000406,321,8,313
109000407,181,273,-92
109000408,2,1104,-1102
109000410,583,195,388
109000411,95,54,41
109000412,1,265,-264
109900001,82,0,82
109900002,503,7,496
109900003,115,0,115
109900005,7,1,6
109900006,191,461,-270
109900007,444,1224,-780
109900008,0,31,-31
109900009,76,1205,-1129
109900010,293,11,282
109900011,41,30,11
109900012,135,136,-1
109900013,263,124,139
109900014,266,54,212
109900015,341,151,190
109900016,60,59,1
109900017,97,123,-26
109900018,115,183,-68
109900019,108,118,-10
109900020,8,14,-6
109900021,10,6,4
109900022,86,561,-475
109900023,8,0,8
109900024,15,2,13
109900025,31,44,-13
109900027,27,15,12
109900028,4168,600,3568
109900029,4,952,-948
109900030,21,0,21
109900031,0,61,-61
109900032,4,357,-353
109900033,4,774,-770
109900034,12,2,10
109900035,9,7,2
109900036,6,109,-103
109900037,21,763,-742
109900038,49,260,-211
109900039,3,0,3
109900040,18,864,-846
109900041,57,747,-690
109900042,18,556,-538
109900044,101,371,-270
109900045,39,32,7
109900046,51,116,-65
109900047,326,387,-61
109900048,0,117,-117
109900049,3,29,-26
109900050,1,571,-570
109900051,0,67,-67
109900052,97,361,-264
109900053,9,890,-881
109900054,327,199,128
109900055,33,311,-278
109900056,15,121,-106
109900057,5,441,-436
109900058,1,178,-177
109900060,370,215,155
109900061,85,437,-352
109900062,0,447,-447
109900064,424,399,25
109900065,167,113,54
109900066,277,1447,-1170
109900067,4,656,-652
109900068,25,2,23
109900069,3,37,-34
109900071,0,33,-33
109900072,10,139,-129
109900073,164,1290,-1126
109900074,10,40,-30
109900075,20,25,-5
109900076,29,764,-735
109900077,20,29,-9
109900078,138,428,-290
109900080,82,520,-438
109900081,4,129,-125
109900082,31,868,-837
109900083,3,50,-47
109900084,26,204,-178
109900085,152,1922,-1770
109900086,86,318,-232
109900087,345,467,-122
109900089,380,128,252
109900092,362,11,351
109900093,482,84,398
109900094,44,91,-47
109900095,111,329,-218
109900096,20,1,19
109900097,62,0,62
109900098,249,31,218
109900099,122,0,122
109900100,35,0,35
109900101,205,6,199
109900102,285,18,267
109900103,10,33,-23
109900104,259,1711,-1452
109900105,331,38,293
109900106,167,85,82
109900107,269,74,195
109900108,67,705,-638
109900109,21,241,-220
109900111,290,2328,-2038
109900114,447,298,149
109900115,96,50,46
109900117,574,127,447
109900121,240,276,-36
109900123,7,269,-262
109900125,1,345,-344
109900126,120,264,-144
109900130,18842,1390,17452
109900131,107,183,-76
109900132,52,204,-152
109900134,36,47,-11
109900135,498,83,415
109900137,75,671,-596
109900140,191,612,-421
109900149,29,55,-26
109900150,5,56,-51
109900151,3,51,-48
109900152,0,27,-27
109900153,0,44,-44
109900154,24,0,24
109900155,35,10,25
109900157,57,417,-360
109900159,101,13,88
109900161,135,53,82
109900162,88,56,32
109900163,786,457,329
109900164,38,300,-262
109900165,95,5,90
109900166,1,186,-185
109900167,128,755,-627
109900168,92,676,-584
109900169,61,196,-135
109900170,260,542,-282
109900171,95,90,5
109900172,142,162,-20
109900173,5514,1564,3950
109900174,62,181,-119
109900175,38,86,-48
109900176,99,322,-223
109900177,43,397,-354
109900178,0,136,-136
109900179,5,42,-37
109900180,0,6,-6
110000001,792,654,138
110000002,607,456,151
110000003,761,609,152
110000004,550,468,82
110000005,802,1477,-675
110000006,920,442,478
110000007,134,226,-92
110000008,11,32,-21
110000009,36,78,-42
110000010,40,35,5
110000011,29,215,-186
110000012,979,678,301
110000013,40,514,-474
110000014,657,473,184
110000015,262,435,-173
110000016,290,1169,-879
110000017,5006,338,4668
110000018,4507,494,4013
110000019,10,220,-210
110000020,719,288,431
110000021,581,392,189
110000022,396,129,267
110000023,3,241,-238
110000024,517,564,-47
110000025,130,4,126
110000026,4,976,-972
110000027,557,407,150
110000028,535,758,-223
110000029,472,1441,-969
110000030,163,308,-145
110000031,233,919,-686
110000032,631,438,193
110000033,159,79,80
110000034,144,761,-617
110000035,360,1448,-1088
110000036,474,679,-205
110000037,127,970,-843
110000038,142,507,-365
110000039,629,2017,-1388
110000040,1017,509,508
110000041,257,1069,-812
110000042,106,334,-228
110000043,411,260,151
110000044,111,100,11
110000045,590,85,505
110000046,12,18,-6
110000047,7,14,-7
110000048,12,43,-31
110000049,36,1,35
110000050,8,39,-31
110000051,36,4,32
110000052,34,18,16
110000053,61,5,56
110000054,122,224,-102
110000055,417,24,393
110000056,122,26,96
110000057,274,1302,-1028
110000058,872,802,70
110000059,558,654,-96
110000060,425,751,-326
110000061,724,1002,-278
110000062,625,696,-71
110000063,38,47,-9
110000064,76,163,-87
110000065,35,66,-31
110000066,69,28,41
110000067,45,485,-440
110000068,150,913,-763
110000069,76,128,-52
110000071,51,127,-76
110000073,0,22,-22
110000075,5,96,-91
110000076,216,190,26
110000077,569,491,78
110000078,13,60,-47
110000080,264,704,-440
110000081,22,268,-246
110000082,34,219,-185
110000083,224,728,-504
110000084,637,490,147
110000085,2686,1548,1138
110000086,1253,1162,91
110000087,7,64,-57
110000088,60,249,-189
110000089,168,262,-94
110000090,79,433,-354
110000091,3061,367,2694
110000092,8,132,-124
110000093,45,16,29
110000094,598,250,348
110000095,57,544,-487
110000096,5599,1772,3827
110000097,769,1054,-285
110000098,1555,659,896
110000099,785,1777,-992
110000100,422,1263,-841
110000101,32,664,-632
110000102,28,43,-15
110000104,129,77,52
110000105,49,306,-257
110000106,449,236,213
110000107,514,533,-19
110000108,133,64,69
110000109,259,311,-52
110000110,4138,757,3381
110000111,6198,1550,4648
110000112,1635,530,1105
110000113,759,1272,-513
110000114,105,344,-239
110000115,251,268,-17
110000116,29,80,-51
110000117,129,872,-743
110000118,216,423,-207
110000119,145,646,-501
110000120,290,273,17
110000121,117,366,-249
110000122,1777,668,1109
110000123,393,325,68
110000124,4,689,-685
110000125,798,2,796
110000126,185,14,171
110000127,555,23,532
110000128,21,1165,-1144
110000129,4,800,-796
110000130,213,90,123
110000131,118,890,-772
110000132,4,917,-913
110000133,59,350,-291
110000134,23,382,-359
110000135,191,26,165
110000136,57,387,-330
110000137,354,870,-516
110000138,440,1254,-814
110000139,628,2091,-1463
110000140,1085,477,608
110000143,833,405,428
110000144,4028,1149,2879
110000145,1201,765,436
110000146,1618,704,914
110000147,208,822,-614
110000148,242,400,-158
110000151,852,1485,-633
110000152,3087,702,2385
110000153,50,164,-114
110000154,8,14,-6
110000155,1269,2333,-1064
110000156,751,1308,-557
110000157,1021,1451,-430
110000160,244,524,-280
110000161,120,706,-586
110000166,216,206,10
110000167,570,432,138
110000168,590,342,248
110000169,609,275,334
110000170,93,93,0
110000171,455,246,209
110000172,134,987,-853
110000173,1678,1381,297
110000174,87,2105,-2018
110000175,284,118,166
110000176,54,234,-180
110000177,156,842,-686
110000178,424,712,-288
110000179,2063,458,1605
110000180,124,470,-346
110000181,195,453,-258
110000182,426,524,-98
110000183,14541,5270,9271
110000184,1305,1895,-590
110000185,893,666,227
110000186,659,747,-88
110000191,343,411,-68
110000192,155,2,153
110000193,408,1,407
110000194,8,2031,-2023
110000195,288,523,-235
110000196,172,751,-579
110000197,29,269,-240
110000198,55,110,-55
110000199,36,108,-72
110000200,1464,593,871
110000201,529,546,-17
110000202,927,376,551
110000203,819,1227,-408
110000204,6,580,-574
110000205,55,59,-4
110000206,723,2467,-1744
110000207,404,361,43
110000208,127,87,40
110000209,118,1237,-1119
110000210,567,879,-312
110000211,487,1046,-559
110000212,502,881,-379
110000213,113,79,34
110000214,87,101,-14
110000215,116,842,-726
110000216,52,886,-834
110000217,160,350,-190
110000218,116,781,-665
110000219,176,79,97
110000220,17,577,-560
110000221,161,85,76
110000222,36,457,-421
110000223,2,134,-132
110000224,87,35,52
110000225,153,622,-469
110000226,131,41,90
110000227,798,570,228
110000228,473,324,149
110000229,0,334,-334
110000230,535,809,-274
110000231,132,181,-49
110000232,75,211,-136
110000233,129,391,-262
110000234,527,412,115
110000235,1719,958,761
110000236,357,1137,-780
110000237,1296,1300,-4
110000238,667,1681,-1014
110000239,1208,1521,-313
110000240,1,143,-142
110000242,1,22,-21
110000243,48,339,-291
110000244,104,693,-589
110000245,34,686,-652
110000246,417,917,-500
110000247,1258,3310,-2052
110000248,2118,799,1319
110000249,52,6,46
110000250,9,302,-293
110000251,114,708,-594
110000252,131,406,-275
110000253,856,525,331
110000254,571,2149,-1578
110000255,150,1591,-1441
110000256,346,232,114
110000257,526,289,237
110000258,6,745,-739
110000259,51,20,31
110000260,8,746,-738
110000263,541,156,385
110000264,157,962,-805
110000265,889,1218,-329
110000266,1517,2053,-536
110000267,15,194,-179
110000268,214,701,-487
110000269,1,78,-77
110000270,44,4,40
110000271,3142,294,2848
110000272,755,973,-218
110000273,2248,1167,1081
110000274,171,932,-761
110000275,4505,444,4061
110000276,149,345,-196
110000277,145,613,-468
110000278,237,1274,-1037
110000279,600,846,-246
110000280,192,477,-285
110000281,6,215,-209
110000282,208,56,152
110000283,48,84,-36
110000284,41,63,-22
110000285,1,222,-221
110000286,10,0,10
110000287,31,2,29
110000288,2,82,-80
110000289,553,1430,-877
110000290,1482,697,785
110000291,4431,592,3839
110000292,1267,3285,-2018
110000293,524,3088,-2564
110000294,436,786,-350
110000295,2269,2609,-340
110000296,207,371,-164
110000297,2480,323,2157
110000298,440,851,-411
110000299,535,43,492
110000301,244,16,228
110000302,279,2381,-2102
110000303,199,5,194
110000304,98,449,-351
110000305,549,16,533
110000306,85,1846,-1761
110000307,717,5,712
110000308,248,4,244
110000309,61,1882,-1821
110000310,364,118,246
110000311,94,3426,-3332
110000312,372,52,320
110000313,2457,3097,-640
110000314,5,511,-506
110000315,3485,1716,1769
110000316,761,1178,-417
110000317,392,405,-13
110000318,3,192,-189
110000319,10,16,-6
110000320,25,81,-56
110000321,9,54,-45
110000322,161,736,-575
110000323,253,282,-29
110000324,6550,588,5962
110000325,2045,1797,248
110000327,291,195,96
110000328,462,587,-125
110000333,572,427,145
110000334,546,1322,-776
110000335,679,615,64
110000336,367,1695,-1328
110000337,776,506,270
110000338,198,311,-113
110000339,160,313,-153
110000340,18,252,-234
110000341,308,1081,-773
110000342,318,2,316
110000343,2,34,-32
110000344,62,211,-149
110000345,96,85,11
110000346,2394,1320,1074
110000347,860,660,200
110000348,15,37,-22
110000349,6,22,-16
110000350,27,1,26
110000351,457,967,-510
110000352,454,1601,-1147
110000353,4640,784,3856
110000354,1694,2506,-812
110000355,46,97,-51
110000356,1181,13,1168
110000357,180,18,162
110000361,23,181,-158
110000362,50,113,-63
110000363,164,156,8
110000364,100,632,-532
110000365,102,3,99
110000366,1,104,-103
110000367,188,326,-138
110000368,0,52,-52
110000369,20,0,20
110000373,9,393,-384
110000374,108,7,101
110000375,223,844,-621
110000376,24,116,-92
110000377,63,502,-439
110000378,25,292,-267
110000379,5337,955,4382
110000380,21,15,6
110000383,4,1316,-1312
110000384,1924,950,974
110000385,5,815,-810
110000387,63,12,51
110000388,31,293,-262
110000389,526,3,523
110000391,331,403,-72
110000396,59,145,-86
110000397,54,307,-253
110000398,4,47,-43
110000399,139,1,138
110000587,52,56,-4
110000589,120,159,-39
110000640,91,120,-29
110000652,26,216,-190
110000653,172,563,-391
110000654,3,48,-45
110000656,4,815,-811
110000674,24,26,-2
110000675,2,22,-20
110000676,4,90,-86
110000679,762,720,42
110000682,121,157,-36
110000683,320,530,-210
110000684,0,54,-54
110000685,11,15,-4
110000686,3,27,-24
110000687,21,1,20
110000688,48,529,-481
110000689,32,55,-23
110000692,76,359,-283
110000693,173,248,-75
110000694,1,150,-149
110000695,185,1391,-1206
110000696,165,192,-27
110000698,309,1321,-1012
110000699,2840,664,2176
110900001,115,1,114
110900002,98,283,-185
110900003,312,1210,-898
110900004,173,246,-73
110900005,6306,1345,4961
110900006,31,7,24
110900007,113,10,103
110900008,13,99,-86
110900009,235,38,197
110900010,10,74,-64
110900011,14,182,-168
110900012,15,151,-136
110900013,524,214,310
110900014,116,14,102
110900015,1465,360,1105
110900016,12,270,-258
110900017,232,54,178
110900018,306,36,270
110900019,81,29,52
110900020,46,701,-655
110900021,64,878,-814
110900022,70,541,-471
110900023,48,946,-898
110900024,21,677,-656
110900025,1,67,-66
110900027,33,404,-371
110900028,29,264,-235
110900029,33,681,-648
110900030,14,555,-541
110900031,4,156,-152
110900032,0,138,-138
110900033,28,385,-357
110900035,39,583,-544
110900036,107,27,80
110900037,53,35,18
110900038,1747,242,1505
110900039,4,260,-256
110900040,183,39,144
110900041,4,262,-258
110900042,88,53,35
110900043,1,255,-254
110900044,231,26,205
110900045,43,803,-760
110900046,190,390,-200
110900047,1098,120,978
110900049,38,50,-12
110900050,10,6,4
110900051,34,251,-217
110900052,4,286,-282
110900053,66,58,8
110900054,11,372,-361
110900055,13,1,12
110900056,44,101,-57
110900057,3,383,-380
110900058,92,317,-225
110900059,610,1174,-564
110900060,325,126,199
110900061,34,51,-17
110900062,87,362,-275
110900063,30,86,-56
110900064,4,0,4
110900065,440,162,278
110900066,7,72,-65
110900067,595,469,126
110900068,267,261,6
110900069,2,55,-53
110900070,123,36,87
110900071,247,305,-58
110900073,3,50,-47
110900074,222,129,93
110900075,234,67,167
110900077,375,493,-118
110900078,14,257,-243
110900079,2841,650,2191
110900080,57,58,-1
110900081,2,195,-193
110900082,60,473,-413
110900083,78,28,50
110900084,35,373,-338
110900085,43,596,-553
110900086,50,184,-134
110900087,169,84,85
110900088,16,0,16
110900090,19,22,-3
110900091,1,44,-43
110900093,244,81,163
110900095,26,35,-9
110900097,20,26,-6
110900098,20,216,-196
110900099,33,975,-942
110900100,0,23,-23
110900102,26,21,5
110900105,961,614,347
110900108,5,199,-194
110900111,288,80,208
110900112,490,3,487
110900113,533,34,499
110900115,7,204,-197
110900116,248,3784,-3536
110900118,213,1913,-1700
110900119,7061,280,6781
110900120,1,285,-284
110900121,36,0,36
110900122,167,150,17
110900125,201,242,-41
110900127,319,731,-412
110900128,463,321,142
110900129,298,352,-54
110900130,1470,401,1069
110900131,98,40,58
110900132,240,33,207
110900133,46,416,-370
110900135,104,746,-642
110900136,185,5,180
110900138,0,0,0
110900139,2,0,2
110900140,0,0,0
110900141,373,172,201
110900142,54,329,-275
110900143,79,79,0
110900144,4,973,-969
110900145,56,13,43
110900146,306,57,249
110900147,363,275,88
110900148,2,418,-416
110900149,3,125,-122
110900150,25,21,4
110900151,1,100,-99
110900152,33,687,-654
110900153,77,26,51
111000001,387,532,-145
111000002,735,1056,-321
111000003,992,917,75
111000004,604,1961,-1357
111000005,1123,1105,18
111000006,1066,2560,-1494
111000007,5860,2915,2945
111000008,6523,4111,2412
111000009,356,1018,-662
111000010,536,239,297
111000011,418,1047,-629
111000012,443,342,101
111000013,304,1580,-1276
111000014,839,586,253
111000017,120,523,-403
111000018,247,420,-173
111000020,2617,1813,804
111000021,96,179,-83
111000023,66,221,-155
111000025,9652,2642,7010
111000029,88,83,5
111000030,17,67,-50
111000031,1916,770,1146
111000032,652,247,405
111000033,267,148,119
111000034,488,199,289
111000037,1505,612,893
111000038,4113,3344,769
111000039,1364,3113,-1749
111000040,1452,3523,-2071
111000041,1550,2012,-462
111000042,7172,2841,4331
111000043,2686,1688,998
111000044,1167,910,257
111000045,1287,1990,-703
111000046,783,1848,-1065
111000047,1568,2665,-1097
111000049,313,675,-362
111000050,2576,2249,327
111000051,399,1438,-1039
111000052,538,1803,-1265
111000053,350,1369,-1019
111000054,311,1598,-1287
111000055,162,1093,-931
111000056,476,1126,-650
111000057,63,1184,-1121
111000058,149,109,40
111000059,203,322,-119
111000060,2308,544,1764
111000061,305,319,-14
111000062,637,268,369
111000063,1523,960,563
111000064,377,639,-262
111000065,786,840,-54
111000066,249,305,-56
111000067,497,651,-154
111000068,373,783,-410
111000069,1630,2107,-477
111000070,3404,1411,1993
111000071,252,1090,-838
111000072,664,380,284
111000073,213,738,-525
111000074,1210,1531,-321
111000075,626,1051,-425
111000076,301,1201,-900
111000077,1086,1624,-538
111000078,1884,1236,648
111000079,1408,788,620
111000080,379,669,-290
111000081,2580,3163,-583
111000082,470,811,-341
111000084,585,631,-46
111000085,928,1669,-741
111000086,4365,1437,2928
111000087,605,990,-385
111000088,9146,1933,7213
111000089,591,997,-406
111000090,1156,1484,-328
111000091,574,804,-230
111000092,941,1281,-340
111000093,391,764,-373
111000094,1464,914,550
111000095,835,1982,-1147
111000096,2867,6295,-3428
111000097,7989,1220,6769
111000098,966,1586,-620
111000099,445,2985,-2540
111000100,294,3226,-2932
111000101,385,1237,-852
111000102,118,1280,-1162
111000104,247,334,-87
111000107,75,1242,-1167
111000109,221,260,-39
111000110,586,504,82
111000111,1082,413,669
111000112,968,306,662
111000113,673,675,-2
111000114,1792,1653,139
111000115,8993,1006,7987
111000116,788,1053,-265
111000117,583,1069,-486
111000118,1522,1156,366
111000119,713,2110,-1397
111000120,328,588,-260
111000121,203,519,-316
111000122,523,1233,-710
111000123,533,1901,-1368
111000124,421,4669,-4248
111000125,246,3100,-2854
111000126,915,2875,-1960
111000127,581,175,406
111000128,895,321,574
111000129,1425,419,1006
111000130,1181,729,452
111000131,919,560,359
111000132,587,399,188
111000133,105,175,-70
111000134,113,145,-32
111000135,27,120,-93
111000136,231,311,-80
111000138,4,10,-6
111000140,1,7,-6
111000141,114,265,-151
111000142,14,181,-167
111000143,6,125,-119
111000144,12,143,-131
111000145,463,9,454
111000146,48,5,43
111000147,157,28,129
111000148,119,73,46
111000149,6,47,-41
111000150,5,9,-4
111000151,2,33,-31
111000153,504,609,-105
111000154,775,251,524
111000155,122,131,-9
111000156,493,344,149
111000157,162,536,-374
111000158,861,626,235
111000159,3657,772,2885
111000160,248,547,-299
111000161,13,354,-341
111000162,8,236,-228
111000163,470,813,-343
111000164,825,2421,-1596
111000165,1500,484,1016
111000166,1623,340,1283
111000167,184,639,-455
111000168,233,500,-267
111000169,282,569,-287
111000170,494,467,27
111000171,343,1327,-984
111000172,94,1058,-964
111000173,196,2464,-2268
111000174,131,1274,-1143
111000175,53,378,-325
111000176,148,212,-64
111000177,160,428,-268
111000178,550,429,121
111000179,121,284,-163
111000180,114,377,-263
111000181,690,369,321
111000182,126,196,-70
111000183,274,284,-10
111000184,278,234,44
111000185,335,586,-251
111000186,244,337,-93
111000187,102,347,-245
111000188,153,566,-413
111000189,2086,589,1497
111000190,160,700,-540
111000191,117,609,-492
111000192,222,915,-693
111000193,749,539,210
111000194,25,647,-622
111000195,63,737,-674
111000196,51,511,-460
111000197,235,213,22
111000198,280,127,153
111000199,114,162,-48
111000200,135,386,-251
111000201,330,226,104
111000202,176,227,-51
111000203,198,214,-16
111000204,305,565,-260
111000213,154,504,-350
111000214,1292,2722,-1430
111000215,959,1976,-1017
111000217,849,1195,-346
111000218,739,1090,-351
111000219,378,290,88
111000220,3943,486,3457
111000221,910,144,766
111000224,184,419,-235
111000225,195,226,-31
111000226,195,0,195
111000227,50,6,44
111000228,16,147,-131
111000229,34,361,-327
111000230,257,805,-548
111000231,599,2064,-1465
111000232,311,934,-623
111000233,357,834,-477
111000234,59,226,-167
111000239,94,248,-154
111000240,25,147,-122
111000241,27,600,-573
111000242,61,74,-13
111000243,79,1097,-1018
111000244,228,132,96
111000245,610,875,-265
111000246,229,950,-721
111000247,158,1427,-1269
111000248,404,546,-142
111000249,372,1138,-766
111000250,29,194,-165
111000251,19,203,-184
111000253,6,21,-15
111000255,12,11,1
111000257,42,15,27
111000260,38,1234,-1196
111000261,525,60,465
111000271,66,406,-340
111000273,9878,2082,7796
111000274,1252,1777,-525
111000275,102,74,28
111000276,2023,5079,-3056
111000277,148,623,-475
111000278,403,223,180
111000291,524,3083,-2559
111000298,372,353,19
111000299,422,134,288
111000300,86,940,-854
111000302,192,109,83
111000303,77,463,-386
111000312,33,93,-60
111000315,77,596,-519
111000320,227,747,-520
111000321,221,70,151
111000322,176,654,-478
111000323,106,11,95
111000324,277,321,-44
111000325,16,68,-52
111000326,112,341,-229
111000327,329,620,-291
111000328,154,457,-303
111000329,0,25,-25
111000330,32,6,26
111000331,15,6,9
111000332,330,1559,-1229
111000334,408,2183,-1775
111000335,342,145,197
111000337,574,479,95
111000338,49,193,-144
111000339,179,774,-595
111000340,75,1210,-1135
111000341,933,319,614
111000342,127,599,-472
111000344,654,818,-164
111000345,130,69,61
111000346,38,133,-95
111000347,69,1,68
111000350,163,222,-59
111000351,71,221,-150
111000352,168,313,-145
111000353,88,272,-184
111000354,265,353,-88
111000355,177,864,-687
111000358,94,2631,-2537
111000360,90,1425,-1335
111000361,88,671,-583
111000546,362,948,-586
111000547,177,1328,-1151
111000548,46,198,-152
111000549,163,791,-628
111000550,94,420,-326
111000551,752,288,464
111000552,715,78,637
111000907,449,13,436
111000908,7,0,7
111000916,755,222,533
111000917,21,439,-418
111000918,127,1765,-1638
111000920,283,11,272
111000921,0,657,-657
111000922,228,364,-136
111000924,63,2022,-1959
111000925,1583,1771,-188
111000926,937,4002,-3065
111000927,2273,3689,-1416
111000928,7047,4672,2375
111000929,920,1151,-231
111000930,1266,2926,-1660
111000931,1265,1734,-469
111000932,4228,2705,1523
111000933,3056,1562,1494
111000934,2481,3009,-528
111000935,789,941,-152
111000936,963,2696,-1733
111000937,637,1275,-638
111000938,1903,2996,-1093
111000939,151,26,125
111000940,248,263,-15
111000941,150,1011,-861
111000943,169,285,-116
111000944,92,928,-836
111000945,37,3446,-3409
111001109,309,171,138
111001110,201,706,-505
111001111,34,3,31
111001112,87,0,87
111001113,7,149,-142
111001114,1487,67,1420
111001115,168,371,-203
111001116,7151,2107,5044
111001117,895,884,11
111001120,72,487,-415
111001121,147,496,-349
111001122,211,1056,-845
111001123,75,195,-120
111001124,77,617,-540
111001125,1,23,-22
111001126,3,1,2
111001127,1,226,-225
111001128,390,753,-363
111900001,3,408,-405
111900002,1,1335,-1334
111900003,2,668,-666
111900004,42,193,-151
111900006,3,12,-9
111900007,52,3,49
111900008,52,0,52
111900009,59,0,59
111900010,194,558,-364
111900012,94,156,-62
111900013,4,21,-17
111900014,9647,1893,7754
111900015,0,78,-78
111900016,1,235,-234
111900017,0,179,-179
111900018,58,1,57
111900019,4,122,-118
111900020,7,74,-67
111900021,27,106,-79
111900022,20,110,-90
111900023,205,90,115
111900024,0,87,-87
111900025,0,47,-47
111900026,0,144,-144
111900027,3,276,-273
111900028,4,407,-403
111900029,0,142,-142
111900030,59,620,-561
111900032,6,492,-486
111900033,3,136,-133
111900034,253,1158,-905
111900035,9,402,-393
111900036,0,492,-492
111900038,382,940,-558
111900039,47,647,-600
111900040,2,964,-962
111900042,43,157,-114
111900043,2,689,-687
111900044,265,494,-229
111900046,46,372,-326
111900048,123,1129,-1006
111900049,41,322,-281
111900050,48,6,42
111900051,0,548,-548
111900052,445,620,-175
111900053,1630,495,1135
111900054,77,1,76
111900055,20,922,-902
111900056,214,129,85
111900057,36,135,-99
111900058,200,923,-723
111900059,4788,302,4486
111900060,198,4,194
111900061,12,376,-364
111900062,24,36,-12
111900063,72,256,-184
111900064,123,429,-306
111900065,53,34,19
111900066,61,103,-42
111900067,1,506,-505
111900068,55,16,39
111900069,58,30,28
111900070,92,121,-29
111900071,0,571,-571
111900072,26,2,24
111900073,225,91,134
111900074,12,279,-267
111900075,25,7,18
111900076,84,39,45
111900077,30,0,30
111900078,96,4,92
111900079,40,10,30
111900080,155,137,18
111900082,59,12,47
111900083,43,11,32
111900084,55,2,53
111900085,28,66,-38
111900086,18,4,14
111900087,14,0,14
111900088,260,7,253
111900089,88,0,88
111900090,48,17,31
111900091,90,6,84
111900092,33,0,33
111900093,139,0,139
111900094,33,0,33
111900095,138,15,123
111900096,71,2,69
111900097,14,0,14
111900098,87,1,86
111900099,42,0,42
111900100,45,1,44
111900101,56,17,39
111900102,165,1192,-1027
111900103,27,48,-21
111900104,103,78,25
111900105,230,102,128
111900106,2106,76,2030
111900110,3895,276,3619
111900111,46,261,-215
111900112,1246,1075,171
111900113,306,62,244
111900118,232,45,187
111900119,209,66,143
111900122,80,58,22
111900123,4,15,-11
111900124,28,197,-169
111900125,231,14,217
111900126,131,2,129
111900127,6,972,-966
111900128,2,851,-849
111900129,97,3,94
111900130,90,6,84
111900131,222,1,221
111900132,36,2299,-2263
111900133,15,557,-542
111900134,20,505,-485
111900135,6,11,-5
111900136,51,124,-73
111900137,48,64,-16
111900138,13,191,-178
111900139,16,360,-344
111900140,48,15,33
111900141,59,4,55
111900142,58,22,36
111900143,28,257,-229
111900144,0,198,-198
111900145,1,941,-940
111900146,3,471,-468
111900147,153,742,-589
111900148,30,1397,-1367
111900149,3,523,-520
111900150,21,229,-208
111900151,0,23,-23
111900152,108,46,62
111900153,2283,249,2034
111900154,8,135,-127
111900155,44,61,-17
111900156,28,38,-10
111900157,39,8,31
111900158,224,23,201
111900159,135,11,124
111900160,128,0,128
111900161,59,0,59
111900162,100,118,-18
111900163,39,499,-460
111900164,52,44,8
111901113,155,555,-400
111901114,131,622,-491
111901115,32,0,32
111901116,36,1,35
111901117,12,42,-30
111901118,199,127,72
111901119,1941,117,1824
111901121,186,525,-339
111901122,3,892,-889
111901123,60,563,-503
111901124,77,1,76
111901125,229,277,-48
111901127,1421,148,1273
111901128,5,157,-152
111901129,6,299,-293
111901130,2,420,-418
111901131,2,385,-383
111901132,91,9,82
111901133,21,1,20
111901134,30,0,30
111901135,4,8,-4
111901138,71,37,34
111901139,16,78,-62
111901140,14,202,-188
111901141,12,522,-510
111901142,0,425,-425
111901143,0,208,-208
111901144,29,34,-5
111901145,163,158,5
111901146,417,29,388
111901147,1796,148,1648
111901148,20,22,-2
111901149,6,0,6
111901150,26,0,26
111901151,0,0,0
111901152,0,63,-63
112000001,1259,1027,232
112000002,757,2609,-1852
112000003,508,1156,-648
112000004,463,2250,-1787
112000005,1634,1765,-131
112000006,1651,2463,-812
112000007,1432,1356,76
112000008,2121,4020,-1899
112000009,4597,4639,-42
112000010,1815,2604,-789
112000011,1757,2885,-1128
112000012,3506,1818,1688
112000013,4634,3239,1395
112000014,1930,577,1353
112000015,2375,2364,11
112000016,3518,715,2803
112000017,1702,1274,428
112000024,2934,701,2233
112000026,5215,6231,-1016
112000027,879,459,420
112000028,2365,2191,174
112000029,296,460,-164
112000030,268,126,142
112000031,1132,2488,-1356
112000032,411,58,353
112000033,1453,835,618
112000034,221,32,189
112000035,64,232,-168
112000036,727,575,152
112000037,832,855,-23
112000038,946,870,76
112000039,30,97,-67
112000040,123,260,-137
112000041,461,532,-71
112000042,1227,354,873
112000050,712,1331,-619
112000051,614,839,-225
112000054,1714,2906,-1192
112000057,519,377,142
112000058,275,454,-179
112000059,498,671,-173
112000061,5184,1853,3331
112000062,2077,691,1386
112000063,1786,1023,763
112000064,5268,7009,-1741
112000065,2857,3521,-664
112000066,3053,1096,1957
112000067,820,807,13
112000068,2038,1389,649
112000069,573,2367,-1794
112000070,1421,688,733
112000071,694,3735,-3041
112000072,964,1075,-111
112000073,1059,1990,-931
112000074,865,905,-40
112000075,923,1126,-203
112000076,3281,3417,-136
112000077,370,810,-440
112000078,945,670,275
112000079,903,1526,-623
112000080,473,1110,-637
112000081,1344,1992,-648
112000082,976,624,352
112000083,527,1856,-1329
112000084,906,741,165
112000085,903,1898,-995
112000086,1203,2005,-802
112000087,212,1145,-933
112000088,278,965,-687
112000089,169,299,-130
112000090,137,454,-317
112000091,571,1461,-890
112000092,1104,973,131
112000093,1504,1374,130
112000094,402,877,-475
112000095,457,850,-393
112000096,288,758,-470
112000097,638,476,162
112000098,794,2082,-1288
112000099,543,685,-142
112000100,776,1196,-420
112000101,330,1217,-887
112000102,481,933,-452
112000103,261,1643,-1382
112000105,635,3443,-2808
112000106,995,742,253
112000107,61,149,-88
112000108,201,2620,-2419
112000109,113,191,-78
112000110,1187,657,530
112000111,1172,4404,-3232
112000112,2112,661,1451
112000113,876,2535,-1659
112000114,1579,1179,400
112000115,248,763,-515
112000116,292,1331,-1039
112000117,879,1603,-724
112000118,915,1043,-128
112000119,376,1266,-890
112000120,46,476,-430
112000121,56,882,-826
112000122,170,178,-8
112000123,287,157,130
112000124,150,65,85
112000125,115,121,-6
112000126,97,1214,-1117
112000127,2015,1322,693
112000128,1152,593,559
112000129,68,125,-57
112000130,130,60,70
112000131,28,548,-520
112000132,84,341,-257
112000133,204,524,-320
112000134,320,425,-105
112000135,540,876,-336
112000136,912,1586,-674
112000137,951,1916,-965
112000138,1181,1120,61
112000139,1076,333,743
112000140,1031,1474,-443
112000141,401,236,165
112000142,171,1358,-1187
112000143,665,271,394
112000144,270,2754,-2484
112000145,1326,715,611
112000146,566,3703,-3137
112000147,1275,1601,-326
112000148,1501,3465,-1964
112000149,235,1430,-1195
112000150,158,890,-732
112000151,424,934,-510
112000152,230,423,-193
112000153,277,437,-160
112000154,95,132,-37
112000155,160,152,8
112000157,622,480,142
112000158,220,1335,-1115
112000159,259,350,-91
112000167,168,56,112
112000169,388,352,36
112000173,366,195,171
112000175,258,567,-309
112000176,3799,1808,1991
112000177,388,98,290
112000178,41,709,-668
112000179,110,212,-102
112000180,164,334,-170
112000181,987,2472,-1485
112000182,472,2312,-1840
112000183,18,49,-31
112000184,219,830,-611
112000185,299,700,-401
112000187,2647,2235,412
112000195,119,5,114
112000196,54,0,54
112000197,39,66,-27
112000198,33,385,-352
112000199,1250,989,261
112000202,192,2,190
112000216,56,230,-174
112000230,48,3,45
112000231,2,446,-444
112000256,43,179,-136
112000313,154,123,31
112000314,30,23,7
112000337,135,598,-463
112000352,269,222,47
112000392,2145,1297,848
112000398,692,769,-77
112000399,3523,1533,1990
112000400,1394,3783,-2389
112000401,3312,4150,-838
112000402,1412,1816,-404
112000403,1745,1691,54
112000404,325,593,-268
112000405,1173,2314,-1141
112000406,5201,4546,655
112000407,3533,5347,-1814
112000408,8432,7779,653
112000409,3150,7812,-4662
112000410,342,136,206
112000411,7055,820,6235
112000412,1344,425,919
112000413,12941,2558,10383
112000414,69,202,-133
112000415,91,80,11
112000416,1355,1302,53
112000417,231,99,132
112000421,39,226,-187
112000422,272,920,-648
112000424,3534,1727,1807
112000425,351,2448,-2097
112000426,94,288,-194
112000427,0,21,-21
112000428,135,766,-631
112000429,2068,3242,-1174
112000430,2106,3087,-981
112000431,75,124,-49
112000432,606,3776,-3170
112000433,499,710,-211
112000437,42,397,-355
112900001,44,4,40
112900002,127,1687,-1560
112900003,34,380,-346
112900004,7,316,-309
112900005,109,260,-151
112900007,15,207,-192
112900008,5,18,-13
112900009,318,81,237
112900010,111,858,-747
112900011,521,356,165
112900012,0,84,-84
112900013,0,233,-233
112900014,2,341,-339
112900015,319,1087,-768
112900016,3,391,-388
112900017,40,320,-280
112900018,73,1259,-1186
112900019,63,163,-100
112900020,409,1785,-1376
112900021,6,393,-387
112900022,8,85,-77
112900023,0,450,-450
112900024,19,316,-297
112900025,65,363,-298
112900026,2,495,-493
112900027,10,1796,-1786
112900028,12,212,-200
112900029,15,960,-945
112900030,273,258,15
112900031,5,740,-735
112900032,120,279,-159
112900034,1,85,-84
112900035,7,635,-628
112900036,22,102,-80
112900037,112,173,-61
112900038,316,133,183
112900039,11,480,-469
112900040,7,445,-438
112900041,1468,713,755
112900042,43,749,-706
112900043,10,35,-25
112900044,1030,419,611
112900045,550,397,153
112900046,250,69,181
112900047,11,13,-2
112900049,86,77,9
112900050,79,641,-562
112900051,290,972,-682
112900052,7,1814,-1807
112900053,367,181,186
112900054,233,34,199
112900055,109,15,94
112900056,286,137,149
112900057,17,1032,-1015
112900058,206,192,14
112900059,124,164,-40
112900060,6,371,-365
112900061,64,187,-123
112900062,55,132,-77
112900063,109,8,101
112900064,150,275,-125
112900065,30,8,22
112900066,120,70,50
112900067,616,200,416
112900068,20,24,-4
112900069,3018,448,2570
112900071,13,5,8
112900072,488,924,-436
112900073,259,46,213
112900074,60,110,-50
112900075,2537,544,1993
112900076,97,10,87
112900078,149,226,-77
112900079,156,16,140
112900080,21,5,16
112900081,28,106,-78
112900082,201,14,187
112900083,58,37,21
112900084,82,51,31
112900086,33,1,32
112900087,325,82,243
112900088,67,3,64
112900089,378,8,370
112900090,19,7,12
112900091,101,4,97
112900092,110,131,-21
112900093,873,6,867
112900095,24,1,23
112900096,196,84,112
112900097,44,521,-477
112900098,25,1,24
112900099,376,5,371
112900100,23,0,23
112900101,154,3,151
112900102,61,3,58
112900103,112,1,111
112900104,342,2,340
112900105,10,0,10
112900106,300,70,230
112900107,2,0,2
112900108,13,0,13
112900109,46,0,46
112900110,441,3,438
112900111,382,3,379
112900112,155,1,154
112900113,0,13,-13
112900114,58,30,28
112900115,400,0,400
112900116,26,2,24
112900117,210,126,84
112900118,32,118,-86
112900119,124,0,124
112900120,704,258,446
112900121,439,175,264
112900122,17,178,-161
112900123,131,7,124
112900124,3,165,-162
112900125,30,283,-253
112900126,158,228,-70
112900127,223,36,187
112900128,467,1044,-577
112900129,2,1184,-1182
112900130,151,53,98
112900131,61,411,-350
112900132,37,684,-647
112900133,24,1322,-1298
112900134,0,350,-350
112900135,49,24,25
112900137,6,1011,-1005
112900138,5,658,-653
112900139,198,1441,-1243
112900141,314,20,294
112900142,63,96,-33
112900143,49,852,-803
112900144,17,1912,-1895
112900145,65,636,-571
112900146,8,2265,-2257
112900147,12,3181,-3169
112900148,25,0,25
112900149,157,755,-598
112900151,18,48,-30
112900152,6834,855,5979
112900153,1901,922,979
112900154,1,117,-116
112900155,69,3,66
112900156,236,2211,-1975
112900157,83,224,-141
112900158,15,13,2
112900159,167,84,83
112900160,32,321,-289
112900161,56,25,31
112900162,25,22,3
112900163,131,28,103
112900164,37,97,-60
112900165,99,46,53
112900166,21,32,-11
112900167,3,50,-47
112900168,0,2,-2
112900169,10,8,2
112900170,33,135,-102
112900172,74,8,66
112900173,237,98,139
112900174,258,27,231
112900175,117,85,32
112900176,2,21,-19
112900177,173,16,157
112900178,479,1600,-1121
112900179,41,605,-564
112900180,1027,2420,-1393
112900181,245,1,244
112900182,51,1794,-1743
112900183,125,228,-103
112900184,482,346,136
112900185,240,399,-159
112900186,1382,542,840
112900187,67,303,-236
112900188,564,273,291
112900189,1,27,-26
112900190,0,48,-48
112900192,301,268,33
112900193,798,211,587
112900194,24,191,-167
112900195,390,16,374
112900196,245,705,-460
112900197,126,459,-333
112900199,119,351,-232
112900200,279,391,-112
112900201,51,96,-45
112900202,210,1303,-1093
112900203,96,517,-421
112900204,887,382,505
112900205,5,19,-14
112900206,0,63,-63
112900207,8,0,8
112900208,63,89,-26
112900209,511,574,-63
112900210,0,14,-14
112900211,43,60,-17
112900212,0,110,-110
112900213,5,8,-3
112900214,27,1,26
112900215,8,278,-270
112900216,26,58,-32
112900217,0,93,-93
112900218,11,0,11
112900219,32,52,-20
112900220,4,0,4
112900221,4,260,-256
112900222,1,28,-27
112900223,427,5,422
112900224,120,1091,-971
112900225,215,746,-531
112900226,117,201,-84
112900227,128,1214,-1086
112900228,20,21,-1
112900229,65,101,-36
112900230,8336,2867,5469
112900232,126,104,22
112900233,49,257,-208
112900234,4,212,-208
112900235,56,27,29
112900236,168,7,161
112900237,73,710,-637
112900238,4,79,-75
112900239,729,340,389
112900240,6,312,-306
112900241,4,398,-394
112900242,7,677,-670
112900243,8,430,-422
112900244,2,213,-211
112900245,0,57,-57
112900246,0,24,-24
112900247,121,25,96
112900248,20,3,17
112900249,28,0,28
112900250,35,30,5
112900251,25,8,17
112900252,63,32,31
112900253,13,12,1
112900254,5,0,5
112900255,0,22,-22
112900256,3,31,-28
112900257,12,16,-4
112900258,6,28,-22
113000001,4421,6335,-1914
113000002,3337,4309,-972
113000003,1796,2716,-920
113000004,2013,2649,-636
113000005,1358,1298,60
113000006,958,1670,-712
113000007,1386,1618,-232
113000008,1288,2297,-1009
113000009,788,1028,-240
113000010,979,1755,-776
113000011,872,1617,-745
113000012,805,1138,-333
113000013,779,515,264
113000014,1628,1328,300
113000015,330,162,168
113000016,318,304,14
113000017,20,312,-292
113000018,264,55,209
113000019,33,285,-252
113000020,115,19,96
113000021,1859,751,1108
113000022,638,1793,-1155
113000025,52,344,-292
113000026,257,522,-265
113000027,1346,424,922
113000028,1093,365,728
113000029,781,659,122
113000030,627,562,65
113000031,350,316,34
113000032,281,303,-22
113000033,262,396,-134
113000034,389,385,4
113000035,20,22,-2
113000036,31,48,-17
113000037,54,24,30
113000038,10,45,-35
113000039,52,600,-548
113000040,41,94,-53
113000042,934,632,302
113000051,652,2370,-1718
113000052,2669,1096,1573
113000053,336,753,-417
113000054,257,974,-717
113000055,990,1336,-346
113000056,852,1844,-992
113000058,607,799,-192
113000059,1371,612,759
113000060,95,552,-457
113000061,987,910,77
113000062,1608,249,1359
113000063,86,393,-307
113000064,17,590,-573
113000065,138,1716,-1578
113000066,378,165,213
113000067,1148,1508,-360
113000068,381,3014,-2633
113000069,459,2125,-1666
113000070,1149,1035,114
113000071,296,886,-590
113000072,543,550,-7
113000073,566,1670,-1104
113000074,808,405,403
113000075,2022,626,1396
113000076,1515,2089,-574
113000077,1203,512,691
113000078,916,1988,-1072
113000079,699,722,-23
113000080,662,658,4
113000081,567,866,-299
113000082,1048,705,343
113000083,506,869,-363
113000084,1453,1126,327
113000085,816,699,117
113000086,966,1529,-563
113000087,1021,841,180
113000088,2194,1321,873
113000089,942,1320,-378
113000090,268,511,-243
113000091,744,350,394
113000094,938,250,688
113000095,318,1618,-1300
113000096,191,1281,-1090
113000097,848,309,539
113000098,77,60,17
113000099,982,354,628
113000100,152,587,-435
113000101,422,765,-343
113000102,562,364,198
113000103,2812,649,2163
113000104,304,3502,-3198
113000105,446,644,-198
113000106,289,585,-296
113000107,698,1283,-585
113000108,960,1941,-981
113000109,520,5322,-4802
113000110,1589,650,939
113000111,250,1025,-775
113000112,360,497,-137
113000113,1586,435,1151
113000114,372,1606,-1234
113000116,690,314,376
113000117,1098,160,938
113000118,152,311,-159
113000119,238,402,-164
113000120,34,233,-199
113000121,477,1088,-611
113000124,207,131,76
113000125,52,538,-486
113000127,4239,478,3761
113000128,586,450,136
113000129,439,1585,-1146
113000133,5807,1302,4505
113000134,7,1450,-1443
113000135,3062,3011,51
113000137,1886,2270,-384
113000139,271,140,131
113000140,124,263,-139
113000141,293,134,159
113000142,425,947,-522
113000143,287,168,119
113000144,337,711,-374
113000145,28,186,-158
113000146,100,128,-28
113000147,105,160,-55
113000148,85,242,-157
113000149,89,150,-61
113000150,466,454,12
113000151,68,80,-12
113000152,46,149,-103
113000153,1995,426,1569
113000154,472,1471,-999
113000155,220,398,-178
113000156,133,434,-301
113000157,253,867,-614
113000158,442,245,197
113000159,602,761,-159
113000160,555,1275,-720
113000161,239,647,-408
113000162,348,473,-125
113000163,61,75,-14
113000164,34,130,-96
113000166,86,82,4
113000167,16,240,-224
113000168,80,164,-84
113000169,117,93,24
113000170,82,137,-55
113000171,50,132,-82
113000172,199,107,92
113000173,35,28,7
113000174,121,632,-511
113000175,246,159,87
113000176,354,164,190
113000177,180,491,-311
113000178,170,543,-373
113000179,269,165,104
113000180,724,2045,-1321
113000181,949,1325,-376
113000182,263,447,-184
113000183,191,652,-461
113000184,22,130,-108
113000189,559,720,-161
113000190,1108,483,625
113000192,3563,1290,2273
113000193,6889,1132,5757
113000194,2738,1174,1564
113000195,2975,559,2416
113000196,127,151,-24
113000197,1521,936,585
113000198,82,431,-349
113000199,695,454,241
113000201,1384,214,1170
113000202,4776,3686,1090
113000203,624,360,264
113000204,2298,1506,792
113000205,36,14,22
113000206,3,32,-29
113000207,45,18,27
113000208,47,46,1
113000209,16,26,-10
113000210,8,22,-14
113000211,306,254,52
113000212,309,58,251
113000213,24,219,-195
113000214,173,405,-232
113000234,135,1549,-1414
113000410,70,121,-51
113000411,2276,4253,-1977
113000412,9762,2250,7512
113000413,4343,2705,1638
113000414,8685,9988,-1303
113000415,2724,3025,-301
113000416,9368,4090,5278
113000417,3357,3036,321
113000418,3027,2730,297
113000419,1371,1724,-353
113000420,3280,3969,-689
113000421,3385,5132,-1747
113000422,16269,9024,7245
113000423,2418,3990,-1572
113000424,4600,9506,-4906
113000425,9,82,-73
113000428,32,8,24
113000430,13,30,-17
113000432,1445,95,1350
113000433,182,1435,-1253
113000434,9,444,-435
113000435,31,1264,-1233
113000436,45,1913,-1868
113000437,427,20,407
113000438,134,13,121
113000439,12,240,-228
113000440,71,45,26
113000441,139,389,-250
113000442,115,403,-288
113000443,86,530,-444
113000444,94,466,-372
113000445,69,301,-232
113000446,30,104,-74
113000448,696,192,504
113000449,464,1554,-1090
113000450,962,5004,-4042
113000451,3393,208,3185
113000452,582,606,-24
113000453,220,390,-170
113000454,2210,36,2174
113000455,153,191,-38
113000456,3624,2062,1562
113000468,4008,257,3751
113000469,419,87,332
113000470,808,132,676
113000471,23,695,-672
113000472,72,355,-283
113000474,378,747,-369
113000475,1603,2339,-736
113000476,854,1914,-1060
113000477,1727,2157,-430
113000478,3814,7549,-3735
113000479,32,333,-301
113000484,0,0,0
113000485,0,0,0
113000486,0,0,0
113000487,0,0,0
113000488,0,0,0
113000489,0,0,0
113000490,0,1,-1
113000491,2,10,-8
113000492,1,1,0
113000493,0,0,0
113000495,275,273,2
113000496,134,189,-55
113000497,1,0,1
113000499,0,0,0
113900001,3,336,-333
113900002,4,370,-366
113900003,0,324,-324
113900004,1,95,-94
113900005,2,89,-87
113900006,0,75,-75
113900007,176,0,176
113900008,124,2,122
113900009,668,0,668
113900010,319,1,318
113900011,68,1,67
113900012,12,1,11
113900013,1803,14,1789
113900014,426,1,425
113900015,4,53,-49
113900016,15,0,15
113900017,0,64,-64
113900018,522,131,391
113900019,60,57,3
113900020,42,0,42
113900022,8,1,7
113900023,13,0,13
113900024,41,103,-62
113900025,278,3,275
113900026,42,1,41
113900027,3,136,-133
113900028,8,575,-567
113900029,31,402,-371
113900030,124,2,122
113900031,6,0,6
113900032,9,0,9
113900033,73,98,-25
113900035,29,0,29
113900036,20,190,-170
113900037,59,797,-738
113900038,121,108,13
113900039,65,4,61
113900040,5,5,0
113900041,4,3,1
113900042,83,56,27
113900043,193,119,74
113900044,131,49,82
113900045,55,2,53
113900046,170,865,-695
113900047,63,221,-158
113900048,281,55,226
113900049,1027,265,762
113900050,125,502,-377
113900051,182,474,-292
113900052,146,121,25
113900053,314,209,105
113900054,10,21,-11
113900055,79,623,-544
113900056,75,218,-143
113900057,33,130,-97
113900058,45,259,-214
113900059,187,398,-211
113900060,78,196,-118
113900061,886,88,798
113900062,70,18,52
113900063,61,192,-131
113900064,17,176,-159
113900065,406,20,386
113900066,182,598,-416
113900067,55,357,-302
113900068,338,305,33
113900069,33,23,10
113900070,162,500,-338
113900071,46,123,-77
113900072,55,196,-141
113900073,125,422,-297
113900074,15,462,-447
113900075,1020,853,167
113900076,108,5,103
113900077,19,277,-258
113900078,21,108,-87
113900079,1,104,-103
113900080,310,162,148
113900081,39,236,-197
113900082,95,267,-172
113900083,134,853,-719
113900084,308,77,231
113900085,36,438,-402
113900086,32,21,11
113900087,38,232,-194
113900088,44,75,-31
113900089,287,37,250
113900090,450,321,129
113900091,9,23,-14
113900092,59,71,-12
113900093,77,532,-455
113900094,218,493,-275
113900095,87,72,15
113900096,130,61,69
113900097,7,139,-132
113900098,535,57,478
113900099,1,72,-71
113900100,0,2,-2
113900101,21,40,-19
113900102,128,67,61
113900103,209,204,5
113900104,108,178,-70
113900105,35,571,-536
113900106,2,145,-143
113900107,2,34,-32
113900108,311,161,150
113900109,303,88,215
113900110,37,13,24
113900111,99,90,9
113900112,88,86,2
113900113,701,492,209
113900114,1,139,-138
113900115,0,151,-151
113900116,100,129,-29
113900117,90,26,64
113900118,211,167,44
113900119,235,367,-132
113900120,63,20,43
113900121,27,69,-42
113900122,311,1442,-1131
113900123,406,212,194
113900124,2,106,-104
113900125,1567,155,1412
113900126,152,57,95
113900127,207,442,-235
113900128,109,51,58
113900129,12,126,-114
113900130,2,12,-10
113900131,140,96,44
113900132,31,39,-8
113900133,11,41,-30
113900135,203,558,-355
113900136,98,100,-2
113900137,395,202,193
113900138,27,141,-114
113900139,609,110,499
113900140,340,234,106
113900141,262,752,-490
113900142,71,109,-38
113900143,4,27,-23
113900144,277,159,118
113900145,257,283,-26
113900146,65,61,4
113900148,221,235,-14
113900149,134,74,60
113900150,733,513,220
113900151,226,272,-46
113900152,10,43,-33
113900153,364,453,-89
113900154,1,65,-64
113900155,191,71,120
113900156,277,690,-413
113900157,25,211,-186
113900158,263,213,50
113900159,8,181,-173
113900160,461,780,-319
113900161,22,199,-177
113900162,414,484,-70
113900163,275,275,0
113900164,321,50,271
113900165,506,582,-76
113900166,189,145,44
113900167,184,28,156
113900168,153,110,43
113900169,191,393,-202
113900171,60,39,21
113900172,6,304,-298
113900173,51,883,-832
113900174,376,695,-319
113900175,230,83,147
113900176,194,693,-499
113900177,325,257,68
113900178,311,105,206
113900179,20,1040,-1020
113900180,158,108,50
113900181,384,141,243
113900182,409,1055,-646
113900183,46,88,-42
113900184,13,808,-795
113900185,130,110,20
113900186,19,58,-39
113900187,40,124,-84
113900188,27,136,-109
113900189,227,65,162
113900190,318,102,216
113900191,107,211,-104
113900192,2932,1387,1545
113900193,37,351,-314
113900194,2810,1021,1789
113900195,272,488,-216
113900196,2,122,-120
113900197,0,497,-497
113900198,22,131,-109
113900199,171,789,-618
113900200,15,259,-244
113900201,1,344,-343
113900202,35,263,-228
113900203,18,225,-207
113900204,28,711,-683
113900205,8,133,-125
113900206,5,136,-131
113900207,0,74,-74
113900208,0,34,-34
113900209,1,91,-90
113900210,663,473,190
113900211,112,57,55
113900212,123,785,-662
113900214,350,461,-111
113900215,45,151,-106
113900216,52,1621,-1569
113900217,45,488,-443
113900218,96,79,17
113900219,184,670,-486
113900220,122,80,42
113900221,267,134,133
113900222,1802,402,1400
113900223,127,1441,-1314
113900224,147,76,71
113900225,771,203,568
113900226,229,123,106
113900227,235,159,76
113900228,337,302,35
113900229,37,518,-481
113900230,4707,1747,2960
113900231,127,240,-113
113900232,67,100,-33
113900233,31,53,-22
113900234,206,496,-290
113900235,32,27,5
113900236,62,513,-451
113900237,85,5,80
113900238,162,409,-247
113900239,80,90,-10
113900240,4,80,-76
113900241,85,85,0
113900242,36,197,-161
113900243,140,392,-252
113900244,448,185,263
113900245,1213,278,935
113900246,24,13,11
113900247,161,240,-79
113900248,3861,1554,2307
113900249,1532,238,1294
113900250,57,131,-74
113900251,376,312,64
113900252,317,8,309
113900253,526,32,494
113900254,523,84,439
113900255,308,24,284
113900256,236,35,201
113900257,38,1068,-1030
113900258,12,850,-838
113900259,318,313,5
113900260,91,16,75
113900261,17,143,-126
113900262,146,1116,-970
113900263,123,694,-571
113900264,8,867,-859
113900265,161,297,-136
113900266,32,326,-294
113900267,176,550,-374
113900268,202,339,-137
113900269,67,135,-68
113900270,362,327,35
113900271,431,1394,-963
113900273,46,5,41
113900274,33,5,28
113900275,17,64,-47
113900276,5,369,-364
113900277,68,1,67
113900278,236,139,97
113900279,65,105,-40
113900280,1060,613,447
113900281,299,822,-523
113900282,684,344,340
113900283,280,425,-145
113900284,456,151,305
113900285,91,37,54
113900286,5,114,-109
113900287,23,15,8
113900288,0,79,-79
113900289,1751,92,1659
113900290,542,151,391
113900291,107,160,-53
113900292,7,7,0
113900293,38,272,-234
113900294,288,32,256
113900295,373,324,49
113900296,1407,142,1265
113900297,694,38,656
113900298,4,2084,-2080
113900299,40,289,-249
113900300,4166,1461,2705
113900301,1116,341,775
113900302,2876,692,2184
113900303,642,236,406
113900304,0,208,-208
113900305,60,0,60
113900306,12,0,12
113900307,50,0,50
113900308,52,94,-42
113900309,9,1038,-1029
113900310,0,32,-32
113900311,3,0,3
113900312,95,106,-11
113900313,29,24,5
113900314,0,41,-41
113900315,22,0,22
114000001,1018,4699,-3681
114000002,144,667,-523
114000003,153,1795,-1642
114000004,269,502,-233
114000005,155,271,-116
114000006,2394,2323,71
114000007,667,1870,-1203
114000008,1330,1239,91
114000009,359,225,134
114000011,2165,4968,-2803
114000012,1357,4165,-2808
114000013,1165,3059,-1894
114000014,516,972,-456
114000015,999,802,197
114000016,161,555,-394
114000017,105,166,-61
114000018,775,92,683
114000026,834,2309,-1475
114000027,1657,2572,-915
114000028,1780,2181,-401
114000038,119,125,-6
114000039,139,429,-290
114000040,51,164,-113
114000042,147,260,-113
114000043,257,390,-133
114000044,179,245,-66
114000045,57,146,-89
114000046,2436,5732,-3296
114000047,17,51,-34
114000048,127,237,-110
114000049,1279,1496,-217
114000050,1417,1599,-182
114000051,3138,1881,1257
114000052,2536,1165,1371
114000053,53,818,-765
114000054,132,2177,-2045
114000055,224,19,205
114000056,878,608,270
114000057,13048,2583,10465
114000058,470,901,-431
114000059,300,222,78
114000060,615,858,-243
114000061,3567,1586,1981
114000062,2247,994,1253
114000063,3043,1624,1419
114000064,7213,2813,4400
114000065,1613,2529,-916
114000066,328,738,-410
114000067,15,392,-377
114000068,374,529,-155
114000069,543,496,47
114000070,1999,1337,662
114000071,445,646,-201
114000072,210,708,-498
114000073,30,175,-145
114000074,25,17,8
114000075,52,225,-173
114000076,12,227,-215
114000077,5,90,-85
114000078,142,1224,-1082
114000079,81,40,41
114000080,66,76,-10
114000081,38,109,-71
114000082,51,792,-741
114000083,45,342,-297
114000084,144,76,68
114000085,119,1024,-905
114000086,236,861,-625
114000087,39,282,-243
114000088,39,69,-30
114000089,2477,520,1957
114000090,493,580,-87
114000091,1293,568,725
114000092,773,330,443
114000093,684,769,-85
114000094,312,454,-142
114000095,93,99,-6
114000096,99,684,-585
114000097,136,1152,-1016
114000098,255,79,176
114000099,290,1648,-1358
114000100,645,1009,-364
114000101,332,1436,-1104
114000102,256,412,-156
114000103,82,654,-572
114000104,14,504,-490
114000105,47,55,-8
114000106,1539,489,1050
114000107,168,129,39
114000108,6400,1570,4830
114000109,324,846,-522
114000110,714,2717,-2003
114000111,798,540,258
114000112,357,4644,-4287
114000113,799,442,357
114000114,1092,3269,-2177
114000115,1379,862,517
114000116,351,860,-509
114000117,1399,422,977
114000118,1461,397,1064
114000119,863,325,538
114000120,569,1357,-788
114000121,443,670,-227
114000122,312,302,10
114000123,899,360,539
114000124,588,428,160
114000125,895,2787,-1892
114000126,923,272,651
114000127,130,225,-95
114000128,758,826,-68
114000130,402,693,-291
114000131,155,79,76
114000132,574,940,-366
114000133,845,1870,-1025
114000134,30,231,-201
114000138,31,188,-157
114000139,219,145,74
114000144,442,469,-27
114000145,70,178,-108
114000146,64,371,-307
114000147,845,1122,-277
114000148,3188,1487,1701
114000149,224,235,-11
114000150,1962,1060,902
114000151,3105,1305,1800
114000152,109,18,91
114000153,1273,2074,-801
114000154,798,871,-73
114000155,1058,1884,-826
114000156,673,417,256
114000157,345,998,-653
114000158,2822,736,2086
114000159,214,492,-278
114000160,106,243,-137
114000161,1477,1577,-100
114000162,683,1157,-474
114000163,20,141,-121
114000165,237,140,97
114000166,681,285,396
114000167,5845,1222,4623
114000168,575,411,164
114000169,1867,672,1195
114000170,877,684,193
114000171,644,1692,-1048
114000174,232,525,-293
114000176,781,731,50
114000177,3614,852,2762
114000178,45,58,-13
114000179,1156,865,291
114000180,928,893,35
114000181,1413,2306,-893
114000182,8048,2604,5444
114000183,915,1251,-336
114000184,10037,1692,8345
114000185,729,993,-264
114000189,359,77,282
114000190,1388,178,1210
114000191,17,29,-12
114000192,344,2732,-2388
114000193,1159,4341,-3182
114000194,1182,1814,-632
114000195,72,15,57
114000196,5,660,-655
114000197,668,115,553
114000198,1607,465,1142
114000199,2471,1172,1299
114000200,588,3319,-2731
114000201,118,1581,-1463
114000202,817,1301,-484
114000203,561,1669,-1108
114000204,120,578,-458
114000205,197,2339,-2142
114000206,376,1550,-1174
114000207,840,3108,-2268
114000208,462,5147,-4685
114000209,680,5181,-4501
114000210,440,2558,-2118
114000211,870,2036,-1166
114000212,486,945,-459
114000213,961,795,166
114000214,75,192,-117
114000215,115,119,-4
114000216,963,439,524
114000217,134,590,-456
114000218,99,369,-270
114000219,698,352,346
114000220,17,2853,-2836
114000221,423,131,292
114000222,231,1983,-1752
114000223,290,93,197
114000224,141,1168,-1027
114000225,241,802,-561
114000226,64,315,-251
114000227,646,567,79
114000228,580,1387,-807
114000229,825,1542,-717
114000230,1346,2113,-767
114000231,785,1524,-739
114000232,451,133,318
114000233,1297,109,1188
114000234,847,1371,-524
114000235,779,2188,-1409
114000236,1,698,-697
114000237,79,1542,-1463
114000238,60,303,-243
114000239,167,2121,-1954
114000240,667,739,-72
114000241,190,1580,-1390
114000242,1039,1380,-341
114000243,1092,969,123
114000244,592,416,176
114000245,379,645,-266
114000246,229,50,179
114000247,621,836,-215
114000248,627,686,-59
114000249,424,697,-273
114000250,278,1589,-1311
114000251,184,558,-374
114000252,80,131,-51
114000253,26,445,-419
114000254,34,95,-61
114000255,817,171,646
114000256,1935,869,1066
114000257,1009,2341,-1332
114000258,122,597,-475
114000259,57,425,-368
114000260,0,27,-27
114000261,31,27,4
114000262,37,142,-105
114000263,14,0,14
114000264,506,776,-270
114000265,0,0,0
114000267,4,1648,-1644
114000268,4,2936,-2932
114000270,106,5,101
114000271,548,111,437
114000283,683,559,124
114000285,56,476,-420
114000288,33,674,-641
114000289,812,237,575
114000293,75,572,-497
114000294,144,232,-88
114000395,1128,55,1073
114000396,265,385,-120
114000402,290,440,-150
114000403,223,954,-731
114000405,92,867,-775
114000423,149,738,-589
114000424,146,278,-132
114000425,254,934,-680
114000426,245,810,-565
114000427,50,113,-63
114000428,349,103,246
114000429,6,215,-209
114000432,65,228,-163
114000434,19,123,-104
114000435,0,177,-177
114900001,317,2323,-2006
114900002,344,80,264
114900003,304,3395,-3091
114900004,139,199,-60
114900005,346,1285,-939
114900006,19,40,-21
114900007,116,13,103
114900008,73,76,-3
114900010,2753,1734,1019
114900011,87,77,10
114900013,108,81,27
114900018,780,49,731
114900020,174,60,114
114900022,2,1023,-1021
114900025,182,395,-213
114900026,53,62,-9
114900029,78,31,47
114900030,200,391,-191
114900031,196,52,144
114900032,123,40,83
114900034,39,284,-245
114900035,125,307,-182
114900036,261,1565,-1304
114900039,399,831,-432
114900040,92,399,-307
114900041,404,754,-350
114900042,494,949,-455
114900044,88,15,73
114900047,156,1398,-1242
114900048,57,547,-490
114900049,21,629,-608
114900050,28,1166,-1138
114900051,12,712,-700
114900052,50,225,-175
114900053,58,308,-250
114900054,40,125,-85
114900057,194,6,188
114900058,0,65,-65
114900059,39,30,9
114900063,53,307,-254
114900064,663,642,21
114900065,233,659,-426
114900067,40,376,-336
114900068,82,619,-537
114900069,261,233,28
114900070,346,1089,-743
114900072,18,319,-301
114900073,2,214,-212
114900074,254,1651,-1397
114900075,75,5,70
114900076,7,343,-336
114900080,5434,487,4947
114900082,4263,1367,2896
114900083,935,851,84
114900090,174,216,-42
114900091,252,175,77
114900097,65,1,64
114900098,4,370,-366
114900099,94,2,92
115000001,12528,7326,5202
115000002,2992,3069,-77
115000003,4099,5427,-1328
115000004,2619,4325,-1706
115000005,1516,3790,-2274
115000006,598,1491,-893
115000007,85,171,-86
115000008,510,629,-119
115000009,217,671,-454
115000010,260,174,86
115000013,45,178,-133
115000015,81,292,-211
115000016,57,269,-212
115000019,35,326,-291
115000020,212,407,-195
115000021,333,422,-89
115000022,425,275,150
115000023,227,352,-125
115000024,1290,438,852
115000025,656,464,192
115000026,88,350,-262
115000027,142,256,-114
115000028,106,765,-659
115000029,322,166,156
115000030,397,933,-536
115000031,791,185,606
115000032,5,336,-331
115000033,129,16,113
115000034,176,921,-745
115000035,770,53,717
115000036,3,417,-414
115000037,320,2,318
115000038,38,205,-167
115000039,3719,2219,1500
115000040,8162,4653,3509
115000041,1007,2439,-1432
115000042,582,733,-151
115000043,2636,2828,-192
115000044,2525,5503,-2978
115000045,1787,3601,-1814
115000046,1337,3624,-2287
115000047,1408,2805,-1397
115000048,1146,3392,-2246
115000049,1396,3365,-1969
115000050,3478,2376,1102
115000051,2369,2100,269
115000052,4701,2120,2581
115000053,1304,1460,-156
115000054,776,1819,-1043
115000055,143,515,-372
115000056,172,216,-44
115000057,367,508,-141
115000058,126,135,-9
115000059,111,151,-40
115000061,211,126,85
115000062,274,346,-72
115000063,184,497,-313
115000064,202,186,16
115000065,41,317,-276
115000067,317,28,289
115000069,52,274,-222
115000070,30,697,-667
115000071,127,13,114
115000072,25,63,-38
115000073,1431,33,1398
115000075,58,63,-5
115000076,4723,4630,93
115000077,1211,5036,-3825
115000078,823,2704,-1881
115000079,841,3411,-2570
115000080,1503,3830,-2327
115000081,404,989,-585
115000082,2545,3182,-637
115000083,1724,4344,-2620
115000084,1087,1747,-660
115000085,471,1098,-627
115000086,586,1314,-728
115000087,610,1566,-956
115000088,1895,722,1173
115000089,1511,1455,56
115000090,795,886,-91
115000091,617,1458,-841
115000092,252,412,-160
115000093,307,3,304
115000094,11862,5134,6728
115000095,8049,4398,3651
115000096,493,3369,-2876
115000097,518,872,-354
115000098,578,983,-405
115000099,1547,5783,-4236
115000100,616,731,-115
115000101,486,1788,-1302
115000102,297,206,91
115000103,470,1262,-792
115000105,67,315,-248
115000106,314,303,11
115000107,114,687,-573
115000108,5198,2896,2302
115000109,7182,2791,4391
115000110,1113,837,276
115000111,655,1504,-849
115000112,453,484,-31
115000113,614,723,-109
115000114,1435,672,763
115000116,3676,1469,2207
115000117,4702,1805,2897
115000118,1551,1607,-56
115000119,1645,1762,-117
115000120,500,770,-270
115000121,1424,832,592
115000122,2857,1135,1722
115000123,1541,1356,185
115000124,806,892,-86
115000125,397,614,-217
115000126,71,202,-131
115000127,339,117,222
115000128,1693,851,842
115000129,271,221,50
115000130,293,1350,-1057
115000131,468,309,159
115000132,158,908,-750
115000133,291,447,-156
115000134,144,334,-190
115000135,120,328,-208
115000136,118,257,-139
115000137,80,199,-119
115000138,183,277,-94
115000139,201,242,-41
115000140,134,207,-73
115000141,128,412,-284
115000142,124,428,-304
115000143,349,560,-211
115000144,318,100,218
115000145,183,565,-382
115000146,195,220,-25
115000147,335,570,-235
115000148,248,1981,-1733
115000149,393,218,175
115000150,623,1858,-1235
115000151,644,546,98
115000152,583,2487,-1904
115000153,638,472,166
115000154,416,328,88
115000155,540,1675,-1135
115000156,1175,583,592
115000157,907,1151,-244
115000158,606,434,172
115000159,909,330,579
115000160,579,235,344
115000161,145,611,-466
115000162,672,473,199
115000163,775,662,113
115000164,538,572,-34
115000165,263,328,-65
115000167,158,109,49
115000168,440,195,245
115000169,609,291,318
115000170,127,131,-4
115000171,226,149,77
115000172,2458,676,1782
115000173,267,243,24
115000174,73,273,-200
115000175,126,84,42
115000176,59,51,8
115000177,54,38,16
115000178,13,299,-286
115000179,43,10,33
115000180,89,833,-744
115000181,301,138,163
115000182,334,602,-268
115000183,153,1402,-1249
115000186,480,279,201
115000187,165,792,-627
115000188,368,593,-225
115000189,182,447,-265
115000190,795,466,329
115000191,220,453,-233
115000194,178,128,50
115000195,232,309,-77
115000196,86,174,-88
115000197,158,525,-367
115000198,118,344,-226
115000199,144,534,-390
115000200,202,154,48
115000201,141,495,-354
115000206,191,85,106
115000207,32,354,-322
115000208,805,875,-70
115000209,396,148,248
115000210,90,118,-28
115000211,200,295,-95
115000212,1710,239,1471
115000224,208,95,113
115000225,67,67,0
115000229,303,111,192
115000230,104,665,-561
115000231,287,3666,-3379
115000232,783,415,368
115000233,72,174,-102
115000234,16,323,-307
115000241,46,389,-343
115000242,59,465,-406
115000243,30,363,-333
115000244,2,113,-111
115000246,56,10,46
115000247,17,10,7
115000248,32,14,18
115000249,38,14,24
115000250,209,43,166
115000251,134,141,-7
115000252,65,147,-82
115000253,12,255,-243
115000258,189,298,-109
115000259,432,154,278
115000261,17,32,-15
115000262,10,38,-28
115000263,12,55,-43
115000264,4,55,-51
115000267,45,76,-31
115000268,22,167,-145
115000269,84,82,2
115000270,2,34,-32
115000272,34,207,-173
115000273,286,18,268
115000280,2187,122,2065
115000281,428,311,117
115000282,651,340,311
115000284,264,132,132
115000296,829,8,821
115000297,181,47,134
115000298,83,175,-92
115000300,73,187,-114
115000302,256,275,-19
115000303,381,194,187
115000304,368,83,285
115000305,50,1551,-1501
115000306,120,1100,-980
115000307,41,392,-351
115000308,133,26,107
115000310,642,1280,-638
115000311,486,2089,-1603
115000313,144,950,-806
115000314,282,111,171
115000315,1320,562,758
115000316,64,86,-22
115000317,105,865,-760
115000318,414,243,171
115000319,44,459,-415
115000320,11,159,-148
115000321,376,8,368
115000322,51,355,-304
115000449,329,147,182
115000557,261,728,-467
115000558,240,92,148
115000587,314,348,-34
115000588,2335,5227,-2892
115000589,2750,3494,-744
115000590,668,2100,-1432
115000591,823,776,47
115000592,513,1820,-1307
115000593,966,745,221
115000594,744,1954,-1210
115000609,86,217,-131
115000617,2193,1908,285
115000624,153,125,28
115000633,308,1625,-1317
115000634,2448,617,1831
115000635,317,163,154
115000638,2132,745,1387
115000641,99,91,8
115000642,334,290,44
115000643,56,617,-561
115000644,184,416,-232
115000646,673,1007,-334
115000647,115,513,-398
115000648,1100,2070,-970
115000893,3603,1292,2311
115000894,71,1170,-1099
115000895,406,953,-547
115000896,1475,371,1104
115000897,420,96,324
115000898,485,188,297
115000899,1213,1377,-164
115000900,152,462,-310
115000901,74,138,-64
115000912,187,67,120
115000913,3,91,-88
115000915,34,1,33
115000916,1,0,1
115000917,0,2,-2
115000918,87,192,-105
115000919,28,6,22
115000920,52,34,18
115000921,1843,104,1739
115000922,1770,677,1093
115000923,584,1017,-433
115000925,67,98,-31
115000927,31,30,1
115000933,523,204,319
115000934,88,192,-104
115000935,58,112,-54
115000936,73,369,-296
115000937,1687,168,1519
115000938,254,238,16
115000939,334,224,110
115000940,5,5,0
115000941,5,13,-8
115000942,129,66,63
115000943,108,5,103
115000944,11,5,6
115900001,37,121,-84
115900002,80,267,-187
115900003,91,142,-51
115900004,2,77,-75
115900005,78,3,75
115900006,58,744,-686
115900008,25,18,7
115900009,56,515,-459
115900010,100,255,-155
115900011,197,341,-144
115900012,73,175,-102
115900013,257,185,72
115900014,55,196,-141
115900015,54,208,-154
115900016,46,33,13
115900017,0,2,-2
115900018,170,112,58
115900019,381,27,354
115900020,10,0,10
115900021,1700,97,1603
115900022,3560,17,3543
115900023,6,1,5
115900025,32,170,-138
115900026,781,474,307
115900027,1,596,-595
115900028,638,77,561
115900029,4,671,-667
115900030,7,28,-21
115900031,330,168,162
115900032,234,902,-668
115900033,1,37,-36
115900034,37,684,-647
115900035,13,29,-16
115900036,668,344,324
115900037,29,655,-626
115900038,9,5,4
115900039,104,441,-337
115900041,426,394,32
115900042,10,4,6
115900043,59,208,-149
115900044,382,188,194
115900046,134,400,-266
115900047,77,72,5
115900049,95,337,-242
115900051,1,56,-55
115900052,15,438,-423
115900053,78,389,-311
115900054,75,70,5
115900055,19,174,-155
115900056,89,519,-430
115900057,26,3,23
115900058,21,65,-44
115900060,23,220,-197
115900061,90,1,89
115900062,20,458,-438
115900063,28,15,13
115900064,133,248,-115
115900065,65,172,-107
115900066,264,255,9
115900067,2,1363,-1361
115900068,4300,342,3958
115900069,23,173,-150
115900070,95,392,-297
115900071,4,1081,-1077
115900072,90,279,-189
115900073,37,24,13
115900074,2,481,-479
115900075,13,381,-368
115900076,1,105,-104
115900077,2,402,-400
115900078,26,153,-127
115900079,116,23,93
115900080,574,447,127
115900081,7,109,-102
115900082,197,180,17
115900084,166,17,149
115900085,47,86,-39
115900086,2073,501,1572
115900088,9,49,-40
115900089,170,876,-706
115900090,97,31,66
115900091,6,15,-9
115900092,27,266,-239
115900093,13,24,-11
115900094,6,522,-516
115900096,4,22,-18
115900097,13,717,-704
115900098,101,708,-607
115900099,39,122,-83
115900100,4,852,-848
115900101,85,640,-555
115900102,51,110,-59
115900103,205,338,-133
115900104,20,188,-168
115900105,65,1029,-964
115900106,16,46,-30
115900107,21,252,-231
115900108,38,49,-11
115900109,33,502,-469
115900110,0,19,-19
115900111,1,93,-92
115900112,25,1298,-1273
115900113,28,35,-7
115900114,1,215,-214
115900115,32,132,-100
115900116,48,1448,-1400
115900117,24,20,4
115900118,4,488,-484
115900119,143,73,70
115900120,27,594,-567
115900121,76,293,-217
115900124,132,371,-239
115900125,161,40,121
115900126,325,66,259
115900127,285,54,231
115900128,8,133,-125
115900129,470,26,444
115900130,19,191,-172
115900131,107,29,78
115900132,249,4,245
115900134,235,14,221
115900135,713,648,65
115900137,22,2,20
115900139,59,41,18
115900140,107,21,86
115900141,10,28,-18
115900142,5,8,-3
115900143,162,361,-199
115900144,64,228,-164
115900146,9,252,-243
115900147,219,173,46
115900148,16,7,9
115900149,31,32,-1
115900150,40,111,-71
115900151,5,76,-71
115900152,57,609,-552
115900153,70,317,-247
115900154,980,290,690
115900155,0,148,-148
115900156,441,594,-153
115900157,72,471,-399
115900158,43,12,31
115900159,52,339,-287
115900160,7,1,6
115900161,18,264,-246
115900163,89,164,-75
115900164,191,31,160
115900166,127,403,-276
115900168,42,150,-108
115900171,46,605,-559
115900172,43,151,-108
115900173,129,146,-17
115900174,413,243,170
115900175,62,195,-133
115900178,6,1046,-1040
115900179,119,9,110
115900180,43,612,-569
115900181,97,369,-272
115900182,183,445,-262
115900183,64,19,45
115900184,1429,20,1409
115900187,5,117,-112
115900189,0,124,-124
115900190,276,739,-463
115900191,78,630,-552
115900192,13,82,-69
115900193,47,88,-41
115900194,294,44,250
115900195,506,785,-279
115900198,230,322,-92
115900199,145,335,-190
115900200,213,453,-240
115900201,205,227,-22
115900202,1,4,-3
115900203,1,6,-5
115900204,0,1,-1
115900205,53,11,42
115900206,94,129,-35
115900207,20,22,-2
115900208,74,502,-428
115900209,4,227,-223
115900210,2,162,-160
115900211,5,329,-324
115900212,65,311,-246
115900213,71,21,50
115900214,215,274,-59
115900215,8,41,-33
115900216,10,75,-65
115900217,2,140,-138
115900218,1,77,-76
115900219,44,1,43
115900220,62,8,54
115900221,37,12,25
115900222,33,8,25
115900223,15,121,-106
115900224,2443,463,1980
115900225,78,27,51
115900226,12,56,-44
115900227,2,66,-64
115900228,3,74,-71
115900229,10,64,-54
115900230,36,136,-100
115900231,105,3,102
115900232,39,0,39
115900233,31,7,24
115900234,49,22,27
115900235,28,23,5
115900236,21,6,15
115900237,8,31,-23
115900238,15,22,-7
115900239,6,40,-34
115900240,6,58,-52
115900241,90,77,13
115900242,292,264,28
115900243,4,5,-1
115900244,2,31,-29
115900245,32,25,7
115900246,3,4,-1
115900247,14,12,2
115900248,12,4,8
115900249,3,7,-4
115900250,0,21,-21
115900251,0,10,-10
115900252,1,0,1
115900253,6,5,1
115900254,14,21,-7
115900255,2,12,-10
115900256,36,50,-14
115900257,2,5,-3
115900258,0,0,0
115900259,4,0,4
115900260,9,4,5
115900261,2,0,2
115900262,0,0,0
115900263,8,0,8
115900264,0,3,-3
115900265,0,3,-3
115900266,1,4,-3
115900267,3,7,-4
115900268,1,6,-5
115900269,186,374,-188
115900270,204,1339,-1135
115900271,50,1,49
115900272,14,4,10
115900273,8,10,-2
115900274,6,29,-23
115900275,1,56,-55
115900276,0,102,-102
115900277,0,251,-251
115900278,10,127,-117
115900279,6,109,-103
115900280,20,236,-216
115900281,841,174,667
115900282,22,10,12
115900283,6,4,2
115900284,3,30,-27
116000001,19362,5991,13371
116000002,3700,6467,-2767
116000003,1600,2653,-1053
116000004,2454,1882,572
116000005,3362,4379,-1017
116000006,2195,1142,1053
116000007,3470,5824,-2354
116000008,2267,1583,684
116000009,1859,3293,-1434
116000010,1462,965,497
116000011,1049,2769,-1720
116000012,739,771,-32
116000013,15724,3437,12287
116000014,26066,9948,16118
116000015,632,857,-225
116000016,7971,2237,5734
116000017,33,549,-516
116000018,718,571,147
116000019,448,290,158
116000020,392,1740,-1348
116000021,344,384,-40
116000022,221,881,-660
116000023,724,608,116
116000024,514,1647,-1133
116000025,606,478,128
116000026,1274,2275,-1001
116000027,358,465,-107
116000028,399,553,-154
116000029,956,529,427
116000030,475,354,121
116000031,105,151,-46
116000032,314,281,33
116000033,317,566,-249
116000034,593,1032,-439
116000035,362,539,-177
116000036,2390,581,1809
116000037,830,770,60
116000038,768,407,361
116000039,751,295,456
116000040,1615,236,1379
116000041,281,473,-192
116000042,453,183,270
116000043,71,626,-555
116000044,32,244,-212
116000045,1685,1095,590
116000046,1265,1183,82
116000047,2192,1908,284
116000048,2057,1652,405
116000049,954,1985,-1031
116000050,1211,1443,-232
116000051,3587,1839,1748
116000052,3449,3765,-316
116000053,1307,1147,160
116000054,680,2139,-1459
116000055,482,1386,-904
116000056,625,1245,-620
116000057,3253,2247,1006
116000058,3263,1946,1317
116000059,3297,4472,-1175
116000060,2681,889,1792
116000061,677,861,-184
116000062,969,307,662
116000063,564,1191,-627
116000066,264,483,-219
116000067,279,818,-539
116000068,160,270,-110
116000069,296,488,-192
116000078,344,1131,-787
116000080,1145,1283,-138
116000082,7,132,-125
116000083,972,484,488
116000084,2600,4837,-2237
116000085,1497,1150,347
116000086,3805,1840,1965
116000087,991,1264,-273
116000088,785,1484,-699
116000089,152,174,-22
116000090,188,154,34
116000091,168,134,34
116000093,409,1499,-1090
116000094,353,845,-492
116000095,461,1271,-810
116000096,490,1175,-685
116000097,573,1362,-789
116000098,417,3933,-3516
116000099,15980,567,15413
116000100,99,12,87
116000101,395,2424,-2029
116000102,244,2198,-1954
116000103,412,264,148
116000104,130,2527,-2397
116000105,645,214,431
116000106,388,2295,-1907
116000107,1234,593,641
116000108,122,233,-111
116000111,64,33,31
116000113,48,58,-10
116000114,25,115,-90
116000115,125,108,17
116000116,230,615,-385
116000117,871,2263,-1392
116000118,998,1762,-764
116000119,1713,2350,-637
116000120,2381,5545,-3164
116000121,428,561,-133
116000122,1492,3395,-1903
116000123,346,581,-235
116000124,259,1411,-1152
116000125,1559,712,847
116000126,218,1784,-1566
116000127,1094,2067,-973
116000128,1130,865,265
116000129,596,207,389
116000130,213,260,-47
116000133,407,1383,-976
116000134,1350,4461,-3111
116000135,1178,1582,-404
116000136,889,3631,-2742
116000137,654,723,-69
116000138,995,412,583
116000139,1268,2276,-1008
116000140,124,334,-210
116000141,442,1580,-1138
116000142,4807,5299,-492
116000143,1972,1642,330
116000144,1188,4123,-2935
116000145,1270,1865,-595
116000146,253,612,-359
116000147,422,164,258
116000148,340,430,-90
116000149,288,622,-334
116000151,564,1595,-1031
116000153,66,741,-675
116000155,255,261,-6
116000156,485,1814,-1329
116000157,46,28,18
116000158,308,356,-48
116000159,23,11,12
116000160,8,136,-128
116000161,8,123,-115
116000162,84,93,-9
116000163,14,5,9
116000164,3,16,-13
116000177,93,165,-72
116000194,57,374,-317
116000195,1970,733,1237
116000196,5,7,-2
116000197,1,10,-9
116000198,2499,1179,1320
116000200,983,252,731
116000201,693,732,-39
116000202,4,444,-440
116000203,14,112,-98
116000204,18,48,-30
116000205,0,153,-153
116000206,0,126,-126
116000207,2,40,-38
116000233,189,1073,-884
116000287,100,822,-722
116000288,90,441,-351
116000292,19,174,-155
116000296,11,392,-381
116000297,36,22,14
116000304,64,44,20
116000305,48,111,-63
116000346,166,191,-25
116000352,87,28,59
116000354,36,16,20
116000357,8,8,0
116000358,152,39,113
116000361,1341,1,1340
116000372,14070,2778,11292
116000381,60,0,60
116000388,0,29,-29
116000389,432,690,-258
116000445,229,791,-562
116000446,316,1960,-1644
116000447,19,501,-482
116000448,740,481,259
116000563,1029,757,272
116000565,131,425,-294
116000568,27,130,-103
116000579,36,174,-138
116000583,58,154,-96
116000584,36,4,32
116000585,20,15,5
116000586,245,143,102
116000587,353,615,-262
116000589,37,112,-75
116000590,42,56,-14
116000591,118,488,-370
116000592,7,176,-169
116000593,0,113,-113
116000594,274,724,-450
116000595,466,187,279
116000596,70,8,62
116000597,155,78,77
116000598,7,220,-213
116000605,330,199,131
116000606,47,152,-105
116000607,2,77,-75
116000609,242,720,-478
116000611,125,711,-586
116000612,524,2060,-1536
116000613,325,506,-181
116000614,509,1166,-657
116000615,0,181,-181
116000616,22,193,-171
116000617,85,172,-87
116000618,2,288,-286
116000619,14,49,-35
116000620,55,446,-391
116000621,16,101,-85
116000622,23,170,-147
116000624,60,55,5
116000627,46,329,-283
116000628,29,1546,-1517
116000629,42,917,-875
116000630,156,62,94
116000631,70,122,-52
116000632,234,266,-32
116000633,83,744,-661
116000634,182,397,-215
116000635,3812,1714,2098
116000636,2635,1209,1426
116000637,257,133,124
116000638,73,814,-741
116000639,24,2,22
116000640,12,4,8
116000641,52,277,-225
116000643,0,263,-263
116000644,21,1560,-1539
116000645,10,52,-42
116900001,153,186,-33
116900002,344,5,339
116900003,10,92,-82
116900004,31,68,-37
116900005,170,54,116
116900006,334,179,155
116900007,84,307,-223
116900008,178,670,-492
116900009,9,1,8
116900010,417,3236,-2819
116900011,9,43,-34
116900012,103,320,-217
116900013,11,247,-236
116900014,83,495,-412
116900015,165,93,72
116900016,82,1,81
116900017,2,1165,-1163
116900018,35,53,-18
116900019,0,606,-606
116900020,2374,389,1985
116900023,54,12,42
116900024,230,94,136
116900025,445,1483,-1038
116900026,179,1124,-945
116900027,18,69,-51
116900028,3,193,-190
116900029,1,16,-15
116900031,1,7,-6
116900032,4,626,-622
116900033,1,3,-2
116900034,7,140,-133
116900035,83,398,-315
116900036,0,106,-106
116900038,39,0,39
116900041,13,12,1
116900042,1270,276,994
116900043,8,104,-96
116900047,113,51,62
116900049,38,483,-445
116900050,80,742,-662
116900051,56,499,-443
116900052,163,80,83
116900055,0,6,-6
116900057,13,497,-484
116900058,18,601,-583
116900059,1,369,-368
116900060,325,338,-13
116900062,0,7,-7
116900064,61,1819,-1758
116900065,9,211,-202
116900067,110,180,-70
116900068,107,343,-236
116900070,0,13,-13
116900072,12,659,-647
116900073,10,443,-433
116900074,4,45,-41
116900076,1,64,-63
116900077,10,501,-491
116900078,262,176,86
116900079,19,795,-776
116900080,2,15,-13
116900081,265,2434,-2169
116900082,152,896,-744
116900083,52,118,-66
116900084,209,62,147
116900085,15,238,-223
116900086,30,371,-341
116900088,509,75,434
116900090,125,70,55
116900091,120,119,1
116900092,60,1317,-1257
116900093,1623,2217,-594
116900094,6419,2399,4020
116900095,301,366,-65
116900096,97,198,-101
116900097,6539,1991,4548
116900098,839,243,596
116900099,526,605,-79
116900100,472,17,455
116900101,246,855,-609
116900103,4,2,2
116900104,26,94,-68
116900105,229,64,165
116900106,442,4,438
116900107,6164,1177,4987
116900110,12,0,12
116900111,237,1809,-1572
116900112,130,1672,-1542
116900113,4565,974,3591
116900116,140,284,-144
116900117,21,110,-89
116900118,1261,622,639
116900120,102,213,-111
116900121,57,74,-17
116900122,330,1288,-958
116900123,93,1462,-1369
116900124,100,1697,-1597
116900125,169,455,-286
116900126,399,579,-180
116900128,0,58,-58
116900129,3,349,-346
116900130,1339,1913,-574
116900131,75,223,-148
116900132,19,76,-57
116900133,73,123,-50
116900134,132,273,-141
116900136,101,173,-72
116900137,237,193,44
116900138,95,272,-177
116900139,57,523,-466
116900140,121,151,-30
116900141,440,274,166
116900142,4,28,-24
116900143,189,510,-321
116900144,22,53,-31
116900145,105,429,-324
116900147,754,336,418
116900148,5,28,-23
116900149,14,145,-131
116900150,18,5,13
116900151,58,27,31
116900153,55,76,-21
116900154,366,231,135
116900155,40,52,-12
116900157,363,443,-80
116900158,178,110,68
116900159,32,264,-232
116900160,556,230,326
116900161,12969,4033,8936
116900162,8,228,-220
116900163,67,189,-122
116900164,65,23,42
116900165,221,139,82
116900166,18,141,-123
116900167,262,64,198
116900168,145,94,51
116900169,940,215,725
116900170,144,242,-98
116900171,15,276,-261
116900172,276,146,130
116900173,81,91,-10
116900174,7,26,-19
116900175,190,62,128
116900178,24,273,-249
116900179,78,117,-39
116900180,59,31,28
116900182,269,234,35
116900183,108,109,-1
116900185,4,24,-20
116900186,65,434,-369
116900187,20,17,3
116900188,101,26,75
116900189,10,0,10
116900191,321,425,-104
116900192,127,289,-162
116900194,71,592,-521
116900195,12,20,-8
116900196,19,180,-161
116900197,58,5,53
116900198,223,148,75
116900200,40,41,-1
116900201,66,11,55
116900202,68,84,-16
116900203,59,2,57
116900204,28,79,-51
116900206,11,106,-95
116900207,36,22,14
116900208,5,231,-226
116900209,7,206,-199
116900210,249,235,14
116900211,234,9,225
116900212,14,128,-114
116900213,144,321,-177
116900214,84,132,-48
116900215,43,136,-93
116900216,353,365,-12
116900218,1,403,-402
116900219,772,296,476
116900220,74,170,-96
116900221,55,245,-190
116900222,333,323,10
116900223,69,191,-122
116900226,43,112,-69
116900227,97,101,-4
116900228,158,366,-208
116900230,44,557,-513
116900231,25,815,-790
116900232,8,956,-948
116900233,203,138,65
116900234,3,3,0
116900235,234,547,-313
116900238,1840,633,1207
116900239,20,681,-661
116900240,9764,2613,7151
116900241,43,232,-189
116900242,2258,306,1952
116900243,0,67,-67
116900245,25,20,5
116900246,57,17,40
116900247,271,12,259
116900248,78,26,52
116900249,109,130,-21
116900250,232,37,195
116900251,642,267,375
116900252,29,1622,-1593
116900254,14,125,-111
116900255,67,45,22
116900256,154,123,31
116900257,6,1053,-1047
116900258,1,424,-423
116900259,71,4,67
116900260,1,191,-190
116900261,29,2,27
116900262,65,134,-69
116900263,0,15,-15
116900264,63,21,42
116900265,32,0,32
116900266,14,138,-124
116900267,2,2,0
116900268,45,13,32
116900269,265,618,-353
116900271,1377,63,1314
116900272,726,912,-186
116900273,532,47,485
116900274,54,149,-95
116900275,71,216,-145
116900276,665,53,612
116900277,763,9,754
116900278,4,26,-22
116900279,2,31,-29
116900280,7,54,-47
116900281,10559,2367,8192
116900282,3,321,-318
116900283,11,365,-354
116900284,7,297,-290
116900285,518,301,217
116900286,204,10,194
116900287,1,166,-165
116900288,46,234,-188
116900289,3,43,-40
116900290,3,73,-70
116900291,6,23,-17
116900292,0,19,-19
116900293,6,97,-91
116900294,40,158,-118
116900295,303,32,271
116900296,96,71,25
116900297,8,85,-77
116900298,159,50,109
116900299,54,48,6
116900300,1,111,-110
116900301,82,167,-85
116900302,99,38,61
116900303,464,83,381
116900304,0,101,-101
116900305,29,73,-44
116900306,60,399,-339
116900307,33,2,31
116900308,1,493,-492
116900309,20,199,-179
116900310,5,68,-63
117000001,1286,1389,-103
117000002,3638,5814,-2176
117000003,8143,2849,5294
117000004,5073,7767,-2694
117000005,2358,1573,785
117000006,1575,7333,-5758
117000007,2383,1285,1098
117000008,1486,7273,-5787
117000009,3969,1753,2216
117000010,3056,7368,-4312
117000011,1386,2376,-990
117000012,1291,3030,-1739
117000013,1588,1625,-37
117000014,1175,3442,-2267
117000015,4391,1436,2955
117000016,966,58,908
117000017,742,298,444
117000018,271,302,-31
117000019,319,11,308
117000020,948,1117,-169
117000021,4614,694,3920
117000022,856,60,796
117000023,1320,179,1141
117000024,936,132,804
117000025,1468,406,1062
117000026,5938,993,4945
117000027,3003,2333,670
117000028,4657,1059,3598
117000030,989,946,43
117000031,330,330,0
117000032,2548,1860,688
117000033,1455,1107,348
117000034,388,554,-166
117000035,307,330,-23
117000036,594,558,36
117000037,361,271,90
117000038,445,853,-408
117000039,499,360,139
117000040,158,1860,-1702
117000041,397,167,230
117000044,47,2202,-2155
117000045,339,66,273
117000046,512,1311,-799
117000047,867,464,403
117000048,3064,2299,765
117000049,128,548,-420
117000050,64,2808,-2744
117000051,993,94,899
117000052,24,1204,-1180
117000053,529,138,391
117000054,1200,9,1191
117000055,140,5355,-5215
117000056,382,34,348
117000057,721,3192,-2471
117000060,384,2137,-1753
117000061,1587,1090,497
117000062,151,760,-609
117000063,1785,810,975
117000064,1157,1658,-501
117000066,1071,965,106
117000067,211,313,-102
117000074,110,210,-100
117000076,113,114,-1
117000077,121,115,6
117000078,163,921,-758
117000079,251,202,49
117000080,5,525,-520
117000081,834,116,718
117000082,61,233,-172
117000083,573,269,304
117000084,394,4,390
117000085,189,584,-395
117000086,1352,971,381
117000087,74,727,-653
117000088,292,261,31
117000089,1341,434,907
117000090,298,2567,-2269
117000091,553,392,161
117000092,354,2803,-2449
117000093,782,812,-30
117000094,1033,3888,-2855
117000095,2150,971,1179
117000096,660,4108,-3448
117000097,967,1358,-391
117000098,3272,8216,-4944
117000099,2382,997,1385
117000100,219,160,59
117000101,234,1828,-1594
117000102,1224,584,640
117000103,1162,3025,-1863
117000104,1095,620,475
117000105,1008,2781,-1773
117000106,1086,1025,61
117000107,456,2429,-1973
117000108,1235,1141,94
117000109,3035,4470,-1435
117000110,1066,822,244
117000111,4182,7036,-2854
117000112,2464,2674,-210
117000113,99,566,-467
117000114,176,209,-33
117000115,74,296,-222
117000116,115,367,-252
117000117,1755,475,1280
117000118,404,193,211
117000119,689,77,612
117000120,627,221,406
117000121,132,907,-775
117000122,686,1235,-549
117000123,2573,30,2543
117000124,928,52,876
117000125,730,73,657
117000126,97,49,48
117000127,266,437,-171
117000128,600,855,-255
117000129,1318,509,809
117000130,93,3,90
117000131,0,519,-519
117000132,1120,73,1047
117000133,683,76,607
117000134,1,120,-119
117000135,10,24,-14
117000136,1,76,-75
117000137,87,32,55
117000138,1,818,-817
117000140,778,2957,-2179
117000141,1454,712,742
117000181,1635,597,1038
117000182,349,220,129
117000195,199,1910,-1711
117000196,119,48,71
117000225,436,7,429
117000226,11,169,-158
117000276,122,10,112
117000277,3,1023,-1020
117000310,2856,3761,-905
117000315,56,1509,-1453
117000320,93,0,93
117000906,159,8,151
117000907,6,779,-773
117000909,72,32,40
117000910,156,156,0
117000911,106,289,-183
117000915,11,1089,-1078
117000916,8,3,5
117000917,507,21,486
117000918,43,66,-23
117000919,7,290,-283
117000920,9,2604,-2595
117000921,10,3285,-3275
117000922,97,197,-100
117000924,628,762,-134
117000926,1732,90,1642
117000927,2012,552,1460
117000928,0,545,-545
117000929,116,1594,-1478
117000930,404,505,-101
117000931,644,183,461
117900002,272,479,-207
117900003,929,567,362
117900005,8,22,-14
117900006,1,29,-28
117900007,109,239,-130
117900008,0,110,-110
117900010,631,167,464
117900011,34,22,12
117900012,64,264,-200
117900013,4,670,-666
117900014,1528,371,1157
117900015,62,383,-321
117900016,2562,426,2136
117900017,1217,1078,139
117900018,328,74,254
117900019,322,1044,-722
117900020,68,293,-225
117900021,43,167,-124
117900023,860,362,498
117900024,76,217,-141
117900025,26,12,14
117900026,258,1080,-822
117900028,107,3,104
117900029,163,2595,-2432
117900031,304,175,129
117900032,621,519,102
117900033,187,1792,-1605
117900034,74,81,-7
117900035,176,61,115
117900036,180,1191,-1011
117900037,63,158,-95
117900038,28,629,-601
117900039,6,101,-95
117900040,110,1016,-906
117900041,5,62,-57
117900042,6928,635,6293
117900043,35,96,-61
117900044,151,6045,-5894
117900045,121,116,5
117900048,141,450,-309
117900049,148,1525,-1377
117900050,10,61,-51
117900051,59,7,52
117900052,71,240,-169
117900053,851,916,-65
117900054,1,11,-10
117900055,183,380,-197
117900056,285,71,214
117900057,986,1716,-730
117900058,110,17,93
117900059,586,92,494
117900060,724,7963,-7239
117900061,33,280,-247
117900063,254,381,-127
117900065,779,1537,-758
117900066,9,42,-33
117900067,365,488,-123
117900069,595,743,-148
117900070,419,9,410
117900071,100,187,-87
117900073,268,720,-452
117900074,255,23,232
117900075,105,103,2
117900076,15,69,-54
117900077,181,135,46
117900078,160,441,-281
117900080,215,49,166
117900081,584,653,-69
117900082,261,234,27
117900083,274,1264,-990
117900086,208,54,154
117900087,60,83,-23
117900088,2903,2795,108
117900089,1121,398,723
117900090,762,1594,-832
117900091,235,188,47
117900092,41,55,-14
117900093,25,112,-87
117900094,8,7,1
117900095,504,1899,-1395
117900096,49,295,-246
117900097,92,121,-29
117900098,4,9,-5
117900099,157,664,-507
117900100,148,2,146
117900101,482,1037,-555
117900102,43,51,-8
117900103,20,1,19
117900104,22,197,-175
117900105,130,473,-343
117900106,77,32,45
117900107,24,0,24
117900109,325,298,27
117900110,25,0,25
117900111,267,12,255
117900112,57,12,45
117900113,7124,2280,4844
117900114,8,0,8
117900115,400,41,359
117900116,1070,1213,-143
117900117,277,432,-155
117900118,15,0,15
117900119,67,405,-338
117900120,60,333,-273
117900121,56,57,-1
117900122,1554,1536,18
117900123,991,1354,-363
117900124,662,838,-176
117900125,1071,1149,-78
117900126,351,911,-560
117900127,410,1044,-634
117900128,258,1624,-1366
117900129,34,0,34
117900130,733,550,183
117900131,0,134,-134
117900132,10,123,-113
117900133,5,183,-178
117900134,28,255,-227
117900135,35,305,-270
117900136,0,84,-84
117900137,30,434,-404
117900138,0,58,-58
117900139,28,242,-214
117900140,8431,53,8378
117900141,278,407,-129
117900142,337,15,322
117900144,140,115,25
117900145,82,8,74
117900146,331,110,221
117900147,77,72,5
117900148,4094,1080,3014
117900149,38,229,-191
117900150,31,137,-106
117900151,27,227,-200
117900152,130,138,-8
117900153,16,171,-155
117900154,557,1282,-725
117900156,989,1281,-292
117900157,86,593,-507
117900158,140,99,41
117900160,377,353,24
117900161,2793,3623,-830
117900162,299,684,-385
117900163,217,34,183
117900165,0,14,-14
117900166,81,297,-216
117900168,98,202,-104
117900169,2,176,-174
117900170,0,51,-51
117900171,2,37,-35
117900172,50,38,12
117900173,111,65,46
117900174,36,64,-28
117900175,4,48,-44
117900176,5,46,-41
117900177,5,124,-119
117900178,88,43,45
117900180,290,25,265
117900181,236,257,-21
117900182,2,21,-19
117900183,31,145,-114
117900184,5,56,-51
117900185,3,24,-21
117900186,27,18,9
117900187,6,17,-11
117900188,160,40,120
117900189,59,23,36
117900190,10,0,10
117900191,45,0,45
117900192,105,1,104
117900193,0,46,-46
117900194,10,8,2
117900195,13,18,-5
117900196,12,26,-14
117900207,145,86,59
117900208,12,37,-25
117900209,223,204,19
117900210,118,206,-88
117900211,5,261,-256
117900212,53,197,-144
117900213,4,9,-5
117900214,3,49,-46
117900215,36,136,-100
117900216,113,54,59
117900217,182,110,72
117900218,396,328,68
117900219,7,69,-62
117900220,181,77,104
117900222,148,339,-191
117900223,206,308,-102
118000001,752,607,145
118000002,1295,1887,-592
118000003,2924,1822,1102
118000004,3432,1957,1475
118000005,5374,3561,1813
118000006,6917,8665,-1748
118000007,6787,2261,4526
118000008,5574,2935,2639
118000009,7475,3161,4314
118000010,2788,3788,-1000
118000011,856,3465,-2609
118000012,1028,4091,-3063
118000013,3494,3910,-416
118000014,2601,5057,-2456
118000016,267,438,-171
118000017,193,404,-211
118000018,235,567,-332
118000019,2095,1584,511
118000020,1161,1538,-377
118000021,636,2063,-1427
118000022,1531,739,792
118000023,941,420,521
118000024,1378,824,554
118000027,18059,8062,9997
118000029,1000,712,288
118000032,1500,3074,-1574
118000033,2210,2770,-560
118000034,5079,2105,2974
118000035,1311,1788,-477
118000036,1388,1052,336
118000037,676,1208,-532
118000038,113,156,-43
118000039,74,577,-503
118000040,1318,3188,-1870
118000041,1940,1850,90
118000045,543,29,514
118000046,2925,482,2443
118000047,2658,515,2143
118000048,4355,1044,3311
118000051,1750,1007,743
118000052,1236,642,594
118000053,613,383,230
118000054,1654,1403,251
118000055,1179,2046,-867
118000056,194,334,-140
118000057,156,379,-223
118000058,3889,1339,2550
118000059,2865,706,2159
118000060,763,902,-139
118000061,738,1365,-627
118000062,355,319,36
118000063,282,493,-211
118000064,976,1281,-305
118000065,4852,1974,2878
118000066,1143,1409,-266
118000067,1244,741,503
118000068,2140,3926,-1786
118000069,3729,1232,2497
118000070,7692,1503,6189
118000071,3840,6121,-2281
118000072,2549,1004,1545
118000073,3294,389,2905
118000074,440,800,-360
118000075,589,262,327
118000076,1694,1186,508
118000077,1324,1147,177
118000078,1966,1670,296
118000079,237,331,-94
118000080,1163,1002,161
118000081,2195,994,1201
118000082,380,752,-372
118000083,2754,1208,1546
118000084,2809,1582,1227
118000086,274,534,-260
118000087,7928,2942,4986
118000088,1714,2089,-375
118000089,5115,2511,2604
118000090,2707,2989,-282
118000091,1324,1834,-510
118000092,1423,456,967
118000093,166,707,-541
118000096,383,599,-216
118000097,680,705,-25
118000098,308,210,98
118000099,293,996,-703
118000101,803,456,347
118000102,358,1495,-1137
118000107,5653,429,5224
118000108,721,1492,-771
118000110,0,32,-32
118000111,3,1360,-1357
118000112,299,2,297
118000113,5,1881,-1876
118000114,180,6,174
118000115,25,18,7
118000116,107,1,106
118000117,1375,1196,179
118000118,937,571,366
118000119,584,1158,-574
118000120,1599,1815,-216
118000121,137,597,-460
118000122,1449,275,1174
118000123,60,340,-280
118000125,2253,2036,217
118000126,839,1338,-499
118000127,2223,758,1465
118000128,1628,1778,-150
118000129,957,264,693
118000130,3131,4681,-1550
118000131,771,1432,-661
118000132,1965,1448,517
118000133,814,565,249
118000135,539,302,237
118000136,136,784,-648
118000137,984,96,888
118000138,239,1204,-965
118000139,248,179,69
118000140,2230,3299,-1069
118000141,1302,2153,-851
118000142,1068,2268,-1200
118000143,1252,1193,59
118000144,1606,1083,523
118000145,1178,2137,-959
118000146,866,1599,-733
118000147,655,2146,-1491
118000148,485,2221,-1736
118000149,629,1618,-989
118000150,246,477,-231
118000151,228,491,-263
118000153,722,1551,-829
118000154,910,2508,-1598
118000155,724,1585,-861
118000156,2903,2817,86
118000157,398,485,-87
118000158,140,477,-337
118000159,26,74,-48
118000160,265,504,-239
118000161,341,838,-497
118000162,890,1388,-498
118000163,439,787,-348
118000164,3037,1735,1302
118000168,1487,214,1273
118000169,924,2371,-1447
118000170,4188,8046,-3858
118000171,156,746,-590
118000172,121,342,-221
118000173,993,1655,-662
118000175,199,419,-220
118000176,195,413,-218
118000177,104,493,-389
118000178,274,57,217
118000179,1622,904,718
118000180,638,820,-182
118000181,331,125,206
118000182,394,327,67
118000183,622,526,96
118000184,490,1257,-767
118000185,907,702,205
118000186,445,603,-158
118000187,733,863,-130
118000188,507,267,240
118000189,322,1033,-711
118000190,20,22,-2
118000191,14,58,-44
118000192,938,413,525
118000193,35,288,-253
118000194,2639,1065,1574
118000195,894,606,288
118000196,567,108,459
118000197,260,103,157
118000198,805,420,385
118000199,1022,394,628
118000200,54,291,-237
118000201,571,430,141
118000202,49,53,-4
118000203,1622,304,1318
118000204,181,264,-83
118000205,336,303,33
118000206,194,250,-56
118000207,1,200,-199
118000208,800,1676,-876
118000209,1398,3011,-1613
118000210,54,48,6
118000211,9,29,-20
118000213,903,1152,-249
118000214,727,565,162
118000215,187,422,-235
118000216,1584,3985,-2401
118000217,15,153,-138
118000218,52,141,-89
118000219,369,422,-53
118000220,4,24,-20
118000221,58,234,-176
118000222,38,29,9
118000223,27,40,-13
118000224,376,82,294
118000225,113,1617,-1504
118000226,966,142,824
118000227,1033,273,760
118000228,100,122,-22
118000229,267,37,230
118000230,98,347,-249
118000231,46,287,-241
118000232,507,1208,-701
118000233,623,1028,-405
118000234,220,343,-123
118000236,278,488,-210
118000237,53,718,-665
118000238,113,566,-453
118000239,167,409,-242
118000240,738,72,666
118000241,79,413,-334
118000242,196,671,-475
118000243,130,264,-134
118000244,24,289,-265
118000246,45,16,29
118000255,134,284,-150
118000256,129,261,-132
118000259,3,42,-39
118000260,103,180,-77
118000261,18,89,-71
118000263,51,248,-197
118000266,107,439,-332
118000267,1,104,-103
118000268,347,0,347
118000270,24,29,-5
118000271,211,385,-174
118000272,40,22,18
118000273,60,79,-19
118000274,107,341,-234
118000276,207,418,-211
118000295,3,57,-54
118000298,132,544,-412
118000299,67,304,-237
118000301,0,113,-113
118000302,66,127,-61
118000311,205,168,37
118000312,175,226,-51
118000313,24,194,-170
118000314,36,126,-90
118000315,8,89,-81
118000316,498,783,-285
118000325,24,95,-71
118000326,18,40,-22
118000331,11,50,-39
118000332,34,39,-5
118000333,17,63,-46
118000335,113,1,112
118000336,1,470,-469
118000407,68,90,-22
118000457,19,27,-8
118000465,3552,3195,357
118000480,26,146,-120
118000489,35,132,-97
118000490,57,589,-532
118000492,198,302,-104
118000510,71,4,67
118000514,178,486,-308
118000515,651,499,152
118000517,463,228,235
118000524,809,214,595
118000525,727,877,-150
118000530,10,117,-107
118000531,155,421,-266
118000532,176,416,-240
118000533,394,164,230
118000534,917,636,281
118000535,203,159,44
118000536,817,892,-75
118000537,32,75,-43
118000538,30,167,-137
118000539,16,53,-37
118000540,289,259,30
118000541,214,126,88
118000542,58,234,-176
118000543,241,250,-9
118000546,25,26,-1
118000553,0,4,-4
118000557,0,0,0
118000560,3472,949,2523
118000562,25,772,-747
118000563,2371,1485,886
118000576,188,383,-195
118000577,293,195,98
118000578,205,183,22
118000579,1241,1079,162
118000583,0,0,0
118000595,124,95,29
118000596,0,119,-119
118000597,138,184,-46
118000598,1,0,1
118000599,42,103,-61
118000600,0,34,-34
118000601,0,0,0
118000602,0,11,-11
118000603,0,122,-122
118000605,44,1346,-1302
118000606,29,56,-27
118900001,1458,878,580
118900002,1257,607,650
118900003,81,26,55
118900004,24,122,-98
118900005,30,2,28
118900006,55,0,55
118900007,3,8,-5
118900008,1229,49,1180
118900009,7,8,-1
118900010,49,6,43
118900011,150,18,132
118900012,311,238,73
118900013,898,47,851
118900015,132,25,107
118900016,4,32,-28
118900017,174,215,-41
118900018,1403,8,1395
118900019,29,7,22
118900020,116,94,22
118900021,129,451,-322
118900022,123,116,7
118900023,104,112,-8
118900024,55,213,-158
118900025,47,22,25
118900026,29,105,-76
118900027,619,292,327
118900028,106,227,-121
118900029,96,543,-447
118900030,124,91,33
118900031,83,210,-127
118900032,102,253,-151
118900033,382,1032,-650
118900034,55,10,45
118900035,72,380,-308
118900036,654,1027,-373
118900037,301,343,-42
118900038,363,482,-119
118900039,227,275,-48
118900040,125,222,-97
118900041,257,391,-134
118900042,175,121,54
118900045,298,243,55
118900046,657,210,447
118900047,1177,422,755
118900048,276,152,124
118900049,41,34,7
118900050,2,91,-89
118900051,173,70,103
118900052,193,285,-92
118900053,24,78,-54
118900054,81,128,-47
118900055,10,104,-94
118900056,22,197,-175
118900057,342,365,-23
118900058,287,525,-238
118900059,23,99,-76
118900060,16,294,-278
118900062,62,220,-158
118900064,719,495,224
118900065,11,158,-147
118900066,56,159,-103
118900067,6995,2478,4517
118900068,8,309,-301
118900069,348,415,-67
118900071,0,52,-52
118900072,324,450,-126
118900073,90,186,-96
118900074,72,177,-105
118900075,24,66,-42
118900076,220,52,168
118900077,104,196,-92
118900078,31,2,29
118900079,37,247,-210
118900080,10,65,-55
118900081,64,39,25
118900082,439,202,237
118900083,14,15,-1
118900084,10,12,-2
118900085,404,981,-577
118900086,15,45,-30
118900087,15,210,-195
118900088,1,12,-11
118900089,15,16,-1
118900090,273,490,-217
118900091,165,162,3
118900092,60,54,6
118900093,120,14,106
118900096,71,71,0
118900097,165,947,-782
118900099,23,450,-427
118900100,122,314,-192
118900101,37,660,-623
118900102,11,85,-74
118900103,19,56,-37
118900104,86,169,-83
118900105,125,99,26
118900107,137,110,27
118900108,47,83,-36
118900110,1317,418,899
118900111,242,771,-529
118900112,83,116,-33
118900113,126,808,-682
118900114,17,85,-68
118900115,34,408,-374
118900116,88,167,-79
118900117,53,156,-103
118900118,142,652,-510
118900119,96,463,-367
118900120,107,505,-398
118900121,4,463,-459
118900122,9,671,-662
118900123,101,283,-182
118900124,45,183,-138
118900126,28,261,-233
118900129,330,184,146
118900130,53,121,-68
118900131,86,384,-298
118900132,234,180,54
118900133,23,57,-34
118900135,157,253,-96
118900136,132,941,-809
118900137,1,15,-14
118900139,123,915,-792
118900140,319,1070,-751
118900141,41,465,-424
118900144,88,747,-659
118900145,14,268,-254
118900146,211,1021,-810
118900147,200,139,61
118900148,37,86,-49
118900150,656,592,64
118900152,263,1039,-776
118900157,154,185,-31
118900158,22,145,-123
118900159,1,264,-263
118900161,98,7,91
118900163,396,66,330
118900164,6,112,-106
118900165,23,296,-273
118900166,40,4,36
118900167,25,188,-163
118900168,177,53,124
118900169,62,561,-499
118900170,40,94,-54
118900171,10,25,-15
118900174,41,62,-21
118900175,223,397,-174
118900176,78,195,-117
118900177,36,74,-38
118900178,18,142,-124
118900179,6,40,-34
118900181,30,136,-106
118900182,65,31,34
118900183,5,77,-72
118900184,141,51,90
118900185,101,251,-150
118900186,60,108,-48
118900187,135,439,-304
118900188,167,411,-244
118900189,30,436,-406
118900190,5,982,-977
118900191,124,59,65
118900192,107,36,71
118900193,244,8,236
118900195,295,1310,-1015
118900196,12,199,-187
118900197,69,150,-81
118900198,2,39,-37
118900199,15,48,-33
118900200,3,10,-7
118900201,16,12,4
118900202,14,50,-36
118900203,8,52,-44
118900204,4,19,-15
118900205,14,8,6
118900206,0,10,-10
119000001,966,1418,-452
119000002,1936,3035,-1099
119000003,1365,2206,-841
119000004,1557,1749,-192
119000005,1881,2283,-402
119000006,1729,1895,-166
119000007,2581,2997,-416
119000008,1645,2188,-543
119000009,3250,2965,285
119000010,8734,4005,4729
119000011,5488,2105,3383
119000012,4525,2924,1601
119000013,1824,1191,633
119000014,2674,4098,-1424
119000019,179,216,-37
119000020,1151,1580,-429
119000021,3127,2224,903
119000022,4081,2149,1932
119000023,316,235,81
119000024,2362,5869,-3507
119000025,9237,482,8755
119000026,210,360,-150
119000027,4834,737,4097
119000028,2565,1708,857
119000029,192,289,-97
119000030,405,1041,-636
119000031,591,754,-163
119000032,2102,2180,-78
119000033,1744,2184,-440
119000034,779,1095,-316
119000035,33,462,-429
119000036,835,1582,-747
119000037,827,2929,-2102
119000038,92,1695,-1603
119000039,165,350,-185
119000040,1483,521,962
119000041,1312,1317,-5
119000048,3536,5171,-1635
119000049,1264,5201,-3937
119000050,1684,3408,-1724
119000051,2063,1218,845
119000052,3345,4079,-734
119000053,1571,1293,278
119000054,1578,3507,-1929
119000055,1981,3911,-1930
119000056,1665,2518,-853
119000057,1548,4378,-2830
119000058,1423,3286,-1863
119000059,976,2373,-1397
119000060,988,937,51
119000061,828,1066,-238
119000062,924,1303,-379
119000063,345,354,-9
119000064,1838,2114,-276
119000065,2014,3436,-1422
119000066,1358,1072,286
119000067,1999,3690,-1691
119000068,1070,1121,-51
119000069,1411,3980,-2569
119000070,1543,1390,153
119000071,710,1348,-638
119000072,8552,4682,3870
119000073,5298,5588,-290
119000074,1477,5975,-4498
119000075,864,3007,-2143
119000076,555,1114,-559
119000077,531,612,-81
119000078,252,591,-339
119000079,140,1124,-984
119000080,197,297,-100
119000081,162,492,-330
119000082,377,336,41
119000083,280,436,-156
119000084,279,835,-556
119000085,759,369,390
119000086,202,417,-215
119000087,1901,1153,748
119000088,254,288,-34
119000089,60,184,-124
119000090,176,198,-22
119000091,150,350,-200
119000092,689,227,462
119000093,4695,5250,-555
119000094,1974,6204,-4230
119000095,1557,4599,-3042
119000097,4656,2057,2599
119000098,730,2332,-1602
119000099,2835,3384,-549
119000100,2432,2778,-346
119000101,2209,2696,-487
119000102,643,748,-105
119000103,1137,464,673
119000104,4272,1698,2574
119000105,619,1163,-544
119000106,513,2639,-2126
119000107,428,617,-189
119000108,221,2080,-1859
119000109,87,304,-217
119000110,383,431,-48
119000111,30,495,-465
119000112,147,86,61
119000113,2107,257,1850
119000114,747,694,53
119000115,178,158,20
119000116,90,69,21
119000117,86,309,-223
119000118,1,4,-3
119000123,3928,747,3181
119000124,361,349,12
119000125,1691,1356,335
119000126,535,1580,-1045
119000127,93,933,-840
119000128,23,5,18
119000131,745,2460,-1715
119000132,0,4,-4
119000133,3,10,-7
119000134,4065,637,3428
119000135,72,250,-178
119000136,117,386,-269
119000137,73,775,-702
119000138,148,581,-433
119000139,176,342,-166
119000140,123,342,-219
119000284,1261,3234,-1973
119000285,2673,2615,58
119000286,6995,5614,1381
119000287,1938,2859,-921
119000288,1810,2081,-271
119000289,2559,4757,-2198
119000290,138,1073,-935
119000291,8,485,-477
119000293,82,228,-146
119000294,35,28,7
119000295,3674,1355,2319
119000296,117,167,-50
119000302,5455,1520,3935
119000303,22,322,-300
119000314,718,3469,-2751
119000315,1,921,-920
119000316,71,161,-90
119000317,34,737,-703
119000319,259,718,-459
119900001,137,793,-656
119900002,99,320,-221
119900003,64,1538,-1474
119900004,377,412,-35
119900005,67,204,-137
119900006,140,351,-211
119900007,577,57,520
119900008,34,27,7
119900009,350,572,-222
119900010,846,1169,-323
119900011,11,41,-30
119900012,7,48,-41
119900013,1632,628,1004
119900014,446,271,175
119900015,43,11,32
119900016,48,104,-56
119900017,19,33,-14
119900018,1703,398,1305
119900019,20,8,12
119900020,78,134,-56
119900021,87,96,-9
119900022,171,269,-98
119900023,1213,797,416
119900025,38,22,16
119900026,1065,96,969
119900027,8,31,-23
119900028,372,38,334
119900029,0,3,-3
119900030,498,633,-135
119900031,19,218,-199
119900033,1600,175,1425
119900034,161,165,-4
119900037,74,31,43
119900038,17,114,-97
119900039,42,4,38
119900040,38,9,29
119900041,40,69,-29
119900042,56,214,-158
119900043,50,207,-157
119900044,153,293,-140
119900046,77,64,13
119900047,189,31,158
119900049,81,16,65
119900050,56,41,15
119900051,529,12,517
119900052,16,37,-21
119900053,108,273,-165
119900054,59,1,58
119900055,608,364,244
119900057,61,52,9
119900058,134,0,134
119900059,104,56,48
119900060,149,2,147
119900061,147,3,144
119900062,15,17,-2
119900063,13,42,-29
119900065,188,5,183
119900067,32,17,15
119900068,202,4,198
119900069,61,9,52
119900070,328,2,326
119900071,293,22,271
119900073,2261,443,1818
119900074,11,10,1
119900075,7654,1838,5816
119900076,58,149,-91
119900077,406,1794,-1388
119900078,219,888,-669
119900079,75,530,-455
119900080,366,557,-191
119900081,230,12,218
119900082,444,124,320
119900083,298,56,242
119900084,729,319,410
119900085,191,58,133
119900086,197,1552,-1355
119900087,382,298,84
119900088,27,50,-23
119900089,10,786,-776
119900090,189,50,139
119900091,35,1944,-1909
119900092,4,531,-527
119900093,836,145,691
119900094,23,337,-314
119900095,150,105,45
119900096,38,74,-36
119900097,577,155,422
119900098,22,95,-73
119900099,16,330,-314
119900100,3753,1789,1964
119900101,177,1029,-852
119900102,25,384,-359
119900103,13,601,-588
119900104,22,204,-182
119900105,524,1468,-944
119900106,5,343,-338
119900107,362,5863,-5501
119900108,2513,831,1682
119900109,18,377,-359
119900110,361,1105,-744
119900111,60,805,-745
119900112,4730,544,4186
119900113,86,502,-416
119900114,167,2799,-2632
119900115,114,1980,-1866
119900116,134,402,-268
119900117,134,1349,-1215
119900118,24,1809,-1785
119900119,196,370,-174
119900120,480,804,-324
119900121,155,2329,-2174
119900122,244,356,-112
119900123,179,372,-193
119900124,145,1547,-1402
119900125,23,568,-545
119900126,6593,205,6388
119900127,3624,998,2626
119900128,290,1358,-1068
119900129,143,1451,-1308
119900130,45,368,-323
119900131,31,456,-425
119900132,3,878,-875
119900133,21,44,-23
119900134,3438,304,3134
119900135,4,824,-820
119900136,119,739,-620
119900138,454,783,-329
119900139,18,74,-56
119900140,2,260,-258
119900141,190,463,-273
119900142,1,20,-19
119900143,11,309,-298
119900144,2724,216,2508
119900145,75,310,-235
119900146,120,117,3
119900147,4,121,-117
119900148,79,67,12
119900149,2080,2113,-33
119900150,183,202,-19
119900151,1759,896,863
119900152,62,590,-528
119900153,57,62,-5
119900154,7,1832,-1825
119900155,12,37,-25
119900156,7,5,2
119900157,37,372,-335
119900158,46,40,6
119900159,5,2629,-2624
119900160,22,327,-305
119900161,252,423,-171
119900162,587,633,-46
119900163,104,127,-23
119900164,0,1,-1
119900165,83,413,-330
119900166,41,27,14
119900167,131,154,-23
119900168,472,473,-1
119900169,154,306,-152
119900170,113,122,-9
119900171,609,664,-55
119900172,91,23,68
119900173,14,696,-682
119900174,3,341,-338
119900175,704,849,-145
119900177,32,282,-250
119900178,5,298,-293
119900179,48,197,-149
119900180,780,584,196
119900181,28,50,-22
119900182,8,804,-796
119900183,253,1322,-1069
119900184,3994,671,3323
119900185,13,86,-73
119900186,94,366,-272
119900187,11,1023,-1012
119900188,30,298,-268
119900189,401,170,231
119900190,29,146,-117
119900191,295,146,149
119900192,7,267,-260
119900193,185,275,-90
119900194,11,28,-17
119900195,14,312,-298
119900196,2199,498,1701
119900197,78,108,-30
119900198,54,647,-593
119900199,103,24,79
119900200,283,673,-390
119900201,415,167,248
119900202,241,109,132
119900203,112,318,-206
119900204,126,347,-221
119900205,268,1020,-752
119900206,49,148,-99
119900208,163,185,-22
119900209,312,664,-352
119900210,17,62,-45
119900211,69,14,55
119900212,191,1064,-873
119900213,7,61,-54
119900214,9,105,-96
119900215,30,118,-88
119900216,8,115,-107
119900217,1,76,-75
119900218,11,105,-94
119900219,8,208,-200
119900220,2,152,-150
119900221,20,472,-452
119900222,14,351,-337
119900223,34,127,-93
119900224,10,34,-24
119900225,1280,21,1259
119900226,900,1042,-142
119900227,1225,390,835
119900228,19,311,-292
119900229,233,433,-200
119900230,1783,728,1055
119900231,105,306,-201
119900232,114,49,65
119900233,20,1,19
119900234,11,44,-33
119900235,17,45,-28
119900236,15,316,-301
119900237,24,785,-761
119900238,0,109,-109
119900240,49,148,-99
119900241,133,256,-123
119900242,2394,1605,789
119900244,888,1187,-299
119900245,77,157,-80
119900246,157,278,-121
119900247,19,48,-29
119900248,40,49,-9
119900249,112,54,58
119900253,6053,411,5642
119900254,51,291,-240
119900255,33,597,-564
119900256,167,1758,-1591
119900257,25,0,25
119900258,29,3,26
119900259,4,404,-400
119900260,61,4,57
119900261,160,229,-69
119900262,1,380,-379
119900263,1019,390,629
119900264,42,454,-412
119900265,223,438,-215
119900266,163,417,-254
119900267,170,412,-242
119900268,104,299,-195
119900269,486,1951,-1465
119900271,18,102,-84
119900272,135,48,87
119900275,116,31,85
119900276,21,2,19
119900277,7,3,4
119900278,310,52,258
119900279,85,117,-32
119900280,1530,233,1297
119900281,1,72,-71
119900282,29,23,6
119900283,4,470,-466
119900284,49,188,-139
119900285,18,78,-60
119900286,4,15,-11
119900288,7,47,-40
119900289,0,59,-59
119900290,2,51,-49
119900291,0,30,-30
119900292,14,30,-16
119900293,23,86,-63
119900294,9,109,-100
119900295,15,76,-61
119900296,16,355,-339
119900297,0,29,-29
119900298,2,0,2
119900299,32,418,-386
119900300,96,251,-155
119900301,51,53,-2
119900302,25,51,-26
119900303,110,365,-255
119900304,71,42,29
119900305,34,137,-103
119900306,11,0,11
119900307,12,265,-253
119900308,3,12,-9
119900309,11,54,-43
119900310,160,308,-148
119900311,16,322,-306
119900312,58,129,-71
119900313,149,496,-347
119900314,71,295,-224
119900315,703,4265,-3562
119900318,16,8,8
119900319,2,424,-422
119900320,55,1162,-1107
119900321,28,1,27
120000001,10355,12213,-1858
120000002,2113,4048,-1935
120000003,3599,2315,1284
120000004,2863,3016,-153
120000005,4701,2157,2544
120000006,1411,1559,-148
120000007,3020,2009,1011
120000008,1288,1892,-604
120000009,4808,474,4334
120000010,1947,3191,-1244
120000011,1403,2999,-1596
120000012,1177,3597,-2420
120000013,2215,4010,-1795
120000014,697,2196,-1499
120000015,2637,2641,-4
120000016,2873,3735,-862
120000017,2384,2753,-369
120000018,6653,9129,-2476
120000019,818,1748,-930
120000020,3376,3007,369
120000021,2179,2315,-136
120000022,2798,3973,-1175
120000023,684,2059,-1375
120000024,1412,2642,-1230
120000025,2059,2738,-679
120000026,890,2384,-1494
120000027,1085,2182,-1097
120000028,766,489,277
120000029,2634,578,2056
120000030,169,762,-593
120000031,1679,6512,-4833
120000032,13562,3828,9734
120000033,3114,2547,567
120000034,1326,3369,-2043
120000035,1737,4068,-2331
120000036,2823,5532,-2709
120000037,602,1254,-652
120000038,13020,3279,9741
120000039,1037,1554,-517
120000040,83,247,-164
120000041,471,1925,-1454
120000042,1362,5891,-4529
120000043,3827,3862,-35
120000044,2773,1279,1494
120000045,3140,1071,2069
120000046,2431,3519,-1088
120000047,2732,3253,-521
120000048,10343,4934,5409
120000049,3754,3887,-133
120000050,3049,6793,-3744
120000051,4225,5181,-956
120000052,20852,3575,17277
120000053,991,5764,-4773
120000054,1446,10095,-8649
120000055,1309,7997,-6688
120000056,2841,7068,-4227
120000057,1527,1177,350
120000058,464,272,192
120000059,26,1028,-1002
120000061,73,843,-770
120000062,210,355,-145
120000063,1930,4167,-2237
120000064,372,2715,-2343
120000065,446,2948,-2502
120000066,197,799,-602
120000067,51,850,-799
120000068,155,1778,-1623
120000069,651,2567,-1916
120000070,135,2835,-2700
120000071,349,290,59
120000072,247,615,-368
120000073,401,182,219
120000074,85,130,-45
120000075,323,314,9
120000076,846,492,354
120000077,967,620,347
120000078,3297,1142,2155
120000079,194,1112,-918
120000080,166,317,-151
120000081,184,261,-77
120000082,187,322,-135
120000083,90,475,-385
120000084,584,752,-168
120000085,297,666,-369
120000086,367,1149,-782
120000087,204,2205,-2001
120000088,621,1800,-1179
120000089,960,819,141
120000090,369,646,-277
120000091,553,1169,-616
120000092,961,649,312
120000093,254,755,-501
120000094,92,499,-407
120000095,736,1095,-359
120000096,209,1891,-1682
120000098,657,1644,-987
120000099,240,930,-690
120000100,602,1167,-565
120000101,346,612,-266
120000102,421,595,-174
120000103,800,493,307
120000104,1115,319,796
120000105,1558,469,1089
120000106,1276,476,800
120000107,1896,542,1354
120000108,679,118,561
120000109,593,91,502
120000110,66,1303,-1237
120000111,123,2244,-2121
120000112,641,6445,-5804
120000113,669,5134,-4465
120000114,727,5182,-4455
120000115,456,4279,-3823
120000116,635,3291,-2656
120000117,2127,2696,-569
120000118,31,36,-5
120000119,60,74,-14
120000120,59,62,-3
120000121,36,98,-62
120000122,354,315,39
120000123,9028,3537,5491
120000124,396,637,-241
120000125,389,857,-468
120000126,286,1051,-765
120000127,1995,1097,898
120000128,4161,2831,1330
120000129,291,412,-121
120000130,699,1087,-388
120000131,255,571,-316
120000134,418,2221,-1803
120000135,168,329,-161
120000137,149,3796,-3647
120000138,316,573,-257
120000139,177,2077,-1900
120000140,365,872,-507
120000141,140,793,-653
120000142,222,753,-531
120000143,0,106,-106
120000144,22,1,21
120000145,192,2,190
120000146,3364,1049,2315
120000149,495,1338,-843
120000150,6632,8925,-2293
120000151,391,852,-461
120000152,286,490,-204
120000153,152,1304,-1152
120000154,609,735,-126
120000155,76,248,-172
120000156,4385,705,3680
120000157,899,1029,-130
120000158,929,2342,-1413
120000159,3063,3161,-98
120000160,1864,1703,161
120000161,1694,4316,-2622
120000162,141,345,-204
120000163,332,1885,-1553
120000164,387,1115,-728
120000165,262,1713,-1451
120000166,609,1008,-399
120000167,20,34,-14
120000168,10,143,-133
120000169,103,401,-298
120000170,136,244,-108
120000171,32,73,-41
120000172,40,38,2
120000173,3057,344,2713
120000174,803,24,779
120000175,806,7,799
120000176,433,43,390
120000177,1396,299,1097
120000178,161,7,154
120000179,419,39,380
120000180,570,80,490
120000181,93,234,-141
120000182,109,161,-52
120000183,7,250,-243
120000184,94,902,-808
120000186,98,79,19
120000187,63,85,-22
120000188,372,92,280
120000190,1421,23,1398
120000191,2306,38,2268
120000192,2151,15,2136
120000193,557,1,556
120000195,98,3,95
120000196,205,46,159
120000197,83,223,-140
120000198,126,216,-90
120000199,45,1,44
120000200,47,4,43
120000201,10,14,-4
120000202,3,75,-72
120000203,30,488,-458
120000207,1,98,-97
120000208,11,475,-464
120000209,2,175,-173
120000210,216,98,118
120000211,36,2,34
120000212,56,1,55
120000213,61,569,-508
120000214,3,742,-739
120000215,6,227,-221
120000216,31,3,28
120000217,974,1835,-861
120000218,315,1824,-1509
120000219,11,1178,-1167
120000220,18,4167,-4149
120000225,544,0,544
120000226,123,1,122
120000227,512,16,496
120000228,9131,2275,6856
120000230,150,5,145
120000231,743,3530,-2787
120000233,141,61,80
120000235,105,1221,-1116
120000236,473,2,471
120000237,10,3532,-3522
120000238,19,124,-105
120000241,1086,4396,-3310
120000412,697,24,673
120000413,133,529,-396
120000414,52,5,47
120000415,5,197,-192
120000416,46,13,33
120000417,3,132,-129
120000418,61,17,44
120000419,18,793,-775
120000420,70,45,25
120000421,18873,7984,10889
120000422,257,574,-317
120000423,2,29,-27
120000424,39,292,-253
120000436,150,469,-319
120000437,261,253,8
120000438,7373,420,6953
120000439,97,300,-203
120000443,109,0,109
120000444,780,1089,-309
120000445,1541,1842,-301
120000446,1626,443,1183
120000447,87,2,85
120000449,44,26,18
120000450,4,530,-526
120000451,139,409,-270
120000452,37,1,36
120000453,0,525,-525
120000454,89,34,55
120000455,99,103,-4
120000456,5751,4165,1586
120000457,3016,2468,548
120000458,835,1852,-1017
120000459,41,114,-73
120000665,1293,140,1153
120000668,79,241,-162
120000669,99,730,-631
120000670,226,836,-610
120000671,801,389,412
120000672,126,619,-493
120900001,46,59,-13
120900002,301,261,40
120900003,224,33,191
120900004,15,52,-37
120900005,16,4256,-4240
120900006,164,215,-51
120900007,89,208,-119
120900008,105,1687,-1582
120900009,667,68,599
120900010,224,62,162
120900011,488,159,329
120900012,1700,806,894
120900013,159,32,127
120900014,9,1343,-1334
120900015,313,79,234
120900016,400,60,340
120900017,4477,99,4378
120900018,54,677,-623
120900019,466,140,326
120900020,1059,694,365
120900021,384,83,301
120900022,32,592,-560
120900023,95,31,64
120900024,1363,407,956
120900025,2201,1122,1079
120900026,88,230,-142
120900027,777,78,699
120900028,183,39,144
120900029,112,269,-157
120900030,769,518,251
120900031,124,60,64
120900032,422,245,177
120900033,688,43,645
120900034,89,2003,-1914
120900035,43,61,-18
120900037,132,4,128
120900038,46,165,-119
120900039,58,22,36
120900040,155,7,148
120900041,114,37,77
120900042,212,99,113
120900043,29,18,11
120900044,8,639,-631
120900045,147,171,-24
120900046,219,4,215
120900047,105,42,63
120900048,62,11,51
120900049,132,1,131
120900050,6308,1263,5045
120900051,218,153,65
120900052,265,12,253
120900053,124,114,10
120900054,1386,1022,364
120900055,214,1,213
120900056,283,15,268
120900057,101,11,90
120900058,271,0,271
120900059,59,6,53
120900060,42,39,3
120900061,193,536,-343
120900062,88,2,86
120900063,353,6,347
120900064,254,0,254
120900065,242,1,241
120900066,66,284,-218
120900067,185,33,152
120900068,125,1,124
120900069,148,76,72
120900071,1,0,1
120900072,470,4,466
120900073,187,158,29
120900074,226,1,225
120900076,135,0,135
120900077,4723,223,4500
120900078,346,1751,-1405
120900079,273,134,139
120900080,347,4012,-3665
120900081,558,376,182
120900082,754,284,470
120900083,37,3,34
120900084,167,247,-80
120900085,124,207,-83
120900086,220,188,32
120900087,252,102,150
120900088,187,219,-32
120900089,6781,1535,5246
120900090,70,277,-207
120900091,454,357,97
120900092,1055,1050,5
120900093,6448,382,6066
120900094,536,322,214
120900095,328,34,294
120900096,15,197,-182
120900097,555,1510,-955
120900098,275,183,92
120900099,53,67,-14
120900100,59,599,-540
120900101,597,412,185
120900102,13,138,-125
120900103,36,201,-165
120900104,20,97,-77
120900105,37,1180,-1143
120900106,1562,811,751
120900107,412,145,267
120900108,3,1598,-1595
120900109,47,1065,-1018
120900110,57,1227,-1170
120900111,141,677,-536
120900112,15,2356,-2341
120900113,23,1444,-1421
120900114,24,244,-220
120900115,155,196,-41
120900116,118,1367,-1249
120900117,3,908,-905
120900118,8,1428,-1420
120900119,3595,4624,-1029
120900120,47,1131,-1084
120900121,65,599,-534
120900122,163,1325,-1162
120900123,4,869,-865
120900124,4,1313,-1309
120900125,7,2003,-1996
120900126,1624,1144,480
120900127,3,962,-959
120900128,1048,1552,-504
120900129,31,566,-535
120900130,1,237,-236
120900131,22,89,-67
120900132,433,583,-150
120900133,214,1729,-1515
120900134,593,681,-88
120900135,1,1071,-1070
120900136,10,32,-22
120900137,99,181,-82
120900138,20,349,-329
120900139,5,1424,-1419
120900140,1,60,-59
120900141,70,131,-61
120900142,33,1690,-1657
120900143,2,1678,-1676
120900144,1,354,-353
120900145,77,1429,-1352
120900146,3,1721,-1718
120900147,15,397,-382
120900148,68,212,-144
120900149,0,695,-695
120900150,26,1007,-981
120900151,24,1167,-1143
120900152,76,54,22
120900153,9,86,-77
120900154,2,712,-710
120900155,111,1923,-1812
120900156,111,623,-512
120900157,29,335,-306
120900158,41,856,-815
120900159,89,573,-484
120900160,43,534,-491
120900161,33,787,-754
120900162,25,934,-909
120900163,17,204,-187
120900164,0,3,-3
120900165,2,5,-3
120900166,36,159,-123
120900167,250,104,146
120900169,24,772,-748
120900170,4550,1523,3027
120900171,1282,436,846
120900172,1123,237,886
120900173,4,86,-82
120900174,1,159,-158
120900175,278,231,47
120900176,10,228,-218
120900177,4,619,-615
120900178,100,222,-122
120900179,1053,602,451
120900180,89,77,12
120900181,23,68,-45
120900182,10,711,-701
120900183,470,170,300
120900184,175,114,61
120900185,2,476,-474
120900186,2,955,-953
120900187,262,1026,-764
120900188,73,14,59
120900189,187,590,-403
120900190,32,6,26
120900191,3,24,-21
120900192,19757,3048,16709
120900194,36,79,-43
120900195,124,334,-210
120900196,720,59,661
120900197,246,47,199
120900198,266,1007,-741
120900199,152,230,-78
120900200,60,176,-116
120900201,792,162,630
120900202,1,359,-358
120900203,15,85,-70
120900204,261,555,-294
120900205,37,85,-48
120900206,9,16,-7
120900207,65,1828,-1763
121000001,1045,1333,-288
121000002,3287,2014,1273
121000003,4362,2272,2090
121000004,2719,6106,-3387
121000005,2018,2994,-976
121000006,3140,1676,1464
121000007,3504,3211,293
121000008,8052,3719,4333
121000009,6631,6614,17
121000010,10705,6252,4453
121000011,9334,15058,-5724
121000012,15627,10745,4882
121000013,6408,9243,-2835
121000014,7500,8613,-1113
121000015,6248,8009,-1761
121000016,5388,5375,13
121000017,1943,3682,-1739
121000018,1762,1750,12
121000019,23080,10692,12388
121000020,13780,10624,3156
121000021,3009,3784,-775
121000022,1630,1912,-282
121000023,4183,3725,458
121000024,2985,3796,-811
121000025,748,1278,-530
121000026,272,117,155
121000027,1604,1053,551
121000028,839,522,317
121000029,842,812,30
121000030,515,385,130
121000031,663,703,-40
121000032,184,72,112
121000034,547,215,332
121000035,294,87,207
121000036,1127,928,199
121000037,738,690,48
121000038,733,684,49
121000039,386,317,69
121000041,402,408,-6
121000042,252,409,-157
121000043,924,895,29
121000044,2095,784,1311
121000045,297,460,-163
121000046,335,985,-650
121000047,232,309,-77
121000049,2156,795,1361
121000050,285,1104,-819
121000051,666,428,238
121000052,238,722,-484
121000053,519,101,418
121000054,46,234,-188
121000055,1722,1721,1
121000056,764,1076,-312
121000057,136,311,-175
121000058,377,111,266
121000059,2133,1358,775
121000060,404,895,-491
121000061,178,115,63
121000062,105,283,-178
121000063,786,603,183
121000064,707,777,-70
121000065,521,425,96
121000066,637,519,118
121000067,944,366,578
121000068,555,345,210
121000069,647,508,139
121000070,2067,1534,533
121000071,1155,1085,70
121000072,1293,1046,247
121000073,1180,765,415
121000074,110,200,-90
121000075,47,140,-93
121000076,1378,429,949
121000077,111,169,-58
121000078,79,97,-18
121000080,2740,743,1997
121000081,3218,2831,387
121000082,118,266,-148
121000083,227,277,-50
121000084,172,89,83
121000085,256,444,-188
121000086,230,892,-662
121000087,95,324,-229
121000088,370,879,-509
121000089,359,346,13
121000090,468,410,58
121000091,1657,1041,616
121000092,177,104,73
121000093,136,224,-88
121000094,448,582,-134
121000095,367,532,-165
121000096,2004,2430,-426
121000097,1306,2198,-892
121000098,410,1899,-1489
121000099,377,1283,-906
121000100,684,786,-102
121000101,166,381,-215
121000102,141,491,-350
121000103,123,402,-279
121000104,169,177,-8
121000105,250,231,19
121000106,130,541,-411
121000107,2556,4405,-1849
121000109,1559,1341,218
121000110,275,687,-412
121000114,2841,2450,391
121000115,954,1050,-96
121000116,875,1665,-790
121000117,1038,431,607
121000118,1499,321,1178
121000119,292,419,-127
121000120,215,597,-382
121000121,507,1110,-603
121000123,1722,700,1022
121000127,193,177,16
121000128,816,614,202
121000129,449,578,-129
121000130,335,1504,-1169
121000131,2247,1465,782
121000132,1308,1639,-331
121000135,337,234,103
121000136,855,504,351
121000137,461,244,217
121000138,711,514,197
121000139,352,99,253
121000141,205,132,73
121000142,854,699,155
121000143,186,26,160
121000144,1038,1232,-194
121000145,593,1854,-1261
121000146,1216,1238,-22
121000147,779,693,86
121000148,971,1308,-337
121000149,2058,1425,633
121000152,492,854,-362
121000153,1914,744,1170
121000154,828,957,-129
121000155,1343,1367,-24
121000156,375,1353,-978
121000157,1629,2793,-1164
121000158,302,945,-643
121000159,149,848,-699
121000160,316,920,-604
121000161,121,383,-262
121000162,38,296,-258
121000165,1807,1701,106
121000166,53,772,-719
121000168,281,415,-134
121000169,42,193,-151
121000170,260,197,63
121000171,73,227,-154
121000172,590,538,52
121000173,1268,849,419
121000174,246,408,-162
121000175,603,488,115
121000176,388,250,138
121000177,1041,800,241
121000178,134,68,66
121000179,100,100,0
121000181,439,437,2
121000182,117,163,-46
121000183,63,77,-14
121000184,59,71,-12
121000185,17,208,-191
121000186,130,351,-221
121000187,156,379,-223
121000188,117,340,-223
121000192,501,521,-20
121000193,513,528,-15
121000194,3041,2221,820
121000195,411,1243,-832
121000196,1185,256,929
121000197,382,1005,-623
121000198,406,108,298
121000199,148,712,-564
121000200,330,145,185
121000201,4,312,-308
121000202,975,108,867
121000203,690,3146,-2456
121000204,2161,793,1368
121000205,233,443,-210
121000206,159,43,116
121000207,1535,675,860
121000208,12,696,-684
121000209,215,601,-386
121000210,305,1043,-738
121000211,329,170,159
121000212,311,1454,-1143
121000213,11992,2967,9025
121000214,965,2169,-1204
121000215,1486,1063,423
121000216,462,570,-108
121000217,4628,3129,1499
121000218,596,2269,-1673
121000219,2017,445,1572
121000220,308,108,200
121000221,164,295,-131
121000222,3015,2747,268
121000223,667,357,310
121000224,368,162,206
121000225,2662,1108,1554
121000226,5267,825,4442
121000227,13,436,-423
121000228,25,1139,-1114
121000229,162,670,-508
121000230,51,2598,-2547
121000231,474,80,394
121000232,440,213,227
121000233,447,362,85
121000234,15,32,-17
121000235,55,37,18
121000236,2,54,-52
121000237,6,5,1
121000238,4,98,-94
121000239,15,5,10
121000240,15,281,-266
121000241,29,13,16
121000242,34,161,-127
121000243,210,50,160
121000244,1,63,-62
121000245,13,6,7
121000246,1,128,-127
121000247,50,4,46
121000248,489,683,-194
121000249,89,303,-214
121000250,388,91,297
121000251,13,723,-710
121000252,92,41,51
121000253,291,635,-344
121000254,649,379,270
121000255,188,194,-6
121000256,392,182,210
121000257,38,90,-52
121000258,169,55,114
121000259,58,37,21
121000260,119,226,-107
121000261,74,44,30
121000262,1001,1100,-99
121000263,340,593,-253
121000271,365,2754,-2389
121000273,227,14,213
121000274,19,45,-26
121000275,7,43,-36
121000276,2,13,-11
121000278,86,98,-12
121000279,35,12,23
121000280,38,48,-10
121000289,261,30,231
121000290,1546,840,706
121000294,76,282,-206
121000297,1092,1040,52
121000299,214,414,-200
121000300,692,571,121
121000302,126,1066,-940
121000303,666,480,186
121000304,392,60,332
121000305,136,59,77
121000306,73,174,-101
121000308,161,473,-312
121000309,359,710,-351
121000310,79,465,-386
121000311,73,862,-789
121000312,300,271,29
121000313,451,449,2
121000314,290,380,-90
121000315,62,113,-51
121000530,921,1935,-1014
121000531,1092,1985,-893
121000532,5746,5019,727
121000533,2369,2999,-630
121000918,32,236,-204
121000919,17,70,-53
121000938,251,211,40
121000939,301,222,79
121000956,783,2368,-1585
121000957,4,27,-23
121000958,176,44,132
121000959,464,1370,-906
121000960,2116,3500,-1384
121000961,116,89,27
121000962,382,1197,-815
121000973,5,559,-554
121000976,31,136,-105
121000979,281,64,217
121000981,198,103,95
121000982,197,429,-232
121000983,507,573,-66
121000984,40,46,-6
121000985,360,1325,-965
121000986,179,784,-605
121000987,283,2538,-2255
121000988,568,211,357
121001302,301,141,160
121001308,5,18,-13
121001309,165,63,102
121001313,124,400,-276
121001314,4106,4427,-321
121001315,4816,2289,2527
121001326,474,538,-64
121900001,76,242,-166
121900002,36,17,19
121900003,245,4,241
121900004,146,454,-308
121900005,17,5,12
121900006,57,20,37
121900007,2477,2357,120
121900008,614,176,438
121900009,783,23,760
121900010,150,0,150
121900011,87,459,-372
121900012,2,0,2
121900013,1517,40,1477
121900014,1329,303,1026
121900015,154,223,-69
121900016,0,29,-29
121900017,245,738,-493
121900018,206,5,201
121900019,243,291,-48
121900020,30,1,29
121900021,888,9,879
121900022,149,170,-21
121900023,53,439,-386
121900024,281,57,224
121900025,358,408,-50
121900026,319,35,284
121900027,138,160,-22
121900028,428,18,410
121900029,71,219,-148
121900030,489,515,-26
121900031,1654,6451,-4797
121900032,78,70,8
121900033,161,184,-23
121900034,271,70,201
121900035,2801,1595,1206
121900036,84,565,-481
121900037,150,783,-633
121900038,30,136,-106
121900039,301,31,270
121900040,32,69,-37
121900041,73,139,-66
121900042,271,145,126
121900043,2,8,-6
121900044,256,50,206
121900046,233,195,38
121900047,110,85,25
121900048,20,157,-137
121900050,9,48,-39
121900051,120,242,-122
121900052,64,48,16
121900053,342,311,31
121900054,570,828,-258
121900055,0,7,-7
121900058,152,297,-145
121900059,258,81,177
121900060,181,396,-215
121900062,85,73,12
121900063,936,337,599
121900064,142,936,-794
121900066,37,29,8
121900067,12,23,-11
121900069,160,91,69
121900070,212,127,85
121900071,119,265,-146
121900072,26,193,-167
121900073,271,201,70
121900074,673,535,138
121900075,1136,423,713
121900076,343,766,-423
121900078,31,58,-27
121900079,0,0,0
121900080,551,405,146
121900082,37,98,-61
121900084,7,169,-162
121900086,17,52,-35
121900087,213,113,100
121900088,1677,2440,-763
121900089,121,549,-428
121900090,6,114,-108
121900091,24,69,-45
121900092,47,96,-49
121900093,43,96,-53
121900094,38,15,23
121900095,163,100,63
121900096,1329,556,773
121900097,328,173,155
121900098,6,0,6
121900099,174,119,55
121900100,108,235,-127
121900101,73,101,-28
121900102,12,121,-109
121900103,590,254,336
121900104,951,316,635
121900105,208,110,98
121900106,0,2,-2
121900107,38,45,-7
121900108,0,15,-15
121900109,341,165,176
121900110,225,1463,-1238
121900111,655,136,519
121900112,108,124,-16
121900113,64,317,-253
121900114,9,22,-13
121900117,70,30,40
121900118,2510,416,2094
121900119,90,178,-88
121900120,37,1368,-1331
121900121,509,75,434
121900122,9,29,-20
121900123,223,501,-278
121900124,69,214,-145
121900125,909,1006,-97
121900127,21,84,-63
121900128,68,137,-69
121900129,882,181,701
121900130,130,310,-180
121900131,250,150,100
121900132,19,83,-64
121900133,112,517,-405
121900134,33,113,-80
121900135,2485,232,2253
121900136,209,587,-378
121900137,44,233,-189
121900138,69,218,-149
121900139,422,681,-259
121900140,45,149,-104
121900141,39,15,24
121900142,91,128,-37
121900143,5,104,-99
121900144,163,265,-102
121900145,190,129,61
121900146,481,753,-272
121900147,56,159,-103
121900148,136,322,-186
121900149,356,760,-404
121900150,50,135,-85
121900151,45,207,-162
121900152,36,127,-91
121900153,92,603,-511
121900154,7,204,-197
121900155,0,98,-98
121900156,154,80,74
121900157,4,583,-579
121900158,53,84,-31
121900159,3,251,-248
121900160,3,240,-237
121900161,359,383,-24
121900162,74,149,-75
121900163,137,996,-859
121900164,398,261,137
121900165,191,228,-37
121900166,156,194,-38
121900167,87,90,-3
121900168,208,142,66
121900169,7,559,-552
121900170,2,192,-190
121900171,382,587,-205
121900172,312,231,81
121900173,840,235,605
121900174,26,37,-11
121900175,144,156,-12
121900176,513,2295,-1782
121900177,150,73,77
121900178,45,76,-31
121900179,225,128,97
121900180,6044,2844,3200
121900182,1123,335,788
121900183,350,443,-93
121900184,29,591,-562
121900186,12,438,-426
121900187,25,119,-94
121900188,584,516,68
121900189,19,121,-102
121900190,276,613,-337
121900191,47,174,-127
121900192,333,958,-625
121900193,46,240,-194
121900194,7,185,-178
121900195,104,74,30
121900196,951,823,128
121900197,324,2557,-2233
121900198,1063,1391,-328
121900199,6,31,-25
121900200,114,253,-139
121900201,1276,600,676
121900202,106,374,-268
121900203,191,872,-681
121900204,1152,973,179
121900205,12,100,-88
121900206,7,14,-7
121900207,144,28,116
121900208,321,335,-14
121900209,24,20,4
121900210,1698,1293,405
121900211,249,920,-671
121900212,154,115,39
121900213,84,99,-15
121900214,3,380,-377
121900215,27,73,-46
121900216,30,87,-57
121900217,150,88,62
121900218,299,550,-251
121900220,97,13,84
121900221,255,605,-350
121900222,140,163,-23
121900223,142,72,70
121900224,50,84,-34
121900225,159,96,63
121900226,192,327,-135
121900227,122,424,-302
121900228,180,364,-184
121900230,127,223,-96
121900231,345,1020,-675
121900232,263,405,-142
121900233,246,226,20
121900234,140,544,-404
121900235,310,314,-4
121900236,272,181,91
121900237,169,248,-79
121900238,127,154,-27
121900239,81,35,46
121900240,165,118,47
121900241,17,67,-50
121900242,1,0,1
121900243,2,0,2
121900244,7,0,7
121900245,130,105,25
121900246,1911,429,1482
121900248,1461,1159,302
121900250,221,309,-88
121900251,311,32,279
121900252,529,124,405
121900253,195,1322,-1127
121900254,346,276,70
121900255,272,87,185
121900258,2724,1709,1015
121900259,313,501,-188
121900260,29,171,-142
121900261,152,443,-291
121900262,391,958,-567
121900263,94,329,-235
121900264,2246,1433,813
121900265,122,318,-196
121900266,192,267,-75
121900267,52,20,32
121900269,106,322,-216
121900270,5,156,-151
121900271,17,125,-108
121900273,551,1757,-1206
121900274,160,297,-137
121900277,366,2060,-1694
121900278,126,1104,-978
121900279,160,333,-173
121900280,209,409,-200
121900281,440,205,235
121900284,65,11,54
121900286,75,163,-88
121900287,8,10,-2
121900288,6,2,4
121900290,244,361,-117
121900291,506,633,-127
121900292,259,116,143
121900293,877,3909,-3032
121900294,182,4,178
121900295,54,280,-226
121900296,85,89,-4
121900298,484,541,-57
121900299,0,0,0
121900300,5,0,5
121900301,32,1,31
121900302,7,59,-52
121900303,567,460,107
121900304,1,11,-10
121900305,1,1,0
121900306,59,1,58
121900307,25,9,16
121900308,39,369,-330
121900309,10,239,-229
121900310,31,592,-561
121900311,230,11,219
121900312,77,26,51
121900313,189,15,174
121900314,3,74,-71
121900315,7,0,7
121900316,1,46,-45
121900317,1,0,1
121900318,0,27,-27
121900319,8,84,-76
121900320,81,117,-36
121900321,1,0,1
121900322,1,38,-37
121900323,48,15,33
121900324,7,62,-55
121900325,0,0,0
121900326,2,31,-29
121900327,4,63,-59
121900328,1,40,-39
121900329,1,337,-336
121900330,0,46,-46
121900331,47,14,33
121900332,62,14,48
121900333,23,1,22
121900334,295,46,249
122000001,2410,4773,-2363
122000002,6050,1941,4109
122000003,1964,1840,124
122000004,3192,1662,1530
122000005,3316,1251,2065
122000006,3297,609,2688
122000007,1901,1818,83
122000008,6634,5692,942
122000009,619,357,262
122000010,2385,3565,-1180
122000011,2940,1425,1515
122000012,1703,1168,535
122000013,3513,1404,2109
122000014,1806,3362,-1556
122000015,1750,1062,688
122000016,613,1005,-392
122000017,1132,1137,-5
122000018,1626,1207,419
122000019,1075,1744,-669
122000020,141,238,-97
122000021,485,533,-48
122000022,1630,1869,-239
122000023,577,3865,-3288
122000024,1118,1055,63
122000025,2220,1392,828
122000026,2185,917,1268
122000027,652,6619,-5967
122000028,909,491,418
122000029,416,349,67
122000030,268,125,143
122000031,193,291,-98
122000032,1996,4454,-2458
122000033,1236,1007,229
122000034,805,670,135
122000035,313,1061,-748
122000036,546,633,-87
122000037,308,302,6
122000038,296,458,-162
122000039,767,536,231
122000040,348,484,-136
122000041,572,498,74
122000042,714,452,262
122000043,170,137,33
122000044,110,191,-81
122000045,1733,624,1109
122000046,1076,1229,-153
122000047,356,192,164
122000048,3214,5602,-2388
122000049,5207,2399,2808
122000050,2722,864,1858
122000051,605,573,32
122000052,676,304,372
122000053,197,486,-289
122000054,2551,2153,398
122000055,2825,2521,304
122000056,6267,4534,1733
122000057,3951,3163,788
122000058,5401,1186,4215
122000059,4231,1510,2721
122000060,864,587,277
122000061,597,414,183
122000062,1259,324,935
122000063,1819,545,1274
122000064,4705,3199,1506
122000065,6998,3026,3972
122000066,568,484,84
122000067,2221,1327,894
122000068,1052,1900,-848
122000069,965,785,180
122000070,579,5440,-4861
122000071,959,2318,-1359
122000072,402,383,19
122000073,737,485,252
122000074,2047,1568,479
122000075,517,1816,-1299
122000076,1875,1083,792
122000077,1812,627,1185
122000078,3247,2557,690
122000079,2978,907,2071
122000080,1811,450,1361
122000081,242,458,-216
122000082,1320,747,573
122000083,1276,5280,-4004
122000084,1020,812,208
122000085,186,2140,-1954
122000086,2477,6859,-4382
122000087,400,162,238
122000088,206,275,-69
122000089,7226,3782,3444
122000090,237,458,-221
122000091,358,75,283
122000092,198,19,179
122000093,2519,730,1789
122000094,8439,1491,6948
122000095,3392,2753,639
122000096,3021,2076,945
122000098,3428,1495,1933
122000099,4675,640,4035
122000100,1409,714,695
122000101,248,1316,-1068
122000102,1702,1152,550
122000103,1476,1473,3
122000104,299,225,74
122000105,319,272,47
122000106,454,504,-50
122000107,902,554,348
122000108,291,921,-630
122000109,400,446,-46
122000110,289,596,-307
122000111,2777,900,1877
122000112,819,1320,-501
122000113,622,744,-122
122000114,5880,1711,4169
122000115,1672,2861,-1189
122000116,428,480,-52
122000117,1286,362,924
122000118,294,658,-364
122000119,3037,1709,1328
122000120,2494,2871,-377
122000121,3327,2334,993
122000122,829,1298,-469
122000123,2897,1988,909
122000124,1426,537,889
122000125,417,409,8
122000126,609,1120,-511
122000127,1744,1074,670
122000128,837,924,-87
122000129,301,1087,-786
122000130,2402,761,1641
122000131,1233,843,390
122000132,780,499,281
122000133,1144,2104,-960
122000134,559,541,18
122000135,846,843,3
122000136,460,402,58
122000137,974,766,208
122000139,2367,2901,-534
122000140,1923,524,1399
122000141,5507,1303,4204
122000142,740,723,17
122000143,505,395,110
122000144,1433,1021,412
122000145,1739,596,1143
122000146,697,1016,-319
122000147,1162,482,680
122000148,3075,1182,1893
122000149,1569,1342,227
122000150,1042,936,106
122000151,208,371,-163
122000152,472,320,152
122000153,502,306,196
122000154,231,263,-32
122000155,1185,2125,-940
122000156,1826,1786,40
122000157,1961,1317,644
122000158,462,587,-125
122000159,1066,1812,-746
122000160,4417,1371,3046
122000161,956,672,284
122000162,1757,1518,239
122000163,288,77,211
122000164,25,97,-72
122000165,807,839,-32
122000166,1365,1581,-216
122000167,204,209,-5
122000168,182,610,-428
122000169,638,201,437
122000170,234,329,-95
122000171,23,82,-59
122000172,1786,1895,-109
122000173,1347,2873,-1526
122000174,2481,975,1506
122000175,1468,320,1148
122000176,373,779,-406
122000177,1892,1670,222
122000178,3069,3646,-577
122000179,1970,3685,-1715
122000180,1771,1204,567
122000181,1769,3417,-1648
122000182,1930,1526,404
122000183,1844,1630,214
122000184,2444,2116,328
122000185,1240,1440,-200
122000186,727,1122,-395
122000187,2427,1405,1022
122000188,475,215,260
122000189,241,404,-163
122000190,1270,1163,107
122000191,1334,631,703
122000192,874,388,486
122000193,327,666,-339
122000194,733,212,521
122000195,212,605,-393
122000196,836,747,89
122000197,494,677,-183
122000198,646,1234,-588
122000199,450,405,45
122000200,1962,735,1227
122000201,1323,1736,-413
122000202,1067,1211,-144
122000203,2364,1648,716
122000204,1472,2098,-626
122000205,1498,1284,214
122000206,2543,889,1654
122000207,1159,1462,-303
122000208,2296,1678,618
122000209,3159,490,2669
122000210,2315,2288,27
122000211,1488,1184,304
122000212,837,554,283
122000213,886,1246,-360
122000214,1849,1948,-99
122000215,2125,1572,553
122000217,2468,1443,1025
122000218,937,76,861
122000219,1813,1041,772
122000220,405,831,-426
122000221,213,569,-356
122000222,545,128,417
122000223,1214,720,494
122000225,663,308,355
122000226,1315,2076,-761
122000227,328,3184,-2856
122000228,378,472,-94
122000229,54,447,-393
122000230,76,767,-691
122000231,219,937,-718
122000232,545,1367,-822
122000233,1,140,-139
122000234,138,309,-171
122000235,576,351,225
122000236,536,196,340
122000237,87,67,20
122000238,174,228,-54
122000239,475,95,380
122000240,913,418,495
122000241,868,640,228
122000242,334,108,226
122000243,129,84,45
122000244,60,694,-634
122000245,53,264,-211
122000246,182,213,-31
122000247,471,1035,-564
122000248,1745,2269,-524
122000249,507,642,-135
122000250,1440,930,510
122000251,278,332,-54
122000252,445,96,349
122000253,72,285,-213
122000254,143,86,57
122000255,665,2092,-1427
122000256,382,1932,-1550
122000257,93,458,-365
122000258,88,246,-158
122000259,15,1179,-1164
122000260,265,1239,-974
122000261,2,360,-358
122000262,1,125,-124
122000263,155,151,4
122000264,880,586,294
122000265,2673,1050,1623
122000266,5318,631,4687
122000267,104,176,-72
122000268,120,503,-383
122000269,968,371,597
122000270,1445,147,1298
122000271,495,1347,-852
122000272,342,1483,-1141
122000273,297,679,-382
122000274,80,422,-342
122000275,131,385,-254
122000276,423,788,-365
122000277,836,1369,-533
122000278,771,1164,-393
122000279,101,490,-389
122000280,829,843,-14
122000281,442,732,-290
122000282,152,93,59
122000283,375,61,314
122000284,119,99,20
122000285,369,116,253
122000286,96,160,-64
122000287,669,1559,-890
122000288,355,296,59
122000291,881,462,419
122000293,518,308,210
122000294,124,178,-54
122000295,1704,233,1471
122000296,34,669,-635
122000297,4056,2473,1583
122000299,301,561,-260
122000300,484,631,-147
122000301,19735,2886,16849
122000302,910,1033,-123
122000303,5047,1316,3731
122000304,17,260,-243
122000305,725,1211,-486
122000306,30,1138,-1108
122000307,93,173,-80
122000309,95,104,-9
122000310,42,31,11
122000311,199,129,70
122000312,166,61,105
122000313,70,45,25
122000314,195,294,-99
122000315,221,13,208
122000316,296,231,65
122000317,863,291,572
122000318,172,333,-161
122000319,275,786,-511
122000320,380,3847,-3467
122000321,98,355,-257
122000322,2409,4894,-2485
122000323,1838,2456,-618
122000324,1926,2062,-136
122000325,1118,1391,-273
122000326,32,208,-176
122000327,431,646,-215
122000328,1513,930,583
122000330,2196,727,1469
122000333,10,356,-346
122000337,695,2173,-1478
122000338,664,643,21
122000340,586,419,167
122000342,4041,1183,2858
122000343,507,2495,-1988
122000344,48,30,18
122000345,60,176,-116
122000346,245,695,-450
122000348,388,962,-574
122000349,137,778,-641
122000351,138,315,-177
122000352,249,137,112
122000353,80,187,-107
122000355,162,155,7
122000356,2512,740,1772
122000357,36,12,24
122000358,0,125,-125
122000359,0,37,-37
122000360,0,90,-90
122000362,8,122,-114
122000364,90,468,-378
122000365,4,27,-23
122000366,17,6,11
122000368,473,788,-315
122000370,23,82,-59
122000371,12,0,12
122000372,15,0,15
122000381,52,533,-481
122000382,35,415,-380
122000384,6068,2464,3604
122000385,62,0,62
122000386,1064,921,143
122000387,581,721,-140
122000388,2715,490,2225
122000389,279,870,-591
122000390,617,334,283
122000391,472,129,343
122000392,222,293,-71
122000393,147,766,-619
122000394,435,401,34
122000395,121,302,-181
122000396,221,191,30
122000397,61,96,-35
122000398,5,31,-26
122000399,107,86,21
122000400,175,259,-84
122000401,96,131,-35
122000402,199,141,58
122000403,439,1401,-962
122000404,96,438,-342
122000408,949,1300,-351
122000503,6,99,-93
122000524,194,114,80
122000544,42,3656,-3614
122000614,697,403,294
122000616,434,1,433
122000640,38,210,-172
122000641,59,605,-546
122000642,905,1565,-660
122000643,20,87,-67
122000644,211,32,179
122000645,77,360,-283
122000651,2687,719,1968
122000664,196,27,169
122000665,1002,531,471
122000666,565,1117,-552
122000673,35,529,-494
122000674,82,63,19
122000675,1474,1748,-274
122000686,269,2066,-1797
122000687,1213,392,821
122000688,111,1290,-1179
122000689,500,725,-225
122000690,708,920,-212
122000691,319,3917,-3598
122000692,995,408,587
122000693,352,2712,-2360
122000695,81,356,-275
122000696,186,473,-287
122000698,252,1907,-1655
122000699,109,71,38
122000701,1031,475,556
122000702,574,3239,-2665
122000703,124,74,50
122000712,0,0,0
122000717,941,173,768
122000718,1072,1158,-86
122000719,32,56,-24
122000720,206,340,-134
122000724,285,449,-164
122900001,34,7,27
122900002,1274,2789,-1515
122900003,304,55,249
122900004,465,33,432
122900005,60,25,35
122900006,554,138,416
122900007,83,30,53
122900008,543,44,499
122900009,736,332,404
122900010,202,177,25
122900012,202,324,-122
122900014,138,384,-246
122900015,2338,431,1907
122900016,119,394,-275
122900017,652,883,-231
122900018,238,6,232
122900020,390,413,-23
122900021,99,741,-642
122900022,351,1024,-673
122900023,135,179,-44
122900024,104,129,-25
122900025,10,201,-191
122900026,226,338,-112
122900027,116,1115,-999
122900028,87,175,-88
122900029,5563,2987,2576
122900030,1830,478,1352
122900031,119,176,-57
122900032,112,229,-117
122900033,160,168,-8
122900034,4439,5686,-1247
122900035,39,8,31
122900036,29,307,-278
122900037,367,129,238
122900038,145,2259,-2114
122900039,73,429,-356
122900040,274,428,-154
122900041,146,155,-9
122900042,151,302,-151
122900043,431,288,143
122900044,92,325,-233
122900045,96,124,-28
122900046,67,92,-25
122900047,449,175,274
122900048,17,187,-170
122900049,2580,198,2382
122900051,134,147,-13
122900052,35,174,-139
122900053,15,9,6
122900055,229,122,107
122900057,274,37,237
122900061,314,127,187
122900062,300,407,-107
122900063,94,432,-338
122900064,926,686,240
122900065,317,143,174
122900066,398,235,163
122900067,1876,841,1035
122900069,149,968,-819
122900070,227,53,174
122900071,138,578,-440
122900073,37,437,-400
122900074,192,949,-757
122900075,1,107,-106
122900076,3,312,-309
122900077,1,202,-201
122900078,70,298,-228
122900080,112,22,90
122900081,169,210,-41
122900082,666,246,420
122900083,275,133,142
122900084,2,317,-315
122900086,8,23,-15
122900087,142,583,-441
122900088,79,90,-11
122900089,43,268,-225
122900090,13,1214,-1201
122900091,125,1,124
122900092,0,155,-155
122900093,0,568,-568
122900094,0,373,-373
122900095,147,2,145
122900096,143,721,-578
122900097,5,12,-7
122900098,123,141,-18
122900099,13,4,9
122900100,324,187,137
122900101,898,245,653
122900102,11,9,2
122900103,61,7,54
122900104,49,2,47
122900105,7,4,3
122900106,0,137,-137
122900107,6,377,-371
122900108,4,352,-348
122900109,88,197,-109
123000001,2273,400,1873
123000002,6501,2905,3596
123000003,3509,3203,306
123000004,3144,5329,-2185
123000005,2660,2737,-77
123000006,3571,4035,-464
123000007,3785,2672,1113
123000008,2818,4485,-1667
123000009,4302,3092,1210
123000010,3755,4343,-588
123000011,4655,1000,3655
123000012,1338,2873,-1535
123000013,3209,934,2275
123000014,1651,4632,-2981
123000015,4981,966,4015
123000016,8744,3246,5498
123000017,3522,1246,2276
123000018,38,109,-71
123000019,92,353,-261
123000020,66,119,-53
123000021,48,176,-128
123000022,567,1646,-1079
123000023,1274,1283,-9
123000024,1173,696,477
123000025,198,92,106
123000026,13,230,-217
123000027,310,383,-73
123000028,947,151,796
123000029,1239,439,800
123000030,232,827,-595
123000031,90,676,-586
123000032,203,451,-248
123000033,191,104,87
123000034,697,636,61
123000035,237,305,-68
123000036,659,769,-110
123000037,208,289,-81
123000038,66,230,-164
123000039,443,861,-418
123000040,1291,268,1023
123000041,1956,894,1062
123000042,1432,556,876
123000043,4141,5225,-1084
123000044,7009,2058,4951
123000045,12666,2405,10261
123000046,964,844,120
123000047,1986,1531,455
123000048,41,411,-370
123000049,8194,5236,2958
123000050,827,1368,-541
123000051,55,183,-128
123000052,551,2763,-2212
123000053,2007,3354,-1347
123000054,984,1419,-435
123000055,909,1347,-438
123000056,1478,2151,-673
123000057,20651,5804,14847
123000058,605,659,-54
123000059,482,587,-105
123000060,732,292,440
123000061,142,839,-697
123000063,647,722,-75
123000064,759,249,510
123000065,9183,3793,5390
123000066,1174,1094,80
123000067,523,776,-253
123000068,3415,4208,-793
123000069,7538,4023,3515
123000070,289,1036,-747
123000071,575,1335,-760
123000072,825,2160,-1335
123000073,810,1097,-287
123000074,875,3001,-2126
123000075,348,966,-618
123000076,515,1710,-1195
123000077,2367,4882,-2515
123000078,1009,2028,-1019
123000079,951,2369,-1418
123000080,1808,3575,-1767
123000081,204,840,-636
123000082,477,1612,-1135
123000083,717,180,537
123000084,504,1168,-664
123000085,121,137,-16
123000086,233,595,-362
123000087,134,648,-514
123000088,828,1600,-772
123000089,419,1863,-1444
123000090,960,1528,-568
123000091,1637,1693,-56
123000092,1440,1320,120
123000094,350,278,72
123000095,282,721,-439
123000096,340,523,-183
123000097,312,1696,-1384
123000098,568,712,-144
123000099,509,1309,-800
123000100,467,559,-92
123000101,584,518,66
123000102,602,669,-67
123000104,684,587,97
123000105,587,641,-54
123000106,521,436,85
123000107,385,786,-401
123000108,745,1878,-1133
123000111,652,324,328
123000112,657,884,-227
123000113,559,2639,-2080
123000114,455,551,-96
123000115,232,302,-70
123000116,41,219,-178
123000117,1124,2836,-1712
123000118,356,1328,-972
123000119,251,1599,-1348
123000120,392,1201,-809
123000121,402,759,-357
123000122,338,297,41
123000123,472,682,-210
123000124,582,696,-114
123000125,1258,958,300
123000126,1553,2449,-896
123000127,1189,1053,136
123000128,314,605,-291
123000129,415,265,150
123000130,363,120,243
123000131,653,571,82
123000132,422,731,-309
123000133,316,571,-255
123000134,482,224,258
123000135,1259,1809,-550
123000136,187,1691,-1504
123000137,68,595,-527
123000138,82,596,-514
123000139,375,190,185
123000140,121,838,-717
123000141,722,160,562
123000142,1068,1167,-99
123000143,1276,3080,-1804
123000144,31,26,5
123000145,228,150,78
123000146,57,111,-54
123000147,98,124,-26
123000149,322,428,-106
123000150,192,292,-100
123000151,267,415,-148
123000152,48,439,-391
123000153,163,464,-301
123000154,2286,1708,578
123000155,3392,1123,2269
123000156,48,83,-35
123000157,661,897,-236
123000158,878,760,118
123000159,3576,1749,1827
123000160,676,673,3
123000161,1368,990,378
123000162,460,1475,-1015
123000163,219,57,162
123000164,879,252,627
123000165,328,2749,-2421
123000166,43,237,-194
123000167,90,332,-242
123000168,166,487,-321
123000169,437,99,338
123000170,53,604,-551
123000171,230,121,109
123000172,175,832,-657
123000173,434,173,261
123000174,682,244,438
123000175,1106,1485,-379
123000176,637,118,519
123000177,426,1413,-987
123000178,581,123,458
123000179,38,1236,-1198
123000180,947,362,585
123000181,244,1718,-1474
123000182,169,582,-413
123000183,112,216,-104
123000184,64,994,-930
123000185,347,542,-195
123000186,58,824,-766
123000187,283,5,278
123000188,134,48,86
123000189,48,28,20
123000190,46,176,-130
123000192,71,555,-484
123000193,57,762,-705
123000194,281,193,88
123000195,197,15,182
123000196,209,19,190
123000197,39,58,-19
123000198,15,223,-208
123000199,9,644,-635
123000200,283,24,259
123000201,480,50,430
123000202,46,1429,-1383
123000203,575,79,496
123000204,63,1356,-1293
123000205,387,2018,-1631
123000206,963,144,819
123000207,181,1454,-1273
123000208,326,223,103
123000209,1472,405,1067
123000210,594,2622,-2028
123000211,599,3532,-2933
123000212,1845,348,1497
123000213,367,52,315
123000215,214,156,58
123000216,257,799,-542
123000217,141,34,107
123000218,90,403,-313
123000219,1414,58,1356
123000220,478,114,364
123000221,143,170,-27
123000222,264,700,-436
123000223,100,916,-816
123000224,392,885,-493
123000225,185,169,16
123000226,69,502,-433
123000227,57,456,-399
123000228,154,87,67
123000229,1241,2620,-1379
123000232,99,672,-573
123000233,501,231,270
123000234,106,760,-654
123000235,386,382,4
123000236,177,975,-798
123000237,164,46,118
123000238,62,911,-849
123000239,479,2574,-2095
123000240,48,324,-276
123000241,1130,147,983
123000242,78,245,-167
123000243,662,1084,-422
123000244,769,599,170
123000245,108,209,-101
123000249,621,1009,-388
123000252,497,141,356
123000253,543,360,183
123000254,462,1249,-787
123000255,651,703,-52
123000256,39,246,-207
123000257,4281,3040,1241
123000258,1035,1592,-557
123000259,205,438,-233
123000260,260,795,-535
123000261,89,237,-148
123000262,88,427,-339
123000263,272,126,146
123000264,200,43,157
123000265,43,254,-211
123000266,416,796,-380
123000267,333,345,-12
123000268,57,92,-35
123000269,28,35,-7
123000270,46,38,8
123000271,72,109,-37
123000272,872,282,590
123000273,213,441,-228
123000274,846,472,374
123000275,179,1137,-958
123000278,4530,2965,1565
123000279,121,148,-27
123000280,300,408,-108
123000281,226,109,117
123000282,99,286,-187
123000283,108,27,81
123000284,52,136,-84
123000286,243,226,17
123000287,535,270,265
123000288,756,512,244
123000289,506,691,-185
123000291,307,828,-521
123000294,361,280,81
123000295,706,717,-11
123000296,285,405,-120
123000297,315,1673,-1358
123000298,324,951,-627
123000299,96,645,-549
123000300,777,1075,-298
123000301,84,243,-159
123000302,53,325,-272
123000303,127,105,22
123000305,1159,1084,75
123000306,73,360,-287
123000309,44,90,-46
123000310,66,30,36
123000311,12,320,-308
123000312,1393,1157,236
123000313,267,418,-151
123000315,43,512,-469
123000316,2944,298,2646
123000317,248,45,203
123000318,44,406,-362
123000329,5,25,-20
123000337,215,329,-114
123000338,453,54,399
123000339,135,385,-250
123000340,142,536,-394
123000342,10,341,-331
123000343,99,0,99
123000344,1344,624,720
123000345,317,810,-493
123000346,230,121,109
123000352,2725,821,1904
123000353,15,272,-257
123000354,432,8,424
123000355,3,780,-777
123000356,104,12,92
123000357,2,399,-397
123000359,3,218,-215
123000360,204,48,156
123000361,867,267,600
123000362,160,200,-40
123000363,56,278,-222
123000364,383,349,34
123000365,26,291,-265
123000366,288,1337,-1049
123000367,384,1577,-1193
123000370,26,491,-465
123000371,295,23,272
123000372,173,19,154
123000373,3,384,-381
123000374,5,349,-344
123000375,184,12,172
123000376,753,834,-81
123000377,169,12,157
123000378,14,638,-624
123000379,2,393,-391
123000380,36,108,-72
123000381,208,45,163
123000382,1215,86,1129
123000383,404,872,-468
123000384,437,83,354
123000385,388,1231,-843
123000436,84,863,-779
123000507,243,561,-318
123000508,150,447,-297
123000517,267,20,247
123000518,34,366,-332
123000519,90,77,13
123000520,81,337,-256
123000521,229,115,114
123000522,156,829,-673
123000541,0,0,0
123000542,0,51,-51
123000565,297,35,262
123000566,101,1327,-1226
123000567,344,457,-113
123000573,28,1328,-1300
123000574,385,92,293
123000575,1061,1716,-655
123000576,564,3558,-2994
123000577,59,689,-630
123000578,721,71,650
123000579,5959,3773,2186
123000580,122,181,-59
123000582,224,13,211
123000583,11,709,-698
123000584,104,269,-165
123000585,0,144,-144
123000586,54,0,54
123000596,118,178,-60
123000597,36,89,-53
123000602,3,0,3
123000603,290,1161,-871
123000604,511,1907,-1396
123000605,883,19,864
123000606,0,266,-266
123000609,22,349,-327
123000610,131,107,24
123000613,37,310,-273
123000614,162,66,96
123000615,56,519,-463
123000616,253,90,163
123000617,104,643,-539
123000618,81,919,-838
123000619,467,33,434
123000620,14,801,-787
123000622,239,11,228
123000624,99,221,-122
123000630,732,498,234
123000631,282,3568,-3286
123000632,1579,2010,-431
123000633,1,424,-423
123000634,200,58,142
123000635,307,89,218
123000636,12,926,-914
123000637,193,79,114
123000638,457,160,297
123000639,1027,2282,-1255
123000640,58,1371,-1313
123000648,222,74,148
123000649,32,938,-906
123000650,109,145,-36
123000651,29,279,-250
123000652,40,43,-3
123000653,10,223,-213
123000654,64,242,-178
123900001,1455,65,1390
123900002,20,1014,-994
123900003,302,924,-622
123900005,147,106,41
123900006,140,32,108
124000001,1184,30,1154
124000002,68,2440,-2372
124000003,421,86,335
124000004,67,966,-899
124000005,603,193,410
124000006,292,1533,-1241
124000007,931,79,852
124000008,33,585,-552
124000009,244,407,-163
124000010,160,797,-637
124000011,764,419,345
124000012,276,844,-568
124000017,104,86,18
124000018,76,78,-2
124000019,135,101,34
124000020,52,217,-165
124000021,83,58,25
124000022,87,212,-125
124000023,703,117,586
124000024,1110,808,302
124000025,778,299,479
124000026,938,685,253
124000027,1460,630,830
124000028,2832,1236,1596
124000031,1052,981,71
124000032,6508,1463,5045
124000033,779,446,333
124000034,2095,1694,401
124000035,174,140,34
124000036,1028,959,69
124000037,284,679,-395
124000038,58,133,-75
124000039,912,356,556
124000040,693,672,21
124000041,265,70,195
124000042,63,441,-378
124000043,53,92,-39
124000044,55,404,-349
124000045,312,502,-190
124000046,235,833,-598
124000047,757,800,-43
124000048,569,2420,-1851
124000049,835,757,78
124000050,558,3166,-2608
124000051,428,507,-79
124000052,594,2270,-1676
124000053,485,970,-485
124000054,811,1614,-803
124000055,1074,1447,-373
124000056,5125,1727,3398
124000057,681,449,232
124000058,448,1734,-1286
124000059,468,809,-341
124000060,2011,1412,599
124000061,1251,3275,-2024
124000062,9794,2126,7668
124000063,1239,2091,-852
124000064,3919,2386,1533
124000065,941,369,572
124000066,523,58,465
124000067,82,288,-206
124000068,34,122,-88
124000069,388,369,19
124000070,190,577,-387
124000071,154,134,20
124000072,205,720,-515
124000073,544,135,409
124000074,218,1029,-811
124000075,98,57,41
124000076,7,306,-299
124000077,1670,762,908
124000078,1717,863,854
124000079,556,986,-430
124000080,234,146,88
124000081,121,1108,-987
124000082,27,101,-74
124000083,45,287,-242
124000084,76,253,-177
124000085,36,72,-36
124000086,38,103,-65
124000087,85,59,26
124000088,97,1129,-1032
124000089,424,480,-56
124000090,102,494,-392
124000091,476,199,277
124000092,143,958,-815
124000093,106,115,-9
124000094,107,479,-372
124000095,60,74,-14
124000096,98,375,-277
124000097,81,109,-28
124000098,63,250,-187
124000099,136,120,16
124000100,101,119,-18
124000101,52,111,-59
124000102,91,123,-32
124000103,83,88,-5
124000104,89,159,-70
124000105,67,89,-22
124000106,171,157,14
124000107,14,132,-118
124000108,64,74,-10
124000109,101,80,21
124000110,254,179,75
124000111,170,175,-5
124000112,429,952,-523
124000113,41,93,-52
124000114,199,885,-686
124000115,298,1145,-847
124000116,71,91,-20
124000117,106,119,-13
124000118,56,93,-37
124000119,968,834,134
124000120,458,784,-326
124000121,3910,946,2964
124000122,630,1497,-867
124000123,871,452,419
124000124,606,960,-354
124000125,257,399,-142
124000126,318,604,-286
124000127,809,430,379
124000128,553,1160,-607
124000129,1857,1461,396
124000130,723,763,-40
124000131,850,504,346
124000132,844,883,-39
124000133,709,718,-9
124000134,731,1068,-337
124000135,1758,1792,-34
124000136,1010,1319,-309
124000137,980,1034,-54
124000138,1124,1235,-111
124000139,700,88,612
124000140,94,924,-830
124000141,446,28,418
124000142,54,1258,-1204
124000143,72,3,69
124000144,5,264,-259
124000145,53,29,24
124000146,8,162,-154
124000148,5,62,-57
124000149,786,293,493
124000150,537,660,-123
124000151,494,302,192
124000152,779,1643,-864
124000153,857,816,41
124000154,345,1353,-1008
124000155,1017,855,162
124000156,1795,1321,474
124000169,194,391,-197
124000170,885,519,366
124000171,207,269,-62
124000172,282,808,-526
124000173,308,435,-127
124000174,283,1046,-763
124000175,10,146,-136
124000176,18,4,14
124000177,7,48,-41
124000178,37,22,15
124000185,33,20,13
124000186,8,138,-130
124000187,9,185,-176
124000188,22,9,13
124000190,290,46,244
124000191,1740,101,1639
124000192,1826,333,1493
124000193,490,1302,-812
124000194,424,719,-295
124000195,241,479,-238
124000196,1186,1502,-316
124000197,48,80,-32
124000198,19,46,-27
124000201,334,1961,-1627
124000202,408,175,233
124000203,119,1462,-1343
124000204,344,784,-440
124000205,40,919,-879
124000206,273,741,-468
124000207,1,52,-51
124000209,205,601,-396
124000210,222,286,-64
124000211,275,1,274
124000212,1,965,-964
124000213,199,573,-374
124000214,125,1231,-1106
124000215,152,9,143
124000216,4,795,-791
124000329,118,3909,-3791
124000338,52,1961,-1909
124000339,380,73,307
124000341,529,87,442
124000344,99,103,-4
124000357,1456,2914,-1458
124000358,1041,2356,-1315
124000359,808,686,122
124000360,451,453,-2
124000361,1132,671,461
124000362,1499,1837,-338
124000363,273,735,-462
124000364,508,1361,-853
124000365,619,1454,-835
124000366,2804,1888,916
124000367,153,802,-649
124000368,214,199,15
124000369,86,95,-9
124000370,33,629,-596
124000402,32,9,23
124000403,74,10,64
124000404,10,137,-127
124000405,883,705,178
124000406,986,899,87
124000407,5,37,-32
124000411,9,554,-545
124000412,213,18,195
124000413,376,56,320
124000414,69,133,-64
124000415,76,282,-206
124000416,148,577,-429
124000417,72,110,-38
124000418,114,125,-11
124000419,62,298,-236
124000420,46,63,-17
124000421,32,471,-439
124000422,15,13,2
124000423,89,63,26
124000424,3,209,-206
124000425,72,10,62
124000426,4,367,-363
124000427,96,5,91
124000428,23,63,-40
124000429,17,76,-59
124000430,654,1040,-386
124000431,342,1035,-693
124000432,123,1208,-1085
124000439,11,15,-4
124000443,0,0,0
124000445,341,563,-222
124000446,4305,87,4218
124000447,25,93,-68
124000448,39,8,31
124000449,58,13,45
124000450,28,970,-942
124000451,3,445,-442
124000452,351,66,285
124000453,2779,3075,-296
124000454,4142,5039,-897
124000457,10,197,-187
124000458,4,381,-377
124900001,294,256,38
124900002,109,623,-514
124900003,566,602,-36
124900004,334,410,-76
124900005,219,307,-88
124900006,386,444,-58
124900008,1206,521,685
124900009,104,188,-84
124900010,88,63,25
124900011,239,143,96
124900012,271,77,194
124900013,247,129,118
124900014,120,101,19
124900015,148,161,-13
124900016,54,57,-3
124900017,619,447,172
124900018,14,3,11
124900020,51,31,20
124900021,109,25,84
124900022,13,4,9
124900024,139,29,110
124900026,44,4,40
124900027,56,175,-119
124900028,729,141,588
124900029,6,294,-288
124900030,8,172,-164
124900031,8,437,-429
124900032,217,169,48
124900033,107,456,-349
124900034,1,99,-98
124900035,212,505,-293
124900036,1,49,-48
124900037,121,558,-437
124900038,224,532,-308
124900039,1,33,-32
124900040,46,98,-52
124900041,290,1848,-1558
124900042,49,0,49
124900043,387,1628,-1241
124900044,54,0,54
124900045,473,961,-488
124900047,112,227,-115
124900048,194,210,-16
124900050,140,426,-286
124900052,107,443,-336
124900053,52,446,-394
124900054,5533,397,5136
124900055,1,151,-150
124900057,26,280,-254
124900060,95,382,-287
124900061,22,8,14
124900062,53,10,43
124900066,1,20,-19
124900067,7,335,-328
124900068,166,301,-135
124900070,23,26,-3
124900072,51,38,13
124900075,87,192,-105
124900076,35,495,-460
124900077,33,85,-52
124900078,63,8,55
124900079,1041,103,938
124900080,242,1075,-833
124900081,578,213,365
124900082,338,1578,-1240
124900083,238,784,-546
124900085,1415,155,1260
124900086,37,768,-731
124900087,592,61,531
124900088,551,106,445
124900089,1690,22,1668
124900090,168,215,-47
124900091,210,793,-583
124900092,189,612,-423
124900093,147,128,19
124900094,240,217,23
124900095,43,311,-268
124900096,456,144,312
124900097,204,46,158
124900098,91,512,-421
124900099,618,448,170
124900100,182,64,118
124900101,30,235,-205
124900102,121,30,91
124900103,144,511,-367
124900104,50,433,-383
124900105,64,300,-236
124900106,221,51,170
124900107,58,19,39
124900108,201,21,180
124900111,0,75,-75
124900112,55,1182,-1127
124900113,91,235,-144
124900114,180,107,73
124900115,33,14,19
124900116,82,105,-23
124900117,1352,127,1225
124900118,121,162,-41
124900119,238,111,127
124900120,44,519,-475
124900121,104,175,-71
124900122,742,265,477
124900123,374,66,308
124900124,149,226,-77
124900125,94,2,92
124900126,2,799,-797
204000001,50,32,18
204000002,26,25,1
204000003,34,2,32
204000004,6,0,6
204000005,470,644,-174
204000006,878,2090,-1212
204000011,11,120,-109
204000012,55,107,-52
204000019,594,620,-26
204000020,524,1328,-804
204000021,2947,1102,1845
204000022,444,636,-192
204000023,389,1212,-823
204000031,97,35,62
204000032,709,34,675
204000034,28,359,-331
204000035,6,2,4
204000036,10,25,-15
204000037,3,42,-39
204000038,0,46,-46
204000039,2,64,-62
204000040,4,63,-59
204000041,11,76,-65
204000042,28,13,15
204000043,13,4,9
204000044,29,3,26
204000045,17,2,15
204000046,13,6,7
204000057,4,33,-29
204000062,20,328,-308
204000068,24,220,-196
204000069,14,259,-245
204000070,50,148,-98
204000080,26,65,-39
204000085,1492,1946,-454
204000086,3339,2655,684
204000087,44,12,32
204000088,18,129,-111
204000090,56,460,-404
204000093,137,216,-79
204000096,621,910,-289
204000097,221,192,29
204000099,754,1481,-727
204000100,933,1411,-478
204000105,1819,2239,-420
204000110,824,1378,-554
204000111,331,967,-636
204000112,736,1285,-549
204000113,406,1238,-832
204000114,566,650,-84
204000115,392,479,-87
204000116,1239,915,324
204000119,1487,2613,-1126
204000132,400,289,111
204000133,508,328,180
204000134,149,111,38
204000135,448,167,281
204000136,190,288,-98
204000138,205,329,-124
204000140,177,149,28
204000141,119,78,41
204000144,9,26,-17
204000145,437,48,389
204000146,23,605,-582
204000147,38,197,-159
204000148,409,55,354
204000154,3,3,0
204000155,1,5,-4
204000177,37,81,-44
204000179,25,22,3
204000180,1,41,-40
204000222,2,16,-14
204000235,5,10,-5
204000236,85,430,-345
204000238,9,75,-66
204000240,313,81,232
204000263,609,1728,-1119
204000268,997,872,125
204000308,261,58,203
204000317,16,67,-51
204000322,2,39,-37
204000323,42,35,7
204000328,226,236,-10
204000329,130,244,-114
204000330,302,295,7
204000331,101,184,-83
205000001,1011,1500,-489
205000013,16,70,-54
205000014,16,96,-80
205000015,23,195,-172
205000016,13,174,-161
205000017,20,86,-66
205000022,295,741,-446
205000025,2060,1160,900
205000029,156,3,153
205000045,99,260,-161
205000046,96,693,-597
205000047,25,657,-632
205000048,235,1486,-1251
205000049,142,1001,-859
205000050,1688,318,1370
205000059,0,362,-362
205000060,0,101,-101
205000061,8,39,-31
205000062,11,75,-64
205000063,22,193,-171
205000064,20,168,-148
205000065,70,660,-590
205000066,89,1138,-1049
205000067,46,1311,-1265
205000069,234,29,205
205000082,123,410,-287
205000110,58,223,-165
205000111,176,264,-88
205000112,139,219,-80
205000113,142,248,-106
205000121,186,122,64
205000123,38,178,-140
205000126,440,262,178
205000127,618,340,278
205000128,717,219,498
205000129,731,206,525
205000130,1112,53,1059
205000131,649,16,633
205000132,829,2,827
205000133,468,0,468
205000134,177,0,177
205000137,123,143,-20
205000138,201,337,-136
205000139,16,134,-118
205000144,80,77,3
205000145,286,301,-15
205000151,157,62,95
205000152,223,99,124
205000153,121,88,33
205000154,51,108,-57
205000155,97,37,60
205000207,10,218,-208
205000233,29,2,27
205000234,0,0,0
205000243,1,0,1
205000244,0,4,-4
205000245,21,357,-336
205000249,0,33,-33
205000250,8,0,8
205000264,11,97,-86
206000027,19,1,18
206000028,8,0,8
206000043,5,142,-137
206000053,1,15,-14
206000054,4,38,-34
206000055,1,33,-32
206000075,6,8,-2
206000076,14,16,-2
206000077,20,5,15
206000078,13,5,8
206000079,22,1,21
206000082,306,32,274
206000100,113,775,-662
206000103,2,34,-32
206000104,10,32,-22
206000105,8,32,-24
206000106,16,36,-20
206000125,45,0,45
206000157,86,824,-738
206000170,1,187,-186
206000171,1,252,-251
206000172,3,1185,-1182
206000173,3,422,-419
206000174,1,166,-165
206000175,1,233,-232
206000176,9,447,-438
206000177,1,346,-345
206000178,3,218,-215
206000179,9,122,-113
206000180,16,291,-275
206000181,5,462,-457
206000182,9,460,-451
206000183,20,1492,-1472
206000184,3,590,-587
206000185,9,560,-551
206000186,99,2581,-2482
206000223,4,419,-415
206000226,11,5,6
206000227,26,1,25
206000237,22,628,-606
206000238,49,1055,-1006
206000239,824,3287,-2463
206000240,2,74,-72
206000241,1,142,-141
206000242,12,645,-633
206000243,4,521,-517
206000244,47,1409,-1362
206000245,320,51,269
206000246,54,13,41
206000247,78,17,61
206000248,255,10,245
206000252,65,29,36
206000258,23,32,-9
206000315,45,3,42
206000317,278,78,200
206000318,240,43,197
206000319,432,93,339
206000320,26,38,-12
206000321,60,10,50
206000322,144,13,131
206000323,90,9,81
206000324,60,4,56
206000325,117,13,104
206000326,102,8,94
206000327,214,8,206
206000328,66,9,57
206000329,93,7,86
206000330,20,11,9
206000331,41,4,37
206000332,18,2,16
206000333,224,2,222
206000334,101,2,99
206000335,0,12,-12
206000361,2,300,-298
206000392,2,47,-45
206000405,137,1,136
206000441,10,10,0
206000498,33,3,30
206000515,88,17,71
206000530,100,53,47
206000531,121,89,32
206000532,3753,132,3621
206000535,453,3468,-3015
206000536,33,456,-423
206000537,13,258,-245
206000613,1199,156,1043
206000784,368,27,341
207000001,157,539,-382
207000002,140,436,-296
207000003,148,280,-132
207000007,453,276,177
207000008,36,7,29
207000009,64,34,30
207000010,455,854,-399
207000012,205,227,-22
207000015,341,2499,-2158
207000019,211,81,130
207000021,483,207,276
207000022,133,90,43
207000023,151,45,106
207000024,0,11,-11
207000025,10,72,-62
207000026,165,43,122
207000027,18,94,-76
207000028,96,246,-150
207000029,301,452,-151
207000033,247,297,-50
207000034,202,86,116
207000039,203,152,51
207000040,119,114,5
207000041,45,33,12
207000042,161,94,67
207000043,164,129,35
207000051,111,403,-292
207000052,38,293,-255
207000053,365,947,-582
207000054,38,195,-157
207000055,89,269,-180
207000056,224,622,-398
207000057,125,439,-314
207000058,120,762,-642
207000059,94,1488,-1394
207000060,36,463,-427
207000061,144,236,-92
207000062,210,49,161
207000063,168,161,7
207000064,295,179,116
207000065,212,171,41
207000066,113,170,-57
207000067,46,151,-105
207000068,108,65,43
207000069,587,378,209
207000082,39,682,-643
207000083,85,564,-479
207000084,129,227,-98
207000085,130,18,112
207000086,101,7,94
207000106,35,29,6
207000107,36,21,15
207000108,38,16,22
207000109,32,15,17
207000110,44,55,-11
207000111,47,78,-31
207000112,189,347,-158
207000114,21,39,-18
207000115,7,74,-67
207000116,19,379,-360
207000117,13,177,-164
207000118,7,109,-102
207000119,18,126,-108
207000123,123,34,89
207000124,57,17,40
207000125,56,26,30
207000126,76,71,5
207000134,29,401,-372
207000135,22,465,-443
207000148,39,248,-209
207000149,93,39,54
207000152,216,348,-132
207000153,1017,1044,-27
207000154,429,202,227
207000159,73,385,-312
207000160,149,887,-738
207000238,1,147,-146
207000242,4,200,-196
207000248,37,21,16
207000249,163,61,102
207000250,853,51,802
207000251,127,69,58
207000252,62,81,-19
207000278,57,99,-42
207000279,18,309,-291
207000280,206,66,140
207000281,103,2063,-1960
207000282,156,40,116
207000283,144,488,-344
207000284,59,81,-22
207000285,192,49,143
207000291,9,156,-147
207000304,91,59,32
207000306,74,480,-406
207000310,26,36,-10
207000353,256,5,251
207000356,14,28,-14
207000357,19,8,11
207000358,11,26,-15
207000415,4,209,-205
207000417,27,3,24
207000418,99,161,-62
207000438,0,3,-3
207000439,923,439,484
207000446,104,13,91
207000460,17,11,6
207000466,282,203,79
207000467,140,102,38
207000468,30,860,-830
207000476,7,91,-84
207000477,286,131,155
207000478,0,12,-12
207000523,0,3,-3
207000524,121,2,119
207000527,81,175,-94
207000530,199,12,187
207000531,202,5,197
207000532,47,15,32
207000534,634,45,589
207000535,41,299,-258
207000537,15,160,-145
207000540,5,226,-221
207000541,1,455,-454
207000548,8,381,-373
207000549,226,6,220
207000561,74,120,-46
207000562,27,257,-230
207000567,178,376,-198
207000568,79,141,-62
207000569,284,1705,-1421
207000584,330,184,146
207000585,42,272,-230
207000587,47,32,15
207000616,1,270,-269
207000617,80,0,80
207000624,89,28,61
207000631,7,87,-80
207900008,133,543,-410
208000001,397,844,-447
208000002,479,704,-225
208000003,862,863,-1
208000004,1019,947,72
208000005,31,15,16
208000019,358,918,-560
208000020,190,511,-321
208000021,152,896,-744
208000022,695,1045,-350
208000028,1619,1031,588
208000033,388,943,-555
208000034,1413,2320,-907
208000037,498,48,450
208000040,81,191,-110
208000041,611,452,159
208000042,593,530,63
208000047,111,693,-582
208000064,2499,1685,814
208000066,1474,1336,138
208000070,243,501,-258
208000071,298,1182,-884
208000072,291,1648,-1357
208000080,180,468,-288
208000081,204,300,-96
208000082,235,375,-140
208000083,191,493,-302
208000084,24,17,7
208000085,945,666,279
208000086,477,1032,-555
208000087,221,924,-703
208000089,708,977,-269
208000090,603,1593,-990
208000093,119,158,-39
208000094,450,828,-378
208000095,608,464,144
208000104,760,1267,-507
208000105,570,1265,-695
208000114,44,154,-110
208000115,380,423,-43
208000116,322,918,-596
208000117,98,191,-93
208000118,117,118,-1
208000155,570,1165,-595
208000158,1593,3495,-1902
208000186,3023,3026,-3
208000204,427,1375,-948
208000205,949,2136,-1187
208000282,3964,1940,2024
209000004,143,305,-162
209000005,22,39,-17
209000006,618,114,504
209000007,373,235,138
209000010,550,132,418
209000011,205,250,-45
209000012,155,209,-54
209000013,182,701,-519
209000014,552,1873,-1321
209000025,222,41,181
209000026,554,87,467
209000027,544,1714,-1170
209000028,278,1399,-1121
209000029,806,1339,-533
209000030,673,2346,-1673
209000031,5241,3038,2203
209000034,150,232,-82
209000035,99,175,-76
209000036,161,155,6
209000037,176,329,-153
209000038,75,222,-147
209000039,57,187,-130
209000040,350,512,-162
209000041,153,437,-284
209000042,241,383,-142
209000043,748,767,-19
209000044,186,831,-645
209000045,982,438,544
209000046,409,563,-154
209000047,286,212,74
209000048,385,192,193
209000049,85,164,-79
209000050,152,269,-117
209000051,231,606,-375
209000052,176,566,-390
209000062,49,250,-201
209000063,23,186,-163
209000064,20,225,-205
209000065,36,39,-3
209000066,44,52,-8
209000067,48,93,-45
209000080,49,290,-241
209000082,46,65,-19
209000091,39,123,-84
209000093,69,36,33
209000094,268,186,82
209000110,37,72,-35
209000111,307,1332,-1025
209000112,678,652,26
209000113,1613,580,1033
209000114,278,399,-121
209000115,56,250,-194
209000116,1010,920,90
209000118,40,30,10
209000119,71,15,56
209000121,166,913,-747
209000135,75,115,-40
209000142,647,1360,-713
209000143,129,108,21
209000144,81,88,-7
209000229,122,226,-104
209000240,50,730,-680
209000259,95,190,-95
209000260,74,1000,-926
209000261,12,679,-667
209000262,4,757,-753
209000263,0,188,-188
209000264,0,74,-74
209000265,207,10,197
209000266,57,0,57
209000267,491,4,487
209000268,464,66,398
210000037,56,26,30
210000047,47,47,0
210000048,51,49,2
210000049,41,31,10
210000052,19,169,-150
210000053,18,111,-93
210000054,59,167,-108
210000070,65,0,65
210000071,62,0,62
210000072,39,0,39
210000073,0,49,-49
210000074,0,172,-172
210000075,0,77,-77
210000076,17,139,-122
210000077,30,47,-17
210000078,82,43,39
210000079,52,17,35
210000080,207,48,159
210000081,115,15,100
210000082,36,1,35
210000083,67,0,67
210000084,18,0,18
210000085,0,143,-143
210000086,0,135,-135
210000099,24,264,-240
210000100,41,278,-237
210000101,93,349,-256
210000105,27,249,-222
210000159,0,151,-151
210000163,199,307,-108
210000164,268,110,158
210000168,208,28,180
210000187,0,14,-14
210000188,0,31,-31
210000214,20,0,20
210000219,10,74,-64
210000220,51,182,-131
210000232,3,27,-24
210000233,21,41,-20
210000234,22,162,-140
210000235,23,165,-142
210000245,1,82,-81
210000246,16,0,16
210000258,16,106,-90
210000259,266,38,228
210000282,55,204,-149
210000285,0,121,-121
210000286,11,161,-150
210000290,5,8,-3
210000295,23,202,-179
210000296,36,88,-52
210000320,126,160,-34
210000321,84,91,-7
210000338,97,187,-90
210000339,553,977,-424
210000340,130,377,-247
210000341,108,345,-237
210000342,129,253,-124
210000343,131,226,-95
210000344,362,116,246
210000345,249,222,27
210000346,78,148,-70
210000347,221,40,181
210000348,247,9,238
210000349,125,16,109
210000350,66,55,11
210000351,83,132,-49
210000352,34,140,-106
210000353,34,168,-134
210000354,102,154,-52
210000355,81,122,-41
210000356,119,75,44
210000357,91,83,8
210000358,550,119,431
210000359,166,66,100
210000360,143,133,10
210000361,96,206,-110
210000362,189,202,-13
210000363,948,153,795
210000364,97,101,-4
210000365,94,50,44
210000366,107,47,60
210000367,71,37,34
210000368,179,21,158
210000369,29,36,-7
210000370,42,106,-64
210000372,107,40,67
210000373,102,7,95
210000374,58,9,49
210000375,32,139,-107
210000376,113,221,-108
210000404,79,216,-137
210000439,19,78,-59
210000472,99,3,96
210000482,63,49,14
210000564,451,211,240
210000567,5,23,-18
210000568,573,0,573
211000092,22,93,-71
211000094,24,3,21
211000169,205,8,197
211000172,8,394,-386
211000209,0,25,-25
211000226,4,55,-51
211000270,33,7,26
211000275,33,14,19
211000276,53,37,16
211000279,3,84,-81
211000281,19,109,-90
211000302,16,166,-150
211507980,0,39,-39
211977296,52,10,42
212000003,181,78,103
212000004,115,29,86
212000005,30,34,-4
212000006,24,170,-146
212000008,115,348,-233
212000009,25,337,-312
212000012,44,89,-45
212000013,6,63,-57
212000014,181,161,20
212000015,191,310,-119
212000016,329,760,-431
212000027,427,750,-323
212000028,244,495,-251
212000029,119,336,-217
212000030,13,55,-42
212000031,19,88,-69
212000048,21,103,-82
212000049,8,74,-66
212000050,14,8,6
212000051,128,355,-227
212000052,114,536,-422
212000053,249,842,-593
212000054,117,197,-80
212000055,142,444,-302
212000056,5,45,-40
212000057,5,39,-34
212000058,502,40,462
212000070,97,415,-318
212000077,94,966,-872
212000099,188,307,-119
212000108,351,244,107
212000111,159,174,-15
212000120,250,179,71
212000138,91,21,70
212000156,5,134,-129
212000158,6,18,-12
212000159,181,61,120
212000160,330,324,6
212000161,43,8,35
212000310,13,14,-1
212000311,4,94,-90
212000374,10,12,-2
213000001,27,1070,-1043
213000005,266,135,131
213000006,867,186,681
213000007,112,7,105
213000009,560,264,296
213000010,193,184,9
213000011,215,131,84
213000014,57,13,44
213000015,166,6,160
213000016,326,1,325
213000017,22,0,22
213000018,1,241,-240
213000019,1,246,-245
213000020,98,413,-315
213000021,5,127,-122
213000023,190,182,8
213000033,205,985,-780
213000034,587,333,254
213000035,86,266,-180
213000045,152,320,-168
213000046,194,272,-78
213000047,661,828,-167
213000056,66,33,33
213000069,68,4,64
213000073,0,16,-16
213000074,186,420,-234
213000075,344,7,337
213000076,12,0,12
213000085,3,38,-35
213000086,13,292,-279
213000091,39,11,28
213000092,30,6,24
213000099,174,1107,-933
213000100,1196,311,885
213000101,167,154,13
213000102,239,475,-236
213000103,710,1020,-310
213000104,45,801,-756
213000105,1,50,-49
213000106,12,172,-160
213000107,115,667,-552
213000108,8,215,-207
213000109,14,532,-518
213000110,5,218,-213
213000111,9,75,-66
213000112,63,47,16
213000115,40,2,38
213000116,131,1301,-1170
213000117,9,1883,-1874
213000118,252,432,-180
213000119,41,636,-595
213000120,108,555,-447
213000122,382,1264,-882
213000123,1071,1514,-443
213000124,100,1569,-1469
213000125,122,9,113
213000126,43,140,-97
213000127,161,216,-55
213000128,1028,831,197
213000129,424,395,29
213000130,242,211,31
213000132,157,89,68
213000133,182,90,92
213000134,656,11,645
213000136,260,10,250
213000137,403,101,302
213000139,469,22,447
213000147,81,2,79
213000148,18,19,-1
213000149,52,5,47
213000150,1,108,-107
213000151,3,110,-107
213000152,0,93,-93
213000153,6,57,-51
213000154,30,404,-374
213000155,44,452,-408
213000156,73,1041,-968
213000157,1215,666,549
213000158,214,684,-470
213000159,234,868,-634
213000163,340,98,242
213000165,451,192,259
213000171,44,228,-184
213000172,43,476,-433
213000173,7,215,-208
213000174,2,67,-65
213000175,19,88,-69
213000176,10,146,-136
213000177,6,30,-24
213000178,29,19,10
213000179,148,78,70
213000180,109,80,29
213000184,32,183,-151
213000188,186,93,93
213000189,184,31,153
213000190,659,1153,-494
213000191,161,772,-611
213000192,116,868,-752
213000193,2797,443,2354
213000194,0,56,-56
213000195,23,707,-684
213000196,210,1132,-922
213000197,244,554,-310
213000198,27,3,24
213000200,126,1991,-1865
213000201,112,116,-4
213000202,15,1643,-1628
213000203,4605,549,4056
213000204,461,54,407
213000205,158,76,82
213000206,297,59,238
213000207,106,18,88
213000208,71,0,71
213000209,129,3,126
213000210,403,6,397
213000211,3,3,0
213000212,17,12,5
213000213,13,29,-16
213000218,209,1129,-920
213000219,337,13,324
213000220,287,7,280
213000223,159,172,-13
213000224,33,37,-4
213000225,50,4,46
213000226,40,8,32
213000227,547,207,340
213000228,207,95,112
213000229,406,42,364
213000230,395,28,367
213000232,75,664,-589
213000233,7,25,-18
213000234,10,43,-33
213000293,19,52,-33
213000294,158,6,152
213000295,7,75,-68
213000296,74,32,42
213000297,7,127,-120
213000298,11,133,-122
213000299,53,74,-21
213000300,31,8,23
213000303,6,43,-37
213000304,2,8,-6
213000305,2,22,-20
213000306,94,52,42
213000307,392,92,300
213000308,101,383,-282
213000309,124,85,39
213000310,141,109,32
213000311,373,1185,-812
213000315,70,265,-195
213000316,79,70,9
213000322,61,57,4
213000323,14,63,-49
213000340,155,1957,-1802
213000341,219,125,94
213000346,139,134,5
213000347,913,225,688
213000348,8,206,-198
213000349,14,4,10
213000350,515,2615,-2100
213000366,63,574,-511
213000367,144,55,89
213000379,52,237,-185
213000386,17,344,-327
213000406,157,476,-319
213000417,987,359,628
213000425,59,41,18
213000426,39,99,-60
213000427,44,454,-410
213000428,24,323,-299
213000429,5,6,-1
213000430,98,1788,-1690
213000431,93,1,92
213000432,2,16,-14
213000433,17,226,-209
213000434,33,114,-81
213000435,52,158,-106
213000439,43,23,20
213000441,0,1,-1
213000443,403,567,-164
213000445,0,131,-131
213000446,0,17,-17
213000447,5,62,-57
213000448,4,65,-61
213000449,147,3,144
213000450,17,35,-18
213000451,124,95,29
213000452,10,30,-20
213000453,43,472,-429
213000455,248,38,210
213000456,0,237,-237
213000481,17,11,6
213000482,74,3,71
213000489,507,59,448
213000491,3,166,-163
213000492,318,1,317
213000493,0,122,-122
213000494,89,135,-46
213000495,0,168,-168
213000496,158,257,-99
213000497,112,408,-296
213000498,43,288,-245
213000499,82,663,-581
213000500,197,86,111
213000501,51,34,17
213000502,192,63,129
213000504,45,288,-243
213000505,5,15,-10
213000506,0,3,-3
213000507,95,253,-158
213900244,9,0,9
213900245,0,29,-29
218000003,19,27,-8
218000004,29,14,15
218000005,33,45,-12
218000006,52,30,22
218000007,8,15,-7
218000012,472,145,327
218000013,67,167,-100
218000014,335,447,-112
218000019,686,723,-37
218000020,281,662,-381
218000040,6,1,5
218000046,24,219,-195
218000047,8,320,-312
218000048,78,402,-324
218000049,102,285,-183
218000050,323,440,-117
218000051,44,544,-500
218000052,0,199,-199
218000053,5,15,-10
218000054,18,45,-27
218000055,4,26,-22
218000056,17,33,-16
218000057,1,60,-59
218000064,1,12,-11
218000065,29,85,-56
218000066,5,52,-47
218000067,41,129,-88
218000068,68,117,-49
218000069,120,325,-205
218000070,99,367,-268
218000071,177,306,-129
218000072,248,322,-74
218000078,620,1843,-1223
218000079,46,59,-13
218000080,68,93,-25
218000081,179,328,-149
218000082,32,199,-167
218000083,22,64,-42
218000084,82,168,-86
218000085,105,541,-436
218000086,25,204,-179
218000087,124,297,-173
218000090,4,58,-54
218000091,756,464,292
218000092,48,205,-157
218000093,61,131,-70
218000094,441,1001,-560
218000099,263,515,-252
218000100,172,304,-132
218000101,135,170,-35
218000102,206,379,-173
218000103,52,187,-135
218000104,42,64,-22
218000105,28,5,23
218000106,9,15,-6
218000107,61,80,-19
218000108,3,50,-47
218000112,58,18,40
218000117,21,45,-24
218000134,418,1291,-873
218000135,38,188,-150
218000136,219,70,149
218000137,209,119,90
218000138,13,115,-102
218000139,119,480,-361
218000140,282,253,29
218000141,35,46,-11
218000142,130,121,9
218000143,43,124,-81
218000144,40,57,-17
218000145,212,413,-201
218000146,61,155,-94
218000151,4,28,-24
218000152,63,51,12
218000170,1,33,-32
218000171,49,13,36
218000172,12,17,-5
218000173,29,31,-2
218000174,11,12,-1
218000176,75,18,57
218000177,202,155,47
218000178,44,139,-95
218000179,69,40,29
218000180,56,10,46
218000181,119,42,77
218000187,2,19,-17
218000188,32,59,-27
218000189,7,72,-65
218000190,1,14,-13
218000191,83,167,-84
218000192,115,691,-576
218000193,310,762,-452
218000194,71,698,-627
218000195,105,127,-22
218000196,224,285,-61
218000197,140,368,-228
218000198,7,197,-190
218000199,21,58,-37
218000200,48,79,-31
218000201,19,22,-3
218000202,413,212,201
218000207,13,116,-103
218000208,16,89,-73
218000211,41,18,23
218000213,114,122,-8
218000214,6,53,-47
218000215,48,102,-54
218000217,3,202,-199
218000218,153,104,49
218000219,100,40,60
218000220,204,372,-168
218000221,1373,147,1226
218000222,37,15,22
218000223,52,151,-99
218000224,4,76,-72
218000225,107,14,93
218000226,46,51,-5
218000232,25,196,-171
218000239,57,2,55
218000240,10,4,6
218000241,12,0,12
218000242,33,1,32
218000243,17,0,17
218000244,17,1,16
218000245,11,1,10
218000246,1,0,1
218000247,0,0,0
218000248,0,34,-34
218000249,0,0,0
218000250,8,21,-13
218000251,2,10,-8
218000252,0,12,-12
218000253,10,19,-9
218000254,3,8,-5
218000255,0,7,-7
218000256,5,51,-46
218000267,1330,1209,121
218000268,13,51,-38
218000269,0,15,-15
218000270,51,103,-52
218000271,32,84,-52
218000273,5,15,-10
218000274,11,6,5
218000275,8,40,-32
218000276,3,58,-55
218000278,32,41,-9
218000279,32,104,-72
218000280,5,57,-52
218000281,8,25,-17
218000282,703,332,371
218000284,160,32,128
218000301,45,100,-55
218000302,54,47,7
218000303,43,75,-32
218000316,647,1390,-743
218000317,600,1270,-670
218000318,304,1099,-795
218000319,656,2517,-1861
218000320,529,1108,-579
218000338,54,31,23
218000345,137,73,64
218000346,54,175,-121
218000459,45,442,-397
218000490,55,93,-38
218000501,65,27,38
218000502,38,116,-78
218000503,89,11,78
218000504,160,26,134
218000505,26,205,-179
218000506,17,208,-191
218000508,0,6,-6
218000510,155,8,147
218000520,104,83,21
218000521,1,160,-159
218000522,0,172,-172
218000523,196,11,185
218000524,35,12,23
218000525,42,23,19
218000526,28,112,-84
218000529,34,593,-559
218000531,10,13,-3
218000532,19,35,-16
218000534,47,31,16
218000537,46,60,-14
218000538,105,121,-16
218000540,358,55,303
218000543,89,29,60
218000544,51,168,-117
218000545,60,51,9
218000546,34,164,-130
218000547,80,84,-4
218000548,91,321,-230
218000549,314,169,145
218000550,202,641,-439
218000551,177,685,-508
218000552,398,28,370
218000553,29,138,-109
218000554,23,43,-20
218000555,21,59,-38
218000556,89,556,-467
218000557,217,205,12
218000558,26,0,26
218000559,0,2,-2
218000560,0,10,-10
218000561,24,0,24
218000562,39,139,-100
218000563,137,26,111
218000564,18,224,-206
218000565,118,35,83
218000566,197,31,166
218000568,6,5,1
218000569,13,156,-143
218000570,159,10,149
218000571,3,114,-111
218000572,112,0,112
218000573,33,410,-377
218000574,92,60,32
218000575,78,1,77
218000576,2,39,-37
218000577,83,1,82
218000578,0,70,-70
218000579,67,10,57
218000581,3,95,-92
218000582,30,9,21
218000583,1,1,0
218000584,0,25,-25
218000585,56,2,54
218000586,15,41,-26
218000587,0,6,-6
218000588,0,2,-2
218000589,0,0,0
218000590,2,3,-1
218000591,0,5,-5
218000592,14,0,14
218000593,11,0,11
218000594,2,0,2
218000597,1,1,0
218000598,0,0,0
218000599,2,0,2
218000600,5,0,5
218000601,0,0,0
218000602,0,5,-5
218000603,0,2,-2
218000604,8,2,6
218000605,0,27,-27
218000606,116,0,116
218000607,5,54,-49
218000608,78,28,50
218000609,1,68,-67
218000610,91,2,89
218000611,14,0,14
218000612,1,20,-19
218000613,8,12,-4
218000614,1,35,-34
218000615,89,2,87
218000616,4,217,-213
218000617,14,2,12
218000618,0,26,-26
218000619,15,33,-18
218000620,1,17,-16
218000621,0,2,-2
218000622,0,4,-4
218000623,10,1,9
218000624,0,8,-8
218000625,20,4,16
218000626,2,17,-15
218000628,85,28,57
218000631,45,32,13
218000632,1,253,-252
218000633,54,1,53
218000634,2,42,-40
218000635,7,10,-3
218000636,631,2229,-1598
218000637,485,683,-198
218000638,73,76,-3
218000639,12,267,-255
218000640,133,44,89
218000641,49,387,-338
218000652,67,151,-84
218000653,105,76,29
218000663,8,281,-273
218000675,60,69,-9
218000680,182,960,-778
218000681,342,186,156
218000691,137,863,-726
218000693,133,187,-54
218000718,751,681,70
218000719,1138,215,923
218000720,10,233,-223
218000721,38,15,23
218001147,9,974,-965
218001214,22,33,-11
218001258,110,5,105
218001329,207,168,39
218001330,154,217,-63
218001351,12,23,-11
218001352,4,37,-33
218001353,16,15,1
218001354,8,50,-42
218001355,110,729,-619
218001356,163,10,153
218001357,54,597,-543
218001358,117,13,104
218001361,166,55,111
218001362,2,961,-959
219000001,51,118,-67
219000002,48,109,-61
219000003,56,31,25
219000004,45,71,-26
219000017,220,19,201
219000020,92,38,54
219000022,97,2,95
219000023,67,0,67
219000029,0,86,-86
219000034,30,10,20
219000039,31,66,-35
219000040,35,18,17
219000041,91,31,60
219000051,0,71,-71
219000052,0,18,-18
219000053,2,377,-375
219000055,78,0,78
219000056,18,0,18
219000057,75,0,75
219000062,14,357,-343
219000063,52,14,38
219000064,6,68,-62
219000110,198,42,156
219000111,79,24,55
219000112,147,73,74
219000113,113,59,54
219000114,223,58,165
219000116,62,40,22
219000117,149,130,19
219000118,84,80,4
219000123,464,94,370
219000124,58,70,-12
219000125,18,30,-12
219000126,71,113,-42
219000127,0,12,-12
219000128,26,125,-99
219000129,32,220,-188
219000130,649,920,-271
219000131,613,853,-240
219000133,66,30,36
219000134,11,25,-14
219000135,14,44,-30
219000136,150,184,-34
219000138,59,20,39
219000139,30,74,-44
219000140,24,2,22
219000141,12,121,-109
219000142,7,158,-151
219000143,8,115,-107
219000145,8,71,-63
219000146,3,55,-52
219000147,2,70,-68
219000148,3,98,-95
219000149,27,237,-210
219000150,2,143,-141
219000151,4,99,-95
219000157,110,134,-24
219000158,149,349,-200
219000161,147,8,139
219000163,1563,436,1127
219000166,58,266,-208
219000167,83,312,-229
219000168,264,130,134
219000174,270,103,167
219000175,47,0,47
219000176,24,9,15
219000177,18,4,14
219000178,13,1,12
219000179,14,14,0
219000180,22,44,-22
219000182,68,15,53
219000183,37,33,4
219000184,74,12,62
219000185,1,96,-95
219000186,44,77,-33
219000187,16,144,-128
219000189,188,196,-8
219000190,151,321,-170
219000191,1346,1142,204
219000192,187,130,57
219000193,685,194,491
219000195,0,78,-78
219000196,2,217,-215
219000198,29,203,-174
219000199,141,239,-98
219000200,49,232,-183
219000201,112,267,-155
219000203,40,170,-130
219000204,114,261,-147
219000205,76,229,-153
219000207,188,281,-93
219000209,15,108,-93
219000210,101,123,-22
219000213,18,613,-595
219000239,134,312,-178
219000240,176,378,-202
219000241,67,329,-262
219000242,34,255,-221
219000243,108,500,-392
219000244,50,219,-169
219000245,44,72,-28
219000246,37,14,23
219000247,47,21,26
219000248,415,248,167
219000249,95,42,53
219000250,64,88,-24
219000251,364,168,196
219000252,208,97,111
219000253,193,45,148
219000255,88,83,5
219000256,154,83,71
219000257,92,38,54
219000262,99,303,-204
219000263,44,296,-252
219000267,4,255,-251
219000268,6,13,-7
219000269,4,1,3
219000270,4,0,4
219000271,64,5,59
219000278,0,18,-18
219000279,0,7,-7
219000283,0,23,-23
219000295,10,104,-94
219000296,66,707,-641
219000297,18,213,-195
219000298,4,285,-281
219000299,343,77,266
219000300,22,295,-273
219000301,295,276,19
219000302,44,194,-150
219000307,23,36,-13
219000308,44,34,10
219000311,124,51,73
219000312,400,55,345
219000313,175,33,142
219000314,84,635,-551
219000315,162,52,110
219000316,313,40,273
219000317,46,22,24
219000320,3,43,-40
219000321,0,13,-13
219000323,4,146,-142
219000325,2,34,-32
219000326,47,160,-113
219000327,39,72,-33
219000328,34,66,-32
219000329,211,111,100
219000330,32,37,-5
219000331,34,30,4
219000332,67,75,-8
219000333,6,5,1
219000335,48,6,42
219000337,10,0,10
219000338,78,3,75
219000344,14,61,-47
219000345,50,128,-78
219000346,38,179,-141
219000348,118,275,-157
219000349,48,436,-388
219000350,15,93,-78
219000351,13,5,8
219000352,156,48,108
219000353,104,43,61
219000354,87,144,-57
219000355,115,89,26
219000356,1345,708,637
219000363,207,35,172
219000364,86,22,64
219000365,58,24,34
219000366,237,233,4
219000368,350,384,-34
219000370,980,263,717
219000371,5,9,-4
219000382,4,15,-11
219000383,737,909,-172
219000385,569,575,-6
219000386,1096,1705,-609
219000387,0,3,-3
219000390,7,2,5
219000391,2,0,2
219000397,65,73,-8
219000398,65,36,29
219000401,12,131,-119
219000402,25,143,-118
219000403,89,188,-99
219000404,14,98,-84
219000407,4,41,-37
219000409,28,31,-3
219000410,80,25,55
219000411,25,12,13
219000446,283,556,-273
219000447,2,26,-24
219000448,2,10,-8
219000452,99,60,39
219000453,78,160,-82
219000454,313,186,127
219000556,115,75,40
219000558,109,463,-354
219000590,26,215,-189
219000591,37,51,-14
219000592,65,372,-307
219000595,0,56,-56
219000635,92,73,19
219000636,27,143,-116
219000657,21,7,14
219000658,7,71,-64
219000673,0,3,-3
219000676,14,1,13
219000679,35,7,28
219000684,72,2,70
219000685,2,109,-107
219000686,0,1,-1
219000688,0,117,-117
219000689,39,277,-238
219000690,114,25,89
219000691,70,198,-128
219000692,134,36,98
219000693,0,24,-24
219000694,4,1,3
219000695,13,5,8
219000698,117,1,116
219000699,0,13,-13
219000727,0,326,-326
219000728,66,0,66
219000770,19,0,19
219000771,0,33,-33
219000788,250,522,-272
219001150,1,14,-13
219001151,0,3,-3
219001166,38,15,23
219001167,1,130,-129
219001178,36,3,33
220000001,31,39,-8
220000002,28,233,-205
220000003,470,302,168
220000004,602,700,-98
220000005,1300,1390,-90
220000006,401,1219,-818
220000007,292,912,-620
220000008,317,1391,-1074
220000009,244,1113,-869
220000010,178,169,9
220000011,875,3717,-2842
220000012,119,393,-274
220000014,68,58,10
220000015,55,237,-182
220000017,42,525,-483
220000018,8040,1652,6388
220000019,59,228,-169
220000020,362,286,76
220000021,417,199,218
220000022,387,578,-191
220000023,146,186,-40
220000024,1420,399,1021
220000025,608,670,-62
220000026,190,150,40
220000027,36,112,-76
220000028,21,45,-24
220000029,1394,702,692
220000030,111,126,-15
220000031,230,356,-126
220000064,32,1414,-1382
221000046,7,0,7
221000047,0,3,-3
221000048,0,10,-10
221000049,0,8,-8
221000050,10,0,10
221000055,49,47,2
221000068,314,116,198
221000069,336,66,270
221000070,158,21,137
221000071,65,10,55
221000072,179,19,160
221000073,147,52,95
221000074,1,33,-32
221000075,15,29,-14
221000076,5,45,-40
221000077,58,139,-81
221000081,61,5,56
221000082,27,4,23
221000083,30,6,24
221000084,1,2,-1
221000085,21,57,-36
221000086,12,118,-106
221000087,12,218,-206
221000088,17,221,-204
221000089,35,334,-299
221000090,110,596,-486
221000098,116,19,97
221000099,138,10,128
221000100,60,12,48
221000101,222,24,198
221000103,30,30,0
221000104,14,97,-83
221000107,32,5,27
221000108,43,4,39
221000111,19,257,-238
221000112,8,209,-201
221000113,14,228,-214
221000114,10,207,-197
221000120,24,42,-18
221000121,1,18,-17
221000122,12,17,-5
221000123,13,57,-44
221000124,36,324,-288
221000155,27,11,16
221000156,55,22,33
221000175,0,11,-11
221000176,4,3,1
221000182,46,17,29
221000241,464,167,297
221000242,205,473,-268
221000243,417,110,307
221000244,188,603,-415
221000245,55,111,-56
221000246,18,374,-356
221000247,67,141,-74
221000248,75,251,-176
221000267,48,988,-940
221000325,46,72,-26
221000331,2,130,-128
221000338,16,21,-5
221000378,93,23,70
221000381,91,161,-70
222000282,16,2,14
222000296,1,22,-21
222000568,206,13,193
222000569,86,20,66
222000570,60,8,52
222000571,239,9,230
222000577,3,395,-392
222000578,27,238,-211
222000579,31,200,-169
222000580,134,961,-827
222000599,1,152,-151
222000600,3,322,-319
222000601,7,910,-903
222000603,7,13,-6
222000604,1,24,-23
222000605,14,3,11
222000606,1,7,-6
222000607,1,2,-1
222000608,17,6,11
222000609,49,495,-446
222000616,173,43,130
222000617,11,17,-6
222000618,1,1,0
222000620,61,9,52
222000621,40,5,35
222000623,466,2,464
222000624,234,1,233
222000625,239,55,184
222000636,68,2,66
222000686,10,16,-6
222000687,15,26,-11
222001066,467,1,466
222001067,4,34,-30
222001068,20,171,-151
222001069,19,115,-96
222001082,4,46,-42
222001083,5,38,-33
222001084,0,31,-31
222001085,1,80,-79
222001111,15,325,-310
222001112,69,70,-1
222001313,51,2,49
222001314,2,74,-72
222001464,127,60,67
222001465,14,440,-426
222001484,50,49,1
222001485,25,92,-67
222001494,146,159,-13
222001495,67,773,-706
222001496,177,104,73
222001497,82,914,-832
222001503,50,46,4
222001504,14,231,-217
222001505,168,10,158
222001506,18,272,-254
222001507,124,15,109
222001510,257,25,232
222001514,419,96,323
222001518,132,47,85
222001519,79,700,-621
222001527,169,43,126
222001529,104,28,76
222001530,42,387,-345
222001533,181,648,-467
222001534,122,63,59
222001535,143,180,-37
222001536,61,726,-665
222001537,129,16,113
222001538,181,1504,-1323
222001563,307,89,218
222001564,42,745,-703
222001568,259,151,108
222001576,1,0,1
222001579,1,5,-4
222001583,11,329,-318
222001584,40,33,7
222001596,739,3418,-2679
222001597,1297,253,1044
222001626,1,212,-211
222001650,36,101,-65
222001651,36,130,-94
222001914,108,28,80
222001915,119,603,-484
222001968,351,226,125
222001969,348,1474,-1126
222001970,121,340,-219
222001971,8,64,-56
222001972,1,20,-19
225000001,338,223,115
225000002,232,116,116
225000003,263,99,164
225000004,185,238,-53
225000005,17,77,-60
225000006,1,158,-157
225000007,4822,1231,3591
225000010,152,8,144
225000011,519,968,-449
225000012,124,597,-473
225000013,140,172,-32
225000014,647,58,589
225000015,88,304,-216
225000021,497,306,191
225000027,276,688,-412
225000032,398,165,233
225000042,79,1012,-933
225000049,30,65,-35
225000050,48,32,16
225000053,5,256,-251
225000058,603,148,455
225000067,127,248,-121
225000068,50,729,-679
225000069,119,715,-596
225000070,70,753,-683
225000071,22,434,-412
225000075,30,1207,-1177
225000076,71,166,-95
225000078,63,54,9
225000085,26,125,-99
225000086,216,57,159
225000087,189,10,179
225000088,13,135,-122
225000089,372,836,-464
225000090,41,516,-475
225000091,119,382,-263
225000092,27,83,-56
225000093,141,513,-372
225000094,15,671,-656
225000095,267,790,-523
225000096,258,588,-330
225000098,395,175,220
225000099,242,134,108
225000100,135,117,18
225000104,85,604,-519
225000110,7,654,-647
225000111,195,1457,-1262
225000112,380,1219,-839
225000113,107,815,-708
225000114,43,366,-323
225000115,4160,561,3599
225000116,936,149,787
225000117,1012,369,643
225000118,596,281,315
225000119,120,113,7
225000120,461,63,398
225000121,272,34,238
225000123,1469,24,1445
225000125,247,433,-186
225000126,1638,239,1399
225000127,1025,628,397
225000128,379,515,-136
225000132,227,29,198
225000133,199,26,173
225000134,537,108,429
225000135,22,1,21
225000136,170,25,145
225000137,94,103,-9
225000138,420,34,386
225000143,114,133,-19
225000144,11,326,-315
225000145,30,80,-50
225000146,44,164,-120
225000147,5,485,-480
225000148,7,328,-321
225000149,42,612,-570
225000151,28,317,-289
225000155,262,562,-300
225000156,330,815,-485
225000157,218,423,-205
225000158,99,623,-524
225000171,2,203,-201
225000180,34,0,34
225000181,1,65,-64
225000182,164,17,147
225000185,2,519,-517
225000187,59,580,-521
225000191,61,2,59
225000194,0,18,-18
225000208,7,45,-38
225000209,72,15,57
225000210,3,282,-279
225000217,0,17,-17
225000218,2,0,2
225000223,0,186,-186
225000224,427,0,427
225000225,1,62,-61
225000226,188,1,187
225000227,42,44,-2
225000228,25,28,-3
225000229,0,130,-130
225000230,14,0,14
225000231,0,151,-151
225000232,67,1,66
225000241,97,2,95
225000242,0,52,-52
225000249,6,1,5
225000250,29,1117,-1088
225000251,286,41,245
226000042,300,409,-109
226000043,294,546,-252
226000044,154,829,-675
226000045,164,1131,-967
226000046,387,58,329
226000047,301,84,217
226000048,274,75,199
226000049,148,120,28
226000070,0,33,-33
226000071,0,85,-85
226000072,0,39,-39
226000073,0,10,-10
226000074,0,5,-5
226000084,2,31,-29
226000085,2,19,-17
226000086,2,15,-13
226000087,0,9,-9
226000088,5,7,-2
226000090,119,47,72
226000091,5,18,-13
226000092,0,0,0
226000093,20,1,19
226000094,25,1,24
226000095,27,2,25
226000105,2,3,-1
226000106,5,0,5
226000107,0,0,0
226000108,15,0,15
226000109,58,0,58
226000124,157,48,109
226000134,301,497,-196
226000135,746,733,13
226000136,230,464,-234
226000137,3,396,-393
226000138,18,590,-572
226000139,3,112,-109
226000156,62,1,61
226000157,94,3,91
226000163,147,638,-491
226000202,11,1060,-1049
226000231,257,7,250
226000232,18,3,15
227000033,221,50,171
227000036,12,1,11
227000037,133,32,101
227000038,184,23,161
227000049,1,13,-12
227000050,0,54,-54
227000055,22,2,20
227000056,50,0,50
227000084,6,45,-39
227000085,1,43,-42
227000088,69,3,66
227000089,61,5,56
227000090,45,0,45
227000091,10,6,4
227000093,93,0,93
227000094,4,0,4
227000130,40,88,-48
227000131,9,287,-278
227000132,11,241,-230
227000133,10,264,-254
227000134,15,378,-363
227000152,0,1,-1
227000153,0,26,-26
227000155,1,5,-4
227000156,0,6,-6
227000165,1,16,-15
227000196,162,636,-474
227000199,131,480,-349
227000230,38,488,-450
227000232,177,43,134
227000241,112,46,66
227000242,49,475,-426
227000243,219,65,154
227000245,13,415,-402
227000246,58,508,-450
227000247,223,64,159
227000248,292,25,267
227000249,22,278,-256
227000250,460,162,298
227000251,237,358,-121
227000252,10,392,-382
227000253,68,24,44
227000262,175,27,148
227000266,383,16,367
227000267,53,2403,-2350
227000282,1,40,-39
227000284,43,5,38
227000286,0,15,-15
227000287,2,26,-24
227000291,4,135,-131
227000484,74,8,66
227000485,6,285,-279
227000655,105,22,83
227000656,111,15,96
227000657,68,8,60
227000661,125,13,112
227000680,172,33,139
229000265,12,54,-42
229000296,3,13,-10
229000297,2,41,-39
229000298,3,207,-204
229000320,1,11,-10
229000321,11,12,-1
229000412,6,50,-44
229000414,9,70,-61
229000415,12,2,10
229000416,0,8,-8
229000417,0,16,-16
229000419,68,255,-187
229000440,209,67,142
229000442,33,0,33
229000443,4,0,4
229000444,0,52,-52
229000445,8,6,2
229000446,47,30,17
229000847,44,0,44
229000848,9,0,9
229000849,64,0,64
229000851,17,1,16
229000854,0,101,-101
229000856,2,251,-249
229000857,0,60,-60
229000858,1,133,-132
229000919,11,122,-111
229000930,4,377,-373
229000937,64,12,52
229000966,23,32,-9
229000981,20,120,-100
229000985,8,63,-55
229000986,0,22,-22
229000987,0,0,0
229000988,3,10,-7
229000989,4,9,-5
229000990,0,1,-1
229000991,0,0,0
229000992,3,5,-2
229000993,231,11,220
229000998,6,59,-53
229000999,72,16,56
229001034,0,21,-21
229001035,35,0,35
229001037,55,11,44
229001042,7,20,-13
229001047,5,82,-77
229001050,42,51,-9
229001200,11,2,9
229001338,0,19,-19
229001394,178,0,178
229001422,71,18,53
229001423,59,227,-168
229001431,42,35,7
229001432,36,123,-87
229001444,81,69,12
229001445,44,204,-160
229001503,136,93,43
229001504,97,319,-222
229001505,57,62,-5
229001506,63,313,-250
229001509,52,27,25
229001545,42,10,32
229001546,7,138,-131
229001553,25,16,9
229001554,9,137,-128
229001559,0,8,-8
229001560,0,12,-12
229001630,49,19,30
229001631,11,34,-23
229001635,0,6,-6
229001636,0,0,0
229001658,1,135,-134
229001659,71,2,69
229001660,3,4,-1
229001661,2,16,-14
229001662,52,0,52
229001663,0,22,-22
229002584,143,149,-6
229002831,277,110,167
229002841,7,21,-14
229002842,7,19,-12
229002843,42,20,22
229002844,16,43,-27
229002845,5,61,-56
229002846,14,55,-41
229002847,2,11,-9
229002848,1,8,-7
229002849,2,50,-48
229002850,7,2,5
229002851,35,114,-79
229002852,60,21,39
229002853,61,23,38
229002854,26,41,-15
229002855,13,17,-4
229002856,14,25,-11
229002857,1,24,-23
229002858,3,4,-1
229002859,15,16,-1
229002860,31,9,22
229002861,32,16,16
229002862,13,23,-10
229002863,33,23,10
229002864,3,31,-28
229002865,28,3,25
229002866,24,11,13
229002867,2,15,-13
229002868,5,3,2
229002869,6,123,-117
229002870,41,3,38
235000066,181,80,101
235000067,75,169,-94
235000072,20,68,-48
235000073,45,231,-186
235000074,10,66,-56
235000080,22,76,-54
235000081,37,159,-122
235000082,88,73,15
235000083,84,84,0
235000084,49,44,5
235000085,46,63,-17
235000089,10,27,-17
235000092,2,97,-95
235000093,5,5,0
235000097,3,3,0
235000098,29,16,13
235000099,10,24,-14
235000116,43,45,-2
235000117,924,16,908
235000133,13,214,-201
235000134,2,74,-72
235000206,5,1,4
235000207,0,1,-1
235000208,1,0,1
235000209,4,0,4
235000210,1,1,0
235000212,5,30,-25
235000213,0,8,-8
235000220,1,3,-2
235000238,5,15,-10
235000239,0,6,-6
235000242,198,226,-28
235000245,1077,193,884
235000246,9,53,-44
235000284,2,118,-116
235000295,119,9,110
235000305,89,9,80
235000306,99,10,89
235000307,12,2,10
235000308,19,0,19
235000309,28,2,26
235000310,11,0,11
235000311,43,4,39
235000322,0,23,-23
235000323,1,62,-61
235000324,0,23,-23
235000325,0,15,-15
235000326,5,354,-349
235000351,3,122,-119
235000352,11,65,-54
235000353,2,38,-36
235000354,0,54,-54
235000355,7,52,-45
235000356,29,26,3
235000357,15,10,5
235000358,37,8,29
235000359,1,4,-3
235000360,38,14,24
235000361,35,1,34
235000381,24,382,-358
235000382,81,36,45
235000390,2,2,0
235000391,49,20,29
235000392,63,147,-84
235000393,58,86,-28
235000395,53,24,29
235000396,114,44,70
235000400,86,74,12
235000401,24,180,-156
235000405,97,238,-141
235000406,23,257,-234
235000407,61,148,-87
235000409,199,207,-8
235000410,26,277,-251
235000411,0,96,-96
235000485,0,6,-6
235000486,3,0,3
235000549,21,74,-53
235000550,35,165,-130
235000599,46,45,1
235000600,20,24,-4
235000601,11,33,-22
235000602,28,111,-83
235000614,0,1,-1
235000648,0,25,-25
235000649,31,6,25
235000685,1,5,-4
235000815,3,45,-42
235000834,0,13,-13
235000855,19,22,-3
235000862,20,238,-218
235000891,0,7,-7
235000892,35,27,8
235000901,39,122,-83
235000907,6,2,4
235001010,20,84,-64
235001029,407,450,-43
235001030,286,135,151
235001078,41,59,-18
235001079,71,111,-40
235001147,17,35,-18
235001166,5,78,-73
235001167,16,29,-13
235001169,20,327,-307
235001188,3,7,-4
235001189,5,0,5
235001197,11,38,-27
235001200,17,19,-2
235001207,140,38,102
235001210,69,480,-411
235001215,34,289,-255
235001239,0,17,-17
235001244,0,3,-3
235016267,0,6,-6
277102712,0,0,0
277103813,0,0,0
277103814,0,0,0
277104249,0,4,-4
277104250,0,12,-12
277104251,0,20,-20
277104252,0,4,-4
990011530,1,252,-251
990014944,0,464,-464
990015176,7,16,-9
990016032,0,586,-586
990032570,0,130,-130
990070001,95,2,93
990070103,0,3,-3
990070601,0,38,-38
990070751,328,58,270
990070766,4,1117,-1113
990071180,921,279,642
990071343,70,1,69
990071387,0,15,-15
990071823,10,2,8
990072600,3,779,-776
990072964,0,522,-522
990073285,0,2,-2
990074393,1,1485,-1484
990074870,548,9,539
990075106,431,3,428
990075746,209,1,208
990076437,414,3,411
990076458,6,2077,-2071
997000007,98,8,90
997000041,0,87,-87
997000058,25,0,25
997000062,49,0,49
997000069,0,8,-8
997000070,1,180,-179
997000100,7,0,7
997000141,1,798,-797
997000198,328,674,-346
998000475,1,11,-10
998000736,2,478,-476
998000965,0,4,-4
998001031,0,51,-51
998001700,0,36,-36
998001899,0,2,-2
998001900,9,0,9
998003073,629,4,625
998101900,0,0,0
998102850,0,73,-73
998501927,626,318,308
998501929,82,3,79
998501930,71,0,71
998501931,131,22,109
998501932,2,1,1
998501933,44,1,43
998501937,14,0,14
998501944,3,2,1
998501950,0,32,-32
998501970,26,5,21
998501971,1,87,-86
998501973,0,95,-95
998501974,2,266,-264
998501975,249,17,232
998501976,98,1,97
998501977,1,19,-18
998501978,40,0,40
998501979,0,3,-3
998501980,45,0,45
998501981,20,2,18
998501982,0,95,-95
998501983,0,1,-1
998502006,0,1,-1
998502024,0,2,-2
998502032,0,5,-5
998502062,23,0,23
998502063,0,0,0
998502173,76,1,75
998502269,0,13,-13
998502546,4,148,-144
998502578,0,3,-3
998502599,85,300,-215
998502621,0,0,0
998601159,3,413,-410
998601292,0,22,-22
999033574,2,1973,-1971
999800001,14,1,13
999800002,0,2,-2
999800003,1,1,0
999800004,0,4,-4
999800005,1,7,-6
