ID,insum,outsum,diff
100000001,433,599,-166
100000002,3622,1039,2583
100000003,4245,2770,1475
100000004,1118,703,415
100000005,1883,3514,-1631
100000006,705,122,583
100000007,1717,550,1167
100000008,214,344,-130
100000009,506,210,296
100000010,64,39,25
100000011,852,88,764
100000012,215,571,-356
100000013,69,133,-64
100000014,441,220,221
100000015,1616,1727,-111
100000016,1085,1149,-64
100000017,744,627,117
100000018,1436,481,955
100000019,3772,1575,2197
100000020,1365,4162,-2797
100000021,3715,1739,1976
100000022,1593,1270,323
100000023,4572,1142,3430
100000025,1853,731,1122
100000028,1621,688,933
100000029,156,181,-25
100000030,325,61,264
100000031,4063,4912,-849
100000032,2183,2608,-425
100000033,767,1701,-934
100000034,624,305,319
100000035,1373,822,551
100000036,1908,1050,858
100000037,527,448,79
100000038,1916,843,1073
100000039,470,159,311
100000040,138,119,19
100000041,906,384,522
100000042,1175,392,783
100000043,843,408,435
100000044,419,561,-142
100000045,562,937,-375
100000046,604,807,-203
100000047,261,511,-250
100000048,366,515,-149
100000049,1564,1790,-226
100000051,479,816,-337
100000053,269,11,258
100000054,761,45,716
100000055,1951,250,1701
100000056,719,366,353
100000057,1780,613,1167
100000058,820,945,-125
100000059,14,73,-59
100000060,329,300,29
100000061,1821,428,1393
100000062,1513,487,1026
100000063,613,260,353
100000064,1311,287,1024
100000065,400,703,-303
100000066,200,547,-347
100000067,384,584,-200
100000068,421,1391,-970
100000069,319,1103,-784
100000072,327,768,-441
100000073,1012,924,88
100000075,676,256,420
100000076,1843,1776,67
100000077,302,140,162
100000078,63,48,15
100000079,50,57,-7
100000080,23,68,-45
100000081,87,197,-110
100000102,2435,1370,1065
100000103,3013,952,2061
100000104,3614,1850,1764
100000105,2560,1027,1533
100000106,1804,1692,112
100000107,431,656,-225
100000108,742,776,-34
100000109,3249,1060,2189
100000116,1583,742,841
100000117,64,87,-23
100000118,1956,785,1171
100000119,638,576,62
100000121,207,411,-204
100000122,864,681,183
100000123,2794,3260,-466
100000124,6412,4900,1512
100000125,2418,895,1523
100000126,855,253,602
100000127,1472,302,1170
100000128,2014,1197,817
100000129,381,348,33
100000130,370,451,-81
100000131,2333,2189,144
100000132,1038,1959,-921
100000133,4668,2120,2548
100000135,477,830,-353
100000139,471,195,276
100000140,569,290,279
100000142,365,441,-76
100000143,1270,520,750
100000144,3287,753,2534
100000147,876,2193,-1317
100000150,40,298,-258
100000151,831,724,107
100000153,256,251,5
100000154,82,116,-34
100000155,29,60,-31
100000156,455,300,155
100000157,77,87,-10
100000158,244,78,166
100000159,373,368,5
100000165,1522,716,806
100000169,228,348,-120
100000174,627,280,347
100000179,86,459,-373
100000180,1216,972,244
100000181,661,201,460
100000188,54,152,-98
100000189,650,292,358
100000190,1094,693,401
100000191,607,446,161
100000192,64,98,-34
100000193,205,159,46
100000330,1267,620,647
100000355,323,461,-138
100000362,5170,2948,2222
100000363,3040,4281,-1241
100000364,253,174,79
100000365,4432,4498,-66
100000366,6232,2706,3526
100000367,4517,4135,382
100000368,2929,1567,1362
100000369,864,1403,-539
100000370,137,627,-490
100000376,139,94,45
100000379,2437,1088,1349
100000380,4422,2231,2191
100000384,4996,3741,1255
100000385,4193,3126,1067
100000386,7424,3916,3508
100000387,4781,3997,784
100000388,6825,4696,2129
100000389,6112,4608,1504
100000390,7343,4460,2883
100000391,5468,5367,101
100000392,4022,2685,1337
100000393,2588,3071,-483
100000394,8861,5780,3081
100000395,4736,2735,2001
100000396,9468,2885,6583
100000397,5422,4298,1124
100000398,10130,6830,3300
100000413,12,9,3
100900002,6,50,-44
100900003,216,138,78
100900004,17,474,-457
100900005,105,17,88
100900006,13,154,-141
100900007,219,3,216
100900008,5,271,-266
100900009,76,146,-70
100900010,57,134,-77
100900011,78,207,-129
100900012,3,178,-175
100900013,509,12,497
100900014,3,7,-4
100900015,113,66,47
100900016,4,23,-19
100900017,647,41,606
100900018,0,15,-15
100900019,55,53,2
100900020,203,3,200
100900021,254,0,254
100900022,11,23,-12
100900023,0,17,-17
100900024,627,2,625
100900025,5,17,-12
100900026,81,90,-9
100900027,361,1834,-1473
100900028,83,133,-50
100900029,53,8,45
100900030,5,28,-23
100900031,423,28,395
100900032,270,1,269
100900033,143,126,17
100900034,277,2,275
100900035,604,2,602
100900036,19,8,11
100900037,69,126,-57
100900038,74,27,47
100900039,257,587,-330
100900040,245,572,-327
100900041,626,510,116
100900042,1123,263,860
100900043,0,12,-12
100900044,1793,432,1361
100900045,109,1,108
100900046,749,10,739
100900047,797,176,621
100900048,132,19,113
100900049,68,179,-111
100900050,4,8,-4
100900051,19,63,-44
100900052,179,24,155
100900053,248,13,235
100900054,16,69,-53
100900055,125,451,-326
100900056,80,120,-40
100900057,406,942,-536
100900058,169,41,128
100900059,94,2,92
100900060,72,5,67
100900061,442,176,266
100900062,3,51,-48
100900063,179,463,-284
100900064,549,10,539
100900065,74,86,-12
100900066,69,115,-46
100900067,3,12,-9
100900068,69,66,3
100900069,591,4,587
100900070,228,4,224
100900071,853,231,622
100900072,1,57,-56
100900073,118,391,-273
100900074,3,6,-3
100900075,1266,289,977
100900076,9,28,-19
100900077,10,97,-87
100900078,65,169,-104
100900079,4,34,-30
100900080,22,130,-108
100900081,31,117,-86
100900082,86,593,-507
100900083,9,17,-8
100900085,10,56,-46
100900086,115,516,-401
100900088,88,495,-407
100900089,4,23,-19
100900090,104,257,-153
100900091,0,8,-8
100900092,163,164,-1
100900093,172,236,-64
100900094,78,402,-324
100900095,3,21,-18
100900096,19,109,-90
100900097,1,2,-1
100900098,25,22,3
100900099,27,426,-399
100900100,11,289,-278
100900101,281,40,241
100900102,12,51,-39
100900103,31,26,5
100900104,7,102,-95
100900105,7,162,-155
100900106,41,7,34
100900107,1217,577,640
100900108,12,9,3
100900109,20,19,1
100900110,7,55,-48
100900111,50,125,-75
100900112,5,7,-2
100900113,8,23,-15
100900114,11,19,-8
100900115,1,35,-34
100900116,541,453,88
100900117,215,495,-280
100900118,11,59,-48
100900119,22,20,2
100900120,3,7,-4
100900121,184,444,-260
100900122,118,148,-30
100900123,92,169,-77
100900124,17,6,11
100900125,14,72,-58
100900126,141,143,-2
100900127,5,7,-2
100900128,64,116,-52
100900129,1,90,-89
100900131,59,151,-92
100900133,35,36,-1
100900134,8,9,-1
100900135,0,105,-105
100900137,308,152,156
100900138,425,298,127
100900139,1,2,-1
100900140,1,403,-402
100900141,2,271,-269
100900142,4,14,-10
100900143,510,283,227
100900144,9,6,3
100900145,61,142,-81
100900146,13,54,-41
100900147,4,172,-168
100900148,30,534,-504
100900149,20,128,-108
100900150,3,53,-50
100900151,101,349,-248
100900152,88,7,81
100900153,10,117,-107
100900154,5,31,-26
100900155,4,13,-9
100900156,20,4,16
100900157,5,150,-145
100900159,8,11,-3
100900160,14,9,5
100900161,53,3,50
100900162,14,155,-141
100900163,205,159,46
100900164,23,31,-8
100900165,5,67,-62
100900166,13,4,9
100900167,15,55,-40
100900168,20,105,-85
100900169,126,664,-538
100900170,13,13,0
100900171,25,386,-361
100900172,1,10,-9
100900173,3,367,-364
100900174,180,35,145
100900176,996,113,883
100900177,566,190,376
100900178,365,103,262
100900179,84,68,16
100900180,4,3,1
100900181,128,63,65
100900182,29,26,3
100900184,21,149,-128
100900186,498,492,6
100900187,9,104,-95
100900188,27,6,21
100900189,558,196,362
100900191,1177,805,372
100900192,327,277,50
100900195,89,77,12
100900197,16,72,-56
100900198,18,160,-142
100900199,5,13,-8
100900200,468,320,148
100900201,52,438,-386
100900202,54,0,54
100900203,0,81,-81
100900204,120,180,-60
100900205,141,316,-175
100900206,116,63,53
100900207,206,118,88
100900210,44,388,-344
100900211,262,94,168
100900213,49,25,24
100900214,571,132,439
100900215,5,29,-24
100900217,86,84,2
101000001,3175,1839,1336
101000002,2916,3091,-175
101000003,557,1173,-616
101000004,6428,5092,1336
101000005,2695,3139,-444
101000006,4383,5019,-636
101000007,1677,2110,-433
101000008,3655,2193,1462
101000009,1827,1385,442
101000010,745,951,-206
101000011,1417,484,933
101000012,1214,534,680
101000013,521,789,-268
101000014,453,586,-133
101000015,893,732,161
101000016,295,286,9
101000017,502,455,47
101000018,3450,2120,1330
101000020,3207,897,2310
101000021,838,321,517
101000022,300,75,225
101000023,1720,566,1154
101000025,160,276,-116
101000026,456,13,443
101000027,1678,1562,116
101000028,916,189,727
101000029,158,1037,-879
101000030,1793,99,1694
101000031,905,276,629
101000032,9340,2891,6449
101000033,2096,2072,24
101000034,2293,1266,1027
101000035,794,265,529
101000036,1502,657,845
101000037,2956,1345,1611
101000039,2310,1502,808
101000040,2619,2458,161
101000041,7788,4583,3205
101000042,501,711,-210
101000043,6532,4281,2251
101000045,1467,591,876
101000046,4282,881,3401
101000047,2657,1634,1023
101000048,611,548,63
101000049,710,968,-258
101000050,1697,1124,573
101000051,1901,1568,333
101000052,1505,676,829
101000053,957,1350,-393
101000054,1657,1111,546
101000055,1224,1072,152
101000056,58,94,-36
101000057,1689,757,932
101000058,1208,850,358
101000059,2112,1512,600
101000060,1255,450,805
101000061,885,1001,-116
101000062,694,515,179
101000063,582,731,-149
101000064,1320,725,595
101000065,321,381,-60
101000066,838,621,217
101000067,1370,613,757
101000068,420,337,83
101000069,513,52,461
101000070,1233,689,544
101000071,1478,732,746
101000072,741,2532,-1791
101000073,707,562,145
101000074,5411,2505,2906
101000075,4800,2903,1897
101000077,1081,880,201
101000078,890,2000,-1110
101000079,594,342,252
101000080,706,347,359
101000081,1455,1219,236
101000082,3171,3150,21
101000083,2316,1878,438
101000084,1317,906,411
101000085,1397,1164,233
101000086,1015,1107,-92
101000087,753,1014,-261
101000088,973,1021,-48
101000089,798,1416,-618
101000090,1758,1300,458
101000091,330,1074,-744
101000092,664,1030,-366
101000093,1214,782,432
101000094,737,952,-215
101000095,361,629,-268
101000096,344,465,-121
101000097,389,311,78
101000098,439,496,-57
101000099,1121,1028,93
101000100,770,582,188
101000101,352,305,47
101000102,700,354,346
101000103,934,375,559
101000104,344,491,-147
101000105,1429,289,1140
101000106,741,458,283
101000107,170,312,-142
101000108,808,316,492
101000109,260,59,201
101000110,61,428,-367
101000111,130,219,-89
101000113,157,487,-330
101000114,8573,2937,5636
101000115,192,180,12
101000116,131,120,11
101000117,931,315,616
101000119,61,29,32
101000120,141,36,105
101000121,82,42,40
101000122,160,65,95
101000123,80,76,4
101000124,519,153,366
101000125,249,413,-164
101000128,525,286,239
101000130,243,207,36
101000131,487,499,-12
101000132,479,877,-398
101000135,84,24,60
101000136,549,115,434
101000137,56,321,-265
101000141,1455,1880,-425
101000147,817,500,317
101000148,1029,12,1017
101000149,242,152,90
101000150,99,658,-559
101000151,143,88,55
101000152,316,297,19
101000153,402,292,110
101000154,174,936,-762
101000155,234,119,115
101000156,31,235,-204
101000157,27,19,8
101000160,88,77,11
101000163,252,216,36
101000164,470,315,155
101000165,222,331,-109
101000166,205,290,-85
101000168,641,299,342
101000252,1501,811,690
101000254,364,57,307
101000258,45,9,36
101000261,148,49,99
101000262,960,1229,-269
101000263,189,577,-388
101000265,86,543,-457
101000266,266,185,81
101000269,36,10,26
101000290,1133,2109,-976
101000293,21,99,-78
101000294,486,379,107
101000295,106,529,-423
101000301,543,306,237
101000304,1953,2144,-191
101000305,2524,1326,1198
101000328,97,260,-163
101900001,30,83,-53
101900002,0,10,-10
101900003,65,86,-21
101900004,4,42,-38
101900005,3618,1545,2073
101900006,481,52,429
101900007,509,140,369
101900008,53,170,-117
101900009,29,381,-352
101900010,746,512,234
101900011,184,939,-755
101900012,106,174,-68
101900013,858,140,718
101900017,16,112,-96
101900018,1133,207,926
101900019,375,157,218
101900020,38,45,-7
101900021,0,59,-59
101900022,119,966,-847
101900023,70,184,-114
101900026,80,51,29
101900027,17,101,-84
102000001,2547,3245,-698
102000002,2720,964,1756
102000003,2981,4903,-1922
102000004,6758,2526,4232
102000005,1189,1746,-557
102000006,1312,1568,-256
102000007,1169,3624,-2455
102000008,4177,1387,2790
102000009,4677,6135,-1458
102000010,5030,3019,2011
102000011,2412,1925,487
102000012,2909,2752,157
102000018,2630,2149,481
102000019,2101,1316,785
102000026,158,453,-295
102000029,186,136,50
102000030,95,222,-127
102000031,80,132,-52
102000032,322,304,18
102000033,245,306,-61
102000034,464,392,72
102000035,712,516,196
102000036,7,221,-214
102000037,220,49,171
102000038,145,251,-106
102000039,224,81,143
102000040,568,209,359
102000041,167,315,-148
102000042,175,209,-34
102000043,371,144,227
102000044,356,369,-13
102000045,741,816,-75
102000046,798,540,258
102000047,622,897,-275
102000048,274,574,-300
102000049,834,513,321
102000050,885,1030,-145
102000051,368,588,-220
102000052,1062,626,436
102000053,656,871,-215
102000054,420,689,-269
102000055,773,737,36
102000056,646,1039,-393
102000057,1155,566,589
102000058,865,1537,-672
102000059,1911,1456,455
102000060,1145,807,338
102000061,1438,1712,-274
102000062,1174,1097,77
102000063,935,1085,-150
102000064,491,642,-151
102000065,40,92,-52
102000066,888,730,158
102000067,1886,2527,-641
102000068,7548,2454,5094
102000069,57,1339,-1282
102000070,1764,34,1730
102000071,6119,7660,-1541
102000072,3083,3755,-672
102000073,884,1095,-211
102000074,687,682,5
102000075,95,316,-221
102000076,218,508,-290
102000077,411,927,-516
102000078,816,932,-116
102000079,200,232,-32
102000080,277,220,57
102000081,418,642,-224
102000082,766,278,488
102000083,494,285,209
102000084,177,271,-94
102000085,1505,1061,444
102000086,925,1080,-155
102000087,777,1668,-891
102000088,282,246,36
102000089,922,311,611
102000090,478,1130,-652
102000091,1197,413,784
102000092,353,966,-613
102000093,494,524,-30
102000094,923,617,306
102000095,958,1071,-113
102000096,847,812,35
102000097,745,866,-121
102000098,465,876,-411
102000099,823,629,194
102000100,791,1240,-449
102000101,1050,684,366
102000102,390,1571,-1181
102000103,1126,318,808
102000104,527,263,264
102000105,200,523,-323
102000106,603,552,51
102000107,863,584,279
102000108,421,206,215
102000109,526,527,-1
102000110,666,1162,-496
102000111,20,288,-268
102000112,160,68,92
102000113,6,36,-30
102000114,740,282,458
102000115,197,237,-40
102000116,526,308,218
102000117,290,342,-52
102000118,1508,951,557
102000119,1919,553,1366
102000120,133,339,-206
102000121,783,357,426
102000122,357,658,-301
102000123,1144,665,479
102000124,858,815,43
102000125,696,640,56
102000126,509,439,70
102000127,1052,443,609
102000128,417,649,-232
102000129,1020,534,486
102000130,502,408,94
102000131,865,356,509
102000132,321,415,-94
102000133,1564,1637,-73
102000134,441,491,-50
102000135,563,745,-182
102000136,651,459,192
102000137,737,604,133
102000138,270,362,-92
102000139,104,323,-219
102000140,481,222,259
102000141,173,288,-115
102000142,283,276,7
102000143,128,324,-196
102000144,214,299,-85
102000145,229,292,-63
102000146,306,254,52
102000147,348,336,12
102000148,193,309,-116
102000149,75,367,-292
102000150,219,97,122
102000151,100,272,-172
102000152,135,129,6
102000153,1007,373,634
102000154,321,649,-328
102000155,152,244,-92
102000156,237,86,151
102000157,133,321,-188
102000158,523,431,92
102000159,856,332,524
102000161,2949,1511,1438
102000162,178,115,63
102000163,77,407,-330
102000164,827,940,-113
102000165,297,117,180
102000166,77,118,-41
102000167,270,145,125
102000168,205,124,81
102000169,80,549,-469
102000170,373,140,233
102000171,245,83,162
102000172,102,256,-154
102000173,497,208,289
102000174,84,59,25
102000175,127,95,32
102000176,43,29,14
102000178,325,383,-58
102000179,326,210,116
102000180,560,397,163
102000181,563,544,19
102000182,397,554,-157
102000183,1325,1466,-141
102000184,1437,674,763
102000185,1958,1333,625
102000186,963,1638,-675
102000187,622,1413,-791
102000188,718,1242,-524
102000189,2025,808,1217
102000190,618,2323,-1705
102000191,1107,403,704
102000192,870,1077,-207
102000193,34,139,-105
102000194,57,108,-51
102000195,356,335,21
102000196,156,333,-177
102000197,507,328,179
102000198,159,619,-460
102000199,565,285,280
102000200,351,779,-428
102000201,807,380,427
102000202,2,95,-93
102000203,388,146,242
102000204,237,572,-335
102000205,726,342,384
102000206,520,478,42
102000207,555,371,184
102000208,330,341,-11
102000209,77,33,44
102000210,332,391,-59
102000211,459,316,143
102000212,192,5,187
102000213,2,200,-198
102000214,135,3,132
102000215,2,328,-326
102000216,32,60,-28
102000217,8,114,-106
102000218,215,122,93
102000219,392,251,141
102000225,603,567,36
102000226,3051,794,2257
102000227,94,0,94
102000228,1,86,-85
102000229,24,34,-10
102000230,271,379,-108
102000231,158,365,-207
102000232,15,153,-138
102000233,370,583,-213
102000234,147,1019,-872
102000236,300,63,237
102000237,439,107,332
102000238,174,179,-5
102000240,605,577,28
102000241,139,100,39
102000243,18,49,-31
102000245,28,116,-88
102000246,22,30,-8
102000247,1133,793,340
102000248,604,844,-240
102000249,138,145,-7
102000250,71,320,-249
102000254,55,279,-224
102000266,37,206,-169
102000271,32,2,30
102000286,296,294,2
102000297,1404,867,537
102000301,0,0,0
102000303,0,0,0
102000307,0,5,-5
102900001,995,977,18
102900002,277,54,223
102900003,65,199,-134
102900005,273,305,-32
102900006,488,136,352
102900007,379,33,346
102900008,184,44,140
102900009,515,253,262
102900010,717,508,209
102900011,1725,284,1441
102900012,351,75,276
102900013,18,58,-40
102900015,555,310,245
102900016,64,158,-94
102900017,122,539,-417
102900018,15,129,-114
102900019,343,332,11
102900020,96,17,79
102900021,14,106,-92
102900022,638,148,490
102900023,16,41,-25
102900024,32,26,6
102900025,223,114,109
102900026,327,1519,-1192
102900027,38,67,-29
102900028,121,599,-478
102900029,145,146,-1
102900030,382,210,172
102900031,174,143,31
102900032,63,76,-13
102900033,78,138,-60
102900034,390,111,279
102900035,100,229,-129
102900036,226,437,-211
102900037,237,420,-183
102900038,372,472,-100
102900039,12,413,-401
102900040,117,224,-107
102900041,70,178,-108
102900042,173,278,-105
102900043,142,261,-119
102900044,507,1781,-1274
102900045,112,528,-416
102900046,117,252,-135
102900047,95,476,-381
102900048,621,541,80
102900049,123,279,-156
102900050,197,265,-68
102900051,178,120,58
102900052,30,50,-20
102900053,375,573,-198
102900054,691,938,-247
102900055,83,137,-54
102900056,80,369,-289
102900057,7,36,-29
102900058,227,55,172
102900059,27,47,-20
102900060,83,335,-252
102900061,101,361,-260
102900062,153,818,-665
102900063,904,419,485
102900064,119,323,-204
102900065,1591,544,1047
102900066,309,25,284
102900068,114,88,26
102900070,111,396,-285
102900072,25,30,-5
102900073,157,8,149
102900075,46,25,21
102900076,138,83,55
102900077,27,27,0
102900078,40,55,-15
102900079,112,21,91
102900080,258,71,187
102900081,70,229,-159
102900082,9,185,-176
102900083,236,15,221
102900084,16,21,-5
102900085,298,138,160
102900086,12,35,-23
102900087,64,90,-26
102900088,17,40,-23
102900089,208,111,97
102900090,2,227,-225
102900091,139,0,139
102900092,250,778,-528
102900093,179,189,-10
102900094,1,41,-40
102900095,81,3,78
102900096,44,19,25
102900097,6,98,-92
102900098,24,10,14
103000001,2001,2488,-487
103000002,1928,2238,-310
103000003,3036,2610,426
103000004,823,682,141
103000005,1566,2556,-990
103000006,535,1303,-768
103000007,295,638,-343
103000008,830,681,149
103000009,885,902,-17
103000010,151,93,58
103000011,1504,1192,312
103000012,1050,1451,-401
103000013,4266,1824,2442
103000014,1098,2071,-973
103000015,1532,611,921
103000016,420,1087,-667
103000017,210,362,-152
103000018,573,373,200
103000019,250,264,-14
103000020,2846,1410,1436
103000021,1733,1333,400
103000022,798,975,-177
103000023,498,1324,-826
103000024,78,156,-78
103000025,93,467,-374
103000026,988,133,855
103000027,344,411,-67
103000028,410,401,9
103000029,251,204,47
103000030,1614,778,836
103000031,1379,1566,-187
103000032,1816,1795,21
103000033,2471,2527,-56
103000034,1237,1119,118
103000035,355,1187,-832
103000036,303,479,-176
103000037,595,411,184
103000038,391,896,-505
103000039,337,413,-76
103000040,477,848,-371
103000041,1487,2169,-682
103000042,1108,595,513
103000043,445,880,-435
103000044,165,190,-25
103000046,221,472,-251
103000047,492,647,-155
103000048,120,175,-55
103000049,75,140,-65
103000050,540,448,92
103000051,322,468,-146
103000052,923,378,545
103000053,170,628,-458
103000054,2494,1484,1010
103000055,2017,2075,-58
103000056,483,1487,-1004
103000057,381,232,149
103000058,460,657,-197
103000059,345,644,-299
103000060,765,668,97
103000061,428,928,-500
103000062,908,489,419
103000063,623,697,-74
103000064,106,182,-76
103000065,9,389,-380
103000066,186,6,180
103000069,337,433,-96
103000070,852,718,134
103000071,802,384,418
103000072,95,620,-525
103000073,392,120,272
103000074,501,62,439
103000075,69,599,-530
103000076,279,242,37
103000077,65,326,-261
103000078,1303,485,818
103000079,906,583,323
103000080,1258,382,876
103000081,488,934,-446
103000082,453,134,319
103000083,111,310,-199
103000084,128,7,121
103000085,2,102,-100
103000086,716,323,393
103000087,124,591,-467
103000088,313,301,12
103000089,260,455,-195
103000090,1652,764,888
103000091,653,443,210
103000092,199,253,-54
103000093,254,360,-106
103000094,149,99,50
103000095,45,312,-267
103000096,472,83,389
103000097,88,668,-580
103000098,865,130,735
103000099,301,587,-286
103000100,104,575,-471
103000101,612,97,515
103000102,89,525,-436
103000103,555,157,398
103000104,44,79,-35
103000105,102,84,18
103000106,18,119,-101
103000107,230,55,175
103000108,624,493,131
103000109,338,314,24
103000110,474,387,87
103000111,449,363,86
103000112,262,171,91
103000113,712,576,136
103000114,1473,383,1090
103000115,435,396,39
103000116,509,365,144
103000117,311,380,-69
103000118,930,808,122
103000119,1128,613,515
103000120,77,118,-41
103000121,689,746,-57
103000122,602,654,-52
103000125,7,236,-229
103000126,532,7,525
103000127,0,149,-149
103000128,127,3,124
103000129,2,93,-91
103000130,44,26,18
103000131,100,82,18
103000132,75,94,-19
103000133,29,58,-29
103000134,701,742,-41
103000135,514,377,137
103000136,721,467,254
103000137,487,494,-7
103000138,763,740,23
103000139,0,74,-74
103000140,130,24,106
103000141,37,126,-89
103000142,184,73,111
103000143,105,172,-67
103000144,228,58,170
103000145,46,68,-22
103000150,64,41,23
103000152,208,198,10
103000153,212,168,44
103000156,4,270,-266
103000157,277,1,276
103000159,158,70,88
103000162,130,46,84
103000163,20,58,-38
103000164,43,12,31
103000165,120,294,-174
103000166,186,243,-57
103000167,185,74,111
103000168,89,135,-46
103000169,159,279,-120
103000170,544,393,151
103000171,31,66,-35
103000172,427,313,114
103000173,390,447,-57
103000174,127,252,-125
103000175,216,326,-110
103000176,690,541,149
103000177,486,438,48
103000178,216,288,-72
103000179,162,55,107
103000183,81,15,66
103000185,79,64,15
103000186,112,193,-81
103000187,392,356,36
103000188,8,81,-73
103000189,680,729,-49
103000191,565,503,62
103000292,1436,1191,245
103000293,695,1392,-697
103000295,85,109,-24
103000296,257,2,255
103000297,62,19,43
103000504,59,6,53
103000505,10,11,-1
103000506,2,294,-292
103000507,227,2,225
103000508,50,43,7
103000509,167,547,-380
103900001,18,286,-268
103900002,951,169,782
103900003,1281,80,1201
103900004,58,0,58
103900005,3,215,-212
103900006,5,2,3
103900007,37,2,35
103900008,3,2,1
103900009,249,460,-211
103900010,109,273,-164
103900011,197,151,46
103900012,6,23,-17
103900013,37,68,-31
103900014,38,16,22
103900015,36,8,28
103900016,208,184,24
103900017,24,98,-74
103900018,604,147,457
103900019,56,272,-216
103900020,198,361,-163
103900021,560,82,478
103900022,884,690,194
103900023,88,2,86
103900024,114,216,-102
103900025,8,41,-33
103900026,44,0,44
103900027,660,255,405
103900028,15,273,-258
103900029,919,167,752
103900030,270,62,208
103900031,11,3,8
103900032,61,49,12
103900033,88,9,79
103900034,18,131,-113
103900035,50,69,-19
103900036,46,18,28
103900037,62,61,1
103900038,65,169,-104
103900039,59,302,-243
103900040,4,125,-121
103900041,32,40,-8
103900042,48,323,-275
103900043,117,49,68
103900044,100,153,-53
103900045,253,153,100
103900047,83,30,53
103900048,42,11,31
103900049,176,799,-623
103900050,14,123,-109
103900051,3,35,-32
103900052,190,333,-143
103900053,179,638,-459
103900054,84,303,-219
103900055,426,169,257
103900056,43,41,2
103900057,30,156,-126
103900058,171,716,-545
103900059,0,1,-1
103900060,38,230,-192
103900061,134,45,89
103900062,135,63,72
103900063,3,0,3
103900064,84,2,82
103900065,719,394,325
103900066,160,28,132
103900067,109,7,102
103900068,9,0,9
103900069,51,7,44
103900070,101,189,-88
103900071,19,129,-110
103900072,18,222,-204
103900073,21,42,-21
103900074,60,80,-20
103900075,187,65,122
103900076,313,529,-216
103900077,50,97,-47
103900078,190,87,103
103900079,81,201,-120
103900080,13,29,-16
103900081,89,22,67
103900082,6,86,-80
103900083,1271,750,521
103900084,46,64,-18
103900085,59,110,-51
103900086,372,294,78
103900088,304,354,-50
103900089,39,126,-87
103900090,13,112,-99
103900091,1166,209,957
103900092,455,244,211
103900093,106,281,-175
103900094,6,114,-108
103900095,259,167,92
103900096,22,196,-174
103900097,9,455,-446
103900098,139,73,66
103900099,47,141,-94
103900100,120,358,-238
103900101,62,925,-863
103900102,6,30,-24
103900104,2,34,-32
103900105,88,165,-77
103900106,0,19,-19
103900107,79,185,-106
103900108,38,247,-209
103900109,65,82,-17
103900110,161,43,118
103900111,66,545,-479
103900112,19,62,-43
103900113,85,182,-97
103900114,325,212,113
103900115,238,156,82
103900116,4404,1918,2486
103900117,155,60,95
103900119,26,58,-32
103900120,46,106,-60
103900122,104,224,-120
103900123,1358,577,781
103900124,53,395,-342
103900125,78,67,11
103900126,351,408,-57
103900127,125,319,-194
103900128,122,104,18
103900131,48,98,-50
103900133,666,51,615
103900134,2,1,1
103900135,16,11,5
103900137,2,33,-31
103900138,45,186,-141
103900139,215,1311,-1096
103900140,0,70,-70
103900141,284,75,209
103900142,77,87,-10
103900143,29,0,29
103900144,0,21,-21
103900145,138,205,-67
103900146,275,189,86
103900147,285,110,175
103900148,163,240,-77
103900149,182,532,-350
103900150,4659,2516,2143
103900151,41,95,-54
103900152,368,490,-122
103900153,2,0,2
103900154,788,1175,-387
103900155,31,215,-184
103900156,41,173,-132
103900157,29,171,-142
103900158,81,131,-50
103900159,99,68,31
103900160,53,38,15
103900161,87,179,-92
103900162,56,119,-63
103900163,3,345,-342
103900167,7,100,-93
103900168,101,71,30
103900169,28,23,5
103900170,2,79,-77
103900171,1,43,-42
103900172,4,20,-16
103900173,13,22,-9
103900174,110,43,67
103900175,44,37,7
103900176,12,44,-32
103900177,18,68,-50
103900178,24,65,-41
103900179,46,112,-66
103900180,5,47,-42
103900181,64,60,4
103900182,28,16,12
103900184,396,77,319
103900185,179,254,-75
103900187,38,56,-18
103900188,43,15,28
103900189,86,2,84
103900190,49,46,3
103900191,18,27,-9
103900192,28,54,-26
103900193,121,88,33
103900194,39,154,-115
103900195,9,46,-37
103900196,34,26,8
103900197,10,24,-14
103900198,3,44,-41
103900199,94,26,68
103900200,83,94,-11
103900201,111,172,-61
103900202,8,62,-54
103900203,33,16,17
103900204,4,97,-93
103900207,0,81,-81
103900208,92,2,90
103900209,9,72,-63
103900210,39,18,21
103900211,386,298,88
103900212,82,348,-266
103900213,80,293,-213
103900214,239,170,69
103900215,464,382,82
103900216,11,369,-358
103900217,344,34,310
103900218,0,292,-292
103900219,110,296,-186
103900233,51,4,47
103900235,21,11,10
103900236,31,0,31
103900242,6,12,-6
103900243,8,5,3
103900244,66,183,-117
103900245,102,155,-53
103900246,40,24,16
103900247,18,106,-88
103900248,29,60,-31
103900249,29,26,3
103900250,26,28,-2
103900251,1,19,-18
103900253,41,49,-8
103900254,3,22,-19
103900255,8,25,-17
103900256,7,58,-51
103900257,116,122,-6
103900258,31,4,27
103900259,73,10,63
103900261,7,10,-3
103900262,12,1,11
103900263,36,41,-5
103900264,76,41,35
103900265,131,20,111
103900266,0,44,-44
103900267,4,89,-85
103900268,7,76,-69
103900269,105,32,73
103900270,40,128,-88
103900271,23,83,-60
103900272,54,75,-21
103900273,19,39,-20
103900274,51,9,42
103900275,40,8,32
103900276,6,59,-53
103900277,5,57,-52
103900278,5,56,-51
103900279,0,15,-15
103900280,2,93,-91
104000001,1913,1664,249
104000002,1490,2505,-1015
104000003,2009,1934,75
104000004,2535,2406,129
104000005,1292,1690,-398
104000006,2750,2615,135
104000007,3979,3718,261
104000008,197,310,-113
104000009,132,113,19
104000010,149,211,-62
104000011,531,353,178
104000012,104,330,-226
104000013,195,142,53
104000014,183,703,-520
104000015,242,107,135
104000016,551,401,150
104000018,653,172,481
104000019,521,181,340
104000020,122,608,-486
104000021,283,633,-350
104000022,141,273,-132
104000023,488,315,173
104000024,248,319,-71
104000026,42,331,-289
104000027,219,327,-108
104000028,352,209,143
104000029,365,495,-130
104000030,272,238,34
104000031,1056,362,694
104000032,188,287,-99
104000033,502,463,39
104000034,231,289,-58
104000035,714,414,300
104000036,653,515,138
104000037,237,237,0
104000038,339,261,78
104000039,158,271,-113
104000040,280,327,-47
104000041,519,305,214
104000042,194,374,-180
104000043,337,379,-42
104000044,311,561,-250
104000045,1035,1038,-3
104000046,1183,1547,-364
104000047,735,1141,-406
104000048,822,1751,-929
104000049,493,273,220
104000050,134,493,-359
104000051,138,488,-350
104000052,1198,1393,-195
104000053,714,518,196
104000054,513,419,94
104000055,3252,2239,1013
104000056,1052,184,868
104000057,139,346,-207
104000058,691,590,101
104000059,523,1045,-522
104000060,931,1018,-87
104000061,1466,1058,408
104000062,310,100,210
104000064,449,350,99
104000065,209,500,-291
104000069,1093,903,190
104000070,62,424,-362
104000071,105,359,-254
104000072,473,139,334
104000075,17,165,-148
104000076,351,41,310
104000082,1991,2968,-977
104000083,678,150,528
104000084,117,459,-342
104000085,239,187,52
104000086,173,403,-230
104000087,360,1275,-915
104000090,593,1180,-587
104000092,838,1969,-1131
104000094,719,1413,-694
104000095,1475,1185,290
104000096,1260,158,1102
104000097,1359,805,554
104000098,1580,979,601
104000100,1251,584,667
104000101,1116,1697,-581
104000106,51,485,-434
104000107,674,563,111
104000108,314,355,-41
104000109,236,89,147
104000110,706,818,-112
104000111,2988,1693,1295
104000112,1927,499,1428
104000116,1,962,-961
104000117,149,572,-423
104000118,404,178,226
104000119,448,186,262
104000120,222,569,-347
104000121,138,641,-503
104000122,509,684,-175
104000123,727,995,-268
104000124,780,2117,-1337
104000125,2768,3257,-489
104000126,307,342,-35
104000127,1359,2878,-1519
104000128,597,453,144
104000129,366,30,336
104000130,40,260,-220
104000131,739,522,217
104000132,550,549,1
104000133,1140,717,423
104000134,832,1226,-394
104000135,369,1325,-956
104000136,806,3112,-2306
104000137,1297,345,952
104000138,902,269,633
104000139,5830,2791,3039
104000141,1013,1164,-151
104000142,592,670,-78
104000143,509,525,-16
104000144,69,162,-93
104000145,343,201,142
104000146,325,523,-198
104000147,116,268,-152
104000148,278,119,159
104000149,151,299,-148
104000150,799,393,406
104000151,278,473,-195
104000152,386,536,-150
104000153,440,443,-3
104000154,946,594,352
104000155,396,431,-35
104000157,888,1279,-391
104000158,341,366,-25
104000159,639,344,295
104000160,1480,1530,-50
104000161,190,213,-23
104000162,98,127,-29
104000165,1082,923,159
104000167,494,712,-218
104000168,386,8,378
104000169,65,49,16
104000170,444,429,15
104000248,228,623,-395
104000251,72,220,-148
104000272,0,0,0
104000273,0,0,0
104000274,0,0,0
104000275,0,0,0
104000279,521,435,86
104000290,59,235,-176
104000291,625,1035,-410
104000293,588,637,-49
104000294,21,0,21
104000295,472,620,-148
104000296,325,640,-315
104000297,884,1610,-726
104000298,1897,763,1134
104000299,671,1393,-722
104900001,146,328,-182
104900002,30,126,-96
104900003,49,257,-208
104900004,76,250,-174
104900005,183,135,48
104900006,263,74,189
104900007,174,138,36
104900009,170,314,-144
104900010,55,51,4
104900011,6,5,1
104900012,174,37,137
104900013,99,19,80
104900014,2627,254,2373
104900015,78,7,71
104900016,200,168,32
104900017,214,117,97
104900018,5,183,-178
104900019,302,1937,-1635
104900020,45,207,-162
104900021,3,154,-151
104900022,7,100,-93
104900023,1,66,-65
104900024,13,56,-43
104900025,64,186,-122
104900026,0,63,-63
104900027,339,247,92
104900028,13,86,-73
104900029,36,66,-30
104900030,358,185,173
104900031,73,195,-122
104900032,39,102,-63
104900033,84,171,-87
104900034,296,135,161
104900035,264,137,127
104900036,164,60,104
104900037,75,143,-68
104900038,433,403,30
104900039,554,298,256
104900040,413,101,312
104900041,169,108,61
104900042,99,191,-92
104900043,8,135,-127
104900044,433,218,215
104900045,368,54,314
104900046,76,66,10
104900047,280,122,158
104900048,177,79,98
104900049,24,32,-8
104900050,171,62,109
104900051,251,46,205
104900052,29,4,25
104900053,356,74,282
104900054,97,17,80
104900055,47,2,45
104900056,111,19,92
104900057,37,1,36
104900058,369,89,280
104900059,322,68,254
104900060,0,327,-327
104900061,228,499,-271
104900063,1,71,-70
104900064,0,60,-60
104900065,0,182,-182
104900066,1,119,-118
104900067,2,291,-289
104900068,11,221,-210
104900070,170,271,-101
104900071,2,491,-489
104900072,24,249,-225
104900073,26,139,-113
104900074,26,229,-203
104900075,17,25,-8
104900076,97,290,-193
104900077,615,212,403
104900078,168,441,-273
104900079,81,395,-314
104900080,84,387,-303
104900082,3,401,-398
104900085,3,193,-190
104900087,292,6,286
104900089,133,0,133
104900090,572,496,76
104900091,376,542,-166
104900093,233,427,-194
104900097,2011,1738,273
104900098,94,35,59
104900099,72,468,-396
104900100,334,188,146
104900102,22,111,-89
104900103,315,38,277
104900104,2587,1505,1082
104900106,57,107,-50
104900107,67,151,-84
104900108,39,133,-94
104900109,67,124,-57
104900110,1,42,-41
104900111,56,85,-29
104900112,250,596,-346
104900113,536,311,225
104900114,299,373,-74
104900115,515,325,190
104900116,175,180,-5
104900118,4,43,-39
104900119,3,41,-38
104900120,37,144,-107
104900121,0,73,-73
104900122,1,30,-29
104900123,29,12,17
104900124,34,0,34
104900125,344,3,341
104900126,53,54,-1
104900127,43,62,-19
104900128,64,187,-123
104900129,1463,1221,242
105000001,2023,1492,531
105000002,1980,1453,527
105000003,2780,3132,-352
105000004,430,860,-430
105000005,650,879,-229
105000006,1191,1233,-42
105000007,916,1125,-209
105000008,1547,2198,-651
105000009,1587,2310,-723
105000010,3000,2217,783
105000011,2394,1860,534
105000012,3736,2965,771
105000013,837,844,-7
105000014,1440,1862,-422
105000015,7032,9001,-1969
105000016,3087,1852,1235
105000017,1723,747,976
105000018,1107,1172,-65
105000019,1213,844,369
105000020,148,390,-242
105000021,240,111,129
105000022,258,70,188
105000023,389,343,46
105000028,57,121,-64
105000029,409,854,-445
105000030,3735,2635,1100
105000033,1111,1930,-819
105000034,95,510,-415
105000037,565,226,339
105000038,1338,1206,132
105000039,2286,1413,873
105000040,549,691,-142
105000041,290,920,-630
105000042,2388,1052,1336
105000043,1650,1774,-124
105000044,417,382,35
105000045,354,698,-344
105000046,736,321,415
105000047,401,1201,-800
105000048,503,180,323
105000049,197,472,-275
105000050,548,313,235
105000051,180,394,-214
105000052,450,684,-234
105000053,126,158,-32
105000054,252,674,-422
105000055,499,243,256
105000056,827,1750,-923
105000057,863,764,99
105000058,1055,1066,-11
105000059,573,487,86
105000060,410,561,-151
105000061,452,412,40
105000062,541,842,-301
105000063,256,491,-235
105000064,1040,616,424
105000065,295,575,-280
105000066,948,1389,-441
105000067,874,633,241
105000068,477,780,-303
105000069,1743,1022,721
105000070,621,658,-37
105000071,223,599,-376
105000072,757,1501,-744
105000073,667,381,286
105000074,1113,859,254
105000075,538,777,-239
105000076,1069,991,78
105000077,2212,905,1307
105000078,1261,1213,48
105000079,1545,2725,-1180
105000080,1582,1007,575
105000081,3306,1154,2152
105000082,962,1289,-327
105000083,3656,2337,1319
105000084,585,784,-199
105000085,1352,1403,-51
105000086,454,851,-397
105000087,1279,1552,-273
105000088,1228,1396,-168
105000089,2750,1874,876
105000090,1042,787,255
105000091,1530,1485,45
105000092,627,776,-149
105000093,281,138,143
105000094,170,117,53
105000095,69,370,-301
105000096,942,715,227
105000097,837,524,313
105000098,744,605,139
105000099,1042,651,391
105000100,963,889,74
105000101,1528,1623,-95
105000102,1119,1168,-49
105000103,1211,1666,-455
105000104,1737,827,910
105000105,889,1690,-801
105000106,1119,1345,-226
105000107,988,802,186
105000108,1057,1300,-243
105000109,1134,1397,-263
105000110,569,545,24
105000111,602,602,0
105000112,880,628,252
105000113,328,599,-271
105000114,2416,1050,1366
105000115,270,918,-648
105000116,544,373,171
105000117,835,1029,-194
105000118,400,281,119
105000119,425,894,-469
105000120,740,449,291
105000121,729,1026,-297
105000122,253,578,-325
105000123,997,1170,-173
105000124,1202,641,561
105000125,635,1566,-931
105000126,1488,1557,-69
105000127,1752,1790,-38
105000128,470,854,-384
105000129,707,253,454
105000130,298,1818,-1520
105000131,758,358,400
105000132,557,404,153
105000133,390,866,-476
105000134,459,458,1
105000135,420,523,-103
105000136,111,319,-208
105000137,385,197,188
105000138,192,383,-191
105000139,894,875,19
105000140,293,480,-187
105000141,180,528,-348
105000142,126,416,-290
105000143,164,545,-381
105000144,240,757,-517
105000145,455,360,95
105000146,457,759,-302
105000147,426,311,115
105000148,841,527,314
105000149,1712,1434,278
105000150,1731,1206,525
105000151,379,257,122
105000152,183,427,-244
105000153,439,410,29
105000154,441,472,-31
105000155,269,633,-364
105000156,741,570,171
105000157,625,1176,-551
105000158,1466,641,825
105000159,233,792,-559
105000160,1571,498,1073
105000161,526,930,-404
105000162,360,1236,-876
105000163,1088,651,437
105000164,149,177,-28
105000165,908,3755,-2847
105000166,4264,594,3670
105000167,1619,1074,545
105000168,247,540,-293
105000169,377,283,94
105000170,118,1033,-915
105000171,853,209,644
105000172,80,32,48
105000173,114,20,94
105000174,40,25,15
105000175,49,98,-49
105000176,216,69,147
105000177,244,136,108
105000178,94,364,-270
105000179,316,105,211
105000180,100,115,-15
105000181,56,225,-169
105000182,42,46,-4
105000183,1790,1254,536
105000184,1124,594,530
105000185,983,537,446
105000186,442,575,-133
105000187,720,148,572
105000188,359,82,277
105000189,224,379,-155
105000190,326,232,94
105000191,347,243,104
105000192,242,53,189
105000193,115,110,5
105000194,282,69,213
105000195,239,665,-426
105000196,33,139,-106
105000197,184,501,-317
105000198,537,279,258
105000199,285,420,-135
105000200,141,188,-47
105000201,125,36,89
105000203,5,209,-204
105000204,63,55,8
105000205,98,188,-90
105000207,481,197,284
105000208,180,409,-229
105000209,234,339,-105
105000212,946,999,-53
105000213,204,165,39
105000214,103,187,-84
105000215,207,198,9
105000216,112,233,-121
105000217,141,243,-102
105000218,879,992,-113
105000221,124,174,-50
105000222,159,45,114
105000223,241,131,110
105000226,90,210,-120
105000227,59,127,-68
105000228,319,1141,-822
105000229,129,339,-210
105000231,222,242,-20
105000233,622,534,88
105000234,419,1003,-584
105000235,278,469,-191
105000237,519,54,465
105000243,26,51,-25
105000248,65,58,7
105000262,231,1139,-908
105000269,94,173,-79
105000270,321,42,279
105000271,1,157,-156
105000282,64,46,18
105000287,302,100,202
105000288,438,294,144
105000289,2776,1598,1178
105000290,80,3,77
105000402,2858,2490,368
105000426,436,600,-164
105000438,3697,1298,2399
105000446,9439,4682,4757
105000447,5931,2389,3542
105000454,318,645,-327
105000455,216,154,62
105000474,27,17,10
105000477,244,445,-201
105000478,1325,2804,-1479
105000479,108,110,-2
105000480,7884,4283,3601
105000481,3729,2581,1148
105000482,5002,6788,-1786
105000483,1133,1508,-375
105000484,1867,2819,-952
105000485,1279,2094,-815
105000486,3153,2508,645
105000488,9187,5005,4182
105000489,667,632,35
105000549,100,80,20
105000550,492,1282,-790
105000551,23,133,-110
105000552,2696,1694,1002
105000555,909,752,157
105000556,17,12,5
105000557,8,29,-21
105900001,6,703,-697
105900002,948,476,472
105900003,8,81,-73
105900004,215,112,103
105900005,2,186,-184
105900006,14,50,-36
105900007,59,11,48
105900008,46,520,-474
105900009,11,14,-3
105900011,165,27,138
105900012,308,80,228
105900013,2,39,-37
105900014,13,58,-45
105900015,101,231,-130
105900016,267,318,-51
105900017,613,23,590
105900018,133,171,-38
105900019,36,193,-157
105900020,25,58,-33
105900021,16,111,-95
105900022,193,141,52
105900023,6,63,-57
105900024,5,76,-71
105900025,90,30,60
105900026,177,26,151
105900027,2996,4397,-1401
105900028,151,86,65
105900029,1202,297,905
105900030,168,208,-40
105900031,232,165,67
105900032,67,120,-53
105900033,86,86,0
105900034,166,142,24
105900035,93,92,1
105900036,67,64,3
105900037,81,65,16
105900038,114,208,-94
105900039,88,94,-6
105900040,80,72,8
105900041,114,163,-49
105900042,35,100,-65
105900043,1092,73,1019
105900044,6,206,-200
105900045,2,478,-476
105900046,2,167,-165
105900047,2,26,-24
105900048,66,414,-348
105900050,3461,1070,2391
105900051,16,624,-608
105900052,363,136,227
105900053,2218,1286,932
105900054,276,137,139
105900056,520,272,248
105900057,23,71,-48
105900058,8,16,-8
105900059,0,24,-24
106000001,3733,1878,1855
106000002,2028,4517,-2489
106000003,2283,3071,-788
106000004,1774,2511,-737
106000005,2459,4431,-1972
106000006,4852,3947,905
106000007,354,556,-202
106000008,321,283,38
106000009,437,367,70
106000010,390,497,-107
106000011,756,868,-112
106000012,671,1209,-538
106000013,1269,1601,-332
106000014,1508,1467,41
106000015,1200,937,263
106000016,997,2166,-1169
106000017,521,581,-60
106000018,486,483,3
106000019,250,407,-157
106000020,243,391,-148
106000021,185,412,-227
106000022,288,212,76
106000023,453,259,194
106000024,440,658,-218
106000025,85,170,-85
106000026,128,281,-153
106000027,992,1110,-118
106000028,588,561,27
106000029,776,1314,-538
106000030,592,341,251
106000034,146,565,-419
106000035,919,1487,-568
106000036,207,429,-222
106000037,1722,1423,299
106000038,353,90,263
106000039,141,77,64
106000040,147,701,-554
106000041,654,356,298
106000043,457,174,283
106000046,283,33,250
106000047,36,370,-334
106000049,735,156,579
106000050,266,666,-400
106000051,505,380,125
106000052,68,456,-388
106000053,285,103,182
106000054,307,445,-138
106000055,820,986,-166
106000056,272,450,-178
106000057,212,240,-28
106000058,73,172,-99
106000059,168,240,-72
106000060,327,490,-163
106000061,154,449,-295
106000062,122,495,-373
106000063,610,458,152
106000064,59,388,-329
106000065,270,272,-2
106000066,100,279,-179
106000067,240,93,147
106000068,55,546,-491
106000069,172,63,109
106000070,376,652,-276
106000071,872,281,591
106000072,2661,1458,1203
106000073,1483,2299,-816
106000074,435,616,-181
106000075,291,1312,-1021
106000076,1640,1860,-220
106000077,3279,1397,1882
106000078,831,987,-156
106000079,562,829,-267
106000080,1013,647,366
106000081,546,943,-397
106000082,2201,731,1470
106000083,309,1202,-893
106000084,913,665,248
106000085,1149,1339,-190
106000086,615,750,-135
106000087,745,581,164
106000088,362,682,-320
106000089,717,429,288
106000090,235,515,-280
106000091,241,561,-320
106000092,536,210,326
106000093,316,96,220
106000094,83,213,-130
106000095,518,828,-310
106000096,686,613,73
106000097,787,801,-14
106000098,615,833,-218
106000099,213,644,-431
106000100,694,214,480
106000101,660,202,458
106000102,113,408,-295
106000103,215,417,-202
106000104,615,374,241
106000105,386,576,-190
106000106,437,429,8
106000107,102,323,-221
106000108,264,236,28
106000109,130,292,-162
106000110,218,279,-61
106000111,159,443,-284
106000112,182,440,-258
106000113,523,497,26
106000114,488,384,104
106000115,232,440,-208
106000116,381,184,197
106000117,829,575,254
106000118,816,953,-137
106000119,1337,929,408
106000120,615,877,-262
106000121,114,145,-31
106000122,81,213,-132
106000123,297,135,162
106000124,62,246,-184
106000125,47,264,-217
106000126,213,119,94
106000127,627,789,-162
106000128,594,177,417
106000129,416,631,-215
106000130,568,364,204
106000131,109,821,-712
106000132,546,141,405
106000133,1813,1060,753
106000134,569,1197,-628
106000135,269,635,-366
106000136,500,748,-248
106000137,85,815,-730
106000138,817,102,715
106000139,51,115,-64
106000140,34,55,-21
106000141,78,65,13
106000142,51,32,19
106000143,35,64,-29
106000144,40,51,-11
106000145,177,227,-50
106000146,287,143,144
106000147,397,367,30
106000148,652,734,-82
106000149,401,324,77
106000150,404,1533,-1129
106000151,2859,599,2260
106000152,1178,1408,-230
106000153,109,1353,-1244
106000154,1070,176,894
106000155,76,225,-149
106000156,522,255,267
106000157,499,1416,-917
106000158,1858,734,1124
106000159,2687,1382,1305
106000160,293,1972,-1679
106000161,1214,361,853
106000162,158,610,-452
106000163,246,367,-121
106000164,317,253,64
106000165,145,510,-365
106000166,466,223,243
106000167,244,970,-726
106000168,359,211,148
106000169,146,572,-426
106000170,597,182,415
106000171,160,945,-785
106000172,2078,1007,1071
106000173,828,2237,-1409
106000174,812,287,525
106000175,248,786,-538
106000176,966,597,369
106000177,495,1891,-1396
106000178,2308,1273,1035
106000179,1018,1909,-891
106000180,553,1086,-533
106000181,457,1301,-844
106000182,823,454,369
106000183,884,562,322
106000184,1093,516,577
106000185,620,744,-124
106000186,714,120,594
106000187,205,882,-677
106000188,0,4,-4
106000189,16,33,-17
106000190,39,1,38
106000191,455,183,272
106000192,3,17,-14
106000193,290,155,135
106000194,116,263,-147
106000195,208,76,132
106000196,63,241,-178
106000197,310,201,109
106000198,83,175,-92
106000199,608,598,10
106000200,154,152,2
106000201,378,1888,-1510
106000202,3334,466,2868
106000203,69,149,-80
106000204,74,9,65
106000205,12,119,-107
106000206,68,21,47
106000207,39,539,-500
106000208,1063,116,947
106000209,979,223,756
106000210,217,963,-746
106000211,357,1136,-779
106000212,555,323,232
106000213,674,1344,-670
106000214,2162,513,1649
106000215,188,439,-251
106000216,306,306,0
106000217,235,496,-261
106000218,497,347,150
106000219,119,348,-229
106000220,278,246,32
106000221,186,196,-10
106000222,41,99,-58
106000223,160,83,77
106000224,182,213,-31
106000225,70,59,11
106000226,98,265,-167
106000228,47,99,-52
106000229,85,560,-475
106000231,564,95,469
106000232,60,270,-210
106000233,368,73,295
106000234,76,132,-56
106000235,307,64,243
106000236,87,36,51
106000237,3,5,-2
106000238,87,8,79
106000239,13,83,-70
106000240,101,0,101
106000241,21,648,-627
106000242,242,47,195
106000249,47,82,-35
106000250,49,470,-421
106000251,69,31,38
106000252,3,64,-61
106000253,29,41,-12
106000254,31,25,6
106000255,10,118,-108
106000256,66,44,22
106000257,146,144,2
106000258,129,13,116
106000259,8,19,-11
106000260,30,2,28
106000261,2,24,-22
106000262,61,21,40
106000263,8,56,-48
106000264,142,16,126
106000265,9,90,-81
106000266,98,20,78
106000267,6,51,-45
106000268,475,30,445
106000269,59,51,8
106000270,121,418,-297
106000271,42,167,-125
106000272,148,55,93
106000273,9,194,-185
106000274,136,32,104
106000275,140,218,-78
106000276,190,41,149
106000277,92,178,-86
106000278,146,29,117
106000279,12,26,-14
106000280,76,82,-6
106000281,81,51,30
106000282,39,39,0
106000283,63,41,22
106000284,49,86,-37
106000285,76,68,8
106000286,79,141,-62
106000287,81,55,26
106000288,75,183,-108
106000289,67,47,20
106000290,60,86,-26
106000291,57,80,-23
106000292,122,81,41
106000293,115,83,32
106000294,112,110,2
106000295,41,34,7
106000296,41,100,-59
106000297,60,169,-109
106000298,125,54,71
106000299,43,112,-69
106000300,40,83,-43
106000301,68,94,-26
106000303,17,61,-44
106000304,26,17,9
106000305,23,30,-7
106000306,24,43,-19
106000307,44,19,25
106000308,22,67,-45
106000309,4,43,-39
106000310,254,424,-170
106000311,275,130,145
106000312,68,146,-78
106000313,170,184,-14
106000318,110,225,-115
106000319,855,216,639
106000320,7,41,-34
106000321,319,72,247
106000322,122,152,-30
106000324,4,120,-116
106000325,1225,762,463
106000326,777,1562,-785
106000327,103,104,-1
106000328,10,78,-68
106000329,54,210,-156
106000330,36,61,-25
106000428,102,225,-123
106000429,179,405,-226
106000430,338,1188,-850
106000431,1675,421,1254
106000432,1964,2953,-989
106000433,1647,1192,455
106000434,2351,1248,1103
106000435,1507,2267,-760
106000436,12,204,-192
106000437,238,27,211
106000438,262,125,137
106000439,46,305,-259
106000440,190,386,-196
106000441,2,1,1
106000442,107,5,102
106000443,129,311,-182
106000450,10,160,-150
106000451,47,42,5
106000454,4,104,-100
106000455,12,167,-155
106000456,82,71,11
106000457,7,792,-785
106000458,611,121,490
106000459,362,329,33
106000460,1278,52,1226
106000461,62,987,-925
106000462,1,52,-51
106000463,5,23,-18
106000464,5,376,-371
106000465,508,2,506
106000466,3,483,-480
106000467,329,465,-136
106000468,58,110,-52
106000469,209,1,208
106000470,244,1625,-1381
106000471,25,471,-446
106000472,141,14,127
106000473,19,21,-2
106000474,305,563,-258
106000475,298,161,137
106000476,156,171,-15
106000477,42,151,-109
106000480,0,389,-389
106900001,0,13,-13
106900002,0,421,-421
106900003,219,592,-373
106900004,0,34,-34
106900006,0,5,-5
106900007,0,9,-9
106900008,241,188,53
106900009,239,247,-8
106900010,182,226,-44
106900012,1438,1504,-66
106900013,312,105,207
106900014,15,5,10
106900015,10,2,8
106900016,221,6,215
106900017,2,0,2
106900018,0,0,0
106900019,29,0,29
106900020,1789,1069,720
106900021,149,80,69
106900022,647,3,644
106900023,59,201,-142
106900024,431,31,400
106900025,58,489,-431
106900026,0,510,-510
106900027,1057,4,1053
107000001,3235,2525,710
107000002,3347,4667,-1320
107000003,4093,5054,-961
107000004,4345,4515,-170
107000005,3077,4137,-1060
107000006,3897,4490,-593
107000007,4230,8369,-4139
107000008,9778,8343,1435
107000009,5129,6038,-909
107000010,9818,9849,-31
107000011,1067,1223,-156
107000012,4212,3115,1097
107000013,45,107,-62
107000014,53,308,-255
107000015,572,794,-222
107000016,502,871,-369
107000017,2792,949,1843
107000018,10,441,-431
107000020,1342,529,813
107000021,1064,556,508
107000022,750,897,-147
107000023,1601,274,1327
107000024,509,1205,-696
107000025,200,380,-180
107000026,220,457,-237
107000027,1035,886,149
107000028,1091,1305,-214
107000029,2486,2159,327
107000030,2377,2631,-254
107000031,3053,2096,957
107000032,489,868,-379
107000033,2526,3748,-1222
107000034,2682,1514,1168
107000035,228,191,37
107000036,295,1022,-727
107000037,79,678,-599
107000038,186,217,-31
107000039,627,542,85
107000040,164,286,-122
107000041,1322,674,648
107000042,686,1788,-1102
107000043,2225,1021,1204
107000044,535,267,268
107000045,66,232,-166
107000046,509,349,160
107000047,391,821,-430
107000048,515,275,240
107000049,463,691,-228
107000050,876,455,421
107000051,419,352,67
107000052,1049,863,186
107000053,320,167,153
107000054,75,287,-212
107000055,309,115,194
107000056,388,730,-342
107000057,1253,264,989
107000058,1878,1679,199
107000059,1953,2940,-987
107000060,3095,4356,-1261
107000061,4580,3288,1292
107000062,3022,2311,711
107000063,3822,4948,-1126
107000064,3490,1814,1676
107000065,3763,4595,-832
107000066,1354,2093,-739
107000067,828,1156,-328
107000068,1170,586,584
107000069,589,375,214
107000070,1287,10,1277
107000071,2573,32,2541
107000072,39,2637,-2598
107000073,649,271,378
107000074,130,905,-775
107000075,1291,484,807
107000076,626,1424,-798
107000077,2889,1159,1730
107000078,2797,3493,-696
107000079,2045,840,1205
107000080,1046,3015,-1969
107000081,1227,549,678
107000082,466,1638,-1172
107000083,1033,361,672
107000084,345,1555,-1210
107000085,2350,3090,-740
107000086,3308,3301,7
107000087,2155,1718,437
107000088,2812,3434,-622
107000089,1088,1558,-470
107000090,857,1097,-240
107000091,1027,755,272
107000092,641,1121,-480
107000093,945,671,274
107000094,909,1145,-236
107000095,546,603,-57
107000096,446,849,-403
107000097,678,287,391
107000098,543,633,-90
107000099,397,337,60
107000100,248,299,-51
107000101,74,191,-117
107000102,269,279,-10
107000103,288,215,73
107000104,178,263,-85
107000105,362,93,269
107000106,162,298,-136
107000107,518,162,356
107000108,228,569,-341
107000109,702,151,551
107000110,93,544,-451
107000111,310,66,244
107000112,44,355,-311
107000113,533,111,422
107000114,110,524,-414
107000115,404,112,292
107000116,79,804,-725
107000117,121,499,-378
107000118,124,203,-79
107000119,1206,1436,-230
107000120,1381,425,956
107000121,632,664,-32
107000122,1075,881,194
107000123,356,571,-215
107000124,474,947,-473
107000125,614,543,71
107000126,744,715,29
107000129,392,608,-216
107000130,613,211,402
107000131,347,478,-131
107000132,608,268,340
107000133,843,90,753
107000134,280,3,277
107000135,3,211,-208
107000136,605,6,599
107000137,14,380,-366
107000138,322,20,302
107000139,24,374,-350
107000140,1138,107,1031
107000141,99,637,-538
107000142,395,84,311
107000143,99,646,-547
107000144,397,378,19
107000145,144,435,-291
107000146,158,337,-179
107000147,3510,1078,2432
107000150,534,1767,-1233
107000151,46,59,-13
107000152,355,856,-501
107000153,167,360,-193
107000154,277,178,99
107000155,712,18,694
107000156,949,15,934
107000157,18,1276,-1258
107000158,534,12,522
107000159,34,916,-882
107000160,677,82,595
107000161,62,1303,-1241
107000162,229,407,-178
107000163,326,8,318
107000164,497,5,492
107000165,668,11,657
107000166,54,1081,-1027
107000167,423,261,162
107000168,729,417,312
107000169,786,966,-180
107000170,1332,680,652
107000171,518,1637,-1119
107000172,726,952,-226
107000173,531,719,-188
107000174,727,3437,-2710
107000175,5725,1474,4251
107000176,2,0,2
107000177,7,0,7
107000178,15,42,-27
107000179,241,2065,-1824
107000180,1050,295,755
107000181,304,1187,-883
107000182,1269,778,491
107000183,165,741,-576
107000184,847,638,209
107000185,395,1283,-888
107000186,877,363,514
107000187,1007,1039,-32
107000188,444,496,-52
107000189,322,790,-468
107000190,537,616,-79
107000191,614,1151,-537
107000192,1235,604,631
107000193,269,382,-113
107000194,732,603,129
107000197,697,257,440
107000198,308,679,-371
107000199,484,659,-175
107000200,521,592,-71
107000201,371,193,178
107000202,219,366,-147
107000203,1358,542,816
107000204,1677,568,1109
107000205,1950,835,1115
107000206,764,896,-132
107000207,675,909,-234
107000208,890,381,509
107000209,1795,942,853
107000210,706,321,385
107000211,3,23,-20
107000212,3,326,-323
107000213,7,20,-13
107000214,9,124,-115
107000215,261,330,-69
107000216,248,243,5
107000217,95,108,-13
107000219,85,119,-34
107000220,185,186,-1
107000222,207,680,-473
107000224,224,51,173
107000225,143,471,-328
107000226,274,70,204
107000227,37,236,-199
107000228,49,179,-130
107000229,110,75,35
107000230,1010,489,521
107000231,1386,1189,197
107000232,77,33,44
107000233,1241,657,584
107000234,4,53,-49
107000235,53,3,50
107000236,16,340,-324
107000237,24,3,21
107000238,14,4,10
107000239,2518,442,2076
107000240,62,714,-652
107000243,0,71,-71
107000244,3,33,-30
107000246,1,1010,-1009
107000249,1,912,-911
107000251,0,236,-236
107000252,1,884,-883
107000255,326,58,268
107000257,1,384,-383
107000258,1,117,-116
107000259,1,159,-158
107000260,626,0,626
107000262,8,538,-530
107000263,163,4,159
107000266,8,3,5
107000267,64,111,-47
107000268,139,116,23
107000269,421,41,380
107000270,3,20,-17
107000271,9,742,-733
107000272,16,203,-187
107000273,1,186,-185
107000274,798,128,670
107000275,37,539,-502
107000280,569,30,539
107000281,39,728,-689
107000282,20,735,-715
107000290,2,31,-29
107000291,26,2,24
107000292,1,56,-55
107000293,91,6,85
107000294,1,23,-22
107000295,53,1,52
107000296,0,16,-16
107000444,224,5,219
107000496,0,17,-17
107000497,1351,2091,-740
107000500,240,209,31
107000501,78,179,-101
107000502,171,324,-153
107000505,349,738,-389
107000506,2,34,-32
107000508,8,453,-445
107000509,230,750,-520
107000510,30,26,4
107000514,49,257,-208
107000515,16,155,-139
107000516,218,192,26
107000518,808,986,-178
107000519,1694,876,818
107000520,48,16,32
107000521,492,348,144
107000522,667,467,200
107900001,51,202,-151
107900002,39,9,30
107900003,379,19,360
107900004,22,0,22
107900005,787,1,786
107900006,89,0,89
107900007,203,26,177
107900008,39,14,25
107900009,75,5,70
107900010,30,2,28
107900012,254,19,235
107900013,222,53,169
107900014,18,2,16
107900015,604,5,599
107900016,298,64,234
107900017,16,1,15
107900018,41,91,-50
107900019,11,28,-17
107900020,86,7,79
107900021,47,129,-82
107900023,2,1,1
107900024,0,6,-6
107900025,130,232,-102
107900026,35,43,-8
107900027,101,25,76
107900028,69,72,-3
107900030,134,17,117
107900031,45,82,-37
107900032,43,2,41
107900033,16,11,5
107900034,266,9,257
107900035,533,46,487
107900036,51,14,37
107900037,1,17,-16
107900038,110,192,-82
107900039,19,39,-20
107900040,16,35,-19
107900041,2,2,0
107900043,15,90,-75
107900044,6,4,2
107900045,68,27,41
107900046,110,111,-1
107900047,4,16,-12
107900048,90,2,88
107900049,284,867,-583
107900050,108,233,-125
107900051,63,35,28
107900052,12,15,-3
107900053,21,59,-38
107900055,524,165,359
107900056,221,28,193
107900057,0,0,0
107900058,21,509,-488
107900060,50,38,12
107900061,8,6,2
107900063,66,88,-22
107900064,226,107,119
107900065,117,6,111
107900066,29,6,23
107900067,0,0,0
107900068,294,217,77
107900069,38,1386,-1348
107900070,127,25,102
107900071,24,593,-569
107900072,69,130,-61
107900073,81,82,-1
107900074,838,252,586
107900076,108,57,51
107900077,53,0,53
107900079,7,15,-8
107900080,278,284,-6
107900081,33,123,-90
107900082,14,13,1
107900083,249,139,110
107900084,63,105,-42
107900086,34,89,-55
107900087,675,111,564
107900088,21,8,13
107900089,160,692,-532
107900090,374,1646,-1272
107900091,193,308,-115
107900092,0,0,0
107900093,59,73,-14
107900095,3059,1913,1146
107900097,27,59,-32
107900098,43,133,-90
107900100,822,858,-36
107900101,890,194,696
107900102,22,8,14
107900103,33,190,-157
107900104,143,7,136
107900105,1,348,-347
107900106,2,902,-900
107900107,644,383,261
107900108,227,94,133
107900109,976,7,969
107900110,26,54,-28
107900111,3,638,-635
107900112,68,306,-238
107900113,156,101,55
107900114,148,162,-14
107900115,0,42,-42
107900116,84,123,-39
107900117,278,292,-14
107900118,95,161,-66
107900119,59,219,-160
107900120,28,25,3
107900121,1,121,-120
107900122,7,55,-48
107900123,1,35,-34
107900124,42,22,20
107900125,36,154,-118
107900126,2,42,-40
107900127,340,227,113
107900128,78,64,14
107900129,23,16,7
107900130,34,23,11
107900131,507,154,353
107900132,94,284,-190
107900133,0,82,-82
107900134,16,52,-36
107900135,5,140,-135
107900136,45,15,30
107900137,112,62,50
107900138,36,35,1
107900139,20,65,-45
107900141,44,23,21
107900142,55,575,-520
107900143,23,26,-3
107900144,2,131,-129
107900145,5,61,-56
107900146,24,90,-66
107900147,36,31,5
107900148,118,104,14
107900149,749,175,574
107900150,83,468,-385
107900151,40,103,-63
107900152,5,136,-131
107900153,128,231,-103
107900154,40,23,17
107900155,56,57,-1
107900156,1,313,-312
107900157,20,44,-24
107900158,552,15,537
107900159,27,618,-591
107900160,107,158,-51
107900161,18,145,-127
107900162,2,58,-56
107900163,89,16,73
107900164,9,29,-20
107900165,19,69,-50
107900166,8,199,-191
107900167,13,9,4
107900168,14,24,-10
107900169,2,117,-115
107900171,12,971,-959
107900172,2,273,-271
107900173,10,161,-151
107900174,90,6,84
107900175,22,16,6
107900176,21,22,-1
107900177,1,92,-91
107900178,1,149,-148
107900179,13,80,-67
107900180,385,282,103
107900181,280,271,9
107900182,2,1080,-1078
107900183,46,312,-266
107900184,51,176,-125
107900185,93,6,87
107900186,31,32,-1
107900187,0,107,-107
107900188,552,107,445
107900189,29,89,-60
107900190,62,68,-6
107900191,47,83,-36
107900193,0,49,-49
107900194,187,10,177
107900195,2249,380,1869
107900196,24,89,-65
107900197,721,245,476
107900199,3,878,-875
107900201,73,71,2
107900203,30,68,-38
107900204,148,160,-12
107900206,813,123,690
107900207,2,577,-575
107900208,3,435,-432
107900209,343,80,263
107900210,71,67,4
107900213,454,364,90
107900214,9,82,-73
107900215,133,233,-100
107900216,161,75,86
107900217,25,52,-27
107900218,24,1154,-1130
107900219,22,71,-49
107900220,207,198,9
107900221,109,156,-47
107900223,78,421,-343
107900224,75,270,-195
107900225,9,544,-535
107900226,108,85,23
107900227,98,396,-298
107900228,17,76,-59
107900229,4,199,-195
107900230,4,98,-94
107900231,7,171,-164
107900232,40,127,-87
107900233,16,149,-133
107900234,57,131,-74
107900235,27,70,-43
107900236,100,51,49
107900237,70,358,-288
107900238,15,76,-61
107900239,764,394,370
107900240,18,119,-101
107900241,8,70,-62
107900242,16,214,-198
107900243,5,75,-70
107900244,261,1,260
107900245,554,40,514
107900246,130,3,127
107900248,125,341,-216
107900249,453,41,412
107900250,1,342,-341
107900251,81,1125,-1044
107900252,841,5,836
107900253,105,1,104
107900254,55,361,-306
107900255,190,49,141
107900256,1075,461,614
107900257,161,75,86
107900258,76,186,-110
107900259,91,1216,-1125
107900261,0,307,-307
107900262,35,77,-42
107900264,179,1,178
107900265,74,123,-49
107900267,187,21,166
107900268,8,2,6
107900269,0,2,-2
107900270,0,0,0
107900271,0,1,-1
107900272,55,3,52
107900273,33,99,-66
107900274,61,0,61
107900275,42,0,42
107900276,0,67,-67
107900277,0,135,-135
107900278,195,275,-80
107900279,105,174,-69
107900280,1269,1718,-449
107900281,1055,1696,-641
107900282,48,278,-230
107900283,918,360,558
107900284,484,557,-73
107900285,87,55,32
107900286,120,85,35
107900287,73,151,-78
107900290,0,85,-85
107900291,318,13,305
107900292,88,203,-115
107900293,50,418,-368
107900295,41,46,-5
107900297,1,268,-267
107900298,815,580,235
107900299,2505,1810,695
107900300,35,98,-63
107900301,476,502,-26
107900302,70,41,29
107900303,176,324,-148
107900304,150,417,-267
107900305,223,5,218
107900306,11,31,-20
107900307,63,218,-155
107900308,170,68,102
107900309,149,3,146
107900310,241,0,241
107900311,4,164,-160
107900312,85,1,84
107900313,2,93,-91
107900314,2,51,-49
107900315,0,31,-31
107900316,15,3,12
107900317,85,16,69
107900318,22,119,-97
107900319,2,145,-143
107900320,0,141,-141
107900321,98,1,97
107900322,1,89,-88
107900323,3,126,-123
107900324,142,3,139
107900325,83,1,82
107900326,252,231,21
107900327,2,53,-51
107900328,152,2,150
107900329,178,88,90
107900330,4,324,-320
107900331,133,42,91
107900332,160,26,134
107900333,45,12,33
107900334,9,131,-122
107900335,50,41,9
107900336,22,54,-32
107900337,953,643,310
107900338,3,139,-136
107900339,0,11,-11
107900340,1,42,-41
107900341,57,0,57
107900342,119,83,36
107900343,37,0,37
107900344,3,34,-31
107900345,63,25,38
107900346,13,3,10
107900347,25,4,21
107900348,2,2,0
107900349,27,3,24
107900350,13,210,-197
107900351,2,149,-147
107900352,1,15,-14
107900353,5,5,0
107900354,74,29,45
108000001,2562,3231,-669
108000002,1906,2669,-763
108000003,2858,2796,62
108000004,11901,15900,-3999
108000005,6625,5292,1333
108000006,8386,8142,244
108000007,4333,3840,493
108000008,4685,6641,-1956
108000009,2694,3826,-1132
108000010,2844,4829,-1985
108000011,9731,9902,-171
108000012,15798,15853,-55
108000014,1133,649,484
108000015,698,309,389
108000016,314,732,-418
108000017,1053,404,649
108000018,1415,582,833
108000019,1723,730,993
108000020,1379,465,914
108000021,403,1592,-1189
108000022,436,1161,-725
108000023,1086,181,905
108000024,307,545,-238
108000025,274,268,6
108000026,536,430,106
108000027,570,532,38
108000028,561,257,304
108000029,426,642,-216
108000030,517,213,304
108000031,244,607,-363
108000032,1229,553,676
108000033,704,1140,-436
108000034,1241,427,814
108000035,561,2190,-1629
108000036,333,905,-572
108000037,1243,320,923
108000038,1896,395,1501
108000039,503,1925,-1422
108000040,1343,776,567
108000041,555,2352,-1797
108000042,221,263,-42
108000043,177,314,-137
108000044,388,180,208
108000045,237,598,-361
108000046,1094,318,776
108000047,320,934,-614
108000048,141,334,-193
108000049,658,246,412
108000050,126,512,-386
108000051,238,91,147
108000052,219,693,-474
108000053,297,192,105
108000054,445,959,-514
108000055,806,484,322
108000056,1043,1176,-133
108000057,565,943,-378
108000058,1626,3175,-1549
108000059,3232,1891,1341
108000060,158,354,-196
108000061,166,357,-191
108000062,576,429,147
108000063,331,455,-124
108000064,127,214,-87
108000065,395,456,-61
108000066,1331,627,704
108000067,1277,417,860
108000068,532,387,145
108000069,229,970,-741
108000070,1304,687,617
108000071,605,1495,-890
108000072,1369,1009,360
108000073,1386,1984,-598
108000074,457,357,100
108000075,289,937,-648
108000076,543,493,50
108000077,575,680,-105
108000078,1754,1199,555
108000079,942,1755,-813
108000080,861,453,408
108000081,467,1639,-1172
108000082,830,1652,-822
108000083,1473,896,577
108000084,327,1074,-747
108000085,601,371,230
108000086,714,687,27
108000087,77,1560,-1483
108000088,376,109,267
108000089,308,257,51
108000090,130,46,84
108000091,216,462,-246
108000092,142,91,51
108000093,172,585,-413
108000094,493,87,406
108000095,160,394,-234
108000096,230,135,95
108000097,153,419,-266
108000098,1247,1047,200
108000099,919,219,700
108000100,66,283,-217
108000101,835,1132,-297
108000102,1393,2461,-1068
108000106,727,1,726
108000107,2,562,-560
108000108,750,52,698
108000109,7,629,-622
108000110,146,288,-142
108000111,114,539,-425
108000112,50,117,-67
108000113,473,224,249
108000115,283,272,11
108000117,703,257,446
108000118,312,798,-486
108000119,646,308,338
108000120,122,596,-474
108000121,204,416,-212
108000122,478,302,176
108000123,705,183,522
108000124,569,470,99
108000125,450,277,173
108000126,221,460,-239
108000127,467,332,135
108000128,570,565,5
108000129,384,1179,-795
108000130,253,235,18
108000131,810,449,361
108000132,2195,1405,790
108000133,625,434,191
108000134,508,546,-38
108000135,810,425,385
108000136,466,858,-392
108000137,339,285,54
108000138,312,811,-499
108000139,411,295,116
108000140,79,19,60
108000141,20,73,-53
108000142,50,78,-28
108000143,27,223,-196
108000144,173,25,148
108000145,26,23,3
108000146,275,30,245
108000147,25,17,8
108000148,187,37,150
108000149,17,13,4
108000150,29,8,21
108000151,354,83,271
108000152,90,453,-363
108000153,357,175,182
108000154,33,11,22
108000155,42,25,17
108000156,495,273,222
108000157,104,665,-561
108000158,79,609,-530
108000159,517,190,327
108000160,2915,923,1992
108000161,2314,1910,404
108000165,5,118,-113
108000172,3,284,-281
108000173,1792,1588,204
108000175,389,122,267
108000178,383,284,99
108000179,166,639,-473
108000181,64,46,18
108000182,208,68,140
108000183,113,259,-146
108000184,947,1750,-803
108000185,156,390,-234
108000186,216,230,-14
108000187,69,506,-437
108000188,460,200,260
108000189,1063,3557,-2494
108000190,49,117,-68
108000192,168,627,-459
108000193,784,25,759
108000194,52,8,44
108000195,3,989,-986
108000196,143,153,-10
108000198,542,316,226
108000199,1,168,-167
108000200,358,416,-58
108000203,82,570,-488
108000204,102,47,55
108000205,244,393,-149
108000339,1167,337,830
108000364,176,416,-240
108000365,81,254,-173
108000367,123,256,-133
108000368,3,46,-43
108000369,853,196,657
108000371,10,567,-557
108000372,598,4,594
108000373,212,181,31
108000376,83,26,57
108000377,301,300,1
108000378,7921,8590,-669
108000379,29,162,-133
108000381,43,10,33
108000382,157,3,154
108000383,0,171,-171
108900001,81,941,-860
108900002,138,39,99
108900003,314,677,-363
108900004,1713,419,1294
108900005,24,135,-111
108900006,347,84,263
108900007,177,171,6
108900008,80,141,-61
108900009,56,99,-43
108900010,177,156,21
108900011,395,397,-2
108900012,233,410,-177
108900013,125,203,-78
108900014,8,101,-93
108900015,0,45,-45
108900016,0,220,-220
108900017,195,347,-152
108900018,85,372,-287
108900019,14,643,-629
108900020,25,202,-177
108900021,88,189,-101
108900022,60,6,54
108900023,7,23,-16
108900024,21,96,-75
108900025,99,135,-36
108900026,12,93,-81
108900027,0,98,-98
108900028,106,339,-233
108900029,47,172,-125
108900030,0,125,-125
108900031,96,381,-285
108900032,12,184,-172
108900033,0,79,-79
108900034,3,202,-199
108900035,288,1275,-987
108900036,66,105,-39
108900037,24,126,-102
108900038,0,289,-289
108900039,1,456,-455
108900040,6,127,-121
108900041,4809,2558,2251
108900042,8,224,-216
108900043,66,398,-332
108900044,0,487,-487
108900045,57,592,-535
108900046,58,582,-524
108900047,1,107,-106
108900048,118,814,-696
108900049,3211,1002,2209
108900050,2,277,-275
108900051,1,191,-190
108900052,17,187,-170
108900053,84,132,-48
108900054,96,182,-86
108900055,48,278,-230
108900056,0,155,-155
108900057,0,119,-119
108900058,24,353,-329
108900059,353,25,328
108900060,63,104,-41
108900061,73,24,49
108900062,3,242,-239
108900063,3,268,-265
108900064,121,54,67
108900065,9,234,-225
108900066,282,106,176
108900067,9,164,-155
108900068,13,141,-128
108900069,44,95,-51
108900070,31,97,-66
108900071,66,58,8
108900072,1579,434,1145
108900073,62,238,-176
108900074,130,330,-200
108900075,92,61,31
108900076,226,84,142
108900077,134,416,-282
108900078,14,138,-124
108900079,984,256,728
108900080,24,707,-683
108900081,57,188,-131
108900082,43,106,-63
108900083,27,241,-214
108900084,166,45,121
108900085,1762,145,1617
108900086,71,282,-211
108900087,133,196,-63
108900088,857,343,514
108900089,18,123,-105
108900090,21,272,-251
108900091,90,90,0
108900092,285,298,-13
108900093,73,66,7
108900094,144,58,86
108900095,60,357,-297
108900096,336,25,311
108900097,162,172,-10
108900098,2119,469,1650
108900099,260,184,76
108900100,69,145,-76
108900101,163,116,47
108900102,91,555,-464
108900103,60,82,-22
108900104,49,117,-68
108900105,6,919,-913
108900106,343,354,-11
108900108,384,67,317
108900109,271,42,229
108900110,143,445,-302
108900111,395,613,-218
108900112,100,15,85
108900113,32,42,-10
108900114,43,9,34
108900115,53,59,-6
108900116,69,18,51
108900117,141,12,129
108900118,381,16,365
108900119,128,22,106
108900120,172,156,16
108900121,172,97,75
108900122,98,26,72
108900123,81,109,-28
108900124,371,166,205
108900125,256,2,254
108900126,57,13,44
108900127,101,20,81
108900128,92,34,58
108900129,493,153,340
108900130,246,0,246
108900131,288,0,288
108900132,391,45,346
108900133,179,48,131
108900134,294,255,39
108900135,136,6,130
108900136,20,1,19
108900137,78,1,77
108900138,552,44,508
108900139,134,27,107
108900140,207,301,-94
108900141,180,16,164
108900142,127,24,103
108900143,31,1,30
108900144,35,0,35
108900145,148,15,133
108900146,69,0,69
108900147,135,0,135
108900148,43,32,11
108900149,194,149,45
108900150,227,7,220
108900151,277,7,270
108900152,191,15,176
108900153,154,356,-202
108900154,3863,468,3395
108900155,104,22,82
108900156,53,9,44
108900157,20,392,-372
108900158,235,23,212
108900159,7,264,-257
108900160,10,300,-290
108900161,5,405,-400
108900162,63,0,63
108900163,7,186,-179
108900164,59,71,-12
108900165,74,25,49
108900167,562,1936,-1374
108900168,7132,2262,4870
108900169,35,110,-75
108900171,4259,2118,2141
108900172,125,48,77
108900173,219,328,-109
108900174,639,537,102
108900176,137,433,-296
108900177,4814,3380,1434
108900178,3397,2491,906
108900179,195,565,-370
108900180,74,204,-130
108900182,14,87,-73
108900183,150,195,-45
108900184,296,138,158
108900185,68,309,-241
108900186,24,258,-234
108900187,140,10,130
108900188,203,17,186
108900189,268,131,137
108900190,33,2532,-2499
108900191,55,19,36
108900192,60,206,-146
108900193,126,31,95
108900194,25,151,-126
108900195,85,256,-171
108900196,27,249,-222
108900198,4,162,-158
108900199,194,330,-136
108900200,481,246,235
108900201,422,1354,-932
108900203,332,80,252
108900204,250,11,239
108900205,131,29,102
108900206,312,39,273
108900207,115,49,66
108900208,11,273,-262
108900209,281,483,-202
108900210,148,179,-31
108900211,146,416,-270
108900212,697,991,-294
108900215,82,384,-302
108900216,558,118,440
108900217,126,0,126
108900218,111,42,69
108900219,45,1,44
108900220,36,13,23
108900221,51,137,-86
108900222,61,4,57
108900223,6,37,-31
108900224,29,136,-107
108900225,1,148,-147
108900227,90,164,-74
108900230,185,225,-40
108900231,16,90,-74
108900232,0,229,-229
108900233,259,92,167
108900234,235,161,74
108900235,192,483,-291
108900236,28,240,-212
108900237,25,102,-77
108900240,73,115,-42
108900241,24,23,1
108900245,10,900,-890
108900249,38,20,18
108900250,153,98,55
108900257,61,149,-88
108900258,3,183,-180
108900259,14,63,-49
108900260,3,91,-88
108900261,102,125,-23
108900262,164,124,40
108900263,30,135,-105
108900264,595,194,401
108900265,637,237,400
108900266,831,411,420
108900267,5,57,-52
108900268,6,2,4
108900269,64,6,58
108900270,37,7,30
108900271,26,10,16
108900272,173,14,159
108900273,982,658,324
108900274,48,45,3
109000001,3178,1166,2012
109000002,1827,1438,389
109000003,2186,515,1671
109000004,452,2130,-1678
109000005,2167,664,1503
109000006,721,1933,-1212
109000007,1231,604,627
109000008,478,1742,-1264
109000009,2822,1158,1664
109000010,1395,3693,-2298
109000011,2534,1736,798
109000012,1650,3187,-1537
109000013,2641,2293,348
109000014,1540,3068,-1528
109000015,3192,6024,-2832
109000016,6288,3885,2403
109000017,1838,1016,822
109000018,850,2977,-2127
109000019,2064,1267,797
109000020,1047,1964,-917
109000023,203,39,164
109000024,3,170,-167
109000025,306,405,-99
109000026,718,315,403
109000027,96,277,-181
109000028,109,100,9
109000029,88,130,-42
109000030,88,493,-405
109000031,162,198,-36
109000032,81,393,-312
109000033,421,180,241
109000034,58,33,25
109000035,26,50,-24
109000036,87,284,-197
109000037,140,796,-656
109000038,560,379,181
109000039,611,450,161
109000040,3389,5289,-1900
109000041,3231,1575,1656
109000042,627,1098,-471
109000044,309,75,234
109000045,109,378,-269
109000046,286,62,224
109000047,104,348,-244
109000048,704,166,538
109000049,231,557,-326
109000050,264,232,32
109000051,269,274,-5
109000052,416,860,-444
109000053,177,65,112
109000054,109,357,-248
109000055,181,146,35
109000056,266,299,-33
109000057,336,400,-64
109000058,979,188,791
109000059,960,1112,-152
109000060,414,303,111
109000061,976,765,211
109000062,89,257,-168
109000063,157,132,25
109000064,172,122,50
109000065,90,171,-81
109000066,295,79,216
109000067,46,281,-235
109000068,3147,11,3136
109000069,982,44,938
109000070,8,1098,-1090
109000071,334,83,251
109000072,103,340,-237
109000073,67,103,-36
109000074,30,175,-145
109000075,70,250,-180
109000076,111,197,-86
109000077,310,233,77
109000078,79,163,-84
109000079,120,168,-48
109000080,114,104,10
109000081,87,411,-324
109000082,501,203,298
109000083,222,701,-479
109000088,93,444,-351
109000089,202,39,163
109000090,140,351,-211
109000091,231,151,80
109000092,267,405,-138
109000093,161,159,2
109000094,378,1,377
109000095,116,394,-278
109000096,507,300,207
109000097,95,136,-41
109000098,51,125,-74
109000099,832,300,532
109000100,283,569,-286
109000101,1139,584,555
109000102,302,579,-277
109000103,329,636,-307
109000104,1228,567,661
109000105,484,1040,-556
109000106,1510,716,794
109000107,635,1774,-1139
109000108,1372,599,773
109000109,374,1608,-1234
109000110,945,506,439
109000111,798,1786,-988
109000112,371,129,242
109000113,280,158,122
109000114,155,299,-144
109000115,1124,74,1050
109000116,4,277,-273
109000117,161,69,92
109000118,8,320,-312
109000119,893,269,624
109000120,159,715,-556
109000121,343,55,288
109000122,86,679,-593
109000123,33,63,-30
109000124,519,381,138
109000125,663,353,310
109000126,329,710,-381
109000127,615,203,412
109000128,446,1379,-933
109000129,1673,623,1050
109000130,577,1825,-1248
109000131,678,500,178
109000132,589,1606,-1017
109000133,289,967,-678
109000134,691,1438,-747
109000135,1109,1367,-258
109000136,293,268,25
109000137,222,328,-106
109000138,513,295,218
109000139,450,398,52
109000140,138,346,-208
109000141,374,414,-40
109000142,103,394,-291
109000143,83,72,11
109000145,103,266,-163
109000146,57,87,-30
109000148,2952,1015,1937
109000149,27,57,-30
109000150,83,167,-84
109000155,658,546,112
109000156,1074,571,503
109000158,47,249,-202
109000159,61,311,-250
109000160,702,207,495
109000161,272,865,-593
109000162,1487,593,894
109000163,705,1517,-812
109000164,1017,2354,-1337
109000165,923,518,405
109000166,536,125,411
109000167,117,540,-423
109000170,56,45,11
109000171,63,37,26
109000172,36,63,-27
109000173,22,60,-38
109000174,93,61,32
109000175,36,82,-46
109000176,194,201,-7
109000177,23,77,-54
109000178,484,332,152
109000179,4125,3577,548
109000180,3731,2532,1199
109000181,16,41,-25
109000182,22,23,-1
109000183,30,23,7
109000184,29,19,10
109000185,23,34,-11
109000188,302,1684,-1382
109000189,1572,757,815
109000190,349,390,-41
109000191,304,360,-56
109000192,293,201,92
109000193,123,263,-140
109000194,237,68,169
109000195,89,317,-228
109000196,237,100,137
109000197,137,332,-195
109000198,330,63,267
109000199,113,426,-313
109000206,182,22,160
109000207,104,28,76
109000208,56,44,12
109000209,152,97,55
109000210,132,452,-320
109000211,451,408,43
109000214,297,339,-42
109000215,188,60,128
109000216,206,194,12
109000217,142,99,43
109000218,194,144,50
109000221,522,1031,-509
109000222,925,268,657
109000223,241,228,13
109000224,31,146,-115
109000225,63,38,25
109000226,48,165,-117
109000227,712,744,-32
109000228,1,577,-576
109000231,0,247,-247
109000232,241,341,-100
109000236,219,754,-535
109000241,1832,1847,-15
109000242,1649,1357,292
109000293,23,65,-42
109000361,112,243,-131
109000364,151,421,-270
109000396,5,474,-469
109000397,395,9,386
109000399,119,419,-300
109000400,88,218,-130
109000403,122,612,-490
109000406,413,5,408
109000407,222,236,-14
109000408,4,417,-413
109000410,752,212,540
109000411,174,20,154
109900001,85,0,85
109900002,784,11,773
109900003,186,1,185
109900004,965,138,827
109900005,31,2,29
109900006,279,157,122
109900007,532,495,37
109900008,0,36,-36
109900009,79,472,-393
109900010,412,16,396
109900011,83,43,40
109900012,207,166,41
109900013,306,119,187
109900014,358,35,323
109900015,421,201,220
109900016,149,17,132
109900017,194,167,27
109900018,150,61,89
109900019,170,37,133
109900020,43,49,-6
109900021,28,10,18
109900022,96,171,-75
109900023,8,3,5
109900024,22,3,19
109900025,22,70,-48
109900026,1,119,-118
109900027,30,30,0
109900028,1341,693,648
109900029,3,231,-228
109900030,25,9,16
109900031,2,63,-61
109900032,9,282,-273
109900033,1,352,-351
109900034,14,4,10
109900035,17,14,3
109900036,29,60,-31
109900037,22,408,-386
109900038,25,189,-164
109900039,5,1,4
109900040,10,455,-445
109900041,40,265,-225
109900042,18,340,-322
109900044,79,220,-141
109900045,250,75,175
109900046,22,69,-47
109900047,257,284,-27
109900048,0,90,-90
109900049,10,42,-32
109900050,1,198,-197
109900051,0,57,-57
109900052,57,247,-190
109900053,4,282,-278
109900054,368,153,215
109900055,22,264,-242
109900056,22,136,-114
109900057,3,156,-153
109900058,0,78,-78
109900059,428,99,329
109900060,325,113,212
109900061,35,297,-262
109900062,0,172,-172
109900063,1,358,-357
109900064,393,200,193
109900065,66,144,-78
109900066,301,723,-422
109900067,0,213,-213
109900068,39,1,38
109900069,2,33,-31
109900070,28,295,-267
109900071,2,37,-35
109900072,19,119,-100
109900073,263,475,-212
109900074,2,26,-24
109900075,18,29,-11
109900076,6,208,-202
109900077,50,45,5
109900078,91,189,-98
109900080,73,261,-188
109900081,19,133,-114
109900082,37,265,-228
109900083,26,72,-46
109900084,62,156,-94
109900085,264,565,-301
109900086,90,273,-183
109900087,310,417,-107
109900089,447,141,306
109900090,436,895,-459
109900091,218,68,150
109900092,436,17,419
109900093,674,125,549
109900094,54,95,-41
109900095,86,144,-58
109900096,44,3,41
109900097,53,1,52
109900098,282,37,245
109900099,124,0,124
109900100,51,0,51
109900101,305,12,293
109900102,334,28,306
109900103,36,26,10
109900104,424,789,-365
109900105,391,12,379
109900106,266,51,215
109900107,321,64,257
109900108,61,249,-188
109900109,32,94,-62
109900110,60,293,-233
109900111,282,687,-405
109900112,328,509,-181
109900113,472,332,140
109900114,640,449,191
109900115,146,70,76
109900117,615,118,497
109900118,171,347,-176
109900119,507,267,240
109900120,64,42,22
109900121,244,306,-62
109900122,365,4,361
109900123,10,120,-110
109900124,27,378,-351
109900125,2,93,-91
109900126,141,79,62
109900128,135,52,83
109900130,5909,1665,4244
109900131,33,82,-49
109900132,27,114,-87
109900133,76,262,-186
109900134,44,58,-14
109900135,313,64,249
109900136,29,123,-94
109900137,65,230,-165
109900140,149,141,8
109900142,929,249,680
109900145,6,365,-359
109900146,400,31,369
109900148,44,100,-56
109900149,55,84,-29
109900150,5,81,-76
109900151,6,51,-45
109900152,0,42,-42
109900153,1,47,-46
109900154,49,0,49
109900155,39,15,24
109900157,57,179,-122
109900158,55,120,-65
109900159,122,26,96
109900160,106,39,67
109900161,148,45,103
109900162,128,100,28
109900163,521,247,274
109900164,62,170,-108
109900165,161,5,156
109900166,2,128,-126
109900167,127,345,-218
109900168,99,487,-388
109900169,130,159,-29
109900170,165,556,-391
109900171,152,66,86
109900172,139,181,-42
109900173,2481,1957,524
109900174,51,117,-66
109900175,54,70,-16
109900176,82,146,-64
109900177,23,219,-196
109900178,4,96,-92
109900179,71,30,41
109900180,4,11,-7
110000001,873,498,375
110000002,545,685,-140
110000003,800,668,132
110000004,512,578,-66
110000005,391,1262,-871
110000006,340,308,32
110000007,76,104,-28
110000008,17,34,-17
110000009,59,20,39
110000010,21,42,-21
110000011,41,54,-13
110000012,521,360,161
110000013,38,385,-347
110000014,530,390,140
110000015,227,502,-275
110000016,226,1079,-853
110000017,2057,229,1828
110000018,2018,349,1669
110000019,9,65,-56
110000020,263,172,91
110000021,558,376,182
110000022,475,164,311
110000023,5,78,-73
110000024,635,267,368
110000025,189,3,186
110000026,4,203,-199
110000027,920,307,613
110000028,774,579,195
110000029,477,694,-217
110000030,201,315,-114
110000031,243,472,-229
110000032,738,417,321
110000033,290,39,251
110000034,335,584,-249
110000035,816,384,432
110000036,812,601,211
110000037,193,334,-141
110000038,222,535,-313
110000039,649,2070,-1421
110000040,314,248,66
110000041,247,1035,-788
110000042,133,239,-106
110000043,621,208,413
110000044,86,107,-21
110000045,505,93,412
110000046,5,23,-18
110000047,31,9,22
110000048,14,19,-5
110000049,47,3,44
110000050,15,30,-15
110000051,36,4,32
110000052,21,29,-8
110000053,94,3,91
110000054,182,199,-17
110000055,494,37,457
110000056,140,43,97
110000057,358,469,-111
110000058,860,391,469
110000059,804,474,330
110000060,658,863,-205
110000061,776,749,27
110000062,592,789,-197
110000063,27,69,-42
110000064,73,62,11
110000065,55,62,-7
110000066,63,31,32
110000067,105,200,-95
110000068,253,157,96
110000069,129,46,83
110000071,86,102,-16
110000073,2,23,-21
110000075,5,86,-81
110000076,249,283,-34
110000077,312,712,-400
110000078,41,52,-11
110000080,227,670,-443
110000081,42,266,-224
110000082,58,279,-221
110000083,222,527,-305
110000084,811,674,137
110000085,1715,1431,284
110000086,1121,1524,-403
110000087,21,46,-25
110000088,70,188,-118
110000089,136,97,39
110000090,69,152,-83
110000091,925,279,646
110000092,18,63,-45
110000093,45,12,33
110000094,473,208,265
110000095,91,517,-426
110000096,2009,1667,342
110000097,857,992,-135
110000098,1702,525,1177
110000099,805,1336,-531
110000100,597,379,218
110000101,33,327,-294
110000102,74,25,49
110000104,269,97,172
110000105,77,212,-135
110000106,525,334,191
110000107,257,384,-127
110000108,112,79,33
110000109,171,210,-39
110000110,2370,3454,-1084
110000111,4563,2141,2422
110000112,1026,817,209
110000113,401,1649,-1248
110000114,134,576,-442
110000115,225,280,-55
110000116,38,30,8
110000117,118,274,-156
110000118,285,124,161
110000119,123,264,-141
110000120,232,132,100
110000121,61,311,-250
110000122,343,473,-130
110000123,403,422,-19
110000124,3,824,-821
110000125,828,11,817
110000126,267,26,241
110000127,796,52,744
110000128,27,1194,-1167
110000129,2,368,-366
110000130,249,137,112
110000131,77,324,-247
110000132,3,616,-613
110000133,32,327,-295
110000134,12,296,-284
110000135,142,28,114
110000136,53,261,-208
110000137,455,503,-48
110000138,560,618,-58
110000139,553,931,-378
110000140,716,519,197
110000143,498,364,134
110000144,4593,1232,3361
110000145,1688,611,1077
110000146,1183,517,666
110000147,248,416,-168
110000148,309,212,97
110000151,837,573,264
110000152,722,372,350
110000153,73,37,36
110000154,27,19,8
110000155,1547,3250,-1703
110000156,968,1940,-972
110000157,1218,1324,-106
110000160,261,261,0
110000161,138,222,-84
110000166,412,66,346
110000167,653,448,205
110000168,717,379,338
110000169,675,277,398
110000170,81,50,31
110000171,522,129,393
110000172,105,673,-568
110000173,954,1058,-104
110000174,116,887,-771
110000175,456,63,393
110000176,72,222,-150
110000177,77,677,-600
110000178,358,1072,-714
110000179,932,334,598
110000180,110,223,-113
110000181,243,343,-100
110000182,270,150,120
110000183,7058,4640,2418
110000184,490,1704,-1214
110000185,621,650,-29
110000186,536,759,-223
110000191,684,319,365
110000192,385,11,374
110000193,872,7,865
110000194,17,970,-953
110000195,298,224,74
110000196,250,338,-88
110000197,78,127,-49
110000198,121,55,66
110000199,76,98,-22
110000200,1087,476,611
110000201,572,797,-225
110000202,1061,535,526
110000203,624,634,-10
110000204,3,225,-222
110000205,89,58,31
110000206,510,1190,-680
110000207,708,344,364
110000208,188,136,52
110000209,95,743,-648
110000210,676,419,257
110000211,627,574,53
110000212,264,771,-507
110000213,153,52,101
110000214,165,103,62
110000215,139,289,-150
110000216,100,329,-229
110000217,194,155,39
110000218,110,269,-159
110000219,224,64,160
110000220,56,225,-169
110000221,231,56,175
110000222,60,180,-120
110000223,5,91,-86
110000224,70,11,59
110000225,178,552,-374
110000226,192,51,141
110000227,493,538,-45
110000228,255,312,-57
110000229,1,243,-242
110000230,394,495,-101
110000231,147,167,-20
110000232,120,167,-47
110000233,162,186,-24
110000234,531,392,139
110000235,753,759,-6
110000236,388,680,-292
110000237,1484,1045,439
110000238,997,1201,-204
110000239,1609,1083,526
110000240,0,39,-39
110000242,0,2,-2
110000243,90,125,-35
110000244,108,281,-173
110000245,34,317,-283
110000246,742,419,323
110000247,1024,3277,-2253
110000248,1832,1198,634
110000249,69,6,63
110000250,70,169,-99
110000251,248,389,-141
110000252,155,178,-23
110000253,945,480,465
110000254,531,902,-371
110000255,181,726,-545
110000256,336,228,108
110000257,564,338,226
110000258,7,315,-308
110000259,92,14,78
110000260,14,211,-197
110000263,474,80,394
110000264,223,356,-133
110000265,804,1323,-519
110000266,1391,2048,-657
110000267,29,169,-140
110000268,235,306,-71
110000269,1,65,-64
110000270,53,1,52
110000271,1196,227,969
110000272,709,702,7
110000273,2738,1177,1561
110000274,142,924,-782
110000275,1435,355,1080
110000276,187,208,-21
110000277,213,254,-41
110000278,180,558,-378
110000279,630,577,53
110000280,334,378,-44
110000281,14,194,-180
110000282,216,29,187
110000283,37,61,-24
110000284,62,39,23
110000285,2,319,-317
110000286,13,0,13
110000287,65,3,62
110000288,2,50,-48
110000289,355,1274,-919
110000290,815,473,342
110000291,3655,1132,2523
110000292,969,3244,-2275
110000293,462,633,-171
110000294,583,719,-136
110000295,113,616,-503
110000296,333,270,63
110000297,1950,244,1706
110000298,212,389,-177
110000299,314,65,249
110000301,230,20,210
110000302,306,715,-409
110000303,302,6,296
110000304,128,212,-84
110000305,863,9,854
110000306,115,914,-799
110000307,1151,8,1143
110000308,396,5,391
110000309,7,604,-597
110000310,511,67,444
110000311,17,506,-489
110000312,389,78,311
110000313,2157,2654,-497
110000314,3,283,-280
110000315,2722,1938,784
110000316,461,1127,-666
110000317,373,187,186
110000318,6,64,-58
110000319,11,21,-10
110000320,32,41,-9
110000321,18,35,-17
110000322,253,307,-54
110000323,334,134,200
110000324,2837,1305,1532
110000325,2244,2132,112
110000327,412,221,191
110000328,166,336,-170
110000333,587,434,153
110000334,641,1128,-487
110000335,600,376,224
110000336,429,1010,-581
110000337,996,454,542
110000338,328,176,152
110000339,273,214,59
110000340,58,152,-94
110000341,384,434,-50
110000342,379,6,373
110000343,0,13,-13
110000344,103,112,-9
110000345,159,67,92
110000346,2125,1459,666
110000347,961,623,338
110000348,34,27,7
110000349,20,21,-1
110000350,54,1,53
110000351,851,634,217
110000352,560,1224,-664
110000353,1840,515,1325
110000354,882,2018,-1136
110000355,69,82,-13
110000356,418,7,411
110000357,315,15,300
110000361,19,72,-53
110000362,19,34,-15
110000363,296,117,179
110000364,156,253,-97
110000365,102,2,100
110000366,0,67,-67
110000367,270,139,131
110000368,1,45,-44
110000369,59,5,54
110000373,2,231,-229
110000374,71,10,61
110000375,68,675,-607
110000376,49,91,-42
110000377,49,379,-330
110000378,23,369,-346
110000379,2599,1430,1169
110000380,73,10,63
110000383,1,783,-782
110000384,1953,624,1329
110000385,0,176,-176
110000387,90,14,76
110000388,31,199,-168
110000389,495,2,493
110000391,427,290,137
110000396,128,124,4
110000397,70,141,-71
110000398,4,35,-31
110000399,153,2,151
110000587,81,32,49
110000589,156,130,26
110000640,203,59,144
110000652,12,115,-103
110000653,212,336,-124
110000654,231,101,130
110000656,1,610,-609
110000674,47,5,42
110000675,8,7,1
110000676,1,19,-18
110000679,296,766,-470
110000682,116,149,-33
110000683,325,503,-178
110000684,3,37,-34
110000685,3,8,-5
110000686,0,18,-18
110000687,29,3,26
110000688,62,606,-544
110000689,47,32,15
110000692,179,122,57
110000693,62,161,-99
110000694,0,142,-142
110000695,143,466,-323
110000696,75,87,-12
110900001,228,11,217
110900002,137,173,-36
110900003,500,466,34
110900004,308,120,188
110900005,2322,1467,855
110900006,59,11,48
110900007,87,24,63
110900008,11,51,-40
110900009,350,83,267
110900010,6,58,-52
110900011,19,74,-55
110900012,9,72,-63
110900013,731,116,615
110900014,175,4,171
110900015,380,441,-61
110900016,27,118,-91
110900017,318,27,291
110900018,290,27,263
110900019,125,17,108
110900020,64,229,-165
110900021,64,430,-366
110900022,52,222,-170
110900023,50,351,-301
110900024,24,289,-265
110900025,2,37,-35
110900027,26,161,-135
110900028,32,112,-80
110900029,18,217,-199
110900030,25,217,-192
110900031,0,105,-105
110900032,0,59,-59
110900033,31,119,-88
110900035,18,393,-375
110900036,80,12,68
110900037,37,16,21
110900038,775,188,587
110900039,4,231,-227
110900040,160,27,133
110900041,5,79,-74
110900042,78,57,21
110900043,5,116,-111
110900044,187,20,167
110900045,24,359,-335
110900046,26,197,-171
110900047,534,221,313
110900049,69,57,12
110900050,24,10,14
110900051,40,145,-105
110900052,4,109,-105
110900053,63,18,45
110900054,17,176,-159
110900055,33,7,26
110900056,35,96,-61
110900057,2,124,-122
110900058,225,138,87
110900059,501,461,40
110900060,337,101,236
110900061,24,25,-1
110900062,74,187,-113
110900063,41,72,-31
110900064,10,0,10
110900065,303,122,181
110900066,11,54,-43
110900067,226,443,-217
110900068,196,198,-2
110900069,4,14,-10
110900070,107,54,53
110900071,210,432,-222
110900073,2,19,-17
110900074,239,78,161
110900075,291,56,235
110900077,487,483,4
110900078,20,60,-40
110900079,1634,990,644
110900080,76,54,22
110900081,4,47,-43
110900082,102,75,27
110900083,118,36,82
110900084,36,103,-67
110900085,38,278,-240
110900086,25,176,-151
110900087,205,40,165
110900088,23,0,23
110900090,26,45,-19
110900091,1,39,-38
110900093,153,82,71
110900095,29,44,-15
110900097,5,6,-1
110900098,21,78,-57
110900099,30,348,-318
110900100,0,15,-15
110900102,164,12,152
110900105,335,246,89
110900108,12,54,-42
110900111,318,95,223
110900112,600,6,594
110900113,530,49,481
110900115,4,44,-40
110900116,520,1492,-972
110900118,89,1901,-1812
110900119,2862,277,2585
110900120,8,64,-56
110900121,72,1,71
110900122,297,173,124
110900125,266,329,-63
110900127,495,922,-427
110900128,304,287,17
110900129,224,487,-263
110900130,892,455,437
110900131,146,34,112
110900132,186,27,159
110900133,55,162,-107
110900135,60,243,-183
110900136,198,9,189
110900139,8,0,8
110900140,0,0,0
110900141,447,119,328
110900142,45,150,-105
110900143,109,41,68
110900144,2,721,-719
110900145,160,43,117
110900146,246,106,140
110900147,121,266,-145
110900148,4,241,-237
110900149,0,62,-62
110900150,23,14,9
110900151,4,54,-50
110900152,30,249,-219
110900153,108,26,82
111000001,459,464,-5
111000002,738,571,167
111000003,859,644,215
111000004,459,872,-413
111000005,1142,1041,101
111000006,883,1448,-565
111000007,3540,2698,842
111000008,2086,3069,-983
111000009,382,685,-303
111000010,705,254,451
111000011,275,727,-452
111000012,547,319,228
111000013,340,792,-452
111000014,944,498,446
111000017,84,784,-700
111000018,271,305,-34
111000020,838,2482,-1644
111000021,51,90,-39
111000023,56,99,-43
111000025,3466,2679,787
111000029,54,81,-27
111000030,16,107,-91
111000031,1638,1110,528
111000032,478,287,191
111000033,238,347,-109
111000034,221,224,-3
111000037,1716,1065,651
111000038,3349,2245,1104
111000039,1664,2160,-496
111000040,1641,2328,-687
111000041,1781,1654,127
111000042,3322,2837,485
111000043,1366,2482,-1116
111000044,1205,795,410
111000045,1656,1664,-8
111000046,1116,1135,-19
111000047,1764,2631,-867
111000049,434,431,3
111000050,1240,1337,-97
111000051,419,1019,-600
111000052,493,1627,-1134
111000053,322,852,-530
111000054,246,804,-558
111000055,1048,1870,-822
111000056,125,486,-361
111000057,71,567,-496
111000058,295,75,220
111000059,292,249,43
111000060,2731,907,1824
111000061,393,225,168
111000062,576,230,346
111000063,1333,774,559
111000064,475,426,49
111000065,823,714,109
111000066,305,268,37
111000067,464,714,-250
111000068,564,1039,-475
111000069,1671,1944,-273
111000070,1243,966,277
111000071,243,617,-374
111000072,816,398,418
111000073,241,664,-423
111000074,1275,1276,-1
111000075,972,566,406
111000076,446,481,-35
111000077,1516,1603,-87
111000078,2469,1739,730
111000079,1273,694,579
111000080,460,602,-142
111000081,1352,3243,-1891
111000082,624,590,34
111000084,715,518,197
111000085,1073,1567,-494
111000086,2296,1249,1047
111000087,616,684,-68
111000088,4031,1972,2059
111000089,610,813,-203
111000090,820,1396,-576
111000091,660,497,163
111000092,911,994,-83
111000093,525,944,-419
111000094,1467,1019,448
111000095,437,1811,-1374
111000096,1491,6172,-4681
111000097,3875,1539,2336
111000098,825,1180,-355
111000099,593,1717,-1124
111000100,304,1503,-1199
111000101,323,646,-323
111000102,148,382,-234
111000104,577,121,456
111000107,82,496,-414
111000109,306,201,105
111000110,1114,571,543
111000111,1701,493,1208
111000112,1330,488,842
111000113,836,1371,-535
111000114,1988,3042,-1054
111000115,5227,978,4249
111000116,723,763,-40
111000117,382,722,-340
111000118,1154,749,405
111000119,772,950,-178
111000120,392,456,-64
111000121,275,594,-319
111000122,581,1139,-558
111000123,883,2625,-1742
111000124,354,2699,-2345
111000125,170,1369,-1199
111000126,68,809,-741
111000127,670,142,528
111000128,1208,241,967
111000129,2053,368,1685
111000130,1407,539,868
111000131,1137,518,619
111000132,972,572,400
111000133,146,119,27
111000134,108,97,11
111000135,46,122,-76
111000136,306,314,-8
111000138,24,6,18
111000140,3,11,-8
111000141,179,372,-193
111000142,26,100,-74
111000143,3,87,-84
111000144,57,260,-203
111000145,2771,25,2746
111000146,152,23,129
111000147,430,52,378
111000148,197,79,118
111000149,5,28,-23
111000150,177,11,166
111000151,1,21,-20
111000153,511,644,-133
111000154,723,184,539
111000155,85,153,-68
111000156,338,448,-110
111000157,216,753,-537
111000158,853,576,277
111000159,1882,637,1245
111000160,369,280,89
111000161,18,232,-214
111000162,96,149,-53
111000163,706,821,-115
111000164,638,3710,-3072
111000165,991,499,492
111000166,1938,447,1491
111000167,172,452,-280
111000168,194,372,-178
111000169,266,506,-240
111000170,479,347,132
111000171,373,594,-221
111000172,145,329,-184
111000173,406,723,-317
111000174,137,262,-125
111000175,34,242,-208
111000176,271,98,173
111000177,220,170,50
111000178,1188,230,958
111000179,129,94,35
111000180,175,340,-165
111000181,682,206,476
111000182,165,168,-3
111000183,234,239,-5
111000184,285,199,86
111000185,260,444,-184
111000186,233,259,-26
111000187,123,189,-66
111000188,153,291,-138
111000189,1013,540,473
111000190,173,344,-171
111000191,153,341,-188
111000192,170,513,-343
111000193,285,310,-25
111000194,44,261,-217
111000195,119,296,-177
111000196,50,183,-133
111000197,304,98,206
111000198,461,76,385
111000199,142,117,25
111000200,304,264,40
111000201,408,174,234
111000202,181,160,21
111000203,226,180,46
111000204,410,858,-448
111000213,150,304,-154
111000214,1216,1335,-119
111000215,998,1234,-236
111000217,1119,973,146
111000218,1044,1025,19
111000219,439,191,248
111000220,1740,500,1240
111000221,751,71,680
111000224,87,266,-179
111000225,339,266,73
111000226,149,5,144
111000227,35,5,30
111000228,12,233,-221
111000229,31,585,-554
111000230,274,385,-111
111000231,872,860,12
111000232,410,738,-328
111000233,606,589,17
111000234,95,255,-160
111000239,135,137,-2
111000240,28,186,-158
111000241,25,266,-241
111000242,126,61,65
111000243,90,537,-447
111000244,394,127,267
111000245,800,467,333
111000246,384,412,-28
111000247,261,741,-480
111000248,553,460,93
111000249,391,636,-245
111000250,37,82,-45
111000251,53,79,-26
111000253,5,10,-5
111000255,30,20,10
111000257,33,30,3
111000260,59,770,-711
111000261,852,60,792
111000271,56,221,-165
111000273,3273,1354,1919
111000274,1045,1951,-906
111000275,114,61,53
111000276,248,1803,-1555
111000277,130,342,-212
111000278,566,196,370
111000291,713,3885,-3172
111000298,418,254,164
111000299,526,126,400
111000300,68,456,-388
111000302,198,107,91
111000303,64,203,-139
111000312,45,44,1
111000315,21,116,-95
111000320,291,683,-392
111000321,229,96,133
111000322,297,410,-113
111000323,172,32,140
111000324,263,236,27
111000325,33,41,-8
111000326,185,345,-160
111000327,339,409,-70
111000328,215,430,-215
111000329,1,34,-33
111000330,47,14,33
111000331,19,8,11
111000332,376,1186,-810
111000334,305,1111,-806
111000335,639,222,417
111000337,899,428,471
111000338,78,96,-18
111000339,320,300,20
111000340,94,434,-340
111000341,792,605,187
111000342,326,516,-190
111000344,711,645,66
111000345,321,50,271
111000346,22,105,-83
111000347,76,2,74
111000350,153,105,48
111000351,115,244,-129
111000352,97,63,34
111000353,146,167,-21
111000354,359,79,280
111000355,216,379,-163
111000358,136,910,-774
111000360,129,483,-354
111000361,60,265,-205
111000546,489,514,-25
111000547,220,311,-91
111000548,77,250,-173
111000549,192,262,-70
111000550,86,574,-488
111000551,555,127,428
111000552,2929,146,2783
111000907,438,12,426
111000908,31,3,28
111000916,1260,339,921
111000917,36,407,-371
111000918,179,637,-458
111000920,301,33,268
111000921,4,173,-169
111000922,270,263,7
111000924,29,562,-533
111000925,1719,1868,-149
111000926,816,1727,-911
111000927,2422,4161,-1739
111000928,3990,3825,165
111000929,910,998,-88
111000930,676,2435,-1759
111000931,1532,2306,-774
111000932,3605,2396,1209
111000933,2733,1716,1017
111000934,2009,3065,-1056
111000935,1000,733,267
111000936,1009,2012,-1003
111000937,720,1186,-466
111000938,1387,1783,-396
111000939,515,60,455
111000940,295,108,187
111000941,247,283,-36
111000943,298,210,88
111000944,150,304,-154
111000945,65,1316,-1251
111001109,353,252,101
111001110,143,588,-445
111001111,46,12,34
111001112,179,14,165
111001113,1,163,-162
111001114,809,113,696
111001115,102,319,-217
111001116,3558,3080,478
111001117,582,2488,-1906
111001120,87,257,-170
111001121,145,262,-117
111001122,218,475,-257
111001123,229,147,82
111001124,116,214,-98
111001125,3,89,-86
111900001,23,100,-77
111900002,14,542,-528
111900003,2,276,-274
111900004,33,80,-47
111900006,5,26,-21
111900007,44,3,41
111900008,104,1,103
111900009,127,118,9
111900010,308,474,-166
111900012,40,101,-61
111900013,8,84,-76
111900014,5047,2862,2185
111900015,0,51,-51
111900016,0,105,-105
111900017,0,135,-135
111900018,110,2,108
111900019,2,82,-80
111900020,4,36,-32
111900021,52,89,-37
111900022,9,55,-46
111900023,67,56,11
111900024,6,71,-65
111900025,0,30,-30
111900026,0,90,-90
111900027,4,127,-123
111900028,4,320,-316
111900029,2,72,-70
111900030,29,271,-242
111900031,15,28,-13
111900032,1,314,-313
111900033,2,83,-81
111900034,424,376,48
111900035,27,188,-161
111900036,1,215,-214
111900038,367,485,-118
111900039,37,343,-306
111900040,3,499,-496
111900042,25,116,-91
111900043,1,354,-353
111900044,302,174,128
111900046,31,151,-120
111900048,167,648,-481
111900049,30,197,-167
111900050,75,31,44
111900051,2,196,-194
111900052,426,461,-35
111900053,936,841,95
111900054,89,1,88
111900055,24,348,-324
111900056,166,230,-64
111900057,53,31,22
111900058,295,520,-225
111900059,1343,339,1004
111900060,294,2,292
111900061,6,177,-171
111900062,9,63,-54
111900063,409,214,195
111900064,128,206,-78
111900065,38,20,18
111900066,96,116,-20
111900067,0,251,-251
111900068,34,43,-9
111900069,45,8,37
111900070,104,116,-12
111900071,1,162,-161
111900072,46,19,27
111900073,574,161,413
111900074,16,117,-101
111900075,52,3,49
111900076,147,47,100
111900077,28,3,25
111900078,158,11,147
111900079,34,17,17
111900080,222,175,47
111900082,82,41,41
111900083,85,6,79
111900084,72,0,72
111900085,16,92,-76
111900086,31,5,26
111900087,40,0,40
111900088,396,8,388
111900089,118,4,114
111900090,21,35,-14
111900091,135,0,135
111900092,48,0,48
111900093,339,15,324
111900094,89,1,88
111900095,107,22,85
111900096,113,0,113
111900097,34,0,34
111900098,151,0,151
111900099,41,0,41
111900100,60,0,60
111900101,53,28,25
111900102,296,391,-95
111900103,53,55,-2
111900104,64,47,17
111900105,241,124,117
111900106,705,48,657
111900110,1360,301,1059
111900111,187,116,71
111900112,420,1484,-1064
111900113,215,85,130
111900118,205,98,107
111900119,255,157,98
111900122,86,75,11
111900123,22,22,0
111900124,26,104,-78
111900125,402,28,374
111900126,180,2,178
111900127,2,630,-628
111900128,5,516,-511
111900129,181,4,177
111900130,172,35,137
111900131,416,4,412
111900132,29,838,-809
111900133,11,244,-233
111900134,15,188,-173
111900135,2,10,-8
111900136,55,94,-39
111900137,60,63,-3
111900138,11,65,-54
111900139,11,79,-68
111900140,68,13,55
111900141,37,9,28
111900142,65,17,48
111900143,24,207,-183
111900144,0,57,-57
111900145,1,311,-310
111900146,3,188,-185
111900147,111,308,-197
111900148,17,470,-453
111900149,3,186,-183
111900150,6,119,-113
111900151,1,20,-19
111900152,50,55,-5
111900153,1031,334,697
111900154,5,133,-128
111900155,27,51,-24
111900156,25,81,-56
111900157,59,19,40
111900158,298,38,260
111900159,200,8,192
111900160,194,2,192
111900161,113,0,113
111900162,43,85,-42
111900163,18,195,-177
111900164,86,77,9
111901113,298,165,133
111901114,111,234,-123
111901115,41,1,40
111901116,27,1,26
111901117,30,20,10
111901118,63,153,-90
111901119,777,43,734
111901121,200,176,24
111901122,3,519,-516
111901123,127,331,-204
111901124,110,2,108
111901125,247,206,41
111901127,494,356,138
111901128,9,81,-72
111901129,1,95,-94
111901130,13,130,-117
111901131,10,224,-214
111901132,47,10,37
111901133,21,1,20
111901134,32,3,29
111901135,14,4,10
111901136,19,39,-20
111901137,0,20,-20
111901138,210,33,177
111901139,19,25,-6
111901140,1,52,-51
111901141,7,96,-89
111901142,3,77,-74
111901143,2,73,-71
111901144,38,40,-2
111901145,108,200,-92
111901146,446,27,419
111901147,366,89,277
111901148,8,31,-23
112000001,1400,689,711
112000002,659,2277,-1618
112000003,889,708,181
112000004,552,908,-356
112000005,2366,2629,-263
112000006,2200,1860,340
112000007,2005,1480,525
112000008,1798,3274,-1476
112000009,3209,3342,-133
112000010,2074,2457,-383
112000011,1795,1684,111
112000012,3610,2648,962
112000013,5732,2696,3036
112000014,3637,863,2774
112000015,5894,2471,3423
112000016,3977,765,3212
112000017,2296,1365,931
112000024,2411,972,1439
112000026,4320,5249,-929
112000027,670,540,130
112000028,1646,1393,253
112000029,374,528,-154
112000030,191,86,105
112000031,1207,3401,-2194
112000032,541,44,497
112000033,2017,1082,935
112000034,367,40,327
112000035,112,168,-56
112000036,1095,496,599
112000037,706,492,214
112000038,997,599,398
112000039,51,68,-17
112000040,97,223,-126
112000041,572,453,119
112000042,945,245,700
112000050,1078,1416,-338
112000051,747,918,-171
112000054,1432,1707,-275
112000057,318,347,-29
112000058,392,534,-142
112000059,516,635,-119
112000061,2814,1906,908
112000062,1605,530,1075
112000063,993,1147,-154
112000064,3554,4726,-1172
112000065,1907,2064,-157
112000066,3073,1201,1872
112000067,821,640,181
112000068,2532,1884,648
112000069,667,1552,-885
112000070,1461,746,715
112000071,863,2258,-1395
112000072,1846,750,1096
112000073,1456,1823,-367
112000074,1326,861,465
112000075,1294,1081,213
112000076,2696,2293,403
112000077,416,473,-57
112000078,1397,552,845
112000079,1088,1026,62
112000080,657,703,-46
112000081,1419,2061,-642
112000082,1214,781,433
112000083,665,1098,-433
112000084,1136,786,350
112000085,948,912,36
112000086,1378,1286,92
112000087,366,361,5
112000088,532,557,-25
112000089,231,302,-71
112000090,171,209,-38
112000091,643,1241,-598
112000092,1278,1089,189
112000093,1436,1042,394
112000094,516,899,-383
112000095,509,907,-398
112000096,369,632,-263
112000097,952,505,447
112000098,866,949,-83
112000099,536,1150,-614
112000100,1181,743,438
112000101,507,919,-412
112000102,917,474,443
112000103,273,911,-638
112000105,636,1473,-837
112000106,1373,403,970
112000107,72,129,-57
112000108,201,1556,-1355
112000109,139,70,69
112000110,1772,594,1178
112000111,1089,2740,-1651
112000112,2966,603,2363
112000113,775,1671,-896
112000114,2025,814,1211
112000115,281,380,-99
112000116,441,797,-356
112000117,857,646,211
112000118,906,790,116
112000119,441,706,-265
112000120,53,313,-260
112000121,92,529,-437
112000122,194,142,52
112000123,456,183,273
112000124,263,74,189
112000125,171,166,5
112000126,168,464,-296
112000127,1768,1438,330
112000128,883,539,344
112000129,152,81,71
112000130,141,50,91
112000131,37,317,-280
112000132,80,187,-107
112000133,311,191,120
112000134,290,341,-51
112000135,790,552,238
112000136,889,952,-63
112000137,1220,1176,44
112000138,1256,1193,63
112000139,790,454,336
112000140,1066,964,102
112000141,541,324,217
112000142,183,544,-361
112000143,834,249,585
112000144,256,1148,-892
112000145,1872,540,1332
112000146,603,1990,-1387
112000147,2091,1774,317
112000148,1824,2055,-231
112000149,334,530,-196
112000150,216,511,-295
112000151,319,363,-44
112000152,249,422,-173
112000153,195,263,-68
112000154,93,171,-78
112000155,142,136,6
112000157,556,472,84
112000158,213,470,-257
112000159,402,279,123
112000167,266,76,190
112000169,308,383,-75
112000173,487,199,288
112000175,357,338,19
112000176,2718,1956,762
112000177,442,112,330
112000178,84,340,-256
112000179,184,81,103
112000180,160,319,-159
112000181,1228,1991,-763
112000182,777,1591,-814
112000183,34,63,-29
112000184,294,383,-89
112000185,391,626,-235
112000187,3206,1846,1360
112000195,112,16,96
112000196,172,1,171
112000197,174,121,53
112000198,35,200,-165
112000199,976,819,157
112000202,271,1,270
112000216,49,316,-267
112000230,49,6,43
112000231,6,162,-156
112000256,35,176,-141
112000313,53,110,-57
112000314,49,30,19
112000337,229,430,-201
112000352,306,265,41
112000392,1093,1106,-13
112000398,943,753,190
112000399,1656,1383,273
112000400,1369,2637,-1268
112000401,2564,2071,493
112000402,2017,2229,-212
112000403,1611,2132,-521
112000404,556,594,-38
112000405,1333,2225,-892
112000406,3266,2662,604
112000407,5175,6090,-915
112000408,7513,6686,827
112000409,1422,4423,-3001
112000410,403,219,184
112000411,3381,1052,2329
112000412,1298,423,875
112000413,7086,3705,3381
112000414,57,88,-31
112000415,87,47,40
112000416,1770,1161,609
112000417,215,51,164
112000421,32,85,-53
112000422,277,322,-45
112000424,1862,1970,-108
112000425,414,893,-479
112000426,111,279,-168
112000427,0,11,-11
112000428,206,274,-68
112000429,1663,2238,-575
112000430,2079,2373,-294
112000431,57,122,-65
112000432,501,994,-493
112000433,453,678,-225
112000437,37,204,-167
112900001,47,0,47
112900002,282,923,-641
112900003,57,336,-279
112900004,40,246,-206
112900005,134,186,-52
112900006,6,308,-302
112900007,45,259,-214
112900008,0,27,-27
112900009,329,90,239
112900010,312,811,-499
112900011,167,230,-63
112900012,0,51,-51
112900013,1,96,-95
112900014,1,173,-172
112900015,338,568,-230
112900016,3,293,-290
112900017,36,139,-103
112900018,3,296,-293
112900019,45,138,-93
112900020,342,994,-652
112900021,8,277,-269
112900022,2,66,-64
112900023,2,228,-226
112900024,35,176,-141
112900025,76,226,-150
112900026,8,238,-230
112900027,6,977,-971
112900028,26,98,-72
112900029,7,548,-541
112900030,199,211,-12
112900031,2,367,-365
112900032,136,254,-118
112900034,0,43,-43
112900035,6,394,-388
112900036,28,103,-75
112900037,108,148,-40
112900038,378,125,253
112900039,13,287,-274
112900040,6,311,-305
112900041,706,808,-102
112900042,46,266,-220
112900043,24,30,-6
112900044,462,349,113
112900045,298,279,19
112900046,129,53,76
112900047,21,17,4
112900049,180,57,123
112900050,36,419,-383
112900051,215,468,-253
112900052,7,604,-597
112900053,174,94,80
112900054,119,42,77
112900055,128,23,105
112900056,290,151,139
112900057,37,478,-441
112900058,248,298,-50
112900059,88,89,-1
112900060,10,140,-130
112900061,115,97,18
112900062,67,129,-62
112900063,121,15,106
112900064,153,176,-23
112900065,18,32,-14
112900066,196,131,65
112900067,282,195,87
112900068,38,55,-17
112900069,1491,609,882
112900071,27,6,21
112900072,156,1350,-1194
112900073,190,65,125
112900074,60,207,-147
112900075,1183,725,458
112900076,110,10,100
112900078,237,321,-84
112900079,282,17,265
112900080,37,3,34
112900081,36,178,-142
112900082,523,21,502
112900083,88,80,8
112900084,159,116,43
112900086,52,0,52
112900087,479,79,400
112900088,64,5,59
112900089,626,29,597
112900090,33,14,19
112900091,181,4,177
112900092,106,167,-61
112900093,916,17,899
112900095,41,0,41
112900096,318,134,184
112900097,53,223,-170
112900098,45,0,45
112900099,780,8,772
112900100,39,0,39
112900101,229,5,224
112900102,111,6,105
112900103,158,1,157
112900104,441,1,440
112900105,9,1,8
112900106,353,91,262
112900107,6,1,5
112900108,16,0,16
112900109,102,0,102
112900110,926,5,921
112900111,546,1,545
112900112,174,1,173
112900113,0,22,-22
112900114,94,14,80
112900115,883,2,881
112900116,123,9,114
112900117,43,93,-50
112900118,29,77,-48
112900119,116,4,112
112900120,639,190,449
112900121,118,137,-19
112900122,15,77,-62
112900123,87,17,70
112900124,7,65,-58
112900125,29,347,-318
112900126,135,152,-17
112900127,343,92,251
112900128,260,699,-439
112900129,4,830,-826
112900130,231,57,174
112900131,37,206,-169
112900132,83,327,-244
112900133,22,835,-813
112900134,1,185,-184
112900135,97,29,68
112900137,1,502,-501
112900138,6,261,-255
112900139,197,1017,-820
112900141,461,18,443
112900142,73,108,-35
112900143,30,389,-359
112900144,2,249,-247
112900145,35,475,-440
112900146,4,923,-919
112900147,6,1426,-1420
112900148,84,1,83
112900149,248,380,-132
112900151,24,79,-55
112900152,3284,880,2404
112900153,1776,1576,200
112900154,0,116,-116
112900155,123,9,114
112900156,252,1059,-807
112900157,369,64,305
112900158,28,10,18
112900159,149,78,71
112900160,74,205,-131
112900161,117,37,80
112900162,29,21,8
112900163,88,27,61
112900164,23,175,-152
112900165,117,24,93
112900166,6,44,-38
112900167,5,37,-32
112900168,2,0,2
112900169,11,16,-5
112900170,54,77,-23
112900172,49,3,46
112900173,182,95,87
112900174,211,41,170
112900175,95,128,-33
112900176,13,31,-18
112900177,202,42,160
112900178,597,1961,-1364
112900179,26,393,-367
112900180,1444,1419,25
112900181,351,7,344
112900182,36,984,-948
112900183,116,227,-111
112900184,346,297,49
112900185,230,417,-187
112900186,1054,788,266
112900187,69,388,-319
112900188,748,225,523
112900189,8,17,-9
112900190,5,53,-48
112900192,428,407,21
112900193,994,263,731
112900194,44,115,-71
112900195,656,30,626
112900196,209,281,-72
112900197,149,271,-122
112900199,470,457,13
112900200,344,196,148
112900201,85,79,6
112900202,249,644,-395
112900203,187,222,-35
112900204,870,438,432
112900205,4,7,-3
112900206,32,92,-60
112900207,13,0,13
112900208,103,197,-94
112900209,451,306,145
112900210,1,67,-66
112900211,44,26,18
112900212,1,124,-123
112900213,35,21,14
112900214,19,13,6
112900215,13,187,-174
112900216,35,103,-68
112900217,0,46,-46
112900218,35,29,6
112900219,61,41,20
112900220,1,0,1
112900221,8,81,-73
112900222,0,7,-7
112900223,714,24,690
112900224,248,374,-126
112900225,255,285,-30
112900226,183,307,-124
112900227,352,1043,-691
112900228,58,28,30
112900229,106,55,51
112900230,5144,2968,2176
112900232,164,208,-44
112900233,65,146,-81
112900234,8,103,-95
112900235,124,28,96
112900236,135,20,115
112900237,294,208,86
112900238,0,47,-47
112900239,758,290,468
112900240,3,77,-74
112900241,10,64,-54
112900242,9,100,-91
112900243,5,80,-75
112900244,0,29,-29
112900245,0,24,-24
112900246,1,15,-14
112900247,63,21,42
112900248,10,0,10
112900249,33,6,27
112900250,46,13,33
112900251,34,29,5
112900252,23,16,7
112900253,12,1,11
112900254,14,4,10
112900255,0,5,-5
112900256,8,38,-30
112900257,9,23,-14
113000001,4229,4070,159
113000002,2489,2929,-440
113000003,1597,1613,-16
113000004,1662,2244,-582
113000005,1356,823,533
113000006,909,1173,-264
113000007,1848,1103,745
113000008,1626,1569,57
113000009,810,637,173
113000010,869,1191,-322
113000011,536,1414,-878
113000012,1269,561,708
113000013,1466,605,861
113000014,1674,1208,466
113000015,652,231,421
113000016,383,598,-215
113000017,33,252,-219
113000018,417,54,363
113000019,107,201,-94
113000020,420,50,370
113000021,1094,482,612
113000022,514,933,-419
113000025,175,387,-212
113000026,423,369,54
113000027,548,453,95
113000028,827,376,451
113000029,643,559,84
113000030,385,601,-216
113000031,282,263,19
113000032,221,266,-45
113000033,200,361,-161
113000034,338,315,23
113000035,28,28,0
113000036,12,47,-35
113000037,75,44,31
113000038,13,54,-41
113000039,65,396,-331
113000040,49,64,-15
113000042,659,479,180
113000051,581,2182,-1601
113000052,1458,724,734
113000053,249,346,-97
113000054,283,656,-373
113000055,985,596,389
113000056,782,887,-105
113000058,707,827,-120
113000059,999,633,366
113000060,184,475,-291
113000061,480,780,-300
113000062,712,206,506
113000063,109,89,20
113000064,41,237,-196
113000065,156,764,-608
113000066,561,117,444
113000067,1420,1127,293
113000068,331,1272,-941
113000069,455,1049,-594
113000070,1791,824,967
113000071,350,465,-115
113000072,621,388,233
113000073,357,1354,-997
113000074,853,377,476
113000075,1610,693,917
113000076,703,1707,-1004
113000077,1188,507,681
113000078,811,1951,-1140
113000079,750,702,48
113000080,580,557,23
113000081,637,673,-36
113000082,1026,687,339
113000083,507,842,-335
113000084,1246,1258,-12
113000085,660,697,-37
113000086,910,1106,-196
113000087,816,744,72
113000088,2004,1211,793
113000089,661,1339,-678
113000090,266,491,-225
113000091,453,293,160
113000094,937,158,779
113000095,217,708,-491
113000096,120,572,-452
113000097,858,291,567
113000098,73,14,59
113000099,728,292,436
113000100,136,388,-252
113000101,355,421,-66
113000102,425,327,98
113000103,1992,636,1356
113000104,380,1817,-1437
113000105,412,311,101
113000106,277,456,-179
113000107,705,747,-42
113000108,673,1173,-500
113000109,415,2019,-1604
113000110,1270,280,990
113000111,143,542,-399
113000112,320,229,91
113000113,1194,266,928
113000114,277,1345,-1068
113000116,532,240,292
113000117,625,123,502
113000118,135,465,-330
113000119,389,186,203
113000120,96,238,-142
113000121,444,591,-147
113000124,156,103,53
113000125,59,666,-607
113000127,2391,363,2028
113000128,378,570,-192
113000129,497,831,-334
113000133,1891,1369,522
113000134,3,889,-886
113000135,3129,3365,-236
113000137,1719,2604,-885
113000139,265,242,23
113000140,112,199,-87
113000141,163,164,-1
113000142,550,882,-332
113000143,214,163,51
113000144,277,526,-249
113000145,51,109,-58
113000146,113,71,42
113000147,147,102,45
113000148,105,101,4
113000149,87,100,-13
113000150,434,285,149
113000151,77,37,40
113000152,20,80,-60
113000153,1335,583,752
113000154,668,1388,-720
113000155,302,432,-130
113000156,102,420,-318
113000157,293,896,-603
113000158,712,205,507
113000159,780,640,140
113000160,622,1132,-510
113000161,194,411,-217
113000162,688,378,310
113000163,67,55,12
113000164,23,98,-75
113000166,122,89,33
113000167,36,93,-57
113000168,68,135,-67
113000169,134,49,85
113000170,80,84,-4
113000171,80,105,-25
113000172,233,50,183
113000173,50,23,27
113000174,65,461,-396
113000175,369,112,257
113000176,550,138,412
113000177,129,401,-272
113000178,213,287,-74
113000179,303,144,159
113000180,626,1018,-392
113000181,1168,826,342
113000182,200,292,-92
113000183,134,533,-399
113000184,12,101,-89
113000189,391,678,-287
113000190,870,450,420
113000192,1873,1501,372
113000193,3847,1245,2602
113000194,1548,881,667
113000195,2174,639,1535
113000196,228,67,161
113000197,1411,860,551
113000198,50,252,-202
113000199,988,209,779
113000201,702,269,433
113000202,2667,1499,1168
113000203,231,180,51
113000204,1884,1377,507
113000205,21,20,1
113000206,6,26,-20
113000207,64,10,54
113000208,5,38,-33
113000209,17,20,-3
113000210,8,19,-11
113000211,176,157,19
113000212,98,29,69
113000213,44,127,-83
113000214,175,182,-7
113000234,165,824,-659
113000410,291,177,114
113000411,2536,3842,-1306
113000412,6374,2418,3956
113000413,2730,2676,54
113000414,6444,10620,-4176
113000415,2028,2545,-517
113000416,7672,3798,3874
113000417,2272,2813,-541
113000418,3617,2343,1274
113000419,1361,1577,-216
113000420,3457,4560,-1103
113000421,3346,5245,-1899
113000422,9997,9108,889
113000423,1760,4319,-2559
113000424,2911,8352,-5441
113000425,9,100,-91
113000428,102,50,52
113000430,28,68,-40
113000432,1588,157,1431
113000433,85,658,-573
113000434,15,143,-128
113000435,43,468,-425
113000436,27,944,-917
113000437,824,33,791
113000438,174,18,156
113000439,15,85,-70
113000440,93,17,76
113000441,185,207,-22
113000442,135,172,-37
113000443,143,204,-61
113000444,179,152,27
113000445,112,105,7
113000446,20,100,-80
113000448,153,149,4
113000449,213,959,-746
113000450,386,2386,-2000
113000451,949,188,761
113000452,267,432,-165
113000453,124,280,-156
113000454,1169,61,1108
113000455,44,215,-171
113000456,3298,2240,1058
113000468,1427,188,1239
113000469,177,48,129
113000470,288,28,260
113000471,7,325,-318
113000472,66,286,-220
113000474,477,524,-47
113000475,1328,1335,-7
113000476,1058,1620,-562
113000477,2184,1839,345
113000478,3512,5094,-1582
113000479,26,187,-161
113000483,0,0,0
113000484,0,0,0
113000485,2,0,2
113000486,2,0,2
113000487,0,0,0
113000488,2,5,-3
113000489,0,0,0
113000490,0,1,-1
113000491,0,0,0
113000492,1,1,0
113000493,0,0,0
113000495,146,157,-11
113000496,107,105,2
113000499,0,0,0
113900001,2,173,-171
113900002,2,77,-75
113900003,0,49,-49
113900004,2,39,-37
113900005,0,57,-57
113900006,2,27,-25
113900007,156,21,135
113900008,56,0,56
113900009,193,3,190
113900010,183,0,183
113900011,102,3,99
113900012,33,3,30
113900013,699,9,690
113900014,657,2,655
113900015,1,52,-51
113900016,45,0,45
113900017,4,27,-23
113900018,341,171,170
113900019,71,53,18
113900020,116,1,115
113900022,16,0,16
113900023,31,0,31
113900024,31,36,-5
113900025,172,6,166
113900026,60,0,60
113900027,1,37,-36
113900028,24,376,-352
113900029,37,216,-179
113900030,197,4,193
113900031,4,1,3
113900032,18,0,18
113900033,59,54,5
113900035,31,0,31
113900036,7,60,-53
113900037,123,423,-300
113900038,54,89,-35
113900039,88,16,72
113900040,5,6,-1
113900041,5,3,2
113900042,53,28,25
113900043,109,104,5
113900044,425,204,221
113900045,76,1,75
113900046,192,484,-292
113900047,12,34,-22
113900048,183,64,119
113900049,519,313,206
113900050,147,223,-76
113900051,197,245,-48
113900052,112,145,-33
113900053,481,360,121
113900054,22,6,16
113900055,71,304,-233
113900056,24,65,-41
113900057,15,53,-38
113900058,37,102,-65
113900059,172,265,-93
113900060,132,255,-123
113900061,715,221,494
113900062,54,8,46
113900063,30,45,-15
113900064,16,108,-92
113900065,532,13,519
113900066,200,254,-54
113900067,46,132,-86
113900068,403,384,19
113900069,83,45,38
113900070,124,452,-328
113900071,23,17,6
113900072,57,120,-63
113900073,189,355,-166
113900074,38,179,-141
113900075,1156,1052,104
113900076,74,7,67
113900077,65,173,-108
113900078,21,30,-9
113900079,2,16,-14
113900080,395,205,190
113900081,58,107,-49
113900082,101,191,-90
113900083,138,216,-78
113900084,181,80,101
113900085,30,219,-189
113900086,2,11,-9
113900087,35,133,-98
113900088,53,83,-30
113900089,325,36,289
113900090,467,347,120
113900091,29,7,22
113900092,40,61,-21
113900093,63,502,-439
113900094,183,180,3
113900095,75,100,-25
113900096,159,39,120
113900097,53,58,-5
113900098,479,78,401
113900099,1,33,-32
113900100,0,2,-2
113900101,22,61,-39
113900102,122,112,10
113900103,239,150,89
113900104,78,209,-131
113900105,63,171,-108
113900106,0,29,-29
113900107,0,17,-17
113900108,196,157,39
113900109,252,161,91
113900110,64,27,37
113900111,108,80,28
113900112,69,50,19
113900113,737,398,339
113900114,0,78,-78
113900115,1,74,-73
113900116,70,106,-36
113900117,59,19,40
113900118,121,125,-4
113900119,173,428,-255
113900120,44,45,-1
113900121,66,87,-21
113900122,251,1533,-1282
113900123,365,204,161
113900124,0,59,-59
113900125,787,104,683
113900126,88,46,42
113900127,205,482,-277
113900128,77,67,10
113900129,10,115,-105
113900130,1,22,-21
113900131,141,70,71
113900132,41,69,-28
113900133,14,60,-46
113900135,227,323,-96
113900136,90,61,29
113900137,304,234,70
113900138,37,109,-72
113900139,227,128,99
113900140,253,304,-51
113900141,373,211,162
113900142,107,39,68
113900143,5,23,-18
113900144,226,122,104
113900145,262,147,115
113900146,120,41,79
113900148,110,281,-171
113900149,145,69,76
113900150,666,490,176
113900151,280,159,121
113900152,19,38,-19
113900153,301,438,-137
113900154,4,106,-102
113900155,145,123,22
113900156,215,350,-135
113900157,40,230,-190
113900158,300,263,37
113900159,10,237,-227
113900160,389,335,54
113900161,33,152,-119
113900162,435,576,-141
113900163,251,236,15
113900164,279,52,227
113900165,509,344,165
113900166,132,86,46
113900167,199,67,132
113900168,97,67,30
113900169,191,287,-96
113900171,199,63,136
113900172,9,123,-114
113900173,34,446,-412
113900174,379,480,-101
113900175,229,126,103
113900176,242,448,-206
113900177,277,110,167
113900178,200,117,83
113900179,12,404,-392
113900180,130,95,35
113900181,380,102,278
113900182,650,825,-175
113900183,50,69,-19
113900184,18,558,-540
113900185,140,69,71
113900186,19,21,-2
113900187,28,97,-69
113900188,35,113,-78
113900189,173,93,80
113900190,184,103,81
113900191,66,162,-96
113900192,4,281,-277
113900193,30,184,-154
113900194,1306,994,312
113900195,207,327,-120
113900196,3,108,-105
113900197,1,157,-156
113900198,14,146,-132
113900199,107,618,-511
113900200,9,202,-193
113900201,0,163,-163
113900202,20,253,-233
113900203,0,90,-90
113900204,41,375,-334
113900205,14,125,-111
113900206,6,145,-139
113900207,3,53,-50
113900208,0,66,-66
113900209,0,61,-61
113900210,390,575,-185
113900211,154,71,83
113900212,147,379,-232
113900214,354,262,92
113900215,89,100,-11
113900216,71,654,-583
113900217,55,246,-191
113900218,132,45,87
113900219,58,179,-121
113900220,110,69,41
113900221,246,109,137
113900222,190,346,-156
113900223,67,779,-712
113900224,92,55,37
113900225,286,169,117
113900226,288,65,223
113900227,284,170,114
113900228,212,353,-141
113900229,47,469,-422
113900230,3139,2225,914
113900231,115,125,-10
113900232,98,95,3
113900233,50,51,-1
113900234,279,337,-58
113900235,66,34,32
113900236,84,274,-190
113900237,114,7,107
113900238,154,477,-323
113900239,63,82,-19
113900240,10,124,-114
113900241,127,41,86
113900242,28,110,-82
113900243,72,367,-295
113900244,295,182,113
113900245,1051,194,857
113900246,13,20,-7
113900247,102,356,-254
113900248,2023,1401,622
113900249,672,290,382
113900250,37,126,-89
113900251,456,151,305
113900252,473,18,455
113900253,610,44,566
113900254,710,149,561
113900255,358,12,346
113900256,364,29,335
113900257,19,495,-476
113900258,11,310,-299
113900259,406,148,258
113900260,131,13,118
113900261,27,68,-41
113900262,137,428,-291
113900263,158,594,-436
113900264,3,381,-378
113900265,122,226,-104
113900266,20,117,-97
113900267,83,394,-311
113900268,224,342,-118
113900269,73,131,-58
113900270,311,501,-190
113900271,499,943,-444
113900273,71,9,62
113900274,41,42,-1
113900275,25,40,-15
113900276,5,140,-135
113900277,139,1,138
113900278,240,144,96
113900279,54,52,2
113900280,1129,368,761
113900281,617,1095,-478
113900282,628,443,185
113900283,291,426,-135
113900284,839,119,720
113900285,126,16,110
113900286,11,85,-74
113900287,50,31,19
113900288,0,84,-84
113900289,669,64,605
113900290,259,140,119
113900291,115,151,-36
113900292,11,2,9
113900293,3,151,-148
113900294,345,35,310
113900295,326,262,64
113900296,1543,365,1178
113900297,1924,25,1899
113900298,18,1362,-1344
113900299,38,180,-142
113900300,3603,2195,1408
113900301,480,145,335
113900302,2114,714,1400
113900303,398,290,108
113900304,5,130,-125
113900305,97,0,97
113900306,34,0,34
113900307,28,0,28
113900308,62,98,-36
113900309,5,969,-964
113900310,0,11,-11
113900311,4,0,4
113900312,159,130,29
113900313,17,11,6
114000001,758,2252,-1494
114000002,224,300,-76
114000003,22,158,-136
114000004,272,238,34
114000005,183,151,32
114000006,2498,1501,997
114000007,437,840,-403
114000008,1250,1282,-32
114000009,493,154,339
114000011,2058,2304,-246
114000012,1928,1469,459
114000013,1203,1211,-8
114000014,348,237,111
114000015,1308,328,980
114000016,172,309,-137
114000017,82,212,-130
114000018,187,47,140
114000026,1356,1016,340
114000027,2420,1678,742
114000028,2367,2296,71
114000038,171,95,76
114000039,110,20,90
114000040,68,148,-80
114000042,100,184,-84
114000043,61,97,-36
114000044,108,44,64
114000045,24,48,-24
114000046,2602,3278,-676
114000047,19,42,-23
114000048,40,34,6
114000049,1324,1117,207
114000050,1272,1571,-299
114000051,2606,1269,1337
114000052,3773,1001,2772
114000053,41,352,-311
114000054,144,588,-444
114000055,351,15,336
114000056,1032,632,400
114000057,4967,1833,3134
114000058,572,1059,-487
114000059,220,263,-43
114000060,526,612,-86
114000061,2614,1979,635
114000062,2172,902,1270
114000063,2791,1482,1309
114000064,5416,2820,2596
114000065,1471,1936,-465
114000066,430,448,-18
114000067,12,461,-449
114000068,338,388,-50
114000069,644,390,254
114000070,1728,1497,231
114000071,548,331,217
114000072,271,180,91
114000073,9,50,-41
114000074,30,9,21
114000075,33,84,-51
114000076,17,89,-72
114000077,4,30,-26
114000078,234,357,-123
114000079,108,12,96
114000080,57,50,7
114000081,47,49,-2
114000082,27,408,-381
114000083,55,171,-116
114000084,209,61,148
114000085,86,456,-370
114000086,154,287,-133
114000087,85,169,-84
114000088,49,46,3
114000089,733,327,406
114000090,586,546,40
114000091,1274,630,644
114000092,627,335,292
114000093,920,530,390
114000094,460,263,197
114000095,272,106,166
114000096,75,336,-261
114000097,156,566,-410
114000098,342,57,285
114000099,378,530,-152
114000100,908,605,303
114000101,403,745,-342
114000102,379,274,105
114000103,164,400,-236
114000104,11,161,-150
114000105,100,54,46
114000106,541,571,-30
114000107,266,104,162
114000108,1263,895,368
114000109,357,799,-442
114000110,532,1287,-755
114000111,1122,547,575
114000112,534,1734,-1200
114000113,980,400,580
114000114,1257,1192,65
114000115,1392,695,697
114000116,564,1172,-608
114000117,1975,364,1611
114000118,1698,379,1319
114000119,1116,338,778
114000120,443,772,-329
114000121,300,610,-310
114000122,305,243,62
114000123,1380,307,1073
114000124,563,231,332
114000125,709,1214,-505
114000126,1074,185,889
114000127,154,132,22
114000128,786,333,453
114000130,424,382,42
114000131,220,86,134
114000132,494,422,72
114000133,666,877,-211
114000134,47,97,-50
114000138,38,154,-116
114000139,345,164,181
114000144,621,386,235
114000145,69,175,-106
114000146,78,222,-144
114000147,939,1208,-269
114000148,1897,1581,316
114000149,283,199,84
114000150,544,475,69
114000151,532,950,-418
114000152,119,35,84
114000153,671,1270,-599
114000154,656,474,182
114000155,909,1572,-663
114000156,688,420,268
114000157,221,726,-505
114000158,1215,542,673
114000159,167,318,-151
114000160,98,276,-178
114000161,1196,2370,-1174
114000162,691,1466,-775
114000163,8,78,-70
114000165,425,216,209
114000166,480,227,253
114000167,2592,1218,1374
114000168,783,580,203
114000169,1258,878,380
114000170,873,780,93
114000171,762,2382,-1620
114000174,202,379,-177
114000176,603,364,239
114000177,1571,889,682
114000178,44,29,15
114000179,1083,639,444
114000180,379,706,-327
114000181,1380,2660,-1280
114000182,3274,2262,1012
114000183,748,978,-230
114000184,3407,1105,2302
114000185,973,704,269
114000189,617,82,535
114000190,1848,342,1506
114000191,25,77,-52
114000192,240,1462,-1222
114000193,902,2956,-2054
114000194,1018,820,198
114000195,122,31,91
114000196,0,228,-228
114000197,1020,57,963
114000198,949,261,688
114000199,1654,1331,323
114000200,478,1376,-898
114000201,112,669,-557
114000202,826,477,349
114000203,422,612,-190
114000204,173,336,-163
114000205,181,1238,-1057
114000206,484,1114,-630
114000207,513,1542,-1029
114000208,387,2325,-1938
114000209,480,1976,-1496
114000210,244,1307,-1063
114000211,813,1349,-536
114000212,510,601,-91
114000213,1109,513,596
114000214,59,175,-116
114000215,185,54,131
114000216,1111,209,902
114000217,234,178,56
114000218,109,278,-169
114000219,942,192,750
114000220,28,903,-875
114000221,604,129,475
114000222,132,873,-741
114000223,405,80,325
114000224,77,491,-414
114000225,249,535,-286
114000226,99,153,-54
114000227,602,356,246
114000228,618,676,-58
114000229,887,1053,-166
114000230,1242,1105,137
114000231,707,1074,-367
114000232,473,104,369
114000233,1389,111,1278
114000234,1087,836,251
114000235,977,1268,-291
114000236,1,506,-505
114000237,118,810,-692
114000238,105,140,-35
114000239,114,1080,-966
114000240,541,620,-79
114000241,238,943,-705
114000242,976,886,90
114000243,998,778,220
114000244,392,363,29
114000245,251,630,-379
114000246,151,32,119
114000247,580,579,1
114000248,896,394,502
114000249,371,378,-7
114000250,420,691,-271
114000251,258,287,-29
114000252,92,59,33
114000253,50,92,-42
114000254,32,44,-12
114000255,356,119,237
114000256,1687,1416,271
114000257,406,1256,-850
114000258,194,376,-182
114000259,58,181,-123
114000260,0,24,-24
114000261,53,26,27
114000262,104,108,-4
114000263,4,2,2
114000264,642,309,333
114000265,0,5,-5
114000267,0,1299,-1299
114000268,4,1621,-1617
114000270,55,0,55
114000271,425,74,351
114000283,805,354,451
114000285,29,226,-197
114000288,64,237,-173
114000289,832,133,699
114000293,112,374,-262
114000294,151,234,-83
114000395,1315,61,1254
114000396,426,372,54
114000402,328,213,115
114000403,258,354,-96
114000405,83,403,-320
114000423,267,357,-90
114000424,209,101,108
114000425,554,280,274
114000426,238,717,-479
114000427,30,67,-37
114000428,221,175,46
114000429,14,169,-155
114000432,57,97,-40
114000434,21,81,-60
114000435,1,122,-121
114900001,468,876,-408
114900002,325,88,237
114900003,427,1378,-951
114900004,267,390,-123
114900005,415,745,-330
114900006,44,24,20
114900007,154,11,143
114900008,108,55,53
114900010,1575,1606,-31
114900011,156,123,33
114900013,156,97,59
114900015,45,302,-257
114900018,545,41,504
114900020,161,64,97
114900022,27,468,-441
114900024,251,118,133
114900025,350,177,173
114900026,45,94,-49
114900027,149,154,-5
114900029,42,17,25
114900030,234,143,91
114900031,303,24,279
114900032,269,30,239
114900033,539,443,96
114900034,51,179,-128
114900035,126,152,-26
114900036,166,587,-421
114900037,97,136,-39
114900038,132,526,-394
114900039,393,375,18
114900040,69,92,-23
114900041,488,435,53
114900042,551,769,-218
114900043,476,207,269
114900044,122,24,98
114900046,26,81,-55
114900047,175,1384,-1209
114900048,97,220,-123
114900049,5,171,-166
114900050,44,317,-273
114900051,17,323,-306
114900052,25,160,-135
114900053,49,245,-196
114900054,16,105,-89
114900057,201,4,197
114900058,0,37,-37
114900059,51,45,6
114900060,1035,544,491
114900061,87,118,-31
114900062,182,191,-9
114900063,50,136,-86
114900064,1020,444,576
114900065,320,592,-272
114900067,48,388,-340
114900068,44,121,-77
114900069,181,94,87
114900070,427,307,120
114900072,3,245,-242
114900073,0,81,-81
114900074,403,521,-118
114900075,116,4,112
114900076,10,254,-244
114900080,1514,381,1133
114900082,2770,1666,1104
114900083,1202,1146,56
114900090,245,137,108
114900091,92,179,-87
114900095,216,115,101
114900096,363,376,-13
114900097,93,2,91
114900098,0,161,-161
114900099,139,6,133
115000001,5554,4226,1328
115000002,2888,3211,-323
115000003,4248,3439,809
115000004,3233,4476,-1243
115000005,1374,2137,-763
115000006,773,1353,-580
115000007,132,145,-13
115000008,337,466,-129
115000009,141,249,-108
115000010,281,103,178
115000013,61,158,-97
115000015,92,261,-169
115000016,51,196,-145
115000019,16,372,-356
115000020,179,606,-427
115000021,257,435,-178
115000022,472,357,115
115000023,323,482,-159
115000024,971,483,488
115000025,658,527,131
115000026,154,371,-217
115000027,176,256,-80
115000028,181,850,-669
115000029,397,101,296
115000030,578,1038,-460
115000031,1036,227,809
115000032,6,264,-258
115000033,129,43,86
115000034,85,923,-838
115000035,1017,50,967
115000036,1,308,-307
115000037,479,7,472
115000038,44,182,-138
115000039,2954,2705,249
115000040,5012,2926,2086
115000041,944,2248,-1304
115000042,646,501,145
115000043,2890,1897,993
115000044,3512,3562,-50
115000045,1998,1807,191
115000046,1635,1967,-332
115000047,1618,1216,402
115000048,1457,2336,-879
115000049,1526,3199,-1673
115000050,2486,1610,876
115000051,1450,2164,-714
115000052,2506,1612,894
115000053,1377,1232,145
115000054,657,1318,-661
115000055,182,583,-401
115000056,217,536,-319
115000057,662,772,-110
115000058,622,232,390
115000059,216,133,83
115000061,271,114,157
115000062,176,263,-87
115000063,264,303,-39
115000064,210,100,110
115000065,35,328,-293
115000067,221,21,200
115000069,79,255,-176
115000070,20,661,-641
115000071,116,30,86
115000072,22,76,-54
115000073,1145,54,1091
115000075,87,70,17
115000076,2988,2376,612
115000077,1551,2018,-467
115000078,869,1315,-446
115000079,949,1529,-580
115000080,1739,2046,-307
115000081,398,840,-442
115000082,3027,3004,23
115000083,1802,2300,-498
115000084,1432,937,495
115000085,508,858,-350
115000086,749,663,86
115000087,301,1417,-1116
115000088,1370,424,946
115000089,1378,1161,217
115000090,459,627,-168
115000091,228,900,-672
115000092,390,288,102
115000093,393,4,389
115000094,5934,4410,1524
115000095,4092,4702,-610
115000096,470,1349,-879
115000097,673,735,-62
115000098,875,720,155
115000099,1896,2714,-818
115000100,759,340,419
115000101,356,1478,-1122
115000102,347,199,148
115000103,301,678,-377
115000105,34,182,-148
115000106,486,241,245
115000107,142,444,-302
115000108,3140,2264,876
115000109,3535,3103,432
115000110,1310,938,372
115000111,640,1839,-1199
115000112,492,489,3
115000113,547,850,-303
115000114,1595,713,882
115000116,3126,1609,1517
115000117,3262,2688,574
115000118,1772,1429,343
115000119,1481,1963,-482
115000120,555,1010,-455
115000121,1433,843,590
115000122,3232,1272,1960
115000123,1219,1716,-497
115000124,979,837,142
115000125,342,550,-208
115000126,111,241,-130
115000127,350,79,271
115000128,343,596,-253
115000129,245,256,-11
115000130,431,716,-285
115000131,697,239,458
115000132,189,289,-100
115000133,440,259,181
115000134,182,143,39
115000135,173,137,36
115000136,233,171,62
115000137,116,130,-14
115000138,237,243,-6
115000139,197,224,-27
115000140,258,190,68
115000141,165,303,-138
115000142,145,241,-96
115000143,519,548,-29
115000144,449,88,361
115000145,242,311,-69
115000146,350,185,165
115000147,336,486,-150
115000148,202,979,-777
115000149,417,184,233
115000150,550,758,-208
115000151,741,453,288
115000152,634,994,-360
115000153,757,385,372
115000154,556,222,334
115000155,483,826,-343
115000156,869,544,325
115000157,676,753,-77
115000158,572,308,264
115000159,723,392,331
115000160,421,295,126
115000161,108,441,-333
115000162,671,577,94
115000163,552,615,-63
115000164,697,587,110
115000165,312,462,-150
115000167,148,58,90
115000168,456,312,144
115000169,499,292,207
115000170,184,111,73
115000171,338,207,131
115000172,1025,546,479
115000173,304,393,-89
115000174,86,260,-174
115000175,164,84,80
115000176,81,73,8
115000177,93,55,38
115000178,27,206,-179
115000179,62,21,41
115000180,101,489,-388
115000181,506,90,416
115000182,666,283,383
115000183,222,813,-591
115000186,612,242,370
115000187,176,743,-567
115000188,320,477,-157
115000189,164,371,-207
115000190,690,385,305
115000191,170,402,-232
115000194,121,177,-56
115000195,276,312,-36
115000196,104,99,5
115000197,182,211,-29
115000198,201,161,40
115000199,251,186,65
115000200,231,75,156
115000201,94,269,-175
115000206,250,53,197
115000207,102,266,-164
115000208,243,538,-295
115000209,534,257,277
115000210,96,100,-4
115000211,157,186,-29
115000212,1419,259,1160
115000224,492,58,434
115000225,49,85,-36
115000229,186,157,29
115000230,107,328,-221
115000231,258,1658,-1400
115000232,1208,287,921
115000233,177,140,37
115000234,30,292,-262
115000241,87,211,-124
115000242,66,264,-198
115000243,26,198,-172
115000244,15,88,-73
115000246,48,26,22
115000247,30,10,20
115000248,27,12,15
115000249,37,10,27
115000250,238,52,186
115000251,183,80,103
115000252,64,140,-76
115000253,7,293,-286
115000258,203,151,52
115000259,243,107,136
115000261,11,40,-29
115000262,4,21,-17
115000263,5,52,-47
115000264,21,40,-19
115000267,66,60,6
115000268,29,112,-83
115000269,96,50,46
115000270,3,10,-7
115000272,52,147,-95
115000273,399,26,373
115000280,1051,177,874
115000281,283,485,-202
115000282,1024,543,481
115000284,357,147,210
115000296,1161,16,1145
115000297,157,63,94
115000298,59,291,-232
115000300,165,168,-3
115000302,531,140,391
115000303,476,115,361
115000304,497,66,431
115000305,74,553,-479
115000306,141,294,-153
115000307,67,140,-73
115000308,23,20,3
115000309,10,30,-20
115000310,762,890,-128
115000311,638,996,-358
115000313,74,532,-458
115000314,335,113,222
115000315,934,444,490
115000316,46,103,-57
115000317,144,432,-288
115000318,628,266,362
115000319,48,301,-253
115000320,9,261,-252
115000321,507,5,502
115000322,31,190,-159
115000449,167,176,-9
115000557,2,826,-824
115000558,520,72,448
115000587,367,250,117
115000588,2213,2574,-361
115000589,3044,2276,768
115000590,836,1066,-230
115000591,1052,506,546
115000592,553,1512,-959
115000593,1080,452,628
115000594,897,2008,-1111
115000609,161,235,-74
115000617,1507,2422,-915
115000624,207,77,130
115000633,335,1764,-1429
115000634,2255,688,1567
115000635,419,148,271
115000638,701,813,-112
115000641,43,132,-89
115000642,288,228,60
115000643,88,410,-322
115000644,144,341,-197
115000646,670,1161,-491
115000647,167,371,-204
115000648,1246,1742,-496
115000893,3031,1432,1599
115000894,148,1061,-913
115000895,533,766,-233
115000896,1556,322,1234
115000897,504,100,404
115000898,599,213,386
115000899,435,918,-483
115000900,194,291,-97
115000901,124,114,10
115000912,366,69,297
115000913,3,15,-12
115000915,25,0,25
115000916,9,0,9
115000917,0,7,-7
115000918,62,248,-186
115000919,5,9,-4
115000920,38,32,6
115000921,452,76,376
115000922,1205,595,610
115000923,598,1010,-412
115000925,104,64,40
115000927,46,47,-1
115000933,259,171,88
115000934,126,226,-100
115000935,104,93,11
115000936,20,414,-394
115000937,746,141,605
115000938,188,202,-14
115000939,118,157,-39
115000940,19,18,1
115000941,8,9,-1
115000942,67,97,-30
115000943,69,14,55
115000944,0,20,-20
115900001,81,34,47
115900002,82,128,-46
115900003,117,122,-5
115900004,0,45,-45
115900005,136,7,129
115900006,91,184,-93
115900008,34,17,17
115900009,87,185,-98
115900010,193,143,50
115900011,234,196,38
115900012,105,71,34
115900013,299,151,148
115900014,101,99,2
115900015,75,64,11
115900016,88,20,68
115900017,10,4,6
115900018,143,62,81
115900019,163,17,146
115900020,51,6,45
115900021,1061,120,941
115900022,1073,17,1056
115900023,61,5,56
115900025,39,191,-152
115900026,647,202,445
115900027,1,213,-212
115900028,543,46,497
115900029,23,377,-354
115900030,24,30,-6
115900031,381,218,163
115900032,360,534,-174
115900033,0,26,-26
115900034,33,328,-295
115900035,32,18,14
115900036,90,441,-351
115900037,30,290,-260
115900038,15,10,5
115900039,139,120,19
115900041,470,381,89
115900042,13,5,8
115900043,72,57,15
115900044,147,201,-54
115900046,178,193,-15
115900047,174,80,94
115900049,104,172,-68
115900051,2,84,-82
115900052,9,224,-215
115900053,143,140,3
115900054,167,81,86
115900055,15,107,-92
115900056,181,213,-32
115900057,18,26,-8
115900058,38,57,-19
115900060,88,91,-3
115900061,161,0,161
115900062,18,274,-256
115900063,92,12,80
115900064,94,219,-125
115900065,121,76,45
115900066,182,90,92
115900067,13,523,-510
115900068,2958,506,2452
115900069,46,155,-109
115900070,176,133,43
115900071,0,344,-344
115900072,40,136,-96
115900073,44,60,-16
115900074,2,214,-212
115900075,29,178,-149
115900076,4,62,-58
115900077,5,254,-249
115900078,32,101,-69
115900079,134,15,119
115900080,530,247,283
115900081,13,73,-60
115900082,183,114,69
115900084,258,18,240
115900085,31,55,-24
115900086,1332,460,872
115900088,6,67,-61
115900089,242,640,-398
115900090,219,27,192
115900091,3,20,-17
115900092,20,169,-149
115900093,17,41,-24
115900094,1,312,-311
115900096,1,5,-4
115900097,6,436,-430
115900098,131,266,-135
115900099,55,37,18
115900100,11,449,-438
115900101,95,283,-188
115900102,30,61,-31
115900103,270,162,108
115900104,40,116,-76
115900105,127,407,-280
115900106,41,19,22
115900107,36,111,-75
115900108,74,34,40
115900109,31,316,-285
115900110,1,26,-25
115900111,1,125,-124
115900112,44,711,-667
115900113,21,31,-10
115900114,0,112,-112
115900115,63,166,-103
115900116,89,699,-610
115900117,35,20,15
115900118,5,290,-285
115900119,86,120,-34
115900120,27,185,-158
115900121,149,145,4
115900124,154,417,-263
115900125,192,52,140
115900126,458,73,385
115900127,495,70,425
115900128,7,96,-89
115900129,547,30,517
115900130,22,248,-226
115900131,249,19,230
115900132,356,11,345
115900134,252,19,233
115900135,475,883,-408
115900137,34,3,31
115900139,38,45,-7
115900140,164,25,139
115900141,5,21,-16
115900142,9,9,0
115900143,183,166,17
115900144,46,131,-85
115900146,4,105,-101
115900147,237,219,18
115900148,52,8,44
115900149,82,28,54
115900150,39,23,16
115900151,13,73,-60
115900152,95,265,-170
115900153,79,143,-64
115900154,338,323,15
115900155,0,55,-55
115900156,439,644,-205
115900157,148,405,-257
115900158,23,11,12
115900159,93,228,-135
115900160,15,8,7
115900161,35,130,-95
115900163,137,96,41
115900164,468,8,460
115900166,171,155,16
115900168,87,110,-23
115900171,74,358,-284
115900172,63,104,-41
115900173,191,117,74
115900174,238,208,30
115900175,69,159,-90
115900178,8,568,-560
115900179,180,14,166
115900180,53,150,-97
115900181,103,158,-55
115900182,256,186,70
115900183,58,35,23
115900184,1532,15,1517
115900187,12,103,-91
115900189,1,187,-186
115900190,181,909,-728
115900191,31,308,-277
115900192,11,129,-118
115900193,81,96,-15
115900194,444,43,401
115900195,528,1475,-947
115900198,145,250,-105
115900199,121,173,-52
115900200,235,195,40
115900201,402,312,90
115900202,0,34,-34
115900203,5,10,-5
115900204,3,9,-6
115900205,104,14,90
115900206,161,165,-4
115900207,14,16,-2
115900208,91,142,-51
115900209,5,156,-151
115900210,3,101,-98
115900211,2,140,-138
115900212,111,143,-32
115900213,126,68,58
115900214,376,182,194
115900215,21,57,-36
115900216,2,86,-84
115900217,1,36,-35
115900218,1,29,-28
115900219,63,3,60
115900220,95,15,80
115900221,34,14,20
115900222,30,26,4
115900223,5,212,-207
115900224,958,581,377
115900225,54,26,28
115900226,29,42,-13
115900227,7,24,-17
115900228,2,26,-24
115900229,5,43,-38
115900230,55,117,-62
115900231,98,7,91
115900232,53,3,50
115900233,42,16,26
115900234,47,16,31
115900235,33,23,10
115900236,21,10,11
115900237,18,21,-3
115900238,8,18,-10
115900239,8,16,-8
115900240,8,40,-32
115900241,163,74,89
115900242,207,236,-29
115900243,2,11,-9
115900244,13,4,9
115900245,52,12,40
115900246,17,12,5
115900247,33,15,18
115900248,12,7,5
115900249,3,10,-7
115900250,3,23,-20
115900251,0,7,-7
115900252,7,1,6
115900253,12,25,-13
115900254,17,27,-10
115900255,3,23,-20
115900256,9,26,-17
115900257,3,15,-12
115900258,0,2,-2
115900259,2,0,2
115900260,9,1,8
115900261,2,0,2
115900262,0,0,0
115900263,7,0,7
115900264,2,2,0
115900265,1,6,-5
115900266,0,5,-5
115900267,10,5,5
115900268,5,4,1
115900269,239,289,-50
115900270,271,252,19
115900271,51,0,51
115900272,19,2,17
115900273,2,10,-8
115900274,1,7,-6
115900275,2,8,-6
115900276,0,24,-24
115900277,0,41,-41
115900278,15,82,-67
115900279,11,137,-126
115900280,8,229,-221
115900281,383,208,175
115900282,7,15,-8
115900283,18,11,7
115900284,4,2,2
116000001,10433,4209,6224
116000002,3568,6933,-3365
116000003,1277,1273,4
116000004,1693,2129,-436
116000005,2397,2581,-184
116000006,2502,1509,993
116000007,2687,3289,-602
116000008,2862,1697,1165
116000009,1710,2612,-902
116000010,2092,1195,897
116000011,902,1911,-1009
116000012,1066,778,288
116000013,9062,3642,5420
116000014,10916,8381,2535
116000015,276,828,-552
116000016,4660,2234,2426
116000017,20,501,-481
116000018,498,189,309
116000019,508,231,277
116000020,376,548,-172
116000021,313,211,102
116000022,246,221,25
116000023,732,500,232
116000024,539,634,-95
116000025,535,488,47
116000026,1455,1925,-470
116000027,603,393,210
116000028,343,419,-76
116000029,655,527,128
116000030,627,306,321
116000031,115,249,-134
116000032,331,154,177
116000033,209,398,-189
116000034,456,704,-248
116000035,250,636,-386
116000036,1504,714,790
116000037,651,377,274
116000038,408,340,68
116000039,605,230,375
116000040,946,201,745
116000041,210,370,-160
116000042,462,173,289
116000043,48,479,-431
116000044,24,83,-59
116000045,1237,947,290
116000046,1043,997,46
116000047,1507,1921,-414
116000048,1452,1332,120
116000049,802,1724,-922
116000050,1033,990,43
116000051,4434,1562,2872
116000052,4418,3647,771
116000053,1509,746,763
116000054,654,1874,-1220
116000055,415,867,-452
116000056,615,795,-180
116000057,2010,1475,535
116000058,1959,1490,469
116000059,1887,2986,-1099
116000060,1694,807,887
116000061,576,760,-184
116000062,658,209,449
116000063,597,892,-295
116000066,169,391,-222
116000067,286,363,-77
116000068,158,215,-57
116000069,200,293,-93
116000078,392,929,-537
116000080,1533,1069,464
116000082,12,60,-48
116000083,1168,289,879
116000084,1916,3858,-1942
116000085,1735,1219,516
116000086,1865,1406,459
116000087,1399,1120,279
116000088,621,938,-317
116000089,139,85,54
116000090,102,181,-79
116000091,194,258,-64
116000093,422,312,110
116000094,358,595,-237
116000095,506,346,160
116000096,583,1035,-452
116000097,555,514,41
116000098,98,3895,-3797
116000099,4857,179,4678
116000100,138,11,127
116000101,887,639,248
116000102,187,1054,-867
116000103,373,197,176
116000104,212,1163,-951
116000105,893,172,721
116000106,296,709,-413
116000107,1162,355,807
116000108,119,169,-50
116000111,163,42,121
116000113,94,65,29
116000114,36,145,-109
116000115,197,75,122
116000116,304,487,-183
116000117,1203,1932,-729
116000118,1093,1168,-75
116000119,2252,1764,488
116000120,2444,3847,-1403
116000121,583,492,91
116000122,1072,1545,-473
116000123,596,437,159
116000124,277,870,-593
116000125,2086,552,1534
116000126,208,1391,-1183
116000127,909,1173,-264
116000128,1134,649,485
116000129,790,177,613
116000130,383,304,79
116000133,637,830,-193
116000134,1575,2024,-449
116000135,1422,1237,185
116000136,958,1905,-947
116000137,765,570,195
116000138,701,406,295
116000139,1605,1612,-7
116000140,209,158,51
116000141,251,614,-363
116000142,2853,2954,-101
116000143,1611,1442,169
116000144,1123,1980,-857
116000145,1367,1176,191
116000146,321,252,69
116000147,310,112,198
116000148,328,381,-53
116000149,360,393,-33
116000151,756,556,200
116000153,78,401,-323
116000155,179,226,-47
116000156,277,873,-596
116000157,39,13,26
116000158,238,202,36
116000159,8,14,-6
116000160,24,42,-18
116000161,4,49,-45
116000162,37,54,-17
116000163,14,13,1
116000164,5,30,-25
116000177,93,74,19
116000194,116,406,-290
116000195,1372,710,662
116000196,8,4,4
116000197,8,16,-8
116000198,2101,783,1318
116000200,478,264,214
116000201,485,508,-23
116000202,8,220,-212
116000203,2,116,-114
116000204,5,56,-51
116000205,0,149,-149
116000206,0,94,-94
116000207,6,28,-22
116000233,177,372,-195
116000287,117,448,-331
116000288,156,176,-20
116000292,47,119,-72
116000296,18,169,-151
116000297,104,37,67
116000304,119,42,77
116000305,14,53,-39
116000346,131,93,38
116000352,131,21,110
116000354,45,17,28
116000357,44,27,17
116000358,190,54,136
116000361,360,7,353
116000372,5909,2844,3065
116000381,74,0,74
116000388,0,45,-45
116000389,594,474,120
116000445,215,490,-275
116000446,371,502,-131
116000447,18,418,-400
116000448,502,165,337
116000563,689,554,135
116000565,40,381,-341
116000568,45,170,-125
116000579,24,87,-63
116000584,10,6,4
116000585,25,9,16
116000586,49,50,-1
116000587,350,414,-64
116000589,23,41,-18
116000590,48,55,-7
116000591,156,189,-33
116000592,14,99,-85
116000593,1,16,-15
116000594,350,390,-40
116000595,351,148,203
116000596,85,6,79
116000597,286,58,228
116000598,8,148,-140
116000605,206,85,121
116000606,79,192,-113
116000607,5,40,-35
116000609,142,588,-446
116000611,77,489,-412
116000612,600,1673,-1073
116000613,398,263,135
116000614,354,517,-163
116000615,2,222,-220
116000616,34,47,-13
116000617,68,33,35
116000618,2,66,-64
116000619,27,42,-15
116000620,81,67,14
116000621,60,86,-26
116000622,44,117,-73
116000624,130,86,44
116000627,43,43,0
116000628,56,408,-352
116000629,45,348,-303
116000630,345,19,326
116000631,207,34,173
116000632,638,111,527
116000633,172,203,-31
116000634,314,169,145
116000635,2412,1478,934
116000636,870,790,80
116000637,427,70,357
116000638,118,334,-216
116000640,9,16,-7
116000641,52,143,-91
116000644,18,543,-525
116900001,164,121,43
116900002,153,1,152
116900003,18,34,-16
116900004,30,46,-16
116900005,165,53,112
116900006,137,103,34
116900007,94,109,-15
116900008,314,273,41
116900009,13,4,9
116900010,6,1097,-1091
116900011,9,31,-22
116900012,85,101,-16
116900013,2,138,-136
116900014,60,182,-122
116900015,204,41,163
116900016,143,1,142
116900017,2,436,-434
116900018,28,55,-27
116900019,9,212,-203
116900020,831,772,59
116900023,49,3,46
116900024,360,39,321
116900025,627,604,23
116900026,139,482,-343
116900027,29,55,-26
116900028,2,65,-63
116900029,0,40,-40
116900031,10,1,9
116900032,3,288,-285
116900033,7,12,-5
116900034,7,49,-42
116900035,143,166,-23
116900036,1,67,-66
116900038,33,0,33
116900041,21,14,7
116900042,617,220,397
116900043,14,41,-27
116900047,11,73,-62
116900049,18,252,-234
116900050,83,348,-265
116900051,74,117,-43
116900052,126,35,91
116900055,1,11,-10
116900057,20,209,-189
116900058,25,267,-242
116900059,1,122,-121
116900060,119,171,-52
116900062,1,6,-5
116900064,44,518,-474
116900065,15,82,-67
116900067,68,63,5
116900068,107,148,-41
116900070,0,5,-5
116900072,19,226,-207
116900073,4,78,-74
116900074,2,46,-44
116900076,2,13,-11
116900077,6,91,-85
116900078,205,63,142
116900079,22,155,-133
116900080,38,18,20
116900081,264,868,-604
116900082,439,699,-260
116900083,64,39,25
116900084,171,46,125
116900085,43,151,-108
116900086,65,144,-79
116900088,276,48,228
116900090,174,40,134
116900091,231,30,201
116900092,73,478,-405
116900093,1177,1412,-235
116900094,3529,2497,1032
116900095,140,71,69
116900096,66,255,-189
116900097,2258,1858,400
116900098,760,209,551
116900099,541,349,192
116900100,604,22,582
116900101,234,428,-194
116900103,4,0,4
116900104,98,59,39
116900105,223,106,117
116900106,1182,155,1027
116900107,2743,1534,1209
116900110,11,0,11
116900111,328,524,-196
116900112,166,876,-710
116900113,1539,1217,322
116900116,119,333,-214
116900117,74,61,13
116900118,597,547,50
116900120,211,63,148
116900121,75,25,50
116900122,521,480,41
116900123,66,506,-440
116900124,118,671,-553
116900125,288,128,160
116900126,136,393,-257
116900128,0,27,-27
116900129,1,190,-189
116900130,514,2026,-1512
116900131,48,169,-121
116900132,21,63,-42
116900133,66,112,-46
116900134,139,169,-30
116900136,109,123,-14
116900137,206,142,64
116900138,157,138,19
116900139,104,371,-267
116900140,119,142,-23
116900141,476,423,53
116900142,5,36,-31
116900143,195,308,-113
116900144,15,62,-47
116900145,73,164,-91
116900147,522,268,254
116900148,8,36,-28
116900149,25,197,-172
116900150,14,9,5
116900151,29,6,23
116900153,49,63,-14
116900154,375,335,40
116900155,53,70,-17
116900157,347,242,105
116900158,855,215,640
116900159,37,207,-170
116900160,749,323,426
116900161,3973,3540,433
116900162,33,88,-55
116900163,87,134,-47
116900164,224,42,182
116900165,150,105,45
116900166,21,56,-35
116900167,274,57,217
116900168,338,55,283
116900169,524,305,219
116900170,128,370,-242
116900171,23,120,-97
116900172,243,220,23
116900173,76,36,40
116900174,41,51,-10
116900175,165,142,23
116900178,12,90,-78
116900179,84,252,-168
116900180,62,13,49
116900182,240,181,59
116900183,125,49,76
116900185,18,42,-24
116900186,74,208,-134
116900187,74,37,37
116900188,76,30,46
116900189,72,3,69
116900191,269,384,-115
116900192,156,91,65
116900194,135,835,-700
116900195,23,14,9
116900196,34,103,-69
116900197,71,4,67
116900198,133,199,-66
116900200,37,46,-9
116900201,56,3,53
116900202,137,37,100
116900203,123,4,119
116900204,40,61,-21
116900206,7,21,-14
116900207,47,37,10
116900208,9,69,-60
116900209,19,83,-64
116900210,366,156,210
116900211,126,4,122
116900212,58,60,-2
116900213,120,126,-6
116900214,93,122,-29
116900215,22,52,-30
116900216,194,159,35
116900218,11,153,-142
116900219,1133,338,795
116900220,88,147,-59
116900221,40,191,-151
116900222,280,235,45
116900223,73,189,-116
116900226,35,57,-22
116900227,127,53,74
116900228,191,152,39
116900230,58,185,-127
116900231,14,274,-260
116900232,2,339,-337
116900233,181,93,88
116900234,3,5,-2
116900235,141,236,-95
116900238,1457,315,1142
116900239,25,1091,-1066
116900240,3949,2576,1373
116900241,44,124,-80
116900242,733,264,469
116900243,0,45,-45
116900245,23,11,12
116900246,81,14,67
116900247,468,13,455
116900248,58,24,34
116900249,207,58,149
116900250,256,37,219
116900251,404,261,143
116900252,88,671,-583
116900253,131,62,69
116900254,18,79,-61
116900255,84,29,55
116900256,185,60,125
116900257,11,377,-366
116900258,0,215,-215
116900259,127,4,123
116900260,1,104,-103
116900261,46,2,44
116900262,130,102,28
116900263,1,9,-8
116900264,81,54,27
116900265,38,0,38
116900266,7,32,-25
116900267,4,2,2
116900268,48,63,-15
116900269,219,450,-231
116900271,883,147,736
116900272,347,211,136
116900273,117,39,78
116900274,96,75,21
116900275,77,96,-19
116900276,295,90,205
116900277,378,27,351
116900278,1,2,-1
116900279,1,19,-18
116900280,16,24,-8
116900281,4499,2696,1803
116900282,2,74,-72
116900283,12,67,-55
116900284,7,189,-182
116900285,200,128,72
116900286,160,13,147
116900287,6,38,-32
116900288,60,107,-47
116900289,18,14,4
116900290,2,25,-23
116900291,12,6,6
116900292,0,6,-6
116900293,24,45,-21
116900294,18,98,-80
116900295,190,41,149
116900296,201,45,156
116900297,15,90,-75
116900298,76,38,38
116900299,122,32,90
116900300,7,66,-59
116900301,53,72,-19
116900302,64,39,25
116900303,350,50,300
116900304,0,114,-114
116900305,11,69,-58
116900306,106,72,34
116900307,59,0,59
116900308,4,127,-123
116900309,81,122,-41
117000001,1443,1191,252
117000002,1702,4025,-2323
117000003,5713,2667,3046
117000004,3383,4523,-1140
117000005,1606,1517,89
117000006,1194,3425,-2231
117000007,3055,1124,1931
117000008,1031,3602,-2571
117000009,3942,1741,2201
117000010,2437,3796,-1359
117000011,1657,1534,123
117000012,1099,1392,-293
117000013,1586,802,784
117000014,1249,2131,-882
117000015,2557,1172,1385
117000016,340,86,254
117000017,649,98,551
117000018,391,435,-44
117000019,140,14,126
117000020,445,938,-493
117000021,1936,602,1334
117000022,506,79,427
117000023,487,234,253
117000024,411,148,263
117000025,673,634,39
117000026,2700,825,1875
117000027,2124,2370,-246
117000028,2858,952,1906
117000030,454,386,68
117000031,263,171,92
117000032,1525,1019,506
117000033,1410,750,660
117000034,284,279,5
117000035,234,208,26
117000036,350,300,50
117000037,250,185,65
117000038,265,543,-278
117000039,348,198,150
117000040,143,924,-781
117000041,619,144,475
117000044,13,812,-799
117000045,424,58,366
117000046,450,733,-283
117000047,682,582,100
117000048,1759,992,767
117000049,126,488,-362
117000050,86,1654,-1568
117000051,1689,136,1553
117000052,38,296,-258
117000053,490,56,434
117000054,1387,4,1383
117000055,10,2811,-2801
117000056,557,9,548
117000057,491,1966,-1475
117000060,478,1207,-729
117000061,1114,663,451
117000062,236,683,-447
117000063,1700,694,1006
117000064,905,962,-57
117000066,862,722,140
117000067,122,403,-281
117000074,121,173,-52
117000076,83,45,38
117000077,138,111,27
117000078,88,591,-503
117000079,209,197,12
117000080,1,286,-285
117000081,806,92,714
117000082,15,67,-52
117000083,89,7,82
117000084,217,1,216
117000085,194,526,-332
117000086,653,439,214
117000087,78,474,-396
117000088,209,181,28
117000089,1180,252,928
117000090,218,1154,-936
117000091,729,223,506
117000092,295,1262,-967
117000093,833,556,277
117000094,1124,2912,-1788
117000095,2687,667,2020
117000096,484,2423,-1939
117000097,1070,1047,23
117000098,2325,4630,-2305
117000099,2329,1010,1319
117000100,90,163,-73
117000101,148,1020,-872
117000102,1156,548,608
117000103,570,1541,-971
117000104,982,584,398
117000105,772,1580,-808
117000106,877,677,200
117000107,426,1738,-1312
117000108,1133,721,412
117000109,1590,2322,-732
117000110,1061,706,355
117000111,3109,3983,-874
117000112,2394,1468,926
117000113,101,220,-119
117000114,140,131,9
117000115,110,107,3
117000116,137,223,-86
117000117,1394,652,742
117000118,280,152,128
117000119,1043,132,911
117000120,265,277,-12
117000121,121,755,-634
117000122,295,672,-377
117000123,1495,40,1455
117000124,601,27,574
117000125,313,60,253
117000126,108,17,91
117000127,170,222,-52
117000128,381,571,-190
117000129,428,490,-62
117000130,207,2,205
117000131,0,119,-119
117000132,1875,48,1827
117000133,1046,29,1017
117000134,1,55,-54
117000135,1,23,-22
117000136,2,22,-20
117000137,52,88,-36
117000138,1,469,-468
117000140,447,1419,-972
117000141,1153,444,709
117000181,457,490,-33
117000182,393,268,125
117000195,193,983,-790
117000196,167,80,87
117000225,130,11,119
117000226,8,140,-132
117000276,147,16,131
117000277,1,370,-369
117000310,1474,2161,-687
117000315,36,954,-918
117000320,93,0,93
117000906,219,13,206
117000907,12,304,-292
117000909,61,48,13
117000910,127,119,8
117000911,90,212,-122
117000915,0,504,-504
117000916,22,3,19
117000917,635,20,615
117000918,49,61,-12
117000919,7,136,-129
117000920,3,1109,-1106
117000921,2,1276,-1274
117000922,46,77,-31
117000924,400,813,-413
117000926,765,60,705
117000927,1403,470,933
117000928,1,154,-153
117000929,209,363,-154
117000930,123,15,108
117000931,388,110,278
117900002,154,313,-159
117900003,587,308,279
117900005,14,25,-11
117900006,0,24,-24
117900007,122,114,8
117900008,0,21,-21
117900010,249,60,189
117900011,51,67,-16
117900012,58,84,-26
117900013,1,161,-160
117900014,418,106,312
117900015,7,74,-67
117900016,827,528,299
117900017,669,288,381
117900018,225,81,144
117900019,284,205,79
117900020,38,346,-308
117900021,34,61,-27
117900022,23,13,10
117900023,623,262,361
117900024,75,66,9
117900025,51,7,44
117900026,328,178,150
117900028,103,2,101
117900029,200,541,-341
117900030,253,296,-43
117900031,238,91,147
117900032,609,355,254
117900033,180,505,-325
117900034,53,24,29
117900035,155,70,85
117900036,191,336,-145
117900037,79,75,4
117900038,25,298,-273
117900039,7,48,-41
117900040,86,401,-315
117900041,1,27,-26
117900042,2694,259,2435
117900043,26,41,-15
117900044,6,3264,-3258
117900045,107,74,33
117900048,193,284,-91
117900049,122,391,-269
117900050,5,39,-34
117900051,29,1,28
117900052,33,273,-240
117900053,998,556,442
117900054,0,20,-20
117900055,175,284,-109
117900056,282,42,240
117900057,945,981,-36
117900058,76,30,46
117900059,328,66,262
117900060,1427,4365,-2938
117900061,24,174,-150
117900063,323,139,184
117900065,501,867,-366
117900066,5,29,-24
117900067,312,140,172
117900069,514,243,271
117900070,289,17,272
117900071,101,132,-31
117900073,339,240,99
117900074,292,22,270
117900075,69,83,-14
117900076,14,50,-36
117900077,214,111,103
117900078,232,482,-250
117900080,76,37,39
117900081,385,301,84
117900082,315,268,47
117900083,211,345,-134
117900086,91,28,63
117900087,116,44,72
117900088,2895,1569,1326
117900089,1230,486,744
117900090,372,372,0
117900091,135,167,-32
117900092,40,21,19
117900093,41,31,10
117900094,40,14,26
117900095,283,307,-24
117900096,67,129,-62
117900097,116,54,62
117900098,27,7,20
117900099,205,224,-19
117900100,112,4,108
117900101,293,1093,-800
117900102,37,22,15
117900103,41,3,38
117900104,20,113,-93
117900105,110,144,-34
117900106,77,34,43
117900107,29,0,29
117900109,352,268,84
117900110,69,4,65
117900111,238,7,231
117900112,38,19,19
117900113,2557,1278,1279
117900114,15,0,15
117900115,207,36,171
117900116,788,660,128
117900117,312,282,30
117900118,41,0,41
117900119,95,131,-36
117900120,131,54,77
117900121,56,8,48
117900122,870,2137,-1267
117900123,632,331,301
117900124,544,522,22
117900125,1377,1366,11
117900126,192,430,-238
117900127,356,318,38
117900128,288,422,-134
117900129,48,2,46
117900130,647,307,340
117900131,0,90,-90
117900132,5,85,-80
117900133,9,91,-82
117900134,24,135,-111
117900135,28,166,-138
117900136,0,30,-30
117900137,45,249,-204
117900138,0,23,-23
117900139,75,105,-30
117900140,2925,232,2693
117900141,181,151,30
117900142,174,21,153
117900144,104,125,-21
117900145,38,30,8
117900146,274,107,167
117900147,32,33,-1
117900148,2091,930,1161
117900149,92,183,-91
117900150,41,46,-5
117900151,42,90,-48
117900152,109,47,62
117900153,23,90,-67
117900154,360,512,-152
117900156,802,818,-16
117900157,93,434,-341
117900158,157,90,67
117900160,400,469,-69
117900161,2381,1750,631
117900162,258,406,-148
117900163,146,53,93
117900165,0,8,-8
117900166,105,340,-235
117900168,22,103,-81
117900169,0,92,-92
117900170,0,50,-50
117900171,0,18,-18
117900172,6,13,-7
117900173,123,51,72
117900174,33,30,3
117900175,6,31,-25
117900176,23,33,-10
117900177,16,24,-8
117900178,74,26,48
117900180,193,50,143
117900181,122,263,-141
117900182,1,24,-23
117900183,58,138,-80
117900184,9,30,-21
117900185,24,38,-14
117900186,33,20,13
117900187,10,8,2
117900188,113,45,68
117900189,60,23,37
117900190,19,6,13
117900191,72,1,71
117900192,191,5,186
117900193,6,78,-72
117900194,14,7,7
117900195,7,40,-33
117900196,9,17,-8
117900207,148,97,51
117900208,19,33,-14
117900209,117,139,-22
117900210,114,145,-31
117900211,5,150,-145
117900212,79,158,-79
117900213,22,18,4
117900214,11,23,-12
117900215,22,22,0
117900216,37,14,23
117900217,101,142,-41
117900218,136,141,-5
117900219,3,48,-45
117900220,176,79,97
117900222,197,238,-41
117900223,113,206,-93
118000001,850,650,200
118000002,990,1812,-822
118000003,2342,2124,218
118000004,3347,2664,683
118000005,3939,3583,356
118000006,5563,8104,-2541
118000007,5257,2563,2694
118000008,5317,2883,2434
118000009,1984,2515,-531
118000010,3749,3282,467
118000011,840,1661,-821
118000012,981,1701,-720
118000013,2219,2042,177
118000014,1493,2227,-734
118000016,153,299,-146
118000017,351,307,44
118000018,345,395,-50
118000019,1960,1145,815
118000020,1204,2226,-1022
118000021,712,2160,-1448
118000022,1781,647,1134
118000023,864,270,594
118000024,1417,899,518
118000027,11848,8140,3708
118000029,739,552,187
118000032,1138,2530,-1392
118000033,2793,3477,-684
118000034,4633,1946,2687
118000035,1471,1840,-369
118000036,1059,850,209
118000037,670,629,41
118000038,157,89,68
118000039,92,188,-96
118000040,1232,1099,133
118000041,1739,1088,651
118000045,761,117,644
118000046,1408,413,995
118000047,1231,547,684
118000048,3132,1283,1849
118000051,1803,1033,770
118000052,1551,455,1096
118000053,608,710,-102
118000054,2655,2107,548
118000055,2586,2491,95
118000056,369,302,67
118000057,373,487,-114
118000058,2642,914,1728
118000059,1710,568,1142
118000060,810,397,413
118000061,926,993,-67
118000062,544,184,360
118000063,357,450,-93
118000064,712,806,-94
118000065,3305,1284,2021
118000066,583,1151,-568
118000067,1404,648,756
118000068,1548,3469,-1921
118000069,3273,908,2365
118000070,4743,1454,3289
118000071,3002,4911,-1909
118000072,1917,843,1074
118000073,3546,479,3067
118000074,605,764,-159
118000075,722,200,522
118000076,1096,1606,-510
118000077,1291,1068,223
118000078,1740,1537,203
118000079,236,363,-127
118000080,1188,802,386
118000081,1627,1074,553
118000082,271,952,-681
118000083,1267,1402,-135
118000084,2703,1384,1319
118000086,315,495,-180
118000087,4315,2273,2042
118000088,1494,1549,-55
118000089,2811,1762,1049
118000090,1361,2203,-842
118000091,771,1998,-1227
118000092,995,454,541
118000093,59,588,-529
118000096,493,511,-18
118000097,839,596,243
118000098,248,179,69
118000099,343,517,-174
118000101,804,290,514
118000102,338,1184,-846
118000107,1393,367,1026
118000108,500,1546,-1046
118000110,1,22,-21
118000111,0,257,-257
118000112,297,2,295
118000113,3,474,-471
118000114,251,5,246
118000115,12,6,6
118000116,45,0,45
118000117,1024,676,348
118000118,746,640,106
118000119,779,990,-211
118000120,1329,1116,213
118000121,109,585,-476
118000122,1341,311,1030
118000123,68,263,-195
118000125,1721,769,952
118000126,931,1241,-310
118000127,1375,596,779
118000128,665,1013,-348
118000129,1180,506,674
118000130,2553,3536,-983
118000131,1187,798,389
118000132,2211,1484,727
118000133,1089,465,624
118000135,486,364,122
118000136,113,432,-319
118000137,638,81,557
118000138,305,467,-162
118000139,364,104,260
118000140,1825,3021,-1196
118000141,1665,1629,36
118000142,1351,1533,-182
118000143,1359,956,403
118000144,914,673,241
118000145,1220,1994,-774
118000146,984,876,108
118000147,721,1536,-815
118000148,493,1020,-527
118000149,625,783,-158
118000150,282,249,33
118000151,345,308,37
118000153,1003,979,24
118000154,1210,1287,-77
118000155,995,1129,-134
118000156,1874,1962,-88
118000157,517,335,182
118000158,126,338,-212
118000159,20,76,-56
118000160,372,318,54
118000161,380,734,-354
118000162,1158,721,437
118000163,730,618,112
118000164,1681,1146,535
118000168,892,356,536
118000169,988,1138,-150
118000170,3527,4383,-856
118000171,213,571,-358
118000172,85,223,-138
118000173,740,792,-52
118000175,182,245,-63
118000176,173,270,-97
118000177,161,420,-259
118000178,30,39,-9
118000179,839,625,214
118000180,540,481,59
118000181,682,265,417
118000182,233,236,-3
118000183,172,173,-1
118000184,616,619,-3
118000185,605,700,-95
118000186,587,743,-156
118000187,876,636,240
118000188,384,162,222
118000189,361,634,-273
118000190,13,13,0
118000191,29,25,4
118000192,540,460,80
118000193,510,479,31
118000194,1458,902,556
118000195,745,675,70
118000196,296,113,183
118000197,628,108,520
118000198,718,509,209
118000199,1177,349,828
118000200,64,154,-90
118000201,314,310,4
118000202,60,55,5
118000203,1148,474,674
118000204,242,270,-28
118000205,226,305,-79
118000206,144,166,-22
118000207,0,57,-57
118000208,1056,1184,-128
118000209,1583,1549,34
118000210,64,36,28
118000211,43,38,5
118000213,666,818,-152
118000214,465,369,96
118000215,208,238,-30
118000216,1146,2638,-1492
118000217,22,101,-79
118000218,45,103,-58
118000219,403,329,74
118000220,0,39,-39
118000221,93,203,-110
118000222,47,3,44
118000223,30,39,-9
118000224,154,77,77
118000225,79,515,-436
118000226,997,116,881
118000227,611,372,239
118000228,137,164,-27
118000229,138,50,88
118000230,88,179,-91
118000231,64,144,-80
118000232,523,695,-172
118000233,741,587,154
118000234,273,154,119
118000236,242,210,32
118000237,81,280,-199
118000238,185,126,59
118000239,255,220,35
118000240,290,136,154
118000241,83,127,-44
118000242,192,505,-313
118000243,211,187,24
118000244,43,82,-39
118000246,0,15,-15
118000255,66,216,-150
118000256,98,248,-150
118000259,13,38,-25
118000260,152,57,95
118000261,12,50,-38
118000263,62,143,-81
118000266,399,223,176
118000267,0,64,-64
118000268,331,22,309
118000270,97,23,74
118000271,162,199,-37
118000272,64,36,28
118000273,87,72,15
118000274,84,221,-137
118000276,302,222,80
118000295,6,96,-90
118000298,77,302,-225
118000299,95,179,-84
118000301,0,20,-20
118000302,50,68,-18
118000311,276,92,184
118000312,197,131,66
118000313,18,104,-86
118000314,44,36,8
118000315,14,64,-50
118000316,488,324,164
118000325,49,59,-10
118000326,16,21,-5
118000331,31,31,0
118000332,4,30,-26
118000333,40,48,-8
118000335,220,0,220
118000336,0,195,-195
118000407,65,72,-7
118000457,7,29,-22
118000465,3056,3142,-86
118000480,39,103,-64
118000489,179,283,-104
118000490,135,335,-200
118000492,159,167,-8
118000510,59,7,52
118000514,160,235,-75
118000515,500,510,-10
118000517,269,174,95
118000524,356,183,173
118000525,672,638,34
118000530,23,55,-32
118000531,182,217,-35
118000532,147,246,-99
118000533,276,96,180
118000534,502,331,171
118000535,196,115,81
118000536,576,808,-232
118000537,63,85,-22
118000538,15,33,-18
118000539,5,64,-59
118000540,200,94,106
118000541,160,53,107
118000542,109,104,5
118000543,124,102,22
118000546,51,23,28
118000553,0,0,0
118000560,2152,1437,715
118000562,8,159,-151
118000563,1281,1029,252
118000576,198,153,45
118000577,201,143,58
118000578,198,99,99
118000579,445,772,-327
118000583,0,0,0
118000595,148,61,87
118000596,0,37,-37
118000597,125,129,-4
118000598,5,0,5
118000599,30,33,-3
118000600,1,0,1
118000601,3,0,3
118000602,3,4,-1
118000603,0,20,-20
118000605,49,251,-202
118900001,488,748,-260
118900002,710,486,224
118900003,219,7,212
118900004,42,44,-2
118900005,36,3,33
118900006,186,14,172
118900007,10,5,5
118900008,808,32,776
118900009,22,26,-4
118900010,32,5,27
118900011,117,11,106
118900012,316,131,185
118900013,334,78,256
118900015,111,27,84
118900016,10,7,3
118900017,217,220,-3
118900018,573,25,548
118900019,44,19,25
118900020,141,129,12
118900021,126,248,-122
118900022,90,97,-7
118900023,92,94,-2
118900024,90,133,-43
118900025,38,17,21
118900026,32,51,-19
118900027,311,198,113
118900028,104,115,-11
118900029,164,201,-37
118900030,215,57,158
118900031,95,86,9
118900032,133,189,-56
118900033,346,267,79
118900034,114,11,103
118900035,71,136,-65
118900036,650,523,127
118900037,389,192,197
118900038,257,210,47
118900039,384,147,237
118900040,132,131,1
118900041,407,130,277
118900042,102,67,35
118900045,166,120,46
118900046,781,245,536
118900047,333,154,179
118900048,166,128,38
118900049,42,33,9
118900050,13,73,-60
118900051,80,78,2
118900052,262,179,83
118900053,20,68,-48
118900054,81,38,43
118900055,36,80,-44
118900056,88,229,-141
118900057,471,278,193
118900058,343,247,96
118900059,14,65,-51
118900060,69,66,3
118900062,146,110,36
118900064,427,425,2
118900065,16,115,-99
118900066,62,84,-22
118900067,3425,2573,852
118900068,2,164,-162
118900069,225,148,77
118900071,2,49,-47
118900072,369,310,59
118900073,73,55,18
118900074,113,167,-54
118900075,47,49,-2
118900076,205,74,131
118900077,134,114,20
118900078,48,14,34
118900079,32,174,-142
118900080,17,86,-69
118900081,51,22,29
118900082,362,94,268
118900083,24,3,21
118900084,11,21,-10
118900085,417,704,-287
118900086,48,57,-9
118900087,13,106,-93
118900088,0,8,-8
118900089,26,13,13
118900090,325,354,-29
118900091,93,172,-79
118900092,79,67,12
118900093,126,9,117
118900096,64,86,-22
118900097,151,349,-198
118900099,30,133,-103
118900100,127,174,-47
118900101,41,293,-252
118900102,14,101,-87
118900103,24,97,-73
118900104,133,112,21
118900105,188,93,95
118900107,133,61,72
118900108,99,103,-4
118900110,1236,605,631
118900111,306,397,-91
118900112,53,142,-89
118900113,73,350,-277
118900114,30,59,-29
118900115,81,253,-172
118900116,102,124,-22
118900117,72,101,-29
118900118,175,256,-81
118900119,69,137,-68
118900120,57,158,-101
118900121,13,177,-164
118900122,6,504,-498
118900123,88,144,-56
118900124,48,125,-77
118900126,8,220,-212
118900129,149,125,24
118900130,71,153,-82
118900131,89,148,-59
118900132,242,144,98
118900133,27,85,-58
118900135,126,148,-22
118900136,157,341,-184
118900137,4,33,-29
118900139,148,292,-144
118900140,300,411,-111
118900141,46,100,-54
118900144,73,371,-298
118900145,18,79,-61
118900146,198,449,-251
118900147,200,73,127
118900148,74,38,36
118900150,113,463,-350
118900152,314,582,-268
118900157,72,137,-65
118900158,65,79,-14
118900159,0,124,-124
118900161,69,11,58
118900163,125,57,68
118900164,2,75,-73
118900165,50,155,-105
118900166,19,3,16
118900167,65,99,-34
118900168,10,76,-66
118900169,89,303,-214
118900170,95,64,31
118900171,11,28,-17
118900174,35,55,-20
118900175,252,310,-58
118900176,111,189,-78
118900177,28,48,-20
118900178,49,130,-81
118900179,22,26,-4
118900181,59,84,-25
118900182,56,39,17
118900183,19,92,-73
118900184,241,43,198
118900185,64,90,-26
118900186,71,50,21
118900187,159,216,-57
118900188,226,153,73
118900189,21,420,-399
118900190,9,226,-217
118900191,80,39,41
118900192,106,19,87
118900193,291,4,287
118900195,240,472,-232
118900196,24,130,-106
118900197,71,26,45
118900198,16,12,4
118900199,41,19,22
118900200,10,12,-2
118900201,33,12,21
118900202,5,46,-41
118900203,7,40,-33
118900204,29,21,8
118900205,3,10,-7
118900206,1,23,-22
119000001,1115,945,170
119000002,2996,2004,992
119000003,1662,965,697
119000004,1622,1133,489
119000005,1381,1444,-63
119000006,2002,1496,506
119000007,2377,2394,-17
119000008,1783,1715,68
119000009,2584,2915,-331
119000010,5388,3526,1862
119000011,3265,2170,1095
119000012,2725,3053,-328
119000013,1905,1230,675
119000014,1934,2984,-1050
119000019,208,139,69
119000020,1571,1096,475
119000021,3112,1748,1364
119000022,2083,1617,466
119000023,237,205,32
119000024,1346,6950,-5604
119000025,6473,1198,5275
119000026,157,295,-138
119000027,250,387,-137
119000028,1916,910,1006
119000029,93,245,-152
119000030,459,790,-331
119000031,648,624,24
119000032,1569,2045,-476
119000033,1690,1232,458
119000034,914,911,3
119000035,22,308,-286
119000036,1247,737,510
119000037,868,1418,-550
119000038,121,788,-667
119000039,229,230,-1
119000040,1138,415,723
119000041,826,1075,-249
119000048,2945,3133,-188
119000049,1542,2282,-740
119000050,1220,1751,-531
119000051,1688,900,788
119000052,1667,2534,-867
119000053,1680,1027,653
119000054,2684,3155,-471
119000055,3075,2944,131
119000056,1676,1774,-98
119000057,1225,2002,-777
119000058,1502,1763,-261
119000059,962,1355,-393
119000060,1126,918,208
119000061,797,679,118
119000062,1014,1098,-84
119000063,336,365,-29
119000064,957,1104,-147
119000065,1862,2932,-1070
119000066,1516,874,642
119000067,1733,1925,-192
119000068,1278,962,316
119000069,1209,1965,-756
119000070,1730,892,838
119000071,395,525,-130
119000072,4459,2399,2060
119000073,3550,5059,-1509
119000074,1112,2291,-1179
119000075,1317,1895,-578
119000076,417,648,-231
119000077,802,357,445
119000078,309,132,177
119000079,94,487,-393
119000080,379,163,216
119000081,224,293,-69
119000082,542,152,390
119000083,366,282,84
119000084,252,335,-83
119000085,432,205,227
119000086,192,344,-152
119000087,1434,880,554
119000088,266,193,73
119000089,85,164,-79
119000090,92,112,-20
119000091,108,303,-195
119000092,391,173,218
119000093,3224,2515,709
119000094,2424,4802,-2378
119000095,1241,2122,-881
119000097,1850,1390,460
119000098,626,1793,-1167
119000099,2100,1562,538
119000100,2475,2369,106
119000101,2632,1358,1274
119000102,757,804,-47
119000103,1403,345,1058
119000104,1971,1063,908
119000105,725,1206,-481
119000106,238,1099,-861
119000107,607,345,262
119000108,359,854,-495
119000109,121,316,-195
119000110,411,229,182
119000111,59,478,-419
119000112,183,61,122
119000113,2220,246,1974
119000114,509,575,-66
119000115,93,116,-23
119000116,80,50,30
119000117,66,257,-191
119000118,4,0,4
119000123,3688,817,2871
119000124,481,184,297
119000125,2443,768,1675
119000126,752,658,94
119000127,410,471,-61
119000128,22,1,21
119000131,769,731,38
119000132,0,2,-2
119000133,0,0,0
119000134,1634,517,1117
119000135,80,173,-93
119000136,160,216,-56
119000137,97,368,-271
119000138,252,334,-82
119000139,271,199,72
119000140,154,304,-150
119000284,1271,2538,-1267
119000285,1962,2040,-78
119000286,7107,5268,1839
119000287,1147,1849,-702
119000288,1637,1247,390
119000289,1849,2659,-810
119000290,111,416,-305
119000291,10,306,-296
119000293,101,122,-21
119000294,41,29,12
119000295,1181,329,852
119000296,153,111,42
119000299,0,0,0
119000302,2518,1181,1337
119000303,55,140,-85
119000310,0,0,0
119000314,1185,7075,-5890
119000315,0,359,-359
119000316,73,97,-24
119000317,48,269,-221
119900001,168,892,-724
119900002,157,254,-97
119900003,48,946,-898
119900004,362,755,-393
119900005,116,127,-11
119900006,136,289,-153
119900007,979,162,817
119900008,43,28,15
119900009,383,512,-129
119900010,812,718,94
119900011,18,70,-52
119900012,11,40,-29
119900013,1482,699,783
119900014,402,165,237
119900015,74,27,47
119900016,23,73,-50
119900017,26,30,-4
119900018,1958,557,1401
119900019,41,7,34
119900020,144,169,-25
119900021,78,55,23
119900022,76,313,-237
119900023,481,935,-454
119900025,126,20,106
119900026,692,108,584
119900027,48,16,32
119900028,276,80,196
119900029,2,4,-2
119900030,350,369,-19
119900031,61,270,-209
119900033,1682,215,1467
119900034,289,110,179
119900037,153,18,135
119900038,26,193,-167
119900039,29,6,23
119900040,137,14,123
119900041,92,31,61
119900042,59,117,-58
119900043,136,127,9
119900044,145,514,-369
119900046,56,42,14
119900047,152,64,88
119900048,113,38,75
119900049,111,5,106
119900050,98,91,7
119900051,676,15,661
119900052,26,30,-4
119900053,106,136,-30
119900054,87,4,83
119900055,871,339,532
119900057,148,49,99
119900058,164,2,162
119900059,131,44,87
119900060,221,24,197
119900061,73,2,71
119900062,33,22,11
119900063,17,46,-29
119900065,189,10,179
119900066,0,0,0
119900067,84,21,63
119900068,328,2,326
119900069,77,15,62
119900070,553,7,546
119900071,453,11,442
119900073,1446,433,1013
119900074,34,26,8
119900075,4217,2012,2205
119900076,384,354,30
119900077,556,816,-260
119900078,502,829,-327
119900079,182,193,-11
119900080,417,362,55
119900081,284,43,241
119900082,716,72,644
119900083,306,141,165
119900084,568,204,364
119900085,85,53,32
119900086,279,771,-492
119900087,436,185,251
119900088,45,47,-2
119900089,27,423,-396
119900090,101,50,51
119900091,21,721,-700
119900092,33,295,-262
119900093,711,169,542
119900094,43,132,-89
119900095,138,96,42
119900096,57,91,-34
119900097,503,140,363
119900098,29,40,-11
119900099,18,192,-174
119900100,2043,1863,180
119900101,249,857,-608
119900102,22,186,-164
119900103,31,271,-240
119900104,36,151,-115
119900105,615,942,-327
119900106,12,159,-147
119900107,384,2743,-2359
119900108,1460,530,930
119900109,22,153,-131
119900110,436,435,1
119900111,48,338,-290
119900112,1689,444,1245
119900113,60,301,-241
119900114,164,859,-695
119900115,190,1126,-936
119900116,175,322,-147
119900117,159,477,-318
119900118,48,914,-866
119900119,126,197,-71
119900120,458,459,-1
119900121,261,925,-664
119900122,649,389,260
119900123,194,211,-17
119900124,172,759,-587
119900125,43,296,-253
119900126,2819,231,2588
119900127,2187,1044,1143
119900128,272,522,-250
119900129,159,459,-300
119900130,18,190,-172
119900131,32,233,-201
119900132,11,195,-184
119900133,29,48,-19
119900134,1631,213,1418
119900135,2,315,-313
119900136,116,326,-210
119900138,322,434,-112
119900139,14,80,-66
119900140,1,100,-99
119900141,107,546,-439
119900142,10,27,-17
119900143,10,152,-142
119900144,1499,169,1330
119900145,133,179,-46
119900146,139,180,-41
119900147,4,106,-102
119900148,120,56,64
119900149,1256,2615,-1359
119900150,107,159,-52
119900151,1192,513,679
119900152,58,244,-186
119900153,165,74,91
119900154,23,263,-240
119900155,39,34,5
119900156,22,7,15
119900157,97,168,-71
119900158,110,80,30
119900159,4,1225,-1221
119900160,13,106,-93
119900161,182,131,51
119900162,609,899,-290
119900163,103,112,-9
119900164,0,3,-3
119900165,145,234,-89
119900166,61,46,15
119900167,95,54,41
119900168,564,400,164
119900169,75,222,-147
119900170,125,182,-57
119900171,767,399,368
119900172,102,23,79
119900173,3,313,-310
119900174,1,103,-102
119900175,849,595,254
119900177,10,165,-155
119900178,26,101,-75
119900179,45,260,-215
119900180,701,730,-29
119900181,54,87,-33
119900182,2,266,-264
119900183,125,662,-537
119900184,1939,431,1508
119900185,27,107,-80
119900186,48,540,-492
119900187,10,273,-263
119900188,48,306,-258
119900189,455,354,101
119900190,63,182,-119
119900191,229,109,120
119900192,22,103,-81
119900193,193,144,49
119900194,12,42,-30
119900195,40,142,-102
119900196,1010,342,668
119900197,136,126,10
119900198,80,246,-166
119900199,121,16,105
119900200,459,474,-15
119900201,320,146,174
119900202,89,167,-78
119900203,151,428,-277
119900204,203,277,-74
119900205,475,467,8
119900206,117,118,-1
119900208,151,111,40
119900209,402,817,-415
119900210,25,14,11
119900211,89,8,81
119900212,146,256,-110
119900213,11,46,-35
119900214,21,93,-72
119900215,44,66,-22
119900216,6,53,-47
119900217,6,36,-30
119900218,15,50,-35
119900219,5,165,-160
119900220,3,119,-116
119900221,12,252,-240
119900222,10,164,-154
119900223,6,66,-60
119900224,8,26,-18
119900225,891,52,839
119900226,550,1391,-841
119900227,854,251,603
119900228,69,174,-105
119900229,387,371,16
119900230,1322,549,773
119900231,129,145,-16
119900232,186,82,104
119900233,45,8,37
119900234,28,32,-4
119900235,13,32,-19
119900236,20,184,-164
119900237,56,293,-237
119900238,9,89,-80
119900240,79,120,-41
119900241,126,225,-99
119900242,901,1129,-228
119900244,506,1126,-620
119900245,92,127,-35
119900246,260,423,-163
119900247,33,77,-44
119900248,78,132,-54
119900249,131,73,58
119900253,2111,293,1818
119900254,36,469,-433
119900255,61,399,-338
119900256,314,680,-366
119900257,62,1,61
119900258,66,24,42
119900259,4,117,-113
119900260,46,4,42
119900261,205,116,89
119900262,2,182,-180
119900263,735,366,369
119900264,67,181,-114
119900265,214,293,-79
119900266,224,201,23
119900267,165,315,-150
119900268,100,165,-65
119900269,648,838,-190
119900271,21,65,-44
119900272,232,63,169
119900275,97,38,59
119900276,31,2,29
119900277,11,3,8
119900278,134,54,80
119900279,100,230,-130
119900280,587,184,403
119900281,1,190,-189
119900282,73,63,10
119900283,3,223,-220
119900284,32,155,-123
119900285,52,63,-11
119900286,1,34,-33
119900288,8,21,-13
119900289,1,42,-41
119900290,1,24,-23
119900291,0,55,-55
119900292,27,38,-11
119900293,25,15,10
119900294,56,32,24
119900295,10,7,3
119900296,9,55,-46
119900297,0,3,-3
119900298,0,0,0
119900299,48,129,-81
119900300,189,91,98
119900301,63,22,41
119900302,19,20,-1
119900303,128,138,-10
119900304,91,30,61
119900305,9,94,-85
119900306,19,1,18
119900307,23,63,-40
119900308,3,21,-18
119900309,25,114,-89
119900310,221,265,-44
119900311,48,113,-65
119900312,52,48,4
119900313,186,261,-75
119900314,128,343,-215
119900315,1131,2016,-885
119900318,6,18,-12
119900319,14,202,-188
119900320,118,518,-400
119900321,35,2,33
119900322,18,45,-27
119900323,2,108,-106
119900324,12,20,-8
119900325,80,163,-83
119900326,54,59,-5
120000001,5150,10362,-5212
120000002,2313,3115,-802
120000003,3252,1767,1485
120000004,2706,2351,355
120000005,4390,2041,2349
120000006,1171,1464,-293
120000007,3641,2941,700
120000008,1052,1358,-306
120000009,3527,943,2584
120000010,1605,2484,-879
120000011,835,1902,-1067
120000012,1428,2720,-1292
120000013,2456,2415,41
120000014,537,1341,-804
120000015,2116,1342,774
120000016,3007,2092,915
120000017,2232,1761,471
120000018,3417,8084,-4667
120000019,773,1217,-444
120000020,2701,2763,-62
120000021,1516,1928,-412
120000022,2415,3396,-981
120000023,908,1544,-636
120000024,1283,2127,-844
120000025,1970,2048,-78
120000026,1386,1663,-277
120000027,1566,1914,-348
120000028,747,469,278
120000029,3143,499,2644
120000030,171,715,-544
120000031,1409,4547,-3138
120000032,6996,3940,3056
120000033,4494,1722,2772
120000034,1572,1544,28
120000035,1447,1815,-368
120000036,2101,4241,-2140
120000037,654,1197,-543
120000038,6174,2938,3236
120000039,419,772,-353
120000040,63,169,-106
120000041,1849,1377,472
120000042,1520,2281,-761
120000043,3943,1944,1999
120000044,3776,1577,2199
120000045,4300,1015,3285
120000046,2317,2132,185
120000047,995,4168,-3173
120000048,6453,3593,2860
120000049,2769,2571,198
120000050,3372,3822,-450
120000051,2597,3792,-1195
120000052,8141,2229,5912
120000053,1041,2774,-1733
120000054,1168,4222,-3054
120000055,1574,4897,-3323
120000056,3100,3294,-194
120000057,2269,583,1686
120000058,4011,375,3636
120000059,32,1782,-1750
120000061,142,527,-385
120000062,152,292,-140
120000063,1639,2329,-690
120000064,232,1142,-910
120000065,545,1461,-916
120000066,305,478,-173
120000067,54,467,-413
120000068,171,783,-612
120000069,516,1076,-560
120000070,67,652,-585
120000071,348,173,175
120000072,531,402,129
120000073,538,94,444
120000074,215,98,117
120000075,779,286,493
120000076,1394,479,915
120000077,1388,662,726
120000078,2804,1029,1775
120000079,276,325,-49
120000080,201,252,-51
120000081,242,183,59
120000082,213,198,15
120000083,143,492,-349
120000084,330,353,-23
120000085,189,299,-110
120000086,241,472,-231
120000087,147,545,-398
120000088,624,1171,-547
120000089,856,565,291
120000090,515,427,88
120000091,657,821,-164
120000092,833,572,261
120000093,310,460,-150
120000094,134,535,-401
120000095,846,436,410
120000096,235,708,-473
120000098,643,744,-101
120000099,302,708,-406
120000100,667,998,-331
120000101,464,445,19
120000102,401,691,-290
120000103,1014,721,293
120000104,1130,353,777
120000105,2152,678,1474
120000106,1740,613,1127
120000107,2652,521,2131
120000108,1012,147,865
120000109,916,56,860
120000110,70,961,-891
120000111,129,1170,-1041
120000112,795,3004,-2209
120000113,543,2182,-1639
120000114,1025,2967,-1942
120000115,217,2440,-2223
120000116,652,2091,-1439
120000117,1127,1334,-207
120000118,51,19,32
120000119,31,49,-18
120000120,58,55,3
120000121,50,49,1
120000122,243,348,-105
120000123,4763,3791,972
120000124,356,286,70
120000125,372,731,-359
120000126,326,607,-281
120000127,2291,709,1582
120000128,3132,2528,604
120000129,294,314,-20
120000130,638,519,119
120000131,244,454,-210
120000134,350,862,-512
120000135,290,321,-31
120000137,154,1132,-978
120000138,576,375,201
120000139,209,652,-443
120000140,496,460,36
120000141,242,517,-275
120000142,420,465,-45
120000143,0,93,-93
120000144,65,3,62
120000145,249,2,247
120000146,1453,728,725
120000149,483,1003,-520
120000150,2720,9667,-6947
120000151,360,416,-56
120000152,288,174,114
120000153,133,471,-338
120000154,422,365,57
120000155,71,230,-159
120000156,942,701,241
120000157,743,490,253
120000158,660,793,-133
120000159,1836,2572,-736
120000160,2051,1249,802
120000161,1613,2210,-597
120000162,118,214,-96
120000163,694,1250,-556
120000164,387,371,16
120000165,380,835,-455
120000166,1074,558,516
120000167,44,76,-32
120000168,11,237,-226
120000169,34,726,-692
120000170,32,327,-295
120000171,15,127,-112
120000172,26,87,-61
120000173,2805,348,2457
120000174,568,17,551
120000175,406,29,377
120000176,285,26,259
120000177,1242,119,1123
120000178,59,6,53
120000179,359,22,337
120000180,349,106,243
120000181,67,283,-216
120000182,48,208,-160
120000183,3,181,-178
120000184,139,690,-551
120000186,75,122,-47
120000187,55,96,-41
120000188,165,123,42
120000190,922,20,902
120000191,1004,45,959
120000192,1018,23,995
120000193,322,6,316
120000195,90,1,89
120000196,284,31,253
120000197,85,90,-5
120000198,116,59,57
120000199,84,2,82
120000200,73,0,73
120000201,13,20,-7
120000202,1,50,-49
120000203,27,176,-149
120000207,1,43,-42
120000208,10,221,-211
120000209,3,67,-64
120000210,130,77,53
120000211,72,2,70
120000212,95,1,94
120000213,65,296,-231
120000214,1,356,-355
120000215,1,155,-154
120000216,36,9,27
120000217,532,917,-385
120000218,150,864,-714
120000219,4,478,-474
120000220,7,1554,-1547
120000225,1227,0,1227
120000226,323,1,322
120000227,633,22,611
120000228,5109,2299,2810
120000230,271,16,255
120000231,912,1809,-897
120000233,285,18,267
120000235,203,696,-493
120000236,792,1,791
120000237,0,1247,-1247
120000238,0,248,-248
120000241,1074,2955,-1881
120000412,1046,12,1034
120000413,158,238,-80
120000414,61,0,61
120000415,1,133,-132
120000416,133,4,129
120000417,31,44,-13
120000418,69,7,62
120000419,4,252,-248
120000420,35,25,10
120000421,10151,5627,4524
120000422,127,788,-661
120000423,2,35,-33
120000424,60,152,-92
120000436,129,452,-323
120000437,175,161,14
120000438,3237,313,2924
120000439,129,376,-247
120000443,170,5,165
120000444,1370,499,871
120000445,1284,940,344
120000446,575,214,361
120000447,216,2,214
120000449,83,5,78
120000450,4,171,-167
120000451,64,125,-61
120000452,147,1,146
120000453,0,396,-396
120000454,68,32,36
120000455,79,58,21
120000456,2197,2866,-669
120000457,845,542,303
120000458,539,739,-200
120000459,59,55,4
120000665,737,189,548
120000668,133,241,-108
120000669,56,164,-108
120000670,210,323,-113
120000671,797,298,499
120000672,129,631,-502
120900001,49,87,-38
120900002,227,213,14
120900003,318,23,295
120900004,11,74,-63
120900005,67,779,-712
120900006,301,144,157
120900007,116,116,0
120900008,134,1085,-951
120900009,682,44,638
120900010,258,77,181
120900011,266,141,125
120900012,343,840,-497
120900013,238,53,185
120900014,56,419,-363
120900015,536,66,470
120900016,542,25,517
120900017,2160,115,2045
120900018,95,348,-253
120900019,445,219,226
120900020,721,982,-261
120900021,507,149,358
120900022,55,223,-168
120900023,185,39,146
120900024,1446,396,1050
120900025,1524,898,626
120900026,108,150,-42
120900027,750,24,726
120900028,212,104,108
120900029,175,367,-192
120900030,895,591,304
120900031,182,72,110
120900032,791,136,655
120900033,773,51,722
120900034,22,1899,-1877
120900035,28,61,-33
120900037,214,11,203
120900038,68,220,-152
120900039,50,47,3
120900040,230,3,227
120900041,198,96,102
120900042,503,60,443
120900043,63,20,43
120900044,8,332,-324
120900045,112,82,30
120900046,325,5,320
120900047,159,65,94
120900048,100,17,83
120900049,232,1,231
120900050,1602,904,698
120900051,265,110,155
120900052,487,11,476
120900053,194,79,115
120900054,1353,420,933
120900055,242,0,242
120900056,328,36,292
120900057,99,16,83
120900058,408,2,406
120900059,60,1,59
120900060,31,25,6
120900061,205,191,14
120900062,152,1,151
120900063,366,7,359
120900064,423,0,423
120900065,323,0,323
120900066,219,329,-110
120900067,133,71,62
120900068,187,0,187
120900069,122,43,79
120900071,10,1,9
120900072,493,4,489
120900073,333,162,171
120900074,594,85,509
120900076,211,1,210
120900077,2428,277,2151
120900078,521,1060,-539
120900079,573,106,467
120900080,481,1816,-1335
120900081,487,659,-172
120900082,514,412,102
120900083,73,6,67
120900084,187,335,-148
120900085,78,169,-91
120900086,103,245,-142
120900087,348,280,68
120900088,124,278,-154
120900089,3363,1628,1735
120900090,139,105,34
120900091,550,671,-121
120900092,1557,578,979
120900093,2039,149,1890
120900094,561,165,396
120900095,267,34,233
120900096,32,120,-88
120900097,660,685,-25
120900098,349,170,179
120900099,46,60,-14
120900100,103,263,-160
120900101,806,270,536
120900102,21,79,-58
120900103,43,197,-154
120900104,30,42,-12
120900105,45,535,-490
120900106,1363,536,827
120900107,285,147,138
120900108,3,690,-687
120900109,58,589,-531
120900110,10,741,-731
120900111,136,326,-190
120900112,16,715,-699
120900113,16,763,-747
120900114,44,168,-124
120900115,127,202,-75
120900116,236,380,-144
120900117,1,493,-492
120900118,3,863,-860
120900119,2473,4693,-2220
120900120,55,605,-550
120900121,92,440,-348
120900122,267,417,-150
120900123,2,359,-357
120900124,3,581,-578
120900125,18,729,-711
120900126,1818,1306,512
120900127,13,394,-381
120900128,1347,1428,-81
120900129,49,335,-286
120900130,0,331,-331
120900131,68,50,18
120900132,522,259,263
120900133,133,772,-639
120900134,1058,408,650
120900135,10,544,-534
120900136,17,29,-12
120900137,136,88,48
120900138,44,228,-184
120900139,3,634,-631
120900140,1,28,-27
120900141,132,112,20
120900142,20,511,-491
120900143,1,796,-795
120900144,0,149,-149
120900145,117,828,-711
120900146,3,1110,-1107
120900147,0,419,-419
120900148,77,80,-3
120900149,0,306,-306
120900150,43,651,-608
120900151,1,569,-568
120900152,0,34,-34
120900153,12,64,-52
120900154,0,252,-252
120900155,137,1086,-949
120900156,35,271,-236
120900157,68,184,-116
120900158,63,574,-511
120900159,136,292,-156
120900160,37,644,-607
120900161,35,415,-380
120900162,30,459,-429
120900163,16,360,-344
120900164,0,15,-15
120900165,11,21,-10
120900166,45,225,-180
120900167,271,88,183
120900169,58,371,-313
120900170,1353,1894,-541
120900171,936,337,599
120900172,1220,406,814
120900173,0,55,-55
120900174,5,86,-81
120900175,184,115,69
120900176,12,226,-214
120900177,0,700,-700
120900178,0,247,-247
120900179,1133,482,651
120900180,72,126,-54
120900181,107,49,58
120900182,17,357,-340
120900183,258,101,157
120900184,115,57,58
120900185,3,205,-202
120900186,4,466,-462
120900187,243,688,-445
120900188,122,3,119
120900189,117,827,-710
120900190,50,20,30
120900191,7,19,-12
120900192,9607,4585,5022
120900194,24,84,-60
120900195,83,253,-170
120900196,695,40,655
120900197,479,130,349
120900198,312,470,-158
120900199,273,364,-91
120900200,48,98,-50
120900201,472,130,342
120900202,0,139,-139
120900203,18,72,-54
120900204,215,261,-46
120900205,40,50,-10
120900206,12,16,-4
120900207,80,1177,-1097
121000001,640,856,-216
121000002,1970,1271,699
121000003,2375,1543,832
121000004,2355,3611,-1256
121000005,1740,2185,-445
121000006,3028,1343,1685
121000007,2233,2171,62
121000008,5233,2483,2750
121000009,4459,4473,-14
121000010,7175,4352,2823
121000011,7026,9905,-2879
121000012,13373,8629,4744
121000013,4540,5943,-1403
121000014,6224,5478,746
121000015,3614,5989,-2375
121000016,4317,3024,1293
121000017,1704,3042,-1338
121000018,2046,1384,662
121000019,14307,9550,4757
121000020,9482,10276,-794
121000021,2915,2340,575
121000022,1689,1892,-203
121000023,3781,2368,1413
121000024,3243,3640,-397
121000025,559,1248,-689
121000026,275,133,142
121000027,1363,1044,319
121000028,590,347,243
121000029,959,531,428
121000030,558,310,248
121000031,527,556,-29
121000032,195,93,102
121000034,453,160,293
121000035,214,122,92
121000036,895,860,35
121000037,523,357,166
121000038,608,640,-32
121000039,277,353,-76
121000041,538,327,211
121000042,269,293,-24
121000043,660,475,185
121000044,1199,608,591
121000045,377,253,124
121000046,552,620,-68
121000047,687,42,645
121000049,2264,506,1758
121000050,294,870,-576
121000051,809,225,584
121000052,308,433,-125
121000053,271,51,220
121000054,42,320,-278
121000055,1045,899,146
121000056,704,891,-187
121000057,320,375,-55
121000058,490,216,274
121000059,1901,1334,567
121000060,551,976,-425
121000061,163,177,-14
121000062,174,317,-143
121000063,699,574,125
121000064,564,679,-115
121000065,384,400,-16
121000066,645,462,183
121000067,737,361,376
121000068,529,309,220
121000069,550,432,118
121000070,2076,1070,1006
121000071,1182,1018,164
121000072,1032,559,473
121000073,708,749,-41
121000074,109,103,6
121000075,41,176,-135
121000076,1184,251,933
121000077,122,130,-8
121000078,85,123,-38
121000080,1891,485,1406
121000081,1868,2242,-374
121000082,114,245,-131
121000083,193,133,60
121000084,159,114,45
121000085,289,400,-111
121000086,163,632,-469
121000087,59,217,-158
121000088,306,447,-141
121000089,323,279,44
121000090,374,267,107
121000091,1392,721,671
121000092,211,80,131
121000093,169,199,-30
121000094,478,605,-127
121000095,307,368,-61
121000096,1892,2079,-187
121000097,805,1591,-786
121000098,438,764,-326
121000099,564,583,-19
121000100,769,290,479
121000101,307,197,110
121000102,272,185,87
121000103,132,197,-65
121000104,150,109,41
121000105,281,190,91
121000106,252,265,-13
121000107,1964,2880,-916
121000109,1263,918,345
121000110,372,676,-304
121000114,2350,1705,645
121000115,874,709,165
121000116,318,773,-455
121000117,863,242,621
121000118,1219,176,1043
121000119,336,301,35
121000120,143,317,-174
121000121,534,552,-18
121000123,1136,461,675
121000127,148,70,78
121000128,933,337,596
121000129,570,377,193
121000130,416,577,-161
121000131,2022,1232,790
121000132,1254,1139,115
121000135,242,232,10
121000136,1751,589,1162
121000137,415,194,221
121000138,1243,697,546
121000139,636,135,501
121000141,163,115,48
121000142,595,462,133
121000143,115,22,93
121000144,740,1266,-526
121000145,582,845,-263
121000146,982,530,452
121000147,751,354,397
121000148,770,877,-107
121000149,1579,1116,463
121000152,431,440,-9
121000153,1382,562,820
121000154,703,627,76
121000155,934,1077,-143
121000156,346,930,-584
121000157,1070,1865,-795
121000158,346,459,-113
121000159,220,413,-193
121000160,324,496,-172
121000161,145,266,-121
121000162,100,185,-85
121000165,1174,1580,-406
121000166,22,959,-937
121000168,391,201,190
121000169,93,102,-9
121000170,217,97,120
121000171,43,113,-70
121000172,488,451,37
121000173,1029,902,127
121000174,306,375,-69
121000175,731,369,362
121000176,344,223,121
121000177,881,418,463
121000178,137,35,102
121000179,182,47,135
121000181,394,375,19
121000182,95,165,-70
121000183,53,80,-27
121000184,195,76,119
121000185,31,130,-99
121000186,157,263,-106
121000187,109,149,-40
121000188,120,185,-65
121000192,639,289,350
121000193,716,447,269
121000194,2028,1852,176
121000195,266,856,-590
121000196,691,209,482
121000197,188,372,-184
121000198,194,62,132
121000199,86,230,-144
121000200,376,50,326
121000201,3,138,-135
121000202,613,67,546
121000203,717,1618,-901
121000204,1791,518,1273
121000205,214,196,18
121000206,89,24,65
121000207,1867,295,1572
121000208,8,217,-209
121000209,368,266,102
121000210,439,297,142
121000211,211,136,75
121000212,260,439,-179
121000213,5766,2059,3707
121000214,558,2321,-1763
121000215,848,613,235
121000216,399,671,-272
121000217,4050,2699,1351
121000218,390,1274,-884
121000219,1505,408,1097
121000220,230,47,183
121000221,136,199,-63
121000222,2495,1839,656
121000223,806,385,421
121000224,474,174,300
121000225,2151,1149,1002
121000226,4800,1142,3658
121000227,4,177,-173
121000228,17,557,-540
121000229,221,289,-68
121000230,69,1348,-1279
121000231,734,39,695
121000232,282,270,12
121000233,545,364,181
121000234,36,27,9
121000235,96,95,1
121000236,11,37,-26
121000237,68,19,49
121000238,10,89,-79
121000239,70,6,64
121000240,36,171,-135
121000241,228,13,215
121000242,83,247,-164
121000243,755,205,550
121000244,25,69,-44
121000245,176,29,147
121000246,6,70,-64
121000247,131,6,125
121000248,1468,473,995
121000249,149,200,-51
121000250,775,104,671
121000251,22,416,-394
121000252,75,36,39
121000253,438,327,111
121000254,643,209,434
121000255,290,112,178
121000256,617,132,485
121000257,97,31,66
121000258,161,36,125
121000259,114,48,66
121000260,151,85,66
121000261,243,44,199
121000262,698,1075,-377
121000263,483,504,-21
121000271,207,1362,-1155
121000273,113,7,106
121000274,9,29,-20
121000275,4,14,-10
121000276,5,7,-2
121000278,45,21,24
121000279,46,11,35
121000280,48,28,20
121000289,253,35,218
121000290,971,642,329
121000294,144,119,25
121000297,888,971,-83
121000299,334,282,52
121000300,529,539,-10
121000302,144,866,-722
121000303,448,320,128
121000304,449,44,405
121000305,122,30,92
121000306,93,75,18
121000308,137,262,-125
121000309,392,514,-122
121000310,87,300,-213
121000311,75,736,-661
121000312,210,169,41
121000313,265,446,-181
121000314,219,103,116
121000315,64,176,-112
121000530,1098,1039,59
121000531,1292,1081,211
121000532,5160,5622,-462
121000533,2432,2558,-126
121000918,139,188,-49
121000919,87,49,38
121000938,504,576,-72
121000939,744,383,361
121000956,1046,917,129
121000957,3,12,-9
121000958,128,24,104
121000959,582,616,-34
121000960,2614,1489,1125
121000961,205,145,60
121000962,228,648,-420
121000963,0,0,0
121000973,0,107,-107
121000976,12,156,-144
121000979,231,81,150
121000981,467,286,181
121000982,296,90,206
121000983,432,320,112
121000984,52,55,-3
121000985,552,340,212
121000986,215,162,53
121000987,187,786,-599
121000988,577,102,475
121001302,283,100,183
121001308,5,4,1
121001309,80,78,2
121001313,176,226,-50
121001314,2128,2932,-804
121001315,3464,1866,1598
121900001,70,158,-88
121900002,64,29,35
121900003,328,11,317
121900004,138,222,-84
121900005,30,10,20
121900006,114,19,95
121900007,1264,2243,-979
121900008,905,244,661
121900009,369,16,353
121900010,199,3,196
121900011,115,229,-114
121900012,5,1,4
121900013,1462,109,1353
121900014,795,356,439
121900015,122,109,13
121900016,2,32,-30
121900017,342,335,7
121900018,252,8,244
121900019,249,176,73
121900020,24,1,23
121900021,786,29,757
121900022,193,192,1
121900023,112,170,-58
121900024,266,80,186
121900025,394,235,159
121900026,271,27,244
121900027,253,93,160
121900028,241,15,226
121900029,91,112,-21
121900030,418,415,3
121900031,796,4500,-3704
121900032,53,82,-29
121900033,128,107,21
121900034,251,90,161
121900035,1552,1655,-103
121900036,46,187,-141
121900037,95,435,-340
121900038,49,162,-113
121900039,282,49,233
121900040,39,50,-11
121900041,55,131,-76
121900042,264,94,170
121900043,4,3,1
121900044,102,46,56
121900046,181,149,32
121900047,82,47,35
121900048,37,130,-93
121900050,20,32,-12
121900051,83,141,-58
121900052,135,36,99
121900053,224,221,3
121900054,321,643,-322
121900055,2,7,-5
121900058,163,113,50
121900059,293,124,169
121900060,105,234,-129
121900061,803,134,669
121900062,101,81,20
121900063,791,305,486
121900064,217,381,-164
121900066,42,14,28
121900067,24,27,-3
121900069,180,87,93
121900070,169,56,113
121900071,255,185,70
121900072,44,145,-101
121900073,214,158,56
121900074,419,551,-132
121900075,374,357,17
121900076,354,349,5
121900077,17,34,-17
121900078,124,18,106
121900079,1,0,1
121900080,604,279,325
121900082,50,89,-39
121900084,10,184,-174
121900085,1,12,-11
121900086,5,17,-12
121900087,175,55,120
121900088,1291,2244,-953
121900089,122,257,-135
121900090,22,74,-52
121900091,34,122,-88
121900092,48,34,14
121900093,55,57,-2
121900094,15,9,6
121900095,152,93,59
121900096,978,354,624
121900097,417,105,312
121900098,3,1,2
121900099,182,34,148
121900100,203,244,-41
121900101,85,108,-23
121900102,3,103,-100
121900103,802,89,713
121900104,1193,261,932
121900105,184,101,83
121900106,3,8,-5
121900107,22,16,6
121900108,3,20,-17
121900109,254,134,120
121900110,331,824,-493
121900111,874,133,741
121900112,178,76,102
121900113,37,289,-252
121900114,7,13,-6
121900117,115,58,57
121900118,1372,466,906
121900119,99,108,-9
121900120,38,1244,-1206
121900121,391,46,345
121900122,32,42,-10
121900123,130,324,-194
121900124,67,122,-55
121900125,928,760,168
121900127,7,48,-41
121900128,54,63,-9
121900129,521,168,353
121900130,112,162,-50
121900131,167,94,73
121900132,45,83,-38
121900133,82,484,-402
121900134,17,125,-108
121900135,1431,232,1199
121900136,201,288,-87
121900137,47,278,-231
121900138,55,102,-47
121900139,279,342,-63
121900140,59,109,-50
121900141,34,42,-8
121900142,119,104,15
121900143,10,147,-137
121900144,109,260,-151
121900145,108,167,-59
121900146,510,574,-64
121900147,48,146,-98
121900148,160,208,-48
121900149,208,433,-225
121900150,30,118,-88
121900151,66,171,-105
121900152,77,93,-16
121900153,72,437,-365
121900154,3,169,-166
121900155,3,82,-79
121900156,145,67,78
121900157,3,341,-338
121900158,68,77,-9
121900159,0,186,-186
121900160,56,201,-145
121900161,351,247,104
121900162,65,103,-38
121900163,262,455,-193
121900164,380,121,259
121900165,232,106,126
121900166,171,124,47
121900167,107,70,37
121900168,149,184,-35
121900169,1,184,-183
121900170,5,151,-146
121900171,521,418,103
121900172,384,218,166
121900173,682,168,514
121900174,21,68,-47
121900175,214,161,53
121900176,473,1104,-631
121900177,134,53,81
121900178,28,41,-13
121900179,261,116,145
121900180,2950,3059,-109
121900182,559,177,382
121900183,595,550,45
121900184,69,299,-230
121900186,3,162,-159
121900187,44,148,-104
121900188,321,410,-89
121900189,27,108,-81
121900190,239,412,-173
121900191,45,159,-114
121900192,295,465,-170
121900193,32,91,-59
121900194,3,89,-86
121900195,53,56,-3
121900196,712,768,-56
121900197,259,1140,-881
121900198,876,736,140
121900199,1,16,-15
121900200,83,193,-110
121900201,808,650,158
121900202,154,414,-260
121900203,169,659,-490
121900204,691,908,-217
121900205,12,75,-63
121900206,18,15,3
121900207,133,26,107
121900208,257,189,68
121900209,63,22,41
121900210,848,744,104
121900211,240,419,-179
121900212,105,90,15
121900213,117,88,29
121900214,9,383,-374
121900215,46,51,-5
121900216,40,89,-49
121900217,253,83,170
121900218,176,326,-150
121900220,103,9,94
121900221,201,550,-349
121900222,104,113,-9
121900223,120,32,88
121900224,47,24,23
121900225,123,47,76
121900226,170,387,-217
121900227,120,362,-242
121900228,159,265,-106
121900230,102,86,16
121900231,313,651,-338
121900232,188,284,-96
121900233,126,196,-70
121900234,206,181,25
121900235,395,151,244
121900236,289,123,166
121900237,143,206,-63
121900238,132,195,-63
121900239,107,24,83
121900240,166,74,92
121900241,14,53,-39
121900242,25,56,-31
121900243,0,0,0
121900244,2,0,2
121900245,177,69,108
121900246,1311,260,1051
121900247,176,175,1
121900248,905,743,162
121900250,277,214,63
121900251,219,26,193
121900252,403,82,321
121900253,175,697,-522
121900254,489,167,322
121900255,176,79,97
121900258,2254,1746,508
121900259,330,493,-163
121900260,89,141,-52
121900261,182,397,-215
121900262,278,732,-454
121900263,202,214,-12
121900264,1470,1253,217
121900265,187,209,-22
121900266,269,121,148
121900267,70,17,53
121900269,130,481,-351
121900270,14,196,-182
121900271,27,78,-51
121900273,373,1280,-907
121900274,215,180,35
121900277,309,675,-366
121900278,92,594,-502
121900279,143,134,9
121900280,138,182,-44
121900281,305,224,81
121900284,23,8,15
121900286,181,115,66
121900287,12,34,-22
121900288,2,0,2
121900290,126,163,-37
121900291,341,434,-93
121900292,113,128,-15
121900293,862,2166,-1304
121900294,211,4,207
121900295,149,180,-31
121900296,55,41,14
121900298,180,508,-328
121900299,0,7,-7
121900300,186,14,172
121900301,86,1,85
121900302,0,25,-25
121900303,354,219,135
121900304,1,7,-6
121900305,1,2,-1
121900306,106,1,105
121900307,75,11,64
121900308,29,198,-169
121900309,3,178,-175
121900310,21,357,-336
121900311,307,46,261
121900312,234,14,220
121900313,300,23,277
121900314,3,54,-51
121900315,2,0,2
121900316,0,10,-10
121900317,18,4,14
121900318,5,15,-10
121900319,50,84,-34
121900320,24,97,-73
121900321,30,0,30
121900322,3,40,-37
121900323,13,9,4
121900324,8,43,-35
121900325,5,4,1
121900326,1,20,-19
121900327,6,46,-40
121900328,1,21,-20
121900329,0,202,-202
121900330,0,25,-25
121900331,8,7,1
121900332,88,27,61
121900333,23,1,22
121900334,58,51,7
122000001,1929,3696,-1767
122000002,3719,1328,2391
122000003,1766,1934,-168
122000004,2604,1239,1365
122000005,2162,1342,820
122000006,1748,767,981
122000007,1084,1519,-435
122000008,4082,4485,-403
122000009,478,321,157
122000010,1939,2410,-471
122000011,2857,1223,1634
122000012,1271,1083,188
122000013,1321,815,506
122000014,1231,1222,9
122000015,1264,902,362
122000016,476,749,-273
122000017,1048,933,115
122000018,1185,972,213
122000019,740,949,-209
122000020,176,165,11
122000021,301,414,-113
122000022,1081,955,126
122000023,604,1696,-1092
122000024,653,896,-243
122000025,1252,1216,36
122000026,1214,755,459
122000027,441,2275,-1834
122000028,765,406,359
122000029,354,443,-89
122000030,336,108,228
122000031,194,256,-62
122000032,1485,2219,-734
122000033,685,969,-284
122000034,706,501,205
122000035,251,656,-405
122000036,474,427,47
122000037,319,177,142
122000038,187,312,-125
122000039,705,431,274
122000040,270,285,-15
122000041,440,533,-93
122000042,337,434,-97
122000043,130,98,32
122000044,147,126,21
122000045,1152,409,743
122000046,740,700,40
122000047,219,243,-24
122000048,2727,3340,-613
122000049,4381,2295,2086
122000050,1344,686,658
122000051,366,307,59
122000052,406,306,100
122000053,134,659,-525
122000054,2130,1644,486
122000055,2142,2362,-220
122000056,4503,3069,1434
122000057,2882,2691,191
122000058,2772,1011,1761
122000059,2687,1497,1190
122000060,831,478,353
122000061,529,328,201
122000062,1191,282,909
122000063,1171,571,600
122000064,2889,2107,782
122000065,3920,1971,1949
122000066,992,626,366
122000067,1457,925,532
122000068,996,845,151
122000069,588,479,109
122000070,604,1999,-1395
122000071,860,906,-46
122000072,333,305,28
122000073,395,455,-60
122000074,2397,1234,1163
122000075,538,952,-414
122000076,1824,961,863
122000077,1166,607,559
122000078,2343,2065,278
122000079,1628,935,693
122000080,959,288,671
122000081,139,210,-71
122000082,1020,660,360
122000083,1164,2103,-939
122000084,967,744,223
122000085,241,1032,-791
122000086,1469,3899,-2430
122000087,345,136,209
122000088,257,272,-15
122000089,4594,1791,2803
122000090,215,355,-140
122000091,380,36,344
122000092,193,18,175
122000093,1604,1209,395
122000094,4769,1508,3261
122000095,2226,2345,-119
122000096,1444,1273,171
122000098,2626,1569,1057
122000099,1850,497,1353
122000100,754,458,296
122000101,308,574,-266
122000102,1323,925,398
122000103,1742,1347,395
122000104,259,124,135
122000105,349,179,170
122000106,382,474,-92
122000107,897,408,489
122000108,437,596,-159
122000109,348,248,100
122000110,343,492,-149
122000111,2468,1123,1345
122000112,697,1115,-418
122000113,576,478,98
122000114,3034,1193,1841
122000115,1756,1177,579
122000116,370,429,-59
122000117,827,335,492
122000118,392,499,-107
122000119,2211,1453,758
122000120,1654,2347,-693
122000121,1691,1765,-74
122000122,647,1151,-504
122000123,1419,1294,125
122000124,767,335,432
122000125,596,550,46
122000126,418,734,-316
122000127,914,933,-19
122000128,463,540,-77
122000129,490,973,-483
122000130,2139,982,1157
122000131,1118,699,419
122000132,482,381,101
122000133,686,968,-282
122000134,609,568,41
122000135,650,613,37
122000136,513,544,-31
122000137,978,604,374
122000139,1134,2255,-1121
122000140,910,539,371
122000141,2679,610,2069
122000142,238,476,-238
122000143,372,284,88
122000144,1200,811,389
122000145,1092,634,458
122000146,402,800,-398
122000147,669,293,376
122000148,2048,1503,545
122000149,1825,1114,711
122000150,993,695,298
122000151,155,205,-50
122000152,281,266,15
122000153,314,218,96
122000154,214,131,83
122000155,1262,1916,-654
122000156,2236,2011,225
122000157,1473,1296,177
122000158,311,364,-53
122000159,726,954,-228
122000160,2399,1471,928
122000161,795,622,173
122000162,1549,1286,263
122000163,221,90,131
122000164,20,75,-55
122000165,873,460,413
122000166,1107,958,149
122000167,254,219,35
122000168,103,457,-354
122000169,545,168,377
122000170,227,214,13
122000171,50,74,-24
122000172,1212,1138,74
122000173,1195,1998,-803
122000174,1994,712,1282
122000175,1141,306,835
122000176,193,555,-362
122000177,1469,1113,356
122000178,2600,1924,676
122000179,1180,2271,-1091
122000180,1624,950,674
122000181,1583,2693,-1110
122000182,1727,1211,516
122000183,1552,913,639
122000184,2483,1704,779
122000185,1439,1156,283
122000186,491,685,-194
122000187,1526,675,851
122000188,317,183,134
122000189,205,231,-26
122000190,839,842,-3
122000191,769,571,198
122000192,853,249,604
122000193,290,440,-150
122000194,651,154,497
122000195,151,412,-261
122000196,890,440,450
122000197,518,395,123
122000198,424,717,-293
122000199,315,275,40
122000200,1096,450,646
122000201,1328,1254,74
122000202,1182,1065,117
122000203,1860,1173,687
122000204,1127,1506,-379
122000205,1275,1158,117
122000206,1747,512,1235
122000207,1471,676,795
122000208,2102,1029,1073
122000209,1842,358,1484
122000210,1445,1226,219
122000211,1130,700,430
122000212,687,426,261
122000213,950,1200,-250
122000214,1527,1344,183
122000215,1461,1562,-101
122000217,1392,1043,349
122000218,567,61,506
122000219,1035,842,193
122000220,252,569,-317
122000221,50,309,-259
122000222,635,126,509
122000223,1087,388,699
122000225,696,198,498
122000226,1916,1284,632
122000227,276,1867,-1591
122000228,270,254,16
122000229,27,380,-353
122000230,102,359,-257
122000231,254,533,-279
122000232,609,701,-92
122000233,1,64,-63
122000234,401,101,300
122000235,1038,142,896
122000236,691,94,597
122000237,158,61,97
122000238,265,306,-41
122000239,511,130,381
122000240,905,560,345
122000241,1179,379,800
122000242,487,79,408
122000243,210,48,162
122000244,66,271,-205
122000245,80,182,-102
122000246,260,121,139
122000247,412,454,-42
122000248,949,1334,-385
122000249,815,726,89
122000250,1584,940,644
122000251,218,433,-215
122000252,521,103,418
122000253,27,195,-168
122000254,190,88,102
122000255,599,1313,-714
122000256,460,805,-345
122000257,143,206,-63
122000258,206,216,-10
122000259,24,287,-263
122000260,5,70,-65
122000261,10,191,-181
122000262,4,56,-52
122000263,228,76,152
122000264,831,345,486
122000265,2000,770,1230
122000266,3981,567,3414
122000267,97,75,22
122000268,156,287,-131
122000269,804,291,513
122000270,705,108,597
122000271,286,782,-496
122000272,305,713,-408
122000273,365,297,68
122000274,136,144,-8
122000275,152,173,-21
122000276,434,390,44
122000277,800,979,-179
122000278,1217,594,623
122000279,152,369,-217
122000280,785,527,258
122000281,614,566,48
122000282,242,157,85
122000283,848,68,780
122000284,168,62,106
122000285,731,92,639
122000286,180,129,51
122000287,1153,1103,50
122000288,617,215,402
122000291,1263,584,679
122000293,208,232,-24
122000294,133,159,-26
122000295,1134,165,969
122000296,44,565,-521
122000297,1661,2209,-548
122000299,309,219,90
122000300,456,456,0
122000301,7715,2661,5054
122000302,660,1294,-634
122000303,2807,1240,1567
122000304,122,211,-89
122000305,804,207,597
122000306,18,647,-629
122000307,121,152,-31
122000309,76,66,10
122000310,44,85,-41
122000311,212,135,77
122000312,125,98,27
122000313,130,47,83
122000314,130,146,-16
122000315,309,58,251
122000316,585,242,343
122000317,1054,249,805
122000318,210,677,-467
122000319,182,299,-117
122000320,453,1596,-1143
122000321,80,160,-80
122000322,2130,1873,257
122000323,1402,1695,-293
122000324,1002,1028,-26
122000325,717,1184,-467
122000326,51,68,-17
122000327,338,509,-171
122000328,861,508,353
122000330,1274,542,732
122000332,182,357,-175
122000333,21,98,-77
122000337,768,1106,-338
122000338,243,252,-9
122000340,300,300,0
122000342,1101,723,378
122000343,349,818,-469
122000344,59,20,39
122000345,127,42,85
122000346,275,377,-102
122000348,495,467,28
122000349,71,440,-369
122000351,98,140,-42
122000352,514,114,400
122000353,73,77,-4
122000355,137,149,-12
122000356,1176,941,235
122000357,47,32,15
122000358,0,41,-41
122000359,0,22,-22
122000360,0,44,-44
122000362,12,72,-60
122000364,107,235,-128
122000365,3,40,-37
122000366,16,1,15
122000368,389,462,-73
122000370,37,35,2
122000371,30,0,30
122000372,14,2,12
122000381,46,306,-260
122000382,97,161,-64
122000384,2486,1118,1368
122000385,57,0,57
122000386,528,874,-346
122000387,467,426,41
122000388,1199,532,667
122000389,180,514,-334
122000390,411,172,239
122000391,319,146,173
122000392,138,114,24
122000393,313,131,182
122000394,546,203,343
122000395,173,175,-2
122000396,253,95,158
122000397,65,77,-12
122000398,37,40,-3
122000399,115,47,68
122000400,127,298,-171
122000401,114,66,48
122000402,171,86,85
122000403,341,654,-313
122000404,136,269,-133
122000408,861,1091,-230
122000503,10,88,-78
122000524,124,96,28
122000544,60,2307,-2247
122000616,406,1,405
122000640,57,126,-69
122000641,97,330,-233
122000642,1559,921,638
122000643,33,159,-126
122000644,121,22,99
122000645,114,215,-101
122000651,1463,676,787
122000664,137,56,81
122000665,976,472,504
122000666,543,944,-401
122000673,73,230,-157
122000674,136,57,79
122000675,1659,922,737
122000686,352,689,-337
122000687,1245,275,970
122000688,229,504,-275
122000689,722,440,282
122000690,1569,481,1088
122000691,523,1578,-1055
122000692,902,362,540
122000693,341,1133,-792
122000695,347,314,33
122000696,247,235,12
122000698,287,501,-214
122000699,197,59,138
122000701,1092,305,787
122000702,397,1141,-744
122000703,110,44,66
122000712,0,0,0
122000717,96,34,62
122000718,185,541,-356
122000719,139,89,50
122000720,354,220,134
122000724,123,15,108
122900001,24,6,18
122900002,1043,3648,-2605
122900003,292,39,253
122900004,436,42,394
122900005,63,35,28
122900006,1214,155,1059
122900007,115,72,43
122900008,729,47,682
122900009,512,360,152
122900010,188,156,32
122900012,184,269,-85
122900014,161,237,-76
122900015,1388,547,841
122900016,91,213,-122
122900017,277,464,-187
122900018,164,16,148
122900019,8,156,-148
122900020,485,253,232
122900021,25,533,-508
122900022,591,741,-150
122900023,470,168,302
122900024,125,64,61
122900025,18,148,-130
122900026,39,242,-203
122900027,39,525,-486
122900028,133,147,-14
122900029,3151,2105,1046
122900030,827,426,401
122900031,81,258,-177
122900032,70,309,-239
122900033,330,79,251
122900034,2821,4132,-1311
122900035,18,33,-15
122900036,64,85,-21
122900037,270,109,161
122900038,148,2577,-2429
122900039,99,404,-305
122900040,262,330,-68
122900041,271,158,113
122900042,140,204,-64
122900043,312,139,173
122900044,60,330,-270
122900045,87,106,-19
122900046,187,81,106
122900047,215,143,72
122900048,40,200,-160
122900049,986,123,863
122900051,63,99,-36
122900052,60,199,-139
122900053,21,31,-10
122900055,375,86,289
122900057,247,48,199
122900061,409,170,239
122900062,387,699,-312
122900063,194,259,-65
122900064,1305,329,976
122900065,405,199,206
122900066,528,283,245
122900067,801,598,203
122900068,125,224,-99
122900069,235,1449,-1214
122900070,317,48,269
122900071,138,356,-218
122900072,20,437,-417
122900073,21,283,-262
122900074,609,514,95
122900075,1,56,-55
122900076,5,123,-118
122900077,11,136,-125
122900078,226,102,124
122900080,42,30,12
122900081,312,138,174
122900082,641,173,468
122900083,172,159,13
122900084,20,173,-153
122900086,9,75,-66
122900087,286,354,-68
122900088,44,121,-77
122900089,20,72,-52
122900090,14,391,-377
122900091,139,0,139
122900092,0,127,-127
122900093,0,153,-153
122900094,1,134,-133
122900095,104,13,91
122900096,202,103,99
122900097,31,27,4
122900098,52,74,-22
122900099,54,6,48
122900100,657,125,532
122900101,516,229,287
122900102,32,16,16
122900103,100,10,90
122900104,104,8,96
122900105,13,8,5
122900106,8,62,-54
122900107,1,172,-171
122900108,2,186,-184
123000001,1506,347,1159
123000002,3341,3667,-326
123000003,3279,3165,114
123000004,2803,3588,-785
123000005,2253,2657,-404
123000006,1981,2189,-208
123000007,3132,2501,631
123000008,2288,2772,-484
123000009,4281,2750,1531
123000010,3070,2886,184
123000011,2480,683,1797
123000012,831,1989,-1158
123000013,3032,801,2231
123000014,831,2881,-2050
123000015,3351,921,2430
123000016,3381,2967,414
123000017,2898,1823,1075
123000018,52,131,-79
123000019,199,197,2
123000020,128,92,36
123000021,64,277,-213
123000022,324,2747,-2423
123000023,1271,1286,-15
123000024,1217,481,736
123000025,235,194,41
123000026,28,45,-17
123000027,915,283,632
123000028,1741,352,1389
123000029,2082,407,1675
123000030,233,322,-89
123000031,119,235,-116
123000032,246,189,57
123000033,234,66,168
123000034,1233,1102,131
123000035,304,284,20
123000036,238,691,-453
123000037,270,265,5
123000038,146,236,-90
123000039,391,1087,-696
123000040,732,269,463
123000041,1107,909,198
123000042,996,512,484
123000043,2485,6259,-3774
123000044,4026,2066,1960
123000045,6480,2277,4203
123000046,631,1172,-541
123000047,1831,892,939
123000048,43,488,-445
123000049,5098,6223,-1125
123000050,967,1094,-127
123000051,75,179,-104
123000052,554,2536,-1982
123000053,2002,2754,-752
123000054,1014,951,63
123000055,892,1443,-551
123000056,1189,1388,-199
123000057,10463,5629,4834
123000058,583,778,-195
123000059,381,438,-57
123000060,649,247,402
123000061,175,516,-341
123000063,607,828,-221
123000064,776,259,517
123000065,4077,2491,1586
123000066,591,450,141
123000067,562,422,140
123000068,2226,2343,-117
123000069,5595,2764,2831
123000070,281,548,-267
123000071,725,823,-98
123000072,929,831,98
123000073,825,684,141
123000074,904,1150,-246
123000075,266,808,-542
123000076,594,656,-62
123000077,1849,2446,-597
123000078,1312,1518,-206
123000079,1094,1760,-666
123000080,1743,1857,-114
123000081,137,346,-209
123000082,317,764,-447
123000083,686,189,497
123000084,468,569,-101
123000085,189,76,113
123000086,364,191,173
123000087,212,279,-67
123000088,857,719,138
123000089,466,986,-520
123000090,1026,973,53
123000091,1285,1410,-125
123000092,874,1098,-224
123000094,401,208,193
123000095,402,551,-149
123000096,560,290,270
123000097,327,601,-274
123000098,606,426,180
123000099,516,619,-103
123000100,518,579,-61
123000101,579,524,55
123000102,506,488,18
123000104,336,425,-89
123000105,470,461,9
123000106,409,402,7
123000107,365,494,-129
123000108,567,1075,-508
123000111,646,262,384
123000112,742,510,232
123000113,470,1022,-552
123000114,369,475,-106
123000115,192,218,-26
123000116,25,92,-67
123000117,1150,1443,-293
123000118,334,732,-398
123000119,211,657,-446
123000120,309,668,-359
123000121,468,533,-65
123000122,337,200,137
123000123,403,615,-212
123000124,447,484,-37
123000125,869,974,-105
123000126,1119,2666,-1547
123000127,776,603,173
123000128,292,276,16
123000129,540,157,383
123000130,506,99,407
123000131,595,534,61
123000132,335,479,-144
123000133,238,232,6
123000134,340,145,195
123000135,1575,1008,567
123000136,212,765,-553
123000137,75,259,-184
123000138,100,342,-242
123000139,365,101,264
123000140,120,612,-492
123000141,589,90,499
123000142,1024,816,208
123000143,1469,1887,-418
123000144,32,25,7
123000145,206,65,141
123000146,51,57,-6
123000147,118,88,30
123000149,343,251,92
123000150,190,196,-6
123000151,353,432,-79
123000152,96,302,-206
123000153,115,484,-369
123000154,1767,1544,223
123000155,1974,776,1198
123000156,29,97,-68
123000157,475,615,-140
123000158,580,613,-33
123000159,2389,2020,369
123000160,705,528,177
123000161,1215,968,247
123000162,714,1488,-774
123000163,386,99,287
123000164,1228,356,872
123000165,396,1335,-939
123000166,44,139,-95
123000167,122,280,-158
123000168,196,207,-11
123000169,564,139,425
123000170,71,143,-72
123000171,462,28,434
123000172,192,440,-248
123000173,337,225,112
123000174,759,322,437
123000175,534,1072,-538
123000176,607,199,408
123000177,213,695,-482
123000178,673,128,545
123000179,44,504,-460
123000180,1234,313,921
123000181,239,1347,-1108
123000182,160,315,-155
123000183,172,429,-257
123000184,66,506,-440
123000185,485,293,192
123000186,1,588,-587
123000187,512,8,504
123000188,140,0,140
123000189,148,166,-18
123000190,71,44,27
123000192,18,358,-340
123000193,75,884,-809
123000194,411,315,96
123000195,201,37,164
123000196,282,61,221
123000197,57,165,-108
123000198,214,297,-83
123000199,41,564,-523
123000200,409,14,395
123000201,792,22,770
123000202,18,999,-981
123000203,759,70,689
123000204,87,1105,-1018
123000205,527,1782,-1255
123000206,1874,228,1646
123000207,96,799,-703
123000208,497,143,354
123000209,1849,500,1349
123000210,507,2045,-1538
123000211,449,2112,-1663
123000212,2457,467,1990
123000213,671,56,615
123000215,175,134,41
123000216,163,546,-383
123000217,158,25,133
123000218,54,457,-403
123000219,605,116,489
123000220,332,61,271
123000221,136,80,56
123000222,342,310,32
123000223,261,272,-11
123000224,363,473,-110
123000225,181,82,99
123000226,64,240,-176
123000227,75,220,-145
123000228,212,60,152
123000229,949,1550,-601
123000232,76,489,-413
123000233,497,127,370
123000234,132,574,-442
123000235,660,237,423
123000236,211,619,-408
123000237,258,72,186
123000238,116,450,-334
123000239,423,1043,-620
123000240,32,342,-310
123000241,477,75,402
123000242,102,128,-26
123000243,782,746,36
123000244,1091,641,450
123000245,29,165,-136
123000249,279,527,-248
123000252,619,183,436
123000253,724,419,305
123000254,624,743,-119
123000255,981,807,174
123000256,18,195,-177
123000257,2372,1802,570
123000258,750,742,8
123000259,249,335,-86
123000260,362,368,-6
123000261,140,114,26
123000262,104,192,-88
123000263,325,91,234
123000264,121,64,57
123000265,41,151,-110
123000266,433,658,-225
123000267,409,296,113
123000268,34,41,-7
123000269,32,49,-17
123000270,19,61,-42
123000271,57,53,4
123000272,508,199,309
123000273,189,491,-302
123000274,970,495,475
123000275,238,749,-511
123000278,2316,2071,245
123000279,54,76,-22
123000280,254,240,14
123000281,297,71,226
123000282,87,219,-132
123000283,73,46,27
123000284,74,131,-57
123000286,226,240,-14
123000287,480,236,244
123000288,959,536,423
123000289,346,722,-376
123000291,200,662,-462
123000294,171,209,-38
123000295,922,738,184
123000296,627,370,257
123000297,497,617,-120
123000298,425,367,58
123000299,38,158,-120
123000300,696,760,-64
123000301,85,171,-86
123000302,49,171,-122
123000303,124,134,-10
123000305,826,775,51
123000306,116,135,-19
123000309,50,65,-15
123000310,43,52,-9
123000311,0,62,-62
123000312,501,743,-242
123000313,349,343,6
123000315,39,274,-235
123000316,916,223,693
123000317,276,81,195
123000318,70,177,-107
123000329,8,11,-3
123000337,1308,254,1054
123000338,950,43,907
123000339,187,116,71
123000340,159,373,-214
123000342,15,72,-57
123000343,38,2,36
123000344,1193,418,775
123000345,344,429,-85
123000346,287,46,241
123000352,1125,659,466
123000353,22,128,-106
123000354,401,3,398
123000355,2,388,-386
123000356,265,2,263
123000357,0,131,-131
123000359,3,137,-134
123000360,153,79,74
123000361,246,276,-30
123000362,233,93,140
123000363,93,149,-56
123000364,411,395,16
123000365,20,261,-241
123000366,340,1521,-1181
123000367,293,869,-576
123000370,37,191,-154
123000371,326,23,303
123000372,354,3,351
123000373,4,283,-279
123000374,7,164,-157
123000375,258,30,228
123000376,648,511,137
123000377,311,15,296
123000378,22,178,-156
123000379,1,164,-163
123000380,64,277,-213
123000381,116,37,79
123000382,808,121,687
123000383,150,1044,-894
123000384,373,58,315
123000385,356,528,-172
123000436,27,739,-712
123000507,191,319,-128
123000508,259,649,-390
123000517,326,27,299
123000518,11,212,-201
123000519,173,64,109
123000520,31,192,-161
123000521,269,80,189
123000522,118,404,-286
123000541,4,1,3
123000542,0,15,-15
123000565,579,50,529
123000566,181,521,-340
123000567,75,171,-96
123000573,29,529,-500
123000574,571,72,499
123000575,993,942,51
123000576,637,1018,-381
123000577,54,528,-474
123000578,401,53,348
123000579,2917,3624,-707
123000580,88,30,58
123000582,239,16,223
123000583,15,288,-273
123000584,177,207,-30
123000585,0,63,-63
123000586,54,0,54
123000596,86,133,-47
123000597,69,92,-23
123000602,21,7,14
123000603,474,522,-48
123000604,459,599,-140
123000605,892,139,753
123000606,1,281,-280
123000609,23,267,-244
123000610,121,90,31
123000613,44,172,-128
123000614,175,26,149
123000615,63,104,-41
123000616,484,38,446
123000617,49,181,-132
123000618,40,338,-298
123000619,429,19,410
123000620,6,309,-303
123000622,267,28,239
123000624,87,43,44
123000630,1057,436,621
123000631,209,1242,-1033
123000632,748,717,31
123000633,1,228,-227
123000634,53,86,-33
123000635,98,89,9
123000636,89,427,-338
123000637,156,22,134
123000638,577,46,531
123000639,664,2887,-2223
123000640,24,666,-642
123000648,258,77,181
123000649,49,449,-400
123900001,1054,80,974
123900002,23,1353,-1330
123900003,353,397,-44
123900005,227,127,100
123900006,191,19,172
124000001,1463,177,1286
124000002,94,1402,-1308
124000003,756,141,615
124000004,92,461,-369
124000005,956,440,516
124000006,246,879,-633
124000007,436,83,353
124000008,18,418,-400
124000009,553,194,359
124000010,161,455,-294
124000011,964,230,734
124000012,255,516,-261
124000017,135,137,-2
124000018,93,74,19
124000019,141,117,24
124000020,47,189,-142
124000021,72,89,-17
124000022,84,198,-114
124000023,1314,1240,74
124000024,860,482,378
124000025,1189,1358,-169
124000026,827,935,-108
124000027,4136,4158,-22
124000028,2091,4139,-2048
124000030,2862,1336,1526
124000031,1304,2564,-1260
124000032,2413,878,1535
124000033,811,606,205
124000034,961,882,79
124000035,247,130,117
124000036,135,546,-411
124000037,292,870,-578
124000038,39,100,-61
124000039,957,384,573
124000040,669,871,-202
124000041,308,48,260
124000042,59,282,-223
124000043,76,76,0
124000044,41,133,-92
124000045,613,392,221
124000046,275,603,-328
124000047,1014,695,319
124000048,666,1053,-387
124000049,1216,535,681
124000050,562,1400,-838
124000051,626,453,173
124000052,492,855,-363
124000053,413,1161,-748
124000054,841,514,327
124000055,1174,1773,-599
124000056,1979,1652,327
124000057,784,477,307
124000058,380,1212,-832
124000059,482,847,-365
124000060,953,614,339
124000061,1301,4121,-2820
124000062,5667,1921,3746
124000063,1554,1752,-198
124000064,2092,1461,631
124000065,119,343,-224
124000066,233,93,140
124000067,172,182,-10
124000068,45,149,-104
124000069,513,210,303
124000070,211,526,-315
124000071,216,91,125
124000072,119,419,-300
124000073,702,136,566
124000074,205,738,-533
124000075,169,17,152
124000076,14,134,-120
124000077,1879,619,1260
124000078,2486,1054,1432
124000079,385,880,-495
124000080,377,156,221
124000081,122,447,-325
124000082,46,127,-81
124000083,89,71,18
124000084,69,345,-276
124000085,129,54,75
124000086,67,96,-29
124000087,138,93,45
124000088,95,197,-102
124000089,665,321,344
124000090,110,301,-191
124000091,377,137,240
124000092,106,610,-504
124000093,77,73,4
124000094,77,403,-326
124000095,85,74,11
124000096,143,167,-24
124000097,94,167,-73
124000098,68,98,-30
124000099,167,140,27
124000100,31,111,-80
124000101,71,65,6
124000102,124,71,53
124000103,70,94,-24
124000104,100,55,45
124000105,70,96,-26
124000106,118,64,54
124000107,20,128,-108
124000108,56,26,30
124000109,104,85,19
124000110,303,133,170
124000111,138,135,3
124000112,553,584,-31
124000113,81,77,4
124000114,222,455,-233
124000115,344,607,-263
124000116,111,129,-18
124000117,42,95,-53
124000118,22,55,-33
124000119,627,318,309
124000120,394,309,85
124000121,1782,844,938
124000122,418,1093,-675
124000123,761,519,242
124000124,383,1014,-631
124000125,349,354,-5
124000126,193,592,-399
124000127,639,333,306
124000128,587,783,-196
124000129,1679,1229,450
124000130,630,716,-86
124000131,823,453,370
124000132,703,819,-116
124000133,615,589,26
124000134,715,574,141
124000135,1291,1249,42
124000136,795,940,-145
124000137,912,514,398
124000138,1184,1131,53
124000139,642,38,604
124000140,23,370,-347
124000141,401,16,385
124000142,24,310,-286
124000143,100,18,82
124000144,9,113,-104
124000145,79,15,64
124000146,28,101,-73
124000148,38,92,-54
124000149,928,437,491
124000150,306,518,-212
124000151,690,327,363
124000152,619,1194,-575
124000153,446,573,-127
124000154,223,500,-277
124000155,1126,954,172
124000156,1623,861,762
124000169,146,292,-146
124000170,348,372,-24
124000171,174,152,22
124000172,214,476,-262
124000173,301,172,129
124000174,335,459,-124
124000175,5,87,-82
124000176,28,8,20
124000177,8,21,-13
124000178,27,33,-6
124000190,75,36,39
124000191,216,78,138
124000192,2393,341,2052
124000193,378,838,-460
124000194,355,426,-71
124000195,221,635,-414
124000196,920,1057,-137
124000197,44,36,8
124000198,18,38,-20
124000201,309,858,-549
124000202,559,295,264
124000203,245,543,-298
124000204,701,253,448
124000205,111,397,-286
124000206,587,355,232
124000207,0,41,-41
124000209,176,437,-261
124000210,334,185,149
124000211,362,1,361
124000212,2,417,-415
124000213,357,238,119
124000214,255,459,-204
124000215,881,22,859
124000216,0,345,-345
124000329,118,1453,-1335
124000338,118,757,-639
124000339,821,105,716
124000341,1121,80,1041
124000344,20,1,19
124000357,863,1992,-1129
124000358,681,1356,-675
124000359,908,738,170
124000360,610,614,-4
124000361,2053,864,1189
124000362,1482,1968,-486
124000363,264,297,-33
124000364,685,742,-57
124000365,656,1052,-396
124000366,1253,795,458
124000367,116,431,-315
124000368,458,330,128
124000369,183,170,13
124000370,105,733,-628
124000402,44,10,34
124000403,116,14,102
124000404,16,113,-97
124000405,834,690,144
124000406,685,796,-111
124000407,5,42,-37
124000411,5,305,-300
124000412,322,7,315
124000413,360,45,315
124000414,76,78,-2
124000415,31,143,-112
124000416,170,200,-30
124000417,107,94,13
124000418,132,87,45
124000419,100,114,-14
124000420,86,59,27
124000421,34,176,-142
124000422,20,8,12
124000423,138,34,104
124000424,1,134,-133
124000425,119,53,66
124000426,10,144,-134
124000427,90,5,85
124000428,14,50,-36
124000429,50,60,-10
124000430,571,347,224
124000431,215,395,-180
124000432,190,694,-504
124000439,20,15,5
124000443,0,5,-5
124000445,599,938,-339
124000446,1469,74,1395
124000447,1,12,-11
124900001,450,336,114
124900002,135,288,-153
124900003,962,590,372
124900004,497,388,109
124900005,197,141,56
124900006,626,331,295
124900008,1065,560,505
124900009,135,188,-53
124900010,123,66,57
124900011,387,190,197
124900012,458,78,380
124900013,416,122,294
124900014,223,51,172
124900015,106,249,-143
124900016,44,73,-29
124900017,589,996,-407
124900018,42,17,25
124900020,65,61,4
124900021,215,37,178
124900022,281,6,275
124900024,192,30,162
124900026,321,23,298
124900027,81,320,-239
124900028,275,58,217
124900029,2,397,-395
124900030,5,73,-68
124900031,18,221,-203
124900032,140,167,-27
124900033,81,209,-128
124900034,4,92,-88
124900035,172,328,-156
124900036,1,40,-39
124900037,135,216,-81
124900038,293,390,-97
124900039,2,31,-29
124900040,167,63,104
124900041,219,1059,-840
124900042,115,0,115
124900043,521,1034,-513
124900044,54,0,54
124900045,574,1117,-543
124900047,138,124,14
124900048,177,87,90
124900050,126,214,-88
124900052,108,308,-200
124900053,85,321,-236
124900054,1446,360,1086
124900055,0,140,-140
124900057,6,45,-39
124900060,54,150,-96
124900061,90,4,86
124900062,139,27,112
124900066,0,25,-25
124900067,6,105,-99
124900068,181,322,-141
124900070,44,11,33
124900072,91,40,51
124900075,164,245,-81
124900076,29,898,-869
124900077,30,66,-36
124900078,67,19,48
124900079,427,154,273
124900080,272,671,-399
124900081,827,316,511
124900082,346,991,-645
124900083,242,479,-237
124900085,1004,375,629
124900086,72,1106,-1034
124900087,676,87,589
124900088,584,108,476
124900089,1267,20,1247
124900090,211,173,38
124900091,220,356,-136
124900092,118,230,-112
124900093,217,142,75
124900094,273,218,55
124900095,67,329,-262
124900096,472,235,237
124900097,243,66,177
124900098,129,315,-186
124900099,452,430,22
124900100,241,51,190
124900101,92,261,-169
124900102,152,28,124
124900103,124,169,-45
124900104,81,142,-61
124900105,77,84,-7
124900106,275,58,217
124900107,46,9,37
124900108,121,66,55
124900111,4,101,-97
124900112,57,332,-275
124900113,134,219,-85
124900114,206,117,89
124900115,39,20,19
124900116,151,136,15
124900117,299,88,211
124900118,221,198,23
124900119,344,140,204
124900120,84,280,-196
124900121,109,303,-194
124900122,266,190,76
124900123,300,150,150
124900124,118,286,-168
204000001,79,19,60
204000002,28,5,23
204000003,8,5,3
204000004,9,2,7
204000005,619,458,161
204000006,1070,1182,-112
204000011,7,47,-40
204000012,62,113,-51
204000019,537,458,79
204000020,538,540,-2
204000021,1385,669,716
204000022,597,441,156
204000023,508,832,-324
204000031,113,9,104
204000032,502,55,447
204000034,33,151,-118
204000035,0,3,-3
204000036,5,11,-6
204000037,1,7,-6
204000038,0,16,-16
204000039,5,27,-22
204000040,6,14,-8
204000041,7,18,-11
204000042,30,13,17
204000043,17,1,16
204000044,37,0,37
204000045,23,1,22
204000046,12,1,11
204000057,2,14,-12
204000062,31,31,0
204000068,40,280,-240
204000069,86,270,-184
204000070,64,100,-36
204000080,63,63,0
204000085,1877,1799,78
204000086,2556,2116,440
204000087,32,10,22
204000088,5,93,-88
204000090,70,273,-203
204000093,265,63,202
204000096,621,933,-312
204000097,248,14,234
204000099,919,1212,-293
204000100,1190,1688,-498
204000105,2058,1381,677
204000110,1093,966,127
204000111,358,562,-204
204000112,524,597,-73
204000113,338,583,-245
204000114,607,429,178
204000115,470,246,224
204000116,518,341,177
204000119,1584,2478,-894
204000132,555,324,231
204000133,688,416,272
204000134,188,135,53
204000135,526,103,423
204000136,845,257,588
204000138,299,337,-38
204000140,164,118,46
204000141,167,55,112
204000144,9,22,-13
204000145,475,19,456
204000146,29,219,-190
204000147,38,207,-169
204000148,398,36,362
204000154,6,2,4
204000155,3,6,-3
204000177,70,47,23
204000179,30,12,18
204000180,1,47,-46
204000222,1,3,-2
204000235,11,10,1
204000236,69,206,-137
204000238,11,24,-13
204000240,319,53,266
204000263,570,1115,-545
204000268,874,622,252
204000308,154,35,119
204000317,10,66,-56
204000322,13,39,-26
204000323,14,16,-2
204000328,156,96,60
204000329,69,107,-38
204000330,175,44,131
204000331,57,135,-78
205000001,888,1702,-814
205000013,4,58,-54
205000014,15,52,-37
205000015,22,177,-155
205000016,4,147,-143
205000017,7,69,-62
205000022,320,821,-501
205000025,1296,1246,50
205000029,149,7,142
205000045,171,267,-96
205000046,88,526,-438
205000047,39,455,-416
205000048,351,1106,-755
205000049,125,902,-777
205000050,811,358,453
205000059,0,273,-273
205000060,0,74,-74
205000061,3,66,-63
205000062,2,87,-85
205000063,12,50,-38
205000064,22,77,-55
205000065,55,442,-387
205000066,96,772,-676
205000067,22,958,-936
205000069,198,12,186
205000082,142,163,-21
205000110,77,296,-219
205000111,140,273,-133
205000112,150,157,-7
205000113,156,347,-191
205000121,210,62,148
205000123,28,201,-173
205000126,432,131,301
205000127,661,218,443
205000128,588,78,510
205000129,597,110,487
205000130,512,37,475
205000131,217,7,210
205000132,281,4,277
205000133,276,1,275
205000134,260,0,260
205000137,52,116,-64
205000138,125,280,-155
205000139,31,99,-68
205000144,81,83,-2
205000145,267,151,116
205000151,149,48,101
205000152,131,26,105
205000153,185,43,142
205000154,77,57,20
205000155,119,7,112
205000207,6,158,-152
205000233,31,3,28
205000234,0,0,0
205000243,0,0,0
205000244,0,12,-12
205000245,6,143,-137
205000249,0,20,-20
205000250,7,0,7
205000264,10,79,-69
206000027,1,2,-1
206000028,4,2,2
206000043,6,70,-64
206000053,1,4,-3
206000054,1,16,-15
206000055,2,17,-15
206000075,5,1,4
206000076,9,3,6
206000077,11,8,3
206000078,10,4,6
206000079,23,6,17
206000082,330,20,310
206000100,22,437,-415
206000103,2,14,-12
206000104,7,17,-10
206000105,5,9,-4
206000106,10,20,-10
206000125,62,0,62
206000157,64,427,-363
206000170,1,139,-138
206000171,1,168,-167
206000172,4,280,-276
206000173,1,153,-152
206000174,10,41,-31
206000175,1,70,-69
206000176,9,158,-149
206000177,1,119,-118
206000178,3,122,-119
206000179,9,38,-29
206000180,10,89,-79
206000181,5,117,-112
206000182,3,132,-129
206000183,13,464,-451
206000184,5,192,-187
206000185,6,107,-101
206000186,76,673,-597
206000223,4,142,-138
206000226,11,4,7
206000227,12,2,10
206000237,14,227,-213
206000238,30,425,-395
206000239,210,1538,-1328
206000240,3,32,-29
206000241,1,73,-72
206000242,4,181,-177
206000243,3,176,-173
206000244,35,353,-318
206000245,469,36,433
206000246,150,6,144
206000247,102,6,96
206000248,211,4,207
206000252,39,29,10
206000258,27,30,-3
206000315,23,2,21
206000317,346,82,264
206000318,289,60,229
206000319,746,73,673
206000320,114,27,87
206000321,87,9,78
206000322,282,15,267
206000323,114,4,110
206000324,96,8,88
206000325,103,13,90
206000326,93,3,90
206000327,331,6,325
206000328,100,1,99
206000329,168,6,162
206000330,42,8,34
206000331,109,1,108
206000332,26,2,24
206000333,319,2,317
206000334,156,1,155
206000335,0,14,-14
206000361,1,159,-158
206000392,3,18,-15
206000405,103,0,103
206000441,34,10,24
206000498,30,1,29
206000515,65,37,28
206000530,145,73,72
206000531,133,122,11
206000532,1304,162,1142
206000535,181,1496,-1315
206000536,25,118,-93
206000537,5,104,-99
206000613,892,149,743
206000784,488,19,469
207000001,186,531,-345
207000002,130,260,-130
207000003,165,165,0
207000007,740,272,468
207000008,75,8,67
207000009,51,29,22
207000010,408,449,-41
207000012,241,193,48
207000015,261,1259,-998
207000019,425,99,326
207000021,617,160,457
207000022,128,126,2
207000023,206,62,144
207000024,7,8,-1
207000025,50,55,-5
207000026,82,47,35
207000027,21,57,-36
207000028,31,142,-111
207000029,215,377,-162
207000033,248,384,-136
207000034,304,80,224
207000039,271,110,161
207000040,204,65,139
207000041,86,21,65
207000042,248,59,189
207000043,234,224,10
207000051,138,217,-79
207000052,16,147,-131
207000053,431,563,-132
207000054,59,138,-79
207000055,153,149,4
207000056,348,356,-8
207000057,127,294,-167
207000058,141,335,-194
207000059,100,600,-500
207000060,104,195,-91
207000061,220,355,-135
207000062,252,38,214
207000063,299,142,157
207000064,316,130,186
207000065,287,248,39
207000066,154,169,-15
207000067,24,96,-72
207000068,124,73,51
207000069,575,378,197
207000082,9,234,-225
207000083,112,242,-130
207000084,247,174,73
207000085,149,16,133
207000086,148,3,145
207000106,54,33,21
207000107,56,34,22
207000108,81,10,71
207000109,70,11,59
207000110,34,64,-30
207000111,79,42,37
207000112,159,444,-285
207000114,30,36,-6
207000115,20,65,-45
207000116,29,315,-286
207000117,6,111,-105
207000118,6,85,-79
207000119,35,68,-33
207000123,161,23,138
207000124,53,13,40
207000125,66,61,5
207000126,54,93,-39
207000134,54,116,-62
207000135,13,227,-214
207000148,66,238,-172
207000149,89,37,52
207000152,100,439,-339
207000153,934,1284,-350
207000154,447,124,323
207000159,138,178,-40
207000160,162,397,-235
207000238,0,148,-148
207000242,0,153,-153
207000248,36,10,26
207000249,128,30,98
207000250,555,67,488
207000251,94,62,32
207000252,46,43,3
207000278,98,70,28
207000279,38,130,-92
207000280,413,53,360
207000281,94,854,-760
207000282,175,65,110
207000283,140,139,1
207000284,90,142,-52
207000285,119,65,54
207000291,5,84,-79
207000304,135,57,78
207000306,79,375,-296
207000310,83,86,-3
207000353,404,1,403
207000356,35,24,11
207000357,25,16,9
207000358,3,20,-17
207000415,6,198,-192
207000417,45,3,42
207000418,105,135,-30
207000438,0,2,-2
207000439,1006,519,487
207000446,154,8,146
207000460,22,4,18
207000466,193,140,53
207000467,174,102,72
207000468,34,321,-287
207000476,4,48,-44
207000477,512,63,449
207000478,3,16,-13
207000523,2,24,-22
207000524,87,0,87
207000527,119,189,-70
207000530,403,13,390
207000531,254,7,247
207000532,74,25,49
207000534,455,40,415
207000535,42,310,-268
207000537,13,102,-89
207000540,6,191,-185
207000541,6,251,-245
207000548,11,282,-271
207000549,195,12,183
207000561,131,157,-26
207000562,36,137,-101
207000567,181,239,-58
207000568,111,59,52
207000569,248,536,-288
207000584,313,153,160
207000585,47,289,-242
207000587,70,23,47
207000616,1,105,-104
207000617,136,0,136
207000624,34,50,-16
207000631,7,69,-62
207900008,154,110,44
208000001,507,729,-222
208000002,907,400,507
208000003,884,411,473
208000004,1039,531,508
208000005,11,25,-14
208000019,527,904,-377
208000020,120,506,-386
208000021,243,372,-129
208000022,892,514,378
208000028,1350,796,554
208000033,468,429,39
208000034,996,1118,-122
208000037,328,19,309
208000040,150,165,-15
208000041,981,522,459
208000042,1796,659,1137
208000047,147,228,-81
208000064,2335,1436,899
208000066,1662,1831,-169
208000070,261,290,-29
208000071,316,703,-387
208000072,345,1363,-1018
208000080,262,284,-22
208000081,283,133,150
208000082,282,288,-6
208000083,171,386,-215
208000084,32,13,19
208000085,859,666,193
208000086,410,961,-551
208000087,718,687,31
208000089,775,343,432
208000090,800,582,218
208000093,164,121,43
208000094,388,298,90
208000095,634,332,302
208000104,754,1037,-283
208000105,600,1036,-436
208000114,62,295,-233
208000115,519,360,159
208000116,517,917,-400
208000117,201,146,55
208000118,108,135,-27
208000155,710,892,-182
208000158,1296,2760,-1464
208000186,3560,3800,-240
208000204,547,799,-252
208000205,1007,927,80
208000282,5226,2534,2692
209000004,200,146,54
209000005,38,29,9
209000006,297,116,181
209000007,227,175,52
209000010,497,133,364
209000011,165,245,-80
209000012,111,173,-62
209000013,223,311,-88
209000014,523,943,-420
209000025,222,31,191
209000026,558,121,437
209000027,650,690,-40
209000028,285,542,-257
209000029,601,557,44
209000030,465,1114,-649
209000031,2236,2157,79
209000034,148,199,-51
209000035,115,142,-27
209000036,130,89,41
209000037,199,195,4
209000038,88,149,-61
209000039,54,169,-115
209000040,194,518,-324
209000041,129,410,-281
209000042,148,363,-215
209000043,653,748,-95
209000044,149,612,-463
209000045,1670,556,1114
209000046,413,446,-33
209000047,485,243,242
209000048,626,335,291
209000049,101,132,-31
209000050,195,180,15
209000051,314,462,-148
209000052,215,387,-172
209000062,41,97,-56
209000063,54,77,-23
209000064,35,93,-58
209000065,55,32,23
209000066,55,19,36
209000067,51,44,7
209000080,32,237,-205
209000082,70,38,32
209000091,36,87,-51
209000093,63,33,30
209000094,255,219,36
209000110,28,96,-68
209000111,303,976,-673
209000112,668,386,282
209000113,1285,434,851
209000114,510,305,205
209000115,83,159,-76
209000116,642,558,84
209000118,45,43,2
209000119,53,14,39
209000121,147,505,-358
209000135,71,127,-56
209000142,487,1139,-652
209000143,116,76,40
209000144,52,93,-41
209000229,305,139,166
209000240,20,321,-301
209000259,93,110,-17
209000260,34,771,-737
209000261,2,461,-459
209000262,2,379,-377
209000263,0,124,-124
209000264,0,51,-51
209000265,347,27,320
209000266,75,2,73
209000267,722,5,717
209000268,540,28,512
210000037,56,14,42
210000047,55,15,40
210000048,68,13,55
210000049,36,7,29
210000052,48,75,-27
210000053,23,54,-31
210000054,58,69,-11
210000070,64,3,61
210000071,66,0,66
210000072,15,0,15
210000073,0,28,-28
210000074,1,97,-96
210000075,2,75,-73
210000076,7,123,-116
210000077,18,37,-19
210000078,33,21,12
210000079,34,11,23
210000080,114,59,55
210000081,178,18,160
210000082,159,4,155
210000083,73,1,72
210000084,25,0,25
210000085,0,66,-66
210000086,2,80,-78
210000099,26,169,-143
210000100,41,156,-115
210000101,66,187,-121
210000105,38,137,-99
210000159,2,141,-139
210000163,155,166,-11
210000164,189,111,78
210000168,110,25,85
210000187,0,13,-13
210000188,1,12,-11
210000214,44,1,43
210000219,18,32,-14
210000220,78,75,3
210000232,0,16,-16
210000233,26,65,-39
210000234,32,89,-57
210000235,33,60,-27
210000245,5,28,-23
210000246,16,2,14
210000258,6,91,-85
210000259,354,58,296
210000282,69,209,-140
210000285,1,102,-101
210000286,13,123,-110
210000290,4,6,-2
210000295,34,133,-99
210000296,25,51,-26
210000320,139,61,78
210000321,88,55,33
210000338,47,62,-15
210000339,304,976,-672
210000340,105,317,-212
210000341,203,219,-16
210000342,130,148,-18
210000343,122,147,-25
210000344,173,95,78
210000345,145,156,-11
210000346,85,110,-25
210000347,121,31,90
210000348,137,11,126
210000349,112,19,93
210000350,94,73,21
210000351,117,148,-31
210000352,23,52,-29
210000353,31,112,-81
210000354,42,82,-40
210000355,35,92,-57
210000356,38,58,-20
210000357,79,21,58
210000358,226,127,99
210000359,127,46,81
210000360,123,98,25
210000361,175,152,23
210000362,300,187,113
210000363,787,221,566
210000364,115,119,-4
210000365,98,64,34
210000366,131,50,81
210000367,103,32,71
210000368,165,38,127
210000369,24,13,11
210000370,29,38,-9
210000372,22,24,-2
210000373,46,8,38
210000374,36,10,26
210000375,32,69,-37
210000376,69,127,-58
210000404,74,99,-25
210000439,25,45,-20
210000472,81,2,79
210000482,55,63,-8
210000564,377,207,170
210000567,0,27,-27
210000568,255,4,251
211000092,22,57,-35
211000094,28,8,20
211000169,261,9,252
211000172,13,260,-247
211000209,6,12,-6
211000226,22,19,3
211000270,23,11,12
211000275,43,13,30
211000276,69,27,42
211000279,23,49,-26
211000281,38,29,9
211000302,0,33,-33
211507980,1,45,-44
211977296,60,6,54
212000003,116,54,62
212000004,35,17,18
212000005,27,35,-8
212000006,69,56,13
212000008,106,205,-99
212000009,35,126,-91
212000012,57,86,-29
212000013,27,64,-37
212000014,254,166,88
212000015,258,274,-16
212000016,472,586,-114
212000027,358,336,22
212000028,258,419,-161
212000029,171,252,-81
212000030,28,17,11
212000031,49,48,1
212000048,27,133,-106
212000049,12,94,-82
212000050,8,10,-2
212000051,188,240,-52
212000052,155,353,-198
212000053,358,753,-395
212000054,187,156,31
212000055,154,225,-71
212000056,12,40,-28
212000057,12,40,-28
212000058,226,34,192
212000070,150,238,-88
212000077,138,753,-615
212000099,185,261,-76
212000108,198,129,69
212000111,196,110,86
212000120,103,88,15
212000138,122,51,71
212000156,6,145,-139
212000158,13,12,1
212000159,301,51,250
212000160,483,246,237
212000161,63,11,52
212000310,59,11,48
212000311,21,67,-46
212000374,67,11,56
213000001,16,322,-306
213000005,315,85,230
213000006,816,274,542
213000007,289,6,283
213000009,683,403,280
213000010,138,221,-83
213000011,251,102,149
213000012,123,300,-177
213000014,44,8,36
213000015,194,6,188
213000016,237,0,237
213000017,41,1,40
213000018,1,133,-132
213000019,3,138,-135
213000020,96,323,-227
213000021,7,108,-101
213000023,236,151,85
213000033,291,1308,-1017
213000034,654,274,380
213000035,99,419,-320
213000045,151,240,-89
213000046,208,184,24
213000047,622,1107,-485
213000056,98,47,51
213000069,93,0,93
213000073,1,24,-23
213000074,64,302,-238
213000075,419,5,414
213000076,85,3,82
213000085,9,35,-26
213000086,6,121,-115
213000091,104,17,87
213000092,77,4,73
213000099,202,1004,-802
213000100,1049,237,812
213000101,217,119,98
213000102,270,285,-15
213000103,653,730,-77
213000104,40,341,-301
213000105,2,146,-144
213000106,23,150,-127
213000107,106,593,-487
213000108,38,478,-440
213000109,4,296,-292
213000110,16,84,-68
213000111,8,60,-52
213000112,140,87,53
213000115,44,17,27
213000116,72,453,-381
213000117,8,661,-653
213000118,320,274,46
213000119,47,655,-608
213000120,85,515,-430
213000122,141,567,-426
213000123,293,1167,-874
213000124,122,1049,-927
213000125,101,29,72
213000126,46,89,-43
213000127,120,127,-7
213000128,420,836,-416
213000129,333,492,-159
213000130,443,221,222
213000132,218,79,139
213000133,357,76,281
213000134,624,27,597
213000136,364,26,338
213000137,443,103,340
213000139,633,25,608
213000147,131,9,122
213000148,37,5,32
213000149,22,6,16
213000150,0,87,-87
213000151,3,72,-69
213000152,2,86,-84
213000153,5,73,-68
213000154,30,179,-149
213000155,31,206,-175
213000156,98,658,-560
213000157,437,396,41
213000158,295,920,-625
213000159,493,597,-104
213000163,490,79,411
213000165,531,172,359
213000171,1,110,-109
213000172,2,297,-295
213000173,2,272,-270
213000174,2,174,-172
213000175,8,91,-83
213000176,28,19,9
213000177,38,5,33
213000178,87,0,87
213000179,128,3,125
213000180,109,0,109
213000184,107,301,-194
213000188,257,97,160
213000189,232,52,180
213000190,799,594,205
213000191,229,398,-169
213000192,174,369,-195
213000193,932,266,666
213000194,1,55,-54
213000195,7,415,-408
213000196,253,1068,-815
213000197,346,745,-399
213000198,116,3,113
213000200,102,933,-831
213000201,89,31,58
213000202,13,538,-525
213000203,2889,638,2251
213000204,607,78,529
213000205,243,101,142
213000206,446,83,363
213000207,227,14,213
213000208,165,2,163
213000209,374,4,370
213000210,536,2,534
213000211,11,8,3
213000212,23,28,-5
213000213,35,51,-16
213000218,183,594,-411
213000219,369,16,353
213000220,397,10,387
213000223,165,183,-18
213000224,53,51,2
213000225,75,10,65
213000226,103,10,93
213000227,766,325,441
213000228,282,78,204
213000229,524,44,480
213000230,528,24,504
213000232,107,792,-685
213000233,2,45,-43
213000234,1,32,-31
213000293,6,54,-48
213000294,199,13,186
213000295,12,66,-54
213000296,62,19,43
213000297,8,90,-82
213000298,27,72,-45
213000299,45,49,-4
213000300,38,1,37
213000303,1,25,-24
213000304,6,8,-2
213000305,12,5,7
213000306,69,26,43
213000307,210,52,158
213000308,96,224,-128
213000309,126,61,65
213000310,249,62,187
213000311,357,593,-236
213000315,57,120,-63
213000316,206,54,152
213000322,90,125,-35
213000323,43,63,-20
213000324,29,36,-7
213000325,26,53,-27
213000326,18,24,-6
213000327,29,25,4
213000328,12,143,-131
213000329,76,17,59
213000340,136,623,-487
213000341,330,94,236
213000346,129,140,-11
213000347,608,248,360
213000348,11,187,-176
213000349,14,18,-4
213000350,297,977,-680
213000366,78,282,-204
213000367,208,48,160
213000379,184,65,119
213000386,14,211,-197
213000406,46,262,-216
213000417,855,416,439
213000425,108,24,84
213000426,98,61,37
213000427,73,223,-150
213000428,32,161,-129
213000429,27,3,24
213000430,68,479,-411
213000431,189,3,186
213000432,8,14,-6
213000433,24,159,-135
213000434,47,120,-73
213000435,62,66,-4
213000436,18,81,-63
213000437,0,14,-14
213000438,120,38,82
213000439,40,13,27
213000440,7,246,-239
213000441,2,1,1
213000442,0,23,-23
213000443,393,349,44
213000444,56,30,26
213000445,0,82,-82
213000446,1,14,-13
213000447,4,36,-32
213000448,1,115,-114
213000449,154,7,147
213000450,12,41,-29
213000451,147,99,48
213000452,15,17,-2
213000453,33,227,-194
213000455,524,7,517
213000456,1,254,-253
213000481,42,3,39
213000482,24,1,23
213000489,243,66,177
213000491,1,143,-142
213000492,413,4,409
213000493,0,94,-94
213000494,260,115,145
213000495,0,92,-92
213000496,375,127,248
213000497,65,231,-166
213000498,82,156,-74
213000499,153,408,-255
213000500,299,63,236
213000501,76,8,68
213000502,150,51,99
213000503,2,62,-60
213000504,3,123,-120
213000505,13,8,5
213000506,0,4,-4
213000507,1,102,-101
213900244,18,0,18
213900245,1,35,-34
218000003,20,10,10
218000004,39,29,10
218000005,70,23,47
218000006,44,25,19
218000007,8,20,-12
218000012,176,160,16
218000013,83,129,-46
218000014,386,501,-115
218000019,710,558,152
218000020,194,396,-202
218000021,20,31,-11
218000022,5,15,-10
218000023,4,32,-28
218000024,1,6,-5
218000025,2,10,-8
218000026,4,19,-15
218000027,0,6,-6
218000028,2,2,0
218000029,3,1,2
218000030,7,25,-18
218000031,1,14,-13
218000032,2,20,-18
218000040,12,9,3
218000046,45,104,-59
218000047,14,152,-138
218000048,57,103,-46
218000049,95,115,-20
218000050,308,229,79
218000051,55,218,-163
218000052,4,97,-93
218000053,6,12,-6
218000054,12,30,-18
218000055,6,18,-12
218000056,11,18,-7
218000057,1,26,-25
218000064,1,3,-2
218000065,68,40,28
218000066,11,46,-35
218000067,32,75,-43
218000068,75,87,-12
218000069,190,131,59
218000070,182,217,-35
218000071,135,137,-2
218000072,202,186,16
218000078,681,819,-138
218000079,80,98,-18
218000080,52,78,-26
218000081,239,207,32
218000082,43,115,-72
218000083,51,58,-7
218000084,104,139,-35
218000085,138,308,-170
218000086,47,135,-88
218000087,128,174,-46
218000090,15,86,-71
218000091,813,478,335
218000092,54,182,-128
218000093,68,76,-8
218000094,459,708,-249
218000099,205,599,-394
218000100,218,289,-71
218000101,266,145,121
218000102,328,218,110
218000103,90,133,-43
218000104,52,19,33
218000105,12,28,-16
218000106,6,13,-7
218000107,38,71,-33
218000108,5,52,-47
218000112,52,18,34
218000117,86,50,36
218000134,417,566,-149
218000135,54,91,-37
218000136,158,84,74
218000137,211,146,65
218000138,24,102,-78
218000139,147,322,-175
218000140,380,200,180
218000141,70,64,6
218000142,189,101,88
218000143,97,184,-87
218000144,107,60,47
218000145,262,309,-47
218000146,64,176,-112
218000151,4,35,-31
218000152,191,72,119
218000153,12,6,6
218000154,2,0,2
218000155,18,1,17
218000156,24,4,20
218000157,15,3,12
218000158,2,1,1
218000159,4,0,4
218000160,1,2,-1
218000161,2,3,-1
218000162,24,7,17
218000163,11,0,11
218000164,22,5,17
218000165,28,13,15
218000170,8,50,-42
218000171,72,15,57
218000172,30,12,18
218000173,64,26,38
218000174,35,9,26
218000176,145,38,107
218000177,296,196,100
218000178,88,191,-103
218000179,110,88,22
218000180,62,56,6
218000181,173,53,120
218000187,19,17,2
218000188,27,45,-18
218000189,10,50,-40
218000190,11,14,-3
218000191,106,66,40
218000192,184,215,-31
218000193,274,347,-73
218000194,59,279,-220
218000195,92,56,36
218000196,217,219,-2
218000197,238,273,-35
218000198,42,117,-75
218000199,40,24,16
218000200,60,37,23
218000201,9,9,0
218000202,74,200,-126
218000207,3,30,-27
218000208,47,35,12
218000211,64,8,56
218000212,0,6,-6
218000213,122,72,50
218000214,2,13,-11
218000215,63,47,16
218000217,2,75,-73
218000218,118,60,58
218000219,40,18,22
218000220,94,278,-184
218000221,744,174,570
218000222,53,18,35
218000223,47,220,-173
218000224,34,130,-96
218000225,177,40,137
218000226,116,70,46
218000230,1,9,-8
218000232,19,39,-20
218000239,332,19,313
218000240,24,1,23
218000241,50,5,45
218000242,183,5,178
218000243,157,6,151
218000244,81,1,80
218000245,25,3,22
218000246,1,0,1
218000247,0,0,0
218000248,0,16,-16
218000249,2,2,0
218000250,4,4,0
218000251,5,27,-22
218000252,6,36,-30
218000253,4,19,-15
218000254,2,13,-11
218000255,3,18,-15
218000256,16,69,-53
218000267,487,905,-418
218000268,16,37,-21
218000269,13,10,3
218000270,85,53,32
218000271,35,65,-30
218000273,8,7,1
218000274,8,12,-4
218000275,26,38,-12
218000276,5,31,-26
218000278,36,34,2
218000279,63,70,-7
218000280,37,63,-26
218000281,20,25,-5
218000282,462,382,80
218000284,77,2,75
218000301,62,128,-66
218000302,93,51,42
218000303,72,38,34
218000316,624,1009,-385
218000317,949,1071,-122
218000318,514,804,-290
218000319,754,1147,-393
218000320,657,650,7
218000338,71,40,31
218000345,119,71,48
218000346,46,157,-111
218000459,46,210,-164
218000490,26,27,-1
218000501,97,30,67
218000502,32,70,-38
218000503,102,20,82
218000504,193,29,164
218000505,49,147,-98
218000506,33,256,-223
218000508,1,2,-1
218000510,131,8,123
218000520,90,74,16
218000521,7,42,-35
218000522,1,121,-120
218000523,154,3,151
218000524,39,153,-114
218000525,208,11,197
218000526,39,141,-102
218000529,104,134,-30
218000530,6,1,5
218000531,8,22,-14
218000532,18,13,5
218000534,97,10,87
218000537,28,37,-9
218000538,99,157,-58
218000540,165,64,101
218000543,111,24,87
218000544,34,94,-60
218000545,51,47,4
218000546,52,60,-8
218000547,80,67,13
218000548,121,77,44
218000549,403,204,199
218000550,227,282,-55
218000551,141,615,-474
218000552,609,40,569
218000553,49,71,-22
218000554,25,31,-6
218000555,35,18,17
218000556,172,229,-57
218000557,200,152,48
218000558,136,0,136
218000559,0,24,-24
218000560,1,28,-27
218000561,40,0,40
218000562,24,144,-120
218000563,193,27,166
218000564,7,163,-156
218000565,187,28,159
218000566,357,31,326
218000567,4,72,-68
218000568,36,2,34
218000569,20,98,-78
218000570,131,6,125
218000571,0,152,-152
218000572,214,3,211
218000573,14,105,-91
218000574,145,40,105
218000575,90,0,90
218000576,2,80,-78
218000577,104,19,85
218000578,3,64,-61
218000579,21,10,11
218000581,10,41,-31
218000582,49,3,46
218000583,9,0,9
218000584,3,29,-26
218000585,49,1,48
218000586,8,47,-39
218000587,12,0,12
218000588,3,0,3
218000589,5,3,2
218000590,12,0,12
218000591,13,2,11
218000592,49,0,49
218000593,55,2,53
218000594,0,0,0
218000597,0,0,0
218000598,1,0,1
218000599,3,0,3
218000600,55,0,55
218000601,0,1,-1
218000602,0,19,-19
218000603,0,10,-10
218000604,44,0,44
218000605,0,142,-142
218000606,432,1,431
218000607,16,29,-13
218000608,36,17,19
218000609,9,53,-44
218000610,59,4,55
218000611,22,0,22
218000612,0,21,-21
218000613,27,1,26
218000614,1,42,-41
218000615,168,2,166
218000616,4,106,-102
218000617,27,0,27
218000618,0,16,-16
218000619,34,25,9
218000620,4,7,-3
218000621,0,1,-1
218000622,0,12,-12
218000623,220,1,219
218000624,19,4,15
218000625,43,1,42
218000626,0,6,-6
218000628,151,36,115
218000631,42,16,26
218000632,1,78,-77
218000633,88,1,87
218000634,7,25,-18
218000635,27,4,23
218000636,713,1144,-431
218000637,646,473,173
218000638,73,32,41
218000639,10,136,-126
218000640,155,20,135
218000641,56,205,-149
218000652,73,67,6
218000653,128,70,58
218000663,12,145,-133
218000675,68,35,33
218000676,2,19,-17
218000677,6,8,-2
218000680,208,403,-195
218000681,416,122,294
218000691,129,228,-99
218000693,232,169,63
218000703,2,27,-25
218000718,528,677,-149
218000719,879,413,466
218000720,42,156,-114
218000721,434,15,419
218000725,5,2,3
218001147,3,89,-86
218001214,6,29,-23
218001258,165,2,163
218001329,167,134,33
218001330,137,103,34
218001351,27,13,14
218001352,9,18,-9
218001353,20,7,13
218001354,11,9,2
218001355,11,261,-250
218001356,302,22,280
218001357,67,188,-121
218001358,263,9,254
218001361,217,11,206
218001362,0,216,-216
219000001,28,32,-4
219000002,48,45,3
219000003,37,24,13
219000004,31,55,-24
219000017,86,14,72
219000020,96,31,65
219000022,120,7,113
219000023,76,2,74
219000029,0,68,-68
219000034,84,17,67
219000039,62,54,8
219000040,33,25,8
219000041,71,31,40
219000051,0,26,-26
219000052,0,19,-19
219000053,1,77,-76
219000054,15,70,-55
219000055,123,0,123
219000056,25,2,23
219000057,79,2,77
219000062,35,62,-27
219000063,73,5,68
219000064,2,60,-58
219000110,442,35,407
219000111,124,46,78
219000112,179,63,116
219000113,93,35,58
219000114,263,67,196
219000116,76,64,12
219000117,110,61,49
219000118,117,36,81
219000123,210,81,129
219000124,64,44,20
219000125,17,29,-12
219000126,95,90,5
219000127,0,6,-6
219000128,17,113,-96
219000129,21,135,-114
219000130,406,498,-92
219000131,634,801,-167
219000133,96,22,74
219000134,9,15,-6
219000135,32,43,-11
219000136,74,190,-116
219000138,88,16,72
219000139,19,51,-32
219000140,31,0,31
219000141,17,96,-79
219000142,18,38,-20
219000143,8,85,-77
219000145,29,38,-9
219000146,1,24,-23
219000147,1,35,-34
219000148,2,29,-27
219000149,6,63,-57
219000150,0,67,-67
219000151,2,37,-35
219000157,175,143,32
219000158,120,170,-50
219000161,63,13,50
219000163,1263,452,811
219000166,144,141,3
219000167,128,148,-20
219000168,297,131,166
219000174,446,125,321
219000175,40,0,40
219000176,103,4,99
219000177,23,4,19
219000178,30,2,28
219000179,9,3,6
219000180,28,26,2
219000182,144,10,134
219000183,102,23,79
219000184,86,6,80
219000185,1,42,-41
219000186,51,47,4
219000187,25,80,-55
219000189,82,142,-60
219000190,76,190,-114
219000191,805,1214,-409
219000192,134,125,9
219000193,175,129,46
219000195,0,50,-50
219000196,2,74,-72
219000198,13,90,-77
219000199,51,153,-102
219000200,38,209,-171
219000201,53,165,-112
219000203,39,106,-67
219000204,152,158,-6
219000205,60,126,-66
219000207,166,221,-55
219000209,27,101,-74
219000210,35,115,-80
219000213,13,143,-130
219000239,184,301,-117
219000240,205,294,-89
219000241,118,150,-32
219000242,49,128,-79
219000243,115,205,-90
219000244,48,87,-39
219000245,30,36,-6
219000246,23,18,5
219000247,200,19,181
219000248,627,272,355
219000249,118,78,40
219000250,83,123,-40
219000251,346,170,176
219000252,194,131,63
219000253,374,74,300
219000255,141,77,64
219000256,172,63,109
219000257,141,0,141
219000262,82,111,-29
219000263,70,104,-34
219000267,2,98,-96
219000268,4,5,-1
219000269,12,5,7
219000270,11,0,11
219000271,94,5,89
219000278,0,8,-8
219000279,2,8,-6
219000283,0,5,-5
219000295,18,79,-61
219000296,59,417,-358
219000297,14,107,-93
219000298,5,143,-138
219000299,399,81,318
219000300,11,164,-153
219000301,169,296,-127
219000302,33,182,-149
219000307,30,22,8
219000308,27,33,-6
219000311,155,49,106
219000312,441,67,374
219000313,250,27,223
219000314,55,386,-331
219000315,223,41,182
219000316,410,39,371
219000317,59,13,46
219000320,1,45,-44
219000321,0,12,-12
219000323,3,42,-39
219000325,2,16,-14
219000326,51,62,-11
219000327,48,26,22
219000328,36,40,-4
219000329,243,82,161
219000330,35,27,8
219000331,31,31,0
219000332,77,53,24
219000333,17,6,11
219000335,38,0,38
219000337,32,2,30
219000338,74,5,69
219000344,21,64,-43
219000345,50,70,-20
219000346,15,89,-74
219000348,126,93,33
219000349,55,150,-95
219000350,92,128,-36
219000351,15,6,9
219000352,264,69,195
219000353,81,48,33
219000354,204,105,99
219000355,175,64,111
219000356,1194,1143,51
219000363,195,45,150
219000364,80,22,58
219000365,95,26,69
219000366,172,234,-62
219000368,355,499,-144
219000370,978,434,544
219000371,12,34,-22
219000382,13,11,2
219000383,499,649,-150
219000385,401,398,3
219000386,647,1179,-532
219000387,6,7,-1
219000390,7,0,7
219000391,3,2,1
219000397,66,52,14
219000398,56,43,13
219000401,11,82,-71
219000402,19,131,-112
219000403,153,233,-80
219000404,43,147,-104
219000407,16,26,-10
219000409,51,38,13
219000410,81,27,54
219000411,50,8,42
219000446,128,237,-109
219000447,0,19,-19
219000448,10,5,5
219000452,129,75,54
219000453,62,116,-54
219000454,217,196,21
219000556,185,82,103
219000558,124,145,-21
219000590,29,119,-90
219000591,74,53,21
219000592,107,288,-181
219000595,2,15,-13
219000635,111,61,50
219000636,24,94,-70
219000657,11,15,-4
219000658,19,43,-24
219000673,0,15,-15
219000676,14,4,10
219000679,56,11,45
219000684,117,3,114
219000685,1,63,-62
219000686,2,4,-2
219000688,0,92,-92
219000689,15,238,-223
219000690,110,15,95
219000691,38,187,-149
219000692,121,21,100
219000693,0,13,-13
219000694,3,2,1
219000695,23,2,21
219000698,52,0,52
219000699,0,8,-8
219000727,1,94,-93
219000728,18,1,17
219000770,28,1,27
219000771,0,33,-33
219000788,411,139,272
219001150,1,41,-40
219001151,1,3,-2
219001166,31,19,12
219001167,0,107,-107
219001178,24,2,22
220000001,43,46,-3
220000002,10,85,-75
220000003,876,167,709
220000004,941,327,614
220000005,1237,1189,48
220000006,368,590,-222
220000007,419,521,-102
220000008,340,850,-510
220000009,143,347,-204
220000010,158,150,8
220000011,508,2630,-2122
220000012,59,222,-163
220000014,104,39,65
220000015,67,141,-74
220000017,45,170,-125
220000018,2873,1591,1282
220000019,72,203,-131
220000020,307,204,103
220000021,512,130,382
220000022,503,322,181
220000023,236,113,123
220000024,1109,223,886
220000025,558,626,-68
220000026,239,148,91
220000027,69,61,8
220000028,39,26,13
220000029,118,182,-64
220000030,148,68,80
220000031,287,302,-15
220000064,21,590,-569
221000046,15,0,15
221000047,0,10,-10
221000048,0,1,-1
221000049,0,14,-14
221000050,31,1,30
221000055,38,50,-12
221000057,78,7,71
221000068,268,109,159
221000069,239,49,190
221000070,173,22,151
221000071,55,8,47
221000072,226,9,217
221000073,123,53,70
221000074,1,15,-14
221000075,30,30,0
221000076,15,40,-25
221000077,33,83,-50
221000081,18,9,9
221000082,57,5,52
221000083,61,4,57
221000084,16,5,11
221000085,17,82,-65
221000086,17,105,-88
221000087,4,130,-126
221000088,13,146,-133
221000089,19,275,-256
221000090,134,463,-329
221000098,110,17,93
221000099,144,14,130
221000100,63,2,61
221000101,202,19,183
221000102,100,22,78
221000109,6,82,-76
221000110,6,95,-89
221000111,17,208,-191
221000112,7,193,-186
221000113,13,197,-184
221000114,7,169,-162
221000120,45,17,28
221000121,3,22,-19
221000122,40,18,22
221000123,18,17,1
221000124,48,140,-92
221000155,96,11,85
221000156,57,20,37
221000175,50,1,49
221000176,8,1,7
221000182,29,8,21
221000241,741,159,582
221000242,149,501,-352
221000243,646,123,523
221000244,249,603,-354
221000245,135,131,4
221000246,49,269,-220
221000247,83,161,-78
221000248,118,192,-74
221000267,49,561,-512
221000325,106,39,67
221000331,11,65,-54
221000338,4,20,-16
221000378,137,20,117
221000381,38,38,0
222000282,17,5,12
222000296,5,22,-17
222000568,202,18,184
222000569,149,35,114
222000570,74,16,58
222000571,178,7,171
222000577,14,134,-120
222000578,33,173,-140
222000579,40,114,-74
222000580,112,812,-700
222000599,0,124,-124
222000600,7,332,-325
222000601,6,887,-881
222000603,15,32,-17
222000604,12,27,-15
222000605,23,27,-4
222000606,5,10,-5
222000607,7,8,-1
222000608,28,5,23
222000609,126,210,-84
222000616,245,41,204
222000617,9,14,-5
222000618,19,11,8
222000620,36,9,27
222000621,72,22,50
222000623,523,11,512
222000624,337,3,334
222000625,486,11,475
222000636,41,3,38
222000686,43,6,37
222000687,53,41,12
222001066,198,4,194
222001067,15,3,12
222001068,21,36,-15
222001069,20,25,-5
222001082,6,30,-24
222001083,9,47,-38
222001084,1,32,-31
222001085,0,65,-65
222001111,22,98,-76
222001112,50,14,36
222001313,23,12,11
222001314,14,92,-78
222001464,151,64,87
222001465,21,137,-116
222001484,95,51,44
222001485,30,41,-11
222001494,318,180,138
222001495,141,197,-56
222001496,304,118,186
222001497,148,377,-229
222001502,13,63,-50
222001503,169,35,134
222001504,10,199,-189
222001505,173,16,157
222001506,52,313,-261
222001507,242,15,227
222001510,236,15,221
222001511,28,269,-241
222001514,432,106,326
222001515,199,405,-206
222001518,166,50,116
222001519,36,203,-167
222001527,196,55,141
222001528,42,131,-89
222001529,168,41,127
222001530,40,161,-121
222001533,115,234,-119
222001534,220,54,166
222001535,186,272,-86
222001536,82,185,-103
222001537,248,20,228
222001538,58,357,-299
222001563,491,67,424
222001564,41,485,-444
222001568,413,97,316
222001576,3,0,3
222001579,1,0,1
222001583,11,109,-98
222001584,60,41,19
222001596,379,832,-453
222001597,865,166,699
222001626,0,149,-149
222001650,52,53,-1
222001651,67,96,-29
222001914,131,66,65
222001915,52,169,-117
222001968,421,298,123
222001969,457,650,-193
222001970,156,125,31
222001971,19,15,4
222001972,1,9,-8
225000001,377,128,249
225000002,412,128,284
225000003,472,73,399
225000004,255,149,106
225000005,74,39,35
225000006,0,137,-137
225000007,1311,1232,79
225000010,245,14,231
225000011,260,801,-541
225000012,130,398,-268
225000013,50,91,-41
225000014,665,90,575
225000015,65,128,-63
225000021,530,151,379
225000027,162,385,-223
225000032,558,139,419
225000042,68,533,-465
225000049,32,52,-20
225000050,60,12,48
225000053,14,273,-259
225000058,515,159,356
225000067,131,119,12
225000068,111,234,-123
225000069,107,315,-208
225000070,93,316,-223
225000071,38,118,-80
225000075,23,984,-961
225000076,116,111,5
225000078,54,44,10
225000085,48,129,-81
225000086,171,29,142
225000087,203,10,193
225000088,4,144,-140
225000089,244,826,-582
225000090,34,329,-295
225000091,192,133,59
225000092,39,64,-25
225000093,166,246,-80
225000094,14,195,-181
225000095,352,301,51
225000096,355,413,-58
225000098,445,244,201
225000099,268,163,105
225000100,196,142,54
225000104,112,324,-212
225000110,9,331,-322
225000111,228,899,-671
225000112,394,1031,-637
225000113,194,492,-298
225000114,82,203,-121
225000115,1499,548,951
225000116,850,191,659
225000117,729,250,479
225000118,740,219,521
225000119,123,51,72
225000120,523,33,490
225000121,246,18,228
225000123,704,16,688
225000125,307,172,135
225000126,665,143,522
225000127,603,691,-88
225000128,399,494,-95
225000132,251,31,220
225000133,172,24,148
225000134,432,114,318
225000135,34,9,25
225000136,177,8,169
225000137,150,60,90
225000138,283,44,239
225000143,62,183,-121
225000144,3,348,-345
225000145,23,32,-9
225000146,65,132,-67
225000147,20,283,-263
225000148,3,168,-165
225000149,50,410,-360
225000151,47,178,-131
225000155,396,411,-15
225000156,110,729,-619
225000157,196,284,-88
225000158,98,242,-144
225000171,3,148,-145
225000180,50,0,50
225000181,0,79,-79
225000182,75,28,47
225000185,5,332,-327
225000187,34,213,-179
225000191,102,2,100
225000194,0,12,-12
225000208,0,25,-25
225000209,53,8,45
225000210,5,190,-185
225000217,0,18,-18
225000218,36,2,34
225000223,0,55,-55
225000224,210,2,208
225000225,1,112,-111
225000226,48,0,48
225000227,45,124,-79
225000228,11,5,6
225000229,0,84,-84
225000230,25,1,24
225000231,0,63,-63
225000232,130,1,129
225000241,64,2,62
225000242,0,39,-39
225000249,71,1,70
225000250,59,734,-675
225000251,279,32,247
226000042,316,423,-107
226000043,66,264,-198
226000044,123,524,-401
226000045,85,432,-347
226000046,230,70,160
226000047,304,59,245
226000048,240,87,153
226000049,143,157,-14
226000070,1,39,-38
226000071,2,28,-26
226000072,0,6,-6
226000073,0,7,-7
226000074,1,6,-5
226000084,1,68,-67
226000085,2,12,-10
226000086,3,9,-6
226000087,15,18,-3
226000088,13,8,5
226000090,61,56,5
226000091,16,15,1
226000092,67,3,64
226000093,32,2,30
226000094,24,1,23
226000095,34,20,14
226000105,5,0,5
226000106,4,2,2
226000107,10,1,9
226000108,44,0,44
226000109,83,0,83
226000124,89,58,31
226000134,404,343,61
226000135,827,368,459
226000136,323,247,76
226000137,1,332,-331
226000138,2,167,-165
226000139,1,13,-12
226000156,107,3,104
226000157,189,12,177
226000163,80,33,47
226000202,7,373,-366
226000231,279,11,268
226000232,24,3,21
227000033,253,64,189
227000036,239,17,222
227000037,240,35,205
227000038,311,33,278
227000049,0,12,-12
227000050,0,34,-34
227000055,55,2,53
227000056,20,0,20
227000084,2,121,-119
227000085,1,44,-43
227000088,29,6,23
227000089,159,3,156
227000090,41,0,41
227000091,20,0,20
227000092,10,0,10
227000093,130,0,130
227000094,22,0,22
227000130,42,52,-10
227000131,41,237,-196
227000132,13,237,-224
227000133,15,201,-186
227000134,22,354,-332
227000152,0,7,-7
227000153,0,53,-53
227000154,0,2,-2
227000155,1,22,-21
227000156,6,18,-12
227000165,5,25,-20
227000196,233,196,37
227000199,214,420,-206
227000230,13,383,-370
227000232,508,12,496
227000242,48,563,-515
227000243,421,57,364
227000245,17,367,-350
227000246,121,527,-406
227000247,321,88,233
227000248,360,57,303
227000249,38,211,-173
227000250,547,162,385
227000251,174,256,-82
227000252,31,400,-369
227000253,93,19,74
227000262,284,38,246
227000266,813,8,805
227000267,18,1295,-1277
227000282,3,105,-102
227000284,438,19,419
227000286,2,49,-47
227000287,9,53,-44
227000291,13,427,-414
227000484,278,11,267
227000485,13,798,-785
227000655,108,18,90
227000656,429,25,404
227000657,102,6,96
227000661,327,11,316
227000680,189,45,144
229000265,7,18,-11
229000296,0,8,-8
229000297,9,46,-37
229000298,0,91,-91
229000320,11,5,6
229000321,5,13,-8
229000412,12,36,-24
229000414,7,28,-21
229000415,43,0,43
229000416,1,1,0
229000417,3,8,-5
229000419,107,207,-100
229000440,279,49,230
229000442,9,8,1
229000443,2,4,-2
229000444,4,27,-23
229000445,92,3,89
229000446,43,9,34
229000491,0,8,-8
229000492,3,49,-46
229000493,6,41,-35
229000494,13,0,13
229000495,54,7,47
229000496,33,1,32
229000507,0,28,-28
229000508,0,14,-14
229000509,0,21,-21
229000510,0,12,-12
229000511,1,30,-29
229000512,3,15,-12
229000513,0,3,-3
229000514,0,2,-2
229000517,2,6,-4
229000518,4,18,-14
229000519,1,9,-8
229000520,6,17,-11
229000521,33,6,27
229000522,6,10,-4
229000523,8,2,6
229000524,2,0,2
229000527,0,0,0
229000528,4,0,4
229000529,2,0,2
229000530,32,0,32
229000531,21,2,19
229000532,19,0,19
229000533,42,3,39
229000534,44,0,44
229000564,20,0,20
229000565,4,0,4
229000566,0,6,-6
229000567,0,29,-29
229000582,30,1,29
229000583,1,2,-1
229000584,0,15,-15
229000585,0,36,-36
229000718,0,0,0
229000719,0,1,-1
229000720,0,1,-1
229000721,0,4,-4
229000722,0,6,-6
229000723,0,8,-8
229000724,0,1,-1
229000725,0,2,-2
229000738,0,0,0
229000739,0,0,0
229000740,0,0,0
229000741,8,0,8
229000742,1,0,1
229000743,2,0,2
229000744,2,0,2
229000745,2,0,2
229000746,7,1,6
229000847,54,0,54
229000848,16,0,16
229000849,96,0,96
229000851,32,0,32
229000854,0,20,-20
229000856,1,81,-80
229000857,0,34,-34
229000858,1,58,-57
229000919,5,91,-86
229000930,5,217,-212
229000937,75,12,63
229000966,35,8,27
229000981,11,42,-31
229000985,3,16,-13
229000986,1,3,-2
229000987,0,0,0
229000988,2,4,-2
229000989,3,17,-14
229000990,3,0,3
229000991,3,4,-1
229000992,8,2,6
229000993,113,15,98
229000998,4,60,-56
229000999,57,6,51
229001034,0,10,-10
229001035,5,1,4
229001037,44,11,33
229001042,14,8,6
229001047,5,35,-30
229001050,28,26,2
229001168,0,6,-6
229001200,8,2,6
229001338,0,51,-51
229001394,141,3,138
229001422,108,20,88
229001423,21,130,-109
229001431,60,28,32
229001432,46,50,-4
229001444,173,38,135
229001445,23,134,-111
229001479,3,2,1
229001503,128,73,55
229001504,107,138,-31
229001505,85,47,38
229001506,63,113,-50
229001509,40,15,25
229001545,58,7,51
229001546,4,123,-119
229001553,94,11,83
229001554,32,57,-25
229001559,6,12,-6
229001560,10,28,-18
229001630,55,7,48
229001631,6,32,-26
229001635,0,5,-5
229001636,14,0,14
229001658,2,114,-112
229001659,66,2,64
229001660,2,8,-6
229001661,5,5,0
229001662,21,0,21
229001663,1,6,-5
229002584,137,149,-12
229002831,137,106,31
229002841,4,11,-7
229002842,5,16,-11
229002843,95,13,82
229002844,31,31,0
229002845,9,55,-46
229002846,12,8,4
229002847,3,7,-4
229002848,3,15,-12
229002849,7,53,-46
229002850,20,0,20
229002851,39,75,-36
229002852,161,21,140
229002853,81,22,59
229002854,31,32,-1
229002855,6,12,-6
229002856,34,14,20
229002857,5,32,-27
229002858,10,12,-2
229002859,25,15,10
229002860,159,8,151
229002861,81,20,61
229002862,63,9,54
229002863,32,14,18
229002864,40,37,3
229002865,9,12,-3
229002866,27,12,15
229002867,1,35,-34
229002868,14,8,6
229002869,13,117,-104
229002870,21,8,13
235000066,378,74,304
235000067,112,128,-16
235000072,19,66,-47
235000073,50,347,-297
235000074,42,69,-27
235000080,18,82,-64
235000081,157,102,55
235000082,173,56,117
235000083,137,73,64
235000084,60,57,3
235000085,145,105,40
235000089,17,25,-8
235000092,25,109,-84
235000093,7,4,3
235000097,3,6,-3
235000098,67,13,54
235000099,22,13,9
235000116,58,19,39
235000117,688,8,680
235000133,6,322,-316
235000134,6,147,-141
235000206,9,3,6
235000207,8,2,6
235000208,9,0,9
235000209,48,1,47
235000210,17,6,11
235000212,3,29,-26
235000213,1,10,-9
235000220,1,3,-2
235000221,75,18,57
235000238,11,42,-31
235000239,1,13,-12
235000242,337,331,6
235000245,431,172,259
235000246,12,50,-38
235000284,19,85,-66
235000295,161,4,157
235000305,306,19,287
235000306,117,5,112
235000307,28,0,28
235000308,8,1,7
235000309,51,2,49
235000310,29,0,29
235000311,80,26,54
235000322,0,33,-33
235000323,0,53,-53
235000324,0,21,-21
235000325,7,9,-2
235000326,17,128,-111
235000351,0,63,-63
235000352,4,36,-32
235000353,4,14,-10
235000354,2,32,-30
235000355,7,27,-20
235000356,64,7,57
235000357,12,10,2
235000358,105,9,96
235000359,13,2,11
235000360,27,3,24
235000361,66,3,63
235000381,64,168,-104
235000382,132,26,106
235000390,13,5,8
235000391,84,21,63
235000392,159,260,-101
235000393,78,143,-65
235000395,92,27,65
235000396,332,68,264
235000400,84,47,37
235000401,27,128,-101
235000405,76,258,-182
235000406,13,248,-235
235000407,53,49,4
235000409,171,110,61
235000410,32,197,-165
235000411,0,75,-75
235000485,0,6,-6
235000486,4,0,4
235000549,65,90,-25
235000550,70,164,-94
235000599,140,70,70
235000600,12,17,-5
235000601,15,20,-5
235000602,100,96,4
235000614,4,3,1
235000648,2,17,-15
235000649,23,2,21
235000685,3,8,-5
235000815,15,26,-11
235000834,0,8,-8
235000855,29,65,-36
235000862,54,133,-79
235000891,0,7,-7
235000892,31,2,29
235000901,92,63,29
235000907,2,5,-3
235001010,65,86,-21
235001029,538,392,146
235001030,360,257,103
235001078,70,87,-17
235001079,56,101,-45
235001147,6,71,-65
235001166,17,85,-68
235001167,62,44,18
235001169,29,230,-201
235001188,2,11,-9
235001189,7,2,5
235001197,7,11,-4
235001200,18,42,-24
235001207,200,19,181
235001210,36,87,-51
235001215,15,88,-73
235001239,1,34,-33
235001244,1,3,-2
235016267,0,83,-83
277101746,0,1,-1
277102712,21,17,4
277103813,0,0,0
277103814,0,0,0
277103898,0,2,-2
277104249,0,3,-3
277104250,0,5,-5
277104251,0,6,-6
277104252,0,1,-1
990011530,0,174,-174
990014944,7,447,-440
990015176,56,0,56
990015618,1,248,-247
990016032,0,194,-194
990032570,0,18,-18
990070001,79,1,78
990070103,1,5,-4
990070601,0,41,-41
990070751,523,0,523
990070766,0,293,-293
990071180,416,135,281
990071343,7,0,7
990071387,0,24,-24
990071823,455,5,450
990072600,0,593,-593
990072964,0,301,-301
990073285,1,2,-1
990074393,0,685,-685
990074870,1333,13,1320
990075106,1526,7,1519
990075746,394,5,389
990076437,920,6,914
990076458,1,702,-701
997000007,919,9,910
997000041,2,140,-138
997000058,25,0,25
997000062,42,1,41
997000069,0,2,-2
997000070,0,19,-19
997000100,12,1,11
997000141,3,497,-494
997000198,546,1162,-616
998000475,0,25,-25
998000736,0,110,-110
998000965,0,18,-18
998001031,0,67,-67
998001700,0,21,-21
998001899,0,1,-1
998001900,13,2,11
998003073,788,21,767
998101900,0,0,0
998102850,2,117,-115
998501927,1047,428,619
998501929,89,20,69
998501930,42,0,42
998501931,70,2,68
998501932,7,1,6
998501933,29,1,28
998501937,22,1,21
998501944,0,1,-1
998501950,0,12,-12
998501970,62,11,51
998501971,0,50,-50
998501973,1,22,-21
998501974,2,220,-218
998501975,212,6,206
998501976,80,2,78
998501977,0,34,-34
998501978,51,0,51
998501979,1,14,-13
998501980,76,4,72
998501981,23,2,21
998501982,0,74,-74
998501983,0,0,0
998502024,0,12,-12
998502032,0,4,-4
998502062,14,2,12
998502063,0,0,0
998502173,20,1,19
998502269,0,2,-2
998502546,0,113,-113
998502578,2,1,1
998502599,26,341,-315
998601159,0,124,-124
998601292,0,31,-31
999033574,1,396,-395
999800001,27,2,25
999800002,0,7,-7
999800003,0,2,-2
999800004,0,2,-2
999800005,0,3,-3
