ID,insum,outsum,diff
100000001,21,116,-95
100000002,21,22,-1
100000003,79,107,-28
100000004,20,10,10
100000005,89,141,-52
100000006,1,1,0
100000007,6,1,5
100000008,1,10,-9
100000009,0,0,0
100000010,0,0,0
100000011,0,0,0
100000012,0,18,-18
100000013,0,5,-5
100000014,6,20,-14
100000015,4,0,4
100000016,26,25,1
100000017,10,19,-9
100000018,45,23,22
100000019,109,62,47
100000020,9,1,8
100000021,115,27,88
100000022,17,6,11
100000023,91,6,85
100000025,158,21,137
100000028,112,87,25
100000029,3,11,-8
100000030,0,0,0
100000031,68,104,-36
100000032,109,65,44
100000033,56,94,-38
100000034,135,212,-77
100000035,18,14,4
100000036,24,33,-9
100000037,0,0,0
100000038,0,0,0
100000039,0,0,0
100000040,0,0,0
100000041,0,0,0
100000042,0,0,0
100000043,0,0,0
100000044,8,43,-35
100000045,63,38,25
100000046,9,40,-31
100000047,24,43,-19
100000048,41,69,-28
100000049,56,169,-113
100000051,21,93,-72
100000053,0,1,-1
100000054,0,0,0
100000055,45,39,6
100000056,0,0,0
100000057,0,0,0
100000058,39,64,-25
100000059,0,2,-2
100000060,6,13,-7
100000061,18,24,-6
100000062,62,16,46
100000063,9,13,-4
100000064,20,20,0
100000065,11,37,-26
100000066,14,22,-8
100000067,10,30,-20
100000068,22,41,-19
100000069,18,48,-30
100000072,9,4,5
100000073,45,153,-108
100000075,41,21,20
100000076,12,43,-31
100000077,0,0,0
100000078,0,0,0
100000079,0,0,0
100000080,0,0,0
100000081,0,0,0
100000102,18,45,-27
100000103,73,34,39
100000104,84,42,42
100000105,87,14,73
100000106,7,16,-9
100000107,2,7,-5
100000108,78,82,-4
100000109,282,179,103
100000116,114,37,77
100000117,0,0,0
100000118,241,626,-385
100000119,37,146,-109
100000121,0,0,0
100000122,4,38,-34
100000123,175,204,-29
100000124,824,408,416
100000125,69,11,58
100000126,16,6,10
100000127,16,9,7
100000128,53,54,-1
100000129,17,35,-18
100000130,0,0,0
100000131,213,188,25
100000132,38,53,-15
100000133,672,529,143
100000135,0,0,0
100000139,0,97,-97
100000140,25,88,-63
100000142,0,0,0
100000143,103,150,-47
100000144,211,157,54
100000147,37,90,-53
100000150,1,20,-19
100000151,0,0,0
100000153,0,0,0
100000154,0,0,0
100000155,0,0,0
100000156,0,0,0
100000157,0,0,0
100000158,0,0,0
100000159,37,5,32
100000165,149,51,98
100000169,0,0,0
100000174,4,6,-2
100000179,0,0,0
100000180,0,1,-1
100000181,2,6,-4
100000188,0,0,0
100000189,0,0,0
100000190,102,56,46
100000191,10,9,1
100000192,0,0,0
100000193,0,0,0
100000330,41,39,2
100000355,8,17,-9
100000362,288,248,40
100000363,35,79,-44
100000364,9,32,-23
100000365,821,1005,-184
100000366,800,393,407
100000367,421,734,-313
100000368,260,228,32
100000369,0,0,0
100000370,1,2,-1
100000376,2,4,-2
100000379,50,48,2
100000380,196,269,-73
100000384,790,274,516
100000385,326,249,77
100000386,389,346,43
100000387,395,157,238
100000388,779,665,114
100000389,791,436,355
100000390,1042,718,324
100000391,563,229,334
100000392,424,232,192
100000393,131,81,50
100000394,781,549,232
100000395,340,153,187
100000396,332,309,23
100000397,262,143,119
100000398,2170,1657,513
100000413,0,0,0
100000414,26,4,22
100900002,0,0,0
100900003,0,0,0
100900004,1,27,-26
100900005,0,0,0
100900006,0,0,0
100900007,0,0,0
100900008,0,20,-20
100900009,0,0,0
100900010,0,0,0
100900011,0,0,0
100900012,0,11,-11
100900013,0,0,0
100900014,0,0,0
100900015,0,0,0
100900016,0,0,0
100900017,0,0,0
100900018,0,0,0
100900019,0,0,0
100900020,0,0,0
100900021,0,0,0
100900022,0,0,0
100900023,0,0,0
100900024,0,0,0
100900025,0,0,0
100900026,0,0,0
100900027,0,0,0
100900028,0,0,0
100900029,0,0,0
100900030,0,0,0
100900031,0,0,0
100900032,0,0,0
100900033,0,0,0
100900034,0,0,0
100900035,0,0,0
100900036,0,0,0
100900037,0,0,0
100900038,0,0,0
100900039,7,11,-4
100900040,0,39,-39
100900041,0,19,-19
100900042,0,0,0
100900043,0,0,0
100900044,0,0,0
100900045,0,0,0
100900046,0,0,0
100900047,0,0,0
100900048,0,0,0
100900049,0,0,0
100900050,0,0,0
100900051,0,0,0
100900052,0,0,0
100900053,0,0,0
100900054,0,0,0
100900055,0,0,0
100900056,0,0,0
100900057,0,0,0
100900058,0,0,0
100900059,0,0,0
100900060,0,0,0
100900061,0,0,0
100900062,0,0,0
100900063,0,0,0
100900064,0,0,0
100900065,0,0,0
100900066,0,0,0
100900067,0,0,0
100900068,0,0,0
100900069,0,0,0
100900070,0,0,0
100900071,0,0,0
100900072,0,0,0
100900073,0,0,0
100900074,0,0,0
100900075,21,4,17
100900076,0,0,0
100900077,0,0,0
100900078,0,0,0
100900079,0,0,0
100900080,0,0,0
100900081,0,0,0
100900082,0,0,0
100900083,0,0,0
100900085,0,0,0
100900086,0,0,0
100900088,0,0,0
100900089,0,0,0
100900090,0,0,0
100900091,0,0,0
100900092,0,0,0
100900093,0,0,0
100900094,0,0,0
100900095,0,0,0
100900096,0,0,0
100900097,0,0,0
100900098,0,0,0
100900099,0,0,0
100900100,0,0,0
100900101,0,0,0
100900102,0,0,0
100900103,0,0,0
100900104,0,0,0
100900105,0,0,0
100900106,0,0,0
100900107,0,0,0
100900108,0,0,0
100900109,0,0,0
100900110,0,0,0
100900111,0,0,0
100900112,0,0,0
100900113,0,0,0
100900114,0,0,0
100900115,0,0,0
100900116,0,0,0
100900117,0,0,0
100900118,0,0,0
100900119,0,0,0
100900120,0,0,0
100900121,0,0,0
100900122,1,3,-2
100900123,0,0,0
100900124,0,0,0
100900125,0,0,0
100900126,0,0,0
100900127,0,0,0
100900128,0,0,0
100900129,0,0,0
100900131,0,0,0
100900133,0,0,0
100900134,0,0,0
100900135,0,0,0
100900137,0,0,0
100900138,0,0,0
100900139,0,0,0
100900140,0,8,-8
100900141,0,0,0
100900142,0,0,0
100900143,0,0,0
100900144,0,0,0
100900145,0,0,0
100900146,0,0,0
100900147,0,0,0
100900148,0,16,-16
100900149,0,0,0
100900150,0,0,0
100900151,1,7,-6
100900152,0,0,0
100900153,0,0,0
100900154,0,0,0
100900155,0,0,0
100900156,0,0,0
100900157,0,0,0
100900159,0,0,0
100900160,0,0,0
100900161,0,0,0
100900162,0,0,0
100900163,0,7,-7
100900164,0,0,0
100900165,0,0,0
100900166,0,0,0
100900167,0,0,0
100900168,0,0,0
100900169,1,50,-49
100900170,0,0,0
100900171,2,18,-16
100900172,0,0,0
100900173,0,5,-5
100900174,0,0,0
100900176,0,0,0
100900177,3,0,3
100900178,0,0,0
100900179,0,0,0
100900180,0,0,0
100900181,0,0,0
100900182,0,0,0
100900184,0,0,0
100900186,0,0,0
100900187,0,0,0
100900188,0,0,0
100900189,0,0,0
100900191,0,0,0
100900192,0,0,0
100900195,0,0,0
100900197,0,0,0
100900198,0,0,0
100900199,0,0,0
100900200,11,1,10
100900201,2,27,-25
100900202,0,0,0
100900203,0,0,0
100900204,0,0,0
100900205,0,0,0
100900206,0,0,0
100900207,0,0,0
100900210,1,15,-14
100900211,0,0,0
100900213,0,0,0
100900214,43,5,38
100900215,0,0,0
100900217,0,0,0
101000001,120,49,71
101000002,241,165,76
101000003,27,20,7
101000004,1265,139,1126
101000005,266,96,170
101000006,471,292,179
101000007,629,297,332
101000009,27,52,-25
101000010,22,29,-7
101000011,72,8,64
101000012,0,0,0
101000013,20,10,10
101000014,6,3,3
101000015,48,38,10
101000016,1,1,0
101000017,32,29,3
101000018,151,158,-7
101000020,148,34,114
101000021,15,1,14
101000022,2,0,2
101000023,185,124,61
101000025,0,0,0
101000026,6,0,6
101000027,202,67,135
101000028,55,16,39
101000029,4,41,-37
101000030,35,3,32
101000031,5,0,5
101000032,138,171,-33
101000033,204,192,12
101000034,191,108,83
101000035,51,4,47
101000036,70,32,38
101000037,181,41,140
101000039,82,59,23
101000040,184,98,86
101000041,128,65,63
101000042,2,28,-26
101000043,217,115,102
101000045,31,17,14
101000046,128,29,99
101000047,37,14,23
101000048,11,13,-2
101000049,29,33,-4
101000050,18,8,10
101000051,65,52,13
101000052,128,56,72
101000053,33,18,15
101000054,42,6,36
101000055,138,23,115
101000056,3,4,-1
101000057,195,40,155
101000058,87,16,71
101000059,23,16,7
101000060,105,49,56
101000061,3,5,-2
101000062,106,35,71
101000063,1,6,-5
101000064,134,52,82
101000065,14,11,3
101000066,0,21,-21
101000067,43,62,-19
101000068,16,11,5
101000069,70,2,68
101000070,132,199,-67
101000071,217,102,115
101000072,87,116,-29
101000073,15,12,3
101000074,578,227,351
101000075,1278,399,879
101000077,195,167,28
101000078,82,34,48
101000079,60,96,-36
101000080,300,174,126
101000081,58,45,13
101000082,111,54,57
101000083,48,16,32
101000084,93,47,46
101000085,9,1,8
101000086,167,94,73
101000087,118,69,49
101000088,11,1,10
101000089,3,8,-5
101000090,179,90,89
101000091,12,17,-5
101000092,61,14,47
101000093,44,17,27
101000094,88,82,6
101000095,17,53,-36
101000096,9,10,-1
101000097,28,41,-13
101000098,3,14,-11
101000099,63,51,12
101000100,61,70,-9
101000101,1,4,-3
101000102,58,16,42
101000103,10,3,7
101000104,16,19,-3
101000105,0,0,0
101000106,5,17,-12
101000107,5,8,-3
101000108,0,0,0
101000109,15,2,13
101000110,0,0,0
101000111,0,17,-17
101000113,0,0,0
101000114,336,127,209
101000115,0,0,0
101000116,0,0,0
101000117,0,0,0
101000119,2,2,0
101000120,8,0,8
101000121,16,1,15
101000122,9,6,3
101000123,4,7,-3
101000124,145,123,22
101000125,7,43,-36
101000128,22,19,3
101000130,102,22,80
101000131,9,9,0
101000132,30,96,-66
101000135,0,0,0
101000136,28,37,-9
101000137,3,11,-8
101000141,42,52,-10
101000147,58,44,14
101000148,31,1,30
101000149,0,0,0
101000150,0,0,0
101000151,0,3,-3
101000152,10,11,-1
101000153,17,7,10
101000154,3,25,-22
101000155,14,7,7
101000156,3,19,-16
101000157,0,0,0
101000160,0,0,0
101000163,0,0,0
101000164,11,21,-10
101000165,35,26,9
101000166,4,4,0
101000168,16,27,-11
101000252,59,28,31
101000254,85,6,79
101000258,0,0,0
101000261,0,0,0
101000262,10,61,-51
101000263,4,8,-4
101000265,0,51,-51
101000266,7,8,-1
101000269,47,12,35
101000290,81,11,70
101000293,0,0,0
101000294,87,28,59
101000295,5,12,-7
101000301,39,21,18
101000304,242,269,-27
101000305,172,125,47
101000328,6,12,-6
101900001,0,0,0
101900002,0,0,0
101900003,2,0,2
101900004,0,0,0
101900005,33,10,23
101900006,7,38,-31
101900007,0,0,0
101900008,0,0,0
101900009,0,0,0
101900010,0,0,0
101900011,0,0,0
101900012,0,0,0
101900013,21,3,18
101900017,0,0,0
101900018,0,0,0
101900019,0,0,0
101900020,0,0,0
101900021,0,0,0
101900022,0,0,0
101900023,0,0,0
101900026,0,0,0
101900027,0,0,0
102000001,131,165,-34
102000002,40,20,20
102000003,434,229,205
102000004,253,46,207
102000005,216,113,103
102000006,109,50,59
102000007,210,186,24
102000008,212,85,127
102000009,266,417,-151
102000010,245,204,41
102000011,248,218,30
102000012,149,113,36
102000018,21,19,2
102000019,5,2,3
102000026,0,0,0
102000029,0,0,0
102000030,4,3,1
102000031,0,0,0
102000032,6,4,2
102000033,0,0,0
102000034,1,0,1
102000035,0,0,0
102000036,0,0,0
102000037,2,0,2
102000038,0,3,-3
102000039,0,0,0
102000040,0,0,0
102000041,0,0,0
102000042,0,0,0
102000043,3,2,1
102000044,0,0,0
102000045,18,4,14
102000046,34,1,33
102000047,20,22,-2
102000048,0,3,-3
102000049,11,2,9
102000050,14,19,-5
102000051,7,3,4
102000052,20,18,2
102000053,2,11,-9
102000054,17,29,-12
102000055,32,70,-38
102000056,9,22,-13
102000057,28,5,23
102000058,27,49,-22
102000059,81,63,18
102000060,6,4,2
102000061,58,92,-34
102000062,10,14,-4
102000063,50,55,-5
102000064,44,63,-19
102000065,0,4,-4
102000066,129,44,85
102000067,76,103,-27
102000068,225,102,123
102000069,0,0,0
102000070,57,8,49
102000071,448,448,0
102000072,336,519,-183
102000073,2,64,-62
102000074,17,42,-25
102000075,9,26,-17
102000076,0,42,-42
102000077,5,92,-87
102000078,41,86,-45
102000079,3,21,-18
102000080,1,17,-16
102000081,4,49,-45
102000082,25,18,7
102000083,23,34,-11
102000084,0,0,0
102000085,52,36,16
102000086,19,9,10
102000087,34,74,-40
102000088,7,3,4
102000089,0,0,0
102000090,40,39,1
102000091,55,29,26
102000092,42,20,22
102000093,5,24,-19
102000094,0,0,0
102000095,39,53,-14
102000096,0,0,0
102000097,42,50,-8
102000098,3,2,1
102000099,27,12,15
102000100,2,1,1
102000101,14,6,8
102000102,8,0,8
102000103,26,15,11
102000104,6,1,5
102000105,0,7,-7
102000106,0,4,-4
102000107,0,0,0
102000108,10,5,5
102000109,0,0,0
102000110,0,0,0
102000111,0,0,0
102000112,1,1,0
102000113,0,0,0
102000114,0,0,0
102000115,5,2,3
102000116,1,3,-2
102000117,3,25,-22
102000118,7,18,-11
102000119,148,28,120
102000120,5,0,5
102000121,9,12,-3
102000122,5,0,5
102000123,23,11,12
102000124,16,5,11
102000125,6,2,4
102000126,7,2,5
102000127,35,2,33
102000128,7,10,-3
102000129,12,10,2
102000130,14,7,7
102000131,14,5,9
102000132,3,2,1
102000133,39,83,-44
102000134,15,13,2
102000135,0,0,0
102000136,3,1,2
102000137,6,2,4
102000138,0,0,0
102000139,0,0,0
102000140,2,2,0
102000141,0,4,-4
102000142,3,5,-2
102000143,1,4,-3
102000144,2,4,-2
102000145,0,6,-6
102000146,0,0,0
102000147,4,3,1
102000148,0,0,0
102000149,0,0,0
102000150,2,2,0
102000151,0,0,0
102000152,0,0,0
102000153,0,0,0
102000154,0,2,-2
102000155,4,1,3
102000156,9,3,6
102000157,1,2,-1
102000158,4,2,2
102000159,16,5,11
102000161,174,48,126
102000162,16,9,7
102000163,0,0,0
102000164,0,0,0
102000165,23,25,-2
102000166,3,20,-17
102000167,15,32,-17
102000168,6,9,-3
102000169,13,33,-20
102000170,71,25,46
102000171,8,4,4
102000172,0,14,-14
102000173,13,9,4
102000174,6,2,4
102000175,0,0,0
102000176,0,0,0
102000178,12,27,-15
102000179,1,10,-9
102000180,11,16,-5
102000181,3,20,-17
102000182,53,32,21
102000183,19,40,-21
102000184,33,63,-30
102000185,26,24,2
102000186,74,118,-44
102000187,54,117,-63
102000188,4,31,-27
102000189,154,56,98
102000190,14,19,-5
102000191,54,5,49
102000192,54,69,-15
102000193,0,0,0
102000194,0,0,0
102000195,3,7,-4
102000196,0,0,0
102000197,4,6,-2
102000198,0,0,0
102000199,2,7,-5
102000200,0,0,0
102000201,4,7,-3
102000202,0,0,0
102000203,0,18,-18
102000204,0,0,0
102000205,0,0,0
102000206,30,20,10
102000207,0,0,0
102000208,3,23,-20
102000209,5,3,2
102000210,0,20,-20
102000211,2,11,-9
102000212,0,0,0
102000213,0,6,-6
102000214,0,0,0
102000215,0,27,-27
102000216,0,0,0
102000217,0,24,-24
102000218,0,0,0
102000219,5,9,-4
102000225,0,0,0
102000226,0,0,0
102000227,0,0,0
102000228,0,2,-2
102000229,2,1,1
102000230,0,11,-11
102000231,5,5,0
102000232,0,0,0
102000233,2,18,-16
102000234,0,0,0
102000236,0,0,0
102000237,0,3,-3
102000238,0,0,0
102000240,78,102,-24
102000241,7,2,5
102000243,0,0,0
102000245,1,8,-7
102000246,0,0,0
102000247,25,28,-3
102000248,28,51,-23
102000249,0,11,-11
102000250,1,38,-37
102000254,0,0,0
102000266,0,0,0
102000271,0,0,0
102000286,0,0,0
102000297,12,3,9
102000305,0,0,0
102000307,0,4,-4
102000316,0,0,0
102900001,0,0,0
102900002,0,0,0
102900003,0,5,-5
102900005,0,0,0
102900006,0,0,0
102900007,0,0,0
102900008,0,0,0
102900009,0,0,0
102900010,0,0,0
102900011,0,0,0
102900012,0,0,0
102900013,0,0,0
102900015,0,0,0
102900016,0,0,0
102900017,0,0,0
102900018,0,0,0
102900019,0,0,0
102900020,0,0,0
102900021,0,0,0
102900022,1,6,-5
102900023,0,0,0
102900024,0,0,0
102900025,0,0,0
102900026,0,0,0
102900027,0,0,0
102900028,0,0,0
102900029,0,1,-1
102900030,0,0,0
102900031,0,0,0
102900032,0,1,-1
102900033,0,0,0
102900034,0,0,0
102900035,0,6,-6
102900036,0,0,0
102900037,0,0,0
102900038,0,0,0
102900039,0,0,0
102900040,0,0,0
102900041,0,0,0
102900042,0,0,0
102900043,0,0,0
102900044,0,0,0
102900045,0,0,0
102900046,0,0,0
102900047,0,0,0
102900048,0,0,0
102900049,0,0,0
102900050,0,0,0
102900051,0,0,0
102900053,0,0,0
102900054,0,0,0
102900055,0,0,0
102900056,0,0,0
102900057,0,0,0
102900058,0,0,0
102900059,0,0,0
102900060,0,0,0
102900061,0,0,0
102900062,0,0,0
102900063,0,0,0
102900064,0,0,0
102900065,0,0,0
102900066,0,0,0
102900068,0,0,0
102900070,1,1,0
102900072,3,0,3
102900073,0,0,0
102900075,0,0,0
102900076,0,0,0
102900077,0,0,0
102900078,0,0,0
102900079,0,0,0
102900080,0,0,0
102900081,0,0,0
102900082,0,0,0
102900083,0,0,0
102900084,0,0,0
102900085,0,0,0
102900086,0,0,0
102900087,0,0,0
102900088,0,0,0
102900089,0,0,0
102900090,0,16,-16
102900091,2,0,2
102900092,1,20,-19
102900094,0,0,0
102900095,0,0,0
102900096,3,0,3
102900097,0,4,-4
103000001,203,253,-50
103000002,179,114,65
103000003,261,193,68
103000004,17,48,-31
103000005,30,44,-14
103000006,39,44,-5
103000007,7,24,-17
103000008,33,57,-24
103000009,0,0,0
103000010,7,9,-2
103000011,76,56,20
103000012,63,28,35
103000013,487,123,364
103000014,11,8,3
103000015,147,45,102
103000016,26,5,21
103000017,0,0,0
103000018,0,0,0
103000019,0,0,0
103000020,63,104,-41
103000021,3,8,-5
103000022,64,88,-24
103000023,4,29,-25
103000024,0,0,0
103000025,0,0,0
103000026,0,0,0
103000027,0,0,0
103000028,0,0,0
103000029,1,0,1
103000030,172,32,140
103000031,55,44,11
103000032,126,64,62
103000033,13,6,7
103000034,176,76,100
103000035,49,44,5
103000036,18,5,13
103000037,51,29,22
103000038,21,46,-25
103000039,6,59,-53
103000040,1,10,-9
103000041,210,197,13
103000042,61,48,13
103000043,3,13,-10
103000044,2,1,1
103000046,29,8,21
103000047,0,0,0
103000048,7,1,6
103000049,0,0,0
103000050,2,1,1
103000051,2,3,-1
103000052,4,0,4
103000053,0,7,-7
103000054,74,44,30
103000055,37,15,22
103000056,14,23,-9
103000057,12,13,-1
103000058,24,38,-14
103000059,3,10,-7
103000060,85,44,41
103000061,6,7,-1
103000062,83,51,32
103000063,19,12,7
103000064,41,27,14
103000065,0,0,0
103000066,1,0,1
103000069,0,0,0
103000070,36,62,-26
103000071,14,6,8
103000072,10,40,-30
103000073,0,0,0
103000074,0,0,0
103000075,21,46,-25
103000076,0,0,0
103000077,5,15,-10
103000078,0,0,0
103000079,48,7,41
103000080,0,0,0
103000081,14,35,-21
103000082,0,0,0
103000083,0,22,-22
103000084,0,0,0
103000085,0,3,-3
103000086,8,1,7
103000087,4,32,-28
103000088,51,21,30
103000089,15,5,10
103000090,123,90,33
103000091,49,34,15
103000092,0,0,0
103000093,19,59,-40
103000094,0,0,0
103000095,1,25,-24
103000096,0,0,0
103000097,1,18,-17
103000098,0,0,0
103000099,1,20,-19
103000100,5,63,-58
103000101,0,0,0
103000102,21,77,-56
103000103,0,3,-3
103000104,0,34,-34
103000105,0,5,-5
103000106,0,15,-15
103000107,0,1,-1
103000108,14,18,-4
103000109,23,12,11
103000110,92,49,43
103000111,34,33,1
103000112,9,4,5
103000113,43,40,3
103000114,2,5,-3
103000115,2,7,-5
103000116,1,2,-1
103000117,2,6,-4
103000118,33,83,-50
103000119,86,59,27
103000120,5,6,-1
103000121,27,19,8
103000122,3,13,-10
103000125,0,0,0
103000126,0,0,0
103000127,0,0,0
103000128,0,0,0
103000129,0,0,0
103000130,0,0,0
103000131,0,0,0
103000132,0,0,0
103000133,0,0,0
103000134,48,22,26
103000135,14,12,2
103000136,86,67,19
103000137,77,25,52
103000138,86,29,57
103000139,0,8,-8
103000140,0,0,0
103000141,3,7,-4
103000142,0,0,0
103000143,2,6,-4
103000144,0,0,0
103000145,0,0,0
103000150,10,1,9
103000152,26,11,15
103000153,5,2,3
103000156,0,0,0
103000157,0,0,0
103000159,0,0,0
103000162,0,0,0
103000163,0,0,0
103000164,0,0,0
103000165,0,0,0
103000166,0,0,0
103000167,0,1,-1
103000168,6,5,1
103000169,0,0,0
103000170,9,6,3
103000171,0,0,0
103000172,0,0,0
103000173,14,39,-25
103000174,0,0,0
103000175,39,81,-42
103000176,0,0,0
103000177,32,40,-8
103000178,31,37,-6
103000179,0,1,-1
103000183,0,3,-3
103000185,0,2,-2
103000186,0,0,0
103000187,13,27,-14
103000188,2,7,-5
103000189,38,99,-61
103000191,0,0,0
103000292,107,3,104
103000293,0,0,0
103000295,0,0,0
103000296,0,0,0
103000297,0,0,0
103000504,0,0,0
103000505,0,0,0
103000506,0,0,0
103000507,0,0,0
103000508,4,3,1
103000509,7,40,-33
103900001,0,0,0
103900002,0,0,0
103900003,0,0,0
103900004,0,0,0
103900005,0,0,0
103900006,0,0,0
103900007,0,0,0
103900008,0,0,0
103900009,0,10,-10
103900010,0,9,-9
103900011,3,14,-11
103900012,0,0,0
103900013,0,6,-6
103900014,0,0,0
103900015,0,0,0
103900016,1,3,-2
103900017,1,6,-5
103900018,8,1,7
103900019,0,0,0
103900020,0,0,0
103900021,0,0,0
103900022,0,11,-11
103900023,0,0,0
103900024,0,0,0
103900025,0,0,0
103900026,0,0,0
103900027,0,0,0
103900028,0,2,-2
103900029,2,6,-4
103900030,0,0,0
103900031,0,0,0
103900032,0,0,0
103900033,0,0,0
103900034,2,7,-5
103900035,1,0,1
103900036,0,0,0
103900037,0,0,0
103900038,0,0,0
103900039,0,32,-32
103900040,0,0,0
103900041,0,0,0
103900042,0,25,-25
103900043,0,0,0
103900044,0,0,0
103900045,0,0,0
103900047,0,3,-3
103900048,0,0,0
103900049,0,0,0
103900050,1,23,-22
103900051,0,4,-4
103900052,5,13,-8
103900053,0,16,-16
103900054,0,0,0
103900055,0,5,-5
103900056,0,1,-1
103900057,0,0,0
103900058,1,6,-5
103900059,0,0,0
103900060,0,0,0
103900061,0,0,0
103900062,0,0,0
103900063,0,0,0
103900064,0,0,0
103900065,37,3,34
103900066,0,0,0
103900067,0,0,0
103900068,0,0,0
103900069,0,0,0
103900070,0,0,0
103900071,1,4,-3
103900072,0,20,-20
103900073,0,0,0
103900074,0,0,0
103900075,0,0,0
103900076,3,6,-3
103900077,0,0,0
103900078,0,0,0
103900079,0,0,0
103900080,0,0,0
103900081,0,0,0
103900082,0,0,0
103900083,0,0,0
103900084,0,0,0
103900085,0,0,0
103900086,0,0,0
103900088,0,0,0
103900089,0,0,0
103900090,0,0,0
103900091,0,0,0
103900092,0,8,-8
103900093,0,0,0
103900094,0,0,0
103900095,0,0,0
103900096,0,0,0
103900097,0,0,0
103900098,2,0,2
103900099,0,0,0
103900100,1,7,-6
103900101,0,0,0
103900102,0,0,0
103900104,0,0,0
103900105,0,0,0
103900106,0,0,0
103900107,0,0,0
103900108,5,43,-38
103900109,0,0,0
103900110,0,1,-1
103900111,0,6,-6
103900112,0,0,0
103900113,2,0,2
103900114,8,5,3
103900115,1,0,1
103900116,34,0,34
103900117,20,0,20
103900119,0,0,0
103900120,0,0,0
103900122,0,7,-7
103900123,4,1,3
103900124,0,17,-17
103900125,2,2,0
103900126,0,0,0
103900127,1,18,-17
103900128,0,3,-3
103900131,0,2,-2
103900133,0,0,0
103900134,0,0,0
103900135,0,0,0
103900137,0,0,0
103900138,0,0,0
103900139,0,14,-14
103900140,0,0,0
103900141,0,0,0
103900142,0,0,0
103900143,0,0,0
103900144,0,0,0
103900145,0,0,0
103900146,0,0,0
103900147,0,6,-6
103900148,0,2,-2
103900149,0,0,0
103900150,0,2,-2
103900151,0,0,0
103900152,0,0,0
103900153,0,0,0
103900154,2,1,1
103900155,0,0,0
103900156,0,0,0
103900157,0,0,0
103900158,0,0,0
103900159,0,0,0
103900160,0,0,0
103900161,0,0,0
103900162,3,4,-1
103900163,0,0,0
103900167,0,0,0
103900168,0,0,0
103900169,0,0,0
103900170,0,0,0
103900171,0,0,0
103900172,0,0,0
103900173,0,0,0
103900174,0,0,0
103900175,0,0,0
103900176,0,0,0
103900177,0,0,0
103900178,0,0,0
103900179,0,0,0
103900180,0,0,0
103900181,0,0,0
103900182,0,0,0
103900184,0,0,0
103900185,0,0,0
103900187,0,1,-1
103900188,0,0,0
103900189,1,0,1
103900190,0,0,0
103900191,0,0,0
103900192,0,0,0
103900193,0,0,0
103900194,0,0,0
103900195,0,0,0
103900196,0,0,0
103900197,0,0,0
103900198,0,0,0
103900199,0,0,0
103900200,0,0,0
103900201,0,0,0
103900202,0,0,0
103900203,0,0,0
103900204,0,0,0
103900207,0,0,0
103900208,0,0,0
103900209,0,0,0
103900210,0,0,0
103900211,1,0,1
103900212,0,20,-20
103900213,32,74,-42
103900214,53,7,46
103900215,187,65,122
103900216,0,0,0
103900217,0,0,0
103900218,0,0,0
103900219,0,0,0
103900233,0,0,0
103900235,0,0,0
103900236,0,0,0
103900242,0,0,0
103900243,0,0,0
103900244,0,0,0
103900245,0,0,0
103900246,0,0,0
103900247,0,0,0
103900248,0,0,0
103900249,0,0,0
103900250,0,0,0
103900251,0,0,0
103900253,0,0,0
103900254,0,0,0
103900255,0,0,0
103900256,0,0,0
103900257,0,0,0
103900258,0,0,0
103900259,0,0,0
103900261,0,0,0
103900262,0,0,0
103900263,0,0,0
103900264,0,0,0
103900265,0,0,0
103900266,0,0,0
103900267,1,1,0
103900268,0,0,0
103900269,1,0,1
103900270,0,2,-2
103900271,0,3,-3
103900272,0,0,0
103900273,0,0,0
103900274,0,0,0
103900275,0,0,0
103900277,0,0,0
103900278,0,0,0
103900279,0,0,0
103900280,0,0,0
103900281,0,0,0
103900282,0,0,0
103900283,0,0,0
103900284,0,0,0
103900285,0,0,0
103900286,0,0,0
103900287,0,0,0
103900288,0,0,0
103900289,0,0,0
103900290,0,0,0
103900291,0,0,0
103900292,0,0,0
103900293,0,0,0
103900294,0,0,0
104000001,204,346,-142
104000002,298,332,-34
104000003,200,419,-219
104000004,792,316,476
104000005,92,206,-114
104000006,217,261,-44
104000007,361,435,-74
104000008,287,201,86
104000009,9,24,-15
104000010,0,0,0
104000011,125,160,-35
104000012,18,70,-52
104000013,0,0,0
104000014,29,110,-81
104000015,0,0,0
104000016,8,62,-54
104000018,8,7,1
104000019,12,2,10
104000020,0,0,0
104000021,7,0,7
104000022,6,3,3
104000023,21,21,0
104000024,6,1,5
104000026,1,1,0
104000027,28,94,-66
104000028,33,24,9
104000029,64,138,-74
104000030,11,16,-5
104000031,7,0,7
104000032,13,57,-44
104000033,4,0,4
104000034,10,72,-62
104000035,2,6,-4
104000036,5,4,1
104000037,15,46,-31
104000038,14,13,1
104000039,1,0,1
104000040,5,4,1
104000041,28,18,10
104000042,4,16,-12
104000043,7,28,-21
104000044,20,33,-13
104000045,8,56,-48
104000046,37,65,-28
104000047,2,5,-3
104000048,23,5,18
104000049,0,0,0
104000050,1,5,-4
104000051,15,84,-69
104000052,87,151,-64
104000053,59,61,-2
104000054,5,11,-6
104000055,148,103,45
104000056,38,32,6
104000057,27,69,-42
104000058,85,73,12
104000059,12,81,-69
104000060,57,95,-38
104000061,27,59,-32
104000062,1,4,-3
104000064,14,8,6
104000065,1,3,-2
104000069,34,18,16
104000070,0,0,0
104000071,15,61,-46
104000072,3,6,-3
104000075,0,0,0
104000076,0,0,0
104000082,125,212,-87
104000083,14,6,8
104000084,5,12,-7
104000085,1,1,0
104000086,2,12,-10
104000087,3,11,-8
104000090,14,84,-70
104000092,9,162,-153
104000094,10,108,-98
104000095,260,181,79
104000096,0,3,-3
104000097,0,0,0
104000098,0,0,0
104000100,0,0,0
104000101,63,169,-106
104000106,2,1,1
104000107,12,46,-34
104000108,5,19,-14
104000109,0,0,0
104000110,38,18,20
104000111,9,23,-14
104000112,20,17,3
104000116,0,108,-108
104000117,0,32,-32
104000118,3,18,-15
104000119,1,12,-11
104000120,0,23,-23
104000121,3,4,-1
104000122,9,32,-23
104000123,56,125,-69
104000124,93,111,-18
104000125,70,53,17
104000126,2,22,-20
104000127,223,321,-98
104000128,8,52,-44
104000129,5,1,4
104000130,0,14,-14
104000131,238,206,32
104000132,234,259,-25
104000133,78,46,32
104000134,86,66,20
104000135,26,41,-15
104000136,125,104,21
104000137,282,52,230
104000138,131,42,89
104000139,476,143,333
104000141,62,147,-85
104000142,40,254,-214
104000143,36,141,-105
104000144,0,0,0
104000145,0,0,0
104000146,47,168,-121
104000147,20,47,-27
104000148,0,0,0
104000149,17,43,-26
104000150,0,0,0
104000151,29,64,-35
104000152,43,113,-70
104000153,0,0,0
104000154,87,85,2
104000155,0,0,0
104000157,40,129,-89
104000158,17,27,-10
104000159,19,20,-1
104000160,319,108,211
104000161,0,0,0
104000162,0,0,0
104000165,0,0,0
104000167,6,40,-34
104000168,0,0,0
104000169,0,0,0
104000170,28,7,21
104000248,1,33,-32
104000251,13,33,-20
104000272,2,0,2
104000273,2,0,2
104000274,5,0,5
104000275,7,1,6
104000279,31,8,23
104000290,8,38,-30
104000291,40,145,-105
104000293,4,13,-9
104000294,0,0,0
104000295,58,96,-38
104000296,12,39,-27
104000297,127,195,-68
104000298,160,75,85
104000299,65,181,-116
104000302,0,0,0
104000303,97,57,40
104900001,0,0,0
104900002,0,0,0
104900003,0,0,0
104900004,0,0,0
104900005,0,0,0
104900006,0,0,0
104900007,1,0,1
104900009,0,0,0
104900010,0,0,0
104900011,0,0,0
104900012,0,0,0
104900013,0,0,0
104900014,0,0,0
104900015,0,0,0
104900016,0,0,0
104900017,0,0,0
104900018,0,0,0
104900019,0,0,0
104900020,0,0,0
104900021,0,0,0
104900022,0,0,0
104900023,0,0,0
104900024,0,0,0
104900025,0,0,0
104900026,0,0,0
104900027,0,0,0
104900028,0,0,0
104900029,0,0,0
104900030,0,0,0
104900031,0,0,0
104900032,0,0,0
104900033,0,0,0
104900034,0,0,0
104900035,0,0,0
104900036,0,0,0
104900037,0,0,0
104900038,0,0,0
104900039,0,0,0
104900040,0,0,0
104900041,0,0,0
104900042,0,0,0
104900043,0,0,0
104900044,0,0,0
104900045,0,0,0
104900046,0,0,0
104900047,0,0,0
104900048,0,0,0
104900049,0,0,0
104900050,0,0,0
104900051,0,0,0
104900052,0,0,0
104900053,0,0,0
104900054,0,0,0
104900055,0,0,0
104900056,0,0,0
104900057,0,0,0
104900058,0,0,0
104900059,0,0,0
104900061,0,0,0
104900063,0,0,0
104900064,0,0,0
104900065,0,0,0
104900066,0,0,0
104900067,0,0,0
104900068,0,0,0
104900070,0,0,0
104900071,0,18,-18
104900072,0,0,0
104900073,0,0,0
104900074,0,0,0
104900075,0,0,0
104900076,0,0,0
104900077,0,0,0
104900078,0,0,0
104900079,0,0,0
104900080,0,0,0
104900082,0,0,0
104900085,0,0,0
104900089,0,0,0
104900091,0,0,0
104900093,0,0,0
104900097,0,0,0
104900098,0,0,0
104900099,0,0,0
104900100,0,0,0
104900102,0,0,0
104900103,0,0,0
104900106,0,0,0
104900107,0,0,0
104900108,0,0,0
104900109,0,0,0
104900110,0,0,0
104900111,0,0,0
104900112,0,0,0
104900113,0,0,0
104900114,0,0,0
104900115,0,0,0
104900116,0,0,0
104900118,0,0,0
104900119,0,0,0
104900120,0,0,0
104900121,0,0,0
104900122,0,0,0
104900123,0,0,0
104900124,0,0,0
104900125,0,0,0
104900126,0,0,0
104900127,0,0,0
104900128,0,0,0
104900129,0,0,0
105000001,122,212,-90
105000002,101,139,-38
105000003,137,205,-68
105000004,58,102,-44
105000005,68,106,-38
105000006,48,114,-66
105000007,20,103,-83
105000008,21,185,-164
105000009,68,60,8
105000010,216,332,-116
105000011,81,56,25
105000012,415,561,-146
105000013,51,40,11
105000014,64,44,20
105000015,422,100,322
105000016,288,150,138
105000017,203,68,135
105000018,53,79,-26
105000019,3,3,0
105000020,4,55,-51
105000021,0,0,0
105000022,0,0,0
105000023,0,0,0
105000028,5,13,-8
105000029,25,28,-3
105000030,296,443,-147
105000031,0,0,0
105000033,129,473,-344
105000034,0,0,0
105000037,18,7,11
105000038,43,44,-1
105000039,315,269,46
105000040,11,3,8
105000041,60,235,-175
105000042,53,30,23
105000043,205,364,-159
105000044,31,8,23
105000045,18,138,-120
105000046,33,12,21
105000047,39,158,-119
105000048,1,2,-1
105000049,41,104,-63
105000050,0,0,0
105000051,32,107,-75
105000052,3,15,-12
105000053,8,34,-26
105000054,3,35,-32
105000055,14,14,0
105000056,1,36,-35
105000057,49,35,14
105000058,64,71,-7
105000059,6,12,-6
105000060,7,42,-35
105000061,7,7,0
105000062,65,85,-20
105000063,38,66,-28
105000064,30,21,9
105000065,27,66,-39
105000066,52,73,-21
105000067,33,15,18
105000068,40,29,11
105000069,122,40,82
105000070,11,45,-34
105000071,0,0,0
105000072,16,8,8
105000073,6,6,0
105000074,52,105,-53
105000075,38,52,-14
105000076,94,57,37
105000077,304,62,242
105000078,59,59,0
105000079,176,336,-160
105000080,29,5,24
105000081,114,89,25
105000082,15,30,-15
105000083,5,1,4
105000084,33,117,-84
105000085,25,14,11
105000086,49,106,-57
105000087,94,162,-68
105000088,12,2,10
105000089,234,279,-45
105000090,157,122,35
105000091,211,218,-7
105000092,48,103,-55
105000093,14,22,-8
105000094,2,2,0
105000095,2,32,-30
105000096,2,2,0
105000097,34,67,-33
105000098,0,0,0
105000099,39,55,-16
105000100,51,40,11
105000101,48,62,-14
105000102,116,87,29
105000103,16,75,-59
105000104,58,41,17
105000105,10,43,-33
105000106,18,63,-45
105000107,5,15,-10
105000108,43,12,31
105000109,33,61,-28
105000110,9,2,7
105000111,9,17,-8
105000112,51,9,42
105000113,2,21,-19
105000114,0,0,0
105000115,7,21,-14
105000116,6,4,2
105000117,36,31,5
105000118,3,8,-5
105000119,17,29,-12
105000120,0,0,0
105000121,26,26,0
105000122,8,10,-2
105000123,32,42,-10
105000124,16,46,-30
105000125,9,78,-69
105000126,49,90,-41
105000127,29,61,-32
105000128,9,55,-46
105000129,15,16,-1
105000130,0,0,0
105000131,12,21,-9
105000132,0,0,0
105000133,13,88,-75
105000134,0,0,0
105000135,21,35,-14
105000136,7,40,-33
105000137,0,0,0
105000138,27,31,-4
105000139,22,59,-37
105000140,0,0,0
105000141,5,55,-50
105000142,0,0,0
105000143,13,56,-43
105000144,20,90,-70
105000145,0,0,0
105000146,34,54,-20
105000147,0,0,0
105000148,0,0,0
105000149,0,0,0
105000150,120,120,0
105000151,7,4,3
105000152,0,33,-33
105000153,17,3,14
105000154,6,30,-24
105000155,19,12,7
105000156,18,45,-27
105000157,23,81,-58
105000158,28,21,7
105000159,18,60,-42
105000160,31,16,15
105000161,18,91,-73
105000162,4,15,-11
105000163,39,38,1
105000164,13,22,-9
105000165,10,94,-84
105000166,197,7,190
105000167,54,48,6
105000168,3,72,-69
105000169,15,44,-29
105000170,0,0,0
105000171,29,4,25
105000172,0,0,0
105000173,0,0,0
105000174,0,0,0
105000175,0,4,-4
105000176,0,6,-6
105000177,3,8,-5
105000178,0,0,0
105000179,3,4,-1
105000180,1,9,-8
105000181,0,0,0
105000182,5,2,3
105000183,1,0,1
105000184,112,138,-26
105000185,36,45,-9
105000186,26,143,-117
105000187,66,20,46
105000188,3,5,-2
105000189,18,67,-49
105000190,0,0,0
105000191,21,39,-18
105000192,1,12,-11
105000193,20,13,7
105000194,12,17,-5
105000195,12,54,-42
105000196,3,7,-4
105000197,5,23,-18
105000198,64,25,39
105000199,13,12,1
105000200,1,4,-3
105000201,1,0,1
105000203,0,7,-7
105000204,10,6,4
105000205,7,4,3
105000207,31,40,-9
105000208,0,0,0
105000209,9,44,-35
105000211,0,0,0
105000212,26,39,-13
105000213,0,0,0
105000214,0,0,0
105000215,2,8,-6
105000216,8,35,-27
105000217,11,46,-35
105000218,2,33,-31
105000221,5,3,2
105000222,1,2,-1
105000223,2,11,-9
105000226,0,0,0
105000227,0,0,0
105000228,2,21,-19
105000229,0,0,0
105000231,0,0,0
105000233,22,24,-2
105000234,72,243,-171
105000235,1,3,-2
105000237,0,0,0
105000243,0,0,0
105000248,13,24,-11
105000262,7,31,-24
105000269,0,5,-5
105000270,5,14,-9
105000271,0,4,-4
105000282,2,2,0
105000287,12,0,12
105000288,2,28,-26
105000289,40,51,-11
105000290,0,0,0
105000402,74,36,38
105000426,17,6,11
105000438,42,24,18
105000440,0,0,0
105000446,347,372,-25
105000447,485,171,314
105000454,1,5,-4
105000455,0,0,0
105000474,0,0,0
105000477,0,0,0
105000478,33,78,-45
105000479,2,1,1
105000480,161,161,0
105000481,389,114,275
105000482,654,377,277
105000483,162,180,-18
105000484,165,291,-126
105000485,258,342,-84
105000486,292,349,-57
105000488,166,257,-91
105000489,19,24,-5
105000549,0,0,0
105000550,61,97,-36
105000551,0,0,0
105000552,535,231,304
105000555,13,4,9
105000556,0,2,-2
105000557,0,0,0
105900001,0,0,0
105900002,0,1,-1
105900003,1,6,-5
105900004,23,6,17
105900005,0,6,-6
105900006,0,0,0
105900007,0,0,0
105900008,1,33,-32
105900009,0,0,0
105900011,0,0,0
105900012,0,0,0
105900013,0,0,0
105900014,0,0,0
105900015,1,7,-6
105900016,0,0,0
105900017,0,0,0
105900018,2,4,-2
105900019,0,0,0
105900020,0,3,-3
105900021,0,0,0
105900022,0,4,-4
105900023,0,0,0
105900024,0,0,0
105900025,0,0,0
105900026,1,0,1
105900027,0,0,0
105900028,0,4,-4
105900029,2,9,-7
105900030,14,11,3
105900031,3,7,-4
105900032,0,0,0
105900033,0,4,-4
105900034,0,4,-4
105900035,0,5,-5
105900036,0,8,-8
105900037,0,4,-4
105900038,0,8,-8
105900039,0,4,-4
105900040,2,15,-13
105900041,7,3,4
105900042,0,7,-7
105900043,4,0,4
105900044,0,2,-2
105900045,0,6,-6
105900046,0,7,-7
105900047,0,3,-3
105900048,0,7,-7
105900050,0,0,0
105900051,0,0,0
105900052,0,0,0
105900053,43,1,42
105900054,8,5,3
105900056,0,0,0
105900057,0,0,0
105900058,0,0,0
105900059,0,0,0
106000001,74,44,30
106000002,136,450,-314
106000003,223,86,137
106000004,141,240,-99
106000005,187,147,40
106000006,509,501,8
106000007,60,22,38
106000008,68,82,-14
106000009,32,16,16
106000010,56,107,-51
106000011,24,24,0
106000012,52,217,-165
106000013,82,49,33
106000014,197,274,-77
106000015,72,58,14
106000016,221,350,-129
106000017,124,120,4
106000018,188,233,-45
106000019,10,26,-16
106000020,27,117,-90
106000021,52,25,27
106000022,60,66,-6
106000023,24,28,-4
106000024,57,134,-77
106000025,20,21,-1
106000026,64,72,-8
106000027,36,30,6
106000028,81,124,-43
106000029,217,247,-30
106000030,25,26,-1
106000034,73,35,38
106000035,22,37,-15
106000036,10,15,-5
106000037,98,108,-10
106000038,0,0,0
106000039,0,0,0
106000040,14,88,-74
106000041,16,24,-8
106000043,0,0,0
106000046,0,0,0
106000047,0,23,-23
106000049,21,11,10
106000050,10,121,-111
106000051,3,4,-1
106000052,18,107,-89
106000053,0,0,0
106000054,30,94,-64
106000055,0,0,0
106000056,51,141,-90
106000057,0,0,0
106000058,10,61,-51
106000059,0,2,-2
106000060,30,150,-120
106000061,0,0,0
106000062,23,121,-98
106000063,1,1,0
106000064,6,69,-63
106000065,1,1,0
106000066,0,36,-36
106000067,2,0,2
106000068,2,106,-104
106000069,0,1,-1
106000070,13,96,-83
106000071,2,3,-1
106000072,168,146,22
106000073,90,90,0
106000074,22,65,-43
106000075,15,79,-64
106000076,50,105,-55
106000077,140,118,22
106000078,43,109,-66
106000079,16,64,-48
106000080,61,110,-49
106000081,15,61,-46
106000082,130,118,12
106000083,2,65,-63
106000084,32,103,-71
106000085,22,68,-46
106000086,18,50,-32
106000087,33,71,-38
106000088,1,85,-84
106000089,35,64,-29
106000090,0,87,-87
106000091,33,52,-19
106000092,0,7,-7
106000093,0,0,0
106000094,10,28,-18
106000095,4,52,-48
106000096,3,54,-51
106000097,40,71,-31
106000098,3,104,-101
106000099,4,99,-95
106000100,3,10,-7
106000101,0,8,-8
106000102,0,43,-43
106000103,2,23,-21
106000104,20,30,-10
106000105,11,21,-10
106000106,39,19,20
106000107,10,16,-6
106000108,19,7,12
106000109,3,20,-17
106000110,5,6,-1
106000111,2,27,-25
106000112,8,6,2
106000113,6,19,-13
106000114,46,8,38
106000115,9,16,-7
106000116,19,13,6
106000117,70,71,-1
106000118,19,20,-1
106000119,130,52,78
106000120,1,0,1
106000121,0,0,0
106000122,2,3,-1
106000123,3,2,1
106000124,2,7,-5
106000125,0,11,-11
106000126,1,2,-1
106000127,3,27,-24
106000128,0,3,-3
106000129,56,56,0
106000130,0,0,0
106000131,4,41,-37
106000132,0,0,0
106000133,139,76,63
106000134,0,0,0
106000135,21,102,-81
106000136,0,0,0
106000137,4,125,-121
106000138,0,0,0
106000139,0,0,0
106000140,3,53,-50
106000141,1,32,-31
106000142,0,0,0
106000143,6,30,-24
106000144,0,0,0
106000145,9,76,-67
106000146,0,0,0
106000147,27,56,-29
106000148,22,50,-28
106000149,27,40,-13
106000150,36,77,-41
106000151,171,49,122
106000152,22,18,4
106000153,4,37,-33
106000154,30,8,22
106000155,1,3,-2
106000156,4,16,-12
106000157,28,132,-104
106000158,106,32,74
106000159,163,76,87
106000160,15,72,-57
106000161,76,45,31
106000162,3,27,-24
106000163,12,54,-42
106000164,10,15,-5
106000165,10,53,-43
106000166,13,19,-6
106000167,9,120,-111
106000168,5,7,-2
106000169,9,51,-42
106000170,6,9,-3
106000171,3,58,-55
106000172,85,40,45
106000173,39,149,-110
106000174,2,23,-21
106000175,3,66,-63
106000176,11,19,-8
106000177,33,160,-127
106000178,29,44,-15
106000179,28,169,-141
106000180,27,226,-199
106000181,8,162,-154
106000182,17,29,-12
106000183,34,51,-17
106000184,28,47,-19
106000185,12,71,-59
106000186,31,5,26
106000187,4,49,-45
106000188,0,1,-1
106000189,0,0,0
106000190,0,0,0
106000191,3,10,-7
106000192,0,1,-1
106000193,11,3,8
106000194,11,21,-10
106000195,2,1,1
106000196,1,13,-12
106000197,4,5,-1
106000198,3,24,-21
106000199,30,22,8
106000200,17,21,-4
106000201,13,11,2
106000202,185,19,166
106000203,5,4,1
106000204,0,0,0
106000205,4,15,-11
106000206,0,0,0
106000207,3,77,-74
106000208,3,1,2
106000209,7,4,3
106000210,2,132,-130
106000211,37,208,-171
106000212,1,0,1
106000213,12,102,-90
106000214,88,4,84
106000215,4,16,-12
106000216,32,9,23
106000217,4,14,-10
106000218,13,19,-6
106000219,5,14,-9
106000220,10,8,2
106000221,4,21,-17
106000222,0,0,0
106000223,0,0,0
106000224,9,35,-26
106000225,0,0,0
106000226,4,35,-31
106000228,1,37,-36
106000229,1,92,-91
106000231,5,1,4
106000232,3,53,-50
106000233,2,1,1
106000234,4,20,-16
106000235,0,1,-1
106000236,2,3,-1
106000237,0,0,0
106000238,0,0,0
106000239,0,6,-6
106000240,0,0,0
106000241,2,71,-69
106000242,2,0,2
106000249,0,0,0
106000250,0,32,-32
106000251,0,0,0
106000252,1,5,-4
106000253,0,0,0
106000254,1,3,-2
106000255,0,0,0
106000256,6,4,2
106000257,4,17,-13
106000258,0,0,0
106000259,0,2,-2
106000260,0,0,0
106000261,0,9,-9
106000262,0,0,0
106000263,0,3,-3
106000264,0,0,0
106000265,0,5,-5
106000266,0,0,0
106000267,0,10,-10
106000268,0,0,0
106000269,1,4,-3
106000270,4,42,-38
106000271,0,0,0
106000272,1,2,-1
106000273,0,0,0
106000274,5,1,4
106000275,0,0,0
106000276,2,1,1
106000277,0,0,0
106000278,2,1,1
106000279,0,0,0
106000280,0,2,-2
106000281,7,5,2
106000282,3,2,1
106000283,1,3,-2
106000284,2,5,-3
106000285,2,3,-1
106000286,1,5,-4
106000287,2,0,2
106000288,1,9,-8
106000289,1,3,-2
106000290,4,3,1
106000291,4,1,3
106000292,1,4,-3
106000293,0,4,-4
106000294,2,6,-4
106000295,1,0,1
106000296,0,10,-10
106000297,4,7,-3
106000298,7,2,5
106000299,3,1,2
106000300,0,12,-12
106000301,4,15,-11
106000303,0,0,0
106000304,2,0,2
106000305,0,0,0
106000306,2,0,2
106000307,0,0,0
106000308,0,3,-3
106000309,1,2,-1
106000310,8,41,-33
106000311,5,2,3
106000312,17,11,6
106000313,2,2,0
106000318,4,11,-7
106000319,29,0,29
106000320,0,0,0
106000321,0,0,0
106000322,5,13,-8
106000324,0,0,0
106000325,38,20,18
106000326,104,244,-140
106000327,0,0,0
106000328,0,0,0
106000329,1,5,-4
106000330,0,14,-14
106000428,11,11,0
106000429,12,21,-9
106000430,32,123,-91
106000431,32,21,11
106000432,125,262,-137
106000433,125,29,96
106000434,70,21,49
106000435,190,352,-162
106000436,4,25,-21
106000437,0,0,0
106000438,0,0,0
106000439,6,21,-15
106000440,6,6,0
106000441,0,0,0
106000442,0,0,0
106000443,2,7,-5
106000450,1,19,-18
106000451,0,0,0
106000454,0,5,-5
106000455,1,31,-30
106000456,0,0,0
106000457,3,95,-92
106000458,0,0,0
106000459,5,36,-31
106000460,0,0,0
106000461,4,125,-121
106000462,0,2,-2
106000463,0,0,0
106000464,1,29,-28
106000465,0,0,0
106000466,0,57,-57
106000467,43,43,0
106000468,0,0,0
106000469,0,0,0
106000470,12,35,-23
106000471,2,29,-27
106000472,0,0,0
106000473,0,0,0
106000474,82,118,-36
106000475,31,13,18
106000476,2,7,-5
106000477,8,35,-27
106000480,1,18,-17
106900001,0,1,-1
106900002,0,0,0
106900003,0,0,0
106900004,0,0,0
106900006,0,0,0
106900007,0,1,-1
106900008,0,0,0
106900009,0,0,0
106900010,0,0,0
106900012,0,0,0
106900013,0,0,0
106900014,0,0,0
106900015,0,0,0
106900016,0,0,0
106900017,0,0,0
106900018,0,0,0
106900019,0,0,0
106900020,0,0,0
106900021,0,0,0
106900022,0,0,0
106900023,0,0,0
106900024,0,0,0
106900025,0,0,0
106900026,0,0,0
106900027,0,0,0
106900028,0,0,0
106900029,0,0,0
106900030,0,0,0
107000001,117,165,-48
107000002,444,602,-158
107000003,208,246,-38
107000004,515,649,-134
107000005,56,143,-87
107000006,422,672,-250
107000007,195,241,-46
107000008,1851,1760,91
107000009,121,203,-82
107000010,2006,1229,777
107000011,102,110,-8
107000012,202,249,-47
107000013,7,48,-41
107000014,9,67,-58
107000015,25,169,-144
107000016,29,165,-136
107000017,204,41,163
107000018,0,37,-37
107000020,54,14,40
107000021,71,65,6
107000022,36,70,-34
107000023,60,40,20
107000024,23,166,-143
107000025,10,25,-15
107000026,9,60,-51
107000027,80,41,39
107000028,65,69,-4
107000029,86,72,14
107000030,107,216,-109
107000031,68,95,-27
107000032,2,9,-7
107000033,120,318,-198
107000034,140,103,37
107000035,3,0,3
107000036,18,48,-30
107000037,1,3,-2
107000038,21,36,-15
107000039,0,0,0
107000040,5,38,-33
107000041,38,24,14
107000042,63,152,-89
107000043,70,24,46
107000044,28,62,-34
107000045,6,33,-27
107000046,8,13,-5
107000047,33,95,-62
107000048,26,25,1
107000049,9,104,-95
107000050,13,18,-5
107000051,31,46,-15
107000052,55,15,40
107000053,3,10,-7
107000054,10,34,-24
107000055,50,10,40
107000056,31,179,-148
107000057,61,25,36
107000058,0,0,0
107000059,100,403,-303
107000060,13,12,1
107000061,399,398,1
107000062,2,9,-7
107000063,285,545,-260
107000064,9,21,-12
107000065,320,547,-227
107000066,4,11,-7
107000067,6,11,-5
107000068,0,0,0
107000069,0,0,0
107000070,0,0,0
107000071,0,0,0
107000072,1,288,-287
107000073,0,0,0
107000074,13,73,-60
107000075,0,0,0
107000076,34,278,-244
107000077,0,0,0
107000078,52,305,-253
107000079,0,0,0
107000080,59,263,-204
107000081,2,0,2
107000082,32,293,-261
107000083,2,0,2
107000084,47,209,-162
107000085,131,141,-10
107000086,132,246,-114
107000087,101,78,23
107000088,134,201,-67
107000089,41,30,11
107000090,86,107,-21
107000091,25,21,4
107000092,156,147,9
107000093,34,75,-41
107000094,40,99,-59
107000095,0,0,0
107000096,66,132,-66
107000097,0,0,0
107000098,42,137,-95
107000099,0,0,0
107000100,19,56,-37
107000101,0,0,0
107000102,47,87,-40
107000103,0,0,0
107000104,26,55,-29
107000105,5,0,5
107000106,15,69,-54
107000107,6,0,6
107000108,11,113,-102
107000109,0,0,0
107000110,2,53,-51
107000111,0,0,0
107000112,1,52,-51
107000113,0,0,0
107000114,5,84,-79
107000115,0,0,0
107000116,1,60,-59
107000117,0,0,0
107000118,7,29,-22
107000119,59,20,39
107000120,89,77,12
107000121,21,2,19
107000122,61,95,-34
107000123,8,8,0
107000124,17,149,-132
107000125,16,8,8
107000126,35,156,-121
107000129,14,108,-94
107000130,0,0,0
107000131,21,75,-54
107000132,0,0,0
107000133,3,2,1
107000134,1,0,1
107000135,0,2,-2
107000136,3,0,3
107000137,0,1,-1
107000138,3,1,2
107000139,0,11,-11
107000140,25,2,23
107000141,4,10,-6
107000142,1,2,-1
107000143,0,18,-18
107000144,4,1,3
107000145,3,7,-4
107000146,2,0,2
107000147,135,10,125
107000150,10,11,-1
107000151,0,0,0
107000152,1,13,-12
107000153,4,6,-2
107000154,2,1,1
107000155,12,0,12
107000156,20,0,20
107000157,0,63,-63
107000158,8,0,8
107000159,0,22,-22
107000160,9,1,8
107000161,0,31,-31
107000162,3,3,0
107000163,0,0,0
107000164,0,0,0
107000165,0,0,0
107000166,3,84,-81
107000167,5,6,-1
107000168,21,8,13
107000169,23,85,-62
107000170,7,5,2
107000171,11,190,-179
107000172,5,10,-5
107000173,29,95,-66
107000174,22,47,-25
107000175,233,120,113
107000176,0,0,0
107000177,0,0,0
107000178,0,0,0
107000179,15,223,-208
107000180,0,0,0
107000181,31,110,-79
107000182,0,17,-17
107000183,5,137,-132
107000184,2,25,-23
107000185,7,116,-109
107000186,0,0,0
107000187,8,8,0
107000188,17,17,0
107000189,7,18,-11
107000190,36,41,-5
107000191,3,11,-8
107000192,77,42,35
107000193,0,1,-1
107000194,64,36,28
107000197,0,0,0
107000198,24,72,-48
107000199,46,55,-9
107000200,0,0,0
107000201,22,24,-2
107000202,0,0,0
107000203,82,29,53
107000204,4,1,3
107000205,174,72,102
107000206,0,0,0
107000207,8,7,1
107000208,7,7,0
107000209,7,1,6
107000210,34,7,27
107000211,0,0,0
107000212,0,20,-20
107000213,0,0,0
107000214,0,8,-8
107000215,1,1,0
107000216,0,2,-2
107000217,4,1,3
107000219,1,0,1
107000220,2,15,-13
107000222,11,43,-32
107000224,0,0,0
107000225,3,19,-16
107000226,0,0,0
107000227,3,16,-13
107000228,2,20,-18
107000229,2,1,1
107000230,95,62,33
107000231,5,6,-1
107000232,0,0,0
107000233,5,15,-10
107000234,0,0,0
107000235,0,0,0
107000236,5,114,-109
107000237,0,0,0
107000238,0,1,-1
107000239,6,1,5
107000240,1,61,-60
107000243,0,20,-20
107000244,0,21,-21
107000246,1,135,-134
107000249,1,62,-61
107000251,0,4,-4
107000252,0,63,-63
107000255,22,4,18
107000257,0,16,-16
107000258,0,4,-4
107000259,0,6,-6
107000260,0,0,0
107000262,0,36,-36
107000263,0,0,0
107000266,0,0,0
107000267,2,2,0
107000268,3,2,1
107000269,0,0,0
107000270,0,0,0
107000271,0,39,-39
107000272,1,25,-24
107000273,0,5,-5
107000274,0,0,0
107000275,7,22,-15
107000280,19,0,19
107000281,0,16,-16
107000282,0,53,-53
107000290,0,7,-7
107000291,0,0,0
107000292,0,3,-3
107000293,0,0,0
107000294,0,7,-7
107000295,0,0,0
107000296,0,0,0
107000444,2,0,2
107000496,0,0,0
107000497,86,243,-157
107000500,0,0,0
107000501,0,0,0
107000502,0,0,0
107000505,19,79,-60
107000506,0,0,0
107000508,0,63,-63
107000509,1,4,-3
107000510,0,0,0
107000514,0,3,-3
107000515,0,3,-3
107000516,0,0,0
107000518,0,0,0
107000519,52,183,-131
107000520,0,0,0
107000521,38,68,-30
107000522,0,16,-16
107900001,0,7,-7
107900002,0,0,0
107900003,3,1,2
107900004,0,0,0
107900005,8,0,8
107900006,0,0,0
107900007,0,0,0
107900008,2,0,2
107900009,0,0,0
107900010,0,0,0
107900012,1,0,1
107900013,2,0,2
107900014,0,0,0
107900015,31,0,31
107900016,0,0,0
107900017,0,0,0
107900018,0,1,-1
107900019,0,12,-12
107900020,0,0,0
107900021,0,7,-7
107900023,0,0,0
107900024,0,0,0
107900025,2,0,2
107900026,0,3,-3
107900027,0,0,0
107900028,0,7,-7
107900030,0,1,-1
107900031,10,20,-10
107900032,0,0,0
107900033,0,1,-1
107900034,11,2,9
107900035,6,0,6
107900036,0,0,0
107900037,0,0,0
107900038,1,2,-1
107900039,0,1,-1
107900040,0,0,0
107900041,0,0,0
107900043,0,7,-7
107900044,0,0,0
107900045,2,0,2
107900046,8,0,8
107900047,0,0,0
107900048,3,0,3
107900049,4,9,-5
107900050,2,4,-2
107900051,0,4,-4
107900052,0,0,0
107900053,0,0,0
107900055,3,5,-2
107900056,0,0,0
107900057,0,0,0
107900058,0,5,-5
107900060,0,0,0
107900061,0,0,0
107900063,0,3,-3
107900064,12,0,12
107900065,2,0,2
107900066,0,0,0
107900067,0,0,0
107900068,1,0,1
107900069,0,2,-2
107900070,0,0,0
107900071,0,10,-10
107900072,0,8,-8
107900073,0,0,0
107900074,0,0,0
107900076,1,1,0
107900077,0,0,0
107900079,0,2,-2
107900080,4,2,2
107900081,0,0,0
107900082,0,0,0
107900083,28,0,28
107900084,0,1,-1
107900086,1,2,-1
107900087,11,1,10
107900088,0,0,0
107900089,7,5,2
107900090,27,32,-5
107900091,1,7,-6
107900093,0,0,0
107900095,24,14,10
107900097,0,1,-1
107900098,0,0,0
107900100,28,21,7
107900101,31,2,29
107900102,0,0,0
107900103,2,3,-1
107900104,0,0,0
107900105,0,21,-21
107900106,0,58,-58
107900107,15,12,3
107900108,4,1,3
107900109,0,0,0
107900110,0,1,-1
107900111,1,48,-47
107900112,1,14,-13
107900113,0,0,0
107900114,0,12,-12
107900115,0,0,0
107900116,0,16,-16
107900117,3,14,-11
107900118,0,7,-7
107900119,1,4,-3
107900120,0,0,0
107900121,0,0,0
107900122,0,0,0
107900123,0,1,-1
107900124,0,0,0
107900125,0,6,-6
107900126,0,2,-2
107900127,5,4,1
107900128,0,3,-3
107900129,1,0,1
107900130,0,0,0
107900131,8,6,2
107900132,1,8,-7
107900133,0,3,-3
107900134,0,0,0
107900135,0,9,-9
107900136,2,1,1
107900137,1,0,1
107900138,0,1,-1
107900139,0,0,0
107900141,1,1,0
107900142,2,18,-16
107900143,1,1,0
107900144,0,10,-10
107900145,1,1,0
107900146,0,1,-1
107900147,1,0,1
107900148,14,10,4
107900149,55,4,51
107900150,0,25,-25
107900151,0,11,-11
107900152,0,3,-3
107900153,0,5,-5
107900154,0,0,0
107900155,0,0,0
107900156,0,3,-3
107900157,1,8,-7
107900158,16,3,13
107900159,2,31,-29
107900160,0,13,-13
107900161,0,16,-16
107900162,1,1,0
107900163,0,0,0
107900164,0,2,-2
107900165,4,1,3
107900166,0,22,-22
107900167,0,0,0
107900168,0,0,0
107900169,0,6,-6
107900171,0,88,-88
107900172,0,5,-5
107900173,0,14,-14
107900174,6,0,6
107900175,0,0,0
107900176,0,0,0
107900177,0,2,-2
107900178,0,1,-1
107900179,0,7,-7
107900180,4,1,3
107900181,28,19,9
107900182,0,46,-46
107900183,0,21,-21
107900184,0,0,0
107900185,0,0,0
107900186,1,1,0
107900187,0,14,-14
107900188,3,0,3
107900189,0,3,-3
107900190,1,0,1
107900191,0,4,-4
107900193,1,23,-22
107900194,4,0,4
107900195,75,4,71
107900196,0,0,0
107900197,4,1,3
107900199,0,60,-60
107900201,1,10,-9
107900203,1,3,-2
107900204,17,30,-13
107900206,3,2,1
107900207,0,24,-24
107900208,1,22,-21
107900209,11,2,9
107900210,2,3,-1
107900213,7,8,-1
107900214,1,6,-5
107900215,3,14,-11
107900216,0,0,0
107900217,0,0,0
107900218,0,32,-32
107900219,0,1,-1
107900220,4,6,-2
107900221,30,7,23
107900223,0,0,0
107900224,3,11,-8
107900225,0,13,-13
107900226,0,4,-4
107900227,4,9,-5
107900228,0,4,-4
107900229,0,15,-15
107900230,1,1,0
107900231,0,0,0
107900232,0,17,-17
107900233,1,16,-15
107900234,8,8,0
107900235,0,2,-2
107900236,0,12,-12
107900237,0,27,-27
107900238,0,0,0
107900239,21,14,7
107900240,0,11,-11
107900241,0,1,-1
107900242,0,28,-28
107900243,0,3,-3
107900244,0,0,0
107900245,1,0,1
107900246,0,0,0
107900248,0,5,-5
107900249,0,0,0
107900250,0,10,-10
107900251,0,31,-31
107900252,0,0,0
107900253,0,0,0
107900254,0,4,-4
107900255,9,0,9
107900256,4,10,-6
107900257,0,4,-4
107900258,0,3,-3
107900259,0,4,-4
107900261,0,11,-11
107900262,0,0,0
107900264,0,0,0
107900265,0,5,-5
107900267,1,0,1
107900268,0,0,0
107900269,0,0,0
107900270,0,0,0
107900271,0,0,0
107900272,0,0,0
107900273,0,2,-2
107900274,0,0,0
107900275,0,0,0
107900276,0,1,-1
107900277,0,21,-21
107900278,0,15,-15
107900279,7,2,5
107900280,0,8,-8
107900281,36,26,10
107900282,1,35,-34
107900283,5,3,2
107900284,2,32,-30
107900285,0,4,-4
107900286,0,1,-1
107900287,1,8,-7
107900290,0,6,-6
107900291,1,0,1
107900292,3,6,-3
107900293,1,13,-12
107900295,1,3,-2
107900297,0,15,-15
107900298,12,20,-8
107900299,138,56,82
107900301,4,6,-2
107900302,1,0,1
107900303,0,15,-15
107900304,3,22,-19
107900305,1,0,1
107900306,0,0,0
107900307,2,34,-32
107900308,11,1,10
107900309,0,0,0
107900310,0,0,0
107900311,1,3,-2
107900312,0,0,0
107900313,0,1,-1
107900314,0,3,-3
107900315,0,1,-1
107900316,0,0,0
107900317,0,0,0
107900318,2,1,1
107900319,0,3,-3
107900320,0,6,-6
107900321,1,0,1
107900322,0,4,-4
107900323,1,7,-6
107900324,0,0,0
107900325,1,0,1
107900326,1,23,-22
107900327,0,0,0
107900328,0,0,0
107900329,0,0,0
107900330,0,9,-9
107900331,0,0,0
107900332,1,1,0
107900333,2,0,2
107900334,0,13,-13
107900335,5,2,3
107900336,0,0,0
107900337,30,7,23
107900338,0,7,-7
107900339,0,1,-1
107900340,1,6,-5
107900341,0,0,0
107900342,0,8,-8
107900343,2,0,2
107900344,2,5,-3
107900345,0,0,0
107900346,0,0,0
107900347,0,0,0
107900348,0,0,0
107900349,0,0,0
107900350,3,10,-7
107900351,0,6,-6
107900352,0,8,-8
107900353,2,0,2
107900354,0,1,-1
108000001,146,106,40
108000002,369,664,-295
108000003,163,102,61
108000004,1825,2618,-793
108000005,137,91,46
108000006,413,933,-520
108000007,224,142,82
108000008,518,889,-371
108000009,93,191,-98
108000010,276,836,-560
108000011,451,294,157
108000012,1573,2021,-448
108000014,8,8,0
108000015,3,11,-8
108000016,25,102,-77
108000017,3,6,-3
108000018,0,13,-13
108000019,0,28,-28
108000020,0,0,0
108000021,39,256,-217
108000022,27,162,-135
108000023,0,0,0
108000024,7,40,-33
108000025,2,18,-16
108000026,5,21,-16
108000027,8,78,-70
108000028,3,20,-17
108000029,8,102,-94
108000030,2,20,-18
108000031,3,83,-80
108000032,0,0,0
108000033,61,160,-99
108000034,0,0,0
108000035,49,386,-337
108000036,20,196,-176
108000037,29,13,16
108000038,37,4,33
108000039,42,279,-237
108000040,15,10,5
108000041,76,324,-248
108000042,1,19,-18
108000043,3,33,-30
108000044,0,13,-13
108000045,6,123,-117
108000046,0,0,0
108000047,37,169,-132
108000048,10,93,-83
108000049,16,14,2
108000050,1,47,-46
108000051,10,2,8
108000052,38,56,-18
108000053,31,10,21
108000054,9,60,-51
108000055,6,7,-1
108000056,88,95,-7
108000057,2,26,-24
108000058,9,61,-52
108000059,237,160,77
108000060,0,8,-8
108000061,17,43,-26
108000062,11,9,2
108000063,11,41,-30
108000064,0,0,0
108000065,54,52,2
108000066,53,10,43
108000067,23,13,10
108000068,0,0,0
108000069,29,179,-150
108000070,0,0,0
108000071,28,241,-213
108000072,0,0,0
108000073,61,208,-147
108000074,0,0,0
108000075,16,105,-89
108000076,0,0,0
108000077,69,131,-62
108000078,2,2,0
108000079,148,205,-57
108000080,6,0,6
108000081,28,307,-279
108000082,84,141,-57
108000083,0,0,0
108000084,38,134,-96
108000085,0,2,-2
108000086,36,73,-37
108000087,0,7,-7
108000088,13,0,13
108000089,3,3,0
108000091,10,117,-107
108000092,0,1,-1
108000093,15,90,-75
108000094,0,0,0
108000095,18,66,-48
108000096,0,0,0
108000097,13,117,-104
108000098,7,24,-17
108000099,14,3,11
108000100,1,5,-4
108000101,0,0,0
108000102,20,84,-64
108000106,0,0,0
108000107,0,58,-58
108000108,0,0,0
108000109,0,64,-64
108000110,2,15,-13
108000111,23,175,-152
108000112,0,0,0
108000113,6,8,-2
108000115,13,8,5
108000117,9,32,-23
108000118,2,39,-37
108000119,18,81,-63
108000120,2,32,-30
108000121,2,80,-78
108000122,19,33,-14
108000123,3,0,3
108000124,6,113,-107
108000125,0,0,0
108000126,10,88,-78
108000127,1,0,1
108000128,16,115,-99
108000129,6,249,-243
108000130,0,0,0
108000131,1,0,1
108000132,59,98,-39
108000133,0,0,0
108000134,20,164,-144
108000135,4,2,2
108000136,16,214,-198
108000137,0,0,0
108000138,16,17,-1
108000139,0,1,-1
108000140,24,0,24
108000141,4,8,-4
108000142,14,15,-1
108000143,7,23,-16
108000144,3,3,0
108000145,3,13,-10
108000146,8,0,8
108000147,0,9,-9
108000148,1,0,1
108000149,1,4,-3
108000150,2,1,1
108000151,5,0,5
108000152,3,10,-7
108000153,0,6,-6
108000154,2,4,-2
108000155,0,2,-2
108000156,20,7,13
108000157,4,5,-1
108000158,15,23,-8
108000159,5,1,4
108000160,91,47,44
108000161,52,53,-1
108000165,0,0,0
108000172,0,0,0
108000173,51,4,47
108000175,0,24,-24
108000178,39,41,-2
108000179,0,0,0
108000181,1,1,0
108000182,1,1,0
108000183,1,6,-5
108000184,10,74,-64
108000185,0,44,-44
108000186,0,12,-12
108000187,1,17,-16
108000188,3,1,2
108000189,3,29,-26
108000190,2,14,-12
108000192,3,57,-54
108000193,96,2,94
108000194,0,0,0
108000195,0,199,-199
108000196,0,8,-8
108000198,17,14,3
108000199,0,23,-23
108000200,2,11,-9
108000203,0,50,-50
108000204,7,0,7
108000205,35,12,23
108000339,9,20,-11
108000364,6,21,-15
108000365,0,16,-16
108000367,0,3,-3
108000368,1,6,-5
108000369,17,5,12
108000371,0,71,-71
108000372,0,0,0
108000373,0,0,0
108000376,8,0,8
108000377,5,0,5
108000378,708,353,355
108000379,2,9,-7
108000381,0,0,0
108000382,0,0,0
108000383,0,9,-9
108900001,5,5,0
108900002,0,0,0
108900003,12,38,-26
108900004,9,5,4
108900007,4,0,4
108900008,0,7,-7
108900009,0,5,-5
108900010,0,1,-1
108900011,0,18,-18
108900012,3,22,-19
108900013,0,9,-9
108900014,0,7,-7
108900015,0,0,0
108900016,0,16,-16
108900017,0,1,-1
108900018,1,11,-10
108900019,0,37,-37
108900020,2,3,-1
108900021,1,2,-1
108900022,0,0,0
108900023,0,0,0
108900024,0,8,-8
108900025,0,0,0
108900026,0,7,-7
108900027,0,7,-7
108900028,0,23,-23
108900029,0,9,-9
108900030,0,7,-7
108900031,0,15,-15
108900032,0,7,-7
108900033,0,4,-4
108900034,0,2,-2
108900035,5,69,-64
108900038,0,6,-6
108900039,0,6,-6
108900040,0,7,-7
108900041,114,25,89
108900042,0,7,-7
108900043,1,15,-14
108900044,0,27,-27
108900045,0,6,-6
108900046,0,10,-10
108900047,0,5,-5
108900048,8,29,-21
108900049,41,10,31
108900050,0,8,-8
108900051,0,6,-6
108900052,0,7,-7
108900053,2,1,1
108900054,0,1,-1
108900055,4,7,-3
108900056,0,10,-10
108900057,0,7,-7
108900058,2,12,-10
108900059,5,0,5
108900060,0,0,0
108900061,0,0,0
108900062,0,20,-20
108900063,0,5,-5
108900064,0,0,0
108900065,0,0,0
108900066,0,0,0
108900067,1,5,-4
108900068,0,2,-2
108900069,0,2,-2
108900070,0,3,-3
108900071,0,0,0
108900072,1,0,1
108900073,2,1,1
108900074,0,3,-3
108900075,0,4,-4
108900076,0,0,0
108900077,4,8,-4
108900078,0,2,-2
108900079,1,2,-1
108900080,0,0,0
108900081,0,9,-9
108900082,0,4,-4
108900083,0,0,0
108900085,17,1,16
108900086,0,3,-3
108900087,0,1,-1
108900088,0,0,0
108900089,0,0,0
108900090,0,3,-3
108900091,1,0,1
108900092,0,1,-1
108900093,0,0,0
108900094,4,2,2
108900095,0,3,-3
108900096,7,0,7
108900097,0,38,-38
108900098,0,0,0
108900099,0,11,-11
108900100,0,4,-4
108900101,0,0,0
108900102,0,1,-1
108900103,0,0,0
108900105,0,0,0
108900106,0,19,-19
108900108,0,0,0
108900109,0,0,0
108900110,0,19,-19
108900111,0,28,-28
108900113,0,0,0
108900114,0,0,0
108900115,0,0,0
108900116,0,0,0
108900117,0,0,0
108900118,0,0,0
108900119,0,0,0
108900120,0,0,0
108900121,0,0,0
108900122,0,0,0
108900123,0,0,0
108900124,0,0,0
108900125,0,0,0
108900126,0,1,-1
108900127,0,0,0
108900128,0,0,0
108900129,0,0,0
108900130,0,0,0
108900131,0,0,0
108900132,0,0,0
108900133,0,0,0
108900134,0,0,0
108900135,0,0,0
108900136,0,0,0
108900137,1,0,1
108900138,0,0,0
108900140,0,0,0
108900141,0,0,0
108900142,0,0,0
108900143,0,0,0
108900144,0,0,0
108900145,0,0,0
108900146,0,0,0
108900147,4,0,4
108900148,0,0,0
108900150,0,0,0
108900151,0,0,0
108900152,0,0,0
108900153,0,9,-9
108900154,0,0,0
108900156,0,0,0
108900157,0,5,-5
108900158,0,0,0
108900159,0,3,-3
108900160,3,11,-8
108900161,0,11,-11
108900162,0,0,0
108900163,0,0,0
108900164,0,2,-2
108900168,76,6,70
108900169,0,1,-1
108900171,34,33,1
108900172,0,0,0
108900173,6,4,2
108900174,0,0,0
108900176,1,6,-5
108900177,212,45,167
108900178,33,9,24
108900180,0,0,0
108900183,1,5,-4
108900184,0,2,-2
108900185,0,3,-3
108900186,1,7,-6
108900189,0,0,0
108900190,0,52,-52
108900192,0,7,-7
108900195,0,10,-10
108900196,0,10,-10
108900199,3,2,1
108900200,9,5,4
108900201,4,41,-37
108900203,0,2,-2
108900204,1,0,1
108900205,1,0,1
108900206,0,0,0
108900207,0,0,0
108900208,3,10,-7
108900209,1,14,-13
108900210,3,1,2
108900211,0,1,-1
108900212,1,5,-4
108900215,4,19,-15
108900216,0,1,-1
108900217,0,0,0
108900218,0,0,0
108900221,0,1,-1
108900224,2,3,-1
108900225,0,3,-3
108900227,0,0,0
108900230,8,1,7
108900232,0,7,-7
108900233,0,0,0
108900234,0,0,0
108900235,0,11,-11
108900236,1,4,-3
108900240,0,0,0
108900241,0,0,0
108900245,0,0,0
108900250,0,9,-9
108900258,0,4,-4
108900259,0,1,-1
108900260,0,0,0
108900261,0,0,0
108900262,0,0,0
108900263,0,0,0
108900264,0,0,0
108900265,0,0,0
108900266,0,0,0
108900267,0,0,0
108900268,0,0,0
108900269,0,0,0
108900270,0,0,0
108900271,0,0,0
108900272,0,0,0
108900273,0,0,0
108900274,0,6,-6
109000001,182,27,155
109000002,496,188,308
109000003,90,28,62
109000004,105,426,-321
109000005,80,31,49
109000006,79,374,-295
109000007,40,21,19
109000008,67,261,-194
109000009,254,50,204
109000010,167,670,-503
109000011,129,70,59
109000012,186,573,-387
109000013,157,64,93
109000014,140,592,-452
109000015,213,162,51
109000016,574,739,-165
109000017,112,66,46
109000018,174,802,-628
109000019,140,64,76
109000020,189,321,-132
109000023,0,0,0
109000024,0,7,-7
109000025,53,12,41
109000026,9,10,-1
109000027,9,22,-13
109000028,1,4,-3
109000029,13,4,9
109000030,0,38,-38
109000031,0,0,0
109000032,7,47,-40
109000033,0,0,0
109000034,0,1,-1
109000035,0,0,0
109000036,6,40,-34
109000037,19,7,12
109000038,69,35,34
109000039,37,5,32
109000040,0,0,0
109000041,262,65,197
109000042,17,70,-53
109000044,0,3,-3
109000045,17,56,-39
109000046,0,2,-2
109000047,15,134,-119
109000048,8,4,4
109000049,33,247,-214
109000050,0,5,-5
109000051,53,95,-42
109000052,8,78,-70
109000053,6,17,-11
109000054,0,20,-20
109000055,5,8,-3
109000056,8,26,-18
109000057,5,16,-11
109000058,29,26,3
109000059,4,51,-47
109000060,3,3,0
109000061,40,23,17
109000062,6,2,4
109000063,8,13,-5
109000064,0,0,0
109000065,1,11,-10
109000066,8,0,8
109000067,2,24,-22
109000068,0,0,0
109000069,0,0,0
109000070,1,73,-72
109000071,37,9,28
109000072,5,21,-16
109000073,7,19,-12
109000074,0,8,-8
109000075,6,90,-84
109000076,1,8,-7
109000077,8,18,-10
109000078,0,4,-4
109000079,5,17,-12
109000080,3,6,-3
109000081,3,25,-22
109000082,1,19,-18
109000083,2,48,-46
109000088,1,18,-17
109000089,4,1,3
109000090,40,20,20
109000091,14,5,9
109000092,12,66,-54
109000093,10,1,9
109000094,0,0,0
109000095,4,37,-33
109000096,17,0,17
109000097,7,4,3
109000098,0,0,0
109000099,14,9,5
109000100,7,66,-59
109000101,19,38,-19
109000102,4,142,-138
109000103,14,15,-1
109000104,44,19,25
109000105,21,207,-186
109000106,43,21,22
109000107,20,234,-214
109000108,16,23,-7
109000109,18,190,-172
109000110,44,29,15
109000111,73,261,-188
109000112,7,8,-1
109000113,11,54,-43
109000114,1,22,-21
109000115,18,7,11
109000116,0,27,-27
109000117,0,10,-10
109000118,0,23,-23
109000119,5,6,-1
109000120,2,84,-82
109000121,3,9,-6
109000122,1,118,-117
109000123,2,3,-1
109000124,10,25,-15
109000125,12,35,-23
109000126,11,121,-110
109000127,10,22,-12
109000128,9,204,-195
109000129,3,15,-12
109000130,41,255,-214
109000131,25,9,16
109000132,30,135,-105
109000133,5,137,-132
109000134,47,290,-243
109000135,86,162,-76
109000136,0,3,-3
109000137,11,5,6
109000138,3,7,-4
109000139,7,31,-24
109000140,2,5,-3
109000141,4,21,-17
109000142,6,18,-12
109000143,13,1,12
109000145,16,2,14
109000146,0,0,0
109000148,221,14,207
109000149,2,2,0
109000150,0,0,0
109000155,12,55,-43
109000156,42,30,12
109000158,0,29,-29
109000159,4,16,-12
109000160,41,29,12
109000161,1,74,-73
109000162,61,95,-34
109000163,18,48,-30
109000164,58,154,-96
109000165,4,28,-24
109000166,33,13,20
109000167,4,57,-53
109000170,0,0,0
109000171,1,0,1
109000172,0,0,0
109000173,2,2,0
109000174,0,0,0
109000175,0,0,0
109000176,12,15,-3
109000177,0,0,0
109000178,3,5,-2
109000179,252,46,206
109000180,272,76,196
109000181,0,1,-1
109000182,3,0,3
109000183,0,0,0
109000184,1,0,1
109000185,0,0,0
109000188,1,37,-36
109000189,20,45,-25
109000190,28,78,-50
109000191,0,0,0
109000192,2,4,-2
109000193,1,36,-35
109000194,0,1,-1
109000195,6,26,-20
109000196,1,7,-6
109000197,2,36,-34
109000198,0,6,-6
109000199,3,25,-22
109000206,11,2,9
109000207,2,2,0
109000208,4,0,4
109000209,1,7,-6
109000210,9,16,-7
109000211,2,7,-5
109000214,0,29,-29
109000215,0,0,0
109000216,5,18,-13
109000217,4,3,1
109000218,25,8,17
109000221,4,51,-47
109000222,9,0,9
109000223,18,13,5
109000224,2,1,1
109000225,0,3,-3
109000226,1,15,-14
109000227,34,26,8
109000228,0,18,-18
109000231,0,36,-36
109000232,8,60,-52
109000236,5,117,-112
109000241,46,91,-45
109000242,15,10,5
109000293,0,3,-3
109000361,1,14,-13
109000364,1,10,-9
109000396,0,76,-76
109000397,1,0,1
109000399,7,27,-20
109000400,2,28,-26
109000403,0,7,-7
109000406,12,1,11
109000407,3,2,1
109000408,0,29,-29
109000410,50,26,24
109000411,0,0,0
109000412,0,10,-10
109900001,0,0,0
109900002,0,0,0
109900003,0,0,0
109900005,0,0,0
109900006,0,9,-9
109900007,0,29,-29
109900008,0,1,-1
109900009,4,33,-29
109900010,0,0,0
109900011,4,7,-3
109900012,2,8,-6
109900013,4,4,0
109900014,9,2,7
109900015,0,5,-5
109900016,0,2,-2
109900017,2,0,2
109900018,0,8,-8
109900019,8,1,7
109900020,1,0,1
109900021,0,0,0
109900022,0,7,-7
109900023,0,0,0
109900024,0,0,0
109900025,0,1,-1
109900027,0,0,0
109900028,33,2,31
109900029,0,4,-4
109900030,0,0,0
109900031,0,1,-1
109900032,0,16,-16
109900033,0,0,0
109900034,0,0,0
109900035,0,1,-1
109900036,0,0,0
109900037,0,24,-24
109900038,0,0,0
109900039,0,0,0
109900040,0,24,-24
109900041,0,17,-17
109900042,0,15,-15
109900044,0,6,-6
109900045,0,0,0
109900046,1,0,1
109900047,1,3,-2
109900048,0,2,-2
109900049,0,0,0
109900050,0,28,-28
109900051,0,0,0
109900052,0,3,-3
109900053,0,27,-27
109900054,0,0,0
109900055,1,6,-5
109900056,0,0,0
109900057,0,9,-9
109900058,0,3,-3
109900060,0,0,0
109900061,4,8,-4
109900062,0,6,-6
109900064,0,0,0
109900065,0,6,-6
109900066,2,42,-40
109900067,0,12,-12
109900068,0,0,0
109900069,0,1,-1
109900071,0,4,-4
109900072,0,5,-5
109900073,0,0,0
109900074,0,2,-2
109900075,0,0,0
109900076,1,29,-28
109900077,0,3,-3
109900078,0,3,-3
109900080,2,16,-14
109900081,0,1,-1
109900082,1,19,-18
109900083,1,2,-1
109900084,1,4,-3
109900085,0,26,-26
109900086,0,0,0
109900087,1,1,0
109900089,0,0,0
109900092,0,0,0
109900093,0,0,0
109900094,0,4,-4
109900095,0,5,-5
109900096,0,0,0
109900097,0,0,0
109900098,0,0,0
109900099,0,0,0
109900100,0,0,0
109900101,0,0,0
109900102,0,0,0
109900103,1,0,1
109900104,0,69,-69
109900105,0,0,0
109900106,0,0,0
109900107,0,0,0
109900108,1,25,-24
109900109,3,6,-3
109900111,0,25,-25
109900114,0,0,0
109900115,0,0,0
109900117,0,0,0
109900121,2,0,2
109900123,0,0,0
109900125,0,2,-2
109900126,0,2,-2
109900130,160,1,159
109900131,0,0,0
109900132,0,0,0
109900134,0,0,0
109900135,3,0,3
109900137,0,0,0
109900140,0,11,-11
109900149,0,2,-2
109900150,0,1,-1
109900151,0,0,0
109900152,0,0,0
109900153,0,0,0
109900154,0,0,0
109900155,0,1,-1
109900157,1,6,-5
109900159,2,6,-4
109900161,2,1,1
109900162,0,4,-4
109900163,11,3,8
109900164,3,14,-11
109900165,1,0,1
109900166,0,3,-3
109900167,0,48,-48
109900168,3,24,-21
109900169,2,22,-20
109900170,4,11,-7
109900171,0,4,-4
109900172,1,10,-9
109900173,112,24,88
109900174,5,7,-2
109900175,5,4,1
109900176,6,13,-7
109900177,3,17,-14
109900178,0,4,-4
109900179,0,0,0
109900180,0,0,0
110000001,47,127,-80
110000002,30,37,-7
110000003,422,190,232
110000004,109,44,65
110000005,194,39,155
110000006,37,43,-6
110000007,1,5,-4
110000008,0,5,-5
110000009,0,0,0
110000010,0,9,-9
110000011,0,2,-2
110000012,109,91,18
110000013,0,8,-8
110000014,26,12,14
110000015,1,5,-4
110000016,22,21,1
110000017,20,5,15
110000018,77,14,63
110000019,0,14,-14
110000020,13,15,-2
110000021,9,3,6
110000022,5,1,4
110000023,0,16,-16
110000024,43,102,-59
110000025,5,0,5
110000026,0,31,-31
110000027,37,16,21
110000028,3,13,-10
110000029,21,88,-67
110000030,2,4,-2
110000031,18,72,-54
110000032,2,1,1
110000033,1,4,-3
110000034,30,53,-23
110000035,4,6,-2
110000036,16,36,-20
110000037,1,14,-13
110000038,12,32,-20
110000039,15,23,-8
110000040,11,18,-7
110000041,0,0,0
110000042,3,23,-20
110000043,0,0,0
110000044,0,2,-2
110000045,0,0,0
110000046,0,0,0
110000047,0,0,0
110000048,0,1,-1
110000049,0,0,0
110000050,1,0,1
110000051,0,0,0
110000052,0,0,0
110000053,0,0,0
110000054,0,7,-7
110000055,0,0,0
110000056,0,0,0
110000057,33,132,-99
110000058,15,8,7
110000059,57,142,-85
110000060,25,46,-21
110000061,145,197,-52
110000062,64,86,-22
110000063,24,2,22
110000064,0,0,0
110000065,3,8,-5
110000066,1,4,-3
110000067,0,0,0
110000068,0,0,0
110000069,1,4,-3
110000071,0,13,-13
110000073,0,1,-1
110000075,0,14,-14
110000076,10,2,8
110000077,13,6,7
110000078,0,5,-5
110000080,16,99,-83
110000081,2,20,-18
110000082,2,19,-17
110000083,10,95,-85
110000084,10,37,-27
110000085,225,123,102
110000086,28,76,-48
110000087,0,14,-14
110000088,0,56,-56
110000089,3,8,-5
110000090,2,21,-19
110000091,88,26,62
110000092,0,0,0
110000093,52,0,52
110000094,19,63,-44
110000095,5,42,-37
110000096,265,176,89
110000097,58,38,20
110000098,30,31,-1
110000099,45,104,-59
110000100,1,22,-21
110000101,1,27,-26
110000102,3,0,3
110000104,7,0,7
110000105,1,12,-11
110000106,4,5,-1
110000107,4,9,-5
110000108,23,0,23
110000109,15,86,-71
110000110,294,23,271
110000111,518,128,390
110000112,39,11,28
110000113,8,18,-10
110000114,3,12,-9
110000115,1,10,-9
110000116,3,3,0
110000117,2,44,-42
110000118,26,6,20
110000119,1,22,-21
110000120,10,4,6
110000121,2,21,-19
110000122,9,51,-42
110000123,1,11,-10
110000124,0,76,-76
110000125,0,0,0
110000126,0,0,0
110000127,0,0,0
110000128,0,134,-134
110000129,1,66,-65
110000130,0,0,0
110000131,6,108,-102
110000132,0,99,-99
110000133,0,13,-13
110000134,15,29,-14
110000135,0,0,0
110000136,1,23,-22
110000137,1,5,-4
110000138,12,48,-36
110000139,10,17,-7
110000140,0,0,0
110000143,5,18,-13
110000144,245,93,152
110000145,78,37,41
110000146,147,49,98
110000147,13,51,-38
110000148,0,0,0
110000151,12,10,2
110000152,27,15,12
110000153,0,4,-4
110000154,1,1,0
110000155,154,216,-62
110000156,22,147,-125
110000157,78,236,-158
110000160,17,17,0
110000161,22,14,8
110000166,1,2,-1
110000167,16,31,-15
110000168,45,11,34
110000169,3,6,-3
110000170,2,2,0
110000171,13,3,10
110000172,10,113,-103
110000173,85,117,-32
110000174,2,72,-70
110000175,0,0,0
110000176,0,0,0
110000177,4,20,-16
110000178,96,29,67
110000179,45,27,18
110000180,3,19,-16
110000181,2,25,-23
110000182,34,61,-27
110000183,240,168,72
110000184,54,62,-8
110000185,43,93,-50
110000186,37,38,-1
110000191,1,28,-27
110000192,2,0,2
110000193,7,0,7
110000194,0,67,-67
110000195,2,10,-8
110000196,5,22,-17
110000197,0,1,-1
110000198,5,3,2
110000199,2,8,-6
110000200,28,40,-12
110000201,11,17,-6
110000202,22,24,-2
110000203,18,57,-39
110000204,0,17,-17
110000205,0,5,-5
110000206,20,82,-62
110000207,8,33,-25
110000208,1,4,-3
110000209,8,72,-64
110000210,0,0,0
110000211,0,0,0
110000212,25,21,4
110000213,0,1,-1
110000214,1,0,1
110000215,1,27,-26
110000216,2,52,-50
110000217,1,9,-8
110000218,1,23,-22
110000219,1,1,0
110000220,1,28,-27
110000221,1,1,0
110000222,3,17,-14
110000223,0,0,0
110000224,0,0,0
110000225,8,38,-30
110000226,0,1,-1
110000227,9,20,-11
110000228,1,1,0
110000229,1,22,-21
110000230,4,27,-23
110000231,0,9,-9
110000232,1,20,-19
110000233,0,8,-8
110000234,1,45,-44
110000235,5,30,-25
110000236,66,170,-104
110000237,106,94,12
110000238,10,44,-34
110000239,53,142,-89
110000240,0,8,-8
110000242,0,4,-4
110000243,1,7,-6
110000244,1,33,-32
110000245,1,53,-52
110000246,1,31,-30
110000247,38,99,-61
110000248,3,37,-34
110000249,0,0,0
110000250,0,1,-1
110000251,2,11,-9
110000252,7,9,-2
110000253,11,3,8
110000254,38,81,-43
110000255,5,87,-82
110000256,3,0,3
110000257,41,53,-12
110000258,0,16,-16
110000259,4,1,3
110000260,0,16,-16
110000263,7,7,0
110000264,5,22,-17
110000265,165,98,67
110000266,85,88,-3
110000267,1,10,-9
110000268,3,11,-8
110000269,0,7,-7
110000270,0,0,0
110000271,2,0,2
110000272,31,152,-121
110000273,57,143,-86
110000274,4,47,-43
110000275,127,28,99
110000276,19,26,-7
110000277,1,16,-15
110000278,21,44,-23
110000279,2,25,-23
110000280,0,9,-9
110000281,2,20,-18
110000282,0,1,-1
110000283,0,2,-2
110000284,1,1,0
110000285,0,24,-24
110000286,0,0,0
110000287,0,0,0
110000288,0,9,-9
110000289,4,112,-108
110000290,43,93,-50
110000291,56,113,-57
110000292,63,138,-75
110000293,2,80,-78
110000294,33,102,-69
110000295,3,48,-45
110000296,3,63,-60
110000297,47,61,-14
110000298,11,28,-17
110000299,0,0,0
110000301,0,0,0
110000302,3,59,-56
110000303,0,0,0
110000304,6,24,-18
110000305,4,1,3
110000306,4,169,-165
110000307,5,0,5
110000308,1,0,1
110000309,0,105,-105
110000310,4,5,-1
110000311,1,62,-61
110000312,28,1,27
110000313,89,207,-118
110000314,0,29,-29
110000315,226,188,38
110000316,79,261,-182
110000317,31,44,-13
110000318,0,8,-8
110000319,0,0,0
110000320,1,7,-6
110000321,0,0,0
110000322,1,3,-2
110000323,10,31,-21
110000324,452,251,201
110000325,4,6,-2
110000327,0,20,-20
110000328,8,68,-60
110000333,0,0,0
110000334,16,125,-109
110000335,5,8,-3
110000336,6,121,-115
110000337,2,8,-6
110000338,2,9,-7
110000339,4,3,1
110000340,0,4,-4
110000341,12,94,-82
110000342,0,0,0
110000343,0,7,-7
110000344,0,23,-23
110000345,3,1,2
110000346,200,83,117
110000347,110,9,101
110000348,2,3,-1
110000349,2,0,2
110000350,0,0,0
110000351,12,26,-14
110000352,14,152,-138
110000353,150,19,131
110000354,18,225,-207
110000355,0,13,-13
110000356,0,0,0
110000357,9,1,8
110000361,0,2,-2
110000362,0,1,-1
110000363,2,10,-8
110000364,0,6,-6
110000365,0,0,0
110000366,0,6,-6
110000367,26,16,10
110000368,0,2,-2
110000369,0,0,0
110000373,0,26,-26
110000374,0,0,0
110000375,0,72,-72
110000376,9,11,-2
110000377,0,0,0
110000378,1,54,-53
110000379,196,63,133
110000380,0,0,0
110000383,0,50,-50
110000384,0,5,-5
110000385,0,19,-19
110000387,0,3,-3
110000388,0,36,-36
110000389,0,0,0
110000391,0,10,-10
110000396,1,7,-6
110000397,0,0,0
110000398,0,0,0
110000399,0,4,-4
110000587,0,0,0
110000589,0,4,-4
110000640,1,3,-2
110000652,0,2,-2
110000653,11,64,-53
110000654,0,1,-1
110000656,0,40,-40
110000674,0,3,-3
110000675,1,8,-7
110000676,0,8,-8
110000679,34,16,18
110000682,0,0,0
110000683,3,1,2
110000684,0,5,-5
110000685,0,0,0
110000686,0,1,-1
110000687,0,0,0
110000688,14,3,11
110000689,1,2,-1
110000692,2,5,-3
110000693,1,19,-18
110000694,0,71,-71
110000695,10,91,-81
110000696,0,0,0
110000698,2,10,-8
110000699,2,33,-31
110900001,0,0,0
110900002,0,3,-3
110900003,0,33,-33
110900004,0,13,-13
110900005,23,14,9
110900006,0,0,0
110900007,0,0,0
110900008,0,6,-6
110900009,0,0,0
110900010,0,0,0
110900011,0,2,-2
110900012,0,1,-1
110900013,0,0,0
110900014,0,0,0
110900015,0,0,0
110900016,0,4,-4
110900017,0,0,0
110900018,0,0,0
110900019,0,0,0
110900020,0,7,-7
110900021,0,16,-16
110900022,2,21,-19
110900023,1,25,-24
110900024,2,22,-20
110900025,0,1,-1
110900027,0,3,-3
110900028,0,3,-3
110900029,2,21,-19
110900030,0,10,-10
110900031,0,9,-9
110900032,1,2,-1
110900033,1,8,-7
110900035,3,15,-12
110900036,0,0,0
110900037,0,0,0
110900038,6,1,5
110900039,0,4,-4
110900040,2,1,1
110900041,0,6,-6
110900042,0,0,0
110900043,0,12,-12
110900044,0,0,0
110900045,6,27,-21
110900046,7,17,-10
110900047,0,0,0
110900049,0,0,0
110900050,0,0,0
110900052,0,17,-17
110900053,0,0,0
110900054,0,3,-3
110900055,0,0,0
110900056,1,2,-1
110900057,0,6,-6
110900058,0,0,0
110900059,15,22,-7
110900060,0,0,0
110900061,0,2,-2
110900062,0,0,0
110900063,0,0,0
110900064,0,0,0
110900065,2,1,1
110900066,0,3,-3
110900067,0,0,0
110900068,5,6,-1
110900069,0,0,0
110900070,4,7,-3
110900071,0,0,0
110900073,0,0,0
110900074,0,4,-4
110900075,2,2,0
110900077,1,2,-1
110900078,0,5,-5
110900079,25,7,18
110900080,0,0,0
110900081,0,3,-3
110900082,0,0,0
110900083,0,0,0
110900084,0,8,-8
110900085,4,21,-17
110900086,0,0,0
110900087,0,0,0
110900088,0,0,0
110900090,0,0,0
110900091,0,0,0
110900093,0,0,0
110900095,0,0,0
110900097,0,0,0
110900098,0,2,-2
110900099,0,29,-29
110900100,0,4,-4
110900102,0,3,-3
110900105,20,17,3
110900108,0,4,-4
110900111,4,1,3
110900112,0,0,0
110900113,0,0,0
110900115,0,0,0
110900116,6,69,-63
110900118,1,5,-4
110900119,199,1,198
110900120,0,7,-7
110900121,0,0,0
110900122,0,0,0
110900125,4,1,3
110900127,10,28,-18
110900128,1,12,-11
110900129,0,0,0
110900130,18,1,17
110900131,0,0,0
110900132,1,0,1
110900133,0,13,-13
110900135,1,6,-5
110900136,0,0,0
110900139,0,0,0
110900140,0,0,0
110900141,0,13,-13
110900142,0,5,-5
110900143,0,0,0
110900144,0,44,-44
110900145,0,0,0
110900146,4,0,4
110900147,10,35,-25
110900148,0,25,-25
110900149,0,3,-3
110900150,0,0,0
110900151,0,2,-2
110900152,0,12,-12
110900153,0,0,0
111000001,152,73,79
111000002,218,132,86
111000003,33,26,7
111000004,86,168,-82
111000005,41,42,-1
111000006,168,241,-73
111000007,170,154,16
111000008,320,230,90
111000009,99,152,-53
111000010,34,39,-5
111000011,192,257,-65
111000012,89,47,42
111000013,64,170,-106
111000014,57,54,3
111000017,4,36,-32
111000018,19,53,-34
111000020,162,325,-163
111000021,0,0,0
111000023,0,0,0
111000025,223,152,71
111000029,5,11,-6
111000030,3,7,-4
111000031,13,8,5
111000032,8,3,5
111000033,0,0,0
111000034,5,60,-55
111000037,96,90,6
111000038,117,144,-27
111000039,39,89,-50
111000040,70,113,-43
111000041,24,52,-28
111000042,140,80,60
111000043,0,0,0
111000044,0,0,0
111000045,4,12,-8
111000046,2,10,-8
111000047,51,58,-7
111000049,24,48,-24
111000050,63,244,-181
111000051,22,136,-114
111000052,80,157,-77
111000053,43,121,-78
111000054,33,104,-71
111000055,72,193,-121
111000056,8,53,-45
111000057,11,39,-28
111000058,0,15,-15
111000059,4,48,-44
111000060,54,32,22
111000061,16,19,-3
111000062,8,20,-12
111000063,30,26,4
111000064,10,18,-8
111000065,16,36,-20
111000066,15,44,-29
111000067,10,77,-67
111000068,6,38,-32
111000069,129,158,-29
111000070,188,119,69
111000071,12,68,-56
111000072,0,0,0
111000073,0,0,0
111000074,0,0,0
111000075,0,0,0
111000076,0,0,0
111000077,30,37,-7
111000078,128,134,-6
111000079,62,36,26
111000080,14,56,-42
111000081,111,144,-33
111000082,17,35,-18
111000084,42,50,-8
111000085,36,44,-8
111000086,27,35,-8
111000087,15,29,-14
111000088,134,49,85
111000089,41,81,-40
111000090,64,82,-18
111000091,45,73,-28
111000092,60,101,-41
111000093,9,56,-47
111000094,60,74,-14
111000095,12,195,-183
111000096,86,490,-404
111000097,349,100,249
111000098,20,116,-96
111000099,14,250,-236
111000100,12,177,-165
111000101,25,48,-23
111000102,6,71,-65
111000104,0,0,0
111000107,5,58,-53
111000109,0,0,0
111000110,0,1,-1
111000111,7,0,7
111000112,2,2,0
111000113,5,1,4
111000114,7,1,6
111000115,163,20,143
111000116,16,23,-7
111000117,13,61,-48
111000118,33,11,22
111000119,29,31,-2
111000120,7,17,-10
111000121,5,10,-5
111000122,12,134,-122
111000123,17,194,-177
111000124,15,260,-245
111000125,8,131,-123
111000126,1,63,-62
111000127,0,0,0
111000128,0,0,0
111000129,0,0,0
111000130,6,64,-58
111000131,8,12,-4
111000132,0,0,0
111000133,1,5,-4
111000134,0,11,-11
111000135,1,6,-5
111000136,7,7,0
111000138,0,0,0
111000140,0,0,0
111000141,10,18,-8
111000142,0,2,-2
111000143,0,0,0
111000144,0,2,-2
111000145,0,0,0
111000146,0,0,0
111000147,0,0,0
111000148,3,2,1
111000149,3,5,-2
111000150,0,2,-2
111000151,0,13,-13
111000153,9,16,-7
111000154,14,18,-4
111000155,0,9,-9
111000156,0,0,0
111000157,0,0,0
111000158,0,0,0
111000159,0,0,0
111000160,0,0,0
111000161,0,0,0
111000162,1,10,-9
111000163,18,63,-45
111000164,115,225,-110
111000165,84,66,18
111000166,46,20,26
111000167,35,28,7
111000168,5,16,-11
111000169,1,21,-20
111000170,6,14,-8
111000171,12,47,-35
111000172,7,35,-28
111000173,16,69,-53
111000174,0,18,-18
111000175,2,8,-6
111000176,10,20,-10
111000177,7,13,-6
111000178,29,28,1
111000179,5,21,-16
111000180,0,14,-14
111000181,22,7,15
111000182,5,10,-5
111000183,1,9,-8
111000184,3,7,-4
111000185,20,81,-61
111000186,7,46,-39
111000187,3,77,-74
111000188,1,45,-44
111000189,73,37,36
111000190,10,47,-37
111000191,7,56,-49
111000192,37,71,-34
111000193,10,30,-20
111000194,0,24,-24
111000195,3,52,-49
111000196,1,30,-29
111000197,0,0,0
111000198,0,0,0
111000199,0,0,0
111000200,0,0,0
111000201,0,0,0
111000202,0,0,0
111000203,0,0,0
111000204,0,0,0
111000213,3,3,0
111000214,32,86,-54
111000215,26,77,-51
111000217,20,62,-42
111000218,25,80,-55
111000219,39,67,-28
111000220,1,73,-72
111000221,0,0,0
111000224,54,56,-2
111000225,15,17,-2
111000226,0,0,0
111000227,0,0,0
111000228,2,25,-23
111000229,2,23,-21
111000230,0,0,0
111000231,0,0,0
111000232,13,64,-51
111000233,14,56,-42
111000234,1,49,-48
111000239,11,13,-2
111000240,0,0,0
111000241,4,39,-35
111000242,0,0,0
111000243,3,102,-99
111000244,0,0,0
111000245,0,1,-1
111000246,0,0,0
111000247,18,87,-69
111000248,0,0,0
111000249,30,50,-20
111000250,3,2,1
111000251,1,6,-5
111000253,0,0,0
111000255,0,0,0
111000257,0,0,0
111000260,11,92,-81
111000261,3,0,3
111000271,4,26,-22
111000273,231,53,178
111000274,80,81,-1
111000275,0,0,0
111000276,6,150,-144
111000277,10,13,-3
111000278,12,6,6
111000291,14,43,-29
111000298,15,8,7
111000299,0,0,0
111000300,0,21,-21
111000302,1,0,1
111000303,2,12,-10
111000312,3,3,0
111000315,9,17,-8
111000320,6,40,-34
111000321,7,2,5
111000322,0,31,-31
111000323,2,1,1
111000324,0,0,0
111000325,0,9,-9
111000326,2,27,-25
111000327,12,15,-3
111000328,9,12,-3
111000329,1,11,-10
111000330,0,0,0
111000331,0,0,0
111000332,13,50,-37
111000334,13,192,-179
111000335,19,17,2
111000337,20,101,-81
111000338,1,7,-6
111000339,4,46,-42
111000340,1,78,-77
111000341,18,10,8
111000342,1,18,-17
111000344,43,50,-7
111000345,0,0,0
111000346,1,2,-1
111000347,3,0,3
111000350,0,0,0
111000351,9,13,-4
111000352,0,0,0
111000353,4,7,-3
111000354,1,1,0
111000355,6,22,-16
111000358,1,100,-99
111000360,1,39,-38
111000361,2,15,-13
111000546,31,74,-43
111000547,1,18,-17
111000548,9,26,-17
111000549,0,7,-7
111000550,3,45,-42
111000551,14,6,8
111000552,2,0,2
111000907,0,2,-2
111000908,0,0,0
111000916,25,45,-20
111000917,9,59,-50
111000918,1,58,-57
111000920,0,0,0
111000921,1,52,-51
111000922,7,34,-27
111000924,3,87,-84
111000925,44,167,-123
111000926,116,375,-259
111000927,306,299,7
111000928,559,525,34
111000929,34,88,-54
111000930,65,407,-342
111000931,64,156,-92
111000932,298,422,-124
111000933,94,71,23
111000934,271,371,-100
111000935,26,34,-8
111000936,77,319,-242
111000937,84,13,71
111000938,146,397,-251
111000939,0,0,0
111000940,3,14,-11
111000941,0,10,-10
111000943,6,20,-14
111000944,1,25,-24
111000945,0,153,-153
111001109,0,2,-2
111001110,22,152,-130
111001111,1,0,1
111001112,11,0,11
111001113,0,27,-27
111001114,0,0,0
111001115,7,23,-16
111001116,171,19,152
111001117,85,85,0
111001120,2,22,-20
111001121,15,28,-13
111001122,7,32,-25
111001123,0,0,0
111001124,1,13,-12
111001125,0,0,0
111001126,0,0,0
111001127,0,0,0
111001128,21,41,-20
111900001,0,9,-9
111900002,0,9,-9
111900003,0,12,-12
111900004,2,3,-1
111900006,0,0,0
111900007,0,0,0
111900008,0,0,0
111900009,0,0,0
111900010,4,12,-8
111900012,6,0,6
111900013,0,3,-3
111900014,191,11,180
111900015,0,2,-2
111900016,0,3,-3
111900017,0,13,-13
111900018,0,0,0
111900019,0,3,-3
111900020,0,0,0
111900021,0,4,-4
111900022,3,2,1
111900023,4,3,1
111900024,0,6,-6
111900025,0,0,0
111900026,0,6,-6
111900027,0,6,-6
111900028,0,20,-20
111900029,0,0,0
111900030,0,0,0
111900032,0,15,-15
111900033,0,0,0
111900034,0,0,0
111900035,0,10,-10
111900036,0,15,-15
111900038,0,0,0
111900039,0,1,-1
111900040,0,30,-30
111900042,0,0,0
111900043,0,19,-19
111900044,0,0,0
111900046,6,7,-1
111900048,0,58,-58
111900049,1,13,-12
111900050,0,0,0
111900051,0,7,-7
111900052,6,19,-13
111900053,0,0,0
111900054,0,0,0
111900055,0,24,-24
111900056,0,0,0
111900057,0,1,-1
111900058,0,28,-28
111900059,0,0,0
111900060,0,0,0
111900061,1,9,-8
111900062,0,0,0
111900063,0,6,-6
111900064,6,27,-21
111900065,0,0,0
111900066,0,0,0
111900067,0,15,-15
111900068,0,0,0
111900069,0,0,0
111900070,0,0,0
111900071,0,1,-1
111900072,0,0,0
111900073,1,1,0
111900074,0,3,-3
111900075,0,0,0
111900076,0,0,0
111900077,0,0,0
111900078,0,0,0
111900079,0,0,0
111900080,0,0,0
111900082,0,0,0
111900083,0,0,0
111900084,0,0,0
111900085,0,0,0
111900086,0,0,0
111900087,0,0,0
111900088,1,0,1
111900089,0,0,0
111900090,0,0,0
111900091,0,0,0
111900092,0,0,0
111900093,0,0,0
111900094,0,0,0
111900095,2,1,1
111900096,2,0,2
111900097,0,0,0
111900098,0,0,0
111900099,0,0,0
111900100,5,0,5
111900101,0,0,0
111900102,2,26,-24
111900103,0,0,0
111900104,0,0,0
111900105,0,0,0
111900106,31,2,29
111900110,75,1,74
111900111,0,0,0
111900112,3,2,1
111900113,0,0,0
111900118,0,0,0
111900119,0,0,0
111900122,0,0,0
111900123,0,0,0
111900124,3,0,3
111900125,0,0,0
111900126,0,0,0
111900127,0,0,0
111900128,0,0,0
111900129,0,0,0
111900130,0,0,0
111900131,0,0,0
111900132,0,0,0
111900133,0,0,0
111900134,0,12,-12
111900135,0,0,0
111900136,0,0,0
111900137,6,0,6
111900138,0,2,-2
111900139,0,2,-2
111900140,0,0,0
111900141,0,0,0
111900142,0,0,0
111900143,0,3,-3
111900144,0,3,-3
111900145,0,7,-7
111900146,0,4,-4
111900147,2,32,-30
111900148,0,15,-15
111900149,1,9,-8
111900150,0,3,-3
111900151,0,0,0
111900152,1,0,1
111900153,0,0,0
111900154,0,0,0
111900155,0,0,0
111900156,0,0,0
111900157,0,0,0
111900158,0,0,0
111900159,0,0,0
111900160,0,0,0
111900161,0,0,0
111900162,0,0,0
111900163,0,0,0
111900164,0,0,0
111901113,0,6,-6
111901114,0,0,0
111901115,0,0,0
111901116,0,0,0
111901117,0,0,0
111901118,0,0,0
111901119,0,0,0
111901121,1,0,1
111901122,0,4,-4
111901123,0,11,-11
111901124,0,0,0
111901125,0,0,0
111901127,0,0,0
111901128,0,0,0
111901129,0,0,0
111901130,0,0,0
111901131,0,14,-14
111901132,0,0,0
111901133,0,0,0
111901134,0,0,0
111901135,0,0,0
111901138,0,0,0
111901139,0,0,0
111901140,0,0,0
111901141,0,0,0
111901142,0,0,0
111901143,0,0,0
111901144,0,0,0
111901145,0,0,0
111901146,0,0,0
111901147,5,0,5
111901148,0,0,0
111901149,0,0,0
111901150,0,0,0
111901151,0,0,0
111901152,0,0,0
112000001,79,52,27
112000002,111,266,-155
112000003,34,57,-23
112000004,42,128,-86
112000005,60,132,-72
112000006,130,229,-99
112000007,46,49,-3
112000008,79,132,-53
112000009,224,304,-80
112000010,110,94,16
112000011,137,244,-107
112000012,54,114,-60
112000013,409,317,92
112000014,26,37,-11
112000015,129,200,-71
112000016,35,41,-6
112000017,82,94,-12
112000024,194,52,142
112000026,332,500,-168
112000027,3,1,2
112000028,255,279,-24
112000029,0,1,-1
112000030,16,7,9
112000031,69,43,26
112000032,67,7,60
112000033,125,29,96
112000034,55,4,51
112000035,11,10,1
112000036,34,8,26
112000037,8,33,-25
112000038,19,25,-6
112000039,0,0,0
112000040,4,8,-4
112000041,10,8,2
112000042,16,13,3
112000050,0,0,0
112000051,6,14,-8
112000054,171,115,56
112000057,9,22,-13
112000058,16,20,-4
112000059,0,0,0
112000061,291,150,141
112000062,87,15,72
112000063,14,25,-11
112000064,532,549,-17
112000065,227,145,82
112000066,0,0,0
112000067,30,56,-26
112000068,0,0,0
112000069,9,150,-141
112000070,6,2,4
112000071,51,167,-116
112000072,0,7,-7
112000073,26,72,-46
112000074,1,8,-7
112000075,8,6,2
112000076,98,115,-17
112000077,7,50,-43
112000078,14,46,-32
112000079,30,83,-53
112000080,6,28,-22
112000081,87,96,-9
112000082,5,1,4
112000083,19,91,-72
112000084,0,0,0
112000085,61,73,-12
112000086,4,2,2
112000087,3,67,-64
112000088,0,2,-2
112000089,5,30,-25
112000090,0,0,0
112000091,32,163,-131
112000092,29,21,8
112000093,143,171,-28
112000094,3,21,-18
112000095,45,107,-62
112000096,6,13,-7
112000097,2,3,-1
112000098,40,125,-85
112000099,4,0,4
112000100,5,6,-1
112000101,15,79,-64
112000102,5,2,3
112000103,11,112,-101
112000105,50,173,-123
112000106,4,3,1
112000107,0,0,0
112000108,6,66,-60
112000109,0,0,0
112000110,14,13,1
112000111,58,572,-514
112000112,8,19,-11
112000113,78,259,-181
112000114,2,8,-6
112000115,2,20,-18
112000116,0,16,-16
112000117,0,14,-14
112000118,11,70,-59
112000119,20,54,-34
112000120,3,48,-45
112000121,0,0,0
112000122,0,0,0
112000123,0,0,0
112000124,0,0,0
112000125,0,0,0
112000126,0,0,0
112000127,56,18,38
112000128,49,11,38
112000129,1,6,-5
112000130,8,2,6
112000131,0,9,-9
112000132,5,24,-19
112000133,0,9,-9
112000134,4,41,-37
112000135,3,4,-1
112000136,59,129,-70
112000137,6,4,2
112000138,24,113,-89
112000139,0,0,0
112000140,14,70,-56
112000141,0,0,0
112000142,14,46,-32
112000143,0,0,0
112000144,12,146,-134
112000145,0,0,0
112000146,29,225,-196
112000147,0,0,0
112000148,36,177,-141
112000149,0,0,0
112000150,2,42,-40
112000151,3,2,1
112000152,15,16,-1
112000153,11,4,7
112000154,5,5,0
112000155,7,5,2
112000157,23,31,-8
112000158,7,7,0
112000159,2,13,-11
112000167,4,0,4
112000169,3,3,0
112000173,0,2,-2
112000175,2,0,2
112000176,161,219,-58
112000177,0,1,-1
112000178,0,1,-1
112000179,0,1,-1
112000180,9,25,-16
112000181,43,152,-109
112000182,6,136,-130
112000183,0,0,0
112000184,0,0,0
112000185,4,32,-28
112000187,89,171,-82
112000195,0,0,0
112000196,0,0,0
112000197,0,0,0
112000198,0,0,0
112000199,29,17,12
112000202,0,0,0
112000216,5,5,0
112000230,0,0,0
112000231,0,0,0
112000256,0,0,0
112000313,2,2,0
112000314,0,0,0
112000337,0,24,-24
112000352,2,4,-2
112000392,50,68,-18
112000398,45,13,32
112000399,10,16,-6
112000400,75,270,-195
112000401,525,207,318
112000402,36,55,-19
112000403,1,12,-11
112000404,11,15,-4
112000405,15,49,-34
112000406,201,290,-89
112000407,197,123,74
112000408,782,646,136
112000409,144,470,-326
112000410,0,0,0
112000411,9,0,9
112000412,20,7,13
112000413,8,0,8
112000414,2,8,-6
112000415,0,0,0
112000416,54,39,15
112000417,0,0,0
112000421,1,6,-5
112000422,9,24,-15
112000424,8,63,-55
112000425,30,122,-92
112000426,2,37,-35
112000427,0,0,0
112000428,1,11,-10
112000429,163,208,-45
112000430,183,359,-176
112000431,0,0,0
112000432,44,165,-121
112000433,13,17,-4
112000437,0,7,-7
112900001,0,0,0
112900002,0,0,0
112900003,1,5,-4
112900004,0,6,-6
112900005,0,6,-6
112900007,0,0,0
112900008,0,0,0
112900009,0,0,0
112900010,0,8,-8
112900011,4,3,1
112900012,0,3,-3
112900013,0,0,0
112900014,0,2,-2
112900015,6,29,-23
112900016,0,8,-8
112900017,0,0,0
112900018,0,33,-33
112900019,1,1,0
112900020,13,46,-33
112900021,0,41,-41
112900022,0,0,0
112900023,0,12,-12
112900024,0,18,-18
112900025,0,0,0
112900026,0,7,-7
112900027,0,0,0
112900028,0,10,-10
112900029,0,0,0
112900030,13,3,10
112900031,0,0,0
112900032,2,3,-1
112900034,0,0,0
112900035,0,0,0
112900036,1,7,-6
112900037,0,0,0
112900038,0,2,-2
112900039,0,0,0
112900040,0,8,-8
112900041,15,8,7
112900042,2,7,-5
112900043,0,0,0
112900044,10,5,5
112900045,0,0,0
112900046,1,0,1
112900047,0,1,-1
112900049,0,1,-1
112900050,7,19,-12
112900051,13,43,-30
112900052,0,32,-32
112900053,1,7,-6
112900054,1,0,1
112900055,1,0,1
112900056,0,0,0
112900057,0,8,-8
112900058,1,0,1
112900059,0,8,-8
112900060,0,3,-3
112900061,0,10,-10
112900062,0,3,-3
112900063,0,0,0
112900064,3,3,0
112900065,0,0,0
112900066,0,0,0
112900067,8,0,8
112900068,0,0,0
112900069,52,2,50
112900071,0,0,0
112900072,0,0,0
112900073,5,2,3
112900074,0,0,0
112900075,0,0,0
112900076,0,0,0
112900078,0,0,0
112900079,0,0,0
112900080,0,0,0
112900081,0,0,0
112900082,0,1,-1
112900083,0,0,0
112900084,0,0,0
112900086,0,0,0
112900087,0,0,0
112900088,0,0,0
112900089,4,0,4
112900090,0,0,0
112900091,0,0,0
112900092,0,0,0
112900093,0,0,0
112900095,0,0,0
112900096,1,1,0
112900097,2,9,-7
112900098,0,0,0
112900099,5,0,5
112900100,0,0,0
112900101,0,0,0
112900102,0,0,0
112900103,0,0,0
112900104,0,0,0
112900105,0,0,0
112900106,1,1,0
112900107,0,0,0
112900108,0,0,0
112900109,0,0,0
112900110,0,0,0
112900111,0,0,0
112900112,0,0,0
112900113,0,3,-3
112900114,0,0,0
112900115,3,0,3
112900116,1,0,1
112900117,2,0,2
112900118,0,3,-3
112900119,0,0,0
112900120,39,10,29
112900121,4,2,2
112900122,1,2,-1
112900123,0,0,0
112900124,0,4,-4
112900125,1,15,-14
112900126,0,5,-5
112900127,0,0,0
112900128,13,65,-52
112900129,1,41,-40
112900130,0,0,0
112900131,2,23,-21
112900132,1,26,-25
112900133,0,34,-34
112900134,0,13,-13
112900135,0,0,0
112900137,0,31,-31
112900138,0,21,-21
112900139,20,68,-48
112900141,0,0,0
112900142,0,0,0
112900143,3,50,-47
112900144,0,32,-32
112900145,4,31,-27
112900146,0,22,-22
112900147,1,215,-214
112900148,2,0,2
112900149,0,1,-1
112900151,0,0,0
112900152,138,18,120
112900153,0,0,0
112900154,0,0,0
112900155,0,0,0
112900156,0,31,-31
112900157,2,0,2
112900158,0,0,0
112900159,0,4,-4
112900160,0,3,-3
112900161,0,0,0
112900162,0,0,0
112900163,0,0,0
112900164,0,0,0
112900165,0,0,0
112900166,0,0,0
112900167,0,0,0
112900168,0,0,0
112900169,0,0,0
112900170,0,0,0
112900172,0,0,0
112900173,1,2,-1
112900174,0,0,0
112900175,0,0,0
112900176,0,0,0
112900177,0,0,0
112900178,0,0,0
112900179,3,25,-22
112900180,0,72,-72
112900181,0,0,0
112900182,1,18,-17
112900183,10,1,9
112900184,8,6,2
112900185,0,0,0
112900186,21,8,13
112900187,0,0,0
112900188,27,3,24
112900189,0,0,0
112900190,0,1,-1
112900192,1,0,1
112900193,2,3,-1
112900194,0,0,0
112900195,0,0,0
112900196,11,27,-16
112900197,5,13,-8
112900199,0,0,0
112900200,0,0,0
112900201,0,0,0
112900202,1,15,-14
112900203,0,0,0
112900204,3,1,2
112900205,0,1,-1
112900206,0,2,-2
112900207,0,0,0
112900208,0,0,0
112900209,7,14,-7
112900210,0,0,0
112900211,0,0,0
112900212,0,0,0
112900213,1,0,1
112900214,0,1,-1
112900215,0,4,-4
112900216,0,0,0
112900217,0,3,-3
112900218,1,1,0
112900219,0,0,0
112900220,0,0,0
112900221,0,0,0
112900222,0,0,0
112900223,0,0,0
112900224,1,27,-26
112900225,0,22,-22
112900226,2,1,1
112900227,0,17,-17
112900228,0,0,0
112900229,0,0,0
112900230,84,25,59
112900232,1,0,1
112900233,0,8,-8
112900234,0,0,0
112900235,0,0,0
112900236,0,0,0
112900237,0,14,-14
112900238,0,0,0
112900239,39,16,23
112900240,0,8,-8
112900241,0,8,-8
112900242,0,4,-4
112900243,0,6,-6
112900244,1,34,-33
112900245,0,5,-5
112900246,0,0,0
112900247,0,2,-2
112900248,0,0,0
112900249,0,0,0
112900250,0,0,0
112900251,0,0,0
112900252,0,0,0
112900253,0,0,0
112900254,0,0,0
112900255,0,0,0
112900256,0,0,0
112900257,0,0,0
112900258,0,0,0
113000001,334,312,22
113000002,162,67,95
113000003,205,132,73
113000004,227,52,175
113000005,74,64,10
113000006,35,20,15
113000007,68,94,-26
113000008,79,26,53
113000009,97,76,21
113000010,58,42,16
113000011,16,141,-125
113000012,82,56,26
113000013,134,63,71
113000014,18,47,-29
113000015,1,7,-6
113000016,32,48,-16
113000017,3,37,-34
113000018,4,2,2
113000019,3,32,-29
113000020,0,0,0
113000021,23,86,-63
113000022,17,149,-132
113000025,8,18,-10
113000026,2,8,-6
113000027,0,10,-10
113000028,60,14,46
113000029,0,0,0
113000030,67,91,-24
113000031,58,21,37
113000032,0,0,0
113000033,0,0,0
113000034,42,23,19
113000035,2,3,-1
113000036,0,0,0
113000037,7,5,2
113000038,0,0,0
113000039,27,2,25
113000040,4,2,2
113000042,38,9,29
113000051,37,30,7
113000052,132,18,114
113000053,6,19,-13
113000054,5,9,-4
113000055,25,32,-7
113000056,47,94,-47
113000058,41,89,-48
113000059,0,0,0
113000060,3,36,-33
113000061,19,12,7
113000062,42,0,42
113000063,0,0,0
113000064,0,0,0
113000065,8,61,-53
113000066,15,12,3
113000067,8,28,-20
113000068,7,105,-98
113000069,18,67,-49
113000070,12,15,-3
113000071,9,26,-17
113000072,9,13,-4
113000073,42,70,-28
113000074,61,21,40
113000075,28,34,-6
113000076,92,79,13
113000077,0,0,0
113000078,53,146,-93
113000079,55,28,27
113000080,4,3,1
113000081,0,0,0
113000082,49,68,-19
113000083,0,0,0
113000084,46,106,-60
113000085,5,11,-6
113000086,52,64,-12
113000087,17,6,11
113000088,229,115,114
113000089,7,6,1
113000090,0,14,-14
113000091,43,21,22
113000094,34,11,23
113000095,15,56,-41
113000096,7,77,-70
113000097,5,10,-5
113000098,0,0,0
113000099,6,9,-3
113000100,22,30,-8
113000101,14,45,-31
113000102,0,5,-5
113000103,101,87,14
113000104,0,0,0
113000105,0,0,0
113000106,9,50,-41
113000107,11,12,-1
113000108,40,88,-48
113000109,44,50,-6
113000110,0,0,0
113000111,14,20,-6
113000112,2,1,1
113000113,0,0,0
113000114,36,55,-19
113000116,12,4,8
113000117,15,2,13
113000118,0,0,0
113000119,3,3,0
113000120,0,1,-1
113000121,10,21,-11
113000124,0,0,0
113000125,0,0,0
113000127,121,28,93
113000128,0,0,0
113000129,118,57,61
113000133,191,55,136
113000134,0,57,-57
113000135,13,10,3
113000137,0,0,0
113000139,0,0,0
113000140,20,22,-2
113000141,0,0,0
113000142,27,19,8
113000143,0,0,0
113000144,10,50,-40
113000145,0,0,0
113000146,13,3,10
113000147,10,12,-2
113000148,0,0,0
113000149,0,0,0
113000150,39,13,26
113000151,12,6,6
113000152,0,0,0
113000153,30,9,21
113000154,37,51,-14
113000155,15,16,-1
113000156,7,26,-19
113000157,10,40,-30
113000158,72,29,43
113000159,87,62,25
113000160,27,54,-27
113000161,0,1,-1
113000162,79,56,23
113000163,0,0,0
113000164,12,1,11
113000166,0,0,0
113000167,14,22,-8
113000168,6,41,-35
113000169,0,0,0
113000170,0,0,0
113000171,27,30,-3
113000172,0,0,0
113000173,0,0,0
113000174,10,75,-65
113000175,0,0,0
113000176,0,0,0
113000177,9,95,-86
113000178,12,60,-48
113000179,0,0,0
113000180,8,50,-42
113000181,62,60,2
113000182,8,21,-13
113000183,36,53,-17
113000184,2,23,-21
113000189,7,22,-15
113000190,22,5,17
113000192,326,67,259
113000193,210,43,167
113000194,133,63,70
113000195,66,19,47
113000196,4,8,-4
113000197,39,21,18
113000198,1,9,-8
113000199,1,0,1
113000201,5,9,-4
113000202,86,14,72
113000203,0,0,0
113000204,85,67,18
113000205,0,4,-4
113000206,0,0,0
113000207,4,0,4
113000208,0,0,0
113000209,1,1,0
113000210,0,0,0
113000211,4,11,-7
113000212,3,1,2
113000213,0,1,-1
113000214,3,17,-14
113000234,12,96,-84
113000410,9,10,-1
113000411,237,292,-55
113000412,666,272,394
113000413,193,145,48
113000414,441,162,279
113000415,253,357,-104
113000416,619,467,152
113000417,195,306,-111
113000418,295,175,120
113000419,81,90,-9
113000420,379,158,221
113000421,190,144,46
113000422,1226,304,922
113000423,438,296,142
113000424,528,389,139
113000425,1,8,-7
113000428,0,1,-1
113000430,0,0,0
113000432,21,4,17
113000433,4,53,-49
113000434,2,73,-71
113000435,3,74,-71
113000436,2,70,-68
113000437,0,0,0
113000438,0,0,0
113000439,0,26,-26
113000440,0,0,0
113000441,0,0,0
113000442,3,34,-31
113000443,0,0,0
113000444,1,18,-17
113000445,0,0,0
113000446,0,17,-17
113000448,9,1,8
113000449,0,0,0
113000450,8,3,5
113000451,68,7,61
113000452,0,0,0
113000453,10,15,-5
113000454,0,0,0
113000455,7,13,-6
113000456,37,19,18
113000468,28,0,28
113000469,0,2,-2
113000470,0,0,0
113000471,0,0,0
113000472,0,0,0
113000474,11,77,-66
113000475,93,139,-46
113000476,68,180,-112
113000477,124,235,-111
113000478,254,335,-81
113000479,2,51,-49
113000485,0,0,0
113000486,0,0,0
113000487,0,0,0
113000488,0,0,0
113000489,0,0,0
113000490,0,0,0
113000491,0,0,0
113000492,0,0,0
113000493,0,0,0
113000495,11,24,-13
113000496,0,0,0
113900001,0,0,0
113900002,0,0,0
113900003,0,0,0
113900004,0,0,0
113900005,0,0,0
113900006,0,0,0
113900007,0,0,0
113900008,0,0,0
113900009,0,0,0
113900010,0,0,0
113900011,0,0,0
113900012,0,0,0
113900013,0,0,0
113900014,0,0,0
113900015,0,0,0
113900016,0,0,0
113900017,0,0,0
113900018,1,2,-1
113900019,0,0,0
113900020,0,0,0
113900022,0,0,0
113900023,0,0,0
113900024,0,1,-1
113900025,0,0,0
113900026,0,0,0
113900027,0,0,0
113900028,0,0,0
113900029,0,19,-19
113900030,0,0,0
113900031,0,0,0
113900032,0,0,0
113900033,0,0,0
113900035,0,0,0
113900036,0,0,0
113900037,0,0,0
113900038,0,0,0
113900039,0,0,0
113900040,0,0,0
113900041,0,0,0
113900042,0,0,0
113900043,1,4,-3
113900044,0,0,0
113900045,0,0,0
113900046,5,21,-16
113900047,0,0,0
113900048,18,2,16
113900049,18,1,17
113900050,5,14,-9
113900051,2,16,-14
113900052,0,0,0
113900053,0,0,0
113900054,0,0,0
113900055,0,15,-15
113900056,0,0,0
113900057,2,1,1
113900058,0,1,-1
113900059,0,12,-12
113900060,0,0,0
113900061,0,0,0
113900062,0,0,0
113900063,0,0,0
113900064,0,2,-2
113900065,0,0,0
113900066,0,7,-7
113900067,0,0,0
113900068,0,0,0
113900069,0,0,0
113900070,2,21,-19
113900071,0,0,0
113900072,0,0,0
113900073,0,6,-6
113900074,0,0,0
113900075,0,0,0
113900076,0,0,0
113900077,0,8,-8
113900078,0,0,0
113900079,0,0,0
113900080,0,0,0
113900081,0,4,-4
113900082,0,5,-5
113900083,0,0,0
113900084,0,0,0
113900085,1,10,-9
113900086,0,0,0
113900087,0,0,0
113900088,0,0,0
113900089,0,0,0
113900090,0,0,0
113900091,0,0,0
113900092,2,0,2
113900093,1,9,-8
113900094,0,0,0
113900095,0,0,0
113900096,0,0,0
113900097,0,5,-5
113900098,0,0,0
113900099,0,0,0
113900100,0,0,0
113900101,0,0,0
113900102,0,1,-1
113900103,0,0,0
113900104,0,0,0
113900105,0,18,-18
113900106,0,0,0
113900107,0,0,0
113900108,1,6,-5
113900109,0,1,-1
113900110,0,0,0
113900111,0,0,0
113900112,0,0,0
113900113,3,1,2
113900114,0,0,0
113900115,0,0,0
113900116,0,2,-2
113900117,0,0,0
113900118,0,0,0
113900119,0,0,0
113900120,0,0,0
113900121,0,0,0
113900122,0,0,0
113900123,2,1,1
113900124,0,0,0
113900125,0,7,-7
113900126,0,0,0
113900127,0,0,0
113900128,0,0,0
113900129,0,0,0
113900130,0,0,0
113900131,0,0,0
113900132,0,0,0
113900133,1,1,0
113900135,6,17,-11
113900136,1,0,1
113900137,0,6,-6
113900138,0,0,0
113900139,19,4,15
113900140,0,0,0
113900141,1,6,-5
113900142,0,0,0
113900143,0,0,0
113900144,0,0,0
113900145,0,4,-4
113900146,0,0,0
113900148,0,1,-1
113900149,0,0,0
113900150,32,2,30
113900151,1,2,-1
113900152,0,2,-2
113900153,1,1,0
113900154,0,0,0
113900155,6,1,5
113900156,11,28,-17
113900157,0,3,-3
113900158,3,2,1
113900159,0,0,0
113900160,15,29,-14
113900161,0,1,-1
113900162,9,3,6
113900163,4,3,1
113900164,0,0,0
113900165,44,26,18
113900166,0,1,-1
113900167,0,0,0
113900168,2,4,-2
113900169,5,18,-13
113900171,0,0,0
113900172,0,7,-7
113900173,0,12,-12
113900174,4,53,-49
113900175,0,0,0
113900176,3,55,-52
113900177,0,6,-6
113900178,0,0,0
113900179,0,21,-21
113900180,2,4,-2
113900181,0,0,0
113900182,9,24,-15
113900183,0,0,0
113900184,1,32,-31
113900185,16,0,16
113900186,0,0,0
113900187,0,2,-2
113900188,0,2,-2
113900189,0,0,0
113900190,43,3,40
113900191,1,3,-2
113900192,44,1,43
113900193,0,11,-11
113900194,17,11,6
113900195,11,16,-5
113900196,0,5,-5
113900197,0,13,-13
113900198,0,3,-3
113900199,5,14,-9
113900200,0,26,-26
113900201,0,5,-5
113900202,0,0,0
113900203,0,7,-7
113900204,0,12,-12
113900205,0,0,0
113900206,0,4,-4
113900207,0,1,-1
113900208,0,0,0
113900209,0,3,-3
113900210,3,3,0
113900211,2,0,2
113900212,0,14,-14
113900214,8,15,-7
113900215,0,4,-4
113900216,0,43,-43
113900217,0,0,0
113900218,0,0,0
113900219,1,16,-15
113900220,0,0,0
113900221,0,0,0
113900222,0,4,-4
113900223,1,19,-18
113900224,2,1,1
113900225,0,0,0
113900226,0,0,0
113900227,0,0,0
113900228,10,2,8
113900229,0,2,-2
113900230,22,8,14
113900231,6,2,4
113900232,0,2,-2
113900233,1,0,1
113900234,1,3,-2
113900235,0,0,0
113900236,0,0,0
113900237,0,0,0
113900238,1,2,-1
113900239,0,0,0
113900240,0,0,0
113900241,0,1,-1
113900242,1,1,0
113900243,0,5,-5
113900244,10,0,10
113900245,26,2,24
113900246,0,0,0
113900247,0,0,0
113900248,61,7,54
113900249,0,0,0
113900250,0,0,0
113900251,0,2,-2
113900252,0,0,0
113900253,0,0,0
113900254,0,0,0
113900255,0,0,0
113900256,0,0,0
113900257,3,19,-16
113900258,0,20,-20
113900259,0,7,-7
113900260,0,0,0
113900261,0,6,-6
113900262,0,27,-27
113900263,4,5,-1
113900264,1,24,-23
113900265,3,4,-1
113900266,2,7,-5
113900267,3,15,-12
113900268,0,0,0
113900269,2,13,-11
113900270,6,11,-5
113900271,15,55,-40
113900273,0,0,0
113900274,0,0,0
113900275,2,0,2
113900276,0,4,-4
113900277,0,0,0
113900278,4,1,3
113900279,0,5,-5
113900280,19,5,14
113900281,3,5,-2
113900282,6,1,5
113900283,0,0,0
113900284,0,0,0
113900285,0,0,0
113900286,0,0,0
113900287,0,0,0
113900288,0,1,-1
113900289,37,0,37
113900290,4,1,3
113900291,0,1,-1
113900292,0,0,0
113900293,1,9,-8
113900294,0,0,0
113900295,0,6,-6
113900296,2,1,1
113900297,0,0,0
113900298,1,88,-87
113900299,0,0,0
113900300,35,0,35
113900301,0,0,0
113900302,0,0,0
113900303,10,0,10
113900304,0,20,-20
113900305,0,0,0
113900306,0,0,0
113900307,0,0,0
113900308,2,3,-1
113900309,0,16,-16
113900310,0,0,0
113900311,0,0,0
113900312,0,0,0
113900313,0,0,0
113900314,0,0,0
113900315,0,0,0
114000001,85,134,-49
114000002,0,0,0
114000003,4,38,-34
114000004,1,8,-7
114000005,0,1,-1
114000006,72,79,-7
114000007,14,58,-44
114000008,35,37,-2
114000009,0,0,0
114000011,81,132,-51
114000012,61,113,-52
114000013,78,115,-37
114000014,20,17,3
114000015,8,21,-13
114000016,8,29,-21
114000017,9,4,5
114000018,12,0,12
114000026,32,86,-54
114000027,75,98,-23
114000028,74,98,-24
114000038,0,0,0
114000039,2,12,-10
114000040,1,5,-4
114000042,5,43,-38
114000043,0,6,-6
114000044,6,5,1
114000045,0,4,-4
114000046,56,148,-92
114000047,1,2,-1
114000048,11,5,6
114000049,11,14,-3
114000050,6,13,-7
114000051,23,26,-3
114000052,21,29,-8
114000053,0,0,0
114000054,0,0,0
114000055,0,0,0
114000056,48,63,-15
114000057,240,155,85
114000058,13,3,10
114000059,3,1,2
114000060,32,77,-45
114000061,33,4,29
114000062,13,5,8
114000063,205,172,33
114000064,261,142,119
114000065,71,236,-165
114000066,12,52,-40
114000067,0,0,0
114000068,9,2,7
114000069,2,6,-4
114000070,16,8,8
114000071,1,7,-6
114000072,5,7,-2
114000073,0,0,0
114000074,0,2,-2
114000075,0,0,0
114000076,0,0,0
114000077,0,0,0
114000078,0,10,-10
114000079,0,9,-9
114000080,0,0,0
114000081,0,0,0
114000082,2,37,-35
114000083,1,17,-16
114000084,0,0,0
114000085,9,23,-14
114000086,3,32,-29
114000087,1,4,-3
114000088,0,0,0
114000089,26,18,8
114000090,4,3,1
114000091,55,19,36
114000092,41,14,27
114000093,5,38,-33
114000094,12,11,1
114000095,0,0,0
114000096,0,0,0
114000097,0,0,0
114000098,0,0,0
114000099,4,24,-20
114000100,6,14,-8
114000101,13,71,-58
114000102,0,0,0
114000103,1,21,-20
114000104,0,5,-5
114000105,1,4,-3
114000106,16,10,6
114000107,4,3,1
114000108,118,91,27
114000109,0,0,0
114000110,22,100,-78
114000111,0,0,0
114000112,22,191,-169
114000113,0,0,0
114000114,42,130,-88
114000115,0,0,0
114000116,25,20,5
114000117,22,12,10
114000118,26,6,20
114000119,37,1,36
114000120,72,132,-60
114000121,36,54,-18
114000122,16,43,-27
114000123,1,4,-3
114000124,0,2,-2
114000125,61,156,-95
114000126,5,1,4
114000127,1,20,-19
114000128,15,39,-24
114000130,0,0,0
114000131,0,0,0
114000132,23,49,-26
114000133,17,60,-43
114000134,1,3,-2
114000138,0,4,-4
114000139,0,0,0
114000144,0,0,0
114000145,0,1,-1
114000146,0,4,-4
114000147,0,0,0
114000148,25,0,25
114000149,1,2,-1
114000150,48,64,-16
114000151,6,0,6
114000152,0,2,-2
114000153,61,53,8
114000154,4,34,-30
114000155,16,25,-9
114000156,11,14,-3
114000157,9,43,-34
114000158,50,27,23
114000159,8,21,-13
114000160,4,3,1
114000161,21,9,12
114000162,2,3,-1
114000163,0,3,-3
114000165,0,0,0
114000166,35,5,30
114000167,68,73,-5
114000168,48,37,11
114000169,117,36,81
114000170,55,41,14
114000171,63,29,34
114000174,6,23,-17
114000176,32,21,11
114000177,102,57,45
114000178,0,0,0
114000179,10,0,10
114000180,23,42,-19
114000181,44,67,-23
114000182,87,253,-166
114000183,49,161,-112
114000184,99,261,-162
114000185,20,13,7
114000189,0,0,0
114000190,0,0,0
114000191,0,0,0
114000192,36,107,-71
114000193,38,185,-147
114000194,92,100,-8
114000195,0,0,0
114000196,0,19,-19
114000197,0,3,-3
114000198,51,11,40
114000199,69,30,39
114000200,22,139,-117
114000201,3,54,-51
114000202,65,67,-2
114000203,44,127,-83
114000204,5,26,-21
114000205,4,85,-81
114000206,24,113,-89
114000207,46,211,-165
114000208,29,167,-138
114000209,37,265,-228
114000210,25,154,-129
114000211,11,42,-31
114000212,7,39,-32
114000213,65,9,56
114000214,3,7,-4
114000215,0,7,-7
114000216,62,0,62
114000217,1,19,-18
114000218,2,19,-17
114000219,51,19,32
114000220,2,107,-105
114000221,6,5,1
114000222,4,91,-87
114000223,0,0,0
114000224,0,56,-56
114000225,7,47,-40
114000226,4,29,-25
114000227,20,36,-16
114000228,4,11,-7
114000229,43,88,-45
114000230,22,32,-10
114000231,28,145,-117
114000232,4,3,1
114000233,8,0,8
114000234,9,23,-14
114000235,57,142,-85
114000236,0,161,-161
114000237,28,103,-75
114000238,0,1,-1
114000239,3,115,-112
114000240,55,88,-33
114000241,23,115,-92
114000242,90,68,22
114000243,35,32,3
114000244,0,0,0
114000245,30,89,-59
114000246,50,6,44
114000247,11,24,-13
114000248,13,25,-12
114000249,9,30,-21
114000250,13,39,-26
114000251,1,16,-15
114000252,4,1,3
114000253,0,0,0
114000254,0,0,0
114000255,6,15,-9
114000256,4,2,2
114000257,35,242,-207
114000258,12,14,-2
114000259,2,25,-23
114000260,0,26,-26
114000261,7,0,7
114000262,2,5,-3
114000263,0,0,0
114000264,8,8,0
114000265,0,0,0
114000267,1,154,-153
114000268,0,173,-173
114000270,0,0,0
114000271,21,8,13
114000283,16,13,3
114000285,8,24,-16
114000288,5,27,-22
114000289,5,3,2
114000293,3,65,-62
114000294,2,0,2
114000395,32,2,30
114000396,0,0,0
114000402,2,7,-5
114000403,2,3,-1
114000405,2,49,-47
114000423,2,45,-43
114000424,4,5,-1
114000425,4,40,-36
114000426,0,0,0
114000427,4,8,-4
114000428,0,0,0
114000429,1,18,-17
114000432,0,0,0
114000434,1,7,-6
114000435,0,9,-9
114900001,0,0,0
114900002,0,0,0
114900003,0,0,0
114900004,0,0,0
114900005,0,0,0
114900006,0,0,0
114900007,0,0,0
114900008,0,0,0
114900010,37,5,32
114900011,0,0,0
114900013,0,0,0
114900018,0,0,0
114900020,0,0,0
114900022,0,4,-4
114900025,0,0,0
114900026,0,0,0
114900029,0,0,0
114900030,0,0,0
114900031,0,0,0
114900032,0,0,0
114900034,1,3,-2
114900035,0,9,-9
114900036,3,29,-26
114900039,8,43,-35
114900040,1,2,-1
114900041,3,38,-35
114900042,6,56,-50
114900044,0,0,0
114900047,0,10,-10
114900048,0,4,-4
114900049,1,24,-23
114900050,0,27,-27
114900051,0,12,-12
114900052,1,2,-1
114900053,0,1,-1
114900054,0,4,-4
114900057,0,0,0
114900058,0,7,-7
114900059,0,0,0
114900063,0,14,-14
114900064,6,32,-26
114900065,1,20,-19
114900067,0,10,-10
114900068,1,7,-6
114900069,3,0,3
114900070,0,0,0
114900072,0,4,-4
114900073,0,9,-9
114900074,0,0,0
114900075,0,0,0
114900076,0,14,-14
114900080,0,0,0
114900082,0,35,-35
114900083,0,21,-21
114900090,0,0,0
114900091,8,1,7
114900097,0,0,0
114900098,0,0,0
114900099,0,0,0
115000001,318,722,-404
115000002,171,71,100
115000003,320,471,-151
115000004,131,124,7
115000005,125,445,-320
115000006,32,67,-35
115000007,0,0,0
115000008,28,24,4
115000009,3,3,0
115000010,0,0,0
115000013,3,11,-8
115000015,3,14,-11
115000016,23,11,12
115000019,0,16,-16
115000020,0,0,0
115000021,19,37,-18
115000022,41,52,-11
115000023,38,3,35
115000024,24,93,-69
115000025,13,5,8
115000026,13,42,-29
115000027,8,1,7
115000028,8,63,-55
115000029,5,1,4
115000030,31,124,-93
115000031,71,2,69
115000032,2,49,-47
115000033,0,0,0
115000034,1,118,-117
115000035,0,0,0
115000036,2,67,-65
115000037,0,0,0
115000038,0,0,0
115000039,31,40,-9
115000040,154,136,18
115000041,22,114,-92
115000042,11,24,-13
115000043,31,164,-133
115000044,292,338,-46
115000045,106,293,-187
115000046,13,88,-75
115000047,67,77,-10
115000048,133,362,-229
115000049,174,374,-200
115000050,74,41,33
115000051,146,45,101
115000052,157,233,-76
115000053,45,64,-19
115000054,63,92,-29
115000055,3,72,-69
115000056,0,4,-4
115000057,4,81,-77
115000058,0,22,-22
115000059,0,59,-59
115000061,0,0,0
115000062,3,23,-20
115000063,5,34,-29
115000064,0,0,0
115000065,0,19,-19
115000067,0,0,0
115000069,0,29,-29
115000070,1,64,-63
115000071,0,0,0
115000072,2,4,-2
115000073,65,2,63
115000075,0,2,-2
115000076,127,134,-7
115000077,39,145,-106
115000078,30,92,-62
115000079,46,136,-90
115000080,49,208,-159
115000081,5,34,-29
115000082,68,175,-107
115000083,72,161,-89
115000084,0,0,0
115000085,8,113,-105
115000086,0,0,0
115000087,20,145,-125
115000088,0,0,0
115000089,198,153,45
115000090,12,16,-4
115000091,9,75,-66
115000092,5,31,-26
115000093,0,0,0
115000094,180,205,-25
115000095,221,347,-126
115000096,20,98,-78
115000097,8,86,-78
115000098,24,118,-94
115000099,12,141,-129
115000100,2,4,-2
115000101,35,161,-126
115000102,10,12,-2
115000103,40,70,-30
115000105,0,0,0
115000106,0,3,-3
115000107,14,72,-58
115000108,347,378,-31
115000109,85,40,45
115000110,85,36,49
115000111,45,116,-71
115000112,17,32,-15
115000113,13,44,-31
115000114,50,37,13
115000116,39,43,-4
115000117,25,81,-56
115000118,34,84,-50
115000119,60,73,-13
115000120,27,66,-39
115000121,183,77,106
115000122,127,73,54
115000123,32,35,-3
115000124,30,33,-3
115000125,2,29,-27
115000126,0,21,-21
115000127,16,13,3
115000128,5,22,-17
115000129,0,5,-5
115000130,6,18,-12
115000131,3,11,-8
115000132,2,12,-10
115000133,0,26,-26
115000134,0,6,-6
115000135,0,17,-17
115000136,0,0,0
115000137,2,7,-5
115000138,0,0,0
115000139,8,18,-10
115000140,0,0,0
115000141,9,28,-19
115000142,3,27,-24
115000143,0,0,0
115000144,1,4,-3
115000145,6,23,-17
115000146,0,0,0
115000147,3,36,-33
115000148,17,51,-34
115000149,3,2,1
115000150,38,39,-1
115000151,1,1,0
115000152,11,62,-51
115000153,1,0,1
115000154,4,1,3
115000155,17,50,-33
115000156,4,0,4
115000157,33,27,6
115000158,13,12,1
115000159,3,0,3
115000160,0,0,0
115000161,15,44,-29
115000162,0,0,0
115000163,82,79,3
115000164,38,53,-15
115000165,0,0,0
115000167,0,0,0
115000168,0,0,0
115000169,61,73,-12
115000170,38,26,12
115000171,0,0,0
115000172,26,22,4
115000173,0,0,0
115000174,0,0,0
115000175,18,3,15
115000176,0,0,0
115000177,0,4,-4
115000178,1,24,-23
115000179,0,0,0
115000180,1,31,-30
115000181,0,0,0
115000182,0,0,0
115000183,7,48,-41
115000186,14,14,0
115000187,6,52,-46
115000188,63,20,43
115000189,40,46,-6
115000190,59,18,41
115000191,8,64,-56
115000194,0,6,-6
115000195,0,0,0
115000196,0,0,0
115000197,1,11,-10
115000198,0,0,0
115000199,3,8,-5
115000200,0,0,0
115000201,14,24,-10
115000206,0,0,0
115000207,2,31,-29
115000208,6,69,-63
115000209,27,10,17
115000210,0,2,-2
115000211,12,21,-9
115000212,83,70,13
115000224,0,0,0
115000225,0,0,0
115000229,0,0,0
115000230,0,0,0
115000231,6,157,-151
115000232,4,37,-33
115000233,3,31,-28
115000234,0,0,0
115000241,0,0,0
115000242,0,0,0
115000243,0,0,0
115000244,0,0,0
115000246,0,0,0
115000247,0,0,0
115000248,0,0,0
115000249,0,0,0
115000250,3,2,1
115000251,0,0,0
115000252,0,0,0
115000253,0,0,0
115000258,0,0,0
115000259,0,0,0
115000261,0,0,0
115000262,0,0,0
115000263,0,0,0
115000264,0,0,0
115000267,0,0,0
115000268,0,1,-1
115000269,0,0,0
115000270,0,0,0
115000272,0,0,0
115000273,0,0,0
115000280,0,0,0
115000281,80,33,47
115000282,6,5,1
115000284,74,19,55
115000296,0,0,0
115000297,0,0,0
115000298,20,2,18
115000300,0,6,-6
115000302,0,0,0
115000303,0,0,0
115000304,0,0,0
115000305,2,31,-29
115000306,0,21,-21
115000307,1,19,-18
115000308,0,0,0
115000310,13,65,-52
115000311,0,0,0
115000313,6,51,-45
115000314,0,0,0
115000315,78,30,48
115000316,0,0,0
115000317,0,40,-40
115000318,27,19,8
115000319,5,24,-19
115000320,1,19,-18
115000321,67,0,67
115000322,3,26,-23
115000449,0,0,0
115000557,0,2,-2
115000558,0,0,0
115000587,2,1,1
115000588,399,599,-200
115000589,296,156,140
115000590,62,182,-120
115000591,19,39,-20
115000592,45,235,-190
115000593,42,14,28
115000594,46,207,-161
115000609,0,0,0
115000617,93,18,75
115000624,0,0,0
115000633,6,177,-171
115000634,236,31,205
115000635,12,4,8
115000638,0,0,0
115000641,0,0,0
115000642,4,8,-4
115000643,3,35,-32
115000644,3,29,-26
115000646,33,48,-15
115000647,3,35,-32
115000648,8,140,-132
115000893,141,66,75
115000894,8,188,-180
115000895,51,171,-120
115000896,82,13,69
115000897,38,2,36
115000898,56,7,49
115000899,45,44,1
115000900,8,6,2
115000901,20,5,15
115000912,7,6,1
115000913,0,0,0
115000915,0,0,0
115000916,0,0,0
115000917,0,0,0
115000918,0,0,0
115000919,0,0,0
115000920,0,0,0
115000921,9,0,9
115000922,30,28,2
115000923,24,151,-127
115000925,3,11,-8
115000927,0,0,0
115000933,33,22,11
115000934,0,0,0
115000935,0,0,0
115000936,0,0,0
115000937,95,6,89
115000938,47,9,38
115000939,14,14,0
115000940,0,0,0
115000941,0,0,0
115000942,0,0,0
115000943,11,2,9
115000944,0,1,-1
115900001,0,0,0
115900002,0,0,0
115900003,0,0,0
115900004,0,0,0
115900005,0,0,0
115900006,0,0,0
115900008,0,0,0
115900009,0,0,0
115900010,0,0,0
115900011,2,4,-2
115900012,0,0,0
115900013,0,0,0
115900014,0,0,0
115900015,0,0,0
115900016,0,0,0
115900017,0,0,0
115900018,4,0,4
115900019,0,0,0
115900020,0,0,0
115900021,33,2,31
115900022,0,0,0
115900023,0,0,0
115900025,0,0,0
115900026,0,0,0
115900027,0,1,-1
115900028,11,1,10
115900029,0,12,-12
115900030,0,0,0
115900031,0,0,0
115900032,0,0,0
115900033,0,0,0
115900034,2,12,-10
115900035,0,0,0
115900036,0,1,-1
115900037,0,14,-14
115900038,0,0,0
115900039,0,0,0
115900041,2,2,0
115900042,0,0,0
115900043,0,0,0
115900044,0,0,0
115900046,0,0,0
115900047,0,0,0
115900049,0,0,0
115900051,0,16,-16
115900052,0,9,-9
115900053,0,0,0
115900054,0,11,-11
115900055,0,7,-7
115900056,0,0,0
115900057,0,0,0
115900058,2,1,1
115900060,0,0,0
115900061,0,0,0
115900062,1,12,-11
115900063,0,0,0
115900064,0,0,0
115900065,0,0,0
115900066,8,1,7
115900067,0,21,-21
115900068,106,0,106
115900069,0,0,0
115900070,0,0,0
115900071,0,0,0
115900072,0,3,-3
115900073,0,0,0
115900074,0,21,-21
115900075,0,0,0
115900076,0,0,0
115900077,0,12,-12
115900078,0,0,0
115900079,0,0,0
115900080,0,0,0
115900081,0,2,-2
115900082,0,0,0
115900084,0,0,0
115900085,0,8,-8
115900086,0,0,0
115900088,0,0,0
115900089,0,31,-31
115900090,0,0,0
115900091,0,1,-1
115900092,0,7,-7
115900093,0,2,-2
115900094,0,4,-4
115900096,0,0,0
115900097,0,8,-8
115900098,1,8,-7
115900099,0,0,0
115900100,0,0,0
115900101,0,16,-16
115900102,0,0,0
115900103,3,5,-2
115900104,0,0,0
115900105,0,0,0
115900106,0,0,0
115900107,0,0,0
115900108,0,0,0
115900109,0,0,0
115900110,0,0,0
115900111,0,8,-8
115900112,0,0,0
115900113,0,0,0
115900114,0,2,-2
115900115,0,1,-1
115900116,0,0,0
115900117,0,0,0
115900118,0,27,-27
115900119,1,1,0
115900120,0,0,0
115900121,0,0,0
115900124,0,0,0
115900125,0,0,0
115900126,0,0,0
115900127,0,0,0
115900128,0,0,0
115900129,0,0,0
115900130,0,0,0
115900131,0,0,0
115900132,0,0,0
115900134,0,0,0
115900135,0,0,0
115900137,0,0,0
115900139,0,0,0
115900140,0,0,0
115900141,0,0,0
115900142,0,0,0
115900143,3,2,1
115900144,0,9,-9
115900146,0,0,0
115900147,0,0,0
115900148,0,0,0
115900149,1,0,1
115900150,0,0,0
115900151,0,0,0
115900152,0,0,0
115900153,0,0,0
115900154,0,0,0
115900155,0,1,-1
115900156,0,0,0
115900157,0,0,0
115900158,0,0,0
115900159,0,0,0
115900160,0,0,0
115900161,0,0,0
115900163,0,0,0
115900164,0,0,0
115900166,0,0,0
115900168,0,0,0
115900171,0,0,0
115900172,0,0,0
115900173,0,0,0
115900174,0,0,0
115900175,0,5,-5
115900178,0,37,-37
115900179,0,0,0
115900180,0,0,0
115900181,2,5,-3
115900182,25,3,22
115900183,1,1,0
115900184,0,0,0
115900187,0,0,0
115900189,0,0,0
115900190,0,0,0
115900191,0,0,0
115900192,0,0,0
115900193,0,0,0
115900194,0,0,0
115900195,0,0,0
115900198,0,0,0
115900199,0,0,0
115900200,0,0,0
115900201,0,0,0
115900202,0,0,0
115900203,0,0,0
115900204,0,0,0
115900205,0,0,0
115900206,0,0,0
115900207,0,0,0
115900208,0,0,0
115900209,0,0,0
115900210,0,0,0
115900211,0,0,0
115900212,0,0,0
115900213,0,0,0
115900214,0,6,-6
115900215,0,0,0
115900216,0,7,-7
115900217,0,12,-12
115900218,0,3,-3
115900219,0,0,0
115900220,0,0,0
115900221,0,0,0
115900222,0,0,0
115900223,0,0,0
115900224,0,0,0
115900225,0,0,0
115900226,0,0,0
115900227,0,0,0
115900228,0,0,0
115900229,0,0,0
115900230,0,0,0
115900231,0,0,0
115900232,0,0,0
115900233,0,0,0
115900234,0,0,0
115900235,0,0,0
115900236,0,0,0
115900237,0,6,-6
115900238,0,1,-1
115900239,0,1,-1
115900240,0,3,-3
115900241,0,0,0
115900242,0,0,0
115900243,0,0,0
115900244,0,0,0
115900245,0,0,0
115900246,0,0,0
115900247,0,0,0
115900248,0,0,0
115900249,0,0,0
115900250,0,0,0
115900251,0,0,0
115900252,0,0,0
115900253,0,0,0
115900254,0,0,0
115900255,0,0,0
115900256,0,0,0
115900257,0,0,0
115900258,0,0,0
115900259,0,0,0
115900260,0,0,0
115900261,0,0,0
115900262,0,0,0
115900263,0,0,0
115900264,0,0,0
115900265,0,0,0
115900266,0,0,0
115900267,0,0,0
115900268,0,0,0
115900269,0,1,-1
115900270,0,0,0
115900271,0,0,0
115900272,0,0,0
115900273,0,0,0
115900274,0,0,0
115900275,0,0,0
115900276,0,0,0
115900277,0,0,0
115900278,0,1,-1
115900279,0,3,-3
115900280,1,8,-7
115900281,0,15,-15
115900282,0,0,0
115900283,0,0,0
115900284,0,0,0
116000001,994,236,758
116000002,256,45,211
116000003,158,146,12
116000004,327,21,306
116000005,110,179,-69
116000006,67,56,11
116000007,161,279,-118
116000008,122,112,10
116000009,47,97,-50
116000010,57,28,29
116000011,26,38,-12
116000012,56,47,9
116000013,603,387,216
116000014,117,23,94
116000015,6,65,-59
116000016,39,9,30
116000017,1,33,-32
116000018,9,8,1
116000019,16,22,-6
116000020,4,17,-13
116000021,10,27,-17
116000022,14,6,8
116000023,12,18,-6
116000024,12,16,-4
116000025,6,15,-9
116000026,28,122,-94
116000027,10,23,-13
116000028,0,0,0
116000029,23,44,-21
116000030,0,0,0
116000031,7,11,-4
116000032,9,27,-18
116000033,0,24,-24
116000034,9,44,-35
116000035,12,67,-55
116000036,49,9,40
116000037,0,0,0
116000038,0,0,0
116000039,55,23,32
116000040,0,0,0
116000041,12,27,-15
116000042,0,0,0
116000043,4,54,-50
116000044,5,3,2
116000045,0,0,0
116000046,86,156,-70
116000047,106,159,-53
116000048,12,9,3
116000049,7,27,-20
116000050,39,117,-78
116000051,27,20,7
116000052,74,188,-114
116000053,0,0,0
116000054,38,120,-82
116000055,24,43,-19
116000056,0,0,0
116000057,214,71,143
116000058,162,59,103
116000059,75,9,66
116000060,247,75,172
116000061,41,38,3
116000062,19,65,-46
116000063,9,38,-29
116000066,0,0,0
116000067,21,22,-1
116000068,0,0,0
116000069,26,25,1
116000078,0,0,0
116000080,78,101,-23
116000082,0,9,-9
116000083,23,33,-10
116000084,23,62,-39
116000085,79,18,61
116000086,24,28,-4
116000087,88,36,52
116000088,49,62,-13
116000089,4,2,2
116000090,0,0,0
116000091,3,14,-11
116000093,19,11,8
116000094,3,50,-47
116000095,39,17,22
116000096,10,57,-47
116000097,8,17,-9
116000098,2,66,-64
116000099,218,4,214
116000100,1,0,1
116000101,0,8,-8
116000102,3,30,-27
116000103,1,10,-9
116000104,0,40,-40
116000105,2,10,-8
116000106,2,41,-39
116000107,9,24,-15
116000108,0,14,-14
116000111,0,0,0
116000113,0,0,0
116000114,1,1,0
116000115,0,0,0
116000116,3,3,0
116000117,0,0,0
116000118,27,78,-51
116000119,0,3,-3
116000120,59,275,-216
116000121,0,0,0
116000122,87,224,-137
116000123,0,0,0
116000124,35,131,-96
116000125,0,1,-1
116000126,18,204,-186
116000127,59,155,-96
116000128,0,4,-4
116000129,0,1,-1
116000130,2,0,2
116000133,36,86,-50
116000134,36,179,-143
116000135,12,38,-26
116000136,42,168,-126
116000137,12,34,-22
116000138,50,14,36
116000139,42,182,-140
116000140,4,21,-17
116000141,7,75,-68
116000142,260,514,-254
116000143,183,11,172
116000144,67,294,-227
116000145,112,57,55
116000146,2,19,-17
116000147,24,11,13
116000148,2,10,-8
116000149,0,13,-13
116000151,39,112,-73
116000153,0,0,0
116000155,0,0,0
116000156,8,58,-50
116000157,0,0,0
116000158,2,35,-33
116000159,0,0,0
116000160,0,1,-1
116000161,0,2,-2
116000162,3,1,2
116000163,0,0,0
116000164,0,1,-1
116000177,0,8,-8
116000194,0,36,-36
116000195,47,17,30
116000196,0,0,0
116000197,0,0,0
116000198,42,22,20
116000200,0,0,0
116000201,26,29,-3
116000202,0,0,0
116000203,0,3,-3
116000204,0,3,-3
116000205,0,8,-8
116000206,0,5,-5
116000207,0,1,-1
116000233,1,10,-9
116000287,3,54,-51
116000288,0,0,0
116000292,0,6,-6
116000296,0,0,0
116000297,3,3,0
116000304,0,0,0
116000305,0,0,0
116000346,0,8,-8
116000352,0,1,-1
116000354,0,0,0
116000357,0,0,0
116000358,0,0,0
116000361,0,0,0
116000372,133,88,45
116000381,0,0,0
116000388,0,4,-4
116000389,2,5,-3
116000445,2,109,-107
116000446,0,0,0
116000447,1,65,-64
116000448,0,0,0
116000563,0,0,0
116000565,16,9,7
116000568,1,2,-1
116000579,1,6,-5
116000583,0,0,0
116000584,0,0,0
116000585,1,0,1
116000586,6,6,0
116000587,0,15,-15
116000589,3,5,-2
116000590,0,0,0
116000591,0,0,0
116000592,0,0,0
116000593,0,0,0
116000594,2,34,-32
116000595,3,0,3
116000596,0,0,0
116000597,0,0,0
116000598,0,18,-18
116000605,0,3,-3
116000606,0,0,0
116000607,0,0,0
116000609,0,12,-12
116000611,0,43,-43
116000612,50,43,7
116000613,0,0,0
116000614,28,87,-59
116000615,0,22,-22
116000616,0,4,-4
116000617,3,1,2
116000618,0,2,-2
116000619,0,0,0
116000620,0,13,-13
116000621,0,0,0
116000622,0,0,0
116000624,0,0,0
116000627,0,0,0
116000628,0,0,0
116000629,0,0,0
116000630,0,0,0
116000631,0,0,0
116000632,0,0,0
116000633,0,0,0
116000634,8,37,-29
116000635,105,70,35
116000636,304,53,251
116000637,12,27,-15
116000638,0,0,0
116000639,0,0,0
116000640,0,0,0
116000641,20,36,-16
116000643,0,22,-22
116000644,2,152,-150
116000645,0,0,0
116900001,0,0,0
116900002,0,0,0
116900003,0,0,0
116900004,0,0,0
116900005,2,2,0
116900006,0,0,0
116900007,0,0,0
116900008,0,34,-34
116900009,0,0,0
116900010,0,32,-32
116900011,0,4,-4
116900012,0,0,0
116900013,0,9,-9
116900014,0,0,0
116900015,0,0,0
116900016,0,0,0
116900017,0,14,-14
116900018,0,0,0
116900019,0,2,-2
116900020,4,0,4
116900023,0,0,0
116900024,0,0,0
116900025,0,9,-9
116900026,2,10,-8
116900027,0,0,0
116900028,0,0,0
116900029,0,0,0
116900031,0,0,0
116900032,0,2,-2
116900033,0,0,0
116900034,0,4,-4
116900035,0,1,-1
116900036,0,3,-3
116900038,0,0,0
116900041,0,0,0
116900042,10,3,7
116900043,0,2,-2
116900047,0,0,0
116900049,1,9,-8
116900050,1,6,-5
116900051,0,0,0
116900052,0,0,0
116900055,0,0,0
116900057,0,9,-9
116900058,0,2,-2
116900059,0,0,0
116900060,3,14,-11
116900062,0,0,0
116900064,6,17,-11
116900065,0,0,0
116900067,0,0,0
116900068,10,7,3
116900070,0,0,0
116900072,0,8,-8
116900073,0,1,-1
116900074,0,0,0
116900076,0,0,0
116900077,0,1,-1
116900078,2,0,2
116900079,0,4,-4
116900080,0,0,0
116900081,2,6,-4
116900082,4,17,-13
116900083,0,0,0
116900084,0,0,0
116900085,0,0,0
116900086,0,1,-1
116900088,0,0,0
116900090,0,0,0
116900091,0,2,-2
116900092,0,18,-18
116900093,0,0,0
116900094,41,5,36
116900095,0,0,0
116900096,0,0,0
116900097,0,0,0
116900098,39,1,38
116900099,4,0,4
116900100,0,0,0
116900101,2,5,-3
116900103,0,0,0
116900104,0,1,-1
116900105,0,0,0
116900106,0,0,0
116900107,0,0,0
116900110,0,0,0
116900111,0,0,0
116900112,0,0,0
116900113,0,0,0
116900116,0,0,0
116900117,0,5,-5
116900118,0,92,-92
116900120,0,0,0
116900121,0,0,0
116900122,3,76,-73
116900123,2,34,-32
116900124,2,8,-6
116900125,1,5,-4
116900126,0,17,-17
116900128,0,0,0
116900129,0,11,-11
116900130,24,32,-8
116900131,0,7,-7
116900132,0,2,-2
116900133,0,5,-5
116900134,0,5,-5
116900136,0,3,-3
116900137,1,3,-2
116900138,3,4,-1
116900139,4,3,1
116900140,1,3,-2
116900141,2,7,-5
116900142,0,0,0
116900143,0,25,-25
116900144,0,0,0
116900145,0,5,-5
116900147,7,12,-5
116900148,0,1,-1
116900149,0,0,0
116900150,0,1,-1
116900151,0,0,0
116900153,0,0,0
116900154,2,0,2
116900155,0,3,-3
116900157,0,0,0
116900158,0,1,-1
116900159,0,18,-18
116900160,0,0,0
116900161,267,36,231
116900162,0,0,0
116900163,0,0,0
116900164,0,0,0
116900165,0,0,0
116900166,0,0,0
116900167,0,0,0
116900168,0,1,-1
116900169,0,0,0
116900170,0,0,0
116900171,0,0,0
116900172,0,0,0
116900173,0,1,-1
116900174,1,3,-2
116900175,0,0,0
116900178,0,0,0
116900179,0,0,0
116900180,0,1,-1
116900182,0,0,0
116900183,0,0,0
116900185,0,0,0
116900186,0,0,0
116900187,0,0,0
116900188,0,0,0
116900189,0,0,0
116900191,0,0,0
116900192,0,0,0
116900194,0,0,0
116900195,0,0,0
116900196,0,0,0
116900197,0,0,0
116900198,1,1,0
116900200,0,0,0
116900201,0,0,0
116900202,0,0,0
116900203,0,0,0
116900204,0,1,-1
116900206,0,0,0
116900207,1,2,-1
116900208,0,0,0
116900209,0,0,0
116900210,1,9,-8
116900211,0,0,0
116900212,0,0,0
116900213,0,0,0
116900214,0,6,-6
116900215,0,0,0
116900216,0,0,0
116900218,0,6,-6
116900219,22,13,9
116900220,0,0,0
116900221,1,6,-5
116900222,0,0,0
116900223,0,0,0
116900226,0,1,-1
116900227,1,0,1
116900228,1,11,-10
116900230,2,4,-2
116900231,0,5,-5
116900232,0,13,-13
116900233,0,0,0
116900234,0,0,0
116900235,1,23,-22
116900238,5,7,-2
116900239,0,4,-4
116900240,18,6,12
116900241,0,0,0
116900242,7,0,7
116900243,0,0,0
116900245,0,0,0
116900246,0,2,-2
116900247,0,0,0
116900248,1,1,0
116900249,0,0,0
116900250,1,6,-5
116900251,0,0,0
116900252,0,0,0
116900254,0,0,0
116900255,1,2,-1
116900256,3,3,0
116900257,0,12,-12
116900258,0,16,-16
116900259,0,0,0
116900260,0,1,-1
116900261,0,0,0
116900262,0,8,-8
116900263,0,1,-1
116900264,0,0,0
116900265,0,0,0
116900266,0,0,0
116900267,0,0,0
116900268,0,0,0
116900269,0,9,-9
116900271,0,0,0
116900272,4,16,-12
116900273,0,0,0
116900274,0,0,0
116900275,0,0,0
116900276,0,0,0
116900277,0,0,0
116900278,0,0,0
116900279,0,0,0
116900280,0,0,0
116900281,20,4,16
116900282,0,1,-1
116900283,0,1,-1
116900284,0,1,-1
116900285,0,0,0
116900286,0,0,0
116900287,0,0,0
116900288,0,0,0
116900289,0,0,0
116900290,0,0,0
116900291,0,0,0
116900292,0,0,0
116900293,0,0,0
116900294,1,1,0
116900295,0,0,0
116900296,0,0,0
116900297,0,0,0
116900298,0,0,0
116900299,0,0,0
116900300,0,0,0
116900301,0,0,0
116900302,0,1,-1
116900303,0,1,-1
116900304,0,3,-3
116900305,0,0,0
116900306,0,0,0
116900307,0,0,0
116900308,0,0,0
116900309,0,0,0
116900310,0,0,0
117000001,52,34,18
117000002,164,238,-74
117000003,85,40,45
117000004,246,275,-29
117000005,27,14,13
117000006,60,310,-250
117000007,55,5,50
117000008,85,300,-215
117000009,0,0,0
117000010,105,301,-196
117000011,0,0,0
117000012,75,176,-101
117000013,0,0,0
117000014,49,153,-104
117000015,0,0,0
117000016,3,7,-4
117000017,10,10,0
117000018,3,11,-8
117000019,0,0,0
117000020,6,35,-29
117000021,126,10,116
117000022,6,1,5
117000023,8,35,-27
117000024,12,28,-16
117000025,51,71,-20
117000026,27,3,24
117000027,150,163,-13
117000028,0,0,0
117000030,10,20,-10
117000031,0,0,0
117000032,108,73,35
117000033,74,43,31
117000034,6,16,-10
117000035,0,0,0
117000036,21,32,-11
117000037,0,0,0
117000038,1,30,-29
117000039,0,3,-3
117000040,5,81,-76
117000041,0,0,0
117000044,3,45,-42
117000045,0,0,0
117000046,10,55,-45
117000047,0,0,0
117000048,80,63,17
117000049,5,14,-9
117000050,1,142,-141
117000051,69,12,57
117000052,0,2,-2
117000053,1,4,-3
117000054,16,0,16
117000055,10,235,-225
117000056,3,0,3
117000057,11,143,-132
117000060,11,32,-21
117000061,0,0,0
117000062,5,13,-8
117000063,0,0,0
117000064,50,43,7
117000066,15,37,-22
117000067,0,8,-8
117000074,0,0,0
117000076,0,0,0
117000077,0,4,-4
117000078,1,23,-22
117000079,2,4,-2
117000080,0,61,-61
117000081,7,1,6
117000082,0,10,-10
117000083,0,1,-1
117000084,0,0,0
117000085,9,26,-17
117000086,6,22,-16
117000087,16,64,-48
117000088,0,0,0
117000089,14,14,0
117000090,24,150,-126
117000091,6,5,1
117000092,17,178,-161
117000093,1,8,-7
117000094,38,234,-196
117000095,6,13,-7
117000096,31,339,-308
117000097,0,20,-20
117000098,180,334,-154
117000099,6,4,2
117000100,1,11,-10
117000101,12,45,-33
117000102,0,0,0
117000103,95,190,-95
117000104,0,0,0
117000105,43,170,-127
117000106,0,0,0
117000107,63,176,-113
117000108,0,0,0
117000109,196,303,-107
117000110,0,0,0
117000111,191,160,31
117000112,44,66,-22
117000113,1,7,-6
117000114,0,0,0
117000115,0,3,-3
117000116,0,8,-8
117000117,10,3,7
117000118,1,7,-6
117000119,0,0,0
117000120,0,1,-1
117000121,0,1,-1
117000122,0,0,0
117000123,0,0,0
117000124,0,0,0
117000125,1,0,1
117000126,0,0,0
117000127,1,2,-1
117000128,2,6,-4
117000129,0,0,0
117000130,0,0,0
117000131,0,16,-16
117000132,31,11,20
117000133,0,11,-11
117000134,0,11,-11
117000135,0,7,-7
117000136,0,2,-2
117000137,0,0,0
117000138,0,37,-37
117000140,39,77,-38
117000141,0,0,0
117000181,30,6,24
117000182,0,0,0
117000195,2,29,-27
117000196,0,0,0
117000225,0,0,0
117000226,0,3,-3
117000276,0,0,0
117000277,0,25,-25
117000310,128,122,6
117000315,0,0,0
117000320,0,0,0
117000906,0,0,0
117000907,0,45,-45
117000909,3,3,0
117000910,31,8,23
117000911,6,5,1
117000915,1,28,-27
117000916,0,0,0
117000917,0,0,0
117000918,0,0,0
117000919,0,1,-1
117000920,0,139,-139
117000921,0,87,-87
117000922,0,0,0
117000924,8,11,-3
117000926,82,5,77
117000927,4,8,-4
117000928,1,22,-21
117000929,1,1,0
117000930,3,0,3
117000931,13,1,12
117900002,0,11,-11
117900003,2,3,-1
117900005,0,0,0
117900006,0,1,-1
117900007,1,8,-7
117900008,0,1,-1
117900010,0,4,-4
117900011,0,0,0
117900012,0,6,-6
117900013,0,4,-4
117900014,0,9,-9
117900015,0,7,-7
117900016,10,3,7
117900017,1,21,-20
117900018,5,1,4
117900019,2,19,-17
117900020,0,10,-10
117900021,0,5,-5
117900023,2,0,2
117900024,7,5,2
117900025,0,0,0
117900026,0,6,-6
117900028,0,0,0
117900029,1,23,-22
117900031,0,0,0
117900032,10,6,4
117900033,0,30,-30
117900034,0,0,0
117900035,3,1,2
117900036,1,22,-21
117900037,0,0,0
117900038,0,7,-7
117900039,0,2,-2
117900040,4,17,-13
117900041,1,2,-1
117900042,13,3,10
117900043,1,6,-5
117900044,0,8,-8
117900045,0,0,0
117900048,4,3,1
117900049,0,14,-14
117900050,0,0,0
117900051,0,0,0
117900052,0,0,0
117900053,13,17,-4
117900054,0,0,0
117900055,0,0,0
117900056,0,0,0
117900057,7,41,-34
117900058,0,0,0
117900059,0,0,0
117900060,4,92,-88
117900061,0,0,0
117900063,2,6,-4
117900065,29,10,19
117900066,0,0,0
117900067,0,8,-8
117900069,1,10,-9
117900070,0,0,0
117900071,0,0,0
117900073,1,6,-5
117900074,0,0,0
117900075,0,0,0
117900076,1,4,-3
117900077,0,0,0
117900078,4,9,-5
117900080,0,0,0
117900081,3,3,0
117900082,5,2,3
117900083,1,10,-9
117900086,0,0,0
117900087,0,0,0
117900088,10,13,-3
117900089,7,5,2
117900090,0,11,-11
117900091,0,1,-1
117900092,0,0,0
117900093,0,0,0
117900094,0,0,0
117900095,1,27,-26
117900096,0,0,0
117900097,0,0,0
117900098,0,0,0
117900099,1,8,-7
117900100,0,0,0
117900101,7,11,-4
117900102,0,0,0
117900103,0,0,0
117900104,0,3,-3
117900105,3,4,-1
117900106,0,0,0
117900107,0,0,0
117900109,4,10,-6
117900110,0,0,0
117900111,0,0,0
117900112,0,0,0
117900113,0,0,0
117900114,0,0,0
117900115,1,0,1
117900116,12,16,-4
117900117,3,4,-1
117900118,0,0,0
117900119,0,8,-8
117900120,0,3,-3
117900121,0,1,-1
117900122,3,4,-1
117900123,22,24,-2
117900124,11,9,2
117900125,74,27,47
117900126,6,13,-7
117900127,0,13,-13
117900128,0,18,-18
117900129,0,0,0
117900130,0,11,-11
117900131,0,3,-3
117900132,0,9,-9
117900133,0,1,-1
117900134,0,10,-10
117900135,1,10,-9
117900136,0,0,0
117900137,0,11,-11
117900138,0,3,-3
117900139,0,9,-9
117900140,5,2,3
117900141,5,9,-4
117900142,0,0,0
117900144,0,0,0
117900145,1,0,1
117900146,0,0,0
117900147,0,0,0
117900148,29,25,4
117900149,0,2,-2
117900150,0,5,-5
117900151,1,7,-6
117900152,2,1,1
117900153,0,0,0
117900154,1,9,-8
117900156,4,6,-2
117900157,1,4,-3
117900158,0,0,0
117900160,5,4,1
117900161,16,30,-14
117900162,0,7,-7
117900163,0,0,0
117900165,0,0,0
117900166,0,3,-3
117900168,0,0,0
117900169,0,0,0
117900170,0,0,0
117900171,0,0,0
117900172,0,0,0
117900173,0,0,0
117900174,0,0,0
117900175,0,0,0
117900176,0,0,0
117900177,0,0,0
117900178,0,0,0
117900180,0,0,0
117900181,0,0,0
117900182,0,0,0
117900183,0,0,0
117900184,0,0,0
117900185,0,0,0
117900186,0,0,0
117900187,0,0,0
117900188,0,0,0
117900189,0,0,0
117900190,0,0,0
117900191,0,0,0
117900192,0,0,0
117900193,0,0,0
117900194,0,0,0
117900195,0,0,0
117900196,0,0,0
117900207,0,0,0
117900208,0,1,-1
117900209,0,2,-2
117900210,0,0,0
117900211,0,0,0
117900212,2,4,-2
117900213,0,0,0
117900214,0,0,0
117900215,0,0,0
117900216,0,0,0
117900217,0,7,-7
117900218,0,0,0
117900219,0,6,-6
117900220,0,0,0
117900222,0,6,-6
117900223,0,2,-2
118000001,19,24,-5
118000002,63,117,-54
118000003,92,81,11
118000004,97,65,32
118000005,304,173,131
118000006,323,435,-112
118000007,215,127,88
118000008,214,179,35
118000009,100,196,-96
118000010,85,172,-87
118000011,17,86,-69
118000012,61,92,-31
118000013,153,111,42
118000014,47,95,-48
118000016,19,30,-11
118000017,0,0,0
118000018,14,16,-2
118000019,250,60,190
118000020,42,142,-100
118000021,54,156,-102
118000022,26,8,18
118000023,58,44,14
118000024,16,39,-23
118000027,961,188,773
118000029,25,10,15
118000032,11,31,-20
118000033,53,63,-10
118000034,167,149,18
118000035,25,162,-137
118000036,31,55,-24
118000037,39,48,-9
118000038,0,0,0
118000039,1,4,-3
118000040,43,121,-78
118000041,105,95,10
118000045,10,0,10
118000046,51,21,30
118000047,52,26,26
118000048,73,47,26
118000051,2,0,2
118000052,3,3,0
118000053,1,1,0
118000054,35,12,23
118000055,11,3,8
118000056,0,1,-1
118000057,3,1,2
118000058,9,1,8
118000059,12,5,7
118000060,2,1,1
118000061,0,7,-7
118000062,5,2,3
118000063,0,5,-5
118000064,2,6,-4
118000065,37,11,26
118000066,3,1,2
118000067,122,65,57
118000068,20,109,-89
118000069,70,19,51
118000070,255,16,239
118000071,104,113,-9
118000072,63,14,49
118000073,16,4,12
118000074,0,1,-1
118000075,9,6,3
118000076,86,60,26
118000077,102,58,44
118000078,42,22,20
118000079,48,52,-4
118000080,149,83,66
118000081,58,27,31
118000082,3,6,-3
118000083,2,0,2
118000084,74,22,52
118000086,11,6,5
118000087,919,169,750
118000088,22,33,-11
118000089,149,331,-182
118000090,302,98,204
118000091,51,125,-74
118000092,28,23,5
118000093,4,2,2
118000096,1,3,-2
118000097,11,2,9
118000098,0,0,0
118000099,14,39,-25
118000101,39,20,19
118000102,4,31,-27
118000107,64,28,36
118000108,1,4,-3
118000110,0,0,0
118000111,0,42,-42
118000112,0,0,0
118000113,0,80,-80
118000114,0,0,0
118000115,0,0,0
118000116,0,0,0
118000117,90,75,15
118000118,5,17,-12
118000119,8,24,-16
118000120,161,160,1
118000121,0,21,-21
118000122,35,1,34
118000123,3,18,-15
118000125,77,54,23
118000126,1,6,-5
118000127,1,2,-1
118000128,42,65,-23
118000129,42,26,16
118000130,253,272,-19
118000131,47,85,-38
118000132,14,10,4
118000133,9,16,-7
118000135,0,0,0
118000136,3,20,-17
118000137,131,14,117
118000138,2,16,-14
118000139,11,15,-4
118000140,163,96,67
118000141,35,46,-11
118000142,58,138,-80
118000143,8,15,-7
118000144,20,10,10
118000145,85,164,-79
118000146,48,90,-42
118000147,54,193,-139
118000148,11,78,-67
118000149,2,37,-35
118000150,4,15,-11
118000151,0,3,-3
118000153,1,19,-18
118000154,5,12,-7
118000155,5,17,-12
118000156,107,72,35
118000157,16,11,5
118000158,4,22,-18
118000159,0,0,0
118000160,0,0,0
118000161,17,34,-17
118000162,7,10,-3
118000163,4,4,0
118000164,18,13,5
118000168,2,3,-1
118000169,98,161,-63
118000170,76,125,-49
118000171,0,0,0
118000172,0,0,0
118000173,26,69,-43
118000175,9,5,4
118000176,4,50,-46
118000177,1,12,-11
118000178,0,2,-2
118000179,0,0,0
118000180,0,0,0
118000181,88,41,47
118000182,21,47,-26
118000183,10,23,-13
118000184,0,0,0
118000185,82,52,30
118000186,75,110,-35
118000187,23,94,-71
118000188,0,4,-4
118000189,11,26,-15
118000190,0,0,0
118000191,0,0,0
118000192,1,7,-6
118000193,2,19,-17
118000194,87,11,76
118000195,0,0,0
118000196,0,0,0
118000197,14,6,8
118000198,6,0,6
118000199,49,22,27
118000200,0,0,0
118000201,3,1,2
118000202,0,0,0
118000203,13,6,7
118000204,17,19,-2
118000205,99,8,91
118000206,0,0,0
118000207,0,0,0
118000208,15,23,-8
118000209,101,168,-67
118000210,0,0,0
118000211,0,0,0
118000213,2,2,0
118000214,33,10,23
118000215,17,29,-12
118000216,0,0,0
118000217,0,1,-1
118000218,0,0,0
118000219,0,2,-2
118000220,0,0,0
118000221,0,6,-6
118000222,12,2,10
118000223,0,0,0
118000224,1,1,0
118000225,1,61,-60
118000226,0,0,0
118000227,36,21,15
118000228,22,12,10
118000229,0,0,0
118000230,3,5,-2
118000231,1,4,-3
118000232,18,38,-20
118000233,4,10,-6
118000234,0,3,-3
118000236,0,14,-14
118000237,0,0,0
118000238,0,5,-5
118000239,0,0,0
118000240,16,1,15
118000241,0,0,0
118000242,2,47,-45
118000243,0,4,-4
118000244,0,1,-1
118000246,0,0,0
118000255,0,4,-4
118000256,0,0,0
118000259,0,0,0
118000260,0,0,0
118000261,0,0,0
118000263,0,3,-3
118000266,3,15,-12
118000267,0,6,-6
118000268,0,0,0
118000270,0,0,0
118000271,2,1,1
118000272,0,0,0
118000273,0,8,-8
118000274,0,4,-4
118000276,0,1,-1
118000295,0,2,-2
118000298,13,34,-21
118000299,6,22,-16
118000301,0,3,-3
118000302,2,0,2
118000311,1,6,-5
118000312,2,7,-5
118000313,0,4,-4
118000314,0,0,0
118000315,0,3,-3
118000316,0,12,-12
118000325,0,0,0
118000326,0,0,0
118000331,0,0,0
118000332,0,0,0
118000333,0,0,0
118000335,0,0,0
118000336,0,22,-22
118000407,0,0,0
118000457,0,6,-6
118000465,151,61,90
118000480,0,0,0
118000489,3,4,-1
118000490,2,33,-31
118000492,1,4,-3
118000510,9,2,7
118000514,4,40,-36
118000515,2,6,-4
118000517,29,9,20
118000524,201,89,112
118000525,81,106,-25
118000530,0,0,0
118000531,0,0,0
118000532,13,29,-16
118000533,24,24,0
118000534,5,48,-43
118000535,0,0,0
118000536,15,2,13
118000537,1,3,-2
118000538,7,2,5
118000539,0,0,0
118000540,1,1,0
118000541,1,3,-2
118000542,0,0,0
118000543,0,0,0
118000546,5,0,5
118000553,0,0,0
118000560,65,9,56
118000562,0,0,0
118000563,69,14,55
118000576,0,7,-7
118000577,4,16,-12
118000578,2,1,1
118000579,15,15,0
118000583,0,1,-1
118000595,0,0,0
118000596,0,1,-1
118000597,3,9,-6
118000598,0,0,0
118000599,0,0,0
118000600,0,0,0
118000601,0,0,0
118000602,0,0,0
118000603,0,7,-7
118000605,0,0,0
118000606,0,0,0
118900001,0,0,0
118900002,0,0,0
118900003,0,0,0
118900004,0,0,0
118900005,0,0,0
118900006,0,0,0
118900007,0,0,0
118900008,0,0,0
118900009,0,0,0
118900010,0,0,0
118900011,0,0,0
118900012,0,0,0
118900013,0,0,0
118900015,0,0,0
118900016,0,0,0
118900017,0,0,0
118900018,0,0,0
118900019,0,0,0
118900020,0,0,0
118900021,0,0,0
118900022,1,2,-1
118900023,0,0,0
118900024,0,0,0
118900025,0,0,0
118900026,1,2,-1
118900027,0,0,0
118900028,0,0,0
118900029,0,0,0
118900030,0,0,0
118900031,1,2,-1
118900032,0,0,0
118900033,0,0,0
118900034,0,0,0
118900035,0,7,-7
118900036,1,12,-11
118900037,0,0,0
118900038,5,3,2
118900039,0,0,0
118900040,1,1,0
118900041,0,0,0
118900042,1,1,0
118900045,0,1,-1
118900046,16,6,10
118900047,14,1,13
118900048,0,0,0
118900049,0,0,0
118900050,0,0,0
118900051,0,0,0
118900052,0,0,0
118900053,0,0,0
118900054,0,2,-2
118900055,0,4,-4
118900056,0,0,0
118900057,0,13,-13
118900058,0,0,0
118900059,0,0,0
118900060,2,2,0
118900062,0,0,0
118900064,0,0,0
118900065,0,0,0
118900066,0,0,0
118900067,51,0,51
118900068,0,0,0
118900069,0,8,-8
118900071,0,0,0
118900072,0,0,0
118900073,0,2,-2
118900074,0,0,0
118900075,0,0,0
118900076,0,0,0
118900077,0,0,0
118900078,0,1,-1
118900079,0,0,0
118900080,0,0,0
118900081,0,0,0
118900082,1,0,1
118900083,0,1,-1
118900084,0,0,0
118900085,2,16,-14
118900086,0,0,0
118900087,0,3,-3
118900088,0,2,-2
118900089,0,0,0
118900090,4,8,-4
118900091,0,0,0
118900092,0,1,-1
118900093,0,0,0
118900096,10,6,4
118900097,0,27,-27
118900099,2,8,-6
118900100,0,0,0
118900101,1,7,-6
118900102,1,0,1
118900103,0,1,-1
118900104,0,3,-3
118900105,5,4,1
118900107,3,6,-3
118900108,2,3,-1
118900110,0,0,0
118900111,0,0,0
118900112,0,0,0
118900113,0,0,0
118900114,0,0,0
118900115,0,0,0
118900116,1,11,-10
118900117,0,12,-12
118900118,2,13,-11
118900119,2,4,-2
118900120,3,9,-6
118900121,0,0,0
118900122,0,8,-8
118900123,5,8,-3
118900124,0,0,0
118900126,0,5,-5
118900129,0,1,-1
118900130,0,0,0
118900131,1,21,-20
118900132,0,3,-3
118900133,0,0,0
118900135,1,3,-2
118900136,0,36,-36
118900137,0,0,0
118900139,0,0,0
118900140,4,28,-24
118900141,0,0,0
118900144,1,50,-49
118900145,0,0,0
118900146,2,16,-14
118900147,0,0,0
118900148,0,0,0
118900150,0,0,0
118900152,2,24,-22
118900157,0,0,0
118900158,0,0,0
118900159,0,0,0
118900161,0,0,0
118900163,0,0,0
118900164,0,0,0
118900165,0,6,-6
118900166,0,0,0
118900167,1,7,-6
118900168,0,1,-1
118900169,2,11,-9
118900170,0,3,-3
118900171,0,0,0
118900174,0,0,0
118900175,2,4,-2
118900176,0,4,-4
118900177,0,2,-2
118900178,0,4,-4
118900179,0,0,0
118900181,0,0,0
118900182,1,1,0
118900183,0,1,-1
118900184,0,1,-1
118900185,0,0,0
118900186,2,15,-13
118900187,0,0,0
118900188,0,0,0
118900189,1,2,-1
118900190,0,0,0
118900191,0,0,0
118900192,0,0,0
118900193,0,0,0
118900195,0,0,0
118900196,0,0,0
118900197,0,0,0
118900198,0,1,-1
118900199,0,0,0
118900200,0,0,0
118900201,0,0,0
118900202,1,0,1
118900203,0,1,-1
118900204,0,1,-1
118900205,0,0,0
118900206,0,0,0
119000001,30,16,14
119000002,92,42,50
119000003,12,73,-61
119000004,19,44,-25
119000005,22,49,-27
119000006,54,39,15
119000007,57,89,-32
119000008,88,210,-122
119000009,152,238,-86
119000010,496,484,12
119000011,196,157,39
119000012,217,219,-2
119000013,173,108,65
119000014,130,342,-212
119000019,7,4,3
119000020,35,39,-4
119000021,85,52,33
119000022,39,47,-8
119000023,0,0,0
119000024,29,86,-57
119000025,372,47,325
119000026,0,0,0
119000027,14,10,4
119000028,90,71,19
119000029,0,0,0
119000030,30,50,-20
119000031,23,50,-27
119000032,72,82,-10
119000033,134,111,23
119000034,53,57,-4
119000035,1,50,-49
119000036,39,70,-31
119000037,23,102,-79
119000038,9,51,-42
119000039,9,23,-14
119000040,87,18,69
119000041,105,21,84
119000048,454,143,311
119000049,39,163,-124
119000050,37,9,28
119000051,34,14,20
119000052,17,14,3
119000053,39,17,22
119000054,33,130,-97
119000055,149,107,42
119000056,87,93,-6
119000057,14,61,-47
119000058,27,44,-17
119000059,8,3,5
119000060,23,37,-14
119000061,17,0,17
119000062,41,105,-64
119000063,36,18,18
119000064,10,11,-1
119000065,6,39,-33
119000066,31,64,-33
119000067,15,20,-5
119000068,52,81,-29
119000069,9,27,-18
119000070,64,40,24
119000071,0,0,0
119000072,190,64,126
119000073,109,123,-14
119000074,28,139,-111
119000075,22,180,-158
119000076,0,0,0
119000077,0,0,0
119000078,0,0,0
119000079,0,0,0
119000080,0,0,0
119000081,0,0,0
119000082,0,0,0
119000083,0,0,0
119000084,0,0,0
119000085,0,0,0
119000086,0,0,0
119000087,6,9,-3
119000088,0,0,0
119000089,0,0,0
119000090,0,0,0
119000091,0,0,0
119000092,0,0,0
119000093,170,82,88
119000094,137,171,-34
119000095,12,69,-57
119000097,85,48,37
119000098,64,102,-38
119000099,29,76,-47
119000100,101,113,-12
119000101,131,193,-62
119000102,15,12,3
119000103,12,1,11
119000104,110,144,-34
119000105,0,0,0
119000106,9,89,-80
119000107,0,0,0
119000108,18,110,-92
119000109,1,1,0
119000110,35,4,31
119000111,1,6,-5
119000112,7,1,6
119000113,38,3,35
119000114,0,1,-1
119000115,17,10,7
119000116,0,0,0
119000117,3,4,-1
119000118,0,3,-3
119000123,14,3,11
119000124,0,0,0
119000125,0,0,0
119000126,0,0,0
119000127,14,105,-91
119000128,3,3,0
119000131,20,100,-80
119000132,0,2,-2
119000133,0,0,0
119000134,0,0,0
119000135,0,1,-1
119000136,2,23,-21
119000137,0,0,0
119000138,0,34,-34
119000139,0,0,0
119000140,2,13,-11
119000284,136,500,-364
119000285,287,382,-95
119000286,272,346,-74
119000287,73,224,-151
119000288,53,128,-75
119000289,91,251,-160
119000290,0,0,0
119000291,1,36,-35
119000293,22,20,2
119000294,0,0,0
119000295,62,10,52
119000296,1,0,1
119000302,297,11,286
119000303,0,0,0
119000314,73,63,10
119000315,0,0,0
119000316,0,8,-8
119000317,0,0,0
119000319,0,0,0
119900001,6,15,-9
119900002,0,0,0
119900003,0,16,-16
119900004,0,0,0
119900005,0,0,0
119900006,1,2,-1
119900007,0,0,0
119900008,0,0,0
119900009,0,4,-4
119900010,1,11,-10
119900011,0,0,0
119900012,0,0,0
119900013,11,12,-1
119900014,3,0,3
119900015,0,0,0
119900016,0,0,0
119900017,0,0,0
119900018,0,0,0
119900019,0,0,0
119900020,0,0,0
119900021,0,0,0
119900022,0,0,0
119900023,0,0,0
119900025,0,0,0
119900026,0,0,0
119900027,0,0,0
119900028,0,0,0
119900029,0,0,0
119900030,0,1,-1
119900031,0,0,0
119900033,18,0,18
119900034,0,0,0
119900037,0,0,0
119900038,0,0,0
119900039,0,0,0
119900040,0,0,0
119900041,0,0,0
119900042,0,0,0
119900043,0,0,0
119900044,0,0,0
119900046,0,0,0
119900047,0,0,0
119900049,0,0,0
119900050,0,0,0
119900051,0,0,0
119900052,0,0,0
119900053,0,0,0
119900054,0,0,0
119900055,0,4,-4
119900057,0,0,0
119900058,0,0,0
119900059,0,2,-2
119900060,0,0,0
119900061,0,0,0
119900062,0,0,0
119900063,0,0,0
119900065,0,0,0
119900067,0,0,0
119900068,0,0,0
119900069,0,0,0
119900070,0,0,0
119900071,0,0,0
119900073,0,0,0
119900074,0,0,0
119900075,77,30,47
119900076,0,2,-2
119900077,0,18,-18
119900078,0,0,0
119900079,0,0,0
119900080,0,0,0
119900081,1,1,0
119900082,0,0,0
119900083,0,0,0
119900084,3,1,2
119900085,4,0,4
119900086,0,29,-29
119900087,0,1,-1
119900088,0,2,-2
119900089,0,83,-83
119900090,2,0,2
119900091,0,56,-56
119900092,0,28,-28
119900093,0,0,0
119900094,1,19,-18
119900095,0,0,0
119900096,0,1,-1
119900097,27,3,24
119900098,0,0,0
119900099,0,9,-9
119900100,132,55,77
119900101,4,14,-10
119900102,0,5,-5
119900103,0,8,-8
119900104,0,2,-2
119900105,18,67,-49
119900106,0,7,-7
119900107,2,20,-18
119900108,37,22,15
119900109,0,3,-3
119900110,3,43,-40
119900111,0,0,0
119900112,19,2,17
119900113,0,0,0
119900114,0,48,-48
119900115,0,0,0
119900116,0,0,0
119900117,1,24,-23
119900118,0,0,0
119900119,0,0,0
119900120,4,14,-10
119900121,2,17,-15
119900122,0,0,0
119900123,0,0,0
119900124,0,6,-6
119900125,0,0,0
119900126,49,2,47
119900127,0,0,0
119900128,0,0,0
119900129,0,0,0
119900130,0,0,0
119900131,0,0,0
119900132,0,0,0
119900133,0,1,-1
119900134,2,0,2
119900135,0,0,0
119900136,0,0,0
119900138,0,0,0
119900139,0,0,0
119900140,0,0,0
119900141,0,0,0
119900142,0,0,0
119900143,0,0,0
119900144,0,0,0
119900145,0,0,0
119900146,1,1,0
119900147,0,0,0
119900148,0,0,0
119900149,0,1,-1
119900150,0,0,0
119900151,13,4,9
119900152,0,0,0
119900153,0,0,0
119900154,0,42,-42
119900155,1,7,-6
119900156,0,0,0
119900157,0,0,0
119900158,0,0,0
119900159,0,50,-50
119900160,0,1,-1
119900161,0,0,0
119900162,0,0,0
119900163,1,2,-1
119900164,0,0,0
119900165,0,0,0
119900166,0,0,0
119900167,0,0,0
119900168,0,0,0
119900169,2,0,2
119900170,0,1,-1
119900171,0,0,0
119900172,0,0,0
119900173,0,9,-9
119900174,0,0,0
119900175,0,0,0
119900177,0,4,-4
119900178,0,0,0
119900179,0,0,0
119900180,0,0,0
119900181,0,0,0
119900182,0,20,-20
119900183,0,12,-12
119900184,3,0,3
119900185,0,0,0
119900186,0,0,0
119900187,0,24,-24
119900188,0,2,-2
119900189,2,0,2
119900190,0,0,0
119900191,0,0,0
119900192,0,1,-1
119900193,0,0,0
119900194,0,0,0
119900195,0,1,-1
119900196,0,0,0
119900197,0,0,0
119900198,0,31,-31
119900199,0,0,0
119900200,0,0,0
119900201,6,4,2
119900202,0,0,0
119900203,0,0,0
119900204,0,0,0
119900205,0,0,0
119900206,0,0,0
119900208,0,0,0
119900209,0,2,-2
119900210,0,0,0
119900211,0,0,0
119900212,0,11,-11
119900213,0,0,0
119900214,0,1,-1
119900215,0,3,-3
119900216,0,4,-4
119900217,0,0,0
119900218,0,0,0
119900219,0,0,0
119900220,0,0,0
119900221,0,0,0
119900222,0,0,0
119900223,0,0,0
119900224,0,0,0
119900225,0,0,0
119900226,0,0,0
119900227,42,5,37
119900228,0,0,0
119900229,0,0,0
119900230,0,0,0
119900231,0,0,0
119900232,0,0,0
119900233,0,0,0
119900234,0,0,0
119900235,0,0,0
119900236,0,0,0
119900237,0,0,0
119900238,0,0,0
119900240,0,3,-3
119900241,0,11,-11
119900242,0,8,-8
119900244,0,0,0
119900245,0,1,-1
119900246,0,0,0
119900247,0,0,0
119900248,0,0,0
119900249,0,0,0
119900253,0,0,0
119900254,0,0,0
119900255,3,25,-22
119900256,0,12,-12
119900257,0,0,0
119900258,0,0,0
119900259,0,8,-8
119900260,0,0,0
119900261,0,0,0
119900262,0,5,-5
119900263,2,8,-6
119900264,0,0,0
119900265,0,0,0
119900266,0,0,0
119900267,0,0,0
119900268,0,0,0
119900269,0,4,-4
119900271,0,0,0
119900272,0,0,0
119900275,0,0,0
119900276,0,0,0
119900277,0,0,0
119900278,2,0,2
119900279,0,0,0
119900280,33,4,29
119900281,0,3,-3
119900282,0,0,0
119900283,0,0,0
119900284,0,5,-5
119900285,0,0,0
119900286,0,0,0
119900288,0,1,-1
119900289,0,1,-1
119900290,0,0,0
119900291,0,0,0
119900292,0,0,0
119900293,0,0,0
119900294,0,1,-1
119900295,0,0,0
119900296,0,2,-2
119900297,0,0,0
119900298,0,1,-1
119900299,0,0,0
119900300,0,0,0
119900301,0,0,0
119900302,0,1,-1
119900303,0,5,-5
119900304,0,0,0
119900305,0,0,0
119900306,0,0,0
119900307,0,0,0
119900308,0,0,0
119900309,0,0,0
119900310,3,3,0
119900311,0,0,0
119900312,0,0,0
119900313,0,0,0
119900314,0,0,0
119900315,0,61,-61
119900318,0,0,0
119900319,0,10,-10
119900320,0,8,-8
119900321,0,0,0
120000001,293,72,221
120000002,204,258,-54
120000003,153,178,-25
120000004,225,197,28
120000005,1097,260,837
120000006,112,185,-73
120000007,197,362,-165
120000008,122,262,-140
120000009,175,98,77
120000010,85,282,-197
120000011,48,221,-173
120000012,148,313,-165
120000013,76,180,-104
120000014,23,153,-130
120000015,147,233,-86
120000016,118,34,84
120000017,30,35,-5
120000018,154,146,8
120000019,47,53,-6
120000020,137,133,4
120000021,141,116,25
120000022,445,126,319
120000023,40,63,-23
120000024,93,123,-30
120000025,70,183,-113
120000026,25,200,-175
120000027,129,223,-94
120000028,22,103,-81
120000029,110,22,88
120000030,2,18,-16
120000031,74,81,-7
120000032,421,140,281
120000033,38,69,-31
120000034,46,90,-44
120000035,20,52,-32
120000036,48,105,-57
120000037,0,0,0
120000038,371,57,314
120000039,19,16,3
120000040,3,3,0
120000041,4,56,-52
120000042,19,291,-272
120000043,28,39,-11
120000044,79,45,34
120000045,95,41,54
120000046,42,57,-15
120000047,18,38,-20
120000048,242,104,138
120000049,91,127,-36
120000050,83,181,-98
120000051,252,178,74
120000052,402,46,356
120000053,31,151,-120
120000054,57,460,-403
120000055,42,290,-248
120000056,36,269,-233
120000057,22,35,-13
120000058,5,8,-3
120000059,0,0,0
120000061,12,54,-42
120000062,2,9,-7
120000063,57,237,-180
120000064,10,126,-116
120000065,3,128,-125
120000066,9,20,-11
120000067,12,25,-13
120000068,4,58,-54
120000069,17,92,-75
120000070,0,70,-70
120000071,0,40,-40
120000072,10,48,-38
120000073,23,8,15
120000074,1,4,-3
120000075,11,18,-7
120000076,31,79,-48
120000077,38,63,-25
120000078,95,72,23
120000079,0,0,0
120000080,0,0,0
120000081,0,0,0
120000082,0,1,-1
120000083,1,0,1
120000084,15,25,-10
120000085,16,18,-2
120000086,8,50,-42
120000087,2,108,-106
120000088,0,19,-19
120000089,0,0,0
120000090,0,0,0
120000091,0,0,0
120000092,0,0,0
120000093,0,0,0
120000094,0,0,0
120000095,14,19,-5
120000096,6,29,-23
120000098,12,21,-9
120000099,5,9,-4
120000100,35,39,-4
120000101,23,22,1
120000102,10,15,-5
120000103,13,16,-3
120000104,7,2,5
120000105,24,2,22
120000106,27,15,12
120000107,22,9,13
120000108,9,0,9
120000109,40,0,40
120000110,7,90,-83
120000111,20,134,-114
120000112,70,311,-241
120000113,26,215,-189
120000114,9,176,-167
120000115,22,165,-143
120000116,43,223,-180
120000117,105,200,-95
120000118,0,0,0
120000119,0,0,0
120000120,0,0,0
120000121,0,0,0
120000122,0,0,0
120000123,9,15,-6
120000124,9,7,2
120000125,7,35,-28
120000126,2,19,-17
120000127,19,9,10
120000128,39,41,-2
120000129,2,2,0
120000130,0,0,0
120000131,6,27,-21
120000134,0,0,0
120000135,0,4,-4
120000137,0,0,0
120000138,1,1,0
120000139,0,0,0
120000140,2,6,-4
120000141,0,0,0
120000142,0,2,-2
120000143,0,0,0
120000144,0,0,0
120000145,0,0,0
120000146,71,23,48
120000149,16,10,6
120000150,6,18,-12
120000151,0,0,0
120000152,0,0,0
120000153,2,66,-64
120000154,28,91,-63
120000155,0,1,-1
120000156,1,2,-1
120000157,0,0,0
120000158,20,108,-88
120000159,152,480,-328
120000160,143,110,33
120000161,51,131,-80
120000162,1,10,-9
120000163,5,104,-99
120000164,13,34,-21
120000165,2,65,-63
120000166,2,43,-41
120000167,0,2,-2
120000168,3,4,-1
120000169,49,22,27
120000170,80,6,74
120000171,18,4,14
120000172,0,2,-2
120000173,131,3,128
120000174,24,0,24
120000175,21,1,20
120000176,2,24,-22
120000177,61,149,-88
120000178,13,0,13
120000179,24,2,22
120000180,40,6,34
120000181,6,4,2
120000182,11,2,9
120000183,0,14,-14
120000184,4,176,-172
120000186,0,1,-1
120000187,0,0,0
120000188,0,0,0
120000190,0,0,0
120000191,0,0,0
120000192,0,0,0
120000193,0,0,0
120000195,0,0,0
120000196,0,0,0
120000197,0,0,0
120000198,0,7,-7
120000199,0,0,0
120000200,0,0,0
120000201,0,0,0
120000202,0,1,-1
120000203,0,9,-9
120000207,0,0,0
120000208,0,0,0
120000209,0,0,0
120000210,0,0,0
120000211,0,0,0
120000212,0,0,0
120000213,0,0,0
120000214,0,0,0
120000215,0,0,0
120000216,0,0,0
120000217,13,18,-5
120000218,6,35,-29
120000219,2,57,-55
120000220,0,92,-92
120000225,0,1,-1
120000226,0,0,0
120000227,0,0,0
120000228,207,70,137
120000230,0,0,0
120000231,0,0,0
120000233,0,0,0
120000235,18,57,-39
120000236,0,0,0
120000237,0,55,-55
120000238,0,17,-17
120000241,0,0,0
120000412,0,0,0
120000413,0,0,0
120000414,0,0,0
120000415,0,0,0
120000416,0,0,0
120000417,0,0,0
120000418,0,0,0
120000419,0,0,0
120000420,0,0,0
120000421,592,927,-335
120000422,18,8,10
120000423,0,1,-1
120000424,0,2,-2
120000436,8,9,-1
120000437,16,10,6
120000438,59,23,36
120000439,2,28,-26
120000443,0,0,0
120000444,7,29,-22
120000445,25,15,10
120000446,16,3,13
120000447,0,0,0
120000449,0,0,0
120000450,0,0,0
120000451,0,8,-8
120000452,0,0,0
120000453,0,189,-189
120000454,0,0,0
120000455,0,3,-3
120000456,86,85,1
120000457,45,7,38
120000458,36,50,-14
120000459,0,0,0
120000665,33,3,30
120000668,3,19,-16
120000669,0,0,0
120000670,2,1,1
120000671,38,23,15
120000672,5,28,-23
120900001,0,0,0
120900002,0,0,0
120900003,0,0,0
120900004,0,1,-1
120900005,0,0,0
120900006,0,0,0
120900007,0,4,-4
120900008,0,0,0
120900009,0,0,0
120900010,0,1,-1
120900011,0,0,0
120900012,3,6,-3
120900013,0,0,0
120900014,0,0,0
120900015,0,0,0
120900016,0,0,0
120900017,58,4,54
120900018,0,0,0
120900019,1,1,0
120900020,2,0,2
120900021,0,0,0
120900022,0,0,0
120900023,0,0,0
120900024,7,8,-1
120900025,1,0,1
120900026,0,0,0
120900027,0,0,0
120900028,2,0,2
120900029,0,0,0
120900030,0,0,0
120900031,0,0,0
120900032,0,0,0
120900033,0,0,0
120900034,0,0,0
120900035,0,0,0
120900037,0,0,0
120900038,0,0,0
120900039,0,0,0
120900040,0,0,0
120900041,0,0,0
120900042,0,0,0
120900043,0,0,0
120900044,0,0,0
120900045,0,0,0
120900046,1,0,1
120900047,0,0,0
120900048,0,0,0
120900049,0,0,0
120900050,0,0,0
120900051,0,0,0
120900052,0,0,0
120900053,0,0,0
120900054,0,0,0
120900055,0,0,0
120900056,0,0,0
120900057,0,0,0
120900058,0,0,0
120900059,0,0,0
120900060,0,0,0
120900061,0,0,0
120900062,0,0,0
120900063,0,0,0
120900064,0,0,0
120900065,0,0,0
120900066,0,24,-24
120900067,0,0,0
120900068,0,0,0
120900069,0,0,0
120900071,0,0,0
120900072,0,0,0
120900073,0,0,0
120900074,0,0,0
120900076,0,0,0
120900077,0,0,0
120900078,1,50,-49
120900079,0,0,0
120900080,1,41,-40
120900081,0,0,0
120900082,0,5,-5
120900083,0,0,0
120900084,0,0,0
120900085,0,0,0
120900086,3,0,3
120900087,0,0,0
120900088,0,0,0
120900089,51,9,42
120900090,0,1,-1
120900091,0,0,0
120900092,2,6,-4
120900093,0,0,0
120900094,11,2,9
120900095,0,0,0
120900096,0,1,-1
120900097,28,12,16
120900098,0,0,0
120900099,0,0,0
120900100,0,4,-4
120900101,0,0,0
120900102,0,0,0
120900103,0,1,-1
120900104,1,0,1
120900105,0,0,0
120900106,58,15,43
120900107,8,3,5
120900108,0,0,0
120900109,1,29,-28
120900110,0,0,0
120900111,0,6,-6
120900112,0,0,0
120900113,3,45,-42
120900114,2,15,-13
120900115,4,7,-3
120900116,0,2,-2
120900117,0,0,0
120900118,1,65,-64
120900119,0,0,0
120900120,2,22,-20
120900121,9,36,-27
120900122,0,11,-11
120900123,0,0,0
120900124,0,37,-37
120900125,0,14,-14
120900126,9,20,-11
120900127,0,0,0
120900128,20,35,-15
120900129,2,13,-11
120900130,0,9,-9
120900131,0,0,0
120900132,0,0,0
120900133,4,57,-53
120900134,14,17,-3
120900135,0,42,-42
120900136,0,0,0
120900137,0,0,0
120900138,0,11,-11
120900139,0,27,-27
120900140,0,0,0
120900141,0,0,0
120900142,0,43,-43
120900143,0,44,-44
120900144,0,16,-16
120900145,0,53,-53
120900146,0,30,-30
120900147,0,0,0
120900148,0,0,0
120900149,0,7,-7
120900150,4,15,-11
120900151,0,22,-22
120900152,0,0,0
120900153,0,0,0
120900154,0,12,-12
120900155,0,61,-61
120900156,0,12,-12
120900157,0,2,-2
120900158,2,28,-26
120900159,0,6,-6
120900160,16,24,-8
120900161,0,9,-9
120900162,0,8,-8
120900163,0,0,0
120900164,0,0,0
120900165,0,0,0
120900166,0,0,0
120900167,0,0,0
120900169,0,7,-7
120900170,9,3,6
120900171,11,1,10
120900172,0,0,0
120900173,0,9,-9
120900174,1,4,-3
120900175,0,0,0
120900176,0,3,-3
120900177,0,4,-4
120900178,0,2,-2
120900179,14,2,12
120900180,0,0,0
120900181,0,0,0
120900182,0,0,0
120900183,0,0,0
120900184,0,0,0
120900185,0,2,-2
120900186,0,27,-27
120900187,0,2,-2
120900188,0,0,0
120900189,0,0,0
120900190,0,0,0
120900191,0,0,0
120900192,64,2,62
120900194,0,0,0
120900195,0,3,-3
120900196,0,0,0
120900197,0,0,0
120900198,5,26,-21
120900199,0,0,0
120900200,0,0,0
120900201,24,4,20
120900202,1,14,-13
120900203,0,0,0
120900204,16,16,0
120900205,0,0,0
120900206,0,0,0
120900207,0,15,-15
121000001,55,129,-74
121000002,105,30,75
121000003,509,216,293
121000004,127,65,62
121000005,325,227,98
121000006,384,135,249
121000007,430,448,-18
121000008,424,126,298
121000009,783,716,67
121000010,1027,201,826
121000011,886,488,398
121000012,1082,307,775
121000013,798,887,-89
121000014,1050,529,521
121000015,433,755,-322
121000016,1110,558,552
121000017,97,137,-40
121000018,179,67,112
121000019,1046,350,696
121000020,1002,431,571
121000021,147,223,-76
121000022,214,135,79
121000023,327,246,81
121000024,223,380,-157
121000025,37,13,24
121000026,55,16,39
121000027,414,50,364
121000028,46,23,23
121000029,9,15,-6
121000030,24,12,12
121000031,37,27,10
121000032,38,7,31
121000034,0,0,0
121000035,0,2,-2
121000036,15,11,4
121000037,72,47,25
121000038,28,73,-45
121000039,9,12,-3
121000041,4,11,-7
121000042,0,0,0
121000043,10,5,5
121000044,22,32,-10
121000045,2,2,0
121000046,4,25,-21
121000047,2,3,-1
121000049,96,70,26
121000050,31,200,-169
121000051,15,18,-3
121000052,20,56,-36
121000053,0,0,0
121000054,2,25,-23
121000055,105,53,52
121000056,70,72,-2
121000057,32,12,20
121000058,27,32,-5
121000059,47,19,28
121000060,36,23,13
121000061,0,6,-6
121000062,5,2,3
121000063,80,67,13
121000064,12,12,0
121000065,16,16,0
121000066,20,43,-23
121000067,45,18,27
121000068,0,0,0
121000069,0,0,0
121000070,58,56,2
121000071,56,38,18
121000072,24,42,-18
121000073,46,57,-11
121000074,2,12,-10
121000075,5,3,2
121000076,42,2,40
121000077,0,0,0
121000078,16,16,0
121000080,159,56,103
121000081,88,86,2
121000082,21,29,-8
121000083,0,0,0
121000084,18,6,12
121000085,100,47,53
121000086,0,0,0
121000087,0,0,0
121000088,37,109,-72
121000089,0,0,0
121000090,29,116,-87
121000091,299,221,78
121000092,16,4,12
121000093,8,20,-12
121000094,65,38,27
121000095,0,0,0
121000096,444,256,188
121000097,53,107,-54
121000098,22,47,-25
121000099,20,57,-37
121000100,17,41,-24
121000101,0,0,0
121000102,1,22,-21
121000103,0,0,0
121000104,4,6,-2
121000105,4,14,-10
121000106,0,0,0
121000107,267,251,16
121000109,135,216,-81
121000110,7,17,-10
121000114,282,312,-30
121000115,46,89,-43
121000116,54,65,-11
121000117,0,0,0
121000118,25,0,25
121000119,6,2,4
121000120,0,0,0
121000121,0,0,0
121000123,0,0,0
121000127,0,4,-4
121000128,8,58,-50
121000129,13,17,-4
121000130,24,29,-5
121000131,47,45,2
121000132,35,57,-22
121000135,7,4,3
121000136,71,3,68
121000137,10,0,10
121000138,19,21,-2
121000139,40,28,12
121000141,10,8,2
121000142,53,15,38
121000143,0,0,0
121000144,4,11,-7
121000145,11,40,-29
121000146,28,13,15
121000147,10,10,0
121000148,14,32,-18
121000149,83,64,19
121000152,26,17,9
121000153,98,36,62
121000154,80,14,66
121000155,79,49,30
121000156,27,44,-17
121000157,31,12,19
121000158,36,25,11
121000159,1,26,-25
121000160,3,22,-19
121000161,0,1,-1
121000162,0,0,0
121000165,0,0,0
121000166,4,12,-8
121000168,7,13,-6
121000169,1,46,-45
121000170,25,17,8
121000171,4,15,-11
121000172,46,37,9
121000173,73,47,26
121000174,22,59,-37
121000175,14,20,-6
121000176,50,17,33
121000177,16,29,-13
121000178,7,1,6
121000179,6,4,2
121000181,14,15,-1
121000182,76,20,56
121000183,14,1,13
121000184,1,1,0
121000185,0,0,0
121000186,2,19,-17
121000187,0,0,0
121000188,0,0,0
121000192,23,9,14
121000193,22,22,0
121000194,270,152,118
121000195,19,68,-49
121000196,0,0,0
121000197,9,21,-12
121000198,10,11,-1
121000199,6,55,-49
121000200,13,7,6
121000201,0,5,-5
121000202,1,0,1
121000203,0,14,-14
121000204,17,2,15
121000205,1,58,-57
121000206,4,6,-2
121000207,23,18,5
121000208,0,24,-24
121000209,6,61,-55
121000210,25,43,-18
121000211,3,12,-9
121000212,15,59,-44
121000213,8,50,-42
121000214,26,33,-7
121000215,67,55,12
121000216,11,37,-26
121000217,158,67,91
121000218,38,157,-119
121000219,78,23,55
121000220,39,50,-11
121000221,18,8,10
121000222,246,231,15
121000223,17,35,-18
121000224,0,0,0
121000225,98,18,80
121000226,36,21,15
121000227,1,27,-26
121000228,1,113,-112
121000229,3,52,-49
121000230,12,303,-291
121000231,0,0,0
121000232,0,0,0
121000233,3,5,-2
121000234,0,0,0
121000235,1,0,1
121000236,0,0,0
121000237,0,0,0
121000238,0,0,0
121000239,0,0,0
121000240,0,0,0
121000241,1,1,0
121000242,0,0,0
121000243,1,0,1
121000244,0,0,0
121000245,0,0,0
121000246,0,0,0
121000247,0,0,0
121000248,1,0,1
121000249,3,16,-13
121000250,3,5,-2
121000251,1,43,-42
121000252,0,0,0
121000253,31,93,-62
121000254,19,18,1
121000255,9,10,-1
121000256,1,5,-4
121000257,2,11,-9
121000258,1,1,0
121000259,6,1,5
121000260,5,10,-5
121000261,1,3,-2
121000262,60,46,14
121000263,49,46,3
121000271,11,85,-74
121000273,4,7,-3
121000274,0,0,0
121000275,1,9,-8
121000276,0,0,0
121000278,0,0,0
121000279,0,2,-2
121000280,0,1,-1
121000289,1,1,0
121000290,76,53,23
121000294,2,5,-3
121000297,14,31,-17
121000299,2,26,-24
121000300,24,20,4
121000302,2,21,-19
121000303,30,17,13
121000304,0,0,0
121000305,0,0,0
121000306,0,0,0
121000308,15,27,-12
121000309,81,67,14
121000310,9,48,-39
121000311,3,103,-100
121000312,0,0,0
121000313,43,40,3
121000314,26,8,18
121000315,10,4,6
121000530,35,39,-4
121000531,50,49,1
121000532,227,101,126
121000533,235,78,157
121000918,0,14,-14
121000919,0,0,0
121000938,5,4,1
121000939,2,0,2
121000956,37,82,-45
121000957,2,23,-21
121000958,2,15,-13
121000959,25,83,-58
121000960,48,133,-85
121000961,4,0,4
121000962,0,0,0
121000973,0,33,-33
121000976,0,0,0
121000979,0,0,0
121000981,11,1,10
121000982,0,0,0
121000983,10,47,-37
121000984,0,2,-2
121000985,11,8,3
121000986,1,0,1
121000987,10,128,-118
121000988,30,8,22
121001302,23,10,13
121001308,0,2,-2
121001309,6,1,5
121001313,4,24,-20
121001314,664,714,-50
121001315,393,158,235
121001326,0,7,-7
121900001,0,0,0
121900002,0,3,-3
121900003,0,0,0
121900004,0,0,0
121900005,0,0,0
121900006,0,0,0
121900007,0,0,0
121900008,0,0,0
121900009,0,0,0
121900010,0,0,0
121900011,0,0,0
121900012,0,0,0
121900013,0,0,0
121900014,0,0,0
121900015,0,0,0
121900016,0,0,0
121900017,0,0,0
121900018,0,0,0
121900019,0,0,0
121900020,0,0,0
121900021,0,0,0
121900022,0,0,0
121900023,0,0,0
121900024,0,0,0
121900025,0,0,0
121900026,0,0,0
121900027,0,0,0
121900028,0,0,0
121900029,0,0,0
121900030,0,0,0
121900031,0,0,0
121900032,0,0,0
121900033,0,0,0
121900034,0,0,0
121900035,0,0,0
121900036,0,0,0
121900037,0,0,0
121900038,0,0,0
121900039,0,0,0
121900040,0,0,0
121900041,0,0,0
121900042,0,0,0
121900043,0,0,0
121900044,0,0,0
121900046,0,0,0
121900047,0,0,0
121900048,0,0,0
121900050,0,0,0
121900051,0,0,0
121900052,0,0,0
121900053,5,13,-8
121900054,0,0,0
121900055,0,0,0
121900058,0,0,0
121900059,0,0,0
121900060,0,0,0
121900062,0,0,0
121900063,0,0,0
121900064,0,0,0
121900066,0,0,0
121900067,0,0,0
121900069,0,0,0
121900070,0,0,0
121900071,0,0,0
121900072,0,0,0
121900073,0,0,0
121900074,0,0,0
121900075,0,0,0
121900076,0,0,0
121900078,0,0,0
121900079,0,0,0
121900080,0,0,0
121900082,0,0,0
121900084,0,0,0
121900086,0,0,0
121900087,0,0,0
121900088,0,0,0
121900089,0,0,0
121900090,0,0,0
121900091,0,0,0
121900092,0,0,0
121900093,0,0,0
121900094,0,0,0
121900095,0,0,0
121900096,0,0,0
121900097,0,0,0
121900098,0,0,0
121900099,0,0,0
121900100,0,0,0
121900101,0,0,0
121900102,0,0,0
121900103,0,0,0
121900104,0,0,0
121900105,0,0,0
121900106,0,0,0
121900107,0,0,0
121900108,0,0,0
121900109,0,0,0
121900110,0,0,0
121900111,0,0,0
121900112,0,0,0
121900113,0,0,0
121900114,0,0,0
121900117,0,0,0
121900118,0,0,0
121900119,0,0,0
121900120,0,0,0
121900121,0,0,0
121900122,0,0,0
121900123,0,0,0
121900124,0,0,0
121900125,0,0,0
121900127,0,0,0
121900128,0,0,0
121900129,0,0,0
121900130,0,0,0
121900131,0,0,0
121900132,0,0,0
121900133,0,0,0
121900134,0,0,0
121900135,0,0,0
121900136,0,0,0
121900137,0,0,0
121900138,0,0,0
121900139,0,0,0
121900140,0,0,0
121900141,0,0,0
121900142,0,0,0
121900143,0,0,0
121900144,0,0,0
121900145,0,0,0
121900146,0,0,0
121900147,0,0,0
121900148,0,0,0
121900149,0,0,0
121900150,0,0,0
121900151,0,0,0
121900152,0,0,0
121900153,0,0,0
121900154,0,0,0
121900155,0,0,0
121900156,0,0,0
121900157,0,0,0
121900158,0,0,0
121900159,0,0,0
121900160,0,0,0
121900161,0,0,0
121900162,0,0,0
121900163,0,0,0
121900164,0,0,0
121900165,0,0,0
121900166,0,0,0
121900167,0,0,0
121900168,0,0,0
121900169,0,18,-18
121900170,0,0,0
121900171,0,0,0
121900172,0,0,0
121900173,0,0,0
121900174,0,0,0
121900175,0,0,0
121900176,4,29,-25
121900177,1,0,1
121900178,0,0,0
121900179,0,0,0
121900180,2,7,-5
121900182,0,0,0
121900183,0,0,0
121900184,0,0,0
121900186,0,0,0
121900187,0,0,0
121900188,0,0,0
121900189,0,0,0
121900190,0,0,0
121900191,0,0,0
121900192,0,0,0
121900193,0,0,0
121900194,0,0,0
121900195,0,0,0
121900196,0,0,0
121900197,1,15,-14
121900198,0,0,0
121900199,0,0,0
121900200,0,0,0
121900201,0,0,0
121900202,0,0,0
121900203,0,0,0
121900204,0,0,0
121900205,0,0,0
121900206,0,0,0
121900207,0,0,0
121900208,0,0,0
121900209,0,0,0
121900210,0,0,0
121900211,0,0,0
121900212,0,0,0
121900213,0,0,0
121900214,0,0,0
121900215,0,0,0
121900216,0,0,0
121900217,0,0,0
121900218,0,0,0
121900220,0,0,0
121900221,0,0,0
121900222,0,0,0
121900223,0,0,0
121900224,0,0,0
121900225,0,0,0
121900226,0,0,0
121900227,0,0,0
121900228,0,0,0
121900230,0,0,0
121900231,0,0,0
121900232,0,0,0
121900233,0,0,0
121900234,0,0,0
121900235,0,0,0
121900236,0,0,0
121900237,0,0,0
121900238,0,0,0
121900239,0,0,0
121900240,0,0,0
121900241,0,0,0
121900242,0,0,0
121900243,0,0,0
121900244,0,0,0
121900245,0,0,0
121900246,0,0,0
121900248,0,0,0
121900250,0,0,0
121900251,0,0,0
121900252,0,0,0
121900253,1,8,-7
121900254,0,0,0
121900255,0,0,0
121900258,0,0,0
121900259,0,0,0
121900260,0,0,0
121900261,0,0,0
121900262,0,0,0
121900263,0,0,0
121900264,0,0,0
121900265,0,0,0
121900266,0,0,0
121900267,0,0,0
121900269,0,0,0
121900270,0,0,0
121900271,0,0,0
121900273,0,0,0
121900274,0,0,0
121900277,0,0,0
121900278,0,0,0
121900279,0,0,0
121900280,0,0,0
121900281,0,0,0
121900284,0,0,0
121900286,0,0,0
121900287,0,0,0
121900288,0,0,0
121900290,0,0,0
121900291,3,5,-2
121900292,0,0,0
121900293,4,72,-68
121900294,0,0,0
121900295,0,0,0
121900296,0,0,0
121900298,0,0,0
121900299,0,0,0
121900300,0,0,0
121900301,0,0,0
121900302,0,0,0
121900303,0,0,0
121900304,0,0,0
121900305,0,0,0
121900306,0,0,0
121900307,0,0,0
121900308,0,3,-3
121900309,0,9,-9
121900310,0,10,-10
121900311,0,0,0
121900312,0,0,0
121900313,0,0,0
121900314,0,0,0
121900315,0,0,0
121900316,0,0,0
121900317,0,0,0
121900318,0,0,0
121900319,0,0,0
121900320,0,0,0
121900321,0,0,0
121900322,0,0,0
121900323,0,0,0
121900324,0,0,0
121900325,0,0,0
121900326,0,0,0
121900327,0,0,0
121900328,0,0,0
121900329,0,0,0
121900330,0,0,0
121900331,0,0,0
121900332,0,0,0
121900333,0,0,0
121900334,0,0,0
122000001,132,188,-56
122000002,126,95,31
122000003,116,89,27
122000004,74,64,10
122000005,22,23,-1
122000006,56,28,28
122000007,44,49,-5
122000008,74,88,-14
122000009,5,5,0
122000010,110,63,47
122000011,28,18,10
122000012,20,54,-34
122000013,29,33,-4
122000014,40,26,14
122000015,36,14,22
122000016,26,26,0
122000017,70,67,3
122000018,108,104,4
122000019,33,65,-32
122000020,12,11,1
122000021,17,17,0
122000022,43,8,35
122000023,17,8,9
122000024,19,36,-17
122000025,14,43,-29
122000026,3,0,3
122000027,71,86,-15
122000028,0,0,0
122000029,0,0,0
122000030,52,8,44
122000031,0,0,0
122000032,6,2,4
122000033,3,6,-3
122000034,56,46,10
122000035,23,30,-7
122000036,19,61,-42
122000037,31,9,22
122000038,17,6,11
122000039,30,22,8
122000040,35,25,10
122000041,0,0,0
122000042,0,0,0
122000043,0,0,0
122000044,0,0,0
122000045,4,1,3
122000046,2,2,0
122000047,45,9,36
122000048,108,91,17
122000049,215,162,53
122000050,39,62,-23
122000051,0,0,0
122000052,3,1,2
122000053,0,16,-16
122000054,71,72,-1
122000055,74,131,-57
122000056,108,160,-52
122000057,213,160,53
122000058,178,120,58
122000059,113,127,-14
122000060,63,31,32
122000061,16,11,5
122000062,71,18,53
122000063,9,24,-15
122000064,184,180,4
122000065,296,163,133
122000066,104,76,28
122000067,107,151,-44
122000068,68,40,28
122000069,222,68,154
122000070,1,5,-4
122000071,7,10,-3
122000072,43,16,27
122000073,11,14,-3
122000074,1,0,1
122000075,5,2,3
122000076,21,44,-23
122000077,41,39,2
122000078,133,160,-27
122000079,33,62,-29
122000080,7,7,0
122000081,4,3,1
122000082,0,0,0
122000083,38,70,-32
122000084,64,43,21
122000085,38,33,5
122000086,92,128,-36
122000087,1,1,0
122000088,14,16,-2
122000089,177,96,81
122000090,4,8,-4
122000091,6,2,4
122000092,0,1,-1
122000093,60,188,-128
122000094,405,87,318
122000095,194,101,93
122000096,17,5,12
122000098,384,251,133
122000099,22,44,-22
122000100,19,12,7
122000101,3,7,-4
122000102,164,48,116
122000103,57,46,11
122000104,3,5,-2
122000105,2,4,-2
122000106,11,14,-3
122000107,2,4,-2
122000108,27,13,14
122000109,1,3,-2
122000110,15,27,-12
122000111,67,12,55
122000112,7,12,-5
122000113,9,19,-10
122000114,319,286,33
122000115,333,158,175
122000116,64,22,42
122000117,15,5,10
122000118,6,3,3
122000119,147,131,16
122000120,140,157,-17
122000121,107,132,-25
122000122,25,64,-39
122000123,133,16,117
122000124,25,25,0
122000125,156,26,130
122000126,19,31,-12
122000127,37,71,-34
122000128,32,45,-13
122000129,8,5,3
122000130,11,4,7
122000131,7,5,2
122000132,113,13,100
122000133,42,88,-46
122000134,35,36,-1
122000135,43,108,-65
122000136,0,2,-2
122000137,4,8,-4
122000139,121,104,17
122000140,84,30,54
122000141,116,37,79
122000142,10,37,-27
122000143,9,7,2
122000144,7,6,1
122000145,15,19,-4
122000146,0,0,0
122000147,0,2,-2
122000148,269,134,135
122000149,59,18,41
122000150,12,12,0
122000151,40,25,15
122000152,45,29,16
122000153,0,0,0
122000154,0,0,0
122000155,33,21,12
122000156,569,381,188
122000157,230,242,-12
122000158,24,9,15
122000159,4,12,-8
122000160,60,19,41
122000161,8,7,1
122000162,19,8,11
122000163,0,0,0
122000164,0,0,0
122000165,11,16,-5
122000166,3,1,2
122000167,35,23,12
122000168,0,0,0
122000169,54,13,41
122000170,18,22,-4
122000171,4,14,-10
122000172,67,100,-33
122000173,43,131,-88
122000174,190,170,20
122000175,76,24,52
122000176,0,1,-1
122000177,123,270,-147
122000178,9,2,7
122000179,65,51,14
122000180,127,238,-111
122000181,276,550,-274
122000182,30,9,21
122000183,43,7,36
122000184,1337,234,1103
122000185,275,183,92
122000186,28,33,-5
122000187,10,35,-25
122000188,42,26,16
122000189,0,0,0
122000190,0,63,-63
122000191,12,10,2
122000192,19,3,16
122000193,0,3,-3
122000194,14,4,10
122000195,2,3,-1
122000196,5,9,-4
122000197,3,1,2
122000198,22,25,-3
122000199,15,5,10
122000200,20,13,7
122000201,301,417,-116
122000202,226,197,29
122000203,130,105,25
122000204,69,130,-61
122000205,25,45,-20
122000206,37,5,32
122000207,13,15,-2
122000208,7,57,-50
122000209,0,0,0
122000210,76,182,-106
122000211,37,97,-60
122000212,41,40,1
122000213,52,43,9
122000214,51,73,-22
122000215,99,106,-7
122000217,124,157,-33
122000218,0,0,0
122000219,122,92,30
122000220,15,41,-26
122000221,9,10,-1
122000222,17,0,17
122000223,50,26,24
122000225,64,7,57
122000226,40,177,-137
122000227,17,124,-107
122000228,9,28,-19
122000229,0,21,-21
122000230,0,32,-32
122000231,5,42,-37
122000232,4,36,-32
122000233,0,0,0
122000234,1,0,1
122000235,8,1,7
122000236,4,0,4
122000237,1,0,1
122000238,3,1,2
122000239,2,18,-16
122000240,0,1,-1
122000241,0,0,0
122000242,0,1,-1
122000243,0,0,0
122000244,2,20,-18
122000245,4,33,-29
122000246,5,7,-2
122000247,27,53,-26
122000248,77,104,-27
122000249,5,12,-7
122000250,23,5,18
122000251,11,21,-10
122000252,38,2,36
122000253,0,15,-15
122000254,2,1,1
122000255,18,13,5
122000256,29,232,-203
122000257,13,26,-13
122000258,28,16,12
122000259,0,53,-53
122000260,2,30,-28
122000261,0,1,-1
122000262,0,6,-6
122000263,4,17,-13
122000264,0,0,0
122000265,0,0,0
122000266,0,0,0
122000267,0,0,0
122000268,0,0,0
122000269,0,0,0
122000270,0,0,0
122000271,0,0,0
122000272,0,0,0
122000273,1,3,-2
122000274,1,1,0
122000275,1,3,-2
122000276,31,26,5
122000277,34,58,-24
122000278,26,26,0
122000279,19,61,-42
122000280,63,84,-21
122000281,30,67,-37
122000282,1,8,-7
122000283,81,7,74
122000284,11,6,5
122000285,68,34,34
122000286,14,27,-13
122000287,11,0,11
122000288,21,0,21
122000291,31,12,19
122000293,6,2,4
122000294,0,0,0
122000295,1,0,1
122000296,1,16,-15
122000297,108,36,72
122000299,5,10,-5
122000300,21,62,-41
122000301,236,81,155
122000302,8,4,4
122000303,401,170,231
122000304,1,16,-15
122000305,35,23,12
122000306,2,80,-78
122000307,27,8,19
122000309,6,25,-19
122000310,0,0,0
122000311,1,8,-7
122000312,2,1,1
122000313,0,3,-3
122000314,3,7,-4
122000315,1,1,0
122000316,3,1,2
122000317,9,3,6
122000318,2,0,2
122000319,15,21,-6
122000320,28,68,-40
122000321,2,48,-46
122000322,103,20,83
122000323,57,30,27
122000324,68,47,21
122000325,11,22,-11
122000326,0,0,0
122000327,13,8,5
122000328,32,48,-16
122000330,48,11,37
122000333,0,12,-12
122000337,24,204,-180
122000338,10,42,-32
122000340,16,8,8
122000342,51,45,6
122000343,4,86,-82
122000344,0,0,0
122000345,4,1,3
122000346,16,14,2
122000348,22,21,1
122000349,1,36,-35
122000351,0,0,0
122000352,13,2,11
122000353,1,25,-24
122000355,2,0,2
122000356,220,115,105
122000357,0,0,0
122000358,0,0,0
122000359,0,0,0
122000360,0,0,0
122000362,2,5,-3
122000364,2,20,-18
122000365,0,0,0
122000366,1,0,1
122000368,16,27,-11
122000370,3,7,-4
122000371,0,0,0
122000372,0,0,0
122000381,2,16,-14
122000382,0,4,-4
122000384,60,80,-20
122000385,0,0,0
122000386,5,12,-7
122000387,28,9,19
122000388,8,4,4
122000389,28,47,-19
122000390,0,6,-6
122000391,0,0,0
122000392,2,12,-10
122000393,0,3,-3
122000394,3,6,-3
122000395,2,6,-4
122000396,10,3,7
122000397,3,15,-12
122000398,0,0,0
122000399,0,0,0
122000400,0,0,0
122000401,8,8,0
122000402,0,0,0
122000403,34,190,-156
122000404,3,26,-23
122000408,57,78,-21
122000503,0,0,0
122000524,0,0,0
122000544,0,0,0
122000614,18,12,6
122000616,101,1,100
122000640,0,0,0
122000641,0,0,0
122000642,0,0,0
122000643,0,0,0
122000644,6,18,-12
122000645,8,61,-53
122000651,27,43,-16
122000664,8,0,8
122000665,57,51,6
122000666,13,49,-36
122000673,6,43,-37
122000674,18,8,10
122000675,42,95,-53
122000686,0,0,0
122000687,17,24,-7
122000688,0,0,0
122000689,27,76,-49
122000690,24,109,-85
122000691,0,0,0
122000692,29,31,-2
122000693,0,0,0
122000695,18,56,-38
122000696,1,8,-7
122000698,7,84,-77
122000699,20,4,16
122000701,32,37,-5
122000702,0,0,0
122000703,0,0,0
122000717,31,6,25
122000718,3,2,1
122000719,0,0,0
122000720,0,10,-10
122000724,38,6,32
122900001,0,0,0
122900002,0,0,0
122900003,0,0,0
122900004,0,0,0
122900005,0,0,0
122900006,0,0,0
122900007,0,0,0
122900008,0,0,0
122900009,0,0,0
122900010,0,0,0
122900012,0,0,0
122900014,0,0,0
122900015,0,0,0
122900016,0,0,0
122900017,0,0,0
122900018,0,0,0
122900020,0,0,0
122900021,0,0,0
122900022,16,26,-10
122900023,4,3,1
122900024,0,1,-1
122900025,0,0,0
122900026,0,0,0
122900027,0,12,-12
122900028,0,0,0
122900029,0,0,0
122900030,50,6,44
122900031,0,0,0
122900032,0,0,0
122900033,0,0,0
122900034,0,0,0
122900035,0,0,0
122900036,0,0,0
122900037,0,0,0
122900038,0,3,-3
122900039,0,0,0
122900040,0,0,0
122900041,0,0,0
122900042,0,0,0
122900043,0,0,0
122900044,0,0,0
122900045,0,0,0
122900046,0,0,0
122900047,0,0,0
122900048,0,0,0
122900049,0,0,0
122900051,0,0,0
122900052,0,1,-1
122900053,0,0,0
122900055,0,0,0
122900057,0,0,0
122900061,0,0,0
122900062,3,1,2
122900063,0,0,0
122900064,0,0,0
122900065,3,2,1
122900066,1,3,-2
122900067,0,0,0
122900069,0,0,0
122900070,3,0,3
122900071,0,1,-1
122900073,0,0,0
122900074,0,0,0
122900075,0,0,0
122900076,0,2,-2
122900077,0,11,-11
122900078,0,11,-11
122900080,0,0,0
122900081,0,0,0
122900082,0,0,0
122900083,0,0,0
122900084,0,0,0
122900086,0,0,0
122900087,0,0,0
122900088,0,0,0
122900089,0,0,0
122900090,0,10,-10
122900091,0,0,0
122900092,0,0,0
122900093,0,0,0
122900094,0,0,0
122900095,0,0,0
122900096,0,0,0
122900097,0,0,0
122900098,0,0,0
122900099,0,0,0
122900100,0,0,0
122900101,0,0,0
122900102,0,0,0
122900103,0,0,0
122900104,0,0,0
122900105,0,0,0
122900106,0,0,0
122900107,0,0,0
122900108,0,0,0
122900109,1,3,-2
123000001,181,91,90
123000002,624,277,347
123000003,396,352,44
123000004,531,686,-155
123000005,137,172,-35
123000006,290,546,-256
123000007,210,164,46
123000008,335,913,-578
123000009,538,356,182
123000010,1128,1483,-355
123000011,280,134,146
123000012,245,583,-338
123000013,292,68,224
123000014,213,827,-614
123000015,905,97,808
123000016,532,885,-353
123000017,117,47,70
123000018,0,12,-12
123000019,0,3,-3
123000020,0,0,0
123000021,0,0,0
123000022,0,0,0
123000023,25,34,-9
123000024,16,14,2
123000025,0,0,0
123000026,1,4,-3
123000027,2,11,-9
123000028,6,1,5
123000029,20,13,7
123000030,0,40,-40
123000031,1,3,-2
123000032,0,4,-4
123000033,0,1,-1
123000034,5,7,-2
123000035,1,0,1
123000036,3,3,0
123000037,15,30,-15
123000038,7,24,-17
123000039,55,87,-32
123000040,48,27,21
123000041,6,5,1
123000042,27,46,-19
123000043,97,114,-17
123000044,182,165,17
123000045,477,192,285
123000046,6,2,4
123000047,91,44,47
123000048,0,0,0
123000049,408,60,348
123000050,42,28,14
123000051,2,6,-4
123000052,50,58,-8
123000053,278,135,143
123000054,97,52,45
123000055,32,59,-27
123000056,112,210,-98
123000057,662,320,342
123000058,98,22,76
123000059,9,7,2
123000060,21,26,-5
123000061,5,5,0
123000063,35,59,-24
123000064,24,24,0
123000065,372,264,108
123000066,48,28,20
123000067,4,27,-23
123000068,309,381,-72
123000069,701,415,286
123000070,6,7,-1
123000071,6,20,-14
123000072,111,111,0
123000073,2,6,-4
123000074,104,141,-37
123000075,23,16,7
123000076,33,72,-39
123000077,475,306,169
123000078,14,23,-9
123000079,12,19,-7
123000080,159,247,-88
123000081,4,9,-5
123000082,17,28,-11
123000083,11,3,8
123000084,20,100,-80
123000085,8,0,8
123000086,2,0,2
123000087,1,9,-8
123000088,28,53,-25
123000089,0,0,0
123000090,124,198,-74
123000091,0,0,0
123000092,89,159,-70
123000094,2,13,-11
123000095,0,4,-4
123000096,4,3,1
123000097,34,89,-55
123000098,3,2,1
123000099,32,49,-17
123000100,38,33,5
123000101,4,0,4
123000102,18,33,-15
123000104,12,25,-13
123000105,63,54,9
123000106,11,24,-13
123000107,17,65,-48
123000108,64,96,-32
123000111,5,2,3
123000112,26,6,20
123000113,13,45,-32
123000114,2,0,2
123000115,0,18,-18
123000116,0,11,-11
123000117,61,115,-54
123000118,18,74,-56
123000119,14,63,-49
123000120,32,43,-11
123000121,48,21,27
123000122,185,71,114
123000123,93,9,84
123000124,140,75,65
123000125,24,1,23
123000126,1,12,-11
123000127,230,224,6
123000128,34,42,-8
123000129,0,0,0
123000130,0,0,0
123000131,10,27,-17
123000132,24,43,-19
123000133,20,36,-16
123000134,45,8,37
123000135,18,36,-18
123000136,11,78,-67
123000137,3,25,-22
123000138,1,47,-46
123000139,0,0,0
123000140,6,51,-45
123000141,0,0,0
123000142,117,104,13
123000143,86,270,-184
123000144,1,4,-3
123000145,1,5,-4
123000146,0,1,-1
123000147,0,4,-4
123000149,0,0,0
123000150,0,0,0
123000151,13,21,-8
123000152,4,36,-32
123000153,3,8,-5
123000154,64,33,31
123000155,92,40,52
123000156,5,8,-3
123000157,35,43,-8
123000158,0,0,0
123000159,89,35,54
123000160,36,5,31
123000161,80,1,79
123000162,13,7,6
123000163,0,0,0
123000164,0,0,0
123000165,23,119,-96
123000166,0,10,-10
123000167,3,33,-30
123000168,11,14,-3
123000169,0,0,0
123000170,0,40,-40
123000171,0,8,-8
123000172,8,47,-39
123000173,0,0,0
123000174,0,0,0
123000175,64,105,-41
123000176,0,0,0
123000177,13,67,-54
123000178,0,0,0
123000179,0,49,-49
123000180,61,7,54
123000181,16,165,-149
123000182,4,24,-20
123000183,11,3,8
123000185,0,0,0
123000186,1,146,-145
123000187,0,0,0
123000188,0,1,-1
123000189,1,17,-16
123000190,0,26,-26
123000192,0,61,-61
123000193,1,38,-37
123000194,22,23,-1
123000195,0,0,0
123000196,0,0,0
123000197,5,7,-2
123000198,2,24,-22
123000199,0,35,-35
123000200,0,0,0
123000201,0,0,0
123000202,1,102,-101
123000203,0,0,0
123000204,5,153,-148
123000205,19,151,-132
123000206,22,3,19
123000207,14,90,-76
123000208,2,1,1
123000209,22,2,20
123000210,13,129,-116
123000211,33,175,-142
123000212,0,0,0
123000213,0,0,0
123000215,68,12,56
123000216,0,0,0
123000217,0,0,0
123000218,14,54,-40
123000219,0,0,0
123000220,0,0,0
123000221,0,0,0
123000222,1,6,-5
123000223,2,3,-1
123000224,10,7,3
123000225,3,6,-3
123000226,0,32,-32
123000227,1,34,-33
123000228,1,5,-4
123000229,81,237,-156
123000232,9,70,-61
123000233,0,0,0
123000234,16,84,-68
123000235,0,0,0
123000236,25,77,-52
123000237,0,0,0
123000238,10,48,-38
123000239,35,201,-166
123000240,1,16,-15
123000241,0,0,0
123000242,2,11,-9
123000243,119,149,-30
123000244,166,107,59
123000245,3,56,-53
123000249,360,112,248
123000252,0,0,0
123000253,0,0,0
123000254,9,45,-36
123000255,11,6,5
123000256,7,26,-19
123000257,119,108,11
123000258,60,148,-88
123000259,7,32,-25
123000260,10,33,-23
123000261,6,5,1
123000262,5,26,-21
123000263,9,1,8
123000264,1,1,0
123000265,1,6,-5
123000266,9,32,-23
123000267,0,0,0
123000268,2,5,-3
123000269,0,0,0
123000270,0,0,0
123000271,1,12,-11
123000272,0,0,0
123000273,0,0,0
123000274,0,0,0
123000275,14,131,-117
123000278,185,117,68
123000279,0,0,0
123000280,13,30,-17
123000281,0,0,0
123000282,6,27,-21
123000283,0,0,0
123000284,0,14,-14
123000286,8,23,-15
123000287,10,17,-7
123000288,0,0,0
123000289,0,0,0
123000291,20,96,-76
123000294,3,20,-17
123000295,80,17,63
123000296,19,3,16
123000297,0,1,-1
123000298,1,7,-6
123000299,1,0,1
123000300,8,34,-26
123000301,2,13,-11
123000302,0,1,-1
123000303,0,0,0
123000305,116,66,50
123000306,0,41,-41
123000309,2,4,-2
123000310,0,0,0
123000311,0,76,-76
123000312,44,67,-23
123000313,0,0,0
123000315,0,4,-4
123000316,55,62,-7
123000317,0,0,0
123000318,1,25,-24
123000329,52,17,35
123000337,0,11,-11
123000338,0,0,0
123000339,0,58,-58
123000340,0,7,-7
123000342,0,10,-10
123000343,0,0,0
123000344,27,26,1
123000345,13,40,-27
123000346,0,0,0
123000352,88,95,-7
123000353,0,10,-10
123000354,7,0,7
123000355,0,29,-29
123000356,0,0,0
123000357,0,8,-8
123000359,0,16,-16
123000360,0,0,0
123000361,7,28,-21
123000362,1,14,-13
123000363,0,18,-18
123000364,12,7,5
123000365,1,50,-49
123000366,42,71,-29
123000367,81,114,-33
123000370,1,14,-13
123000371,0,0,0
123000372,2,1,1
123000373,1,50,-49
123000374,1,36,-35
123000375,1,0,1
123000376,17,28,-11
123000377,0,0,0
123000378,0,28,-28
123000379,0,26,-26
123000380,2,32,-30
123000381,1,0,1
123000382,46,6,40
123000383,0,71,-71
123000384,4,0,4
123000385,1,83,-82
123000436,3,70,-67
123000507,6,8,-2
123000508,0,34,-34
123000517,38,1,37
123000518,1,16,-15
123000519,44,37,7
123000520,2,12,-10
123000521,18,17,1
123000522,4,29,-25
123000541,0,0,0
123000542,0,6,-6
123000565,8,1,7
123000566,7,62,-55
123000567,7,17,-10
123000573,11,115,-104
123000574,0,0,0
123000575,54,135,-81
123000576,2,141,-139
123000577,12,94,-82
123000578,0,0,0
123000579,70,13,57
123000580,15,0,15
123000582,0,0,0
123000583,1,46,-45
123000584,0,0,0
123000585,0,7,-7
123000586,0,0,0
123000596,19,21,-2
123000597,0,0,0
123000602,0,0,0
123000603,1,41,-40
123000604,8,125,-117
123000605,191,1,190
123000606,0,312,-312
123000609,0,74,-74
123000610,0,0,0
123000613,30,21,9
123000614,0,0,0
123000615,17,26,-9
123000616,0,0,0
123000617,12,43,-31
123000618,5,48,-43
123000619,0,0,0
123000620,4,38,-34
123000622,0,0,0
123000624,0,0,0
123000630,4,15,-11
123000631,10,216,-206
123000632,121,111,10
123000633,0,21,-21
123000634,0,0,0
123000635,20,6,14
123000636,1,23,-22
123000637,0,0,0
123000638,0,0,0
123000639,0,0,0
123000640,0,92,-92
123000648,0,0,0
123000649,15,101,-86
123000650,0,0,0
123000651,3,15,-12
123000652,0,0,0
123000653,0,13,-13
123000654,5,29,-24
123900001,0,0,0
123900002,0,0,0
123900003,0,0,0
123900005,0,0,0
123900006,0,0,0
124000001,128,0,128
124000002,2,55,-53
124000003,5,0,5
124000004,6,60,-54
124000005,9,0,9
124000006,25,164,-139
124000007,0,0,0
124000008,2,78,-76
124000009,0,0,0
124000010,21,96,-75
124000011,0,0,0
124000012,18,81,-63
124000017,0,0,0
124000018,19,12,7
124000019,0,0,0
124000020,5,33,-28
124000021,0,0,0
124000022,15,68,-53
124000023,102,43,59
124000024,70,72,-2
124000025,134,17,117
124000026,90,78,12
124000027,84,5,79
124000028,173,181,-8
124000031,29,1,28
124000032,228,170,58
124000033,36,0,36
124000034,50,190,-140
124000035,4,3,1
124000036,8,85,-77
124000037,6,1,5
124000038,2,10,-8
124000039,21,20,1
124000040,13,45,-32
124000041,11,2,9
124000042,3,46,-43
124000043,3,4,-1
124000044,4,32,-28
124000045,0,0,0
124000046,18,87,-69
124000047,0,0,0
124000048,35,153,-118
124000049,0,0,0
124000050,49,299,-250
124000051,0,0,0
124000052,40,144,-104
124000053,0,0,0
124000054,63,80,-17
124000055,0,0,0
124000056,204,295,-91
124000057,0,0,0
124000058,52,242,-190
124000059,5,9,-4
124000060,189,90,99
124000061,4,24,-20
124000062,511,248,263
124000063,170,271,-101
124000064,255,288,-33
124000065,5,10,-5
124000066,0,0,0
124000067,0,0,0
124000068,0,4,-4
124000069,0,0,0
124000070,10,43,-33
124000071,0,0,0
124000072,10,20,-10
124000073,0,0,0
124000074,8,52,-44
124000075,0,0,0
124000076,2,26,-24
124000077,35,39,-4
124000078,5,3,2
124000079,42,39,3
124000080,0,0,0
124000081,6,64,-58
124000082,0,1,-1
124000083,6,12,-6
124000084,0,1,-1
124000085,6,6,0
124000086,0,0,0
124000087,0,0,0
124000088,0,0,0
124000089,1,1,0
124000090,5,66,-61
124000091,3,1,2
124000092,5,112,-107
124000093,0,0,0
124000094,1,10,-9
124000095,0,0,0
124000096,11,20,-9
124000097,0,0,0
124000098,3,17,-14
124000099,0,0,0
124000100,1,30,-29
124000101,0,0,0
124000102,13,20,-7
124000103,0,0,0
124000104,5,26,-21
124000105,2,0,2
124000106,19,12,7
124000107,2,5,-3
124000108,31,5,26
124000109,0,0,0
124000110,19,9,10
124000111,6,8,-2
124000112,3,23,-20
124000113,0,0,0
124000114,1,37,-36
124000115,12,30,-18
124000116,0,0,0
124000117,6,13,-7
124000118,0,0,0
124000119,7,47,-40
124000120,0,4,-4
124000121,34,13,21
124000122,136,101,35
124000123,62,13,49
124000124,24,93,-69
124000125,26,22,4
124000126,26,76,-50
124000127,29,27,2
124000128,52,176,-124
124000129,47,92,-45
124000130,84,75,9
124000131,43,32,11
124000132,165,122,43
124000133,10,4,6
124000134,35,66,-31
124000135,25,23,2
124000136,36,109,-73
124000137,5,7,-2
124000138,44,74,-30
124000139,0,0,0
124000140,4,20,-16
124000141,2,0,2
124000142,5,35,-30
124000143,0,0,0
124000144,0,34,-34
124000145,0,0,0
124000146,1,8,-7
124000148,0,0,0
124000149,3,1,2
124000150,22,42,-20
124000151,1,1,0
124000152,32,72,-40
124000153,1,1,0
124000154,22,79,-57
124000155,2,7,-5
124000156,61,95,-34
124000169,3,7,-4
124000170,25,23,2
124000171,0,5,-5
124000172,7,35,-28
124000173,0,5,-5
124000174,22,43,-21
124000175,4,8,-4
124000176,0,0,0
124000177,1,5,-4
124000178,0,0,0
124000185,0,2,-2
124000186,0,0,0
124000187,1,3,-2
124000188,1,0,1
124000190,0,0,0
124000191,5,2,3
124000192,0,0,0
124000193,24,122,-98
124000194,30,93,-63
124000195,10,32,-22
124000196,80,239,-159
124000197,28,6,22
124000198,0,0,0
124000201,8,104,-96
124000202,0,6,-6
124000203,2,88,-86
124000204,2,20,-18
124000205,0,60,-60
124000206,1,20,-19
124000207,0,23,-23
124000209,0,46,-46
124000210,1,23,-22
124000211,0,0,0
124000212,1,77,-76
124000213,3,89,-86
124000214,2,34,-32
124000215,0,0,0
124000216,0,77,-77
124000329,8,156,-148
124000338,3,63,-60
124000339,0,0,0
124000341,0,0,0
124000344,0,1,-1
124000357,76,18,58
124000358,52,34,18
124000359,19,19,0
124000360,6,7,-1
124000361,11,5,6
124000362,129,230,-101
124000363,43,115,-72
124000364,97,291,-194
124000365,179,564,-385
124000366,253,399,-146
124000367,14,54,-40
124000368,0,0,0
124000369,0,1,-1
124000370,5,48,-43
124000402,0,0,0
124000403,0,0,0
124000404,0,6,-6
124000405,67,44,23
124000406,38,140,-102
124000407,0,6,-6
124000411,0,23,-23
124000412,0,0,0
124000413,0,0,0
124000414,6,12,-6
124000415,0,17,-17
124000416,6,23,-17
124000417,0,6,-6
124000418,1,5,-4
124000419,3,21,-18
124000420,1,2,-1
124000421,1,26,-25
124000422,0,0,0
124000423,0,1,-1
124000424,0,11,-11
124000425,0,0,0
124000426,0,20,-20
124000427,0,0,0
124000428,1,0,1
124000429,0,42,-42
124000430,9,13,-4
124000431,5,16,-11
124000432,22,40,-18
124000439,0,0,0
124000443,2,8,-6
124000445,4,0,4
124000446,80,5,75
124000447,0,0,0
124000448,0,0,0
124000449,0,0,0
124000450,1,19,-18
124000451,0,8,-8
124000452,55,5,50
124000453,382,69,313
124000454,167,681,-514
124000455,2,105,-103
124000456,0,0,0
124000457,1,29,-28
124000458,2,22,-20
124000459,0,0,0
124000460,2,50,-48
124900001,0,0,0
124900002,0,0,0
124900003,0,0,0
124900004,0,0,0
124900005,0,0,0
124900006,0,0,0
124900008,0,0,0
124900009,0,0,0
124900010,0,0,0
124900011,0,0,0
124900012,0,0,0
124900013,0,0,0
124900014,0,0,0
124900015,0,0,0
124900016,0,0,0
124900017,0,0,0
124900018,0,0,0
124900020,0,0,0
124900021,0,0,0
124900022,0,0,0
124900024,0,0,0
124900026,0,1,-1
124900027,0,0,0
124900028,0,0,0
124900029,0,0,0
124900030,0,0,0
124900031,0,0,0
124900032,0,0,0
124900033,0,0,0
124900034,0,0,0
124900035,0,0,0
124900036,0,0,0
124900037,0,0,0
124900038,0,0,0
124900039,0,0,0
124900040,0,0,0
124900041,0,20,-20
124900042,0,0,0
124900043,8,28,-20
124900044,0,0,0
124900045,8,8,0
124900047,0,5,-5
124900048,3,0,3
124900050,1,2,-1
124900052,2,6,-4
124900053,1,7,-6
124900054,117,11,106
124900055,0,5,-5
124900057,0,37,-37
124900060,1,9,-8
124900061,0,0,0
124900062,0,0,0
124900066,1,2,-1
124900067,0,12,-12
124900068,0,0,0
124900070,0,0,0
124900072,0,0,0
124900075,0,0,0
124900076,0,0,0
124900077,0,0,0
124900078,0,0,0
124900079,0,0,0
124900080,2,33,-31
124900081,0,0,0
124900082,0,0,0
124900083,3,10,-7
124900085,0,0,0
124900086,0,0,0
124900087,0,0,0
124900088,0,0,0
124900089,7,1,6
124900090,0,0,0
124900091,0,0,0
124900092,0,0,0
124900093,0,0,0
124900094,0,0,0
124900095,0,0,0
124900096,0,0,0
124900097,0,0,0
124900098,0,0,0
124900099,0,0,0
124900100,0,0,0
124900101,0,0,0
124900102,0,0,0
124900103,0,0,0
124900104,0,0,0
124900105,0,1,-1
124900106,0,0,0
124900107,0,0,0
124900108,1,0,1
124900111,0,8,-8
124900112,1,19,-18
124900113,0,3,-3
124900114,0,0,0
124900115,0,0,0
124900116,0,0,0
124900117,0,0,0
124900118,0,0,0
124900119,0,0,0
124900120,1,11,-10
124900121,0,0,0
124900122,20,3,17
124900123,0,0,0
124900124,2,3,-1
124900125,0,0,0
124900126,0,25,-25
204000001,0,0,0
204000002,0,0,0
204000003,0,0,0
204000004,0,0,0
204000005,0,0,0
204000006,0,0,0
204000011,20,21,-1
204000012,4,62,-58
204000019,90,58,32
204000020,28,47,-19
204000021,92,38,54
204000022,41,61,-20
204000023,127,354,-227
204000031,0,0,0
204000032,0,0,0
204000034,26,102,-76
204000035,13,0,13
204000036,12,3,9
204000037,5,4,1
204000038,0,4,-4
204000039,1,4,-3
204000040,1,5,-4
204000041,0,4,-4
204000042,0,0,0
204000043,0,0,0
204000044,0,0,0
204000045,0,0,0
204000046,0,0,0
204000057,1,0,1
204000062,5,39,-34
204000068,18,79,-61
204000069,7,25,-18
204000070,0,0,0
204000080,22,32,-10
204000085,123,256,-133
204000086,486,410,76
204000087,23,48,-25
204000088,16,32,-16
204000090,15,93,-78
204000093,0,0,0
204000096,0,1,-1
204000097,0,0,0
204000099,1,1,0
204000100,0,0,0
204000105,235,195,40
204000110,111,284,-173
204000111,54,120,-66
204000112,49,118,-69
204000113,82,115,-33
204000114,24,27,-3
204000115,14,40,-26
204000116,15,31,-16
204000119,0,2,-2
204000132,0,0,0
204000133,0,0,0
204000134,0,0,0
204000135,0,0,0
204000136,0,0,0
204000138,0,0,0
204000140,0,0,0
204000141,0,0,0
204000144,0,0,0
204000145,0,0,0
204000146,21,38,-17
204000147,5,44,-39
204000148,0,0,0
204000154,0,0,0
204000155,0,1,-1
204000177,0,0,0
204000179,0,0,0
204000180,0,36,-36
204000222,0,2,-2
204000235,9,5,4
204000236,6,57,-51
204000238,0,0,0
204000240,8,10,-2
204000263,82,237,-155
204000268,0,0,0
204000308,0,0,0
204000317,5,15,-10
204000322,4,6,-2
204000323,0,0,0
204000328,0,0,0
204000329,27,29,-2
204000330,0,0,0
204000331,51,60,-9
205000001,235,273,-38
205000013,1,26,-25
205000014,6,62,-56
205000015,7,73,-66
205000016,9,44,-35
205000017,14,16,-2
205000022,54,254,-200
205000025,247,315,-68
205000029,28,5,23
205000045,5,49,-44
205000046,12,104,-92
205000047,6,98,-92
205000048,24,159,-135
205000049,28,178,-150
205000050,80,115,-35
205000059,0,97,-97
205000060,0,16,-16
205000061,0,5,-5
205000062,0,22,-22
205000063,1,11,-10
205000064,1,21,-20
205000065,14,108,-94
205000066,21,138,-117
205000067,4,325,-321
205000069,186,70,116
205000082,0,0,0
205000110,9,89,-80
205000111,32,79,-47
205000112,0,0,0
205000113,35,38,-3
205000121,0,0,0
205000123,27,85,-58
205000126,0,0,0
205000127,0,0,0
205000128,0,0,0
205000129,0,0,0
205000130,0,0,0
205000131,0,0,0
205000132,0,0,0
205000133,0,0,0
205000134,0,0,0
205000137,17,39,-22
205000138,44,58,-14
205000139,10,15,-5
205000144,0,0,0
205000145,0,0,0
205000151,0,0,0
205000152,0,0,0
205000153,0,0,0
205000154,0,0,0
205000155,0,0,0
205000207,86,52,34
205000233,11,14,-3
205000234,0,0,0
205000243,0,0,0
205000244,0,0,0
205000245,16,82,-66
205000249,0,7,-7
205000250,0,0,0
205000264,1,27,-26
206000027,0,0,0
206000028,0,0,0
206000043,5,35,-30
206000053,1,8,-7
206000054,15,8,7
206000055,0,10,-10
206000075,2,2,0
206000076,8,3,5
206000077,3,4,-1
206000078,2,2,0
206000079,17,2,15
206000082,0,0,0
206000100,8,149,-141
206000103,3,31,-28
206000104,9,28,-19
206000105,8,18,-10
206000106,8,38,-30
206000125,0,0,0
206000157,83,215,-132
206000170,0,81,-81
206000171,0,71,-71
206000172,2,134,-132
206000173,1,70,-69
206000174,1,51,-50
206000175,1,97,-96
206000176,6,87,-81
206000177,0,48,-48
206000178,0,39,-39
206000179,0,30,-30
206000180,16,38,-22
206000181,3,48,-45
206000182,12,59,-47
206000183,10,101,-91
206000184,2,79,-77
206000185,2,34,-32
206000186,25,201,-176
206000223,6,46,-40
206000226,0,0,0
206000227,0,0,0
206000237,7,56,-49
206000238,6,96,-90
206000239,86,194,-108
206000240,1,34,-33
206000241,1,40,-39
206000242,22,76,-54
206000243,0,90,-90
206000244,25,118,-93
206000245,24,0,24
206000246,0,0,0
206000247,4,0,4
206000248,3,0,3
206000252,15,17,-2
206000258,9,12,-3
206000315,9,2,7
206000317,27,3,24
206000318,35,7,28
206000319,25,4,21
206000320,4,2,2
206000321,6,0,6
206000322,0,0,0
206000323,0,0,0
206000324,0,0,0
206000325,0,0,0
206000326,0,0,0
206000327,0,0,0
206000328,6,0,6
206000329,7,0,7
206000330,1,0,1
206000331,0,0,0
206000332,0,0,0
206000333,15,0,15
206000334,2,1,1
206000335,0,6,-6
206000361,9,68,-59
206000392,0,11,-11
206000405,20,0,20
206000441,0,0,0
206000498,0,1,-1
206000515,68,9,59
206000530,0,0,0
206000531,0,0,0
206000532,0,0,0
206000535,23,68,-45
206000536,0,35,-35
206000537,1,19,-18
206000613,0,0,0
206000784,262,18,244
207000001,32,137,-105
207000002,18,97,-79
207000003,32,79,-47
207000007,10,1,9
207000008,4,0,4
207000009,0,0,0
207000010,91,60,31
207000012,0,0,0
207000015,72,133,-61
207000019,19,4,15
207000021,13,16,-3
207000022,8,6,2
207000023,6,0,6
207000024,2,1,1
207000025,0,2,-2
207000026,21,40,-19
207000027,3,13,-10
207000028,11,61,-50
207000029,46,112,-66
207000033,41,17,24
207000034,4,6,-2
207000039,0,0,0
207000040,0,0,0
207000041,0,0,0
207000042,0,0,0
207000043,0,0,0
207000051,10,90,-80
207000052,1,75,-74
207000053,105,165,-60
207000054,4,37,-33
207000055,16,28,-12
207000056,27,100,-73
207000057,34,79,-45
207000058,23,139,-116
207000059,19,169,-150
207000060,9,31,-22
207000061,2,6,-4
207000062,8,17,-9
207000063,10,24,-14
207000064,45,13,32
207000065,8,13,-5
207000066,7,17,-10
207000067,2,14,-12
207000068,3,4,-1
207000069,85,31,54
207000082,0,0,0
207000083,3,32,-29
207000084,1,1,0
207000085,3,1,2
207000086,0,0,0
207000106,0,0,0
207000107,0,0,0
207000108,0,0,0
207000109,0,0,0
207000110,0,0,0
207000111,0,0,0
207000112,0,0,0
207000114,4,8,-4
207000115,4,20,-16
207000116,11,66,-55
207000117,1,13,-12
207000118,1,18,-17
207000119,7,32,-25
207000123,0,0,0
207000124,0,0,0
207000125,0,0,0
207000126,0,0,0
207000134,0,2,-2
207000135,0,2,-2
207000148,0,0,0
207000149,13,11,2
207000152,34,115,-81
207000153,230,321,-91
207000154,29,28,1
207000159,9,54,-45
207000160,18,105,-87
207000238,0,18,-18
207000242,0,21,-21
207000248,4,3,1
207000249,16,18,-2
207000250,49,11,38
207000251,13,13,0
207000252,8,24,-16
207000278,0,0,0
207000279,8,43,-35
207000280,3,9,-6
207000281,8,90,-82
207000282,0,1,-1
207000283,7,15,-8
207000284,2,0,2
207000285,0,0,0
207000291,3,48,-45
207000304,10,7,3
207000306,21,95,-74
207000310,0,0,0
207000353,0,0,0
207000356,5,11,-6
207000357,0,0,0
207000358,0,0,0
207000415,0,26,-26
207000417,0,0,0
207000418,9,16,-7
207000438,0,0,0
207000439,80,24,56
207000446,0,0,0
207000460,8,1,7
207000466,30,61,-31
207000467,0,0,0
207000468,8,79,-71
207000476,0,0,0
207000477,1,0,1
207000478,0,4,-4
207000523,0,3,-3
207000524,0,0,0
207000527,12,2,10
207000530,0,0,0
207000531,0,0,0
207000532,0,0,0
207000534,0,0,0
207000535,6,54,-48
207000537,12,18,-6
207000540,1,27,-26
207000541,1,57,-56
207000548,1,49,-48
207000549,0,0,0
207000561,0,0,0
207000562,3,40,-37
207000567,45,58,-13
207000568,2,4,-2
207000569,2,51,-49
207000584,28,12,16
207000585,0,0,0
207000587,0,0,0
207000616,0,51,-51
207000617,0,0,0
207000624,0,0,0
207000631,0,0,0
207900008,0,3,-3
208000001,12,67,-55
208000002,16,23,-7
208000003,24,38,-14
208000004,54,22,32
208000005,0,7,-7
208000019,0,0,0
208000020,0,0,0
208000021,13,63,-50
208000022,64,47,17
208000028,13,7,6
208000033,30,49,-19
208000034,101,141,-40
208000037,0,0,0
208000040,0,0,0
208000041,0,0,0
208000042,0,0,0
208000047,9,44,-35
208000064,0,0,0
208000066,0,0,0
208000070,0,0,0
208000071,0,0,0
208000072,0,0,0
208000080,5,7,-2
208000081,6,2,4
208000082,7,44,-37
208000083,22,75,-53
208000084,0,0,0
208000085,140,97,43
208000086,67,164,-97
208000087,69,148,-79
208000089,92,67,25
208000090,67,117,-50
208000093,8,27,-19
208000094,50,59,-9
208000095,72,55,17
208000104,0,0,0
208000105,0,0,0
208000114,0,0,0
208000115,16,73,-57
208000116,0,0,0
208000117,0,0,0
208000118,0,0,0
208000155,46,216,-170
208000158,373,324,49
208000186,0,0,0
208000204,52,138,-86
208000205,83,140,-57
208000282,352,145,207
209000004,14,19,-5
209000005,4,8,-4
209000006,38,32,6
209000007,28,27,1
209000010,29,22,7
209000011,12,31,-19
209000012,27,70,-43
209000013,22,99,-77
209000014,77,227,-150
209000025,0,0,0
209000026,0,0,0
209000027,47,162,-115
209000028,24,160,-136
209000029,82,169,-87
209000030,41,281,-240
209000031,393,671,-278
209000034,38,84,-46
209000035,30,61,-31
209000036,33,50,-17
209000037,22,64,-42
209000038,29,82,-53
209000039,12,38,-26
209000040,20,91,-71
209000041,27,70,-43
209000042,37,79,-42
209000043,22,78,-56
209000044,57,64,-7
209000045,28,32,-4
209000046,13,38,-25
209000047,13,23,-10
209000048,11,25,-14
209000049,19,44,-25
209000050,65,66,-1
209000051,34,58,-24
209000052,30,57,-27
209000062,8,25,-17
209000063,4,18,-14
209000064,5,16,-11
209000065,0,0,0
209000066,0,0,0
209000067,0,0,0
209000080,2,36,-34
209000082,0,0,0
209000091,8,17,-9
209000093,13,14,-1
209000094,71,21,50
209000110,0,0,0
209000111,38,115,-77
209000112,27,50,-23
209000113,70,54,16
209000114,25,48,-23
209000115,30,41,-11
209000116,175,90,85
209000118,0,0,0
209000119,2,10,-8
209000121,29,135,-106
209000135,0,0,0
209000142,110,92,18
209000143,13,18,-5
209000144,2,12,-10
209000229,16,28,-12
209000240,8,49,-41
209000259,25,57,-32
209000260,5,131,-126
209000261,0,71,-71
209000262,0,48,-48
209000263,0,20,-20
209000264,0,0,0
209000265,0,0,0
209000266,0,0,0
209000267,0,0,0
209000268,0,0,0
210000037,0,0,0
210000047,0,0,0
210000048,0,0,0
210000049,0,0,0
210000052,3,31,-28
210000053,3,22,-19
210000054,14,14,0
210000070,0,0,0
210000071,0,0,0
210000072,0,0,0
210000073,0,3,-3
210000074,1,28,-27
210000075,0,12,-12
210000076,0,41,-41
210000077,5,13,-8
210000078,7,8,-1
210000079,0,0,0
210000080,0,0,0
210000081,0,0,0
210000082,0,0,0
210000083,0,0,0
210000084,0,0,0
210000085,0,16,-16
210000086,0,11,-11
210000099,5,77,-72
210000100,7,54,-47
210000101,16,122,-106
210000105,6,16,-10
210000159,0,25,-25
210000163,27,64,-37
210000164,0,0,0
210000168,0,0,0
210000187,1,2,-1
210000188,0,0,0
210000214,0,0,0
210000219,0,0,0
210000220,0,0,0
210000232,0,9,-9
210000233,1,5,-4
210000234,1,20,-19
210000235,5,27,-22
210000245,0,12,-12
210000246,0,1,-1
210000258,2,30,-28
210000259,0,0,0
210000282,7,28,-21
210000285,1,27,-26
210000286,3,35,-32
210000290,0,0,0
210000295,1,8,-7
210000296,4,10,-6
210000320,0,0,0
210000321,0,0,0
210000338,8,27,-19
210000339,59,123,-64
210000340,24,39,-15
210000341,48,51,-3
210000342,28,47,-19
210000343,13,42,-29
210000344,36,21,15
210000345,32,22,10
210000346,1,15,-14
210000347,2,7,-5
210000348,17,4,13
210000349,7,10,-3
210000350,9,19,-10
210000351,21,29,-8
210000352,0,0,0
210000353,0,0,0
210000354,0,0,0
210000355,0,0,0
210000356,0,0,0
210000357,0,0,0
210000358,0,0,0
210000359,0,0,0
210000360,0,0,0
210000361,0,0,0
210000362,0,0,0
210000363,0,0,0
210000364,0,0,0
210000365,0,0,0
210000366,0,0,0
210000367,0,0,0
210000368,0,0,0
210000369,0,0,0
210000370,0,0,0
210000372,0,0,0
210000373,0,0,0
210000374,0,0,0
210000375,0,0,0
210000376,0,0,0
210000404,17,32,-15
210000439,0,0,0
210000472,0,0,0
210000482,0,0,0
210000564,0,0,0
210000567,0,0,0
210000568,0,0,0
211000092,0,0,0
211000094,0,0,0
211000169,0,0,0
211000172,0,0,0
211000209,0,0,0
211000226,0,0,0
211000270,0,0,0
211000275,0,0,0
211000276,0,0,0
211000279,0,0,0
211000281,0,0,0
211000302,0,0,0
211507980,0,0,0
211977296,0,0,0
212000003,0,0,0
212000004,0,8,-8
212000005,9,7,2
212000006,2,11,-9
212000008,31,42,-11
212000009,5,24,-19
212000012,9,14,-5
212000013,4,28,-24
212000014,43,49,-6
212000015,32,34,-2
212000016,114,158,-44
212000027,0,0,0
212000028,0,0,0
212000029,0,0,0
212000030,0,0,0
212000031,0,0,0
212000048,4,8,-4
212000049,8,6,2
212000050,2,4,-2
212000051,39,50,-11
212000052,24,76,-52
212000053,81,134,-53
212000054,0,0,0
212000055,0,0,0
212000056,0,0,0
212000057,0,0,0
212000058,0,0,0
212000070,21,40,-19
212000077,29,114,-85
212000099,0,0,0
212000108,0,0,0
212000111,0,0,0
212000120,25,28,-3
212000138,8,10,-2
212000156,5,16,-11
212000158,0,0,0
212000159,0,0,0
212000160,0,0,0
212000161,0,0,0
212000310,0,8,-8
212000311,0,0,0
212000374,4,5,-1
213000001,2,65,-63
213000005,4,0,4
213000006,7,3,4
213000007,0,0,0
213000009,0,0,0
213000010,0,0,0
213000011,0,0,0
213000012,22,65,-43
213000014,0,0,0
213000015,0,0,0
213000016,0,0,0
213000017,0,0,0
213000018,1,10,-9
213000019,0,21,-21
213000020,3,13,-10
213000021,2,4,-2
213000023,0,0,0
213000033,8,87,-79
213000034,0,0,0
213000035,0,0,0
213000045,4,17,-13
213000046,3,5,-2
213000047,34,18,16
213000056,0,0,0
213000069,0,0,0
213000073,0,2,-2
213000074,14,117,-103
213000075,0,0,0
213000076,0,0,0
213000085,0,2,-2
213000086,0,57,-57
213000091,0,0,0
213000092,0,0,0
213000099,36,103,-67
213000100,0,0,0
213000101,0,17,-17
213000102,0,32,-32
213000103,19,35,-16
213000104,3,21,-18
213000105,0,12,-12
213000106,6,17,-11
213000107,13,70,-57
213000108,5,58,-53
213000109,1,26,-25
213000110,2,2,0
213000111,0,4,-4
213000112,16,5,11
213000115,0,0,0
213000116,4,27,-23
213000117,1,54,-53
213000118,32,31,1
213000119,14,104,-90
213000120,14,90,-76
213000122,34,69,-35
213000123,66,85,-19
213000124,8,114,-106
213000125,0,0,0
213000126,0,7,-7
213000127,4,12,-8
213000128,23,24,-1
213000129,0,0,0
213000130,0,0,0
213000132,0,0,0
213000133,0,0,0
213000134,0,0,0
213000136,0,0,0
213000137,0,0,0
213000139,0,0,0
213000147,0,0,0
213000148,0,0,0
213000149,0,0,0
213000150,0,14,-14
213000151,1,13,-12
213000152,0,7,-7
213000153,0,3,-3
213000154,3,25,-22
213000155,2,41,-39
213000156,2,26,-24
213000157,35,70,-35
213000158,5,36,-31
213000159,0,0,0
213000163,0,0,0
213000165,0,0,0
213000171,0,14,-14
213000172,0,12,-12
213000173,0,3,-3
213000174,0,0,0
213000175,0,3,-3
213000176,0,7,-7
213000177,0,0,0
213000178,0,1,-1
213000179,0,0,0
213000180,0,1,-1
213000184,5,22,-17
213000188,0,0,0
213000189,0,0,0
213000190,8,92,-84
213000191,2,58,-56
213000192,6,73,-67
213000193,164,38,126
213000194,0,1,-1
213000195,0,31,-31
213000196,2,113,-111
213000197,0,0,0
213000198,0,0,0
213000200,34,116,-82
213000201,19,2,17
213000202,1,124,-123
213000203,0,0,0
213000204,0,0,0
213000205,0,0,0
213000206,0,0,0
213000207,0,0,0
213000208,0,0,0
213000209,0,0,0
213000210,0,0,0
213000211,0,2,-2
213000212,0,2,-2
213000213,0,8,-8
213000218,17,101,-84
213000219,0,0,0
213000220,0,0,0
213000223,0,0,0
213000224,0,0,0
213000225,0,0,0
213000226,0,0,0
213000227,0,0,0
213000228,0,0,0
213000229,0,0,0
213000230,0,0,0
213000232,3,58,-55
213000233,0,1,-1
213000234,0,12,-12
213000293,0,22,-22
213000294,0,0,0
213000295,3,12,-9
213000296,0,0,0
213000297,6,17,-11
213000298,1,12,-11
213000299,0,0,0
213000300,0,0,0
213000303,5,14,-9
213000304,4,1,3
213000305,0,0,0
213000306,9,6,3
213000307,0,0,0
213000308,17,39,-22
213000309,0,0,0
213000310,0,0,0
213000311,13,32,-19
213000315,1,17,-16
213000316,0,0,0
213000322,1,2,-1
213000323,0,0,0
213000340,9,117,-108
213000341,0,0,0
213000346,0,0,0
213000347,0,0,0
213000348,0,15,-15
213000349,0,0,0
213000350,15,139,-124
213000366,1,29,-28
213000367,0,0,0
213000379,3,32,-29
213000386,0,35,-35
213000406,15,46,-31
213000417,19,8,11
213000425,0,0,0
213000426,0,0,0
213000427,1,30,-29
213000428,0,8,-8
213000429,0,0,0
213000430,0,18,-18
213000431,9,0,9
213000432,0,0,0
213000433,0,32,-32
213000434,0,0,0
213000435,0,0,0
213000439,0,0,0
213000441,0,0,0
213000443,0,9,-9
213000445,0,1,-1
213000446,0,1,-1
213000447,0,0,0
213000448,0,0,0
213000449,0,0,0
213000450,0,0,0
213000451,0,0,0
213000452,0,0,0
213000453,17,35,-18
213000455,0,0,0
213000456,0,6,-6
213000481,0,0,0
213000482,0,0,0
213000489,0,0,0
213000491,0,5,-5
213000492,0,0,0
213000493,0,5,-5
213000494,0,0,0
213000495,0,4,-4
213000496,0,0,0
213000497,2,56,-54
213000498,3,16,-13
213000499,5,42,-37
213000500,0,0,0
213000501,0,0,0
213000502,0,0,0
213000503,0,16,-16
213000504,3,18,-15
213000505,0,4,-4
213000506,0,2,-2
213000507,0,44,-44
213900244,0,0,0
213900245,0,1,-1
218000003,2,4,-2
218000004,0,4,-4
218000005,0,0,0
218000006,0,22,-22
218000007,0,5,-5
218000012,31,16,15
218000013,20,79,-59
218000014,79,94,-15
218000019,146,70,76
218000020,83,114,-31
218000040,18,0,18
218000046,2,32,-30
218000047,0,30,-30
218000048,6,33,-27
218000049,9,36,-27
218000050,22,62,-40
218000051,5,69,-64
218000052,0,2,-2
218000053,0,0,0
218000054,0,2,-2
218000055,0,1,-1
218000056,1,8,-7
218000057,1,9,-8
218000064,0,0,0
218000065,3,1,2
218000066,0,0,0
218000067,4,37,-33
218000068,6,16,-10
218000069,8,61,-53
218000070,9,76,-67
218000071,48,85,-37
218000072,88,84,4
218000078,74,207,-133
218000079,3,32,-29
218000080,16,21,-5
218000081,31,34,-3
218000082,3,7,-4
218000083,3,15,-12
218000084,17,47,-30
218000085,75,112,-37
218000086,9,36,-27
218000087,38,43,-5
218000090,7,11,-4
218000091,68,50,18
218000092,14,43,-29
218000093,35,38,-3
218000094,61,204,-143
218000099,43,94,-51
218000100,53,84,-31
218000101,25,27,-2
218000102,22,58,-36
218000103,6,20,-14
218000104,3,8,-5
218000105,3,1,2
218000106,3,2,1
218000107,3,31,-28
218000108,0,19,-19
218000112,7,0,7
218000117,0,0,0
218000134,64,169,-105
218000135,15,9,6
218000136,22,14,8
218000137,7,31,-24
218000138,2,9,-7
218000139,7,50,-43
218000140,5,24,-19
218000141,1,3,-2
218000142,16,29,-13
218000143,2,40,-38
218000144,2,6,-4
218000145,26,72,-46
218000146,18,35,-17
218000151,7,3,4
218000152,10,15,-5
218000170,0,2,-2
218000171,16,1,15
218000172,0,2,-2
218000173,0,1,-1
218000174,2,0,2
218000176,22,4,18
218000177,58,11,47
218000178,17,7,10
218000179,17,6,11
218000180,11,8,3
218000181,13,1,12
218000187,0,1,-1
218000188,2,4,-2
218000189,0,8,-8
218000190,0,3,-3
218000191,12,38,-26
218000192,28,89,-61
218000193,149,106,43
218000194,8,97,-89
218000195,38,25,13
218000196,41,71,-30
218000197,20,53,-33
218000198,2,22,-20
218000199,21,6,15
218000200,3,7,-4
218000201,0,6,-6
218000202,15,13,2
218000207,0,13,-13
218000208,7,10,-3
218000211,3,10,-7
218000213,10,5,5
218000214,1,1,0
218000215,7,15,-8
218000217,0,12,-12
218000218,30,16,14
218000219,2,3,-1
218000220,29,50,-21
218000221,39,47,-8
218000222,7,14,-7
218000223,59,14,45
218000224,0,5,-5
218000225,28,2,26
218000226,12,15,-3
218000232,11,26,-15
218000239,0,0,0
218000240,0,0,0
218000241,0,0,0
218000242,0,0,0
218000243,0,0,0
218000244,0,0,0
218000245,0,0,0
218000246,0,0,0
218000247,0,0,0
218000248,0,1,-1
218000249,0,2,-2
218000250,0,2,-2
218000251,0,0,0
218000252,0,0,0
218000253,0,0,0
218000254,0,2,-2
218000255,0,0,0
218000256,0,1,-1
218000267,21,200,-179
218000268,0,16,-16
218000269,2,4,-2
218000270,9,69,-60
218000271,32,85,-53
218000273,0,0,0
218000274,0,0,0
218000275,5,17,-12
218000276,4,41,-37
218000278,21,22,-1
218000279,4,20,-16
218000280,3,19,-16
218000281,1,3,-2
218000282,15,12,3
218000284,0,0,0
218000301,4,16,-12
218000302,1,6,-5
218000303,14,13,1
218000316,128,104,24
218000317,79,173,-94
218000318,28,131,-103
218000319,75,277,-202
218000320,107,246,-139
218000338,1,3,-2
218000345,8,13,-5
218000346,0,0,0
218000459,10,43,-33
218000490,0,6,-6
218000501,2,4,-2
218000502,3,20,-17
218000503,8,4,4
218000504,8,1,7
218000505,3,57,-54
218000506,8,24,-16
218000508,0,0,0
218000510,35,1,34
218000520,9,13,-4
218000521,0,0,0
218000522,0,22,-22
218000523,1,5,-4
218000524,2,10,-8
218000525,0,2,-2
218000526,1,11,-10
218000529,0,4,-4
218000531,0,1,-1
218000532,1,12,-11
218000534,0,0,0
218000537,0,0,0
218000538,7,14,-7
218000540,51,8,43
218000543,18,8,10
218000544,24,71,-47
218000545,3,11,-8
218000546,16,39,-23
218000547,8,13,-5
218000548,9,24,-15
218000549,12,13,-1
218000550,53,61,-8
218000551,74,62,12
218000552,24,19,5
218000553,1,12,-11
218000554,3,6,-3
218000555,0,4,-4
218000556,23,106,-83
218000557,64,20,44
218000558,0,0,0
218000559,0,2,-2
218000560,0,0,0
218000561,0,0,0
218000562,0,17,-17
218000563,4,2,2
218000564,0,6,-6
218000565,1,4,-3
218000566,0,5,-5
218000567,0,1,-1
218000568,0,0,0
218000569,0,1,-1
218000570,1,2,-1
218000571,0,2,-2
218000572,0,0,0
218000573,0,1,-1
218000574,0,2,-2
218000575,0,0,0
218000576,0,4,-4
218000577,0,0,0
218000578,0,1,-1
218000579,4,1,3
218000581,0,5,-5
218000582,1,0,1
218000583,0,0,0
218000584,0,2,-2
218000585,1,0,1
218000586,0,0,0
218000587,0,0,0
218000588,0,0,0
218000589,0,0,0
218000590,0,0,0
218000591,0,0,0
218000592,0,0,0
218000593,0,0,0
218000594,0,0,0
218000597,0,0,0
218000598,0,0,0
218000599,0,0,0
218000600,0,0,0
218000601,0,0,0
218000602,0,0,0
218000603,0,0,0
218000604,0,0,0
218000605,0,2,-2
218000606,2,0,2
218000607,2,3,-1
218000608,0,1,-1
218000609,0,4,-4
218000610,0,0,0
218000611,0,0,0
218000612,0,1,-1
218000613,0,0,0
218000614,0,5,-5
218000615,3,0,3
218000616,0,5,-5
218000617,1,0,1
218000618,0,1,-1
218000619,2,0,2
218000620,0,5,-5
218000621,0,0,0
218000622,0,0,0
218000623,0,0,0
218000624,0,1,-1
218000625,0,0,0
218000626,0,0,0
218000628,2,3,-1
218000631,0,0,0
218000632,1,1,0
218000633,0,0,0
218000634,0,2,-2
218000635,1,2,-1
218000636,120,282,-162
218000637,65,67,-2
218000638,0,0,0
218000639,2,111,-109
218000640,0,0,0
218000641,0,56,-56
218000652,8,17,-9
218000653,36,15,21
218000663,0,6,-6
218000675,1,0,1
218000680,1,22,-21
218000681,0,0,0
218000691,5,23,-18
218000693,0,0,0
218000718,37,27,10
218000719,2,4,-2
218000720,1,3,-2
218000721,1,0,1
218001147,0,45,-45
218001214,3,2,1
218001258,0,0,0
218001329,0,0,0
218001330,4,3,1
218001351,0,0,0
218001352,0,0,0
218001353,0,0,0
218001354,0,1,-1
218001355,17,35,-18
218001356,0,1,-1
218001357,3,21,-18
218001358,0,0,0
218001361,0,0,0
218001362,2,86,-84
219000001,5,15,-10
219000002,17,19,-2
219000003,29,12,17
219000004,52,29,23
219000017,12,11,1
219000020,6,0,6
219000022,20,0,20
219000023,10,0,10
219000029,0,12,-12
219000034,0,0,0
219000039,8,15,-7
219000040,0,2,-2
219000041,20,18,2
219000051,0,30,-30
219000052,0,6,-6
219000053,0,57,-57
219000055,4,0,4
219000056,0,0,0
219000057,13,0,13
219000062,4,40,-36
219000063,16,8,8
219000064,2,4,-2
219000110,43,4,39
219000111,18,2,16
219000112,17,3,14
219000113,19,9,10
219000114,22,3,19
219000116,13,24,-11
219000117,71,31,40
219000118,14,44,-30
219000123,59,20,39
219000124,28,21,7
219000125,1,7,-6
219000126,8,21,-13
219000127,0,2,-2
219000128,4,59,-55
219000129,7,66,-59
219000130,495,336,159
219000131,339,293,46
219000133,5,16,-11
219000134,11,6,5
219000135,79,32,47
219000136,70,91,-21
219000138,1,26,-25
219000139,5,28,-23
219000140,0,0,0
219000141,0,19,-19
219000142,2,23,-21
219000143,1,32,-31
219000145,1,8,-7
219000146,1,27,-26
219000147,0,25,-25
219000148,0,19,-19
219000149,13,60,-47
219000150,0,39,-39
219000151,0,31,-31
219000157,8,45,-37
219000158,26,56,-30
219000161,34,6,28
219000163,290,99,191
219000166,12,43,-31
219000167,16,65,-49
219000168,17,12,5
219000174,0,0,0
219000175,0,0,0
219000176,0,0,0
219000177,0,0,0
219000178,0,0,0
219000179,0,0,0
219000180,1,13,-12
219000182,0,0,0
219000183,0,8,-8
219000184,0,0,0
219000185,2,46,-44
219000186,1,11,-10
219000187,0,46,-46
219000189,32,53,-21
219000190,48,73,-25
219000191,300,238,62
219000192,86,101,-15
219000193,125,104,21
219000195,1,15,-14
219000196,2,20,-18
219000198,2,43,-41
219000199,6,39,-33
219000200,6,35,-29
219000201,13,34,-21
219000203,5,58,-53
219000204,6,40,-34
219000205,8,41,-33
219000207,24,52,-28
219000209,6,13,-7
219000210,7,11,-4
219000213,5,47,-42
219000239,15,15,0
219000240,10,31,-21
219000241,6,29,-23
219000242,8,38,-30
219000243,2,53,-51
219000244,26,31,-5
219000245,0,14,-14
219000246,0,0,0
219000247,0,0,0
219000248,0,0,0
219000249,0,0,0
219000250,0,0,0
219000251,0,0,0
219000252,0,0,0
219000253,0,0,0
219000255,0,0,0
219000256,0,0,0
219000257,0,0,0
219000262,25,68,-43
219000263,11,53,-42
219000267,0,42,-42
219000268,1,7,-6
219000269,0,0,0
219000270,0,0,0
219000271,17,1,16
219000278,0,11,-11
219000279,0,2,-2
219000283,0,5,-5
219000295,3,36,-33
219000296,12,116,-104
219000297,4,39,-35
219000298,0,57,-57
219000299,0,0,0
219000300,5,71,-66
219000301,25,67,-42
219000302,0,35,-35
219000307,13,20,-7
219000308,11,11,0
219000311,0,0,0
219000312,0,0,0
219000313,0,0,0
219000314,31,72,-41
219000315,0,0,0
219000316,0,0,0
219000317,0,0,0
219000320,0,5,-5
219000321,0,6,-6
219000323,0,20,-20
219000325,0,15,-15
219000326,12,41,-29
219000327,8,9,-1
219000328,4,5,-1
219000329,130,54,76
219000330,1,17,-16
219000331,11,7,4
219000332,0,0,0
219000333,0,0,0
219000335,0,0,0
219000337,0,0,0
219000338,0,0,0
219000344,12,28,-16
219000345,41,44,-3
219000346,22,33,-11
219000348,43,34,9
219000349,10,54,-44
219000350,12,29,-17
219000351,0,2,-2
219000352,4,5,-1
219000353,19,26,-7
219000354,23,37,-14
219000355,18,4,14
219000356,263,126,137
219000363,84,20,64
219000364,49,16,33
219000365,17,2,15
219000366,135,30,105
219000368,40,29,11
219000370,104,21,83
219000371,5,6,-1
219000382,7,9,-2
219000383,130,205,-75
219000385,150,122,28
219000386,242,285,-43
219000387,0,2,-2
219000390,0,0,0
219000391,0,0,0
219000397,39,19,20
219000398,13,15,-2
219000401,2,9,-7
219000402,2,8,-6
219000403,5,16,-11
219000404,5,6,-1
219000407,1,3,-2
219000409,0,0,0
219000410,0,0,0
219000411,0,0,0
219000446,57,145,-88
219000447,1,4,-3
219000448,0,0,0
219000452,0,0,0
219000453,6,17,-11
219000454,46,15,31
219000556,0,0,0
219000558,24,31,-7
219000590,0,24,-24
219000591,0,0,0
219000592,16,121,-105
219000595,1,12,-11
219000635,0,0,0
219000636,4,27,-23
219000657,5,8,-3
219000658,3,26,-23
219000673,0,11,-11
219000676,0,2,-2
219000679,3,10,-7
219000684,0,0,0
219000685,0,12,-12
219000686,0,0,0
219000688,0,65,-65
219000689,14,15,-1
219000690,0,0,0
219000691,21,19,2
219000692,2,5,-3
219000693,0,5,-5
219000694,0,0,0
219000695,0,0,0
219000698,0,0,0
219000699,0,5,-5
219000727,0,46,-46
219000728,9,2,7
219000770,0,0,0
219000771,1,9,-8
219000788,66,56,10
219001150,0,0,0
219001151,0,0,0
219001166,0,0,0
219001167,1,20,-19
219001178,8,1,7
220000001,1,1,0
220000002,4,21,-17
220000003,44,85,-41
220000004,40,82,-42
220000005,267,289,-22
220000006,16,168,-152
220000007,69,186,-117
220000008,29,145,-116
220000009,61,64,-3
220000010,17,5,12
220000011,60,20,40
220000012,2,2,0
220000014,1,10,-9
220000015,0,0,0
220000017,6,13,-7
220000018,54,32,22
220000019,7,25,-18
220000020,13,30,-17
220000021,43,36,7
220000022,45,107,-62
220000023,15,37,-22
220000024,154,73,81
220000025,27,76,-49
220000026,22,14,8
220000027,0,11,-11
220000028,3,9,-6
220000029,14,28,-14
220000030,8,17,-9
220000031,12,20,-8
220000064,0,0,0
221000046,3,1,2
221000047,0,0,0
221000048,0,0,0
221000049,0,0,0
221000050,0,0,0
221000055,9,6,3
221000068,17,2,15
221000069,14,4,10
221000070,10,2,8
221000071,2,0,2
221000072,13,2,11
221000073,9,6,3
221000074,0,3,-3
221000075,2,9,-7
221000076,1,16,-15
221000077,1,14,-13
221000081,3,2,1
221000082,1,0,1
221000083,1,1,0
221000084,0,0,0
221000085,0,17,-17
221000086,0,30,-30
221000087,0,47,-47
221000088,7,49,-42
221000089,4,53,-49
221000090,36,111,-75
221000098,2,4,-2
221000099,8,3,5
221000100,3,0,3
221000101,15,0,15
221000107,1,0,1
221000108,5,0,5
221000109,0,16,-16
221000110,2,13,-11
221000111,7,77,-70
221000112,1,39,-38
221000113,5,45,-40
221000114,1,69,-68
221000120,0,0,0
221000121,0,0,0
221000122,0,0,0
221000123,1,1,0
221000124,0,1,-1
221000155,0,0,0
221000156,0,0,0
221000175,0,0,0
221000176,0,0,0
221000182,1,0,1
221000241,38,7,31
221000242,103,85,18
221000243,30,5,25
221000244,30,119,-89
221000245,3,8,-5
221000246,8,34,-26
221000247,5,6,-1
221000248,5,39,-34
221000267,3,49,-46
221000325,0,2,-2
221000331,0,1,-1
221000338,0,0,0
221000378,0,0,0
221000381,1,4,-3
222000282,0,0,0
222000296,0,0,0
222000568,0,0,0
222000569,0,0,0
222000570,0,0,0
222000571,0,0,0
222000577,0,7,-7
222000578,1,8,-7
222000579,0,2,-2
222000580,6,28,-22
222000599,0,4,-4
222000600,0,5,-5
222000601,0,9,-9
222000603,0,0,0
222000604,0,0,0
222000605,0,0,0
222000606,0,0,0
222000607,0,0,0
222000608,0,0,0
222000609,0,1,-1
222000616,0,0,0
222000617,0,0,0
222000618,0,0,0
222000620,0,0,0
222000621,0,0,0
222000623,0,0,0
222000624,0,0,0
222000625,0,1,-1
222000636,0,0,0
222000686,0,0,0
222000687,0,0,0
222001066,0,0,0
222001067,0,0,0
222001068,0,0,0
222001069,0,0,0
222001082,1,1,0
222001083,1,5,-4
222001084,0,4,-4
222001085,0,15,-15
222001111,0,10,-10
222001112,0,0,0
222001313,0,0,0
222001314,0,1,-1
222001464,0,0,0
222001465,0,0,0
222001484,0,0,0
222001485,1,0,1
222001494,0,0,0
222001495,0,1,-1
222001496,0,0,0
222001497,0,0,0
222001502,3,34,-31
222001503,0,0,0
222001504,2,37,-35
222001505,0,0,0
222001506,0,37,-37
222001507,0,0,0
222001510,0,0,0
222001511,4,39,-35
222001514,0,0,0
222001515,11,74,-63
222001518,0,0,0
222001519,5,28,-23
222001527,0,0,0
222001528,2,24,-22
222001529,0,0,0
222001530,4,37,-33
222001533,17,85,-68
222001534,0,0,0
222001535,0,0,0
222001536,0,0,0
222001537,0,0,0
222001538,3,36,-33
222001563,0,0,0
222001564,4,93,-89
222001568,1,11,-10
222001576,0,0,0
222001579,0,0,0
222001583,0,0,0
222001584,0,0,0
222001596,4,67,-63
222001597,0,0,0
222001626,0,7,-7
222001650,0,4,-4
222001651,0,0,0
222001914,0,0,0
222001915,2,20,-18
222001968,0,0,0
222001969,0,1,-1
222001970,0,0,0
222001971,0,0,0
222001972,0,1,-1
225000001,12,0,12
225000002,20,0,20
225000003,4,1,3
225000004,6,22,-16
225000005,1,2,-1
225000006,0,25,-25
225000007,267,139,128
225000010,107,2,105
225000011,0,0,0
225000012,0,0,0
225000013,0,0,0
225000014,0,0,0
225000015,28,40,-12
225000021,0,0,0
225000027,25,129,-104
225000032,0,0,0
225000042,11,85,-74
225000049,13,4,9
225000050,9,1,8
225000053,1,56,-55
225000058,0,0,0
225000067,8,50,-42
225000068,13,76,-63
225000069,13,75,-62
225000070,14,67,-53
225000071,5,37,-32
225000075,14,85,-71
225000076,5,19,-14
225000078,0,0,0
225000085,0,0,0
225000086,0,0,0
225000087,0,0,0
225000088,2,17,-15
225000089,87,78,9
225000090,19,37,-18
225000091,4,28,-24
225000092,3,26,-23
225000093,9,67,-58
225000094,1,59,-58
225000095,37,92,-55
225000096,23,64,-41
225000098,20,3,17
225000099,1,2,-1
225000100,3,9,-6
225000104,5,90,-85
225000110,1,61,-60
225000111,14,131,-117
225000112,23,176,-153
225000113,16,95,-79
225000114,8,63,-55
225000115,230,76,154
225000116,0,0,0
225000117,0,0,0
225000118,0,0,0
225000119,0,0,0
225000120,0,0,0
225000121,0,0,0
225000123,0,0,0
225000125,7,3,4
225000126,78,1,77
225000127,76,5,71
225000128,4,4,0
225000132,22,8,14
225000133,30,1,29
225000134,56,11,45
225000135,31,3,28
225000136,10,5,5
225000137,1,4,-3
225000138,75,8,67
225000143,8,27,-19
225000144,0,72,-72
225000145,0,0,0
225000146,2,38,-36
225000147,2,85,-83
225000148,0,46,-46
225000149,24,130,-106
225000151,10,57,-47
225000155,34,72,-38
225000156,32,70,-38
225000157,15,44,-29
225000158,5,74,-69
225000171,3,25,-22
225000180,9,0,9
225000181,0,9,-9
225000182,0,0,0
225000185,4,32,-28
225000187,4,54,-50
225000191,0,1,-1
225000194,0,9,-9
225000208,0,13,-13
225000209,0,0,0
225000210,2,38,-36
225000217,0,5,-5
225000218,0,0,0
225000223,1,17,-16
225000224,0,0,0
225000225,0,1,-1
225000226,0,0,0
225000227,13,8,5
225000228,0,0,0
225000229,0,3,-3
225000230,0,0,0
225000231,2,22,-20
225000232,0,0,0
225000241,0,0,0
225000242,1,18,-17
225000249,0,0,0
225000250,11,155,-144
225000251,28,4,24
226000042,19,79,-60
226000043,6,50,-44
226000044,30,99,-69
226000045,9,80,-71
226000046,0,0,0
226000047,0,0,0
226000048,0,0,0
226000049,0,0,0
226000070,0,10,-10
226000071,0,1,-1
226000072,0,1,-1
226000073,1,1,0
226000074,0,3,-3
226000084,0,4,-4
226000085,0,2,-2
226000086,0,0,0
226000087,0,0,0
226000088,1,2,-1
226000090,0,0,0
226000091,0,0,0
226000092,0,0,0
226000093,0,0,0
226000094,0,0,0
226000095,0,0,0
226000105,0,0,0
226000106,0,0,0
226000107,0,0,0
226000108,0,0,0
226000109,0,0,0
226000124,0,0,0
226000134,71,27,44
226000135,59,31,28
226000136,17,12,5
226000137,1,74,-73
226000138,1,37,-36
226000139,0,5,-5
226000156,0,0,0
226000157,0,0,0
226000163,9,28,-19
226000202,0,76,-76
226000231,0,0,0
226000232,0,0,0
227000033,0,0,0
227000037,0,0,0
227000038,0,0,0
227000049,0,1,-1
227000050,0,9,-9
227000055,0,0,0
227000056,0,0,0
227000084,0,6,-6
227000085,0,8,-8
227000088,0,0,0
227000089,0,0,0
227000090,0,0,0
227000091,0,0,0
227000093,0,0,0
227000094,0,0,0
227000130,4,14,-10
227000131,1,46,-45
227000132,0,39,-39
227000133,2,47,-45
227000134,1,58,-57
227000152,0,1,-1
227000153,0,5,-5
227000155,0,2,-2
227000156,0,3,-3
227000165,0,5,-5
227000196,15,45,-30
227000199,0,0,0
227000230,8,55,-47
227000232,0,0,0
227000241,0,0,0
227000242,12,103,-91
227000243,0,0,0
227000244,0,0,0
227000245,4,85,-81
227000246,14,159,-145
227000247,0,0,0
227000248,0,0,0
227000249,6,85,-79
227000250,0,0,0
227000251,47,79,-32
227000252,3,129,-126
227000253,0,0,0
227000262,0,0,0
227000266,0,0,0
227000267,9,125,-116
227000486,0,0,0
227000655,0,0,0
227000661,0,0,0
227000680,0,0,0
229000265,0,3,-3
229000296,0,2,-2
229000297,1,0,1
229000298,1,21,-20
229000320,1,0,1
229000321,1,0,1
229000412,1,8,-7
229000414,4,9,-5
229000415,0,0,0
229000416,0,0,0
229000417,0,1,-1
229000419,4,31,-27
229000440,6,2,4
229000442,0,0,0
229000443,0,0,0
229000444,0,4,-4
229000445,0,0,0
229000446,0,2,-2
229000847,4,1,3
229000848,6,0,6
229000849,78,0,78
229000851,2,0,2
229000854,0,8,-8
229000856,1,24,-23
229000857,0,8,-8
229000858,0,22,-22
229000919,2,54,-52
229000930,0,68,-68
229000937,77,6,71
229000966,29,12,17
229000981,2,35,-33
229000985,2,4,-2
229000986,0,0,0
229000987,0,0,0
229000988,0,0,0
229000989,0,0,0
229000990,0,0,0
229000991,0,0,0
229000992,1,0,1
229000993,1,2,-1
229000998,6,3,3
229000999,0,0,0
229001034,0,2,-2
229001035,0,1,-1
229001037,0,17,-17
229001042,0,0,0
229001047,0,3,-3
229001050,2,7,-5
229001200,0,0,0
229001338,0,10,-10
229001394,81,2,79
229001422,104,1,103
229001423,8,66,-58
229001431,69,15,54
229001432,9,25,-16
229001444,0,2,-2
229001445,2,33,-31
229001503,81,24,57
229001504,20,34,-14
229001505,113,21,92
229001506,18,44,-26
229001509,2,6,-4
229001545,21,3,18
229001546,3,21,-18
229001553,13,2,11
229001554,2,54,-52
229001559,0,1,-1
229001560,0,0,0
229001630,1,0,1
229001631,1,3,-2
229001635,0,0,0
229001636,0,0,0
229001658,0,27,-27
229001659,39,1,38
229001660,0,0,0
229001661,0,0,0
229001662,4,0,4
229001663,0,0,0
229002584,4,1,3
229002831,5,16,-11
229002841,0,4,-4
229002842,0,2,-2
229002843,1,1,0
229002844,2,6,-4
229002845,0,4,-4
229002846,6,4,2
229002847,0,0,0
229002848,0,0,0
229002849,0,4,-4
229002850,0,0,0
229002851,1,6,-5
229002852,1,0,1
229002853,0,1,-1
229002854,2,5,-3
229002855,0,3,-3
229002856,1,2,-1
229002857,0,0,0
229002858,0,0,0
229002859,0,1,-1
229002860,0,1,-1
229002861,1,0,1
229002862,0,2,-2
229002863,0,2,-2
229002864,0,3,-3
229002865,0,0,0
229002866,0,1,-1
229002867,0,1,-1
229002868,1,0,1
229002869,8,17,-9
229002870,0,0,0
235000066,0,0,0
235000067,0,0,0
235000072,3,11,-8
235000073,10,49,-39
235000074,6,11,-5
235000080,0,14,-14
235000081,14,32,-18
235000082,0,0,0
235000083,0,0,0
235000084,0,0,0
235000085,0,0,0
235000089,0,0,0
235000092,2,30,-28
235000093,1,1,0
235000097,0,0,0
235000098,0,0,0
235000099,0,0,0
235000116,0,0,0
235000117,0,0,0
235000133,3,44,-41
235000134,0,15,-15
235000206,0,0,0
235000207,0,0,0
235000208,0,0,0
235000209,0,0,0
235000210,0,0,0
235000212,0,0,0
235000213,0,1,-1
235000220,0,0,0
235000221,2,4,-2
235000238,0,0,0
235000239,0,0,0
235000242,10,1,9
235000245,152,39,113
235000246,0,11,-11
235000284,0,5,-5
235000295,0,0,0
235000305,0,0,0
235000306,0,0,0
235000307,0,0,0
235000308,0,0,0
235000309,0,0,0
235000310,0,0,0
235000311,0,0,0
235000322,0,1,-1
235000323,2,9,-7
235000324,0,2,-2
235000325,0,2,-2
235000326,0,19,-19
235000351,0,4,-4
235000352,2,4,-2
235000353,0,0,0
235000354,0,2,-2
235000355,0,0,0
235000356,0,0,0
235000357,0,0,0
235000358,0,0,0
235000359,0,0,0
235000360,0,0,0
235000361,0,0,0
235000381,11,61,-50
235000382,0,0,0
235000390,0,0,0
235000391,0,0,0
235000392,0,0,0
235000393,0,0,0
235000395,0,0,0
235000396,0,0,0
235000400,0,0,0
235000401,0,21,-21
235000405,17,74,-57
235000406,6,56,-50
235000407,6,30,-24
235000409,59,52,7
235000410,11,62,-51
235000411,0,13,-13
235000485,0,9,-9
235000486,0,0,0
235000549,0,0,0
235000550,16,23,-7
235000599,16,27,-11
235000600,1,2,-1
235000601,0,0,0
235000602,0,0,0
235000614,0,0,0
235000648,0,18,-18
235000649,0,0,0
235000685,0,1,-1
235000815,0,1,-1
235000834,0,2,-2
235000855,0,0,0
235000862,2,34,-32
235000891,0,1,-1
235000892,0,0,0
235000901,14,20,-6
235000907,0,0,0
235001010,0,0,0
235001029,58,68,-10
235001030,0,0,0
235001078,0,0,0
235001079,9,17,-8
235001147,0,0,0
235001166,0,0,0
235001167,0,10,-10
235001169,1,34,-33
235001188,0,2,-2
235001189,0,0,0
235001197,0,3,-3
235001200,4,6,-2
235001207,0,0,0
235001210,10,46,-36
235001215,3,57,-54
235001239,1,14,-13
235001244,0,0,0
235016267,0,1,-1
277102712,0,0,0
277103813,0,0,0
277104249,0,0,0
277104250,0,0,0
277104251,0,2,-2
277104252,0,0,0
990011530,0,38,-38
990014944,0,41,-41
990015176,0,0,0
990016032,0,28,-28
990032570,0,4,-4
990070001,0,0,0
990070103,0,1,-1
990070601,0,3,-3
990070751,0,0,0
990070766,0,33,-33
990071180,0,15,-15
990071343,0,0,0
990071387,0,2,-2
990071823,0,0,0
990072600,1,113,-112
990072964,0,37,-37
990073285,0,0,0
990074393,0,36,-36
990074870,2,2,0
990075106,0,0,0
990075746,0,0,0
990076437,0,1,-1
990076458,0,89,-89
997000007,0,0,0
997000041,0,15,-15
997000058,0,2,-2
997000062,0,0,0
997000069,0,1,-1
997000070,0,11,-11
997000100,0,0,0
997000141,0,0,0
997000198,0,0,0
998000475,0,2,-2
998000736,0,5,-5
998000965,0,0,0
998001031,0,5,-5
998001700,0,6,-6
998001899,0,1,-1
998001900,20,1,19
998003073,0,0,0
998101900,0,0,0
998102850,0,0,0
998501927,0,62,-62
998501929,8,2,6
998501930,0,0,0
998501931,2,1,1
998501932,15,0,15
998501933,0,1,-1
998501937,1,4,-3
998501944,0,0,0
998501950,0,1,-1
998501970,0,0,0
998501971,0,15,-15
998501973,0,19,-19
998501974,0,26,-26
998501975,0,0,0
998501976,1,0,1
998501977,0,1,-1
998501978,0,0,0
998501979,0,4,-4
998501980,0,0,0
998501981,0,0,0
998501982,0,28,-28
998501983,0,0,0
998502006,0,0,0
998502024,0,0,0
998502032,0,0,0
998502062,20,14,6
998502063,0,0,0
998502173,0,0,0
998502269,0,0,0
998502546,0,4,-4
998502578,0,0,0
998502599,0,0,0
998502621,0,0,0
998601159,0,7,-7
998601292,0,1,-1
999033574,0,66,-66
999800001,0,1,-1
999800002,0,1,-1
999800003,0,0,0
999800004,0,3,-3
999800005,0,9,-9
