dong,insum,outsum,diff
강남구 개포1동,25,15,10
강남구 개포2동,1421,472,949
강남구 개포4동,200,30,170
강남구 논현1동,3786,2131,1655
강남구 논현2동,1249,1066,183
강남구 대치1동,342,414,-72
강남구 대치2동,1009,1416,-407
강남구 대치4동,1843,1330,513
강남구 도곡1동,498,922,-424
강남구 도곡2동,207,159,48
강남구 삼성1동,878,1946,-1068
강남구 삼성2동,1160,1190,-30
강남구 세곡동,1939,626,1313
강남구 수서동,1220,730,490
강남구 신사동,1329,1932,-603
강남구 압구정동,1964,2913,-949
강남구 역삼1동,5922,4030,1892
강남구 역삼2동,1084,631,453
강남구 일원1동,474,81,393
강남구 일원2동,23,56,-33
강남구 일원본동,409,375,34
강남구 청담동,1463,1701,-238
강동구 강일동,2419,383,2036
강동구 고덕제1동,325,71,254
강동구 고덕제2동,1100,199,901
강동구 길동,2152,747,1405
강동구 둔촌제1동,0,0,0
강동구 둔촌제2동,447,326,121
강동구 명일제1동,906,306,600
강동구 명일제2동,643,478,165
강동구 상일동,1300,564,736
강동구 성내제1동,153,94,59
강동구 성내제2동,501,815,-314
강동구 성내제3동,1455,653,802
강동구 암사제1동,401,34,367
강동구 암사제2동,536,110,426
강동구 암사제3동,226,12,214
강동구 천호제1동,595,150,445
강동구 천호제2동,669,301,368
강동구 천호제3동,1657,523,1134
강북구 미아동,3886,1465,2421
강북구 번1동,3156,2628,528
강북구 번2동,795,173,622
강북구 번3동,2695,586,2109
강북구 삼각산동,1575,67,1508
강북구 삼양동,4453,684,3769
강북구 송중동,1736,1951,-215
강북구 송천동,10936,3843,7093
강북구 수유1동,8033,2385,5648
강북구 수유2동,3564,392,3172
강북구 수유3동,9795,5740,4055
강북구 우이동,5613,582,5031
강북구 월곡제1동,999,228,771
강북구 인수동,4075,452,3623
강서구 가양제1동,777,452,325
강서구 가양제2동,438,132,306
강서구 가양제3동,363,99,264
강서구 공항동,1799,1650,149
강서구 등촌제1동,810,1166,-356
강서구 등촌제2동,1318,791,527
강서구 등촌제3동,1107,890,217
강서구 발산제1동,3410,1612,1798
강서구 방화제1동,2355,433,1922
강서구 방화제2동,3056,1045,2011
강서구 방화제3동,1016,9,1007
강서구 염창동,110,64,46
강서구 우장산동,1442,1011,431
강서구 화곡본동,2076,417,1659
강서구 화곡제1동,6408,2051,4357
강서구 화곡제2동,1490,270,1220
강서구 화곡제3동,700,581,119
강서구 화곡제4동,932,497,435
강서구 화곡제6동,4533,2251,2282
강서구 화곡제8동,2216,498,1718
관악구 낙성대동,3461,2515,946
관악구 난곡동,5901,211,5690
관악구 난향동,2035,530,1505
관악구 남현동,2386,1637,749
관악구 대학동,2570,1070,1500
관악구 미성동,3212,2337,875
관악구 보라매동,1284,662,622
관악구 삼성동,2812,751,2061
관악구 서림동,400,133,267
관악구 서원동,1320,598,722
관악구 성현동,1366,288,1078
관악구 신림동,4253,2573,1680
관악구 신사동,2623,1263,1360
관악구 신원동,0,0,0
관악구 은천동,2369,673,1696
관악구 인헌동,892,335,557
관악구 조원동,4475,4306,169
관악구 중앙동,460,755,-295
관악구 청룡동,1513,2351,-838
관악구 청림동,305,50,255
관악구 행운동,2310,2387,-77
광진구 광장동,489,207,282
광진구 구의제1동,745,485,260
광진구 구의제2동,2033,1147,886
광진구 구의제3동,1,5,-4
광진구 군자동,1403,829,574
광진구 능동,1998,1321,677
광진구 자양제1동,101,363,-262
광진구 자양제2동,2868,527,2341
광진구 자양제3동,450,42,408
광진구 자양제4동,2273,1764,509
광진구 중곡제1동,1861,934,927
광진구 중곡제2동,2216,1530,686
광진구 중곡제3동,1695,591,1104
광진구 중곡제4동,396,212,184
광진구 화양동,1293,1233,60
구로구 가리봉동,3287,4266,-979
구로구 개봉제1동,3522,1504,2018
구로구 개봉제2동,2753,1494,1259
구로구 개봉제3동,854,329,525
구로구 고척제1동,2572,1339,1233
구로구 고척제2동,3194,418,2776
구로구 구로제1동,633,804,-171
구로구 구로제2동,3064,3448,-384
구로구 구로제3동,2892,3409,-517
구로구 구로제4동,5567,2166,3401
구로구 구로제5동,2676,2054,622
구로구 수궁동,2902,1068,1834
구로구 신도림동,2234,4661,-2427
구로구 오류제1동,2181,1277,904
구로구 오류제2동,1058,70,988
구로구 항동,155,29,126
금천구 가산동,3364,3256,108
금천구 독산제1동,3521,1768,1753
금천구 독산제2동,6554,1821,4733
금천구 독산제3동,6085,3910,2175
금천구 독산제4동,4303,1770,2533
금천구 미성동,0,0,0
금천구 시흥제1동,2266,1356,910
금천구 시흥제2동,539,188,351
금천구 시흥제3동,1555,914,641
금천구 시흥제4동,3786,444,3342
금천구 시흥제5동,6212,1268,4944
노원구 공릉1동,3142,1746,1396
노원구 공릉2동,1202,708,494
노원구 상계10동,1897,964,933
노원구 상계1동,1645,373,1272
노원구 상계2동,1867,372,1495
노원구 상계3.4동,1337,53,1284
노원구 상계5동,987,36,951
노원구 상계6.7동,2394,1394,1000
노원구 상계8동,1275,331,944
노원구 상계9동,81,76,5
노원구 월계1동,3638,1273,2365
노원구 월계2동,344,11,333
노원구 월계3동,1366,371,995
노원구 중계1동,544,278,266
노원구 중계2.3동,2361,1308,1053
노원구 중계4동,441,31,410
노원구 중계본동,488,42,446
노원구 하계1동,2461,1016,1445
노원구 하계2동,1545,531,1014
도봉구 도봉제1동,6736,1281,5455
도봉구 도봉제2동,1345,1053,292
도봉구 방학제1동,3322,1543,1779
도봉구 방학제2동,228,169,59
도봉구 방학제3동,2137,205,1932
도봉구 쌍문제1동,406,6,400
도봉구 쌍문제2동,5339,1495,3844
도봉구 쌍문제3동,2067,470,1597
도봉구 쌍문제4동,1366,87,1279
도봉구 창제1동,3744,896,2848
도봉구 창제2동,1036,439,597
도봉구 창제3동,1488,277,1211
도봉구 창제4동,417,218,199
도봉구 창제5동,323,523,-200
동대문구 답십리제1동,1384,497,887
동대문구 답십리제2동,3474,1036,2438
동대문구 면목제5동,92,0,92
동대문구 용신동,2917,5854,-2937
동대문구 이문제1동,1787,1237,550
동대문구 이문제2동,777,406,371
동대문구 장안제1동,1711,1242,469
동대문구 장안제2동,1453,498,955
동대문구 전농제1동,1603,2078,-475
동대문구 전농제2동,1199,461,738
동대문구 제기동,5493,5099,394
동대문구 청량리동,4737,3921,816
동대문구 회기동,569,1118,-549
동대문구 휘경제1동,3127,2261,866
동대문구 휘경제2동,580,1065,-485
동작구 노량진제1동,2519,2735,-216
동작구 노량진제2동,1543,1163,380
동작구 대방동,1129,1000,129
동작구 사당제1동,309,161,148
동작구 사당제2동,21,244,-223
동작구 사당제3동,2,0,2
동작구 사당제4동,0,0,0
동작구 사당제5동,0,0,0
동작구 상도제1동,1755,713,1042
동작구 상도제2동,1501,849,652
동작구 상도제3동,1552,274,1278
동작구 상도제4동,670,70,600
동작구 신대방제1동,1000,680,320
동작구 신대방제2동,1762,726,1036
동작구 흑석동,559,296,263
마포구 공덕동,877,438,439
마포구 대흥동,1151,968,183
마포구 도화동,273,215,58
마포구 망원제1동,370,20,350
마포구 망원제2동,672,163,509
마포구 상암동,1688,954,734
마포구 서강동,208,254,-46
마포구 서교동,4572,3831,741
마포구 성산제1동,1185,551,634
마포구 성산제2동,1763,374,1389
마포구 신수동,0,0,0
마포구 아현동,1710,1444,266
마포구 연남동,2096,1871,225
마포구 염리동,109,493,-384
마포구 용강동,495,580,-85
마포구 합정동,1017,680,337
서대문구 남가좌제1동,3318,1484,1834
서대문구 남가좌제2동,1493,181,1312
서대문구 북가좌제1동,1352,1321,31
서대문구 북가좌제2동,3814,590,3224
서대문구 북아현동,556,271,285
서대문구 신촌동,1664,4023,-2359
서대문구 연희동,3967,2961,1006
서대문구 천연동,3763,5463,-1700
서대문구 충현동,1492,4693,-3201
서대문구 홍은제1동,1378,1109,269
서대문구 홍은제2동,1784,484,1300
서대문구 홍제제1동,2958,883,2075
서대문구 홍제제2동,948,408,540
서대문구 홍제제3동,934,233,701
서초구 내곡동,768,689,79
서초구 반포1동,743,1004,-261
서초구 반포2동,92,155,-63
서초구 반포3동,255,441,-186
서초구 반포4동,603,933,-330
서초구 반포본동,765,892,-127
서초구 방배1동,512,229,283
서초구 방배2동,3870,1934,1936
서초구 방배3동,373,734,-361
서초구 방배4동,1271,550,721
서초구 방배본동,543,668,-125
서초구 서초1동,462,580,-118
서초구 서초2동,585,1074,-489
서초구 서초3동,767,1065,-298
서초구 서초4동,803,549,254
서초구 양재1동,831,935,-104
서초구 양재2동,1378,471,907
서초구 잠원동,1006,1743,-737
성동구 금호1가동,163,2,161
성동구 금호2.3가동,695,105,590
성동구 금호4가동,776,356,420
성동구 마장동,1648,1746,-98
성동구 사근동,503,549,-46
성동구 성수1가제1동,949,1180,-231
성동구 성수1가제2동,973,1015,-42
성동구 성수2가제1동,1205,262,943
성동구 성수2가제3동,270,503,-233
성동구 송정동,537,160,377
성동구 옥수동,165,108,57
성동구 왕십리도선동,866,841,25
성동구 왕십리제2동,1165,839,326
성동구 용답동,303,334,-31
성동구 응봉동,196,197,-1
성동구 행당제1동,460,1025,-565
성동구 행당제2동,2351,1298,1053
성북구 길음제1동,4998,4560,438
성북구 길음제2동,1762,2666,-904
성북구 돈암제1동,4687,3042,1645
성북구 돈암제2동,565,115,450
성북구 동선동,2375,2721,-346
성북구 보문동,1175,908,267
성북구 삼선동,1772,1597,175
성북구 석관동,3444,1195,2249
성북구 성북동,4435,3346,1089
성북구 안암동,793,2053,-1260
성북구 월곡제1동,1166,1362,-196
성북구 월곡제2동,1428,429,999
성북구 장위제1동,2264,313,1951
성북구 장위제2동,2342,578,1764
성북구 장위제3동,2345,1042,1303
성북구 정릉제1동,1850,664,1186
성북구 정릉제2동,2245,375,1870
성북구 정릉제3동,500,925,-425
성북구 정릉제4동,3948,138,3810
성북구 종암동,4941,3829,1112
송파구 가락1동,38,162,-124
송파구 가락2동,1297,820,477
송파구 가락본동,3298,2694,604
송파구 거여1동,872,124,748
송파구 거여2동,684,10,674
송파구 마천1동,2054,62,1992
송파구 마천2동,1707,59,1648
송파구 문정1동,401,112,289
송파구 문정2동,2815,2226,589
송파구 방이1동,260,128,132
송파구 방이2동,655,543,112
송파구 삼전동,686,280,406
송파구 석촌동,1099,1218,-119
송파구 송파1동,1616,637,979
송파구 송파2동,693,393,300
송파구 오금동,1289,373,916
송파구 오륜동,232,213,19
송파구 위례동,2588,1062,1526
송파구 잠실2동,788,604,184
송파구 잠실3동,3555,2711,844
송파구 잠실4동,159,199,-40
송파구 잠실6동,470,1791,-1321
송파구 잠실7동,664,866,-202
송파구 잠실본동,708,901,-193
송파구 장지동,2454,478,1976
송파구 풍납1동,1260,263,997
송파구 풍납2동,804,506,298
양천구 목1동,2304,2170,134
양천구 목2동,1617,701,916
양천구 목3동,2176,1603,573
양천구 목4동,2060,669,1391
양천구 목5동,181,702,-521
양천구 신월1동,1814,247,1567
양천구 신월2동,1763,481,1282
양천구 신월3동,1749,578,1171
양천구 신월4동,1357,248,1109
양천구 신월5동,1452,537,915
양천구 신월6동,1514,363,1151
양천구 신월7동,3204,672,2532
양천구 신정1동,601,213,388
양천구 신정2동,211,30,181
양천구 신정3동,3855,1660,2195
양천구 신정4동,3527,2213,1314
양천구 신정6동,228,228,0
양천구 신정7동,262,217,45
영등포구 당산제1동,1114,1575,-461
영등포구 당산제2동,710,1081,-371
영등포구 대림제1동,1988,1830,158
영등포구 대림제2동,1384,1290,94
영등포구 대림제3동,199,39,160
영등포구 도림동,503,270,233
영등포구 문래동,1645,2626,-981
영등포구 신길제1동,1687,1814,-127
영등포구 신길제3동,2455,1422,1033
영등포구 신길제4동,940,645,295
영등포구 신길제5동,2028,790,1238
영등포구 신길제6동,550,375,175
영등포구 신길제7동,47,64,-17
영등포구 양평제1동,588,750,-162
영등포구 양평제2동,678,1091,-413
영등포구 여의동,1901,6449,-4548
영등포구 영등포동,2885,5118,-2233
영등포구 영등포본동,2482,2759,-277
용산구 남영동,1644,2593,-949
용산구 보광동,543,207,336
용산구 서빙고동,338,270,68
용산구 용문동,0,0,0
용산구 용산2가동,625,349,276
용산구 원효로제1동,388,343,45
용산구 원효로제2동,164,76,88
용산구 이촌제1동,26,201,-175
용산구 이촌제2동,0,0,0
용산구 이태원제1동,1901,1039,862
용산구 이태원제2동,98,102,-4
용산구 청파동,470,224,246
용산구 필동,0,0,0
용산구 한강로동,1009,2637,-1628
용산구 한남동,2012,2378,-366
용산구 효창동,273,130,143
용산구 후암동,0,0,0
은평구 갈현제1동,2448,326,2122
은평구 갈현제2동,2098,220,1878
은평구 구산동,4027,243,3784
은평구 녹번동,2579,1114,1465
은평구 대조동,5567,1478,4089
은평구 불광제1동,1580,1045,535
은평구 불광제2동,5546,959,4587
은평구 수색동,1188,307,881
은평구 신사제1동,3392,559,2833
은평구 신사제2동,1638,477,1161
은평구 역촌동,5100,383,4717
은평구 응암제1동,3505,1418,2087
은평구 응암제2동,507,59,448
은평구 응암제3동,2906,748,2158
은평구 증산동,1641,621,1020
은평구 진관동,3898,1122,2776
종로구 가회동,0,0,0
종로구 교남동,57,65,-8
종로구 무악동,42,41,1
종로구 부암동,731,327,404
종로구 사직동,2888,5940,-3052
종로구 삼청동,160,839,-679
종로구 숭인제1동,0,0,0
종로구 숭인제2동,2824,3184,-360
종로구 이화동,616,457,159
종로구 종로1.2.3.4가동,7652,18228,-10576
종로구 종로5.6가동,1494,1421,73
종로구 창신제1동,2715,1217,1498
종로구 창신제2동,2992,1214,1778
종로구 창신제3동,103,41,62
종로구 청운효자동,254,406,-152
종로구 충현동,262,288,-26
종로구 평창동,825,411,414
종로구 혜화동,2238,3634,-1396
중구 광희동,5123,2917,2206
중구 다산동,897,513,384
중구 동화동,0,0,0
중구 명동,1158,5095,-3937
중구 소공동,2549,5985,-3436
중구 신당동,1342,635,707
중구 신당제5동,304,165,139
중구 약수동,293,124,169
중구 을지로동,515,2156,-1641
중구 장충동,79,201,-122
중구 중림동,145,410,-265
중구 청구동,0,0,0
중구 필동,554,1020,-466
중구 황학동,619,221,398
중구 회현동,3572,5447,-1875
중랑구 망우본동,3901,1882,2019
중랑구 망우제3동,1378,238,1140
중랑구 면목본동,3918,969,2949
중랑구 면목제2동,1882,728,1154
중랑구 면목제3.8동,2940,909,2031
중랑구 면목제4동,2335,982,1353
중랑구 면목제5동,1489,617,872
중랑구 면목제7동,1896,510,1386
중랑구 묵제1동,1612,799,813
중랑구 묵제2동,2339,823,1516
중랑구 상봉제1동,2661,1378,1283
중랑구 상봉제2동,1718,1608,110
중랑구 신내1동,4041,659,3382
중랑구 신내2동,1786,610,1176
중랑구 중화제1동,930,361,569
중랑구 중화제2동,5430,2480,2950
NA,87119,21486,65633
