ID,insum,outsum,diff
100000001,498,234,264
100000002,595,207,388
100000003,3105,736,2369
100000004,885,230,655
100000005,587,928,-341
100000006,44,31,13
100000007,133,158,-25
100000008,46,303,-257
100000009,32,65,-33
100000010,6,19,-13
100000011,110,44,66
100000012,18,391,-373
100000013,6,106,-100
100000014,92,221,-129
100000015,188,214,-26
100000016,388,698,-310
100000017,183,714,-531
100000018,404,200,204
100000019,2678,842,1836
100000020,629,599,30
100000021,3840,829,3011
100000022,414,301,113
100000023,3461,417,3044
100000025,1603,241,1362
100000028,694,459,235
100000029,135,117,18
100000030,338,11,327
100000031,2811,1127,1684
100000032,1688,1074,614
100000033,296,1016,-720
100000034,519,272,247
100000035,742,357,385
100000036,872,376,496
100000037,146,156,-10
100000038,275,171,104
100000039,116,41,75
100000040,72,26,46
100000041,110,146,-36
100000042,85,153,-68
100000043,105,98,7
100000044,165,480,-315
100000045,196,842,-646
100000046,208,820,-612
100000047,104,577,-473
100000048,172,521,-349
100000049,816,1712,-896
100000051,134,820,-686
100000053,5,3,2
100000054,21,9,12
100000055,112,221,-109
100000056,84,244,-160
100000057,429,267,162
100000058,272,915,-643
100000059,1,53,-52
100000060,89,108,-19
100000061,365,165,200
100000062,254,171,83
100000063,147,74,73
100000064,166,206,-40
100000065,156,819,-663
100000066,78,599,-521
100000067,141,543,-402
100000068,192,885,-693
100000069,109,988,-879
100000072,252,627,-375
100000073,514,792,-278
100000075,204,179,25
100000076,796,676,120
100000077,298,24,274
100000078,86,13,73
100000079,36,19,17
100000080,19,2,17
100000081,13,5,8
100000102,529,456,73
100000103,1447,430,1017
100000104,1877,503,1374
100000105,1930,230,1700
100000106,669,461,208
100000107,133,122,11
100000108,362,902,-540
100000109,1913,813,1100
100000116,690,300,390
100000117,15,2,13
100000118,797,601,196
100000119,147,390,-243
100000121,33,286,-253
100000122,230,386,-156
100000123,2212,2310,-98
100000124,6166,2490,3676
100000125,1879,176,1703
100000126,234,104,130
100000127,749,190,559
100000128,371,493,-122
100000129,163,228,-65
100000130,227,365,-138
100000131,3160,1406,1754
100000132,1356,551,805
100000133,6985,2071,4914
100000135,105,320,-215
100000139,63,437,-374
100000140,139,175,-36
100000142,94,167,-73
100000143,1243,786,457
100000144,2343,798,1545
100000147,485,941,-456
100000150,22,244,-222
100000151,312,216,96
100000153,101,75,26
100000154,23,39,-16
100000155,1,10,-9
100000156,15,14,1
100000157,7,124,-117
100000158,27,87,-60
100000159,93,161,-68
100000165,519,380,139
100000169,178,124,54
100000174,902,159,743
100000179,33,336,-303
100000180,91,576,-485
100000181,30,186,-156
100000188,63,164,-101
100000189,101,121,-20
100000190,174,143,31
100000191,235,173,62
100000192,40,37,3
100000193,31,54,-23
100000330,1063,270,793
100000355,32,264,-232
100000362,2510,2133,377
100000363,718,1128,-410
100000364,237,521,-284
100000365,1943,4541,-2598
100000366,2366,1445,921
100000367,1300,2017,-717
100000368,1103,1055,48
100000369,234,395,-161
100000370,41,199,-158
100000376,24,53,-29
100000379,682,407,275
100000380,889,737,152
100000384,3442,1153,2289
100000385,2534,1623,911
100000386,3829,1017,2812
100000387,3960,1499,2461
100000388,9011,1412,7599
100000389,7338,1503,5835
100000390,7966,1377,6589
100000391,4841,1369,3472
100000392,2154,476,1678
100000393,503,491,12
100000394,3022,1488,1534
100000395,1699,489,1210
100000396,2160,858,1302
100000397,1082,550,532
100000398,7193,4926,2267
100000413,22,1,21
100900002,0,0,0
100900003,22,18,4
100900004,9,673,-664
100900005,16,2,14
100900006,0,0,0
100900007,20,0,20
100900008,0,436,-436
100900009,5,7,-2
100900010,0,0,0
100900011,9,195,-186
100900012,2,198,-196
100900013,85,4,81
100900014,0,0,0
100900015,69,23,46
100900016,0,14,-14
100900017,82,33,49
100900018,0,0,0
100900019,0,0,0
100900020,39,0,39
100900021,321,1,320
100900022,0,0,0
100900023,0,0,0
100900024,17,0,17
100900025,0,0,0
100900026,2,80,-78
100900027,150,508,-358
100900028,2,40,-38
100900029,23,0,23
100900030,0,6,-6
100900031,38,2,36
100900032,55,0,55
100900033,86,55,31
100900034,69,0,69
100900035,24,0,24
100900036,0,0,0
100900037,0,211,-211
100900038,1,2,-1
100900039,107,397,-290
100900040,22,594,-572
100900041,66,766,-700
100900042,107,18,89
100900043,0,0,0
100900044,931,80,851
100900045,2,0,2
100900046,121,2,119
100900047,2,0,2
100900048,8,0,8
100900049,2,99,-97
100900050,0,0,0
100900051,3,12,-9
100900052,18,6,12
100900053,55,6,49
100900054,1,51,-50
100900055,50,46,4
100900056,0,7,-7
100900057,92,111,-19
100900058,24,6,18
100900059,3,0,3
100900060,32,7,25
100900061,103,81,22
100900062,1,15,-14
100900063,17,98,-81
100900064,163,3,160
100900065,13,9,4
100900066,7,11,-4
100900067,0,0,0
100900068,8,66,-58
100900069,17,0,17
100900070,69,0,69
100900071,145,58,87
100900072,1,36,-35
100900073,15,256,-241
100900074,0,2,-2
100900075,1702,111,1591
100900076,7,9,-2
100900077,0,0,0
100900078,37,8,29
100900079,0,25,-25
100900080,0,0,0
100900081,4,6,-2
100900082,9,476,-467
100900083,1,18,-17
100900085,0,12,-12
100900086,3,39,-36
100900088,8,372,-364
100900089,0,5,-5
100900090,8,190,-182
100900091,0,0,0
100900092,13,19,-6
100900093,25,33,-8
100900094,15,281,-266
100900095,0,3,-3
100900096,1,37,-36
100900097,0,0,0
100900098,0,4,-4
100900099,16,294,-278
100900100,0,30,-30
100900101,158,7,151
100900102,0,14,-14
100900103,0,3,-3
100900104,5,68,-63
100900105,2,25,-23
100900106,24,0,24
100900107,912,137,775
100900108,0,2,-2
100900109,0,21,-21
100900110,0,0,0
100900111,35,65,-30
100900112,0,0,0
100900113,0,6,-6
100900114,0,10,-10
100900115,0,0,0
100900116,176,79,97
100900117,110,79,31
100900118,0,24,-24
100900119,0,12,-12
100900120,0,0,0
100900121,98,41,57
100900122,105,113,-8
100900123,3,15,-12
100900124,0,1,-1
100900125,0,17,-17
100900126,1,13,-12
100900127,0,1,-1
100900128,17,47,-30
100900129,0,13,-13
100900131,13,15,-2
100900133,0,10,-10
100900134,0,1,-1
100900135,0,35,-35
100900137,164,85,79
100900138,44,86,-42
100900139,0,0,0
100900140,5,502,-497
100900141,0,67,-67
100900142,0,0,0
100900143,499,124,375
100900144,2,1,1
100900145,0,54,-54
100900146,0,0,0
100900147,0,77,-77
100900148,11,685,-674
100900149,1,12,-11
100900150,0,0,0
100900151,27,319,-292
100900152,0,0,0
100900153,0,62,-62
100900154,0,0,0
100900155,0,0,0
100900156,0,0,0
100900157,0,41,-41
100900159,1,2,-1
100900160,0,1,-1
100900161,0,0,0
100900162,3,49,-46
100900163,22,104,-82
100900164,1,2,-1
100900165,9,16,-7
100900166,0,0,0
100900167,2,34,-32
100900168,0,21,-21
100900169,99,900,-801
100900170,0,0,0
100900171,9,509,-500
100900172,0,2,-2
100900173,5,435,-430
100900174,4,2,2
100900176,449,22,427
100900177,499,49,450
100900178,0,39,-39
100900179,12,13,-1
100900180,0,0,0
100900181,0,0,0
100900182,0,0,0
100900184,0,0,0
100900186,445,131,314
100900187,0,84,-84
100900188,22,1,21
100900189,147,10,137
100900191,551,145,406
100900192,107,78,29
100900195,13,81,-68
100900197,0,0,0
100900198,2,79,-77
100900199,0,0,0
100900200,283,161,122
100900201,16,520,-504
100900202,0,0,0
100900203,0,30,-30
100900204,13,21,-8
100900205,39,70,-31
100900206,28,9,19
100900207,20,27,-7
100900210,27,459,-432
100900211,82,9,73
100900213,6,1,5
100900214,353,19,334
100900215,0,4,-4
100900217,27,11,16
101000001,2788,1119,1669
101000002,2273,1272,1001
101000003,454,489,-35
101000004,6273,1727,4546
101000005,2119,2225,-106
101000006,6083,3289,2794
101000007,1651,1419,232
101000008,1978,1466,512
101000009,435,1274,-839
101000010,324,643,-319
101000011,1089,192,897
101000012,347,78,269
101000013,337,335,2
101000014,138,153,-15
101000015,466,564,-98
101000016,87,189,-102
101000017,227,314,-87
101000018,1660,1308,352
101000020,2208,506,1702
101000021,364,63,301
101000022,267,34,233
101000023,840,599,241
101000025,23,76,-53
101000026,242,20,222
101000027,932,873,59
101000028,632,132,500
101000029,4,179,-175
101000030,258,44,214
101000031,169,58,111
101000032,1997,1067,930
101000033,1399,557,842
101000034,1302,574,728
101000035,809,223,586
101000036,847,215,632
101000037,2175,484,1691
101000039,1792,333,1459
101000040,2449,965,1484
101000041,2416,583,1833
101000042,202,178,24
101000043,2021,1128,893
101000045,375,56,319
101000046,894,472,422
101000047,437,394,43
101000048,243,126,117
101000049,234,355,-121
101000050,456,199,257
101000051,940,504,436
101000052,1300,232,1068
101000053,441,240,201
101000054,1186,273,913
101000055,1283,386,897
101000056,100,18,82
101000057,1698,321,1377
101000058,1510,336,1174
101000059,1590,536,1054
101000060,1504,140,1364
101000061,656,153,503
101000062,2204,141,2063
101000063,142,63,79
101000064,1011,221,790
101000065,114,161,-47
101000066,36,21,15
101000067,305,138,167
101000068,149,120,29
101000069,254,26,228
101000070,1020,424,596
101000071,1110,397,713
101000072,740,1258,-518
101000073,185,107,78
101000074,2286,762,1524
101000075,4904,1787,3117
101000077,552,633,-81
101000078,469,730,-261
101000079,257,1525,-1268
101000080,467,1049,-582
101000081,554,482,72
101000082,1999,1262,737
101000083,799,613,186
101000084,612,896,-284
101000085,795,397,398
101000086,1028,752,276
101000087,708,821,-113
101000088,358,222,136
101000089,308,465,-157
101000090,1867,798,1069
101000091,159,787,-628
101000092,615,502,113
101000093,680,332,348
101000094,301,677,-376
101000095,117,435,-318
101000096,148,349,-201
101000097,113,153,-40
101000098,142,179,-37
101000099,632,596,36
101000100,411,301,110
101000101,133,138,-5
101000102,337,157,180
101000103,352,203,149
101000104,88,101,-13
101000105,318,46,272
101000106,174,107,67
101000107,60,137,-77
101000108,760,148,612
101000109,44,47,-3
101000110,15,346,-331
101000111,15,69,-54
101000113,50,110,-60
101000114,1220,672,548
101000115,7,25,-18
101000116,10,19,-9
101000117,13,46,-33
101000119,203,15,188
101000120,198,9,189
101000121,51,7,44
101000122,48,7,41
101000123,14,15,-1
101000124,359,662,-303
101000125,137,250,-113
101000128,321,153,168
101000130,308,177,131
101000131,267,445,-178
101000132,211,1164,-953
101000135,113,6,107
101000136,98,87,11
101000137,24,96,-72
101000141,1410,541,869
101000147,485,482,3
101000148,1698,23,1675
101000149,21,5,16
101000150,18,686,-668
101000151,12,67,-55
101000152,147,131,16
101000153,390,266,124
101000154,48,1201,-1153
101000155,64,67,-3
101000156,15,159,-144
101000157,10,2,8
101000160,10,7,3
101000163,0,0,0
101000164,288,203,85
101000165,158,120,38
101000166,136,151,-15
101000168,222,144,78
101000252,365,260,105
101000254,165,4,161
101000258,50,27,23
101000261,161,124,37
101000262,159,407,-248
101000263,31,204,-173
101000265,11,185,-174
101000266,154,127,27
101000269,107,7,100
101000290,691,459,232
101000293,0,29,-29
101000294,352,296,56
101000295,103,259,-156
101000301,463,63,400
101000304,1207,1354,-147
101000305,1091,907,184
101000328,25,179,-154
101900001,5,43,-38
101900002,0,11,-11
101900003,63,41,22
101900004,2,21,-19
101900005,3095,311,2784
101900006,288,4,284
101900007,178,17,161
101900008,49,45,4
101900009,18,50,-32
101900010,468,86,382
101900011,111,98,13
101900012,7,20,-13
101900013,613,23,590
101900017,7,31,-24
101900018,790,31,759
101900019,44,13,31
101900020,103,37,66
101900021,1,8,-7
101900022,6,661,-655
101900023,2,159,-157
101900026,33,15,18
101900027,6,73,-67
102000001,893,1830,-937
102000002,1267,740,527
102000003,2217,1763,454
102000004,4208,860,3348
102000005,1122,999,123
102000006,1297,539,758
102000007,1408,1724,-316
102000008,4416,704,3712
102000009,3572,3281,291
102000010,4256,1346,2910
102000011,1303,1239,64
102000012,1480,1669,-189
102000018,1641,628,1013
102000019,1313,325,988
102000026,124,85,39
102000029,241,80,161
102000030,53,69,-16
102000031,3,92,-89
102000032,128,184,-56
102000033,26,186,-160
102000034,180,166,14
102000035,372,181,191
102000036,1,79,-78
102000037,113,42,71
102000038,58,46,12
102000039,20,26,-6
102000040,194,34,160
102000041,44,53,-9
102000042,16,25,-9
102000043,66,116,-50
102000044,79,165,-86
102000045,310,385,-75
102000046,470,197,273
102000047,366,599,-233
102000048,90,272,-182
102000049,211,256,-45
102000050,390,535,-145
102000051,137,192,-55
102000052,520,435,85
102000053,204,422,-218
102000054,162,483,-321
102000055,429,514,-85
102000056,191,317,-126
102000057,591,92,499
102000058,590,795,-205
102000059,573,752,-179
102000060,321,239,82
102000061,719,1838,-1119
102000062,281,449,-168
102000063,624,869,-245
102000064,295,369,-74
102000065,23,70,-47
102000066,555,621,-66
102000067,1066,1235,-169
102000068,4182,1441,2741
102000069,18,559,-541
102000070,2108,63,2045
102000071,4106,5724,-1618
102000072,2326,3546,-1220
102000073,99,521,-422
102000074,128,622,-494
102000075,30,174,-144
102000076,72,312,-240
102000077,100,764,-664
102000078,273,742,-469
102000079,36,176,-140
102000080,58,159,-101
102000081,111,463,-352
102000082,398,145,253
102000083,89,597,-508
102000084,30,208,-178
102000085,956,929,27
102000086,519,480,39
102000087,334,1491,-1157
102000088,113,148,-35
102000089,213,254,-41
102000090,220,762,-542
102000091,659,222,437
102000092,425,560,-135
102000093,351,311,40
102000094,299,73,226
102000095,379,443,-64
102000096,455,154,301
102000097,1036,527,509
102000098,242,304,-62
102000099,415,305,110
102000100,318,194,124
102000101,517,116,401
102000102,173,322,-149
102000103,625,184,441
102000104,668,224,444
102000105,61,688,-627
102000106,178,659,-481
102000107,143,212,-69
102000108,215,223,-8
102000109,116,263,-147
102000110,175,720,-545
102000111,2,98,-96
102000112,64,40,24
102000113,1,16,-15
102000114,364,107,257
102000115,195,83,112
102000116,43,133,-90
102000117,47,301,-254
102000118,698,615,83
102000119,1531,271,1260
102000120,36,230,-194
102000121,283,258,25
102000122,104,295,-191
102000123,688,370,318
102000124,513,476,37
102000125,355,274,81
102000126,261,342,-81
102000127,511,284,227
102000128,264,583,-319
102000129,336,520,-184
102000130,247,386,-139
102000131,169,369,-200
102000132,144,219,-75
102000133,484,1716,-1232
102000134,198,392,-194
102000135,687,248,439
102000136,504,109,395
102000137,345,295,50
102000138,101,213,-112
102000139,21,187,-166
102000140,58,122,-64
102000141,43,399,-356
102000142,65,208,-143
102000143,28,280,-252
102000144,30,256,-226
102000145,63,188,-125
102000146,92,197,-105
102000147,109,88,21
102000148,62,38,24
102000149,57,299,-242
102000150,30,133,-103
102000151,28,184,-156
102000152,41,107,-66
102000153,236,113,123
102000154,173,259,-86
102000155,75,147,-72
102000156,153,28,125
102000157,26,73,-47
102000158,153,63,90
102000159,946,24,922
102000161,2314,341,1973
102000162,98,66,32
102000163,31,89,-58
102000164,320,121,199
102000165,149,49,100
102000166,10,70,-60
102000167,66,113,-47
102000168,83,81,2
102000169,61,188,-127
102000170,508,65,443
102000171,31,22,9
102000172,7,69,-62
102000173,153,121,32
102000174,10,35,-25
102000175,36,41,-5
102000176,9,12,-3
102000178,146,311,-165
102000179,76,138,-62
102000180,168,353,-185
102000181,111,456,-345
102000182,200,644,-444
102000183,293,548,-255
102000184,313,632,-319
102000185,286,453,-167
102000186,271,1225,-954
102000187,201,1131,-930
102000188,72,398,-326
102000189,1632,440,1192
102000190,218,454,-236
102000191,810,124,686
102000192,401,567,-166
102000193,10,113,-103
102000194,17,80,-63
102000195,158,370,-212
102000196,35,350,-315
102000197,143,455,-312
102000198,27,530,-503
102000199,100,284,-184
102000200,69,560,-491
102000201,132,305,-173
102000202,2,74,-72
102000203,49,182,-133
102000204,75,399,-324
102000205,188,312,-124
102000206,155,439,-284
102000207,163,205,-42
102000208,83,325,-242
102000209,32,28,4
102000210,32,407,-375
102000211,96,295,-199
102000212,9,12,-3
102000213,0,224,-224
102000214,33,4,29
102000215,2,417,-415
102000216,7,2,5
102000217,3,160,-157
102000218,22,18,4
102000219,186,302,-116
102000225,216,54,162
102000226,163,22,141
102000227,9,0,9
102000228,0,89,-89
102000229,19,14,5
102000230,48,254,-206
102000231,123,247,-124
102000232,4,55,-51
102000233,240,295,-55
102000234,14,178,-164
102000236,211,54,157
102000237,177,90,87
102000238,112,112,0
102000240,427,442,-15
102000241,207,57,150
102000243,3,27,-24
102000245,25,87,-62
102000246,7,10,-3
102000247,845,475,370
102000248,489,416,73
102000249,34,110,-76
102000250,25,257,-232
102000254,29,249,-220
102000266,19,112,-93
102000271,21,13,8
102000286,153,84,69
102000297,640,270,370
102000301,0,0,0
102000303,0,0,0
102000305,0,0,0
102000307,0,3,-3
102900001,234,175,59
102900002,56,8,48
102900003,5,186,-181
102900005,36,57,-21
102900006,90,30,60
102900007,66,9,57
102900008,37,9,28
102900009,0,0,0
102900010,49,137,-88
102900011,1338,123,1215
102900012,94,23,71
102900013,0,0,0
102900015,228,51,177
102900016,0,0,0
102900017,0,0,0
102900018,0,0,0
102900019,56,114,-58
102900020,15,18,-3
102900021,0,0,0
102900022,165,58,107
102900023,0,0,0
102900024,11,9,2
102900025,0,0,0
102900026,149,328,-179
102900027,5,7,-2
102900028,8,104,-96
102900029,35,50,-15
102900030,51,44,7
102900031,25,48,-23
102900032,9,84,-75
102900033,0,0,0
102900034,28,44,-16
102900035,22,341,-319
102900036,19,216,-197
102900037,25,259,-234
102900038,115,145,-30
102900039,11,123,-112
102900040,35,55,-20
102900041,19,72,-53
102900042,53,246,-193
102900043,29,175,-146
102900044,128,1288,-1160
102900045,20,352,-332
102900046,13,196,-183
102900047,17,399,-382
102900048,208,479,-271
102900049,27,220,-193
102900050,65,177,-112
102900051,64,90,-26
102900053,119,435,-316
102900054,126,302,-176
102900055,0,0,0
102900056,32,240,-208
102900057,0,0,0
102900058,137,29,108
102900059,0,0,0
102900060,10,186,-176
102900061,15,236,-221
102900062,13,1041,-1028
102900063,109,120,-11
102900064,31,95,-64
102900065,270,115,155
102900066,68,5,63
102900068,38,19,19
102900070,19,373,-354
102900072,3,14,-11
102900073,48,3,45
102900075,0,0,0
102900076,0,0,0
102900077,0,0,0
102900078,0,0,0
102900079,19,1,18
102900080,42,1,41
102900081,25,99,-74
102900082,5,108,-103
102900083,0,0,0
102900084,0,0,0
102900085,0,0,0
102900086,0,0,0
102900087,6,49,-43
102900088,8,12,-4
102900089,100,60,40
102900090,1,337,-336
102900091,25,1,24
102900092,59,819,-760
102900094,0,22,-22
102900095,20,0,20
102900096,4,3,1
102900097,3,82,-79
103000001,1156,1603,-447
103000002,910,1052,-142
103000003,1631,1352,279
103000004,678,377,301
103000005,912,769,143
103000006,287,558,-271
103000007,237,448,-211
103000008,276,814,-538
103000009,138,293,-155
103000010,109,168,-59
103000011,1086,554,532
103000012,539,587,-48
103000013,5141,1389,3752
103000014,664,430,234
103000015,1601,636,965
103000016,260,270,-10
103000017,17,43,-26
103000018,539,192,347
103000019,22,28,-6
103000020,712,828,-116
103000021,287,431,-144
103000022,545,762,-217
103000023,185,342,-157
103000024,69,64,5
103000025,42,55,-13
103000026,1143,62,1081
103000027,141,54,87
103000028,443,142,301
103000029,507,102,405
103000030,1721,265,1456
103000031,690,407,283
103000032,1001,995,6
103000033,1274,992,282
103000034,1031,425,606
103000035,203,529,-326
103000036,357,195,162
103000037,562,203,359
103000038,335,370,-35
103000039,60,319,-259
103000040,99,665,-566
103000041,866,1974,-1108
103000042,336,503,-167
103000043,127,712,-585
103000044,92,155,-63
103000046,121,137,-16
103000047,128,310,-182
103000048,149,42,107
103000049,47,79,-32
103000050,176,415,-239
103000051,120,229,-109
103000052,321,292,29
103000053,21,155,-134
103000054,660,562,98
103000055,647,572,75
103000056,342,1286,-944
103000057,314,174,140
103000058,215,549,-334
103000059,172,382,-210
103000060,464,549,-85
103000061,196,358,-162
103000062,493,654,-161
103000063,350,363,-13
103000064,101,228,-127
103000065,3,199,-196
103000066,30,9,21
103000069,68,230,-162
103000070,189,846,-657
103000071,315,134,181
103000072,70,539,-469
103000073,73,33,40
103000074,110,19,91
103000075,63,538,-475
103000076,46,34,12
103000077,25,250,-225
103000078,497,72,425
103000079,725,211,514
103000080,608,76,532
103000081,164,305,-141
103000082,106,41,65
103000083,21,212,-191
103000084,0,0,0
103000085,2,52,-50
103000086,304,85,219
103000087,51,144,-93
103000088,164,181,-17
103000089,108,145,-37
103000090,803,650,153
103000091,230,251,-21
103000092,64,141,-77
103000093,130,420,-290
103000094,25,41,-16
103000095,6,258,-252
103000096,189,50,139
103000097,16,413,-397
103000098,471,22,449
103000099,98,287,-189
103000100,19,569,-550
103000101,145,79,66
103000102,38,435,-397
103000103,147,153,-6
103000104,10,104,-94
103000105,34,72,-38
103000106,3,113,-110
103000107,120,40,80
103000108,312,401,-89
103000109,228,247,-19
103000110,351,271,80
103000111,229,185,44
103000112,130,148,-18
103000113,145,339,-194
103000114,218,184,34
103000115,193,292,-99
103000116,152,267,-115
103000117,93,354,-261
103000118,677,723,-46
103000119,1391,549,842
103000120,17,61,-44
103000121,94,307,-213
103000122,77,83,-6
103000125,5,391,-386
103000126,71,2,69
103000127,2,260,-258
103000128,36,0,36
103000129,0,168,-168
103000130,17,7,10
103000131,146,54,92
103000132,76,38,38
103000133,2,138,-136
103000134,289,197,92
103000135,489,67,422
103000136,517,178,339
103000137,179,150,29
103000138,276,120,156
103000139,1,49,-48
103000140,80,14,66
103000141,32,65,-33
103000142,39,19,20
103000143,16,139,-123
103000144,64,37,27
103000145,3,25,-22
103000150,22,44,-22
103000152,137,139,-2
103000153,58,113,-55
103000156,0,418,-418
103000157,87,1,86
103000159,39,24,15
103000162,11,3,8
103000163,0,6,-6
103000164,0,4,-4
103000165,53,276,-223
103000166,19,27,-8
103000167,47,86,-39
103000168,48,161,-113
103000169,14,37,-23
103000170,387,291,96
103000171,8,29,-21
103000172,86,150,-64
103000173,107,526,-419
103000174,84,138,-54
103000175,66,465,-399
103000176,388,71,317
103000177,394,292,102
103000178,214,177,37
103000179,32,8,24
103000183,6,28,-22
103000185,20,43,-23
103000186,21,85,-64
103000187,79,518,-439
103000188,5,43,-38
103000189,221,759,-538
103000191,154,182,-28
103000292,1736,188,1548
103000293,927,278,649
103000295,5,33,-28
103000296,18,3,15
103000297,10,4,6
103000504,49,8,41
103000505,4,4,0
103000506,0,98,-98
103000507,61,3,58
103000508,70,27,43
103000509,116,371,-255
103900001,0,138,-138
103900002,945,67,878
103900003,674,32,642
103900004,2,1,1
103900005,1,166,-165
103900006,0,0,0
103900007,0,9,-9
103900008,0,0,0
103900009,34,87,-53
103900010,26,136,-110
103900011,20,158,-138
103900012,3,2,1
103900013,6,63,-57
103900014,1,10,-9
103900015,6,8,-2
103900016,122,268,-146
103900017,9,63,-54
103900018,457,66,391
103900019,10,36,-26
103900020,25,62,-37
103900021,2,0,2
103900022,191,351,-160
103900023,11,1,10
103900024,45,454,-409
103900025,1,8,-7
103900026,1,0,1
103900027,53,80,-27
103900028,6,96,-90
103900029,229,104,125
103900030,79,4,75
103900031,0,0,0
103900032,8,3,5
103900033,1,2,-1
103900034,2,146,-144
103900035,17,30,-13
103900036,5,2,3
103900037,3,11,-8
103900038,11,19,-8
103900039,3,279,-276
103900040,5,153,-148
103900041,2,2,0
103900042,26,360,-334
103900043,13,49,-36
103900044,54,19,35
103900045,38,64,-26
103900047,8,21,-13
103900048,18,13,5
103900049,148,650,-502
103900050,2,64,-62
103900051,0,18,-18
103900052,41,359,-318
103900053,52,705,-653
103900054,8,478,-470
103900055,55,115,-60
103900056,3,59,-56
103900057,4,197,-193
103900058,17,440,-423
103900059,0,4,-4
103900060,1,100,-99
103900061,11,25,-14
103900062,13,17,-4
103900063,2,0,2
103900064,0,1,-1
103900065,365,165,200
103900066,7,0,7
103900067,5,2,3
103900068,0,0,0
103900069,6,1,5
103900070,36,161,-125
103900071,18,155,-137
103900072,5,160,-155
103900073,4,3,1
103900074,8,51,-43
103900075,32,38,-6
103900076,73,438,-365
103900077,6,16,-10
103900078,16,75,-59
103900079,31,109,-78
103900080,1,7,-6
103900081,0,0,0
103900082,2,27,-25
103900083,1046,43,1003
103900084,5,59,-54
103900085,37,70,-33
103900086,65,181,-116
103900088,202,64,138
103900089,16,106,-90
103900090,1,101,-100
103900091,411,106,305
103900092,43,285,-242
103900093,39,215,-176
103900094,4,100,-96
103900095,20,92,-72
103900096,5,230,-225
103900097,1,375,-374
103900098,65,41,24
103900099,4,143,-139
103900100,21,212,-191
103900101,33,513,-480
103900102,0,14,-14
103900104,0,19,-19
103900105,29,90,-61
103900106,0,14,-14
103900107,4,72,-68
103900108,25,313,-288
103900109,15,33,-18
103900110,54,26,28
103900111,4,521,-517
103900112,5,15,-10
103900113,61,96,-35
103900114,315,185,130
103900115,121,46,75
103900116,3605,203,3402
103900117,233,80,153
103900119,1,12,-11
103900120,7,32,-25
103900122,4,253,-249
103900123,648,222,426
103900124,17,405,-388
103900125,26,49,-23
103900126,64,203,-139
103900127,35,480,-445
103900128,14,191,-177
103900131,1,69,-68
103900133,173,4,169
103900134,0,0,0
103900135,0,4,-4
103900137,0,24,-24
103900138,0,110,-110
103900139,123,296,-173
103900140,0,0,0
103900141,71,30,41
103900142,2,35,-33
103900143,10,0,10
103900144,0,38,-38
103900145,78,238,-160
103900146,75,178,-103
103900147,69,54,15
103900148,18,137,-119
103900149,14,524,-510
103900150,3604,464,3140
103900151,10,64,-54
103900152,38,421,-383
103900153,1,0,1
103900154,699,170,529
103900155,6,64,-58
103900156,8,80,-72
103900157,2,132,-130
103900158,5,117,-112
103900159,9,39,-30
103900160,6,6,0
103900161,11,59,-48
103900162,52,99,-47
103900163,2,218,-216
103900167,0,18,-18
103900168,5,53,-48
103900169,3,12,-9
103900170,1,64,-63
103900171,0,44,-44
103900172,9,15,-6
103900173,0,2,-2
103900174,21,13,8
103900175,6,16,-10
103900176,0,6,-6
103900177,4,27,-23
103900178,5,63,-58
103900179,0,115,-115
103900180,3,66,-63
103900181,31,16,15
103900182,14,8,6
103900184,311,8,303
103900185,75,25,50
103900187,23,5,18
103900188,5,1,4
103900189,24,3,21
103900190,6,19,-13
103900191,6,14,-8
103900192,5,28,-23
103900193,67,37,30
103900194,3,142,-139
103900195,0,1,-1
103900196,3,7,-4
103900197,2,15,-13
103900198,4,16,-12
103900199,23,49,-26
103900200,13,57,-44
103900201,16,115,-99
103900202,1,34,-33
103900203,7,13,-6
103900204,2,61,-59
103900207,0,98,-98
103900208,8,3,5
103900209,0,60,-60
103900210,3,15,-12
103900211,74,309,-235
103900212,30,355,-325
103900213,51,178,-127
103900214,20,4,16
103900215,901,168,733
103900216,8,238,-230
103900217,4,31,-27
103900218,0,81,-81
103900219,8,100,-92
103900233,20,1,19
103900235,3,4,-1
103900236,6,0,6
103900242,0,0,0
103900243,0,1,-1
103900244,10,175,-165
103900245,11,115,-104
103900246,10,5,5
103900247,17,69,-52
103900248,1,3,-2
103900249,1,2,-1
103900250,3,2,1
103900251,0,3,-3
103900253,18,5,13
103900254,2,2,0
103900255,3,0,3
103900256,3,4,-1
103900257,43,6,37
103900258,14,0,14
103900259,38,1,37
103900261,1,0,1
103900262,4,1,3
103900263,21,25,-4
103900264,13,3,10
103900265,8,0,8
103900266,0,17,-17
103900267,2,53,-51
103900268,0,84,-84
103900269,25,26,-1
103900270,3,132,-129
103900271,22,158,-136
103900272,0,0,0
103900273,0,0,0
103900274,0,0,0
103900275,0,0,0
103900276,0,0,0
103900277,0,0,0
103900278,0,0,0
103900279,0,0,0
103900280,0,0,0
104000001,1130,1574,-444
104000002,749,1441,-692
104000003,1292,1306,-14
104000004,2216,1409,807
104000005,546,937,-391
104000006,1396,1499,-103
104000007,1872,1878,-6
104000008,184,497,-313
104000009,57,133,-76
104000010,23,55,-32
104000011,455,366,89
104000012,48,341,-293
104000013,10,50,-40
104000014,147,534,-387
104000015,73,57,16
104000016,105,296,-191
104000018,247,63,184
104000019,153,52,101
104000020,64,677,-613
104000021,158,623,-465
104000022,45,238,-193
104000023,158,141,17
104000024,41,167,-126
104000026,18,68,-50
104000027,77,357,-280
104000028,119,147,-28
104000029,159,446,-287
104000030,76,184,-108
104000031,168,90,78
104000032,100,291,-191
104000033,108,143,-35
104000034,130,307,-177
104000035,150,236,-86
104000036,141,336,-195
104000037,111,164,-53
104000038,127,126,1
104000039,71,373,-302
104000040,261,372,-111
104000041,190,168,22
104000042,125,351,-226
104000043,106,256,-150
104000044,100,611,-511
104000045,298,883,-585
104000046,532,896,-364
104000047,205,831,-626
104000048,712,1384,-672
104000049,122,129,-7
104000050,63,291,-228
104000051,57,528,-471
104000052,356,729,-373
104000053,308,391,-83
104000054,93,260,-167
104000055,1951,1250,701
104000056,795,137,658
104000057,61,489,-428
104000058,299,421,-122
104000059,124,642,-518
104000060,166,510,-344
104000061,358,615,-257
104000062,88,113,-25
104000064,395,152,243
104000065,34,168,-134
104000069,904,279,625
104000070,15,126,-111
104000071,107,335,-228
104000072,110,124,-14
104000075,18,78,-60
104000076,119,5,114
104000082,890,1075,-185
104000083,382,78,304
104000084,38,318,-280
104000085,45,77,-32
104000086,50,292,-242
104000087,144,271,-127
104000090,185,933,-748
104000092,207,1567,-1360
104000094,272,1301,-1029
104000095,833,951,-118
104000096,270,218,52
104000097,312,371,-59
104000098,211,610,-399
104000100,232,290,-58
104000101,581,928,-347
104000106,162,430,-268
104000107,154,383,-229
104000108,113,317,-204
104000109,147,13,134
104000110,689,626,63
104000111,2508,639,1869
104000112,1082,323,759
104000116,0,1034,-1034
104000117,5,593,-588
104000118,90,158,-68
104000119,126,140,-14
104000120,10,565,-555
104000121,105,403,-298
104000122,291,398,-107
104000123,362,623,-261
104000124,964,1456,-492
104000125,3232,1299,1933
104000126,92,297,-205
104000127,1017,2182,-1165
104000128,214,268,-54
104000129,299,22,277
104000130,15,118,-103
104000131,857,555,302
104000132,498,935,-437
104000133,703,533,170
104000134,500,755,-255
104000135,200,445,-245
104000136,615,876,-261
104000137,1204,108,1096
104000138,1097,196,901
104000139,6954,1615,5339
104000141,1037,1342,-305
104000142,279,780,-501
104000143,213,737,-524
104000144,21,74,-53
104000145,63,64,-1
104000146,283,389,-106
104000147,61,223,-162
104000148,32,40,-8
104000149,139,286,-147
104000150,124,152,-28
104000151,154,551,-397
104000152,153,713,-560
104000153,55,145,-90
104000154,722,556,166
104000155,87,159,-72
104000157,821,1227,-406
104000158,81,161,-80
104000159,157,197,-40
104000160,1023,648,375
104000161,70,53,17
104000162,17,57,-40
104000165,463,382,81
104000167,114,200,-86
104000168,139,2,137
104000169,0,0,0
104000170,917,141,776
104000248,1,393,-392
104000251,19,172,-153
104000272,3,1,2
104000273,2,0,2
104000274,1,0,1
104000275,5,0,5
104000279,426,313,113
104000290,13,231,-218
104000291,528,470,58
104000293,255,355,-100
104000294,0,0,0
104000295,222,506,-284
104000296,156,345,-189
104000297,484,867,-383
104000298,997,391,606
104000299,283,833,-550
104000302,69,74,-5
104000303,67,85,-18
104900001,3,78,-75
104900002,3,21,-18
104900003,15,274,-259
104900004,12,261,-249
104900005,26,73,-47
104900006,7,14,-7
104900007,51,96,-45
104900009,15,278,-263
104900010,1,1,0
104900011,3,0,3
104900012,26,0,26
104900013,9,0,9
104900014,1817,77,1740
104900015,9,1,8
104900016,10,231,-221
104900017,7,99,-92
104900018,1,107,-106
104900019,35,118,-83
104900020,13,142,-129
104900021,0,0,0
104900022,3,109,-106
104900023,0,0,0
104900024,6,81,-75
104900025,11,212,-201
104900026,0,0,0
104900027,33,28,5
104900028,15,85,-70
104900029,0,0,0
104900030,35,26,9
104900031,58,140,-82
104900032,18,48,-30
104900033,0,0,0
104900034,39,11,28
104900035,17,8,9
104900036,20,7,13
104900037,14,111,-97
104900038,180,38,142
104900039,0,0,0
104900040,13,16,-3
104900041,0,0,0
104900042,50,202,-152
104900043,0,0,0
104900044,18,41,-23
104900045,0,0,0
104900046,9,34,-25
104900047,13,16,-3
104900048,4,16,-12
104900049,0,0,0
104900050,22,27,-5
104900051,7,5,2
104900052,0,0,0
104900053,55,8,47
104900054,14,4,10
104900055,0,0,0
104900056,21,1,20
104900057,7,1,6
104900058,30,45,-15
104900059,0,0,0
104900060,3,192,-189
104900061,112,351,-239
104900063,0,74,-74
104900064,0,95,-95
104900065,1,63,-62
104900066,2,110,-108
104900067,0,161,-161
104900068,3,182,-179
104900070,21,249,-228
104900071,1,556,-555
104900072,1,108,-107
104900073,4,92,-88
104900074,34,127,-93
104900075,7,23,-16
104900076,36,308,-272
104900077,390,15,375
104900078,65,529,-464
104900079,54,28,26
104900080,5,305,-300
104900082,0,34,-34
104900085,0,66,-66
104900087,22,0,22
104900089,0,0,0
104900090,51,35,16
104900091,178,381,-203
104900093,55,282,-227
104900097,1397,446,951
104900098,5,7,-2
104900099,60,200,-140
104900100,375,62,313
104900102,10,96,-86
104900103,138,42,96
104900104,869,206,663
104900106,9,95,-86
104900107,21,189,-168
104900108,8,101,-93
104900109,6,5,1
104900110,3,33,-30
104900111,28,31,-3
104900112,57,510,-453
104900113,162,160,2
104900114,67,391,-324
104900115,91,274,-183
104900116,13,186,-173
104900118,2,46,-44
104900119,1,12,-11
104900120,0,0,0
104900121,0,0,0
104900122,0,0,0
104900123,0,0,0
104900124,0,0,0
104900125,46,0,46
104900126,36,15,21
104900127,7,4,3
104900128,0,13,-13
104900129,798,183,615
105000001,1207,1247,-40
105000002,818,1101,-283
105000003,1184,2193,-1009
105000004,204,672,-468
105000005,299,737,-438
105000006,409,815,-406
105000007,257,592,-335
105000008,273,913,-640
105000009,453,1121,-668
105000010,1406,1441,-35
105000011,622,845,-223
105000012,2256,1969,287
105000013,405,461,-56
105000014,431,836,-405
105000015,3581,1573,2008
105000016,1540,804,736
105000017,653,603,50
105000018,500,531,-31
105000019,717,387,330
105000020,80,251,-171
105000021,167,96,71
105000022,45,17,28
105000023,123,93,30
105000028,28,91,-63
105000029,183,303,-120
105000030,2375,2409,-34
105000031,1,11,-10
105000033,642,1470,-828
105000034,30,204,-174
105000037,313,324,-11
105000038,303,408,-105
105000039,2430,1289,1141
105000040,126,233,-107
105000041,254,1051,-797
105000042,580,327,253
105000043,1141,1764,-623
105000044,86,124,-38
105000045,141,743,-602
105000046,156,153,3
105000047,209,1028,-819
105000048,140,63,77
105000049,141,480,-339
105000050,45,35,10
105000051,152,419,-267
105000052,81,454,-373
105000053,67,205,-138
105000054,64,589,-525
105000055,95,304,-209
105000056,186,1505,-1319
105000057,444,757,-313
105000058,602,883,-281
105000059,98,175,-77
105000060,170,430,-260
105000061,68,160,-92
105000062,366,716,-350
105000063,117,558,-441
105000064,136,292,-156
105000065,147,814,-667
105000066,319,1377,-1058
105000067,138,223,-85
105000068,448,579,-131
105000069,1570,212,1358
105000070,392,478,-86
105000071,48,102,-54
105000072,320,212,108
105000073,339,288,51
105000074,435,692,-257
105000075,264,497,-233
105000076,578,848,-270
105000077,984,411,573
105000078,628,583,45
105000079,878,1117,-239
105000080,470,357,113
105000081,399,465,-66
105000082,139,243,-104
105000083,218,187,31
105000084,252,745,-493
105000085,357,315,42
105000086,284,649,-365
105000087,1370,1228,142
105000088,374,404,-30
105000089,1856,1882,-26
105000090,653,765,-112
105000091,1225,1600,-375
105000092,271,928,-657
105000093,155,95,60
105000094,115,77,38
105000095,52,293,-241
105000096,302,287,15
105000097,457,476,-19
105000098,127,204,-77
105000099,265,594,-329
105000100,468,775,-307
105000101,822,1351,-529
105000102,513,958,-445
105000103,609,1296,-687
105000104,418,521,-103
105000105,229,1085,-856
105000106,364,823,-459
105000107,260,545,-285
105000108,323,810,-487
105000109,393,959,-566
105000110,228,409,-181
105000111,185,309,-124
105000112,442,404,38
105000113,114,237,-123
105000114,1868,398,1470
105000115,153,334,-181
105000116,96,127,-31
105000117,344,927,-583
105000118,77,148,-71
105000119,190,751,-561
105000120,146,254,-108
105000121,294,690,-396
105000122,84,169,-85
105000123,447,841,-394
105000124,355,495,-140
105000125,169,1074,-905
105000126,628,1517,-889
105000127,832,1200,-368
105000128,78,785,-707
105000129,157,190,-33
105000130,15,287,-272
105000131,159,189,-30
105000132,254,115,139
105000133,136,604,-468
105000134,116,180,-64
105000135,145,409,-264
105000136,37,248,-211
105000137,57,27,30
105000138,124,239,-115
105000139,436,794,-358
105000140,11,99,-88
105000141,83,414,-331
105000142,18,131,-113
105000143,64,400,-336
105000144,135,444,-309
105000145,94,192,-98
105000146,185,360,-175
105000147,36,40,-4
105000148,119,80,39
105000149,176,112,64
105000150,779,779,0
105000151,128,137,-9
105000152,31,347,-316
105000153,142,229,-87
105000154,138,609,-471
105000155,76,246,-170
105000156,289,661,-372
105000157,388,1262,-874
105000158,540,460,80
105000159,194,993,-799
105000160,392,440,-48
105000161,283,1454,-1171
105000162,131,450,-319
105000163,623,666,-43
105000164,104,134,-30
105000165,675,924,-249
105000166,4407,138,4269
105000167,1546,632,914
105000168,14,615,-601
105000169,80,427,-347
105000170,9,444,-435
105000171,531,171,360
105000172,1,7,-6
105000173,4,3,1
105000174,2,2,0
105000175,17,79,-62
105000176,18,25,-7
105000177,28,33,-5
105000178,22,175,-153
105000179,34,49,-15
105000180,24,83,-59
105000181,14,110,-96
105000182,8,34,-26
105000183,1281,427,854
105000184,858,493,365
105000185,240,161,79
105000186,166,818,-652
105000187,102,117,-15
105000188,24,32,-8
105000189,51,478,-427
105000190,12,31,-19
105000191,152,398,-246
105000192,28,82,-54
105000193,34,73,-39
105000194,63,57,6
105000195,83,677,-594
105000196,17,26,-9
105000197,60,369,-309
105000198,280,100,180
105000199,70,67,3
105000200,35,114,-79
105000201,24,10,14
105000203,11,203,-192
105000204,44,44,0
105000205,76,208,-132
105000207,355,140,215
105000208,0,0,0
105000209,60,268,-208
105000211,21,3,18
105000212,248,892,-644
105000213,73,112,-39
105000214,5,114,-109
105000215,21,118,-97
105000216,35,382,-347
105000217,33,237,-204
105000218,118,424,-306
105000221,60,156,-96
105000222,10,32,-22
105000223,62,97,-35
105000226,6,88,-82
105000227,4,26,-22
105000228,57,414,-357
105000229,14,120,-106
105000231,0,0,0
105000233,261,323,-62
105000234,338,817,-479
105000235,48,224,-176
105000237,108,15,93
105000243,10,21,-11
105000248,23,27,-4
105000262,62,1023,-961
105000269,29,82,-53
105000270,59,108,-49
105000271,0,190,-190
105000282,9,27,-18
105000287,138,45,93
105000288,57,197,-140
105000289,238,306,-68
105000290,0,0,0
105000402,2408,836,1572
105000426,139,232,-93
105000438,247,290,-43
105000440,1,10,-9
105000446,5881,2388,3493
105000447,3432,1195,2237
105000454,48,568,-520
105000455,121,135,-14
105000474,0,0,0
105000477,22,132,-110
105000478,314,518,-204
105000479,33,92,-59
105000480,498,664,-166
105000481,808,726,82
105000482,2191,1555,636
105000483,468,526,-58
105000484,1023,1608,-585
105000485,740,775,-35
105000486,1650,1479,171
105000488,1214,1290,-76
105000489,164,391,-227
105000549,1,14,-13
105000550,219,644,-425
105000551,5,39,-34
105000552,3033,1093,1940
105000555,316,295,21
105000556,34,7,27
105000557,6,165,-159
105900001,3,362,-359
105900002,1100,71,1029
105900003,7,42,-35
105900004,206,50,156
105900005,8,173,-165
105900006,1,24,-23
105900007,0,4,-4
105900008,12,451,-439
105900009,1,14,-13
105900011,14,29,-15
105900012,52,125,-73
105900013,0,5,-5
105900014,0,47,-47
105900015,35,179,-144
105900016,24,456,-432
105900017,133,36,97
105900018,69,119,-50
105900019,5,411,-406
105900020,8,31,-23
105900021,3,226,-223
105900022,50,168,-118
105900023,1,45,-44
105900024,0,66,-66
105900025,13,18,-5
105900026,77,9,68
105900027,1597,529,1068
105900028,9,73,-64
105900029,1293,172,1121
105900030,56,163,-107
105900031,156,100,56
105900032,18,94,-76
105900033,3,104,-101
105900034,13,161,-148
105900035,45,69,-24
105900036,8,55,-47
105900037,18,27,-9
105900038,23,150,-127
105900039,7,78,-71
105900040,43,38,5
105900041,109,178,-69
105900042,16,66,-50
105900043,788,8,780
105900044,0,73,-73
105900045,0,155,-155
105900046,0,73,-73
105900047,0,14,-14
105900048,8,292,-284
105900050,98,237,-139
105900051,2,656,-654
105900052,73,5,68
105900053,2161,266,1895
105900054,105,110,-5
105900056,364,19,345
105900057,7,63,-56
105900058,2,15,-13
105900059,1,2,-1
106000001,973,354,619
106000002,1239,1897,-658
106000003,1765,743,1022
106000004,1462,1196,266
106000005,1042,1738,-696
106000006,2856,2409,447
106000007,290,213,77
106000008,187,225,-38
106000009,209,124,85
106000010,330,349,-19
106000011,239,463,-224
106000012,378,953,-575
106000013,594,812,-218
106000014,892,1087,-195
106000015,443,476,-33
106000016,584,1475,-891
106000017,396,421,-25
106000018,239,555,-316
106000019,119,329,-210
106000020,89,281,-192
106000021,184,342,-158
106000022,167,268,-101
106000023,182,213,-31
106000024,190,623,-433
106000025,76,139,-63
106000026,112,234,-122
106000027,126,288,-162
106000028,222,612,-390
106000029,479,1235,-756
106000030,395,148,247
106000034,217,253,-36
106000035,269,358,-89
106000036,149,161,-12
106000037,589,872,-283
106000038,140,69,71
106000039,69,22,47
106000040,104,471,-367
106000041,345,132,213
106000043,152,48,104
106000046,139,12,127
106000047,6,239,-233
106000049,122,36,86
106000050,89,527,-438
106000051,72,131,-59
106000052,24,453,-429
106000053,0,0,0
106000054,133,267,-134
106000055,57,214,-157
106000056,188,374,-186
106000057,0,0,0
106000058,58,153,-95
106000059,37,73,-36
106000060,306,434,-128
106000061,46,105,-59
106000062,176,451,-275
106000063,113,156,-43
106000064,43,263,-220
106000065,14,27,-13
106000066,46,209,-163
106000067,19,32,-13
106000068,5,474,-469
106000069,16,53,-37
106000070,70,512,-442
106000071,57,112,-55
106000072,2363,639,1724
106000073,685,601,84
106000074,113,292,-179
106000075,89,380,-291
106000076,376,642,-266
106000077,875,583,292
106000078,149,463,-314
106000079,121,568,-447
106000080,317,506,-189
106000081,133,471,-338
106000082,890,519,371
106000083,107,510,-403
106000084,124,335,-211
106000085,453,436,17
106000086,158,294,-136
106000087,166,292,-126
106000088,92,414,-322
106000089,184,229,-45
106000090,59,424,-365
106000091,119,308,-189
106000092,99,95,4
106000093,56,30,26
106000094,33,311,-278
106000095,141,823,-682
106000096,138,458,-320
106000097,168,1030,-862
106000098,73,615,-542
106000099,28,618,-590
106000100,155,189,-34
106000101,172,199,-27
106000102,19,337,-318
106000103,100,423,-323
106000104,207,179,28
106000105,180,682,-502
106000106,166,201,-35
106000107,37,440,-403
106000108,74,169,-95
106000109,28,294,-266
106000110,63,206,-143
106000111,54,474,-420
106000112,43,199,-156
106000113,793,406,387
106000114,278,191,87
106000115,123,415,-292
106000116,89,173,-84
106000117,483,543,-60
106000118,417,419,-2
106000119,1882,621,1261
106000120,343,209,134
106000121,33,130,-97
106000122,15,148,-133
106000123,111,242,-131
106000124,21,185,-164
106000125,12,222,-210
106000126,44,146,-102
106000127,138,633,-495
106000128,110,108,2
106000129,127,395,-268
106000130,157,145,12
106000131,66,322,-256
106000132,314,47,267
106000133,2940,427,2513
106000134,203,213,-10
106000135,128,654,-526
106000136,192,94,98
106000137,42,1246,-1204
106000138,143,9,134
106000139,0,0,0
106000140,12,92,-80
106000141,15,96,-81
106000142,0,0,0
106000143,8,129,-121
106000144,0,0,0
106000145,49,317,-268
106000146,0,0,0
106000147,175,281,-106
106000148,244,395,-151
106000149,192,181,11
106000150,199,641,-442
106000151,2385,344,2041
106000152,771,325,446
106000153,25,518,-493
106000154,1086,129,957
106000155,15,51,-36
106000156,150,155,-5
106000157,287,906,-619
106000158,1703,301,1402
106000159,2855,591,2264
106000160,42,409,-367
106000161,617,335,282
106000162,58,188,-130
106000163,74,391,-317
106000164,71,140,-69
106000165,63,445,-382
106000166,80,102,-22
106000167,88,1044,-956
106000168,52,102,-50
106000169,39,486,-447
106000170,56,119,-63
106000171,23,462,-439
106000172,539,428,111
106000173,233,1434,-1201
106000174,80,157,-77
106000175,95,665,-570
106000176,282,201,81
106000177,224,1312,-1088
106000178,801,581,220
106000179,376,1052,-676
106000180,391,1167,-776
106000181,129,1193,-1064
106000182,95,374,-279
106000183,132,623,-491
106000184,201,596,-395
106000185,162,428,-266
106000186,272,76,196
106000187,66,308,-242
106000188,0,2,-2
106000189,0,39,-39
106000190,0,0,0
106000191,122,108,14
106000192,0,35,-35
106000193,112,72,40
106000194,81,206,-125
106000195,115,35,80
106000196,11,165,-154
106000197,103,159,-56
106000198,53,207,-154
106000199,408,217,191
106000200,214,57,157
106000201,183,316,-133
106000202,3933,221,3712
106000203,120,91,29
106000204,8,1,7
106000205,8,86,-78
106000206,12,3,9
106000207,23,615,-592
106000208,100,10,90
106000209,109,104,5
106000210,96,858,-762
106000211,174,1143,-969
106000212,37,39,-2
106000213,288,539,-251
106000214,731,88,643
106000215,100,280,-180
106000216,145,144,1
106000217,77,315,-238
106000218,121,148,-27
106000219,69,200,-131
106000220,103,153,-50
106000221,28,178,-150
106000222,60,70,-10
106000223,11,49,-38
106000224,53,212,-159
106000225,19,33,-14
106000226,32,247,-215
106000228,7,84,-77
106000229,22,590,-568
106000231,107,38,69
106000232,18,307,-289
106000233,59,27,32
106000234,30,137,-107
106000235,28,21,7
106000236,34,28,6
106000237,2,15,-13
106000238,1,2,-1
106000239,1,31,-30
106000240,13,1,12
106000241,5,376,-371
106000242,13,7,6
106000249,0,0,0
106000250,23,214,-191
106000251,10,17,-7
106000252,5,63,-58
106000253,2,37,-35
106000254,16,38,-22
106000255,7,48,-41
106000256,47,55,-8
106000257,15,194,-179
106000258,10,4,6
106000259,0,44,-44
106000260,3,3,0
106000261,0,30,-30
106000262,3,6,-3
106000263,0,43,-43
106000264,36,9,27
106000265,1,64,-63
106000266,30,5,25
106000267,3,88,-85
106000268,140,6,134
106000269,34,35,-1
106000270,60,210,-150
106000271,8,108,-100
106000272,58,31,27
106000273,6,49,-43
106000274,98,20,78
106000275,47,90,-43
106000276,71,41,30
106000277,55,83,-28
106000278,134,16,118
106000279,4,58,-54
106000280,4,70,-66
106000281,28,61,-33
106000282,31,54,-23
106000283,26,55,-29
106000284,19,65,-46
106000285,30,96,-66
106000286,33,73,-40
106000287,60,60,0
106000288,24,115,-91
106000289,21,65,-44
106000290,29,103,-74
106000291,14,76,-62
106000292,35,94,-59
106000293,52,37,15
106000294,47,83,-36
106000295,14,16,-2
106000296,58,63,-5
106000297,48,96,-48
106000298,77,14,63
106000299,59,61,-2
106000300,20,58,-38
106000301,62,57,5
106000303,7,17,-10
106000304,10,30,-20
106000305,13,6,7
106000306,36,73,-37
106000307,2,4,-2
106000308,38,122,-84
106000309,9,62,-53
106000310,73,222,-149
106000311,107,59,48
106000312,35,80,-45
106000313,43,129,-86
106000318,79,77,2
106000319,98,6,92
106000320,1,17,-16
106000321,69,40,29
106000322,27,158,-131
106000324,1,106,-105
106000325,376,408,-32
106000326,388,1090,-702
106000327,15,72,-57
106000328,0,45,-45
106000329,12,142,-130
106000330,13,18,-5
106000428,37,107,-70
106000429,44,366,-322
106000430,163,1062,-899
106000431,246,145,101
106000432,551,1492,-941
106000433,379,272,107
106000434,727,231,496
106000435,1248,1484,-236
106000436,12,234,-222
106000437,34,17,17
106000438,20,22,-2
106000439,24,292,-268
106000440,75,348,-273
106000441,0,0,0
106000442,52,7,45
106000443,45,425,-380
106000450,6,112,-106
106000451,14,4,10
106000454,2,29,-27
106000455,4,106,-102
106000456,12,3,9
106000457,3,792,-789
106000458,34,39,-5
106000459,21,316,-295
106000460,116,7,109
106000461,9,1330,-1321
106000462,0,9,-9
106000463,1,7,-6
106000464,3,421,-418
106000465,38,1,37
106000466,3,432,-429
106000467,344,285,59
106000468,14,137,-123
106000469,45,0,45
106000470,102,495,-393
106000471,7,344,-337
106000472,30,2,28
106000473,16,33,-17
106000474,122,529,-407
106000475,107,106,1
106000476,103,136,-33
106000477,13,120,-107
106000480,0,39,-39
106900001,0,2,-2
106900002,2,381,-379
106900003,113,363,-250
106900004,0,15,-15
106900006,0,11,-11
106900007,0,7,-7
106900008,39,100,-61
106900009,33,193,-160
106900010,17,135,-118
106900012,563,225,338
106900013,33,4,29
106900014,7,0,7
106900015,1,0,1
106900016,7,0,7
106900017,0,0,0
106900018,1,0,1
106900019,1,0,1
106900020,1359,142,1217
106900021,1,17,-16
106900022,29,0,29
106900023,2,181,-179
106900024,23,2,21
106900025,32,344,-312
106900026,3,589,-586
106900027,62,0,62
107000001,482,706,-224
107000002,1333,2335,-1002
107000003,1381,2080,-699
107000004,3027,4378,-1351
107000005,589,1198,-609
107000006,1797,4747,-2950
107000007,2453,1836,617
107000008,13918,9074,4844
107000009,1718,1905,-187
107000010,6767,8403,-1636
107000011,604,904,-300
107000012,1927,2139,-212
107000013,28,135,-107
107000014,5,175,-170
107000015,150,689,-539
107000016,170,834,-664
107000017,696,428,268
107000018,5,192,-187
107000020,318,129,189
107000021,323,736,-413
107000022,160,1072,-912
107000023,559,358,201
107000024,150,1683,-1533
107000025,69,252,-183
107000026,51,550,-499
107000027,555,409,146
107000028,595,834,-239
107000029,518,667,-149
107000030,1739,1893,-154
107000031,615,700,-85
107000032,40,162,-122
107000033,2331,2126,205
107000034,3767,1272,2495
107000035,148,70,78
107000036,208,532,-324
107000037,29,330,-301
107000038,177,169,8
107000039,177,247,-70
107000040,70,200,-130
107000041,400,304,96
107000042,274,825,-551
107000043,1492,331,1161
107000044,358,330,28
107000045,40,263,-223
107000046,167,123,44
107000047,133,579,-446
107000048,140,174,-34
107000049,128,461,-333
107000050,194,229,-35
107000051,276,159,117
107000052,525,296,229
107000053,126,46,80
107000054,48,154,-106
107000055,110,58,52
107000056,316,523,-207
107000057,1379,219,1160
107000058,373,489,-116
107000059,782,1781,-999
107000060,853,1438,-585
107000061,2540,2710,-170
107000062,786,971,-185
107000063,1721,3714,-1993
107000064,706,678,28
107000065,1791,4531,-2740
107000066,459,619,-160
107000067,325,429,-104
107000068,637,209,428
107000069,206,185,21
107000070,10,1,9
107000071,198,4,194
107000072,21,2356,-2335
107000073,58,52,6
107000074,92,498,-406
107000075,193,23,170
107000076,492,1555,-1063
107000077,452,87,365
107000078,671,2305,-1634
107000079,324,128,196
107000080,442,2231,-1789
107000081,232,139,93
107000082,129,2139,-2010
107000083,117,98,19
107000084,173,1879,-1706
107000085,1257,1509,-252
107000086,1767,1583,184
107000087,1181,995,186
107000088,1080,1854,-774
107000089,615,768,-153
107000090,550,577,-27
107000091,345,473,-128
107000092,274,660,-386
107000093,298,415,-117
107000094,316,637,-321
107000095,115,78,37
107000096,284,685,-401
107000097,93,58,35
107000098,235,651,-416
107000099,76,81,-5
107000100,146,341,-195
107000101,15,70,-55
107000102,284,256,28
107000103,67,60,7
107000104,125,218,-93
107000105,65,52,13
107000106,46,218,-172
107000107,90,72,18
107000108,50,562,-512
107000109,0,0,0
107000110,33,467,-434
107000111,0,0,0
107000112,10,285,-275
107000113,0,0,0
107000114,26,563,-537
107000115,0,0,0
107000116,18,700,-682
107000117,0,0,0
107000118,54,159,-105
107000119,801,202,599
107000120,1835,231,1604
107000121,65,225,-160
107000122,344,461,-117
107000123,90,344,-254
107000124,191,482,-291
107000125,164,495,-331
107000126,326,930,-604
107000129,58,873,-815
107000130,43,54,-11
107000131,111,491,-380
107000132,70,107,-37
107000133,56,47,9
107000134,13,1,12
107000135,1,165,-164
107000136,79,3,76
107000137,1,239,-238
107000138,73,4,69
107000139,5,195,-190
107000140,257,13,244
107000141,76,575,-499
107000142,122,10,112
107000143,23,588,-565
107000144,90,44,46
107000145,44,358,-314
107000146,83,41,42
107000147,3031,666,2365
107000150,435,444,-9
107000151,10,36,-26
107000152,169,165,4
107000153,205,172,33
107000154,38,44,-6
107000155,179,6,173
107000156,242,0,242
107000157,13,1990,-1977
107000158,106,3,103
107000159,37,1170,-1133
107000160,141,48,93
107000161,32,1548,-1516
107000162,52,88,-36
107000163,11,0,11
107000164,25,1,24
107000165,99,1,98
107000166,31,981,-950
107000167,195,169,26
107000168,281,85,196
107000169,520,885,-365
107000170,251,195,56
107000171,250,2356,-2106
107000172,235,237,-2
107000173,387,806,-419
107000174,416,739,-323
107000175,7916,1115,6801
107000176,0,0,0
107000177,0,0,0
107000178,1,12,-11
107000179,67,2409,-2342
107000180,205,155,50
107000181,79,1042,-963
107000182,169,386,-217
107000183,55,769,-714
107000184,171,418,-247
107000185,77,874,-797
107000186,82,84,-2
107000187,463,472,-9
107000188,178,198,-20
107000189,94,423,-329
107000190,184,388,-204
107000191,230,639,-409
107000192,425,599,-174
107000193,145,147,-2
107000194,389,477,-88
107000197,112,113,-1
107000198,87,524,-437
107000199,336,614,-278
107000200,633,282,351
107000201,185,189,-4
107000202,82,338,-256
107000203,474,308,166
107000204,495,246,249
107000205,1776,812,964
107000206,265,182,83
107000207,450,544,-94
107000208,818,110,708
107000209,1216,256,960
107000210,997,131,866
107000211,2,16,-14
107000212,3,194,-191
107000213,42,5,37
107000214,9,102,-93
107000215,89,294,-205
107000216,50,379,-329
107000217,23,91,-68
107000219,23,69,-46
107000220,21,242,-221
107000222,108,484,-376
107000224,72,16,56
107000225,66,550,-484
107000226,65,50,15
107000227,55,388,-333
107000228,77,111,-34
107000229,105,40,65
107000230,1050,347,703
107000231,159,170,-11
107000232,29,31,-2
107000233,166,159,7
107000234,0,2,-2
107000235,0,0,0
107000236,19,227,-208
107000237,0,0,0
107000238,0,1,-1
107000239,4153,176,3977
107000240,27,1029,-1002
107000243,0,26,-26
107000244,6,73,-67
107000246,2,795,-793
107000249,1,615,-614
107000251,0,193,-193
107000252,2,1226,-1224
107000255,429,41,388
107000257,2,583,-581
107000258,0,118,-118
107000259,3,221,-218
107000260,89,0,89
107000262,5,682,-677
107000263,25,1,24
107000266,3,2,1
107000267,24,129,-105
107000268,93,151,-58
107000269,29,15,14
107000270,1,3,-2
107000271,3,852,-849
107000272,10,341,-331
107000273,0,208,-208
107000274,87,187,-100
107000275,3,337,-334
107000280,118,14,104
107000281,6,910,-904
107000282,7,1264,-1257
107000290,0,60,-60
107000291,4,3,1
107000292,2,43,-41
107000293,28,2,26
107000294,0,48,-48
107000295,22,1,21
107000296,0,3,-3
107000444,83,1,82
107000496,0,0,0
107000497,544,2526,-1982
107000500,204,194,10
107000501,39,89,-50
107000502,28,213,-185
107000505,466,544,-78
107000506,0,6,-6
107000508,2,581,-579
107000509,55,73,-18
107000510,37,11,26
107000514,6,198,-192
107000515,5,226,-221
107000516,72,83,-11
107000518,132,59,73
107000519,2389,874,1515
107000520,23,4,19
107000521,178,410,-232
107000522,79,512,-433
107900001,7,215,-208
107900002,31,1,30
107900003,38,6,32
107900004,0,0,0
107900005,133,2,131
107900006,6,1,5
107900007,72,5,67
107900008,41,54,-13
107900009,28,1,27
107900010,2,1,1
107900012,62,1,61
107900013,58,23,35
107900014,0,0,0
107900015,134,4,130
107900016,205,43,162
107900017,1,2,-1
107900018,20,13,7
107900019,2,46,-44
107900020,26,9,17
107900021,5,105,-100
107900023,0,0,0
107900024,1,7,-6
107900025,144,198,-54
107900026,9,106,-97
107900027,3,54,-51
107900028,5,69,-64
107900030,37,5,32
107900031,21,191,-170
107900032,1,2,-1
107900033,6,0,6
107900034,40,1,39
107900035,135,1,134
107900036,33,7,26
107900037,2,19,-17
107900038,77,35,42
107900039,2,69,-67
107900040,4,13,-9
107900041,0,0,0
107900043,5,74,-69
107900044,0,2,-2
107900045,8,7,1
107900046,33,6,27
107900047,1,34,-33
107900048,17,1,16
107900049,106,51,55
107900050,35,224,-189
107900051,28,56,-28
107900052,1,0,1
107900053,12,64,-52
107900055,50,50,0
107900056,14,7,7
107900057,0,0,0
107900058,7,503,-496
107900060,0,12,-12
107900061,10,1,9
107900063,10,37,-27
107900064,112,5,107
107900065,17,1,16
107900066,1,7,-6
107900067,0,0,0
107900068,53,120,-67
107900069,18,160,-142
107900070,10,4,6
107900071,4,699,-695
107900072,15,126,-111
107900073,4,76,-72
107900074,569,99,470
107900076,24,22,2
107900077,4,0,4
107900079,3,6,-3
107900080,112,87,25
107900081,10,16,-6
107900082,10,9,1
107900083,49,45,4
107900084,15,35,-20
107900086,18,26,-8
107900087,132,15,117
107900088,0,6,-6
107900089,199,493,-294
107900090,124,166,-42
107900091,43,239,-196
107900093,12,11,1
107900095,1717,424,1293
107900097,2,14,-12
107900098,8,27,-19
107900100,549,134,415
107900101,509,60,449
107900102,36,2,34
107900103,12,126,-114
107900104,13,0,13
107900105,2,372,-370
107900106,3,1138,-1135
107900107,744,68,676
107900108,109,25,84
107900109,109,0,109
107900110,1,94,-93
107900111,3,1036,-1033
107900112,45,116,-71
107900113,12,52,-40
107900114,22,210,-188
107900115,2,26,-24
107900116,13,198,-185
107900117,91,229,-138
107900118,29,144,-115
107900119,25,15,10
107900120,4,3,1
107900121,0,39,-39
107900122,0,37,-37
107900123,0,9,-9
107900124,0,45,-45
107900125,5,95,-90
107900126,1,9,-8
107900127,256,15,241
107900128,52,25,27
107900129,6,26,-20
107900130,1,18,-17
107900131,56,19,37
107900132,41,270,-229
107900133,1,27,-26
107900134,3,6,-3
107900135,1,111,-110
107900136,28,12,16
107900137,34,41,-7
107900138,5,17,-12
107900139,5,18,-13
107900141,10,7,3
107900142,33,622,-589
107900143,24,25,-1
107900144,2,112,-110
107900145,12,60,-48
107900146,16,34,-18
107900147,8,5,3
107900148,34,81,-47
107900149,1416,41,1375
107900150,28,402,-374
107900151,2,82,-80
107900152,7,158,-151
107900153,47,53,-6
107900154,5,6,-1
107900155,8,10,-2
107900156,2,216,-214
107900157,19,67,-48
107900158,49,1,48
107900159,14,672,-658
107900160,12,117,-105
107900161,0,188,-188
107900162,0,44,-44
107900163,4,14,-10
107900164,1,9,-8
107900165,3,24,-21
107900166,1,193,-192
107900167,1,3,-2
107900168,0,36,-36
107900169,0,154,-154
107900171,6,1067,-1061
107900172,1,185,-184
107900173,1,143,-142
107900174,11,0,11
107900175,1,1,0
107900176,2,43,-41
107900177,0,48,-48
107900178,0,185,-185
107900179,1,59,-58
107900180,703,74,629
107900181,201,327,-126
107900182,2,1041,-1039
107900183,4,270,-266
107900184,6,151,-145
107900185,7,3,4
107900186,6,24,-18
107900187,0,69,-69
107900188,447,13,434
107900189,0,48,-48
107900190,86,19,67
107900191,6,133,-127
107900193,0,16,-16
107900194,17,0,17
107900195,2755,153,2602
107900196,21,37,-16
107900197,89,47,42
107900199,2,903,-901
107900201,19,83,-64
107900203,2,54,-52
107900204,188,136,52
107900206,99,78,21
107900207,2,555,-553
107900208,2,678,-676
107900209,97,33,64
107900210,29,71,-42
107900213,69,160,-91
107900214,3,138,-135
107900215,93,204,-111
107900216,14,24,-10
107900217,15,27,-12
107900218,12,1328,-1316
107900219,12,100,-88
107900220,52,47,5
107900221,111,162,-51
107900223,11,324,-313
107900224,83,204,-121
107900225,7,513,-506
107900226,21,106,-85
107900227,49,262,-213
107900228,4,58,-54
107900229,0,277,-277
107900230,3,100,-97
107900231,1,110,-109
107900232,8,184,-176
107900233,2,96,-94
107900234,15,114,-99
107900235,29,67,-38
107900236,28,79,-51
107900237,66,285,-219
107900238,11,63,-52
107900239,759,290,469
107900240,1,95,-94
107900241,2,107,-105
107900242,6,266,-260
107900243,0,11,-11
107900244,59,1,58
107900245,66,6,60
107900246,17,5,12
107900248,27,240,-213
107900249,63,1,62
107900250,0,432,-432
107900251,2,754,-752
107900252,81,0,81
107900253,6,1,5
107900254,19,24,-5
107900255,339,16,323
107900256,36,362,-326
107900257,23,4,19
107900258,16,187,-171
107900259,35,218,-183
107900261,2,356,-354
107900262,21,57,-36
107900264,35,0,35
107900265,7,132,-125
107900267,13,5,8
107900268,24,3,21
107900269,0,2,-2
107900270,0,0,0
107900271,0,1,-1
107900272,7,0,7
107900273,6,25,-19
107900274,6,0,6
107900275,19,0,19
107900276,0,36,-36
107900277,0,128,-128
107900278,49,231,-182
107900279,96,50,46
107900280,965,486,479
107900281,1850,359,1491
107900282,13,39,-26
107900283,845,194,651
107900284,25,486,-461
107900285,28,104,-76
107900286,57,44,13
107900287,14,25,-11
107900290,0,49,-49
107900291,99,0,99
107900292,28,140,-112
107900293,21,310,-289
107900295,3,108,-105
107900297,1,151,-150
107900298,280,528,-248
107900299,2649,391,2258
107900301,90,128,-38
107900302,18,10,8
107900303,11,187,-176
107900304,38,313,-275
107900305,64,4,60
107900306,8,5,3
107900307,13,242,-229
107900308,45,5,40
107900309,1,0,1
107900310,0,0,0
107900311,36,21,15
107900312,0,0,0
107900313,0,37,-37
107900314,0,25,-25
107900315,1,20,-19
107900316,2,0,2
107900317,5,0,5
107900318,2,44,-42
107900319,4,198,-194
107900320,0,141,-141
107900321,9,1,8
107900322,0,159,-159
107900323,1,78,-77
107900324,37,1,36
107900325,19,0,19
107900326,23,284,-261
107900327,0,1,-1
107900328,0,0,0
107900329,0,0,0
107900330,0,380,-380
107900331,16,11,5
107900332,36,16,20
107900333,13,7,6
107900334,3,176,-173
107900335,22,43,-21
107900336,5,11,-6
107900337,753,144,609
107900338,0,87,-87
107900339,1,16,-15
107900340,0,30,-30
107900341,6,0,6
107900342,42,82,-40
107900343,3,1,2
107900344,1,93,-92
107900345,42,26,16
107900346,3,0,3
107900347,3,1,2
107900348,6,7,-1
107900349,6,3,3
107900350,25,169,-144
107900351,4,175,-171
107900352,0,37,-37
107900353,0,3,-3
107900354,1,52,-51
108000001,901,989,-88
108000002,1507,2494,-987
108000003,1021,621,400
108000004,11404,10249,1155
108000005,1441,1000,441
108000006,2383,4055,-1672
108000007,1328,1407,-79
108000008,2593,3870,-1277
108000009,742,1341,-599
108000010,1114,3603,-2489
108000011,3559,2781,778
108000012,11723,10496,1227
108000014,113,195,-82
108000015,87,139,-52
108000016,103,486,-383
108000017,89,143,-54
108000018,132,154,-22
108000019,173,185,-12
108000020,152,127,25
108000021,201,1102,-901
108000022,295,925,-630
108000023,361,51,310
108000024,44,406,-362
108000025,42,140,-98
108000026,57,411,-354
108000027,89,536,-447
108000028,51,237,-186
108000029,59,733,-674
108000030,27,116,-89
108000031,49,460,-411
108000032,170,102,68
108000033,237,846,-609
108000034,242,86,156
108000035,357,1927,-1570
108000036,147,1131,-984
108000037,265,106,159
108000038,365,104,261
108000039,134,1764,-1630
108000040,236,137,99
108000041,351,1891,-1540
108000042,8,144,-136
108000043,39,249,-210
108000044,12,88,-76
108000045,50,605,-555
108000046,139,90,49
108000047,92,812,-720
108000048,40,273,-233
108000049,77,49,28
108000050,97,533,-436
108000051,36,18,18
108000052,138,481,-343
108000053,38,26,12
108000054,226,596,-370
108000055,183,90,93
108000056,722,677,45
108000057,125,278,-153
108000058,636,698,-62
108000059,2106,918,1188
108000060,33,194,-161
108000061,163,458,-295
108000062,78,142,-64
108000063,92,540,-448
108000064,40,88,-48
108000065,205,389,-184
108000066,487,239,248
108000067,371,193,178
108000068,119,131,-12
108000069,79,830,-751
108000070,226,163,63
108000071,243,1379,-1136
108000072,184,212,-28
108000073,517,1256,-739
108000074,69,83,-14
108000075,112,531,-419
108000076,97,103,-6
108000077,252,723,-471
108000078,527,439,88
108000079,798,1312,-514
108000080,183,213,-30
108000081,230,2092,-1862
108000082,635,996,-361
108000083,528,216,312
108000084,139,712,-573
108000085,61,54,7
108000086,430,431,-1
108000087,35,456,-421
108000088,99,21,78
108000089,147,137,10
108000091,32,351,-319
108000092,7,12,-5
108000093,80,606,-526
108000094,59,26,33
108000095,38,363,-325
108000096,27,36,-9
108000097,40,429,-389
108000098,119,289,-170
108000099,257,109,148
108000100,11,101,-90
108000101,113,179,-66
108000102,332,672,-340
108000106,112,0,112
108000107,1,392,-391
108000108,105,14,91
108000109,1,474,-473
108000110,35,96,-61
108000111,49,457,-408
108000112,15,18,-3
108000113,288,199,89
108000115,261,173,88
108000117,421,105,316
108000118,113,350,-237
108000119,307,334,-27
108000120,15,288,-273
108000121,52,377,-325
108000122,60,146,-86
108000123,59,176,-117
108000124,39,383,-344
108000125,33,252,-219
108000126,44,581,-537
108000127,59,286,-227
108000128,114,642,-528
108000129,90,1203,-1113
108000130,52,304,-252
108000131,170,70,100
108000132,572,587,-15
108000133,168,203,-35
108000134,362,689,-327
108000135,176,105,71
108000136,536,898,-362
108000137,110,310,-200
108000138,128,805,-677
108000139,27,249,-222
108000140,15,6,9
108000141,3,121,-118
108000142,15,83,-68
108000143,22,391,-369
108000144,79,40,39
108000145,5,27,-22
108000146,74,18,56
108000147,3,23,-20
108000148,43,15,28
108000149,17,7,10
108000150,11,0,11
108000151,96,16,80
108000152,50,544,-494
108000153,43,39,4
108000154,22,12,10
108000155,9,28,-19
108000156,412,234,178
108000157,33,135,-102
108000158,18,165,-147
108000159,406,49,357
108000160,3196,306,2890
108000161,2513,375,2138
108000165,1,64,-63
108000172,1,74,-73
108000173,1631,598,1033
108000175,49,41,8
108000178,253,329,-76
108000179,81,177,-96
108000181,28,31,-3
108000182,122,27,95
108000183,15,244,-229
108000184,616,525,91
108000185,32,567,-535
108000186,24,266,-242
108000187,31,583,-552
108000188,62,141,-79
108000189,848,807,41
108000190,12,64,-52
108000192,24,503,-479
108000193,330,15,315
108000194,0,0,0
108000195,1,723,-722
108000196,1,27,-26
108000198,161,289,-128
108000199,0,74,-74
108000200,78,340,-262
108000203,49,816,-767
108000204,37,18,19
108000205,332,404,-72
108000339,677,132,545
108000364,262,256,6
108000365,20,249,-229
108000367,58,127,-69
108000368,8,66,-58
108000369,1477,69,1408
108000371,1,471,-470
108000372,41,2,39
108000373,0,0,0
108000376,51,7,44
108000377,105,286,-181
108000378,4225,2241,1984
108000379,6,49,-43
108000381,7,7,0
108000382,22,2,20
108000383,0,107,-107
108900001,88,761,-673
108900002,81,26,55
108900003,143,570,-427
108900004,1064,119,945
108900007,29,86,-57
108900008,4,93,-89
108900009,10,57,-47
108900010,16,75,-59
108900011,50,204,-154
108900012,27,290,-263
108900013,19,112,-93
108900014,0,35,-35
108900015,0,12,-12
108900016,1,124,-123
108900017,70,66,4
108900018,15,384,-369
108900019,10,828,-818
108900020,12,200,-188
108900021,31,195,-164
108900022,10,4,6
108900023,2,15,-13
108900024,0,106,-106
108900025,4,65,-61
108900026,16,56,-40
108900027,0,77,-77
108900028,6,404,-398
108900029,9,141,-132
108900030,0,97,-97
108900031,18,487,-469
108900032,3,149,-146
108900033,0,28,-28
108900034,0,233,-233
108900035,51,1631,-1580
108900038,2,292,-290
108900039,2,450,-448
108900040,1,64,-63
108900041,3203,638,2565
108900042,1,155,-154
108900043,21,274,-253
108900044,1,589,-588
108900045,13,479,-466
108900046,22,656,-634
108900047,0,79,-79
108900048,19,590,-571
108900049,3335,248,3087
108900050,0,215,-215
108900051,0,100,-100
108900052,5,162,-157
108900053,37,38,-1
108900054,14,134,-120
108900055,28,317,-289
108900056,0,147,-147
108900057,0,112,-112
108900058,9,375,-366
108900059,84,2,82
108900060,45,37,8
108900061,21,16,5
108900062,1,257,-256
108900063,2,273,-271
108900064,10,56,-46
108900065,5,254,-249
108900066,50,47,3
108900067,2,181,-179
108900068,0,213,-213
108900069,9,132,-123
108900070,11,168,-157
108900071,6,23,-17
108900072,1217,90,1127
108900073,4,436,-432
108900074,14,341,-327
108900075,13,69,-56
108900076,37,17,20
108900077,122,513,-391
108900078,7,115,-108
108900079,345,107,238
108900080,14,79,-65
108900081,21,157,-136
108900082,2,61,-59
108900083,5,39,-34
108900085,1386,54,1332
108900086,7,229,-222
108900087,60,95,-35
108900088,125,71,54
108900089,1,17,-16
108900090,2,278,-276
108900091,92,57,35
108900092,94,66,28
108900093,7,12,-5
108900094,55,27,28
108900095,58,471,-413
108900096,354,12,342
108900097,69,155,-86
108900098,1887,42,1845
108900099,109,233,-124
108900100,7,43,-36
108900101,33,18,15
108900102,49,165,-116
108900103,22,16,6
108900105,1,119,-118
108900106,35,358,-323
108900108,28,4,24
108900109,51,15,36
108900110,22,321,-299
108900111,63,525,-462
108900113,9,5,4
108900114,6,8,-2
108900115,5,18,-13
108900116,7,2,5
108900117,15,8,7
108900118,60,3,57
108900119,43,12,31
108900120,37,30,7
108900121,31,9,22
108900122,13,8,5
108900123,11,8,3
108900124,46,27,19
108900125,16,2,14
108900126,7,0,7
108900127,22,4,18
108900128,2,1,1
108900129,70,21,49
108900130,19,0,19
108900131,37,0,37
108900132,47,16,31
108900133,48,15,33
108900134,17,102,-85
108900135,17,4,13
108900136,2,0,2
108900137,8,1,7
108900138,61,1,60
108900140,12,134,-122
108900141,19,2,17
108900142,11,1,10
108900143,2,0,2
108900144,6,0,6
108900145,36,0,36
108900146,3,0,3
108900147,27,0,27
108900148,27,7,20
108900150,94,1,93
108900151,6,0,6
108900152,2,5,-3
108900153,11,339,-328
108900154,759,125,634
108900156,24,9,15
108900157,1,453,-452
108900158,19,12,7
108900159,8,166,-158
108900160,7,139,-132
108900161,2,339,-337
108900162,19,0,19
108900163,1,43,-42
108900164,11,51,-40
108900168,7213,681,6532
108900169,32,36,-4
108900171,3057,458,2599
108900172,37,5,32
108900173,120,195,-75
108900174,84,205,-121
108900176,43,508,-465
108900177,5814,524,5290
108900178,3418,365,3053
108900180,12,48,-36
108900183,72,112,-40
108900184,38,55,-17
108900185,11,136,-125
108900186,5,150,-145
108900189,31,62,-31
108900190,58,1867,-1809
108900192,19,159,-140
108900195,20,223,-203
108900196,13,379,-366
108900199,55,177,-122
108900200,118,150,-32
108900201,54,574,-520
108900203,39,2,37
108900204,47,2,45
108900205,16,1,15
108900206,36,2,34
108900207,30,10,20
108900208,30,206,-176
108900209,87,386,-299
108900210,81,117,-36
108900211,18,65,-47
108900212,254,234,20
108900215,34,380,-346
108900216,147,22,125
108900217,54,0,54
108900218,13,5,8
108900221,11,10,1
108900224,24,18,6
108900225,1,105,-104
108900227,26,15,11
108900230,258,206,52
108900232,1,261,-260
108900233,35,30,5
108900234,53,27,26
108900235,99,350,-251
108900236,3,237,-234
108900240,8,34,-26
108900241,2,5,-3
108900245,1,103,-102
108900250,38,49,-11
108900258,8,158,-150
108900259,6,36,-30
108900260,4,87,-83
108900261,74,83,-9
108900262,239,55,184
108900263,17,215,-198
108900264,180,116,64
108900265,899,93,806
108900266,568,66,502
108900267,0,10,-10
108900268,0,0,0
108900269,9,0,9
108900270,6,0,6
108900271,3,0,3
108900272,25,0,25
108900273,481,143,338
108900274,6,25,-19
109000001,1267,330,937
109000002,3039,914,2125
109000003,705,240,465
109000004,255,2009,-1754
109000005,487,306,181
109000006,380,1534,-1154
109000007,248,235,13
109000008,204,1305,-1101
109000009,977,411,566
109000010,710,2774,-2064
109000011,547,631,-84
109000012,829,2926,-2097
109000013,702,476,226
109000014,544,2740,-2196
109000015,1029,842,187
109000016,6233,3086,3147
109000017,556,451,105
109000018,504,2703,-2199
109000019,690,374,316
109000020,858,1576,-718
109000023,1,1,0
109000024,5,64,-59
109000025,264,178,86
109000026,239,148,91
109000027,73,154,-81
109000028,16,42,-26
109000029,114,39,75
109000030,25,294,-269
109000031,0,0,0
109000032,14,282,-268
109000033,17,10,7
109000034,25,10,15
109000035,5,2,3
109000036,40,259,-219
109000037,84,224,-140
109000038,367,214,153
109000039,216,145,71
109000040,2828,904,1924
109000041,4282,498,3784
109000042,407,476,-69
109000044,19,29,-10
109000045,20,341,-321
109000046,14,16,-2
109000047,21,290,-269
109000048,73,18,55
109000049,100,311,-211
109000050,32,24,8
109000051,144,192,-48
109000052,131,1249,-1118
109000053,27,41,-14
109000054,52,470,-418
109000055,26,58,-32
109000056,75,410,-335
109000057,70,77,-7
109000058,388,164,224
109000059,177,689,-512
109000060,69,77,-8
109000061,910,204,706
109000062,41,49,-8
109000063,104,170,-66
109000064,34,40,-6
109000065,30,240,-210
109000066,49,31,18
109000067,22,251,-229
109000068,7,2,5
109000069,2,1,1
109000070,11,575,-564
109000071,156,49,107
109000072,35,248,-213
109000073,15,46,-31
109000074,14,185,-171
109000075,17,273,-256
109000076,25,69,-44
109000077,137,146,-9
109000078,24,68,-44
109000079,44,165,-121
109000080,20,91,-71
109000081,11,377,-366
109000082,64,197,-133
109000083,36,551,-515
109000088,49,295,-246
109000089,41,6,35
109000090,112,386,-274
109000091,79,14,65
109000092,207,626,-419
109000093,62,24,38
109000094,36,0,36
109000095,48,628,-580
109000096,107,25,82
109000097,24,63,-39
109000098,3,9,-6
109000099,130,116,14
109000100,44,365,-321
109000101,133,380,-247
109000102,81,564,-483
109000103,93,358,-265
109000104,233,242,-9
109000105,154,1170,-1016
109000106,289,261,28
109000107,127,1231,-1104
109000108,164,187,-23
109000109,179,1275,-1096
109000110,212,158,54
109000111,388,1451,-1063
109000112,112,77,35
109000113,75,93,-18
109000114,46,241,-195
109000115,290,82,208
109000116,8,103,-95
109000117,24,69,-45
109000118,5,260,-255
109000119,105,151,-46
109000120,39,1079,-1040
109000121,28,34,-6
109000122,25,930,-905
109000123,17,83,-66
109000124,101,236,-135
109000125,108,219,-111
109000126,153,660,-507
109000127,86,104,-18
109000128,134,2032,-1898
109000129,260,93,167
109000130,250,1844,-1594
109000131,182,72,110
109000132,303,1188,-885
109000133,86,597,-511
109000134,220,1054,-834
109000135,361,738,-377
109000136,87,327,-240
109000137,45,114,-69
109000138,107,352,-245
109000139,110,210,-100
109000140,28,330,-302
109000141,44,242,-198
109000142,44,397,-353
109000143,18,24,-6
109000145,31,46,-15
109000146,50,51,-1
109000148,2367,161,2206
109000149,13,21,-8
109000150,47,78,-31
109000155,94,265,-171
109000156,477,470,7
109000158,7,134,-127
109000159,28,297,-269
109000160,178,169,9
109000161,92,804,-712
109000162,516,739,-223
109000163,197,862,-665
109000164,346,1422,-1076
109000165,303,399,-96
109000166,97,100,-3
109000167,66,601,-535
109000170,19,23,-4
109000171,24,28,-4
109000172,20,25,-5
109000173,15,34,-19
109000174,4,39,-35
109000175,9,33,-24
109000176,46,226,-180
109000177,0,69,-69
109000178,126,233,-107
109000179,4634,752,3882
109000180,2929,1296,1633
109000181,5,32,-27
109000182,12,42,-30
109000183,13,39,-26
109000184,6,17,-11
109000185,3,55,-52
109000188,133,1838,-1705
109000189,341,466,-125
109000190,135,375,-240
109000191,59,229,-170
109000192,48,118,-70
109000193,45,352,-307
109000194,52,92,-40
109000195,25,327,-302
109000196,22,47,-25
109000197,59,329,-270
109000198,35,40,-5
109000199,57,366,-309
109000206,46,34,12
109000207,18,26,-8
109000208,58,26,32
109000209,35,28,7
109000210,143,300,-157
109000211,55,151,-96
109000214,122,442,-320
109000215,8,21,-13
109000216,27,45,-18
109000217,77,28,49
109000218,27,31,-4
109000221,35,715,-680
109000222,92,14,78
109000223,126,166,-40
109000224,14,256,-242
109000225,22,34,-12
109000226,6,221,-215
109000227,210,995,-785
109000228,2,191,-189
109000231,0,360,-360
109000232,49,421,-372
109000236,42,582,-540
109000241,428,1066,-638
109000242,249,584,-335
109000293,1,10,-9
109000361,40,119,-79
109000364,60,438,-378
109000396,4,811,-807
109000397,62,0,62
109000399,61,362,-301
109000400,41,386,-345
109000403,13,73,-60
109000406,0,4,-4
109000407,54,130,-76
109000408,4,411,-407
109000410,260,104,156
109000411,8,9,-1
109900001,6,0,6
109900002,69,1,68
109900003,35,0,35
109900004,209,119,90
109900005,0,2,-2
109900006,30,166,-136
109900007,83,753,-670
109900008,0,20,-20
109900009,38,819,-781
109900010,79,4,75
109900011,15,9,6
109900012,29,46,-17
109900013,77,32,45
109900014,57,16,41
109900015,33,31,2
109900016,29,16,13
109900017,19,26,-7
109900018,52,91,-39
109900019,21,65,-44
109900020,4,5,-1
109900021,1,0,1
109900022,28,233,-205
109900023,3,1,2
109900024,6,0,6
109900025,2,50,-48
109900026,2,118,-116
109900027,19,5,14
109900028,1689,164,1525
109900029,9,409,-400
109900030,4,0,4
109900031,0,17,-17
109900032,2,192,-190
109900033,1,256,-255
109900034,7,0,7
109900035,4,11,-7
109900036,7,74,-67
109900037,5,330,-325
109900038,6,149,-143
109900039,1,0,1
109900040,24,486,-462
109900041,12,312,-300
109900042,3,323,-320
109900044,27,214,-187
109900045,9,12,-3
109900046,23,19,4
109900047,160,154,6
109900048,24,60,-36
109900049,4,24,-20
109900050,0,219,-219
109900051,0,31,-31
109900052,8,134,-126
109900053,6,388,-382
109900054,69,28,41
109900055,13,143,-130
109900056,3,16,-13
109900057,2,158,-156
109900058,0,73,-73
109900059,44,35,9
109900060,64,92,-28
109900061,42,229,-187
109900062,1,162,-161
109900063,0,155,-155
109900064,43,119,-76
109900065,48,89,-41
109900066,105,665,-560
109900067,1,356,-355
109900068,3,1,2
109900069,3,16,-13
109900070,18,155,-137
109900071,0,6,-6
109900072,7,78,-71
109900073,39,415,-376
109900074,1,31,-30
109900075,2,1,1
109900076,6,472,-466
109900077,15,45,-30
109900078,25,177,-152
109900080,51,202,-151
109900081,1,36,-35
109900082,16,411,-395
109900083,2,25,-23
109900084,5,69,-64
109900085,51,778,-727
109900086,11,43,-32
109900087,40,166,-126
109900089,56,31,25
109900090,200,598,-398
109900091,41,18,23
109900092,46,2,44
109900093,75,38,37
109900094,8,38,-30
109900095,39,89,-50
109900096,1,0,1
109900097,12,0,12
109900098,42,0,42
109900099,7,0,7
109900100,13,0,13
109900101,29,2,27
109900102,105,11,94
109900103,0,14,-14
109900104,56,950,-894
109900105,85,13,72
109900106,29,56,-27
109900107,44,28,16
109900108,36,514,-478
109900109,10,162,-152
109900110,10,359,-349
109900111,98,722,-624
109900112,100,580,-480
109900113,85,90,-5
109900114,178,28,150
109900115,10,8,2
109900117,93,33,60
109900118,75,211,-136
109900119,262,185,77
109900120,2,6,-4
109900121,98,34,64
109900122,41,1,40
109900123,1,124,-123
109900124,18,689,-671
109900125,3,162,-159
109900126,11,98,-87
109900128,34,18,16
109900130,7200,281,6919
109900131,24,54,-30
109900132,32,80,-48
109900133,11,250,-239
109900134,4,8,-4
109900135,185,23,162
109900136,21,50,-29
109900137,7,221,-214
109900140,32,240,-208
109900142,104,88,16
109900145,0,29,-29
109900146,115,7,108
109900148,12,56,-44
109900149,34,20,14
109900150,1,29,-28
109900151,0,19,-19
109900152,1,16,-15
109900153,0,34,-34
109900154,1,0,1
109900155,2,0,2
109900157,10,120,-110
109900158,31,70,-39
109900159,39,10,29
109900160,17,10,7
109900161,25,22,3
109900162,25,19,6
109900163,346,101,245
109900164,11,166,-155
109900165,16,5,11
109900166,1,92,-91
109900167,26,492,-466
109900168,34,409,-375
109900169,31,52,-21
109900170,137,112,25
109900171,30,38,-8
109900172,29,79,-50
109900173,2414,310,2104
109900174,10,67,-57
109900175,10,44,-34
109900176,56,123,-67
109900177,18,219,-201
109900178,3,69,-66
109900179,1,11,-10
109900180,1,1,0
110000001,275,345,-70
110000002,264,238,26
110000003,480,448,32
110000004,282,217,65
110000005,778,518,260
110000006,354,258,96
110000007,47,101,-54
110000008,3,21,-18
110000009,17,34,-17
110000010,14,49,-35
110000011,2,58,-56
110000012,485,271,214
110000013,11,102,-91
110000014,471,281,190
110000015,264,185,79
110000016,146,285,-139
110000017,2686,202,2484
110000018,2547,299,2248
110000019,13,145,-132
110000020,362,159,203
110000021,168,181,-13
110000022,188,38,150
110000023,4,154,-150
110000024,378,287,91
110000025,21,1,20
110000026,3,483,-480
110000027,301,80,221
110000028,286,381,-95
110000029,243,652,-409
110000030,71,147,-76
110000031,85,399,-314
110000032,308,204,104
110000033,61,45,16
110000034,98,457,-359
110000035,95,711,-616
110000036,100,448,-348
110000037,46,501,-455
110000038,105,333,-228
110000039,128,382,-254
110000040,177,280,-103
110000041,24,65,-41
110000042,52,274,-222
110000043,60,14,46
110000044,18,43,-25
110000045,12,4,8
110000046,0,3,-3
110000047,2,0,2
110000048,1,4,-3
110000049,0,1,-1
110000050,4,5,-1
110000051,0,1,-1
110000052,12,46,-34
110000053,2,0,2
110000054,35,86,-51
110000055,41,2,39
110000056,6,10,-4
110000057,131,586,-455
110000058,199,372,-173
110000059,240,328,-88
110000060,141,305,-164
110000061,564,619,-55
110000062,385,377,8
110000063,9,45,-36
110000064,32,78,-46
110000065,13,37,-24
110000066,20,28,-8
110000067,35,218,-183
110000068,42,370,-328
110000069,37,49,-12
110000071,15,81,-66
110000073,1,9,-8
110000075,2,90,-88
110000076,129,56,73
110000077,225,145,80
110000078,1,39,-38
110000080,110,302,-192
110000081,14,124,-110
110000082,4,128,-124
110000083,102,277,-175
110000084,157,163,-6
110000085,2283,671,1612
110000086,520,313,207
110000087,1,36,-35
110000088,18,132,-114
110000089,16,122,-106
110000090,16,142,-126
110000091,1182,144,1038
110000092,6,61,-55
110000093,16,1,15
110000094,216,148,68
110000095,28,204,-176
110000096,2741,902,1839
110000097,505,390,115
110000098,452,204,248
110000099,473,823,-350
110000100,54,541,-487
110000101,3,395,-392
110000102,26,12,14
110000104,29,31,-2
110000105,13,226,-213
110000106,101,77,24
110000107,214,271,-57
110000108,30,14,16
110000109,153,221,-68
110000110,2514,941,1573
110000111,6434,772,5662
110000112,801,134,667
110000113,433,296,137
110000114,29,160,-131
110000115,46,136,-90
110000116,19,15,4
110000117,26,467,-441
110000118,129,157,-28
110000119,50,281,-231
110000120,111,128,-17
110000121,37,174,-137
110000122,142,326,-184
110000123,125,210,-85
110000124,0,541,-541
110000125,310,3,307
110000126,69,1,68
110000127,175,6,169
110000128,10,1020,-1010
110000129,9,499,-490
110000130,51,19,32
110000131,46,334,-288
110000132,1,464,-463
110000133,20,110,-90
110000134,12,136,-124
110000135,57,17,40
110000136,9,156,-147
110000137,88,377,-289
110000138,133,632,-499
110000139,236,886,-650
110000140,398,84,314
110000143,249,155,94
110000144,1611,392,1219
110000145,506,293,213
110000146,639,240,399
110000147,51,261,-210
110000148,66,92,-26
110000151,389,255,134
110000152,312,151,161
110000153,13,56,-43
110000154,2,4,-2
110000155,502,777,-275
110000156,365,533,-168
110000157,621,748,-127
110000160,177,244,-67
110000161,60,349,-289
110000166,29,53,-24
110000167,156,251,-95
110000168,169,103,66
110000169,97,129,-32
110000170,29,45,-16
110000171,159,113,46
110000172,35,475,-440
110000173,428,646,-218
110000174,25,947,-922
110000175,83,28,55
110000176,4,50,-46
110000177,54,272,-218
110000178,406,286,120
110000179,825,186,639
110000180,23,228,-205
110000181,105,180,-75
110000182,196,172,24
110000183,6941,1915,5026
110000184,198,713,-515
110000185,224,332,-108
110000186,367,277,90
110000191,84,387,-303
110000192,32,0,32
110000193,115,1,114
110000194,5,863,-858
110000195,74,273,-199
110000196,101,373,-272
110000197,10,111,-101
110000198,22,55,-33
110000199,12,80,-68
110000200,705,544,161
110000201,158,200,-42
110000202,275,163,112
110000203,283,688,-405
110000204,3,269,-266
110000205,8,63,-55
110000206,271,1174,-903
110000207,124,137,-13
110000208,37,78,-41
110000209,34,569,-535
110000210,0,0,0
110000211,0,0,0
110000212,60,428,-368
110000213,5,26,-21
110000214,30,39,-9
110000215,20,520,-500
110000216,18,455,-437
110000217,83,97,-14
110000218,29,300,-271
110000219,79,22,57
110000220,18,320,-302
110000221,66,15,51
110000222,15,255,-240
110000223,3,18,-15
110000224,42,5,37
110000225,62,275,-213
110000226,10,10,0
110000227,163,140,23
110000228,44,18,26
110000229,2,167,-165
110000230,134,513,-379
110000231,49,79,-30
110000232,49,131,-82
110000233,23,117,-94
110000234,165,174,-9
110000235,423,387,36
110000236,108,787,-679
110000237,411,646,-235
110000238,244,633,-389
110000239,461,798,-337
110000240,2,50,-48
110000242,0,25,-25
110000243,30,129,-99
110000244,42,217,-175
110000245,27,290,-263
110000246,174,431,-257
110000247,731,2214,-1483
110000248,921,799,122
110000249,47,4,43
110000250,0,173,-173
110000251,35,354,-319
110000252,62,211,-149
110000253,336,223,113
110000254,304,935,-631
110000255,90,869,-779
110000256,112,70,42
110000257,99,221,-122
110000258,6,363,-357
110000259,37,8,29
110000260,13,371,-358
110000263,227,105,122
110000264,40,407,-367
110000265,439,586,-147
110000266,669,872,-203
110000267,11,126,-115
110000268,67,262,-195
110000269,1,46,-45
110000270,15,0,15
110000271,636,105,531
110000272,301,501,-200
110000273,715,706,9
110000274,96,324,-228
110000275,2203,231,1972
110000276,68,126,-58
110000277,32,171,-139
110000278,137,548,-411
110000279,87,331,-244
110000280,74,230,-156
110000281,3,126,-123
110000282,18,29,-11
110000283,8,16,-8
110000284,9,12,-3
110000285,0,76,-76
110000286,0,0,0
110000287,2,4,-2
110000288,1,30,-29
110000289,199,514,-315
110000290,899,311,588
110000291,3975,709,3266
110000292,815,1115,-300
110000293,120,586,-466
110000294,206,357,-151
110000295,30,563,-533
110000296,52,184,-132
110000297,1173,227,946
110000298,226,336,-110
110000299,235,7,228
110000301,51,6,45
110000302,75,966,-891
110000303,30,2,28
110000304,27,201,-174
110000305,105,9,96
110000306,49,1745,-1696
110000307,251,0,251
110000308,47,3,44
110000309,5,1150,-1145
110000310,130,53,77
110000311,7,713,-706
110000312,202,13,189
110000313,1198,1032,166
110000314,3,179,-176
110000315,1363,967,396
110000316,269,675,-406
110000317,244,268,-24
110000318,1,59,-58
110000319,2,3,-1
110000320,12,53,-41
110000321,3,20,-17
110000322,43,441,-398
110000323,85,260,-175
110000324,3923,682,3241
110000325,224,601,-377
110000327,54,90,-36
110000328,71,351,-280
110000333,103,131,-28
110000334,149,942,-793
110000335,165,293,-128
110000336,160,1050,-890
110000337,137,257,-120
110000338,31,190,-159
110000339,33,152,-119
110000340,4,136,-132
110000341,92,405,-313
110000342,34,4,30
110000343,0,10,-10
110000344,12,89,-77
110000345,4,46,-42
110000346,1317,690,627
110000347,512,312,200
110000348,1,25,-24
110000349,3,7,-4
110000350,11,0,11
110000351,120,511,-391
110000352,140,985,-845
110000353,1686,381,1305
110000354,382,990,-608
110000355,8,34,-26
110000356,0,0,0
110000357,118,11,107
110000361,3,57,-54
110000362,6,32,-26
110000363,100,79,21
110000364,14,192,-178
110000365,26,0,26
110000366,1,83,-82
110000367,119,138,-19
110000368,3,49,-46
110000369,6,0,6
110000373,4,235,-231
110000374,3,2,1
110000375,48,440,-392
110000376,28,107,-79
110000377,0,0,0
110000378,10,203,-193
110000379,2051,523,1528
110000380,14,4,10
110000383,0,226,-226
110000384,374,48,326
110000385,0,126,-126
110000387,0,10,-10
110000388,7,177,-170
110000389,41,0,41
110000391,4,245,-241
110000396,14,75,-61
110000397,14,108,-94
110000398,3,8,-5
110000399,2,4,-2
110000587,12,43,-31
110000589,42,81,-39
110000640,81,80,1
110000652,3,40,-37
110000653,69,356,-287
110000654,6,12,-6
110000656,3,390,-387
110000674,5,4,1
110000675,0,1,-1
110000676,0,19,-19
110000679,685,211,474
110000682,23,35,-12
110000683,254,247,7
110000684,1,38,-37
110000685,12,3,9
110000686,0,12,-12
110000687,0,0,0
110000688,18,164,-146
110000689,14,32,-18
110000692,29,184,-155
110000693,18,118,-100
110000694,1,78,-77
110000695,63,539,-476
110000696,97,84,13
110900001,44,3,41
110900002,8,159,-151
110900003,58,739,-681
110900004,52,238,-186
110900005,2832,313,2519
110900006,34,0,34
110900007,5,7,-2
110900008,4,31,-27
110900009,47,8,39
110900010,5,42,-37
110900011,0,68,-68
110900012,0,61,-61
110900013,156,65,91
110900014,22,4,18
110900015,338,78,260
110900016,6,127,-121
110900017,54,12,42
110900018,81,15,66
110900019,27,4,23
110900020,7,346,-339
110900021,35,513,-478
110900022,30,326,-296
110900023,22,384,-362
110900024,15,406,-391
110900025,2,26,-24
110900027,9,185,-176
110900028,11,151,-140
110900029,19,366,-347
110900030,5,215,-210
110900031,2,120,-118
110900032,0,71,-71
110900033,19,192,-173
110900035,20,235,-215
110900036,19,20,-1
110900037,5,14,-9
110900038,819,150,669
110900039,4,140,-136
110900040,53,9,44
110900041,1,94,-93
110900042,28,54,-26
110900043,0,130,-130
110900044,176,19,157
110900045,25,508,-483
110900046,85,229,-144
110900047,528,22,506
110900049,5,8,-3
110900050,4,0,4
110900051,20,97,-77
110900052,1,173,-172
110900053,15,61,-46
110900054,10,204,-194
110900055,4,0,4
110900056,27,49,-22
110900057,4,202,-198
110900058,32,273,-241
110900059,264,679,-415
110900060,75,25,50
110900061,3,18,-15
110900062,31,262,-231
110900063,7,59,-52
110900064,2,0,2
110900065,233,48,185
110900066,4,29,-25
110900067,502,243,259
110900068,137,176,-39
110900069,0,19,-19
110900070,60,36,24
110900071,196,88,108
110900073,0,9,-9
110900074,57,40,17
110900075,31,21,10
110900077,61,188,-127
110900078,2,97,-95
110900079,1490,153,1337
110900080,7,24,-17
110900081,0,106,-106
110900082,6,127,-121
110900083,28,6,22
110900084,4,129,-125
110900085,27,259,-232
110900086,24,50,-26
110900087,55,46,9
110900088,2,1,1
110900090,4,5,-1
110900091,0,49,-49
110900093,76,31,45
110900095,6,33,-27
110900097,1,15,-14
110900098,8,51,-43
110900099,33,457,-424
110900100,0,26,-26
110900102,3,12,-9
110900105,406,242,164
110900108,6,103,-97
110900111,92,35,57
110900112,119,0,119
110900113,257,9,248
110900115,2,58,-56
110900116,51,1725,-1674
110900118,115,299,-184
110900119,4127,119,4008
110900120,0,77,-77
110900121,14,0,14
110900122,49,71,-22
110900125,65,69,-4
110900127,219,231,-12
110900128,143,137,6
110900129,94,55,39
110900130,508,108,400
110900131,13,27,-14
110900132,61,14,47
110900133,25,184,-159
110900135,45,297,-252
110900136,68,4,64
110900139,5,0,5
110900140,1,0,1
110900141,50,108,-58
110900142,11,142,-131
110900143,25,16,9
110900144,1,398,-397
110900145,9,5,4
110900146,177,8,169
110900147,95,118,-23
110900148,0,210,-210
110900149,1,49,-48
110900150,6,5,1
110900151,1,28,-27
110900152,2,279,-277
110900153,10,12,-2
111000001,187,204,-17
111000002,349,493,-144
111000003,142,85,57
111000004,237,871,-634
111000005,218,206,12
111000006,434,858,-424
111000007,1274,553,721
111000008,2333,1730,603
111000009,195,645,-450
111000010,219,91,128
111000011,699,726,-27
111000012,394,140,254
111000013,205,890,-685
111000014,375,221,154
111000017,72,199,-127
111000018,129,207,-78
111000020,1664,1154,510
111000021,46,26,20
111000023,46,45,1
111000025,4741,928,3813
111000029,25,61,-36
111000030,13,59,-46
111000031,950,222,728
111000032,264,125,139
111000033,99,28,71
111000034,227,100,127
111000037,1937,763,1174
111000038,1099,1061,38
111000039,522,1204,-682
111000040,501,1384,-883
111000041,720,697,23
111000042,4146,1486,2660
111000043,380,230,150
111000044,172,62,110
111000045,382,446,-64
111000046,225,457,-232
111000047,450,677,-227
111000049,119,354,-235
111000050,1141,1238,-97
111000051,172,691,-519
111000052,224,779,-555
111000053,136,648,-512
111000054,178,655,-477
111000055,600,1411,-811
111000056,61,517,-456
111000057,16,621,-605
111000058,15,59,-44
111000059,40,97,-57
111000060,193,161,32
111000061,146,149,-3
111000062,89,85,4
111000063,319,372,-53
111000064,101,239,-138
111000065,222,299,-77
111000066,41,99,-58
111000067,108,474,-366
111000068,88,317,-229
111000069,926,1124,-198
111000070,1529,800,729
111000071,153,460,-307
111000072,79,30,49
111000073,6,50,-44
111000074,210,180,30
111000075,105,140,-35
111000076,54,188,-134
111000077,227,217,10
111000078,692,663,29
111000079,639,369,270
111000080,176,335,-159
111000081,1395,1063,332
111000082,296,413,-117
111000084,230,311,-81
111000085,313,811,-498
111000086,1030,684,346
111000087,406,416,-10
111000088,2032,578,1454
111000089,209,506,-297
111000090,715,749,-34
111000091,207,561,-354
111000092,388,903,-515
111000093,142,480,-338
111000094,415,486,-71
111000095,181,873,-692
111000096,1782,3007,-1225
111000097,4141,661,3480
111000098,191,917,-726
111000099,154,1749,-1595
111000100,106,1703,-1597
111000101,209,659,-450
111000102,29,649,-620
111000104,31,52,-21
111000107,10,544,-534
111000109,41,36,5
111000110,208,128,80
111000111,300,114,186
111000112,271,73,198
111000113,170,108,62
111000114,418,337,81
111000115,4735,395,4340
111000116,432,374,58
111000117,210,418,-208
111000118,707,541,166
111000119,335,888,-553
111000120,188,333,-145
111000121,82,261,-179
111000122,200,570,-370
111000123,324,2288,-1964
111000124,140,2488,-2348
111000125,50,1663,-1613
111000126,31,779,-748
111000127,42,11,31
111000128,100,25,75
111000129,183,36,147
111000130,157,234,-77
111000131,162,201,-39
111000132,76,54,22
111000133,57,63,-6
111000134,32,72,-40
111000135,6,78,-72
111000136,40,91,-51
111000138,2,2,0
111000140,2,3,-1
111000141,26,160,-134
111000142,3,107,-104
111000143,1,81,-80
111000144,1,102,-101
111000145,0,0,0
111000146,0,0,0
111000147,0,0,0
111000148,23,45,-22
111000149,3,25,-22
111000150,5,5,0
111000151,3,19,-16
111000153,278,202,76
111000154,305,154,151
111000155,16,123,-107
111000156,92,44,48
111000157,52,46,6
111000158,219,144,75
111000159,1000,235,765
111000160,84,253,-169
111000161,6,117,-111
111000162,3,106,-103
111000163,114,470,-356
111000164,512,921,-409
111000165,618,269,349
111000166,434,171,263
111000167,101,318,-217
111000168,87,215,-128
111000169,71,150,-79
111000170,189,178,11
111000171,285,542,-257
111000172,43,495,-452
111000173,135,961,-826
111000174,28,371,-343
111000175,21,189,-168
111000176,41,162,-121
111000177,38,208,-170
111000178,119,300,-181
111000179,29,180,-151
111000180,62,184,-122
111000181,133,172,-39
111000182,18,59,-41
111000183,42,49,-7
111000184,85,74,11
111000185,130,354,-224
111000186,59,231,-172
111000187,22,187,-165
111000188,45,295,-250
111000189,1128,443,685
111000190,100,429,-329
111000191,65,372,-307
111000192,78,566,-488
111000193,287,293,-6
111000194,18,350,-332
111000195,22,318,-296
111000196,9,213,-204
111000197,92,57,35
111000198,41,29,12
111000199,11,50,-39
111000200,30,90,-60
111000201,90,132,-42
111000202,59,69,-10
111000203,59,62,-3
111000204,121,107,14
111000213,51,185,-134
111000214,468,912,-444
111000215,465,837,-372
111000217,316,529,-213
111000218,282,468,-186
111000219,153,204,-51
111000220,1629,298,1331
111000221,285,47,238
111000224,99,258,-159
111000225,68,101,-33
111000226,5,0,5
111000227,1,1,0
111000228,2,113,-111
111000229,16,170,-154
111000230,59,274,-215
111000231,61,875,-814
111000232,97,561,-464
111000233,114,532,-418
111000234,16,95,-79
111000239,89,126,-37
111000240,18,8,10
111000241,14,324,-310
111000242,2,8,-6
111000243,25,687,-662
111000244,8,6,2
111000245,136,360,-224
111000246,38,444,-406
111000247,66,912,-846
111000248,94,187,-93
111000249,191,637,-446
111000250,17,99,-82
111000251,11,91,-80
111000253,0,0,0
111000255,0,0,0
111000257,0,0,0
111000260,18,1026,-1008
111000261,121,12,109
111000271,12,290,-278
111000273,3962,659,3303
111000274,534,717,-183
111000275,34,18,16
111000276,120,1685,-1565
111000277,95,280,-185
111000278,193,110,83
111000291,222,683,-461
111000298,152,217,-65
111000299,97,7,90
111000300,24,320,-296
111000302,57,70,-13
111000303,39,187,-148
111000312,9,48,-39
111000315,24,182,-158
111000320,97,334,-237
111000321,80,15,65
111000322,42,291,-249
111000323,38,11,27
111000324,102,121,-19
111000325,7,51,-44
111000326,15,292,-277
111000327,85,246,-161
111000328,70,199,-129
111000329,3,26,-23
111000330,10,3,7
111000331,3,2,1
111000332,295,852,-557
111000334,175,1231,-1056
111000335,99,67,32
111000337,154,277,-123
111000338,4,110,-106
111000339,81,697,-616
111000340,42,594,-552
111000341,292,100,192
111000342,11,167,-156
111000344,334,359,-25
111000345,11,6,5
111000346,4,69,-65
111000347,14,1,13
111000350,66,32,34
111000351,29,173,-144
111000352,43,29,14
111000353,30,186,-156
111000354,80,39,41
111000355,82,507,-425
111000358,27,1342,-1315
111000360,26,692,-666
111000361,29,363,-334
111000546,63,522,-459
111000547,38,357,-319
111000548,57,129,-72
111000549,41,201,-160
111000550,69,110,-41
111000551,288,56,232
111000552,88,11,77
111000907,56,8,48
111000908,0,0,0
111000916,152,128,24
111000917,10,234,-224
111000918,26,741,-715
111000920,76,2,74
111000921,2,362,-360
111000922,60,306,-246
111000924,7,904,-897
111000925,440,663,-223
111000926,446,2157,-1711
111000927,1808,1100,708
111000928,5628,2505,3123
111000929,271,420,-149
111000930,302,1598,-1296
111000931,519,600,-81
111000932,2217,1555,662
111000933,1257,622,635
111000934,1316,1789,-473
111000935,271,426,-155
111000936,363,1622,-1259
111000937,398,482,-84
111000938,917,2010,-1093
111000939,12,0,12
111000940,83,232,-149
111000941,56,287,-231
111000943,38,141,-103
111000944,40,358,-318
111000945,4,1502,-1498
111001109,29,25,4
111001110,83,484,-401
111001111,4,2,2
111001112,10,1,9
111001113,41,90,-49
111001114,154,31,123
111001115,62,192,-130
111001116,2226,214,2012
111001117,817,325,492
111001120,50,197,-147
111001121,103,266,-163
111001122,81,611,-530
111001123,16,16,0
111001124,30,458,-428
111001125,0,5,-5
111001126,0,1,-1
111001127,0,17,-17
111900001,4,145,-141
111900002,3,442,-439
111900003,1,219,-218
111900004,6,80,-74
111900006,2,0,2
111900007,4,0,4
111900008,6,0,6
111900009,3,0,3
111900010,89,375,-286
111900012,64,59,5
111900013,3,32,-29
111900014,5581,532,5049
111900015,0,31,-31
111900016,2,104,-102
111900017,0,107,-107
111900018,10,2,8
111900019,0,21,-21
111900020,2,22,-20
111900021,34,35,-1
111900022,2,37,-35
111900023,89,18,71
111900024,5,85,-80
111900025,0,21,-21
111900026,0,49,-49
111900027,4,105,-101
111900028,1,345,-344
111900029,1,49,-48
111900030,23,165,-142
111900031,2,27,-25
111900032,2,329,-327
111900033,2,58,-56
111900034,58,250,-192
111900035,3,92,-89
111900036,4,337,-333
111900038,86,256,-170
111900039,25,142,-117
111900040,7,633,-626
111900042,18,28,-10
111900043,6,348,-342
111900044,86,104,-18
111900046,56,183,-127
111900048,18,730,-712
111900049,21,229,-208
111900050,17,4,13
111900051,3,223,-220
111900052,190,544,-354
111900053,788,118,670
111900054,9,0,9
111900055,14,486,-472
111900056,76,75,1
111900057,33,17,16
111900058,30,633,-603
111900059,949,73,876
111900060,37,1,36
111900061,7,192,-185
111900062,0,20,-20
111900063,25,148,-123
111900064,70,193,-123
111900065,4,5,-1
111900066,7,76,-69
111900067,0,210,-210
111900068,14,10,4
111900069,13,4,9
111900070,14,47,-33
111900071,0,161,-161
111900072,16,1,15
111900073,64,15,49
111900074,1,85,-84
111900075,22,1,21
111900076,5,4,1
111900077,4,0,4
111900078,22,2,20
111900079,2,4,-2
111900080,70,10,60
111900082,18,5,13
111900083,2,2,0
111900084,4,1,3
111900085,4,6,-2
111900086,1,0,1
111900087,9,0,9
111900088,40,0,40
111900089,2,0,2
111900090,32,7,25
111900091,8,2,6
111900092,7,0,7
111900093,22,0,22
111900094,6,0,6
111900095,46,1,45
111900096,8,4,4
111900097,5,0,5
111900098,15,0,15
111900099,5,0,5
111900100,14,1,13
111900101,14,2,12
111900102,33,549,-516
111900103,10,9,1
111900104,10,27,-17
111900105,46,35,11
111900106,801,11,790
111900110,2374,79,2295
111900111,2,137,-135
111900112,401,249,152
111900113,174,43,131
111900118,13,4,9
111900119,53,10,43
111900122,45,2,43
111900123,4,4,0
111900124,16,68,-52
111900125,27,2,25
111900126,10,1,9
111900127,1,495,-494
111900128,1,330,-329
111900129,10,5,5
111900130,25,2,23
111900131,19,2,17
111900132,36,636,-600
111900133,1,189,-188
111900134,13,225,-212
111900135,1,4,-3
111900136,12,20,-8
111900137,32,22,10
111900138,9,53,-44
111900139,16,99,-83
111900140,21,8,13
111900141,3,3,0
111900142,45,13,32
111900143,3,212,-209
111900144,1,183,-182
111900145,1,571,-570
111900146,4,369,-365
111900147,77,417,-340
111900148,10,662,-652
111900149,4,348,-344
111900150,4,148,-144
111900151,0,11,-11
111900152,41,20,21
111900153,1005,20,985
111900154,0,27,-27
111900155,6,12,-6
111900156,3,3,0
111900157,7,4,3
111900158,24,1,23
111900159,20,1,19
111900160,24,0,24
111900161,5,0,5
111900162,72,16,56
111900163,19,89,-70
111900164,7,2,5
111901113,24,185,-161
111901114,11,247,-236
111901115,6,0,6
111901116,1,1,0
111901117,1,3,-2
111901118,50,12,38
111901119,778,18,760
111901121,92,193,-101
111901122,2,435,-433
111901123,8,329,-321
111901124,27,0,27
111901125,31,15,16
111901127,463,48,415
111901128,3,39,-36
111901129,0,74,-74
111901130,4,154,-150
111901131,0,169,-169
111901132,2,1,1
111901133,3,2,1
111901134,8,0,8
111901135,3,1,2
111901136,1,2,-1
111901138,23,46,-23
111901139,7,25,-18
111901140,7,72,-65
111901141,1,96,-95
111901142,9,80,-71
111901143,1,39,-38
111901144,9,3,6
111901145,13,47,-34
111901146,37,0,37
111901147,1070,28,1042
111901148,3,3,0
111901149,1,0,1
111901150,0,0,0
112000001,337,270,67
112000002,357,1525,-1168
112000003,202,335,-133
112000004,246,1084,-838
112000005,487,475,12
112000006,666,1247,-581
112000007,514,502,12
112000008,919,1645,-726
112000009,2208,2175,33
112000010,755,1117,-362
112000011,880,1888,-1008
112000012,2757,629,2128
112000013,4592,2305,2287
112000014,1027,261,766
112000015,1468,1185,283
112000016,909,405,504
112000017,490,684,-194
112000024,1074,375,699
112000026,2804,3414,-610
112000027,111,154,-43
112000028,1127,1236,-109
112000029,104,194,-90
112000030,215,64,151
112000031,958,920,38
112000032,585,26,559
112000033,1418,376,1042
112000034,214,14,200
112000035,29,173,-144
112000036,167,198,-31
112000037,273,763,-490
112000038,261,483,-222
112000039,7,67,-60
112000040,70,244,-174
112000041,216,406,-190
112000042,384,182,202
112000050,106,302,-196
112000051,164,282,-118
112000054,1090,1717,-627
112000057,374,224,150
112000058,259,226,33
112000059,438,188,250
112000061,5222,1010,4212
112000062,2610,279,2331
112000063,1107,284,823
112000064,4449,4544,-95
112000065,1639,2013,-374
112000066,931,319,612
112000067,429,524,-95
112000068,471,361,110
112000069,297,1756,-1459
112000070,308,195,113
112000071,288,2333,-2045
112000072,206,383,-177
112000073,483,1243,-760
112000074,113,312,-199
112000075,279,357,-78
112000076,1505,1719,-214
112000077,143,462,-319
112000078,313,416,-103
112000079,410,926,-516
112000080,125,563,-438
112000081,603,1101,-498
112000082,275,145,130
112000083,258,1204,-946
112000084,284,231,53
112000085,250,879,-629
112000086,309,598,-289
112000087,58,440,-382
112000088,67,378,-311
112000089,49,226,-177
112000090,44,216,-172
112000091,283,926,-643
112000092,326,243,83
112000093,696,940,-244
112000094,140,371,-231
112000095,239,519,-280
112000096,199,607,-408
112000097,145,203,-58
112000098,274,1296,-1022
112000099,156,116,40
112000100,222,348,-126
112000101,120,694,-574
112000102,177,245,-68
112000103,70,1173,-1103
112000105,277,1652,-1375
112000106,234,246,-12
112000107,13,38,-25
112000108,109,1190,-1081
112000109,38,49,-11
112000110,339,159,180
112000111,662,3851,-3189
112000112,723,154,569
112000113,616,1973,-1357
112000114,447,303,144
112000115,45,368,-323
112000116,37,597,-560
112000117,101,251,-150
112000118,326,605,-279
112000119,122,669,-547
112000120,33,236,-203
112000121,31,374,-343
112000122,41,41,0
112000123,42,35,7
112000124,35,30,5
112000125,17,35,-18
112000126,37,488,-451
112000127,1158,415,743
112000128,737,345,392
112000129,19,75,-56
112000130,9,23,-14
112000131,9,218,-209
112000132,21,234,-213
112000133,72,114,-42
112000134,109,272,-163
112000135,150,212,-62
112000136,230,1034,-804
112000137,188,439,-251
112000138,439,1046,-607
112000139,297,129,168
112000140,358,688,-330
112000141,134,111,23
112000142,84,671,-587
112000143,207,83,124
112000144,118,1367,-1249
112000145,458,381,77
112000146,336,1703,-1367
112000147,407,606,-199
112000148,657,1680,-1023
112000149,47,275,-228
112000150,41,480,-439
112000151,113,269,-156
112000152,59,159,-100
112000153,97,106,-9
112000154,15,55,-40
112000155,73,30,43
112000157,177,165,12
112000158,69,305,-236
112000159,54,142,-88
112000167,90,6,84
112000169,174,197,-23
112000173,132,161,-29
112000175,40,216,-176
112000176,3549,1284,2265
112000177,73,29,44
112000178,26,326,-300
112000179,31,94,-63
112000180,179,216,-37
112000181,322,1154,-832
112000182,105,1289,-1184
112000183,9,59,-50
112000184,53,203,-150
112000185,71,405,-334
112000187,991,1224,-233
112000195,21,0,21
112000196,6,0,6
112000197,5,31,-26
112000198,9,317,-308
112000199,301,807,-506
112000202,0,1,-1
112000216,23,53,-30
112000230,12,0,12
112000231,2,322,-320
112000256,4,14,-10
112000313,81,198,-117
112000314,2,1,1
112000337,51,334,-283
112000352,69,76,-7
112000392,1093,698,395
112000398,276,362,-86
112000399,398,425,-27
112000400,1180,2463,-1283
112000401,1311,2029,-718
112000402,538,844,-306
112000403,493,474,19
112000404,169,208,-39
112000405,401,851,-450
112000406,1785,1987,-202
112000407,1610,2051,-441
112000408,5377,4218,1159
112000409,788,3434,-2646
112000410,58,31,27
112000411,2781,160,2621
112000412,460,50,410
112000413,5047,421,4626
112000414,21,69,-48
112000415,18,15,3
112000416,672,574,98
112000417,52,33,19
112000421,29,67,-38
112000422,91,239,-148
112000424,1161,501,660
112000425,231,1086,-855
112000426,38,207,-169
112000427,0,5,-5
112000428,10,313,-303
112000429,745,1753,-1008
112000430,803,1827,-1024
112000431,18,25,-7
112000432,198,1790,-1592
112000433,298,222,76
112000437,23,276,-253
112900001,0,0,0
112900002,38,1002,-964
112900003,2,154,-152
112900004,3,235,-232
112900005,17,195,-178
112900006,2,307,-305
112900007,0,85,-85
112900008,0,7,-7
112900009,58,31,27
112900010,17,406,-389
112900011,175,139,36
112900012,0,45,-45
112900013,0,67,-67
112900014,0,197,-197
112900015,153,633,-480
112900016,2,130,-128
112900017,7,75,-68
112900018,0,304,-304
112900019,21,74,-53
112900020,269,1094,-825
112900021,2,195,-193
112900022,2,27,-25
112900023,1,218,-217
112900024,7,108,-101
112900025,38,55,-17
112900026,1,174,-173
112900027,3,1013,-1010
112900028,18,49,-31
112900029,1,352,-351
112900030,221,100,121
112900031,6,375,-369
112900032,41,161,-120
112900034,0,22,-22
112900035,2,364,-362
112900036,6,74,-68
112900037,53,30,23
112900038,41,76,-35
112900039,20,209,-189
112900040,0,154,-154
112900041,530,227,303
112900042,13,235,-222
112900043,13,16,-3
112900044,200,172,28
112900045,384,144,240
112900046,180,28,152
112900047,4,7,-3
112900049,2,58,-56
112900050,55,341,-286
112900051,228,515,-287
112900052,5,755,-750
112900053,165,49,116
112900054,173,13,160
112900055,80,4,76
112900056,37,44,-7
112900057,5,516,-511
112900058,161,29,132
112900059,29,63,-34
112900060,1,130,-129
112900061,6,88,-82
112900062,19,77,-58
112900063,24,0,24
112900064,61,39,22
112900065,6,3,3
112900066,24,15,9
112900067,309,57,252
112900068,3,7,-4
112900069,1759,75,1684
112900071,2,1,1
112900072,94,120,-26
112900073,84,8,76
112900074,5,21,-16
112900075,1325,86,1239
112900076,19,0,19
112900078,36,56,-20
112900079,9,3,6
112900080,6,1,5
112900081,6,18,-12
112900082,84,7,77
112900083,12,6,6
112900084,32,11,21
112900086,1,0,1
112900087,105,12,93
112900088,4,0,4
112900089,80,4,76
112900090,1,1,0
112900091,12,1,11
112900092,49,28,21
112900093,112,5,107
112900095,1,0,1
112900096,60,17,43
112900097,2,220,-218
112900098,1,0,1
112900099,86,1,85
112900100,4,0,4
112900101,17,0,17
112900102,7,1,6
112900103,23,0,23
112900104,3,0,3
112900105,0,0,0
112900106,74,19,55
112900107,0,1,-1
112900108,0,0,0
112900109,4,0,4
112900110,54,3,51
112900111,80,1,79
112900112,10,0,10
112900113,0,3,-3
112900114,2,5,-3
112900115,100,0,100
112900116,57,96,-39
112900117,58,59,-1
112900118,5,36,-31
112900119,13,0,13
112900120,459,79,380
112900121,95,96,-1
112900122,8,94,-86
112900123,46,1,45
112900124,1,64,-63
112900125,10,110,-100
112900126,44,168,-124
112900127,46,11,35
112900128,239,440,-201
112900129,1,689,-688
112900130,42,9,33
112900131,20,185,-165
112900132,37,334,-297
112900133,9,880,-871
112900134,0,202,-202
112900135,20,6,14
112900137,1,577,-576
112900138,6,349,-343
112900139,91,699,-608
112900141,59,13,46
112900142,27,21,6
112900143,16,375,-359
112900144,1,298,-297
112900145,40,264,-224
112900146,2,924,-922
112900147,5,1938,-1933
112900148,5,0,5
112900149,60,312,-252
112900151,15,15,0
112900152,3256,537,2719
112900153,569,144,425
112900154,2,23,-21
112900155,2,0,2
112900156,15,1270,-1255
112900157,18,160,-142
112900158,1,2,-1
112900159,30,7,23
112900160,8,168,-160
112900161,10,5,5
112900162,7,13,-6
112900163,41,6,35
112900164,16,22,-6
112900165,25,9,16
112900166,5,9,-4
112900167,0,9,-9
112900168,1,0,1
112900169,0,1,-1
112900170,8,38,-30
112900172,69,3,66
112900173,123,48,75
112900174,46,3,43
112900175,31,14,17
112900176,2,1,1
112900177,44,12,32
112900178,108,175,-67
112900179,16,441,-425
112900180,150,1558,-1408
112900181,41,7,34
112900182,8,1194,-1186
112900183,40,35,5
112900184,157,131,26
112900185,73,132,-59
112900186,868,170,698
112900187,9,72,-63
112900188,462,140,322
112900189,0,10,-10
112900190,0,31,-31
112900192,104,55,49
112900193,268,81,187
112900194,8,81,-73
112900195,64,1,63
112900196,135,454,-319
112900197,44,249,-205
112900199,43,374,-331
112900200,35,73,-38
112900201,36,13,23
112900202,22,507,-485
112900203,9,106,-97
112900204,258,117,141
112900205,0,1,-1
112900206,0,35,-35
112900207,2,0,2
112900208,15,15,0
112900209,146,260,-114
112900210,0,4,-4
112900211,7,5,2
112900212,1,53,-52
112900213,1,7,-6
112900214,5,0,5
112900215,1,134,-133
112900216,18,22,-4
112900217,0,52,-52
112900218,0,5,-5
112900219,3,8,-5
112900220,0,0,0
112900221,0,67,-67
112900222,0,10,-10
112900223,141,2,139
112900224,18,517,-499
112900225,38,304,-266
112900226,107,46,61
112900227,32,1027,-995
112900228,3,5,-2
112900229,25,8,17
112900230,5179,729,4450
112900232,48,58,-10
112900233,10,131,-121
112900234,2,54,-52
112900235,3,0,3
112900236,8,6,2
112900237,11,237,-226
112900238,1,27,-26
112900239,229,188,41
112900240,2,146,-144
112900241,6,225,-219
112900242,3,253,-250
112900243,4,223,-219
112900244,1,230,-229
112900245,0,35,-35
112900246,0,22,-22
112900247,36,13,23
112900248,15,3,12
112900249,19,2,17
112900250,3,10,-7
112900251,2,3,-1
112900252,5,13,-8
112900253,1,21,-20
112900254,1,1,0
112900255,0,5,-5
112900256,0,6,-6
112900257,1,0,1
112900258,0,10,-10
113000001,2841,2421,420
113000002,1770,1591,179
113000003,1402,717,685
113000004,1282,967,315
113000005,598,535,63
113000006,419,602,-183
113000007,737,737,0
113000008,599,792,-193
113000009,299,595,-296
113000010,310,835,-525
113000011,257,1196,-939
113000012,212,184,28
113000013,359,201,158
113000014,788,778,10
113000015,179,83,96
113000016,145,196,-51
113000017,8,190,-182
113000018,30,12,18
113000019,12,143,-131
113000020,5,3,2
113000021,120,371,-251
113000022,179,991,-812
113000025,31,149,-118
113000026,28,145,-117
113000027,173,149,24
113000028,329,203,126
113000029,441,261,180
113000030,462,366,96
113000031,319,172,147
113000032,143,97,46
113000033,194,184,10
113000034,379,198,181
113000035,19,17,2
113000036,10,32,-22
113000037,37,10,27
113000038,10,32,-22
113000039,40,187,-147
113000040,23,71,-48
113000042,300,145,155
113000051,316,728,-412
113000052,1418,536,882
113000053,111,442,-331
113000054,74,282,-208
113000055,325,629,-304
113000056,277,1321,-1044
113000058,461,883,-422
113000059,447,266,181
113000060,35,491,-456
113000061,492,698,-206
113000062,694,64,630
113000063,10,138,-128
113000064,10,197,-187
113000065,45,836,-791
113000066,75,54,21
113000067,368,494,-126
113000068,77,1320,-1243
113000069,118,1100,-982
113000070,361,346,15
113000071,91,477,-386
113000072,165,204,-39
113000073,270,963,-693
113000074,503,125,378
113000075,884,174,710
113000076,795,923,-128
113000077,542,166,376
113000078,492,946,-454
113000079,485,446,39
113000080,311,232,79
113000081,391,280,111
113000082,678,550,128
113000083,200,304,-104
113000084,717,822,-105
113000085,263,237,26
113000086,481,654,-173
113000087,441,336,105
113000088,1227,788,439
113000089,346,693,-347
113000090,58,103,-45
113000091,521,113,408
113000094,123,48,75
113000095,125,823,-698
113000096,71,618,-547
113000097,135,118,17
113000098,27,13,14
113000099,232,82,150
113000100,70,228,-158
113000101,194,310,-116
113000102,97,64,33
113000103,1313,391,922
113000104,205,1164,-959
113000105,134,212,-78
113000106,162,454,-292
113000107,199,459,-260
113000108,368,1133,-765
113000109,316,1059,-743
113000110,739,179,560
113000111,51,311,-260
113000112,160,208,-48
113000113,1276,167,1109
113000114,262,457,-195
113000116,292,130,162
113000117,366,112,254
113000118,46,106,-60
113000119,61,210,-149
113000120,10,110,-100
113000121,99,395,-296
113000124,26,48,-22
113000125,5,259,-254
113000127,2345,312,2033
113000128,246,288,-42
113000129,771,439,332
113000133,2825,359,2466
113000134,2,190,-188
113000135,861,756,105
113000137,846,327,519
113000139,277,41,236
113000140,188,202,-14
113000141,174,20,154
113000142,399,406,-7
113000143,132,80,52
113000144,225,309,-84
113000145,30,62,-32
113000146,49,35,14
113000147,55,56,-1
113000148,20,91,-71
113000149,39,94,-55
113000150,268,208,60
113000151,71,51,20
113000152,29,116,-87
113000153,933,286,647
113000154,343,422,-79
113000155,173,153,20
113000156,58,227,-169
113000157,152,441,-289
113000158,317,114,203
113000159,496,245,251
113000160,292,667,-375
113000161,79,399,-320
113000162,297,162,135
113000163,13,19,-6
113000164,23,51,-28
113000166,10,17,-7
113000167,32,180,-148
113000168,16,160,-144
113000169,23,16,7
113000170,21,20,1
113000171,30,82,-52
113000172,77,18,59
113000173,9,3,6
113000174,86,492,-406
113000175,103,23,80
113000176,116,25,91
113000177,65,353,-288
113000178,108,382,-274
113000179,59,23,36
113000180,159,636,-477
113000181,344,752,-408
113000182,159,108,51
113000183,97,459,-362
113000184,12,67,-55
113000189,180,330,-150
113000190,997,192,805
113000192,1360,667,693
113000193,1722,535,1187
113000194,777,678,99
113000195,679,263,416
113000196,24,26,-2
113000197,350,388,-38
113000198,11,146,-135
113000199,201,220,-19
113000201,67,77,-10
113000202,1782,322,1460
113000203,50,6,44
113000204,568,691,-123
113000205,7,18,-11
113000206,3,11,-8
113000207,25,10,15
113000208,20,22,-2
113000209,9,11,-2
113000210,3,5,-2
113000211,206,112,94
113000212,164,10,154
113000213,4,69,-65
113000214,37,128,-91
113000234,53,947,-894
113000410,11,34,-23
113000411,1506,2760,-1254
113000412,8985,997,7988
113000413,3394,1079,2315
113000414,8768,3575,5193
113000415,1544,1348,196
113000416,6462,1775,4687
113000417,1729,1463,266
113000418,1832,1558,274
113000419,900,909,-9
113000420,2453,1151,1302
113000421,1950,1500,450
113000422,13192,2805,10387
113000423,2179,1484,695
113000424,3625,2748,877
113000425,5,21,-16
113000428,16,12,4
113000430,25,7,18
113000432,352,30,322
113000433,90,640,-550
113000434,26,333,-307
113000435,8,716,-708
113000436,34,1089,-1055
113000437,32,0,32
113000438,40,5,35
113000439,13,100,-87
113000440,20,7,13
113000441,38,102,-64
113000442,41,252,-211
113000443,31,143,-112
113000444,36,282,-246
113000445,17,58,-41
113000446,21,97,-76
113000448,190,65,125
113000449,115,132,-17
113000450,356,338,18
113000451,994,53,941
113000452,136,61,75
113000453,100,132,-32
113000454,120,12,108
113000455,30,81,-51
113000456,1716,892,824
113000468,1688,167,1521
113000469,79,27,52
113000470,327,29,298
113000471,9,134,-125
113000472,54,138,-84
113000474,126,507,-381
113000475,744,1212,-468
113000476,417,1148,-731
113000477,780,1400,-620
113000478,1671,3709,-2038
113000479,20,222,-202
113000484,0,0,0
113000485,0,0,0
113000486,0,0,0
113000487,0,0,0
113000488,0,0,0
113000489,0,0,0
113000490,0,0,0
113000491,0,0,0
113000492,0,0,0
113000493,0,0,0
113000495,120,177,-57
113000496,17,44,-27
113900001,0,2,-2
113900002,0,14,-14
113900003,0,8,-8
113900004,0,1,-1
113900005,0,2,-2
113900006,0,4,-4
113900007,1,0,1
113900008,1,0,1
113900009,6,0,6
113900010,8,0,8
113900011,1,0,1
113900012,0,0,0
113900013,12,0,12
113900014,556,0,556
113900015,0,36,-36
113900016,6,0,6
113900017,2,28,-26
113900018,243,25,218
113900019,5,32,-27
113900020,23,0,23
113900022,0,0,0
113900023,0,0,0
113900024,9,29,-20
113900025,144,1,143
113900026,14,0,14
113900027,1,18,-17
113900028,4,166,-162
113900029,6,226,-220
113900030,17,0,17
113900031,0,0,0
113900032,3,1,2
113900033,10,40,-30
113900035,5,0,5
113900036,10,29,-19
113900037,11,351,-340
113900038,42,9,33
113900039,10,11,-1
113900040,2,4,-2
113900041,0,2,-2
113900042,15,19,-4
113900043,74,24,50
113900044,53,9,44
113900045,12,0,12
113900046,115,450,-335
113900047,2,50,-48
113900048,227,13,214
113900049,636,54,582
113900050,38,189,-151
113900051,53,194,-141
113900052,88,55,33
113900053,119,23,96
113900054,3,3,0
113900055,44,438,-394
113900056,0,46,-46
113900057,9,76,-67
113900058,16,115,-99
113900059,40,184,-144
113900060,73,147,-74
113900061,287,10,277
113900062,38,3,35
113900063,8,55,-47
113900064,25,87,-62
113900065,293,3,290
113900066,52,238,-186
113900067,11,178,-167
113900068,103,136,-33
113900069,15,5,10
113900070,91,277,-186
113900071,7,27,-20
113900072,12,72,-60
113900073,106,237,-131
113900074,11,276,-265
113900075,352,445,-93
113900076,54,7,47
113900077,11,197,-186
113900078,11,28,-17
113900079,0,35,-35
113900080,66,64,2
113900081,12,105,-93
113900082,38,128,-90
113900083,22,410,-388
113900084,54,51,3
113900085,9,215,-206
113900086,1,5,-4
113900087,10,143,-133
113900088,12,4,8
113900089,102,22,80
113900090,127,111,16
113900091,18,12,6
113900092,15,24,-9
113900093,16,247,-231
113900094,18,240,-222
113900095,13,26,-13
113900096,43,18,25
113900097,1,83,-82
113900098,92,23,69
113900099,0,19,-19
113900100,0,1,-1
113900101,15,17,-2
113900102,21,39,-18
113900103,88,116,-28
113900104,12,60,-48
113900105,8,268,-260
113900106,2,43,-41
113900107,0,5,-5
113900108,78,66,12
113900109,128,41,87
113900110,2,19,-17
113900111,14,43,-29
113900112,17,44,-27
113900113,168,139,29
113900114,0,69,-69
113900115,1,95,-94
113900116,26,56,-30
113900117,9,5,4
113900118,24,61,-37
113900119,174,107,67
113900120,8,14,-6
113900121,4,40,-36
113900122,96,527,-431
113900123,91,67,24
113900124,0,76,-76
113900125,750,84,666
113900126,32,14,18
113900127,50,166,-116
113900128,23,28,-5
113900129,3,23,-20
113900130,0,4,-4
113900131,35,25,10
113900132,8,11,-3
113900133,3,11,-8
113900135,86,262,-176
113900136,36,31,5
113900137,83,77,6
113900138,20,47,-27
113900139,355,32,323
113900140,132,64,68
113900141,42,228,-186
113900142,6,40,-34
113900143,6,3,3
113900144,124,32,92
113900145,41,93,-52
113900146,11,23,-12
113900148,60,83,-23
113900149,53,15,38
113900150,1038,253,785
113900151,38,115,-77
113900152,6,35,-29
113900153,367,189,178
113900154,5,59,-54
113900155,123,34,89
113900156,91,373,-282
113900157,10,121,-111
113900158,158,73,85
113900159,0,103,-103
113900160,221,476,-255
113900161,6,70,-64
113900162,203,179,24
113900163,50,80,-30
113900164,47,14,33
113900165,273,255,18
113900166,61,32,29
113900167,43,31,12
113900168,44,72,-28
113900169,24,253,-229
113900171,13,4,9
113900172,2,121,-119
113900173,49,350,-301
113900174,112,466,-354
113900175,45,23,22
113900176,39,468,-429
113900177,83,62,21
113900178,34,32,2
113900179,9,443,-434
113900180,45,46,-1
113900181,70,18,52
113900182,86,475,-389
113900183,20,34,-14
113900184,7,381,-374
113900185,72,33,39
113900186,10,18,-8
113900187,25,72,-47
113900188,9,65,-56
113900189,56,18,38
113900190,172,52,120
113900191,42,100,-58
113900192,2,74,-72
113900193,6,166,-160
113900194,1040,384,656
113900195,182,243,-61
113900196,1,105,-104
113900197,0,206,-206
113900198,5,57,-52
113900199,113,343,-230
113900200,1,146,-145
113900201,1,176,-175
113900202,25,140,-115
113900203,1,202,-201
113900204,14,394,-380
113900205,8,45,-37
113900206,1,47,-46
113900207,0,57,-57
113900208,0,30,-30
113900209,0,50,-50
113900210,261,95,166
113900211,82,8,74
113900212,23,390,-367
113900214,246,149,97
113900215,6,48,-42
113900216,9,966,-957
113900217,7,182,-175
113900218,17,7,10
113900219,72,241,-169
113900220,33,14,19
113900221,76,62,14
113900222,84,70,14
113900223,13,878,-865
113900224,63,32,31
113900225,289,69,220
113900226,84,41,43
113900227,155,47,108
113900228,207,134,73
113900229,8,202,-194
113900230,2059,379,1680
113900231,36,98,-62
113900232,17,76,-59
113900233,12,37,-25
113900234,64,134,-70
113900235,11,8,3
113900236,2,215,-213
113900237,20,6,14
113900238,78,176,-98
113900239,10,26,-16
113900240,2,30,-28
113900241,22,20,2
113900242,18,72,-54
113900243,57,159,-102
113900244,352,62,290
113900245,825,72,753
113900246,8,3,5
113900247,132,143,-11
113900248,2244,302,1942
113900249,517,54,463
113900250,12,54,-42
113900251,151,100,51
113900252,102,1,101
113900253,110,3,107
113900254,113,22,91
113900255,50,11,39
113900256,95,9,86
113900257,26,523,-497
113900258,7,430,-423
113900259,87,184,-97
113900260,19,10,9
113900261,3,106,-103
113900262,46,555,-509
113900263,31,265,-234
113900264,0,452,-452
113900265,39,185,-146
113900266,8,163,-155
113900267,25,244,-219
113900268,43,97,-54
113900269,34,94,-60
113900270,85,132,-47
113900271,113,896,-783
113900273,2,4,-2
113900274,5,2,3
113900275,5,14,-9
113900276,2,190,-188
113900277,9,0,9
113900278,82,105,-23
113900279,57,74,-17
113900280,514,237,277
113900281,102,450,-348
113900282,465,143,322
113900283,52,179,-127
113900284,256,52,204
113900285,60,12,48
113900286,1,70,-69
113900287,2,46,-44
113900288,0,50,-50
113900289,1089,31,1058
113900290,295,17,278
113900291,89,116,-27
113900292,2,1,1
113900293,2,108,-106
113900294,67,3,64
113900295,96,88,8
113900296,1559,151,1408
113900297,88,9,79
113900298,1,929,-928
113900299,6,101,-95
113900300,3917,564,3353
113900301,167,48,119
113900302,1059,180,879
113900303,313,43,270
113900304,1,132,-131
113900305,17,0,17
113900306,1,0,1
113900307,35,1,34
113900308,49,56,-7
113900309,4,568,-564
113900310,0,13,-13
113900311,0,0,0
113900312,24,65,-41
113900313,20,1,19
113900314,0,2,-2
113900315,0,1,-1
114000001,524,1732,-1208
114000002,45,257,-212
114000003,114,1184,-1070
114000004,142,294,-152
114000005,121,150,-29
114000006,1455,1644,-189
114000007,222,1017,-795
114000008,845,576,269
114000009,82,81,1
114000011,1211,1597,-386
114000012,517,1732,-1215
114000013,316,1285,-969
114000014,228,339,-111
114000015,313,316,-3
114000016,154,308,-154
114000017,62,99,-37
114000018,201,49,152
114000026,240,983,-743
114000027,469,1116,-647
114000028,626,908,-282
114000038,68,129,-61
114000039,112,208,-96
114000040,38,107,-69
114000042,41,131,-90
114000043,37,221,-184
114000044,78,195,-117
114000045,18,69,-51
114000046,1164,3498,-2334
114000047,5,47,-42
114000048,28,111,-83
114000049,523,484,39
114000050,450,433,17
114000051,1583,609,974
114000052,1372,368,1004
114000053,9,243,-234
114000054,20,875,-855
114000055,69,12,57
114000056,357,257,100
114000057,5508,1478,4030
114000058,101,172,-71
114000059,91,78,13
114000060,160,437,-277
114000061,1456,365,1091
114000062,534,191,343
114000063,1957,1053,904
114000064,4634,1225,3409
114000065,862,1119,-257
114000066,77,290,-213
114000067,4,98,-94
114000068,237,233,4
114000069,225,208,17
114000070,1052,409,643
114000071,152,520,-368
114000072,55,300,-245
114000073,0,30,-30
114000074,6,18,-12
114000075,7,59,-52
114000076,6,63,-57
114000077,0,15,-15
114000078,38,1071,-1033
114000079,25,20,5
114000080,22,17,5
114000081,0,2,-2
114000082,51,476,-425
114000083,9,184,-175
114000084,33,42,-9
114000085,76,541,-465
114000086,51,455,-404
114000087,13,243,-230
114000088,9,24,-15
114000089,708,207,501
114000090,105,84,21
114000091,452,161,291
114000092,360,152,208
114000093,292,336,-44
114000094,136,200,-64
114000095,26,14,12
114000096,46,453,-407
114000097,34,729,-695
114000098,62,9,53
114000099,52,873,-821
114000100,175,315,-140
114000101,130,1104,-974
114000102,34,73,-39
114000103,54,319,-265
114000104,1,202,-201
114000105,18,40,-22
114000106,492,160,332
114000107,28,100,-72
114000108,2060,912,1148
114000109,35,124,-89
114000110,185,1199,-1014
114000111,101,94,7
114000112,97,1665,-1568
114000113,112,71,41
114000114,623,1399,-776
114000115,238,85,153
114000116,87,165,-78
114000117,219,110,109
114000118,216,107,109
114000119,140,81,59
114000120,328,719,-391
114000121,236,425,-189
114000122,154,160,-6
114000123,125,60,65
114000124,42,103,-61
114000125,485,1158,-673
114000126,154,42,112
114000127,13,62,-49
114000128,57,163,-106
114000130,41,21,20
114000131,23,14,9
114000132,275,581,-306
114000133,712,821,-109
114000134,19,127,-108
114000138,69,151,-82
114000139,85,54,31
114000144,146,110,36
114000145,22,122,-100
114000146,48,219,-171
114000147,362,331,31
114000148,1048,112,936
114000149,43,23,20
114000150,951,534,417
114000151,1135,411,724
114000152,19,6,13
114000153,640,902,-262
114000154,454,443,11
114000155,467,602,-135
114000156,284,136,148
114000157,121,346,-225
114000158,1780,316,1464
114000159,105,234,-129
114000160,46,175,-129
114000161,555,263,292
114000162,361,231,130
114000163,5,110,-105
114000165,74,46,28
114000166,188,41,147
114000167,2618,624,1994
114000168,442,450,-8
114000169,391,141,250
114000170,189,113,76
114000171,132,181,-49
114000174,105,283,-178
114000176,292,264,28
114000177,1397,388,1009
114000178,8,33,-25
114000179,228,52,176
114000180,170,265,-95
114000181,558,820,-262
114000182,2938,1197,1741
114000183,710,711,-1
114000184,4905,1252,3653
114000185,157,160,-3
114000189,31,15,16
114000190,210,49,161
114000191,7,6,1
114000192,205,1061,-856
114000193,479,2377,-1898
114000194,534,868,-334
114000195,13,1,12
114000196,2,215,-213
114000197,153,91,62
114000198,733,234,499
114000199,1074,574,500
114000200,267,1812,-1545
114000201,32,788,-756
114000202,408,586,-178
114000203,196,792,-596
114000204,54,270,-216
114000205,90,1160,-1070
114000206,205,926,-721
114000207,273,1580,-1307
114000208,205,2361,-2156
114000209,343,2408,-2065
114000210,189,1318,-1129
114000211,319,761,-442
114000212,269,382,-113
114000213,394,319,75
114000214,15,170,-155
114000215,20,33,-13
114000216,89,12,77
114000217,9,183,-174
114000218,50,210,-160
114000219,132,193,-61
114000220,10,944,-934
114000221,79,46,33
114000222,69,817,-748
114000223,46,18,28
114000224,75,475,-400
114000225,32,315,-283
114000226,10,186,-176
114000227,187,283,-96
114000228,188,521,-333
114000229,230,812,-582
114000230,398,839,-441
114000231,265,793,-528
114000232,98,53,45
114000233,323,60,263
114000234,296,542,-246
114000235,324,971,-647
114000236,0,455,-455
114000237,41,841,-800
114000238,4,63,-59
114000239,105,1021,-916
114000240,194,403,-209
114000241,107,712,-605
114000242,524,653,-129
114000243,237,383,-146
114000244,54,52,2
114000245,157,507,-350
114000246,70,21,49
114000247,146,388,-242
114000248,121,263,-142
114000249,139,277,-138
114000250,39,305,-266
114000251,38,267,-229
114000252,39,100,-61
114000253,2,34,-32
114000254,3,60,-57
114000255,221,86,135
114000256,519,159,360
114000257,573,1732,-1159
114000258,45,325,-280
114000259,7,261,-254
114000260,0,16,-16
114000261,3,1,2
114000262,11,156,-145
114000263,0,0,0
114000264,112,436,-324
114000265,0,5,-5
114000267,0,555,-555
114000268,2,1319,-1317
114000270,2,3,-1
114000271,92,46,46
114000283,93,247,-154
114000285,44,215,-171
114000288,18,256,-238
114000289,440,111,329
114000293,44,221,-177
114000294,52,81,-29
114000395,99,9,90
114000396,47,100,-53
114000402,87,234,-147
114000403,71,379,-308
114000405,46,565,-519
114000423,31,433,-402
114000424,34,167,-133
114000425,82,518,-436
114000426,16,28,-12
114000427,41,109,-68
114000428,133,31,102
114000429,4,103,-99
114000432,19,84,-65
114000434,16,54,-38
114000435,1,163,-162
114900001,83,916,-833
114900002,130,18,112
114900003,51,1365,-1314
114900004,49,44,5
114900005,70,594,-524
114900006,9,9,0
114900007,18,5,13
114900008,46,18,28
114900010,1683,537,1146
114900011,11,40,-29
114900013,30,36,-6
114900018,232,27,205
114900020,23,38,-15
114900022,0,404,-404
114900025,74,137,-63
114900026,25,25,0
114900029,50,18,32
114900030,54,142,-88
114900031,34,23,11
114900032,18,15,3
114900034,39,195,-156
114900035,100,109,-9
114900036,106,901,-795
114900039,147,801,-654
114900040,16,171,-155
114900041,106,699,-593
114900042,230,717,-487
114900044,17,5,12
114900047,53,530,-477
114900048,21,147,-126
114900049,23,289,-266
114900050,11,519,-508
114900051,7,383,-376
114900052,87,82,5
114900053,34,125,-91
114900054,23,75,-52
114900057,69,0,69
114900058,0,108,-108
114900059,7,19,-12
114900063,22,154,-132
114900064,186,553,-367
114900065,68,371,-303
114900067,4,253,-249
114900068,39,244,-205
114900069,128,103,25
114900070,72,378,-306
114900072,9,173,-164
114900073,0,155,-155
114900074,53,549,-496
114900075,8,2,6
114900076,2,270,-268
114900080,1844,165,1679
114900082,1900,648,1252
114900083,94,368,-274
114900090,28,53,-25
114900091,43,63,-20
114900097,22,1,21
114900098,2,108,-106
114900099,21,3,18
115000001,6809,4968,1841
115000002,1207,942,265
115000003,2055,3595,-1540
115000004,659,1511,-852
115000005,593,2345,-1752
115000006,142,513,-371
115000007,43,89,-46
115000008,163,124,39
115000009,69,227,-158
115000010,66,35,31
115000013,40,41,-1
115000015,63,108,-45
115000016,142,98,44
115000019,10,174,-164
115000020,83,39,44
115000021,156,274,-118
115000022,201,208,-7
115000023,28,13,15
115000024,602,268,334
115000025,77,24,53
115000026,64,191,-127
115000027,0,0,0
115000028,51,294,-243
115000029,0,2,-2
115000030,80,473,-393
115000031,0,0,0
115000032,4,197,-193
115000033,6,4,2
115000034,53,558,-505
115000035,58,0,58
115000036,1,266,-265
115000037,8,0,8
115000038,26,80,-54
115000039,1188,711,477
115000040,2913,1213,1700
115000041,348,900,-552
115000042,226,257,-31
115000043,1282,1212,70
115000044,2050,3025,-975
115000045,753,1991,-1238
115000046,389,1012,-623
115000047,463,852,-389
115000048,662,2394,-1732
115000049,704,1777,-1073
115000050,831,568,263
115000051,971,441,530
115000052,2508,1304,1204
115000053,592,497,95
115000054,568,794,-226
115000055,21,320,-299
115000056,11,51,-40
115000057,74,242,-168
115000058,14,31,-17
115000059,15,112,-97
115000061,9,14,-5
115000062,51,185,-134
115000063,19,216,-197
115000064,3,11,-8
115000065,6,106,-100
115000067,0,0,0
115000069,2,140,-138
115000070,21,204,-183
115000071,8,2,6
115000072,43,29,14
115000073,275,17,258
115000075,2,31,-29
115000076,1693,2100,-407
115000077,449,2841,-2392
115000078,176,1311,-1135
115000079,251,1663,-1412
115000080,492,2191,-1699
115000081,269,644,-375
115000082,1044,1448,-404
115000083,707,2552,-1845
115000084,239,488,-249
115000085,178,746,-568
115000086,96,429,-333
115000087,256,962,-706
115000088,496,169,327
115000089,988,1165,-177
115000090,284,40,244
115000091,201,807,-606
115000092,90,201,-111
115000093,1,0,1
115000094,4067,1726,2341
115000095,3646,1915,1731
115000096,165,1274,-1109
115000097,144,447,-303
115000098,192,514,-322
115000099,289,1718,-1429
115000100,104,171,-67
115000101,158,1044,-886
115000102,107,57,50
115000103,238,668,-430
115000105,25,116,-91
115000106,48,99,-51
115000107,49,480,-431
115000108,2201,2071,130
115000109,2874,503,2371
115000110,530,371,159
115000111,272,715,-443
115000112,175,217,-42
115000113,201,385,-184
115000114,734,403,331
115000116,1294,469,825
115000117,1331,546,785
115000118,614,681,-67
115000119,616,554,62
115000120,245,329,-84
115000121,1040,293,747
115000122,1826,347,1479
115000123,623,448,175
115000124,214,285,-71
115000125,105,246,-141
115000126,45,88,-43
115000127,88,45,43
115000128,476,289,187
115000129,39,74,-35
115000130,61,557,-496
115000131,65,125,-60
115000132,24,278,-254
115000133,63,220,-157
115000134,33,114,-81
115000135,16,140,-124
115000136,34,67,-33
115000137,43,161,-118
115000138,19,85,-66
115000139,144,191,-47
115000140,31,68,-37
115000141,46,220,-174
115000142,29,226,-197
115000143,77,207,-130
115000144,121,43,78
115000145,52,501,-449
115000146,42,68,-26
115000147,53,484,-431
115000148,142,1017,-875
115000149,147,87,60
115000150,328,877,-549
115000151,160,176,-16
115000152,196,1323,-1127
115000153,130,141,-11
115000154,149,149,0
115000155,210,973,-763
115000156,285,174,111
115000157,453,557,-104
115000158,321,115,206
115000159,271,114,157
115000160,269,82,187
115000161,125,250,-125
115000162,227,159,68
115000163,380,420,-40
115000164,234,339,-105
115000165,92,112,-20
115000167,14,29,-15
115000168,174,91,83
115000169,242,288,-46
115000170,61,105,-44
115000171,67,39,28
115000172,996,242,754
115000173,40,69,-29
115000174,28,40,-12
115000175,64,56,8
115000176,21,10,11
115000177,11,44,-33
115000178,1,184,-183
115000179,6,5,1
115000180,11,427,-416
115000181,54,29,25
115000182,69,103,-34
115000183,74,644,-570
115000186,102,89,13
115000187,22,406,-384
115000188,111,169,-58
115000189,113,269,-156
115000190,133,93,40
115000191,73,161,-88
115000194,40,90,-50
115000195,36,9,27
115000196,10,48,-38
115000197,39,394,-355
115000198,27,76,-49
115000199,63,306,-243
115000200,35,29,6
115000201,47,339,-292
115000206,0,0,0
115000207,10,190,-180
115000208,295,420,-125
115000209,52,51,1
115000210,14,50,-36
115000211,83,116,-33
115000212,655,142,513
115000224,21,6,15
115000225,15,15,0
115000229,57,38,19
115000230,10,174,-164
115000231,141,1741,-1600
115000232,195,239,-44
115000233,33,240,-207
115000234,2,144,-142
115000241,10,102,-92
115000242,24,115,-91
115000243,10,111,-101
115000244,1,47,-46
115000246,7,2,5
115000247,7,1,6
115000248,0,0,0
115000249,9,0,9
115000250,35,18,17
115000251,24,48,-24
115000252,4,76,-72
115000253,2,73,-71
115000258,27,45,-18
115000259,82,46,36
115000261,0,0,0
115000262,0,4,-4
115000263,0,5,-5
115000264,6,2,4
115000267,15,13,2
115000268,26,61,-35
115000269,2,10,-8
115000270,0,3,-3
115000272,10,51,-41
115000273,28,6,22
115000280,141,1,140
115000281,208,40,168
115000282,109,37,72
115000284,105,15,90
115000296,53,2,51
115000297,5,1,4
115000298,35,20,15
115000300,6,175,-169
115000302,16,22,-6
115000303,41,35,6
115000304,35,9,26
115000305,38,922,-884
115000306,22,486,-464
115000307,5,210,-205
115000308,20,11,9
115000309,5,5,0
115000310,209,951,-742
115000311,111,479,-368
115000313,66,545,-479
115000314,19,14,5
115000315,897,239,658
115000316,11,15,-4
115000317,52,306,-254
115000318,117,112,5
115000319,19,212,-193
115000320,3,53,-50
115000321,59,25,34
115000322,19,207,-188
115000449,76,35,41
115000557,0,102,-102
115000558,11,9,2
115000587,71,128,-57
115000588,1187,3278,-2091
115000589,1038,996,42
115000590,291,1055,-764
115000591,196,166,30
115000592,284,895,-611
115000593,159,119,40
115000594,514,837,-323
115000609,62,107,-45
115000617,229,250,-21
115000624,27,51,-24
115000633,62,978,-916
115000634,511,129,382
115000635,37,10,27
115000638,671,255,416
115000641,51,42,9
115000642,111,93,18
115000643,14,285,-271
115000644,76,253,-177
115000646,397,382,15
115000647,36,194,-158
115000648,185,845,-660
115000893,586,91,495
115000894,36,832,-796
115000895,133,586,-453
115000896,163,35,128
115000897,68,9,59
115000898,241,21,220
115000899,636,464,172
115000900,19,198,-179
115000901,49,53,-4
115000912,18,6,12
115000913,4,14,-10
115000915,1,0,1
115000916,0,0,0
115000917,0,0,0
115000918,0,0,0
115000919,0,0,0
115000920,11,16,-5
115000921,922,41,881
115000922,180,24,156
115000923,246,471,-225
115000925,19,32,-13
115000927,5,12,-7
115000933,188,77,111
115000934,6,87,-81
115000935,7,24,-17
115000936,0,0,0
115000937,764,62,702
115000938,120,51,69
115000939,103,79,24
115000940,0,0,0
115000941,0,0,0
115000942,0,1,-1
115000943,28,10,18
115000944,2,7,-5
115900001,2,45,-43
115900002,41,50,-9
115900003,16,38,-22
115900004,0,20,-20
115900005,8,2,6
115900006,5,206,-201
115900008,5,4,1
115900009,16,118,-102
115900010,25,48,-23
115900011,47,155,-108
115900012,6,36,-30
115900013,114,27,87
115900014,47,97,-50
115900015,0,64,-64
115900016,1,2,-1
115900017,0,1,-1
115900018,123,31,92
115900019,131,9,122
115900020,0,0,0
115900021,1114,27,1087
115900022,1080,3,1077
115900023,4,0,4
115900025,52,66,-14
115900026,395,129,266
115900027,1,312,-311
115900028,301,18,283
115900029,3,356,-353
115900030,7,4,3
115900031,141,35,106
115900032,52,174,-122
115900033,2,36,-34
115900034,5,375,-370
115900035,6,25,-19
115900036,83,71,12
115900037,5,361,-356
115900038,1,1,0
115900039,33,207,-174
115900041,62,92,-30
115900042,0,1,-1
115900043,4,82,-78
115900044,48,56,-8
115900046,34,166,-132
115900047,0,3,-3
115900049,15,65,-50
115900051,0,58,-58
115900052,1,222,-221
115900053,16,130,-114
115900054,13,40,-27
115900055,9,125,-116
115900056,24,193,-169
115900057,1,0,1
115900058,43,60,-17
115900060,1,38,-37
115900061,3,0,3
115900062,2,246,-244
115900063,37,2,35
115900064,88,62,26
115900065,13,71,-58
115900066,98,101,-3
115900067,0,669,-669
115900068,3142,20,3122
115900069,43,50,-7
115900070,18,96,-78
115900071,1,505,-504
115900072,56,137,-81
115900073,2,11,-9
115900074,2,326,-324
115900075,13,183,-170
115900076,2,68,-66
115900077,15,290,-275
115900078,9,70,-61
115900079,17,4,13
115900080,111,52,59
115900081,4,74,-70
115900082,14,59,-45
115900084,14,3,11
115900085,22,9,13
115900086,605,126,479
115900088,3,5,-2
115900089,81,632,-551
115900090,22,8,14
115900091,0,5,-5
115900092,6,165,-159
115900093,0,18,-18
115900094,1,396,-395
115900096,1,13,-12
115900097,5,448,-443
115900098,20,278,-258
115900099,3,55,-52
115900100,0,256,-256
115900101,39,292,-253
115900102,0,43,-43
115900103,82,151,-69
115900104,1,53,-52
115900105,22,428,-406
115900106,2,9,-7
115900107,0,109,-109
115900108,2,7,-5
115900109,12,208,-196
115900110,1,5,-4
115900111,1,47,-46
115900112,12,351,-339
115900113,3,6,-3
115900114,4,131,-127
115900115,6,65,-59
115900116,41,678,-637
115900117,7,2,5
115900118,2,383,-381
115900119,7,49,-42
115900120,6,181,-175
115900121,23,113,-90
115900124,18,67,-49
115900125,55,2,53
115900126,42,5,37
115900127,94,13,81
115900128,5,68,-63
115900129,84,3,81
115900130,15,125,-110
115900131,18,0,18
115900132,44,2,42
115900134,12,3,9
115900135,368,269,99
115900137,0,0,0
115900139,30,10,20
115900140,23,6,17
115900141,5,27,-22
115900142,3,4,-1
115900143,5,84,-79
115900144,20,109,-89
115900146,0,78,-78
115900147,43,31,12
115900148,0,1,-1
115900149,2,19,-17
115900150,1,34,-33
115900151,2,17,-15
115900152,6,173,-167
115900153,5,66,-61
115900154,164,88,76
115900155,0,43,-43
115900156,123,230,-107
115900157,7,126,-119
115900158,12,4,8
115900159,9,102,-93
115900160,3,3,0
115900161,3,59,-56
115900163,18,47,-29
115900164,27,51,-24
115900166,64,94,-30
115900168,6,78,-72
115900171,9,122,-113
115900172,6,43,-37
115900173,18,29,-11
115900174,108,69,39
115900175,19,72,-53
115900178,17,575,-558
115900179,25,11,14
115900180,7,168,-161
115900181,17,232,-215
115900182,62,193,-131
115900183,16,8,8
115900184,194,2,192
115900187,3,72,-69
115900189,0,16,-16
115900190,100,140,-40
115900191,24,242,-218
115900192,0,17,-17
115900193,9,3,6
115900194,64,3,61
115900195,87,146,-59
115900198,39,73,-34
115900199,32,110,-78
115900200,56,97,-41
115900201,39,160,-121
115900202,0,3,-3
115900203,0,0,0
115900204,0,0,0
115900205,2,0,2
115900206,14,82,-68
115900207,10,7,3
115900208,4,210,-206
115900209,0,63,-63
115900210,0,79,-79
115900211,2,102,-100
115900212,15,151,-136
115900213,0,2,-2
115900214,35,138,-103
115900215,5,5,0
115900216,3,94,-91
115900217,1,68,-67
115900218,0,36,-36
115900219,4,0,4
115900220,6,1,5
115900221,3,0,3
115900222,2,0,2
115900223,0,5,-5
115900224,424,26,398
115900225,76,5,71
115900226,4,13,-9
115900227,0,7,-7
115900228,0,14,-14
115900229,4,14,-10
115900230,22,26,-4
115900231,12,1,11
115900232,1,0,1
115900233,3,0,3
115900234,7,7,0
115900235,1,5,-4
115900236,0,8,-8
115900237,0,54,-54
115900238,1,26,-25
115900239,0,33,-33
115900240,0,63,-63
115900241,13,30,-17
115900242,74,29,45
115900243,1,2,-1
115900244,0,7,-7
115900245,2,3,-1
115900246,4,1,3
115900247,7,1,6
115900248,2,1,1
115900249,0,1,-1
115900250,2,3,-1
115900251,0,4,-4
115900252,0,1,-1
115900253,0,6,-6
115900254,1,9,-8
115900255,2,18,-16
115900256,16,4,12
115900257,0,6,-6
115900258,0,1,-1
115900259,2,2,0
115900260,2,0,2
115900261,2,0,2
115900262,0,0,0
115900263,0,0,0
115900264,0,7,-7
115900265,0,0,0
115900266,2,0,2
115900267,0,1,-1
115900268,1,3,-2
115900269,31,180,-149
115900270,23,417,-394
115900271,5,1,4
115900272,1,0,1
115900273,2,1,1
115900274,0,10,-10
115900275,0,21,-21
115900276,0,32,-32
115900277,1,105,-104
115900278,2,40,-38
115900279,0,44,-44
115900280,0,67,-67
115900281,267,38,229
115900282,14,12,2
115900283,1,1,0
115900284,6,6,0
116000001,15544,3137,12407
116000002,1906,1171,735
116000003,752,1391,-639
116000004,622,582,40
116000005,971,1699,-728
116000006,606,565,41
116000007,1776,2698,-922
116000008,1193,660,533
116000009,816,1980,-1164
116000010,410,333,77
116000011,301,1056,-755
116000012,299,252,47
116000013,10764,2436,8328
116000014,14460,1653,12807
116000015,275,216,59
116000016,5109,515,4594
116000017,14,271,-257
116000018,357,201,156
116000019,91,120,-29
116000020,131,683,-552
116000021,35,164,-129
116000022,79,236,-157
116000023,199,196,3
116000024,238,894,-656
116000025,134,268,-134
116000026,587,1365,-778
116000027,222,381,-159
116000028,95,151,-56
116000029,491,303,188
116000030,21,24,-3
116000031,91,131,-40
116000032,23,198,-175
116000033,17,231,-214
116000034,53,296,-243
116000035,53,322,-269
116000036,686,152,534
116000037,154,80,74
116000038,110,62,48
116000039,238,142,96
116000040,181,42,139
116000041,77,364,-287
116000042,96,63,33
116000043,15,305,-290
116000044,10,60,-50
116000045,172,154,18
116000046,490,463,27
116000047,900,931,-31
116000048,365,355,10
116000049,182,500,-318
116000050,533,889,-356
116000051,628,416,212
116000052,1381,1610,-229
116000053,223,171,52
116000054,266,1247,-981
116000055,132,799,-667
116000056,41,175,-134
116000057,1330,1215,115
116000058,1224,778,446
116000059,828,1042,-214
116000060,1880,386,1494
116000061,248,348,-100
116000062,263,121,142
116000063,160,374,-214
116000066,5,61,-56
116000067,118,480,-362
116000068,21,33,-12
116000069,125,278,-153
116000078,22,256,-234
116000080,384,579,-195
116000082,9,91,-82
116000083,464,191,273
116000084,923,2228,-1305
116000085,840,354,486
116000086,1214,933,281
116000087,560,397,163
116000088,391,609,-218
116000089,43,80,-37
116000090,20,49,-29
116000091,69,91,-22
116000093,461,216,245
116000094,107,403,-296
116000095,219,247,-28
116000096,133,601,-468
116000097,134,412,-278
116000098,69,1331,-1262
116000099,4550,183,4367
116000100,20,10,10
116000101,165,909,-744
116000102,43,729,-686
116000103,95,103,-8
116000104,15,1017,-1002
116000105,172,151,21
116000106,43,956,-913
116000107,348,313,35
116000108,7,99,-92
116000111,19,9,10
116000113,15,16,-1
116000114,20,79,-59
116000115,36,26,10
116000116,86,422,-336
116000117,367,545,-178
116000118,397,1151,-754
116000119,332,425,-93
116000120,1076,2959,-1883
116000121,245,189,56
116000122,721,2058,-1337
116000123,106,155,-49
116000124,122,870,-748
116000125,276,248,28
116000126,143,1039,-896
116000127,424,1135,-711
116000128,402,284,118
116000129,145,133,12
116000130,65,84,-19
116000133,130,602,-472
116000134,357,1859,-1502
116000135,325,701,-376
116000136,200,1417,-1217
116000137,160,288,-128
116000138,1049,196,853
116000139,597,1291,-694
116000140,58,193,-135
116000141,180,590,-410
116000142,2328,2276,52
116000143,987,758,229
116000144,677,2183,-1506
116000145,523,800,-277
116000146,50,151,-101
116000147,50,19,31
116000148,93,238,-145
116000149,113,253,-140
116000151,246,844,-598
116000153,7,46,-39
116000155,14,48,-34
116000156,424,505,-81
116000157,4,10,-6
116000158,37,263,-226
116000159,4,1,3
116000160,11,111,-100
116000161,6,73,-67
116000162,44,6,38
116000163,14,4,10
116000164,0,10,-10
116000177,5,53,-48
116000194,41,194,-153
116000195,397,379,18
116000196,1,1,0
116000197,4,1,3
116000198,679,379,300
116000200,303,84,219
116000201,262,376,-114
116000202,5,147,-142
116000203,1,67,-66
116000204,4,30,-26
116000205,0,128,-128
116000206,0,101,-101
116000207,2,19,-17
116000233,50,655,-605
116000287,29,423,-394
116000288,30,109,-79
116000292,6,109,-103
116000296,5,104,-99
116000297,14,25,-11
116000304,20,29,-9
116000305,5,36,-31
116000346,8,115,-107
116000352,5,25,-20
116000354,3,9,-6
116000357,1,0,1
116000358,55,4,51
116000361,441,3,438
116000372,6596,899,5697
116000381,26,0,26
116000388,1,33,-32
116000389,159,261,-102
116000445,48,700,-652
116000446,65,458,-393
116000447,5,234,-229
116000448,228,110,118
116000563,123,117,6
116000565,79,294,-215
116000568,27,21,6
116000579,12,114,-102
116000583,4,14,-10
116000584,1,18,-17
116000585,5,5,0
116000586,158,40,118
116000587,1,252,-251
116000589,17,55,-38
116000590,6,11,-5
116000591,37,122,-85
116000592,0,71,-71
116000593,0,15,-15
116000594,83,517,-434
116000595,82,141,-59
116000596,9,2,7
116000597,41,21,20
116000598,6,196,-190
116000605,34,69,-35
116000606,2,39,-37
116000607,0,28,-28
116000609,140,291,-151
116000611,11,471,-460
116000612,205,927,-722
116000613,119,196,-77
116000614,144,610,-466
116000615,0,78,-78
116000616,9,145,-136
116000617,6,81,-75
116000618,0,210,-210
116000619,11,32,-21
116000620,0,0,0
116000621,1,7,-6
116000622,0,0,0
116000624,8,50,-42
116000627,18,104,-86
116000628,17,811,-794
116000629,19,477,-458
116000630,67,15,52
116000631,12,43,-31
116000632,40,111,-71
116000633,15,218,-203
116000634,81,283,-202
116000635,849,423,426
116000636,512,436,76
116000637,78,103,-25
116000638,9,289,-280
116000639,0,0,0
116000640,3,2,1
116000641,36,109,-73
116000643,2,108,-106
116000644,16,1152,-1136
116000645,24,11,13
116900001,35,46,-11
116900002,153,2,151
116900003,3,37,-34
116900004,3,1,2
116900005,15,32,-17
116900006,42,47,-5
116900007,50,100,-50
116900008,42,325,-283
116900009,4,0,4
116900010,0,1318,-1318
116900011,1,14,-13
116900012,33,95,-62
116900013,1,90,-89
116900014,4,352,-348
116900016,7,1,6
116900017,1,487,-486
116900018,7,15,-8
116900019,2,255,-253
116900020,907,70,837
116900023,14,9,5
116900025,42,696,-654
116900026,23,386,-363
116900027,0,20,-20
116900028,3,47,-44
116900029,0,7,-7
116900031,0,4,-4
116900032,0,178,-178
116900033,0,4,-4
116900034,2,50,-48
116900035,25,110,-85
116900036,0,54,-54
116900038,2,2,0
116900041,7,4,3
116900042,682,103,579
116900043,6,29,-23
116900047,35,11,24
116900049,20,174,-154
116900050,9,158,-149
116900051,3,158,-155
116900052,34,27,7
116900055,0,2,-2
116900057,3,202,-199
116900058,8,197,-189
116900059,2,77,-75
116900060,39,214,-175
116900062,0,3,-3
116900064,19,625,-606
116900065,3,62,-59
116900067,23,56,-33
116900068,51,286,-235
116900070,0,3,-3
116900072,10,296,-286
116900073,6,85,-79
116900074,1,15,-14
116900076,1,17,-16
116900077,6,101,-95
116900078,150,69,81
116900079,5,227,-222
116900080,0,7,-7
116900081,65,721,-656
116900082,81,526,-445
116900083,6,43,-37
116900084,72,23,49
116900085,5,92,-87
116900086,7,166,-159
116900088,124,16,108
116900090,121,24,97
116900091,26,75,-49
116900092,20,498,-478
116900093,1209,624,585
116900094,3808,677,3131
116900095,18,132,-114
116900096,36,39,-3
116900097,1445,318,1127
116900098,664,59,605
116900099,324,152,172
116900100,91,4,87
116900101,143,424,-281
116900103,0,1,-1
116900104,20,43,-23
116900105,55,16,39
116900106,164,239,-75
116900107,2194,323,1871
116900110,2,0,2
116900111,42,814,-772
116900112,33,386,-353
116900113,1375,332,1043
116900116,33,73,-40
116900117,8,55,-47
116900118,730,239,491
116900120,43,49,-6
116900121,10,19,-9
116900122,119,738,-619
116900123,35,647,-612
116900124,37,497,-460
116900125,72,90,-18
116900126,99,226,-127
116900128,0,22,-22
116900129,0,207,-207
116900130,754,876,-122
116900131,8,74,-66
116900132,4,30,-26
116900133,20,56,-36
116900134,37,101,-64
116900136,20,72,-52
116900137,76,121,-45
116900138,33,116,-83
116900139,30,212,-182
116900140,26,140,-114
116900141,171,167,4
116900142,0,7,-7
116900143,62,345,-283
116900144,2,10,-8
116900145,15,260,-245
116900147,257,164,93
116900148,0,5,-5
116900149,3,34,-31
116900150,5,0,5
116900151,13,3,10
116900153,10,26,-16
116900154,50,73,-23
116900155,10,20,-10
116900157,32,179,-147
116900158,3,24,-21
116900159,26,92,-66
116900160,208,93,115
116900161,5130,989,4141
116900162,1,53,-52
116900163,11,77,-66
116900164,7,15,-8
116900165,41,38,3
116900166,4,40,-36
116900167,33,28,5
116900168,38,55,-17
116900169,141,61,80
116900170,36,84,-48
116900171,5,140,-135
116900172,56,20,36
116900173,13,31,-18
116900174,6,27,-21
116900175,27,43,-16
116900178,4,117,-113
116900179,30,22,8
116900180,16,11,5
116900182,111,101,10
116900183,19,45,-26
116900185,1,10,-9
116900186,28,206,-178
116900187,1,1,0
116900188,22,11,11
116900189,3,1,2
116900191,86,174,-88
116900192,23,79,-56
116900194,22,136,-114
116900195,8,15,-7
116900196,1,73,-72
116900197,5,0,5
116900198,165,59,106
116900200,1,60,-59
116900201,7,1,6
116900202,35,39,-4
116900203,16,1,15
116900204,11,29,-18
116900206,0,32,-32
116900207,1,14,-13
116900208,0,44,-44
116900209,6,75,-69
116900210,82,93,-11
116900211,75,5,70
116900212,6,90,-84
116900213,31,44,-13
116900214,28,96,-68
116900215,4,16,-12
116900216,82,287,-205
116900218,4,274,-270
116900219,531,223,308
116900220,30,128,-98
116900221,18,133,-115
116900222,96,113,-17
116900223,28,84,-56
116900226,5,49,-44
116900227,17,35,-18
116900228,48,197,-149
116900230,10,579,-569
116900233,36,57,-21
116900234,0,0,0
116900235,45,178,-133
116900238,654,122,532
116900239,0,185,-185
116900240,3129,548,2581
116900241,13,89,-76
116900242,1102,110,992
116900243,1,23,-22
116900245,26,0,26
116900246,8,12,-4
116900247,50,5,45
116900248,13,12,1
116900249,29,23,6
116900250,27,28,-1
116900251,135,18,117
116900252,7,539,-532
116900254,0,50,-50
116900255,48,15,33
116900256,54,26,28
116900257,4,477,-473
116900258,2,297,-295
116900259,10,0,10
116900260,0,78,-78
116900261,2,2,0
116900262,22,130,-108
116900263,0,5,-5
116900264,0,1,-1
116900265,5,0,5
116900266,1,28,-27
116900267,0,0,0
116900268,9,4,5
116900269,85,230,-145
116900271,1754,41,1713
116900272,269,335,-66
116900273,98,15,83
116900274,3,17,-14
116900275,7,65,-58
116900276,181,18,163
116900277,164,7,157
116900278,0,2,-2
116900279,0,6,-6
116900280,4,21,-17
116900281,4082,485,3597
116900282,1,104,-103
116900283,0,80,-80
116900284,5,109,-104
116900285,103,20,83
116900286,95,1,94
116900287,2,70,-68
116900288,7,55,-48
116900289,0,39,-39
116900290,0,13,-13
116900291,1,7,-6
116900292,0,0,0
116900293,4,90,-86
116900294,11,92,-81
116900295,14,7,7
116900296,5,9,-4
116900297,4,7,-3
116900298,19,12,7
116900299,3,5,-2
116900300,1,24,-23
116900301,10,26,-16
116900302,14,21,-7
116900303,288,12,276
116900304,0,54,-54
116900305,3,2,1
116900306,20,60,-40
116900307,1,1,0
116900308,1,116,-115
116900309,23,101,-78
116900310,0,33,-33
117000001,382,473,-91
117000002,636,2431,-1795
117000003,1426,863,563
117000004,1830,2633,-803
117000005,400,527,-127
117000006,343,2805,-2462
117000007,737,403,334
117000008,635,2520,-1885
117000009,1212,474,738
117000010,1215,2058,-843
117000011,281,603,-322
117000012,434,1293,-859
117000013,247,500,-253
117000014,261,1293,-1032
117000015,1055,438,617
117000016,70,34,36
117000017,93,74,19
117000018,26,164,-138
117000019,8,9,-1
117000020,362,474,-112
117000021,1877,211,1666
117000022,177,33,144
117000023,171,71,100
117000024,159,41,118
117000025,374,390,-16
117000026,418,130,288
117000027,844,676,168
117000028,75,102,-27
117000030,220,292,-72
117000031,67,24,43
117000032,816,659,157
117000033,435,347,88
117000034,68,129,-61
117000035,35,18,17
117000036,69,172,-103
117000037,10,24,-14
117000038,16,220,-204
117000039,24,111,-87
117000040,61,1227,-1166
117000041,106,42,64
117000044,12,887,-875
117000045,72,12,60
117000046,161,610,-449
117000047,61,132,-71
117000048,1133,853,280
117000049,48,186,-138
117000050,22,2166,-2144
117000051,602,90,512
117000052,9,487,-478
117000053,54,72,-18
117000054,313,0,313
117000055,126,2554,-2428
117000056,121,4,117
117000057,447,1211,-764
117000060,144,1370,-1226
117000061,178,213,-35
117000062,64,293,-229
117000063,198,164,34
117000064,439,517,-78
117000066,514,321,193
117000067,20,147,-127
117000074,62,34,28
117000076,39,21,18
117000077,41,26,15
117000078,19,321,-302
117000079,23,70,-47
117000080,0,263,-263
117000081,131,44,87
117000082,18,31,-13
117000083,4,1,3
117000084,2,0,2
117000085,32,240,-208
117000086,308,407,-99
117000087,64,298,-234
117000088,109,27,82
117000089,352,116,236
117000090,97,1217,-1120
117000091,136,64,72
117000092,140,1453,-1313
117000093,157,161,-4
117000094,267,1791,-1524
117000095,355,265,90
117000096,259,1872,-1613
117000097,224,456,-232
117000098,1569,3882,-2313
117000099,460,310,150
117000100,29,91,-62
117000101,165,797,-632
117000102,167,175,-8
117000103,497,1355,-858
117000104,192,182,10
117000105,281,1484,-1203
117000106,170,135,35
117000107,207,1947,-1740
117000108,174,232,-58
117000109,864,2279,-1415
117000110,251,180,71
117000111,889,1689,-800
117000112,541,653,-112
117000113,37,209,-172
117000114,15,17,-2
117000115,28,103,-75
117000116,6,102,-96
117000117,361,104,257
117000118,33,118,-85
117000119,19,7,12
117000120,15,25,-10
117000121,10,83,-73
117000122,255,110,145
117000123,503,3,500
117000124,71,4,67
117000125,80,17,63
117000126,20,27,-7
117000127,70,181,-111
117000128,149,279,-130
117000129,172,137,35
117000130,1,3,-2
117000131,1,207,-206
117000132,204,124,80
117000133,169,107,62
117000134,1,47,-46
117000135,1,33,-32
117000136,0,35,-35
117000137,9,7,2
117000138,2,165,-163
117000140,137,1199,-1062
117000141,236,157,79
117000181,499,125,374
117000182,50,29,21
117000195,92,1012,-920
117000196,10,23,-13
117000225,60,2,58
117000226,0,24,-24
117000276,35,2,33
117000277,0,364,-364
117000310,1288,1132,156
117000315,22,91,-69
117000320,0,0,0
117000906,23,2,21
117000907,7,443,-436
117000909,22,15,7
117000910,115,78,37
117000911,81,153,-72
117000915,3,404,-401
117000916,1,0,1
117000917,101,3,98
117000918,6,11,-5
117000919,5,54,-49
117000920,1,1336,-1335
117000921,10,1899,-1889
117000922,0,0,0
117000924,139,201,-62
117000926,725,45,680
117000927,62,108,-46
117000928,0,228,-228
117000929,65,423,-358
117000930,65,9,56
117000931,118,26,92
117900002,76,189,-113
117900003,483,94,389
117900005,0,10,-10
117900006,0,24,-24
117900007,17,135,-118
117900008,0,20,-20
117900010,35,118,-83
117900011,8,17,-9
117900012,6,129,-123
117900013,0,220,-220
117900014,92,247,-155
117900015,4,177,-173
117900016,613,85,528
117900017,71,441,-370
117900018,93,11,82
117900019,34,471,-437
117900020,14,66,-52
117900021,11,127,-116
117900023,385,16,369
117900024,37,173,-136
117900025,9,8,1
117900026,65,357,-292
117900028,7,0,7
117900029,36,792,-756
117900030,68,98,-30
117900031,14,21,-7
117900032,81,72,9
117900033,42,734,-692
117900034,23,23,0
117900035,35,10,25
117900036,37,539,-502
117900037,8,51,-43
117900038,14,360,-346
117900039,2,57,-55
117900040,58,418,-360
117900041,2,38,-36
117900042,3097,178,2919
117900043,19,37,-18
117900044,3,419,-416
117900045,16,32,-16
117900048,58,288,-230
117900049,25,504,-479
117900050,1,21,-20
117900051,5,1,4
117900052,20,76,-56
117900053,349,510,-161
117900054,0,27,-27
117900055,46,23,23
117900056,89,5,84
117900057,340,816,-476
117900058,9,3,6
117900059,29,15,14
117900060,194,3998,-3804
117900061,2,28,-26
117900063,27,158,-131
117900065,660,644,16
117900066,0,6,-6
117900067,51,191,-140
117900069,84,313,-229
117900070,24,1,23
117900071,23,91,-68
117900073,78,313,-235
117900074,6,4,2
117900075,4,31,-27
117900076,5,28,-23
117900077,24,36,-12
117900078,71,157,-86
117900080,20,22,-2
117900081,355,307,48
117900082,105,106,-1
117900083,24,586,-562
117900086,9,22,-13
117900087,1,25,-24
117900088,1471,837,634
117900089,381,98,283
117900090,34,571,-537
117900091,44,59,-15
117900092,2,22,-20
117900093,4,40,-36
117900094,10,6,4
117900095,58,526,-468
117900096,12,126,-114
117900097,12,18,-6
117900098,2,0,2
117900099,6,310,-304
117900100,5,0,5
117900101,172,339,-167
117900102,4,5,-1
117900103,4,0,4
117900104,2,47,-45
117900105,22,81,-59
117900106,4,13,-9
117900107,8,0,8
117900109,65,127,-62
117900110,5,0,5
117900111,57,1,56
117900112,7,3,4
117900113,1589,347,1242
117900114,0,0,0
117900115,78,4,74
117900116,593,319,274
117900117,166,125,41
117900118,3,0,3
117900119,26,285,-259
117900120,9,50,-41
117900121,5,14,-9
117900122,520,304,216
117900123,107,654,-547
117900124,229,282,-53
117900125,353,420,-67
117900126,245,357,-112
117900127,129,388,-259
117900128,51,574,-523
117900129,4,0,4
117900130,205,160,45
117900131,0,47,-47
117900132,2,63,-61
117900133,2,136,-134
117900134,14,166,-152
117900135,4,207,-203
117900136,1,35,-34
117900137,5,260,-255
117900138,0,26,-26
117900139,6,71,-65
117900140,3573,53,3520
117900141,65,163,-98
117900142,6,2,4
117900144,11,30,-19
117900145,9,5,4
117900146,63,45,18
117900147,8,28,-20
117900148,1305,493,812
117900149,4,106,-102
117900150,0,66,-66
117900151,12,145,-133
117900152,29,58,-29
117900153,1,74,-73
117900154,130,510,-380
117900156,270,223,47
117900157,8,158,-150
117900158,18,25,-7
117900160,163,156,7
117900161,1426,1327,99
117900162,19,117,-98
117900163,49,6,43
117900165,0,7,-7
117900166,11,53,-42
117900168,31,124,-93
117900169,1,86,-85
117900170,1,21,-20
117900171,1,6,-5
117900172,4,8,-4
117900173,62,32,30
117900174,19,9,10
117900175,4,8,-4
117900176,1,26,-25
117900177,4,17,-13
117900178,38,15,23
117900180,100,9,91
117900181,26,30,-4
117900182,0,2,-2
117900183,1,13,-12
117900184,1,2,-1
117900185,1,1,0
117900186,6,3,3
117900187,1,4,-3
117900188,17,8,9
117900189,8,2,6
117900190,0,0,0
117900191,7,0,7
117900192,16,5,11
117900193,2,32,-30
117900194,2,2,0
117900195,1,0,1
117900196,0,2,-2
117900207,5,18,-13
117900208,3,5,-2
117900209,46,40,6
117900210,85,45,40
117900211,5,91,-86
117900212,43,86,-43
117900213,0,2,-2
117900214,0,32,-32
117900215,2,17,-15
117900216,7,6,1
117900217,19,24,-5
117900218,92,20,72
117900219,0,48,-48
117900220,1,22,-21
117900222,103,148,-45
117900223,63,84,-21
118000001,278,191,87
118000002,861,965,-104
118000003,496,540,-44
118000004,1497,1163,334
118000005,1744,746,998
118000006,4814,2572,2242
118000007,2298,1090,1208
118000008,2197,1589,608
118000009,942,1201,-259
118000010,795,2079,-1284
118000011,281,1771,-1490
118000012,365,1800,-1435
118000013,1856,1628,228
118000014,773,2657,-1884
118000016,100,363,-263
118000017,49,105,-56
118000018,105,343,-238
118000019,818,578,240
118000020,669,583,86
118000021,496,865,-369
118000022,1219,245,974
118000023,608,237,371
118000024,682,294,388
118000027,10129,1956,8173
118000029,744,233,511
118000032,400,568,-168
118000033,927,805,122
118000034,2322,1012,1310
118000035,456,656,-200
118000036,333,579,-246
118000037,280,524,-244
118000038,86,142,-56
118000039,40,197,-157
118000040,412,1507,-1095
118000041,526,773,-247
118000045,224,54,170
118000046,792,353,439
118000047,789,202,587
118000048,1571,644,927
118000051,614,249,365
118000052,472,196,276
118000053,279,121,158
118000054,2620,517,2103
118000055,2327,329,1998
118000056,148,87,61
118000057,198,97,101
118000058,782,308,474
118000059,389,333,56
118000060,200,439,-239
118000061,188,654,-466
118000062,151,87,64
118000063,160,269,-109
118000064,383,473,-90
118000065,2351,620,1731
118000066,294,399,-105
118000067,747,500,247
118000068,972,1342,-370
118000069,1608,513,1095
118000070,4679,504,4175
118000071,2119,1421,698
118000072,925,782,143
118000073,1007,164,843
118000074,116,206,-90
118000075,521,245,276
118000076,446,591,-145
118000077,817,684,133
118000078,699,871,-172
118000079,127,163,-36
118000080,660,471,189
118000081,578,592,-14
118000082,178,350,-172
118000083,1511,441,1070
118000084,1457,719,738
118000086,121,305,-184
118000087,4636,1286,3350
118000088,1033,915,118
118000089,2441,1308,1133
118000090,1703,770,933
118000091,1075,765,310
118000092,1064,225,839
118000093,69,293,-224
118000096,201,284,-83
118000097,177,262,-85
118000098,126,114,12
118000099,102,620,-518
118000101,217,231,-14
118000102,71,852,-781
118000107,1934,176,1758
118000108,41,97,-56
118000110,1,11,-10
118000111,4,582,-578
118000112,0,0,0
118000113,7,769,-762
118000114,0,0,0
118000115,8,0,8
118000116,4,0,4
118000117,428,487,-59
118000118,276,259,17
118000119,223,536,-313
118000120,773,947,-174
118000121,7,275,-268
118000122,285,37,248
118000123,7,220,-213
118000125,908,719,189
118000126,280,871,-591
118000127,459,227,232
118000128,380,679,-299
118000129,273,116,157
118000130,1918,2819,-901
118000131,461,862,-401
118000132,569,445,124
118000133,132,251,-119
118000135,37,47,-10
118000136,76,393,-317
118000137,290,45,245
118000138,45,380,-335
118000139,64,86,-22
118000140,1411,1095,316
118000141,466,826,-360
118000142,517,1307,-790
118000143,323,345,-22
118000144,572,442,130
118000145,711,1476,-765
118000146,390,882,-492
118000147,348,1246,-898
118000148,159,877,-718
118000149,175,690,-515
118000150,71,102,-31
118000151,40,159,-119
118000153,272,507,-235
118000154,213,703,-490
118000155,213,445,-232
118000156,1100,1003,97
118000157,158,183,-25
118000158,51,306,-255
118000159,0,1,-1
118000160,45,87,-42
118000161,112,548,-436
118000162,134,350,-216
118000163,168,203,-35
118000164,706,451,255
118000168,950,82,868
118000169,416,1127,-711
118000170,1944,4611,-2667
118000171,32,149,-117
118000172,2,79,-77
118000173,288,627,-339
118000175,25,81,-56
118000176,51,114,-63
118000177,46,172,-126
118000178,15,32,-17
118000179,428,145,283
118000180,191,214,-23
118000181,297,158,139
118000182,174,123,51
118000183,64,116,-52
118000184,38,350,-312
118000185,555,291,264
118000186,349,356,-7
118000187,291,694,-403
118000188,92,163,-71
118000189,50,517,-467
118000190,0,2,-2
118000191,7,14,-7
118000192,108,66,42
118000193,51,105,-54
118000194,889,312,577
118000195,362,258,104
118000196,46,25,21
118000197,157,83,74
118000198,144,98,46
118000199,273,143,130
118000200,6,14,-8
118000201,162,146,16
118000202,0,3,-3
118000203,651,122,529
118000204,175,65,110
118000205,241,97,144
118000206,55,56,-1
118000207,0,74,-74
118000208,285,571,-286
118000209,527,1223,-696
118000210,1,7,-6
118000211,1,9,-8
118000213,142,250,-108
118000214,342,116,226
118000215,123,128,-5
118000216,5,417,-412
118000217,8,72,-64
118000218,19,64,-45
118000219,153,188,-35
118000220,0,5,-5
118000221,20,114,-94
118000222,115,17,98
118000223,4,4,0
118000224,115,68,47
118000225,34,654,-620
118000226,35,15,20
118000227,448,96,352
118000228,117,95,22
118000229,13,5,8
118000230,35,149,-114
118000231,8,150,-142
118000232,183,578,-395
118000233,201,292,-91
118000234,68,146,-78
118000236,98,345,-247
118000237,14,415,-401
118000238,40,226,-186
118000239,95,130,-35
118000240,267,26,241
118000241,14,139,-125
118000242,55,557,-502
118000243,24,117,-93
118000244,5,96,-91
118000246,0,2,-2
118000255,13,151,-138
118000256,24,110,-86
118000259,1,29,-28
118000260,4,57,-53
118000261,2,42,-40
118000263,23,143,-120
118000266,89,273,-184
118000267,0,78,-78
118000268,4,3,1
118000270,7,14,-7
118000271,37,219,-182
118000272,33,7,26
118000273,22,104,-82
118000274,55,238,-183
118000276,60,153,-93
118000295,4,34,-30
118000298,56,306,-250
118000299,50,157,-107
118000301,0,44,-44
118000302,27,55,-28
118000311,26,117,-91
118000312,22,235,-213
118000313,4,87,-83
118000314,13,48,-35
118000315,2,27,-25
118000316,100,318,-218
118000325,4,48,-44
118000326,0,24,-24
118000331,7,86,-79
118000332,3,17,-14
118000333,10,47,-37
118000335,0,0,0
118000336,2,253,-251
118000407,10,31,-21
118000457,0,20,-20
118000465,1648,1004,644
118000480,3,109,-106
118000489,26,32,-6
118000490,82,344,-262
118000492,61,120,-59
118000510,46,19,27
118000514,40,213,-173
118000515,63,69,-6
118000517,318,105,213
118000524,449,76,373
118000525,317,444,-127
118000530,1,46,-45
118000531,59,99,-40
118000532,66,187,-121
118000533,145,98,47
118000534,94,267,-173
118000535,40,70,-30
118000536,111,81,30
118000537,3,20,-17
118000538,16,55,-39
118000539,21,45,-24
118000540,49,145,-96
118000541,37,80,-43
118000542,9,42,-33
118000543,17,44,-27
118000546,15,20,-5
118000553,0,5,-5
118000557,0,0,0
118000560,1784,204,1580
118000562,0,163,-163
118000563,784,490,294
118000576,69,169,-100
118000577,138,97,41
118000578,115,84,31
118000579,420,428,-8
118000583,0,0,0
118000595,63,33,30
118000596,0,43,-43
118000597,56,102,-46
118000598,0,0,0
118000599,6,21,-15
118000600,0,1,-1
118000601,0,0,0
118000602,0,1,-1
118000603,0,51,-51
118000605,16,548,-532
118000606,4,24,-20
118900001,423,150,273
118900002,439,131,308
118900003,6,5,1
118900004,0,22,-22
118900005,8,0,8
118900006,2,0,2
118900007,0,2,-2
118900008,512,14,498
118900009,1,0,1
118900010,0,0,0
118900011,27,8,19
118900012,75,81,-6
118900013,87,2,85
118900015,7,12,-5
118900016,0,13,-13
118900017,7,6,1
118900018,229,2,227
118900019,25,6,19
118900020,16,16,0
118900021,22,150,-128
118900022,45,67,-22
118900023,26,30,-4
118900024,2,44,-42
118900025,0,0,0
118900026,10,44,-34
118900027,106,48,58
118900028,16,72,-56
118900029,11,117,-106
118900030,0,7,-7
118900031,34,115,-81
118900032,17,38,-21
118900033,90,242,-152
118900034,3,0,3
118900035,15,224,-209
118900036,185,295,-110
118900037,28,77,-49
118900038,73,265,-192
118900039,35,95,-60
118900040,60,66,-6
118900041,20,69,-49
118900042,21,40,-19
118900045,24,60,-36
118900046,554,57,497
118900047,403,106,297
118900048,16,67,-51
118900049,9,5,4
118900050,2,178,-176
118900051,4,22,-18
118900052,18,76,-58
118900053,3,6,-3
118900054,10,54,-44
118900055,5,77,-72
118900056,2,28,-26
118900057,33,136,-103
118900058,63,171,-108
118900059,5,9,-4
118900060,7,46,-39
118900062,19,94,-75
118900064,176,87,89
118900065,6,37,-31
118900066,16,27,-11
118900067,5657,931,4726
118900068,0,32,-32
118900069,43,148,-105
118900071,1,26,-25
118900072,79,136,-57
118900073,25,72,-47
118900074,45,31,14
118900075,3,30,-27
118900076,37,28,9
118900077,21,54,-33
118900078,3,3,0
118900079,22,42,-20
118900080,0,19,-19
118900081,11,5,6
118900082,94,40,54
118900083,1,16,-15
118900084,0,3,-3
118900085,167,397,-230
118900086,1,13,-12
118900087,23,73,-50
118900088,0,15,-15
118900089,9,3,6
118900090,81,195,-114
118900091,56,26,30
118900092,6,75,-69
118900093,20,4,16
118900096,17,44,-27
118900097,71,473,-402
118900099,15,157,-142
118900100,25,56,-31
118900101,7,242,-235
118900102,3,42,-39
118900103,11,34,-23
118900104,3,6,-3
118900105,74,84,-10
118900107,67,73,-6
118900108,9,70,-61
118900110,183,67,116
118900111,41,237,-196
118900112,2,37,-35
118900113,14,278,-264
118900114,4,25,-21
118900115,34,139,-105
118900116,21,107,-86
118900117,13,117,-104
118900118,48,354,-306
118900119,11,175,-164
118900120,47,177,-130
118900121,0,109,-109
118900122,4,117,-113
118900123,47,142,-95
118900124,15,59,-44
118900126,3,103,-100
118900129,20,62,-42
118900130,8,12,-4
118900131,18,242,-224
118900132,36,62,-26
118900133,1,13,-12
118900135,33,83,-50
118900136,39,476,-437
118900137,0,5,-5
118900139,26,231,-205
118900140,106,644,-538
118900141,5,111,-106
118900144,64,647,-583
118900145,5,73,-68
118900146,58,434,-376
118900147,12,37,-25
118900148,1,23,-22
118900150,10,92,-82
118900152,60,444,-384
118900157,37,39,-2
118900158,4,39,-35
118900159,0,98,-98
118900161,5,0,5
118900163,53,20,33
118900164,8,47,-39
118900165,10,198,-188
118900166,8,6,2
118900167,7,83,-76
118900168,0,21,-21
118900169,33,316,-283
118900170,11,52,-41
118900171,2,25,-23
118900174,23,43,-20
118900175,35,219,-184
118900176,13,92,-79
118900177,1,18,-17
118900178,3,82,-79
118900179,2,12,-10
118900181,56,51,5
118900182,16,36,-20
118900183,2,37,-35
118900184,37,10,27
118900185,14,62,-48
118900186,34,79,-45
118900187,65,110,-45
118900188,30,99,-69
118900189,1,76,-75
118900190,0,232,-232
118900191,34,10,24
118900192,22,3,19
118900193,12,1,11
118900195,28,376,-348
118900196,19,107,-88
118900197,7,11,-4
118900198,0,26,-26
118900199,4,63,-59
118900200,2,5,-3
118900201,2,5,-3
118900202,6,33,-27
118900203,3,26,-23
118900204,2,19,-17
118900205,1,10,-9
118900206,0,40,-40
119000001,349,356,-7
119000002,711,1087,-376
119000003,369,1163,-794
119000004,399,688,-289
119000005,597,782,-185
119000006,650,944,-294
119000007,950,1303,-353
119000008,700,1527,-827
119000009,1667,1187,480
119000010,5461,2716,2745
119000011,4137,832,3305
119000012,3730,1556,2174
119000013,1411,665,746
119000014,1173,2047,-874
119000019,63,131,-68
119000020,344,902,-558
119000021,1131,1118,13
119000022,1440,376,1064
119000023,25,65,-40
119000024,1304,1814,-510
119000025,8760,650,8110
119000026,217,118,99
119000027,368,132,236
119000028,1118,699,419
119000029,78,125,-47
119000030,372,835,-463
119000031,436,604,-168
119000032,1780,1251,529
119000033,1009,818,191
119000034,425,891,-466
119000035,12,258,-246
119000036,277,772,-495
119000037,290,1673,-1383
119000038,38,801,-763
119000039,115,233,-118
119000040,628,228,400
119000041,788,530,258
119000048,3287,2919,368
119000049,593,2828,-2235
119000050,597,1282,-685
119000051,807,643,164
119000052,897,1627,-730
119000053,845,766,79
119000054,1017,2131,-1114
119000055,690,2097,-1407
119000056,494,1175,-681
119000057,489,1618,-1129
119000058,663,1357,-694
119000059,272,730,-458
119000060,344,532,-188
119000061,222,447,-225
119000062,483,844,-361
119000063,120,114,6
119000064,775,1024,-249
119000065,871,2308,-1437
119000066,507,394,113
119000067,920,1905,-985
119000068,443,706,-263
119000069,495,1772,-1277
119000070,600,826,-226
119000071,266,578,-312
119000072,3721,2291,1430
119000073,2137,2663,-526
119000074,280,2749,-2469
119000075,293,1937,-1644
119000076,234,493,-259
119000077,204,254,-50
119000078,75,283,-208
119000079,46,341,-295
119000080,126,178,-52
119000081,21,236,-215
119000082,95,197,-102
119000083,94,183,-89
119000084,82,323,-241
119000085,190,125,65
119000086,108,272,-164
119000087,772,422,350
119000088,190,222,-32
119000089,36,59,-23
119000090,47,40,7
119000091,197,177,20
119000092,302,76,226
119000093,2438,2466,-28
119000094,961,2496,-1535
119000095,405,2023,-1618
119000097,2056,799,1257
119000098,294,771,-477
119000099,826,911,-85
119000100,891,1039,-148
119000101,1285,1789,-504
119000102,283,261,22
119000103,467,321,146
119000104,1896,1073,823
119000105,187,351,-164
119000106,96,1734,-1638
119000107,141,214,-73
119000108,80,1231,-1151
119000109,22,279,-257
119000110,159,382,-223
119000111,6,335,-329
119000112,137,131,6
119000113,1338,185,1153
119000114,282,134,148
119000115,119,28,91
119000116,35,41,-6
119000117,26,106,-80
119000118,3,0,3
119000123,924,228,696
119000124,70,117,-47
119000125,438,604,-166
119000126,145,680,-535
119000127,103,767,-664
119000128,54,5,49
119000131,180,889,-709
119000132,8,4,4
119000133,0,2,-2
119000134,504,149,355
119000135,12,175,-163
119000136,28,336,-308
119000137,20,398,-378
119000138,66,485,-419
119000139,37,261,-224
119000140,25,144,-119
119000284,1186,1656,-470
119000285,2013,1660,353
119000286,3883,2573,1310
119000287,637,1383,-746
119000288,649,1114,-465
119000289,902,2288,-1386
119000290,100,397,-297
119000291,12,220,-208
119000293,44,142,-98
119000294,15,11,4
119000295,1444,359,1085
119000296,58,110,-52
119000297,0,0,0
119000299,0,0,0
119000302,4554,928,3626
119000303,0,0,0
119000304,0,0,0
119000310,0,1,-1
119000314,1168,1671,-503
119000315,3,671,-668
119000316,14,123,-109
119000317,19,495,-476
119900001,35,224,-189
119900002,16,88,-72
119900003,16,872,-856
119900004,186,105,81
119900005,14,71,-57
119900006,41,145,-104
119900007,72,6,66
119900008,2,7,-5
119900009,117,355,-238
119900010,318,699,-381
119900011,1,18,-17
119900012,0,8,-8
119900013,728,384,344
119900014,236,101,135
119900015,11,7,4
119900016,5,48,-43
119900017,0,14,-14
119900018,417,43,374
119900019,1,3,-2
119900020,6,80,-74
119900021,10,13,-3
119900022,25,68,-43
119900023,334,98,236
119900025,14,15,-1
119900026,391,27,364
119900027,0,5,-5
119900028,43,4,39
119900029,0,4,-4
119900030,76,174,-98
119900031,3,59,-56
119900033,1294,48,1246
119900034,28,141,-113
119900037,13,10,3
119900038,7,29,-22
119900039,12,0,12
119900040,15,1,14
119900041,2,55,-53
119900042,5,57,-52
119900043,4,109,-105
119900044,44,85,-41
119900046,5,76,-71
119900047,36,5,31
119900048,38,69,-31
119900049,12,3,9
119900050,18,8,10
119900051,67,2,65
119900052,10,52,-42
119900053,81,126,-45
119900054,11,0,11
119900055,135,102,33
119900057,34,75,-41
119900058,30,0,30
119900059,51,53,-2
119900060,19,0,19
119900061,25,5,20
119900062,2,26,-24
119900063,5,14,-9
119900065,42,0,42
119900067,25,45,-20
119900068,58,0,58
119900069,7,2,5
119900070,70,4,66
119900071,52,1,51
119900073,836,240,596
119900074,3,6,-3
119900075,4068,1069,2999
119900076,23,349,-326
119900077,70,1190,-1120
119900078,47,569,-522
119900079,145,172,-27
119900080,39,163,-124
119900081,40,176,-136
119900082,128,197,-69
119900083,0,7,-7
119900084,62,26,36
119900085,64,23,41
119900086,29,738,-709
119900087,44,48,-4
119900088,15,48,-33
119900089,2,448,-446
119900090,111,35,76
119900091,8,912,-904
119900092,6,282,-276
119900093,208,27,181
119900094,26,212,-186
119900095,82,26,56
119900096,8,107,-99
119900097,145,85,60
119900098,2,7,-5
119900099,5,279,-274
119900100,1918,570,1348
119900101,101,431,-330
119900102,4,287,-283
119900103,10,421,-411
119900104,17,153,-136
119900105,150,1069,-919
119900106,0,162,-162
119900107,142,2199,-2057
119900108,1030,489,541
119900109,5,114,-109
119900110,102,545,-443
119900111,16,280,-264
119900112,1800,240,1560
119900113,44,522,-478
119900114,50,1343,-1293
119900115,12,1046,-1034
119900116,13,125,-112
119900117,59,959,-900
119900118,5,973,-968
119900119,20,203,-183
119900120,363,584,-221
119900121,49,1291,-1242
119900122,89,278,-189
119900123,35,153,-118
119900124,31,831,-800
119900125,14,312,-298
119900126,4898,113,4785
119900127,1691,438,1253
119900128,48,587,-539
119900129,20,602,-582
119900130,29,155,-126
119900131,5,313,-308
119900132,1,243,-242
119900133,1,7,-6
119900134,1701,152,1549
119900135,0,288,-288
119900136,94,431,-337
119900138,207,449,-242
119900139,2,39,-37
119900140,0,116,-116
119900141,34,125,-91
119900142,0,8,-8
119900143,2,224,-222
119900144,1737,109,1628
119900145,31,178,-147
119900146,53,33,20
119900147,2,42,-40
119900148,36,22,14
119900149,890,614,276
119900150,48,96,-48
119900151,505,312,193
119900152,23,262,-239
119900153,7,19,-12
119900154,7,805,-798
119900155,1,15,-14
119900156,1,3,-2
119900157,13,219,-206
119900158,9,37,-28
119900159,2,1279,-1277
119900160,1,206,-205
119900161,119,159,-40
119900162,222,194,28
119900163,60,49,11
119900164,0,1,-1
119900165,22,212,-190
119900166,23,14,9
119900167,31,92,-61
119900168,155,159,-4
119900169,56,71,-15
119900170,59,55,4
119900171,173,406,-233
119900172,30,1,29
119900173,4,458,-454
119900174,4,221,-217
119900175,94,308,-214
119900177,20,168,-148
119900178,9,146,-137
119900179,9,124,-115
119900180,233,241,-8
119900181,38,9,29
119900182,8,330,-322
119900183,69,861,-792
119900184,1788,233,1555
119900185,6,28,-22
119900186,6,50,-44
119900187,3,473,-470
119900188,18,177,-159
119900189,95,44,51
119900190,23,61,-38
119900191,69,50,19
119900192,2,148,-146
119900193,51,72,-21
119900194,4,8,-4
119900195,11,131,-120
119900196,1337,272,1065
119900197,14,44,-30
119900198,12,354,-342
119900199,95,3,92
119900200,54,195,-141
119900201,243,93,150
119900202,71,5,66
119900203,15,72,-57
119900204,27,139,-112
119900205,44,307,-263
119900206,5,80,-75
119900208,23,38,-15
119900209,69,144,-75
119900210,6,21,-15
119900211,23,6,17
119900212,24,204,-180
119900213,0,20,-20
119900214,4,76,-72
119900215,14,108,-94
119900216,5,86,-81
119900217,3,52,-49
119900218,9,53,-44
119900219,0,160,-160
119900220,3,114,-111
119900221,5,420,-415
119900222,12,267,-255
119900223,5,87,-82
119900224,20,24,-4
119900225,1128,19,1109
119900226,577,331,246
119900227,1132,171,961
119900228,8,183,-175
119900229,121,240,-119
119900230,653,250,403
119900231,6,103,-97
119900232,36,24,12
119900233,5,0,5
119900234,3,14,-11
119900235,0,5,-5
119900236,3,114,-111
119900237,4,293,-289
119900238,0,59,-59
119900240,13,89,-76
119900241,59,182,-123
119900242,864,255,609
119900244,354,601,-247
119900245,20,67,-47
119900246,31,58,-27
119900247,19,8,11
119900248,4,3,1
119900249,28,12,16
119900253,2273,82,2191
119900254,11,62,-51
119900255,24,387,-363
119900256,18,1177,-1159
119900257,2,0,2
119900258,1,0,1
119900259,1,187,-186
119900260,11,0,11
119900261,24,123,-99
119900262,2,257,-255
119900263,481,337,144
119900264,8,147,-139
119900265,65,276,-211
119900266,36,152,-116
119900267,12,241,-229
119900268,2,193,-191
119900269,73,1110,-1037
119900271,2,32,-30
119900272,26,15,11
119900275,25,1,24
119900276,3,0,3
119900277,1,0,1
119900278,111,8,103
119900279,28,41,-13
119900280,704,133,571
119900281,0,29,-29
119900282,34,3,31
119900283,3,201,-198
119900284,5,94,-89
119900285,11,21,-10
119900286,2,5,-3
119900288,0,33,-33
119900289,0,19,-19
119900290,0,11,-11
119900291,0,20,-20
119900292,5,6,-1
119900293,2,27,-25
119900294,2,36,-34
119900295,0,34,-34
119900296,1,83,-82
119900297,0,16,-16
119900298,1,23,-22
119900299,3,168,-165
119900300,8,164,-156
119900301,2,4,-2
119900302,1,24,-23
119900303,6,89,-83
119900304,3,6,-3
119900305,17,39,-22
119900306,6,0,6
119900307,4,52,-48
119900308,1,10,-9
119900309,10,8,2
119900310,117,175,-58
119900311,8,90,-82
119900312,26,32,-6
119900313,35,261,-226
119900314,6,82,-76
119900315,102,1998,-1896
119900318,5,1,4
119900319,0,321,-321
119900320,5,629,-624
119900321,6,0,6
120000001,4664,2538,2126
120000002,1222,2671,-1449
120000003,2350,1872,478
120000004,2313,2277,36
120000005,3656,2046,1610
120000006,1038,1164,-126
120000007,1666,1592,74
120000008,537,1074,-537
120000009,3665,667,2998
120000010,813,2734,-1921
120000011,442,1562,-1120
120000012,1208,2244,-1036
120000013,770,1920,-1150
120000014,233,990,-757
120000015,778,1001,-223
120000016,989,700,289
120000017,412,520,-108
120000018,2237,2572,-335
120000019,315,449,-134
120000020,922,949,-27
120000021,992,898,94
120000022,2450,1763,687
120000023,403,810,-407
120000024,849,1136,-287
120000025,731,1432,-701
120000026,222,1502,-1280
120000027,571,1077,-506
120000028,299,223,76
120000029,1038,249,789
120000030,36,450,-414
120000031,972,2147,-1175
120000032,8134,1922,6212
120000033,873,1055,-182
120000034,423,1589,-1166
120000035,584,1630,-1046
120000036,866,2276,-1410
120000037,150,381,-231
120000038,7570,2179,5391
120000039,211,798,-587
120000040,21,93,-72
120000041,135,1653,-1518
120000042,591,4436,-3845
120000043,1915,1884,31
120000044,979,901,78
120000045,1071,634,437
120000046,574,910,-336
120000047,901,1280,-379
120000048,5709,1540,4169
120000049,974,1615,-641
120000050,1334,3072,-1738
120000051,2875,2410,465
120000052,11345,1560,9785
120000053,539,3579,-3040
120000054,813,5320,-4507
120000055,587,3197,-2610
120000056,1749,3644,-1895
120000057,644,754,-110
120000058,89,135,-46
120000059,83,933,-850
120000061,40,507,-467
120000062,134,289,-155
120000063,1475,2676,-1201
120000064,152,1466,-1314
120000065,130,1486,-1356
120000066,55,342,-287
120000067,16,340,-324
120000068,59,959,-900
120000069,282,1367,-1085
120000070,15,1011,-996
120000071,49,148,-99
120000072,98,375,-277
120000073,92,49,43
120000074,17,33,-16
120000075,53,134,-81
120000076,235,176,59
120000077,238,241,-3
120000078,2129,238,1891
120000079,53,463,-410
120000080,30,120,-90
120000081,72,129,-57
120000082,59,160,-101
120000083,48,158,-110
120000084,246,421,-175
120000085,231,372,-141
120000086,123,603,-480
120000087,63,1065,-1002
120000088,200,670,-470
120000089,222,116,106
120000090,84,113,-29
120000091,95,232,-137
120000092,131,165,-34
120000093,33,209,-176
120000094,14,121,-107
120000095,302,583,-281
120000096,95,1057,-962
120000098,205,886,-681
120000099,72,503,-431
120000100,243,675,-432
120000101,145,384,-239
120000102,90,232,-142
120000103,154,163,-9
120000104,238,96,142
120000105,310,124,186
120000106,290,168,122
120000107,437,184,253
120000108,118,50,68
120000109,155,19,136
120000110,29,704,-675
120000111,63,1072,-1009
120000112,239,3367,-3128
120000113,271,2450,-2179
120000114,174,1693,-1519
120000115,135,1630,-1495
120000116,235,1484,-1249
120000117,799,1498,-699
120000118,6,4,2
120000119,1,14,-13
120000120,14,19,-5
120000121,1,6,-5
120000122,44,45,-1
120000123,4379,494,3885
120000124,127,212,-85
120000125,102,382,-280
120000126,96,270,-174
120000127,368,187,181
120000128,1055,1090,-35
120000129,90,75,15
120000130,214,223,-9
120000131,84,346,-262
120000134,155,1049,-894
120000135,42,248,-206
120000137,40,1915,-1875
120000138,90,463,-373
120000139,38,818,-780
120000140,93,567,-474
120000141,38,474,-436
120000142,43,427,-384
120000143,4,69,-65
120000144,5,1,4
120000145,37,5,32
120000146,959,248,711
120000149,184,696,-512
120000150,3554,2788,766
120000151,244,253,-9
120000152,40,170,-130
120000153,31,425,-394
120000154,192,287,-95
120000155,65,108,-43
120000156,780,166,614
120000157,306,253,53
120000158,366,580,-214
120000159,1001,1853,-852
120000160,1017,576,441
120000161,486,1926,-1440
120000162,17,82,-65
120000163,88,1258,-1170
120000164,113,393,-280
120000165,70,863,-793
120000166,126,370,-244
120000167,4,12,-8
120000168,0,31,-31
120000169,113,85,28
120000170,111,36,75
120000171,25,15,10
120000172,13,8,5
120000173,1382,36,1346
120000174,213,2,211
120000175,284,5,279
120000176,84,59,25
120000177,562,373,189
120000178,42,2,40
120000179,84,4,80
120000180,169,36,133
120000181,19,25,-6
120000182,29,26,3
120000183,0,87,-87
120000184,25,1585,-1560
120000186,3,20,-17
120000187,12,4,8
120000188,50,18,32
120000190,424,5,419
120000191,637,4,633
120000192,764,1,763
120000193,280,0,280
120000195,24,0,24
120000196,117,4,113
120000197,20,30,-10
120000198,16,184,-168
120000199,4,0,4
120000200,8,0,8
120000201,4,2,2
120000202,11,46,-35
120000203,4,357,-353
120000207,4,76,-72
120000208,5,281,-276
120000209,0,109,-109
120000210,120,53,67
120000211,16,0,16
120000212,9,0,9
120000213,18,372,-354
120000214,0,361,-361
120000215,0,87,-87
120000216,21,0,21
120000217,520,1139,-619
120000218,194,1711,-1517
120000219,15,873,-858
120000220,11,3126,-3115
120000225,64,0,64
120000226,31,1,30
120000227,147,4,143
120000228,7732,772,6960
120000230,26,6,20
120000231,99,2108,-2009
120000233,12,2,10
120000235,90,518,-428
120000236,0,0,0
120000237,4,2374,-2370
120000238,0,39,-39
120000241,394,569,-175
120000412,752,7,745
120000413,47,288,-241
120000414,6,0,6
120000415,1,110,-109
120000416,1,26,-25
120000417,1,92,-91
120000418,8,2,6
120000419,6,344,-338
120000420,19,11,8
120000421,11152,4436,6716
120000422,259,196,63
120000423,1,34,-33
120000424,18,157,-139
120000436,80,107,-27
120000437,130,130,0
120000438,4086,309,3777
120000439,16,87,-71
120000443,23,0,23
120000444,83,342,-259
120000445,326,430,-104
120000446,494,105,389
120000447,1,1,0
120000449,5,10,-5
120000450,8,370,-362
120000451,19,129,-110
120000452,1,0,1
120000453,1,254,-253
120000454,0,0,0
120000455,15,29,-14
120000456,2450,1642,808
120000457,708,534,174
120000458,275,565,-290
120000459,16,37,-21
120000665,308,91,217
120000668,68,85,-17
120000669,23,345,-322
120000670,127,252,-125
120000671,199,106,93
120000672,74,370,-296
120900001,9,6,3
120900002,29,94,-65
120900003,44,15,29
120900004,0,8,-8
120900005,2,1283,-1281
120900006,17,73,-56
120900007,18,102,-84
120900008,33,736,-703
120900009,108,54,54
120900010,45,22,23
120900011,114,49,65
120900012,494,241,253
120900013,47,5,42
120900014,0,532,-532
120900015,77,49,28
120900016,45,36,9
120900017,2427,70,2357
120900018,17,376,-359
120900019,65,23,42
120900020,166,146,20
120900021,37,3,34
120900022,9,303,-294
120900023,22,15,7
120900024,622,226,396
120900025,1529,454,1075
120900026,23,109,-86
120900027,171,76,95
120900028,28,17,11
120900029,6,46,-40
120900030,193,132,61
120900031,28,3,25
120900032,124,73,51
120900033,105,14,91
120900034,35,644,-609
120900035,11,27,-16
120900037,18,2,16
120900038,15,29,-14
120900039,7,6,1
120900040,15,0,15
120900041,28,8,20
120900042,40,33,7
120900043,5,3,2
120900044,3,272,-269
120900045,67,79,-12
120900046,39,11,28
120900047,21,8,13
120900048,8,3,5
120900049,32,0,32
120900050,2751,306,2445
120900051,65,56,9
120900052,41,0,41
120900053,28,36,-8
120900054,633,491,142
120900055,29,4,25
120900056,46,2,44
120900057,7,6,1
120900058,46,0,46
120900059,10,1,9
120900060,7,15,-8
120900061,137,167,-30
120900062,19,0,19
120900063,56,3,53
120900064,36,0,36
120900065,17,1,16
120900066,10,247,-237
120900067,17,7,10
120900068,19,1,18
120900069,17,77,-60
120900071,0,0,0
120900072,57,0,57
120900073,34,130,-96
120900074,83,0,83
120900076,42,0,42
120900077,2024,75,1949
120900078,97,595,-498
120900079,70,53,17
120900080,77,2492,-2415
120900081,91,996,-905
120900082,220,74,146
120900083,8,3,5
120900084,19,72,-53
120900085,52,33,19
120900086,104,51,53
120900087,53,18,35
120900088,52,54,-2
120900089,3747,269,3478
120900090,23,130,-107
120900091,117,54,63
120900092,170,502,-332
120900093,3720,232,3488
120900094,303,127,176
120900095,32,16,16
120900096,15,36,-21
120900097,288,1206,-918
120900098,165,159,6
120900099,28,78,-50
120900100,20,419,-399
120900101,111,246,-135
120900102,4,119,-115
120900103,10,97,-87
120900104,16,19,-3
120900105,19,851,-832
120900106,928,473,455
120900107,383,110,273
120900108,3,944,-941
120900109,16,754,-738
120900110,3,389,-386
120900111,61,349,-288
120900112,3,1376,-1373
120900113,5,878,-873
120900114,14,243,-229
120900115,64,82,-18
120900116,25,478,-453
120900117,2,536,-534
120900118,1,789,-788
120900119,3547,1543,2004
120900120,12,599,-587
120900121,21,237,-216
120900122,12,575,-563
120900123,1,542,-541
120900124,7,664,-657
120900125,2,775,-773
120900126,576,475,101
120900127,3,509,-506
120900128,596,683,-87
120900129,20,375,-355
120900130,1,390,-389
120900131,4,26,-22
120900132,82,276,-194
120900133,106,880,-774
120900134,171,318,-147
120900135,5,661,-656
120900136,11,17,-6
120900137,10,53,-43
120900138,5,161,-156
120900139,2,889,-887
120900140,0,24,-24
120900141,7,52,-45
120900142,7,775,-768
120900143,2,980,-978
120900144,0,239,-239
120900145,23,787,-764
120900146,5,896,-891
120900147,0,148,-148
120900148,13,46,-33
120900149,0,341,-341
120900150,7,487,-480
120900151,3,635,-632
120900152,0,42,-42
120900153,2,42,-40
120900154,0,252,-252
120900155,41,1219,-1178
120900156,4,417,-413
120900157,2,245,-243
120900158,6,483,-477
120900159,14,912,-898
120900160,43,345,-302
120900161,4,1557,-1553
120900162,1,1732,-1731
120900163,2,20,-18
120900164,0,0,0
120900165,0,1,-1
120900166,2,12,-10
120900167,18,28,-10
120900169,14,474,-460
120900170,1811,472,1339
120900171,1008,162,846
120900172,548,27,521
120900173,0,52,-52
120900174,2,103,-101
120900175,258,131,127
120900176,7,60,-53
120900177,1,92,-91
120900178,0,52,-52
120900179,296,217,79
120900180,45,35,10
120900181,9,68,-59
120900182,2,306,-304
120900183,488,42,446
120900184,98,61,37
120900185,0,286,-286
120900186,1,469,-468
120900187,71,267,-196
120900188,18,6,12
120900189,32,63,-31
120900190,2,9,-7
120900191,1,17,-16
120900192,11778,624,11154
120900194,4,56,-52
120900195,47,235,-188
120900196,189,32,157
120900197,96,11,85
120900198,83,513,-430
120900199,29,51,-22
120900200,57,21,36
120900201,474,87,387
120900202,1,150,-149
120900203,4,19,-15
120900204,310,369,-59
120900205,33,52,-19
120900206,2,6,-4
120900207,28,888,-860
121000001,656,813,-157
121000002,803,631,172
121000003,3514,1407,2107
121000004,1949,1159,790
121000005,1424,1903,-479
121000006,2030,683,1347
121000007,2021,2219,-198
121000008,2047,1157,890
121000009,6176,3375,2801
121000010,6032,1405,4627
121000011,11248,5373,5875
121000012,14145,3156,10989
121000013,5631,4297,1334
121000014,6370,3561,2809
121000015,2980,3970,-990
121000016,4002,2132,1870
121000017,841,2516,-1675
121000018,1311,1027,284
121000019,11078,5021,6057
121000020,7117,3341,3776
121000021,1864,2192,-328
121000022,1018,991,27
121000023,1793,2039,-246
121000024,1226,1981,-755
121000025,596,294,302
121000026,113,49,64
121000027,1699,680,1019
121000028,410,307,103
121000029,177,449,-272
121000030,77,117,-40
121000031,307,476,-169
121000032,71,52,19
121000034,35,16,19
121000035,24,55,-31
121000036,377,380,-3
121000037,240,344,-104
121000038,281,353,-72
121000039,117,147,-30
121000041,136,278,-142
121000042,42,149,-107
121000043,515,289,226
121000044,920,286,634
121000045,76,237,-161
121000046,32,151,-119
121000047,3,52,-49
121000049,1395,658,737
121000050,134,729,-595
121000051,151,193,-42
121000052,102,319,-217
121000053,71,8,63
121000054,15,139,-124
121000055,1394,794,600
121000056,486,640,-154
121000057,89,143,-54
121000058,463,81,382
121000059,830,391,439
121000060,316,566,-250
121000061,22,77,-55
121000062,90,112,-22
121000063,366,387,-21
121000064,190,211,-21
121000065,194,299,-105
121000066,244,297,-53
121000067,645,180,465
121000068,162,99,63
121000069,66,100,-34
121000070,546,667,-121
121000071,266,398,-132
121000072,493,371,122
121000073,328,458,-130
121000074,79,156,-77
121000075,24,19,5
121000076,483,266,217
121000077,21,38,-17
121000078,62,83,-21
121000080,1838,309,1529
121000081,667,626,41
121000082,154,182,-28
121000083,124,55,69
121000084,135,97,38
121000085,389,383,6
121000086,132,458,-326
121000087,45,123,-78
121000088,247,256,-9
121000089,123,99,24
121000090,155,193,-38
121000091,2313,467,1846
121000092,79,68,11
121000093,48,158,-110
121000094,237,163,74
121000095,97,160,-63
121000096,2553,1369,1184
121000097,1231,990,241
121000098,268,690,-422
121000099,234,593,-359
121000100,216,474,-258
121000101,14,37,-23
121000102,37,376,-339
121000103,9,34,-25
121000104,23,135,-112
121000105,110,234,-124
121000106,10,44,-34
121000107,1600,2687,-1087
121000109,1385,835,550
121000110,201,230,-29
121000114,1921,1518,403
121000115,736,514,222
121000116,381,451,-70
121000117,1328,143,1185
121000118,1009,120,889
121000119,120,214,-94
121000120,186,280,-94
121000121,97,274,-177
121000123,469,273,196
121000127,14,94,-80
121000128,268,432,-164
121000129,138,322,-184
121000130,217,624,-407
121000131,439,461,-22
121000132,332,333,-1
121000135,316,157,159
121000136,799,367,432
121000137,277,67,210
121000138,343,213,130
121000139,173,45,128
121000141,106,92,14
121000142,510,278,232
121000143,87,13,74
121000144,505,470,35
121000145,149,808,-659
121000146,444,442,2
121000147,315,272,43
121000148,207,593,-386
121000149,901,813,88
121000152,171,235,-64
121000153,1247,284,963
121000154,407,184,223
121000155,577,419,158
121000156,327,422,-95
121000157,1278,707,571
121000158,278,358,-80
121000159,66,412,-346
121000160,104,567,-463
121000161,34,249,-215
121000162,12,237,-225
121000165,1063,527,536
121000166,32,222,-190
121000168,79,143,-64
121000169,15,171,-156
121000170,45,38,7
121000171,40,111,-71
121000172,254,330,-76
121000173,894,508,386
121000174,113,296,-183
121000175,173,292,-119
121000176,370,195,175
121000177,240,466,-226
121000178,30,50,-20
121000179,20,69,-49
121000181,205,205,0
121000182,52,118,-66
121000183,29,44,-15
121000184,6,34,-28
121000185,7,119,-112
121000186,124,230,-106
121000187,115,194,-79
121000188,45,237,-192
121000192,246,263,-17
121000193,193,272,-79
121000194,1837,1393,444
121000195,270,683,-413
121000196,295,139,156
121000197,63,405,-342
121000198,54,86,-32
121000199,40,525,-485
121000200,130,67,63
121000201,5,186,-181
121000202,82,22,60
121000203,121,1503,-1382
121000204,304,181,123
121000205,49,286,-237
121000206,53,65,-12
121000207,341,257,84
121000208,3,347,-344
121000209,38,513,-475
121000210,108,482,-374
121000211,16,84,-68
121000212,139,646,-507
121000213,3921,955,2966
121000214,350,423,-73
121000215,808,441,367
121000216,189,255,-66
121000217,1745,913,832
121000218,308,1401,-1093
121000219,435,247,188
121000220,225,52,173
121000221,69,155,-86
121000222,1500,1812,-312
121000223,225,348,-123
121000224,101,28,73
121000225,444,355,89
121000226,435,203,232
121000227,5,196,-191
121000228,9,769,-760
121000229,17,418,-401
121000230,43,1679,-1636
121000231,0,0,0
121000232,94,36,58
121000233,86,216,-130
121000234,1,15,-14
121000235,5,4,1
121000236,1,41,-40
121000237,2,1,1
121000238,0,81,-81
121000239,3,3,0
121000240,4,96,-92
121000241,42,5,37
121000242,2,100,-98
121000243,35,6,29
121000244,3,63,-60
121000245,3,4,-1
121000246,3,121,-118
121000247,8,1,7
121000248,119,282,-163
121000249,21,140,-119
121000250,47,34,13
121000251,16,525,-509
121000252,24,10,14
121000253,60,499,-439
121000254,198,145,53
121000255,49,113,-64
121000256,36,72,-36
121000257,21,44,-23
121000258,18,32,-14
121000259,11,23,-12
121000260,22,100,-78
121000261,11,14,-3
121000262,970,277,693
121000263,341,331,10
121000271,200,1152,-952
121000273,5,14,-9
121000274,1,10,-9
121000275,2,30,-28
121000276,1,2,-1
121000278,7,31,-24
121000279,4,14,-10
121000280,2,36,-34
121000289,18,2,16
121000290,586,453,133
121000294,30,201,-171
121000297,421,296,125
121000299,65,161,-96
121000300,616,310,306
121000302,176,197,-21
121000303,425,178,247
121000304,47,6,41
121000305,12,5,7
121000306,4,28,-24
121000308,130,171,-41
121000309,178,322,-144
121000310,30,226,-196
121000311,40,527,-487
121000312,76,28,48
121000313,406,173,233
121000314,205,66,139
121000315,92,47,45
121000530,410,894,-484
121000531,476,912,-436
121000532,3176,1724,1452
121000533,1277,962,315
121000918,7,188,-181
121000919,4,13,-9
121000938,712,139,573
121000939,865,104,761
121000956,193,960,-767
121000957,5,28,-23
121000958,11,48,-37
121000959,128,751,-623
121000960,296,1334,-1038
121000961,97,9,88
121000962,161,429,-268
121000973,0,133,-133
121000976,2,37,-35
121000979,10,0,10
121000981,118,14,104
121000982,40,61,-21
121000983,67,338,-271
121000984,7,30,-23
121000985,107,405,-298
121000986,17,293,-276
121000987,65,1275,-1210
121000988,210,69,141
121001302,234,93,141
121001308,1,8,-7
121001309,25,34,-9
121001311,0,0,0
121001313,21,418,-397
121001314,4437,2696,1741
121001315,3240,838,2402
121001326,92,186,-94
121900001,39,83,-44
121900002,0,11,-11
121900003,4,0,4
121900004,6,78,-72
121900005,0,1,-1
121900006,1,2,-1
121900007,16,192,-176
121900008,18,5,13
121900009,0,0,0
121900010,38,2,36
121900011,14,102,-88
121900012,0,0,0
121900013,0,0,0
121900014,88,34,54
121900015,4,13,-9
121900016,0,0,0
121900017,13,50,-37
121900018,52,0,52
121900019,29,66,-37
121900020,1,0,1
121900021,0,0,0
121900022,13,2,11
121900023,2,12,-10
121900024,134,22,112
121900025,24,30,-6
121900026,1,2,-1
121900027,23,34,-11
121900028,0,0,0
121900029,0,7,-7
121900030,124,111,13
121900031,175,515,-340
121900032,13,15,-2
121900033,22,21,1
121900034,20,13,7
121900035,188,96,92
121900036,2,17,-15
121900037,26,122,-96
121900038,1,18,-17
121900039,9,1,8
121900040,1,6,-5
121900041,5,34,-29
121900042,36,34,2
121900043,0,0,0
121900044,152,5,147
121900046,0,0,0
121900047,12,8,4
121900048,1,21,-20
121900050,1,3,-2
121900051,10,29,-19
121900052,3,0,3
121900053,74,79,-5
121900054,66,68,-2
121900055,0,0,0
121900058,23,51,-28
121900059,15,19,-4
121900060,1,53,-52
121900061,6,21,-15
121900062,7,4,3
121900063,41,43,-2
121900064,7,91,-84
121900066,0,0,0
121900067,0,0,0
121900069,123,64,59
121900070,18,32,-14
121900071,3,86,-83
121900072,2,42,-40
121900073,16,30,-14
121900074,7,29,-22
121900075,19,44,-25
121900076,20,103,-83
121900078,0,0,0
121900079,0,0,0
121900080,80,106,-26
121900082,8,36,-28
121900084,0,138,-138
121900086,0,0,0
121900087,43,22,21
121900088,449,483,-34
121900089,6,65,-59
121900090,0,61,-61
121900091,0,30,-30
121900092,0,0,0
121900093,6,14,-8
121900094,0,0,0
121900095,62,45,17
121900096,195,32,163
121900097,12,16,-4
121900098,1,0,1
121900099,0,0,0
121900100,8,8,0
121900101,15,22,-7
121900102,1,7,-6
121900103,27,8,19
121900104,132,41,91
121900105,5,5,0
121900106,0,1,-1
121900107,0,0,0
121900108,0,0,0
121900109,58,31,27
121900110,20,334,-314
121900111,257,55,202
121900112,6,3,3
121900113,4,12,-8
121900114,0,0,0
121900117,10,3,7
121900118,501,66,435
121900119,3,111,-108
121900120,8,400,-392
121900121,0,0,0
121900122,0,0,0
121900123,33,49,-16
121900124,10,35,-25
121900125,204,270,-66
121900127,1,25,-24
121900128,6,33,-27
121900129,528,46,482
121900130,3,24,-21
121900131,5,26,-21
121900132,3,32,-29
121900133,0,1,-1
121900134,0,17,-17
121900135,427,35,392
121900136,6,204,-198
121900137,7,65,-58
121900138,3,26,-23
121900139,135,76,59
121900140,2,13,-11
121900141,2,1,1
121900142,5,7,-2
121900143,0,17,-17
121900144,302,176,126
121900145,17,25,-8
121900146,62,197,-135
121900147,30,90,-60
121900148,14,77,-63
121900149,37,160,-123
121900150,46,87,-41
121900151,7,53,-46
121900152,3,38,-35
121900153,8,113,-105
121900154,0,29,-29
121900155,0,23,-23
121900156,51,75,-24
121900157,2,142,-140
121900158,22,46,-24
121900159,0,63,-63
121900160,1,55,-54
121900161,80,66,14
121900162,24,19,5
121900163,5,393,-388
121900164,48,45,3
121900165,5,55,-50
121900166,26,67,-41
121900167,21,13,8
121900168,17,41,-24
121900169,2,239,-237
121900170,1,38,-37
121900171,59,45,14
121900172,22,40,-18
121900173,56,13,43
121900174,0,0,0
121900175,5,39,-34
121900176,158,893,-735
121900177,21,21,0
121900178,0,14,-14
121900179,19,22,-3
121900180,3420,686,2734
121900182,32,73,-41
121900183,79,92,-13
121900184,6,108,-102
121900186,0,3,-3
121900187,6,29,-23
121900188,173,27,146
121900189,2,31,-29
121900190,41,86,-45
121900191,0,2,-2
121900192,219,54,165
121900193,0,39,-39
121900194,0,0,0
121900195,10,30,-20
121900196,33,44,-11
121900197,127,805,-678
121900198,292,62,230
121900199,0,0,0
121900200,30,36,-6
121900201,101,95,6
121900202,22,60,-38
121900203,9,39,-30
121900204,260,89,171
121900205,1,13,-12
121900206,0,0,0
121900207,18,4,14
121900208,19,29,-10
121900209,12,3,9
121900210,57,39,18
121900211,3,13,-10
121900212,11,22,-11
121900213,0,16,-16
121900214,3,75,-72
121900215,1,1,0
121900216,5,13,-8
121900217,16,5,11
121900218,13,22,-9
121900220,53,2,51
121900221,37,126,-89
121900222,3,20,-17
121900223,0,0,0
121900224,0,2,-2
121900225,3,3,0
121900226,0,10,-10
121900227,8,40,-32
121900228,34,29,5
121900230,11,5,6
121900231,26,25,1
121900232,17,54,-37
121900233,81,55,26
121900234,18,38,-20
121900235,13,26,-13
121900236,14,10,4
121900237,62,170,-108
121900238,46,67,-21
121900239,22,5,17
121900240,35,18,17
121900241,3,4,-1
121900242,0,0,0
121900243,0,0,0
121900244,0,0,0
121900245,27,23,4
121900246,1,4,-3
121900248,185,134,51
121900250,46,51,-5
121900251,19,2,17
121900252,247,19,228
121900253,38,426,-388
121900254,74,48,26
121900255,8,7,1
121900258,156,22,134
121900259,25,32,-7
121900260,2,38,-36
121900261,13,77,-64
121900262,59,66,-7
121900263,19,57,-38
121900264,517,144,373
121900265,18,84,-66
121900266,17,19,-2
121900267,0,0,0
121900269,4,30,-26
121900270,4,28,-24
121900271,7,51,-44
121900273,63,180,-117
121900274,19,58,-39
121900277,31,548,-517
121900278,7,300,-293
121900279,22,194,-172
121900280,9,104,-95
121900281,47,3,44
121900284,0,0,0
121900286,14,109,-95
121900287,2,9,-7
121900288,0,1,-1
121900290,49,56,-7
121900291,100,170,-70
121900292,29,32,-3
121900293,331,1529,-1198
121900294,42,1,41
121900295,11,80,-69
121900296,1,1,0
121900298,2,64,-62
121900299,0,0,0
121900300,0,0,0
121900301,0,0,0
121900302,0,0,0
121900303,5,62,-57
121900304,0,1,-1
121900305,0,0,0
121900306,0,0,0
121900307,0,8,-8
121900308,11,133,-122
121900309,6,121,-115
121900310,5,291,-286
121900311,29,1,28
121900312,11,2,9
121900313,29,3,26
121900314,0,26,-26
121900315,0,0,0
121900316,0,0,0
121900317,0,0,0
121900318,0,0,0
121900319,0,0,0
121900320,2,2,0
121900321,0,0,0
121900322,0,0,0
121900323,0,0,0
121900324,0,0,0
121900325,0,0,0
121900326,0,0,0
121900327,1,19,-18
121900328,0,4,-4
121900329,1,61,-60
121900330,0,3,-3
121900331,0,1,-1
121900332,6,0,6
121900333,4,0,4
121900334,0,0,0
122000001,1383,1520,-137
122000002,3137,707,2430
122000003,1188,667,521
122000004,1395,469,926
122000005,1156,551,605
122000006,781,275,506
122000007,495,409,86
122000008,3423,1106,2317
122000009,633,83,550
122000010,1493,1243,250
122000011,2020,486,1534
122000012,736,687,49
122000013,691,559,132
122000014,741,643,98
122000015,736,530,206
122000016,291,447,-156
122000017,733,549,184
122000018,677,688,-11
122000019,316,755,-439
122000020,88,112,-24
122000021,417,220,197
122000022,374,297,77
122000023,216,459,-243
122000024,562,524,38
122000025,581,585,-4
122000026,1027,407,620
122000027,440,1329,-889
122000028,455,136,319
122000029,126,102,24
122000030,244,65,179
122000031,49,72,-23
122000032,556,719,-163
122000033,379,411,-32
122000034,319,283,36
122000035,228,331,-103
122000036,165,459,-294
122000037,299,136,163
122000038,167,191,-24
122000039,343,276,67
122000040,215,172,43
122000041,173,267,-94
122000042,59,207,-148
122000043,69,46,23
122000044,41,63,-22
122000045,541,235,306
122000046,230,366,-136
122000047,186,92,94
122000048,1676,1227,449
122000049,2440,1271,1169
122000050,777,375,402
122000051,171,160,11
122000052,223,125,98
122000053,66,293,-227
122000054,1509,996,513
122000055,1132,1343,-211
122000056,2641,1503,1138
122000057,2469,1277,1192
122000058,2056,903,1153
122000059,2131,1202,929
122000060,819,422,397
122000061,462,132,330
122000062,771,172,599
122000063,298,223,75
122000064,1904,2131,-227
122000065,2220,1652,568
122000066,399,357,42
122000067,459,598,-139
122000068,266,389,-123
122000069,501,327,174
122000070,143,553,-410
122000071,286,424,-138
122000072,131,171,-40
122000073,127,232,-105
122000074,410,290,120
122000075,171,249,-78
122000076,669,435,234
122000077,461,397,64
122000078,1864,1550,314
122000079,415,363,52
122000080,300,145,155
122000081,52,83,-31
122000082,483,315,168
122000083,485,1042,-557
122000084,425,308,117
122000085,126,682,-556
122000086,1001,1341,-340
122000087,130,129,1
122000088,154,98,56
122000089,2199,1121,1078
122000090,90,193,-103
122000091,85,67,18
122000092,28,3,25
122000093,748,1015,-267
122000094,2932,1013,1919
122000095,1146,616,530
122000096,471,319,152
122000098,1437,1122,315
122000099,562,491,71
122000100,455,298,157
122000101,71,255,-184
122000102,1011,650,361
122000103,396,674,-278
122000104,105,130,-25
122000105,48,133,-85
122000106,216,217,-1
122000107,281,223,58
122000108,159,494,-335
122000109,70,107,-37
122000110,140,308,-168
122000111,1412,689,723
122000112,330,520,-190
122000113,203,376,-173
122000114,1316,1110,206
122000115,1484,555,929
122000116,271,191,80
122000117,451,128,323
122000118,270,184,86
122000119,1526,850,676
122000120,1331,1322,9
122000121,1715,963,752
122000122,442,576,-134
122000123,912,313,599
122000124,335,148,187
122000125,288,437,-149
122000126,297,346,-49
122000127,731,532,199
122000128,289,416,-127
122000129,158,122,36
122000130,859,185,674
122000131,802,174,628
122000132,564,224,340
122000133,317,966,-649
122000134,243,288,-45
122000135,379,737,-358
122000136,91,81,10
122000137,246,313,-67
122000139,691,1010,-319
122000140,598,249,349
122000141,2292,325,1967
122000142,148,338,-190
122000143,260,118,142
122000144,695,364,331
122000145,291,347,-56
122000146,105,270,-165
122000147,232,140,92
122000148,1180,612,568
122000149,1094,376,718
122000150,500,262,238
122000151,167,202,-35
122000152,166,191,-25
122000153,96,49,47
122000154,87,18,69
122000155,941,812,129
122000156,2311,1429,882
122000157,954,899,55
122000158,115,305,-190
122000159,279,670,-391
122000160,1719,311,1408
122000161,519,232,287
122000162,837,441,396
122000163,307,64,243
122000164,43,63,-20
122000165,336,302,34
122000166,342,366,-24
122000167,204,238,-34
122000168,108,247,-139
122000169,326,156,170
122000170,123,229,-106
122000171,34,49,-15
122000172,672,674,-2
122000173,569,892,-323
122000174,957,563,394
122000175,855,269,586
122000176,152,362,-210
122000177,1018,1160,-142
122000178,1687,654,1033
122000179,1097,963,134
122000180,1209,644,565
122000181,1304,1460,-156
122000182,2127,254,1873
122000183,653,124,529
122000184,3857,1192,2665
122000185,1357,896,461
122000186,310,411,-101
122000187,315,580,-265
122000188,298,99,199
122000189,115,83,32
122000190,188,694,-506
122000191,253,160,93
122000192,359,82,277
122000193,98,241,-143
122000194,325,94,231
122000195,80,245,-165
122000196,468,189,279
122000197,139,96,43
122000198,264,487,-223
122000199,158,125,33
122000200,520,189,331
122000201,1324,1402,-78
122000202,675,756,-81
122000203,1272,886,386
122000204,773,1307,-534
122000205,688,635,53
122000206,1016,285,731
122000207,480,526,-46
122000208,537,784,-247
122000209,708,128,580
122000210,557,1203,-646
122000211,365,794,-429
122000212,239,216,23
122000213,573,539,34
122000214,593,700,-107
122000215,614,832,-218
122000217,949,881,68
122000218,30,11,19
122000219,958,729,229
122000220,151,578,-427
122000221,77,244,-167
122000222,412,30,382
122000223,459,410,49
122000225,350,139,211
122000226,333,1169,-836
122000227,128,839,-711
122000228,151,389,-238
122000229,15,265,-250
122000230,50,473,-423
122000231,67,439,-372
122000232,106,628,-522
122000233,0,40,-40
122000234,52,135,-83
122000235,228,143,85
122000236,183,126,57
122000237,17,33,-16
122000238,34,32,2
122000239,94,39,55
122000240,178,92,86
122000241,283,115,168
122000242,67,42,25
122000243,35,35,0
122000244,24,376,-352
122000245,40,226,-186
122000246,64,56,8
122000247,217,601,-384
122000248,1018,1208,-190
122000249,108,184,-76
122000250,535,141,394
122000251,211,229,-18
122000252,317,16,301
122000253,14,218,-204
122000254,31,22,9
122000255,235,902,-667
122000256,236,1127,-891
122000257,77,387,-310
122000258,41,118,-77
122000259,11,524,-513
122000260,6,113,-107
122000261,2,93,-91
122000262,0,47,-47
122000263,37,84,-47
122000264,35,80,-45
122000265,244,163,81
122000266,764,173,591
122000267,25,35,-10
122000268,33,170,-137
122000269,164,106,58
122000270,73,76,-3
122000271,124,621,-497
122000272,137,610,-473
122000273,125,293,-168
122000274,25,98,-73
122000275,15,75,-60
122000276,70,282,-212
122000277,296,594,-298
122000278,237,578,-341
122000279,57,341,-284
122000280,482,546,-64
122000281,207,598,-391
122000282,24,79,-55
122000283,466,17,449
122000284,43,72,-29
122000285,268,77,191
122000286,90,97,-7
122000287,123,85,38
122000288,139,336,-197
122000291,304,204,100
122000293,291,216,75
122000294,36,26,10
122000295,591,124,467
122000296,37,241,-204
122000297,1330,680,650
122000299,239,266,-27
122000300,166,357,-191
122000301,5773,600,5173
122000302,600,253,347
122000303,3517,543,2974
122000304,3,35,-32
122000305,539,91,448
122000306,13,668,-655
122000307,55,107,-52
122000309,22,44,-22
122000310,1,7,-6
122000311,37,17,20
122000312,52,33,19
122000313,3,49,-46
122000314,41,108,-67
122000315,31,3,28
122000316,83,96,-13
122000317,257,68,189
122000318,52,73,-21
122000319,2178,424,1754
122000320,119,1093,-974
122000321,17,268,-251
122000322,1654,504,1150
122000323,998,650,348
122000324,773,568,205
122000325,382,581,-199
122000326,2,27,-25
122000327,86,274,-188
122000328,422,544,-122
122000330,689,248,441
122000332,127,266,-139
122000333,3,141,-138
122000337,240,1662,-1422
122000338,94,287,-193
122000340,179,122,57
122000342,1467,601,866
122000343,124,1063,-939
122000344,2,1,1
122000345,4,25,-21
122000346,112,254,-142
122000348,173,443,-270
122000349,26,409,-383
122000351,9,50,-41
122000352,110,34,76
122000353,12,67,-55
122000355,40,67,-27
122000356,786,398,388
122000357,9,6,3
122000358,0,22,-22
122000359,0,23,-23
122000360,0,18,-18
122000362,32,63,-31
122000364,20,261,-241
122000365,0,11,-11
122000366,2,2,0
122000368,206,303,-97
122000370,3,53,-50
122000371,1,0,1
122000372,0,0,0
122000381,14,163,-149
122000382,39,159,-120
122000384,1485,881,604
122000385,0,0,0
122000386,26,196,-170
122000387,115,342,-227
122000388,357,215,142
122000389,166,487,-321
122000390,92,75,17
122000391,11,15,-4
122000392,76,191,-115
122000393,11,216,-205
122000394,63,217,-154
122000395,65,140,-75
122000396,73,83,-10
122000397,6,45,-39
122000398,5,7,-2
122000399,16,59,-43
122000400,33,77,-44
122000401,63,105,-42
122000402,8,5,3
122000403,139,1086,-947
122000404,22,97,-75
122000408,750,774,-24
122000503,6,15,-9
122000524,84,35,49
122000544,7,242,-235
122000614,88,51,37
122000616,594,1,593
122000640,26,149,-123
122000641,12,409,-397
122000642,602,871,-269
122000643,3,13,-10
122000644,80,23,57
122000645,163,129,34
122000651,559,394,165
122000664,95,21,74
122000665,740,346,394
122000666,295,543,-248
122000673,19,323,-304
122000674,90,30,60
122000675,398,828,-430
122000686,83,696,-613
122000687,125,299,-174
122000688,58,424,-366
122000689,135,519,-384
122000690,142,654,-512
122000691,114,1434,-1320
122000692,215,268,-53
122000693,165,878,-713
122000695,76,475,-399
122000696,42,111,-69
122000698,23,852,-829
122000699,62,25,37
122000701,320,267,53
122000702,146,1055,-909
122000703,12,3,9
122000717,293,36,257
122000718,813,133,680
122000719,5,38,-33
122000720,38,90,-52
122000724,262,252,10
122900001,1,0,1
122900002,248,132,116
122900003,46,11,35
122900004,104,9,95
122900005,27,0,27
122900006,142,26,116
122900007,161,14,147
122900008,102,5,97
122900009,46,10,36
122900010,0,0,0
122900012,22,6,16
122900014,41,141,-100
122900015,500,38,462
122900016,16,164,-148
122900017,789,446,343
122900018,69,1,68
122900019,4,111,-107
122900020,62,65,-3
122900021,515,185,330
122900022,74,554,-480
122900023,85,137,-52
122900024,21,60,-39
122900025,11,56,-45
122900026,70,181,-111
122900027,18,554,-536
122900028,38,65,-27
122900029,1138,81,1057
122900030,1115,98,1017
122900031,86,58,28
122900032,44,192,-148
122900033,41,39,2
122900034,663,589,74
122900035,0,3,-3
122900036,2,24,-22
122900037,48,35,13
122900038,41,543,-502
122900039,51,83,-32
122900040,5,43,-38
122900041,8,6,2
122900042,6,21,-15
122900043,18,34,-16
122900044,7,26,-19
122900045,9,14,-5
122900046,19,4,15
122900047,30,39,-9
122900048,9,28,-19
122900049,836,45,791
122900051,29,60,-31
122900052,5,36,-31
122900053,28,8,20
122900055,28,17,11
122900057,24,0,24
122900061,208,52,156
122900062,189,112,77
122900063,41,195,-154
122900064,729,411,318
122900065,104,65,39
122900066,198,100,98
122900067,724,330,394
122900069,79,160,-81
122900070,31,18,13
122900071,72,1353,-1281
122900073,1,15,-14
122900074,16,269,-253
122900076,0,107,-107
122900077,1,203,-202
122900078,11,110,-99
122900080,63,5,58
122900081,20,2,18
122900082,38,0,38
122900083,1,1,0
122900084,8,78,-70
122900086,9,39,-30
122900087,13,434,-421
122900088,3,26,-23
122900089,1,146,-145
122900090,9,931,-922
122900091,0,0,0
122900092,1,57,-56
122900093,0,103,-103
122900094,0,91,-91
122900095,0,0,0
122900096,0,55,-55
122900097,0,0,0
122900098,27,42,-15
122900099,3,0,3
122900100,35,24,11
122900101,62,12,50
122900102,0,2,-2
122900103,1,0,1
122900104,1,0,1
122900105,0,0,0
122900106,7,24,-17
122900107,0,45,-45
122900108,6,139,-133
122900109,40,111,-71
123000001,890,198,692
123000002,2624,954,1670
123000003,2241,1202,1039
123000004,2708,2826,-118
123000005,749,1002,-253
123000006,2182,1876,306
123000007,810,801,9
123000008,1404,2946,-1542
123000009,1900,1295,605
123000010,2880,2768,112
123000011,835,539,296
123000012,612,1787,-1175
123000013,1094,489,605
123000014,956,2901,-1945
123000015,641,203,438
123000016,4375,1626,2749
123000017,1753,970,783
123000018,32,71,-39
123000019,49,218,-169
123000020,21,70,-49
123000021,15,82,-67
123000022,179,450,-271
123000023,671,679,-8
123000024,476,324,152
123000025,21,62,-41
123000026,12,118,-106
123000027,43,170,-127
123000028,484,38,446
123000029,735,162,573
123000030,22,614,-592
123000031,52,264,-212
123000032,44,145,-101
123000033,45,30,15
123000034,386,403,-17
123000035,134,99,35
123000036,121,159,-38
123000037,114,195,-81
123000038,53,211,-158
123000039,773,685,88
123000040,755,297,458
123000041,355,189,166
123000042,345,344,1
123000043,1488,1350,138
123000044,2477,1023,1454
123000045,6524,839,5685
123000046,494,337,157
123000047,2136,558,1578
123000048,19,144,-125
123000049,3708,1335,2373
123000050,341,431,-90
123000051,48,95,-47
123000052,349,805,-456
123000053,2062,1119,943
123000054,880,566,314
123000055,360,419,-59
123000056,701,1284,-583
123000057,9842,2582,7260
123000058,178,235,-57
123000059,111,203,-92
123000060,222,189,33
123000061,91,331,-240
123000063,276,285,-9
123000064,406,99,307
123000065,4773,2081,2692
123000066,744,412,332
123000067,160,311,-151
123000068,2103,1958,145
123000069,7505,2261,5244
123000070,135,398,-263
123000071,230,541,-311
123000072,482,1025,-543
123000073,230,401,-171
123000074,455,1393,-938
123000075,142,298,-156
123000076,247,674,-427
123000077,1213,2412,-1199
123000078,414,824,-410
123000079,327,910,-583
123000080,959,1664,-705
123000081,127,369,-242
123000082,213,818,-605
123000083,217,44,173
123000084,146,425,-279
123000085,21,110,-89
123000086,45,400,-355
123000087,21,378,-357
123000088,363,917,-554
123000089,137,422,-285
123000090,549,717,-168
123000091,825,604,221
123000092,795,705,90
123000094,108,110,-2
123000095,62,325,-263
123000096,119,212,-93
123000097,120,825,-705
123000098,199,279,-80
123000099,292,665,-373
123000100,266,206,60
123000101,298,150,148
123000102,185,262,-77
123000104,230,206,24
123000105,394,354,40
123000106,285,137,148
123000107,329,385,-56
123000108,849,730,119
123000111,225,76,149
123000112,301,279,22
123000113,318,1274,-956
123000114,310,326,-16
123000115,78,176,-98
123000116,11,113,-102
123000117,643,1804,-1161
123000118,207,792,-585
123000119,150,669,-519
123000120,203,621,-418
123000121,191,463,-272
123000122,182,240,-58
123000123,295,408,-113
123000124,405,402,3
123000125,356,268,88
123000126,918,739,179
123000127,1803,703,1100
123000128,113,317,-204
123000129,19,17,2
123000130,19,8,11
123000131,147,190,-43
123000132,173,378,-205
123000133,131,249,-118
123000134,283,99,184
123000135,422,643,-221
123000136,94,975,-881
123000137,69,291,-222
123000138,34,404,-370
123000139,19,19,0
123000140,76,455,-379
123000141,69,6,63
123000142,467,655,-188
123000143,711,2029,-1318
123000144,8,9,-1
123000145,100,68,32
123000146,10,66,-56
123000147,13,63,-50
123000149,91,188,-97
123000150,48,91,-43
123000151,188,206,-18
123000152,20,199,-179
123000153,98,200,-102
123000154,1271,634,637
123000155,1467,461,1006
123000156,26,55,-29
123000157,245,583,-338
123000158,349,237,112
123000159,1444,723,721
123000160,146,142,4
123000161,395,249,146
123000162,102,403,-301
123000163,32,9,23
123000164,198,53,145
123000165,102,1414,-1312
123000166,12,95,-83
123000167,39,172,-133
123000168,70,316,-246
123000169,53,25,28
123000170,1,258,-257
123000171,2,22,-20
123000172,113,465,-352
123000173,36,17,19
123000174,78,24,54
123000175,681,1042,-361
123000176,106,30,76
123000177,130,804,-674
123000178,131,24,107
123000179,8,624,-616
123000180,542,132,410
123000181,143,1000,-857
123000182,29,308,-279
123000183,102,91,11
123000184,20,628,-608
123000185,69,180,-111
123000186,5,497,-492
123000187,54,0,54
123000188,24,1,23
123000189,52,182,-130
123000190,10,46,-36
123000192,4,387,-383
123000193,16,425,-409
123000194,318,163,155
123000195,53,4,49
123000196,65,2,63
123000197,28,59,-31
123000198,4,157,-153
123000199,3,345,-342
123000200,52,4,48
123000201,158,3,155
123000202,19,1055,-1036
123000203,138,12,126
123000204,41,1229,-1188
123000205,121,1583,-1462
123000206,351,42,309
123000207,49,861,-812
123000208,98,24,74
123000209,359,94,265
123000210,271,1150,-879
123000211,396,2056,-1660
123000212,403,95,308
123000213,95,11,84
123000215,68,47,21
123000216,55,44,11
123000217,53,3,50
123000218,43,160,-117
123000219,221,12,209
123000220,97,8,89
123000221,43,54,-11
123000222,121,242,-121
123000223,17,242,-225
123000224,136,350,-214
123000225,24,57,-33
123000226,1,288,-287
123000227,13,256,-243
123000228,17,34,-17
123000229,684,1554,-870
123000232,41,432,-391
123000233,91,17,74
123000234,55,559,-504
123000235,58,107,-49
123000236,78,727,-649
123000237,76,7,69
123000238,30,498,-468
123000239,223,1684,-1461
123000240,9,103,-94
123000241,403,36,367
123000242,22,130,-108
123000243,207,716,-509
123000244,421,359,62
123000245,24,151,-127
123000249,361,419,-58
123000252,148,32,116
123000253,90,107,-17
123000254,167,717,-550
123000255,235,295,-60
123000256,20,224,-204
123000257,1745,1645,100
123000258,422,932,-510
123000259,91,203,-112
123000260,97,343,-246
123000261,34,127,-93
123000262,64,212,-148
123000263,129,35,94
123000264,85,12,73
123000265,15,119,-104
123000266,199,441,-242
123000267,71,99,-28
123000268,4,61,-57
123000269,14,19,-5
123000270,13,10,3
123000271,27,78,-51
123000272,282,111,171
123000273,34,165,-131
123000274,280,105,175
123000275,84,655,-571
123000278,1785,1622,163
123000279,24,38,-14
123000280,75,238,-163
123000281,60,29,31
123000282,15,168,-153
123000283,36,24,12
123000284,32,98,-66
123000286,192,118,74
123000287,339,163,176
123000288,120,124,-4
123000289,126,178,-52
123000291,141,654,-513
123000294,168,280,-112
123000295,356,498,-142
123000296,75,156,-81
123000297,153,596,-443
123000298,127,464,-337
123000299,22,111,-89
123000300,209,279,-70
123000301,25,72,-47
123000302,29,112,-83
123000303,13,35,-22
123000305,586,677,-91
123000306,21,217,-196
123000309,19,54,-35
123000310,21,14,7
123000311,2,132,-130
123000312,491,600,-109
123000313,88,81,7
123000315,22,215,-193
123000316,413,144,269
123000317,54,18,36
123000318,23,234,-211
123000329,61,15,46
123000337,23,102,-79
123000338,112,40,72
123000339,28,307,-279
123000340,55,189,-134
123000342,4,183,-179
123000343,0,0,0
123000344,447,187,260
123000345,167,345,-178
123000346,28,18,10
123000352,1271,554,717
123000353,5,88,-83
123000354,51,3,48
123000355,3,261,-258
123000356,28,0,28
123000357,0,188,-188
123000359,0,205,-205
123000360,0,0,0
123000361,357,110,247
123000362,20,71,-51
123000363,6,159,-153
123000364,197,109,88
123000365,12,102,-90
123000366,139,461,-322
123000367,168,691,-523
123000370,10,256,-246
123000371,13,4,9
123000372,12,2,10
123000373,0,279,-279
123000374,2,104,-102
123000375,50,8,42
123000376,207,290,-83
123000377,22,15,7
123000378,2,339,-337
123000379,2,140,-138
123000380,35,99,-64
123000381,36,3,33
123000382,198,11,187
123000383,88,369,-281
123000384,95,18,77
123000385,258,489,-231
123000436,31,345,-314
123000507,174,166,8
123000508,166,165,1
123000517,243,21,222
123000518,46,206,-160
123000519,155,67,88
123000520,50,168,-118
123000521,167,69,98
123000522,201,389,-188
123000541,0,0,0
123000542,0,27,-27
123000565,170,19,151
123000566,48,839,-791
123000567,55,214,-159
123000573,23,818,-795
123000574,63,23,40
123000575,345,918,-573
123000576,97,1656,-1559
123000577,84,309,-225
123000578,173,34,139
123000579,2235,907,1328
123000580,90,7,83
123000582,19,4,15
123000583,5,277,-272
123000584,52,67,-15
123000585,0,69,-69
123000586,0,1,-1
123000596,82,120,-38
123000597,39,39,0
123000602,0,0,0
123000603,44,450,-406
123000604,146,815,-669
123000605,200,6,194
123000606,1,363,-362
123000609,9,286,-277
123000610,21,29,-8
123000613,96,157,-61
123000614,36,11,25
123000615,90,266,-176
123000616,50,10,40
123000617,39,518,-479
123000618,29,532,-503
123000619,70,2,68
123000620,27,484,-457
123000622,87,6,81
123000624,58,28,30
123000630,179,209,-30
123000631,75,1440,-1365
123000632,929,844,85
123000633,1,111,-110
123000634,7,1,6
123000635,121,42,79
123000636,15,476,-461
123000637,64,9,55
123000638,111,43,68
123000639,258,443,-185
123000640,2,936,-934
123000648,47,14,33
123000649,25,435,-410
123900001,935,40,895
123900002,8,533,-525
123900003,129,277,-148
123900005,37,22,15
123900006,23,4,19
124000001,524,30,494
124000002,82,1076,-994
124000003,78,56,22
124000004,22,473,-451
124000005,134,37,97
124000006,112,1039,-927
124000007,118,30,88
124000008,9,224,-215
124000009,107,87,20
124000010,60,570,-510
124000011,39,43,-4
124000012,103,757,-654
124000017,0,0,0
124000018,79,120,-41
124000019,0,0,0
124000020,27,178,-151
124000021,0,0,0
124000022,71,169,-98
124000023,654,649,5
124000024,606,429,177
124000025,570,455,115
124000026,735,792,-57
124000027,3252,1083,2169
124000028,2215,2301,-86
124000030,2028,853,1175
124000031,279,162,117
124000032,4602,892,3710
124000033,473,77,396
124000034,1143,913,230
124000035,124,32,92
124000036,63,652,-589
124000037,120,105,15
124000038,19,88,-69
124000039,378,115,263
124000040,200,204,-4
124000041,83,19,64
124000042,32,214,-182
124000043,15,13,2
124000044,36,297,-261
124000045,187,240,-53
124000046,72,630,-558
124000047,238,333,-95
124000048,187,1446,-1259
124000049,292,271,21
124000050,192,1841,-1649
124000051,114,217,-103
124000052,198,1090,-892
124000053,170,297,-127
124000054,404,561,-157
124000055,585,465,120
124000056,2451,1016,1435
124000057,293,212,81
124000058,254,1163,-909
124000059,135,257,-122
124000060,451,609,-158
124000061,603,1193,-590
124000062,6313,1116,5197
124000063,952,1048,-96
124000064,1420,1376,44
124000065,97,198,-101
124000066,114,14,100
124000067,9,59,-50
124000068,14,69,-55
124000069,71,71,0
124000070,49,463,-414
124000071,15,36,-21
124000072,79,473,-394
124000073,178,48,130
124000074,96,658,-562
124000075,0,0,0
124000076,3,179,-176
124000077,664,405,259
124000078,933,89,844
124000079,347,409,-62
124000080,19,18,1
124000081,53,565,-512
124000082,4,43,-39
124000083,19,125,-106
124000084,33,46,-13
124000085,16,38,-22
124000086,1,23,-22
124000087,27,12,15
124000088,56,108,-52
124000089,126,168,-42
124000090,44,333,-289
124000091,90,105,-15
124000092,27,666,-639
124000093,40,27,13
124000094,24,197,-173
124000095,18,47,-29
124000096,47,200,-153
124000097,38,42,-4
124000098,41,124,-83
124000099,17,26,-9
124000100,33,81,-48
124000101,18,95,-77
124000102,45,62,-17
124000103,14,43,-29
124000104,26,81,-55
124000105,47,34,13
124000106,70,93,-23
124000107,10,45,-35
124000108,31,18,13
124000109,47,26,21
124000110,56,103,-47
124000111,89,166,-77
124000112,187,421,-234
124000113,25,57,-32
124000114,93,476,-383
124000115,183,582,-399
124000116,31,72,-41
124000117,62,42,20
124000118,16,40,-24
124000119,257,364,-107
124000120,82,306,-224
124000121,1675,430,1245
124000122,574,619,-45
124000123,362,189,173
124000124,227,535,-308
124000125,174,188,-14
124000126,178,347,-169
124000127,229,215,14
124000128,228,732,-504
124000129,817,815,2
124000130,559,426,133
124000131,469,256,213
124000132,637,639,-2
124000133,199,277,-78
124000134,404,520,-116
124000135,697,563,134
124000136,546,706,-160
124000137,497,229,268
124000138,813,584,229
124000139,257,51,206
124000140,38,394,-356
124000141,183,14,169
124000142,24,499,-475
124000143,33,7,26
124000144,5,134,-129
124000145,18,17,1
124000146,5,93,-88
124000148,10,13,-3
124000149,277,123,154
124000150,212,332,-120
124000151,231,114,117
124000152,339,749,-410
124000153,139,130,9
124000154,176,676,-500
124000155,405,270,135
124000156,831,684,147
124000169,51,73,-22
124000170,379,269,110
124000171,18,70,-52
124000172,111,440,-329
124000173,53,152,-99
124000174,110,566,-456
124000175,3,113,-110
124000176,0,0,0
124000177,13,68,-55
124000178,0,0,0
124000185,10,5,5
124000186,3,50,-47
124000187,5,98,-93
124000188,13,4,9
124000190,109,17,92
124000191,164,24,140
124000192,118,23,95
124000193,108,713,-605
124000194,186,490,-304
124000195,66,285,-219
124000196,492,972,-480
124000197,30,30,0
124000198,9,39,-30
124000201,37,715,-678
124000202,5,56,-51
124000203,67,780,-713
124000204,11,258,-247
124000205,14,468,-454
124000206,24,284,-260
124000207,1,66,-65
124000209,87,419,-332
124000210,33,157,-124
124000211,20,1,19
124000212,4,454,-450
124000213,30,258,-228
124000214,16,478,-462
124000215,0,0,0
124000216,1,482,-481
124000329,25,1749,-1724
124000338,15,920,-905
124000339,101,11,90
124000341,134,24,110
124000344,19,15,4
124000357,386,357,29
124000358,535,470,65
124000359,240,168,72
124000360,117,137,-20
124000361,333,200,133
124000362,843,1351,-508
124000363,177,445,-268
124000364,289,899,-610
124000365,521,987,-466
124000366,1718,979,739
124000367,45,398,-353
124000368,55,52,3
124000369,16,25,-9
124000370,29,347,-318
124000402,4,7,-3
124000403,16,3,13
124000404,9,64,-55
124000405,490,315,175
124000406,529,631,-102
124000407,0,30,-30
124000411,2,302,-300
124000412,43,4,39
124000413,57,30,27
124000414,29,125,-96
124000415,24,133,-109
124000416,77,207,-130
124000417,27,69,-42
124000418,17,98,-81
124000419,8,167,-159
124000420,19,33,-14
124000421,14,241,-227
124000422,7,15,-8
124000423,13,16,-3
124000424,3,92,-89
124000425,29,1,28
124000426,6,192,-186
124000427,23,6,17
124000428,3,38,-35
124000429,9,73,-64
124000430,261,444,-183
124000431,96,579,-483
124000432,100,714,-614
124000439,0,2,-2
124000443,1,15,-14
124000445,247,62,185
124000446,1921,37,1884
124000447,20,21,-1
124000448,20,8,12
124000449,13,13,0
124000450,5,246,-241
124000451,3,156,-153
124900001,80,98,-18
124900002,28,322,-294
124900003,114,255,-141
124900004,72,194,-122
124900005,112,113,-1
124900006,116,160,-44
124900008,455,204,251
124900009,13,31,-18
124900010,30,9,21
124900011,63,39,24
124900012,77,28,49
124900013,78,51,27
124900014,17,20,-3
124900015,32,19,13
124900016,4,8,-4
124900017,154,50,104
124900018,1,0,1
124900020,3,1,2
124900021,11,2,9
124900022,2,1,1
124900024,14,0,14
124900026,9,13,-4
124900027,11,56,-45
124900028,272,75,197
124900029,4,119,-115
124900030,2,80,-78
124900031,8,183,-175
124900032,97,77,20
124900033,27,205,-178
124900034,4,42,-38
124900035,49,210,-161
124900036,0,31,-31
124900037,42,177,-135
124900038,191,213,-22
124900039,0,26,-26
124900040,21,45,-24
124900041,89,1035,-946
124900042,5,0,5
124900043,142,960,-818
124900044,7,1,6
124900045,263,436,-173
124900047,96,90,6
124900048,64,75,-11
124900050,54,168,-114
124900052,34,239,-205
124900053,9,237,-228
124900054,2134,179,1955
124900055,2,51,-49
124900057,3,40,-37
124900060,16,119,-103
124900061,1,0,1
124900062,4,2,2
124900066,0,16,-16
124900067,2,108,-106
124900068,94,95,-1
124900070,1,1,0
124900072,13,8,5
124900075,10,155,-145
124900076,9,134,-125
124900077,12,44,-32
124900078,12,4,8
124900079,344,13,331
124900080,62,611,-549
124900081,153,71,82
124900082,141,814,-673
124900083,77,413,-336
124900085,943,114,829
124900086,14,214,-200
124900087,205,37,168
124900088,550,57,493
124900089,784,9,775
124900090,41,39,2
124900091,83,320,-237
124900092,50,242,-192
124900093,18,35,-17
124900094,17,70,-53
124900095,16,63,-47
124900096,82,30,52
124900097,18,22,-4
124900098,41,181,-140
124900099,144,136,8
124900100,12,1,11
124900101,2,8,-6
124900102,13,0,13
124900103,11,187,-176
124900104,23,151,-128
124900105,17,101,-84
124900106,14,5,9
124900107,17,1,16
124900108,59,14,45
124900111,0,29,-29
124900112,50,612,-562
124900113,1,69,-68
124900114,4,19,-15
124900115,0,0,0
124900116,19,6,13
124900117,385,31,354
124900118,44,10,34
124900119,87,50,37
124900120,11,223,-212
124900121,60,39,21
124900122,455,132,323
124900123,227,16,211
124900124,106,62,44
204000001,8,8,0
204000002,1,2,-1
204000003,0,0,0
204000004,0,1,-1
204000005,138,123,15
204000006,228,177,51
204000011,16,55,-39
204000012,18,163,-145
204000019,263,247,16
204000020,166,421,-255
204000021,828,376,452
204000022,145,232,-87
204000023,204,1015,-811
204000031,28,2,26
204000032,165,10,155
204000034,56,369,-313
204000035,3,5,-2
204000036,9,28,-19
204000037,3,27,-24
204000038,1,46,-45
204000039,3,73,-70
204000040,5,32,-27
204000041,2,41,-39
204000042,1,1,0
204000043,1,2,-1
204000044,1,1,0
204000045,2,0,2
204000046,0,2,-2
204000057,0,52,-52
204000062,24,424,-400
204000068,44,171,-127
204000069,12,148,-136
204000070,11,45,-34
204000080,23,53,-30
204000085,437,896,-459
204000086,1880,1134,746
204000087,41,27,14
204000088,21,71,-50
204000090,38,514,-476
204000093,29,18,11
204000096,224,154,70
204000097,33,25,8
204000099,314,323,-9
204000100,215,297,-82
204000105,948,893,55
204000110,428,919,-491
204000111,240,594,-354
204000112,252,722,-470
204000113,190,594,-404
204000114,180,108,72
204000115,55,171,-116
204000116,165,264,-99
204000119,286,267,19
204000132,175,73,102
204000133,246,100,146
204000134,82,40,42
204000135,140,61,79
204000136,52,73,-21
204000138,126,132,-6
204000140,82,44,38
204000141,73,18,55
204000144,1,5,-4
204000145,101,3,98
204000146,57,349,-292
204000147,29,120,-91
204000148,151,6,145
204000154,0,0,0
204000155,3,13,-10
204000177,14,54,-40
204000179,1,1,0
204000180,1,84,-83
204000222,1,11,-10
204000235,23,13,10
204000236,25,268,-243
204000238,6,2,4
204000240,66,25,41
204000263,300,1168,-868
204000268,337,177,160
204000308,18,1,17
204000317,19,38,-19
204000322,8,26,-18
204000323,1,0,1
204000328,53,11,42
204000329,101,91,10
204000330,24,22,2
204000331,111,186,-75
205000001,751,783,-32
205000013,4,96,-92
205000014,13,133,-120
205000015,34,245,-211
205000016,12,193,-181
205000017,45,110,-65
205000022,260,487,-227
205000025,1525,634,891
205000029,77,11,66
205000045,17,112,-95
205000046,38,366,-328
205000047,42,366,-324
205000048,59,700,-641
205000049,47,479,-432
205000050,903,208,695
205000059,0,203,-203
205000060,0,32,-32
205000061,0,28,-28
205000062,0,38,-38
205000063,9,45,-36
205000064,11,112,-101
205000065,31,584,-553
205000066,20,743,-723
205000067,21,1013,-992
205000069,335,25,310
205000082,8,15,-7
205000110,35,170,-135
205000111,103,178,-75
205000112,6,6,0
205000113,205,112,93
205000121,3,3,0
205000123,55,174,-119
205000126,0,0,0
205000127,0,0,0
205000128,0,0,0
205000129,0,0,0
205000130,0,0,0
205000131,0,0,0
205000132,0,0,0
205000133,0,0,0
205000134,0,0,0
205000137,118,110,8
205000138,234,182,52
205000139,47,66,-19
205000144,16,5,11
205000145,26,11,15
205000151,0,0,0
205000152,0,0,0
205000153,0,0,0
205000154,0,0,0
205000155,0,0,0
205000207,97,123,-26
205000233,0,0,0
205000234,0,0,0
205000243,0,0,0
205000244,0,7,-7
205000245,22,392,-370
205000249,0,29,-29
205000250,1,0,1
205000264,5,103,-98
206000027,0,0,0
206000028,0,0,0
206000043,21,210,-189
206000053,33,21,12
206000054,22,44,-22
206000055,3,60,-57
206000075,6,5,1
206000076,20,19,1
206000077,15,10,5
206000078,13,8,5
206000079,23,6,17
206000082,250,25,225
206000100,79,712,-633
206000103,8,25,-17
206000104,12,27,-15
206000105,8,33,-25
206000106,19,49,-30
206000125,15,0,15
206000157,289,840,-551
206000170,1,339,-338
206000171,6,346,-340
206000172,7,1425,-1418
206000173,4,437,-433
206000174,4,264,-260
206000175,6,321,-315
206000176,24,554,-530
206000177,4,376,-372
206000178,2,278,-276
206000179,4,141,-137
206000180,96,353,-257
206000181,17,390,-373
206000182,66,358,-292
206000183,68,1261,-1193
206000184,11,560,-549
206000185,14,517,-503
206000186,183,2004,-1821
206000223,14,354,-340
206000226,0,0,0
206000227,0,0,0
206000237,41,535,-494
206000238,91,809,-718
206000239,870,2557,-1687
206000240,3,65,-62
206000241,3,255,-252
206000242,8,707,-699
206000243,8,622,-614
206000244,85,1392,-1307
206000245,222,34,188
206000246,27,6,21
206000247,39,6,33
206000248,53,7,46
206000252,73,42,31
206000258,16,29,-13
206000315,23,9,14
206000317,101,46,55
206000318,42,27,15
206000319,155,45,110
206000320,31,27,4
206000321,28,8,20
206000322,69,11,58
206000323,43,17,26
206000324,29,7,22
206000325,66,8,58
206000326,42,12,30
206000327,51,7,44
206000328,34,5,29
206000329,46,5,41
206000330,15,8,7
206000331,22,2,20
206000332,19,4,15
206000333,73,0,73
206000334,55,2,53
206000335,1,25,-24
206000361,14,319,-305
206000392,13,56,-43
206000405,90,1,89
206000441,0,2,-2
206000498,10,5,5
206000515,350,40,310
206000530,20,5,15
206000531,19,29,-10
206000532,341,48,293
206000535,369,2010,-1641
206000536,37,354,-317
206000537,15,185,-170
206000613,302,33,269
206000784,343,62,281
207000001,73,315,-242
207000002,19,256,-237
207000003,61,208,-147
207000007,143,73,70
207000008,33,17,16
207000009,32,23,9
207000010,366,516,-150
207000012,33,15,18
207000015,317,1552,-1235
207000019,66,58,8
207000021,183,97,86
207000022,35,56,-21
207000023,44,24,20
207000024,5,7,-2
207000025,3,49,-46
207000026,66,51,15
207000027,8,52,-44
207000028,22,207,-185
207000029,142,313,-171
207000033,169,145,24
207000034,131,35,96
207000039,16,18,-2
207000040,2,9,-7
207000041,0,1,-1
207000042,0,2,-2
207000043,0,0,0
207000051,54,318,-264
207000052,6,195,-189
207000053,254,617,-363
207000054,20,137,-117
207000055,33,210,-177
207000056,132,385,-253
207000057,84,277,-193
207000058,48,531,-483
207000059,36,914,-878
207000060,31,254,-223
207000061,83,51,32
207000062,47,54,-7
207000063,87,140,-53
207000064,180,142,38
207000065,98,157,-59
207000066,48,154,-106
207000067,12,93,-81
207000068,40,51,-11
207000069,464,258,206
207000082,37,442,-405
207000083,70,349,-279
207000084,30,51,-21
207000085,81,15,66
207000086,43,10,33
207000106,0,0,0
207000107,0,0,0
207000108,0,0,0
207000109,0,0,0
207000110,0,0,0
207000111,0,0,0
207000112,0,0,0
207000114,8,29,-21
207000115,8,48,-40
207000116,24,141,-117
207000117,4,122,-118
207000118,3,108,-105
207000119,12,100,-88
207000123,0,0,0
207000124,0,0,0
207000125,0,0,0
207000126,0,0,0
207000134,17,257,-240
207000135,34,274,-240
207000148,0,0,0
207000149,78,38,40
207000152,99,314,-215
207000153,814,638,176
207000154,187,85,102
207000159,48,224,-176
207000160,71,620,-549
207000238,0,53,-53
207000242,5,104,-99
207000248,22,24,-2
207000249,80,35,45
207000250,280,61,219
207000251,47,66,-19
207000252,24,82,-58
207000278,6,8,-2
207000279,10,202,-192
207000280,58,25,33
207000281,57,1104,-1047
207000282,24,13,11
207000283,39,138,-99
207000284,14,16,-2
207000285,84,19,65
207000291,8,111,-103
207000304,80,87,-7
207000306,24,376,-352
207000310,0,0,0
207000353,0,0,0
207000356,3,16,-13
207000357,0,0,0
207000358,1,2,-1
207000415,5,121,-116
207000417,0,0,0
207000418,64,99,-35
207000438,0,2,-2
207000439,1130,264,866
207000446,0,0,0
207000460,5,7,-2
207000466,133,173,-40
207000467,6,7,-1
207000468,20,513,-493
207000476,8,61,-53
207000477,77,73,4
207000478,0,4,-4
207000523,0,23,-23
207000524,0,0,0
207000527,65,95,-30
207000530,0,0,0
207000531,0,0,0
207000532,0,0,0
207000534,0,0,0
207000535,85,90,-5
207000537,25,49,-24
207000540,4,126,-122
207000541,0,199,-199
207000548,10,211,-201
207000549,0,0,0
207000561,0,0,0
207000562,29,114,-85
207000567,186,210,-24
207000568,20,72,-52
207000569,44,858,-814
207000584,250,78,172
207000585,0,0,0
207000587,0,0,0
207000616,2,221,-219
207000617,4,0,4
207000624,0,0,0
207000631,0,0,0
207900008,39,219,-180
208000001,95,230,-135
208000002,99,186,-87
208000003,217,166,51
208000004,273,240,33
208000005,2,20,-18
208000019,57,220,-163
208000020,20,79,-59
208000021,49,333,-284
208000022,317,526,-209
208000028,672,446,226
208000033,193,405,-212
208000034,587,842,-255
208000037,0,0,0
208000040,12,51,-39
208000041,157,166,-9
208000042,102,127,-25
208000047,45,245,-200
208000064,767,268,499
208000066,261,153,108
208000070,67,205,-138
208000071,84,343,-259
208000072,86,389,-303
208000080,79,114,-35
208000081,51,85,-34
208000082,90,201,-111
208000083,56,286,-230
208000084,1,11,-10
208000085,472,472,0
208000086,193,702,-509
208000087,97,482,-385
208000089,360,427,-67
208000090,264,776,-512
208000093,16,67,-51
208000094,201,370,-169
208000095,453,250,203
208000104,209,240,-31
208000105,139,255,-116
208000114,0,0,0
208000115,77,211,-134
208000116,55,429,-374
208000117,6,70,-64
208000118,15,45,-30
208000155,251,618,-367
208000158,1200,1385,-185
208000186,773,265,508
208000204,166,542,-376
208000205,413,874,-461
208000282,2405,577,1828
209000004,52,66,-14
209000005,16,12,4
209000006,128,72,56
209000007,101,129,-28
209000010,227,139,88
209000011,88,144,-56
209000012,97,287,-190
209000013,100,712,-612
209000014,444,1679,-1235
209000025,110,29,81
209000026,314,47,267
209000027,150,1241,-1091
209000028,161,1336,-1175
209000029,286,1140,-854
209000030,255,1522,-1267
209000031,3707,2235,1472
209000034,157,228,-71
209000035,91,163,-72
209000036,69,96,-27
209000037,103,211,-108
209000038,60,167,-107
209000039,44,124,-80
209000040,190,464,-274
209000041,187,402,-215
209000042,203,356,-153
209000043,399,473,-74
209000044,210,390,-180
209000045,191,158,33
209000046,51,283,-232
209000047,37,129,-92
209000048,38,113,-75
209000049,51,227,-176
209000050,148,288,-140
209000051,100,372,-272
209000052,59,303,-244
209000062,18,145,-127
209000063,6,149,-143
209000064,13,148,-135
209000065,19,28,-9
209000066,21,49,-28
209000067,24,72,-48
209000080,11,138,-127
209000082,40,65,-25
209000091,20,58,-38
209000093,63,30,33
209000094,153,75,78
209000110,25,64,-39
209000111,285,527,-242
209000112,162,195,-33
209000113,273,228,45
209000114,108,138,-30
209000115,64,177,-113
209000116,834,493,341
209000118,13,21,-8
209000119,17,5,12
209000121,100,740,-640
209000135,64,103,-39
209000142,766,355,411
209000143,17,37,-20
209000144,9,34,-25
209000229,22,106,-84
209000240,25,434,-409
209000259,97,167,-70
209000260,31,680,-649
209000261,1,404,-403
209000262,1,347,-346
209000263,0,71,-71
209000264,1,14,-13
209000265,0,1,-1
209000266,0,0,0
209000267,0,0,0
209000268,0,0,0
210000037,22,8,14
210000047,3,3,0
210000048,0,7,-7
210000049,8,5,3
210000052,16,119,-103
210000053,8,71,-63
210000054,40,76,-36
210000070,0,0,0
210000071,0,0,0
210000072,0,0,0
210000073,0,23,-23
210000074,1,66,-65
210000075,1,34,-33
210000076,1,109,-108
210000077,12,22,-10
210000078,18,27,-9
210000079,1,1,0
210000080,6,3,3
210000081,14,0,14
210000082,3,0,3
210000083,21,1,20
210000084,1,0,1
210000085,1,45,-44
210000086,5,76,-71
210000099,14,160,-146
210000100,22,220,-198
210000101,50,182,-132
210000105,29,84,-55
210000159,2,73,-71
210000163,184,180,4
210000164,115,25,90
210000168,46,6,40
210000187,0,2,-2
210000188,0,14,-14
210000214,0,0,0
210000219,7,20,-13
210000220,13,19,-6
210000232,2,37,-35
210000233,2,20,-18
210000234,18,132,-114
210000235,18,118,-100
210000245,0,36,-36
210000246,3,0,3
210000258,1,152,-151
210000259,10,5,5
210000282,25,106,-81
210000285,1,70,-69
210000286,8,135,-127
210000290,3,4,-1
210000295,17,108,-91
210000296,60,35,25
210000320,42,24,18
210000321,7,12,-5
210000338,28,99,-71
210000339,473,407,66
210000340,81,131,-50
210000341,93,116,-23
210000342,97,115,-18
210000343,51,162,-111
210000344,103,60,43
210000345,126,34,92
210000346,11,22,-11
210000347,6,16,-10
210000348,26,6,20
210000349,11,6,5
210000350,34,56,-22
210000351,30,97,-67
210000352,15,60,-45
210000353,29,89,-60
210000354,27,82,-55
210000355,11,70,-59
210000356,7,31,-24
210000357,14,14,0
210000358,195,29,166
210000359,20,17,3
210000360,58,40,18
210000361,22,43,-21
210000362,44,47,-3
210000363,224,29,195
210000364,22,16,6
210000365,21,12,9
210000366,20,9,11
210000367,2,2,0
210000368,10,3,7
210000369,2,10,-8
210000370,10,22,-12
210000372,9,15,-6
210000373,2,2,0
210000374,8,3,5
210000375,12,61,-49
210000376,17,89,-72
210000404,106,116,-10
210000439,3,9,-6
210000472,24,2,22
210000482,26,17,9
210000564,198,23,175
210000567,1,2,-1
210000568,79,0,79
211000092,8,78,-70
211000094,1,8,-7
211000169,135,4,131
211000172,5,118,-113
211000209,0,11,-11
211000226,2,2,0
211000270,3,20,-17
211000275,18,24,-6
211000276,38,28,10
211000279,3,38,-35
211000281,6,58,-52
211000302,10,109,-99
211507980,0,10,-10
211977296,0,4,-4
212000003,26,22,4
212000004,11,29,-18
212000005,15,25,-10
212000006,16,85,-69
212000008,66,239,-173
212000009,7,144,-137
212000012,18,72,-54
212000013,8,40,-32
212000014,109,142,-33
212000015,113,206,-93
212000016,336,427,-91
212000027,203,187,16
212000028,80,133,-53
212000029,59,72,-13
212000030,8,17,-9
212000031,9,32,-23
212000048,15,57,-42
212000049,8,23,-15
212000050,5,13,-8
212000051,81,172,-91
212000052,79,314,-235
212000053,239,455,-216
212000054,64,76,-12
212000055,57,134,-77
212000056,0,15,-15
212000057,2,7,-5
212000058,65,6,59
212000070,69,285,-216
212000077,72,502,-430
212000099,66,103,-37
212000108,40,85,-45
212000111,38,60,-22
212000120,70,116,-46
212000138,23,13,10
212000156,6,99,-93
212000158,1,7,-6
212000159,75,34,41
212000160,126,114,12
212000161,9,2,7
212000310,13,26,-13
212000311,1,14,-13
212000374,5,22,-17
213000001,18,465,-447
213000005,62,41,21
213000006,210,38,172
213000007,14,1,13
213000009,63,28,35
213000010,25,36,-11
213000011,42,17,25
213000012,68,230,-162
213000014,11,0,11
213000015,9,0,9
213000016,17,0,17
213000017,2,0,2
213000018,2,170,-168
213000019,0,129,-129
213000020,34,192,-158
213000021,0,78,-78
213000023,0,0,0
213000033,113,374,-261
213000034,95,68,27
213000035,24,20,4
213000045,63,168,-105
213000046,112,111,1
213000047,340,361,-21
213000056,2,4,-2
213000069,20,0,20
213000073,1,7,-6
213000074,91,373,-282
213000075,46,0,46
213000076,4,1,3
213000085,3,20,-17
213000086,1,143,-142
213000091,0,0,0
213000092,0,0,0
213000099,76,524,-448
213000100,147,4,143
213000101,4,142,-138
213000102,10,363,-353
213000103,106,420,-314
213000104,45,333,-288
213000105,2,57,-55
213000106,8,247,-239
213000107,35,693,-658
213000108,13,455,-442
213000109,2,237,-235
213000110,0,48,-48
213000111,3,51,-48
213000112,84,125,-41
213000115,0,0,0
213000116,52,400,-348
213000117,4,557,-553
213000118,106,226,-120
213000119,15,585,-570
213000120,28,630,-602
213000122,136,590,-454
213000123,485,752,-267
213000124,51,1085,-1034
213000125,0,0,0
213000126,21,68,-47
213000127,81,88,-7
213000128,586,399,187
213000129,0,0,0
213000130,30,2,28
213000132,9,6,3
213000133,2,0,2
213000134,32,1,31
213000136,47,9,38
213000137,187,14,173
213000139,97,4,93
213000147,2,0,2
213000148,3,6,-3
213000149,3,9,-6
213000150,0,64,-64
213000151,0,48,-48
213000152,2,46,-44
213000153,2,33,-31
213000154,18,217,-199
213000155,22,271,-249
213000156,40,481,-441
213000157,466,444,22
213000158,126,421,-295
213000159,110,146,-36
213000163,42,5,37
213000165,77,9,68
213000171,1,124,-123
213000172,1,277,-276
213000173,0,245,-245
213000174,0,187,-187
213000175,3,88,-85
213000176,0,0,0
213000177,0,0,0
213000178,0,0,0
213000179,0,0,0
213000180,0,0,0
213000184,39,296,-257
213000188,26,30,-4
213000189,25,8,17
213000190,172,338,-166
213000191,39,338,-299
213000192,34,403,-369
213000193,1240,93,1147
213000194,2,11,-9
213000195,8,374,-366
213000196,62,516,-454
213000197,41,26,15
213000198,3,0,3
213000200,72,822,-750
213000201,110,52,58
213000202,4,510,-506
213000203,624,59,565
213000204,97,7,90
213000205,31,11,20
213000206,29,6,23
213000207,8,0,8
213000208,0,0,0
213000209,2,0,2
213000210,7,0,7
213000211,1,4,-3
213000212,1,17,-16
213000213,1,29,-28
213000218,68,583,-515
213000219,0,0,0
213000220,0,0,0
213000223,81,28,53
213000224,3,4,-1
213000225,16,3,13
213000226,3,1,2
213000227,130,42,88
213000228,19,21,-2
213000229,119,8,111
213000230,52,2,50
213000232,29,341,-312
213000233,2,11,-9
213000234,1,16,-15
213000293,1,37,-36
213000294,5,3,2
213000295,5,45,-40
213000296,23,2,21
213000297,3,38,-35
213000298,20,43,-23
213000299,21,8,13
213000300,1,4,-3
213000303,3,28,-25
213000304,1,7,-6
213000305,2,4,-2
213000306,27,11,16
213000307,13,50,-37
213000308,43,193,-150
213000309,28,19,9
213000310,77,6,71
213000311,159,450,-291
213000315,15,95,-80
213000316,30,24,6
213000322,15,96,-81
213000323,11,50,-39
213000324,3,24,-21
213000325,14,34,-20
213000326,0,6,-6
213000327,0,10,-10
213000328,4,57,-53
213000329,3,18,-15
213000340,63,885,-822
213000341,4,0,4
213000346,26,9,17
213000347,224,13,211
213000348,1,136,-135
213000349,5,5,0
213000350,132,1235,-1103
213000366,9,161,-152
213000367,33,9,24
213000379,24,109,-85
213000386,1,119,-118
213000406,41,201,-160
213000417,195,112,83
213000425,29,35,-6
213000426,49,64,-15
213000427,13,259,-246
213000428,14,204,-190
213000429,4,1,3
213000430,35,558,-523
213000431,81,1,80
213000432,0,4,-4
213000433,1,104,-103
213000434,18,33,-15
213000435,17,54,-37
213000436,3,29,-26
213000437,0,4,-4
213000438,23,32,-9
213000439,11,1,10
213000440,6,130,-124
213000441,1,0,1
213000442,0,29,-29
213000443,167,107,60
213000444,2,56,-54
213000445,0,59,-59
213000446,0,2,-2
213000447,1,9,-8
213000448,1,26,-25
213000449,33,0,33
213000450,2,21,-19
213000451,7,19,-12
213000452,0,6,-6
213000453,14,167,-153
213000455,27,14,13
213000456,0,57,-57
213000481,11,8,3
213000482,44,1,43
213000489,141,7,134
213000491,1,38,-37
213000492,10,0,10
213000493,0,10,-10
213000494,8,7,1
213000495,0,84,-84
213000496,4,1,3
213000497,17,212,-195
213000498,33,166,-133
213000499,60,517,-457
213000500,16,2,14
213000501,5,2,3
213000502,17,2,15
213000503,0,26,-26
213000504,4,123,-119
213000505,0,8,-8
213000506,0,9,-9
213000507,1,141,-140
213900244,0,0,0
213900245,0,26,-26
218000003,10,17,-7
218000004,7,11,-4
218000005,7,7,0
218000006,17,36,-19
218000007,8,14,-6
218000012,170,44,126
218000013,49,140,-91
218000014,418,251,167
218000019,693,278,415
218000020,238,271,-33
218000021,3,58,-55
218000022,6,29,-23
218000023,2,22,-20
218000024,0,11,-11
218000025,5,21,-16
218000026,4,30,-26
218000027,1,10,-9
218000028,0,3,-3
218000029,1,4,-3
218000030,7,9,-2
218000031,0,23,-23
218000032,1,17,-16
218000040,3,2,1
218000046,13,155,-142
218000047,5,194,-189
218000048,28,228,-200
218000049,54,163,-109
218000050,159,297,-138
218000051,23,377,-354
218000052,1,49,-48
218000053,2,11,-9
218000054,8,16,-8
218000055,1,17,-16
218000056,6,25,-19
218000057,1,35,-34
218000064,2,4,-2
218000065,38,36,2
218000066,18,50,-32
218000067,8,71,-63
218000068,28,74,-46
218000069,76,156,-80
218000070,97,307,-210
218000071,128,213,-85
218000072,254,228,26
218000078,333,1058,-725
218000079,24,40,-16
218000080,36,45,-9
218000081,119,206,-87
218000082,7,112,-105
218000083,13,68,-55
218000084,65,220,-155
218000085,159,391,-232
218000086,33,155,-122
218000087,80,194,-114
218000090,17,39,-22
218000091,303,144,159
218000092,43,141,-98
218000093,66,124,-58
218000094,292,645,-353
218000099,229,235,-6
218000100,152,204,-52
218000101,112,95,17
218000102,116,215,-99
218000103,34,145,-111
218000104,15,46,-31
218000105,11,9,2
218000106,12,9,3
218000107,19,103,-84
218000108,1,49,-48
218000112,19,8,11
218000117,17,52,-35
218000134,216,551,-335
218000135,8,62,-54
218000136,43,28,15
218000137,44,145,-101
218000138,0,52,-52
218000139,29,256,-227
218000140,48,128,-80
218000141,14,41,-27
218000142,38,102,-64
218000143,7,147,-140
218000144,11,53,-42
218000145,107,281,-174
218000146,39,95,-56
218000151,19,17,2
218000152,67,66,1
218000153,2,7,-5
218000154,1,3,-2
218000155,9,1,8
218000156,23,22,1
218000157,1,12,-11
218000158,1,10,-9
218000159,4,6,-2
218000160,1,2,-1
218000161,17,5,12
218000162,14,10,4
218000163,2,3,-1
218000164,16,9,7
218000165,22,34,-12
218000170,3,35,-32
218000171,27,7,20
218000172,10,7,3
218000173,26,14,12
218000174,6,8,-2
218000176,89,21,68
218000177,263,46,217
218000178,62,43,19
218000179,72,32,40
218000180,63,7,56
218000181,103,10,93
218000187,3,6,-3
218000188,3,25,-22
218000189,4,31,-27
218000190,2,19,-17
218000191,32,76,-44
218000192,40,363,-323
218000193,251,408,-157
218000194,75,401,-326
218000195,85,90,-5
218000196,150,234,-84
218000197,93,263,-170
218000198,5,114,-109
218000199,12,17,-5
218000200,12,42,-30
218000201,5,9,-4
218000202,189,115,74
218000207,10,92,-82
218000208,11,38,-27
218000211,18,20,-2
218000212,0,0,0
218000213,61,55,6
218000214,7,9,-2
218000215,27,126,-99
218000217,0,97,-97
218000218,232,85,147
218000219,12,19,-7
218000220,41,199,-158
218000221,99,75,24
218000222,19,31,-12
218000223,143,131,12
218000224,3,49,-46
218000225,169,41,128
218000226,59,44,15
218000230,0,0,0
218000232,17,38,-21
218000239,0,0,0
218000240,0,0,0
218000241,0,0,0
218000242,0,0,0
218000243,0,0,0
218000244,0,0,0
218000245,0,0,0
218000246,0,0,0
218000247,0,0,0
218000248,0,19,-19
218000249,0,0,0
218000250,2,7,-5
218000251,1,25,-24
218000252,0,31,-31
218000253,0,6,-6
218000254,0,19,-19
218000255,0,10,-10
218000256,1,53,-52
218000267,669,731,-62
218000268,1,53,-52
218000269,0,14,-14
218000270,23,90,-67
218000271,70,111,-41
218000273,5,13,-8
218000274,8,1,7
218000275,14,26,-12
218000276,2,52,-50
218000278,45,30,15
218000279,28,53,-25
218000280,3,39,-36
218000281,7,11,-4
218000282,163,47,116
218000284,51,5,46
218000301,14,73,-59
218000302,38,29,9
218000303,12,39,-27
218000316,414,804,-390
218000317,394,895,-501
218000318,166,672,-506
218000319,457,1462,-1005
218000320,321,677,-356
218000338,11,17,-6
218000345,44,58,-14
218000346,5,25,-20
218000459,65,293,-228
218000490,4,16,-12
218000501,18,24,-6
218000502,16,104,-88
218000503,55,14,41
218000504,60,15,45
218000505,18,138,-120
218000506,50,107,-57
218000508,0,1,-1
218000510,158,22,136
218000520,63,79,-16
218000521,4,56,-52
218000522,0,113,-113
218000523,9,9,0
218000524,39,65,-26
218000525,7,11,-4
218000526,26,40,-14
218000529,21,220,-199
218000530,2,5,-3
218000531,4,19,-15
218000532,4,19,-15
218000534,4,2,2
218000537,6,4,2
218000538,58,111,-53
218000540,182,70,112
218000543,62,38,24
218000544,21,139,-118
218000545,11,50,-39
218000546,18,123,-105
218000547,28,72,-44
218000548,50,149,-99
218000549,207,58,149
218000550,343,516,-173
218000551,134,238,-104
218000552,168,27,141
218000553,4,45,-41
218000554,12,18,-6
218000555,12,19,-7
218000556,46,364,-318
218000557,131,70,61
218000558,0,1,-1
218000559,0,20,-20
218000560,0,7,-7
218000561,0,0,0
218000562,18,139,-121
218000563,11,14,-3
218000564,4,78,-74
218000565,21,16,5
218000566,66,26,40
218000567,3,27,-24
218000568,0,0,0
218000569,2,87,-85
218000570,5,8,-3
218000571,1,62,-61
218000572,0,0,0
218000573,2,12,-10
218000574,0,23,-23
218000575,0,0,0
218000576,1,53,-52
218000577,0,0,0
218000578,0,37,-37
218000579,12,4,8
218000581,1,49,-48
218000582,6,0,6
218000583,2,1,1
218000584,0,17,-17
218000585,12,1,11
218000586,0,22,-22
218000587,0,0,0
218000588,0,0,0
218000589,0,0,0
218000590,0,0,0
218000591,0,11,-11
218000592,0,0,0
218000593,0,0,0
218000594,0,1,-1
218000596,0,0,0
218000597,0,0,0
218000598,0,0,0
218000599,0,0,0
218000600,0,0,0
218000601,0,0,0
218000602,0,0,0
218000603,0,1,-1
218000604,0,0,0
218000605,0,11,-11
218000606,6,0,6
218000607,3,14,-11
218000608,6,2,4
218000609,0,25,-25
218000610,5,0,5
218000611,1,0,1
218000612,0,29,-29
218000613,3,0,3
218000614,0,32,-32
218000615,15,1,14
218000616,0,93,-93
218000617,1,0,1
218000618,0,24,-24
218000619,4,3,1
218000620,2,18,-16
218000621,0,0,0
218000622,0,0,0
218000623,0,0,0
218000624,0,1,-1
218000625,5,1,4
218000626,0,5,-5
218000628,15,8,7
218000631,0,4,-4
218000632,2,42,-40
218000633,0,0,0
218000634,2,8,-6
218000635,4,4,0
218000636,385,1129,-744
218000637,367,479,-112
218000638,15,23,-8
218000639,11,272,-261
218000640,10,10,0
218000641,18,356,-338
218000652,132,152,-20
218000653,166,108,58
218000663,3,71,-68
218000675,4,14,-10
218000676,0,20,-20
218000677,3,1,2
218000680,101,427,-326
218000681,2,1,1
218000691,33,322,-289
218000693,6,1,5
218000703,0,31,-31
218000718,87,252,-165
218000719,33,19,14
218000720,2,16,-14
218000721,4,3,1
218000725,1,3,-2
218001147,7,306,-299
218001214,18,14,4
218001258,20,2,18
218001329,0,1,-1
218001330,108,93,15
218001351,1,2,-1
218001352,2,14,-12
218001353,0,3,-3
218001354,3,12,-9
218001355,22,296,-274
218001356,38,1,37
218001357,5,224,-219
218001358,39,0,39
218001361,7,2,5
218001362,0,239,-239
219000001,11,85,-74
219000002,22,87,-65
219000003,51,44,7
219000004,85,30,55
219000017,53,20,33
219000020,45,2,43
219000022,25,0,25
219000023,78,2,76
219000029,2,82,-80
219000034,2,11,-9
219000039,30,43,-13
219000040,4,23,-19
219000041,65,24,41
219000051,0,34,-34
219000052,0,23,-23
219000053,5,220,-215
219000054,13,123,-110
219000055,35,1,34
219000056,3,0,3
219000057,21,0,21
219000062,4,89,-85
219000063,15,10,5
219000064,4,22,-18
219000110,86,52,34
219000111,80,41,39
219000112,124,20,104
219000113,41,26,15
219000114,183,10,173
219000116,80,41,39
219000117,176,108,68
219000118,84,63,21
219000123,165,54,111
219000124,10,37,-27
219000125,4,25,-21
219000126,20,81,-61
219000127,0,8,-8
219000128,6,66,-60
219000129,27,122,-95
219000130,1310,600,710
219000131,1401,896,505
219000133,28,36,-8
219000134,8,12,-4
219000135,49,46,3
219000136,130,119,11
219000138,32,20,12
219000139,14,55,-41
219000140,10,1,9
219000141,10,120,-110
219000142,4,79,-75
219000143,9,73,-64
219000145,0,16,-16
219000146,3,49,-46
219000147,1,86,-85
219000148,0,96,-96
219000149,23,205,-182
219000150,1,116,-115
219000151,3,77,-74
219000157,117,95,22
219000158,84,242,-158
219000161,110,15,95
219000163,1173,286,887
219000166,47,84,-37
219000167,52,253,-201
219000168,178,28,150
219000174,114,45,69
219000175,26,6,20
219000176,20,5,15
219000177,2,1,1
219000178,4,1,3
219000179,12,6,6
219000180,28,38,-10
219000182,16,0,16
219000183,4,44,-40
219000184,10,0,10
219000185,0,126,-126
219000186,1,41,-40
219000187,4,93,-89
219000189,90,106,-16
219000190,183,203,-20
219000191,989,461,528
219000192,138,136,2
219000193,296,162,134
219000195,11,49,-38
219000196,2,73,-71
219000198,15,142,-127
219000199,58,125,-67
219000200,24,150,-126
219000201,70,207,-137
219000203,13,84,-71
219000204,36,156,-120
219000205,11,164,-153
219000207,88,194,-106
219000209,24,74,-50
219000210,13,97,-84
219000213,15,211,-196
219000239,78,142,-64
219000240,118,242,-124
219000241,22,211,-189
219000242,59,200,-141
219000243,28,323,-295
219000244,4,110,-106
219000245,5,40,-35
219000246,2,8,-6
219000247,32,26,6
219000248,213,40,173
219000249,23,14,9
219000250,26,8,18
219000251,149,15,134
219000252,0,0,0
219000253,0,0,0
219000255,15,48,-33
219000256,29,28,1
219000257,0,0,0
219000262,28,227,-199
219000263,20,244,-224
219000267,3,153,-150
219000268,3,5,-2
219000269,7,3,4
219000270,6,0,6
219000271,88,3,85
219000278,0,10,-10
219000279,2,6,-4
219000283,0,7,-7
219000295,14,88,-74
219000296,59,432,-373
219000297,16,134,-118
219000298,12,219,-207
219000299,113,9,104
219000300,20,317,-297
219000301,91,239,-148
219000302,15,182,-167
219000307,18,59,-41
219000308,75,24,51
219000311,34,28,6
219000312,86,12,74
219000313,68,8,60
219000314,107,442,-335
219000315,7,5,2
219000316,54,1,53
219000317,10,1,9
219000320,0,45,-45
219000321,0,17,-17
219000323,9,80,-71
219000325,1,36,-35
219000326,38,115,-77
219000327,33,35,-2
219000328,23,42,-19
219000329,311,105,206
219000330,16,24,-8
219000331,37,49,-12
219000332,25,49,-24
219000333,7,5,2
219000335,14,0,14
219000337,0,0,0
219000338,0,0,0
219000344,32,86,-54
219000345,105,140,-35
219000346,14,177,-163
219000348,49,129,-80
219000349,25,220,-195
219000350,51,70,-19
219000351,0,5,-5
219000352,171,50,121
219000353,57,40,17
219000354,66,101,-35
219000355,40,18,22
219000356,1320,272,1048
219000363,261,62,199
219000364,96,35,61
219000365,100,5,95
219000366,448,139,309
219000368,340,209,131
219000370,692,110,582
219000371,25,23,2
219000382,6,23,-17
219000383,616,582,34
219000385,569,362,207
219000386,811,911,-100
219000387,1,2,-1
219000390,16,0,16
219000391,10,1,9
219000397,78,121,-43
219000398,76,31,45
219000401,1,54,-53
219000402,10,53,-43
219000403,30,118,-88
219000404,13,23,-10
219000407,1,13,-12
219000409,0,0,0
219000410,0,0,0
219000411,0,0,0
219000446,195,527,-332
219000447,1,38,-37
219000448,0,0,0
219000452,47,25,22
219000453,36,62,-26
219000454,209,92,117
219000556,50,5,45
219000558,74,246,-172
219000590,6,105,-99
219000591,14,3,11
219000592,78,334,-256
219000595,1,28,-27
219000635,12,0,12
219000636,11,99,-88
219000657,17,10,7
219000658,6,50,-44
219000673,0,29,-29
219000676,0,1,-1
219000679,15,17,-2
219000684,23,5,18
219000685,0,0,0
219000686,0,1,-1
219000688,0,143,-143
219000689,72,114,-42
219000690,0,0,0
219000691,55,68,-13
219000692,2,18,-16
219000693,0,32,-32
219000694,9,0,9
219000695,0,0,0
219000698,0,0,0
219000699,0,17,-17
219000727,1,271,-270
219000728,116,4,112
219000770,0,0,0
219000771,1,35,-34
219000788,141,159,-18
219001150,1,6,-5
219001151,194,87,107
219001166,0,0,0
219001167,0,52,-52
219001178,29,0,29
220000001,7,27,-20
220000002,13,89,-76
220000003,205,303,-98
220000004,372,554,-182
220000005,848,1198,-350
220000006,91,724,-633
220000007,165,869,-704
220000008,121,1032,-911
220000009,126,449,-323
220000010,50,127,-77
220000011,408,514,-106
220000012,16,42,-26
220000014,5,78,-73
220000015,5,45,-40
220000017,18,241,-223
220000018,2398,241,2157
220000019,41,122,-81
220000020,67,196,-129
220000021,270,114,156
220000022,317,383,-66
220000023,105,149,-44
220000024,956,288,668
220000025,280,316,-36
220000026,170,86,84
220000027,9,62,-53
220000028,23,28,-5
220000029,39,88,-49
220000030,15,81,-66
220000031,32,181,-149
220000064,0,11,-11
221000046,2,0,2
221000047,0,0,0
221000048,0,0,0
221000049,0,7,-7
221000050,11,0,11
221000055,32,30,2
221000057,30,3,27
221000068,228,60,168
221000069,175,35,140
221000070,67,16,51
221000071,25,8,17
221000072,74,21,53
221000073,56,25,31
221000074,0,9,-9
221000075,1,14,-13
221000076,7,43,-36
221000077,26,78,-52
221000081,5,7,-2
221000082,26,1,25
221000083,7,1,6
221000084,3,4,-1
221000085,9,47,-38
221000086,11,150,-139
221000087,4,133,-129
221000088,23,112,-89
221000089,38,175,-137
221000090,157,307,-150
221000098,42,8,34
221000099,151,13,138
221000100,31,7,24
221000101,121,17,104
221000102,57,5,52
221000109,5,86,-81
221000110,4,169,-165
221000111,15,115,-100
221000112,1,123,-122
221000113,6,132,-126
221000114,8,129,-121
221000120,1,20,-19
221000121,0,7,-7
221000122,10,4,6
221000123,13,33,-20
221000124,5,277,-272
221000155,20,2,18
221000156,1,9,-8
221000175,0,2,-2
221000176,6,6,0
221000182,20,3,17
221000241,421,82,339
221000242,294,223,71
221000243,219,63,156
221000244,107,222,-115
221000245,32,93,-61
221000246,21,124,-103
221000247,26,114,-88
221000248,15,113,-98
221000267,16,416,-400
221000325,26,36,-10
221000331,0,41,-41
221000338,0,7,-7
221000378,56,5,51
221000381,44,102,-58
222000282,0,0,0
222000296,1,11,-10
222000568,39,3,36
222000569,6,2,4
222000570,10,1,9
222000571,28,3,25
222000577,3,188,-185
222000578,9,141,-132
222000579,28,79,-51
222000580,65,521,-456
222000599,0,101,-101
222000600,1,221,-220
222000601,4,683,-679
222000603,1,12,-11
222000604,0,22,-22
222000605,0,5,-5
222000606,2,3,-1
222000607,1,1,0
222000608,2,11,-9
222000609,21,328,-307
222000616,2,0,2
222000617,0,0,0
222000618,0,0,0
222000620,0,0,0
222000621,0,0,0
222000623,0,0,0
222000624,0,0,0
222000625,0,46,-46
222000636,8,1,7
222000686,0,0,0
222000687,0,0,0
222001066,46,3,43
222001067,0,3,-3
222001068,0,16,-16
222001069,0,18,-18
222001082,1,45,-44
222001083,1,66,-65
222001084,0,34,-34
222001085,0,80,-80
222001111,3,209,-206
222001112,10,11,-1
222001313,0,0,0
222001314,0,60,-60
222001464,0,9,-9
222001465,4,227,-223
222001484,1,0,1
222001485,21,83,-62
222001494,30,18,12
222001495,55,444,-389
222001496,17,16,1
222001497,59,546,-487
222001502,34,97,-63
222001503,0,0,0
222001504,7,203,-196
222001505,0,0,0
222001506,21,198,-177
222001507,0,0,0
222001510,0,0,0
222001511,33,321,-288
222001514,0,0,0
222001515,90,665,-575
222001518,0,0,0
222001519,22,358,-336
222001527,0,0,0
222001528,23,121,-98
222001529,0,0,0
222001530,12,151,-139
222001533,142,353,-211
222001534,0,0,0
222001535,6,17,-11
222001536,47,345,-298
222001537,0,0,0
222001538,24,409,-385
222001563,0,0,0
222001564,18,646,-628
222001568,7,32,-25
222001576,0,0,0
222001579,0,2,-2
222001583,15,288,-273
222001584,0,2,-2
222001596,144,931,-787
222001597,25,9,16
222001626,1,129,-128
222001650,4,18,-14
222001651,1,35,-34
222001914,0,0,0
222001915,39,142,-103
222001968,55,37,18
222001969,362,720,-358
222001970,12,100,-88
222001971,0,6,-6
222001972,0,19,-19
225000001,74,46,28
225000002,67,23,44
225000003,99,6,93
225000004,58,27,31
225000005,8,4,4
225000006,0,103,-103
225000007,2942,688,2254
225000010,91,3,88
225000011,116,130,-14
225000012,24,59,-35
225000013,3,20,-17
225000014,28,5,23
225000015,67,160,-93
225000021,62,41,21
225000027,153,315,-162
225000032,78,36,42
225000042,44,452,-408
225000049,25,54,-29
225000050,46,8,38
225000053,1,102,-101
225000058,66,20,46
225000067,49,202,-153
225000068,37,446,-409
225000069,82,416,-334
225000070,59,406,-347
225000071,11,272,-261
225000075,24,557,-533
225000076,48,56,-8
225000078,14,8,6
225000085,0,0,0
225000086,0,0,0
225000087,0,0,0
225000088,6,65,-59
225000089,283,317,-34
225000090,11,190,-179
225000091,34,185,-151
225000092,12,52,-40
225000093,65,360,-295
225000094,13,419,-406
225000095,180,437,-257
225000096,47,333,-286
225000098,135,60,75
225000099,60,30,30
225000100,86,38,48
225000104,17,291,-274
225000110,6,296,-290
225000111,97,712,-615
225000112,90,570,-480
225000113,34,402,-368
225000114,29,190,-161
225000115,2059,255,1804
225000116,164,13,151
225000117,70,33,37
225000118,117,25,92
225000119,31,3,28
225000120,30,12,18
225000121,107,8,99
225000123,47,7,40
225000125,71,105,-34
225000126,589,83,506
225000127,660,149,511
225000128,102,100,2
225000132,104,26,78
225000133,115,6,109
225000134,290,48,242
225000135,7,7,0
225000136,40,4,36
225000137,40,30,10
225000138,178,16,162
225000143,68,106,-38
225000144,3,193,-190
225000145,0,0,0
225000146,12,118,-106
225000147,12,281,-269
225000148,0,173,-173
225000149,21,327,-306
225000151,27,252,-225
225000155,115,231,-116
225000156,115,351,-236
225000157,64,190,-126
225000158,43,377,-334
225000171,2,168,-166
225000180,8,2,6
225000181,0,30,-30
225000182,3,3,0
225000185,15,176,-161
225000187,40,278,-238
225000191,1,0,1
225000194,0,19,-19
225000208,0,42,-42
225000209,0,0,0
225000210,3,103,-100
225000217,0,20,-20
225000218,3,0,3
225000223,0,25,-25
225000224,34,0,34
225000225,0,2,-2
225000226,26,0,26
225000227,30,46,-16
225000228,1,1,0
225000229,0,74,-74
225000230,2,1,1
225000231,0,132,-132
225000232,11,0,11
225000241,18,0,18
225000242,4,31,-27
225000249,0,0,0
225000250,23,614,-591
225000251,153,8,145
226000042,247,355,-108
226000043,26,209,-183
226000044,68,641,-573
226000045,68,397,-329
226000046,140,34,106
226000047,127,29,98
226000048,176,38,138
226000049,111,54,57
226000070,1,46,-45
226000071,1,48,-47
226000072,1,4,-3
226000073,1,5,-4
226000074,0,11,-11
226000084,7,24,-17
226000085,0,4,-4
226000086,0,7,-7
226000087,0,8,-8
226000088,8,8,0
226000090,6,4,2
226000091,1,0,1
226000092,2,0,2
226000093,2,0,2
226000094,5,3,2
226000095,6,2,4
226000105,1,1,0
226000106,3,1,2
226000107,13,1,12
226000108,10,1,9
226000109,46,2,44
226000124,109,48,61
226000134,238,158,80
226000135,374,312,62
226000136,112,114,-2
226000137,15,367,-352
226000138,5,260,-255
226000139,1,26,-25
226000156,34,0,34
226000157,74,13,61
226000163,41,25,16
226000202,4,283,-279
226000231,132,8,124
226000232,3,8,-5
227000033,156,27,129
227000036,100,16,84
227000037,75,6,69
227000038,68,11,57
227000049,0,5,-5
227000050,0,52,-52
227000055,5,0,5
227000056,2,0,2
227000084,0,32,-32
227000085,1,32,-31
227000088,2,1,1
227000089,31,2,29
227000090,8,1,7
227000091,4,1,3
227000093,15,0,15
227000094,6,1,5
227000130,13,62,-49
227000131,2,233,-231
227000132,3,221,-218
227000133,7,264,-257
227000134,8,426,-418
227000152,0,2,-2
227000153,0,57,-57
227000155,0,7,-7
227000156,0,25,-25
227000165,3,18,-15
227000196,51,296,-245
227000199,17,438,-421
227000230,15,477,-462
227000232,20,4,16
227000242,56,386,-330
227000243,300,45,255
227000245,23,366,-343
227000246,58,381,-323
227000247,153,74,79
227000248,119,32,87
227000249,21,240,-219
227000250,441,130,311
227000251,118,374,-256
227000252,5,309,-304
227000253,63,21,42
227000262,191,17,174
227000266,29,2,27
227000267,39,1916,-1877
227000282,19,243,-224
227000284,49,6,43
227000286,6,86,-80
227000287,19,143,-124
227000291,16,482,-466
227000484,88,10,78
227000485,23,519,-496
227000655,12,4,8
227000656,154,1,153
227000657,11,23,-12
227000661,31,0,31
227000680,54,12,42
229000265,2,16,-14
229000296,2,4,-2
229000297,5,18,-13
229000298,6,45,-39
229000320,1,1,0
229000321,3,2,1
229000412,1,30,-29
229000414,2,30,-28
229000415,2,0,2
229000416,0,1,-1
229000417,0,23,-23
229000419,44,125,-81
229000440,71,29,42
229000442,4,1,3
229000443,1,0,1
229000444,0,10,-10
229000445,3,3,0
229000446,2,8,-6
229000491,2,32,-30
229000492,6,67,-61
229000493,2,45,-43
229000494,7,10,-3
229000495,47,42,5
229000496,2,40,-38
229000507,0,18,-18
229000508,0,15,-15
229000509,0,24,-24
229000510,3,7,-4
229000511,1,23,-22
229000512,0,12,-12
229000513,0,2,-2
229000514,0,1,-1
229000517,0,2,-2
229000518,2,24,-22
229000519,1,9,-8
229000520,1,18,-17
229000521,12,45,-33
229000522,1,18,-17
229000523,7,14,-7
229000524,2,10,-8
229000527,0,3,-3
229000528,1,0,1
229000529,0,0,0
229000530,16,7,9
229000531,7,12,-5
229000532,6,3,3
229000533,73,17,56
229000534,26,8,18
229000564,17,3,14
229000565,4,3,1
229000566,0,23,-23
229000567,0,54,-54
229000582,98,8,90
229000583,1,8,-7
229000584,0,23,-23
229000585,1,25,-24
229000718,0,0,0
229000719,0,1,-1
229000720,1,10,-9
229000721,0,8,-8
229000722,0,25,-25
229000723,0,9,-9
229000724,0,0,0
229000725,0,1,-1
229000738,1,1,0
229000739,1,0,1
229000740,2,0,2
229000741,6,0,6
229000742,11,1,10
229000743,14,1,13
229000744,1,1,0
229000745,0,0,0
229000746,12,1,11
229000847,17,0,17
229000848,14,0,14
229000849,121,1,120
229000851,22,1,21
229000854,1,55,-54
229000856,2,187,-185
229000857,0,55,-55
229000858,1,167,-166
229000919,3,105,-102
229000930,0,171,-171
229000937,177,26,151
229000966,62,24,38
229000981,9,68,-59
229000985,1,18,-17
229000986,1,2,-1
229000987,0,0,0
229000988,0,0,0
229000989,1,1,0
229000990,1,0,1
229000991,0,2,-2
229000992,4,1,3
229000993,74,6,68
229000998,17,6,11
229000999,26,2,24
229001034,0,4,-4
229001035,2,1,1
229001037,11,6,5
229001042,5,5,0
229001047,2,14,-12
229001050,5,28,-23
229001168,0,5,-5
229001200,1,1,0
229001338,0,10,-10
229001394,290,4,286
229001422,227,36,191
229001423,16,130,-114
229001431,93,76,17
229001432,31,74,-43
229001444,28,20,8
229001445,7,140,-133
229001479,3,6,-3
229001503,151,106,45
229001504,61,189,-128
229001505,195,93,102
229001506,56,185,-129
229001509,14,17,-3
229001545,106,16,90
229001546,4,74,-70
229001553,45,9,36
229001554,5,90,-85
229001559,1,8,-7
229001560,0,4,-4
229001630,14,3,11
229001631,3,18,-15
229001635,0,7,-7
229001636,0,0,0
229001658,2,65,-63
229001659,103,5,98
229001660,0,2,-2
229001661,0,8,-8
229001662,49,4,45
229001663,0,14,-14
229002584,29,43,-14
229002831,44,42,2
229002841,0,19,-19
229002842,1,7,-6
229002843,3,3,0
229002844,4,36,-32
229002845,0,49,-49
229002846,3,1,2
229002847,0,9,-9
229002848,0,4,-4
229002849,0,34,-34
229002850,0,0,0
229002851,6,48,-42
229002852,17,12,5
229002853,16,5,11
229002854,9,42,-33
229002855,1,41,-40
229002856,8,7,1
229002857,2,23,-21
229002858,2,5,-3
229002859,2,26,-24
229002860,1,0,1
229002861,0,4,-4
229002862,2,20,-18
229002863,0,16,-16
229002864,1,6,-5
229002865,0,5,-5
229002866,1,4,-3
229002867,0,7,-7
229002868,0,7,-7
229002869,4,98,-94
229002870,2,8,-6
235000066,114,55,59
235000067,44,66,-22
235000072,33,30,3
235000073,64,174,-110
235000074,30,45,-15
235000080,1,45,-44
235000081,42,153,-111
235000082,57,39,18
235000083,25,42,-17
235000084,3,18,-15
235000085,20,12,8
235000089,2,28,-26
235000092,6,86,-80
235000093,3,3,0
235000097,1,1,0
235000098,22,28,-6
235000099,4,13,-9
235000116,20,7,13
235000117,307,1,306
235000133,7,140,-133
235000134,1,47,-46
235000206,3,1,2
235000207,0,0,0
235000208,0,1,-1
235000209,8,0,8
235000210,3,1,2
235000212,0,8,-8
235000213,4,1,3
235000220,0,4,-4
235000221,24,2,22
235000238,2,19,-17
235000239,0,1,-1
235000242,121,111,10
235000245,1029,148,881
235000246,5,37,-32
235000284,1,69,-68
235000295,0,0,0
235000305,0,0,0
235000306,0,0,0
235000307,0,0,0
235000308,0,0,0
235000309,0,0,0
235000310,0,0,0
235000311,0,1,-1
235000322,1,10,-9
235000323,0,26,-26
235000324,0,2,-2
235000325,0,9,-9
235000326,2,232,-230
235000351,0,54,-54
235000352,8,34,-26
235000353,2,22,-20
235000354,0,27,-27
235000355,3,51,-48
235000356,0,0,0
235000357,0,0,0
235000358,0,0,0
235000359,0,0,0
235000360,0,0,0
235000361,0,0,0
235000381,29,332,-303
235000382,31,22,9
235000390,9,3,6
235000391,98,19,79
235000392,59,117,-58
235000393,52,52,0
235000395,40,30,10
235000396,119,50,69
235000400,33,53,-20
235000401,6,175,-169
235000405,40,372,-332
235000406,32,267,-235
235000407,40,91,-51
235000409,235,128,107
235000410,23,121,-98
235000411,2,43,-41
235000485,0,6,-6
235000486,5,0,5
235000549,23,22,1
235000550,31,121,-90
235000599,41,54,-13
235000600,4,4,0
235000601,15,16,-1
235000602,20,51,-31
235000614,1,0,1
235000648,0,42,-42
235000649,12,1,11
235000685,0,1,-1
235000815,5,25,-20
235000834,0,3,-3
235000855,22,13,9
235000862,12,176,-164
235000891,0,7,-7
235000892,39,31,8
235000901,82,75,7
235000907,1,6,-5
235001010,13,29,-16
235001029,496,279,217
235001030,481,104,377
235001078,35,49,-14
235001079,39,108,-69
235001147,12,17,-5
235001166,5,26,-21
235001167,6,32,-26
235001169,3,212,-209
235001188,0,5,-5
235001189,3,0,3
235001197,1,27,-26
235001200,26,10,16
235001207,89,35,54
235001210,28,361,-333
235001215,9,235,-226
235001239,0,23,-23
235001244,0,2,-2
235016267,0,10,-10
277101746,0,9,-9
277102712,0,1,-1
277103813,0,0,0
277103814,0,1,-1
277103898,0,0,0
277104249,0,3,-3
277104250,0,1,-1
277104251,1,9,-8
277104252,0,1,-1
990011530,3,206,-203
990014944,3,353,-350
990015176,1,12,-11
990015618,0,26,-26
990016032,2,184,-182
990032570,8,19,-11
990070001,0,1,-1
990070103,0,2,-2
990070601,1,22,-21
990070751,32,1,31
990070766,1,794,-793
990071180,0,65,-65
990071343,0,0,0
990071387,0,4,-4
990071823,16,0,16
990072600,0,422,-422
990072964,1,422,-421
990073285,0,0,0
990074393,2,649,-647
990074870,76,3,73
990075106,35,1,34
990075746,15,1,14
990076437,32,2,30
990076458,2,861,-859
997000007,19,2,17
997000041,1,101,-100
997000058,0,1,-1
997000062,0,0,0
997000069,0,3,-3
997000070,0,30,-30
997000100,0,1,-1
997000141,0,24,-24
997000198,25,29,-4
998000475,1,29,-28
998000736,2,225,-223
998000965,0,0,0
998001031,0,25,-25
998001700,1,14,-13
998001899,0,0,0
998001900,11,0,11
998003073,0,1,-1
998101900,0,0,0
998102850,0,52,-52
998501927,1,168,-167
998501929,30,0,30
998501930,42,0,42
998501931,2,4,-2
998501932,22,11,11
998501933,6,8,-2
998501937,0,0,0
998501944,0,1,-1
998501950,0,7,-7
998501970,0,2,-2
998501971,0,55,-55
998501973,0,60,-60
998501974,1,170,-169
998501975,0,1,-1
998501976,1,1,0
998501977,0,19,-19
998501978,15,5,10
998501979,0,8,-8
998501980,1,3,-2
998501981,6,0,6
998501982,0,73,-73
998501983,0,1,-1
998502006,0,0,0
998502024,0,6,-6
998502032,0,1,-1
998502062,2,1,1
998502063,0,0,0
998502173,23,0,23
998502269,0,1,-1
998502546,2,64,-62
998502578,0,0,0
998502599,49,24,25
998502621,0,0,0
998601159,1,182,-181
998601292,0,11,-11
999033574,2,493,-491
999800001,0,0,0
999800002,0,1,-1
999800003,0,4,-4
999800004,1,10,-9
999800005,0,3,-3
