ID,insum,outsum,diff
100000001,525,344,181
100000002,1331,429,902
100000003,4658,1674,2984
100000004,1189,560,629
100000005,1257,1732,-475
100000006,268,67,201
100000007,911,271,640
100000008,121,390,-269
100000009,165,111,54
100000010,23,28,-5
100000011,405,44,361
100000012,61,491,-430
100000013,25,129,-104
100000014,265,230,35
100000015,989,866,123
100000016,879,872,7
100000017,533,697,-164
100000018,861,393,468
100000019,3534,1086,2448
100000020,1215,2124,-909
100000021,4861,1351,3510
100000022,1169,518,651
100000023,4397,537,3860
100000025,1743,286,1457
100000028,1272,483,789
100000029,238,130,108
100000030,341,31,310
100000031,3557,3013,544
100000032,1853,1761,92
100000033,659,1221,-562
100000034,534,197,337
100000035,1685,576,1109
100000036,1917,653,1264
100000037,251,282,-31
100000038,813,562,251
100000039,442,92,350
100000040,116,58,58
100000041,489,245,244
100000042,425,247,178
100000043,522,212,310
100000044,374,545,-171
100000045,403,957,-554
100000046,539,974,-435
100000047,273,667,-394
100000048,276,368,-92
100000049,1304,2133,-829
100000051,417,924,-507
100000053,11,0,11
100000054,102,23,79
100000055,347,201,146
100000056,164,451,-287
100000057,1189,657,532
100000058,655,1010,-355
100000059,14,74,-60
100000060,216,191,25
100000061,1072,357,715
100000062,1002,345,657
100000063,345,192,153
100000064,600,269,331
100000065,394,859,-465
100000066,168,803,-635
100000067,255,677,-422
100000068,421,1346,-925
100000069,194,1551,-1357
100000072,385,744,-359
100000073,759,1063,-304
100000075,453,267,186
100000076,1792,1129,663
100000077,509,74,435
100000078,92,14,78
100000079,22,26,-4
100000080,9,16,-7
100000081,85,24,61
100000102,2010,899,1111
100000103,2728,456,2272
100000104,4052,803,3249
100000105,2738,404,2334
100000106,1783,1023,760
100000107,545,293,252
100000108,641,717,-76
100000109,2341,757,1584
100000116,1068,356,712
100000117,23,19,4
100000118,774,413,361
100000119,545,444,101
100000121,164,524,-360
100000122,712,457,255
100000123,2767,2862,-95
100000124,5240,3824,1416
100000125,2295,458,1837
100000126,526,150,376
100000127,1491,362,1129
100000128,568,653,-85
100000129,398,361,37
100000130,272,485,-213
100000131,2667,1963,704
100000132,1283,1061,222
100000133,6195,2038,4157
100000135,278,468,-190
100000139,164,210,-46
100000140,58,132,-74
100000142,300,472,-172
100000143,1542,839,703
100000144,3520,879,2641
100000147,688,1474,-786
100000150,18,439,-421
100000151,433,330,103
100000153,236,169,67
100000154,61,36,25
100000155,13,24,-11
100000156,24,46,-22
100000157,23,257,-234
100000158,46,108,-62
100000159,358,305,53
100000165,756,482,274
100000169,532,242,290
100000174,1083,279,804
100000179,53,457,-404
100000180,652,706,-54
100000181,71,181,-110
100000188,87,256,-169
100000189,409,207,202
100000190,325,219,106
100000191,380,341,39
100000192,74,78,-4
100000193,110,106,4
100000330,1623,337,1286
100000355,124,390,-266
100000362,3585,2608,977
100000363,1503,2352,-849
100000364,324,110,214
100000365,2550,4320,-1770
100000366,2992,1728,1264
100000367,1946,2749,-803
100000368,1583,1375,208
100000369,702,786,-84
100000370,106,352,-246
100000376,86,64,22
100000379,2026,637,1389
100000380,2722,1110,1612
100000384,3909,1775,2134
100000385,4212,1981,2231
100000386,6956,2166,4790
100000387,5703,2422,3281
100000388,7945,2419,5526
100000389,7274,2508,4766
100000390,7778,1949,5829
100000391,5414,2475,2939
100000392,2648,780,1868
100000393,1092,873,219
100000394,4908,2008,2900
100000395,2509,869,1640
100000396,3930,1036,2894
100000397,2050,1134,916
100000398,7874,5601,2273
100000413,39,7,32
100900002,3,48,-45
100900003,195,59,136
100900004,18,594,-576
100900005,77,8,69
100900006,6,210,-204
100900007,311,3,308
100900008,7,401,-394
100900009,17,29,-12
100900010,22,107,-85
100900011,54,310,-256
100900012,1,231,-230
100900013,215,5,210
100900014,2,9,-7
100900015,116,62,54
100900016,3,51,-48
100900017,347,45,302
100900018,0,18,-18
100900019,19,37,-18
100900020,256,3,253
100900021,171,1,170
100900022,2,16,-14
100900023,0,26,-26
100900024,677,0,677
100900025,10,8,2
100900026,42,151,-109
100900027,325,1236,-911
100900028,87,116,-29
100900029,111,4,107
100900030,5,10,-5
100900031,195,61,134
100900032,94,0,94
100900033,140,69,71
100900034,240,1,239
100900035,539,2,537
100900036,24,0,24
100900037,31,288,-257
100900038,40,18,22
100900039,337,691,-354
100900040,141,823,-682
100900041,165,857,-692
100900042,390,151,239
100900043,0,11,-11
100900044,2132,270,1862
100900045,45,0,45
100900046,471,8,463
100900047,700,78,622
100900048,73,14,59
100900049,62,211,-149
100900050,0,18,-18
100900051,48,37,11
100900052,92,12,80
100900053,119,24,95
100900054,7,102,-95
100900055,93,265,-172
100900056,61,208,-147
100900057,294,441,-147
100900058,127,18,109
100900059,20,0,20
100900060,58,2,56
100900061,252,163,89
100900062,3,60,-57
100900063,89,196,-107
100900064,295,9,286
100900065,39,60,-21
100900066,33,44,-11
100900067,0,10,-10
100900068,35,143,-108
100900069,292,2,290
100900070,107,3,104
100900071,584,147,437
100900072,2,98,-96
100900073,57,535,-478
100900074,0,12,-12
100900075,1978,187,1791
100900076,12,36,-24
100900077,1,124,-123
100900078,47,135,-88
100900079,5,34,-29
100900080,12,157,-145
100900081,14,55,-41
100900082,67,761,-694
100900083,2,40,-38
100900085,5,39,-34
100900086,91,299,-208
100900088,32,662,-630
100900089,6,37,-31
100900090,64,194,-130
100900091,0,12,-12
100900092,112,76,36
100900093,59,141,-82
100900094,74,651,-577
100900095,0,53,-53
100900096,20,53,-33
100900097,0,2,-2
100900098,9,36,-27
100900099,31,429,-398
100900100,2,159,-157
100900101,323,33,290
100900102,6,16,-10
100900103,2,22,-20
100900104,7,118,-111
100900105,3,49,-46
100900106,64,4,60
100900107,1259,330,929
100900108,1,2,-1
100900109,1,21,-20
100900110,2,27,-25
100900111,49,103,-54
100900112,2,8,-6
100900113,9,28,-19
100900114,1,15,-14
100900115,0,22,-22
100900116,465,315,150
100900117,143,411,-268
100900118,9,54,-45
100900119,4,34,-30
100900120,1,29,-28
100900121,165,221,-56
100900122,114,140,-26
100900123,87,77,10
100900124,3,7,-4
100900125,10,79,-69
100900126,59,128,-69
100900127,2,4,-2
100900128,56,64,-8
100900129,0,68,-68
100900131,55,96,-41
100900133,21,61,-40
100900134,3,6,-3
100900135,0,67,-67
100900137,227,128,99
100900138,378,260,118
100900139,2,5,-3
100900140,1,699,-698
100900141,1,206,-205
100900142,1,1,0
100900143,739,213,526
100900144,17,8,9
100900145,25,111,-86
100900146,3,8,-5
100900147,6,151,-145
100900148,42,939,-897
100900149,10,82,-72
100900150,7,6,1
100900151,86,472,-386
100900152,54,3,51
100900153,0,112,-112
100900154,1,23,-22
100900155,5,4,1
100900156,14,3,11
100900157,3,63,-60
100900159,1,10,-9
100900160,6,3,3
100900161,105,0,105
100900162,8,120,-112
100900163,100,169,-69
100900164,28,24,4
100900165,21,78,-57
100900166,27,1,26
100900167,13,75,-62
100900168,15,84,-69
100900169,163,858,-695
100900170,14,8,6
100900171,6,579,-573
100900172,0,6,-6
100900173,7,475,-468
100900174,237,63,174
100900176,872,45,827
100900177,720,148,572
100900178,267,76,191
100900179,59,32,27
100900180,2,2,0
100900181,74,21,53
100900182,5,12,-7
100900184,1,118,-117
100900186,898,404,494
100900187,14,170,-156
100900188,40,5,35
100900189,500,111,389
100900191,859,459,400
100900192,177,109,68
100900195,56,80,-24
100900197,15,107,-92
100900198,13,215,-202
100900199,13,13,0
100900200,449,288,161
100900201,49,588,-539
100900202,3,0,3
100900203,0,36,-36
100900204,85,77,8
100900205,92,253,-161
100900206,52,18,34
100900207,103,84,19
100900210,71,630,-559
100900211,175,44,131
100900213,30,16,14
100900214,659,41,618
100900215,8,35,-27
100900217,108,44,64
101000001,3243,1966,1277
101000002,3050,2430,620
101000003,546,1040,-494
101000004,8571,7440,1131
101000006,7396,4729,2667
101000007,1480,1891,-411
101000008,2662,1963,699
101000009,1011,1862,-851
101000010,626,1144,-518
101000011,1632,502,1130
101000012,1511,407,1104
101000013,357,599,-242
101000014,414,470,-56
101000015,627,604,23
101000016,299,283,16
101000017,338,394,-56
101000018,3268,1908,1360
101000020,3164,890,2274
101000021,915,143,772
101000022,169,52,117
101000023,1295,534,761
101000025,115,237,-122
101000026,317,16,301
101000027,1138,1045,93
101000028,764,140,624
101000029,26,478,-452
101000030,398,46,352
101000031,392,98,294
101000032,4271,1329,2942
101000033,1938,1237,701
101000034,2157,702,1455
101000035,917,197,720
101000036,1514,261,1253
101000037,4119,723,3396
101000039,2463,796,1667
101000040,3490,2065,1425
101000041,11305,1957,9348
101000042,564,353,211
101000043,8066,1688,6378
101000045,1469,207,1262
101000046,1704,353,1351
101000047,792,641,151
101000048,518,643,-125
101000049,622,633,-11
101000050,1501,482,1019
101000051,2097,728,1369
101000052,1377,292,1085
101000053,716,967,-251
101000054,1190,915,275
101000055,1071,555,516
101000056,45,62,-17
101000057,2350,388,1962
101000058,1756,483,1273
101000059,2784,1112,1672
101000060,1663,214,1449
101000061,921,722,199
101000062,961,312,649
101000063,385,346,39
101000064,1158,261,897
101000065,199,245,-46
101000066,262,146,116
101000067,544,239,305
101000068,301,122,179
101000069,316,25,291
101000070,1470,658,812
101000071,1737,635,1102
101000072,916,2285,-1369
101000073,539,346,193
101000074,3001,1851,1150
101000075,4563,2557,2006
101000077,761,1069,-308
101000078,681,1187,-506
101000079,308,531,-223
101000080,383,397,-14
101000081,928,897,31
101000082,2836,2013,823
101000083,1363,1268,95
101000084,1169,1114,55
101000085,1339,805,534
101000086,1067,925,142
101000087,663,1054,-391
101000088,668,672,-4
101000089,635,1027,-392
101000090,1824,1369,455
101000091,298,1680,-1382
101000092,602,888,-286
101000093,1072,621,451
101000094,389,930,-541
101000095,223,594,-371
101000096,174,557,-383
101000097,230,230,0
101000098,347,342,5
101000099,640,815,-175
101000100,818,421,397
101000101,292,249,43
101000102,762,255,507
101000103,543,271,272
101000104,208,243,-35
101000105,676,219,457
101000106,564,397,167
101000107,156,303,-147
101000108,1151,291,860
101000109,107,65,42
101000110,32,554,-522
101000111,58,185,-127
101000113,69,297,-228
101000114,2426,701,1725
101000115,87,90,-3
101000116,73,77,-4
101000117,319,297,22
101000119,129,23,106
101000120,179,11,168
101000121,83,11,72
101000122,67,18,49
101000123,30,12,18
101000124,111,234,-123
101000125,147,365,-218
101000128,638,262,376
101000130,198,199,-1
101000131,334,654,-320
101000132,348,1446,-1098
101000135,47,18,29
101000136,145,86,59
101000137,18,124,-106
101000141,1728,1177,551
101000147,763,510,253
101000148,2071,15,2056
101000149,154,70,84
101000150,24,974,-950
101000151,84,71,13
101000152,250,245,5
101000153,437,405,32
101000154,104,1479,-1375
101000155,120,128,-8
101000156,16,234,-218
101000157,31,17,14
101000160,30,97,-67
101000163,93,66,27
101000164,536,374,162
101000165,162,272,-110
101000166,202,302,-100
101000168,536,279,257
101000252,900,561,339
101000254,332,17,315
101000258,34,4,30
101000261,47,151,-104
101000262,524,699,-175
101000263,155,413,-258
101000265,39,405,-366
101000266,222,195,27
101000269,68,5,63
101000290,1263,1341,-78
101000293,20,98,-78
101000294,298,419,-121
101000295,163,367,-204
101000301,655,140,515
101000304,1405,1827,-422
101000305,1841,1245,596
101000328,66,214,-148
101900001,7,60,-53
101900002,0,16,-16
101900003,75,84,-9
101900004,2,31,-29
101900005,4334,809,3525
101900006,601,10,591
101900007,278,20,258
101900008,79,175,-96
101900009,37,288,-251
101900010,795,382,413
101900011,229,1004,-775
101900012,69,186,-117
101900013,1123,115,1008
101900017,20,100,-80
101900018,1422,132,1290
101900019,234,77,157
101900020,70,45,25
101900021,2,33,-31
101900022,50,1292,-1242
101900023,62,299,-237
101900026,99,41,58
101900027,8,90,-82
102000001,1644,2876,-1232
102000002,2155,979,1176
102000003,3062,3482,-420
102000004,7441,1879,5562
102000005,1197,1515,-318
102000006,1433,1097,336
102000007,1176,2648,-1472
102000008,4589,1346,3243
102000009,3869,5148,-1279
102000010,4581,2615,1966
102000011,1780,1510,270
102000012,2540,2645,-105
102000018,2683,1936,747
102000019,2257,1003,1254
102000026,178,410,-232
102000029,383,185,198
102000030,87,222,-135
102000031,19,200,-181
102000032,209,310,-101
102000033,118,380,-262
102000034,329,304,25
102000035,851,472,379
102000036,4,194,-190
102000037,98,87,11
102000038,196,71,125
102000039,123,42,81
102000040,435,100,335
102000041,140,184,-44
102000042,110,72,38
102000043,258,163,95
102000044,386,483,-97
102000045,490,805,-315
102000046,576,322,254
102000047,488,910,-422
102000048,104,570,-466
102000049,747,439,308
102000050,759,793,-34
102000051,299,443,-144
102000052,881,687,194
102000053,476,553,-77
102000054,245,701,-456
102000055,534,961,-427
102000056,382,1218,-836
102000057,835,378,457
102000058,823,1865,-1042
102000059,994,1154,-160
102000060,840,768,72
102000061,819,2220,-1401
102000062,719,1009,-290
102000063,924,1203,-279
102000064,398,501,-103
102000065,17,109,-92
102000066,744,881,-137
102000067,1501,2225,-724
102000068,8425,2402,6023
102000069,44,1840,-1796
102000070,1885,39,1846
102000071,6225,7474,-1249
102000072,2377,4335,-1958
102000073,503,923,-420
102000074,444,721,-277
102000075,146,253,-107
102000076,167,322,-155
102000077,211,1278,-1067
102000078,564,805,-241
102000079,51,226,-175
102000080,118,151,-33
102000081,163,658,-495
102000082,555,210,345
102000083,232,683,-451
102000084,114,393,-279
102000085,1230,1129,101
102000086,782,951,-169
102000087,476,1944,-1468
102000088,147,215,-68
102000089,617,394,223
102000090,350,1042,-692
102000091,971,342,629
102000092,335,619,-284
102000093,688,551,137
102000094,896,471,425
102000095,802,718,84
102000096,787,578,209
102000097,785,691,94
102000098,493,709,-216
102000099,638,409,229
102000100,984,645,339
102000101,1120,280,840
102000102,247,1395,-1148
102000103,936,302,634
102000104,799,294,505
102000105,141,765,-624
102000106,481,768,-287
102000107,529,548,-19
102000108,275,173,102
102000109,246,554,-308
102000110,436,1533,-1097
102000111,5,305,-300
102000112,116,60,56
102000113,1,19,-18
102000114,863,324,539
102000115,158,156,2
102000116,302,207,95
102000117,211,418,-207
102000118,1305,715,590
102000119,2256,425,1831
102000120,67,328,-261
102000121,669,402,267
102000122,282,588,-306
102000123,906,725,181
102000124,616,652,-36
102000125,730,580,150
102000126,441,493,-52
102000127,730,535,195
102000128,354,720,-366
102000129,763,776,-13
102000130,340,489,-149
102000131,748,474,274
102000132,294,404,-110
102000133,796,2041,-1245
102000134,341,569,-228
102000135,891,563,328
102000136,854,315,539
102000137,882,633,249
102000138,202,354,-152
102000139,72,302,-230
102000140,214,146,68
102000141,92,441,-349
102000142,114,350,-236
102000143,53,428,-375
102000144,77,338,-261
102000145,217,334,-117
102000146,203,265,-62
102000147,267,210,57
102000148,156,212,-56
102000149,113,558,-445
102000150,160,171,-11
102000151,141,297,-156
102000152,66,125,-59
102000153,648,236,412
102000154,365,566,-201
102000155,87,200,-113
102000156,402,38,364
102000157,99,118,-19
102000158,422,220,202
102000159,1302,203,1099
102000161,4123,1121,3002
102000162,234,111,123
102000163,69,307,-238
102000164,1059,632,427
102000165,178,121,57
102000166,17,72,-55
102000167,116,157,-41
102000168,158,73,85
102000169,67,301,-234
102000170,499,82,417
102000171,116,48,68
102000172,56,151,-95
102000173,212,173,39
102000174,36,48,-12
102000175,86,97,-11
102000176,16,30,-14
102000178,198,495,-297
102000179,190,172,18
102000180,403,490,-87
102000181,267,636,-369
102000182,264,614,-350
102000183,1025,1834,-809
102000184,835,689,146
102000185,1470,1663,-193
102000186,595,1742,-1147
102000187,402,1608,-1206
102000188,423,1448,-1025
102000189,2439,857,1582
102000190,529,1848,-1319
102000191,1075,440,635
102000192,581,774,-193
102000193,12,170,-158
102000194,35,139,-104
102000195,252,578,-326
102000196,62,531,-469
102000197,277,505,-228
102000198,110,884,-774
102000199,415,392,23
102000200,222,1351,-1129
102000201,342,421,-79
102000202,2,134,-132
102000203,100,271,-171
102000204,213,829,-616
102000205,430,567,-137
102000206,335,585,-250
102000207,627,379,248
102000208,216,482,-266
102000209,31,40,-9
102000210,157,460,-303
102000211,251,501,-250
102000212,92,18,74
102000213,2,365,-363
102000214,89,7,82
102000215,2,639,-637
102000216,38,27,11
102000217,8,222,-214
102000218,94,91,3
102000219,317,329,-12
102000225,604,601,3
102000226,3067,516,2551
102000227,82,4,78
102000228,2,118,-116
102000229,21,8,13
102000230,186,577,-391
102000231,232,380,-148
102000232,11,168,-157
102000233,295,513,-218
102000234,82,1116,-1034
102000236,177,67,110
102000237,474,133,341
102000238,135,311,-176
102000240,493,432,61
102000241,159,104,55
102000243,6,51,-45
102000245,18,145,-127
102000246,26,11,15
102000247,1318,800,518
102000248,595,581,14
102000249,72,121,-49
102000250,31,416,-385
102000254,67,391,-324
102000266,49,111,-62
102000271,14,0,14
102000286,339,257,82
102000297,1163,669,494
102000299,0,0,0
102000301,0,0,0
102000305,0,0,0
102000307,0,6,-6
102900001,963,841,122
102900002,185,13,172
102900003,25,308,-283
102900005,173,302,-129
102900006,369,233,136
102900007,240,13,227
102900008,161,102,59
102900009,382,173,209
102900010,382,525,-143
102900011,1590,210,1380
102900012,256,50,206
102900013,10,105,-95
102900015,586,177,409
102900016,26,152,-126
102900017,91,662,-571
102900018,33,158,-125
102900019,175,380,-205
102900020,48,27,21
102900021,12,96,-84
102900022,360,72,288
102900023,13,43,-30
102900024,7,34,-27
102900025,227,94,133
102900026,507,1058,-551
102900027,22,56,-34
102900028,74,371,-297
102900029,133,78,55
102900030,233,172,61
102900031,110,154,-44
102900032,27,116,-89
102900033,72,208,-136
102900034,187,129,58
102900035,47,415,-368
102900036,136,494,-358
102900037,106,641,-535
102900038,285,555,-270
102900039,29,302,-273
102900040,107,181,-74
102900041,61,162,-101
102900042,107,351,-244
102900043,68,225,-157
102900044,413,1750,-1337
102900045,60,416,-356
102900046,78,292,-214
102900047,68,639,-571
102900048,420,684,-264
102900049,65,286,-221
102900050,199,342,-143
102900051,131,151,-20
102900053,233,603,-370
102900054,699,650,49
102900055,40,103,-63
102900056,132,388,-256
102900057,3,38,-35
102900058,220,40,180
102900059,12,36,-24
102900060,69,393,-324
102900061,85,445,-360
102900062,84,1356,-1272
102900063,471,385,86
102900064,98,244,-146
102900065,1475,485,990
102900066,262,34,228
102900068,82,77,5
102900070,84,539,-455
102900072,16,27,-11
102900073,116,10,106
102900075,57,30,27
102900076,271,54,217
102900077,27,27,0
102900078,49,60,-11
102900079,125,8,117
102900080,167,7,160
102900081,54,207,-153
102900082,5,212,-207
102900083,281,4,277
102900084,4,23,-19
102900085,176,50,126
102900086,1,32,-31
102900087,37,77,-40
102900088,11,28,-17
102900089,212,88,124
102900090,0,386,-386
102900091,61,0,61
102900092,118,1027,-909
102900094,0,43,-43
102900095,88,0,88
102900096,11,12,-1
102900097,4,102,-98
103000001,1818,2037,-219
103000002,1536,1655,-119
103000003,2469,2066,403
103000004,871,559,312
103000005,1563,1786,-223
103000006,492,1220,-728
103000007,430,699,-269
103000008,652,1011,-359
103000009,501,644,-143
103000010,182,175,7
103000011,1376,807,569
103000012,671,1066,-395
103000013,5011,1737,3274
103000014,995,1260,-265
103000015,2255,732,1523
103000016,497,672,-175
103000017,126,260,-134
103000018,904,317,587
103000019,166,128,38
103000020,1443,1088,355
103000021,1082,1321,-239
103000022,704,998,-294
103000023,374,954,-580
103000024,163,193,-30
103000025,51,307,-256
103000026,1471,137,1334
103000027,218,351,-133
103000028,582,368,214
103000029,300,118,182
103000030,1674,476,1198
103000031,1164,1138,26
103000032,1510,1446,64
103000033,1780,1875,-95
103000034,1195,683,512
103000035,287,783,-496
103000036,350,411,-61
103000037,469,341,128
103000038,408,645,-237
103000039,174,479,-305
103000040,162,900,-738
103000041,1182,2619,-1437
103000042,551,632,-81
103000043,249,1135,-886
103000044,103,211,-108
103000046,189,326,-137
103000047,438,581,-143
103000048,103,119,-16
103000049,62,166,-104
103000050,574,626,-52
103000051,253,455,-202
103000052,533,382,151
103000053,126,371,-245
103000054,1626,1040,586
103000055,1199,1445,-246
103000056,436,2576,-2140
103000057,367,254,113
103000058,270,732,-462
103000059,198,547,-349
103000060,518,724,-206
103000061,258,675,-417
103000062,798,794,4
103000063,436,470,-34
103000064,69,263,-194
103000065,2,305,-303
103000066,93,3,90
103000069,135,305,-170
103000070,529,1110,-581
103000071,538,307,231
103000072,105,865,-760
103000073,329,119,210
103000074,382,60,322
103000075,107,710,-603
103000076,155,156,-1
103000077,31,302,-271
103000078,1167,297,870
103000079,1274,335,939
103000080,1223,176,1047
103000081,453,577,-124
103000082,316,127,189
103000083,50,265,-215
103000084,147,2,145
103000085,4,106,-102
103000086,577,308,269
103000087,94,296,-202
103000088,317,241,76
103000089,198,274,-76
103000090,1350,960,390
103000091,417,336,81
103000092,202,252,-50
103000093,271,455,-184
103000094,179,110,69
103000095,23,363,-340
103000096,886,76,810
103000097,42,626,-584
103000098,953,115,838
103000099,412,523,-111
103000100,54,839,-785
103000101,379,117,262
103000102,88,636,-548
103000103,411,200,211
103000104,32,131,-99
103000105,70,148,-78
103000106,9,79,-70
103000107,226,48,178
103000108,652,480,172
103000109,352,313,39
103000110,371,344,27
103000111,479,264,215
103000112,197,216,-19
103000113,524,456,68
103000114,821,285,536
103000115,392,521,-129
103000116,289,454,-165
103000117,190,400,-210
103000118,1068,926,142
103000119,1747,639,1108
103000120,48,87,-39
103000121,237,531,-294
103000122,249,189,60
103000125,6,549,-543
103000126,284,7,277
103000127,2,297,-295
103000128,80,0,80
103000129,2,176,-174
103000130,49,27,22
103000131,203,111,92
103000132,80,89,-9
103000133,5,93,-88
103000134,664,466,198
103000135,651,191,460
103000136,713,312,401
103000137,541,444,97
103000138,714,608,106
103000139,1,44,-43
103000140,166,18,148
103000141,15,108,-93
103000142,146,65,81
103000143,14,146,-132
103000144,128,52,76
103000145,22,20,2
103000150,56,47,9
103000152,311,191,120
103000153,206,122,84
103000156,2,560,-558
103000157,204,4,200
103000159,42,28,14
103000162,92,14,78
103000163,8,12,-4
103000164,24,15,9
103000165,111,500,-389
103000166,93,125,-32
103000167,107,116,-9
103000168,42,163,-121
103000169,151,230,-79
103000170,263,419,-156
103000171,28,39,-11
103000172,205,294,-89
103000173,251,741,-490
103000174,104,273,-169
103000175,109,420,-311
103000176,634,258,376
103000177,589,399,190
103000178,341,267,74
103000179,87,28,59
103000183,63,29,34
103000185,43,72,-29
103000186,36,138,-102
103000187,201,746,-545
103000188,10,79,-69
103000189,820,866,-46
103000191,454,486,-32
103000292,2122,755,1367
103000293,1334,855,479
103000295,86,48,38
103000296,125,1,124
103000297,11,3,8
103000504,120,10,110
103000505,14,3,11
103000506,2,202,-200
103000507,120,1,119
103000508,62,21,41
103000509,226,508,-282
103900001,3,290,-287
103900002,1659,112,1547
103900003,1321,66,1255
103900004,22,0,22
103900005,0,241,-241
103900006,4,1,3
103900007,29,4,25
103900008,12,0,12
103900009,128,271,-143
103900010,118,221,-103
103900011,89,216,-127
103900012,3,14,-11
103900013,38,73,-35
103900014,14,27,-13
103900015,14,29,-15
103900016,210,196,14
103900017,13,73,-60
103900018,628,136,492
103900019,48,181,-133
103900020,126,306,-180
103900021,749,78,671
103900022,694,594,100
103900023,45,1,44
103900024,76,521,-445
103900025,7,45,-38
103900026,3,0,3
103900027,415,256,159
103900028,9,197,-188
103900029,745,130,615
103900030,149,31,118
103900031,7,0,7
103900032,53,33,20
103900033,57,5,52
103900034,12,274,-262
103900035,43,54,-11
103900036,25,7,18
103900037,27,23,4
103900038,56,79,-23
103900039,27,440,-413
103900040,8,209,-201
103900041,32,31,1
103900042,17,490,-473
103900043,74,134,-60
103900044,157,101,56
103900045,122,174,-52
103900047,32,26,6
103900048,53,37,16
103900049,181,1168,-987
103900050,10,61,-51
103900051,0,28,-28
103900052,121,669,-548
103900053,69,973,-904
103900054,45,565,-520
103900055,243,212,31
103900056,23,37,-14
103900057,13,266,-253
103900058,90,670,-580
103900059,0,1,-1
103900060,21,192,-171
103900061,48,49,-1
103900062,110,57,53
103900063,1,0,1
103900064,55,1,54
103900065,748,247,501
103900066,49,5,44
103900067,48,4,44
103900068,1,0,1
103900069,61,5,56
103900070,116,271,-155
103900071,18,228,-210
103900072,3,339,-336
103900073,17,7,10
103900074,32,80,-48
103900075,112,76,36
103900076,185,739,-554
103900077,50,46,4
103900078,93,116,-23
103900079,100,210,-110
103900080,16,25,-9
103900081,111,18,93
103900082,6,86,-80
103900083,1846,361,1485
103900084,21,107,-86
103900085,80,100,-20
103900086,240,202,38
103900088,359,168,191
103900089,20,186,-166
103900090,3,166,-163
103900091,827,254,573
103900092,274,509,-235
103900093,63,318,-255
103900094,5,137,-132
103900095,160,156,4
103900096,11,265,-254
103900097,3,488,-485
103900098,117,68,49
103900099,27,298,-271
103900100,122,313,-191
103900101,41,924,-883
103900102,0,42,-42
103900104,0,26,-26
103900105,86,201,-115
103900106,0,11,-11
103900107,38,197,-159
103900108,29,412,-383
103900109,52,72,-20
103900110,117,43,74
103900111,37,702,-665
103900112,7,46,-39
103900113,131,194,-63
103900114,413,381,32
103900115,135,58,77
103900116,6840,1581,5259
103900117,241,104,137
103900119,25,34,-9
103900120,32,84,-52
103900122,28,345,-317
103900123,1308,422,886
103900124,35,508,-473
103900125,42,60,-18
103900126,260,437,-177
103900127,63,637,-574
103900128,32,155,-123
103900131,9,128,-119
103900133,630,11,619
103900134,2,6,-4
103900135,12,4,8
103900137,0,31,-31
103900138,53,466,-413
103900139,293,775,-482
103900140,2,62,-60
103900141,188,71,117
103900142,37,262,-225
103900143,25,0,25
103900144,0,87,-87
103900145,128,274,-146
103900146,208,288,-80
103900147,223,91,132
103900148,83,210,-127
103900149,80,791,-711
103900150,6991,1789,5202
103900151,25,139,-114
103900152,143,656,-513
103900153,3,1,2
103900154,1015,740,275
103900155,18,228,-210
103900156,16,157,-141
103900157,7,270,-263
103900158,45,240,-195
103900159,48,75,-27
103900160,15,10,5
103900161,53,150,-97
103900162,34,196,-162
103900163,7,390,-383
103900167,15,52,-37
103900168,68,106,-38
103900169,35,38,-3
103900170,4,103,-99
103900171,0,44,-44
103900172,4,26,-22
103900173,6,15,-9
103900174,52,51,1
103900175,29,29,0
103900176,5,9,-4
103900177,17,43,-26
103900178,17,86,-69
103900179,13,159,-146
103900180,3,88,-85
103900181,44,29,15
103900182,18,11,7
103900184,468,31,437
103900185,180,108,72
103900187,93,44,49
103900188,27,14,13
103900189,49,2,47
103900190,59,45,14
103900191,23,36,-13
103900192,6,43,-37
103900193,137,121,16
103900194,14,360,-346
103900195,5,37,-32
103900196,13,11,2
103900197,3,22,-19
103900198,21,38,-17
103900199,58,92,-34
103900200,104,145,-41
103900201,63,167,-104
103900202,4,35,-31
103900203,15,21,-6
103900204,5,141,-136
103900207,3,195,-192
103900208,24,0,24
103900209,4,123,-119
103900210,10,22,-12
103900211,297,644,-347
103900212,41,448,-407
103900213,94,246,-152
103900214,181,93,88
103900215,670,199,471
103900216,7,390,-383
103900217,283,51,232
103900218,1,214,-213
103900219,87,344,-257
103900233,48,1,47
103900235,34,15,19
103900236,39,2,37
103900242,1,11,-10
103900243,9,4,5
103900244,52,298,-246
103900245,61,223,-162
103900246,56,42,14
103900247,40,130,-90
103900248,3,36,-33
103900249,6,15,-9
103900250,17,32,-15
103900251,1,37,-36
103900253,27,51,-24
103900254,2,15,-13
103900255,9,17,-8
103900256,36,26,10
103900257,86,107,-21
103900258,19,1,18
103900259,81,4,77
103900261,11,1,10
103900262,12,3,9
103900263,54,54,0
103900264,50,10,40
103900265,49,15,34
103900266,0,25,-25
103900267,7,67,-60
103900268,6,154,-148
103900269,54,35,19
103900270,13,107,-94
103900271,82,216,-134
103900272,56,79,-23
103900273,9,72,-63
103900274,38,4,34
103900275,15,7,8
103900276,3,116,-113
103900277,4,92,-88
103900278,9,37,-28
103900279,3,8,-5
103900280,3,189,-186
104000001,1486,1710,-224
104000002,1075,2221,-1146
104000003,1583,1779,-196
104000004,2385,2067,318
104000005,783,1482,-699
104000006,2197,2623,-426
104000007,3215,3016,199
104000008,199,494,-295
104000009,96,105,-9
104000010,126,196,-70
104000011,757,455,302
104000012,120,458,-338
104000013,114,106,8
104000014,127,704,-577
104000015,223,155,68
104000016,521,407,114
104000018,493,142,351
104000019,314,106,208
104000020,211,842,-631
104000021,277,629,-352
104000022,190,321,-131
104000023,324,273,51
104000024,176,381,-205
104000026,51,314,-263
104000027,195,425,-230
104000028,248,231,17
104000029,503,591,-88
104000030,179,265,-86
104000031,548,238,310
104000032,226,323,-97
104000033,425,350,75
104000034,287,405,-118
104000035,510,390,120
104000036,382,619,-237
104000037,184,286,-102
104000038,176,250,-74
104000039,121,490,-369
104000040,450,445,5
104000041,282,270,12
104000042,171,468,-297
104000043,176,396,-220
104000044,188,718,-530
104000045,743,1172,-429
104000046,1225,1421,-196
104000047,462,1275,-813
104000048,916,1785,-869
104000049,291,275,16
104000050,171,505,-334
104000051,83,607,-524
104000052,797,973,-176
104000053,431,668,-237
104000054,248,410,-162
104000055,3059,2492,567
104000056,1885,265,1620
104000057,185,641,-456
104000058,436,584,-148
104000059,329,1139,-810
104000060,527,885,-358
104000061,770,996,-226
104000062,269,268,1
104000064,434,258,176
104000065,70,302,-232
104000069,1344,623,721
104000070,61,281,-220
104000071,171,390,-219
104000072,478,395,83
104000075,41,242,-201
104000076,351,31,320
104000082,1598,1944,-346
104000083,566,183,383
104000084,69,374,-305
104000085,195,211,-16
104000086,169,396,-227
104000087,442,825,-383
104000090,497,1583,-1086
104000092,683,2593,-1910
104000094,519,1943,-1424
104000095,1026,1187,-161
104000096,714,336,378
104000097,1046,1066,-20
104000098,1060,1362,-302
104000100,794,690,104
104000101,728,2004,-1276
104000106,191,510,-319
104000107,524,510,14
104000108,278,475,-197
104000109,162,60,102
104000110,725,873,-148
104000111,4682,1339,3343
104000112,2334,532,1802
104000116,4,1182,-1178
104000117,91,906,-815
104000118,244,240,4
104000119,317,235,82
104000120,126,950,-824
104000121,167,532,-365
104000122,450,670,-220
104000123,737,1106,-369
104000124,1124,2367,-1243
104000125,3971,2391,1580
104000126,204,360,-156
104000127,1359,3299,-1940
104000128,605,443,162
104000129,310,19,291
104000130,8,207,-199
104000131,843,687,156
104000132,548,975,-427
104000133,820,706,114
104000134,689,1346,-657
104000135,296,833,-537
104000136,637,1969,-1332
104000137,1398,217,1181
104000138,1031,356,675
104000139,7421,2516,4905
104000141,1049,1903,-854
104000142,590,1053,-463
104000143,344,790,-446
104000144,32,190,-158
104000145,324,180,144
104000146,341,564,-223
104000147,72,378,-306
104000148,133,122,11
104000149,167,437,-270
104000150,463,358,105
104000151,194,677,-483
104000152,361,668,-307
104000153,270,406,-136
104000154,935,610,325
104000155,228,438,-210
104000157,843,1771,-928
104000158,139,187,-48
104000159,367,230,137
104000160,1309,1135,174
104000161,175,158,17
104000162,37,106,-69
104000165,1310,927,383
104000167,421,424,-3
104000168,330,8,322
104000169,33,43,-10
104000170,605,276,329
104000248,248,809,-561
104000251,66,329,-263
104000272,0,0,0
104000273,0,0,0
104000274,0,0,0
104000275,0,0,0
104000279,447,477,-30
104000290,34,278,-244
104000291,557,977,-420
104000293,414,674,-260
104000294,8,0,8
104000295,371,658,-287
104000296,248,547,-299
104000297,659,1256,-597
104000298,1410,822,588
104000299,458,1086,-628
104000302,115,101,14
104000303,103,109,-6
104900001,74,362,-288
104900002,19,84,-65
104900003,49,305,-256
104900004,49,329,-280
104900005,87,142,-55
104900006,103,64,39
104900007,156,242,-86
104900009,80,417,-337
104900010,21,12,9
104900011,4,0,4
104900012,92,5,87
104900013,45,7,38
104900014,2830,258,2572
104900015,78,0,78
104900016,99,276,-177
104900017,44,192,-148
104900018,5,155,-150
104900019,196,1104,-908
104900020,33,193,-160
104900021,0,323,-323
104900022,10,152,-142
104900023,1,148,-147
104900024,12,102,-90
104900025,23,321,-298
104900026,2,132,-130
104900027,150,161,-11
104900028,18,80,-62
104900029,39,80,-41
104900030,231,142,89
104900031,104,159,-55
104900032,42,142,-100
104900033,88,154,-66
104900034,133,79,54
104900035,114,70,44
104900036,69,50,19
104900037,92,275,-183
104900038,403,232,171
104900039,765,136,629
104900040,148,72,76
104900041,153,104,49
104900042,89,363,-274
104900043,11,38,-27
104900044,224,122,102
104900045,212,57,155
104900046,67,84,-17
104900047,115,117,-2
104900048,121,82,39
104900049,9,5,4
104900050,74,60,14
104900051,107,25,82
104900052,34,1,33
104900053,215,34,181
104900054,32,21,11
104900055,49,1,48
104900056,114,11,103
104900057,10,0,10
104900058,316,128,188
104900059,27,36,-9
104900060,0,262,-262
104900061,214,562,-348
104900063,3,111,-108
104900064,1,106,-105
104900065,1,90,-89
104900066,1,195,-194
104900067,2,216,-214
104900068,7,189,-182
104900070,67,235,-168
104900071,0,629,-629
104900072,20,183,-163
104900073,49,217,-168
104900074,16,191,-175
104900075,28,64,-36
104900076,42,387,-345
104900077,914,58,856
104900078,118,717,-599
104900079,111,150,-39
104900080,26,429,-403
104900082,11,283,-272
104900085,7,246,-239
104900087,175,5,170
104900089,53,0,53
104900090,243,379,-136
104900091,296,671,-375
104900093,164,506,-342
104900097,2470,1162,1308
104900098,52,38,14
104900099,276,374,-98
104900100,575,147,428
104900102,9,181,-172
104900103,375,89,286
104900104,2843,830,2013
104900106,28,91,-63
104900107,45,345,-300
104900108,20,306,-286
104900109,37,112,-75
104900110,7,56,-49
104900111,68,87,-19
104900112,163,891,-728
104900113,414,383,31
104900114,165,646,-481
104900115,289,409,-120
104900116,88,280,-192
104900118,2,56,-54
104900119,0,26,-26
104900120,131,59,72
104900121,0,118,-118
104900122,1,78,-77
104900123,13,4,9
104900124,15,0,15
104900125,280,62,218
104900126,67,42,25
104900127,30,25,5
104900128,40,92,-52
104900129,2085,716,1369
105000001,1751,1413,338
105000002,1465,1384,81
105000003,1888,2948,-1060
105000004,366,768,-402
105000005,447,870,-423
105000006,709,1182,-473
105000007,587,990,-403
105000008,616,1397,-781
105000009,949,2165,-1216
105000010,2571,2258,313
105000011,1287,1541,-254
105000012,2871,2657,214
105000013,458,896,-438
105000014,820,1595,-775
105000015,6713,3937,2776
105000016,3042,1268,1774
105000017,1277,877,400
105000018,1155,762,393
105000019,1253,866,387
105000020,140,264,-124
105000021,182,137,45
105000022,106,23,83
105000023,295,162,133
105000028,92,139,-47
105000029,237,795,-558
105000030,3286,2931,355
105000031,0,19,-19
105000033,872,1818,-946
105000034,113,412,-299
105000037,546,483,63
105000038,968,984,-16
105000039,2651,1658,993
105000040,409,569,-160
105000041,399,1141,-742
105000042,1363,820,543
105000043,1519,1772,-253
105000044,252,282,-30
105000045,195,809,-614
105000046,449,351,98
105000047,288,1282,-994
105000048,367,169,198
105000049,212,630,-418
105000050,281,308,-27
105000051,164,444,-280
105000052,489,760,-271
105000053,97,142,-45
105000054,190,936,-746
105000055,266,335,-69
105000056,605,2345,-1740
105000057,844,929,-85
105000058,1132,1325,-193
105000059,391,402,-11
105000060,398,651,-253
105000061,283,371,-88
105000062,547,1126,-579
105000063,272,669,-397
105000064,689,541,148
105000065,358,973,-615
105000066,731,2013,-1282
105000067,632,459,173
105000068,493,929,-436
105000069,2431,496,1935
105000070,685,687,-2
105000071,150,373,-223
105000072,745,850,-105
105000073,585,426,159
105000074,610,872,-262
105000075,372,678,-306
105000076,916,959,-43
105000077,1262,569,693
105000078,1118,940,178
105000079,1302,1485,-183
105000080,1300,721,579
105000081,927,555,372
105000082,405,330,75
105000083,765,484,281
105000084,448,999,-551
105000085,892,696,196
105000086,568,878,-310
105000087,2241,1622,619
105000088,1001,1140,-139
105000089,2312,1947,365
105000090,743,801,-58
105000091,1318,1533,-215
105000092,448,910,-462
105000093,293,194,99
105000094,169,138,31
105000095,81,364,-283
105000096,744,529,215
105000097,680,538,142
105000098,510,434,76
105000099,556,918,-362
105000100,539,1030,-491
105000101,1248,1830,-582
105000102,700,1444,-744
105000103,798,1738,-940
105000104,1066,1011,55
105000105,622,1693,-1071
105000106,646,1256,-610
105000107,698,825,-127
105000108,734,1574,-840
105000109,767,1334,-567
105000110,488,714,-226
105000111,437,557,-120
105000112,786,815,-29
105000113,269,494,-225
105000114,3164,813,2351
105000115,213,626,-413
105000116,351,365,-14
105000117,715,1523,-808
105000118,168,326,-158
105000119,326,1224,-898
105000120,409,484,-75
105000121,598,1104,-506
105000122,228,332,-104
105000123,871,1358,-487
105000124,953,790,163
105000125,450,1715,-1265
105000126,1298,2013,-715
105000127,1699,1610,89
105000128,313,1441,-1128
105000129,605,326,279
105000130,71,814,-743
105000131,460,263,197
105000132,433,337,96
105000133,243,932,-689
105000134,317,457,-140
105000135,393,644,-251
105000136,79,255,-176
105000137,152,174,-22
105000138,215,333,-118
105000139,819,921,-102
105000140,135,422,-287
105000141,161,543,-382
105000142,57,485,-428
105000143,143,576,-433
105000144,211,611,-400
105000145,323,439,-116
105000146,392,623,-231
105000147,340,307,33
105000148,697,647,50
105000149,1280,1487,-207
105000150,1524,1172,352
105000151,325,277,48
105000152,130,643,-513
105000153,485,399,86
105000154,520,798,-278
105000155,212,550,-338
105000156,692,803,-111
105000157,697,1921,-1224
105000158,1161,669,492
105000159,287,1264,-977
105000160,1172,562,610
105000161,558,1904,-1346
105000162,401,1171,-770
105000163,1207,1262,-55
105000164,154,299,-145
105000165,1343,2810,-1467
105000166,7347,331,7016
105000167,2574,1014,1560
105000168,175,829,-654
105000169,189,410,-221
105000170,55,1029,-974
105000171,835,264,571
105000172,25,55,-30
105000173,33,26,7
105000174,32,22,10
105000175,44,109,-65
105000176,65,46,19
105000177,93,78,15
105000178,87,618,-531
105000179,122,78,44
105000180,46,109,-63
105000181,41,496,-455
105000182,14,43,-29
105000183,2095,1057,1038
105000184,1106,603,503
105000185,783,567,216
105000186,325,812,-487
105000187,453,208,245
105000188,114,68,46
105000189,95,525,-430
105000190,164,259,-95
105000191,266,428,-162
105000192,95,80,15
105000193,61,115,-54
105000194,283,75,208
105000195,149,955,-806
105000196,22,129,-107
105000197,184,592,-408
105000198,549,191,358
105000199,273,209,64
105000200,70,135,-65
105000201,80,19,61
105000203,5,252,-247
105000204,55,78,-23
105000205,65,254,-189
105000207,507,220,287
105000208,168,272,-104
105000209,128,361,-233
105000211,104,22,82
105000212,749,1278,-529
105000213,111,141,-30
105000214,45,193,-148
105000215,116,267,-151
105000216,46,333,-287
105000217,93,296,-203
105000218,507,841,-334
105000221,118,247,-129
105000222,88,48,40
105000223,81,164,-83
105000226,17,381,-364
105000227,22,201,-179
105000228,240,596,-356
105000229,44,211,-167
105000231,147,237,-90
105000233,486,545,-59
105000234,463,1237,-774
105000235,237,369,-132
105000237,489,51,438
105000243,23,47,-24
105000248,34,42,-8
105000262,141,1741,-1600
105000269,55,151,-96
105000270,213,92,121
105000271,1,292,-291
105000282,108,47,61
105000287,198,92,106
105000288,367,387,-20
105000289,818,575,243
105000290,3,2,1
105000402,3994,1275,2719
105000426,308,460,-152
105000438,619,441,178
105000440,10,29,-19
105000446,11761,3991,7770
105000447,7233,2146,5087
105000454,137,948,-811
105000455,211,218,-7
105000474,16,1,15
105000477,170,363,-193
105000478,956,1600,-644
105000479,64,119,-55
105000480,1384,1408,-24
105000481,1794,1583,211
105000482,3161,2041,1120
105000483,874,983,-109
105000484,1728,2153,-425
105000485,702,1101,-399
105000486,2383,1923,460
105000488,2542,2069,473
105000489,427,709,-282
105000549,24,107,-83
105000550,464,1160,-696
105000551,43,90,-47
105000552,3005,1532,1473
105000555,777,505,272
105000556,33,38,-5
105000557,48,276,-228
105900001,17,830,-813
105900002,1433,389,1044
105900003,12,74,-62
105900004,180,116,64
105900005,1,177,-176
105900006,6,40,-34
105900007,28,21,7
105900008,27,761,-734
105900009,11,20,-9
105900011,64,45,19
105900012,178,141,37
105900013,2,20,-18
105900014,5,66,-61
105900015,76,262,-186
105900016,140,527,-387
105900017,441,54,387
105900018,192,231,-39
105900019,23,365,-342
105900020,26,44,-18
105900021,16,184,-168
105900022,153,272,-119
105900023,1,105,-104
105900024,5,97,-92
105900025,38,38,0
105900026,121,22,99
105900027,3339,1952,1387
105900028,74,137,-63
105900029,1506,224,1282
105900030,123,200,-77
105900031,413,144,269
105900032,39,105,-66
105900033,43,116,-73
105900034,78,233,-155
105900035,77,128,-51
105900036,43,121,-78
105900037,45,72,-27
105900038,110,279,-169
105900039,56,137,-81
105900040,26,66,-40
105900041,96,319,-223
105900042,23,83,-60
105900043,1287,37,1250
105900044,2,115,-113
105900045,3,299,-296
105900046,1,158,-157
105900047,6,32,-26
105900048,84,461,-377
105900050,1227,291,936
105900051,6,1205,-1199
105900052,232,42,190
105900053,3088,1032,2056
105900054,223,206,17
105900056,774,140,634
105900057,17,169,-152
105900058,13,35,-22
105900059,0,45,-45
106000001,3252,1239,2013
106000002,2417,3756,-1339
106000003,2436,2061,375
106000004,1999,2069,-70
106000005,1819,3977,-2158
106000006,4250,3688,562
106000007,365,385,-20
106000008,349,283,66
106000009,313,242,71
106000010,392,541,-149
106000011,505,646,-141
106000012,628,1475,-847
106000013,1093,1382,-289
106000014,1476,1636,-160
106000015,967,820,147
106000016,970,2136,-1166
106000017,535,603,-68
106000018,486,588,-102
106000019,195,349,-154
106000020,200,430,-230
106000021,220,423,-203
106000022,217,340,-123
106000023,408,339,69
106000024,453,831,-378
106000025,119,197,-78
106000026,134,326,-192
106000027,628,1009,-381
106000028,417,672,-255
106000029,722,1406,-684
106000030,715,289,426
106000034,156,446,-290
106000035,690,811,-121
106000036,345,322,23
106000037,1474,1413,61
106000038,378,67,311
106000039,165,51,114
106000040,158,704,-546
106000041,632,219,413
106000043,434,67,367
106000046,285,35,250
106000047,45,343,-298
106000049,434,99,335
106000050,196,754,-558
106000051,292,277,15
106000052,44,621,-577
106000053,118,97,21
106000054,275,403,-128
106000055,469,808,-339
106000056,251,439,-188
106000057,156,197,-41
106000058,121,177,-56
106000059,123,181,-58
106000060,499,617,-118
106000061,141,357,-216
106000062,134,644,-510
106000063,426,431,-5
106000064,19,348,-329
106000065,163,175,-12
106000066,70,360,-290
106000067,124,71,53
106000068,39,551,-512
106000069,104,72,32
106000070,273,725,-452
106000071,593,309,284
106000072,3932,1272,2660
106000073,1533,1703,-170
106000074,316,621,-305
106000075,197,824,-627
106000076,1225,1362,-137
106000077,2545,1158,1387
106000078,476,893,-417
106000079,367,876,-509
106000080,865,908,-43
106000081,426,1002,-576
106000082,1925,859,1066
106000083,249,984,-735
106000084,724,576,148
106000085,1240,952,288
106000086,438,612,-174
106000087,613,556,57
106000088,267,622,-355
106000089,526,472,54
106000090,217,506,-289
106000091,171,630,-459
106000092,431,238,193
106000093,251,65,186
106000094,99,448,-349
106000095,368,1188,-820
106000096,563,719,-156
106000097,544,1387,-843
106000098,376,911,-535
106000099,152,841,-689
106000100,526,318,208
106000101,378,220,158
106000102,121,514,-393
106000103,150,579,-429
106000104,473,383,90
106000105,283,804,-521
106000106,320,419,-99
106000107,80,612,-532
106000108,151,387,-236
106000109,89,448,-359
106000110,103,302,-199
106000111,131,637,-506
106000112,91,338,-247
106000113,968,657,311
106000114,314,344,-30
106000115,149,524,-375
106000116,107,227,-120
106000117,796,732,64
106000118,609,866,-257
106000119,2152,910,1242
106000120,574,644,-70
106000121,144,194,-50
106000122,59,314,-255
106000123,176,280,-104
106000124,41,369,-328
106000125,16,377,-361
106000126,137,197,-60
106000127,408,890,-482
106000128,399,318,81
106000129,261,722,-461
106000130,435,414,21
106000131,144,637,-493
106000132,792,119,673
106000133,3703,955,2748
106000134,762,709,53
106000135,249,982,-733
106000136,526,424,102
106000137,81,1417,-1336
106000138,556,71,485
106000139,29,106,-77
106000140,25,90,-65
106000141,39,112,-73
106000142,32,46,-14
106000143,25,116,-91
106000144,33,78,-45
106000145,151,366,-215
106000146,186,201,-15
106000147,386,679,-293
106000148,655,813,-158
106000149,371,574,-203
106000150,321,1499,-1178
106000151,4505,643,3862
106000152,1137,950,187
106000153,78,984,-906
106000154,1277,204,1073
106000155,58,196,-138
106000156,397,269,128
106000157,371,1540,-1169
106000158,2795,542,2253
106000159,4103,997,3106
106000160,148,1175,-1027
106000161,1120,386,734
106000162,84,499,-415
106000163,200,508,-308
106000164,195,264,-69
106000165,197,771,-574
106000166,247,227,20
106000167,188,1414,-1226
106000168,216,245,-29
106000169,94,742,-648
106000170,203,205,-2
106000171,80,826,-746
106000172,1665,689,976
106000173,580,2203,-1623
106000174,682,288,394
106000175,240,946,-706
106000176,823,533,290
106000177,555,1934,-1379
106000178,1941,1357,584
106000179,910,1806,-896
106000180,635,1761,-1126
106000181,327,1797,-1470
106000182,417,566,-149
106000183,479,925,-446
106000184,347,979,-632
106000185,308,803,-495
106000186,604,118,486
106000187,158,740,-582
106000188,0,1,-1
106000189,0,71,-71
106000190,1,2,-1
106000191,410,151,259
106000192,1,14,-13
106000193,246,111,135
106000194,118,250,-132
106000195,152,69,83
106000196,73,285,-212
106000197,154,280,-126
106000198,66,220,-154
106000199,688,402,286
106000200,284,99,185
106000201,378,1029,-651
106000202,6025,431,5594
106000203,217,176,41
106000204,55,5,50
106000205,15,164,-149
106000206,40,24,16
106000207,56,856,-800
106000208,461,85,376
106000209,649,242,407
106000210,145,1391,-1246
106000211,263,1640,-1377
106000212,392,118,274
106000213,639,1304,-665
106000214,1945,349,1596
106000215,189,468,-279
106000216,205,278,-73
106000217,251,452,-201
106000218,388,275,113
106000219,124,217,-93
106000220,288,244,44
106000221,63,268,-205
106000222,30,134,-104
106000223,48,107,-59
106000224,115,339,-224
106000225,43,64,-21
106000226,111,281,-170
106000228,36,112,-76
106000229,69,782,-713
106000231,376,84,292
106000232,48,424,-376
106000233,283,113,170
106000234,50,187,-137
106000235,122,51,71
106000236,86,55,31
106000237,2,1,1
106000238,9,6,3
106000239,0,65,-65
106000240,10,2,8
106000241,8,630,-622
106000242,171,12,159
106000249,40,67,-27
106000250,38,381,-343
106000251,38,23,15
106000252,27,124,-97
106000253,7,60,-53
106000254,20,80,-60
106000255,11,68,-57
106000256,52,92,-40
106000257,84,212,-128
106000258,106,14,92
106000259,0,23,-23
106000260,11,4,7
106000261,1,59,-58
106000262,17,6,11
106000263,1,77,-76
106000264,121,4,117
106000265,1,96,-95
106000266,59,18,41
106000267,2,85,-83
106000268,408,29,379
106000269,87,43,44
106000270,111,338,-227
106000271,22,169,-147
106000272,70,57,13
106000273,3,146,-143
106000274,151,39,112
106000275,111,154,-43
106000276,112,42,70
106000277,121,160,-39
106000278,150,24,126
106000279,6,54,-48
106000280,21,144,-123
106000281,77,84,-7
106000282,46,65,-19
106000283,68,95,-27
106000284,49,93,-44
106000285,102,148,-46
106000286,59,132,-73
106000287,69,103,-34
106000288,54,133,-79
106000289,53,94,-41
106000290,50,67,-17
106000291,54,97,-43
106000292,91,144,-53
106000293,87,65,22
106000294,101,134,-33
106000295,24,38,-14
106000296,32,92,-60
106000297,65,204,-139
106000298,106,51,55
106000299,58,137,-79
106000300,31,100,-69
106000301,50,115,-65
106000303,8,60,-52
106000304,50,42,8
106000305,17,45,-28
106000306,50,94,-44
106000307,22,14,8
106000308,19,170,-151
106000309,9,66,-57
106000310,175,500,-325
106000311,239,97,142
106000312,84,183,-99
106000313,81,208,-127
106000318,154,185,-31
106000319,387,48,339
106000320,4,17,-13
106000321,234,59,175
106000322,73,213,-140
106000324,17,164,-147
106000325,853,626,227
106000326,722,1693,-971
106000327,55,149,-94
106000328,15,93,-78
106000329,139,266,-127
106000330,25,48,-23
106000428,30,164,-134
106000429,73,583,-510
106000430,256,1467,-1211
106000431,782,241,541
106000432,1469,2647,-1178
106000433,1218,714,504
106000434,1969,730,1239
106000435,1622,2407,-785
106000436,16,236,-220
106000437,132,15,117
106000438,100,88,12
106000439,24,399,-375
106000440,153,426,-273
106000441,1,0,1
106000442,110,7,103
106000443,61,582,-521
106000450,11,186,-175
106000451,19,16,3
106000454,6,91,-85
106000455,10,185,-175
106000456,100,15,85
106000457,4,1048,-1044
106000458,265,178,87
106000459,59,378,-319
106000460,435,39,396
106000461,25,1936,-1911
106000462,0,17,-17
106000463,2,33,-31
106000464,4,626,-622
106000465,213,0,213
106000466,1,658,-657
106000467,492,462,30
106000468,17,160,-143
106000469,256,5,251
106000470,173,1171,-998
106000471,34,623,-589
106000472,55,5,50
106000473,16,20,-4
106000474,242,862,-620
106000475,245,180,65
106000476,147,142,5
106000477,44,131,-87
106000480,0,87,-87
106900001,0,15,-15
106900002,2,628,-626
106900003,221,748,-527
106900004,0,66,-66
106900006,1,28,-27
106900007,0,9,-9
106900008,133,286,-153
106900009,112,467,-355
106900010,107,338,-231
106900012,1934,957,977
106900013,211,55,156
106900014,19,0,19
106900015,6,0,6
106900016,103,1,102
106900017,4,0,4
106900018,1,0,1
106900019,22,0,22
106900020,2768,698,2070
106900021,14,63,-49
106900022,221,0,221
106900023,12,224,-212
106900024,199,14,185
106900025,37,640,-603
106900026,7,892,-885
106900027,349,0,349
107000001,3007,1371,1636
107000002,5021,2860,2161
107000003,2720,3555,-835
107000004,3653,4908,-1255
107000005,1498,3027,-1529
107000006,2597,5246,-2649
107000007,3229,4954,-1725
107000008,12969,9292,3677
107000009,3054,3521,-467
107000010,8131,9624,-1493
107000011,1346,1010,336
107000012,3574,3251,323
107000013,35,145,-110
107000014,10,284,-274
107000015,245,817,-572
107000016,248,1178,-930
107000017,1371,657,714
107000018,3,149,-146
107000020,646,239,407
107000021,581,714,-133
107000022,472,1030,-558
107000023,945,250,695
107000024,288,1803,-1515
107000025,118,346,-228
107000026,100,590,-490
107000027,632,669,-37
107000028,894,1541,-647
107000029,1211,1305,-94
107000030,2730,3015,-285
107000031,1926,1456,470
107000032,253,850,-597
107000033,3102,2823,279
107000034,3838,1678,2160
107000035,206,166,40
107000036,238,759,-521
107000037,23,541,-518
107000038,148,200,-52
107000039,355,419,-64
107000040,86,281,-195
107000041,933,512,421
107000042,600,1371,-771
107000043,2469,771,1698
107000044,541,323,218
107000045,76,309,-233
107000046,312,314,-2
107000047,295,914,-619
107000048,389,280,109
107000049,425,718,-293
107000050,499,392,107
107000051,448,284,164
107000052,694,623,71
107000053,233,134,99
107000054,43,304,-261
107000055,276,143,133
107000056,423,757,-334
107000057,1918,236,1682
107000058,1546,1686,-140
107000059,1731,2733,-1002
107000060,2087,3530,-1443
107000061,4456,3371,1085
107000062,1838,2237,-399
107000063,2994,5408,-2414
107000064,1946,1458,488
107000065,2529,5007,-2478
107000066,915,1375,-460
107000067,495,755,-260
107000068,996,513,483
107000069,349,268,81
107000070,380,32,348
107000071,1246,28,1218
107000072,45,3366,-3321
107000073,254,130,124
107000074,86,814,-728
107000075,847,259,588
107000076,690,1621,-931
107000077,1542,547,995
107000078,1598,3033,-1435
107000079,1258,458,800
107000080,967,2823,-1856
107000081,668,387,281
107000082,411,2359,-1948
107000083,478,193,285
107000084,434,2200,-1766
107000085,2031,2559,-528
107000086,2784,2305,479
107000087,1904,1473,431
107000088,2006,2648,-642
107000089,1035,1425,-390
107000090,637,944,-307
107000091,716,781,-65
107000092,470,1021,-551
107000093,791,724,67
107000094,623,1223,-600
107000095,306,514,-208
107000096,463,948,-485
107000097,312,285,27
107000098,274,812,-538
107000099,253,220,33
107000100,214,296,-82
107000101,59,127,-68
107000102,279,295,-16
107000103,222,174,48
107000104,185,319,-134
107000105,243,106,137
107000106,161,324,-163
107000107,321,149,172
107000108,93,813,-720
107000109,277,136,141
107000110,41,596,-555
107000111,122,24,98
107000112,27,414,-387
107000113,242,106,136
107000114,70,860,-790
107000115,235,80,155
107000116,81,1078,-997
107000117,71,192,-121
107000118,145,297,-152
107000119,1542,834,708
107000120,2667,302,2365
107000121,444,615,-171
107000122,831,699,132
107000123,198,773,-575
107000124,296,748,-452
107000125,405,774,-369
107000126,619,974,-355
107000129,64,1050,-986
107000130,190,173,17
107000131,314,788,-474
107000132,288,267,21
107000133,588,117,471
107000134,145,2,143
107000135,10,181,-171
107000136,570,1,569
107000137,15,261,-246
107000138,236,15,221
107000139,5,281,-276
107000140,511,25,486
107000141,86,699,-613
107000142,203,42,161
107000143,31,828,-797
107000144,192,261,-69
107000145,111,499,-388
107000146,111,159,-48
107000147,3679,908,2771
107000150,616,1089,-473
107000151,27,38,-11
107000152,410,324,86
107000153,348,668,-320
107000154,195,99,96
107000155,346,10,336
107000156,463,20,443
107000157,14,2142,-2128
107000158,272,7,265
107000159,51,1594,-1543
107000160,384,62,322
107000161,60,1843,-1783
107000162,128,197,-69
107000163,19,0,19
107000164,176,0,176
107000165,328,3,325
107000166,59,1358,-1299
107000167,253,292,-39
107000168,480,190,290
107000169,941,865,76
107000170,657,392,265
107000171,388,2560,-2172
107000172,463,544,-81
107000173,552,1018,-466
107000174,577,1735,-1158
107000175,8713,1387,7326
107000176,2,1,1
107000177,0,1,-1
107000178,10,54,-44
107000179,182,2983,-2801
107000180,612,298,314
107000181,243,1460,-1217
107000182,985,776,209
107000183,84,1042,-958
107000184,475,637,-162
107000185,186,1256,-1070
107000186,485,266,219
107000187,728,973,-245
107000188,281,366,-85
107000189,220,722,-502
107000190,271,619,-348
107000191,475,1087,-612
107000192,797,953,-156
107000193,250,304,-54
107000194,681,658,23
107000197,428,199,229
107000198,192,797,-605
107000199,401,581,-180
107000200,801,407,394
107000201,245,192,53
107000202,158,304,-146
107000203,517,364,153
107000204,599,372,227
107000205,1825,765,1060
107000206,495,681,-186
107000207,697,808,-111
107000208,874,228,646
107000209,1817,614,1203
107000210,981,252,729
107000211,9,20,-11
107000212,10,207,-197
107000213,4,26,-22
107000214,7,122,-115
107000215,198,408,-210
107000216,146,413,-267
107000217,61,112,-51
107000219,38,74,-36
107000220,88,291,-203
107000222,207,623,-416
107000224,200,41,159
107000225,113,630,-517
107000226,161,79,82
107000227,68,368,-300
107000228,72,128,-56
107000229,238,117,121
107000230,739,530,209
107000231,2477,466,2011
107000232,78,82,-4
107000233,1974,560,1414
107000234,0,15,-15
107000235,67,6,61
107000236,14,239,-225
107000237,5,0,5
107000238,10,0,10
107000239,4610,360,4250
107000240,45,1181,-1136
107000243,0,55,-55
107000244,7,72,-65
107000246,2,1021,-1019
107000249,8,1048,-1040
107000251,0,230,-230
107000252,5,1269,-1264
107000255,647,72,575
107000257,4,596,-592
107000258,3,118,-115
107000259,1,206,-205
107000260,228,8,220
107000262,16,727,-711
107000263,126,0,126
107000266,6,6,0
107000267,67,164,-97
107000268,105,233,-128
107000269,150,22,128
107000270,1,14,-13
107000271,6,968,-962
107000272,4,263,-259
107000273,0,280,-280
107000274,330,29,301
107000275,149,677,-528
107000280,303,17,286
107000281,20,1095,-1075
107000282,20,1350,-1330
107000290,1,39,-38
107000291,6,13,-7
107000292,1,32,-31
107000293,63,2,61
107000294,0,24,-24
107000295,12,1,11
107000296,0,14,-14
107000444,89,3,86
107000496,0,16,-16
107000497,1047,2759,-1712
107000500,193,304,-111
107000501,27,193,-166
107000502,144,323,-179
107000505,552,756,-204
107000506,0,52,-52
107000508,8,744,-736
107000509,172,439,-267
107000510,19,22,-3
107000514,27,194,-167
107000515,10,334,-324
107000516,128,121,7
107000518,592,442,150
107000519,3605,895,2710
107000520,52,17,35
107000521,246,446,-200
107000522,341,761,-420
107900001,22,243,-221
107900002,33,0,33
107900003,129,5,124
107900004,4,1,3
107900005,354,1,353
107900006,26,1,25
107900007,101,15,86
107900008,36,34,2
107900009,56,10,46
107900010,10,0,10
107900012,108,15,93
107900013,168,51,117
107900014,13,0,13
107900015,246,1,245
107900016,453,89,364
107900017,9,1,8
107900018,12,38,-26
107900019,9,44,-35
107900020,21,5,16
107900021,26,139,-113
107900023,1,3,-2
107900024,0,23,-23
107900025,171,311,-140
107900026,11,112,-101
107900027,8,35,-27
107900028,17,68,-51
107900030,138,9,129
107900031,35,198,-163
107900032,1,3,-2
107900033,3,2,1
107900034,209,4,205
107900035,284,11,273
107900036,26,11,15
107900037,2,57,-55
107900038,101,83,18
107900039,5,71,-66
107900040,24,45,-21
107900041,0,0,0
107900043,34,133,-99
107900044,1,7,-6
107900045,36,15,21
107900046,67,48,19
107900047,10,102,-92
107900048,52,13,39
107900049,262,248,14
107900050,72,276,-204
107900051,41,68,-27
107900052,2,3,-1
107900053,15,51,-36
107900055,260,171,89
107900056,63,14,49
107900057,0,0,0
107900058,25,595,-570
107900060,9,36,-27
107900061,14,5,9
107900063,56,94,-38
107900064,200,37,163
107900065,58,8,50
107900066,9,5,4
107900067,0,0,0
107900068,102,132,-30
107900069,42,600,-558
107900070,31,15,16
107900071,14,755,-741
107900072,33,212,-179
107900073,30,102,-72
107900074,932,123,809
107900076,98,57,41
107900077,26,0,26
107900079,17,15,2
107900080,46,126,-80
107900081,20,48,-28
107900082,27,11,16
107900083,157,78,79
107900084,45,64,-19
107900086,65,86,-21
107900087,256,29,227
107900088,12,8,4
107900089,184,748,-564
107900090,409,747,-338
107900091,132,471,-339
107900093,54,61,-7
107900095,2279,815,1464
107900097,26,62,-36
107900098,24,109,-85
107900100,926,582,344
107900101,847,109,738
107900102,7,7,0
107900103,25,145,-120
107900104,101,0,101
107900105,1,639,-638
107900106,5,1427,-1422
107900107,951,126,825
107900108,215,73,142
107900109,420,9,411
107900110,5,96,-91
107900111,4,1190,-1186
107900112,110,243,-133
107900113,58,108,-50
107900114,69,228,-159
107900115,1,52,-51
107900116,36,194,-158
107900117,154,369,-215
107900118,55,148,-93
107900119,19,52,-33
107900120,9,4,5
107900121,2,120,-118
107900122,1,28,-27
107900123,0,19,-19
107900124,4,21,-17
107900125,28,142,-114
107900126,3,19,-16
107900127,310,85,225
107900128,70,49,21
107900129,19,46,-27
107900130,19,22,-3
107900131,556,27,529
107900132,105,363,-258
107900133,1,64,-63
107900134,21,14,7
107900135,2,162,-160
107900136,49,21,28
107900137,73,61,12
107900138,22,24,-2
107900139,9,39,-30
107900141,15,38,-23
107900142,32,911,-879
107900143,32,30,2
107900144,0,179,-179
107900145,2,77,-75
107900146,24,95,-71
107900147,33,14,19
107900148,116,125,-9
107900149,1239,304,935
107900150,89,716,-627
107900151,5,89,-84
107900152,9,219,-210
107900153,130,153,-23
107900154,21,13,8
107900155,22,23,-1
107900156,5,514,-509
107900157,18,77,-59
107900158,189,17,172
107900159,46,898,-852
107900160,27,166,-139
107900161,10,256,-246
107900162,0,59,-59
107900163,33,20,13
107900164,0,13,-13
107900165,5,52,-47
107900166,9,291,-282
107900167,5,11,-6
107900168,10,32,-22
107900169,0,172,-172
107900171,12,1640,-1628
107900172,1,296,-295
107900173,7,185,-178
107900174,26,2,24
107900175,3,4,-1
107900176,14,37,-23
107900177,0,25,-25
107900178,0,204,-204
107900179,11,122,-111
107900180,807,170,637
107900181,179,343,-164
107900182,3,1566,-1563
107900183,13,373,-360
107900184,35,210,-175
107900185,24,6,18
107900186,6,28,-22
107900187,0,84,-84
107900188,701,64,637
107900189,8,108,-100
107900190,71,44,27
107900191,23,117,-94
107900193,4,13,-9
107900194,99,5,94
107900195,3685,412,3273
107900196,18,51,-33
107900197,756,103,653
107900199,2,1168,-1166
107900201,27,114,-87
107900203,43,72,-29
107900204,222,156,66
107900206,196,97,99
107900207,4,546,-542
107900208,5,763,-758
107900209,292,95,197
107900210,66,119,-53
107900213,239,243,-4
107900214,4,131,-127
107900215,146,279,-133
107900216,57,59,-2
107900217,5,50,-45
107900218,14,1615,-1601
107900219,19,132,-113
107900220,104,97,7
107900221,101,234,-133
107900223,71,584,-513
107900224,165,249,-84
107900225,6,658,-652
107900226,45,91,-46
107900227,67,444,-377
107900228,3,93,-90
107900229,5,283,-278
107900230,20,159,-139
107900231,5,245,-240
107900232,17,212,-195
107900233,6,138,-132
107900234,39,162,-123
107900235,17,68,-51
107900236,55,68,-13
107900237,84,402,-318
107900238,9,101,-92
107900239,1228,349,879
107900240,6,142,-136
107900241,10,98,-88
107900242,7,322,-315
107900243,5,32,-27
107900244,217,4,213
107900245,155,25,130
107900246,36,4,32
107900248,81,413,-332
107900249,261,6,255
107900250,0,470,-470
107900251,55,1069,-1014
107900252,275,7,268
107900253,59,2,57
107900254,56,77,-21
107900255,276,43,233
107900256,224,407,-183
107900257,44,25,19
107900258,60,242,-182
107900259,78,535,-457
107900261,0,388,-388
107900262,32,92,-60
107900264,101,5,96
107900265,52,162,-110
107900267,73,17,56
107900268,43,8,35
107900269,0,8,-8
107900270,0,0,0
107900271,4,3,1
107900272,128,6,122
107900273,45,67,-22
107900274,44,0,44
107900275,1,0,1
107900276,0,46,-46
107900277,1,196,-195
107900278,115,344,-229
107900279,126,57,69
107900280,1344,1028,316
107900281,2832,777,2055
107900282,48,119,-71
107900283,1097,256,841
107900284,148,722,-574
107900285,29,132,-103
107900286,99,76,23
107900287,59,97,-38
107900290,0,50,-50
107900291,237,9,228
107900292,61,266,-205
107900293,33,593,-560
107900295,34,123,-89
107900297,0,189,-189
107900298,559,829,-270
107900299,3201,1265,1936
107900301,250,234,16
107900302,61,9,52
107900303,47,311,-264
107900304,90,451,-361
107900305,124,10,114
107900306,18,6,12
107900307,25,218,-193
107900308,164,29,135
107900309,4,0,4
107900310,2,0,2
107900311,213,111,102
107900312,1,0,1
107900313,0,60,-60
107900314,0,43,-43
107900315,0,20,-20
107900316,13,0,13
107900317,32,8,24
107900318,8,108,-100
107900319,2,177,-175
107900320,8,138,-130
107900321,34,0,34
107900322,1,169,-168
107900323,12,95,-83
107900324,64,5,59
107900325,40,0,40
107900326,129,384,-255
107900327,1,0,1
107900328,0,0,0
107900329,0,0,0
107900330,2,441,-439
107900331,65,25,40
107900332,101,24,77
107900333,32,4,28
107900334,13,273,-260
107900335,33,25,8
107900336,14,17,-3
107900337,1159,421,738
107900338,2,105,-103
107900339,0,10,-10
107900340,5,51,-46
107900341,14,0,14
107900342,74,94,-20
107900343,22,2,20
107900344,4,121,-117
107900345,72,30,42
107900346,23,2,21
107900347,17,6,11
107900348,2,1,1
107900349,8,3,5
107900350,29,231,-202
107900351,1,222,-221
107900352,0,61,-61
107900353,10,4,6
107900354,2,50,-48
108000001,1850,2653,-803
108000002,2189,2990,-801
108000003,2125,1559,566
108000004,14038,14051,-13
108000005,4054,2504,1550
108000006,4951,5549,-598
108000007,2868,2476,392
108000008,4061,5177,-1116
108000009,1830,2362,-532
108000010,1860,4143,-2283
108000011,8088,6311,1777
108000012,16995,13333,3662
108000014,724,467,257
108000015,379,263,116
108000016,152,681,-529
108000017,513,277,236
108000018,833,418,415
108000019,1060,464,596
108000020,827,349,478
108000021,381,1461,-1080
108000022,420,1408,-988
108000023,755,139,616
108000024,209,712,-503
108000025,170,194,-24
108000026,386,636,-250
108000027,321,702,-381
108000028,218,308,-90
108000029,255,931,-676
108000030,282,228,54
108000031,156,508,-352
108000032,781,336,445
108000033,543,1202,-659
108000034,814,310,504
108000035,659,2188,-1529
108000036,266,1403,-1137
108000037,939,289,650
108000038,1283,283,1000
108000039,455,2564,-2109
108000040,991,574,417
108000041,546,2502,-1956
108000042,71,244,-173
108000043,112,272,-160
108000044,178,180,-2
108000045,147,685,-538
108000046,725,197,528
108000047,287,1164,-877
108000048,104,420,-316
108000049,310,172,138
108000050,133,730,-597
108000051,167,65,102
108000052,268,732,-464
108000053,218,88,130
108000054,373,877,-504
108000055,528,258,270
108000056,1028,1027,1
108000057,406,563,-157
108000058,1682,2048,-366
108000059,3436,1692,1744
108000060,115,345,-230
108000061,258,604,-346
108000062,292,269,23
108000063,300,533,-233
108000064,80,185,-105
108000065,361,578,-217
108000066,1289,664,625
108000067,910,334,576
108000068,419,276,143
108000069,187,1125,-938
108000070,810,520,290
108000071,429,1810,-1381
108000072,832,730,102
108000073,1350,1826,-476
108000074,193,237,-44
108000075,308,764,-456
108000076,357,328,29
108000077,587,762,-175
108000078,1252,1006,246
108000079,878,1778,-900
108000080,454,361,93
108000081,355,2324,-1969
108000082,865,1532,-667
108000083,1048,632,416
108000084,305,1200,-895
108000085,320,264,56
108000086,802,719,83
108000087,109,979,-870
108000088,438,136,302
108000089,131,208,-77
108000091,90,528,-438
108000092,69,96,-27
108000093,76,827,-751
108000094,284,125,159
108000095,86,493,-407
108000096,161,166,-5
108000097,70,568,-498
108000098,565,1132,-567
108000099,415,256,159
108000100,28,362,-334
108000101,405,725,-320
108000102,924,1521,-597
108000106,725,1,724
108000107,3,615,-612
108000108,457,21,436
108000109,8,873,-865
108000110,77,221,-144
108000111,112,674,-562
108000112,30,116,-86
108000113,417,263,154
108000115,434,321,113
108000117,601,212,389
108000118,349,726,-377
108000119,687,409,278
108000120,103,481,-378
108000121,160,491,-331
108000122,213,244,-31
108000123,328,293,35
108000124,140,530,-390
108000125,149,357,-208
108000126,91,620,-529
108000127,225,351,-126
108000128,276,761,-485
108000129,160,1435,-1275
108000130,170,253,-83
108000131,588,259,329
108000132,1693,1293,400
108000133,424,447,-23
108000134,588,748,-160
108000135,450,279,171
108000136,688,1273,-585
108000137,180,361,-181
108000138,213,1021,-808
108000139,120,384,-264
108000140,39,16,23
108000141,20,146,-126
108000142,35,109,-74
108000143,21,582,-561
108000144,121,53,68
108000145,13,26,-13
108000146,320,47,273
108000147,11,63,-52
108000148,143,41,102
108000149,13,25,-12
108000150,12,5,7
108000151,177,55,122
108000152,65,627,-562
108000153,132,93,39
108000154,41,18,23
108000155,25,16,9
108000156,753,439,314
108000157,91,377,-286
108000158,70,366,-296
108000159,594,142,452
108000160,4980,696,4284
108000161,3650,930,2720
108000165,2,85,-83
108000172,0,146,-146
108000173,2488,967,1521
108000175,236,125,111
108000178,305,364,-59
108000179,192,395,-203
108000181,28,21,7
108000182,274,86,188
108000183,29,410,-381
108000184,1111,1195,-84
108000185,69,641,-572
108000186,81,504,-423
108000187,54,788,-734
108000188,179,249,-70
108000189,2186,2611,-425
108000190,32,96,-64
108000192,40,648,-608
108000193,634,34,600
108000194,42,25,17
108000195,1,1097,-1096
108000196,97,129,-32
108000198,357,439,-82
108000199,0,142,-142
108000200,92,674,-582
108000203,52,911,-859
108000204,37,22,15
108000205,328,579,-251
108000339,1132,300,832
108000364,490,494,-4
108000365,39,412,-373
108000367,147,312,-165
108000368,3,46,-43
108000369,1190,67,1123
108000371,8,563,-555
108000372,365,7,358
108000373,72,140,-68
108000376,41,21,20
108000377,245,350,-105
108000378,6650,6318,332
108000379,5,158,-153
108000381,35,11,24
108000382,93,3,90
108000383,0,166,-166
108900001,110,1213,-1103
108900002,132,54,78
108900003,363,1057,-694
108900004,1425,219,1206
108900007,96,148,-52
108900008,46,105,-59
108900009,24,63,-39
108900010,62,110,-48
108900011,138,370,-232
108900012,110,465,-355
108900013,80,219,-139
108900014,2,71,-69
108900015,0,30,-30
108900016,1,205,-204
108900017,90,141,-51
108900018,65,564,-499
108900019,8,1258,-1250
108900020,9,277,-268
108900021,66,247,-181
108900022,37,3,34
108900023,4,34,-30
108900024,14,145,-131
108900025,63,147,-84
108900026,13,94,-81
108900027,0,79,-79
108900028,30,507,-477
108900029,35,195,-160
108900030,0,123,-123
108900031,38,603,-565
108900032,11,224,-213
108900033,1,64,-63
108900034,0,281,-281
108900035,127,1868,-1741
108900038,0,400,-400
108900039,0,637,-637
108900040,3,99,-96
108900041,4687,1637,3050
108900042,3,237,-234
108900043,23,442,-419
108900044,2,654,-652
108900045,12,757,-745
108900046,38,1016,-978
108900047,0,112,-112
108900048,42,1027,-985
108900049,4986,534,4452
108900050,1,318,-317
108900051,0,180,-180
108900052,19,250,-231
108900053,93,93,0
108900054,25,254,-229
108900055,65,472,-407
108900056,0,156,-156
108900057,1,181,-180
108900058,35,440,-405
108900059,151,14,137
108900060,16,87,-71
108900061,55,23,32
108900062,1,331,-330
108900063,4,404,-400
108900064,42,34,8
108900065,3,318,-315
108900066,135,120,15
108900067,15,201,-186
108900068,1,277,-276
108900069,19,131,-112
108900070,19,141,-122
108900071,32,42,-10
108900072,2125,216,1909
108900073,13,563,-550
108900074,40,435,-395
108900075,40,60,-20
108900076,140,53,87
108900077,179,641,-462
108900078,10,179,-169
108900079,774,166,608
108900080,20,287,-267
108900081,53,270,-217
108900082,23,83,-60
108900083,11,157,-146
108900085,2118,129,1989
108900086,54,394,-340
108900087,125,196,-71
108900088,488,170,318
108900089,12,95,-83
108900090,16,552,-536
108900091,130,111,19
108900092,242,197,45
108900093,58,45,13
108900094,131,47,84
108900095,53,632,-579
108900096,431,24,407
108900097,204,162,42
108900098,2936,282,2654
108900099,242,333,-91
108900100,113,131,-18
108900101,106,56,50
108900102,104,470,-366
108900103,34,52,-18
108900105,5,414,-409
108900106,156,495,-339
108900108,119,30,89
108900109,175,29,146
108900110,94,571,-477
108900111,153,704,-551
108900113,18,22,-4
108900114,41,6,35
108900115,20,32,-12
108900116,31,11,20
108900117,64,22,42
108900118,270,5,265
108900119,102,32,70
108900120,172,66,106
108900121,199,31,168
108900122,65,25,40
108900123,37,41,-4
108900124,229,114,115
108900125,175,3,172
108900126,59,8,51
108900127,67,17,50
108900128,29,16,13
108900129,375,57,318
108900130,102,1,101
108900131,176,1,175
108900132,203,35,168
108900133,61,19,42
108900134,78,233,-155
108900135,66,0,66
108900136,7,0,7
108900137,37,0,37
108900138,235,16,219
108900140,104,255,-151
108900141,109,4,105
108900142,58,3,55
108900143,12,0,12
108900144,38,0,38
108900145,74,3,71
108900146,35,0,35
108900147,70,0,70
108900148,52,38,14
108900150,121,2,119
108900151,79,3,76
108900152,29,6,23
108900153,65,531,-466
108900154,2220,357,1863
108900156,14,9,5
108900157,4,705,-701
108900158,100,15,85
108900159,7,371,-364
108900160,8,259,-251
108900161,1,478,-477
108900162,27,0,27
108900163,3,141,-138
108900164,45,63,-18
108900168,9527,1551,7976
108900169,32,128,-96
108900171,6318,1263,5055
108900172,107,28,79
108900173,166,283,-117
108900174,287,418,-131
108900176,102,586,-484
108900177,7540,1672,5868
108900178,4700,1464,3236
108900180,46,130,-84
108900183,149,130,19
108900184,193,137,56
108900185,26,262,-236
108900186,18,306,-288
108900189,105,111,-6
108900190,54,3114,-3060
108900192,42,246,-204
108900195,36,414,-378
108900196,13,638,-625
108900199,115,261,-146
108900200,206,218,-12
108900201,242,1013,-771
108900203,234,30,204
108900204,182,7,175
108900205,121,20,101
108900206,122,26,96
108900207,112,35,77
108900208,22,293,-271
108900209,225,547,-322
108900210,119,184,-65
108900211,79,262,-183
108900212,628,625,3
108900215,108,681,-573
108900216,336,51,285
108900217,89,1,88
108900218,70,13,57
108900221,55,74,-19
108900224,25,71,-46
108900225,1,162,-161
108900227,59,103,-44
108900230,331,269,62
108900232,1,448,-447
108900233,156,44,112
108900234,151,52,99
108900235,169,572,-403
108900236,24,381,-357
108900240,29,75,-46
108900241,12,24,-12
108900245,3,399,-396
108900250,121,100,21
108900258,13,259,-246
108900259,19,69,-50
108900260,4,114,-110
108900261,179,170,9
108900262,266,107,159
108900263,80,271,-191
108900264,370,213,157
108900265,1191,193,998
108900266,1222,242,980
108900267,1,37,-36
108900268,1,7,-6
108900269,37,7,30
108900270,20,8,12
108900271,19,2,17
108900272,72,5,67
108900273,978,332,646
108900274,17,53,-36
109000001,2765,869,1896
109000002,2685,1189,1496
109000003,1390,468,922
109000004,341,2089,-1748
109000005,1324,628,696
109000006,511,1974,-1463
109000007,824,609,215
109000008,294,1682,-1388
109000009,2127,927,1200
109000010,1097,3656,-2559
109000011,1670,1149,521
109000012,1244,3890,-2646
109000013,1985,1531,454
109000014,1189,3339,-2150
109000015,2191,3219,-1028
109000016,8837,3891,4946
109000017,1244,919,325
109000018,618,3245,-2627
109000019,1682,1032,650
109000020,1095,2164,-1069
109000023,136,27,109
109000024,4,96,-92
109000025,326,311,15
109000026,602,226,376
109000027,49,213,-164
109000028,104,72,32
109000029,99,116,-17
109000030,65,491,-426
109000031,78,72,6
109000032,41,463,-422
109000033,172,77,95
109000034,34,60,-26
109000035,18,28,-10
109000036,41,326,-285
109000037,151,597,-446
109000038,446,299,147
109000039,497,340,157
109000040,4555,3024,1531
109000041,4824,975,3849
109000042,778,908,-130
109000044,159,53,106
109000045,59,449,-390
109000046,180,54,126
109000047,46,374,-328
109000048,579,94,485
109000049,186,436,-250
109000050,206,145,61
109000051,266,242,24
109000052,279,1684,-1405
109000053,79,52,27
109000054,78,621,-543
109000055,80,145,-65
109000056,133,525,-392
109000057,210,196,14
109000058,589,189,400
109000059,445,772,-327
109000060,227,182,45
109000061,1322,350,972
109000062,73,179,-106
109000063,148,169,-21
109000064,83,128,-45
109000065,60,280,-220
109000066,194,127,67
109000067,22,372,-350
109000068,495,3,492
109000069,694,28,666
109000070,14,731,-717
109000071,197,62,135
109000072,78,264,-186
109000073,37,54,-17
109000074,23,192,-169
109000075,35,354,-319
109000076,65,150,-85
109000077,298,267,31
109000078,26,80,-54
109000079,150,280,-130
109000080,84,79,5
109000081,57,569,-512
109000082,280,249,31
109000083,167,866,-699
109000088,86,381,-295
109000089,199,21,178
109000090,124,495,-371
109000091,152,94,58
109000092,335,638,-303
109000093,139,136,3
109000094,142,2,140
109000095,59,599,-540
109000096,314,145,169
109000097,56,114,-58
109000098,38,89,-51
109000099,493,359,134
109000100,130,491,-361
109000101,498,751,-253
109000102,226,776,-550
109000103,180,531,-351
109000104,667,486,181
109000105,331,1306,-975
109000106,879,473,406
109000107,339,1852,-1513
109000108,878,405,473
109000109,278,1683,-1405
109000110,757,314,443
109000111,671,2051,-1380
109000112,241,132,109
109000113,119,116,3
109000114,88,328,-240
109000115,723,105,618
109000116,11,183,-172
109000117,83,130,-47
109000118,12,274,-262
109000119,456,355,101
109000120,102,1078,-976
109000121,140,63,77
109000122,65,1177,-1112
109000123,16,100,-84
109000124,253,314,-61
109000125,303,335,-32
109000126,250,891,-641
109000127,286,151,135
109000128,301,2221,-1920
109000129,909,411,498
109000130,466,2593,-2127
109000131,495,254,241
109000132,473,1716,-1243
109000133,222,1016,-794
109000134,586,1351,-765
109000135,750,1125,-375
109000136,167,356,-189
109000137,103,251,-148
109000138,230,463,-233
109000139,232,409,-177
109000140,54,434,-380
109000141,178,366,-188
109000142,97,579,-482
109000143,48,46,2
109000145,64,169,-105
109000146,64,81,-17
109000148,3163,633,2530
109000149,18,29,-11
109000150,143,160,-17
109000155,304,443,-139
109000156,882,801,81
109000158,24,185,-161
109000159,27,568,-541
109000160,426,227,199
109000161,192,1161,-969
109000162,971,882,89
109000163,680,1526,-846
109000164,713,2560,-1847
109000165,730,544,186
109000166,294,113,181
109000167,74,944,-870
109000170,33,66,-33
109000171,41,52,-11
109000172,42,67,-25
109000173,20,71,-51
109000174,41,76,-35
109000175,30,108,-78
109000176,116,259,-143
109000177,12,131,-119
109000178,322,436,-114
109000179,6324,1976,4348
109000180,3916,2056,1860
109000181,2,36,-34
109000182,38,45,-7
109000183,33,27,6
109000184,13,13,0
109000185,9,88,-79
109000188,299,2465,-2166
109000189,1185,744,441
109000190,297,546,-249
109000191,124,600,-476
109000192,157,192,-35
109000193,100,423,-323
109000194,61,122,-61
109000195,56,389,-333
109000196,117,71,46
109000197,114,534,-420
109000198,138,42,96
109000199,47,508,-461
109000206,146,20,126
109000207,101,29,72
109000208,66,46,20
109000209,140,99,41
109000210,155,536,-381
109000211,183,320,-137
109000214,214,618,-404
109000215,54,75,-21
109000216,161,119,42
109000217,82,67,15
109000218,173,88,85
109000221,232,1099,-867
109000222,590,116,474
109000223,171,213,-42
109000224,36,258,-222
109000225,41,51,-10
109000226,51,300,-249
109000227,525,1277,-752
109000228,0,223,-223
109000231,0,471,-471
109000232,181,395,-214
109000236,180,785,-605
109000241,1271,1802,-531
109000242,849,1150,-301
109000293,8,40,-32
109000361,97,255,-158
109000364,106,523,-417
109000396,1,904,-903
109000397,194,2,192
109000399,124,590,-466
109000400,57,318,-261
109000403,41,216,-175
109000406,389,61,328
109000407,127,220,-93
109000408,1,708,-707
109000410,474,118,356
109000411,88,17,71
109900001,39,7,32
109900002,349,10,339
109900003,76,1,75
109900004,426,195,231
109900005,10,2,8
109900006,137,309,-172
109900007,271,849,-578
109900008,0,25,-25
109900009,63,744,-681
109900010,222,8,214
109900011,32,26,6
109900012,104,113,-9
109900013,193,90,103
109900014,129,23,106
109900015,257,126,131
109900016,48,48,0
109900017,57,65,-8
109900018,77,137,-60
109900019,58,67,-9
109900020,10,13,-3
109900021,11,18,-7
109900022,66,385,-319
109900023,3,6,-3
109900024,4,2,2
109900025,6,85,-79
109900026,2,162,-160
109900027,36,5,31
109900028,2360,411,1949
109900029,4,569,-565
109900030,10,5,5
109900031,0,74,-74
109900032,7,264,-257
109900033,0,510,-510
109900034,5,0,5
109900035,7,23,-16
109900036,5,95,-90
109900037,22,562,-540
109900038,42,268,-226
109900039,10,0,10
109900040,13,618,-605
109900041,34,462,-428
109900042,1,404,-403
109900044,29,274,-245
109900045,75,19,56
109900046,46,56,-10
109900047,235,294,-59
109900048,10,77,-67
109900049,2,22,-20
109900050,2,284,-282
109900051,0,26,-26
109900052,44,242,-198
109900053,3,605,-602
109900054,268,130,138
109900055,17,228,-211
109900056,5,94,-89
109900057,4,235,-231
109900058,0,114,-114
109900059,273,86,187
109900060,219,124,95
109900061,59,255,-196
109900062,1,252,-251
109900063,4,235,-231
109900064,193,230,-37
109900065,79,88,-9
109900066,197,987,-790
109900067,2,508,-506
109900068,24,6,18
109900069,0,43,-43
109900070,30,234,-204
109900071,0,27,-27
109900072,1,107,-106
109900073,115,841,-726
109900074,5,53,-48
109900075,7,23,-16
109900076,17,565,-548
109900077,38,47,-9
109900078,76,269,-193
109900080,73,270,-197
109900081,13,82,-69
109900082,29,459,-430
109900083,7,49,-42
109900084,34,100,-66
109900085,163,1082,-919
109900086,93,195,-102
109900087,238,342,-104
109900089,193,90,103
109900090,390,1143,-753
109900091,107,77,30
109900092,130,6,124
109900093,311,96,215
109900094,25,84,-59
109900095,91,225,-134
109900096,14,0,14
109900097,61,3,58
109900098,151,13,138
109900099,109,0,109
109900100,19,2,17
109900101,179,2,177
109900102,199,9,190
109900103,7,36,-29
109900104,187,1161,-974
109900105,249,10,239
109900106,80,39,41
109900107,141,45,96
109900108,36,389,-353
109900109,16,140,-124
109900110,34,436,-402
109900111,206,1194,-988
109900112,349,1020,-671
109900113,340,244,96
109900114,440,294,146
109900115,82,90,-8
109900117,354,80,274
109900118,189,379,-190
109900119,436,243,193
109900120,25,7,18
109900121,243,147,96
109900122,182,0,182
109900123,7,166,-159
109900124,30,822,-792
109900125,2,225,-223
109900126,84,170,-86
109900128,98,45,53
109900130,10861,1001,9860
109900131,75,127,-52
109900132,35,164,-129
109900133,62,342,-280
109900134,30,32,-2
109900135,417,92,325
109900136,17,150,-133
109900137,49,354,-305
109900140,117,260,-143
109900142,471,187,284
109900145,1,103,-102
109900146,251,28,223
109900148,25,46,-21
109900149,30,50,-20
109900150,4,63,-59
109900151,1,62,-61
109900152,1,27,-26
109900153,1,52,-51
109900154,5,0,5
109900155,22,3,19
109900157,15,299,-284
109900158,27,94,-67
109900159,88,22,66
109900160,51,53,-2
109900161,163,50,113
109900162,75,37,38
109900163,593,245,348
109900164,19,195,-176
109900165,142,1,141
109900166,2,120,-118
109900167,111,583,-472
109900168,108,558,-450
109900169,77,95,-18
109900170,125,357,-232
109900171,66,66,0
109900172,64,106,-42
109900173,3666,965,2701
109900174,31,158,-127
109900175,25,62,-37
109900176,52,142,-90
109900177,16,251,-235
109900178,0,76,-76
109900179,4,20,-16
109900180,2,14,-12
110000001,531,465,66
110000002,421,423,-2
110000003,747,561,186
110000004,388,427,-39
110000005,587,929,-342
110000006,578,283,295
110000007,82,180,-98
110000008,11,34,-23
110000009,18,37,-19
110000010,9,39,-30
110000011,17,83,-66
110000012,626,394,232
110000013,27,263,-236
110000014,508,315,193
110000015,260,384,-124
110000016,220,660,-440
110000017,3250,204,3046
110000018,3137,441,2696
110000019,9,138,-129
110000020,421,198,223
110000021,358,284,74
110000022,379,100,279
110000023,2,166,-164
110000024,431,345,86
110000025,69,5,64
110000026,0,517,-517
110000027,456,213,243
110000028,487,576,-89
110000029,443,952,-509
110000030,146,247,-101
110000031,149,546,-397
110000032,450,381,69
110000033,84,73,11
110000034,142,607,-465
110000035,208,856,-648
110000036,279,579,-300
110000037,52,523,-471
110000038,97,502,-405
110000039,474,1102,-628
110000040,182,479,-297
110000041,157,562,-405
110000042,65,204,-139
110000043,338,123,215
110000044,31,38,-7
110000045,152,62,90
110000046,2,9,-7
110000047,39,45,-6
110000048,7,3,4
110000049,46,7,39
110000050,3,8,-5
110000051,30,4,26
110000052,23,18,5
110000053,57,5,52
110000054,75,146,-71
110000055,134,29,105
110000056,111,38,73
110000057,158,778,-620
110000058,421,455,-34
110000059,431,541,-110
110000060,326,602,-276
110000061,732,742,-10
110000062,553,583,-30
110000063,17,76,-59
110000064,22,88,-66
110000065,33,69,-36
110000066,29,39,-10
110000067,48,270,-222
110000068,96,516,-420
110000069,75,83,-8
110000071,60,128,-68
110000073,15,13,2
110000075,4,79,-75
110000076,263,154,109
110000077,413,396,17
110000078,12,48,-36
110000080,194,553,-359
110000081,12,242,-230
110000082,26,211,-185
110000083,176,502,-326
110000084,527,395,132
110000085,2449,1204,1245
110000086,1007,815,192
110000087,5,53,-48
110000088,33,191,-158
110000089,181,145,36
110000090,23,246,-223
110000091,1757,240,1517
110000092,6,68,-62
110000093,26,4,22
110000094,369,223,146
110000095,48,480,-432
110000096,3763,1295,2468
110000097,657,789,-132
110000098,1088,473,615
110000099,675,1128,-453
110000100,249,796,-547
110000101,28,492,-464
110000102,43,30,13
110000104,95,73,22
110000105,34,318,-284
110000106,357,237,120
110000107,294,347,-53
110000108,109,37,72
110000109,193,251,-58
110000110,4147,2261,1886
110000111,7212,1504,5708
110000112,1375,300,1075
110000113,573,820,-247
110000114,110,284,-174
110000115,165,194,-29
110000116,14,20,-6
110000117,87,652,-565
110000118,172,207,-35
110000119,111,326,-215
110000120,156,166,-10
110000121,85,243,-158
110000122,192,494,-302
110000123,287,353,-66
110000124,0,679,-679
110000125,626,1,625
110000126,193,13,180
110000127,438,28,410
110000128,12,1197,-1185
110000129,1,689,-688
110000130,96,75,21
110000131,82,453,-371
110000132,3,639,-636
110000133,28,212,-184
110000134,19,231,-212
110000135,113,14,99
110000136,16,258,-242
110000137,250,591,-341
110000138,285,809,-524
110000139,362,1385,-1023
110000140,656,323,333
110000143,508,288,220
110000144,3601,811,2790
110000145,963,483,480
110000146,1096,540,556
110000147,208,507,-299
110000148,199,315,-116
110000151,605,415,190
110000152,572,257,315
110000153,29,135,-106
110000154,4,17,-13
110000155,1001,1565,-564
110000156,630,971,-341
110000157,705,1162,-457
110000160,242,324,-82
110000161,98,355,-257
110000166,165,108,57
110000167,345,372,-27
110000168,539,213,326
110000169,454,246,208
110000170,50,68,-18
110000171,430,161,269
110000172,97,663,-566
110000173,996,1072,-76
110000174,39,1405,-1366
110000175,229,75,154
110000176,12,191,-179
110000177,121,537,-416
110000178,360,454,-94
110000179,1304,306,998
110000180,71,320,-249
110000181,123,272,-149
110000182,352,211,141
110000183,9613,3579,6034
110000184,589,1257,-668
110000185,448,477,-29
110000186,506,407,99
110000191,234,419,-185
110000192,181,1,180
110000193,227,2,225
110000194,12,1414,-1402
110000195,208,399,-191
110000196,158,513,-355
110000197,33,210,-177
110000198,45,82,-37
110000199,40,96,-56
110000200,1131,525,606
110000201,270,442,-172
110000202,804,395,409
110000203,523,753,-230
110000204,3,332,-329
110000205,59,72,-13
110000206,514,1707,-1193
110000207,246,299,-53
110000208,58,88,-30
110000209,84,819,-735
110000210,360,564,-204
110000211,273,630,-357
110000212,276,710,-434
110000213,74,65,9
110000214,83,104,-21
110000215,72,532,-460
110000216,31,593,-562
110000217,126,231,-105
110000218,78,458,-380
110000219,137,72,65
110000220,14,408,-394
110000221,146,63,83
110000222,14,317,-303
110000223,3,87,-84
110000224,126,16,110
110000225,150,468,-318
110000226,105,46,59
110000227,474,316,158
110000228,270,325,-55
110000229,1,238,-237
110000230,268,470,-202
110000231,114,146,-32
110000232,66,171,-105
110000233,87,208,-121
110000234,307,298,9
110000235,944,652,292
110000236,231,820,-589
110000237,759,846,-87
110000238,596,1120,-524
110000239,889,1149,-260
110000240,0,90,-90
110000242,0,15,-15
110000243,32,181,-149
110000244,84,363,-279
110000245,33,428,-395
110000246,328,566,-238
110000247,1311,3172,-1861
110000248,1848,1256,592
110000249,87,6,81
110000250,6,211,-205
110000251,90,360,-270
110000252,133,250,-117
110000253,689,369,320
110000254,494,1285,-791
110000255,113,1136,-1023
110000256,275,135,140
110000257,574,348,226
110000258,7,513,-506
110000259,45,14,31
110000260,12,387,-375
110000263,520,80,440
110000264,109,564,-455
110000265,669,1023,-354
110000266,1215,1483,-268
110000267,9,154,-145
110000268,192,504,-312
110000269,2,84,-82
110000270,25,0,25
110000271,1956,210,1746
110000272,593,696,-103
110000273,1740,986,754
110000274,115,647,-532
110000275,2776,320,2456
110000276,74,156,-82
110000277,82,380,-298
110000278,136,687,-551
110000279,474,673,-199
110000280,181,345,-164
110000281,15,129,-114
110000282,124,43,81
110000283,33,54,-21
110000284,29,32,-3
110000285,0,123,-123
110000286,19,0,19
110000287,25,0,25
110000288,1,52,-51
110000289,333,1018,-685
110000290,1104,478,626
110000291,5527,1300,4227
110000292,1001,2540,-1539
110000293,247,1051,-804
110000294,372,630,-258
110000295,53,879,-826
110000296,182,263,-81
110000297,1976,206,1770
110000298,325,422,-97
110000299,462,36,426
110000301,83,1,82
110000302,209,1318,-1109
110000303,220,2,218
110000304,88,265,-177
110000305,350,4,346
110000306,102,1860,-1758
110000307,613,5,608
110000308,183,4,179
110000309,10,1156,-1146
110000310,301,57,244
110000311,24,790,-766
110000312,427,37,390
110000313,2081,1577,504
110000314,1,188,-187
110000315,2167,1234,933
110000316,445,890,-445
110000317,342,219,123
110000318,0,67,-67
110000319,5,19,-14
110000320,17,60,-43
110000321,9,43,-34
110000322,98,416,-318
110000323,182,213,-31
110000324,4498,827,3671
110000325,1758,1578,180
110000327,332,201,131
110000328,128,446,-318
110000333,352,361,-9
110000334,410,1189,-779
110000335,697,460,237
110000336,357,1261,-904
110000337,558,495,63
110000338,111,239,-128
110000339,96,280,-184
110000340,5,175,-170
110000341,168,507,-339
110000342,228,1,227
110000343,0,12,-12
110000344,45,161,-116
110000345,51,53,-2
110000346,1750,902,848
110000347,731,564,167
110000348,4,17,-13
110000349,11,22,-11
110000350,31,3,28
110000351,401,735,-334
110000352,343,1030,-687
110000353,2786,564,2222
110000354,541,1279,-738
110000355,44,42,2
110000356,513,7,506
110000357,118,17,101
110000361,6,75,-69
110000362,23,55,-32
110000363,123,111,12
110000364,47,304,-257
110000365,122,1,121
110000366,2,79,-77
110000367,177,178,-1
110000368,4,66,-62
110000369,22,0,22
110000373,0,341,-341
110000374,38,5,33
110000375,134,526,-392
110000376,29,115,-86
110000377,57,246,-189
110000378,31,224,-193
110000379,3423,824,2599
110000380,51,6,45
110000383,1,803,-802
110000384,2158,689,1469
110000385,0,131,-131
110000387,48,7,41
110000388,35,190,-155
110000389,309,56,253
110000391,163,320,-157
110000396,42,137,-95
110000397,59,195,-136
110000398,0,21,-21
110000399,102,2,100
110000587,19,32,-13
110000589,161,154,7
110000640,106,97,9
110000652,8,57,-49
110000653,109,451,-342
110000654,8,21,-13
110000656,3,618,-615
110000674,16,10,6
110000675,26,5,21
110000676,6,38,-32
110000679,637,519,118
110000682,84,96,-12
110000683,239,399,-160
110000684,1,48,-47
110000685,2,7,-5
110000686,2,27,-25
110000687,6,0,6
110000688,31,458,-427
110000689,30,40,-10
110000692,37,214,-177
110000693,103,168,-65
110000694,2,77,-75
110000695,106,634,-528
110000696,121,107,14
110900001,147,8,139
110900002,113,209,-96
110900003,238,955,-717
110900004,148,224,-76
110900005,3509,939,2570
110900006,23,7,16
110900007,49,13,36
110900008,5,52,-47
110900009,204,39,165
110900010,13,57,-44
110900011,6,55,-49
110900012,7,113,-106
110900013,376,128,248
110900014,77,7,70
110900015,943,328,615
110900016,23,221,-198
110900017,132,44,88
110900018,218,31,187
110900019,84,7,77
110900020,14,494,-480
110900021,55,575,-520
110900022,44,367,-323
110900023,64,502,-438
110900024,16,508,-492
110900025,0,55,-55
110900027,17,255,-238
110900028,14,189,-175
110900029,23,480,-457
110900030,9,339,-330
110900031,1,153,-152
110900032,0,82,-82
110900033,24,276,-252
110900035,23,365,-342
110900036,39,18,21
110900037,35,24,11
110900038,1214,198,1016
110900039,9,225,-216
110900040,117,32,85
110900041,5,160,-155
110900042,44,51,-7
110900043,4,164,-160
110900044,198,18,180
110900045,34,576,-542
110900046,97,313,-216
110900047,681,85,596
110900049,17,42,-25
110900050,7,1,6
110900051,29,174,-145
110900052,3,209,-206
110900053,37,45,-8
110900054,18,352,-334
110900055,11,0,11
110900056,36,107,-71
110900057,4,236,-232
110900058,63,207,-144
110900059,408,780,-372
110900060,230,81,149
110900061,31,27,4
110900062,73,304,-231
110900063,30,86,-56
110900064,11,0,11
110900065,382,95,287
110900066,3,63,-60
110900067,492,344,148
110900068,152,266,-114
110900069,16,30,-14
110900070,67,56,11
110900071,263,203,60
110900073,0,19,-19
110900074,187,54,133
110900075,173,56,117
110900077,233,319,-86
110900078,2,111,-109
110900079,2199,475,1724
110900080,62,44,18
110900081,1,97,-96
110900082,49,267,-218
110900083,48,18,30
110900084,44,184,-140
110900085,33,337,-304
110900086,35,152,-117
110900087,98,47,51
110900088,6,0,6
110900090,9,21,-12
110900091,2,54,-52
110900093,124,42,82
110900095,28,39,-11
110900097,11,32,-21
110900098,23,108,-85
110900099,51,515,-464
110900100,0,32,-32
110900102,7,9,-2
110900105,495,373,122
110900108,7,129,-122
110900111,241,63,178
110900112,308,1,307
110900113,445,23,422
110900115,3,100,-97
110900116,221,2296,-2075
110900118,157,1052,-895
110900119,5128,185,4943
110900120,5,121,-116
110900121,59,0,59
110900122,149,92,57
110900125,177,198,-21
110900127,311,621,-310
110900128,410,269,141
110900129,302,281,21
110900130,1086,238,848
110900131,90,31,59
110900132,143,25,118
110900133,30,262,-232
110900135,51,428,-377
110900136,167,9,158
110900138,0,0,0
110900139,23,1,22
110900140,2,0,2
110900141,206,77,129
110900142,28,167,-139
110900143,68,59,9
110900144,3,619,-616
110900145,56,7,49
110900146,176,28,148
110900147,187,210,-23
110900148,4,307,-303
110900149,1,75,-74
110900150,7,22,-15
110900151,2,43,-41
110900152,16,415,-399
110900153,61,36,25
111000001,254,315,-61
111000002,539,499,40
111000003,597,481,116
111000004,437,1196,-759
111000005,799,639,160
111000006,734,1386,-652
111000007,3399,1515,1884
111000008,3037,2653,384
111000009,262,649,-387
111000010,465,191,274
111000011,328,757,-429
111000012,458,214,244
111000013,237,1156,-919
111000014,644,493,151
111000017,97,425,-328
111000018,160,325,-165
111000020,1959,1894,65
111000021,73,117,-44
111000023,102,141,-39
111000025,6015,1780,4235
111000029,58,98,-40
111000030,21,72,-51
111000031,1570,618,952
111000032,472,170,302
111000033,237,95,142
111000034,216,180,36
111000037,2585,1429,1156
111000038,1924,1517,407
111000039,1166,2064,-898
111000040,1152,2332,-1180
111000041,1520,1459,61
111000042,5772,2419,3353
111000043,1425,1316,109
111000044,928,627,301
111000045,574,788,-214
111000046,624,1120,-496
111000047,1244,1776,-532
111000049,245,422,-177
111000050,1459,1273,186
111000051,333,1081,-748
111000052,447,1221,-774
111000053,289,1055,-766
111000054,191,975,-784
111000055,1044,1731,-687
111000056,76,620,-544
111000057,60,940,-880
111000058,126,113,13
111000059,161,272,-111
111000060,1844,582,1262
111000061,239,306,-67
111000062,382,216,166
111000063,1249,663,586
111000064,319,446,-127
111000065,587,554,33
111000066,195,257,-62
111000067,232,562,-330
111000068,245,605,-360
111000069,1162,1330,-168
111000070,2067,1123,944
111000071,207,653,-446
111000072,487,293,194
111000073,185,516,-331
111000074,1088,1024,64
111000075,467,620,-153
111000076,212,606,-394
111000077,692,652,40
111000078,1602,969,633
111000079,1041,619,422
111000080,312,566,-254
111000081,1988,2207,-219
111000082,472,673,-201
111000084,337,271,66
111000085,772,1586,-814
111000086,2782,1145,1637
111000087,655,790,-135
111000088,5300,1521,3779
111000089,444,791,-347
111000090,945,1326,-381
111000091,500,703,-203
111000092,674,1095,-421
111000093,312,556,-244
111000094,1117,705,412
111000095,758,1502,-744
111000096,2431,4932,-2501
111000097,5373,912,4461
111000098,432,1212,-780
111000099,301,2404,-2103
111000100,207,2232,-2025
111000101,350,751,-401
111000102,90,732,-642
111000104,190,167,23
111000107,31,717,-686
111000109,129,204,-75
111000110,591,517,74
111000111,881,349,532
111000112,775,181,594
111000113,512,499,13
111000114,1391,1207,184
111000115,6816,677,6139
111000116,682,695,-13
111000117,350,608,-258
111000118,1266,853,413
111000119,562,1418,-856
111000120,253,421,-168
111000121,193,502,-309
111000122,292,963,-671
111000123,605,3108,-2503
111000124,295,3780,-3485
111000125,156,1943,-1787
111000126,62,1004,-942
111000127,424,208,216
111000128,634,319,315
111000129,1167,430,737
111000130,954,523,431
111000131,639,450,189
111000132,467,334,133
111000133,71,166,-95
111000134,84,129,-45
111000135,44,91,-47
111000136,183,225,-42
111000138,4,8,-4
111000140,1,7,-6
111000141,132,210,-78
111000142,19,108,-89
111000143,0,74,-74
111000144,12,90,-78
111000145,458,10,448
111000146,46,3,43
111000147,255,19,236
111000148,84,70,14
111000149,0,21,-21
111000150,13,6,7
111000151,4,7,-3
111000153,472,539,-67
111000154,666,172,494
111000155,98,121,-23
111000156,320,308,12
111000157,140,423,-283
111000158,703,410,293
111000159,2174,531,1643
111000160,191,362,-171
111000161,8,228,-220
111000162,8,137,-129
111000163,356,602,-246
111000164,618,1559,-941
111000165,1086,387,699
111000166,1252,295,957
111000167,152,475,-323
111000168,176,366,-190
111000169,269,501,-232
111000170,432,422,10
111000171,347,909,-562
111000172,78,739,-661
111000173,145,1530,-1385
111000174,101,563,-462
111000175,49,205,-156
111000176,68,140,-72
111000177,120,295,-175
111000178,390,340,50
111000179,81,207,-126
111000180,104,235,-131
111000181,414,288,126
111000182,83,151,-68
111000183,176,219,-43
111000184,234,172,62
111000185,235,439,-204
111000186,157,322,-165
111000187,60,268,-208
111000188,126,450,-324
111000189,1512,516,996
111000190,179,539,-360
111000191,157,416,-259
111000192,148,694,-546
111000193,412,337,75
111000194,18,416,-398
111000195,60,489,-429
111000196,41,354,-313
111000197,153,186,-33
111000198,255,112,143
111000199,77,109,-32
111000200,95,344,-249
111000201,252,235,17
111000202,155,192,-37
111000203,180,170,10
111000204,302,468,-166
111000213,101,377,-276
111000214,1022,1613,-591
111000215,657,1339,-682
111000217,826,993,-167
111000218,483,501,-18
111000219,600,539,61
111000220,2431,347,2084
111000221,608,104,504
111000224,83,291,-208
111000225,237,144,93
111000226,135,1,134
111000227,41,0,41
111000228,10,136,-126
111000229,18,289,-271
111000230,155,490,-335
111000231,497,1262,-765
111000232,158,715,-557
111000233,262,611,-349
111000234,49,180,-131
111000239,100,175,-75
111000240,14,102,-88
111000241,20,418,-398
111000242,37,66,-29
111000243,56,842,-786
111000244,128,91,37
111000245,470,507,-37
111000246,209,655,-446
111000247,136,1091,-955
111000248,256,339,-83
111000249,350,809,-459
111000250,29,121,-92
111000251,14,117,-103
111000253,11,8,3
111000255,19,7,12
111000257,30,16,14
111000260,30,1135,-1105
111000261,383,60,323
111000271,49,339,-290
111000273,4542,1316,3226
111000274,643,1201,-558
111000275,79,85,-6
111000276,200,2243,-2043
111000277,92,373,-281
111000278,329,187,142
111000291,514,1980,-1466
111000298,223,216,7
111000299,414,69,345
111000300,61,554,-493
111000302,105,62,43
111000303,63,280,-217
111000312,44,57,-13
111000315,31,234,-203
111000320,196,459,-263
111000321,168,52,116
111000322,139,538,-399
111000323,90,22,68
111000324,235,219,16
111000325,27,39,-12
111000326,423,361,62
111000327,246,548,-302
111000328,332,505,-173
111000329,0,15,-15
111000330,16,4,12
111000331,16,9,7
111000332,656,1787,-1131
111000334,339,1393,-1054
111000335,264,125,139
111000337,320,304,16
111000338,19,103,-84
111000339,134,564,-430
111000340,34,867,-833
111000341,508,252,256
111000342,90,290,-200
111000344,485,628,-143
111000345,235,30,205
111000346,39,81,-42
111000347,21,2,19
111000350,136,151,-15
111000351,48,188,-140
111000352,87,128,-41
111000353,51,190,-139
111000354,276,143,133
111000355,244,543,-299
111000358,65,1702,-1637
111000360,53,924,-871
111000361,72,426,-354
111000546,198,587,-389
111000547,125,702,-577
111000548,48,171,-123
111000549,93,448,-355
111000550,88,304,-216
111000551,625,119,506
111000552,554,69,485
111000907,199,23,176
111000908,16,1,15
111000916,503,184,319
111000917,28,314,-286
111000918,64,1109,-1045
111000920,204,4,200
111000921,2,397,-395
111000922,159,262,-103
111000924,42,936,-894
111000925,1099,1317,-218
111000926,766,2849,-2083
111000927,2360,2576,-216
111000928,4517,3256,1261
111000929,592,765,-173
111000930,437,2085,-1648
111000931,1154,1366,-212
111000932,2978,1978,1000
111000933,2480,1358,1122
111000934,1813,2353,-540
111000935,594,836,-242
111000936,651,2043,-1392
111000937,529,934,-405
111000938,1411,2413,-1002
111000939,168,43,125
111000940,183,218,-35
111000941,75,638,-563
111000943,142,214,-72
111000944,59,610,-551
111000945,63,2241,-2178
111001109,300,165,135
111001110,165,667,-502
111001111,14,5,9
111001112,81,3,78
111001113,10,137,-127
111001114,1215,70,1145
111001115,127,178,-51
111001116,4876,1526,3350
111001117,656,761,-105
111001120,86,275,-189
111001121,108,315,-207
111001122,124,682,-558
111001123,78,112,-34
111001124,38,436,-398
111001125,1,24,-23
111001126,1,1,0
111001127,0,98,-98
111001128,480,740,-260
111900001,3,274,-271
111900002,3,719,-716
111900003,3,356,-353
111900004,18,157,-139
111900006,4,10,-6
111900007,31,2,29
111900008,55,0,55
111900009,30,1,29
111900010,240,562,-322
111900012,76,75,1
111900013,2,39,-37
111900014,7247,1711,5536
111900015,1,68,-67
111900016,0,195,-195
111900017,1,162,-161
111900018,41,1,40
111900019,3,77,-74
111900020,6,39,-33
111900021,30,79,-49
111900022,17,55,-38
111900023,163,81,82
111900024,3,81,-78
111900025,1,30,-29
111900026,0,124,-124
111900027,6,165,-159
111900028,2,398,-396
111900029,4,98,-94
111900030,45,404,-359
111900031,0,43,-43
111900032,2,440,-438
111900033,3,98,-95
111900034,252,680,-428
111900035,11,202,-191
111900036,2,357,-355
111900038,302,617,-315
111900039,29,396,-367
111900040,4,720,-716
111900042,33,91,-58
111900043,1,464,-463
111900044,227,216,11
111900046,48,217,-169
111900048,74,922,-848
111900049,22,259,-237
111900050,50,9,41
111900051,3,314,-311
111900052,410,540,-130
111900053,1340,364,976
111900054,28,1,27
111900055,22,718,-696
111900056,187,80,107
111900057,38,94,-56
111900058,164,900,-736
111900059,2370,205,2165
111900060,144,5,139
111900061,11,279,-268
111900062,13,19,-6
111900063,139,230,-91
111900064,153,282,-129
111900065,41,19,22
111900066,82,139,-57
111900067,2,315,-313
111900068,15,14,1
111900069,17,15,2
111900070,37,151,-114
111900071,1,300,-299
111900072,9,6,3
111900073,232,49,183
111900074,8,151,-143
111900075,34,6,28
111900076,37,23,14
111900077,7,0,7
111900078,80,11,69
111900079,21,9,12
111900080,216,68,148
111900082,49,10,39
111900083,34,8,26
111900084,32,0,32
111900085,14,46,-32
111900086,44,0,44
111900087,18,0,18
111900088,192,0,192
111900089,18,1,17
111900090,47,18,29
111900091,91,7,84
111900092,16,0,16
111900093,114,1,113
111900094,21,1,20
111900095,78,13,65
111900096,55,0,55
111900097,11,0,11
111900098,66,0,66
111900099,8,0,8
111900100,55,2,53
111900101,47,12,35
111900102,144,674,-530
111900103,48,43,5
111900104,71,74,-3
111900105,140,101,39
111900106,1090,38,1052
111900110,2679,211,2468
111900111,44,283,-239
111900112,667,825,-158
111900113,281,67,214
111900118,162,32,130
111900119,167,75,92
111900122,51,31,20
111900123,3,17,-14
111900124,28,107,-79
111900125,153,14,139
111900126,78,2,76
111900127,0,649,-649
111900128,2,594,-592
111900129,109,22,87
111900130,39,9,30
111900131,138,0,138
111900132,32,1403,-1371
111900133,6,297,-291
111900134,26,371,-345
111900135,1,5,-4
111900136,74,117,-43
111900137,54,70,-16
111900138,7,89,-82
111900139,6,155,-149
111900140,20,16,4
111900141,20,1,19
111900142,39,18,21
111900143,8,327,-319
111900144,1,102,-101
111900145,3,665,-662
111900146,0,325,-325
111900147,147,511,-364
111900148,23,840,-817
111900149,7,415,-408
111900150,20,201,-181
111900151,1,13,-12
111900152,91,37,54
111900153,1415,182,1233
111900154,10,125,-115
111900155,34,18,16
111900156,22,16,6
111900157,24,6,18
111900158,170,10,160
111900159,92,6,86
111900160,76,0,76
111900161,54,0,54
111900162,85,104,-19
111900163,53,234,-181
111900164,94,32,62
111901113,111,164,-53
111901114,67,358,-291
111901115,25,1,24
111901116,15,0,15
111901117,17,20,-3
111901118,130,90,40
111901119,1191,60,1131
111901121,158,318,-160
111901122,2,585,-583
111901123,58,420,-362
111901124,57,2,55
111901125,84,155,-71
111901127,801,122,679
111901128,2,81,-79
111901129,4,127,-123
111901130,7,278,-271
111901131,5,325,-320
111901132,37,11,26
111901133,29,1,28
111901134,29,1,28
111901135,9,3,6
111901136,0,9,-9
111901138,71,29,42
111901139,8,64,-56
111901140,3,140,-137
111901141,2,211,-209
111901142,4,192,-188
111901143,6,84,-78
111901144,28,23,5
111901145,106,137,-31
111901146,296,7,289
111901147,983,66,917
111901148,9,15,-6
111901149,6,0,6
111901150,15,0,15
111901151,0,0,0
112000001,874,574,300
112000002,660,2242,-1582
112000003,396,700,-304
112000004,431,1507,-1076
112000005,1302,1224,78
112000006,1134,1652,-518
112000007,1174,1033,141
112000008,1471,2525,-1054
112000009,3273,2914,359
112000010,1375,1781,-406
112000011,1208,1896,-688
112000012,3322,1404,1918
112000013,3936,2371,1565
112000014,1693,480,1213
112000015,2283,1739,544
112000016,2308,529,1779
112000017,1072,849,223
112000024,1692,502,1190
112000026,3859,4320,-461
112000027,552,333,219
112000028,1296,1609,-313
112000029,233,419,-186
112000030,184,102,82
112000031,933,1760,-827
112000032,401,55,346
112000033,1264,712,552
112000034,179,17,162
112000035,62,183,-121
112000036,522,380,142
112000037,497,634,-137
112000038,549,631,-82
112000039,15,66,-51
112000040,113,273,-160
112000041,185,344,-159
112000042,740,287,453
112000050,530,914,-384
112000051,423,580,-157
112000054,1264,2129,-865
112000057,372,237,135
112000058,249,351,-102
112000059,415,410,5
112000061,4312,1197,3115
112000062,2085,439,1646
112000063,1513,560,953
112000064,4288,5028,-740
112000065,2133,2474,-341
112000066,2479,796,1683
112000067,663,509,154
112000068,1440,974,466
112000069,557,1905,-1348
112000070,1057,514,543
112000071,503,2932,-2429
112000072,749,705,44
112000073,1047,1527,-480
112000074,701,614,87
112000075,652,755,-103
112000076,2346,2456,-110
112000077,269,636,-367
112000078,771,621,150
112000079,862,1111,-249
112000080,327,751,-424
112000081,778,1163,-385
112000082,806,549,257
112000083,419,1249,-830
112000084,677,556,121
112000085,649,1159,-510
112000086,794,1281,-487
112000087,190,459,-269
112000088,435,642,-207
112000089,184,429,-245
112000090,230,374,-144
112000091,479,1094,-615
112000092,828,597,231
112000093,1253,990,263
112000094,350,624,-274
112000095,356,702,-346
112000096,318,816,-498
112000097,469,361,108
112000098,636,1355,-719
112000099,381,542,-161
112000100,679,742,-63
112000101,271,859,-588
112000102,412,472,-60
112000103,165,1136,-971
112000105,571,2183,-1612
112000106,671,418,253
112000107,26,135,-109
112000108,161,1721,-1560
112000109,86,114,-28
112000110,869,455,414
112000111,1058,3622,-2564
112000112,1671,421,1250
112000113,753,2002,-1249
112000114,1120,725,395
112000115,143,570,-427
112000116,205,864,-659
112000117,447,516,-69
112000118,554,768,-214
112000119,244,954,-710
112000120,49,354,-305
112000121,62,613,-551
112000122,136,148,-12
112000123,258,101,157
112000124,201,59,142
112000125,70,100,-30
112000126,90,745,-655
112000127,1879,864,1015
112000128,949,382,567
112000129,67,80,-13
112000130,92,46,46
112000131,35,382,-347
112000132,67,341,-274
112000133,133,281,-148
112000134,296,436,-140
112000135,492,567,-75
112000136,623,1189,-566
112000137,650,986,-336
112000138,740,1109,-369
112000139,697,218,479
112000140,883,907,-24
112000141,322,193,129
112000142,115,842,-727
112000143,425,170,255
112000144,195,1702,-1507
112000145,1291,614,677
112000146,493,2376,-1883
112000147,1130,1249,-119
112000148,1437,2341,-904
112000149,148,868,-720
112000150,111,665,-554
112000151,290,573,-283
112000152,156,346,-190
112000153,245,303,-58
112000154,68,107,-39
112000155,119,100,19
112000157,392,330,62
112000158,122,612,-490
112000159,160,180,-20
112000167,86,21,65
112000169,244,247,-3
112000173,287,187,100
112000175,146,355,-209
112000176,3970,1343,2627
112000177,236,88,148
112000178,24,445,-421
112000179,111,153,-42
112000180,216,300,-84
112000181,803,1765,-962
112000182,442,1850,-1408
112000183,33,42,-9
112000184,144,487,-343
112000185,171,553,-382
112000187,1881,1681,200
112000195,51,5,46
112000196,76,0,76
112000197,67,84,-17
112000198,22,383,-361
112000199,697,707,-10
112000202,132,2,130
112000216,55,158,-103
112000230,25,3,22
112000231,2,381,-379
112000256,25,129,-104
112000313,92,100,-8
112000314,4,11,-7
112000337,150,459,-309
112000352,184,147,37
112000392,1520,916,604
112000398,524,568,-44
112000399,1882,1090,792
112000400,1302,3440,-2138
112000401,2052,2409,-357
112000402,1047,1515,-468
112000403,1238,1175,63
112000404,303,580,-277
112000405,1054,2249,-1195
112000406,4035,3412,623
112000407,2968,4231,-1263
112000408,6668,5968,700
112000409,1493,4710,-3217
112000410,204,67,137
112000411,4536,602,3934
112000412,1010,261,749
112000413,8513,1689,6824
112000414,58,100,-42
112000415,52,33,19
112000416,1233,1170,63
112000417,117,50,67
112000421,37,148,-111
112000422,173,512,-339
112000424,2195,1328,867
112000425,257,1335,-1078
112000426,69,412,-343
112000427,0,9,-9
112000428,78,502,-424
112000429,1363,2169,-806
112000430,1333,2395,-1062
112000431,43,81,-38
112000432,461,2198,-1737
112000433,378,465,-87
112000437,34,325,-291
112900001,26,1,25
112900002,99,1222,-1123
112900003,24,325,-301
112900004,11,400,-389
112900005,74,222,-148
112900006,4,396,-392
112900007,10,250,-240
112900008,4,17,-13
112900009,274,44,230
112900010,167,846,-679
112900011,284,282,2
112900012,0,47,-47
112900013,0,97,-97
112900014,3,310,-307
112900015,260,779,-519
112900016,2,321,-319
112900017,17,153,-136
112900018,19,519,-500
112900019,65,124,-59
112900020,337,1369,-1032
112900021,1,355,-354
112900022,8,66,-58
112900023,3,257,-254
112900024,13,221,-208
112900025,37,174,-137
112900026,2,259,-257
112900027,8,1357,-1349
112900028,12,139,-127
112900029,14,690,-676
112900030,253,167,86
112900031,3,509,-506
112900032,108,160,-52
112900034,0,60,-60
112900035,4,519,-515
112900036,22,106,-84
112900037,162,92,70
112900038,240,118,122
112900039,6,341,-335
112900040,0,262,-262
112900041,964,518,446
112900042,35,401,-366
112900043,10,39,-29
112900044,622,260,362
112900045,410,260,150
112900046,216,43,173
112900047,7,18,-11
112900049,78,85,-7
112900050,36,460,-424
112900051,232,571,-339
112900052,9,1001,-992
112900053,250,57,193
112900054,237,27,210
112900055,93,21,72
112900056,171,107,64
112900057,4,776,-772
112900058,222,95,127
112900059,59,84,-25
112900060,10,253,-243
112900061,39,123,-84
112900062,25,99,-74
112900063,100,1,99
112900064,156,158,-2
112900065,5,8,-3
112900066,83,48,35
112900067,506,162,344
112900068,12,19,-7
112900069,2118,267,1851
112900071,20,5,15
112900072,193,504,-311
112900073,130,25,105
112900074,26,89,-63
112900075,1779,370,1409
112900076,56,7,49
112900078,130,194,-64
112900079,71,10,61
112900080,29,1,28
112900081,23,73,-50
112900082,203,11,192
112900083,26,23,3
112900084,55,61,-6
112900086,13,0,13
112900087,255,51,204
112900088,42,3,39
112900089,285,10,275
112900090,10,3,7
112900091,54,0,54
112900092,99,101,-2
112900093,569,7,562
112900095,28,1,27
112900096,146,58,88
112900097,26,366,-340
112900098,28,0,28
112900099,349,7,342
112900100,14,1,13
112900101,96,2,94
112900102,38,5,33
112900103,84,0,84
112900104,116,3,113
112900105,5,0,5
112900106,234,54,180
112900107,0,0,0
112900108,44,0,44
112900109,32,0,32
112900110,343,7,336
112900111,296,1,295
112900112,115,0,115
112900113,0,4,-4
112900114,33,18,15
112900115,304,2,302
112900116,19,49,-30
112900117,109,134,-25
112900118,47,74,-27
112900119,54,4,50
112900120,618,163,455
112900121,178,152,26
112900122,13,138,-125
112900123,109,30,79
112900124,2,125,-123
112900125,39,214,-175
112900126,129,226,-97
112900127,160,49,111
112900128,328,742,-414
112900129,2,768,-766
112900130,122,58,64
112900131,52,266,-214
112900132,35,414,-379
112900133,25,1072,-1047
112900134,0,240,-240
112900135,38,28,10
112900137,1,690,-689
112900138,3,422,-419
112900139,145,1063,-918
112900141,251,14,237
112900142,80,56,24
112900143,35,541,-506
112900144,3,576,-573
112900145,52,405,-353
112900146,11,1480,-1469
112900147,5,2362,-2357
112900148,15,0,15
112900149,154,415,-261
112900151,13,39,-26
112900152,4490,834,3656
112900153,1509,792,717
112900154,0,71,-71
112900155,53,19,34
112900156,91,1483,-1392
112900157,99,266,-167
112900158,15,6,9
112900159,124,45,79
112900160,26,201,-175
112900161,42,21,21
112900162,34,13,21
112900163,121,19,102
112900164,21,85,-64
112900165,79,17,62
112900166,18,27,-9
112900167,24,28,-4
112900168,4,3,1
112900169,7,6,1
112900170,41,104,-63
112900172,63,10,53
112900173,198,65,133
112900174,114,17,97
112900175,98,57,41
112900176,4,5,-1
112900177,120,22,98
112900178,395,895,-500
112900179,40,579,-539
112900180,563,1652,-1089
112900181,168,2,166
112900182,23,1308,-1285
112900183,102,189,-87
112900184,233,239,-6
112900185,201,294,-93
112900186,1210,444,766
112900187,40,240,-200
112900188,485,226,259
112900189,4,25,-21
112900190,1,39,-38
112900192,270,191,79
112900193,643,207,436
112900194,16,49,-33
112900195,357,20,337
112900196,135,481,-346
112900197,89,308,-219
112900199,193,637,-444
112900200,197,210,-13
112900201,51,75,-24
112900202,129,786,-657
112900203,67,279,-212
112900204,670,290,380
112900205,1,3,-2
112900206,5,46,-41
112900207,4,0,4
112900208,49,102,-53
112900209,369,330,39
112900210,1,5,-4
112900211,34,39,-5
112900212,0,55,-55
112900213,10,8,2
112900214,10,3,7
112900215,4,283,-279
112900216,31,43,-12
112900217,0,69,-69
112900218,23,24,-1
112900219,39,19,20
112900220,0,0,0
112900221,12,98,-86
112900222,0,3,-3
112900223,291,5,286
112900224,111,702,-591
112900225,196,559,-363
112900226,139,158,-19
112900227,172,1295,-1123
112900228,31,19,12
112900229,53,48,5
112900230,6513,2059,4454
112900232,141,112,29
112900233,23,207,-184
112900234,3,98,-95
112900235,40,7,33
112900236,111,4,107
112900237,54,399,-345
112900238,1,36,-35
112900239,368,183,185
112900240,2,126,-124
112900241,2,186,-184
112900242,12,256,-244
112900243,3,280,-277
112900244,1,135,-134
112900245,1,69,-68
112900246,2,13,-11
112900247,137,30,107
112900248,10,0,10
112900249,33,15,18
112900250,15,39,-24
112900251,15,20,-5
112900252,33,35,-2
112900253,19,25,-6
112900254,3,6,-3
112900255,0,21,-21
112900256,4,24,-20
112900257,8,12,-4
112900258,10,24,-14
113000001,3545,4033,-488
113000002,2761,2824,-63
113000003,1396,1573,-177
113000004,1593,1685,-92
113000005,1005,902,103
113000006,769,953,-184
113000007,1052,1152,-100
113000008,1018,1552,-534
113000009,517,777,-260
113000010,578,1184,-606
113000011,441,1369,-928
113000012,707,535,172
113000013,727,370,357
113000014,1484,1229,255
113000015,468,173,295
113000016,265,294,-29
113000017,11,183,-172
113000018,152,30,122
113000019,21,222,-201
113000020,71,17,54
113000021,753,494,259
113000022,364,1088,-724
113000025,39,178,-139
113000026,180,272,-92
113000027,704,263,441
113000028,586,279,307
113000029,630,555,75
113000030,391,469,-78
113000031,307,222,85
113000032,248,171,77
113000033,318,328,-10
113000034,415,256,159
113000035,21,25,-4
113000036,19,31,-12
113000037,44,23,21
113000038,9,50,-41
113000039,45,364,-319
113000040,54,71,-17
113000042,604,507,97
113000051,483,1569,-1086
113000052,1849,888,961
113000053,252,533,-281
113000054,137,546,-409
113000055,558,938,-380
113000056,455,1387,-932
113000058,521,881,-360
113000059,972,546,426
113000060,100,578,-478
113000061,633,712,-79
113000062,996,110,886
113000063,61,194,-133
113000064,14,412,-398
113000065,96,1087,-991
113000066,291,83,208
113000067,942,1083,-141
113000068,335,1794,-1459
113000069,351,1256,-905
113000070,685,693,-8
113000071,256,635,-379
113000072,292,370,-78
113000073,322,1029,-707
113000074,684,274,410
113000075,1527,395,1132
113000076,954,1495,-541
113000077,1161,318,843
113000078,770,1201,-431
113000079,556,479,77
113000080,521,429,92
113000081,513,637,-124
113000082,809,530,279
113000083,376,607,-231
113000084,1282,881,401
113000085,579,475,104
113000086,737,932,-195
113000087,858,603,255
113000088,1436,813,623
113000089,777,1154,-377
113000090,231,292,-61
113000091,558,235,323
113000094,590,173,417
113000095,186,1030,-844
113000096,140,822,-682
113000097,502,252,250
113000098,61,44,17
113000099,647,235,412
113000100,91,336,-245
113000101,329,484,-155
113000102,399,206,193
113000103,2104,435,1669
113000104,259,1943,-1684
113000105,311,395,-84
113000106,222,459,-237
113000107,406,789,-383
113000108,680,1354,-674
113000109,355,2516,-2161
113000110,1127,438,689
113000111,129,464,-335
113000112,295,332,-37
113000113,1513,320,1193
113000114,305,834,-529
113000116,454,251,203
113000117,565,131,434
113000118,135,206,-71
113000119,159,307,-148
113000120,19,152,-133
113000121,279,643,-364
113000124,105,133,-28
113000125,20,434,-414
113000127,2909,421,2488
113000128,284,350,-66
113000129,361,859,-498
113000133,3181,762,2419
113000134,2,709,-707
113000135,2467,1913,554
113000137,1766,1250,516
113000139,315,137,178
113000140,113,235,-122
113000141,228,109,119
113000142,534,658,-124
113000143,181,188,-7
113000144,270,474,-204
113000145,34,124,-90
113000146,77,56,21
113000147,97,80,17
113000148,59,128,-69
113000149,64,89,-25
113000150,325,287,38
113000151,88,43,45
113000152,27,117,-90
113000153,1351,364,987
113000154,455,814,-359
113000155,165,283,-118
113000156,121,286,-165
113000157,201,530,-329
113000158,359,146,213
113000159,515,338,177
113000160,511,894,-383
113000161,163,405,-242
113000162,285,234,51
113000163,36,39,-3
113000164,30,90,-60
113000166,97,58,39
113000167,26,163,-137
113000168,64,196,-132
113000169,84,39,45
113000170,64,59,5
113000171,66,97,-31
113000172,147,46,101
113000173,26,15,11
113000174,121,528,-407
113000175,208,99,109
113000176,321,139,182
113000177,106,380,-274
113000178,230,435,-205
113000179,232,106,126
113000180,401,1252,-851
113000181,668,972,-304
113000182,128,221,-93
113000183,179,465,-286
113000184,21,96,-75
113000189,365,520,-155
113000190,1151,373,778
113000192,2299,1044,1255
113000193,3917,740,3177
113000194,1881,728,1153
113000195,2021,401,1620
113000196,96,70,26
113000197,1002,629,373
113000198,25,211,-186
113000199,470,243,227
113000201,501,171,330
113000202,2844,2169,675
113000203,452,148,304
113000204,1669,1023,646
113000205,33,21,12
113000206,11,28,-17
113000207,30,12,18
113000208,14,40,-26
113000209,17,17,0
113000210,10,23,-13
113000211,282,162,120
113000212,205,20,185
113000213,22,102,-80
113000214,86,200,-114
113000234,114,1130,-1016
113000410,95,87,8
113000411,2045,3229,-1184
113000412,8495,1555,6940
113000413,3177,1818,1359
113000414,8151,6495,1656
113000415,1914,1841,73
113000416,8539,2699,5840
113000417,2586,2014,572
113000418,2554,2066,488
113000419,1284,1279,5
113000420,3180,2478,702
113000421,3095,3436,-341
113000422,12909,5588,7321
113000423,2043,2704,-661
113000424,3634,5788,-2154
113000425,4,45,-41
113000428,22,6,16
113000430,19,10,9
113000432,1044,136,908
113000433,129,929,-800
113000434,7,258,-251
113000435,13,514,-501
113000436,73,1487,-1414
113000437,238,29,209
113000438,100,10,90
113000439,8,145,-137
113000440,85,29,56
113000441,83,200,-117
113000442,92,289,-197
113000443,64,240,-176
113000444,68,295,-227
113000445,43,158,-115
113000446,17,86,-69
113000448,219,70,149
113000449,209,944,-735
113000450,598,2518,-1920
113000451,1554,117,1437
113000452,394,381,13
113000453,119,226,-107
113000454,1161,33,1128
113000455,47,92,-45
113000456,3224,1340,1884
113000468,2367,235,2132
113000469,162,71,91
113000470,384,53,331
113000471,11,369,-358
113000472,61,216,-155
113000474,270,605,-335
113000475,1062,1588,-526
113000476,593,1506,-913
113000477,1457,1693,-236
113000478,2791,4817,-2026
113000479,22,242,-220
113000485,0,0,0
113000486,3,0,3
113000487,0,0,0
113000488,0,0,0
113000489,0,0,0
113000490,0,0,0
113000491,1,3,-2
113000492,0,0,0
113000495,169,224,-55
113000496,97,56,41
113000497,0,0,0
113000499,0,0,0
113900001,5,136,-131
113900002,1,162,-161
113900003,0,105,-105
113900004,0,38,-38
113900005,1,34,-33
113900006,1,45,-44
113900007,99,0,99
113900008,82,0,82
113900009,426,2,424
113900010,208,1,207
113900011,40,1,39
113900012,4,1,3
113900013,895,11,884
113900014,479,0,479
113900015,0,47,-47
113900016,16,0,16
113900017,4,58,-54
113900018,379,80,299
113900019,43,37,6
113900020,30,0,30
113900022,5,0,5
113900023,4,0,4
113900024,31,76,-45
113900025,249,11,238
113900026,25,0,25
113900027,1,84,-83
113900028,15,443,-428
113900029,27,270,-243
113900030,110,0,110
113900031,5,1,4
113900032,9,0,9
113900033,56,71,-15
113900035,49,0,49
113900036,14,84,-70
113900037,32,544,-512
113900038,113,70,43
113900039,70,2,68
113900040,1,4,-3
113900041,2,0,2
113900042,35,36,-1
113900043,135,99,36
113900044,140,56,84
113900045,35,2,33
113900046,131,562,-431
113900047,17,130,-113
113900048,263,30,233
113900049,759,152,607
113900050,119,309,-190
113900051,126,326,-200
113900052,172,87,85
113900053,325,185,140
113900054,12,9,3
113900055,114,459,-345
113900056,58,121,-63
113900057,30,106,-76
113900058,29,178,-149
113900059,96,294,-198
113900060,78,227,-149
113900061,755,160,595
113900062,67,14,53
113900063,42,103,-61
113900064,34,129,-95
113900065,343,15,328
113900066,138,409,-271
113900067,41,287,-246
113900068,257,261,-4
113900069,78,22,56
113900070,121,425,-304
113900071,44,82,-38
113900072,38,120,-82
113900073,81,328,-247
113900074,21,379,-358
113900075,668,689,-21
113900076,123,3,120
113900077,12,223,-211
113900078,51,51,0
113900079,4,42,-38
113900080,214,139,75
113900081,26,144,-118
113900082,97,148,-51
113900083,111,634,-523
113900084,198,72,126
113900085,35,343,-308
113900086,15,22,-7
113900087,15,201,-186
113900088,31,49,-18
113900089,283,31,252
113900090,326,176,150
113900091,15,21,-6
113900092,31,50,-19
113900093,56,360,-304
113900094,155,423,-268
113900095,80,105,-25
113900096,91,56,35
113900097,2,114,-112
113900098,330,59,271
113900099,0,53,-53
113900100,0,1,-1
113900101,15,34,-19
113900102,97,76,21
113900103,141,165,-24
113900104,69,117,-48
113900105,50,338,-288
113900106,0,89,-89
113900107,0,26,-26
113900108,152,143,9
113900109,218,98,120
113900110,18,10,8
113900111,56,110,-54
113900112,97,119,-22
113900113,479,311,168
113900114,0,125,-125
113900115,0,97,-97
113900116,38,86,-48
113900117,48,6,42
113900118,92,240,-148
113900119,269,265,4
113900120,45,29,16
113900121,35,65,-30
113900122,200,999,-799
113900123,266,135,131
113900124,0,76,-76
113900125,1044,153,891
113900126,101,23,78
113900127,140,337,-197
113900128,57,68,-11
113900129,12,81,-69
113900130,0,16,-16
113900131,103,48,55
113900132,34,34,0
113900133,10,21,-11
113900135,150,397,-247
113900136,60,59,1
113900137,255,149,106
113900138,56,116,-60
113900139,430,110,320
113900140,364,183,181
113900141,181,371,-190
113900142,57,69,-12
113900143,7,8,-1
113900144,165,93,72
113900145,163,163,0
113900146,49,65,-16
113900148,92,220,-128
113900149,89,36,53
113900150,901,521,380
113900151,159,150,9
113900152,26,44,-18
113900153,309,426,-117
113900154,2,70,-68
113900155,150,70,80
113900156,162,459,-297
113900157,32,195,-163
113900158,248,122,126
113900159,9,207,-198
113900160,298,605,-307
113900161,53,186,-133
113900162,399,360,39
113900163,191,174,17
113900164,156,45,111
113900165,393,525,-132
113900166,160,77,83
113900167,124,36,88
113900168,113,108,5
113900169,121,330,-209
113900171,71,49,22
113900172,4,155,-151
113900173,49,572,-523
113900174,278,608,-330
113900175,238,68,170
113900176,122,586,-464
113900177,247,171,76
113900178,159,100,59
113900179,17,633,-616
113900180,123,77,46
113900181,341,108,233
113900182,299,789,-490
113900183,22,42,-20
113900184,17,601,-584
113900185,129,50,79
113900186,15,34,-19
113900187,23,132,-109
113900188,52,113,-61
113900189,130,52,78
113900190,237,96,141
113900191,69,160,-91
113900192,2,247,-245
113900193,17,252,-235
113900194,1775,754,1021
113900195,273,388,-115
113900196,3,101,-98
113900197,3,275,-272
113900198,12,105,-93
113900199,178,585,-407
113900200,3,247,-244
113900201,0,271,-271
113900202,45,246,-201
113900203,3,208,-205
113900204,31,517,-486
113900205,12,124,-112
113900206,9,167,-158
113900207,3,49,-46
113900208,0,41,-41
113900209,0,98,-98
113900210,362,363,-1
113900211,113,29,84
113900212,99,519,-420
113900214,317,285,32
113900215,25,84,-59
113900216,29,1083,-1054
113900217,17,353,-336
113900218,108,36,72
113900219,83,475,-392
113900220,74,58,16
113900221,242,94,148
113900222,389,281,108
113900223,72,1046,-974
113900224,96,66,30
113900225,545,185,360
113900226,228,71,157
113900227,177,134,43
113900228,288,210,78
113900229,26,322,-296
113900230,3638,1214,2424
113900231,69,207,-138
113900232,75,90,-15
113900233,19,46,-27
113900234,114,257,-143
113900235,27,31,-4
113900236,54,339,-285
113900237,60,5,55
113900238,141,297,-156
113900239,52,43,9
113900240,2,76,-74
113900241,70,39,31
113900242,29,114,-85
113900243,96,310,-214
113900244,396,137,259
113900245,1031,170,861
113900246,11,12,-1
113900247,103,155,-52
113900248,2747,808,1939
113900249,1118,246,872
113900250,34,103,-69
113900251,239,185,54
113900252,267,16,251
113900253,429,25,404
113900254,519,64,455
113900255,179,26,153
113900256,255,15,240
113900257,28,702,-674
113900258,9,544,-535
113900259,193,177,16
113900260,77,7,70
113900261,13,101,-88
113900262,99,743,-644
113900263,134,413,-279
113900264,4,524,-520
113900265,91,255,-164
113900266,35,244,-209
113900267,84,438,-354
113900268,134,228,-94
113900269,17,86,-69
113900270,177,247,-70
113900271,363,1035,-672
113900273,77,1,76
113900274,29,5,24
113900275,13,44,-31
113900276,0,221,-221
113900277,61,1,60
113900278,219,139,80
113900279,67,65,2
113900280,775,371,404
113900281,274,740,-466
113900282,806,379,427
113900283,207,333,-126
113900284,438,137,301
113900285,79,15,64
113900286,5,105,-100
113900287,15,35,-20
113900288,0,53,-53
113900289,1229,55,1174
113900290,409,84,325
113900291,85,140,-55
113900292,2,1,1
113900293,0,162,-162
113900294,226,26,200
113900295,292,241,51
113900296,2166,298,1868
113900297,650,25,625
113900298,8,1221,-1213
113900299,32,235,-203
113900300,5120,1644,3476
113900301,705,262,443
113900302,2424,493,1931
113900303,515,173,342
113900304,0,145,-145
113900305,48,0,48
113900306,16,3,13
113900307,30,0,30
113900308,76,64,12
113900309,3,810,-807
113900310,0,15,-15
113900311,5,1,4
113900312,94,103,-9
113900313,23,11,12
113900314,0,27,-27
113900315,58,10,48
114000001,767,2836,-2069
114000002,121,425,-304
114000003,136,1255,-1119
114000004,142,286,-144
114000005,105,171,-66
114000006,2207,1569,638
114000007,386,1164,-778
114000008,903,746,157
114000009,253,163,90
114000011,1829,3118,-1289
114000012,1172,2515,-1343
114000013,832,1936,-1104
114000014,354,646,-292
114000015,684,539,145
114000016,115,416,-301
114000017,55,112,-57
114000018,486,52,434
114000026,769,1376,-607
114000027,1389,1943,-554
114000028,1261,1825,-564
114000038,81,119,-38
114000039,113,361,-248
114000040,39,112,-73
114000042,90,165,-75
114000043,133,249,-116
114000044,167,258,-91
114000045,32,93,-61
114000046,1749,3601,-1852
114000047,6,69,-63
114000048,79,151,-72
114000049,1030,858,172
114000050,1174,888,286
114000051,2372,1111,1261
114000052,1887,937,950
114000053,27,403,-376
114000054,58,1317,-1259
114000055,145,15,130
114000056,1217,451,766
114000057,7233,1972,5261
114000058,563,594,-31
114000059,241,187,54
114000060,342,559,-217
114000061,3107,1053,2054
114000062,2778,598,2180
114000063,2860,1405,1455
114000064,7663,1993,5670
114000065,1524,1846,-322
114000066,277,514,-237
114000067,21,341,-320
114000068,343,329,14
114000069,489,369,120
114000070,2009,1092,917
114000071,355,444,-89
114000072,119,294,-175
114000073,4,115,-111
114000074,11,16,-5
114000075,54,151,-97
114000076,8,161,-153
114000077,7,61,-54
114000078,100,1156,-1056
114000079,46,23,23
114000080,106,79,27
114000081,30,90,-60
114000082,44,533,-489
114000083,33,260,-227
114000084,84,51,33
114000085,77,723,-646
114000086,86,581,-495
114000087,34,257,-223
114000088,26,61,-35
114000089,1376,359,1017
114000090,435,363,72
114000091,1155,321,834
114000092,603,205,398
114000093,658,406,252
114000094,216,313,-97
114000095,72,74,-2
114000096,34,351,-317
114000097,64,610,-546
114000098,186,50,136
114000099,149,951,-802
114000100,467,613,-146
114000101,169,1024,-855
114000102,150,290,-140
114000103,103,696,-593
114000104,5,258,-253
114000105,31,49,-18
114000106,604,248,356
114000107,124,124,0
114000108,3265,1440,1825
114000109,265,643,-378
114000110,382,1759,-1377
114000111,566,391,175
114000112,293,2523,-2230
114000113,630,333,297
114000114,995,1986,-991
114000115,1280,595,685
114000116,287,800,-513
114000117,1138,285,853
114000118,1111,291,820
114000119,648,219,429
114000120,414,941,-527
114000121,268,462,-194
114000122,262,246,16
114000123,660,259,401
114000124,255,242,13
114000125,700,1698,-998
114000126,580,143,437
114000127,70,177,-107
114000128,518,648,-130
114000130,265,357,-92
114000131,83,29,54
114000132,523,593,-70
114000133,823,1020,-197
114000134,23,174,-151
114000138,24,218,-194
114000139,260,104,156
114000144,379,303,76
114000145,82,138,-56
114000146,76,278,-202
114000147,661,798,-137
114000148,1899,931,968
114000149,205,175,30
114000150,1795,620,1175
114000151,1566,835,731
114000152,157,18,139
114000153,1249,1234,15
114000154,648,559,89
114000155,845,1285,-440
114000156,546,265,281
114000157,215,641,-426
114000158,1935,529,1406
114000159,197,269,-72
114000160,112,132,-20
114000161,1109,1199,-90
114000162,541,817,-276
114000163,7,138,-131
114000165,173,117,56
114000166,410,161,249
114000167,3559,984,2575
114000168,644,525,119
114000169,1389,611,778
114000170,803,506,297
114000171,531,1252,-721
114000174,132,354,-222
114000176,440,290,150
114000177,2067,662,1405
114000178,31,69,-38
114000179,864,511,353
114000180,340,500,-160
114000181,1046,1651,-605
114000182,4764,2140,2624
114000183,819,1028,-209
114000184,6039,1498,4541
114000185,641,733,-92
114000189,271,88,183
114000190,1018,176,842
114000191,16,40,-24
114000192,260,1400,-1140
114000193,911,3208,-2297
114000194,891,1303,-412
114000195,59,13,46
114000196,1,338,-337
114000197,638,83,555
114000198,1007,322,685
114000199,1632,971,661
114000200,510,2302,-1792
114000201,100,1066,-966
114000202,657,917,-260
114000203,395,1150,-755
114000204,98,442,-344
114000205,179,1662,-1483
114000206,345,984,-639
114000207,489,2201,-1712
114000208,345,3084,-2739
114000209,539,3324,-2785
114000210,265,1642,-1377
114000211,738,1176,-438
114000212,326,732,-406
114000213,818,541,277
114000214,117,132,-15
114000215,89,71,18
114000216,534,231,303
114000217,99,276,-177
114000218,74,281,-207
114000219,555,275,280
114000220,15,1520,-1505
114000221,302,97,205
114000222,126,1228,-1102
114000223,232,66,166
114000224,110,715,-605
114000225,138,484,-346
114000226,47,259,-212
114000227,482,442,40
114000228,436,839,-403
114000229,510,1099,-589
114000230,943,1394,-451
114000231,541,1086,-545
114000232,352,128,224
114000233,1014,105,909
114000234,775,944,-169
114000235,582,1527,-945
114000236,0,486,-486
114000237,71,1121,-1050
114000238,40,164,-124
114000239,90,1349,-1259
114000240,394,519,-125
114000241,184,1060,-876
114000242,700,903,-203
114000243,798,630,168
114000244,475,342,133
114000245,194,531,-337
114000246,109,29,80
114000247,350,612,-262
114000248,559,462,97
114000249,299,425,-126
114000250,245,505,-260
114000251,171,290,-119
114000252,46,85,-39
114000253,21,246,-225
114000254,7,72,-65
114000255,379,102,277
114000256,2241,565,1676
114000257,619,1878,-1259
114000258,91,471,-380
114000259,29,254,-225
114000260,0,20,-20
114000261,27,14,13
114000262,37,147,-110
114000263,4,0,4
114000264,291,568,-277
114000265,0,0,0
114000267,6,1235,-1229
114000268,3,2276,-2273
114000270,97,2,95
114000271,261,70,191
114000283,372,373,-1
114000285,53,240,-187
114000288,45,405,-360
114000289,636,165,471
114000293,84,375,-291
114000294,97,251,-154
114000395,956,69,887
114000396,189,275,-86
114000402,216,336,-120
114000403,176,549,-373
114000405,81,623,-542
114000423,84,491,-407
114000424,96,205,-109
114000425,225,505,-280
114000426,159,412,-253
114000427,27,106,-79
114000428,366,72,294
114000429,7,170,-163
114000432,52,166,-114
114000434,18,99,-81
114000435,0,134,-134
114900001,214,1372,-1158
114900002,227,41,186
114900003,247,2099,-1852
114900004,112,166,-54
114900005,215,857,-642
114900006,24,32,-8
114900007,76,11,65
114900008,60,38,22
114900010,2234,1118,1116
114900011,45,76,-31
114900013,62,61,1
114900018,735,83,652
114900020,77,38,39
114900022,11,1017,-1006
114900025,155,216,-61
114900026,63,59,4
114900029,53,20,33
114900030,113,177,-64
114900031,105,26,79
114900032,102,25,77
114900034,40,172,-132
114900035,105,195,-90
114900036,167,1034,-867
114900039,300,695,-395
114900040,54,206,-152
114900041,242,594,-352
114900042,391,899,-508
114900044,53,15,38
114900047,162,936,-774
114900048,50,305,-255
114900049,19,356,-337
114900050,31,614,-583
114900051,20,484,-464
114900052,32,176,-144
114900053,27,209,-182
114900054,26,96,-70
114900057,116,13,103
114900058,0,64,-64
114900059,33,17,16
114900063,53,210,-157
114900064,581,672,-91
114900065,178,554,-376
114900067,13,309,-296
114900068,70,376,-306
114900069,167,152,15
114900070,166,573,-407
114900072,10,200,-190
114900073,2,122,-120
114900074,158,918,-760
114900075,70,3,67
114900076,9,254,-245
114900080,2935,396,2539
114900082,3181,1126,2055
114900083,602,734,-132
114900090,105,119,-14
114900091,169,142,27
114900097,69,0,69
114900098,6,164,-158
114900099,66,3,63
115000001,7993,5279,2714
115000002,2254,2457,-203
115000003,3091,4118,-1027
115000004,1968,3262,-1294
115000005,852,2638,-1786
115000006,407,1074,-667
115000007,56,152,-96
115000008,290,403,-113
115000009,139,301,-162
115000010,169,93,76
115000013,92,98,-6
115000015,92,196,-104
115000016,43,176,-133
115000019,15,274,-259
115000020,137,298,-161
115000021,202,358,-156
115000022,322,240,82
115000023,283,331,-48
115000024,837,407,430
115000025,532,367,165
115000026,79,369,-290
115000027,153,192,-39
115000028,106,566,-460
115000029,277,87,190
115000030,279,745,-466
115000031,607,131,476
115000032,6,309,-303
115000033,136,11,125
115000034,117,902,-785
115000035,660,51,609
115000036,2,291,-289
115000037,242,2,240
115000038,35,158,-123
115000039,2685,1661,1024
115000040,5755,3079,2676
115000041,733,1818,-1085
115000042,461,574,-113
115000043,2029,2215,-186
115000044,2114,3916,-1802
115000045,1400,2599,-1199
115000046,1061,2236,-1175
115000047,1164,1846,-682
115000048,1074,2716,-1642
115000049,1326,2329,-1003
115000050,2056,1589,467
115000051,1841,1361,480
115000052,2609,1677,932
115000053,1114,1075,39
115000054,715,1219,-504
115000055,106,308,-202
115000056,164,255,-91
115000057,268,452,-184
115000058,109,102,7
115000059,159,127,32
115000061,120,99,21
115000062,85,271,-186
115000063,176,313,-137
115000064,162,152,10
115000065,25,202,-177
115000067,174,21,153
115000069,32,247,-215
115000070,30,566,-536
115000071,69,7,62
115000072,21,63,-42
115000073,1007,25,982
115000075,38,55,-17
115000076,2762,2991,-229
115000077,795,3541,-2746
115000078,538,1675,-1137
115000079,669,2091,-1422
115000080,1151,2514,-1363
115000081,374,728,-354
115000082,2145,2313,-168
115000083,1349,3273,-1924
115000084,770,957,-187
115000085,331,982,-651
115000086,451,913,-462
115000087,480,1264,-784
115000088,1290,468,822
115000089,1243,1315,-72
115000090,673,474,199
115000091,287,1230,-943
115000092,301,367,-66
115000093,297,0,297
115000094,7734,4091,3643
115000095,5990,3581,2409
115000096,439,2095,-1656
115000097,495,711,-216
115000098,457,729,-272
115000099,1297,3278,-1981
115000100,533,448,85
115000101,318,1384,-1066
115000102,267,173,94
115000103,258,834,-576
115000105,44,198,-154
115000106,257,264,-7
115000107,84,512,-428
115000108,3363,2447,916
115000109,5165,2152,3013
115000110,907,601,306
115000111,563,1153,-590
115000112,327,415,-88
115000113,436,664,-228
115000114,1287,658,629
115000116,2430,1020,1410
115000117,2866,1322,1544
115000118,1242,1073,169
115000119,1369,1217,152
115000120,389,708,-319
115000121,1329,595,734
115000122,2921,736,2185
115000123,1453,1132,321
115000124,685,627,58
115000125,167,383,-216
115000126,72,222,-150
115000127,248,76,172
115000128,940,570,370
115000129,183,132,51
115000130,193,1035,-842
115000131,318,205,113
115000132,87,515,-428
115000133,172,339,-167
115000134,95,219,-124
115000135,104,242,-138
115000136,111,194,-83
115000137,53,177,-124
115000138,142,200,-58
115000139,106,217,-111
115000140,125,197,-72
115000141,90,319,-229
115000142,70,338,-268
115000143,256,429,-173
115000144,328,94,234
115000145,148,415,-267
115000146,186,191,-5
115000147,278,485,-207
115000148,191,1421,-1230
115000149,303,151,152
115000150,431,1171,-740
115000151,431,287,144
115000152,432,1584,-1152
115000153,410,294,116
115000154,291,251,40
115000155,400,1016,-616
115000156,779,405,374
115000157,648,767,-119
115000158,454,275,179
115000159,642,267,375
115000160,433,243,190
115000161,147,446,-299
115000162,516,378,138
115000163,503,570,-67
115000164,457,529,-72
115000165,340,285,55
115000167,110,70,40
115000168,456,219,237
115000169,501,239,262
115000170,107,107,0
115000171,198,160,38
115000172,1470,428,1042
115000173,198,206,-8
115000174,52,214,-162
115000175,66,61,5
115000176,67,54,13
115000177,74,43,31
115000178,13,253,-240
115000179,18,19,-1
115000180,41,525,-484
115000181,247,94,153
115000182,290,296,-6
115000183,138,956,-818
115000186,374,197,177
115000187,114,581,-467
115000188,257,324,-67
115000189,194,402,-208
115000190,629,377,252
115000191,158,339,-181
115000194,131,87,44
115000195,196,161,35
115000196,54,103,-49
115000197,121,386,-265
115000198,140,206,-66
115000199,90,319,-229
115000200,180,91,89
115000201,77,347,-270
115000206,150,68,82
115000207,30,249,-219
115000208,447,581,-134
115000209,293,113,180
115000210,71,94,-23
115000211,138,159,-21
115000212,1231,227,1004
115000224,149,41,108
115000225,58,56,2
115000229,202,134,68
115000230,86,344,-258
115000231,245,2725,-2480
115000232,687,438,249
115000233,44,170,-126
115000234,21,216,-195
115000241,26,239,-213
115000242,62,301,-239
115000243,49,271,-222
115000244,4,95,-91
115000246,18,9,9
115000247,16,12,4
115000248,11,5,6
115000249,52,6,46
115000250,230,43,187
115000251,103,109,-6
115000252,20,135,-115
115000253,7,176,-169
115000258,124,188,-64
115000259,255,109,146
115000261,6,27,-21
115000262,6,16,-10
115000263,10,29,-19
115000264,6,34,-28
115000267,43,46,-3
115000268,25,73,-48
115000269,115,62,53
115000270,1,19,-18
115000272,35,153,-118
115000273,172,15,157
115000280,2473,82,2391
115000281,548,158,390
115000282,595,323,272
115000284,191,65,126
115000296,511,5,506
115000297,120,111,9
115000298,43,146,-103
115000300,49,155,-106
115000302,193,180,13
115000303,313,108,205
115000304,350,78,272
115000305,43,1062,-1019
115000306,94,604,-510
115000307,35,330,-295
115000308,70,11,59
115000309,0,1,-1
115000310,533,1139,-606
115000311,387,1188,-801
115000313,124,705,-581
115000314,178,66,112
115000315,1048,429,619
115000316,54,93,-39
115000317,81,526,-445
115000318,360,146,214
115000319,32,267,-235
115000320,6,124,-118
115000321,321,8,313
115000322,35,246,-211
115000449,213,95,118
115000557,1,467,-466
115000558,253,66,187
115000587,198,269,-71
115000588,1671,3656,-1985
115000589,1828,2197,-369
115000590,629,1537,-908
115000591,1014,652,362
115000592,473,1339,-866
115000593,1030,474,556
115000594,692,1388,-696
115000609,89,159,-70
115000617,1822,1329,493
115000624,132,101,31
115000633,297,1333,-1036
115000634,1888,583,1305
115000635,222,97,125
115000638,1092,499,593
115000641,59,114,-55
115000642,351,238,113
115000643,63,345,-282
115000644,111,328,-217
115000646,556,836,-280
115000647,76,260,-184
115000648,892,1299,-407
115000893,2745,863,1882
115000894,68,966,-898
115000895,385,744,-359
115000896,1032,322,710
115000897,379,81,298
115000898,425,205,220
115000899,915,918,-3
115000900,72,332,-260
115000901,75,102,-27
115000912,174,68,106
115000913,3,50,-47
115000915,26,2,24
115000916,3,0,3
115000917,0,2,-2
115000918,81,171,-90
115000919,24,2,22
115000920,13,36,-23
115000921,1128,59,1069
115000922,1132,438,694
115000923,467,810,-343
115000925,32,71,-39
115000927,34,31,3
115000933,364,135,229
115000934,58,167,-109
115000935,79,116,-37
115000936,49,210,-161
115000937,1161,84,1077
115000938,253,134,119
115000939,267,158,109
115000940,0,11,-11
115000941,12,16,-4
115000942,47,49,-2
115000943,81,14,67
115000944,0,4,-4
115900001,34,82,-48
115900002,55,118,-63
115900003,90,100,-10
115900004,2,64,-62
115900005,71,2,69
115900006,54,432,-378
115900008,34,11,23
115900009,35,264,-229
115900010,74,145,-71
115900011,156,245,-89
115900012,43,115,-72
115900013,226,121,105
115900014,91,144,-53
115900015,26,134,-108
115900016,47,24,23
115900017,2,3,-1
115900018,140,85,55
115900019,92,14,78
115900020,39,1,38
115900021,1372,107,1265
115900022,2499,12,2487
115900023,12,1,11
115900025,58,125,-67
115900026,698,338,360
115900027,2,317,-315
115900028,499,46,453
115900029,6,476,-470
115900030,24,19,5
115900031,224,152,72
115900032,192,641,-449
115900033,0,38,-38
115900034,19,540,-521
115900035,12,139,-127
115900036,223,255,-32
115900037,20,459,-439
115900038,12,9,3
115900039,62,326,-264
115900041,276,263,13
115900042,4,3,1
115900043,44,158,-114
115900044,193,146,47
115900046,118,238,-120
115900047,56,49,7
115900049,46,189,-143
115900051,0,48,-48
115900052,11,273,-262
115900053,88,289,-201
115900054,78,34,44
115900055,23,129,-106
115900056,50,388,-338
115900057,16,1,15
115900058,28,65,-37
115900060,42,132,-90
115900061,75,0,75
115900062,9,309,-300
115900063,52,14,38
115900064,79,151,-72
115900065,31,122,-91
115900066,147,151,-4
115900067,6,858,-852
115900068,3456,200,3256
115900069,32,130,-98
115900070,91,236,-145
115900071,0,514,-514
115900072,75,215,-140
115900073,33,31,2
115900074,4,400,-396
115900075,7,305,-298
115900076,1,90,-89
115900077,5,314,-309
115900078,19,134,-115
115900079,88,6,82
115900080,540,243,297
115900081,6,88,-82
115900082,165,132,33
115900084,160,19,141
115900085,44,41,3
115900086,1349,419,930
115900088,12,37,-25
115900089,163,755,-592
115900090,131,14,117
115900091,0,3,-3
115900092,25,252,-227
115900093,2,28,-26
115900094,2,439,-437
115900096,0,16,-16
115900097,8,512,-504
115900098,76,532,-456
115900099,27,120,-93
115900100,1,532,-531
115900101,75,477,-402
115900102,23,107,-84
115900103,147,267,-120
115900104,21,158,-137
115900105,51,679,-628
115900106,18,24,-6
115900107,25,248,-223
115900108,37,23,14
115900109,36,352,-316
115900110,1,23,-22
115900111,0,87,-87
115900112,29,742,-713
115900113,20,23,-3
115900114,3,180,-177
115900115,28,118,-90
115900116,61,893,-832
115900117,51,30,21
115900118,1,469,-468
115900119,61,70,-9
115900120,26,307,-281
115900121,46,203,-157
115900124,151,324,-173
115900125,125,22,103
115900126,271,46,225
115900127,254,25,229
115900128,6,84,-78
115900129,437,25,412
115900130,26,140,-114
115900131,94,24,70
115900132,198,10,188
115900134,111,7,104
115900135,473,488,-15
115900137,4,0,4
115900139,48,62,-14
115900140,105,15,90
115900141,4,68,-64
115900142,6,11,-5
115900143,87,234,-147
115900144,40,169,-129
115900146,4,175,-171
115900147,134,147,-13
115900148,7,1,6
115900149,19,32,-13
115900150,21,86,-65
115900151,4,48,-44
115900152,40,321,-281
115900153,45,214,-169
115900154,456,248,208
115900155,0,100,-100
115900156,296,525,-229
115900157,43,378,-335
115900158,35,4,31
115900159,35,239,-204
115900160,9,0,9
115900161,27,169,-142
115900163,65,108,-43
115900164,134,73,61
115900166,124,198,-74
115900168,29,134,-105
115900171,51,293,-242
115900172,30,126,-96
115900173,115,114,1
115900174,244,153,91
115900175,44,151,-107
115900178,3,656,-653
115900179,110,13,97
115900180,42,351,-309
115900181,77,299,-222
115900182,181,303,-122
115900183,42,66,-24
115900184,1325,17,1308
115900187,8,99,-91
115900189,0,78,-78
115900190,157,457,-300
115900191,50,411,-361
115900192,9,35,-26
115900193,69,63,6
115900194,230,46,184
115900195,361,706,-345
115900198,149,186,-37
115900199,99,209,-110
115900200,236,287,-51
115900201,258,165,93
115900202,0,7,-7
115900203,1,11,-10
115900204,0,1,-1
115900205,16,8,8
115900206,88,113,-25
115900207,11,15,-4
115900208,46,354,-308
115900209,3,163,-160
115900210,2,122,-120
115900211,3,199,-196
115900212,61,212,-151
115900213,37,24,13
115900214,170,232,-62
115900215,34,34,0
115900216,7,68,-61
115900217,0,94,-94
115900218,2,42,-40
115900219,37,3,34
115900220,65,8,57
115900221,40,7,33
115900222,47,8,39
115900223,5,74,-69
115900224,1547,360,1187
115900225,99,62,37
115900226,11,40,-29
115900227,7,41,-34
115900228,4,34,-30
115900229,8,84,-76
115900230,53,84,-31
115900231,64,1,63
115900232,18,1,17
115900233,40,9,31
115900234,24,22,2
115900235,4,21,-17
115900236,8,10,-2
115900237,10,33,-23
115900238,14,13,1
115900239,5,24,-19
115900240,13,57,-44
115900241,58,58,0
115900242,214,174,40
115900243,11,6,5
115900244,1,15,-14
115900245,27,11,16
115900246,3,4,-1
115900247,3,2,1
115900248,5,1,4
115900249,3,4,-1
115900250,3,4,-1
115900251,0,1,-1
115900252,1,0,1
115900253,3,3,0
115900254,5,15,-10
115900255,3,14,-11
115900256,20,22,-2
115900257,0,4,-4
115900258,0,1,-1
115900259,1,7,-6
115900260,15,2,13
115900261,10,0,10
115900262,0,0,0
115900263,2,3,-1
115900264,2,7,-5
115900265,1,3,-2
115900266,2,2,0
115900267,3,9,-6
115900268,2,6,-4
115900269,144,311,-167
115900270,133,778,-645
115900271,26,1,25
115900272,5,0,5
115900273,2,5,-3
115900274,2,7,-5
115900275,1,38,-37
115900276,1,69,-68
115900277,1,137,-136
115900278,6,96,-90
115900279,7,117,-110
115900280,13,121,-108
115900281,611,119,492
115900282,17,8,9
115900283,11,4,7
115900284,6,8,-2
116000001,14421,4145,10276
116000002,2956,3786,-830
116000003,1061,1510,-449
116000004,1161,1357,-196
116000005,2213,3000,-787
116000006,1429,948,481
116000007,2377,3700,-1323
116000008,1726,1280,446
116000009,1323,2475,-1152
116000010,1064,707,357
116000011,699,1681,-982
116000012,537,473,64
116000013,13676,3301,10375
116000014,17214,6309,10905
116000015,366,496,-130
116000016,7246,1489,5757
116000017,25,403,-378
116000018,720,302,418
116000019,315,205,110
116000020,351,1031,-680
116000021,216,243,-27
116000022,201,462,-261
116000023,407,299,108
116000024,522,1384,-862
116000025,384,323,61
116000026,1339,1717,-378
116000027,263,402,-139
116000028,283,390,-107
116000029,622,497,125
116000030,317,277,40
116000031,104,162,-58
116000032,256,190,66
116000033,248,426,-178
116000034,418,724,-306
116000035,220,388,-168
116000036,1612,426,1186
116000037,600,350,250
116000038,408,188,220
116000039,608,186,422
116000040,767,138,629
116000041,293,339,-46
116000042,342,182,160
116000043,63,454,-391
116000044,7,77,-70
116000045,1113,806,307
116000046,887,722,165
116000047,1619,1261,358
116000048,1351,1276,75
116000049,697,1479,-782
116000050,1024,1035,-11
116000051,2307,1167,1140
116000052,2772,2516,256
116000053,957,899,58
116000054,439,1544,-1105
116000055,365,1002,-637
116000056,477,810,-333
116000057,1699,1665,34
116000058,2036,1341,695
116000059,1636,3216,-1580
116000060,3225,805,2420
116000061,434,630,-196
116000062,528,374,154
116000063,338,823,-485
116000066,154,346,-192
116000067,223,528,-305
116000068,159,166,-7
116000069,203,357,-154
116000078,322,819,-497
116000080,823,836,-13
116000082,3,96,-93
116000083,788,307,481
116000084,1882,3589,-1707
116000085,1302,942,360
116000086,2260,1448,812
116000087,824,862,-38
116000088,532,1032,-500
116000089,92,96,-4
116000090,88,120,-32
116000091,103,109,-6
116000093,310,501,-191
116000094,297,572,-275
116000095,441,520,-79
116000096,408,847,-439
116000097,297,687,-390
116000098,260,2692,-2432
116000099,7998,256,7742
116000100,85,4,81
116000101,324,1536,-1212
116000102,135,1261,-1126
116000103,349,237,112
116000104,84,1713,-1629
116000105,481,149,332
116000106,258,1346,-1088
116000107,864,371,493
116000108,16,159,-143
116000111,55,11,44
116000113,55,53,2
116000114,24,118,-94
116000115,116,66,50
116000116,154,472,-318
116000117,800,1606,-806
116000118,763,1280,-517
116000119,1311,1307,4
116000120,1807,3846,-2039
116000121,375,368,7
116000122,1080,2309,-1229
116000123,317,416,-99
116000124,194,1001,-807
116000125,1305,421,884
116000126,168,1484,-1316
116000127,847,1506,-659
116000128,728,546,182
116000129,470,175,295
116000130,184,207,-23
116000133,260,974,-714
116000134,1056,2683,-1627
116000135,868,1200,-332
116000136,729,2498,-1769
116000137,434,465,-31
116000138,832,269,563
116000139,1180,2001,-821
116000140,85,186,-101
116000141,267,935,-668
116000142,3378,3801,-423
116000143,1536,1172,364
116000144,952,2701,-1749
116000145,1036,1271,-235
116000146,189,422,-233
116000147,198,96,102
116000148,215,305,-90
116000149,301,399,-98
116000151,382,988,-606
116000153,53,409,-356
116000155,214,185,29
116000156,272,978,-706
116000157,30,24,6
116000158,294,273,21
116000159,6,7,-1
116000160,8,99,-91
116000161,7,93,-86
116000162,25,75,-50
116000163,12,21,-9
116000164,3,11,-8
116000177,30,86,-56
116000194,36,265,-229
116000195,1358,511,847
116000196,3,6,-3
116000197,5,7,-2
116000198,2120,780,1340
116000200,554,167,387
116000201,500,590,-90
116000202,3,316,-313
116000203,3,78,-75
116000204,17,41,-24
116000205,0,132,-132
116000206,1,83,-82
116000207,3,22,-19
116000233,93,688,-595
116000287,68,606,-538
116000288,86,236,-150
116000292,13,155,-142
116000296,11,219,-208
116000297,46,28,18
116000304,29,33,-4
116000305,19,81,-62
116000346,100,151,-51
116000352,63,31,32
116000354,46,4,42
116000357,12,5,7
116000358,88,30,58
116000361,528,1,527
116000372,7885,1764,6121
116000381,60,0,60
116000388,0,26,-26
116000389,453,465,-12
116000445,155,746,-591
116000446,235,1098,-863
116000447,20,431,-411
116000448,507,264,243
116000563,519,429,90
116000565,54,378,-324
116000568,46,132,-86
116000579,21,121,-100
116000583,49,66,-17
116000584,10,9,1
116000585,11,13,-2
116000586,196,111,85
116000587,224,409,-185
116000589,39,90,-51
116000590,33,59,-26
116000591,67,284,-217
116000592,13,130,-117
116000593,0,58,-58
116000594,191,554,-363
116000595,337,151,186
116000596,48,5,43
116000597,97,47,50
116000598,7,179,-172
116000605,200,154,46
116000606,28,136,-108
116000607,4,64,-60
116000609,140,454,-314
116000611,67,544,-477
116000612,496,1543,-1047
116000613,217,329,-112
116000614,367,954,-587
116000615,0,74,-74
116000616,20,129,-109
116000617,71,126,-55
116000618,3,188,-185
116000619,8,35,-27
116000620,42,39,3
116000621,40,70,-30
116000622,26,94,-68
116000624,71,71,0
116000627,46,111,-65
116000628,17,655,-638
116000629,42,450,-408
116000630,102,30,72
116000631,34,32,2
116000632,223,147,76
116000633,49,402,-353
116000634,153,362,-209
116000635,2513,1076,1437
116000636,1415,720,695
116000637,203,119,84
116000638,69,535,-466
116000639,29,0,29
116000640,12,5,7
116000641,47,149,-102
116000643,4,182,-178
116000644,11,1177,-1166
116000645,2,28,-26
116900001,152,124,28
116900002,225,5,220
116900003,15,89,-74
116900004,14,12,2
116900005,145,36,109
116900006,94,112,-18
116900007,80,159,-79
116900008,133,434,-301
116900009,16,4,12
116900010,2,1803,-1801
116900011,15,54,-39
116900012,75,166,-91
116900013,6,166,-160
116900014,64,491,-427
116900016,82,0,82
116900017,5,720,-715
116900018,27,34,-7
116900019,6,339,-333
116900020,1475,281,1194
116900023,49,6,43
116900025,276,994,-718
116900026,146,709,-563
116900027,8,45,-37
116900028,3,128,-125
116900029,0,8,-8
116900031,4,9,-5
116900032,3,458,-455
116900033,0,13,-13
116900034,4,66,-62
116900035,65,189,-124
116900036,1,87,-86
116900038,10,4,6
116900041,30,9,21
116900042,953,207,746
116900043,10,64,-54
116900047,73,50,23
116900049,41,286,-245
116900050,62,430,-368
116900051,30,295,-265
116900052,84,54,30
116900055,0,10,-10
116900057,14,294,-280
116900058,17,336,-319
116900059,1,160,-159
116900060,132,257,-125
116900062,0,8,-8
116900064,27,1053,-1026
116900065,11,100,-89
116900067,83,133,-50
116900068,86,297,-211
116900070,2,5,-3
116900072,5,501,-496
116900073,2,167,-165
116900074,1,50,-49
116900076,6,32,-26
116900077,12,239,-227
116900078,196,137,59
116900079,17,351,-334
116900080,1,10,-9
116900081,273,1314,-1041
116900082,102,699,-597
116900083,32,69,-37
116900084,209,55,154
116900085,17,131,-114
116900086,20,241,-221
116900088,253,49,204
116900090,138,57,81
116900091,90,36,54
116900092,77,849,-772
116900093,1282,1641,-359
116900094,5106,1822,3284
116900095,186,185,1
116900096,76,145,-69
116900097,3424,1345,2079
116900098,721,162,559
116900099,570,289,281
116900100,324,10,314
116900101,202,502,-300
116900103,6,3,3
116900104,45,55,-10
116900105,185,31,154
116900106,660,259,401
116900107,3915,1031,2884
116900110,14,1,13
116900111,148,870,-722
116900112,116,974,-858
116900113,2634,718,1916
116900116,134,218,-84
116900117,15,67,-52
116900118,905,528,377
116900120,64,90,-26
116900121,15,38,-23
116900122,205,899,-694
116900123,87,990,-903
116900124,124,742,-618
116900125,133,221,-88
116900126,179,415,-236
116900128,0,14,-14
116900129,5,316,-311
116900130,890,1455,-565
116900131,49,141,-92
116900132,20,55,-35
116900133,57,97,-40
116900134,121,174,-53
116900136,85,142,-57
116900137,169,181,-12
116900138,116,232,-116
116900139,52,378,-326
116900140,72,134,-62
116900141,359,226,133
116900142,3,37,-34
116900143,156,406,-250
116900144,10,31,-21
116900145,63,340,-277
116900147,620,238,382
116900148,0,24,-24
116900149,18,107,-89
116900150,5,5,0
116900151,77,12,65
116900153,67,41,26
116900154,556,225,331
116900155,40,44,-4
116900157,227,334,-107
116900158,52,93,-41
116900159,21,197,-176
116900160,314,117,197
116900161,7742,2939,4803
116900162,9,175,-166
116900163,64,157,-93
116900164,51,19,32
116900165,134,67,67
116900166,14,80,-66
116900167,213,41,172
116900168,109,57,52
116900169,627,179,448
116900170,144,129,15
116900171,18,198,-180
116900172,200,85,115
116900173,47,24,23
116900174,17,29,-12
116900175,132,51,81
116900178,16,150,-134
116900179,57,83,-26
116900180,51,20,31
116900182,263,145,118
116900183,84,57,27
116900185,8,20,-12
116900186,46,297,-251
116900187,17,16,1
116900188,60,8,52
116900189,6,0,6
116900191,227,256,-29
116900192,143,152,-9
116900194,87,427,-340
116900195,24,11,13
116900196,21,97,-76
116900197,26,1,25
116900198,160,115,45
116900200,24,47,-23
116900201,21,6,15
116900202,90,43,47
116900203,40,3,37
116900204,40,46,-6
116900206,6,36,-30
116900207,26,25,1
116900208,11,111,-100
116900209,10,139,-129
116900210,214,171,43
116900211,123,13,110
116900212,15,80,-65
116900213,172,190,-18
116900214,61,77,-16
116900215,19,81,-62
116900216,153,366,-213
116900218,7,276,-269
116900219,601,280,321
116900220,54,157,-103
116900221,64,193,-129
116900222,298,210,88
116900223,62,116,-54
116900226,22,56,-34
116900227,74,80,-6
116900228,134,294,-160
116900230,54,935,-881
116900233,236,196,40
116900234,4,10,-6
116900235,90,309,-219
116900238,1140,365,775
116900239,30,626,-596
116900240,5755,2052,3703
116900241,28,132,-104
116900242,1326,224,1102
116900243,3,39,-36
116900245,21,14,7
116900246,30,15,15
116900247,234,8,226
116900248,39,15,24
116900249,137,83,54
116900250,121,21,100
116900251,373,113,260
116900252,37,1025,-988
116900254,24,97,-73
116900255,67,20,47
116900256,119,59,60
116900257,12,691,-679
116900258,0,394,-394
116900259,40,2,38
116900260,0,165,-165
116900261,24,0,24
116900262,41,158,-117
116900263,2,6,-4
116900264,40,17,23
116900265,12,0,12
116900266,8,81,-73
116900267,0,8,-8
116900268,11,3,8
116900269,187,409,-222
116900271,1700,65,1635
116900272,434,534,-100
116900273,240,48,192
116900274,39,52,-13
116900275,75,123,-48
116900276,374,48,326
116900277,549,23,526
116900278,0,8,-8
116900279,0,21,-21
116900280,18,26,-8
116900281,6321,1414,4907
116900282,4,159,-155
116900283,12,151,-139
116900284,9,214,-205
116900285,451,181,270
116900286,165,6,159
116900287,5,88,-83
116900288,29,168,-139
116900289,1,43,-42
116900290,4,78,-74
116900291,3,19,-16
116900292,0,6,-6
116900293,19,108,-89
116900294,26,122,-96
116900295,159,23,136
116900296,67,89,-22
116900297,7,66,-59
116900298,101,30,71
116900299,61,36,25
116900300,2,66,-64
116900301,74,92,-18
116900302,47,54,-7
116900303,412,18,394
116900304,0,86,-86
116900305,9,57,-48
116900306,44,214,-170
116900307,18,5,13
116900308,0,236,-236
116900309,26,97,-71
116900310,15,52,-37
117000001,922,929,-7
117000002,1429,3484,-2055
117000003,5138,1931,3207
117000004,3506,4645,-1139
117000005,1232,1107,125
117000006,947,3952,-3005
117000007,2036,925,1111
117000008,1088,4267,-3179
117000009,3170,1253,1917
117000010,2222,4108,-1886
117000011,988,1449,-461
117000012,884,1642,-758
117000013,824,1156,-332
117000014,724,2251,-1527
117000015,2248,921,1327
117000016,553,66,487
117000017,419,131,288
117000018,100,207,-107
117000019,174,9,165
117000020,776,806,-30
117000021,3094,520,2574
117000022,612,53,559
117000023,684,142,542
117000024,435,71,364
117000025,865,516,349
117000026,2913,609,2304
117000027,2528,1104,1424
117000028,3183,566,2617
117000030,713,618,95
117000031,310,241,69
117000032,1619,1257,362
117000033,959,653,306
117000034,313,306,7
117000035,202,212,-10
117000036,361,306,55
117000037,221,149,72
117000038,285,485,-200
117000039,314,240,74
117000040,93,1412,-1319
117000041,396,124,272
117000044,23,1316,-1293
117000045,334,47,287
117000046,426,963,-537
117000047,535,453,82
117000048,1725,1335,390
117000049,107,335,-228
117000050,80,2476,-2396
117000051,1218,166,1052
117000052,8,722,-714
117000053,123,54,69
117000054,961,7,954
117000055,147,3512,-3365
117000056,321,16,305
117000057,663,2334,-1671
117000060,322,1566,-1244
117000061,1094,699,395
117000062,110,513,-403
117000063,1259,561,698
117000064,786,869,-83
117000066,838,631,207
117000067,86,277,-191
117000074,154,160,-6
117000076,70,26,44
117000077,65,105,-40
117000078,84,633,-549
117000079,182,115,67
117000080,0,387,-387
117000081,557,112,445
117000082,13,69,-56
117000083,85,10,75
117000084,290,2,288
117000085,136,378,-242
117000086,766,636,130
117000087,189,524,-335
117000088,178,175,3
117000089,972,314,658
117000090,225,1400,-1175
117000091,390,265,125
117000092,284,1741,-1457
117000093,658,493,165
117000094,668,2590,-1922
117000095,1629,587,1042
117000096,445,2508,-2063
117000097,717,1054,-337
117000098,2443,5385,-2942
117000099,1769,747,1022
117000100,128,199,-71
117000101,183,1488,-1305
117000102,882,462,420
117000103,722,1919,-1197
117000104,788,414,374
117000105,713,1974,-1261
117000106,659,630,29
117000107,368,2085,-1717
117000108,1077,778,299
117000109,1433,2578,-1145
117000110,856,560,296
117000111,3051,4258,-1207
117000112,1881,1829,52
117000113,57,362,-305
117000114,62,124,-62
117000115,52,182,-130
117000116,62,230,-168
117000117,1026,419,607
117000118,289,147,142
117000119,532,56,476
117000120,298,124,174
117000121,180,530,-350
117000122,639,753,-114
117000123,1598,17,1581
117000124,747,31,716
117000125,352,43,309
117000126,100,34,66
117000127,179,309,-130
117000128,502,501,1
117000129,563,389,174
117000130,92,4,88
117000131,0,260,-260
117000132,799,21,778
117000133,509,112,397
117000134,0,52,-52
117000135,10,29,-19
117000136,1,63,-62
117000137,36,51,-15
117000138,0,452,-452
117000140,480,1704,-1224
117000141,1195,563,632
117000181,875,406,469
117000182,199,131,68
117000195,121,1239,-1118
117000196,65,51,14
117000225,173,1,172
117000226,18,90,-72
117000276,97,11,86
117000277,1,644,-643
117000310,1902,2414,-512
117000315,46,765,-719
117000320,113,0,113
117000906,107,12,95
117000907,8,523,-515
117000909,108,31,77
117000910,175,123,52
117000911,115,184,-69
117000915,6,641,-635
117000916,10,0,10
117000917,393,18,375
117000918,49,91,-42
117000919,9,171,-162
117000920,5,1643,-1638
117000921,11,2413,-2402
117000922,42,104,-62
117000924,272,513,-241
117000926,1196,112,1084
117000927,1546,302,1244
117000928,1,281,-280
117000929,91,654,-563
117000930,99,18,81
117000931,554,55,499
117900002,124,394,-270
117900003,737,254,483
117900005,6,6,0
117900006,0,35,-35
117900007,88,192,-104
117900008,0,46,-46
117900010,189,179,10
117900011,35,10,25
117900012,46,210,-164
117900013,0,301,-301
117900014,782,278,504
117900015,22,256,-234
117900016,1145,313,832
117900017,498,682,-184
117900018,198,56,142
117900019,216,652,-436
117900020,59,219,-160
117900021,21,114,-93
117900023,666,215,451
117900024,76,157,-81
117900025,23,10,13
117900026,179,522,-343
117900028,42,3,39
117900029,109,984,-875
117900030,149,109,40
117900031,225,71,154
117900032,276,299,-23
117900033,114,959,-845
117900034,55,43,12
117900035,77,40,37
117900036,87,708,-621
117900037,56,137,-81
117900038,10,439,-429
117900039,2,72,-70
117900040,57,544,-487
117900041,4,57,-53
117900042,4157,382,3775
117900043,41,62,-21
117900044,66,2776,-2710
117900045,120,100,20
117900048,98,290,-192
117900049,145,881,-736
117900050,6,70,-64
117900051,24,3,21
117900052,60,188,-128
117900053,631,703,-72
117900054,1,15,-14
117900055,136,156,-20
117900056,349,34,315
117900057,638,1214,-576
117900058,80,13,67
117900059,308,34,274
117900060,698,5736,-5038
117900061,15,198,-183
117900063,134,255,-121
117900065,629,1054,-425
117900066,7,35,-28
117900067,243,348,-105
117900069,357,523,-166
117900070,266,10,256
117900071,72,115,-43
117900073,195,449,-254
117900074,216,16,200
117900075,37,98,-61
117900076,9,62,-53
117900077,148,109,39
117900078,149,342,-193
117900080,171,40,131
117900081,495,429,66
117900082,188,173,15
117900083,190,784,-594
117900086,61,35,26
117900087,56,45,11
117900088,2393,1563,830
117900089,877,276,601
117900090,370,1033,-663
117900091,151,158,-7
117900092,77,43,34
117900093,25,58,-33
117900094,18,6,12
117900095,376,822,-446
117900096,24,212,-188
117900097,64,67,-3
117900098,10,3,7
117900099,92,438,-346
117900100,78,0,78
117900101,315,872,-557
117900102,32,51,-19
117900103,15,2,13
117900104,25,142,-117
117900105,109,204,-95
117900106,62,51,11
117900107,12,0,12
117900109,231,260,-29
117900110,29,1,28
117900111,164,5,159
117900112,21,25,-4
117900113,3424,1314,2110
117900114,6,0,6
117900115,322,17,305
117900116,905,721,184
117900117,242,242,0
117900118,8,0,8
117900119,54,287,-233
117900120,27,93,-66
117900121,20,17,3
117900122,922,1211,-289
117900123,481,851,-370
117900124,444,553,-109
117900125,935,696,239
117900126,276,507,-231
117900127,253,650,-397
117900128,168,947,-779
117900129,15,3,12
117900130,606,223,383
117900131,0,99,-99
117900132,3,104,-101
117900133,4,152,-148
117900134,27,146,-119
117900135,22,282,-260
117900136,0,73,-73
117900137,34,362,-328
117900138,0,59,-59
117900139,39,170,-131
117900140,5360,191,5169
117900141,126,274,-148
117900142,145,11,134
117900144,99,101,-2
117900145,64,5,59
117900146,199,198,1
117900147,20,49,-29
117900148,2421,739,1682
117900149,18,180,-162
117900150,26,100,-74
117900151,35,109,-74
117900152,108,70,38
117900153,6,113,-107
117900154,254,742,-488
117900156,684,639,45
117900157,57,420,-363
117900158,118,77,41
117900160,288,228,60
117900161,2067,2175,-108
117900162,224,374,-150
117900163,77,13,64
117900165,1,13,-12
117900166,81,163,-82
117900168,66,134,-68
117900169,0,66,-66
117900170,2,23,-21
117900171,2,5,-3
117900172,11,9,2
117900173,79,19,60
117900174,17,32,-15
117900175,1,11,-10
117900176,3,39,-36
117900177,19,46,-27
117900178,77,33,44
117900180,178,26,152
117900181,105,184,-79
117900182,3,15,-12
117900183,37,150,-113
117900184,1,46,-45
117900185,11,28,-17
117900186,13,19,-6
117900187,2,5,-3
117900188,140,31,109
117900189,30,15,15
117900190,15,2,13
117900191,41,0,41
117900192,67,0,67
117900193,11,42,-31
117900194,1,0,1
117900195,3,15,-12
117900196,11,13,-2
117900207,133,68,65
117900208,15,31,-16
117900209,145,118,27
117900210,158,129,29
117900211,19,151,-132
117900212,101,144,-43
117900213,13,18,-5
117900214,2,46,-44
117900215,23,70,-47
117900216,38,19,19
117900217,133,42,91
117900218,275,215,60
117900219,12,39,-27
117900220,94,51,43
117900222,180,246,-66
117900223,137,162,-25
118000001,659,431,228
118000002,1162,1506,-344
118000003,1606,1055,551
118000004,2571,1813,758
118000005,5597,1774,3823
118000006,7184,5754,1430
118000007,5311,2073,3238
118000008,4525,2315,2210
118000009,1797,1989,-192
118000010,1891,2990,-1099
118000011,601,2242,-1641
118000012,774,2308,-1534
118000013,2449,2442,7
118000014,1751,3054,-1303
118000016,154,411,-257
118000017,151,268,-117
118000018,198,545,-347
118000019,1483,1075,408
118000020,927,1021,-94
118000021,512,1429,-917
118000022,1336,488,848
118000023,799,256,543
118000024,1393,549,844
118000027,17428,5258,12170
118000029,939,429,510
118000032,1599,1479,120
118000033,2151,1687,464
118000034,4181,1374,2807
118000035,1367,1151,216
118000036,864,720,144
118000037,518,728,-210
118000038,68,119,-51
118000039,46,364,-318
118000040,1161,1984,-823
118000041,1537,1360,177
118000045,574,88,486
118000046,1997,422,1575
118000047,1487,407,1080
118000048,2968,898,2070
118000051,1647,607,1040
118000052,1080,438,642
118000053,434,377,57
118000054,1427,1033,394
118000055,1042,1460,-418
118000056,144,205,-61
118000057,116,299,-183
118000058,2769,951,1818
118000059,1889,570,1319
118000060,533,549,-16
118000061,447,1177,-730
118000062,449,155,294
118000063,261,373,-112
118000064,751,993,-242
118000065,4476,1228,3248
118000066,655,818,-163
118000067,1041,643,398
118000068,1451,2601,-1150
118000069,2990,863,2127
118000070,6430,1032,5398
118000071,3119,3611,-492
118000072,1741,845,896
118000073,2150,311,1839
118000074,300,476,-176
118000075,534,229,305
118000076,1079,998,81
118000077,1124,860,264
118000078,1494,1251,243
118000079,203,260,-57
118000080,1029,763,266
118000081,1384,938,446
118000082,259,628,-369
118000083,1761,861,900
118000084,2026,1117,909
118000086,169,385,-216
118000087,5534,2142,3392
118000088,1597,1592,5
118000089,3325,1831,1494
118000090,1633,2185,-552
118000091,1240,1372,-132
118000092,1113,345,768
118000093,109,581,-472
118000096,331,446,-115
118000097,467,529,-62
118000098,187,182,5
118000099,259,831,-572
118000101,467,239,228
118000102,232,1266,-1034
118000107,3305,344,2961
118000108,452,905,-453
118000110,1,27,-26
118000111,1,747,-746
118000112,191,0,191
118000113,5,1062,-1057
118000114,89,4,85
118000115,9,17,-8
118000116,45,1,44
118000117,1054,768,286
118000118,548,628,-80
118000119,458,843,-385
118000120,1041,1336,-295
118000121,73,444,-371
118000122,965,259,706
118000123,43,296,-253
118000125,1493,848,645
118000126,517,1174,-657
118000127,1442,611,831
118000128,555,978,-423
118000129,537,259,278
118000130,2197,3226,-1029
118000131,535,954,-419
118000132,1614,1194,420
118000133,525,384,141
118000135,390,243,147
118000136,109,543,-434
118000137,512,95,417
118000138,201,764,-563
118000139,146,94,52
118000140,1681,2334,-653
118000141,1273,1715,-442
118000142,908,1716,-808
118000143,1127,853,274
118000144,1091,865,226
118000145,1093,2286,-1193
118000146,810,1085,-275
118000147,488,1500,-1012
118000148,277,1251,-974
118000149,550,1073,-523
118000150,166,296,-130
118000151,168,385,-217
118000153,501,977,-476
118000154,615,1304,-689
118000155,553,1040,-487
118000156,1648,1718,-70
118000157,257,362,-105
118000158,149,389,-240
118000159,19,66,-47
118000160,302,332,-30
118000161,265,696,-431
118000162,614,707,-93
118000163,391,492,-101
118000164,1570,1011,559
118000168,1025,156,869
118000169,680,1480,-800
118000170,2940,5561,-2621
118000171,149,575,-426
118000172,106,240,-134
118000173,619,958,-339
118000175,140,245,-105
118000176,177,328,-151
118000177,129,431,-302
118000178,94,33,61
118000179,1264,609,655
118000180,500,580,-80
118000181,715,232,483
118000182,208,225,-17
118000183,155,194,-39
118000184,359,821,-462
118000185,758,595,163
118000186,331,608,-277
118000187,647,803,-156
118000188,290,217,73
118000189,171,817,-646
118000190,6,3,3
118000191,10,27,-17
118000192,136,107,29
118000193,66,204,-138
118000194,1455,820,635
118000195,782,423,359
118000196,353,75,278
118000197,165,80,85
118000198,476,285,191
118000199,525,256,269
118000200,41,175,-134
118000201,481,245,236
118000202,64,34,30
118000203,1434,270,1164
118000204,167,198,-31
118000205,596,226,370
118000206,148,172,-24
118000207,0,112,-112
118000208,672,1344,-672
118000209,1048,1700,-652
118000210,21,22,-1
118000211,29,32,-3
118000213,688,652,36
118000214,512,277,235
118000215,153,301,-148
118000216,854,2495,-1641
118000217,14,107,-93
118000218,28,72,-44
118000219,358,299,59
118000220,2,23,-21
118000221,44,229,-185
118000222,31,45,-14
118000223,17,28,-11
118000224,207,55,152
118000225,130,922,-792
118000226,638,106,532
118000227,846,309,537
118000228,111,75,36
118000229,229,30,199
118000230,72,269,-197
118000231,24,161,-137
118000232,370,885,-515
118000233,469,651,-182
118000234,140,240,-100
118000236,170,428,-258
118000237,35,517,-482
118000238,96,270,-174
118000239,136,215,-79
118000240,483,62,421
118000241,44,193,-149
118000242,235,590,-355
118000243,79,159,-80
118000244,8,139,-131
118000246,0,3,-3
118000255,39,127,-88
118000256,69,219,-150
118000259,4,32,-28
118000260,55,95,-40
118000261,11,72,-61
118000263,57,231,-174
118000266,64,453,-389
118000267,0,69,-69
118000268,208,1,207
118000270,30,36,-6
118000271,191,305,-114
118000272,39,21,18
118000273,60,64,-4
118000274,103,329,-226
118000276,160,279,-119
118000295,9,73,-64
118000298,96,407,-311
118000299,49,165,-116
118000301,0,57,-57
118000302,45,83,-38
118000311,105,135,-30
118000312,135,167,-32
118000313,18,130,-112
118000314,37,83,-46
118000315,12,61,-49
118000316,336,510,-174
118000325,22,92,-70
118000326,18,24,-6
118000331,5,40,-35
118000332,4,40,-36
118000333,25,65,-40
118000335,83,2,81
118000336,1,393,-392
118000407,61,61,0
118000457,1,34,-33
118000465,4115,1999,2116
118000480,14,122,-108
118000489,45,139,-94
118000490,85,416,-331
118000492,162,171,-9
118000510,52,6,46
118000514,107,277,-170
118000515,447,348,99
118000517,326,146,180
118000524,568,148,420
118000525,554,709,-155
118000530,6,104,-98
118000531,80,223,-143
118000532,126,194,-68
118000533,276,130,146
118000534,350,262,88
118000535,135,94,41
118000536,838,494,344
118000537,14,59,-45
118000538,29,111,-82
118000539,2,71,-69
118000540,159,190,-31
118000541,125,117,8
118000542,47,130,-83
118000543,146,158,-12
118000546,20,35,-15
118000553,0,1,-1
118000560,3158,740,2418
118000562,16,440,-424
118000563,1458,1225,233
118000576,108,123,-15
118000577,207,187,20
118000578,123,111,12
118000579,759,839,-80
118000583,0,0,0
118000595,80,58,22
118000596,0,59,-59
118000597,177,168,9
118000598,9,0,9
118000599,48,61,-13
118000600,3,12,-9
118000601,2,0,2
118000602,0,14,-14
118000603,0,53,-53
118000605,29,578,-549
118000606,13,48,-35
118900001,1059,585,474
118900002,858,473,385
118900003,109,10,99
118900004,12,59,-47
118900005,41,4,37
118900006,52,1,51
118900007,7,9,-2
118900008,905,30,875
118900009,23,14,9
118900010,36,5,31
118900011,74,14,60
118900012,269,152,117
118900013,637,32,605
118900015,56,19,37
118900016,1,22,-21
118900017,171,168,3
118900018,983,14,969
118900019,51,12,39
118900020,131,97,34
118900021,95,234,-139
118900022,80,86,-6
118900023,75,78,-3
118900024,31,196,-165
118900025,19,19,0
118900026,25,106,-81
118900027,315,199,116
118900028,52,125,-73
118900029,107,456,-349
118900030,131,60,71
118900031,83,102,-19
118900032,83,225,-142
118900033,240,688,-448
118900034,41,9,32
118900035,76,249,-173
118900036,607,582,25
118900037,196,310,-114
118900038,171,321,-150
118900039,170,210,-40
118900040,102,133,-31
118900041,173,191,-18
118900042,100,78,22
118900045,192,137,55
118900046,672,149,523
118900047,695,189,506
118900048,123,180,-57
118900049,49,25,24
118900050,9,201,-192
118900051,93,66,27
118900052,111,233,-122
118900053,12,59,-47
118900054,68,86,-18
118900055,25,147,-122
118900056,106,154,-48
118900057,229,236,-7
118900058,184,423,-239
118900059,24,74,-50
118900060,33,149,-116
118900062,55,192,-137
118900064,613,305,308
118900065,16,125,-109
118900066,57,121,-64
118900067,5316,1832,3484
118900068,1,119,-118
118900069,222,222,0
118900071,0,42,-42
118900072,233,326,-93
118900073,40,114,-74
118900074,56,163,-107
118900075,19,81,-62
118900076,113,66,47
118900077,91,161,-70
118900078,15,3,12
118900079,34,187,-153
118900080,7,79,-72
118900081,23,23,0
118900082,329,131,198
118900083,6,18,-12
118900084,8,25,-17
118900085,348,824,-476
118900086,17,60,-43
118900087,22,152,-130
118900088,1,13,-12
118900089,23,1,22
118900090,209,338,-129
118900091,144,101,43
118900092,49,65,-16
118900093,85,26,59
118900096,94,113,-19
118900097,141,677,-536
118900099,33,273,-240
118900100,101,226,-125
118900101,13,362,-349
118900102,8,45,-37
118900103,20,32,-12
118900104,17,15,2
118900105,85,104,-19
118900107,103,83,20
118900108,37,91,-54
118900110,1473,392,1081
118900111,200,682,-482
118900112,36,99,-63
118900113,48,556,-508
118900114,6,80,-74
118900115,54,248,-194
118900116,69,133,-64
118900117,60,118,-58
118900118,127,434,-307
118900119,66,277,-211
118900120,62,228,-166
118900121,6,283,-277
118900122,4,347,-343
118900123,83,156,-73
118900124,38,153,-115
118900126,16,184,-168
118900129,157,115,42
118900130,54,88,-34
118900131,54,242,-188
118900132,200,112,88
118900133,11,48,-37
118900135,84,171,-87
118900136,113,708,-595
118900137,3,19,-16
118900139,97,673,-576
118900140,312,784,-472
118900141,30,286,-256
118900144,94,591,-497
118900145,21,183,-162
118900146,126,690,-564
118900147,151,114,37
118900148,19,66,-47
118900150,107,318,-211
118900152,262,880,-618
118900157,139,132,7
118900158,37,127,-90
118900159,1,181,-180
118900161,78,1,77
118900163,232,40,192
118900164,5,87,-82
118900165,20,169,-149
118900166,72,4,68
118900167,49,128,-79
118900168,3,41,-38
118900169,104,355,-251
118900170,31,111,-80
118900171,8,10,-2
118900174,34,34,0
118900175,155,301,-146
118900176,42,152,-110
118900177,12,65,-53
118900178,26,87,-61
118900179,0,13,-13
118900181,54,84,-30
118900182,39,33,6
118900183,21,58,-37
118900184,95,29,66
118900185,49,144,-95
118900186,72,70,2
118900187,115,211,-96
118900188,97,212,-115
118900189,22,308,-286
118900190,9,573,-564
118900191,79,43,36
118900192,78,10,68
118900193,146,8,138
118900195,244,764,-520
118900196,14,162,-148
118900197,74,89,-15
118900198,5,48,-43
118900199,15,74,-59
118900200,7,8,-1
118900201,18,6,12
118900202,1,41,-40
118900203,4,37,-33
118900204,3,29,-26
118900205,4,14,-10
118900206,0,18,-18
119000001,716,951,-235
119000002,1329,2362,-1033
119000003,871,1393,-522
119000004,1074,1086,-12
119000005,1103,1279,-176
119000006,1302,1307,-5
119000007,2024,2323,-299
119000008,1174,1875,-701
119000009,2649,2036,613
119000010,6895,3017,3878
119000011,4271,1607,2664
119000012,3929,2420,1509
119000013,1615,999,616
119000014,1723,3073,-1350
119000019,186,127,59
119000020,847,960,-113
119000021,1954,1503,451
119000022,2637,1168,1469
119000023,200,134,66
119000024,1743,4870,-3127
119000025,9916,1037,8879
119000026,226,214,12
119000027,334,240,94
119000028,1804,918,886
119000029,80,225,-145
119000030,320,955,-635
119000031,533,683,-150
119000032,1619,1919,-300
119000033,1188,1467,-279
119000034,753,1022,-269
119000035,15,374,-359
119000036,652,1089,-437
119000037,739,2202,-1463
119000038,73,1209,-1136
119000039,109,244,-135
119000040,970,379,591
119000041,775,987,-212
119000048,3010,4089,-1079
119000049,1067,3633,-2566
119000050,1153,2159,-1006
119000051,1351,830,521
119000052,1808,2731,-923
119000053,1315,1057,258
119000054,2105,3716,-1611
119000055,2100,3450,-1350
119000056,1175,1800,-625
119000057,1004,2391,-1387
119000058,1215,1979,-764
119000059,688,1391,-703
119000060,818,664,154
119000061,635,820,-185
119000062,829,1032,-203
119000063,237,232,5
119000064,1039,1443,-404
119000065,1448,2738,-1290
119000066,1121,785,336
119000067,1524,2506,-982
119000068,812,889,-77
119000069,1113,2326,-1213
119000070,1246,1075,171
119000071,393,736,-343
119000072,5318,3192,2126
119000073,3612,4193,-581
119000074,551,3468,-2917
119000075,626,2217,-1591
119000076,336,800,-464
119000077,467,448,19
119000078,183,378,-195
119000079,53,756,-703
119000080,194,252,-58
119000081,73,288,-215
119000082,266,205,61
119000083,283,311,-28
119000084,215,459,-244
119000085,480,317,163
119000086,227,329,-102
119000087,1471,962,509
119000088,241,191,50
119000089,58,148,-90
119000090,152,163,-11
119000091,124,266,-142
119000092,505,201,304
119000093,3546,3324,222
119000094,1526,4805,-3279
119000095,892,2659,-1767
119000097,2236,1560,676
119000098,512,1185,-673
119000099,1661,1486,175
119000100,1622,1651,-29
119000101,1816,1924,-108
119000102,465,646,-181
119000103,1039,489,550
119000104,2924,1343,1581
119000105,470,769,-299
119000106,144,1922,-1778
119000107,329,425,-96
119000108,160,1349,-1189
119000109,69,248,-179
119000110,255,270,-15
119000111,25,403,-378
119000112,123,77,46
119000113,2016,237,1779
119000114,533,466,67
119000115,160,173,-13
119000116,93,89,4
119000117,57,254,-197
119000118,1,4,-3
119000123,2207,512,1695
119000124,283,220,63
119000125,1390,996,394
119000126,418,1036,-618
119000127,231,854,-623
119000128,13,7,6
119000131,512,1113,-601
119000132,2,2,0
119000133,0,11,-11
119000134,2175,474,1701
119000135,47,202,-155
119000136,87,281,-194
119000137,78,595,-517
119000138,123,478,-355
119000139,124,255,-131
119000140,74,251,-177
119000284,1362,2621,-1259
119000285,2065,1957,108
119000286,6338,4188,2150
119000287,1036,1912,-876
119000288,1361,1658,-297
119000289,2067,3570,-1503
119000290,113,483,-370
119000291,3,317,-314
119000293,75,143,-68
119000294,22,47,-25
119000295,1824,499,1325
119000296,112,103,9
119000302,3873,1236,2637
119000303,151,112,39
119000304,0,0,0
119000314,1237,4878,-3641
119000315,2,707,-705
119000316,42,124,-82
119000317,51,494,-443
119900001,134,692,-558
119900002,47,251,-204
119900003,47,1247,-1200
119900004,275,338,-63
119900005,62,145,-83
119900006,131,344,-213
119900007,612,83,529
119900008,16,15,1
119900009,270,501,-231
119900010,541,808,-267
119900011,12,45,-33
119900012,7,23,-16
119900013,1277,532,745
119900014,391,173,218
119900015,67,8,59
119900016,11,86,-75
119900017,12,40,-28
119900018,1355,203,1152
119900019,12,3,9
119900020,36,114,-78
119900021,63,32,31
119900022,92,220,-128
119900023,760,524,236
119900025,68,29,39
119900026,713,60,653
119900027,1,25,-24
119900028,176,41,135
119900029,1,8,-7
119900030,347,361,-14
119900031,32,168,-136
119900033,1429,121,1308
119900034,130,133,-3
119900037,104,29,75
119900038,56,155,-99
119900039,35,4,31
119900040,44,7,37
119900041,34,43,-9
119900042,44,140,-96
119900043,16,170,-154
119900044,134,268,-134
119900046,43,89,-46
119900047,103,53,50
119900048,29,62,-33
119900049,33,4,29
119900050,40,54,-14
119900051,311,8,303
119900052,33,46,-13
119900053,51,214,-163
119900054,47,1,46
119900055,550,247,303
119900057,52,94,-42
119900058,69,3,66
119900059,65,41,24
119900060,91,5,86
119900061,67,5,62
119900062,24,27,-3
119900063,5,33,-28
119900065,128,10,118
119900067,48,26,22
119900068,169,2,167
119900069,35,6,29
119900070,255,1,254
119900071,224,5,219
119900073,1598,341,1257
119900074,14,8,6
119900075,5588,1662,3926
119900076,118,567,-449
119900077,231,1373,-1142
119900078,236,894,-658
119900079,429,341,88
119900080,186,371,-185
119900081,189,174,15
119900082,480,204,276
119900083,284,95,189
119900084,436,101,335
119900085,118,58,60
119900086,151,1102,-951
119900087,279,178,101
119900088,35,39,-4
119900089,12,573,-561
119900090,234,45,189
119900091,28,1202,-1174
119900092,3,389,-386
119900093,473,79,394
119900094,58,251,-193
119900095,147,48,99
119900096,32,95,-63
119900097,378,141,237
119900098,19,44,-25
119900099,33,230,-197
119900100,2690,1503,1187
119900101,183,680,-497
119900102,25,308,-283
119900103,14,490,-476
119900104,18,232,-214
119900105,417,864,-447
119900106,7,225,-218
119900107,288,3568,-3280
119900108,1686,653,1033
119900109,13,238,-225
119900110,354,690,-336
119900111,24,449,-425
119900112,2915,361,2554
119900113,49,568,-519
119900114,125,1588,-1463
119900115,105,1579,-1474
119900116,93,255,-162
119900117,123,894,-771
119900118,22,1388,-1366
119900119,77,243,-166
119900120,515,686,-171
119900121,94,1533,-1439
119900122,238,414,-176
119900123,137,229,-92
119900124,85,1089,-1004
119900125,51,457,-406
119900126,4667,195,4472
119900127,3160,885,2275
119900128,235,753,-518
119900129,81,918,-837
119900130,59,257,-198
119900131,13,351,-338
119900132,0,479,-479
119900133,11,29,-18
119900134,2353,211,2142
119900135,1,450,-449
119900136,152,546,-394
119900138,298,614,-316
119900139,9,70,-61
119900140,2,171,-169
119900141,120,262,-142
119900142,0,10,-10
119900143,5,172,-167
119900144,2277,225,2052
119900145,42,202,-160
119900146,128,102,26
119900147,2,110,-108
119900148,61,31,30
119900149,1643,1542,101
119900150,137,186,-49
119900151,1157,578,579
119900152,37,430,-393
119900153,59,54,5
119900154,50,995,-945
119900155,15,36,-21
119900156,8,6,2
119900157,33,270,-237
119900158,46,57,-11
119900159,8,1867,-1859
119900160,8,272,-264
119900161,135,258,-123
119900162,507,577,-70
119900163,126,109,17
119900164,0,0,0
119900165,54,257,-203
119900166,37,29,8
119900167,126,137,-11
119900168,302,331,-29
119900169,119,218,-99
119900170,118,121,-3
119900171,402,529,-127
119900172,79,22,57
119900173,5,542,-537
119900174,5,257,-252
119900175,522,640,-118
119900177,17,284,-267
119900178,5,180,-175
119900179,47,162,-115
119900180,595,587,8
119900181,41,28,13
119900182,4,409,-405
119900183,97,1018,-921
119900184,2709,488,2221
119900185,14,79,-65
119900186,30,298,-268
119900187,5,609,-604
119900188,32,305,-273
119900189,314,201,113
119900190,40,108,-68
119900191,173,74,99
119900192,12,223,-211
119900193,138,208,-70
119900194,3,36,-33
119900195,33,186,-153
119900196,1785,444,1341
119900197,64,101,-37
119900198,64,486,-422
119900199,94,16,78
119900200,251,459,-208
119900201,358,185,173
119900202,156,71,85
119900203,98,217,-119
119900204,98,275,-177
119900205,200,647,-447
119900206,52,116,-64
119900208,99,103,-4
119900209,269,608,-339
119900210,17,47,-30
119900211,70,15,55
119900212,77,262,-185
119900213,2,43,-41
119900214,2,105,-103
119900215,32,114,-82
119900216,7,92,-85
119900217,8,64,-56
119900218,14,60,-46
119900219,9,119,-110
119900220,4,131,-127
119900221,8,508,-500
119900222,7,382,-375
119900223,19,144,-125
119900224,6,50,-44
119900225,1462,52,1410
119900226,856,948,-92
119900227,1310,309,1001
119900228,4,252,-248
119900229,186,431,-245
119900230,1159,540,619
119900231,88,214,-126
119900232,170,82,88
119900233,19,2,17
119900234,9,30,-21
119900235,4,21,-17
119900236,10,211,-201
119900237,15,454,-439
119900238,1,82,-81
119900240,38,145,-107
119900241,121,240,-119
119900242,1304,862,442
119900244,589,804,-215
119900245,38,87,-49
119900246,177,308,-131
119900247,15,51,-36
119900248,38,43,-5
119900249,124,48,76
119900253,3832,258,3574
119900254,52,194,-142
119900255,45,406,-361
119900256,161,1448,-1287
119900257,11,2,9
119900258,29,2,27
119900259,4,248,-244
119900260,45,1,44
119900261,112,161,-49
119900262,5,279,-274
119900263,751,350,401
119900264,24,264,-240
119900265,174,326,-152
119900266,90,280,-190
119900267,70,267,-197
119900268,100,270,-170
119900269,234,1291,-1057
119900271,7,75,-68
119900272,77,31,46
119900275,36,2,34
119900276,19,1,18
119900277,6,3,3
119900278,161,65,96
119900279,55,97,-42
119900280,936,164,772
119900281,0,67,-67
119900282,55,26,29
119900283,3,387,-384
119900284,26,133,-107
119900285,17,41,-24
119900286,13,11,2
119900288,4,46,-42
119900289,0,54,-54
119900290,0,39,-39
119900291,0,18,-18
119900292,12,17,-5
119900293,11,85,-74
119900294,9,82,-73
119900295,14,65,-51
119900296,21,265,-244
119900297,0,21,-21
119900298,2,3,-1
119900299,14,187,-173
119900300,71,194,-123
119900301,32,15,17
119900302,14,29,-15
119900303,90,168,-78
119900304,44,18,26
119900305,29,100,-71
119900306,10,0,10
119900307,25,161,-136
119900308,4,17,-13
119900309,3,35,-32
119900310,167,268,-101
119900311,38,181,-143
119900312,32,93,-61
119900313,85,373,-288
119900314,85,244,-159
119900315,444,2597,-2153
119900318,4,12,-8
119900319,2,372,-370
119900320,52,814,-762
119900321,36,1,35
120000001,6487,7446,-959
120000002,1835,3274,-1439
120000003,3342,1933,1409
120000004,2705,2527,178
120000005,4459,2100,2359
120000006,1194,1410,-216
120000007,3198,2314,884
120000008,916,1260,-344
120000009,4620,941,3679
120000010,1427,3126,-1699
120000011,1097,2079,-982
120000012,1237,2750,-1513
120000013,1985,2680,-695
120000014,446,1525,-1079
120000015,2120,1263,857
120000016,2494,2334,160
120000017,1887,1680,207
120000018,4662,6767,-2105
120000019,725,1010,-285
120000020,2727,2134,593
120000021,1760,1725,35
120000022,2576,3142,-566
120000023,809,1479,-670
120000024,1262,2174,-912
120000025,1632,2149,-517
120000026,684,1948,-1264
120000027,1042,1618,-576
120000028,498,310,188
120000029,1602,400,1202
120000030,102,523,-421
120000031,1522,3739,-2217
120000032,9390,3132,6258
120000033,2365,1709,656
120000034,971,2332,-1361
120000035,1074,2306,-1232
120000036,1892,3433,-1541
120000037,506,848,-342
120000038,9841,3022,6819
120000039,335,1017,-682
120000040,50,109,-59
120000041,443,1804,-1361
120000042,1190,4259,-3069
120000043,3880,2537,1343
120000044,2841,1187,1654
120000045,2702,1047,1655
120000046,1463,1593,-130
120000047,1792,2448,-656
120000048,7297,3243,4054
120000049,3103,2575,528
120000050,2640,4497,-1857
120000051,3274,3761,-487
120000052,14062,2590,11472
120000053,946,4775,-3829
120000054,1174,6903,-5729
120000055,999,4663,-3664
120000056,2398,4568,-2170
120000057,1148,734,414
120000058,541,218,323
120000059,51,920,-869
120000061,64,678,-614
120000062,148,239,-91
120000063,1724,3240,-1516
120000064,189,1660,-1471
120000065,300,1854,-1554
120000066,108,466,-358
120000067,23,634,-611
120000068,116,1316,-1200
120000069,394,1606,-1212
120000070,18,1177,-1159
120000071,120,210,-90
120000072,216,482,-266
120000073,277,106,171
120000074,32,71,-39
120000075,265,229,36
120000076,808,333,475
120000077,1051,447,604
120000078,2694,702,1992
120000079,202,755,-553
120000080,160,255,-95
120000081,132,176,-44
120000082,143,220,-77
120000083,99,341,-242
120000084,444,527,-83
120000085,233,480,-247
120000086,249,903,-654
120000087,188,1457,-1269
120000088,539,1487,-948
120000089,652,486,166
120000090,386,550,-164
120000091,470,818,-348
120000092,732,580,152
120000093,200,469,-269
120000094,100,352,-252
120000095,584,843,-259
120000096,149,1223,-1074
120000098,371,941,-570
120000099,131,682,-551
120000100,490,1000,-510
120000101,455,499,-44
120000102,279,472,-193
120000103,694,444,250
120000104,1146,261,885
120000105,1359,340,1019
120000106,1112,372,740
120000107,1786,445,1341
120000108,558,97,461
120000109,492,56,436
120000110,85,979,-894
120000111,95,1523,-1428
120000112,621,4697,-4076
120000113,480,3382,-2902
120000114,658,3004,-2346
120000115,359,2510,-2151
120000116,580,2276,-1696
120000117,1233,1738,-505
120000118,53,53,0
120000119,33,66,-33
120000120,72,49,23
120000121,62,99,-37
120000122,277,200,77
120000123,6074,3117,2957
120000124,282,566,-284
120000125,238,710,-472
120000126,270,666,-396
120000127,2165,648,1517
120000128,4725,1837,2888
120000129,248,334,-86
120000130,682,890,-208
120000131,230,492,-262
120000134,286,1655,-1369
120000135,158,284,-126
120000137,74,2606,-2532
120000138,211,459,-248
120000139,101,1137,-1036
120000140,217,609,-392
120000141,114,571,-457
120000142,197,613,-416
120000143,3,108,-105
120000144,21,2,19
120000145,107,1,106
120000146,2178,952,1226
120000149,435,843,-408
120000150,4968,6587,-1619
120000151,341,447,-106
120000152,233,279,-46
120000153,97,681,-584
120000154,365,347,18
120000155,109,276,-167
120000156,1617,621,996
120000157,647,654,-7
120000158,492,942,-450
120000159,1609,2340,-731
120000160,1665,1158,507
120000161,973,2651,-1678
120000162,61,281,-220
120000163,252,1803,-1551
120000164,197,486,-289
120000165,193,993,-800
120000166,544,563,-19
120000167,12,26,-14
120000168,6,70,-64
120000169,100,202,-102
120000170,142,144,-2
120000171,25,46,-21
120000172,24,29,-5
120000173,2126,195,1931
120000174,519,9,510
120000175,542,6,536
120000176,258,66,192
120000177,927,362,565
120000178,57,3,54
120000179,366,25,341
120000180,347,64,283
120000181,89,76,13
120000182,65,68,-3
120000183,3,127,-124
120000184,105,878,-773
120000186,77,63,14
120000187,104,36,68
120000188,231,32,199
120000190,1092,7,1085
120000191,1666,16,1650
120000192,1631,15,1616
120000193,411,2,409
120000195,46,1,45
120000196,189,22,167
120000197,69,95,-26
120000198,91,187,-96
120000199,37,0,37
120000200,33,0,33
120000201,9,5,4
120000202,1,74,-73
120000203,26,385,-359
120000207,1,97,-96
120000208,10,360,-350
120000209,4,170,-166
120000210,175,125,50
120000211,49,2,47
120000212,49,0,49
120000213,63,557,-494
120000214,2,592,-590
120000215,1,183,-182
120000216,28,8,20
120000217,800,1286,-486
120000218,291,1508,-1217
120000219,17,913,-896
120000220,15,3276,-3261
120000225,525,1,524
120000226,126,4,122
120000227,537,22,515
120000228,7132,1478,5654
120000230,107,12,95
120000231,462,2489,-2027
120000233,111,22,89
120000235,73,865,-792
120000236,369,0,369
120000237,6,2423,-2417
120000238,11,93,-82
120000241,1054,2770,-1716
120000412,1875,12,1863
120000413,114,565,-451
120000414,58,7,51
120000415,1,303,-302
120000416,27,10,17
120000417,3,113,-110
120000418,58,13,45
120000419,14,543,-529
120000420,296,58,238
120000421,13682,5444,8238
120000422,208,368,-160
120000423,1,54,-53
120000424,28,189,-161
120000436,136,371,-235
120000437,205,217,-12
120000438,4977,369,4608
120000439,120,229,-109
120000443,63,0,63
120000444,578,580,-2
120000445,1329,1179,150
120000446,1064,419,645
120000447,56,4,52
120000449,80,17,63
120000450,9,440,-431
120000451,94,244,-150
120000452,7,2,5
120000453,2,403,-401
120000454,114,115,-1
120000455,46,57,-11
120000456,2884,2150,734
120000457,1158,995,163
120000458,497,781,-284
120000459,50,97,-47
120000665,790,113,677
120000668,56,181,-125
120000669,61,481,-420
120000670,163,351,-188
120000671,556,260,296
120000672,93,491,-398
120900001,67,33,34
120900002,321,208,113
120900003,128,23,105
120900004,4,40,-36
120900005,2,1758,-1756
120900006,164,162,2
120900007,88,149,-61
120900008,153,1429,-1276
120900009,273,79,194
120900010,203,43,160
120900011,446,100,346
120900012,1022,660,362
120900013,156,36,120
120900014,1,766,-765
120900015,243,62,181
120900016,337,71,266
120900017,3579,88,3491
120900018,31,535,-504
120900019,293,103,190
120900020,652,565,87
120900021,295,83,212
120900022,28,431,-403
120900023,87,40,47
120900024,1173,380,793
120900025,2095,842,1253
120900026,57,168,-111
120900027,408,89,319
120900028,149,36,113
120900029,72,204,-132
120900030,580,429,151
120900031,108,21,87
120900032,382,157,225
120900033,466,32,434
120900034,32,1327,-1295
120900035,24,44,-20
120900037,51,1,50
120900038,39,141,-102
120900039,53,22,31
120900040,110,3,107
120900041,136,20,116
120900042,123,49,74
120900043,20,7,13
120900044,7,384,-377
120900045,86,113,-27
120900046,218,18,200
120900047,87,38,49
120900048,52,7,45
120900049,179,2,177
120900050,4274,991,3283
120900051,138,125,13
120900052,196,1,195
120900053,57,76,-19
120900054,1341,806,535
120900055,182,11,171
120900056,246,12,234
120900057,65,11,54
120900058,212,1,211
120900059,37,0,37
120900060,14,31,-17
120900061,209,338,-129
120900062,71,2,69
120900063,256,2,254
120900064,153,0,153
120900065,202,0,202
120900066,132,371,-239
120900067,186,46,140
120900068,55,0,55
120900069,80,102,-22
120900071,3,0,3
120900072,292,2,290
120900073,271,282,-11
120900074,340,8,332
120900076,132,26,106
120900077,3481,161,3320
120900078,312,890,-578
120900079,225,109,116
120900080,313,3032,-2719
120900081,280,1321,-1041
120900082,499,211,288
120900083,143,133,10
120900084,148,230,-82
120900085,201,112,89
120900086,143,143,0
120900087,172,72,100
120900088,81,189,-108
120900089,5162,1317,3845
120900090,55,185,-130
120900091,364,245,119
120900092,858,811,47
120900093,4787,275,4512
120900094,495,202,293
120900095,147,39,108
120900096,23,107,-84
120900097,567,1261,-694
120900098,273,212,61
120900099,34,61,-27
120900100,53,376,-323
120900101,532,380,152
120900102,13,97,-84
120900103,36,115,-79
120900104,18,22,-4
120900105,41,1159,-1118
120900106,1311,627,684
120900107,395,153,242
120900108,8,1398,-1390
120900109,23,948,-925
120900110,14,458,-444
120900111,117,431,-314
120900112,3,1668,-1665
120900113,23,1185,-1162
120900114,29,246,-217
120900115,138,211,-73
120900116,97,772,-675
120900117,0,653,-653
120900118,10,1169,-1159
120900119,3082,2889,193
120900120,27,741,-714
120900121,63,445,-382
120900122,138,817,-679
120900123,3,724,-721
120900124,1,968,-967
120900125,4,1125,-1121
120900126,1367,870,497
120900127,4,765,-761
120900128,880,1038,-158
120900129,58,452,-394
120900130,6,384,-378
120900131,14,67,-53
120900132,350,360,-10
120900133,153,1186,-1033
120900134,483,463,20
120900135,5,886,-881
120900136,19,37,-18
120900137,58,76,-18
120900138,25,229,-204
120900139,4,1112,-1108
120900140,3,53,-50
120900141,48,76,-28
120900142,20,883,-863
120900143,3,1106,-1103
120900144,0,224,-224
120900145,47,1093,-1046
120900146,2,1240,-1238
120900147,0,363,-363
120900148,72,131,-59
120900149,3,463,-460
120900150,21,700,-679
120900151,4,857,-853
120900152,1,52,-51
120900153,9,59,-50
120900154,1,356,-355
120900155,75,1374,-1299
120900156,31,482,-451
120900157,19,224,-205
120900158,24,629,-605
120900159,69,609,-540
120900160,13,364,-351
120900161,15,697,-682
120900162,12,872,-860
120900163,22,137,-115
120900164,0,2,-2
120900165,2,1,1
120900166,20,92,-72
120900167,176,60,116
120900169,27,560,-533
120900170,2704,1371,1333
120900171,1168,384,784
120900172,810,152,658
120900173,0,53,-53
120900174,0,126,-126
120900175,270,222,48
120900176,6,174,-168
120900177,0,343,-343
120900178,0,190,-190
120900179,914,434,480
120900180,75,68,7
120900181,31,83,-52
120900182,6,303,-297
120900183,320,55,265
120900184,135,79,56
120900185,4,340,-336
120900186,1,590,-589
120900187,186,555,-369
120900188,66,9,57
120900189,131,445,-314
120900190,23,10,13
120900191,2,34,-32
120900192,13943,2412,11531
120900194,8,77,-69
120900195,74,271,-197
120900196,283,49,234
120900197,327,42,285
120900198,172,700,-528
120900199,142,173,-31
120900200,148,79,69
120900201,704,139,565
120900202,0,236,-236
120900203,14,39,-25
120900204,245,428,-183
120900205,80,116,-36
120900206,10,19,-9
120900207,41,1286,-1245
121000001,844,886,-42
121000002,1748,952,796
121000003,3391,1602,1789
121000004,2011,2742,-731
121000005,1839,2368,-529
121000006,2374,1042,1332
121000007,2627,2451,176
121000008,4353,2279,2074
121000009,5560,4186,1374
121000010,7658,3037,4621
121000011,8568,8354,214
121000012,12712,6246,6466
121000013,4469,5778,-1309
121000014,5769,4892,877
121000015,3515,4800,-1285
121000016,3911,2739,1172
121000017,1249,3010,-1761
121000018,1660,1432,228
121000019,17996,7431,10565
121000020,11355,6533,4822
121000021,2153,2577,-424
121000022,953,1337,-384
121000023,3056,2598,458
121000024,2040,2468,-428
121000025,508,691,-183
121000026,257,111,146
121000027,1204,680,524
121000028,528,363,165
121000029,627,614,13
121000030,327,310,17
121000031,444,526,-82
121000032,223,53,170
121000034,241,107,134
121000035,88,87,1
121000036,1048,682,366
121000037,523,527,-4
121000038,483,422,61
121000039,275,197,78
121000041,284,383,-99
121000042,182,285,-103
121000043,622,549,73
121000044,1631,536,1095
121000045,244,276,-32
121000046,248,611,-363
121000047,25,53,-28
121000049,1483,535,948
121000050,251,866,-615
121000051,520,267,253
121000052,180,484,-304
121000053,282,69,213
121000054,42,166,-124
121000055,1307,978,329
121000056,715,952,-237
121000057,123,228,-105
121000058,346,77,269
121000059,1448,783,665
121000060,377,581,-204
121000061,80,148,-68
121000062,87,162,-75
121000063,532,357,175
121000064,485,557,-72
121000065,340,311,29
121000066,535,391,144
121000067,859,260,599
121000068,415,240,175
121000069,336,216,120
121000070,1366,1063,303
121000071,721,687,34
121000072,940,619,321
121000073,653,532,121
121000074,61,100,-39
121000075,29,23,6
121000076,860,281,579
121000077,81,64,17
121000078,73,115,-42
121000080,2219,531,1688
121000081,2126,1702,424
121000082,106,193,-87
121000083,202,99,103
121000084,171,73,98
121000085,315,326,-11
121000086,123,791,-668
121000087,51,261,-210
121000088,335,517,-182
121000089,368,244,124
121000090,288,263,25
121000091,1396,602,794
121000092,117,87,30
121000093,120,191,-71
121000094,444,359,85
121000095,207,413,-206
121000096,2017,2050,-33
121000097,1067,1263,-196
121000098,246,1143,-897
121000099,286,809,-523
121000100,454,572,-118
121000101,121,246,-125
121000102,62,358,-296
121000103,55,291,-236
121000104,123,170,-47
121000105,201,211,-10
121000106,128,340,-212
121000107,1762,3423,-1661
121000109,1104,904,200
121000110,237,390,-153
121000114,2157,1934,223
121000115,575,658,-83
121000116,405,731,-326
121000117,925,247,678
121000118,998,254,744
121000119,175,246,-71
121000120,138,415,-277
121000121,258,679,-421
121000123,1168,557,611
121000127,76,105,-29
121000128,428,515,-87
121000129,330,454,-124
121000130,304,779,-475
121000131,1573,1041,532
121000132,1089,962,127
121000135,298,158,140
121000136,598,418,180
121000137,432,165,267
121000138,623,580,43
121000139,347,74,273
121000141,161,80,81
121000142,601,387,214
121000143,134,19,115
121000144,997,681,316
121000145,308,1064,-756
121000146,914,742,172
121000147,424,362,62
121000148,553,865,-312
121000149,1493,1006,487
121000152,319,461,-142
121000153,1264,410,854
121000154,593,427,166
121000155,791,846,-55
121000156,284,721,-437
121000157,1329,1617,-288
121000158,312,556,-244
121000159,106,496,-390
121000160,221,589,-368
121000161,97,306,-209
121000162,11,233,-222
121000165,1425,1496,-71
121000166,21,513,-492
121000168,160,190,-30
121000169,40,128,-88
121000170,162,65,97
121000171,27,121,-94
121000172,368,368,0
121000173,869,590,279
121000174,133,363,-230
121000175,430,480,-50
121000176,263,269,-6
121000177,496,543,-47
121000178,68,53,15
121000179,97,45,52
121000181,367,270,97
121000182,81,94,-13
121000183,19,75,-56
121000184,31,45,-14
121000185,9,102,-93
121000186,72,209,-137
121000187,98,256,-158
121000188,48,235,-187
121000192,432,288,144
121000193,407,322,85
121000194,2098,1630,468
121000195,343,858,-515
121000196,696,187,509
121000197,231,616,-385
121000198,212,57,155
121000199,81,472,-391
121000200,200,61,139
121000201,11,197,-186
121000202,409,67,342
121000203,546,2079,-1533
121000204,1469,495,974
121000205,160,207,-47
121000206,84,17,67
121000207,1163,410,753
121000208,16,351,-335
121000209,128,451,-323
121000210,179,564,-385
121000211,145,97,48
121000212,157,701,-544
121000213,7663,2039,5624
121000214,702,1393,-691
121000215,937,619,318
121000216,275,358,-83
121000217,3158,1845,1313
121000218,430,1471,-1041
121000219,1138,258,880
121000220,291,87,204
121000221,123,167,-44
121000222,2232,1925,307
121000223,502,305,197
121000224,300,108,192
121000225,1271,798,473
121000226,2511,562,1949
121000227,10,224,-214
121000228,17,779,-762
121000229,77,443,-366
121000230,73,1659,-1586
121000231,385,19,366
121000232,343,175,168
121000233,352,299,53
121000234,5,18,-13
121000235,62,69,-7
121000236,8,36,-28
121000237,55,25,30
121000238,2,58,-56
121000239,11,1,10
121000240,4,166,-162
121000241,113,11,102
121000242,89,153,-64
121000243,622,84,538
121000244,1,49,-48
121000245,5,15,-10
121000246,1,84,-83
121000247,18,10,8
121000248,507,695,-188
121000249,89,196,-107
121000250,189,64,125
121000251,19,586,-567
121000252,40,20,20
121000253,185,531,-346
121000254,337,233,104
121000255,122,131,-9
121000256,142,156,-14
121000257,47,56,-9
121000258,48,67,-19
121000259,50,32,18
121000260,42,86,-44
121000261,28,34,-6
121000262,852,495,357
121000263,293,415,-122
121000271,170,1581,-1411
121000273,65,7,58
121000274,3,25,-22
121000275,3,31,-28
121000276,1,8,-7
121000278,16,34,-18
121000279,30,17,13
121000280,36,32,4
121000289,219,25,194
121000290,1024,557,467
121000294,48,243,-195
121000297,802,779,23
121000299,87,238,-151
121000300,493,325,168
121000302,66,552,-486
121000303,339,292,47
121000304,370,39,331
121000305,90,33,57
121000306,60,100,-40
121000308,141,285,-144
121000309,315,545,-230
121000310,86,334,-248
121000311,45,644,-599
121000312,198,154,44
121000313,375,321,54
121000314,145,76,69
121000315,52,105,-53
121000530,594,1165,-571
121000531,937,1252,-315
121000532,4460,3526,934
121000533,1988,2093,-105
121000918,17,231,-214
121000919,10,43,-33
121000938,210,173,37
121000939,281,124,157
121000956,474,1230,-756
121000957,0,16,-16
121000958,49,26,23
121000959,300,1057,-757
121000960,1474,1947,-473
121000961,121,61,60
121000962,362,724,-362
121000963,0,0,0
121000973,1,386,-385
121000976,3,123,-120
121000979,187,54,133
121000981,241,120,121
121000982,124,232,-108
121000983,254,418,-164
121000984,5,43,-38
121000985,239,728,-489
121000986,103,346,-243
121000987,155,1567,-1412
121000988,304,100,204
121001302,241,117,124
121001308,2,8,-6
121001309,87,31,56
121001313,55,332,-277
121001314,3104,3555,-451
121001315,3508,1390,2118
121001326,278,310,-32
121900001,48,132,-84
121900002,43,21,22
121900003,297,7,290
121900004,91,285,-194
121900005,15,2,13
121900006,54,8,46
121900007,1622,1502,120
121900008,461,70,391
121900009,405,16,389
121900010,197,3,194
121900011,114,309,-195
121900012,2,0,2
121900013,1267,59,1208
121900014,792,329,463
121900015,139,161,-22
121900016,6,43,-37
121900017,209,448,-239
121900018,245,6,239
121900019,158,181,-23
121900020,15,5,10
121900021,791,13,778
121900022,137,146,-9
121900023,59,306,-247
121900024,370,76,294
121900025,294,270,24
121900026,217,42,175
121900027,106,102,4
121900028,168,12,156
121900029,66,149,-83
121900030,387,378,9
121900031,837,3460,-2623
121900032,51,55,-4
121900033,136,102,34
121900034,165,53,112
121900035,1757,1197,560
121900036,55,282,-227
121900037,106,405,-299
121900038,9,114,-105
121900039,266,21,245
121900040,17,56,-39
121900041,74,114,-40
121900042,149,100,49
121900043,0,6,-6
121900044,225,33,192
121900046,142,129,13
121900047,52,53,-1
121900048,22,101,-79
121900050,7,40,-33
121900051,72,139,-67
121900052,51,35,16
121900053,174,161,13
121900054,464,565,-101
121900055,4,22,-18
121900058,107,159,-52
121900059,176,95,81
121900060,33,231,-198
121900061,99,125,-26
121900062,59,52,7
121900063,421,258,163
121900064,65,555,-490
121900066,18,17,1
121900067,22,17,5
121900069,156,98,58
121900070,159,85,74
121900071,105,197,-92
121900072,17,191,-174
121900073,169,120,49
121900074,517,331,186
121900075,470,214,256
121900076,203,460,-257
121900078,29,27,2
121900079,0,0,0
121900080,324,352,-28
121900082,10,72,-62
121900084,4,299,-295
121900086,9,34,-25
121900087,134,100,34
121900088,1561,1457,104
121900089,78,347,-269
121900090,10,102,-92
121900091,15,109,-94
121900092,55,112,-57
121900093,44,45,-1
121900094,16,9,7
121900095,108,76,32
121900096,1037,310,727
121900097,168,79,89
121900098,1,0,1
121900099,112,64,48
121900100,120,133,-13
121900101,60,48,12
121900102,16,103,-87
121900103,318,190,128
121900104,631,230,401
121900105,47,67,-20
121900106,3,2,1
121900107,4,18,-14
121900108,0,20,-20
121900109,291,107,184
121900110,154,1178,-1024
121900111,542,60,482
121900112,71,80,-9
121900113,34,145,-111
121900114,8,35,-27
121900117,44,15,29
121900118,1754,249,1505
121900119,76,132,-56
121900120,20,1156,-1136
121900121,374,42,332
121900122,12,36,-24
121900123,123,361,-238
121900124,72,175,-103
121900125,603,638,-35
121900127,12,47,-35
121900128,52,128,-76
121900129,901,72,829
121900130,89,179,-90
121900131,182,74,108
121900132,28,91,-63
121900133,71,268,-197
121900134,25,85,-60
121900135,1603,165,1438
121900136,150,372,-222
121900137,29,267,-238
121900138,37,164,-127
121900139,305,389,-84
121900140,29,110,-81
121900141,31,7,24
121900142,62,118,-56
121900143,16,82,-66
121900144,161,249,-88
121900145,134,110,24
121900146,411,578,-167
121900147,42,137,-95
121900148,90,170,-80
121900149,282,559,-277
121900150,75,87,-12
121900151,52,174,-122
121900152,41,133,-92
121900153,83,358,-275
121900154,11,123,-112
121900155,2,57,-55
121900156,93,83,10
121900157,4,413,-409
121900158,37,68,-31
121900159,0,175,-175
121900160,41,173,-132
121900161,417,253,164
121900162,154,84,70
121900163,84,546,-462
121900164,253,166,87
121900165,110,154,-44
121900166,109,144,-35
121900167,113,54,59
121900168,174,100,74
121900169,2,291,-289
121900170,0,138,-138
121900171,346,390,-44
121900172,199,258,-59
121900173,597,125,472
121900174,11,23,-12
121900175,75,127,-52
121900176,373,1414,-1041
121900177,96,51,45
121900178,32,56,-24
121900179,160,104,56
121900180,4317,1910,2407
121900182,455,229,226
121900183,336,308,28
121900184,41,335,-294
121900186,5,280,-275
121900187,17,98,-81
121900188,356,322,34
121900189,18,73,-55
121900190,99,371,-272
121900191,25,129,-104
121900192,341,449,-108
121900193,14,160,-146
121900194,4,118,-114
121900195,67,44,23
121900196,552,534,18
121900197,265,1596,-1331
121900198,753,793,-40
121900199,0,13,-13
121900200,62,177,-115
121900201,835,484,351
121900202,81,242,-161
121900203,196,577,-381
121900204,897,658,239
121900205,7,80,-73
121900206,12,9,3
121900207,123,23,100
121900208,195,237,-42
121900209,26,18,8
121900210,892,713,179
121900211,212,509,-297
121900212,123,82,41
121900213,50,79,-29
121900214,3,292,-289
121900215,31,60,-29
121900216,21,44,-23
121900217,236,50,186
121900218,185,278,-93
121900220,123,9,114
121900221,150,406,-256
121900222,61,128,-67
121900223,83,69,14
121900224,42,39,3
121900225,101,66,35
121900226,164,249,-85
121900227,65,262,-197
121900228,117,228,-111
121900230,53,55,-2
121900231,219,238,-19
121900232,169,304,-135
121900233,207,177,30
121900234,126,258,-132
121900235,173,211,-38
121900236,207,109,98
121900237,130,186,-56
121900238,99,126,-27
121900239,59,23,36
121900240,114,75,39
121900241,14,43,-29
121900242,1,0,1
121900243,2,0,2
121900244,1,0,1
121900245,147,109,38
121900246,961,307,654
121900248,939,497,442
121900250,144,180,-36
121900251,233,16,217
121900252,440,108,332
121900253,108,771,-663
121900254,420,180,240
121900255,150,51,99
121900258,1851,1295,556
121900259,300,300,0
121900260,25,160,-135
121900261,116,276,-160
121900262,305,476,-171
121900263,83,222,-139
121900264,1833,859,974
121900265,117,273,-156
121900266,118,192,-74
121900267,28,17,11
121900269,77,235,-158
121900270,10,116,-106
121900271,16,92,-76
121900273,322,1118,-796
121900274,142,173,-31
121900277,239,1148,-909
121900278,90,582,-492
121900279,140,211,-71
121900280,95,193,-98
121900281,246,66,180
121900284,27,14,13
121900286,57,117,-60
121900287,7,16,-9
121900288,2,1,1
121900290,119,175,-56
121900291,332,443,-111
121900292,155,128,27
121900293,633,2457,-1824
121900294,195,2,193
121900295,55,170,-115
121900296,36,15,21
121900298,350,318,32
121900299,0,0,0
121900300,27,1,26
121900301,13,6,7
121900302,0,42,-42
121900303,166,426,-260
121900304,1,3,-2
121900305,2,3,-1
121900306,47,1,46
121900307,19,16,3
121900308,10,350,-340
121900309,6,198,-192
121900310,15,415,-400
121900311,166,10,156
121900312,73,6,67
121900313,145,11,134
121900314,0,54,-54
121900315,5,1,4
121900316,0,18,-18
121900317,0,1,-1
121900318,2,12,-10
121900319,11,34,-23
121900320,52,73,-21
121900321,7,2,5
121900322,1,18,-17
121900323,15,5,10
121900324,4,54,-50
121900325,10,2,8
121900326,0,13,-13
121900327,1,52,-51
121900328,2,18,-16
121900329,2,202,-200
121900330,3,26,-23
121900331,101,3,98
121900332,39,13,26
121900333,19,5,14
121900334,114,45,69
122000001,2073,2757,-684
122000002,4546,1198,3348
122000003,1839,1190,649
122000004,2936,937,1999
122000005,2506,839,1667
122000006,2095,434,1661
122000007,1153,928,225
122000008,5020,3032,1988
122000009,440,190,250
122000010,1721,1655,66
122000011,2347,756,1591
122000012,991,780,211
122000013,1888,1077,811
122000014,1180,1785,-605
122000015,1325,749,576
122000016,417,710,-293
122000017,851,971,-120
122000018,1098,848,250
122000019,627,1120,-493
122000020,100,154,-54
122000021,344,357,-13
122000022,965,1143,-178
122000023,399,2094,-1695
122000024,912,664,248
122000025,1345,748,597
122000026,1851,591,1260
122000027,580,3801,-3221
122000028,646,276,370
122000029,302,163,139
122000030,305,87,218
122000031,107,181,-74
122000032,1186,2335,-1149
122000033,749,641,108
122000034,461,393,68
122000035,293,588,-295
122000036,319,475,-156
122000037,287,199,88
122000038,302,300,2
122000039,589,432,157
122000040,300,269,31
122000041,346,403,-57
122000042,209,341,-132
122000043,114,94,20
122000044,102,123,-21
122000045,981,426,555
122000046,580,750,-170
122000047,234,159,75
122000048,2327,3267,-940
122000049,4036,1720,2316
122000050,1313,477,836
122000051,354,489,-135
122000052,472,255,217
122000053,140,371,-231
122000054,2035,1364,671
122000055,1984,1807,177
122000056,7022,2613,4409
122000057,4032,2008,2024
122000058,3914,947,2967
122000059,3133,1061,2072
122000060,870,397,473
122000061,694,276,418
122000062,1211,285,926
122000063,1426,339,1087
122000064,2625,2613,12
122000065,4581,2387,2194
122000066,584,455,129
122000067,1352,1117,235
122000068,597,1127,-530
122000069,702,587,115
122000070,404,2579,-2175
122000071,635,1287,-652
122000072,321,219,102
122000073,404,346,58
122000074,1430,935,495
122000075,385,987,-602
122000076,1277,806,471
122000077,1198,507,691
122000078,3002,1369,1633
122000079,1605,555,1050
122000080,912,245,667
122000081,182,300,-118
122000082,909,502,407
122000083,1040,3009,-1969
122000084,692,607,85
122000085,160,1178,-1018
122000086,1656,3940,-2284
122000087,342,151,191
122000088,194,200,-6
122000089,4813,2256,2557
122000090,150,292,-142
122000091,187,72,115
122000092,134,11,123
122000093,1207,742,465
122000094,6321,1086,5235
122000095,3048,1629,1419
122000096,2662,1104,1558
122000098,3250,1054,2196
122000099,2285,381,1904
122000100,1095,472,623
122000101,177,662,-485
122000102,1238,806,432
122000103,1220,1128,92
122000104,156,132,24
122000105,219,199,20
122000106,373,371,2
122000107,678,375,303
122000108,335,660,-325
122000109,295,294,1
122000110,230,497,-267
122000111,2032,911,1121
122000112,508,1044,-536
122000113,353,464,-111
122000114,2808,1130,1678
122000115,1321,1032,289
122000116,318,346,-28
122000117,724,215,509
122000118,255,397,-142
122000119,2922,1054,1868
122000120,2177,1756,421
122000121,2490,1650,840
122000122,635,923,-288
122000123,1735,941,794
122000124,821,306,515
122000125,383,495,-112
122000126,460,543,-83
122000127,1278,601,677
122000128,513,633,-120
122000129,260,506,-246
122000130,1787,437,1350
122000131,1100,531,569
122000132,691,305,386
122000133,772,1495,-723
122000134,369,420,-51
122000135,496,651,-155
122000136,305,188,117
122000137,687,562,125
122000139,1212,1863,-651
122000140,1032,360,672
122000141,3545,625,2920
122000142,476,450,26
122000143,284,224,60
122000144,1417,659,758
122000145,1079,502,577
122000146,460,647,-187
122000147,633,280,353
122000148,2898,876,2022
122000149,1901,827,1074
122000150,919,630,289
122000151,220,256,-36
122000152,383,221,162
122000153,435,221,214
122000154,245,140,105
122000155,1204,1447,-243
122000156,1805,1345,460
122000157,1688,893,795
122000158,272,377,-105
122000159,870,1082,-212
122000160,3286,752,2534
122000161,859,411,448
122000162,1965,908,1057
122000163,240,46,194
122000164,42,59,-17
122000165,647,565,82
122000166,712,878,-166
122000167,197,176,21
122000168,154,460,-306
122000169,397,123,274
122000170,212,237,-25
122000171,50,62,-12
122000172,1209,1284,-75
122000173,1195,1768,-573
122000174,1567,692,875
122000175,974,236,738
122000176,265,609,-344
122000177,1206,1063,143
122000178,2604,1944,660
122000179,1631,2281,-650
122000180,1451,645,806
122000181,1439,2032,-593
122000182,1864,831,1033
122000183,1362,862,500
122000184,2245,1246,999
122000185,1134,1005,129
122000186,467,761,-294
122000187,1391,854,537
122000188,437,169,268
122000189,205,268,-63
122000190,885,821,64
122000191,760,339,421
122000192,742,274,468
122000193,240,503,-263
122000194,639,113,526
122000195,126,363,-237
122000196,698,477,221
122000197,438,507,-69
122000198,451,856,-405
122000199,392,277,115
122000200,1345,422,923
122000201,1118,1226,-108
122000202,907,949,-42
122000203,1819,1160,659
122000204,1083,1526,-443
122000205,1362,935,427
122000206,1928,606,1322
122000207,955,911,44
122000208,1521,1275,246
122000209,1937,378,1559
122000210,1380,1546,-166
122000211,820,990,-170
122000212,478,396,82
122000213,667,957,-290
122000214,1307,1176,131
122000215,1390,1046,344
122000217,1618,1089,529
122000218,577,38,539
122000219,998,816,182
122000220,298,597,-299
122000221,86,312,-226
122000222,400,69,331
122000223,946,318,628
122000225,494,169,325
122000226,824,1402,-578
122000227,354,1359,-1005
122000228,240,361,-121
122000229,25,318,-293
122000230,39,581,-542
122000231,142,582,-440
122000232,348,917,-569
122000233,1,130,-129
122000234,105,153,-48
122000235,306,180,126
122000236,375,150,225
122000237,85,34,51
122000238,104,139,-35
122000239,352,85,267
122000240,612,219,393
122000241,478,307,171
122000242,227,88,139
122000243,119,82,37
122000244,47,502,-455
122000245,56,336,-280
122000246,128,116,12
122000247,291,769,-478
122000248,1226,1663,-437
122000249,325,414,-89
122000250,1088,514,574
122000251,189,357,-168
122000252,403,47,356
122000253,17,212,-195
122000254,121,56,65
122000255,527,1461,-934
122000256,293,1073,-780
122000257,103,340,-237
122000258,84,183,-99
122000259,17,514,-497
122000260,5,108,-103
122000261,3,191,-188
122000262,1,61,-60
122000263,61,83,-22
122000264,426,301,125
122000265,1576,551,1025
122000266,3769,433,3336
122000267,36,93,-57
122000268,94,336,-242
122000269,508,215,293
122000270,720,96,624
122000271,224,894,-670
122000272,205,792,-587
122000273,207,444,-237
122000274,86,201,-115
122000275,19,119,-100
122000276,252,520,-268
122000277,466,1186,-720
122000278,480,792,-312
122000279,117,433,-316
122000280,528,686,-158
122000281,424,571,-147
122000282,93,95,-2
122000283,270,39,231
122000284,67,82,-15
122000285,326,92,234
122000286,63,165,-102
122000287,592,1006,-414
122000288,233,225,8
122000291,683,366,317
122000293,378,284,94
122000294,81,152,-71
122000295,1114,151,963
122000296,44,391,-347
122000297,2661,1758,903
122000299,282,386,-104
122000300,473,477,-4
122000301,12208,2291,9917
122000302,734,580,154
122000303,3618,1055,2563
122000304,31,114,-83
122000305,491,737,-246
122000306,12,734,-722
122000307,83,96,-13
122000309,73,78,-5
122000310,26,18,8
122000311,108,63,45
122000312,115,42,73
122000313,50,31,19
122000314,109,150,-41
122000315,187,15,172
122000316,254,168,86
122000317,640,174,466
122000318,187,224,-37
122000319,362,491,-129
122000320,279,2096,-1817
122000321,102,255,-153
122000322,2604,2077,527
122000323,1381,1290,91
122000324,1271,1098,173
122000325,759,767,-8
122000326,9,128,-119
122000327,164,377,-213
122000328,856,661,195
122000330,1555,534,1021
122000332,148,256,-108
122000333,3,210,-207
122000337,528,1548,-1020
122000338,218,413,-195
122000340,384,271,113
122000342,2239,892,1347
122000343,384,1406,-1022
122000344,30,25,5
122000345,3,72,-69
122000346,227,521,-294
122000348,298,661,-363
122000349,101,516,-415
122000351,118,195,-77
122000352,154,48,106
122000353,40,156,-116
122000355,93,105,-12
122000356,1262,592,670
122000357,37,8,29
122000358,0,78,-78
122000359,0,28,-28
122000360,0,27,-27
122000362,9,120,-111
122000364,67,392,-325
122000365,1,19,-18
122000366,11,5,6
122000368,402,671,-269
122000370,8,74,-66
122000371,6,0,6
122000372,0,0,0
122000381,43,305,-262
122000382,38,202,-164
122000384,3900,1747,2153
122000385,16,0,16
122000386,465,599,-134
122000387,416,472,-56
122000388,1249,281,968
122000389,154,700,-546
122000390,276,213,63
122000391,206,76,130
122000392,102,186,-84
122000393,12,167,-155
122000394,211,294,-83
122000395,75,174,-99
122000396,175,120,55
122000397,27,51,-24
122000398,17,67,-50
122000399,59,86,-27
122000400,133,186,-53
122000401,65,89,-24
122000402,158,85,73
122000403,253,1075,-822
122000404,69,298,-229
122000408,862,1082,-220
122000503,9,70,-61
122000524,173,59,114
122000544,25,1677,-1652
122000614,372,177,195
122000616,449,3,446
122000640,38,252,-214
122000641,54,475,-421
122000642,657,1098,-441
122000643,9,77,-68
122000644,186,36,150
122000645,112,179,-67
122000651,1628,537,1091
122000664,107,26,81
122000665,809,485,324
122000666,470,884,-414
122000673,12,337,-325
122000674,66,45,21
122000675,970,941,29
122000686,217,1146,-929
122000687,463,289,174
122000688,108,754,-646
122000689,276,634,-358
122000690,407,590,-183
122000691,315,2381,-2066
122000692,604,320,284
122000693,246,1498,-1252
122000695,93,464,-371
122000696,109,364,-255
122000698,133,901,-768
122000699,104,39,65
122000701,915,336,579
122000702,374,2087,-1713
122000703,91,52,39
122000712,0,0,0
122000717,272,49,223
122000718,1047,791,256
122000719,39,42,-3
122000720,162,278,-116
122000724,220,340,-120
122900001,36,3,33
122900002,886,1521,-635
122900003,212,26,186
122900004,501,14,487
122900005,32,34,-2
122900006,513,171,342
122900007,87,22,65
122900008,522,64,458
122900009,466,224,242
122900010,106,122,-16
122900012,178,247,-69
122900014,80,221,-141
122900015,1864,290,1574
122900016,64,324,-260
122900017,368,553,-185
122900018,145,4,141
122900019,11,104,-93
122900020,300,331,-31
122900021,35,521,-486
122900022,263,760,-497
122900023,108,172,-64
122900024,61,90,-29
122900025,11,121,-110
122900026,112,295,-183
122900027,34,591,-557
122900028,62,101,-39
122900029,3581,2095,1486
122900030,1017,382,635
122900031,72,96,-24
122900032,73,169,-96
122900033,85,121,-36
122900034,2799,3217,-418
122900035,61,43,18
122900036,20,126,-106
122900037,230,104,126
122900038,89,1318,-1229
122900039,65,327,-262
122900040,168,296,-128
122900041,107,191,-84
122900042,117,258,-141
122900043,295,160,135
122900044,59,243,-184
122900045,91,91,0
122900046,62,64,-2
122900047,220,122,98
122900048,19,133,-114
122900049,1366,83,1283
122900051,110,76,34
122900052,35,82,-47
122900053,11,13,-2
122900055,260,84,176
122900057,230,17,213
122900061,224,135,89
122900062,194,310,-116
122900063,113,309,-196
122900064,774,529,245
122900065,248,114,134
122900066,284,166,118
122900067,1270,658,612
122900069,120,922,-802
122900070,164,37,127
122900071,87,417,-330
122900073,54,230,-176
122900074,131,651,-520
122900075,2,48,-46
122900076,10,212,-202
122900077,1,172,-171
122900078,52,128,-76
122900080,66,12,54
122900081,111,117,-6
122900082,573,167,406
122900083,151,61,90
122900084,4,202,-198
122900086,2,17,-15
122900087,118,502,-384
122900088,61,54,7
122900089,5,205,-200
122900090,7,624,-617
122900091,73,0,73
122900092,42,299,-257
122900093,0,313,-313
122900094,6,209,-203
122900095,71,1,70
122900096,260,348,-88
122900097,18,21,-3
122900098,82,83,-1
122900099,24,4,20
122900100,281,185,96
122900101,541,121,420
122900102,16,7,9
122900103,45,15,30
122900104,45,7,38
122900105,3,0,3
122900106,0,47,-47
122900107,2,212,-210
122900108,2,252,-250
122900109,54,164,-110
123000001,1770,348,1422
123000002,5327,2111,3216
123000003,3178,2095,1083
123000004,3275,4051,-776
123000005,1984,1850,134
123000006,2375,2642,-267
123000007,2529,1903,626
123000008,2006,3491,-1485
123000009,3415,2535,880
123000010,2894,3744,-850
123000011,2714,707,2007
123000012,963,2168,-1205
123000013,2457,730,1727
123000014,1188,3521,-2333
123000015,3644,667,2977
123000016,5166,2178,2988
123000017,2620,1231,1389
123000018,37,91,-54
123000019,83,266,-183
123000020,94,115,-21
123000021,74,166,-92
123000022,373,1214,-841
123000023,1024,938,86
123000024,696,442,254
123000025,111,87,24
123000026,16,100,-84
123000027,438,298,140
123000028,639,206,433
123000029,864,356,508
123000030,149,628,-479
123000031,49,357,-308
123000032,149,315,-166
123000033,171,69,102
123000034,491,454,37
123000035,131,208,-77
123000036,164,428,-264
123000037,153,255,-102
123000038,89,158,-69
123000039,448,638,-190
123000040,1059,316,743
123000041,969,455,514
123000042,849,413,436
123000043,2876,2719,157
123000044,5411,1799,3612
123000045,7578,1466,6112
123000046,754,577,177
123000047,2106,904,1202
123000048,30,297,-267
123000049,6346,3396,2950
123000050,567,795,-228
123000051,69,122,-53
123000052,394,1728,-1334
123000053,1648,2292,-644
123000054,862,914,-52
123000055,812,982,-170
123000056,1030,1626,-596
123000057,16562,4424,12138
123000058,551,588,-37
123000059,368,367,1
123000060,479,267,212
123000061,113,672,-559
123000063,558,544,14
123000064,680,147,533
123000065,5988,2947,3041
123000066,910,635,275
123000067,363,553,-190
123000068,2559,3021,-462
123000069,7013,3164,3849
123000070,225,759,-534
123000071,423,974,-551
123000072,672,1389,-717
123000073,607,795,-188
123000074,683,1996,-1313
123000075,270,683,-413
123000076,412,1110,-698
123000077,1969,3574,-1605
123000078,879,1482,-603
123000079,805,1756,-951
123000080,1527,2318,-791
123000081,181,631,-450
123000082,356,1095,-739
123000083,742,133,609
123000084,362,627,-265
123000085,80,111,-31
123000086,175,443,-268
123000087,79,510,-431
123000088,731,1210,-479
123000089,344,1149,-805
123000090,992,1092,-100
123000091,1285,1245,40
123000092,1070,1073,-3
123000094,276,233,43
123000095,222,429,-207
123000096,269,377,-108
123000097,267,1088,-821
123000098,421,501,-80
123000099,472,871,-399
123000100,363,477,-114
123000101,447,374,73
123000102,555,502,53
123000104,257,267,-10
123000105,430,571,-141
123000106,488,231,257
123000107,407,529,-122
123000108,903,1215,-312
123000111,457,199,258
123000112,492,433,59
123000113,287,1155,-868
123000114,400,360,40
123000115,142,202,-60
123000116,33,145,-112
123000117,1011,2018,-1007
123000118,342,788,-446
123000119,176,973,-797
123000120,304,887,-583
123000121,379,531,-152
123000122,303,266,37
123000123,264,495,-231
123000124,586,536,50
123000125,774,405,369
123000126,1728,2471,-743
123000127,1213,809,404
123000128,220,349,-129
123000129,370,147,223
123000130,349,64,285
123000131,639,440,199
123000132,338,562,-224
123000133,317,329,-12
123000134,429,144,285
123000135,728,754,-26
123000136,191,1293,-1102
123000137,82,401,-319
123000138,39,502,-463
123000139,199,109,90
123000140,104,569,-465
123000141,588,70,518
123000142,897,982,-85
123000143,953,2471,-1518
123000144,19,13,6
123000145,153,126,27
123000146,25,94,-69
123000147,54,114,-60
123000149,200,245,-45
123000150,98,202,-104
123000151,256,389,-133
123000152,39,343,-304
123000153,131,354,-223
123000154,1594,1265,329
123000155,2093,672,1421
123000156,34,86,-52
123000157,420,772,-352
123000158,601,452,149
123000159,2072,1218,854
123000160,671,532,139
123000161,791,603,188
123000162,391,962,-571
123000163,173,41,132
123000164,644,234,410
123000165,258,1898,-1640
123000166,16,163,-147
123000167,54,339,-285
123000168,131,338,-207
123000169,336,73,263
123000170,44,256,-212
123000171,143,65,78
123000172,151,686,-535
123000173,383,126,257
123000174,566,155,411
123000175,775,1096,-321
123000176,528,94,434
123000177,262,1003,-741
123000178,413,97,316
123000179,12,768,-756
123000180,679,246,433
123000181,199,788,-589
123000183,142,269,-127
123000184,71,759,-688
123000186,6,663,-657
123000187,244,0,244
123000188,189,2,187
123000189,147,187,-40
123000190,29,41,-12
123000192,26,413,-387
123000193,45,502,-457
123000194,524,302,222
123000195,169,7,162
123000196,138,7,131
123000197,29,89,-60
123000198,7,177,-170
123000199,4,548,-544
123000200,294,8,286
123000201,507,11,496
123000202,18,1321,-1303
123000203,445,49,396
123000204,55,1074,-1019
123000205,423,1990,-1567
123000206,988,128,860
123000207,53,1048,-995
123000208,228,86,142
123000209,1242,274,968
123000210,379,1463,-1084
123000211,479,2407,-1928
123000212,1266,292,974
123000213,287,30,257
123000215,136,110,26
123000216,118,249,-131
123000217,160,22,138
123000218,88,300,-212
123000219,1042,18,1024
123000220,341,63,278
123000221,121,105,16
123000222,168,451,-283
123000223,97,579,-482
123000224,232,533,-301
123000225,174,88,86
123000226,81,382,-301
123000227,46,358,-312
123000228,126,57,69
123000229,1138,1699,-561
123000232,67,516,-449
123000233,362,150,212
123000234,90,601,-511
123000235,272,355,-83
123000236,133,798,-665
123000237,228,71,157
123000238,48,588,-540
123000239,344,1765,-1421
123000240,61,211,-150
123000241,783,119,664
123000242,59,160,-101
123000243,347,972,-625
123000244,557,414,143
123000245,51,113,-62
123000249,329,604,-275
123000252,487,104,383
123000253,402,311,91
123000254,334,996,-662
123000255,570,545,25
123000256,33,186,-153
123000257,2583,1632,951
123000258,902,1667,-765
123000259,119,358,-239
123000260,252,499,-247
123000261,66,141,-75
123000262,70,279,-209
123000263,212,86,126
123000264,155,59,96
123000265,52,170,-118
123000266,390,624,-234
123000267,178,205,-27
123000268,13,74,-61
123000269,23,26,-3
123000270,33,25,8
123000271,26,77,-51
123000272,655,214,441
123000273,143,406,-263
123000274,916,343,573
123000275,191,893,-702
123000278,2600,2247,353
123000279,50,93,-43
123000280,198,307,-109
123000281,145,70,75
123000282,58,227,-169
123000283,127,29,98
123000284,29,148,-119
123000286,201,178,23
123000287,425,186,239
123000288,718,350,368
123000289,353,599,-246
123000291,232,684,-452
123000294,219,289,-70
123000295,622,1020,-398
123000296,217,491,-274
123000297,206,896,-690
123000298,269,689,-420
123000299,33,338,-305
123000300,647,708,-61
123000301,51,122,-71
123000302,38,220,-182
123000303,58,100,-42
123000305,890,713,177
123000306,49,205,-156
123000309,26,72,-46
123000310,28,16,12
123000311,0,139,-139
123000312,762,1366,-604
123000313,393,429,-36
123000315,63,347,-284
123000316,1542,128,1414
123000317,208,47,161
123000318,34,238,-204
123000329,7,5,2
123000337,155,198,-43
123000338,402,79,323
123000339,83,233,-150
123000340,124,319,-195
123000342,3,212,-209
123000343,54,9,45
123000344,1063,401,662
123000345,258,563,-305
123000346,173,97,76
123000352,1694,665,1029
123000353,12,141,-129
123000354,102,3,99
123000355,1,344,-343
123000356,83,1,82
123000357,1,283,-282
123000359,10,237,-227
123000360,145,19,126
123000361,521,240,281
123000362,147,118,29
123000363,63,174,-111
123000364,342,256,86
123000365,19,225,-206
123000366,246,1020,-774
123000367,563,1491,-928
123000370,33,303,-270
123000371,218,16,202
123000372,121,7,114
123000373,2,360,-358
123000374,2,222,-220
123000375,142,10,132
123000376,604,516,88
123000377,160,6,154
123000378,11,312,-301
123000379,2,188,-186
123000380,46,203,-157
123000381,162,19,143
123000382,1007,42,965
123000383,233,658,-425
123000384,368,53,315
123000385,286,674,-388
123000436,26,432,-406
123000507,136,324,-188
123000508,190,383,-193
123000517,269,16,253
123000518,25,263,-238
123000519,99,84,15
123000520,52,249,-197
123000521,208,120,88
123000522,136,510,-374
123000541,2,0,2
123000542,0,27,-27
123000565,265,32,233
123000566,53,895,-842
123000567,92,254,-162
123000573,35,954,-919
123000574,224,63,161
123000575,818,1235,-417
123000576,438,1605,-1167
123000577,50,433,-383
123000578,616,40,576
123000579,5469,2269,3200
123000580,70,8,62
123000582,201,23,178
123000583,5,338,-333
123000584,85,176,-91
123000585,0,114,-114
123000586,50,0,50
123000596,65,127,-62
123000597,91,69,22
123000602,18,2,16
123000603,218,313,-95
123000604,276,1171,-895
123000605,559,17,542
123000606,1,197,-196
123000609,12,288,-276
123000610,113,53,60
123000613,32,159,-127
123000614,89,42,47
123000615,42,224,-182
123000616,183,37,146
123000617,73,408,-335
123000618,125,537,-412
123000619,379,18,361
123000620,9,470,-461
123000622,172,6,166
123000624,105,67,38
123000630,436,162,274
123000631,171,2123,-1952
123000632,1197,1491,-294
123000633,3,274,-271
123000634,82,64,18
123000635,254,89,165
123000636,52,751,-699
123000637,133,28,105
123000638,295,121,174
123000639,901,1828,-927
123000640,56,1043,-987
123000648,139,55,84
123000649,30,635,-605
123000650,133,267,-134
123000651,21,608,-587
123900001,1204,47,1157
123900002,10,811,-801
123900003,258,541,-283
123900005,95,80,15
123900006,143,29,114
124000001,1115,111,1004
124000002,82,1642,-1560
124000003,373,108,265
124000004,54,603,-549
124000005,624,263,361
124000006,205,1279,-1074
124000007,424,87,337
124000008,23,409,-386
124000009,273,216,57
124000010,122,593,-471
124000011,540,249,291
124000012,167,769,-602
124000017,49,93,-44
124000018,63,100,-37
124000019,67,63,4
124000020,36,226,-190
124000021,54,59,-5
124000022,68,192,-124
124000023,889,1042,-153
124000024,829,623,206
124000025,725,830,-105
124000026,1066,1034,32
124000027,4085,2263,1822
124000028,2596,3083,-487
124000030,2051,757,1294
124000031,627,937,-310
124000032,4082,1137,2945
124000033,601,359,242
124000034,1191,1170,21
124000035,127,86,41
124000036,116,650,-534
124000037,194,378,-184
124000038,39,114,-75
124000039,789,272,517
124000040,622,498,124
124000041,140,43,97
124000042,66,331,-265
124000043,47,52,-5
124000044,51,248,-197
124000045,256,400,-144
124000046,173,711,-538
124000047,645,699,-54
124000048,545,1737,-1192
124000049,751,515,236
124000050,450,2378,-1928
124000051,275,396,-121
124000052,345,1227,-882
124000053,326,661,-335
124000054,751,658,93
124000055,1022,1106,-84
124000056,3332,1311,2021
124000057,588,383,205
124000058,289,1378,-1089
124000059,372,481,-109
124000060,821,858,-37
124000061,1030,2391,-1361
124000062,4662,1514,3148
124000063,1258,1519,-261
124000064,2458,1738,720
124000065,106,162,-56
124000066,337,39,298
124000067,67,216,-149
124000068,96,136,-40
124000069,264,224,40
124000070,136,469,-333
124000071,106,84,22
124000072,90,284,-194
124000073,462,89,373
124000074,224,740,-516
124000075,65,33,32
124000076,3,190,-187
124000077,1485,517,968
124000078,1708,438,1270
124000079,518,793,-275
124000080,176,113,63
124000081,102,717,-615
124000082,20,70,-50
124000083,49,204,-155
124000084,52,159,-107
124000085,85,50,35
124000086,21,64,-43
124000087,110,36,74
124000088,94,338,-244
124000089,273,332,-59
124000090,88,407,-319
124000091,290,191,99
124000092,113,679,-566
124000093,110,54,56
124000094,108,345,-237
124000095,56,45,11
124000096,64,276,-212
124000097,61,65,-4
124000098,48,154,-106
124000099,93,71,22
124000100,19,116,-97
124000101,31,69,-38
124000102,95,94,1
124000103,37,57,-20
124000104,79,89,-10
124000105,38,52,-14
124000106,147,159,-12
124000107,20,88,-68
124000108,68,39,29
124000109,114,43,71
124000110,178,148,30
124000111,135,121,14
124000112,336,617,-281
124000113,20,70,-50
124000114,152,585,-433
124000115,242,794,-552
124000116,78,89,-11
124000117,65,88,-23
124000118,20,47,-27
124000119,722,458,264
124000120,340,569,-229
124000121,1227,373,854
124000122,533,975,-442
124000123,625,307,318
124000124,370,745,-375
124000125,232,337,-105
124000126,264,416,-152
124000127,545,285,260
124000128,432,808,-376
124000129,1274,965,309
124000130,540,496,44
124000131,667,366,301
124000132,702,576,126
124000133,540,658,-118
124000134,500,618,-118
124000135,1216,991,225
124000136,724,903,-179
124000137,851,495,356
124000138,1057,967,90
124000139,552,49,503
124000140,69,554,-485
124000141,190,19,171
124000142,44,623,-579
124000143,36,6,30
124000144,1,142,-141
124000145,23,46,-23
124000146,10,115,-105
124000148,8,34,-26
124000149,583,218,365
124000150,267,456,-189
124000151,418,198,220
124000152,600,1034,-434
124000153,456,349,107
124000154,371,693,-322
124000155,773,480,293
124000156,1136,867,269
124000169,170,224,-54
124000170,553,388,165
124000171,134,216,-82
124000172,278,550,-272
124000173,143,252,-109
124000174,234,681,-447
124000175,8,118,-110
124000176,19,7,12
124000177,14,31,-17
124000178,19,15,4
124000185,21,6,15
124000186,3,107,-104
124000187,2,101,-99
124000188,13,2,11
124000190,184,25,159
124000191,496,67,429
124000192,1768,251,1517
124000193,313,821,-508
124000194,357,447,-90
124000195,144,361,-217
124000196,856,1033,-177
124000197,35,69,-34
124000198,29,28,1
124000201,190,987,-797
124000202,326,16,310
124000203,100,929,-829
124000204,284,338,-54
124000205,11,675,-664
124000206,154,76,78
124000207,1,44,-43
124000209,192,623,-431
124000210,185,156,29
124000211,127,0,127
124000212,1,590,-589
124000213,139,374,-235
124000214,118,949,-831
124000215,98,7,91
124000216,4,518,-514
124000329,8,1179,-1171
124000338,67,2035,-1968
124000339,219,86,133
124000341,352,60,292
124000344,106,47,59
124000357,633,1272,-639
124000358,479,812,-333
124000359,572,406,166
124000360,232,329,-97
124000361,775,610,165
124000362,1403,1414,-11
124000363,267,479,-212
124000364,383,849,-466
124000365,509,1050,-541
124000366,1602,798,804
124000367,126,591,-465
124000368,164,150,14
124000369,86,77,9
124000370,76,397,-321
124000402,12,6,6
124000403,46,6,40
124000404,3,74,-71
124000405,674,515,159
124000406,734,709,25
124000407,4,43,-39
124000411,1,372,-371
124000412,171,12,159
124000413,301,37,264
124000414,52,117,-65
124000415,37,200,-163
124000416,107,401,-294
124000417,71,104,-33
124000418,70,104,-34
124000419,83,254,-171
124000420,33,53,-20
124000421,23,383,-360
124000422,41,9,32
124000423,72,28,44
124000424,5,145,-140
124000425,24,8,16
124000426,2,255,-253
124000427,54,7,47
124000428,11,42,-31
124000429,20,46,-26
124000430,235,208,27
124000431,217,567,-350
124000432,77,744,-667
124000439,1,9,-8
124000443,0,3,-3
124000445,228,363,-135
124000446,2682,92,2590
124000447,23,73,-50
124000448,15,5,10
124000449,31,1,30
124000450,18,447,-429
124000451,1,240,-239
124900001,226,256,-30
124900002,103,507,-404
124900003,466,469,-3
124900004,250,316,-66
124900005,187,206,-19
124900006,319,313,6
124900008,818,409,409
124900009,86,139,-53
124900010,91,29,62
124900011,167,99,68
124900012,215,58,157
124900013,212,105,107
124900014,121,65,56
124900015,88,102,-14
124900016,18,53,-35
124900017,449,325,124
124900018,17,9,8
124900020,24,30,-6
124900021,103,9,94
124900022,23,7,16
124900024,152,8,144
124900026,145,24,121
124900027,41,186,-145
124900028,468,95,373
124900029,10,304,-294
124900030,9,106,-97
124900031,16,307,-291
124900032,163,169,-6
124900033,68,314,-246
124900034,5,84,-79
124900035,92,380,-288
124900036,0,19,-19
124900037,114,346,-232
124900039,0,26,-26
124900040,44,66,-22
124900042,27,0,27
124900043,331,1396,-1065
124900044,37,2,35
124900045,857,656,201
124900047,799,425,374
124900048,105,142,-37
124900050,91,287,-196
124900052,122,316,-194
124900053,125,487,-362
124900054,1850,290,1560
124900055,3,253,-250
124900057,19,80,-61
124900060,1030,726,304
124900061,43,8,35
124900062,19,25,-6
124900066,1,67,-66
124900067,2,179,-177
124900068,159,144,15
124900070,32,23,9
124900072,36,24,12
124900075,68,176,-108
124900076,21,366,-345
124900077,24,74,-50
124900078,33,1,32
124900079,601,47,554
124900080,217,894,-677
124900081,489,221,268
124900082,500,1726,-1226
124900083,331,949,-618
124900085,2683,421,2262
124900086,55,585,-530
124900087,1758,65,1693
124900088,873,271,602
124900089,1289,26,1263
124900090,113,157,-44
124900091,151,496,-345
124900092,128,413,-285
124900093,97,121,-24
124900094,138,165,-27
124900095,50,242,-192
124900096,364,146,218
124900097,138,55,83
124900098,98,359,-261
124900099,453,249,204
124900100,154,25,129
124900101,34,319,-285
124900102,88,6,82
124900103,66,359,-293
124900104,20,266,-246
124900105,74,182,-108
124900106,162,33,129
124900107,30,10,20
124900108,128,40,88
124900111,5,85,-80
124900112,139,986,-847
124900113,65,91,-26
124900114,170,62,108
124900115,21,19,2
124900116,57,77,-20
124900117,769,119,650
124900118,116,125,-9
124900119,216,73,143
124900120,24,303,-279
124900121,115,150,-35
124900122,479,163,316
124900123,307,47,260
124900124,107,146,-39
204000001,47,25,22
204000002,10,23,-13
204000003,13,0,13
204000004,1,1,0
204000005,379,476,-97
204000006,656,992,-336
204000011,6,67,-61
204000012,51,97,-46
204000019,486,446,40
204000020,244,690,-446
204000021,1524,689,835
204000022,344,416,-72
204000023,346,1053,-707
204000031,101,25,76
204000032,405,40,365
204000034,16,268,-252
204000035,2,3,-1
204000036,6,19,-13
204000037,0,23,-23
204000038,0,35,-35
204000039,0,42,-42
204000040,3,51,-48
204000041,2,42,-40
204000042,10,23,-13
204000043,6,1,5
204000044,21,2,19
204000045,8,3,5
204000046,3,1,2
204000057,3,26,-23
204000062,10,207,-197
204000068,21,116,-95
204000069,18,218,-200
204000070,55,77,-22
204000080,10,38,-28
204000085,1148,1316,-168
204000086,2690,1644,1046
204000087,55,8,47
204000088,4,76,-72
204000090,31,314,-283
204000093,139,87,52
204000096,524,607,-83
204000097,147,59,88
204000099,719,970,-251
204000100,661,921,-260
204000105,1676,1389,287
204000110,469,1036,-567
204000111,184,696,-512
204000112,493,801,-308
204000113,235,875,-640
204000114,403,378,25
204000115,251,319,-68
204000116,348,489,-141
204000119,1251,1577,-326
204000132,357,188,169
204000133,421,218,203
204000134,110,107,3
204000135,272,90,182
204000136,292,237,55
204000138,170,171,-1
204000140,109,76,33
204000141,72,71,1
204000144,5,25,-20
204000145,359,32,327
204000146,9,396,-387
204000147,28,139,-111
204000148,298,17,281
204000154,8,0,8
204000155,3,5,-2
204000177,111,70,41
204000179,23,15,8
204000180,0,42,-42
204000222,3,17,-14
204000235,0,15,-15
204000236,79,249,-170
204000238,9,24,-15
204000240,386,97,289
204000263,532,1283,-751
204000268,787,567,220
204000308,111,29,82
204000317,6,65,-59
204000322,3,31,-28
204000323,16,11,5
204000328,180,88,92
204000329,92,113,-21
204000330,147,106,41
204000331,42,166,-124
205000001,759,1158,-399
205000013,10,80,-70
205000014,6,83,-77
205000015,27,226,-199
205000016,8,152,-144
205000017,10,90,-80
205000022,251,569,-318
205000025,1181,824,357
205000029,160,3,157
205000045,97,156,-59
205000046,43,497,-454
205000047,18,443,-425
205000048,157,1060,-903
205000049,136,715,-579
205000050,1117,274,843
205000059,1,231,-230
205000060,0,74,-74
205000061,0,62,-62
205000062,1,41,-40
205000063,9,80,-71
205000064,13,105,-92
205000065,76,587,-511
205000066,60,702,-642
205000067,16,858,-842
205000069,191,15,176
205000082,85,174,-89
205000110,64,158,-94
205000111,163,239,-76
205000112,73,112,-39
205000113,152,209,-57
205000121,156,77,79
205000123,55,170,-115
205000126,268,131,137
205000127,541,192,349
205000128,451,95,356
205000129,399,81,318
205000130,605,48,557
205000131,529,9,520
205000132,376,3,373
205000133,207,1,206
205000134,137,0,137
205000137,115,126,-11
205000138,175,282,-107
205000139,17,103,-86
205000144,57,39,18
205000145,190,133,57
205000151,92,27,65
205000152,86,30,56
205000153,115,40,75
205000154,41,90,-49
205000155,47,21,26
205000207,5,105,-100
205000233,17,0,17
205000234,0,0,0
205000243,1,0,1
205000244,0,4,-4
205000245,7,245,-238
205000249,0,36,-36
205000250,1,1,0
205000264,1,84,-83
206000027,14,4,10
206000028,7,1,6
206000043,9,112,-103
206000053,1,11,-10
206000054,2,15,-13
206000055,0,22,-22
206000075,6,4,2
206000076,62,7,55
206000077,9,2,7
206000078,11,1,10
206000079,30,2,28
206000082,243,14,229
206000100,46,554,-508
206000103,5,19,-14
206000104,12,20,-8
206000105,7,35,-28
206000106,10,19,-9
206000125,29,0,29
206000157,63,526,-463
206000170,1,227,-226
206000171,1,245,-244
206000172,9,1261,-1252
206000173,1,388,-387
206000174,6,147,-141
206000175,1,266,-265
206000176,12,464,-452
206000177,0,298,-298
206000178,2,216,-214
206000179,4,118,-114
206000180,16,223,-207
206000181,10,343,-333
206000182,22,331,-309
206000183,10,1067,-1057
206000184,1,471,-470
206000185,2,445,-443
206000186,112,1685,-1573
206000223,3,369,-366
206000226,9,6,3
206000227,20,0,20
206000237,20,411,-391
206000238,29,769,-740
206000239,542,2258,-1716
206000240,1,65,-64
206000241,0,166,-166
206000242,3,636,-633
206000243,4,462,-458
206000244,38,1061,-1023
206000245,218,55,163
206000246,39,10,29
206000247,46,3,43
206000248,184,13,171
206000252,43,12,31
206000258,18,33,-15
206000315,28,5,23
206000317,223,79,144
206000318,139,36,103
206000319,406,51,355
206000320,30,16,14
206000321,44,13,31
206000322,145,4,141
206000323,110,8,102
206000324,43,16,27
206000325,51,10,41
206000326,66,2,64
206000327,192,5,187
206000328,53,1,52
206000329,57,3,54
206000330,28,8,20
206000331,79,0,79
206000332,12,4,8
206000333,152,1,151
206000334,113,1,112
206000335,0,19,-19
206000361,3,153,-150
206000392,1,35,-34
206000405,109,0,109
206000441,10,15,-5
206000498,35,4,31
206000515,79,28,51
206000530,73,42,31
206000531,106,58,48
206000532,2933,67,2866
206000535,457,2107,-1650
206000536,18,325,-307
206000537,9,167,-158
206000613,1111,136,975
206000784,337,24,313
207000001,108,412,-304
207000002,60,368,-308
207000003,81,235,-154
207000007,463,203,260
207000008,29,10,19
207000009,92,51,41
207000010,429,747,-318
207000012,139,167,-28
207000015,306,1975,-1669
207000019,185,43,142
207000021,421,168,253
207000022,70,82,-12
207000023,69,25,44
207000024,5,7,-2
207000025,14,39,-25
207000026,115,33,82
207000027,16,54,-38
207000028,68,236,-168
207000029,260,416,-156
207000033,133,167,-34
207000034,148,72,76
207000039,189,83,106
207000040,130,109,21
207000041,25,28,-3
207000042,112,75,37
207000043,112,148,-36
207000051,94,406,-312
207000052,26,242,-216
207000053,321,606,-285
207000054,28,163,-135
207000055,63,219,-156
207000056,156,529,-373
207000057,89,289,-200
207000058,70,488,-418
207000059,37,879,-842
207000060,30,358,-328
207000061,104,189,-85
207000062,121,37,84
207000063,111,122,-11
207000064,183,164,19
207000065,207,195,12
207000066,98,152,-54
207000067,30,116,-86
207000068,62,78,-16
207000069,559,294,265
207000082,43,481,-438
207000083,57,498,-441
207000084,65,170,-105
207000085,124,12,112
207000086,74,8,66
207000106,35,35,0
207000107,27,12,15
207000108,20,7,13
207000109,25,10,15
207000110,26,40,-14
207000111,45,66,-21
207000112,123,210,-87
207000114,12,26,-14
207000115,5,70,-65
207000116,10,267,-257
207000117,6,127,-121
207000118,1,106,-105
207000119,14,93,-79
207000123,133,19,114
207000124,62,15,47
207000125,33,16,17
207000126,62,26,36
207000134,38,304,-266
207000135,29,360,-331
207000148,16,131,-115
207000149,64,33,31
207000152,133,345,-212
207000153,1018,882,136
207000154,494,105,389
207000159,54,311,-257
207000160,86,717,-631
207000238,0,73,-73
207000242,2,151,-149
207000248,25,17,8
207000249,155,65,90
207000250,579,69,510
207000251,66,48,18
207000252,62,44,18
207000278,33,58,-25
207000279,13,272,-259
207000280,197,57,140
207000281,92,1525,-1433
207000282,184,49,135
207000283,133,253,-120
207000284,62,100,-38
207000285,195,50,145
207000291,6,117,-111
207000304,86,35,51
207000306,52,359,-307
207000310,34,62,-28
207000353,185,11,174
207000356,5,15,-10
207000357,15,12,3
207000358,6,12,-6
207000415,9,167,-158
207000417,9,2,7
207000418,39,162,-123
207000438,0,1,-1
207000439,963,263,700
207000446,97,8,89
207000460,6,7,-1
207000466,172,162,10
207000467,88,83,5
207000468,22,652,-630
207000476,2,84,-82
207000477,238,93,145
207000478,0,10,-10
207000523,1,35,-34
207000524,47,1,46
207000527,115,95,20
207000530,161,14,147
207000531,128,11,117
207000532,32,6,26
207000534,515,36,479
207000535,35,200,-165
207000537,23,89,-66
207000540,4,147,-143
207000541,3,257,-254
207000548,9,251,-242
207000549,107,7,100
207000561,67,92,-25
207000562,30,193,-163
207000567,126,325,-199
207000568,69,122,-53
207000569,150,1060,-910
207000584,285,166,119
207000585,53,152,-99
207000587,56,23,33
207000616,3,216,-213
207000617,96,1,95
207000624,55,23,32
207000631,3,40,-37
207900008,126,344,-218
208000001,277,485,-208
208000002,362,401,-39
208000003,696,472,224
208000004,744,678,66
208000005,14,31,-17
208000019,347,667,-320
208000020,194,373,-179
208000021,132,545,-413
208000022,544,788,-244
208000028,999,641,358
208000033,307,681,-374
208000034,907,1410,-503
208000037,338,41,297
208000040,88,107,-19
208000041,705,384,321
208000042,607,449,158
208000047,73,349,-276
208000064,2123,1072,1051
208000066,1040,687,353
208000070,185,328,-143
208000071,236,723,-487
208000072,224,1024,-800
208000080,166,377,-211
208000081,175,229,-54
208000082,206,355,-149
208000083,98,475,-377
208000084,30,9,21
208000085,734,582,152
208000086,406,836,-430
208000087,218,734,-516
208000089,608,637,-29
208000090,460,974,-514
208000093,43,95,-52
208000094,253,499,-246
208000095,426,275,151
208000104,697,831,-134
208000105,376,876,-500
208000114,35,125,-90
208000115,455,301,154
208000116,207,727,-520
208000117,70,112,-42
208000118,92,100,-8
208000155,362,777,-415
208000158,1483,2062,-579
208000186,2535,1743,792
208000204,312,849,-537
208000205,776,1209,-433
208000282,3204,1239,1965
209000004,109,125,-16
209000005,16,31,-15
209000006,486,82,404
209000007,187,148,39
209000010,496,123,373
209000011,136,188,-52
209000012,85,211,-126
209000013,119,551,-432
209000014,671,1494,-823
209000025,189,36,153
209000026,367,72,295
209000027,298,982,-684
209000028,178,1034,-856
209000029,587,770,-183
209000030,541,1486,-945
209000031,3466,2339,1127
209000034,88,138,-50
209000035,102,130,-28
209000036,87,97,-10
209000037,143,185,-42
209000038,70,149,-79
209000039,41,130,-89
209000040,192,412,-220
209000041,109,354,-245
209000042,192,363,-171
209000043,545,606,-61
209000044,165,459,-294
209000045,849,348,501
209000046,292,490,-198
209000047,176,180,-4
209000048,235,182,53
209000049,73,164,-91
209000050,172,246,-74
209000051,296,432,-136
209000052,154,406,-252
209000062,66,191,-125
209000063,23,184,-161
209000064,14,168,-154
209000065,22,22,0
209000066,38,31,7
209000067,39,93,-54
209000080,10,137,-127
209000082,55,38,17
209000091,39,114,-75
209000093,104,32,72
209000094,213,137,76
209000110,23,60,-37
209000111,241,887,-646
209000112,493,382,111
209000113,996,318,678
209000114,186,228,-42
209000115,85,195,-110
209000116,833,621,212
209000118,13,54,-41
209000119,27,15,12
209000121,121,717,-596
209000135,66,64,2
209000142,519,809,-290
209000143,87,83,4
209000144,40,66,-26
209000229,107,179,-72
209000240,25,416,-391
209000259,91,134,-43
209000260,32,774,-742
209000261,9,479,-470
209000262,0,477,-477
209000263,1,124,-123
209000264,0,52,-52
209000265,317,2,315
209000266,53,0,53
209000267,331,5,326
209000268,325,22,303
210000037,27,35,-8
210000047,45,23,22
210000048,40,27,13
210000049,33,19,14
210000052,14,129,-115
210000053,18,86,-68
210000054,33,91,-58
210000070,43,1,42
210000071,14,1,13
210000072,6,0,6
210000073,0,22,-22
210000074,0,116,-116
210000075,1,48,-47
210000076,3,112,-109
210000077,32,52,-20
210000078,31,29,2
210000079,26,11,15
210000080,85,38,47
210000081,99,4,95
210000082,53,0,53
210000083,108,0,108
210000084,20,0,20
210000085,0,88,-88
210000086,1,81,-80
210000099,30,221,-191
210000100,27,210,-183
210000101,53,261,-208
210000105,32,195,-163
210000159,0,112,-112
210000163,152,222,-70
210000164,332,77,255
210000168,174,22,152
210000187,0,8,-8
210000188,0,22,-22
210000214,48,0,48
210000219,31,47,-16
210000220,26,98,-72
210000232,3,17,-14
210000233,12,44,-32
210000234,30,145,-115
210000235,21,133,-112
210000245,0,26,-26
210000246,13,0,13
210000258,4,113,-109
210000259,150,22,128
210000282,50,146,-96
210000285,1,82,-81
210000286,10,133,-123
210000290,7,4,3
210000295,46,166,-120
210000296,34,69,-35
210000320,92,123,-31
210000321,103,59,44
210000338,65,101,-36
210000339,437,758,-321
210000340,100,247,-147
210000341,101,205,-104
210000342,138,151,-13
210000343,123,180,-57
210000344,230,85,145
210000345,242,191,51
210000346,59,101,-42
210000347,158,30,128
210000348,118,13,105
210000349,101,17,84
210000350,92,57,35
210000351,75,91,-16
210000352,25,85,-60
210000353,14,131,-117
210000354,50,109,-59
210000355,34,87,-53
210000356,74,62,12
210000357,35,41,-6
210000358,396,99,297
210000359,101,47,54
210000360,106,80,26
210000361,150,123,27
210000362,141,130,11
210000363,686,126,560
210000364,84,107,-23
210000365,53,49,4
210000366,109,41,68
210000367,56,25,31
210000368,106,23,83
210000369,30,42,-12
210000370,35,50,-15
210000372,31,21,10
210000373,87,15,72
210000374,31,22,9
210000375,26,80,-54
210000376,60,151,-91
210000404,116,127,-11
210000439,35,53,-18
210000472,86,2,84
210000482,59,63,-4
210000564,458,148,310
210000567,1,19,-18
210000568,508,4,504
211000092,12,53,-41
211000094,12,11,1
211000169,190,6,184
211000172,11,258,-247
211000209,0,12,-12
211000226,2,24,-22
211000270,10,11,-1
211000275,23,25,-2
211000276,46,29,17
211000279,3,76,-73
211000281,31,77,-46
211000302,6,118,-112
211507980,1,33,-32
211977296,11,3,8
212000003,87,51,36
212000004,96,28,68
212000005,17,16,1
212000006,29,75,-46
212000008,115,206,-91
212000009,18,145,-127
212000012,40,73,-33
212000013,4,40,-36
212000014,168,122,46
212000015,193,170,23
212000016,272,474,-202
212000027,320,402,-82
212000028,180,356,-176
212000029,126,224,-98
212000030,16,17,-1
212000031,32,61,-29
212000048,36,84,-48
212000049,12,48,-36
212000050,17,5,12
212000051,132,184,-52
212000052,105,380,-275
212000053,241,503,-262
212000054,90,132,-42
212000055,148,223,-75
212000056,11,43,-32
212000057,8,31,-23
212000058,274,27,247
212000070,92,263,-171
212000077,56,558,-502
212000099,107,221,-114
212000108,114,162,-48
212000111,98,124,-26
212000120,112,117,-5
212000138,86,19,67
212000156,3,83,-80
212000158,4,14,-10
212000159,189,66,123
212000160,292,220,72
212000161,22,8,14
212000310,29,10,19
212000311,9,73,-64
212000374,17,11,6
213000001,21,613,-592
213000005,200,95,105
213000006,840,143,697
213000007,62,13,49
213000009,443,203,240
213000010,145,118,27
213000011,166,93,73
213000012,117,383,-266
213000014,46,9,37
213000015,139,5,134
213000016,173,0,173
213000017,19,1,18
213000018,2,224,-222
213000019,0,186,-186
213000020,100,338,-238
213000021,2,122,-120
213000023,198,171,27
213000033,182,688,-506
213000034,396,319,77
213000035,75,151,-76
213000045,95,215,-120
213000046,143,219,-76
213000047,479,668,-189
213000056,52,12,40
213000069,48,5,43
213000073,4,16,-12
213000074,225,593,-368
213000075,424,9,415
213000076,18,0,18
213000085,10,50,-40
213000086,8,231,-223
213000091,82,13,69
213000092,46,18,28
213000099,159,831,-672
213000100,1053,191,862
213000101,131,126,5
213000102,159,417,-258
213000103,567,767,-200
213000104,63,436,-373
213000105,19,119,-100
213000106,27,257,-230
213000107,97,677,-580
213000108,21,533,-512
213000109,3,264,-261
213000110,12,69,-57
213000111,14,39,-25
213000112,119,132,-13
213000115,29,3,26
213000116,141,786,-645
213000117,4,964,-960
213000118,209,237,-28
213000119,40,862,-822
213000120,71,944,-873
213000122,214,774,-560
213000123,631,1346,-715
213000124,48,1446,-1398
213000125,113,13,100
213000126,49,92,-43
213000127,182,143,39
213000128,744,601,143
213000129,470,352,118
213000130,194,160,34
213000132,194,70,124
213000133,225,59,166
213000134,492,11,481
213000136,278,14,264
213000137,330,76,254
213000139,478,19,459
213000147,50,3,47
213000148,12,6,6
213000149,26,2,24
213000150,0,63,-63
213000151,2,59,-57
213000152,2,55,-53
213000153,0,34,-34
213000154,10,196,-186
213000155,8,292,-284
213000156,85,655,-570
213000157,540,514,26
213000158,251,554,-303
213000159,312,588,-276
213000163,253,78,175
213000165,383,175,208
213000171,1,193,-192
213000172,0,332,-332
213000173,0,227,-227
213000174,0,153,-153
213000175,74,181,-107
213000176,1,22,-21
213000177,19,1,18
213000178,50,0,50
213000179,82,0,82
213000180,53,0,53
213000184,61,454,-393
213000188,143,72,71
213000189,141,23,118
213000190,556,684,-128
213000191,141,537,-396
213000192,104,571,-467
213000193,1624,190,1434
213000194,0,28,-28
213000195,9,445,-436
213000196,143,854,-711
213000197,248,314,-66
213000198,18,1,17
213000200,90,1109,-1019
213000201,117,50,67
213000202,10,890,-880
213000203,2778,365,2413
213000204,436,34,402
213000205,154,38,116
213000206,219,41,178
213000207,65,19,46
213000208,161,1,160
213000209,97,1,96
213000210,274,3,271
213000211,1,5,-4
213000212,18,14,4
213000213,8,16,-8
213000218,110,888,-778
213000219,331,26,305
213000220,373,14,359
213000223,196,113,83
213000224,39,17,22
213000225,55,3,52
213000226,47,5,42
213000227,381,130,251
213000228,161,62,99
213000229,402,22,380
213000230,285,23,262
213000232,61,537,-476
213000233,7,19,-12
213000234,8,18,-10
213000293,18,34,-16
213000294,103,5,98
213000295,7,63,-56
213000296,57,25,32
213000297,3,116,-113
213000298,11,62,-51
213000299,45,46,-1
213000300,5,1,4
213000303,4,19,-15
213000304,0,4,-4
213000305,3,9,-6
213000306,61,20,41
213000307,212,78,134
213000308,68,252,-184
213000309,122,50,72
213000310,145,77,68
213000311,287,590,-303
213000315,63,140,-77
213000316,40,46,-6
213000322,74,167,-93
213000323,64,239,-175
213000324,39,99,-60
213000325,8,125,-117
213000326,26,64,-38
213000327,48,50,-2
213000328,93,94,-1
213000329,109,68,41
213000340,87,972,-885
213000341,236,66,170
213000346,121,102,19
213000347,777,162,615
213000348,4,242,-238
213000349,56,21,35
213000350,195,1534,-1339
213000366,39,322,-283
213000367,97,32,65
213000379,109,283,-174
213000386,8,213,-205
213000406,85,326,-241
213000417,725,289,436
213000425,382,191,191
213000426,292,218,74
213000427,12,343,-331
213000428,33,213,-180
213000429,7,3,4
213000430,74,991,-917
213000431,19,1,18
213000432,1,17,-16
213000433,17,116,-99
213000434,41,140,-99
213000435,101,146,-45
213000436,20,61,-41
213000437,59,67,-8
213000438,43,44,-1
213000439,34,14,20
213000440,97,276,-179
213000441,3,0,3
213000442,292,114,178
213000443,294,317,-23
213000444,40,155,-115
213000445,1,113,-112
213000446,0,12,-12
213000447,5,28,-23
213000448,5,81,-76
213000449,100,2,98
213000450,11,50,-39
213000451,122,63,59
213000452,6,19,-13
213000453,31,350,-319
213000455,296,6,290
213000456,0,157,-157
213000481,11,3,8
213000482,39,1,38
213000489,536,40,496
213000491,1,113,-112
213000492,160,14,146
213000493,0,49,-49
213000494,108,106,2
213000495,0,119,-119
213000496,153,223,-70
213000497,26,338,-312
213000498,62,254,-192
213000499,89,696,-607
213000500,255,68,187
213000501,58,20,38
213000502,116,53,63
213000503,2,57,-55
213000504,15,189,-174
213000505,4,13,-9
213000506,0,10,-10
213000507,2,147,-145
213900244,23,0,23
213900245,1,39,-38
218000003,17,17,0
218000004,27,12,15
218000005,22,16,6
218000006,87,26,61
218000007,6,6,0
218000012,210,100,110
218000013,63,97,-34
218000014,360,355,5
218000019,685,322,363
218000020,229,347,-118
218000040,1,1,0
218000046,18,200,-182
218000047,7,256,-249
218000048,79,258,-179
218000049,90,193,-103
218000050,246,331,-85
218000051,36,359,-323
218000052,1,133,-132
218000053,2,14,-12
218000054,36,49,-13
218000055,15,13,2
218000056,12,23,-11
218000057,4,33,-29
218000064,0,4,-4
218000065,27,40,-13
218000066,10,35,-25
218000067,15,74,-59
218000068,69,59,10
218000069,78,159,-81
218000070,120,273,-153
218000071,121,199,-78
218000072,212,177,35
218000078,480,1187,-707
218000079,40,46,-6
218000080,38,55,-17
218000081,179,197,-18
218000082,17,100,-83
218000083,25,56,-31
218000084,60,149,-89
218000085,71,448,-377
218000086,25,185,-160
218000087,128,194,-66
218000090,9,74,-65
218000091,724,426,298
218000092,25,159,-134
218000093,62,72,-10
218000094,411,857,-446
218000099,232,344,-112
218000100,137,231,-94
218000101,101,111,-10
218000102,129,264,-135
218000103,25,203,-178
218000104,34,50,-16
218000105,6,5,1
218000106,6,22,-16
218000107,33,96,-63
218000108,0,55,-55
218000112,52,9,43
218000117,19,32,-13
218000134,281,716,-435
218000135,22,93,-71
218000136,140,51,89
218000137,67,91,-24
218000138,12,99,-87
218000139,97,348,-251
218000140,178,184,-6
218000141,57,76,-19
218000142,118,93,25
218000143,55,106,-51
218000144,41,77,-36
218000145,131,267,-136
218000146,22,90,-68
218000151,8,20,-12
218000152,22,58,-36
218000170,0,24,-24
218000171,22,9,13
218000172,32,14,18
218000173,72,13,59
218000174,13,4,9
218000176,71,19,52
218000177,192,79,113
218000178,56,105,-49
218000179,44,53,-9
218000180,32,20,12
218000181,79,36,43
218000187,5,15,-10
218000188,34,62,-28
218000189,8,77,-69
218000190,6,14,-8
218000191,61,142,-81
218000192,101,497,-396
218000193,273,560,-287
218000194,47,533,-486
218000195,89,56,33
218000196,149,202,-53
218000197,104,287,-183
218000198,4,139,-135
218000199,22,29,-7
218000200,86,56,30
218000201,6,8,-2
218000202,111,112,-1
218000207,13,60,-47
218000208,21,68,-47
218000211,62,7,55
218000213,93,47,46
218000214,6,11,-5
218000215,19,46,-27
218000217,1,147,-146
218000218,160,75,85
218000219,19,9,10
218000220,112,220,-108
218000221,626,138,488
218000222,46,7,39
218000223,16,104,-88
218000224,3,43,-40
218000225,145,12,133
218000226,52,32,20
218000232,24,56,-32
218000239,83,11,72
218000240,11,1,10
218000241,27,2,25
218000242,147,0,147
218000243,45,0,45
218000244,23,5,18
218000245,15,0,15
218000246,0,0,0
218000247,0,0,0
218000248,0,20,-20
218000249,0,1,-1
218000250,11,4,7
218000251,16,12,4
218000252,3,19,-16
218000253,9,9,0
218000254,0,6,-6
218000255,6,7,-1
218000256,11,45,-34
218000267,852,1094,-242
218000268,15,54,-39
218000269,16,8,8
218000270,37,77,-40
218000271,31,85,-54
218000273,8,14,-6
218000274,7,3,4
218000275,12,37,-25
218000276,13,45,-32
218000278,12,31,-19
218000279,41,52,-11
218000280,3,54,-51
218000281,18,21,-3
218000282,432,220,212
218000284,83,15,68
218000301,34,80,-46
218000302,36,22,14
218000303,33,62,-29
218000316,425,823,-398
218000317,460,962,-502
218000318,246,708,-462
218000319,524,1575,-1051
218000320,460,636,-176
218000338,52,21,31
218000345,104,44,60
218000346,58,171,-113
218000459,69,265,-196
218000490,23,88,-65
218000501,29,22,7
218000502,54,112,-58
218000503,40,7,33
218000504,76,8,68
218000505,43,160,-117
218000506,22,145,-123
218000508,3,0,3
218000510,99,2,97
218000520,77,85,-8
218000521,1,80,-79
218000522,0,132,-132
218000523,62,7,55
218000524,40,151,-111
218000525,84,7,77
218000526,25,39,-14
218000529,32,249,-217
218000531,0,19,-19
218000532,15,30,-15
218000534,56,20,36
218000537,9,42,-33
218000538,79,90,-11
218000540,265,44,221
218000543,57,30,27
218000544,46,118,-72
218000545,32,47,-15
218000546,38,114,-76
218000547,53,73,-20
218000548,73,169,-96
218000549,230,117,113
218000550,232,445,-213
218000551,238,322,-84
218000552,520,26,494
218000553,87,112,-25
218000554,9,34,-25
218000555,24,57,-33
218000556,91,420,-329
218000557,149,193,-44
218000558,39,0,39
218000559,0,25,-25
218000560,0,12,-12
218000561,20,0,20
218000562,16,148,-132
218000563,188,17,171
218000564,24,81,-57
218000565,176,35,141
218000566,512,24,488
218000567,1,55,-54
218000568,8,3,5
218000569,9,128,-119
218000570,241,4,237
218000571,0,104,-104
218000572,63,1,62
218000573,26,76,-50
218000574,175,80,95
218000575,102,0,102
218000576,0,65,-65
218000577,33,0,33
218000578,0,63,-63
218000579,27,3,24
218000581,6,53,-47
218000582,7,2,5
218000583,1,0,1
218000584,0,21,-21
218000585,10,2,8
218000586,0,28,-28
218000587,1,3,-2
218000588,0,2,-2
218000589,1,0,1
218000590,0,0,0
218000591,1,3,-2
218000592,6,0,6
218000593,4,1,3
218000594,1,0,1
218000597,1,0,1
218000598,0,0,0
218000599,0,0,0
218000600,0,0,0
218000601,0,0,0
218000602,0,6,-6
218000603,1,1,0
218000604,27,10,17
218000605,0,16,-16
218000606,42,0,42
218000607,7,34,-27
218000608,49,11,38
218000609,1,36,-35
218000610,42,3,39
218000611,16,2,14
218000612,0,27,-27
218000613,20,1,19
218000614,0,62,-62
218000615,74,2,72
218000616,3,123,-120
218000617,4,2,2
218000618,0,20,-20
218000619,15,22,-7
218000620,0,17,-17
218000621,0,3,-3
218000622,0,2,-2
218000623,12,1,11
218000624,0,12,-12
218000625,15,0,15
218000626,0,6,-6
218000628,82,23,59
218000631,26,16,10
218000632,1,67,-66
218000633,58,1,57
218000634,3,17,-14
218000635,6,10,-4
218000636,467,1534,-1067
218000637,460,505,-45
218000638,93,45,48
218000639,5,231,-226
218000640,71,16,55
218000641,44,387,-343
218000652,82,101,-19
218000653,109,27,82
218000663,2,83,-81
218000675,68,57,11
218000680,172,574,-402
218000681,273,122,151
218000691,91,416,-325
218000693,67,139,-72
218000718,856,370,486
218000719,1273,121,1152
218000720,4,58,-54
218000721,51,3,48
218001147,8,398,-390
218001214,23,14,9
218001258,63,9,54
218001329,96,82,14
218001330,119,116,3
218001351,11,13,-2
218001352,10,24,-14
218001353,15,10,5
218001354,5,15,-10
218001355,18,405,-387
218001356,141,5,136
218001357,21,305,-284
218001358,92,3,89
218001361,86,15,71
218001362,0,270,-270
219000001,18,49,-31
219000002,16,51,-35
219000003,29,18,11
219000004,54,29,25
219000017,95,11,84
219000020,31,11,20
219000022,76,2,74
219000023,51,0,51
219000029,1,78,-77
219000034,22,20,2
219000039,11,50,-39
219000040,9,22,-13
219000041,74,28,46
219000051,0,55,-55
219000052,0,31,-31
219000053,4,273,-269
219000054,1,18,-17
219000055,61,0,61
219000056,9,0,9
219000057,23,0,23
219000062,19,335,-316
219000063,28,4,24
219000064,2,40,-38
219000110,166,26,140
219000111,86,19,67
219000112,104,26,78
219000113,72,25,47
219000114,146,32,114
219000116,47,26,21
219000117,125,63,62
219000118,75,75,0
219000123,263,76,187
219000124,44,58,-14
219000125,7,29,-22
219000126,68,100,-32
219000127,0,3,-3
219000128,22,84,-62
219000129,30,106,-76
219000130,671,763,-92
219000131,724,801,-77
219000133,59,14,45
219000134,11,8,3
219000135,30,39,-9
219000136,68,109,-41
219000138,41,14,27
219000139,11,46,-35
219000140,13,2,11
219000141,15,88,-73
219000142,16,63,-47
219000143,9,112,-103
219000145,16,41,-25
219000146,3,55,-52
219000147,0,64,-64
219000148,2,60,-58
219000149,15,176,-161
219000150,4,140,-136
219000151,6,79,-73
219000157,110,82,28
219000158,106,217,-111
219000161,150,9,141
219000163,1215,361,854
219000166,46,153,-107
219000167,53,252,-199
219000168,248,68,180
219000174,251,68,183
219000175,18,1,17
219000176,33,5,28
219000177,6,4,2
219000178,15,0,15
219000179,5,5,0
219000180,25,26,-1
219000182,68,13,55
219000183,19,37,-18
219000184,38,7,31
219000185,0,87,-87
219000186,13,48,-35
219000187,20,133,-113
219000189,170,108,62
219000190,122,215,-93
219000191,1335,800,535
219000192,100,125,-25
219000193,564,170,394
219000195,2,74,-72
219000196,4,114,-110
219000198,16,204,-188
219000199,106,167,-61
219000200,37,178,-141
219000201,66,223,-157
219000203,32,111,-79
219000204,57,183,-126
219000205,38,196,-158
219000207,168,183,-15
219000209,20,83,-63
219000210,55,106,-51
219000213,7,279,-272
219000239,124,213,-89
219000240,167,289,-122
219000241,75,243,-168
219000242,34,209,-175
219000243,41,388,-347
219000244,11,131,-120
219000245,94,49,45
219000246,65,23,42
219000247,43,25,18
219000248,300,219,81
219000249,56,43,13
219000250,118,87,31
219000251,346,126,220
219000252,171,103,68
219000253,223,37,186
219000255,48,74,-26
219000256,70,74,-4
219000257,29,0,29
219000262,44,262,-218
219000263,35,254,-219
219000267,4,166,-162
219000268,0,5,-5
219000269,1,1,0
219000270,2,0,2
219000271,83,1,82
219000278,0,23,-23
219000279,1,4,-3
219000283,0,10,-10
219000295,1,84,-83
219000296,47,418,-371
219000297,7,130,-123
219000298,11,199,-188
219000299,273,39,234
219000300,17,271,-254
219000301,170,224,-54
219000302,21,109,-88
219000307,26,45,-19
219000308,37,11,26
219000311,114,42,72
219000312,314,46,268
219000313,122,17,105
219000314,92,474,-382
219000315,125,23,102
219000316,189,26,163
219000317,43,11,32
219000320,2,48,-46
219000321,0,16,-16
219000323,3,97,-94
219000325,1,31,-30
219000326,41,93,-52
219000327,34,31,3
219000328,31,31,0
219000329,178,91,87
219000330,30,17,13
219000331,18,29,-11
219000332,35,76,-41
219000333,14,1,13
219000335,53,0,53
219000337,3,0,3
219000338,47,3,44
219000344,17,66,-49
219000345,50,113,-63
219000346,14,149,-135
219000348,78,157,-79
219000349,34,315,-281
219000350,31,49,-18
219000351,6,0,6
219000352,136,29,107
219000353,64,34,30
219000354,62,102,-40
219000355,68,24,44
219000356,1426,449,977
219000363,284,19,265
219000364,73,16,57
219000365,71,17,54
219000366,188,122,66
219000368,255,300,-45
219000370,746,192,554
219000371,5,12,-7
219000382,7,13,-6
219000383,596,591,5
219000385,460,368,92
219000386,902,1046,-144
219000387,1,2,-1
219000390,3,0,3
219000391,2,0,2
219000397,59,64,-5
219000398,42,33,9
219000401,5,70,-65
219000402,26,87,-61
219000403,80,150,-70
219000404,21,72,-51
219000407,4,20,-16
219000409,27,25,2
219000410,54,21,33
219000411,46,8,38
219000446,224,323,-99
219000447,0,10,-10
219000448,8,4,4
219000452,133,54,79
219000453,60,103,-43
219000454,210,157,53
219000556,101,65,36
219000558,85,272,-187
219000590,13,203,-190
219000591,29,52,-23
219000592,93,321,-228
219000595,2,32,-30
219000635,41,18,23
219000636,11,74,-63
219000657,14,10,4
219000658,11,35,-24
219000673,0,5,-5
219000676,5,2,3
219000679,21,3,18
219000684,42,3,39
219000685,1,107,-106
219000686,2,1,1
219000688,0,72,-72
219000689,37,213,-176
219000690,150,18,132
219000691,54,88,-34
219000692,136,43,93
219000693,0,58,-58
219000694,3,0,3
219000695,9,4,5
219000698,14,0,14
219000699,0,14,-14
219000727,4,266,-262
219000728,71,3,68
219000770,12,0,12
219000771,0,27,-27
219000788,290,296,-6
219001150,0,11,-11
219001151,0,2,-2
219001166,34,7,27
219001167,3,71,-68
219001178,17,1,16
220000001,23,35,-12
220000002,11,133,-122
220000003,375,264,111
220000004,427,566,-139
220000005,1250,1387,-137
220000006,116,854,-738
220000007,275,718,-443
220000008,269,1025,-756
220000009,128,476,-348
220000010,192,114,78
220000011,495,1905,-1410
220000012,112,170,-58
220000014,31,56,-25
220000015,37,137,-100
220000017,42,257,-215
220000018,4313,1032,3281
220000019,59,202,-143
220000020,237,191,46
220000021,335,129,206
220000022,298,421,-123
220000023,117,144,-27
220000024,1212,307,905
220000025,391,372,19
220000026,177,125,52
220000027,20,68,-48
220000028,14,26,-12
220000029,54,142,-88
220000030,211,66,145
220000031,153,201,-48
220000064,15,816,-801
221000046,3,0,3
221000047,0,0,0
221000048,0,0,0
221000049,0,9,-9
221000050,11,0,11
221000055,32,32,0
221000057,26,2,24
221000068,231,85,146
221000069,180,53,127
221000070,113,14,99
221000071,29,10,19
221000072,142,27,115
221000073,159,48,111
221000074,0,11,-11
221000075,27,15,12
221000076,7,21,-14
221000077,28,61,-33
221000081,25,2,23
221000082,33,3,30
221000083,38,2,36
221000084,5,6,-1
221000085,12,52,-40
221000086,5,102,-97
221000087,1,141,-140
221000088,19,188,-169
221000089,33,225,-192
221000090,100,407,-307
221000098,79,7,72
221000099,117,12,105
221000100,45,9,36
221000101,188,11,177
221000102,73,10,63
221000109,6,66,-60
221000110,8,101,-93
221000111,20,135,-115
221000112,7,104,-97
221000113,8,154,-146
221000114,10,145,-135
221000120,23,23,0
221000121,3,13,-10
221000122,8,24,-16
221000123,6,38,-32
221000124,24,318,-294
221000155,43,4,39
221000156,28,26,2
221000175,1,0,1
221000176,1,0,1
221000182,26,5,21
221000241,541,172,369
221000242,173,327,-154
221000243,326,118,208
221000244,114,438,-324
221000245,58,96,-38
221000246,22,261,-239
221000247,50,113,-63
221000248,80,152,-72
221000267,38,694,-656
221000325,37,36,1
221000331,3,70,-67
221000338,6,18,-12
221000378,90,23,67
221000381,60,132,-72
222000282,1,3,-2
222000296,4,15,-11
222000568,217,13,204
222000569,80,18,62
222000570,77,10,67
222000571,108,16,92
222000577,10,232,-222
222000578,20,207,-187
222000579,21,133,-112
222000580,96,867,-771
222000599,0,113,-113
222000600,2,237,-235
222000601,3,694,-691
222000603,27,18,9
222000604,20,19,1
222000605,5,3,2
222000606,1,2,-1
222000607,2,1,1
222000608,13,9,4
222000609,24,433,-409
222000616,85,47,38
222000617,26,12,14
222000618,1,2,-1
222000620,91,7,84
222000621,64,22,42
222000623,332,5,327
222000624,127,1,126
222000625,235,22,213
222000636,26,3,23
222000686,20,10,10
222000687,13,25,-12
222001066,200,2,198
222001067,5,10,-5
222001068,9,37,-28
222001069,14,35,-21
222001082,2,47,-45
222001083,5,50,-45
222001084,1,25,-24
222001085,0,49,-49
222001111,6,314,-308
222001112,26,51,-25
222001313,6,4,2
222001314,2,82,-80
222001464,108,41,67
222001465,37,254,-217
222001484,59,43,16
222001485,19,76,-57
222001494,137,82,55
222001495,62,485,-423
222001496,138,41,97
222001497,84,691,-607
222001502,11,98,-87
222001503,34,20,14
222001504,20,230,-210
222001505,183,8,175
222001506,46,215,-169
222001507,134,13,121
222001510,165,18,147
222001511,23,383,-360
222001514,270,85,185
222001515,162,686,-524
222001518,77,45,32
222001519,35,442,-407
222001527,118,33,85
222001528,36,160,-124
222001529,84,29,55
222001530,30,262,-232
222001533,90,371,-281
222001534,99,36,63
222001535,40,90,-50
222001536,60,449,-389
222001537,173,10,163
222001538,28,501,-473
222001563,232,71,161
222001564,33,824,-791
222001568,183,118,65
222001576,0,0,0
222001579,0,3,-3
222001583,13,167,-154
222001584,56,16,40
222001596,392,1269,-877
222001597,704,164,540
222001626,0,137,-137
222001650,30,52,-22
222001651,49,132,-83
222001914,95,45,50
222001915,60,177,-117
222001968,428,161,267
222001969,308,964,-656
222001970,81,233,-152
222001971,10,26,-16
222001972,0,38,-38
225000001,262,65,197
225000002,174,62,112
225000003,165,75,90
225000004,143,131,12
225000005,15,48,-33
225000006,0,106,-106
225000007,2819,1020,1799
225000010,116,4,112
225000011,406,665,-259
225000012,120,434,-314
225000013,63,97,-34
225000014,572,61,511
225000015,68,222,-154
225000021,413,154,259
225000027,196,457,-261
225000032,411,122,289
225000042,40,635,-595
225000049,17,58,-41
225000050,27,18,9
225000053,3,179,-176
225000058,440,130,310
225000067,102,199,-97
225000068,44,547,-503
225000069,174,518,-344
225000070,53,460,-407
225000071,20,285,-265
225000075,14,527,-513
225000076,55,130,-75
225000078,54,19,35
225000085,25,64,-39
225000086,88,31,57
225000087,117,12,105
225000088,12,120,-108
225000089,336,549,-213
225000090,14,295,-281
225000091,83,186,-103
225000092,52,74,-22
225000093,143,393,-250
225000094,9,475,-466
225000095,284,587,-303
225000096,138,405,-267
225000098,379,80,299
225000099,130,79,51
225000100,89,54,35
225000104,39,412,-373
225000110,8,381,-373
225000111,137,1065,-928
225000112,224,974,-750
225000113,131,638,-507
225000114,31,276,-245
225000115,2504,534,1970
225000116,751,90,661
225000117,618,296,322
225000118,542,211,331
225000119,91,51,40
225000120,348,48,300
225000121,196,15,181
225000123,605,10,595
225000125,170,300,-130
225000126,924,182,742
225000127,749,411,338
225000128,329,362,-33
225000132,155,23,132
225000133,166,22,144
225000134,361,66,295
225000135,16,6,10
225000136,124,7,117
225000137,56,69,-13
225000138,273,26,247
225000143,55,127,-72
225000144,1,282,-281
225000145,11,43,-32
225000146,34,117,-83
225000147,12,311,-299
225000148,6,247,-241
225000149,41,441,-400
225000151,19,268,-249
225000155,215,308,-93
225000156,177,628,-451
225000157,125,332,-207
225000158,73,311,-238
225000171,3,130,-127
225000180,25,0,25
225000181,0,48,-48
225000182,50,9,41
225000185,6,306,-300
225000187,44,355,-311
225000191,95,2,93
225000194,0,7,-7
225000208,0,63,-63
225000209,44,22,22
225000210,4,176,-172
225000217,1,18,-17
225000218,5,1,4
225000223,1,46,-45
225000224,291,0,291
225000225,2,5,-3
225000226,23,0,23
225000227,18,32,-14
225000228,9,2,7
225000229,0,74,-74
225000230,3,2,1
225000231,1,77,-76
225000232,56,6,50
225000241,73,0,73
225000242,2,57,-55
225000249,36,30,6
225000250,40,879,-839
225000251,225,25,200
226000042,339,348,-9
226000043,44,223,-179
226000044,136,630,-494
226000045,91,372,-281
226000046,293,28,265
226000047,228,49,179
226000048,191,46,145
226000049,117,83,34
226000070,0,35,-35
226000071,0,58,-58
226000072,1,8,-7
226000073,0,13,-13
226000074,0,16,-16
226000084,0,49,-49
226000085,1,7,-6
226000086,4,4,0
226000087,1,7,-6
226000088,14,11,3
226000090,52,28,24
226000091,10,13,-3
226000092,0,2,-2
226000093,50,2,48
226000094,9,4,5
226000095,189,1,188
226000105,13,0,13
226000106,3,0,3
226000107,5,0,5
226000108,9,0,9
226000109,25,0,25
226000124,82,57,25
226000134,215,293,-78
226000135,522,432,90
226000136,130,258,-128
226000137,4,457,-453
226000138,10,256,-246
226000139,1,16,-15
226000156,57,0,57
226000157,57,10,47
226000163,56,21,35
226000202,4,373,-369
226000231,133,8,125
226000232,14,2,12
227000033,252,28,224
227000036,143,16,127
227000037,73,18,55
227000038,84,18,66
227000049,0,8,-8
227000050,0,52,-52
227000055,20,0,20
227000056,14,0,14
227000084,1,38,-37
227000085,0,31,-31
227000088,30,1,29
227000089,50,4,46
227000090,12,2,10
227000091,10,0,10
227000093,33,1,32
227000094,2,0,2
227000130,33,55,-22
227000131,4,260,-256
227000132,11,253,-242
227000133,17,292,-275
227000134,17,378,-361
227000152,0,3,-3
227000153,0,25,-25
227000155,0,14,-14
227000156,0,8,-8
227000165,3,23,-20
227000196,98,292,-194
227000199,118,444,-326
227000230,20,349,-329
227000232,123,8,115
227000242,54,441,-387
227000243,234,51,183
227000245,10,292,-282
227000246,53,352,-299
227000247,122,37,85
227000248,109,38,71
227000249,18,225,-207
227000250,297,109,188
227000251,199,283,-84
227000252,6,373,-367
227000253,54,14,40
227000262,180,17,163
227000266,391,13,378
227000267,43,1691,-1648
227000282,6,188,-182
227000284,127,21,106
227000286,1,65,-64
227000287,1,105,-104
227000291,9,469,-460
227000484,269,13,256
227000485,14,515,-501
227000655,33,10,23
227000656,399,26,373
227000657,17,14,3
227000661,141,13,128
227000680,119,23,96
229000265,2,23,-21
229000296,3,3,0
229000297,4,48,-44
229000298,3,189,-186
229000320,5,9,-4
229000321,2,2,0
229000412,26,31,-5
229000414,5,46,-41
229000415,10,0,10
229000416,0,6,-6
229000417,1,30,-29
229000419,64,223,-159
229000440,145,80,65
229000442,10,2,8
229000443,3,1,2
229000444,1,38,-37
229000445,32,1,31
229000446,44,19,25
229000847,7,0,7
229000848,3,0,3
229000849,65,0,65
229000851,10,1,9
229000854,0,54,-54
229000856,1,120,-119
229000857,0,33,-33
229000858,1,90,-89
229000919,5,53,-48
229000930,2,122,-120
229000937,49,16,33
229000966,37,18,19
229000981,12,30,-18
229000985,2,28,-26
229000986,7,9,-2
229000987,0,2,-2
229000988,0,3,-3
229000989,1,3,-2
229000990,3,0,3
229000991,0,1,-1
229000992,2,1,1
229000993,144,18,126
229000998,6,56,-50
229000999,43,10,33
229001034,1,8,-7
229001035,4,1,3
229001037,35,12,23
229001042,14,7,7
229001047,1,49,-48
229001050,18,29,-11
229001200,13,0,13
229001338,28,15,13
229001394,130,4,126
229001422,85,19,66
229001423,15,102,-87
229001431,31,27,4
229001432,13,46,-33
229001444,98,50,48
229001445,36,109,-73
229001503,114,60,54
229001504,46,204,-158
229001505,44,41,3
229001506,19,170,-151
229001509,37,27,10
229001545,66,4,62
229001546,2,36,-34
229001553,23,15,8
229001554,7,90,-83
229001559,3,4,-1
229001560,1,28,-27
229001630,72,23,49
229001631,1,25,-24
229001635,0,5,-5
229001636,0,1,-1
229001658,0,56,-56
229001659,47,6,41
229001660,0,6,-6
229001661,0,14,-14
229001662,14,1,13
229001663,0,7,-7
229002584,105,179,-74
229002831,159,93,66
229002841,4,16,-12
229002842,2,15,-13
229002843,22,12,10
229002844,15,31,-16
229002845,43,53,-10
229002846,20,5,15
229002847,3,3,0
229002848,3,8,-5
229002849,0,52,-52
229002850,9,0,9
229002851,34,60,-26
229002852,44,10,34
229002853,62,19,43
229002854,22,16,6
229002855,7,37,-30
229002856,10,15,-5
229002857,3,31,-28
229002858,2,0,2
229002859,15,12,3
229002860,20,2,18
229002861,11,6,5
229002862,14,29,-15
229002863,6,27,-21
229002864,6,34,-28
229002865,10,4,6
229002866,31,14,17
229002867,0,20,-20
229002868,6,11,-5
229002869,8,127,-119
229002870,27,7,20
235000066,218,91,127
235000067,69,138,-69
235000072,25,72,-47
235000073,62,180,-118
235000074,13,75,-62
235000080,9,89,-80
235000081,34,128,-94
235000082,54,45,9
235000083,82,54,28
235000084,20,27,-7
235000085,50,47,3
235000089,15,38,-23
235000092,5,115,-110
235000093,7,3,4
235000097,0,8,-8
235000098,24,14,10
235000099,10,22,-12
235000116,32,15,17
235000117,702,12,690
235000133,4,187,-183
235000134,6,83,-77
235000206,2,4,-2
235000207,2,1,1
235000208,0,0,0
235000209,3,1,2
235000210,1,0,1
235000212,5,21,-16
235000213,4,13,-9
235000220,0,2,-2
235000221,12,5,7
235000238,2,19,-17
235000239,0,7,-7
235000242,179,198,-19
235000245,849,133,716
235000246,1,37,-36
235000284,0,112,-112
235000295,93,3,90
235000305,118,19,99
235000306,41,1,40
235000307,10,2,8
235000308,14,0,14
235000309,22,0,22
235000310,16,0,16
235000311,39,12,27
235000322,0,12,-12
235000323,2,52,-50
235000324,2,14,-12
235000325,0,25,-25
235000326,5,306,-301
235000351,4,92,-88
235000352,18,51,-33
235000353,1,20,-19
235000354,1,42,-41
235000355,15,49,-34
235000356,25,8,17
235000357,22,6,16
235000358,24,12,12
235000359,3,3,0
235000360,36,5,31
235000361,24,2,22
235000381,41,289,-248
235000382,47,43,4
235000390,16,2,14
235000391,28,17,11
235000392,58,118,-60
235000393,33,60,-27
235000395,28,34,-6
235000396,127,40,87
235000400,173,103,70
235000401,232,211,21
235000405,76,288,-212
235000406,26,194,-168
235000407,44,85,-41
235000409,164,127,37
235000410,24,169,-145
235000411,0,75,-75
235000485,0,9,-9
235000486,4,0,4
235000549,17,41,-24
235000550,22,194,-172
235000599,39,40,-1
235000600,6,6,0
235000601,4,43,-39
235000602,29,145,-116
235000614,0,2,-2
235000648,0,14,-14
235000649,30,2,28
235000685,0,8,-8
235000815,3,21,-18
235000834,0,10,-10
235000855,33,43,-10
235000862,9,173,-164
235000891,0,16,-16
235000892,10,2,8
235000901,20,87,-67
235000907,2,5,-3
235001010,21,53,-32
235001029,415,280,135
235001030,212,118,94
235001078,75,79,-4
235001079,52,99,-47
235001147,23,27,-4
235001166,17,84,-67
235001167,6,44,-38
235001169,31,267,-236
235001188,1,6,-5
235001189,2,1,1
235001197,8,23,-15
235001200,16,33,-17
235001207,167,29,138
235001210,48,337,-289
235001215,24,231,-207
235001239,1,22,-21
235001244,0,8,-8
235016267,0,15,-15
277102712,35,37,-2
277103813,0,0,0
277103814,0,0,0
277104249,0,1,-1
277104250,0,16,-16
277104251,0,10,-10
277104252,0,1,-1
990011530,1,234,-233
990014944,0,403,-403
990015176,8,3,5
990015618,0,40,-40
990016032,0,301,-301
990032570,1,45,-44
990070001,43,3,40
990070103,0,4,-4
990070601,0,35,-35
990070751,178,1,177
990070766,2,829,-827
990071180,337,174,163
990071343,29,16,13
990071387,2,5,-3
990071823,124,2,122
990072600,2,620,-618
990072964,1,449,-448
990073285,0,2,-2
990074393,2,1040,-1038
990074870,390,32,358
990075106,371,3,368
990075746,122,0,122
990076437,397,2,395
990076458,4,1279,-1275
997000007,118,2,116
997000041,0,67,-67
997000058,15,1,14
997000062,17,3,14
997000069,0,2,-2
997000070,0,52,-52
997000100,13,0,13
997000141,1,621,-620
997000198,591,462,129
998000475,0,14,-14
998000736,2,316,-314
998000965,0,2,-2
998001031,0,69,-69
998001700,1,17,-16
998001899,0,1,-1
998001900,5,2,3
998003073,431,13,418
998101900,0,0,0
998102850,2,78,-76
998501927,396,381,15
998501929,45,0,45
998501930,53,0,53
998501931,55,3,52
998501932,2,1,1
998501933,23,0,23
998501937,7,0,7
998501944,1,0,1
998501950,0,3,-3
998501970,28,7,21
998501971,0,44,-44
998501973,0,67,-67
998501974,0,248,-248
998501975,107,1,106
998501976,96,59,37
998501977,0,49,-49
998501978,23,5,18
998501979,0,8,-8
998501980,97,1,96
998501981,8,8,0
998501982,1,58,-57
998501983,0,1,-1
998502006,0,1,-1
998502024,0,1,-1
998502032,0,2,-2
998502062,9,0,9
998502063,0,0,0
998502173,30,1,29
998502269,0,0,0
998502546,2,111,-109
998502578,2,4,-2
998502599,68,240,-172
998502621,1,2,-1
998601159,1,236,-235
998601292,0,13,-13
999033574,0,611,-611
999800001,11,2,9
999800002,0,2,-2
999800003,8,2,6
999800004,0,1,-1
999800005,0,3,-3
