dong,insum,outsum,diff
강남구 개포1동,215,131,84
강남구 개포2동,2897,2520,377
강남구 개포4동,1688,919,769
강남구 논현1동,8149,11070,-2921
강남구 논현2동,3760,7379,-3619
강남구 대치1동,1741,3489,-1748
강남구 대치2동,4173,10029,-5856
강남구 대치4동,4515,5801,-1286
강남구 도곡1동,3638,5282,-1644
강남구 도곡2동,762,986,-224
강남구 삼성1동,6526,13324,-6798
강남구 삼성2동,2417,5543,-3126
강남구 세곡동,7549,3171,4378
강남구 수서동,2782,6100,-3318
강남구 신사동,4363,8535,-4172
강남구 압구정동,11682,16414,-4732
강남구 역삼1동,11382,21871,-10489
강남구 역삼2동,3998,6050,-2052
강남구 일원1동,1485,701,784
강남구 일원2동,47,191,-144
강남구 일원본동,1435,1582,-147
강남구 청담동,6750,12998,-6248
강동구 강일동,5932,1352,4580
강동구 고덕제1동,889,451,438
강동구 고덕제2동,2412,3275,-863
강동구 길동,5232,3281,1951
강동구 둔촌제1동,72,319,-247
강동구 둔촌제2동,1053,1566,-513
강동구 명일제1동,2850,2497,353
강동구 명일제2동,1404,1281,123
강동구 상일동,3486,1932,1554
강동구 성내제1동,1754,1148,606
강동구 성내제2동,1810,5698,-3888
강동구 성내제3동,2960,3131,-171
강동구 암사제1동,1094,167,927
강동구 암사제2동,1265,1546,-281
강동구 암사제3동,863,110,753
강동구 천호제1동,2001,483,1518
강동구 천호제2동,3263,2948,315
강동구 천호제3동,3963,2606,1357
강북구 미아동,5445,4798,647
강북구 번1동,6864,8681,-1817
강북구 번2동,5499,1639,3860
강북구 번3동,7431,1964,5467
강북구 삼각산동,2335,661,1674
강북구 삼양동,7794,2186,5608
강북구 송중동,10641,13304,-2663
강북구 송천동,17574,9525,8049
강북구 수유1동,11753,5040,6713
강북구 수유2동,6510,1539,4971
강북구 수유3동,13965,14865,-900
강북구 우이동,7360,2215,5145
강북구 월곡제1동,807,502,305
강북구 인수동,5975,1548,4427
강서구 가양제1동,2788,2292,496
강서구 가양제2동,804,717,87
강서구 가양제3동,1470,655,815
강서구 공항동,3152,1948,1204
강서구 등촌제1동,3459,5083,-1624
강서구 등촌제2동,3140,1390,1750
강서구 등촌제3동,3698,5044,-1346
강서구 발산제1동,5370,4541,829
강서구 방화제1동,2845,1419,1426
강서구 방화제2동,3104,1974,1130
강서구 방화제3동,922,59,863
강서구 염창동,2194,1297,897
강서구 우장산동,3984,3535,449
강서구 화곡본동,4196,1315,2881
강서구 화곡제1동,11009,9794,1215
강서구 화곡제2동,4164,1135,3029
강서구 화곡제3동,1997,3900,-1903
강서구 화곡제4동,2816,1951,865
강서구 화곡제6동,6529,3381,3148
강서구 화곡제8동,3858,4283,-425
관악구 낙성대동,6909,12171,-5262
관악구 난곡동,13091,1249,11842
관악구 난향동,4977,1024,3953
관악구 남현동,6007,5854,153
관악구 대학동,8038,3668,4370
관악구 미성동,10062,5938,4124
관악구 보라매동,5625,3774,1851
관악구 삼성동,8465,2982,5483
관악구 서림동,10413,2550,7863
관악구 서원동,8257,13965,-5708
관악구 성현동,5464,1498,3966
관악구 신림동,10957,17163,-6206
관악구 신사동,5006,3665,1341
관악구 신원동,919,470,449
관악구 은천동,7674,4306,3368
관악구 인헌동,2331,723,1608
관악구 조원동,8740,23569,-14829
관악구 중앙동,2272,1710,562
관악구 청룡동,5215,8040,-2825
관악구 청림동,2056,370,1686
관악구 행운동,8401,8775,-374
광진구 광장동,885,1711,-826
광진구 구의제1동,3448,2179,1269
광진구 구의제2동,4287,3737,550
광진구 구의제3동,754,1496,-742
광진구 군자동,6028,5878,150
광진구 능동,5443,4634,809
광진구 자양제1동,1093,938,155
광진구 자양제2동,5762,1646,4116
광진구 자양제3동,1353,561,792
광진구 자양제4동,7722,6950,772
광진구 중곡제1동,4179,2258,1921
광진구 중곡제2동,4348,4136,212
광진구 중곡제3동,4530,1861,2669
광진구 중곡제4동,1343,564,779
광진구 화양동,3578,7368,-3790
구로구 가리봉동,7597,9230,-1633
구로구 개봉제1동,11063,7034,4029
구로구 개봉제2동,6638,6665,-27
구로구 개봉제3동,3095,806,2289
구로구 고척제1동,6488,4576,1912
구로구 고척제2동,6682,1267,5415
구로구 구로제1동,2166,2053,113
구로구 구로제2동,11941,10339,1602
구로구 구로제3동,9488,18427,-8939
구로구 구로제4동,12175,6877,5298
구로구 구로제5동,5249,10666,-5417
구로구 수궁동,6222,4783,1439
구로구 신도림동,5881,17015,-11134
구로구 오류제1동,4555,2880,1675
구로구 오류제2동,2749,2232,517
구로구 항동,1862,406,1456
금천구 가산동,12567,13407,-840
금천구 독산제1동,15372,10121,5251
금천구 독산제2동,12601,3103,9498
금천구 독산제3동,14185,7485,6700
금천구 독산제4동,10135,2955,7180
금천구 미성동,34,40,-6
금천구 시흥제1동,8666,7787,879
금천구 시흥제2동,4847,1540,3307
금천구 시흥제3동,3702,5109,-1407
금천구 시흥제4동,8275,607,7668
금천구 시흥제5동,10460,1875,8585
노원구 공릉1동,6196,6583,-387
노원구 공릉2동,5146,6530,-1384
노원구 상계10동,2118,2001,117
노원구 상계1동,3359,2596,763
노원구 상계2동,3766,5078,-1312
노원구 상계3.4동,1530,506,1024
노원구 상계5동,2382,684,1698
노원구 상계6.7동,3766,4349,-583
노원구 상계8동,2476,1139,1337
노원구 상계9동,1267,1122,145
노원구 월계1동,8075,7878,197
노원구 월계2동,4757,1201,3556
노원구 월계3동,3469,2665,804
노원구 중계1동,3020,1181,1839
노원구 중계2.3동,3401,3723,-322
노원구 중계4동,1909,2709,-800
노원구 중계본동,3811,813,2998
노원구 하계1동,5133,3168,1965
노원구 하계2동,3540,2775,765
도봉구 도봉제1동,6018,2400,3618
도봉구 도봉제2동,2114,3711,-1597
도봉구 방학제1동,5430,2504,2926
도봉구 방학제2동,3397,978,2419
도봉구 방학제3동,6731,1456,5275
도봉구 쌍문제1동,2237,657,1580
도봉구 쌍문제2동,7807,4572,3235
도봉구 쌍문제3동,3097,4522,-1425
도봉구 쌍문제4동,3589,735,2854
도봉구 창제1동,3873,6977,-3104
도봉구 창제2동,3244,1269,1975
도봉구 창제3동,4650,1546,3104
도봉구 창제4동,3365,5042,-1677
도봉구 창제5동,855,1373,-518
동대문구 답십리제1동,5669,5900,-231
동대문구 답십리제2동,7385,4754,2631
동대문구 면목제5동,107,33,74
동대문구 용신동,16759,21890,-5131
동대문구 이문제1동,2848,2476,372
동대문구 이문제2동,1512,1473,39
동대문구 장안제1동,6658,7702,-1044
동대문구 장안제2동,6764,3019,3745
동대문구 전농제1동,7283,9038,-1755
동대문구 전농제2동,6532,2150,4382
동대문구 제기동,12849,12930,-81
동대문구 청량리동,11411,14436,-3025
동대문구 회기동,1245,1884,-639
동대문구 휘경제1동,5573,6012,-439
동대문구 휘경제2동,4269,3800,469
동작구 노량진제1동,10363,18244,-7881
동작구 노량진제2동,5387,5724,-337
동작구 대방동,7798,7896,-98
동작구 사당제1동,4139,2763,1376
동작구 사당제2동,3272,3440,-168
동작구 사당제3동,1939,424,1515
동작구 사당제4동,100,5,95
동작구 사당제5동,1099,277,822
동작구 상도제1동,10672,8932,1740
동작구 상도제2동,5440,3290,2150
동작구 상도제3동,5026,1378,3648
동작구 상도제4동,4215,564,3651
동작구 신대방제1동,3184,1880,1304
동작구 신대방제2동,6252,6669,-417
동작구 흑석동,7050,5662,1388
마포구 공덕동,3996,3760,236
마포구 대흥동,5092,5483,-391
마포구 도화동,928,1131,-203
마포구 망원제1동,2799,627,2172
마포구 망원제2동,2225,1290,935
마포구 상암동,8284,10066,-1782
마포구 서강동,1328,1505,-177
마포구 서교동,10991,17749,-6758
마포구 성산제1동,2907,1449,1458
마포구 성산제2동,5166,2336,2830
마포구 신수동,175,76,99
마포구 아현동,5331,6127,-796
마포구 연남동,3892,3274,618
마포구 염리동,799,1003,-204
마포구 용강동,3389,3756,-367
마포구 합정동,2387,4501,-2114
서대문구 남가좌제1동,4488,2643,1845
서대문구 남가좌제2동,6993,1898,5095
서대문구 북가좌제1동,2619,2127,492
서대문구 북가좌제2동,6635,1518,5117
서대문구 북아현동,2027,2445,-418
서대문구 신촌동,11745,24110,-12365
서대문구 연희동,13402,9793,3609
서대문구 천연동,8239,8922,-683
서대문구 충현동,5019,10991,-5972
서대문구 홍은제1동,5114,3335,1779
서대문구 홍은제2동,8622,3381,5241
서대문구 홍제제1동,5699,4872,827
서대문구 홍제제2동,3503,2646,857
서대문구 홍제제3동,3707,1535,2172
서초구 내곡동,2276,4145,-1869
서초구 반포1동,4299,7379,-3080
서초구 반포2동,735,1367,-632
서초구 반포3동,2937,4850,-1913
서초구 반포4동,4190,8446,-4256
서초구 반포본동,2921,4806,-1885
서초구 방배1동,1811,2069,-258
서초구 방배2동,5637,5220,417
서초구 방배3동,2378,4587,-2209
서초구 방배4동,3348,2532,816
서초구 방배본동,1775,1567,208
서초구 서초1동,1626,3531,-1905
서초구 서초2동,6114,14991,-8877
서초구 서초3동,3405,9525,-6120
서초구 서초4동,3069,6353,-3284
서초구 양재1동,8427,10422,-1995
서초구 양재2동,4746,4314,432
서초구 잠원동,5356,10663,-5307
성동구 금호1가동,1413,353,1060
성동구 금호2.3가동,2549,1047,1502
성동구 금호4가동,2706,1310,1396
성동구 마장동,4027,6084,-2057
성동구 사근동,1681,2431,-750
성동구 성수1가제1동,2918,2792,126
성동구 성수1가제2동,1387,2606,-1219
성동구 성수2가제1동,3601,1716,1885
성동구 성수2가제3동,1416,3037,-1621
성동구 송정동,2809,1219,1590
성동구 옥수동,1567,1042,525
성동구 왕십리도선동,2408,3308,-900
성동구 왕십리제2동,3065,3516,-451
성동구 용답동,4743,4305,438
성동구 응봉동,1771,757,1014
성동구 행당제1동,2143,3407,-1264
성동구 행당제2동,4498,3596,902
성북구 길음제1동,8490,7830,660
성북구 길음제2동,3242,6747,-3505
성북구 돈암제1동,7260,5090,2170
성북구 돈암제2동,2638,737,1901
성북구 동선동,5596,6872,-1276
성북구 보문동,2679,2560,119
성북구 삼선동,6341,5543,798
성북구 석관동,5060,4268,792
성북구 성북동,9092,8964,128
성북구 안암동,2447,5643,-3196
성북구 월곡제1동,5085,4246,839
성북구 월곡제2동,2304,2424,-120
성북구 장위제1동,6106,1567,4539
성북구 장위제2동,3338,2391,947
성북구 장위제3동,3104,1973,1131
성북구 정릉제1동,4768,3460,1308
성북구 정릉제2동,7899,2419,5480
성북구 정릉제3동,2012,1918,94
성북구 정릉제4동,7591,1880,5711
성북구 종암동,11824,9390,2434
송파구 가락1동,623,638,-15
송파구 가락2동,4440,3535,905
송파구 가락본동,4333,5635,-1302
송파구 거여1동,1692,968,724
송파구 거여2동,569,75,494
송파구 마천1동,3106,793,2313
송파구 마천2동,5619,1588,4031
송파구 문정1동,1321,689,632
송파구 문정2동,3813,6067,-2254
송파구 방이1동,1479,864,615
송파구 방이2동,3950,4465,-515
송파구 삼전동,4490,1832,2658
송파구 석촌동,5280,5661,-381
송파구 송파1동,3866,2601,1265
송파구 송파2동,1294,1035,259
송파구 오금동,4467,3341,1126
송파구 오륜동,1237,2376,-1139
송파구 위례동,4282,1432,2850
송파구 잠실2동,1468,1837,-369
송파구 잠실3동,7143,10328,-3185
송파구 잠실4동,118,410,-292
송파구 잠실6동,1683,6923,-5240
송파구 잠실7동,1959,2721,-762
송파구 잠실본동,4722,4329,393
송파구 장지동,3715,1569,2146
송파구 풍납1동,4418,2018,2400
송파구 풍납2동,4129,5037,-908
양천구 목1동,4160,7294,-3134
양천구 목2동,3593,5518,-1925
양천구 목3동,5654,5678,-24
양천구 목4동,6515,1869,4646
양천구 목5동,4039,4269,-230
양천구 신월1동,4055,931,3124
양천구 신월2동,3592,2206,1386
양천구 신월3동,4416,1914,2502
양천구 신월4동,3775,868,2907
양천구 신월5동,3108,2034,1074
양천구 신월6동,3823,1098,2725
양천구 신월7동,8749,1969,6780
양천구 신정1동,2070,3367,-1297
양천구 신정2동,934,469,465
양천구 신정3동,9774,4307,5467
양천구 신정4동,5650,9318,-3668
양천구 신정6동,1032,1052,-20
양천구 신정7동,2302,1773,529
영등포구 당산제1동,3508,5193,-1685
영등포구 당산제2동,3300,8128,-4828
영등포구 대림제1동,3930,3148,782
영등포구 대림제2동,1860,2693,-833
영등포구 대림제3동,3497,2222,1275
영등포구 도림동,1514,535,979
영등포구 문래동,4065,6336,-2271
영등포구 신길제1동,7317,4941,2376
영등포구 신길제3동,8082,2678,5404
영등포구 신길제4동,3402,1296,2106
영등포구 신길제5동,3610,2807,803
영등포구 신길제6동,3577,2741,836
영등포구 신길제7동,1922,1932,-10
영등포구 양평제1동,1986,2089,-103
영등포구 양평제2동,3828,4987,-1159
영등포구 여의동,18173,43161,-24988
영등포구 영등포동,11710,19275,-7565
영등포구 영등포본동,4758,8665,-3907
용산구 남영동,8239,11546,-3307
용산구 보광동,2598,632,1966
용산구 서빙고동,2330,2385,-55
용산구 용문동,628,614,14
용산구 용산2가동,2433,899,1534
용산구 원효로제1동,2249,2893,-644
용산구 원효로제2동,2351,1296,1055
용산구 이촌제1동,1489,3026,-1537
용산구 이촌제2동,1087,254,833
용산구 이태원제1동,2694,2427,267
용산구 이태원제2동,1128,727,401
용산구 청파동,3615,2384,1231
용산구 필동,0,0,0
용산구 한강로동,4993,13580,-8587
용산구 한남동,8377,11972,-3595
용산구 효창동,2249,749,1500
용산구 후암동,2461,802,1659
은평구 갈현제1동,5373,1282,4091
은평구 갈현제2동,3006,1011,1995
은평구 구산동,6864,1084,5780
은평구 녹번동,5899,3995,1904
은평구 대조동,8734,9220,-486
은평구 불광제1동,4505,3511,994
은평구 불광제2동,6339,4595,1744
은평구 수색동,3367,3148,219
은평구 신사제1동,5790,3736,2054
은평구 신사제2동,4425,2538,1887
은평구 역촌동,9867,3499,6368
은평구 응암제1동,7934,8998,-1064
은평구 응암제2동,3164,618,2546
은평구 응암제3동,4632,1977,2655
은평구 증산동,4322,4074,248
은평구 진관동,7569,6310,1259
종로구 가회동,28,2,26
종로구 교남동,376,641,-265
종로구 무악동,630,585,45
종로구 부암동,3465,2000,1465
종로구 사직동,7391,17407,-10016
종로구 삼청동,426,1580,-1154
종로구 숭인제1동,236,119,117
종로구 숭인제2동,6006,8578,-2572
종로구 이화동,3782,6846,-3064
종로구 종로1.2.3.4가동,17382,42262,-24880
종로구 종로5.6가동,4444,5085,-641
종로구 창신제1동,8253,2882,5371
종로구 창신제2동,4963,4497,466
종로구 창신제3동,375,182,193
종로구 청운효자동,1448,2073,-625
종로구 충현동,1070,729,341
종로구 평창동,3084,2632,452
종로구 혜화동,5957,8146,-2189
중구 광희동,11960,9048,2912
중구 다산동,2833,2779,54
중구 동화동,131,256,-125
중구 명동,3631,15669,-12038
중구 소공동,7626,18001,-10375
중구 신당동,6913,2975,3938
중구 신당제5동,2366,1644,722
중구 약수동,1093,677,416
중구 을지로동,1135,5667,-4532
중구 장충동,584,1783,-1199
중구 중림동,1508,2626,-1118
중구 청구동,754,544,210
중구 필동,1114,2711,-1597
중구 황학동,2642,1890,752
중구 회현동,13590,26793,-13203
중랑구 망우본동,8493,4744,3749
중랑구 망우제3동,4142,926,3216
중랑구 면목본동,7138,5040,2098
중랑구 면목제2동,4031,1230,2801
중랑구 면목제3.8동,5794,3269,2525
중랑구 면목제4동,4118,2247,1871
중랑구 면목제5동,3878,1662,2216
중랑구 면목제7동,2660,1746,914
중랑구 묵제1동,2409,2512,-103
중랑구 묵제2동,2741,1033,1708
중랑구 상봉제1동,3985,3654,331
중랑구 상봉제2동,4594,7233,-2639
중랑구 신내1동,9008,1745,7263
중랑구 신내2동,4754,3203,1551
중랑구 중화제1동,1514,2420,-906
중랑구 중화제2동,6945,6076,869
NA,172992,81554,91438
