ID,insum,outsum,diff
100000001,220,200,20
100000002,70,95,-25
100000003,464,281,183
100000004,95,36,59
100000005,138,363,-225
100000006,2,2,0
100000007,0,2,-2
100000008,7,48,-41
100000009,0,0,0
100000010,0,0,0
100000011,0,0,0
100000012,4,79,-75
100000013,0,13,-13
100000014,24,37,-13
100000015,15,4,11
100000016,42,129,-87
100000017,17,103,-86
100000018,133,73,60
100000019,767,265,502
100000020,19,9,10
100000021,545,148,397
100000022,44,34,10
100000023,342,44,298
100000025,843,194,649
100000028,382,331,51
100000029,62,75,-13
100000030,0,0,0
100000031,364,253,111
100000032,531,279,252
100000033,82,303,-221
100000034,515,461,54
100000035,80,48,32
100000036,181,173,8
100000037,4,0,4
100000038,4,2,2
100000039,7,3,4
100000040,0,0,0
100000041,2,1,1
100000042,0,0,0
100000043,0,0,0
100000044,16,114,-98
100000045,81,157,-76
100000046,52,186,-134
100000047,19,182,-163
100000048,50,255,-205
100000049,256,473,-217
100000051,72,254,-182
100000053,2,1,1
100000054,3,2,1
100000055,75,94,-19
100000056,0,0,0
100000057,5,0,5
100000058,141,306,-165
100000059,0,12,-12
100000060,27,38,-11
100000061,77,61,16
100000062,104,61,43
100000063,45,42,3
100000064,58,78,-20
100000065,76,180,-104
100000066,26,137,-111
100000067,35,138,-103
100000068,55,173,-118
100000069,41,195,-154
100000072,82,100,-18
100000073,219,424,-205
100000075,62,106,-44
100000076,77,135,-58
100000077,0,0,0
100000078,0,0,0
100000079,0,0,0
100000080,0,0,0
100000081,0,0,0
100000102,37,114,-77
100000103,379,113,266
100000104,367,139,228
100000105,527,74,453
100000106,48,79,-31
100000107,28,17,11
100000108,239,377,-138
100000109,1008,648,360
100000116,206,92,114
100000117,0,0,0
100000118,732,1331,-599
100000119,36,416,-380
100000121,0,0,0
100000122,23,153,-130
100000123,493,678,-185
100000124,2264,1099,1165
100000125,264,16,248
100000126,35,14,21
100000127,75,27,48
100000128,95,190,-95
100000129,22,131,-109
100000130,0,0,0
100000131,926,542,384
100000132,199,77,122
100000133,3421,1416,2005
100000135,8,0,8
100000139,0,0,0
100000140,77,193,-116
100000142,0,0,0
100000143,278,389,-111
100000144,536,241,295
100000147,84,153,-69
100000150,1,49,-48
100000151,0,0,0
100000153,0,0,0
100000154,1,49,-48
100000155,0,0,0
100000156,0,0,0
100000157,0,0,0
100000158,0,0,0
100000159,30,28,2
100000165,313,149,164
100000169,1,0,1
100000174,32,41,-9
100000179,0,0,0
100000180,1,13,-12
100000181,5,55,-50
100000188,0,0,0
100000189,0,0,0
100000190,270,143,127
100000191,23,22,1
100000192,0,0,0
100000193,0,0,0
100000330,157,70,87
100000355,21,76,-55
100000362,977,775,202
100000363,133,174,-41
100000364,21,32,-11
100000365,1478,1343,135
100000366,2089,1125,964
100000367,881,1096,-215
100000368,643,678,-35
100000369,2,10,-8
100000370,1,17,-16
100000376,3,17,-14
100000379,156,164,-8
100000380,416,573,-157
100000384,1965,993,972
100000385,943,884,59
100000386,1644,846,798
100000387,1727,750,977
100000388,5022,1711,3311
100000389,3694,951,2743
100000390,4635,1287,3348
100000391,2759,701,2058
100000392,1317,426,891
100000393,316,230,86
100000394,1653,1272,381
100000395,851,362,489
100000396,1053,821,232
100000397,887,365,522
100000398,4906,3627,1279
100000413,0,0,0
100900002,0,0,0
100900003,0,0,0
100900004,5,70,-65
100900005,0,0,0
100900006,0,0,0
100900007,0,0,0
100900008,1,54,-53
100900009,0,0,0
100900010,0,0,0
100900011,0,0,0
100900012,0,28,-28
100900013,0,0,0
100900014,0,0,0
100900015,0,0,0
100900016,0,0,0
100900017,0,0,0
100900018,0,0,0
100900019,0,0,0
100900020,0,0,0
100900021,0,0,0
100900022,0,0,0
100900023,0,0,0
100900024,0,0,0
100900025,0,0,0
100900026,0,0,0
100900027,0,0,0
100900028,0,0,0
100900029,0,0,0
100900030,0,0,0
100900031,0,0,0
100900032,0,0,0
100900033,0,0,0
100900034,0,0,0
100900035,0,0,0
100900036,0,0,0
100900037,0,0,0
100900038,0,0,0
100900039,21,39,-18
100900040,0,62,-62
100900041,0,47,-47
100900042,0,0,0
100900043,0,0,0
100900044,0,0,0
100900045,0,0,0
100900046,0,0,0
100900047,0,0,0
100900048,0,0,0
100900049,0,0,0
100900050,0,0,0
100900051,0,0,0
100900052,0,0,0
100900053,1,11,-10
100900054,0,0,0
100900055,0,0,0
100900056,0,0,0
100900057,0,0,0
100900058,0,0,0
100900059,0,0,0
100900060,0,0,0
100900061,0,0,0
100900062,0,0,0
100900063,0,0,0
100900064,0,0,0
100900065,0,0,0
100900066,0,0,0
100900067,0,0,0
100900068,0,0,0
100900069,0,0,0
100900070,0,0,0
100900071,0,0,0
100900072,0,0,0
100900073,0,0,0
100900074,0,0,0
100900075,113,10,103
100900076,0,0,0
100900077,0,0,0
100900078,0,0,0
100900079,0,0,0
100900080,0,0,0
100900081,0,0,0
100900082,0,0,0
100900083,0,0,0
100900085,0,0,0
100900086,0,0,0
100900088,0,0,0
100900089,0,0,0
100900090,0,0,0
100900091,0,0,0
100900092,0,0,0
100900093,0,0,0
100900094,0,0,0
100900095,0,0,0
100900096,0,0,0
100900097,0,0,0
100900098,0,0,0
100900099,0,7,-7
100900100,0,0,0
100900101,0,0,0
100900102,0,0,0
100900103,0,0,0
100900104,0,0,0
100900105,0,0,0
100900106,0,0,0
100900107,0,0,0
100900108,0,0,0
100900109,0,0,0
100900110,0,0,0
100900111,0,1,-1
100900112,0,0,0
100900113,0,0,0
100900114,0,0,0
100900115,0,0,0
100900116,0,0,0
100900117,0,0,0
100900118,0,0,0
100900119,0,0,0
100900120,0,0,0
100900121,0,0,0
100900122,15,10,5
100900123,0,0,0
100900124,0,0,0
100900125,0,0,0
100900126,0,0,0
100900127,0,0,0
100900128,9,2,7
100900129,0,0,0
100900131,0,0,0
100900133,0,0,0
100900134,0,0,0
100900135,0,0,0
100900137,0,0,0
100900138,0,0,0
100900139,0,0,0
100900140,0,38,-38
100900141,0,0,0
100900142,0,0,0
100900143,0,0,0
100900144,0,0,0
100900145,0,0,0
100900146,0,0,0
100900147,0,0,0
100900148,1,53,-52
100900149,0,0,0
100900150,0,0,0
100900151,1,40,-39
100900152,0,0,0
100900153,0,0,0
100900154,0,0,0
100900155,0,0,0
100900156,0,0,0
100900157,0,0,0
100900159,0,0,0
100900160,0,0,0
100900161,0,0,0
100900162,0,0,0
100900163,5,12,-7
100900164,0,0,0
100900165,0,0,0
100900166,0,0,0
100900167,0,0,0
100900168,0,0,0
100900169,11,95,-84
100900170,0,0,0
100900171,1,52,-51
100900172,0,0,0
100900173,2,37,-35
100900174,0,0,0
100900176,0,0,0
100900177,0,0,0
100900178,0,0,0
100900179,0,0,0
100900180,0,0,0
100900181,0,0,0
100900182,0,0,0
100900184,0,0,0
100900186,0,0,0
100900187,0,0,0
100900188,0,0,0
100900189,0,0,0
100900191,0,0,0
100900192,0,0,0
100900195,0,0,0
100900197,0,0,0
100900198,0,0,0
100900199,0,0,0
100900200,27,11,16
100900201,1,57,-56
100900202,0,0,0
100900203,0,0,0
100900204,0,0,0
100900205,0,0,0
100900206,0,0,0
100900207,0,0,0
100900210,3,42,-39
100900211,0,0,0
100900213,0,0,0
100900214,138,6,132
100900215,0,0,0
100900217,0,0,0
101000001,521,131,390
101000002,903,304,599
101000003,77,35,42
101000004,3037,310,2727
101000005,776,342,434
101000006,1268,974,294
101000007,1825,857,968
101000008,1022,433,589
101000009,120,242,-122
101000010,64,90,-26
101000011,301,24,277
101000012,0,0,0
101000013,200,73,127
101000014,26,8,18
101000015,207,128,79
101000016,11,10,1
101000017,89,74,15
101000018,561,456,105
101000020,590,148,442
101000021,44,4,40
101000022,362,111,251
101000023,431,446,-15
101000025,0,0,0
101000026,18,0,18
101000027,496,130,366
101000028,160,95,65
101000029,5,72,-67
101000030,121,20,101
101000031,23,0,23
101000032,451,384,67
101000033,597,361,236
101000034,585,310,275
101000035,148,23,125
101000036,306,118,188
101000037,617,120,497
101000039,332,189,143
101000040,1087,328,759
101000041,520,133,387
101000042,16,91,-75
101000043,717,350,367
101000045,98,38,60
101000046,400,123,277
101000047,72,56,16
101000048,57,45,12
101000049,28,117,-89
101000050,41,23,18
101000051,323,97,226
101000052,511,74,437
101000053,103,20,83
101000054,311,33,278
101000055,344,53,291
101000056,24,7,17
101000057,1157,205,952
101000058,678,46,632
101000059,197,25,172
101000060,412,96,316
101000061,65,15,50
101000062,1163,127,1036
101000063,3,14,-11
101000064,433,89,344
101000065,18,17,1
101000066,2,6,-4
101000067,148,183,-35
101000068,58,55,3
101000069,154,14,140
101000070,370,620,-250
101000071,576,249,327
101000072,295,297,-2
101000073,27,20,7
101000074,1484,463,1021
101000075,3611,1069,2542
101000077,263,260,3
101000078,160,110,50
101000079,134,188,-54
101000080,563,410,153
101000081,138,121,17
101000082,436,219,217
101000083,130,84,46
101000084,206,209,-3
101000085,71,7,64
101000086,497,360,137
101000087,266,258,8
101000088,34,6,28
101000089,38,23,15
101000090,555,283,272
101000091,33,106,-73
101000092,317,87,230
101000093,125,23,102
101000094,200,319,-119
101000095,89,220,-131
101000096,11,20,-9
101000097,31,72,-41
101000098,7,25,-18
101000099,180,138,42
101000100,223,203,20
101000101,4,18,-14
101000102,176,105,71
101000103,94,35,59
101000104,35,37,-2
101000105,0,0,0
101000106,19,34,-15
101000107,11,36,-25
101000108,0,0,0
101000109,12,5,7
101000110,0,0,0
101000111,3,27,-24
101000113,0,0,0
101000114,675,289,386
101000115,0,0,0
101000116,0,0,0
101000117,0,0,0
101000119,66,8,58
101000120,122,8,114
101000121,34,2,32
101000122,23,33,-10
101000123,18,14,4
101000124,289,204,85
101000125,52,130,-78
101000128,95,79,16
101000130,259,83,176
101000131,41,37,4
101000132,136,294,-158
101000135,76,6,70
101000136,70,80,-10
101000137,8,25,-17
101000141,242,124,118
101000147,214,206,8
101000148,148,0,148
101000149,0,0,0
101000150,0,1,-1
101000151,0,1,-1
101000152,31,48,-17
101000153,34,18,16
101000154,3,81,-78
101000155,25,31,-6
101000156,9,88,-79
101000157,0,0,0
101000160,0,0,0
101000163,0,0,0
101000164,49,118,-69
101000165,96,41,55
101000166,24,18,6
101000168,30,57,-27
101000252,58,126,-68
101000254,253,35,218
101000258,0,0,0
101000261,0,0,0
101000262,23,105,-82
101000263,8,13,-5
101000265,5,82,-77
101000266,31,26,5
101000269,196,36,160
101000290,196,20,176
101000293,0,0,0
101000294,176,93,83
101000295,13,38,-25
101000301,171,76,95
101000304,638,802,-164
101000305,340,380,-40
101000328,7,45,-38
101900001,0,0,0
101900002,0,0,0
101900003,9,16,-7
101900004,0,0,0
101900005,178,17,161
101900006,0,0,0
101900007,0,0,0
101900008,0,0,0
101900009,0,0,0
101900010,0,0,0
101900011,0,0,0
101900012,0,0,0
101900013,49,0,49
101900017,0,0,0
101900018,0,0,0
101900019,0,0,0
101900020,0,0,0
101900021,0,0,0
101900022,0,0,0
101900023,0,0,0
101900026,0,0,0
101900027,0,0,0
102000001,241,438,-197
102000002,188,130,58
102000003,1159,616,543
102000004,768,207,561
102000005,504,439,65
102000006,287,182,105
102000007,561,659,-98
102000008,630,238,392
102000009,1103,1123,-20
102000010,1221,652,569
102000011,658,621,37
102000012,377,469,-92
102000018,167,43,124
102000019,20,21,-1
102000026,0,0,0
102000029,0,0,0
102000030,3,5,-2
102000031,0,0,0
102000032,7,6,1
102000033,0,1,-1
102000034,8,7,1
102000035,0,0,0
102000036,0,0,0
102000037,3,3,0
102000038,2,5,-3
102000039,0,0,0
102000040,14,3,11
102000041,0,0,0
102000042,0,0,0
102000043,10,8,2
102000044,0,0,0
102000045,46,53,-7
102000046,30,13,17
102000047,32,73,-41
102000048,5,12,-7
102000049,19,8,11
102000050,36,75,-39
102000051,23,16,7
102000052,68,72,-4
102000053,23,42,-19
102000054,22,121,-99
102000055,114,171,-57
102000056,58,109,-51
102000057,98,16,82
102000058,89,215,-126
102000059,145,262,-117
102000060,48,24,24
102000061,200,401,-201
102000062,48,58,-10
102000063,190,261,-71
102000064,96,116,-20
102000065,6,17,-11
102000066,489,143,346
102000067,258,384,-126
102000068,842,308,534
102000069,0,8,-8
102000070,243,8,235
102000071,1516,1790,-274
102000072,834,1194,-360
102000073,7,149,-142
102000074,19,137,-118
102000075,6,85,-79
102000076,18,169,-151
102000077,16,328,-312
102000078,80,354,-274
102000079,7,84,-77
102000080,45,67,-22
102000081,31,200,-169
102000082,80,66,14
102000083,22,136,-114
102000084,0,0,0
102000085,127,171,-44
102000086,60,37,23
102000087,75,239,-164
102000088,15,12,3
102000089,0,0,0
102000090,144,113,31
102000091,316,91,225
102000092,150,102,48
102000093,54,82,-28
102000094,0,0,0
102000095,109,217,-108
102000096,0,0,0
102000097,190,268,-78
102000098,8,15,-7
102000099,91,39,52
102000100,8,6,2
102000101,36,16,20
102000102,39,5,34
102000103,148,41,107
102000104,52,10,42
102000105,4,32,-28
102000106,13,52,-39
102000107,0,0,0
102000108,10,13,-3
102000109,0,0,0
102000110,0,0,0
102000111,0,0,0
102000112,9,4,5
102000113,0,0,0
102000114,0,0,0
102000115,34,15,19
102000116,5,10,-5
102000117,14,82,-68
102000118,11,64,-53
102000119,516,49,467
102000120,10,5,5
102000121,44,76,-32
102000122,19,5,14
102000123,84,54,30
102000124,52,11,41
102000125,63,43,20
102000126,47,18,29
102000127,88,22,66
102000128,36,33,3
102000129,43,52,-9
102000130,28,30,-2
102000131,39,36,3
102000132,21,19,2
102000133,148,333,-185
102000134,55,47,8
102000135,0,0,0
102000136,1,4,-3
102000137,33,13,20
102000138,0,0,0
102000139,0,0,0
102000140,7,5,2
102000141,3,16,-13
102000142,5,21,-16
102000143,4,29,-25
102000144,5,35,-30
102000145,3,15,-12
102000146,0,0,0
102000147,13,11,2
102000148,0,0,0
102000149,0,0,0
102000150,1,1,0
102000151,0,0,0
102000152,0,0,0
102000153,0,0,0
102000154,5,18,-13
102000155,15,11,4
102000156,30,4,26
102000157,4,9,-5
102000158,8,4,4
102000159,51,8,43
102000161,453,158,295
102000162,36,49,-13
102000163,0,0,0
102000164,0,0,0
102000165,93,39,54
102000166,11,42,-31
102000167,23,121,-98
102000168,32,39,-7
102000169,35,132,-97
102000170,328,94,234
102000171,19,19,0
102000172,6,79,-73
102000173,59,27,32
102000174,2,11,-9
102000175,3,2,1
102000176,3,0,3
102000178,15,72,-57
102000179,3,21,-18
102000180,37,84,-47
102000181,9,79,-70
102000182,142,104,38
102000183,90,120,-30
102000184,162,263,-101
102000185,52,98,-46
102000186,83,380,-297
102000187,75,346,-271
102000188,11,88,-77
102000189,452,170,282
102000190,72,114,-42
102000191,155,19,136
102000192,158,187,-29
102000193,0,0,0
102000194,0,0,0
102000195,18,33,-15
102000196,0,0,0
102000197,14,42,-28
102000198,0,0,0
102000199,8,31,-23
102000200,0,0,0
102000201,15,29,-14
102000202,0,0,0
102000203,10,40,-30
102000204,1,3,-2
102000205,3,3,0
102000206,82,84,-2
102000207,0,3,-3
102000208,11,81,-70
102000209,5,0,5
102000210,0,118,-118
102000211,11,45,-34
102000212,0,0,0
102000213,0,18,-18
102000214,0,0,0
102000215,0,55,-55
102000216,0,0,0
102000217,0,36,-36
102000218,0,0,0
102000219,30,28,2
102000225,0,0,0
102000226,0,0,0
102000227,0,0,0
102000228,0,8,-8
102000229,6,2,4
102000230,21,41,-20
102000231,23,8,15
102000232,0,0,0
102000233,10,20,-10
102000234,0,0,0
102000236,3,0,3
102000237,11,5,6
102000238,2,0,2
102000240,206,299,-93
102000241,26,8,18
102000243,0,2,-2
102000245,18,40,-22
102000246,0,0,0
102000247,104,135,-31
102000248,74,101,-27
102000249,18,38,-20
102000250,0,134,-134
102000254,0,0,0
102000266,0,0,0
102000271,0,1,-1
102000286,0,0,0
102000297,26,13,13
102000299,0,0,0
102000301,0,0,0
102000303,0,0,0
102000305,0,0,0
102000307,0,8,-8
102900001,0,0,0
102900002,0,0,0
102900003,1,25,-24
102900005,0,0,0
102900006,0,0,0
102900007,0,0,0
102900008,0,0,0
102900009,0,0,0
102900010,0,0,0
102900011,0,0,0
102900012,0,0,0
102900013,0,0,0
102900015,0,0,0
102900016,0,0,0
102900017,0,0,0
102900018,0,0,0
102900019,0,0,0
102900020,0,0,0
102900021,0,0,0
102900022,15,4,11
102900023,0,0,0
102900024,0,0,0
102900025,0,0,0
102900026,0,0,0
102900027,0,0,0
102900028,0,0,0
102900029,3,1,2
102900030,0,0,0
102900031,0,0,0
102900032,0,5,-5
102900033,0,0,0
102900034,0,0,0
102900035,0,46,-46
102900036,0,0,0
102900037,0,0,0
102900038,0,0,0
102900039,0,0,0
102900040,0,0,0
102900041,0,0,0
102900042,0,0,0
102900043,0,0,0
102900044,0,0,0
102900045,0,0,0
102900046,0,0,0
102900047,0,0,0
102900048,0,0,0
102900049,0,0,0
102900050,0,0,0
102900051,0,0,0
102900053,0,0,0
102900054,0,0,0
102900055,0,0,0
102900056,0,0,0
102900057,0,0,0
102900058,0,0,0
102900059,0,0,0
102900060,0,0,0
102900061,0,0,0
102900062,0,0,0
102900063,0,0,0
102900064,0,0,0
102900065,0,0,0
102900066,0,0,0
102900068,0,0,0
102900070,1,55,-54
102900072,0,3,-3
102900073,4,0,4
102900075,0,0,0
102900076,0,0,0
102900077,0,0,0
102900078,0,0,0
102900079,0,0,0
102900080,0,0,0
102900081,0,0,0
102900082,0,0,0
102900083,0,0,0
102900084,0,0,0
102900085,0,0,0
102900086,0,0,0
102900087,0,0,0
102900088,0,0,0
102900089,0,0,0
102900090,0,50,-50
102900091,2,0,2
102900092,11,60,-49
102900094,0,0,0
102900095,0,0,0
102900096,0,3,-3
102900097,12,19,-7
103000001,484,584,-100
103000002,246,389,-143
103000003,694,490,204
103000004,92,153,-61
103000005,109,132,-23
103000006,39,120,-81
103000007,24,65,-41
103000008,64,209,-145
103000009,19,15,4
103000010,4,8,-4
103000011,304,213,91
103000012,189,116,73
103000013,1763,395,1368
103000014,43,27,16
103000015,265,236,29
103000016,48,18,30
103000017,0,0,0
103000018,0,0,0
103000019,0,0,0
103000020,234,373,-139
103000021,18,17,1
103000022,179,242,-63
103000023,10,28,-18
103000024,0,0,0
103000025,0,0,0
103000026,0,0,0
103000027,0,0,0
103000028,0,0,0
103000029,30,2,28
103000030,634,117,517
103000031,86,58,28
103000032,362,286,76
103000033,133,37,96
103000034,643,241,402
103000035,168,124,44
103000036,74,41,33
103000037,272,119,153
103000038,105,67,38
103000039,39,86,-47
103000040,4,62,-58
103000041,378,659,-281
103000042,137,124,13
103000043,15,46,-31
103000044,22,4,18
103000046,46,12,34
103000047,0,0,0
103000048,13,6,7
103000049,0,0,0
103000050,6,28,-22
103000051,12,5,7
103000052,13,4,9
103000053,0,13,-13
103000054,284,165,119
103000055,77,58,19
103000056,113,278,-165
103000057,79,69,10
103000058,76,134,-58
103000059,26,39,-13
103000060,197,212,-15
103000061,22,17,5
103000062,156,187,-31
103000063,53,34,19
103000064,51,100,-49
103000065,0,1,-1
103000066,1,0,1
103000069,2,1,1
103000070,43,203,-160
103000071,11,10,1
103000072,21,167,-146
103000073,0,0,0
103000074,0,0,0
103000075,51,178,-127
103000076,0,0,0
103000077,5,81,-76
103000078,0,0,0
103000079,158,31,127
103000080,0,0,0
103000081,52,67,-15
103000082,0,0,0
103000083,3,47,-44
103000084,0,0,0
103000085,0,13,-13
103000086,38,18,20
103000087,17,82,-65
103000088,81,56,25
103000089,8,15,-7
103000090,326,218,108
103000091,78,65,13
103000092,0,0,0
103000093,35,128,-93
103000094,0,0,0
103000095,2,75,-73
103000096,0,0,0
103000097,6,82,-76
103000098,0,0,0
103000099,15,51,-36
103000100,8,173,-165
103000101,0,0,0
103000102,16,182,-166
103000103,0,15,-15
103000104,2,39,-37
103000105,1,14,-13
103000106,0,58,-58
103000107,7,27,-20
103000108,39,61,-22
103000109,109,32,77
103000110,237,107,130
103000111,168,87,81
103000112,8,5,3
103000113,42,87,-45
103000114,20,10,10
103000115,20,59,-39
103000116,28,50,-22
103000117,9,53,-44
103000118,97,225,-128
103000119,316,214,102
103000120,18,17,1
103000121,64,101,-37
103000122,6,4,2
103000125,0,0,0
103000126,1,0,1
103000127,0,0,0
103000128,0,0,0
103000129,0,0,0
103000130,0,0,0
103000131,0,0,0
103000132,2,4,-2
103000133,0,0,0
103000134,132,78,54
103000135,74,38,36
103000136,242,122,120
103000137,103,78,25
103000138,305,50,255
103000139,0,11,-11
103000140,0,0,0
103000141,3,11,-8
103000142,0,0,0
103000143,7,38,-31
103000144,0,0,0
103000145,0,0,0
103000150,2,3,-1
103000152,37,50,-13
103000153,2,5,-3
103000156,0,0,0
103000157,0,0,0
103000159,32,15,17
103000162,0,0,0
103000163,0,0,0
103000164,0,0,0
103000165,0,0,0
103000166,0,0,0
103000167,5,4,1
103000168,19,19,0
103000169,0,0,0
103000170,86,29,57
103000171,0,0,0
103000172,0,0,0
103000173,28,154,-126
103000174,0,0,0
103000175,69,228,-159
103000176,0,0,0
103000177,109,82,27
103000178,219,100,119
103000179,3,0,3
103000183,0,7,-7
103000185,0,14,-14
103000186,0,0,0
103000187,25,137,-112
103000188,0,9,-9
103000189,71,234,-163
103000191,36,44,-8
103000292,256,19,237
103000293,0,0,0
103000295,0,0,0
103000296,2,1,1
103000297,0,0,0
103000504,0,0,0
103000505,1,0,1
103000506,0,2,-2
103000507,0,0,0
103000508,9,7,2
103000509,24,145,-121
103900001,0,0,0
103900002,0,0,0
103900003,0,7,-7
103900004,0,0,0
103900005,0,0,0
103900006,0,0,0
103900007,0,0,0
103900008,0,0,0
103900009,2,32,-30
103900010,2,19,-17
103900011,3,49,-46
103900012,0,0,0
103900013,0,16,-16
103900014,0,0,0
103900015,0,0,0
103900016,19,24,-5
103900017,3,4,-1
103900018,26,5,21
103900019,0,0,0
103900020,0,0,0
103900021,0,0,0
103900022,2,48,-46
103900023,0,0,0
103900024,0,3,-3
103900025,0,0,0
103900026,0,0,0
103900027,0,0,0
103900028,0,24,-24
103900029,14,27,-13
103900030,0,0,0
103900031,0,0,0
103900032,0,0,0
103900033,0,0,0
103900034,1,11,-10
103900035,1,4,-3
103900036,0,0,0
103900037,0,0,0
103900038,0,0,0
103900039,0,76,-76
103900040,0,6,-6
103900041,0,0,0
103900042,1,69,-68
103900043,0,0,0
103900044,0,0,0
103900045,0,0,0
103900047,2,14,-12
103900048,0,0,0
103900049,0,0,0
103900050,0,40,-40
103900051,0,8,-8
103900052,3,21,-18
103900053,1,73,-72
103900054,0,0,0
103900055,11,7,4
103900056,0,7,-7
103900057,0,0,0
103900058,4,68,-64
103900059,0,0,0
103900060,0,0,0
103900061,0,0,0
103900062,1,3,-2
103900063,0,0,0
103900064,0,0,0
103900065,63,27,36
103900066,0,0,0
103900067,0,0,0
103900068,0,0,0
103900069,0,0,0
103900070,0,0,0
103900071,2,9,-7
103900072,0,59,-59
103900073,0,0,0
103900074,0,0,0
103900075,0,0,0
103900076,4,19,-15
103900077,0,0,0
103900078,0,0,0
103900079,0,0,0
103900080,0,0,0
103900081,0,0,0
103900082,0,0,0
103900083,0,0,0
103900084,0,0,0
103900085,0,0,0
103900086,0,0,0
103900088,0,0,0
103900089,0,0,0
103900090,0,0,0
103900091,0,0,0
103900092,2,21,-19
103900093,0,0,0
103900094,0,0,0
103900095,0,1,-1
103900096,0,0,0
103900097,0,0,0
103900098,3,1,2
103900099,0,1,-1
103900100,4,38,-34
103900101,0,0,0
103900102,0,0,0
103900104,0,0,0
103900105,0,8,-8
103900106,0,0,0
103900107,0,0,0
103900108,7,97,-90
103900109,0,0,0
103900110,3,4,-1
103900111,1,72,-71
103900112,0,0,0
103900113,3,4,-1
103900114,5,14,-9
103900115,16,0,16
103900116,225,2,223
103900117,36,9,27
103900119,0,0,0
103900120,0,0,0
103900122,0,55,-55
103900123,9,32,-23
103900124,2,61,-59
103900125,4,6,-2
103900126,0,0,0
103900127,4,40,-36
103900128,0,22,-22
103900131,1,12,-11
103900133,0,0,0
103900134,0,0,0
103900135,0,0,0
103900137,0,0,0
103900138,0,0,0
103900139,0,37,-37
103900140,0,0,0
103900141,0,0,0
103900142,0,0,0
103900143,0,0,0
103900144,0,0,0
103900145,0,1,-1
103900146,0,0,0
103900147,1,18,-17
103900148,3,25,-22
103900149,0,0,0
103900150,0,25,-25
103900151,0,0,0
103900152,0,3,-3
103900153,0,0,0
103900154,46,1,45
103900155,0,0,0
103900156,0,0,0
103900157,0,0,0
103900158,0,0,0
103900159,0,0,0
103900160,0,0,0
103900161,0,0,0
103900162,3,9,-6
103900163,0,0,0
103900167,0,0,0
103900168,0,0,0
103900169,0,0,0
103900170,0,0,0
103900171,0,0,0
103900172,0,0,0
103900173,0,0,0
103900174,0,0,0
103900175,0,0,0
103900176,0,0,0
103900177,0,1,-1
103900178,0,0,0
103900179,0,2,-2
103900180,0,0,0
103900181,1,0,1
103900182,0,0,0
103900184,0,0,0
103900185,0,0,0
103900187,1,1,0
103900188,1,0,1
103900189,5,0,5
103900190,0,0,0
103900191,0,0,0
103900192,0,0,0
103900193,0,0,0
103900194,0,0,0
103900195,0,0,0
103900196,0,0,0
103900197,0,0,0
103900198,0,0,0
103900199,0,1,-1
103900200,0,1,-1
103900201,0,1,-1
103900202,0,0,0
103900203,2,0,2
103900204,0,1,-1
103900207,0,1,-1
103900208,1,0,1
103900209,0,0,0
103900210,0,0,0
103900211,2,5,-3
103900212,0,45,-45
103900213,75,178,-103
103900214,55,18,37
103900215,734,200,534
103900216,0,0,0
103900217,0,0,0
103900218,0,0,0
103900219,0,0,0
103900233,0,0,0
103900235,0,0,0
103900236,0,0,0
103900242,0,0,0
103900243,0,0,0
103900244,0,0,0
103900245,0,0,0
103900246,6,0,6
103900247,0,1,-1
103900248,0,0,0
103900249,0,0,0
103900250,0,0,0
103900251,0,0,0
103900253,0,0,0
103900254,0,0,0
103900255,0,0,0
103900256,0,0,0
103900257,0,0,0
103900258,0,0,0
103900259,0,0,0
103900261,0,0,0
103900262,0,0,0
103900263,0,0,0
103900264,0,0,0
103900265,0,0,0
103900266,0,0,0
103900267,0,5,-5
103900268,0,3,-3
103900269,1,2,-1
103900270,0,4,-4
103900271,0,10,-10
103900272,0,0,0
103900273,0,0,0
103900274,0,0,0
103900275,0,0,0
103900276,0,0,0
103900277,0,0,0
103900278,0,0,0
103900279,0,0,0
103900280,0,0,0
104000001,505,505,0
104000002,508,642,-134
104000003,444,737,-293
104000004,2413,660,1753
104000005,120,381,-261
104000006,491,752,-261
104000007,872,948,-76
104000008,454,389,65
104000009,22,70,-48
104000010,0,0,0
104000011,342,342,0
104000012,30,276,-246
104000013,0,0,0
104000014,114,350,-236
104000015,0,0,0
104000016,80,152,-72
104000018,18,6,12
104000019,35,12,23
104000020,0,5,-5
104000021,7,15,-8
104000022,5,12,-7
104000023,61,44,17
104000024,3,6,-3
104000026,0,3,-3
104000027,96,224,-128
104000028,54,54,0
104000029,142,338,-196
104000030,36,49,-13
104000031,4,3,1
104000032,38,217,-179
104000033,4,2,2
104000034,42,233,-191
104000035,3,12,-9
104000036,14,16,-2
104000037,46,124,-78
104000038,62,45,17
104000039,6,16,-10
104000040,13,8,5
104000041,47,28,19
104000042,24,59,-35
104000043,24,61,-37
104000044,48,104,-56
104000045,68,148,-80
104000046,150,178,-28
104000047,8,44,-36
104000048,49,122,-73
104000049,5,11,-6
104000050,7,20,-13
104000051,25,199,-174
104000052,137,356,-219
104000053,113,150,-37
104000054,21,94,-73
104000055,500,358,142
104000056,22,15,7
104000057,14,146,-132
104000058,213,211,2
104000059,48,253,-205
104000060,104,189,-85
104000061,65,132,-67
104000062,0,0,0
104000064,72,33,39
104000065,0,23,-23
104000069,191,29,162
104000070,2,5,-3
104000071,27,108,-81
104000072,0,0,0
104000075,0,0,0
104000076,0,0,0
104000082,454,570,-116
104000083,56,10,46
104000084,8,100,-92
104000085,2,21,-19
104000086,26,71,-45
104000087,12,26,-14
104000090,44,237,-193
104000092,36,449,-413
104000094,49,382,-333
104000095,375,407,-32
104000096,0,39,-39
104000097,0,0,0
104000098,0,0,0
104000100,0,0,0
104000101,123,282,-159
104000106,4,26,-22
104000107,47,116,-69
104000108,24,55,-31
104000109,0,0,0
104000110,143,77,66
104000111,87,120,-33
104000112,218,56,162
104000116,0,395,-395
104000117,0,138,-138
104000118,14,27,-13
104000119,7,37,-30
104000120,1,97,-96
104000121,10,40,-30
104000122,60,124,-64
104000123,118,277,-159
104000124,371,452,-81
104000125,345,152,193
104000126,12,90,-78
104000127,459,840,-381
104000128,13,91,-78
104000129,38,11,27
104000130,2,53,-51
104000131,860,694,166
104000132,428,675,-247
104000133,240,180,60
104000134,221,169,52
104000135,105,147,-42
104000136,522,259,263
104000137,784,86,698
104000138,332,119,213
104000139,2552,466,2086
104000141,291,418,-127
104000142,161,330,-169
104000143,83,479,-396
104000144,0,0,0
104000145,0,0,0
104000146,188,494,-306
104000147,39,213,-174
104000148,0,0,0
104000149,57,211,-154
104000150,0,0,0
104000151,50,263,-213
104000152,48,319,-271
104000153,0,0,0
104000154,306,237,69
104000155,0,0,0
104000157,161,319,-158
104000158,47,70,-23
104000159,57,41,16
104000160,709,222,487
104000161,0,0,0
104000162,0,0,0
104000165,0,0,0
104000167,21,85,-64
104000168,0,0,0
104000169,0,0,0
104000170,339,54,285
104000248,1,103,-102
104000251,25,92,-67
104000272,5,1,4
104000273,9,1,8
104000274,2,1,1
104000275,9,1,8
104000279,89,43,46
104000290,18,85,-67
104000291,91,172,-81
104000293,9,16,-7
104000294,0,0,0
104000295,97,351,-254
104000296,47,172,-125
104000297,369,613,-244
104000298,439,167,272
104000299,91,360,-269
104900001,0,0,0
104900002,0,0,0
104900003,0,0,0
104900004,0,0,0
104900005,1,3,-2
104900006,0,0,0
104900007,1,4,-3
104900009,0,0,0
104900010,0,0,0
104900011,0,0,0
104900012,0,0,0
104900013,0,0,0
104900014,0,0,0
104900015,0,0,0
104900016,0,0,0
104900017,0,0,0
104900018,0,0,0
104900019,0,0,0
104900020,0,0,0
104900021,0,0,0
104900022,0,0,0
104900023,0,0,0
104900024,0,0,0
104900025,0,0,0
104900026,0,0,0
104900027,0,0,0
104900028,0,0,0
104900029,0,0,0
104900030,0,0,0
104900031,0,0,0
104900032,0,0,0
104900033,0,0,0
104900034,0,0,0
104900035,0,0,0
104900036,0,0,0
104900037,0,0,0
104900038,0,0,0
104900039,0,0,0
104900040,0,0,0
104900041,0,0,0
104900042,0,0,0
104900043,0,0,0
104900044,0,0,0
104900045,0,0,0
104900046,0,0,0
104900047,0,0,0
104900048,0,0,0
104900049,0,0,0
104900050,0,0,0
104900051,0,0,0
104900052,0,0,0
104900053,0,0,0
104900054,0,0,0
104900055,0,0,0
104900056,0,0,0
104900057,0,0,0
104900058,0,0,0
104900059,0,0,0
104900060,0,5,-5
104900061,0,0,0
104900063,0,0,0
104900064,0,0,0
104900065,0,0,0
104900066,0,0,0
104900067,0,0,0
104900068,0,0,0
104900070,0,0,0
104900071,0,86,-86
104900072,0,0,0
104900073,0,0,0
104900074,0,0,0
104900075,0,0,0
104900076,0,0,0
104900077,0,0,0
104900078,0,0,0
104900079,0,0,0
104900080,0,0,0
104900082,0,0,0
104900085,0,0,0
104900087,0,0,0
104900089,0,0,0
104900090,0,0,0
104900091,0,0,0
104900093,0,0,0
104900097,0,0,0
104900098,0,0,0
104900099,0,0,0
104900100,0,0,0
104900102,0,0,0
104900103,0,0,0
104900104,0,0,0
104900106,0,0,0
104900107,0,0,0
104900108,0,0,0
104900109,0,0,0
104900110,0,0,0
104900111,0,0,0
104900112,0,0,0
104900113,3,7,-4
104900114,0,0,0
104900115,3,11,-8
104900116,0,0,0
104900118,0,0,0
104900119,0,0,0
104900120,0,0,0
104900121,0,0,0
104900122,0,0,0
104900123,0,0,0
104900124,0,0,0
104900125,0,0,0
104900126,0,0,0
104900127,0,0,0
104900128,0,0,0
104900129,0,0,0
105000001,426,522,-96
105000002,197,344,-147
105000003,282,557,-275
105000004,72,224,-152
105000005,139,264,-125
105000006,80,207,-127
105000007,54,180,-126
105000008,21,388,-367
105000009,135,219,-84
105000010,635,841,-206
105000011,178,151,27
105000012,958,1344,-386
105000013,105,131,-26
105000014,122,134,-12
105000015,1088,356,732
105000016,716,425,291
105000017,319,188,131
105000018,122,176,-54
105000019,15,5,10
105000020,11,118,-107
105000021,3,1,2
105000022,0,0,0
105000023,0,0,0
105000028,14,44,-30
105000029,57,99,-42
105000030,1086,1286,-200
105000031,0,0,0
105000033,285,935,-650
105000034,0,1,-1
105000037,25,37,-12
105000038,47,65,-18
105000039,971,953,18
105000040,21,45,-24
105000041,140,661,-521
105000042,106,76,30
105000043,608,1090,-482
105000044,40,21,19
105000045,35,329,-294
105000046,25,15,10
105000047,68,467,-399
105000048,9,8,1
105000049,97,228,-131
105000050,0,0,0
105000051,37,198,-161
105000052,1,34,-33
105000053,36,107,-71
105000054,3,63,-60
105000055,19,59,-40
105000056,8,194,-186
105000057,95,203,-108
105000058,173,237,-64
105000059,16,36,-20
105000060,52,128,-76
105000061,23,20,3
105000062,96,248,-152
105000063,42,158,-116
105000064,53,82,-29
105000065,59,203,-144
105000066,113,237,-124
105000067,59,60,-1
105000068,105,111,-6
105000069,334,137,197
105000070,28,86,-58
105000071,0,0,0
105000072,73,20,53
105000073,24,6,18
105000074,107,309,-202
105000075,69,155,-86
105000076,286,289,-3
105000077,652,210,442
105000078,186,104,82
105000079,307,760,-453
105000080,46,52,-6
105000081,292,257,35
105000082,28,81,-53
105000083,22,10,12
105000084,73,259,-186
105000085,50,56,-6
105000086,94,199,-105
105000087,169,454,-285
105000088,28,2,26
105000089,727,963,-236
105000090,353,426,-73
105000091,613,684,-71
105000092,165,274,-109
105000093,31,33,-2
105000094,5,7,-2
105000095,7,70,-63
105000096,2,2,0
105000097,104,163,-59
105000098,1,0,1
105000099,80,198,-118
105000100,170,217,-47
105000101,160,227,-67
105000102,162,271,-109
105000103,98,283,-185
105000104,130,153,-23
105000105,20,205,-185
105000106,59,185,-126
105000107,54,17,37
105000108,93,57,36
105000109,59,211,-152
105000110,46,8,38
105000111,15,49,-34
105000112,144,17,127
105000113,13,38,-25
105000114,0,0,0
105000115,35,70,-35
105000116,5,12,-7
105000117,74,117,-43
105000118,3,9,-6
105000119,46,124,-78
105000120,12,5,7
105000121,73,117,-44
105000122,9,74,-65
105000123,122,194,-72
105000124,84,145,-61
105000125,59,200,-141
105000126,179,325,-146
105000127,122,202,-80
105000128,18,169,-151
105000129,37,59,-22
105000130,0,1,-1
105000131,40,74,-34
105000132,0,0,0
105000133,62,205,-143
105000134,2,0,2
105000135,56,129,-73
105000136,17,85,-68
105000137,0,0,0
105000138,70,102,-32
105000139,131,205,-74
105000140,0,0,0
105000141,36,136,-100
105000142,0,0,0
105000143,26,157,-131
105000144,69,226,-157
105000145,0,0,0
105000146,72,211,-139
105000147,0,0,0
105000148,0,0,0
105000149,0,0,0
105000150,302,389,-87
105000151,21,15,6
105000152,6,110,-104
105000153,14,12,2
105000154,15,115,-100
105000155,3,25,-22
105000156,74,140,-66
105000157,96,319,-223
105000158,77,45,32
105000159,22,248,-226
105000160,48,30,18
105000161,54,299,-245
105000162,18,57,-39
105000163,120,149,-29
105000164,95,33,62
105000165,40,111,-71
105000166,812,31,781
105000167,162,114,48
105000168,10,142,-132
105000169,28,115,-87
105000170,0,0,0
105000171,78,15,63
105000172,0,0,0
105000173,0,0,0
105000174,0,0,0
105000175,12,21,-9
105000176,1,8,-7
105000177,4,20,-16
105000178,0,0,0
105000179,13,18,-5
105000180,2,31,-29
105000181,0,0,0
105000182,2,15,-13
105000183,19,2,17
105000184,384,342,42
105000185,197,102,95
105000186,56,314,-258
105000187,73,52,21
105000188,20,15,5
105000189,26,190,-164
105000190,0,0,0
105000191,65,200,-135
105000192,20,57,-37
105000193,19,23,-4
105000194,34,33,1
105000195,27,200,-173
105000196,6,26,-20
105000197,30,147,-117
105000198,99,82,17
105000199,39,55,-16
105000200,5,32,-27
105000201,17,8,9
105000203,0,13,-13
105000204,29,37,-8
105000205,11,15,-4
105000207,141,68,73
105000208,0,0,0
105000209,33,164,-131
105000211,1,0,1
105000212,78,141,-63
105000213,0,0,0
105000214,0,0,0
105000215,2,50,-48
105000216,20,162,-142
105000217,15,150,-135
105000218,10,149,-139
105000221,14,15,-1
105000222,1,6,-5
105000223,10,19,-9
105000226,0,0,0
105000227,0,0,0
105000228,7,49,-42
105000229,0,0,0
105000231,0,0,0
105000233,60,42,18
105000234,158,605,-447
105000235,4,13,-9
105000237,0,0,0
105000243,1,1,0
105000248,19,26,-7
105000262,21,181,-160
105000269,4,10,-6
105000270,15,17,-2
105000271,0,2,-2
105000282,1,2,-1
105000287,15,1,14
105000288,6,68,-62
105000289,88,202,-114
105000290,0,0,0
105000402,287,98,189
105000426,72,31,41
105000438,64,82,-18
105000440,0,0,0
105000446,1037,1020,17
105000447,1116,711,405
105000454,2,32,-30
105000455,0,0,0
105000474,0,0,0
105000477,0,1,-1
105000478,103,164,-61
105000479,1,17,-16
105000480,292,352,-60
105000481,533,314,219
105000482,1207,1021,186
105000483,281,337,-56
105000484,414,920,-506
105000485,545,676,-131
105000486,846,822,24
105000488,402,752,-350
105000489,57,86,-29
105000549,0,0,0
105000550,127,315,-188
105000551,0,0,0
105000552,1654,613,1041
105000555,41,13,28
105000556,0,1,-1
105000557,0,3,-3
105900001,0,0,0
105900002,0,13,-13
105900003,1,13,-12
105900004,57,18,39
105900005,1,40,-39
105900006,0,0,0
105900007,0,0,0
105900008,1,110,-109
105900009,0,0,0
105900011,0,0,0
105900012,0,0,0
105900013,0,0,0
105900014,0,0,0
105900015,5,38,-33
105900016,0,0,0
105900017,0,0,0
105900018,22,17,5
105900019,0,0,0
105900020,2,11,-9
105900021,0,0,0
105900022,6,18,-12
105900023,0,0,0
105900024,0,0,0
105900025,0,0,0
105900026,2,0,2
105900027,0,0,0
105900028,0,12,-12
105900029,3,35,-32
105900030,11,18,-7
105900031,13,41,-28
105900032,3,21,-18
105900033,0,31,-31
105900034,2,34,-32
105900035,15,7,8
105900036,1,2,-1
105900037,10,5,5
105900038,3,10,-7
105900039,2,3,-1
105900040,6,14,-8
105900041,11,8,3
105900042,1,17,-16
105900043,15,0,15
105900044,0,12,-12
105900045,0,31,-31
105900046,1,38,-37
105900047,0,4,-4
105900048,0,50,-50
105900050,0,0,0
105900051,0,0,0
105900052,0,0,0
105900053,255,10,245
105900054,4,20,-16
105900056,0,0,0
105900057,0,0,0
105900058,0,0,0
105900059,0,0,0
106000001,233,131,102
106000002,596,1085,-489
106000003,507,296,211
106000004,501,624,-123
106000005,388,401,-13
106000006,1312,1192,120
106000007,135,49,86
106000008,166,183,-17
106000009,73,32,41
106000010,157,234,-77
106000011,35,64,-29
106000012,219,568,-349
106000013,178,137,41
106000014,520,630,-110
106000015,75,137,-62
106000016,498,811,-313
106000017,213,181,32
106000018,385,418,-33
106000019,32,55,-23
106000020,58,221,-163
106000021,62,71,-9
106000022,88,151,-63
106000023,55,44,11
106000024,148,278,-130
106000025,49,33,16
106000026,127,172,-45
106000027,50,81,-31
106000028,140,388,-248
106000029,441,674,-233
106000030,79,86,-7
106000034,154,168,-14
106000035,61,156,-95
106000036,45,94,-49
106000037,277,361,-84
106000038,0,0,0
106000039,0,0,0
106000040,45,285,-240
106000041,56,67,-11
106000043,0,0,0
106000046,0,0,0
106000047,6,37,-31
106000049,20,8,12
106000050,48,316,-268
106000051,3,13,-10
106000052,18,305,-287
106000053,0,0,0
106000054,98,235,-137
106000055,0,0,0
106000056,97,278,-181
106000057,0,0,0
106000058,31,88,-57
106000059,4,3,1
106000060,142,372,-230
106000061,2,3,-1
106000062,76,323,-247
106000063,1,2,-1
106000064,20,162,-142
106000065,1,8,-7
106000066,27,121,-94
106000067,2,9,-7
106000068,3,227,-224
106000069,4,8,-4
106000070,41,262,-221
106000071,17,27,-10
106000072,424,461,-37
106000073,338,267,71
106000074,48,174,-126
106000075,24,200,-176
106000076,137,376,-239
106000077,321,353,-32
106000078,100,380,-280
106000079,37,221,-184
106000080,177,336,-159
106000081,21,187,-166
106000082,502,335,167
106000083,12,261,-249
106000084,97,326,-229
106000085,58,243,-185
106000086,24,204,-180
106000087,71,202,-131
106000088,5,210,-205
106000089,58,182,-124
106000090,2,214,-212
106000091,81,157,-76
106000092,0,15,-15
106000093,0,0,0
106000094,33,108,-75
106000095,38,159,-121
106000096,12,155,-143
106000097,63,250,-187
106000098,6,256,-250
106000099,6,304,-298
106000100,12,35,-23
106000101,12,21,-9
106000102,1,149,-148
106000103,15,50,-35
106000104,99,42,57
106000105,30,87,-57
106000106,81,51,30
106000107,18,55,-37
106000108,68,36,32
106000109,6,84,-78
106000110,14,27,-13
106000111,16,72,-56
106000112,23,41,-18
106000113,56,75,-19
106000114,40,32,8
106000115,33,58,-25
106000116,47,29,18
106000117,172,169,3
106000118,44,80,-36
106000119,425,260,165
106000120,0,0,0
106000121,1,9,-8
106000122,4,46,-42
106000123,3,6,-3
106000124,2,32,-30
106000125,6,45,-39
106000126,3,4,-1
106000127,19,71,-52
106000128,1,2,-1
106000129,54,120,-66
106000130,0,0,0
106000131,21,142,-121
106000132,0,0,0
106000133,535,172,363
106000134,0,0,0
106000135,39,229,-190
106000136,0,0,0
106000137,33,341,-308
106000138,0,0,0
106000139,0,0,0
106000140,3,89,-86
106000141,9,119,-110
106000142,0,0,0
106000143,6,102,-96
106000144,0,0,0
106000145,25,195,-170
106000146,0,0,0
106000147,74,97,-23
106000148,51,189,-138
106000149,48,68,-20
106000150,53,237,-184
106000151,552,134,418
106000152,101,84,17
106000153,17,114,-97
106000154,131,22,109
106000155,2,5,-3
106000156,38,34,4
106000157,106,309,-203
106000158,281,113,168
106000159,581,294,287
106000160,22,158,-136
106000161,227,128,99
106000162,9,63,-54
106000163,34,120,-86
106000164,18,45,-27
106000165,24,204,-180
106000166,50,76,-26
106000167,37,397,-360
106000168,16,54,-38
106000169,15,138,-123
106000170,21,44,-23
106000171,2,136,-134
106000172,317,155,162
106000173,59,455,-396
106000174,13,100,-87
106000175,26,252,-226
106000176,35,46,-11
106000177,65,525,-460
106000178,134,162,-28
106000179,120,427,-307
106000180,118,510,-392
106000181,21,502,-481
106000182,44,80,-36
106000183,39,149,-110
106000184,45,127,-82
106000185,37,212,-175
106000186,91,33,58
106000187,23,166,-143
106000188,0,2,-2
106000189,0,0,0
106000190,0,0,0
106000191,23,39,-16
106000192,0,17,-17
106000193,29,25,4
106000194,12,73,-61
106000195,11,10,1
106000196,0,78,-78
106000197,18,55,-37
106000198,7,68,-61
106000199,116,59,57
106000200,94,43,51
106000201,36,43,-7
106000202,771,110,661
106000203,5,51,-46
106000204,0,0,0
106000205,14,49,-35
106000206,0,0,0
106000207,8,275,-267
106000208,14,2,12
106000209,16,15,1
106000210,48,384,-336
106000211,95,551,-456
106000212,3,3,0
106000213,51,298,-247
106000214,192,31,161
106000215,18,39,-21
106000216,30,45,-15
106000217,23,32,-9
106000218,21,31,-10
106000219,11,24,-13
106000220,32,30,2
106000221,6,75,-69
106000222,0,0,0
106000223,0,0,0
106000224,28,83,-55
106000225,0,0,0
106000226,18,103,-85
106000228,3,132,-129
106000229,7,278,-271
106000231,2,2,0
106000232,3,158,-155
106000233,1,3,-2
106000234,1,78,-77
106000235,1,1,0
106000236,5,14,-9
106000237,0,3,-3
106000238,0,0,0
106000239,0,7,-7
106000240,0,0,0
106000241,5,255,-250
106000242,6,0,6
106000249,0,0,0
106000250,7,95,-88
106000251,0,0,0
106000252,1,56,-55
106000253,0,0,0
106000254,4,25,-21
106000255,0,0,0
106000256,15,26,-11
106000257,9,48,-39
106000258,0,0,0
106000259,0,10,-10
106000260,0,0,0
106000261,0,17,-17
106000262,0,0,0
106000263,0,14,-14
106000264,0,0,0
106000265,2,36,-34
106000266,0,0,0
106000267,0,26,-26
106000268,0,0,0
106000269,6,17,-11
106000270,11,108,-97
106000271,0,0,0
106000272,4,7,-3
106000273,0,0,0
106000274,33,9,24
106000275,0,4,-4
106000276,12,1,11
106000277,2,2,0
106000278,34,7,27
106000279,18,11,7
106000280,0,20,-20
106000281,26,14,12
106000282,9,15,-6
106000283,0,6,-6
106000284,2,17,-15
106000285,8,15,-7
106000286,6,26,-20
106000287,3,13,-10
106000288,12,18,-6
106000289,4,8,-4
106000290,3,20,-17
106000291,0,4,-4
106000292,6,20,-14
106000293,11,4,7
106000294,11,15,-4
106000295,5,10,-5
106000296,31,8,23
106000297,9,20,-11
106000298,12,5,7
106000299,2,11,-9
106000300,1,10,-9
106000301,3,17,-14
106000303,0,0,0
106000304,2,5,-3
106000305,0,0,0
106000306,4,6,-2
106000307,0,0,0
106000308,9,33,-24
106000309,3,13,-10
106000310,33,105,-72
106000311,24,17,7
106000312,22,29,-7
106000313,13,36,-23
106000318,13,35,-22
106000319,46,0,46
106000320,0,0,0
106000321,1,0,1
106000322,5,41,-36
106000324,0,0,0
106000325,76,49,27
106000326,251,660,-409
106000327,0,0,0
106000328,0,0,0
106000329,3,24,-21
106000330,4,34,-30
106000428,23,35,-12
106000429,19,86,-67
106000430,69,223,-154
106000431,52,54,-2
106000432,264,591,-327
106000433,171,119,52
106000434,177,62,115
106000435,589,786,-197
106000436,2,81,-79
106000437,0,0,0
106000438,1,0,1
106000439,6,74,-68
106000440,19,35,-16
106000441,0,0,0
106000442,0,0,0
106000443,5,20,-15
106000450,5,71,-66
106000451,0,0,0
106000454,1,13,-12
106000455,2,76,-74
106000456,0,0,0
106000457,2,358,-356
106000458,0,0,0
106000459,4,135,-131
106000460,0,0,0
106000461,10,488,-478
106000462,0,7,-7
106000463,0,0,0
106000464,6,155,-149
106000465,0,0,0
106000466,0,170,-170
106000467,187,154,33
106000468,0,0,0
106000469,0,0,0
106000470,72,182,-110
106000471,3,139,-136
106000472,0,0,0
106000473,5,2,3
106000474,126,281,-155
106000475,28,36,-8
106000476,11,8,3
106000477,21,100,-79
106000480,2,36,-34
106900001,0,0,0
106900002,0,0,0
106900003,0,0,0
106900004,0,0,0
106900006,0,0,0
106900007,0,0,0
106900008,0,0,0
106900009,0,0,0
106900010,0,0,0
106900012,0,0,0
106900013,0,0,0
106900014,0,0,0
106900015,0,0,0
106900016,0,0,0
106900017,0,0,0
106900018,0,0,0
106900019,0,0,0
106900020,0,0,0
106900021,0,0,0
106900022,0,0,0
106900023,0,0,0
106900024,0,0,0
106900025,0,0,0
106900026,0,0,0
106900027,0,0,0
107000001,372,481,-109
107000002,1120,1937,-817
107000003,713,759,-46
107000004,1691,2494,-803
107000005,201,472,-271
107000006,1000,2423,-1423
107000007,663,719,-56
107000008,7931,5834,2097
107000009,338,491,-153
107000010,8212,4005,4207
107000011,415,406,9
107000012,643,843,-200
107000013,15,106,-91
107000014,8,127,-119
107000015,98,419,-321
107000016,124,478,-354
107000017,177,117,60
107000018,0,60,-60
107000020,64,57,7
107000021,155,288,-133
107000022,47,361,-314
107000023,211,128,83
107000024,75,722,-647
107000025,19,104,-85
107000026,23,213,-190
107000027,388,100,288
107000028,222,283,-61
107000029,250,133,117
107000030,284,683,-399
107000031,165,168,-3
107000032,8,49,-41
107000033,456,1002,-546
107000034,591,502,89
107000035,12,8,4
107000036,33,125,-92
107000037,5,23,-18
107000038,68,126,-58
107000039,0,0,0
107000040,52,138,-86
107000041,165,51,114
107000042,127,441,-314
107000043,190,122,68
107000044,171,276,-105
107000045,19,143,-124
107000046,40,18,22
107000047,70,326,-256
107000048,40,44,-4
107000049,48,243,-195
107000050,25,57,-32
107000051,62,106,-44
107000052,148,64,84
107000053,12,22,-10
107000054,18,113,-95
107000055,83,33,50
107000056,110,386,-276
107000057,234,71,163
107000058,0,0,0
107000059,303,1080,-777
107000060,45,51,-6
107000061,1026,1229,-203
107000062,40,37,3
107000063,789,1450,-661
107000064,32,40,-8
107000065,756,1728,-972
107000066,29,52,-23
107000067,21,38,-17
107000068,0,0,0
107000069,0,0,0
107000070,0,0,0
107000071,0,0,0
107000072,4,970,-966
107000073,0,0,0
107000074,33,301,-268
107000075,0,0,0
107000076,199,1065,-866
107000077,0,0,0
107000078,259,1160,-901
107000079,0,0,0
107000080,187,971,-784
107000081,14,4,10
107000082,52,886,-834
107000083,7,6,1
107000084,77,812,-735
107000085,456,440,16
107000086,422,665,-243
107000087,306,261,45
107000088,285,683,-398
107000089,83,110,-27
107000090,252,402,-150
107000091,68,122,-54
107000092,148,363,-215
107000093,55,142,-87
107000094,190,338,-148
107000095,0,0,0
107000096,218,379,-161
107000097,0,0,0
107000098,142,267,-125
107000099,0,0,0
107000100,57,146,-89
107000101,0,0,0
107000102,86,144,-58
107000103,0,0,0
107000104,52,103,-51
107000105,13,0,13
107000106,31,114,-83
107000107,4,1,3
107000108,36,251,-215
107000109,0,0,0
107000110,9,162,-153
107000111,0,0,0
107000112,3,119,-116
107000113,0,0,0
107000114,13,195,-182
107000115,0,0,0
107000116,13,290,-277
107000117,0,0,0
107000118,15,89,-74
107000119,105,45,60
107000120,327,215,112
107000121,29,10,19
107000122,124,370,-246
107000123,22,23,-1
107000124,83,345,-262
107000125,43,13,30
107000126,71,463,-392
107000129,35,339,-304
107000130,0,0,0
107000131,82,250,-168
107000132,0,0,0
107000133,4,1,3
107000134,1,0,1
107000135,0,13,-13
107000136,4,0,4
107000137,0,14,-14
107000138,3,0,3
107000139,0,21,-21
107000140,65,1,64
107000141,23,50,-27
107000142,13,1,12
107000143,5,70,-65
107000144,13,7,6
107000145,11,22,-11
107000146,3,4,-1
107000147,512,60,452
107000150,16,19,-3
107000151,5,10,-5
107000152,6,62,-56
107000153,15,29,-14
107000154,7,5,2
107000155,16,0,16
107000156,51,0,51
107000157,1,265,-264
107000158,12,1,11
107000159,0,90,-90
107000160,6,8,-2
107000161,6,107,-101
107000162,34,10,24
107000163,0,0,0
107000164,0,0,0
107000165,0,0,0
107000166,7,351,-344
107000167,22,34,-12
107000168,76,6,70
107000169,80,405,-325
107000170,34,7,27
107000171,35,741,-706
107000172,23,26,-3
107000173,125,231,-106
107000174,93,107,-14
107000175,1022,438,584
107000176,0,0,0
107000177,0,0,0
107000178,0,0,0
107000179,55,959,-904
107000180,0,0,0
107000181,62,335,-273
107000182,8,83,-75
107000183,28,266,-238
107000184,7,80,-73
107000185,31,454,-423
107000186,0,0,0
107000187,84,36,48
107000188,67,67,0
107000189,14,36,-22
107000190,41,107,-66
107000191,13,82,-69
107000192,125,119,6
107000193,0,0,0
107000194,138,136,2
107000197,0,0,0
107000198,73,289,-216
107000199,146,192,-46
107000200,1,0,1
107000201,84,75,9
107000202,0,0,0
107000203,137,141,-4
107000204,12,4,8
107000205,1161,391,770
107000206,0,0,0
107000207,16,19,-3
107000208,31,4,27
107000209,47,8,39
107000210,151,52,99
107000211,0,0,0
107000212,0,48,-48
107000213,0,0,0
107000214,2,17,-15
107000215,5,12,-7
107000216,4,23,-19
107000217,1,7,-6
107000219,1,2,-1
107000220,2,28,-26
107000222,28,121,-93
107000224,0,0,0
107000225,43,112,-69
107000226,0,0,0
107000227,29,93,-64
107000228,8,28,-20
107000229,5,3,2
107000230,279,235,44
107000231,11,20,-9
107000232,0,0,0
107000233,22,26,-4
107000234,0,0,0
107000235,0,4,-4
107000236,1,231,-230
107000237,0,0,0
107000238,0,2,-2
107000239,42,4,38
107000240,4,228,-224
107000243,0,38,-38
107000244,1,77,-76
107000246,1,414,-413
107000249,1,162,-161
107000251,0,43,-43
107000252,1,377,-376
107000255,38,13,25
107000257,1,68,-67
107000258,0,6,-6
107000259,0,25,-25
107000260,0,0,0
107000262,0,66,-66
107000263,0,0,0
107000266,0,0,0
107000267,4,4,0
107000268,4,10,-6
107000269,0,1,-1
107000270,0,0,0
107000271,0,153,-153
107000272,0,52,-52
107000273,0,25,-25
107000274,4,21,-17
107000275,1,50,-49
107000280,9,0,9
107000281,2,80,-78
107000282,1,198,-197
107000290,2,14,-12
107000291,0,0,0
107000292,0,8,-8
107000293,0,0,0
107000294,0,20,-20
107000295,0,0,0
107000296,0,0,0
107000444,10,2,8
107000496,0,0,0
107000497,149,1019,-870
107000500,0,0,0
107000501,0,0,0
107000502,0,0,0
107000505,80,291,-211
107000506,0,0,0
107000508,3,154,-151
107000509,28,9,19
107000510,0,0,0
107000514,3,10,-7
107000515,0,26,-26
107000516,0,0,0
107000518,0,0,0
107000519,212,556,-344
107000520,0,0,0
107000521,174,204,-30
107000522,1,69,-68
107900001,0,0,0
107900002,0,0,0
107900003,1,0,1
107900004,0,0,0
107900005,30,0,30
107900006,0,0,0
107900007,8,0,8
107900008,1,1,0
107900009,0,0,0
107900010,0,0,0
107900012,25,0,25
107900013,14,8,6
107900014,0,0,0
107900015,27,0,27
107900016,11,7,4
107900017,0,0,0
107900018,2,0,2
107900019,1,4,-3
107900020,0,0,0
107900021,2,18,-16
107900023,0,0,0
107900024,0,0,0
107900025,2,6,-4
107900026,3,8,-5
107900027,0,0,0
107900028,0,7,-7
107900030,15,0,15
107900031,4,33,-29
107900032,0,0,0
107900033,0,0,0
107900034,27,0,27
107900035,23,0,23
107900036,0,0,0
107900037,0,0,0
107900038,12,4,8
107900039,2,5,-3
107900040,0,0,0
107900041,0,0,0
107900043,1,13,-12
107900044,0,0,0
107900045,4,2,2
107900046,1,3,-2
107900047,0,0,0
107900048,5,0,5
107900049,10,4,6
107900050,24,20,4
107900051,0,6,-6
107900052,0,0,0
107900053,1,7,-6
107900055,21,24,-3
107900056,1,0,1
107900057,0,0,0
107900058,0,50,-50
107900060,0,0,0
107900061,0,0,0
107900063,6,22,-16
107900064,10,0,10
107900065,3,2,1
107900066,0,0,0
107900067,0,0,0
107900068,4,2,2
107900069,0,2,-2
107900070,1,0,1
107900071,2,102,-100
107900072,0,7,-7
107900073,0,0,0
107900074,0,0,0
107900076,2,6,-4
107900077,0,0,0
107900079,2,0,2
107900080,3,4,-1
107900081,0,0,0
107900082,0,0,0
107900083,33,25,8
107900084,0,10,-10
107900086,8,7,1
107900087,40,3,37
107900088,0,0,0
107900089,29,35,-6
107900090,8,17,-9
107900091,3,26,-23
107900093,0,0,0
107900095,179,48,131
107900097,1,3,-2
107900098,1,4,-3
107900100,107,57,50
107900101,122,10,112
107900102,0,0,0
107900103,2,8,-6
107900104,0,0,0
107900105,0,152,-152
107900106,2,315,-313
107900107,61,13,48
107900108,7,1,6
107900109,0,0,0
107900110,0,6,-6
107900111,1,213,-212
107900112,12,52,-40
107900113,0,0,0
107900114,2,22,-20
107900115,0,0,0
107900116,0,18,-18
107900117,7,37,-30
107900118,6,12,-6
107900119,2,4,-2
107900120,0,0,0
107900121,0,2,-2
107900122,0,2,-2
107900123,0,6,-6
107900124,0,0,0
107900125,0,36,-36
107900126,0,3,-3
107900127,55,4,51
107900128,2,0,2
107900129,1,13,-12
107900130,0,0,0
107900131,13,2,11
107900132,13,38,-25
107900133,0,1,-1
107900134,0,0,0
107900135,0,20,-20
107900136,4,3,1
107900137,4,2,2
107900138,0,4,-4
107900139,0,0,0
107900141,4,4,0
107900142,3,74,-71
107900143,2,5,-3
107900144,0,26,-26
107900145,0,3,-3
107900146,2,3,-1
107900147,0,0,0
107900148,20,20,0
107900149,148,16,132
107900150,8,55,-47
107900151,0,23,-23
107900152,0,19,-19
107900153,7,11,-4
107900154,0,1,-1
107900155,0,0,0
107900156,0,0,0
107900157,5,11,-6
107900158,22,0,22
107900159,4,123,-119
107900160,0,30,-30
107900161,0,48,-48
107900162,0,9,-9
107900163,0,1,-1
107900164,0,10,-10
107900165,0,1,-1
107900166,0,75,-75
107900167,0,0,0
107900168,0,7,-7
107900169,0,26,-26
107900171,1,215,-214
107900172,0,41,-41
107900173,0,38,-38
107900174,4,1,3
107900175,0,0,0
107900176,0,10,-10
107900177,0,10,-10
107900178,0,47,-47
107900179,0,19,-19
107900180,25,4,21
107900181,82,73,9
107900182,1,217,-216
107900183,0,84,-84
107900184,0,2,-2
107900185,3,2,1
107900186,0,4,-4
107900187,1,33,-32
107900188,55,11,44
107900189,0,4,-4
107900190,10,1,9
107900191,5,22,-17
107900193,0,11,-11
107900194,1,1,0
107900195,405,28,377
107900196,0,0,0
107900197,15,1,14
107900199,2,133,-131
107900201,17,29,-12
107900203,0,19,-19
107900204,52,48,4
107900206,6,3,3
107900207,1,180,-179
107900208,0,99,-99
107900209,28,16,12
107900210,12,12,0
107900213,54,57,-3
107900214,0,37,-37
107900215,25,92,-67
107900216,4,3,1
107900217,0,0,0
107900218,1,171,-170
107900219,1,20,-19
107900220,29,5,24
107900221,41,58,-17
107900223,0,0,0
107900224,18,56,-38
107900225,0,78,-78
107900226,4,6,-2
107900227,15,82,-67
107900228,0,27,-27
107900229,1,72,-71
107900230,1,5,-4
107900231,0,0,0
107900232,1,24,-23
107900233,0,12,-12
107900234,4,70,-66
107900235,8,42,-34
107900236,0,37,-37
107900237,20,130,-110
107900238,0,0,0
107900239,147,75,72
107900240,3,11,-8
107900241,1,6,-5
107900242,0,75,-75
107900243,0,4,-4
107900244,0,0,0
107900245,2,0,2
107900246,0,0,0
107900248,7,72,-65
107900249,1,0,1
107900250,0,72,-72
107900251,1,180,-179
107900252,0,0,0
107900253,0,0,0
107900254,7,2,5
107900255,66,8,58
107900256,3,28,-25
107900257,4,2,2
107900258,0,12,-12
107900259,1,9,-8
107900261,0,69,-69
107900262,0,0,0
107900264,0,0,0
107900265,0,13,-13
107900267,3,0,3
107900268,0,0,0
107900269,0,0,0
107900270,0,0,0
107900271,0,0,0
107900272,0,0,0
107900273,0,10,-10
107900274,0,0,0
107900275,0,0,0
107900276,0,6,-6
107900277,0,51,-51
107900278,0,42,-42
107900279,5,6,-1
107900280,3,36,-33
107900281,138,78,60
107900282,1,7,-6
107900283,29,7,22
107900284,5,111,-106
107900285,0,11,-11
107900286,4,3,1
107900287,2,6,-4
107900290,0,16,-16
107900291,25,0,25
107900292,4,37,-33
107900293,3,51,-48
107900295,2,13,-11
107900297,0,51,-51
107900298,44,65,-21
107900299,575,125,450
107900301,8,30,-22
107900302,13,0,13
107900303,3,39,-36
107900304,14,139,-125
107900305,9,0,9
107900306,0,0,0
107900307,3,90,-87
107900308,24,1,23
107900309,0,0,0
107900310,0,0,0
107900311,2,2,0
107900312,0,0,0
107900313,0,2,-2
107900314,0,2,-2
107900315,0,2,-2
107900316,0,0,0
107900317,2,0,2
107900318,0,6,-6
107900319,2,25,-23
107900320,0,31,-31
107900321,0,0,0
107900322,0,32,-32
107900323,0,26,-26
107900324,0,0,0
107900325,0,0,0
107900326,0,103,-103
107900327,0,0,0
107900328,0,0,0
107900329,0,0,0
107900330,0,43,-43
107900331,0,0,0
107900332,2,5,-3
107900333,3,0,3
107900334,0,37,-37
107900335,16,6,10
107900336,1,5,-4
107900337,150,23,127
107900338,0,41,-41
107900339,1,17,-16
107900340,0,2,-2
107900341,2,0,2
107900342,18,19,-1
107900343,1,0,1
107900344,0,15,-15
107900345,0,1,-1
107900346,0,0,0
107900347,0,0,0
107900348,0,0,0
107900349,0,0,0
107900350,15,43,-28
107900351,0,25,-25
107900352,0,15,-15
107900353,1,1,0
107900354,0,8,-8
108000001,442,499,-57
108000002,1036,1849,-813
108000003,375,280,95
108000004,5425,7110,-1685
108000005,390,349,41
108000006,1209,2789,-1580
108000007,420,502,-82
108000008,1260,2610,-1350
108000009,211,520,-309
108000010,757,2479,-1722
108000011,1449,974,475
108000012,6295,6450,-155
108000014,16,49,-33
108000015,7,37,-30
108000016,52,415,-363
108000017,8,55,-47
108000018,6,46,-40
108000019,0,66,-66
108000020,0,0,0
108000021,130,730,-600
108000022,94,388,-294
108000023,0,0,0
108000024,7,149,-142
108000025,4,88,-84
108000026,23,124,-101
108000027,15,270,-255
108000028,8,106,-98
108000029,9,248,-239
108000030,8,64,-56
108000031,10,283,-273
108000032,0,0,0
108000033,127,499,-372
108000034,0,0,0
108000035,159,1058,-899
108000036,83,422,-339
108000037,88,25,63
108000038,42,17,25
108000039,53,746,-693
108000040,34,11,23
108000041,212,885,-673
108000042,3,75,-72
108000043,6,182,-176
108000044,4,41,-37
108000045,26,417,-391
108000046,0,0,0
108000047,68,505,-437
108000048,33,276,-243
108000049,27,29,-2
108000050,18,178,-160
108000051,9,6,3
108000052,62,208,-146
108000053,22,24,-2
108000054,58,194,-136
108000055,21,25,-4
108000056,166,370,-204
108000057,18,74,-56
108000058,25,229,-204
108000059,692,353,339
108000060,2,5,-3
108000061,80,191,-111
108000062,19,16,3
108000063,33,179,-146
108000064,0,0,0
108000065,72,167,-95
108000066,214,61,153
108000067,66,66,0
108000068,0,0,0
108000069,47,520,-473
108000070,0,0,0
108000071,132,770,-638
108000072,0,0,0
108000073,208,693,-485
108000074,0,0,0
108000075,49,289,-240
108000076,0,0,0
108000077,125,320,-195
108000078,22,14,8
108000079,392,677,-285
108000080,6,8,-2
108000081,85,850,-765
108000082,213,444,-231
108000083,12,10,2
108000084,62,313,-251
108000085,2,1,1
108000086,124,186,-62
108000087,1,27,-26
108000088,13,1,12
108000089,15,12,3
108000091,16,225,-209
108000092,1,1,0
108000093,61,262,-201
108000094,0,0,0
108000095,55,165,-110
108000096,0,0,0
108000097,38,238,-200
108000098,49,83,-34
108000099,33,43,-10
108000100,7,31,-24
108000101,0,0,0
108000102,61,189,-128
108000106,0,0,0
108000107,0,177,-177
108000108,0,0,0
108000109,2,171,-169
108000110,10,55,-45
108000111,53,469,-416
108000112,0,0,0
108000113,33,14,19
108000115,40,25,15
108000117,77,39,38
108000118,5,84,-79
108000119,70,171,-101
108000120,4,79,-75
108000121,3,173,-170
108000122,11,51,-40
108000123,6,0,6
108000124,17,273,-256
108000125,2,0,2
108000126,19,257,-238
108000127,3,1,2
108000128,25,377,-352
108000129,43,651,-608
108000130,1,2,-1
108000131,5,2,3
108000132,223,345,-122
108000133,4,0,4
108000134,114,545,-431
108000135,11,1,10
108000136,49,707,-658
108000137,0,0,0
108000138,13,95,-82
108000139,0,6,-6
108000140,47,3,44
108000141,3,32,-29
108000142,11,73,-62
108000143,14,61,-47
108000144,4,10,-6
108000145,11,53,-42
108000146,6,2,4
108000147,1,46,-45
108000148,0,0,0
108000149,4,17,-13
108000150,0,0,0
108000151,6,1,5
108000152,20,71,-51
108000153,2,15,-13
108000154,11,9,2
108000155,3,13,-10
108000156,83,21,62
108000157,3,24,-21
108000158,38,110,-72
108000159,23,3,20
108000160,306,129,177
108000161,165,175,-10
108000165,0,0,0
108000172,0,0,0
108000173,221,42,179
108000175,0,32,-32
108000178,122,149,-27
108000179,0,0,0
108000181,0,1,-1
108000182,20,3,17
108000183,5,48,-43
108000184,58,162,-104
108000185,10,150,-140
108000186,5,34,-29
108000187,5,83,-78
108000188,5,20,-15
108000189,39,50,-11
108000190,5,44,-39
108000192,20,112,-92
108000193,122,5,117
108000194,0,1,-1
108000195,0,604,-604
108000196,1,22,-21
108000198,84,89,-5
108000199,0,59,-59
108000200,10,32,-22
108000203,4,172,-168
108000204,11,6,5
108000205,62,52,10
108000339,36,32,4
108000364,59,28,31
108000365,0,24,-24
108000367,8,21,-13
108000368,2,20,-18
108000369,126,26,100
108000371,2,199,-197
108000372,0,0,0
108000373,0,0,0
108000376,12,1,11
108000377,12,1,11
108000378,1877,943,934
108000379,4,45,-41
108000381,0,0,0
108000382,0,0,0
108000383,0,29,-29
108900001,6,30,-24
108900002,6,1,5
108900003,18,80,-62
108900004,97,40,57
108900007,9,12,-3
108900008,0,14,-14
108900009,2,18,-16
108900010,4,14,-10
108900011,7,38,-31
108900012,15,51,-36
108900013,2,35,-33
108900014,3,8,-5
108900015,0,0,0
108900016,0,46,-46
108900017,12,4,8
108900018,6,35,-29
108900019,1,112,-111
108900020,1,24,-23
108900021,6,16,-10
108900022,0,0,0
108900023,0,2,-2
108900024,0,11,-11
108900025,0,0,0
108900026,1,5,-4
108900027,0,29,-29
108900028,0,50,-50
108900029,0,17,-17
108900030,0,15,-15
108900031,0,46,-46
108900032,1,10,-9
108900033,0,4,-4
108900034,0,10,-10
108900035,5,208,-203
108900038,0,27,-27
108900039,0,22,-22
108900040,1,10,-9
108900041,280,49,231
108900042,1,39,-38
108900043,2,24,-22
108900044,0,86,-86
108900045,0,32,-32
108900046,0,82,-82
108900047,0,14,-14
108900048,5,57,-52
108900049,207,15,192
108900050,0,10,-10
108900051,0,36,-36
108900052,1,28,-27
108900053,6,3,3
108900054,1,9,-8
108900055,7,36,-29
108900056,0,28,-28
108900057,1,14,-13
108900058,0,44,-44
108900059,7,0,7
108900060,0,0,0
108900061,0,0,0
108900062,0,41,-41
108900063,1,9,-8
108900064,1,0,1
108900065,0,11,-11
108900066,0,0,0
108900067,1,42,-41
108900068,0,8,-8
108900069,0,3,-3
108900070,0,6,-6
108900071,0,0,0
108900072,3,0,3
108900073,1,31,-30
108900074,0,19,-19
108900075,3,5,-2
108900076,0,0,0
108900077,3,25,-22
108900078,0,7,-7
108900079,11,3,8
108900080,0,0,0
108900081,8,33,-25
108900082,1,2,-1
108900083,0,0,0
108900085,58,6,52
108900086,1,15,-14
108900087,3,4,-1
108900088,0,0,0
108900089,0,0,0
108900090,0,16,-16
108900091,7,5,2
108900092,0,2,-2
108900093,0,0,0
108900094,2,3,-1
108900095,1,21,-20
108900096,14,1,13
108900097,1,75,-74
108900098,0,0,0
108900099,0,61,-61
108900100,0,4,-4
108900101,0,0,0
108900102,0,6,-6
108900103,0,0,0
108900105,0,0,0
108900106,1,81,-80
108900108,0,0,0
108900109,0,0,0
108900110,0,37,-37
108900111,3,64,-61
108900113,2,0,2
108900114,0,0,0
108900115,0,0,0
108900116,0,0,0
108900117,0,0,0
108900118,0,0,0
108900119,0,0,0
108900120,0,0,0
108900121,0,0,0
108900122,0,0,0
108900123,0,0,0
108900124,0,0,0
108900125,0,0,0
108900126,0,0,0
108900127,0,0,0
108900128,0,0,0
108900129,0,0,0
108900130,0,0,0
108900131,0,0,0
108900132,0,0,0
108900133,0,0,0
108900134,0,0,0
108900135,0,0,0
108900136,0,0,0
108900137,0,0,0
108900138,0,0,0
108900140,0,0,0
108900141,0,0,0
108900142,0,0,0
108900143,0,0,0
108900144,0,0,0
108900145,0,0,0
108900146,0,0,0
108900147,1,0,1
108900148,0,0,0
108900150,0,0,0
108900151,0,0,0
108900152,0,0,0
108900153,0,22,-22
108900154,4,4,0
108900156,0,0,0
108900157,0,21,-21
108900158,1,5,-4
108900159,1,9,-8
108900160,0,22,-22
108900161,0,27,-27
108900162,0,0,0
108900163,0,0,0
108900164,1,6,-5
108900168,398,15,383
108900169,4,8,-4
108900171,157,103,54
108900172,0,0,0
108900173,3,15,-12
108900174,0,0,0
108900176,5,36,-31
108900177,436,44,392
108900178,130,16,114
108900180,0,0,0
108900183,13,15,-2
108900184,0,0,0
108900185,3,25,-22
108900186,2,29,-27
108900189,0,0,0
108900190,1,258,-257
108900192,2,29,-27
108900195,0,33,-33
108900196,0,43,-43
108900199,7,19,-12
108900200,31,40,-9
108900201,7,83,-76
108900203,1,0,1
108900204,7,0,7
108900205,2,0,2
108900206,0,0,0
108900207,0,0,0
108900208,3,22,-19
108900209,21,67,-46
108900210,6,10,-4
108900211,0,9,-9
108900212,16,18,-2
108900215,7,60,-53
108900216,0,2,-2
108900217,0,0,0
108900218,0,0,0
108900221,4,3,1
108900224,3,4,-1
108900225,0,23,-23
108900227,0,0,0
108900230,5,13,-8
108900232,0,30,-30
108900233,0,0,0
108900234,0,0,0
108900235,0,28,-28
108900236,2,11,-9
108900240,1,7,-6
108900241,0,0,0
108900245,0,0,0
108900250,0,15,-15
108900258,1,6,-5
108900259,0,0,0
108900260,1,2,-1
108900261,2,3,-1
108900262,1,1,0
108900263,0,0,0
108900264,0,0,0
108900265,0,0,0
108900266,0,0,0
108900267,0,0,0
108900268,0,0,0
108900269,0,0,0
108900270,0,0,0
108900271,0,0,0
108900272,0,0,0
108900273,0,0,0
108900274,2,8,-6
109000001,446,83,363
109000002,1789,429,1360
109000003,310,98,212
109000004,315,1282,-967
109000005,154,133,21
109000006,304,1084,-780
109000007,122,103,19
109000008,185,807,-622
109000009,437,145,292
109000010,542,1697,-1155
109000011,367,225,142
109000012,650,1725,-1075
109000013,448,187,261
109000014,344,1719,-1375
109000015,538,329,209
109000016,1703,2450,-747
109000017,258,210,48
109000018,296,2069,-1773
109000019,300,156,144
109000020,552,976,-424
109000023,0,0,0
109000024,2,18,-16
109000025,150,37,113
109000026,41,37,4
109000027,29,57,-28
109000028,2,20,-18
109000029,39,22,17
109000030,8,122,-114
109000031,0,0,0
109000032,7,126,-119
109000033,0,0,0
109000034,1,2,-1
109000035,0,0,0
109000036,27,119,-92
109000037,5,26,-21
109000038,229,108,121
109000039,68,10,58
109000040,184,83,101
109000041,803,223,580
109000042,58,196,-138
109000044,2,17,-15
109000045,26,171,-145
109000046,0,7,-7
109000047,22,299,-277
109000048,6,9,-3
109000049,72,361,-289
109000050,2,2,0
109000051,150,181,-31
109000052,15,169,-154
109000053,4,2,2
109000054,6,58,-52
109000055,7,20,-13
109000056,15,56,-41
109000057,25,28,-3
109000058,110,19,91
109000059,29,166,-137
109000060,36,3,33
109000061,205,58,147
109000062,14,1,13
109000063,25,32,-7
109000064,2,1,1
109000065,11,38,-27
109000066,11,1,10
109000067,5,47,-42
109000068,0,0,0
109000069,0,0,0
109000070,1,243,-242
109000071,111,12,99
109000072,14,51,-37
109000073,18,38,-20
109000074,5,25,-20
109000075,20,293,-273
109000076,4,24,-20
109000077,40,40,0
109000078,0,8,-8
109000079,6,51,-45
109000080,3,16,-13
109000081,6,107,-101
109000082,14,62,-48
109000083,9,119,-110
109000088,11,48,-37
109000089,3,3,0
109000090,31,60,-29
109000091,41,8,33
109000092,50,124,-74
109000093,38,4,34
109000094,7,0,7
109000095,8,116,-108
109000096,25,0,25
109000097,5,16,-11
109000098,0,0,0
109000099,53,49,4
109000100,8,159,-151
109000101,74,69,5
109000102,18,365,-347
109000103,28,86,-58
109000104,94,50,44
109000105,37,550,-513
109000106,93,46,47
109000107,50,552,-502
109000108,84,64,20
109000109,71,490,-419
109000110,150,98,52
109000111,207,593,-386
109000112,20,19,1
109000113,49,90,-41
109000114,7,53,-46
109000115,52,18,34
109000116,1,88,-87
109000117,6,11,-5
109000118,0,119,-119
109000119,37,46,-9
109000120,13,319,-306
109000121,14,25,-11
109000122,7,370,-363
109000123,3,23,-20
109000124,57,84,-27
109000125,47,89,-42
109000126,62,443,-381
109000127,21,41,-20
109000128,29,698,-669
109000129,17,16,1
109000130,132,795,-663
109000131,60,43,17
109000132,164,380,-216
109000133,23,340,-317
109000134,90,701,-611
109000135,179,498,-319
109000136,16,18,-2
109000137,39,33,6
109000138,3,13,-10
109000139,27,68,-41
109000140,1,11,-10
109000141,16,117,-101
109000142,10,51,-41
109000143,15,12,3
109000145,28,27,1
109000146,2,6,-4
109000148,744,50,694
109000149,17,19,-2
109000150,0,1,-1
109000155,36,163,-127
109000156,210,131,79
109000158,2,87,-85
109000159,16,101,-85
109000160,111,82,29
109000161,13,242,-229
109000162,192,233,-41
109000163,44,165,-121
109000164,144,489,-345
109000165,52,163,-111
109000166,61,41,20
109000167,15,92,-77
109000170,0,0,0
109000171,0,0,0
109000172,0,0,0
109000173,1,1,0
109000174,0,0,0
109000175,0,0,0
109000176,18,76,-58
109000177,0,0,0
109000178,17,21,-4
109000179,646,135,511
109000180,1009,402,607
109000181,3,10,-7
109000182,10,3,7
109000183,1,12,-11
109000184,4,12,-8
109000185,1,14,-13
109000188,8,106,-98
109000189,74,132,-58
109000190,70,226,-156
109000191,0,0,0
109000192,6,14,-8
109000193,7,53,-46
109000194,3,5,-2
109000195,5,66,-61
109000196,1,8,-7
109000197,16,79,-63
109000198,4,6,-2
109000199,18,97,-79
109000206,30,9,21
109000207,14,10,4
109000208,11,14,-3
109000209,3,12,-9
109000210,38,62,-24
109000211,11,17,-6
109000214,17,36,-19
109000215,0,1,-1
109000216,13,22,-9
109000217,15,10,5
109000218,31,16,15
109000221,12,140,-128
109000222,24,1,23
109000223,44,63,-19
109000224,1,22,-21
109000225,1,5,-4
109000226,4,52,-48
109000227,34,103,-69
109000228,0,113,-113
109000231,0,101,-101
109000232,4,45,-41
109000236,32,394,-362
109000241,153,327,-174
109000242,40,123,-83
109000293,0,0,0
109000361,7,26,-19
109000364,8,55,-47
109000396,0,176,-176
109000397,27,0,27
109000399,42,77,-35
109000400,17,108,-91
109000403,8,18,-10
109000406,16,2,14
109000407,7,28,-21
109000408,3,101,-98
109000410,146,59,87
109000411,0,0,0
109900001,0,0,0
109900002,0,0,0
109900003,0,0,0
109900004,17,21,-4
109900005,0,2,-2
109900006,0,14,-14
109900007,0,113,-113
109900008,0,2,-2
109900009,2,136,-134
109900010,0,0,0
109900011,6,4,2
109900012,3,16,-13
109900013,14,9,5
109900014,5,7,-2
109900015,4,8,-4
109900016,4,9,-5
109900017,4,8,-4
109900018,3,27,-24
109900019,5,14,-9
109900020,0,0,0
109900021,1,0,1
109900022,1,20,-19
109900023,0,0,0
109900024,0,0,0
109900025,2,9,-7
109900026,1,12,-11
109900027,0,0,0
109900028,180,20,160
109900029,0,22,-22
109900030,1,0,1
109900031,0,7,-7
109900032,0,35,-35
109900033,0,0,0
109900034,0,0,0
109900035,2,3,-1
109900036,0,9,-9
109900037,1,68,-67
109900038,0,0,0
109900039,0,0,0
109900040,1,118,-117
109900041,3,56,-53
109900042,0,57,-57
109900044,7,20,-13
109900045,0,2,-2
109900046,1,3,-2
109900047,7,35,-28
109900048,0,6,-6
109900049,1,5,-4
109900050,0,30,-30
109900051,0,5,-5
109900052,1,31,-30
109900053,0,40,-40
109900054,0,0,0
109900055,1,25,-24
109900056,0,0,0
109900057,0,10,-10
109900058,0,8,-8
109900059,0,0,0
109900060,0,0,0
109900061,15,38,-23
109900062,0,13,-13
109900063,0,20,-20
109900064,9,13,-4
109900065,6,27,-21
109900066,39,113,-74
109900067,0,37,-37
109900068,0,0,0
109900069,0,3,-3
109900070,8,27,-19
109900071,0,1,-1
109900072,1,15,-14
109900073,0,29,-29
109900074,0,32,-32
109900075,0,0,0
109900076,2,234,-232
109900077,4,8,-4
109900078,4,25,-21
109900080,8,41,-33
109900081,0,7,-7
109900082,2,46,-44
109900083,0,10,-10
109900084,0,8,-8
109900085,5,85,-80
109900086,0,0,0
109900087,2,31,-29
109900089,0,0,0
109900090,11,45,-34
109900091,0,0,0
109900092,0,0,0
109900093,0,0,0
109900094,0,12,-12
109900095,1,3,-2
109900096,0,0,0
109900097,0,0,0
109900098,0,0,0
109900099,0,0,0
109900100,0,0,0
109900101,0,0,0
109900102,0,0,0
109900103,2,5,-3
109900104,1,168,-167
109900105,0,0,0
109900106,0,0,0
109900107,0,0,0
109900108,9,76,-67
109900109,2,31,-29
109900110,1,23,-22
109900111,4,66,-62
109900112,7,65,-58
109900113,0,0,0
109900114,0,0,0
109900115,0,0,0
109900117,0,0,0
109900118,8,49,-41
109900119,53,32,21
109900120,0,0,0
109900121,17,16,1
109900122,0,0,0
109900123,0,9,-9
109900124,0,34,-34
109900125,0,11,-11
109900126,0,6,-6
109900128,0,0,0
109900130,288,3,285
109900131,0,0,0
109900132,0,0,0
109900133,0,0,0
109900134,0,0,0
109900135,35,11,24
109900136,7,19,-12
109900137,0,0,0
109900140,8,36,-28
109900142,25,34,-9
109900145,0,14,-14
109900146,5,3,2
109900148,10,25,-15
109900149,7,2,5
109900150,0,8,-8
109900151,0,6,-6
109900152,0,4,-4
109900153,0,12,-12
109900154,0,0,0
109900155,0,0,0
109900157,5,18,-13
109900158,3,20,-17
109900159,7,8,-1
109900160,16,2,14
109900161,4,5,-1
109900162,3,9,-6
109900163,10,2,8
109900164,1,58,-57
109900165,3,0,3
109900166,0,14,-14
109900167,4,90,-86
109900168,0,90,-90
109900169,14,25,-11
109900170,18,36,-18
109900171,5,6,-1
109900172,11,23,-12
109900173,349,51,298
109900174,2,4,-2
109900175,3,20,-17
109900176,15,36,-21
109900177,5,60,-55
109900178,0,13,-13
109900179,0,0,0
109900180,0,0,0
110000001,155,296,-141
110000002,73,60,13
110000003,1483,405,1078
110000004,231,113,118
110000005,497,186,311
110000006,110,166,-56
110000007,2,25,-23
110000008,1,21,-20
110000009,0,0,0
110000010,5,12,-7
110000011,0,17,-17
110000012,203,152,51
110000013,1,58,-57
110000014,196,41,155
110000015,2,10,-8
110000016,85,96,-11
110000017,71,25,46
110000018,282,57,225
110000019,4,43,-39
110000020,40,50,-10
110000021,17,11,6
110000022,24,7,17
110000023,0,29,-29
110000024,135,152,-17
110000025,11,0,11
110000026,3,65,-62
110000027,79,38,41
110000028,12,38,-26
110000029,98,236,-138
110000030,3,13,-10
110000031,46,165,-119
110000032,11,18,-7
110000033,4,3,1
110000034,92,257,-165
110000035,9,74,-65
110000036,35,146,-111
110000037,4,41,-37
110000038,74,115,-41
110000039,75,76,-1
110000040,42,75,-33
110000041,0,0,0
110000042,5,36,-31
110000043,0,0,0
110000044,0,7,-7
110000045,0,0,0
110000046,2,2,0
110000047,0,0,0
110000048,1,0,1
110000049,0,0,0
110000050,0,0,0
110000051,0,0,0
110000052,0,0,0
110000053,0,0,0
110000054,8,15,-7
110000055,0,0,0
110000056,0,0,0
110000057,72,225,-153
110000058,26,20,6
110000059,202,332,-130
110000060,71,90,-19
110000061,398,534,-136
110000062,283,161,122
110000063,6,22,-16
110000064,0,0,0
110000065,10,17,-7
110000066,6,7,-1
110000067,0,0,0
110000068,0,1,-1
110000069,11,23,-12
110000071,4,33,-29
110000073,0,9,-9
110000075,0,53,-53
110000076,19,5,14
110000077,26,18,8
110000078,0,17,-17
110000080,39,263,-224
110000081,3,82,-79
110000082,4,59,-55
110000083,70,218,-148
110000084,51,64,-13
110000085,1045,419,626
110000086,52,194,-142
110000087,0,40,-40
110000088,1,102,-101
110000089,1,23,-22
110000090,4,50,-46
110000091,251,69,182
110000092,0,16,-16
110000093,34,0,34
110000094,51,188,-137
110000095,12,94,-82
110000096,665,502,163
110000097,193,181,12
110000098,98,88,10
110000099,88,479,-391
110000100,5,100,-95
110000101,2,94,-92
110000102,13,2,11
110000104,10,4,6
110000105,2,30,-28
110000106,17,17,0
110000107,23,34,-11
110000108,87,1,86
110000109,25,234,-209
110000110,739,192,547
110000111,2038,641,1397
110000112,130,33,97
110000113,68,58,10
110000114,13,28,-15
110000115,14,21,-7
110000116,22,9,13
110000117,7,100,-93
110000118,25,15,10
110000119,6,118,-112
110000120,41,19,22
110000121,14,64,-50
110000122,48,220,-172
110000123,32,37,-5
110000124,1,442,-441
110000125,0,0,0
110000126,0,0,0
110000127,0,0,0
110000128,9,469,-460
110000129,2,258,-256
110000130,0,0,0
110000131,28,223,-195
110000132,2,300,-298
110000133,16,60,-44
110000134,5,66,-61
110000135,0,0,0
110000136,10,88,-78
110000137,8,56,-48
110000138,45,201,-156
110000139,20,73,-53
110000140,0,0,0
110000143,26,26,0
110000144,879,222,657
110000145,195,117,78
110000146,293,154,139
110000147,30,169,-139
110000148,0,0,0
110000151,26,22,4
110000152,81,80,1
110000153,0,23,-23
110000154,1,3,-2
110000155,362,787,-425
110000156,85,511,-426
110000157,234,585,-351
110000160,36,73,-37
110000161,44,51,-7
110000166,2,0,2
110000167,55,68,-13
110000168,79,47,32
110000169,20,23,-3
110000170,12,6,6
110000171,25,20,5
110000172,22,306,-284
110000173,183,337,-154
110000174,13,223,-210
110000175,0,0,0
110000176,0,0,0
110000177,2,45,-43
110000178,280,114,166
110000179,212,109,103
110000180,18,88,-70
110000181,16,116,-100
110000182,108,93,15
110000183,875,528,347
110000184,71,120,-49
110000185,86,293,-207
110000186,153,115,38
110000191,3,112,-109
110000192,3,0,3
110000193,20,1,19
110000194,4,251,-247
110000195,1,25,-24
110000196,29,78,-49
110000197,0,14,-14
110000198,5,3,2
110000199,9,35,-26
110000200,96,137,-41
110000201,20,49,-29
110000202,82,73,9
110000203,32,197,-165
110000204,0,48,-48
110000205,3,7,-4
110000206,13,243,-230
110000207,19,66,-47
110000208,12,19,-7
110000209,19,243,-224
110000210,0,0,0
110000211,0,0,0
110000212,25,107,-82
110000213,2,5,-3
110000214,10,15,-5
110000215,7,141,-134
110000216,8,128,-120
110000217,6,18,-12
110000218,7,111,-104
110000219,7,14,-7
110000220,6,84,-78
110000221,8,13,-5
110000222,6,63,-57
110000223,2,8,-6
110000224,1,1,0
110000225,19,144,-125
110000226,3,4,-1
110000227,44,68,-24
110000228,7,7,0
110000229,0,73,-73
110000230,40,78,-38
110000231,19,30,-11
110000232,8,115,-107
110000233,2,48,-46
110000234,6,55,-49
110000235,55,102,-47
110000236,148,434,-286
110000237,349,357,-8
110000238,31,190,-159
110000239,107,342,-235
110000240,0,53,-53
110000242,0,25,-25
110000243,12,49,-37
110000244,5,111,-106
110000245,6,160,-154
110000246,20,96,-76
110000247,113,544,-431
110000248,8,214,-206
110000249,0,0,0
110000250,0,21,-21
110000251,5,26,-21
110000252,15,48,-33
110000253,24,18,6
110000254,127,253,-126
110000255,21,272,-251
110000256,8,1,7
110000257,58,195,-137
110000258,0,46,-46
110000259,7,4,3
110000260,1,53,-52
110000263,72,29,43
110000264,16,65,-49
110000265,335,291,44
110000266,291,331,-40
110000267,3,54,-51
110000268,6,27,-21
110000269,1,18,-17
110000270,0,0,0
110000271,8,11,-3
110000272,119,450,-331
110000273,234,479,-245
110000274,25,121,-96
110000275,382,93,289
110000276,32,75,-43
110000277,14,28,-14
110000278,46,135,-89
110000279,5,83,-78
110000280,2,89,-87
110000281,0,40,-40
110000282,0,10,-10
110000283,1,4,-3
110000284,2,4,-2
110000285,0,79,-79
110000286,0,0,0
110000287,0,0,0
110000288,1,23,-22
110000289,36,358,-322
110000290,329,292,37
110000291,447,375,72
110000292,267,384,-117
110000293,17,163,-146
110000294,51,172,-121
110000295,2,129,-127
110000296,10,130,-120
110000297,271,164,107
110000298,68,107,-39
110000299,0,0,0
110000301,0,0,0
110000302,30,248,-218
110000303,0,0,0
110000304,23,87,-64
110000305,7,0,7
110000306,22,596,-574
110000307,14,0,14
110000308,1,1,0
110000309,1,386,-385
110000310,24,20,4
110000311,1,244,-243
110000312,19,5,14
110000313,252,461,-209
110000314,1,78,-77
110000315,545,479,66
110000316,216,575,-359
110000317,67,70,-3
110000318,0,26,-26
110000319,0,0,0
110000320,3,25,-22
110000321,3,5,-2
110000322,7,10,-3
110000323,27,88,-61
110000324,1047,811,236
110000325,11,43,-32
110000327,1,36,-35
110000328,63,210,-147
110000333,5,6,-1
110000334,69,332,-263
110000335,29,63,-34
110000336,45,374,-329
110000337,45,62,-17
110000338,1,22,-21
110000339,12,43,-31
110000340,8,35,-27
110000341,37,262,-225
110000342,0,0,0
110000343,0,15,-15
110000344,6,43,-37
110000345,4,3,1
110000346,528,330,198
110000347,212,42,170
110000348,0,5,-5
110000349,0,2,-2
110000350,0,0,0
110000351,38,188,-150
110000352,32,576,-544
110000353,291,208,83
110000354,102,639,-537
110000355,1,18,-17
110000356,0,0,0
110000357,18,4,14
110000361,0,17,-17
110000362,7,5,2
110000363,5,15,-10
110000364,0,70,-70
110000365,0,0,0
110000366,0,26,-26
110000367,33,61,-28
110000368,0,18,-18
110000369,0,0,0
110000373,1,81,-80
110000374,1,0,1
110000375,4,213,-209
110000376,10,58,-48
110000377,0,0,0
110000378,1,170,-169
110000379,593,267,326
110000380,2,1,1
110000383,0,105,-105
110000384,0,26,-26
110000385,0,58,-58
110000387,0,7,-7
110000388,8,109,-101
110000389,0,0,0
110000391,0,92,-92
110000396,3,44,-41
110000397,1,7,-6
110000398,2,1,1
110000399,0,0,0
110000587,0,0,0
110000589,2,2,0
110000640,40,11,29
110000652,2,6,-4
110000653,28,153,-125
110000654,0,2,-2
110000656,0,163,-163
110000674,0,1,-1
110000675,0,2,-2
110000676,0,11,-11
110000679,262,174,88
110000682,0,0,0
110000683,7,14,-7
110000684,0,8,-8
110000685,0,0,0
110000686,0,8,-8
110000687,0,0,0
110000688,52,2,50
110000689,3,4,-1
110000692,3,6,-3
110000693,6,108,-102
110000694,0,145,-145
110000695,24,186,-162
110000696,0,0,0
110900001,0,3,-3
110900002,0,21,-21
110900003,0,155,-155
110900004,0,63,-63
110900005,209,15,194
110900006,0,0,0
110900007,0,0,0
110900008,1,3,-2
110900009,0,0,0
110900010,0,14,-14
110900011,0,8,-8
110900012,0,11,-11
110900013,0,0,0
110900014,0,0,0
110900015,0,0,0
110900016,0,15,-15
110900017,0,0,0
110900018,0,0,0
110900019,0,0,0
110900020,0,58,-58
110900021,2,104,-102
110900022,3,47,-44
110900023,5,60,-55
110900024,2,75,-73
110900025,0,4,-4
110900027,0,18,-18
110900028,1,9,-8
110900029,7,65,-58
110900030,3,20,-17
110900031,0,32,-32
110900032,0,13,-13
110900033,2,32,-30
110900035,3,70,-67
110900036,2,2,0
110900037,0,1,-1
110900038,14,0,14
110900039,1,30,-29
110900040,5,0,5
110900041,0,21,-21
110900042,0,0,0
110900043,0,22,-22
110900044,0,0,0
110900045,7,96,-89
110900046,13,51,-38
110900047,0,0,0
110900049,0,0,0
110900050,0,0,0
110900051,2,5,-3
110900052,1,19,-18
110900053,0,0,0
110900054,2,33,-31
110900055,0,0,0
110900056,14,1,13
110900057,1,30,-29
110900058,0,0,0
110900059,42,120,-78
110900060,5,0,5
110900061,1,1,0
110900062,0,0,0
110900063,0,4,-4
110900064,0,0,0
110900065,28,2,26
110900066,0,7,-7
110900067,0,0,0
110900068,8,30,-22
110900069,0,2,-2
110900070,12,2,10
110900071,0,0,0
110900073,0,3,-3
110900074,0,6,-6
110900075,4,5,-1
110900077,1,2,-1
110900078,0,20,-20
110900079,101,22,79
110900080,0,0,0
110900081,0,21,-21
110900082,0,0,0
110900083,0,0,0
110900084,0,33,-33
110900085,4,51,-47
110900086,0,0,0
110900087,0,0,0
110900088,0,1,-1
110900090,0,0,0
110900091,0,0,0
110900093,0,0,0
110900095,0,4,-4
110900097,1,0,1
110900098,0,24,-24
110900099,2,42,-40
110900100,0,3,-3
110900102,0,2,-2
110900105,38,26,12
110900108,0,13,-13
110900111,10,7,3
110900112,0,0,0
110900113,0,0,0
110900115,0,0,0
110900116,13,391,-378
110900118,4,28,-24
110900119,555,23,532
110900120,0,22,-22
110900121,0,0,0
110900122,0,9,-9
110900125,5,9,-4
110900127,53,119,-66
110900128,2,57,-55
110900129,0,0,0
110900130,26,2,24
110900131,0,0,0
110900132,1,0,1
110900133,3,17,-14
110900135,5,48,-43
110900136,0,0,0
110900139,0,0,0
110900140,0,0,0
110900141,0,13,-13
110900142,3,19,-16
110900143,0,0,0
110900144,0,140,-140
110900145,1,0,1
110900146,13,0,13
110900147,45,108,-63
110900148,0,52,-52
110900149,1,13,-12
110900150,3,1,2
110900151,0,15,-15
110900152,3,55,-52
110900153,0,0,0
111000001,329,130,199
111000002,361,326,35
111000003,68,78,-10
111000004,146,364,-218
111000005,96,180,-84
111000006,253,473,-220
111000007,514,421,93
111000008,1140,610,530
111000009,259,554,-295
111000010,192,108,84
111000011,750,622,128
111000012,291,135,156
111000013,122,576,-454
111000014,172,166,6
111000017,34,157,-123
111000018,53,117,-64
111000020,394,1122,-728
111000021,0,0,0
111000023,0,0,0
111000025,693,508,185
111000029,10,55,-45
111000030,9,24,-15
111000031,49,31,18
111000032,50,19,31
111000033,0,0,0
111000034,17,181,-164
111000037,224,222,2
111000038,240,393,-153
111000039,139,331,-192
111000040,226,370,-144
111000041,129,156,-27
111000042,588,345,243
111000043,0,0,0
111000044,0,0,0
111000045,19,42,-23
111000046,7,18,-11
111000047,94,119,-25
111000049,67,253,-186
111000050,302,700,-398
111000051,94,417,-323
111000052,161,437,-276
111000053,86,296,-210
111000054,108,310,-202
111000055,174,656,-482
111000056,29,173,-144
111000057,12,158,-146
111000058,8,24,-16
111000059,21,71,-50
111000060,105,112,-7
111000061,42,73,-31
111000062,24,82,-58
111000063,107,125,-18
111000064,46,71,-25
111000065,42,112,-70
111000066,62,63,-1
111000067,51,160,-109
111000068,24,139,-115
111000069,470,563,-93
111000070,549,303,246
111000071,51,222,-171
111000072,0,0,0
111000073,0,0,0
111000074,0,0,0
111000075,0,0,0
111000076,0,0,0
111000077,97,102,-5
111000078,386,412,-26
111000079,261,150,111
111000080,57,158,-101
111000081,343,404,-61
111000082,94,180,-86
111000084,94,180,-86
111000085,62,173,-111
111000086,142,106,36
111000087,92,100,-8
111000088,507,158,349
111000089,194,239,-45
111000090,300,391,-91
111000091,115,239,-124
111000092,184,303,-119
111000093,38,221,-183
111000094,101,205,-104
111000095,49,452,-403
111000096,387,1944,-1557
111000097,1369,262,1107
111000098,123,371,-248
111000099,60,763,-703
111000100,51,635,-584
111000101,69,198,-129
111000102,19,235,-216
111000104,0,0,0
111000107,21,220,-199
111000109,0,0,0
111000110,14,3,11
111000111,21,5,16
111000112,17,4,13
111000113,11,2,9
111000114,20,10,10
111000115,840,124,716
111000116,56,67,-11
111000117,40,130,-90
111000118,146,66,80
111000119,68,143,-75
111000120,36,63,-27
111000121,37,71,-34
111000122,55,282,-227
111000123,51,676,-625
111000124,91,892,-801
111000125,25,427,-402
111000126,10,239,-229
111000127,0,0,0
111000128,0,0,0
111000129,0,0,0
111000130,23,74,-51
111000131,33,55,-22
111000132,0,0,0
111000133,13,12,1
111000134,5,15,-10
111000135,9,35,-26
111000136,6,28,-22
111000138,0,0,0
111000140,4,4,0
111000141,17,81,-64
111000142,16,15,1
111000143,0,26,-26
111000144,0,26,-26
111000145,0,0,0
111000146,0,0,0
111000147,0,0,0
111000148,2,20,-18
111000149,4,28,-24
111000150,0,0,0
111000151,8,21,-13
111000153,80,82,-2
111000154,22,83,-61
111000155,6,51,-45
111000156,0,0,0
111000157,0,0,0
111000158,0,0,0
111000159,0,0,0
111000160,0,0,0
111000161,0,0,0
111000162,2,44,-42
111000163,59,219,-160
111000164,191,436,-245
111000165,238,152,86
111000166,117,56,61
111000167,48,130,-82
111000168,28,48,-20
111000169,10,33,-23
111000170,25,49,-24
111000171,58,109,-51
111000172,8,99,-91
111000173,74,224,-150
111000174,4,83,-79
111000175,0,33,-33
111000176,11,33,-22
111000177,12,47,-35
111000178,61,75,-14
111000179,3,43,-40
111000180,24,66,-42
111000181,35,39,-4
111000182,6,36,-30
111000183,25,33,-8
111000184,40,21,19
111000185,32,150,-118
111000186,24,89,-65
111000187,4,80,-76
111000188,11,95,-84
111000189,241,113,128
111000190,114,131,-17
111000191,27,124,-97
111000192,44,172,-128
111000193,86,147,-61
111000194,8,113,-105
111000195,12,99,-87
111000196,14,92,-78
111000197,0,0,0
111000198,0,0,0
111000199,0,0,0
111000200,0,0,0
111000201,0,0,0
111000202,0,0,0
111000203,0,0,0
111000204,0,0,0
111000213,1,22,-21
111000214,74,234,-160
111000215,93,203,-110
111000217,110,208,-98
111000218,93,244,-151
111000219,82,122,-40
111000220,6,216,-210
111000221,0,0,0
111000224,151,163,-12
111000225,34,71,-37
111000226,0,0,0
111000227,0,0,0
111000228,4,51,-47
111000229,11,76,-65
111000230,0,0,0
111000231,0,1,-1
111000232,57,318,-261
111000233,78,218,-140
111000234,9,108,-99
111000239,49,40,9
111000240,0,0,0
111000241,5,101,-96
111000242,0,0,0
111000243,11,253,-242
111000244,0,0,0
111000245,0,1,-1
111000246,3,8,-5
111000247,39,386,-347
111000248,6,15,-9
111000249,106,223,-117
111000250,1,15,-14
111000251,6,9,-3
111000253,0,0,0
111000255,0,0,0
111000257,0,0,0
111000260,19,334,-315
111000261,19,3,16
111000271,9,94,-85
111000273,381,132,249
111000274,241,335,-94
111000275,0,0,0
111000276,36,368,-332
111000277,32,76,-44
111000278,54,30,24
111000291,26,138,-112
111000298,18,13,5
111000299,0,0,0
111000300,1,69,-68
111000302,6,4,2
111000303,2,44,-42
111000312,4,4,0
111000315,24,117,-93
111000320,23,85,-62
111000321,11,3,8
111000322,11,63,-52
111000323,7,2,5
111000324,0,0,0
111000325,0,27,-27
111000326,7,79,-72
111000327,28,63,-35
111000328,26,86,-60
111000329,7,34,-27
111000330,2,1,1
111000331,0,2,-2
111000332,38,170,-132
111000334,77,477,-400
111000335,39,26,13
111000337,47,223,-176
111000338,1,32,-31
111000339,14,103,-89
111000340,11,186,-175
111000341,66,33,33
111000342,7,58,-51
111000344,96,120,-24
111000345,0,0,0
111000346,0,19,-19
111000347,3,1,2
111000350,3,1,2
111000351,19,62,-43
111000352,1,0,1
111000353,12,34,-22
111000354,1,0,1
111000355,35,109,-74
111000358,9,408,-399
111000360,2,206,-204
111000361,1,115,-114
111000546,49,248,-199
111000547,5,64,-59
111000548,31,86,-55
111000549,6,30,-24
111000550,16,111,-95
111000551,69,9,60
111000552,10,2,8
111000907,0,8,-8
111000908,0,0,0
111000916,90,102,-12
111000917,12,124,-112
111000918,8,239,-231
111000920,0,0,0
111000921,0,143,-143
111000922,47,155,-108
111000924,2,252,-250
111000925,194,402,-208
111000926,330,1130,-800
111000927,1150,923,227
111000928,2261,1573,688
111000929,91,209,-118
111000930,188,1129,-941
111000931,221,414,-193
111000932,944,1177,-233
111000933,281,163,118
111000934,675,1293,-618
111000935,87,168,-81
111000936,211,916,-705
111000937,146,73,73
111000938,309,1185,-876
111000939,0,0,0
111000940,25,43,-18
111000941,0,73,-73
111000943,9,33,-24
111000944,3,68,-65
111000945,4,628,-624
111001109,0,0,0
111001110,42,379,-337
111001111,4,2,2
111001112,38,1,37
111001113,5,103,-98
111001114,0,0,0
111001115,21,78,-57
111001116,487,45,442
111001117,255,262,-7
111001120,11,57,-46
111001121,14,60,-46
111001122,22,109,-87
111001123,0,0,0
111001124,2,28,-26
111001125,0,4,-4
111001126,0,1,-1
111900001,0,15,-15
111900002,0,25,-25
111900003,0,19,-19
111900004,0,7,-7
111900006,0,0,0
111900007,0,0,0
111900008,0,0,0
111900009,0,0,0
111900010,24,43,-19
111900012,27,5,22
111900013,0,10,-10
111900014,467,34,433
111900015,0,8,-8
111900016,0,13,-13
111900017,0,26,-26
111900018,0,0,0
111900019,1,4,-3
111900020,0,6,-6
111900021,2,3,-1
111900022,0,4,-4
111900023,5,2,3
111900024,0,25,-25
111900025,0,4,-4
111900026,0,3,-3
111900027,1,22,-21
111900028,2,57,-55
111900029,0,5,-5
111900030,0,0,0
111900031,0,6,-6
111900032,0,51,-51
111900033,0,3,-3
111900034,0,0,0
111900035,0,13,-13
111900036,0,49,-49
111900038,0,0,0
111900039,3,19,-16
111900040,2,81,-79
111900042,0,1,-1
111900043,0,39,-39
111900044,0,0,0
111900046,4,23,-19
111900048,2,160,-158
111900049,6,51,-45
111900050,0,0,0
111900051,2,36,-34
111900052,47,54,-7
111900053,1,0,1
111900054,0,0,0
111900055,1,132,-131
111900056,0,0,0
111900057,0,2,-2
111900058,1,164,-163
111900059,0,0,0
111900060,0,0,0
111900061,0,30,-30
111900062,0,0,0
111900063,0,34,-34
111900064,22,40,-18
111900065,0,0,0
111900066,0,0,0
111900067,0,69,-69
111900068,0,0,0
111900069,0,0,0
111900070,0,0,0
111900071,0,38,-38
111900072,0,0,0
111900073,0,1,-1
111900074,1,15,-14
111900075,0,0,0
111900076,0,0,0
111900077,0,0,0
111900078,0,0,0
111900079,0,0,0
111900080,0,0,0
111900082,0,2,-2
111900083,0,0,0
111900084,0,0,0
111900085,0,0,0
111900086,0,0,0
111900087,0,0,0
111900088,1,0,1
111900089,0,0,0
111900090,5,1,4
111900091,1,0,1
111900092,0,0,0
111900093,0,0,0
111900094,0,0,0
111900095,0,0,0
111900096,2,0,2
111900097,0,0,0
111900098,0,0,0
111900099,0,0,0
111900100,1,0,1
111900101,0,0,0
111900102,3,80,-77
111900103,0,0,0
111900104,0,0,0
111900105,0,0,0
111900106,66,0,66
111900110,130,0,130
111900111,0,2,-2
111900112,13,3,10
111900113,0,1,-1
111900118,0,0,0
111900119,0,0,0
111900122,0,0,0
111900123,0,0,0
111900124,1,3,-2
111900125,0,0,0
111900126,0,0,0
111900127,0,0,0
111900128,0,0,0
111900129,0,0,0
111900130,0,0,0
111900131,0,0,0
111900132,0,0,0
111900133,0,0,0
111900134,6,38,-32
111900135,0,0,0
111900136,0,0,0
111900137,12,1,11
111900138,0,10,-10
111900139,0,22,-22
111900140,0,0,0
111900141,0,0,0
111900142,0,0,0
111900143,0,19,-19
111900144,2,20,-18
111900145,0,36,-36
111900146,1,21,-20
111900147,1,42,-41
111900148,0,38,-38
111900149,0,24,-24
111900150,0,10,-10
111900151,0,0,0
111900152,1,0,1
111900153,3,0,3
111900154,0,0,0
111900155,0,0,0
111900156,0,0,0
111900157,0,0,0
111900158,0,0,0
111900159,0,0,0
111900160,0,0,0
111900161,0,0,0
111900162,0,0,0
111900163,0,0,0
111900164,0,0,0
111901113,0,25,-25
111901114,0,0,0
111901115,0,0,0
111901116,0,0,0
111901117,0,0,0
111901118,0,0,0
111901119,0,0,0
111901121,2,15,-13
111901122,0,28,-28
111901123,0,46,-46
111901124,0,0,0
111901125,0,0,0
111901127,0,0,0
111901128,0,0,0
111901129,0,0,0
111901130,0,0,0
111901131,0,16,-16
111901132,0,0,0
111901133,0,0,0
111901134,0,0,0
111901135,0,0,0
111901136,0,0,0
111901138,0,0,0
111901139,0,0,0
111901140,0,0,0
111901141,0,0,0
111901142,0,0,0
111901143,0,0,0
111901144,0,0,0
111901145,0,0,0
111901146,3,0,3
111901147,9,0,9
111901148,0,0,0
111901149,0,0,0
112000001,184,152,32
112000002,277,730,-453
112000003,104,154,-50
112000004,140,448,-308
112000005,255,255,0
112000006,277,636,-359
112000007,158,145,13
112000008,227,415,-188
112000009,706,866,-160
112000010,164,235,-71
112000011,357,740,-383
112000012,210,335,-125
112000013,1701,1065,636
112000014,85,74,11
112000015,375,662,-287
112000016,101,89,12
112000017,155,433,-278
112000024,478,175,303
112000026,1087,1577,-490
112000027,3,20,-17
112000028,392,699,-307
112000029,3,6,-3
112000030,69,32,37
112000031,249,155,94
112000032,259,21,238
112000033,351,76,275
112000034,75,13,62
112000035,7,42,-35
112000036,63,30,33
112000037,23,113,-90
112000038,42,75,-33
112000039,0,0,0
112000040,15,23,-8
112000041,14,40,-26
112000042,79,48,31
112000050,0,0,0
112000051,20,66,-46
112000054,693,433,260
112000057,51,77,-26
112000058,60,67,-7
112000059,0,0,0
112000061,1096,402,694
112000062,479,46,433
112000063,81,63,18
112000064,1505,1671,-166
112000065,506,631,-125
112000066,5,1,4
112000067,101,147,-46
112000068,1,0,1
112000069,62,585,-523
112000070,5,12,-7
112000071,90,647,-557
112000072,4,20,-16
112000073,114,289,-175
112000074,4,37,-33
112000075,16,32,-16
112000076,190,276,-86
112000077,32,147,-115
112000078,26,99,-73
112000079,109,271,-162
112000080,25,223,-198
112000081,337,397,-60
112000082,12,19,-7
112000083,117,282,-165
112000084,22,9,13
112000085,115,230,-115
112000086,11,24,-13
112000087,30,162,-132
112000088,2,9,-7
112000089,7,51,-44
112000090,3,5,-2
112000091,102,465,-363
112000092,76,94,-18
112000093,263,442,-179
112000094,21,72,-51
112000095,94,275,-181
112000096,11,82,-71
112000097,6,3,3
112000098,144,335,-191
112000099,14,7,7
112000100,49,20,29
112000101,65,262,-197
112000102,13,5,8
112000103,46,360,-314
112000105,83,617,-534
112000106,8,7,1
112000107,0,0,0
112000108,13,169,-156
112000109,0,0,0
112000110,63,34,29
112000111,206,1395,-1189
112000112,52,56,-4
112000113,251,675,-424
112000114,32,16,16
112000115,9,64,-55
112000116,2,70,-68
112000117,2,42,-40
112000118,88,241,-153
112000119,42,234,-192
112000120,19,110,-91
112000121,0,0,0
112000122,0,0,0
112000123,0,0,0
112000124,0,0,0
112000125,0,0,0
112000126,0,0,0
112000127,180,91,89
112000128,112,49,63
112000129,5,38,-33
112000130,17,12,5
112000131,0,45,-45
112000132,5,86,-81
112000133,0,67,-67
112000134,22,107,-85
112000135,12,15,-3
112000136,116,250,-134
112000137,11,9,2
112000138,158,280,-122
112000139,0,0,0
112000140,47,192,-145
112000141,0,0,0
112000142,20,179,-159
112000143,0,0,0
112000144,46,404,-358
112000145,0,0,0
112000146,107,655,-548
112000147,0,0,0
112000148,157,578,-421
112000149,0,0,0
112000150,12,82,-70
112000151,7,0,7
112000152,10,48,-38
112000153,4,13,-9
112000154,13,19,-6
112000155,18,9,9
112000157,88,75,13
112000158,2,37,-35
112000159,23,66,-43
112000167,9,1,8
112000169,30,39,-9
112000173,2,31,-29
112000175,0,20,-20
112000176,934,567,367
112000177,2,6,-4
112000178,1,6,-5
112000179,0,9,-9
112000180,47,60,-13
112000181,146,510,-364
112000182,27,269,-242
112000183,0,0,0
112000184,0,0,0
112000185,18,89,-71
112000187,271,480,-209
112000195,0,0,0
112000196,0,0,0
112000197,0,0,0
112000198,0,3,-3
112000199,74,24,50
112000202,0,0,0
112000216,2,17,-15
112000230,0,0,0
112000231,0,1,-1
112000256,0,0,0
112000313,5,5,0
112000314,0,0,0
112000337,11,73,-62
112000352,6,4,2
112000392,143,215,-72
112000398,83,63,20
112000399,14,49,-35
112000400,263,1059,-796
112000401,3205,830,2375
112000402,143,242,-99
112000403,26,76,-50
112000404,77,63,14
112000405,76,213,-137
112000406,696,1062,-366
112000407,497,463,34
112000408,1993,2095,-102
112000409,303,1519,-1216
112000410,0,0,0
112000411,19,1,18
112000412,56,33,23
112000413,60,10,50
112000414,14,7,7
112000415,0,0,0
112000416,160,118,42
112000417,0,0,0
112000421,4,16,-12
112000422,18,32,-14
112000424,98,171,-73
112000425,69,443,-374
112000426,4,67,-63
112000427,0,0,0
112000428,0,10,-10
112000429,333,658,-325
112000430,451,930,-479
112000431,0,0,0
112000432,76,600,-524
112000433,44,69,-25
112000437,1,66,-65
112900001,0,0,0
112900002,0,0,0
112900003,4,41,-37
112900004,0,51,-51
112900005,0,24,-24
112900006,1,88,-87
112900007,0,0,0
112900008,0,0,0
112900009,0,0,0
112900010,1,53,-52
112900011,12,22,-10
112900012,0,9,-9
112900013,0,0,0
112900014,0,12,-12
112900015,36,123,-87
112900016,0,19,-19
112900017,0,0,0
112900018,0,41,-41
112900019,2,6,-4
112900020,83,185,-102
112900021,1,46,-45
112900022,0,0,0
112900023,0,19,-19
112900024,1,23,-22
112900025,0,0,0
112900026,1,25,-24
112900027,0,0,0
112900028,0,15,-15
112900029,0,0,0
112900030,28,49,-21
112900031,0,0,0
112900032,4,4,0
112900034,0,0,0
112900035,0,0,0
112900036,1,6,-5
112900037,0,0,0
112900038,0,2,-2
112900039,0,0,0
112900040,0,4,-4
112900041,38,14,24
112900042,1,44,-43
112900043,0,2,-2
112900044,26,35,-9
112900045,0,0,0
112900046,12,0,12
112900047,3,0,3
112900049,0,4,-4
112900050,18,75,-57
112900051,50,98,-48
112900052,1,84,-83
112900053,8,64,-56
112900054,0,0,0
112900055,0,1,-1
112900056,1,0,1
112900057,0,42,-42
112900058,6,0,6
112900059,3,7,-4
112900060,1,5,-4
112900061,4,10,-6
112900062,1,5,-4
112900063,0,0,0
112900064,3,13,-10
112900065,0,0,0
112900066,0,2,-2
112900067,23,3,20
112900068,0,0,0
112900069,145,8,137
112900071,0,0,0
112900072,0,0,0
112900073,3,0,3
112900074,0,0,0
112900075,5,2,3
112900076,0,0,0
112900078,0,0,0
112900079,0,0,0
112900080,0,0,0
112900081,0,0,0
112900082,5,1,4
112900083,0,0,0
112900084,0,0,0
112900086,0,0,0
112900087,0,0,0
112900088,0,0,0
112900089,7,0,7
112900090,0,0,0
112900091,0,0,0
112900092,0,0,0
112900093,0,0,0
112900095,0,0,0
112900096,2,1,1
112900097,0,15,-15
112900098,0,0,0
112900099,8,1,7
112900100,0,0,0
112900101,0,0,0
112900102,0,0,0
112900103,0,0,0
112900104,0,0,0
112900105,0,0,0
112900106,6,1,5
112900107,0,0,0
112900108,0,0,0
112900109,0,0,0
112900110,0,0,0
112900111,0,0,0
112900112,0,0,0
112900113,0,2,-2
112900114,0,0,0
112900115,13,0,13
112900116,0,4,-4
112900117,5,2,3
112900118,0,8,-8
112900119,0,0,0
112900120,157,49,108
112900121,10,4,6
112900122,0,17,-17
112900123,0,0,0
112900124,0,6,-6
112900125,0,12,-12
112900126,11,22,-11
112900127,0,0,0
112900128,40,225,-185
112900129,1,144,-143
112900130,0,0,0
112900131,5,76,-71
112900132,2,80,-78
112900133,1,119,-118
112900134,0,52,-52
112900135,0,0,0
112900137,0,102,-102
112900138,0,80,-80
112900139,66,240,-174
112900141,0,0,0
112900142,0,0,0
112900143,4,112,-108
112900144,0,41,-41
112900145,16,129,-113
112900146,0,71,-71
112900147,2,711,-709
112900148,1,0,1
112900149,2,50,-48
112900151,0,0,0
112900152,342,59,283
112900153,5,0,5
112900154,0,0,0
112900155,0,0,0
112900156,1,113,-112
112900157,11,5,6
112900158,0,0,0
112900159,0,8,-8
112900160,2,13,-11
112900161,0,0,0
112900162,2,1,1
112900163,0,0,0
112900164,0,0,0
112900165,2,10,-8
112900166,0,0,0
112900167,0,0,0
112900168,0,0,0
112900169,0,0,0
112900170,0,0,0
112900172,0,0,0
112900173,23,4,19
112900174,0,0,0
112900175,0,0,0
112900176,0,0,0
112900177,0,0,0
112900178,0,0,0
112900179,1,56,-55
112900180,0,233,-233
112900181,0,0,0
112900182,0,19,-19
112900183,1,0,1
112900184,23,14,9
112900185,2,4,-2
112900186,60,17,43
112900187,0,0,0
112900188,92,28,64
112900189,0,0,0
112900190,0,3,-3
112900192,5,4,1
112900193,16,2,14
112900194,0,3,-3
112900195,0,0,0
112900196,15,76,-61
112900197,6,55,-49
112900199,0,0,0
112900200,0,0,0
112900201,0,0,0
112900202,2,60,-58
112900203,0,0,0
112900204,45,10,35
112900205,0,0,0
112900206,0,3,-3
112900207,0,0,0
112900208,0,1,-1
112900209,24,53,-29
112900210,0,0,0
112900211,0,0,0
112900212,0,0,0
112900213,1,0,1
112900214,2,0,2
112900215,0,20,-20
112900216,3,1,2
112900217,0,19,-19
112900218,0,0,0
112900219,0,0,0
112900220,0,0,0
112900221,0,0,0
112900222,0,0,0
112900223,0,0,0
112900224,2,102,-100
112900225,6,94,-88
112900226,1,0,1
112900227,2,258,-256
112900228,0,0,0
112900229,0,0,0
112900230,408,93,315
112900232,5,14,-9
112900233,0,33,-33
112900234,0,1,-1
112900235,0,1,-1
112900236,0,1,-1
112900237,1,48,-47
112900238,0,0,0
112900239,41,37,4
112900240,0,12,-12
112900241,0,12,-12
112900242,2,6,-4
112900243,1,10,-9
112900244,0,27,-27
112900245,0,5,-5
112900246,0,0,0
112900247,0,6,-6
112900248,0,0,0
112900249,0,0,0
112900250,0,0,0
112900251,0,0,0
112900252,0,0,0
112900253,0,0,0
112900254,0,0,0
112900255,0,0,0
112900256,0,0,0
112900257,0,0,0
112900258,0,0,0
113000001,1076,1086,-10
113000002,583,299,284
113000003,687,347,340
113000004,843,243,600
113000005,251,211,40
113000006,99,130,-31
113000007,203,297,-94
113000008,253,112,141
113000009,307,292,15
113000010,266,123,143
113000011,82,430,-348
113000012,192,77,115
113000013,325,200,125
113000014,87,302,-215
113000015,13,39,-26
113000016,94,171,-77
113000017,3,105,-102
113000018,4,4,0
113000019,7,109,-102
113000020,0,0,0
113000021,46,210,-164
113000022,49,472,-423
113000025,17,45,-28
113000026,13,30,-17
113000027,9,26,-17
113000028,73,44,29
113000029,0,0,0
113000030,245,261,-16
113000031,209,107,102
113000032,0,0,0
113000033,0,0,0
113000034,233,175,58
113000035,12,22,-10
113000036,0,0,0
113000037,26,17,9
113000038,0,0,0
113000039,25,46,-21
113000040,19,18,1
113000042,123,46,77
113000051,131,133,-2
113000052,445,70,375
113000053,36,84,-48
113000054,17,51,-34
113000055,51,89,-38
113000056,58,243,-185
113000058,230,298,-68
113000059,0,0,0
113000060,4,121,-117
113000061,57,43,14
113000062,51,1,50
113000063,0,0,0
113000064,0,0,0
113000065,34,200,-166
113000066,24,12,12
113000067,31,89,-58
113000068,40,386,-346
113000069,57,278,-221
113000070,29,48,-19
113000071,37,115,-78
113000072,28,27,1
113000073,117,316,-199
113000074,72,33,39
113000075,99,46,53
113000076,344,275,69
113000077,0,0,0
113000078,99,507,-408
113000079,168,198,-30
113000080,4,4,0
113000081,0,0,0
113000082,216,190,26
113000083,0,0,0
113000084,190,258,-68
113000085,34,28,6
113000086,132,243,-111
113000087,55,31,24
113000088,791,324,467
113000089,36,61,-25
113000090,2,18,-16
113000091,192,63,129
113000094,21,5,16
113000095,59,300,-241
113000096,28,208,-180
113000097,19,2,17
113000098,0,0,0
113000099,12,27,-15
113000100,39,128,-89
113000101,80,117,-37
113000102,3,14,-11
113000103,253,235,18
113000104,1,5,-4
113000105,0,6,-6
113000106,26,194,-168
113000107,39,27,12
113000108,106,427,-321
113000109,98,173,-75
113000110,2,0,2
113000111,19,51,-32
113000112,2,2,0
113000113,0,0,0
113000114,53,182,-129
113000116,48,5,43
113000117,32,3,29
113000118,0,2,-2
113000119,2,24,-22
113000120,1,7,-6
113000121,11,40,-29
113000124,0,0,0
113000125,0,0,0
113000127,457,99,358
113000128,0,0,0
113000129,567,130,437
113000133,608,191,417
113000134,3,86,-83
113000135,26,34,-8
113000137,0,0,0
113000139,0,0,0
113000140,112,188,-76
113000141,0,0,0
113000142,72,133,-61
113000143,0,0,0
113000144,82,92,-10
113000145,0,0,0
113000146,30,54,-24
113000147,23,67,-44
113000148,0,0,0
113000149,0,0,0
113000150,90,58,32
113000151,104,29,75
113000152,0,2,-2
113000153,170,61,109
113000154,91,152,-61
113000155,74,90,-16
113000156,25,63,-38
113000157,49,132,-83
113000158,216,72,144
113000159,206,138,68
113000160,107,196,-89
113000161,4,31,-27
113000162,185,142,43
113000163,0,0,0
113000164,18,38,-20
113000166,0,0,0
113000167,23,134,-111
113000168,19,128,-109
113000169,0,0,0
113000170,0,0,0
113000171,30,77,-47
113000172,0,0,0
113000173,0,0,0
113000174,28,261,-233
113000175,0,0,0
113000176,0,0,0
113000177,33,210,-177
113000178,35,194,-159
113000179,0,0,0
113000180,44,117,-73
113000181,104,247,-143
113000182,20,19,1
113000183,66,239,-173
113000184,14,57,-43
113000189,34,82,-48
113000190,72,24,48
113000192,478,221,257
113000193,448,172,276
113000194,295,183,112
113000195,101,68,33
113000196,17,19,-2
113000197,64,63,1
113000198,6,40,-34
113000199,3,4,-1
113000201,11,44,-33
113000202,312,78,234
113000203,0,0,0
113000204,215,178,37
113000205,6,11,-5
113000206,0,0,0
113000207,26,11,15
113000208,0,0,0
113000209,9,19,-10
113000210,0,0,0
113000211,23,6,17
113000212,27,0,27
113000213,2,6,-4
113000214,13,45,-32
113000234,27,316,-289
113000410,12,6,6
113000411,567,1212,-645
113000412,2526,594,1932
113000413,770,451,319
113000414,2125,587,1538
113000415,720,1001,-281
113000416,2523,1152,1371
113000417,434,796,-362
113000418,586,578,8
113000419,240,338,-98
113000420,1246,565,681
113000421,426,340,86
113000422,3907,847,3060
113000423,1345,709,636
113000424,1552,944,608
113000425,10,41,-31
113000428,55,55,0
113000430,12,18,-6
113000432,58,5,53
113000433,38,219,-181
113000434,15,154,-139
113000435,2,180,-178
113000436,35,369,-334
113000437,0,0,0
113000438,0,0,0
113000439,4,46,-42
113000440,0,0,0
113000441,0,0,0
113000442,27,90,-63
113000443,0,0,0
113000444,21,98,-77
113000445,0,0,0
113000446,8,55,-47
113000448,45,42,3
113000449,0,0,0
113000450,18,7,11
113000451,265,28,237
113000452,0,0,0
113000453,75,60,15
113000454,0,0,0
113000455,13,30,-17
113000456,160,70,90
113000468,171,5,166
113000469,9,8,1
113000470,0,0,0
113000471,0,0,0
113000472,0,0,0
113000474,52,137,-85
113000475,283,474,-191
113000476,144,533,-389
113000477,381,678,-297
113000478,648,1309,-661
113000479,4,151,-147
113000484,0,0,0
113000485,0,0,0
113000486,0,0,0
113000487,0,0,0
113000488,0,0,0
113000489,0,0,0
113000490,0,0,0
113000491,0,0,0
113000492,0,0,0
113000493,0,0,0
113000495,19,78,-59
113000496,0,0,0
113000499,0,0,0
113900001,0,0,0
113900002,0,0,0
113900003,0,0,0
113900004,0,0,0
113900005,0,0,0
113900006,0,0,0
113900007,0,0,0
113900008,0,0,0
113900009,0,0,0
113900010,0,0,0
113900011,0,0,0
113900012,0,0,0
113900013,0,0,0
113900014,0,0,0
113900015,0,8,-8
113900016,0,0,0
113900017,0,0,0
113900018,28,4,24
113900019,2,0,2
113900020,0,0,0
113900022,0,0,0
113900023,0,0,0
113900024,0,2,-2
113900025,0,0,0
113900026,0,0,0
113900027,0,0,0
113900028,0,0,0
113900029,1,34,-33
113900030,0,0,0
113900031,0,0,0
113900032,0,0,0
113900033,0,3,-3
113900035,0,0,0
113900036,0,0,0
113900037,0,0,0
113900038,3,0,3
113900039,0,0,0
113900040,0,0,0
113900041,0,0,0
113900042,1,1,0
113900043,3,7,-4
113900044,0,0,0
113900045,0,0,0
113900046,19,38,-19
113900047,0,0,0
113900048,22,4,18
113900049,40,0,40
113900050,8,13,-5
113900051,7,29,-22
113900052,0,0,0
113900053,0,0,0
113900054,0,0,0
113900055,2,42,-40
113900056,0,0,0
113900057,2,3,-1
113900058,0,7,-7
113900059,4,28,-24
113900060,0,0,0
113900061,0,0,0
113900062,0,0,0
113900063,0,0,0
113900064,1,8,-7
113900065,0,0,0
113900066,1,28,-27
113900067,0,0,0
113900068,0,0,0
113900069,0,0,0
113900070,6,62,-56
113900071,0,0,0
113900072,1,13,-12
113900073,5,19,-14
113900074,0,0,0
113900075,0,0,0
113900076,0,0,0
113900077,0,36,-36
113900078,0,0,0
113900079,0,1,-1
113900080,0,0,0
113900081,0,14,-14
113900082,0,18,-18
113900083,0,0,0
113900084,0,0,0
113900085,2,52,-50
113900086,0,0,0
113900087,0,0,0
113900088,0,0,0
113900089,0,0,0
113900090,0,1,-1
113900091,0,0,0
113900092,1,4,-3
113900093,1,29,-28
113900094,0,0,0
113900095,0,0,0
113900096,0,0,0
113900097,0,7,-7
113900098,0,0,0
113900099,0,0,0
113900100,0,0,0
113900101,0,3,-3
113900102,0,7,-7
113900103,0,0,0
113900104,0,0,0
113900105,0,18,-18
113900106,0,0,0
113900107,0,0,0
113900108,1,8,-7
113900109,0,1,-1
113900110,0,0,0
113900111,0,0,0
113900112,3,6,-3
113900113,1,2,-1
113900114,0,0,0
113900115,0,0,0
113900116,0,6,-6
113900117,2,2,0
113900118,0,0,0
113900119,0,0,0
113900120,0,0,0
113900121,0,0,0
113900122,0,0,0
113900123,0,1,-1
113900124,0,0,0
113900125,1,6,-5
113900126,3,2,1
113900127,4,13,-9
113900128,0,0,0
113900129,0,0,0
113900130,0,0,0
113900131,0,0,0
113900132,0,0,0
113900133,0,3,-3
113900135,33,86,-53
113900136,2,5,-3
113900137,2,5,-3
113900138,0,0,0
113900139,79,6,73
113900140,0,0,0
113900141,5,16,-11
113900142,2,3,-1
113900143,0,0,0
113900144,0,0,0
113900145,0,5,-5
113900146,4,2,2
113900148,1,5,-4
113900149,0,0,0
113900150,159,45,114
113900151,0,8,-8
113900152,0,1,-1
113900153,22,15,7
113900154,0,0,0
113900155,29,8,21
113900156,28,100,-72
113900157,0,2,-2
113900158,17,2,15
113900159,0,0,0
113900160,51,110,-59
113900161,0,3,-3
113900162,39,24,15
113900163,20,3,17
113900164,0,0,0
113900165,75,62,13
113900166,6,1,5
113900167,0,0,0
113900168,14,8,6
113900169,15,55,-40
113900171,0,0,0
113900172,1,19,-18
113900173,8,54,-46
113900174,16,107,-91
113900175,0,0,0
113900176,16,114,-98
113900177,3,8,-5
113900178,0,0,0
113900179,1,79,-78
113900180,2,6,-4
113900181,0,0,0
113900182,23,122,-99
113900183,1,0,1
113900184,4,92,-88
113900185,18,6,12
113900186,0,0,0
113900187,4,5,-1
113900188,0,9,-9
113900189,0,0,0
113900190,36,23,13
113900191,2,11,-9
113900192,0,0,0
113900193,0,40,-40
113900194,101,69,32
113900195,30,50,-20
113900196,1,16,-15
113900197,0,37,-37
113900198,0,12,-12
113900199,35,57,-22
113900200,2,17,-15
113900201,0,27,-27
113900202,3,20,-17
113900203,0,53,-53
113900204,0,73,-73
113900205,2,5,-3
113900206,0,5,-5
113900207,0,8,-8
113900208,0,1,-1
113900209,0,9,-9
113900210,23,9,14
113900211,1,1,0
113900212,0,59,-59
113900214,27,28,-1
113900215,0,13,-13
113900216,0,75,-75
113900217,0,0,0
113900218,0,0,0
113900219,5,36,-31
113900220,0,0,0
113900221,0,0,0
113900222,0,3,-3
113900223,2,80,-78
113900224,11,6,5
113900225,0,0,0
113900226,0,0,0
113900227,0,0,0
113900228,11,3,8
113900229,0,3,-3
113900230,107,33,74
113900231,7,10,-3
113900232,3,1,2
113900233,0,2,-2
113900234,4,7,-3
113900235,0,0,0
113900236,0,0,0
113900237,0,0,0
113900238,3,1,2
113900239,0,3,-3
113900240,0,4,-4
113900241,8,5,3
113900242,3,10,-7
113900243,3,33,-30
113900244,67,18,49
113900245,96,6,90
113900246,0,0,0
113900247,0,0,0
113900248,214,23,191
113900249,0,0,0
113900250,0,0,0
113900251,1,18,-17
113900252,0,0,0
113900253,0,0,0
113900254,0,0,0
113900255,0,0,0
113900256,0,0,0
113900257,7,81,-74
113900258,1,66,-65
113900259,3,33,-30
113900260,0,0,0
113900261,0,21,-21
113900262,0,69,-69
113900263,5,29,-24
113900264,1,58,-57
113900265,15,40,-25
113900266,1,46,-45
113900267,4,32,-28
113900268,0,0,0
113900269,2,12,-10
113900270,6,46,-40
113900271,20,235,-215
113900273,0,0,0
113900274,0,0,0
113900275,3,4,-1
113900276,1,32,-31
113900277,0,0,0
113900278,9,14,-5
113900279,5,11,-6
113900280,41,11,30
113900281,7,32,-25
113900282,40,10,30
113900283,0,0,0
113900284,0,2,-2
113900285,0,2,-2
113900286,0,0,0
113900287,0,5,-5
113900288,0,12,-12
113900289,97,0,97
113900290,20,1,19
113900291,16,16,0
113900292,0,0,0
113900293,0,31,-31
113900294,0,0,0
113900295,4,9,-5
113900296,8,0,8
113900297,0,2,-2
113900298,0,218,-218
113900299,0,0,0
113900300,283,3,280
113900301,0,0,0
113900302,0,2,-2
113900303,20,3,17
113900304,0,40,-40
113900305,0,0,0
113900306,0,0,0
113900307,0,0,0
113900308,2,3,-1
113900309,1,100,-99
113900310,0,0,0
113900311,0,0,0
113900312,1,1,0
113900313,0,0,0
114000001,231,560,-329
114000002,0,0,0
114000003,0,1,-1
114000004,14,45,-31
114000005,5,2,3
114000006,293,277,16
114000007,47,239,-192
114000008,147,161,-14
114000009,6,10,-4
114000011,432,486,-54
114000012,185,473,-288
114000013,168,423,-255
114000014,117,82,35
114000015,97,84,13
114000016,11,102,-91
114000017,19,16,3
114000018,27,6,21
114000026,93,340,-247
114000027,191,429,-238
114000028,312,450,-138
114000038,2,11,-9
114000039,13,12,1
114000040,22,22,0
114000042,15,61,-46
114000043,1,23,-22
114000044,5,7,-2
114000045,4,20,-16
114000046,316,752,-436
114000047,1,4,-3
114000048,1,8,-7
114000049,48,42,6
114000050,40,42,-2
114000051,142,90,52
114000052,96,59,37
114000053,0,11,-11
114000054,1,20,-19
114000055,2,1,1
114000056,96,107,-11
114000057,928,509,419
114000058,32,16,16
114000059,7,44,-37
114000060,107,245,-138
114000061,146,18,128
114000062,57,23,34
114000063,603,644,-41
114000064,1532,549,983
114000065,345,699,-354
114000066,27,191,-164
114000067,0,0,0
114000068,23,32,-9
114000069,23,23,0
114000070,84,21,63
114000071,15,29,-14
114000072,11,33,-22
114000073,0,0,0
114000074,2,5,-3
114000075,0,0,0
114000076,0,0,0
114000077,0,0,0
114000078,3,73,-70
114000079,7,11,-4
114000080,1,0,1
114000081,0,0,0
114000082,40,140,-100
114000083,6,39,-33
114000084,5,2,3
114000085,11,125,-114
114000086,10,112,-102
114000087,1,49,-48
114000088,0,0,0
114000089,92,33,59
114000090,23,11,12
114000091,115,39,76
114000092,86,33,53
114000093,26,115,-89
114000094,37,51,-14
114000095,0,0,0
114000096,8,143,-135
114000097,7,142,-135
114000098,0,0,0
114000099,4,74,-70
114000100,9,37,-28
114000101,26,273,-247
114000102,0,0,0
114000103,4,39,-35
114000104,0,27,-27
114000105,1,14,-13
114000106,57,21,36
114000107,23,17,6
114000108,394,264,130
114000109,0,0,0
114000110,66,362,-296
114000111,0,0,0
114000112,59,460,-401
114000113,0,0,0
114000114,188,428,-240
114000115,0,0,0
114000116,79,37,42
114000117,64,14,50
114000118,71,16,55
114000119,51,17,34
114000120,118,238,-120
114000121,86,143,-57
114000122,85,88,-3
114000123,3,16,-13
114000124,2,7,-5
114000125,168,528,-360
114000126,13,5,8
114000127,4,61,-57
114000128,29,82,-53
114000130,0,0,0
114000131,0,0,0
114000132,147,169,-22
114000133,188,191,-3
114000134,9,27,-18
114000138,10,13,-3
114000139,0,0,0
114000144,0,0,0
114000145,7,20,-13
114000146,3,36,-33
114000147,0,1,-1
114000148,49,5,44
114000149,2,27,-25
114000150,124,122,2
114000151,18,7,11
114000152,0,3,-3
114000153,145,178,-33
114000154,67,86,-19
114000155,51,62,-11
114000156,15,26,-11
114000157,25,123,-98
114000158,175,83,92
114000159,43,41,2
114000160,10,14,-4
114000161,78,25,53
114000162,3,12,-9
114000163,0,8,-8
114000165,0,1,-1
114000166,57,10,47
114000167,272,299,-27
114000168,159,196,-37
114000169,250,111,139
114000170,92,88,4
114000171,93,50,43
114000174,32,116,-84
114000176,103,116,-13
114000177,295,161,134
114000178,0,0,0
114000179,28,3,25
114000180,55,138,-83
114000181,135,270,-135
114000182,512,855,-343
114000183,344,447,-103
114000184,438,694,-256
114000185,45,19,26
114000189,0,0,0
114000190,0,0,0
114000191,0,0,0
114000192,99,332,-233
114000193,251,785,-534
114000194,286,295,-9
114000195,0,0,0
114000196,0,104,-104
114000197,0,14,-14
114000198,163,99,64
114000199,244,134,110
114000200,68,474,-406
114000201,15,235,-220
114000202,110,219,-109
114000203,82,223,-141
114000204,15,100,-85
114000205,6,420,-414
114000206,60,410,-350
114000207,194,630,-436
114000208,35,713,-678
114000209,127,848,-721
114000210,87,458,-371
114000211,35,130,-95
114000212,45,152,-107
114000213,235,35,200
114000214,11,39,-28
114000215,1,26,-25
114000216,76,0,76
114000217,4,66,-62
114000218,3,42,-39
114000219,32,75,-43
114000220,1,424,-423
114000221,31,27,4
114000222,17,337,-320
114000223,0,0,0
114000224,39,154,-115
114000225,45,145,-100
114000226,4,72,-68
114000227,51,78,-27
114000228,21,64,-43
114000229,87,272,-185
114000230,55,73,-18
114000231,145,329,-184
114000232,15,18,-3
114000233,44,9,35
114000234,48,76,-28
114000235,167,442,-275
114000236,0,326,-326
114000237,30,273,-243
114000238,0,0,0
114000239,3,316,-313
114000240,137,231,-94
114000241,55,335,-280
114000242,242,245,-3
114000243,69,99,-30
114000244,0,0,0
114000245,70,322,-252
114000246,88,18,70
114000247,30,54,-24
114000248,60,57,3
114000249,30,65,-35
114000250,43,106,-63
114000251,13,59,-46
114000252,14,13,1
114000253,0,0,0
114000254,0,10,-10
114000255,28,30,-2
114000256,9,27,-18
114000257,69,784,-715
114000258,23,82,-59
114000259,4,96,-92
114000260,0,32,-32
114000261,26,0,26
114000262,1,40,-39
114000263,0,0,0
114000264,15,47,-32
114000265,0,1,-1
114000267,0,443,-443
114000268,3,561,-558
114000270,0,0,0
114000271,39,25,14
114000283,29,73,-44
114000285,17,95,-78
114000288,7,117,-110
114000289,67,21,46
114000293,16,136,-120
114000294,6,5,1
114000395,79,1,78
114000396,0,1,-1
114000402,5,25,-20
114000403,10,18,-8
114000405,10,172,-162
114000423,7,144,-137
114000424,19,32,-13
114000425,19,180,-161
114000426,0,0,0
114000427,10,42,-32
114000428,0,0,0
114000429,0,40,-40
114000432,0,0,0
114000434,3,17,-14
114000435,0,33,-33
114900001,0,0,0
114900002,0,0,0
114900003,0,0,0
114900004,0,0,0
114900005,0,0,0
114900006,0,0,0
114900007,0,0,0
114900008,0,0,0
114900010,6,0,6
114900011,0,0,0
114900013,0,0,0
114900015,0,0,0
114900018,0,0,0
114900020,0,0,0
114900022,0,21,-21
114900024,0,0,0
114900025,0,0,0
114900026,0,0,0
114900027,0,0,0
114900029,0,0,0
114900030,0,0,0
114900031,0,0,0
114900032,0,0,0
114900033,0,0,0
114900034,2,27,-25
114900035,7,9,-2
114900036,8,134,-126
114900037,6,16,-10
114900038,6,122,-116
114900039,20,94,-74
114900040,4,11,-7
114900041,9,77,-68
114900042,9,110,-101
114900043,77,12,65
114900044,0,0,0
114900046,3,11,-8
114900047,4,50,-46
114900048,1,24,-23
114900049,1,35,-34
114900050,1,97,-96
114900051,1,73,-72
114900052,6,14,-8
114900053,2,17,-15
114900054,7,14,-7
114900057,0,0,0
114900058,0,25,-25
114900059,0,0,0
114900060,39,24,15
114900061,10,21,-11
114900062,5,22,-17
114900063,2,24,-22
114900064,10,113,-103
114900065,3,60,-57
114900067,1,43,-42
114900068,5,28,-23
114900069,6,7,-1
114900070,0,0,0
114900072,2,40,-38
114900073,1,44,-43
114900074,0,0,0
114900075,0,0,0
114900076,0,67,-67
114900080,0,0,0
114900082,0,74,-74
114900083,0,55,-55
114900090,0,0,0
114900091,2,2,0
114900095,27,7,20
114900096,33,27,6
114900097,0,0,0
114900098,0,0,0
114900099,0,0,0
115000001,1766,2313,-547
115000002,448,253,195
115000003,724,1548,-824
115000004,323,297,26
115000005,416,1305,-889
115000006,87,161,-74
115000007,0,1,-1
115000008,38,60,-22
115000009,17,18,-1
115000010,0,0,0
115000013,14,45,-31
115000015,22,66,-44
115000016,123,50,73
115000019,2,57,-55
115000020,0,0,0
115000021,54,123,-69
115000022,111,165,-54
115000023,62,3,59
115000024,189,175,14
115000025,45,7,38
115000026,35,92,-57
115000027,16,6,10
115000028,22,178,-156
115000029,17,2,15
115000030,37,323,-286
115000031,59,1,58
115000032,3,150,-147
115000033,0,0,0
115000034,9,317,-308
115000035,0,0,0
115000036,0,130,-130
115000037,0,0,0
115000038,0,0,0
115000039,89,136,-47
115000040,451,311,140
115000041,38,201,-163
115000042,34,92,-58
115000043,184,680,-496
115000044,1050,1259,-209
115000045,293,802,-509
115000046,51,291,-240
115000047,107,166,-59
115000048,332,1134,-802
115000049,341,945,-604
115000050,269,162,107
115000051,388,163,225
115000052,642,636,6
115000053,228,156,72
115000054,128,232,-104
115000055,14,165,-151
115000056,1,17,-16
115000057,33,132,-99
115000058,2,15,-13
115000059,1,97,-96
115000061,0,0,0
115000062,6,62,-56
115000063,9,87,-78
115000064,0,0,0
115000065,1,62,-61
115000067,0,0,0
115000069,0,84,-84
115000070,2,81,-79
115000071,0,0,0
115000072,3,7,-4
115000073,178,0,178
115000075,2,5,-3
115000076,335,410,-75
115000077,129,439,-310
115000078,54,366,-312
115000079,88,438,-350
115000080,144,599,-455
115000081,36,76,-40
115000082,277,475,-198
115000083,223,574,-351
115000084,0,0,0
115000085,35,298,-263
115000086,0,0,0
115000087,76,369,-293
115000088,0,0,0
115000089,558,552,6
115000090,31,47,-16
115000091,23,227,-204
115000092,15,79,-64
115000093,0,0,0
115000094,982,611,371
115000095,523,1175,-652
115000096,42,389,-347
115000097,31,238,-207
115000098,38,331,-293
115000099,63,453,-390
115000100,18,33,-15
115000101,85,494,-409
115000102,23,8,15
115000103,106,235,-129
115000105,0,0,0
115000106,8,22,-14
115000107,26,216,-190
115000108,1023,1104,-81
115000109,274,126,148
115000110,330,119,211
115000111,107,305,-198
115000112,54,104,-50
115000113,65,142,-77
115000114,248,185,63
115000116,217,179,38
115000117,109,239,-130
115000118,118,268,-150
115000119,180,221,-41
115000120,93,213,-120
115000121,531,188,343
115000122,636,187,449
115000123,144,179,-35
115000124,91,110,-19
115000125,19,63,-44
115000126,2,55,-53
115000127,30,35,-5
115000128,32,98,-66
115000129,5,42,-37
115000130,16,166,-150
115000131,11,45,-34
115000132,5,59,-54
115000133,4,71,-67
115000134,4,41,-37
115000135,2,51,-49
115000136,0,0,0
115000137,5,63,-58
115000138,1,0,1
115000139,41,94,-53
115000140,0,0,0
115000141,22,98,-76
115000142,16,100,-84
115000143,0,0,0
115000144,4,7,-3
115000145,29,157,-128
115000146,0,0,0
115000147,7,80,-73
115000148,125,167,-42
115000149,10,6,4
115000150,98,144,-46
115000151,20,8,12
115000152,39,263,-224
115000153,9,7,2
115000154,6,0,6
115000155,51,212,-161
115000156,11,2,9
115000157,69,148,-79
115000158,19,18,1
115000159,8,1,7
115000160,0,0,0
115000161,47,70,-23
115000162,0,0,0
115000163,149,171,-22
115000164,129,150,-21
115000165,0,0,0
115000167,0,0,0
115000168,0,0,0
115000169,133,207,-74
115000170,35,53,-18
115000171,0,0,0
115000172,114,82,32
115000173,0,0,0
115000174,0,0,0
115000175,8,38,-30
115000176,0,0,0
115000177,0,29,-29
115000178,1,49,-48
115000179,0,0,0
115000180,13,125,-112
115000181,0,0,0
115000182,0,0,0
115000183,21,214,-193
115000186,30,51,-21
115000187,12,228,-216
115000188,164,54,110
115000189,43,162,-119
115000190,88,32,56
115000191,4,81,-77
115000194,25,23,2
115000195,0,0,0
115000196,0,0,0
115000197,6,58,-52
115000198,0,0,0
115000199,2,42,-40
115000200,0,0,0
115000201,16,94,-78
115000206,0,0,0
115000207,5,99,-94
115000208,54,212,-158
115000209,52,55,-3
115000210,3,8,-5
115000211,68,59,9
115000212,165,113,52
115000224,0,0,0
115000225,0,0,0
115000229,0,0,0
115000230,0,0,0
115000231,15,443,-428
115000232,20,70,-50
115000233,4,107,-103
115000234,0,0,0
115000241,0,0,0
115000242,0,0,0
115000243,0,0,0
115000244,0,0,0
115000246,0,0,0
115000247,0,0,0
115000248,0,0,0
115000249,0,0,0
115000250,5,5,0
115000251,0,0,0
115000252,0,0,0
115000253,0,0,0
115000258,0,0,0
115000259,0,0,0
115000261,0,0,0
115000262,0,0,0
115000263,0,0,0
115000264,0,0,0
115000267,0,0,0
115000268,3,6,-3
115000269,0,0,0
115000270,0,0,0
115000272,0,0,0
115000273,0,0,0
115000280,0,0,0
115000281,171,51,120
115000282,40,14,26
115000284,123,71,52
115000296,0,0,0
115000297,0,0,0
115000298,27,10,17
115000300,1,54,-53
115000302,0,0,0
115000303,0,0,0
115000304,0,0,0
115000305,8,156,-148
115000306,6,118,-112
115000307,2,58,-56
115000308,0,0,0
115000309,0,0,0
115000310,87,317,-230
115000311,0,0,0
115000313,28,103,-75
115000314,0,0,0
115000315,232,168,64
115000316,0,0,0
115000317,2,158,-156
115000318,76,57,19
115000319,4,87,-83
115000320,3,40,-37
115000321,81,1,80
115000322,8,82,-74
115000449,0,0,0
115000557,0,7,-7
115000558,0,0,0
115000587,15,1,14
115000588,913,1790,-877
115000589,712,439,273
115000590,131,584,-453
115000591,56,74,-18
115000592,110,615,-505
115000593,117,38,79
115000594,284,799,-515
115000609,0,3,-3
115000617,238,47,191
115000624,0,0,0
115000633,27,647,-620
115000634,592,141,451
115000635,29,16,13
115000638,0,0,0
115000641,0,0,0
115000642,37,46,-9
115000643,8,128,-120
115000644,10,110,-100
115000646,139,161,-22
115000647,11,127,-116
115000648,42,425,-383
115000893,466,138,328
115000894,45,625,-580
115000895,117,584,-467
115000896,156,32,124
115000897,70,3,67
115000898,107,25,82
115000899,234,122,112
115000900,16,45,-29
115000901,31,27,4
115000912,13,7,6
115000913,0,0,0
115000915,0,0,0
115000916,0,0,0
115000917,0,0,0
115000918,0,0,0
115000919,0,0,0
115000920,0,6,-6
115000921,91,6,85
115000922,94,69,25
115000923,77,390,-313
115000925,8,19,-11
115000927,0,0,0
115000933,29,37,-8
115000934,0,0,0
115000935,0,0,0
115000936,0,0,0
115000937,200,9,191
115000938,42,14,28
115000939,29,33,-4
115000940,0,0,0
115000941,0,0,0
115000942,0,0,0
115000943,18,4,14
115000944,1,1,0
115900001,0,0,0
115900002,0,0,0
115900003,0,0,0
115900004,0,0,0
115900005,0,0,0
115900006,0,0,0
115900008,0,0,0
115900009,0,0,0
115900010,0,0,0
115900011,6,13,-7
115900012,0,0,0
115900013,0,0,0
115900014,5,8,-3
115900015,0,0,0
115900016,0,0,0
115900017,0,0,0
115900018,16,5,11
115900019,0,0,0
115900020,0,0,0
115900021,66,3,63
115900022,0,0,0
115900023,0,0,0
115900025,0,0,0
115900026,0,0,0
115900027,0,8,-8
115900028,35,4,31
115900029,0,40,-40
115900030,0,0,0
115900031,0,0,0
115900032,0,0,0
115900033,0,1,-1
115900034,0,47,-47
115900035,0,0,0
115900036,2,0,2
115900037,0,34,-34
115900038,0,0,0
115900039,0,0,0
115900041,1,6,-5
115900042,0,0,0
115900043,0,0,0
115900044,0,0,0
115900046,0,15,-15
115900047,0,0,0
115900049,0,0,0
115900051,0,19,-19
115900052,0,21,-21
115900053,0,0,0
115900054,0,13,-13
115900055,2,13,-11
115900056,0,0,0
115900057,0,0,0
115900058,3,5,-2
115900060,0,0,0
115900061,0,0,0
115900062,1,41,-40
115900063,4,1,3
115900064,0,0,0
115900065,0,0,0
115900066,10,11,-1
115900067,1,98,-97
115900068,281,3,278
115900069,0,0,0
115900070,0,0,0
115900071,0,21,-21
115900072,4,7,-3
115900073,0,0,0
115900074,0,34,-34
115900075,0,0,0
115900076,0,0,0
115900077,0,48,-48
115900078,0,0,0
115900079,0,0,0
115900080,0,0,0
115900081,2,10,-8
115900082,0,0,0
115900084,0,0,0
115900085,0,2,-2
115900086,0,0,0
115900088,0,4,-4
115900089,3,61,-58
115900090,0,0,0
115900091,0,1,-1
115900092,0,11,-11
115900093,0,4,-4
115900094,0,28,-28
115900096,0,9,-9
115900097,1,23,-22
115900098,2,25,-23
115900099,0,0,0
115900100,0,0,0
115900101,5,29,-24
115900102,0,0,0
115900103,3,10,-7
115900104,0,0,0
115900105,0,0,0
115900106,0,0,0
115900107,0,0,0
115900108,0,0,0
115900109,0,0,0
115900110,0,0,0
115900111,0,16,-16
115900112,0,0,0
115900113,0,0,0
115900114,0,15,-15
115900115,0,3,-3
115900116,0,0,0
115900117,0,0,0
115900118,1,61,-60
115900119,1,0,1
115900120,0,0,0
115900121,0,0,0
115900124,0,0,0
115900125,0,0,0
115900126,0,0,0
115900127,0,0,0
115900128,0,1,-1
115900129,0,0,0
115900130,0,0,0
115900131,0,0,0
115900132,0,0,0
115900134,0,0,0
115900135,1,1,0
115900137,0,0,0
115900139,1,0,1
115900140,0,0,0
115900141,0,0,0
115900142,0,0,0
115900143,0,10,-10
115900144,1,12,-11
115900146,0,0,0
115900147,0,0,0
115900148,0,0,0
115900149,0,2,-2
115900150,0,0,0
115900151,0,0,0
115900152,0,0,0
115900153,0,0,0
115900154,0,0,0
115900155,0,0,0
115900156,0,0,0
115900157,0,0,0
115900158,0,0,0
115900159,0,0,0
115900160,0,0,0
115900161,0,0,0
115900163,0,0,0
115900164,0,3,-3
115900166,0,0,0
115900168,1,1,0
115900171,0,0,0
115900172,0,0,0
115900173,0,0,0
115900174,0,0,0
115900175,1,5,-4
115900178,0,111,-111
115900179,0,0,0
115900180,0,0,0
115900181,1,14,-13
115900182,16,22,-6
115900183,0,0,0
115900184,0,0,0
115900187,0,1,-1
115900189,0,0,0
115900190,0,0,0
115900191,0,0,0
115900192,0,0,0
115900193,0,0,0
115900194,0,0,0
115900195,0,0,0
115900198,0,0,0
115900199,0,0,0
115900200,0,0,0
115900201,0,0,0
115900202,0,0,0
115900203,0,0,0
115900204,0,0,0
115900205,0,0,0
115900206,1,4,-3
115900207,0,0,0
115900208,0,0,0
115900209,0,0,0
115900210,0,0,0
115900211,0,0,0
115900212,0,1,-1
115900213,0,0,0
115900214,0,14,-14
115900215,0,0,0
115900216,1,25,-24
115900217,0,18,-18
115900218,0,5,-5
115900219,0,0,0
115900220,0,0,0
115900221,0,0,0
115900222,0,0,0
115900223,0,0,0
115900224,0,0,0
115900225,0,0,0
115900226,0,0,0
115900227,0,0,0
115900228,0,0,0
115900229,0,0,0
115900230,0,0,0
115900231,0,0,0
115900232,0,0,0
115900233,0,0,0
115900234,0,0,0
115900235,0,0,0
115900236,0,0,0
115900237,0,13,-13
115900238,0,5,-5
115900239,0,9,-9
115900240,0,13,-13
115900241,0,1,-1
115900242,2,2,0
115900243,0,0,0
115900244,0,0,0
115900245,0,0,0
115900246,0,0,0
115900247,0,0,0
115900248,0,0,0
115900249,0,0,0
115900250,0,0,0
115900251,0,0,0
115900252,0,0,0
115900253,0,0,0
115900254,0,0,0
115900255,0,0,0
115900256,0,0,0
115900257,0,0,0
115900258,0,0,0
115900259,0,0,0
115900260,0,0,0
115900261,0,0,0
115900262,0,0,0
115900263,0,0,0
115900264,0,0,0
115900265,0,0,0
115900266,0,0,0
115900267,0,0,0
115900268,0,0,0
115900269,3,10,-7
115900270,0,0,0
115900271,0,0,0
115900272,0,0,0
115900273,0,0,0
115900274,0,0,0
115900275,0,0,0
115900276,0,0,0
115900277,0,0,0
115900278,1,17,-16
115900279,1,30,-29
115900280,0,11,-11
115900281,0,8,-8
115900282,0,0,0
115900283,0,0,0
115900284,0,0,0
116000001,4312,931,3381
116000002,1009,191,818
116000003,478,463,15
116000004,670,95,575
116000005,248,570,-322
116000006,253,163,90
116000007,762,842,-80
116000008,445,441,4
116000009,218,417,-199
116000010,156,68,88
116000011,111,137,-26
116000012,100,129,-29
116000013,2965,1000,1965
116000014,459,88,371
116000015,38,218,-180
116000016,265,34,231
116000017,6,77,-71
116000018,53,18,35
116000019,38,69,-31
116000020,10,37,-27
116000021,22,119,-97
116000022,5,18,-13
116000023,27,64,-37
116000024,44,81,-37
116000025,27,62,-35
116000026,117,408,-291
116000027,36,85,-49
116000028,0,0,0
116000029,130,163,-33
116000030,0,0,0
116000031,41,69,-28
116000032,16,97,-81
116000033,4,124,-120
116000034,21,176,-155
116000035,35,191,-156
116000036,82,57,25
116000037,0,0,0
116000038,0,0,0
116000039,59,45,14
116000040,0,0,0
116000041,12,62,-50
116000042,0,0,0
116000043,9,109,-100
116000044,17,16,1
116000045,0,0,0
116000046,204,360,-156
116000047,291,403,-112
116000048,60,62,-2
116000049,40,122,-82
116000050,203,355,-152
116000051,70,100,-30
116000052,390,568,-178
116000053,0,0,0
116000054,94,400,-306
116000055,53,205,-152
116000056,0,0,0
116000057,639,341,298
116000058,442,167,275
116000059,196,119,77
116000060,570,104,466
116000061,95,85,10
116000062,68,83,-15
116000063,38,142,-104
116000066,0,0,0
116000067,81,116,-35
116000068,0,0,0
116000069,69,100,-31
116000078,0,0,0
116000080,258,241,17
116000082,11,42,-31
116000083,79,57,22
116000084,71,285,-214
116000085,208,66,142
116000086,139,127,12
116000087,194,74,120
116000088,169,181,-12
116000089,5,19,-14
116000090,0,1,-1
116000091,3,16,-13
116000093,68,25,43
116000094,8,156,-148
116000095,63,35,28
116000096,19,150,-131
116000097,66,96,-30
116000098,10,269,-259
116000099,867,20,847
116000100,3,2,1
116000101,9,38,-29
116000102,12,160,-148
116000103,7,25,-18
116000104,6,180,-174
116000105,16,31,-15
116000106,11,141,-130
116000107,26,87,-61
116000108,1,45,-44
116000111,0,0,0
116000113,0,0,0
116000114,2,5,-3
116000115,0,0,0
116000116,4,29,-25
116000117,14,28,-14
116000118,89,335,-246
116000119,7,35,-28
116000120,308,935,-627
116000121,0,0,0
116000122,240,834,-594
116000123,0,0,0
116000124,45,397,-352
116000125,8,7,1
116000126,41,580,-539
116000127,199,542,-343
116000128,11,18,-7
116000129,3,4,-1
116000130,1,7,-6
116000133,173,236,-63
116000134,105,604,-499
116000135,105,151,-46
116000136,127,531,-404
116000137,25,94,-69
116000138,195,56,139
116000139,161,513,-352
116000140,14,91,-77
116000141,21,103,-82
116000142,831,1182,-351
116000143,487,58,429
116000144,238,821,-583
116000145,263,132,131
116000146,22,42,-20
116000147,41,10,31
116000148,8,48,-40
116000149,1,74,-73
116000151,107,324,-217
116000153,0,0,0
116000155,0,0,0
116000156,30,123,-93
116000157,0,0,0
116000158,21,172,-151
116000159,0,0,0
116000160,2,17,-15
116000161,3,10,-7
116000162,55,1,54
116000163,0,0,0
116000164,2,4,-2
116000177,1,27,-26
116000194,1,88,-87
116000195,80,60,20
116000196,0,0,0
116000197,1,0,1
116000198,109,100,9
116000200,0,0,0
116000201,65,129,-64
116000202,0,2,-2
116000203,0,5,-5
116000204,1,9,-8
116000205,0,21,-21
116000206,0,20,-20
116000207,0,18,-18
116000233,5,25,-20
116000287,18,171,-153
116000288,0,0,0
116000292,0,14,-14
116000296,0,0,0
116000297,0,0,0
116000304,0,0,0
116000305,0,0,0
116000346,3,31,-28
116000352,1,4,-3
116000354,0,6,-6
116000357,0,0,0
116000358,0,0,0
116000361,0,0,0
116000372,380,381,-1
116000381,0,0,0
116000388,0,15,-15
116000389,23,31,-8
116000445,18,230,-212
116000446,0,0,0
116000447,5,187,-182
116000448,0,0,0
116000563,0,0,0
116000565,20,25,-5
116000568,6,2,4
116000579,1,11,-10
116000583,0,0,0
116000584,0,7,-7
116000585,0,0,0
116000586,14,14,0
116000587,0,79,-79
116000589,2,14,-12
116000590,40,50,-10
116000591,0,0,0
116000592,0,0,0
116000593,0,0,0
116000594,6,91,-85
116000595,7,21,-14
116000596,0,2,-2
116000597,0,0,0
116000598,0,28,-28
116000605,2,12,-10
116000606,0,0,0
116000607,0,4,-4
116000609,0,48,-48
116000611,3,197,-194
116000612,142,142,0
116000613,0,0,0
116000614,103,270,-167
116000615,0,92,-92
116000616,0,17,-17
116000617,0,13,-13
116000618,0,23,-23
116000619,0,4,-4
116000620,0,0,0
116000621,0,0,0
116000622,0,0,0
116000624,1,0,1
116000627,0,0,0
116000628,0,0,0
116000629,0,0,0
116000630,0,0,0
116000631,0,0,0
116000632,0,3,-3
116000633,0,0,0
116000634,39,229,-190
116000635,180,167,13
116000636,438,229,209
116000637,3,7,-4
116000638,0,0,0
116000640,0,0,0
116000641,1,9,-8
116000644,32,549,-517
116900001,0,0,0
116900002,0,0,0
116900003,0,0,0
116900004,0,6,-6
116900005,1,2,-1
116900006,0,0,0
116900007,0,0,0
116900008,0,113,-113
116900009,0,0,0
116900010,1,124,-123
116900011,0,2,-2
116900012,0,0,0
116900013,0,43,-43
116900014,0,0,0
116900015,0,0,0
116900016,0,0,0
116900017,0,41,-41
116900018,0,0,0
116900019,1,33,-32
116900020,34,7,27
116900023,0,0,0
116900024,0,0,0
116900025,0,59,-59
116900026,2,43,-41
116900027,0,0,0
116900028,0,10,-10
116900029,0,0,0
116900031,0,0,0
116900032,0,12,-12
116900033,0,0,0
116900034,0,5,-5
116900035,5,11,-6
116900036,0,7,-7
116900038,0,0,0
116900041,0,0,0
116900042,89,23,66
116900043,0,3,-3
116900047,0,0,0
116900049,0,21,-21
116900050,1,8,-7
116900051,0,0,0
116900052,0,0,0
116900055,0,0,0
116900057,1,29,-28
116900058,0,15,-15
116900059,0,0,0
116900060,3,21,-18
116900062,0,0,0
116900064,3,111,-108
116900065,0,3,-3
116900067,0,0,0
116900068,16,21,-5
116900070,0,0,0
116900072,0,62,-62
116900073,0,5,-5
116900074,0,0,0
116900076,0,0,0
116900077,0,4,-4
116900078,13,14,-1
116900079,0,11,-11
116900080,0,0,0
116900081,0,35,-35
116900082,7,68,-61
116900083,0,0,0
116900084,6,1,5
116900085,0,4,-4
116900086,2,25,-23
116900088,0,0,0
116900090,0,0,0
116900091,0,7,-7
116900092,2,46,-44
116900093,3,0,3
116900094,165,15,150
116900095,0,19,-19
116900096,0,7,-7
116900097,55,6,49
116900098,52,3,49
116900099,17,24,-7
116900100,0,0,0
116900101,12,40,-28
116900103,0,0,0
116900104,4,8,-4
116900105,0,0,0
116900106,0,31,-31
116900107,90,10,80
116900110,0,0,0
116900111,0,2,-2
116900112,0,0,0
116900113,0,0,0
116900116,0,0,0
116900117,1,10,-9
116900118,8,345,-337
116900120,0,0,0
116900121,0,0,0
116900122,5,138,-133
116900123,8,136,-128
116900124,2,26,-24
116900125,0,2,-2
116900126,3,54,-51
116900128,0,7,-7
116900129,0,44,-44
116900130,89,198,-109
116900131,0,14,-14
116900132,1,26,-25
116900133,4,24,-20
116900134,1,28,-27
116900136,3,11,-8
116900137,3,8,-5
116900138,5,10,-5
116900139,18,31,-13
116900140,3,14,-11
116900141,15,10,5
116900142,0,2,-2
116900143,3,13,-10
116900144,0,2,-2
116900145,1,22,-21
116900147,12,12,0
116900148,0,2,-2
116900149,0,0,0
116900150,0,2,-2
116900151,0,0,0
116900153,0,0,0
116900154,1,10,-9
116900155,4,17,-13
116900157,0,0,0
116900158,0,0,0
116900159,4,73,-69
116900160,0,0,0
116900161,841,87,754
116900162,0,0,0
116900163,0,0,0
116900164,0,5,-5
116900165,0,0,0
116900166,0,0,0
116900167,0,0,0
116900168,0,10,-10
116900169,0,0,0
116900170,0,0,0
116900171,0,0,0
116900172,0,0,0
116900173,0,7,-7
116900174,0,3,-3
116900175,0,0,0
116900178,0,0,0
116900179,0,0,0
116900180,2,3,-1
116900182,0,0,0
116900183,0,0,0
116900185,0,0,0
116900186,0,0,0
116900187,0,0,0
116900188,1,0,1
116900189,0,0,0
116900191,0,0,0
116900192,0,0,0
116900194,5,1,4
116900195,0,0,0
116900196,0,0,0
116900197,0,0,0
116900198,24,4,20
116900200,0,0,0
116900201,0,0,0
116900202,0,0,0
116900203,0,0,0
116900204,0,2,-2
116900206,0,0,0
116900207,0,2,-2
116900208,0,0,0
116900209,0,0,0
116900210,0,4,-4
116900211,0,0,0
116900212,0,0,0
116900213,0,0,0
116900214,1,10,-9
116900215,0,0,0
116900216,0,4,-4
116900218,1,62,-61
116900219,80,28,52
116900220,0,0,0
116900221,1,19,-18
116900222,0,0,0
116900223,0,0,0
116900226,0,3,-3
116900227,1,6,-5
116900228,8,14,-6
116900230,1,14,-13
116900231,0,16,-16
116900232,0,20,-20
116900233,0,0,0
116900234,0,0,0
116900235,10,108,-98
116900238,6,6,0
116900239,0,17,-17
116900240,217,31,186
116900241,0,3,-3
116900242,26,10,16
116900243,0,0,0
116900245,0,0,0
116900246,0,0,0
116900247,0,0,0
116900248,0,0,0
116900249,0,0,0
116900250,0,1,-1
116900251,0,0,0
116900252,0,0,0
116900254,0,0,0
116900255,12,7,5
116900256,10,3,7
116900257,0,87,-87
116900258,0,48,-48
116900259,0,0,0
116900260,0,17,-17
116900261,0,0,0
116900262,0,8,-8
116900263,0,0,0
116900264,0,0,0
116900265,0,0,0
116900266,0,2,-2
116900267,0,0,0
116900268,0,0,0
116900269,0,4,-4
116900271,0,0,0
116900272,29,38,-9
116900273,2,0,2
116900274,0,0,0
116900275,0,0,0
116900276,0,0,0
116900277,0,0,0
116900278,0,0,0
116900279,0,6,-6
116900280,0,1,-1
116900281,170,13,157
116900282,0,15,-15
116900283,0,4,-4
116900284,0,8,-8
116900285,0,0,0
116900286,0,0,0
116900287,0,0,0
116900288,0,0,0
116900289,0,0,0
116900290,0,0,0
116900291,0,0,0
116900292,0,0,0
116900293,0,0,0
116900294,3,8,-5
116900295,0,0,0
116900296,0,0,0
116900297,0,0,0
116900298,0,0,0
116900299,0,0,0
116900300,0,0,0
116900301,0,0,0
116900302,0,9,-9
116900303,0,4,-4
116900304,0,45,-45
116900305,0,0,0
116900306,0,0,0
116900307,0,0,0
116900308,0,0,0
116900309,0,5,-5
117000001,114,125,-11
117000002,418,744,-326
117000003,306,86,220
117000004,831,890,-59
117000005,51,29,22
117000006,139,968,-829
117000007,112,8,104
117000008,254,886,-632
117000009,0,0,0
117000010,624,1042,-418
117000011,0,0,0
117000012,141,571,-430
117000013,0,0,0
117000014,148,611,-463
117000015,0,0,0
117000016,11,14,-3
117000017,17,15,2
117000018,1,72,-71
117000019,2,2,0
117000020,62,272,-210
117000021,345,75,270
117000022,18,6,12
117000023,12,53,-41
117000024,20,55,-35
117000025,150,153,-3
117000026,56,12,44
117000027,327,559,-232
117000028,0,0,0
117000030,22,76,-54
117000031,0,0,0
117000032,268,248,20
117000033,147,182,-35
117000034,20,36,-16
117000035,0,0,0
117000036,35,31,4
117000037,0,0,0
117000038,7,88,-81
117000039,0,11,-11
117000040,16,254,-238
117000041,0,0,0
117000044,7,222,-215
117000045,0,0,0
117000046,41,169,-128
117000047,1,1,0
117000048,313,180,133
117000049,23,38,-15
117000050,9,489,-480
117000051,138,24,114
117000052,0,27,-27
117000053,9,9,0
117000054,36,0,36
117000055,23,822,-799
117000056,9,0,9
117000057,52,503,-451
117000060,24,152,-128
117000061,0,3,-3
117000062,25,47,-22
117000063,0,0,0
117000064,101,149,-48
117000066,101,63,38
117000067,2,30,-28
117000074,0,0,0
117000076,0,0,0
117000077,13,15,-2
117000078,4,126,-122
117000079,0,9,-9
117000080,2,142,-140
117000081,3,6,-3
117000082,5,16,-11
117000083,0,0,0
117000084,0,0,0
117000085,17,84,-67
117000086,10,144,-134
117000087,33,179,-146
117000088,0,0,0
117000089,24,20,4
117000090,48,478,-430
117000091,8,7,1
117000092,55,498,-443
117000093,9,9,0
117000094,94,630,-536
117000095,15,16,-1
117000096,128,910,-782
117000097,17,47,-30
117000098,440,1354,-914
117000099,21,23,-2
117000100,8,19,-11
117000101,27,121,-94
117000102,0,0,0
117000103,292,443,-151
117000104,0,0,0
117000105,98,481,-383
117000106,0,0,0
117000107,136,554,-418
117000108,0,0,0
117000109,478,917,-439
117000110,0,0,0
117000111,507,395,112
117000112,133,184,-51
117000113,7,42,-35
117000114,0,0,0
117000115,3,19,-16
117000116,0,18,-18
117000117,40,14,26
117000118,0,29,-29
117000119,0,0,0
117000120,0,2,-2
117000121,0,2,-2
117000122,0,0,0
117000123,0,0,0
117000124,0,0,0
117000125,3,1,2
117000126,0,0,0
117000127,4,2,2
117000128,11,16,-5
117000129,0,0,0
117000130,0,2,-2
117000131,1,66,-65
117000132,101,47,54
117000133,0,47,-47
117000134,0,30,-30
117000135,2,18,-16
117000136,0,10,-10
117000137,0,0,0
117000138,2,141,-139
117000140,82,307,-225
117000141,0,0,0
117000181,47,18,29
117000182,0,0,0
117000195,11,153,-142
117000196,0,0,0
117000225,0,0,0
117000226,0,7,-7
117000276,0,0,0
117000277,0,82,-82
117000310,365,433,-68
117000315,0,0,0
117000320,0,0,0
117000906,0,0,0
117000907,1,80,-79
117000909,2,4,-2
117000910,47,21,26
117000911,14,20,-6
117000915,1,76,-75
117000916,0,0,0
117000917,0,0,0
117000918,0,0,0
117000919,0,10,-10
117000920,3,537,-534
117000921,0,247,-247
117000922,0,0,0
117000924,26,33,-7
117000926,172,12,160
117000927,3,47,-44
117000928,1,64,-63
117000929,8,53,-45
117000930,11,0,11
117000931,40,7,33
117900002,20,25,-5
117900003,26,12,14
117900005,0,0,0
117900006,0,12,-12
117900007,2,20,-18
117900008,0,4,-4
117900010,0,12,-12
117900011,0,0,0
117900012,1,18,-17
117900013,0,26,-26
117900014,2,23,-21
117900015,1,20,-19
117900016,84,19,65
117900017,0,45,-45
117900018,11,3,8
117900019,0,35,-35
117900020,2,11,-9
117900021,1,13,-12
117900023,2,0,2
117900024,2,21,-19
117900025,2,1,1
117900026,2,43,-41
117900028,0,0,0
117900029,5,79,-74
117900030,2,2,0
117900031,0,0,0
117900032,11,7,4
117900033,1,73,-72
117900034,0,0,0
117900035,9,1,8
117900036,6,48,-42
117900037,0,0,0
117900038,1,53,-52
117900039,0,13,-13
117900040,9,74,-65
117900041,1,15,-14
117900042,81,10,71
117900043,3,15,-12
117900044,0,16,-16
117900045,0,0,0
117900048,12,37,-25
117900049,3,54,-51
117900050,0,0,0
117900051,0,0,0
117900052,0,0,0
117900053,45,73,-28
117900054,0,0,0
117900055,0,0,0
117900056,0,0,0
117900057,29,136,-107
117900058,0,0,0
117900059,0,0,0
117900060,15,437,-422
117900061,0,0,0
117900063,0,17,-17
117900065,57,47,10
117900066,0,0,0
117900067,0,28,-28
117900069,4,30,-26
117900070,0,0,0
117900071,0,0,0
117900073,0,21,-21
117900074,0,0,0
117900075,0,0,0
117900076,0,11,-11
117900077,0,0,0
117900078,7,33,-26
117900080,0,0,0
117900081,17,28,-11
117900082,7,19,-12
117900083,0,60,-60
117900086,0,0,0
117900087,0,0,0
117900088,92,71,21
117900089,23,14,9
117900090,2,64,-62
117900091,11,7,4
117900092,0,0,0
117900093,0,0,0
117900094,0,0,0
117900095,5,73,-68
117900096,0,0,0
117900097,0,0,0
117900098,0,0,0
117900099,1,29,-28
117900100,0,0,0
117900101,19,30,-11
117900102,0,0,0
117900103,0,0,0
117900104,0,2,-2
117900105,3,17,-14
117900106,0,0,0
117900107,0,0,0
117900109,7,18,-11
117900110,0,0,0
117900111,0,0,0
117900112,0,0,0
117900113,0,7,-7
117900114,0,0,0
117900115,4,3,1
117900116,20,32,-12
117900117,13,46,-33
117900118,0,0,0
117900119,0,53,-53
117900120,0,6,-6
117900121,0,0,0
117900122,32,18,14
117900123,24,77,-53
117900124,29,28,1
117900125,243,76,167
117900126,20,32,-12
117900127,1,39,-38
117900128,3,54,-51
117900129,0,0,0
117900130,0,37,-37
117900131,0,13,-13
117900132,1,18,-17
117900133,0,21,-21
117900134,0,38,-38
117900135,2,45,-43
117900136,0,5,-5
117900137,2,35,-33
117900138,0,8,-8
117900139,0,11,-11
117900140,33,4,29
117900141,13,29,-16
117900142,0,0,0
117900144,0,0,0
117900145,1,1,0
117900146,0,0,0
117900147,0,0,0
117900148,107,86,21
117900149,0,7,-7
117900150,1,9,-8
117900151,0,13,-13
117900152,0,6,-6
117900153,1,14,-13
117900154,2,34,-32
117900156,15,42,-27
117900157,0,13,-13
117900158,0,0,0
117900160,18,16,2
117900161,131,140,-9
117900162,0,24,-24
117900163,0,2,-2
117900165,0,0,0
117900166,0,5,-5
117900168,0,0,0
117900169,0,0,0
117900170,0,0,0
117900171,0,0,0
117900172,0,0,0
117900173,0,0,0
117900174,0,0,0
117900175,0,0,0
117900176,0,0,0
117900177,0,0,0
117900178,0,0,0
117900180,0,0,0
117900181,0,0,0
117900182,0,0,0
117900183,0,0,0
117900184,0,0,0
117900185,0,0,0
117900186,0,0,0
117900187,0,0,0
117900188,0,0,0
117900189,0,0,0
117900190,0,0,0
117900191,0,0,0
117900192,0,0,0
117900193,0,0,0
117900194,0,0,0
117900195,0,0,0
117900196,0,0,0
117900207,0,0,0
117900208,0,0,0
117900209,0,1,-1
117900210,0,0,0
117900211,0,0,0
117900212,4,11,-7
117900213,0,0,0
117900214,0,0,0
117900215,0,0,0
117900216,0,0,0
117900217,1,24,-23
117900218,0,0,0
117900219,0,11,-11
117900220,0,0,0
117900222,16,16,0
117900223,1,7,-6
118000001,61,83,-22
118000002,238,338,-100
118000003,183,231,-48
118000004,298,292,6
118000005,898,657,241
118000006,1333,1304,29
118000007,674,413,261
118000008,568,594,-26
118000009,202,447,-245
118000010,264,571,-307
118000011,92,374,-282
118000012,132,321,-189
118000013,448,368,80
118000014,138,515,-377
118000016,37,65,-28
118000017,0,0,0
118000018,23,76,-53
118000019,657,166,491
118000020,290,399,-109
118000021,176,431,-255
118000022,127,28,99
118000023,70,155,-85
118000024,107,174,-67
118000027,2792,578,2214
118000029,96,49,47
118000032,33,57,-24
118000033,119,158,-39
118000034,692,344,348
118000035,53,402,-349
118000036,26,175,-149
118000037,118,175,-57
118000038,0,0,0
118000039,6,23,-17
118000040,28,293,-265
118000041,209,263,-54
118000045,6,1,5
118000046,98,37,61
118000047,107,58,49
118000048,329,225,104
118000051,20,6,14
118000052,23,20,3
118000053,8,1,7
118000054,272,54,218
118000055,215,20,195
118000056,16,7,9
118000057,7,7,0
118000058,45,19,26
118000059,18,32,-14
118000060,11,13,-2
118000061,3,20,-17
118000062,18,6,12
118000063,16,12,4
118000064,18,17,1
118000065,176,37,139
118000066,22,10,12
118000067,320,177,143
118000068,127,270,-143
118000069,234,69,165
118000070,765,77,688
118000071,364,377,-13
118000072,274,122,152
118000073,116,25,91
118000074,5,4,1
118000075,58,34,24
118000076,199,205,-6
118000077,480,252,228
118000078,140,97,43
118000079,44,123,-79
118000080,322,219,103
118000081,94,70,24
118000082,9,25,-16
118000083,69,16,53
118000084,324,116,208
118000086,39,50,-11
118000087,2340,536,1804
118000088,97,120,-23
118000089,473,800,-327
118000090,1020,254,766
118000091,298,677,-379
118000092,159,26,133
118000093,24,23,1
118000096,7,26,-19
118000097,28,16,12
118000098,0,2,-2
118000099,20,126,-106
118000101,89,90,-1
118000102,23,154,-131
118000107,181,91,90
118000108,1,26,-25
118000110,0,2,-2
118000111,1,148,-147
118000112,0,0,0
118000113,0,229,-229
118000114,0,0,0
118000115,0,0,0
118000116,0,0,0
118000117,224,202,22
118000118,23,43,-20
118000119,33,60,-27
118000120,341,529,-188
118000121,0,71,-71
118000122,92,3,89
118000123,3,64,-61
118000125,171,256,-85
118000126,8,34,-26
118000127,18,31,-13
118000128,122,251,-129
118000129,67,52,15
118000130,718,1018,-300
118000131,150,377,-227
118000132,54,40,14
118000133,20,28,-8
118000135,0,0,0
118000136,10,80,-70
118000137,72,15,57
118000138,6,48,-42
118000139,6,15,-9
118000140,522,285,237
118000141,119,108,11
118000142,154,384,-230
118000143,19,28,-9
118000144,24,30,-6
118000145,304,503,-199
118000146,184,282,-98
118000147,133,401,-268
118000148,40,233,-193
118000149,34,126,-92
118000150,2,16,-14
118000151,1,8,-7
118000153,17,54,-37
118000154,29,75,-46
118000155,8,52,-44
118000156,347,281,66
118000157,26,13,13
118000158,14,51,-37
118000159,0,0,0
118000160,0,0,0
118000161,66,179,-113
118000162,10,30,-20
118000163,8,40,-32
118000164,70,60,10
118000168,7,25,-18
118000169,246,559,-313
118000170,278,503,-225
118000171,0,0,0
118000172,0,0,0
118000173,93,121,-28
118000175,25,33,-8
118000176,12,35,-23
118000177,3,33,-30
118000178,3,4,-1
118000179,0,0,0
118000180,0,0,0
118000181,133,54,79
118000182,40,52,-12
118000183,36,65,-29
118000184,0,0,0
118000185,380,209,171
118000186,180,245,-65
118000187,70,149,-79
118000188,7,45,-38
118000189,3,93,-90
118000190,0,1,-1
118000191,0,0,0
118000192,3,27,-24
118000193,7,55,-48
118000194,344,60,284
118000195,4,3,1
118000196,0,0,0
118000197,23,24,-1
118000198,16,4,12
118000199,114,72,42
118000200,0,0,0
118000201,11,3,8
118000202,0,0,0
118000203,87,16,71
118000204,104,40,64
118000205,49,24,25
118000206,0,1,-1
118000207,0,6,-6
118000208,55,85,-30
118000209,165,376,-211
118000210,0,0,0
118000211,0,0,0
118000213,3,17,-14
118000214,141,24,117
118000215,53,132,-79
118000216,0,0,0
118000217,0,2,-2
118000218,0,3,-3
118000219,3,5,-2
118000220,0,0,0
118000221,2,18,-16
118000222,48,4,44
118000223,0,0,0
118000224,0,4,-4
118000225,1,150,-149
118000226,0,0,0
118000227,91,29,62
118000228,54,54,0
118000229,0,0,0
118000230,2,8,-6
118000231,2,9,-7
118000232,70,197,-127
118000233,21,24,-3
118000234,5,9,-4
118000236,11,33,-22
118000237,0,0,0
118000238,11,19,-8
118000239,0,0,0
118000240,37,5,32
118000241,0,5,-5
118000242,16,134,-118
118000243,5,19,-14
118000244,0,14,-14
118000246,0,2,-2
118000255,0,17,-17
118000256,0,7,-7
118000259,0,4,-4
118000260,0,0,0
118000261,0,5,-5
118000263,0,11,-11
118000266,22,24,-2
118000267,2,17,-15
118000268,0,1,-1
118000270,0,0,0
118000271,1,6,-5
118000272,0,0,0
118000273,1,22,-21
118000274,4,31,-27
118000276,1,8,-7
118000295,0,12,-12
118000298,19,130,-111
118000299,25,68,-43
118000301,0,4,-4
118000302,0,2,-2
118000311,4,21,-17
118000312,10,36,-26
118000313,1,19,-18
118000314,0,7,-7
118000315,1,9,-8
118000316,2,47,-45
118000325,0,0,0
118000326,0,0,0
118000331,0,0,0
118000332,0,0,0
118000333,1,0,1
118000335,0,0,0
118000336,0,84,-84
118000407,0,0,0
118000457,1,22,-21
118000465,396,271,125
118000480,0,4,-4
118000489,0,0,0
118000490,23,120,-97
118000492,1,8,-7
118000510,7,6,1
118000514,6,85,-79
118000515,3,22,-19
118000517,95,32,63
118000524,560,176,384
118000525,209,334,-125
118000530,0,0,0
118000531,0,0,0
118000532,45,74,-29
118000533,63,53,10
118000534,47,106,-59
118000535,0,2,-2
118000536,29,13,16
118000537,0,13,-13
118000538,3,11,-8
118000539,0,0,0
118000540,7,18,-11
118000541,4,21,-17
118000542,0,0,0
118000543,0,0,0
118000546,1,11,-10
118000553,1,5,-4
118000557,0,1,-1
118000560,296,60,236
118000562,0,0,0
118000563,143,60,83
118000576,4,21,-17
118000577,74,22,52
118000578,38,16,22
118000579,50,78,-28
118000583,0,0,0
118000595,0,0,0
118000596,0,4,-4
118000597,14,23,-9
118000598,0,0,0
118000599,0,0,0
118000600,0,0,0
118000601,0,0,0
118000602,0,0,0
118000603,0,41,-41
118000605,1,7,-6
118900001,0,0,0
118900002,0,14,-14
118900003,0,0,0
118900004,0,0,0
118900005,0,0,0
118900006,0,0,0
118900007,0,1,-1
118900008,0,0,0
118900009,0,0,0
118900010,0,0,0
118900011,1,0,1
118900012,1,1,0
118900013,0,0,0
118900015,0,1,-1
118900016,0,5,-5
118900017,0,0,0
118900018,0,0,0
118900019,1,0,1
118900020,0,0,0
118900021,0,0,0
118900022,4,2,2
118900023,0,0,0
118900024,0,0,0
118900025,0,0,0
118900026,1,5,-4
118900027,0,0,0
118900028,0,0,0
118900029,0,0,0
118900030,0,0,0
118900031,6,13,-7
118900032,0,0,0
118900033,0,0,0
118900034,0,0,0
118900035,8,20,-12
118900036,3,33,-30
118900037,0,0,0
118900038,6,41,-35
118900039,0,0,0
118900040,0,2,-2
118900041,0,0,0
118900042,2,7,-5
118900045,1,9,-8
118900046,36,5,31
118900047,31,8,23
118900048,0,0,0
118900049,0,0,0
118900050,1,24,-23
118900051,0,0,0
118900052,0,0,0
118900053,0,0,0
118900054,2,5,-3
118900055,8,14,-6
118900056,0,0,0
118900057,0,33,-33
118900058,0,0,0
118900059,0,0,0
118900060,0,5,-5
118900062,0,0,0
118900064,0,0,0
118900065,0,0,0
118900066,0,0,0
118900067,13,2,11
118900068,0,0,0
118900069,2,22,-20
118900071,0,0,0
118900072,0,0,0
118900073,2,11,-9
118900074,0,0,0
118900075,0,0,0
118900076,0,0,0
118900077,0,25,-25
118900078,0,0,0
118900079,0,0,0
118900080,0,0,0
118900081,0,0,0
118900082,1,7,-6
118900083,0,0,0
118900084,0,0,0
118900085,14,57,-43
118900086,0,0,0
118900087,0,9,-9
118900088,0,2,-2
118900089,0,0,0
118900090,10,24,-14
118900091,0,0,0
118900092,0,16,-16
118900093,0,0,0
118900096,7,9,-2
118900097,10,51,-41
118900099,0,13,-13
118900100,0,0,0
118900101,0,55,-55
118900102,1,2,-1
118900103,1,2,-1
118900104,1,11,-10
118900105,18,16,2
118900107,12,12,0
118900108,4,8,-4
118900110,0,0,0
118900111,0,0,0
118900112,0,0,0
118900113,0,0,0
118900114,0,0,0
118900115,0,0,0
118900116,9,52,-43
118900117,0,60,-60
118900118,8,66,-58
118900119,1,38,-37
118900120,1,57,-56
118900121,0,0,0
118900122,0,22,-22
118900123,24,34,-10
118900124,0,0,0
118900126,1,22,-21
118900129,1,14,-13
118900130,0,0,0
118900131,2,39,-37
118900132,1,17,-16
118900133,0,0,0
118900135,15,21,-6
118900136,3,59,-56
118900137,0,0,0
118900139,0,0,0
118900140,18,98,-80
118900141,0,0,0
118900144,1,86,-85
118900145,0,0,0
118900146,9,65,-56
118900147,0,0,0
118900148,0,0,0
118900150,0,0,0
118900152,12,59,-47
118900157,0,0,0
118900158,0,0,0
118900159,0,0,0
118900161,0,0,0
118900163,0,0,0
118900164,0,0,0
118900165,0,30,-30
118900166,8,0,8
118900167,0,9,-9
118900168,1,1,0
118900169,16,47,-31
118900170,0,8,-8
118900171,0,8,-8
118900174,1,5,-4
118900175,2,11,-9
118900176,0,8,-8
118900177,2,2,0
118900178,3,6,-3
118900179,1,7,-6
118900181,5,2,3
118900182,0,2,-2
118900183,0,3,-3
118900184,1,0,1
118900185,0,10,-10
118900186,3,54,-51
118900187,0,0,0
118900188,0,0,0
118900189,1,30,-29
118900190,0,0,0
118900191,0,0,0
118900192,0,0,0
118900193,0,0,0
118900195,0,0,0
118900196,1,18,-17
118900197,0,0,0
118900198,0,1,-1
118900199,1,2,-1
118900200,0,0,0
118900201,1,1,0
118900202,2,0,2
118900203,0,6,-6
118900204,0,2,-2
118900205,0,4,-4
118900206,0,2,-2
119000001,93,52,41
119000002,99,177,-78
119000003,72,214,-142
119000004,81,154,-73
119000005,106,166,-60
119000006,110,122,-12
119000007,172,284,-112
119000008,236,672,-436
119000009,508,515,-7
119000010,1402,1174,228
119000011,1026,426,600
119000012,1183,903,280
119000013,584,314,270
119000014,396,1075,-679
119000019,8,18,-10
119000020,94,134,-40
119000021,206,186,20
119000022,55,123,-68
119000023,0,0,0
119000024,162,267,-105
119000025,1384,213,1171
119000026,0,0,0
119000027,33,70,-37
119000028,264,262,2
119000029,0,0,0
119000030,51,206,-155
119000031,140,270,-130
119000032,162,280,-118
119000033,435,341,94
119000034,159,323,-164
119000035,1,163,-162
119000036,96,267,-171
119000037,82,464,-382
119000038,82,216,-134
119000039,19,107,-88
119000040,574,43,531
119000041,627,93,534
119000048,1823,548,1275
119000049,169,568,-399
119000050,66,62,4
119000051,105,80,25
119000052,65,63,2
119000053,126,53,73
119000054,125,462,-337
119000055,271,335,-64
119000056,173,280,-107
119000057,46,328,-282
119000058,107,280,-173
119000059,23,17,6
119000060,59,155,-96
119000061,13,12,1
119000062,134,197,-63
119000063,57,54,3
119000064,35,45,-10
119000065,16,100,-84
119000066,113,108,5
119000067,52,102,-50
119000068,139,176,-37
119000069,17,89,-72
119000070,172,168,4
119000071,1,0,1
119000072,456,164,292
119000073,254,421,-167
119000074,58,316,-258
119000075,62,689,-627
119000076,0,0,0
119000077,0,0,0
119000078,0,1,-1
119000079,0,0,0
119000080,0,0,0
119000081,0,0,0
119000082,0,0,0
119000083,0,0,0
119000084,0,0,0
119000085,0,0,0
119000086,1,1,0
119000087,33,27,6
119000088,0,1,-1
119000089,2,1,1
119000090,0,0,0
119000091,6,3,3
119000092,0,0,0
119000093,505,344,161
119000094,354,535,-181
119000095,76,391,-315
119000097,445,188,257
119000098,125,240,-115
119000099,160,250,-90
119000100,335,345,-10
119000101,407,550,-143
119000102,6,7,-1
119000103,43,6,37
119000104,299,476,-177
119000105,0,0,0
119000106,30,346,-316
119000107,0,0,0
119000108,55,400,-345
119000109,0,0,0
119000110,36,53,-17
119000111,0,5,-5
119000112,18,5,13
119000113,114,4,110
119000114,0,7,-7
119000115,63,33,30
119000116,0,0,0
119000117,6,13,-7
119000118,0,1,-1
119000123,16,12,4
119000124,0,0,0
119000125,0,0,0
119000126,0,0,0
119000127,65,236,-171
119000128,21,4,17
119000131,105,309,-204
119000132,20,0,20
119000133,0,0,0
119000134,0,0,0
119000135,0,0,0
119000136,5,24,-19
119000137,0,0,0
119000138,14,74,-60
119000139,0,0,0
119000140,13,20,-7
119000284,554,1541,-987
119000285,731,1160,-429
119000286,1054,1431,-377
119000287,200,678,-478
119000288,182,398,-216
119000289,302,763,-461
119000290,4,28,-24
119000291,9,145,-136
119000293,60,66,-6
119000294,0,0,0
119000295,245,46,199
119000296,2,3,-1
119000297,0,0,0
119000299,0,0,0
119000302,1310,99,1211
119000303,0,0,0
119000314,189,235,-46
119000315,0,0,0
119000316,3,15,-12
119000317,0,0,0
119900001,4,31,-27
119900002,0,0,0
119900003,0,71,-71
119900004,0,0,0
119900005,0,0,0
119900006,6,16,-10
119900007,0,0,0
119900008,0,0,0
119900009,0,19,-19
119900010,0,70,-70
119900011,0,0,0
119900012,0,0,0
119900013,52,56,-4
119900014,5,7,-2
119900015,0,0,0
119900016,0,0,0
119900017,0,0,0
119900018,0,0,0
119900019,0,0,0
119900020,0,0,0
119900021,0,2,-2
119900022,0,0,0
119900023,0,0,0
119900025,0,0,0
119900026,0,0,0
119900027,0,0,0
119900028,0,0,0
119900029,0,0,0
119900030,0,3,-3
119900031,0,0,0
119900033,77,1,76
119900034,0,0,0
119900037,0,0,0
119900038,0,0,0
119900039,0,0,0
119900040,0,0,0
119900041,0,0,0
119900042,0,0,0
119900043,0,0,0
119900044,0,0,0
119900046,0,0,0
119900047,0,0,0
119900048,0,0,0
119900049,0,0,0
119900050,0,0,0
119900051,0,0,0
119900052,0,0,0
119900053,0,0,0
119900054,0,0,0
119900055,2,19,-17
119900057,0,0,0
119900058,0,0,0
119900059,0,0,0
119900060,0,0,0
119900061,0,0,0
119900062,0,0,0
119900063,0,0,0
119900065,0,0,0
119900067,0,0,0
119900068,0,0,0
119900069,0,0,0
119900070,0,0,0
119900071,0,0,0
119900073,0,1,-1
119900074,0,0,0
119900075,285,115,170
119900076,0,26,-26
119900077,1,96,-95
119900078,0,0,0
119900079,0,0,0
119900080,0,5,-5
119900081,0,10,-10
119900082,5,10,-5
119900083,0,0,0
119900084,1,3,-2
119900085,10,8,2
119900086,4,160,-156
119900087,2,9,-7
119900088,2,10,-8
119900089,0,151,-151
119900090,9,3,6
119900091,3,142,-139
119900092,0,40,-40
119900093,23,4,19
119900094,6,30,-24
119900095,1,0,1
119900096,3,8,-5
119900097,45,17,28
119900098,1,0,1
119900099,0,26,-26
119900100,340,137,203
119900101,21,88,-67
119900102,3,43,-40
119900103,0,36,-36
119900104,3,22,-19
119900105,31,167,-136
119900106,1,20,-19
119900107,11,144,-133
119900108,139,102,37
119900109,0,5,-5
119900110,11,95,-84
119900111,0,0,0
119900112,73,13,60
119900113,0,0,0
119900114,2,199,-197
119900115,0,0,0
119900116,0,0,0
119900117,4,84,-80
119900118,0,0,0
119900119,0,0,0
119900120,38,52,-14
119900121,3,37,-34
119900122,0,0,0
119900123,0,0,0
119900124,0,26,-26
119900125,0,0,0
119900126,191,2,189
119900127,0,0,0
119900128,0,0,0
119900129,0,15,-15
119900130,0,0,0
119900131,0,3,-3
119900132,0,3,-3
119900133,0,1,-1
119900134,12,0,12
119900135,0,0,0
119900136,0,0,0
119900138,0,0,0
119900139,0,8,-8
119900140,0,1,-1
119900141,0,0,0
119900142,0,0,0
119900143,0,0,0
119900144,0,0,0
119900145,0,0,0
119900146,2,5,-3
119900147,0,0,0
119900148,0,0,0
119900149,0,5,-5
119900150,0,0,0
119900151,30,13,17
119900152,0,0,0
119900153,0,0,0
119900154,0,101,-101
119900155,1,9,-8
119900156,0,1,-1
119900157,0,0,0
119900158,0,0,0
119900159,1,241,-240
119900160,0,13,-13
119900161,0,0,0
119900162,0,0,0
119900163,0,0,0
119900164,0,0,0
119900165,0,0,0
119900166,0,0,0
119900167,1,3,-2
119900168,0,0,0
119900169,0,2,-2
119900170,4,2,2
119900171,0,0,0
119900172,0,0,0
119900173,0,54,-54
119900174,0,1,-1
119900175,0,0,0
119900177,0,26,-26
119900178,0,0,0
119900179,0,3,-3
119900180,0,0,0
119900181,0,0,0
119900182,0,24,-24
119900183,1,53,-52
119900184,4,1,3
119900185,0,0,0
119900186,0,0,0
119900187,1,65,-64
119900188,0,12,-12
119900189,12,2,10
119900190,0,0,0
119900191,0,0,0
119900192,0,9,-9
119900193,0,0,0
119900194,0,0,0
119900195,1,15,-14
119900196,0,0,0
119900197,0,0,0
119900198,2,17,-15
119900199,0,0,0
119900200,0,0,0
119900201,16,7,9
119900202,0,0,0
119900203,0,0,0
119900204,0,0,0
119900205,0,0,0
119900206,0,0,0
119900208,0,0,0
119900209,1,18,-17
119900210,0,0,0
119900211,0,0,0
119900212,0,22,-22
119900213,0,6,-6
119900214,0,29,-29
119900215,0,10,-10
119900216,0,14,-14
119900217,0,5,-5
119900218,0,2,-2
119900219,0,4,-4
119900220,0,0,0
119900221,0,0,0
119900222,0,0,0
119900223,0,0,0
119900224,0,0,0
119900225,0,0,0
119900226,0,0,0
119900227,194,10,184
119900228,0,0,0
119900229,0,0,0
119900230,0,0,0
119900231,0,0,0
119900232,0,0,0
119900233,0,0,0
119900234,0,1,-1
119900235,3,0,3
119900236,0,0,0
119900237,0,0,0
119900238,0,8,-8
119900240,0,8,-8
119900241,4,28,-24
119900242,0,22,-22
119900244,0,0,0
119900245,1,1,0
119900246,0,0,0
119900247,0,0,0
119900248,0,0,0
119900249,0,0,0
119900253,0,0,0
119900254,0,0,0
119900255,5,91,-86
119900256,0,83,-83
119900257,0,0,0
119900258,0,0,0
119900259,0,10,-10
119900260,0,0,0
119900261,0,0,0
119900262,0,37,-37
119900263,28,30,-2
119900264,0,0,0
119900265,0,0,0
119900266,0,0,0
119900267,0,0,0
119900268,0,0,0
119900269,0,5,-5
119900271,0,0,0
119900272,0,0,0
119900275,0,0,0
119900276,0,0,0
119900277,0,0,0
119900278,9,1,8
119900279,1,2,-1
119900280,52,13,39
119900281,0,10,-10
119900282,0,0,0
119900283,0,0,0
119900284,5,28,-23
119900285,0,0,0
119900286,0,0,0
119900288,0,7,-7
119900289,0,12,-12
119900290,0,4,-4
119900291,0,0,0
119900292,0,0,0
119900293,0,5,-5
119900294,0,9,-9
119900295,0,1,-1
119900296,0,12,-12
119900297,0,7,-7
119900298,0,3,-3
119900299,0,0,0
119900300,0,0,0
119900301,0,0,0
119900302,0,4,-4
119900303,1,8,-7
119900304,1,1,0
119900305,0,0,0
119900306,0,0,0
119900307,0,0,0
119900308,0,0,0
119900309,0,0,0
119900310,2,5,-3
119900311,0,0,0
119900312,0,0,0
119900313,0,0,0
119900314,0,0,0
119900315,2,184,-182
119900318,0,0,0
119900319,0,32,-32
119900320,1,87,-86
119900321,0,0,0
120000001,784,288,496
120000002,394,930,-536
120000003,597,571,26
120000004,690,810,-120
120000005,3774,938,2836
120000006,310,491,-181
120000007,546,1112,-566
120000008,218,653,-435
120000009,595,333,262
120000010,216,841,-625
120000011,141,612,-471
120000012,389,1073,-684
120000013,277,705,-428
120000014,47,383,-336
120000015,324,627,-303
120000016,266,81,185
120000017,44,64,-20
120000018,553,371,182
120000019,95,158,-63
120000020,419,317,102
120000021,309,356,-47
120000022,1962,458,1504
120000023,152,271,-119
120000024,288,424,-136
120000025,234,528,-294
120000026,56,610,-554
120000027,343,803,-460
120000028,43,193,-150
120000029,126,85,41
120000030,3,25,-22
120000031,191,121,70
120000032,1778,365,1413
120000033,128,262,-134
120000034,65,434,-369
120000035,58,199,-141
120000036,107,294,-187
120000037,0,0,0
120000038,1341,192,1149
120000039,31,96,-65
120000040,2,16,-14
120000041,38,174,-136
120000042,39,638,-599
120000043,116,283,-167
120000044,139,152,-13
120000045,199,135,64
120000046,110,209,-99
120000047,145,198,-53
120000048,915,291,624
120000049,237,364,-127
120000050,192,611,-419
120000051,794,730,64
120000052,1659,134,1525
120000053,63,424,-361
120000054,151,1245,-1094
120000055,117,680,-563
120000056,69,777,-708
120000057,30,190,-160
120000058,9,28,-19
120000059,0,6,-6
120000061,42,190,-148
120000062,7,45,-38
120000063,490,735,-245
120000064,49,361,-312
120000065,37,336,-299
120000066,17,67,-50
120000067,8,95,-87
120000068,13,339,-326
120000069,71,463,-392
120000070,1,179,-178
120000071,13,40,-27
120000072,29,148,-119
120000073,38,24,14
120000074,1,19,-18
120000075,14,50,-36
120000076,71,95,-24
120000077,70,98,-28
120000078,385,132,253
120000079,0,3,-3
120000080,0,2,-2
120000081,1,2,-1
120000082,0,4,-4
120000083,1,6,-5
120000084,36,53,-17
120000085,35,60,-25
120000086,15,111,-96
120000087,3,236,-233
120000088,26,68,-42
120000089,0,0,0
120000090,0,0,0
120000091,0,0,0
120000092,0,0,0
120000093,0,0,0
120000094,0,0,0
120000095,42,73,-31
120000096,14,132,-118
120000098,42,113,-71
120000099,11,94,-83
120000100,28,103,-75
120000101,31,73,-42
120000102,21,54,-33
120000103,58,39,19
120000104,42,16,26
120000105,52,24,28
120000106,51,31,20
120000107,73,34,39
120000108,22,7,15
120000109,96,3,93
120000110,15,273,-258
120000111,33,353,-320
120000112,142,911,-769
120000113,79,653,-574
120000114,53,563,-510
120000115,63,541,-478
120000116,70,581,-511
120000117,328,554,-226
120000118,0,0,0
120000119,0,0,0
120000120,0,0,0
120000121,0,0,0
120000122,0,0,0
120000123,45,69,-24
120000124,13,13,0
120000125,9,82,-73
120000126,7,46,-39
120000127,23,53,-30
120000128,112,107,5
120000129,7,5,2
120000130,0,0,0
120000131,26,54,-28
120000134,0,0,0
120000135,3,46,-43
120000137,0,0,0
120000138,4,25,-21
120000139,0,0,0
120000140,5,36,-31
120000141,0,2,-2
120000142,1,21,-20
120000143,0,0,0
120000144,0,0,0
120000145,0,0,0
120000146,257,82,175
120000149,34,87,-53
120000150,25,79,-54
120000151,0,2,-2
120000152,0,0,0
120000153,14,173,-159
120000154,48,295,-247
120000155,0,0,0
120000156,0,0,0
120000157,0,0,0
120000158,62,353,-291
120000159,323,1702,-1379
120000160,509,133,376
120000161,78,338,-260
120000162,3,23,-20
120000163,31,341,-310
120000164,30,137,-107
120000165,17,283,-266
120000166,19,180,-161
120000167,0,2,-2
120000168,0,8,-8
120000169,87,12,75
120000170,86,15,71
120000171,21,4,17
120000172,2,1,1
120000173,146,1,145
120000174,36,1,35
120000175,22,2,20
120000176,4,34,-30
120000177,94,212,-118
120000178,2,0,2
120000179,27,5,22
120000180,47,15,32
120000181,6,10,-4
120000182,6,6,0
120000183,0,27,-27
120000184,0,661,-661
120000186,0,1,-1
120000187,0,3,-3
120000188,0,4,-4
120000190,0,0,0
120000191,0,0,0
120000192,0,0,0
120000193,0,0,0
120000195,0,0,0
120000196,0,0,0
120000197,0,0,0
120000198,0,8,-8
120000199,0,0,0
120000200,0,0,0
120000201,0,0,0
120000202,1,5,-4
120000203,0,30,-30
120000207,0,0,0
120000208,0,0,0
120000209,0,0,0
120000210,0,0,0
120000211,0,0,0
120000212,0,0,0
120000213,0,0,0
120000214,0,0,0
120000215,0,0,0
120000216,0,0,0
120000217,64,157,-93
120000218,32,168,-136
120000219,0,103,-103
120000220,1,374,-373
120000225,0,0,0
120000226,0,0,0
120000227,0,0,0
120000228,585,151,434
120000230,0,0,0
120000231,0,0,0
120000233,0,0,0
120000235,52,214,-162
120000236,0,0,0
120000237,0,218,-218
120000238,0,14,-14
120000241,0,0,0
120000412,0,0,0
120000413,0,0,0
120000414,0,0,0
120000415,0,0,0
120000416,0,0,0
120000417,0,0,0
120000418,0,0,0
120000419,0,0,0
120000420,0,0,0
120000421,2361,2849,-488
120000422,64,24,40
120000423,0,17,-17
120000424,0,23,-23
120000436,18,15,3
120000437,74,20,54
120000438,236,80,156
120000439,16,65,-49
120000443,0,0,0
120000444,13,133,-120
120000445,52,31,21
120000446,36,10,26
120000447,0,0,0
120000449,0,0,0
120000450,0,0,0
120000451,4,18,-14
120000452,0,0,0
120000453,1,230,-229
120000454,0,0,0
120000455,7,15,-8
120000456,332,363,-31
120000457,112,48,64
120000458,83,158,-75
120000459,0,0,0
120000665,43,2,41
120000668,7,34,-27
120000669,0,0,0
120000670,8,14,-6
120000671,85,83,2
120000672,33,142,-109
120900001,0,0,0
120900002,0,0,0
120900003,0,0,0
120900004,0,0,0
120900005,0,0,0
120900006,0,0,0
120900007,2,5,-3
120900008,0,9,-9
120900009,0,0,0
120900010,0,5,-5
120900011,0,0,0
120900012,9,10,-1
120900013,0,0,0
120900014,0,0,0
120900015,0,0,0
120900016,0,0,0
120900017,105,15,90
120900018,0,1,-1
120900019,2,2,0
120900020,0,3,-3
120900021,0,0,0
120900022,0,0,0
120900023,0,0,0
120900024,54,35,19
120900025,2,1,1
120900026,0,0,0
120900027,0,0,0
120900028,6,0,6
120900029,0,0,0
120900030,2,8,-6
120900031,0,0,0
120900032,0,0,0
120900033,0,0,0
120900034,0,0,0
120900035,0,0,0
120900037,1,0,1
120900038,0,0,0
120900039,0,0,0
120900040,0,0,0
120900041,0,0,0
120900042,0,0,0
120900043,0,0,0
120900044,0,0,0
120900045,0,0,0
120900046,2,0,2
120900047,0,0,0
120900048,0,0,0
120900049,0,0,0
120900050,0,0,0
120900051,0,0,0
120900052,0,0,0
120900053,0,0,0
120900054,0,0,0
120900055,3,0,3
120900056,0,0,0
120900057,0,0,0
120900058,0,0,0
120900059,0,0,0
120900060,0,0,0
120900061,0,0,0
120900062,4,0,4
120900063,0,0,0
120900064,0,0,0
120900065,0,0,0
120900066,0,24,-24
120900067,0,0,0
120900068,0,0,0
120900069,0,0,0
120900071,0,0,0
120900072,0,0,0
120900073,0,0,0
120900074,0,0,0
120900076,0,0,0
120900077,0,1,-1
120900078,1,110,-109
120900079,0,2,-2
120900080,4,156,-152
120900081,0,0,0
120900082,0,18,-18
120900083,0,1,-1
120900084,0,0,0
120900085,0,0,0
120900086,5,6,-1
120900087,0,0,0
120900088,0,0,0
120900089,184,22,162
120900090,0,2,-2
120900091,0,0,0
120900092,28,22,6
120900093,0,0,0
120900094,40,12,28
120900095,0,0,0
120900096,0,3,-3
120900097,32,54,-22
120900098,0,0,0
120900099,3,0,3
120900100,0,7,-7
120900101,0,0,0
120900102,0,0,0
120900103,0,8,-8
120900104,0,0,0
120900105,0,0,0
120900106,137,56,81
120900107,25,6,19
120900108,0,0,0
120900109,4,84,-80
120900110,0,0,0
120900111,2,21,-19
120900112,0,0,0
120900113,0,142,-142
120900114,1,25,-24
120900115,15,20,-5
120900116,0,34,-34
120900117,0,0,0
120900118,1,132,-131
120900119,0,0,0
120900120,5,76,-71
120900121,9,44,-35
120900122,0,38,-38
120900123,0,0,0
120900124,0,115,-115
120900125,1,76,-75
120900126,72,57,15
120900127,0,1,-1
120900128,108,130,-22
120900129,3,38,-35
120900130,2,101,-99
120900131,0,0,0
120900132,0,0,0
120900133,15,106,-91
120900134,35,55,-20
120900135,0,91,-91
120900136,0,0,0
120900137,0,0,0
120900138,1,24,-23
120900139,0,109,-109
120900140,0,0,0
120900141,1,4,-3
120900142,0,107,-107
120900143,0,134,-134
120900144,0,41,-41
120900145,2,105,-103
120900146,1,134,-133
120900147,0,2,-2
120900148,0,0,0
120900149,0,55,-55
120900150,0,53,-53
120900151,1,141,-140
120900152,0,1,-1
120900153,0,0,0
120900154,0,43,-43
120900155,2,166,-164
120900156,0,80,-80
120900157,0,0,0
120900158,1,90,-89
120900159,0,5,-5
120900160,16,77,-61
120900161,0,17,-17
120900162,0,51,-51
120900163,0,0,0
120900164,0,0,0
120900165,0,0,0
120900166,0,2,-2
120900167,2,5,-3
120900169,8,66,-58
120900170,31,24,7
120900171,47,7,40
120900172,0,0,0
120900173,0,17,-17
120900174,0,21,-21
120900175,0,0,0
120900176,0,4,-4
120900177,0,8,-8
120900178,0,8,-8
120900179,36,29,7
120900180,0,2,-2
120900181,0,0,0
120900182,0,0,0
120900183,0,0,0
120900184,0,0,0
120900185,0,2,-2
120900186,0,87,-87
120900187,1,8,-7
120900188,0,0,0
120900189,0,0,0
120900190,0,0,0
120900191,0,0,0
120900192,253,22,231
120900194,0,0,0
120900195,5,15,-10
120900196,0,0,0
120900197,0,0,0
120900198,8,63,-55
120900199,0,0,0
120900200,0,0,0
120900201,58,12,46
120900202,0,26,-26
120900203,0,0,0
120900204,117,68,49
120900205,0,0,0
120900206,0,0,0
120900207,9,77,-68
121000001,231,366,-135
121000002,256,151,105
121000003,1772,741,1031
121000004,540,277,263
121000005,987,690,297
121000006,853,374,479
121000007,955,1079,-124
121000008,984,409,575
121000009,2661,1624,1037
121000010,2624,598,2026
121000011,5197,1569,3628
121000012,4302,956,3346
121000013,2812,2176,636
121000014,2783,1487,1296
121000015,1243,2159,-916
121000016,2831,1882,949
121000017,364,694,-330
121000018,623,379,244
121000019,4380,1516,2864
121000020,3920,1401,2519
121000021,673,883,-210
121000022,573,506,67
121000023,1078,885,193
121000024,680,1141,-461
121000025,128,45,83
121000026,26,22,4
121000027,1011,169,842
121000028,118,72,46
121000029,9,30,-21
121000030,45,47,-2
121000031,52,68,-16
121000032,48,33,15
121000034,0,0,0
121000035,8,26,-18
121000036,36,67,-31
121000037,179,120,59
121000038,132,166,-34
121000039,4,22,-18
121000041,20,32,-12
121000042,0,0,0
121000043,29,11,18
121000044,165,94,71
121000045,5,18,-13
121000046,11,75,-64
121000047,2,13,-11
121000049,340,185,155
121000050,71,667,-596
121000051,35,43,-8
121000052,48,175,-127
121000053,0,0,0
121000054,11,90,-79
121000055,369,199,170
121000056,254,242,12
121000057,28,43,-15
121000058,149,69,80
121000059,52,132,-80
121000060,96,80,16
121000061,1,30,-29
121000062,40,20,20
121000063,147,227,-80
121000064,34,28,6
121000065,13,44,-31
121000066,59,39,20
121000067,136,38,98
121000068,0,0,0
121000069,0,0,0
121000070,141,139,2
121000071,87,196,-109
121000072,110,83,27
121000073,184,179,5
121000074,23,37,-14
121000075,4,22,-18
121000076,75,18,57
121000077,0,0,0
121000078,28,45,-17
121000080,344,163,181
121000081,338,344,-6
121000082,61,98,-37
121000083,0,0,0
121000084,48,73,-25
121000085,342,189,153
121000086,0,0,0
121000087,0,0,0
121000088,119,203,-84
121000089,0,0,0
121000090,66,211,-145
121000091,672,673,-1
121000092,64,26,38
121000093,23,52,-29
121000094,128,81,47
121000095,0,0,0
121000096,1485,701,784
121000097,296,362,-66
121000098,101,227,-126
121000099,116,229,-113
121000100,48,143,-95
121000101,0,0,0
121000102,13,86,-73
121000103,0,0,0
121000104,3,54,-51
121000105,24,113,-89
121000106,0,0,0
121000107,919,845,74
121000109,492,607,-115
121000110,35,80,-45
121000114,815,1055,-240
121000115,182,260,-78
121000116,132,217,-85
121000117,10,0,10
121000118,75,4,71
121000119,11,10,1
121000120,0,0,0
121000121,0,0,0
121000123,0,0,0
121000127,1,14,-13
121000128,65,255,-190
121000129,35,139,-104
121000130,116,132,-16
121000131,190,181,9
121000132,233,129,104
121000135,22,12,10
121000136,111,17,94
121000137,70,4,66
121000138,76,52,24
121000139,87,32,55
121000141,18,35,-17
121000142,137,72,65
121000143,0,0,0
121000144,33,44,-11
121000145,30,130,-100
121000146,104,72,32
121000147,64,76,-12
121000148,32,100,-68
121000149,279,266,13
121000152,108,57,51
121000153,279,122,157
121000154,227,12,215
121000155,177,144,33
121000156,118,194,-76
121000157,143,53,90
121000158,46,49,-3
121000159,8,68,-60
121000160,20,60,-40
121000161,0,3,-3
121000162,0,0,0
121000165,0,0,0
121000166,11,27,-16
121000168,23,77,-54
121000169,13,71,-58
121000170,67,24,43
121000171,25,73,-48
121000172,94,140,-46
121000173,228,185,43
121000174,48,174,-126
121000175,54,89,-35
121000176,176,99,77
121000177,42,73,-31
121000178,24,18,6
121000179,5,3,2
121000181,73,84,-11
121000182,119,24,95
121000183,14,7,7
121000184,5,6,-1
121000185,0,0,0
121000186,14,69,-55
121000187,0,0,0
121000188,0,0,0
121000192,85,36,49
121000193,49,86,-37
121000194,1130,567,563
121000195,53,238,-185
121000196,0,0,0
121000197,31,110,-79
121000198,12,51,-39
121000199,19,235,-216
121000200,43,31,12
121000201,0,26,-26
121000202,13,3,10
121000203,1,119,-118
121000204,50,10,40
121000205,34,249,-215
121000206,18,44,-26
121000207,94,57,37
121000208,0,82,-82
121000209,16,287,-271
121000210,51,114,-63
121000211,14,37,-23
121000212,84,133,-49
121000213,93,178,-85
121000214,85,160,-75
121000215,215,162,53
121000216,33,104,-71
121000217,574,190,384
121000218,103,498,-395
121000219,99,75,24
121000220,148,55,93
121000221,34,14,20
121000222,540,795,-255
121000223,39,80,-41
121000224,0,0,0
121000225,138,89,49
121000226,56,66,-10
121000227,0,46,-46
121000228,7,444,-437
121000229,3,200,-197
121000230,46,935,-889
121000231,0,0,0
121000232,0,0,0
121000233,7,21,-14
121000234,0,0,0
121000235,0,0,0
121000236,0,0,0
121000237,0,0,0
121000238,0,0,0
121000239,1,1,0
121000240,0,0,0
121000241,5,0,5
121000242,0,0,0
121000243,1,0,1
121000244,0,0,0
121000245,0,0,0
121000246,0,0,0
121000247,1,0,1
121000248,2,10,-8
121000249,8,51,-43
121000250,22,12,10
121000251,6,179,-173
121000252,5,2,3
121000253,49,358,-309
121000254,74,23,51
121000255,27,43,-16
121000256,10,11,-1
121000257,9,30,-21
121000258,14,7,7
121000259,10,14,-4
121000260,18,33,-15
121000261,4,4,0
121000262,314,141,173
121000263,134,176,-42
121000271,60,180,-120
121000273,3,6,-3
121000274,0,1,-1
121000275,2,15,-13
121000276,0,0,0
121000278,0,3,-3
121000279,3,7,-4
121000280,0,0,0
121000289,2,0,2
121000290,245,216,29
121000294,2,34,-32
121000297,68,103,-35
121000299,3,82,-79
121000300,144,68,76
121000302,32,84,-52
121000303,141,61,80
121000304,0,0,0
121000305,0,0,0
121000306,0,0,0
121000308,75,57,18
121000309,274,98,176
121000310,11,147,-136
121000311,23,444,-421
121000312,0,0,0
121000313,88,190,-102
121000314,61,25,36
121000315,52,24,28
121000530,121,175,-54
121000531,135,197,-62
121000532,941,399,542
121000533,760,324,436
121000918,0,57,-57
121000919,0,0,0
121000938,65,26,39
121000939,36,3,33
121000956,86,200,-114
121000957,4,54,-50
121000958,3,87,-84
121000959,60,347,-287
121000960,70,471,-401
121000961,13,0,13
121000962,0,0,0
121000973,3,85,-82
121000976,0,0,0
121000979,0,0,0
121000981,15,0,15
121000982,0,0,0
121000983,21,139,-118
121000984,0,10,-10
121000985,62,74,-12
121000986,2,19,-17
121000987,20,544,-524
121000988,97,8,89
121001302,73,48,25
121001308,4,8,-4
121001309,7,7,0
121001311,0,0,0
121001313,10,105,-95
121001314,2787,2022,765
121001315,1258,650,608
121001326,2,10,-8
121900001,0,0,0
121900002,0,5,-5
121900003,0,0,0
121900004,0,0,0
121900005,0,0,0
121900006,0,0,0
121900007,0,0,0
121900008,0,0,0
121900009,0,0,0
121900010,0,0,0
121900011,0,0,0
121900012,0,0,0
121900013,0,0,0
121900014,0,0,0
121900015,0,0,0
121900016,0,0,0
121900017,0,0,0
121900018,0,0,0
121900019,0,0,0
121900020,0,0,0
121900021,0,0,0
121900022,0,0,0
121900023,0,0,0
121900024,0,0,0
121900025,0,0,0
121900026,0,0,0
121900027,0,0,0
121900028,0,0,0
121900029,0,0,0
121900030,0,0,0
121900031,0,0,0
121900032,0,0,0
121900033,0,0,0
121900034,0,0,0
121900035,0,0,0
121900036,0,0,0
121900037,0,0,0
121900038,0,0,0
121900039,0,0,0
121900040,0,0,0
121900041,0,0,0
121900042,0,0,0
121900043,0,0,0
121900044,0,0,0
121900046,0,0,0
121900047,0,0,0
121900048,0,0,0
121900050,0,0,0
121900051,0,0,0
121900052,0,0,0
121900053,26,57,-31
121900054,0,0,0
121900055,0,0,0
121900058,0,0,0
121900059,0,0,0
121900060,0,0,0
121900061,0,0,0
121900062,0,0,0
121900063,0,0,0
121900064,0,0,0
121900066,0,0,0
121900067,0,0,0
121900069,0,0,0
121900070,0,0,0
121900071,0,0,0
121900072,0,0,0
121900073,0,0,0
121900074,0,0,0
121900075,0,0,0
121900076,0,0,0
121900077,0,0,0
121900078,0,0,0
121900079,0,0,0
121900080,0,0,0
121900082,0,0,0
121900084,0,0,0
121900085,0,0,0
121900086,0,0,0
121900087,0,0,0
121900088,0,0,0
121900089,0,0,0
121900090,0,0,0
121900091,0,0,0
121900092,0,0,0
121900093,0,0,0
121900094,0,0,0
121900095,0,0,0
121900096,0,0,0
121900097,0,0,0
121900098,0,0,0
121900099,0,0,0
121900100,0,0,0
121900101,0,0,0
121900102,0,0,0
121900103,0,0,0
121900104,0,0,0
121900105,0,0,0
121900106,0,0,0
121900107,0,0,0
121900108,0,0,0
121900109,0,0,0
121900110,0,0,0
121900111,0,0,0
121900112,0,0,0
121900113,0,0,0
121900114,0,0,0
121900117,0,0,0
121900118,0,0,0
121900119,0,0,0
121900120,0,0,0
121900121,0,0,0
121900122,0,0,0
121900123,0,0,0
121900124,0,0,0
121900125,0,0,0
121900127,0,0,0
121900128,0,0,0
121900129,0,0,0
121900130,0,0,0
121900131,0,0,0
121900132,0,0,0
121900133,0,0,0
121900134,0,0,0
121900135,0,0,0
121900136,0,0,0
121900137,0,0,0
121900138,0,0,0
121900139,0,0,0
121900140,0,0,0
121900141,0,0,0
121900142,0,0,0
121900143,0,0,0
121900144,1,0,1
121900145,0,0,0
121900146,0,0,0
121900147,0,0,0
121900148,0,0,0
121900149,0,0,0
121900150,1,1,0
121900151,0,0,0
121900152,0,0,0
121900153,0,0,0
121900154,0,0,0
121900155,0,0,0
121900156,2,1,1
121900157,0,0,0
121900158,1,4,-3
121900159,0,0,0
121900160,0,0,0
121900161,0,0,0
121900162,0,5,-5
121900163,0,1,-1
121900164,0,0,0
121900165,0,0,0
121900166,0,0,0
121900167,0,0,0
121900168,0,0,0
121900169,0,37,-37
121900170,0,0,0
121900171,0,0,0
121900172,0,0,0
121900173,0,0,0
121900174,0,0,0
121900175,0,0,0
121900176,18,87,-69
121900177,2,1,1
121900178,0,0,0
121900179,0,0,0
121900180,9,0,9
121900182,0,0,0
121900183,0,0,0
121900184,0,0,0
121900186,0,0,0
121900187,0,1,-1
121900188,0,0,0
121900189,0,0,0
121900190,0,0,0
121900191,0,0,0
121900192,0,0,0
121900193,0,0,0
121900194,0,0,0
121900195,0,0,0
121900196,0,0,0
121900197,8,47,-39
121900198,0,0,0
121900199,0,0,0
121900200,0,0,0
121900201,0,0,0
121900202,2,3,-1
121900203,0,0,0
121900204,0,0,0
121900205,0,0,0
121900206,0,0,0
121900207,0,0,0
121900208,0,0,0
121900209,0,0,0
121900210,0,0,0
121900211,0,0,0
121900212,0,0,0
121900213,0,0,0
121900214,0,0,0
121900215,0,0,0
121900216,0,0,0
121900217,0,0,0
121900218,0,0,0
121900220,0,0,0
121900221,0,0,0
121900222,0,0,0
121900223,0,0,0
121900224,0,0,0
121900225,0,0,0
121900226,0,0,0
121900227,0,0,0
121900228,0,0,0
121900230,0,0,0
121900231,0,0,0
121900232,0,0,0
121900233,2,0,2
121900234,0,0,0
121900235,0,0,0
121900236,0,0,0
121900237,0,0,0
121900238,0,0,0
121900239,0,0,0
121900240,0,0,0
121900241,0,0,0
121900242,0,0,0
121900243,0,0,0
121900244,0,0,0
121900245,0,0,0
121900246,0,0,0
121900248,0,0,0
121900250,0,0,0
121900251,0,0,0
121900252,0,0,0
121900253,3,18,-15
121900254,0,0,0
121900255,0,0,0
121900258,0,0,0
121900259,0,0,0
121900260,0,0,0
121900261,0,0,0
121900262,0,0,0
121900263,0,0,0
121900264,0,0,0
121900265,0,0,0
121900266,0,0,0
121900267,0,0,0
121900269,0,0,0
121900270,0,0,0
121900271,0,0,0
121900273,0,0,0
121900274,0,0,0
121900277,0,0,0
121900278,0,0,0
121900279,0,0,0
121900280,0,0,0
121900281,0,0,0
121900284,0,0,0
121900286,2,4,-2
121900287,1,1,0
121900288,0,0,0
121900290,0,0,0
121900291,8,17,-9
121900292,0,0,0
121900293,29,197,-168
121900294,0,0,0
121900295,0,0,0
121900296,0,0,0
121900298,0,0,0
121900299,0,0,0
121900300,0,0,0
121900301,0,0,0
121900302,0,0,0
121900303,0,0,0
121900304,0,0,0
121900305,0,0,0
121900306,0,0,0
121900307,0,0,0
121900308,2,19,-17
121900309,1,21,-20
121900310,1,39,-38
121900311,0,0,0
121900312,0,0,0
121900313,0,0,0
121900314,0,0,0
121900315,0,0,0
121900316,0,0,0
121900317,0,0,0
121900318,0,0,0
121900319,0,0,0
121900320,0,0,0
121900321,0,0,0
121900322,0,0,0
121900323,0,0,0
121900324,0,0,0
121900325,0,0,0
121900326,0,0,0
121900327,0,0,0
121900328,0,0,0
121900329,0,0,0
121900330,0,0,0
121900331,0,0,0
121900332,0,0,0
121900333,0,0,0
121900334,0,0,0
122000001,611,716,-105
122000002,637,245,392
122000003,385,331,54
122000004,396,160,236
122000005,105,178,-73
122000006,82,92,-10
122000007,94,142,-48
122000008,787,370,417
122000009,88,22,66
122000010,292,220,72
122000011,269,93,176
122000012,113,184,-71
122000013,125,170,-45
122000014,91,96,-5
122000015,85,49,36
122000016,139,93,46
122000017,270,166,104
122000018,232,268,-36
122000019,115,214,-99
122000020,15,11,4
122000021,118,29,89
122000022,183,43,140
122000023,64,24,40
122000024,50,94,-44
122000025,59,160,-101
122000026,16,19,-3
122000027,176,279,-103
122000028,0,0,0
122000029,0,0,0
122000030,61,43,18
122000031,0,0,0
122000032,14,8,6
122000033,25,19,6
122000034,169,237,-68
122000035,202,173,29
122000036,50,167,-117
122000037,130,23,107
122000038,49,39,10
122000039,118,72,46
122000040,67,82,-15
122000041,0,0,0
122000042,0,0,0
122000043,0,0,0
122000044,0,0,0
122000045,5,6,-1
122000046,2,9,-7
122000047,94,39,55
122000048,687,292,395
122000049,860,688,172
122000050,134,148,-14
122000051,0,0,0
122000052,1,8,-7
122000053,9,165,-156
122000054,295,245,50
122000055,438,513,-75
122000056,646,483,163
122000057,903,721,182
122000058,475,555,-80
122000059,657,606,51
122000060,214,170,44
122000061,94,32,62
122000062,246,68,178
122000063,47,107,-60
122000064,625,737,-112
122000065,841,649,192
122000066,382,326,56
122000067,198,339,-141
122000068,196,131,65
122000069,633,159,474
122000070,25,20,5
122000071,48,42,6
122000072,124,49,75
122000073,76,104,-28
122000074,15,6,9
122000075,1,7,-6
122000076,87,69,18
122000077,143,266,-123
122000078,295,544,-249
122000079,180,247,-67
122000080,38,52,-14
122000081,7,18,-11
122000082,0,0,0
122000083,190,202,-12
122000084,178,181,-3
122000085,154,190,-36
122000086,277,350,-73
122000087,11,14,-3
122000088,50,66,-16
122000089,531,279,252
122000090,18,34,-16
122000091,25,19,6
122000092,6,0,6
122000093,197,561,-364
122000094,1015,204,811
122000095,493,262,231
122000096,78,12,66
122000098,1281,726,555
122000099,70,162,-92
122000100,83,75,8
122000101,9,22,-13
122000102,446,180,266
122000103,122,152,-30
122000104,29,11,18
122000105,14,28,-14
122000106,57,39,18
122000107,18,27,-9
122000108,134,145,-11
122000109,2,13,-11
122000110,70,100,-30
122000111,335,94,241
122000112,25,64,-39
122000113,33,63,-30
122000114,584,913,-329
122000115,824,403,421
122000116,235,57,178
122000117,114,15,99
122000118,46,18,28
122000119,489,406,83
122000120,393,595,-202
122000121,516,305,211
122000122,111,228,-117
122000123,329,68,261
122000124,108,79,29
122000125,767,183,584
122000126,135,162,-27
122000127,207,292,-85
122000128,76,175,-99
122000129,53,17,36
122000130,69,21,48
122000131,58,21,37
122000132,318,78,240
122000133,109,343,-234
122000134,129,101,28
122000135,115,427,-312
122000136,2,7,-5
122000137,19,18,1
122000139,315,331,-16
122000140,374,84,290
122000141,548,105,443
122000142,97,159,-62
122000143,41,20,21
122000144,51,26,25
122000145,79,71,8
122000146,0,0,0
122000147,4,9,-5
122000148,994,399,595
122000149,242,64,178
122000150,61,41,20
122000151,76,123,-47
122000152,66,53,13
122000153,0,0,0
122000154,0,0,0
122000155,135,93,42
122000156,1369,984,385
122000157,678,547,131
122000158,32,63,-31
122000159,9,48,-39
122000160,153,43,110
122000161,63,36,27
122000162,85,49,36
122000163,0,1,-1
122000164,0,0,0
122000165,43,71,-28
122000166,6,4,2
122000167,107,72,35
122000168,1,8,-7
122000169,98,55,43
122000170,47,67,-20
122000171,34,65,-31
122000172,113,233,-120
122000173,138,281,-143
122000174,409,370,39
122000175,352,75,277
122000176,4,6,-2
122000177,313,619,-306
122000178,15,3,12
122000179,158,210,-52
122000180,302,646,-344
122000181,681,1539,-858
122000182,148,35,113
122000183,181,21,160
122000184,3929,754,3175
122000185,923,529,394
122000186,46,66,-20
122000187,27,129,-102
122000188,117,63,54
122000189,0,0,0
122000190,4,189,-185
122000191,58,41,17
122000192,96,5,91
122000193,11,11,0
122000194,54,22,32
122000195,2,9,-7
122000196,16,45,-29
122000197,20,10,10
122000198,98,81,17
122000199,42,37,5
122000200,53,32,21
122000201,785,930,-145
122000202,542,503,39
122000203,441,349,92
122000204,179,360,-181
122000205,129,224,-95
122000206,99,32,67
122000207,57,75,-18
122000208,13,107,-94
122000209,4,3,1
122000210,219,489,-270
122000211,184,306,-122
122000212,113,77,36
122000213,169,186,-17
122000214,165,317,-152
122000215,310,248,62
122000217,378,526,-148
122000218,0,0,0
122000219,427,392,35
122000220,70,269,-199
122000221,7,36,-29
122000222,78,4,74
122000223,163,168,-5
122000225,160,39,121
122000226,132,502,-370
122000227,54,310,-256
122000228,34,128,-94
122000229,7,134,-127
122000230,9,141,-132
122000231,10,175,-165
122000232,6,189,-183
122000233,0,0,0
122000234,8,4,4
122000235,12,6,6
122000236,26,8,18
122000237,6,2,4
122000238,7,6,1
122000239,2,13,-11
122000240,9,2,7
122000241,0,0,0
122000242,0,1,-1
122000243,3,2,1
122000244,2,117,-115
122000245,28,84,-56
122000246,25,20,5
122000247,86,258,-172
122000248,257,400,-143
122000249,45,31,14
122000250,74,18,56
122000251,60,83,-23
122000252,35,6,29
122000253,9,111,-102
122000254,6,1,5
122000255,50,38,12
122000256,121,913,-792
122000257,49,145,-96
122000258,68,62,6
122000259,3,140,-137
122000260,2,42,-40
122000261,0,10,-10
122000262,0,25,-25
122000263,5,41,-36
122000264,0,0,0
122000265,0,0,0
122000266,0,0,0
122000267,0,0,0
122000268,0,0,0
122000269,0,0,0
122000270,0,0,0
122000271,0,3,-3
122000272,1,2,-1
122000273,8,19,-11
122000274,2,0,2
122000275,3,0,3
122000276,46,59,-13
122000277,100,194,-94
122000278,90,54,36
122000279,40,258,-218
122000280,196,358,-162
122000281,83,259,-176
122000282,5,25,-20
122000283,185,30,155
122000284,20,24,-4
122000285,117,55,62
122000286,33,77,-44
122000287,8,0,8
122000288,16,4,12
122000291,118,39,79
122000293,9,17,-8
122000294,0,0,0
122000295,4,0,4
122000296,6,94,-88
122000297,308,179,129
122000299,16,32,-16
122000300,120,224,-104
122000301,1098,263,835
122000302,55,39,16
122000303,1183,451,732
122000304,3,39,-36
122000305,120,18,102
122000306,8,279,-271
122000307,52,33,19
122000309,13,148,-135
122000310,4,7,-3
122000311,10,14,-4
122000312,10,6,4
122000313,3,6,-3
122000314,10,30,-20
122000315,7,0,7
122000316,31,10,21
122000317,39,6,33
122000318,0,3,-3
122000319,34,108,-74
122000320,38,503,-465
122000321,9,152,-143
122000322,615,87,528
122000323,179,102,77
122000324,118,144,-26
122000325,34,125,-91
122000326,0,0,0
122000327,27,66,-39
122000328,129,201,-72
122000330,176,35,141
122000332,6,57,-51
122000333,0,45,-45
122000337,121,775,-654
122000338,52,131,-79
122000340,43,29,14
122000342,235,233,2
122000343,34,332,-298
122000344,0,0,0
122000345,3,1,2
122000346,24,26,-2
122000348,40,91,-51
122000349,6,164,-158
122000351,0,3,-3
122000352,45,4,41
122000353,0,45,-45
122000355,0,0,0
122000356,1057,402,655
122000357,0,0,0
122000358,0,0,0
122000359,0,0,0
122000360,0,0,0
122000362,4,18,-14
122000364,8,62,-54
122000365,0,0,0
122000366,0,0,0
122000368,76,85,-9
122000370,0,16,-16
122000371,0,0,0
122000372,0,0,0
122000381,1,67,-66
122000382,0,17,-17
122000384,378,247,131
122000385,0,0,0
122000386,3,51,-48
122000387,28,57,-29
122000388,48,20,28
122000389,104,140,-36
122000390,18,33,-15
122000391,0,0,0
122000392,10,23,-13
122000393,1,12,-11
122000394,1,28,-27
122000395,10,31,-21
122000396,25,12,13
122000397,10,35,-25
122000398,0,0,0
122000399,1,3,-2
122000400,0,0,0
122000401,7,32,-25
122000402,0,0,0
122000403,100,631,-531
122000404,20,12,8
122000408,257,241,16
122000503,0,0,0
122000524,0,0,0
122000544,0,0,0
122000616,406,6,400
122000640,0,0,0
122000641,0,2,-2
122000642,1,10,-9
122000643,0,0,0
122000644,24,41,-17
122000645,66,167,-101
122000651,123,170,-47
122000664,13,6,7
122000665,195,183,12
122000666,40,107,-67
122000673,17,163,-146
122000674,78,15,63
122000675,171,309,-138
122000686,0,0,0
122000687,28,142,-114
122000688,0,1,-1
122000689,81,268,-187
122000690,85,321,-236
122000691,1,3,-2
122000692,89,87,2
122000693,0,0,0
122000695,51,173,-122
122000696,6,6,0
122000698,20,317,-297
122000699,24,5,19
122000701,102,122,-20
122000702,0,0,0
122000703,0,0,0
122000712,0,0,0
122000717,48,13,35
122000718,16,13,3
122000719,0,1,-1
122000720,0,17,-17
122000724,25,2,23
122900001,0,0,0
122900002,0,0,0
122900003,0,0,0
122900004,0,0,0
122900005,0,0,0
122900006,0,0,0
122900007,0,0,0
122900008,0,0,0
122900009,0,0,0
122900010,0,0,0
122900012,0,0,0
122900014,0,0,0
122900015,0,0,0
122900016,0,0,0
122900017,0,0,0
122900018,0,0,0
122900019,0,14,-14
122900020,0,0,0
122900021,0,0,0
122900022,4,60,-56
122900023,11,16,-5
122900024,4,5,-1
122900025,0,0,0
122900026,0,0,0
122900027,1,40,-39
122900028,0,0,0
122900029,0,0,0
122900030,131,15,116
122900031,0,0,0
122900032,10,6,4
122900033,0,0,0
122900034,0,0,0
122900035,0,0,0
122900036,0,0,0
122900037,0,1,-1
122900038,0,26,-26
122900039,0,0,0
122900040,0,0,0
122900041,0,0,0
122900042,0,0,0
122900043,0,0,0
122900044,0,0,0
122900045,0,0,0
122900046,0,0,0
122900047,0,0,0
122900048,0,0,0
122900049,0,0,0
122900051,0,0,0
122900052,0,3,-3
122900053,0,0,0
122900055,0,0,0
122900057,0,0,0
122900061,0,0,0
122900062,6,7,-1
122900063,0,0,0
122900064,0,0,0
122900065,3,3,0
122900066,8,8,0
122900067,0,0,0
122900069,1,7,-6
122900070,2,0,2
122900071,0,5,-5
122900072,1,43,-42
122900073,0,0,0
122900074,0,0,0
122900075,0,3,-3
122900076,0,9,-9
122900077,0,28,-28
122900078,0,30,-30
122900080,0,0,0
122900081,0,0,0
122900082,0,0,0
122900083,0,0,0
122900084,0,0,0
122900086,0,0,0
122900087,0,0,0
122900088,0,0,0
122900089,0,0,0
122900090,0,35,-35
122900091,0,0,0
122900092,0,0,0
122900093,0,0,0
122900094,0,0,0
122900095,0,0,0
122900096,0,0,0
122900097,0,0,0
122900098,0,0,0
122900099,0,0,0
122900100,0,0,0
122900101,0,0,0
122900102,0,0,0
122900103,0,0,0
122900104,0,0,0
122900105,0,0,0
122900106,0,0,0
122900107,0,0,0
122900108,0,0,0
123000001,459,207,252
123000002,1584,623,961
123000003,956,615,341
123000004,1484,1811,-327
123000005,250,396,-146
123000006,700,1196,-496
123000007,290,319,-29
123000008,835,1985,-1150
123000009,1003,584,419
123000010,2174,2819,-645
123000011,389,255,134
123000012,457,1285,-828
123000013,487,176,311
123000014,673,1691,-1018
123000015,1037,211,826
123000016,1403,1402,1
123000017,343,163,180
123000018,6,30,-24
123000019,1,3,-2
123000020,1,1,0
123000021,0,1,-1
123000022,3,11,-8
123000023,72,87,-15
123000024,58,54,4
123000025,4,3,1
123000026,5,18,-13
123000027,8,26,-18
123000028,13,3,10
123000029,40,43,-3
123000030,7,143,-136
123000031,5,15,-10
123000032,6,7,-1
123000033,3,0,3
123000034,47,43,4
123000035,14,2,12
123000036,22,6,16
123000037,61,87,-26
123000038,30,99,-69
123000039,188,240,-52
123000040,292,174,118
123000041,51,23,28
123000042,178,143,35
123000043,317,328,-11
123000044,787,585,202
123000045,2056,665,1391
123000046,16,23,-7
123000047,493,279,214
123000048,0,0,0
123000049,981,166,815
123000050,122,93,29
123000051,3,8,-5
123000052,151,209,-58
123000053,955,409,546
123000054,368,186,182
123000055,122,124,-2
123000056,287,774,-487
123000057,2820,1388,1432
123000058,44,66,-22
123000059,30,46,-16
123000060,57,42,15
123000061,35,50,-15
123000063,101,208,-107
123000064,97,86,11
123000065,1404,1097,307
123000066,259,135,124
123000067,51,79,-28
123000068,962,1279,-317
123000069,2992,1610,1382
123000070,39,52,-13
123000071,16,39,-23
123000072,218,427,-209
123000073,14,32,-18
123000074,173,470,-297
123000075,20,54,-34
123000076,57,255,-198
123000077,1225,946,279
123000078,39,56,-17
123000079,15,31,-16
123000080,361,724,-363
123000081,25,59,-34
123000082,67,154,-87
123000083,63,11,52
123000084,90,284,-194
123000085,1,2,-1
123000086,2,21,-19
123000087,3,28,-25
123000088,111,247,-136
123000089,0,4,-4
123000090,349,559,-210
123000091,4,0,4
123000092,229,392,-163
123000094,25,40,-15
123000095,3,12,-9
123000096,8,12,-4
123000097,54,239,-185
123000098,3,21,-18
123000099,74,223,-149
123000100,83,94,-11
123000101,4,4,0
123000102,39,94,-55
123000104,31,61,-30
123000105,150,163,-13
123000106,43,79,-36
123000107,87,210,-123
123000108,202,272,-70
123000111,17,9,8
123000112,25,34,-9
123000113,69,341,-272
123000114,10,15,-5
123000115,32,65,-33
123000116,6,31,-25
123000117,173,335,-162
123000118,81,195,-114
123000119,48,172,-124
123000120,46,147,-101
123000121,94,57,37
123000122,237,117,120
123000123,116,19,97
123000124,212,289,-77
123000125,66,12,54
123000126,30,93,-63
123000127,1027,542,485
123000128,76,114,-38
123000129,0,0,0
123000130,0,0,0
123000131,28,108,-80
123000132,85,147,-62
123000133,67,165,-98
123000134,107,21,86
123000135,67,116,-49
123000136,51,343,-292
123000137,23,97,-74
123000138,11,101,-90
123000139,0,0,0
123000140,30,219,-189
123000141,0,0,0
123000142,246,349,-103
123000143,368,971,-603
123000144,5,2,3
123000145,13,10,3
123000146,5,17,-12
123000147,1,16,-15
123000149,0,0,0
123000150,0,0,0
123000151,29,50,-21
123000152,20,105,-85
123000153,43,50,-7
123000154,167,135,32
123000155,260,135,125
123000156,14,24,-10
123000157,121,232,-111
123000158,0,0,0
123000159,240,143,97
123000160,86,24,62
123000161,145,28,117
123000162,46,31,15
123000163,0,0,0
123000164,0,0,0
123000165,67,420,-353
123000166,8,45,-37
123000167,1,59,-58
123000168,19,94,-75
123000169,0,0,0
123000170,0,75,-75
123000171,0,14,-14
123000172,49,227,-178
123000173,0,0,0
123000174,0,0,0
123000175,201,450,-249
123000176,0,0,0
123000177,23,217,-194
123000178,0,0,0
123000179,4,153,-149
123000180,175,17,158
123000181,40,429,-389
123000182,6,116,-110
123000183,29,15,14
123000184,21,168,-147
123000185,0,0,0
123000186,2,259,-257
123000187,0,0,0
123000188,0,1,-1
123000189,2,39,-37
123000190,0,10,-10
123000192,0,136,-136
123000193,7,110,-103
123000194,101,62,39
123000195,0,0,0
123000196,14,18,-4
123000197,0,40,-40
123000198,0,72,-72
123000199,2,192,-190
123000200,0,0,0
123000201,0,0,0
123000202,13,506,-493
123000203,0,0,0
123000204,11,552,-541
123000205,45,516,-471
123000206,66,3,63
123000207,9,239,-230
123000208,9,8,1
123000209,84,12,72
123000210,130,416,-286
123000211,127,660,-533
123000212,0,0,0
123000213,0,0,0
123000215,393,38,355
123000216,0,0,0
123000217,0,0,0
123000218,35,89,-54
123000219,0,0,0
123000220,0,0,0
123000221,0,0,0
123000222,5,14,-9
123000223,3,8,-5
123000224,19,32,-13
123000225,7,23,-16
123000226,0,120,-120
123000227,7,138,-131
123000228,7,22,-15
123000229,279,587,-308
123000232,11,195,-184
123000233,0,0,0
123000234,23,253,-230
123000235,0,0,0
123000236,32,271,-239
123000237,0,0,0
123000238,12,173,-161
123000239,92,604,-512
123000240,6,46,-40
123000241,0,0,0
123000242,12,39,-27
123000243,160,390,-230
123000244,252,299,-47
123000245,33,119,-86
123000249,899,306,593
123000252,0,0,0
123000253,0,0,0
123000254,23,176,-153
123000255,47,55,-8
123000256,16,71,-55
123000257,430,624,-194
123000258,115,346,-231
123000259,23,74,-51
123000260,23,101,-78
123000261,25,29,-4
123000262,13,68,-55
123000263,15,5,10
123000264,10,0,10
123000265,19,31,-12
123000266,41,159,-118
123000267,0,0,0
123000268,5,18,-13
123000269,0,0,0
123000270,0,0,0
123000271,6,14,-8
123000272,0,0,0
123000273,0,0,0
123000274,0,0,0
123000275,35,308,-273
123000278,544,433,111
123000279,0,0,0
123000280,3,54,-51
123000281,0,0,0
123000282,9,46,-37
123000283,0,0,0
123000284,6,40,-34
123000286,63,27,36
123000287,44,46,-2
123000288,0,0,0
123000289,0,0,0
123000291,58,368,-310
123000294,14,38,-24
123000295,216,37,179
123000296,41,17,24
123000297,4,6,-2
123000298,11,21,-10
123000299,0,0,0
123000300,25,121,-96
123000301,8,29,-21
123000302,1,7,-6
123000303,0,5,-5
123000305,286,235,51
123000306,1,54,-53
123000309,5,27,-22
123000310,0,0,0
123000311,0,110,-110
123000312,137,227,-90
123000313,0,0,0
123000315,0,12,-12
123000316,224,134,90
123000317,0,0,0
123000318,2,38,-36
123000329,241,30,211
123000337,0,36,-36
123000338,4,7,-3
123000339,2,168,-166
123000340,4,22,-18
123000342,2,34,-32
123000343,0,0,0
123000344,141,95,46
123000345,56,122,-66
123000346,0,0,0
123000352,295,331,-36
123000353,2,26,-24
123000354,17,1,16
123000355,0,78,-78
123000356,1,0,1
123000357,0,54,-54
123000359,0,40,-40
123000360,0,0,0
123000361,30,57,-27
123000362,5,25,-20
123000363,3,82,-79
123000364,23,13,10
123000365,9,72,-63
123000366,113,171,-58
123000367,52,183,-131
123000370,4,84,-80
123000371,0,0,0
123000372,2,0,2
123000373,0,137,-137
123000374,0,55,-55
123000375,1,0,1
123000376,32,65,-33
123000377,0,0,0
123000378,1,101,-100
123000379,0,75,-75
123000380,0,37,-37
123000381,8,4,4
123000382,68,11,57
123000383,7,165,-158
123000384,21,3,18
123000385,16,216,-200
123000436,35,287,-252
123000507,19,25,-6
123000508,38,104,-66
123000517,162,3,159
123000518,7,56,-49
123000519,153,48,105
123000520,20,55,-35
123000521,64,46,18
123000522,38,133,-95
123000541,0,0,0
123000542,0,8,-8
123000565,48,7,41
123000566,9,228,-219
123000567,31,55,-24
123000573,28,376,-348
123000574,0,0,0
123000575,71,489,-418
123000576,25,603,-578
123000577,30,257,-227
123000578,0,0,0
123000579,244,69,175
123000580,40,2,38
123000582,0,0,0
123000583,4,105,-101
123000584,0,0,0
123000585,0,26,-26
123000586,0,0,0
123000596,25,24,1
123000597,0,0,0
123000602,0,0,0
123000603,9,142,-133
123000604,10,379,-369
123000605,396,17,379
123000606,0,719,-719
123000609,8,258,-250
123000610,7,7,0
123000613,82,90,-8
123000614,0,0,0
123000615,65,117,-52
123000616,0,0,0
123000617,52,205,-153
123000618,23,194,-171
123000619,0,0,0
123000620,22,186,-164
123000622,0,0,0
123000624,0,0,0
123000630,43,40,3
123000631,35,578,-543
123000632,219,259,-40
123000633,0,81,-81
123000634,0,0,0
123000635,47,46,1
123000636,4,153,-149
123000637,0,0,0
123000638,0,0,0
123000639,0,0,0
123000640,0,308,-308
123000648,0,0,0
123000649,9,142,-133
123900001,19,2,17
123900002,0,0,0
123900003,0,0,0
123900005,0,0,0
123900006,0,0,0
124000001,196,1,195
124000002,75,548,-473
124000003,11,0,11
124000004,29,234,-205
124000005,13,0,13
124000006,77,538,-461
124000007,13,1,12
124000008,5,211,-206
124000009,10,1,9
124000010,30,248,-218
124000011,17,2,15
124000012,79,419,-340
124000017,0,0,0
124000018,53,40,13
124000019,0,0,0
124000020,15,79,-64
124000021,0,0,0
124000022,49,118,-69
124000023,260,154,106
124000024,246,245,1
124000025,174,93,81
124000026,251,262,-11
124000027,1250,304,946
124000028,927,1862,-935
124000030,836,443,393
124000031,86,2,84
124000032,1140,448,692
124000033,150,3,147
124000034,394,536,-142
124000035,23,1,22
124000036,35,327,-292
124000037,13,6,7
124000038,4,41,-37
124000039,125,66,59
124000040,119,234,-115
124000041,39,8,31
124000042,20,148,-128
124000043,12,14,-2
124000044,9,104,-95
124000045,0,0,0
124000046,50,316,-266
124000047,0,0,0
124000048,143,550,-407
124000049,0,0,0
124000050,163,886,-723
124000051,0,0,0
124000052,67,484,-417
124000053,0,0,0
124000054,228,281,-53
124000055,12,12,0
124000056,650,741,-91
124000057,0,0,0
124000058,145,582,-437
124000059,33,59,-26
124000060,335,265,70
124000061,17,90,-73
124000062,1718,574,1144
124000063,574,782,-208
124000064,549,775,-226
124000065,15,67,-52
124000066,0,0,0
124000067,0,0,0
124000068,4,23,-19
124000069,0,0,0
124000070,21,139,-118
124000071,0,0,0
124000072,49,96,-47
124000073,0,0,0
124000074,39,206,-167
124000075,0,0,0
124000076,12,71,-59
124000077,293,143,150
124000078,31,6,25
124000079,197,161,36
124000080,0,0,0
124000081,26,178,-152
124000082,0,0,0
124000083,6,33,-27
124000084,1,4,-3
124000085,9,19,-10
124000086,0,0,0
124000087,0,0,0
124000088,2,4,-2
124000089,14,3,11
124000090,21,214,-193
124000091,14,14,0
124000092,13,377,-364
124000093,0,0,0
124000094,9,28,-19
124000095,0,0,0
124000096,6,48,-42
124000097,0,0,0
124000098,7,69,-62
124000099,3,4,-1
124000100,7,50,-43
124000101,1,5,-4
124000102,27,39,-12
124000103,0,8,-8
124000104,8,47,-39
124000105,0,1,-1
124000106,27,48,-21
124000107,0,11,-11
124000108,9,14,-5
124000109,0,0,0
124000110,10,30,-20
124000111,4,25,-21
124000112,24,89,-65
124000113,0,1,-1
124000114,11,48,-37
124000115,45,82,-37
124000116,0,0,0
124000117,23,23,0
124000118,1,1,0
124000119,51,122,-71
124000120,0,8,-8
124000121,127,39,88
124000122,433,368,65
124000123,151,75,76
124000124,76,201,-125
124000125,44,65,-21
124000126,105,212,-107
124000127,42,83,-41
124000128,98,491,-393
124000129,156,355,-199
124000130,303,208,95
124000131,105,96,9
124000132,395,386,9
124000133,32,44,-12
124000134,125,192,-67
124000135,106,82,24
124000136,159,284,-125
124000137,57,51,6
124000138,211,214,-3
124000139,0,0,0
124000140,8,95,-87
124000141,0,0,0
124000142,18,75,-57
124000143,0,0,0
124000144,1,45,-44
124000145,0,0,0
124000146,4,36,-32
124000148,0,0,0
124000149,22,1,21
124000150,122,167,-45
124000151,10,2,8
124000152,93,248,-155
124000153,5,7,-2
124000154,74,268,-194
124000155,21,8,13
124000156,341,259,82
124000169,4,11,-7
124000170,115,112,3
124000171,1,7,-6
124000172,22,144,-122
124000173,4,11,-7
124000174,41,167,-126
124000175,9,52,-43
124000176,0,0,0
124000177,13,29,-16
124000178,0,0,0
124000190,10,0,10
124000191,25,2,23
124000192,18,4,14
124000193,47,473,-426
124000194,94,220,-126
124000195,33,107,-74
124000196,282,510,-228
124000197,33,13,20
124000198,1,1,0
124000201,4,226,-222
124000202,0,15,-15
124000203,8,264,-256
124000204,2,85,-83
124000205,9,196,-187
124000206,3,62,-59
124000207,0,77,-77
124000209,38,178,-140
124000210,3,104,-101
124000211,0,0,0
124000212,1,172,-171
124000213,2,123,-121
124000214,3,97,-94
124000215,0,0,0
124000216,3,174,-171
124000329,16,694,-678
124000338,17,299,-282
124000339,4,0,4
124000341,7,0,7
124000344,0,4,-4
124000357,105,53,52
124000358,141,79,62
124000359,31,20,11
124000360,14,18,-4
124000361,44,28,16
124000362,386,926,-540
124000363,101,300,-199
124000364,218,697,-479
124000365,415,1265,-850
124000366,616,980,-364
124000367,39,212,-173
124000368,5,1,4
124000369,8,9,-1
124000370,18,207,-189
124000402,0,0,0
124000403,0,0,0
124000404,1,37,-36
124000405,154,112,42
124000406,180,307,-127
124000407,0,15,-15
124000411,0,94,-94
124000412,0,0,0
124000413,0,0,0
124000414,6,41,-35
124000415,9,64,-55
124000416,20,57,-37
124000417,11,14,-3
124000418,1,20,-19
124000419,9,67,-58
124000420,1,28,-27
124000421,6,98,-92
124000422,2,3,-1
124000423,4,3,1
124000424,6,60,-54
124000425,0,0,0
124000426,2,72,-70
124000427,0,0,0
124000428,2,15,-13
124000429,3,196,-193
124000430,43,71,-28
124000431,24,114,-90
124000432,44,160,-116
124000439,0,0,0
124000443,2,7,-5
124000445,11,2,9
124000446,252,18,234
124000447,0,0,0
124900001,0,0,0
124900002,0,0,0
124900003,0,0,0
124900004,0,0,0
124900005,0,0,0
124900006,0,0,0
124900008,0,0,0
124900009,0,0,0
124900010,0,0,0
124900011,0,0,0
124900012,0,0,0
124900013,0,0,0
124900014,0,0,0
124900015,0,0,0
124900016,0,0,0
124900017,0,0,0
124900018,0,0,0
124900020,0,0,0
124900021,0,0,0
124900022,0,0,0
124900024,0,0,0
124900026,0,2,-2
124900027,0,0,0
124900028,0,0,0
124900029,0,0,0
124900030,0,0,0
124900031,0,0,0
124900032,0,1,-1
124900033,0,0,0
124900034,0,0,0
124900035,0,0,0
124900036,0,1,-1
124900037,2,4,-2
124900038,0,0,0
124900039,0,0,0
124900040,6,6,0
124900041,12,35,-23
124900042,0,0,0
124900043,15,82,-67
124900044,0,0,0
124900045,24,47,-23
124900047,3,3,0
124900048,8,6,2
124900050,15,4,11
124900052,5,32,-27
124900053,4,48,-44
124900054,401,48,353
124900055,0,8,-8
124900057,1,7,-6
124900060,6,42,-36
124900061,0,0,0
124900062,0,0,0
124900066,0,6,-6
124900067,2,30,-28
124900068,0,0,0
124900070,0,0,0
124900072,0,0,0
124900075,0,0,0
124900076,0,0,0
124900077,2,0,2
124900078,0,0,0
124900079,5,0,5
124900080,10,57,-47
124900081,0,0,0
124900082,0,6,-6
124900083,12,43,-31
124900085,0,0,0
124900086,0,0,0
124900087,0,0,0
124900088,0,0,0
124900089,34,0,34
124900090,0,0,0
124900091,0,0,0
124900092,0,0,0
124900093,0,0,0
124900094,0,0,0
124900095,0,0,0
124900096,0,0,0
124900097,0,0,0
124900098,0,0,0
124900099,0,0,0
124900100,0,0,0
124900101,0,0,0
124900102,0,0,0
124900103,0,2,-2
124900104,1,5,-4
124900105,1,4,-3
124900106,0,0,0
124900107,0,0,0
124900108,0,0,0
124900111,0,5,-5
124900112,6,57,-51
124900113,0,2,-2
124900114,0,2,-2
124900115,0,0,0
124900116,0,0,0
124900117,0,0,0
124900118,0,0,0
124900119,0,0,0
124900120,3,38,-35
124900121,0,0,0
124900122,75,24,51
124900123,0,0,0
124900124,6,15,-9
204000001,0,0,0
204000002,0,0,0
204000003,0,0,0
204000004,0,0,0
204000005,0,0,0
204000006,0,0,0
204000011,30,68,-38
204000012,12,177,-165
204000019,161,166,-5
204000020,54,150,-96
204000021,208,112,96
204000022,64,109,-45
204000023,220,771,-551
204000031,0,0,0
204000032,0,0,0
204000034,79,316,-237
204000035,5,4,1
204000036,23,17,6
204000037,13,10,3
204000038,2,11,-9
204000039,9,24,-15
204000040,4,12,-8
204000041,3,15,-12
204000042,0,0,0
204000043,0,0,0
204000044,0,0,0
204000045,0,0,0
204000046,0,0,0
204000057,1,10,-9
204000062,48,120,-72
204000068,46,126,-80
204000069,12,53,-41
204000070,0,0,0
204000080,26,52,-26
204000085,339,663,-324
204000086,1175,882,293
204000087,50,108,-58
204000088,19,98,-79
204000090,53,296,-243
204000093,0,0,0
204000096,3,2,1
204000097,0,0,0
204000099,23,26,-3
204000100,4,7,-3
204000105,538,569,-31
204000110,313,650,-337
204000111,199,327,-128
204000112,131,419,-288
204000113,92,339,-247
204000114,71,57,14
204000115,50,40,10
204000116,56,98,-42
204000119,4,3,1
204000132,0,0,0
204000133,0,0,0
204000134,0,0,0
204000135,0,0,0
204000136,0,0,0
204000138,0,0,0
204000140,0,0,0
204000141,0,0,0
204000144,0,0,0
204000145,0,0,0
204000146,64,200,-136
204000147,23,92,-69
204000148,0,0,0
204000154,0,0,0
204000155,5,4,1
204000177,0,0,0
204000179,0,0,0
204000180,0,94,-94
204000222,0,6,-6
204000235,23,9,14
204000236,18,194,-176
204000238,0,0,0
204000240,33,36,-3
204000263,277,510,-233
204000268,0,0,0
204000308,0,0,0
204000317,43,30,13
204000322,14,19,-5
204000323,0,0,0
204000328,0,0,0
204000329,74,63,11
204000330,0,0,0
204000331,114,114,0
205000001,769,470,299
205000013,1,75,-74
205000014,6,91,-85
205000015,12,152,-140
205000016,5,114,-109
205000017,18,54,-36
205000022,175,451,-276
205000025,769,672,97
205000029,62,30,32
205000045,17,102,-85
205000046,23,239,-216
205000047,29,271,-242
205000048,83,482,-399
205000049,73,514,-441
205000050,304,260,44
205000059,0,236,-236
205000060,0,21,-21
205000061,1,12,-11
205000062,0,18,-18
205000063,3,20,-17
205000064,17,92,-75
205000065,25,248,-223
205000066,32,500,-468
205000067,14,794,-780
205000069,354,219,135
205000082,0,0,0
205000110,30,204,-174
205000111,119,223,-104
205000112,0,0,0
205000113,102,117,-15
205000121,0,0,0
205000123,121,122,-1
205000126,0,0,0
205000127,0,0,0
205000128,0,0,0
205000129,0,0,0
205000130,0,0,0
205000131,0,0,0
205000132,0,0,0
205000133,0,0,0
205000134,0,0,0
205000137,24,79,-55
205000138,93,171,-78
205000139,11,40,-29
205000144,0,0,0
205000145,0,0,0
205000151,0,0,0
205000152,0,0,0
205000153,0,0,0
205000154,0,0,0
205000155,0,0,0
205000207,195,235,-40
205000233,0,0,0
205000234,0,0,0
205000243,0,0,0
205000244,0,5,-5
205000245,14,229,-215
205000249,0,18,-18
205000250,0,0,0
205000264,2,79,-77
206000027,0,0,0
206000028,0,0,0
206000043,5,76,-71
206000053,11,12,-1
206000054,14,19,-5
206000055,2,33,-31
206000075,5,11,-6
206000076,25,25,0
206000077,10,13,-3
206000078,12,18,-6
206000079,28,8,20
206000082,0,0,0
206000100,34,455,-421
206000103,9,35,-26
206000104,36,39,-3
206000105,4,27,-23
206000106,30,76,-46
206000125,0,0,0
206000157,230,705,-475
206000170,3,266,-263
206000171,7,195,-188
206000172,9,565,-556
206000173,2,193,-191
206000174,2,157,-155
206000175,2,208,-206
206000176,24,289,-265
206000177,4,190,-186
206000178,3,135,-132
206000179,3,87,-84
206000180,19,146,-127
206000181,3,173,-170
206000182,56,213,-157
206000183,17,446,-429
206000184,10,231,-221
206000185,18,227,-209
206000186,71,629,-558
206000223,5,180,-175
206000226,0,0,0
206000227,0,0,0
206000237,11,210,-199
206000238,42,307,-265
206000239,427,738,-311
206000240,1,55,-54
206000241,2,208,-206
206000242,15,275,-260
206000243,6,260,-254
206000244,84,592,-508
206000245,60,1,59
206000246,4,4,0
206000247,25,2,23
206000248,8,0,8
206000252,25,79,-54
206000258,14,31,-17
206000315,47,8,39
206000317,75,25,50
206000318,44,18,26
206000319,111,15,96
206000320,8,2,6
206000321,19,4,15
206000322,0,0,0
206000323,0,0,0
206000324,0,0,0
206000325,0,0,0
206000326,0,0,0
206000327,3,0,3
206000328,17,1,16
206000329,30,2,28
206000330,1,0,1
206000331,7,0,7
206000332,0,0,0
206000333,18,0,18
206000334,18,2,16
206000335,0,44,-44
206000361,10,238,-228
206000392,3,52,-49
206000405,26,0,26
206000441,0,0,0
206000498,1,9,-8
206000515,304,36,268
206000530,0,0,0
206000531,0,0,0
206000532,0,0,0
206000535,94,327,-233
206000536,10,101,-91
206000537,7,56,-49
206000613,0,0,0
206000784,433,135,298
207000001,107,338,-231
207000002,33,298,-265
207000003,45,211,-166
207000007,64,6,58
207000008,3,3,0
207000009,12,5,7
207000010,194,217,-23
207000012,0,0,0
207000015,261,468,-207
207000019,46,18,28
207000021,39,42,-3
207000022,4,13,-9
207000023,22,12,10
207000024,0,4,-4
207000025,4,8,-4
207000026,55,120,-65
207000027,14,94,-80
207000028,30,184,-154
207000029,128,336,-208
207000033,49,49,0
207000034,18,9,9
207000039,0,0,0
207000040,0,0,0
207000041,0,0,0
207000042,0,0,0
207000043,0,0,0
207000051,26,274,-248
207000052,4,182,-178
207000053,322,557,-235
207000054,13,102,-89
207000055,48,119,-71
207000056,119,307,-188
207000057,110,202,-92
207000058,78,364,-286
207000059,38,576,-538
207000060,19,82,-63
207000061,3,20,-17
207000062,47,28,19
207000063,43,66,-23
207000064,87,65,22
207000065,50,89,-39
207000066,26,69,-43
207000067,3,52,-49
207000068,20,13,7
207000069,258,141,117
207000082,5,10,-5
207000083,30,130,-100
207000084,7,1,6
207000085,11,0,11
207000086,10,1,9
207000106,0,0,0
207000107,0,0,0
207000108,0,0,0
207000109,0,0,0
207000110,0,0,0
207000111,0,0,0
207000112,0,0,0
207000114,12,28,-16
207000115,6,63,-57
207000116,16,160,-144
207000117,3,94,-91
207000118,1,96,-95
207000119,7,121,-114
207000123,0,0,0
207000124,0,0,0
207000125,0,0,0
207000126,0,0,0
207000134,1,25,-24
207000135,2,16,-14
207000148,0,0,0
207000149,39,26,13
207000152,92,280,-188
207000153,1139,679,460
207000154,90,37,53
207000159,33,180,-147
207000160,56,340,-284
207000238,0,22,-22
207000242,0,80,-80
207000248,12,12,0
207000249,52,40,12
207000250,172,36,136
207000251,44,39,5
207000252,20,40,-20
207000278,0,0,0
207000279,23,171,-148
207000280,10,4,6
207000281,37,359,-322
207000282,0,0,0
207000283,32,57,-25
207000284,10,7,3
207000285,0,0,0
207000291,10,97,-87
207000304,17,17,0
207000306,30,295,-265
207000310,0,0,0
207000353,0,0,0
207000356,13,15,-2
207000357,0,0,0
207000358,0,0,0
207000415,5,111,-106
207000417,0,0,0
207000418,35,64,-29
207000438,0,2,-2
207000439,324,111,213
207000446,0,0,0
207000460,0,2,-2
207000466,78,189,-111
207000467,0,0,0
207000468,21,261,-240
207000476,0,8,-8
207000477,3,22,-19
207000478,0,10,-10
207000523,0,11,-11
207000524,0,0,0
207000527,25,41,-16
207000530,0,0,0
207000531,0,0,0
207000532,0,0,0
207000534,0,0,0
207000535,22,125,-103
207000537,14,49,-35
207000540,7,80,-73
207000541,0,192,-192
207000548,1,161,-160
207000549,0,0,0
207000561,0,0,0
207000562,11,103,-92
207000567,115,177,-62
207000568,5,10,-5
207000569,10,269,-259
207000584,163,73,90
207000585,0,0,0
207000587,0,0,0
207000616,2,250,-248
207000617,0,0,0
207000624,0,0,0
207000631,0,0,0
207900008,6,27,-21
208000001,10,99,-89
208000002,17,51,-34
208000003,58,61,-3
208000004,67,60,7
208000005,0,16,-16
208000019,0,0,0
208000020,0,0,0
208000021,38,200,-162
208000022,182,231,-49
208000028,56,22,34
208000033,98,183,-85
208000034,233,397,-164
208000037,0,0,0
208000040,0,0,0
208000041,0,0,0
208000042,0,0,0
208000047,19,134,-115
208000064,0,0,0
208000066,0,0,0
208000070,0,0,0
208000071,0,0,0
208000072,0,0,0
208000080,5,28,-23
208000081,10,55,-45
208000082,32,143,-111
208000083,34,215,-181
208000084,0,0,0
208000085,262,316,-54
208000086,195,493,-298
208000087,74,302,-228
208000089,228,187,41
208000090,170,337,-167
208000093,14,31,-17
208000094,112,166,-54
208000095,224,195,29
208000104,0,0,0
208000105,0,0,0
208000114,0,0,0
208000115,42,184,-142
208000116,0,0,0
208000117,0,0,0
208000118,0,0,0
208000155,128,459,-331
208000158,852,919,-67
208000186,0,0,0
208000204,127,334,-207
208000205,303,409,-106
208000282,1336,378,958
209000004,31,57,-26
209000005,7,18,-11
209000006,98,135,-37
209000007,88,88,0
209000010,141,84,57
209000011,44,83,-39
209000012,39,196,-157
209000013,36,300,-264
209000014,217,804,-587
209000025,54,44,10
209000026,175,35,140
209000027,127,536,-409
209000028,94,637,-543
209000029,234,618,-384
209000030,100,888,-788
209000031,1666,1910,-244
209000034,104,303,-199
209000035,59,154,-95
209000036,40,75,-35
209000037,64,118,-54
209000038,72,246,-174
209000039,36,94,-58
209000040,87,323,-236
209000041,113,332,-219
209000042,117,259,-142
209000043,160,216,-56
209000044,151,235,-84
209000045,37,113,-76
209000046,37,151,-114
209000047,28,83,-55
209000048,49,97,-48
209000049,43,124,-81
209000050,124,215,-91
209000051,123,215,-92
209000052,47,182,-135
209000062,7,73,-66
209000063,13,73,-60
209000064,10,102,-92
209000065,0,0,0
209000066,0,0,0
209000067,0,0,0
209000080,10,67,-57
209000082,0,0,0
209000091,17,48,-31
209000093,49,27,22
209000094,155,90,65
209000110,0,0,0
209000111,147,547,-400
209000112,100,176,-76
209000113,188,174,14
209000114,90,83,7
209000115,79,111,-32
209000116,748,342,406
209000118,0,0,0
209000119,24,10,14
209000121,94,348,-254
209000135,0,0,0
209000142,482,296,186
209000143,18,30,-12
209000144,15,25,-10
209000229,48,87,-39
209000240,10,201,-191
209000259,98,86,12
209000260,4,448,-444
209000261,0,184,-184
209000262,0,173,-173
209000263,0,34,-34
209000264,1,10,-9
209000265,0,0,0
209000266,0,0,0
209000267,0,0,0
209000268,0,0,0
210000037,0,0,0
210000047,0,0,0
210000048,0,0,0
210000049,0,0,0
210000052,2,52,-50
210000053,4,30,-26
210000054,29,45,-16
210000070,0,0,0
210000071,0,0,0
210000072,0,0,0
210000073,0,30,-30
210000074,0,68,-68
210000075,2,28,-26
210000076,3,90,-87
210000077,8,32,-24
210000078,8,20,-12
210000079,0,0,0
210000080,0,0,0
210000081,0,0,0
210000082,0,0,0
210000083,0,0,0
210000084,0,0,0
210000085,0,37,-37
210000086,2,47,-45
210000099,24,164,-140
210000100,23,158,-135
210000101,35,183,-148
210000105,14,56,-42
210000159,0,43,-43
210000163,97,116,-19
210000164,0,0,0
210000168,0,0,0
210000187,0,5,-5
210000188,1,4,-3
210000214,0,0,0
210000219,0,0,0
210000220,0,0,0
210000232,1,7,-6
210000233,2,8,-6
210000234,6,28,-22
210000235,17,58,-41
210000245,0,15,-15
210000246,0,0,0
210000258,4,67,-63
210000259,0,0,0
210000282,19,90,-71
210000285,0,46,-46
210000286,7,74,-67
210000290,0,0,0
210000295,15,30,-15
210000296,5,19,-14
210000320,0,0,0
210000321,0,0,0
210000338,24,68,-44
210000339,279,355,-76
210000340,64,112,-48
210000341,63,119,-56
210000342,43,87,-44
210000343,78,104,-26
210000344,49,46,3
210000345,37,39,-2
210000346,19,30,-11
210000347,4,8,-4
210000348,33,10,23
210000349,13,17,-4
210000350,38,40,-2
210000351,44,64,-20
210000352,0,0,0
210000353,0,0,0
210000354,0,0,0
210000355,0,0,0
210000356,0,0,0
210000357,0,0,0
210000358,0,0,0
210000359,0,0,0
210000360,0,0,0
210000361,0,0,0
210000362,0,0,0
210000363,0,0,0
210000364,0,0,0
210000365,0,0,0
210000366,0,0,0
210000367,0,0,0
210000368,0,0,0
210000369,0,0,0
210000370,0,0,0
210000372,0,0,0
210000373,0,0,0
210000374,0,0,0
210000375,0,0,0
210000376,0,0,0
210000404,71,82,-11
210000439,0,0,0
210000472,0,0,0
210000482,0,0,0
210000564,0,0,0
210000567,0,2,-2
210000568,0,0,0
211000092,0,0,0
211000094,0,0,0
211000169,0,0,0
211000172,0,0,0
211000209,0,0,0
211000226,0,0,0
211000270,0,0,0
211000275,0,0,0
211000276,0,0,0
211000279,0,0,0
211000281,0,0,0
211000302,0,0,0
211507980,0,0,0
211977296,0,0,0
212000003,0,0,0
212000004,3,23,-20
212000005,15,11,4
212000006,15,39,-24
212000008,58,104,-46
212000009,6,78,-72
212000012,29,44,-15
212000013,8,40,-32
212000014,132,99,33
212000015,89,139,-50
212000016,257,326,-69
212000027,0,0,0
212000028,0,0,0
212000029,0,0,0
212000030,0,0,0
212000031,0,0,0
212000048,1,19,-18
212000049,16,11,5
212000050,8,3,5
212000051,59,121,-62
212000052,62,198,-136
212000053,221,274,-53
212000054,0,0,0
212000055,0,0,0
212000056,0,0,0
212000057,0,0,0
212000058,0,0,0
212000070,38,133,-95
212000077,59,395,-336
212000099,0,0,0
212000108,0,0,0
212000111,0,0,0
212000120,47,75,-28
212000138,22,24,-2
212000156,4,53,-49
212000158,0,0,0
212000159,0,0,0
212000160,0,0,0
212000161,0,0,0
212000310,3,12,-9
212000311,0,0,0
212000374,3,13,-10
213000001,6,123,-117
213000005,6,5,1
213000006,12,5,7
213000007,0,0,0
213000009,0,0,0
213000010,0,0,0
213000011,0,0,0
213000012,38,122,-84
213000014,0,0,0
213000015,0,0,0
213000016,0,0,0
213000017,0,0,0
213000018,1,65,-64
213000019,0,57,-57
213000020,12,71,-59
213000021,1,27,-26
213000023,0,0,0
213000033,32,229,-197
213000034,0,0,0
213000035,0,0,0
213000045,26,33,-7
213000046,31,20,11
213000047,166,87,79
213000056,0,0,0
213000069,0,0,0
213000073,0,3,-3
213000074,31,200,-169
213000075,0,0,0
213000076,0,0,0
213000085,0,17,-17
213000086,3,190,-187
213000091,0,0,0
213000092,0,0,0
213000099,70,232,-162
213000100,0,0,0
213000101,4,68,-64
213000102,2,125,-123
213000103,49,131,-82
213000104,34,95,-61
213000105,3,23,-20
213000106,10,87,-77
213000107,22,245,-223
213000108,9,188,-179
213000109,0,86,-86
213000110,2,16,-14
213000111,2,11,-9
213000112,82,40,42
213000115,0,0,0
213000116,23,115,-92
213000117,2,167,-165
213000118,72,58,14
213000119,15,319,-304
213000120,53,276,-223
213000122,71,230,-159
213000123,234,240,-6
213000124,18,323,-305
213000125,0,0,0
213000126,2,22,-20
213000127,14,69,-55
213000128,136,155,-19
213000129,0,0,0
213000130,0,0,0
213000132,0,0,0
213000133,0,0,0
213000134,0,0,0
213000136,0,0,0
213000137,0,0,0
213000139,0,0,0
213000147,0,0,0
213000148,0,0,0
213000149,0,0,0
213000150,1,28,-27
213000151,0,59,-59
213000152,0,25,-25
213000153,0,7,-7
213000154,1,75,-74
213000155,12,107,-95
213000156,19,152,-133
213000157,124,256,-132
213000158,45,190,-145
213000159,0,0,0
213000163,0,0,0
213000165,0,0,0
213000171,0,70,-70
213000172,0,101,-101
213000173,0,78,-78
213000174,0,94,-94
213000175,1,37,-36
213000176,0,0,0
213000177,0,0,0
213000178,0,0,0
213000179,0,0,0
213000180,0,0,0
213000184,22,78,-56
213000188,0,0,0
213000189,0,0,0
213000190,22,206,-184
213000191,5,160,-155
213000192,34,188,-154
213000193,551,69,482
213000194,0,6,-6
213000195,2,181,-179
213000196,17,393,-376
213000197,0,0,0
213000198,0,0,0
213000200,76,328,-252
213000201,39,25,14
213000202,0,303,-303
213000203,0,0,0
213000204,0,0,0
213000205,0,0,0
213000206,0,0,0
213000207,0,0,0
213000208,0,0,0
213000209,0,0,0
213000210,0,0,0
213000211,0,6,-6
213000212,0,3,-3
213000213,0,18,-18
213000218,38,306,-268
213000219,0,0,0
213000220,0,0,0
213000223,0,1,-1
213000224,0,0,0
213000225,0,0,0
213000226,0,0,0
213000227,0,0,0
213000228,0,0,0
213000229,0,0,0
213000230,0,0,0
213000232,5,211,-206
213000233,0,6,-6
213000234,1,27,-26
213000293,1,22,-21
213000294,0,0,0
213000295,1,19,-18
213000296,0,0,0
213000297,4,19,-15
213000298,7,25,-18
213000299,0,0,0
213000300,0,0,0
213000303,7,22,-15
213000304,1,4,-3
213000305,0,0,0
213000306,9,3,6
213000307,0,0,0
213000308,17,66,-49
213000309,0,0,0
213000310,0,0,0
213000311,91,169,-78
213000315,11,45,-34
213000316,0,0,0
213000322,4,34,-30
213000323,0,0,0
213000324,5,8,-3
213000325,0,0,0
213000326,0,5,-5
213000327,0,0,0
213000328,2,14,-12
213000329,0,0,0
213000340,36,419,-383
213000341,0,0,0
213000346,0,0,0
213000347,0,0,0
213000348,0,40,-40
213000349,1,5,-4
213000350,42,405,-363
213000366,4,78,-74
213000367,4,0,4
213000379,12,54,-42
213000386,1,65,-64
213000406,39,130,-91
213000417,58,19,39
213000425,0,0,0
213000426,0,0,0
213000427,2,57,-55
213000428,3,47,-44
213000429,0,1,-1
213000430,0,54,-54
213000431,12,0,12
213000432,0,1,-1
213000433,1,14,-13
213000434,0,0,0
213000435,0,0,0
213000436,0,0,0
213000437,0,0,0
213000438,0,0,0
213000439,1,0,1
213000440,0,39,-39
213000441,0,1,-1
213000442,0,0,0
213000443,3,19,-16
213000444,0,34,-34
213000445,0,13,-13
213000446,0,1,-1
213000447,0,0,0
213000448,0,0,0
213000449,0,0,0
213000450,0,0,0
213000451,0,0,0
213000452,0,0,0
213000453,10,94,-84
213000455,0,1,-1
213000456,0,28,-28
213000481,0,0,0
213000482,0,0,0
213000489,0,0,0
213000491,0,15,-15
213000492,0,0,0
213000493,0,11,-11
213000494,0,0,0
213000495,0,48,-48
213000496,0,0,0
213000497,9,113,-104
213000498,17,95,-78
213000499,13,133,-120
213000500,0,0,0
213000501,0,0,0
213000502,0,0,0
213000503,2,30,-28
213000504,13,66,-53
213000505,0,2,-2
213000506,0,6,-6
213000507,0,137,-137
213900244,0,0,0
213900245,0,16,-16
218000003,7,8,-1
218000004,2,10,-8
218000005,0,0,0
218000006,8,41,-33
218000007,1,12,-11
218000012,140,34,106
218000013,44,142,-98
218000014,286,213,73
218000019,648,287,361
218000020,241,279,-38
218000021,9,17,-8
218000022,0,9,-9
218000023,0,11,-11
218000024,0,7,-7
218000025,1,16,-15
218000026,1,14,-13
218000027,1,2,-1
218000028,1,3,-2
218000029,1,2,-1
218000030,6,12,-6
218000031,0,22,-22
218000032,0,8,-8
218000040,2,8,-6
218000046,18,112,-94
218000047,5,113,-108
218000048,18,125,-107
218000049,48,80,-32
218000050,103,133,-30
218000051,26,165,-139
218000052,0,23,-23
218000053,0,11,-11
218000054,2,16,-14
218000055,5,11,-6
218000056,9,17,-8
218000057,4,36,-32
218000064,0,0,0
218000065,0,0,0
218000066,0,0,0
218000067,8,81,-73
218000068,17,75,-58
218000069,48,172,-124
218000070,45,225,-180
218000071,134,150,-16
218000072,212,153,59
218000078,252,497,-245
218000079,22,37,-15
218000080,58,78,-20
218000081,126,129,-3
218000082,17,55,-38
218000083,8,59,-51
218000084,73,108,-35
218000085,125,271,-146
218000086,25,75,-50
218000087,87,146,-59
218000090,26,80,-54
218000091,256,202,54
218000092,45,194,-149
218000093,57,89,-32
218000094,190,654,-464
218000099,117,313,-196
218000100,114,274,-160
218000101,35,107,-72
218000102,77,136,-59
218000103,18,94,-76
218000104,9,28,-19
218000105,10,5,5
218000106,13,19,-6
218000107,17,151,-134
218000108,0,56,-56
218000112,16,6,10
218000117,0,0,0
218000134,139,319,-180
218000135,13,31,-18
218000136,41,27,14
218000137,29,77,-48
218000138,0,25,-25
218000139,18,119,-101
218000140,41,69,-28
218000141,2,12,-10
218000142,40,119,-79
218000143,6,78,-72
218000144,9,26,-17
218000145,79,147,-68
218000146,61,127,-66
218000151,8,15,-7
218000152,23,49,-26
218000153,0,0,0
218000154,1,3,-2
218000155,3,2,1
218000156,29,18,11
218000157,3,9,-6
218000158,1,8,-7
218000159,2,2,0
218000160,1,1,0
218000161,13,4,9
218000162,21,8,13
218000163,11,3,8
218000164,27,8,19
218000165,61,24,37
218000170,2,20,-18
218000171,13,6,7
218000172,2,5,-3
218000173,3,4,-1
218000174,3,9,-6
218000176,37,17,20
218000177,185,29,156
218000178,56,22,34
218000179,50,8,42
218000180,38,5,33
218000181,45,1,44
218000187,2,3,-1
218000188,6,22,-16
218000189,2,18,-16
218000190,2,11,-9
218000191,46,51,-5
218000192,47,295,-248
218000193,276,254,22
218000194,15,281,-266
218000195,92,94,-2
218000196,102,198,-96
218000197,77,157,-80
218000198,2,96,-94
218000199,23,26,-3
218000200,8,25,-17
218000201,3,14,-11
218000202,86,55,31
218000207,0,42,-42
218000208,21,16,5
218000211,8,26,-18
218000212,0,2,-2
218000213,59,21,38
218000214,9,8,1
218000215,13,40,-27
218000217,3,26,-23
218000218,74,66,8
218000219,1,8,-7
218000220,75,109,-34
218000221,94,133,-39
218000222,20,43,-23
218000223,192,59,133
218000224,4,34,-30
218000225,147,25,122
218000226,46,32,14
218000230,0,0,0
218000232,34,64,-30
218000239,0,0,0
218000240,0,0,0
218000241,0,0,0
218000242,0,0,0
218000243,0,0,0
218000244,0,0,0
218000245,0,0,0
218000246,0,0,0
218000247,0,0,0
218000248,0,6,-6
218000249,0,1,-1
218000250,0,6,-6
218000251,0,2,-2
218000252,1,18,-17
218000253,1,1,0
218000254,0,1,-1
218000255,0,4,-4
218000256,0,7,-7
218000267,76,601,-525
218000268,4,54,-50
218000269,0,10,-10
218000270,31,151,-120
218000271,59,237,-178
218000273,0,0,0
218000274,0,0,0
218000275,25,40,-15
218000276,10,91,-81
218000278,36,41,-5
218000279,23,54,-31
218000280,10,26,-16
218000281,5,19,-14
218000282,56,33,23
218000284,0,0,0
218000301,11,55,-44
218000302,18,18,0
218000303,10,19,-9
218000316,391,317,74
218000317,198,423,-225
218000318,104,355,-251
218000319,283,769,-486
218000320,275,466,-191
218000338,8,7,1
218000345,21,54,-33
218000346,0,0,0
218000459,37,118,-81
218000490,4,22,-18
218000501,1,2,-1
218000502,5,65,-60
218000503,10,3,7
218000504,17,3,14
218000505,20,102,-82
218000506,40,79,-39
218000508,0,1,-1
218000510,65,9,56
218000520,38,90,-52
218000521,0,9,-9
218000522,2,50,-48
218000523,0,2,-2
218000524,7,28,-21
218000525,3,6,-3
218000526,9,31,-22
218000529,6,29,-23
218000530,6,5,1
218000531,0,0,0
218000532,8,29,-21
218000534,0,0,0
218000537,0,0,0
218000538,26,58,-32
218000540,113,58,55
218000543,75,21,54
218000544,46,187,-141
218000545,17,18,-1
218000546,24,110,-86
218000547,23,40,-17
218000548,68,94,-26
218000549,62,50,12
218000550,129,290,-161
218000551,166,154,12
218000552,41,24,17
218000553,7,23,-16
218000554,6,10,-4
218000555,5,19,-14
218000556,73,289,-216
218000557,117,46,71
218000558,0,0,0
218000559,0,4,-4
218000560,0,1,-1
218000561,0,0,0
218000562,7,79,-72
218000563,25,6,19
218000564,2,30,-28
218000565,6,6,0
218000566,8,8,0
218000567,0,7,-7
218000568,0,0,0
218000569,4,9,-5
218000570,4,3,1
218000571,1,19,-18
218000572,0,0,0
218000573,5,8,-3
218000574,4,8,-4
218000575,0,0,0
218000576,0,7,-7
218000577,0,0,0
218000578,0,14,-14
218000579,6,0,6
218000581,0,53,-53
218000582,0,0,0
218000583,0,0,0
218000584,0,19,-19
218000585,0,1,-1
218000586,0,14,-14
218000587,0,0,0
218000588,0,0,0
218000589,0,3,-3
218000590,0,0,0
218000591,0,8,-8
218000592,0,0,0
218000593,0,0,0
218000594,0,0,0
218000597,0,0,0
218000598,0,0,0
218000599,0,0,0
218000600,0,0,0
218000601,0,0,0
218000602,1,0,1
218000603,0,2,-2
218000604,0,0,0
218000605,0,9,-9
218000606,1,0,1
218000607,1,7,-6
218000608,2,0,2
218000609,1,14,-13
218000610,2,0,2
218000611,0,1,-1
218000612,0,7,-7
218000613,1,0,1
218000614,0,10,-10
218000615,1,0,1
218000616,0,52,-52
218000617,0,1,-1
218000618,1,8,-7
218000619,4,3,1
218000620,0,3,-3
218000621,0,1,-1
218000622,0,0,0
218000623,0,1,-1
218000624,0,2,-2
218000625,1,1,0
218000626,0,5,-5
218000628,19,7,12
218000631,0,0,0
218000632,0,13,-13
218000633,0,0,0
218000634,3,3,0
218000635,3,8,-5
218000636,291,611,-320
218000637,181,265,-84
218000638,0,0,0
218000639,7,291,-284
218000640,0,0,0
218000641,10,221,-211
218000652,40,55,-15
218000653,115,85,30
218000663,0,10,-10
218000675,3,9,-6
218000676,0,12,-12
218000677,5,5,0
218000680,18,53,-35
218000681,0,0,0
218000691,16,67,-51
218000693,0,0,0
218000703,3,18,-15
218000718,44,123,-79
218000719,9,19,-10
218000720,1,9,-8
218000721,1,0,1
218000725,0,1,-1
218001147,3,144,-141
218001214,4,25,-21
218001258,0,0,0
218001329,0,0,0
218001330,17,13,4
218001351,0,0,0
218001352,1,3,-2
218001353,0,0,0
218001354,0,1,-1
218001355,35,163,-128
218001356,0,5,-5
218001357,9,159,-150
218001358,0,0,0
218001361,1,1,0
218001362,6,202,-196
219000001,15,66,-51
219000002,42,77,-35
219000003,124,38,86
219000004,169,97,72
219000017,22,23,-1
219000020,31,5,26
219000022,12,1,11
219000023,29,2,27
219000029,0,49,-49
219000034,0,0,0
219000039,13,25,-12
219000040,8,32,-24
219000041,37,47,-10
219000051,0,89,-89
219000052,0,30,-30
219000053,3,143,-140
219000054,15,85,-70
219000055,18,1,17
219000056,0,1,-1
219000057,18,1,17
219000062,1,124,-123
219000063,32,14,18
219000064,1,12,-11
219000110,35,12,23
219000111,33,17,16
219000112,46,20,26
219000113,42,21,21
219000114,83,4,79
219000116,75,48,27
219000117,138,153,-15
219000118,50,159,-109
219000123,105,74,31
219000124,56,56,0
219000125,5,31,-26
219000126,25,45,-20
219000127,2,4,-2
219000128,16,138,-122
219000129,16,159,-143
219000130,1514,653,861
219000131,1394,1165,229
219000133,16,55,-39
219000134,16,26,-10
219000135,179,73,106
219000136,277,199,78
219000138,5,25,-20
219000139,6,53,-47
219000140,0,0,0
219000141,3,75,-72
219000142,1,64,-63
219000143,4,62,-58
219000145,1,10,-9
219000146,7,42,-35
219000147,0,35,-35
219000148,1,53,-52
219000149,11,106,-95
219000150,8,57,-49
219000151,1,63,-62
219000157,70,60,10
219000158,59,158,-99
219000161,82,38,44
219000163,757,197,560
219000166,49,85,-36
219000167,58,184,-126
219000168,110,5,105
219000174,0,0,0
219000175,0,0,0
219000176,0,0,0
219000177,0,0,0
219000178,0,0,0
219000179,0,0,0
219000180,4,35,-31
219000182,0,0,0
219000183,0,15,-15
219000184,0,0,0
219000185,0,79,-79
219000186,0,17,-17
219000187,0,51,-51
219000189,83,156,-73
219000190,159,178,-19
219000191,890,493,397
219000192,205,404,-199
219000193,348,262,86
219000195,0,32,-32
219000196,4,68,-64
219000198,9,74,-65
219000199,35,109,-74
219000200,4,117,-113
219000201,39,105,-66
219000203,9,82,-73
219000204,15,102,-87
219000205,29,119,-90
219000207,78,118,-40
219000209,35,44,-9
219000210,21,48,-27
219000213,7,104,-97
219000239,58,63,-5
219000240,47,110,-63
219000241,15,74,-59
219000242,32,77,-45
219000243,24,163,-139
219000244,3,57,-54
219000245,4,29,-25
219000246,0,0,0
219000247,0,0,0
219000248,0,0,0
219000249,0,0,0
219000250,0,0,0
219000251,0,0,0
219000252,0,0,0
219000253,0,0,0
219000255,0,0,0
219000256,0,0,0
219000257,0,0,0
219000262,45,207,-162
219000263,38,147,-109
219000267,3,131,-128
219000268,4,12,-8
219000269,0,0,0
219000270,0,0,0
219000271,84,4,80
219000278,2,14,-12
219000279,0,8,-8
219000283,0,5,-5
219000295,14,79,-65
219000296,44,300,-256
219000297,2,90,-88
219000298,6,132,-126
219000299,0,0,0
219000300,10,241,-231
219000301,56,196,-140
219000302,11,126,-115
219000307,38,69,-31
219000308,68,48,20
219000311,0,0,0
219000312,0,0,0
219000313,0,0,0
219000314,98,345,-247
219000315,0,0,0
219000316,0,0,0
219000317,0,0,0
219000320,1,23,-22
219000321,1,16,-15
219000323,1,40,-39
219000325,0,28,-28
219000326,40,116,-76
219000327,34,21,13
219000328,14,34,-20
219000329,363,168,195
219000330,15,52,-37
219000331,36,42,-6
219000332,0,0,0
219000333,0,0,0
219000335,0,0,0
219000337,0,0,0
219000338,0,0,0
219000344,34,69,-35
219000345,72,91,-19
219000346,20,140,-120
219000348,30,117,-87
219000349,21,140,-119
219000350,11,84,-73
219000351,0,5,-5
219000352,69,41,28
219000353,42,64,-22
219000354,58,161,-103
219000355,47,5,42
219000356,818,333,485
219000363,195,53,142
219000364,118,50,68
219000365,95,4,91
219000366,455,113,342
219000368,197,61,136
219000370,291,129,162
219000371,6,12,-6
219000382,10,28,-18
219000383,413,311,102
219000385,440,326,114
219000386,550,795,-245
219000387,0,2,-2
219000390,0,0,0
219000391,0,0,0
219000397,50,89,-39
219000398,76,47,29
219000401,6,25,-19
219000402,3,19,-16
219000403,8,48,-40
219000404,5,11,-6
219000407,0,21,-21
219000409,0,0,0
219000410,0,0,0
219000411,0,0,0
219000446,112,320,-208
219000447,0,14,-14
219000448,0,0,0
219000452,0,0,0
219000453,23,40,-17
219000454,106,70,36
219000556,0,0,0
219000558,53,135,-82
219000590,11,59,-48
219000591,0,0,0
219000592,50,270,-220
219000595,1,15,-14
219000635,0,0,0
219000636,11,109,-98
219000657,11,8,3
219000658,10,21,-11
219000673,0,22,-22
219000676,0,2,-2
219000679,12,23,-11
219000684,17,1,16
219000685,1,46,-45
219000686,0,0,0
219000688,2,103,-101
219000689,67,56,11
219000690,0,0,0
219000691,7,19,-12
219000692,2,22,-20
219000693,0,23,-23
219000694,0,0,0
219000695,0,0,0
219000698,0,0,0
219000699,0,13,-13
219000727,2,127,-125
219000728,24,3,21
219000770,0,0,0
219000771,0,21,-21
219000788,104,45,59
219001150,1,6,-5
219001151,0,3,-3
219001166,0,0,0
219001167,4,23,-19
219001178,34,1,33
220000001,1,7,-6
220000002,9,48,-39
220000003,161,163,-2
220000004,151,277,-126
220000005,645,658,-13
220000006,88,426,-338
220000007,178,515,-337
220000008,116,620,-504
220000009,131,274,-143
220000010,35,43,-8
220000011,135,75,60
220000012,3,19,-16
220000014,1,22,-21
220000015,0,0,0
220000017,4,58,-54
220000018,219,146,73
220000019,22,95,-73
220000020,65,102,-37
220000021,169,83,86
220000022,177,282,-105
220000023,75,134,-59
220000024,525,279,246
220000025,148,249,-101
220000026,115,64,51
220000027,7,26,-19
220000028,21,42,-21
220000029,32,73,-41
220000030,25,58,-33
220000031,25,92,-67
220000064,0,0,0
221000046,4,0,4
221000047,0,0,0
221000048,0,1,-1
221000049,0,3,-3
221000050,0,0,0
221000055,19,29,-10
221000057,30,3,27
221000068,83,31,52
221000069,34,10,24
221000070,53,6,47
221000071,4,2,2
221000072,45,4,41
221000073,5,28,-23
221000074,0,13,-13
221000075,2,18,-16
221000076,4,30,-26
221000077,9,66,-57
221000081,0,0,0
221000082,8,1,7
221000083,1,0,1
221000084,0,0,0
221000085,11,58,-47
221000086,18,104,-86
221000087,4,115,-111
221000088,13,93,-80
221000089,29,132,-103
221000090,174,233,-59
221000098,11,5,6
221000099,26,8,18
221000100,7,3,4
221000101,35,5,30
221000102,21,5,16
221000109,10,77,-67
221000110,5,123,-118
221000111,8,102,-94
221000112,3,102,-99
221000113,5,120,-115
221000114,13,142,-129
221000120,1,5,-4
221000121,0,0,0
221000122,0,0,0
221000123,0,4,-4
221000124,1,30,-29
221000155,0,0,0
221000156,0,0,0
221000175,0,0,0
221000176,0,0,0
221000182,20,0,20
221000241,260,42,218
221000242,342,213,129
221000243,112,47,65
221000244,71,153,-82
221000245,21,51,-30
221000246,19,97,-78
221000247,8,43,-35
221000248,13,76,-63
221000267,4,187,-183
221000325,2,3,-1
221000331,0,4,-4
221000338,0,0,0
221000378,0,0,0
221000381,4,9,-5
222000282,0,0,0
222000296,0,0,0
222000568,0,0,0
222000569,0,0,0
222000570,0,0,0
222000571,0,0,0
222000577,1,35,-34
222000578,0,27,-27
222000579,7,6,1
222000580,18,77,-59
222000599,0,23,-23
222000600,1,25,-24
222000601,2,73,-71
222000603,2,0,2
222000604,0,1,-1
222000605,0,0,0
222000606,0,0,0
222000607,0,0,0
222000608,0,0,0
222000609,0,3,-3
222000616,0,0,0
222000617,0,0,0
222000618,0,0,0
222000620,0,0,0
222000621,0,0,0
222000623,0,0,0
222000624,0,0,0
222000625,0,7,-7
222000636,0,0,0
222000686,0,0,0
222000687,0,0,0
222001066,0,0,0
222001067,0,0,0
222001068,0,0,0
222001069,0,0,0
222001082,0,12,-12
222001083,1,10,-9
222001084,0,4,-4
222001085,0,21,-21
222001111,0,60,-60
222001112,0,0,0
222001313,0,0,0
222001314,0,4,-4
222001464,0,0,0
222001465,0,0,0
222001484,0,0,0
222001485,1,0,1
222001494,0,0,0
222001495,0,0,0
222001496,0,0,0
222001497,0,0,0
222001502,12,96,-84
222001503,0,0,0
222001504,4,97,-93
222001505,0,0,0
222001506,10,136,-126
222001507,0,0,0
222001510,0,0,0
222001511,25,129,-104
222001514,0,0,0
222001515,57,243,-186
222001518,0,0,0
222001519,8,155,-147
222001527,0,0,0
222001528,6,61,-55
222001529,0,0,0
222001530,16,94,-78
222001533,70,251,-181
222001534,0,0,0
222001535,0,0,0
222001536,0,0,0
222001537,0,0,0
222001538,11,153,-142
222001563,0,0,0
222001564,12,309,-297
222001568,0,28,-28
222001576,0,0,0
222001579,0,0,0
222001583,0,2,-2
222001584,0,0,0
222001596,17,346,-329
222001597,0,0,0
222001626,0,23,-23
222001650,0,5,-5
222001651,0,1,-1
222001914,0,0,0
222001915,4,58,-54
222001968,0,0,0
222001969,0,0,0
222001970,0,0,0
222001971,0,0,0
222001972,0,3,-3
225000001,41,6,35
225000002,18,4,14
225000003,21,1,20
225000004,23,11,12
225000005,3,2,1
225000006,0,73,-73
225000007,1290,392,898
225000010,67,1,66
225000011,0,0,0
225000012,0,0,0
225000013,0,0,0
225000014,0,0,0
225000015,41,93,-52
225000021,0,0,0
225000027,69,234,-165
225000032,0,0,0
225000042,23,350,-327
225000049,24,39,-15
225000050,35,1,34
225000053,3,161,-158
225000058,0,0,0
225000067,41,149,-108
225000068,26,280,-254
225000069,58,265,-207
225000070,57,209,-152
225000071,9,149,-140
225000075,15,322,-307
225000076,40,47,-7
225000078,0,0,0
225000085,0,0,0
225000086,0,0,0
225000087,0,0,0
225000088,1,75,-74
225000089,470,258,212
225000090,7,103,-96
225000091,16,75,-59
225000092,5,37,-32
225000093,33,234,-201
225000094,5,235,-230
225000095,190,299,-109
225000096,54,139,-85
225000098,17,6,11
225000099,18,4,14
225000100,16,2,14
225000104,19,191,-172
225000110,3,139,-136
225000111,50,435,-385
225000112,53,442,-389
225000113,30,250,-220
225000114,23,113,-90
225000115,894,154,740
225000116,0,0,0
225000117,0,0,0
225000118,0,0,0
225000119,0,0,0
225000120,0,0,0
225000121,0,0,0
225000123,0,0,0
225000125,12,55,-43
225000126,277,6,271
225000127,363,27,336
225000128,35,17,18
225000132,62,18,44
225000133,57,15,42
225000134,201,17,184
225000135,28,5,23
225000136,40,2,38
225000137,23,13,10
225000138,103,2,101
225000143,15,84,-69
225000144,1,201,-200
225000145,0,0,0
225000146,4,92,-88
225000147,13,182,-169
225000148,0,107,-107
225000149,62,270,-208
225000151,22,115,-93
225000155,82,117,-35
225000156,47,166,-119
225000157,41,127,-86
225000158,25,214,-189
225000171,0,92,-92
225000180,14,1,13
225000181,0,20,-20
225000182,0,0,0
225000185,3,126,-123
225000187,23,133,-110
225000191,1,2,-1
225000194,1,32,-31
225000208,0,28,-28
225000209,0,0,0
225000210,3,81,-78
225000217,1,14,-13
225000218,0,0,0
225000223,1,28,-27
225000224,0,0,0
225000225,0,2,-2
225000226,0,0,0
225000227,27,42,-15
225000228,0,0,0
225000229,0,38,-38
225000230,0,0,0
225000231,1,84,-83
225000232,0,0,0
225000241,0,0,0
225000242,2,53,-51
225000249,0,1,-1
225000250,25,332,-307
225000251,109,5,104
226000042,80,184,-104
226000043,8,112,-104
226000044,68,377,-309
226000045,29,298,-269
226000046,89,11,78
226000047,83,35,48
226000048,109,37,72
226000049,77,33,44
226000070,0,38,-38
226000071,0,32,-32
226000072,0,4,-4
226000073,1,4,-3
226000074,0,7,-7
226000084,2,30,-28
226000085,0,3,-3
226000086,3,3,0
226000087,0,3,-3
226000088,4,3,1
226000090,8,6,2
226000091,1,0,1
226000092,2,0,2
226000093,1,0,1
226000094,2,2,0
226000095,7,0,7
226000105,1,0,1
226000106,2,0,2
226000107,1,0,1
226000108,3,0,3
226000109,7,0,7
226000124,83,11,72
226000134,205,116,89
226000135,249,240,9
226000136,61,81,-20
226000137,3,180,-177
226000138,5,122,-117
226000139,0,12,-12
226000156,7,1,6
226000157,43,0,43
226000163,20,28,-8
226000202,1,169,-168
226000231,61,5,56
226000232,3,0,3
227000033,0,0,0
227000036,0,0,0
227000037,0,0,0
227000038,0,0,0
227000049,0,5,-5
227000050,1,54,-53
227000055,0,0,0
227000056,0,0,0
227000084,0,19,-19
227000085,0,11,-11
227000088,0,0,0
227000089,0,0,0
227000090,0,0,0
227000091,0,0,0
227000093,0,0,0
227000094,0,0,0
227000130,13,53,-40
227000131,10,141,-131
227000132,5,134,-129
227000133,6,181,-175
227000134,8,225,-217
227000152,0,2,-2
227000153,0,27,-27
227000155,0,10,-10
227000156,0,10,-10
227000165,0,15,-15
227000196,34,132,-98
227000199,15,240,-225
227000230,28,162,-134
227000232,0,0,0
227000242,57,273,-216
227000243,0,0,0
227000245,16,351,-335
227000246,48,386,-338
227000247,0,0,0
227000248,0,0,0
227000249,8,190,-182
227000250,20,2,18
227000251,130,246,-116
227000252,18,307,-289
227000253,0,0,0
227000262,0,0,0
227000266,0,0,0
227000267,37,850,-813
227000282,26,93,-67
227000284,0,0,0
227000286,19,36,-17
227000287,30,63,-33
227000291,47,234,-187
227000484,0,0,0
227000485,22,409,-387
227000655,0,0,0
227000656,0,0,0
227000657,0,0,0
227000661,0,0,0
227000680,0,0,0
229000265,3,7,-4
229000296,1,2,-1
229000297,5,9,-4
229000298,10,41,-31
229000320,1,0,1
229000321,1,0,1
229000412,0,18,-18
229000414,0,14,-14
229000415,0,0,0
229000416,0,2,-2
229000417,0,0,0
229000419,12,76,-64
229000440,23,8,15
229000442,0,1,-1
229000443,0,1,-1
229000444,0,12,-12
229000445,2,1,1
229000446,0,1,-1
229000491,0,7,-7
229000492,6,10,-4
229000493,1,8,-7
229000494,17,20,-3
229000495,61,57,4
229000496,14,59,-45
229000507,0,1,-1
229000508,1,0,1
229000509,0,1,-1
229000510,0,0,0
229000511,1,3,-2
229000512,0,2,-2
229000513,0,0,0
229000514,0,0,0
229000517,0,0,0
229000518,2,5,-3
229000519,0,0,0
229000520,2,6,-4
229000521,17,16,1
229000522,2,3,-1
229000523,3,6,-3
229000524,1,22,-21
229000527,2,3,-1
229000528,0,5,-5
229000529,6,0,6
229000530,27,14,13
229000531,9,13,-4
229000532,29,4,25
229000533,81,34,47
229000534,40,15,25
229000564,40,6,34
229000565,3,26,-23
229000566,0,0,0
229000567,0,3,-3
229000582,121,6,115
229000583,4,6,-2
229000584,0,0,0
229000585,4,1,3
229000718,0,0,0
229000719,0,0,0
229000720,0,0,0
229000721,0,1,-1
229000722,0,0,0
229000723,0,0,0
229000724,0,0,0
229000725,0,0,0
229000738,3,1,2
229000739,1,0,1
229000740,3,0,3
229000741,19,0,19
229000742,13,0,13
229000743,45,1,44
229000744,0,1,-1
229000745,4,0,4
229000746,42,0,42
229000847,38,1,37
229000848,29,0,29
229000849,266,4,262
229000851,7,0,7
229000854,0,25,-25
229000856,1,63,-62
229000857,0,23,-23
229000858,1,64,-63
229000919,4,90,-86
229000930,2,106,-104
229000937,203,30,173
229000966,68,21,47
229000981,8,48,-40
229000985,0,2,-2
229000986,0,2,-2
229000987,0,0,0
229000988,0,1,-1
229000989,2,0,2
229000990,0,0,0
229000991,0,0,0
229000992,2,0,2
229000993,11,1,10
229000998,4,6,-2
229000999,1,0,1
229001034,0,2,-2
229001035,0,2,-2
229001037,1,18,-17
229001042,1,0,1
229001047,0,9,-9
229001050,0,15,-15
229001168,0,0,0
229001200,0,0,0
229001338,1,3,-2
229001394,270,5,265
229001422,318,20,298
229001423,14,114,-100
229001431,201,38,163
229001432,13,53,-40
229001444,10,8,2
229001445,3,82,-79
229001479,5,5,0
229001503,260,68,192
229001504,49,99,-50
229001505,341,71,270
229001506,52,149,-97
229001509,3,13,-10
229001545,96,9,87
229001546,7,57,-50
229001553,58,7,51
229001554,3,73,-70
229001559,0,3,-3
229001560,0,3,-3
229001630,3,0,3
229001631,1,8,-7
229001635,0,2,-2
229001636,0,0,0
229001658,1,45,-44
229001659,151,8,143
229001660,0,0,0
229001661,0,2,-2
229001662,27,7,20
229001663,0,13,-13
229002584,10,10,0
229002831,29,24,5
229002841,0,12,-12
229002842,2,2,0
229002843,0,0,0
229002844,1,20,-19
229002845,1,40,-39
229002846,2,3,-1
229002847,0,1,-1
229002848,0,0,0
229002849,1,8,-7
229002850,0,1,-1
229002851,2,29,-27
229002852,3,0,3
229002853,7,4,3
229002854,0,27,-27
229002855,0,8,-8
229002856,1,4,-3
229002857,0,14,-14
229002858,1,1,0
229002859,2,11,-9
229002860,1,0,1
229002861,0,2,-2
229002862,2,4,-2
229002863,1,23,-22
229002864,0,6,-6
229002865,1,2,-1
229002866,0,2,-2
229002867,1,3,-2
229002868,1,3,-2
229002869,0,32,-32
229002870,0,0,0
235000066,0,0,0
235000067,0,0,0
235000072,16,45,-29
235000073,21,165,-144
235000074,12,60,-48
235000080,4,34,-30
235000081,15,84,-69
235000082,0,0,0
235000083,0,0,0
235000084,0,0,0
235000085,0,0,0
235000089,0,0,0
235000092,10,105,-95
235000093,0,0,0
235000097,0,0,0
235000098,0,0,0
235000099,0,0,0
235000116,0,0,0
235000117,0,0,0
235000133,3,98,-95
235000134,3,52,-49
235000206,0,0,0
235000207,0,0,0
235000208,0,0,0
235000209,0,0,0
235000210,0,0,0
235000212,2,9,-7
235000213,0,3,-3
235000220,0,4,-4
235000221,7,6,1
235000238,0,1,-1
235000239,0,0,0
235000242,36,11,25
235000245,584,168,416
235000246,1,50,-49
235000284,0,46,-46
235000295,0,0,0
235000305,0,0,0
235000306,0,0,0
235000307,0,0,0
235000308,0,0,0
235000309,0,0,0
235000310,0,0,0
235000311,0,3,-3
235000322,0,6,-6
235000323,0,8,-8
235000324,0,2,-2
235000325,0,3,-3
235000326,2,80,-78
235000351,2,14,-12
235000352,1,12,-11
235000353,2,9,-7
235000354,0,6,-6
235000355,0,35,-35
235000356,0,0,0
235000357,0,0,0
235000358,0,0,0
235000359,0,0,0
235000360,0,0,0
235000361,0,0,0
235000381,24,192,-168
235000382,0,0,0
235000390,0,0,0
235000391,1,0,1
235000392,0,0,0
235000393,0,0,0
235000395,0,0,0
235000396,0,0,0
235000400,0,0,0
235000401,0,140,-140
235000405,51,234,-183
235000406,13,141,-128
235000407,40,95,-55
235000409,100,131,-31
235000410,22,121,-99
235000411,1,47,-46
235000485,0,7,-7
235000486,0,0,0
235000549,0,0,0
235000550,59,106,-47
235000599,50,50,0
235000600,3,3,0
235000601,0,0,0
235000602,0,0,0
235000614,1,0,1
235000648,0,38,-38
235000649,0,0,0
235000685,0,0,0
235000815,2,17,-15
235000834,0,3,-3
235000855,0,0,0
235000862,13,138,-125
235000891,0,11,-11
235000892,0,3,-3
235000901,84,77,7
235000907,1,0,1
235001010,0,0,0
235001029,338,240,98
235001030,0,0,0
235001078,0,0,0
235001079,31,57,-26
235001147,0,0,0
235001166,0,0,0
235001167,5,55,-50
235001169,0,134,-134
235001188,0,2,-2
235001189,0,0,0
235001197,1,15,-14
235001200,10,34,-24
235001207,0,0,0
235001210,15,205,-190
235001215,16,123,-107
235001239,0,31,-31
235001244,0,0,0
235016267,0,8,-8
277101746,0,21,-21
277102712,0,0,0
277103813,1,0,1
277103814,0,1,-1
277103898,0,3,-3
277104249,0,0,0
277104250,0,0,0
277104251,0,3,-3
277104252,0,0,0
990011530,0,111,-111
990014944,0,252,-252
990015176,1,1,0
990015618,1,45,-44
990016032,0,74,-74
990032570,1,21,-20
990070001,0,1,-1
990070103,0,0,0
990070601,0,12,-12
990070751,0,0,0
990070766,0,108,-108
990071180,0,34,-34
990071343,0,1,-1
990071387,0,1,-1
990071823,0,2,-2
990072600,0,307,-307
990072964,1,147,-146
990073285,0,0,0
990074393,0,223,-223
990074870,16,14,2
990075106,0,1,-1
990075746,0,1,-1
990076437,0,2,-2
990076458,0,346,-346
997000007,0,0,0
997000041,1,73,-72
997000058,0,2,-2
997000062,0,0,0
997000069,0,11,-11
997000070,0,35,-35
997000100,0,0,0
997000141,0,0,0
997000198,0,0,0
998000475,0,6,-6
998000736,0,51,-51
998000965,0,0,0
998001031,0,29,-29
998001700,0,23,-23
998001899,0,2,-2
998001900,24,1,23
998003073,0,0,0
998101900,0,0,0
998102850,0,1,-1
998501927,2,144,-142
998501929,11,4,7
998501930,9,0,9
998501931,3,2,1
998501932,13,0,13
998501933,0,0,0
998501937,0,0,0
998501944,1,0,1
998501950,0,8,-8
998501970,1,1,0
998501971,0,71,-71
998501973,0,20,-20
998501974,1,83,-82
998501975,0,0,0
998501976,6,0,6
998501977,0,8,-8
998501978,0,0,0
998501979,0,12,-12
998501980,0,0,0
998501981,0,0,0
998501982,0,109,-109
998501983,0,2,-2
998502006,0,0,0
998502024,0,3,-3
998502032,0,0,0
998502062,1,0,1
998502063,0,0,0
998502173,0,0,0
998502269,0,1,-1
998502546,0,15,-15
998502578,0,0,0
998502599,0,8,-8
998601159,0,23,-23
998601292,0,2,-2
999033574,2,278,-276
999800001,0,0,0
999800002,0,2,-2
999800003,0,4,-4
999800004,0,8,-8
999800005,0,7,-7
