dong,insum,outsum,diff
강남구 개포1동,47,121,-74
강남구 개포2동,1129,3408,-2279
강남구 개포4동,133,512,-379
강남구 논현1동,8412,5543,2869
강남구 논현2동,2173,2100,73
강남구 대치1동,3630,2755,875
강남구 대치2동,5817,3951,1866
강남구 대치4동,4208,2962,1246
강남구 도곡1동,2606,2648,-42
강남구 도곡2동,902,809,93
강남구 삼성1동,4144,3167,977
강남구 삼성2동,2337,2743,-406
강남구 세곡동,1436,4049,-2613
강남구 수서동,2675,1319,1356
강남구 신사동,4037,2673,1364
강남구 압구정동,7202,5651,1551
강남구 역삼1동,18241,9624,8617
강남구 역삼2동,2675,3299,-624
강남구 일원1동,226,286,-60
강남구 일원2동,68,86,-18
강남구 일원본동,1002,2267,-1265
강남구 청담동,4781,4438,343
강동구 강일동,492,4292,-3800
강동구 고덕제1동,392,1085,-693
강동구 고덕제2동,832,1103,-271
강동구 길동,1648,1836,-188
강동구 둔촌제1동,2,14,-12
강동구 둔촌제2동,1092,1997,-905
강동구 명일제1동,1620,2741,-1121
강동구 명일제2동,973,1277,-304
강동구 상일동,2502,4133,-1631
강동구 성내제1동,1215,2237,-1022
강동구 성내제2동,2142,3481,-1339
강동구 성내제3동,1438,2216,-778
강동구 암사제1동,605,2247,-1642
강동구 암사제2동,13,0,13
강동구 암사제3동,0,0,0
강동구 천호제1동,545,1241,-696
강동구 천호제2동,2944,2476,468
강동구 천호제3동,1344,569,775
강북구 미아동,1669,3464,-1795
강북구 번1동,7416,10786,-3370
강북구 번2동,475,1915,-1440
강북구 번3동,581,2913,-2332
강북구 삼각산동,600,2024,-1424
강북구 삼양동,969,3748,-2779
강북구 송중동,9656,12813,-3157
강북구 송천동,2168,3277,-1109
강북구 수유1동,664,2739,-2075
강북구 수유2동,818,3613,-2795
강북구 수유3동,4336,3096,1240
강북구 우이동,511,2839,-2328
강북구 월곡제1동,9,33,-24
강북구 인수동,534,3924,-3390
강서구 가양제1동,1542,1748,-206
강서구 가양제2동,226,596,-370
강서구 가양제3동,83,472,-389
강서구 공항동,1316,2294,-978
강서구 등촌제1동,1712,4021,-2309
강서구 등촌제2동,640,1656,-1016
강서구 등촌제3동,1635,3486,-1851
강서구 발산제1동,2461,3098,-637
강서구 방화제1동,1252,2567,-1315
강서구 방화제2동,1038,639,399
강서구 방화제3동,7,501,-494
강서구 염창동,326,811,-485
강서구 우장산동,1750,2999,-1249
강서구 화곡본동,466,805,-339
강서구 화곡제1동,3565,7028,-3463
강서구 화곡제2동,114,816,-702
강서구 화곡제3동,1448,1787,-339
강서구 화곡제4동,567,1253,-686
강서구 화곡제6동,2109,2868,-759
강서구 화곡제8동,1405,1310,95
관악구 낙성대동,2714,2533,181
관악구 난곡동,474,2915,-2441
관악구 난향동,394,1957,-1563
관악구 남현동,4466,4469,-3
관악구 대학동,1530,2920,-1390
관악구 미성동,1013,3317,-2304
관악구 보라매동,917,1558,-641
관악구 삼성동,1152,4540,-3388
관악구 서림동,704,2877,-2173
관악구 서원동,3418,2304,1114
관악구 성현동,159,738,-579
관악구 신림동,6151,6953,-802
관악구 신사동,1167,2947,-1780
관악구 신원동,50,249,-199
관악구 은천동,985,3489,-2504
관악구 인헌동,248,508,-260
관악구 조원동,2332,2569,-237
관악구 중앙동,4341,1692,2649
관악구 청룡동,3068,1433,1635
관악구 청림동,54,386,-332
관악구 행운동,4177,3965,212
광진구 광장동,917,880,37
광진구 구의제1동,1407,2001,-594
광진구 구의제2동,1125,2205,-1080
광진구 구의제3동,413,257,156
광진구 군자동,2573,4228,-1655
광진구 능동,3588,2236,1352
광진구 자양제1동,568,625,-57
광진구 자양제2동,321,2123,-1802
광진구 자양제3동,347,492,-145
광진구 자양제4동,2859,2876,-17
광진구 중곡제1동,1712,2214,-502
광진구 중곡제2동,751,1523,-772
광진구 중곡제3동,635,1688,-1053
광진구 중곡제4동,322,598,-276
광진구 화양동,5784,3584,2200
구로구 가리봉동,842,1597,-755
구로구 개봉제1동,1737,3221,-1484
구로구 개봉제2동,1649,2413,-764
구로구 개봉제3동,118,663,-545
구로구 고척제1동,1675,3014,-1339
구로구 고척제2동,740,3012,-2272
구로구 구로제1동,545,1460,-915
구로구 구로제2동,3374,3847,-473
구로구 구로제3동,4211,2636,1575
구로구 구로제4동,690,1219,-529
구로구 구로제5동,1809,1221,588
구로구 수궁동,1280,1902,-622
구로구 신도림동,7048,2546,4502
구로구 오류제1동,961,1522,-561
구로구 오류제2동,162,485,-323
구로구 항동,93,854,-761
금천구 가산동,2219,3433,-1214
금천구 독산제1동,1999,4934,-2935
금천구 독산제2동,771,2569,-1798
금천구 독산제3동,1414,3047,-1633
금천구 독산제4동,610,721,-111
금천구 미성동,5,52,-47
금천구 시흥제1동,2262,5272,-3010
금천구 시흥제2동,296,1336,-1040
금천구 시흥제3동,514,1210,-696
금천구 시흥제4동,46,580,-534
금천구 시흥제5동,480,2319,-1839
노원구 공릉1동,4151,3273,878
노원구 공릉2동,1344,2279,-935
노원구 상계10동,1865,1371,494
노원구 상계1동,1303,2466,-1163
노원구 상계2동,3296,1803,1493
노원구 상계3.4동,47,1528,-1481
노원구 상계5동,651,1296,-645
노원구 상계6.7동,2770,3283,-513
노원구 상계8동,295,1159,-864
노원구 상계9동,527,1112,-585
노원구 월계1동,4128,4339,-211
노원구 월계2동,491,2420,-1929
노원구 월계3동,635,1952,-1317
노원구 중계1동,761,1710,-949
노원구 중계2.3동,1642,2811,-1169
노원구 중계4동,747,1272,-525
노원구 중계본동,512,2554,-2042
노원구 하계1동,1931,3556,-1625
노원구 하계2동,1611,2634,-1023
도봉구 도봉제1동,1399,2334,-935
도봉구 도봉제2동,3171,4032,-861
도봉구 방학제1동,2486,4890,-2404
도봉구 방학제2동,234,2368,-2134
도봉구 방학제3동,477,2121,-1644
도봉구 쌍문제1동,464,3252,-2788
도봉구 쌍문제2동,1269,2041,-772
도봉구 쌍문제3동,551,421,130
도봉구 쌍문제4동,240,1734,-1494
도봉구 창제1동,3404,3637,-233
도봉구 창제2동,625,2993,-2368
도봉구 창제3동,771,2298,-1527
도봉구 창제4동,2272,1727,545
도봉구 창제5동,2708,4480,-1772
동대문구 답십리제1동,1100,1990,-890
동대문구 답십리제2동,1179,2102,-923
동대문구 면목제5동,6,4,2
동대문구 용신동,8866,9986,-1120
동대문구 이문제1동,1235,2921,-1686
동대문구 이문제2동,347,1200,-853
동대문구 장안제1동,2346,2744,-398
동대문구 장안제2동,1272,2840,-1568
동대문구 전농제1동,2028,3426,-1398
동대문구 전농제2동,805,1526,-721
동대문구 제기동,3654,4543,-889
동대문구 청량리동,4840,4189,651
동대문구 회기동,847,1032,-185
동대문구 휘경제1동,1891,2377,-486
동대문구 휘경제2동,2204,3859,-1655
동작구 노량진제1동,5970,4764,1206
동작구 노량진제2동,2861,2651,210
동작구 대방동,1866,2386,-520
동작구 사당제1동,4822,4220,602
동작구 사당제2동,3376,3720,-344
동작구 사당제3동,50,582,-532
동작구 사당제4동,13,31,-18
동작구 사당제5동,65,601,-536
동작구 상도제1동,2002,3303,-1301
동작구 상도제2동,1007,2083,-1076
동작구 상도제3동,522,1230,-708
동작구 상도제4동,245,1355,-1110
동작구 신대방제1동,284,346,-62
동작구 신대방제2동,1396,2069,-673
동작구 흑석동,2466,4394,-1928
마포구 공덕동,1488,1735,-247
마포구 대흥동,1914,2323,-409
마포구 도화동,1222,725,497
마포구 망원제1동,488,1416,-928
마포구 망원제2동,542,1227,-685
마포구 상암동,3789,5213,-1424
마포구 서강동,707,857,-150
마포구 서교동,16689,6151,10538
마포구 성산제1동,720,2279,-1559
마포구 성산제2동,1421,4340,-2919
마포구 신수동,175,397,-222
마포구 아현동,3490,3009,481
마포구 연남동,205,445,-240
마포구 염리동,264,307,-43
마포구 용강동,2288,1899,389
마포구 합정동,3120,2246,874
서대문구 남가좌제1동,1376,2425,-1049
서대문구 남가좌제2동,710,3872,-3162
서대문구 북가좌제1동,643,1768,-1125
서대문구 북가좌제2동,1175,3334,-2159
서대문구 북아현동,1338,2309,-971
서대문구 신촌동,12648,9690,2958
서대문구 연희동,5830,10487,-4657
서대문구 천연동,1817,2154,-337
서대문구 충현동,3291,4900,-1609
서대문구 홍은제1동,1495,3335,-1840
서대문구 홍은제2동,1305,4245,-2940
서대문구 홍제제1동,965,1124,-159
서대문구 홍제제2동,2721,5029,-2308
서대문구 홍제제3동,527,1350,-823
서초구 내곡동,656,1738,-1082
서초구 반포1동,5061,4241,820
서초구 반포2동,1012,1125,-113
서초구 반포3동,4812,2254,2558
서초구 반포4동,4142,1754,2388
서초구 반포본동,2578,2765,-187
서초구 방배1동,1556,1098,458
서초구 방배2동,1215,930,285
서초구 방배3동,788,1189,-401
서초구 방배4동,1651,1469,182
서초구 방배본동,754,837,-83
서초구 서초1동,2206,1244,962
서초구 서초2동,6557,6287,270
서초구 서초3동,2950,2484,466
서초구 서초4동,8310,4028,4282
서초구 양재1동,5430,6347,-917
서초구 양재2동,1867,4196,-2329
서초구 잠원동,3607,5612,-2005
성동구 금호1가동,222,569,-347
성동구 금호2.3가동,409,381,28
성동구 금호4가동,551,801,-250
성동구 마장동,432,673,-241
성동구 사근동,778,193,585
성동구 성수1가제1동,339,761,-422
성동구 성수1가제2동,853,701,152
성동구 성수2가제1동,182,991,-809
성동구 성수2가제3동,1838,1108,730
성동구 송정동,82,151,-69
성동구 옥수동,400,635,-235
성동구 왕십리도선동,2485,1001,1484
성동구 왕십리제2동,847,1419,-572
성동구 용답동,1685,1748,-63
성동구 응봉동,241,833,-592
성동구 행당제1동,2359,1082,1277
성동구 행당제2동,859,1130,-271
성북구 길음제1동,3216,4496,-1280
성북구 길음제2동,1847,4514,-2667
성북구 돈암제1동,2292,4488,-2196
성북구 돈암제2동,117,1854,-1737
성북구 동선동,9692,7628,2064
성북구 보문동,1314,2010,-696
성북구 삼선동,10561,7648,2913
성북구 석관동,955,3026,-2071
성북구 성북동,1740,1664,76
성북구 안암동,1562,868,694
성북구 월곡제1동,1799,2979,-1180
성북구 월곡제2동,1320,2147,-827
성북구 장위제1동,401,3666,-3265
성북구 장위제2동,929,2354,-1425
성북구 장위제3동,682,1605,-923
성북구 정릉제1동,998,2735,-1737
성북구 정릉제2동,1256,4048,-2792
성북구 정릉제3동,890,2023,-1133
성북구 정릉제4동,546,4763,-4217
성북구 종암동,2815,5040,-2225
송파구 가락1동,281,326,-45
송파구 가락2동,1198,2563,-1365
송파구 가락본동,3933,5384,-1451
송파구 거여1동,439,844,-405
송파구 거여2동,102,488,-386
송파구 마천1동,210,1364,-1154
송파구 마천2동,530,2649,-2119
송파구 문정1동,384,1752,-1368
송파구 문정2동,5200,6755,-1555
송파구 방이1동,574,1232,-658
송파구 방이2동,2653,2589,64
송파구 삼전동,1973,2782,-809
송파구 석촌동,4174,7217,-3043
송파구 송파1동,2366,2765,-399
송파구 송파2동,491,699,-208
송파구 오금동,1192,3031,-1839
송파구 오륜동,1005,1111,-106
송파구 위례동,1103,4814,-3711
송파구 잠실2동,1145,685,460
송파구 잠실3동,7861,4233,3628
송파구 잠실4동,96,254,-158
송파구 잠실6동,3034,1465,1569
송파구 잠실7동,1633,1312,321
송파구 잠실본동,5629,5364,265
송파구 장지동,712,1744,-1032
송파구 풍납1동,875,949,-74
송파구 풍납2동,603,1680,-1077
양천구 목1동,4202,3382,820
양천구 목2동,3274,4440,-1166
양천구 목3동,1582,3272,-1690
양천구 목4동,1317,2858,-1541
양천구 목5동,1143,2157,-1014
양천구 신월1동,335,1047,-712
양천구 신월2동,506,1819,-1313
양천구 신월3동,495,920,-425
양천구 신월4동,772,2472,-1700
양천구 신월5동,500,1705,-1205
양천구 신월6동,225,639,-414
양천구 신월7동,887,3347,-2460
양천구 신정1동,490,613,-123
양천구 신정2동,294,331,-37
양천구 신정3동,2197,5776,-3579
양천구 신정4동,2702,4021,-1319
양천구 신정6동,335,473,-138
양천구 신정7동,664,1469,-805
영등포구 당산제1동,1562,1029,533
영등포구 당산제2동,4703,2879,1824
영등포구 대림제1동,624,1213,-589
영등포구 대림제2동,344,747,-403
영등포구 대림제3동,733,1172,-439
영등포구 도림동,325,1405,-1080
영등포구 문래동,1771,2339,-568
영등포구 신길제1동,433,862,-429
영등포구 신길제3동,472,1485,-1013
영등포구 신길제4동,234,475,-241
영등포구 신길제5동,690,776,-86
영등포구 신길제6동,834,1479,-645
영등포구 신길제7동,754,1691,-937
영등포구 양평제1동,781,972,-191
영등포구 양평제2동,750,1389,-639
영등포구 여의동,6223,3564,2659
영등포구 영등포동,8879,6283,2596
영등포구 영등포본동,2393,1786,607
용산구 남영동,4472,3548,924
용산구 보광동,521,992,-471
용산구 서빙고동,786,1296,-510
용산구 용문동,78,209,-131
용산구 용산2가동,407,1245,-838
용산구 원효로제1동,407,618,-211
용산구 원효로제2동,210,762,-552
용산구 이촌제1동,758,670,88
용산구 이촌제2동,65,175,-110
용산구 이태원제1동,1113,1355,-242
용산구 이태원제2동,512,903,-391
용산구 청파동,463,811,-348
용산구 필동,0,0,0
용산구 한강로동,6125,3764,2361
용산구 한남동,6155,5078,1077
용산구 효창동,220,475,-255
용산구 후암동,70,673,-603
은평구 갈현제1동,503,2223,-1720
은평구 갈현제2동,1613,3203,-1590
은평구 구산동,486,1638,-1152
은평구 녹번동,2672,5599,-2927
은평구 대조동,2984,7263,-4279
은평구 불광제1동,5850,6251,-401
은평구 불광제2동,1726,4337,-2611
은평구 수색동,1550,2377,-827
은평구 신사제1동,1674,3048,-1374
은평구 신사제2동,1133,2180,-1047
은평구 역촌동,1608,3099,-1491
은평구 응암제1동,1031,2206,-1175
은평구 응암제2동,383,956,-573
은평구 응암제3동,1217,2071,-854
은평구 증산동,2478,2559,-81
은평구 진관동,4484,8023,-3539
종로구 가회동,0,0,0
종로구 교남동,1024,1162,-138
종로구 무악동,3483,850,2633
종로구 부암동,582,1629,-1047
종로구 사직동,7410,4525,2885
종로구 삼청동,159,184,-25
종로구 숭인제1동,26,133,-107
종로구 숭인제2동,3321,2882,439
종로구 이화동,3411,2269,1142
종로구 종로1.2.3.4가동,29432,11796,17636
종로구 종로5.6가동,4559,4434,125
종로구 창신제1동,5255,4041,1214
종로구 창신제2동,1621,1365,256
종로구 창신제3동,301,743,-442
종로구 청운효자동,161,544,-383
종로구 충현동,383,441,-58
종로구 평창동,874,1821,-947
종로구 혜화동,5418,3261,2157
중구 광희동,7602,3366,4236
중구 다산동,606,611,-5
중구 동화동,509,349,160
중구 명동,6480,1942,4538
중구 소공동,6412,2852,3560
중구 신당동,1959,1354,605
중구 신당제5동,1208,1004,204
중구 약수동,635,842,-207
중구 을지로동,2373,570,1803
중구 장충동,526,466,60
중구 중림동,978,467,511
중구 청구동,890,627,263
중구 필동,1028,244,784
중구 황학동,611,728,-117
중구 회현동,11568,4834,6734
중랑구 망우본동,2039,3786,-1747
중랑구 망우제3동,219,1502,-1283
중랑구 면목본동,1769,4040,-2271
중랑구 면목제2동,676,1656,-980
중랑구 면목제3.8동,1569,2803,-1234
중랑구 면목제4동,1099,2072,-973
중랑구 면목제5동,820,1323,-503
중랑구 면목제7동,412,1789,-1377
중랑구 묵제1동,1837,2678,-841
중랑구 묵제2동,313,288,25
중랑구 상봉제1동,976,1431,-455
중랑구 상봉제2동,3955,4830,-875
중랑구 신내1동,1006,5720,-4714
중랑구 신내2동,1650,2186,-536
중랑구 중화제1동,1351,2110,-759
중랑구 중화제2동,1730,1843,-113
NA,77437,148743,-71306
