ID,insum,outsum,diff
100000001,0,0,0
100000002,1350,2148,-798
100000003,2043,2656,-613
100000004,193,868,-675
100000005,1215,1721,-506
100000006,62,80,-18
100000007,391,330,61
100000008,1,51,-50
100000009,28,157,-129
100000010,0,62,-62
100000011,42,69,-27
100000012,52,30,22
100000013,0,7,-7
100000014,5,17,-12
100000015,416,582,-166
100000016,64,202,-138
100000017,46,92,-46
100000018,218,191,27
100000019,386,874,-488
100000020,169,1166,-997
100000021,238,147,91
100000022,232,812,-580
100000023,564,449,115
100000025,173,675,-502
100000028,324,453,-129
100000029,1,29,-28
100000030,56,4,52
100000031,646,2315,-1669
100000032,190,1213,-1023
100000033,175,961,-786
100000034,8,147,-139
100000035,161,488,-327
100000036,245,282,-37
100000037,338,143,195
100000038,830,308,522
100000039,82,37,45
100000040,9,75,-66
100000041,333,118,215
100000042,223,69,154
100000043,106,90,16
100000044,12,19,-7
100000045,30,62,-32
100000046,118,63,55
100000047,7,35,-28
100000048,50,143,-93
100000049,167,209,-42
100000051,137,105,32
100000053,10,0,10
100000054,52,9,43
100000055,64,38,26
100000056,101,80,21
100000057,354,169,185
100000058,74,101,-27
100000059,1,68,-67
100000060,132,242,-110
100000061,463,199,264
100000062,217,202,15
100000063,234,116,118
100000064,254,146,108
100000065,132,51,81
100000066,116,45,71
100000067,76,80,-4
100000068,89,145,-56
100000069,24,195,-171
100000072,29,100,-71
100000073,237,218,19
100000075,130,34,96
100000076,606,1779,-1173
100000077,60,227,-167
100000078,6,86,-80
100000079,2,39,-37
100000080,5,89,-84
100000081,0,42,-42
100000102,784,1662,-878
100000103,384,432,-48
100000104,265,267,-2
100000105,99,347,-248
100000106,435,1629,-1194
100000107,34,564,-530
100000108,31,86,-55
100000109,463,270,193
100000116,265,377,-112
100000117,1,71,-70
100000118,1365,467,898
100000119,447,411,36
100000121,69,205,-136
100000122,115,401,-286
100000123,1607,1841,-234
100000124,697,1096,-399
100000125,349,1563,-1214
100000126,129,252,-123
100000127,322,286,36
100000128,17,453,-436
100000129,51,129,-78
100000130,339,295,44
100000131,134,241,-107
100000132,153,1103,-950
100000133,511,285,226
100000135,151,223,-72
100000139,145,249,-104
100000140,0,0,0
100000142,206,75,131
100000143,88,67,21
100000144,477,12,465
100000147,1085,3334,-2249
100000150,16,85,-69
100000151,62,742,-680
100000153,4,90,-86
100000154,2,89,-87
100000155,1,33,-32
100000156,67,99,-32
100000157,386,72,314
100000158,14,92,-78
100000159,8,286,-278
100000165,487,197,290
100000169,9,160,-151
100000174,80,91,-11
100000179,9,477,-468
100000180,30,66,-36
100000181,43,82,-39
100000188,6,31,-25
100000189,285,61,224
100000190,70,414,-344
100000191,102,231,-129
100000192,1,89,-88
100000193,44,82,-38
100000330,290,322,-32
100000355,22,65,-43
100000362,912,347,565
100000363,2320,3013,-693
100000364,238,100,138
100000365,4300,4043,257
100000366,778,539,239
100000367,2815,3246,-431
100000368,65,68,-3
100000369,128,1224,-1096
100000370,8,436,-428
100000376,11,309,-298
100000379,362,1666,-1304
100000380,1687,2544,-857
100000384,1573,2833,-1260
100000385,453,2441,-1988
100000386,912,1966,-1054
100000387,770,3907,-3137
100000388,1083,1367,-284
100000389,1556,3240,-1684
100000390,558,795,-237
100000391,1568,3941,-2373
100000392,205,634,-429
100000393,265,1934,-1669
100000394,693,1238,-545
100000395,422,1156,-734
100000396,664,629,35
100000397,406,1583,-1177
100000398,5539,1570,3969
100000413,0,0,0
100900002,0,0,0
100900003,19,55,-36
100900004,0,0,0
100900005,0,0,0
100900006,0,0,0
100900007,0,0,0
100900008,0,0,0
100900009,9,9,0
100900010,0,0,0
100900011,0,0,0
100900012,0,0,0
100900013,0,0,0
100900014,0,0,0
100900015,0,0,0
100900016,1,0,1
100900017,20,2,18
100900018,0,0,0
100900019,0,0,0
100900020,0,0,0
100900021,36,0,36
100900022,0,0,0
100900023,0,0,0
100900024,0,0,0
100900025,0,0,0
100900026,0,0,0
100900027,16,166,-150
100900028,7,6,1
100900029,0,0,0
100900030,0,0,0
100900031,143,15,128
100900032,50,0,50
100900033,0,0,0
100900034,0,0,0
100900035,0,0,0
100900036,0,0,0
100900037,0,0,0
100900038,0,0,0
100900039,18,0,18
100900040,167,0,167
100900041,89,0,89
100900042,89,158,-69
100900043,0,3,-3
100900044,25,0,25
100900045,0,0,0
100900046,57,0,57
100900047,113,6,107
100900048,0,0,0
100900049,0,0,0
100900050,0,0,0
100900051,0,2,-2
100900052,1,0,1
100900053,0,0,0
100900054,0,0,0
100900055,0,0,0
100900056,0,0,0
100900057,65,14,51
100900058,0,0,0
100900059,0,0,0
100900060,0,0,0
100900061,0,0,0
100900062,0,0,0
100900063,4,132,-128
100900064,15,0,15
100900065,0,0,0
100900066,8,0,8
100900067,0,0,0
100900068,0,0,0
100900069,2,0,2
100900070,0,0,0
100900071,0,0,0
100900072,0,0,0
100900073,0,0,0
100900074,0,0,0
100900075,1,0,1
100900076,0,0,0
100900077,1,1,0
100900078,6,0,6
100900079,0,0,0
100900080,3,0,3
100900081,0,0,0
100900082,0,0,0
100900083,0,0,0
100900085,0,0,0
100900086,0,0,0
100900088,0,0,0
100900089,0,0,0
100900090,17,9,8
100900091,0,2,-2
100900092,24,0,24
100900093,0,0,0
100900094,0,0,0
100900095,0,0,0
100900096,0,0,0
100900097,1,0,1
100900098,0,0,0
100900099,0,0,0
100900100,0,0,0
100900101,0,0,0
100900102,0,0,0
100900103,0,0,0
100900104,0,0,0
100900105,0,0,0
100900106,0,0,0
100900107,0,0,0
100900108,0,0,0
100900109,0,0,0
100900110,3,6,-3
100900111,0,0,0
100900112,0,0,0
100900113,0,0,0
100900114,0,0,0
100900115,0,0,0
100900116,20,0,20
100900117,0,0,0
100900118,0,0,0
100900119,0,0,0
100900120,0,0,0
100900121,18,0,18
100900122,0,0,0
100900123,0,0,0
100900124,0,0,0
100900125,0,0,0
100900126,0,0,0
100900127,0,0,0
100900128,0,0,0
100900129,0,0,0
100900131,2,0,2
100900133,0,0,0
100900134,0,0,0
100900135,0,0,0
100900137,0,0,0
100900138,0,0,0
100900139,0,0,0
100900140,0,0,0
100900141,0,0,0
100900142,0,0,0
100900143,0,0,0
100900144,0,0,0
100900145,0,0,0
100900146,0,0,0
100900147,0,0,0
100900148,0,0,0
100900149,0,0,0
100900150,0,0,0
100900151,0,0,0
100900152,0,0,0
100900153,0,0,0
100900154,5,0,5
100900155,0,0,0
100900156,0,0,0
100900157,0,0,0
100900159,0,0,0
100900160,0,0,0
100900161,0,0,0
100900162,0,0,0
100900163,0,0,0
100900164,0,0,0
100900165,0,0,0
100900166,0,0,0
100900167,0,0,0
100900168,0,0,0
100900169,0,0,0
100900170,0,0,0
100900171,0,0,0
100900172,0,0,0
100900173,0,0,0
100900174,0,0,0
100900176,0,0,0
100900177,0,0,0
100900178,33,1,32
100900179,0,0,0
100900180,0,0,0
100900181,0,0,0
100900182,0,0,0
100900184,7,2,5
100900186,0,0,0
100900187,0,0,0
100900188,0,0,0
100900189,0,0,0
100900191,0,0,0
100900192,0,0,0
100900195,0,0,0
100900197,126,84,42
100900198,0,0,0
100900199,4,10,-6
100900200,6,4,2
100900201,0,0,0
100900202,0,0,0
100900203,0,0,0
100900204,0,0,0
100900205,0,0,0
100900206,0,0,0
100900207,0,0,0
100900210,0,0,0
100900211,0,0,0
100900213,0,0,0
100900214,0,0,0
100900215,0,0,0
100900217,0,0,0
101000001,579,698,-119
101000002,189,518,-329
101000003,39,427,-388
101000004,2780,4497,-1717
101000005,1231,2553,-1322
101000006,2696,3253,-557
101000007,521,2322,-1801
101000008,1225,2178,-953
101000009,947,218,729
101000010,136,265,-129
101000011,98,176,-78
101000012,27,18,9
101000013,118,343,-225
101000014,144,435,-291
101000015,598,468,130
101000016,45,321,-276
101000017,86,195,-109
101000018,544,600,-56
101000020,713,192,521
101000021,69,290,-221
101000022,0,0,0
101000023,145,250,-105
101000025,104,188,-84
101000026,135,3,132
101000027,795,1407,-612
101000028,346,182,164
101000029,22,495,-473
101000030,64,37,27
101000031,82,696,-614
101000032,1085,2044,-959
101000033,235,1232,-997
101000034,135,1238,-1103
101000035,16,100,-84
101000036,319,651,-332
101000037,359,1392,-1033
101000039,321,777,-456
101000040,282,1053,-771
101000041,1344,3031,-1687
101000042,14,407,-393
101000043,1225,1961,-736
101000045,102,297,-195
101000046,531,1000,-469
101000047,656,1458,-802
101000048,94,135,-41
101000049,38,537,-499
101000050,174,897,-723
101000051,70,1385,-1315
101000052,381,1050,-669
101000053,77,322,-245
101000054,230,184,46
101000055,386,1147,-761
101000056,11,95,-84
101000057,177,333,-156
101000058,319,1339,-1020
101000059,705,1954,-1249
101000060,69,118,-49
101000061,130,1753,-1623
101000062,54,175,-121
101000063,94,1036,-942
101000064,212,412,-200
101000065,44,726,-682
101000066,117,761,-644
101000067,60,124,-64
101000068,138,253,-115
101000069,108,16,92
101000070,170,150,20
101000071,348,615,-267
101000072,1567,904,663
101000073,733,625,108
101000074,2173,1773,400
101000075,3798,994,2804
101000077,1508,458,1050
101000078,758,539,219
101000079,943,513,430
101000080,428,57,371
101000081,795,540,255
101000082,898,591,307
101000083,1075,701,374
101000084,192,158,34
101000085,1008,646,362
101000086,62,127,-65
101000087,176,93,83
101000088,576,551,25
101000089,327,620,-293
101000090,239,186,53
101000091,191,136,55
101000092,732,207,525
101000093,539,289,250
101000094,23,90,-67
101000095,49,84,-35
101000096,274,212,62
101000097,40,72,-32
101000098,90,198,-108
101000099,199,433,-234
101000100,159,537,-378
101000101,167,173,-6
101000102,59,338,-279
101000103,166,318,-152
101000104,27,225,-198
101000105,6,96,-90
101000106,10,69,-59
101000107,25,41,-16
101000108,119,32,87
101000109,52,21,31
101000110,7,46,-39
101000111,44,27,17
101000113,61,230,-169
101000114,783,1150,-367
101000115,0,0,0
101000116,0,0,0
101000117,0,0,0
101000119,0,19,-19
101000120,0,12,-12
101000121,1,10,-9
101000122,0,11,-11
101000123,3,15,-12
101000124,441,160,281
101000125,97,53,44
101000128,35,70,-35
101000130,513,75,438
101000131,377,291,86
101000132,46,86,-40
101000135,1,10,-9
101000136,15,31,-16
101000137,2,230,-228
101000141,277,2703,-2426
101000147,246,47,199
101000148,82,1,81
101000149,0,0,0
101000150,57,83,-26
101000151,5,2,3
101000152,82,7,75
101000153,153,24,129
101000154,122,85,37
101000155,4,0,4
101000156,0,0,0
101000157,1,1,0
101000160,0,0,0
101000163,50,278,-228
101000164,61,12,49
101000165,155,150,5
101000166,110,227,-117
101000168,4,11,-7
101000252,878,170,708
101000254,0,0,0
101000258,262,1,261
101000261,304,50,254
101000262,218,1788,-1570
101000263,51,578,-527
101000265,5,192,-187
101000266,66,61,5
101000269,0,0,0
101000290,69,1291,-1222
101000293,0,0,0
101000294,165,113,52
101000295,69,58,11
101000301,31,250,-219
101000304,545,1268,-723
101000305,906,679,227
101000328,5,424,-419
101900001,0,0,0
101900002,0,0,0
101900003,0,0,0
101900004,0,0,0
101900005,0,0,0
101900006,0,0,0
101900007,0,0,0
101900008,0,0,0
101900009,0,0,0
101900010,0,0,0
101900011,0,0,0
101900012,0,0,0
101900013,0,0,0
101900017,0,0,0
101900018,12,0,12
101900019,2,0,2
101900020,2,1,1
101900021,2,0,2
101900022,28,2,26
101900023,0,0,0
101900026,0,0,0
101900027,0,0,0
102000001,589,1786,-1197
102000002,620,237,383
102000003,300,1638,-1338
102000004,368,1204,-836
102000005,161,1025,-864
102000006,147,968,-821
102000007,221,1497,-1276
102000008,936,831,105
102000009,1764,2366,-602
102000010,763,896,-133
102000011,1448,2176,-728
102000012,1111,1076,35
102000018,214,359,-145
102000019,73,355,-282
102000026,18,68,-50
102000029,128,20,108
102000030,16,56,-40
102000031,0,37,-37
102000032,56,91,-35
102000033,141,82,59
102000034,40,27,13
102000035,34,89,-55
102000036,3,88,-85
102000037,34,17,17
102000038,9,36,-27
102000039,7,11,-4
102000040,36,48,-12
102000041,1,83,-82
102000042,22,91,-69
102000043,1,42,-41
102000044,100,196,-96
102000045,67,285,-218
102000046,224,146,78
102000047,159,209,-50
102000048,61,151,-90
102000049,226,126,100
102000050,169,292,-123
102000051,31,116,-85
102000052,358,254,104
102000053,337,284,53
102000054,209,141,68
102000055,163,35,128
102000056,399,44,355
102000057,186,71,115
102000058,75,65,10
102000059,145,63,82
102000060,524,653,-129
102000061,159,158,1
102000062,577,470,107
102000063,71,307,-236
102000064,376,481,-105
102000065,6,62,-56
102000066,276,193,83
102000067,357,1375,-1018
102000068,957,619,338
102000069,25,364,-339
102000070,551,3,548
102000071,2418,3384,-966
102000072,548,430,118
102000073,70,55,15
102000074,215,42,173
102000075,83,65,18
102000076,96,32,64
102000077,464,84,380
102000078,438,40,398
102000079,70,13,57
102000080,82,25,57
102000081,110,150,-40
102000082,47,62,-15
102000083,81,18,63
102000084,359,51,308
102000085,259,71,188
102000086,537,132,405
102000087,72,182,-110
102000088,116,41,75
102000089,338,97,241
102000090,108,270,-162
102000091,707,195,512
102000092,120,96,24
102000093,100,262,-162
102000094,156,73,83
102000095,97,172,-75
102000096,168,109,59
102000097,110,116,-6
102000098,92,97,-5
102000099,246,224,22
102000100,55,183,-128
102000101,47,215,-168
102000102,104,256,-152
102000103,44,236,-192
102000104,59,106,-47
102000105,83,69,14
102000106,219,85,134
102000107,517,36,481
102000108,159,23,136
102000109,82,56,26
102000110,541,110,431
102000111,3,26,-23
102000112,11,22,-11
102000113,0,14,-14
102000114,94,78,16
102000115,16,69,-53
102000116,12,201,-189
102000117,0,99,-99
102000118,172,738,-566
102000119,127,127,0
102000120,69,147,-78
102000121,102,82,20
102000122,25,220,-195
102000123,30,74,-44
102000124,115,333,-218
102000125,32,52,-20
102000126,75,125,-50
102000127,108,65,43
102000128,51,184,-133
102000129,89,104,-15
102000130,170,361,-191
102000131,100,153,-53
102000132,53,286,-233
102000133,895,241,654
102000134,226,188,38
102000135,96,202,-106
102000136,122,71,51
102000137,48,31,17
102000138,44,12,32
102000139,32,55,-23
102000140,6,48,-42
102000141,7,176,-169
102000142,46,93,-47
102000143,39,39,0
102000144,96,18,78
102000145,44,20,24
102000146,140,33,107
102000147,19,32,-13
102000148,9,125,-116
102000149,40,40,0
102000150,213,2,211
102000151,8,79,-71
102000152,45,37,8
102000153,161,112,49
102000154,61,42,19
102000155,46,42,4
102000156,13,14,-1
102000157,3,48,-45
102000158,12,124,-112
102000159,28,29,-1
102000161,43,366,-323
102000162,11,13,-2
102000163,5,171,-166
102000164,120,287,-167
102000165,0,0,0
102000166,1,34,-33
102000167,0,0,0
102000168,9,20,-11
102000169,11,149,-138
102000170,0,0,0
102000171,0,0,0
102000172,2,70,-68
102000173,70,111,-41
102000174,7,1,6
102000175,95,27,68
102000176,2,16,-14
102000178,24,49,-25
102000179,81,59,22
102000180,174,44,130
102000181,303,57,246
102000182,216,89,127
102000183,518,98,420
102000184,220,63,157
102000185,1077,116,961
102000186,262,71,191
102000187,119,89,30
102000188,362,282,80
102000189,198,33,165
102000190,166,509,-343
102000191,194,31,163
102000192,51,226,-175
102000193,13,8,5
102000194,8,37,-29
102000195,63,22,41
102000196,59,63,-4
102000197,172,5,167
102000198,54,52,2
102000199,302,5,297
102000200,79,159,-80
102000201,190,27,163
102000202,0,13,-13
102000203,33,2,31
102000204,84,89,-5
102000205,274,100,174
102000206,53,38,15
102000207,143,136,7
102000208,4,97,-93
102000209,19,2,17
102000210,51,7,44
102000211,8,1,7
102000212,269,8,261
102000213,0,0,0
102000214,140,1,139
102000215,0,2,-2
102000216,24,42,-18
102000217,0,0,0
102000218,55,62,-7
102000219,4,32,-28
102000225,163,197,-34
102000226,0,0,0
102000227,43,0,43
102000228,0,0,0
102000229,2,1,1
102000230,32,108,-76
102000231,69,205,-136
102000232,0,91,-91
102000233,79,123,-44
102000234,12,294,-282
102000236,27,2,25
102000237,51,24,27
102000238,2,5,-3
102000240,0,0,0
102000241,45,1,44
102000243,3,28,-25
102000245,0,0,0
102000246,1,37,-36
102000247,34,221,-187
102000248,124,331,-207
102000249,19,6,13
102000250,1,51,-50
102000254,45,53,-8
102000266,1,16,-15
102000271,18,0,18
102000286,37,122,-85
102000297,148,135,13
102000301,0,0,0
102000303,0,0,0
102000305,0,0,0
102000307,0,0,0
102900001,65,10,55
102900002,17,0,17
102900003,0,0,0
102900005,73,2,71
102900006,45,1,44
102900007,119,0,119
102900008,9,0,9
102900009,19,1,18
102900010,16,0,16
102900011,0,0,0
102900012,0,0,0
102900013,0,0,0
102900015,0,0,0
102900016,0,0,0
102900017,0,0,0
102900018,0,0,0
102900019,0,0,0
102900020,0,0,0
102900021,0,0,0
102900022,0,0,0
102900023,0,0,0
102900024,0,0,0
102900025,0,0,0
102900026,1,141,-140
102900027,0,0,0
102900028,1,65,-64
102900029,0,0,0
102900030,5,0,5
102900031,36,10,26
102900032,0,0,0
102900033,0,0,0
102900034,83,3,80
102900035,0,0,0
102900036,111,35,76
102900037,76,10,66
102900038,35,11,24
102900039,3,0,3
102900040,0,0,0
102900041,0,0,0
102900042,0,0,0
102900043,0,0,0
102900044,0,0,0
102900045,0,0,0
102900046,0,0,0
102900047,0,0,0
102900048,0,0,0
102900049,0,0,0
102900050,0,0,0
102900051,0,0,0
102900053,0,0,0
102900054,0,0,0
102900055,0,0,0
102900056,0,0,0
102900057,0,0,0
102900058,0,0,0
102900059,0,0,0
102900060,1,20,-19
102900061,4,17,-13
102900062,21,6,15
102900063,80,3,77
102900064,2,53,-51
102900065,71,12,59
102900066,4,0,4
102900068,0,0,0
102900070,0,0,0
102900072,0,0,0
102900073,0,0,0
102900075,0,0,0
102900076,0,0,0
102900077,0,0,0
102900078,0,0,0
102900079,69,0,69
102900080,32,0,32
102900081,0,0,0
102900082,0,0,0
102900083,0,0,0
102900084,0,0,0
102900085,0,0,0
102900086,0,0,0
102900087,0,0,0
102900088,0,0,0
102900089,0,0,0
102900090,0,0,0
102900091,0,0,0
102900092,0,0,0
102900094,0,0,0
102900095,3,0,3
102900096,0,0,0
102900097,0,0,0
103000001,1764,1343,421
103000002,1100,1138,-38
103000003,961,1082,-121
103000004,179,320,-141
103000005,1051,1048,3
103000006,431,527,-96
103000007,226,164,62
103000008,170,46,124
103000009,400,385,15
103000010,72,38,34
103000011,348,579,-231
103000012,521,937,-416
103000013,306,357,-51
103000014,599,1566,-967
103000015,73,35,38
103000016,218,458,-240
103000017,102,243,-141
103000018,145,178,-33
103000019,219,238,-19
103000020,327,432,-105
103000021,1916,1851,65
103000022,154,240,-86
103000023,530,1632,-1102
103000024,28,118,-90
103000025,8,327,-319
103000026,56,88,-32
103000027,78,189,-111
103000028,167,218,-51
103000029,27,51,-24
103000030,233,460,-227
103000031,408,839,-431
103000032,566,349,217
103000033,2183,2130,53
103000034,515,407,108
103000035,174,469,-295
103000036,93,145,-52
103000037,154,121,33
103000038,170,454,-284
103000039,74,69,5
103000040,102,268,-166
103000041,624,481,143
103000042,568,67,501
103000043,400,256,144
103000044,61,17,44
103000046,17,37,-20
103000047,119,113,6
103000048,58,37,21
103000049,25,52,-27
103000050,97,8,89
103000051,18,46,-28
103000052,52,8,44
103000053,1,28,-27
103000054,703,80,623
103000055,948,389,559
103000056,225,221,4
103000057,653,160,493
103000058,294,44,250
103000059,251,227,24
103000060,261,79,182
103000061,264,237,27
103000062,123,62,61
103000063,239,411,-172
103000064,6,21,-15
103000065,3,14,-11
103000066,51,1,50
103000069,115,27,88
103000070,90,52,38
103000071,155,186,-31
103000072,43,85,-42
103000073,337,57,280
103000074,220,31,189
103000075,10,91,-81
103000076,57,321,-264
103000077,1,74,-73
103000078,180,290,-110
103000079,60,263,-203
103000080,371,128,243
103000081,86,406,-320
103000082,333,29,304
103000083,22,24,-2
103000084,31,3,28
103000085,0,15,-15
103000086,298,234,64
103000087,55,350,-295
103000088,201,202,-1
103000089,75,311,-236
103000090,2979,2229,750
103000091,660,670,-10
103000092,367,143,224
103000093,60,92,-32
103000094,181,62,119
103000095,2,43,-41
103000096,380,7,373
103000097,2,94,-92
103000098,396,31,365
103000099,31,54,-23
103000100,64,89,-25
103000101,462,25,437
103000102,8,85,-77
103000103,299,14,285
103000104,43,17,26
103000105,109,10,99
103000106,2,52,-50
103000107,81,11,70
103000108,540,795,-255
103000109,191,577,-386
103000110,359,600,-241
103000111,128,131,-3
103000112,70,155,-85
103000113,32,354,-322
103000114,484,238,246
103000115,571,420,151
103000116,559,160,399
103000117,466,111,355
103000118,32,46,-14
103000119,62,60,2
103000120,3,1,2
103000121,19,46,-27
103000122,770,1074,-304
103000125,0,15,-15
103000126,277,1,276
103000127,1,34,-33
103000128,28,1,27
103000129,0,28,-28
103000130,54,7,47
103000131,19,49,-30
103000132,5,16,-11
103000133,0,37,-37
103000134,44,123,-79
103000135,63,51,12
103000136,102,88,14
103000137,34,195,-161
103000138,113,309,-196
103000139,1,14,-13
103000140,14,8,6
103000141,6,17,-11
103000142,60,3,57
103000143,17,10,7
103000144,69,20,49
103000145,0,22,-22
103000150,29,8,21
103000152,35,122,-87
103000153,66,171,-105
103000156,1,29,-28
103000157,59,0,59
103000159,36,8,28
103000162,1,2,-1
103000163,1,14,-13
103000164,15,3,12
103000165,32,76,-44
103000166,84,167,-83
103000167,78,53,25
103000168,62,30,32
103000169,114,171,-57
103000170,693,215,478
103000171,0,33,-33
103000172,431,106,325
103000173,27,11,16
103000174,718,132,586
103000175,40,19,21
103000176,151,255,-104
103000177,38,26,12
103000178,23,25,-2
103000179,50,5,45
103000183,134,0,134
103000185,64,1,63
103000186,107,50,57
103000187,6,1,5
103000188,7,49,-42
103000189,186,232,-46
103000191,192,143,49
103000292,20,229,-209
103000293,20,685,-665
103000295,88,48,40
103000296,15,0,15
103000297,0,0,0
103000504,2,1,1
103000505,2,1,1
103000506,0,27,-27
103000507,104,4,100
103000508,19,55,-36
103000509,103,134,-31
103900001,0,0,0
103900002,0,0,0
103900003,34,19,15
103900004,1,0,1
103900005,0,0,0
103900006,0,0,0
103900007,0,0,0
103900008,1,0,1
103900009,52,7,45
103900010,67,0,67
103900011,0,0,0
103900012,1,3,-2
103900013,0,0,0
103900014,0,0,0
103900015,32,1,31
103900016,0,0,0
103900017,0,0,0
103900018,0,0,0
103900019,0,29,-29
103900020,0,0,0
103900021,7,0,7
103900022,75,1,74
103900023,18,0,18
103900024,2,1,1
103900025,0,0,0
103900026,0,0,0
103900027,22,0,22
103900028,1,14,-13
103900029,146,4,142
103900030,112,20,92
103900031,3,0,3
103900032,0,2,-2
103900033,2,0,2
103900034,0,0,0
103900035,0,0,0
103900036,3,2,1
103900037,2,2,0
103900038,4,29,-25
103900039,0,0,0
103900040,0,0,0
103900041,2,0,2
103900042,0,0,0
103900043,0,1,-1
103900044,3,62,-59
103900045,5,0,5
103900047,0,0,0
103900048,0,0,0
103900049,0,0,0
103900050,0,0,0
103900051,0,0,0
103900052,0,0,0
103900053,1,0,1
103900054,0,0,0
103900055,0,0,0
103900056,0,0,0
103900057,20,1,19
103900058,0,0,0
103900059,0,0,0
103900060,35,1,34
103900061,22,0,22
103900062,0,0,0
103900063,0,0,0
103900064,14,0,14
103900065,2,26,-24
103900066,38,5,33
103900067,10,1,9
103900068,0,0,0
103900069,0,0,0
103900070,5,0,5
103900071,0,0,0
103900072,0,0,0
103900073,0,1,-1
103900074,9,0,9
103900075,8,0,8
103900076,0,0,0
103900077,0,9,-9
103900078,22,1,21
103900079,0,0,0
103900080,0,0,0
103900081,0,0,0
103900082,0,0,0
103900083,39,180,-141
103900084,0,0,0
103900085,1,1,0
103900086,7,13,-6
103900088,6,2,4
103900089,0,0,0
103900090,0,0,0
103900091,0,0,0
103900092,0,0,0
103900093,6,0,6
103900094,0,0,0
103900095,0,0,0
103900096,29,0,29
103900097,0,0,0
103900098,0,0,0
103900099,10,0,10
103900100,0,0,0
103900101,0,0,0
103900102,0,0,0
103900104,0,0,0
103900105,0,0,0
103900106,0,0,0
103900107,47,0,47
103900108,6,4,2
103900109,9,0,9
103900110,0,0,0
103900111,0,0,0
103900112,0,0,0
103900113,0,0,0
103900114,0,0,0
103900115,0,0,0
103900116,7,22,-15
103900117,4,0,4
103900119,0,52,-52
103900120,12,1,11
103900122,0,0,0
103900123,0,0,0
103900124,0,0,0
103900125,0,0,0
103900126,27,0,27
103900127,5,1,4
103900128,0,0,0
103900131,0,0,0
103900133,78,0,78
103900134,0,0,0
103900135,0,0,0
103900137,0,0,0
103900138,0,0,0
103900139,15,80,-65
103900140,0,0,0
103900141,0,0,0
103900142,20,0,20
103900143,0,0,0
103900144,0,0,0
103900145,5,3,2
103900146,34,0,34
103900147,0,0,0
103900148,0,0,0
103900149,15,1,14
103900150,83,31,52
103900151,0,0,0
103900152,192,14,178
103900153,0,0,0
103900154,0,3,-3
103900155,3,0,3
103900156,0,0,0
103900157,0,0,0
103900158,24,0,24
103900159,0,0,0
103900160,0,0,0
103900161,1,2,-1
103900162,0,0,0
103900163,0,0,0
103900167,0,13,-13
103900168,1,0,1
103900169,0,21,-21
103900170,0,0,0
103900171,0,0,0
103900172,0,0,0
103900173,0,0,0
103900174,27,0,27
103900175,0,11,-11
103900176,0,0,0
103900177,0,0,0
103900178,0,0,0
103900179,0,0,0
103900180,0,0,0
103900181,0,0,0
103900182,0,0,0
103900184,0,0,0
103900185,0,0,0
103900187,0,0,0
103900188,0,0,0
103900189,16,0,16
103900190,1,0,1
103900191,0,0,0
103900192,0,0,0
103900193,0,0,0
103900194,0,0,0
103900195,0,0,0
103900196,0,0,0
103900197,0,0,0
103900198,0,0,0
103900199,0,0,0
103900200,0,0,0
103900201,0,0,0
103900202,0,0,0
103900203,19,0,19
103900204,0,0,0
103900207,0,0,0
103900208,2,0,2
103900209,0,0,0
103900210,0,0,0
103900211,43,0,43
103900212,0,0,0
103900213,0,0,0
103900214,85,182,-97
103900215,0,0,0
103900216,0,0,0
103900217,18,0,18
103900218,1,0,1
103900219,0,0,0
103900233,0,0,0
103900235,0,0,0
103900236,0,0,0
103900242,0,0,0
103900243,0,0,0
103900244,1,0,1
103900245,0,0,0
103900246,2,0,2
103900247,0,0,0
103900248,0,0,0
103900249,0,0,0
103900250,0,0,0
103900251,0,0,0
103900253,0,0,0
103900254,0,0,0
103900255,0,0,0
103900256,0,0,0
103900257,0,0,0
103900258,0,0,0
103900259,0,0,0
103900261,0,0,0
103900262,0,0,0
103900263,0,0,0
103900264,0,0,0
103900265,0,0,0
103900266,0,2,-2
103900267,0,0,0
103900268,0,0,0
103900269,10,0,10
103900270,2,0,2
103900271,0,0,0
103900272,0,0,0
103900273,0,0,0
103900274,0,0,0
103900275,0,0,0
103900276,0,0,0
103900277,0,0,0
103900278,0,0,0
103900279,0,0,0
103900280,0,0,0
104000001,1027,617,410
104000002,1004,1280,-276
104000003,984,967,17
104000004,1170,1200,-30
104000005,871,1242,-371
104000006,1264,884,380
104000007,2345,1291,1054
104000008,44,11,33
104000009,459,183,276
104000010,74,247,-173
104000011,53,14,39
104000012,5,33,-28
104000013,135,214,-79
104000014,25,30,-5
104000015,285,56,229
104000016,24,24,0
104000018,562,78,484
104000019,685,189,496
104000020,39,133,-94
104000021,138,176,-38
104000022,70,145,-75
104000023,507,71,436
104000024,14,9,5
104000026,25,4,21
104000027,9,9,0
104000028,430,150,280
104000029,40,8,32
104000030,497,365,132
104000031,596,30,566
104000032,9,33,-24
104000033,398,34,364
104000034,95,29,66
104000035,726,58,668
104000036,575,123,452
104000037,29,18,11
104000038,319,172,147
104000039,266,158,108
104000040,58,169,-111
104000041,247,82,165
104000042,164,83,81
104000043,20,74,-54
104000044,84,78,6
104000045,313,50,263
104000046,302,163,139
104000047,134,278,-144
104000048,346,602,-256
104000049,272,117,155
104000050,80,232,-152
104000051,4,16,-12
104000052,519,610,-91
104000053,534,89,445
104000054,88,18,70
104000055,902,180,722
104000056,209,11,198
104000057,14,4,10
104000058,548,269,279
104000059,318,423,-105
104000060,230,281,-51
104000061,302,79,223
104000062,193,23,170
104000064,64,2,62
104000065,7,62,-55
104000069,109,245,-136
104000070,34,122,-88
104000071,6,5,1
104000072,135,38,97
104000075,0,0,0
104000076,0,0,0
104000082,401,809,-408
104000083,302,62,240
104000084,40,156,-116
104000085,313,34,279
104000086,139,110,29
104000087,40,145,-105
104000090,36,59,-23
104000092,125,122,3
104000094,129,122,7
104000095,254,528,-274
104000096,748,2,746
104000097,726,60,666
104000098,1170,65,1105
104000100,1053,115,938
104000101,479,404,75
104000106,75,215,-140
104000107,496,140,356
104000108,94,16,78
104000109,47,27,20
104000110,101,281,-180
104000111,269,383,-114
104000112,52,51,1
104000116,1,51,-50
104000117,80,35,45
104000118,292,31,261
104000119,59,69,-10
104000120,92,28,64
104000121,60,145,-85
104000122,444,201,243
104000123,302,377,-75
104000124,166,645,-479
104000125,177,497,-320
104000126,225,316,-91
104000127,304,525,-221
104000128,308,109,199
104000129,62,0,62
104000130,7,64,-57
104000131,11,12,-1
104000132,3,2,1
104000133,265,176,89
104000134,251,714,-463
104000135,98,1083,-985
104000136,332,1532,-1200
104000137,426,253,173
104000138,15,32,-17
104000139,658,1361,-703
104000141,328,320,8
104000142,202,33,169
104000143,144,37,107
104000144,33,78,-45
104000145,148,107,41
104000146,58,70,-12
104000147,2,33,-31
104000148,120,77,43
104000149,23,27,-4
104000150,441,182,259
104000151,35,52,-17
104000152,127,137,-10
104000153,405,277,128
104000154,136,276,-140
104000155,288,310,-22
104000157,420,368,52
104000158,43,135,-92
104000159,262,97,165
104000160,763,1220,-457
104000161,57,17,40
104000162,32,53,-21
104000165,220,153,67
104000167,138,538,-400
104000168,279,0,279
104000169,106,7,99
104000170,1,2,-1
104000248,0,45,-45
104000251,0,0,0
104000272,0,0,0
104000273,0,0,0
104000274,0,0,0
104000275,0,0,0
104000279,196,500,-304
104000290,3,26,-23
104000291,352,302,50
104000293,317,289,28
104000294,0,0,0
104000295,283,756,-473
104000296,166,177,-11
104000297,163,1148,-985
104000298,420,312,108
104000299,490,513,-23
104000302,19,32,-13
104000303,4,8,-4
104900001,0,0,0
104900002,0,0,0
104900003,0,0,0
104900004,0,0,0
104900005,0,0,0
104900006,0,0,0
104900007,0,0,0
104900009,0,0,0
104900010,0,0,0
104900011,0,0,0
104900012,0,0,0
104900013,0,0,0
104900014,0,0,0
104900015,0,0,0
104900016,0,0,0
104900017,2,0,2
104900018,0,0,0
104900019,0,0,0
104900020,0,0,0
104900021,0,0,0
104900022,0,0,0
104900023,0,0,0
104900024,0,0,0
104900025,0,0,0
104900026,0,0,0
104900027,0,0,0
104900028,0,0,0
104900029,0,0,0
104900030,0,0,0
104900031,0,1,-1
104900032,0,0,0
104900033,0,0,0
104900034,0,0,0
104900035,0,0,0
104900036,0,0,0
104900037,0,0,0
104900038,0,0,0
104900039,0,0,0
104900040,0,0,0
104900041,0,0,0
104900042,0,0,0
104900043,0,0,0
104900044,21,0,21
104900045,0,0,0
104900046,0,0,0
104900047,44,0,44
104900048,32,0,32
104900049,0,0,0
104900050,0,0,0
104900051,39,0,39
104900052,0,0,0
104900053,56,3,53
104900054,20,0,20
104900055,0,0,0
104900056,15,0,15
104900057,0,0,0
104900058,26,0,26
104900059,56,5,51
104900060,52,0,52
104900061,0,0,0
104900063,0,0,0
104900064,0,0,0
104900065,0,0,0
104900066,0,0,0
104900067,0,0,0
104900068,0,0,0
104900070,0,0,0
104900071,0,0,0
104900072,0,0,0
104900073,0,0,0
104900074,0,0,0
104900075,0,0,0
104900076,0,0,0
104900077,0,0,0
104900078,0,0,0
104900079,0,0,0
104900080,0,0,0
104900082,0,0,0
104900085,6,0,6
104900087,11,0,11
104900089,0,0,0
104900090,0,0,0
104900091,0,0,0
104900093,0,0,0
104900097,0,0,0
104900098,0,0,0
104900099,0,0,0
104900100,0,0,0
104900102,0,0,0
104900103,0,0,0
104900104,0,0,0
104900106,0,0,0
104900107,0,0,0
104900108,0,0,0
104900109,0,0,0
104900110,0,0,0
104900111,0,0,0
104900112,0,0,0
104900113,0,0,0
104900114,0,0,0
104900115,0,0,0
104900116,0,0,0
104900118,0,0,0
104900119,0,0,0
104900120,0,0,0
104900121,0,0,0
104900122,0,0,0
104900123,0,0,0
104900124,0,0,0
104900125,25,0,25
104900126,0,0,0
104900127,0,0,0
104900128,14,0,14
104900129,0,0,0
105000001,657,450,207
105000002,555,635,-80
105000003,911,1101,-190
105000004,286,650,-364
105000005,293,599,-306
105000006,434,1010,-576
105000007,276,713,-437
105000008,439,1457,-1018
105000009,1692,1371,321
105000010,736,528,208
105000011,1048,1706,-658
105000012,520,610,-90
105000013,381,485,-104
105000014,1866,1129,737
105000015,3314,5111,-1797
105000016,965,824,141
105000017,858,503,355
105000018,1158,464,694
105000019,741,844,-103
105000020,34,128,-94
105000021,86,25,61
105000022,35,36,-1
105000023,180,151,29
105000028,25,107,-82
105000029,39,295,-256
105000030,1208,950,258
105000031,0,1,-1
105000033,351,439,-88
105000034,31,292,-261
105000037,202,17,185
105000038,399,590,-191
105000039,174,321,-147
105000040,219,583,-364
105000041,65,183,-118
105000042,781,473,308
105000043,165,132,33
105000044,187,123,64
105000045,124,90,34
105000046,299,47,252
105000047,121,161,-40
105000048,575,209,366
105000049,155,83,72
105000050,434,231,203
105000051,59,65,-6
105000052,138,179,-41
105000053,142,13,129
105000054,195,180,15
105000055,339,49,290
105000056,715,342,373
105000057,1004,86,918
105000058,398,242,156
105000059,483,197,286
105000060,233,55,178
105000061,407,159,248
105000062,213,84,129
105000063,22,69,-47
105000064,703,184,519
105000065,34,29,5
105000066,251,106,145
105000067,655,312,343
105000068,24,104,-80
105000069,395,436,-41
105000070,301,496,-195
105000071,243,742,-499
105000072,790,1530,-740
105000073,354,364,-10
105000074,37,110,-73
105000075,103,158,-55
105000076,354,210,144
105000077,843,187,656
105000078,312,564,-252
105000079,96,320,-224
105000080,1015,955,60
105000081,170,154,16
105000082,295,644,-349
105000083,1396,1266,130
105000084,67,93,-26
105000085,1757,1177,580
105000086,144,131,13
105000087,229,167,62
105000088,1102,975,127
105000089,446,424,22
105000090,146,122,24
105000091,166,77,89
105000092,156,91,65
105000093,85,110,-25
105000094,195,77,118
105000095,29,129,-100
105000096,392,510,-118
105000097,153,102,51
105000098,454,321,133
105000099,95,37,58
105000100,315,261,54
105000101,893,354,539
105000102,440,253,187
105000103,570,273,297
105000104,553,155,398
105000105,472,241,231
105000106,501,180,321
105000107,441,122,319
105000108,418,163,255
105000109,654,215,439
105000110,321,92,229
105000111,428,133,295
105000112,480,162,318
105000113,187,329,-142
105000114,573,670,-97
105000115,156,816,-660
105000116,462,191,271
105000117,172,93,79
105000118,146,129,17
105000119,105,121,-16
105000120,601,191,410
105000121,207,96,111
105000122,200,138,62
105000123,183,145,38
105000124,891,126,765
105000125,515,232,283
105000126,661,276,385
105000127,907,268,639
105000128,131,154,-23
105000129,262,83,179
105000130,44,1880,-1836
105000131,24,23,1
105000132,453,583,-130
105000133,53,116,-63
105000134,496,144,352
105000135,57,29,28
105000136,0,0,0
105000137,267,31,236
105000138,0,0,0
105000139,143,63,80
105000140,324,70,254
105000141,91,58,33
105000142,369,97,272
105000143,110,128,-18
105000144,26,145,-119
105000145,300,113,187
105000146,0,0,0
105000147,361,68,293
105000148,352,114,238
105000149,908,569,339
105000150,37,28,9
105000151,199,41,158
105000152,117,82,35
105000153,378,55,323
105000154,165,37,128
105000155,91,54,37
105000156,84,68,16
105000157,204,134,70
105000158,487,159,328
105000159,60,64,-4
105000160,822,166,656
105000161,150,112,38
105000162,172,726,-554
105000163,251,157,94
105000164,15,57,-42
105000165,77,1938,-1861
105000166,149,249,-100
105000167,235,864,-629
105000168,64,118,-54
105000169,185,17,168
105000170,84,348,-264
105000171,320,16,304
105000172,70,2,68
105000173,105,0,105
105000174,10,0,10
105000175,0,0,0
105000176,112,8,104
105000177,165,17,148
105000178,78,46,32
105000179,146,2,144
105000180,0,0,0
105000181,43,12,31
105000182,0,0,0
105000183,500,1314,-814
105000184,9,27,-18
105000185,133,345,-212
105000186,10,22,-12
105000187,207,177,30
105000188,38,96,-58
105000189,10,82,-72
105000190,66,134,-68
105000191,79,66,13
105000192,142,5,137
105000193,30,5,25
105000194,221,7,214
105000195,11,90,-79
105000196,73,99,-26
105000197,2,80,-78
105000198,9,7,2
105000199,12,179,-167
105000200,39,155,-116
105000201,5,13,-8
105000203,10,152,-142
105000204,49,66,-17
105000205,17,146,-129
105000207,0,0,0
105000208,100,135,-35
105000209,0,0,0
105000211,67,1,66
105000212,264,81,183
105000213,20,14,6
105000214,29,15,14
105000215,111,89,22
105000216,9,10,-1
105000217,0,0,0
105000218,798,136,662
105000221,40,29,11
105000222,87,52,35
105000223,25,23,2
105000226,23,9,14
105000227,24,29,-5
105000228,5,467,-462
105000229,123,383,-260
105000231,204,32,172
105000233,258,273,-15
105000234,195,302,-107
105000235,201,206,-5
105000237,266,33,233
105000243,41,5,36
105000248,0,22,-22
105000262,189,7,182
105000269,15,20,-5
105000270,275,9,266
105000271,0,16,-16
105000282,2,3,-1
105000287,83,33,50
105000288,175,106,69
105000289,681,946,-265
105000290,31,63,-32
105000402,232,810,-578
105000426,43,225,-182
105000438,475,565,-90
105000440,1,0,1
105000446,1562,2798,-1236
105000447,1431,338,1093
105000454,0,1,-1
105000455,113,52,61
105000474,44,0,44
105000477,154,133,21
105000478,716,2424,-1708
105000479,45,23,22
105000480,2225,3198,-973
105000481,1521,930,591
105000482,681,1561,-880
105000483,364,918,-554
105000484,581,1229,-648
105000485,903,1367,-464
105000486,752,1366,-614
105000488,690,1445,-755
105000489,444,255,189
105000549,14,28,-14
105000550,0,0,0
105000551,8,11,-3
105000552,467,313,154
105000555,812,632,180
105000556,39,3,36
105000557,1,70,-69
105900001,0,90,-90
105900002,79,26,53
105900003,0,0,0
105900004,0,0,0
105900005,0,0,0
105900006,0,0,0
105900007,1,0,1
105900008,0,0,0
105900009,1,1,0
105900011,0,3,-3
105900012,3,9,-6
105900013,0,1,-1
105900014,1,0,1
105900015,0,0,0
105900016,15,4,11
105900017,0,0,0
105900018,0,0,0
105900019,0,1,-1
105900020,0,0,0
105900021,1,2,-1
105900022,0,0,0
105900023,0,3,-3
105900024,0,4,-4
105900025,5,0,5
105900026,0,0,0
105900027,423,77,346
105900028,8,0,8
105900029,244,39,205
105900030,17,33,-16
105900031,0,0,0
105900032,0,0,0
105900033,0,0,0
105900034,0,0,0
105900035,0,0,0
105900036,0,0,0
105900037,0,0,0
105900038,0,0,0
105900039,0,0,0
105900040,0,0,0
105900041,0,0,0
105900042,0,0,0
105900043,51,0,51
105900044,0,0,0
105900045,0,0,0
105900046,0,0,0
105900047,0,0,0
105900048,52,6,46
105900050,7,71,-64
105900051,0,8,-8
105900052,7,0,7
105900053,0,0,0
105900054,0,0,0
105900056,24,9,15
105900057,3,2,1
105900058,0,0,0
105900059,0,0,0
106000001,857,686,171
106000002,51,555,-504
106000003,1094,1784,-690
106000004,393,1775,-1382
106000005,1791,2286,-495
106000006,1033,853,180
106000007,441,105,336
106000008,11,81,-70
106000009,344,151,193
106000010,29,118,-89
106000011,768,350,418
106000012,83,136,-53
106000013,1203,643,560
106000014,249,220,29
106000015,1340,574,766
106000016,197,153,44
106000017,861,145,716
106000018,43,117,-74
106000019,335,132,203
106000020,34,19,15
106000021,349,133,216
106000022,121,10,111
106000023,646,72,574
106000024,81,34,47
106000025,276,214,62
106000026,34,13,21
106000027,1403,567,836
106000028,14,7,7
106000029,15,13,2
106000030,0,0,0
106000034,0,0,0
106000035,475,529,-54
106000036,0,0,0
106000037,173,56,117
106000038,15,9,6
106000039,4,24,-20
106000040,3,80,-77
106000041,412,86,326
106000043,158,39,119
106000046,99,3,96
106000047,0,0,0
106000049,478,6,472
106000050,56,66,-10
106000051,513,236,277
106000052,0,0,0
106000053,302,33,269
106000054,0,0,0
106000055,331,11,320
106000056,0,0,0
106000057,219,53,166
106000058,0,0,0
106000059,282,101,181
106000060,0,0,0
106000061,83,328,-245
106000062,0,0,0
106000063,436,425,11
106000064,0,0,0
106000065,369,43,326
106000066,23,15,8
106000067,332,77,255
106000068,36,11,25
106000069,176,10,166
106000070,57,20,37
106000071,402,99,303
106000072,422,718,-296
106000073,437,1510,-1073
106000074,284,485,-201
106000075,135,299,-164
106000076,480,247,233
106000077,737,162,575
106000078,525,80,445
106000079,564,89,475
106000080,761,103,658
106000081,390,130,260
106000082,587,70,517
106000083,172,228,-56
106000084,483,118,365
106000085,437,262,175
106000086,312,111,201
106000087,406,114,292
106000088,246,217,29
106000089,493,33,460
106000090,290,275,15
106000091,56,51,5
106000092,269,110,159
106000093,345,37,308
106000094,0,0,0
106000095,448,69,379
106000096,792,63,729
106000097,443,55,388
106000098,507,97,410
106000099,63,83,-20
106000100,922,62,860
106000101,444,30,414
106000102,4,57,-53
106000103,67,125,-58
106000104,446,68,378
106000105,77,154,-77
106000106,423,59,364
106000107,44,66,-22
106000108,274,53,221
106000109,15,33,-18
106000110,223,29,194
106000111,44,60,-16
106000112,112,181,-69
106000113,63,203,-140
106000114,241,145,96
106000115,95,153,-58
106000116,201,131,70
106000117,25,38,-13
106000118,562,390,172
106000119,30,106,-76
106000120,323,400,-77
106000121,156,36,120
106000122,102,59,43
106000123,217,30,187
106000124,127,30,97
106000125,74,74,0
106000126,296,32,264
106000127,245,144,101
106000128,266,79,187
106000129,166,174,-8
106000130,717,69,648
106000131,45,261,-216
106000132,232,47,185
106000133,172,417,-245
106000134,193,1140,-947
106000135,3,140,-137
106000136,426,550,-124
106000137,2,179,-177
106000138,892,53,839
106000139,51,37,14
106000140,0,0,0
106000141,0,0,0
106000142,39,10,29
106000143,0,0,0
106000144,162,16,146
106000145,0,0,0
106000146,345,121,224
106000147,323,155,168
106000148,275,205,70
106000149,513,136,377
106000150,221,651,-430
106000151,556,155,401
106000152,369,783,-414
106000153,39,462,-423
106000154,308,51,257
106000155,46,85,-39
106000156,478,53,425
106000157,66,460,-394
106000158,395,483,-88
106000159,175,626,-451
106000160,183,910,-727
106000161,106,33,73
106000162,146,402,-256
106000163,69,45,24
106000164,273,34,239
106000165,50,76,-26
106000166,389,20,369
106000167,169,172,-3
106000168,327,54,273
106000169,90,101,-11
106000170,275,26,249
106000171,89,296,-207
106000172,631,96,535
106000173,456,476,-20
106000174,683,8,675
106000175,62,15,47
106000176,872,147,725
106000177,92,98,-6
106000178,923,96,827
106000179,65,42,23
106000180,190,208,-18
106000181,279,295,-16
106000182,834,72,762
106000183,757,65,692
106000184,478,66,412
106000185,227,190,37
106000186,72,2,70
106000187,3,176,-173
106000188,0,0,0
106000189,4,28,-24
106000190,2,5,-3
106000191,184,4,180
106000192,0,0,0
106000193,18,13,5
106000194,1,49,-48
106000195,20,13,7
106000196,5,83,-78
106000197,131,18,113
106000198,47,7,40
106000199,108,127,-19
106000200,66,101,-35
106000201,77,966,-889
106000202,123,72,51
106000203,0,0,0
106000204,5,0,5
106000205,0,0,0
106000206,6,2,4
106000207,0,5,-5
106000208,699,34,665
106000209,976,113,863
106000210,23,11,12
106000211,3,27,-24
106000212,669,93,576
106000213,6,73,-67
106000214,481,63,418
106000215,93,136,-43
106000216,424,33,391
106000217,12,137,-125
106000218,276,20,256
106000219,27,128,-101
106000220,286,23,263
106000221,61,41,20
106000222,33,6,27
106000223,190,50,140
106000224,60,68,-8
106000225,30,64,-34
106000226,24,108,-84
106000228,0,0,0
106000229,0,0,0
106000231,219,1,218
106000232,0,0,0
106000233,106,1,105
106000234,0,0,0
106000235,34,26,8
106000236,0,0,0
106000237,0,0,0
106000238,0,17,-17
106000239,0,0,0
106000240,9,0,9
106000241,0,73,-73
106000242,74,9,65
106000249,123,13,110
106000250,14,97,-83
106000251,22,2,20
106000252,0,0,0
106000253,30,0,30
106000254,0,0,0
106000255,31,1,30
106000256,0,0,0
106000257,5,32,-27
106000258,0,2,-2
106000259,0,0,0
106000260,8,1,7
106000261,0,0,0
106000262,6,0,6
106000263,0,0,0
106000264,77,0,77
106000265,0,0,0
106000266,36,1,35
106000267,0,0,0
106000268,108,1,107
106000269,0,0,0
106000270,12,10,2
106000271,0,18,-18
106000272,0,0,0
106000273,0,8,-8
106000274,0,0,0
106000275,3,6,-3
106000276,0,0,0
106000277,3,17,-14
106000278,0,0,0
106000279,0,0,0
106000280,0,0,0
106000281,0,0,0
106000282,0,0,0
106000283,0,0,0
106000284,0,0,0
106000285,0,0,0
106000286,0,0,0
106000287,0,0,0
106000288,0,0,0
106000289,0,0,0
106000290,0,0,0
106000291,0,0,0
106000292,0,0,0
106000293,0,0,0
106000294,0,0,0
106000295,0,0,0
106000296,0,0,0
106000297,0,0,0
106000298,0,0,0
106000299,0,0,0
106000300,0,0,0
106000301,0,0,0
106000303,2,2,0
106000304,0,0,0
106000305,1,1,0
106000306,0,0,0
106000307,16,0,16
106000308,0,0,0
106000309,0,0,0
106000310,125,35,90
106000311,69,4,65
106000312,48,21,27
106000313,49,10,39
106000318,0,0,0
106000319,382,85,297
106000320,1,30,-29
106000321,9,204,-195
106000322,165,31,134
106000324,26,22,4
106000325,1344,363,981
106000326,56,232,-176
106000327,156,3,153
106000328,5,0,5
106000329,12,2,10
106000330,7,33,-26
106000428,50,145,-95
106000429,38,104,-66
106000430,17,236,-219
106000431,899,148,751
106000432,38,381,-343
106000433,1082,588,494
106000434,1730,596,1134
106000435,50,367,-317
106000436,0,27,-27
106000437,140,17,123
106000438,26,123,-97
106000439,0,32,-32
106000440,80,88,-8
106000441,0,0,0
106000442,26,1,25
106000443,258,239,19
106000450,0,0,0
106000451,34,31,3
106000454,0,0,0
106000455,0,2,-2
106000456,23,2,21
106000457,0,0,0
106000458,498,186,312
106000459,0,0,0
106000460,477,16,461
106000461,0,0,0
106000462,0,0,0
106000463,0,58,-58
106000464,0,0,0
106000465,327,1,326
106000466,0,0,0
106000467,0,106,-106
106000468,48,27,21
106000469,284,1,283
106000470,2,26,-24
106000471,0,0,0
106000472,18,1,17
106000473,0,0,0
106000474,76,58,18
106000475,278,76,202
106000476,129,261,-132
106000477,0,0,0
106000480,0,0,0
106900001,0,0,0
106900002,0,0,0
106900003,0,0,0
106900004,0,0,0
106900006,0,0,0
106900007,0,0,0
106900008,0,0,0
106900009,0,0,0
106900010,0,0,0
106900012,0,0,0
106900013,0,0,0
106900014,0,0,0
106900015,0,0,0
106900016,0,0,0
106900017,0,0,0
106900018,0,0,0
106900019,10,0,10
106900020,0,0,0
106900021,0,0,0
106900022,0,0,0
106900023,0,0,0
106900024,0,0,0
106900025,0,0,0
106900026,0,0,0
106900027,218,1,217
107000001,1520,2363,-843
107000002,496,665,-169
107000003,3611,3626,-15
107000004,937,603,334
107000005,3285,2555,730
107000006,1185,533,652
107000007,2190,2730,-540
107000008,853,686,167
107000009,5519,5422,97
107000010,1665,689,976
107000011,90,105,-15
107000012,538,129,409
107000013,0,0,0
107000014,0,0,0
107000015,0,0,0
107000016,0,0,0
107000017,133,116,17
107000018,0,66,-66
107000020,130,333,-203
107000021,169,68,101
107000022,280,358,-78
107000023,519,67,452
107000024,169,568,-399
107000025,115,57,58
107000026,86,122,-36
107000027,425,156,269
107000028,443,288,155
107000029,1467,823,644
107000030,637,542,95
107000031,1410,657,753
107000032,58,389,-331
107000033,787,912,-125
107000034,328,163,165
107000035,118,93,25
107000036,115,435,-320
107000037,46,421,-375
107000038,92,62,30
107000039,310,477,-167
107000040,71,31,40
107000041,332,251,81
107000042,139,681,-542
107000043,456,210,246
107000044,84,213,-129
107000045,34,110,-76
107000046,395,130,265
107000047,157,205,-48
107000048,241,191,50
107000049,142,251,-109
107000050,221,180,41
107000051,281,194,87
107000052,264,401,-137
107000053,251,223,28
107000054,23,214,-191
107000055,165,95,70
107000056,383,488,-105
107000057,508,183,325
107000058,1513,1519,-6
107000059,84,281,-197
107000060,3127,2833,294
107000061,743,562,181
107000062,2853,1374,1479
107000063,609,495,114
107000064,2213,1721,492
107000065,406,499,-93
107000066,1279,1589,-310
107000067,397,317,80
107000068,248,468,-220
107000069,392,612,-220
107000070,281,0,281
107000071,1096,7,1089
107000072,0,107,-107
107000073,274,80,194
107000074,56,42,14
107000075,1252,23,1229
107000076,7,69,-62
107000077,1313,67,1246
107000078,12,161,-149
107000079,1219,263,956
107000080,75,161,-86
107000081,1231,258,973
107000082,285,185,100
107000083,753,241,512
107000084,79,234,-155
107000085,1173,1026,147
107000086,521,701,-180
107000087,812,839,-27
107000088,359,501,-142
107000089,491,630,-139
107000090,96,233,-137
107000091,638,200,438
107000092,126,274,-148
107000093,412,554,-142
107000094,181,157,24
107000095,744,352,392
107000096,56,84,-28
107000097,502,175,327
107000098,48,126,-78
107000099,245,213,32
107000100,45,143,-98
107000101,96,196,-100
107000102,140,184,-44
107000103,327,73,254
107000104,73,130,-57
107000105,519,103,416
107000106,39,43,-4
107000107,382,125,257
107000108,73,73,0
107000109,427,27,400
107000110,0,0,0
107000111,293,29,264
107000112,0,0,0
107000113,482,44,438
107000114,0,0,0
107000115,450,69,381
107000116,0,0,0
107000117,70,376,-306
107000118,0,0,0
107000119,228,664,-436
107000120,0,0,0
107000121,430,149,281
107000122,182,133,49
107000123,328,183,145
107000124,193,94,99
107000125,580,112,468
107000126,171,135,36
107000129,35,42,-7
107000130,282,98,184
107000131,113,51,62
107000132,161,75,86
107000133,125,4,121
107000134,88,0,88
107000135,0,98,-98
107000136,318,2,316
107000137,0,92,-92
107000138,13,1,12
107000139,0,102,-102
107000140,406,4,402
107000141,11,90,-79
107000142,39,6,33
107000143,2,97,-95
107000144,127,161,-34
107000145,5,51,-46
107000146,9,49,-40
107000147,357,180,177
107000150,252,929,-677
107000151,5,0,5
107000152,103,550,-447
107000153,1,33,-32
107000154,3,37,-34
107000155,371,14,357
107000156,336,5,331
107000157,3,151,-148
107000158,299,2,297
107000159,1,75,-74
107000160,715,49,666
107000161,13,102,-89
107000162,91,180,-89
107000163,51,0,51
107000164,322,2,320
107000165,459,18,441
107000166,0,84,-84
107000167,187,54,133
107000168,501,61,440
107000169,39,109,-70
107000170,967,198,769
107000171,61,165,-104
107000172,409,451,-42
107000173,146,70,76
107000174,334,1271,-937
107000175,374,130,244
107000176,0,0,0
107000177,0,0,0
107000178,6,0,6
107000179,77,213,-136
107000180,904,63,841
107000181,113,49,64
107000182,1061,63,998
107000183,93,30,63
107000184,737,68,669
107000185,106,88,18
107000186,361,88,273
107000187,349,255,94
107000188,65,55,10
107000189,288,112,176
107000190,124,37,87
107000191,345,303,42
107000192,306,27,279
107000193,129,154,-25
107000194,95,97,-2
107000197,428,62,366
107000198,133,56,77
107000199,113,140,-27
107000200,107,145,-38
107000201,93,92,1
107000202,43,167,-124
107000203,86,316,-230
107000204,102,1107,-1005
107000205,84,86,-2
107000206,51,843,-792
107000207,71,160,-89
107000208,58,121,-63
107000209,98,185,-87
107000210,18,133,-115
107000211,1,14,-13
107000212,1,32,-31
107000213,1,4,-3
107000214,1,8,-7
107000215,131,52,79
107000216,72,104,-32
107000217,38,11,27
107000219,8,34,-26
107000220,20,12,8
107000222,4,39,-35
107000224,94,9,85
107000225,25,101,-76
107000226,214,9,205
107000227,15,45,-30
107000228,2,27,-25
107000229,55,16,39
107000230,82,98,-16
107000231,205,434,-229
107000232,20,9,11
107000233,51,143,-92
107000234,0,59,-59
107000235,56,3,53
107000236,0,0,0
107000237,26,0,26
107000238,26,0,26
107000239,392,178,214
107000240,29,53,-24
107000243,0,43,-43
107000244,11,0,11
107000246,0,39,-39
107000249,0,50,-50
107000251,0,2,-2
107000252,0,51,-51
107000255,31,1,30
107000257,0,87,-87
107000258,0,34,-34
107000259,0,17,-17
107000260,832,1,831
107000262,0,28,-28
107000263,211,1,210
107000266,10,2,8
107000267,6,6,0
107000268,8,9,-1
107000269,4,2,2
107000270,100,76,24
107000271,5,0,5
107000272,110,0,110
107000273,0,19,-19
107000274,95,0,95
107000275,10,65,-55
107000280,478,6,472
107000281,2,66,-64
107000282,0,158,-158
107000290,0,0,0
107000291,0,2,-2
107000292,0,0,0
107000293,2,0,2
107000294,0,15,-15
107000295,10,0,10
107000296,0,6,-6
107000444,89,3,86
107000496,0,2,-2
107000497,176,230,-54
107000500,128,52,76
107000501,2,55,-53
107000502,145,66,79
107000505,58,279,-221
107000506,0,0,0
107000508,0,45,-45
107000509,42,310,-268
107000510,0,10,-10
107000514,9,81,-72
107000515,0,21,-21
107000516,376,46,330
107000518,439,307,132
107000519,58,23,35
107000520,26,2,24
107000521,110,32,78
107000522,310,131,179
107900001,1,0,1
107900002,4,1,3
107900003,12,0,12
107900004,0,0,0
107900005,591,0,591
107900006,42,0,42
107900007,106,2,104
107900008,26,1,25
107900009,1,0,1
107900010,0,0,0
107900012,47,0,47
107900013,32,0,32
107900014,3,0,3
107900015,284,6,278
107900016,35,2,33
107900017,0,0,0
107900018,11,45,-34
107900019,29,0,29
107900020,0,0,0
107900021,7,0,7
107900023,18,0,18
107900024,0,0,0
107900025,37,13,24
107900026,1,0,1
107900027,0,0,0
107900028,7,0,7
107900030,57,10,47
107900031,2,8,-6
107900032,9,0,9
107900033,1,0,1
107900034,27,2,25
107900035,281,11,270
107900036,19,8,11
107900037,0,0,0
107900038,6,20,-14
107900039,3,0,3
107900040,0,0,0
107900041,0,0,0
107900043,18,19,-1
107900044,0,0,0
107900045,19,44,-25
107900046,38,30,8
107900047,0,0,0
107900048,13,0,13
107900049,7,75,-68
107900050,1,4,-3
107900051,4,1,3
107900052,0,0,0
107900053,3,2,1
107900055,40,4,36
107900056,0,20,-20
107900057,0,0,0
107900058,1,12,-11
107900060,0,0,0
107900061,0,0,0
107900063,18,32,-14
107900064,86,36,50
107900065,88,1,87
107900066,0,0,0
107900067,0,0,0
107900068,3,89,-86
107900069,3,454,-451
107900070,30,11,19
107900071,1,20,-19
107900072,55,0,55
107900073,0,0,0
107900074,0,0,0
107900076,7,0,7
107900077,0,0,0
107900079,2,1,1
107900080,1,146,-145
107900081,0,0,0
107900082,0,0,0
107900083,98,31,67
107900084,1,3,-2
107900086,8,34,-26
107900087,7,6,1
107900088,0,0,0
107900089,4,38,-34
107900090,2,172,-170
107900091,50,44,6
107900093,0,0,0
107900095,169,242,-73
107900097,1,2,-1
107900098,10,6,4
107900100,24,325,-301
107900101,10,5,5
107900102,1,0,1
107900103,0,5,-5
107900104,0,0,0
107900105,0,24,-24
107900106,0,80,-80
107900107,1,0,1
107900108,17,3,14
107900109,506,1,505
107900110,39,1,38
107900111,0,109,-109
107900112,5,65,-60
107900113,0,0,0
107900114,73,28,45
107900115,0,0,0
107900116,57,25,32
107900117,32,55,-23
107900118,1,4,-3
107900119,22,38,-16
107900120,1,1,0
107900121,0,0,0
107900122,0,0,0
107900123,0,0,0
107900124,0,0,0
107900125,0,1,-1
107900126,0,0,0
107900127,0,0,0
107900128,3,6,-3
107900129,0,0,0
107900130,0,0,0
107900131,2,16,-14
107900132,1,30,-29
107900133,0,1,-1
107900134,3,3,0
107900135,0,0,0
107900136,0,0,0
107900137,24,15,9
107900138,21,4,17
107900139,0,0,0
107900141,5,1,4
107900142,0,12,-12
107900143,7,1,6
107900144,0,15,-15
107900145,0,0,0
107900146,8,20,-12
107900147,0,0,0
107900148,1,2,-1
107900149,36,0,36
107900150,0,10,-10
107900151,0,0,0
107900152,0,0,0
107900153,0,64,-64
107900154,5,0,5
107900155,0,0,0
107900156,0,0,0
107900157,1,5,-4
107900158,102,1,101
107900159,1,24,-23
107900160,69,1,68
107900161,0,8,-8
107900162,0,0,0
107900163,0,0,0
107900164,0,1,-1
107900165,2,52,-50
107900166,13,18,-5
107900167,0,0,0
107900168,3,0,3
107900169,0,1,-1
107900171,0,29,-29
107900172,0,0,0
107900173,1,1,0
107900174,0,0,0
107900175,0,0,0
107900176,1,0,1
107900177,0,0,0
107900178,4,14,-10
107900179,0,0,0
107900180,15,175,-160
107900181,0,0,0
107900182,0,26,-26
107900183,1,10,-9
107900184,0,0,0
107900185,0,0,0
107900186,0,0,0
107900187,0,6,-6
107900188,254,57,197
107900189,0,0,0
107900190,0,26,-26
107900191,0,0,0
107900193,0,0,0
107900194,0,0,0
107900195,80,11,69
107900196,0,0,0
107900197,1,18,-17
107900199,0,0,0
107900201,0,0,0
107900203,1,1,0
107900204,0,0,0
107900206,1,109,-108
107900207,0,46,-46
107900208,0,24,-24
107900209,0,0,0
107900210,0,0,0
107900213,0,0,0
107900214,0,24,-24
107900215,12,11,1
107900216,0,0,0
107900217,0,0,0
107900218,0,0,0
107900219,0,0,0
107900220,0,0,0
107900221,0,0,0
107900223,0,0,0
107900224,28,23,5
107900225,0,0,0
107900226,0,0,0
107900227,18,12,6
107900228,0,0,0
107900229,0,0,0
107900230,0,1,-1
107900231,0,0,0
107900232,17,3,14
107900233,0,0,0
107900234,0,0,0
107900235,0,6,-6
107900236,1,0,1
107900237,0,0,0
107900238,0,0,0
107900239,26,22,4
107900240,4,1,3
107900241,0,0,0
107900242,5,13,-8
107900243,0,0,0
107900244,4,0,4
107900245,109,19,90
107900246,98,2,96
107900248,110,2,108
107900249,113,11,102
107900250,0,27,-27
107900251,0,22,-22
107900252,89,4,85
107900253,30,2,28
107900254,0,11,-11
107900255,1,0,1
107900256,18,0,18
107900257,44,9,35
107900258,17,0,17
107900259,3,333,-330
107900261,0,35,-35
107900262,0,0,0
107900264,48,3,45
107900265,14,32,-18
107900267,49,0,49
107900268,0,0,0
107900269,0,0,0
107900270,0,0,0
107900271,0,0,0
107900272,0,0,0
107900273,36,3,33
107900274,75,0,75
107900275,2,0,2
107900276,0,0,0
107900277,0,0,0
107900278,99,5,94
107900279,0,0,0
107900280,398,64,334
107900281,129,763,-634
107900282,8,174,-166
107900283,179,107,72
107900284,213,48,165
107900285,9,8,1
107900286,1,2,-1
107900287,84,21,63
107900290,0,2,-2
107900291,58,0,58
107900292,112,22,90
107900293,35,101,-66
107900295,5,0,5
107900297,0,0,0
107900298,90,127,-37
107900299,110,306,-196
107900301,28,129,-101
107900302,10,15,-5
107900303,50,2,48
107900304,94,0,94
107900305,58,0,58
107900306,0,0,0
107900307,0,0,0
107900308,55,5,50
107900309,0,0,0
107900310,0,0,0
107900311,0,0,0
107900312,0,0,0
107900313,0,0,0
107900314,0,0,0
107900315,0,0,0
107900316,0,0,0
107900317,0,0,0
107900318,0,0,0
107900319,0,1,-1
107900320,0,1,-1
107900321,20,0,20
107900322,1,3,-2
107900323,1,1,0
107900324,32,0,32
107900325,43,0,43
107900326,48,3,45
107900327,0,0,0
107900328,0,0,0
107900329,0,0,0
107900330,0,6,-6
107900331,128,17,111
107900332,147,0,147
107900333,24,0,24
107900334,0,1,-1
107900335,3,0,3
107900336,2,1,1
107900337,69,219,-150
107900338,0,1,-1
107900339,0,0,0
107900340,0,0,0
107900341,0,0,0
107900342,41,9,32
107900343,8,0,8
107900344,0,8,-8
107900345,30,21,9
107900346,1,0,1
107900347,3,0,3
107900348,0,2,-2
107900349,27,0,27
107900350,1,20,-19
107900351,0,0,0
107900352,0,1,-1
107900353,1,1,0
107900354,0,27,-27
108000001,1982,1055,927
108000002,75,131,-56
108000003,2004,900,1104
108000004,1022,2220,-1198
108000005,4816,2010,2806
108000006,629,1002,-373
108000007,3287,1211,2076
108000008,826,666,160
108000009,2841,1367,1474
108000010,478,624,-146
108000011,7718,3601,4117
108000012,2167,1514,653
108000014,136,260,-124
108000015,421,86,335
108000016,63,21,42
108000017,692,54,638
108000018,1213,101,1112
108000019,244,83,161
108000020,588,130,458
108000021,20,31,-11
108000022,111,217,-106
108000023,683,39,644
108000024,102,108,-6
108000025,178,7,171
108000026,329,40,289
108000027,226,6,220
108000028,563,59,504
108000029,145,1,144
108000030,142,28,114
108000031,43,19,24
108000032,986,138,848
108000033,60,179,-119
108000034,1306,72,1234
108000035,121,304,-183
108000036,30,89,-59
108000037,1054,70,984
108000038,1753,127,1626
108000039,39,116,-77
108000040,1030,214,816
108000041,49,134,-85
108000042,264,21,243
108000043,13,0,13
108000044,562,16,546
108000045,24,0,24
108000046,985,69,916
108000047,85,145,-60
108000048,0,0,0
108000049,452,47,405
108000050,5,24,-19
108000051,230,54,176
108000052,12,38,-26
108000053,223,88,135
108000054,47,244,-197
108000055,423,167,256
108000056,168,208,-40
108000057,214,488,-274
108000058,692,1430,-738
108000059,257,619,-362
108000060,171,245,-74
108000061,104,150,-46
108000062,448,131,317
108000063,248,103,145
108000064,106,107,-1
108000065,252,124,128
108000066,529,69,460
108000067,942,95,847
108000068,509,138,371
108000069,50,336,-286
108000070,1472,148,1324
108000071,101,421,-320
108000072,1133,166,967
108000073,211,240,-29
108000074,479,146,333
108000075,105,124,-19
108000076,913,92,821
108000077,216,106,110
108000078,1167,211,956
108000079,153,247,-94
108000080,1003,281,722
108000081,82,291,-209
108000082,156,136,20
108000083,731,267,464
108000084,46,78,-32
108000085,367,230,137
108000086,76,31,45
108000087,80,1094,-1014
108000088,357,38,319
108000089,64,74,-10
108000091,17,122,-105
108000092,197,4,193
108000093,26,86,-60
108000094,599,12,587
108000095,22,31,-9
108000096,399,124,275
108000097,54,26,28
108000098,905,310,595
108000099,297,91,206
108000100,206,179,27
108000101,644,346,298
108000102,544,1078,-534
108000106,427,0,427
108000107,1,33,-32
108000108,334,8,326
108000109,1,156,-155
108000110,306,30,276
108000111,36,179,-143
108000112,12,179,-167
108000113,156,100,56
108000115,72,36,36
108000117,197,31,166
108000118,76,457,-381
108000119,179,62,117
108000120,39,272,-233
108000121,154,22,132
108000122,339,91,248
108000123,259,10,249
108000124,34,14,20
108000125,343,35,308
108000126,78,14,64
108000127,289,24,265
108000128,250,9,241
108000129,47,35,12
108000130,259,45,214
108000131,349,57,292
108000132,49,67,-18
108000133,1031,58,973
108000134,117,31,86
108000135,816,147,669
108000136,9,56,-47
108000137,330,115,215
108000138,38,191,-153
108000139,330,108,222
108000140,388,2,386
108000141,6,30,-24
108000142,3,15,-12
108000143,30,14,16
108000144,621,8,613
108000145,52,18,34
108000146,656,13,643
108000147,4,2,2
108000148,259,6,253
108000149,0,1,-1
108000150,54,25,29
108000151,19,37,-18
108000152,49,9,40
108000153,243,31,212
108000154,29,2,27
108000155,47,19,28
108000156,297,43,254
108000157,16,678,-662
108000158,44,194,-150
108000159,89,73,16
108000160,825,369,456
108000161,506,773,-267
108000165,23,65,-42
108000172,1,47,-46
108000173,532,466,66
108000175,249,22,227
108000178,155,298,-143
108000179,157,674,-517
108000181,16,0,16
108000182,84,8,76
108000183,0,26,-26
108000184,34,1161,-1127
108000185,0,8,-8
108000186,96,1,95
108000187,1,13,-12
108000188,175,5,170
108000189,215,3442,-3227
108000190,0,0,0
108000192,74,64,10
108000193,24,134,-110
108000194,17,0,17
108000195,0,11,-11
108000196,120,28,92
108000198,226,24,202
108000199,0,0,0
108000200,180,2,178
108000203,8,12,-4
108000204,15,15,0
108000205,29,3,26
108000339,333,303,30
108000364,50,129,-79
108000365,15,36,-21
108000367,26,1,25
108000368,0,1,-1
108000369,57,21,36
108000371,0,84,-84
108000372,267,1,266
108000373,43,19,24
108000376,27,9,18
108000377,402,142,260
108000378,5383,5183,200
108000379,0,0,0
108000381,74,1,73
108000382,75,0,75
108000383,0,12,-12
108900001,2,32,-30
108900002,58,2,56
108900003,0,13,-13
108900004,105,145,-40
108900007,100,63,37
108900008,32,5,27
108900009,58,29,29
108900010,46,37,9
108900011,444,30,414
108900012,267,32,235
108900013,100,43,57
108900014,2,10,-8
108900015,0,0,0
108900016,0,0,0
108900017,65,42,23
108900018,14,23,-9
108900019,0,19,-19
108900020,13,10,3
108900021,24,38,-14
108900022,18,1,17
108900023,1,5,-4
108900024,3,2,1
108900025,62,2,60
108900026,0,0,0
108900027,0,4,-4
108900028,35,18,17
108900029,12,2,10
108900030,0,1,-1
108900031,23,1,22
108900032,0,0,0
108900033,0,15,-15
108900034,0,8,-8
108900035,49,62,-13
108900038,0,5,-5
108900039,0,20,-20
108900040,1,7,-6
108900041,521,754,-233
108900042,0,11,-11
108900043,0,0,0
108900044,0,25,-25
108900045,58,43,15
108900046,2,28,-26
108900047,0,9,-9
108900048,17,16,1
108900049,89,293,-204
108900050,0,52,-52
108900051,0,4,-4
108900052,2,4,-2
108900053,5,66,-61
108900054,0,0,0
108900055,1,49,-48
108900056,0,10,-10
108900057,0,23,-23
108900058,0,30,-30
108900059,109,14,95
108900060,33,68,-35
108900061,1,0,1
108900062,1,24,-23
108900063,1,5,-4
108900064,11,5,6
108900065,8,23,-15
108900066,117,19,98
108900067,0,6,-6
108900068,1,12,-11
108900069,76,4,72
108900070,30,2,28
108900071,24,0,24
108900072,145,46,99
108900073,1,3,-2
108900074,112,4,108
108900075,4,3,1
108900076,171,21,150
108900077,1,11,-10
108900078,51,13,38
108900079,44,5,39
108900080,28,119,-91
108900081,0,24,-24
108900082,2,3,-1
108900083,0,14,-14
108900085,96,4,92
108900086,8,3,5
108900087,23,17,6
108900088,113,35,78
108900089,0,42,-42
108900090,18,5,13
108900091,1,21,-20
108900092,102,32,70
108900093,6,41,-35
108900094,60,14,46
108900095,4,8,-4
108900096,25,1,24
108900097,56,13,43
108900098,193,269,-76
108900099,94,5,89
108900100,11,5,6
108900101,24,39,-15
108900102,2,222,-220
108900103,29,19,10
108900105,3,492,-489
108900106,138,23,115
108900108,52,6,46
108900109,119,3,116
108900110,16,10,6
108900111,159,27,132
108900113,11,16,-5
108900114,30,1,29
108900115,58,23,35
108900116,2,0,2
108900117,44,8,36
108900118,200,4,196
108900119,200,21,179
108900120,47,54,-7
108900121,68,4,64
108900122,65,8,57
108900123,29,20,9
108900124,16,9,7
108900125,150,0,150
108900126,80,27,53
108900127,56,2,54
108900128,128,12,116
108900129,83,6,77
108900130,78,1,77
108900131,215,4,211
108900132,131,1,130
108900133,89,8,81
108900134,342,5,337
108900135,171,0,171
108900136,24,8,16
108900137,70,1,69
108900138,300,10,290
108900140,242,3,239
108900141,181,0,181
108900142,23,1,22
108900143,10,0,10
108900144,48,0,48
108900145,113,16,97
108900146,7,0,7
108900147,222,0,222
108900148,5,3,2
108900150,22,1,21
108900151,4,0,4
108900152,105,1,104
108900153,115,5,110
108900154,1724,153,1571
108900156,10,0,10
108900157,0,13,-13
108900158,111,12,99
108900159,0,26,-26
108900160,0,23,-23
108900161,0,39,-39
108900162,35,1,34
108900163,2,179,-177
108900164,27,4,23
108900168,400,573,-173
108900169,3,17,-14
108900171,218,885,-667
108900172,43,8,35
108900173,28,6,22
108900174,439,66,373
108900176,3,10,-7
108900177,176,735,-559
108900178,234,911,-677
108900180,48,91,-43
108900183,17,25,-8
108900184,154,22,132
108900185,4,42,-38
108900186,9,24,-15
108900189,98,11,87
108900190,4,43,-39
108900192,2,50,-48
108900195,2,13,-11
108900196,0,20,-20
108900199,44,37,7
108900200,166,82,84
108900201,69,118,-49
108900203,159,50,109
108900204,116,18,98
108900205,77,9,68
108900206,79,4,75
108900207,25,19,6
108900208,20,27,-7
108900209,22,19,3
108900210,1,5,-4
108900211,0,40,-40
108900212,1,90,-89
108900215,0,1,-1
108900216,43,20,23
108900217,3,0,3
108900218,15,0,15
108900221,0,0,0
108900224,0,0,0
108900225,0,0,0
108900227,12,52,-40
108900230,32,16,16
108900232,0,10,-10
108900233,118,0,118
108900234,75,10,65
108900235,0,0,0
108900236,0,0,0
108900240,8,14,-6
108900241,2,8,-6
108900245,0,98,-98
108900250,27,1,26
108900258,0,1,-1
108900259,0,1,-1
108900260,0,0,0
108900261,7,6,1
108900262,25,0,25
108900263,5,15,-10
108900264,6,20,-14
108900265,20,189,-169
108900266,20,259,-239
108900267,1,58,-57
108900268,2,2,0
108900269,24,2,22
108900270,33,0,33
108900271,11,0,11
108900272,73,1,72
108900273,12,178,-166
108900274,4,5,-1
109000001,700,1837,-1137
109000002,0,213,-213
109000003,1291,235,1056
109000004,1,77,-76
109000005,976,255,721
109000006,3,95,-92
109000007,945,285,660
109000008,3,74,-71
109000009,1491,393,1098
109000010,8,103,-95
109000011,1948,698,1250
109000012,21,111,-90
109000013,2619,1706,913
109000014,53,152,-99
109000015,2364,4072,-1708
109000016,73,155,-82
109000017,1701,391,1310
109000018,33,100,-67
109000019,1375,595,780
109000020,7,36,-29
109000023,23,4,19
109000024,0,19,-19
109000025,34,99,-65
109000026,214,174,40
109000027,22,115,-93
109000028,35,16,19
109000029,41,78,-37
109000030,0,0,0
109000031,180,38,142
109000032,0,1,-1
109000033,254,33,221
109000034,0,2,-2
109000035,0,6,-6
109000036,11,48,-37
109000037,66,822,-756
109000038,74,46,28
109000039,133,287,-154
109000040,214,3008,-2794
109000041,180,760,-580
109000042,157,307,-150
109000044,134,5,129
109000045,65,4,61
109000046,165,3,162
109000047,4,0,4
109000048,299,62,237
109000049,5,8,-3
109000050,142,45,97
109000051,2,25,-23
109000052,61,39,22
109000053,470,63,407
109000054,12,37,-25
109000055,22,61,-39
109000056,60,3,57
109000057,56,215,-159
109000058,159,15,144
109000059,1,233,-232
109000060,171,191,-20
109000061,28,1047,-1019
109000062,7,116,-109
109000063,3,14,-11
109000064,128,29,99
109000065,1,11,-10
109000066,137,8,129
109000067,0,45,-45
109000068,81,0,81
109000069,126,1,125
109000070,0,33,-33
109000071,78,14,64
109000072,52,284,-232
109000073,5,54,-49
109000074,10,128,-118
109000075,75,2,73
109000076,39,165,-126
109000077,61,76,-15
109000078,33,39,-6
109000079,13,28,-15
109000080,168,9,159
109000081,54,58,-4
109000082,333,4,329
109000083,110,49,61
109000088,94,29,65
109000089,226,11,215
109000090,94,37,57
109000091,155,17,138
109000092,127,160,-33
109000093,155,35,120
109000094,313,0,313
109000095,9,22,-13
109000096,471,6,465
109000097,2,14,-12
109000098,77,45,32
109000099,400,30,370
109000100,41,99,-58
109000101,807,211,596
109000102,131,60,71
109000103,396,75,321
109000104,1097,92,1005
109000105,63,96,-33
109000106,896,175,721
109000107,70,92,-22
109000108,1030,206,824
109000109,98,55,43
109000110,420,267,153
109000111,113,179,-66
109000112,12,35,-23
109000113,145,13,132
109000114,164,64,100
109000115,298,18,280
109000116,8,87,-79
109000117,128,2,126
109000118,2,98,-96
109000119,533,13,520
109000120,11,28,-17
109000121,401,14,387
109000122,12,58,-46
109000123,11,39,-28
109000124,297,58,239
109000125,767,84,683
109000126,15,47,-32
109000127,1139,67,1072
109000128,32,45,-13
109000129,1015,101,914
109000130,64,54,10
109000131,640,420,220
109000132,87,185,-98
109000133,40,54,-14
109000134,11,53,-42
109000135,33,30,3
109000136,132,105,27
109000137,281,18,263
109000138,191,43,148
109000139,215,17,198
109000140,81,89,-8
109000141,310,13,297
109000142,22,58,-36
109000143,7,27,-20
109000145,56,110,-54
109000146,36,208,-172
109000148,0,0,0
109000149,4,164,-160
109000150,99,74,25
109000155,172,224,-52
109000156,192,8,184
109000158,1,147,-146
109000159,6,75,-69
109000160,487,55,432
109000161,264,118,146
109000162,544,95,449
109000163,612,92,520
109000164,691,411,280
109000165,516,237,279
109000166,457,30,427
109000167,125,42,83
109000170,5,2,3
109000171,25,2,23
109000172,1,1,0
109000173,1,6,-5
109000174,8,1,7
109000175,52,9,43
109000176,122,101,21
109000177,22,21,1
109000178,201,54,147
109000179,344,751,-407
109000180,603,191,412
109000181,12,16,-4
109000182,25,21,4
109000183,14,1,13
109000184,38,67,-29
109000185,19,20,-1
109000188,130,164,-34
109000189,453,37,416
109000190,148,115,33
109000191,273,56,217
109000192,184,7,177
109000193,108,11,97
109000194,101,1,100
109000195,40,11,29
109000196,70,1,69
109000197,64,7,57
109000198,83,8,75
109000199,16,5,11
109000206,84,7,77
109000207,50,5,45
109000208,56,58,-2
109000209,27,25,2
109000210,20,19,1
109000211,184,236,-52
109000214,154,191,-37
109000215,111,23,88
109000216,149,207,-58
109000217,9,1,8
109000218,8,8,0
109000221,3,39,-36
109000222,381,36,345
109000223,84,160,-76
109000224,90,31,59
109000225,60,8,52
109000226,90,34,56
109000227,532,112,420
109000228,0,1,-1
109000231,1,29,-28
109000232,210,25,185
109000236,13,20,-7
109000241,494,178,316
109000242,353,91,262
109000293,1,17,-16
109000361,130,25,105
109000364,15,6,9
109000396,1,40,-39
109000397,514,0,514
109000399,72,116,-44
109000400,46,46,0
109000403,2,599,-597
109000406,90,0,90
109000407,34,30,4
109000408,0,41,-41
109000410,0,0,0
109000411,168,20,148
109900001,0,0,0
109900002,68,0,68
109900003,169,1,168
109900004,5,0,5
109900005,4,0,4
109900006,172,16,156
109900007,262,0,262
109900008,0,0,0
109900009,0,7,-7
109900010,0,0,0
109900011,0,22,-22
109900012,21,18,3
109900013,61,33,28
109900014,46,10,36
109900015,40,6,34
109900016,33,5,28
109900017,38,21,17
109900018,24,0,24
109900019,33,2,31
109900020,4,1,3
109900021,6,0,6
109900022,111,25,86
109900023,12,0,12
109900024,0,0,0
109900025,1,0,1
109900026,0,5,-5
109900027,0,1,-1
109900028,3,101,-98
109900029,0,3,-3
109900030,0,0,0
109900031,0,13,-13
109900032,0,0,0
109900033,0,46,-46
109900034,0,0,0
109900035,2,6,-4
109900036,0,0,0
109900037,0,0,0
109900038,1,9,-8
109900039,21,0,21
109900040,0,0,0
109900041,25,7,18
109900042,0,0,0
109900044,27,0,27
109900045,24,11,13
109900046,109,24,85
109900047,1,17,-16
109900048,0,4,-4
109900049,0,8,-8
109900050,0,1,-1
109900051,0,2,-2
109900052,2,2,0
109900053,0,8,-8
109900054,311,24,287
109900055,19,8,11
109900056,0,0,0
109900057,0,4,-4
109900058,0,0,0
109900059,37,1,36
109900060,109,17,92
109900061,1,4,-3
109900062,0,0,0
109900063,0,3,-3
109900064,61,14,47
109900065,2,5,-3
109900066,0,8,-8
109900067,0,0,0
109900068,36,0,36
109900069,0,0,0
109900070,0,2,-2
109900071,0,0,0
109900072,0,7,-7
109900073,89,1,88
109900074,1,4,-3
109900075,0,0,0
109900076,1,3,-2
109900077,1,48,-47
109900078,0,2,-2
109900080,5,19,-14
109900081,0,14,-14
109900082,7,11,-4
109900083,1,4,-3
109900084,0,0,0
109900085,17,15,2
109900086,1,148,-147
109900087,8,21,-13
109900089,34,3,31
109900090,1,7,-6
109900091,22,0,22
109900092,0,0,0
109900093,74,2,72
109900094,0,0,0
109900095,4,22,-18
109900096,26,0,26
109900097,13,0,13
109900098,62,0,62
109900099,237,2,235
109900100,0,0,0
109900101,324,0,324
109900102,0,0,0
109900103,19,1,18
109900104,386,15,371
109900105,0,0,0
109900106,0,0,0
109900107,0,0,0
109900108,0,0,0
109900109,0,0,0
109900110,0,0,0
109900111,3,6,-3
109900112,3,0,3
109900113,26,11,15
109900114,89,18,71
109900115,8,4,4
109900117,387,6,381
109900118,2,1,1
109900119,3,6,-3
109900120,1,0,1
109900121,25,4,21
109900122,15,0,15
109900123,0,3,-3
109900124,0,0,0
109900125,0,21,-21
109900126,108,2,106
109900128,4,0,4
109900130,196,275,-79
109900131,1,2,-1
109900132,0,6,-6
109900133,0,1,-1
109900134,0,0,0
109900135,0,0,0
109900136,0,0,0
109900137,12,9,3
109900140,19,4,15
109900142,35,1,34
109900145,0,19,-19
109900146,0,0,0
109900148,4,2,2
109900149,0,1,-1
109900150,0,0,0
109900151,0,0,0
109900152,10,2,8
109900153,0,23,-23
109900154,2,0,2
109900155,31,0,31
109900157,1,24,-23
109900158,0,0,0
109900159,32,10,22
109900160,6,0,6
109900161,23,2,21
109900162,39,18,21
109900163,115,37,78
109900164,51,79,-28
109900165,43,3,40
109900166,0,25,-25
109900167,13,38,-25
109900168,59,30,29
109900169,0,0,0
109900170,0,251,-251
109900171,29,18,11
109900172,12,27,-15
109900173,41,199,-158
109900174,0,1,-1
109900175,0,0,0
109900176,0,0,0
109900177,0,0,0
109900178,0,0,0
109900179,0,0,0
109900180,12,0,12
110000001,109,65,44
110000002,300,705,-405
110000003,101,172,-71
110000004,308,630,-322
110000005,197,996,-799
110000006,152,409,-257
110000007,32,16,16
110000008,4,6,-2
110000009,3,18,-15
110000010,7,29,-22
110000011,1,16,-15
110000012,85,111,-26
110000013,21,222,-201
110000014,228,69,159
110000015,42,243,-201
110000016,179,649,-470
110000017,927,217,710
110000018,161,115,46
110000019,4,14,-10
110000020,133,26,107
110000021,47,34,13
110000022,161,4,157
110000023,0,25,-25
110000024,76,22,54
110000025,384,1,383
110000026,0,63,-63
110000027,116,248,-132
110000028,532,156,376
110000029,13,114,-101
110000030,112,249,-137
110000031,64,66,-2
110000032,291,93,198
110000033,16,59,-43
110000034,104,127,-23
110000035,132,174,-42
110000036,257,144,113
110000037,34,174,-140
110000038,36,149,-113
110000039,364,1140,-776
110000040,162,66,96
110000041,240,898,-658
110000042,32,84,-52
110000043,214,174,40
110000044,5,32,-27
110000045,5,46,-41
110000046,21,7,14
110000047,5,21,-16
110000048,1,9,-8
110000049,0,18,-18
110000050,5,19,-14
110000051,4,7,-3
110000052,36,71,-35
110000053,5,3,2
110000054,5,57,-52
110000055,30,47,-17
110000056,44,72,-28
110000057,44,49,-5
110000058,290,203,87
110000059,100,102,-2
110000060,719,219,500
110000061,73,97,-24
110000062,553,249,304
110000063,52,39,13
110000064,27,10,17
110000065,44,27,17
110000066,16,6,10
110000067,15,2,13
110000068,28,14,14
110000069,170,2,168
110000071,94,1,93
110000073,0,1,-1
110000075,4,1,3
110000076,97,72,25
110000077,46,238,-192
110000078,66,2,64
110000080,81,96,-15
110000081,7,58,-51
110000082,2,117,-115
110000083,82,59,23
110000084,425,493,-68
110000085,390,310,80
110000086,371,692,-321
110000087,37,15,22
110000088,26,26,0
110000089,97,11,86
110000090,12,17,-5
110000091,31,12,19
110000092,1,0,1
110000093,88,0,88
110000094,178,20,158
110000095,68,288,-220
110000096,225,284,-59
110000097,320,573,-253
110000098,671,152,519
110000099,186,162,24
110000100,279,2,277
110000101,0,19,-19
110000102,28,29,-1
110000104,124,55,69
110000105,48,55,-7
110000106,82,201,-119
110000107,40,83,-43
110000108,60,87,-27
110000109,2,10,-8
110000110,631,1395,-764
110000111,569,938,-369
110000112,112,188,-76
110000113,13,472,-459
110000114,62,192,-130
110000115,159,42,117
110000116,33,27,6
110000117,103,20,83
110000118,204,6,198
110000119,51,34,17
110000120,116,29,87
110000121,0,76,-76
110000122,106,141,-35
110000123,370,265,105
110000124,0,148,-148
110000125,254,0,254
110000126,87,0,87
110000127,311,4,307
110000128,0,51,-51
110000129,0,20,-20
110000130,105,28,77
110000131,3,35,-32
110000132,0,39,-39
110000133,1,73,-72
110000134,0,21,-21
110000135,78,15,63
110000136,5,37,-32
110000137,239,26,213
110000138,111,52,59
110000139,419,43,376
110000140,407,144,263
110000143,167,50,117
110000144,971,405,566
110000145,415,243,172
110000146,404,119,285
110000147,19,302,-283
110000148,244,10,234
110000151,79,205,-126
110000152,108,503,-395
110000153,0,0,0
110000154,0,0,0
110000155,311,395,-84
110000156,84,338,-254
110000157,135,442,-307
110000160,176,86,90
110000161,32,70,-38
110000166,225,0,225
110000167,615,242,373
110000168,354,215,139
110000169,245,136,109
110000170,32,24,8
110000171,170,14,156
110000172,88,117,-29
110000173,212,231,-19
110000174,34,56,-22
110000175,284,23,261
110000176,46,202,-156
110000177,42,373,-331
110000178,148,676,-528
110000179,166,82,84
110000180,24,80,-56
110000181,147,33,114
110000182,59,1,58
110000183,2117,2319,-202
110000184,61,1033,-972
110000185,86,204,-118
110000186,60,161,-101
110000191,606,53,553
110000192,221,6,215
110000193,576,1,575
110000194,0,75,-75
110000195,243,6,237
110000196,129,6,123
110000197,28,4,24
110000198,34,1,33
110000199,8,27,-19
110000200,151,35,116
110000201,244,286,-42
110000202,430,120,310
110000203,24,29,-5
110000204,13,12,1
110000205,141,14,127
110000206,34,18,16
110000207,718,28,690
110000208,22,67,-45
110000209,8,34,-26
110000210,742,104,638
110000211,389,115,274
110000212,133,414,-281
110000213,85,4,81
110000214,34,14,20
110000215,5,54,-49
110000216,2,83,-81
110000217,215,10,205
110000218,35,28,7
110000219,155,13,142
110000220,8,15,-7
110000221,201,13,188
110000222,13,70,-57
110000223,7,11,-4
110000224,0,2,-2
110000225,33,70,-37
110000226,53,12,41
110000227,8,119,-111
110000228,43,14,29
110000229,0,22,-22
110000230,224,183,41
110000231,109,75,34
110000232,33,71,-38
110000233,61,50,11
110000234,102,71,31
110000235,249,202,47
110000236,0,0,0
110000237,380,79,301
110000238,509,165,344
110000239,375,145,230
110000240,0,0,0
110000242,0,2,-2
110000243,17,13,4
110000244,0,17,-17
110000245,0,59,-59
110000246,289,62,227
110000247,213,247,-34
110000248,175,94,81
110000249,56,7,49
110000250,3,12,-9
110000251,31,69,-38
110000252,107,8,99
110000253,358,167,191
110000254,181,46,135
110000255,38,51,-13
110000256,104,52,52
110000257,49,4,45
110000258,0,29,-29
110000259,19,1,18
110000260,9,24,-15
110000263,81,5,76
110000264,214,107,107
110000265,578,287,291
110000266,591,420,171
110000267,0,0,0
110000268,49,0,49
110000269,0,0,0
110000270,24,0,24
110000271,282,8,274
110000272,179,128,51
110000273,107,202,-95
110000274,53,631,-578
110000275,186,63,123
110000276,31,181,-150
110000277,143,30,113
110000278,82,114,-32
110000279,431,94,337
110000280,234,67,167
110000281,42,5,37
110000282,42,0,42
110000283,8,35,-27
110000284,0,0,0
110000285,0,8,-8
110000286,0,0,0
110000287,6,0,6
110000288,0,0,0
110000289,98,892,-794
110000290,55,94,-39
110000291,204,268,-64
110000292,254,1345,-1091
110000293,367,124,243
110000294,625,201,424
110000295,35,76,-41
110000296,221,26,195
110000297,496,12,484
110000298,0,24,-24
110000299,27,16,11
110000301,301,25,276
110000302,51,46,5
110000303,293,4,289
110000304,37,14,23
110000305,524,0,524
110000306,1,52,-51
110000307,475,0,475
110000308,148,21,127
110000309,1,93,-92
110000310,358,8,350
110000311,0,63,-63
110000312,154,12,142
110000313,410,73,337
110000314,1,59,-58
110000315,343,453,-110
110000316,10,217,-207
110000317,7,12,-5
110000318,0,16,-16
110000319,0,1,-1
110000320,0,14,-14
110000321,21,3,18
110000322,24,62,-38
110000323,160,73,87
110000324,148,53,95
110000325,902,953,-51
110000327,80,9,71
110000328,2,10,-8
110000333,275,397,-122
110000334,35,101,-66
110000335,73,64,9
110000336,30,66,-36
110000337,696,40,656
110000338,143,73,70
110000339,208,14,194
110000340,1,8,-7
110000341,117,0,117
110000342,17,0,17
110000343,0,0,0
110000344,1,8,-7
110000345,10,45,-35
110000346,664,354,310
110000347,875,179,696
110000348,1,6,-5
110000349,1,3,-2
110000350,27,0,27
110000351,472,116,356
110000352,225,476,-251
110000353,826,118,708
110000354,144,805,-661
110000355,1,1,0
110000356,157,1,156
110000357,242,0,242
110000361,0,0,0
110000362,0,0,0
110000363,263,0,263
110000364,104,52,52
110000365,31,0,31
110000366,0,4,-4
110000367,36,27,9
110000368,0,0,0
110000369,23,0,23
110000373,0,19,-19
110000374,9,10,-1
110000375,40,85,-45
110000376,19,37,-18
110000377,67,125,-58
110000378,0,75,-75
110000379,766,1234,-468
110000380,222,23,199
110000383,0,53,-53
110000384,270,12,258
110000385,0,16,-16
110000387,12,0,12
110000388,5,17,-12
110000389,532,1,531
110000391,269,8,261
110000396,26,10,16
110000397,79,1,78
110000398,1,14,-13
110000399,65,0,65
110000587,34,19,15
110000589,124,31,93
110000640,103,1,102
110000652,0,46,-46
110000653,29,44,-15
110000654,0,0,0
110000656,0,0,0
110000674,1,0,1
110000675,0,0,0
110000676,0,0,0
110000679,13,24,-11
110000682,33,60,-27
110000683,207,113,94
110000684,0,0,0
110000685,0,6,-6
110000686,0,0,0
110000687,5,0,5
110000688,14,131,-117
110000689,47,2,45
110000692,0,20,-20
110000693,3,89,-86
110000694,0,0,0
110000695,3,22,-19
110000696,47,18,29
110900001,44,7,37
110900002,31,0,31
110900003,199,2,197
110900004,158,1,157
110900005,0,6,-6
110900006,22,2,20
110900007,7,2,5
110900008,0,0,0
110900009,9,73,-64
110900010,0,0,0
110900011,0,1,-1
110900012,0,0,0
110900013,158,10,148
110900014,22,0,22
110900015,8,223,-215
110900016,0,0,0
110900017,143,1,142
110900018,39,0,39
110900019,0,0,0
110900020,0,0,0
110900021,0,0,0
110900022,0,0,0
110900023,2,36,-34
110900024,0,0,0
110900025,0,0,0
110900027,0,0,0
110900028,0,0,0
110900029,0,0,0
110900030,0,0,0
110900031,0,0,0
110900032,0,0,0
110900033,0,1,-1
110900035,0,0,0
110900036,13,0,13
110900037,24,0,24
110900038,0,0,0
110900039,0,0,0
110900040,19,1,18
110900041,1,0,1
110900042,0,0,0
110900043,0,0,0
110900044,0,0,0
110900045,0,0,0
110900046,0,0,0
110900047,0,0,0
110900049,7,6,1
110900050,4,1,3
110900051,0,0,0
110900052,0,0,0
110900053,0,0,0
110900054,0,0,0
110900055,1,0,1
110900056,0,0,0
110900057,0,0,0
110900058,0,0,0
110900059,4,0,4
110900060,56,7,49
110900061,0,0,0
110900062,0,0,0
110900063,10,4,6
110900064,1,0,1
110900065,3,29,-26
110900066,1,7,-6
110900067,0,0,0
110900068,0,0,0
110900069,0,1,-1
110900070,0,0,0
110900071,0,0,0
110900073,0,2,-2
110900074,140,0,140
110900075,59,21,38
110900077,161,37,124
110900078,0,0,0
110900079,268,272,-4
110900080,70,5,65
110900081,0,0,0
110900082,11,3,8
110900083,10,0,10
110900084,0,0,0
110900085,1,41,-40
110900086,0,17,-17
110900087,44,7,37
110900088,1,0,1
110900090,0,0,0
110900091,0,0,0
110900093,14,1,13
110900095,3,8,-5
110900097,0,3,-3
110900098,0,6,-6
110900099,4,31,-27
110900100,0,0,0
110900102,22,10,12
110900105,16,6,10
110900108,5,0,5
110900111,5,2,3
110900112,187,1,186
110900113,7,5,2
110900115,0,0,0
110900116,156,48,108
110900118,0,429,-429
110900119,36,1,35
110900120,0,0,0
110900121,3,0,3
110900122,13,0,13
110900125,61,103,-42
110900127,0,0,0
110900128,34,57,-23
110900129,3,126,-123
110900130,12,201,-189
110900131,46,3,43
110900132,73,0,73
110900133,0,1,-1
110900135,0,0,0
110900136,21,0,21
110900138,0,1,-1
110900139,0,0,0
110900140,0,0,0
110900141,42,5,37
110900142,0,0,0
110900143,48,3,45
110900144,0,0,0
110900145,4,48,-44
110900146,16,28,-12
110900147,0,0,0
110900148,0,0,0
110900149,0,0,0
110900150,0,6,-6
110900151,0,6,-6
110900152,1,4,-3
110900153,103,2,101
111000001,411,267,144
111000002,85,8,77
111000003,696,395,301
111000004,3,32,-29
111000005,499,694,-195
111000006,40,25,15
111000007,1002,1081,-79
111000008,192,114,78
111000009,28,140,-112
111000010,516,298,218
111000011,12,378,-366
111000012,101,250,-149
111000013,83,398,-315
111000014,506,142,364
111000017,1,70,-69
111000018,5,15,-10
111000020,13,134,-121
111000021,1,47,-46
111000023,28,101,-73
111000025,141,335,-194
111000029,1,4,-3
111000030,5,0,5
111000031,696,299,397
111000032,300,110,190
111000033,67,25,42
111000034,20,57,-37
111000037,220,355,-135
111000038,483,281,202
111000039,400,312,88
111000040,429,318,111
111000041,59,197,-138
111000042,261,578,-317
111000043,783,886,-103
111000044,751,96,655
111000045,1208,521,687
111000046,461,365,96
111000047,1151,1921,-770
111000049,42,45,-3
111000050,125,73,52
111000051,20,58,-38
111000052,27,42,-15
111000053,51,61,-10
111000054,53,59,-6
111000055,253,108,145
111000056,27,26,1
111000057,37,25,12
111000058,238,7,231
111000059,228,70,158
111000060,2374,243,2131
111000061,253,68,185
111000062,608,62,546
111000063,744,274,470
111000064,572,114,458
111000065,779,241,538
111000066,224,50,174
111000067,194,48,146
111000068,85,40,45
111000069,101,144,-43
111000070,90,94,-4
111000071,1,13,-12
111000072,661,293,368
111000073,118,460,-342
111000074,727,398,329
111000075,250,61,189
111000076,455,196,259
111000077,552,217,335
111000078,354,98,256
111000079,277,61,216
111000080,102,129,-27
111000081,252,917,-665
111000082,234,75,159
111000084,207,180,27
111000085,429,584,-155
111000086,667,259,408
111000087,316,186,130
111000088,531,470,61
111000089,282,221,61
111000090,207,202,5
111000091,289,120,169
111000092,817,189,628
111000093,293,245,48
111000094,552,275,277
111000095,244,781,-537
111000096,304,2513,-2209
111000097,184,181,3
111000098,70,64,6
111000099,64,124,-60
111000100,62,85,-23
111000101,46,122,-76
111000102,1,32,-31
111000104,255,17,238
111000107,1,54,-53
111000109,175,17,158
111000110,292,92,200
111000111,1231,47,1184
111000112,844,56,788
111000113,338,616,-278
111000114,350,976,-626
111000115,981,217,764
111000116,83,46,37
111000117,94,76,18
111000118,240,64,176
111000119,532,52,480
111000120,150,67,83
111000121,168,118,50
111000122,119,117,2
111000123,297,285,12
111000124,85,313,-228
111000125,57,102,-45
111000126,38,80,-42
111000127,408,15,393
111000128,939,33,906
111000129,1448,81,1367
111000130,1454,134,1320
111000131,1082,96,986
111000132,830,399,431
111000133,59,5,54
111000134,58,17,41
111000135,3,93,-90
111000136,364,46,318
111000138,1,7,-6
111000140,1,1,0
111000141,25,34,-9
111000142,0,4,-4
111000143,0,18,-18
111000144,0,25,-25
111000145,28,0,28
111000146,57,0,57
111000147,32,1,31
111000148,11,7,4
111000149,1,92,-91
111000150,1,0,1
111000151,2,7,-5
111000153,146,14,132
111000154,35,23,12
111000155,81,31,50
111000156,339,74,265
111000157,23,225,-202
111000158,438,366,72
111000159,667,412,255
111000160,232,34,198
111000161,2,77,-75
111000162,0,5,-5
111000163,47,53,-6
111000164,12,210,-198
111000165,190,35,155
111000166,45,12,33
111000167,8,26,-18
111000168,98,49,49
111000169,107,23,84
111000170,51,56,-5
111000171,86,24,62
111000172,52,67,-15
111000173,66,84,-18
111000174,24,24,0
111000175,13,51,-38
111000176,137,20,117
111000177,254,57,197
111000178,745,33,712
111000179,214,18,196
111000180,61,101,-40
111000181,284,44,240
111000182,79,5,74
111000183,93,26,67
111000184,132,16,116
111000185,73,13,60
111000186,53,4,49
111000187,73,11,62
111000188,187,40,147
111000189,20,37,-17
111000190,10,9,1
111000191,17,12,5
111000192,49,13,36
111000193,33,7,26
111000194,2,2,0
111000195,1,37,-36
111000196,3,27,-24
111000197,320,27,293
111000198,238,0,238
111000199,89,17,72
111000200,377,128,249
111000201,258,23,235
111000202,178,30,148
111000203,175,35,140
111000204,141,468,-327
111000213,94,123,-29
111000214,328,126,202
111000215,348,132,216
111000217,586,37,549
111000218,565,133,432
111000219,78,19,59
111000220,167,99,68
111000221,62,28,34
111000224,0,11,-11
111000225,329,313,16
111000226,9,1,8
111000227,0,1,-1
111000228,0,402,-402
111000229,0,440,-440
111000230,52,25,27
111000231,356,54,302
111000232,270,152,118
111000233,304,80,224
111000234,28,106,-78
111000239,0,0,0
111000240,14,95,-81
111000241,0,0,0
111000242,25,33,-8
111000243,0,0,0
111000244,305,19,286
111000245,271,38,233
111000246,290,53,237
111000247,170,81,89
111000248,400,56,344
111000249,208,37,171
111000250,62,5,57
111000251,81,15,66
111000253,2,0,2
111000255,6,0,6
111000257,21,1,20
111000260,1,68,-67
111000261,406,17,389
111000271,2,29,-27
111000273,426,196,230
111000274,324,315,9
111000275,55,9,46
111000276,64,185,-121
111000277,74,24,50
111000278,218,26,192
111000291,586,3496,-2910
111000298,183,40,143
111000299,51,9,42
111000300,3,15,-12
111000302,78,37,41
111000303,117,19,98
111000312,46,4,42
111000315,0,16,-16
111000320,58,54,4
111000321,239,38,201
111000322,94,51,43
111000323,186,4,182
111000324,86,57,29
111000325,0,22,-22
111000326,48,51,-3
111000327,107,99,8
111000328,74,82,-8
111000329,0,22,-22
111000330,5,0,5
111000331,5,3,2
111000332,140,160,-20
111000334,37,75,-38
111000335,322,18,304
111000337,464,3,461
111000338,6,0,6
111000339,213,7,206
111000340,4,54,-50
111000341,462,114,348
111000342,0,30,-30
111000344,429,115,314
111000345,36,2,34
111000346,0,24,-24
111000347,47,0,47
111000350,46,137,-91
111000351,7,134,-127
111000352,14,6,8
111000353,5,53,-48
111000354,50,35,15
111000355,8,90,-82
111000358,48,47,1
111000360,52,33,19
111000361,55,15,40
111000546,105,1,104
111000547,97,62,35
111000548,9,12,-3
111000549,65,13,52
111000550,0,82,-82
111000551,36,17,19
111000552,62,3,59
111000907,404,26,378
111000908,11,3,8
111000916,450,19,431
111000917,0,4,-4
111000918,15,28,-13
111000920,163,0,163
111000921,0,1,-1
111000922,68,1,67
111000924,0,76,-76
111000925,2133,617,1516
111000926,500,296,204
111000927,1162,1311,-149
111000928,790,516,274
111000929,1151,275,876
111000930,334,465,-131
111000931,1193,390,803
111000932,700,477,223
111000933,1821,1003,818
111000934,260,361,-101
111000935,1027,200,827
111000936,169,326,-157
111000937,501,317,184
111000938,523,240,283
111000939,363,11,352
111000940,219,12,207
111000941,85,8,77
111000943,299,72,227
111000944,53,44,9
111000945,173,3,170
111001109,171,106,65
111001110,37,1,36
111001111,29,2,27
111001112,170,13,157
111001113,0,21,-21
111001114,77,48,29
111001115,0,0,0
111001116,385,1928,-1543
111001117,15,85,-70
111001120,29,16,13
111001121,3,15,-12
111001122,54,24,30
111001123,126,72,54
111001124,36,5,31
111001125,8,271,-263
111001126,23,7,16
111001127,0,0,0
111001128,196,55,141
111900001,0,0,0
111900002,0,1,-1
111900003,0,29,-29
111900004,0,6,-6
111900006,0,0,0
111900007,0,0,0
111900008,0,0,0
111900009,22,0,22
111900010,1,0,1
111900012,0,0,0
111900013,1,6,-5
111900014,205,1233,-1028
111900015,0,6,-6
111900016,0,2,-2
111900017,0,1,-1
111900018,45,0,45
111900019,0,25,-25
111900020,0,2,-2
111900021,0,0,0
111900022,1,1,0
111900023,48,27,21
111900024,17,0,17
111900025,0,5,-5
111900026,0,3,-3
111900027,0,3,-3
111900028,0,0,0
111900029,0,4,-4
111900030,0,0,0
111900031,0,0,0
111900032,0,0,0
111900033,0,2,-2
111900034,0,0,0
111900035,0,0,0
111900036,0,0,0
111900038,0,0,0
111900039,0,0,0
111900040,0,0,0
111900042,0,0,0
111900043,0,0,0
111900044,0,0,0
111900046,0,0,0
111900048,126,33,93
111900049,0,0,0
111900050,0,0,0
111900051,0,1,-1
111900052,0,0,0
111900053,41,454,-413
111900054,0,0,0
111900055,0,23,-23
111900056,18,59,-41
111900057,39,10,29
111900058,220,2,218
111900059,107,39,68
111900060,0,0,0
111900061,0,7,-7
111900062,21,10,11
111900063,69,0,69
111900064,3,3,0
111900065,42,15,27
111900066,6,0,6
111900067,0,0,0
111900068,6,16,-10
111900069,32,1,31
111900070,36,0,36
111900071,0,0,0
111900072,21,7,14
111900073,51,9,42
111900074,0,0,0
111900075,55,2,53
111900076,38,8,30
111900077,26,0,26
111900078,33,2,31
111900079,18,6,12
111900080,0,0,0
111900082,202,9,193
111900083,27,0,27
111900084,79,2,77
111900085,0,0,0
111900086,173,4,169
111900087,26,0,26
111900088,117,0,117
111900089,80,0,80
111900090,0,0,0
111900091,350,2,348
111900092,90,10,80
111900093,97,0,97
111900094,64,1,63
111900095,0,0,0
111900096,211,0,211
111900097,64,0,64
111900098,53,0,53
111900099,27,0,27
111900100,0,0,0
111900101,3,0,3
111900102,33,0,33
111900103,0,0,0
111900104,2,0,2
111900105,2,0,2
111900106,39,14,25
111900110,0,0,0
111900111,41,12,29
111900112,0,0,0
111900113,26,20,6
111900118,27,0,27
111900119,0,7,-7
111900122,25,15,10
111900123,0,4,-4
111900124,0,0,0
111900125,47,5,42
111900126,18,0,18
111900127,0,0,0
111900128,0,0,0
111900129,77,1,76
111900130,0,0,0
111900131,19,0,19
111900132,0,0,0
111900133,0,0,0
111900134,0,0,0
111900135,0,0,0
111900136,0,0,0
111900137,25,1,24
111900138,0,25,-25
111900139,0,3,-3
111900140,42,10,32
111900141,9,1,8
111900142,32,0,32
111900143,3,0,3
111900144,0,0,0
111900145,0,0,0
111900146,0,0,0
111900147,0,0,0
111900148,0,0,0
111900149,0,0,0
111900150,0,0,0
111900151,0,0,0
111900152,0,0,0
111900153,0,0,0
111900154,0,0,0
111900155,0,0,0
111900156,0,0,0
111900157,0,0,0
111900158,0,0,0
111900159,0,0,0
111900160,0,0,0
111900161,0,0,0
111900162,0,0,0
111900163,0,0,0
111900164,0,0,0
111901113,84,0,84
111901114,51,0,51
111901115,0,0,0
111901116,0,0,0
111901117,0,0,0
111901118,0,0,0
111901119,0,0,0
111901121,0,0,0
111901122,2,0,2
111901123,65,0,65
111901124,0,0,0
111901125,254,78,176
111901127,0,0,0
111901128,0,0,0
111901129,0,0,0
111901130,0,0,0
111901131,0,74,-74
111901132,13,27,-14
111901133,0,0,0
111901134,0,0,0
111901135,0,0,0
111901136,0,0,0
111901138,0,0,0
111901139,0,0,0
111901140,0,0,0
111901141,0,0,0
111901142,0,0,0
111901143,0,0,0
111901144,0,0,0
111901145,2,0,2
111901146,0,0,0
111901147,12,2,10
111901148,0,0,0
111901149,0,0,0
111901150,0,0,0
111901151,0,0,0
112000001,1414,670,744
112000002,145,206,-61
112000003,661,352,309
112000004,69,76,-7
112000005,2350,1710,640
112000006,101,35,66
112000007,1862,1397,465
112000008,1507,2389,-882
112000009,1773,470,1303
112000010,837,2575,-1738
112000011,647,254,393
112000012,1752,3711,-1959
112000013,727,445,282
112000014,180,2433,-2253
112000015,266,740,-474
112000016,335,1150,-815
112000017,126,396,-270
112000024,66,105,-39
112000026,413,412,1
112000027,337,513,-176
112000028,317,79,238
112000029,64,438,-374
112000030,3,1,2
112000031,243,1628,-1385
112000032,3,0,3
112000033,323,1252,-929
112000034,3,2,1
112000035,9,40,-31
112000036,22,607,-585
112000037,41,84,-43
112000038,102,505,-403
112000039,55,22,33
112000040,3,27,-24
112000041,70,138,-68
112000042,244,35,209
112000050,567,592,-25
112000051,554,669,-115
112000054,431,499,-68
112000057,7,20,-13
112000058,21,221,-200
112000059,109,217,-108
112000061,400,242,158
112000062,116,354,-238
112000063,234,324,-90
112000064,474,399,75
112000065,290,125,165
112000066,628,559,69
112000067,49,51,-2
112000068,982,770,212
112000069,25,142,-117
112000070,198,276,-78
112000071,113,97,16
112000072,772,199,573
112000073,58,130,-72
112000074,383,168,215
112000075,815,377,438
112000076,742,203,539
112000077,705,97,608
112000078,690,151,539
112000079,956,384,572
112000080,227,198,29
112000081,233,472,-239
112000082,412,371,41
112000083,207,262,-55
112000084,500,268,232
112000085,708,157,551
112000086,1262,362,900
112000087,153,64,89
112000088,365,99,266
112000089,72,77,-5
112000090,116,82,34
112000091,173,63,110
112000092,753,145,608
112000093,256,52,204
112000094,401,80,321
112000095,418,40,378
112000096,501,77,424
112000097,888,202,686
112000098,46,34,12
112000099,237,857,-620
112000100,926,148,778
112000101,16,21,-5
112000102,417,71,346
112000103,53,69,-16
112000105,123,62,61
112000106,1041,51,990
112000107,63,25,38
112000108,156,167,-11
112000109,124,42,82
112000110,551,161,390
112000111,84,157,-73
112000112,759,71,688
112000113,76,60,16
112000114,664,162,502
112000115,126,4,122
112000116,41,34,7
112000117,67,62,5
112000118,112,51,61
112000119,79,102,-23
112000120,0,8,-8
112000121,53,52,1
112000122,184,15,169
112000123,318,22,296
112000124,199,10,189
112000125,132,52,80
112000126,239,67,172
112000127,519,700,-181
112000128,48,338,-290
112000129,86,7,79
112000130,18,5,13
112000131,36,4,32
112000132,5,8,-3
112000133,133,25,108
112000134,106,27,79
112000135,430,58,372
112000136,149,164,-15
112000137,440,216,224
112000138,178,165,13
112000139,72,198,-126
112000140,13,85,-72
112000141,291,53,238
112000142,20,34,-14
112000143,645,34,611
112000144,33,63,-30
112000145,1465,107,1358
112000146,90,67,23
112000147,1095,403,692
112000148,227,104,123
112000149,197,72,125
112000150,19,9,10
112000151,117,17,100
112000152,46,57,-11
112000153,17,42,-25
112000154,67,0,67
112000155,23,22,1
112000157,45,214,-169
112000158,74,28,46
112000159,105,50,55
112000167,11,1,10
112000169,95,494,-399
112000173,138,24,114
112000175,112,58,54
112000176,281,187,94
112000177,106,17,89
112000178,21,31,-10
112000179,66,7,59
112000180,25,17,8
112000181,291,58,233
112000182,684,102,582
112000183,54,41,13
112000184,152,59,93
112000185,17,43,-26
112000187,691,229,462
112000195,41,0,41
112000196,10,0,10
112000197,1,7,-6
112000198,1,7,-6
112000199,0,61,-61
112000202,211,0,211
112000216,4,51,-47
112000230,22,1,21
112000231,0,3,-3
112000256,34,50,-16
112000313,12,7,5
112000314,0,0,0
112000337,45,119,-74
112000352,5,12,-7
112000392,577,635,-58
112000398,564,268,296
112000399,258,2024,-1766
112000400,221,483,-262
112000401,401,417,-16
112000402,1330,2548,-1218
112000403,317,1933,-1616
112000404,280,698,-418
112000405,1446,1369,77
112000406,742,480,262
112000407,3156,1903,1253
112000408,1046,833,213
112000409,316,742,-426
112000410,0,0,0
112000411,162,26,136
112000412,0,0,0
112000413,63,255,-192
112000414,43,7,36
112000415,6,3,3
112000416,1268,344,924
112000417,109,75,34
112000421,43,15,28
112000422,34,29,5
112000424,140,570,-430
112000425,21,20,1
112000426,4,17,-13
112000427,0,2,-2
112000428,16,27,-11
112000429,655,781,-126
112000430,883,1305,-422
112000431,45,48,-3
112000432,61,23,38
112000433,127,213,-86
112000437,41,96,-55
112900001,29,0,29
112900002,59,0,59
112900003,29,0,29
112900004,24,1,23
112900005,30,0,30
112900007,80,0,80
112900008,0,0,0
112900009,21,0,21
112900010,11,0,11
112900011,0,0,0
112900012,0,0,0
112900013,0,1,-1
112900014,0,0,0
112900015,2,13,-11
112900016,0,0,0
112900017,0,1,-1
112900018,0,0,0
112900019,0,0,0
112900020,8,19,-11
112900021,0,0,0
112900022,0,1,-1
112900023,0,0,0
112900024,0,0,0
112900025,0,1,-1
112900026,0,0,0
112900027,0,0,0
112900028,0,0,0
112900029,41,5,36
112900030,0,0,0
112900031,0,0,0
112900032,0,0,0
112900034,1,2,-1
112900035,0,0,0
112900036,0,0,0
112900037,0,0,0
112900038,58,0,58
112900039,0,0,0
112900040,0,0,0
112900041,4,34,-30
112900042,0,0,0
112900043,0,0,0
112900044,1,0,1
112900045,0,0,0
112900046,1,0,1
112900047,0,0,0
112900049,0,0,0
112900050,2,0,2
112900051,0,0,0
112900052,5,0,5
112900053,0,0,0
112900054,2,0,2
112900055,0,0,0
112900056,0,0,0
112900057,0,0,0
112900058,1,10,-9
112900059,0,0,0
112900060,0,0,0
112900061,0,0,0
112900062,0,0,0
112900063,0,0,0
112900064,0,0,0
112900065,0,0,0
112900066,38,12,26
112900067,0,0,0
112900068,0,0,0
112900069,1,0,1
112900071,0,0,0
112900072,1,24,-23
112900073,58,12,46
112900074,0,0,0
112900075,29,1,28
112900076,0,0,0
112900078,0,0,0
112900079,0,0,0
112900080,0,0,0
112900081,3,4,-1
112900082,35,4,31
112900083,10,24,-14
112900084,0,0,0
112900086,0,0,0
112900087,20,1,19
112900088,24,0,24
112900089,128,0,128
112900090,2,4,-2
112900091,0,0,0
112900092,4,0,4
112900093,0,0,0
112900095,0,0,0
112900096,75,5,70
112900097,0,0,0
112900098,4,0,4
112900099,152,6,146
112900100,3,0,3
112900101,0,0,0
112900102,0,0,0
112900103,0,0,0
112900104,0,0,0
112900105,0,0,0
112900106,2,3,-1
112900107,0,0,0
112900108,0,0,0
112900109,8,0,8
112900110,0,0,0
112900111,0,0,0
112900112,0,0,0
112900113,0,0,0
112900114,1,0,1
112900115,427,12,415
112900116,9,0,9
112900117,0,0,0
112900118,0,0,0
112900119,0,0,0
112900120,0,0,0
112900121,0,0,0
112900122,0,0,0
112900123,0,0,0
112900124,0,0,0
112900125,0,0,0
112900126,7,3,4
112900127,0,0,0
112900128,0,0,0
112900129,0,4,-4
112900130,0,0,0
112900131,0,0,0
112900132,0,0,0
112900133,2,20,-18
112900134,0,0,0
112900135,0,0,0
112900137,0,2,-2
112900138,0,0,0
112900139,0,0,0
112900141,95,2,93
112900142,0,0,0
112900143,0,0,0
112900144,0,0,0
112900145,0,0,0
112900146,0,0,0
112900147,0,0,0
112900148,0,0,0
112900149,0,0,0
112900151,0,0,0
112900152,81,1,80
112900153,3,69,-66
112900154,0,0,0
112900155,9,0,9
112900156,29,0,29
112900157,137,2,135
112900158,1,0,1
112900159,3,0,3
112900160,0,0,0
112900161,0,0,0
112900162,0,0,0
112900163,0,0,0
112900164,0,0,0
112900165,0,0,0
112900166,0,0,0
112900167,0,0,0
112900168,0,0,0
112900169,0,0,0
112900170,0,0,0
112900172,0,0,0
112900173,0,0,0
112900174,0,0,0
112900175,0,0,0
112900176,0,0,0
112900177,0,0,0
112900178,3,0,3
112900179,0,13,-13
112900180,173,21,152
112900181,0,0,0
112900182,0,0,0
112900183,0,0,0
112900184,21,11,10
112900185,0,3,-3
112900186,29,44,-15
112900187,0,0,0
112900188,8,41,-33
112900189,0,0,0
112900190,0,0,0
112900192,62,54,8
112900193,50,17,33
112900194,0,0,0
112900195,82,0,82
112900196,40,7,33
112900197,2,2,0
112900199,41,0,41
112900200,6,0,6
112900201,16,1,15
112900202,0,8,-8
112900203,0,0,0
112900204,3,3,0
112900205,2,0,2
112900206,2,0,2
112900207,2,0,2
112900208,0,0,0
112900209,0,0,0
112900210,0,0,0
112900211,0,0,0
112900212,0,0,0
112900213,0,0,0
112900214,0,0,0
112900215,0,0,0
112900216,0,0,0
112900217,0,0,0
112900218,37,6,31
112900219,0,0,0
112900220,0,0,0
112900221,24,0,24
112900222,0,1,-1
112900223,174,1,173
112900224,46,0,46
112900225,0,0,0
112900226,0,0,0
112900227,217,2,215
112900228,52,0,52
112900229,0,0,0
112900230,143,95,48
112900232,0,0,0
112900233,0,0,0
112900234,0,0,0
112900235,0,0,0
112900236,1,0,1
112900237,55,0,55
112900238,0,0,0
112900239,0,0,0
112900240,0,0,0
112900241,0,0,0
112900242,0,0,0
112900243,0,0,0
112900244,0,0,0
112900245,0,0,0
112900246,0,0,0
112900247,0,0,0
112900248,0,0,0
112900249,1,0,1
112900250,0,0,0
112900251,0,0,0
112900252,2,0,2
112900253,0,0,0
112900254,0,0,0
112900255,0,0,0
112900256,0,0,0
112900257,0,0,0
112900258,0,0,0
113000001,1088,1081,7
113000002,1269,1532,-263
113000003,273,555,-282
113000004,245,602,-357
113000005,268,237,31
113000006,159,584,-425
113000007,328,210,118
113000008,222,546,-324
113000009,270,214,56
113000010,438,185,253
113000011,187,75,112
113000012,444,53,391
113000013,78,59,19
113000014,170,255,-85
113000015,19,56,-37
113000016,2,29,-27
113000017,3,7,-4
113000018,27,1,26
113000019,0,0,0
113000020,245,19,226
113000021,390,101,289
113000022,158,255,-97
113000025,5,25,-20
113000026,106,194,-88
113000027,90,186,-96
113000028,7,59,-52
113000029,212,311,-99
113000030,0,1,-1
113000031,0,1,-1
113000032,43,54,-11
113000033,83,64,19
113000034,0,1,-1
113000035,0,0,0
113000036,3,14,-11
113000037,0,0,0
113000038,20,16,4
113000039,2,19,-17
113000040,2,1,1
113000042,117,203,-86
113000051,287,833,-546
113000052,189,70,119
113000053,86,47,39
113000054,59,393,-334
113000055,589,144,445
113000056,544,114,430
113000058,99,197,-98
113000059,315,107,208
113000060,82,151,-69
113000061,138,164,-26
113000062,94,34,60
113000063,144,19,125
113000064,59,35,24
113000065,94,105,-11
113000066,432,43,389
113000067,684,88,596
113000068,179,136,43
113000069,90,115,-25
113000070,758,95,663
113000071,87,47,40
113000072,176,50,126
113000073,72,185,-113
113000074,192,66,126
113000075,499,113,386
113000076,92,512,-420
113000077,162,216,-54
113000078,85,198,-113
113000079,57,91,-34
113000080,59,78,-19
113000081,167,197,-30
113000082,115,42,73
113000083,179,310,-131
113000084,390,183,207
113000085,433,247,186
113000086,265,247,18
113000087,379,523,-144
113000088,120,149,-29
113000089,261,734,-473
113000090,16,213,-197
113000091,37,1,36
113000094,415,103,312
113000095,71,16,55
113000096,55,8,47
113000097,150,72,78
113000098,3,1,2
113000099,295,69,226
113000100,70,9,61
113000101,13,6,7
113000102,71,68,3
113000103,493,114,379
113000104,432,765,-333
113000105,395,74,321
113000106,100,48,52
113000107,439,345,94
113000108,386,320,66
113000109,90,346,-256
113000110,367,218,149
113000111,20,47,-27
113000112,135,178,-43
113000113,411,265,146
113000114,16,159,-143
113000116,48,41,7
113000117,67,25,42
113000118,6,167,-161
113000119,103,32,71
113000120,40,250,-210
113000121,81,50,31
113000124,123,61,62
113000125,3,342,-339
113000127,121,13,108
113000128,50,203,-153
113000129,0,0,0
113000133,144,3,141
113000134,3,388,-385
113000135,1267,1505,-238
113000137,301,753,-452
113000139,78,14,64
113000140,0,1,-1
113000141,24,31,-7
113000142,51,93,-42
113000143,37,123,-86
113000144,11,18,-7
113000145,53,9,44
113000146,0,0,0
113000147,0,0,0
113000148,88,27,61
113000149,50,77,-27
113000150,0,0,0
113000151,0,1,-1
113000152,2,62,-60
113000153,146,112,34
113000154,45,306,-261
113000155,47,202,-155
113000156,48,37,11
113000157,31,62,-31
113000158,112,13,99
113000159,268,11,257
113000160,96,87,9
113000161,122,83,39
113000162,0,0,0
113000163,6,3,3
113000164,0,0,0
113000166,99,28,71
113000167,0,0,0
113000168,0,0,0
113000169,114,10,104
113000170,84,39,45
113000171,0,0,0
113000172,119,9,110
113000173,62,7,55
113000174,0,0,0
113000175,155,15,140
113000176,234,3,231
113000177,0,0,0
113000178,0,0,0
113000179,159,11,148
113000180,392,820,-428
113000181,506,404,102
113000182,6,13,-7
113000183,36,168,-132
113000184,0,0,0
113000189,8,105,-97
113000190,40,74,-34
113000192,221,761,-540
113000193,488,709,-221
113000194,164,574,-410
113000195,178,592,-414
113000196,84,92,-8
113000197,341,633,-292
113000198,6,69,-63
113000199,235,45,190
113000201,9,30,-21
113000202,563,118,445
113000203,25,6,19
113000204,66,769,-703
113000205,0,0,0
113000206,0,6,-6
113000207,0,0,0
113000208,0,11,-11
113000209,0,0,0
113000210,1,8,-7
113000211,47,33,14
113000212,4,0,4
113000213,12,19,-7
113000214,4,2,2
113000234,1,52,-51
113000410,5,40,-35
113000411,453,735,-282
113000412,692,403,289
113000413,335,661,-326
113000414,671,2910,-2239
113000415,203,314,-111
113000416,423,350,73
113000417,131,267,-136
113000418,1134,1186,-52
113000419,385,637,-252
113000420,893,1387,-494
113000421,1723,2468,-745
113000422,1479,2263,-784
113000423,282,1258,-976
113000424,608,2437,-1829
113000425,2,59,-57
113000428,3,0,3
113000430,0,0,0
113000432,644,42,602
113000433,6,133,-127
113000434,0,0,0
113000435,0,1,-1
113000436,1,26,-25
113000437,410,7,403
113000438,21,1,20
113000439,0,0,0
113000440,25,2,23
113000441,79,45,34
113000442,0,0,0
113000443,45,8,37
113000444,0,0,0
113000445,35,22,13
113000446,0,0,0
113000448,0,0,0
113000449,7,280,-273
113000450,17,505,-488
113000451,0,0,0
113000452,28,160,-132
113000453,0,0,0
113000454,52,61,-9
113000455,0,0,0
113000456,64,42,22
113000468,140,14,126
113000469,6,18,-12
113000470,89,26,63
113000471,2,60,-58
113000472,4,8,-4
113000474,639,585,54
113000475,375,622,-247
113000476,590,858,-268
113000477,1403,753,650
113000478,1237,1296,-59
113000479,0,13,-13
113000485,0,0,0
113000486,0,0,0
113000487,0,0,0
113000488,0,0,0
113000489,0,0,0
113000490,0,0,0
113000491,0,0,0
113000492,0,0,0
113000493,0,0,0
113000495,0,0,0
113000496,36,37,-1
113000499,0,0,0
113900001,0,0,0
113900002,0,0,0
113900003,0,0,0
113900004,0,0,0
113900005,0,0,0
113900006,0,0,0
113900007,0,0,0
113900008,0,0,0
113900009,0,0,0
113900010,0,0,0
113900011,0,0,0
113900012,0,0,0
113900013,0,0,0
113900014,110,1,109
113900015,0,0,0
113900016,0,0,0
113900017,0,0,0
113900018,0,0,0
113900019,0,0,0
113900020,78,0,78
113900022,10,0,10
113900023,0,0,0
113900024,0,0,0
113900025,24,1,23
113900026,0,0,0
113900027,0,0,0
113900028,0,0,0
113900029,0,0,0
113900030,41,0,41
113900031,0,0,0
113900032,0,0,0
113900033,0,0,0
113900035,0,0,0
113900036,0,0,0
113900037,0,0,0
113900038,0,0,0
113900039,61,5,56
113900040,0,0,0
113900041,0,0,0
113900042,0,0,0
113900043,0,0,0
113900044,18,33,-15
113900045,0,0,0
113900046,0,0,0
113900047,0,0,0
113900048,0,0,0
113900049,0,0,0
113900050,2,14,-12
113900051,0,0,0
113900052,8,1,7
113900053,49,96,-47
113900054,0,0,0
113900055,0,0,0
113900056,0,0,0
113900057,0,0,0
113900058,0,0,0
113900059,0,0,0
113900060,6,3,3
113900061,12,26,-14
113900062,0,0,0
113900063,0,0,0
113900064,0,0,0
113900065,225,3,222
113900066,0,0,0
113900067,4,0,4
113900068,74,102,-28
113900069,0,0,0
113900070,0,0,0
113900071,0,0,0
113900072,0,0,0
113900073,81,109,-28
113900074,46,12,34
113900075,80,212,-132
113900076,0,0,0
113900077,0,0,0
113900078,0,0,0
113900079,0,0,0
113900080,13,0,13
113900081,0,0,0
113900082,0,0,0
113900083,37,15,22
113900084,11,3,8
113900085,0,0,0
113900086,0,0,0
113900087,0,0,0
113900088,0,0,0
113900089,117,3,114
113900090,0,1,-1
113900091,0,0,0
113900092,0,0,0
113900093,0,0,0
113900094,7,10,-3
113900095,5,7,-2
113900096,0,0,0
113900097,0,0,0
113900098,163,18,145
113900099,0,0,0
113900100,0,0,0
113900101,0,0,0
113900102,0,0,0
113900103,1,5,-4
113900104,40,13,27
113900105,1,0,1
113900106,0,0,0
113900107,0,0,0
113900108,0,0,0
113900109,1,0,1
113900110,0,0,0
113900111,0,0,0
113900112,8,0,8
113900113,4,0,4
113900114,0,0,0
113900115,0,0,0
113900116,0,0,0
113900117,0,0,0
113900118,2,10,-8
113900119,5,49,-44
113900120,0,0,0
113900121,0,0,0
113900122,16,782,-766
113900123,2,1,1
113900124,0,0,0
113900125,27,0,27
113900126,0,0,0
113900127,0,0,0
113900128,0,0,0
113900129,0,32,-32
113900130,0,0,0
113900131,0,0,0
113900132,0,0,0
113900133,0,0,0
113900135,0,0,0
113900136,0,0,0
113900137,0,1,-1
113900138,0,0,0
113900139,0,0,0
113900140,3,18,-15
113900141,0,0,0
113900142,0,0,0
113900143,0,0,0
113900144,19,10,9
113900145,0,0,0
113900146,0,0,0
113900148,0,0,0
113900149,0,0,0
113900150,34,2,32
113900151,0,0,0
113900152,0,5,-5
113900153,0,0,0
113900154,0,0,0
113900155,0,0,0
113900156,0,0,0
113900157,0,10,-10
113900158,0,0,0
113900159,0,0,0
113900160,0,0,0
113900161,0,0,0
113900162,2,5,-3
113900163,0,0,0
113900164,2,0,2
113900165,0,0,0
113900166,1,0,1
113900167,0,0,0
113900168,0,0,0
113900169,0,0,0
113900171,0,0,0
113900172,0,0,0
113900173,0,8,-8
113900174,0,0,0
113900175,121,12,109
113900176,0,0,0
113900177,2,7,-5
113900178,0,0,0
113900179,0,26,-26
113900180,11,4,7
113900181,67,0,67
113900182,0,0,0
113900183,2,5,-3
113900184,1,22,-21
113900185,0,1,-1
113900186,0,0,0
113900187,0,9,-9
113900188,0,0,0
113900189,0,0,0
113900190,0,0,0
113900191,0,0,0
113900192,0,0,0
113900193,0,8,-8
113900194,41,12,29
113900195,0,0,0
113900196,0,0,0
113900197,0,2,-2
113900198,0,0,0
113900199,3,11,-8
113900200,0,0,0
113900201,0,3,-3
113900202,0,0,0
113900203,0,2,-2
113900204,0,2,-2
113900205,0,0,0
113900206,0,0,0
113900207,0,0,0
113900208,0,0,0
113900209,0,0,0
113900210,0,0,0
113900211,0,0,0
113900212,74,3,71
113900214,5,13,-8
113900215,189,0,189
113900216,0,0,0
113900217,0,0,0
113900218,0,0,0
113900219,0,0,0
113900220,0,0,0
113900221,0,43,-43
113900222,0,0,0
113900223,0,0,0
113900224,0,0,0
113900225,6,3,3
113900226,3,3,0
113900227,2,3,-1
113900228,0,0,0
113900229,2,4,-2
113900230,81,1,80
113900231,0,0,0
113900232,0,0,0
113900233,0,0,0
113900234,0,0,0
113900235,0,0,0
113900236,75,1,74
113900237,0,0,0
113900238,5,56,-51
113900239,0,0,0
113900240,0,0,0
113900241,0,0,0
113900242,0,0,0
113900243,0,3,-3
113900244,4,6,-2
113900245,4,0,4
113900246,0,12,-12
113900247,13,73,-60
113900248,0,0,0
113900249,5,78,-73
113900250,4,48,-44
113900251,170,2,168
113900252,162,0,162
113900253,72,0,72
113900254,127,17,110
113900255,245,1,244
113900256,118,8,110
113900257,0,40,-40
113900258,0,43,-43
113900259,122,1,121
113900260,108,2,106
113900261,19,6,13
113900262,60,17,43
113900263,0,3,-3
113900264,0,0,0
113900265,2,0,2
113900266,4,0,4
113900267,10,1,9
113900268,1,40,-39
113900269,0,0,0
113900270,0,0,0
113900271,0,0,0
113900273,0,1,-1
113900274,6,0,6
113900275,0,0,0
113900276,4,6,-2
113900277,43,0,43
113900278,0,0,0
113900279,0,0,0
113900280,6,3,3
113900281,2,90,-88
113900282,0,0,0
113900283,0,0,0
113900284,211,84,127
113900285,0,0,0
113900286,0,0,0
113900287,0,0,0
113900288,0,0,0
113900289,0,0,0
113900290,0,0,0
113900291,0,0,0
113900292,0,0,0
113900293,1,0,1
113900294,166,2,164
113900295,19,56,-37
113900296,71,8,63
113900297,166,4,162
113900298,0,0,0
113900299,5,1,4
113900300,298,24,274
113900301,28,0,28
113900302,36,4,32
113900303,0,0,0
113900304,0,0,0
113900305,26,0,26
113900306,25,0,25
113900307,0,0,0
113900308,0,0,0
113900309,0,1,-1
113900310,0,0,0
113900311,4,0,4
113900312,0,0,0
113900313,0,0,0
113900314,0,0,0
113900315,0,0,0
114000001,264,264,0
114000002,50,102,-52
114000003,3,47,-44
114000004,55,23,32
114000005,49,25,24
114000006,259,250,9
114000007,178,106,72
114000008,137,276,-139
114000009,95,77,18
114000011,1038,301,737
114000012,1554,159,1395
114000013,805,278,527
114000014,81,35,46
114000015,217,14,203
114000016,4,52,-48
114000017,8,120,-112
114000018,5,4,1
114000026,856,242,614
114000027,1103,643,460
114000028,513,1100,-587
114000038,15,10,5
114000039,0,0,0
114000040,63,76,-13
114000042,6,66,-60
114000043,153,46,107
114000044,75,33,42
114000045,18,6,12
114000046,312,462,-150
114000047,15,38,-23
114000048,26,56,-30
114000049,391,303,88
114000050,214,250,-36
114000051,614,740,-126
114000052,502,749,-247
114000053,78,124,-46
114000054,27,275,-248
114000055,6,1,5
114000056,2,82,-80
114000057,559,470,89
114000058,0,22,-22
114000059,0,15,-15
114000060,72,138,-66
114000061,494,1042,-548
114000062,65,348,-283
114000063,77,159,-82
114000064,220,314,-94
114000065,187,272,-85
114000066,195,459,-264
114000067,61,140,-79
114000068,55,80,-25
114000069,126,30,96
114000070,753,567,186
114000071,58,16,42
114000072,97,9,88
114000073,27,18,9
114000074,3,3,0
114000075,16,0,16
114000076,4,3,1
114000077,0,2,-2
114000078,12,26,-14
114000079,13,2,11
114000080,6,49,-43
114000081,36,49,-13
114000082,1,49,-48
114000083,0,0,0
114000084,67,33,34
114000085,15,3,12
114000086,4,16,-12
114000087,0,0,0
114000088,22,4,18
114000089,63,12,51
114000090,190,278,-88
114000091,159,245,-86
114000092,155,69,86
114000093,245,111,134
114000094,155,95,60
114000095,33,189,-156
114000096,28,37,-9
114000097,3,31,-28
114000098,236,76,160
114000099,242,22,220
114000100,1056,99,957
114000101,185,42,143
114000102,190,78,112
114000103,66,61,5
114000104,0,18,-18
114000105,4,2,2
114000106,100,231,-131
114000107,108,33,75
114000108,18,49,-31
114000109,415,636,-221
114000110,5,15,-10
114000111,730,273,457
114000112,1,24,-23
114000113,915,131,784
114000114,11,27,-16
114000115,1023,264,759
114000116,691,1384,-693
114000117,1731,131,1600
114000118,1405,127,1278
114000119,1535,208,1327
114000120,176,147,29
114000121,0,0,0
114000122,92,33,59
114000123,646,74,572
114000124,343,62,281
114000125,224,298,-74
114000126,566,38,528
114000127,60,38,22
114000128,368,38,330
114000130,138,196,-58
114000131,97,27,70
114000132,72,45,27
114000133,69,73,-4
114000134,0,0,0
114000138,0,0,0
114000139,84,146,-62
114000144,211,201,10
114000145,0,0,0
114000146,0,0,0
114000147,517,1181,-664
114000148,185,384,-199
114000149,33,74,-41
114000150,17,43,-26
114000151,102,920,-818
114000152,7,1,6
114000153,75,312,-237
114000154,84,76,8
114000155,406,855,-449
114000156,285,406,-121
114000157,56,264,-208
114000158,39,31,8
114000159,33,15,18
114000160,5,27,-22
114000161,272,604,-332
114000162,695,978,-283
114000163,0,0,0
114000165,54,177,-123
114000166,72,47,25
114000167,696,367,329
114000168,16,3,13
114000169,303,495,-192
114000170,548,184,364
114000171,610,2776,-2166
114000174,5,2,3
114000176,12,2,10
114000177,10,2,8
114000178,57,20,37
114000179,460,294,166
114000180,18,1,17
114000181,287,1553,-1266
114000182,187,313,-126
114000183,119,40,79
114000184,103,47,56
114000185,516,358,158
114000189,640,35,605
114000190,1875,328,1547
114000191,25,104,-79
114000192,0,0,0
114000193,0,0,0
114000194,619,283,336
114000195,171,31,140
114000196,0,0,0
114000197,1051,4,1047
114000198,0,0,0
114000199,1,55,-54
114000200,158,52,106
114000201,17,66,-49
114000202,402,167,235
114000203,204,198,6
114000204,0,0,0
114000205,28,130,-102
114000206,26,172,-146
114000207,73,71,2
114000208,59,26,33
114000209,21,77,-56
114000210,7,119,-112
114000211,1060,374,686
114000212,316,450,-134
114000213,1229,360,869
114000214,1,0,1
114000215,9,2,7
114000216,392,112,280
114000217,257,135,122
114000218,57,0,57
114000219,371,54,317
114000220,0,0,0
114000221,466,36,430
114000222,7,83,-76
114000223,394,65,329
114000224,11,88,-77
114000225,73,37,36
114000226,135,21,114
114000227,721,265,456
114000228,569,115,454
114000229,494,245,249
114000230,1393,308,1085
114000231,476,254,222
114000232,563,93,470
114000233,1062,19,1043
114000234,783,293,490
114000235,468,271,197
114000236,0,0,0
114000237,109,109,0
114000238,90,230,-140
114000239,45,164,-119
114000240,365,339,26
114000241,85,102,-17
114000242,162,111,51
114000243,1019,561,458
114000244,262,78,184
114000245,75,87,-12
114000246,0,0,0
114000247,421,209,212
114000248,770,368,402
114000249,590,166,424
114000250,251,42,209
114000251,205,10,195
114000252,0,10,-10
114000253,6,15,-9
114000254,0,0,0
114000255,21,122,-101
114000256,66,155,-89
114000257,68,151,-83
114000258,62,58,4
114000259,0,2,-2
114000260,0,0,0
114000261,30,7,23
114000262,0,0,0
114000263,5,0,5
114000264,131,23,108
114000265,0,0,0
114000267,0,407,-407
114000268,0,0,0
114000270,111,0,111
114000271,108,50,58
114000283,610,103,507
114000285,0,0,0
114000288,1,3,-2
114000289,172,31,141
114000293,77,10,67
114000294,37,150,-113
114000395,417,24,393
114000396,189,92,97
114000402,312,107,205
114000403,233,33,200
114000405,146,53,93
114000423,177,29,148
114000424,187,109,78
114000425,384,78,306
114000426,93,466,-373
114000427,42,5,37
114000428,32,40,-8
114000429,22,4,18
114000432,73,12,61
114000434,2,3,-1
114000435,0,0,0
114900001,144,50,94
114900002,40,8,32
114900003,142,42,100
114900004,21,68,-47
114900005,36,55,-19
114900006,11,3,8
114900007,20,1,19
114900008,50,2,48
114900010,5,79,-74
114900011,50,31,19
114900013,42,30,12
114900020,5,4,1
114900025,104,23,81
114900026,42,10,32
114900029,7,1,6
114900030,65,4,61
114900031,127,1,126
114900032,82,0,82
114900034,0,0,0
114900035,4,17,-13
114900036,84,31,53
114900039,0,0,0
114900040,0,0,0
114900041,0,0,0
114900042,0,0,0
114900044,1,1,0
114900047,1,0,1
114900048,0,0,0
114900049,0,0,0
114900050,0,0,0
114900051,0,0,0
114900052,0,0,0
114900053,0,0,0
114900054,0,0,0
114900057,31,1,30
114900058,0,0,0
114900059,5,1,4
114900063,0,0,0
114900064,0,0,0
114900065,0,0,0
114900067,0,0,0
114900068,0,0,0
114900069,0,0,0
114900070,113,14,99
114900072,0,0,0
114900073,0,0,0
114900074,145,2,143
114900075,52,0,52
114900076,0,0,0
114900080,86,31,55
114900082,414,5,409
114900083,0,0,0
114900090,43,37,6
114900091,0,0,0
114900097,13,0,13
114900098,0,2,-2
114900099,20,0,20
115000001,475,496,-21
115000002,1566,2524,-958
115000003,409,198,211
115000004,1914,2856,-942
115000005,128,151,-23
115000006,517,597,-80
115000007,107,233,-126
115000008,161,114,47
115000009,218,198,20
115000010,66,98,-32
115000013,0,0,0
115000015,0,0,0
115000016,2,234,-232
115000019,54,104,-50
115000020,12,107,-95
115000021,0,29,-29
115000022,0,7,-7
115000023,151,297,-146
115000024,0,8,-8
115000025,414,141,273
115000026,0,0,0
115000027,215,37,178
115000028,0,0,0
115000029,410,10,400
115000030,1,23,-22
115000031,290,19,271
115000032,0,0,0
115000033,96,1,95
115000034,0,0,0
115000035,270,13,257
115000036,0,0,0
115000037,174,14,160
115000038,33,292,-259
115000039,786,973,-187
115000040,743,568,175
115000041,370,1464,-1094
115000042,214,71,143
115000043,1095,710,385
115000044,599,225,374
115000045,497,118,379
115000046,1404,707,697
115000047,1643,371,1272
115000048,493,170,323
115000049,383,539,-156
115000050,1655,383,1272
115000051,741,1850,-1109
115000052,289,393,-104
115000053,808,1696,-888
115000054,185,124,61
115000055,3,83,-80
115000056,60,69,-9
115000057,76,219,-143
115000058,13,110,-97
115000059,12,185,-173
115000061,75,65,10
115000062,35,14,21
115000063,8,7,1
115000064,98,16,82
115000065,0,4,-4
115000067,107,9,98
115000069,0,2,-2
115000070,1,38,-37
115000071,52,15,37
115000072,0,0,0
115000073,408,69,339
115000075,49,30,19
115000076,522,341,181
115000077,490,326,164
115000078,497,194,303
115000079,383,250,133
115000080,1139,339,800
115000081,26,18,8
115000082,1705,1293,412
115000083,592,166,426
115000084,1653,173,1480
115000085,248,126,122
115000086,652,227,425
115000087,96,363,-267
115000088,775,232,543
115000089,114,112,2
115000090,170,151,19
115000091,215,127,88
115000092,431,186,245
115000093,284,1,283
115000094,1607,2981,-1374
115000095,692,2122,-1430
115000096,362,207,155
115000097,672,531,141
115000098,782,59,723
115000099,1165,317,848
115000100,826,191,635
115000101,33,38,-5
115000102,263,149,114
115000103,149,137,12
115000105,47,14,33
115000106,269,136,133
115000107,14,35,-21
115000108,316,291,25
115000109,995,1757,-762
115000110,518,469,49
115000111,80,448,-368
115000112,160,131,29
115000113,121,236,-115
115000114,164,74,90
115000116,264,404,-140
115000117,362,262,100
115000118,285,605,-320
115000119,431,206,225
115000120,139,881,-742
115000121,190,140,50
115000122,242,206,36
115000123,127,1101,-974
115000124,163,246,-83
115000125,102,396,-294
115000126,58,266,-208
115000127,90,12,78
115000128,39,230,-191
115000129,45,58,-13
115000130,140,24,116
115000131,196,40,156
115000132,142,34,108
115000133,202,31,171
115000134,118,10,108
115000135,39,6,33
115000136,63,38,25
115000137,10,14,-4
115000138,178,67,111
115000139,13,17,-4
115000140,322,47,275
115000141,36,2,34
115000142,26,5,21
115000143,568,228,340
115000144,140,8,132
115000145,61,17,44
115000146,188,83,105
115000147,89,45,44
115000148,97,164,-67
115000149,105,191,-86
115000150,91,55,36
115000151,360,149,211
115000152,161,98,63
115000153,394,126,268
115000154,298,86,212
115000155,76,87,-11
115000156,134,309,-175
115000157,56,105,-49
115000158,16,98,-82
115000159,45,66,-21
115000160,77,88,-11
115000161,58,200,-142
115000162,533,420,113
115000163,99,79,20
115000164,23,115,-92
115000165,140,327,-187
115000167,145,38,107
115000168,137,106,31
115000169,3,7,-4
115000170,0,0,0
115000171,153,155,-2
115000172,11,10,1
115000173,59,98,-39
115000174,4,166,-162
115000175,1,5,-4
115000176,24,70,-46
115000177,0,14,-14
115000178,0,7,-7
115000179,2,19,-17
115000180,1,28,-27
115000181,338,0,338
115000182,471,20,451
115000183,11,13,-2
115000186,148,5,143
115000187,14,16,-2
115000188,218,78,140
115000189,11,9,2
115000190,226,68,158
115000191,8,16,-8
115000194,0,0,0
115000195,65,35,30
115000196,93,19,74
115000197,57,49,8
115000198,260,20,240
115000199,60,72,-12
115000200,141,15,126
115000201,38,13,25
115000206,261,0,261
115000207,0,0,0
115000208,36,3,33
115000209,256,70,186
115000210,67,38,29
115000211,43,20,23
115000212,88,17,71
115000224,6,6,0
115000225,17,6,11
115000229,25,12,13
115000230,20,13,7
115000231,233,78,155
115000232,1217,160,1057
115000233,1,14,-13
115000234,2,8,-6
115000241,11,5,6
115000242,64,6,58
115000243,9,7,2
115000244,8,12,-4
115000246,0,1,-1
115000247,0,0,0
115000248,2,0,2
115000249,4,0,4
115000250,127,0,127
115000251,72,14,58
115000252,7,41,-34
115000253,1,78,-77
115000258,130,8,122
115000259,20,1,19
115000261,24,0,24
115000262,0,8,-8
115000263,19,24,-5
115000264,0,18,-18
115000267,6,10,-4
115000268,0,0,0
115000269,25,3,22
115000270,4,2,2
115000272,34,12,22
115000273,80,3,77
115000280,133,429,-296
115000281,0,0,0
115000282,87,324,-237
115000284,8,24,-16
115000296,118,2,116
115000297,20,281,-261
115000298,0,0,0
115000300,78,0,78
115000302,272,19,253
115000303,326,26,300
115000304,288,29,259
115000305,9,53,-44
115000306,13,3,10
115000307,20,1,19
115000308,0,0,0
115000310,336,93,243
115000311,714,220,494
115000313,8,35,-27
115000314,102,55,47
115000315,2,34,-32
115000316,6,12,-6
115000317,36,18,18
115000318,435,31,404
115000319,0,12,-12
115000320,2,43,-41
115000321,93,0,93
115000322,1,4,-3
115000449,9,16,-7
115000557,0,0,0
115000558,91,27,64
115000587,191,100,91
115000588,65,81,-16
115000589,1243,1013,230
115000590,32,41,-9
115000591,297,255,42
115000592,19,35,-16
115000593,573,284,289
115000594,8,26,-18
115000609,80,68,12
115000617,8,360,-352
115000624,56,2,54
115000633,202,151,51
115000634,1361,221,1140
115000635,208,43,165
115000638,1,26,-25
115000641,12,8,4
115000642,104,2,102
115000643,1,0,1
115000644,3,1,2
115000646,189,284,-95
115000647,22,43,-21
115000648,780,43,737
115000893,623,405,218
115000894,0,6,-6
115000895,2,0,2
115000896,262,206,56
115000897,163,30,133
115000898,61,145,-84
115000899,1,53,-52
115000900,2,160,-158
115000901,0,0,0
115000912,84,69,15
115000913,0,0,0
115000915,13,0,13
115000916,0,0,0
115000917,0,15,-15
115000918,16,201,-185
115000919,0,6,-6
115000920,0,0,0
115000921,0,0,0
115000922,99,385,-286
115000923,2,4,-2
115000925,2,2,0
115000927,0,11,-11
115000933,0,22,-22
115000934,15,21,-6
115000935,22,1,21
115000936,1,275,-274
115000937,76,101,-25
115000938,9,34,-25
115000939,13,23,-10
115000940,1,3,-2
115000941,0,13,-13
115000942,2,77,-75
115000943,0,0,0
115000944,0,0,0
115900001,60,0,60
115900002,0,0,0
115900003,13,2,11
115900004,0,0,0
115900005,37,1,36
115900006,1,0,1
115900008,13,0,13
115900009,3,0,3
115900010,155,14,141
115900011,53,7,46
115900012,9,0,9
115900013,71,8,63
115900014,6,2,4
115900015,34,0,34
115900016,23,4,19
115900017,3,1,2
115900018,13,0,13
115900019,0,0,0
115900020,78,16,62
115900021,16,0,16
115900022,18,0,18
115900023,0,0,0
115900025,2,3,-1
115900026,45,3,42
115900027,0,0,0
115900028,33,10,23
115900029,22,20,2
115900030,0,1,-1
115900031,8,16,-8
115900032,19,10,9
115900033,0,0,0
115900034,0,20,-20
115900035,0,0,0
115900036,0,122,-122
115900037,1,8,-7
115900038,1,0,1
115900039,7,0,7
115900041,14,85,-71
115900042,3,0,3
115900043,16,0,16
115900044,52,64,-12
115900046,141,8,133
115900047,0,24,-24
115900049,11,16,-5
115900051,0,0,0
115900052,0,0,0
115900053,61,6,55
115900054,59,0,59
115900055,0,0,0
115900056,39,5,34
115900057,4,6,-2
115900058,0,0,0
115900060,3,1,2
115900061,40,0,40
115900062,12,16,-4
115900063,0,0,0
115900064,0,0,0
115900065,30,1,29
115900066,2,0,2
115900067,0,4,-4
115900068,1,0,1
115900069,0,0,0
115900070,27,1,26
115900071,0,0,0
115900072,1,31,-30
115900073,6,8,-2
115900074,0,0,0
115900075,1,2,-1
115900076,0,1,-1
115900077,0,0,0
115900078,1,2,-1
115900079,106,0,106
115900080,21,1,20
115900081,19,4,15
115900082,20,2,18
115900084,41,2,39
115900085,0,0,0
115900086,139,6,133
115900088,0,0,0
115900089,155,2,153
115900090,109,0,109
115900091,0,0,0
115900092,0,0,0
115900093,0,0,0
115900094,0,0,0
115900096,0,0,0
115900097,0,0,0
115900098,2,0,2
115900099,0,0,0
115900100,1,13,-12
115900101,0,1,-1
115900102,8,0,8
115900103,1,1,0
115900104,56,1,55
115900105,64,4,60
115900106,0,0,0
115900107,41,12,29
115900108,0,0,0
115900109,1,98,-97
115900110,0,0,0
115900111,0,0,0
115900112,2,143,-141
115900113,0,0,0
115900114,0,0,0
115900115,0,0,0
115900116,8,66,-58
115900117,0,0,0
115900118,0,0,0
115900119,0,0,0
115900120,0,3,-3
115900121,10,2,8
115900124,26,230,-204
115900125,43,1,42
115900126,88,5,83
115900127,279,0,279
115900128,0,0,0
115900129,57,1,56
115900130,0,7,-7
115900131,100,3,97
115900132,204,0,204
115900134,60,0,60
115900135,13,67,-54
115900137,9,0,9
115900139,0,0,0
115900140,48,0,48
115900141,0,0,0
115900142,0,0,0
115900143,0,0,0
115900144,0,1,-1
115900146,17,5,12
115900147,30,88,-58
115900148,11,0,11
115900149,16,2,14
115900150,13,0,13
115900151,0,1,-1
115900152,1,12,-11
115900153,15,0,15
115900154,9,21,-12
115900155,0,0,0
115900156,21,54,-33
115900157,50,36,14
115900158,0,0,0
115900159,27,15,12
115900160,0,0,0
115900161,0,6,-6
115900163,62,1,61
115900164,195,1,194
115900166,6,0,6
115900168,0,0,0
115900171,18,27,-9
115900172,1,2,-1
115900173,43,2,41
115900174,0,12,-12
115900175,54,7,47
115900178,2,15,-13
115900179,41,0,41
115900180,0,5,-5
115900181,76,2,74
115900182,199,3,196
115900183,0,0,0
115900184,56,1,55
115900187,1,19,-18
115900189,0,9,-9
115900190,5,26,-21
115900191,0,10,-10
115900192,0,13,-13
115900193,15,17,-2
115900194,111,1,110
115900195,6,453,-447
115900198,9,35,-26
115900199,40,11,29
115900200,36,3,33
115900201,101,19,82
115900202,0,44,-44
115900203,10,5,5
115900204,0,0,0
115900205,7,0,7
115900206,0,0,0
115900207,0,0,0
115900208,3,14,-11
115900209,3,12,-9
115900210,0,4,-4
115900211,0,3,-3
115900212,0,0,0
115900213,7,54,-47
115900214,147,20,127
115900215,0,17,-17
115900216,0,0,0
115900217,0,0,0
115900218,0,0,0
115900219,13,0,13
115900220,51,0,51
115900221,16,0,16
115900222,41,11,30
115900223,2,89,-87
115900224,27,154,-127
115900225,5,10,-5
115900226,0,1,-1
115900227,1,0,1
115900228,0,1,-1
115900229,0,1,-1
115900230,1,34,-33
115900231,0,0,0
115900232,0,0,0
115900233,0,0,0
115900234,0,0,0
115900235,0,0,0
115900236,0,0,0
115900237,0,0,0
115900238,0,0,0
115900239,0,0,0
115900240,0,0,0
115900241,0,0,0
115900242,47,91,-44
115900243,0,0,0
115900244,0,0,0
115900245,30,0,30
115900246,0,0,0
115900247,0,0,0
115900248,0,0,0
115900249,0,0,0
115900250,4,10,-6
115900251,0,3,-3
115900252,0,0,0
115900253,1,0,1
115900254,0,9,-9
115900255,0,0,0
115900256,0,16,-16
115900257,0,0,0
115900258,0,0,0
115900259,0,0,0
115900260,0,0,0
115900261,0,0,0
115900262,0,0,0
115900263,0,0,0
115900264,0,0,0
115900265,0,0,0
115900266,0,0,0
115900267,0,0,0
115900268,0,0,0
115900269,0,0,0
115900270,21,0,21
115900271,72,0,72
115900272,4,1,3
115900273,0,0,0
115900274,0,0,0
115900275,0,0,0
115900276,0,0,0
115900277,0,0,0
115900278,0,0,0
115900279,0,0,0
115900280,21,0,21
115900281,0,0,0
115900282,0,1,-1
115900283,5,0,5
115900284,0,0,0
116000001,682,566,116
116000002,2782,9408,-6626
116000003,157,214,-57
116000004,902,3284,-2382
116000005,70,569,-499
116000006,312,743,-431
116000007,475,888,-413
116000008,1298,802,496
116000009,203,1014,-811
116000010,1070,632,438
116000011,371,476,-105
116000012,877,412,465
116000013,654,897,-243
116000014,1582,7500,-5918
116000015,50,212,-162
116000016,491,3252,-2761
116000017,3,317,-314
116000018,73,74,-1
116000019,476,65,411
116000020,233,64,169
116000021,239,109,130
116000022,93,89,4
116000023,187,281,-94
116000024,148,22,126
116000025,199,194,5
116000026,477,221,256
116000027,300,303,-3
116000028,539,1840,-1301
116000029,143,143,0
116000030,290,1010,-720
116000031,0,0,0
116000032,120,9,111
116000033,519,182,337
116000034,2245,1131,1114
116000035,381,74,307
116000036,28,115,-87
116000037,38,203,-165
116000038,76,259,-183
116000039,75,18,57
116000040,203,414,-211
116000041,12,52,-40
116000042,618,487,131
116000043,62,122,-60
116000044,2,6,-4
116000045,2228,2117,111
116000046,518,397,121
116000047,580,737,-157
116000048,3689,1051,2638
116000049,1928,1053,875
116000050,499,362,137
116000051,3069,910,2159
116000052,1185,480,705
116000053,2887,576,2311
116000054,319,342,-23
116000055,356,197,159
116000056,1581,1517,64
116000057,479,120,359
116000058,256,640,-384
116000059,787,4914,-4127
116000060,250,289,-39
116000061,83,838,-755
116000062,127,200,-73
116000063,141,864,-723
116000066,93,851,-758
116000067,14,50,-36
116000068,63,172,-109
116000069,41,37,4
116000078,280,578,-298
116000080,480,139,341
116000082,3,20,-17
116000083,610,154,456
116000084,342,650,-308
116000085,547,280,267
116000086,223,203,20
116000087,1049,653,396
116000088,160,151,9
116000089,34,14,20
116000090,30,46,-16
116000091,8,36,-28
116000093,169,109,60
116000094,143,71,72
116000095,318,25,293
116000096,401,551,-150
116000097,199,31,168
116000098,166,2352,-2186
116000099,581,66,515
116000100,81,2,79
116000101,283,3,280
116000102,88,128,-40
116000103,224,58,166
116000104,106,60,46
116000105,720,22,698
116000106,301,53,248
116000107,875,12,863
116000108,1,20,-19
116000111,27,13,14
116000113,42,14,28
116000114,1,41,-40
116000115,162,17,145
116000116,55,47,8
116000117,997,415,582
116000118,288,147,141
116000119,1714,616,1098
116000120,429,302,127
116000121,356,166,190
116000122,39,41,-2
116000123,1012,100,912
116000124,111,43,68
116000125,1183,71,1112
116000126,74,38,36
116000127,160,48,112
116000128,921,93,828
116000129,209,7,202
116000130,164,80,84
116000133,350,20,330
116000134,431,187,244
116000135,1154,390,764
116000136,347,448,-101
116000137,488,211,277
116000138,134,170,-36
116000139,1126,2049,-923
116000140,66,164,-98
116000141,109,39,70
116000142,1381,1497,-116
116000143,1018,1084,-66
116000144,996,700,296
116000145,2030,507,1523
116000146,173,21,152
116000147,93,138,-45
116000148,166,215,-49
116000149,129,50,79
116000151,275,273,2
116000153,160,607,-447
116000155,214,445,-231
116000156,71,110,-39
116000157,87,1,86
116000158,260,22,238
116000159,18,3,15
116000160,0,0,0
116000161,0,73,-73
116000162,10,38,-28
116000163,13,3,10
116000164,3,2,1
116000177,19,9,10
116000194,17,27,-10
116000195,390,92,298
116000196,0,0,0
116000197,0,0,0
116000198,1382,844,538
116000200,100,421,-321
116000201,131,102,29
116000202,1,13,-12
116000203,0,11,-11
116000204,0,6,-6
116000205,0,2,-2
116000206,0,1,-1
116000207,4,3,1
116000233,0,0,0
116000287,11,5,6
116000288,92,58,34
116000292,0,0,0
116000296,13,24,-11
116000297,11,0,11
116000304,15,3,12
116000305,0,14,-14
116000346,0,0,0
116000352,0,0,0
116000354,0,0,0
116000357,0,0,0
116000358,6,4,2
116000361,2,0,2
116000372,2000,3366,-1366
116000381,34,0,34
116000388,0,1,-1
116000389,92,14,78
116000445,66,15,51
116000446,469,75,394
116000447,0,57,-57
116000448,249,48,201
116000563,264,1395,-1131
116000565,2,97,-95
116000568,7,46,-39
116000579,0,16,-16
116000584,20,2,18
116000585,21,37,-16
116000586,12,63,-51
116000587,337,111,226
116000589,25,4,21
116000590,31,7,24
116000591,214,35,179
116000592,0,24,-24
116000593,0,0,0
116000594,167,40,127
116000595,77,21,56
116000596,101,0,101
116000597,188,89,99
116000598,24,11,13
116000605,13,5,8
116000606,56,109,-53
116000607,0,0,0
116000609,7,231,-224
116000611,10,21,-11
116000612,1406,1640,-234
116000613,385,89,296
116000614,67,20,47
116000615,0,0,0
116000616,52,1,51
116000617,26,4,22
116000618,1,8,-7
116000619,3,45,-42
116000620,166,52,114
116000621,42,58,-16
116000622,111,76,35
116000624,71,13,58
116000627,106,18,88
116000628,23,35,-12
116000629,13,12,1
116000630,310,0,310
116000631,145,19,126
116000632,292,13,279
116000633,69,67,2
116000634,95,1,94
116000635,1303,1678,-375
116000636,239,640,-401
116000637,33,0,33
116000638,15,87,-72
116000639,20,0,20
116000640,22,3,19
116000641,0,0,0
116000643,0,0,0
116000644,0,0,0
116000645,23,16,7
116900001,27,5,22
116900002,27,0,27
116900003,0,0,0
116900004,101,44,57
116900005,30,6,24
116900006,23,38,-15
116900007,0,9,-9
116900008,58,11,47
116900009,10,2,8
116900010,0,52,-52
116900011,0,0,0
116900012,1,14,-13
116900013,0,16,-16
116900014,0,0,0
116900015,94,4,90
116900016,64,0,64
116900017,0,89,-89
116900019,0,0,0
116900020,11,72,-61
116900023,0,0,0
116900024,131,4,127
116900025,219,19,200
116900026,0,74,-74
116900027,0,0,0
116900028,0,0,0
116900029,0,5,-5
116900031,0,0,0
116900032,1,2,-1
116900033,0,0,0
116900034,0,0,0
116900035,1,3,-2
116900036,0,12,-12
116900038,0,0,0
116900041,1,0,1
116900042,0,0,0
116900043,2,20,-18
116900047,0,11,-11
116900049,0,0,0
116900050,38,3,35
116900051,29,0,29
116900052,10,18,-8
116900055,0,0,0
116900057,0,0,0
116900058,1,3,-2
116900059,0,0,0
116900060,14,31,-17
116900062,0,10,-10
116900064,0,0,0
116900065,0,0,0
116900067,11,0,11
116900068,60,27,33
116900070,0,0,0
116900072,0,0,0
116900073,0,5,-5
116900074,0,0,0
116900076,1,1,0
116900077,0,4,-4
116900078,0,0,0
116900079,3,3,0
116900080,0,0,0
116900081,16,31,-15
116900082,4,40,-36
116900083,19,3,16
116900084,2,2,0
116900085,2,0,2
116900086,2,29,-27
116900088,17,0,17
116900090,1,0,1
116900091,24,0,24
116900092,7,3,4
116900093,52,100,-48
116900094,446,924,-478
116900095,8,0,8
116900096,36,0,36
116900097,207,577,-370
116900098,12,7,5
116900099,16,88,-72
116900100,295,1,294
116900101,19,21,-2
116900103,7,0,7
116900104,0,116,-116
116900105,55,25,30
116900106,757,6,751
116900107,468,631,-163
116900110,12,1,11
116900111,392,87,305
116900112,157,61,96
116900113,126,615,-489
116900116,0,14,-14
116900117,1,4,-3
116900118,48,8,40
116900120,73,1,72
116900121,32,1,31
116900122,156,19,137
116900123,22,35,-13
116900124,2,7,-5
116900125,42,7,35
116900126,1,93,-92
116900128,0,0,0
116900129,0,3,-3
116900130,24,287,-263
116900131,0,0,0
116900132,1,0,1
116900133,0,0,0
116900134,0,0,0
116900136,0,0,0
116900137,0,0,0
116900138,0,0,0
116900139,0,0,0
116900140,0,0,0
116900141,0,0,0
116900142,0,0,0
116900143,0,0,0
116900144,0,0,0
116900145,0,0,0
116900147,0,0,0
116900148,0,0,0
116900149,0,10,-10
116900150,0,0,0
116900151,0,0,0
116900153,0,0,0
116900154,2,14,-12
116900155,0,0,0
116900157,60,1,59
116900158,0,16,-16
116900159,0,6,-6
116900160,194,147,47
116900161,253,26,227
116900163,29,1,28
116900164,6,2,4
116900165,156,53,103
116900166,1,0,1
116900167,55,2,53
116900168,112,3,109
116900169,8,16,-8
116900170,375,79,296
116900171,2,2,0
116900172,1,47,-46
116900173,72,3,69
116900174,0,6,-6
116900175,2,11,-9
116900178,0,0,0
116900179,9,38,-29
116900180,2,0,2
116900182,63,1,62
116900183,30,3,27
116900185,31,4,27
116900186,0,0,0
116900187,6,1,5
116900188,27,0,27
116900189,0,0,0
116900191,6,0,6
116900192,151,12,139
116900194,15,256,-241
116900195,4,1,3
116900196,0,3,-3
116900197,15,0,15
116900198,3,30,-27
116900200,0,0,0
116900201,31,0,31
116900202,0,3,-3
116900203,8,0,8
116900204,1,21,-20
116900206,0,0,0
116900207,0,1,-1
116900208,0,6,-6
116900209,2,2,0
116900210,28,1,27
116900211,29,0,29
116900212,0,0,0
116900213,31,7,24
116900214,0,0,0
116900215,1,7,-6
116900216,2,0,2
116900218,0,3,-3
116900219,147,21,126
116900220,8,4,4
116900221,0,0,0
116900222,248,57,191
116900223,21,3,18
116900226,30,0,30
116900227,54,0,54
116900228,82,0,82
116900230,2,14,-12
116900231,15,20,-5
116900232,89,3,86
116900233,290,21,269
116900234,5,2,3
116900235,133,16,117
116900238,45,3,42
116900239,0,63,-63
116900240,1066,256,810
116900241,0,0,0
116900242,111,190,-79
116900243,0,0,0
116900245,25,14,11
116900246,31,0,31
116900247,206,8,198
116900248,1,1,0
116900249,99,1,98
116900250,53,7,46
116900251,16,44,-28
116900252,30,26,4
116900254,0,4,-4
116900255,0,0,0
116900256,0,0,0
116900257,0,0,0
116900258,0,0,0
116900259,25,1,24
116900260,0,0,0
116900261,4,0,4
116900262,46,4,42
116900263,0,0,0
116900264,54,3,51
116900265,0,0,0
116900266,0,0,0
116900267,1,0,1
116900268,0,0,0
116900269,303,112,191
116900271,0,0,0
116900272,42,19,23
116900273,0,0,0
116900274,42,1,41
116900275,9,4,5
116900276,117,103,14
116900277,15,1,14
116900278,0,0,0
116900279,1,0,1
116900280,0,0,0
116900281,496,783,-287
116900282,0,1,-1
116900283,0,2,-2
116900284,0,0,0
116900285,1,23,-22
116900286,2,0,2
116900287,0,14,-14
116900288,4,7,-3
116900289,2,0,2
116900290,1,0,1
116900291,0,0,0
116900292,0,0,0
116900293,0,0,0
116900294,0,0,0
116900295,0,0,0
116900296,0,0,0
116900297,0,0,0
116900298,0,0,0
116900299,0,0,0
116900300,0,0,0
116900301,0,0,0
116900302,0,0,0
116900303,16,0,16
116900304,0,0,0
116900305,0,0,0
116900306,271,64,207
116900307,0,0,0
116900308,0,0,0
116900309,0,0,0
116900310,0,0,0
117000001,2232,1733,499
117000002,1298,525,773
117000003,3276,1331,1945
117000004,1410,1087,323
117000005,2511,739,1772
117000006,463,683,-220
117000007,3003,585,2418
117000008,345,709,-364
117000009,2052,540,1512
117000010,591,582,9
117000011,1242,360,882
117000012,768,165,603
117000013,1392,309,1083
117000014,394,1038,-644
117000015,545,837,-292
117000016,82,166,-84
117000017,79,143,-64
117000018,5,336,-331
117000019,8,71,-63
117000020,130,921,-791
117000021,726,552,174
117000022,49,227,-178
117000023,54,508,-454
117000024,29,141,-112
117000025,5,224,-219
117000026,1075,1114,-39
117000027,177,236,-59
117000028,353,277,76
117000030,123,183,-60
117000031,408,170,238
117000032,869,573,296
117000033,564,264,300
117000034,322,154,168
117000035,526,137,389
117000036,168,187,-19
117000037,259,103,156
117000038,187,363,-176
117000039,220,204,16
117000040,0,83,-83
117000041,705,6,699
117000044,0,84,-84
117000045,204,166,38
117000046,198,205,-7
117000047,670,256,414
117000048,268,163,105
117000049,20,126,-106
117000050,70,172,-102
117000051,1516,11,1505
117000052,1,91,-90
117000053,272,1,271
117000054,1115,4,1111
117000055,0,167,-167
117000056,364,24,340
117000057,57,147,-90
117000060,163,45,118
117000061,1678,547,1131
117000062,143,52,91
117000063,1455,349,1106
117000064,716,126,590
117000066,28,86,-58
117000067,207,284,-77
117000074,15,42,-27
117000076,5,9,-4
117000077,33,19,14
117000078,151,40,111
117000079,67,17,50
117000080,0,0,0
117000081,216,7,209
117000082,4,12,-8
117000083,114,107,7
117000084,10,0,10
117000085,120,93,27
117000086,136,77,59
117000087,8,111,-103
117000088,281,64,217
117000089,1356,76,1280
117000090,73,82,-9
117000091,846,26,820
117000092,139,178,-39
117000093,1501,71,1430
117000094,191,192,-1
117000095,2533,81,2452
117000096,192,177,15
117000097,1895,247,1648
117000098,359,348,11
117000099,3326,342,2984
117000100,70,50,20
117000101,81,56,25
117000102,1832,206,1626
117000103,61,218,-157
117000104,1469,121,1348
117000105,96,227,-131
117000106,1495,143,1352
117000107,118,133,-15
117000108,1350,790,560
117000109,164,142,22
117000110,1930,1308,622
117000111,2177,1990,187
117000112,1405,680,725
117000113,17,24,-7
117000114,81,34,47
117000115,37,12,25
117000116,76,13,63
117000117,155,72,83
117000118,66,76,-10
117000119,32,229,-197
117000120,3,217,-214
117000121,0,262,-262
117000122,40,298,-258
117000123,161,35,126
117000124,1,12,-11
117000125,2,52,-50
117000126,6,8,-2
117000127,13,25,-12
117000128,20,1,19
117000129,303,836,-533
117000130,52,0,52
117000131,0,0,0
117000132,1715,24,1691
117000133,1809,5,1804
117000134,0,0,0
117000135,0,0,0
117000136,0,0,0
117000137,180,99,81
117000138,0,0,0
117000140,226,149,77
117000141,1849,186,1663
117000181,5,10,-5
117000182,393,512,-119
117000195,0,32,-32
117000196,101,115,-14
117000225,1,21,-20
117000226,0,18,-18
117000276,182,1,181
117000277,0,33,-33
117000310,300,1823,-1523
117000315,10,159,-149
117000320,47,0,47
117000906,293,42,251
117000907,0,46,-46
117000909,79,104,-25
117000910,288,22,266
117000911,25,59,-34
117000915,0,68,-68
117000916,2,0,2
117000917,878,24,854
117000918,71,206,-135
117000919,0,10,-10
117000920,1,119,-118
117000921,0,22,-22
117000922,1,7,-6
117000924,132,241,-109
117000926,163,68,95
117000927,113,327,-214
117000928,0,0,0
117000929,39,34,5
117000930,6,0,6
117000931,126,78,48
117900002,21,511,-490
117900003,0,0,0
117900005,0,19,-19
117900006,0,0,0
117900007,76,17,59
117900008,0,0,0
117900010,99,34,65
117900011,0,27,-27
117900012,8,4,4
117900013,0,6,-6
117900014,195,34,161
117900015,0,38,-38
117900016,95,413,-318
117900017,441,69,372
117900018,56,45,11
117900019,291,12,279
117900020,2,90,-88
117900021,4,3,1
117900023,127,7,120
117900024,26,6,20
117900025,1,0,1
117900026,171,11,160
117900028,1,7,-6
117900029,161,25,136
117900031,42,29,13
117900032,207,78,129
117900033,264,28,236
117900034,1,0,1
117900035,70,8,62
117900036,75,32,43
117900037,44,7,37
117900038,0,0,0
117900039,0,0,0
117900040,0,0,0
117900041,0,0,0
117900042,182,65,117
117900043,0,0,0
117900044,2,1402,-1400
117900045,75,30,45
117900048,170,11,159
117900049,128,33,95
117900050,1,85,-84
117900051,0,0,0
117900052,0,0,0
117900053,463,47,416
117900054,0,11,-11
117900055,91,27,64
117900056,0,14,-14
117900057,86,184,-98
117900058,0,0,0
117900059,0,0,0
117900060,746,273,473
117900061,0,71,-71
117900063,117,45,72
117900065,27,62,-35
117900066,0,38,-38
117900067,333,40,293
117900069,360,19,341
117900070,18,69,-51
117900071,156,41,115
117900073,340,23,317
117900074,1,47,-46
117900075,77,22,55
117900076,0,1,-1
117900077,77,2,75
117900078,110,160,-50
117900080,38,34,4
117900081,39,35,4
117900082,211,103,108
117900083,163,73,90
117900086,90,25,65
117900087,3,19,-16
117900088,146,42,104
117900089,756,81,675
117900090,226,50,176
117900091,151,9,142
117900092,30,3,27
117900093,48,1,47
117900094,52,29,23
117900095,142,61,81
117900096,100,54,46
117900097,19,0,19
117900098,28,1,27
117900099,50,351,-301
117900100,186,0,186
117900101,403,619,-216
117900102,14,16,-2
117900103,59,1,58
117900104,0,105,-105
117900105,51,14,37
117900106,16,18,-2
117900107,63,0,63
117900109,284,209,75
117900110,64,0,64
117900111,273,5,268
117900112,8,0,8
117900113,132,37,95
117900114,28,0,28
117900115,6,12,-6
117900116,203,91,112
117900117,164,59,105
117900118,43,0,43
117900119,227,0,227
117900120,386,119,267
117900121,49,0,49
117900122,101,1023,-922
117900123,288,43,245
117900124,99,43,56
117900125,299,158,141
117900126,51,33,18
117900127,146,12,134
117900128,151,35,116
117900129,78,0,78
117900130,276,2,274
117900131,0,0,0
117900132,0,0,0
117900133,0,0,0
117900134,0,0,0
117900135,0,0,0
117900136,0,0,0
117900137,0,0,0
117900138,0,0,0
117900139,6,1,5
117900140,1213,224,989
117900141,3,67,-64
117900142,5,67,-62
117900144,0,40,-40
117900145,0,26,-26
117900146,1,43,-42
117900147,25,11,14
117900148,201,800,-599
117900149,20,4,16
117900150,31,9,22
117900151,29,26,3
117900152,0,0,0
117900153,1,106,-105
117900154,206,83,123
117900156,147,27,120
117900157,54,38,16
117900158,81,1,80
117900160,258,91,167
117900161,168,64,104
117900162,334,104,230
117900163,12,50,-38
117900165,0,0,0
117900166,3,53,-50
117900168,143,0,143
117900169,0,1,-1
117900170,0,0,0
117900171,10,0,10
117900172,1,0,1
117900173,1,2,-1
117900174,0,1,-1
117900175,0,0,0
117900176,1,4,-3
117900177,0,0,0
117900178,0,0,0
117900180,14,0,14
117900181,0,295,-295
117900182,0,54,-54
117900183,16,67,-51
117900184,21,6,15
117900185,61,3,58
117900186,37,4,33
117900187,23,0,23
117900188,30,0,30
117900189,25,0,25
117900190,7,3,4
117900191,5,0,5
117900192,26,0,26
117900193,134,97,37
117900194,2,0,2
117900195,25,2,23
117900196,44,0,44
117900207,15,6,9
117900208,19,7,12
117900209,70,3,67
117900210,0,0,0
117900211,0,0,0
117900212,185,31,154
117900213,18,1,17
117900214,0,2,-2
117900215,0,0,0
117900216,0,0,0
117900217,0,0,0
117900218,0,0,0
117900219,0,0,0
117900220,0,35,-35
117900222,21,17,4
117900223,23,106,-83
118000001,250,932,-682
118000002,112,417,-305
118000003,1680,2710,-1030
118000004,540,439,101
118000005,1016,1580,-564
118000006,969,1592,-623
118000007,2678,4876,-2198
118000008,2252,1905,347
118000009,528,1287,-759
118000010,847,1048,-201
118000011,342,131,211
118000012,213,173,40
118000013,343,328,15
118000014,310,276,34
118000016,128,28,100
118000017,672,450,222
118000018,92,32,60
118000019,391,728,-337
118000020,65,593,-528
118000021,64,792,-728
118000022,396,441,-45
118000023,202,210,-8
118000024,313,440,-127
118000027,2752,3892,-1140
118000029,147,756,-609
118000032,139,1110,-971
118000033,1360,1754,-394
118000034,862,1246,-384
118000035,257,638,-381
118000036,134,422,-288
118000037,141,284,-143
118000038,78,271,-193
118000039,43,29,14
118000040,492,348,144
118000041,251,357,-106
118000045,69,208,-139
118000046,54,899,-845
118000047,43,337,-294
118000048,526,1312,-786
118000051,268,625,-357
118000052,218,695,-477
118000053,268,499,-231
118000054,581,444,137
118000055,267,536,-269
118000056,14,197,-183
118000057,52,154,-102
118000058,367,372,-5
118000059,187,813,-626
118000060,200,190,10
118000061,291,227,64
118000062,77,22,55
118000063,83,567,-484
118000064,138,847,-709
118000065,650,242,408
118000066,323,1566,-1243
118000067,97,697,-600
118000068,189,2006,-1817
118000069,250,466,-216
118000070,421,977,-556
118000071,249,1912,-1663
118000072,376,2559,-2183
118000073,160,843,-683
118000074,98,401,-303
118000075,130,344,-214
118000076,2395,5152,-2757
118000077,617,648,-31
118000078,900,1192,-292
118000079,14,106,-92
118000080,86,227,-141
118000081,798,709,89
118000082,112,648,-536
118000083,222,734,-512
118000084,191,237,-46
118000086,6,89,-83
118000087,1031,1123,-92
118000088,232,1055,-823
118000089,559,733,-174
118000090,80,1174,-1094
118000091,152,1499,-1347
118000092,159,100,59
118000093,16,543,-527
118000096,62,341,-279
118000097,114,178,-64
118000098,132,151,-19
118000099,0,0,0
118000101,477,135,342
118000102,317,120,197
118000107,14,2,12
118000108,42,360,-318
118000110,0,1,-1
118000111,0,0,0
118000112,295,0,295
118000113,0,0,0
118000114,256,1,255
118000115,1,7,-6
118000116,5,0,5
118000117,193,221,-28
118000118,390,539,-149
118000119,649,573,76
118000120,386,153,233
118000121,8,115,-107
118000122,59,31,28
118000123,69,92,-23
118000125,21,110,-89
118000126,155,323,-168
118000127,440,453,-13
118000128,20,410,-390
118000129,175,319,-144
118000130,474,977,-503
118000131,104,206,-102
118000132,1518,1315,203
118000133,304,177,127
118000135,133,299,-166
118000136,9,255,-246
118000137,54,72,-18
118000138,20,47,-27
118000139,117,12,105
118000140,841,4712,-3871
118000141,1852,1152,700
118000142,720,815,-95
118000143,2647,1670,977
118000144,409,238,171
118000145,648,267,381
118000146,980,74,906
118000147,901,166,735
118000148,158,751,-593
118000149,265,92,173
118000150,729,247,482
118000151,342,41,301
118000153,1554,957,597
118000154,915,586,329
118000155,2019,1065,954
118000156,493,881,-388
118000157,278,112,166
118000158,125,150,-25
118000159,39,81,-42
118000160,535,169,366
118000161,280,131,149
118000162,426,262,164
118000163,405,623,-218
118000164,996,569,427
118000168,45,0,45
118000169,150,363,-213
118000170,692,778,-86
118000171,75,110,-35
118000172,69,53,16
118000173,638,273,365
118000175,102,256,-154
118000176,302,319,-17
118000177,286,412,-126
118000178,2,32,-30
118000179,520,626,-106
118000180,451,352,99
118000181,199,29,170
118000182,86,101,-15
118000183,101,114,-13
118000184,797,240,557
118000185,116,607,-491
118000186,62,509,-447
118000187,831,141,690
118000188,123,5,118
118000189,51,16,35
118000190,3,2,1
118000191,23,4,19
118000192,0,92,-92
118000193,1,158,-157
118000194,437,839,-402
118000195,48,747,-699
118000196,10,127,-117
118000197,106,379,-273
118000198,242,652,-410
118000199,401,600,-199
118000200,0,0,0
118000201,40,210,-170
118000202,0,0,0
118000203,30,117,-87
118000204,0,55,-55
118000205,64,32,32
118000206,144,138,6
118000207,0,56,-56
118000208,724,772,-48
118000209,1056,150,906
118000210,53,10,43
118000211,103,43,60
118000213,63,567,-504
118000214,95,27,68
118000215,53,14,39
118000216,341,56,285
118000217,0,13,-13
118000218,13,1,12
118000219,34,51,-17
118000220,0,42,-42
118000221,14,270,-256
118000222,29,2,27
118000223,41,18,23
118000224,20,4,16
118000225,0,0,0
118000226,183,3,180
118000227,29,352,-323
118000228,0,0,0
118000229,0,0,0
118000230,0,0,0
118000231,0,0,0
118000232,0,0,0
118000233,499,76,423
118000234,0,0,0
118000236,126,3,123
118000237,0,0,0
118000238,182,3,179
118000239,212,154,58
118000240,48,21,27
118000241,19,4,15
118000242,0,0,0
118000243,0,0,0
118000244,2,23,-21
118000246,0,0,0
118000255,28,167,-139
118000256,61,126,-65
118000259,0,2,-2
118000260,46,0,46
118000261,0,0,0
118000263,7,11,-4
118000266,32,32,0
118000267,0,0,0
118000268,14,0,14
118000270,0,0,0
118000271,79,105,-26
118000272,29,0,29
118000273,0,0,0
118000274,0,0,0
118000276,92,2,90
118000295,0,0,0
118000298,3,2,1
118000299,0,0,0
118000301,0,0,0
118000302,13,3,10
118000311,227,16,211
118000312,0,0,0
118000313,9,5,4
118000314,17,3,14
118000315,1,1,0
118000316,19,9,10
118000325,68,0,68
118000326,7,1,6
118000331,95,5,90
118000332,108,0,108
118000333,68,10,58
118000335,76,0,76
118000336,0,0,0
118000407,136,11,125
118000457,0,0,0
118000465,159,286,-127
118000480,3,0,3
118000489,1,267,-266
118000490,0,32,-32
118000492,242,41,201
118000510,0,0,0
118000514,17,13,4
118000515,56,117,-61
118000517,80,37,43
118000524,15,42,-27
118000525,5,10,-5
118000530,32,49,-17
118000531,144,88,56
118000532,0,0,0
118000533,0,0,0
118000534,0,0,0
118000535,178,22,156
118000536,1,6,-5
118000537,2,17,-15
118000538,4,13,-9
118000539,22,168,-146
118000540,8,4,4
118000541,6,0,6
118000542,33,67,-34
118000543,53,20,33
118000546,3,0,3
118000553,0,0,0
118000560,0,0,0
118000562,0,0,0
118000563,837,734,103
118000576,69,27,42
118000577,160,137,23
118000578,28,14,14
118000579,180,234,-54
118000583,0,0,0
118000595,110,55,55
118000596,0,0,0
118000597,64,107,-43
118000598,0,0,0
118000599,386,9,377
118000600,0,0,0
118000601,0,0,0
118000602,1,4,-3
118000603,0,6,-6
118000605,1,0,1
118000606,0,0,0
118900001,0,0,0
118900002,41,1,40
118900003,54,0,54
118900004,3,0,3
118900005,0,0,0
118900006,0,0,0
118900007,0,0,0
118900008,199,0,199
118900009,0,0,0
118900010,0,0,0
118900011,0,0,0
118900012,52,26,26
118900013,0,0,0
118900015,0,0,0
118900016,0,0,0
118900017,0,0,0
118900018,0,0,0
118900019,0,0,0
118900020,0,0,0
118900021,7,9,-2
118900022,23,3,20
118900023,0,0,0
118900024,0,0,0
118900025,0,0,0
118900026,0,1,-1
118900027,0,0,0
118900028,79,12,67
118900029,0,0,0
118900030,0,0,0
118900031,3,0,3
118900032,0,0,0
118900033,0,0,0
118900034,0,0,0
118900035,4,2,2
118900036,92,23,69
118900037,0,0,0
118900038,61,0,61
118900039,0,0,0
118900040,31,10,21
118900041,0,0,0
118900042,17,2,15
118900045,9,10,-1
118900046,11,17,-6
118900047,14,10,4
118900048,0,0,0
118900049,0,0,0
118900050,0,0,0
118900051,9,22,-13
118900052,0,0,0
118900053,0,0,0
118900054,7,1,6
118900055,0,0,0
118900056,0,0,0
118900057,73,68,5
118900058,0,0,0
118900059,0,0,0
118900060,26,12,14
118900062,0,0,0
118900064,0,0,0
118900065,0,0,0
118900066,0,0,0
118900067,108,302,-194
118900068,0,0,0
118900069,4,0,4
118900071,0,0,0
118900072,0,0,0
118900073,0,0,0
118900074,0,0,0
118900075,0,0,0
118900076,0,0,0
118900077,0,0,0
118900078,0,0,0
118900079,0,0,0
118900080,0,0,0
118900081,0,0,0
118900082,0,0,0
118900083,0,0,0
118900084,0,0,0
118900085,0,0,0
118900086,0,0,0
118900087,0,0,0
118900088,0,0,0
118900089,0,0,0
118900090,1,0,1
118900091,0,0,0
118900092,0,0,0
118900093,0,0,0
118900096,93,61,32
118900097,21,35,-14
118900099,0,3,-3
118900100,0,0,0
118900101,0,0,0
118900102,0,0,0
118900103,0,0,0
118900104,10,0,10
118900105,0,0,0
118900107,0,0,0
118900108,0,0,0
118900110,29,0,29
118900111,0,0,0
118900112,0,0,0
118900113,0,0,0
118900114,0,0,0
118900115,0,7,-7
118900116,16,4,12
118900117,1,6,-5
118900118,15,2,13
118900119,3,0,3
118900120,0,2,-2
118900121,0,0,0
118900122,0,0,0
118900123,24,15,9
118900124,0,0,0
118900126,0,0,0
118900129,0,0,0
118900130,0,0,0
118900131,20,5,15
118900132,0,0,0
118900133,0,0,0
118900135,0,0,0
118900136,59,14,45
118900137,0,0,0
118900139,0,0,0
118900140,99,17,82
118900141,0,0,0
118900144,22,11,11
118900145,0,0,0
118900146,9,23,-14
118900147,0,0,0
118900148,0,0,0
118900150,0,0,0
118900152,0,0,0
118900157,0,0,0
118900158,0,0,0
118900159,0,0,0
118900161,0,0,0
118900163,0,0,0
118900164,0,0,0
118900165,0,0,0
118900166,0,0,0
118900167,0,0,0
118900168,0,0,0
118900169,0,0,0
118900170,0,0,0
118900171,0,0,0
118900174,0,0,0
118900175,109,15,94
118900176,42,31,11
118900177,0,0,0
118900178,0,0,0
118900179,0,0,0
118900181,35,4,31
118900182,0,0,0
118900183,0,0,0
118900184,0,0,0
118900185,65,1,64
118900186,8,9,-1
118900187,9,18,-9
118900188,58,23,35
118900189,0,0,0
118900190,0,0,0
118900191,0,0,0
118900192,0,0,0
118900193,0,0,0
118900195,17,0,17
118900196,0,0,0
118900197,0,0,0
118900198,0,0,0
118900199,0,0,0
118900200,0,0,0
118900201,0,0,0
118900202,0,0,0
118900203,0,0,0
118900204,0,0,0
118900205,0,0,0
118900206,0,0,0
119000001,796,698,98
119000002,1701,608,1093
119000003,891,230,661
119000004,485,1259,-774
119000005,830,1519,-689
119000006,983,529,454
119000007,1452,1674,-222
119000008,356,350,6
119000009,830,2028,-1198
119000010,828,1035,-207
119000011,886,869,17
119000012,471,908,-437
119000013,2225,1274,951
119000014,586,975,-389
119000019,30,11,19
119000020,484,773,-289
119000021,759,1303,-544
119000022,163,330,-167
119000023,44,113,-69
119000024,301,6969,-6668
119000025,668,368,300
119000026,5,126,-121
119000027,38,157,-119
119000028,1113,299,814
119000029,11,64,-53
119000030,197,355,-158
119000031,256,365,-109
119000032,169,489,-320
119000033,872,816,56
119000034,496,198,298
119000035,4,100,-96
119000036,983,486,497
119000037,485,347,138
119000038,54,154,-100
119000039,434,184,250
119000040,167,380,-213
119000041,173,529,-356
119000048,1120,398,722
119000049,553,231,322
119000050,352,493,-141
119000051,238,194,44
119000052,344,426,-82
119000053,542,392,150
119000054,1266,364,902
119000055,2519,309,2210
119000056,1869,328,1541
119000057,685,330,355
119000058,557,329,228
119000059,586,300,286
119000060,350,103,247
119000061,136,236,-100
119000062,154,184,-30
119000063,309,218,91
119000064,145,93,52
119000065,152,278,-126
119000066,497,564,-67
119000067,542,413,129
119000068,466,155,311
119000069,419,251,168
119000070,786,120,666
119000071,60,75,-15
119000072,544,284,260
119000073,879,2114,-1235
119000074,1243,241,1002
119000075,1147,762,385
119000076,32,249,-217
119000077,175,199,-24
119000078,73,29,44
119000079,23,96,-73
119000080,33,0,33
119000081,155,30,125
119000082,67,14,53
119000083,59,16,43
119000084,145,26,119
119000085,85,49,36
119000086,73,13,60
119000087,327,71,256
119000088,79,10,69
119000090,44,82,-38
119000091,14,47,-33
119000092,75,94,-19
119000093,732,604,128
119000094,1271,996,275
119000095,686,433,253
119000097,461,291,170
119000098,493,1947,-1454
119000099,883,237,646
119000100,1458,768,690
119000101,686,536,150
119000102,21,122,-101
119000103,287,171,116
119000104,81,48,33
119000105,149,657,-508
119000106,95,58,37
119000107,642,304,338
119000108,152,78,74
119000109,23,31,-8
119000110,0,0,0
119000111,0,5,-5
119000112,0,0,0
119000113,56,6,50
119000114,29,158,-129
119000115,123,96,27
119000116,9,109,-100
119000117,6,40,-34
119000118,3,0,3
119000123,240,502,-262
119000124,316,23,293
119000125,1550,121,1429
119000126,665,93,572
119000127,164,21,143
119000128,1,0,1
119000131,256,30,226
119000132,0,0,0
119000133,2,6,-4
119000134,208,333,-125
119000135,50,20,30
119000136,0,0,0
119000137,4,6,-2
119000138,0,0,0
119000139,1,3,-2
119000140,0,0,0
119000284,181,509,-328
119000285,273,138,135
119000286,1086,699,387
119000287,509,322,187
119000288,278,119,159
119000289,264,486,-222
119000290,146,167,-21
119000291,0,42,-42
119000293,537,425,112
119000294,29,56,-27
119000295,88,92,-4
119000296,120,36,84
119000302,994,883,111
119000303,45,24,21
119000310,0,0,0
119000314,220,2241,-2021
119000315,0,4,-4
119000316,0,0,0
119000317,21,15,6
119000319,58,40,18
119900001,0,0,0
119900002,55,40,15
119900003,0,0,0
119900004,0,0,0
119900005,0,0,0
119900006,1,0,1
119900007,5,0,5
119900008,0,0,0
119900009,64,57,7
119900010,133,148,-15
119900011,0,0,0
119900012,0,0,0
119900013,150,113,37
119900014,48,41,7
119900015,0,0,0
119900016,0,0,0
119900017,0,0,0
119900018,100,153,-53
119900019,0,0,0
119900020,0,0,0
119900021,0,0,0
119900022,0,119,-119
119900023,79,581,-502
119900025,0,0,0
119900026,0,0,0
119900027,0,0,0
119900028,42,27,15
119900029,0,0,0
119900030,0,0,0
119900031,2,190,-188
119900033,146,97,49
119900034,0,0,0
119900037,0,0,0
119900038,23,4,19
119900039,0,0,0
119900040,90,13,77
119900041,0,0,0
119900042,0,0,0
119900043,0,4,-4
119900044,0,49,-49
119900046,0,0,0
119900047,0,0,0
119900048,29,0,29
119900049,0,0,0
119900050,0,6,-6
119900051,267,15,252
119900052,0,0,0
119900053,0,0,0
119900054,85,2,83
119900055,0,0,0
119900057,0,0,0
119900058,0,0,0
119900059,0,0,0
119900060,19,2,17
119900061,59,1,58
119900062,0,0,0
119900063,0,0,0
119900065,0,0,0
119900067,0,0,0
119900068,0,0,0
119900069,14,0,14
119900070,60,1,59
119900071,115,4,111
119900073,79,0,79
119900074,0,0,0
119900075,73,1,72
119900076,0,0,0
119900077,22,0,22
119900078,134,4,130
119900079,29,0,29
119900080,107,15,92
119900081,94,0,94
119900082,858,130,728
119900083,90,72,18
119900084,0,0,0
119900085,0,0,0
119900086,84,25,59
119900087,0,0,0
119900088,0,0,0
119900089,1,16,-15
119900090,0,0,0
119900091,1,7,-6
119900092,0,4,-4
119900093,0,0,0
119900094,1,2,-1
119900095,0,0,0
119900096,0,0,0
119900097,0,0,0
119900098,0,0,0
119900099,0,0,0
119900100,61,70,-9
119900101,0,81,-81
119900102,0,0,0
119900103,0,0,0
119900104,0,0,0
119900105,18,10,8
119900106,0,0,0
119900107,0,0,0
119900108,377,119,258
119900109,0,0,0
119900110,33,4,29
119900111,16,0,16
119900112,0,0,0
119900113,0,0,0
119900114,38,39,-1
119900115,23,16,7
119900116,0,8,-8
119900117,17,23,-6
119900118,44,16,28
119900119,3,18,-15
119900120,33,24,9
119900121,1,0,1
119900122,5,0,5
119900123,0,0,0
119900124,0,7,-7
119900125,0,0,0
119900126,155,35,120
119900127,35,0,35
119900128,30,5,25
119900129,4,2,2
119900130,0,0,0
119900131,0,0,0
119900132,0,0,0
119900133,0,0,0
119900134,7,3,4
119900135,0,0,0
119900136,0,0,0
119900138,0,0,0
119900139,0,0,0
119900140,0,0,0
119900141,0,0,0
119900142,0,0,0
119900143,0,0,0
119900144,0,0,0
119900145,0,0,0
119900146,0,0,0
119900147,0,0,0
119900148,0,0,0
119900149,1,437,-436
119900150,0,0,0
119900151,117,46,71
119900152,0,0,0
119900153,0,0,0
119900154,4,0,4
119900155,0,0,0
119900156,39,13,26
119900157,0,0,0
119900158,0,0,0
119900159,2,0,2
119900160,0,0,0
119900161,9,13,-4
119900162,57,24,33
119900163,0,0,0
119900164,0,0,0
119900165,0,0,0
119900166,0,0,0
119900167,0,0,0
119900168,109,6,103
119900169,0,0,0
119900170,0,0,0
119900171,1,4,-3
119900172,0,0,0
119900173,0,0,0
119900174,0,0,0
119900175,203,18,185
119900177,0,0,0
119900178,0,0,0
119900179,16,234,-218
119900180,123,15,108
119900181,0,0,0
119900182,0,0,0
119900183,0,0,0
119900184,3,1,2
119900185,0,48,-48
119900186,0,0,0
119900187,0,0,0
119900188,82,40,42
119900189,0,0,0
119900190,0,0,0
119900191,1,1,0
119900192,0,0,0
119900193,97,10,87
119900194,0,0,0
119900195,0,0,0
119900196,0,0,0
119900197,0,0,0
119900198,0,0,0
119900199,0,0,0
119900200,0,0,0
119900201,0,0,0
119900202,0,0,0
119900203,0,0,0
119900204,3,0,3
119900205,245,39,206
119900206,0,0,0
119900208,0,0,0
119900209,40,56,-16
119900210,0,0,0
119900211,0,0,0
119900212,376,7,369
119900213,0,0,0
119900214,0,0,0
119900215,0,0,0
119900216,0,0,0
119900217,0,0,0
119900218,0,0,0
119900219,0,0,0
119900220,0,0,0
119900221,0,0,0
119900222,0,0,0
119900223,0,0,0
119900224,0,0,0
119900225,0,0,0
119900226,1,90,-89
119900227,40,14,26
119900228,0,2,-2
119900229,0,0,0
119900230,19,0,19
119900231,31,0,31
119900232,0,0,0
119900233,2,1,1
119900234,0,0,0
119900235,0,0,0
119900236,0,0,0
119900237,0,11,-11
119900238,0,0,0
119900240,0,0,0
119900241,0,0,0
119900242,52,0,52
119900244,20,92,-72
119900245,0,0,0
119900246,0,0,0
119900247,0,0,0
119900248,0,0,0
119900249,0,0,0
119900253,75,114,-39
119900254,2,290,-288
119900255,21,11,10
119900256,123,32,91
119900257,0,0,0
119900258,7,2,5
119900259,6,0,6
119900260,0,0,0
119900261,79,12,67
119900262,3,0,3
119900263,107,13,94
119900264,0,0,0
119900265,0,0,0
119900266,0,0,0
119900267,0,9,-9
119900268,9,2,7
119900269,106,13,93
119900271,1,0,1
119900272,2,1,1
119900275,0,0,0
119900276,0,0,0
119900277,0,0,0
119900278,0,1,-1
119900279,0,0,0
119900280,2,0,2
119900281,0,0,0
119900282,0,0,0
119900283,1,6,-5
119900284,175,104,71
119900285,0,0,0
119900286,0,0,0
119900288,8,15,-7
119900289,1,0,1
119900290,0,0,0
119900291,0,0,0
119900292,3,14,-11
119900293,1,3,-2
119900294,10,15,-5
119900295,74,1,73
119900296,45,9,36
119900297,0,1,-1
119900298,57,31,26
119900299,1,0,1
119900300,0,0,0
119900301,0,2,-2
119900302,0,0,0
119900303,0,0,0
119900304,0,0,0
119900305,0,0,0
119900306,0,0,0
119900307,0,0,0
119900308,0,0,0
119900309,0,0,0
119900310,2,0,2
119900311,0,0,0
119900312,13,0,13
119900313,6,7,-1
119900314,0,0,0
119900315,0,0,0
119900318,0,0,0
119900319,0,0,0
119900320,108,21,87
119900321,96,27,69
120000001,3675,12421,-8746
120000002,752,610,142
120000003,527,440,87
120000004,751,595,156
120000005,820,495,325
120000006,303,258,45
120000007,583,441,142
120000008,278,272,6
120000009,342,236,106
120000010,517,382,135
120000011,247,226,21
120000012,343,315,28
120000013,1173,554,619
120000014,271,439,-168
120000015,1358,777,581
120000016,2696,1703,993
120000017,1715,1811,-96
120000018,1800,5957,-4157
120000019,379,659,-280
120000020,1542,1302,240
120000021,765,1322,-557
120000022,3038,3358,-320
120000023,660,794,-134
120000024,672,833,-161
120000025,1720,509,1211
120000026,1169,1465,-296
120000027,1668,1875,-207
120000028,408,134,274
120000029,208,603,-395
120000030,42,239,-197
120000031,376,1277,-901
120000032,1240,1039,201
120000033,1192,239,953
120000034,1432,253,1179
120000035,1147,246,901
120000036,1308,1776,-468
120000037,582,1270,-688
120000038,856,1884,-1028
120000039,26,186,-160
120000040,13,123,-110
120000041,49,123,-74
120000042,358,320,38
120000043,1616,447,1169
120000044,3361,544,2817
120000045,3298,227,3071
120000046,1916,1442,474
120000047,235,2503,-2268
120000048,2045,1537,508
120000049,1655,586,1069
120000050,935,1016,-81
120000051,809,1290,-481
120000052,888,674,214
120000053,587,606,-19
120000054,431,578,-147
120000055,889,516,373
120000056,2040,930,1110
120000057,1042,224,818
120000058,212,285,-73
120000059,71,927,-856
120000061,6,180,-174
120000062,65,78,-13
120000063,195,214,-19
120000064,127,186,-59
120000065,186,123,63
120000066,75,51,24
120000067,1,91,-90
120000068,58,155,-97
120000069,291,93,198
120000070,57,91,-34
120000071,259,14,245
120000072,538,62,476
120000073,423,8,415
120000074,41,4,37
120000075,547,63,484
120000076,1303,64,1239
120000077,1135,131,1004
120000078,411,177,234
120000079,454,99,355
120000080,180,67,113
120000081,251,83,168
120000082,147,176,-29
120000083,29,1082,-1053
120000084,48,46,2
120000085,42,13,29
120000086,72,59,13
120000087,94,55,39
120000088,360,239,121
120000089,956,104,852
120000090,319,163,156
120000091,448,172,276
120000092,513,104,409
120000093,393,159,234
120000094,109,333,-224
120000095,322,82,240
120000096,108,61,47
120000098,169,78,91
120000099,33,90,-57
120000100,250,125,125
120000101,255,111,144
120000102,363,802,-439
120000103,754,497,257
120000104,1840,143,1697
120000105,2248,76,2172
120000106,2070,88,1982
120000107,3525,86,3439
120000108,1276,41,1235
120000109,611,31,580
120000110,3,133,-130
120000111,9,86,-77
120000112,29,238,-209
120000113,41,197,-156
120000114,59,195,-136
120000115,45,135,-90
120000116,38,148,-110
120000117,326,113,213
120000118,27,47,-20
120000119,20,59,-39
120000120,15,45,-30
120000121,68,41,27
120000122,91,171,-80
120000123,414,4197,-3783
120000124,280,276,4
120000125,278,78,200
120000126,102,201,-99
120000127,158,160,-2
120000128,465,859,-394
120000129,68,115,-47
120000130,378,202,176
120000131,166,132,34
120000134,35,9,26
120000135,43,282,-239
120000137,1,9,-8
120000138,268,37,231
120000139,73,19,54
120000140,108,12,96
120000141,144,10,134
120000142,410,62,348
120000143,0,5,-5
120000144,34,0,34
120000145,59,0,59
120000146,384,629,-245
120000149,199,113,86
120000150,235,3636,-3401
120000151,293,92,201
120000152,320,19,301
120000153,43,54,-11
120000154,52,76,-24
120000155,41,121,-80
120000156,159,377,-218
120000157,264,126,138
120000158,92,66,26
120000159,560,562,-2
120000160,1014,790,224
120000161,744,711,33
120000162,35,203,-168
120000163,221,114,107
120000164,279,45,234
120000165,218,58,160
120000166,825,33,792
120000167,0,0,0
120000168,0,0,0
120000169,0,0,0
120000170,0,0,0
120000171,0,0,0
120000172,0,0,0
120000173,17,0,17
120000174,2,0,2
120000175,3,0,3
120000176,1,0,1
120000177,57,2,55
120000178,0,1,-1
120000179,3,0,3
120000180,2,0,2
120000181,3,72,-69
120000182,9,110,-101
120000183,0,147,-147
120000184,1,389,-388
120000186,0,42,-42
120000187,1,38,-37
120000188,3,58,-55
120000190,17,87,-70
120000191,26,52,-26
120000192,14,30,-16
120000193,24,6,18
120000195,0,0,0
120000196,3,0,3
120000197,0,8,-8
120000198,61,0,61
120000199,0,0,0
120000200,0,0,0
120000201,0,0,0
120000202,0,0,0
120000203,0,0,0
120000207,0,0,0
120000208,0,0,0
120000209,0,0,0
120000210,0,0,0
120000211,0,0,0
120000212,0,0,0
120000213,0,0,0
120000214,0,0,0
120000215,0,0,0
120000216,0,0,0
120000217,0,0,0
120000218,0,0,0
120000219,0,0,0
120000220,0,0,0
120000225,790,2,788
120000226,256,1,255
120000227,185,6,179
120000228,0,0,0
120000230,37,0,37
120000231,177,15,162
120000233,289,4,285
120000235,7,35,-28
120000236,817,1,816
120000237,0,20,-20
120000238,0,0,0
120000241,687,1589,-902
120000412,83,8,75
120000413,102,5,97
120000414,140,0,140
120000415,0,4,-4
120000416,32,0,32
120000417,0,2,-2
120000418,147,0,147
120000419,2,4,-2
120000420,87,51,36
120000421,1575,1081,494
120000422,20,312,-292
120000423,0,0,0
120000424,0,0,0
120000436,94,730,-636
120000437,4,11,-7
120000438,112,113,-1
120000439,144,249,-105
120000443,177,0,177
120000444,963,40,923
120000445,837,549,288
120000446,86,101,-15
120000447,96,0,96
120000449,35,0,35
120000450,0,7,-7
120000451,38,45,-7
120000452,168,10,158
120000453,0,0,0
120000454,71,66,5
120000455,15,34,-19
120000456,52,569,-517
120000457,176,115,61
120000458,214,90,124
120000459,41,21,20
120000665,20,109,-89
120000668,3,267,-264
120000669,70,88,-18
120000670,3,193,-190
120000671,485,212,273
120000672,3,122,-119
120900001,93,2,91
120900002,2,7,-5
120900003,0,0,0
120900004,0,36,-36
120900005,41,37,4
120900006,191,31,160
120900007,0,1,-1
120900008,124,45,79
120900009,0,0,0
120900010,189,46,143
120900011,0,0,0
120900012,1,308,-307
120900013,99,9,90
120900014,0,27,-27
120900015,521,8,513
120900016,604,7,597
120900017,53,0,53
120900018,50,20,30
120900019,117,96,21
120900020,56,191,-135
120900021,312,6,306
120900022,4,11,-7
120900023,360,9,351
120900024,278,32,246
120900025,14,32,-18
120900026,17,12,5
120900027,0,0,0
120900028,337,66,271
120900029,0,0,0
120900030,429,124,305
120900031,235,10,225
120900032,804,25,779
120900033,426,4,422
120900034,1,324,-323
120900035,15,1,14
120900037,168,2,166
120900038,0,0,0
120900039,0,0,0
120900040,193,1,192
120900041,2,0,2
120900042,219,26,193
120900043,28,3,25
120900044,0,65,-65
120900045,19,3,16
120900046,398,1,397
120900047,0,0,0
120900048,0,0,0
120900049,282,0,282
120900050,143,509,-366
120900051,95,64,31
120900052,193,0,193
120900053,0,0,0
120900054,147,4,143
120900055,304,4,300
120900056,0,0,0
120900057,0,0,0
120900058,532,0,532
120900059,61,0,61
120900060,0,0,0
120900061,32,0,32
120900062,109,13,96
120900063,0,0,0
120900064,321,0,321
120900065,320,0,320
120900066,246,6,240
120900067,57,16,41
120900068,117,1,116
120900069,0,0,0
120900071,8,0,8
120900072,0,0,0
120900073,0,0,0
120900074,225,9,216
120900076,175,0,175
120900077,477,162,315
120900078,727,68,659
120900079,105,4,101
120900080,132,0,132
120900081,445,56,389
120900082,136,16,120
120900083,131,1,130
120900084,113,186,-73
120900085,0,0,0
120900086,0,221,-221
120900087,220,70,150
120900088,4,234,-230
120900089,217,1519,-1302
120900090,25,0,25
120900091,16,274,-258
120900092,6,16,-10
120900093,0,0,0
120900094,8,26,-18
120900095,0,0,0
120900096,1,7,-6
120900097,26,33,-7
120900098,0,0,0
120900099,2,0,2
120900100,0,0,0
120900101,0,0,0
120900102,0,0,0
120900103,38,28,10
120900104,6,0,6
120900105,0,0,0
120900106,65,24,41
120900107,15,2,13
120900108,0,0,0
120900109,7,27,-20
120900110,0,0,0
120900111,0,0,0
120900112,0,0,0
120900113,0,14,-14
120900114,0,5,-5
120900115,28,60,-32
120900116,45,17,28
120900117,0,0,0
120900118,5,35,-30
120900119,689,353,336
120900120,1,30,-29
120900121,0,11,-11
120900122,78,13,65
120900123,0,0,0
120900124,0,21,-21
120900125,0,22,-22
120900126,48,11,37
120900127,0,0,0
120900128,25,7,18
120900129,100,16,84
120900130,3,30,-27
120900131,0,0,0
120900132,596,15,581
120900133,0,17,-17
120900134,3,9,-6
120900135,25,9,16
120900136,0,0,0
120900137,110,3,107
120900138,0,2,-2
120900139,0,10,-10
120900140,0,0,0
120900141,58,28,30
120900142,0,2,-2
120900143,1,19,-18
120900144,0,19,-19
120900145,15,25,-10
120900146,0,28,-28
120900147,0,0,0
120900148,19,10,9
120900149,0,20,-20
120900150,2,12,-10
120900151,0,8,-8
120900152,0,0,0
120900153,0,0,0
120900154,0,16,-16
120900155,6,2,4
120900156,46,22,24
120900157,0,0,0
120900158,2,6,-4
120900159,0,0,0
120900160,0,4,-4
120900161,0,0,0
120900162,0,0,0
120900163,0,0,0
120900164,0,0,0
120900165,0,0,0
120900166,0,0,0
120900167,0,0,0
120900169,0,0,0
120900170,9,845,-836
120900171,40,3,37
120900172,0,0,0
120900173,0,0,0
120900174,0,0,0
120900175,29,0,29
120900176,0,122,-122
120900177,1,512,-511
120900178,0,133,-133
120900179,19,6,13
120900180,1,0,1
120900181,0,0,0
120900182,0,0,0
120900183,0,0,0
120900184,0,0,0
120900185,0,0,0
120900186,0,18,-18
120900187,95,71,24
120900188,11,0,11
120900189,0,0,0
120900190,57,2,55
120900191,1,0,1
120900192,531,1936,-1405
120900194,1,1,0
120900195,7,11,-4
120900196,0,0,0
120900197,257,22,235
120900198,8,32,-24
120900199,35,102,-67
120900200,0,0,0
120900201,67,6,61
120900202,0,9,-9
120900203,3,3,0
120900204,28,6,22
120900205,0,1,-1
120900206,1,7,-6
120900207,0,20,-20
121000001,142,420,-278
121000002,242,756,-514
121000003,292,757,-465
121000004,288,1077,-789
121000005,1294,2645,-1351
121000006,589,1131,-542
121000007,200,1247,-1047
121000008,491,1227,-736
121000009,670,2603,-1933
121000010,659,1098,-439
121000011,1013,2911,-1898
121000012,1206,1017,189
121000013,1321,2276,-955
121000014,1566,1144,422
121000015,1978,3518,-1540
121000016,536,456,80
121000017,299,1436,-1137
121000018,458,826,-368
121000019,1364,2530,-1166
121000020,3215,5465,-2250
121000021,351,374,-23
121000022,461,2492,-2031
121000023,496,298,198
121000024,1686,2293,-607
121000025,33,295,-262
121000026,55,132,-77
121000027,167,597,-430
121000028,52,189,-137
121000029,31,186,-155
121000030,0,0,0
121000031,40,166,-126
121000032,0,0,0
121000034,10,51,-41
121000035,0,23,-23
121000036,91,226,-135
121000037,97,381,-284
121000038,524,573,-49
121000039,96,48,48
121000041,59,167,-108
121000042,3,146,-143
121000043,318,354,-36
121000044,19,261,-242
121000045,51,165,-114
121000046,0,0,0
121000047,8,40,-32
121000049,314,271,43
121000050,59,1489,-1430
121000051,171,77,94
121000052,74,740,-666
121000053,31,57,-26
121000054,0,34,-34
121000055,170,483,-313
121000056,756,485,271
121000057,0,10,-10
121000058,60,105,-45
121000059,161,867,-706
121000060,421,637,-216
121000061,0,398,-398
121000062,167,238,-71
121000063,136,578,-442
121000064,147,504,-357
121000065,78,124,-46
121000066,44,29,15
121000067,78,30,48
121000068,120,531,-411
121000069,11,649,-638
121000070,182,214,-32
121000071,266,888,-622
121000072,43,46,-3
121000073,93,394,-301
121000074,7,22,-15
121000075,1,19,-18
121000076,6,59,-53
121000077,2,37,-35
121000078,0,23,-23
121000080,123,125,-2
121000081,363,1258,-895
121000082,1,7,-6
121000083,19,77,-58
121000084,0,0,0
121000085,10,16,-6
121000086,21,186,-165
121000087,3,179,-176
121000088,103,126,-23
121000089,8,277,-269
121000090,72,96,-24
121000091,281,543,-262
121000092,43,22,21
121000093,30,85,-55
121000094,52,139,-87
121000095,12,122,-110
121000096,527,189,338
121000097,183,1135,-952
121000098,111,181,-70
121000099,128,87,41
121000100,270,136,134
121000101,75,112,-37
121000102,3,6,-3
121000103,28,82,-54
121000104,25,0,25
121000105,1,2,-1
121000106,52,98,-46
121000107,609,1416,-807
121000109,301,900,-599
121000110,8,623,-615
121000114,726,1853,-1127
121000115,78,62,16
121000116,45,67,-22
121000117,69,30,39
121000118,115,21,94
121000119,124,30,94
121000120,47,429,-382
121000121,56,77,-21
121000123,55,76,-21
121000127,3,44,-41
121000128,178,63,115
121000129,110,82,28
121000130,140,166,-26
121000131,32,163,-131
121000132,63,204,-141
121000135,112,173,-61
121000136,247,555,-308
121000137,95,100,-5
121000138,132,1017,-885
121000139,0,0,0
121000141,42,4,38
121000142,0,71,-71
121000143,0,14,-14
121000144,444,680,-236
121000145,102,129,-27
121000146,225,81,144
121000147,141,18,123
121000148,80,110,-30
121000149,375,630,-255
121000152,55,106,-51
121000153,136,43,93
121000154,249,75,174
121000155,299,317,-18
121000156,64,178,-114
121000157,147,177,-30
121000158,416,217,199
121000159,168,122,46
121000160,188,65,123
121000161,110,191,-81
121000162,100,59,41
121000165,439,1483,-1044
121000166,20,319,-299
121000168,33,82,-49
121000169,2,35,-33
121000170,72,4,68
121000171,3,41,-38
121000172,153,305,-152
121000173,510,588,-78
121000174,186,382,-196
121000175,310,118,192
121000176,119,157,-38
121000177,121,84,37
121000178,105,25,80
121000179,2,9,-7
121000181,117,44,73
121000182,217,314,-97
121000183,16,211,-195
121000184,16,344,-328
121000185,4,771,-767
121000186,92,630,-538
121000187,83,86,-3
121000188,42,53,-11
121000192,163,49,114
121000193,63,55,8
121000194,453,818,-365
121000195,194,508,-314
121000196,63,102,-39
121000197,27,58,-31
121000198,40,176,-136
121000199,31,50,-19
121000200,177,103,74
121000201,0,112,-112
121000202,40,5,35
121000203,5,101,-96
121000204,683,25,658
121000205,80,151,-71
121000206,140,121,19
121000207,541,298,243
121000208,0,95,-95
121000209,354,5,349
121000210,304,99,205
121000211,13,2,11
121000212,78,57,21
121000213,368,349,19
121000214,189,1056,-867
121000215,355,168,187
121000216,159,413,-254
121000217,909,1389,-480
121000218,47,403,-356
121000219,308,279,29
121000220,55,2,53
121000221,13,77,-64
121000222,529,824,-295
121000223,0,0,0
121000224,178,119,59
121000225,72,793,-721
121000226,180,842,-662
121000227,4,5,-1
121000228,14,76,-62
121000229,0,15,-15
121000230,19,161,-142
121000231,455,9,446
121000232,38,14,24
121000233,104,80,24
121000234,1,56,-55
121000235,1,43,-42
121000236,2,38,-36
121000237,1,12,-11
121000238,1,5,-4
121000239,19,0,19
121000240,0,22,-22
121000241,25,0,25
121000242,0,35,-35
121000243,54,0,54
121000244,0,8,-8
121000245,31,0,31
121000246,0,29,-29
121000247,13,0,13
121000248,56,56,0
121000249,26,40,-14
121000250,92,266,-174
121000251,2,42,-40
121000252,3,56,-53
121000253,50,124,-74
121000254,305,83,222
121000255,3,64,-61
121000256,36,188,-152
121000257,3,75,-72
121000258,68,170,-102
121000259,10,67,-57
121000260,7,16,-9
121000261,4,182,-178
121000262,77,68,9
121000263,296,28,268
121000271,48,876,-828
121000273,19,0,19
121000274,0,49,-49
121000275,2,0,2
121000276,0,25,-25
121000278,10,3,7
121000279,4,1,3
121000280,3,10,-7
121000289,52,6,46
121000290,78,412,-334
121000294,107,13,94
121000297,185,328,-143
121000299,64,200,-136
121000300,90,90,0
121000302,1,301,-300
121000303,53,28,25
121000304,392,48,344
121000305,45,58,-13
121000306,96,182,-86
121000308,0,0,0
121000309,0,0,0
121000310,0,0,0
121000311,0,1,-1
121000312,76,97,-21
121000313,0,1,-1
121000314,0,12,-12
121000315,1,6,-5
121000530,475,484,-9
121000531,763,371,392
121000532,1316,1373,-57
121000533,2168,1392,776
121000918,0,0,0
121000919,29,106,-77
121000938,9,3,6
121000939,19,119,-100
121000956,444,212,232
121000957,0,0,0
121000958,11,9,2
121000959,214,38,176
121000960,244,249,-5
121000961,137,0,137
121000962,36,49,-13
121000963,0,0,0
121000973,0,0,0
121000976,0,0,0
121000979,0,0,0
121000981,45,2,43
121000982,310,71,239
121000983,42,3,39
121000984,1,4,-3
121000985,138,82,56
121000986,54,70,-16
121000987,87,115,-28
121000988,313,54,259
121001302,2,16,-14
121001308,1,30,-29
121001309,4,147,-143
121001313,0,0,0
121001314,484,254,230
121001315,1573,126,1447
121001326,46,90,-44
121900001,68,334,-266
121900002,0,0,0
121900003,1,0,1
121900004,0,0,0
121900005,1,0,1
121900006,0,0,0
121900007,203,29,174
121900008,0,0,0
121900009,0,0,0
121900010,0,0,0
121900011,14,1,13
121900012,5,0,5
121900013,0,0,0
121900014,0,0,0
121900015,95,0,95
121900016,0,0,0
121900017,0,0,0
121900018,0,0,0
121900019,0,0,0
121900020,0,0,0
121900021,46,0,46
121900022,0,0,0
121900023,0,0,0
121900024,0,0,0
121900025,0,0,0
121900026,0,0,0
121900027,0,0,0
121900028,0,0,0
121900029,0,0,0
121900030,0,0,0
121900031,1,56,-55
121900032,0,0,0
121900033,0,0,0
121900034,0,0,0
121900035,0,0,0
121900036,0,0,0
121900037,0,0,0
121900038,0,0,0
121900039,0,0,0
121900040,0,0,0
121900041,0,0,0
121900042,0,0,0
121900043,0,0,0
121900044,0,0,0
121900046,0,0,0
121900047,0,0,0
121900048,0,0,0
121900050,0,0,0
121900051,0,0,0
121900052,0,0,0
121900053,4,7,-3
121900054,0,0,0
121900055,0,0,0
121900058,0,0,0
121900059,0,0,0
121900060,0,0,0
121900062,0,0,0
121900063,6,7,-1
121900064,0,0,0
121900066,0,0,0
121900067,0,0,0
121900069,0,0,0
121900070,2,1,1
121900071,0,0,0
121900072,0,0,0
121900073,0,0,0
121900074,8,0,8
121900075,1,5,-4
121900076,0,0,0
121900078,0,0,0
121900079,0,0,0
121900080,0,0,0
121900082,0,0,0
121900084,0,0,0
121900086,0,0,0
121900087,0,0,0
121900088,0,0,0
121900089,0,0,0
121900090,0,0,0
121900091,0,0,0
121900092,0,0,0
121900093,0,0,0
121900094,0,0,0
121900095,0,0,0
121900096,0,0,0
121900097,0,0,0
121900098,0,0,0
121900099,0,0,0
121900100,0,0,0
121900101,0,0,0
121900102,0,0,0
121900103,0,0,0
121900104,99,48,51
121900105,0,0,0
121900106,0,0,0
121900107,0,0,0
121900108,0,0,0
121900109,0,0,0
121900110,0,0,0
121900111,0,0,0
121900112,0,0,0
121900113,0,0,0
121900114,0,0,0
121900117,0,0,0
121900118,0,0,0
121900119,0,0,0
121900120,0,0,0
121900121,0,0,0
121900122,0,0,0
121900123,0,0,0
121900124,0,0,0
121900125,2,0,2
121900127,0,0,0
121900128,0,0,0
121900129,0,0,0
121900130,0,0,0
121900131,0,0,0
121900132,0,0,0
121900133,0,0,0
121900134,0,0,0
121900135,67,13,54
121900136,0,0,0
121900137,0,0,0
121900138,0,0,0
121900139,0,0,0
121900140,0,0,0
121900141,18,0,18
121900142,0,0,0
121900143,0,0,0
121900144,0,0,0
121900145,0,0,0
121900146,0,0,0
121900147,0,0,0
121900148,0,0,0
121900149,0,0,0
121900150,0,0,0
121900151,0,0,0
121900152,0,0,0
121900153,0,0,0
121900154,0,0,0
121900155,0,0,0
121900156,0,0,0
121900157,0,0,0
121900158,0,0,0
121900159,0,0,0
121900160,0,0,0
121900161,0,0,0
121900162,0,0,0
121900163,0,0,0
121900164,0,0,0
121900165,0,0,0
121900166,0,0,0
121900167,0,0,0
121900168,0,0,0
121900169,0,0,0
121900170,0,0,0
121900171,0,0,0
121900172,0,0,0
121900173,0,0,0
121900174,0,0,0
121900175,0,0,0
121900176,0,0,0
121900177,0,0,0
121900178,0,0,0
121900179,0,0,0
121900180,78,279,-201
121900182,0,0,0
121900183,0,0,0
121900184,0,0,0
121900186,0,0,0
121900187,0,0,0
121900188,0,0,0
121900189,0,0,0
121900190,3,0,3
121900191,0,0,0
121900192,0,0,0
121900193,0,0,0
121900194,0,0,0
121900195,0,0,0
121900196,0,0,0
121900197,0,0,0
121900198,234,1,233
121900199,0,0,0
121900200,0,0,0
121900201,0,0,0
121900202,0,0,0
121900203,0,0,0
121900204,0,0,0
121900205,0,0,0
121900206,0,0,0
121900207,0,0,0
121900208,0,0,0
121900209,0,0,0
121900210,0,0,0
121900211,0,0,0
121900212,0,0,0
121900213,0,0,0
121900214,0,0,0
121900215,0,0,0
121900216,0,0,0
121900217,0,0,0
121900218,0,0,0
121900220,0,0,0
121900221,0,0,0
121900222,0,0,0
121900223,0,0,0
121900224,0,0,0
121900225,0,0,0
121900226,0,0,0
121900227,0,0,0
121900228,0,0,0
121900230,0,0,0
121900231,0,0,0
121900232,0,0,0
121900233,0,0,0
121900234,0,0,0
121900235,0,0,0
121900236,0,0,0
121900237,0,0,0
121900238,0,0,0
121900239,0,0,0
121900240,0,0,0
121900241,0,0,0
121900242,0,0,0
121900243,0,0,0
121900244,0,0,0
121900245,0,0,0
121900246,5,1,4
121900248,0,0,0
121900250,0,0,0
121900251,0,0,0
121900252,0,0,0
121900253,3,82,-79
121900254,0,0,0
121900255,0,0,0
121900258,512,306,206
121900259,0,0,0
121900260,0,0,0
121900261,0,0,0
121900262,0,0,0
121900263,0,0,0
121900264,0,0,0
121900265,0,0,0
121900266,0,0,0
121900267,0,0,0
121900269,0,0,0
121900270,0,0,0
121900271,0,0,0
121900273,2,12,-10
121900274,41,6,35
121900277,0,0,0
121900278,0,0,0
121900279,0,0,0
121900280,0,0,0
121900281,0,0,0
121900284,0,0,0
121900286,18,0,18
121900287,1,0,1
121900288,0,0,0
121900290,0,0,0
121900291,3,0,3
121900292,1,1,0
121900293,0,0,0
121900294,0,0,0
121900295,0,0,0
121900296,0,0,0
121900298,0,6,-6
121900299,0,0,0
121900300,15,0,15
121900301,0,0,0
121900302,0,0,0
121900303,0,0,0
121900304,0,0,0
121900305,0,0,0
121900306,0,0,0
121900307,27,0,27
121900308,0,0,0
121900309,0,0,0
121900310,0,0,0
121900311,66,0,66
121900312,26,0,26
121900313,54,0,54
121900314,0,0,0
121900315,0,0,0
121900316,0,0,0
121900317,0,0,0
121900318,0,0,0
121900319,0,0,0
121900320,0,0,0
121900321,0,0,0
121900322,0,0,0
121900323,0,0,0
121900324,0,0,0
121900325,0,0,0
121900326,0,0,0
121900327,0,0,0
121900328,0,0,0
121900329,0,0,0
121900330,0,0,0
121900331,0,0,0
121900332,0,0,0
121900333,0,0,0
121900334,0,0,0
122000001,274,762,-488
122000002,362,270,92
122000003,193,681,-488
122000004,254,327,-73
122000005,987,2293,-1306
122000006,213,793,-580
122000007,229,767,-538
122000008,435,866,-431
122000009,85,194,-109
122000010,1127,835,292
122000011,245,372,-127
122000012,172,409,-237
122000013,258,1017,-759
122000014,549,931,-382
122000015,252,518,-266
122000016,115,362,-247
122000017,270,751,-481
122000018,367,773,-406
122000019,166,708,-542
122000020,32,71,-39
122000021,6,132,-126
122000022,134,79,55
122000023,36,70,-34
122000024,288,432,-144
122000025,128,475,-347
122000026,334,388,-54
122000027,81,292,-211
122000028,152,390,-238
122000029,23,135,-112
122000031,14,617,-603
122000032,174,260,-86
122000033,82,190,-108
122000034,10,60,-50
122000035,2,47,-45
122000036,55,106,-51
122000037,12,101,-89
122000038,53,222,-169
122000039,28,2,26
122000040,25,18,7
122000041,314,1121,-807
122000042,231,631,-400
122000043,23,71,-48
122000044,37,130,-93
122000045,162,92,70
122000046,173,258,-85
122000047,29,21,8
122000048,846,1821,-975
122000049,1928,1296,632
122000050,92,288,-196
122000051,159,709,-550
122000052,133,455,-322
122000053,130,1417,-1287
122000054,347,563,-216
122000055,2195,2348,-153
122000056,646,1065,-419
122000057,858,1422,-564
122000058,343,557,-214
122000059,349,901,-552
122000060,60,59,1
122000061,6,23,-17
122000062,250,30,220
122000063,64,399,-335
122000064,1201,2319,-1118
122000065,966,930,36
122000066,48,49,-1
122000067,770,1978,-1208
122000068,175,1588,-1413
122000069,40,200,-160
122000070,652,395,257
122000071,193,443,-250
122000072,7,98,-91
122000073,25,157,-132
122000074,368,585,-217
122000075,121,518,-397
122000076,204,345,-141
122000077,106,323,-217
122000078,269,327,-58
122000079,129,468,-339
122000080,59,273,-214
122000081,4,120,-116
122000082,80,230,-150
122000083,138,262,-124
122000084,67,45,22
122000085,19,164,-145
122000086,723,2480,-1757
122000087,192,96,96
122000088,45,10,35
122000089,708,715,-7
122000090,45,160,-115
122000091,62,38,24
122000092,5,17,-12
122000093,939,2255,-1316
122000094,1408,1274,134
122000095,538,1785,-1247
122000096,114,836,-722
122000098,1146,3390,-2244
122000099,95,417,-322
122000100,101,101,0
122000101,36,63,-27
122000102,40,159,-119
122000103,76,130,-54
122000104,42,100,-58
122000105,45,133,-88
122000106,53,154,-101
122000107,127,186,-59
122000108,4,21,-17
122000109,50,102,-52
122000110,36,63,-27
122000111,242,207,35
122000112,107,123,-16
122000113,100,124,-24
122000114,285,2071,-1786
122000115,387,1445,-1058
122000116,29,169,-140
122000117,187,22,165
122000118,219,43,176
122000119,134,79,55
122000120,66,115,-49
122000121,257,362,-105
122000122,65,336,-271
122000123,130,412,-282
122000124,36,243,-207
122000125,61,192,-131
122000126,25,170,-145
122000127,43,246,-203
122000128,188,92,96
122000129,31,174,-143
122000130,383,294,89
122000131,91,103,-12
122000132,2,3,-1
122000133,88,42,46
122000134,66,241,-175
122000135,130,96,34
122000136,35,152,-117
122000137,145,301,-156
122000139,162,498,-336
122000140,99,308,-209
122000141,236,360,-124
122000142,34,370,-336
122000143,23,86,-63
122000144,101,86,15
122000145,115,33,82
122000146,84,283,-199
122000147,120,174,-54
122000148,121,123,-2
122000149,227,83,144
122000150,142,85,57
122000151,1,2,-1
122000152,7,0,7
122000153,112,141,-29
122000154,42,58,-16
122000155,170,180,-10
122000156,868,1064,-196
122000157,217,635,-418
122000158,65,70,-5
122000159,137,212,-75
122000160,300,207,93
122000161,213,202,11
122000162,121,234,-113
122000163,9,1,8
122000164,1,5,-4
122000165,53,515,-462
122000166,65,122,-57
122000167,0,1,-1
122000168,18,906,-888
122000169,13,24,-11
122000170,34,292,-258
122000171,0,0,0
122000172,225,742,-517
122000173,177,714,-537
122000174,267,1132,-865
122000175,50,45,5
122000176,175,1070,-895
122000177,589,1634,-1045
122000178,611,340,271
122000179,266,1267,-1001
122000180,351,1257,-906
122000181,304,1385,-1081
122000182,189,221,-32
122000183,55,105,-50
122000184,670,1058,-388
122000185,301,565,-264
122000186,127,398,-271
122000187,378,163,215
122000188,0,0,0
122000189,48,95,-47
122000190,315,373,-58
122000191,52,91,-39
122000192,54,11,43
122000193,88,281,-193
122000194,148,72,76
122000195,50,300,-250
122000196,49,56,-7
122000197,21,47,-26
122000198,90,248,-158
122000199,98,87,11
122000200,124,114,10
122000201,393,631,-238
122000202,201,468,-267
122000203,226,177,49
122000204,290,376,-86
122000205,67,201,-134
122000206,435,618,-183
122000207,296,694,-398
122000208,465,273,192
122000209,424,77,347
122000210,205,182,23
122000211,118,197,-79
122000212,121,135,-14
122000213,62,276,-214
122000214,381,654,-273
122000215,1219,631,588
122000217,338,412,-74
122000218,131,75,56
122000219,107,166,-59
122000220,26,261,-235
122000221,14,233,-219
122000222,26,29,-3
122000223,54,180,-126
122000225,58,95,-37
122000226,38,399,-361
122000227,22,211,-189
122000228,22,101,-79
122000229,1,118,-117
122000230,1,66,-65
122000231,7,121,-114
122000232,101,127,-26
122000233,0,17,-17
122000234,126,19,107
122000235,112,28,84
122000236,187,23,164
122000237,0,0,0
122000238,49,109,-60
122000239,88,10,78
122000240,179,31,148
122000241,243,36,207
122000242,29,5,24
122000243,23,18,5
122000244,21,87,-66
122000245,32,7,25
122000246,34,108,-74
122000247,86,93,-7
122000248,155,203,-48
122000249,149,217,-68
122000250,115,190,-75
122000251,0,0,0
122000252,4,11,-7
122000253,0,0,0
122000254,34,16,18
122000255,59,217,-158
122000256,1,38,-37
122000257,4,37,-33
122000258,20,137,-117
122000259,2,140,-138
122000261,12,133,-121
122000262,0,0,0
122000263,54,2,52
122000264,420,82,338
122000265,366,130,236
122000266,579,93,486
122000267,1,43,-42
122000268,46,48,-2
122000269,56,46,10
122000270,11,4,7
122000271,0,0,0
122000272,0,0,0
122000273,0,0,0
122000274,3,13,-10
122000275,0,29,-29
122000276,191,179,12
122000277,281,461,-180
122000278,281,70,211
122000279,25,7,18
122000280,101,16,85
122000281,37,58,-21
122000282,4,300,-296
122000283,4,24,-20
122000284,14,14,0
122000285,0,0,0
122000286,0,1,-1
122000287,764,381,383
122000288,96,48,48
122000291,888,293,595
122000293,19,39,-20
122000294,14,144,-130
122000295,279,32,247
122000296,87,473,-386
122000297,737,1654,-917
122000299,189,78,111
122000300,34,33,1
122000301,217,680,-463
122000302,149,484,-335
122000303,60,43,17
122000304,0,0,0
122000305,504,79,425
122000306,4,131,-127
122000307,8,19,-11
122000309,0,0,0
122000310,1,19,-18
122000311,6,19,-13
122000312,25,83,-58
122000313,6,65,-59
122000314,111,162,-51
122000315,90,1,89
122000316,236,70,166
122000317,331,73,258
122000318,161,229,-68
122000319,2,61,-59
122000320,163,390,-227
122000321,16,73,-57
122000322,489,331,158
122000323,201,267,-66
122000324,181,700,-519
122000325,179,341,-162
122000326,10,3,7
122000327,30,207,-177
122000328,63,161,-98
122000330,270,437,-167
122000332,2,82,-80
122000333,4,17,-13
122000337,93,65,28
122000338,44,13,31
122000340,14,55,-41
122000342,120,187,-67
122000343,26,55,-29
122000344,62,0,62
122000345,84,8,76
122000346,34,2,32
122000348,111,225,-114
122000349,7,66,-59
122000351,55,62,-7
122000352,53,21,32
122000353,8,1,7
122000355,48,569,-521
122000356,65,71,-6
122000357,21,6,15
122000358,0,0,0
122000359,0,0,0
122000360,0,0,0
122000362,0,4,-4
122000364,63,16,47
122000365,0,21,-21
122000366,8,0,8
122000368,27,91,-64
122000370,1,0,1
122000371,0,0,0
122000372,0,0,0
122000381,5,59,-54
122000382,0,9,-9
122000384,241,447,-206
122000385,28,0,28
122000386,5,458,-453
122000387,70,92,-22
122000388,76,470,-394
122000389,33,57,-24
122000390,37,214,-177
122000391,2,114,-112
122000392,10,8,2
122000393,0,9,-9
122000394,54,15,39
122000395,53,33,20
122000396,32,4,28
122000397,0,0,0
122000398,32,108,-76
122000399,19,4,15
122000400,14,123,-109
122000401,21,12,9
122000402,106,45,61
122000403,10,3,7
122000404,61,16,45
122000408,172,235,-63
122000503,0,7,-7
122000524,0,0,0
122000544,15,19,-4
122000614,30,60,-30
122000616,0,0,0
122000640,21,10,11
122000641,15,33,-18
122000642,232,93,139
122000643,8,157,-149
122000644,0,0,0
122000645,4,9,-5
122000651,69,531,-462
122000664,43,19,24
122000665,86,141,-55
122000666,25,138,-113
122000673,6,34,-28
122000674,85,87,-2
122000675,715,368,347
122000686,118,86,32
122000687,357,39,318
122000688,173,77,96
122000689,277,20,257
122000690,803,15,788
122000691,405,93,312
122000692,149,6,143
122000693,68,160,-92
122000695,0,0,0
122000696,128,35,93
122000698,1,0,1
122000699,65,18,47
122000701,199,33,166
122000702,93,240,-147
122000703,6,26,-20
122000712,0,0,0
122000717,3,51,-48
122000718,209,768,-559
122000719,17,33,-16
122000720,183,19,164
122000724,37,8,29
122900001,0,0,0
122900002,57,303,-246
122900003,5,0,5
122900004,0,0,0
122900005,0,0,0
122900006,0,0,0
122900007,0,0,0
122900008,0,0,0
122900009,0,0,0
122900010,13,10,3
122900012,7,27,-20
122900014,0,0,0
122900015,107,26,81
122900016,0,0,0
122900017,0,0,0
122900018,0,0,0
122900019,0,0,0
122900020,0,0,0
122900021,0,0,0
122900024,0,0,0
122900025,0,0,0
122900026,0,0,0
122900027,12,67,-55
122900028,0,0,0
122900029,6,2,4
122900030,0,0,0
122900031,3,18,-15
122900032,0,0,0
122900033,4,49,-45
122900034,12,73,-61
122900035,1,0,1
122900036,0,0,0
122900037,0,0,0
122900038,1,126,-125
122900039,0,15,-15
122900040,8,10,-2
122900041,6,36,-30
122900042,2,22,-20
122900043,8,14,-6
122900044,2,27,-25
122900045,6,26,-20
122900046,13,18,-5
122900047,2,0,2
122900048,0,0,0
122900049,0,0,0
122900051,0,0,0
122900052,108,1,107
122900053,0,1,-1
122900055,1,0,1
122900057,0,0,0
122900061,0,0,0
122900062,0,0,0
122900063,0,0,0
122900064,0,0,0
122900065,0,0,0
122900066,0,0,0
122900067,1,0,1
122900069,0,0,0
122900070,141,93,48
122900071,0,0,0
122900073,0,0,0
122900074,220,0,220
122900075,0,0,0
122900076,0,0,0
122900077,0,0,0
122900078,115,0,115
122900080,0,0,0
122900081,19,0,19
122900082,254,1,253
122900083,0,0,0
122900084,0,0,0
122900086,0,0,0
122900087,61,0,61
122900088,0,0,0
122900089,0,0,0
122900090,0,0,0
122900091,0,0,0
122900092,0,0,0
122900093,0,0,0
122900094,0,0,0
122900095,0,0,0
122900096,12,0,12
122900097,0,0,0
122900098,0,0,0
122900099,0,0,0
122900100,0,0,0
122900101,0,0,0
122900102,0,0,0
122900103,0,0,0
122900104,0,0,0
122900105,0,0,0
122900106,0,0,0
122900107,0,0,0
122900108,0,0,0
122900109,0,0,0
123000001,387,111,276
123000002,448,2083,-1635
123000003,859,887,-28
123000004,921,1404,-483
123000005,1171,693,478
123000006,842,1047,-205
123000007,801,687,114
123000008,432,418,14
123000009,1346,1403,-57
123000010,412,315,97
123000011,650,852,-202
123000012,11,95,-84
123000013,643,337,306
123000014,21,224,-203
123000015,770,508,262
123000016,78,176,-98
123000017,3163,1562,1601
123000018,76,41,35
123000019,188,2,186
123000020,93,4,89
123000021,88,103,-15
123000022,514,257,257
123000023,1203,954,249
123000024,610,439,171
123000025,50,64,-14
123000026,10,54,-44
123000027,5,170,-165
123000028,402,1738,-1336
123000029,8,348,-340
123000030,8,58,-50
123000031,225,67,158
123000032,269,84,185
123000033,76,75,1
123000034,466,393,73
123000035,54,204,-150
123000036,42,513,-471
123000037,1,8,-7
123000038,7,157,-150
123000039,341,827,-486
123000040,23,15,8
123000041,136,551,-415
123000042,35,58,-23
123000043,815,3471,-2656
123000044,732,295,437
123000045,242,98,144
123000046,47,333,-286
123000047,145,58,87
123000048,7,752,-745
123000049,2946,2314,632
123000050,284,417,-133
123000051,26,36,-10
123000052,223,547,-324
123000053,815,775,40
123000054,240,979,-739
123000055,1261,1896,-635
123000056,92,305,-213
123000057,408,679,-271
123000058,88,236,-148
123000059,47,140,-93
123000060,125,84,41
123000061,44,84,-40
123000063,174,168,6
123000064,174,20,154
123000065,291,406,-115
123000066,79,128,-49
123000067,273,162,111
123000068,356,304,52
123000069,513,214,299
123000070,92,33,59
123000071,388,222,166
123000072,68,25,43
123000073,516,237,279
123000074,161,50,111
123000075,101,466,-365
123000076,68,130,-62
123000077,504,132,372
123000078,679,409,270
123000079,906,439,467
123000080,376,62,314
123000081,5,2,3
123000082,96,89,7
123000083,186,48,138
123000084,131,10,121
123000085,119,26,93
123000086,146,69,77
123000087,36,44,-8
123000088,379,54,325
123000089,276,234,42
123000090,0,0,0
123000091,330,237,93
123000092,0,0,0
123000094,98,6,92
123000095,204,130,74
123000096,270,36,234
123000097,290,25,265
123000098,175,46,129
123000099,188,98,90
123000100,64,438,-374
123000101,88,36,52
123000102,402,569,-167
123000104,126,131,-5
123000105,5,12,-7
123000106,98,71,27
123000107,1,3,-2
123000108,138,42,96
123000111,217,70,147
123000112,209,71,138
123000113,74,34,40
123000114,106,187,-81
123000115,20,104,-84
123000116,1,17,-16
123000117,488,298,190
123000118,126,140,-14
123000119,42,97,-55
123000120,52,81,-29
123000121,148,224,-76
123000122,0,0,0
123000123,252,129,123
123000124,0,0,0
123000125,453,440,13
123000126,268,1124,-856
123000127,70,165,-95
123000128,0,0,0
123000129,314,35,279
123000130,302,4,298
123000131,258,93,165
123000132,0,0,0
123000133,0,0,0
123000134,58,23,35
123000135,393,165,228
123000136,0,0,0
123000137,0,0,0
123000138,0,0,0
123000139,214,21,193
123000140,0,0,0
123000141,95,25,70
123000142,148,50,98
123000143,207,333,-126
123000144,1,1,0
123000147,18,166,-148
123000149,56,123,-67
123000150,9,30,-21
123000151,39,168,-129
123000152,0,0,0
123000153,13,257,-244
123000154,151,416,-265
123000155,124,177,-53
123000156,2,8,-6
123000157,55,158,-103
123000158,155,209,-54
123000159,441,1255,-814
123000160,186,432,-246
123000161,330,204,126
123000162,408,503,-95
123000163,348,62,286
123000164,451,15,436
123000165,21,187,-166
123000167,0,0,0
123000168,65,22,43
123000169,259,20,239
123000170,17,0,17
123000171,231,0,231
123000172,20,108,-88
123000173,275,44,231
123000174,371,113,258
123000175,5,86,-81
123000176,216,58,158
123000177,61,84,-23
123000178,315,37,278
123000179,1,70,-69
123000180,356,103,253
123000181,124,143,-19
123000182,73,25,48
123000183,4,8,-4
123000184,4,15,-11
123000185,358,133,225
123000186,0,0,0
123000187,301,7,294
123000188,184,0,184
123000189,50,66,-16
123000190,12,53,-41
123000192,0,48,-48
123000193,1,153,-152
123000194,17,21,-4
123000195,159,7,152
123000196,246,0,246
123000197,30,0,30
123000198,1,143,-142
123000199,0,68,-68
123000200,306,4,302
123000201,243,4,239
123000202,0,61,-61
123000203,455,15,440
123000204,3,96,-93
123000205,15,109,-94
123000206,870,37,833
123000207,26,169,-143
123000208,514,25,489
123000209,1658,176,1482
123000210,70,341,-271
123000211,156,238,-82
123000212,1832,80,1752
123000213,216,29,187
123000215,40,151,-111
123000216,36,308,-272
123000217,104,3,101
123000218,0,15,-15
123000219,183,32,151
123000220,166,24,142
123000221,21,11,10
123000222,103,90,13
123000223,173,68,105
123000224,149,68,81
123000225,120,9,111
123000226,81,6,75
123000227,29,1,28
123000228,119,10,109
123000229,151,104,47
123000232,3,26,-23
123000233,282,18,264
123000234,6,22,-16
123000235,219,43,176
123000236,10,51,-41
123000237,172,5,167
123000238,1,4,-3
123000239,81,94,-13
123000240,13,216,-203
123000241,82,31,51
123000242,16,42,-26
123000243,66,233,-167
123000244,230,26,204
123000245,0,0,0
123000249,0,0,0
123000252,264,91,173
123000253,368,240,128
123000254,120,79,41
123000255,158,179,-21
123000256,0,0,0
123000257,202,212,-10
123000258,219,83,136
123000259,204,86,118
123000260,364,110,254
123000261,42,45,-3
123000263,68,191,-123
123000264,93,32,61
123000265,9,15,-6
123000266,111,93,18
123000267,121,108,13
123000268,5,14,-9
123000269,81,18,63
123000270,70,27,43
123000271,6,8,-2
123000272,278,72,206
123000273,106,605,-499
123000274,536,312,224
123000275,5,62,-57
123000278,250,590,-340
123000279,34,25,9
123000280,73,52,21
123000281,69,57,12
123000282,10,164,-154
123000283,29,54,-25
123000284,6,16,-10
123000286,109,200,-91
123000287,139,165,-26
123000288,266,180,86
123000289,102,217,-115
123000291,3,14,-11
123000294,97,378,-281
123000295,446,1280,-834
123000296,470,1133,-663
123000297,165,66,99
123000298,169,59,110
123000299,33,195,-162
123000300,446,131,315
123000301,33,34,-1
123000302,133,20,113
123000303,7,383,-376
123000305,95,257,-162
123000306,32,3,29
123000309,20,6,14
123000310,40,52,-12
123000311,3,0,3
123000312,187,88,99
123000313,184,95,89
123000315,254,29,225
123000316,628,38,590
123000317,220,33,187
123000318,6,108,-102
123000329,0,2,-2
123000337,280,187,93
123000338,101,129,-28
123000339,98,14,84
123000340,17,58,-41
123000342,0,11,-11
123000343,53,0,53
123000344,174,73,101
123000345,90,55,35
123000346,493,26,467
123000352,74,100,-26
123000353,8,7,1
123000354,290,4,286
123000355,0,163,-163
123000356,128,0,128
123000357,0,0,0
123000359,0,1,-1
123000360,69,68,1
123000361,97,15,82
123000362,118,5,113
123000363,18,1,17
123000364,114,107,7
123000365,0,16,-16
123000366,65,319,-254
123000367,16,96,-80
123000370,13,2,11
123000371,96,3,93
123000372,23,5,18
123000373,0,2,-2
123000374,0,0,0
123000375,239,12,227
123000376,370,523,-153
123000377,110,1,109
123000378,0,3,-3
123000379,0,12,-12
123000380,0,0,0
123000381,20,9,11
123000382,97,47,50
123000383,0,0,0
123000384,82,43,39
123000385,0,0,0
123000436,15,439,-424
123000507,14,55,-41
123000508,159,946,-787
123000517,30,3,27
123000518,7,61,-54
123000519,14,17,-3
123000520,6,95,-89
123000521,65,20,45
123000522,44,102,-58
123000541,22,3,19
123000542,0,0,0
123000565,276,8,268
123000566,71,95,-24
123000567,126,64,62
123000573,0,12,-12
123000574,233,10,223
123000575,349,1,348
123000576,92,0,92
123000577,0,0,0
123000578,146,15,131
123000579,358,1625,-1267
123000580,112,21,91
123000582,127,2,125
123000583,31,2,29
123000584,21,39,-18
123000585,0,0,0
123000586,52,1,51
123000596,138,100,38
123000597,109,101,8
123000602,6,2,4
123000603,389,46,343
123000604,150,49,101
123000605,218,2,216
123000606,0,0,0
123000609,4,29,-25
123000610,7,21,-14
123000613,5,17,-12
123000614,84,11,73
123000615,3,31,-28
123000616,133,23,110
123000617,0,0,0
123000618,0,0,0
123000619,45,2,43
123000620,0,0,0
123000622,98,5,93
123000624,65,49,16
123000630,807,260,547
123000631,98,51,47
123000632,217,15,202
123000633,0,86,-86
123000634,0,40,-40
123000635,0,0,0
123000636,35,108,-73
123000637,26,2,24
123000638,114,112,2
123000639,385,1139,-754
123000640,4,0,4
123000648,169,24,145
123000649,8,22,-14
123000650,16,168,-152
123000651,0,40,-40
123900001,0,0,0
123900002,0,0,0
123900003,0,0,0
123900005,0,0,0
123900006,0,0,0
124000001,527,104,423
124000002,0,118,-118
124000003,452,53,399
124000004,0,16,-16
124000005,479,193,286
124000006,0,21,-21
124000007,102,22,80
124000008,3,19,-16
124000009,401,78,323
124000010,43,24,19
124000011,333,90,243
124000012,0,0,0
124000017,101,31,70
124000018,0,0,0
124000019,97,20,77
124000020,0,0,0
124000021,41,22,19
124000022,0,0,0
124000023,174,125,49
124000024,0,0,0
124000025,156,172,-16
124000026,3,73,-70
124000027,514,163,351
124000028,437,396,41
124000031,259,1686,-1427
124000032,1,9,-8
124000033,344,272,72
124000034,26,25,1
124000035,96,11,85
124000036,1,29,-28
124000037,62,162,-100
124000038,2,2,0
124000039,63,19,44
124000040,27,38,-11
124000041,217,24,193
124000042,3,6,-3
124000043,38,21,17
124000044,1,8,-7
124000045,310,94,216
124000046,0,0,0
124000047,343,70,273
124000048,0,0,0
124000049,764,81,683
124000050,0,0,0
124000051,504,72,432
124000052,0,0,0
124000053,326,653,-327
124000054,0,0,0
124000055,745,880,-135
124000056,9,2,7
124000057,764,215,549
124000058,8,8,0
124000059,593,517,76
124000060,105,31,74
124000061,534,1373,-839
124000062,131,68,63
124000063,314,75,239
124000064,283,116,167
124000065,0,0,0
124000066,23,6,17
124000067,7,15,-8
124000068,0,0,0
124000069,147,5,142
124000070,0,0,0
124000071,39,7,32
124000072,0,0,0
124000073,200,17,183
124000074,0,0,0
124000075,123,34,89
124000076,0,0,0
124000077,33,48,-15
124000078,201,177,24
124000079,0,94,-94
124000080,151,18,133
124000081,0,0,0
124000082,45,103,-58
124000083,0,0,0
124000084,20,227,-207
124000085,0,0,0
124000086,30,60,-30
124000088,28,47,-19
124000089,218,21,197
124000090,4,17,-13
124000091,182,31,151
124000092,44,189,-145
124000093,42,16,26
124000094,17,41,-24
124000095,76,7,69
124000096,31,30,1
124000097,124,3,121
124000098,28,5,23
124000099,56,25,31
124000100,0,45,-45
124000101,155,51,104
124000102,60,8,52
124000103,170,54,116
124000104,32,12,20
124000105,142,31,111
124000106,14,8,6
124000107,8,267,-259
124000108,8,9,-1
124000109,55,20,35
124000110,55,4,51
124000111,102,18,84
124000112,193,125,68
124000113,50,27,23
124000114,122,128,-6
124000115,148,182,-34
124000116,22,40,-18
124000117,5,6,-1
124000118,3,36,-33
124000119,238,126,112
124000120,125,17,108
124000121,449,179,270
124000122,28,194,-166
124000123,376,73,303
124000124,120,172,-52
124000125,198,110,88
124000126,85,95,-10
124000127,547,55,492
124000128,197,100,97
124000129,721,366,355
124000130,152,32,120
124000131,297,212,85
124000132,149,63,86
124000133,644,230,414
124000134,0,0,0
124000135,647,685,-38
124000136,55,123,-68
124000137,299,222,77
124000138,185,400,-215
124000139,150,2,148
124000140,37,78,-41
124000141,180,1,179
124000142,8,134,-126
124000143,5,0,5
124000144,2,8,-6
124000145,17,1,16
124000146,4,3,1
124000148,0,20,-20
124000149,242,105,137
124000150,30,54,-24
124000151,223,29,194
124000152,51,51,0
124000153,209,123,86
124000154,1,9,-8
124000155,300,143,157
124000156,36,29,7
124000169,25,60,-35
124000170,57,89,-32
124000171,83,72,11
124000172,77,18,59
124000173,114,36,78
124000174,134,101,33
124000175,0,0,0
124000176,5,40,-35
124000177,0,0,0
124000178,9,63,-54
124000185,5,0,5
124000186,3,1,2
124000187,0,2,-2
124000188,8,0,8
124000190,10,11,-1
124000191,1,80,-79
124000192,337,146,191
124000193,1,1,0
124000194,55,32,23
124000195,187,257,-70
124000196,269,86,183
124000197,29,2,27
124000198,41,11,30
124000201,3,0,3
124000202,207,15,192
124000203,15,0,15
124000204,449,14,435
124000205,13,0,13
124000206,601,121,480
124000207,0,0,0
124000209,66,2,64
124000210,420,101,319
124000211,408,0,408
124000212,0,0,0
124000213,53,0,53
124000214,231,11,220
124000215,259,11,248
124000216,0,0,0
124000329,8,21,-13
124000338,0,91,-91
124000339,425,12,413
124000341,478,8,470
124000344,30,12,18
124000357,1162,1704,-542
124000358,836,1114,-278
124000359,824,239,585
124000360,358,241,117
124000361,735,533,202
124000362,0,0,0
124000363,0,0,0
124000364,0,0,0
124000365,36,94,-58
124000366,64,945,-881
124000367,6,10,-4
124000368,61,193,-132
124000369,23,65,-42
124000370,0,0,0
124000402,0,6,-6
124000403,67,10,57
124000404,4,16,-12
124000405,599,122,477
124000406,193,124,69
124000407,1,31,-30
124000411,0,39,-39
124000412,106,1,105
124000413,2,23,-21
124000414,150,32,118
124000415,46,22,24
124000416,46,50,-4
124000417,81,60,21
124000418,208,40,168
124000419,74,32,42
124000420,113,21,92
124000421,89,5,84
124000422,4,10,-6
124000423,42,14,28
124000424,0,5,-5
124000425,17,1,16
124000426,0,5,-5
124000427,75,0,75
124000428,0,15,-15
124000429,58,9,49
124000430,152,79,73
124000431,49,18,31
124000432,65,254,-189
124000439,1,0,1
124000443,0,0,0
124000445,20,415,-395
124000446,6,33,-27
124000447,0,58,-58
124000448,52,1,51
124000449,57,1,56
124000450,0,18,-18
124000451,0,9,-9
124000452,48,20,28
124000453,1987,1436,551
124000454,58,2440,-2382
124900001,0,0,0
124900002,0,0,0
124900003,0,0,0
124900004,0,0,0
124900005,0,0,0
124900006,0,0,0
124900008,0,0,0
124900009,0,0,0
124900010,0,0,0
124900011,0,0,0
124900012,0,0,0
124900013,0,0,0
124900014,0,0,0
124900015,0,18,-18
124900016,18,7,11
124900017,1,9,-8
124900018,10,0,10
124900020,11,4,7
124900021,17,12,5
124900024,66,0,66
124900026,1,0,1
124900027,0,0,0
124900028,0,0,0
124900030,0,0,0
124900031,0,0,0
124900033,0,0,0
124900035,0,0,0
124900036,0,0,0
124900037,0,0,0
124900039,0,0,0
124900040,0,0,0
124900042,0,0,0
124900043,0,0,0
124900044,0,0,0
124900045,0,0,0
124900047,0,0,0
124900050,0,0,0
124900052,0,0,0
124900053,0,0,0
124900054,0,0,0
124900055,0,0,0
124900057,0,0,0
124900060,0,0,0
124900061,37,2,35
124900062,10,0,10
124900066,0,0,0
124900067,0,0,0
124900068,0,0,0
124900070,4,0,4
124900072,0,0,0
124900075,0,0,0
124900076,0,0,0
124900077,0,0,0
124900078,0,0,0
124900080,0,0,0
124900081,0,0,0
124900082,0,0,0
124900083,0,0,0
124900085,0,0,0
124900086,0,0,0
124900087,0,0,0
124900088,0,0,0
124900089,0,0,0
124900090,16,1,15
124900091,0,0,0
124900092,0,0,0
124900093,29,0,29
124900094,46,0,46
124900095,5,30,-25
124900096,9,2,7
124900097,72,2,70
124900098,0,0,0
124900099,0,0,0
124900100,59,1,58
124900101,51,0,51
124900102,76,0,76
124900103,0,0,0
124900104,0,0,0
124900105,0,0,0
124900106,21,0,21
124900107,6,1,5
124900108,0,0,0
124900111,0,0,0
124900112,0,0,0
124900113,0,0,0
124900114,0,0,0
124900115,0,0,0
124900116,35,45,-10
124900117,0,0,0
124900118,1,85,-84
124900119,0,0,0
124900120,0,0,0
124900121,0,0,0
124900122,0,0,0
124900123,0,0,0
124900124,0,0,0
124900125,8,0,8
124900126,0,0,0
204000001,119,1,118
204000002,27,1,26
204000003,18,0,18
204000004,5,2,3
204000005,313,545,-232
204000006,985,1425,-440
204000011,0,0,0
204000012,0,0,0
204000019,848,304,544
204000020,306,218,88
204000021,480,395,85
204000022,609,253,356
204000023,0,0,0
204000031,21,3,18
204000032,165,5,160
204000034,9,1,8
204000035,0,0,0
204000036,0,0,0
204000037,0,0,0
204000038,0,0,0
204000039,0,0,0
204000040,0,0,0
204000041,0,0,0
204000042,20,3,17
204000043,4,11,-7
204000044,13,0,13
204000045,5,7,-2
204000046,3,0,3
204000057,0,0,0
204000062,0,0,0
204000068,0,0,0
204000069,0,0,0
204000070,65,53,12
204000080,0,0,0
204000085,0,0,0
204000086,0,0,0
204000087,11,17,-6
204000088,0,0,0
204000090,13,4,9
204000093,677,8,669
204000096,795,237,558
204000097,133,10,123
204000099,1180,1291,-111
204000100,1142,684,458
204000105,0,0,0
204000110,0,0,0
204000111,0,0,0
204000112,0,0,0
204000113,0,0,0
204000114,243,616,-373
204000115,352,145,207
204000116,127,185,-58
204000119,1515,569,946
204000132,616,296,320
204000133,632,56,576
204000134,130,26,104
204000135,676,30,646
204000136,274,79,195
204000138,148,509,-361
204000140,133,141,-8
204000141,155,43,112
204000144,2,3,-1
204000145,63,6,57
204000146,0,0,0
204000147,7,0,7
204000148,89,8,81
204000154,0,2,-2
204000155,0,0,0
204000177,92,12,80
204000179,6,9,-3
204000180,0,1,-1
204000222,0,0,0
204000235,0,0,0
204000236,1,3,-2
204000238,8,1,7
204000240,62,2,60
204000263,0,0,0
204000268,461,270,191
204000308,26,1,25
204000317,0,0,0
204000322,0,0,0
204000323,6,1,5
204000328,222,7,215
204000329,9,11,-2
204000330,32,3,29
204000331,6,6,0
205000001,0,0,0
205000013,0,0,0
205000014,0,0,0
205000015,0,0,0
205000016,0,0,0
205000017,0,0,0
205000022,0,0,0
205000025,0,0,0
205000029,78,19,59
205000045,0,0,0
205000046,0,0,0
205000047,0,0,0
205000048,0,0,0
205000049,0,0,0
205000050,0,0,0
205000059,0,0,0
205000060,0,0,0
205000061,0,0,0
205000062,0,0,0
205000063,0,0,0
205000064,0,0,0
205000065,0,0,0
205000066,0,0,0
205000067,0,0,0
205000069,126,27,99
205000082,116,66,50
205000110,0,0,0
205000111,0,0,0
205000112,98,152,-54
205000113,0,0,0
205000121,148,22,126
205000123,0,0,0
205000126,597,97,500
205000127,752,29,723
205000128,447,21,426
205000129,559,19,540
205000130,83,18,65
205000131,23,11,12
205000132,38,2,36
205000133,21,0,21
205000134,209,0,209
205000137,0,0,0
205000138,0,0,0
205000139,0,0,0
205000144,35,97,-62
205000145,149,36,113
205000151,35,24,11
205000152,62,25,37
205000153,101,38,63
205000154,22,22,0
205000155,51,8,43
205000207,0,0,0
205000233,25,0,25
205000234,0,0,0
205000243,0,0,0
205000244,0,0,0
205000245,0,0,0
205000249,0,0,0
205000250,0,0,0
205000264,0,0,0
206000027,2,26,-24
206000028,1,5,-4
206000043,1,20,-19
206000053,0,0,0
206000054,0,0,0
206000055,0,0,0
206000075,1,10,-9
206000076,8,1,7
206000077,20,0,20
206000078,0,0,0
206000079,15,0,15
206000082,68,22,46
206000100,0,132,-132
206000103,0,0,0
206000104,0,0,0
206000105,0,0,0
206000106,0,0,0
206000125,75,0,75
206000157,0,0,0
206000170,0,0,0
206000171,0,20,-20
206000172,0,16,-16
206000173,0,2,-2
206000174,3,1,2
206000175,0,3,-3
206000176,0,7,-7
206000177,0,3,-3
206000178,0,16,-16
206000179,0,3,-3
206000180,0,5,-5
206000181,0,9,-9
206000182,0,8,-8
206000183,13,20,-7
206000184,0,2,-2
206000185,0,0,0
206000186,1,18,-17
206000223,0,1,-1
206000226,4,1,3
206000227,2,5,-3
206000237,4,8,-4
206000238,0,10,-10
206000239,6,74,-68
206000240,0,0,0
206000241,0,45,-45
206000242,0,0,0
206000243,0,1,-1
206000244,0,4,-4
206000245,488,16,472
206000246,192,24,168
206000247,130,1,129
206000248,222,3,219
206000252,0,27,-27
206000258,0,0,0
206000315,6,0,6
206000317,304,99,205
206000318,238,19,219
206000319,567,13,554
206000320,207,18,189
206000321,234,4,230
206000322,138,3,135
206000323,116,8,108
206000324,99,2,97
206000325,51,1,50
206000326,76,3,73
206000327,2,48,-46
206000328,87,4,83
206000329,244,0,244
206000330,10,0,10
206000331,167,1,166
206000332,19,0,19
206000333,433,1,432
206000334,184,3,181
206000335,0,0,0
206000361,0,0,0
206000392,0,0,0
206000405,79,0,79
206000441,18,36,-18
206000498,33,0,33
206000515,28,18,10
206000530,145,28,117
206000531,82,100,-18
206000532,275,71,204
206000535,3,277,-274
206000536,0,18,-18
206000537,1,14,-13
206000613,345,51,294
206000784,200,56,144
207000001,0,0,0
207000002,0,0,0
207000003,0,0,0
207000007,917,128,789
207000008,56,1,55
207000009,26,2,24
207000010,23,142,-119
207000012,261,67,194
207000015,30,208,-178
207000019,146,26,120
207000021,143,221,-78
207000022,166,133,33
207000023,127,44,83
207000024,0,7,-7
207000025,4,12,-8
207000026,0,0,0
207000027,0,0,0
207000028,0,0,0
207000029,0,0,0
207000033,123,163,-40
207000034,119,38,81
207000039,356,23,333
207000040,257,17,240
207000041,9,9,0
207000042,185,5,180
207000043,81,97,-16
207000051,0,0,0
207000052,0,0,0
207000053,0,0,0
207000054,0,0,0
207000055,0,0,0
207000056,0,0,0
207000057,0,0,0
207000058,0,0,0
207000059,0,0,0
207000060,0,0,0
207000061,32,954,-922
207000062,331,24,307
207000063,250,11,239
207000064,200,20,180
207000065,148,29,119
207000066,339,75,264
207000067,101,20,81
207000068,126,16,110
207000069,408,106,302
207000082,0,139,-139
207000083,23,120,-97
207000084,363,92,271
207000085,165,33,132
207000086,381,2,379
207000106,37,5,32
207000107,87,5,82
207000108,56,0,56
207000109,48,1,47
207000110,63,6,57
207000111,83,2,81
207000112,83,138,-55
207000114,0,0,0
207000115,0,0,0
207000116,0,0,0
207000117,0,0,0
207000118,0,0,0
207000119,0,0,0
207000123,104,1,103
207000124,73,24,49
207000125,36,1,35
207000126,20,0,20
207000134,153,37,116
207000135,19,250,-231
207000148,63,114,-51
207000149,0,0,0
207000152,0,0,0
207000153,0,0,0
207000154,204,59,145
207000159,0,0,0
207000160,0,0,0
207000238,0,0,0
207000242,0,0,0
207000248,0,0,0
207000249,0,0,0
207000250,0,0,0
207000251,0,0,0
207000252,0,0,0
207000278,107,56,51
207000279,0,0,0
207000280,653,34,619
207000281,35,117,-82
207000282,4,118,-114
207000283,1,6,-5
207000284,10,405,-395
207000285,3,57,-54
207000291,0,0,0
207000304,54,15,39
207000306,0,0,0
207000310,99,22,77
207000353,9,0,9
207000356,0,0,0
207000357,0,89,-89
207000358,0,13,-13
207000415,0,0,0
207000417,14,1,13
207000418,60,36,24
207000438,0,0,0
207000439,181,65,116
207000446,27,1,26
207000460,54,0,54
207000466,0,0,0
207000467,164,21,143
207000468,0,0,0
207000476,27,4,23
207000477,239,4,235
207000478,0,0,0
207000523,0,0,0
207000524,18,0,18
207000527,120,46,74
207000530,188,0,188
207000531,53,0,53
207000532,2,2,0
207000534,33,50,-17
207000535,0,0,0
207000537,0,0,0
207000540,0,0,0
207000541,0,0,0
207000548,0,0,0
207000549,63,0,63
207000561,105,12,93
207000562,0,0,0
207000567,0,0,0
207000568,30,4,26
207000569,249,9,240
207000584,0,0,0
207000585,0,7,-7
207000587,253,1,252
207000616,0,0,0
207000617,99,0,99
207000624,10,3,7
207000631,0,8,-8
207900008,342,25,317
208000001,292,531,-239
208000002,398,295,103
208000003,531,353,178
208000004,463,319,144
208000005,0,0,0
208000019,510,394,116
208000020,128,137,-9
208000021,9,79,-70
208000022,125,273,-148
208000028,92,666,-574
208000033,65,123,-58
208000034,117,318,-201
208000037,75,4,71
208000040,89,36,53
208000041,127,258,-131
208000042,262,265,-3
208000047,0,0,0
208000064,881,785,96
208000066,576,956,-380
208000070,210,229,-19
208000071,389,74,315
208000072,337,203,134
208000080,124,154,-30
208000081,243,35,208
208000082,6,3,3
208000083,6,2,4
208000084,5,50,-45
208000085,23,8,15
208000086,19,14,5
208000087,45,59,-14
208000089,0,0,0
208000090,0,0,0
208000093,0,0,0
208000094,29,117,-88
208000095,194,52,142
208000104,994,238,756
208000105,534,408,126
208000114,71,389,-318
208000115,188,291,-103
208000116,224,687,-463
208000117,21,53,-32
208000118,50,135,-85
208000155,43,74,-31
208000158,60,161,-101
208000186,351,916,-565
208000204,44,56,-12
208000205,58,65,-7
208000282,32,63,-31
209000004,151,53,98
209000005,31,5,26
209000006,286,118,168
209000007,216,161,55
209000010,0,0,0
209000011,0,0,0
209000012,0,0,0
209000013,0,0,0
209000014,0,0,0
209000025,212,52,160
209000026,428,18,410
209000027,0,0,0
209000028,0,0,0
209000029,0,0,0
209000030,0,0,0
209000031,0,0,0
209000034,89,182,-93
209000035,124,219,-95
209000036,482,57,425
209000037,411,135,276
209000038,255,47,208
209000039,134,59,75
209000040,146,31,115
209000041,78,30,48
209000042,38,59,-21
209000043,117,47,70
209000044,186,117,69
209000045,308,80,228
209000046,224,52,172
209000047,229,18,211
209000048,745,143,602
209000049,0,0,0
209000050,0,0,0
209000051,0,0,0
209000052,0,0,0
209000062,0,0,0
209000063,0,0,0
209000064,0,0,0
209000065,150,61,89
209000066,101,25,76
209000067,108,23,85
209000080,0,0,0
209000082,18,6,12
209000091,0,0,0
209000093,0,0,0
209000094,0,0,0
209000110,8,65,-57
209000111,234,550,-316
209000112,384,132,252
209000113,503,122,381
209000114,336,178,158
209000115,0,0,0
209000116,0,0,0
209000118,0,140,-140
209000119,0,0,0
209000121,0,0,0
209000135,14,21,-7
209000142,307,377,-70
209000143,0,0,0
209000144,30,134,-104
209000229,189,5,184
209000240,0,0,0
209000259,0,0,0
209000260,0,0,0
209000261,0,0,0
209000262,0,0,0
209000263,0,0,0
209000264,0,0,0
209000265,64,0,64
209000266,30,0,30
209000267,601,0,601
209000268,477,40,437
210000037,97,8,89
210000047,53,2,51
210000048,22,19,3
210000049,26,0,26
210000052,0,0,0
210000053,0,0,0
210000054,0,0,0
210000070,85,13,72
210000071,100,0,100
210000072,23,0,23
210000073,0,0,0
210000074,0,0,0
210000075,0,0,0
210000076,0,0,0
210000077,0,0,0
210000078,0,0,0
210000079,21,2,19
210000080,55,48,7
210000081,46,1,45
210000082,4,0,4
210000083,43,0,43
210000084,110,0,110
210000085,0,0,0
210000086,0,0,0
210000099,0,0,0
210000100,0,0,0
210000101,0,0,0
210000105,0,0,0
210000159,0,0,0
210000163,0,0,0
210000164,132,69,63
210000168,32,12,20
210000187,0,0,0
210000188,0,0,0
210000214,15,0,15
210000219,9,20,-11
210000220,45,48,-3
210000232,0,0,0
210000233,0,0,0
210000234,0,0,0
210000235,0,0,0
210000245,0,0,0
210000246,9,0,9
210000258,0,0,0
210000259,90,12,78
210000282,0,0,0
210000285,0,0,0
210000286,0,0,0
210000290,0,11,-11
210000295,0,0,0
210000296,0,0,0
210000320,152,6,146
210000321,87,7,80
210000338,0,0,0
210000339,0,0,0
210000340,0,0,0
210000341,0,0,0
210000342,0,0,0
210000343,0,0,0
210000344,0,0,0
210000345,0,0,0
210000346,0,0,0
210000347,0,0,0
210000348,0,0,0
210000349,0,0,0
210000350,0,0,0
210000351,0,0,0
210000352,37,5,32
210000353,36,17,19
210000354,26,8,18
210000355,6,25,-19
210000356,0,72,-72
210000357,24,108,-84
210000358,34,106,-72
210000359,28,81,-53
210000360,121,65,56
210000361,98,52,46
210000362,156,52,104
210000363,327,93,234
210000364,163,35,128
210000365,77,20,57
210000366,130,10,120
210000367,23,5,18
210000368,66,25,41
210000369,18,17,1
210000370,35,0,35
210000372,1,7,-6
210000373,1,34,-33
210000374,25,3,22
210000375,32,7,25
210000376,37,27,10
210000404,0,0,0
210000439,65,9,56
210000472,33,11,22
210000482,18,33,-15
210000564,154,32,122
210000567,0,16,-16
210000568,125,1,124
211000092,32,4,28
211000094,19,0,19
211000169,69,0,69
211000172,3,112,-109
211000209,0,0,0
211000226,16,8,8
211000270,23,15,8
211000275,4,4,0
211000276,75,0,75
211000279,15,9,6
211000281,30,1,29
211000302,0,0,0
211507980,0,30,-30
211977296,3,0,3
212000003,151,10,141
212000004,0,0,0
212000005,0,0,0
212000006,0,0,0
212000008,0,0,0
212000009,0,0,0
212000012,0,0,0
212000013,0,0,0
212000014,0,0,0
212000015,0,0,0
212000016,0,0,0
212000027,554,101,453
212000028,204,129,75
212000029,113,259,-146
212000030,54,25,29
212000031,52,15,37
212000048,0,0,0
212000049,0,0,0
212000050,0,0,0
212000051,0,0,0
212000052,0,0,0
212000053,0,0,0
212000054,333,17,316
212000055,293,39,254
212000056,9,25,-16
212000057,1,35,-34
212000058,13,13,0
212000070,0,0,0
212000077,0,0,0
212000099,332,83,249
212000108,222,112,110
212000111,312,27,285
212000120,0,0,0
212000138,0,0,0
212000156,0,0,0
212000158,1,44,-43
212000159,509,30,479
212000160,640,70,570
212000161,138,63,75
212000310,0,0,0
212000311,2,57,-55
212000374,0,0,0
213000001,3,109,-106
213000005,182,8,174
213000006,271,64,207
213000007,34,2,32
213000009,131,130,1
213000010,434,49,385
213000011,129,18,111
213000012,0,0,0
213000014,42,2,40
213000015,190,0,190
213000016,206,0,206
213000017,45,0,45
213000018,1,4,-3
213000019,0,0,0
213000020,13,10,3
213000021,0,1,-1
213000023,495,112,383
213000033,34,143,-109
213000034,358,101,257
213000035,148,253,-105
213000045,32,95,-63
213000046,30,15,15
213000047,38,667,-629
213000056,81,6,75
213000069,13,0,13
213000073,0,0,0
213000074,0,49,-49
213000075,330,0,330
213000076,3,0,3
213000085,0,0,0
213000086,0,0,0
213000091,155,2,153
213000092,17,1,16
213000099,0,242,-242
213000100,682,213,469
213000101,274,58,216
213000102,285,65,220
213000103,243,94,149
213000104,14,60,-46
213000105,1,38,-37
213000106,4,20,-16
213000107,29,10,19
213000108,1,31,-30
213000109,0,31,-31
213000110,1,28,-27
213000111,0,26,-26
213000112,1,84,-83
213000115,23,0,23
213000116,7,77,-70
213000117,1,113,-112
213000118,459,179,280
213000119,0,11,-11
213000120,1,8,-7
213000122,2,36,-34
213000123,1,72,-71
213000124,2,47,-45
213000125,99,15,84
213000126,0,3,-3
213000127,1,31,-30
213000128,9,119,-110
213000129,115,822,-707
213000130,497,391,106
213000132,307,157,150
213000133,525,63,462
213000134,936,2,934
213000136,439,3,436
213000137,332,9,323
213000139,93,0,93
213000147,7,2,5
213000148,2,3,-1
213000149,0,0,0
213000150,0,0,0
213000151,0,0,0
213000152,0,0,0
213000153,0,0,0
213000154,0,0,0
213000155,0,0,0
213000156,0,0,0
213000157,0,0,0
213000158,45,94,-49
213000159,432,64,368
213000163,528,100,428
213000165,247,66,181
213000171,1,2,-1
213000172,23,2,21
213000173,5,2,3
213000174,1,1,0
213000175,18,0,18
213000176,3,27,-24
213000177,81,9,72
213000178,173,5,168
213000179,138,4,134
213000180,77,0,77
213000184,8,77,-69
213000188,230,6,224
213000189,337,17,320
213000190,132,35,97
213000191,432,2,430
213000192,131,5,126
213000193,0,0,0
213000194,0,0,0
213000195,0,0,0
213000196,0,0,0
213000197,509,286,223
213000198,2,0,2
213000200,57,22,35
213000201,2,35,-33
213000202,0,8,-8
213000203,771,279,492
213000204,658,10,648
213000205,249,35,214
213000206,584,2,582
213000207,8,1,7
213000208,3,0,3
213000209,52,0,52
213000210,54,0,54
213000211,0,0,0
213000212,0,0,0
213000213,0,1,-1
213000218,218,285,-67
213000219,175,28,147
213000220,287,3,284
213000223,78,91,-13
213000224,1,18,-17
213000225,48,24,24
213000226,51,5,46
213000227,569,46,523
213000228,311,5,306
213000229,5,5,0
213000230,194,2,192
213000232,3,351,-348
213000233,0,0,0
213000234,0,0,0
213000293,0,3,-3
213000294,61,3,58
213000295,0,7,-7
213000296,48,9,39
213000297,0,0,0
213000298,0,0,0
213000299,1,9,-8
213000300,0,14,-14
213000303,0,0,0
213000304,0,0,0
213000305,1,3,-2
213000306,0,0,0
213000307,12,15,-3
213000308,0,0,0
213000309,65,22,43
213000310,80,24,56
213000311,5,167,-162
213000315,0,0,0
213000316,121,14,107
213000322,8,0,8
213000323,25,1,24
213000340,0,10,-10
213000341,530,49,481
213000346,69,151,-82
213000347,79,235,-156
213000348,0,8,-8
213000349,0,4,-4
213000350,32,100,-68
213000366,3,50,-47
213000367,259,11,248
213000379,0,0,0
213000386,7,19,-12
213000406,18,27,-9
213000417,668,143,525
213000425,41,5,36
213000426,37,2,35
213000427,23,19,4
213000428,26,13,13
213000429,1,19,-18
213000430,19,10,9
213000431,0,1,-1
213000432,0,180,-180
213000433,0,18,-18
213000435,33,6,27
213000439,1,5,-4
213000441,0,2,-2
213000443,205,154,51
213000445,0,27,-27
213000446,1,75,-74
213000447,0,59,-59
213000448,4,1,3
213000449,408,8,400
213000450,4,0,4
213000451,29,2,27
213000452,17,2,15
213000453,0,0,0
213000455,20,6,14
213000456,0,16,-16
213000481,3,4,-1
213000482,32,0,32
213000489,14,7,7
213000491,0,0,0
213000492,34,0,34
213000493,0,0,0
213000494,113,26,87
213000495,0,1,-1
213000496,381,235,146
213000497,0,2,-2
213000498,3,10,-7
213000499,8,20,-12
213000500,283,28,255
213000501,101,14,87
213000502,19,17,2
213000503,0,2,-2
213000504,0,2,-2
213000505,6,0,6
213000506,0,0,0
213000507,0,14,-14
213900244,19,0,19
213900245,0,0,0
218000003,0,0,0
218000004,0,0,0
218000005,10,35,-25
218000006,31,11,20
218000007,8,13,-5
218000012,25,42,-17
218000013,15,60,-45
218000014,6,41,-35
218000019,124,30,94
218000020,119,35,84
218000040,1,0,1
218000046,69,5,64
218000047,1,9,-8
218000048,41,28,13
218000049,21,20,1
218000050,119,39,80
218000051,4,83,-79
218000052,0,16,-16
218000053,0,2,-2
218000054,1,11,-10
218000055,1,4,-3
218000056,4,4,0
218000057,0,17,-17
218000064,1,19,-18
218000065,80,3,77
218000066,2,13,-11
218000067,24,34,-10
218000068,33,4,29
218000069,57,6,51
218000070,30,13,17
218000071,64,16,48
218000072,40,22,18
218000078,67,24,43
218000079,227,51,176
218000080,100,24,76
218000081,323,20,303
218000082,103,20,83
218000083,0,0,0
218000084,0,0,0
218000085,0,0,0
218000086,0,0,0
218000087,0,0,0
218000090,1,32,-31
218000091,459,230,229
218000092,121,27,94
218000093,46,17,29
218000094,0,0,0
218000099,41,120,-79
218000100,26,80,-54
218000101,39,63,-24
218000102,149,29,120
218000103,25,2,23
218000104,30,0,30
218000105,0,0,0
218000106,0,0,0
218000107,0,0,0
218000108,0,0,0
218000112,0,0,0
218000117,4,30,-26
218000134,43,20,23
218000135,0,4,-4
218000136,21,18,3
218000137,8,21,-13
218000138,0,0,0
218000139,34,1,33
218000140,253,132,121
218000141,14,2,12
218000142,123,10,113
218000143,31,88,-57
218000144,14,88,-74
218000145,159,54,105
218000146,30,70,-40
218000151,3,0,3
218000152,132,6,126
218000170,1,29,-28
218000171,3,0,3
218000172,6,3,3
218000173,0,2,-2
218000174,9,1,8
218000176,178,1,177
218000177,263,45,218
218000178,180,29,151
218000179,298,6,292
218000180,41,4,37
218000181,234,15,219
218000187,0,0,0
218000188,0,0,0
218000189,0,0,0
218000190,0,0,0
218000191,0,0,0
218000192,0,0,0
218000193,0,0,0
218000194,0,0,0
218000195,119,44,75
218000196,192,36,156
218000197,381,35,346
218000198,72,27,45
218000199,18,3,15
218000200,30,2,28
218000201,2,0,2
218000202,0,0,0
218000207,0,0,0
218000208,0,0,0
218000211,0,1,-1
218000213,36,44,-8
218000214,0,23,-23
218000215,4,37,-33
218000217,0,31,-31
218000218,188,179,9
218000219,0,75,-75
218000220,11,141,-130
218000221,148,159,-11
218000222,1,46,-45
218000223,57,272,-215
218000224,3,197,-194
218000225,119,41,78
218000226,104,9,95
218000232,0,1,-1
218000239,19,0,19
218000240,0,1,-1
218000241,1,0,1
218000242,0,0,0
218000243,3,1,2
218000244,0,0,0
218000245,1,5,-4
218000246,0,8,-8
218000247,0,0,0
218000248,0,0,0
218000249,0,0,0
218000250,1,0,1
218000251,0,0,0
218000252,0,0,0
218000253,0,0,0
218000254,0,0,0
218000255,0,0,0
218000256,0,1,-1
218000267,0,0,0
218000268,0,0,0
218000269,0,0,0
218000270,0,0,0
218000271,0,0,0
218000273,38,9,29
218000274,38,4,34
218000275,9,15,-6
218000276,12,4,8
218000278,0,3,-3
218000279,31,4,27
218000280,0,3,-3
218000281,1,7,-6
218000282,86,351,-265
218000284,15,3,12
218000301,0,0,0
218000302,56,0,56
218000303,0,0,0
218000316,690,325,365
218000317,1046,201,845
218000318,713,100,613
218000319,14,8,6
218000320,0,0,0
218000338,2,8,-6
218000345,0,0,0
218000346,29,69,-40
218000459,15,43,-28
218000490,0,0,0
218000501,60,22,38
218000502,0,0,0
218000503,41,6,35
218000504,83,11,72
218000505,0,0,0
218000506,0,0,0
218000508,0,0,0
218000510,36,20,16
218000520,111,57,54
218000521,0,28,-28
218000522,0,32,-32
218000523,33,39,-6
218000524,0,43,-43
218000525,6,28,-22
218000526,0,36,-36
218000529,0,21,-21
218000531,26,1,25
218000532,0,0,0
218000534,78,10,68
218000537,2,48,-46
218000538,43,73,-30
218000540,0,0,0
218000543,15,4,11
218000544,0,0,0
218000545,23,17,6
218000546,0,0,0
218000547,20,30,-10
218000548,0,0,0
218000549,350,23,327
218000550,2,42,-40
218000551,1,95,-94
218000552,149,39,110
218000553,0,0,0
218000554,0,0,0
218000555,28,12,16
218000556,0,0,0
218000557,136,63,73
218000558,17,0,17
218000559,0,57,-57
218000560,0,5,-5
218000561,3,0,3
218000562,0,63,-63
218000563,81,23,58
218000564,1,27,-26
218000565,27,0,27
218000566,5,2,3
218000567,0,54,-54
218000568,0,1,-1
218000569,1,24,-23
218000570,6,0,6
218000571,0,34,-34
218000572,20,0,20
218000573,0,66,-66
218000574,3,2,1
218000575,72,0,72
218000576,0,89,-89
218000577,5,0,5
218000578,1,54,-53
218000579,0,1,-1
218000581,0,0,0
218000582,2,0,2
218000583,2,0,2
218000584,0,0,0
218000585,29,0,29
218000586,16,1,15
218000587,0,0,0
218000588,0,0,0
218000589,0,0,0
218000590,6,0,6
218000591,0,0,0
218000592,0,0,0
218000593,0,0,0
218000594,0,12,-12
218000597,0,16,-16
218000598,0,0,0
218000599,9,19,-10
218000600,0,0,0
218000601,0,17,-17
218000602,0,0,0
218000603,0,0,0
218000604,3,0,3
218000605,0,10,-10
218000606,73,1,72
218000607,0,40,-40
218000608,7,0,7
218000609,5,2,3
218000610,43,0,43
218000611,9,0,9
218000612,0,0,0
218000613,11,0,11
218000614,0,4,-4
218000615,15,0,15
218000616,0,16,-16
218000617,10,0,10
218000618,0,2,-2
218000619,12,0,12
218000620,4,0,4
218000621,0,0,0
218000622,0,7,-7
218000623,21,0,21
218000624,1,15,-14
218000625,2,0,2
218000626,0,15,-15
218000628,85,17,68
218000631,27,2,25
218000632,0,34,-34
218000633,25,0,25
218000634,0,0,0
218000635,0,3,-3
218000636,28,34,-6
218000637,403,37,366
218000638,355,19,336
218000639,12,14,-2
218000640,223,21,202
218000641,32,58,-26
218000652,6,31,-25
218000653,157,6,151
218000663,0,3,-3
218000675,0,16,-16
218000680,31,15,16
218000681,259,14,245
218000691,28,25,3
218000693,302,3,299
218000718,0,39,-39
218000719,2,66,-64
218000720,0,26,-26
218000721,1,2,-1
218001147,0,0,0
218001214,0,0,0
218001258,403,1,402
218001329,31,68,-37
218001330,1,5,-4
218001351,2,9,-7
218001352,0,3,-3
218001353,3,15,-12
218001354,0,5,-5
218001355,0,0,0
218001356,256,42,214
218001357,0,0,0
218001358,162,3,159
218001361,619,25,594
218001362,0,0,0
219000001,0,0,0
219000002,0,0,0
219000003,21,11,10
219000004,22,43,-21
219000017,24,42,-18
219000020,118,14,104
219000022,96,0,96
219000023,40,0,40
219000029,0,0,0
219000034,24,40,-16
219000039,0,0,0
219000040,3,37,-34
219000041,95,49,46
219000051,0,0,0
219000052,0,0,0
219000053,0,0,0
219000055,152,0,152
219000056,0,0,0
219000057,21,0,21
219000062,0,0,0
219000063,60,1,59
219000064,0,0,0
219000110,144,97,47
219000111,38,46,-8
219000112,143,9,134
219000113,141,15,126
219000114,60,20,40
219000116,38,11,27
219000117,144,11,133
219000118,17,32,-15
219000123,77,2,75
219000124,7,0,7
219000125,0,0,0
219000126,0,0,0
219000127,0,0,0
219000128,0,0,0
219000129,0,0,0
219000130,0,0,0
219000131,426,761,-335
219000133,5,53,-48
219000134,7,18,-11
219000135,4,18,-14
219000136,13,58,-45
219000138,85,1,84
219000139,12,0,12
219000140,20,0,20
219000141,13,0,13
219000142,3,0,3
219000143,0,0,0
219000145,1,4,-3
219000146,0,0,0
219000147,0,0,0
219000148,0,0,0
219000149,0,0,0
219000150,0,0,0
219000151,0,0,0
219000157,146,49,97
219000158,36,36,0
219000161,51,0,51
219000163,142,191,-49
219000166,47,34,13
219000167,1,7,-6
219000168,128,63,65
219000174,252,35,217
219000175,74,0,74
219000176,77,1,76
219000177,58,1,57
219000178,75,0,75
219000179,3,20,-17
219000180,3,0,3
219000182,65,9,56
219000183,51,5,46
219000184,23,4,19
219000185,0,0,0
219000186,76,2,74
219000187,9,0,9
219000189,0,0,0
219000190,0,0,0
219000191,0,0,0
219000192,192,180,12
219000193,0,0,0
219000195,0,0,0
219000196,0,0,0
219000198,0,0,0
219000199,0,0,0
219000200,0,0,0
219000201,0,0,0
219000203,0,0,0
219000204,0,0,0
219000205,0,0,0
219000207,0,0,0
219000209,0,0,0
219000210,0,0,0
219000213,0,0,0
219000239,0,0,0
219000240,0,0,0
219000241,0,0,0
219000242,0,0,0
219000243,0,0,0
219000244,0,0,0
219000245,0,0,0
219000246,35,12,23
219000247,203,55,148
219000248,249,161,88
219000249,50,102,-52
219000250,102,47,55
219000251,182,43,139
219000252,347,97,250
219000253,152,9,143
219000255,65,86,-21
219000256,147,66,81
219000257,146,0,146
219000262,0,0,0
219000263,0,0,0
219000267,0,0,0
219000268,0,0,0
219000269,0,0,0
219000270,41,0,41
219000271,75,0,75
219000278,0,0,0
219000279,0,0,0
219000283,0,0,0
219000295,0,0,0
219000296,0,0,0
219000297,0,0,0
219000298,0,0,0
219000299,201,2,199
219000300,0,0,0
219000301,0,0,0
219000302,0,0,0
219000307,0,0,0
219000308,8,11,-3
219000311,141,15,126
219000312,322,38,284
219000313,194,12,182
219000314,0,0,0
219000315,274,4,270
219000316,309,25,284
219000317,15,18,-3
219000320,0,0,0
219000321,0,0,0
219000323,0,0,0
219000325,0,0,0
219000326,0,0,0
219000327,0,0,0
219000328,0,0,0
219000329,57,64,-7
219000330,1,16,-15
219000331,12,8,4
219000332,65,47,18
219000333,33,0,33
219000335,13,4,9
219000337,4,0,4
219000338,35,1,34
219000344,0,0,0
219000345,0,0,0
219000346,0,0,0
219000348,0,0,0
219000349,0,0,0
219000350,0,0,0
219000351,0,0,0
219000352,21,47,-26
219000353,89,38,51
219000354,162,51,111
219000355,123,34,89
219000356,206,697,-491
219000363,82,22,60
219000364,212,13,199
219000365,98,0,98
219000366,105,191,-86
219000368,61,381,-320
219000370,195,589,-394
219000371,0,0,0
219000382,0,3,-3
219000383,0,0,0
219000385,0,0,0
219000386,0,0,0
219000387,0,1,-1
219000390,0,3,-3
219000391,2,6,-4
219000397,0,0,0
219000398,42,6,36
219000401,0,0,0
219000402,0,0,0
219000403,0,0,0
219000404,0,0,0
219000407,0,0,0
219000409,33,28,5
219000410,31,20,11
219000411,28,0,28
219000446,0,0,0
219000447,0,0,0
219000448,0,10,-10
219000452,37,18,19
219000453,0,0,0
219000454,111,307,-196
219000556,124,16,108
219000558,0,0,0
219000590,0,0,0
219000591,56,15,41
219000592,0,0,0
219000595,0,0,0
219000635,124,25,99
219000636,0,0,0
219000657,0,0,0
219000658,0,0,0
219000673,0,0,0
219000676,6,1,5
219000679,8,0,8
219000684,94,0,94
219000685,0,0,0
219000686,0,2,-2
219000688,0,0,0
219000689,0,0,0
219000690,75,3,72
219000691,2,0,2
219000692,59,1,58
219000693,0,0,0
219000694,0,0,0
219000695,21,6,15
219000698,1,0,1
219000699,0,0,0
219000727,0,0,0
219000728,27,1,26
219000770,4,0,4
219000771,0,0,0
219000788,0,0,0
219001150,2,31,-29
219001151,0,0,0
219001166,7,8,-1
219001167,0,0,0
219001178,52,0,52
220000001,2,8,-6
220000002,1,19,-18
220000003,0,0,0
220000004,0,0,0
220000005,0,0,0
220000006,0,0,0
220000007,0,0,0
220000008,0,0,0
220000009,34,106,-72
220000010,3,4,-1
220000011,38,285,-247
220000012,6,67,-61
220000014,0,0,0
220000015,6,243,-237
220000017,39,52,-13
220000018,684,149,535
220000019,239,439,-200
220000020,118,14,104
220000021,174,100,74
220000022,387,165,222
220000023,86,118,-32
220000024,211,214,-3
220000025,224,689,-465
220000026,30,614,-584
220000027,21,54,-33
220000028,22,40,-18
220000029,0,0,0
220000030,0,0,0
220000031,117,205,-88
220000064,0,0,0
221000046,0,0,0
221000047,0,0,0
221000048,0,0,0
221000049,0,0,0
221000050,1,0,1
221000055,3,0,3
221000068,210,149,61
221000069,123,96,27
221000070,255,20,235
221000071,145,0,145
221000072,236,7,229
221000073,121,2,119
221000074,0,0,0
221000075,0,0,0
221000076,0,0,0
221000077,0,0,0
221000081,65,4,61
221000082,38,1,37
221000083,0,7,-7
221000084,3,2,1
221000085,8,1,7
221000086,0,0,0
221000087,0,0,0
221000088,0,0,0
221000089,0,0,0
221000090,0,0,0
221000098,124,3,121
221000099,171,1,170
221000100,142,1,141
221000101,280,1,279
221000102,0,0,0
221000107,17,0,17
221000108,9,1,8
221000109,0,0,0
221000110,0,0,0
221000111,0,0,0
221000112,0,0,0
221000113,0,0,0
221000114,0,0,0
221000120,22,8,14
221000121,1,7,-6
221000122,22,14,8
221000123,2,33,-31
221000124,26,45,-19
221000155,101,3,98
221000156,38,14,24
221000175,11,7,4
221000176,0,13,-13
221000182,10,0,10
221000241,379,368,11
221000242,0,0,0
221000243,370,102,268
221000244,0,0,0
221000245,89,68,21
221000246,0,0,0
221000247,205,30,175
221000248,0,0,0
221000267,3,166,-163
221000325,50,16,34
221000331,1,4,-3
221000338,5,40,-35
221000378,260,27,233
221000381,24,30,-6
222000282,0,0,0
222000296,1,7,-6
222000568,347,33,314
222000569,77,44,33
222000570,133,11,122
222000571,356,0,356
222000577,0,13,-13
222000578,0,32,-32
222000579,2,44,-42
222000580,4,201,-197
222000599,0,10,-10
222000600,0,20,-20
222000601,0,135,-135
222000603,9,5,4
222000604,2,10,-8
222000605,0,77,-77
222000606,0,17,-17
222000607,0,19,-19
222000608,0,7,-7
222000609,1,3,-2
222000616,174,8,166
222000617,1,2,-1
222000618,1,9,-8
222000620,2,3,-1
222000621,3,17,-14
222000623,312,1,311
222000624,249,0,249
222000625,334,0,334
222000636,21,3,18
222000686,1,2,-1
222000687,2,1,1
222001066,73,0,73
222001067,24,0,24
222001068,66,4,62
222001069,30,11,19
222001082,3,16,-13
222001083,5,19,-14
222001084,0,4,-4
222001085,0,16,-16
222001111,8,49,-41
222001112,129,6,123
222001313,1,17,-16
222001314,0,34,-34
222001464,136,13,123
222001465,2,7,-5
222001484,104,20,84
222001485,0,1,-1
222001494,345,14,331
222001495,8,14,-6
222001496,374,5,369
222001497,45,61,-16
222001502,0,0,0
222001503,33,3,30
222001504,0,0,0
222001505,230,3,227
222001506,0,0,0
222001507,29,3,26
222001510,391,1,390
222001511,0,0,0
222001514,155,29,126
222001515,0,0,0
222001518,252,15,237
222001519,0,0,0
222001527,58,13,45
222001528,0,0,0
222001529,215,14,201
222001530,0,0,0
222001533,0,0,0
222001534,281,1,280
222001535,138,50,88
222001536,5,36,-31
222001537,57,6,51
222001538,0,0,0
222001563,720,6,714
222001564,0,0,0
222001568,43,4,39
222001576,1,19,-18
222001579,0,0,0
222001583,15,9,6
222001584,38,1,37
222001596,31,74,-43
222001597,479,62,417
222001626,0,16,-16
222001650,0,13,-13
222001651,33,55,-22
222001914,103,26,77
222001915,0,0,0
222001968,192,51,141
222001969,43,40,3
222001970,24,48,-24
222001971,63,4,59
222001972,2,0,2
225000001,223,78,145
225000002,413,96,317
225000003,468,55,413
225000004,247,41,206
225000005,16,23,-7
225000006,0,0,0
225000007,0,0,0
225000010,63,0,63
225000011,57,906,-849
225000012,143,506,-363
225000013,66,55,11
225000014,340,54,286
225000015,1,6,-5
225000021,148,36,112
225000027,1,0,1
225000032,196,35,161
225000042,2,3,-1
225000049,0,0,0
225000050,64,3,61
225000053,0,0,0
225000058,359,52,307
225000067,0,0,0
225000068,0,0,0
225000069,0,0,0
225000070,0,0,0
225000071,0,0,0
225000075,0,1,-1
225000076,0,0,0
225000078,13,30,-17
225000085,57,14,43
225000086,186,6,180
225000087,97,8,89
225000088,0,0,0
225000089,0,0,0
225000090,0,0,0
225000091,0,0,0
225000092,0,0,0
225000093,0,0,0
225000094,0,0,0
225000095,0,0,0
225000096,0,0,0
225000098,277,99,178
225000099,401,49,352
225000100,621,121,500
225000104,2,12,-10
225000110,0,6,-6
225000111,28,6,22
225000112,30,14,16
225000113,2,18,-16
225000114,0,22,-22
225000115,44,38,6
225000116,454,118,336
225000117,862,532,330
225000118,1598,444,1154
225000119,122,26,96
225000120,390,28,362
225000121,198,28,170
225000123,1400,28,1372
225000125,512,178,334
225000126,928,256,672
225000127,964,2132,-1168
225000128,664,1474,-810
225000132,704,64,640
225000133,356,14,342
225000134,550,204,346
225000135,120,4,116
225000136,490,4,486
225000137,490,46,444
225000138,956,26,930
225000143,0,0,0
225000144,0,0,0
225000145,36,92,-56
225000146,0,0,0
225000147,0,0,0
225000148,0,0,0
225000149,0,0,0
225000151,0,0,0
225000155,0,0,0
225000156,4,22,-18
225000157,6,12,-6
225000158,0,0,0
225000171,0,0,0
225000180,42,0,42
225000181,0,0,0
225000182,34,10,24
225000185,0,0,0
225000187,2,2,0
225000191,8,0,8
225000194,0,0,0
225000208,0,0,0
225000209,126,0,126
225000210,0,0,0
225000217,0,0,0
225000218,62,0,62
225000223,0,0,0
225000224,4,0,4
225000225,0,0,0
225000226,308,2,306
225000227,0,0,0
225000228,6,78,-72
225000229,0,0,0
225000230,4,0,4
225000231,0,0,0
225000232,136,0,136
225000241,42,2,40
225000242,0,0,0
225000249,56,0,56
225000250,0,0,0
225000251,454,66,388
226000042,0,0,0
226000043,0,0,0
226000044,0,0,0
226000045,0,0,0
226000046,892,54,838
226000047,302,50,252
226000048,456,36,420
226000049,390,148,242
226000070,0,0,0
226000071,0,0,0
226000072,0,0,0
226000073,0,0,0
226000074,0,0,0
226000084,0,0,0
226000085,0,0,0
226000086,0,0,0
226000087,0,0,0
226000088,0,0,0
226000090,68,42,26
226000091,2,74,-72
226000092,0,108,-108
226000093,0,6,-6
226000094,20,2,18
226000095,24,14,10
226000105,0,4,-4
226000106,8,2,6
226000107,16,0,16
226000108,0,0,0
226000109,68,0,68
226000124,184,46,138
226000134,426,378,48
226000135,1086,372,714
226000136,412,236,176
226000137,0,0,0
226000138,0,0,0
226000139,0,0,0
226000156,206,0,206
226000157,306,4,302
226000163,0,0,0
226000202,0,0,0
226000231,600,0,600
226000232,22,0,22
227000033,522,22,500
227000036,1004,2,1002
227000037,610,16,594
227000038,100,20,80
227000049,0,0,0
227000050,0,0,0
227000055,54,0,54
227000056,2,0,2
227000084,0,0,0
227000085,0,0,0
227000088,44,6,38
227000089,2,0,2
227000090,64,0,64
227000091,82,6,76
227000093,56,0,56
227000094,2,0,2
227000130,0,0,0
227000131,0,0,0
227000132,0,0,0
227000133,0,0,0
227000134,0,0,0
227000152,0,0,0
227000153,0,0,0
227000155,0,0,0
227000156,0,0,0
227000165,0,0,0
227000196,322,14,308
227000199,636,4,632
227000230,0,0,0
227000232,348,34,314
227000242,0,0,0
227000243,496,42,454
227000245,0,0,0
227000246,0,0,0
227000247,726,32,694
227000248,190,34,156
227000249,0,0,0
227000250,274,274,0
227000251,0,0,0
227000252,0,0,0
227000253,568,74,494
227000262,828,12,816
227000266,1084,14,1070
227000267,0,0,0
227000282,0,0,0
227000284,406,14,392
227000286,0,0,0
227000287,0,0,0
227000291,0,0,0
227000484,262,8,254
227000485,0,0,0
227000655,172,0,172
227000656,490,18,472
227000657,80,12,68
227000661,144,80,64
227000680,432,210,222
229000265,48,8,40
229000296,0,38,-38
229000297,0,42,-42
229000298,16,26,-10
229000320,34,2,32
229000321,4,0,4
229000412,4,8,-4
229000414,2,4,-2
229000415,4,0,4
229000416,8,2,6
229000417,0,0,0
229000419,20,80,-60
229000440,110,6,104
229000442,6,0,6
229000443,4,0,4
229000444,0,34,-34
229000445,72,0,72
229000446,8,2,6
229000847,78,0,78
229000848,86,0,86
229000849,120,0,120
229000851,210,0,210
229000854,0,0,0
229000856,0,0,0
229000857,0,0,0
229000858,0,0,0
229000919,0,0,0
229000930,0,0,0
229000937,164,2,162
229000966,56,0,56
229000981,0,0,0
229000985,2,0,2
229000986,0,0,0
229000987,0,0,0
229000988,0,0,0
229000989,0,4,-4
229000990,0,0,0
229000991,0,0,0
229000992,72,0,72
229000993,88,32,56
229000998,4,30,-26
229000999,24,2,22
229001034,0,12,-12
229001035,0,0,0
229001037,20,4,16
229001042,2,2,0
229001047,2,22,-20
229001050,54,2,52
229001200,68,0,68
229001338,0,2,-2
229001394,304,0,304
229001422,270,64,206
229001423,0,0,0
229001431,12,38,-26
229001432,0,0,0
229001444,86,24,62
229001445,38,34,4
229001503,158,10,148
229001504,0,0,0
229001505,86,8,78
229001506,0,0,0
229001509,8,0,8
229001545,26,0,26
229001546,0,0,0
229001553,78,2,76
229001554,0,0,0
229001559,2,2,0
229001560,0,0,0
229001630,90,0,90
229001631,0,40,-40
229001635,0,28,-28
229001636,0,0,0
229001658,0,0,0
229001659,34,4,30
229001660,0,0,0
229001661,0,6,-6
229001662,6,0,6
229001663,0,0,0
229002584,62,38,24
229002831,132,72,60
229002841,0,16,-16
229002842,6,6,0
229002843,4,18,-14
229002844,46,48,-2
229002845,2,26,-24
229002846,0,6,-6
229002847,0,8,-8
229002848,24,0,24
229002849,2,16,-14
229002850,2,0,2
229002851,4,88,-84
229002852,108,4,104
229002853,58,2,56
229002854,8,10,-2
229002855,0,0,0
229002856,0,2,-2
229002857,2,0,2
229002858,2,0,2
229002859,0,8,-8
229002860,2,0,2
229002861,20,4,16
229002862,6,2,4
229002863,0,2,-2
229002864,8,48,-40
229002865,2,44,-42
229002866,16,6,10
229002867,0,2,-2
229002868,2,0,2
229002869,0,10,-10
229002870,20,2,18
235000066,112,44,68
235000067,144,84,60
235000072,0,0,0
235000073,0,0,0
235000074,0,0,0
235000080,0,0,0
235000081,0,0,0
235000082,266,4,262
235000083,36,0,36
235000084,18,26,-8
235000085,296,42,254
235000089,6,12,-6
235000092,0,0,0
235000093,0,0,0
235000097,0,0,0
235000098,62,2,60
235000099,6,16,-10
235000116,22,10,12
235000117,534,0,534
235000133,0,0,0
235000134,0,0,0
235000206,6,4,2
235000207,0,2,-2
235000208,0,0,0
235000209,0,2,-2
235000210,12,0,12
235000212,0,0,0
235000213,0,0,0
235000220,0,0,0
235000221,0,0,0
235000238,8,352,-344
235000239,0,34,-34
235000242,274,1172,-898
235000245,0,0,0
235000246,0,0,0
235000284,0,0,0
235000295,16,0,16
235000305,186,2,184
235000306,152,0,152
235000307,0,0,0
235000308,24,0,24
235000309,68,0,68
235000310,58,0,58
235000311,38,0,38
235000322,0,0,0
235000323,0,0,0
235000324,0,0,0
235000325,0,0,0
235000326,0,0,0
235000351,0,0,0
235000352,2,0,2
235000353,0,0,0
235000354,0,0,0
235000355,0,0,0
235000356,72,14,58
235000357,10,0,10
235000358,4,0,4
235000359,6,6,0
235000360,8,6,2
235000361,40,28,12
235000381,0,0,0
235000382,96,6,90
235000390,0,2,-2
235000391,212,4,208
235000392,228,136,92
235000393,152,124,28
235000395,216,40,176
235000396,412,74,338
235000400,30,4,26
235000401,0,0,0
235000405,0,0,0
235000406,0,0,0
235000407,0,0,0
235000409,0,0,0
235000410,0,0,0
235000411,0,0,0
235000485,0,0,0
235000486,2,0,2
235000549,114,86,28
235000550,0,0,0
235000599,0,0,0
235000600,0,0,0
235000601,16,10,6
235000602,88,22,66
235000614,0,0,0
235000648,0,0,0
235000649,90,0,90
235000685,0,0,0
235000815,0,6,-6
235000834,0,0,0
235000855,28,20,8
235000862,0,0,0
235000891,0,0,0
235000892,2,0,2
235000901,0,0,0
235000907,0,0,0
235001010,20,10,10
235001029,0,0,0
235001030,294,22,272
235001078,184,50,134
235001079,0,0,0
235001147,2,12,-10
235001166,0,58,-58
235001167,0,0,0
235001169,0,0,0
235001188,0,0,0
235001189,26,2,24
235001197,0,0,0
235001200,0,0,0
235001207,428,6,422
235001210,0,0,0
235001215,0,0,0
235001239,0,0,0
235001244,0,0,0
235016267,0,0,0
277102712,0,2,-2
277103813,0,0,0
277103814,0,0,0
277104249,0,0,0
277104250,0,58,-58
277104251,0,0,0
277104252,0,2,-2
990011530,0,0,0
990014944,0,48,-48
990015176,66,36,30
990015618,6,2,4
990016032,0,0,0
990032570,0,16,-16
990070001,140,2,138
990070103,0,0,0
990070601,0,0,0
990070751,1590,2,1588
990070766,0,0,0
990071180,1346,70,1276
990071343,24,0,24
990071387,4,0,4
990071823,8,0,8
990072600,0,34,-34
990072964,0,0,0
990073285,0,0,0
990074393,2,176,-174
990074870,1318,0,1318
990075106,482,2,480
990075746,796,4,792
990076437,2164,8,2156
990076458,0,0,0
997000007,228,10,218
997000041,0,44,-44
997000058,48,0,48
997000062,26,0,26
997000069,0,0,0
997000070,0,0,0
997000100,120,2,118
997000141,0,0,0
997000198,0,0,0
998000475,0,0,0
998000736,0,2,-2
998000965,0,10,-10
998001031,0,6,-6
998001700,0,0,0
998001899,0,0,0
998001900,10,78,-68
998003073,826,58,768
998101900,0,18,-18
998102850,0,0,0
998501927,260,0,260
998501929,96,0,96
998501930,92,0,92
998501931,130,2,128
998501932,2,0,2
998501933,162,0,162
998501937,6,0,6
998501944,16,0,16
998501950,0,0,0
998501970,60,6,54
998501971,12,36,-24
998501973,0,0,0
998501974,0,70,-70
998501975,378,4,374
998501976,208,74,134
998501977,0,0,0
998501978,4,0,4
998501979,0,0,0
998501980,18,0,18
998501981,112,2,110
998501982,0,0,0
998501983,0,0,0
998502006,0,0,0
998502024,0,12,-12
998502032,0,2,-2
998502062,22,6,16
998502063,0,0,0
998502173,28,0,28
998502269,0,0,0
998502546,0,66,-66
998502578,0,0,0
998502599,0,0,0
998502621,0,2,-2
998601159,0,6,-6
998601292,0,0,0
999033574,0,8,-8
999800001,14,2,12
999800002,0,0,0
999800003,6,4,2
999800004,0,4,-4
999800005,0,0,0
