ID,insum,outsum,diff
100000001,442,661,-219
100000002,2545,2048,497
100000003,3588,3519,69
100000004,702,702,0
100000005,1703,3490,-1787
100000006,519,137,382
100000007,1312,545,767
100000008,146,522,-376
100000009,250,187,63
100000010,59,85,-26
100000011,929,141,788
100000012,99,850,-751
100000013,48,207,-159
100000014,157,228,-71
100000015,1120,1721,-601
100000016,618,894,-276
100000017,354,568,-214
100000018,912,457,455
100000019,2488,1631,857
100000020,1116,3986,-2870
100000021,3252,1716,1536
100000022,690,1789,-1099
100000023,2897,1160,1737
100000025,593,1081,-488
100000028,712,736,-24
100000029,80,246,-166
100000030,112,32,80
100000031,2063,4238,-2175
100000032,1248,2766,-1518
100000033,676,1892,-1216
100000034,184,627,-443
100000035,793,988,-195
100000036,873,1063,-190
100000037,594,350,244
100000038,1775,728,1047
100000039,388,203,185
100000040,181,129,52
100000041,1146,454,692
100000042,766,468,298
100000043,778,573,205
100000044,333,826,-493
100000045,330,902,-572
100000046,435,504,-69
100000047,203,311,-108
100000048,240,430,-190
100000049,1045,1044,1
100000051,381,572,-191
100000053,201,10,191
100000054,309,22,287
100000055,791,279,512
100000056,468,406,62
100000057,1570,462,1108
100000058,591,724,-133
100000059,12,154,-142
100000060,366,253,113
100000061,1934,380,1554
100000062,1382,488,894
100000063,667,215,452
100000064,1035,299,736
100000065,276,588,-312
100000066,172,487,-315
100000067,253,518,-265
100000068,353,966,-613
100000069,254,853,-599
100000072,192,469,-277
100000073,782,623,159
100000075,600,227,373
100000076,961,2178,-1217
100000077,127,177,-50
100000078,25,41,-16
100000079,21,43,-22
100000080,20,59,-39
100000081,116,170,-54
100000102,2021,2528,-507
100000103,1387,1326,61
100000104,2167,2091,76
100000105,1456,1265,191
100000106,1370,2064,-694
100000107,232,953,-721
100000108,297,615,-318
100000109,1295,867,428
100000116,893,848,45
100000117,70,106,-36
100000118,1001,1191,-190
100000119,541,791,-250
100000121,208,305,-97
100000122,555,783,-228
100000123,1256,2531,-1275
100000124,2533,3825,-1292
100000125,2358,1152,1206
100000126,419,324,95
100000127,794,338,456
100000128,1013,1848,-835
100000129,244,394,-150
100000130,408,332,76
100000131,1252,1784,-532
100000132,707,1951,-1244
100000133,2183,1461,722
100000135,471,1074,-603
100000139,306,334,-28
100000140,372,297,75
100000142,436,392,44
100000143,957,435,522
100000144,2526,557,1969
100000147,895,2813,-1918
100000150,29,348,-319
100000151,684,1324,-640
100000153,112,371,-259
100000154,24,201,-177
100000155,7,42,-35
100000156,320,510,-190
100000157,296,131,165
100000158,287,111,176
100000159,230,419,-189
100000165,930,696,234
100000169,95,659,-564
100000174,284,610,-326
100000179,67,356,-289
100000180,709,1374,-665
100000181,426,252,174
100000188,59,111,-52
100000189,743,263,480
100000190,722,1211,-489
100000191,654,455,199
100000192,30,92,-62
100000193,271,140,131
100000330,680,642,38
100000355,161,495,-334
100000362,2817,1720,1097
100000363,3465,3378,87
100000364,115,231,-116
100000365,4975,6858,-1883
100000366,3882,2363,1519
100000367,4160,5906,-1746
100000368,1709,823,886
100000369,512,1580,-1068
100000370,102,799,-697
100000376,58,87,-29
100000379,1036,1075,-39
100000380,3033,3554,-521
100000384,3485,4270,-785
100000385,1947,2944,-997
100000386,3810,4018,-208
100000387,2793,4296,-1503
100000388,3713,4921,-1208
100000389,4160,5117,-957
100000390,5294,5358,-64
100000391,4162,6699,-2537
100000392,2478,3646,-1168
100000393,1969,4248,-2279
100000394,4928,7401,-2473
100000395,3620,4436,-816
100000396,6020,3524,2496
100000397,4231,6835,-2604
100000398,9067,6373,2694
100000413,2,3,-1
100900002,5,12,-7
100900003,250,223,27
100900004,10,439,-429
100900005,81,21,60
100900006,19,65,-46
100900007,133,6,127
100900008,0,235,-235
100900009,61,134,-73
100900010,41,51,-10
100900011,123,148,-25
100900012,1,128,-127
100900013,533,10,523
100900014,0,20,-20
100900015,58,54,4
100900016,2,7,-5
100900017,531,57,474
100900018,0,5,-5
100900019,17,64,-47
100900020,190,1,189
100900021,396,9,387
100900022,5,13,-8
100900023,0,8,-8
100900024,384,3,381
100900025,5,3,2
100900026,78,87,-9
100900027,375,1605,-1230
100900028,86,121,-35
100900029,37,6,31
100900030,8,72,-64
100900031,494,30,464
100900032,245,0,245
100900033,103,141,-38
100900034,382,4,378
100900035,201,1,200
100900036,10,2,8
100900037,90,96,-6
100900038,80,44,36
100900039,201,406,-205
100900040,361,359,2
100900041,815,480,335
100900042,805,957,-152
100900043,0,12,-12
100900044,990,369,621
100900045,5,0,5
100900046,734,23,711
100900047,576,126,450
100900048,103,39,64
100900049,46,90,-44
100900050,1,9,-8
100900051,31,68,-37
100900052,201,23,178
100900053,419,17,402
100900054,6,34,-28
100900055,159,491,-332
100900056,42,66,-24
100900057,969,781,188
100900058,179,23,156
100900059,83,3,80
100900060,175,5,170
100900061,279,122,157
100900062,2,18,-16
100900063,183,503,-320
100900064,481,13,468
100900065,41,110,-69
100900066,135,128,7
100900067,4,12,-8
100900068,53,42,11
100900069,221,5,216
100900070,341,7,334
100900071,449,116,333
100900072,0,22,-22
100900073,107,201,-94
100900074,5,1,4
100900075,987,216,771
100900076,1,18,-17
100900077,40,44,-4
100900078,36,199,-163
100900079,3,8,-5
100900080,30,84,-54
100900081,37,76,-39
100900082,127,318,-191
100900083,7,6,1
100900085,8,188,-180
100900086,84,373,-289
100900088,79,288,-209
100900089,3,12,-9
100900090,79,255,-176
100900091,1,8,-7
100900092,136,96,40
100900093,239,153,86
100900094,105,210,-105
100900095,7,42,-35
100900096,33,87,-54
100900097,1,4,-3
100900098,18,17,1
100900099,19,349,-330
100900100,2,308,-306
100900101,171,36,135
100900102,9,25,-16
100900103,15,25,-10
100900104,8,147,-139
100900105,10,249,-239
100900106,36,3,33
100900107,1137,634,503
100900108,2,13,-11
100900109,24,29,-5
100900110,4,21,-17
100900111,32,133,-101
100900112,3,22,-19
100900113,14,19,-5
100900114,8,5,3
100900115,5,10,-5
100900116,541,364,177
100900117,200,743,-543
100900118,10,16,-6
100900119,18,7,11
100900120,8,6,2
100900121,301,338,-37
100900122,111,110,1
100900123,88,89,-1
100900124,7,6,1
100900125,6,38,-32
100900126,133,70,63
100900127,3,15,-12
100900128,50,94,-44
100900129,0,127,-127
100900131,139,139,0
100900133,45,39,6
100900134,1,5,-4
100900135,0,156,-156
100900137,253,107,146
100900138,308,316,-8
100900139,1,5,-4
100900140,1,319,-318
100900141,1,457,-456
100900142,1,7,-6
100900143,275,315,-40
100900144,4,3,1
100900145,31,134,-103
100900146,6,36,-30
100900147,9,655,-646
100900148,38,369,-331
100900149,36,237,-201
100900150,0,24,-24
100900151,94,219,-125
100900152,135,8,127
100900153,0,93,-93
100900154,2,29,-27
100900155,10,7,3
100900156,24,6,18
100900157,5,150,-145
100900159,2,19,-17
100900160,13,5,8
100900161,39,5,34
100900162,34,147,-113
100900163,92,109,-17
100900164,52,36,16
100900165,23,23,0
100900166,23,5,18
100900167,12,31,-19
100900168,62,73,-11
100900169,117,609,-492
100900170,11,1,10
100900171,16,300,-284
100900172,0,36,-36
100900173,7,209,-202
100900174,70,26,44
100900176,1156,139,1017
100900177,456,196,260
100900178,166,115,51
100900179,136,132,4
100900180,4,2,2
100900181,50,97,-47
100900182,38,27,11
100900184,10,113,-103
100900186,366,287,79
100900187,7,58,-51
100900188,16,11,5
100900189,964,156,808
100900191,631,779,-148
100900192,219,370,-151
100900195,90,111,-21
100900197,14,41,-27
100900198,21,103,-82
100900199,5,11,-6
100900200,501,273,228
100900201,26,334,-308
100900202,89,0,89
100900203,0,197,-197
100900204,82,311,-229
100900205,149,447,-298
100900206,164,63,101
100900207,221,110,111
100900210,72,266,-194
100900211,288,120,168
100900213,94,30,64
100900214,387,96,291
100900215,15,40,-25
100900217,46,80,-34
101000001,1975,1421,554
101000002,3753,4439,-686
101000003,369,774,-405
101000004,4722,4442,280
101000005,2806,3397,-591
101000006,4019,4767,-748
101000007,2040,2778,-738
101000008,1719,1599,120
101000009,1515,771,744
101000010,679,613,66
101000011,949,308,641
101000012,717,510,207
101000013,538,809,-271
101000014,314,403,-89
101000015,1006,666,340
101000016,225,308,-83
101000017,323,294,29
101000018,1509,1726,-217
101000020,1316,644,672
101000021,556,311,245
101000022,122,73,49
101000023,792,474,318
101000025,221,411,-190
101000026,269,19,250
101000027,1521,2274,-753
101000028,673,194,479
101000029,150,1502,-1352
101000030,1225,72,1153
101000031,534,841,-307
101000032,4548,4024,524
101000033,1215,2644,-1429
101000034,1152,1433,-281
101000035,482,253,229
101000036,962,812,150
101000037,1305,1425,-120
101000039,1273,2098,-825
101000040,1839,3298,-1459
101000041,4198,5930,-1732
101000042,241,871,-630
101000043,3389,5395,-2006
101000045,788,795,-7
101000046,2114,1932,182
101000047,1533,3740,-2207
101000048,428,397,31
101000049,435,1539,-1104
101000050,960,1418,-458
101000051,888,2132,-1244
101000052,977,959,18
101000053,947,1160,-213
101000054,1793,718,1075
101000055,981,1115,-134
101000056,27,96,-69
101000057,1020,949,71
101000058,663,914,-251
101000059,1311,1783,-472
101000060,1056,538,518
101000061,466,1044,-578
101000062,316,665,-349
101000063,456,902,-446
101000064,780,975,-195
101000065,322,485,-163
101000066,754,959,-205
101000067,936,967,-31
101000068,211,402,-191
101000069,168,66,102
101000070,621,733,-112
101000071,1254,710,544
101000072,467,2285,-1818
101000073,551,962,-411
101000074,3483,3105,378
101000075,2658,4242,-1584
101000077,1113,920,193
101000078,599,1291,-692
101000079,1296,355,941
101000080,1276,633,643
101000081,1454,1392,62
101000082,2238,2368,-130
101000083,2154,1917,237
101000084,929,658,271
101000085,1029,958,71
101000086,728,903,-175
101000087,670,764,-94
101000088,1085,940,145
101000089,834,1166,-332
101000090,1437,962,475
101000091,312,541,-229
101000092,1004,715,289
101000093,1164,572,592
101000094,772,710,62
101000095,414,360,54
101000096,375,333,42
101000097,373,352,21
101000098,290,468,-178
101000099,594,767,-173
101000100,771,714,57
101000101,167,310,-143
101000102,481,404,77
101000103,527,424,103
101000104,188,488,-300
101000105,350,450,-100
101000106,542,956,-414
101000107,246,253,-7
101000108,581,200,381
101000109,318,65,253
101000110,36,209,-173
101000111,111,207,-96
101000113,177,509,-332
101000114,5758,6819,-1061
101000115,163,133,30
101000116,108,98,10
101000117,1423,232,1191
101000119,34,53,-19
101000120,100,31,69
101000121,45,65,-20
101000122,104,136,-32
101000123,68,108,-40
101000124,1260,216,1044
101000125,204,433,-229
101000128,261,473,-212
101000130,168,211,-43
101000131,753,434,319
101000132,676,541,135
101000135,31,48,-17
101000136,371,136,235
101000137,9,332,-323
101000141,713,2425,-1712
101000147,760,362,398
101000148,568,10,558
101000149,285,404,-119
101000150,72,388,-316
101000151,200,34,166
101000152,207,193,14
101000153,269,177,92
101000154,209,573,-364
101000155,247,105,142
101000156,21,226,-205
101000157,38,20,18
101000160,41,73,-32
101000163,165,282,-117
101000164,272,253,19
101000165,185,272,-87
101000166,188,158,30
101000168,682,319,363
101000252,1693,868,825
101000254,171,127,44
101000258,60,5,55
101000261,165,39,126
101000262,921,2003,-1082
101000263,188,856,-668
101000265,73,642,-569
101000266,235,230,5
101000269,16,10,6
101000290,621,1639,-1018
101000293,37,34,3
101000294,481,324,157
101000295,105,256,-151
101000301,361,396,-35
101000304,1445,1787,-342
101000305,2053,907,1146
101000328,63,312,-249
101900001,39,92,-53
101900002,0,17,-17
101900003,44,87,-43
101900004,4,41,-37
101900005,2154,2113,41
101900006,806,39,767
101900007,548,144,404
101900008,53,130,-77
101900009,27,234,-207
101900010,517,522,-5
101900011,150,614,-464
101900012,190,73,117
101900013,517,137,380
101900017,12,102,-90
101900018,771,225,546
101900019,191,101,90
101900020,48,26,22
101900021,5,30,-25
101900022,118,704,-586
101900023,98,95,3
101900026,86,32,54
101900027,18,81,-63
102000001,1751,3157,-1406
102000002,1543,708,835
102000003,1901,4610,-2709
102000004,3108,1774,1334
102000005,972,1811,-839
102000006,740,1149,-409
102000007,1200,3426,-2226
102000008,2540,1099,1441
102000009,5083,6192,-1109
102000010,3219,2317,902
102000011,2619,2191,428
102000012,2376,2027,349
102000018,1728,1812,-84
102000019,1433,1002,431
102000026,172,368,-196
102000029,159,165,-6
102000030,82,251,-169
102000031,69,99,-30
102000032,455,181,274
102000033,195,248,-53
102000034,321,229,92
102000035,653,433,220
102000036,22,194,-172
102000037,82,49,33
102000038,110,237,-127
102000039,143,47,96
102000040,352,196,156
102000041,156,347,-191
102000042,145,262,-117
102000043,192,147,45
102000044,242,396,-154
102000045,432,514,-82
102000046,835,383,452
102000047,610,554,56
102000048,251,512,-261
102000049,771,531,240
102000050,714,855,-141
102000051,340,501,-161
102000052,849,518,331
102000053,606,620,-14
102000054,554,872,-318
102000055,960,426,534
102000056,846,601,245
102000057,1029,361,668
102000058,781,922,-141
102000059,946,883,63
102000060,830,721,109
102000061,1262,1047,215
102000062,1465,797,668
102000063,812,1029,-217
102000064,527,615,-88
102000065,80,156,-76
102000066,644,645,-1
102000067,1541,2096,-555
102000068,6502,2252,4250
102000069,59,1802,-1743
102000070,1052,42,1010
102000071,5069,6415,-1346
102000072,2110,2973,-863
102000073,647,692,-45
102000074,557,553,4
102000075,106,262,-156
102000076,186,250,-64
102000077,475,517,-42
102000078,677,480,197
102000079,138,202,-64
102000080,212,175,37
102000081,211,711,-500
102000082,464,290,174
102000083,488,178,310
102000084,412,165,247
102000085,1461,581,880
102000086,1077,660,417
102000087,552,948,-396
102000088,285,199,86
102000089,1034,259,775
102000090,294,753,-459
102000091,1005,427,578
102000092,260,505,-245
102000093,532,682,-150
102000094,547,525,22
102000095,640,871,-231
102000096,427,596,-169
102000097,461,604,-143
102000098,353,487,-134
102000099,565,719,-154
102000100,330,1002,-672
102000101,512,608,-96
102000102,179,911,-732
102000103,1000,279,721
102000104,367,198,169
102000105,191,295,-104
102000106,709,336,373
102000107,1235,317,918
102000108,438,109,329
102000109,436,364,72
102000110,955,722,233
102000111,14,212,-198
102000112,115,84,31
102000113,21,22,-1
102000114,465,209,256
102000115,189,223,-34
102000116,158,346,-188
102000117,99,308,-209
102000118,703,1102,-399
102000119,956,713,243
102000120,147,313,-166
102000121,645,347,298
102000122,496,683,-187
102000123,771,629,142
102000124,743,834,-91
102000125,586,581,5
102000126,474,430,44
102000127,883,371,512
102000128,568,563,5
102000129,1051,409,642
102000130,597,360,237
102000131,752,346,406
102000132,296,362,-66
102000133,1665,1127,538
102000134,715,544,171
102000135,383,599,-216
102000136,603,410,193
102000137,505,614,-109
102000138,179,280,-101
102000139,53,364,-311
102000140,158,411,-253
102000141,159,300,-141
102000142,228,243,-15
102000143,130,201,-71
102000144,248,232,16
102000145,216,301,-85
102000146,331,217,114
102000147,364,290,74
102000148,161,319,-158
102000149,129,215,-86
102000150,296,61,235
102000151,102,159,-57
102000152,184,80,104
102000153,873,421,452
102000154,142,367,-225
102000155,62,201,-139
102000156,194,83,111
102000157,70,284,-214
102000158,359,328,31
102000159,477,369,108
102000161,1703,1306,397
102000162,117,108,9
102000163,68,370,-302
102000164,495,687,-192
102000165,135,72,63
102000166,43,114,-71
102000167,136,128,8
102000168,154,101,53
102000169,47,334,-287
102000170,314,126,188
102000171,86,75,11
102000172,42,252,-210
102000173,279,177,102
102000174,64,42,22
102000175,66,52,14
102000176,58,17,41
102000178,263,251,12
102000179,315,156,159
102000180,783,298,485
102000181,567,361,206
102000182,444,415,29
102000183,1419,1017,402
102000184,1593,484,1109
102000185,2319,735,1584
102000186,947,985,-38
102000187,652,825,-173
102000188,837,896,-59
102000189,1295,465,830
102000190,399,1930,-1531
102000191,660,288,372
102000192,920,1009,-89
102000193,48,73,-25
102000194,35,99,-64
102000195,305,265,40
102000196,223,182,41
102000197,628,160,468
102000198,175,390,-215
102000199,898,181,717
102000200,238,504,-266
102000201,784,255,529
102000202,0,59,-59
102000203,320,112,208
102000204,357,356,1
102000205,801,253,548
102000206,505,278,227
102000207,459,289,170
102000208,306,311,-5
102000209,53,52,1
102000210,305,190,115
102000211,389,124,265
102000212,209,2,207
102000213,5,134,-129
102000214,204,8,196
102000215,8,163,-155
102000216,41,45,-4
102000217,6,56,-50
102000218,183,133,50
102000219,209,144,65
102000225,392,426,-34
102000226,1510,1372,138
102000227,100,2,98
102000228,1,50,-49
102000229,31,45,-14
102000230,252,257,-5
102000231,138,238,-100
102000232,28,105,-77
102000233,287,384,-97
102000234,105,637,-532
102000236,144,62,82
102000237,371,101,270
102000238,151,175,-24
102000240,383,548,-165
102000241,111,95,16
102000243,23,48,-25
102000245,23,106,-83
102000246,7,44,-37
102000247,408,403,5
102000248,406,760,-354
102000249,120,89,31
102000250,73,246,-173
102000254,138,196,-58
102000266,12,279,-267
102000271,21,0,21
102000286,262,228,34
102000297,1474,639,835
102000299,0,0,0
102000301,0,0,0
102000303,0,0,0
102000305,0,1,-1
102000307,0,5,-5
102900001,987,554,433
102900002,299,27,272
102900003,54,112,-58
102900005,367,221,146
102900006,438,61,377
102900007,356,20,336
102900008,155,22,133
102900009,369,180,189
102900010,270,764,-494
102900011,1174,209,965
102900012,418,66,352
102900013,27,53,-26
102900015,382,251,131
102900016,48,100,-52
102900017,174,327,-153
102900018,19,56,-37
102900019,212,246,-34
102900020,115,26,89
102900021,12,60,-48
102900022,448,115,333
102900023,8,28,-20
102900024,24,27,-3
102900025,124,62,62
102900026,211,1447,-1236
102900027,114,53,61
102900028,111,596,-485
102900029,106,140,-34
102900030,210,217,-7
102900031,208,103,105
102900032,65,58,7
102900033,88,116,-28
102900034,402,36,366
102900035,107,149,-42
102900036,181,234,-53
102900037,218,284,-66
102900038,275,253,22
102900039,8,455,-447
102900040,119,246,-127
102900041,66,98,-32
102900042,196,187,9
102900043,128,128,0
102900044,418,1191,-773
102900045,123,380,-257
102900046,138,171,-33
102900047,128,434,-306
102900048,491,325,166
102900049,158,237,-79
102900050,122,169,-47
102900051,161,97,64
102900053,271,394,-123
102900054,270,817,-547
102900055,57,165,-108
102900056,82,282,-200
102900057,1,44,-43
102900058,297,52,245
102900059,36,42,-6
102900060,69,254,-185
102900061,120,253,-133
102900062,184,474,-290
102900063,910,326,584
102900064,69,254,-185
102900065,854,234,620
102900066,277,15,262
102900068,74,47,27
102900070,157,349,-192
102900072,11,43,-32
102900073,89,4,85
102900075,22,43,-21
102900076,71,92,-21
102900077,23,20,3
102900078,23,25,-2
102900079,127,5,122
102900080,279,36,243
102900081,74,214,-140
102900082,4,165,-161
102900083,107,8,99
102900084,2,37,-35
102900085,342,94,248
102900086,26,47,-21
102900087,89,69,20
102900088,32,13,19
102900089,192,76,116
102900090,2,184,-182
102900091,141,2,139
102900092,222,410,-188
102900094,1,83,-82
102900095,51,1,50
102900096,66,15,51
102900097,5,78,-73
103000001,2024,1823,201
103000002,1383,1739,-356
103000003,2600,1956,644
103000004,787,613,174
103000005,1497,2201,-704
103000006,686,1065,-379
103000007,302,449,-147
103000008,711,433,278
103000009,1119,769,350
103000010,88,71,17
103000011,1175,1010,165
103000012,1243,1120,123
103000013,2184,1157,1027
103000014,1033,1914,-881
103000015,1018,459,559
103000016,422,1117,-695
103000017,159,317,-158
103000018,425,233,192
103000019,290,250,40
103000020,1628,972,656
103000021,1576,1702,-126
103000022,532,677,-145
103000023,543,1404,-861
103000024,60,93,-33
103000025,80,586,-506
103000026,491,89,402
103000027,213,457,-244
103000028,167,241,-74
103000029,151,204,-53
103000030,1017,908,109
103000031,751,1348,-597
103000032,1654,980,674
103000033,2490,2218,272
103000034,931,807,124
103000035,337,905,-568
103000036,246,379,-133
103000037,401,416,-15
103000038,376,622,-246
103000039,367,266,101
103000040,366,628,-262
103000041,1215,1179,36
103000042,1063,307,756
103000043,466,693,-227
103000044,218,136,82
103000046,348,341,7
103000047,486,344,142
103000048,189,129,60
103000049,73,87,-14
103000050,490,208,282
103000051,322,379,-57
103000052,527,199,328
103000053,159,421,-262
103000054,2145,877,1268
103000055,1625,1440,185
103000056,621,864,-243
103000057,704,186,518
103000058,465,489,-24
103000059,442,496,-54
103000060,565,361,204
103000061,385,671,-286
103000062,782,341,441
103000063,628,664,-36
103000064,105,105,0
103000065,3,263,-260
103000066,114,16,98
103000069,337,263,74
103000070,647,508,139
103000071,1053,366,687
103000072,100,380,-280
103000073,514,76,438
103000074,508,75,433
103000075,77,425,-348
103000076,179,285,-106
103000077,38,236,-198
103000078,598,492,106
103000079,391,563,-172
103000080,596,232,364
103000081,294,1058,-764
103000082,302,148,154
103000083,91,231,-140
103000084,85,8,77
103000085,1,114,-113
103000086,342,307,35
103000087,108,496,-388
103000088,189,253,-64
103000089,219,362,-143
103000090,1714,694,1020
103000091,531,406,125
103000092,177,143,34
103000093,218,315,-97
103000094,154,78,76
103000095,53,206,-153
103000096,506,66,440
103000097,59,457,-398
103000098,544,106,438
103000099,176,425,-249
103000100,76,382,-306
103000101,772,81,691
103000102,63,298,-235
103000103,595,101,494
103000104,58,89,-31
103000105,111,48,63
103000106,14,82,-68
103000107,191,34,157
103000108,742,463,279
103000109,352,339,13
103000110,420,384,36
103000111,321,314,7
103000112,221,127,94
103000113,291,459,-168
103000114,923,281,642
103000115,548,408,140
103000116,525,309,216
103000117,389,366,23
103000118,324,424,-100
103000119,624,279,345
103000120,32,75,-43
103000121,173,642,-469
103000122,358,747,-389
103000125,13,103,-90
103000126,604,2,602
103000127,3,83,-80
103000128,110,3,107
103000129,0,48,-48
103000130,44,18,26
103000131,72,65,7
103000132,52,147,-95
103000133,29,49,-20
103000134,267,690,-423
103000135,344,248,96
103000136,341,366,-25
103000137,324,562,-238
103000138,559,533,26
103000139,0,55,-55
103000140,89,15,74
103000141,18,112,-94
103000142,93,50,43
103000143,45,129,-84
103000144,130,39,91
103000145,15,65,-50
103000150,49,26,23
103000152,143,234,-91
103000153,139,121,18
103000156,10,166,-156
103000157,370,0,370
103000159,141,33,108
103000162,81,30,51
103000163,5,48,-43
103000164,11,7,4
103000165,53,97,-44
103000166,169,261,-92
103000167,157,83,74
103000168,108,105,3
103000169,168,373,-205
103000170,745,262,483
103000171,30,66,-36
103000172,381,219,162
103000173,482,284,198
103000174,146,227,-81
103000175,323,141,182
103000176,609,439,170
103000177,299,252,47
103000178,101,194,-93
103000179,149,30,119
103000183,133,7,126
103000185,65,38,27
103000186,131,120,11
103000187,521,174,347
103000188,9,69,-60
103000189,549,446,103
103000191,488,386,102
103000292,675,1152,-477
103000293,518,1734,-1216
103000295,48,96,-48
103000296,118,3,115
103000297,13,50,-37
103000504,9,8,1
103000505,2,18,-16
103000506,3,203,-200
103000507,154,4,150
103000508,48,32,16
103000509,163,495,-332
103900001,12,80,-68
103900002,624,100,524
103900003,791,92,699
103900004,58,1,57
103900005,19,92,-73
103900006,11,0,11
103900007,61,1,60
103900008,7,3,4
103900009,210,371,-161
103900010,126,193,-67
103900011,234,82,152
103900012,20,22,-2
103900013,78,42,36
103900014,37,20,17
103900015,58,3,55
103900016,175,117,58
103900017,21,53,-32
103900018,436,103,333
103900019,55,280,-225
103900020,157,326,-169
103900021,261,65,196
103900022,896,571,325
103900023,139,1,138
103900024,81,245,-164
103900025,15,30,-15
103900026,30,1,29
103900027,661,141,520
103900028,25,197,-172
103900029,828,146,682
103900030,199,84,115
103900031,23,1,22
103900032,60,62,-2
103900033,62,14,48
103900034,16,81,-65
103900035,91,40,51
103900036,28,31,-3
103900037,55,46,9
103900038,75,209,-134
103900039,97,184,-87
103900040,5,135,-130
103900041,45,31,14
103900042,53,182,-129
103900043,132,44,88
103900044,71,193,-122
103900045,311,144,167
103900047,70,29,41
103900048,9,18,-9
103900049,152,629,-477
103900050,12,108,-96
103900051,0,31,-31
103900052,129,170,-41
103900053,223,300,-77
103900054,86,175,-89
103900055,428,134,294
103900056,53,27,26
103900057,41,92,-51
103900058,256,369,-113
103900059,0,20,-20
103900060,34,119,-85
103900061,153,29,124
103900062,224,71,153
103900063,3,0,3
103900064,122,1,121
103900065,642,281,361
103900066,159,23,136
103900067,117,8,109
103900068,4,1,3
103900069,47,15,32
103900070,127,99,28
103900071,15,50,-35
103900072,11,122,-111
103900073,15,27,-12
103900074,82,49,33
103900075,185,29,156
103900076,520,294,226
103900077,28,98,-70
103900078,182,69,113
103900079,96,103,-7
103900080,6,26,-20
103900081,44,17,27
103900082,11,85,-74
103900083,774,907,-133
103900084,49,59,-10
103900085,56,83,-27
103900086,546,237,309
103900088,233,425,-192
103900089,37,117,-80
103900090,23,111,-88
103900091,889,134,755
103900092,462,196,266
103900093,56,167,-111
103900094,6,53,-47
103900095,138,127,11
103900096,32,89,-57
103900097,5,310,-305
103900098,179,86,93
103900099,55,68,-13
103900100,224,203,21
103900101,103,801,-698
103900102,5,16,-11
103900104,1,25,-24
103900105,72,90,-18
103900106,0,47,-47
103900107,128,118,10
103900108,42,157,-115
103900109,103,54,49
103900110,178,44,134
103900111,96,336,-240
103900112,16,39,-23
103900113,68,174,-106
103900114,186,187,-1
103900115,173,119,54
103900116,2234,2110,124
103900117,86,32,54
103900119,25,77,-52
103900120,38,56,-18
103900122,90,124,-34
103900123,785,394,391
103900124,68,231,-163
103900125,91,40,51
103900126,485,222,263
103900127,146,220,-74
103900128,110,74,36
103900131,37,52,-15
103900133,661,28,633
103900134,0,4,-4
103900135,1,2,-1
103900137,8,15,-7
103900138,94,115,-21
103900139,207,1566,-1359
103900140,4,144,-140
103900141,183,39,144
103900142,184,57,127
103900143,85,1,84
103900144,0,22,-22
103900145,174,126,48
103900146,216,135,81
103900147,274,94,180
103900148,169,145,24
103900149,231,268,-37
103900150,2814,2780,34
103900151,29,95,-66
103900152,517,238,279
103900153,4,1,3
103900154,390,1169,-779
103900155,76,168,-92
103900156,80,98,-18
103900157,34,81,-47
103900158,112,65,47
103900159,148,29,119
103900160,38,21,17
103900161,74,121,-47
103900162,41,72,-31
103900163,18,298,-280
103900167,14,68,-54
103900168,83,57,26
103900169,21,48,-27
103900170,2,80,-78
103900171,2,40,-38
103900172,2,10,-8
103900173,6,8,-2
103900174,141,50,91
103900175,40,70,-30
103900176,3,24,-21
103900177,10,67,-57
103900178,50,47,3
103900179,42,40,2
103900180,18,36,-18
103900181,42,30,12
103900182,23,20,3
103900184,307,99,208
103900185,105,332,-227
103900187,11,59,-48
103900188,36,17,19
103900189,89,8,81
103900190,60,39,21
103900191,27,31,-4
103900192,15,35,-20
103900193,96,70,26
103900194,46,115,-69
103900195,2,85,-83
103900196,16,27,-11
103900197,9,10,-1
103900198,5,20,-15
103900199,99,26,73
103900200,126,64,62
103900201,80,93,-13
103900202,11,32,-21
103900203,25,15,10
103900204,2,38,-36
103900207,0,39,-39
103900208,65,1,64
103900209,1,58,-57
103900210,22,7,15
103900211,420,186,234
103900212,76,155,-79
103900213,22,166,-144
103900214,203,112,91
103900215,199,227,-28
103900216,8,209,-201
103900217,343,28,315
103900218,0,210,-210
103900219,159,148,11
103900233,29,2,27
103900235,25,21,4
103900236,3,3,0
103900242,4,5,-1
103900243,3,9,-6
103900244,83,122,-39
103900245,85,87,-2
103900246,30,28,2
103900247,27,80,-53
103900248,6,65,-59
103900249,19,48,-29
103900250,20,23,-3
103900251,0,34,-34
103900253,8,75,-67
103900254,3,15,-12
103900255,3,20,-17
103900256,11,39,-28
103900257,93,83,10
103900258,17,4,13
103900259,41,4,37
103900261,6,1,5
103900262,11,0,11
103900263,30,26,4
103900264,34,23,11
103900265,34,20,14
103900266,2,60,-58
103900267,9,48,-39
103900268,6,28,-22
103900269,114,13,101
103900270,68,60,8
103900271,16,46,-30
103900272,54,43,11
103900273,29,13,16
103900274,70,7,63
103900275,29,6,23
103900276,2,15,-13
103900277,2,21,-19
103900278,6,20,-14
103900279,0,11,-11
103900280,1,23,-22
104000001,1989,1232,757
104000002,1311,1635,-324
104000003,1701,1421,280
104000004,1990,1858,132
104000005,1246,1266,-20
104000006,2372,1992,380
104000007,2942,3520,-578
104000008,148,144,4
104000009,217,91,126
104000010,161,234,-73
104000011,291,162,129
104000012,137,155,-18
104000013,206,164,42
104000014,189,318,-129
104000015,250,155,95
104000016,356,222,134
104000018,634,134,500
104000019,591,145,446
104000020,125,323,-198
104000021,191,282,-91
104000022,112,179,-67
104000023,628,242,386
104000024,223,212,11
104000026,33,182,-149
104000027,195,156,39
104000028,395,227,168
104000029,280,227,53
104000030,280,171,109
104000031,1113,298,815
104000032,177,126,51
104000033,624,399,225
104000034,265,173,92
104000035,776,249,527
104000036,711,319,392
104000037,206,140,66
104000038,387,227,160
104000039,181,111,70
104000040,120,219,-99
104000041,376,231,145
104000042,143,235,-92
104000043,178,226,-48
104000044,212,271,-59
104000045,732,551,181
104000046,694,961,-267
104000047,499,654,-155
104000048,722,805,-83
104000049,383,239,144
104000050,136,430,-294
104000051,108,416,-308
104000052,1119,1197,-78
104000053,625,271,354
104000054,483,207,276
104000055,2431,1467,964
104000056,702,151,551
104000057,131,249,-118
104000058,586,573,13
104000059,415,715,-300
104000060,783,822,-39
104000061,965,651,314
104000062,234,73,161
104000064,379,210,169
104000065,114,435,-321
104000069,593,904,-311
104000070,36,316,-280
104000071,79,211,-132
104000072,405,140,265
104000075,20,183,-163
104000076,333,46,287
104000082,1682,2735,-1053
104000083,603,150,453
104000084,96,290,-194
104000085,242,174,68
104000086,143,268,-125
104000087,244,1190,-946
104000090,586,715,-129
104000092,949,1060,-111
104000094,653,756,-103
104000095,1434,970,464
104000096,1155,109,1046
104000097,1398,503,895
104000098,1967,491,1476
104000100,1302,362,940
104000101,885,1004,-119
104000106,39,438,-399
104000107,475,304,171
104000108,169,301,-132
104000109,222,62,160
104000110,594,657,-63
104000111,1832,1690,142
104000112,948,382,566
104000116,2,579,-577
104000117,162,323,-161
104000118,500,119,381
104000119,398,177,221
104000120,153,373,-220
104000121,177,432,-255
104000122,475,521,-46
104000123,508,551,-43
104000124,409,1086,-677
104000125,1689,3120,-1431
104000126,285,270,15
104000127,910,1284,-374
104000128,400,224,176
104000129,237,17,220
104000130,10,150,-140
104000131,317,324,-7
104000132,282,259,23
104000133,1089,526,563
104000134,836,1232,-396
104000135,391,1337,-946
104000136,635,2794,-2159
104000137,1239,317,922
104000138,605,197,408
104000139,2678,1810,868
104000141,695,719,-24
104000142,522,348,174
104000143,433,244,189
104000144,89,128,-39
104000145,360,147,213
104000146,176,315,-139
104000147,88,206,-118
104000148,287,127,160
104000149,146,128,18
104000150,693,309,384
104000151,198,234,-36
104000152,356,245,111
104000153,489,353,136
104000154,542,323,219
104000155,391,400,-9
104000157,695,811,-116
104000158,214,393,-179
104000159,641,352,289
104000160,1431,1415,16
104000161,131,100,31
104000162,63,69,-6
104000165,564,674,-110
104000167,503,846,-343
104000168,399,6,393
104000169,71,18,53
104000170,245,410,-165
104000248,261,350,-89
104000251,73,127,-54
104000272,0,0,0
104000273,0,0,0
104000274,0,0,0
104000275,0,0,0
104000279,519,318,201
104000290,68,136,-68
104000291,418,797,-379
104000293,655,440,215
104000294,41,0,41
104000295,415,563,-148
104000296,347,444,-97
104000297,526,1364,-838
104000298,1284,656,628
104000299,475,1059,-584
104900001,139,236,-97
104900002,34,131,-97
104900003,35,274,-239
104900004,86,199,-113
104900005,192,157,35
104900006,218,57,161
104900007,250,127,123
104900009,135,217,-82
104900010,62,26,36
104900011,4,9,-5
104900012,145,8,137
104900013,85,14,71
104900014,1604,214,1390
104900015,43,5,38
104900016,196,77,119
104900017,99,111,-12
104900018,6,96,-90
104900019,173,2540,-2367
104900020,35,171,-136
104900021,0,95,-95
104900022,4,76,-72
104900023,2,34,-32
104900024,15,32,-17
104900025,44,101,-57
104900026,2,41,-39
104900027,438,224,214
104900028,36,77,-41
104900029,32,43,-11
104900030,414,157,257
104900031,56,151,-95
104900032,28,61,-33
104900033,121,186,-65
104900034,319,153,166
104900035,329,176,153
104900036,219,52,167
104900037,120,124,-4
104900038,196,525,-329
104900039,298,271,27
104900040,487,70,417
104900041,201,108,93
104900042,120,137,-17
104900043,11,110,-99
104900044,589,186,403
104900045,367,37,330
104900046,162,42,120
104900047,346,86,260
104900048,292,33,259
104900049,22,18,4
104900050,178,35,143
104900051,236,33,203
104900052,48,3,45
104900053,334,80,254
104900054,102,10,92
104900055,104,0,104
104900056,185,10,175
104900057,32,0,32
104900058,277,74,203
104900059,191,125,66
104900060,2,196,-194
104900061,179,296,-117
104900063,0,83,-83
104900064,0,40,-40
104900065,1,151,-150
104900066,2,62,-60
104900067,2,195,-193
104900068,9,131,-122
104900070,134,149,-15
104900071,0,241,-241
104900072,62,186,-124
104900073,26,74,-48
104900074,44,136,-92
104900075,40,16,24
104900076,63,142,-79
104900077,370,148,222
104900078,138,303,-165
104900079,52,318,-266
104900080,62,500,-438
104900082,7,243,-236
104900085,0,131,-131
104900087,225,5,220
104900089,156,0,156
104900090,616,567,49
104900091,366,276,90
104900093,172,269,-97
104900097,1308,1476,-168
104900098,88,28,60
104900099,100,425,-325
104900100,234,126,108
104900102,20,77,-57
104900103,248,49,199
104900104,1587,1404,183
104900106,95,65,30
104900107,74,116,-42
104900108,9,95,-86
104900109,67,86,-19
104900110,9,28,-19
104900111,78,52,26
104900112,202,315,-113
104900113,533,207,326
104900114,225,221,4
104900115,535,210,325
104900116,228,99,129
104900118,12,28,-16
104900119,1,29,-28
104900120,18,132,-114
104900121,0,41,-41
104900122,6,29,-23
104900123,45,6,39
104900124,43,0,43
104900125,362,6,356
104900126,57,41,16
104900127,23,29,-6
104900128,71,149,-78
104900129,774,1508,-734
105000001,2118,1037,1081
105000002,1757,1056,701
105000003,2273,2327,-54
105000004,502,599,-97
105000005,791,806,-15
105000006,1007,1186,-179
105000007,993,1244,-251
105000008,1087,2778,-1691
105000009,2037,2353,-316
105000010,2173,1269,904
105000011,2588,2025,563
105000012,2859,1824,1035
105000013,877,759,118
105000014,1532,1846,-314
105000015,7058,11151,-4093
105000016,1633,1400,233
105000017,1242,567,675
105000018,819,1103,-284
105000019,813,616,197
105000020,119,352,-233
105000021,196,75,121
105000022,221,74,147
105000023,420,287,133
105000028,48,89,-41
105000029,471,853,-382
105000030,2855,1679,1176
105000031,1,8,-7
105000033,741,1222,-481
105000034,88,609,-521
105000037,436,138,298
105000038,1129,1280,-151
105000039,1397,1047,350
105000040,569,817,-248
105000041,271,684,-413
105000042,2102,1224,878
105000043,1029,1241,-212
105000044,493,312,181
105000045,302,369,-67
105000046,978,224,754
105000047,466,741,-275
105000048,508,185,323
105000049,169,299,-130
105000050,523,295,228
105000051,115,304,-189
105000052,485,551,-66
105000053,101,93,8
105000054,275,458,-183
105000055,483,159,324
105000056,1021,1173,-152
105000057,1010,461,549
105000058,954,737,217
105000059,654,539,115
105000060,337,351,-14
105000061,599,394,205
105000062,393,463,-70
105000063,224,250,-26
105000064,1336,606,730
105000065,257,362,-105
105000066,708,807,-99
105000067,1213,530,683
105000068,273,570,-297
105000069,1063,1581,-518
105000070,396,648,-252
105000071,204,679,-475
105000072,838,1849,-1011
105000073,688,441,247
105000074,613,493,120
105000075,320,533,-213
105000076,748,661,87
105000077,1740,847,893
105000078,806,981,-175
105000079,895,2713,-1818
105000080,1325,994,331
105000081,2929,1292,1637
105000082,866,1592,-726
105000083,3946,3294,652
105000084,570,652,-82
105000085,1408,1824,-416
105000086,438,602,-164
105000087,798,1239,-441
105000088,1037,1237,-200
105000089,1577,1301,276
105000090,722,553,169
105000091,773,1037,-264
105000092,405,581,-176
105000093,198,176,22
105000094,208,115,93
105000095,69,314,-245
105000096,889,862,27
105000097,585,570,15
105000098,790,502,288
105000099,518,484,34
105000100,977,719,258
105000101,1447,1235,212
105000102,1001,866,135
105000103,914,1333,-419
105000104,1705,613,1092
105000105,809,1252,-443
105000106,1101,928,173
105000107,1183,516,667
105000108,1240,783,457
105000109,1295,943,352
105000110,625,341,284
105000111,799,450,349
105000112,888,445,443
105000113,352,500,-148
105000114,1536,839,697
105000115,316,969,-653
105000116,613,312,301
105000117,593,482,111
105000118,493,238,255
105000119,434,437,-3
105000120,837,333,504
105000121,561,520,41
105000122,396,448,-52
105000123,753,833,-80
105000124,1505,604,901
105000125,701,1163,-462
105000126,1595,901,694
105000127,1712,1114,598
105000128,447,601,-154
105000129,686,268,418
105000130,288,2498,-2210
105000131,476,197,279
105000132,731,505,226
105000133,378,574,-196
105000134,673,447,226
105000135,289,353,-64
105000136,85,196,-111
105000137,413,164,249
105000138,160,245,-85
105000139,697,559,138
105000140,405,383,22
105000141,301,304,-3
105000142,179,321,-142
105000143,207,364,-157
105000144,213,559,-346
105000145,545,237,308
105000146,352,507,-155
105000147,624,219,405
105000148,939,475,464
105000149,1983,1426,557
105000150,1262,852,410
105000151,353,232,121
105000152,134,275,-141
105000153,418,413,5
105000154,411,284,127
105000155,293,481,-188
105000156,457,339,118
105000157,577,848,-271
105000158,1308,455,853
105000159,200,533,-333
105000160,1677,485,1192
105000161,477,559,-82
105000162,394,1257,-863
105000163,688,474,214
105000164,206,202,4
105000165,420,3884,-3464
105000166,2669,735,1934
105000167,959,1187,-228
105000168,325,355,-30
105000169,465,160,305
105000170,253,854,-601
105000171,755,135,620
105000172,168,23,145
105000173,195,25,170
105000174,80,15,65
105000175,63,55,8
105000176,354,73,281
105000177,261,157,104
105000178,154,231,-77
105000179,649,78,571
105000180,115,75,40
105000181,103,126,-23
105000182,27,29,-2
105000183,1006,1321,-315
105000184,758,661,97
105000185,828,677,151
105000186,298,468,-170
105000187,615,117,498
105000188,170,111,59
105000189,77,272,-195
105000190,239,212,27
105000191,322,197,125
105000192,227,41,186
105000193,71,89,-18
105000194,394,58,336
105000195,186,434,-248
105000196,52,223,-171
105000197,244,360,-116
105000198,433,193,240
105000199,196,520,-324
105000200,112,198,-86
105000201,75,31,44
105000203,29,111,-82
105000204,66,59,7
105000205,87,155,-68
105000207,287,125,162
105000208,128,394,-266
105000209,163,251,-88
105000211,123,3,120
105000212,932,664,268
105000213,135,104,31
105000214,116,130,-14
105000215,245,142,103
105000216,154,138,16
105000217,134,166,-32
105000218,1208,804,404
105000221,105,108,-3
105000222,351,151,200
105000223,193,136,57
105000226,89,88,1
105000227,39,67,-28
105000228,120,1355,-1235
105000229,131,349,-218
105000231,316,216,100
105000233,629,460,169
105000234,315,706,-391
105000235,315,441,-126
105000237,546,46,500
105000243,35,19,16
105000248,48,49,-1
105000262,281,577,-296
105000269,81,148,-67
105000270,365,35,330
105000271,0,112,-112
105000282,43,40,3
105000287,276,49,227
105000288,475,234,241
105000289,2129,1485,644
105000290,24,6,18
105000402,1991,2829,-838
105000426,335,393,-58
105000438,3446,1313,2133
105000440,15,5,10
105000446,6114,3813,2301
105000447,3680,1852,1828
105000454,443,435,8
105000455,177,95,82
105000474,19,0,19
105000477,331,333,-2
105000478,1530,3646,-2116
105000479,46,86,-40
105000480,7640,5910,1730
105000481,4088,2506,1582
105000482,3198,6031,-2833
105000483,1361,1708,-347
105000484,1449,2413,-964
105000485,1248,2656,-1408
105000486,2128,1748,380
105000488,7583,3566,4017
105000489,695,622,73
105000549,86,107,-21
105000550,314,1030,-716
105000551,31,81,-50
105000552,1631,1007,624
105000555,895,867,28
105000556,25,15,10
105000557,17,66,-49
105900001,4,1002,-998
105900002,664,514,150
105900003,11,58,-47
105900004,133,109,24
105900005,2,151,-149
105900006,6,65,-59
105900007,33,19,14
105900008,69,312,-243
105900009,14,10,4
105900011,98,22,76
105900012,330,39,291
105900013,1,19,-18
105900014,8,29,-21
105900015,102,213,-111
105900016,299,187,112
105900017,1014,26,988
105900018,110,121,-11
105900019,53,128,-75
105900020,30,46,-16
105900021,11,100,-89
105900022,136,111,25
105900023,6,42,-36
105900024,4,97,-93
105900025,192,10,182
105900026,140,15,125
105900027,4551,3654,897
105900028,306,299,7
105900029,1040,258,782
105900030,143,128,15
105900031,233,129,104
105900032,41,77,-36
105900033,55,73,-18
105900034,110,106,4
105900035,138,95,43
105900036,111,86,25
105900037,92,40,52
105900038,142,165,-23
105900039,116,84,32
105900040,50,84,-34
105900041,92,110,-18
105900042,48,103,-55
105900043,772,40,732
105900044,2,180,-178
105900045,5,522,-517
105900046,4,157,-153
105900047,14,32,-18
105900048,99,307,-208
105900050,2690,1923,767
105900051,35,634,-599
105900052,391,107,284
105900053,1394,2073,-679
105900054,226,101,125
105900056,328,274,54
105900057,24,55,-31
105900058,8,10,-2
105900059,1,35,-34
106000001,2832,1834,998
106000002,1224,3530,-2306
106000003,2290,2616,-326
106000004,1217,1952,-735
106000005,2917,3481,-564
106000006,3713,2334,1379
106000007,437,393,44
106000008,307,222,85
106000009,514,273,241
106000010,424,442,-18
106000011,975,743,232
106000012,698,822,-124
106000013,1326,1293,33
106000014,1243,1044,199
106000015,1630,743,887
106000016,960,1168,-208
106000017,521,430,91
106000018,471,265,206
106000019,272,296,-24
106000020,276,231,45
106000021,257,243,14
106000022,320,120,200
106000023,540,201,339
106000024,467,285,182
106000025,114,155,-41
106000026,61,120,-59
106000027,1210,950,260
106000028,497,256,241
106000029,544,669,-125
106000030,267,305,-38
106000034,129,409,-280
106000035,727,1411,-684
106000036,148,321,-173
106000037,1312,843,469
106000038,195,110,85
106000039,84,83,1
106000040,80,593,-513
106000041,512,342,170
106000043,468,206,262
106000046,300,61,239
106000047,22,253,-231
106000049,808,134,674
106000050,214,428,-214
106000051,567,376,191
106000052,60,376,-316
106000053,332,92,240
106000054,210,265,-55
106000055,808,612,196
106000056,180,195,-15
106000057,314,221,93
106000058,91,83,8
106000059,241,182,59
106000060,239,301,-62
106000061,199,387,-188
106000062,92,307,-215
106000063,575,420,155
106000064,31,199,-168
106000065,288,235,53
106000066,103,174,-71
106000067,296,73,223
106000068,36,389,-353
106000069,149,56,93
106000070,372,466,-94
106000071,881,203,678
106000072,1540,1078,462
106000073,1089,2379,-1290
106000074,446,456,-10
106000075,293,1047,-754
106000076,1363,1386,-23
106000077,2252,965,1287
106000078,949,675,274
106000079,592,554,38
106000080,1030,423,607
106000081,614,754,-140
106000082,1682,600,1082
106000083,378,999,-621
106000084,836,407,429
106000085,1073,1102,-29
106000086,486,609,-123
106000087,721,413,308
106000088,347,503,-156
106000089,793,235,558
106000090,283,384,-101
106000091,176,330,-154
106000092,526,207,319
106000093,250,89,161
106000094,56,168,-112
106000095,635,422,213
106000096,806,499,307
106000097,817,481,336
106000098,642,575,67
106000099,216,389,-173
106000100,874,158,716
106000101,579,176,403
106000102,115,259,-144
106000103,193,269,-76
106000104,728,306,422
106000105,362,359,3
106000106,539,306,233
106000107,154,210,-56
106000108,266,187,79
106000109,187,184,3
106000110,205,227,-22
106000111,165,214,-49
106000112,180,429,-249
106000113,311,328,-17
106000114,324,481,-157
106000115,203,244,-41
106000116,297,138,159
106000117,691,469,222
106000118,843,888,-45
106000119,849,571,278
106000120,681,908,-227
106000121,179,87,92
106000122,106,81,25
106000123,417,65,352
106000124,50,102,-52
106000125,18,152,-134
106000126,271,70,201
106000127,680,493,187
106000128,647,106,541
106000129,349,274,75
106000130,621,203,418
106000131,103,482,-379
106000132,485,101,384
106000133,855,771,84
106000134,417,1320,-903
106000135,166,349,-183
106000136,564,832,-268
106000137,34,406,-372
106000138,903,68,835
106000139,53,78,-25
106000140,44,26,18
106000141,79,36,43
106000142,83,54,29
106000143,16,39,-23
106000144,32,78,-46
106000145,176,141,35
106000146,377,97,280
106000147,267,253,14
106000148,355,521,-166
106000149,511,294,217
106000150,382,1364,-982
106000151,2250,644,1606
106000152,783,1366,-583
106000153,61,1133,-1072
106000154,759,121,638
106000155,94,230,-136
106000156,618,165,453
106000157,427,1000,-573
106000158,1222,599,623
106000159,1562,1298,264
106000160,344,1971,-1627
106000161,893,221,672
106000162,265,727,-462
106000163,302,185,117
106000164,357,176,181
106000165,152,293,-141
106000166,687,163,524
106000167,274,519,-245
106000168,468,175,293
106000169,196,351,-155
106000170,603,157,446
106000171,131,679,-548
106000172,1778,804,974
106000173,663,1497,-834
106000174,884,264,620
106000175,212,448,-236
106000176,1352,544,808
106000177,460,1328,-868
106000178,2211,957,1254
106000179,713,1209,-496
106000180,549,705,-156
106000181,736,883,-147
106000182,1184,431,753
106000183,1056,320,736
106000184,1061,297,764
106000185,775,667,108
106000186,616,73,543
106000187,123,795,-672
106000188,1,2,-1
106000189,6,19,-13
106000190,14,1,13
106000191,537,144,393
106000192,0,25,-25
106000193,244,116,128
106000194,99,208,-109
106000195,202,61,141
106000196,60,188,-128
106000197,365,118,247
106000198,101,114,-13
106000199,401,453,-52
106000200,132,182,-50
106000201,292,2016,-1724
106000202,1739,309,1430
106000203,19,104,-85
106000204,85,7,78
106000205,7,80,-73
106000206,77,11,66
106000207,28,379,-351
106000208,1106,133,973
106000209,1278,303,975
106000210,228,551,-323
106000211,246,726,-480
106000212,711,317,394
106000213,412,1226,-814
106000214,1614,467,1147
106000215,211,300,-89
106000216,324,268,56
106000217,173,242,-69
106000218,414,264,150
106000219,89,227,-138
106000220,383,137,246
106000221,221,138,83
106000222,61,65,-4
106000223,249,74,175
106000224,186,130,56
106000225,80,84,-4
106000226,62,154,-92
106000228,53,78,-25
106000229,73,417,-344
106000231,672,81,591
106000232,72,177,-105
106000233,403,74,329
106000234,40,143,-103
106000235,203,80,123
106000236,37,40,-3
106000237,2,9,-7
106000238,16,23,-7
106000239,0,57,-57
106000240,27,11,16
106000241,13,399,-386
106000242,244,22,222
106000249,72,47,25
106000250,33,474,-441
106000251,86,22,64
106000252,10,19,-9
106000253,54,48,6
106000254,25,17,8
106000255,14,111,-97
106000256,24,30,-6
106000257,101,101,0
106000258,78,15,63
106000259,0,29,-29
106000260,42,10,32
106000261,3,34,-31
106000262,45,6,39
106000263,2,24,-22
106000264,147,7,140
106000265,7,49,-42
106000266,81,13,68
106000267,1,41,-40
106000268,335,40,295
106000269,35,28,7
106000270,96,283,-187
106000271,38,112,-74
106000272,146,30,116
106000273,7,133,-126
106000274,118,21,97
106000275,105,128,-23
106000276,104,38,66
106000277,81,179,-98
106000278,103,18,85
106000279,4,10,-6
106000280,59,32,27
106000281,68,49,19
106000282,36,37,-1
106000283,102,37,65
106000284,85,69,16
106000285,80,49,31
106000286,84,81,3
106000287,76,30,46
106000288,64,112,-48
106000289,58,45,13
106000290,54,54,0
106000291,80,65,15
106000292,54,56,-2
106000293,71,58,13
106000294,125,72,53
106000295,23,31,-8
106000296,25,61,-36
106000297,35,135,-100
106000298,87,53,34
106000299,68,88,-20
106000300,49,61,-12
106000301,43,76,-33
106000303,25,51,-26
106000304,16,20,-4
106000305,35,29,6
106000306,35,21,14
106000307,42,15,27
106000308,15,47,-32
106000309,31,34,-3
106000310,219,339,-120
106000311,286,106,180
106000312,100,130,-30
106000313,195,164,31
106000318,47,307,-260
106000319,786,187,599
106000320,4,50,-46
106000321,111,95,16
106000322,121,95,26
106000324,20,62,-42
106000325,1351,623,728
106000326,745,1069,-324
106000327,160,71,89
106000328,51,71,-20
106000329,53,138,-85
106000330,41,48,-7
106000428,88,132,-44
106000429,124,313,-189
106000430,273,764,-491
106000431,1723,309,1414
106000432,1392,1908,-516
106000433,1981,977,1004
106000434,2363,1132,1231
106000435,1005,1634,-629
106000436,5,91,-86
106000437,201,32,169
106000438,188,129,59
106000439,37,233,-196
106000440,153,239,-86
106000441,4,0,4
106000442,134,3,131
106000443,189,177,12
106000450,0,93,-93
106000451,35,47,-12
106000454,1,68,-67
106000455,6,113,-107
106000456,73,26,47
106000457,26,464,-438
106000458,742,70,672
106000459,137,200,-63
106000460,1248,28,1220
106000461,96,486,-390
106000462,4,25,-21
106000463,4,10,-6
106000464,1,168,-167
106000465,642,4,638
106000466,0,248,-248
106000467,192,269,-77
106000468,90,101,-11
106000469,109,0,109
106000470,182,1196,-1014
106000471,10,302,-292
106000472,123,8,115
106000473,26,13,13
106000474,214,246,-32
106000475,276,179,97
106000476,121,174,-53
106000477,38,76,-38
106000480,1,249,-248
106900001,0,10,-10
106900002,4,227,-223
106900003,156,483,-327
106900004,0,14,-14
106900006,0,5,-5
106900007,0,6,-6
106900008,348,112,236
106900009,270,154,116
106900010,201,162,39
106900012,731,1476,-745
106900013,375,151,224
106900014,37,4,33
106900015,7,0,7
106900016,300,11,289
106900017,2,1,1
106900018,1,0,1
106900019,42,2,40
106900020,1278,1200,78
106900021,119,130,-11
106900022,742,7,735
106900023,47,226,-179
106900024,385,41,344
106900025,34,372,-338
106900026,0,360,-360
106900027,509,3,506
107000001,2848,2671,177
107000002,1872,2765,-893
107000003,5275,5057,218
107000004,3120,2435,685
107000005,4206,4321,-115
107000006,2738,2123,615
107000007,4738,7348,-2610
107000008,6192,4541,1651
107000009,6437,6032,405
107000010,5927,5048,879
107000011,830,872,-42
107000012,2917,1861,1056
107000013,102,81,21
107000014,74,208,-134
107000015,423,512,-89
107000016,601,506,95
107000017,1090,1211,-121
107000018,13,789,-776
107000020,830,1072,-242
107000021,800,312,488
107000022,649,1012,-363
107000023,1223,160,1063
107000024,494,971,-477
107000025,202,266,-64
107000026,179,320,-141
107000027,1162,683,479
107000028,1180,842,338
107000029,2804,2166,638
107000030,1998,1830,168
107000031,3742,1911,1831
107000032,399,657,-258
107000033,1868,2561,-693
107000034,2265,988,1277
107000035,342,221,121
107000036,306,853,-547
107000037,85,560,-475
107000038,186,182,4
107000039,595,592,3
107000040,161,173,-12
107000041,917,471,446
107000042,557,1514,-957
107000043,1717,816,901
107000044,406,215,191
107000045,55,207,-152
107000046,596,344,252
107000047,370,649,-279
107000048,517,255,262
107000049,471,598,-127
107000050,859,402,457
107000051,210,249,-39
107000052,845,834,11
107000053,248,183,65
107000054,60,245,-185
107000055,279,73,206
107000056,401,586,-185
107000057,1021,184,837
107000058,1803,1840,-37
107000059,1373,2225,-852
107000060,3765,4001,-236
107000061,3442,2106,1336
107000062,4177,2125,2052
107000063,3285,2868,417
107000064,3929,1785,2144
107000065,2212,2782,-570
107000066,1327,2176,-849
107000067,1014,908,106
107000068,913,656,257
107000069,727,484,243
107000070,993,10,983
107000071,3035,53,2982
107000072,27,1684,-1657
107000073,786,393,393
107000074,216,581,-365
107000075,1640,424,1216
107000076,458,875,-417
107000077,3069,1211,1858
107000078,2024,1985,39
107000079,2484,959,1525
107000080,842,1843,-1001
107000081,1609,526,1083
107000082,486,889,-403
107000083,1114,357,757
107000084,273,788,-515
107000085,2418,2445,-27
107000086,2480,2505,-25
107000087,2332,1548,784
107000088,2380,2701,-321
107000089,1452,1327,125
107000090,925,799,126
107000091,1215,678,537
107000092,649,714,-65
107000093,1001,631,370
107000094,792,890,-98
107000095,711,536,175
107000096,379,495,-116
107000097,647,212,435
107000098,333,317,16
107000099,326,229,97
107000100,172,170,2
107000101,73,154,-81
107000102,161,227,-66
107000103,282,130,152
107000104,175,230,-55
107000105,420,87,333
107000106,168,210,-42
107000107,608,154,454
107000108,112,305,-193
107000109,579,119,460
107000110,60,385,-325
107000111,296,42,254
107000112,37,218,-181
107000113,718,121,597
107000114,73,336,-263
107000115,617,149,468
107000116,82,436,-354
107000117,122,583,-461
107000118,107,127,-20
107000119,1063,1214,-151
107000120,748,446,302
107000121,862,508,354
107000122,992,596,396
107000123,479,429,50
107000124,470,547,-77
107000125,837,341,496
107000126,843,511,332
107000129,184,377,-193
107000130,556,173,383
107000131,381,320,61
107000132,473,305,168
107000133,486,69,417
107000134,242,0,242
107000135,0,213,-213
107000136,515,9,506
107000137,9,393,-384
107000138,184,30,154
107000139,13,497,-484
107000140,977,94,883
107000141,100,488,-388
107000142,344,73,271
107000143,60,401,-341
107000144,363,335,28
107000145,141,300,-159
107000146,105,195,-90
107000147,3144,842,2302
107000150,439,2132,-1693
107000151,20,56,-36
107000152,315,1030,-715
107000153,93,212,-119
107000154,176,201,-25
107000155,697,14,683
107000156,967,10,957
107000157,19,778,-759
107000158,646,8,638
107000159,17,537,-520
107000160,1133,96,1037
107000161,80,665,-585
107000162,218,351,-133
107000163,220,2,218
107000164,719,4,715
107000165,1099,9,1090
107000166,27,640,-613
107000167,602,155,447
107000168,871,413,458
107000169,500,536,-36
107000170,1935,556,1379
107000171,538,902,-364
107000172,951,1248,-297
107000173,440,501,-61
107000174,973,3885,-2912
107000175,3479,892,2587
107000176,0,1,-1
107000177,4,2,2
107000178,19,27,-8
107000179,244,1315,-1071
107000180,1245,177,1068
107000181,380,810,-430
107000182,1847,696,1151
107000183,155,478,-323
107000184,984,502,482
107000185,373,865,-492
107000186,1131,234,897
107000187,1011,848,163
107000188,531,376,155
107000189,466,692,-226
107000190,480,399,81
107000191,706,846,-140
107000192,1203,395,808
107000193,301,333,-32
107000194,687,453,234
107000197,838,183,655
107000198,264,484,-220
107000199,485,498,-13
107000200,418,466,-48
107000201,503,184,319
107000202,244,388,-144
107000203,747,665,82
107000204,820,767,53
107000205,1300,691,609
107000206,585,1075,-490
107000207,445,809,-364
107000208,606,351,255
107000209,1104,1075,29
107000210,403,222,181
107000211,1,33,-32
107000212,13,279,-266
107000213,5,26,-21
107000214,17,121,-104
107000215,374,209,165
107000216,364,240,124
107000217,144,83,61
107000219,75,144,-69
107000220,117,110,7
107000222,141,395,-254
107000224,406,80,326
107000225,93,195,-102
107000226,445,65,380
107000227,73,122,-49
107000228,90,285,-195
107000229,119,69,50
107000230,822,411,411
107000231,808,1285,-477
107000232,75,16,59
107000233,681,608,73
107000234,0,61,-61
107000235,56,4,52
107000236,20,290,-270
107000237,20,0,20
107000238,38,0,38
107000239,1486,355,1131
107000240,74,499,-425
107000243,0,44,-44
107000244,1,53,-52
107000246,1,1039,-1038
107000249,2,1032,-1030
107000251,0,370,-370
107000252,1,457,-456
107000255,214,87,127
107000257,2,181,-179
107000258,0,68,-68
107000259,0,117,-117
107000260,690,9,681
107000262,4,246,-242
107000263,255,7,248
107000266,8,7,1
107000267,48,73,-25
107000268,62,74,-12
107000269,551,46,505
107000270,16,14,2
107000271,7,342,-335
107000272,22,60,-38
107000273,2,134,-132
107000274,667,178,489
107000275,24,615,-591
107000280,781,19,762
107000281,29,424,-395
107000282,35,388,-353
107000290,4,24,-20
107000291,40,9,31
107000292,1,78,-77
107000293,28,4,24
107000294,1,37,-36
107000295,11,4,7
107000296,0,14,-14
107000444,272,3,269
107000496,3,14,-11
107000497,1150,1280,-130
107000500,268,206,62
107000501,71,126,-55
107000502,145,204,-59
107000505,225,601,-376
107000506,0,17,-17
107000508,3,278,-275
107000509,169,533,-364
107000510,11,21,-10
107000514,53,275,-222
107000515,4,88,-84
107000516,413,196,217
107000518,897,1253,-356
107000519,937,563,374
107000520,82,28,54
107000521,490,231,259
107000522,699,367,332
107900001,60,103,-43
107900002,37,0,37
107900003,522,11,511
107900004,7,0,7
107900005,1169,3,1166
107900006,154,3,151
107900007,239,27,212
107900008,35,9,26
107900009,97,5,92
107900010,46,6,40
107900012,200,43,157
107900013,112,19,93
107900014,28,3,25
107900015,775,7,768
107900016,235,57,178
107900017,15,0,15
107900018,61,127,-66
107900019,17,17,0
107900020,29,14,15
107900021,65,62,3
107900023,1,3,-2
107900024,0,13,-13
107900025,167,171,-4
107900026,84,23,61
107900027,4,16,-12
107900028,91,38,53
107900030,177,23,154
107900031,48,55,-7
107900032,42,13,29
107900033,22,12,10
107900034,259,18,241
107900035,764,31,733
107900036,70,17,53
107900037,0,29,-29
107900038,109,189,-80
107900039,29,28,1
107900040,16,97,-81
107900041,1,6,-5
107900043,26,58,-32
107900044,5,5,0
107900045,91,41,50
107900046,104,155,-51
107900047,72,41,31
107900048,165,13,152
107900049,252,612,-360
107900050,115,162,-47
107900051,95,48,47
107900052,22,39,-17
107900053,48,54,-6
107900055,442,157,285
107900056,68,61,7
107900057,0,1,-1
107900058,13,316,-303
107900060,16,27,-11
107900061,12,6,6
107900063,58,96,-38
107900064,197,122,75
107900065,148,7,141
107900066,12,4,8
107900067,0,0,0
107900068,67,308,-241
107900069,29,1709,-1680
107900070,100,32,68
107900071,26,378,-352
107900072,93,79,14
107900073,56,52,4
107900074,499,267,232
107900076,118,28,90
107900077,78,0,78
107900079,9,10,-1
107900080,160,438,-278
107900081,48,50,-2
107900082,13,10,3
107900083,232,117,115
107900084,90,101,-11
107900086,41,134,-93
107900087,385,101,284
107900088,29,9,20
107900089,161,679,-518
107900090,383,1625,-1242
107900091,121,170,-49
107900093,52,46,6
107900095,2119,1631,488
107900097,10,60,-50
107900098,46,120,-74
107900100,515,1023,-508
107900101,541,111,430
107900102,26,6,20
107900103,35,95,-60
107900104,126,7,119
107900105,1,197,-196
107900106,1,629,-628
107900107,616,383,233
107900108,145,92,53
107900109,1310,36,1274
107900110,37,47,-10
107900111,6,372,-366
107900112,62,230,-168
107900113,186,45,141
107900114,147,99,48
107900115,2,24,-22
107900116,132,102,30
107900117,225,204,21
107900118,44,99,-55
107900119,61,172,-111
107900120,44,42,2
107900121,2,77,-75
107900122,1,53,-52
107900123,2,31,-29
107900124,5,11,-6
107900125,26,189,-163
107900126,10,40,-30
107900127,256,235,21
107900128,65,79,-14
107900129,53,17,36
107900130,84,9,75
107900131,296,207,89
107900132,62,151,-89
107900133,0,54,-54
107900134,41,118,-77
107900135,7,122,-115
107900136,21,11,10
107900137,68,69,-1
107900138,55,12,43
107900139,34,20,14
107900141,28,21,7
107900142,59,385,-326
107900143,40,12,28
107900144,2,122,-120
107900145,4,28,-24
107900146,16,85,-69
107900147,42,21,21
107900148,133,66,67
107900149,454,117,337
107900150,44,321,-277
107900151,31,74,-43
107900152,7,88,-81
107900153,110,210,-100
107900154,57,22,35
107900155,66,34,32
107900156,3,198,-195
107900157,34,31,3
107900158,636,16,620
107900159,21,427,-406
107900160,92,165,-73
107900161,17,96,-79
107900162,1,25,-24
107900163,41,23,18
107900164,7,32,-25
107900165,15,89,-74
107900166,15,114,-99
107900167,15,32,-17
107900168,35,36,-1
107900169,2,92,-90
107900171,2,476,-474
107900172,0,170,-170
107900173,18,87,-69
107900174,137,1,136
107900175,30,42,-12
107900176,22,26,-4
107900177,1,54,-53
107900178,0,101,-101
107900179,16,63,-47
107900180,314,614,-300
107900181,220,186,34
107900182,1,438,-437
107900183,60,145,-85
107900184,77,195,-118
107900185,76,3,73
107900186,27,25,2
107900187,0,62,-62
107900188,322,89,233
107900189,19,61,-42
107900190,59,97,-38
107900191,59,54,5
107900193,1,26,-25
107900194,158,9,149
107900195,1087,188,899
107900196,61,62,-1
107900197,372,264,108
107900199,1,496,-495
107900201,73,44,29
107900203,35,61,-26
107900204,158,135,23
107900206,621,199,422
107900207,0,346,-346
107900208,1,258,-257
107900209,221,90,131
107900210,56,66,-10
107900213,361,280,81
107900214,8,70,-62
107900215,90,251,-161
107900216,159,73,86
107900217,30,65,-35
107900218,14,912,-898
107900219,9,41,-32
107900220,149,174,-25
107900221,103,111,-8
107900223,64,235,-171
107900224,101,274,-173
107900225,16,364,-348
107900226,96,54,42
107900227,77,210,-133
107900228,19,56,-37
107900229,0,127,-127
107900230,17,48,-31
107900231,10,142,-132
107900232,66,60,6
107900233,12,61,-49
107900234,69,73,-4
107900235,12,74,-62
107900236,101,46,55
107900237,34,272,-238
107900238,18,59,-41
107900239,461,332,129
107900240,20,65,-45
107900241,19,35,-16
107900242,26,124,-98
107900243,2,38,-36
107900244,248,4,244
107900245,603,28,575
107900246,183,12,171
107900248,115,161,-46
107900249,631,27,604
107900250,1,240,-239
107900251,51,641,-590
107900252,748,23,725
107900253,140,3,137
107900254,59,152,-93
107900255,135,46,89
107900256,475,651,-176
107900257,123,70,53
107900258,80,125,-45
107900259,64,1554,-1490
107900261,1,132,-131
107900262,32,56,-24
107900264,234,3,231
107900265,72,72,0
107900267,233,11,222
107900268,14,7,7
107900269,0,4,-4
107900270,1,1,0
107900271,1,37,-36
107900272,73,34,39
107900273,50,89,-39
107900274,112,2,110
107900275,25,2,23
107900276,1,107,-106
107900277,0,145,-145
107900278,249,271,-22
107900279,69,149,-80
107900280,1289,1167,122
107900281,468,2265,-1797
107900282,18,310,-292
107900283,570,464,106
107900284,376,334,42
107900285,123,38,85
107900286,99,70,29
107900287,194,147,47
107900290,2,105,-103
107900291,414,23,391
107900292,112,128,-16
107900293,74,254,-180
107900295,42,35,7
107900297,0,155,-155
107900298,452,504,-52
107900299,1541,1907,-366
107900301,434,537,-103
107900302,77,31,46
107900303,178,218,-40
107900304,276,195,81
107900305,251,8,243
107900306,11,22,-11
107900307,48,171,-123
107900308,147,84,63
107900309,64,0,64
107900310,330,3,327
107900311,7,434,-427
107900312,40,1,39
107900313,0,116,-116
107900314,0,22,-22
107900315,0,20,-20
107900316,35,0,35
107900317,43,13,30
107900318,9,74,-65
107900319,0,75,-75
107900320,0,84,-84
107900321,116,3,113
107900322,0,62,-62
107900323,6,71,-65
107900324,105,2,103
107900325,88,1,87
107900326,316,111,205
107900327,1,67,-66
107900328,79,1,78
107900329,47,61,-14
107900330,2,184,-182
107900331,197,10,187
107900332,253,13,240
107900333,52,4,48
107900334,10,86,-76
107900335,54,25,29
107900336,27,43,-16
107900337,584,755,-171
107900338,0,138,-138
107900339,2,17,-15
107900340,0,30,-30
107900341,56,0,56
107900342,121,67,54
107900343,23,1,22
107900344,9,34,-25
107900345,88,29,59
107900346,26,2,24
107900347,5,1,4
107900348,1,4,-3
107900349,16,6,10
107900350,24,134,-110
107900351,11,104,-93
107900352,0,15,-15
107900353,11,15,-4
107900354,9,39,-30
108000001,2549,3038,-489
108000002,1549,1690,-141
108000003,2725,2732,-7
108000004,8516,9353,-837
108000005,6648,5057,1591
108000006,5783,4975,808
108000007,4311,3152,1159
108000008,3141,4081,-940
108000009,2967,3551,-584
108000010,1959,2821,-862
108000011,10067,9250,817
108000012,11143,9605,1538
108000014,797,924,-127
108000015,759,209,550
108000016,299,934,-635
108000017,1040,335,705
108000018,1464,490,974
108000019,1401,726,675
108000020,1151,448,703
108000021,283,1274,-991
108000022,371,1042,-671
108000023,1063,172,891
108000024,272,301,-29
108000025,256,300,-44
108000026,785,251,534
108000027,688,516,172
108000028,800,166,634
108000029,529,563,-34
108000030,498,180,318
108000031,124,432,-308
108000032,1448,524,924
108000033,568,649,-81
108000034,1265,320,945
108000035,493,1260,-767
108000036,310,600,-290
108000037,1451,329,1122
108000038,2238,422,1816
108000039,388,1258,-870
108000040,1538,686,852
108000041,534,1392,-858
108000042,297,172,125
108000043,197,186,11
108000044,507,153,354
108000045,349,271,78
108000046,1200,207,993
108000047,300,486,-186
108000048,176,272,-96
108000049,786,242,544
108000050,119,482,-363
108000051,288,112,176
108000052,147,436,-289
108000053,352,225,127
108000054,312,619,-307
108000055,799,405,394
108000056,862,844,18
108000057,499,887,-388
108000058,1512,2850,-1338
108000059,2275,1331,944
108000060,198,536,-338
108000061,285,329,-44
108000062,674,390,284
108000063,364,312,52
108000064,224,182,42
108000065,362,259,103
108000066,1248,547,701
108000067,1602,566,1036
108000068,689,279,410
108000069,181,637,-456
108000070,1708,556,1152
108000071,525,874,-349
108000072,1617,676,941
108000073,978,1087,-109
108000074,530,321,209
108000075,252,514,-262
108000076,648,434,214
108000077,494,378,116
108000078,2160,917,1243
108000079,617,816,-199
108000080,1265,384,881
108000081,443,857,-414
108000082,798,1084,-286
108000083,1538,722,816
108000084,334,743,-409
108000085,791,342,449
108000086,541,407,134
108000087,129,1755,-1626
108000088,705,113,592
108000089,238,233,5
108000091,125,327,-202
108000092,119,63,56
108000093,134,236,-102
108000094,516,72,444
108000095,171,193,-22
108000096,287,151,136
108000097,157,252,-95
108000098,1408,953,455
108000099,928,268,660
108000100,138,398,-260
108000101,1070,1209,-139
108000102,1394,2637,-1243
108000106,663,0,663
108000107,3,630,-627
108000108,715,39,676
108000109,11,860,-849
108000110,172,285,-113
108000111,98,404,-306
108000112,30,110,-80
108000113,367,154,213
108000115,215,164,51
108000117,422,260,162
108000118,424,1419,-995
108000119,435,251,184
108000120,162,559,-397
108000121,125,266,-141
108000122,510,255,255
108000123,592,110,482
108000124,209,310,-101
108000125,435,161,274
108000126,151,241,-90
108000127,437,141,296
108000128,494,252,242
108000129,211,538,-327
108000130,360,128,232
108000131,909,401,508
108000132,1414,780,634
108000133,847,396,451
108000134,409,333,76
108000135,925,353,572
108000136,175,500,-325
108000137,435,182,253
108000138,347,611,-264
108000139,552,280,272
108000140,129,21,108
108000141,38,26,12
108000142,41,42,-1
108000143,38,232,-194
108000144,446,51,395
108000145,29,3,26
108000146,645,40,605
108000147,25,6,19
108000148,556,73,483
108000149,17,9,8
108000150,22,17,5
108000151,209,64,145
108000152,83,280,-197
108000153,582,120,462
108000154,43,8,35
108000155,30,9,21
108000156,550,261,289
108000157,122,870,-748
108000158,99,598,-499
108000159,282,126,156
108000160,1600,883,717
108000161,1460,1992,-532
108000165,1,122,-121
108000172,5,237,-232
108000173,1045,1584,-539
108000175,489,96,393
108000178,314,192,122
108000179,110,733,-623
108000181,63,24,39
108000182,181,61,120
108000183,36,422,-386
108000184,600,1869,-1269
108000185,164,201,-37
108000186,357,203,154
108000187,81,293,-212
108000188,501,159,342
108000189,1117,7141,-6024
108000190,42,118,-76
108000192,166,388,-222
108000193,618,25,593
108000194,31,13,18
108000195,0,656,-656
108000196,158,115,43
108000198,564,230,334
108000199,2,418,-416
108000200,363,240,123
108000203,133,311,-178
108000204,123,51,72
108000205,143,191,-48
108000339,769,308,461
108000364,216,434,-218
108000365,75,215,-140
108000367,133,209,-76
108000368,11,29,-18
108000369,436,165,271
108000371,14,571,-557
108000372,589,5,584
108000373,248,174,74
108000376,87,38,49
108000377,482,147,335
108000378,7469,8525,-1056
108000379,14,167,-153
108000381,44,3,41
108000382,143,5,138
108000383,1,170,-169
108900001,54,627,-573
108900002,149,40,109
108900003,246,457,-211
108900004,1044,392,652
108900007,268,132,136
108900008,140,123,17
108900009,97,96,1
108900010,286,120,166
108900011,536,355,181
108900012,305,338,-33
108900013,181,196,-15
108900014,12,77,-65
108900015,1,160,-159
108900016,0,202,-202
108900017,153,355,-202
108900018,115,227,-112
108900019,27,295,-268
108900020,58,114,-56
108900021,108,170,-62
108900022,133,3,130
108900023,7,35,-28
108900024,38,45,-7
108900025,94,62,32
108900026,21,98,-77
108900027,0,43,-43
108900028,81,211,-130
108900029,42,127,-85
108900030,0,69,-69
108900031,134,176,-42
108900032,3,89,-86
108900033,0,73,-73
108900034,0,121,-121
108900035,228,747,-519
108900038,0,191,-191
108900039,0,213,-213
108900040,4,58,-54
108900041,3232,2544,688
108900042,9,376,-367
108900043,55,325,-270
108900044,0,266,-266
108900045,45,293,-248
108900046,33,347,-314
108900047,2,156,-154
108900048,95,510,-415
108900049,1548,1158,390
108900050,2,129,-127
108900051,1,71,-70
108900052,52,105,-53
108900053,46,135,-89
108900054,60,101,-41
108900055,47,230,-183
108900056,1,95,-94
108900057,0,102,-102
108900058,45,225,-180
108900059,455,42,413
108900060,62,84,-22
108900061,97,20,77
108900062,3,147,-144
108900063,32,142,-110
108900064,211,28,183
108900065,15,120,-105
108900066,393,85,308
108900067,14,69,-55
108900068,5,76,-71
108900069,72,44,28
108900070,30,55,-25
108900071,67,45,22
108900072,1361,400,961
108900073,28,185,-157
108900074,166,158,8
108900075,65,30,35
108900076,266,44,222
108900077,108,267,-159
108900078,29,73,-44
108900079,596,131,465
108900080,41,501,-460
108900081,58,150,-92
108900082,67,92,-25
108900083,10,182,-172
108900085,1201,91,1110
108900086,108,151,-43
108900087,67,107,-40
108900088,719,335,384
108900089,19,91,-72
108900090,50,136,-86
108900091,103,31,72
108900092,418,218,200
108900093,71,43,28
108900094,154,86,68
108900095,28,201,-173
108900096,259,11,248
108900097,256,157,99
108900098,1135,599,536
108900099,378,160,218
108900100,73,94,-21
108900101,173,168,5
108900102,59,765,-706
108900103,70,117,-47
108900105,9,1082,-1073
108900106,418,207,211
108900108,204,57,147
108900109,371,62,309
108900110,231,220,11
108900111,407,296,111
108900113,45,69,-24
108900114,59,13,46
108900115,70,31,39
108900116,43,13,30
108900117,129,17,112
108900118,467,21,446
108900119,289,29,260
108900120,264,173,91
108900121,230,87,143
108900122,123,13,110
108900123,87,106,-19
108900124,378,129,249
108900125,442,6,436
108900126,104,48,56
108900127,173,25,148
108900128,128,35,93
108900129,689,92,597
108900130,309,1,308
108900131,312,7,305
108900132,497,46,451
108900133,225,58,167
108900134,387,135,252
108900135,167,12,155
108900136,41,0,41
108900137,149,8,141
108900138,804,72,732
108900140,342,146,196
108900141,319,10,309
108900142,95,2,93
108900143,83,1,82
108900144,108,3,105
108900145,217,13,204
108900146,46,0,46
108900147,196,0,196
108900148,61,26,35
108900150,171,16,155
108900151,128,17,111
108900152,266,10,256
108900153,187,195,-8
108900154,3641,406,3235
108900156,104,11,93
108900157,12,284,-272
108900158,310,23,287
108900159,5,126,-121
108900160,11,180,-169
108900161,3,241,-238
108900162,118,3,115
108900163,3,183,-180
108900164,32,45,-13
108900168,4439,2030,2409
108900169,86,86,0
108900171,2327,2325,2
108900172,147,23,124
108900173,142,213,-71
108900174,857,441,416
108900176,115,300,-185
108900177,2568,3992,-1424
108900178,2163,2890,-727
108900180,108,217,-109
108900183,154,135,19
108900184,374,166,208
108900185,63,174,-111
108900186,63,223,-160
108900189,243,89,154
108900190,43,1478,-1435
108900192,63,165,-102
108900195,106,138,-32
108900196,17,171,-154
108900199,164,204,-40
108900200,531,355,176
108900201,397,914,-517
108900203,395,139,256
108900204,289,14,275
108900205,137,26,111
108900206,443,56,387
108900207,174,90,84
108900208,19,232,-213
108900209,198,310,-112
108900210,136,112,24
108900211,110,411,-301
108900212,346,1032,-686
108900215,65,212,-147
108900216,361,314,47
108900217,85,0,85
108900218,53,15,38
108900221,51,274,-223
108900224,24,163,-139
108900225,0,124,-124
108900227,65,223,-158
108900230,153,187,-34
108900232,1,142,-141
108900233,250,53,197
108900234,178,89,89
108900235,126,322,-196
108900236,34,171,-137
108900240,69,67,2
108900241,18,23,-5
108900245,8,1089,-1081
108900250,227,85,142
108900258,3,117,-114
108900259,32,35,-3
108900260,8,36,-28
108900261,56,70,-14
108900262,98,98,0
108900263,31,117,-86
108900264,412,202,210
108900265,444,309,135
108900266,456,579,-123
108900267,10,109,-99
108900268,2,11,-9
108900269,67,28,39
108900270,88,13,75
108900271,40,33,7
108900272,218,22,196
108900273,529,761,-232
108900274,61,46,15
109000001,2233,1685,548
109000002,926,1987,-1061
109000003,2217,353,1864
109000004,471,1606,-1135
109000005,1840,475,1365
109000006,626,1440,-814
109000007,1302,510,792
109000008,496,1270,-774
109000009,3041,998,2043
109000010,1067,2379,-1312
109000011,2944,1370,1574
109000012,1463,1801,-338
109000013,3105,2297,808
109000014,1413,1772,-359
109000015,3035,6262,-3227
109000016,3932,2266,1666
109000017,2103,1048,1055
109000018,849,1800,-951
109000019,2391,1065,1326
109000020,896,1189,-293
109000023,205,34,171
109000024,11,147,-136
109000025,296,395,-99
109000026,433,230,203
109000027,71,213,-142
109000028,70,63,7
109000029,88,160,-72
109000030,61,349,-288
109000031,193,161,32
109000032,125,306,-181
109000033,282,124,158
109000034,32,28,4
109000035,13,37,-24
109000036,45,223,-178
109000037,205,1157,-952
109000038,277,208,69
109000039,757,576,181
109000040,2185,7631,-5446
109000041,1402,1262,140
109000042,414,848,-434
109000044,327,49,278
109000045,72,211,-139
109000046,302,62,240
109000047,47,294,-247
109000048,550,156,394
109000049,149,402,-253
109000050,266,189,77
109000051,184,126,58
109000052,440,439,1
109000053,178,35,143
109000054,83,244,-161
109000055,140,137,3
109000056,283,181,102
109000057,447,351,96
109000058,704,130,574
109000059,546,1128,-582
109000060,275,314,-39
109000061,555,709,-154
109000062,66,258,-192
109000063,192,105,87
109000064,224,92,132
109000065,131,103,28
109000066,287,41,246
109000067,47,143,-96
109000068,1724,10,1714
109000069,598,17,581
109000070,12,1760,-1748
109000071,302,71,231
109000072,71,223,-152
109000073,49,62,-13
109000074,22,120,-98
109000075,47,220,-173
109000076,111,186,-75
109000077,250,143,107
109000078,107,132,-25
109000079,110,76,34
109000080,208,91,117
109000081,140,262,-122
109000082,587,161,426
109000083,241,347,-106
109000088,95,304,-209
109000089,204,48,156
109000090,107,222,-115
109000091,235,151,84
109000092,275,260,15
109000093,217,167,50
109000094,508,2,506
109000095,86,232,-146
109000096,549,208,341
109000097,105,97,8
109000098,36,134,-98
109000099,866,294,572
109000100,308,648,-340
109000101,1233,428,805
109000102,371,601,-230
109000103,403,438,-35
109000104,1413,349,1064
109000105,364,675,-311
109000106,1484,575,909
109000107,572,1108,-536
109000108,1384,403,981
109000109,372,966,-594
109000110,1000,444,556
109000111,580,1075,-495
109000112,223,64,159
109000113,251,61,190
109000114,97,201,-104
109000115,755,114,641
109000116,10,172,-162
109000117,243,52,191
109000118,20,193,-173
109000119,992,156,836
109000120,179,462,-283
109000121,523,21,502
109000122,136,319,-183
109000123,36,33,3
109000124,530,214,316
109000125,681,194,487
109000126,352,391,-39
109000127,764,97,667
109000128,454,695,-241
109000129,1930,475,1455
109000130,386,763,-377
109000131,548,396,152
109000132,515,897,-382
109000133,250,595,-345
109000134,622,924,-302
109000135,706,1106,-400
109000136,231,192,39
109000137,249,264,-15
109000138,352,182,170
109000139,405,255,150
109000140,117,216,-99
109000141,358,206,152
109000142,122,295,-173
109000143,90,44,46
109000145,73,263,-190
109000146,72,49,23
109000148,1756,871,885
109000149,15,51,-36
109000150,81,175,-94
109000155,746,485,261
109000156,809,393,416
109000158,72,191,-119
109000159,65,246,-181
109000160,836,141,695
109000161,275,553,-278
109000162,1656,478,1178
109000163,933,1185,-252
109000164,1075,1646,-571
109000165,1097,344,753
109000166,590,93,497
109000167,78,281,-203
109000170,33,36,-3
109000171,44,34,10
109000172,29,39,-10
109000173,15,56,-41
109000174,81,40,41
109000175,37,54,-17
109000176,225,166,59
109000177,28,65,-37
109000178,577,185,392
109000179,2451,3582,-1131
109000180,2637,2078,559
109000181,7,10,-3
109000182,22,22,0
109000183,18,9,9
109000184,41,17,24
109000185,20,11,9
109000188,335,962,-627
109000189,1755,506,1249
109000190,452,390,62
109000191,360,264,96
109000192,381,97,284
109000193,169,156,13
109000194,215,37,178
109000195,136,212,-76
109000196,218,89,129
109000197,153,176,-23
109000198,329,50,279
109000199,100,278,-178
109000206,154,14,140
109000207,96,17,79
109000208,60,61,-1
109000209,83,85,-2
109000210,133,306,-173
109000211,462,300,162
109000214,357,214,143
109000215,111,52,59
109000216,245,207,38
109000217,140,96,44
109000218,190,137,53
109000221,416,694,-278
109000222,818,182,636
109000223,315,269,46
109000224,52,81,-29
109000225,64,26,38
109000226,50,112,-62
109000227,889,479,410
109000228,5,2075,-2070
109000231,3,184,-181
109000232,349,184,165
109000236,224,585,-361
109000241,1780,1348,432
109000242,1484,912,572
109000293,11,41,-30
109000361,135,121,14
109000364,108,309,-201
109000396,3,298,-295
109000397,476,7,469
109000399,93,253,-160
109000400,50,151,-101
109000403,89,715,-626
109000406,290,11,279
109000407,260,158,102
109000408,0,313,-313
109000410,683,161,522
109000411,179,22,157
109900001,82,1,81
109900002,685,8,677
109900003,256,0,256
109900004,574,52,522
109900005,24,1,23
109900006,264,55,209
109900007,696,211,485
109900008,0,17,-17
109900009,66,249,-183
109900010,399,17,382
109900011,55,40,15
109900012,176,130,46
109900013,276,127,149
109900014,281,38,243
109900015,262,152,110
109900016,100,11,89
109900017,115,167,-52
109900018,159,26,133
109900019,216,17,199
109900020,27,46,-19
109900021,31,24,7
109900022,126,96,30
109900023,10,4,6
109900024,34,2,32
109900025,16,28,-12
109900026,1,113,-112
109900027,23,41,-18
109900028,611,999,-388
109900029,0,105,-105
109900030,46,16,30
109900031,1,118,-117
109900032,11,165,-154
109900033,1,331,-330
109900034,24,6,18
109900035,7,20,-13
109900036,10,32,-22
109900037,29,260,-231
109900038,45,196,-151
109900039,7,0,7
109900040,26,253,-227
109900041,49,164,-115
109900042,28,300,-272
109900044,52,118,-66
109900045,239,157,82
109900046,68,48,20
109900047,176,227,-51
109900048,4,79,-75
109900049,16,26,-10
109900050,1,54,-53
109900051,1,24,-23
109900052,48,196,-148
109900053,1,142,-141
109900054,579,144,435
109900055,57,158,-101
109900056,26,161,-135
109900057,2,85,-83
109900058,2,48,-46
109900059,643,63,580
109900060,429,65,364
109900061,64,197,-133
109900062,0,69,-69
109900063,6,290,-284
109900064,438,116,322
109900065,32,92,-60
109900066,195,463,-268
109900067,0,108,-108
109900068,64,1,63
109900069,0,30,-30
109900070,27,184,-157
109900071,6,20,-14
109900072,13,117,-104
109900073,276,204,72
109900074,7,24,-17
109900075,20,17,3
109900076,20,167,-147
109900077,46,26,20
109900078,72,122,-50
109900080,97,174,-77
109900081,14,152,-138
109900082,39,201,-162
109900083,18,43,-25
109900084,63,81,-18
109900085,179,401,-222
109900086,88,255,-167
109900087,227,342,-115
109900089,553,212,341
109900090,351,690,-339
109900091,317,52,265
109900092,312,17,295
109900093,818,125,693
109900094,69,58,11
109900095,44,124,-80
109900096,18,5,13
109900097,106,1,105
109900098,393,22,371
109900099,185,0,185
109900100,28,0,28
109900101,522,9,513
109900102,385,17,368
109900103,12,15,-3
109900104,593,367,226
109900105,444,21,423
109900106,263,32,231
109900107,449,53,396
109900108,70,150,-80
109900109,23,104,-81
109900110,58,160,-102
109900111,187,474,-287
109900112,212,272,-60
109900113,642,397,245
109900114,484,372,112
109900115,112,40,72
109900117,912,100,812
109900118,94,244,-150
109900119,394,175,219
109900120,56,41,15
109900121,214,294,-80
109900122,396,4,392
109900123,18,104,-86
109900124,30,208,-178
109900125,1,113,-112
109900126,225,42,183
109900128,305,31,274
109900130,3289,1908,1381
109900131,30,116,-86
109900132,38,106,-68
109900133,61,168,-107
109900134,49,52,-3
109900135,210,53,157
109900136,22,103,-81
109900137,106,136,-30
109900140,135,67,68
109900142,1035,146,889
109900145,0,393,-393
109900146,272,39,233
109900148,43,54,-11
109900149,21,39,-18
109900150,9,55,-46
109900151,9,49,-40
109900152,1,19,-18
109900153,0,39,-39
109900154,29,0,29
109900155,77,14,63
109900157,45,135,-90
109900158,41,72,-31
109900159,101,48,53
109900160,136,39,97
109900161,155,45,110
109900162,159,88,71
109900163,423,140,283
109900164,39,218,-179
109900165,177,16,161
109900166,0,60,-60
109900167,126,261,-135
109900168,201,318,-117
109900169,168,121,47
109900170,136,775,-639
109900171,193,65,128
109900172,176,184,-8
109900173,1353,1833,-480
109900174,31,65,-34
109900175,38,55,-17
109900176,87,60,27
109900177,34,89,-55
109900178,18,114,-96
109900179,41,12,29
109900180,3,13,-10
110000001,695,351,344
110000002,456,521,-65
110000003,604,574,30
110000004,421,500,-79
110000005,293,1286,-993
110000006,192,253,-61
110000007,61,57,4
110000008,12,27,-15
110000009,37,9,28
110000010,20,35,-15
110000011,46,51,-5
110000012,316,244,72
110000013,23,368,-345
110000014,466,323,143
110000015,174,425,-251
110000016,188,1219,-1031
110000017,1720,156,1564
110000018,1508,198,1310
110000019,4,52,-48
110000020,251,128,123
110000021,242,294,-52
110000022,436,125,311
110000023,7,111,-104
110000024,425,277,148
110000025,340,7,333
110000026,6,138,-132
110000027,558,508,50
110000028,625,362,263
110000029,342,417,-75
110000030,218,268,-50
110000031,167,233,-66
110000032,514,218,296
110000033,220,56,164
110000034,321,419,-98
110000035,555,294,261
110000036,712,359,353
110000037,147,238,-91
110000038,150,429,-279
110000039,550,2491,-1941
110000040,239,206,33
110000041,217,1245,-1028
110000042,92,271,-179
110000043,580,251,329
110000044,60,337,-277
110000045,324,112,212
110000046,7,85,-78
110000047,55,19,36
110000048,6,20,-14
110000049,29,9,20
110000050,16,18,-2
110000051,35,16,19
110000052,44,36,8
110000053,57,6,51
110000054,123,360,-237
110000055,267,57,210
110000056,106,105,1
110000057,251,335,-84
110000058,854,285,569
110000059,753,350,403
110000060,750,675,75
110000061,605,553,52
110000062,563,678,-115
110000063,39,81,-42
110000064,76,33,43
110000065,63,51,12
110000066,60,17,43
110000067,70,90,-20
110000068,258,78,180
110000069,225,33,192
110000071,184,72,112
110000073,9,8,1
110000075,12,47,-35
110000076,222,230,-8
110000077,269,526,-257
110000078,55,24,31
110000080,224,430,-206
110000081,41,164,-123
110000082,31,229,-198
110000083,125,434,-309
110000084,961,723,238
110000085,1073,1219,-146
110000086,873,1716,-843
110000087,8,40,-32
110000088,55,132,-77
110000089,177,49,128
110000090,56,126,-70
110000091,564,185,379
110000092,21,14,7
110000093,45,9,36
110000094,429,134,295
110000095,145,384,-239
110000096,1140,1425,-285
110000097,920,1123,-203
110000098,1690,469,1221
110000099,557,1220,-663
110000100,862,260,602
110000101,23,161,-138
110000102,76,25,51
110000104,297,158,139
110000105,51,188,-137
110000106,444,395,49
110000107,196,186,10
110000108,121,102,19
110000109,207,137,70
110000110,1575,3063,-1488
110000111,3106,2172,934
110000112,644,903,-259
110000113,176,1557,-1381
110000114,136,414,-278
110000115,251,147,104
110000116,45,39,6
110000117,191,162,29
110000118,410,74,336
110000119,231,136,95
110000120,231,94,137
110000121,38,232,-194
110000122,306,360,-54
110000123,467,431,36
110000124,3,636,-633
110000125,815,6,809
110000126,199,24,175
110000127,807,42,765
110000128,32,686,-654
110000129,8,333,-325
110000130,265,154,111
110000131,59,218,-159
110000132,1,452,-451
110000133,26,304,-278
110000134,12,241,-229
110000135,143,12,131
110000136,41,182,-141
110000137,441,370,71
110000138,614,401,213
110000139,792,527,265
110000140,837,549,288
110000143,382,274,108
110000144,3460,1216,2244
110000145,1352,653,699
110000146,1096,444,652
110000147,339,422,-83
110000148,462,138,324
110000151,495,589,-94
110000152,541,293,248
110000153,81,16,65
110000154,7,12,-5
110000155,824,2826,-2002
110000156,850,1879,-1029
110000157,1055,1331,-276
110000160,247,180,67
110000161,129,152,-23
110000166,447,66,381
110000167,830,411,419
110000168,802,386,416
110000169,780,321,459
110000170,83,29,54
110000171,494,100,394
110000172,140,459,-319
110000173,715,601,114
110000174,84,461,-377
110000175,552,31,521
110000176,39,270,-231
110000177,191,675,-484
110000178,332,1003,-671
110000179,655,219,436
110000180,164,163,1
110000181,379,265,114
110000182,201,90,111
110000183,4528,4862,-334
110000184,204,1684,-1480
110000185,415,504,-89
110000186,582,508,74
110000191,1023,151,872
110000192,429,15,414
110000193,944,9,935
110000194,8,477,-469
110000195,378,143,235
110000196,384,142,242
110000197,65,82,-17
110000198,106,33,73
110000199,63,120,-57
110000200,660,232,428
110000201,626,873,-247
110000202,927,417,510
110000203,434,406,28
110000204,2,110,-108
110000205,129,28,101
110000206,399,598,-199
110000207,989,282,707
110000208,132,134,-2
110000209,97,445,-348
110000210,1089,334,755
110000211,737,417,320
110000212,309,727,-418
110000213,219,27,192
110000214,267,54,213
110000215,129,143,-14
110000216,75,196,-121
110000217,267,71,196
110000218,119,196,-77
110000219,317,52,265
110000220,75,141,-66
110000221,307,52,255
110000222,47,115,-68
110000223,4,109,-105
110000224,20,3,17
110000225,199,478,-279
110000226,275,47,228
110000227,440,550,-110
110000228,182,81,101
110000229,1,127,-126
110000230,381,388,-7
110000231,143,143,0
110000232,155,165,-10
110000233,153,133,20
110000234,410,377,33
110000235,537,674,-137
110000236,431,402,29
110000237,1640,943,697
110000238,949,1019,-70
110000239,1499,732,767
110000240,0,30,-30
110000242,0,5,-5
110000243,113,76,37
110000244,84,270,-186
110000245,41,241,-200
110000246,526,290,236
110000247,722,2755,-2033
110000248,1289,1033,256
110000249,53,6,47
110000250,12,127,-115
110000251,294,308,-14
110000252,175,105,70
110000253,1024,424,600
110000254,455,621,-166
110000255,114,502,-388
110000256,325,188,137
110000257,433,295,138
110000258,1,172,-171
110000259,96,11,85
110000260,28,79,-51
110000263,321,65,256
110000264,218,219,-1
110000265,787,1264,-477
110000266,1132,1870,-738
110000267,16,102,-86
110000268,191,269,-78
110000269,0,43,-43
110000270,68,2,66
110000271,794,159,635
110000272,784,612,172
110000273,1933,1107,826
110000274,108,1134,-1026
110000275,1049,376,673
110000276,147,266,-119
110000277,276,203,73
110000278,214,512,-298
110000279,671,593,78
110000280,476,290,186
110000281,38,231,-193
110000282,197,16,181
110000283,33,69,-36
110000284,38,30,8
110000285,3,413,-410
110000286,10,0,10
110000287,50,3,47
110000288,2,53,-51
110000289,361,1524,-1163
110000290,514,407,107
110000291,2943,858,2085
110000292,940,3385,-2445
110000293,447,463,-16
110000294,837,732,105
110000295,88,429,-341
110000296,306,247,59
110000297,1639,235,1404
110000298,131,288,-157
110000299,138,57,81
110000301,178,24,154
110000302,269,425,-156
110000303,223,3,220
110000304,179,122,57
110000305,983,10,973
110000306,130,640,-510
110000307,1496,7,1489
110000308,458,15,443
110000309,4,516,-512
110000310,547,44,503
110000311,10,428,-418
110000312,300,73,227
110000313,1715,2055,-340
110000314,3,161,-158
110000315,1984,1988,-4
110000316,357,950,-593
110000317,183,285,-102
110000318,4,29,-25
110000319,11,20,-9
110000320,31,23,8
110000321,15,22,-7
110000322,176,171,5
110000323,333,65,268
110000324,2056,1216,840
110000325,1690,2338,-648
110000327,278,164,114
110000328,173,233,-60
110000333,560,448,112
110000334,503,764,-261
110000335,585,234,351
110000336,505,731,-226
110000337,1207,328,879
110000338,410,180,230
110000339,248,121,127
110000340,19,135,-116
110000341,290,342,-52
110000342,192,1,191
110000343,0,17,-17
110000344,36,80,-44
110000345,91,87,4
110000346,1441,1433,8
110000347,861,430,431
110000348,16,8,8
110000349,14,12,2
110000350,52,3,49
110000351,802,566,236
110000352,472,1010,-538
110000353,1725,565,1160
110000354,745,2157,-1412
110000355,85,38,47
110000356,398,4,394
110000357,310,11,299
110000361,19,23,-4
110000362,59,3,56
110000363,364,76,288
110000364,192,143,49
110000365,100,2,98
110000366,0,56,-56
110000367,287,110,177
110000368,2,49,-47
110000369,56,0,56
110000373,1,174,-173
110000374,56,4,52
110000375,62,596,-534
110000376,18,89,-71
110000377,71,358,-287
110000378,12,282,-270
110000379,1510,1364,146
110000380,61,8,53
110000383,2,822,-820
110000384,983,557,426
110000385,1,145,-144
110000387,80,33,47
110000388,49,103,-54
110000389,632,3,629
110000391,538,161,377
110000396,147,82,65
110000397,128,77,51
110000398,5,22,-17
110000399,92,1,91
110000587,131,16,115
110000589,197,94,103
110000640,173,21,152
110000652,10,184,-174
110000653,299,219,80
110000654,83,612,-529
110000656,1,297,-296
110000674,39,15,24
110000675,8,9,-1
110000676,1,28,-27
110000679,201,880,-679
110000682,79,146,-67
110000683,162,258,-96
110000684,0,15,-15
110000685,4,7,-3
110000686,1,22,-21
110000687,7,3,4
110000688,42,781,-739
110000689,29,24,5
110000692,43,76,-33
110000693,28,160,-132
110000694,0,87,-87
110000695,91,272,-181
110000696,48,69,-21
110900001,183,20,163
110900002,389,108,281
110900003,679,269,410
110900004,317,77,240
110900005,1277,1841,-564
110900006,33,8,25
110900007,83,23,60
110900008,20,49,-29
110900009,367,105,262
110900010,11,27,-16
110900011,19,44,-25
110900012,7,43,-36
110900013,749,59,690
110900014,140,6,134
110900015,292,609,-317
110900016,42,57,-15
110900017,379,19,360
110900018,386,37,349
110900019,132,11,121
110900020,73,109,-36
110900021,82,254,-172
110900022,65,149,-84
110900023,66,300,-234
110900024,18,164,-146
110900025,3,17,-14
110900027,20,150,-130
110900028,13,79,-66
110900029,20,150,-130
110900030,34,128,-94
110900031,0,99,-99
110900032,0,61,-61
110900033,17,80,-63
110900035,23,427,-404
110900036,66,3,63
110900037,55,6,49
110900038,441,149,292
110900039,11,195,-184
110900040,165,21,144
110900041,12,57,-45
110900042,135,47,88
110900043,11,40,-29
110900044,137,11,126
110900045,40,190,-150
110900046,21,94,-73
110900047,273,190,83
110900049,61,41,20
110900050,14,4,10
110900051,26,87,-61
110900052,1,79,-78
110900053,81,7,74
110900054,31,89,-58
110900055,19,3,16
110900056,24,59,-35
110900057,5,47,-42
110900058,183,64,119
110900059,435,270,165
110900060,352,72,280
110900061,17,38,-21
110900062,143,98,45
110900063,39,83,-44
110900064,5,0,5
110900065,186,84,102
110900066,7,34,-27
110900067,126,530,-404
110900068,135,145,-10
110900069,6,16,-10
110900070,102,46,56
110900071,181,455,-274
110900073,2,14,-12
110900074,338,57,281
110900075,238,68,170
110900077,685,387,298
110900078,5,7,-2
110900079,1130,968,162
110900080,103,53,50
110900081,2,17,-15
110900082,83,65,18
110900083,80,53,27
110900084,23,25,-2
110900085,30,156,-126
110900086,45,235,-190
110900087,258,36,222
110900088,6,0,6
110900090,32,49,-17
110900091,1,36,-35
110900093,199,77,122
110900095,35,36,-1
110900097,20,11,9
110900098,19,53,-34
110900099,21,245,-224
110900100,0,13,-13
110900102,32,7,25
110900105,356,172,184
110900108,3,36,-33
110900111,265,86,179
110900112,705,4,701
110900113,349,34,315
110900115,8,32,-24
110900116,638,838,-200
110900118,70,2220,-2150
110900119,1512,162,1350
110900120,18,77,-59
110900121,95,4,91
110900122,395,135,260
110900125,262,297,-35
110900127,283,868,-585
110900128,197,319,-122
110900129,220,572,-352
110900130,551,444,107
110900131,141,26,115
110900132,277,27,250
110900133,61,119,-58
110900135,32,160,-128
110900136,209,9,200
110900138,0,0,0
110900139,2,0,2
110900140,0,0,0
110900141,278,184,94
110900142,51,79,-28
110900143,132,56,76
110900144,3,357,-354
110900145,114,53,61
110900146,197,151,46
110900147,68,262,-194
110900148,3,176,-173
110900149,6,36,-30
110900150,18,9,9
110900151,1,32,-31
110900152,33,126,-93
110900153,126,39,87
111000001,516,473,43
111000002,653,455,198
111000003,1207,593,614
111000004,383,650,-267
111000005,893,887,6
111000006,841,1224,-383
111000007,2997,2531,466
111000008,1365,2135,-770
111000009,339,594,-255
111000010,695,194,501
111000011,287,794,-507
111000012,481,291,190
111000013,370,665,-295
111000014,1014,336,678
111000017,65,683,-618
111000018,191,245,-54
111000020,598,1570,-972
111000021,57,64,-7
111000023,77,79,-2
111000025,3157,2584,573
111000029,51,83,-32
111000030,23,76,-53
111000031,1533,780,753
111000032,415,221,194
111000033,252,241,11
111000034,81,190,-109
111000037,896,475,421
111000038,2006,1339,667
111000039,1180,1191,-11
111000040,1383,1359,24
111000041,1061,960,101
111000042,1736,1558,178
111000043,1460,2705,-1245
111000044,1552,828,724
111000045,2015,1491,524
111000046,1361,1081,280
111000047,1728,2756,-1028
111000049,298,274,24
111000050,944,793,151
111000051,389,560,-171
111000052,402,1057,-655
111000053,244,481,-237
111000054,276,483,-207
111000055,1078,1253,-175
111000056,162,326,-164
111000057,118,337,-219
111000058,380,54,326
111000059,346,221,125
111000060,3143,785,2358
111000061,486,258,228
111000062,747,287,460
111000063,1201,639,562
111000064,554,384,170
111000065,936,654,282
111000066,431,275,156
111000067,452,494,-42
111000068,499,684,-185
111000069,1170,1352,-182
111000070,861,597,264
111000071,218,337,-119
111000072,1077,481,596
111000073,248,697,-449
111000074,1214,1138,76
111000075,789,416,373
111000076,493,350,143
111000077,1320,1272,48
111000078,2089,1035,1054
111000079,1041,512,529
111000080,431,455,-24
111000081,1210,3116,-1906
111000082,656,431,225
111000084,697,392,305
111000085,682,756,-74
111000086,1490,683,807
111000087,512,374,138
111000088,2790,1766,1024
111000089,631,546,85
111000090,715,973,-258
111000091,645,302,343
111000092,1203,516,687
111000093,512,736,-224
111000094,1380,776,604
111000095,510,1728,-1218
111000096,1020,5856,-4836
111000097,3196,1235,1961
111000098,661,782,-121
111000099,497,1065,-568
111000100,344,889,-545
111000101,313,496,-183
111000102,189,255,-66
111000104,534,122,412
111000107,43,333,-290
111000109,407,169,238
111000110,1069,408,661
111000111,2059,351,1708
111000112,1572,493,1079
111000113,754,1171,-417
111000114,1709,2782,-1073
111000115,3400,856,2544
111000116,744,550,194
111000117,335,584,-249
111000118,936,477,459
111000119,969,610,359
111000120,484,415,69
111000121,284,544,-260
111000122,419,594,-175
111000123,824,1390,-566
111000124,363,1317,-954
111000125,244,779,-535
111000126,133,496,-363
111000127,801,138,663
111000128,1747,219,1528
111000129,2138,322,1816
111000130,1873,426,1447
111000131,1531,369,1162
111000132,1408,683,725
111000133,128,109,19
111000134,125,52,73
111000135,40,69,-29
111000136,368,196,172
111000138,14,6,8
111000140,1,6,-5
111000141,162,354,-192
111000142,19,271,-252
111000143,12,304,-292
111000144,46,1555,-1509
111000145,608,21,587
111000146,80,12,68
111000147,209,26,183
111000148,127,68,59
111000149,4,32,-28
111000150,30,8,22
111000151,2,17,-15
111000153,416,498,-82
111000154,519,167,352
111000155,65,127,-62
111000156,433,435,-2
111000157,191,712,-521
111000158,625,504,121
111000159,2070,659,1411
111000160,426,338,88
111000161,12,243,-231
111000162,76,96,-20
111000163,591,539,52
111000164,464,1880,-1416
111000165,643,297,346
111000166,1105,243,862
111000167,152,249,-97
111000168,153,337,-184
111000169,240,444,-204
111000170,321,263,58
111000171,400,342,58
111000172,119,240,-121
111000173,319,471,-152
111000174,188,137,51
111000175,34,184,-150
111000176,249,97,152
111000177,283,148,135
111000178,995,169,826
111000179,194,65,129
111000180,165,316,-151
111000181,967,149,818
111000182,218,125,93
111000183,174,202,-28
111000184,291,143,148
111000185,225,238,-13
111000186,151,198,-47
111000187,133,111,22
111000188,230,223,7
111000189,601,401,200
111000190,156,165,-9
111000191,137,184,-47
111000192,177,312,-135
111000193,182,169,13
111000194,34,191,-157
111000195,128,178,-50
111000196,48,141,-93
111000197,334,90,244
111000198,457,47,410
111000199,187,81,106
111000200,388,202,186
111000201,557,152,405
111000202,258,131,127
111000203,316,193,123
111000204,381,918,-537
111000213,163,315,-152
111000214,982,838,144
111000215,843,778,65
111000217,1245,638,607
111000218,979,702,277
111000219,239,129,110
111000220,824,413,411
111000221,350,53,297
111000224,40,170,-130
111000225,407,294,113
111000226,63,2,61
111000227,23,4,19
111000228,13,320,-307
111000229,20,679,-659
111000230,213,208,5
111000231,840,395,445
111000232,451,507,-56
111000233,928,473,455
111000234,112,303,-191
111000239,69,86,-17
111000240,64,152,-88
111000241,19,167,-148
111000242,160,51,109
111000243,144,263,-119
111000244,414,61,353
111000245,748,228,520
111000246,443,148,295
111000247,307,419,-112
111000248,625,215,410
111000249,349,373,-24
111000250,49,44,5
111000251,23,56,-33
111000253,25,5,20
111000255,76,6,70
111000257,49,9,40
111000260,77,847,-770
111000261,1082,44,1038
111000271,65,182,-117
111000273,1897,706,1191
111000274,1130,1699,-569
111000275,133,37,96
111000276,265,777,-512
111000277,120,195,-75
111000278,518,178,340
111000291,538,4934,-4396
111000298,365,95,270
111000299,530,90,440
111000300,88,364,-276
111000302,238,39,199
111000303,67,128,-61
111000312,33,35,-2
111000315,5,81,-76
111000320,213,346,-133
111000321,306,89,217
111000322,272,262,10
111000323,211,24,187
111000324,233,136,97
111000325,23,44,-21
111000326,145,217,-72
111000327,252,221,31
111000328,222,356,-134
111000329,1,22,-21
111000330,58,6,52
111000331,28,4,24
111000332,393,903,-510
111000334,251,651,-400
111000335,699,173,526
111000337,1104,278,826
111000338,38,57,-19
111000339,572,122,450
111000340,73,280,-207
111000341,1069,414,655
111000342,173,1064,-891
111000344,834,438,396
111000345,165,122,43
111000346,28,183,-155
111000347,117,8,109
111000350,165,82,83
111000351,94,227,-133
111000352,140,44,96
111000353,86,129,-43
111000354,277,58,219
111000355,227,350,-123
111000358,141,545,-404
111000360,148,253,-105
111000361,141,112,29
111000546,498,370,128
111000547,334,226,108
111000548,90,180,-90
111000549,266,104,162
111000550,68,640,-572
111000551,507,108,399
111000552,878,219,659
111000907,420,4,416
111000908,42,1,41
111000916,1413,191,1222
111000917,22,293,-271
111000918,191,343,-152
111000920,420,7,413
111000921,6,117,-111
111000922,331,152,179
111000924,34,365,-331
111000925,2325,1297,1028
111000926,789,1010,-221
111000927,2367,3119,-752
111000928,3329,2021,1308
111000929,1181,837,344
111000930,553,1488,-935
111000931,1654,1969,-315
111000932,2942,1412,1530
111000933,2669,1741,928
111000934,1338,2206,-868
111000935,1308,621,687
111000936,856,1332,-476
111000937,1037,974,63
111000938,1132,962,170
111000939,469,49,420
111000940,358,67,291
111000941,245,185,60
111000943,450,147,303
111000944,140,169,-29
111000945,73,786,-713
111001109,433,343,90
111001110,157,303,-146
111001111,51,6,45
111001112,94,24,70
111001113,4,159,-155
111001114,417,172,245
111001115,42,386,-344
111001116,2501,2848,-347
111001117,368,1903,-1535
111001120,94,126,-32
111001121,157,123,34
111001122,172,237,-65
111001123,278,69,209
111001124,96,67,29
111001125,6,126,-120
111001126,17,40,-23
111900001,4,50,-46
111900002,8,290,-282
111900003,2,152,-150
111900004,25,52,-27
111900006,18,26,-8
111900007,112,4,108
111900008,131,1,130
111900009,99,36,63
111900010,238,268,-30
111900012,34,27,7
111900013,5,17,-12
111900014,2589,3365,-776
111900015,0,31,-31
111900016,0,54,-54
111900017,0,46,-46
111900018,175,2,173
111900019,1,37,-36
111900020,2,19,-17
111900021,27,49,-22
111900022,6,46,-40
111900023,42,50,-8
111900024,19,32,-13
111900025,0,34,-34
111900026,2,71,-69
111900027,1,66,-65
111900028,5,196,-191
111900029,1,42,-41
111900030,25,195,-170
111900031,5,22,-17
111900032,0,170,-170
111900033,7,64,-57
111900034,200,256,-56
111900035,31,101,-70
111900036,0,163,-163
111900038,192,374,-182
111900039,33,211,-178
111900040,2,254,-252
111900042,19,92,-73
111900043,2,135,-133
111900044,177,108,69
111900046,20,76,-56
111900048,140,296,-156
111900049,26,105,-79
111900050,64,21,43
111900051,0,91,-91
111900052,278,283,-5
111900053,458,1005,-547
111900054,117,5,112
111900055,11,182,-171
111900056,71,185,-114
111900057,70,31,39
111900058,413,281,132
111900059,874,496,378
111900060,275,6,269
111900061,2,68,-66
111900062,21,33,-12
111900063,309,211,98
111900064,83,99,-16
111900065,50,18,32
111900066,129,104,25
111900067,2,191,-189
111900068,58,57,1
111900069,48,7,41
111900070,163,75,88
111900071,0,105,-105
111900072,37,35,2
111900073,1022,155,867
111900074,11,88,-77
111900075,61,9,52
111900076,155,51,104
111900077,31,2,29
111900078,250,22,228
111900079,42,25,17
111900080,191,195,-4
111900082,98,30,68
111900083,154,7,147
111900084,101,6,95
111900085,36,83,-47
111900086,26,9,17
111900087,54,0,54
111900088,470,11,459
111900089,96,1,95
111900090,62,24,38
111900091,170,0,170
111900092,89,1,88
111900093,353,5,348
111900094,97,0,97
111900095,154,25,129
111900096,89,0,89
111900097,57,0,57
111900098,189,3,186
111900099,88,0,88
111900100,91,1,90
111900101,77,12,65
111900102,413,213,200
111900103,42,48,-6
111900104,75,29,46
111900105,206,143,63
111900106,379,33,346
111900110,885,273,612
111900111,131,71,60
111900112,246,2310,-2064
111900113,159,66,93
111900118,271,65,206
111900119,221,118,103
111900122,64,47,17
111900123,24,18,6
111900124,13,21,-8
111900125,419,32,387
111900126,175,3,172
111900127,1,378,-377
111900128,2,256,-254
111900129,221,19,202
111900130,153,46,107
111900131,394,2,392
111900132,12,522,-510
111900133,12,147,-135
111900134,7,124,-117
111900135,9,20,-11
111900136,50,130,-80
111900137,31,30,1
111900138,10,28,-18
111900139,14,60,-46
111900140,93,18,75
111900141,46,4,42
111900142,70,40,30
111900143,27,80,-53
111900144,0,36,-36
111900145,2,179,-177
111900146,1,111,-110
111900147,68,190,-122
111900148,6,285,-279
111900149,9,144,-135
111900150,5,63,-58
111900151,9,17,-8
111900152,57,56,1
111900153,719,549,170
111900154,9,258,-249
111900155,50,47,3
111900156,70,49,21
111900157,90,9,81
111900158,470,47,423
111900159,267,22,245
111900160,234,2,232
111900161,226,3,223
111900162,67,128,-61
111900163,27,156,-129
111900164,56,46,10
111901113,385,146,239
111901114,127,137,-10
111901115,37,1,36
111901116,28,0,28
111901117,22,19,3
111901118,21,155,-134
111901119,360,31,329
111901121,105,89,16
111901122,2,268,-266
111901123,184,168,16
111901124,199,1,198
111901125,416,157,259
111901127,285,517,-232
111901128,2,43,-41
111901129,4,60,-56
111901130,6,86,-80
111901131,1,120,-119
111901132,52,10,42
111901133,54,1,53
111901134,40,2,38
111901135,30,13,17
111901136,14,32,-18
111901137,1,15,-14
111901138,179,20,159
111901139,10,20,-10
111901140,4,42,-38
111901141,14,81,-67
111901142,2,50,-48
111901143,5,55,-50
111901144,37,31,6
111901145,99,200,-101
111901146,239,18,221
111901147,148,111,37
111901148,11,27,-16
111901149,6,2,4
112000001,1445,556,889
112000002,575,1284,-709
112000003,1247,798,449
112000004,576,476,100
112000005,3019,2754,265
112000006,1502,956,546
112000007,2924,1788,1136
112000008,1863,3247,-1384
112000009,2157,1851,306
112000010,2318,2824,-506
112000011,1111,1036,75
112000012,2776,4074,-1298
112000013,2418,2265,153
112000014,1570,1907,-337
112000015,2033,2745,-712
112000016,2302,1133,1169
112000017,962,2318,-1356
112000024,1511,576,935
112000026,1783,2231,-448
112000027,614,533,81
112000028,658,913,-255
112000029,429,561,-132
112000030,114,54,60
112000031,880,3814,-2934
112000032,153,34,119
112000033,1156,1744,-588
112000034,156,52,104
112000035,45,288,-243
112000036,431,683,-252
112000037,576,623,-47
112000038,898,836,62
112000039,79,46,33
112000040,51,141,-90
112000041,312,301,11
112000042,704,297,407
112000050,1061,991,70
112000051,916,1059,-143
112000054,922,991,-69
112000057,324,231,93
112000058,188,391,-203
112000059,356,531,-175
112000061,1922,1346,576
112000062,1138,732,406
112000063,690,1615,-925
112000064,2279,3247,-968
112000065,1136,1450,-314
112000066,2852,1324,1528
112000067,546,549,-3
112000068,2728,2394,334
112000069,470,1131,-661
112000070,1652,781,871
112000071,648,1564,-916
112000072,2060,637,1423
112000073,928,1417,-489
112000074,977,789,188
112000075,1178,908,270
112000076,2414,1502,912
112000077,597,309,288
112000078,1451,422,1029
112000079,1157,859,298
112000080,617,428,189
112000081,1039,1413,-374
112000082,1109,555,554
112000083,560,713,-153
112000084,1141,524,617
112000085,1029,586,443
112000086,1509,760,749
112000087,527,250,277
112000088,738,266,472
112000089,206,172,34
112000090,191,148,43
112000091,487,567,-80
112000092,1729,794,935
112000093,1346,621,725
112000094,589,588,1
112000095,565,534,31
112000096,512,439,73
112000097,1175,511,664
112000098,640,482,158
112000099,590,1194,-604
112000100,1499,519,980
112000101,391,453,-62
112000102,1185,357,828
112000103,308,492,-184
112000105,452,767,-315
112000106,1524,293,1231
112000107,87,89,-2
112000108,346,881,-535
112000109,159,50,109
112000110,1609,500,1109
112000111,583,1883,-1300
112000112,2115,488,1627
112000113,564,881,-317
112000114,1657,656,1001
112000115,343,260,83
112000116,373,462,-89
112000117,783,599,184
112000118,715,498,217
112000119,316,461,-145
112000120,63,226,-163
112000121,105,229,-124
112000122,240,143,97
112000123,651,160,491
112000124,399,67,332
112000125,216,206,10
112000126,254,215,39
112000127,1407,1772,-365
112000128,709,427,282
112000129,121,54,67
112000130,177,56,121
112000131,47,198,-151
112000132,114,162,-48
112000133,361,124,237
112000134,309,225,84
112000135,902,420,482
112000136,756,684,72
112000137,1062,1046,16
112000138,735,704,31
112000139,573,579,-6
112000140,523,806,-283
112000141,688,328,360
112000142,114,316,-202
112000143,1047,167,880
112000144,246,544,-298
112000145,2312,441,1871
112000146,437,1032,-595
112000147,2292,1310,982
112000148,1119,1240,-121
112000149,351,325,26
112000150,217,301,-84
112000151,282,131,151
112000152,304,252,52
112000153,129,93,36
112000154,119,137,-18
112000155,95,73,22
112000157,406,380,26
112000158,272,208,64
112000159,499,231,268
112000167,324,77,247
112000169,161,338,-177
112000173,745,125,620
112000175,288,213,75
112000176,1429,1381,48
112000177,620,149,471
112000178,79,172,-93
112000179,218,72,146
112000180,207,213,-6
112000181,887,964,-77
112000182,1029,718,311
112000183,24,25,-1
112000184,342,191,151
112000185,503,282,221
112000187,3309,1838,1471
112000195,102,23,79
112000196,222,3,219
112000197,192,173,19
112000198,49,194,-145
112000199,613,570,43
112000202,413,16,397
112000216,43,151,-108
112000230,100,6,94
112000231,9,160,-151
112000256,52,150,-98
112000313,45,78,-33
112000314,61,23,38
112000337,158,420,-262
112000352,170,277,-107
112000392,960,1064,-104
112000398,1342,615,727
112000399,1014,1555,-541
112000400,1143,1391,-248
112000401,2028,1118,910
112000402,2644,2607,37
112000403,1114,2220,-1106
112000404,868,659,209
112000405,1658,2278,-620
112000406,2066,1205,861
112000407,6435,6191,244
112000408,5462,3267,2195
112000409,1141,2320,-1179
112000410,331,268,63
112000411,2165,1231,934
112000412,981,386,595
112000413,4525,4908,-383
112000414,73,47,26
112000415,105,27,78
112000416,2220,896,1324
112000417,234,61,173
112000421,53,52,1
112000422,222,150,72
112000424,1234,1909,-675
112000425,318,475,-157
112000426,148,196,-48
112000427,0,14,-14
112000428,188,222,-34
112000429,1403,1283,120
112000430,1750,1945,-195
112000431,104,107,-3
112000432,443,630,-187
112000433,213,478,-265
112000437,47,89,-42
112900001,61,2,59
112900002,400,507,-107
112900003,82,245,-163
112900004,36,163,-127
112900005,160,156,4
112900006,7,207,-200
112900007,38,110,-72
112900008,0,58,-58
112900009,275,117,158
112900010,388,466,-78
112900011,90,117,-27
112900012,0,31,-31
112900013,4,75,-71
112900014,4,129,-125
112900015,261,399,-138
112900016,3,152,-149
112900017,23,103,-80
112900018,3,120,-117
112900019,18,75,-57
112900020,274,681,-407
112900021,5,128,-123
112900022,6,43,-37
112900023,1,67,-66
112900024,21,138,-117
112900025,38,192,-154
112900026,5,106,-101
112900027,5,578,-573
112900028,15,77,-62
112900029,5,333,-328
112900030,83,92,-9
112900031,5,258,-253
112900032,113,175,-62
112900034,1,18,-17
112900035,7,206,-199
112900036,11,78,-67
112900037,95,151,-56
112900038,446,87,359
112900039,15,196,-181
112900040,3,226,-223
112900041,386,660,-274
112900042,73,173,-100
112900043,25,19,6
112900044,343,285,58
112900045,186,200,-14
112900046,92,41,51
112900047,8,10,-2
112900049,208,49,159
112900050,32,305,-273
112900051,144,315,-171
112900052,1,415,-414
112900053,131,61,70
112900054,122,40,82
112900055,92,28,64
112900056,271,140,131
112900057,27,263,-236
112900058,223,290,-67
112900059,87,72,15
112900060,16,97,-81
112900061,51,51,0
112900062,80,83,-3
112900063,90,5,85
112900064,116,191,-75
112900065,20,12,8
112900066,153,180,-27
112900067,236,112,124
112900068,18,47,-29
112900069,967,683,284
112900071,64,9,55
112900072,80,1519,-1439
112900073,263,118,145
112900074,60,212,-152
112900075,661,754,-93
112900076,52,18,34
112900078,266,317,-51
112900079,223,19,204
112900080,77,3,74
112900081,30,162,-132
112900082,566,25,541
112900083,90,98,-8
112900084,240,110,130
112900086,93,1,92
112900087,574,101,473
112900088,108,9,99
112900089,792,35,757
112900090,56,39,17
112900091,220,2,218
112900092,70,273,-203
112900093,934,17,917
112900095,45,0,45
112900096,395,110,285
112900097,68,139,-71
112900098,46,0,46
112900099,772,14,758
112900100,46,1,45
112900101,322,1,321
112900102,72,12,60
112900103,196,6,190
112900104,124,3,121
112900105,23,0,23
112900106,310,106,204
112900107,2,1,1
112900108,10,1,9
112900109,96,0,96
112900110,1165,11,1154
112900111,613,4,609
112900112,310,3,307
112900113,0,10,-10
112900114,154,12,142
112900115,1236,2,1234
112900116,137,41,96
112900117,62,50,12
112900118,10,69,-59
112900119,130,2,128
112900120,513,195,318
112900121,44,117,-73
112900122,4,74,-70
112900123,58,20,38
112900124,6,37,-31
112900125,37,240,-203
112900126,133,114,19
112900127,320,77,243
112900128,136,458,-322
112900129,0,413,-413
112900130,182,71,111
112900131,30,157,-127
112900132,57,210,-153
112900133,24,680,-656
112900134,0,138,-138
112900135,61,29,32
112900137,0,319,-319
112900138,3,135,-132
112900139,127,724,-597
112900141,607,37,570
112900142,31,97,-66
112900143,21,278,-257
112900144,1,131,-130
112900145,18,296,-278
112900146,3,473,-470
112900147,1,776,-775
112900148,58,4,54
112900149,177,309,-132
112900151,16,44,-28
112900152,2266,478,1788
112900153,1131,1700,-569
112900154,0,92,-92
112900155,189,11,178
112900156,295,627,-332
112900157,386,48,338
112900158,67,10,57
112900159,153,112,41
112900160,40,184,-144
112900161,88,43,45
112900162,20,15,5
112900163,57,38,19
112900164,27,119,-92
112900165,72,20,52
112900166,19,52,-33
112900167,7,45,-38
112900168,2,2,0
112900169,0,8,-8
112900170,48,43,5
112900172,27,17,10
112900173,155,50,105
112900174,191,49,142
112900175,111,107,4
112900176,8,24,-16
112900177,186,54,132
112900178,520,1761,-1241
112900179,23,277,-254
112900180,1427,999,428
112900181,504,5,499
112900182,31,482,-451
112900183,99,171,-72
112900184,295,264,31
112900185,119,469,-350
112900186,753,734,19
112900187,70,396,-326
112900188,504,640,-136
112900189,7,5,2
112900190,3,20,-17
112900192,494,506,-12
112900193,919,293,626
112900194,58,46,12
112900195,659,35,624
112900196,191,189,2
112900197,171,264,-93
112900199,582,336,246
112900200,418,147,271
112900201,114,58,56
112900202,316,395,-79
112900203,204,141,63
112900204,673,409,264
112900205,29,14,15
112900206,33,109,-76
112900207,14,0,14
112900208,63,228,-165
112900209,344,247,97
112900210,0,17,-17
112900211,47,11,36
112900212,0,76,-76
112900213,57,19,38
112900214,12,3,9
112900215,7,108,-101
112900216,25,37,-12
112900217,0,54,-54
112900218,59,20,39
112900219,84,15,69
112900220,2,0,2
112900221,69,72,-3
112900222,0,31,-31
112900223,846,16,830
112900224,313,263,50
112900225,334,205,129
112900226,107,183,-76
112900227,584,619,-35
112900228,40,29,11
112900229,206,31,175
112900230,3948,2424,1524
112900232,218,211,7
112900233,38,112,-74
112900234,12,60,-48
112900235,70,38,32
112900236,247,9,238
112900237,225,149,76
112900238,6,14,-8
112900239,458,381,77
112900240,2,24,-22
112900241,8,35,-27
112900242,10,42,-32
112900243,5,45,-40
112900244,5,22,-17
112900245,1,19,-18
112900246,0,6,-6
112900247,34,13,21
112900248,7,0,7
112900249,23,9,14
112900250,30,9,21
112900251,45,6,39
112900252,43,4,39
112900253,20,1,19
112900254,8,2,6
112900255,1,20,-19
112900256,7,27,-20
112900257,9,22,-13
112900258,1,1,0
113000001,4149,2949,1200
113000002,2903,2372,531
113000003,1251,1002,249
113000004,1155,1564,-409
113000005,1455,623,832
113000006,793,883,-90
113000007,1581,715,866
113000008,1219,1182,37
113000009,930,500,430
113000010,902,826,76
113000011,526,912,-386
113000012,1402,414,988
113000013,952,586,366
113000014,961,1125,-164
113000015,252,124,128
113000016,340,917,-577
113000017,33,209,-176
113000018,259,31,228
113000019,46,234,-188
113000020,272,44,228
113000021,842,350,492
113000022,597,817,-220
113000025,89,280,-191
113000026,234,257,-23
113000027,322,451,-129
113000028,400,421,-21
113000029,643,482,161
113000030,187,376,-189
113000031,146,211,-65
113000032,198,235,-37
113000033,207,370,-163
113000034,206,229,-23
113000035,28,29,-1
113000036,12,46,-34
113000037,42,22,20
113000038,14,40,-26
113000039,39,245,-206
113000040,65,61,4
113000042,448,445,3
113000051,647,1641,-994
113000052,1445,469,976
113000053,329,197,132
113000054,302,454,-152
113000055,1104,353,751
113000056,860,572,288
113000058,538,583,-45
113000059,904,423,481
113000060,221,363,-142
113000061,374,488,-114
113000062,454,210,244
113000063,210,48,162
113000064,43,132,-89
113000065,150,494,-344
113000066,703,81,622
113000067,2072,750,1322
113000068,347,657,-310
113000069,418,596,-178
113000070,2125,620,1505
113000071,308,366,-58
113000072,787,274,513
113000073,312,923,-611
113000074,808,287,521
113000075,1407,556,851
113000076,450,1669,-1219
113000077,854,513,341
113000078,502,1656,-1154
113000079,376,631,-255
113000080,553,544,9
113000081,508,546,-38
113000082,694,467,227
113000083,464,640,-176
113000084,1131,737,394
113000085,708,584,124
113000086,732,853,-121
113000087,653,732,-79
113000088,1529,910,619
113000089,708,1236,-528
113000090,150,406,-256
113000091,306,284,22
113000094,1065,162,903
113000095,172,448,-276
113000096,110,450,-340
113000097,851,255,596
113000098,75,28,47
113000099,720,266,454
113000100,89,236,-147
113000101,267,381,-114
113000102,475,357,118
113000103,1480,284,1196
113000104,487,1737,-1250
113000105,653,294,359
113000106,241,221,20
113000107,812,573,239
113000108,634,684,-50
113000109,514,1140,-626
113000110,1458,295,1163
113000111,178,513,-335
113000112,370,286,84
113000113,881,275,606
113000114,208,1087,-879
113000116,445,205,240
113000117,478,82,396
113000118,91,320,-229
113000119,236,160,76
113000120,40,156,-116
113000121,308,579,-271
113000124,142,79,63
113000125,45,729,-684
113000127,1338,216,1122
113000128,452,356,96
113000129,338,462,-124
113000133,1268,879,389
113000134,2,769,-767
113000135,3010,3420,-410
113000137,1152,2663,-1511
113000139,193,147,46
113000140,61,166,-105
113000141,102,129,-27
113000142,282,597,-315
113000143,176,152,24
113000144,218,501,-283
113000145,75,84,-9
113000146,113,43,70
113000147,132,58,74
113000148,157,61,96
113000149,129,72,57
113000150,457,190,267
113000151,43,38,5
113000152,28,59,-31
113000153,811,313,498
113000154,553,974,-421
113000155,222,438,-216
113000156,115,302,-187
113000157,174,555,-381
113000158,493,175,318
113000159,702,533,169
113000160,492,635,-143
113000161,214,209,5
113000162,712,259,453
113000163,63,46,17
113000164,25,42,-17
113000166,137,75,62
113000167,21,43,-22
113000168,57,68,-11
113000169,210,64,146
113000170,94,85,9
113000171,36,59,-23
113000172,217,62,155
113000173,60,15,45
113000174,75,270,-195
113000175,292,64,228
113000176,349,139,210
113000177,147,257,-110
113000178,148,157,-9
113000179,221,166,55
113000180,352,788,-436
113000181,983,621,362
113000182,95,230,-135
113000183,97,482,-385
113000184,8,51,-43
113000189,214,505,-291
113000190,404,319,85
113000192,683,2101,-1418
113000193,1690,1815,-125
113000194,702,826,-124
113000195,926,908,18
113000196,136,78,58
113000197,743,980,-237
113000198,75,148,-73
113000199,853,210,643
113000201,173,289,-116
113000202,2931,615,2316
113000203,135,148,-13
113000204,643,1947,-1304
113000205,8,15,-7
113000206,10,24,-14
113000207,44,6,38
113000208,19,43,-24
113000209,9,15,-6
113000210,3,15,-12
113000211,91,231,-140
113000212,52,14,38
113000213,30,142,-112
113000214,163,202,-39
113000234,136,524,-388
113000410,100,167,-67
113000411,1712,2685,-973
113000412,3754,1846,1908
113000413,1315,2048,-733
113000414,3286,8989,-5703
113000415,1544,1804,-260
113000416,4627,2644,1983
113000417,1607,1865,-258
113000418,3722,2588,1134
113000419,1240,1292,-52
113000420,3011,4582,-1571
113000421,3016,5053,-2037
113000422,7082,7935,-853
113000423,1243,4282,-3039
113000424,1899,8149,-6250
113000425,11,68,-57
113000428,18,39,-21
113000430,8,98,-90
113000432,1697,117,1580
113000433,69,406,-337
113000434,22,93,-71
113000435,19,263,-244
113000436,26,557,-531
113000437,865,16,849
113000438,252,14,238
113000439,15,62,-47
113000440,88,19,69
113000441,228,139,89
113000442,118,70,48
113000443,191,103,88
113000444,150,85,65
113000445,102,60,42
113000446,33,69,-36
113000448,143,135,8
113000449,104,500,-396
113000450,364,1152,-788
113000451,836,169,667
113000452,134,332,-198
113000453,59,257,-198
113000454,304,80,224
113000455,28,313,-285
113000456,2062,1721,341
113000468,908,112,796
113000469,41,48,-7
113000470,289,8,281
113000471,12,235,-223
113000472,68,195,-127
113000474,598,430,168
113000475,1066,977,89
113000476,1307,1300,7
113000477,2885,1287,1598
113000478,2532,3034,-502
113000479,49,94,-45
113000485,0,0,0
113000486,1,0,1
113000487,1,0,1
113000488,1,1,0
113000489,0,2,-2
113000490,0,4,-4
113000491,6,1,5
113000492,0,0,0
113000493,0,0,0
113000495,116,97,19
113000496,138,73,65
113000497,0,0,0
113000499,0,0,0
113900001,2,158,-156
113900002,1,25,-24
113900003,1,42,-41
113900004,1,65,-64
113900005,0,31,-31
113900006,1,6,-5
113900007,29,19,10
113900008,6,0,6
113900009,37,0,37
113900010,38,0,38
113900011,40,1,39
113900012,38,0,38
113900013,89,5,84
113900014,361,0,361
113900015,0,40,-40
113900016,30,0,30
113900017,4,30,-26
113900018,215,152,63
113900019,138,20,118
113900020,109,0,109
113900022,19,0,19
113900023,29,0,29
113900024,42,18,24
113900025,195,11,184
113900026,49,0,49
113900027,3,43,-40
113900028,12,277,-265
113900029,69,107,-38
113900030,262,1,261
113900031,10,2,8
113900032,21,0,21
113900033,55,45,10
113900035,37,1,36
113900036,17,41,-24
113900037,142,216,-74
113900038,39,99,-60
113900039,172,12,160
113900040,12,15,-3
113900041,0,3,-3
113900042,66,14,52
113900043,87,45,42
113900044,225,228,-3
113900045,67,1,66
113900046,181,416,-235
113900047,29,73,-44
113900048,130,82,48
113900049,340,267,73
113900050,155,183,-28
113900051,173,213,-40
113900052,72,75,-3
113900053,375,330,45
113900054,24,2,22
113900055,60,211,-151
113900056,31,142,-111
113900057,6,35,-29
113900058,59,65,-6
113900059,197,200,-3
113900060,64,112,-48
113900061,434,104,330
113900062,90,10,80
113900063,65,51,14
113900064,16,71,-55
113900065,335,14,321
113900066,340,150,190
113900067,96,82,14
113900068,345,344,1
113900069,55,12,43
113900070,117,271,-154
113900071,36,53,-17
113900072,43,100,-57
113900073,262,200,62
113900074,74,156,-82
113900075,894,935,-41
113900076,97,6,91
113900077,23,127,-104
113900078,23,36,-13
113900079,1,9,-8
113900080,404,112,292
113900081,53,76,-23
113900082,80,126,-46
113900083,270,159,111
113900084,208,87,121
113900085,38,170,-132
113900086,27,9,18
113900087,69,79,-10
113900088,46,73,-27
113900089,249,30,219
113900090,454,269,185
113900091,13,9,4
113900092,22,31,-9
113900093,41,653,-612
113900094,311,172,139
113900095,125,110,15
113900096,181,44,137
113900097,23,70,-47
113900098,522,71,451
113900099,1,15,-14
113900100,0,3,-3
113900101,10,42,-32
113900102,48,129,-81
113900103,217,192,25
113900104,96,150,-54
113900105,98,88,10
113900106,0,19,-19
113900107,0,13,-13
113900108,113,157,-44
113900109,253,156,97
113900110,22,10,12
113900111,129,78,51
113900112,97,41,56
113900113,609,302,307
113900114,1,38,-37
113900115,0,30,-30
113900116,47,104,-57
113900117,35,11,24
113900118,125,236,-111
113900119,109,331,-222
113900120,46,33,13
113900121,43,54,-11
113900122,261,1600,-1339
113900123,318,144,174
113900124,0,49,-49
113900125,530,123,407
113900126,107,17,90
113900127,201,480,-279
113900128,109,43,66
113900129,7,119,-112
113900130,1,52,-51
113900131,220,34,186
113900132,25,39,-14
113900133,16,58,-42
113900135,250,200,50
113900136,68,43,25
113900137,229,227,2
113900138,38,123,-85
113900139,140,130,10
113900140,125,221,-96
113900141,373,154,219
113900142,68,62,6
113900143,17,25,-8
113900144,120,157,-37
113900145,248,95,153
113900146,93,34,59
113900148,105,248,-143
113900149,99,56,43
113900150,266,344,-78
113900151,278,102,176
113900152,24,39,-15
113900153,145,392,-247
113900154,2,74,-72
113900155,96,127,-31
113900156,168,226,-58
113900157,28,214,-186
113900158,125,281,-156
113900159,7,200,-193
113900160,255,260,-5
113900161,39,179,-140
113900162,217,419,-202
113900163,126,161,-35
113900164,228,48,180
113900165,406,250,156
113900166,67,103,-36
113900167,251,36,215
113900168,64,54,10
113900169,148,187,-39
113900171,166,59,107
113900172,4,70,-66
113900173,21,290,-269
113900174,346,383,-37
113900175,263,89,174
113900176,197,317,-120
113900177,222,113,109
113900178,158,87,71
113900179,15,204,-189
113900180,96,59,37
113900181,453,94,359
113900182,460,507,-47
113900183,33,42,-9
113900184,7,244,-237
113900185,102,75,27
113900186,37,17,20
113900187,21,104,-83
113900188,36,66,-30
113900189,162,88,74
113900190,161,85,76
113900191,61,93,-32
113900192,4,283,-279
113900193,7,115,-108
113900194,842,627,215
113900195,195,246,-51
113900196,1,86,-85
113900197,0,73,-73
113900198,28,201,-173
113900199,94,425,-331
113900200,4,107,-103
113900201,0,73,-73
113900202,11,142,-131
113900203,0,36,-36
113900204,27,262,-235
113900205,6,97,-91
113900206,4,92,-88
113900207,0,30,-30
113900208,1,37,-36
113900209,0,52,-52
113900210,374,469,-95
113900211,135,44,91
113900212,158,236,-78
113900214,261,261,0
113900215,109,57,52
113900216,85,378,-293
113900217,51,102,-51
113900218,100,47,53
113900219,64,227,-163
113900220,90,78,12
113900221,235,170,65
113900222,162,302,-140
113900223,139,437,-298
113900224,42,54,-12
113900225,238,132,106
113900226,236,63,173
113900227,221,117,104
113900228,214,374,-160
113900229,42,497,-455
113900230,2050,2253,-203
113900231,109,99,10
113900232,70,51,19
113900233,71,50,21
113900234,228,278,-50
113900235,65,24,41
113900236,179,169,10
113900237,142,7,135
113900238,159,412,-253
113900239,36,74,-38
113900240,7,110,-103
113900241,90,32,58
113900242,33,110,-77
113900243,64,296,-232
113900244,152,116,36
113900245,685,183,502
113900246,10,41,-31
113900247,107,315,-208
113900248,1353,1276,77
113900249,475,335,140
113900250,30,135,-105
113900251,577,110,467
113900252,405,10,395
113900253,472,51,421
113900254,587,111,476
113900255,332,13,319
113900256,320,12,308
113900257,42,276,-234
113900258,26,264,-238
113900259,367,81,286
113900260,182,2,180
113900261,18,61,-43
113900262,105,272,-167
113900263,91,329,-238
113900264,5,211,-206
113900265,66,187,-121
113900266,53,87,-34
113900267,97,305,-208
113900268,175,259,-84
113900269,66,76,-10
113900270,211,444,-233
113900271,481,572,-91
113900273,21,15,6
113900274,42,33,9
113900275,16,43,-27
113900276,1,73,-72
113900277,127,2,125
113900278,230,125,105
113900279,26,50,-24
113900280,1027,355,672
113900281,445,925,-480
113900282,380,424,-44
113900283,290,312,-22
113900284,568,124,444
113900285,105,24,81
113900286,22,52,-30
113900287,46,20,26
113900288,3,55,-52
113900289,398,67,331
113900290,117,168,-51
113900291,74,129,-55
113900292,4,4,0
113900293,1,114,-113
113900294,441,14,427
113900295,211,230,-19
113900296,1217,329,888
113900297,1401,31,1370
113900298,16,1169,-1153
113900299,110,97,13
113900300,2560,2393,167
113900301,511,236,275
113900302,1264,670,594
113900303,275,345,-70
113900304,1,94,-93
113900305,100,0,100
113900306,30,0,30
113900307,9,1,8
113900308,48,83,-35
113900309,1,403,-402
113900310,0,3,-3
113900311,3,0,3
113900312,169,150,19
113900313,11,5,6
114000001,709,1336,-627
114000002,202,184,18
114000003,36,160,-124
114000004,288,221,67
114000005,174,124,50
114000006,1518,1301,217
114000007,436,659,-223
114000008,746,1266,-520
114000009,562,175,387
114000011,2227,1499,728
114000012,2324,1052,1272
114000013,1372,943,429
114000014,284,113,171
114000015,1268,182,1086
114000016,202,139,63
114000017,62,220,-158
114000018,115,20,95
114000026,1743,653,1090
114000027,2708,1276,1432
114000028,1992,1896,96
114000038,220,100,120
114000039,53,19,34
114000040,131,136,-5
114000042,186,96,90
114000043,38,45,-7
114000044,192,16,176
114000045,34,33,1
114000046,1676,2947,-1271
114000047,8,42,-34
114000048,63,18,45
114000049,964,929,35
114000050,1224,1252,-28
114000051,2122,1317,805
114000052,2505,1242,1263
114000053,54,574,-520
114000054,122,529,-407
114000055,131,9,122
114000056,392,776,-384
114000057,2817,1234,1583
114000058,233,1035,-802
114000059,86,233,-147
114000060,348,554,-206
114000061,1785,1984,-199
114000062,1036,1047,-11
114000063,1421,922,499
114000064,2608,2453,155
114000065,1078,1524,-446
114000066,321,403,-82
114000067,22,526,-504
114000068,284,401,-117
114000069,579,349,230
114000070,1548,1402,146
114000071,518,262,256
114000072,308,127,181
114000073,21,33,-12
114000074,40,12,28
114000075,45,42,3
114000076,14,46,-32
114000077,3,8,-5
114000078,171,279,-108
114000079,104,12,92
114000080,45,65,-20
114000081,89,40,49
114000082,21,214,-193
114000083,81,86,-5
114000084,200,51,149
114000085,66,273,-207
114000086,146,184,-38
114000087,73,71,2
114000088,37,13,24
114000089,328,152,176
114000090,626,575,51
114000091,727,561,166
114000092,662,305,357
114000093,1009,457,552
114000094,305,242,63
114000095,163,154,9
114000096,47,187,-140
114000097,100,290,-190
114000098,553,72,481
114000099,538,201,337
114000100,1330,393,937
114000101,365,326,39
114000102,459,235,224
114000103,115,174,-59
114000104,9,108,-99
114000105,66,47,19
114000106,413,915,-502
114000107,327,75,252
114000108,659,531,128
114000109,546,945,-399
114000110,478,687,-209
114000111,1453,538,915
114000112,460,1110,-650
114000113,980,367,613
114000114,930,793,137
114000115,1802,751,1051
114000116,689,1466,-777
114000117,2591,360,2231
114000118,2200,319,1881
114000119,1554,354,1200
114000120,461,476,-15
114000121,376,532,-156
114000122,313,216,97
114000123,1640,269,1371
114000124,648,172,476
114000125,608,678,-70
114000126,1340,151,1189
114000127,160,96,64
114000128,689,209,480
114000130,444,408,36
114000131,228,71,157
114000132,421,263,158
114000133,503,688,-185
114000134,49,50,-1
114000138,26,101,-75
114000139,343,199,144
114000144,688,380,308
114000145,63,81,-18
114000146,74,101,-27
114000147,973,1514,-541
114000148,1254,1239,15
114000149,252,210,42
114000150,280,454,-174
114000151,463,1189,-726
114000152,41,15,26
114000153,361,1212,-851
114000154,281,371,-90
114000155,786,1543,-757
114000156,534,425,109
114000157,175,773,-598
114000158,751,402,349
114000159,105,203,-98
114000160,45,215,-170
114000161,922,2158,-1236
114000162,924,1890,-966
114000163,8,43,-35
114000165,405,269,136
114000166,324,240,84
114000167,1636,928,708
114000168,456,392,64
114000169,1087,1004,83
114000170,915,893,22
114000171,892,3549,-2657
114000174,124,319,-195
114000176,280,326,-46
114000177,1125,476,649
114000178,44,41,3
114000179,919,540,379
114000180,256,386,-130
114000181,1069,2712,-1643
114000182,1349,1534,-185
114000183,522,519,3
114000184,1522,554,968
114000185,830,498,332
114000189,1012,91,921
114000190,2523,314,2209
114000191,60,88,-28
114000192,89,767,-678
114000193,378,1262,-884
114000194,1105,561,544
114000195,142,26,116
114000196,1,111,-110
114000197,1113,24,1089
114000198,505,290,215
114000199,1318,1308,10
114000200,335,821,-486
114000201,78,410,-332
114000202,577,265,312
114000203,440,392,48
114000204,171,292,-121
114000205,136,731,-595
114000206,451,810,-359
114000207,363,813,-450
114000208,329,1271,-942
114000209,406,1095,-689
114000210,206,602,-396
114000211,913,886,27
114000212,599,530,69
114000213,1133,406,727
114000214,52,113,-61
114000215,120,60,60
114000216,1174,234,940
114000217,363,129,234
114000218,133,141,-8
114000219,1152,116,1036
114000220,38,520,-482
114000221,591,73,518
114000222,100,500,-400
114000223,477,132,345
114000224,49,320,-271
114000225,282,316,-34
114000226,147,153,-6
114000227,683,317,366
114000228,724,475,249
114000229,1077,731,346
114000230,1227,676,551
114000231,775,811,-36
114000232,665,130,535
114000233,1645,96,1549
114000234,961,633,328
114000235,793,870,-77
114000236,0,239,-239
114000237,71,537,-466
114000238,71,167,-96
114000239,111,607,-496
114000240,541,584,-43
114000241,203,510,-307
114000242,520,483,37
114000243,1283,553,730
114000244,416,192,224
114000245,294,638,-344
114000246,90,25,65
114000247,381,377,4
114000248,907,427,480
114000249,434,305,129
114000250,489,414,75
114000251,276,114,162
114000252,47,32,15
114000253,20,49,-29
114000254,46,37,9
114000255,359,147,212
114000256,649,1593,-944
114000257,208,655,-447
114000258,214,224,-10
114000259,87,170,-83
114000260,0,25,-25
114000261,38,27,11
114000262,164,62,102
114000263,12,0,12
114000264,742,233,509
114000265,0,1,-1
114000267,1,951,-950
114000268,0,835,-835
114000270,194,2,192
114000271,238,29,209
114000283,976,275,701
114000285,13,89,-76
114000288,77,243,-166
114000289,1119,79,1040
114000293,165,303,-138
114000294,145,190,-45
114000395,959,30,929
114000396,561,374,187
114000402,405,164,241
114000403,255,163,92
114000405,154,244,-90
114000423,269,224,45
114000424,358,56,302
114000425,703,155,548
114000426,242,606,-364
114000427,49,46,3
114000428,132,134,-2
114000429,5,120,-115
114000432,93,55,38
114000434,29,34,-5
114000435,1,63,-62
114900001,500,431,69
114900002,318,59,259
114900003,579,625,-46
114900004,232,267,-35
114900005,422,385,37
114900006,55,33,22
114900007,207,14,193
114900008,96,62,34
114900010,920,1320,-400
114900011,159,99,60
114900013,173,106,67
114900015,56,362,-306
114900018,699,29,670
114900020,155,45,110
114900022,9,401,-392
114900024,245,137,108
114900025,321,104,217
114900026,61,112,-51
114900027,147,101,46
114900029,70,12,58
114900030,245,101,144
114900031,319,15,304
114900032,295,14,281
114900033,454,640,-186
114900034,63,92,-29
114900035,59,165,-106
114900036,113,327,-214
114900037,95,79,16
114900038,112,267,-155
114900039,397,209,188
114900040,76,70,6
114900041,610,228,382
114900042,683,260,423
114900043,363,101,262
114900044,141,27,114
114900046,24,65,-41
114900047,200,1581,-1381
114900048,81,179,-98
114900049,7,110,-103
114900050,65,165,-100
114900051,18,184,-166
114900052,20,121,-101
114900053,56,214,-158
114900054,34,76,-42
114900057,123,20,103
114900058,0,33,-33
114900059,72,46,26
114900060,580,539,41
114900061,88,70,18
114900062,118,185,-67
114900063,77,99,-22
114900064,1312,249,1063
114900065,335,473,-138
114900067,31,253,-222
114900068,52,132,-80
114900069,117,62,55
114900070,388,180,208
114900072,6,173,-167
114900073,0,81,-81
114900074,522,294,228
114900075,203,3,200
114900076,3,196,-193
114900080,925,231,694
114900082,1971,1747,224
114900083,709,713,-4
114900090,242,129,113
114900091,73,98,-25
114900095,155,98,57
114900096,173,337,-164
114900097,156,2,154
114900098,2,112,-110
114900099,158,4,154
115000001,3339,2114,1225
115000002,3686,3521,165
115000003,2976,1687,1289
115000004,3975,4534,-559
115000005,1190,1404,-214
115000006,957,1035,-78
115000007,212,164,48
115000008,274,354,-80
115000009,146,157,-11
115000010,245,147,98
115000013,68,162,-94
115000015,75,264,-189
115000016,49,233,-184
115000019,43,280,-237
115000020,77,482,-405
115000021,163,294,-131
115000022,411,260,151
115000023,294,529,-235
115000024,654,276,378
115000025,613,439,174
115000026,115,298,-183
115000027,208,185,23
115000028,158,559,-401
115000029,568,56,512
115000030,624,758,-134
115000031,1125,178,947
115000032,7,202,-195
115000033,146,37,109
115000034,51,751,-700
115000035,833,63,770
115000036,1,264,-263
115000037,468,6,462
115000038,36,124,-88
115000039,2609,2616,-7
115000040,3070,2044,1026
115000041,1060,2529,-1469
115000042,428,371,57
115000043,3046,1591,1455
115000044,2588,2158,430
115000045,1638,891,747
115000046,2089,1616,473
115000047,2054,913,1141
115000048,1281,1249,32
115000049,1220,1736,-516
115000050,2579,1125,1454
115000051,1207,2410,-1203
115000052,1305,1097,208
115000053,1486,1402,84
115000054,511,740,-229
115000055,154,887,-733
115000056,230,369,-139
115000057,338,997,-659
115000058,214,321,-107
115000059,162,126,36
115000061,116,130,-14
115000062,158,166,-8
115000063,305,171,134
115000064,159,38,121
115000065,75,337,-262
115000067,157,20,137
115000069,68,192,-124
115000070,26,644,-618
115000071,86,10,76
115000072,14,48,-34
115000073,1096,57,1039
115000075,105,38,67
115000076,2081,1486,595
115000077,1442,1138,304
115000078,976,738,238
115000079,994,982,12
115000080,1936,1149,787
115000081,327,494,-167
115000082,3086,2523,563
115000083,1665,1154,511
115000084,2005,688,1317
115000085,564,493,71
115000086,901,438,463
115000087,312,896,-584
115000088,1420,402,1018
115000089,1044,801,243
115000090,453,651,-198
115000091,173,539,-366
115000092,518,260,258
115000093,422,2,420
115000094,3897,4402,-505
115000095,2893,4630,-1737
115000096,621,765,-144
115000097,870,586,284
115000098,972,469,503
115000099,2163,1534,629
115000100,996,304,692
115000101,340,840,-500
115000102,404,197,207
115000103,205,451,-246
115000105,40,76,-36
115000106,477,205,272
115000107,124,220,-96
115000108,1880,1342,538
115000109,2703,3149,-446
115000110,1173,1099,74
115000111,450,943,-493
115000112,544,490,54
115000113,393,495,-102
115000114,1069,436,633
115000116,2432,1583,849
115000117,2373,1953,420
115000118,1482,1137,345
115000119,1168,1462,-294
115000120,468,1151,-683
115000121,740,522,218
115000122,1605,1112,493
115000123,817,1751,-934
115000124,628,868,-240
115000125,322,544,-222
115000126,102,183,-81
115000127,279,92,187
115000128,266,673,-407
115000129,218,288,-70
115000130,290,455,-165
115000131,681,169,512
115000132,189,179,10
115000133,470,164,306
115000134,193,188,5
115000135,156,86,70
115000136,206,223,-17
115000137,93,127,-34
115000138,321,216,105
115000139,216,121,95
115000140,381,190,191
115000141,202,137,65
115000142,146,170,-24
115000143,794,495,299
115000144,414,42,372
115000145,191,212,-21
115000146,357,235,122
115000147,197,231,-34
115000148,196,454,-258
115000149,552,177,375
115000150,412,389,23
115000151,994,324,670
115000152,442,549,-107
115000153,872,306,566
115000154,794,174,620
115000155,481,498,-17
115000156,729,477,252
115000157,395,529,-134
115000158,308,300,8
115000159,459,419,40
115000160,339,294,45
115000161,81,280,-199
115000162,471,560,-89
115000163,363,477,-114
115000164,496,476,20
115000165,268,389,-121
115000167,108,46,62
115000168,337,271,66
115000169,320,250,70
115000170,96,132,-36
115000171,201,203,-2
115000172,596,503,93
115000173,234,385,-151
115000174,76,301,-225
115000175,121,71,50
115000176,67,58,9
115000177,29,49,-20
115000178,7,130,-123
115000179,25,21,4
115000180,70,281,-211
115000181,605,78,527
115000182,836,148,688
115000183,311,513,-202
115000186,605,168,437
115000187,160,428,-268
115000188,310,325,-15
115000189,140,358,-218
115000190,528,283,245
115000191,125,422,-297
115000194,72,101,-29
115000195,216,218,-2
115000196,155,63,92
115000197,154,124,30
115000198,285,97,188
115000199,277,99,178
115000200,270,73,197
115000201,81,153,-72
115000206,242,48,194
115000207,135,227,-92
115000208,218,323,-105
115000209,424,220,204
115000210,84,67,17
115000211,114,174,-60
115000212,952,234,718
115000224,344,66,278
115000225,41,69,-28
115000229,131,102,29
115000230,87,239,-152
115000231,209,848,-639
115000232,1419,190,1229
115000233,111,119,-8
115000234,20,200,-180
115000241,62,113,-51
115000242,92,138,-46
115000243,33,89,-56
115000244,11,56,-45
115000246,58,6,52
115000247,24,10,14
115000248,43,12,31
115000249,25,11,14
115000250,246,37,209
115000251,186,60,126
115000252,76,103,-27
115000253,12,267,-255
115000258,245,69,176
115000259,181,70,111
115000261,16,10,6
115000262,2,33,-31
115000263,44,33,11
115000264,17,23,-6
115000267,52,67,-15
115000268,31,83,-52
115000269,108,65,43
115000270,13,19,-6
115000272,67,100,-33
115000273,270,15,255
115000280,1502,289,1213
115000281,347,837,-490
115000282,354,496,-142
115000284,219,116,103
115000296,836,11,825
115000297,98,135,-37
115000298,40,397,-357
115000300,166,134,32
115000302,450,61,389
115000303,611,87,524
115000304,601,42,559
115000305,95,286,-191
115000306,149,149,0
115000307,95,154,-59
115000308,15,28,-13
115000309,16,47,-31
115000310,922,457,465
115000311,957,684,273
115000313,83,284,-201
115000314,350,115,235
115000315,575,441,134
115000316,36,74,-38
115000317,121,225,-104
115000318,621,184,437
115000319,50,193,-143
115000320,13,245,-232
115000321,199,43,156
115000322,40,130,-90
115000449,130,164,-34
115000557,4,1076,-1072
115000558,282,92,190
115000587,444,145,299
115000588,1617,1565,52
115000589,3078,1616,1462
115000590,735,863,-128
115000591,1054,428,626
115000592,394,1423,-1029
115000593,1084,381,703
115000594,470,2129,-1659
115000609,176,142,34
115000617,736,2134,-1398
115000624,216,43,173
115000633,298,1408,-1110
115000634,2106,592,1514
115000635,461,103,358
115000638,336,398,-62
115000641,38,87,-49
115000642,243,172,71
115000643,102,316,-214
115000644,90,214,-124
115000646,642,1142,-500
115000647,148,367,-219
115000648,1624,924,700
115000893,1860,1158,702
115000894,99,751,-652
115000895,318,682,-364
115000896,967,356,611
115000897,333,97,236
115000898,345,123,222
115000899,258,832,-574
115000900,34,231,-197
115000901,21,97,-76
115000912,323,68,255
115000913,2,11,-9
115000915,16,0,16
115000916,8,0,8
115000917,0,6,-6
115000918,37,297,-260
115000919,3,7,-4
115000920,10,47,-37
115000921,280,59,221
115000922,675,593,82
115000923,262,915,-653
115000925,77,88,-11
115000927,47,38,9
115000933,150,199,-49
115000934,133,165,-32
115000935,109,66,43
115000936,13,512,-499
115000937,499,111,388
115000938,103,170,-67
115000939,100,167,-67
115000940,5,16,-11
115000941,3,21,-18
115000942,17,87,-70
115000943,8,25,-17
115000944,2,10,-8
115900001,97,30,67
115900002,86,77,9
115900003,189,59,130
115900004,7,33,-26
115900005,161,16,145
115900006,104,136,-32
115900008,72,4,68
115900009,73,106,-33
115900010,233,113,120
115900011,302,124,178
115900012,148,35,113
115900013,247,77,170
115900014,100,77,23
115900015,113,38,75
115900016,59,6,53
115900017,10,11,-1
115900018,118,23,95
115900019,99,11,88
115900020,89,0,89
115900021,615,148,467
115900022,608,13,595
115900023,30,6,24
115900025,21,159,-138
115900026,535,118,417
115900027,0,128,-128
115900028,369,55,314
115900029,11,219,-208
115900030,33,21,12
115900031,231,185,46
115900032,283,384,-101
115900033,0,33,-33
115900034,21,150,-129
115900035,45,12,33
115900036,46,620,-574
115900037,32,171,-139
115900038,49,7,42
115900039,134,109,25
115900041,289,511,-222
115900042,25,6,19
115900043,84,34,50
115900044,170,208,-38
115900046,235,130,105
115900047,102,150,-48
115900049,124,106,18
115900051,2,36,-34
115900052,8,82,-74
115900053,149,101,48
115900054,195,16,179
115900055,9,60,-51
115900056,145,145,0
115900057,16,7,9
115900058,25,43,-18
115900060,38,48,-10
115900061,198,0,198
115900062,22,137,-115
115900063,74,6,68
115900064,120,181,-61
115900065,116,44,72
115900066,120,71,49
115900067,11,297,-286
115900068,1678,694,984
115900069,22,116,-94
115900070,133,68,65
115900071,0,180,-180
115900072,40,82,-42
115900073,56,82,-26
115900074,2,155,-153
115900075,18,95,-77
115900076,2,24,-22
115900077,5,135,-130
115900078,19,93,-74
115900079,176,17,159
115900080,230,87,143
115900081,11,42,-31
115900082,113,96,17
115900084,372,19,353
115900085,35,78,-43
115900086,983,339,644
115900088,23,52,-29
115900089,264,445,-181
115900090,294,13,281
115900091,2,35,-33
115900092,22,64,-42
115900093,15,14,1
115900094,3,116,-113
115900096,2,3,-1
115900097,3,179,-176
115900098,142,183,-41
115900099,40,37,3
115900100,19,260,-241
115900101,129,169,-40
115900102,81,24,57
115900103,225,96,129
115900104,63,42,21
115900105,184,232,-48
115900106,53,22,31
115900107,40,64,-24
115900108,136,27,109
115900109,45,220,-175
115900110,0,8,-8
115900111,0,59,-59
115900112,29,499,-470
115900113,34,12,22
115900114,6,58,-52
115900115,62,106,-44
115900116,60,446,-386
115900117,71,11,60
115900118,2,169,-167
115900119,120,77,43
115900120,21,137,-116
115900121,141,118,23
115900124,222,458,-236
115900125,291,30,261
115900126,531,44,487
115900127,518,28,490
115900128,6,87,-81
115900129,512,52,460
115900130,15,173,-158
115900131,202,16,186
115900132,442,6,436
115900134,291,7,284
115900135,337,1005,-668
115900137,24,2,22
115900139,29,68,-39
115900140,196,49,147
115900141,9,30,-21
115900142,6,18,-12
115900143,183,204,-21
115900144,117,139,-22
115900146,18,27,-9
115900147,170,202,-32
115900148,55,2,53
115900149,82,19,63
115900150,47,20,27
115900151,11,71,-60
115900152,103,157,-54
115900153,111,86,25
115900154,281,230,51
115900155,0,13,-13
115900156,480,525,-45
115900157,135,327,-192
115900158,7,7,0
115900159,97,118,-21
115900160,10,10,0
115900161,31,83,-52
115900163,166,76,90
115900164,427,11,416
115900166,119,70,49
115900168,87,78,9
115900171,97,208,-111
115900172,47,85,-38
115900173,146,75,71
115900174,168,123,45
115900175,106,133,-27
115900178,9,376,-367
115900179,232,4,228
115900180,12,55,-43
115900181,142,98,44
115900182,356,74,282
115900183,30,53,-23
115900184,801,6,795
115900187,11,81,-70
115900189,0,169,-169
115900190,179,992,-813
115900191,12,186,-174
115900192,7,115,-108
115900193,112,72,40
115900194,489,61,428
115900195,372,1583,-1211
115900198,178,162,16
115900199,119,96,23
115900200,168,160,8
115900201,415,314,101
115900202,0,31,-31
115900203,2,18,-16
115900204,0,10,-10
115900205,25,19,6
115900206,174,97,77
115900207,26,7,19
115900208,67,60,7
115900209,3,93,-90
115900210,6,118,-112
115900211,0,133,-133
115900212,158,133,25
115900213,69,74,-5
115900214,514,121,393
115900215,23,115,-92
115900216,5,70,-65
115900217,5,27,-22
115900218,4,17,-13
115900219,98,5,93
115900220,157,6,151
115900221,42,4,38
115900222,37,20,17
115900223,11,298,-287
115900224,424,807,-383
115900225,44,32,12
115900226,22,19,3
115900227,4,44,-40
115900228,5,21,-16
115900229,18,36,-18
115900230,24,62,-38
115900231,107,2,105
115900232,49,1,48
115900233,49,11,38
115900234,31,18,13
115900235,20,23,-3
115900236,9,16,-7
115900237,10,24,-14
115900238,3,6,-3
115900239,11,9,2
115900240,8,39,-31
115900241,193,52,141
115900242,201,245,-44
115900243,2,8,-6
115900244,21,7,14
115900245,57,6,51
115900246,10,18,-8
115900247,35,17,18
115900248,13,11,2
115900249,8,5,3
115900250,2,17,-15
115900251,1,11,-10
115900252,1,4,-3
115900253,7,14,-7
115900254,1,16,-15
115900255,5,10,-5
115900256,5,15,-10
115900257,3,2,1
115900258,0,0,0
115900259,6,1,5
115900260,11,1,10
115900261,7,0,7
115900262,2,0,2
115900263,7,0,7
115900264,8,3,5
115900265,2,2,0
115900266,3,8,-5
115900267,10,15,-5
115900268,4,6,-2
115900269,387,184,203
115900270,282,133,149
115900271,115,0,115
115900272,28,5,23
115900273,12,19,-7
115900274,0,2,-2
115900275,1,3,-2
115900276,0,5,-5
115900277,0,31,-31
115900278,21,53,-32
115900279,23,108,-85
115900280,12,300,-288
115900281,176,197,-21
115900282,10,6,4
115900283,14,16,-2
115900284,11,6,5
116000001,5552,2594,2958
116000002,3503,9097,-5594
116000003,1087,924,163
116000004,2275,2835,-560
116000005,1217,1907,-690
116000006,1963,2022,-59
116000007,1595,1745,-150
116000008,2769,1639,1130
116000009,903,1131,-228
116000010,1985,1161,824
116000011,595,1119,-524
116000012,1266,816,450
116000013,4569,2472,2097
116000014,5883,9227,-3344
116000015,118,929,-811
116000016,2844,2253,591
116000017,18,457,-439
116000018,420,133,287
116000019,544,191,353
116000020,344,382,-38
116000021,346,203,143
116000022,236,192,44
116000023,775,480,295
116000024,434,450,-16
116000025,558,493,65
116000026,1111,1509,-398
116000027,451,396,55
116000028,375,534,-159
116000029,378,440,-62
116000030,601,305,296
116000031,125,240,-115
116000032,266,127,139
116000033,242,294,-52
116000034,435,596,-161
116000035,226,462,-236
116000036,866,917,-51
116000037,350,337,13
116000038,217,374,-157
116000039,331,242,89
116000040,376,289,87
116000041,81,249,-168
116000042,488,245,243
116000043,64,430,-366
116000044,8,63,-55
116000045,1146,856,290
116000046,722,1145,-423
116000047,1115,1500,-385
116000048,1313,1253,60
116000049,880,2058,-1178
116000050,1024,788,236
116000051,4518,1676,2842
116000052,4040,3165,875
116000053,1439,490,949
116000054,601,1559,-958
116000055,579,589,-10
116000056,791,680,111
116000057,1534,831,703
116000058,1695,1545,150
116000059,1757,2514,-757
116000060,1336,831,505
116000061,479,694,-215
116000062,449,151,298
116000063,496,942,-446
116000066,186,400,-214
116000067,129,267,-138
116000068,138,190,-52
116000069,193,203,-10
116000078,425,743,-318
116000080,1291,556,735
116000082,5,24,-19
116000083,1482,326,1156
116000084,1380,2161,-781
116000085,1776,1339,437
116000086,1150,700,450
116000087,1774,1172,602
116000088,557,567,-10
116000089,157,55,102
116000090,76,103,-27
116000091,149,250,-101
116000093,649,321,328
116000094,536,394,142
116000095,598,352,246
116000096,639,1073,-434
116000097,685,489,196
116000098,57,4570,-4513
116000099,3167,190,2977
116000100,140,10,130
116000101,639,341,298
116000102,217,534,-317
116000103,373,203,170
116000104,174,637,-463
116000105,954,95,859
116000106,332,433,-101
116000107,1558,171,1387
116000108,55,108,-53
116000111,131,37,94
116000113,89,83,6
116000114,54,109,-55
116000115,265,97,168
116000116,242,256,-14
116000117,1142,1284,-142
116000118,1204,770,434
116000119,2818,1358,1460
116000120,2039,2082,-43
116000121,782,447,335
116000122,827,852,-25
116000123,883,308,575
116000124,231,481,-250
116000125,2311,596,1715
116000126,185,865,-680
116000127,748,739,9
116000128,1420,577,843
116000129,1128,187,941
116000130,514,332,182
116000133,846,614,232
116000134,1368,1023,345
116000135,2210,969,1241
116000136,642,1171,-529
116000137,830,507,323
116000138,576,494,82
116000139,1081,1485,-404
116000140,137,133,4
116000141,236,414,-178
116000142,2205,1750,455
116000143,1602,1432,170
116000144,1174,1228,-54
116000145,1571,758,813
116000146,552,122,430
116000147,185,110,75
116000148,366,349,17
116000149,457,396,61
116000151,461,317,144
116000153,78,254,-176
116000155,115,210,-95
116000156,443,679,-236
116000157,61,6,55
116000158,228,218,10
116000159,8,9,-1
116000160,13,14,-1
116000161,6,32,-26
116000162,40,98,-58
116000163,34,11,23
116000164,7,10,-3
116000177,128,53,75
116000194,82,251,-169
116000195,996,431,565
116000196,0,0,0
116000197,0,2,-2
116000198,1443,564,879
116000200,418,365,53
116000201,355,432,-77
116000202,10,181,-171
116000203,2,74,-72
116000204,20,31,-11
116000205,0,74,-74
116000206,3,60,-57
116000207,6,47,-41
116000233,148,218,-70
116000287,144,257,-113
116000288,197,116,81
116000292,64,59,5
116000296,19,175,-156
116000297,92,24,68
116000304,126,22,104
116000305,29,34,-5
116000346,0,0,0
116000352,0,0,0
116000354,0,0,0
116000357,0,0,0
116000358,247,69,178
116000361,171,5,166
116000372,2612,3736,-1124
116000381,114,0,114
116000388,2,25,-23
116000389,399,355,44
116000445,353,265,88
116000446,466,275,191
116000447,11,360,-349
116000448,385,117,268
116000563,464,560,-96
116000565,22,205,-183
116000568,45,254,-209
116000579,13,92,-79
116000583,5,3,2
116000584,11,6,5
116000585,22,14,8
116000586,24,39,-15
116000587,334,401,-67
116000589,19,53,-34
116000590,73,43,30
116000591,216,128,88
116000592,12,40,-28
116000593,0,32,-32
116000594,502,223,279
116000595,384,93,291
116000596,81,14,67
116000597,322,69,253
116000598,11,92,-81
116000605,151,72,79
116000606,49,206,-157
116000607,5,24,-19
116000609,104,687,-583
116000611,167,295,-128
116000612,804,1522,-718
116000613,466,228,238
116000614,326,306,20
116000615,2,266,-264
116000616,52,40,12
116000617,94,14,80
116000618,0,25,-25
116000619,41,43,-2
116000620,148,92,56
116000621,44,65,-21
116000622,57,104,-47
116000624,129,72,57
116000627,52,24,28
116000628,42,220,-178
116000629,13,167,-154
116000630,374,20,354
116000631,221,39,182
116000632,862,44,818
116000633,176,118,58
116000634,403,92,311
116000635,1750,1801,-51
116000636,453,891,-438
116000637,413,41,372
116000638,108,193,-85
116000640,20,20,0
116000641,44,67,-23
116000644,29,288,-259
116900001,186,91,95
116900002,120,3,117
116900003,32,37,-5
116900004,33,40,-7
116900005,212,35,177
116900006,79,132,-53
116900007,85,84,1
116900008,278,167,111
116900009,16,5,11
116900010,2,487,-485
116900011,9,19,-10
116900012,125,96,29
116900013,3,68,-65
116900014,88,84,4
116900015,412,35,377
116900016,171,2,169
116900017,2,275,-273
116900018,42,29,13
116900019,5,109,-104
116900020,481,858,-377
116900023,51,10,41
116900024,483,29,454
116900025,762,390,372
116900026,56,305,-249
116900027,33,41,-8
116900028,6,70,-64
116900029,0,27,-27
116900031,3,4,-1
116900032,2,129,-127
116900033,10,6,4
116900034,0,48,-48
116900035,110,84,26
116900036,3,70,-67
116900038,9,3,6
116900041,18,6,12
116900042,300,152,148
116900043,15,33,-18
116900047,20,112,-92
116900049,25,187,-162
116900050,50,245,-195
116900051,115,84,31
116900052,116,44,72
116900055,0,12,-12
116900057,7,126,-119
116900058,14,209,-195
116900059,2,95,-93
116900060,122,134,-12
116900062,1,4,-3
116900064,52,303,-251
116900065,24,57,-33
116900067,45,38,7
116900068,115,109,6
116900070,2,0,2
116900072,25,199,-174
116900073,13,76,-63
116900074,4,36,-32
116900076,5,19,-14
116900077,59,120,-61
116900078,152,49,103
116900079,31,93,-62
116900080,9,23,-14
116900081,268,586,-318
116900082,341,578,-237
116900083,33,15,18
116900084,80,49,31
116900085,43,112,-69
116900086,34,117,-83
116900088,219,51,168
116900090,89,34,55
116900091,255,12,243
116900092,69,421,-352
116900093,1062,1099,-37
116900094,1972,2743,-771
116900095,157,78,79
116900096,59,204,-145
116900097,1387,2356,-969
116900098,542,267,275
116900099,368,490,-122
116900100,794,30,764
116900101,180,236,-56
116900103,3,1,2
116900104,58,58,0
116900105,216,93,123
116900106,1502,62,1440
116900107,1793,1915,-122
116900110,13,0,13
116900111,499,254,245
116900112,201,451,-250
116900113,839,1204,-365
116900116,52,483,-431
116900117,110,88,22
116900118,432,534,-102
116900120,255,36,219
116900121,87,10,77
116900122,677,327,350
116900123,112,381,-269
116900124,165,512,-347
116900125,364,100,264
116900126,47,379,-332
116900128,0,13,-13
116900129,0,195,-195
116900130,242,2449,-2207
116900131,71,203,-132
116900132,40,75,-35
116900133,99,90,9
116900134,145,151,-6
116900136,101,134,-33
116900137,193,118,75
116900138,119,93,26
116900139,113,278,-165
116900140,151,96,55
116900141,568,270,298
116900142,3,68,-65
116900143,213,231,-18
116900144,24,56,-32
116900145,92,111,-19
116900147,253,353,-100
116900148,8,37,-29
116900149,45,181,-136
116900150,13,10,3
116900151,49,13,36
116900153,68,47,21
116900154,245,356,-111
116900155,56,50,6
116900157,497,155,342
116900158,76,203,-127
116900159,30,232,-202
116900160,656,460,196
116900161,2820,4907,-2087
116900162,11,58,-47
116900163,138,89,49
116900164,69,41,28
116900165,177,187,-10
116900166,41,27,14
116900167,329,26,303
116900168,306,46,260
116900169,274,462,-188
116900170,250,439,-189
116900171,24,64,-40
116900172,149,242,-93
116900173,146,9,137
116900174,38,77,-39
116900175,127,158,-31
116900178,35,57,-22
116900179,92,224,-132
116900180,65,28,37
116900182,338,155,183
116900183,117,60,57
116900185,53,96,-43
116900186,62,89,-27
116900187,31,34,-3
116900188,112,28,84
116900189,53,0,53
116900191,314,368,-54
116900192,200,46,154
116900194,160,1108,-948
116900195,33,32,1
116900196,6,57,-51
116900197,61,6,55
116900198,91,201,-110
116900200,56,12,44
116900201,49,4,45
116900202,56,16,40
116900203,109,10,99
116900204,26,57,-31
116900206,14,13,1
116900207,24,24,0
116900208,12,54,-42
116900209,9,65,-56
116900210,289,211,78
116900211,126,1,125
116900212,70,34,36
116900213,150,64,86
116900214,168,91,77
116900215,32,48,-16
116900216,197,83,114
116900218,4,98,-94
116900219,1046,169,877
116900220,113,110,3
116900221,93,166,-73
116900222,286,250,36
116900223,112,177,-65
116900226,89,38,51
116900227,142,44,98
116900228,198,79,119
116900230,53,152,-99
116900231,29,189,-160
116900232,6,242,-236
116900233,218,68,150
116900234,11,3,8
116900235,106,115,-9
116900238,903,200,703
116900239,13,944,-931
116900240,2794,1888,906
116900241,57,62,-5
116900242,453,388,65
116900243,3,14,-11
116900245,26,23,3
116900246,90,17,73
116900247,496,21,475
116900248,72,26,46
116900249,259,44,215
116900250,282,37,245
116900251,259,366,-107
116900252,75,463,-388
116900253,82,29,53
116900254,13,66,-53
116900255,85,44,41
116900256,279,46,233
116900257,14,182,-168
116900258,3,118,-115
116900259,137,10,127
116900260,0,61,-61
116900261,48,1,47
116900262,124,79,45
116900263,1,2,-1
116900264,66,54,12
116900265,31,0,31
116900266,25,13,12
116900267,12,1,11
116900268,40,31,9
116900269,190,343,-153
116900271,551,203,348
116900272,221,144,77
116900273,75,71,4
116900274,109,34,75
116900275,132,50,82
116900276,323,149,174
116900277,285,17,268
116900278,0,4,-4
116900279,1,13,-12
116900280,26,11,15
116900281,2687,3416,-729
116900282,2,29,-27
116900283,61,90,-29
116900284,18,91,-73
116900285,134,140,-6
116900286,90,12,78
116900287,3,11,-8
116900288,71,62,9
116900289,18,3,15
116900290,3,7,-4
116900291,16,21,-5
116900292,0,12,-12
116900293,40,16,24
116900294,14,62,-48
116900295,97,45,52
116900296,28,57,-29
116900297,2,71,-69
116900298,68,40,28
116900299,14,19,-5
116900300,5,68,-63
116900301,21,74,-53
116900302,17,45,-28
116900303,146,62,84
116900304,0,131,-131
116900305,5,47,-42
116900306,136,47,89
116900307,42,1,41
116900308,0,46,-46
116900309,94,82,12
117000001,1606,1117,489
117000002,1408,2677,-1269
117000003,4597,2411,2186
117000004,2480,3618,-1138
117000005,1823,1418,405
117000006,861,2007,-1146
117000007,3242,893,2349
117000008,765,1978,-1213
117000009,3699,1383,2316
117000010,1769,2358,-589
117000011,1770,1153,617
117000012,1002,791,211
117000013,1572,573,999
117000014,981,1551,-570
117000015,1769,954,815
117000016,170,118,52
117000017,169,92,77
117000018,83,544,-461
117000019,70,32,38
117000020,372,1057,-685
117000021,949,540,409
117000022,177,156,21
117000023,117,247,-130
117000024,122,207,-85
117000025,274,1084,-810
117000026,1288,1158,130
117000027,1070,3324,-2254
117000028,1504,1420,84
117000030,291,263,28
117000031,257,186,71
117000032,1004,785,219
117000033,998,508,490
117000034,217,248,-31
117000035,314,210,104
117000036,384,225,159
117000037,215,138,77
117000038,178,402,-224
117000039,279,168,111
117000040,168,655,-487
117000041,882,118,764
117000044,15,575,-560
117000045,487,77,410
117000046,312,552,-240
117000047,833,561,272
117000048,1279,575,704
117000049,73,399,-326
117000050,135,1214,-1079
117000051,2007,94,1913
117000052,66,235,-169
117000053,622,32,590
117000054,1532,11,1521
117000055,6,1587,-1581
117000056,546,29,517
117000057,402,1506,-1104
117000060,263,727,-464
117000061,1287,530,757
117000062,218,464,-246
117000063,1261,684,577
117000064,472,502,-30
117000066,525,586,-61
117000067,95,485,-390
117000074,50,151,-101
117000076,37,33,4
117000077,104,95,9
117000078,97,469,-372
117000079,257,165,92
117000080,0,184,-184
117000081,762,64,698
117000082,19,70,-51
117000083,106,5,101
117000084,126,2,124
117000085,185,587,-402
117000086,477,271,206
117000087,72,394,-322
117000088,185,107,78
117000089,1461,169,1292
117000090,198,764,-566
117000091,779,188,591
117000092,295,751,-456
117000093,1085,510,575
117000094,1020,1756,-736
117000095,3025,543,2482
117000096,491,1429,-938
117000097,1315,807,508
117000098,1748,2384,-636
117000099,3013,897,2116
117000100,174,238,-64
117000101,150,537,-387
117000102,1648,464,1184
117000103,517,936,-419
117000104,1240,450,790
117000105,624,887,-263
117000106,962,507,455
117000107,455,1058,-603
117000108,1491,721,770
117000109,1084,1304,-220
117000110,1290,879,411
117000111,2600,2729,-129
117000112,2618,1017,1601
117000113,91,148,-57
117000114,237,102,135
117000115,44,64,-20
117000116,101,180,-79
117000117,1010,687,323
117000118,227,106,121
117000119,147,154,-7
117000120,109,430,-321
117000121,41,668,-627
117000122,268,567,-299
117000123,926,29,897
117000124,248,87,161
117000125,132,109,23
117000126,43,16,27
117000127,101,210,-109
117000128,158,577,-419
117000129,234,678,-444
117000130,165,18,147
117000131,0,88,-88
117000132,2447,8,2439
117000133,1412,16,1396
117000134,1,79,-78
117000135,3,53,-50
117000136,0,15,-15
117000137,119,90,29
117000138,2,447,-445
117000140,341,830,-489
117000141,1288,439,849
117000181,296,154,142
117000182,385,450,-65
117000195,146,578,-432
117000196,153,95,58
117000225,90,47,43
117000226,3,100,-97
117000276,288,21,267
117000277,0,223,-223
117000310,1071,1557,-486
117000315,55,456,-401
117000320,75,1,74
117000906,421,10,411
117000907,12,191,-179
117000909,48,30,18
117000910,136,129,7
117000911,65,153,-88
117000915,3,259,-256
117000916,35,1,34
117000917,1156,45,1111
117000918,60,38,22
117000919,16,35,-19
117000920,2,672,-670
117000921,2,669,-667
117000922,21,41,-20
117000924,381,597,-216
117000926,429,90,339
117000927,707,822,-115
117000928,0,76,-76
117000929,221,158,63
117000930,205,13,192
117000931,152,136,16
117900002,67,262,-195
117900003,353,195,158
117900005,20,56,-36
117900006,0,18,-18
117900007,88,61,27
117900008,0,11,-11
117900010,210,51,159
117900011,10,112,-102
117900012,62,47,15
117900013,0,92,-92
117900014,413,61,352
117900015,22,61,-39
117900016,555,528,27
117900017,368,155,213
117900018,115,117,-2
117900019,350,141,209
117900020,41,334,-293
117900021,15,37,-22
117900022,22,1,21
117900023,644,34,610
117900024,71,42,29
117900025,51,13,38
117900026,371,125,246
117900028,45,1,44
117900029,208,310,-102
117900030,342,173,169
117900031,86,59,27
117900032,653,443,210
117900033,214,282,-68
117900034,52,16,36
117900035,148,69,79
117900036,162,200,-38
117900037,157,58,99
117900038,19,146,-127
117900039,4,33,-29
117900040,156,202,-46
117900041,4,34,-30
117900042,1786,163,1623
117900043,18,18,0
117900044,2,2284,-2282
117900045,134,74,60
117900048,296,187,109
117900049,109,205,-96
117900050,5,71,-66
117900051,6,1,5
117900052,42,261,-219
117900053,1497,339,1158
117900054,0,35,-35
117900055,209,125,84
117900056,97,41,56
117900057,939,936,3
117900058,29,10,19
117900059,153,105,48
117900060,1948,3071,-1123
117900061,11,185,-174
117900063,283,108,175
117900065,433,770,-337
117900066,8,50,-42
117900067,412,83,329
117900069,643,152,491
117900070,107,35,72
117900071,101,100,1
117900073,385,170,215
117900074,71,51,20
117900075,51,74,-23
117900076,17,45,-28
117900077,403,69,334
117900078,256,637,-381
117900080,94,20,74
117900081,352,176,176
117900082,335,309,26
117900083,317,242,75
117900086,99,27,72
117900087,88,27,61
117900088,2060,1063,997
117900089,1692,553,1139
117900090,399,223,176
117900091,63,141,-78
117900092,75,21,54
117900093,74,26,48
117900094,26,38,-12
117900095,238,236,2
117900096,71,168,-97
117900097,100,21,79
117900098,47,13,34
117900099,97,116,-19
117900100,224,1,223
117900101,338,1351,-1013
117900102,58,17,41
117900103,56,5,51
117900104,14,95,-81
117900105,88,118,-30
117900106,65,26,39
117900107,43,0,43
117900109,455,283,172
117900110,76,0,76
117900111,322,16,306
117900112,20,4,16
117900113,1159,1170,-11
117900114,27,0,27
117900115,136,55,81
117900116,590,399,191
117900117,397,182,215
117900118,56,1,55
117900119,200,78,122
117900120,185,20,165
117900121,49,8,41
117900122,584,2567,-1983
117900123,513,225,288
117900124,469,481,-12
117900125,1314,1468,-154
117900126,158,321,-163
117900127,286,220,66
117900128,244,281,-37
117900129,75,0,75
117900130,567,268,299
117900131,2,75,-73
117900132,24,58,-34
117900133,16,83,-67
117900134,42,145,-103
117900135,17,106,-89
117900136,0,30,-30
117900137,36,150,-114
117900138,0,13,-13
117900139,140,75,65
117900140,1834,193,1641
117900141,115,139,-24
117900142,40,68,-28
117900144,32,137,-105
117900145,20,42,-22
117900146,157,153,4
117900147,69,41,28
117900148,1598,1316,282
117900149,112,146,-34
117900150,26,25,1
117900151,12,51,-39
117900152,75,28,47
117900153,8,66,-58
117900154,291,344,-53
117900156,689,461,228
117900157,87,425,-338
117900158,237,78,159
117900160,559,596,-37
117900161,1825,1257,568
117900162,303,261,42
117900163,23,137,-114
117900165,0,11,-11
117900166,69,359,-290
117900168,50,122,-72
117900169,3,71,-68
117900170,2,14,-12
117900171,2,11,-9
117900172,13,7,6
117900173,106,73,33
117900174,28,29,-1
117900175,1,12,-11
117900176,15,20,-5
117900177,18,20,-2
117900178,63,41,22
117900180,163,22,141
117900181,47,273,-226
117900182,4,20,-16
117900183,40,129,-89
117900184,9,35,-26
117900185,47,42,5
117900186,50,18,32
117900187,21,9,12
117900188,129,43,86
117900189,36,14,22
117900190,14,0,14
117900191,64,0,64
117900192,201,1,200
117900193,12,51,-39
117900194,6,6,0
117900195,8,20,-12
117900196,19,16,3
117900207,80,114,-34
117900208,18,12,6
117900209,79,82,-3
117900210,93,94,-1
117900211,4,109,-105
117900212,73,68,5
117900213,23,7,16
117900214,3,15,-12
117900215,14,20,-6
117900216,16,16,0
117900217,53,242,-189
117900218,91,80,11
117900219,2,94,-92
117900220,45,111,-66
117900222,176,142,34
117900223,112,201,-89
118000001,654,712,-58
118000002,496,1043,-547
118000003,1433,2387,-954
118000004,1454,1404,50
118000005,3065,3868,-803
118000006,2640,5671,-3031
118000007,3171,3287,-116
118000008,1865,2896,-1031
118000009,1209,1644,-435
118000010,3467,2277,1190
118000011,1122,1090,32
118000012,680,1066,-386
118000013,1461,1424,37
118000014,1394,1362,32
118000016,153,172,-19
118000017,311,282,29
118000018,247,224,23
118000019,1399,1114,285
118000020,889,2222,-1333
118000021,502,2312,-1810
118000022,1053,535,518
118000023,585,173,412
118000024,920,793,127
118000027,7540,8145,-605
118000029,590,598,-8
118000032,610,2701,-2091
118000033,1850,4086,-2236
118000034,3172,1748,1424
118000035,1227,1995,-768
118000036,595,878,-283
118000037,679,543,136
118000038,237,58,179
118000039,60,98,-38
118000040,1101,920,181
118000041,1966,826,1140
118000045,183,105,78
118000046,765,525,240
118000047,534,769,-235
118000048,1308,1441,-133
118000051,904,1070,-166
118000052,669,476,193
118000053,142,261,-119
118000054,680,730,-50
118000055,697,978,-281
118000056,66,243,-177
118000057,150,254,-104
118000058,1286,1005,281
118000059,957,760,197
118000060,771,343,428
118000061,905,786,119
118000062,357,168,189
118000063,272,406,-134
118000064,624,764,-140
118000065,1794,1075,719
118000066,522,1193,-671
118000067,483,489,-6
118000068,895,3349,-2454
118000069,1374,697,677
118000070,3005,1300,1705
118000071,1875,5036,-3161
118000072,760,1111,-351
118000073,621,431,190
118000074,274,474,-200
118000075,320,168,152
118000076,814,2257,-1443
118000077,956,988,-32
118000078,1314,1656,-342
118000079,155,320,-165
118000080,594,691,-97
118000081,1438,991,447
118000082,228,778,-550
118000083,1034,1114,-80
118000084,1745,1072,673
118000086,198,349,-151
118000087,2944,1887,1057
118000088,1219,1237,-18
118000089,2309,1587,722
118000090,1020,2016,-996
118000091,625,1878,-1253
118000092,657,405,252
118000093,64,504,-440
118000096,362,430,-68
118000097,593,446,147
118000098,253,150,103
118000099,440,342,98
118000101,997,270,727
118000102,335,603,-268
118000107,811,317,494
118000108,423,1647,-1224
118000110,1,25,-24
118000111,0,128,-128
118000112,385,6,379
118000113,4,254,-250
118000114,259,9,250
118000115,3,7,-4
118000116,19,0,19
118000117,592,506,86
118000118,730,795,-65
118000119,619,963,-344
118000120,1212,807,405
118000121,93,560,-467
118000122,1051,266,785
118000123,34,230,-196
118000125,1067,653,414
118000126,555,1060,-505
118000127,1027,501,526
118000128,354,835,-481
118000129,806,465,341
118000130,1480,2023,-543
118000131,345,581,-236
118000132,2393,1768,625
118000133,825,466,359
118000135,392,372,20
118000136,126,336,-210
118000137,494,77,417
118000138,222,332,-110
118000139,361,91,270
118000140,1699,3372,-1673
118000141,1789,1157,632
118000142,1450,1022,428
118000143,1826,795,1031
118000144,654,470,184
118000145,1100,927,173
118000146,909,481,428
118000147,766,783,-17
118000148,387,765,-378
118000149,696,566,130
118000150,292,216,76
118000151,391,229,162
118000153,1178,779,399
118000154,1154,976,178
118000155,1022,927,95
118000156,1088,1558,-470
118000157,363,262,101
118000158,153,299,-146
118000159,19,80,-61
118000160,401,256,145
118000161,356,429,-73
118000162,1021,578,443
118000163,646,547,99
118000164,1438,842,596
118000168,455,399,56
118000169,680,657,23
118000170,2311,2634,-323
118000171,250,424,-174
118000172,103,172,-69
118000173,618,659,-41
118000175,213,288,-75
118000176,171,285,-114
118000177,144,413,-269
118000178,28,28,0
118000179,701,775,-74
118000180,576,421,155
118000181,505,154,351
118000182,238,187,51
118000183,149,176,-27
118000184,733,432,301
118000185,690,882,-192
118000186,554,735,-181
118000187,1082,382,700
118000188,506,57,449
118000189,434,290,144
118000190,11,11,0
118000191,20,10,10
118000192,159,348,-189
118000193,122,323,-201
118000194,927,653,274
118000195,289,798,-509
118000196,141,174,-33
118000197,55,126,-71
118000198,361,671,-310
118000199,241,278,-37
118000200,58,142,-84
118000201,248,373,-125
118000202,36,37,-1
118000203,343,469,-126
118000204,87,342,-255
118000205,85,208,-123
118000206,147,128,19
118000207,0,31,-31
118000208,1101,1095,6
118000209,1475,880,595
118000210,75,29,46
118000211,30,26,4
118000213,410,1200,-790
118000214,359,485,-126
118000215,266,81,185
118000216,1279,1039,240
118000217,19,44,-25
118000218,48,36,12
118000219,276,114,162
118000220,2,30,-28
118000221,139,201,-62
118000222,52,9,43
118000223,20,48,-28
118000224,81,49,32
118000225,107,388,-281
118000226,645,119,526
118000227,414,291,123
118000228,60,182,-122
118000229,80,35,45
118000230,59,120,-61
118000231,102,111,-9
118000232,600,393,207
118000233,816,443,373
118000234,409,90,319
118000236,244,192,52
118000237,76,165,-89
118000238,216,81,135
118000239,240,176,64
118000240,201,100,101
118000241,134,72,62
118000242,282,219,63
118000243,216,118,98
118000244,45,69,-24
118000246,0,11,-11
118000255,61,193,-132
118000256,114,155,-41
118000259,4,33,-29
118000260,129,44,85
118000261,23,33,-10
118000263,49,60,-11
118000266,92,105,-13
118000267,0,97,-97
118000268,164,1,163
118000270,64,12,52
118000271,153,189,-36
118000272,56,20,36
118000273,113,34,79
118000274,64,152,-88
118000276,424,204,220
118000295,6,68,-62
118000298,78,174,-96
118000299,34,69,-35
118000301,0,46,-46
118000302,65,12,53
118000311,430,52,378
118000312,215,103,112
118000313,31,63,-32
118000314,64,19,45
118000315,14,27,-13
118000316,453,260,193
118000325,16,16,0
118000326,13,26,-13
118000331,16,14,2
118000332,4,18,-14
118000333,16,25,-9
118000335,308,0,308
118000336,0,107,-107
118000407,144,47,97
118000457,9,33,-24
118000465,1471,2472,-1001
118000480,48,47,1
118000489,22,337,-315
118000490,31,184,-153
118000492,283,125,158
118000510,16,17,-1
118000514,76,192,-116
118000515,457,493,-36
118000517,222,135,87
118000524,212,257,-45
118000525,442,490,-48
118000530,17,73,-56
118000531,223,187,36
118000532,148,150,-2
118000533,189,92,97
118000534,380,232,148
118000535,254,76,178
118000536,207,826,-619
118000537,20,101,-81
118000538,10,36,-26
118000539,5,60,-55
118000540,138,96,42
118000541,123,46,77
118000542,80,127,-47
118000543,120,130,-10
118000546,29,12,17
118000553,0,0,0
118000557,0,0,0
118000560,1076,1509,-433
118000562,28,89,-61
118000563,985,711,274
118000576,156,74,82
118000577,130,126,4
118000578,174,80,94
118000579,325,892,-567
118000583,0,1,-1
118000595,196,56,140
118000596,0,57,-57
118000597,108,59,49
118000598,4,2,2
118000599,47,22,25
118000600,1,3,-2
118000601,5,0,5
118000602,1,1,0
118000603,0,12,-12
118000605,64,149,-85
118900001,301,833,-532
118900002,529,658,-129
118900003,266,9,257
118900004,42,46,-4
118900005,52,2,50
118900006,89,1,88
118900007,6,2,4
118900008,1018,35,983
118900009,41,33,8
118900010,28,2,26
118900011,110,12,98
118900012,294,158,136
118900013,391,125,266
118900015,129,11,118
118900016,3,4,-1
118900017,150,196,-46
118900018,630,30,600
118900019,26,16,10
118900020,104,99,5
118900021,124,233,-109
118900022,91,46,45
118900023,82,49,33
118900024,68,88,-20
118900025,47,23,24
118900026,58,56,2
118900027,307,112,195
118900028,151,76,75
118900029,177,239,-62
118900030,307,50,257
118900031,113,58,55
118900032,150,118,32
118900033,231,323,-92
118900034,93,24,69
118900035,83,108,-25
118900036,834,389,445
118900037,251,163,88
118900038,290,87,203
118900039,437,100,337
118900040,141,152,-11
118900041,382,117,265
118900042,139,49,90
118900045,178,105,73
118900046,617,309,308
118900047,274,213,61
118900048,99,144,-45
118900049,25,32,-7
118900050,31,28,3
118900051,53,91,-38
118900052,218,135,83
118900053,22,69,-47
118900054,91,21,70
118900055,69,39,30
118900056,50,248,-198
118900057,530,339,191
118900058,343,201,142
118900059,21,43,-22
118900060,25,80,-55
118900062,205,158,47
118900064,263,333,-70
118900065,47,90,-43
118900066,58,62,-4
118900067,2358,2647,-289
118900068,3,192,-189
118900069,335,141,194
118900071,1,40,-39
118900072,347,190,157
118900073,163,50,113
118900074,100,56,44
118900075,57,36,21
118900076,131,65,66
118900077,198,122,76
118900078,26,2,24
118900079,28,111,-83
118900080,12,63,-51
118900081,33,26,7
118900082,631,131,500
118900083,18,0,18
118900084,17,14,3
118900085,408,470,-62
118900086,25,50,-25
118900087,29,152,-123
118900088,0,1,-1
118900089,27,14,13
118900090,355,231,124
118900091,79,136,-57
118900092,85,33,52
118900093,88,14,74
118900096,44,72,-28
118900097,173,205,-32
118900099,51,74,-23
118900100,100,135,-35
118900101,64,149,-85
118900102,27,76,-49
118900103,12,77,-65
118900104,153,71,82
118900105,119,52,67
118900107,60,33,27
118900108,78,43,35
118900110,769,604,165
118900111,380,256,124
118900112,57,131,-74
118900113,72,177,-105
118900114,15,55,-40
118900115,54,166,-112
118900116,70,170,-100
118900117,87,113,-26
118900118,221,218,3
118900119,111,116,-5
118900120,46,128,-82
118900121,19,98,-79
118900122,10,609,-599
118900123,110,118,-8
118900124,57,107,-50
118900126,19,215,-196
118900129,211,135,76
118900130,51,143,-92
118900131,127,138,-11
118900132,233,132,101
118900133,9,83,-74
118900135,148,100,48
118900136,173,257,-84
118900137,4,38,-34
118900139,164,154,10
118900140,267,305,-38
118900141,51,73,-22
118900144,110,174,-64
118900145,11,57,-46
118900146,265,375,-110
118900147,135,129,6
118900148,51,36,15
118900150,103,360,-257
118900152,379,376,3
118900157,44,94,-50
118900158,81,36,45
118900159,0,66,-66
118900161,58,4,54
118900163,51,40,11
118900164,0,62,-62
118900165,30,67,-37
118900166,12,1,11
118900167,42,77,-35
118900168,8,56,-48
118900169,78,97,-19
118900170,107,47,60
118900171,27,27,0
118900174,21,32,-11
118900175,292,340,-48
118900176,106,151,-45
118900177,29,27,2
118900178,23,71,-48
118900179,3,11,-8
118900181,45,65,-20
118900182,35,21,14
118900183,21,63,-42
118900184,184,38,146
118900185,63,56,7
118900186,52,73,-21
118900187,172,194,-22
118900188,204,130,74
118900189,24,480,-456
118900190,21,159,-138
118900191,152,33,119
118900192,147,12,135
118900193,467,4,463
118900195,238,324,-86
118900196,21,63,-42
118900197,103,24,79
118900198,27,6,21
118900199,57,23,34
118900200,11,14,-3
118900201,22,19,3
118900202,13,33,-20
118900203,11,7,4
118900204,9,10,-1
118900205,2,6,-4
118900206,0,11,-11
119000001,963,1018,-55
119000002,2940,1733,1207
119000003,1964,670,1294
119000004,1729,913,816
119000005,1222,1323,-101
119000006,2412,1154,1258
119000007,2652,2416,236
119000008,1412,1144,268
119000009,2507,3734,-1227
119000010,3841,2973,868
119000011,2497,2358,139
119000012,1769,2346,-577
119000013,2251,1276,975
119000014,1166,1764,-598
119000019,204,95,109
119000020,1721,1076,645
119000021,3553,1770,1783
119000022,952,1716,-764
119000023,181,214,-33
119000024,1258,8999,-7741
119000025,3287,873,2414
119000026,102,330,-228
119000027,194,323,-129
119000028,1019,551,468
119000029,67,219,-152
119000030,431,615,-184
119000031,602,391,211
119000032,1141,1471,-330
119000033,1617,833,784
119000034,768,542,226
119000035,30,223,-193
119000036,1657,482,1175
119000037,965,937,28
119000038,130,480,-350
119000039,322,240,82
119000040,585,553,32
119000041,487,961,-474
119000048,2120,1570,550
119000049,1584,1073,511
119000050,1059,1103,-44
119000051,1466,698,768
119000052,1184,1695,-511
119000053,1506,787,719
119000054,2536,1577,959
119000055,3778,1753,2025
119000056,2255,1240,1015
119000057,1220,1057,163
119000058,1343,997,346
119000059,938,876,62
119000060,1213,727,486
119000061,773,472,301
119000062,846,892,-46
119000063,464,341,123
119000064,544,631,-87
119000065,1321,2011,-690
119000066,1658,713,945
119000067,1480,1238,242
119000068,1257,685,572
119000069,1267,1346,-79
119000070,2104,580,1524
119000071,403,447,-44
119000072,3043,1848,1195
119000073,2904,5054,-2150
119000074,955,1221,-266
119000075,1881,1382,499
119000076,215,760,-545
119000077,465,355,110
119000078,274,184,90
119000079,126,445,-319
119000080,406,136,270
119000081,237,332,-95
119000082,607,203,404
119000083,417,304,113
119000084,212,325,-113
119000085,516,162,354
119000086,272,349,-77
119000087,1081,562,519
119000088,362,182,180
119000089,53,146,-93
119000090,99,115,-16
119000091,110,275,-165
119000092,332,147,185
119000093,2432,1520,912
119000094,2947,3445,-498
119000095,1421,1668,-247
119000097,1315,774,541
119000098,719,2124,-1405
119000099,1793,892,901
119000100,3051,2224,827
119000101,2648,1143,1505
119000102,473,786,-313
119000103,1025,388,637
119000104,1438,689,749
119000105,776,1528,-752
119000106,261,619,-358
119000107,732,291,441
119000108,278,489,-211
119000109,66,316,-250
119000110,295,254,41
119000111,17,454,-437
119000112,120,58,62
119000113,1157,200,957
119000114,683,677,6
119000115,92,90,2
119000116,71,42,29
119000117,81,208,-127
119000118,2,0,2
119000123,2107,1238,869
119000124,513,126,387
119000125,3331,433,2898
119000126,1145,542,603
119000127,418,254,164
119000128,13,1,12
119000131,668,353,315
119000132,1,0,1
119000133,1,6,-5
119000134,1067,410,657
119000135,114,93,21
119000136,179,97,82
119000137,186,156,30
119000138,395,133,262
119000139,238,109,129
119000140,249,216,33
119000284,822,1744,-922
119000285,1338,1228,110
119000286,4350,3305,1045
119000287,896,1199,-303
119000288,1360,722,638
119000289,1081,1573,-492
119000290,132,203,-71
119000291,12,146,-134
119000293,137,105,32
119000294,43,30,13
119000295,754,193,561
119000296,250,106,144
119000302,1118,769,349
119000303,19,105,-86
119000304,0,0,0
119000310,0,0,0
119000314,1130,7589,-6459
119000315,0,141,-141
119000316,95,63,32
119000317,70,121,-51
119900001,159,886,-727
119900002,91,154,-63
119900003,51,530,-479
119900004,231,957,-726
119900005,165,68,97
119900006,132,228,-96
119900007,928,168,760
119900008,12,26,-14
119900009,536,409,127
119900010,541,626,-85
119900011,26,84,-58
119900012,10,67,-57
119900013,1348,819,529
119900014,310,139,171
119900015,121,27,94
119900016,28,52,-24
119900017,31,22,9
119900018,1171,630,541
119900019,33,4,29
119900020,164,196,-32
119900021,122,40,82
119900022,62,520,-458
119900023,343,1315,-972
119900025,164,30,134
119900026,421,99,322
119900027,24,16,8
119900028,150,109,41
119900029,2,4,-2
119900030,418,263,155
119900031,29,363,-334
119900033,1190,209,981
119900034,322,67,255
119900037,174,19,155
119900038,34,206,-172
119900039,17,10,7
119900040,99,11,88
119900041,71,17,54
119900042,45,110,-65
119900043,62,84,-22
119900044,118,631,-513
119900046,114,35,79
119900047,251,64,187
119900048,115,28,87
119900049,136,7,129
119900050,67,81,-14
119900051,697,15,682
119900052,39,24,15
119900053,166,96,70
119900054,130,8,122
119900055,1008,324,684
119900057,139,50,89
119900058,209,3,206
119900059,66,29,37
119900060,196,14,182
119900061,201,6,195
119900062,46,4,42
119900063,6,39,-33
119900065,175,12,163
119900066,0,1,-1
119900067,90,17,73
119900068,427,3,424
119900069,98,7,91
119900070,707,10,697
119900071,470,17,453
119900073,1213,361,852
119900074,12,30,-18
119900075,2390,1695,695
119900076,535,189,346
119900077,713,457,256
119900078,636,631,5
119900079,387,117,270
119900080,214,165,49
119900081,332,46,286
119900082,1295,171,1124
119900083,236,70,166
119900084,326,227,99
119900085,46,47,-1
119900086,397,552,-155
119900087,306,232,74
119900088,44,24,20
119900089,17,273,-256
119900090,77,31,46
119900091,27,434,-407
119900092,25,237,-212
119900093,780,122,658
119900094,36,169,-133
119900095,122,53,69
119900096,16,87,-71
119900097,333,132,201
119900098,31,31,0
119900099,25,103,-78
119900100,1159,1782,-623
119900101,101,1058,-957
119900102,41,155,-114
119900103,35,164,-129
119900104,55,96,-41
119900105,608,1557,-949
119900106,21,68,-47
119900107,279,1310,-1031
119900108,2031,406,1625
119900109,19,102,-83
119900110,579,332,247
119900111,83,180,-97
119900112,704,334,370
119900113,64,182,-118
119900114,197,571,-374
119900115,306,589,-283
119900116,74,245,-171
119900117,240,339,-99
119900118,103,461,-358
119900119,181,112,69
119900120,480,273,207
119900121,280,444,-164
119900122,402,257,145
119900123,113,151,-38
119900124,136,393,-257
119900125,35,216,-181
119900126,1913,226,1687
119900127,1260,723,537
119900128,272,254,18
119900129,206,251,-45
119900130,14,131,-117
119900131,26,134,-108
119900132,8,121,-113
119900133,51,41,10
119900134,733,145,588
119900135,2,162,-160
119900136,163,203,-40
119900138,226,311,-85
119900139,10,81,-71
119900140,5,78,-73
119900141,64,468,-404
119900142,9,30,-21
119900143,12,131,-119
119900144,914,144,770
119900145,77,96,-19
119900146,92,94,-2
119900147,1,110,-109
119900148,168,43,125
119900149,534,3068,-2534
119900150,108,110,-2
119900151,1082,590,492
119900152,78,123,-45
119900153,112,35,77
119900154,32,221,-189
119900155,19,23,-4
119900156,17,3,14
119900157,110,82,28
119900158,169,74,95
119900159,3,628,-625
119900160,18,57,-39
119900161,93,97,-4
119900162,677,810,-133
119900163,61,110,-49
119900164,0,0,0
119900165,144,94,50
119900166,80,38,42
119900167,79,47,32
119900168,727,288,439
119900169,30,188,-158
119900170,155,237,-82
119900171,515,223,292
119900172,68,21,47
119900173,4,220,-216
119900174,2,75,-73
119900175,1125,412,713
119900177,12,121,-109
119900178,5,59,-54
119900179,65,382,-317
119900180,792,667,125
119900181,38,67,-29
119900182,1,147,-146
119900183,98,378,-280
119900184,1070,293,777
119900185,32,146,-114
119900186,27,691,-664
119900187,10,164,-154
119900188,79,184,-105
119900189,296,322,-26
119900190,58,189,-131
119900191,146,113,33
119900192,19,103,-84
119900193,266,105,161
119900194,26,72,-46
119900195,25,95,-70
119900196,491,212,279
119900197,144,110,34
119900198,78,131,-53
119900199,79,9,70
119900200,470,382,88
119900201,214,87,127
119900202,46,169,-123
119900203,140,361,-221
119900204,199,170,29
119900205,654,348,306
119900206,154,131,23
119900208,100,86,14
119900209,394,900,-506
119900210,38,18,20
119900211,50,5,45
119900212,164,164,0
119900213,9,52,-43
119900214,30,45,-15
119900215,40,48,-8
119900216,10,26,-16
119900217,16,39,-23
119900218,13,26,-13
119900219,2,59,-57
119900220,3,56,-53
119900221,17,149,-132
119900222,24,105,-81
119900223,29,38,-9
119900224,13,17,-4
119900225,532,28,504
119900226,328,1360,-1032
119900227,563,172,391
119900228,8,115,-107
119900229,303,236,67
119900230,828,257,571
119900231,213,110,103
119900232,145,89,56
119900233,32,9,23
119900234,16,29,-13
119900235,4,34,-30
119900236,16,110,-94
119900237,17,150,-133
119900238,9,63,-54
119900240,77,113,-36
119900241,110,154,-44
119900242,569,889,-320
119900244,366,708,-342
119900245,63,84,-21
119900246,228,452,-224
119900247,14,97,-83
119900248,43,179,-136
119900249,189,85,104
119900253,1233,231,1002
119900254,72,516,-444
119900255,56,533,-477
119900256,435,391,44
119900257,90,9,81
119900258,115,8,107
119900259,19,61,-42
119900260,95,7,88
119900261,219,78,141
119900262,1,122,-121
119900263,911,240,671
119900264,84,64,20
119900265,315,198,117
119900266,307,119,188
119900267,188,255,-67
119900268,91,71,20
119900269,583,566,17
119900271,14,55,-41
119900272,232,121,111
119900275,111,37,74
119900276,49,2,47
119900277,14,6,8
119900278,127,75,52
119900279,100,144,-44
119900280,411,83,328
119900281,1,195,-194
119900282,58,88,-30
119900283,6,131,-125
119900284,48,97,-49
119900285,14,48,-34
119900286,3,9,-6
119900288,3,11,-8
119900289,0,18,-18
119900290,2,5,-3
119900291,0,41,-41
119900292,52,60,-8
119900293,16,57,-41
119900294,22,24,-2
119900295,25,28,-3
119900296,47,103,-56
119900297,0,14,-14
119900298,5,9,-4
119900299,39,76,-37
119900300,121,54,67
119900301,26,15,11
119900302,13,31,-18
119900303,142,66,76
119900304,124,14,110
119900305,1,59,-58
119900306,11,2,9
119900307,31,33,-2
119900308,0,28,-28
119900309,30,115,-85
119900310,159,170,-11
119900311,103,56,47
119900312,99,29,70
119900313,175,139,36
119900314,117,284,-167
119900315,1375,1023,352
119900318,7,31,-24
119900319,41,100,-59
119900320,118,234,-116
119900321,83,2,81
120000001,4146,12624,-8478
120000002,2000,1847,153
120000003,2186,1174,1012
120000004,1904,1273,631
120000005,2388,1358,1030
120000006,1079,890,189
120000007,2241,2325,-84
120000008,782,868,-86
120000009,1415,726,689
120000010,1467,1512,-45
120000011,741,895,-154
120000012,1250,1449,-199
120000013,2427,1923,504
120000014,595,903,-308
120000015,1954,991,963
120000016,2960,1578,1382
120000017,2190,1802,388
120000018,2810,9424,-6614
120000019,869,1116,-247
120000020,2456,2518,-62
120000021,1624,1752,-128
120000022,2127,3072,-945
120000023,962,1260,-298
120000024,1157,1912,-755
120000025,2104,1312,792
120000026,1794,1306,488
120000027,1742,1821,-79
120000028,527,2161,-1634
120000029,1524,1045,479
120000030,114,689,-575
120000031,1374,3767,-2393
120000032,4963,2555,2408
120000033,3825,1047,2778
120000034,1740,1051,689
120000035,1670,1189,481
120000036,2274,3302,-1028
120000037,497,1175,-678
120000038,3456,2324,1132
120000039,489,559,-70
120000040,55,300,-245
120000041,1020,1040,-20
120000042,1417,1355,62
120000043,3919,1093,2826
120000044,4230,1107,3123
120000045,5133,733,4400
120000046,2992,1989,1003
120000047,535,4645,-4110
120000048,4559,2892,1667
120000049,2696,1962,734
120000050,2785,2663,122
120000051,2022,2696,-674
120000052,5457,1622,3835
120000053,1309,1400,-91
120000054,1138,2084,-946
120000055,1416,2878,-1462
120000056,3587,2698,889
120000057,2826,1113,1713
120000058,2245,1800,445
120000059,1,1363,-1362
120000061,92,449,-357
120000062,110,267,-157
120000063,1111,1713,-602
120000064,247,620,-373
120000065,410,942,-532
120000066,223,402,-179
120000067,60,344,-284
120000068,198,493,-295
120000069,556,476,80
120000070,71,371,-300
120000071,551,87,464
120000072,689,374,315
120000073,799,57,742
120000074,175,98,77
120000075,862,211,651
120000076,1747,305,1442
120000077,1732,542,1190
120000078,2833,1069,1764
120000079,323,218,105
120000080,195,217,-22
120000081,316,100,216
120000082,268,204,64
120000083,89,630,-541
120000084,297,229,68
120000085,228,236,-8
120000086,259,317,-58
120000087,184,289,-105
120000088,600,694,-94
120000089,833,409,424
120000090,540,300,240
120000091,687,612,75
120000092,970,413,557
120000093,367,306,61
120000094,189,500,-311
120000095,695,239,456
120000096,247,370,-123
120000098,690,449,241
120000099,308,473,-165
120000100,609,567,42
120000101,435,278,157
120000102,440,717,-277
120000103,1360,682,678
120000104,1603,342,1261
120000105,2827,570,2257
120000106,2174,487,1687
120000107,3248,412,2836
120000108,1145,95,1050
120000109,1070,52,1018
120000110,77,617,-540
120000111,73,623,-550
120000112,579,1430,-851
120000113,502,1152,-650
120000114,873,1256,-383
120000115,237,1200,-963
120000116,503,1138,-635
120000117,650,817,-167
120000118,57,25,32
120000119,15,39,-24
120000120,65,77,-12
120000121,18,41,-23
120000122,177,313,-136
120000123,2191,5010,-2819
120000124,348,232,116
120000125,438,386,52
120000126,246,714,-468
120000127,1299,728,571
120000128,1964,2843,-879
120000129,194,185,9
120000130,603,350,253
120000131,312,432,-120
120000134,273,556,-283
120000135,449,386,63
120000137,159,528,-369
120000138,848,269,579
120000139,189,318,-129
120000140,779,309,470
120000141,215,313,-98
120000142,447,392,55
120000143,0,62,-62
120000144,76,5,71
120000145,358,4,354
120000146,723,630,93
120000149,496,619,-123
120000150,1680,8404,-6724
120000151,372,297,75
120000152,528,114,414
120000153,149,312,-163
120000154,380,298,82
120000155,108,211,-103
120000156,482,874,-392
120000157,871,389,482
120000158,628,527,101
120000159,1535,1520,15
120000160,1885,1193,692
120000161,1906,1482,424
120000162,62,202,-140
120000163,623,744,-121
120000164,559,184,375
120000165,532,487,45
120000166,1278,344,934
120000167,113,79,34
120000168,6,233,-227
120000169,28,1196,-1168
120000170,26,857,-831
120000171,11,312,-301
120000172,13,256,-243
120000173,1213,1496,-283
120000174,192,57,135
120000175,138,27,111
120000176,75,26,49
120000177,772,73,699
120000178,16,10,6
120000179,83,26,57
120000180,135,54,81
120000181,47,638,-591
120000182,30,388,-358
120000183,7,132,-125
120000184,141,787,-646
120000186,45,618,-573
120000187,18,354,-336
120000188,54,465,-411
120000190,298,57,241
120000191,320,47,273
120000192,369,18,351
120000193,89,5,84
120000195,25,4,21
120000196,76,17,59
120000197,24,50,-26
120000198,165,50,115
120000199,96,2,94
120000200,83,1,82
120000201,20,12,8
120000202,5,53,-48
120000203,48,154,-106
120000207,2,34,-32
120000208,7,124,-117
120000209,8,50,-42
120000210,58,45,13
120000211,171,4,167
120000212,200,1,199
120000213,166,200,-34
120000214,0,153,-153
120000215,0,88,-88
120000216,101,19,82
120000217,397,744,-347
120000218,97,433,-336
120000219,3,255,-252
120000220,2,746,-744
120000225,1539,0,1539
120000226,335,5,330
120000227,808,62,746
120000228,7084,2286,4798
120000230,314,23,291
120000231,1102,1396,-294
120000233,286,6,280
120000235,231,392,-161
120000236,903,0,903
120000237,1,641,-640
120000238,2,682,-680
120000241,866,2516,-1650
120000412,393,9,384
120000413,220,164,56
120000414,58,3,55
120000415,0,47,-47
120000416,74,1,73
120000417,8,37,-29
120000418,165,9,156
120000419,2,118,-116
120000420,50,12,38
120000421,5874,3728,2146
120000422,99,1121,-1022
120000423,2,55,-53
120000424,124,96,28
120000436,83,529,-446
120000437,93,83,10
120000438,1254,133,1121
120000439,185,439,-254
120000443,142,0,142
120000444,1100,283,817
120000445,1333,672,661
120000446,414,162,252
120000447,188,0,188
120000449,117,2,115
120000450,11,91,-80
120000451,86,101,-15
120000452,195,1,194
120000453,0,141,-141
120000454,43,46,-3
120000455,34,35,-1
120000456,1761,2733,-972
120000457,668,297,371
120000458,358,454,-96
120000459,68,40,28
120000665,404,183,221
120000668,109,749,-640
120000669,100,126,-26
120000670,92,1149,-1057
120000671,1072,355,717
120000672,76,342,-266
120900001,60,103,-43
120900002,175,331,-156
120900003,134,6,128
120900004,17,72,-55
120900005,35,598,-563
120900006,374,186,188
120900007,161,52,109
120900008,227,662,-435
120900009,487,16,471
120900010,331,75,256
120900011,108,139,-31
120900012,116,847,-731
120900013,283,73,210
120900014,4,260,-256
120900015,663,67,596
120900016,773,52,721
120900017,1362,62,1300
120900018,75,190,-115
120900019,490,280,210
120900020,558,959,-401
120900021,664,169,495
120900022,33,182,-149
120900023,262,35,227
120900024,1303,300,1003
120900025,967,695,272
120900026,105,104,1
120900027,877,26,851
120900028,358,94,264
120900029,105,430,-325
120900030,1185,563,622
120900031,247,97,150
120900032,1022,82,940
120900033,872,56,816
120900034,11,1972,-1961
120900035,21,45,-24
120900037,156,9,147
120900038,39,263,-224
120900039,52,38,14
120900040,291,3,288
120900041,111,42,69
120900042,396,30,366
120900043,70,42,28
120900044,7,231,-224
120900045,104,30,74
120900046,477,4,473
120900047,121,86,35
120900048,116,26,90
120900049,508,1,507
120900050,1121,1147,-26
120900051,259,75,184
120900052,530,3,527
120900053,354,28,326
120900054,1086,314,772
120900055,377,4,373
120900056,444,22,422
120900057,174,9,165
120900058,493,0,493
120900059,100,1,99
120900060,66,9,57
120900061,188,113,75
120900062,184,2,182
120900063,581,11,570
120900064,584,0,584
120900065,466,0,466
120900066,295,196,99
120900067,170,39,131
120900068,250,2,248
120900069,221,33,188
120900071,12,0,12
120900072,742,4,738
120900073,473,62,411
120900074,525,8,517
120900076,327,2,325
120900077,1318,156,1162
120900078,815,469,346
120900079,722,66,656
120900080,759,939,-180
120900081,699,423,276
120900082,327,263,64
120900083,79,8,71
120900084,291,341,-50
120900085,39,111,-72
120900086,47,279,-232
120900087,345,300,45
120900088,160,339,-179
120900089,1656,2321,-665
120900090,253,46,207
120900091,559,703,-144
120900092,887,278,609
120900093,1107,98,1009
120900094,338,119,219
120900095,193,6,187
120900096,41,147,-106
120900097,406,398,8
120900098,178,73,105
120900099,59,33,26
120900100,49,127,-78
120900101,378,126,252
120900102,35,64,-29
120900103,77,131,-54
120900104,14,34,-20
120900105,28,260,-232
120900106,947,313,634
120900107,192,75,117
120900108,16,279,-263
120900109,49,305,-256
120900110,10,464,-454
120900111,154,191,-37
120900112,8,395,-387
120900113,16,419,-403
120900114,26,88,-62
120900115,151,184,-33
120900116,362,183,179
120900117,3,257,-254
120900118,13,433,-420
120900119,4725,2649,2076
120900120,51,245,-194
120900121,70,327,-257
120900122,393,251,142
120900123,0,234,-234
120900124,2,336,-334
120900125,5,305,-300
120900126,1214,619,595
120900127,6,249,-243
120900128,1015,895,120
120900129,37,147,-110
120900130,1,334,-333
120900131,100,59,41
120900132,848,117,731
120900133,103,421,-318
120900134,659,253,406
120900135,3,308,-305
120900136,66,55,11
120900137,189,53,136
120900138,22,148,-126
120900139,1,346,-345
120900140,1,54,-53
120900141,132,108,24
120900142,14,224,-210
120900143,3,450,-447
120900144,3,77,-74
120900145,69,479,-410
120900146,2,524,-522
120900147,11,312,-301
120900148,97,106,-9
120900149,0,141,-141
120900150,50,340,-290
120900151,0,382,-382
120900152,21,28,-7
120900153,44,82,-38
120900154,0,104,-104
120900155,139,523,-384
120900156,51,218,-167
120900157,89,328,-239
120900158,82,330,-248
120900159,181,435,-254
120900160,24,607,-583
120900161,52,328,-276
120900162,120,484,-364
120900163,131,544,-413
120900164,6,69,-63
120900165,56,355,-299
120900166,35,300,-265
120900167,185,100,85
120900169,85,209,-124
120900170,581,2226,-1645
120900171,512,130,382
120900172,258,965,-707
120900173,1,29,-28
120900174,5,71,-66
120900175,203,55,148
120900176,5,303,-298
120900177,3,942,-939
120900178,0,445,-445
120900179,633,287,346
120900180,58,137,-79
120900181,54,31,23
120900182,20,400,-380
120900183,618,121,497
120900184,323,34,289
120900185,4,239,-235
120900186,0,264,-264
120900187,503,623,-120
120900188,165,4,161
120900189,63,1262,-1199
120900190,67,5,62
120900191,5,17,-12
120900192,4529,6304,-1775
120900194,41,67,-26
120900195,69,139,-70
120900196,739,24,715
120900197,583,111,472
120900198,182,364,-182
120900199,324,359,-35
120900200,49,113,-64
120900201,347,84,263
120900202,1,77,-76
120900203,26,42,-16
120900204,78,113,-35
120900205,41,23,18
120900206,30,32,-2
120900207,57,684,-627
121000001,574,758,-184
121000002,1590,969,621
121000003,1957,1256,701
121000004,1673,2402,-729
121000005,1249,1778,-529
121000006,2052,1321,731
121000007,1654,2101,-447
121000008,3459,2619,840
121000009,3169,4063,-894
121000010,5102,3928,1174
121000011,5322,7716,-2394
121000012,10397,6977,3420
121000013,3690,4908,-1218
121000014,4742,3710,1032
121000015,2695,5313,-2618
121000016,3265,2395,870
121000017,1486,2546,-1060
121000018,2144,1176,968
121000019,9664,8140,1524
121000020,9289,12129,-2840
121000021,1454,1725,-271
121000022,1583,2085,-502
121000023,2298,1719,579
121000024,3501,3679,-178
121000025,389,842,-453
121000026,267,124,143
121000027,1150,895,255
121000028,690,320,370
121000029,635,416,219
121000030,403,260,143
121000031,445,418,27
121000032,157,83,74
121000034,196,150,46
121000035,88,138,-50
121000036,591,586,5
121000037,376,355,21
121000038,357,602,-245
121000039,148,249,-101
121000041,366,306,60
121000042,233,243,-10
121000043,449,336,113
121000044,956,593,363
121000045,234,135,99
121000046,424,480,-56
121000047,17,51,-34
121000049,904,394,510
121000050,220,858,-638
121000051,420,226,194
121000052,246,418,-172
121000053,248,99,149
121000054,24,242,-218
121000055,777,901,-124
121000056,592,741,-149
121000057,172,303,-131
121000058,305,159,146
121000059,1468,758,710
121000060,371,781,-410
121000061,72,212,-140
121000062,95,280,-185
121000063,599,604,-5
121000064,438,557,-119
121000065,184,332,-148
121000066,437,416,21
121000067,356,420,-64
121000068,455,273,182
121000069,273,581,-308
121000070,1191,763,428
121000071,927,1007,-80
121000072,636,458,178
121000073,689,617,72
121000074,57,97,-40
121000075,40,198,-158
121000076,415,269,146
121000077,83,134,-51
121000078,98,125,-27
121000080,1218,374,844
121000081,1786,2126,-340
121000082,87,183,-96
121000083,122,105,17
121000084,101,89,12
121000085,209,312,-103
121000086,207,446,-239
121000087,48,210,-162
121000088,376,353,23
121000089,277,301,-24
121000090,292,261,31
121000091,855,737,118
121000092,149,35,114
121000093,121,153,-32
121000094,419,512,-93
121000095,213,432,-219
121000096,1920,1701,219
121000097,533,1719,-1186
121000098,510,646,-136
121000099,589,459,130
121000100,755,252,503
121000101,348,168,180
121000102,229,129,100
121000103,153,120,33
121000104,197,91,106
121000105,317,173,144
121000106,286,222,64
121000107,1441,2059,-618
121000109,904,844,60
121000110,236,551,-315
121000114,2177,1541,636
121000115,973,427,546
121000116,243,709,-466
121000117,430,172,258
121000118,1158,143,1015
121000119,261,258,3
121000120,179,349,-170
121000121,331,802,-471
121000123,762,486,276
121000127,85,57,28
121000128,735,277,458
121000129,1004,400,604
121000130,523,498,25
121000131,1391,1319,72
121000132,1031,1670,-639
121000135,183,301,-118
121000136,772,638,134
121000137,358,235,123
121000138,636,752,-116
121000139,313,270,43
121000141,169,69,100
121000142,488,589,-101
121000143,104,20,84
121000144,556,1244,-688
121000145,359,648,-289
121000146,930,745,185
121000147,832,260,572
121000148,571,707,-136
121000149,1569,1002,567
121000152,316,260,56
121000153,1189,421,768
121000154,807,328,479
121000155,1062,649,413
121000156,342,613,-271
121000157,609,997,-388
121000158,380,271,109
121000159,181,239,-58
121000160,220,192,28
121000161,214,206,8
121000162,108,125,-17
121000165,1005,1484,-479
121000166,15,381,-366
121000168,258,179,79
121000169,54,81,-27
121000170,215,66,149
121000171,39,91,-52
121000172,564,337,227
121000173,804,785,19
121000174,275,330,-55
121000175,804,262,542
121000176,285,182,103
121000177,529,401,128
121000178,91,28,63
121000179,80,43,37
121000181,412,205,207
121000182,97,206,-109
121000183,61,73,-12
121000184,40,83,-43
121000185,52,202,-150
121000186,175,380,-205
121000187,149,125,24
121000188,97,97,0
121000192,745,327,418
121000193,479,307,172
121000194,1348,1418,-70
121000195,145,655,-510
121000196,450,140,310
121000197,99,448,-349
121000198,144,104,40
121000199,97,203,-106
121000200,456,67,389
121000201,9,138,-129
121000202,698,89,609
121000203,683,1143,-460
121000204,2268,470,1798
121000205,90,133,-43
121000206,72,28,44
121000207,1444,271,1173
121000208,2,173,-171
121000209,326,117,209
121000210,553,205,348
121000211,260,79,181
121000212,332,335,-3
121000213,6115,1764,4351
121000214,511,1384,-873
121000215,703,582,121
121000216,332,458,-126
121000217,2890,2210,680
121000218,361,1275,-914
121000219,1134,404,730
121000220,128,51,77
121000221,98,215,-117
121000222,1899,1805,94
121000223,277,333,-56
121000224,240,179,61
121000225,871,1889,-1018
121000226,1566,1050,516
121000227,10,127,-117
121000228,26,393,-367
121000229,273,244,29
121000230,44,1000,-956
121000231,772,23,749
121000232,306,249,57
121000233,447,232,215
121000234,28,61,-33
121000235,89,78,11
121000236,9,52,-43
121000237,48,28,20
121000238,5,65,-60
121000239,77,5,72
121000240,17,145,-128
121000241,78,20,58
121000242,117,736,-619
121000243,461,94,367
121000244,13,116,-103
121000245,93,20,73
121000246,7,99,-92
121000247,93,11,82
121000248,700,868,-168
121000249,77,163,-86
121000250,350,166,184
121000251,29,258,-229
121000252,77,45,32
121000253,276,234,42
121000254,653,169,484
121000255,92,162,-70
121000256,198,178,20
121000257,38,110,-72
121000258,122,86,36
121000259,40,41,-1
121000260,66,80,-14
121000261,55,62,-7
121000262,676,407,269
121000263,311,269,42
121000271,226,840,-614
121000273,31,4,27
121000274,18,72,-54
121000275,3,39,-36
121000276,10,27,-17
121000278,51,21,30
121000279,22,13,9
121000280,22,50,-28
121000289,179,17,162
121000290,761,609,152
121000294,139,52,87
121000297,488,786,-298
121000299,141,509,-368
121000300,497,373,124
121000302,32,642,-610
121000303,360,220,140
121000304,367,37,330
121000305,113,24,89
121000306,115,120,-5
121000308,114,168,-54
121000309,237,269,-32
121000310,68,194,-126
121000311,53,465,-412
121000312,225,142,83
121000313,180,264,-84
121000314,86,105,-19
121000315,20,73,-53
121000530,1331,892,439
121000531,1264,960,304
121000532,4710,5282,-572
121000533,2415,2383,32
121000918,55,76,-21
121000919,58,92,-34
121000938,98,243,-145
121000939,118,277,-159
121000956,1089,617,472
121000957,4,8,-4
121000958,34,26,8
121000959,605,351,254
121000960,906,1063,-157
121000961,326,55,271
121000962,339,443,-104
121000963,0,0,0
121000973,1,146,-145
121000976,9,135,-126
121000979,401,76,325
121000981,338,120,218
121000982,288,105,183
121000983,326,172,154
121000984,15,46,-31
121000985,545,240,305
121000986,284,129,155
121000987,190,520,-330
121000988,729,71,658
121001302,169,71,98
121001308,4,16,-12
121001309,18,111,-93
121001313,126,68,58
121001314,1118,1745,-627
121001315,3816,2120,1696
121001326,28,33,-5
121900001,86,93,-7
121900002,43,40,3
121900003,226,3,223
121900004,73,209,-136
121900005,31,10,21
121900006,82,12,70
121900007,1033,1142,-109
121900008,329,240,89
121900009,343,13,330
121900010,154,0,154
121900011,140,117,23
121900012,5,0,5
121900013,718,60,658
121900014,746,258,488
121900015,133,118,15
121900016,0,35,-35
121900017,386,236,150
121900018,265,6,259
121900019,278,134,144
121900020,20,2,18
121900021,747,16,731
121900022,168,158,10
121900023,85,117,-32
121900024,205,46,159
121900025,435,265,170
121900026,281,22,259
121900027,225,62,163
121900028,108,6,102
121900029,56,89,-33
121900030,309,393,-84
121900031,615,4290,-3675
121900032,59,35,24
121900033,107,170,-63
121900034,180,50,130
121900035,1747,1395,352
121900036,55,213,-158
121900037,100,690,-590
121900038,30,84,-54
121900039,204,32,172
121900040,60,66,-6
121900041,90,170,-80
121900042,233,87,146
121900043,2,7,-5
121900044,59,31,28
121900046,169,127,42
121900047,95,39,56
121900048,47,96,-49
121900050,19,28,-9
121900051,145,165,-20
121900052,119,24,95
121900053,260,184,76
121900054,265,627,-362
121900055,2,7,-5
121900058,161,83,78
121900059,253,70,183
121900060,84,270,-186
121900061,124,70,54
121900062,111,84,27
121900063,1084,363,721
121900064,139,302,-163
121900066,38,9,29
121900067,14,35,-21
121900069,143,84,59
121900070,104,83,21
121900071,238,139,99
121900072,34,96,-62
121900073,191,185,6
121900074,421,566,-145
121900075,305,430,-125
121900076,256,428,-172
121900077,19,20,-1
121900078,69,23,46
121900079,0,0,0
121900080,446,213,233
121900082,56,70,-14
121900084,11,73,-62
121900085,1,12,-11
121900086,7,43,-36
121900087,115,78,37
121900088,1014,1710,-696
121900089,134,146,-12
121900090,18,43,-25
121900091,58,48,10
121900092,54,54,0
121900093,69,50,19
121900094,13,6,7
121900095,178,99,79
121900096,785,415,370
121900097,376,103,273
121900098,5,7,-2
121900099,218,28,190
121900100,134,361,-227
121900101,102,86,16
121900102,5,89,-84
121900103,282,236,46
121900104,1013,226,787
121900105,197,137,60
121900106,1,12,-11
121900107,22,19,3
121900108,0,5,-5
121900109,179,113,66
121900110,374,401,-27
121900111,404,136,268
121900112,82,85,-3
121900113,47,223,-176
121900117,102,55,47
121900118,1046,382,664
121900119,113,64,49
121900120,32,758,-726
121900121,304,26,278
121900122,17,40,-23
121900123,117,269,-152
121900124,98,94,4
121900125,811,608,203
121900127,5,32,-27
121900128,61,32,29
121900129,329,137,192
121900130,53,120,-67
121900131,193,74,119
121900132,22,66,-44
121900133,44,891,-847
121900134,19,67,-48
121900135,2002,282,1720
121900136,275,145,130
121900137,32,267,-235
121900138,33,73,-40
121900139,196,447,-251
121900140,44,91,-47
121900141,58,22,36
121900142,97,61,36
121900143,11,70,-59
121900144,89,199,-110
121900145,193,175,18
121900146,340,433,-93
121900147,48,162,-114
121900148,112,158,-46
121900149,194,392,-198
121900150,47,102,-55
121900151,47,165,-118
121900152,61,62,-1
121900153,54,455,-401
121900154,11,176,-165
121900155,3,107,-104
121900156,104,91,13
121900157,1,216,-215
121900158,47,75,-28
121900159,1,132,-131
121900160,41,161,-120
121900161,201,208,-7
121900162,71,102,-31
121900163,245,279,-34
121900164,231,128,103
121900165,131,116,15
121900166,121,80,41
121900167,59,61,-2
121900168,75,128,-53
121900169,5,111,-106
121900170,2,106,-104
121900171,511,358,153
121900172,423,139,284
121900173,455,158,297
121900174,27,54,-27
121900175,142,151,-9
121900176,358,890,-532
121900177,87,65,22
121900178,12,32,-20
121900179,270,159,111
121900180,1685,3316,-1631
121900182,459,229,230
121900183,416,749,-333
121900184,60,317,-257
121900186,5,172,-167
121900187,31,117,-86
121900188,264,198,66
121900189,25,67,-42
121900190,122,258,-136
121900191,68,201,-133
121900192,187,578,-391
121900193,37,106,-69
121900194,5,124,-119
121900195,38,54,-16
121900196,429,509,-80
121900197,213,793,-580
121900198,782,737,45
121900199,3,26,-23
121900200,62,162,-100
121900201,536,478,58
121900202,64,398,-334
121900203,110,657,-547
121900204,529,890,-361
121900205,7,76,-69
121900206,11,22,-11
121900207,74,31,43
121900208,70,159,-89
121900209,36,27,9
121900210,847,628,219
121900211,296,251,45
121900212,66,46,20
121900213,154,35,119
121900214,3,265,-262
121900215,36,95,-59
121900216,22,127,-105
121900217,160,121,39
121900218,99,243,-144
121900220,108,4,104
121900221,186,303,-117
121900222,96,88,8
121900223,142,24,118
121900224,54,36,18
121900225,57,118,-61
121900226,204,142,62
121900227,146,319,-173
121900228,97,169,-72
121900230,52,146,-94
121900231,215,754,-539
121900232,123,182,-59
121900233,130,141,-11
121900234,211,106,105
121900235,350,92,258
121900236,200,70,130
121900237,112,155,-43
121900238,99,206,-107
121900239,107,22,85
121900240,161,79,82
121900241,45,43,2
121900242,33,24,9
121900245,179,24,155
121900246,1811,184,1627
121900247,139,137,2
121900248,679,816,-137
121900250,126,239,-113
121900251,310,23,287
121900252,313,100,213
121900253,109,695,-586
121900254,297,136,161
121900255,260,72,188
121900258,2462,1185,1277
121900259,282,370,-88
121900260,103,113,-10
121900261,137,360,-223
121900262,304,521,-217
121900263,203,142,61
121900264,965,748,217
121900265,198,160,38
121900266,368,88,280
121900267,84,36,48
121900269,124,487,-363
121900270,19,137,-118
121900271,15,73,-58
121900273,271,1055,-784
121900274,231,153,78
121900277,224,738,-514
121900278,68,594,-526
121900279,94,111,-17
121900280,60,213,-153
121900281,205,248,-43
121900284,43,3,40
121900286,71,56,15
121900287,8,14,-6
121900288,5,1,4
121900290,170,207,-37
121900291,213,451,-238
121900292,109,88,21
121900293,721,1709,-988
121900294,230,2,228
121900295,119,122,-3
121900296,32,105,-73
121900298,162,615,-453
121900299,0,7,-7
121900300,70,7,63
121900301,84,3,81
121900302,4,27,-23
121900303,243,194,49
121900304,1,18,-17
121900305,1,21,-20
121900306,172,0,172
121900307,88,12,76
121900308,12,174,-162
121900309,8,142,-134
121900310,24,222,-198
121900311,373,8,365
121900312,236,10,226
121900313,312,13,299
121900314,2,35,-33
121900315,6,0,6
121900316,0,24,-24
121900317,8,1,7
121900318,5,14,-9
121900319,31,52,-21
121900320,35,67,-32
121900321,14,1,13
121900322,1,10,-9
121900323,7,13,-6
121900324,2,42,-40
121900325,13,1,12
121900326,7,11,-4
121900327,6,20,-14
121900328,0,16,-16
121900329,0,76,-76
121900330,0,57,-57
121900331,6,4,2
121900332,34,20,14
121900333,22,1,21
121900334,41,47,-6
122000001,1136,3567,-2431
122000002,2067,912,1155
122000003,1128,2041,-913
122000004,1800,1008,792
122000005,1627,1583,44
122000006,1130,696,434
122000007,647,1259,-612
122000008,1545,2979,-1434
122000009,281,355,-74
122000010,1666,2047,-381
122000011,2069,1144,925
122000012,657,1259,-602
122000013,655,809,-154
122000014,1433,782,651
122000015,886,704,182
122000016,369,647,-278
122000017,805,815,-10
122000018,950,965,-15
122000019,625,753,-128
122000020,149,194,-45
122000021,153,323,-170
122000022,803,768,35
122000023,555,1006,-451
122000024,404,968,-564
122000025,596,1481,-885
122000026,544,1075,-531
122000027,448,1059,-611
122000028,630,322,308
122000029,312,312,0
122000030,158,97,61
122000031,106,186,-80
122000032,1406,1431,-25
122000033,415,998,-583
122000034,360,447,-87
122000035,200,556,-356
122000036,402,320,82
122000037,270,161,109
122000038,169,226,-57
122000039,434,250,184
122000040,173,208,-35
122000041,355,421,-66
122000042,216,284,-68
122000043,73,101,-28
122000044,74,123,-49
122000045,997,389,608
122000046,484,470,14
122000047,137,155,-18
122000048,2094,2874,-780
122000049,3521,2444,1077
122000050,906,557,349
122000051,173,360,-187
122000052,279,397,-118
122000053,156,722,-566
122000054,1490,1222,268
122000055,1355,2480,-1125
122000056,2763,2354,409
122000057,1855,2731,-876
122000058,1167,1246,-79
122000059,1315,1915,-600
122000060,339,550,-211
122000061,283,352,-69
122000062,543,240,303
122000063,634,601,33
122000064,2363,2350,13
122000065,2113,1528,585
122000066,671,664,7
122000067,948,774,174
122000068,959,693,266
122000069,494,462,32
122000070,543,844,-301
122000071,1249,648,601
122000072,254,363,-109
122000073,258,610,-352
122000074,1909,1006,903
122000075,529,755,-226
122000076,2525,983,1542
122000077,652,991,-339
122000078,1108,2450,-1342
122000079,515,977,-462
122000080,445,309,136
122000081,129,125,4
122000082,362,753,-391
122000083,1014,936,78
122000084,1141,593,548
122000085,173,523,-350
122000086,1523,3281,-1758
122000087,242,189,53
122000088,218,230,-12
122000089,2814,1395,1419
122000090,93,360,-267
122000091,106,82,24
122000092,68,15,53
122000093,1084,1557,-473
122000094,2923,1643,1280
122000095,862,2066,-1204
122000096,769,1012,-243
122000098,1754,1871,-117
122000099,925,569,356
122000100,522,358,164
122000101,211,303,-92
122000102,1234,739,495
122000103,1096,1001,95
122000104,353,105,248
122000105,382,156,226
122000106,311,443,-132
122000107,763,330,433
122000108,333,553,-220
122000109,352,236,116
122000110,303,444,-141
122000111,2100,979,1121
122000112,800,944,-144
122000113,568,456,112
122000114,1640,1128,512
122000115,1303,849,454
122000116,361,399,-38
122000117,746,291,455
122000118,422,498,-76
122000119,1794,1432,362
122000120,1061,2687,-1626
122000121,1017,1825,-808
122000122,433,856,-423
122000123,1189,1167,22
122000124,546,388,158
122000125,369,479,-110
122000126,383,602,-219
122000127,606,617,-11
122000128,278,408,-130
122000129,406,1079,-673
122000130,2027,961,1066
122000131,773,750,23
122000132,278,303,-25
122000133,658,720,-62
122000134,696,521,175
122000135,484,374,110
122000136,490,407,83
122000137,1149,614,535
122000139,767,2004,-1237
122000140,485,419,66
122000141,2056,648,1408
122000142,165,521,-356
122000143,261,314,-53
122000144,768,679,89
122000145,514,451,63
122000146,350,752,-402
122000147,352,328,24
122000148,889,1227,-338
122000149,1481,1023,458
122000150,867,595,272
122000151,116,318,-202
122000152,182,271,-89
122000153,231,214,17
122000154,206,192,14
122000155,968,1593,-625
122000156,1690,1929,-239
122000157,795,1585,-790
122000158,187,450,-263
122000159,428,1089,-661
122000160,2193,1547,646
122000161,916,706,210
122000162,1116,1266,-150
122000163,165,50,115
122000164,36,48,-12
122000165,512,492,20
122000166,682,659,23
122000167,192,210,-18
122000168,134,331,-197
122000169,217,154,63
122000170,224,177,47
122000171,31,73,-42
122000172,1271,976,295
122000173,1007,1562,-555
122000174,1648,712,936
122000175,699,177,522
122000176,207,606,-399
122000177,1068,1142,-74
122000178,1854,1545,309
122000179,1065,1778,-713
122000180,1077,1088,-11
122000181,1038,2440,-1402
122000182,1238,1184,54
122000183,1350,669,681
122000184,1968,1815,153
122000185,857,1451,-594
122000186,320,696,-376
122000187,1344,604,740
122000188,340,160,180
122000189,178,244,-66
122000190,599,892,-293
122000191,616,492,124
122000192,742,211,531
122000193,295,467,-172
122000194,377,130,247
122000195,111,372,-261
122000196,696,481,215
122000197,331,453,-122
122000198,320,675,-355
122000199,204,269,-65
122000200,712,396,316
122000201,813,1206,-393
122000202,833,1122,-289
122000203,1637,1018,619
122000204,763,1246,-483
122000205,733,917,-184
122000206,1861,644,1217
122000207,1329,824,505
122000208,1418,946,472
122000209,1372,311,1061
122000210,1330,1135,195
122000211,797,778,19
122000212,607,366,241
122000213,700,877,-177
122000214,1515,1220,295
122000215,1590,1295,295
122000217,1161,982,179
122000218,554,46,508
122000219,676,551,125
122000220,206,490,-284
122000221,30,263,-233
122000222,352,93,259
122000223,789,387,402
122000225,543,185,358
122000226,1054,1127,-73
122000227,177,1415,-1238
122000228,188,240,-52
122000229,21,302,-281
122000230,33,230,-197
122000231,182,381,-199
122000232,424,400,24
122000233,0,56,-56
122000234,311,49,262
122000235,337,63,274
122000236,897,54,843
122000237,87,70,17
122000238,211,269,-58
122000239,456,130,326
122000240,867,405,462
122000241,1310,345,965
122000242,411,39,372
122000243,190,29,161
122000244,80,176,-96
122000245,80,131,-51
122000246,305,127,178
122000247,307,282,25
122000248,648,882,-234
122000249,833,670,163
122000250,1439,787,652
122000251,151,310,-159
122000252,314,85,229
122000253,25,156,-131
122000254,184,63,121
122000255,456,746,-290
122000256,232,494,-262
122000257,147,153,-6
122000258,253,206,47
122000259,24,241,-217
122000260,8,49,-41
122000261,12,161,-149
122000262,0,28,-28
122000263,271,118,153
122000264,919,208,711
122000265,1581,613,968
122000266,2688,539,2149
122000267,72,71,1
122000268,79,207,-128
122000269,654,177,477
122000270,330,113,217
122000271,215,698,-483
122000272,260,551,-291
122000273,310,251,59
122000274,165,100,65
122000275,27,144,-117
122000276,538,348,190
122000277,853,1136,-283
122000278,1208,379,829
122000279,184,243,-59
122000280,624,368,256
122000281,554,397,157
122000282,129,270,-141
122000283,183,118,65
122000284,160,52,108
122000285,244,46,198
122000286,51,114,-63
122000287,920,1051,-131
122000288,452,226,226
122000291,1369,465,904
122000293,125,136,-11
122000294,120,175,-55
122000295,871,130,741
122000296,26,424,-398
122000297,1317,2480,-1163
122000299,422,253,169
122000300,438,438,0
122000301,4876,2312,2564
122000302,488,1283,-795
122000303,1933,864,1069
122000304,90,196,-106
122000305,997,119,878
122000306,39,327,-288
122000307,72,77,-5
122000309,29,38,-9
122000310,25,86,-61
122000311,166,114,52
122000312,93,177,-84
122000313,152,73,79
122000314,103,186,-83
122000315,249,39,210
122000316,636,161,475
122000317,1305,220,1085
122000318,284,692,-408
122000319,174,207,-33
122000320,230,682,-452
122000321,73,102,-29
122000322,1314,1474,-160
122000323,782,1613,-831
122000324,875,854,21
122000325,595,1454,-859
122000326,99,84,15
122000327,307,562,-255
122000328,471,301,170
122000330,1178,608,570
122000332,129,258,-129
122000333,11,83,-72
122000337,883,644,239
122000338,332,168,164
122000340,174,448,-274
122000342,791,527,264
122000343,416,572,-156
122000344,80,19,61
122000345,20,17,3
122000346,215,204,11
122000348,511,339,172
122000349,74,259,-185
122000351,138,164,-26
122000352,228,126,102
122000353,79,52,27
122000355,107,298,-191
122000356,725,737,-12
122000357,59,14,45
122000358,0,37,-37
122000359,0,23,-23
122000360,0,30,-30
122000362,9,28,-19
122000364,147,187,-40
122000365,1,29,-28
122000366,1,8,-7
122000368,277,391,-114
122000370,13,16,-3
122000371,25,0,25
122000372,15,0,15
122000381,95,212,-117
122000382,79,100,-21
122000384,1295,839,456
122000385,41,0,41
122000386,197,813,-616
122000387,269,440,-171
122000388,770,443,327
122000389,131,545,-414
122000390,188,157,31
122000391,202,232,-30
122000392,115,124,-9
122000393,30,109,-79
122000394,428,115,313
122000395,83,63,20
122000396,169,54,115
122000397,22,40,-18
122000398,19,37,-18
122000399,129,51,78
122000400,64,363,-299
122000401,100,41,59
122000402,224,91,133
122000403,316,393,-77
122000404,102,106,-4
122000408,583,801,-218
122000503,13,78,-65
122000524,82,97,-15
122000544,54,1243,-1189
122000616,244,6,238
122000640,77,66,11
122000641,155,143,12
122000642,926,508,418
122000643,25,99,-74
122000644,101,41,60
122000645,53,110,-57
122000651,673,790,-117
122000664,104,12,92
122000665,720,336,384
122000666,490,750,-260
122000673,47,107,-60
122000674,182,62,120
122000675,1348,491,857
122000686,350,533,-183
122000687,1126,191,935
122000688,236,312,-76
122000689,739,248,491
122000690,1822,227,1595
122000691,569,799,-230
122000692,749,181,568
122000693,257,796,-539
122000695,243,200,43
122000696,380,124,256
122000698,291,228,63
122000699,150,40,110
122000701,1287,239,1048
122000702,396,696,-300
122000703,157,42,115
122000712,0,0,0
122000717,56,39,17
122000718,251,662,-411
122000719,147,66,81
122000720,424,124,300
122000724,121,139,-18
122900001,31,8,23
122900002,753,4098,-3345
122900003,223,16,207
122900004,720,65,655
122900005,76,48,28
122900006,265,292,-27
122900007,78,36,42
122900008,235,141,94
122900009,379,262,117
122900010,133,75,58
122900012,146,253,-107
122900014,94,131,-37
122900015,767,602,165
122900016,95,154,-59
122900017,217,385,-168
122900018,132,11,121
122900019,7,90,-83
122900020,121,263,-142
122900021,30,279,-249
122900022,768,581,187
122900023,397,127,270
122900024,60,74,-14
122900025,9,187,-178
122900026,28,156,-128
122900027,25,422,-397
122900028,100,95,5
122900029,2726,1760,966
122900030,686,359,327
122900031,43,173,-130
122900032,73,234,-161
122900033,177,88,89
122900034,2697,3127,-430
122900035,18,19,-1
122900036,37,56,-19
122900037,231,95,136
122900038,72,1719,-1647
122900039,57,322,-265
122900040,164,283,-119
122900041,230,252,-22
122900042,95,175,-80
122900043,197,193,4
122900044,93,251,-158
122900045,86,64,22
122900046,113,226,-113
122900047,71,132,-61
122900048,37,135,-98
122900049,876,91,785
122900051,52,93,-41
122900052,92,113,-21
122900053,16,9,7
122900055,152,42,110
122900057,165,23,142
122900061,329,110,219
122900062,387,389,-2
122900063,121,138,-17
122900064,585,284,301
122900065,294,141,153
122900066,443,214,229
122900067,573,378,195
122900068,18,49,-31
122900069,145,870,-725
122900070,296,49,247
122900071,109,227,-118
122900072,10,274,-264
122900073,13,110,-97
122900074,686,315,371
122900075,0,42,-42
122900076,1,103,-102
122900077,1,51,-50
122900078,128,37,91
122900080,26,35,-9
122900081,125,89,36
122900082,650,73,577
122900083,83,62,21
122900084,3,82,-79
122900086,9,69,-60
122900087,182,317,-135
122900088,29,142,-113
122900089,8,147,-139
122900090,4,211,-207
122900091,180,0,180
122900092,0,50,-50
122900093,0,100,-100
122900094,2,66,-64
122900095,106,14,92
122900096,173,58,115
122900097,44,32,12
122900098,47,59,-12
122900099,81,11,70
122900100,80,156,-76
122900101,387,122,265
122900102,30,28,2
122900103,144,4,140
122900104,152,10,142
122900105,15,8,7
122900106,7,29,-22
122900107,4,72,-68
122900108,0,82,-82
123000001,934,361,573
123000002,2057,3815,-1758
123000003,2804,2862,-58
123000004,2212,2908,-696
123000005,2061,2118,-57
123000006,1740,1520,220
123000007,2872,1925,947
123000008,1820,2068,-248
123000009,3277,2072,1205
123000010,2310,2462,-152
123000011,1595,620,975
123000012,519,1520,-1001
123000013,2668,721,1947
123000014,637,2298,-1661
123000015,1598,791,807
123000016,2132,2891,-759
123000017,2492,1367,1125
123000018,119,63,56
123000019,322,121,201
123000020,145,27,118
123000021,101,96,5
123000022,261,1037,-776
123000023,1206,1264,-58
123000024,1332,537,795
123000025,218,65,153
123000026,21,40,-19
123000027,77,411,-334
123000028,700,628,72
123000029,383,1052,-669
123000030,187,145,42
123000031,148,118,30
123000032,365,103,262
123000033,203,69,134
123000034,747,555,192
123000035,233,241,-8
123000036,198,608,-410
123000037,180,157,23
123000038,52,181,-129
123000039,303,1125,-822
123000040,508,184,324
123000041,716,817,-101
123000042,492,441,51
123000043,1668,7819,-6151
123000044,2691,1570,1121
123000045,3333,1781,1552
123000046,398,1007,-609
123000047,871,740,131
123000048,55,810,-755
123000049,3953,6609,-2656
123000050,1125,1060,65
123000051,79,132,-53
123000052,611,2430,-1819
123000053,2010,2025,-15
123000054,1162,958,204
123000055,972,1829,-857
123000056,798,1096,-298
123000057,4837,4453,384
123000058,418,759,-341
123000059,246,310,-64
123000060,643,282,361
123000061,188,435,-247
123000063,576,670,-94
123000064,719,154,565
123000065,2372,1552,820
123000066,370,373,-3
123000067,622,336,286
123000068,1568,1673,-105
123000069,3980,1727,2253
123000070,164,443,-279
123000071,787,502,285
123000072,816,445,371
123000073,1193,520,673
123000074,903,586,317
123000075,268,830,-562
123000076,508,373,135
123000077,1462,1335,127
123000078,1408,1099,309
123000079,1380,1213,167
123000080,1612,999,613
123000081,99,219,-120
123000082,174,645,-471
123000083,743,189,554
123000084,552,369,183
123000085,317,47,270
123000086,484,88,396
123000087,241,147,94
123000088,818,441,377
123000089,596,694,-98
123000090,967,591,376
123000091,1058,949,109
123000092,725,803,-78
123000094,397,170,227
123000095,420,412,8
123000096,647,233,414
123000097,421,392,29
123000098,661,257,404
123000099,477,355,122
123000100,362,485,-123
123000101,344,408,-64
123000102,359,460,-101
123000104,315,357,-42
123000105,291,315,-24
123000106,375,338,37
123000107,313,401,-88
123000108,367,819,-452
123000111,757,238,519
123000112,877,318,559
123000113,350,566,-216
123000114,236,463,-227
123000115,242,180,62
123000116,45,88,-43
123000117,1143,981,162
123000118,310,398,-88
123000119,171,468,-297
123000120,203,512,-309
123000121,442,358,84
123000122,215,206,9
123000123,408,373,35
123000124,317,315,2
123000125,816,997,-181
123000126,918,2582,-1664
123000127,473,452,21
123000128,205,217,-12
123000129,627,155,472
123000130,487,61,426
123000131,740,557,183
123000132,250,353,-103
123000133,126,236,-110
123000134,171,90,81
123000135,1662,646,1016
123000136,144,375,-231
123000137,63,138,-75
123000138,63,174,-111
123000139,431,64,367
123000140,53,336,-283
123000141,548,65,483
123000142,720,595,125
123000143,736,1169,-433
123000144,6,47,-41
123000145,85,79,6
123000146,13,59,-46
123000147,69,67,2
123000149,221,276,-55
123000150,130,166,-36
123000151,180,364,-184
123000152,27,246,-219
123000153,95,594,-499
123000154,1019,1427,-408
123000155,1211,934,277
123000156,21,69,-48
123000157,364,499,-135
123000158,387,594,-207
123000159,2075,2032,43
123000160,721,516,205
123000161,1213,754,459
123000162,824,1146,-322
123000163,346,64,282
123000164,1196,243,953
123000165,345,830,-485
123000166,30,66,-36
123000167,113,139,-26
123000168,215,130,85
123000169,613,99,514
123000170,77,97,-20
123000171,549,13,536
123000172,104,272,-168
123000173,395,165,230
123000174,777,288,489
123000175,391,671,-280
123000176,676,175,501
123000177,167,405,-238
123000178,674,101,573
123000179,45,325,-280
123000180,1198,234,964
123000181,168,647,-479
123000182,163,147,16
123000183,156,421,-265
123000184,56,239,-183
123000185,535,251,284
123000186,4,261,-257
123000187,451,7,444
123000188,168,2,166
123000189,157,104,53
123000190,41,80,-39
123000192,26,227,-201
123000193,63,591,-528
123000194,338,181,157
123000195,245,36,209
123000196,281,34,247
123000197,83,69,14
123000198,21,878,-857
123000199,3,538,-535
123000200,492,10,482
123000201,968,20,948
123000202,19,602,-583
123000203,890,47,843
123000204,61,645,-584
123000205,392,935,-543
123000206,1767,214,1553
123000207,72,511,-439
123000208,403,132,271
123000209,1754,508,1246
123000210,409,1207,-798
123000211,460,1153,-693
123000212,2437,402,2035
123000213,532,70,462
123000215,89,177,-88
123000216,131,530,-399
123000217,133,24,109
123000218,25,386,-361
123000219,357,37,320
123000220,374,54,320
123000221,119,48,71
123000222,248,181,67
123000223,293,114,179
123000224,329,196,133
123000225,169,35,134
123000226,48,169,-121
123000227,47,147,-100
123000228,169,36,133
123000229,679,807,-128
123000232,81,338,-257
123000233,498,97,401
123000234,84,344,-260
123000235,921,186,735
123000236,193,421,-228
123000237,225,62,163
123000238,56,234,-178
123000239,367,632,-265
123000240,35,343,-308
123000241,265,56,209
123000242,97,115,-18
123000243,608,581,27
123000244,672,505,167
123000245,21,132,-111
123000249,210,368,-158
123000252,644,193,451
123000253,1016,401,615
123000254,509,452,57
123000255,867,612,255
123000256,19,89,-70
123000257,1548,969,579
123000258,643,434,209
123000259,319,345,-26
123000260,412,221,191
123000261,187,73,114
123000262,105,94,11
123000263,381,81,300
123000264,157,64,93
123000265,37,94,-57
123000266,396,362,34
123000267,462,271,191
123000268,44,67,-23
123000269,25,48,-23
123000270,25,42,-17
123000271,42,59,-17
123000272,503,212,291
123000273,261,488,-227
123000274,884,411,473
123000275,196,453,-257
123000278,1357,1537,-180
123000279,88,68,20
123000280,254,206,48
123000281,208,43,165
123000282,61,192,-131
123000283,111,65,46
123000284,55,41,14
123000286,101,257,-156
123000287,255,204,51
123000288,855,663,192
123000289,267,732,-465
123000291,122,621,-499
123000294,215,200,15
123000295,889,604,285
123000296,636,338,298
123000297,518,327,191
123000298,597,217,380
123000299,80,124,-44
123000300,744,612,132
123000301,108,156,-48
123000302,74,76,-2
123000303,62,134,-72
123000305,564,664,-100
123000306,83,64,19
123000309,58,34,24
123000310,38,25,13
123000311,0,44,-44
123000312,330,323,7
123000313,446,254,192
123000315,112,136,-24
123000316,516,203,313
123000317,158,81,77
123000318,50,125,-75
123000329,6,29,-23
123000337,893,579,314
123000338,219,95,124
123000339,200,52,148
123000340,75,178,-103
123000342,6,69,-63
123000343,36,6,30
123000344,748,199,549
123000345,231,344,-113
123000346,385,53,332
123000352,667,577,90
123000353,27,73,-46
123000354,148,3,145
123000355,0,176,-176
123000356,227,4,223
123000357,7,56,-49
123000359,4,63,-59
123000360,123,41,82
123000361,81,149,-68
123000362,289,41,248
123000363,55,88,-33
123000364,366,366,0
123000365,17,248,-231
123000366,271,1406,-1135
123000367,192,421,-229
123000370,14,92,-78
123000371,274,14,260
123000372,284,13,271
123000373,6,152,-146
123000374,6,103,-97
123000375,203,22,181
123000376,713,502,211
123000377,262,9,253
123000378,18,117,-99
123000379,0,88,-88
123000380,28,290,-262
123000381,97,58,39
123000382,466,68,398
123000383,66,742,-676
123000384,305,55,250
123000385,115,326,-211
123000436,33,717,-684
123000507,108,184,-76
123000508,119,749,-630
123000517,165,21,144
123000518,24,174,-150
123000519,98,36,62
123000520,24,170,-146
123000521,260,75,185
123000522,143,219,-76
123000541,6,1,5
123000542,0,5,-5
123000565,711,40,671
123000566,209,257,-48
123000567,67,136,-69
123000573,32,348,-316
123000574,582,37,545
123000575,1109,604,505
123000576,715,687,28
123000577,35,369,-334
123000578,369,54,315
123000579,1276,4025,-2749
123000580,126,31,95
123000582,343,33,310
123000583,7,215,-208
123000584,115,267,-152
123000585,1,40,-39
123000586,66,0,66
123000596,71,51,20
123000597,75,123,-48
123000602,33,3,30
123000603,677,317,360
123000604,416,321,95
123000605,551,84,467
123000606,0,283,-283
123000609,4,199,-195
123000610,98,65,33
123000613,38,133,-95
123000614,230,35,195
123000615,34,102,-68
123000616,505,29,476
123000617,74,141,-67
123000618,36,369,-333
123000619,330,32,298
123000620,10,255,-245
123000622,337,6,331
123000624,108,66,42
123000630,1146,295,851
123000631,239,599,-360
123000632,467,408,59
123000633,0,114,-114
123000634,43,94,-51
123000635,68,51,17
123000636,33,287,-254
123000637,175,14,161
123000638,430,16,414
123000639,521,3239,-2718
123000640,27,317,-290
123000648,334,84,250
123000649,44,237,-193
123900001,667,42,625
123900002,12,902,-890
123900003,184,265,-81
123900005,180,103,77
123900006,230,39,191
124000001,1553,144,1409
124000002,62,891,-829
124000003,740,97,643
124000004,40,336,-296
124000005,753,398,355
124000006,120,476,-356
124000007,382,69,313
124000008,4,312,-308
124000009,612,138,474
124000010,177,257,-80
124000011,791,184,607
124000012,161,320,-159
124000017,160,115,45
124000018,91,41,50
124000019,103,76,27
124000020,38,94,-56
124000021,75,66,9
124000022,54,142,-88
124000023,1011,1022,-11
124000024,770,295,475
124000025,852,1216,-364
124000026,601,696,-95
124000027,3537,3663,-126
124000028,1224,3039,-1815
124000030,1632,897,735
124000031,1169,2919,-1750
124000032,1476,521,955
124000033,819,376,443
124000034,446,597,-151
124000035,265,106,159
124000036,70,354,-284
124000037,216,860,-644
124000038,25,74,-49
124000039,553,345,208
124000040,311,677,-366
124000041,310,67,243
124000042,83,253,-170
124000043,86,56,30
124000044,59,111,-52
124000045,714,287,427
124000046,195,405,-210
124000047,1253,483,770
124000048,677,676,1
124000049,1264,407,857
124000050,531,801,-270
124000051,785,312,473
124000052,394,490,-96
124000053,437,1214,-777
124000054,586,289,297
124000055,1127,1973,-846
124000056,1254,810,444
124000057,810,408,402
124000058,315,690,-375
124000059,547,847,-300
124000060,613,367,246
124000061,1102,4629,-3527
124000062,3101,1239,1862
124000063,884,950,-66
124000064,1142,815,327
124000065,63,367,-304
124000066,189,64,125
124000067,164,90,74
124000068,64,103,-39
124000069,604,145,459
124000070,214,311,-97
124000071,101,82,19
124000072,111,229,-118
124000073,665,106,559
124000074,183,448,-265
124000075,214,35,179
124000076,10,74,-64
124000077,927,469,458
124000078,1642,936,706
124000079,209,759,-550
124000080,493,165,328
124000081,110,310,-200
124000082,62,140,-78
124000083,67,59,8
124000084,53,413,-360
124000085,84,52,32
124000086,37,125,-88
124000087,89,81,8
124000088,62,206,-144
124000089,670,206,464
124000090,101,185,-84
124000091,413,70,343
124000092,107,376,-269
124000093,86,67,19
124000094,89,327,-238
124000095,125,67,58
124000096,100,118,-18
124000097,89,97,-8
124000098,63,60,3
124000099,144,71,73
124000100,53,74,-21
124000101,68,76,-8
124000102,44,21,23
124000103,91,103,-12
124000104,55,39,16
124000105,92,68,24
124000106,55,39,16
124000107,17,141,-124
124000108,33,12,21
124000109,118,79,39
124000110,136,50,86
124000111,158,97,61
124000112,577,360,217
124000113,69,75,-6
124000114,218,251,-33
124000115,241,387,-146
124000116,88,82,6
124000117,34,71,-37
124000118,32,65,-33
124000119,604,264,340
124000120,375,282,93
124000121,1346,664,682
124000122,380,813,-433
124000123,772,301,471
124000124,293,610,-317
124000125,308,297,11
124000126,210,370,-160
124000127,629,201,428
124000128,449,485,-36
124000129,1596,1003,593
124000130,532,319,213
124000131,600,405,195
124000132,508,469,39
124000133,714,590,124
124000134,632,358,274
124000135,1179,1081,98
124000136,582,561,21
124000137,667,515,152
124000138,681,765,-84
124000139,315,31,284
124000140,23,247,-224
124000141,439,15,424
124000142,25,217,-192
124000143,91,7,84
124000144,8,86,-78
124000145,67,28,39
124000146,29,62,-33
124000148,12,71,-59
124000149,772,308,464
124000150,227,442,-215
124000151,734,267,467
124000152,505,912,-407
124000153,590,475,115
124000154,282,398,-116
124000155,1019,707,312
124000156,982,624,358
124000169,163,319,-156
124000170,282,237,45
124000171,200,119,81
124000172,179,260,-81
124000173,338,122,216
124000174,314,298,16
124000175,6,58,-52
124000176,32,23,9
124000177,7,28,-21
124000178,41,28,13
124000190,45,67,-22
124000191,91,137,-46
124000192,1149,282,867
124000193,194,606,-412
124000194,255,247,8
124000195,241,420,-179
124000196,627,542,85
124000197,24,25,-1
124000198,28,35,-7
124000201,237,424,-187
124000202,472,146,326
124000203,353,276,77
124000204,762,149,613
124000205,68,197,-129
124000206,578,170,408
124000207,0,34,-34
124000209,158,242,-84
124000210,447,112,335
124000211,572,1,571
124000212,1,168,-167
124000213,457,177,280
124000214,328,279,49
124000215,351,14,337
124000216,2,221,-219
124000329,59,699,-640
124000338,53,333,-280
124000339,832,84,748
124000341,1231,37,1194
124000344,15,2,13
124000357,982,1858,-876
124000358,716,1167,-451
124000359,941,508,433
124000360,739,393,346
124000361,1637,836,801
124000362,798,1168,-370
124000363,198,239,-41
124000364,391,435,-44
124000365,486,695,-209
124000366,964,639,325
124000367,81,266,-185
124000368,362,356,6
124000369,202,91,111
124000370,61,429,-368
124000402,16,12,4
124000403,90,11,79
124000404,1,42,-41
124000405,733,520,213
124000406,524,444,80
124000407,1,21,-20
124000411,5,142,-137
124000412,380,3,377
124000413,108,22,86
124000414,50,73,-23
124000415,28,52,-24
124000416,100,75,25
124000417,170,75,95
124000418,154,50,104
124000419,81,56,25
124000420,102,21,81
124000421,33,99,-66
124000422,11,7,4
124000423,91,18,73
124000424,4,74,-70
124000425,120,3,117
124000426,20,89,-69
124000427,115,7,108
124000428,8,42,-34
124000429,72,34,38
124000430,576,287,289
124000431,161,212,-51
124000432,168,499,-331
124000439,9,4,5
124000443,1,14,-13
124000445,255,1065,-810
124000446,740,161,579
124000447,12,86,-74
124900001,598,324,274
124900002,128,149,-21
124900003,1001,439,562
124900004,673,205,468
124900005,145,69,76
124900006,623,184,439
124900008,872,377,495
124900009,145,238,-93
124900010,120,75,45
124900011,456,206,250
124900012,331,99,232
124900013,332,104,228
124900014,246,48,198
124900015,132,248,-116
124900016,55,54,1
124900017,360,1371,-1011
124900018,62,8,54
124900020,49,38,11
124900021,247,24,223
124900022,26,7,19
124900024,216,4,212
124900026,96,12,84
124900027,138,390,-252
124900028,248,53,195
124900029,13,411,-398
124900030,1,60,-59
124900031,20,139,-119
124900032,119,153,-34
124900033,105,151,-46
124900034,2,69,-67
124900035,119,199,-80
124900036,2,43,-41
124900037,146,128,18
124900038,192,181,11
124900039,1,54,-53
124900040,112,64,48
124900041,269,593,-324
124900042,70,1,69
124900043,414,552,-138
124900044,68,1,67
124900045,369,813,-444
124900047,95,155,-60
124900048,153,67,86
124900050,109,146,-37
124900052,86,261,-175
124900053,86,229,-143
124900054,711,298,413
124900055,0,67,-67
124900057,9,37,-28
124900060,30,137,-107
124900061,113,8,105
124900062,167,20,147
124900066,1,11,-10
124900067,8,71,-63
124900068,193,384,-191
124900070,59,20,39
124900072,102,22,80
124900075,165,141,24
124900076,26,1056,-1030
124900077,24,75,-51
124900078,55,12,43
124900079,278,97,181
124900080,285,343,-58
124900081,1077,299,778
124900082,278,497,-219
124900083,216,291,-75
124900085,598,443,155
124900086,50,1037,-987
124900087,422,71,351
124900088,371,88,283
124900089,785,15,770
124900090,250,170,80
124900091,194,148,46
124900092,147,114,33
124900093,256,72,184
124900094,366,179,187
124900095,86,300,-214
124900096,323,147,176
124900097,291,41,250
124900098,71,160,-89
124900099,331,291,40
124900100,240,22,218
124900101,74,274,-200
124900102,159,4,155
124900103,104,96,8
124900104,98,74,24
124900105,86,49,37
124900106,245,26,219
124900107,61,14,47
124900108,116,81,35
124900111,2,118,-116
124900112,61,237,-176
124900113,60,273,-213
124900114,77,97,-20
124900115,26,45,-19
124900116,178,151,27
124900117,162,117,45
124900118,149,288,-139
124900119,279,95,184
124900120,28,193,-165
124900121,64,281,-217
124900122,152,109,43
124900123,143,93,50
124900124,80,185,-105
204000001,133,6,127
204000002,9,2,7
204000003,11,1,10
204000004,1,1,0
204000005,571,467,104
204000006,1047,1024,23
204000011,12,29,-17
204000012,49,65,-16
204000019,711,344,367
204000020,680,364,316
204000021,888,528,360
204000022,515,374,141
204000023,469,457,12
204000031,47,7,40
204000032,262,20,242
204000034,42,101,-59
204000035,0,2,-2
204000036,4,7,-3
204000037,5,13,-8
204000038,0,10,-10
204000039,2,12,-10
204000040,3,20,-17
204000041,9,19,-10
204000042,21,3,18
204000043,25,1,24
204000044,18,1,17
204000045,35,3,32
204000046,8,2,6
204000057,3,6,-3
204000062,21,24,-3
204000068,15,180,-165
204000069,64,260,-196
204000070,72,68,4
204000080,47,70,-23
204000085,1704,915,789
204000086,1704,1179,525
204000087,43,12,31
204000088,5,67,-62
204000090,57,145,-88
204000093,340,54,286
204000096,809,787,22
204000097,386,10,376
204000099,837,1229,-392
204000100,1113,1443,-330
204000105,1714,788,926
204000110,335,657,-322
204000111,379,379,0
204000112,444,377,67
204000113,327,425,-98
204000114,562,519,43
204000115,505,216,289
204000116,428,322,106
204000119,1496,1926,-430
204000132,632,289,343
204000133,911,146,765
204000134,169,85,84
204000135,627,54,573
204000136,761,154,607
204000138,332,417,-85
204000140,197,150,47
204000141,146,82,64
204000144,3,27,-24
204000145,386,29,357
204000146,15,236,-221
204000147,19,112,-93
204000148,187,23,164
204000154,0,3,-3
204000155,2,5,-3
204000177,42,46,-4
204000179,41,5,36
204000180,0,30,-30
204000222,3,4,-1
204000235,30,3,27
204000236,33,128,-95
204000238,18,42,-24
204000240,255,56,199
204000263,518,586,-68
204000268,763,514,249
204000308,87,16,71
204000317,7,35,-28
204000322,8,30,-22
204000323,8,3,5
204000328,162,50,112
204000329,52,91,-39
204000330,156,21,135
204000331,82,89,-7
205000001,654,1217,-563
205000013,5,52,-47
205000014,11,57,-46
205000015,26,97,-71
205000016,15,112,-97
205000017,25,47,-22
205000022,261,613,-352
205000025,993,833,160
205000029,227,12,215
205000045,112,665,-553
205000046,92,481,-389
205000047,27,293,-266
205000048,308,556,-248
205000049,154,538,-384
205000050,380,264,116
205000059,0,209,-209
205000060,0,112,-112
205000061,4,126,-122
205000062,2,131,-129
205000063,33,110,-77
205000064,33,69,-36
205000065,87,430,-343
205000066,169,396,-227
205000067,48,590,-542
205000069,260,11,249
205000082,112,113,-1
205000110,49,180,-131
205000111,201,210,-9
205000112,139,168,-29
205000113,138,251,-113
205000121,164,43,121
205000123,46,149,-103
205000126,360,92,268
205000127,719,126,593
205000128,383,53,330
205000129,607,80,527
205000130,131,30,101
205000131,80,14,66
205000132,107,3,104
205000133,85,0,85
205000134,221,0,221
205000137,41,97,-56
205000138,84,199,-115
205000139,25,94,-69
205000144,58,63,-5
205000145,173,95,78
205000151,135,26,109
205000152,136,15,121
205000153,192,19,173
205000154,58,24,34
205000155,89,9,80
205000207,4,127,-123
205000233,28,4,24
205000234,0,0,0
205000243,0,1,-1
205000244,0,2,-2
205000245,6,131,-125
205000249,0,37,-37
205000250,2,1,1
205000264,5,66,-61
206000027,4,4,0
206000028,2,1,1
206000043,5,28,-23
206000053,1,9,-8
206000054,3,14,-11
206000055,2,15,-13
206000075,15,17,-2
206000076,12,14,-2
206000077,24,5,19
206000078,15,8,7
206000079,19,7,12
206000082,318,42,276
206000100,18,276,-258
206000103,7,18,-11
206000104,9,27,-18
206000105,13,10,3
206000106,5,11,-6
206000125,56,0,56
206000157,39,329,-290
206000170,1,80,-79
206000171,3,125,-122
206000172,3,142,-139
206000173,2,104,-102
206000174,5,39,-34
206000175,3,55,-52
206000176,4,80,-76
206000177,0,54,-54
206000178,0,122,-122
206000179,3,44,-41
206000180,16,68,-52
206000181,5,79,-74
206000182,5,57,-52
206000183,29,197,-168
206000184,13,122,-109
206000185,2,52,-50
206000186,52,371,-319
206000223,3,116,-113
206000226,12,1,11
206000227,17,1,16
206000237,16,146,-130
206000238,32,271,-239
206000239,135,903,-768
206000240,0,47,-47
206000241,0,49,-49
206000242,3,96,-93
206000243,6,69,-63
206000244,46,170,-124
206000245,710,42,668
206000246,231,9,222
206000247,251,5,246
206000248,382,20,362
206000252,34,30,4
206000258,21,30,-9
206000315,18,7,11
206000317,527,84,443
206000318,650,51,599
206000319,1463,65,1398
206000320,209,23,186
206000321,207,10,197
206000322,494,11,483
206000323,183,2,181
206000324,193,4,189
206000325,194,18,176
206000326,138,1,137
206000327,112,7,105
206000328,181,3,178
206000329,237,9,228
206000330,48,6,42
206000331,184,3,181
206000332,40,2,38
206000333,580,0,580
206000334,252,5,247
206000335,0,5,-5
206000361,5,125,-120
206000392,2,15,-13
206000405,144,0,144
206000441,34,14,20
206000498,28,1,27
206000515,45,31,14
206000530,306,67,239
206000531,194,157,37
206000532,1403,262,1141
206000535,105,1097,-992
206000536,18,74,-56
206000537,14,79,-65
206000613,1486,176,1310
206000784,414,23,391
207000001,146,411,-265
207000002,78,213,-135
207000003,123,137,-14
207000007,1096,214,882
207000008,111,3,108
207000009,40,46,-6
207000010,262,212,50
207000012,408,159,249
207000015,162,622,-460
207000019,190,55,135
207000021,455,123,332
207000022,163,79,84
207000023,156,25,131
207000024,1,10,-9
207000025,14,55,-41
207000026,88,35,53
207000027,20,63,-43
207000028,36,116,-80
207000029,188,261,-73
207000033,148,350,-202
207000034,237,64,173
207000039,432,69,363
207000040,368,37,331
207000041,54,14,40
207000042,158,27,131
207000043,204,146,58
207000051,84,142,-58
207000052,12,83,-71
207000053,299,357,-58
207000054,39,68,-29
207000055,176,90,86
207000056,216,198,18
207000057,88,187,-99
207000058,182,210,-28
207000059,102,267,-165
207000060,54,126,-72
207000061,158,670,-512
207000062,373,31,342
207000063,413,74,339
207000064,338,80,258
207000065,336,160,176
207000066,209,128,81
207000067,30,48,-18
207000068,124,33,91
207000069,683,266,417
207000082,9,108,-99
207000083,50,126,-76
207000084,271,192,79
207000085,197,25,172
207000086,207,7,200
207000106,26,17,9
207000107,86,9,77
207000108,76,9,67
207000109,49,13,36
207000110,28,66,-38
207000111,73,52,21
207000112,88,471,-383
207000114,11,22,-11
207000115,17,49,-32
207000116,19,274,-255
207000117,7,55,-48
207000118,4,49,-45
207000119,38,33,5
207000123,145,11,134
207000124,46,20,26
207000125,58,27,31
207000126,46,38,8
207000134,126,87,39
207000135,23,105,-82
207000148,61,189,-128
207000149,56,26,30
207000152,115,332,-217
207000153,531,978,-447
207000154,341,106,235
207000159,80,98,-18
207000160,97,222,-125
207000238,0,94,-94
207000242,3,80,-77
207000248,13,18,-5
207000249,69,25,44
207000250,311,39,272
207000251,64,43,21
207000252,40,46,-6
207000278,99,67,32
207000279,19,89,-70
207000280,634,69,565
207000281,84,435,-351
207000282,106,108,-2
207000283,52,181,-129
207000284,41,276,-235
207000285,60,126,-66
207000291,10,57,-47
207000304,90,50,40
207000306,30,246,-216
207000310,64,51,13
207000353,252,3,249
207000356,8,24,-16
207000357,16,14,2
207000358,5,19,-14
207000415,6,129,-123
207000417,53,3,50
207000418,117,86,31
207000438,0,0,0
207000439,683,455,228
207000446,144,8,136
207000460,45,7,38
207000466,152,84,68
207000467,268,54,214
207000468,40,157,-117
207000476,8,37,-29
207000477,523,34,489
207000478,0,28,-28
207000523,0,17,-17
207000524,98,2,96
207000527,133,117,16
207000530,482,21,461
207000531,287,19,268
207000532,43,21,22
207000534,225,47,178
207000535,33,250,-217
207000537,10,53,-43
207000540,3,82,-79
207000541,0,182,-182
207000548,5,140,-135
207000549,201,18,183
207000561,143,151,-8
207000562,30,86,-56
207000567,114,183,-69
207000568,169,18,151
207000569,489,260,229
207000584,160,78,82
207000585,29,244,-215
207000587,113,10,103
207000616,0,56,-56
207000617,116,0,116
207000624,34,35,-1
207000631,2,48,-46
207900008,247,52,195
208000001,528,828,-300
208000002,531,362,169
208000003,992,276,716
208000004,827,563,264
208000005,0,9,-9
208000019,538,740,-202
208000020,161,360,-199
208000021,243,214,29
208000022,784,324,460
208000028,694,1076,-382
208000033,419,433,-14
208000034,714,1076,-362
208000037,188,12,176
208000040,146,112,34
208000041,576,436,140
208000042,788,520,268
208000047,120,175,-55
208000064,1837,1086,751
208000066,1288,1871,-583
208000070,334,264,70
208000071,412,474,-62
208000072,429,816,-387
208000080,283,286,-3
208000081,357,98,259
208000082,274,162,112
208000083,114,242,-128
208000084,8,11,-3
208000085,567,434,133
208000086,370,701,-331
208000087,299,541,-242
208000089,874,264,610
208000090,895,347,548
208000093,162,184,-22
208000094,445,274,171
208000095,615,298,317
208000104,801,636,165
208000105,586,713,-127
208000114,87,248,-161
208000115,386,261,125
208000116,522,863,-341
208000117,124,135,-11
208000118,73,126,-53
208000155,578,688,-110
208000158,931,2722,-1791
208000186,2490,3298,-808
208000204,504,688,-184
208000205,933,588,345
208000282,3380,2271,1109
209000004,319,171,148
209000005,31,30,1
209000006,298,123,175
209000007,210,239,-29
209000010,272,93,179
209000011,98,165,-67
209000012,60,106,-46
209000013,164,145,19
209000014,326,523,-197
209000025,280,43,237
209000026,621,133,488
209000027,318,448,-130
209000028,234,311,-77
209000029,318,300,18
209000030,282,544,-262
209000031,1459,997,462
209000034,147,252,-105
209000035,128,152,-24
209000036,249,99,150
209000037,337,174,163
209000038,121,144,-23
209000039,91,104,-13
209000040,245,353,-108
209000041,129,298,-169
209000042,228,268,-40
209000043,592,614,-22
209000044,182,585,-403
209000045,1093,284,809
209000046,434,304,130
209000047,398,157,241
209000048,519,262,257
209000049,78,51,27
209000050,220,68,152
209000051,194,144,50
209000052,109,136,-27
209000062,25,37,-12
209000063,72,51,21
209000064,36,37,-1
209000065,74,16,58
209000066,82,16,66
209000067,60,24,36
209000080,35,108,-73
209000082,68,33,35
209000091,34,59,-25
209000093,52,11,41
209000094,115,111,4
209000110,45,114,-69
209000111,363,1019,-656
209000112,864,318,546
209000113,1154,306,848
209000114,596,246,350
209000115,91,52,39
209000116,368,229,139
209000118,4,19,-15
209000119,15,11,4
209000121,114,280,-166
209000135,61,148,-87
209000142,519,1179,-660
209000143,32,47,-15
209000144,46,91,-45
209000229,232,82,150
209000240,37,139,-102
209000259,65,65,0
209000260,33,560,-527
209000261,5,330,-325
209000262,6,266,-260
209000263,0,144,-144
209000264,0,258,-258
209000265,303,1,302
209000266,79,0,79
209000267,688,2,686
209000268,456,51,405
210000037,55,38,17
210000047,65,19,46
210000048,93,19,74
210000049,53,1,52
210000052,36,47,-11
210000053,16,39,-23
210000054,31,60,-29
210000070,92,3,89
210000071,70,0,70
210000072,22,0,22
210000073,0,18,-18
210000074,0,95,-95
210000075,2,67,-65
210000076,3,87,-84
210000077,15,24,-9
210000078,30,37,-7
210000079,21,9,12
210000080,41,69,-28
210000081,156,15,141
210000082,72,1,71
210000083,44,0,44
210000084,43,0,43
210000085,0,28,-28
210000086,0,54,-54
210000099,33,206,-173
210000100,34,156,-122
210000101,58,139,-81
210000105,32,146,-114
210000159,1,104,-103
210000163,100,192,-92
210000164,255,159,96
210000168,96,29,67
210000187,0,8,-8
210000188,0,19,-19
210000214,21,0,21
210000219,19,55,-36
210000220,113,34,79
210000232,4,9,-5
210000233,26,50,-24
210000234,17,86,-69
210000235,46,44,2
210000245,1,24,-23
210000246,25,10,15
210000258,9,51,-42
210000259,274,65,209
210000282,59,152,-93
210000285,0,90,-90
210000286,9,76,-67
210000290,0,3,-3
210000295,32,90,-58
210000296,40,29,11
210000320,155,38,117
210000321,139,38,101
210000338,38,43,-5
210000339,221,968,-747
210000340,93,322,-229
210000341,162,200,-38
210000342,136,135,1
210000343,164,175,-11
210000344,97,92,5
210000345,103,188,-85
210000346,79,78,1
210000347,43,36,7
210000348,92,24,68
210000349,41,23,18
210000350,115,57,58
210000351,163,78,85
210000352,52,46,6
210000353,49,63,-14
210000354,46,64,-18
210000355,33,50,-17
210000356,11,55,-44
210000357,64,65,-1
210000358,210,119,91
210000359,66,61,5
210000360,108,90,18
210000361,131,98,33
210000362,243,127,116
210000363,516,180,336
210000364,87,127,-40
210000365,112,55,57
210000366,100,22,78
210000367,75,32,43
210000368,107,37,70
210000369,18,23,-5
210000370,43,29,14
210000372,25,16,9
210000373,21,17,4
210000374,48,37,11
210000375,25,35,-10
210000376,58,69,-11
210000404,43,57,-14
210000439,32,30,2
210000472,67,3,64
210000482,69,63,6
210000564,191,216,-25
210000567,0,25,-25
210000568,266,0,266
211000092,19,32,-13
211000094,22,3,19
211000169,143,13,130
211000172,1,172,-171
211000209,0,12,-12
211000226,7,9,-2
211000270,19,10,9
211000275,14,11,3
211000276,54,13,41
211000279,12,18,-6
211000281,76,24,52
211000302,9,39,-30
211507980,3,38,-35
211977296,38,8,30
212000003,132,46,86
212000004,25,31,-6
212000005,20,36,-16
212000006,38,34,4
212000008,148,67,81
212000009,37,89,-52
212000012,73,65,8
212000013,33,37,-4
212000014,260,111,149
212000015,330,172,158
212000016,412,376,36
212000027,425,243,182
212000028,323,251,72
212000029,224,193,31
212000030,37,26,11
212000031,71,40,31
212000048,40,155,-115
212000049,24,102,-78
212000050,12,14,-2
212000051,167,101,66
212000052,147,156,-9
212000053,339,291,48
212000054,226,62,164
212000055,213,128,85
212000056,11,29,-18
212000057,15,14,1
212000058,142,30,112
212000070,110,134,-24
212000077,121,337,-216
212000099,202,196,6
212000108,141,106,35
212000111,240,61,179
212000120,118,48,70
212000138,142,31,111
212000156,10,75,-65
212000158,13,16,-3
212000159,445,39,406
212000160,655,174,481
212000161,84,5,79
212000310,37,8,29
212000311,18,39,-21
212000374,34,14,20
213000001,38,219,-181
213000005,319,96,223
213000006,738,277,461
213000007,106,14,92
213000009,555,405,150
213000010,153,281,-128
213000011,166,94,72
213000012,63,208,-145
213000014,85,19,66
213000015,184,6,178
213000016,292,1,291
213000017,62,0,62
213000018,0,95,-95
213000019,2,87,-85
213000020,101,232,-131
213000021,3,83,-80
213000023,317,153,164
213000033,263,1392,-1129
213000034,577,154,423
213000035,108,152,-44
213000045,158,218,-60
213000046,178,136,42
213000047,481,1013,-532
213000056,99,19,80
213000069,121,3,118
213000073,1,56,-55
213000074,54,326,-272
213000075,442,2,440
213000076,18,0,18
213000085,16,45,-29
213000086,10,148,-138
213000091,222,10,212
213000092,68,7,61
213000099,177,793,-616
213000100,945,222,723
213000101,352,87,265
213000102,338,143,195
213000103,648,502,146
213000104,50,252,-202
213000105,3,142,-139
213000106,36,67,-31
213000107,177,310,-133
213000108,31,294,-263
213000109,17,165,-148
213000110,13,51,-38
213000111,16,59,-43
213000112,120,88,32
213000115,45,8,37
213000116,44,263,-219
213000117,6,431,-425
213000118,466,194,272
213000119,36,465,-429
213000120,82,295,-213
213000122,127,342,-215
213000123,226,675,-449
213000124,84,701,-617
213000125,118,28,90
213000126,32,76,-44
213000127,71,144,-73
213000128,289,749,-460
213000129,249,638,-389
213000130,546,285,261
213000132,435,86,349
213000133,583,95,488
213000134,831,24,807
213000136,460,12,448
213000137,577,71,506
213000139,237,29,208
213000147,69,4,65
213000148,20,20,0
213000149,35,7,28
213000150,0,167,-167
213000151,20,128,-108
213000152,4,79,-75
213000153,8,178,-170
213000154,37,147,-110
213000155,39,125,-86
213000156,87,288,-201
213000157,425,266,159
213000158,260,680,-420
213000159,498,337,161
213000163,777,79,698
213000165,734,162,572
213000171,0,34,-34
213000172,1,110,-109
213000173,0,113,-113
213000174,0,64,-64
213000175,8,39,-31
213000176,33,19,14
213000177,77,2,75
213000178,150,4,146
213000179,176,0,176
213000180,166,0,166
213000184,64,289,-225
213000188,249,83,166
213000189,346,30,316
213000190,673,541,132
213000191,294,236,58
213000192,236,198,38
213000193,562,175,387
213000194,1,102,-101
213000195,22,244,-222
213000196,205,827,-622
213000197,360,340,20
213000198,45,1,44
213000200,109,565,-456
213000201,37,43,-6
213000202,13,399,-386
213000203,1980,421,1559
213000204,627,45,582
213000205,231,49,182
213000206,311,46,265
213000207,132,10,122
213000208,83,2,81
213000209,101,5,96
213000210,250,6,244
213000211,3,33,-30
213000212,43,26,17
213000213,26,57,-31
213000218,211,314,-103
213000219,424,22,402
213000220,336,15,321
213000223,125,191,-66
213000224,48,61,-13
213000225,49,15,34
213000226,84,12,72
213000227,768,176,592
213000228,307,93,214
213000229,114,36,78
213000230,464,31,433
213000232,47,791,-744
213000233,9,91,-82
213000234,7,51,-44
213000293,12,93,-81
213000294,120,17,103
213000295,11,113,-102
213000296,30,9,21
213000297,5,71,-66
213000298,9,50,-41
213000299,29,20,9
213000300,4,6,-2
213000303,3,12,-9
213000304,0,11,-11
213000305,0,16,-16
213000306,46,30,16
213000307,102,53,49
213000308,86,88,-2
213000309,139,34,105
213000310,325,82,243
213000311,194,553,-359
213000315,99,58,41
213000316,124,36,88
213000322,91,82,9
213000323,126,53,73
213000324,57,12,45
213000325,37,31,6
213000326,19,9,10
213000327,17,7,10
213000328,23,97,-74
213000329,88,9,79
213000340,135,287,-152
213000341,548,77,471
213000346,164,182,-18
213000347,471,316,155
213000348,3,140,-137
213000349,62,15,47
213000350,234,609,-375
213000366,91,201,-110
213000367,218,8,210
213000379,83,71,12
213000386,18,199,-181
213000406,71,298,-227
213000417,1088,336,752
213000425,198,36,162
213000426,113,39,74
213000427,49,158,-109
213000428,28,102,-74
213000429,6,6,0
213000430,116,368,-252
213000431,48,2,46
213000432,2,32,-30
213000433,17,131,-114
213000434,64,59,5
213000435,104,57,47
213000436,47,41,6
213000437,0,1,-1
213000438,146,46,100
213000439,24,11,13
213000440,4,208,-204
213000441,4,0,4
213000442,1,22,-21
213000443,287,248,39
213000444,28,22,6
213000445,0,69,-69
213000446,1,22,-21
213000447,4,26,-22
213000448,17,129,-112
213000449,356,4,352
213000450,15,25,-10
213000451,163,61,102
213000452,3,10,-7
213000453,44,183,-139
213000455,320,5,315
213000456,1,432,-431
213000481,3,10,-7
213000482,36,4,32
213000489,182,50,132
213000491,1,219,-218
213000492,175,10,165
213000493,0,106,-106
213000494,198,88,110
213000495,0,49,-49
213000496,317,146,171
213000497,44,184,-140
213000498,83,121,-38
213000499,166,229,-63
213000500,374,59,315
213000501,130,12,118
213000502,139,60,79
213000503,4,53,-49
213000504,12,44,-32
213000505,14,7,7
213000506,0,10,-10
213000507,1,81,-80
213900244,35,0,35
213900245,0,18,-18
218000003,21,18,3
218000004,22,21,1
218000005,19,37,-18
218000006,53,47,6
218000007,19,13,6
218000012,114,95,19
218000013,90,143,-53
218000014,303,285,18
218000019,535,440,95
218000020,213,333,-120
218000021,20,17,3
218000022,1,8,-7
218000023,3,11,-8
218000024,0,3,-3
218000025,5,6,-1
218000026,5,13,-8
218000027,1,1,0
218000028,3,1,2
218000029,0,4,-4
218000030,7,10,-3
218000031,3,9,-6
218000032,1,12,-11
218000040,2,4,-2
218000046,27,71,-44
218000047,9,101,-92
218000048,65,58,7
218000049,78,84,-6
218000050,278,206,72
218000051,43,189,-146
218000052,3,70,-67
218000053,1,17,-16
218000054,8,86,-78
218000055,12,30,-18
218000056,32,35,-3
218000057,6,27,-21
218000064,1,13,-12
218000065,81,14,67
218000066,14,30,-16
218000067,45,71,-26
218000068,63,45,18
218000069,224,94,130
218000070,142,137,5
218000071,193,108,85
218000072,175,152,23
218000078,725,444,281
218000079,98,70,28
218000080,120,51,69
218000081,465,117,348
218000082,65,48,17
218000083,64,34,30
218000084,114,77,37
218000085,134,184,-50
218000086,91,81,10
218000087,123,79,44
218000090,17,53,-36
218000091,919,351,568
218000092,68,108,-40
218000093,68,28,40
218000094,376,376,0
218000099,230,517,-287
218000100,232,185,47
218000101,279,73,206
218000102,342,130,212
218000103,76,59,17
218000104,67,22,45
218000105,11,17,-6
218000106,9,2,7
218000107,52,28,24
218000108,1,19,-18
218000112,21,25,-4
218000117,30,70,-40
218000134,438,353,85
218000135,45,92,-47
218000136,150,150,0
218000137,156,129,27
218000138,37,105,-68
218000139,223,264,-41
218000140,438,230,208
218000141,90,69,21
218000142,250,146,104
218000143,84,266,-182
218000144,69,101,-32
218000145,498,291,207
218000146,77,155,-78
218000151,5,8,-3
218000152,64,32,32
218000153,4,1,3
218000154,6,0,6
218000155,12,0,12
218000156,30,10,20
218000157,14,6,8
218000158,1,2,-1
218000159,2,1,1
218000160,1,4,-3
218000161,23,1,22
218000162,8,4,4
218000163,5,5,0
218000164,29,7,22
218000165,38,13,25
218000170,5,19,-14
218000171,32,10,22
218000172,6,8,-2
218000173,5,6,-1
218000174,10,3,7
218000176,117,20,97
218000177,203,116,87
218000178,49,122,-73
218000179,80,51,29
218000180,63,20,43
218000181,150,30,120
218000187,10,29,-19
218000188,21,46,-25
218000189,18,50,-32
218000190,28,14,14
218000191,148,22,126
218000192,175,107,68
218000193,317,243,74
218000194,105,199,-94
218000195,112,52,60
218000196,297,156,141
218000197,326,207,119
218000198,32,73,-41
218000199,32,20,12
218000200,53,21,32
218000201,12,4,8
218000202,59,230,-171
218000207,6,17,-11
218000208,42,30,12
218000211,35,20,15
218000212,2,5,-3
218000213,88,73,15
218000214,7,26,-19
218000215,24,55,-31
218000217,1,89,-88
218000218,147,40,107
218000219,10,20,-10
218000220,41,283,-242
218000221,386,134,252
218000222,3,22,-19
218000223,22,195,-173
218000224,3,108,-105
218000225,128,8,120
218000226,133,29,104
218000230,0,13,-13
218000232,41,47,-6
218000239,168,18,150
218000240,14,6,8
218000241,32,3,29
218000242,29,2,27
218000243,38,6,32
218000244,54,8,46
218000245,21,0,21
218000246,4,2,2
218000247,0,1,-1
218000248,2,11,-9
218000249,3,4,-1
218000250,2,18,-16
218000251,2,37,-35
218000252,6,111,-105
218000253,7,139,-132
218000254,0,68,-68
218000255,7,35,-28
218000256,15,78,-63
218000267,254,645,-391
218000268,12,33,-21
218000269,6,9,-3
218000270,88,20,68
218000271,22,33,-11
218000273,29,3,26
218000274,15,2,13
218000275,14,43,-29
218000276,8,22,-14
218000278,19,35,-16
218000279,91,37,54
218000280,4,20,-16
218000281,16,7,9
218000282,479,491,-12
218000284,54,0,54
218000301,73,114,-41
218000302,81,34,47
218000303,14,46,-32
218000316,677,641,36
218000317,1209,642,567
218000318,788,445,343
218000319,952,555,397
218000320,701,381,320
218000338,33,26,7
218000345,78,45,33
218000346,24,140,-116
218000459,38,158,-120
218000490,16,36,-20
218000501,76,19,57
218000502,38,42,-4
218000503,112,11,101
218000504,214,25,189
218000505,35,111,-76
218000506,31,220,-189
218000508,0,2,-2
218000510,196,9,187
218000520,79,58,21
218000521,8,23,-15
218000522,1,83,-82
218000523,162,8,154
218000524,23,332,-309
218000525,134,16,118
218000526,16,152,-136
218000529,46,94,-48
218000530,8,2,6
218000531,9,9,0
218000532,24,11,13
218000534,148,10,138
218000537,11,34,-23
218000538,85,203,-118
218000540,129,96,33
218000543,143,44,99
218000544,21,46,-25
218000545,59,49,10
218000546,26,45,-19
218000547,75,159,-84
218000548,86,92,-6
218000549,337,387,-50
218000550,128,174,-46
218000551,78,553,-475
218000552,221,40,181
218000553,48,216,-168
218000554,27,31,-4
218000555,36,38,-2
218000556,200,79,121
218000557,217,127,90
218000558,42,1,41
218000559,0,45,-45
218000560,0,40,-40
218000561,15,0,15
218000562,24,168,-144
218000563,177,19,158
218000564,2,144,-142
218000565,107,39,68
218000566,237,58,179
218000567,3,88,-85
218000568,53,11,42
218000569,15,251,-236
218000570,132,14,118
218000571,0,82,-82
218000572,156,4,152
218000573,31,342,-311
218000574,122,34,88
218000575,112,0,112
218000576,2,92,-90
218000577,66,2,64
218000578,2,76,-74
218000579,20,7,13
218000581,8,36,-28
218000582,38,1,37
218000583,9,0,9
218000584,0,25,-25
218000585,48,9,39
218000586,11,38,-27
218000587,1,0,1
218000588,5,6,-1
218000589,0,8,-8
218000590,5,0,5
218000591,1,5,-4
218000592,7,2,5
218000593,2,4,-2
218000594,1,1,0
218000597,0,0,0
218000598,0,0,0
218000599,0,1,-1
218000600,2,1,1
218000601,0,0,0
218000602,0,4,-4
218000603,0,2,-2
218000604,5,1,4
218000605,0,29,-29
218000606,48,2,46
218000607,12,23,-11
218000608,51,11,40
218000609,6,19,-13
218000610,54,3,51
218000611,19,1,18
218000612,0,29,-29
218000613,52,1,51
218000614,1,35,-34
218000615,105,0,105
218000616,6,161,-155
218000617,41,0,41
218000618,1,17,-16
218000619,7,19,-12
218000620,2,11,-9
218000621,0,2,-2
218000622,0,3,-3
218000623,51,1,50
218000624,2,7,-5
218000625,26,0,26
218000626,0,7,-7
218000628,112,26,86
218000631,35,12,23
218000632,2,72,-70
218000633,112,2,110
218000634,5,21,-16
218000635,10,2,8
218000636,622,674,-52
218000637,921,280,641
218000638,157,11,146
218000639,13,74,-61
218000640,183,6,177
218000641,36,116,-80
218000652,29,31,-2
218000653,99,28,71
218000663,4,143,-139
218000675,140,67,73
218000676,1,9,-8
218000677,11,5,6
218000680,180,210,-30
218000681,352,152,200
218000691,167,116,51
218000693,374,145,229
218000703,4,18,-14
218000718,124,629,-505
218000719,205,370,-165
218000720,40,486,-446
218000721,215,32,183
218000725,9,2,7
218001147,0,94,-94
218001214,8,39,-31
218001258,156,3,153
218001329,114,112,2
218001330,81,52,29
218001351,28,15,13
218001352,13,17,-4
218001353,14,8,6
218001354,8,23,-15
218001355,2,117,-115
218001356,391,11,380
218001357,45,72,-27
218001358,257,21,236
218001361,291,2,289
218001362,0,68,-68
219000001,26,21,5
219000002,42,25,17
219000003,34,26,8
219000004,46,37,9
219000017,71,26,45
219000020,125,23,102
219000022,146,4,142
219000023,65,2,63
219000029,9,43,-34
219000034,25,31,-6
219000039,52,94,-42
219000040,43,36,7
219000041,115,16,99
219000051,0,62,-62
219000052,0,11,-11
219000053,0,46,-46
219000054,6,50,-44
219000055,194,2,192
219000056,11,0,11
219000057,73,0,73
219000062,15,72,-57
219000063,65,3,62
219000064,3,41,-38
219000110,308,127,181
219000111,108,62,46
219000112,160,60,100
219000113,149,47,102
219000114,148,51,97
219000116,86,36,50
219000117,108,48,60
219000118,124,36,88
219000123,155,57,98
219000124,82,27,55
219000125,13,5,8
219000126,57,129,-72
219000127,0,14,-14
219000128,7,82,-75
219000129,14,85,-71
219000130,206,404,-198
219000131,464,739,-275
219000133,31,55,-24
219000134,13,39,-26
219000135,13,47,-34
219000136,93,145,-52
219000138,53,16,37
219000139,36,43,-7
219000140,65,2,63
219000141,38,56,-18
219000142,20,28,-8
219000143,13,49,-36
219000145,16,22,-6
219000146,2,23,-21
219000147,6,22,-16
219000148,2,12,-10
219000149,7,41,-34
219000150,2,32,-30
219000151,1,24,-23
219000157,231,83,148
219000158,130,157,-27
219000161,75,9,66
219000163,883,391,492
219000166,102,128,-26
219000167,96,116,-20
219000168,241,98,143
219000174,393,104,289
219000175,87,5,82
219000176,119,6,113
219000177,35,1,34
219000178,32,0,32
219000179,7,8,-1
219000180,40,48,-8
219000182,120,17,103
219000183,66,29,37
219000184,98,17,81
219000185,1,18,-17
219000186,54,13,41
219000187,18,35,-17
219000189,43,122,-79
219000190,55,147,-92
219000191,378,1183,-805
219000192,148,144,4
219000193,157,100,57
219000195,0,41,-41
219000196,2,67,-65
219000198,14,69,-55
219000199,44,168,-124
219000200,33,75,-42
219000201,36,97,-61
219000203,28,114,-86
219000204,58,226,-168
219000205,50,144,-94
219000207,179,190,-11
219000209,22,42,-20
219000210,51,72,-21
219000213,3,101,-98
219000239,124,143,-19
219000240,178,199,-21
219000241,91,114,-23
219000242,76,88,-12
219000243,58,177,-119
219000244,19,37,-18
219000245,17,39,-22
219000246,22,38,-16
219000247,166,33,133
219000248,454,292,162
219000249,99,91,8
219000250,116,82,34
219000251,443,121,322
219000252,152,123,29
219000253,394,96,298
219000255,103,76,27
219000256,186,62,124
219000257,70,0,70
219000262,68,72,-4
219000263,53,86,-33
219000267,1,47,-46
219000268,7,4,3
219000269,2,4,-2
219000270,6,0,6
219000271,114,4,110
219000278,0,4,-4
219000279,0,1,-1
219000283,0,8,-8
219000295,13,64,-51
219000296,59,199,-140
219000297,12,82,-70
219000298,9,70,-61
219000299,336,24,312
219000300,12,88,-76
219000301,164,282,-118
219000302,18,107,-89
219000307,19,17,2
219000308,47,47,0
219000311,127,33,94
219000312,444,114,330
219000313,316,39,277
219000314,57,189,-132
219000315,301,9,292
219000316,528,52,476
219000317,90,6,84
219000320,2,46,-44
219000321,0,10,-10
219000323,7,57,-50
219000325,2,10,-8
219000326,39,27,12
219000327,46,12,34
219000328,14,39,-25
219000329,214,80,134
219000330,31,37,-6
219000331,51,38,13
219000332,118,71,47
219000333,18,3,15
219000335,67,0,67
219000337,18,0,18
219000338,43,0,43
219000344,8,66,-58
219000345,50,35,15
219000346,31,43,-12
219000348,97,38,59
219000349,65,90,-25
219000350,58,181,-123
219000351,7,5,2
219000352,251,31,220
219000353,85,23,62
219000354,158,55,103
219000355,91,32,59
219000356,632,1133,-501
219000363,156,35,121
219000364,105,41,64
219000365,102,14,88
219000366,159,210,-51
219000368,292,397,-105
219000370,710,508,202
219000371,3,22,-19
219000382,8,9,-1
219000383,357,877,-520
219000385,349,393,-44
219000386,476,1216,-740
219000387,1,9,-8
219000390,6,3,3
219000391,2,2,0
219000397,26,29,-3
219000398,61,44,17
219000401,16,68,-52
219000402,14,50,-36
219000403,105,238,-133
219000404,25,96,-71
219000407,3,21,-18
219000409,67,37,30
219000410,65,45,20
219000411,46,20,26
219000446,62,225,-163
219000447,0,18,-18
219000448,16,8,8
219000452,83,68,15
219000453,53,161,-108
219000454,154,192,-38
219000556,257,57,200
219000558,91,86,5
219000590,15,99,-84
219000591,102,60,42
219000592,59,194,-135
219000595,0,13,-13
219000635,168,45,123
219000636,23,47,-24
219000657,50,16,34
219000658,19,89,-70
219000673,0,11,-11
219000676,7,0,7
219000679,31,10,21
219000684,78,2,76
219000685,1,22,-21
219000686,0,4,-4
219000688,0,43,-43
219000689,17,138,-121
219000690,87,6,81
219000691,39,116,-77
219000692,150,17,133
219000693,0,12,-12
219000694,8,0,8
219000695,47,3,44
219000698,9,1,8
219000699,0,35,-35
219000727,1,61,-60
219000728,45,1,44
219000770,45,3,42
219000771,1,31,-30
219000788,251,156,95
219001150,0,20,-20
219001151,0,4,-4
219001166,32,21,11
219001167,1,43,-42
219001178,73,0,73
220000001,29,50,-21
220000002,10,59,-49
220000003,231,91,140
220000004,285,217,68
220000005,519,822,-303
220000006,101,402,-301
220000007,282,249,33
220000008,206,424,-218
220000009,207,194,13
220000010,117,87,30
220000011,271,1800,-1529
220000012,43,177,-134
220000014,74,43,31
220000015,37,225,-188
220000017,73,178,-105
220000018,2426,1141,1285
220000019,94,255,-161
220000020,270,137,133
220000021,578,118,460
220000022,707,278,429
220000023,308,88,220
220000024,1024,260,764
220000025,515,720,-205
220000026,243,231,12
220000027,23,61,-38
220000028,47,49,-2
220000029,37,67,-30
220000030,43,72,-29
220000031,338,278,60
220000064,13,532,-519
221000046,3,0,3
221000047,0,3,-3
221000048,0,4,-4
221000049,0,10,-10
221000050,17,0,17
221000055,35,31,4
221000057,51,8,43
221000068,223,93,130
221000069,242,47,195
221000070,145,18,127
221000071,74,2,72
221000072,180,9,171
221000073,95,36,59
221000074,1,17,-16
221000075,16,18,-2
221000076,7,21,-14
221000077,15,58,-43
221000081,22,4,18
221000082,49,6,43
221000083,29,3,26
221000084,6,2,4
221000085,6,39,-33
221000086,6,71,-65
221000087,3,70,-67
221000088,11,103,-92
221000089,15,191,-176
221000090,67,330,-263
221000098,101,13,88
221000099,157,6,151
221000100,101,1,100
221000101,200,8,192
221000102,104,11,93
221000109,2,60,-58
221000110,3,34,-31
221000111,19,114,-95
221000112,7,109,-102
221000113,15,105,-90
221000114,6,106,-100
221000120,53,12,41
221000121,5,26,-21
221000122,54,38,16
221000123,7,11,-4
221000124,19,82,-63
221000155,78,17,61
221000156,57,26,31
221000175,3,7,-4
221000176,0,5,-5
221000182,29,14,15
221000241,567,218,349
221000242,97,304,-207
221000243,576,114,462
221000244,210,367,-157
221000245,105,107,-2
221000246,38,216,-178
221000247,135,120,15
221000248,171,109,62
221000267,41,449,-408
221000325,59,43,16
221000331,4,28,-24
221000338,11,50,-39
221000378,192,40,152
221000381,46,42,4
222000282,11,1,10
222000296,7,15,-8
222000568,354,25,329
222000569,173,28,145
222000570,162,12,150
222000571,284,11,273
222000577,5,71,-66
222000578,28,100,-72
222000579,21,84,-63
222000580,50,486,-436
222000599,0,76,-76
222000600,2,200,-198
222000601,3,584,-581
222000603,13,43,-30
222000604,1,40,-39
222000605,33,32,1
222000606,1,12,-11
222000607,3,4,-1
222000608,17,9,8
222000609,62,65,-3
222000616,371,29,342
222000617,4,17,-13
222000618,16,3,13
222000620,9,34,-25
222000621,21,13,8
222000623,466,4,462
222000624,293,4,289
222000625,491,15,476
222000636,55,7,48
222000686,24,13,11
222000687,42,15,27
222001066,196,1,195
222001067,12,0,12
222001068,34,9,25
222001069,34,19,15
222001082,10,20,-10
222001083,17,16,1
222001084,1,44,-43
222001085,0,70,-70
222001111,31,57,-26
222001112,106,19,87
222001313,37,7,30
222001314,7,93,-86
222001464,160,48,112
222001465,15,74,-59
222001484,122,32,90
222001485,30,42,-12
222001494,591,158,433
222001495,118,121,-3
222001496,322,92,230
222001497,87,191,-104
222001502,19,59,-40
222001503,88,29,59
222001504,25,185,-160
222001505,248,18,230
222001506,37,206,-169
222001507,202,20,182
222001510,415,16,399
222001511,38,215,-177
222001514,536,110,426
222001515,125,257,-132
222001518,289,42,247
222001519,37,103,-66
222001527,133,29,104
222001528,30,80,-50
222001529,288,30,258
222001530,38,110,-72
222001533,84,133,-49
222001534,263,37,226
222001535,156,195,-39
222001536,42,122,-80
222001537,290,47,243
222001538,61,232,-171
222001563,779,57,722
222001564,52,252,-200
222001568,277,172,105
222001576,1,2,-1
222001579,2,36,-34
222001583,18,64,-46
222001584,108,17,91
222001596,351,696,-345
222001597,1108,228,880
222001626,0,52,-52
222001650,59,94,-35
222001651,85,283,-198
222001914,162,36,126
222001915,23,121,-98
222001968,428,225,203
222001969,326,342,-16
222001970,161,170,-9
222001971,26,1,25
222001972,1,6,-5
225000001,336,120,216
225000002,472,94,378
225000003,491,70,421
225000004,294,120,174
225000005,68,51,17
225000006,0,132,-132
225000007,740,897,-157
225000010,291,57,234
225000011,235,820,-585
225000012,149,452,-303
225000013,81,54,27
225000014,621,39,582
225000015,63,85,-22
225000021,506,128,378
225000027,157,260,-103
225000032,452,84,368
225000042,49,354,-305
225000049,19,40,-21
225000050,95,8,87
225000053,2,163,-161
225000058,593,107,486
225000067,150,118,32
225000068,82,182,-100
225000069,87,309,-222
225000070,54,196,-142
225000071,36,72,-36
225000075,10,518,-508
225000076,49,98,-49
225000078,46,24,22
225000085,68,97,-29
225000086,258,43,215
225000087,147,11,136
225000088,6,120,-114
225000089,178,802,-624
225000090,21,286,-265
225000091,142,84,58
225000092,28,67,-39
225000093,155,130,25
225000094,10,139,-129
225000095,242,178,64
225000096,267,254,13
225000098,597,185,412
225000099,284,115,169
225000100,305,102,203
225000104,92,257,-165
225000110,13,212,-199
225000111,151,477,-326
225000112,237,748,-511
225000113,135,356,-221
225000114,31,137,-106
225000115,789,399,390
225000116,745,94,651
225000117,580,188,392
225000118,821,203,618
225000119,194,60,134
225000120,453,34,419
225000121,132,14,118
225000123,398,14,384
225000125,366,138,228
225000126,464,130,334
225000127,483,943,-460
225000128,406,606,-200
225000132,229,17,212
225000133,153,21,132
225000134,499,100,399
225000135,41,7,34
225000136,241,9,232
225000137,181,31,150
225000138,371,84,287
225000143,33,138,-105
225000144,12,202,-190
225000145,40,22,18
225000146,46,35,11
225000147,15,126,-111
225000148,2,104,-102
225000149,28,259,-231
225000151,18,97,-79
225000155,265,246,19
225000156,95,459,-364
225000157,134,252,-118
225000158,44,115,-71
225000171,0,116,-116
225000180,20,1,19
225000181,0,46,-46
225000182,71,2,69
225000185,3,294,-291
225000187,18,186,-168
225000191,44,1,43
225000194,0,19,-19
225000208,1,26,-25
225000209,70,6,64
225000210,3,104,-101
225000217,2,14,-12
225000218,8,1,7
225000223,0,44,-44
225000224,52,1,51
225000225,1,20,-19
225000226,47,1,46
225000227,34,69,-35
225000228,13,4,9
225000229,0,50,-50
225000230,15,1,14
225000231,0,32,-32
225000232,163,0,163
225000241,29,0,29
225000242,1,36,-35
225000249,9,1,8
225000250,32,326,-294
225000251,260,23,237
226000042,210,241,-31
226000043,42,200,-158
226000044,134,260,-126
226000045,57,179,-122
226000046,329,57,272
226000047,346,59,287
226000048,271,83,188
226000049,199,127,72
226000070,0,22,-22
226000071,0,55,-55
226000072,0,15,-15
226000073,0,6,-6
226000074,0,25,-25
226000084,7,37,-30
226000085,2,10,-8
226000086,10,7,3
226000087,0,7,-7
226000088,7,11,-4
226000090,87,116,-29
226000091,12,28,-16
226000092,3,4,-1
226000093,20,5,15
226000094,8,2,6
226000095,9,5,4
226000105,18,3,15
226000106,8,0,8
226000107,5,0,5
226000108,18,1,17
226000109,109,0,109
226000124,84,73,11
226000134,627,268,359
226000135,1118,477,641
226000136,380,316,64
226000137,7,199,-192
226000138,7,94,-87
226000139,2,22,-20
226000156,202,10,192
226000157,139,18,121
226000163,53,34,19
226000202,12,178,-166
226000231,423,15,408
226000232,25,3,22
227000033,359,79,280
227000036,398,33,365
227000037,400,28,372
227000038,232,39,193
227000049,0,24,-24
227000050,1,62,-61
227000055,87,2,85
227000056,45,0,45
227000084,1,64,-63
227000085,0,34,-34
227000088,36,7,29
227000089,100,2,98
227000090,31,2,29
227000091,20,1,19
227000093,122,0,122
227000094,17,3,14
227000130,22,122,-100
227000131,11,118,-107
227000132,11,94,-83
227000133,9,97,-88
227000134,22,199,-177
227000152,0,14,-14
227000153,0,69,-69
227000155,0,21,-21
227000156,1,12,-11
227000165,1,63,-62
227000196,273,81,192
227000199,279,200,79
227000230,6,239,-233
227000232,432,8,424
227000242,89,315,-226
227000243,415,72,343
227000245,15,230,-215
227000246,93,211,-118
227000247,477,68,409
227000248,151,29,122
227000249,17,108,-91
227000250,386,175,211
227000251,84,150,-66
227000252,30,147,-117
227000253,179,27,152
227000262,442,53,389
227000266,1050,33,1017
227000267,16,804,-788
227000282,3,69,-66
227000284,464,9,455
227000286,3,40,-37
227000287,18,38,-20
227000291,5,229,-224
227000484,189,8,181
227000485,13,528,-515
227000655,118,4,114
227000656,473,24,449
227000657,79,8,71
227000661,316,16,300
227000680,105,43,62
229000265,11,30,-19
229000296,2,7,-5
229000297,6,9,-3
229000298,4,81,-77
229000320,3,3,0
229000321,10,2,8
229000412,5,59,-54
229000414,2,50,-48
229000415,20,1,19
229000416,0,5,-5
229000417,1,14,-13
229000419,46,236,-190
229000440,292,45,247
229000442,10,1,9
229000443,0,3,-3
229000444,0,27,-27
229000445,44,2,42
229000446,36,12,24
229000491,2,9,-7
229000492,8,36,-28
229000493,1,28,-27
229000494,16,0,16
229000495,50,2,48
229000496,28,0,28
229000507,0,43,-43
229000508,0,18,-18
229000509,0,31,-31
229000510,3,6,-3
229000511,1,16,-15
229000512,2,9,-7
229000513,0,5,-5
229000514,1,0,1
229000517,0,1,-1
229000518,15,6,9
229000519,6,4,2
229000520,9,17,-8
229000521,38,2,36
229000522,4,1,3
229000523,6,2,4
229000524,2,0,2
229000527,1,1,0
229000528,2,0,2
229000529,0,0,0
229000530,20,2,18
229000531,38,4,34
229000532,8,0,8
229000533,28,0,28
229000534,14,1,13
229000564,43,1,42
229000565,14,0,14
229000566,0,4,-4
229000567,0,12,-12
229000582,23,2,21
229000583,1,1,0
229000584,0,22,-22
229000585,2,30,-28
229000718,0,1,-1
229000719,0,1,-1
229000720,0,4,-4
229000721,0,2,-2
229000722,0,5,-5
229000723,0,3,-3
229000724,0,0,0
229000725,0,0,0
229000738,0,0,0
229000739,0,0,0
229000740,0,0,0
229000741,13,0,13
229000742,14,0,14
229000743,8,0,8
229000744,0,0,0
229000745,0,0,0
229000746,8,1,7
229000847,39,0,39
229000848,7,2,5
229000849,91,2,89
229000851,33,0,33
229000854,0,6,-6
229000856,0,20,-20
229000857,0,6,-6
229000858,0,21,-21
229000919,8,48,-40
229000930,5,175,-170
229000937,92,4,88
229000966,33,22,11
229000981,26,15,11
229000985,28,18,10
229000986,0,2,-2
229000987,1,0,1
229000988,3,8,-5
229000989,5,7,-2
229000990,1,1,0
229000991,2,0,2
229000992,8,3,5
229000993,91,11,80
229000998,23,52,-29
229000999,29,8,21
229001034,0,8,-8
229001035,3,0,3
229001037,21,0,21
229001042,12,4,8
229001047,7,39,-32
229001050,16,37,-21
229001168,0,11,-11
229001200,10,2,8
229001338,0,13,-13
229001394,170,1,169
229001422,91,15,76
229001423,26,107,-81
229001431,53,36,17
229001432,36,36,0
229001444,136,31,105
229001445,16,116,-100
229001479,9,0,9
229001503,171,51,120
229001504,79,118,-39
229001505,89,21,68
229001506,52,54,-2
229001509,28,11,17
229001545,79,4,75
229001546,5,48,-43
229001553,52,15,37
229001554,20,54,-34
229001559,2,8,-6
229001560,4,26,-22
229001630,32,2,30
229001631,3,14,-11
229001635,0,11,-11
229001636,3,0,3
229001658,3,57,-54
229001659,45,5,40
229001660,6,3,3
229001661,13,27,-14
229001662,5,0,5
229001663,0,20,-20
229002584,127,87,40
229002831,101,121,-20
229002841,17,12,5
229002842,8,9,-1
229002843,32,13,19
229002844,40,32,8
229002845,10,80,-70
229002846,26,20,6
229002847,2,5,-3
229002848,5,10,-5
229002849,3,63,-60
229002850,13,0,13
229002851,63,158,-95
229002852,139,36,103
229002853,104,18,86
229002854,25,67,-42
229002855,15,30,-15
229002856,39,21,18
229002857,11,181,-170
229002858,17,15,2
229002859,19,108,-89
229002860,162,29,133
229002861,40,7,33
229002862,37,20,17
229002863,21,17,4
229002864,19,14,5
229002865,16,15,1
229002866,12,16,-4
229002867,1,14,-13
229002868,10,4,6
229002869,32,119,-87
229002870,65,12,53
235000066,309,35,274
235000067,115,70,45
235000072,23,62,-39
235000073,80,336,-256
235000074,42,39,3
235000080,14,63,-49
235000081,110,75,35
235000082,193,23,170
235000083,159,45,114
235000084,37,41,-4
235000085,157,78,79
235000089,16,28,-12
235000092,25,100,-75
235000093,19,1,18
235000097,4,9,-5
235000098,51,7,44
235000099,16,17,-1
235000116,60,13,47
235000117,411,7,404
235000133,13,500,-487
235000134,13,183,-170
235000206,3,10,-7
235000207,4,2,2
235000208,2,0,2
235000209,4,1,3
235000210,6,1,5
235000212,5,21,-16
235000213,1,9,-8
235000220,8,4,4
235000221,34,17,17
235000238,13,110,-97
235000239,1,12,-11
235000242,203,685,-482
235000245,447,163,284
235000246,11,47,-36
235000284,7,171,-164
235000295,83,11,72
235000305,180,22,158
235000306,232,8,224
235000307,9,0,9
235000308,10,3,7
235000309,31,0,31
235000310,15,0,15
235000311,106,57,49
235000322,0,14,-14
235000323,0,42,-42
235000324,2,16,-14
235000325,2,5,-3
235000326,5,76,-71
235000351,2,64,-62
235000352,3,38,-35
235000353,7,14,-7
235000354,15,54,-39
235000355,8,50,-42
235000356,56,4,52
235000357,28,7,21
235000358,115,5,110
235000359,4,1,3
235000360,26,4,22
235000361,32,7,25
235000381,116,121,-5
235000382,173,29,144
235000390,22,4,18
235000391,157,12,145
235000392,145,222,-77
235000393,108,107,1
235000395,100,23,77
235000396,363,34,329
235000400,52,58,-6
235000401,12,93,-81
235000405,62,142,-80
235000406,46,165,-119
235000407,32,50,-18
235000409,130,74,56
235000410,47,186,-139
235000411,0,45,-45
235000485,0,13,-13
235000486,8,0,8
235000549,59,58,1
235000550,118,119,-1
235000599,183,48,135
235000600,14,18,-4
235000601,21,14,7
235000602,96,50,46
235000614,0,1,-1
235000648,8,10,-2
235000649,26,5,21
235000685,1,3,-2
235000815,20,79,-59
235000834,0,8,-8
235000855,22,38,-16
235000862,24,75,-51
235000891,0,21,-21
235000892,15,1,14
235000901,61,56,5
235000907,12,21,-9
235001010,52,47,5
235001029,395,250,145
235001030,366,189,177
235001078,108,65,43
235001079,52,73,-21
235001147,21,47,-26
235001166,8,33,-25
235001167,33,25,8
235001169,18,249,-231
235001188,4,5,-1
235001189,9,1,8
235001197,9,31,-22
235001200,47,34,13
235001207,260,36,224
235001210,62,82,-20
235001215,49,101,-52
235001239,2,35,-33
235001244,0,7,-7
235016267,0,38,-38
277101746,0,0,0
277102712,0,0,0
277103813,0,0,0
277103814,0,0,0
277103898,0,2,-2
277104249,0,1,-1
277104250,0,9,-9
277104251,0,3,-3
277104252,0,1,-1
990011530,1,115,-114
990014944,1,275,-274
990015176,90,27,63
990015618,0,92,-92
990016032,0,144,-144
990032570,0,23,-23
990070001,58,3,55
990070103,1,1,0
990070601,0,38,-38
990070751,860,1,859
990070766,0,193,-193
990071180,360,122,238
990071343,16,1,15
990071387,0,15,-15
990071823,351,2,349
990072600,14,1179,-1165
990072964,0,275,-275
990073285,0,1,-1
990074393,0,441,-441
990074870,1202,11,1191
990075106,1137,7,1130
990075746,530,8,522
990076437,1202,2,1200
990076458,0,365,-365
997000007,634,13,621
997000041,0,111,-111
997000058,31,1,30
997000062,31,4,27
997000069,0,5,-5
997000070,0,25,-25
997000100,38,1,37
997000141,3,643,-640
997000198,315,1377,-1062
998000475,1,28,-27
998000736,0,83,-83
998000965,0,12,-12
998001031,0,48,-48
998001700,0,2,-2
998001899,0,3,-3
998001900,7,1,6
998003073,691,20,671
998101900,0,0,0
998102850,0,209,-209
998501927,712,782,-70
998501929,80,1,79
998501930,27,0,27
998501931,88,1,87
998501932,3,1,2
998501933,37,3,34
998501937,13,1,12
998501944,6,1,5
998501950,0,4,-4
998501970,48,3,45
998501971,0,70,-70
998501973,0,10,-10
998501974,3,162,-159
998501975,57,1,56
998501976,147,2,145
998501977,1,34,-33
998501978,13,0,13
998501979,0,3,-3
998501980,92,1,91
998501981,16,0,16
998501982,0,68,-68
998501983,0,3,-3
998502024,0,5,-5
998502032,0,1,-1
998502062,9,1,8
998502063,0,0,0
998502173,17,0,17
998502269,0,3,-3
998502546,0,124,-124
998502578,1,1,0
998502599,67,63,4
998601159,0,39,-39
998601292,0,10,-10
999033574,0,172,-172
999800001,33,2,31
999800002,0,4,-4
999800003,1,0,1
999800004,0,0,0
999800005,0,8,-8
