ID,insum,outsum,diff
100000001,378,638,-260
100000002,3870,1069,2801
100000003,4585,2810,1775
100000004,1192,820,372
100000005,2323,3754,-1431
100000006,1054,143,911
100000007,2585,676,1909
100000008,402,444,-42
100000009,881,261,620
100000010,135,50,85
100000011,950,121,829
100000012,114,783,-669
100000013,132,155,-23
100000014,656,264,392
100000015,1858,2302,-444
100000016,1113,1276,-163
100000017,953,814,139
100000018,1819,631,1188
100000019,4160,1918,2242
100000020,1570,5550,-3980
100000021,4505,2128,2377
100000022,1849,1514,335
100000023,5024,1187,3837
100000025,1818,722,1096
100000028,1536,804,732
100000029,213,208,5
100000030,323,50,273
100000031,4737,6180,-1443
100000032,2675,2879,-204
100000033,1167,2001,-834
100000034,538,370,168
100000035,2001,1175,826
100000036,2525,1206,1319
100000037,613,450,163
100000038,2067,983,1084
100000039,757,193,564
100000040,195,135,60
100000041,983,484,499
100000042,1166,446,720
100000043,990,451,539
100000044,423,708,-285
100000045,666,1096,-430
100000046,749,912,-163
100000047,333,571,-238
100000048,690,626,64
100000049,1755,1914,-159
100000051,570,874,-304
100000053,267,4,263
100000054,749,31,718
100000055,1622,260,1362
100000056,675,467,208
100000057,1783,660,1123
100000058,1113,964,149
100000059,13,98,-85
100000060,367,298,69
100000061,2024,462,1562
100000062,2047,578,1469
100000063,651,250,401
100000064,1534,397,1137
100000065,436,966,-530
100000066,210,595,-385
100000067,535,739,-204
100000068,561,1515,-954
100000069,399,1450,-1051
100000072,447,884,-437
100000073,1020,1086,-66
100000075,623,298,325
100000076,2559,2159,400
100000077,425,128,297
100000078,47,36,11
100000079,39,46,-7
100000080,22,58,-36
100000081,124,207,-83
100000102,2723,1536,1187
100000103,3963,1141,2822
100000104,4748,2215,2533
100000105,2704,1147,1557
100000106,2015,1910,105
100000107,559,769,-210
100000108,763,914,-151
100000109,3199,1151,2048
100000116,1539,817,722
100000117,96,109,-13
100000118,1784,840,944
100000119,655,623,32
100000121,289,449,-160
100000122,756,917,-161
100000123,3275,3756,-481
100000124,6399,5342,1057
100000125,2724,1078,1646
100000126,915,328,587
100000127,1642,306,1336
100000128,1917,1187,730
100000129,473,491,-18
100000130,467,488,-21
100000131,2151,2571,-420
100000132,1154,2063,-909
100000133,5451,2349,3102
100000135,513,946,-433
100000139,491,244,247
100000140,430,212,218
100000142,440,727,-287
100000143,1689,710,979
100000144,3928,1065,2863
100000147,977,2295,-1318
100000150,45,402,-357
100000151,907,743,164
100000153,268,338,-70
100000154,117,116,1
100000155,26,40,-14
100000156,480,305,175
100000157,128,76,52
100000158,228,89,139
100000159,357,452,-95
100000165,1661,729,932
100000169,364,448,-84
100000174,884,392,492
100000179,126,512,-386
100000180,3343,1274,2069
100000181,634,210,424
100000188,92,239,-147
100000189,1039,355,684
100000190,1162,654,508
100000191,581,422,159
100000192,45,124,-79
100000193,224,185,39
100000330,1534,724,810
100000355,268,521,-253
100000362,5271,3114,2157
100000363,3355,5108,-1753
100000364,310,178,132
100000365,4909,4979,-70
100000366,6526,2951,3575
100000367,4981,4545,436
100000368,3189,1475,1714
100000369,1220,1638,-418
100000370,280,717,-437
100000376,190,124,66
100000379,2346,1086,1260
100000380,4692,2406,2286
100000384,5192,3457,1735
100000385,4004,3233,771
100000386,7364,3905,3459
100000387,4778,4425,353
100000388,6514,5004,1510
100000389,5948,4842,1106
100000390,6881,4831,2050
100000391,5373,5377,-4
100000392,4707,3258,1449
100000393,3010,3372,-362
100000394,9374,5827,3547
100000395,5240,3090,2150
100000396,9311,3103,6208
100000397,5722,4594,1128
100000398,11440,7533,3907
100000413,22,16,6
100900002,15,71,-56
100900003,304,178,126
100900004,20,628,-608
100900005,103,27,76
100900006,33,136,-103
100900007,458,21,437
100900008,2,321,-319
100900009,84,160,-76
100900010,99,155,-56
100900011,134,265,-131
100900012,2,241,-239
100900013,860,11,849
100900014,0,8,-8
100900015,117,74,43
100900016,2,44,-42
100900017,946,69,877
100900018,1,25,-24
100900019,25,152,-127
100900020,361,9,352
100900021,338,0,338
100900022,14,52,-38
100900023,1,68,-67
100900024,836,16,820
100900025,9,12,-3
100900026,117,133,-16
100900027,482,2337,-1855
100900028,123,160,-37
100900029,78,10,68
100900030,2,47,-45
100900031,752,79,673
100900032,190,2,188
100900033,162,116,46
100900034,465,2,463
100900035,623,0,623
100900036,20,1,19
100900037,74,250,-176
100900038,103,25,78
100900039,293,707,-414
100900040,530,739,-209
100900041,535,605,-70
100900042,1336,346,990
100900043,0,20,-20
100900044,2114,617,1497
100900045,80,1,79
100900046,869,11,858
100900047,886,278,608
100900048,127,37,90
100900049,100,202,-102
100900050,9,29,-20
100900051,53,76,-23
100900052,306,41,265
100900053,276,42,234
100900054,19,85,-66
100900055,175,510,-335
100900056,137,226,-89
100900057,437,1136,-699
100900058,190,40,150
100900059,114,5,109
100900060,138,11,127
100900061,457,253,204
100900062,9,45,-36
100900063,191,648,-457
100900064,600,23,577
100900065,92,88,4
100900066,107,159,-52
100900067,5,11,-6
100900068,125,87,38
100900069,752,1,751
100900070,239,2,237
100900071,861,232,629
100900072,3,38,-35
100900073,163,440,-277
100900074,1,21,-20
100900075,1525,320,1205
100900076,16,47,-31
100900077,25,78,-53
100900078,105,242,-137
100900079,11,25,-14
100900080,42,180,-138
100900081,30,155,-125
100900082,109,676,-567
100900083,12,38,-26
100900085,13,94,-81
100900086,145,740,-595
100900088,105,583,-478
100900089,4,31,-27
100900090,129,426,-297
100900091,1,27,-26
100900092,245,222,23
100900093,189,328,-139
100900094,89,560,-471
100900095,4,43,-39
100900096,22,92,-70
100900097,2,7,-5
100900098,47,32,15
100900099,33,520,-487
100900100,13,351,-338
100900101,381,63,318
100900102,49,58,-9
100900103,35,25,10
100900104,9,148,-139
100900105,21,538,-517
100900106,51,2,49
100900107,1353,652,701
100900108,10,12,-2
100900109,36,32,4
100900110,8,39,-31
100900111,50,158,-108
100900112,7,12,-5
100900113,21,26,-5
100900114,22,28,-6
100900115,0,53,-53
100900116,671,669,2
100900117,294,608,-314
100900118,22,45,-23
100900119,24,25,-1
100900120,9,13,-4
100900121,184,536,-352
100900122,174,201,-27
100900123,84,217,-133
100900124,32,17,15
100900125,14,95,-81
100900126,205,205,0
100900127,5,14,-9
100900128,86,153,-67
100900129,2,106,-104
100900131,86,182,-96
100900133,86,36,50
100900134,16,10,6
100900135,0,108,-108
100900137,300,185,115
100900138,516,473,43
100900139,5,6,-1
100900140,7,510,-503
100900141,1,339,-338
100900142,0,11,-11
100900143,957,370,587
100900144,44,11,33
100900145,156,196,-40
100900146,18,37,-19
100900147,7,228,-221
100900148,52,710,-658
100900149,53,184,-131
100900150,5,40,-35
100900151,153,408,-255
100900152,160,10,150
100900153,7,139,-132
100900154,5,39,-34
100900155,11,20,-9
100900156,30,3,27
100900157,8,171,-163
100900159,9,10,-1
100900160,21,16,5
100900161,75,2,73
100900162,23,262,-239
100900163,198,199,-1
100900164,43,70,-27
100900165,15,61,-46
100900166,12,5,7
100900167,21,68,-47
100900168,50,124,-74
100900169,145,797,-652
100900170,66,18,48
100900171,24,499,-475
100900172,0,12,-12
100900173,5,430,-425
100900174,379,55,324
100900176,1359,117,1242
100900177,688,207,481
100900178,425,132,293
100900179,102,137,-35
100900180,4,3,1
100900181,110,96,14
100900182,33,15,18
100900184,24,147,-123
100900186,719,439,280
100900187,8,126,-118
100900188,16,9,7
100900189,885,198,687
100900191,1290,996,294
100900192,351,303,48
100900195,105,118,-13
100900197,37,104,-67
100900198,14,182,-168
100900199,11,19,-8
100900200,588,384,204
100900201,51,498,-447
100900202,70,0,70
100900203,2,113,-111
100900204,306,419,-113
100900205,145,454,-309
100900206,131,96,35
100900207,195,135,60
100900210,98,511,-413
100900211,345,104,241
100900213,65,70,-5
100900214,696,199,497
100900215,11,57,-46
100900217,120,102,18
101000001,3525,2362,1163
101000002,3698,3496,202
101000003,561,1395,-834
101000004,7449,6460,989
101000005,1634,3229,-1595
101000006,6464,6026,438
101000007,1961,2569,-608
101000008,3560,2618,942
101000009,2737,1508,1229
101000010,964,1176,-212
101000011,1635,700,935
101000012,1552,804,748
101000013,629,1021,-392
101000014,523,619,-96
101000015,988,681,307
101000016,419,325,94
101000017,561,441,120
101000018,3430,1897,1533
101000020,5556,1365,4191
101000021,864,367,497
101000022,148,37,111
101000023,1702,708,994
101000025,216,387,-171
101000026,419,11,408
101000027,1700,1989,-289
101000028,968,228,740
101000029,196,1104,-908
101000030,1852,123,1729
101000031,808,282,526
101000032,9752,3172,6580
101000033,2390,2466,-76
101000034,2448,1405,1043
101000035,785,378,407
101000036,1647,688,959
101000037,2946,1281,1665
101000039,2678,1707,971
101000040,2977,2837,140
101000041,9843,5835,4008
101000042,560,974,-414
101000043,7829,5360,2469
101000045,1655,801,854
101000046,4595,1073,3522
101000047,2460,1968,492
101000048,687,635,52
101000049,898,1266,-368
101000050,1816,1279,537
101000051,2126,1792,334
101000052,1729,732,997
101000053,936,1590,-654
101000054,1529,1111,418
101000055,1298,1043,255
101000056,58,86,-28
101000057,2004,929,1075
101000058,1312,890,422
101000059,2423,1790,633
101000060,1420,543,877
101000061,936,1188,-252
101000062,756,603,153
101000063,720,786,-66
101000064,1499,884,615
101000065,399,355,44
101000066,1077,729,348
101000067,1639,837,802
101000068,450,301,149
101000069,534,71,463
101000070,1459,835,624
101000071,1877,926,951
101000072,799,2576,-1777
101000073,888,660,228
101000074,6125,2943,3182
101000075,5218,3149,2069
101000077,1302,920,382
101000078,1067,2093,-1026
101000079,762,352,410
101000080,806,361,445
101000081,1483,1350,133
101000082,3292,3316,-24
101000083,2335,2083,252
101000084,1535,948,587
101000085,1483,1213,270
101000086,1048,1119,-71
101000087,908,1197,-289
101000088,954,1138,-184
101000089,891,1504,-613
101000090,2138,1424,714
101000091,360,976,-616
101000092,735,1117,-382
101000093,1271,765,506
101000094,791,1033,-242
101000095,388,627,-239
101000096,420,537,-117
101000097,384,304,80
101000098,444,507,-63
101000099,1135,1072,63
101000100,950,685,265
101000101,536,320,216
101000102,858,445,413
101000103,971,443,528
101000104,428,546,-118
101000105,1358,376,982
101000106,952,657,295
101000107,197,317,-120
101000108,1090,351,739
101000109,277,65,212
101000110,57,611,-554
101000111,200,302,-102
101000113,200,579,-379
101000114,9138,3536,5602
101000115,190,165,25
101000116,285,124,161
101000117,916,437,479
101000119,69,31,38
101000120,161,39,122
101000121,96,35,61
101000122,149,69,80
101000123,99,75,24
101000124,600,191,409
101000125,288,505,-217
101000128,590,232,358
101000130,274,282,-8
101000131,597,601,-4
101000132,507,1070,-563
101000135,118,35,83
101000136,595,144,451
101000137,43,269,-226
101000141,1433,2102,-669
101000147,965,557,408
101000148,1312,17,1295
101000149,328,332,-4
101000150,131,824,-693
101000151,192,98,94
101000152,310,369,-59
101000153,819,407,412
101000154,257,1097,-840
101000155,207,135,72
101000156,28,224,-196
101000157,62,18,44
101000160,129,60,69
101000163,284,269,15
101000164,614,421,193
101000165,222,401,-179
101000166,278,339,-61
101000168,777,348,429
101000252,1514,869,645
101000254,488,77,411
101000258,42,26,16
101000261,188,50,138
101000262,1093,1408,-315
101000263,226,747,-521
101000265,103,681,-578
101000266,335,276,59
101000269,36,13,23
101000290,1330,2722,-1392
101000293,38,89,-51
101000294,477,426,51
101000295,109,456,-347
101000301,706,338,368
101000304,2006,2392,-386
101000305,3307,1325,1982
101000328,153,264,-111
101900001,44,82,-38
101900002,0,14,-14
101900003,79,100,-21
101900004,5,67,-62
101900005,3776,1590,2186
101900006,826,31,795
101900007,653,116,537
101900008,69,258,-189
101900009,34,442,-408
101900010,1009,755,254
101900011,296,1212,-916
101900012,112,275,-163
101900013,1069,194,875
101900017,31,180,-149
101900018,1051,259,792
101900019,395,132,263
101900020,74,75,-1
101900021,4,52,-48
101900022,114,924,-810
101900023,159,233,-74
101900026,98,42,56
101900027,25,136,-111
102000001,2473,3560,-1087
102000002,3186,1248,1938
102000003,3191,5774,-2583
102000004,6918,2881,4037
102000005,1284,1832,-548
102000006,1194,1589,-395
102000007,1356,3708,-2352
102000008,4451,1528,2923
102000009,4847,6540,-1693
102000010,5899,3106,2793
102000011,3157,2422,735
102000012,3314,3207,107
102000018,2942,2748,194
102000019,2389,1570,819
102000026,242,560,-318
102000029,252,204,48
102000030,114,346,-232
102000031,103,186,-83
102000032,387,352,35
102000033,265,393,-128
102000034,571,424,147
102000035,833,601,232
102000036,16,254,-238
102000037,288,83,205
102000038,206,310,-104
102000039,245,89,156
102000040,573,201,372
102000041,187,284,-97
102000042,221,204,17
102000043,322,169,153
102000044,370,377,-7
102000045,851,895,-44
102000046,921,605,316
102000047,775,1004,-229
102000048,355,742,-387
102000049,1002,685,317
102000050,1021,1214,-193
102000051,519,641,-122
102000052,1650,756,894
102000053,1010,869,141
102000054,560,779,-219
102000055,1032,852,180
102000056,744,1174,-430
102000057,1423,581,842
102000058,1049,1734,-685
102000059,1671,1291,380
102000060,1168,950,218
102000061,1528,2010,-482
102000062,1473,1158,315
102000063,1244,1463,-219
102000064,693,823,-130
102000065,44,137,-93
102000066,1534,883,651
102000067,2227,3269,-1042
102000068,7830,2781,5049
102000069,60,1581,-1521
102000070,2119,57,2062
102000071,7144,8660,-1516
102000072,3108,3890,-782
102000073,962,1089,-127
102000074,627,864,-237
102000075,138,372,-234
102000076,246,647,-401
102000077,564,983,-419
102000078,1469,955,514
102000079,178,290,-112
102000080,308,211,97
102000081,455,852,-397
102000082,935,325,610
102000083,515,316,199
102000084,231,386,-155
102000085,1387,997,390
102000086,1009,1277,-268
102000087,754,1598,-844
102000088,275,298,-23
102000089,1064,429,635
102000090,446,1133,-687
102000091,1348,485,863
102000092,441,730,-289
102000093,762,775,-13
102000094,950,655,295
102000095,932,998,-66
102000096,644,777,-133
102000097,825,692,133
102000098,621,756,-135
102000099,916,734,182
102000100,827,1219,-392
102000101,1155,787,368
102000102,433,1702,-1269
102000103,1335,369,966
102000104,622,265,357
102000105,236,568,-332
102000106,681,679,2
102000107,953,699,254
102000108,921,210,711
102000109,617,677,-60
102000110,1045,1355,-310
102000111,17,274,-257
102000112,363,124,239
102000113,25,35,-10
102000114,875,323,552
102000115,265,292,-27
102000116,705,333,372
102000117,412,451,-39
102000118,1703,1083,620
102000119,2074,669,1405
102000120,174,417,-243
102000121,927,477,450
102000122,494,851,-357
102000123,1321,870,451
102000124,1032,1057,-25
102000125,833,909,-76
102000126,953,699,254
102000127,1347,683,664
102000128,606,810,-204
102000129,1189,808,381
102000130,704,607,97
102000131,976,470,506
102000132,317,481,-164
102000133,2025,1861,164
102000134,590,737,-147
102000135,777,791,-14
102000136,855,565,290
102000137,785,608,177
102000138,329,340,-11
102000139,197,335,-138
102000140,678,295,383
102000141,240,403,-163
102000142,666,376,290
102000143,150,468,-318
102000144,244,391,-147
102000145,384,478,-94
102000146,391,282,109
102000147,458,503,-45
102000148,231,744,-513
102000149,136,461,-325
102000150,261,110,151
102000151,115,312,-197
102000152,125,180,-55
102000153,1299,555,744
102000154,354,694,-340
102000155,155,325,-170
102000156,352,98,254
102000157,172,334,-162
102000158,638,563,75
102000159,1049,363,686
102000161,3484,1958,1526
102000162,254,154,100
102000163,100,566,-466
102000164,1009,1094,-85
102000165,424,146,278
102000166,167,174,-7
102000167,359,232,127
102000168,245,140,105
102000169,163,569,-406
102000170,580,208,372
102000171,246,130,116
102000172,130,357,-227
102000173,584,277,307
102000174,85,72,13
102000175,176,97,79
102000176,56,27,29
102000178,311,492,-181
102000179,396,256,140
102000180,935,525,410
102000181,631,721,-90
102000182,591,601,-10
102000183,1689,1896,-207
102000184,1967,836,1131
102000185,2214,1685,529
102000186,1217,2033,-816
102000187,840,1705,-865
102000188,955,1387,-432
102000189,2244,877,1367
102000190,532,2180,-1648
102000191,1282,557,725
102000192,1122,1345,-223
102000193,47,150,-103
102000194,68,120,-52
102000195,375,470,-95
102000196,181,370,-189
102000197,577,438,139
102000198,202,712,-510
102000199,772,303,469
102000200,324,1017,-693
102000201,892,476,416
102000202,8,136,-128
102000203,367,221,146
102000204,371,754,-383
102000205,830,413,417
102000206,626,620,6
102000207,854,423,431
102000208,459,463,-4
102000209,109,66,43
102000210,324,453,-129
102000211,593,366,227
102000212,326,8,318
102000213,6,407,-401
102000214,246,16,230
102000215,25,437,-412
102000216,66,68,-2
102000217,9,121,-112
102000218,282,189,93
102000219,526,358,168
102000225,729,627,102
102000226,3318,886,2432
102000227,145,1,144
102000228,2,130,-128
102000229,44,41,3
102000230,284,417,-133
102000231,255,457,-202
102000232,14,165,-151
102000233,431,626,-195
102000234,100,1199,-1099
102000236,344,64,280
102000237,543,134,409
102000238,233,267,-34
102000240,686,627,59
102000241,203,131,72
102000243,45,71,-26
102000245,31,119,-88
102000246,18,38,-20
102000247,1330,1190,140
102000248,995,1254,-259
102000249,191,149,42
102000250,140,386,-246
102000254,65,332,-267
102000266,45,165,-120
102000271,19,1,18
102000286,457,425,32
102000297,1567,1043,524
102000301,0,0,0
102000303,0,0,0
102000305,0,0,0
102000307,0,4,-4
102900001,1500,976,524
102900002,470,60,410
102900003,82,219,-137
102900005,287,308,-21
102900006,404,170,234
102900007,531,36,495
102900008,167,81,86
102900009,493,206,287
102900010,646,564,82
102900011,1938,291,1647
102900012,341,75,266
102900013,29,89,-60
102900015,610,373,237
102900016,67,148,-81
102900017,140,669,-529
102900018,34,166,-132
102900019,403,432,-29
102900020,126,29,97
102900021,11,146,-135
102900022,789,177,612
102900023,27,60,-33
102900024,56,41,15
102900025,366,142,224
102900026,418,1848,-1430
102900027,65,66,-1
102900028,144,729,-585
102900029,181,153,28
102900030,649,274,375
102900031,141,200,-59
102900032,88,91,-3
102900033,76,216,-140
102900034,603,105,498
102900035,166,369,-203
102900036,301,517,-216
102900037,582,521,61
102900038,742,595,147
102900039,12,507,-495
102900040,145,261,-116
102900041,49,185,-136
102900042,173,317,-144
102900043,121,273,-152
102900044,745,2195,-1450
102900045,111,686,-575
102900046,152,329,-177
102900047,93,648,-555
102900048,696,638,58
102900049,136,389,-253
102900050,355,365,-10
102900051,240,164,76
102900053,408,670,-262
102900054,783,1119,-336
102900055,79,168,-89
102900056,104,365,-261
102900057,10,52,-42
102900058,256,63,193
102900059,22,86,-64
102900060,111,411,-300
102900061,193,497,-304
102900062,188,1005,-817
102900063,1026,542,484
102900064,146,446,-300
102900065,1733,496,1237
102900066,303,37,266
102900068,121,89,32
102900070,235,459,-224
102900072,57,47,10
102900073,307,9,298
102900075,58,53,5
102900076,178,119,59
102900077,52,69,-17
102900078,40,95,-55
102900079,157,14,143
102900080,383,53,330
102900081,105,280,-175
102900082,14,235,-221
102900083,305,14,291
102900084,18,24,-6
102900085,426,157,269
102900086,21,51,-30
102900087,86,93,-7
102900088,42,34,8
102900089,292,140,152
102900090,2,387,-385
102900091,196,5,191
102900092,263,970,-707
102900094,1,60,-59
102900095,106,3,103
102900096,50,28,22
102900097,100,288,-188
103000001,1986,2555,-569
103000002,2123,2552,-429
103000003,3013,2748,265
103000004,972,791,181
103000005,1594,2603,-1009
103000006,550,1396,-846
103000007,398,719,-321
103000008,979,811,168
103000009,931,1061,-130
103000010,249,153,96
103000011,1473,1323,150
103000012,1180,1459,-279
103000013,3628,1792,1836
103000014,1275,2235,-960
103000015,1787,737,1050
103000016,563,1312,-749
103000017,194,414,-220
103000018,646,403,243
103000019,257,240,17
103000020,2543,1299,1244
103000021,1936,1733,203
103000022,1425,1429,-4
103000023,612,1540,-928
103000024,101,189,-88
103000025,132,493,-361
103000026,1331,147,1184
103000027,472,395,77
103000028,507,388,119
103000029,266,224,42
103000030,1738,828,910
103000031,1380,1408,-28
103000032,2660,1894,766
103000033,2764,2745,19
103000034,1568,1176,392
103000035,362,1262,-900
103000036,391,556,-165
103000037,623,491,132
103000038,512,971,-459
103000039,369,480,-111
103000040,468,1099,-631
103000041,1786,2270,-484
103000042,1062,608,454
103000043,480,990,-510
103000044,228,213,15
103000046,273,475,-202
103000047,634,819,-185
103000048,196,206,-10
103000049,170,191,-21
103000050,569,542,27
103000051,414,661,-247
103000052,820,413,407
103000053,182,743,-561
103000054,2729,1606,1123
103000055,2140,2373,-233
103000056,563,1736,-1173
103000057,434,286,148
103000058,626,943,-317
103000059,437,891,-454
103000060,756,804,-48
103000061,350,991,-641
103000062,1007,678,329
103000063,637,859,-222
103000064,154,265,-111
103000065,6,524,-518
103000066,293,13,280
103000069,551,479,72
103000070,1124,936,188
103000071,1032,520,512
103000072,126,690,-564
103000073,503,107,396
103000074,561,94,467
103000075,92,652,-560
103000076,288,273,15
103000077,46,359,-313
103000078,1282,579,703
103000079,925,681,244
103000080,1409,369,1040
103000081,504,1087,-583
103000082,512,202,310
103000083,112,295,-183
103000084,155,8,147
103000085,3,142,-139
103000086,697,360,337
103000087,121,554,-433
103000088,385,359,26
103000089,283,452,-169
103000090,1619,696,923
103000091,588,459,129
103000092,257,296,-39
103000093,271,398,-127
103000094,227,124,103
103000095,53,333,-280
103000096,526,76,450
103000097,83,719,-636
103000098,965,151,814
103000099,365,588,-223
103000100,102,689,-587
103000101,682,103,579
103000102,110,620,-510
103000103,606,230,376
103000104,53,101,-48
103000105,103,112,-9
103000106,13,121,-108
103000107,203,60,143
103000108,785,533,252
103000109,362,269,93
103000110,413,379,34
103000111,528,385,143
103000112,336,138,198
103000113,650,653,-3
103000114,1210,336,874
103000115,465,452,13
103000116,508,457,51
103000117,317,458,-141
103000118,925,801,124
103000119,1241,653,588
103000120,68,141,-73
103000121,722,1076,-354
103000122,682,795,-113
103000125,6,321,-315
103000126,696,10,686
103000127,1,164,-163
103000128,200,3,197
103000129,2,109,-107
103000130,77,38,39
103000131,129,76,53
103000132,105,139,-34
103000133,24,101,-77
103000134,649,728,-79
103000135,604,267,337
103000136,720,492,228
103000137,589,578,11
103000138,711,761,-50
103000139,3,71,-68
103000140,117,29,88
103000141,81,152,-71
103000142,210,78,132
103000143,87,211,-124
103000144,208,65,143
103000145,47,86,-39
103000150,163,61,102
103000152,228,244,-16
103000153,313,161,152
103000156,3,373,-370
103000157,393,0,393
103000159,97,19,78
103000162,127,39,88
103000163,32,60,-28
103000164,93,33,60
103000165,106,339,-233
103000166,131,313,-182
103000167,180,94,86
103000168,72,182,-110
103000169,167,486,-319
103000170,585,477,108
103000171,151,111,40
103000172,475,475,0
103000173,413,582,-169
103000174,163,406,-243
103000175,273,344,-71
103000176,817,666,151
103000177,608,557,51
103000178,272,325,-53
103000179,216,80,136
103000183,98,22,76
103000185,74,43,31
103000186,93,225,-132
103000187,381,421,-40
103000188,15,68,-53
103000189,822,913,-91
103000191,426,496,-70
103000292,1798,1666,132
103000293,973,1488,-515
103000295,107,95,12
103000296,423,4,419
103000297,10,13,-3
103000504,60,6,54
103000505,10,14,-4
103000506,3,346,-343
103000507,272,7,265
103000508,65,33,32
103000509,277,625,-348
103900001,1,196,-195
103900002,1315,211,1104
103900003,1448,293,1155
103900004,81,3,78
103900005,3,271,-268
103900006,24,35,-11
103900007,54,4,50
103900008,13,2,11
103900009,227,524,-297
103900010,114,320,-206
103900011,205,189,16
103900012,4,35,-31
103900013,60,72,-12
103900014,39,25,14
103900015,53,15,38
103900016,206,165,41
103900017,54,117,-63
103900018,836,246,590
103900019,64,327,-263
103900020,245,476,-231
103900021,570,173,397
103900022,1187,769,418
103900023,152,2,150
103900024,128,245,-117
103900025,19,45,-26
103900026,502,9,493
103900027,707,282,425
103900028,20,219,-199
103900029,1028,191,837
103900030,239,85,154
103900031,19,20,-1
103900032,77,80,-3
103900033,120,8,112
103900034,34,214,-180
103900035,68,52,16
103900036,38,23,15
103900037,83,50,33
103900038,103,204,-101
103900039,83,386,-303
103900040,21,185,-164
103900041,56,53,3
103900042,71,397,-326
103900043,126,118,8
103900044,116,216,-100
103900045,318,214,104
103900047,76,23,53
103900048,95,37,58
103900049,251,1086,-835
103900050,15,99,-84
103900051,0,40,-40
103900052,176,442,-266
103900053,214,639,-425
103900054,119,390,-271
103900055,437,188,249
103900056,103,72,31
103900057,30,204,-174
103900058,257,722,-465
103900059,3,47,-44
103900060,43,201,-158
103900061,130,60,70
103900062,299,77,222
103900063,75,0,75
103900064,95,2,93
103900065,935,427,508
103900066,142,18,124
103900067,143,8,135
103900068,28,1,27
103900069,84,8,76
103900070,177,238,-61
103900071,19,146,-127
103900072,8,210,-202
103900073,54,24,30
103900074,75,88,-13
103900075,174,103,71
103900076,372,595,-223
103900077,50,96,-46
103900078,213,110,103
103900079,137,217,-80
103900080,21,56,-35
103900081,172,24,148
103900082,3,133,-130
103900083,1547,839,708
103900084,75,109,-34
103900085,60,123,-63
103900086,488,353,135
103900088,431,411,20
103900089,43,138,-95
103900090,1,127,-126
103900091,1127,298,829
103900092,751,371,380
103900093,123,301,-178
103900094,6,156,-150
103900095,331,201,130
103900096,28,206,-178
103900097,5,360,-355
103900098,197,105,92
103900099,58,171,-113
103900100,142,358,-216
103900101,143,1117,-974
103900102,2,20,-18
103900104,14,27,-13
103900105,88,282,-194
103900106,0,125,-125
103900107,99,224,-125
103900108,36,390,-354
103900109,82,92,-10
103900110,167,41,126
103900111,59,552,-493
103900112,43,75,-32
103900113,166,238,-72
103900114,359,312,47
103900115,217,172,45
103900116,5677,2518,3159
103900117,184,79,105
103900119,31,54,-23
103900120,62,109,-47
103900122,85,313,-228
103900123,1621,752,869
103900124,55,500,-445
103900125,107,113,-6
103900126,341,444,-103
103900127,171,392,-221
103900128,136,119,17
103900131,46,131,-85
103900133,925,232,693
103900134,0,3,-3
103900135,38,23,15
103900137,2,27,-25
103900138,32,240,-208
103900139,280,1311,-1031
103900140,20,79,-59
103900141,267,93,174
103900142,137,165,-28
103900143,32,2,30
103900144,0,44,-44
103900145,159,244,-85
103900146,245,217,28
103900147,341,104,237
103900148,173,221,-48
103900149,308,672,-364
103900150,5578,3215,2363
103900151,65,177,-112
103900152,365,521,-156
103900153,8,4,4
103900154,844,1350,-506
103900155,49,275,-226
103900156,39,206,-167
103900157,36,214,-178
103900158,52,131,-79
103900159,121,100,21
103900160,69,43,26
103900161,99,192,-93
103900162,58,150,-92
103900163,9,445,-436
103900167,17,99,-82
103900168,139,109,30
103900169,47,43,4
103900170,1,120,-119
103900171,3,72,-69
103900172,5,29,-24
103900173,12,29,-17
103900174,104,52,52
103900175,60,74,-14
103900176,14,48,-34
103900177,13,73,-60
103900178,60,68,-8
103900179,60,118,-58
103900180,9,71,-62
103900181,70,39,31
103900182,67,25,42
103900184,419,76,343
103900185,180,271,-91
103900187,36,71,-35
103900188,56,20,36
103900189,103,2,101
103900190,65,49,16
103900191,27,31,-4
103900192,53,77,-24
103900193,119,159,-40
103900194,64,239,-175
103900195,5,72,-67
103900196,57,45,12
103900197,18,34,-16
103900198,12,55,-43
103900199,106,81,25
103900200,111,107,4
103900201,119,175,-56
103900202,16,70,-54
103900203,78,28,50
103900204,1,130,-129
103900207,1,111,-110
103900208,90,0,90
103900209,7,83,-76
103900210,38,19,19
103900211,440,450,-10
103900212,70,299,-229
103900213,113,280,-167
103900214,261,181,80
103900215,521,355,166
103900216,17,447,-430
103900217,375,46,329
103900218,3,440,-437
103900219,153,262,-109
103900233,43,0,43
103900235,28,18,10
103900236,15,10,5
103900242,12,19,-7
103900243,16,10,6
103900244,83,214,-131
103900245,107,190,-83
103900246,50,40,10
103900247,39,154,-115
103900248,29,52,-23
103900249,39,44,-5
103900250,36,19,17
103900251,2,25,-23
103900253,32,79,-47
103900254,1,24,-23
103900255,13,16,-3
103900256,10,39,-29
103900257,164,146,18
103900258,65,4,61
103900259,82,1,81
103900261,19,6,13
103900262,21,0,21
103900263,36,37,-1
103900264,93,36,57
103900265,120,28,92
103900266,2,87,-85
103900267,6,85,-79
103900268,19,122,-103
103900269,142,47,95
103900270,57,168,-111
103900271,63,130,-67
103900272,70,85,-15
103900273,30,62,-32
103900274,67,10,57
103900275,41,12,29
103900276,4,84,-80
103900277,1,66,-65
103900278,13,71,-58
103900279,5,22,-17
103900280,1,118,-117
104000001,1291,1490,-199
104000002,1511,2587,-1076
104000003,1921,2110,-189
104000004,2604,2695,-91
104000005,1401,1846,-445
104000006,2745,2730,15
104000007,4138,4278,-140
104000008,187,256,-69
104000009,115,87,28
104000010,132,277,-145
104000011,598,371,227
104000012,139,382,-243
104000013,164,169,-5
104000014,210,760,-550
104000015,334,165,169
104000016,608,463,145
104000018,655,207,448
104000019,520,176,344
104000020,129,652,-523
104000021,256,676,-420
104000022,167,246,-79
104000023,1094,360,734
104000024,250,336,-86
104000026,36,394,-358
104000027,276,294,-18
104000028,346,264,82
104000029,427,474,-47
104000030,205,223,-18
104000031,1138,436,702
104000032,201,342,-141
104000033,475,575,-100
104000034,291,343,-52
104000035,684,426,258
104000036,576,568,8
104000037,312,225,87
104000038,367,312,55
104000039,164,286,-122
104000040,397,395,2
104000041,1388,357,1031
104000042,220,410,-190
104000043,528,418,110
104000044,300,609,-309
104000045,925,1229,-304
104000046,1287,1654,-367
104000047,741,1257,-516
104000048,789,1628,-839
104000049,547,306,241
104000050,234,618,-384
104000051,146,511,-365
104000052,1699,1331,368
104000053,1293,583,710
104000054,521,388,133
104000055,3284,2083,1201
104000056,2028,269,1759
104000057,259,569,-310
104000058,841,769,72
104000059,549,1151,-602
104000060,937,1194,-257
104000061,1423,1109,314
104000062,450,252,198
104000064,328,215,113
104000065,260,570,-310
104000069,411,457,-46
104000070,61,418,-357
104000071,264,623,-359
104000072,615,368,247
104000075,60,278,-218
104000076,508,57,451
104000082,1785,2541,-756
104000083,840,204,636
104000084,183,520,-337
104000085,266,290,-24
104000086,204,452,-248
104000087,467,1403,-936
104000090,638,1407,-769
104000092,960,2241,-1281
104000094,737,1598,-861
104000095,1723,1421,302
104000096,1260,107,1153
104000097,1381,902,479
104000098,1582,975,607
104000100,1300,569,731
104000101,1236,1732,-496
104000106,160,647,-487
104000107,604,516,88
104000108,284,448,-164
104000109,272,102,170
104000110,995,852,143
104000111,3106,1627,1479
104000112,2105,515,1590
104000116,5,1240,-1235
104000117,167,681,-514
104000118,393,200,193
104000119,482,252,230
104000120,275,698,-423
104000121,208,685,-477
104000122,569,777,-208
104000123,717,944,-227
104000124,951,1991,-1040
104000125,3043,3222,-179
104000126,358,402,-44
104000127,1245,2540,-1295
104000128,630,428,202
104000129,388,35,353
104000130,9,214,-205
104000131,822,494,328
104000132,581,590,-9
104000133,1259,792,467
104000134,842,1399,-557
104000135,432,1454,-1022
104000136,696,2989,-2293
104000137,1370,291,1079
104000138,884,295,589
104000139,5904,2611,3293
104000141,1067,1167,-100
104000142,501,722,-221
104000143,542,655,-113
104000144,122,201,-79
104000145,382,216,166
104000146,400,552,-152
104000147,152,360,-208
104000148,307,161,146
104000149,128,319,-191
104000150,907,467,440
104000151,355,521,-166
104000152,470,548,-78
104000153,483,530,-47
104000154,1117,649,468
104000155,416,576,-160
104000157,857,1402,-545
104000158,399,310,89
104000159,623,423,200
104000160,1468,1691,-223
104000161,184,234,-50
104000162,73,207,-134
104000165,1109,989,120
104000167,538,905,-367
104000168,441,7,434
104000169,75,60,15
104000170,539,384,155
104000248,228,668,-440
104000251,58,280,-222
104000272,0,0,0
104000273,0,0,0
104000274,0,0,0
104000275,0,0,0
104000279,544,391,153
104000290,119,257,-138
104000291,732,1087,-355
104000293,669,668,1
104000294,21,0,21
104000295,442,674,-232
104000296,596,791,-195
104000297,784,1685,-901
104000298,1804,759,1045
104000299,636,1454,-818
104000302,125,108,17
104000303,149,188,-39
104900001,159,367,-208
104900002,38,134,-96
104900003,51,315,-264
104900004,87,311,-224
104900005,177,160,17
104900006,229,85,144
104900007,163,153,10
104900009,104,343,-239
104900010,74,65,9
104900011,26,12,14
104900012,230,54,176
104900013,101,21,80
104900014,1384,205,1179
104900015,90,2,88
104900016,240,186,54
104900017,249,189,60
104900018,9,175,-166
104900019,291,1806,-1515
104900020,72,316,-244
104900021,1,225,-224
104900022,23,128,-105
104900023,3,88,-85
104900024,22,92,-70
104900025,87,257,-170
104900026,7,101,-94
104900027,343,262,81
104900028,28,95,-67
104900029,61,86,-25
104900030,365,247,118
104900031,69,216,-147
104900032,57,117,-60
104900033,128,189,-61
104900034,249,157,92
104900035,223,178,45
104900036,127,102,25
104900037,116,229,-113
104900038,521,630,-109
104900039,721,276,445
104900040,350,159,191
104900041,202,147,55
104900042,152,212,-60
104900043,18,114,-96
104900044,408,206,202
104900045,326,43,283
104900046,135,96,39
104900047,177,149,28
104900048,144,86,58
104900049,25,25,0
104900050,362,70,292
104900051,248,49,199
104900052,39,2,37
104900053,384,69,315
104900054,100,31,69
104900055,93,0,93
104900056,276,8,268
104900057,32,0,32
104900058,489,151,338
104900059,270,80,190
104900060,119,316,-197
104900061,189,464,-275
104900063,29,117,-88
104900064,1,87,-86
104900065,1,179,-178
104900066,1,154,-153
104900067,3,262,-259
104900068,9,215,-206
104900070,192,262,-70
104900071,0,499,-499
104900072,29,270,-241
104900073,49,170,-121
104900074,33,221,-188
104900075,43,63,-20
104900076,72,252,-180
104900077,764,218,546
104900078,157,471,-314
104900079,87,333,-246
104900080,63,447,-384
104900082,14,403,-389
104900085,40,271,-231
104900087,656,5,651
104900089,136,1,135
104900090,689,475,214
104900091,849,460,389
104900093,211,475,-264
104900097,2370,1717,653
104900098,193,64,129
104900099,94,441,-347
104900100,394,245,149
104900102,68,178,-110
104900103,360,86,274
104900104,2545,1578,967
104900106,82,149,-67
104900107,122,191,-69
104900108,19,203,-184
104900109,65,168,-103
104900110,5,60,-55
104900111,99,78,21
104900112,208,660,-452
104900113,524,326,198
104900114,353,333,20
104900115,484,462,22
104900116,175,217,-42
104900118,24,78,-54
104900119,8,49,-41
104900120,86,246,-160
104900121,0,87,-87
104900122,6,62,-56
104900123,23,3,20
104900124,47,1,46
104900125,271,2,269
104900126,61,69,-8
104900127,33,76,-43
104900128,50,69,-19
104900129,1473,1269,204
105000001,1346,1120,226
105000002,2130,1417,713
105000003,3507,3452,55
105000004,541,998,-457
105000005,1142,1083,59
105000006,1281,1456,-175
105000007,1033,1219,-186
105000008,1804,2269,-465
105000009,1729,2601,-872
105000010,3350,2485,865
105000011,2693,2077,616
105000012,4137,3004,1133
105000013,1065,906,159
105000014,2088,2126,-38
105000015,7948,10553,-2605
105000016,3257,2146,1111
105000017,1758,878,880
105000018,1324,1356,-32
105000019,1633,786,847
105000020,196,370,-174
105000021,305,123,182
105000022,336,74,262
105000023,573,384,189
105000028,76,144,-68
105000029,430,917,-487
105000030,3945,3041,904
105000031,6,41,-35
105000033,1295,2141,-846
105000034,126,769,-643
105000037,562,363,199
105000038,1710,1348,362
105000039,2760,1695,1065
105000040,1083,813,270
105000041,658,1224,-566
105000042,2675,1336,1339
105000043,2045,1975,70
105000044,504,404,100
105000045,324,878,-554
105000046,920,410,510
105000047,503,1667,-1164
105000048,641,214,427
105000049,241,686,-445
105000050,550,332,218
105000051,190,500,-310
105000052,606,892,-286
105000053,189,178,11
105000054,423,817,-394
105000055,773,378,395
105000056,1984,2138,-154
105000057,2014,848,1166
105000058,1187,1334,-147
105000059,578,603,-25
105000060,414,604,-190
105000061,488,601,-113
105000062,609,838,-229
105000063,295,525,-230
105000064,909,827,82
105000065,357,701,-344
105000066,1011,1497,-486
105000067,1061,793,268
105000068,566,887,-321
105000069,2165,1263,902
105000070,813,676,137
105000071,272,637,-365
105000072,933,1663,-730
105000073,688,505,183
105000074,1125,899,226
105000075,513,819,-306
105000076,1193,1015,178
105000077,2474,888,1586
105000078,1285,1422,-137
105000079,1285,2503,-1218
105000080,1620,1200,420
105000081,3459,1857,1602
105000082,1069,1605,-536
105000083,5029,2957,2072
105000084,2208,1004,1204
105000085,1695,1612,83
105000086,675,1145,-470
105000087,1316,1763,-447
105000088,1381,1548,-167
105000089,3077,2258,819
105000090,1063,853,210
105000091,1557,1388,169
105000092,976,919,57
105000093,371,218,153
105000094,255,224,31
105000095,119,486,-367
105000096,1208,897,311
105000097,999,707,292
105000098,795,644,151
105000099,1065,777,288
105000100,1072,949,123
105000101,2326,1985,341
105000102,1331,1333,-2
105000103,1482,2008,-526
105000104,2591,855,1736
105000105,1637,2105,-468
105000106,1340,1754,-414
105000107,922,881,41
105000108,1204,1435,-231
105000109,1097,1836,-739
105000110,580,639,-59
105000111,584,908,-324
105000112,959,737,222
105000113,418,776,-358
105000114,2680,1097,1583
105000115,304,1059,-755
105000116,591,540,51
105000117,901,1210,-309
105000118,523,460,63
105000119,727,1128,-401
105000120,812,640,172
105000121,882,1238,-356
105000122,383,696,-313
105000123,1416,1474,-58
105000124,1737,966,771
105000125,766,1985,-1219
105000126,1829,1704,125
105000127,2078,2145,-67
105000128,1532,1134,398
105000129,1025,445,580
105000130,415,2255,-1840
105000131,1200,500,700
105000132,609,510,99
105000133,504,1037,-533
105000134,460,566,-106
105000135,493,770,-277
105000136,159,432,-273
105000137,368,273,95
105000138,268,514,-246
105000139,936,1077,-141
105000140,316,559,-243
105000141,320,679,-359
105000142,151,543,-392
105000143,194,723,-529
105000144,317,847,-530
105000145,593,414,179
105000146,546,902,-356
105000147,448,340,108
105000148,1016,608,408
105000149,1994,1699,295
105000150,1840,1646,194
105000151,420,385,35
105000152,151,489,-338
105000153,425,689,-264
105000154,521,690,-169
105000155,354,906,-552
105000156,839,694,145
105000157,759,1498,-739
105000158,1413,774,639
105000159,233,839,-606
105000160,1365,691,674
105000161,606,1088,-482
105000162,436,1375,-939
105000163,1031,883,148
105000164,191,281,-90
105000165,1114,3783,-2669
105000166,5105,779,4326
105000167,1944,1137,807
105000168,324,708,-384
105000169,465,407,58
105000170,178,1472,-1294
105000171,907,260,647
105000172,205,70,135
105000173,159,157,2
105000174,75,66,9
105000175,67,138,-71
105000176,226,159,67
105000177,235,235,0
105000178,75,439,-364
105000179,336,306,30
105000180,134,106,28
105000181,70,238,-168
105000182,70,61,9
105000183,2516,1491,1025
105000184,1850,916,934
105000185,1284,652,632
105000186,740,758,-18
105000187,713,176,537
105000188,437,125,312
105000189,320,439,-119
105000190,337,371,-34
105000191,431,351,80
105000192,241,87,154
105000193,104,131,-27
105000194,500,130,370
105000195,237,765,-528
105000196,107,251,-144
105000197,261,629,-368
105000198,712,305,407
105000199,455,698,-243
105000200,115,229,-114
105000201,179,30,149
105000203,8,284,-276
105000204,101,88,13
105000205,130,197,-67
105000207,483,263,220
105000208,176,416,-240
105000209,226,398,-172
105000211,230,24,206
105000212,1137,1392,-255
105000213,195,193,2
105000214,172,356,-184
105000215,241,199,42
105000216,129,392,-263
105000217,123,374,-251
105000218,1060,1283,-223
105000221,139,252,-113
105000222,429,69,360
105000223,324,217,107
105000226,75,229,-154
105000227,86,172,-86
105000228,380,1273,-893
105000229,139,395,-256
105000231,282,269,13
105000233,923,643,280
105000234,675,1139,-464
105000235,336,578,-242
105000237,644,90,554
105000243,27,58,-31
105000248,87,71,16
105000262,334,1345,-1011
105000269,126,253,-127
105000270,329,61,268
105000271,0,275,-275
105000282,106,72,34
105000287,373,117,256
105000288,744,431,313
105000289,3482,1975,1507
105000290,67,7,60
105000402,3754,2856,898
105000426,515,578,-63
105000438,5293,1855,3438
105000440,17,30,-13
105000446,10904,5169,5735
105000447,6898,2896,4002
105000454,399,729,-330
105000455,354,205,149
105000474,35,5,30
105000477,275,523,-248
105000478,1287,3044,-1757
105000479,192,165,27
105000480,10308,5778,4530
105000481,4195,2976,1219
105000482,5618,7994,-2376
105000483,1448,1502,-54
105000484,2233,3095,-862
105000485,1409,2207,-798
105000486,4085,2493,1592
105000488,12324,5838,6486
105000489,731,899,-168
105000549,192,124,68
105000550,541,1502,-961
105000551,45,162,-117
105000552,2804,1901,903
105000555,1444,962,482
105000556,41,63,-22
105000557,56,234,-178
105900001,15,861,-846
105900002,1195,602,593
105900003,11,146,-135
105900004,247,126,121
105900005,14,230,-216
105900006,13,86,-73
105900007,133,12,121
105900008,39,631,-592
105900009,19,17,2
105900011,129,50,79
105900012,443,115,328
105900013,4,37,-33
105900014,8,74,-66
105900015,143,217,-74
105900016,319,447,-128
105900017,1358,61,1297
105900018,132,147,-15
105900019,62,260,-198
105900020,37,54,-17
105900021,15,133,-118
105900022,237,148,89
105900023,3,65,-62
105900024,8,90,-82
105900025,117,54,63
105900026,236,17,219
105900027,3775,5622,-1847
105900028,363,240,123
105900029,1267,276,991
105900030,192,211,-19
105900031,336,213,123
105900032,46,211,-165
105900033,365,148,217
105900034,219,211,8
105900035,103,164,-61
105900036,75,135,-60
105900037,96,102,-6
105900038,116,278,-162
105900039,96,109,-13
105900040,95,122,-27
105900041,164,176,-12
105900042,37,127,-90
105900043,1153,35,1118
105900044,4,308,-304
105900045,4,579,-575
105900046,3,179,-176
105900047,3,43,-40
105900048,108,501,-393
105900050,4798,1250,3548
105900051,15,835,-820
105900052,378,249,129
105900053,2855,2289,566
105900054,348,167,181
105900056,691,330,361
105900057,28,100,-72
105900058,5,23,-18
105900059,1,40,-39
106000001,4338,2304,2034
106000002,2344,4949,-2605
106000003,2461,3303,-842
106000004,1835,2722,-887
106000005,2533,5109,-2576
106000006,5361,4375,986
106000007,446,699,-253
106000008,338,314,24
106000009,450,438,12
106000010,460,566,-106
106000011,819,902,-83
106000012,729,1385,-656
106000013,1436,1791,-355
106000014,1597,1514,83
106000015,1296,1156,140
106000016,1239,2302,-1063
106000017,594,724,-130
106000018,664,507,157
106000019,327,409,-82
106000020,266,410,-144
106000021,273,434,-161
106000022,380,277,103
106000023,530,387,143
106000024,434,491,-57
106000025,101,184,-83
106000026,122,266,-144
106000027,1023,1361,-338
106000028,561,695,-134
106000029,963,1404,-441
106000030,664,414,250
106000034,228,605,-377
106000035,1151,1779,-628
106000036,251,430,-179
106000037,2189,1711,478
106000038,438,124,314
106000039,195,92,103
106000040,177,823,-646
106000041,714,413,301
106000043,574,223,351
106000046,329,66,263
106000047,63,327,-264
106000049,838,182,656
106000050,304,734,-430
106000051,488,412,76
106000052,126,663,-537
106000053,260,136,124
106000054,289,449,-160
106000055,810,1021,-211
106000056,273,442,-169
106000057,254,343,-89
106000058,130,207,-77
106000059,226,296,-70
106000060,347,581,-234
106000061,167,464,-297
106000062,118,598,-480
106000063,640,564,76
106000064,60,439,-379
106000065,268,273,-5
106000066,132,322,-190
106000067,598,83,515
106000068,68,611,-543
106000069,209,107,102
106000070,407,784,-377
106000071,904,267,637
106000072,3115,1526,1589
106000073,1565,2836,-1271
106000074,461,654,-193
106000075,278,1490,-1212
106000076,1852,2111,-259
106000077,3561,1428,2133
106000078,814,989,-175
106000079,581,1082,-501
106000080,1058,693,365
106000081,552,1095,-543
106000082,2142,802,1340
106000083,334,1428,-1094
106000084,986,673,313
106000085,1365,1388,-23
106000086,571,810,-239
106000087,859,591,268
106000088,426,802,-376
106000089,762,448,314
106000090,273,651,-378
106000091,246,551,-305
106000092,587,286,301
106000093,402,157,245
106000094,72,127,-55
106000095,617,657,-40
106000096,798,778,20
106000097,783,908,-125
106000098,794,1105,-311
106000099,231,760,-529
106000100,907,253,654
106000101,903,314,589
106000102,223,591,-368
106000103,373,531,-158
106000104,946,481,465
106000105,437,592,-155
106000106,540,511,29
106000107,220,363,-143
106000108,363,427,-64
106000109,138,354,-216
106000110,190,415,-225
106000111,191,497,-306
106000112,191,552,-361
106000113,744,547,197
106000114,519,610,-91
106000115,253,552,-299
106000116,281,213,68
106000117,856,649,207
106000118,950,1253,-303
106000119,1611,936,675
106000120,567,1060,-493
106000121,145,159,-14
106000122,103,296,-193
106000123,367,200,167
106000124,72,316,-244
106000125,57,301,-244
106000126,227,171,56
106000127,794,862,-68
106000128,608,248,360
106000129,433,692,-259
106000130,554,441,113
106000131,148,903,-755
106000132,580,169,411
106000133,2073,1241,832
106000134,622,1487,-865
106000135,300,758,-458
106000136,663,959,-296
106000137,173,1265,-1092
106000138,971,119,852
106000139,62,134,-72
106000140,58,92,-34
106000141,80,91,-11
106000142,61,75,-14
106000143,68,110,-42
106000144,48,72,-24
106000145,198,312,-114
106000146,272,170,102
106000147,618,667,-49
106000148,1074,1025,49
106000149,411,677,-266
106000150,490,1964,-1474
106000151,3505,786,2719
106000152,1387,1787,-400
106000153,104,1582,-1478
106000154,1439,301,1138
106000155,96,227,-131
106000156,478,273,205
106000157,551,1442,-891
106000158,2203,803,1400
106000159,2990,1651,1339
106000160,357,2144,-1787
106000161,1216,439,777
106000162,196,903,-707
106000163,436,486,-50
106000164,335,347,-12
106000165,137,614,-477
106000166,648,322,326
106000167,299,1064,-765
106000168,346,289,57
106000169,186,597,-411
106000170,837,316,521
106000171,242,1006,-764
106000172,2206,1307,899
106000173,1107,2382,-1275
106000174,875,391,484
106000175,243,870,-627
106000176,1274,717,557
106000177,659,2249,-1590
106000178,2515,1463,1052
106000179,1074,2290,-1216
106000180,642,1333,-691
106000181,504,1705,-1201
106000182,1052,579,473
106000183,957,651,306
106000184,1272,628,644
106000185,776,971,-195
106000186,815,157,658
106000187,193,1029,-836
106000188,0,0,0
106000189,8,58,-50
106000190,46,1,45
106000191,501,233,268
106000192,2,16,-14
106000193,308,189,119
106000194,126,360,-234
106000195,496,118,378
106000196,115,273,-158
106000197,461,262,199
106000198,151,265,-114
106000199,887,555,332
106000200,200,191,9
106000201,535,2134,-1599
106000202,3719,565,3154
106000203,59,191,-132
106000204,110,9,101
106000205,20,176,-156
106000206,91,30,61
106000207,52,604,-552
106000208,1106,203,903
106000209,1229,315,914
106000210,233,1024,-791
106000211,314,1242,-928
106000212,657,335,322
106000213,835,1587,-752
106000214,2659,618,2041
106000215,433,496,-63
106000216,583,364,219
106000217,345,494,-149
106000218,565,509,56
106000219,147,355,-208
106000220,366,313,53
106000221,139,284,-145
106000222,27,101,-74
106000223,172,100,72
106000224,172,248,-76
106000225,65,81,-16
106000226,142,262,-120
106000228,45,141,-96
106000229,100,762,-662
106000231,805,130,675
106000232,70,359,-289
106000233,524,101,423
106000234,115,179,-64
106000235,1225,63,1162
106000236,547,52,495
106000237,22,7,15
106000238,279,10,269
106000239,2,175,-173
106000240,50,6,44
106000241,24,615,-591
106000242,237,34,203
106000249,70,56,14
106000250,63,517,-454
106000251,106,47,59
106000252,16,87,-71
106000253,36,75,-39
106000254,48,37,11
106000255,15,139,-124
106000256,54,54,0
106000257,108,218,-110
106000258,510,27,483
106000259,21,35,-14
106000260,39,7,32
106000261,2,53,-51
106000262,79,20,59
106000263,28,91,-63
106000264,184,18,166
106000265,9,149,-140
106000266,104,33,71
106000267,5,74,-69
106000268,533,72,461
106000269,113,59,54
106000270,105,470,-365
106000271,56,198,-142
106000272,242,60,182
106000273,5,205,-200
106000274,102,36,66
106000275,154,224,-70
106000276,137,35,102
106000277,144,221,-77
106000278,182,23,159
106000279,21,43,-22
106000280,66,82,-16
106000281,98,54,44
106000282,80,83,-3
106000283,93,60,33
106000284,57,119,-62
106000285,91,100,-9
106000286,73,142,-69
106000287,124,88,36
106000288,96,190,-94
106000289,64,82,-18
106000290,62,115,-53
106000291,98,93,5
106000292,89,112,-23
106000293,120,100,20
106000294,156,151,5
106000295,49,33,16
106000296,37,127,-90
106000297,59,242,-183
106000298,169,51,118
106000299,80,152,-72
106000300,56,100,-44
106000301,75,93,-18
106000303,9,69,-60
106000304,27,39,-12
106000305,44,76,-32
106000306,26,63,-37
106000307,30,48,-18
106000308,23,110,-87
106000309,20,60,-40
106000310,241,566,-325
106000311,363,179,184
106000312,89,187,-98
106000313,139,264,-125
106000318,137,399,-262
106000319,1089,202,887
106000320,3,54,-51
106000321,383,87,296
106000322,133,204,-71
106000324,16,137,-121
106000325,1276,909,367
106000326,928,1710,-782
106000327,150,152,-2
106000328,12,115,-103
106000329,133,243,-110
106000330,75,69,6
106000428,97,220,-123
106000429,157,446,-289
106000430,294,1390,-1096
106000431,1875,439,1436
106000432,2243,3161,-918
106000433,1845,1350,495
106000434,2604,1390,1214
106000435,1661,2734,-1073
106000436,21,222,-201
106000437,308,25,283
106000438,289,127,162
106000439,59,376,-317
106000440,213,482,-269
106000441,0,0,0
106000442,185,38,147
106000443,142,374,-232
106000450,6,175,-169
106000451,33,59,-26
106000454,7,439,-432
106000455,20,220,-200
106000456,134,61,73
106000457,17,961,-944
106000458,762,157,605
106000459,584,435,149
106000460,1450,37,1413
106000461,95,1206,-1111
106000462,0,62,-62
106000463,8,25,-17
106000464,6,512,-506
106000465,511,5,506
106000466,3,635,-632
106000467,523,679,-156
106000468,79,164,-85
106000469,223,1,222
106000470,286,1603,-1317
106000471,38,645,-607
106000472,136,16,120
106000473,25,24,1
106000474,454,771,-317
106000475,362,268,94
106000476,185,215,-30
106000477,49,180,-131
106000480,2,640,-638
106900001,1,10,-9
106900002,1,496,-495
106900003,294,704,-410
106900004,2,56,-54
106900006,0,13,-13
106900007,0,19,-19
106900008,253,264,-11
106900009,298,348,-50
106900010,246,296,-50
106900012,1662,1564,98
106900013,472,107,365
106900014,28,0,28
106900015,31,1,30
106900016,247,5,242
106900017,2,1,1
106900018,2,0,2
106900019,30,0,30
106900020,2220,1219,1001
106900021,134,87,47
106900022,690,3,687
106900023,47,288,-241
106900024,393,40,353
106900025,59,609,-550
106900026,0,611,-611
106900027,886,4,882
107000001,3685,2971,714
107000002,3446,5246,-1800
107000003,4301,5840,-1539
107000004,4416,4696,-280
107000005,3715,4829,-1114
107000006,5204,5137,67
107000007,4483,8625,-4142
107000008,11236,8901,2335
107000009,5778,6417,-639
107000010,11695,10384,1311
107000011,1369,1466,-97
107000012,4379,3340,1039
107000013,72,162,-90
107000014,45,365,-320
107000015,592,820,-228
107000016,653,1000,-347
107000017,3236,1029,2207
107000018,18,528,-510
107000020,1696,734,962
107000021,1548,568,980
107000022,900,1172,-272
107000023,1854,267,1587
107000024,592,1389,-797
107000025,220,402,-182
107000026,224,546,-322
107000027,1083,968,115
107000028,1267,1526,-259
107000029,2937,2611,326
107000030,3127,3326,-199
107000031,3457,2362,1095
107000032,588,1056,-468
107000033,3059,4252,-1193
107000034,3317,1715,1602
107000035,384,221,163
107000036,508,1147,-639
107000037,73,798,-725
107000038,237,259,-22
107000039,684,603,81
107000040,156,352,-196
107000041,1314,631,683
107000042,667,1770,-1103
107000043,2519,925,1594
107000044,526,335,191
107000045,97,294,-197
107000046,685,394,291
107000047,487,832,-345
107000048,557,302,255
107000049,533,762,-229
107000050,905,555,350
107000051,447,359,88
107000052,1023,935,88
107000053,304,209,95
107000054,84,311,-227
107000055,305,188,117
107000056,502,833,-331
107000057,1743,326,1417
107000058,2028,1991,37
107000059,1378,2018,-640
107000060,3296,4784,-1488
107000061,4728,3888,840
107000062,3071,2848,223
107000063,4024,5347,-1323
107000064,3977,2021,1956
107000065,5186,5963,-777
107000066,1552,2360,-808
107000067,974,1122,-148
107000068,1212,599,613
107000069,749,455,294
107000070,1218,13,1205
107000071,2642,50,2592
107000072,61,2963,-2902
107000073,640,339,301
107000074,155,981,-826
107000075,1328,448,880
107000076,834,1580,-746
107000077,3021,1291,1730
107000078,2881,3559,-678
107000079,2240,1037,1203
107000080,1234,3322,-2088
107000081,1484,661,823
107000082,600,1966,-1366
107000083,1068,385,683
107000084,602,1844,-1242
107000085,2828,3598,-770
107000086,3941,3681,260
107000087,2655,2134,521
107000088,3536,3864,-328
107000089,1369,1703,-334
107000090,919,1180,-261
107000091,1124,865,259
107000092,730,1174,-444
107000093,985,804,181
107000094,998,1288,-290
107000095,834,741,93
107000096,603,916,-313
107000097,862,421,441
107000098,608,711,-103
107000099,405,346,59
107000100,272,268,4
107000101,54,191,-137
107000102,255,346,-91
107000103,341,198,143
107000104,222,341,-119
107000105,341,149,192
107000106,306,296,10
107000107,581,248,333
107000108,180,741,-561
107000109,544,212,332
107000110,98,553,-455
107000111,309,35,274
107000112,89,335,-246
107000113,600,130,470
107000114,106,616,-510
107000115,437,144,293
107000116,74,765,-691
107000117,99,536,-437
107000118,117,222,-105
107000119,1331,1471,-140
107000120,1377,431,946
107000121,660,760,-100
107000122,1105,971,134
107000123,376,681,-305
107000124,484,1052,-568
107000125,708,640,68
107000126,745,954,-209
107000129,398,899,-501
107000130,825,241,584
107000131,355,587,-232
107000132,519,317,202
107000133,1141,73,1068
107000134,309,3,306
107000135,2,236,-234
107000136,768,9,759
107000137,19,461,-442
107000138,416,32,384
107000139,24,423,-399
107000140,1880,113,1767
107000141,123,767,-644
107000142,686,142,544
107000143,67,729,-662
107000144,713,507,206
107000145,157,494,-337
107000146,166,417,-251
107000147,4033,1265,2768
107000150,665,2323,-1658
107000151,51,93,-42
107000152,437,1014,-577
107000153,250,384,-134
107000154,303,268,35
107000155,773,25,748
107000156,946,22,924
107000157,47,1576,-1529
107000158,602,33,569
107000159,63,1108,-1045
107000160,730,118,612
107000161,96,1519,-1423
107000162,279,445,-166
107000163,312,2,310
107000164,595,0,595
107000165,668,13,655
107000166,69,1213,-1144
107000167,501,272,229
107000168,854,514,340
107000169,920,912,8
107000170,1428,763,665
107000171,583,1924,-1341
107000172,905,1170,-265
107000173,632,1062,-430
107000174,799,3691,-2892
107000175,6466,1897,4569
107000176,0,5,-5
107000177,1,6,-5
107000178,10,43,-33
107000179,262,2490,-2228
107000180,1090,311,779
107000181,362,1403,-1041
107000182,1494,920,574
107000183,152,895,-743
107000184,845,700,145
107000185,401,1275,-874
107000186,891,403,488
107000187,1304,1332,-28
107000188,633,556,77
107000189,426,1027,-601
107000190,684,759,-75
107000191,785,1210,-425
107000192,1480,788,692
107000193,365,410,-45
107000194,906,636,270
107000197,752,257,495
107000198,340,820,-480
107000199,540,796,-256
107000200,712,637,75
107000201,690,251,439
107000202,386,458,-72
107000203,1470,511,959
107000204,1363,633,730
107000205,2081,981,1100
107000206,800,917,-117
107000207,686,878,-192
107000208,938,358,580
107000209,1870,1020,850
107000210,675,410,265
107000211,5,54,-49
107000212,13,277,-264
107000213,7,24,-17
107000214,7,134,-127
107000215,251,317,-66
107000216,328,286,42
107000217,252,140,112
107000219,96,98,-2
107000220,327,208,119
107000222,242,729,-487
107000224,287,82,205
107000225,193,469,-276
107000226,373,103,270
107000227,102,309,-207
107000228,76,188,-112
107000229,158,95,63
107000230,1128,550,578
107000231,1708,1411,297
107000232,94,35,59
107000233,1444,889,555
107000234,2,47,-45
107000235,82,6,76
107000236,25,368,-343
107000237,19,0,19
107000238,26,4,22
107000239,3074,470,2604
107000240,74,1052,-978
107000243,0,64,-64
107000244,4,65,-61
107000246,2,1038,-1036
107000249,0,1229,-1229
107000251,1,306,-305
107000252,2,1026,-1024
107000255,361,87,274
107000257,2,424,-422
107000258,1,111,-110
107000259,14,203,-189
107000260,601,8,593
107000262,16,594,-578
107000263,231,10,221
107000266,4,32,-28
107000267,54,146,-92
107000268,156,158,-2
107000269,537,52,485
107000270,0,11,-11
107000271,16,744,-728
107000272,16,190,-174
107000273,2,239,-237
107000274,1238,8,1230
107000275,906,1165,-259
107000280,670,37,633
107000281,57,928,-871
107000282,24,931,-907
107000290,6,34,-28
107000291,16,5,11
107000292,3,46,-43
107000293,123,9,114
107000294,1,31,-30
107000295,51,2,49
107000296,0,14,-14
107000444,312,4,308
107000496,4,34,-30
107000497,1443,2482,-1039
107000500,256,310,-54
107000501,135,173,-38
107000502,189,344,-155
107000505,425,761,-336
107000506,0,31,-31
107000508,3,697,-694
107000509,207,970,-763
107000510,67,27,40
107000514,56,219,-163
107000515,14,224,-210
107000516,276,226,50
107000518,816,968,-152
107000519,2118,1053,1065
107000520,65,28,37
107000521,582,483,99
107000522,807,649,158
107900001,63,213,-150
107900002,48,6,42
107900003,198,146,52
107900004,4,0,4
107900005,1121,7,1114
107900006,158,2,156
107900007,295,31,264
107900008,103,23,80
107900009,144,3,141
107900010,13,1,12
107900012,214,44,170
107900013,171,51,120
107900014,21,2,19
107900015,761,8,753
107900016,257,79,178
107900017,17,1,16
107900018,53,115,-62
107900019,9,46,-37
107900020,69,13,56
107900021,70,146,-76
107900023,4,3,1
107900024,0,16,-16
107900025,142,217,-75
107900026,51,73,-22
107900027,100,65,35
107900028,47,94,-47
107900030,141,21,120
107900031,74,81,-7
107900032,14,4,10
107900033,14,7,7
107900034,312,16,296
107900035,626,49,577
107900036,55,22,33
107900037,0,17,-17
107900038,158,191,-33
107900039,34,48,-14
107900040,40,74,-34
107900041,2,3,-1
107900043,37,65,-28
107900044,7,11,-4
107900045,95,48,47
107900046,129,139,-10
107900047,4,24,-20
107900048,147,9,138
107900049,331,1039,-708
107900050,148,333,-185
107900051,67,48,19
107900052,28,25,3
107900053,30,87,-57
107900055,431,151,280
107900056,166,37,129
107900057,0,0,0
107900058,34,554,-520
107900060,53,38,15
107900061,16,3,13
107900063,63,86,-23
107900064,203,90,113
107900065,152,14,138
107900066,53,7,46
107900067,0,0,0
107900068,178,230,-52
107900069,49,1648,-1599
107900070,97,55,42
107900071,35,627,-592
107900072,54,167,-113
107900073,206,119,87
107900074,860,234,626
107900076,86,43,43
107900077,43,2,41
107900079,9,12,-3
107900080,243,247,-4
107900081,40,133,-93
107900082,22,18,4
107900083,295,141,154
107900084,82,88,-6
107900086,160,130,30
107900087,716,154,562
107900088,14,13,1
107900089,262,797,-535
107900090,579,2172,-1593
107900091,177,444,-267
107900093,65,80,-15
107900095,3645,2446,1199
107900097,23,55,-32
107900098,31,130,-99
107900100,983,1082,-99
107900101,1070,215,855
107900102,17,3,14
107900103,48,173,-125
107900104,190,5,185
107900105,1,473,-472
107900106,5,1091,-1086
107900107,814,478,336
107900108,302,157,145
107900109,1043,22,1021
107900110,42,79,-37
107900111,8,827,-819
107900112,164,311,-147
107900113,159,110,49
107900114,121,152,-31
107900115,3,56,-53
107900116,132,158,-26
107900117,336,364,-28
107900118,61,145,-84
107900119,62,287,-225
107900120,31,19,12
107900121,11,211,-200
107900122,7,49,-42
107900123,7,48,-41
107900124,28,19,9
107900125,42,157,-115
107900126,1,89,-88
107900127,414,311,103
107900128,148,70,78
107900129,49,35,14
107900130,35,25,10
107900131,653,256,397
107900132,131,366,-235
107900133,3,70,-67
107900134,14,44,-30
107900135,15,144,-129
107900136,34,34,0
107900137,269,88,181
107900138,44,40,4
107900139,18,66,-48
107900141,59,32,27
107900142,138,776,-638
107900143,60,30,30
107900144,1,149,-148
107900145,5,66,-61
107900146,42,105,-63
107900147,50,25,25
107900148,175,118,57
107900149,826,202,624
107900150,106,618,-512
107900151,34,114,-80
107900152,5,155,-150
107900153,171,288,-117
107900154,73,29,44
107900155,44,65,-21
107900156,2,339,-337
107900157,22,45,-23
107900158,624,22,602
107900159,34,710,-676
107900160,119,150,-31
107900161,15,189,-174
107900162,2,28,-26
107900163,81,34,47
107900164,5,38,-33
107900165,37,75,-38
107900166,13,249,-236
107900167,44,35,9
107900168,17,29,-12
107900169,52,158,-106
107900171,9,1332,-1323
107900172,2,333,-331
107900173,20,172,-152
107900174,97,6,91
107900175,44,31,13
107900176,22,47,-25
107900177,0,60,-60
107900178,0,186,-186
107900179,16,141,-125
107900180,621,401,220
107900181,284,304,-20
107900182,6,1264,-1258
107900183,51,333,-282
107900184,186,233,-47
107900185,79,6,73
107900186,18,52,-34
107900187,1,93,-92
107900188,677,138,539
107900189,36,126,-90
107900190,103,119,-16
107900191,47,101,-54
107900193,14,49,-35
107900194,143,6,137
107900195,2646,476,2170
107900196,45,114,-69
107900197,774,337,437
107900199,5,1323,-1318
107900201,55,91,-36
107900203,39,61,-22
107900204,152,179,-27
107900206,853,165,688
107900207,1,613,-612
107900208,11,590,-579
107900209,349,116,233
107900210,94,110,-16
107900213,413,339,74
107900214,8,138,-130
107900215,184,256,-72
107900216,161,101,60
107900217,37,91,-54
107900218,21,1416,-1395
107900219,39,91,-52
107900220,242,255,-13
107900221,151,233,-82
107900223,72,608,-536
107900224,85,298,-213
107900225,9,641,-632
107900226,119,92,27
107900227,114,428,-314
107900228,20,91,-71
107900229,2,246,-244
107900230,20,137,-117
107900231,9,235,-226
107900232,92,187,-95
107900233,7,167,-160
107900234,62,99,-37
107900235,17,82,-65
107900236,92,100,-8
107900237,74,346,-272
107900238,18,94,-76
107900239,949,410,539
107900240,33,170,-137
107900241,20,107,-87
107900242,37,297,-260
107900243,4,74,-70
107900244,276,5,271
107900245,517,34,483
107900246,497,9,488
107900248,273,294,-21
107900249,507,26,481
107900250,3,419,-416
107900251,125,1415,-1290
107900252,876,28,848
107900253,124,8,116
107900254,71,542,-471
107900255,271,75,196
107900256,1594,723,871
107900257,173,87,86
107900258,88,161,-73
107900259,82,1353,-1271
107900261,1,313,-312
107900262,55,97,-42
107900264,217,3,214
107900265,374,139,235
107900267,183,15,168
107900268,8,2,6
107900269,0,1,-1
107900270,0,0,0
107900271,2,2,0
107900272,57,8,49
107900273,47,76,-29
107900274,67,0,67
107900275,23,0,23
107900276,3,70,-67
107900277,1,224,-223
107900278,198,322,-124
107900279,99,160,-61
107900280,1674,2292,-618
107900281,1656,1979,-323
107900282,57,364,-307
107900283,967,409,558
107900284,693,744,-51
107900285,86,95,-9
107900286,162,74,88
107900287,164,166,-2
107900290,0,80,-80
107900291,362,16,346
107900292,97,227,-130
107900293,92,483,-391
107900295,54,56,-2
107900297,0,237,-237
107900298,726,781,-55
107900299,2784,1760,1024
107900301,888,536,352
107900302,76,37,39
107900303,159,329,-170
107900304,237,438,-201
107900305,237,8,229
107900306,12,15,-3
107900307,38,208,-170
107900308,119,66,53
107900309,180,5,175
107900310,480,4,476
107900311,5,325,-320
107900312,90,1,89
107900313,0,128,-128
107900314,4,47,-43
107900315,2,53,-51
107900316,48,2,46
107900317,146,23,123
107900318,14,140,-126
107900319,2,136,-134
107900320,1,152,-151
107900321,106,6,100
107900322,3,122,-119
107900323,5,139,-134
107900324,104,1,103
107900325,79,1,78
107900326,215,272,-57
107900327,4,45,-41
107900328,135,0,135
107900329,165,88,77
107900330,5,350,-345
107900331,155,24,131
107900332,190,29,161
107900333,47,14,33
107900334,9,156,-147
107900335,46,30,16
107900336,49,61,-12
107900337,1059,705,354
107900338,1,136,-135
107900339,3,18,-15
107900340,1,56,-55
107900341,54,2,52
107900342,101,174,-73
107900343,100,2,98
107900344,8,53,-45
107900345,89,51,38
107900346,15,4,11
107900347,24,5,19
107900348,2,2,0
107900349,13,4,9
107900350,23,248,-225
107900351,2,177,-175
107900352,4,24,-20
107900353,29,9,20
107900354,9,61,-52
108000001,2608,3306,-698
108000002,1602,2226,-624
108000003,2865,2847,18
108000004,12335,15498,-3163
108000005,8115,6072,2043
108000006,9972,9696,276
108000007,4682,3947,735
108000008,5050,7386,-2336
108000009,2973,4118,-1145
108000010,3310,5242,-1932
108000011,10357,10461,-104
108000012,18990,17601,1389
108000014,1304,712,592
108000015,780,318,462
108000016,254,792,-538
108000017,872,386,486
108000018,1497,574,923
108000019,1945,729,1216
108000020,1172,482,690
108000021,357,1788,-1431
108000022,390,1280,-890
108000023,1056,228,828
108000024,329,569,-240
108000025,294,319,-25
108000026,682,540,142
108000027,728,786,-58
108000028,755,262,493
108000029,557,946,-389
108000030,486,230,256
108000031,232,610,-378
108000032,1255,608,647
108000033,693,1247,-554
108000034,1371,445,926
108000035,739,2454,-1715
108000036,329,1088,-759
108000037,1262,352,910
108000038,1987,532,1455
108000039,564,2304,-1740
108000040,1515,789,726
108000041,580,2501,-1921
108000042,291,246,45
108000043,249,332,-83
108000044,399,204,195
108000045,297,716,-419
108000046,1138,332,806
108000047,391,1128,-737
108000048,190,438,-248
108000049,876,274,602
108000050,167,659,-492
108000051,320,173,147
108000052,230,761,-531
108000053,401,237,164
108000054,503,981,-478
108000055,806,531,275
108000056,1362,1324,38
108000057,579,1099,-520
108000058,1835,3090,-1255
108000059,3449,2201,1248
108000060,192,553,-361
108000061,334,574,-240
108000062,638,528,110
108000063,380,481,-101
108000064,190,298,-108
108000065,504,610,-106
108000066,1474,746,728
108000067,1477,477,1000
108000068,609,402,207
108000069,277,1074,-797
108000070,1450,748,702
108000071,615,1674,-1059
108000072,1450,1187,263
108000073,1411,2036,-625
108000074,487,364,123
108000075,305,1125,-820
108000076,656,574,82
108000077,610,806,-196
108000078,1715,1321,394
108000079,1132,1899,-767
108000080,1096,543,553
108000081,577,1969,-1392
108000082,949,1779,-830
108000083,1423,937,486
108000084,470,1293,-823
108000085,681,406,275
108000086,898,747,151
108000087,138,1500,-1362
108000088,646,199,447
108000089,339,401,-62
108000091,232,483,-251
108000092,152,88,64
108000093,175,561,-386
108000094,562,88,474
108000095,146,398,-252
108000096,271,163,108
108000097,118,494,-376
108000098,1327,1355,-28
108000099,1260,305,955
108000100,143,430,-287
108000101,1263,1361,-98
108000102,1593,3109,-1516
108000106,1173,2,1171
108000107,0,658,-658
108000108,746,44,702
108000109,3,739,-736
108000110,173,312,-139
108000111,166,605,-439
108000112,42,139,-97
108000113,517,277,240
108000115,315,293,22
108000117,727,333,394
108000118,578,1376,-798
108000119,666,468,198
108000120,135,641,-506
108000121,155,628,-473
108000122,475,308,167
108000123,1042,224,818
108000124,644,607,37
108000125,456,323,133
108000126,232,546,-314
108000127,502,371,131
108000128,700,674,26
108000129,525,1307,-782
108000130,564,319,245
108000131,767,567,200
108000132,2194,1542,652
108000133,703,523,180
108000134,554,599,-45
108000135,936,583,353
108000136,543,1041,-498
108000137,337,309,28
108000138,317,1028,-711
108000139,424,375,49
108000140,83,28,55
108000141,29,99,-70
108000142,56,80,-24
108000143,33,552,-519
108000144,298,67,231
108000145,38,18,20
108000146,408,59,349
108000147,23,30,-7
108000148,412,86,326
108000149,42,28,14
108000150,35,8,27
108000151,499,106,393
108000152,113,581,-468
108000153,405,152,253
108000154,64,20,44
108000155,44,20,24
108000156,755,497,258
108000157,141,720,-579
108000158,80,640,-560
108000159,589,182,407
108000160,3392,1166,2226
108000161,2488,2031,457
108000165,4,105,-101
108000172,8,299,-291
108000173,2047,1737,310
108000175,428,146,282
108000178,399,352,47
108000179,183,755,-572
108000181,62,54,8
108000182,313,106,207
108000183,115,533,-418
108000184,987,1798,-811
108000185,198,513,-315
108000186,258,536,-278
108000187,136,643,-507
108000188,543,288,255
108000189,2010,5740,-3730
108000190,38,166,-128
108000192,207,644,-437
108000193,644,17,627
108000194,54,7,47
108000195,6,1045,-1039
108000196,262,165,97
108000198,648,427,221
108000199,1,179,-178
108000200,439,504,-65
108000203,141,727,-586
108000204,110,54,56
108000205,340,445,-105
108000339,1153,385,768
108000364,406,684,-278
108000365,65,303,-238
108000367,155,348,-193
108000368,9,62,-53
108000369,1128,248,880
108000371,6,700,-694
108000372,561,8,553
108000373,222,177,45
108000376,59,25,34
108000377,366,357,9
108000378,7993,8856,-863
108000379,21,221,-200
108000381,54,17,37
108000382,207,1,206
108000383,0,185,-185
108900001,115,1179,-1064
108900002,182,45,137
108900003,317,711,-394
108900004,795,435,360
108900007,216,159,57
108900008,77,158,-81
108900009,55,119,-64
108900010,149,161,-12
108900011,435,481,-46
108900012,240,429,-189
108900013,152,244,-92
108900014,4,107,-103
108900015,0,81,-81
108900016,0,218,-218
108900017,163,272,-109
108900018,100,347,-247
108900019,30,772,-742
108900020,19,225,-206
108900021,115,183,-68
108900022,68,4,64
108900023,9,26,-17
108900024,22,143,-121
108900025,101,174,-73
108900026,20,79,-59
108900027,0,93,-93
108900028,98,344,-246
108900029,56,332,-276
108900030,0,86,-86
108900031,122,410,-288
108900032,9,214,-205
108900033,0,84,-84
108900034,1,242,-241
108900035,285,1460,-1175
108900038,2,343,-341
108900039,2,541,-539
108900040,6,123,-117
108900041,4499,2561,1938
108900042,5,333,-328
108900043,41,357,-316
108900044,2,548,-546
108900045,62,576,-514
108900046,60,796,-736
108900047,0,156,-156
108900048,130,1011,-881
108900049,3731,1267,2464
108900050,1,227,-226
108900051,0,220,-220
108900052,34,225,-191
108900053,109,174,-65
108900054,69,205,-136
108900055,60,330,-270
108900056,0,150,-150
108900057,2,150,-148
108900058,39,369,-330
108900059,374,29,345
108900060,68,111,-43
108900061,112,29,83
108900062,5,255,-250
108900063,7,282,-275
108900064,130,79,51
108900065,16,266,-250
108900066,285,131,154
108900067,21,171,-150
108900068,9,187,-178
108900069,53,109,-56
108900070,50,122,-72
108900071,58,64,-6
108900072,1684,536,1148
108900073,41,363,-322
108900074,127,457,-330
108900075,65,58,7
108900076,225,64,161
108900077,132,423,-291
108900078,25,149,-124
108900079,924,205,719
108900080,21,645,-624
108900081,48,222,-174
108900082,56,146,-90
108900083,31,223,-192
108900085,2108,229,1879
108900086,68,279,-211
108900087,168,161,7
108900088,841,397,444
108900089,33,148,-115
108900090,42,343,-301
108900091,145,76,69
108900092,350,330,20
108900093,93,69,24
108900094,169,70,99
108900095,73,358,-285
108900096,340,20,320
108900097,264,245,19
108900098,2301,566,1735
108900099,312,265,47
108900100,61,120,-59
108900101,141,128,13
108900102,79,675,-596
108900103,85,115,-30
108900105,6,1077,-1071
108900106,282,354,-72
108900108,309,41,268
108900109,256,51,205
108900110,205,475,-270
108900111,384,609,-225
108900113,38,65,-27
108900114,56,7,49
108900115,51,57,-6
108900116,88,15,73
108900117,158,17,141
108900118,407,16,391
108900119,226,36,190
108900120,211,117,94
108900121,230,90,140
108900122,97,20,77
108900123,110,114,-4
108900124,322,217,105
108900125,228,5,223
108900126,104,15,89
108900127,115,23,92
108900128,88,51,37
108900129,578,139,439
108900130,268,1,267
108900131,297,2,295
108900132,365,57,308
108900133,169,69,100
108900134,244,260,-16
108900135,131,10,121
108900136,49,0,49
108900137,119,1,118
108900138,651,49,602
108900140,248,252,-4
108900141,240,14,226
108900142,141,5,136
108900143,39,0,39
108900144,64,0,64
108900145,119,12,107
108900146,48,0,48
108900147,129,2,127
108900148,95,28,67
108900150,283,8,275
108900151,223,7,216
108900152,225,15,210
108900153,173,411,-238
108900154,4017,508,3509
108900156,97,53,44
108900157,37,481,-444
108900158,421,50,371
108900159,7,287,-280
108900160,11,275,-264
108900161,11,429,-418
108900162,93,1,92
108900163,6,212,-206
108900164,50,88,-38
108900168,8149,2297,5852
108900169,45,118,-73
108900171,6357,2204,4153
108900172,150,46,104
108900173,189,300,-111
108900174,631,661,-30
108900176,100,583,-483
108900177,5378,3857,1521
108900178,3641,2570,1071
108900180,77,250,-173
108900183,189,175,14
108900184,333,173,160
108900185,83,236,-153
108900186,51,314,-263
108900189,221,130,91
108900190,58,2676,-2618
108900192,98,216,-118
108900195,91,290,-199
108900196,18,403,-385
108900199,263,350,-87
108900200,469,346,123
108900201,444,1241,-797
108900203,405,68,337
108900204,292,9,283
108900205,106,24,82
108900206,398,25,373
108900207,196,52,144
108900208,26,292,-266
108900209,325,447,-122
108900210,170,177,-7
108900211,176,345,-169
108900212,777,1064,-287
108900215,77,479,-402
108900216,563,137,426
108900217,119,2,117
108900218,147,12,135
108900221,44,107,-63
108900224,23,125,-102
108900225,1,190,-189
108900227,93,194,-101
108900230,259,260,-1
108900232,3,247,-244
108900233,255,96,159
108900234,249,133,116
108900235,201,539,-338
108900236,31,283,-252
108900240,107,105,2
108900241,26,21,5
108900245,14,1061,-1047
108900250,222,116,106
108900258,8,219,-211
108900259,71,80,-9
108900260,15,130,-115
108900261,117,186,-69
108900262,158,160,-2
108900263,30,159,-129
108900264,765,270,495
108900265,921,311,610
108900266,915,468,447
108900267,5,50,-45
108900268,7,5,2
108900269,69,13,56
108900270,55,14,41
108900271,36,20,16
108900272,175,7,168
108900273,1153,719,434
108900274,64,52,12
109000001,3405,1298,2107
109000002,1888,1568,320
109000003,2256,547,1709
109000004,492,2036,-1544
109000005,2285,700,1585
109000006,766,2023,-1257
109000007,1168,634,534
109000008,532,1794,-1262
109000009,2910,1234,1676
109000010,1375,3876,-2501
109000011,2696,1701,995
109000012,1106,2475,-1369
109000013,2567,2497,70
109000014,1909,3090,-1181
109000015,3668,5944,-2276
109000016,6045,3812,2233
109000017,1892,1167,725
109000018,2288,4333,-2045
109000019,2328,1400,928
109000020,1137,1926,-789
109000023,236,38,198
109000024,13,225,-212
109000025,325,573,-248
109000026,771,316,455
109000027,74,346,-272
109000028,142,87,55
109000029,110,143,-33
109000030,71,285,-214
109000031,192,228,-36
109000032,223,1009,-786
109000033,353,215,138
109000034,49,40,9
109000035,33,80,-47
109000036,175,358,-183
109000037,180,1008,-828
109000038,512,394,118
109000039,743,543,200
109000040,3197,5724,-2527
109000041,3610,1665,1945
109000042,726,1199,-473
109000044,388,244,144
109000045,233,396,-163
109000046,260,98,162
109000047,111,389,-278
109000048,1239,433,806
109000049,335,583,-248
109000050,580,721,-141
109000051,322,265,57
109000052,498,1095,-597
109000053,1030,371,659
109000054,853,577,276
109000055,507,240,267
109000056,379,445,-66
109000057,439,461,-22
109000058,2434,510,1924
109000059,1183,1417,-234
109000060,923,405,518
109000061,1128,830,298
109000062,116,331,-215
109000063,140,239,-99
109000064,279,157,122
109000065,121,319,-198
109000066,342,101,241
109000067,87,356,-269
109000068,3187,31,3156
109000069,1175,43,1132
109000070,6,1148,-1142
109000071,349,67,282
109000072,140,664,-524
109000073,59,112,-53
109000074,37,239,-202
109000075,85,303,-218
109000076,166,256,-90
109000077,432,394,38
109000078,88,166,-78
109000079,137,226,-89
109000080,154,137,17
109000081,109,520,-411
109000082,566,256,310
109000083,232,828,-596
109000088,135,527,-392
109000089,257,30,227
109000090,138,419,-281
109000091,232,141,91
109000092,270,469,-199
109000093,196,192,4
109000094,389,3,386
109000095,124,446,-322
109000096,509,322,187
109000097,88,200,-112
109000098,62,124,-62
109000099,873,297,576
109000100,255,641,-386
109000101,1098,699,399
109000102,279,693,-414
109000103,667,726,-59
109000104,1255,548,707
109000105,471,1133,-662
109000106,1465,811,654
109000107,617,2045,-1428
109000108,1296,478,818
109000109,369,1786,-1417
109000110,954,490,464
109000111,1108,2637,-1529
109000112,425,176,249
109000113,380,158,222
109000114,185,418,-233
109000115,1061,116,945
109000116,18,644,-626
109000117,151,89,62
109000118,12,354,-342
109000119,938,268,670
109000120,147,790,-643
109000121,575,105,470
109000122,89,809,-720
109000123,58,223,-165
109000124,496,521,-25
109000125,835,368,467
109000126,474,781,-307
109000127,1016,303,713
109000128,464,1600,-1136
109000129,1378,648,730
109000130,930,2690,-1760
109000131,1196,894,302
109000132,1143,2711,-1568
109000133,406,998,-592
109000134,641,1419,-778
109000135,1079,1551,-472
109000136,317,314,3
109000137,289,377,-88
109000138,587,371,216
109000139,442,438,4
109000140,339,649,-310
109000141,617,530,87
109000142,127,467,-340
109000143,105,89,16
109000145,137,387,-250
109000146,124,129,-5
109000148,2929,1685,1244
109000149,25,48,-23
109000150,205,198,7
109000155,582,676,-94
109000156,1111,652,459
109000158,107,256,-149
109000159,95,440,-345
109000160,877,247,630
109000161,313,972,-659
109000162,1496,766,730
109000163,737,1629,-892
109000164,1065,2639,-1574
109000165,1141,609,532
109000166,511,121,390
109000167,111,495,-384
109000170,67,48,19
109000171,95,72,23
109000172,71,113,-42
109000173,38,79,-41
109000174,112,79,33
109000175,140,346,-206
109000176,269,256,13
109000177,32,125,-93
109000178,539,387,152
109000179,4542,4036,506
109000180,4233,2684,1549
109000181,5,42,-37
109000182,17,47,-30
109000183,25,36,-11
109000184,37,22,15
109000185,23,38,-15
109000188,955,1918,-963
109000189,3960,1052,2908
109000190,1297,471,826
109000191,574,466,108
109000192,313,294,19
109000193,147,330,-183
109000194,198,143,55
109000195,105,367,-262
109000196,247,158,89
109000197,128,449,-321
109000198,321,97,224
109000199,89,413,-324
109000206,223,45,178
109000207,102,44,58
109000208,66,63,3
109000209,165,130,35
109000210,157,512,-355
109000211,454,537,-83
109000214,487,929,-442
109000215,195,136,59
109000216,196,178,18
109000217,334,158,176
109000218,834,187,647
109000221,660,1279,-619
109000222,921,270,651
109000223,287,256,31
109000224,42,199,-157
109000225,68,46,22
109000226,72,238,-166
109000227,740,968,-228
109000228,8,719,-711
109000231,0,304,-304
109000232,217,338,-121
109000236,158,828,-670
109000241,2124,2336,-212
109000242,1956,1605,351
109000293,127,205,-78
109000361,239,313,-74
109000364,255,567,-312
109000396,6,510,-504
109000397,388,6,382
109000399,150,459,-309
109000400,91,319,-228
109000403,143,1091,-948
109000406,467,6,461
109000407,367,252,115
109000408,3,590,-587
109000410,858,257,601
109000411,238,52,186
109900001,82,0,82
109900002,806,18,788
109900003,158,0,158
109900004,120,28,92
109900005,16,5,11
109900006,353,227,126
109900007,571,567,4
109900008,1,42,-41
109900009,112,512,-400
109900010,472,23,449
109900011,96,21,75
109900012,260,202,58
109900013,350,147,203
109900014,328,53,275
109900015,441,286,155
109900016,120,27,93
109900017,180,194,-14
109900018,219,62,157
109900019,269,52,217
109900020,34,82,-48
109900021,42,14,28
109900022,177,236,-59
109900023,23,9,14
109900024,38,9,29
109900025,22,60,-38
109900026,0,20,-20
109900027,22,89,-67
109900028,1665,802,863
109900029,0,311,-311
109900030,25,16,9
109900031,1,92,-91
109900032,10,345,-335
109900033,3,331,-328
109900034,23,8,15
109900035,8,28,-20
109900036,47,96,-49
109900037,25,479,-454
109900038,49,236,-187
109900039,10,0,10
109900040,24,594,-570
109900041,61,341,-280
109900042,63,352,-289
109900044,292,283,9
109900045,385,123,262
109900046,106,95,11
109900047,418,347,71
109900048,1,104,-103
109900049,16,43,-27
109900050,0,197,-197
109900051,2,84,-82
109900052,81,413,-332
109900053,6,359,-353
109900054,442,150,292
109900055,50,315,-265
109900056,52,216,-164
109900057,4,192,-188
109900058,0,96,-96
109900059,41,6,35
109900060,338,172,166
109900061,57,281,-224
109900062,0,166,-166
109900063,0,38,-38
109900064,459,287,172
109900065,123,149,-26
109900066,368,794,-426
109900067,0,315,-315
109900068,40,1,39
109900069,1,48,-47
109900070,4,23,-19
109900071,2,46,-44
109900072,28,183,-155
109900073,301,531,-230
109900074,9,49,-40
109900075,26,27,-1
109900076,33,388,-355
109900077,61,88,-27
109900078,100,216,-116
109900080,148,293,-145
109900081,22,211,-189
109900082,29,306,-277
109900083,17,68,-51
109900084,88,165,-77
109900085,192,667,-475
109900086,176,428,-252
109900087,457,431,26
109900089,550,219,331
109900090,43,100,-57
109900091,10,10,0
109900092,883,23,860
109900093,806,153,653
109900094,91,83,8
109900095,222,164,58
109900096,44,7,37
109900097,53,1,52
109900098,289,21,268
109900099,113,1,112
109900100,46,1,45
109900101,301,7,294
109900102,351,26,325
109900103,40,33,7
109900104,451,866,-415
109900105,362,19,343
109900106,353,61,292
109900107,366,66,300
109900108,103,288,-185
109900109,38,158,-120
109900110,2,37,-35
109900111,217,768,-551
109900112,35,62,-27
109900113,65,36,29
109900114,798,458,340
109900115,160,91,69
109900117,691,116,575
109900118,31,53,-22
109900119,86,31,55
109900120,9,4,5
109900121,372,427,-55
109900122,38,1,37
109900123,8,166,-158
109900124,4,44,-40
109900125,1,158,-157
109900126,170,101,69
109900128,10,1,9
109900130,6407,1852,4555
109900131,81,186,-105
109900132,41,190,-149
109900133,11,21,-10
109900134,111,93,18
109900135,369,63,306
109900136,5,13,-8
109900137,93,306,-213
109900140,184,205,-21
109900142,82,35,47
109900145,2,51,-49
109900146,43,3,40
109900148,4,13,-9
109900149,44,70,-26
109900150,5,127,-122
109900151,12,70,-58
109900152,4,29,-25
109900153,1,55,-54
109900154,98,0,98
109900155,42,20,22
109900157,56,319,-263
109900158,6,20,-14
109900159,136,34,102
109900160,8,9,-1
109900161,163,64,99
109900162,128,94,34
109900163,549,241,308
109900164,56,225,-169
109900165,885,7,878
109900166,1,135,-134
109900167,129,491,-362
109900168,181,654,-473
109900169,155,189,-34
109900170,497,589,-92
109900171,128,140,-12
109900172,193,236,-43
109900173,2776,2010,766
109900174,68,147,-79
109900175,101,85,16
109900176,115,205,-90
109900177,59,201,-142
109900178,5,108,-103
109900179,95,22,73
109900180,6,21,-15
110000001,960,551,409
110000002,765,785,-20
110000003,678,701,-23
110000004,471,600,-129
110000005,425,1490,-1065
110000006,428,334,94
110000007,111,155,-44
110000008,19,44,-25
110000009,45,24,21
110000010,31,88,-57
110000011,31,73,-42
110000012,536,403,133
110000013,56,628,-572
110000014,751,513,238
110000015,250,735,-485
110000016,276,1382,-1106
110000017,2436,294,2142
110000018,2476,452,2024
110000019,5,97,-92
110000020,367,162,205
110000021,667,516,151
110000022,729,159,570
110000023,9,131,-122
110000024,564,329,235
110000025,318,4,314
110000026,6,283,-277
110000027,1073,364,709
110000028,970,984,-14
110000029,497,702,-205
110000030,232,478,-246
110000031,228,495,-267
110000032,700,583,117
110000033,318,62,256
110000034,444,1203,-759
110000035,787,531,256
110000036,962,1161,-199
110000037,147,375,-228
110000038,221,841,-620
110000039,626,2482,-1856
110000040,321,328,-7
110000041,258,1150,-892
110000042,137,277,-140
110000043,791,343,448
110000044,110,151,-41
110000045,847,100,747
110000046,14,24,-10
110000047,61,10,51
110000048,14,19,-5
110000049,59,16,43
110000050,10,24,-14
110000051,105,9,96
110000052,40,38,2
110000053,105,15,90
110000054,568,264,304
110000055,830,42,788
110000056,178,64,114
110000057,315,547,-232
110000058,868,449,419
110000059,904,472,432
110000060,760,1025,-265
110000061,793,713,80
110000062,579,904,-325
110000063,32,113,-81
110000064,66,65,1
110000065,77,120,-43
110000066,73,59,14
110000067,73,248,-175
110000068,313,254,59
110000069,175,110,65
110000071,114,212,-98
110000073,4,32,-28
110000075,5,196,-191
110000076,270,344,-74
110000077,416,1067,-651
110000078,21,88,-67
110000080,277,646,-369
110000081,126,277,-151
110000082,58,328,-270
110000083,279,683,-404
110000084,1113,694,419
110000085,2243,1637,606
110000086,1622,1649,-27
110000087,17,60,-43
110000088,104,197,-93
110000089,185,107,78
110000090,241,255,-14
110000091,1198,373,825
110000092,16,57,-41
110000093,61,17,44
110000094,484,267,217
110000095,164,595,-431
110000096,2242,1833,409
110000097,947,1147,-200
110000098,1745,631,1114
110000099,804,1605,-801
110000100,612,489,123
110000101,58,378,-320
110000102,72,27,45
110000104,431,112,319
110000105,115,264,-149
110000106,554,356,198
110000107,376,416,-40
110000108,127,91,36
110000109,222,291,-69
110000110,2885,3354,-469
110000111,5358,2604,2754
110000112,1273,1100,173
110000113,370,1932,-1562
110000114,141,531,-390
110000115,368,370,-2
110000116,34,49,-15
110000117,125,283,-158
110000118,371,178,193
110000119,166,337,-171
110000120,356,183,173
110000121,94,387,-293
110000122,406,584,-178
110000123,439,613,-174
110000124,3,1084,-1081
110000125,903,9,894
110000126,216,26,190
110000127,956,40,916
110000128,39,1271,-1232
110000129,5,591,-586
110000130,341,163,178
110000131,94,453,-359
110000132,4,777,-773
110000133,37,505,-468
110000134,23,455,-432
110000135,140,35,105
110000136,68,309,-241
110000137,394,514,-120
110000138,546,720,-174
110000139,588,1108,-520
110000140,751,646,105
110000143,593,438,155
110000144,5279,1478,3801
110000145,1798,727,1071
110000146,1391,686,705
110000147,424,628,-204
110000148,512,247,265
110000151,937,699,238
110000152,781,430,351
110000153,80,65,15
110000154,6,10,-4
110000155,1395,3400,-2005
110000156,1135,2158,-1023
110000157,1457,1669,-212
110000160,319,322,-3
110000161,157,312,-155
110000166,456,98,358
110000167,699,581,118
110000168,847,469,378
110000169,709,390,319
110000170,190,83,107
110000171,627,200,427
110000172,136,721,-585
110000173,1158,1198,-40
110000174,167,1064,-897
110000175,464,70,394
110000176,276,251,25
110000177,144,720,-576
110000178,381,1432,-1051
110000179,1007,292,715
110000180,151,245,-94
110000181,295,514,-219
110000182,239,160,79
110000183,8349,5767,2582
110000184,462,2156,-1694
110000185,857,572,285
110000186,664,727,-63
110000191,731,344,387
110000192,523,7,516
110000193,1215,11,1204
110000194,23,1096,-1073
110000195,353,315,38
110000196,312,415,-103
110000197,80,145,-65
110000198,162,77,85
110000199,93,108,-15
110000200,1662,476,1186
110000201,1591,912,679
110000202,1161,595,566
110000203,991,717,274
110000204,7,254,-247
110000205,94,57,37
110000206,707,1364,-657
110000207,725,335,390
110000208,184,177,7
110000209,131,804,-673
110000210,1024,676,348
110000211,776,799,-23
110000212,358,1013,-655
110000213,133,90,43
110000214,228,165,63
110000215,171,391,-220
110000216,109,411,-302
110000217,226,188,38
110000218,119,344,-225
110000219,257,90,167
110000220,70,284,-214
110000221,241,69,172
110000222,35,249,-214
110000223,4,194,-190
110000224,97,12,85
110000225,234,652,-418
110000226,210,55,155
110000227,704,786,-82
110000228,257,336,-79
110000229,1,273,-272
110000230,428,629,-201
110000231,338,185,153
110000232,258,178,80
110000233,233,210,23
110000234,650,498,152
110000235,770,821,-51
110000236,658,756,-98
110000237,1775,1224,551
110000238,1206,1396,-190
110000239,1694,1269,425
110000240,1,70,-69
110000242,0,13,-13
110000243,103,146,-43
110000244,136,292,-156
110000245,44,280,-236
110000246,1079,649,430
110000247,927,3837,-2910
110000248,1834,1310,524
110000249,102,10,92
110000250,162,191,-29
110000251,299,465,-166
110000252,276,229,47
110000253,1160,695,465
110000254,644,1076,-432
110000255,310,857,-547
110000256,470,354,116
110000257,619,429,190
110000258,13,387,-374
110000259,133,20,113
110000260,22,309,-287
110000263,507,129,378
110000264,246,364,-118
110000265,1198,1658,-460
110000266,1671,2323,-652
110000267,16,170,-154
110000268,255,399,-144
110000269,0,71,-71
110000270,53,2,51
110000271,1456,241,1215
110000272,1014,891,123
110000273,2821,1309,1512
110000274,371,1166,-795
110000275,2063,723,1340
110000276,487,298,189
110000277,510,317,193
110000278,503,715,-212
110000279,894,731,163
110000280,501,374,127
110000281,21,256,-235
110000282,215,33,182
110000283,54,110,-56
110000284,65,54,11
110000285,4,385,-381
110000286,36,0,36
110000287,100,3,97
110000288,55,71,-16
110000289,424,1380,-956
110000290,1053,619,434
110000291,4014,1297,2717
110000292,1284,3424,-2140
110000293,837,778,59
110000294,906,1000,-94
110000295,188,677,-489
110000296,371,347,24
110000297,1961,309,1652
110000298,265,594,-329
110000299,375,62,313
110000301,392,22,370
110000302,493,1017,-524
110000303,418,8,410
110000304,175,276,-101
110000305,908,16,892
110000306,159,1154,-995
110000307,1243,7,1236
110000308,349,9,340
110000309,8,764,-756
110000310,597,89,508
110000311,17,576,-559
110000312,443,61,382
110000313,2371,3215,-844
110000314,2,326,-324
110000315,3010,2278,732
110000316,530,1137,-607
110000317,464,362,102
110000318,6,92,-86
110000319,58,22,36
110000320,103,54,49
110000321,16,46,-30
110000322,339,326,13
110000323,662,210,452
110000324,3003,1438,1565
110000325,2528,2568,-40
110000327,529,231,298
110000328,188,329,-141
110000333,1232,645,587
110000334,805,1299,-494
110000335,881,471,410
110000336,1130,1123,7
110000337,2085,537,1548
110000338,380,216,164
110000339,364,180,184
110000340,309,171,138
110000341,458,522,-64
110000342,478,5,473
110000343,0,16,-16
110000344,721,164,557
110000345,1132,119,1013
110000346,2429,1714,715
110000347,1124,881,243
110000348,31,32,-1
110000349,14,31,-17
110000350,34,1,33
110000351,845,940,-95
110000352,543,1441,-898
110000353,2402,805,1597
110000354,1008,2708,-1700
110000355,73,155,-82
110000356,534,3,531
110000357,367,19,348
110000361,11,50,-39
110000362,42,19,23
110000363,282,117,165
110000364,161,296,-135
110000365,243,3,240
110000366,2,78,-76
110000367,334,190,144
110000368,4,57,-53
110000369,103,6,97
110000373,2,263,-261
110000374,470,31,439
110000375,119,966,-847
110000376,24,72,-48
110000377,55,477,-422
110000378,21,298,-277
110000379,2974,1992,982
110000380,70,20,50
110000383,2,1132,-1130
110000384,2983,1062,1921
110000385,1,121,-120
110000387,86,16,70
110000388,30,251,-221
110000389,613,6,607
110000391,1112,292,820
110000396,106,160,-54
110000397,112,150,-38
110000398,4,39,-35
110000399,246,2,244
110000587,151,69,82
110000589,198,240,-42
110000640,204,74,130
110000652,17,139,-122
110000653,315,468,-153
110000654,152,131,21
110000656,1,553,-552
110000674,12,13,-1
110000675,14,10,4
110000676,0,27,-27
110000679,465,975,-510
110000682,104,153,-49
110000683,426,648,-222
110000684,0,24,-24
110000685,0,15,-15
110000686,1,23,-22
110000687,23,2,21
110000688,57,699,-642
110000689,49,41,8
110000692,190,144,46
110000693,139,306,-167
110000694,0,156,-156
110000695,538,578,-40
110000696,87,74,13
110900001,209,9,200
110900002,364,133,231
110900003,609,570,39
110900004,332,188,144
110900005,2722,1628,1094
110900006,61,17,44
110900007,90,20,70
110900008,16,67,-51
110900009,310,56,254
110900010,8,95,-87
110900011,9,93,-84
110900012,9,90,-81
110900013,731,138,593
110900014,369,16,353
110900015,499,378,121
110900016,56,149,-93
110900017,300,34,266
110900018,338,59,279
110900019,172,16,156
110900020,77,283,-206
110900021,80,432,-352
110900022,73,298,-225
110900023,80,408,-328
110900024,19,368,-349
110900025,16,54,-38
110900027,56,194,-138
110900028,44,101,-57
110900029,19,327,-308
110900030,21,205,-184
110900031,118,134,-16
110900032,1,100,-99
110900033,39,146,-107
110900035,18,433,-415
110900036,72,17,55
110900037,67,37,30
110900038,801,160,641
110900039,9,224,-215
110900040,148,44,104
110900041,4,120,-116
110900042,94,59,35
110900043,5,113,-108
110900044,183,11,172
110900045,48,384,-336
110900046,60,221,-161
110900047,431,216,215
110900049,45,59,-14
110900050,21,3,18
110900051,55,240,-185
110900052,3,151,-148
110900053,73,46,27
110900054,40,177,-137
110900055,27,1,26
110900056,49,89,-40
110900057,8,158,-150
110900058,203,214,-11
110900059,581,541,40
110900060,323,124,199
110900061,16,31,-15
110900062,81,236,-155
110900063,34,215,-181
110900064,11,0,11
110900065,367,140,227
110900066,8,99,-91
110900067,336,534,-198
110900068,187,194,-7
110900069,3,32,-29
110900070,107,49,58
110900071,259,403,-144
110900073,0,32,-32
110900074,230,93,137
110900075,297,74,223
110900077,590,551,39
110900078,28,68,-40
110900079,2308,1143,1165
110900080,96,49,47
110900081,3,58,-55
110900082,88,126,-38
110900083,123,57,66
110900084,36,119,-83
110900085,35,240,-205
110900086,49,205,-156
110900087,248,58,190
110900088,12,0,12
110900090,27,35,-8
110900091,2,60,-58
110900093,229,65,164
110900095,40,55,-15
110900097,23,40,-17
110900098,23,100,-77
110900099,50,345,-295
110900100,0,31,-31
110900102,188,22,166
110900105,501,228,273
110900108,29,73,-44
110900111,398,251,147
110900112,651,10,641
110900113,456,56,400
110900115,4,71,-67
110900116,504,1727,-1223
110900118,186,2026,-1840
110900119,3275,309,2966
110900120,7,86,-79
110900121,102,0,102
110900122,269,144,125
110900125,322,324,-2
110900127,585,947,-362
110900128,441,463,-22
110900129,330,556,-226
110900130,1125,614,511
110900131,164,45,119
110900132,243,57,186
110900133,72,182,-110
110900135,45,263,-218
110900136,243,14,229
110900138,0,0,0
110900139,59,0,59
110900140,3,0,3
110900141,490,157,333
110900142,39,167,-128
110900143,109,86,23
110900144,4,741,-737
110900145,208,26,182
110900146,441,127,314
110900147,124,305,-181
110900148,3,273,-270
110900149,3,80,-77
110900150,25,24,1
110900151,6,66,-60
110900152,41,202,-161
110900153,139,43,96
111000001,806,549,257
111000002,981,798,183
111000003,1206,770,436
111000004,601,1202,-601
111000005,1390,1173,217
111000006,1013,1867,-854
111000007,3761,2968,793
111000008,2568,3377,-809
111000009,484,887,-403
111000010,748,323,425
111000011,444,1068,-624
111000012,715,344,371
111000013,470,1084,-614
111000014,1412,638,774
111000017,119,837,-718
111000018,285,402,-117
111000020,1051,2344,-1293
111000021,93,114,-21
111000023,129,118,11
111000025,4372,3843,529
111000029,123,122,1
111000030,48,103,-55
111000031,1930,1432,498
111000032,1016,418,598
111000033,283,323,-40
111000034,247,240,7
111000037,1461,973,488
111000038,3863,2659,1204
111000039,1769,2379,-610
111000040,1704,2633,-929
111000041,2026,1878,148
111000042,3594,2801,793
111000043,1480,2732,-1252
111000044,1592,1209,383
111000045,1825,2265,-440
111000046,1243,1477,-234
111000047,1920,3224,-1304
111000049,651,518,133
111000050,1537,1557,-20
111000051,573,1248,-675
111000052,713,1676,-963
111000053,429,1149,-720
111000054,359,1041,-682
111000055,1163,2022,-859
111000056,283,527,-244
111000057,93,579,-486
111000058,303,74,229
111000059,976,325,651
111000060,4159,922,3237
111000061,403,377,26
111000062,634,329,305
111000063,2282,927,1355
111000064,586,617,-31
111000065,906,926,-20
111000066,381,432,-51
111000067,562,756,-194
111000068,743,1186,-443
111000069,1795,2264,-469
111000070,1395,1183,212
111000071,304,838,-534
111000072,964,484,480
111000073,280,999,-719
111000074,1393,1593,-200
111000075,1042,749,293
111000076,468,668,-200
111000077,1806,2070,-264
111000078,3013,1696,1317
111000079,1490,928,562
111000080,488,790,-302
111000081,1605,3908,-2303
111000082,566,702,-136
111000084,895,658,237
111000085,1257,1651,-394
111000086,2336,1299,1037
111000087,691,711,-20
111000088,5060,2152,2908
111000089,727,926,-199
111000090,836,1600,-764
111000091,731,630,101
111000092,1011,1005,6
111000093,717,1049,-332
111000094,2120,1067,1053
111000095,580,2150,-1570
111000096,2042,7229,-5187
111000097,5096,1866,3230
111000098,873,1362,-489
111000099,646,2098,-1452
111000100,364,1914,-1550
111000101,400,799,-399
111000102,225,541,-316
111000104,719,223,496
111000107,91,634,-543
111000109,578,317,261
111000110,1461,798,663
111000111,1954,564,1390
111000112,1549,761,788
111000113,943,1813,-870
111000114,2538,3427,-889
111000115,6296,1285,5011
111000116,827,1009,-182
111000117,516,917,-401
111000118,1947,988,959
111000119,946,1047,-101
111000120,394,663,-269
111000121,250,681,-431
111000122,643,1319,-676
111000123,1038,2967,-1929
111000124,437,2711,-2274
111000125,237,1580,-1343
111000126,136,959,-823
111000127,890,189,701
111000128,1630,374,1256
111000129,2101,529,1572
111000130,1455,779,676
111000131,1317,753,564
111000132,1029,694,335
111000133,137,193,-56
111000134,170,153,17
111000135,39,159,-120
111000136,337,364,-27
111000138,15,21,-6
111000140,3,10,-7
111000141,211,355,-144
111000142,20,109,-89
111000143,5,110,-105
111000144,37,232,-195
111000145,2592,23,2569
111000146,178,20,158
111000147,327,40,287
111000148,196,75,121
111000149,9,46,-37
111000150,118,13,105
111000151,5,27,-22
111000153,612,831,-219
111000154,824,178,646
111000155,93,128,-35
111000156,425,585,-160
111000157,260,857,-597
111000158,897,708,189
111000159,2377,739,1638
111000160,354,438,-84
111000161,13,227,-214
111000162,114,160,-46
111000163,686,893,-207
111000164,783,3557,-2774
111000165,1131,569,562
111000166,2302,490,1812
111000167,193,517,-324
111000168,317,493,-176
111000169,338,653,-315
111000170,627,563,64
111000171,539,781,-242
111000172,206,476,-270
111000173,366,947,-581
111000174,172,337,-165
111000175,47,288,-241
111000176,352,134,218
111000177,265,246,19
111000178,1152,405,747
111000179,201,193,8
111000180,223,424,-201
111000181,1037,268,769
111000182,249,237,12
111000183,777,341,436
111000184,329,242,87
111000185,455,514,-59
111000186,749,289,460
111000187,124,299,-175
111000188,209,423,-214
111000189,1281,649,632
111000190,182,445,-263
111000191,182,462,-280
111000192,194,549,-355
111000193,375,368,7
111000194,52,325,-273
111000195,177,314,-137
111000196,65,286,-221
111000197,359,201,158
111000198,567,160,407
111000199,183,234,-51
111000200,314,373,-59
111000201,462,311,151
111000202,201,228,-27
111000203,268,273,-5
111000204,458,885,-427
111000213,157,503,-346
111000214,1567,1539,28
111000215,1111,1438,-327
111000217,1176,823,353
111000218,1057,1022,35
111000219,479,228,251
111000220,1932,576,1356
111000221,876,96,780
111000224,96,352,-256
111000225,369,310,59
111000226,172,1,171
111000227,59,14,45
111000228,24,344,-320
111000229,41,746,-705
111000230,294,460,-166
111000231,931,970,-39
111000232,1002,1054,-52
111000233,646,732,-86
111000234,143,343,-200
111000239,113,166,-53
111000240,43,208,-165
111000241,17,332,-315
111000242,117,64,53
111000243,263,638,-375
111000244,604,126,478
111000245,2094,585,1509
111000246,535,489,46
111000247,205,1149,-944
111000248,623,615,8
111000249,497,841,-344
111000250,40,129,-89
111000251,41,141,-100
111000253,5,20,-15
111000255,26,18,8
111000257,37,36,1
111000260,102,984,-882
111000261,1032,131,901
111000271,58,300,-242
111000273,3746,1844,1902
111000274,1214,2280,-1066
111000275,165,81,84
111000276,280,2002,-1722
111000277,194,418,-224
111000278,642,340,302
111000291,829,4187,-3358
111000298,426,416,10
111000299,620,146,474
111000300,133,602,-469
111000302,243,165,78
111000303,81,225,-144
111000312,34,104,-70
111000315,25,173,-148
111000320,405,757,-352
111000321,401,101,300
111000322,383,533,-150
111000323,174,16,158
111000324,289,265,24
111000325,24,74,-50
111000326,160,404,-244
111000327,382,505,-123
111000328,284,585,-301
111000329,4,34,-30
111000330,61,17,44
111000331,36,12,24
111000332,479,1380,-901
111000334,361,1589,-1228
111000335,997,287,710
111000337,1046,471,575
111000338,93,106,-13
111000339,402,354,48
111000340,169,604,-435
111000341,1107,706,401
111000342,418,699,-281
111000344,858,725,133
111000345,371,57,314
111000346,30,97,-67
111000347,103,4,99
111000350,209,125,84
111000351,113,273,-160
111000352,164,104,60
111000353,106,303,-197
111000354,589,151,438
111000355,339,516,-177
111000358,164,1205,-1041
111000360,175,688,-513
111000361,140,295,-155
111000546,909,674,235
111000547,343,469,-126
111000548,98,295,-197
111000549,281,346,-65
111000550,118,755,-637
111000551,698,185,513
111000552,3359,184,3175
111000907,503,11,492
111000908,16,0,16
111000916,1520,404,1116
111000917,43,482,-439
111000918,164,799,-635
111000920,505,32,473
111000921,7,276,-269
111000922,346,332,14
111000924,54,811,-757
111000925,2535,2171,364
111000926,1091,2075,-984
111000927,2866,4606,-1740
111000928,4368,3905,463
111000929,2277,1219,1058
111000930,1167,2530,-1363
111000931,1688,2562,-874
111000932,3921,2430,1491
111000933,3159,2121,1038
111000934,2190,3259,-1069
111000935,1208,1118,90
111000936,935,2156,-1221
111000937,987,1693,-706
111000938,1308,1921,-613
111000939,544,50,494
111000940,363,171,192
111000941,403,398,5
111000943,310,284,26
111000944,163,498,-335
111000945,127,1803,-1676
111001109,439,284,155
111001110,188,625,-437
111001111,59,5,54
111001112,145,6,139
111001113,1,179,-178
111001114,1049,105,944
111001115,74,392,-318
111001116,4948,3644,1304
111001117,627,2461,-1834
111001120,116,278,-162
111001121,191,293,-102
111001122,280,599,-319
111001123,280,165,115
111001124,186,220,-34
111001125,1,112,-111
111001126,14,3,11
111001127,0,45,-45
111001128,300,553,-253
111900001,3,208,-205
111900002,6,656,-650
111900003,1,339,-338
111900004,33,134,-101
111900006,2,26,-24
111900007,47,9,38
111900008,94,3,91
111900009,99,4,95
111900010,411,519,-108
111900012,37,103,-66
111900013,9,45,-36
111900014,5714,2962,2752
111900015,1,55,-54
111900016,1,149,-148
111900017,1,169,-168
111900018,193,17,176
111900019,4,86,-82
111900020,2,65,-63
111900021,56,132,-76
111900022,16,87,-71
111900023,88,98,-10
111900024,18,100,-82
111900025,0,66,-66
111900026,2,108,-106
111900027,6,163,-157
111900028,1,358,-357
111900029,9,91,-82
111900030,43,319,-276
111900031,0,3,-3
111900032,4,346,-342
111900033,8,109,-101
111900034,370,416,-46
111900035,209,248,-39
111900036,3,358,-355
111900038,374,576,-202
111900039,44,428,-384
111900040,3,547,-544
111900042,30,149,-119
111900043,4,394,-390
111900044,365,222,143
111900046,55,181,-126
111900048,126,705,-579
111900049,49,249,-200
111900050,122,29,93
111900051,1,225,-224
111900052,413,460,-47
111900053,1323,1070,253
111900054,101,4,97
111900055,12,428,-416
111900056,323,253,70
111900057,91,88,3
111900058,292,619,-327
111900059,1784,436,1348
111900060,313,0,313
111900061,10,225,-215
111900062,38,75,-37
111900063,342,244,98
111900064,159,280,-121
111900065,61,20,41
111900066,96,156,-60
111900067,2,344,-342
111900068,43,42,1
111900069,50,34,16
111900070,112,139,-27
111900071,0,218,-218
111900072,41,12,29
111900073,543,131,412
111900074,21,187,-166
111900075,82,7,75
111900076,104,44,60
111900077,26,1,25
111900078,170,17,153
111900079,46,43,3
111900080,227,249,-22
111900082,139,22,117
111900083,100,23,77
111900084,77,13,64
111900085,28,105,-77
111900086,18,3,15
111900087,43,0,43
111900088,415,7,408
111900089,97,1,96
111900090,55,34,21
111900091,147,7,140
111900092,85,2,83
111900093,430,5,425
111900094,104,0,104
111900095,184,15,169
111900096,139,0,139
111900097,53,0,53
111900098,176,0,176
111900099,57,0,57
111900100,199,3,196
111900101,66,33,33
111900102,483,565,-82
111900103,61,62,-1
111900104,121,89,32
111900105,302,130,172
111900106,882,65,817
111900110,1709,366,1343
111900111,230,161,69
111900112,502,2155,-1653
111900113,268,99,169
111900118,283,124,159
111900119,299,119,180
111900122,154,60,94
111900123,27,29,-2
111900124,23,130,-107
111900125,448,15,433
111900126,247,3,244
111900127,2,703,-701
111900128,1,612,-611
111900129,265,49,216
111900130,152,19,133
111900131,502,1,501
111900132,29,983,-954
111900133,3,330,-327
111900134,16,244,-228
111900135,6,21,-15
111900136,67,125,-58
111900137,83,95,-12
111900138,23,74,-51
111900139,10,149,-139
111900140,74,16,58
111900141,65,3,62
111900142,92,33,59
111900143,31,163,-132
111900144,1,75,-74
111900145,3,444,-441
111900146,0,223,-223
111900147,153,397,-244
111900148,38,603,-565
111900149,3,271,-268
111900150,15,159,-144
111900151,7,19,-12
111900152,72,75,-3
111900153,1476,414,1062
111900154,7,184,-177
111900155,39,64,-25
111900156,17,46,-29
111900157,52,14,38
111900158,475,27,448
111900159,228,15,213
111900160,255,0,255
111900161,116,4,112
111900162,54,168,-114
111900163,35,189,-154
111900164,80,62,18
111901113,330,252,78
111901114,585,244,341
111901115,60,3,57
111901116,75,5,70
111901117,18,51,-33
111901118,57,566,-509
111901119,893,139,754
111901121,210,248,-38
111901122,6,581,-575
111901123,122,356,-234
111901124,196,0,196
111901125,340,195,145
111901127,655,383,272
111901128,16,95,-79
111901129,3,132,-129
111901130,8,214,-206
111901131,3,300,-297
111901132,245,23,222
111901133,30,3,27
111901134,38,3,35
111901135,14,7,7
111901136,1,55,-54
111901138,249,43,206
111901139,19,45,-26
111901140,5,99,-94
111901141,8,139,-131
111901142,7,107,-100
111901143,4,87,-83
111901144,53,37,16
111901145,177,270,-93
111901146,472,20,452
111901147,694,165,529
111901148,18,61,-43
111901149,17,3,14
111901150,36,0,36
111901151,0,0,0
112000001,1522,752,770
112000002,721,2338,-1617
112000003,874,905,-31
112000004,653,1158,-505
112000005,2659,3097,-438
112000006,2483,1877,606
112000007,2286,1765,521
112000008,2048,3589,-1541
112000009,3466,3698,-232
112000010,2625,2537,88
112000011,2044,1705,339
112000012,3698,2447,1251
112000013,5927,2638,3289
112000014,3487,885,2602
112000015,5339,2578,2761
112000016,4493,876,3617
112000017,2712,1374,1338
112000024,2576,1138,1438
112000026,4771,5352,-581
112000027,681,625,56
112000028,1674,1505,169
112000029,442,590,-148
112000030,212,77,135
112000031,1323,3259,-1936
112000032,470,48,422
112000033,2184,1035,1149
112000034,314,68,246
112000035,113,240,-127
112000036,1272,578,694
112000037,1673,594,1079
112000038,1680,648,1032
112000039,55,79,-24
112000040,103,259,-156
112000041,501,459,42
112000042,1055,325,730
112000050,1162,1650,-488
112000051,792,1083,-291
112000054,1586,1936,-350
112000057,368,350,18
112000058,380,547,-167
112000059,484,749,-265
112000061,2847,1793,1054
112000062,1517,553,964
112000063,1018,1328,-310
112000064,3952,5385,-1433
112000065,2189,2235,-46
112000066,3313,1280,2033
112000067,757,662,95
112000068,2823,2079,744
112000069,999,1711,-712
112000070,2098,789,1309
112000071,948,2418,-1470
112000072,1850,994,856
112000073,1582,1860,-278
112000074,1547,963,584
112000075,1324,1109,215
112000076,3159,2638,521
112000077,566,555,11
112000078,1432,614,818
112000079,1087,1211,-124
112000080,677,898,-221
112000081,1501,2325,-824
112000082,1305,907,398
112000083,636,1165,-529
112000084,1067,911,156
112000085,1050,1024,26
112000086,1534,1407,127
112000087,337,716,-379
112000088,664,622,42
112000089,282,352,-70
112000090,238,296,-58
112000091,594,1224,-630
112000092,1430,1262,168
112000093,1640,1147,493
112000094,614,992,-378
112000095,600,1046,-446
112000096,493,764,-271
112000097,929,636,293
112000098,884,1097,-213
112000099,558,1223,-665
112000100,1427,925,502
112000101,573,974,-401
112000102,856,665,191
112000103,327,1173,-846
112000105,690,1844,-1154
112000106,1437,586,851
112000107,89,222,-133
112000108,264,1663,-1399
112000109,169,149,20
112000110,1913,709,1204
112000111,1140,2687,-1547
112000112,3430,590,2840
112000113,881,1674,-793
112000114,2209,963,1246
112000115,308,510,-202
112000116,458,992,-534
112000117,917,763,154
112000118,954,967,-13
112000119,464,867,-403
112000120,78,395,-317
112000121,130,489,-359
112000122,229,175,54
112000123,550,201,349
112000124,336,110,226
112000125,208,214,-6
112000126,208,539,-331
112000127,1969,1741,228
112000128,872,456,416
112000129,138,144,-6
112000130,136,61,75
112000131,54,368,-314
112000132,135,235,-100
112000133,301,215,86
112000134,372,347,25
112000135,1310,683,627
112000136,1294,1238,56
112000137,2099,1390,709
112000138,2130,1054,1076
112000139,944,542,402
112000140,1142,989,153
112000141,663,375,288
112000142,196,598,-402
112000143,857,267,590
112000144,281,1192,-911
112000145,1961,715,1246
112000146,626,2063,-1437
112000147,2267,1867,400
112000148,1823,2273,-450
112000149,354,707,-353
112000150,502,681,-179
112000151,414,426,-12
112000152,332,448,-116
112000153,154,295,-141
112000154,126,258,-132
112000155,116,104,12
112000157,782,527,255
112000158,242,581,-339
112000159,465,430,35
112000167,282,143,139
112000169,472,365,107
112000173,486,228,258
112000175,378,399,-21
112000176,2769,1799,970
112000177,377,142,235
112000178,82,396,-314
112000179,193,108,85
112000180,194,396,-202
112000181,1281,1952,-671
112000182,877,1785,-908
112000183,35,54,-19
112000184,324,326,-2
112000185,473,640,-167
112000187,3148,2028,1120
112000195,151,23,128
112000196,192,3,189
112000197,192,114,78
112000198,29,241,-212
112000199,1482,1064,418
112000202,297,2,295
112000216,52,276,-224
112000230,71,6,65
112000231,4,211,-207
112000256,47,207,-160
112000313,85,161,-76
112000314,33,43,-10
112000337,223,467,-244
112000352,324,310,14
112000392,1124,1218,-94
112000398,1027,880,147
112000399,2181,1674,507
112000400,1586,3201,-1615
112000401,3327,2668,659
112000402,2362,2489,-127
112000403,1770,2317,-547
112000404,893,786,107
112000405,1680,2894,-1214
112000406,3300,2869,431
112000407,5625,7379,-1754
112000408,7819,7752,67
112000409,2136,5663,-3527
112000410,379,273,106
112000411,4256,1677,2579
112000412,1533,565,968
112000413,8586,4178,4408
112000414,69,85,-16
112000415,133,48,85
112000416,1904,1555,349
112000417,246,77,169
112000421,53,138,-85
112000422,370,317,53
112000424,2152,2032,120
112000425,371,1014,-643
112000426,128,344,-216
112000427,2,17,-15
112000428,409,328,81
112000429,2106,2508,-402
112000430,2143,2661,-518
112000431,90,143,-53
112000432,580,1363,-783
112000433,483,750,-267
112000437,67,225,-158
112900001,58,0,58
112900002,316,1024,-708
112900003,65,427,-362
112900004,31,297,-266
112900005,185,282,-97
112900007,78,259,-181
112900008,4,25,-21
112900009,364,75,289
112900010,335,929,-594
112900011,214,253,-39
112900012,0,58,-58
112900013,3,117,-114
112900014,1,326,-325
112900015,367,630,-263
112900016,3,311,-308
112900017,34,167,-133
112900018,98,634,-536
112900019,78,245,-167
112900020,362,1022,-660
112900021,11,282,-271
112900022,8,69,-61
112900023,3,235,-232
112900024,24,275,-251
112900025,85,230,-145
112900026,7,257,-250
112900027,12,1070,-1058
112900028,29,143,-114
112900029,10,703,-693
112900030,215,194,21
112900031,1,550,-549
112900032,158,296,-138
112900034,1,58,-57
112900035,7,480,-473
112900036,33,116,-83
112900037,162,229,-67
112900038,429,167,262
112900039,18,334,-316
112900040,4,327,-323
112900041,716,908,-192
112900042,52,325,-273
112900043,43,41,2
112900044,554,427,127
112900045,362,326,36
112900046,184,59,125
112900047,11,42,-31
112900049,221,78,143
112900050,40,509,-469
112900051,279,692,-413
112900052,8,962,-954
112900053,389,86,303
112900054,183,30,153
112900055,145,30,115
112900056,353,210,143
112900057,36,625,-589
112900058,247,286,-39
112900059,123,111,12
112900060,5,203,-198
112900061,86,112,-26
112900062,95,152,-57
112900063,160,13,147
112900064,144,182,-38
112900065,38,13,25
112900066,185,127,58
112900067,492,208,284
112900068,43,49,-6
112900069,1757,670,1087
112900071,34,7,27
112900072,189,1677,-1488
112900073,315,83,232
112900074,59,248,-189
112900075,1483,707,776
112900076,126,28,98
112900078,257,385,-128
112900079,375,32,343
112900080,47,2,45
112900081,40,215,-175
112900082,429,23,406
112900083,111,93,18
112900084,178,103,75
112900086,103,1,102
112900087,593,177,416
112900088,85,13,72
112900089,634,23,611
112900090,43,30,13
112900091,198,9,189
112900092,165,225,-60
112900093,1393,28,1365
112900095,41,1,40
112900096,325,212,113
112900097,75,298,-223
112900098,98,0,98
112900099,814,10,804
112900100,63,1,62
112900101,241,1,240
112900102,123,2,121
112900103,185,6,179
112900104,530,8,522
112900105,13,0,13
112900106,376,203,173
112900107,8,1,7
112900108,55,0,55
112900109,99,0,99
112900110,923,8,915
112900111,596,3,593
112900112,297,2,295
112900113,2,16,-14
112900114,110,96,14
112900115,909,3,906
112900116,196,27,169
112900117,143,86,57
112900118,27,85,-58
112900119,193,1,192
112900120,940,298,642
112900121,182,205,-23
112900122,17,94,-77
112900123,127,31,96
112900124,13,88,-75
112900125,58,323,-265
112900126,239,222,17
112900127,299,92,207
112900128,346,829,-483
112900129,1,753,-752
112900130,312,86,226
112900131,58,301,-243
112900132,129,515,-386
112900133,33,976,-943
112900134,3,209,-206
112900135,95,51,44
112900137,0,581,-581
112900138,8,272,-264
112900139,198,1125,-927
112900141,587,49,538
112900142,80,134,-54
112900143,51,518,-467
112900144,9,750,-741
112900145,66,519,-453
112900146,9,1154,-1145
112900147,2,1891,-1889
112900148,70,4,66
112900149,270,797,-527
112900151,30,81,-51
112900152,4165,997,3168
112900153,2152,1893,259
112900154,1,151,-150
112900155,231,19,212
112900156,262,1112,-850
112900157,332,148,184
112900158,36,25,11
112900159,194,91,103
112900160,83,312,-229
112900161,148,38,110
112900162,33,20,13
112900163,110,43,67
112900164,33,190,-157
112900165,280,20,260
112900166,19,81,-62
112900167,5,41,-36
112900168,6,2,4
112900169,10,17,-7
112900170,55,100,-45
112900172,53,18,35
112900173,248,108,140
112900174,179,46,133
112900175,157,128,29
112900176,13,33,-20
112900177,237,65,172
112900178,750,2439,-1689
112900179,39,456,-417
112900180,1741,1610,131
112900181,373,9,364
112900182,46,1168,-1122
112900183,137,255,-118
112900184,362,359,3
112900185,222,536,-314
112900186,1098,735,363
112900187,65,554,-489
112900188,707,236,471
112900189,8,24,-16
112900190,13,65,-52
112900192,443,497,-54
112900193,898,243,655
112900194,43,101,-58
112900195,747,45,702
112900196,185,326,-141
112900197,157,309,-152
112900199,532,608,-76
112900200,479,259,220
112900201,107,107,0
112900202,311,839,-528
112900203,206,305,-99
112900204,958,563,395
112900205,13,10,3
112900206,40,109,-69
112900207,11,0,11
112900208,110,275,-165
112900209,638,435,203
112900210,2,56,-54
112900211,74,65,9
112900212,0,149,-149
112900213,47,43,4
112900214,30,19,11
112900215,10,172,-162
112900216,44,84,-40
112900217,0,57,-57
112900218,45,11,34
112900219,55,21,34
112900220,6,0,6
112900221,31,117,-86
112900222,0,15,-15
112900223,697,14,683
112900224,198,450,-252
112900225,312,347,-35
112900226,144,300,-156
112900227,352,924,-572
112900228,35,35,0
112900229,144,64,80
112900230,5604,3421,2183
112900232,217,218,-1
112900233,71,137,-66
112900234,4,59,-55
112900235,160,48,112
112900236,191,17,174
112900237,464,306,158
112900238,4,39,-35
112900239,1093,261,832
112900240,12,109,-97
112900241,19,134,-115
112900242,3,180,-177
112900243,9,249,-240
112900244,3,68,-65
112900245,3,44,-41
112900246,11,15,-4
112900247,157,18,139
112900248,13,1,12
112900249,57,11,46
112900250,69,28,41
112900251,68,17,51
112900252,53,12,41
112900253,31,15,16
112900254,5,7,-2
112900255,0,36,-36
112900256,19,33,-14
112900257,21,69,-48
112900258,15,28,-13
113000001,4550,4502,48
113000002,3022,3553,-531
113000003,1786,1609,177
113000004,1806,2297,-491
113000005,1395,843,552
113000006,929,1298,-369
113000007,1895,1179,716
113000008,1552,1623,-71
113000009,911,764,147
113000010,1091,1373,-282
113000011,640,1498,-858
113000012,1366,651,715
113000013,1745,727,1018
113000014,1825,1498,327
113000015,574,215,359
113000016,449,701,-252
113000017,34,290,-256
113000018,469,86,383
113000019,144,308,-164
113000020,519,55,464
113000021,1326,579,747
113000022,638,1107,-469
113000025,266,662,-396
113000026,410,362,48
113000027,582,442,140
113000028,723,353,370
113000029,597,697,-100
113000030,366,622,-256
113000031,274,326,-52
113000032,234,320,-86
113000033,228,390,-162
113000034,359,353,6
113000035,49,42,7
113000036,25,52,-27
113000037,74,34,40
113000038,9,56,-47
113000039,89,376,-287
113000040,77,85,-8
113000042,748,559,189
113000051,756,2537,-1781
113000052,1743,849,894
113000053,354,439,-85
113000054,318,799,-481
113000055,1036,670,366
113000056,728,1049,-321
113000058,711,840,-129
113000059,1021,660,361
113000060,185,517,-332
113000061,630,874,-244
113000062,1016,268,748
113000063,136,132,4
113000064,55,348,-293
113000065,145,785,-640
113000066,545,114,431
113000067,1426,1230,196
113000068,358,1494,-1136
113000069,532,1274,-742
113000070,2235,1008,1227
113000071,351,631,-280
113000072,632,449,183
113000073,342,1295,-953
113000074,831,408,423
113000075,1601,580,1021
113000076,595,1614,-1019
113000077,1048,548,500
113000078,817,1969,-1152
113000079,928,726,202
113000080,720,649,71
113000081,711,788,-77
113000082,1068,670,398
113000083,484,873,-389
113000084,1501,1287,214
113000085,776,751,25
113000086,1965,1322,643
113000087,1156,883,273
113000088,1897,1117,780
113000089,833,1466,-633
113000090,217,515,-298
113000091,476,374,102
113000094,1145,156,989
113000095,240,687,-447
113000096,135,649,-514
113000097,880,356,524
113000098,121,35,86
113000099,948,313,635
113000100,192,381,-189
113000101,326,571,-245
113000102,609,370,239
113000103,2135,779,1356
113000104,327,2069,-1742
113000105,521,310,211
113000106,339,587,-248
113000107,649,740,-91
113000108,868,1233,-365
113000109,550,2091,-1541
113000110,1305,379,926
113000111,208,503,-295
113000112,323,370,-47
113000113,1209,396,813
113000114,423,1150,-727
113000116,565,299,266
113000117,740,134,606
113000118,163,543,-380
113000119,404,262,142
113000120,93,249,-156
113000121,731,685,46
113000124,295,157,138
113000125,68,575,-507
113000127,2537,418,2119
113000128,396,433,-37
113000129,484,821,-337
113000133,2251,1489,762
113000134,4,946,-942
113000135,3258,3855,-597
113000137,1656,2502,-846
113000139,279,141,138
113000140,147,217,-70
113000141,194,160,34
113000142,533,851,-318
113000143,185,177,8
113000144,306,542,-236
113000145,51,140,-89
113000146,131,70,61
113000147,176,113,63
113000148,116,107,9
113000149,94,127,-33
113000150,402,321,81
113000151,63,57,6
113000152,26,64,-38
113000153,1273,508,765
113000154,628,1367,-739
113000155,319,455,-136
113000156,132,380,-248
113000157,327,900,-573
113000158,741,224,517
113000159,830,839,-9
113000160,686,1107,-421
113000161,182,383,-201
113000162,605,393,212
113000163,180,65,115
113000164,45,102,-57
113000166,212,128,84
113000167,76,124,-48
113000168,85,124,-39
113000169,127,94,33
113000170,74,110,-36
113000171,54,111,-57
113000172,225,63,162
113000173,59,25,34
113000174,101,571,-470
113000175,386,118,268
113000176,516,163,353
113000177,223,505,-282
113000178,243,398,-155
113000179,289,178,111
113000180,675,1197,-522
113000181,1343,899,444
113000182,214,315,-101
113000183,167,631,-464
113000184,35,99,-64
113000189,388,704,-316
113000190,909,473,436
113000192,1850,1425,425
113000193,3564,1038,2526
113000194,1799,994,805
113000195,2055,662,1393
113000196,251,82,169
113000197,1635,944,691
113000198,85,307,-222
113000199,1210,267,943
113000201,890,229,661
113000202,2914,1680,1234
113000203,267,188,79
113000204,1734,1417,317
113000205,6,14,-8
113000206,17,32,-15
113000207,80,15,65
113000208,31,44,-13
113000209,31,25,6
113000210,11,31,-20
113000211,210,208,2
113000212,130,29,101
113000213,43,154,-111
113000214,156,257,-101
113000234,152,842,-690
113000410,420,254,166
113000411,2494,4006,-1512
113000412,6601,2426,4175
113000413,2661,2480,181
113000414,6499,10805,-4306
113000415,2095,2942,-847
113000416,7895,4142,3753
113000417,2172,2622,-450
113000418,3965,2840,1125
113000419,1378,1629,-251
113000420,3701,4413,-712
113000421,3553,5247,-1694
113000422,10778,8963,1815
113000423,1863,4052,-2189
113000424,3052,7987,-4935
113000425,6,84,-78
113000428,112,35,77
113000430,28,212,-184
113000432,1929,171,1758
113000433,115,719,-604
113000434,35,173,-138
113000435,94,514,-420
113000436,40,1181,-1141
113000437,794,21,773
113000438,210,20,190
113000439,39,130,-91
113000440,100,28,72
113000441,195,231,-36
113000442,119,205,-86
113000443,206,231,-25
113000444,185,258,-73
113000445,125,130,-5
113000446,39,104,-65
113000448,235,163,72
113000449,250,1223,-973
113000450,419,2681,-2262
113000451,1295,198,1097
113000452,352,556,-204
113000453,77,315,-238
113000454,1669,80,1589
113000455,62,214,-152
113000456,3695,2247,1448
113000468,1627,173,1454
113000469,130,69,61
113000470,329,38,291
113000471,18,413,-395
113000472,116,351,-235
113000474,525,606,-81
113000475,1692,1552,140
113000476,1535,1831,-296
113000477,2754,2016,738
113000478,4296,5526,-1230
113000479,47,204,-157
113000485,3,0,3
113000486,2,0,2
113000487,0,1,-1
113000488,0,0,0
113000489,2,23,-21
113000490,0,9,-9
113000491,15,11,4
113000492,3,0,3
113000493,0,0,0
113000495,201,220,-19
113000496,115,121,-6
113000499,0,0,0
113900001,4,218,-214
113900002,2,110,-108
113900003,2,70,-68
113900004,3,32,-29
113900005,4,51,-47
113900006,0,29,-29
113900007,47,1,46
113900008,103,0,103
113900009,224,3,221
113900010,207,1,206
113900011,140,0,140
113900012,52,0,52
113900013,484,6,478
113900014,486,2,484
113900015,0,72,-72
113900016,40,1,39
113900017,2,31,-29
113900018,350,188,162
113900019,129,70,59
113900020,134,1,133
113900022,10,0,10
113900023,42,0,42
113900024,56,63,-7
113900025,180,12,168
113900026,37,1,36
113900027,1,34,-33
113900028,31,513,-482
113900029,64,194,-130
113900030,189,0,189
113900031,12,2,10
113900032,35,0,35
113900033,75,58,17
113900035,54,2,52
113900036,15,83,-68
113900037,125,470,-345
113900038,77,114,-37
113900039,111,17,94
113900040,6,6,0
113900041,3,2,1
113900042,80,31,49
113900043,128,102,26
113900044,480,331,149
113900045,51,7,44
113900046,266,463,-197
113900047,12,44,-32
113900048,246,75,171
113900049,546,333,213
113900050,196,286,-90
113900051,202,329,-127
113900052,164,117,47
113900053,585,389,196
113900054,13,1,12
113900055,71,308,-237
113900056,18,82,-64
113900057,28,101,-73
113900058,54,156,-102
113900059,182,315,-133
113900060,182,190,-8
113900061,923,188,735
113900062,117,12,105
113900063,35,59,-24
113900064,47,124,-77
113900065,431,18,413
113900066,261,340,-79
113900067,89,207,-118
113900068,362,389,-27
113900069,51,37,14
113900070,145,484,-339
113900071,23,32,-9
113900072,59,199,-140
113900073,207,359,-152
113900074,70,291,-221
113900075,1217,1074,143
113900076,130,10,120
113900077,86,156,-70
113900078,13,42,-29
113900079,0,28,-28
113900080,377,229,148
113900081,51,173,-122
113900082,113,200,-87
113900083,248,411,-163
113900084,227,124,103
113900085,41,248,-207
113900086,8,10,-2
113900087,64,160,-96
113900088,52,126,-74
113900089,363,43,320
113900090,501,334,167
113900091,6,15,-9
113900092,69,86,-17
113900093,83,522,-439
113900094,286,362,-76
113900095,116,125,-9
113900096,197,43,154
113900097,82,76,6
113900098,445,65,380
113900099,2,55,-53
113900100,0,8,-8
113900101,25,52,-27
113900102,121,137,-16
113900103,230,244,-14
113900104,102,161,-59
113900105,83,258,-175
113900106,0,59,-59
113900107,0,28,-28
113900108,232,220,12
113900109,312,186,126
113900110,51,18,33
113900111,180,94,86
113900112,168,105,63
113900113,937,432,505
113900114,2,89,-87
113900115,1,92,-91
113900116,107,131,-24
113900117,54,26,28
113900118,191,266,-75
113900119,190,400,-210
113900120,40,33,7
113900121,57,79,-22
113900122,259,1552,-1293
113900123,365,207,158
113900124,2,53,-51
113900125,906,105,801
113900126,195,75,120
113900127,257,538,-281
113900128,150,104,46
113900129,13,107,-94
113900130,0,17,-17
113900131,200,94,106
113900132,51,70,-19
113900133,30,72,-42
113900135,240,329,-89
113900136,80,67,13
113900137,330,287,43
113900138,40,128,-88
113900139,389,145,244
113900140,244,272,-28
113900141,426,337,89
113900142,116,58,58
113900143,10,25,-15
113900144,215,100,115
113900145,269,166,103
113900146,117,55,62
113900148,113,251,-138
113900149,149,82,67
113900150,583,467,116
113900151,293,178,115
113900152,28,47,-19
113900153,251,482,-231
113900154,2,121,-119
113900155,175,129,46
113900156,245,380,-135
113900157,29,251,-222
113900158,248,308,-60
113900159,22,209,-187
113900160,902,489,413
113900161,56,199,-143
113900162,419,520,-101
113900163,170,200,-30
113900164,277,49,228
113900165,749,342,407
113900166,196,113,83
113900167,241,51,190
113900168,131,109,22
113900169,177,332,-155
113900171,250,68,182
113900172,7,209,-202
113900173,47,539,-492
113900174,386,522,-136
113900175,271,139,132
113900176,322,516,-194
113900177,329,124,205
113900178,694,136,558
113900179,20,433,-413
113900180,106,79,27
113900181,420,113,307
113900182,616,905,-289
113900183,41,57,-16
113900184,25,504,-479
113900185,186,74,112
113900186,27,33,-6
113900187,34,113,-79
113900188,46,126,-80
113900189,225,98,127
113900190,229,118,111
113900191,82,210,-128
113900192,8,319,-311
113900193,29,162,-133
113900194,1270,1079,191
113900195,289,336,-47
113900196,6,113,-107
113900197,3,162,-159
113900198,24,177,-153
113900199,129,624,-495
113900200,12,228,-216
113900201,0,165,-165
113900202,58,223,-165
113900203,1,105,-104
113900204,50,412,-362
113900205,5,120,-115
113900206,11,190,-179
113900207,2,67,-65
113900208,0,67,-67
113900209,0,78,-78
113900210,454,557,-103
113900211,186,76,110
113900212,137,397,-260
113900214,322,297,25
113900215,98,100,-2
113900216,80,845,-765
113900217,48,288,-240
113900218,219,107,112
113900219,77,291,-214
113900220,85,131,-46
113900221,344,166,178
113900222,271,502,-231
113900223,94,960,-866
113900224,98,82,16
113900225,398,187,211
113900226,281,108,173
113900227,519,168,351
113900228,247,368,-121
113900229,76,654,-578
113900230,3706,2466,1240
113900231,153,149,4
113900232,94,83,11
113900233,45,59,-14
113900234,247,433,-186
113900235,64,30,34
113900236,109,322,-213
113900237,137,15,122
113900238,209,511,-302
113900239,83,56,27
113900240,4,136,-132
113900241,118,43,75
113900242,34,134,-100
113900243,109,350,-241
113900244,271,201,70
113900245,1077,224,853
113900246,20,40,-20
113900247,126,359,-233
113900248,2011,1338,673
113900249,918,357,561
113900250,35,139,-104
113900251,586,157,429
113900252,518,18,500
113900253,521,40,481
113900254,876,117,759
113900255,337,14,323
113900256,279,25,254
113900257,27,539,-512
113900258,11,335,-324
113900259,369,144,225
113900260,183,18,165
113900261,29,117,-88
113900262,155,522,-367
113900263,186,697,-511
113900264,6,457,-451
113900265,285,280,5
113900266,28,175,-147
113900267,103,438,-335
113900268,296,338,-42
113900269,92,116,-24
113900270,362,626,-264
113900271,529,1123,-594
113900273,125,7,118
113900274,74,25,49
113900275,26,36,-10
113900276,1,150,-149
113900277,98,4,94
113900278,332,159,173
113900279,155,98,57
113900280,1314,515,799
113900281,679,1153,-474
113900282,682,485,197
113900283,401,468,-67
113900284,765,163,602
113900285,148,51,97
113900286,22,110,-88
113900287,44,85,-41
113900288,1,106,-105
113900289,873,138,735
113900290,310,171,139
113900291,141,190,-49
113900292,12,3,9
113900293,17,217,-200
113900294,337,45,292
113900295,325,274,51
113900296,1857,469,1388
113900297,1918,42,1876
113900298,20,1453,-1433
113900299,61,203,-142
113900300,4096,3085,1011
113900301,547,136,411
113900302,2643,911,1732
113900303,454,436,18
113900304,0,130,-130
113900305,84,1,83
113900306,35,0,35
113900307,20,2,18
113900308,55,98,-43
113900309,1,842,-841
113900310,4,6,-2
113900311,10,1,9
113900312,207,230,-23
113900313,17,16,1
113900314,0,21,-21
113900315,25,1,24
114000001,867,2661,-1794
114000002,228,388,-160
114000003,273,792,-519
114000004,427,357,70
114000005,225,318,-93
114000006,2265,1817,448
114000007,544,1041,-497
114000008,1448,1427,21
114000009,510,255,255
114000011,2258,2584,-326
114000012,2338,1725,613
114000013,1607,1485,122
114000014,639,510,129
114000015,2147,394,1753
114000016,228,354,-126
114000017,78,264,-186
114000018,203,45,158
114000026,1411,1175,236
114000027,2365,1830,535
114000028,2297,2370,-73
114000038,281,213,68
114000039,217,266,-49
114000040,80,221,-141
114000042,135,157,-22
114000043,347,269,78
114000044,236,222,14
114000045,64,73,-9
114000046,4061,4120,-59
114000047,35,58,-23
114000048,95,123,-28
114000049,1332,1384,-52
114000050,1372,1888,-516
114000051,2593,1649,944
114000052,4593,1198,3395
114000053,163,378,-215
114000054,204,675,-471
114000055,704,28,676
114000056,1026,751,275
114000057,5654,1966,3688
114000058,558,1193,-635
114000059,251,308,-57
114000060,664,923,-259
114000061,3047,2253,794
114000062,2015,1070,945
114000063,2732,1474,1258
114000064,5364,3251,2113
114000065,1791,2195,-404
114000066,370,579,-209
114000067,10,548,-538
114000068,406,512,-106
114000069,657,426,231
114000070,1792,1589,203
114000071,553,406,147
114000072,433,239,194
114000073,22,88,-66
114000074,34,23,11
114000075,37,144,-107
114000076,15,107,-92
114000077,3,41,-38
114000078,440,512,-72
114000079,168,37,131
114000080,69,63,6
114000081,64,74,-10
114000082,67,446,-379
114000083,50,229,-179
114000084,223,56,167
114000085,92,579,-487
114000086,189,399,-210
114000087,103,146,-43
114000088,39,41,-2
114000089,956,376,580
114000090,641,859,-218
114000091,1189,889,300
114000092,739,574,165
114000093,975,923,52
114000094,544,408,136
114000095,241,132,109
114000096,139,263,-124
114000097,126,413,-287
114000098,393,133,260
114000099,444,746,-302
114000100,1078,772,306
114000101,464,806,-342
114000102,538,406,132
114000103,217,565,-348
114000104,74,235,-161
114000105,140,122,18
114000106,666,759,-93
114000107,324,139,185
114000108,2318,1234,1084
114000109,446,1179,-733
114000110,599,1668,-1069
114000111,1267,750,517
114000112,512,2499,-1987
114000113,1300,531,769
114000114,1305,1656,-351
114000115,1740,1002,738
114000116,743,1274,-531
114000117,1896,495,1401
114000118,1840,429,1411
114000119,1312,448,864
114000120,471,957,-486
114000121,442,740,-298
114000122,359,338,21
114000123,1413,420,993
114000124,584,331,253
114000125,1074,1430,-356
114000126,4507,245,4262
114000127,264,175,89
114000128,918,592,326
114000130,676,473,203
114000131,314,183,131
114000132,519,664,-145
114000133,727,1091,-364
114000134,60,128,-68
114000138,40,173,-133
114000139,457,262,195
114000144,662,446,216
114000145,67,175,-108
114000146,101,246,-145
114000147,960,1515,-555
114000148,2136,1834,302
114000149,372,283,89
114000150,1843,1286,557
114000151,1437,1420,17
114000152,141,32,109
114000153,1003,2090,-1087
114000154,839,1066,-227
114000155,2032,1891,141
114000156,900,544,356
114000157,333,944,-611
114000158,1603,780,823
114000159,232,513,-281
114000160,85,434,-349
114000161,1458,2453,-995
114000162,892,1915,-1023
114000163,13,98,-85
114000165,505,227,278
114000166,665,320,345
114000167,3091,1460,1631
114000168,805,671,134
114000169,1319,950,369
114000170,1292,840,452
114000171,849,2410,-1561
114000174,249,394,-145
114000176,581,431,150
114000177,1988,962,1026
114000178,67,44,23
114000179,1073,843,230
114000180,492,854,-362
114000181,1421,3008,-1587
114000182,3282,2091,1191
114000183,1028,1217,-189
114000184,3927,1303,2624
114000185,1111,833,278
114000189,657,102,555
114000190,2002,281,1721
114000191,38,65,-27
114000192,344,1012,-668
114000193,766,2539,-1773
114000194,1141,1135,6
114000195,144,43,101
114000196,1,286,-285
114000197,1036,57,979
114000198,1017,352,665
114000199,2047,1542,505
114000200,719,1680,-961
114000201,124,753,-629
114000202,1364,604,760
114000203,526,757,-231
114000204,226,428,-202
114000205,309,1449,-1140
114000206,499,1244,-745
114000207,879,1683,-804
114000208,390,2410,-2020
114000209,521,2334,-1813
114000210,310,1780,-1470
114000211,918,2223,-1305
114000212,574,703,-129
114000213,1241,547,694
114000214,65,205,-140
114000215,168,63,105
114000216,1564,650,914
114000217,306,305,1
114000218,138,348,-210
114000219,1165,272,893
114000220,27,969,-942
114000221,712,185,527
114000222,158,1122,-964
114000223,450,128,322
114000224,77,638,-561
114000225,234,632,-398
114000226,114,206,-92
114000227,695,620,75
114000228,688,849,-161
114000229,932,1177,-245
114000230,1610,1211,399
114000231,772,1176,-404
114000232,468,121,347
114000233,1607,113,1494
114000234,1152,1125,27
114000235,1147,1557,-410
114000236,3,436,-433
114000237,141,858,-717
114000238,332,141,191
114000239,198,1146,-948
114000240,698,704,-6
114000241,312,1131,-819
114000242,1042,1045,-3
114000243,1612,799,813
114000244,1626,394,1232
114000245,373,740,-367
114000246,235,58,177
114000247,1553,692,861
114000248,989,538,451
114000249,378,732,-354
114000250,378,778,-400
114000251,279,294,-15
114000252,128,83,45
114000253,82,93,-11
114000254,55,56,-1
114000255,497,147,350
114000256,1666,1548,118
114000257,974,1598,-624
114000258,321,437,-116
114000259,128,206,-78
114000260,0,32,-32
114000261,50,49,1
114000262,192,160,32
114000263,28,5,23
114000264,830,435,395
114000265,0,4,-4
114000267,3,2568,-2565
114000268,0,1572,-1572
114000270,70,2,68
114000271,714,68,646
114000283,1044,452,592
114000285,32,241,-209
114000288,79,276,-197
114000289,930,184,746
114000293,147,431,-284
114000294,166,288,-122
114000395,2081,76,2005
114000396,455,405,50
114000402,341,277,64
114000403,226,363,-137
114000405,55,501,-446
114000423,257,383,-126
114000424,260,134,126
114000425,508,420,88
114000426,311,938,-627
114000427,56,85,-29
114000428,245,156,89
114000429,12,184,-172
114000432,71,90,-19
114000434,34,70,-36
114000435,0,266,-266
114900001,544,930,-386
114900002,1116,143,973
114900003,524,1467,-943
114900004,364,312,52
114900005,380,827,-447
114900006,60,52,8
114900007,183,18,165
114900008,132,113,19
114900010,1828,1782,46
114900011,150,144,6
114900013,172,157,15
114900020,166,78,88
114900025,382,216,166
114900026,99,114,-15
114900029,122,35,87
114900030,303,223,80
114900031,351,52,299
114900032,254,35,219
114900034,39,166,-127
114900035,145,248,-103
114900036,234,592,-358
114900039,491,433,58
114900040,72,128,-56
114900041,564,465,99
114900042,562,617,-55
114900044,135,32,103
114900047,187,1469,-1282
114900048,97,311,-214
114900049,56,213,-157
114900050,51,422,-371
114900051,16,325,-309
114900052,151,169,-18
114900053,434,322,112
114900054,27,118,-91
114900057,194,15,179
114900058,1,113,-112
114900059,67,54,13
114900063,64,195,-131
114900064,1052,478,574
114900065,298,610,-312
114900067,123,429,-306
114900068,84,255,-171
114900069,250,94,156
114900070,420,429,-9
114900072,9,335,-326
114900073,2,257,-255
114900074,432,683,-251
114900075,145,8,137
114900076,6,432,-426
114900080,1726,450,1276
114900082,3564,1744,1820
114900083,1658,1109,549
114900090,276,228,48
114900091,133,171,-38
114900097,129,5,124
114900098,9,233,-224
114900099,240,21,219
115000001,6019,4227,1792
115000002,2935,3557,-622
115000003,4461,3551,910
115000004,3259,5567,-2308
115000005,1550,2232,-682
115000006,795,1587,-792
115000007,110,201,-91
115000008,569,588,-19
115000009,140,266,-126
115000010,319,159,160
115000013,100,264,-164
115000015,110,340,-230
115000016,62,183,-121
115000019,45,434,-389
115000020,122,565,-443
115000021,280,518,-238
115000022,461,347,114
115000023,370,444,-74
115000024,1008,488,520
115000025,640,568,72
115000026,149,450,-301
115000027,219,221,-2
115000028,188,786,-598
115000029,484,115,369
115000030,654,1072,-418
115000031,1100,204,896
115000032,5,345,-340
115000033,360,48,312
115000034,104,1031,-927
115000035,1022,60,962
115000036,1,443,-442
115000037,557,23,534
115000038,71,179,-108
115000039,3386,2852,534
115000040,6496,3084,3412
115000041,1791,2770,-979
115000042,1388,612,776
115000043,3146,1803,1343
115000044,3690,3807,-117
115000045,2543,2112,431
115000046,1751,2248,-497
115000047,1705,1441,264
115000048,1384,2671,-1287
115000049,1680,3592,-1912
115000050,2634,2021,613
115000051,1605,2415,-810
115000052,2703,1966,737
115000053,1461,1437,24
115000054,721,1319,-598
115000055,183,688,-505
115000056,291,548,-257
115000057,753,888,-135
115000058,639,255,384
115000059,289,198,91
115000061,248,139,109
115000062,249,265,-16
115000063,222,336,-114
115000064,231,112,119
115000065,51,429,-378
115000067,218,31,187
115000069,69,333,-264
115000070,42,783,-741
115000071,141,18,123
115000072,10,82,-72
115000073,1087,46,1041
115000075,123,86,37
115000076,3588,2704,884
115000077,2140,2291,-151
115000078,1115,1544,-429
115000079,2021,1861,160
115000080,3164,2296,868
115000081,485,1072,-587
115000082,3286,3199,87
115000083,1804,2526,-722
115000084,1645,1169,476
115000085,708,961,-253
115000086,821,794,27
115000087,416,1515,-1099
115000088,1521,684,837
115000089,1429,1267,162
115000090,482,905,-423
115000091,262,1122,-860
115000092,506,334,172
115000093,422,5,417
115000094,6657,5061,1596
115000095,4732,5335,-603
115000096,606,1727,-1121
115000097,725,989,-264
115000098,839,901,-62
115000099,2339,3020,-681
115000100,824,411,413
115000101,408,1618,-1210
115000102,376,264,112
115000103,319,719,-400
115000105,63,244,-181
115000106,554,306,248
115000107,166,510,-344
115000108,3169,2565,604
115000109,4074,3523,551
115000110,1274,1121,153
115000111,661,1869,-1208
115000112,529,641,-112
115000113,598,831,-233
115000114,1993,745,1248
115000116,3961,1977,1984
115000117,4046,3214,832
115000118,2104,1623,481
115000119,2240,2347,-107
115000120,648,1142,-494
115000121,1469,851,618
115000122,3664,1508,2156
115000123,1409,1994,-585
115000124,1077,882,195
115000125,450,621,-171
115000126,135,272,-137
115000127,481,92,389
115000128,515,785,-270
115000129,286,321,-35
115000130,416,955,-539
115000131,636,305,331
115000132,622,413,209
115000133,1092,362,730
115000134,808,258,550
115000135,348,185,163
115000136,380,270,110
115000137,152,156,-4
115000138,253,292,-39
115000139,220,258,-38
115000140,264,281,-17
115000141,192,338,-146
115000142,232,231,1
115000143,518,640,-122
115000144,464,93,371
115000145,323,327,-4
115000146,620,318,302
115000147,555,511,44
115000148,257,982,-725
115000149,438,221,217
115000150,624,939,-315
115000151,874,830,44
115000152,647,1092,-445
115000153,845,945,-100
115000154,644,396,248
115000155,553,867,-314
115000156,911,746,165
115000157,668,807,-139
115000158,711,378,333
115000159,783,486,297
115000160,607,348,259
115000161,179,436,-257
115000162,656,637,19
115000163,581,643,-62
115000164,707,596,111
115000165,387,468,-81
115000167,191,72,119
115000168,628,365,263
115000169,556,333,223
115000170,158,126,32
115000171,353,239,114
115000172,1134,592,542
115000173,329,437,-108
115000174,98,288,-190
115000175,194,117,77
115000176,132,84,48
115000177,103,80,23
115000178,20,270,-250
115000179,31,23,8
115000180,97,656,-559
115000181,550,115,435
115000182,751,302,449
115000183,308,908,-600
115000186,668,268,400
115000187,189,799,-610
115000188,446,436,10
115000189,211,450,-239
115000190,621,319,302
115000191,195,434,-239
115000194,130,201,-71
115000195,276,315,-39
115000196,161,96,65
115000197,166,326,-160
115000198,250,201,49
115000199,256,191,65
115000200,333,109,224
115000201,178,353,-175
115000206,402,59,343
115000207,97,304,-207
115000208,367,555,-188
115000209,855,308,547
115000210,108,177,-69
115000211,222,195,27
115000212,1147,228,919
115000224,492,75,417
115000225,40,78,-38
115000229,169,180,-11
115000230,95,338,-243
115000231,454,1819,-1365
115000232,1343,292,1051
115000233,168,174,-6
115000234,34,319,-285
115000241,82,287,-205
115000242,79,368,-289
115000243,63,273,-210
115000244,16,144,-128
115000246,55,29,26
115000247,80,15,65
115000248,28,27,1
115000249,32,43,-11
115000250,318,41,277
115000251,206,136,70
115000252,90,240,-150
115000253,13,404,-391
115000258,291,220,71
115000259,294,139,155
115000261,13,42,-29
115000262,8,29,-21
115000263,14,52,-38
115000264,37,38,-1
115000267,72,62,10
115000268,29,122,-93
115000269,162,58,104
115000270,3,24,-21
115000272,44,138,-94
115000273,271,75,196
115000280,1360,126,1234
115000281,262,681,-419
115000282,721,600,121
115000284,378,138,240
115000296,1311,23,1288
115000297,153,98,55
115000298,73,381,-308
115000300,183,199,-16
115000302,576,141,435
115000303,679,97,582
115000304,531,58,473
115000305,89,628,-539
115000306,179,326,-147
115000307,116,177,-61
115000308,28,23,5
115000310,842,1023,-181
115000311,637,1115,-478
115000313,140,607,-467
115000314,309,158,151
115000315,910,522,388
115000316,44,82,-38
115000317,161,412,-251
115000318,725,307,418
115000319,62,348,-286
115000320,9,291,-282
115000321,420,12,408
115000322,43,242,-199
115000449,202,162,40
115000557,2,936,-934
115000558,496,67,429
115000587,477,572,-95
115000588,2555,2840,-285
115000589,3345,2367,978
115000590,1035,1220,-185
115000591,1739,695,1044
115000592,544,1534,-990
115000593,1217,531,686
115000594,915,2144,-1229
115000609,192,286,-94
115000617,1690,2760,-1070
115000624,190,96,94
115000633,329,2053,-1724
115000634,2287,740,1547
115000635,655,171,484
115000638,831,819,12
115000641,41,131,-90
115000642,302,402,-100
115000643,145,576,-431
115000644,169,486,-317
115000646,669,1307,-638
115000647,142,381,-239
115000648,1567,2050,-483
115000893,3219,1346,1873
115000894,147,1298,-1151
115000895,637,1064,-427
115000896,1623,391,1232
115000897,425,131,294
115000898,527,246,281
115000899,541,1078,-537
115000900,201,454,-253
115000901,148,155,-7
115000912,308,151,157
115000913,3,15,-12
115000915,28,0,28
115000916,2,0,2
115000917,0,8,-8
115000918,53,260,-207
115000919,14,7,7
115000920,61,46,15
115000921,653,115,538
115000922,1449,690,759
115000923,614,1095,-481
115000925,96,66,30
115000927,89,78,11
115000933,342,258,84
115000934,209,210,-1
115000935,99,95,4
115000936,33,543,-510
115000937,946,179,767
115000938,254,183,71
115000939,335,179,156
115000940,48,19,29
115000941,23,22,1
115000942,119,91,28
115000943,82,30,52
115000944,3,6,-3
115900001,76,38,38
115900002,72,79,-7
115900003,166,134,32
115900004,2,58,-56
115900005,151,5,146
115900006,92,215,-123
115900008,47,13,34
115900009,47,206,-159
115900010,210,159,51
115900011,430,333,97
115900012,121,78,43
115900013,306,148,158
115900014,122,191,-69
115900015,132,78,54
115900016,127,28,99
115900017,10,5,5
115900018,222,100,122
115900019,83,10,73
115900020,45,0,45
115900021,1379,126,1253
115900022,1548,12,1536
115900023,47,6,41
115900025,53,151,-98
115900026,702,231,471
115900027,1,265,-264
115900028,649,69,580
115900029,19,440,-421
115900030,26,20,6
115900031,389,252,137
115900032,393,621,-228
115900033,1,36,-35
115900034,22,404,-382
115900035,44,25,19
115900036,135,546,-411
115900037,46,367,-321
115900038,41,23,18
115900039,161,185,-24
115900041,654,536,118
115900042,27,10,17
115900043,83,75,8
115900044,231,205,26
115900046,192,273,-81
115900047,148,134,14
115900049,126,165,-39
115900051,1,65,-64
115900052,7,234,-227
115900053,186,208,-22
115900054,177,48,129
115900055,27,156,-129
115900056,183,270,-87
115900057,50,20,30
115900058,45,60,-15
115900060,67,102,-35
115900061,185,1,184
115900062,26,333,-307
115900063,93,12,81
115900064,119,232,-113
115900065,123,97,26
115900066,227,135,92
115900067,5,788,-783
115900068,3227,922,2305
115900069,97,152,-55
115900070,183,181,2
115900071,0,384,-384
115900072,54,164,-110
115900073,82,80,2
115900074,3,326,-323
115900075,66,245,-179
115900076,10,85,-75
115900077,5,303,-298
115900078,131,98,33
115900079,141,7,134
115900080,621,348,273
115900081,18,59,-41
115900082,137,185,-48
115900084,255,27,228
115900085,60,102,-42
115900086,1375,563,812
115900088,5,77,-72
115900089,296,763,-467
115900090,259,21,238
115900091,13,34,-21
115900092,19,186,-167
115900093,6,24,-18
115900094,3,278,-275
115900096,2,18,-16
115900097,12,374,-362
115900098,141,335,-194
115900099,179,83,96
115900100,15,504,-489
115900101,119,281,-162
115900102,150,116,34
115900103,242,186,56
115900104,48,123,-75
115900105,147,518,-371
115900106,50,42,8
115900107,111,135,-24
115900108,102,77,25
115900109,62,363,-301
115900110,5,57,-52
115900111,2,102,-100
115900112,34,795,-761
115900113,45,40,5
115900114,1,167,-166
115900115,60,232,-172
115900116,115,701,-586
115900117,60,21,39
115900118,2,283,-281
115900119,94,134,-40
115900120,35,359,-324
115900121,135,259,-124
115900124,280,665,-385
115900125,251,38,213
115900126,542,95,447
115900127,453,65,388
115900128,17,121,-104
115900129,524,56,468
115900130,21,263,-242
115900131,523,35,488
115900132,430,13,417
115900134,284,11,273
115900135,434,765,-331
115900137,30,2,28
115900139,28,38,-10
115900140,236,38,198
115900141,3,22,-19
115900142,9,10,-1
115900143,230,257,-27
115900144,76,192,-116
115900146,21,125,-104
115900147,271,238,33
115900148,48,5,43
115900149,68,18,50
115900150,73,51,22
115900151,9,101,-92
115900152,105,274,-169
115900153,118,251,-133
115900154,382,380,2
115900155,0,66,-66
115900156,493,785,-292
115900157,152,494,-342
115900158,31,17,14
115900159,78,305,-227
115900160,12,7,5
115900161,43,210,-167
115900163,141,106,35
115900164,481,86,395
115900166,182,115,67
115900168,103,199,-96
115900171,62,358,-296
115900172,57,144,-87
115900173,215,120,95
115900174,192,268,-76
115900175,97,219,-122
115900178,18,688,-670
115900179,187,16,171
115900180,57,216,-159
115900181,150,213,-63
115900182,298,243,55
115900183,58,11,47
115900184,1636,17,1619
115900187,6,95,-89
115900189,0,173,-173
115900190,211,918,-707
115900191,74,354,-280
115900192,4,154,-150
115900193,301,116,185
115900194,475,62,413
115900195,569,1572,-1003
115900198,182,332,-150
115900199,172,232,-60
115900200,273,284,-11
115900201,491,430,61
115900202,5,26,-21
115900203,6,9,-3
115900204,0,17,-17
115900205,154,24,130
115900206,146,193,-47
115900207,31,28,3
115900208,129,218,-89
115900209,1,177,-176
115900210,13,103,-90
115900211,2,191,-189
115900212,118,297,-179
115900213,142,68,74
115900214,367,284,83
115900215,27,115,-88
115900216,6,107,-101
115900217,4,37,-33
115900218,3,39,-36
115900219,78,13,65
115900220,108,19,89
115900221,48,24,24
115900222,29,19,10
115900223,8,248,-240
115900224,1218,905,313
115900225,66,35,31
115900226,17,27,-10
115900227,2,26,-24
115900228,15,39,-24
115900229,5,52,-47
115900230,67,121,-54
115900231,119,3,116
115900232,62,2,60
115900233,60,7,53
115900234,57,21,36
115900235,23,39,-16
115900236,145,42,103
115900237,49,29,20
115900238,61,15,46
115900239,23,36,-13
115900240,10,54,-44
115900241,198,194,4
115900242,234,321,-87
115900243,3,13,-10
115900244,19,4,15
115900245,41,6,35
115900246,43,10,33
115900247,56,12,44
115900248,10,7,3
115900249,3,23,-20
115900250,5,23,-18
115900251,0,19,-19
115900252,8,9,-1
115900253,24,27,-3
115900254,10,31,-21
115900255,2,29,-27
115900256,19,76,-57
115900257,23,7,16
115900258,1,0,1
115900259,6,2,4
115900260,7,5,2
115900261,4,0,4
115900262,4,0,4
115900263,8,2,6
115900264,7,6,1
115900265,0,2,-2
115900266,1,12,-11
115900267,9,10,-1
115900268,6,8,-2
115900269,359,470,-111
115900270,258,381,-123
115900271,65,0,65
115900272,17,2,15
115900273,5,8,-3
115900274,3,11,-8
115900275,1,25,-24
115900276,0,26,-26
115900277,0,67,-67
115900278,45,132,-87
115900279,36,216,-180
115900280,18,264,-246
115900281,569,271,298
115900282,20,9,11
115900283,7,31,-24
115900284,4,5,-1
116000001,10646,4971,5675
116000002,3880,7506,-3626
116000003,1477,1691,-214
116000004,1921,2792,-871
116000005,3292,3037,255
116000006,2695,1960,735
116000007,2790,3657,-867
116000008,3045,1638,1407
116000009,1641,2926,-1285
116000010,2385,1280,1105
116000011,976,2111,-1135
116000012,1222,1065,157
116000013,9645,4096,5549
116000014,12877,9225,3652
116000015,294,1073,-779
116000016,5648,2757,2891
116000017,22,599,-577
116000018,644,260,384
116000019,563,304,259
116000020,477,715,-238
116000021,332,355,-23
116000022,361,304,57
116000023,959,594,365
116000024,645,748,-103
116000025,592,521,71
116000026,1667,2144,-477
116000027,660,489,171
116000028,469,672,-203
116000029,741,791,-50
116000030,780,445,335
116000031,195,331,-136
116000032,399,233,166
116000033,274,442,-168
116000034,621,951,-330
116000035,404,787,-383
116000036,1749,871,878
116000037,704,451,253
116000038,461,410,51
116000039,501,299,202
116000040,1180,248,932
116000041,172,440,-268
116000042,546,176,370
116000043,54,584,-530
116000044,19,116,-97
116000045,1635,1212,423
116000046,1128,1417,-289
116000047,1805,2300,-495
116000048,1861,1628,233
116000049,1021,2375,-1354
116000050,1268,1326,-58
116000051,5751,1971,3780
116000052,5452,4365,1087
116000053,1810,987,823
116000054,758,2406,-1648
116000055,531,1113,-582
116000056,852,1050,-198
116000057,3028,2008,1020
116000058,3043,2405,638
116000059,3565,4497,-932
116000060,2493,950,1543
116000061,611,1051,-440
116000062,801,372,429
116000063,650,1110,-460
116000066,227,481,-254
116000067,359,538,-179
116000068,191,256,-65
116000069,217,366,-149
116000078,454,1136,-682
116000080,1746,1197,549
116000082,10,71,-61
116000083,1482,478,1004
116000084,2092,4030,-1938
116000085,1972,1592,380
116000086,2183,1614,569
116000087,1653,1459,194
116000088,627,1002,-375
116000089,196,110,86
116000090,127,178,-51
116000091,483,330,153
116000093,479,312,167
116000094,482,745,-263
116000095,697,409,288
116000096,633,1537,-904
116000097,1557,685,872
116000098,186,6855,-6669
116000099,5804,280,5524
116000100,230,19,211
116000101,1137,923,214
116000102,248,1232,-984
116000103,534,288,246
116000104,249,1300,-1051
116000105,966,177,789
116000106,1268,1062,206
116000107,3266,416,2850
116000108,1902,245,1657
116000111,154,38,116
116000113,102,110,-8
116000114,40,152,-112
116000115,221,122,99
116000116,305,487,-182
116000117,1160,1611,-451
116000118,1077,1267,-190
116000119,2450,1978,472
116000120,2638,4187,-1549
116000121,782,494,288
116000122,1333,1860,-527
116000123,747,470,277
116000124,359,931,-572
116000125,1593,489,1104
116000126,349,1706,-1357
116000127,1088,1307,-219
116000128,1353,778,575
116000129,543,165,378
116000130,378,304,74
116000133,759,1015,-256
116000134,1736,2239,-503
116000135,1801,1603,198
116000136,1041,2159,-1118
116000137,910,626,284
116000138,693,421,272
116000139,1548,1842,-294
116000140,129,178,-49
116000141,288,605,-317
116000142,3252,3118,134
116000143,1702,1628,74
116000144,1311,2245,-934
116000145,1366,1211,155
116000146,402,239,163
116000147,287,114,173
116000148,304,357,-53
116000149,473,549,-76
116000151,667,596,71
116000153,101,445,-344
116000155,227,285,-58
116000156,276,1014,-738
116000157,83,21,62
116000158,315,414,-99
116000159,17,14,3
116000160,22,59,-37
116000161,10,113,-103
116000162,109,73,36
116000163,15,5,10
116000164,8,29,-21
116000177,1858,98,1760
116000194,110,414,-304
116000195,1509,753,756
116000196,9,9,0
116000197,5,14,-9
116000198,2494,1000,1494
116000200,629,368,261
116000201,674,694,-20
116000202,15,275,-260
116000203,3,109,-106
116000204,13,63,-50
116000205,0,166,-166
116000206,1,151,-150
116000207,3,57,-54
116000233,198,470,-272
116000287,182,497,-315
116000288,213,234,-21
116000292,38,90,-52
116000296,32,216,-184
116000297,134,29,105
116000304,176,47,129
116000305,38,73,-35
116000346,129,88,41
116000352,74,46,28
116000354,40,11,29
116000357,25,42,-17
116000358,267,39,228
116000361,473,3,470
116000372,6631,3182,3449
116000381,101,0,101
116000388,2,58,-56
116000389,776,523,253
116000445,266,624,-358
116000446,446,717,-271
116000447,25,465,-440
116000448,589,222,367
116000563,1211,857,354
116000565,35,441,-406
116000568,44,120,-76
116000579,46,135,-89
116000584,8,15,-7
116000585,24,27,-3
116000586,100,113,-13
116000587,498,488,10
116000589,52,78,-26
116000590,51,88,-37
116000591,208,243,-35
116000592,24,102,-78
116000593,0,27,-27
116000594,347,431,-84
116000595,560,172,388
116000596,96,7,89
116000597,323,94,229
116000598,13,174,-161
116000605,282,136,146
116000606,84,289,-205
116000607,4,32,-28
116000609,239,872,-633
116000611,98,589,-491
116000612,649,1693,-1044
116000613,437,315,122
116000614,405,649,-244
116000615,3,224,-221
116000616,51,83,-32
116000617,69,54,15
116000618,4,118,-114
116000619,75,73,2
116000620,96,560,-464
116000621,44,111,-67
116000622,63,209,-146
116000624,392,115,277
116000627,55,92,-37
116000628,75,412,-337
116000629,20,276,-256
116000630,260,30,230
116000631,118,69,49
116000632,596,117,479
116000633,124,294,-170
116000634,478,157,321
116000635,2905,1756,1149
116000636,1205,998,207
116000637,401,92,309
116000638,111,415,-304
116000639,63,2,61
116000640,15,8,7
116000641,31,168,-137
116000643,3,141,-138
116000644,19,576,-557
116000645,120,12,108
116900001,145,152,-7
116900002,190,4,186
116900003,13,58,-45
116900004,75,91,-16
116900005,233,66,167
116900006,162,138,24
116900007,77,152,-75
116900008,304,359,-55
116900009,22,14,8
116900010,0,1444,-1444
116900011,12,29,-17
116900012,220,167,53
116900013,6,133,-127
116900014,104,340,-236
116900015,319,48,271
116900016,201,1,200
116900017,3,567,-564
116900019,7,285,-278
116900020,1063,781,282
116900023,98,11,87
116900024,529,136,393
116900025,929,882,47
116900026,123,574,-451
116900027,33,44,-11
116900028,7,79,-72
116900029,1,51,-50
116900031,1,1,0
116900032,8,416,-408
116900033,24,61,-37
116900034,13,62,-49
116900035,151,189,-38
116900036,0,64,-64
116900038,118,0,118
116900041,14,13,1
116900042,695,256,439
116900043,19,39,-20
116900047,29,141,-112
116900049,43,295,-252
116900050,115,460,-345
116900051,66,169,-103
116900052,238,68,170
116900055,0,4,-4
116900057,21,225,-204
116900058,26,333,-307
116900059,2,153,-151
116900060,136,202,-66
116900062,2,5,-3
116900064,87,762,-675
116900065,23,118,-95
116900067,118,73,45
116900068,159,234,-75
116900070,1,1,0
116900072,16,369,-353
116900073,15,126,-111
116900074,2,46,-44
116900076,9,30,-21
116900077,9,111,-102
116900078,243,111,132
116900079,36,234,-198
116900080,18,28,-10
116900081,340,1148,-808
116900082,377,765,-388
116900083,84,49,35
116900084,128,66,62
116900085,44,144,-100
116900086,63,183,-120
116900088,289,75,214
116900090,195,52,143
116900091,225,25,200
116900092,85,678,-593
116900093,1424,1690,-266
116900094,3871,2721,1150
116900095,205,93,112
116900096,101,283,-182
116900097,3342,2307,1035
116900098,808,284,524
116900099,707,540,167
116900100,811,23,788
116900101,305,482,-177
116900103,4,0,4
116900104,96,108,-12
116900105,221,117,104
116900106,1456,156,1300
116900107,3595,1998,1597
116900110,8,2,6
116900111,320,471,-151
116900112,174,879,-705
116900113,1228,948,280
116900116,115,359,-244
116900117,207,94,113
116900118,738,557,181
116900120,215,52,163
116900121,138,20,118
116900122,627,770,-143
116900123,130,754,-624
116900124,172,941,-769
116900125,240,184,56
116900126,154,525,-371
116900128,1,23,-22
116900129,0,295,-295
116900130,531,2436,-1905
116900131,73,250,-177
116900132,42,110,-68
116900133,89,151,-62
116900134,199,289,-90
116900136,271,163,108
116900137,279,155,124
116900138,209,154,55
116900139,112,342,-230
116900140,188,177,11
116900141,802,449,353
116900142,3,65,-62
116900143,203,413,-210
116900144,33,92,-59
116900145,68,210,-142
116900147,488,345,143
116900148,10,50,-40
116900149,40,263,-223
116900150,21,18,3
116900151,42,16,26
116900153,118,66,52
116900154,482,493,-11
116900155,75,73,2
116900157,408,340,68
116900158,1287,264,1023
116900159,61,231,-170
116900160,880,363,517
116900161,5639,4361,1278
116900163,147,158,-11
116900164,316,43,273
116900165,196,116,80
116900166,16,115,-99
116900167,327,79,248
116900168,310,86,224
116900169,614,294,320
116900170,205,371,-166
116900171,26,113,-87
116900172,237,302,-65
116900173,120,55,65
116900174,83,62,21
116900175,168,141,27
116900178,24,148,-124
116900179,99,242,-143
116900180,116,24,92
116900182,311,200,111
116900183,146,89,57
116900185,31,45,-14
116900186,27,147,-120
116900187,77,41,36
116900188,121,28,93
116900189,92,2,90
116900191,324,620,-296
116900192,178,116,62
116900194,243,1102,-859
116900195,52,21,31
116900196,79,228,-149
116900197,74,15,59
116900198,179,173,6
116900200,53,46,7
116900201,51,10,41
116900202,174,124,50
116900203,99,7,92
116900204,52,67,-15
116900206,18,41,-23
116900207,41,45,-4
116900208,13,111,-98
116900209,77,89,-12
116900210,359,248,111
116900211,136,4,132
116900212,68,99,-31
116900213,199,165,34
116900214,148,182,-34
116900215,21,72,-51
116900216,324,214,110
116900218,12,221,-209
116900219,1330,428,902
116900220,63,190,-127
116900221,58,299,-241
116900222,331,349,-18
116900223,85,276,-191
116900226,59,80,-21
116900227,127,83,44
116900228,323,190,133
116900230,81,646,-565
116900231,32,617,-585
116900232,738,146,592
116900233,480,461,19
116900234,9,6,3
116900235,442,385,57
116900238,1679,378,1301
116900239,14,1189,-1175
116900240,5395,3882,1513
116900241,93,136,-43
116900242,900,399,501
116900243,1,33,-32
116900245,31,16,15
116900246,126,33,93
116900247,717,22,695
116900248,80,31,49
116900249,235,169,66
116900250,278,41,237
116900251,584,494,90
116900252,254,1220,-966
116900254,529,365,164
116900255,81,48,33
116900256,291,92,199
116900257,50,490,-440
116900258,2,247,-245
116900259,328,8,320
116900260,0,145,-145
116900261,43,6,37
116900262,171,206,-35
116900263,0,19,-19
116900264,101,50,51
116900265,37,1,36
116900266,20,38,-18
116900267,4,0,4
116900268,147,104,43
116900269,292,563,-271
116900271,920,125,795
116900272,437,328,109
116900273,191,65,126
116900274,78,91,-13
116900275,166,190,-24
116900276,374,101,273
116900277,527,23,504
116900278,9,18,-9
116900279,2,34,-32
116900280,14,51,-37
116900281,5901,3431,2470
116900282,2,89,-87
116900283,23,108,-85
116900284,16,187,-171
116900285,280,164,116
116900286,213,26,187
116900287,3,31,-28
116900288,72,157,-85
116900289,25,20,5
116900290,5,32,-27
116900291,17,12,5
116900292,0,13,-13
116900293,25,97,-72
116900294,24,127,-103
116900295,230,37,193
116900296,201,55,146
116900297,10,85,-75
116900298,82,34,48
116900299,145,45,100
116900300,9,64,-55
116900301,80,97,-17
116900302,68,54,14
116900303,318,58,260
116900304,0,140,-140
116900305,16,64,-48
116900306,143,155,-12
116900307,97,2,95
116900308,0,151,-151
116900309,103,102,1
116900310,13,64,-51
117000001,1756,1466,290
117000002,2080,4633,-2553
117000003,6113,2952,3161
117000004,3994,5195,-1201
117000005,2158,1815,343
117000006,1382,3972,-2590
117000007,3142,1248,1894
117000008,1185,3958,-2773
117000009,4253,1851,2402
117000010,2834,4290,-1456
117000011,2048,1643,405
117000012,1283,1446,-163
117000013,1760,920,840
117000014,1478,2380,-902
117000015,2733,1305,1428
117000016,397,80,317
117000017,405,123,282
117000018,324,439,-115
117000019,186,21,165
117000020,380,981,-601
117000021,1912,571,1341
117000022,488,70,418
117000023,479,244,235
117000024,416,116,300
117000025,764,594,170
117000026,3117,832,2285
117000027,2148,2634,-486
117000028,3672,1144,2528
117000030,605,490,115
117000031,360,310,50
117000032,1949,1185,764
117000033,1427,726,701
117000034,523,317,206
117000035,370,344,26
117000036,403,324,79
117000037,365,269,96
117000038,255,588,-333
117000039,482,257,225
117000040,168,1027,-859
117000041,656,161,495
117000044,22,923,-901
117000045,422,73,349
117000046,511,902,-391
117000047,837,542,295
117000048,1842,1214,628
117000049,107,560,-453
117000050,155,2074,-1919
117000051,2040,174,1866
117000052,44,397,-353
117000053,510,46,464
117000054,1500,12,1488
117000055,159,3158,-2999
117000056,557,31,526
117000057,645,2194,-1549
117000060,460,1517,-1057
117000061,1403,812,591
117000062,278,696,-418
117000063,1525,801,724
117000064,801,975,-174
117000066,967,914,53
117000067,173,441,-268
117000074,178,226,-48
117000076,92,37,55
117000077,143,188,-45
117000078,143,647,-504
117000079,343,205,138
117000080,1,355,-354
117000081,1103,124,979
117000082,23,90,-67
117000083,538,366,172
117000084,297,0,297
117000085,278,711,-433
117000086,724,481,243
117000087,144,541,-397
117000088,288,208,80
117000089,1389,300,1089
117000090,286,1193,-907
117000091,763,319,444
117000092,364,1480,-1116
117000093,1002,820,182
117000094,1212,3225,-2013
117000095,3080,945,2135
117000096,616,2666,-2050
117000097,1094,1322,-228
117000098,2903,5337,-2434
117000099,2816,1336,1480
117000100,129,309,-180
117000101,214,1292,-1078
117000102,1144,731,413
117000103,661,2075,-1414
117000104,1102,727,375
117000105,884,1875,-991
117000106,950,917,33
117000107,676,2039,-1363
117000108,1236,928,308
117000109,1646,2453,-807
117000110,1093,809,284
117000111,3227,4357,-1130
117000112,2818,1879,939
117000113,265,301,-36
117000114,209,149,60
117000115,115,135,-20
117000116,112,248,-136
117000117,1386,871,515
117000118,448,185,263
117000119,1583,170,1413
117000120,302,349,-47
117000121,170,971,-801
117000122,326,869,-543
117000123,1653,28,1625
117000124,796,54,742
117000125,380,63,317
117000126,81,20,61
117000127,170,231,-61
117000128,574,590,-16
117000129,491,476,15
117000130,199,21,178
117000131,0,113,-113
117000132,3564,36,3528
117000133,1045,64,981
117000134,0,42,-42
117000135,4,29,-25
117000136,0,23,-23
117000137,74,95,-21
117000138,1,524,-523
117000140,569,1812,-1243
117000141,1385,568,817
117000181,602,569,33
117000182,347,393,-46
117000195,179,1057,-878
117000196,239,87,152
117000225,197,18,179
117000226,16,147,-131
117000276,230,13,217
117000277,0,409,-409
117000310,1496,2397,-901
117000315,31,1021,-990
117000320,132,0,132
117000906,269,12,257
117000907,5,332,-327
117000909,62,23,39
117000910,182,147,35
117000911,98,184,-86
117000915,11,546,-535
117000916,27,4,23
117000917,738,38,700
117000918,91,132,-41
117000919,8,120,-112
117000920,3,1316,-1313
117000921,0,1416,-1416
117000922,57,138,-81
117000924,478,833,-355
117000926,802,95,707
117000927,1636,598,1038
117000928,0,144,-144
117000929,242,494,-252
117000930,191,30,161
117000931,480,121,359
117900002,95,370,-275
117900003,739,349,390
117900005,5,27,-22
117900006,0,25,-25
117900007,144,104,40
117900008,0,37,-37
117900010,569,102,467
117900011,46,44,2
117900012,65,92,-27
117900013,0,202,-202
117900014,711,156,555
117900015,24,116,-92
117900016,1018,556,462
117900017,504,421,83
117900018,227,75,152
117900019,383,300,83
117900020,74,439,-365
117900021,38,73,-35
117900023,574,380,194
117900024,65,74,-9
117900025,38,22,16
117900026,413,272,141
117900028,136,9,127
117900029,199,783,-584
117900031,380,74,306
117900032,1050,550,500
117900033,215,675,-460
117900034,60,45,15
117900035,374,134,240
117900036,210,395,-185
117900037,118,147,-29
117900038,32,343,-311
117900039,10,64,-54
117900040,107,460,-353
117900041,8,52,-44
117900042,3382,324,3058
117900043,79,75,4
117900044,7,4223,-4216
117900045,125,102,23
117900048,261,370,-109
117900049,283,524,-241
117900050,9,53,-44
117900051,37,1,36
117900052,57,348,-291
117900053,1403,785,618
117900054,6,40,-34
117900055,152,420,-268
117900056,270,45,225
117900057,1258,1352,-94
117900058,84,38,46
117900059,355,112,243
117900060,2258,5452,-3194
117900061,36,245,-209
117900063,304,184,120
117900065,1085,1236,-151
117900066,4,63,-59
117900067,334,166,168
117900069,663,319,344
117900070,287,16,271
117900071,114,141,-27
117900073,344,325,19
117900074,190,28,162
117900075,82,80,2
117900076,18,69,-51
117900077,286,213,73
117900078,318,723,-405
117900080,113,56,57
117900081,489,397,92
117900082,366,402,-36
117900083,298,428,-130
117900086,100,39,61
117900087,107,71,36
117900088,3381,1995,1386
117900089,1627,618,1009
117900090,437,537,-100
117900091,108,238,-130
117900092,76,42,34
117900093,80,90,-10
117900094,42,28,14
117900095,356,474,-118
117900096,86,188,-102
117900097,179,116,63
117900098,46,14,32
117900099,283,222,61
117900100,157,3,154
117900101,451,1697,-1246
117900102,65,76,-11
117900103,102,3,99
117900104,34,99,-65
117900105,148,202,-54
117900106,128,78,50
117900107,49,2,47
117900109,450,336,114
117900110,111,0,111
117900111,389,12,377
117900112,45,29,16
117900113,3292,1675,1617
117900114,30,2,28
117900115,279,43,236
117900116,915,901,14
117900117,372,407,-35
117900118,41,1,40
117900119,133,280,-147
117900120,159,85,74
117900121,54,7,47
117900122,1067,3012,-1945
117900123,720,408,312
117900124,1007,662,345
117900125,1697,1789,-92
117900126,257,540,-283
117900127,435,428,7
117900128,402,628,-226
117900129,86,3,83
117900130,1294,410,884
117900131,2,112,-110
117900132,20,124,-104
117900133,13,148,-135
117900134,57,215,-158
117900135,17,229,-212
117900136,0,47,-47
117900137,22,316,-294
117900138,0,45,-45
117900139,157,149,8
117900140,3569,453,3116
117900141,119,175,-56
117900142,473,20,453
117900144,109,128,-19
117900145,71,34,37
117900146,223,97,126
117900147,50,53,-3
117900148,2398,1249,1149
117900149,90,221,-131
117900150,61,38,23
117900151,52,104,-52
117900152,132,48,84
117900153,30,86,-56
117900154,353,642,-289
117900156,955,815,140
117900157,135,544,-409
117900158,188,179,9
117900160,560,569,-9
117900161,2604,2064,540
117900162,530,495,35
117900163,252,79,173
117900165,2,27,-25
117900166,106,444,-338
117900168,34,270,-236
117900169,2,102,-100
117900170,0,36,-36
117900171,2,36,-34
117900172,16,34,-18
117900173,122,52,70
117900174,60,52,8
117900175,2,38,-36
117900176,31,25,6
117900177,14,69,-55
117900178,109,30,79
117900180,255,49,206
117900181,201,358,-157
117900182,15,38,-23
117900183,55,204,-149
117900184,21,53,-32
117900185,44,62,-18
117900186,44,21,23
117900187,18,10,8
117900188,194,33,161
117900189,96,52,44
117900190,18,1,17
117900191,67,10,57
117900192,237,9,228
117900193,65,129,-64
117900194,29,21,8
117900195,30,61,-31
117900196,13,32,-19
117900207,175,149,26
117900208,19,30,-11
117900209,151,206,-55
117900210,132,212,-80
117900211,4,153,-149
117900212,88,180,-92
117900213,27,21,6
117900214,2,19,-17
117900215,36,48,-12
117900216,66,31,35
117900217,119,263,-144
117900218,186,227,-41
117900219,8,71,-63
117900220,169,59,110
117900222,213,377,-164
117900223,146,263,-117
118000001,858,799,59
118000002,1091,2071,-980
118000003,2407,2276,131
118000004,3795,2690,1105
118000005,4475,3807,668
118000006,5969,8600,-2631
118000007,5710,2652,3058
118000008,5904,3130,2774
118000009,2684,2731,-47
118000010,4482,3662,820
118000011,1082,1993,-911
118000012,1019,2084,-1065
118000013,2505,2209,296
118000014,2251,2771,-520
118000016,162,356,-194
118000017,332,397,-65
118000018,413,475,-62
118000019,2194,1434,760
118000020,1152,1980,-828
118000021,855,2308,-1453
118000022,1725,742,983
118000023,795,253,542
118000024,1423,837,586
118000027,14085,9416,4669
118000029,906,603,303
118000032,1381,3072,-1691
118000033,2867,3739,-872
118000034,4947,2125,2822
118000035,1662,2173,-511
118000036,1262,1020,242
118000037,678,974,-296
118000038,168,59,109
118000039,83,248,-165
118000040,1500,1300,200
118000041,1933,1435,498
118000045,686,163,523
118000046,1455,401,1054
118000047,1268,595,673
118000048,2985,1321,1664
118000051,1641,597,1044
118000052,1207,452,755
118000053,541,432,109
118000054,1717,1390,327
118000055,1238,1628,-390
118000056,666,277,389
118000057,310,420,-110
118000058,2870,939,1931
118000059,1924,632,1292
118000060,1003,498,505
118000061,1634,1141,493
118000062,688,233,455
118000063,399,419,-20
118000064,688,1012,-324
118000065,3960,1508,2452
118000066,629,1143,-514
118000067,1481,840,641
118000068,1635,3917,-2282
118000069,3126,902,2224
118000070,5083,1530,3553
118000071,2950,5980,-3030
118000072,2184,1092,1092
118000073,2789,466,2323
118000074,539,590,-51
118000075,823,273,550
118000076,1218,1641,-423
118000077,1681,1223,458
118000078,1887,1685,202
118000079,242,359,-117
118000080,1178,870,308
118000081,1794,985,809
118000082,295,926,-631
118000083,1392,1395,-3
118000084,2650,1641,1009
118000086,334,560,-226
118000087,4263,2469,1794
118000088,1524,1491,33
118000089,3142,1771,1371
118000090,1609,2404,-795
118000091,1088,2128,-1040
118000092,1154,424,730
118000093,110,615,-505
118000096,513,658,-145
118000097,918,651,267
118000098,261,170,91
118000099,514,756,-242
118000101,819,297,522
118000102,295,1190,-895
118000107,1826,479,1347
118000108,579,1887,-1308
118000110,2,25,-23
118000111,1,431,-430
118000112,459,4,455
118000113,5,679,-674
118000114,411,3,408
118000115,28,16,12
118000116,57,0,57
118000117,1232,770,462
118000118,830,681,149
118000119,773,1049,-276
118000120,1700,1465,235
118000121,147,736,-589
118000122,1551,387,1164
118000123,52,317,-265
118000125,1707,938,769
118000126,913,1493,-580
118000127,1683,587,1096
118000128,684,1151,-467
118000129,1184,510,674
118000130,2678,3878,-1200
118000131,867,1089,-222
118000132,2326,1674,652
118000133,917,441,476
118000135,533,381,152
118000136,130,431,-301
118000137,611,95,516
118000138,420,567,-147
118000139,319,144,175
118000140,3072,3880,-808
118000141,1777,1673,104
118000142,1545,1531,14
118000143,2171,1131,1040
118000144,1410,895,515
118000145,2695,2195,500
118000146,1185,1077,108
118000147,817,1550,-733
118000148,595,1287,-692
118000149,639,924,-285
118000150,296,400,-104
118000151,399,426,-27
118000153,1035,1132,-97
118000154,1082,1451,-369
118000155,1125,1361,-236
118000156,2167,2340,-173
118000157,579,409,170
118000158,209,430,-221
118000159,30,84,-54
118000160,389,508,-119
118000161,427,791,-364
118000162,1458,943,515
118000163,756,813,-57
118000164,1778,1363,415
118000168,1083,379,704
118000169,1026,1093,-67
118000170,3904,5055,-1151
118000171,302,696,-394
118000172,114,237,-123
118000173,833,1077,-244
118000175,292,290,2
118000176,246,407,-161
118000177,223,496,-273
118000178,73,64,9
118000179,1393,976,417
118000180,730,632,98
118000181,875,327,548
118000182,278,263,15
118000183,255,270,-15
118000184,575,816,-241
118000185,991,968,23
118000186,779,924,-145
118000187,1179,753,426
118000188,490,154,336
118000189,439,722,-283
118000190,10,16,-6
118000191,32,25,7
118000192,423,279,144
118000193,317,502,-185
118000194,1696,953,743
118000195,601,671,-70
118000196,346,107,239
118000197,455,132,323
118000198,713,506,207
118000199,810,335,475
118000200,57,151,-94
118000201,449,392,57
118000202,32,30,2
118000203,1172,403,769
118000204,221,366,-145
118000205,426,351,75
118000206,211,218,-7
118000207,1,59,-58
118000208,1055,1366,-311
118000209,1760,1796,-36
118000210,40,67,-27
118000211,41,30,11
118000213,745,833,-88
118000214,552,535,17
118000215,236,253,-17
118000216,1083,2578,-1495
118000217,34,158,-124
118000218,51,148,-97
118000219,416,329,87
118000220,0,30,-30
118000221,148,308,-160
118000222,51,14,37
118000223,39,69,-30
118000224,202,99,103
118000225,150,625,-475
118000226,1150,130,1020
118000227,848,518,330
118000228,171,189,-18
118000229,159,46,113
118000230,107,262,-155
118000231,85,200,-115
118000232,573,916,-343
118000233,834,758,76
118000234,352,187,165
118000236,275,259,16
118000237,70,331,-261
118000238,151,176,-25
118000239,235,292,-57
118000240,367,143,224
118000241,101,229,-128
118000242,241,586,-345
118000243,192,186,6
118000244,52,114,-62
118000246,1,11,-10
118000255,54,171,-117
118000256,93,203,-110
118000259,7,50,-43
118000260,203,98,105
118000261,25,64,-39
118000263,61,203,-142
118000266,505,279,226
118000267,0,93,-93
118000268,350,9,341
118000270,111,26,85
118000271,264,338,-74
118000272,159,31,128
118000273,113,82,31
118000274,141,279,-138
118000276,304,272,32
118000295,7,94,-87
118000298,147,372,-225
118000299,83,206,-123
118000301,0,52,-52
118000302,70,70,0
118000311,291,91,200
118000312,213,137,76
118000313,36,145,-109
118000314,57,66,-9
118000315,34,75,-41
118000316,541,478,63
118000325,65,57,8
118000326,23,20,3
118000331,32,50,-18
118000332,20,46,-26
118000333,26,65,-39
118000335,256,0,256
118000336,0,264,-264
118000407,112,79,33
118000457,6,31,-25
118000465,3312,3639,-327
118000480,32,112,-80
118000489,67,286,-219
118000490,97,329,-232
118000492,252,211,41
118000510,64,14,50
118000514,186,262,-76
118000515,570,528,42
118000517,327,198,129
118000524,448,217,231
118000525,643,699,-56
118000530,17,82,-65
118000531,211,265,-54
118000532,228,317,-89
118000533,329,165,164
118000534,507,364,143
118000535,257,146,111
118000536,750,1085,-335
118000537,50,86,-36
118000538,36,70,-34
118000539,11,62,-51
118000540,218,109,109
118000541,141,71,70
118000542,95,133,-38
118000543,116,141,-25
118000546,54,24,30
118000553,0,1,-1
118000560,2560,1555,1005
118000562,23,209,-186
118000563,1699,1434,265
118000576,222,116,106
118000577,270,247,23
118000578,148,76,72
118000579,742,866,-124
118000583,0,0,0
118000595,172,76,96
118000596,0,49,-49
118000597,237,205,32
118000598,3,0,3
118000599,42,47,-5
118000600,3,6,-3
118000601,3,0,3
118000602,0,13,-13
118000603,0,34,-34
118000605,63,315,-252
118000606,28,40,-12
118900001,632,928,-296
118900002,854,678,176
118900003,266,13,253
118900004,71,53,18
118900005,61,9,52
118900006,130,2,128
118900007,10,2,8
118900008,1347,63,1284
118900009,38,32,6
118900010,44,14,30
118900011,140,19,121
118900012,400,246,154
118900013,436,96,340
118900015,162,59,103
118900016,11,19,-8
118900017,293,304,-11
118900018,618,26,592
118900019,54,22,32
118900020,272,149,123
118900021,165,257,-92
118900022,102,95,7
118900023,124,121,3
118900024,78,109,-31
118900025,33,27,6
118900026,78,76,2
118900027,388,246,142
118900028,120,142,-22
118900029,243,235,8
118900030,186,57,129
118900031,164,121,43
118900032,145,174,-29
118900033,307,340,-33
118900034,171,19,152
118900035,134,180,-46
118900036,907,668,239
118900037,400,244,156
118900038,283,212,71
118900039,349,207,142
118900040,174,163,11
118900041,535,215,320
118900042,161,106,55
118900045,285,150,135
118900046,873,297,576
118900047,563,206,357
118900048,187,151,36
118900049,57,45,12
118900050,15,121,-106
118900051,173,125,48
118900052,221,185,36
118900053,34,92,-58
118900054,113,49,64
118900055,45,118,-73
118900056,24,219,-195
118900057,586,411,175
118900058,285,268,17
118900059,11,74,-63
118900060,149,127,22
118900062,251,142,109
118900064,569,485,84
118900065,50,119,-69
118900066,72,83,-11
118900067,3833,2463,1370
118900068,7,192,-185
118900069,229,235,-6
118900071,6,70,-64
118900072,338,370,-32
118900073,104,100,4
118900074,127,209,-82
118900075,39,103,-64
118900076,175,95,80
118900077,139,166,-27
118900078,80,14,66
118900079,56,206,-150
118900080,16,113,-97
118900081,80,41,39
118900082,451,132,319
118900083,40,5,35
118900084,13,28,-15
118900085,725,892,-167
118900086,39,60,-21
118900087,14,148,-134
118900088,0,14,-14
118900089,22,27,-5
118900090,418,406,12
118900091,130,150,-20
118900092,95,82,13
118900093,108,23,85
118900096,166,203,-37
118900097,159,426,-267
118900099,62,161,-99
118900100,138,182,-44
118900101,73,414,-341
118900102,33,66,-33
118900103,25,62,-37
118900104,97,98,-1
118900105,193,95,98
118900107,160,74,86
118900108,120,92,28
118900110,1372,644,728
118900111,439,530,-91
118900112,64,159,-95
118900113,159,387,-228
118900114,36,64,-28
118900115,96,342,-246
118900116,106,188,-82
118900117,65,152,-87
118900118,211,354,-143
118900119,108,247,-139
118900120,68,280,-212
118900121,12,201,-189
118900122,7,650,-643
118900123,115,183,-68
118900124,49,179,-130
118900126,27,305,-278
118900129,241,220,21
118900130,80,170,-90
118900131,119,202,-83
118900132,303,152,151
118900133,24,90,-66
118900135,169,169,0
118900136,165,375,-210
118900137,6,28,-22
118900139,197,356,-159
118900140,307,455,-148
118900141,96,121,-25
118900144,104,382,-278
118900145,26,110,-84
118900146,237,624,-387
118900147,211,131,80
118900148,48,45,3
118900150,113,457,-344
118900152,449,750,-301
118900157,98,163,-65
118900158,45,52,-7
118900159,0,183,-183
118900161,104,11,93
118900163,155,114,41
118900164,21,111,-90
118900165,45,179,-134
118900166,28,4,24
118900167,98,97,1
118900168,9,65,-56
118900169,104,365,-261
118900170,96,116,-20
118900171,12,29,-17
118900174,44,55,-11
118900175,336,497,-161
118900176,139,242,-103
118900177,33,69,-36
118900178,50,164,-114
118900179,13,25,-12
118900181,75,124,-49
118900182,73,43,30
118900183,33,121,-88
118900184,288,64,224
118900185,135,141,-6
118900186,81,99,-18
118900187,212,229,-17
118900188,237,225,12
118900189,35,579,-544
118900190,6,273,-267
118900191,123,41,82
118900192,168,21,147
118900193,321,6,315
118900195,234,574,-340
118900196,42,142,-100
118900197,102,40,62
118900198,15,14,1
118900199,55,54,1
118900200,25,17,8
118900201,44,22,22
118900202,15,49,-34
118900203,1,25,-24
118900204,10,34,-24
118900205,2,6,-4
118900206,0,37,-37
119000001,1413,1165,248
119000002,3343,2160,1183
119000003,1816,1207,609
119000004,2208,1212,996
119000005,1425,1565,-140
119000006,2692,1678,1014
119000007,2750,3031,-281
119000008,1882,1814,68
119000009,3302,3754,-452
119000010,6383,4037,2346
119000011,3447,2317,1130
119000012,2732,2752,-20
119000013,1896,1463,433
119000014,2017,3065,-1048
119000019,238,149,89
119000020,2616,1125,1491
119000021,3504,2074,1430
119000022,2157,2141,16
119000023,312,256,56
119000024,1474,7620,-6146
119000025,6580,1231,5349
119000026,119,317,-198
119000027,260,364,-104
119000028,2034,905,1129
119000029,138,337,-199
119000030,515,899,-384
119000031,821,884,-63
119000032,1927,2370,-443
119000033,1990,1317,673
119000034,861,992,-131
119000035,35,329,-294
119000036,1374,911,463
119000037,1145,1876,-731
119000038,249,1047,-798
119000039,296,319,-23
119000040,676,382,294
119000041,657,1150,-493
119000048,3061,3213,-152
119000049,1794,2727,-933
119000050,1467,2106,-639
119000051,1882,945,937
119000052,1712,2851,-1139
119000053,1798,1200,598
119000054,2837,3286,-449
119000055,3542,3531,11
119000056,1911,2014,-103
119000057,1421,2015,-594
119000058,1636,1880,-244
119000059,1180,1493,-313
119000060,1182,1012,170
119000061,848,812,36
119000062,1045,1408,-363
119000063,412,514,-102
119000064,1184,1340,-156
119000065,2160,3259,-1099
119000066,1852,1199,653
119000067,1740,2225,-485
119000068,1382,1126,256
119000069,1351,2276,-925
119000070,1926,1172,754
119000071,506,604,-98
119000072,5038,2771,2267
119000073,4486,5971,-1485
119000074,1337,2970,-1633
119000075,1563,2412,-849
119000076,406,791,-385
119000077,800,446,354
119000078,465,235,230
119000079,184,624,-440
119000080,227,52,175
119000081,216,367,-151
119000082,688,189,499
119000083,522,378,144
119000084,307,452,-145
119000085,438,297,141
119000086,229,349,-120
119000087,1613,969,644
119000088,279,343,-64
119000090,160,150,10
119000091,128,231,-103
119000092,513,185,328
119000093,3342,2614,728
119000094,2456,5384,-2928
119000095,1355,2378,-1023
119000097,1996,1424,572
119000098,780,2061,-1281
119000099,2210,1755,455
119000100,2724,2689,35
119000101,3199,1559,1640
119000102,776,830,-54
119000103,1482,471,1011
119000104,2467,1277,1190
119000105,889,1598,-709
119000106,352,1551,-1199
119000107,665,513,152
119000108,462,1034,-572
119000109,145,357,-212
119000110,542,310,232
119000111,73,554,-481
119000112,213,112,101
119000113,2351,325,2026
119000114,690,924,-234
119000115,139,147,-8
119000116,92,108,-16
119000117,113,354,-241
119000118,0,0,0
119000123,4064,702,3362
119000124,866,203,663
119000125,2875,780,2095
119000126,867,870,-3
119000127,476,588,-112
119000128,23,2,21
119000131,681,759,-78
119000132,4,3,1
119000133,2,3,-1
119000134,1929,558,1371
119000135,121,164,-43
119000136,173,260,-87
119000137,131,448,-317
119000138,292,361,-69
119000139,233,227,6
119000140,156,331,-175
119000284,1340,2745,-1405
119000285,2044,2310,-266
119000286,8114,5614,2500
119000287,2138,2317,-179
119000288,1910,1508,402
119000289,2176,3147,-971
119000290,177,489,-312
119000291,8,296,-288
119000293,203,231,-28
119000294,45,37,8
119000295,1310,377,933
119000296,380,362,18
119000302,2897,1451,1446
119000303,220,95,125
119000310,0,0,0
119000314,1207,7504,-6297
119000315,1,547,-546
119000316,93,111,-18
119000317,92,413,-321
119000319,195,129,66
119900001,211,1225,-1014
119900002,160,302,-142
119900003,51,1026,-975
119900004,316,909,-593
119900005,107,94,13
119900006,167,395,-228
119900007,1277,269,1008
119900008,220,47,173
119900009,628,681,-53
119900010,944,907,37
119900011,32,75,-43
119900012,28,62,-34
119900013,1649,838,811
119900014,489,236,253
119900015,82,32,50
119900016,20,88,-68
119900017,24,62,-38
119900018,2104,680,1424
119900019,29,11,18
119900020,147,228,-81
119900021,103,94,9
119900022,102,426,-324
119900023,657,1022,-365
119900025,180,32,148
119900026,700,161,539
119900027,43,25,18
119900028,346,115,231
119900029,0,10,-10
119900030,423,541,-118
119900031,100,324,-224
119900033,1757,219,1538
119900034,313,145,168
119900037,170,39,131
119900038,35,211,-176
119900039,45,8,37
119900040,240,16,224
119900041,93,34,59
119900042,234,132,102
119900043,79,168,-89
119900044,180,636,-456
119900046,86,66,20
119900047,256,61,195
119900048,142,63,79
119900049,125,8,117
119900050,89,75,14
119900051,849,18,831
119900052,41,33,8
119900053,145,169,-24
119900054,83,7,76
119900055,1016,388,628
119900057,206,77,129
119900058,160,3,157
119900059,131,68,63
119900060,263,9,254
119900061,233,9,224
119900062,57,35,22
119900063,18,56,-38
119900065,177,8,169
119900067,204,29,175
119900068,368,2,366
119900069,53,17,36
119900070,647,8,639
119900071,438,10,428
119900073,1818,639,1179
119900074,47,34,13
119900075,4964,2305,2659
119900076,456,377,79
119900077,621,1009,-388
119900078,660,1194,-534
119900079,429,222,207
119900080,495,293,202
119900081,507,106,401
119900082,743,95,648
119900083,309,126,183
119900084,628,240,388
119900085,83,91,-8
119900086,382,1228,-846
119900087,515,250,265
119900088,35,53,-18
119900089,37,531,-494
119900090,157,55,102
119900091,69,1061,-992
119900092,80,348,-268
119900093,831,246,585
119900094,74,196,-122
119900095,222,117,105
119900096,55,107,-52
119900097,749,168,581
119900098,31,58,-27
119900099,40,245,-205
119900100,2428,2047,381
119900101,315,832,-517
119900102,41,263,-222
119900103,41,347,-306
119900104,39,195,-156
119900105,608,1318,-710
119900106,24,167,-143
119900107,361,2987,-2626
119900108,1854,610,1244
119900109,55,178,-123
119900110,486,494,-8
119900111,78,434,-356
119900112,1965,546,1419
119900113,82,324,-242
119900114,178,1099,-921
119900115,211,1266,-1055
119900116,134,419,-285
119900117,258,706,-448
119900118,50,1073,-1023
119900119,218,200,18
119900120,529,565,-36
119900121,369,1162,-793
119900122,657,430,227
119900123,182,329,-147
119900124,205,921,-716
119900125,52,324,-272
119900126,3553,192,3361
119900127,2915,1229,1686
119900128,483,679,-196
119900129,203,601,-398
119900130,33,235,-202
119900131,40,295,-255
119900132,1,266,-265
119900133,49,88,-39
119900134,1974,198,1776
119900135,1,427,-426
119900136,189,342,-153
119900138,374,458,-84
119900139,36,126,-90
119900140,4,142,-138
119900141,137,482,-345
119900142,0,26,-26
119900143,15,251,-236
119900144,1714,294,1420
119900145,75,186,-111
119900146,155,294,-139
119900147,2,102,-100
119900148,149,55,94
119900149,1324,2792,-1468
119900150,107,141,-34
119900151,1313,529,784
119900152,84,297,-213
119900153,118,97,21
119900154,12,692,-680
119900155,30,59,-29
119900156,14,6,8
119900157,83,193,-110
119900158,136,106,30
119900159,4,1407,-1403
119900160,25,161,-136
119900161,205,167,38
119900162,655,747,-92
119900163,140,164,-24
119900164,1,3,-2
119900165,157,256,-99
119900166,66,62,4
119900167,134,90,44
119900168,665,480,185
119900169,113,269,-156
119900170,168,306,-138
119900171,1163,405,758
119900172,92,28,64
119900173,6,450,-444
119900174,2,166,-164
119900175,854,790,64
119900177,29,209,-180
119900178,0,120,-120
119900179,57,339,-282
119900180,811,856,-45
119900181,65,105,-40
119900182,9,334,-325
119900183,184,711,-527
119900184,2200,519,1681
119900185,34,122,-88
119900186,44,547,-503
119900187,9,396,-387
119900188,62,385,-323
119900189,502,447,55
119900190,55,217,-162
119900191,273,112,161
119900192,48,135,-87
119900193,235,189,46
119900194,19,73,-54
119900195,11,189,-178
119900196,1263,414,849
119900197,169,154,15
119900198,307,291,16
119900199,151,27,124
119900200,511,657,-146
119900201,310,181,129
119900202,284,170,114
119900203,163,424,-261
119900204,201,322,-121
119900205,486,649,-163
119900206,99,138,-39
119900208,127,170,-43
119900209,417,897,-480
119900210,48,29,19
119900211,116,21,95
119900212,178,349,-171
119900213,9,73,-64
119900214,29,116,-87
119900215,49,92,-43
119900216,21,72,-51
119900217,13,54,-41
119900218,57,67,-10
119900219,10,148,-138
119900220,4,126,-122
119900221,13,325,-312
119900222,23,221,-198
119900223,13,85,-72
119900224,18,20,-2
119900225,993,67,926
119900226,564,1362,-798
119900227,927,307,620
119900228,277,260,17
119900229,357,385,-28
119900230,1458,601,857
119900231,181,186,-5
119900232,180,110,70
119900233,70,1,69
119900234,17,42,-25
119900235,14,55,-41
119900236,35,240,-205
119900237,46,343,-297
119900238,15,87,-72
119900240,70,156,-86
119900241,183,299,-116
119900242,1200,1258,-58
119900244,600,1261,-661
119900245,170,171,-1
119900246,289,623,-334
119900247,27,78,-51
119900248,75,142,-67
119900249,214,98,116
119900253,2573,379,2194
119900254,66,479,-413
119900255,92,464,-372
119900256,394,883,-489
119900257,59,1,58
119900258,80,6,74
119900259,12,156,-144
119900260,74,5,69
119900261,328,167,161
119900262,2,282,-280
119900263,924,378,546
119900264,88,216,-128
119900265,426,372,54
119900266,243,297,-54
119900267,225,446,-221
119900268,222,164,58
119900269,1079,1186,-107
119900271,21,91,-70
119900272,280,85,195
119900275,119,20,99
119900276,37,1,36
119900277,9,8,1
119900278,199,86,113
119900279,110,276,-166
119900280,814,194,620
119900281,1,195,-194
119900282,59,75,-16
119900283,19,297,-278
119900284,75,181,-106
119900285,41,72,-31
119900286,4,26,-22
119900288,5,25,-20
119900289,1,36,-35
119900290,2,35,-33
119900291,1,37,-36
119900292,36,61,-25
119900293,26,128,-102
119900294,108,130,-22
119900295,22,38,-16
119900296,39,349,-310
119900297,0,13,-13
119900298,3,6,-3
119900299,93,196,-103
119900300,412,181,231
119900301,36,22,14
119900302,41,50,-9
119900303,254,259,-5
119900304,185,37,148
119900305,10,101,-91
119900306,24,1,23
119900307,28,76,-48
119900308,4,26,-22
119900309,25,103,-78
119900310,245,286,-41
119900311,44,144,-100
119900312,78,69,9
119900313,208,301,-93
119900314,136,354,-218
119900315,1164,2222,-1058
119900318,12,23,-11
119900319,0,261,-261
119900320,88,550,-462
119900321,56,3,53
120000001,5615,11133,-5518
120000002,2423,2936,-513
120000003,3523,1923,1600
120000004,2940,2484,456
120000005,4373,2209,2164
120000006,1200,1635,-435
120000007,3742,3105,637
120000008,1054,1374,-320
120000009,3702,1080,2622
120000010,1921,2824,-903
120000011,1097,1992,-895
120000012,1523,2637,-1114
120000013,2725,2706,19
120000014,674,1482,-808
120000015,2613,1526,1087
120000016,3053,2405,648
120000017,3730,2218,1512
120000018,3912,8767,-4855
120000019,909,1322,-413
120000020,3270,3014,256
120000021,1685,2060,-375
120000022,2667,3928,-1261
120000023,1026,1916,-890
120000024,1432,2581,-1149
120000025,2362,2303,59
120000026,1419,1848,-429
120000027,1751,2221,-470
120000028,1093,915,178
120000029,3446,700,2746
120000030,2742,953,1789
120000031,1848,5886,-4038
120000032,8059,4653,3406
120000033,5082,2279,2803
120000034,1721,2240,-519
120000035,1623,2250,-627
120000036,2739,4986,-2247
120000037,699,1208,-509
120000038,6457,3208,3249
120000039,535,957,-422
120000040,485,264,221
120000041,2128,1395,733
120000042,2045,2416,-371
120000043,3973,1814,2159
120000044,4656,1927,2729
120000045,4671,1438,3233
120000046,2490,2639,-149
120000047,1165,4817,-3652
120000048,6599,4020,2579
120000049,2983,2782,201
120000050,3515,3795,-280
120000051,2805,3797,-992
120000052,8992,2442,6550
120000053,1266,2985,-1719
120000054,1420,4591,-3171
120000055,1837,5001,-3164
120000056,3231,3166,65
120000057,2836,613,2223
120000058,4987,653,4334
120000059,32,1631,-1599
120000061,180,569,-389
120000062,254,328,-74
120000063,1977,2582,-605
120000064,278,1317,-1039
120000065,1431,1657,-226
120000066,330,579,-249
120000067,84,483,-399
120000068,190,961,-771
120000069,821,1324,-503
120000070,65,923,-858
120000071,339,256,83
120000072,583,598,-15
120000073,592,91,501
120000074,208,92,116
120000075,869,283,586
120000076,3788,456,3332
120000077,2339,692,1647
120000078,2787,1077,1710
120000079,441,683,-242
120000080,203,372,-169
120000081,414,267,147
120000082,282,305,-23
120000083,136,587,-451
120000084,358,374,-16
120000085,290,371,-81
120000086,330,556,-226
120000087,233,823,-590
120000088,1053,1367,-314
120000089,1049,626,423
120000090,712,653,59
120000091,1112,1125,-13
120000092,1159,724,435
120000093,370,600,-230
120000094,160,831,-671
120000095,973,668,305
120000096,309,979,-670
120000098,713,983,-270
120000099,414,826,-412
120000100,735,1130,-395
120000101,653,582,71
120000102,510,785,-275
120000103,1458,835,623
120000104,1430,532,898
120000105,2257,845,1412
120000106,1952,733,1219
120000107,3226,794,2432
120000108,1083,203,880
120000109,934,82,852
120000110,80,1114,-1034
120000111,138,1353,-1215
120000112,1033,3462,-2429
120000113,765,2452,-1687
120000114,1150,3293,-2143
120000115,383,2713,-2330
120000116,837,2145,-1308
120000117,1216,1527,-311
120000118,47,50,-3
120000119,35,82,-47
120000120,78,49,29
120000121,74,83,-9
120000122,263,206,57
120000123,5170,4335,835
120000124,489,579,-90
120000125,471,900,-429
120000126,331,647,-316
120000127,2423,797,1626
120000128,3438,2994,444
120000129,323,370,-47
120000130,1048,770,278
120000131,421,596,-175
120000134,418,1135,-717
120000135,319,475,-156
120000137,222,1481,-1259
120000138,692,582,110
120000139,297,824,-527
120000140,615,514,101
120000141,368,524,-156
120000142,612,615,-3
120000143,0,107,-107
120000144,69,2,67
120000145,282,0,282
120000146,1606,832,774
120000149,649,1238,-589
120000150,3598,10018,-6420
120000151,378,571,-193
120000152,367,193,174
120000153,136,544,-408
120000154,467,451,16
120000155,139,336,-197
120000156,1277,1184,93
120000157,919,828,91
120000158,908,878,30
120000159,2118,2602,-484
120000160,2076,1292,784
120000161,1831,2550,-719
120000162,114,243,-129
120000163,717,1628,-911
120000164,410,470,-60
120000165,444,1276,-832
120000166,1385,701,684
120000167,41,48,-7
120000168,12,162,-150
120000169,33,581,-548
120000170,26,325,-299
120000171,21,101,-80
120000172,31,112,-81
120000173,2969,505,2464
120000174,493,24,469
120000175,578,10,568
120000176,420,32,388
120000177,1142,100,1042
120000178,103,7,96
120000179,256,18,238
120000180,473,75,398
120000181,101,371,-270
120000182,98,294,-196
120000183,15,213,-198
120000184,90,686,-596
120000186,116,220,-104
120000187,29,80,-51
120000188,206,172,34
120000190,1027,20,1007
120000191,1090,18,1072
120000192,875,18,857
120000193,278,10,268
120000195,49,4,45
120000196,266,45,221
120000197,60,122,-62
120000198,109,72,37
120000199,72,1,71
120000200,99,1,98
120000201,8,30,-22
120000202,5,34,-29
120000203,34,197,-163
120000207,1,97,-96
120000208,19,316,-297
120000209,9,94,-85
120000210,235,333,-98
120000211,42,0,42
120000212,70,0,70
120000213,83,234,-151
120000214,2,257,-255
120000215,5,94,-89
120000216,30,6,24
120000217,590,952,-362
120000218,197,804,-607
120000219,4,525,-521
120000220,7,1871,-1864
120000225,1362,3,1359
120000226,355,3,352
120000227,637,26,611
120000228,5654,2353,3301
120000230,284,14,270
120000231,1025,2381,-1356
120000233,250,8,242
120000235,233,730,-497
120000236,845,4,841
120000237,4,1375,-1371
120000238,0,244,-244
120000241,1164,3065,-1901
120000412,1232,38,1194
120000413,279,261,18
120000414,133,3,130
120000415,1,152,-151
120000416,304,4,300
120000417,11,79,-68
120000418,112,21,91
120000419,5,311,-306
120000420,245,119,126
120000421,10455,5919,4536
120000422,134,874,-740
120000423,6,33,-27
120000424,42,109,-67
120000436,127,633,-506
120000437,188,176,12
120000438,3754,377,3377
120000439,154,498,-344
120000443,178,0,178
120000444,1572,671,901
120000445,2079,1144,935
120000446,760,331,429
120000447,178,13,165
120000449,88,12,76
120000450,4,206,-202
120000451,93,260,-167
120000452,34,0,34
120000453,0,212,-212
120000454,143,179,-36
120000455,97,57,40
120000456,2463,3149,-686
120000457,890,707,183
120000458,619,822,-203
120000459,70,126,-56
120000665,971,210,761
120000668,110,346,-236
120000669,41,186,-145
120000670,282,348,-66
120000671,1012,470,542
120000672,135,656,-521
120900001,53,129,-76
120900002,356,313,43
120900003,348,31,317
120900004,9,78,-69
120900005,10,1024,-1014
120900006,447,160,287
120900007,149,112,37
120900008,200,1322,-1122
120900009,863,84,779
120900010,310,99,211
120900011,385,189,196
120900012,441,911,-470
120900013,349,75,274
120900014,4,568,-564
120900015,1694,106,1588
120900016,739,74,665
120900017,2609,105,2504
120900018,104,464,-360
120900019,415,295,120
120900020,914,1254,-340
120900021,524,157,367
120900022,43,324,-281
120900023,384,40,344
120900024,1772,465,1307
120900025,1989,1096,893
120900026,177,199,-22
120900027,880,22,858
120900028,319,65,254
120900029,218,383,-165
120900030,924,735,189
120900031,205,63,142
120900032,788,134,654
120900033,889,51,838
120900034,29,2084,-2055
120900035,39,65,-26
120900037,217,5,212
120900038,68,260,-192
120900039,91,41,50
120900040,185,1,184
120900041,141,27,114
120900042,501,54,447
120900043,59,17,42
120900044,7,296,-289
120900045,186,95,91
120900046,362,6,356
120900047,195,82,113
120900048,148,25,123
120900049,282,3,279
120900050,2401,1177,1224
120900051,294,104,190
120900052,369,5,364
120900053,188,128,60
120900054,1851,530,1321
120900055,295,7,288
120900056,391,25,366
120900057,87,21,66
120900058,413,0,413
120900059,58,3,55
120900060,32,40,-8
120900061,259,245,14
120900062,210,0,210
120900063,399,5,394
120900064,406,0,406
120900065,315,2,313
120900066,247,306,-59
120900067,177,64,113
120900068,189,0,189
120900069,193,73,120
120900071,6,0,6
120900072,562,2,560
120900073,407,239,168
120900074,476,11,465
120900076,300,0,300
120900077,2958,418,2540
120900078,663,1146,-483
120900079,637,130,507
120900080,647,2142,-1495
120900081,819,1041,-222
120900082,518,619,-101
120900083,126,6,120
120900084,180,317,-137
120900085,124,132,-8
120900086,131,283,-152
120900087,348,357,-9
120900088,134,330,-196
120900089,3693,1952,1741
120900090,153,189,-36
120900091,702,920,-218
120900092,1921,644,1277
120900093,2675,254,2421
120900094,611,189,422
120900095,352,27,325
120900096,32,212,-180
120900097,668,903,-235
120900098,397,268,129
120900099,51,70,-19
120900100,123,307,-184
120900101,1066,390,676
120900102,40,109,-69
120900103,69,265,-196
120900104,15,46,-31
120900105,44,672,-628
120900106,1494,612,882
120900107,250,144,106
120900108,16,860,-844
120900109,68,797,-729
120900110,40,796,-756
120900111,176,435,-259
120900112,38,1103,-1065
120900113,30,898,-868
120900114,32,145,-113
120900115,129,293,-164
120900116,241,458,-217
120900117,7,660,-653
120900118,9,903,-894
120900119,3424,5799,-2375
120900120,89,704,-615
120900121,143,512,-369
120900122,294,603,-309
120900123,3,466,-463
120900124,6,732,-726
120900125,13,802,-789
120900126,2040,1251,789
120900127,12,519,-507
120900128,1391,1566,-175
120900129,61,378,-317
120900130,4,396,-392
120900131,68,122,-54
120900132,656,315,341
120900133,162,907,-745
120900134,1220,415,805
120900135,9,648,-639
120900136,40,212,-172
120900137,179,86,93
120900138,23,201,-178
120900139,9,817,-808
120900140,12,80,-68
120900141,95,133,-38
120900142,19,564,-545
120900143,7,1094,-1087
120900144,0,153,-153
120900145,855,1077,-222
120900146,6,1114,-1108
120900147,1,594,-593
120900148,117,113,4
120900149,1,377,-376
120900150,70,720,-650
120900151,0,646,-646
120900152,0,51,-51
120900153,22,101,-79
120900154,1,345,-344
120900155,195,1155,-960
120900156,48,384,-336
120900157,73,257,-184
120900158,95,680,-585
120900159,176,367,-191
120900160,18,902,-884
120900161,38,418,-380
120900162,31,544,-513
120900163,38,426,-388
120900164,0,6,-6
120900165,5,27,-22
120900166,83,180,-97
120900167,326,126,200
120900169,105,452,-347
120900170,1658,2431,-773
120900171,1084,348,736
120900172,1116,549,567
120900173,2,85,-83
120900174,9,81,-72
120900175,333,171,162
120900176,12,248,-236
120900177,0,743,-743
120900178,0,262,-262
120900179,1295,487,808
120900180,83,156,-73
120900181,243,71,172
120900182,30,373,-343
120900183,313,42,271
120900184,156,61,95
120900185,2,257,-255
120900186,1,499,-498
120900187,292,887,-595
120900188,192,10,182
120900189,147,924,-777
120900190,81,19,62
120900191,11,30,-19
120900192,11116,5530,5586
120900194,27,80,-53
120900195,95,252,-157
120900196,829,40,789
120900197,708,112,596
120900198,357,593,-236
120900199,317,340,-23
120900200,78,93,-15
120900201,522,139,383
120900202,0,168,-168
120900203,37,102,-65
120900204,193,298,-105
120900205,58,63,-5
120900206,17,46,-29
120900207,83,1324,-1241
121000001,757,938,-181
121000002,2007,1474,533
121000003,2502,1601,901
121000004,2264,3952,-1688
121000005,1862,2324,-462
121000006,3033,1468,1565
121000007,2539,2425,114
121000008,5768,2959,2809
121000009,4693,4639,54
121000010,7496,4584,2912
121000011,6994,9670,-2676
121000012,13061,8599,4462
121000013,4553,5975,-1422
121000014,6329,5400,929
121000015,3636,6436,-2800
121000016,4143,3359,784
121000017,1815,3306,-1491
121000018,1931,1711,220
121000019,15696,10721,4975
121000020,11285,13495,-2210
121000021,4337,2820,1517
121000022,3646,2679,967
121000023,4908,2898,2010
121000024,5136,4348,788
121000025,552,1399,-847
121000026,377,162,215
121000027,1353,1020,333
121000028,769,398,371
121000029,1216,632,584
121000030,539,348,191
121000031,630,525,105
121000032,191,87,104
121000034,578,233,345
121000035,242,132,110
121000036,1108,853,255
121000037,570,466,104
121000038,552,585,-33
121000039,329,312,17
121000041,585,373,212
121000042,297,342,-45
121000043,709,608,101
121000044,1403,712,691
121000045,423,249,174
121000046,609,695,-86
121000047,1099,242,857
121000049,1740,496,1244
121000050,368,1033,-665
121000051,960,302,658
121000052,565,495,70
121000053,388,112,276
121000054,49,329,-280
121000055,1128,1032,96
121000056,676,858,-182
121000057,396,487,-91
121000058,363,189,174
121000059,1863,1247,616
121000060,538,1046,-508
121000061,159,152,7
121000062,190,332,-142
121000063,790,742,48
121000064,682,872,-190
121000065,370,465,-95
121000066,643,542,101
121000067,781,396,385
121000068,687,299,388
121000069,336,360,-24
121000070,2117,1121,996
121000071,1558,1151,407
121000072,1439,646,793
121000073,1114,830,284
121000074,179,174,5
121000075,38,72,-34
121000076,1028,319,709
121000077,141,123,18
121000078,113,155,-42
121000080,2012,590,1422
121000081,1959,2664,-705
121000082,102,252,-150
121000083,204,122,82
121000084,147,119,28
121000085,299,440,-141
121000086,170,682,-512
121000087,65,303,-238
121000088,243,492,-249
121000089,305,280,25
121000090,420,325,95
121000091,1141,678,463
121000092,214,88,126
121000093,166,180,-14
121000094,452,712,-260
121000095,352,549,-197
121000096,1958,1972,-14
121000097,1107,1824,-717
121000098,544,1147,-603
121000099,597,786,-189
121000100,1005,478,527
121000101,406,279,127
121000102,287,302,-15
121000103,158,258,-100
121000104,221,191,30
121000105,383,260,123
121000106,228,336,-108
121000107,2101,2805,-704
121000109,1274,1032,242
121000110,274,692,-418
121000114,2436,2012,424
121000115,810,740,70
121000116,354,803,-449
121000117,921,239,682
121000118,1235,216,1019
121000119,1382,578,804
121000120,225,553,-328
121000121,609,792,-183
121000123,1581,522,1059
121000127,152,106,46
121000128,951,432,519
121000129,1020,485,535
121000130,546,957,-411
121000131,2706,1761,945
121000132,1690,1599,91
121000135,293,359,-66
121000136,1836,609,1227
121000137,409,240,169
121000138,1112,681,431
121000139,750,136,614
121000141,288,112,176
121000142,694,934,-240
121000143,105,30,75
121000144,904,1404,-500
121000145,665,1088,-423
121000146,1205,750,455
121000147,987,453,534
121000148,916,1072,-156
121000149,1840,1345,495
121000152,513,684,-171
121000153,1584,713,871
121000154,839,824,15
121000155,1090,1137,-47
121000156,431,1005,-574
121000157,1088,1742,-654
121000158,427,584,-157
121000159,195,438,-243
121000160,321,535,-214
121000161,169,278,-109
121000162,72,204,-132
121000165,1240,1645,-405
121000166,34,733,-699
121000168,561,307,254
121000169,111,147,-36
121000170,300,122,178
121000171,51,167,-116
121000172,603,570,33
121000173,1185,1085,100
121000174,333,370,-37
121000175,716,376,340
121000176,399,220,179
121000177,1004,625,379
121000178,174,71,103
121000179,207,92,115
121000181,490,426,64
121000182,93,149,-56
121000183,82,83,-1
121000184,248,93,155
121000185,23,167,-144
121000186,201,300,-99
121000187,212,214,-2
121000188,149,238,-89
121000192,765,386,379
121000193,645,621,24
121000194,2273,1986,287
121000195,334,831,-497
121000196,721,223,498
121000197,229,572,-343
121000198,197,55,142
121000199,165,280,-115
121000200,451,74,377
121000201,6,172,-166
121000202,638,115,523
121000203,840,1840,-1000
121000204,2317,610,1707
121000205,171,248,-77
121000206,97,22,75
121000207,2427,319,2108
121000208,12,326,-314
121000209,297,264,33
121000210,493,390,103
121000211,224,146,78
121000212,325,527,-202
121000213,7475,2526,4949
121000214,662,2260,-1598
121000215,1046,666,380
121000216,487,718,-231
121000217,3979,2900,1079
121000218,491,1406,-915
121000219,1726,373,1353
121000220,187,41,146
121000221,104,175,-71
121000222,2759,1825,934
121000223,782,346,436
121000224,405,183,222
121000225,2432,1444,988
121000226,5634,1155,4479
121000227,0,51,-51
121000228,24,518,-494
121000229,284,274,10
121000230,53,1241,-1188
121000231,828,33,795
121000232,353,260,93
121000233,587,350,237
121000234,31,41,-10
121000235,95,102,-7
121000236,10,57,-47
121000237,55,13,42
121000238,8,83,-75
121000239,65,11,54
121000240,17,214,-197
121000241,143,11,132
121000242,88,310,-222
121000243,610,201,409
121000244,30,85,-55
121000245,144,40,104
121000246,7,111,-104
121000247,114,4,110
121000248,1629,577,1052
121000249,187,213,-26
121000250,901,139,762
121000251,21,408,-387
121000252,130,46,84
121000253,442,340,102
121000254,646,193,453
121000255,230,163,67
121000256,560,164,396
121000257,79,76,3
121000258,252,40,212
121000259,116,51,65
121000260,161,102,59
121000261,396,61,335
121000262,728,912,-184
121000263,536,491,45
121000271,235,1440,-1205
121000273,104,4,100
121000274,22,36,-14
121000275,2,12,-10
121000276,2,7,-5
121000278,70,28,42
121000279,41,7,34
121000280,87,35,52
121000289,135,7,128
121000290,998,697,301
121000294,150,150,0
121000297,941,1059,-118
121000299,343,254,89
121000300,605,553,52
121000302,71,899,-828
121000303,448,455,-7
121000304,501,46,455
121000305,141,38,103
121000306,99,98,1
121000308,138,284,-146
121000309,323,459,-136
121000310,114,287,-173
121000311,75,795,-720
121000312,259,178,81
121000313,296,426,-130
121000314,128,142,-14
121000315,50,183,-133
121000530,1326,1190,136
121000531,2765,1411,1354
121000532,6186,6731,-545
121000533,2638,2891,-253
121000918,93,195,-102
121000919,80,48,32
121000938,169,315,-146
121000939,399,252,147
121000956,1195,1150,45
121000957,5,6,-1
121000958,91,33,58
121000959,639,843,-204
121000960,2881,2057,824
121000961,253,196,57
121000962,316,667,-351
121000963,0,0,0
121000973,0,111,-111
121000976,9,191,-182
121000979,307,121,186
121000981,495,356,139
121000982,287,168,119
121000983,492,378,114
121000984,22,71,-49
121000985,558,445,113
121000986,212,141,71
121000987,237,1041,-804
121000988,720,119,601
121001302,312,107,205
121001308,2,13,-11
121001309,140,75,65
121001313,187,232,-45
121001314,2377,3146,-769
121001315,3752,2011,1741
121001326,524,360,164
121900001,125,193,-68
121900002,101,20,81
121900003,310,7,303
121900004,157,275,-118
121900005,14,6,8
121900006,78,21,57
121900007,1452,2472,-1020
121900008,339,119,220
121900009,343,23,320
121900010,188,0,188
121900011,162,274,-112
121900012,19,0,19
121900013,1717,109,1608
121900014,1050,430,620
121900015,177,160,17
121900016,6,43,-37
121900017,735,380,355
121900018,588,4,584
121900019,368,268,100
121900020,28,1,27
121900021,855,21,834
121900022,200,176,24
121900023,100,180,-80
121900024,326,153,173
121900025,473,328,145
121900026,252,42,210
121900027,369,124,245
121900028,179,15,164
121900029,65,127,-62
121900030,491,516,-25
121900031,904,5596,-4692
121900032,75,75,0
121900033,152,178,-26
121900034,417,86,331
121900035,1902,1885,17
121900036,66,280,-214
121900037,128,515,-387
121900038,32,158,-126
121900039,344,29,315
121900040,54,85,-31
121900041,66,140,-74
121900042,259,131,128
121900043,4,5,-1
121900044,162,87,75
121900046,259,219,40
121900047,193,67,126
121900048,28,130,-102
121900050,28,57,-29
121900051,146,166,-20
121900052,135,33,102
121900053,724,408,316
121900054,391,814,-423
121900055,0,9,-9
121900058,192,115,77
121900059,367,303,64
121900060,105,294,-189
121900062,105,82,23
121900063,1280,376,904
121900064,254,533,-279
121900066,79,28,51
121900067,96,66,30
121900069,160,104,56
121900070,211,78,133
121900071,276,235,41
121900072,67,187,-120
121900073,266,176,90
121900074,530,734,-204
121900075,474,409,65
121900076,360,467,-107
121900078,211,21,190
121900079,1,0,1
121900080,675,419,256
121900082,58,124,-66
121900084,13,189,-176
121900086,21,32,-11
121900087,211,104,107
121900088,1244,2204,-960
121900089,138,311,-173
121900090,33,97,-64
121900091,84,191,-107
121900092,98,60,38
121900093,75,64,11
121900094,10,6,4
121900095,238,133,105
121900096,1042,674,368
121900097,454,190,264
121900098,8,0,8
121900099,173,68,105
121900100,250,390,-140
121900101,110,124,-14
121900102,6,156,-150
121900103,850,199,651
121900104,1200,385,815
121900105,245,139,106
121900106,10,2,8
121900107,32,27,5
121900108,1,21,-20
121900109,304,145,159
121900110,542,882,-340
121900111,1026,139,887
121900112,160,93,67
121900113,50,343,-293
121900114,48,94,-46
121900117,102,59,43
121900118,1597,464,1133
121900119,189,139,50
121900120,75,1402,-1327
121900121,382,38,344
121900122,33,66,-33
121900123,171,438,-267
121900124,142,192,-50
121900125,764,904,-140
121900127,10,78,-68
121900128,90,65,25
121900129,549,204,345
121900130,97,143,-46
121900131,274,95,179
121900132,44,89,-45
121900133,92,724,-632
121900134,42,159,-117
121900135,1770,265,1505
121900136,342,354,-12
121900137,40,354,-314
121900138,78,120,-42
121900139,333,430,-97
121900140,56,202,-146
121900141,47,47,0
121900142,91,89,2
121900143,3,144,-141
121900144,97,273,-176
121900145,184,178,6
121900146,544,616,-72
121900147,58,173,-115
121900148,228,237,-9
121900149,299,524,-225
121900150,70,118,-48
121900151,72,208,-136
121900152,104,134,-30
121900153,101,580,-479
121900154,17,233,-216
121900155,2,78,-76
121900156,116,79,37
121900157,5,340,-335
121900158,64,77,-13
121900159,0,168,-168
121900160,112,296,-184
121900161,325,306,19
121900162,78,136,-58
121900163,357,593,-236
121900164,532,180,352
121900165,283,117,166
121900166,343,128,215
121900167,133,104,29
121900168,203,212,-9
121900169,11,224,-213
121900170,10,216,-206
121900171,763,478,285
121900172,489,214,275
121900173,941,204,737
121900174,36,89,-53
121900175,178,186,-8
121900176,590,1282,-692
121900177,135,73,62
121900178,57,66,-9
121900179,368,166,202
121900180,3539,3308,231
121900182,740,254,486
121900183,616,652,-36
121900184,56,473,-417
121900186,4,224,-220
121900187,87,106,-19
121900188,378,561,-183
121900189,29,118,-89
121900190,285,428,-143
121900191,141,212,-71
121900192,287,499,-212
121900193,63,135,-72
121900194,8,123,-115
121900195,71,63,8
121900196,885,801,84
121900197,331,1450,-1119
121900198,865,731,134
121900199,5,18,-13
121900200,97,216,-119
121900201,879,707,172
121900202,190,521,-331
121900203,154,719,-565
121900204,676,1079,-403
121900205,19,96,-77
121900206,13,18,-5
121900207,116,24,92
121900208,309,258,51
121900209,49,40,9
121900210,946,836,110
121900211,302,583,-281
121900212,184,136,48
121900213,202,85,117
121900214,3,437,-434
121900215,82,63,19
121900216,48,87,-39
121900217,173,111,62
121900218,162,292,-130
121900220,128,8,120
121900221,212,525,-313
121900222,129,116,13
121900223,146,38,108
121900224,73,32,41
121900225,202,87,115
121900226,164,158,6
121900227,193,448,-255
121900228,202,361,-159
121900230,130,115,15
121900231,211,384,-173
121900232,202,387,-185
121900233,155,164,-9
121900234,242,243,-1
121900235,466,173,293
121900236,315,181,134
121900237,187,265,-78
121900238,138,225,-87
121900239,146,31,115
121900240,195,63,132
121900241,24,51,-27
121900242,8,0,8
121900243,9,0,9
121900244,26,2,24
121900245,148,46,102
121900246,1458,248,1210
121900248,1200,1118,82
121900250,217,207,10
121900251,244,32,212
121900252,450,105,345
121900253,203,705,-502
121900254,468,198,270
121900255,257,70,187
121900258,2526,2073,453
121900259,339,512,-173
121900260,70,172,-102
121900261,197,461,-264
121900262,282,814,-532
121900263,230,277,-47
121900264,1644,1313,331
121900265,200,237,-37
121900266,365,118,247
121900267,89,41,48
121900269,175,620,-445
121900270,20,230,-210
121900271,33,121,-88
121900273,432,1676,-1244
121900274,260,148,112
121900277,433,947,-514
121900278,95,745,-650
121900279,112,161,-49
121900280,140,241,-101
121900281,214,142,72
121900284,33,4,29
121900286,158,146,12
121900287,18,25,-7
121900288,3,2,1
121900290,193,269,-76
121900291,384,445,-61
121900292,182,126,56
121900293,872,2253,-1381
121900294,222,8,214
121900295,120,204,-84
121900296,73,76,-3
121900298,267,519,-252
121900299,0,5,-5
121900300,161,0,161
121900301,72,4,68
121900302,1,25,-24
121900303,436,288,148
121900304,1,14,-13
121900305,0,3,-3
121900306,141,4,137
121900307,56,21,35
121900308,30,256,-226
121900309,13,209,-196
121900310,37,401,-364
121900311,369,47,322
121900312,323,17,306
121900313,339,21,318
121900314,1,68,-67
121900315,15,0,15
121900316,0,16,-16
121900317,8,2,6
121900318,1,26,-25
121900319,44,124,-80
121900320,43,88,-45
121900321,24,3,21
121900322,0,25,-25
121900323,21,11,10
121900324,9,64,-55
121900325,11,18,-7
121900326,8,22,-14
121900327,5,73,-68
121900328,3,32,-29
121900329,5,217,-212
121900330,1,33,-32
121900331,11,2,9
121900332,52,56,-4
121900333,24,5,19
121900334,130,51,79
122000001,2116,4169,-2053
122000002,4522,1630,2892
122000003,1986,2178,-192
122000004,3182,1369,1813
122000005,2187,1412,775
122000006,1745,872,873
122000007,1266,1744,-478
122000008,3768,4529,-761
122000009,402,349,53
122000010,1960,2519,-559
122000011,2748,1166,1582
122000012,1323,1265,58
122000013,1265,817,448
122000014,1373,1237,136
122000015,1275,976,299
122000016,603,710,-107
122000017,948,977,-29
122000018,1310,1002,308
122000019,720,1066,-346
122000020,159,169,-10
122000021,286,371,-85
122000022,1064,994,70
122000023,657,1731,-1074
122000024,718,1010,-292
122000025,1365,1267,98
122000026,1315,879,436
122000027,585,2613,-2028
122000028,804,379,425
122000029,404,427,-23
122000031,157,275,-118
122000032,1597,2127,-530
122000033,766,1037,-271
122000034,556,377,179
122000035,275,731,-456
122000036,594,590,4
122000037,367,238,129
122000038,210,339,-129
122000039,175,179,-4
122000040,659,555,104
122000041,434,573,-139
122000042,361,400,-39
122000043,130,168,-38
122000044,146,148,-2
122000045,1110,385,725
122000046,742,779,-37
122000047,290,218,72
122000048,3605,3880,-275
122000049,4945,2630,2315
122000050,1572,695,877
122000051,413,269,144
122000052,445,295,150
122000053,171,668,-497
122000054,2322,1801,521
122000055,2194,2544,-350
122000056,4730,3420,1310
122000057,3242,3022,220
122000058,3235,1104,2131
122000059,2814,1454,1360
122000060,617,517,100
122000061,554,368,186
122000062,1563,486,1077
122000063,1285,582,703
122000064,2875,2223,652
122000065,3856,2234,1622
122000066,522,328,194
122000067,1619,1040,579
122000068,1197,1051,146
122000069,950,623,327
122000070,787,2099,-1312
122000071,1187,1199,-12
122000072,284,281,3
122000073,804,626,178
122000074,2659,1489,1170
122000075,766,1204,-438
122000076,1706,999,707
122000077,1328,642,686
122000078,2437,2359,78
122000079,1610,979,631
122000080,870,336,534
122000081,203,243,-40
122000082,1026,754,272
122000083,1167,2319,-1152
122000084,1280,691,589
122000085,302,1022,-720
122000086,1833,4075,-2242
122000087,331,139,192
122000088,241,330,-89
122000089,4563,2197,2366
122000090,214,374,-160
122000091,357,75,282
122000092,187,10,177
122000093,1595,1114,481
122000094,5142,1609,3533
122000095,2350,2347,3
122000096,1887,1360,527
122000098,2846,1665,1181
122000099,2390,566,1824
122000100,896,498,398
122000101,390,685,-295
122000102,1619,1035,584
122000103,2207,1790,417
122000104,427,178,249
122000105,1024,204,820
122000106,471,574,-103
122000107,1076,426,650
122000108,425,657,-232
122000109,374,276,98
122000110,374,491,-117
122000111,2379,1045,1334
122000112,783,1177,-394
122000113,664,573,91
122000114,2992,1264,1728
122000115,1683,1298,385
122000116,541,441,100
122000117,1383,355,1028
122000118,502,713,-211
122000119,3122,2043,1079
122000120,1944,3670,-1726
122000121,1927,2795,-868
122000122,773,1653,-880
122000123,1644,1775,-131
122000124,930,496,434
122000125,804,595,209
122000126,587,1034,-447
122000127,1047,1498,-451
122000128,538,792,-254
122000129,579,1071,-492
122000130,2741,1442,1299
122000131,1282,1277,5
122000132,642,544,98
122000133,818,1121,-303
122000134,754,824,-70
122000135,726,747,-21
122000136,771,760,11
122000137,1186,791,395
122000139,1223,2667,-1444
122000140,989,557,432
122000141,3059,748,2311
122000142,349,609,-260
122000143,422,490,-68
122000144,1235,1123,112
122000145,1428,836,592
122000146,697,990,-293
122000147,697,469,228
122000148,1947,1477,470
122000149,2038,1533,505
122000150,1082,873,209
122000151,200,330,-130
122000152,391,318,73
122000153,378,289,89
122000154,184,189,-5
122000155,1326,2182,-856
122000156,2251,1830,421
122000157,1492,1318,174
122000158,388,546,-158
122000159,725,1456,-731
122000160,2936,2518,418
122000161,1064,1068,-4
122000162,2032,1565,467
122000163,213,88,125
122000164,46,83,-37
122000165,839,547,292
122000166,1162,927,235
122000167,266,203,63
122000168,136,436,-300
122000169,480,261,219
122000170,269,219,50
122000171,43,89,-46
122000172,1359,1320,39
122000173,1270,2013,-743
122000174,2284,644,1640
122000175,616,263,353
122000176,272,609,-337
122000177,1377,1134,243
122000178,2662,2206,456
122000179,1271,2140,-869
122000180,1561,1149,412
122000181,1574,2495,-921
122000182,1549,1030,519
122000183,1486,919,567
122000184,2245,1601,644
122000185,1204,1158,46
122000186,482,726,-244
122000187,1728,1039,689
122000188,410,182,228
122000189,229,284,-55
122000190,1010,951,59
122000191,835,506,329
122000192,579,210,369
122000193,376,567,-191
122000194,1505,314,1191
122000195,175,431,-256
122000196,1161,579,582
122000197,567,564,3
122000198,492,766,-274
122000199,272,216,56
122000200,1117,594,523
122000201,1579,1302,277
122000202,1173,1079,94
122000203,2366,1390,976
122000204,1635,1952,-317
122000205,1494,1415,79
122000206,2101,693,1408
122000207,1793,953,840
122000208,2168,1289,879
122000209,1951,344,1607
122000210,2042,1459,583
122000211,1174,860,314
122000212,807,496,311
122000213,917,1228,-311
122000214,1905,1540,365
122000215,1529,1532,-3
122000217,2128,1214,914
122000218,727,61,666
122000219,1089,878,211
122000220,376,627,-251
122000221,93,402,-309
122000222,160,78,82
122000223,1407,484,923
122000225,842,268,574
122000226,2517,1551,966
122000227,285,2307,-2022
122000228,487,388,99
122000229,105,494,-389
122000230,148,446,-298
122000231,470,751,-281
122000232,735,914,-179
122000233,0,108,-108
122000234,339,118,221
122000235,657,111,546
122000236,1440,211,1229
122000237,103,70,33
122000238,570,558,12
122000239,639,94,545
122000240,1108,476,632
122000241,1310,473,837
122000242,603,98,505
122000243,288,82,206
122000244,57,324,-267
122000245,140,230,-90
122000246,419,220,199
122000247,717,645,72
122000248,985,1547,-562
122000249,1697,825,872
122000250,1992,1208,784
122000251,234,320,-86
122000252,481,160,321
122000253,132,437,-305
122000254,281,107,174
122000255,703,1598,-895
122000256,490,885,-395
122000257,194,267,-73
122000258,304,316,-12
122000259,31,453,-422
122000261,30,231,-201
122000262,2,47,-45
122000263,240,66,174
122000264,1013,454,559
122000265,2188,847,1341
122000266,4355,594,3761
122000267,164,87,77
122000268,151,335,-184
122000269,810,328,482
122000270,858,156,702
122000271,354,897,-543
122000272,330,886,-556
122000273,311,339,-28
122000274,272,185,87
122000275,143,173,-30
122000276,699,440,259
122000277,1274,1284,-10
122000278,1864,799,1065
122000279,187,395,-208
122000280,1070,624,446
122000281,685,632,53
122000282,357,221,136
122000283,833,83,750
122000284,292,97,195
122000285,664,102,562
122000286,183,114,69
122000287,1223,1095,128
122000288,738,209,529
122000291,1601,866,735
122000293,278,280,-2
122000294,145,237,-92
122000295,1694,238,1456
122000296,123,689,-566
122000297,2275,2663,-388
122000299,366,328,38
122000300,506,519,-13
122000301,8816,2775,6041
122000302,504,1103,-599
122000303,2880,1373,1507
122000304,77,186,-109
122000305,846,740,106
122000306,43,679,-636
122000307,293,148,145
122000309,169,46,123
122000310,55,67,-12
122000311,270,126,144
122000312,160,117,43
122000313,173,58,115
122000314,107,207,-100
122000315,239,32,207
122000316,570,238,332
122000317,1035,227,808
122000318,353,477,-124
122000319,203,299,-96
122000320,794,2028,-1234
122000321,87,160,-73
122000322,2125,2253,-128
122000323,1527,1984,-457
122000324,1089,991,98
122000325,946,1259,-313
122000326,83,107,-24
122000327,459,739,-280
122000328,829,554,275
122000330,1590,646,944
122000332,211,201,10
122000333,10,176,-166
122000337,837,1420,-583
122000338,373,292,81
122000340,330,338,-8
122000342,1697,895,802
122000343,429,1082,-653
122000344,59,20,39
122000345,257,55,202
122000346,337,421,-84
122000348,606,579,27
122000349,179,733,-554
122000351,106,304,-198
122000352,919,184,735
122000353,124,138,-14
122000355,136,189,-53
122000356,1221,873,348
122000357,107,29,78
122000358,1,36,-35
122000359,0,30,-30
122000360,0,34,-34
122000362,5,67,-62
122000364,136,281,-145
122000365,0,50,-50
122000366,31,7,24
122000368,416,567,-151
122000370,36,46,-10
122000371,21,2,19
122000372,46,2,44
122000381,50,266,-216
122000382,88,322,-234
122000384,3200,1366,1834
122000385,79,0,79
122000386,636,1166,-530
122000387,603,489,114
122000388,1298,609,689
122000389,164,549,-385
122000390,611,315,296
122000391,330,117,213
122000392,202,273,-71
122000393,46,62,-16
122000394,616,279,337
122000395,222,211,11
122000396,340,123,217
122000397,70,73,-3
122000398,63,45,18
122000399,221,92,129
122000400,125,403,-278
122000401,229,170,59
122000402,279,97,182
122000403,431,773,-342
122000404,134,352,-218
122000408,875,1175,-300
122000503,5,134,-129
122000524,176,112,64
122000544,53,2631,-2578
122000614,372,263,109
122000616,283,3,280
122000640,81,138,-57
122000641,130,365,-235
122000642,1629,1006,623
122000643,32,140,-108
122000644,133,36,97
122000645,119,234,-115
122000651,1627,637,990
122000664,195,38,157
122000665,1248,543,705
122000666,563,1023,-460
122000673,63,271,-208
122000674,155,61,94
122000675,1828,1163,665
122000686,484,898,-414
122000687,1743,301,1442
122000688,284,652,-368
122000689,835,524,311
122000690,1634,562,1072
122000691,607,1802,-1195
122000692,1087,320,767
122000693,324,1378,-1054
122000695,326,383,-57
122000696,329,276,53
122000698,279,566,-287
122000699,167,57,110
122000701,1180,309,871
122000702,442,1198,-756
122000703,132,51,81
122000712,0,0,0
122000717,119,58,61
122000718,991,1452,-461
122000719,144,75,69
122000720,406,301,105
122000724,240,260,-20
122900001,24,6,18
122900002,1105,3708,-2603
122900003,366,53,313
122900004,427,30,397
122900005,76,39,37
122900006,1518,163,1355
122900007,117,64,53
122900008,882,35,847
122900009,566,299,267
122900010,206,170,36
122900012,168,267,-99
122900014,162,314,-152
122900015,1472,593,879
122900016,170,206,-36
122900017,329,511,-182
122900018,193,29,164
122900019,369,109,260
122900020,489,280,209
122900021,124,730,-606
122900024,171,104,67
122900025,10,155,-145
122900026,79,249,-170
122900027,54,608,-554
122900028,154,150,4
122900029,3750,2572,1178
122900030,823,427,396
122900031,70,185,-115
122900032,98,384,-286
122900033,332,108,224
122900034,3882,4479,-597
122900035,21,17,4
122900036,66,121,-55
122900037,312,138,174
122900038,134,2753,-2619
122900039,100,471,-371
122900040,298,322,-24
122900041,288,185,103
122900042,131,261,-130
122900043,337,172,165
122900044,85,310,-225
122900045,109,113,-4
122900046,205,89,116
122900047,197,160,37
122900048,39,244,-205
122900049,1342,138,1204
122900051,79,132,-53
122900052,94,275,-181
122900053,38,20,18
122900055,340,138,202
122900057,264,66,198
122900061,530,164,366
122900062,454,664,-210
122900063,184,299,-115
122900064,1330,341,989
122900065,302,101,201
122900066,661,532,129
122900067,1008,645,363
122900069,495,1834,-1339
122900070,491,196,295
122900071,161,338,-177
122900073,40,289,-249
122900074,576,577,-1
122900075,3,50,-47
122900076,2,215,-213
122900077,32,213,-181
122900078,136,8,128
122900080,62,35,27
122900081,379,161,218
122900082,739,216,523
122900083,174,129,45
122900084,6,238,-232
122900086,6,75,-69
122900087,385,406,-21
122900088,34,82,-48
122900089,66,173,-107
122900090,13,573,-560
122900091,195,1,194
122900092,195,288,-93
122900093,2,210,-208
122900094,12,175,-163
122900095,132,4,128
122900096,118,63,55
122900097,34,35,-1
122900098,67,96,-29
122900099,46,4,42
122900100,691,132,559
122900101,509,245,264
122900102,24,17,7
122900103,128,8,120
122900104,128,6,122
122900105,10,7,3
122900106,4,79,-75
122900107,9,246,-237
122900108,16,261,-245
122900109,553,473,80
123000001,1513,434,1079
123000002,3901,3817,84
123000003,3671,3556,115
123000004,2993,3989,-996
123000005,2331,2805,-474
123000006,2185,2579,-394
123000007,4620,2708,1912
123000008,3961,3362,599
123000009,4410,3051,1359
123000010,3545,3232,313
123000011,2877,782,2095
123000012,941,2190,-1249
123000013,3481,1027,2454
123000014,1115,3188,-2073
123000015,3798,1017,2781
123000016,4263,3523,740
123000017,2679,1694,985
123000018,64,120,-56
123000019,194,208,-14
123000020,126,117,9
123000021,68,347,-279
123000022,302,2953,-2651
123000023,1957,1411,546
123000024,1566,715,851
123000025,284,238,46
123000026,82,86,-4
123000027,1075,285,790
123000028,1843,301,1542
123000029,2179,474,1705
123000030,379,359,20
123000031,149,291,-142
123000032,291,170,121
123000033,406,169,237
123000034,1327,1234,93
123000035,348,475,-127
123000036,250,977,-727
123000037,278,261,17
123000038,95,235,-140
123000039,357,1137,-780
123000040,744,337,407
123000041,1346,1057,289
123000042,1009,632,377
123000043,2840,6263,-3423
123000044,4401,2186,2215
123000045,7503,2506,4997
123000046,754,1190,-436
123000047,2119,1002,1117
123000048,71,486,-415
123000049,5728,6683,-955
123000050,1183,1233,-50
123000051,117,240,-123
123000052,848,2784,-1936
123000053,2439,2736,-297
123000054,1329,1160,169
123000055,977,1574,-597
123000056,1900,1627,273
123000057,11910,5796,6114
123000058,848,743,105
123000059,487,535,-48
123000060,842,318,524
123000061,311,662,-351
123000063,717,862,-145
123000064,826,293,533
123000065,4846,2666,2180
123000066,674,579,95
123000067,843,694,149
123000068,2659,2652,7
123000069,5999,3115,2884
123000070,253,730,-477
123000071,803,1026,-223
123000072,998,890,108
123000073,988,742,246
123000074,962,1183,-221
123000075,263,828,-565
123000076,646,688,-42
123000077,2009,2656,-647
123000078,1275,1777,-502
123000079,1172,1884,-712
123000080,2131,1936,195
123000081,123,381,-258
123000082,329,934,-605
123000083,719,243,476
123000084,566,639,-73
123000085,227,87,140
123000086,422,227,195
123000087,317,317,0
123000088,1983,815,1168
123000089,434,1069,-635
123000090,1059,971,88
123000091,1358,1537,-179
123000092,1049,1146,-97
123000094,418,242,176
123000095,617,821,-204
123000096,560,440,120
123000097,450,748,-298
123000098,627,562,65
123000099,641,754,-113
123000100,517,672,-155
123000101,546,653,-107
123000102,750,660,90
123000104,382,421,-39
123000105,457,449,8
123000106,412,434,-22
123000107,384,535,-151
123000108,649,1118,-469
123000111,730,418,312
123000112,848,532,316
123000113,502,1322,-820
123000114,516,611,-95
123000115,357,300,57
123000116,39,171,-132
123000117,2138,1712,426
123000118,376,943,-567
123000119,271,936,-665
123000120,651,821,-170
123000121,484,635,-151
123000122,357,249,108
123000123,464,625,-161
123000124,421,496,-75
123000125,945,1058,-113
123000126,1200,2874,-1674
123000127,815,721,94
123000128,295,308,-13
123000129,617,249,368
123000130,519,117,402
123000131,633,593,40
123000132,421,593,-172
123000133,327,333,-6
123000134,327,166,161
123000135,1653,1186,467
123000136,306,840,-534
123000137,108,329,-221
123000138,106,318,-212
123000139,349,132,217
123000140,115,672,-557
123000141,586,124,462
123000142,1102,1018,84
123000143,2248,2267,-19
123000144,56,18,38
123000147,297,98,199
123000149,491,424,67
123000150,220,249,-29
123000151,339,455,-116
123000152,138,268,-130
123000153,246,571,-325
123000154,1372,1624,-252
123000155,1834,707,1127
123000156,52,144,-92
123000157,629,836,-207
123000158,620,781,-161
123000159,3097,2319,778
123000160,922,718,204
123000161,1438,1082,356
123000162,1144,1683,-539
123000163,443,92,351
123000164,640,195,445
123000165,363,1057,-694
123000167,0,143,-143
123000168,284,255,29
123000169,620,116,504
123000170,95,165,-70
123000171,494,65,429
123000172,741,853,-112
123000173,549,366,183
123000174,998,543,455
123000175,668,1230,-562
123000176,894,210,684
123000177,237,892,-655
123000178,751,164,587
123000179,44,671,-627
123000180,1189,255,934
123000181,237,1492,-1255
123000182,246,418,-172
123000183,99,247,-148
123000184,83,597,-514
123000185,511,443,68
123000186,2,690,-688
123000187,623,7,616
123000188,205,0,205
123000189,79,190,-111
123000190,47,77,-30
123000192,24,553,-529
123000193,86,1016,-930
123000194,265,161,104
123000195,347,39,308
123000196,259,95,164
123000197,96,205,-109
123000198,86,304,-218
123000199,8,479,-471
123000200,299,8,291
123000201,480,12,468
123000202,21,986,-965
123000203,712,48,664
123000204,56,1211,-1155
123000205,568,1915,-1347
123000206,1418,150,1268
123000207,410,1217,-807
123000208,876,179,697
123000209,2834,836,1998
123000210,863,3340,-2477
123000211,539,2509,-1970
123000212,2234,522,1712
123000213,800,64,736
123000215,148,161,-13
123000216,146,643,-497
123000217,156,48,108
123000218,67,503,-436
123000219,837,147,690
123000220,457,92,365
123000221,314,133,181
123000222,361,367,-6
123000223,212,294,-82
123000224,373,549,-176
123000225,255,95,160
123000226,69,274,-205
123000227,129,255,-126
123000228,204,79,125
123000229,1049,1739,-690
123000232,120,661,-541
123000233,566,174,392
123000234,151,712,-561
123000235,749,281,468
123000236,232,797,-565
123000237,408,108,300
123000238,90,536,-446
123000239,538,1365,-827
123000240,37,342,-305
123000241,570,126,444
123000242,94,157,-63
123000243,962,1117,-155
123000244,1499,766,733
123000245,58,213,-155
123000249,360,608,-248
123000252,699,219,480
123000253,874,511,363
123000254,691,1012,-321
123000255,1020,955,65
123000256,46,237,-191
123000257,2760,2283,477
123000258,1102,1003,99
123000259,355,451,-96
123000260,567,399,168
123000261,135,137,-2
123000263,243,247,-4
123000264,145,141,4
123000265,61,153,-92
123000266,513,733,-220
123000267,426,327,99
123000268,44,103,-59
123000269,106,89,17
123000270,131,84,47
123000271,68,102,-34
123000272,609,281,328
123000273,179,649,-470
123000274,1045,613,432
123000275,255,840,-585
123000278,3632,2476,1156
123000279,95,99,-4
123000280,618,375,243
123000281,379,108,271
123000282,116,351,-235
123000283,34,72,-38
123000284,71,102,-31
123000286,317,289,28
123000287,777,364,413
123000288,991,532,459
123000289,375,883,-508
123000291,223,758,-535
123000294,265,265,0
123000295,1244,1098,146
123000296,741,599,142
123000297,601,757,-156
123000298,839,798,41
123000299,311,419,-108
123000300,827,796,31
123000301,116,230,-114
123000302,74,208,-134
123000303,148,125,23
123000305,931,879,52
123000306,103,203,-100
123000309,31,90,-59
123000310,59,55,4
123000311,0,154,-154
123000312,597,877,-280
123000313,445,511,-66
123000315,57,322,-265
123000316,1286,340,946
123000317,379,96,283
123000318,97,353,-256
123000329,11,24,-13
123000337,1343,289,1054
123000338,957,45,912
123000339,191,151,40
123000340,462,672,-210
123000342,17,142,-125
123000343,39,11,28
123000344,1438,518,920
123000345,330,564,-234
123000346,334,67,267
123000352,1295,752,543
123000353,38,150,-112
123000354,501,13,488
123000355,1,407,-406
123000356,394,7,387
123000357,1,161,-160
123000359,8,158,-150
123000360,191,107,84
123000361,316,303,13
123000362,233,144,89
123000363,79,188,-109
123000364,526,431,95
123000365,27,320,-293
123000366,412,1650,-1238
123000367,312,1106,-794
123000370,33,212,-179
123000371,864,44,820
123000372,402,23,379
123000373,4,409,-405
123000374,21,200,-179
123000375,357,50,307
123000376,920,914,6
123000377,267,47,220
123000378,6,207,-201
123000379,3,185,-182
123000380,71,314,-243
123000381,169,43,126
123000382,1082,137,945
123000383,194,1159,-965
123000384,416,78,338
123000385,393,631,-238
123000436,51,1015,-964
123000507,243,385,-142
123000508,252,810,-558
123000517,275,28,247
123000518,20,276,-256
123000519,163,79,84
123000520,53,199,-146
123000521,287,90,197
123000522,130,347,-217
123000541,6,4,2
123000542,0,24,-24
123000565,808,70,738
123000566,241,723,-482
123000567,167,234,-67
123000573,57,678,-621
123000574,710,104,606
123000575,1107,1005,102
123000576,662,1309,-647
123000577,76,489,-413
123000578,578,68,510
123000579,3170,4272,-1102
123000580,221,89,132
123000582,312,21,291
123000583,23,342,-319
123000584,160,222,-62
123000585,0,102,-102
123000586,70,0,70
123000596,393,225,168
123000597,159,161,-2
123000602,26,9,17
123000603,534,736,-202
123000604,487,806,-319
123000605,1037,15,1022
123000606,0,324,-324
123000609,14,318,-304
123000610,158,152,6
123000613,60,222,-162
123000614,229,49,180
123000615,85,175,-90
123000616,537,50,487
123000617,96,319,-223
123000618,67,477,-410
123000619,487,30,457
123000620,18,336,-318
123000622,274,17,257
123000624,125,46,79
123000630,1027,462,565
123000631,240,1522,-1282
123000632,810,827,-17
123000633,0,422,-422
123000634,68,116,-48
123000635,120,100,20
123000636,110,568,-458
123000637,228,22,206
123000638,677,50,627
123000639,900,3039,-2139
123000640,27,813,-786
123000648,315,96,219
123000649,74,587,-513
123000650,284,62,222
123000651,107,119,-12
123900001,1222,52,1170
123900002,44,1478,-1434
123900003,376,330,46
123900005,213,159,54
123900006,243,52,191
124000001,1434,162,1272
124000002,70,1294,-1224
124000003,674,210,464
124000004,77,578,-501
124000005,739,315,424
124000006,242,1120,-878
124000007,431,114,317
124000008,27,571,-544
124000009,709,241,468
124000010,241,576,-335
124000011,880,231,649
124000012,275,525,-250
124000017,148,217,-69
124000018,83,95,-12
124000019,116,195,-79
124000020,58,195,-137
124000021,121,137,-16
124000022,73,227,-154
124000023,857,296,561
124000024,112,312,-200
124000025,743,568,175
124000026,243,291,-48
124000027,1838,976,862
124000028,2563,1427,1136
124000031,1133,2053,-920
124000032,2303,1204,1099
124000033,888,585,303
124000034,689,1271,-582
124000035,324,167,157
124000036,184,637,-453
124000037,726,900,-174
124000038,48,135,-87
124000039,1236,494,742
124000040,663,1011,-348
124000041,537,68,469
124000042,242,424,-182
124000043,94,91,3
124000044,83,220,-137
124000045,783,579,204
124000046,301,687,-386
124000047,1102,1073,29
124000048,979,1256,-277
124000049,1412,728,684
124000050,738,1663,-925
124000051,861,693,168
124000052,692,931,-239
124000053,501,1499,-998
124000054,1004,562,442
124000055,1219,2058,-839
124000056,2089,1737,352
124000057,835,579,256
124000058,450,1505,-1055
124000059,523,1049,-526
124000060,1075,737,338
124000061,1276,4237,-2961
124000062,3925,1809,2116
124000063,1639,1882,-243
124000064,2768,1646,1122
124000065,12,43,-31
124000066,199,80,119
124000067,266,185,81
124000068,51,244,-193
124000069,575,255,320
124000070,195,458,-263
124000071,1111,58,1053
124000072,82,54,28
124000073,642,111,531
124000074,394,718,-324
124000075,242,78,164
124000076,12,255,-243
124000077,1966,614,1352
124000078,2740,1367,1373
124000079,533,961,-428
124000080,1048,188,860
124000081,442,476,-34
124000082,72,219,-147
124000083,154,125,29
124000084,140,377,-237
124000085,98,29,69
124000086,304,82,222
124000088,188,230,-42
124000089,860,432,428
124000090,167,373,-206
124000091,500,195,305
124000092,126,691,-565
124000093,113,154,-41
124000094,136,473,-337
124000095,80,152,-72
124000096,159,250,-91
124000097,138,267,-129
124000098,100,135,-35
124000099,272,121,151
124000100,66,117,-51
124000101,69,167,-98
124000102,135,78,57
124000103,82,184,-102
124000104,117,67,50
124000105,54,127,-73
124000106,119,84,35
124000107,23,141,-118
124000108,59,41,18
124000109,156,190,-34
124000110,365,152,213
124000111,176,221,-45
124000112,601,652,-51
124000113,94,160,-66
124000114,295,499,-204
124000115,408,643,-235
124000116,109,226,-117
124000117,50,60,-10
124000118,47,99,-52
124000119,871,384,487
124000120,437,418,19
124000121,1500,655,845
124000122,551,1193,-642
124000123,1144,462,682
124000124,537,1130,-593
124000125,454,441,13
124000126,287,604,-317
124000127,757,497,260
124000128,544,978,-434
124000129,1881,1456,425
124000130,794,747,47
124000131,833,489,344
124000132,801,847,-46
124000133,875,738,137
124000134,431,438,-7
124000135,2322,1796,526
124000136,1039,777,262
124000137,1452,868,584
124000138,1707,1505,202
124000139,1282,68,1214
124000140,118,651,-533
124000141,750,41,709
124000142,49,603,-554
124000143,178,20,158
124000144,18,200,-182
124000145,445,50,395
124000146,170,94,76
124000148,90,138,-48
124000149,1567,568,999
124000150,462,593,-131
124000151,650,270,380
124000152,589,1020,-431
124000153,836,749,87
124000154,368,686,-318
124000155,1117,1001,116
124000156,1598,987,611
124000169,194,401,-207
124000170,612,450,162
124000171,296,197,99
124000172,255,534,-279
124000173,375,208,167
124000174,432,580,-148
124000175,13,127,-114
124000176,56,37,19
124000177,12,40,-28
124000178,160,66,94
124000185,99,29,70
124000186,7,55,-48
124000187,5,97,-92
124000188,51,8,43
124000190,131,27,104
124000191,218,100,118
124000192,2124,360,1764
124000193,547,785,-238
124000194,431,514,-83
124000195,227,576,-349
124000196,1268,1116,152
124000197,71,56,15
124000198,26,55,-29
124000201,366,884,-518
124000202,707,48,659
124000203,230,657,-427
124000204,648,9,639
124000205,122,468,-346
124000206,645,94,551
124000207,0,38,-38
124000209,253,523,-270
124000210,337,204,133
124000211,472,2,470
124000212,2,453,-451
124000213,304,361,-57
124000214,256,803,-547
124000215,502,16,486
124000216,6,414,-408
124000329,23,997,-974
124000338,181,1495,-1314
124000339,855,156,699
124000341,1234,137,1097
124000344,57,11,46
124000357,1512,3357,-1845
124000358,1070,2491,-1421
124000359,890,717,173
124000360,673,553,120
124000361,1898,736,1162
124000362,1372,1345,27
124000363,287,360,-73
124000364,628,929,-301
124000365,653,1160,-507
124000366,1819,1279,540
124000367,142,457,-315
124000368,551,303,248
124000369,131,178,-47
124000370,73,429,-356
124000402,37,5,32
124000403,160,43,117
124000404,14,128,-114
124000405,916,850,66
124000406,755,769,-14
124000407,1,52,-51
124000411,13,376,-363
124000412,412,13,399
124000413,425,56,369
124000414,64,139,-75
124000415,29,183,-154
124000416,172,255,-83
124000417,186,113,73
124000418,110,153,-43
124000419,104,151,-47
124000420,99,112,-13
124000421,53,233,-180
124000422,24,14,10
124000423,114,28,86
124000424,5,163,-158
124000425,111,18,93
124000426,10,189,-179
124000427,138,6,132
124000428,21,60,-39
124000429,45,74,-29
124000430,536,237,299
124000431,367,468,-101
124000432,164,778,-614
124000439,4,11,-7
124000443,0,6,-6
124000445,541,946,-405
124000446,1711,90,1621
124000447,16,138,-122
124000448,55,11,44
124000449,128,14,114
124000450,18,221,-203
124000451,5,162,-157
124000452,392,97,295
124000453,2391,3833,-1442
124000454,1958,3404,-1446
124900001,463,457,6
124900002,144,340,-196
124900003,654,467,187
124900004,506,476,30
124900005,397,141,256
124900006,521,455,66
124900008,1682,970,712
124900009,171,313,-142
124900010,166,169,-3
124900011,371,422,-51
124900012,432,129,303
124900013,1123,190,933
124900014,1050,193,857
124900015,145,295,-150
124900016,51,96,-45
124900017,721,1289,-568
124900018,265,23,242
124900020,93,54,39
124900021,347,63,284
124900024,159,51,108
124900026,243,9,234
124900027,93,310,-217
124900028,372,86,286
124900030,13,83,-70
124900031,29,274,-245
124900033,146,285,-139
124900035,178,382,-204
124900036,3,91,-88
124900037,169,297,-128
124900039,0,53,-53
124900040,34,54,-20
124900042,157,64,93
124900043,271,925,-654
124900044,151,2,149
124900045,833,871,-38
124900047,713,429,284
124900050,408,491,-83
124900052,132,316,-184
124900053,807,753,54
124900054,1032,680,352
124900055,11,308,-297
124900057,25,180,-155
124900060,891,606,285
124900061,239,61,178
124900062,189,21,168
124900066,3,186,-183
124900067,23,502,-479
124900068,195,444,-249
124900070,203,328,-125
124900072,375,86,289
124900075,416,745,-329
124900076,84,1678,-1594
124900077,156,354,-198
124900078,51,5,46
124900080,421,886,-465
124900081,779,392,387
124900082,562,1411,-849
124900083,623,1193,-570
124900085,2111,877,1234
124900086,45,1062,-1017
124900087,1844,94,1750
124900088,1077,272,805
124900089,1871,180,1691
124900090,216,246,-30
124900091,264,386,-122
124900092,177,286,-109
124900093,243,202,41
124900094,271,268,3
124900095,71,409,-338
124900096,478,251,227
124900097,301,90,211
124900098,137,384,-247
124900099,518,522,-4
124900100,230,149,81
124900101,30,21,9
124900102,162,76,86
124900103,179,242,-63
124900104,96,185,-89
124900105,105,125,-20
124900106,267,84,183
124900107,69,22,47
124900108,362,124,238
124900111,36,226,-190
124900112,303,738,-435
124900113,145,271,-126
124900114,219,135,84
124900115,265,35,230
124900116,143,104,39
124900117,538,116,422
124900118,170,234,-64
124900119,366,138,228
124900120,89,361,-272
124900121,261,275,-14
124900122,321,250,71
124900123,493,577,-84
124900124,358,616,-258
124900125,326,14,312
124900126,0,46,-46
204000001,129,13,116
204000002,38,13,25
204000003,20,4,16
204000004,10,0,10
204000005,705,606,99
204000006,1312,1444,-132
204000011,9,51,-42
204000012,66,103,-37
204000019,649,570,79
204000020,593,582,11
204000021,1483,751,732
204000022,648,495,153
204000023,612,1033,-421
204000031,131,28,103
204000032,644,35,609
204000034,46,202,-156
204000035,0,9,-9
204000036,4,15,-11
204000037,2,12,-10
204000038,1,11,-10
204000039,58,30,28
204000040,4,23,-19
204000041,8,28,-20
204000042,65,8,57
204000043,34,3,31
204000044,54,7,47
204000045,36,4,32
204000046,8,2,6
204000057,7,5,2
204000062,36,104,-68
204000068,41,291,-250
204000069,33,306,-273
204000070,91,173,-82
204000080,80,81,-1
204000085,2186,1931,255
204000086,2767,2334,433
204000087,36,17,19
204000088,7,126,-119
204000090,125,271,-146
204000093,281,94,187
204000096,647,1284,-637
204000097,363,36,327
204000099,1039,1411,-372
204000100,1187,2009,-822
204000105,2252,1623,629
204000110,1084,1110,-26
204000111,498,649,-151
204000112,779,606,173
204000113,424,611,-187
204000114,637,509,128
204000115,457,307,150
204000116,764,485,279
204000119,1932,2560,-628
204000132,645,387,258
204000133,729,545,184
204000134,166,161,5
204000135,728,148,580
204000136,874,347,527
204000138,393,528,-135
204000140,229,173,56
204000141,186,104,82
204000144,12,31,-19
204000145,405,29,376
204000146,24,250,-226
204000147,67,243,-176
204000148,898,46,852
204000154,3,0,3
204000155,2,9,-7
204000177,73,72,1
204000179,30,14,16
204000180,0,35,-35
204000222,3,10,-7
204000235,13,19,-6
204000236,66,261,-195
204000238,19,31,-12
204000240,347,80,267
204000263,691,1158,-467
204000268,1063,708,355
204000308,171,43,128
204000317,13,69,-56
204000322,15,29,-14
204000323,20,19,1
204000328,209,97,112
204000329,112,150,-38
204000330,187,69,118
204000331,100,136,-36
205000001,1224,1865,-641
205000013,7,55,-48
205000014,27,67,-40
205000015,20,200,-180
205000016,21,147,-126
205000017,14,73,-59
205000022,420,962,-542
205000025,1594,1385,209
205000029,222,12,210
205000045,132,344,-212
205000046,95,668,-573
205000047,49,495,-446
205000048,391,1432,-1041
205000049,177,955,-778
205000050,965,413,552
205000059,1,227,-226
205000060,0,101,-101
205000061,2,91,-89
205000062,1,96,-95
205000063,24,62,-38
205000064,16,84,-68
205000065,37,522,-485
205000066,149,959,-810
205000067,29,1098,-1069
205000069,209,21,188
205000082,145,235,-90
205000110,75,355,-280
205000111,233,327,-94
205000112,250,198,52
205000113,154,396,-242
205000121,251,70,181
205000123,38,182,-144
205000126,442,163,279
205000127,682,232,450
205000128,604,104,500
205000129,726,127,599
205000130,661,43,618
205000131,232,5,227
205000132,477,5,472
205000133,426,0,426
205000134,327,0,327
205000137,43,143,-100
205000138,152,255,-103
205000139,27,118,-91
205000144,168,71,97
205000145,383,217,166
205000151,169,52,117
205000152,261,27,234
205000153,250,65,185
205000154,81,70,11
205000155,111,20,91
205000207,10,195,-185
205000233,41,0,41
205000234,0,0,0
205000243,0,0,0
205000244,0,11,-11
205000245,20,149,-129
205000249,1,26,-25
205000250,6,0,6
205000264,8,95,-87
206000027,9,4,5
206000028,6,4,2
206000043,5,46,-41
206000053,5,9,-4
206000054,6,16,-10
206000055,1,20,-19
206000075,13,9,4
206000076,13,21,-8
206000077,22,7,15
206000078,27,15,12
206000079,8,11,-3
206000082,307,41,266
206000100,40,451,-411
206000103,6,15,-9
206000104,12,15,-3
206000105,7,7,0
206000106,8,23,-15
206000125,49,0,49
206000157,70,494,-424
206000170,1,136,-135
206000171,2,190,-188
206000172,9,381,-372
206000173,3,225,-222
206000174,8,80,-72
206000175,3,134,-131
206000176,15,179,-164
206000177,1,144,-143
206000178,2,121,-119
206000179,18,73,-55
206000180,10,106,-96
206000181,36,135,-99
206000182,14,170,-156
206000183,20,448,-428
206000184,2,275,-273
206000185,12,183,-171
206000186,129,965,-836
206000223,14,168,-154
206000226,11,2,9
206000227,21,2,19
206000237,18,273,-255
206000238,31,461,-430
206000239,287,1900,-1613
206000240,6,59,-53
206000241,0,89,-89
206000242,7,222,-215
206000243,8,184,-176
206000244,49,453,-404
206000245,555,54,501
206000246,142,19,123
206000247,159,11,148
206000248,283,12,271
206000252,56,19,37
206000258,24,26,-2
206000315,24,5,19
206000317,466,75,391
206000318,346,53,293
206000319,856,92,764
206000320,171,38,133
206000321,135,4,131
206000322,277,14,263
206000323,120,7,113
206000324,119,3,116
206000325,135,10,125
206000326,138,7,131
206000327,366,8,358
206000328,115,5,110
206000329,187,6,181
206000330,36,8,28
206000331,154,2,152
206000332,25,2,23
206000333,381,0,381
206000334,161,1,160
206000335,0,18,-18
206000361,4,145,-141
206000392,2,18,-16
206000405,120,1,119
206000441,24,11,13
206000498,35,1,34
206000515,63,26,37
206000530,193,39,154
206000531,183,156,27
206000532,1782,230,1552
206000535,245,1904,-1659
206000536,14,184,-170
206000537,35,132,-97
206000613,1097,158,939
206000784,434,27,407
207000001,153,467,-314
207000002,124,346,-222
207000003,148,167,-19
207000007,896,337,559
207000008,54,12,42
207000009,73,50,23
207000010,582,464,118
207000012,274,314,-40
207000015,351,1327,-976
207000019,338,89,249
207000021,560,190,370
207000022,166,145,21
207000023,259,40,219
207000024,1,15,-14
207000025,31,71,-40
207000026,122,60,62
207000027,43,84,-41
207000028,51,167,-116
207000029,289,418,-129
207000033,247,391,-144
207000034,310,82,228
207000039,333,141,192
207000040,250,107,143
207000041,295,59,236
207000042,208,79,129
207000043,241,192,49
207000051,183,261,-78
207000052,247,152,95
207000053,405,496,-91
207000054,37,139,-102
207000055,153,143,10
207000056,295,345,-50
207000057,164,274,-110
207000058,283,336,-53
207000059,84,636,-552
207000060,75,271,-196
207000061,298,385,-87
207000062,275,55,220
207000063,331,138,193
207000064,365,151,214
207000065,311,256,55
207000066,200,152,48
207000067,58,110,-52
207000068,130,72,58
207000069,585,398,187
207000082,15,281,-266
207000083,122,313,-191
207000084,232,305,-73
207000085,203,28,175
207000086,173,11,162
207000106,46,32,14
207000107,66,26,40
207000108,70,22,48
207000109,58,13,45
207000110,113,96,17
207000111,51,91,-40
207000112,179,555,-376
207000114,38,45,-7
207000115,40,94,-54
207000116,23,395,-372
207000117,16,107,-91
207000118,7,94,-87
207000119,37,68,-31
207000123,208,33,175
207000124,55,16,39
207000125,64,59,5
207000126,57,102,-45
207000134,82,178,-96
207000135,19,276,-257
207000148,58,319,-261
207000149,99,64,35
207000152,94,371,-277
207000153,909,1068,-159
207000154,393,149,244
207000159,134,232,-98
207000160,201,441,-240
207000238,1,184,-183
207000242,8,217,-209
207000248,110,29,81
207000249,147,53,94
207000250,629,83,546
207000251,72,90,-18
207000252,66,58,8
207000278,139,82,57
207000279,31,167,-136
207000280,482,87,395
207000281,109,1029,-920
207000282,272,130,142
207000283,133,199,-66
207000284,104,196,-92
207000285,158,62,96
207000291,14,123,-109
207000304,119,78,41
207000306,100,346,-246
207000310,68,90,-22
207000353,371,10,361
207000356,31,30,1
207000357,14,9,5
207000358,4,18,-14
207000415,4,249,-245
207000417,42,9,33
207000418,106,152,-46
207000438,0,3,-3
207000439,893,557,336
207000446,103,12,91
207000460,23,10,13
207000466,163,154,9
207000467,184,108,76
207000468,77,391,-314
207000476,8,68,-60
207000477,500,119,381
207000478,4,23,-19
207000523,0,33,-33
207000524,101,0,101
207000527,113,196,-83
207000530,442,11,431
207000531,329,11,318
207000532,100,25,75
207000534,451,70,381
207000535,54,375,-321
207000537,98,99,-1
207000540,9,185,-176
207000541,1,348,-347
207000548,38,249,-211
207000549,609,7,602
207000561,154,192,-38
207000562,39,174,-135
207000567,171,247,-76
207000568,168,74,94
207000569,354,702,-348
207000584,308,176,132
207000585,71,336,-265
207000587,141,37,104
207000616,0,151,-151
207000617,224,0,224
207000624,99,47,52
207000631,10,95,-85
207900008,217,166,51
208000001,581,893,-312
208000002,1034,502,532
208000003,1096,438,658
208000004,1204,639,565
208000005,10,22,-12
208000019,856,1141,-285
208000020,132,573,-441
208000021,264,339,-75
208000022,1091,538,553
208000028,1435,887,548
208000033,519,586,-67
208000034,1193,1238,-45
208000037,349,19,330
208000040,145,176,-31
208000041,912,582,330
208000042,1440,695,745
208000047,130,253,-123
208000064,2414,1545,869
208000066,1884,2291,-407
208000070,275,421,-146
208000071,311,1020,-709
208000072,316,1412,-1096
208000080,280,344,-64
208000081,355,136,219
208000082,301,347,-46
208000083,173,497,-324
208000084,25,23,2
208000085,907,726,181
208000086,595,1136,-541
208000087,756,892,-136
208000089,868,387,481
208000090,924,649,275
208000093,117,102,15
208000094,529,407,122
208000095,751,460,291
208000104,916,1062,-146
208000105,837,1138,-301
208000114,115,346,-231
208000115,482,458,24
208000116,547,1116,-569
208000117,171,171,0
208000118,128,164,-36
208000155,814,1173,-359
208000158,1545,3091,-1546
208000186,4158,4105,53
208000204,767,959,-192
208000205,1073,1122,-49
208000282,6122,2783,3339
209000004,472,166,306
209000005,56,29,27
209000006,368,176,192
209000007,279,259,20
209000010,448,117,331
209000011,264,275,-11
209000012,503,190,313
209000013,327,373,-46
209000014,668,1086,-418
209000025,240,61,179
209000026,594,138,456
209000027,744,892,-148
209000028,363,614,-251
209000029,583,627,-44
209000030,625,1352,-727
209000031,2576,2281,295
209000034,164,226,-62
209000035,101,185,-84
209000036,158,133,25
209000037,259,304,-45
209000038,87,203,-116
209000039,50,147,-97
209000040,269,494,-225
209000041,187,440,-253
209000042,169,416,-247
209000043,659,873,-214
209000044,193,805,-612
209000045,1757,586,1171
209000046,525,606,-81
209000047,700,268,432
209000048,662,408,254
209000049,88,178,-90
209000050,286,170,116
209000051,470,423,47
209000052,245,434,-189
209000062,62,111,-49
209000063,65,87,-22
209000064,90,120,-30
209000065,44,36,8
209000066,59,27,32
209000067,65,61,4
209000080,28,257,-229
209000082,58,33,25
209000091,47,99,-52
209000093,43,16,27
209000094,235,217,18
209000110,34,105,-71
209000111,395,1273,-878
209000112,773,648,125
209000113,1364,564,800
209000114,485,336,149
209000115,103,201,-98
209000116,756,602,154
209000118,43,58,-15
209000119,56,5,51
209000121,184,500,-316
209000135,55,169,-114
209000142,689,1260,-571
209000143,91,105,-14
209000144,52,85,-33
209000229,328,190,138
209000240,38,333,-295
209000259,107,151,-44
209000260,47,813,-766
209000261,3,419,-416
209000262,1,416,-415
209000263,0,175,-175
209000264,1,85,-84
209000265,400,7,393
209000266,172,3,169
209000267,749,3,746
209000268,530,32,498
210000037,56,22,34
210000047,45,21,24
210000048,73,16,57
210000049,37,5,32
210000052,43,101,-58
210000053,35,61,-26
210000054,76,103,-27
210000070,68,5,63
210000071,101,0,101
210000072,123,0,123
210000073,0,41,-41
210000074,0,114,-114
210000075,2,77,-75
210000076,16,116,-100
210000077,39,40,-1
210000078,35,21,14
210000079,30,11,19
210000080,116,36,80
210000081,185,19,166
210000082,191,2,189
210000083,91,1,90
210000084,89,0,89
210000085,0,96,-96
210000086,3,168,-165
210000099,34,213,-179
210000100,48,207,-159
210000101,95,212,-117
210000105,60,199,-139
210000159,0,119,-119
210000163,148,218,-70
210000164,172,154,18
210000168,112,36,76
210000187,0,19,-19
210000188,0,39,-39
210000214,38,1,37
210000219,21,51,-30
210000220,77,65,12
210000232,5,30,-25
210000233,43,62,-19
210000234,23,108,-85
210000235,39,87,-48
210000245,4,29,-25
210000246,41,3,38
210000258,16,101,-85
210000259,445,61,384
210000282,151,230,-79
210000285,1,79,-78
210000286,14,177,-163
210000290,3,23,-20
210000295,48,179,-131
210000296,25,40,-15
210000320,182,77,105
210000321,137,92,45
210000338,69,50,19
210000339,394,984,-590
210000340,112,349,-237
210000341,224,272,-48
210000342,177,157,20
210000343,255,177,78
210000344,225,111,114
210000345,202,215,-13
210000346,116,134,-18
210000347,160,40,120
210000348,186,11,175
210000349,133,30,103
210000350,158,110,48
210000351,133,158,-25
210000352,47,91,-44
210000353,72,113,-41
210000354,161,80,81
210000355,44,86,-42
210000356,66,41,25
210000357,91,25,66
210000358,238,123,115
210000359,129,84,45
210000360,174,107,67
210000361,177,132,45
210000362,287,222,65
210000363,751,266,485
210000364,105,110,-5
210000365,118,87,31
210000366,127,56,71
210000367,78,32,46
210000368,109,24,85
210000369,20,12,8
210000370,37,32,5
210000372,24,36,-12
210000373,78,9,69
210000374,38,11,27
210000375,36,70,-34
210000376,91,132,-41
210000404,45,134,-89
210000439,40,32,8
210000472,124,2,122
210000482,80,103,-23
210000564,453,247,206
210000567,3,54,-51
210000568,255,1,254
211000092,62,49,13
211000094,16,14,2
211000169,262,16,246
211000172,60,248,-188
211000209,1,18,-17
211000226,13,37,-24
211000270,30,44,-14
211000275,27,36,-9
211000276,80,23,57
211000279,38,52,-14
211000281,33,41,-8
211000302,27,80,-53
211507980,3,38,-35
211977296,57,8,49
212000003,119,39,80
212000004,59,21,38
212000005,34,23,11
212000006,54,59,-5
212000008,157,193,-36
212000009,29,131,-102
212000012,75,115,-40
212000013,27,60,-33
212000014,258,181,77
212000015,346,274,72
212000016,464,601,-137
212000027,370,406,-36
212000028,237,503,-266
212000029,173,315,-142
212000030,40,33,7
212000031,68,71,-3
212000048,38,118,-80
212000049,14,87,-73
212000050,19,5,14
212000051,198,227,-29
212000052,172,386,-214
212000053,415,909,-494
212000054,157,139,18
212000055,167,209,-42
212000056,25,59,-34
212000057,16,39,-23
212000058,205,34,171
212000070,128,319,-191
212000077,204,844,-640
212000099,191,333,-142
212000108,178,171,7
212000111,148,113,35
212000120,114,93,21
212000138,128,49,79
212000156,10,144,-134
212000158,17,20,-3
212000159,284,59,225
212000160,463,292,171
212000161,67,11,56
212000310,34,13,21
212000311,7,70,-63
212000374,59,6,53
213000001,42,344,-302
213000005,407,194,213
213000006,845,312,533
213000007,198,14,184
213000009,852,479,373
213000010,208,327,-119
213000011,272,122,150
213000012,110,271,-161
213000014,107,7,100
213000015,199,9,190
213000016,643,1,642
213000017,55,1,54
213000018,4,192,-188
213000019,1,180,-179
213000020,112,373,-261
213000021,8,127,-119
213000023,274,158,116
213000033,314,1696,-1382
213000034,805,299,506
213000035,129,243,-114
213000045,156,220,-64
213000046,254,215,39
213000047,798,1139,-341
213000056,151,40,111
213000069,138,5,133
213000073,0,32,-32
213000074,65,390,-325
213000075,535,7,528
213000076,49,3,46
213000085,4,36,-32
213000086,19,138,-119
213000091,160,15,145
213000092,82,9,73
213000099,200,958,-758
213000100,1146,311,835
213000101,291,150,141
213000102,354,293,61
213000103,711,749,-38
213000104,47,378,-331
213000105,2,142,-140
213000106,119,146,-27
213000107,203,619,-416
213000108,45,462,-417
213000109,7,270,-263
213000110,19,67,-48
213000111,4,67,-63
213000112,162,100,62
213000115,77,20,57
213000116,38,522,-484
213000117,8,803,-795
213000118,290,321,-31
213000119,59,694,-635
213000120,122,554,-432
213000122,203,621,-418
213000123,380,989,-609
213000124,108,1048,-940
213000125,108,27,81
213000126,43,138,-95
213000127,155,187,-32
213000128,539,853,-314
213000129,330,473,-143
213000130,472,255,217
213000132,243,120,123
213000133,321,97,224
213000134,687,21,666
213000136,437,30,407
213000137,463,116,347
213000139,903,26,877
213000147,130,4,126
213000148,42,9,33
213000149,44,5,39
213000150,0,100,-100
213000151,6,79,-73
213000152,5,95,-90
213000153,8,70,-62
213000154,34,235,-201
213000155,34,215,-181
213000156,102,627,-525
213000157,518,403,115
213000158,314,949,-635
213000159,450,690,-240
213000163,568,79,489
213000165,569,191,378
213000171,27,151,-124
213000172,54,363,-309
213000173,33,297,-264
213000174,3,143,-140
213000175,20,86,-66
213000176,13,136,-123
213000177,38,52,-14
213000178,102,27,75
213000179,210,79,131
213000180,166,77,89
213000184,193,385,-192
213000188,312,98,214
213000189,236,47,189
213000190,763,767,-4
213000191,304,518,-214
213000192,157,449,-292
213000193,950,266,684
213000194,6,60,-54
213000195,19,457,-438
213000196,293,1206,-913
213000197,330,662,-332
213000198,105,2,103
213000200,147,895,-748
213000201,91,40,51
213000202,17,566,-549
213000203,3406,776,2630
213000204,619,79,540
213000205,262,82,180
213000206,548,65,483
213000207,179,13,166
213000208,175,3,172
213000209,193,3,190
213000210,609,2,607
213000211,8,14,-6
213000212,23,23,0
213000213,20,46,-26
213000218,195,628,-433
213000219,404,29,375
213000220,419,11,408
213000223,174,220,-46
213000224,49,57,-8
213000225,87,12,75
213000226,65,7,58
213000227,878,293,585
213000228,492,152,340
213000229,487,47,440
213000230,532,30,502
213000232,76,929,-853
213000233,3,69,-66
213000234,1,45,-44
213000293,20,59,-39
213000294,183,8,175
213000295,4,86,-82
213000296,69,18,51
213000297,9,101,-92
213000298,32,84,-52
213000299,86,48,38
213000300,40,4,36
213000303,17,32,-15
213000304,2,4,-2
213000305,5,11,-6
213000306,92,25,67
213000307,245,80,165
213000308,149,207,-58
213000309,141,80,61
213000310,257,116,141
213000311,296,572,-276
213000315,90,112,-22
213000316,229,80,149
213000322,97,69,28
213000323,55,43,12
213000340,149,574,-425
213000341,411,111,300
213000346,156,213,-57
213000347,685,428,257
213000348,15,90,-75
213000349,14,9,5
213000350,283,1028,-745
213000366,88,324,-236
213000367,205,34,171
213000379,187,64,123
213000386,23,292,-269
213000406,70,368,-298
213000417,948,490,458
213000425,121,45,76
213000426,81,73,8
213000427,37,205,-168
213000428,34,200,-166
213000429,26,6,20
213000430,103,692,-589
213000431,174,2,172
213000432,3,26,-23
213000433,25,123,-98
213000435,68,99,-31
213000439,52,20,32
213000441,11,3,8
213000443,453,351,102
213000445,0,103,-103
213000446,1,16,-15
213000447,1,64,-63
213000448,109,202,-93
213000449,184,6,178
213000450,55,92,-37
213000451,43,60,-17
213000452,157,92,65
213000453,32,249,-217
213000455,533,15,518
213000456,2,302,-300
213000481,73,8,65
213000482,44,3,41
213000489,307,107,200
213000491,1,160,-159
213000492,472,46,426
213000493,0,85,-85
213000494,222,157,65
213000495,0,103,-103
213000496,319,147,172
213000497,62,233,-171
213000498,95,185,-90
213000499,195,543,-348
213000500,338,101,237
213000501,87,28,59
213000502,205,126,79
213000503,0,42,-42
213000504,6,88,-82
213000505,14,26,-12
213000506,0,14,-14
213000507,2,93,-91
213900244,26,0,26
213900245,0,25,-25
218000003,34,34,0
218000004,29,41,-12
218000005,60,33,27
218000006,47,24,23
218000007,14,22,-8
218000012,196,201,-5
218000013,106,156,-50
218000014,341,419,-78
218000019,621,570,51
218000020,257,417,-160
218000040,20,5,15
218000046,35,125,-90
218000047,21,219,-198
218000048,49,189,-140
218000049,123,147,-24
218000050,304,294,10
218000051,90,286,-196
218000052,2,105,-103
218000053,1,22,-21
218000054,10,28,-18
218000055,10,9,1
218000056,10,31,-21
218000057,0,41,-41
218000064,3,10,-7
218000065,63,43,20
218000066,11,65,-54
218000067,27,99,-72
218000068,83,77,6
218000069,210,137,73
218000070,225,259,-34
218000071,183,159,24
218000072,223,195,28
218000078,741,921,-180
218000079,91,80,11
218000080,67,76,-9
218000081,250,264,-14
218000082,79,124,-45
218000083,55,83,-28
218000084,125,164,-39
218000085,129,414,-285
218000086,58,153,-95
218000087,183,178,5
218000090,19,181,-162
218000091,842,539,303
218000092,46,160,-114
218000093,87,85,2
218000094,487,706,-219
218000099,279,692,-413
218000100,257,307,-50
218000101,318,150,168
218000102,348,283,65
218000103,68,112,-44
218000104,64,43,21
218000105,11,13,-2
218000106,10,14,-4
218000107,48,68,-20
218000108,7,54,-47
218000112,66,23,43
218000117,53,63,-10
218000134,414,672,-258
218000135,45,84,-39
218000136,134,90,44
218000137,169,149,20
218000138,27,99,-72
218000139,131,312,-181
218000140,343,227,116
218000141,88,69,19
218000142,220,154,66
218000143,90,220,-130
218000144,106,74,32
218000145,273,341,-68
218000146,77,159,-82
218000151,7,26,-19
218000152,193,55,138
218000170,10,44,-34
218000171,64,18,46
218000172,55,20,35
218000173,75,16,59
218000174,57,5,52
218000176,154,32,122
218000177,316,201,115
218000178,69,201,-132
218000179,153,120,33
218000180,81,26,55
218000181,177,32,145
218000187,17,37,-20
218000188,36,58,-22
218000189,14,54,-40
218000190,11,12,-1
218000191,125,61,64
218000192,119,231,-112
218000193,337,333,4
218000194,83,300,-217
218000195,104,77,27
218000196,255,287,-32
218000197,214,270,-56
218000198,48,172,-124
218000199,50,45,5
218000200,71,28,43
218000201,18,14,4
218000202,80,164,-84
218000207,15,30,-15
218000208,57,46,11
218000211,97,13,84
218000213,115,78,37
218000214,1,27,-26
218000215,68,74,-6
218000217,2,126,-124
218000218,146,56,90
218000219,41,16,25
218000220,106,269,-163
218000221,826,239,587
218000222,39,37,2
218000223,31,249,-218
218000224,14,88,-74
218000225,177,21,156
218000226,125,54,71
218000232,32,52,-20
218000239,322,21,301
218000240,42,3,39
218000241,121,2,119
218000242,138,4,134
218000243,299,3,296
218000244,100,2,98
218000245,14,2,12
218000246,7,0,7
218000247,4,0,4
218000248,0,29,-29
218000249,3,6,-3
218000250,6,4,2
218000251,4,19,-15
218000252,18,30,-12
218000253,5,28,-23
218000254,0,18,-18
218000255,0,21,-21
218000256,14,62,-48
218000267,534,1118,-584
218000268,8,45,-37
218000269,7,13,-6
218000270,107,67,40
218000271,20,63,-43
218000273,22,14,8
218000274,22,5,17
218000275,34,74,-40
218000276,16,67,-51
218000278,20,52,-32
218000279,90,78,12
218000280,50,32,18
218000281,16,15,1
218000282,471,402,69
218000284,107,8,99
218000301,66,99,-33
218000302,92,65,27
218000303,51,58,-7
218000316,548,1062,-514
218000317,867,1135,-268
218000318,523,997,-474
218000319,907,1164,-257
218000320,678,573,105
218000338,53,44,9
218000345,132,91,41
218000346,51,189,-138
218000459,33,269,-236
218000490,38,41,-3
218000501,186,51,135
218000502,37,80,-43
218000503,114,24,90
218000504,210,52,158
218000505,64,165,-101
218000506,28,311,-283
218000508,6,3,3
218000510,166,18,148
218000520,92,88,4
218000521,23,62,-39
218000522,1,118,-117
218000523,212,24,188
218000524,45,198,-153
218000525,143,16,127
218000526,35,142,-107
218000529,66,183,-117
218000531,4,28,-24
218000532,28,41,-13
218000534,112,13,99
218000537,16,55,-39
218000538,111,171,-60
218000540,221,69,152
218000543,145,45,100
218000544,78,114,-36
218000545,50,44,6
218000546,27,80,-53
218000547,100,115,-15
218000548,94,118,-24
218000549,422,299,123
218000550,279,297,-18
218000551,149,800,-651
218000552,660,43,617
218000553,35,97,-62
218000554,27,41,-14
218000555,50,44,6
218000556,219,276,-57
218000557,300,170,130
218000558,80,0,80
218000559,1,33,-32
218000560,0,21,-21
218000561,34,0,34
218000562,31,159,-128
218000563,219,25,194
218000564,7,99,-92
218000565,225,25,200
218000566,328,35,293
218000567,7,98,-91
218000568,28,3,25
218000569,9,132,-123
218000570,148,8,140
218000571,2,153,-151
218000572,148,2,146
218000573,14,113,-99
218000574,138,37,101
218000575,112,0,112
218000576,0,83,-83
218000577,116,1,115
218000578,1,64,-63
218000579,31,18,13
218000581,4,50,-46
218000582,36,0,36
218000583,10,0,10
218000584,0,23,-23
218000585,40,2,38
218000586,11,38,-27
218000587,13,3,10
218000588,1,2,-1
218000589,0,1,-1
218000590,5,3,2
218000591,3,4,-1
218000592,37,1,36
218000593,111,1,110
218000594,5,1,4
218000597,1,0,1
218000598,2,0,2
218000599,11,0,11
218000600,88,0,88
218000601,0,1,-1
218000602,4,32,-28
218000603,0,8,-8
218000604,45,0,45
218000605,0,204,-204
218000606,464,2,462
218000607,13,50,-37
218000608,66,25,41
218000609,2,83,-81
218000610,73,4,69
218000611,28,0,28
218000612,0,30,-30
218000613,41,0,41
218000614,0,36,-36
218000615,135,2,133
218000616,0,149,-149
218000617,28,1,27
218000618,0,21,-21
218000619,30,17,13
218000620,5,22,-17
218000621,0,3,-3
218000622,0,7,-7
218000623,113,1,112
218000624,7,12,-5
218000625,23,0,23
218000626,0,5,-5
218000628,186,69,117
218000631,60,10,50
218000632,1,118,-117
218000633,100,2,98
218000634,16,27,-11
218000635,12,11,1
218000636,793,1222,-429
218000637,828,584,244
218000638,87,55,32
218000639,17,165,-148
218000640,155,21,134
218000641,141,257,-116
218000652,59,69,-10
218000653,152,61,91
218000663,7,204,-197
218000675,82,58,24
218000680,339,477,-138
218000681,479,145,334
218000691,177,316,-139
218000693,223,187,36
218000718,627,903,-276
218000719,1143,494,649
218000720,27,188,-161
218000721,348,13,335
218001147,6,240,-234
218001214,11,22,-11
218001258,304,9,295
218001329,209,126,83
218001330,286,152,134
218001351,26,21,5
218001352,13,22,-9
218001353,29,21,8
218001354,11,21,-10
218001355,46,298,-252
218001356,265,26,239
218001357,85,227,-142
218001358,313,34,279
218001361,186,13,173
218001362,2,219,-217
219000001,50,45,5
219000002,59,67,-8
219000003,46,35,11
219000004,35,59,-24
219000017,113,26,87
219000020,157,116,41
219000022,115,12,103
219000023,359,1,358
219000029,0,64,-64
219000034,67,9,58
219000039,91,76,15
219000040,35,23,12
219000041,112,39,73
219000051,0,43,-43
219000052,0,19,-19
219000053,1,128,-127
219000055,113,5,108
219000056,34,1,33
219000057,89,1,88
219000062,23,93,-70
219000063,89,5,84
219000064,1,96,-95
219000110,568,53,515
219000111,220,55,165
219000112,182,88,94
219000113,154,131,23
219000114,287,258,29
219000116,71,59,12
219000117,179,73,106
219000118,401,43,358
219000123,293,122,171
219000124,188,68,120
219000125,11,21,-10
219000126,170,131,39
219000127,2,4,-2
219000128,25,108,-83
219000129,39,141,-102
219000130,459,459,0
219000131,635,806,-171
219000133,104,41,63
219000134,23,23,0
219000135,46,47,-1
219000136,121,296,-175
219000138,61,22,39
219000139,26,60,-34
219000140,47,0,47
219000141,17,116,-99
219000142,16,86,-70
219000143,18,112,-94
219000145,25,36,-11
219000146,1,37,-36
219000147,5,29,-24
219000148,6,23,-17
219000149,7,70,-63
219000150,1,64,-63
219000151,1,32,-31
219000157,306,137,169
219000158,260,255,5
219000161,105,18,87
219000163,1347,599,748
219000166,179,206,-27
219000167,229,210,19
219000168,280,156,124
219000174,439,143,296
219000175,74,7,67
219000176,66,11,55
219000177,43,5,38
219000178,34,6,28
219000179,15,1,14
219000180,30,18,12
219000182,103,10,93
219000183,99,26,73
219000184,114,5,109
219000185,1,74,-73
219000186,59,39,20
219000187,55,86,-31
219000189,122,163,-41
219000190,164,200,-36
219000191,973,1166,-193
219000192,211,148,63
219000193,303,162,141
219000195,1,63,-62
219000196,5,116,-111
219000198,28,100,-72
219000199,56,244,-188
219000200,61,203,-142
219000201,60,266,-206
219000203,49,119,-70
219000204,305,257,48
219000205,105,183,-78
219000207,199,240,-41
219000209,31,82,-51
219000210,66,131,-65
219000213,12,151,-139
219000239,213,288,-75
219000240,298,360,-62
219000241,89,171,-82
219000242,81,139,-58
219000243,88,208,-120
219000244,27,83,-56
219000245,30,55,-25
219000246,50,29,21
219000247,131,31,100
219000248,679,307,372
219000249,160,92,68
219000250,108,112,-4
219000251,480,200,280
219000252,207,203,4
219000253,449,100,349
219000255,159,105,54
219000256,362,86,276
219000257,119,0,119
219000262,290,142,148
219000263,72,148,-76
219000267,2,129,-127
219000268,1,4,-3
219000269,7,1,6
219000270,6,1,5
219000271,93,11,82
219000278,0,4,-4
219000279,5,7,-2
219000283,0,17,-17
219000295,10,111,-101
219000296,53,556,-503
219000297,27,159,-132
219000298,21,180,-159
219000299,363,66,297
219000300,25,185,-160
219000301,235,363,-128
219000302,37,288,-251
219000307,64,58,6
219000308,61,79,-18
219000311,196,75,121
219000312,631,134,497
219000313,389,30,359
219000314,52,462,-410
219000315,212,57,155
219000316,468,38,430
219000317,97,17,80
219000320,1,61,-60
219000321,0,18,-18
219000323,3,63,-60
219000325,1,15,-14
219000326,67,69,-2
219000327,77,45,32
219000328,38,52,-14
219000329,228,109,119
219000330,46,37,9
219000331,57,32,25
219000332,81,83,-2
219000333,13,10,3
219000335,51,1,50
219000337,34,1,33
219000338,45,0,45
219000344,79,84,-5
219000345,59,90,-31
219000346,54,121,-67
219000348,142,81,61
219000349,55,138,-83
219000350,91,129,-38
219000351,11,1,10
219000352,316,67,249
219000353,71,55,16
219000354,178,152,26
219000355,212,96,116
219000356,1295,1298,-3
219000363,233,55,178
219000364,66,47,19
219000365,100,21,79
219000366,248,315,-67
219000368,451,475,-24
219000370,1079,445,634
219000371,18,35,-17
219000382,19,25,-6
219000383,648,779,-131
219000385,571,474,97
219000386,756,1260,-504
219000387,1,10,-9
219000390,3,2,1
219000391,5,5,0
219000397,79,56,23
219000398,61,80,-19
219000401,14,109,-95
219000402,70,158,-88
219000403,171,316,-145
219000404,21,143,-122
219000407,6,30,-24
219000409,51,58,-7
219000410,210,30,180
219000411,62,13,49
219000446,158,289,-131
219000447,1,25,-24
219000448,22,7,15
219000452,98,86,12
219000453,81,110,-29
219000454,240,281,-41
219000556,228,81,147
219000558,220,216,4
219000590,33,150,-117
219000591,62,80,-18
219000592,95,331,-236
219000595,2,14,-12
219000635,191,49,142
219000636,12,88,-76
219000657,24,11,13
219000658,27,69,-42
219000673,0,14,-14
219000676,18,2,16
219000679,81,8,73
219000684,104,4,100
219000685,3,64,-61
219000686,2,3,-1
219000688,0,86,-86
219000689,28,237,-209
219000690,111,15,96
219000691,48,179,-131
219000692,111,25,86
219000693,0,20,-20
219000694,9,0,9
219000695,24,3,21
219000698,21,0,21
219000699,1,25,-24
219000727,1,104,-103
219000728,264,5,259
219000770,29,0,29
219000771,1,31,-30
219000788,612,234,378
219001150,1,29,-28
219001151,3,4,-1
219001166,36,13,23
219001167,0,107,-107
219001178,57,1,56
220000001,35,69,-34
220000002,14,111,-97
220000003,1060,288,772
220000004,908,434,474
220000005,1848,1524,324
220000006,495,893,-398
220000007,477,594,-117
220000008,368,1031,-663
220000009,261,424,-163
220000010,223,131,92
220000011,597,3861,-3264
220000012,80,295,-215
220000014,97,44,53
220000015,90,155,-65
220000017,27,181,-154
220000018,3576,735,2841
220000019,71,263,-192
220000020,344,256,88
220000021,693,186,507
220000022,659,461,198
220000023,345,170,175
220000024,1516,410,1106
220000025,715,814,-99
220000026,281,226,55
220000027,124,89,35
220000028,45,41,4
220000029,100,209,-109
220000030,136,70,66
220000031,333,347,-14
220000064,17,751,-734
221000046,20,0,20
221000047,0,7,-7
221000048,0,2,-2
221000049,0,15,-15
221000050,42,0,42
221000055,61,41,20
221000068,225,135,90
221000069,279,58,221
221000070,138,29,109
221000071,50,12,38
221000072,187,17,170
221000073,231,58,173
221000074,4,24,-20
221000075,26,18,8
221000076,10,52,-42
221000077,48,99,-51
221000081,108,34,74
221000082,45,11,34
221000083,57,5,52
221000084,25,6,19
221000085,67,60,7
221000086,21,111,-90
221000087,6,151,-145
221000088,12,176,-164
221000089,34,225,-191
221000090,179,442,-263
221000098,126,12,114
221000099,151,10,141
221000100,79,2,77
221000101,244,33,211
221000102,0,0,0
221000107,19,5,14
221000108,14,8,6
221000109,3,13,-10
221000110,15,147,-132
221000111,22,214,-192
221000112,11,199,-188
221000113,18,186,-168
221000114,8,161,-153
221000120,54,30,24
221000121,2,25,-23
221000122,85,16,69
221000123,17,22,-5
221000124,76,250,-174
221000155,80,7,73
221000156,96,23,73
221000175,25,12,13
221000176,2,1,1
221000182,56,33,23
221000241,700,265,435
221000242,155,457,-302
221000243,635,144,491
221000244,250,519,-269
221000245,148,116,32
221000246,62,279,-217
221000247,93,130,-37
221000248,107,172,-65
221000267,56,576,-520
221000325,135,38,97
221000331,41,84,-43
221000338,15,27,-12
221000378,146,33,113
221000381,63,70,-7
222000282,14,3,11
222000296,15,38,-23
222000568,265,17,248
222000569,162,38,124
222000570,102,11,91
222000571,176,9,167
222000577,19,176,-157
222000578,29,208,-179
222000579,43,167,-124
222000580,102,1016,-914
222000599,2,149,-147
222000600,4,385,-381
222000601,13,1102,-1089
222000603,38,35,3
222000604,12,41,-29
222000605,30,44,-14
222000606,5,14,-9
222000607,13,12,1
222000608,28,26,2
222000609,70,238,-168
222000616,232,62,170
222000617,55,19,36
222000618,8,6,2
222000620,34,12,22
222000621,97,9,88
222000623,491,6,485
222000624,319,4,315
222000625,524,41,483
222000636,45,3,42
222000686,83,31,52
222000687,58,21,37
222001066,167,3,164
222001067,13,2,11
222001068,28,21,7
222001069,44,17,27
222001082,7,36,-29
222001083,9,82,-73
222001084,0,63,-63
222001085,1,106,-105
222001111,43,156,-113
222001112,70,17,53
222001313,32,4,28
222001314,9,115,-106
222001464,171,55,116
222001465,27,141,-114
222001484,109,58,51
222001485,30,31,-1
222001494,324,165,159
222001495,190,232,-42
222001496,323,124,199
222001497,201,499,-298
222001502,14,89,-75
222001503,122,49,73
222001504,23,268,-245
222001505,253,16,237
222001506,59,284,-225
222001507,213,13,200
222001510,307,28,279
222001511,66,366,-300
222001514,424,161,263
222001515,186,556,-370
222001518,294,54,240
222001519,53,243,-190
222001527,162,61,101
222001528,51,164,-113
222001529,169,37,132
222001530,34,214,-180
222001533,154,242,-88
222001534,213,59,154
222001535,251,275,-24
222001536,210,269,-59
222001537,262,38,224
222001538,63,365,-302
222001563,544,90,454
222001564,55,547,-492
222001568,373,124,249
222001576,0,3,-3
222001579,1,4,-3
222001583,29,134,-105
222001584,86,45,41
222001596,703,1091,-388
222001597,1444,271,1173
222001626,0,201,-201
222001650,80,81,-1
222001651,98,179,-81
222001914,159,76,83
222001915,41,208,-167
222001968,346,240,106
222001969,462,745,-283
222001970,128,243,-115
222001971,14,9,5
222001972,1,23,-22
225000001,409,204,205
225000002,583,144,439
225000003,675,119,556
225000004,333,253,80
225000005,127,62,65
225000006,0,184,-184
225000007,1622,1478,144
225000010,253,4,249
225000011,297,735,-438
225000012,173,437,-264
225000013,74,136,-62
225000014,572,74,498
225000015,90,150,-60
225000021,602,162,440
225000027,207,477,-270
225000032,532,166,366
225000042,86,553,-467
225000049,59,83,-24
225000050,75,13,62
225000053,5,294,-289
225000058,540,165,375
225000067,281,127,154
225000068,117,309,-192
225000069,144,414,-270
225000070,140,316,-176
225000071,34,160,-126
225000075,36,1041,-1005
225000076,56,103,-47
225000078,72,44,28
225000085,45,152,-107
225000086,187,67,120
225000087,249,27,222
225000088,10,186,-176
225000089,311,875,-564
225000090,42,402,-360
225000091,200,152,48
225000092,50,104,-54
225000093,412,272,140
225000094,21,274,-253
225000095,285,349,-64
225000096,440,411,29
225000098,547,378,169
225000099,264,204,60
225000100,335,321,14
225000104,270,878,-608
225000110,44,760,-716
225000111,526,2072,-1546
225000112,786,2218,-1432
225000113,388,1038,-650
225000114,134,488,-354
225000115,3368,1254,2114
225000116,2016,414,1602
225000117,1522,546,976
225000118,1554,474,1080
225000119,278,120,158
225000120,1772,84,1688
225000121,586,44,542
225000123,1042,40,1002
225000125,612,350,262
225000126,1622,344,1278
225000127,1360,1726,-366
225000128,1106,1346,-240
225000132,476,92,384
225000133,344,98,246
225000134,1042,276,766
225000135,140,16,124
225000136,392,30,362
225000137,530,142,388
225000138,716,90,626
225000143,158,750,-592
225000144,4,1006,-1002
225000145,262,118,144
225000146,206,288,-82
225000147,44,582,-538
225000148,20,466,-446
225000149,184,932,-748
225000151,94,466,-372
225000155,1004,1192,-188
225000156,444,1780,-1336
225000157,496,796,-300
225000158,156,642,-486
225000171,12,308,-296
225000180,82,4,78
225000181,0,142,-142
225000182,176,56,120
225000185,22,776,-754
225000187,282,630,-348
225000191,230,8,222
225000194,0,20,-20
225000208,0,90,-90
225000209,148,54,94
225000210,6,510,-504
225000217,0,46,-46
225000218,54,8,46
225000223,0,114,-114
225000224,274,2,272
225000225,0,136,-136
225000226,56,12,44
225000227,80,342,-262
225000228,18,34,-16
225000229,2,206,-204
225000230,146,4,142
225000231,0,154,-154
225000232,346,2,344
225000241,184,2,182
225000242,0,168,-168
225000249,98,4,94
225000250,104,1926,-1822
225000251,674,98,576
226000042,746,986,-240
226000043,86,624,-538
226000044,274,1192,-918
226000045,170,918,-748
226000046,540,260,280
226000047,758,322,436
226000048,764,336,428
226000049,492,516,-24
226000070,0,100,-100
226000071,2,166,-164
226000072,0,22,-22
226000073,0,8,-8
226000074,2,12,-10
226000084,6,122,-116
226000085,2,16,-14
226000086,14,30,-16
226000087,52,42,10
226000088,60,58,2
226000090,574,248,326
226000091,58,30,28
226000092,94,16,78
226000093,104,6,98
226000094,50,14,36
226000095,130,44,86
226000105,72,6,66
226000106,12,0,12
226000107,6,4,2
226000108,90,0,90
226000109,146,2,144
226000124,172,130,42
226000134,946,840,106
226000135,1922,1012,910
226000136,1356,684,672
226000137,62,852,-790
226000138,18,536,-518
226000139,32,28,4
226000156,304,12,292
226000157,1016,12,1004
226000163,236,270,-34
226000202,34,766,-732
226000231,784,30,754
226000232,130,26,104
227000033,550,178,372
227000036,432,80,352
227000037,540,72,468
227000038,538,110,428
227000049,0,58,-58
227000050,2,124,-122
227000055,186,2,184
227000056,78,0,78
227000084,4,202,-198
227000085,0,104,-104
227000088,140,6,134
227000089,272,6,266
227000090,94,4,90
227000091,58,0,58
227000093,318,0,318
227000094,72,2,70
227000130,118,124,-6
227000131,158,436,-278
227000132,46,332,-286
227000133,34,468,-434
227000134,52,632,-580
227000152,0,6,-6
227000153,2,110,-108
227000155,0,40,-40
227000156,4,26,-22
227000165,4,66,-62
227000196,462,370,92
227000199,444,764,-320
227000230,30,528,-498
227000232,356,52,304
227000242,96,970,-874
227000243,816,146,670
227000245,64,796,-732
227000246,240,1002,-762
227000247,514,196,318
227000248,636,72,564
227000249,56,434,-378
227000250,1034,352,682
227000251,382,560,-178
227000252,76,726,-650
227000253,140,64,76
227000262,540,58,482
227000266,1544,52,1492
227000267,80,2174,-2094
227000282,0,298,-298
227000284,666,44,622
227000286,14,126,-112
227000287,12,162,-150
227000291,12,862,-850
227000484,320,22,298
227000485,26,1210,-1184
227000655,258,44,214
227000656,756,62,694
227000657,256,12,244
227000661,342,46,296
227000680,1190,312,878
229000265,58,96,-38
229000296,20,16,4
229000297,14,42,-28
229000298,4,192,-188
229000320,28,12,16
229000321,180,10,170
229000412,56,60,-4
229000414,10,80,-70
229000415,92,8,84
229000416,4,10,-6
229000417,8,26,-18
229000419,194,476,-282
229000440,608,126,482
229000442,26,10,16
229000443,14,10,4
229000444,12,20,-8
229000445,146,22,124
229000446,84,66,18
229000847,152,2,150
229000848,64,0,64
229000849,202,6,196
229000851,92,0,92
229000854,0,64,-64
229000856,2,242,-240
229000857,0,92,-92
229000858,0,166,-166
229000919,16,226,-210
229000930,0,554,-554
229000937,236,44,192
229000966,72,42,30
229000981,46,118,-72
229000985,8,62,-54
229000986,2,10,-8
229000987,0,2,-2
229000988,2,4,-2
229000989,16,34,-18
229000990,6,2,4
229000991,4,2,2
229000992,20,26,-6
229000993,276,56,220
229000998,6,84,-78
229000999,134,18,116
229001034,0,18,-18
229001035,22,2,20
229001037,80,14,66
229001042,12,34,-22
229001047,8,80,-72
229001050,80,54,26
229001200,16,4,12
229001338,2,50,-48
229001394,428,14,414
229001422,214,34,180
229001423,78,398,-320
229001431,120,146,-26
229001432,74,174,-100
229001444,312,46,266
229001445,28,282,-254
229001503,456,212,244
229001504,248,420,-172
229001505,160,112,48
229001506,208,394,-186
229001509,74,30,44
229001545,148,20,128
229001546,14,304,-290
229001553,132,30,102
229001554,100,214,-114
229001559,8,32,-24
229001560,32,42,-10
229001630,132,26,106
229001631,24,36,-12
229001635,0,24,-24
229001636,8,2,6
229001658,2,208,-206
229001659,192,4,188
229001660,2,16,-14
229001661,26,18,8
229001662,48,0,48
229001663,0,34,-34
229002584,258,336,-78
229002831,268,176,92
229002841,24,22,2
229002842,42,22,20
229002843,154,32,122
229002844,54,74,-20
229002845,18,120,-102
229002846,82,36,46
229002847,2,6,-4
229002848,42,24,18
229002849,22,144,-122
229002850,42,2,40
229002851,94,176,-82
229002852,400,58,342
229002853,300,10,290
229002854,80,68,12
229002855,26,48,-22
229002856,124,32,92
229002857,24,118,-94
229002858,22,20,2
229002859,66,42,24
229002860,486,26,460
229002861,158,34,124
229002862,52,16,36
229002863,56,20,36
229002864,64,56,8
229002865,20,18,2
229002866,22,26,-4
229002867,4,38,-34
229002868,18,22,-4
229002869,28,238,-210
229002870,76,22,54
235000066,648,140,508
235000067,168,158,10
235000072,34,192,-158
235000073,136,750,-614
235000074,190,122,68
235000080,44,122,-78
235000081,184,220,-36
235000082,358,198,160
235000083,236,188,48
235000084,96,124,-28
235000085,166,160,6
235000089,148,64,84
235000092,84,526,-442
235000093,10,12,-2
235000097,2,24,-22
235000098,230,22,208
235000099,158,60,98
235000116,202,42,160
235000117,1272,16,1256
235000133,12,882,-870
235000134,24,316,-292
235000206,30,0,30
235000207,6,6,0
235000208,24,2,22
235000209,12,8,4
235000210,26,2,24
235000212,12,34,-22
235000213,2,16,-14
235000220,12,4,8
235000221,116,8,108
235000238,28,112,-84
235000239,4,24,-20
235000242,638,794,-156
235000245,1170,310,860
235000246,30,118,-88
235000284,18,198,-180
235000295,314,12,302
235000305,670,36,634
235000306,268,30,238
235000307,38,34,4
235000308,16,4,12
235000309,128,2,126
235000310,60,0,60
235000311,216,80,136
235000322,0,64,-64
235000323,0,122,-122
235000324,14,64,-50
235000325,8,16,-8
235000326,28,332,-304
235000351,4,122,-118
235000352,22,68,-46
235000353,10,54,-44
235000354,14,70,-56
235000355,12,68,-56
235000356,186,6,180
235000357,22,2,20
235000358,216,14,202
235000359,14,4,10
235000360,170,8,162
235000361,170,2,168
235000381,134,444,-310
235000382,234,52,182
235000390,24,8,16
235000391,212,74,138
235000392,380,536,-156
235000393,222,276,-54
235000395,154,130,24
235000396,548,234,314
235000400,144,238,-94
235000401,72,302,-230
235000405,166,432,-266
235000406,86,464,-378
235000407,168,198,-30
235000409,816,238,578
235000410,66,374,-308
235000411,4,126,-122
235000485,0,6,-6
235000486,10,0,10
235000549,414,124,290
235000550,218,312,-94
235000599,184,78,106
235000600,10,24,-14
235000601,34,50,-16
235000602,254,154,100
235000614,4,4,0
235000648,2,64,-62
235000649,88,4,84
235000685,2,16,-14
235000815,20,46,-26
235000834,0,24,-24
235000855,208,106,102
235000862,104,310,-206
235000891,0,16,-16
235000892,38,6,32
235000901,590,156,434
235000907,18,14,4
235001010,298,116,182
235001029,864,564,300
235001030,606,416,190
235001078,204,264,-60
235001079,94,174,-80
235001147,32,150,-118
235001166,42,116,-74
235001167,64,88,-24
235001169,104,580,-476
235001188,2,30,-28
235001189,28,6,22
235001197,24,40,-16
235001200,54,94,-40
235001207,750,182,568
235001210,254,482,-228
235001215,56,326,-270
235001239,0,134,-134
235001244,0,8,-8
235016267,4,116,-112
277102712,10,0,10
277103813,0,0,0
277103814,0,0,0
277104249,0,0,0
277104250,0,16,-16
277104251,0,10,-10
277104252,0,0,0
990011530,0,344,-344
990014944,4,1042,-1038
990015176,124,0,124
990015618,0,162,-162
990016032,2,508,-506
990032570,2,38,-36
990070001,216,60,156
990070103,0,6,-6
990070601,0,56,-56
990070751,1246,10,1236
990070766,0,892,-892
990071180,748,352,396
990071343,66,4,62
990071387,0,24,-24
990071823,18,0,18
990072600,6,1548,-1542
990072964,2,850,-848
990073285,0,2,-2
990074393,0,1440,-1440
990074870,2394,62,2332
990075106,2690,30,2660
990075746,946,10,936
990076437,1748,4,1744
990076458,16,1966,-1950
997000007,1674,62,1612
997000041,0,356,-356
997000058,52,2,50
997000062,44,2,42
997000069,0,2,-2
997000070,2,42,-40
997000100,16,0,16
997000141,16,2664,-2648
997000198,1026,2080,-1054
998000475,2,94,-92
998000736,2,320,-318
998000965,2,16,-14
998001031,0,144,-144
998001700,0,50,-50
998001899,0,0,0
998001900,20,2,18
998003073,1860,64,1796
998101900,0,0,0
998102850,2,280,-278
998501927,1952,946,1006
998501929,142,10,132
998501930,142,0,142
998501931,286,48,238
998501932,18,0,18
998501933,88,6,82
998501937,44,2,42
998501944,18,2,16
998501950,0,4,-4
998501970,114,6,108
998501971,2,144,-142
998501973,2,88,-86
998501974,0,540,-540
998501975,414,2,412
998501976,244,20,224
998501977,24,50,-26
998501978,54,4,50
998501979,0,36,-36
998501980,154,26,128
998501981,84,16,68
998501982,0,184,-184
998501983,2,0,2
998502006,0,0,0
998502024,0,8,-8
998502032,0,8,-8
998502062,130,32,98
998502063,0,0,0
998502173,136,0,136
998502269,0,6,-6
998502546,2,250,-248
998502578,0,14,-14
998502599,132,590,-458
998502621,4,0,4
998601159,6,314,-308
998601292,2,64,-62
999033574,0,844,-844
999800001,82,8,74
999800002,0,8,-8
999800003,0,0,0
999800004,0,4,-4
999800005,0,4,-4
