ID,insum,outsum,diff
100000001,490,559,-69
100000002,1965,2339,-374
100000003,3523,3409,114
100000004,748,713,35
100000005,1773,3384,-1611
100000006,557,141,416
100000007,1300,545,755
100000008,225,399,-174
100000009,386,184,202
100000010,52,43,9
100000011,1008,153,855
100000012,90,891,-801
100000013,24,239,-215
100000014,266,355,-89
100000015,1185,1553,-368
100000016,668,1044,-376
100000017,421,685,-264
100000018,997,476,521
100000019,2790,1446,1344
100000020,1267,3808,-2541
100000021,3627,1652,1975
100000022,894,1615,-721
100000023,3462,1115,2347
100000025,750,860,-110
100000028,1016,976,40
100000029,127,280,-153
100000030,110,39,71
100000031,1923,4019,-2096
100000032,1547,2462,-915
100000033,725,1657,-932
100000034,164,513,-349
100000035,1011,934,77
100000036,1164,911,253
100000037,640,408,232
100000038,1710,814,896
100000039,355,276,79
100000040,164,110,54
100000041,955,396,559
100000042,755,365,390
100000043,664,437,227
100000044,355,556,-201
100000045,472,846,-374
100000046,556,710,-154
100000047,229,350,-121
100000048,291,384,-93
100000049,1210,1113,97
100000051,432,649,-217
100000053,174,7,167
100000054,414,42,372
100000055,966,230,736
100000056,338,389,-51
100000057,1401,525,876
100000058,754,761,-7
100000059,9,99,-90
100000060,359,239,120
100000061,1893,418,1475
100000062,1430,604,826
100000063,681,283,398
100000064,1050,299,751
100000065,389,533,-144
100000066,132,451,-319
100000067,257,593,-336
100000068,379,1174,-795
100000069,280,934,-654
100000072,242,529,-287
100000073,763,773,-10
100000075,542,243,299
100000076,1327,1872,-545
100000077,226,202,24
100000078,18,24,-6
100000079,19,41,-22
100000080,35,37,-2
100000081,92,145,-53
100000102,1806,1857,-51
100000103,1898,897,1001
100000104,2575,1741,834
100000105,1654,1177,477
100000106,1543,1812,-269
100000107,330,825,-495
100000108,358,662,-304
100000109,1566,881,685
100000116,886,674,212
100000117,53,110,-57
100000118,943,1081,-138
100000119,468,602,-134
100000121,194,353,-159
100000122,501,860,-359
100000123,1886,2498,-612
100000124,2935,3737,-802
100000125,2515,1262,1253
100000126,479,332,147
100000127,1038,285,753
100000128,916,1908,-992
100000129,331,385,-54
100000130,356,328,28
100000131,1442,1749,-307
100000132,789,1756,-967
100000133,3139,1579,1560
100000135,497,943,-446
100000139,328,414,-86
100000140,221,273,-52
100000142,426,409,17
100000143,973,446,527
100000144,2546,730,1816
100000147,958,2574,-1616
100000150,40,294,-254
100000151,734,1026,-292
100000153,130,307,-177
100000154,27,150,-123
100000155,11,26,-15
100000156,310,370,-60
100000157,115,127,-12
100000158,243,137,106
100000159,211,530,-319
100000165,1165,704,461
100000169,142,537,-395
100000174,407,505,-98
100000179,84,429,-345
100000180,768,1540,-772
100000181,431,156,275
100000188,112,167,-55
100000189,647,323,324
100000190,579,789,-210
100000191,554,465,89
100000192,34,57,-23
100000193,293,153,140
100000330,885,645,240
100000355,167,451,-284
100000362,3402,2143,1259
100000363,3313,3731,-418
100000364,209,232,-23
100000365,4644,6326,-1682
100000366,4420,2425,1995
100000367,4247,5635,-1388
100000368,1665,1130,535
100000369,707,1384,-677
100000370,138,621,-483
100000376,76,175,-99
100000379,1452,1545,-93
100000380,2640,3471,-831
100000384,3797,4159,-362
100000385,3130,3411,-281
100000386,4965,3853,1112
100000387,3509,4273,-764
100000388,3939,4024,-85
100000389,4293,4538,-245
100000390,4896,4654,242
100000391,3908,5427,-1519
100000392,2755,3150,-395
100000393,2046,3748,-1702
100000394,5424,6144,-720
100000395,3590,3957,-367
100000396,6125,2993,3132
100000397,3827,6171,-2344
100000398,7686,6250,1436
100000413,15,3,12
100000414,189,329,-140
100900002,6,21,-15
100900003,306,158,148
100900004,16,630,-614
100900005,75,9,66
100900006,17,71,-54
100900007,229,5,224
100900008,1,247,-246
100900009,36,80,-44
100900010,35,51,-16
100900011,119,116,3
100900012,0,170,-170
100900013,615,3,612
100900014,1,7,-6
100900015,54,42,12
100900016,2,33,-31
100900017,525,45,480
100900018,1,9,-8
100900019,11,47,-36
100900020,292,6,286
100900021,311,2,309
100900022,13,17,-4
100900023,0,29,-29
100900024,347,0,347
100900025,20,4,16
100900026,67,75,-8
100900027,364,1752,-1388
100900028,83,169,-86
100900029,50,3,47
100900030,4,96,-92
100900031,560,29,531
100900032,214,1,213
100900033,179,146,33
100900034,634,4,630
100900035,252,1,251
100900036,11,1,10
100900037,100,113,-13
100900038,65,40,25
100900039,271,345,-74
100900040,343,427,-84
100900041,458,417,41
100900042,852,1486,-634
100900043,0,11,-11
100900044,1089,378,711
100900045,11,3,8
100900046,770,10,760
100900047,445,114,331
100900048,94,27,67
100900049,88,123,-35
100900050,3,8,-5
100900051,23,55,-32
100900052,197,33,164
100900053,316,23,293
100900054,18,50,-32
100900055,164,505,-341
100900056,38,93,-55
100900057,1306,714,592
100900058,124,20,104
100900059,73,2,71
100900060,155,18,137
100900061,245,108,137
100900062,2,20,-18
100900063,192,464,-272
100900064,514,32,482
100900065,46,87,-41
100900066,133,110,23
100900067,5,3,2
100900068,77,27,50
100900069,206,6,200
100900070,259,6,253
100900071,540,125,415
100900072,3,26,-23
100900073,85,255,-170
100900074,1,9,-8
100900075,1284,213,1071
100900076,9,22,-13
100900077,22,46,-24
100900078,58,150,-92
100900079,12,11,1
100900080,25,109,-84
100900081,23,92,-69
100900082,161,470,-309
100900083,7,13,-6
100900085,7,376,-369
100900086,92,333,-241
100900088,96,340,-244
100900089,3,9,-6
100900090,64,268,-204
100900091,4,9,-5
100900092,137,91,46
100900093,186,190,-4
100900094,132,292,-160
100900095,1,17,-16
100900096,37,68,-31
100900097,2,4,-2
100900098,27,29,-2
100900099,26,304,-278
100900100,7,220,-213
100900101,180,33,147
100900102,12,34,-22
100900103,5,11,-6
100900104,10,94,-84
100900105,17,183,-166
100900106,27,5,22
100900107,1042,589,453
100900108,1,16,-15
100900109,13,15,-2
100900110,4,16,-12
100900111,41,117,-76
100900112,7,7,0
100900113,11,11,0
100900114,20,9,11
100900115,4,23,-19
100900116,447,380,67
100900117,197,605,-408
100900118,10,20,-10
100900119,21,5,16
100900120,5,10,-5
100900121,218,328,-110
100900122,156,112,44
100900123,163,147,16
100900124,17,4,13
100900125,12,39,-27
100900126,163,124,39
100900127,8,11,-3
100900128,51,103,-52
100900129,0,111,-111
100900131,54,106,-52
100900133,44,26,18
100900134,2,4,-2
100900135,0,141,-141
100900137,237,111,126
100900138,409,319,90
100900139,4,3,1
100900140,4,291,-287
100900141,1,270,-269
100900142,0,5,-5
100900143,637,274,363
100900144,10,4,6
100900145,98,192,-94
100900146,2,26,-24
100900147,11,504,-493
100900148,35,412,-377
100900149,26,268,-242
100900150,1,21,-20
100900151,89,302,-213
100900152,120,3,117
100900153,2,155,-153
100900154,19,90,-71
100900155,11,15,-4
100900156,29,6,23
100900157,2,113,-111
100900159,0,32,-32
100900160,23,2,21
100900161,39,4,35
100900162,16,185,-169
100900163,143,129,14
100900164,36,47,-11
100900165,10,12,-2
100900166,27,6,21
100900167,8,29,-21
100900168,29,75,-46
100900169,105,673,-568
100900170,19,9,10
100900171,5,413,-408
100900172,0,25,-25
100900173,4,177,-173
100900174,90,15,75
100900176,890,106,784
100900177,391,122,269
100900178,163,112,51
100900179,108,102,6
100900180,6,1,5
100900181,42,55,-13
100900182,34,17,17
100900184,3,92,-89
100900186,421,261,160
100900187,9,71,-62
100900188,25,3,22
100900189,962,144,818
100900191,735,808,-73
100900192,190,267,-77
100900195,70,116,-46
100900197,8,27,-19
100900198,33,115,-82
100900199,1,10,-9
100900200,521,320,201
100900201,36,423,-387
100900202,103,1,102
100900203,0,106,-106
100900204,96,540,-444
100900205,131,408,-277
100900206,164,41,123
100900207,220,102,118
100900210,42,299,-257
100900211,304,102,202
100900213,125,34,91
100900214,329,108,221
100900215,10,35,-25
100900217,117,54,63
101000001,2227,1801,426
101000002,3815,3822,-7
101000003,316,825,-509
101000004,5175,4952,223
101000005,2353,3179,-826
101000006,3874,4401,-527
101000007,1835,2479,-644
101000009,1571,1031,540
101000010,676,794,-118
101000011,816,311,505
101000012,1108,589,519
101000013,566,785,-219
101000014,430,418,12
101000015,949,680,269
101000016,255,299,-44
101000017,415,377,38
101000018,1913,1803,110
101000020,1819,907,912
101000021,554,405,149
101000022,8,8,0
101000023,1098,575,523
101000025,229,321,-92
101000026,198,29,169
101000027,1286,2007,-721
101000028,588,197,391
101000029,136,1098,-962
101000030,1230,76,1154
101000031,516,587,-71
101000032,5301,3756,1545
101000033,1453,2375,-922
101000034,1341,1172,169
101000035,626,173,453
101000036,1237,803,434
101000037,2039,1400,639
101000039,1485,1573,-88
101000040,2134,2944,-810
101000041,6141,5874,267
101000042,350,895,-545
101000043,4718,5630,-912
101000045,1111,931,180
101000046,2160,1269,891
101000047,1416,2658,-1242
101000048,497,413,84
101000049,542,1497,-955
101000050,1174,1261,-87
101000051,1287,1947,-660
101000052,1081,797,284
101000053,656,899,-243
101000054,978,642,336
101000055,1049,943,106
101000056,34,71,-37
101000057,1417,1032,385
101000058,933,901,32
101000059,1570,1704,-134
101000060,1192,557,635
101000061,566,1163,-597
101000062,505,677,-172
101000063,441,791,-350
101000064,865,901,-36
101000065,376,420,-44
101000066,935,904,31
101000067,993,989,4
101000068,221,359,-138
101000069,196,72,124
101000070,712,845,-133
101000071,1441,683,758
101000072,526,2189,-1663
101000073,612,942,-330
101000074,3490,2760,730
101000075,2773,4207,-1434
101000077,1187,1093,94
101000078,668,1301,-633
101000079,520,345,175
101000080,456,441,15
101000081,1574,1400,174
101000082,2545,2432,113
101000083,2203,1856,347
101000084,1045,622,423
101000085,1145,930,215
101000086,895,948,-53
101000087,660,779,-119
101000088,1072,889,183
101000089,919,1166,-247
101000090,1493,964,529
101000091,412,539,-127
101000092,991,728,263
101000093,1083,619,464
101000094,855,671,184
101000095,444,427,17
101000096,356,443,-87
101000097,329,358,-29
101000098,274,301,-27
101000099,649,714,-65
101000100,610,638,-28
101000101,257,325,-68
101000102,589,439,150
101000103,579,385,194
101000104,296,483,-187
101000105,273,324,-51
101000106,367,652,-285
101000107,199,286,-87
101000108,532,174,358
101000109,307,59,248
101000110,18,282,-264
101000111,53,144,-91
101000113,146,438,-292
101000114,5572,5214,358
101000115,203,94,109
101000116,75,57,18
101000117,775,177,598
101000119,71,43,28
101000120,98,35,63
101000121,51,58,-7
101000122,113,81,32
101000123,44,72,-28
101000124,471,192,279
101000125,181,362,-181
101000128,260,323,-63
101000130,173,226,-53
101000131,728,431,297
101000132,626,549,77
101000135,42,43,-1
101000136,335,118,217
101000137,18,246,-228
101000141,966,2433,-1467
101000147,753,372,381
101000148,827,16,811
101000149,203,276,-73
101000150,85,479,-394
101000151,247,38,209
101000152,266,224,42
101000153,392,230,162
101000154,167,663,-496
101000155,242,106,136
101000156,14,253,-239
101000157,29,18,11
101000160,51,54,-3
101000163,143,325,-182
101000164,357,216,141
101000165,192,298,-106
101000166,188,155,33
101000168,791,316,475
101000252,1716,801,915
101000254,186,67,119
101000258,25,4,21
101000261,82,95,-13
101000262,888,2485,-1597
101000263,156,669,-513
101000265,53,548,-495
101000266,209,190,19
101000269,21,9,12
101000290,410,1519,-1109
101000293,35,47,-12
101000294,504,307,197
101000295,118,280,-162
101000301,447,349,98
101000304,1453,2170,-717
101000305,2166,1014,1152
101000328,121,359,-238
101900001,49,67,-18
101900002,0,17,-17
101900003,47,60,-13
101900004,3,74,-71
101900005,2198,1934,264
101900006,555,353,202
101900007,377,121,256
101900008,72,209,-137
101900009,37,319,-282
101900010,663,552,111
101900011,90,570,-480
101900012,115,93,22
101900013,613,167,446
101900017,7,109,-102
101900018,684,174,510
101900019,150,123,27
101900020,68,39,29
101900021,0,56,-56
101900022,111,673,-562
101900023,100,138,-38
101900026,96,40,56
101900027,14,78,-64
102000001,1879,3178,-1299
102000002,1957,838,1119
102000003,2373,4923,-2550
102000004,4047,1982,2065
102000005,1031,1602,-571
102000006,787,1252,-465
102000007,1171,3098,-1927
102000008,2964,1085,1879
102000009,4657,5819,-1162
102000010,3672,2320,1352
102000011,2433,1958,475
102000012,2523,2083,440
102000018,1963,1962,1
102000019,1571,924,647
102000026,139,308,-169
102000029,188,157,31
102000030,103,277,-174
102000031,66,131,-65
102000032,417,278,139
102000033,221,257,-36
102000034,353,265,88
102000035,618,455,163
102000036,15,181,-166
102000037,118,47,71
102000038,168,271,-103
102000039,160,96,64
102000040,302,176,126
102000041,110,347,-237
102000042,110,241,-131
102000043,158,145,13
102000044,254,357,-103
102000045,540,643,-103
102000046,801,395,406
102000047,593,664,-71
102000048,257,509,-252
102000049,721,590,131
102000050,764,852,-88
102000051,319,522,-203
102000052,793,551,242
102000053,642,593,49
102000054,581,767,-186
102000055,980,494,486
102000056,847,717,130
102000057,1215,429,786
102000058,847,939,-92
102000059,1050,892,158
102000060,873,733,140
102000061,1184,1221,-37
102000062,1349,784,565
102000063,949,1029,-80
102000064,504,549,-45
102000065,38,81,-43
102000066,677,591,86
102000067,1696,2088,-392
102000068,5843,2159,3684
102000069,70,1534,-1464
102000070,983,42,941
102000071,5350,7103,-1753
102000072,2084,3064,-980
102000073,313,397,-84
102000074,517,522,-5
102000075,104,180,-76
102000076,141,255,-114
102000077,455,525,-70
102000078,778,474,304
102000079,120,197,-77
102000080,242,128,114
102000081,244,527,-283
102000082,522,251,271
102000083,468,228,240
102000084,310,218,92
102000085,1093,657,436
102000086,915,726,189
102000087,575,1113,-538
102000088,306,213,93
102000089,989,291,698
102000090,336,737,-401
102000091,950,392,558
102000092,261,437,-176
102000093,548,592,-44
102000094,737,492,245
102000095,754,803,-49
102000096,437,605,-168
102000097,542,479,63
102000098,406,482,-76
102000099,634,572,62
102000100,498,797,-299
102000101,582,472,110
102000102,188,895,-707
102000103,987,310,677
102000104,391,255,136
102000105,257,372,-115
102000106,726,377,349
102000107,1132,358,774
102000108,514,140,374
102000109,410,359,51
102000110,913,789,124
102000111,1,254,-253
102000112,156,92,64
102000113,7,18,-11
102000114,608,245,363
102000115,248,229,19
102000116,279,354,-75
102000117,141,447,-306
102000118,795,1138,-343
102000119,1128,558,570
102000120,154,325,-171
102000121,828,368,460
102000122,480,657,-177
102000123,874,754,120
102000124,846,862,-16
102000125,582,618,-36
102000126,499,533,-34
102000127,949,517,432
102000128,499,760,-261
102000129,959,576,383
102000130,575,640,-65
102000131,829,401,428
102000132,390,535,-145
102000133,1773,1224,549
102000134,677,545,132
102000135,462,506,-44
102000136,643,392,251
102000137,573,480,93
102000138,158,257,-99
102000139,110,326,-216
102000140,255,271,-16
102000141,149,278,-129
102000142,212,267,-55
102000143,126,277,-151
102000144,290,243,47
102000145,272,347,-75
102000146,287,202,85
102000147,428,321,107
102000148,173,372,-199
102000149,144,259,-115
102000150,303,89,214
102000151,73,195,-122
102000152,183,109,74
102000153,855,435,420
102000154,188,432,-244
102000155,67,222,-155
102000156,266,103,163
102000157,91,344,-253
102000158,258,320,-62
102000159,664,378,286
102000161,2231,1605,626
102000162,161,132,29
102000163,83,432,-349
102000164,579,862,-283
102000165,247,136,111
102000166,86,145,-59
102000167,190,174,16
102000168,218,165,53
102000169,90,395,-305
102000170,423,123,300
102000171,114,84,30
102000172,34,265,-231
102000173,314,218,96
102000174,54,51,3
102000175,91,55,36
102000176,59,20,39
102000178,192,310,-118
102000179,359,173,186
102000180,685,300,385
102000181,777,427,350
102000182,531,460,71
102000183,1276,1223,53
102000184,1500,552,948
102000185,2236,923,1313
102000186,1245,1283,-38
102000187,707,990,-283
102000188,856,959,-103
102000189,1608,487,1121
102000190,425,1692,-1267
102000191,889,391,498
102000192,886,1154,-268
102000193,40,90,-50
102000194,56,105,-49
102000195,331,373,-42
102000196,189,243,-54
102000197,610,215,395
102000198,204,579,-375
102000199,886,183,703
102000200,228,651,-423
102000201,849,278,571
102000202,4,65,-61
102000203,245,174,71
102000204,397,436,-39
102000205,752,315,437
102000206,489,342,147
102000207,456,302,154
102000208,288,327,-39
102000209,43,40,3
102000210,370,300,70
102000211,325,183,142
102000212,273,11,262
102000213,2,194,-192
102000214,228,7,221
102000215,4,259,-255
102000216,51,66,-15
102000217,13,78,-65
102000218,270,163,107
102000219,285,182,103
102000225,384,608,-224
102000226,1160,654,506
102000227,142,1,141
102000228,1,51,-50
102000229,36,41,-5
102000230,225,285,-60
102000231,230,282,-52
102000232,21,140,-119
102000233,286,390,-104
102000234,113,825,-712
102000236,165,59,106
102000237,310,94,216
102000238,99,183,-84
102000240,332,598,-266
102000241,132,92,40
102000243,43,35,8
102000245,15,83,-68
102000246,10,30,-20
102000247,533,537,-4
102000248,408,706,-298
102000249,143,99,44
102000250,75,252,-177
102000254,129,173,-44
102000266,12,189,-177
102000271,21,0,21
102000286,271,289,-18
102000297,1351,688,663
102000305,0,2,-2
102000307,0,1,-1
102000316,242,186,56
102900001,735,514,221
102900002,257,30,227
102900003,67,173,-106
102900005,378,200,178
102900006,461,107,354
102900007,396,12,384
102900008,161,29,132
102900009,297,279,18
102900010,230,592,-362
102900011,1104,236,868
102900012,282,59,223
102900013,58,49,9
102900015,491,431,60
102900016,56,64,-8
102900017,170,348,-178
102900018,41,86,-45
102900019,250,256,-6
102900020,128,23,105
102900021,36,93,-57
102900022,513,183,330
102900023,31,39,-8
102900024,37,31,6
102900025,151,75,76
102900026,247,1311,-1064
102900027,55,46,9
102900028,119,513,-394
102900029,133,143,-10
102900030,251,174,77
102900031,162,87,75
102900032,92,64,28
102900033,130,167,-37
102900034,313,60,253
102900035,129,250,-121
102900036,267,267,0
102900037,303,321,-18
102900038,314,306,8
102900039,15,407,-392
102900040,111,213,-102
102900041,64,133,-69
102900042,204,211,-7
102900043,149,143,6
102900044,381,1245,-864
102900045,105,361,-256
102900046,136,186,-50
102900047,123,405,-282
102900048,482,290,192
102900049,109,249,-140
102900050,162,204,-42
102900051,128,147,-19
102900053,263,401,-138
102900054,449,827,-378
102900055,89,220,-131
102900056,98,255,-157
102900057,11,53,-42
102900058,225,54,171
102900059,21,57,-36
102900060,84,340,-256
102900061,128,352,-224
102900062,253,617,-364
102900063,963,302,661
102900064,73,296,-223
102900065,849,365,484
102900066,232,17,215
102900068,55,38,17
102900070,143,361,-218
102900072,11,39,-28
102900073,83,8,75
102900075,36,54,-18
102900076,122,114,8
102900077,34,24,10
102900078,44,63,-19
102900079,177,6,171
102900080,288,33,255
102900081,61,216,-155
102900082,7,173,-166
102900083,160,11,149
102900084,3,23,-20
102900085,284,97,187
102900086,22,50,-28
102900087,109,96,13
102900088,47,22,25
102900089,170,76,94
102900090,2,165,-163
102900091,100,0,100
102900092,223,503,-280
102900094,0,109,-109
102900095,114,1,113
102900096,70,13,57
102900097,3,68,-65
103000001,1830,1994,-164
103000002,1584,1940,-356
103000003,2486,2120,366
103000004,655,477,178
103000005,1408,2330,-922
103000006,668,1147,-479
103000007,330,482,-152
103000008,814,522,292
103000009,956,813,143
103000010,218,152,66
103000011,1169,938,231
103000012,1083,1100,-17
103000013,2748,1501,1247
103000014,1095,1926,-831
103000015,1312,564,748
103000016,385,907,-522
103000017,187,314,-127
103000018,545,253,292
103000019,262,191,71
103000020,2098,1133,965
103000021,1448,1822,-374
103000022,613,771,-158
103000023,683,1454,-771
103000024,62,119,-57
103000025,80,553,-473
103000026,549,149,400
103000027,226,466,-240
103000028,220,225,-5
103000029,146,214,-68
103000030,984,765,219
103000031,881,1356,-475
103000032,1623,1101,522
103000033,2322,2342,-20
103000034,975,640,335
103000035,313,914,-601
103000036,308,369,-61
103000037,394,354,40
103000038,311,640,-329
103000039,390,261,129
103000040,321,634,-313
103000041,1262,1330,-68
103000042,975,344,631
103000043,531,633,-102
103000044,273,158,115
103000046,276,351,-75
103000047,515,451,64
103000048,132,187,-55
103000049,73,122,-49
103000050,630,298,332
103000051,383,325,58
103000052,684,253,431
103000053,118,389,-271
103000054,2072,999,1073
103000055,1642,1650,-8
103000056,609,873,-264
103000057,661,154,507
103000058,523,527,-4
103000059,410,563,-153
103000060,671,386,285
103000061,353,728,-375
103000062,870,394,476
103000063,586,683,-97
103000064,163,122,41
103000065,8,343,-335
103000066,185,22,163
103000069,370,318,52
103000070,811,571,240
103000071,1096,435,661
103000072,99,367,-268
103000073,518,95,423
103000074,540,76,464
103000075,112,449,-337
103000076,174,262,-88
103000077,21,193,-172
103000078,580,497,83
103000079,487,487,0
103000080,691,234,457
103000081,275,729,-454
103000082,344,138,206
103000083,80,227,-147
103000084,95,10,85
103000085,2,88,-86
103000086,377,299,78
103000087,82,352,-270
103000088,233,222,11
103000089,194,342,-148
103000090,1798,729,1069
103000091,526,372,154
103000092,178,194,-16
103000093,196,315,-119
103000094,132,81,51
103000095,91,243,-152
103000096,498,53,445
103000097,48,453,-405
103000098,542,105,437
103000099,190,447,-257
103000100,71,453,-382
103000101,629,66,563
103000102,102,366,-264
103000103,497,103,394
103000104,52,49,3
103000105,118,59,59
103000106,7,131,-124
103000107,164,44,120
103000108,919,665,254
103000109,361,422,-61
103000110,347,389,-42
103000111,346,310,36
103000112,255,159,96
103000113,334,467,-133
103000114,1137,379,758
103000115,537,453,84
103000116,545,344,201
103000117,308,363,-55
103000118,401,464,-63
103000119,733,411,322
103000120,42,100,-58
103000121,120,291,-171
103000122,327,399,-72
103000125,13,171,-158
103000126,565,2,563
103000127,2,98,-96
103000128,132,4,128
103000129,0,80,-80
103000130,56,24,32
103000131,103,77,26
103000132,39,103,-64
103000133,15,91,-76
103000134,255,541,-286
103000135,340,202,138
103000136,345,289,56
103000137,362,417,-55
103000138,426,471,-45
103000139,0,48,-48
103000140,132,13,119
103000141,39,80,-41
103000142,94,63,31
103000143,41,162,-121
103000144,119,40,79
103000145,22,105,-83
103000150,73,60,13
103000152,153,222,-69
103000153,190,168,22
103000156,6,219,-213
103000157,384,1,383
103000159,83,10,73
103000162,35,28,7
103000163,10,34,-24
103000164,11,10,1
103000165,64,159,-95
103000166,206,230,-24
103000167,177,132,45
103000168,98,141,-43
103000169,175,318,-143
103000170,816,273,543
103000171,40,79,-39
103000172,236,283,-47
103000173,520,237,283
103000174,184,278,-94
103000175,322,151,171
103000176,547,430,117
103000177,375,269,106
103000178,159,209,-50
103000179,135,31,104
103000183,108,9,99
103000185,72,24,48
103000186,97,151,-54
103000187,447,223,224
103000188,6,64,-58
103000189,642,631,11
103000191,330,359,-29
103000292,1216,1273,-57
103000293,644,1596,-952
103000295,54,79,-25
103000296,195,1,194
103000297,7,17,-10
103000504,6,15,-9
103000505,7,29,-22
103000506,0,163,-163
103000507,198,2,196
103000508,38,30,8
103000509,267,429,-162
103900001,4,162,-158
103900002,675,108,567
103900003,909,21,888
103900004,103,0,103
103900005,0,125,-125
103900006,4,1,3
103900007,36,0,36
103900008,3,4,-1
103900009,122,414,-292
103900010,139,211,-72
103900011,236,100,136
103900012,2,28,-26
103900013,51,38,13
103900014,64,23,41
103900015,64,10,54
103900016,178,102,76
103900017,26,53,-27
103900018,315,164,151
103900019,43,185,-142
103900020,171,327,-156
103900021,273,44,229
103900022,863,510,353
103900023,134,1,133
103900024,74,244,-170
103900025,22,24,-2
103900026,54,0,54
103900027,580,174,406
103900028,15,219,-204
103900029,826,158,668
103900030,225,91,134
103900031,32,2,30
103900032,50,32,18
103900033,64,23,41
103900034,23,79,-56
103900035,80,49,31
103900036,27,39,-12
103900037,55,45,10
103900038,59,124,-65
103900039,83,193,-110
103900040,5,100,-95
103900041,37,57,-20
103900042,70,217,-147
103900043,154,40,114
103900044,71,182,-111
103900045,238,117,121
103900047,115,17,98
103900048,91,20,71
103900049,149,872,-723
103900050,8,88,-80
103900051,1,30,-29
103900052,177,227,-50
103900053,114,362,-248
103900054,115,218,-103
103900055,351,154,197
103900056,41,38,3
103900057,22,93,-71
103900058,224,380,-156
103900059,0,48,-48
103900060,64,129,-65
103900061,148,34,114
103900062,226,77,149
103900063,4,0,4
103900064,91,1,90
103900065,508,304,204
103900066,139,19,120
103900067,153,11,142
103900068,3,0,3
103900069,50,10,40
103900070,118,161,-43
103900071,9,60,-51
103900072,33,118,-85
103900073,21,17,4
103900074,80,47,33
103900075,170,43,127
103900076,523,382,141
103900077,37,76,-39
103900078,221,63,158
103900079,138,120,18
103900080,13,26,-13
103900081,126,32,94
103900082,6,95,-89
103900083,1004,718,286
103900084,46,98,-52
103900085,76,125,-49
103900086,549,248,301
103900088,261,396,-135
103900089,53,118,-65
103900090,1,117,-116
103900091,915,149,766
103900092,507,313,194
103900093,59,233,-174
103900094,27,77,-50
103900095,184,156,28
103900096,9,112,-103
103900097,18,272,-254
103900098,147,83,64
103900099,62,94,-32
103900100,132,232,-100
103900101,150,815,-665
103900102,0,15,-15
103900104,0,26,-26
103900105,38,115,-77
103900106,0,174,-174
103900107,94,125,-31
103900108,94,155,-61
103900109,128,34,94
103900110,171,41,130
103900111,74,356,-282
103900112,34,72,-38
103900113,82,162,-80
103900114,260,211,49
103900115,173,128,45
103900116,2463,1839,624
103900117,73,41,32
103900119,24,55,-31
103900120,80,86,-6
103900122,66,189,-123
103900123,684,383,301
103900124,60,285,-225
103900125,85,66,19
103900126,390,226,164
103900127,144,280,-136
103900128,143,88,55
103900131,36,83,-47
103900133,691,38,653
103900134,1,10,-9
103900135,0,5,-5
103900137,0,18,-18
103900138,144,183,-39
103900139,180,1397,-1217
103900140,9,139,-130
103900141,179,49,130
103900142,81,68,13
103900143,43,1,42
103900144,2,17,-15
103900145,124,159,-35
103900146,243,115,128
103900147,227,66,161
103900148,169,181,-12
103900149,295,489,-194
103900150,3855,2772,1083
103900151,35,126,-91
103900152,382,282,100
103900153,7,0,7
103900154,342,1092,-750
103900155,48,133,-85
103900156,60,97,-37
103900157,31,101,-70
103900158,56,101,-45
103900159,137,30,107
103900160,21,35,-14
103900161,70,144,-74
103900162,48,156,-108
103900163,6,321,-315
103900167,6,65,-59
103900168,78,58,20
103900169,30,26,4
103900170,0,69,-69
103900171,0,25,-25
103900172,6,5,1
103900173,10,17,-7
103900174,150,45,105
103900175,26,53,-27
103900176,5,21,-16
103900177,20,61,-41
103900178,37,36,1
103900179,38,79,-41
103900180,7,46,-39
103900181,43,27,16
103900182,23,11,12
103900184,282,75,207
103900185,82,267,-185
103900187,25,50,-25
103900188,36,22,14
103900189,86,4,82
103900190,48,37,11
103900191,18,25,-7
103900192,24,45,-21
103900193,73,81,-8
103900194,61,155,-94
103900195,4,71,-67
103900196,56,30,26
103900197,30,41,-11
103900198,15,35,-20
103900199,115,51,64
103900200,167,72,95
103900201,76,97,-21
103900202,8,52,-44
103900203,31,20,11
103900204,0,72,-72
103900207,0,87,-87
103900208,80,0,80
103900209,5,80,-75
103900210,18,22,-4
103900211,406,242,164
103900212,83,214,-131
103900213,35,137,-102
103900214,207,167,40
103900215,215,204,11
103900216,32,40,-8
103900217,293,29,264
103900218,5,221,-216
103900219,153,137,16
103900233,22,0,22
103900235,12,10,2
103900236,8,4,4
103900242,2,10,-8
103900243,4,4,0
103900244,106,124,-18
103900245,87,101,-14
103900246,32,29,3
103900247,27,87,-60
103900248,7,28,-21
103900249,9,63,-54
103900250,14,31,-17
103900251,3,30,-27
103900253,13,58,-45
103900254,2,21,-19
103900255,6,14,-8
103900256,3,23,-20
103900257,76,79,-3
103900258,18,8,10
103900259,54,7,47
103900261,7,5,2
103900262,37,1,36
103900263,32,29,3
103900264,21,9,12
103900265,24,3,21
103900266,0,79,-79
103900267,9,67,-58
103900268,67,80,-13
103900269,257,126,131
103900270,68,165,-97
103900271,168,127,41
103900272,47,40,7
103900273,22,21,1
103900274,68,4,64
103900275,15,3,12
103900277,1,34,-33
103900278,196,163,33
103900279,52,41,11
103900280,6,88,-82
103900281,71,70,1
103900282,130,9,121
103900283,203,17,186
103900284,11,26,-15
103900285,49,93,-44
103900286,23,52,-29
103900287,11,87,-76
103900288,32,159,-127
103900289,298,179,119
103900290,178,38,140
103900291,27,37,-10
103900292,195,71,124
103900293,3,43,-40
103900294,5,156,-151
104000001,1948,1302,646
104000002,1317,1801,-484
104000003,1734,1574,160
104000004,1959,1755,204
104000005,1340,1324,16
104000006,2636,2119,517
104000007,3550,3263,287
104000008,155,181,-26
104000009,156,89,67
104000010,160,242,-82
104000011,330,196,134
104000012,159,209,-50
104000013,167,149,18
104000014,163,464,-301
104000015,307,108,199
104000016,471,275,196
104000018,756,177,579
104000019,588,158,430
104000020,107,377,-270
104000021,252,368,-116
104000022,110,219,-109
104000023,779,276,503
104000024,205,236,-31
104000026,30,216,-186
104000027,239,193,46
104000028,369,154,215
104000029,301,229,72
104000030,233,169,64
104000031,1090,319,771
104000032,217,175,42
104000033,509,353,156
104000034,231,155,76
104000035,726,292,434
104000036,643,359,284
104000037,203,183,20
104000038,458,382,76
104000039,183,145,38
104000040,170,230,-60
104000041,684,299,385
104000042,179,262,-83
104000043,201,263,-62
104000044,235,449,-214
104000045,771,688,83
104000046,783,874,-91
104000047,554,721,-167
104000048,787,993,-206
104000049,402,191,211
104000050,123,356,-233
104000051,63,408,-345
104000052,1624,1692,-68
104000053,771,343,428
104000054,305,226,79
104000055,2575,1555,1020
104000056,863,208,655
104000057,178,429,-251
104000058,661,543,118
104000059,472,770,-298
104000060,754,966,-212
104000061,949,703,246
104000062,476,137,339
104000064,405,318,87
104000065,161,498,-337
104000069,610,892,-282
104000070,45,300,-255
104000071,230,422,-192
104000072,528,248,280
104000075,25,211,-186
104000076,300,36,264
104000082,1675,2566,-891
104000083,598,149,449
104000084,93,419,-326
104000085,222,247,-25
104000086,127,324,-197
104000087,338,1261,-923
104000090,626,860,-234
104000092,936,1294,-358
104000094,673,899,-226
104000095,1346,1045,301
104000096,1131,123,1008
104000097,1384,575,809
104000098,1826,600,1226
104000100,1257,420,837
104000101,872,1056,-184
104000106,104,551,-447
104000107,545,291,254
104000108,197,328,-131
104000109,275,85,190
104000110,624,664,-40
104000111,2142,1505,637
104000112,1360,380,980
104000116,1,592,-591
104000117,162,355,-193
104000118,415,112,303
104000119,408,205,203
104000120,189,363,-174
104000121,154,549,-395
104000122,543,546,-3
104000123,506,652,-146
104000124,554,1057,-503
104000125,1878,2980,-1102
104000126,296,284,12
104000127,1026,1631,-605
104000128,399,268,131
104000129,253,18,235
104000130,5,161,-156
104000131,410,367,43
104000132,369,471,-102
104000133,1125,604,521
104000134,690,1083,-393
104000135,330,1374,-1044
104000136,540,3011,-2471
104000137,1258,330,928
104000138,631,217,414
104000139,3457,1872,1585
104000141,826,896,-70
104000142,510,433,77
104000143,461,334,127
104000144,86,126,-40
104000145,314,201,113
104000146,215,293,-78
104000147,113,191,-78
104000148,317,121,196
104000149,157,171,-14
104000150,669,347,322
104000151,282,267,15
104000152,381,394,-13
104000153,545,426,119
104000154,623,320,303
104000155,326,455,-129
104000157,753,836,-83
104000158,202,331,-129
104000159,666,401,265
104000160,1448,1397,51
104000161,122,141,-19
104000162,57,106,-49
104000165,755,792,-37
104000167,519,780,-261
104000168,372,7,365
104000169,119,40,79
104000170,266,433,-167
104000248,207,489,-282
104000251,55,151,-96
104000272,0,0,0
104000273,0,0,0
104000274,0,0,0
104000275,0,0,0
104000279,2093,1395,698
104000290,64,197,-133
104000291,450,831,-381
104000293,642,581,61
104000294,20,0,20
104000295,525,515,10
104000296,317,475,-158
104000297,780,1393,-613
104000298,1324,657,667
104000299,604,1026,-422
104000302,95,107,-12
104000303,140,117,23
104900001,132,202,-70
104900002,47,130,-83
104900003,38,198,-160
104900004,71,178,-107
104900005,171,174,-3
104900006,211,72,139
104900007,178,153,25
104900009,108,197,-89
104900010,62,29,33
104900011,21,5,16
104900012,185,23,162
104900013,102,7,95
104900014,1455,223,1232
104900015,69,5,64
104900016,185,93,92
104900017,129,143,-14
104900018,4,130,-126
104900019,153,2240,-2087
104900020,48,229,-181
104900021,1,91,-90
104900022,4,103,-99
104900023,1,35,-34
104900024,24,134,-110
104900025,45,132,-87
104900026,0,49,-49
104900027,366,205,161
104900028,15,75,-60
104900029,31,39,-8
104900030,307,144,163
104900031,62,161,-99
104900032,33,57,-24
104900033,165,194,-29
104900034,223,102,121
104900035,319,151,168
104900036,181,58,123
104900037,97,137,-40
104900038,198,504,-306
104900039,388,299,89
104900040,313,99,214
104900041,211,114,97
104900042,87,146,-59
104900043,24,215,-191
104900044,571,136,435
104900045,344,52,292
104900046,176,70,106
104900047,258,91,167
104900048,239,34,205
104900049,31,33,-2
104900050,206,38,168
104900051,223,33,190
104900052,36,1,35
104900053,360,66,294
104900054,129,21,108
104900055,85,1,84
104900056,184,17,167
104900057,26,1,25
104900058,280,129,151
104900059,229,44,185
104900061,154,338,-184
104900063,16,57,-41
104900064,1,42,-41
104900065,1,120,-119
104900066,0,66,-66
104900067,1,208,-207
104900068,10,124,-114
104900070,135,171,-36
104900071,0,289,-289
104900072,31,201,-170
104900073,34,115,-81
104900074,21,131,-110
104900075,46,18,28
104900076,48,156,-108
104900077,426,139,287
104900078,161,269,-108
104900079,74,387,-313
104900080,64,352,-288
104900082,17,305,-288
104900085,3,108,-105
104900089,159,0,159
104900091,421,337,84
104900093,165,296,-131
104900097,1430,1494,-64
104900098,78,33,45
104900099,47,299,-252
104900100,314,145,169
104900102,67,72,-5
104900103,280,43,237
104900106,72,74,-2
104900107,108,77,31
104900108,20,145,-125
104900109,72,101,-29
104900110,8,43,-35
104900111,87,54,33
104900112,159,446,-287
104900113,502,216,286
104900114,290,267,23
104900115,518,276,242
104900116,189,119,70
104900118,4,18,-14
104900119,3,28,-25
104900120,24,257,-233
104900121,0,41,-41
104900122,1,23,-22
104900123,73,5,68
104900124,41,0,41
104900125,304,67,237
104900126,38,29,9
104900127,19,36,-17
104900128,76,74,2
104900129,829,1244,-415
105000001,2092,1151,941
105000002,2021,1272,749
105000003,2621,2506,115
105000004,389,546,-157
105000005,657,844,-187
105000006,1239,1395,-156
105000007,912,1327,-415
105000008,1330,2593,-1263
105000009,1841,2609,-768
105000010,2183,1433,750
105000011,2707,2583,124
105000012,2487,2196,291
105000013,837,891,-54
105000014,1487,2128,-641
105000015,6941,11058,-4117
105000016,1907,1491,416
105000017,1372,574,798
105000018,949,1079,-130
105000019,905,682,223
105000020,191,333,-142
105000021,315,112,203
105000022,232,102,130
105000023,475,322,153
105000028,49,79,-30
105000029,353,1115,-762
105000030,2730,1931,799
105000031,2,29,-27
105000033,903,1407,-504
105000034,89,752,-663
105000037,426,177,249
105000038,1227,1612,-385
105000039,1546,1078,468
105000040,711,1034,-323
105000041,361,829,-468
105000042,2294,1385,909
105000043,1294,1358,-64
105000044,503,418,85
105000045,261,514,-253
105000046,966,260,706
105000047,460,786,-326
105000048,601,194,407
105000049,197,367,-170
105000050,618,297,321
105000051,127,290,-163
105000052,459,602,-143
105000053,101,117,-16
105000054,381,593,-212
105000055,543,230,313
105000056,1214,1490,-276
105000057,1156,647,509
105000058,1019,751,268
105000059,603,500,103
105000060,397,459,-62
105000061,515,385,130
105000062,411,581,-170
105000063,240,331,-91
105000064,1158,635,523
105000065,304,374,-70
105000066,829,901,-72
105000067,1163,733,430
105000068,387,655,-268
105000069,1322,1342,-20
105000070,458,752,-294
105000071,213,669,-456
105000072,995,1734,-739
105000073,656,468,188
105000074,827,527,300
105000075,403,612,-209
105000076,849,645,204
105000077,1925,816,1109
105000078,775,1076,-301
105000079,954,2837,-1883
105000080,1214,1080,134
105000081,3066,1229,1837
105000082,808,1694,-886
105000083,3742,3359,383
105000084,513,627,-114
105000085,1397,1752,-355
105000086,591,709,-118
105000087,1170,1198,-28
105000088,1109,1345,-236
105000089,1885,1364,521
105000090,768,535,233
105000091,1023,1015,8
105000092,484,592,-108
105000093,204,230,-26
105000094,315,168,147
105000095,123,476,-353
105000096,919,969,-50
105000097,634,782,-148
105000098,808,603,205
105000099,636,605,31
105000100,1124,826,298
105000101,1577,1393,184
105000102,1116,1223,-107
105000103,990,1782,-792
105000104,1759,735,1024
105000105,965,1369,-404
105000106,982,1028,-46
105000107,1108,635,473
105000108,1196,938,258
105000109,1182,1138,44
105000110,714,384,330
105000111,714,500,214
105000112,1008,433,575
105000113,405,588,-183
105000114,1634,933,701
105000115,245,994,-749
105000116,644,436,208
105000117,821,621,200
105000118,429,327,102
105000119,405,536,-131
105000120,788,460,328
105000121,625,659,-34
105000122,403,540,-137
105000123,840,773,67
105000124,1631,554,1077
105000125,707,1051,-344
105000126,1721,1293,428
105000127,1832,1386,446
105000128,663,732,-69
105000129,608,382,226
105000130,287,2413,-2126
105000131,494,225,269
105000132,697,551,146
105000133,348,681,-333
105000134,655,554,101
105000135,291,404,-113
105000136,111,223,-112
105000137,454,203,251
105000138,205,251,-46
105000139,799,626,173
105000140,465,447,18
105000141,222,350,-128
105000142,200,380,-180
105000143,134,471,-337
105000144,169,548,-379
105000145,506,294,212
105000146,331,573,-242
105000147,580,269,311
105000148,846,571,275
105000149,1957,1729,228
105000150,1287,947,340
105000151,368,276,92
105000152,140,369,-229
105000153,470,454,16
105000154,467,352,115
105000155,285,599,-314
105000156,521,509,12
105000157,548,1048,-500
105000158,1287,640,647
105000159,253,734,-481
105000160,1525,457,1068
105000161,553,645,-92
105000162,404,1224,-820
105000163,906,586,320
105000164,120,178,-58
105000165,561,3754,-3193
105000166,3422,646,2776
105000167,1153,1076,77
105000168,361,337,24
105000169,463,194,269
105000170,171,1044,-873
105000171,803,140,663
105000172,140,36,104
105000173,185,33,152
105000174,46,31,15
105000175,43,91,-48
105000176,349,94,255
105000177,272,135,137
105000178,137,286,-149
105000179,467,115,352
105000180,84,76,8
105000181,124,210,-86
105000182,36,58,-22
105000183,1592,1482,110
105000184,804,860,-56
105000185,751,1096,-345
105000186,442,744,-302
105000187,603,161,442
105000188,199,146,53
105000189,141,456,-315
105000190,187,183,4
105000191,305,275,30
105000192,221,59,162
105000193,56,94,-38
105000194,388,112,276
105000195,201,460,-259
105000196,106,238,-132
105000197,234,411,-177
105000198,480,207,273
105000199,240,499,-259
105000200,82,223,-141
105000201,67,18,49
105000203,27,162,-135
105000204,91,51,40
105000205,81,189,-108
105000207,344,156,188
105000208,149,380,-231
105000209,201,261,-60
105000211,218,20,198
105000212,1012,697,315
105000213,112,122,-10
105000214,130,147,-17
105000215,262,133,129
105000216,127,208,-81
105000217,115,196,-81
105000218,1072,889,183
105000221,159,147,12
105000222,394,180,214
105000223,288,189,99
105000226,87,150,-63
105000227,38,109,-71
105000228,151,1266,-1115
105000229,117,430,-313
105000231,324,234,90
105000233,689,524,165
105000234,371,933,-562
105000235,272,431,-159
105000237,573,51,522
105000243,22,28,-6
105000248,69,52,17
105000262,253,816,-563
105000269,81,160,-79
105000270,360,22,338
105000271,0,138,-138
105000282,57,24,33
105000287,255,75,180
105000288,485,322,163
105000289,2217,1723,494
105000290,40,11,29
105000402,2235,2773,-538
105000426,384,424,-40
105000438,3436,1371,2065
105000440,31,17,14
105000446,7367,4031,3336
105000447,4280,1936,2344
105000454,705,582,123
105000455,234,130,104
105000474,52,0,52
105000477,329,456,-127
105000478,1338,3476,-2138
105000479,90,100,-10
105000480,8405,6290,2115
105000481,3984,2762,1222
105000482,3642,6184,-2542
105000483,1446,1718,-272
105000484,1909,2554,-645
105000485,1226,2634,-1408
105000486,2444,1917,527
105000488,8150,4040,4110
105000489,678,605,73
105000549,79,140,-61
105000550,365,1075,-710
105000551,32,106,-74
105000552,1870,1108,762
105000555,1220,869,351
105000556,40,28,12
105000557,64,172,-108
105900001,4,1610,-1606
105900002,703,495,208
105900003,12,79,-67
105900004,137,110,27
105900005,19,246,-227
105900006,17,79,-62
105900007,59,21,38
105900008,52,308,-256
105900009,17,8,9
105900011,105,44,61
105900012,339,98,241
105900013,0,29,-29
105900014,4,49,-45
105900015,112,211,-99
105900016,327,298,29
105900017,1028,23,1005
105900018,149,126,23
105900019,30,180,-150
105900020,41,46,-5
105900021,14,173,-159
105900022,190,109,81
105900023,5,61,-56
105900024,5,121,-116
105900025,161,14,147
105900026,169,11,158
105900027,7422,3167,4255
105900028,481,418,63
105900029,1144,230,914
105900030,107,187,-80
105900031,235,122,113
105900032,52,83,-31
105900033,76,84,-8
105900034,151,121,30
105900035,82,108,-26
105900036,71,100,-29
105900037,79,55,24
105900038,143,205,-62
105900039,129,68,61
105900040,48,76,-28
105900041,142,102,40
105900042,52,124,-72
105900043,842,23,819
105900044,2,117,-115
105900045,0,501,-501
105900046,12,187,-175
105900047,8,30,-22
105900048,61,310,-249
105900050,2248,4201,-1953
105900051,55,780,-725
105900052,320,79,241
105900053,1795,1938,-143
105900054,208,93,115
105900056,432,262,170
105900057,26,85,-59
105900058,10,12,-2
105900059,0,25,-25
106000001,3241,1866,1375
106000002,1585,4204,-2619
106000003,2324,2706,-382
106000004,1466,2073,-607
106000005,2747,3723,-976
106000006,4252,2570,1682
106000007,386,477,-91
106000008,443,269,174
106000009,479,288,191
106000010,508,473,35
106000011,936,725,211
106000012,661,914,-253
106000013,1492,1452,40
106000014,1261,1049,212
106000015,1574,808,766
106000016,986,1379,-393
106000017,518,595,-77
106000018,447,359,88
106000019,350,326,24
106000020,305,252,53
106000021,281,322,-41
106000022,282,178,104
106000023,508,254,254
106000024,446,360,86
106000025,143,175,-32
106000026,89,258,-169
106000027,1249,981,268
106000028,464,337,127
106000029,591,737,-146
106000030,360,366,-6
106000034,157,380,-223
106000035,852,1562,-710
106000036,165,341,-176
106000037,1490,980,510
106000038,253,106,147
106000039,79,90,-11
106000040,106,651,-545
106000041,577,385,192
106000043,443,255,188
106000046,323,57,266
106000047,36,341,-305
106000049,841,133,708
106000050,236,447,-211
106000051,527,364,163
106000052,118,342,-224
106000053,359,86,273
106000054,250,258,-8
106000055,512,184,328
106000056,231,250,-19
106000057,331,213,118
106000058,113,110,3
106000059,313,204,109
106000060,249,296,-47
106000061,197,339,-142
106000062,110,324,-214
106000063,685,465,220
106000064,21,277,-256
106000065,289,242,47
106000066,72,192,-120
106000067,281,70,211
106000068,57,420,-363
106000069,211,61,150
106000070,340,564,-224
106000071,861,275,586
106000072,1979,1280,699
106000073,1137,2227,-1090
106000074,509,522,-13
106000075,304,1079,-775
106000076,1373,1590,-217
106000077,2518,1091,1427
106000078,780,705,75
106000079,537,612,-75
106000080,919,471,448
106000081,505,828,-323
106000082,1877,629,1248
106000083,408,1095,-687
106000084,937,535,402
106000085,1163,1118,45
106000086,467,660,-193
106000087,853,406,447
106000088,375,554,-179
106000089,797,255,542
106000090,245,420,-175
106000091,230,305,-75
106000092,501,216,285
106000093,263,106,157
106000094,68,179,-111
106000095,637,520,117
106000096,707,466,241
106000097,895,508,387
106000098,526,628,-102
106000099,192,651,-459
106000100,922,206,716
106000101,678,288,390
106000102,218,493,-275
106000103,219,384,-165
106000104,641,318,323
106000105,434,439,-5
106000106,564,407,157
106000107,126,186,-60
106000108,378,246,132
106000109,188,182,6
106000110,173,211,-38
106000111,229,291,-62
106000112,173,465,-292
106000113,516,396,120
106000114,353,391,-38
106000115,185,311,-126
106000116,299,144,155
106000117,836,455,381
106000118,913,889,24
106000119,931,696,235
106000120,568,791,-223
106000121,169,96,73
106000122,115,97,18
106000123,360,97,263
106000124,60,124,-64
106000125,29,173,-144
106000126,273,65,208
106000127,228,492,-264
106000128,693,127,566
106000129,415,374,41
106000130,661,257,404
106000131,114,467,-353
106000132,500,133,367
106000133,1218,857,361
106000134,456,1130,-674
106000135,197,444,-247
106000136,723,885,-162
106000137,53,533,-480
106000138,835,64,771
106000139,52,84,-32
106000140,22,37,-15
106000141,135,41,94
106000142,76,35,41
106000143,39,38,1
106000144,43,39,4
106000145,182,151,31
106000146,309,112,197
106000147,603,432,171
106000148,737,669,68
106000149,546,394,152
106000150,428,1370,-942
106000151,2767,568,2199
106000152,848,1394,-546
106000153,109,1265,-1156
106000154,1014,198,816
106000155,86,248,-162
106000156,589,140,449
106000157,505,1048,-543
106000158,1482,634,848
106000159,1828,1409,419
106000160,380,1880,-1500
106000161,1027,276,751
106000162,261,690,-429
106000163,370,252,118
106000164,387,198,189
106000165,173,367,-194
106000166,580,210,370
106000167,316,691,-375
106000168,447,174,273
106000169,289,356,-67
106000170,669,186,483
106000171,189,819,-630
106000172,2109,966,1143
106000173,819,1803,-984
106000174,871,293,578
106000175,194,571,-377
106000176,1173,508,665
106000177,475,1586,-1111
106000178,2157,1059,1098
106000179,713,1423,-710
106000180,527,791,-264
106000181,604,1296,-692
106000182,1143,471,672
106000183,974,388,586
106000184,912,467,445
106000185,656,1126,-470
106000186,602,108,494
106000187,167,664,-497
106000188,0,0,0
106000189,12,18,-6
106000190,13,0,13
106000191,477,147,330
106000192,0,13,-13
106000193,313,137,176
106000194,102,186,-84
106000195,214,94,120
106000196,53,230,-177
106000197,552,158,394
106000198,144,173,-29
106000199,432,411,21
106000200,198,165,33
106000201,304,1766,-1462
106000202,2389,415,1974
106000203,25,132,-107
106000204,91,4,87
106000205,11,118,-107
106000206,102,21,81
106000207,20,394,-374
106000208,1106,146,960
106000209,1038,289,749
106000210,184,555,-371
106000211,219,770,-551
106000212,582,352,230
106000213,499,1368,-869
106000214,1694,496,1198
106000215,189,373,-184
106000216,305,267,38
106000217,187,275,-88
106000218,414,304,110
106000219,137,236,-99
106000220,307,187,120
106000221,189,140,49
106000222,78,77,1
106000223,241,76,165
106000224,213,108,105
106000225,101,83,18
106000226,72,181,-109
106000228,28,71,-43
106000229,101,526,-425
106000231,880,87,793
106000232,62,254,-192
106000233,361,84,277
106000234,65,176,-111
106000235,324,80,244
106000236,95,64,31
106000237,8,5,3
106000238,25,17,8
106000239,3,76,-73
106000240,31,2,29
106000241,28,424,-396
106000242,192,23,169
106000249,57,49,8
106000250,60,381,-321
106000251,78,23,55
106000252,27,59,-32
106000253,62,48,14
106000254,77,24,53
106000255,14,127,-113
106000256,49,41,8
106000257,110,162,-52
106000258,146,23,123
106000259,4,52,-48
106000260,32,4,28
106000261,2,49,-47
106000262,52,12,40
106000263,12,31,-19
106000264,203,4,199
106000265,8,89,-81
106000266,80,13,67
106000267,9,46,-37
106000268,344,54,290
106000269,55,24,31
106000270,75,272,-197
106000271,55,130,-75
106000272,147,37,110
106000273,9,153,-144
106000274,122,39,83
106000275,93,145,-52
106000276,119,36,83
106000277,95,212,-117
106000278,164,26,138
106000279,20,23,-3
106000280,53,56,-3
106000281,56,44,12
106000282,61,52,9
106000283,80,28,52
106000284,58,95,-37
106000285,92,65,27
106000286,99,115,-16
106000287,84,57,27
106000288,86,118,-32
106000289,88,50,38
106000290,73,63,10
106000291,71,68,3
106000292,73,62,11
106000293,85,69,16
106000294,98,62,36
106000295,47,37,10
106000296,16,48,-32
106000297,25,162,-137
106000298,70,55,15
106000299,54,69,-15
106000300,57,55,2
106000301,36,93,-57
106000303,20,48,-28
106000304,39,26,13
106000305,33,36,-3
106000306,23,35,-12
106000307,27,23,4
106000308,18,56,-38
106000309,19,41,-22
106000310,239,323,-84
106000311,302,112,190
106000312,90,116,-26
106000313,188,164,24
106000318,59,306,-247
106000319,784,176,608
106000320,1,53,-52
106000321,165,110,55
106000322,147,112,35
106000324,14,84,-70
106000325,1437,640,797
106000326,760,1165,-405
106000327,155,84,71
106000328,17,116,-99
106000329,60,200,-140
106000330,46,70,-24
106000428,58,142,-84
106000429,152,375,-223
106000430,287,899,-612
106000431,1790,315,1475
106000432,1521,2129,-608
106000433,2002,1208,794
106000434,2538,1079,1459
106000435,1117,1839,-722
106000436,7,99,-92
106000437,211,66,145
106000438,176,138,38
106000439,34,485,-451
106000440,298,636,-338
106000441,0,1,-1
106000442,114,7,107
106000443,121,215,-94
106000450,0,97,-97
106000451,26,40,-14
106000454,2,139,-137
106000455,7,140,-133
106000456,103,23,80
106000457,10,524,-514
106000458,799,77,722
106000459,163,209,-46
106000460,1251,16,1235
106000461,96,574,-478
106000462,2,21,-19
106000463,2,11,-9
106000464,5,332,-327
106000465,568,3,565
106000466,2,326,-324
106000467,244,345,-101
106000468,49,77,-28
106000469,101,0,101
106000470,188,1185,-997
106000471,17,306,-289
106000472,103,9,94
106000473,45,16,29
106000474,411,338,73
106000475,369,232,137
106000476,185,230,-45
106000477,54,87,-33
106000480,0,253,-253
106900001,0,7,-7
106900002,11,221,-210
106900003,13,53,-40
106900004,0,6,-6
106900006,0,1,-1
106900007,0,5,-5
106900008,507,881,-374
106900009,254,149,105
106900010,468,129,339
106900012,286,308,-22
106900013,813,1247,-434
106900014,18,2,16
106900015,10,0,10
106900016,217,8,209
106900017,5,1,4
106900018,2,0,2
106900019,44,0,44
106900020,1389,1092,297
106900021,131,155,-24
106900022,615,1,614
106900023,166,314,-148
106900024,424,35,389
106900025,99,469,-370
106900026,0,33,-33
106900027,659,6,653
106900028,2,4,-2
106900029,319,122,197
106900030,1,276,-275
107000001,3062,2964,98
107000002,1737,2933,-1196
107000003,4401,4667,-266
107000004,3103,2728,375
107000005,3752,4450,-698
107000006,2779,2509,270
107000007,4038,7530,-3492
107000008,7063,5161,1902
107000009,5572,6139,-567
107000010,6681,5622,1059
107000011,916,916,0
107000012,2737,1936,801
107000013,108,84,24
107000014,61,150,-89
107000015,472,561,-89
107000016,609,536,73
107000017,1679,1273,406
107000018,15,837,-822
107000020,1458,1384,74
107000021,842,334,508
107000022,611,1214,-603
107000023,1345,149,1196
107000024,418,995,-577
107000025,161,232,-71
107000026,222,327,-105
107000027,1136,690,446
107000028,1008,896,112
107000029,2695,2219,476
107000030,2068,1902,166
107000031,3530,1931,1599
107000032,338,691,-353
107000033,2109,2715,-606
107000034,2335,1058,1277
107000035,356,158,198
107000036,252,946,-694
107000037,75,605,-530
107000038,252,212,40
107000039,722,613,109
107000040,141,230,-89
107000041,1254,599,655
107000042,560,1407,-847
107000043,1828,885,943
107000044,419,263,156
107000045,60,237,-177
107000046,694,365,329
107000047,391,683,-292
107000048,670,251,419
107000049,532,685,-153
107000050,919,465,454
107000051,225,249,-24
107000052,935,792,143
107000053,269,174,95
107000054,38,199,-161
107000055,303,125,178
107000056,472,555,-83
107000057,1438,205,1233
107000058,1726,1961,-235
107000059,1389,2184,-795
107000060,3880,4407,-527
107000061,3505,2354,1151
107000062,4061,2681,1380
107000063,3331,3218,113
107000064,3879,2224,1655
107000065,2526,3159,-633
107000066,1578,2245,-667
107000067,858,1044,-186
107000068,998,731,267
107000069,764,473,291
107000070,1011,11,1000
107000071,2856,32,2824
107000072,30,1898,-1868
107000073,587,317,270
107000074,128,626,-498
107000075,1554,487,1067
107000076,507,993,-486
107000077,3143,1284,1859
107000078,2091,2136,-45
107000079,2474,1027,1447
107000080,866,1961,-1095
107000081,1696,535,1161
107000082,515,1115,-600
107000083,1128,335,793
107000084,266,1057,-791
107000085,2672,2819,-147
107000086,2641,2528,113
107000087,2616,1736,880
107000088,2510,2758,-248
107000089,1210,1346,-136
107000090,808,777,31
107000091,1260,631,629
107000092,692,730,-38
107000093,1160,778,382
107000094,696,880,-184
107000095,673,520,153
107000096,444,478,-34
107000097,608,288,320
107000098,439,477,-38
107000099,390,239,151
107000100,169,218,-49
107000101,55,145,-90
107000102,132,241,-109
107000103,295,168,127
107000104,149,200,-51
107000105,348,134,214
107000106,197,182,15
107000107,490,162,328
107000108,129,401,-272
107000109,483,149,334
107000110,78,341,-263
107000111,344,71,273
107000112,24,191,-167
107000113,704,121,583
107000114,128,358,-230
107000115,522,159,363
107000116,91,571,-480
107000117,121,532,-411
107000118,122,146,-24
107000119,1157,1265,-108
107000120,881,373,508
107000121,850,566,284
107000122,1039,673,366
107000123,459,459,0
107000124,507,737,-230
107000125,947,561,386
107000126,781,610,171
107000129,162,581,-419
107000130,456,146,310
107000131,329,383,-54
107000132,381,292,89
107000133,375,93,282
107000134,209,2,207
107000135,2,180,-178
107000136,553,9,544
107000137,14,344,-330
107000138,287,22,265
107000139,27,399,-372
107000140,1024,60,964
107000141,96,705,-609
107000142,442,77,365
107000143,53,603,-550
107000144,516,345,171
107000145,135,401,-266
107000146,153,265,-112
107000147,3325,918,2407
107000150,415,1990,-1575
107000151,27,72,-45
107000152,341,1097,-756
107000153,123,260,-137
107000154,200,307,-107
107000155,721,22,699
107000156,996,24,972
107000157,71,904,-833
107000158,629,26,603
107000159,29,586,-557
107000160,990,99,891
107000161,46,813,-767
107000162,227,408,-181
107000163,128,1,127
107000164,750,1,749
107000165,877,14,863
107000166,35,757,-722
107000167,561,217,344
107000168,895,417,478
107000169,504,667,-163
107000170,1815,603,1212
107000171,540,1206,-666
107000172,947,1155,-208
107000173,555,595,-40
107000174,822,3529,-2707
107000175,4449,1107,3342
107000176,1,0,1
107000177,3,0,3
107000178,10,43,-33
107000179,258,1450,-1192
107000180,1227,208,1019
107000181,393,806,-413
107000182,1666,621,1045
107000183,140,560,-420
107000184,919,513,406
107000185,405,871,-466
107000186,934,332,602
107000187,905,919,-14
107000188,461,426,35
107000189,360,744,-384
107000190,511,532,-21
107000191,697,908,-211
107000192,1362,551,811
107000193,319,343,-24
107000194,791,476,315
107000197,993,216,777
107000198,318,531,-213
107000199,580,454,126
107000200,530,422,108
107000201,399,245,154
107000202,261,379,-118
107000203,543,973,-430
107000204,631,1432,-801
107000205,1253,724,529
107000206,497,1103,-606
107000207,559,699,-140
107000208,631,407,224
107000209,1362,1129,233
107000210,486,251,235
107000211,1,43,-42
107000212,7,201,-194
107000213,4,15,-11
107000214,9,91,-82
107000215,307,268,39
107000216,333,258,75
107000217,129,107,22
107000219,76,123,-47
107000220,104,118,-14
107000222,250,418,-168
107000224,355,61,294
107000225,149,280,-131
107000226,346,60,286
107000227,83,193,-110
107000228,130,226,-96
107000229,135,96,39
107000230,783,330,453
107000231,1043,1522,-479
107000232,101,17,84
107000233,884,702,182
107000234,1,29,-28
107000235,55,10,45
107000236,6,355,-349
107000237,31,0,31
107000238,29,0,29
107000239,1985,421,1564
107000240,85,560,-475
107000243,0,13,-13
107000244,3,34,-31
107000246,1,810,-809
107000249,2,900,-898
107000251,1,305,-304
107000252,1,633,-632
107000255,237,103,134
107000257,1,311,-310
107000258,0,59,-59
107000259,2,128,-126
107000260,832,3,829
107000262,11,368,-357
107000263,294,7,287
107000266,12,13,-1
107000267,60,66,-6
107000268,96,89,7
107000269,440,49,391
107000270,2,10,-8
107000271,4,411,-407
107000272,18,108,-90
107000273,3,154,-151
107000274,557,7,550
107000275,357,1353,-996
107000280,775,31,744
107000281,32,546,-514
107000282,43,495,-452
107000290,1,28,-27
107000291,16,5,11
107000292,1,110,-109
107000293,28,1,27
107000294,1,60,-59
107000295,23,0,23
107000296,1,17,-16
107000444,211,7,204
107000496,1,13,-12
107000497,982,1471,-489
107000500,311,214,97
107000501,65,141,-76
107000502,151,231,-80
107000505,300,631,-331
107000506,0,109,-109
107000508,7,331,-324
107000509,202,526,-324
107000510,15,18,-3
107000514,43,238,-195
107000515,6,112,-106
107000516,306,185,121
107000518,940,1117,-177
107000519,1202,602,600
107000520,48,23,25
107000521,619,305,314
107000522,946,423,523
107900001,55,116,-61
107900002,44,5,39
107900003,260,55,205
107900004,0,1,-1
107900005,1074,4,1070
107900006,160,1,159
107900007,198,24,174
107900008,119,16,103
107900009,104,15,89
107900010,47,0,47
107900012,270,41,229
107900013,152,18,134
107900014,23,6,17
107900015,699,14,685
107900016,375,53,322
107900017,5,6,-1
107900018,58,119,-61
107900019,21,38,-17
107900020,36,20,16
107900021,95,64,31
107900023,1,4,-3
107900024,0,11,-11
107900025,189,151,38
107900026,78,47,31
107900027,33,47,-14
107900028,66,47,19
107900030,182,25,157
107900031,46,49,-3
107900032,11,4,7
107900033,21,5,16
107900034,271,21,250
107900035,669,45,624
107900036,51,14,37
107900037,1,33,-32
107900038,87,131,-44
107900039,22,35,-13
107900040,20,117,-97
107900041,1,0,1
107900043,34,52,-18
107900044,2,7,-5
107900045,78,27,51
107900046,130,141,-11
107900047,26,32,-6
107900048,164,14,150
107900049,217,731,-514
107900050,109,194,-85
107900051,75,44,31
107900052,31,26,5
107900053,44,75,-31
107900055,420,155,265
107900056,92,35,57
107900057,3,0,3
107900058,19,334,-315
107900060,34,40,-6
107900061,16,7,9
107900063,45,108,-63
107900064,205,109,96
107900065,181,4,177
107900066,26,7,19
107900067,0,0,0
107900068,79,550,-471
107900069,22,1801,-1779
107900070,98,40,58
107900071,16,408,-392
107900072,135,95,40
107900073,89,113,-24
107900074,554,280,274
107900076,109,27,82
107900077,81,2,79
107900079,2,13,-11
107900080,138,947,-809
107900081,55,58,-3
107900082,13,8,5
107900083,224,151,73
107900084,89,116,-27
107900086,102,105,-3
107900087,472,142,330
107900088,40,9,31
107900089,190,558,-368
107900090,421,1384,-963
107900091,128,209,-81
107900093,52,43,9
107900095,2276,1593,683
107900097,13,42,-29
107900098,50,174,-124
107900100,620,889,-269
107900101,615,146,469
107900102,25,8,17
107900103,36,102,-66
107900104,211,15,196
107900105,0,267,-267
107900106,1,628,-627
107900107,846,311,535
107900108,111,74,37
107900109,1104,18,1086
107900110,53,52,1
107900111,5,518,-513
107900112,65,264,-199
107900113,160,60,100
107900114,171,122,49
107900115,2,30,-28
107900116,188,123,65
107900117,203,188,15
107900118,83,93,-10
107900119,60,148,-88
107900120,37,43,-6
107900121,3,145,-142
107900122,0,63,-63
107900123,3,40,-37
107900124,20,27,-7
107900125,31,157,-126
107900126,13,75,-62
107900127,305,230,75
107900128,58,50,8
107900129,66,15,51
107900130,58,12,46
107900131,437,212,225
107900132,87,198,-111
107900133,0,50,-50
107900134,25,72,-47
107900135,16,107,-91
107900136,39,21,18
107900137,88,74,14
107900138,43,29,14
107900139,28,51,-23
107900141,24,29,-5
107900142,46,499,-453
107900143,54,11,43
107900144,0,100,-100
107900145,4,51,-47
107900146,23,46,-23
107900147,29,23,6
107900148,67,57,10
107900149,578,121,457
107900150,74,432,-358
107900151,29,79,-50
107900152,10,92,-82
107900153,101,188,-87
107900154,37,18,19
107900155,37,52,-15
107900156,1,218,-217
107900157,20,30,-10
107900158,566,24,542
107900159,21,448,-427
107900160,125,147,-22
107900161,22,143,-121
107900162,0,32,-32
107900163,13,30,-17
107900164,10,39,-29
107900165,36,97,-61
107900166,13,131,-118
107900167,11,31,-20
107900168,43,37,6
107900169,0,152,-152
107900171,14,733,-719
107900172,3,167,-164
107900173,17,84,-67
107900174,103,5,98
107900175,17,64,-47
107900176,26,32,-6
107900177,1,64,-63
107900178,0,125,-125
107900179,22,86,-64
107900180,351,532,-181
107900181,187,156,31
107900182,0,623,-623
107900183,43,148,-105
107900184,88,303,-215
107900185,110,6,104
107900186,24,27,-3
107900187,0,70,-70
107900188,403,83,320
107900189,21,72,-51
107900190,52,134,-82
107900191,52,100,-48
107900193,0,44,-44
107900194,126,10,116
107900195,1422,218,1204
107900196,109,78,31
107900197,375,256,119
107900199,4,684,-680
107900201,77,70,7
107900203,37,36,1
107900204,171,128,43
107900206,534,415,119
107900207,0,420,-420
107900208,7,371,-364
107900209,203,89,114
107900210,49,58,-9
107900213,329,269,60
107900214,13,95,-82
107900215,121,223,-102
107900216,84,42,42
107900217,38,78,-40
107900218,12,1019,-1007
107900219,41,52,-11
107900220,123,157,-34
107900221,101,169,-68
107900223,107,318,-211
107900224,76,241,-165
107900225,7,330,-323
107900226,92,55,37
107900227,115,233,-118
107900228,21,54,-33
107900229,1,133,-132
107900230,14,76,-62
107900231,22,132,-110
107900232,84,89,-5
107900233,3,67,-64
107900234,63,48,15
107900235,13,67,-54
107900236,91,40,51
107900237,31,218,-187
107900238,27,58,-31
107900239,540,343,197
107900240,45,59,-14
107900241,7,40,-33
107900242,24,129,-105
107900243,3,34,-31
107900244,231,3,228
107900245,491,25,466
107900246,171,5,166
107900248,241,159,82
107900249,632,10,622
107900250,2,292,-290
107900251,83,902,-819
107900252,615,14,601
107900253,177,2,175
107900254,30,158,-128
107900255,159,76,83
107900256,733,952,-219
107900257,125,76,49
107900258,86,158,-72
107900259,53,1245,-1192
107900261,0,135,-135
107900262,83,86,-3
107900264,338,9,329
107900265,109,108,1
107900267,192,16,176
107900268,11,0,11
107900269,0,7,-7
107900270,0,0,0
107900271,1,11,-10
107900272,71,19,52
107900273,46,68,-22
107900274,91,0,91
107900275,29,0,29
107900276,0,76,-76
107900277,0,117,-117
107900278,275,217,58
107900279,57,154,-97
107900280,1812,1155,657
107900281,722,2019,-1297
107900282,28,309,-281
107900283,577,439,138
107900284,405,481,-76
107900285,91,45,46
107900286,77,60,17
107900287,161,116,45
107900290,0,122,-122
107900291,409,31,378
107900292,119,105,14
107900293,75,254,-179
107900295,48,32,16
107900297,0,153,-153
107900298,604,560,44
107900299,1679,1692,-13
107900301,401,554,-153
107900302,81,36,45
107900303,165,224,-59
107900304,276,269,7
107900305,268,14,254
107900306,7,19,-12
107900307,56,200,-144
107900308,155,94,61
107900309,61,1,60
107900310,182,0,182
107900311,1,188,-187
107900312,37,0,37
107900313,5,92,-87
107900314,1,40,-39
107900315,0,20,-20
107900316,20,1,19
107900317,52,10,42
107900318,9,85,-76
107900319,3,138,-135
107900320,0,78,-78
107900321,123,4,119
107900322,2,75,-73
107900323,4,89,-85
107900324,87,4,83
107900325,80,0,80
107900326,221,160,61
107900327,0,32,-32
107900328,71,0,71
107900329,52,76,-24
107900330,4,212,-208
107900331,179,7,172
107900332,235,18,217
107900333,44,10,34
107900334,9,107,-98
107900335,39,34,5
107900336,28,47,-19
107900337,626,646,-20
107900338,2,124,-122
107900339,2,11,-9
107900340,0,34,-34
107900341,39,0,39
107900342,106,84,22
107900343,22,2,20
107900344,8,37,-29
107900345,74,18,56
107900346,38,0,38
107900347,20,5,15
107900348,2,3,-1
107900349,10,3,7
107900350,31,158,-127
107900351,11,138,-127
107900352,1,17,-16
107900353,6,11,-5
107900354,6,21,-15
108000001,2673,2865,-192
108000002,1600,1901,-301
108000003,2791,2930,-139
108000004,9037,10587,-1550
108000005,6601,5850,751
108000006,6499,5546,953
108000007,4499,3404,1095
108000008,3610,4178,-568
108000009,2978,3687,-709
108000010,2427,3145,-718
108000011,9967,9424,543
108000012,12311,10395,1916
108000014,778,588,190
108000015,888,198,690
108000016,269,641,-372
108000017,977,310,667
108000018,1667,481,1186
108000019,1370,664,706
108000020,1150,433,717
108000021,248,1284,-1036
108000022,271,898,-627
108000023,983,138,845
108000024,283,349,-66
108000025,280,227,53
108000026,786,310,476
108000027,672,472,200
108000028,785,206,579
108000029,502,600,-98
108000030,440,164,276
108000031,176,459,-283
108000032,1604,602,1002
108000033,641,817,-176
108000034,1447,368,1079
108000035,615,1530,-915
108000036,340,739,-399
108000037,1627,369,1258
108000038,2259,479,1780
108000039,411,1430,-1019
108000040,1405,807,598
108000041,505,1592,-1087
108000042,284,160,124
108000043,236,217,19
108000044,514,133,381
108000045,324,360,-36
108000046,1164,280,884
108000047,373,619,-246
108000048,116,231,-115
108000049,842,241,601
108000050,124,404,-280
108000051,365,117,248
108000052,144,429,-285
108000053,387,186,201
108000054,403,745,-342
108000055,937,525,412
108000056,878,967,-89
108000057,468,1003,-535
108000058,1660,3164,-1504
108000059,2360,1468,892
108000060,165,619,-454
108000061,278,373,-95
108000062,660,497,163
108000063,378,387,-9
108000064,211,137,74
108000065,474,335,139
108000066,1178,647,531
108000067,1646,569,1077
108000068,656,271,385
108000069,235,691,-456
108000070,1637,623,1014
108000071,568,1094,-526
108000072,1490,946,544
108000073,1061,1236,-175
108000074,604,396,208
108000075,318,548,-230
108000076,663,466,197
108000077,496,450,46
108000078,1765,1029,736
108000079,725,1055,-330
108000080,1029,413,616
108000081,489,991,-502
108000082,650,1331,-681
108000083,1417,858,559
108000084,369,755,-386
108000085,678,324,354
108000086,678,461,217
108000087,117,1566,-1449
108000088,613,222,391
108000089,285,246,39
108000091,242,359,-117
108000092,164,68,96
108000093,229,358,-129
108000094,492,83,409
108000095,131,225,-94
108000096,259,133,126
108000097,145,222,-77
108000098,1383,927,456
108000099,926,206,720
108000100,158,342,-184
108000101,912,1171,-259
108000102,1442,2945,-1503
108000106,926,2,924
108000107,2,484,-482
108000108,549,31,518
108000109,6,495,-489
108000110,193,247,-54
108000111,126,438,-312
108000112,65,120,-55
108000113,375,178,197
108000115,268,200,68
108000117,466,277,189
108000118,434,1653,-1219
108000119,545,253,292
108000120,152,705,-553
108000121,163,370,-207
108000122,474,278,196
108000123,684,187,497
108000124,387,385,2
108000125,367,185,182
108000126,157,308,-151
108000127,452,258,194
108000128,539,362,177
108000129,386,737,-351
108000130,494,180,314
108000131,786,407,379
108000132,1429,927,502
108000133,863,393,470
108000134,496,407,89
108000135,964,356,608
108000136,284,560,-276
108000137,414,242,172
108000138,348,710,-362
108000139,418,248,170
108000140,114,26,88
108000141,38,43,-5
108000142,56,56,0
108000143,30,293,-263
108000144,360,64,296
108000145,42,12,30
108000146,559,63,496
108000147,21,17,4
108000148,468,61,407
108000149,18,12,6
108000150,38,8,30
108000151,158,59,99
108000152,95,324,-229
108000153,521,127,394
108000154,51,14,37
108000155,32,20,12
108000156,793,360,433
108000157,189,883,-694
108000158,76,602,-526
108000159,405,192,213
108000160,2112,947,1165
108000161,1387,1859,-472
108000165,1,94,-93
108000172,5,243,-238
108000173,1161,1545,-384
108000175,534,93,441
108000178,344,196,148
108000179,205,675,-470
108000181,67,25,42
108000182,213,86,127
108000183,32,283,-251
108000184,703,1681,-978
108000185,103,256,-153
108000186,309,376,-67
108000187,96,263,-167
108000188,508,204,304
108000189,1268,6636,-5368
108000190,29,100,-71
108000192,184,493,-309
108000193,435,25,410
108000194,46,17,29
108000195,3,698,-695
108000196,257,119,138
108000198,665,272,393
108000199,0,238,-238
108000200,323,334,-11
108000203,96,360,-264
108000204,135,56,79
108000205,152,266,-114
108000339,910,298,612
108000364,232,477,-245
108000365,67,234,-167
108000367,182,305,-123
108000368,4,39,-35
108000369,650,231,419
108000371,12,550,-538
108000372,605,11,594
108000373,169,130,39
108000376,96,31,65
108000377,416,191,225
108000378,7669,8061,-392
108000379,15,169,-154
108000381,74,8,66
108000382,188,0,188
108000383,0,175,-175
108900001,53,812,-759
108900002,112,61,51
108900003,222,480,-258
108900004,190,339,-149
108900007,258,166,92
108900008,106,107,-1
108900009,75,111,-36
108900010,217,112,105
108900011,570,279,291
108900012,338,321,17
108900013,185,211,-26
108900014,7,91,-84
108900015,3,67,-64
108900016,1,147,-146
108900017,217,388,-171
108900018,151,225,-74
108900019,19,421,-402
108900020,51,107,-56
108900021,109,169,-60
108900022,68,0,68
108900023,40,28,12
108900024,30,82,-52
108900025,96,81,15
108900026,11,71,-60
108900027,1,43,-42
108900028,82,250,-168
108900029,58,199,-141
108900030,0,65,-65
108900031,104,231,-127
108900032,8,118,-110
108900033,0,62,-62
108900034,2,155,-153
108900035,286,805,-519
108900038,0,159,-159
108900039,2,283,-281
108900040,2,80,-78
108900041,3400,2437,963
108900042,7,283,-276
108900043,45,285,-240
108900044,0,277,-277
108900045,60,299,-239
108900046,25,460,-435
108900047,45,148,-103
108900048,105,599,-494
108900049,1725,1017,708
108900050,2,148,-146
108900051,1,88,-87
108900052,25,138,-113
108900053,60,169,-109
108900054,61,123,-62
108900055,33,213,-180
108900056,0,85,-85
108900057,1,92,-91
108900058,42,234,-192
108900059,327,28,299
108900060,68,132,-64
108900061,53,21,32
108900062,6,133,-127
108900063,29,190,-161
108900064,220,51,169
108900065,3,162,-159
108900066,364,86,278
108900067,10,111,-101
108900068,5,130,-125
108900069,25,51,-26
108900070,18,62,-44
108900071,105,61,44
108900072,1114,319,795
108900073,39,200,-161
108900074,167,244,-77
108900075,32,35,-3
108900076,277,87,190
108900077,112,292,-180
108900078,24,78,-54
108900079,598,96,502
108900080,11,564,-553
108900081,35,164,-129
108900082,84,79,5
108900083,20,199,-179
108900085,1392,117,1275
108900086,153,164,-11
108900087,93,120,-27
108900088,827,303,524
108900089,11,96,-85
108900090,34,212,-178
108900091,94,45,49
108900092,421,254,167
108900093,100,71,29
108900094,239,63,176
108900095,13,226,-213
108900096,259,6,253
108900097,286,146,140
108900098,1376,473,903
108900099,387,160,227
108900100,74,77,-3
108900101,154,154,0
108900102,67,738,-671
108900103,78,124,-46
108900105,3,1108,-1105
108900106,536,210,326
108900108,231,47,184
108900109,357,38,319
108900110,215,235,-20
108900111,399,360,39
108900113,38,60,-22
108900114,73,6,67
108900115,43,56,-13
108900116,50,11,39
108900117,159,19,140
108900118,490,27,463
108900119,258,28,230
108900120,178,149,29
108900121,245,96,149
108900122,124,13,111
108900123,135,102,33
108900124,393,151,242
108900125,325,6,319
108900126,94,34,60
108900127,159,19,140
108900128,142,34,108
108900129,664,145,519
108900130,309,3,306
108900131,336,6,330
108900132,386,60,326
108900133,218,43,175
108900134,392,206,186
108900135,140,8,132
108900136,31,2,29
108900137,158,1,157
108900138,692,74,618
108900140,348,195,153
108900141,293,25,268
108900142,74,4,70
108900143,66,2,64
108900144,90,2,88
108900145,211,5,206
108900146,62,0,62
108900147,228,1,227
108900148,72,15,57
108900150,248,9,239
108900151,98,0,98
108900152,158,2,156
108900153,210,197,13
108900154,3785,313,3472
108900156,66,11,55
108900157,16,342,-326
108900158,318,23,295
108900159,1,161,-160
108900160,8,189,-181
108900161,14,299,-285
108900162,118,2,116
108900163,5,194,-189
108900164,72,67,5
108900168,4738,1787,2951
108900169,54,104,-50
108900171,3871,2182,1689
108900172,141,35,106
108900173,113,218,-105
108900174,744,496,248
108900176,98,303,-205
108900177,3138,4120,-982
108900178,2247,2674,-427
108900180,86,249,-163
108900183,155,142,13
108900184,542,204,338
108900185,109,288,-179
108900186,66,286,-220
108900189,349,115,234
108900190,18,1539,-1521
108900192,74,142,-68
108900195,82,170,-88
108900196,29,212,-183
108900199,219,309,-90
108900200,426,340,86
108900201,319,931,-612
108900203,344,92,252
108900204,272,7,265
108900205,154,30,124
108900206,362,56,306
108900207,160,67,93
108900208,11,233,-222
108900209,189,319,-130
108900210,110,141,-31
108900211,135,448,-313
108900212,462,1127,-665
108900215,69,309,-240
108900216,345,171,174
108900217,75,0,75
108900218,61,18,43
108900221,35,101,-66
108900224,28,124,-96
108900225,0,150,-150
108900227,99,230,-131
108900230,142,175,-33
108900232,7,149,-142
108900233,293,45,248
108900234,295,91,204
108900235,142,338,-196
108900236,22,180,-158
108900240,72,67,5
108900241,22,20,2
108900245,6,773,-767
108900250,163,48,115
108900258,7,138,-131
108900259,106,43,63
108900260,6,59,-53
108900261,73,95,-22
108900262,145,126,19
108900263,19,102,-83
108900264,548,223,325
108900265,566,392,174
108900266,462,528,-66
108900267,6,94,-88
108900268,8,7,1
108900269,145,6,139
108900270,46,7,39
108900271,48,21,27
108900272,225,13,212
108900273,600,676,-76
108900274,104,39,65
109000001,2169,1323,846
109000002,1111,1511,-400
109000003,2158,307,1851
109000004,421,1659,-1238
109000005,2055,519,1536
109000006,675,1615,-940
109000007,1335,500,835
109000008,423,1287,-864
109000009,2856,1192,1664
109000010,1137,2500,-1363
109000011,2690,1562,1128
109000012,1541,2305,-764
109000013,2870,2234,636
109000014,1491,2054,-563
109000015,3843,7162,-3319
109000016,4289,2466,1823
109000017,2095,1033,1062
109000018,820,2126,-1306
109000019,2205,1176,1029
109000020,838,1413,-575
109000023,195,30,165
109000024,6,175,-169
109000025,287,402,-115
109000026,585,255,330
109000027,82,273,-191
109000028,157,55,102
109000029,103,164,-61
109000030,77,437,-360
109000031,125,114,11
109000032,113,349,-236
109000033,248,206,42
109000034,41,45,-4
109000035,22,35,-13
109000036,61,245,-184
109000037,227,1200,-973
109000038,365,225,140
109000039,697,582,115
109000040,1976,5079,-3103
109000041,1725,1351,374
109000042,356,771,-415
109000044,363,154,209
109000045,203,311,-108
109000046,321,95,226
109000047,76,281,-205
109000048,861,455,406
109000049,183,340,-157
109000050,422,389,33
109000051,180,170,10
109000052,388,528,-140
109000053,1205,269,936
109000054,87,246,-159
109000055,138,240,-102
109000056,324,216,108
109000057,525,411,114
109000058,1307,193,1114
109000059,670,1175,-505
109000060,569,369,200
109000061,644,750,-106
109000062,88,253,-165
109000063,152,113,39
109000064,257,115,142
109000065,101,170,-69
109000066,304,66,238
109000067,47,186,-139
109000068,1990,51,1939
109000069,597,22,575
109000070,9,1368,-1359
109000071,389,64,325
109000072,120,371,-251
109000073,45,86,-41
109000074,24,127,-103
109000075,79,270,-191
109000076,239,277,-38
109000077,276,243,33
109000078,87,146,-59
109000079,156,133,23
109000080,234,75,159
109000081,141,336,-195
109000082,661,176,485
109000083,341,395,-54
109000088,87,355,-268
109000089,248,44,204
109000090,101,282,-181
109000091,216,136,80
109000092,269,304,-35
109000093,178,173,5
109000094,474,0,474
109000095,78,270,-192
109000096,590,253,337
109000097,97,121,-24
109000098,42,148,-106
109000099,780,189,591
109000100,186,417,-231
109000101,1228,399,829
109000102,249,558,-309
109000103,790,433,357
109000104,1383,427,956
109000105,373,767,-394
109000106,1446,591,855
109000107,445,1168,-723
109000108,1425,409,1016
109000109,395,1228,-833
109000110,986,438,548
109000111,651,1240,-589
109000112,330,84,246
109000113,409,130,279
109000114,120,232,-112
109000115,1056,76,980
109000116,23,574,-551
109000117,193,71,122
109000118,4,235,-231
109000119,1185,203,982
109000120,184,468,-284
109000121,668,77,591
109000122,131,493,-362
109000123,42,151,-109
109000124,541,294,247
109000125,584,210,374
109000126,370,495,-125
109000127,1492,265,1227
109000128,374,802,-428
109000129,1693,641,1052
109000130,672,1350,-678
109000131,1362,950,412
109000132,948,1816,-868
109000133,283,848,-565
109000134,663,1011,-348
109000135,874,1113,-239
109000136,288,204,84
109000137,242,363,-121
109000138,346,214,132
109000139,409,334,75
109000140,230,439,-209
109000141,697,410,287
109000142,128,299,-171
109000143,71,65,6
109000145,93,299,-206
109000146,76,102,-26
109000148,2060,952,1108
109000149,11,65,-54
109000150,117,186,-69
109000155,626,463,163
109000156,856,501,355
109000158,70,185,-115
109000159,63,293,-230
109000160,730,144,586
109000161,301,605,-304
109000162,1491,502,989
109000163,868,1068,-200
109000164,1165,1774,-609
109000165,1067,395,672
109000166,614,80,534
109000167,113,331,-218
109000170,41,32,9
109000171,40,44,-4
109000172,50,54,-4
109000173,37,56,-19
109000174,71,44,27
109000175,133,223,-90
109000176,203,171,32
109000177,23,57,-34
109000178,589,214,375
109000179,2862,3312,-450
109000180,3069,2325,744
109000181,13,11,2
109000182,37,17,20
109000183,41,17,24
109000184,30,14,16
109000185,8,15,-7
109000188,329,1080,-751
109000189,1675,662,1013
109000190,456,361,95
109000191,300,286,14
109000192,408,165,243
109000193,193,215,-22
109000194,238,105,133
109000195,90,200,-110
109000196,294,79,215
109000197,155,265,-110
109000198,339,61,278
109000199,93,300,-207
109000206,219,35,184
109000207,121,39,82
109000208,70,71,-1
109000209,80,61,19
109000210,138,337,-199
109000211,444,303,141
109000214,403,495,-92
109000215,155,40,115
109000216,283,227,56
109000217,123,76,47
109000218,351,136,215
109000221,447,728,-281
109000222,810,245,565
109000223,218,229,-11
109000224,60,122,-62
109000225,76,30,46
109000226,45,161,-116
109000227,805,572,233
109000228,4,1149,-1145
109000231,1,176,-175
109000232,362,215,147
109000236,240,619,-379
109000241,1744,1476,268
109000242,1559,1037,522
109000293,63,152,-89
109000361,115,190,-75
109000364,220,368,-148
109000396,2,324,-322
109000397,514,7,507
109000399,107,280,-173
109000400,89,189,-100
109000403,85,1183,-1098
109000406,278,4,274
109000407,224,149,75
109000408,1,333,-332
109000410,858,208,650
109000411,202,28,174
109000412,5,48,-43
109900001,56,0,56
109900002,511,7,504
109900003,227,0,227
109900005,32,4,28
109900006,266,121,145
109900007,714,367,347
109900008,0,18,-18
109900009,110,321,-211
109900010,565,20,545
109900011,43,44,-1
109900012,235,133,102
109900013,280,126,154
109900014,308,50,258
109900015,182,94,88
109900016,145,10,135
109900017,127,170,-43
109900018,126,38,88
109900019,207,32,175
109900020,52,39,13
109900021,47,24,23
109900022,191,134,57
109900023,18,10,8
109900024,17,3,14
109900025,10,7,3
109900027,40,28,12
109900028,790,982,-192
109900029,0,156,-156
109900030,40,11,29
109900031,0,78,-78
109900032,12,218,-206
109900033,4,331,-327
109900034,35,3,32
109900035,25,16,9
109900036,13,32,-19
109900037,16,308,-292
109900038,168,200,-32
109900039,16,0,16
109900040,35,340,-305
109900041,46,225,-179
109900042,22,422,-400
109900044,115,171,-56
109900045,132,55,77
109900046,140,82,58
109900047,171,203,-32
109900048,18,78,-60
109900049,5,25,-20
109900050,2,109,-107
109900051,0,31,-31
109900052,59,153,-94
109900053,1,147,-146
109900054,549,185,364
109900055,46,168,-122
109900056,11,157,-146
109900057,6,86,-80
109900058,0,67,-67
109900060,368,90,278
109900061,52,140,-88
109900062,1,123,-122
109900064,488,204,284
109900065,48,112,-64
109900066,250,481,-231
109900067,0,140,-140
109900068,68,7,61
109900069,13,34,-21
109900071,3,17,-14
109900072,24,71,-47
109900073,331,252,79
109900074,11,38,-27
109900075,22,15,7
109900076,39,217,-178
109900077,30,45,-15
109900078,53,214,-161
109900080,103,184,-81
109900081,15,172,-157
109900082,58,265,-207
109900083,20,52,-32
109900084,38,85,-47
109900085,152,352,-200
109900086,118,428,-310
109900087,110,286,-176
109900089,577,155,422
109900092,369,23,346
109900093,899,149,750
109900094,68,66,2
109900095,70,115,-45
109900096,34,6,28
109900097,74,3,71
109900098,373,29,344
109900099,203,2,201
109900100,20,0,20
109900101,419,5,414
109900102,414,11,403
109900103,18,24,-6
109900104,507,526,-19
109900105,461,29,432
109900106,253,55,198
109900107,496,80,416
109900108,93,199,-106
109900109,42,134,-92
109900111,196,440,-244
109900114,461,1250,-789
109900115,133,58,75
109900117,811,117,694
109900121,304,290,14
109900123,9,108,-99
109900125,1,73,-72
109900126,246,70,176
109900130,3754,1552,2202
109900131,58,92,-34
109900132,34,96,-62
109900134,46,52,-6
109900135,275,72,203
109900137,78,201,-123
109900140,143,111,32
109900149,51,41,10
109900150,7,83,-76
109900151,4,43,-39
109900152,1,50,-49
109900153,3,66,-63
109900154,84,2,82
109900155,52,21,31
109900157,28,183,-155
109900159,73,24,49
109900161,162,54,108
109900162,131,103,28
109900163,485,195,290
109900164,50,174,-124
109900165,185,3,182
109900166,1,113,-112
109900167,112,231,-119
109900168,214,414,-200
109900169,169,177,-8
109900170,176,697,-521
109900171,121,67,54
109900172,144,170,-26
109900173,1650,1900,-250
109900174,47,85,-38
109900175,73,45,28
109900176,58,113,-55
109900177,43,138,-95
109900178,3,140,-137
109900179,42,18,24
109900180,2,16,-14
110000001,862,412,450
110000002,525,621,-96
110000003,595,571,24
110000004,334,581,-247
110000005,334,1306,-972
110000006,289,272,17
110000007,80,100,-20
110000008,12,64,-52
110000009,50,18,32
110000010,34,43,-9
110000011,17,45,-28
110000012,403,237,166
110000013,39,357,-318
110000014,461,340,121
110000015,182,425,-243
110000016,192,1122,-930
110000017,1921,187,1734
110000018,1668,278,1390
110000019,5,78,-73
110000020,485,179,306
110000021,347,304,43
110000022,514,72,442
110000023,12,143,-131
110000024,445,287,158
110000025,244,5,239
110000026,3,194,-191
110000027,524,905,-381
110000028,765,590,175
110000029,458,520,-62
110000030,234,235,-1
110000031,225,277,-52
110000032,581,323,258
110000033,204,106,98
110000034,302,512,-210
110000035,593,398,195
110000036,590,471,119
110000037,156,270,-114
110000038,155,438,-283
110000039,476,1999,-1523
110000040,173,240,-67
110000041,227,1034,-807
110000042,71,322,-251
110000043,586,215,371
110000044,55,350,-295
110000045,518,85,433
110000046,7,20,-13
110000047,95,27,68
110000048,12,32,-20
110000049,19,3,16
110000050,7,18,-11
110000051,16,5,11
110000052,34,32,2
110000053,32,5,27
110000054,90,321,-231
110000055,186,48,138
110000056,124,82,42
110000057,323,442,-119
110000058,752,329,423
110000059,842,493,349
110000060,751,719,32
110000061,633,527,106
110000062,539,747,-208
110000063,30,80,-50
110000064,53,56,-3
110000065,52,60,-8
110000066,64,41,23
110000067,61,106,-45
110000068,189,90,99
110000069,229,48,181
110000071,151,78,73
110000073,13,10,3
110000075,4,67,-63
110000076,232,174,58
110000077,269,491,-222
110000078,12,30,-18
110000080,255,454,-199
110000081,71,225,-154
110000082,51,263,-212
110000083,163,521,-358
110000084,1114,649,465
110000085,1174,1125,49
110000086,1000,1641,-641
110000087,13,41,-28
110000088,73,144,-71
110000089,208,97,111
110000090,166,171,-5
110000091,713,192,521
110000092,16,74,-58
110000093,50,14,36
110000094,334,206,128
110000095,181,366,-185
110000096,1289,1373,-84
110000097,921,1010,-89
110000098,1613,556,1057
110000099,566,1066,-500
110000100,753,307,446
110000101,25,215,-190
110000102,85,48,37
110000104,345,144,201
110000105,67,275,-208
110000106,586,434,152
110000107,226,352,-126
110000108,103,81,22
110000109,169,160,9
110000110,1833,2659,-826
110000111,3854,2017,1837
110000112,840,1049,-209
110000113,209,1760,-1551
110000114,146,393,-247
110000115,287,209,78
110000116,47,46,1
110000117,209,239,-30
110000118,322,103,219
110000119,204,193,11
110000120,257,96,161
110000121,54,224,-170
110000122,244,312,-68
110000123,445,326,119
110000124,0,620,-620
110000125,853,8,845
110000126,221,37,184
110000127,889,60,829
110000128,41,784,-743
110000129,10,418,-408
110000130,336,163,173
110000131,76,281,-205
110000132,3,502,-499
110000133,28,418,-390
110000134,26,298,-272
110000135,162,20,142
110000136,50,207,-157
110000137,467,366,101
110000138,569,441,128
110000139,642,654,-12
110000140,867,637,230
110000143,561,237,324
110000144,3963,1578,2385
110000145,1316,1249,67
110000146,925,608,317
110000147,290,414,-124
110000148,435,155,280
110000151,626,974,-348
110000152,646,337,309
110000153,100,25,75
110000154,9,17,-8
110000155,941,3142,-2201
110000156,724,1905,-1181
110000157,920,1953,-1033
110000160,345,210,135
110000161,195,199,-4
110000166,392,86,306
110000167,641,396,245
110000168,836,433,403
110000169,806,322,484
110000170,101,44,57
110000171,444,115,329
110000172,133,474,-341
110000173,763,688,75
110000174,102,567,-465
110000175,576,52,524
110000176,149,263,-114
110000177,143,688,-545
110000178,296,1239,-943
110000179,803,250,553
110000180,190,138,52
110000181,367,322,45
110000182,275,96,179
110000183,5371,4724,647
110000184,221,1573,-1352
110000185,759,557,202
110000186,540,546,-6
110000191,975,234,741
110000192,552,11,541
110000193,1104,13,1091
110000194,12,726,-714
110000195,414,196,218
110000196,276,261,15
110000197,99,87,12
110000198,95,34,61
110000199,84,127,-43
110000200,922,403,519
110000201,799,750,49
110000202,989,558,431
110000203,543,408,135
110000204,7,133,-126
110000205,121,78,43
110000206,426,709,-283
110000207,918,366,552
110000208,150,152,-2
110000209,98,535,-437
110000210,1117,349,768
110000211,634,636,-2
110000212,303,679,-376
110000213,209,48,161
110000214,275,81,194
110000215,178,206,-28
110000216,87,169,-82
110000217,243,119,124
110000218,167,147,20
110000219,281,58,223
110000220,56,137,-81
110000221,234,53,181
110000222,62,177,-115
110000223,4,131,-127
110000224,52,17,35
110000225,214,539,-325
110000226,189,55,134
110000227,586,541,45
110000228,230,128,102
110000229,0,162,-162
110000230,477,583,-106
110000231,137,178,-41
110000232,182,203,-21
110000233,134,218,-84
110000234,498,727,-229
110000235,754,796,-42
110000236,482,508,-26
110000237,1558,944,614
110000238,804,1015,-211
110000239,1410,862,548
110000240,0,45,-45
110000242,0,10,-10
110000243,81,100,-19
110000244,104,261,-157
110000245,32,260,-228
110000246,665,381,284
110000247,702,3379,-2677
110000248,1309,1157,152
110000249,82,7,75
110000250,50,115,-65
110000251,262,288,-26
110000252,148,136,12
110000253,1020,408,612
110000254,400,668,-268
110000255,148,642,-494
110000256,385,229,156
110000257,529,355,174
110000258,2,260,-258
110000259,92,16,76
110000260,27,139,-112
110000263,337,71,266
110000264,199,245,-46
110000265,795,1244,-449
110000266,1180,1946,-766
110000267,24,92,-68
110000268,179,279,-100
110000269,4,39,-35
110000270,37,1,36
110000271,885,182,703
110000272,972,835,137
110000273,1865,1032,833
110000274,156,1134,-978
110000275,1192,420,772
110000276,205,217,-12
110000277,229,233,-4
110000278,230,528,-298
110000279,685,559,126
110000280,381,310,71
110000281,57,286,-229
110000282,193,25,168
110000283,36,58,-22
110000284,34,47,-13
110000285,2,367,-365
110000286,15,1,14
110000287,46,0,46
110000288,7,31,-24
110000289,335,1462,-1127
110000290,706,462,244
110000291,3455,1021,2434
110000292,976,3138,-2162
110000293,450,457,-7
110000294,810,740,70
110000295,124,502,-378
110000296,407,277,130
110000297,1708,265,1443
110000298,159,408,-249
110000299,193,96,97
110000301,206,30,176
110000302,346,545,-199
110000303,323,5,318
110000304,187,191,-4
110000305,883,13,870
110000306,106,740,-634
110000307,1098,5,1093
110000308,377,2,375
110000309,5,470,-465
110000310,599,39,560
110000311,6,431,-425
110000312,320,58,262
110000313,1641,2541,-900
110000314,2,165,-163
110000315,2027,2096,-69
110000316,443,1045,-602
110000317,207,524,-317
110000318,5,55,-50
110000319,30,26,4
110000320,32,27,5
110000321,8,38,-30
110000322,240,224,16
110000323,402,159,243
110000324,2239,1427,812
110000325,1547,2090,-543
110000327,296,148,148
110000328,124,247,-123
110000333,687,523,164
110000334,556,897,-341
110000335,593,322,271
110000336,540,726,-186
110000337,1250,442,808
110000338,444,146,298
110000339,276,158,118
110000340,150,152,-2
110000341,432,337,95
110000342,179,4,175
110000343,0,7,-7
110000344,106,137,-31
110000345,174,149,25
110000346,1619,1471,148
110000347,1044,555,489
110000348,29,10,19
110000349,7,9,-2
110000350,33,5,28
110000351,852,543,309
110000352,671,1112,-441
110000353,1811,491,1320
110000354,874,2248,-1374
110000355,57,52,5
110000356,659,1,658
110000357,306,8,298
110000361,12,46,-34
110000362,56,5,51
110000363,398,118,280
110000364,246,281,-35
110000365,90,4,86
110000366,0,68,-68
110000367,302,120,182
110000368,0,49,-49
110000369,31,0,31
110000373,2,180,-178
110000374,122,12,110
110000375,120,680,-560
110000376,57,88,-31
110000377,47,314,-267
110000378,15,249,-234
110000379,1814,1446,368
110000380,51,2,49
110000383,0,1091,-1091
110000384,1571,1070,501
110000385,1,113,-112
110000387,37,7,30
110000388,30,159,-129
110000389,787,3,784
110000391,599,197,402
110000396,139,119,20
110000397,143,85,58
110000398,6,25,-19
110000399,129,35,94
110000587,89,56,33
110000589,185,166,19
110000640,175,57,118
110000652,6,171,-165
110000653,308,300,8
110000654,95,495,-400
110000656,0,354,-354
110000674,13,4,9
110000675,6,13,-7
110000676,1,20,-19
110000679,263,930,-667
110000682,72,121,-49
110000683,207,374,-167
110000684,3,21,-18
110000685,5,11,-6
110000686,2,14,-12
110000687,18,4,14
110000688,30,643,-613
110000689,37,25,12
110000692,30,116,-86
110000693,67,251,-184
110000694,0,144,-144
110000695,180,428,-248
110000696,41,55,-14
110000698,28,563,-535
110000699,65,289,-224
110900001,217,12,205
110900002,249,123,126
110900003,592,266,326
110900004,414,88,326
110900005,1466,1791,-325
110900006,49,10,39
110900007,85,31,54
110900008,16,43,-27
110900009,361,117,244
110900010,13,45,-32
110900011,23,68,-45
110900012,12,55,-43
110900013,802,92,710
110900014,260,25,235
110900015,347,443,-96
110900016,45,95,-50
110900017,333,29,304
110900018,291,31,260
110900019,198,18,180
110900020,92,159,-67
110900021,45,320,-275
110900022,61,155,-94
110900023,42,293,-251
110900024,22,218,-196
110900025,14,46,-32
110900027,27,136,-109
110900028,29,88,-59
110900029,13,206,-193
110900030,32,141,-109
110900031,8,94,-86
110900032,0,30,-30
110900033,24,128,-104
110900035,18,285,-267
110900036,74,17,57
110900037,53,10,43
110900038,537,122,415
110900039,6,152,-146
110900040,159,29,130
110900041,12,55,-43
110900042,105,34,71
110900043,5,69,-64
110900044,139,9,130
110900045,39,239,-200
110900046,19,124,-105
110900047,268,212,56
110900049,42,69,-27
110900050,24,1,23
110900052,2,111,-109
110900053,63,21,42
110900054,16,115,-99
110900055,12,1,11
110900056,32,71,-39
110900057,5,106,-101
110900058,234,134,100
110900059,404,347,57
110900060,319,84,235
110900061,24,24,0
110900062,107,137,-30
110900063,44,68,-24
110900064,3,0,3
110900065,227,116,111
110900066,16,39,-23
110900067,184,344,-160
110900068,186,116,70
110900069,3,12,-9
110900070,112,47,65
110900071,137,415,-278
110900073,0,13,-13
110900074,240,83,157
110900075,261,38,223
110900077,592,479,113
110900078,27,40,-13
110900079,1522,1177,345
110900080,116,69,47
110900081,19,37,-18
110900082,99,70,29
110900083,84,46,38
110900084,52,57,-5
110900085,38,156,-118
110900086,34,258,-224
110900087,214,61,153
110900088,12,3,9
110900090,21,34,-13
110900091,0,32,-32
110900093,156,79,77
110900095,31,26,5
110900097,6,14,-8
110900098,32,51,-19
110900099,25,205,-180
110900100,0,13,-13
110900102,21,14,7
110900105,498,146,352
110900108,6,28,-22
110900111,209,87,122
110900112,646,4,642
110900113,373,39,334
110900115,3,44,-41
110900116,589,959,-370
110900118,93,2202,-2109
110900119,2214,162,2052
110900120,12,41,-29
110900121,128,0,128
110900122,383,157,226
110900125,314,303,11
110900127,374,969,-595
110900128,299,373,-74
110900129,273,765,-492
110900130,720,555,165
110900131,210,37,173
110900132,261,19,242
110900133,61,101,-40
110900135,34,244,-210
110900136,303,12,291
110900139,6,0,6
110900140,4,0,4
110900141,199,263,-64
110900142,47,118,-71
110900143,131,48,83
110900144,1,433,-432
110900145,145,49,96
110900146,251,142,109
110900147,103,242,-139
110900148,2,231,-229
110900149,1,37,-36
110900150,19,32,-13
110900151,1,49,-48
110900152,30,126,-96
110900153,133,50,83
111000001,504,543,-39
111000002,682,498,184
111000003,1261,600,661
111000004,410,717,-307
111000005,1260,922,338
111000006,719,1493,-774
111000007,3043,2200,843
111000008,1581,2094,-513
111000009,390,641,-251
111000010,683,224,459
111000011,311,1210,-899
111000012,407,315,92
111000013,360,988,-628
111000014,982,421,561
111000017,91,825,-734
111000018,215,347,-132
111000020,514,1705,-1191
111000021,66,95,-29
111000023,84,87,-3
111000025,2896,2768,128
111000029,58,99,-41
111000030,23,69,-46
111000031,1564,749,815
111000032,394,262,132
111000033,223,234,-11
111000034,132,229,-97
111000037,1008,749,259
111000038,2659,1580,1079
111000039,1440,1357,83
111000040,1296,1613,-317
111000041,1491,1293,198
111000042,2169,1643,526
111000043,1530,2381,-851
111000044,1589,1114,475
111000045,1930,1998,-68
111000046,1185,1552,-367
111000047,2154,3109,-955
111000049,382,405,-23
111000050,1144,1045,99
111000051,429,714,-285
111000052,397,1213,-816
111000053,210,596,-386
111000054,298,590,-292
111000055,797,1314,-517
111000056,121,345,-224
111000057,82,346,-264
111000058,383,49,334
111000059,416,206,210
111000060,3105,677,2428
111000061,419,293,126
111000062,651,207,444
111000063,1432,653,779
111000064,706,427,279
111000065,948,718,230
111000066,450,317,133
111000067,410,508,-98
111000068,543,864,-321
111000069,1325,1403,-78
111000070,958,781,177
111000071,222,411,-189
111000072,1090,410,680
111000073,340,858,-518
111000074,1265,1423,-158
111000075,941,527,414
111000076,442,400,42
111000077,1522,1558,-36
111000078,2463,1250,1213
111000079,1048,520,528
111000080,471,504,-33
111000081,1102,2909,-1807
111000082,674,482,192
111000084,722,367,355
111000085,722,783,-61
111000086,1787,742,1045
111000087,636,466,170
111000088,3331,1735,1596
111000089,636,562,74
111000090,687,1063,-376
111000091,646,375,271
111000092,1080,662,418
111000093,625,783,-158
111000094,1356,850,506
111000095,488,1713,-1225
111000096,1140,5738,-4598
111000097,2985,1335,1650
111000098,661,908,-247
111000099,499,1207,-708
111000100,349,1007,-658
111000101,321,547,-226
111000102,243,381,-138
111000104,554,144,410
111000107,99,501,-402
111000109,463,214,249
111000110,1189,593,596
111000111,1872,340,1532
111000112,1651,473,1178
111000113,787,1169,-382
111000114,1760,2434,-674
111000115,3928,821,3107
111000116,767,617,150
111000117,326,653,-327
111000118,969,544,425
111000119,915,725,190
111000120,411,480,-69
111000121,293,524,-231
111000122,441,765,-324
111000123,932,1907,-975
111000124,366,1744,-1378
111000125,310,970,-660
111000126,78,611,-533
111000127,815,122,693
111000128,1749,258,1491
111000129,2266,393,1873
111000130,1904,498,1406
111000131,1519,399,1120
111000132,1215,581,634
111000133,159,113,46
111000134,180,101,79
111000135,36,99,-63
111000136,340,288,52
111000138,6,6,0
111000140,4,6,-2
111000141,144,295,-151
111000142,14,109,-95
111000143,3,164,-161
111000144,26,514,-488
111000145,762,12,750
111000146,120,9,111
111000147,227,34,193
111000148,94,56,38
111000149,6,26,-20
111000150,15,5,10
111000151,4,28,-24
111000153,446,612,-166
111000154,629,178,451
111000155,103,123,-20
111000156,356,520,-164
111000157,212,798,-586
111000158,721,660,61
111000159,2006,745,1261
111000160,360,322,38
111000161,13,228,-215
111000162,82,88,-6
111000163,692,529,163
111000164,455,2169,-1714
111000165,682,316,366
111000166,1470,260,1210
111000167,159,287,-128
111000168,176,260,-84
111000169,256,516,-260
111000170,433,340,93
111000171,356,439,-83
111000172,139,344,-205
111000173,308,681,-373
111000174,170,260,-90
111000175,42,210,-168
111000176,261,90,171
111000177,267,196,71
111000178,959,305,654
111000179,229,147,82
111000180,216,377,-161
111000181,1000,161,839
111000182,182,133,49
111000183,207,228,-21
111000184,286,171,115
111000185,290,266,24
111000186,222,152,70
111000187,118,122,-4
111000188,233,296,-63
111000189,788,441,347
111000190,203,214,-11
111000191,167,193,-26
111000192,116,374,-258
111000193,309,249,60
111000194,65,285,-220
111000195,134,264,-130
111000196,85,154,-69
111000197,375,134,241
111000198,569,101,468
111000199,186,122,64
111000200,377,228,149
111000201,572,184,388
111000202,276,162,114
111000203,310,229,81
111000204,412,1006,-594
111000213,136,396,-260
111000214,1258,991,267
111000215,968,893,75
111000217,1112,658,454
111000218,944,774,170
111000219,424,194,230
111000220,899,358,541
111000221,488,70,418
111000224,56,237,-181
111000225,400,280,120
111000226,75,3,72
111000227,33,2,31
111000228,21,303,-282
111000229,33,637,-604
111000230,241,223,18
111000231,958,533,425
111000232,491,643,-152
111000233,796,496,300
111000234,144,325,-181
111000239,89,100,-11
111000240,47,141,-94
111000241,26,180,-154
111000242,146,43,103
111000243,147,337,-190
111000244,435,66,369
111000245,1157,267,890
111000246,490,211,279
111000247,263,526,-263
111000248,641,280,361
111000249,358,453,-95
111000250,34,51,-17
111000251,25,81,-56
111000253,12,11,1
111000255,56,11,45
111000257,57,15,42
111000260,52,693,-641
111000261,948,47,901
111000271,41,248,-207
111000273,2264,957,1307
111000274,1095,1677,-582
111000275,169,55,114
111000276,212,1133,-921
111000277,190,309,-119
111000278,497,167,330
111000291,820,4292,-3472
111000298,374,156,218
111000299,583,106,477
111000300,84,373,-289
111000302,263,75,188
111000303,89,161,-72
111000312,53,45,8
111000315,4,70,-66
111000320,237,364,-127
111000321,303,103,200
111000322,305,308,-3
111000323,233,24,209
111000324,329,144,185
111000325,43,42,1
111000326,192,228,-36
111000327,343,252,91
111000328,189,375,-186
111000329,2,32,-30
111000330,53,8,45
111000331,21,9,12
111000332,369,1000,-631
111000334,292,946,-654
111000335,809,196,613
111000337,1159,269,890
111000338,63,79,-16
111000339,469,217,252
111000340,79,438,-359
111000341,1235,464,771
111000342,137,537,-400
111000344,824,489,335
111000345,129,61,68
111000346,27,91,-64
111000347,114,2,112
111000350,181,93,88
111000351,85,299,-214
111000352,136,49,87
111000353,102,230,-128
111000354,387,68,319
111000355,211,388,-177
111000358,112,705,-593
111000360,142,365,-223
111000361,154,148,6
111000546,626,410,216
111000547,317,319,-2
111000548,103,219,-116
111000549,207,191,16
111000550,88,632,-544
111000551,525,155,370
111000552,808,81,727
111000907,455,44,411
111000908,27,1,26
111000916,1438,216,1222
111000917,33,359,-326
111000918,201,526,-325
111000920,483,8,475
111000921,25,140,-115
111000922,395,165,230
111000924,37,415,-378
111000925,2189,1357,832
111000926,925,1297,-372
111000927,2166,2942,-776
111000928,3123,2149,974
111000929,1096,890,206
111000930,675,1513,-838
111000931,1731,2037,-306
111000932,3034,1552,1482
111000933,2975,1923,1052
111000934,1535,2278,-743
111000935,1302,779,523
111000936,952,1516,-564
111000937,880,1022,-142
111000938,1281,1109,172
111000939,371,24,347
111000940,344,72,272
111000941,314,324,-10
111000943,410,188,222
111000944,167,238,-71
111000945,79,906,-827
111001109,417,297,120
111001110,134,365,-231
111001111,52,10,42
111001112,79,5,74
111001113,8,170,-162
111001114,478,129,349
111001115,59,431,-372
111001116,3179,2711,468
111001117,423,2149,-1726
111001120,91,165,-74
111001121,208,163,45
111001122,263,343,-80
111001123,241,91,150
111001124,97,146,-49
111001125,1,115,-114
111001126,0,0,0
111001127,1,37,-36
111001128,487,452,35
111900001,1,137,-136
111900002,0,340,-340
111900003,0,160,-160
111900004,14,52,-38
111900006,11,24,-13
111900007,81,4,77
111900008,120,2,118
111900009,89,3,86
111900010,288,282,6
111900012,47,59,-12
111900013,10,26,-16
111900014,3076,3519,-443
111900015,0,38,-38
111900016,0,68,-68
111900017,0,58,-58
111900018,162,8,154
111900019,3,74,-71
111900020,4,24,-20
111900021,29,80,-51
111900022,15,46,-31
111900023,88,85,3
111900024,216,132,84
111900025,0,30,-30
111900026,0,43,-43
111900027,1,62,-61
111900028,13,210,-197
111900029,1,20,-19
111900030,35,217,-182
111900032,7,220,-213
111900033,4,52,-48
111900034,174,283,-109
111900035,31,165,-134
111900036,0,166,-166
111900038,218,291,-73
111900039,42,232,-190
111900040,1,322,-321
111900042,13,73,-60
111900043,6,215,-209
111900044,235,123,112
111900046,39,103,-64
111900048,253,406,-153
111900049,28,133,-105
111900050,87,20,67
111900051,2,152,-150
111900052,303,293,10
111900053,687,1136,-449
111900054,111,1,110
111900055,7,223,-216
111900056,152,241,-89
111900057,85,52,33
111900058,372,340,32
111900059,1052,464,588
111900060,282,1,281
111900061,6,108,-102
111900062,21,32,-11
111900063,205,157,48
111900064,67,131,-64
111900065,73,24,49
111900066,126,140,-14
111900067,1,196,-195
111900068,38,40,-2
111900069,58,31,27
111900070,104,81,23
111900071,2,97,-95
111900072,58,11,47
111900073,739,104,635
111900074,7,93,-86
111900075,71,5,66
111900076,170,68,102
111900077,17,0,17
111900078,208,21,187
111900079,39,29,10
111900080,165,227,-62
111900082,170,32,138
111900083,107,16,91
111900084,55,6,49
111900085,23,109,-86
111900086,51,6,45
111900087,41,1,40
111900088,485,10,475
111900089,32,1,31
111900090,34,16,18
111900091,229,0,229
111900092,90,1,89
111900093,387,3,384
111900094,35,1,34
111900095,157,25,132
111900096,182,2,180
111900097,44,0,44
111900098,259,0,259
111900099,19,0,19
111900100,72,2,70
111900101,73,32,41
111900102,372,364,8
111900103,46,57,-11
111900104,107,31,76
111900105,204,128,76
111900106,385,29,356
111900110,1074,291,783
111900111,77,3,74
111900112,277,1847,-1570
111900113,183,71,112
111900118,301,88,213
111900119,266,116,150
111900122,114,76,38
111900123,16,27,-11
111900124,22,75,-53
111900125,422,18,404
111900126,208,7,201
111900127,0,484,-484
111900128,2,296,-294
111900129,200,7,193
111900130,116,14,102
111900131,435,1,434
111900132,12,524,-512
111900133,26,255,-229
111900134,9,140,-131
111900135,10,27,-17
111900136,68,129,-61
111900137,67,38,29
111900138,12,58,-46
111900139,12,90,-78
111900140,98,15,83
111900141,45,9,36
111900142,119,21,98
111900143,5,48,-43
111900144,0,49,-49
111900145,3,228,-225
111900146,1,126,-125
111900147,79,240,-161
111900148,19,377,-358
111900149,4,157,-153
111900150,9,92,-83
111900151,4,14,-10
111900152,61,65,-4
111900153,781,504,277
111900154,10,206,-196
111900155,27,64,-37
111900156,34,34,0
111900157,87,13,74
111900158,473,53,420
111900159,219,19,200
111900160,251,1,250
111900161,146,1,145
111900162,58,134,-76
111900163,15,128,-113
111900164,64,39,25
111901113,386,196,190
111901114,164,155,9
111901115,40,1,39
111901116,20,2,18
111901117,26,16,10
111901118,29,172,-143
111901119,422,40,382
111901121,78,95,-17
111901122,3,227,-224
111901123,159,168,-9
111901124,193,1,192
111901125,358,159,199
111901127,281,306,-25
111901128,4,27,-23
111901129,3,59,-56
111901130,7,84,-77
111901131,1,216,-215
111901132,101,23,78
111901133,44,0,44
111901134,62,3,59
111901135,23,12,11
111901138,178,25,153
111901139,13,25,-12
111901140,9,47,-38
111901141,15,83,-68
111901142,5,44,-39
111901143,5,67,-62
111901144,42,36,6
111901145,143,259,-116
111901146,267,23,244
111901147,224,172,52
111901148,14,26,-12
111901149,10,0,10
111901150,38,3,35
111901151,0,0,0
111901152,5,13,-8
112000001,1463,485,978
112000002,492,1374,-882
112000003,1157,817,340
112000004,501,552,-51
112000005,2747,3034,-287
112000006,1454,1006,448
112000007,2564,1756,808
112000008,2033,2947,-914
112000009,2185,1787,398
112000010,2454,2942,-488
112000011,1212,1142,70
112000012,2628,4126,-1498
112000013,2339,2030,309
112000014,1677,2683,-1006
112000015,1815,2708,-893
112000016,2174,1614,560
112000017,976,2698,-1722
112000024,1580,557,1023
112000026,1801,2523,-722
112000027,570,496,74
112000028,729,950,-221
112000029,391,544,-153
112000030,112,56,56
112000031,749,3327,-2578
112000032,133,42,91
112000033,1214,2327,-1113
112000034,108,38,70
112000035,68,362,-294
112000036,438,891,-453
112000037,648,731,-83
112000038,1053,844,209
112000039,76,51,25
112000040,56,200,-144
112000041,334,280,54
112000042,712,307,405
112000050,964,960,4
112000051,864,1214,-350
112000054,1065,1244,-179
112000057,367,314,53
112000058,250,335,-85
112000059,278,476,-198
112000061,2178,1174,1004
112000062,1285,804,481
112000063,749,1510,-761
112000064,2814,3627,-813
112000065,1295,1760,-465
112000066,2860,1228,1632
112000067,571,498,73
112000068,2450,2136,314
112000069,496,1278,-782
112000070,1369,709,660
112000071,779,1846,-1067
112000072,1962,645,1317
112000073,1109,1557,-448
112000074,1206,945,261
112000075,1086,981,105
112000076,2364,1841,523
112000077,681,390,291
112000078,1491,505,986
112000079,1260,1048,212
112000080,563,601,-38
112000081,992,1650,-658
112000082,1160,617,543
112000083,457,947,-490
112000084,1075,639,436
112000085,1029,687,342
112000086,1446,975,471
112000087,401,557,-156
112000088,620,371,249
112000089,201,241,-40
112000090,173,246,-73
112000091,597,643,-46
112000092,1756,865,891
112000093,1350,577,773
112000094,591,667,-76
112000095,581,607,-26
112000096,581,480,101
112000097,1084,584,500
112000098,533,595,-62
112000099,486,1348,-862
112000100,1565,684,881
112000101,419,551,-132
112000102,1127,526,601
112000103,318,590,-272
112000105,593,966,-373
112000106,1767,383,1384
112000107,88,120,-32
112000108,360,1069,-709
112000109,167,76,91
112000110,1661,592,1069
112000111,618,1942,-1324
112000112,2228,468,1760
112000113,717,1121,-404
112000114,1805,710,1095
112000115,299,320,-21
112000116,402,594,-192
112000117,1009,777,232
112000118,624,533,91
112000119,389,488,-99
112000120,87,247,-160
112000121,111,271,-160
112000122,261,127,134
112000123,683,121,562
112000124,306,58,248
112000125,262,192,70
112000126,242,293,-51
112000127,1439,1671,-232
112000128,527,443,84
112000129,161,117,44
112000130,200,85,115
112000131,47,186,-139
112000132,115,195,-80
112000133,356,132,224
112000134,352,254,98
112000135,948,529,419
112000136,807,939,-132
112000137,1265,1351,-86
112000138,1086,887,199
112000139,649,538,111
112000140,650,830,-180
112000141,748,272,476
112000142,136,440,-304
112000143,888,191,697
112000144,273,690,-417
112000145,2197,462,1735
112000146,421,1224,-803
112000147,2242,1434,808
112000148,1353,1374,-21
112000149,377,393,-16
112000150,249,373,-124
112000151,385,222,163
112000152,376,233,143
112000153,170,182,-12
112000154,116,152,-36
112000155,99,94,5
112000157,505,407,98
112000158,263,262,1
112000159,390,281,109
112000167,269,94,175
112000169,203,323,-120
112000173,566,139,427
112000175,298,244,54
112000176,1611,1307,304
112000177,610,181,429
112000178,125,202,-77
112000179,235,79,156
112000180,179,264,-85
112000181,1091,1132,-41
112000182,1067,865,202
112000183,56,40,16
112000184,439,259,180
112000185,466,385,81
112000187,2984,1794,1190
112000195,95,14,81
112000196,83,1,82
112000197,102,86,16
112000198,21,192,-171
112000199,789,549,240
112000202,418,2,416
112000216,48,190,-142
112000230,54,4,50
112000231,3,155,-152
112000256,57,223,-166
112000313,61,82,-21
112000314,29,31,-2
112000337,208,422,-214
112000352,215,246,-31
112000392,1106,926,180
112000398,1261,703,558
112000399,1083,1655,-572
112000400,1196,1760,-564
112000401,1766,1383,383
112000402,2252,3174,-922
112000403,1078,2537,-1459
112000404,772,795,-23
112000405,1584,2398,-814
112000406,2073,1467,606
112000407,6214,6276,-62
112000408,5324,4010,1314
112000409,1275,2704,-1429
112000410,292,258,34
112000411,2532,1250,1282
112000412,1107,448,659
112000413,5137,4733,404
112000414,39,57,-18
112000415,108,23,85
112000416,2429,965,1464
112000417,267,56,211
112000421,38,73,-35
112000422,262,228,34
112000424,1361,2095,-734
112000425,339,597,-258
112000426,135,242,-107
112000427,1,22,-21
112000428,235,272,-37
112000429,1527,1624,-97
112000430,1758,2129,-371
112000431,101,132,-31
112000432,469,763,-294
112000433,277,475,-198
112000437,50,156,-106
112900001,58,1,57
112900002,417,723,-306
112900003,90,245,-155
112900004,34,196,-162
112900005,163,136,27
112900007,36,104,-68
112900008,0,17,-17
112900009,212,111,101
112900010,316,581,-265
112900011,131,149,-18
112900012,2,48,-46
112900013,4,91,-87
112900014,3,125,-122
112900015,298,502,-204
112900016,16,150,-134
112900017,24,115,-91
112900018,317,560,-243
112900019,32,94,-62
112900020,261,763,-502
112900021,3,150,-147
112900022,9,45,-36
112900023,1,111,-110
112900024,15,162,-147
112900025,39,156,-117
112900026,5,153,-148
112900027,7,771,-764
112900028,17,115,-98
112900029,24,363,-339
112900030,102,93,9
112900031,1,307,-306
112900032,161,154,7
112900034,0,22,-22
112900035,5,298,-293
112900036,36,83,-47
112900037,85,184,-99
112900038,403,110,293
112900039,20,181,-161
112900040,4,251,-247
112900041,397,680,-283
112900042,30,221,-191
112900043,31,42,-11
112900044,311,322,-11
112900045,220,194,26
112900046,104,28,76
112900047,6,15,-9
112900049,199,42,157
112900050,35,301,-266
112900051,184,337,-153
112900052,4,531,-527
112900053,198,94,104
112900054,116,32,84
112900055,55,22,33
112900056,180,142,38
112900057,24,324,-300
112900058,228,251,-23
112900059,133,104,29
112900060,11,100,-89
112900061,61,90,-29
112900062,53,79,-26
112900063,121,11,110
112900064,123,144,-21
112900065,26,17,9
112900066,183,175,8
112900067,238,110,128
112900068,18,37,-19
112900069,1006,564,442
112900071,53,8,45
112900072,100,1596,-1496
112900073,323,100,223
112900074,62,209,-147
112900075,728,731,-3
112900076,64,41,23
112900078,228,330,-102
112900079,170,25,145
112900080,76,7,69
112900081,49,187,-138
112900082,412,19,393
112900083,98,67,31
112900084,215,84,131
112900086,85,1,84
112900087,596,89,507
112900088,114,22,92
112900089,610,32,578
112900090,59,29,30
112900091,222,7,215
112900092,145,292,-147
112900093,973,20,953
112900095,74,0,74
112900096,474,135,339
112900097,47,201,-154
112900098,89,1,88
112900099,721,16,705
112900100,52,1,51
112900101,320,3,317
112900102,65,9,56
112900103,160,6,154
112900104,521,3,518
112900105,16,0,16
112900106,328,101,227
112900107,10,0,10
112900108,8,0,8
112900109,117,2,115
112900110,1237,26,1211
112900111,643,4,639
112900112,304,2,302
112900113,0,13,-13
112900114,164,20,144
112900115,1300,5,1295
112900116,110,3,107
112900117,90,52,38
112900118,31,53,-22
112900119,130,0,130
112900120,503,231,272
112900121,60,123,-63
112900122,12,72,-60
112900123,79,14,65
112900124,8,65,-57
112900125,36,267,-231
112900126,160,139,21
112900127,276,88,188
112900128,235,451,-216
112900129,0,402,-402
112900130,182,71,111
112900131,13,179,-166
112900132,71,282,-211
112900133,17,680,-663
112900134,0,170,-170
112900135,80,43,37
112900137,27,349,-322
112900138,4,160,-156
112900139,159,629,-470
112900141,528,25,503
112900142,66,160,-94
112900143,31,306,-275
112900144,3,529,-526
112900145,25,275,-250
112900146,4,649,-645
112900147,6,989,-983
112900148,30,2,28
112900149,152,330,-178
112900151,18,54,-36
112900152,2764,492,2272
112900153,1304,1845,-541
112900154,0,87,-87
112900155,133,15,118
112900156,315,697,-382
112900157,352,82,270
112900158,47,14,33
112900159,147,115,32
112900160,65,170,-105
112900161,97,56,41
112900162,16,21,-5
112900163,48,55,-7
112900164,32,159,-127
112900165,94,17,77
112900166,15,51,-36
112900167,2,73,-71
112900168,4,6,-2
112900169,8,18,-10
112900170,90,57,33
112900172,21,8,13
112900173,105,61,44
112900174,178,49,129
112900175,121,93,28
112900176,10,62,-52
112900177,207,58,149
112900178,573,1890,-1317
112900179,39,283,-244
112900180,1295,1188,107
112900181,485,9,476
112900182,82,578,-496
112900183,92,151,-59
112900184,315,276,39
112900185,163,373,-210
112900186,818,746,72
112900187,69,387,-318
112900188,451,592,-141
112900189,16,5,11
112900190,15,52,-37
112900192,496,455,41
112900193,884,240,644
112900194,44,33,11
112900195,782,37,745
112900196,221,277,-56
112900197,125,254,-129
112900199,377,221,156
112900200,472,148,324
112900201,125,73,52
112900202,362,517,-155
112900203,213,176,37
112900204,697,536,161
112900205,12,8,4
112900206,58,110,-52
112900207,33,8,25
112900208,79,335,-256
112900209,417,259,158
112900210,15,24,-9
112900211,69,29,40
112900212,1,71,-70
112900213,53,16,37
112900214,39,10,29
112900215,14,117,-103
112900216,29,40,-11
112900217,1,51,-50
112900218,77,3,74
112900219,54,10,44
112900220,1,0,1
112900221,9,69,-60
112900222,0,20,-20
112900223,663,16,647
112900224,310,258,52
112900225,305,175,130
112900226,90,171,-81
112900227,339,306,33
112900228,63,18,45
112900229,243,49,194
112900230,4320,2467,1853
112900232,180,205,-25
112900233,63,95,-32
112900234,11,40,-29
112900235,70,34,36
112900236,238,8,230
112900237,208,251,-43
112900238,4,13,-9
112900239,536,437,99
112900240,2,34,-32
112900241,12,58,-46
112900242,4,63,-59
112900243,7,73,-66
112900244,3,43,-40
112900245,0,14,-14
112900246,1,5,-4
112900247,92,29,63
112900248,10,0,10
112900249,14,4,10
112900250,41,15,26
112900251,56,7,49
112900252,56,12,44
112900253,29,7,22
112900254,16,3,13
112900255,1,22,-21
112900256,6,42,-36
112900257,9,33,-24
112900258,31,29,2
113000001,4012,3037,975
113000002,2679,2351,328
113000003,1381,1120,261
113000004,1287,1639,-352
113000005,1436,724,712
113000006,799,927,-128
113000007,1591,801,790
113000008,1121,1284,-163
113000009,1055,548,507
113000010,933,957,-24
113000011,720,1100,-380
113000012,1360,527,833
113000013,904,601,303
113000014,1079,972,107
113000015,225,128,97
113000016,244,508,-264
113000017,43,354,-311
113000018,288,62,226
113000019,157,358,-201
113000020,491,94,397
113000021,882,424,458
113000022,576,942,-366
113000025,125,287,-162
113000026,394,401,-7
113000027,438,586,-148
113000028,444,525,-81
113000029,596,598,-2
113000030,261,406,-145
113000031,180,225,-45
113000032,173,239,-66
113000033,199,294,-95
113000034,228,170,58
113000035,21,25,-4
113000036,14,36,-22
113000037,50,29,21
113000038,9,27,-18
113000039,50,229,-179
113000040,52,70,-18
113000042,554,354,200
113000051,661,1670,-1009
113000052,1654,514,1140
113000053,375,268,107
113000054,239,541,-302
113000055,945,424,521
113000056,824,717,107
113000058,614,628,-14
113000059,957,444,513
113000060,192,385,-193
113000061,373,603,-230
113000062,460,232,228
113000063,188,61,127
113000064,56,144,-88
113000065,132,517,-385
113000066,596,94,502
113000067,1725,906,819
113000068,324,809,-485
113000069,449,654,-205
113000070,2050,808,1242
113000071,331,360,-29
113000072,606,311,295
113000073,284,927,-643
113000074,922,276,646
113000075,1645,518,1127
113000076,400,1713,-1313
113000077,762,582,180
113000078,496,1581,-1085
113000079,431,625,-194
113000080,509,570,-61
113000081,469,617,-148
113000082,723,563,160
113000083,376,656,-280
113000084,1209,814,395
113000085,607,572,35
113000086,843,851,-8
113000087,642,691,-49
113000088,1590,908,682
113000089,763,1288,-525
113000090,209,417,-208
113000091,378,242,136
113000094,897,179,718
113000095,176,633,-457
113000096,111,551,-440
113000097,764,293,471
113000098,102,62,40
113000099,704,314,390
113000100,104,284,-180
113000101,266,360,-94
113000102,490,323,167
113000103,1495,299,1196
113000104,476,1534,-1058
113000105,643,319,324
113000106,267,264,3
113000107,825,643,182
113000108,619,820,-201
113000109,440,1076,-636
113000110,1219,300,919
113000111,187,420,-233
113000112,278,305,-27
113000113,962,350,612
113000114,181,859,-678
113000116,487,242,245
113000117,697,79,618
113000118,122,306,-184
113000119,278,265,13
113000120,65,188,-123
113000121,391,690,-299
113000124,177,113,64
113000125,71,568,-497
113000127,1613,190,1423
113000128,508,314,194
113000129,330,545,-215
113000133,1682,828,854
113000134,1,693,-692
113000135,3309,3145,164
113000137,1176,2724,-1548
113000139,253,170,83
113000140,95,164,-69
113000141,192,191,1
113000142,338,693,-355
113000143,192,123,69
113000144,234,435,-201
113000145,61,126,-65
113000146,131,47,84
113000147,107,84,23
113000148,185,108,77
113000149,101,117,-16
113000150,354,228,126
113000151,58,43,15
113000152,28,65,-37
113000153,1031,358,673
113000154,536,1157,-621
113000155,244,430,-186
113000156,129,264,-135
113000157,231,582,-351
113000158,514,175,339
113000159,705,588,117
113000160,602,727,-125
113000161,229,281,-52
113000162,577,246,331
113000163,99,61,38
113000164,29,49,-20
113000166,167,122,45
113000167,45,65,-20
113000168,54,79,-25
113000169,201,54,147
113000170,106,62,44
113000171,45,70,-25
113000172,269,65,204
113000173,107,24,83
113000174,118,320,-202
113000175,422,127,295
113000176,391,157,234
113000177,247,307,-60
113000178,151,246,-95
113000179,248,153,95
113000180,408,791,-383
113000181,991,731,260
113000182,153,266,-113
113000183,94,476,-382
113000184,23,74,-51
113000189,357,621,-264
113000190,476,334,142
113000192,866,2368,-1502
113000193,2120,1801,319
113000194,981,997,-16
113000195,1124,1031,93
113000196,165,69,96
113000197,905,938,-33
113000198,48,224,-176
113000199,841,232,609
113000201,175,350,-175
113000202,3016,622,2394
113000203,106,133,-27
113000204,816,1872,-1056
113000205,10,9,1
113000206,4,35,-31
113000207,61,21,40
113000208,38,27,11
113000209,17,25,-8
113000210,6,22,-16
113000211,182,223,-41
113000212,70,34,36
113000213,23,113,-90
113000214,108,177,-69
113000234,151,545,-394
113000410,78,170,-92
113000411,1688,2805,-1117
113000412,4375,1799,2576
113000413,1647,2107,-460
113000414,3989,9256,-5267
113000415,1605,1641,-36
113000416,4931,2596,2335
113000417,1312,1732,-420
113000418,3311,2798,513
113000419,1149,1407,-258
113000420,3073,4248,-1175
113000421,2888,4579,-1691
113000422,8087,7391,696
113000423,1424,3864,-2440
113000424,2099,6614,-4515
113000425,7,54,-47
113000428,15,10,5
113000430,12,47,-35
113000432,1868,154,1714
113000433,75,531,-456
113000434,13,97,-84
113000435,21,326,-305
113000436,28,756,-728
113000437,816,16,800
113000438,205,11,194
113000439,10,77,-67
113000440,86,19,67
113000441,186,144,42
113000442,94,125,-31
113000443,206,138,68
113000444,180,149,31
113000445,108,94,14
113000446,53,75,-22
113000448,181,119,62
113000449,134,470,-336
113000450,375,1249,-874
113000451,958,168,790
113000452,140,300,-160
113000453,49,247,-198
113000454,338,92,246
113000455,33,303,-270
113000456,2424,2043,381
113000468,972,117,855
113000469,38,53,-15
113000470,320,19,301
113000471,15,291,-276
113000472,96,227,-131
113000474,654,427,227
113000475,1204,1153,51
113000476,1189,1513,-324
113000477,2925,1651,1274
113000478,2757,3482,-725
113000479,55,115,-60
113000485,0,0,0
113000486,0,0,0
113000487,0,0,0
113000488,0,2,-2
113000489,0,2,-2
113000490,0,0,0
113000491,4,0,4
113000492,0,0,0
113000493,0,0,0
113000495,182,137,45
113000496,116,87,29
113900001,1,119,-118
113900002,2,48,-46
113900003,0,38,-38
113900004,1,36,-35
113900005,5,59,-54
113900006,0,24,-24
113900007,21,0,21
113900008,11,0,11
113900009,34,4,30
113900010,21,0,21
113900011,44,0,44
113900012,24,1,23
113900013,147,7,140
113900014,375,2,373
113900015,2,21,-19
113900016,26,1,25
113900017,3,20,-17
113900018,242,131,111
113900019,114,38,76
113900020,91,0,91
113900022,18,0,18
113900023,34,0,34
113900024,55,36,19
113900025,186,7,179
113900026,41,0,41
113900027,6,36,-30
113900028,35,286,-251
113900029,48,130,-82
113900030,182,0,182
113900031,16,0,16
113900032,23,2,21
113900033,78,45,33
113900035,36,0,36
113900036,17,55,-38
113900037,157,334,-177
113900038,53,85,-32
113900039,122,13,109
113900040,2,10,-8
113900041,7,0,7
113900042,48,21,27
113900043,116,85,31
113900044,206,267,-61
113900045,51,0,51
113900046,195,423,-228
113900047,33,81,-48
113900048,120,88,32
113900049,415,232,183
113900050,160,203,-43
113900051,166,239,-73
113900052,94,84,10
113900053,542,360,182
113900054,10,0,10
113900055,55,285,-230
113900056,41,97,-56
113900057,12,39,-27
113900058,41,58,-17
113900059,142,196,-54
113900060,85,125,-40
113900061,553,151,402
113900062,75,1,74
113900063,41,64,-23
113900064,20,90,-70
113900065,282,12,270
113900066,239,172,67
113900067,116,143,-27
113900068,379,296,83
113900069,13,16,-3
113900070,125,282,-157
113900071,21,47,-26
113900072,37,86,-49
113900073,224,254,-30
113900074,79,242,-163
113900075,888,833,55
113900076,104,12,92
113900077,48,140,-92
113900078,28,31,-3
113900079,1,22,-21
113900080,351,138,213
113900081,20,120,-100
113900082,89,150,-61
113900083,235,206,29
113900084,190,70,120
113900085,36,211,-175
113900086,42,13,29
113900087,63,90,-27
113900088,59,70,-11
113900089,278,17,261
113900090,422,260,162
113900091,10,4,6
113900092,32,59,-27
113900093,72,528,-456
113900094,272,195,77
113900095,97,73,24
113900096,187,56,131
113900097,17,41,-24
113900098,510,61,449
113900099,0,22,-22
113900100,1,5,-4
113900101,19,31,-12
113900102,84,116,-32
113900103,181,233,-52
113900104,111,178,-67
113900105,104,137,-33
113900106,0,22,-22
113900107,1,27,-26
113900108,139,169,-30
113900109,217,139,78
113900110,24,15,9
113900111,142,76,66
113900112,106,36,70
113900113,715,398,317
113900114,2,34,-32
113900115,0,38,-38
113900116,67,76,-9
113900117,68,34,34
113900118,135,208,-73
113900119,125,317,-192
113900120,45,40,5
113900121,58,48,10
113900122,295,1585,-1290
113900123,283,129,154
113900124,0,39,-39
113900125,554,104,450
113900126,100,34,66
113900127,183,506,-323
113900128,129,39,90
113900129,14,113,-99
113900130,0,39,-39
113900131,179,42,137
113900132,39,38,1
113900133,12,72,-60
113900135,278,212,66
113900136,59,51,8
113900137,264,197,67
113900138,14,90,-76
113900139,187,165,22
113900140,130,236,-106
113900141,441,162,279
113900142,138,51,87
113900143,5,27,-22
113900144,130,199,-69
113900145,366,125,241
113900146,123,24,99
113900148,83,207,-124
113900149,109,48,61
113900150,367,290,77
113900151,305,106,199
113900152,25,31,-6
113900153,164,366,-202
113900154,2,69,-67
113900155,104,115,-11
113900156,147,242,-95
113900157,22,186,-164
113900158,196,296,-100
113900159,5,166,-161
113900160,546,410,136
113900161,48,208,-160
113900162,307,572,-265
113900163,184,224,-40
113900164,198,42,156
113900165,532,266,266
113900166,125,83,42
113900167,236,35,201
113900168,71,59,12
113900169,169,228,-59
113900171,155,40,115
113900172,5,107,-102
113900173,22,343,-321
113900174,338,373,-35
113900175,225,93,132
113900176,155,359,-204
113900177,225,104,121
113900178,169,84,85
113900179,11,286,-275
113900180,102,73,29
113900181,446,84,362
113900182,440,568,-128
113900183,27,55,-28
113900184,4,238,-234
113900185,120,61,59
113900186,11,19,-8
113900187,33,91,-58
113900188,20,61,-41
113900189,191,91,100
113900190,169,75,94
113900191,30,98,-68
113900192,956,1074,-118
113900193,15,136,-121
113900194,867,702,165
113900195,199,260,-61
113900196,5,61,-56
113900197,0,115,-115
113900198,15,168,-153
113900199,76,398,-322
113900200,7,99,-92
113900201,1,107,-106
113900202,8,145,-137
113900203,15,52,-37
113900204,28,305,-277
113900205,7,77,-70
113900206,3,74,-71
113900207,0,16,-16
113900208,0,21,-21
113900209,0,36,-36
113900210,457,524,-67
113900211,132,57,75
113900212,161,296,-135
113900214,272,264,8
113900215,78,72,6
113900216,80,475,-395
113900217,57,134,-77
113900218,112,66,46
113900219,119,417,-298
113900220,96,86,10
113900221,277,163,114
113900222,984,563,421
113900223,131,532,-401
113900224,46,39,7
113900225,324,126,198
113900226,243,84,159
113900227,257,122,135
113900228,170,286,-116
113900229,70,589,-519
113900230,2305,2319,-14
113900231,97,117,-20
113900232,70,80,-10
113900233,46,37,9
113900234,229,329,-100
113900235,76,14,62
113900236,135,207,-72
113900237,118,7,111
113900238,130,369,-239
113900239,29,81,-52
113900240,4,119,-115
113900241,89,50,39
113900242,38,89,-51
113900243,76,219,-143
113900244,178,139,39
113900245,810,177,633
113900246,10,11,-1
113900247,98,312,-214
113900248,1655,1018,637
113900249,536,342,194
113900250,23,99,-76
113900251,551,114,437
113900252,463,12,451
113900253,407,33,374
113900254,722,99,623
113900255,350,14,336
113900256,266,19,247
113900257,30,267,-237
113900258,11,284,-273
113900259,435,107,328
113900260,161,6,155
113900261,34,61,-27
113900262,92,314,-222
113900263,102,464,-362
113900264,0,266,-266
113900265,97,188,-91
113900266,55,75,-20
113900267,78,399,-321
113900268,183,370,-187
113900269,80,86,-6
113900270,217,492,-275
113900271,436,607,-171
113900273,23,8,15
113900274,55,19,36
113900275,12,52,-40
113900276,2,83,-81
113900277,102,3,99
113900278,171,101,70
113900279,57,34,23
113900280,979,463,516
113900281,369,880,-511
113900282,379,323,56
113900283,299,382,-83
113900284,571,123,448
113900285,102,23,79
113900286,20,57,-37
113900287,46,16,30
113900288,2,90,-88
113900289,541,73,468
113900290,202,147,55
113900291,94,90,4
113900292,3,4,-1
113900293,6,130,-124
113900294,368,8,360
113900295,323,281,42
113900296,680,129,551
113900297,1843,36,1807
113900298,13,1358,-1345
113900299,92,97,-5
113900300,1922,1359,563
113900301,429,244,185
113900302,1537,720,817
113900303,306,321,-15
113900304,1,69,-68
113900305,73,0,73
113900306,32,2,30
113900307,6,1,5
113900308,37,57,-20
113900309,0,416,-416
113900310,1,4,-3
113900311,5,0,5
113900312,103,191,-88
113900313,17,4,13
113900314,2,11,-9
113900315,24,0,24
114000001,774,1685,-911
114000002,216,205,11
114000003,164,569,-405
114000004,271,313,-42
114000005,175,138,37
114000006,1497,1529,-32
114000007,473,750,-277
114000008,931,1248,-317
114000009,527,188,339
114000011,2162,1642,520
114000012,1981,1121,860
114000013,1414,1105,309
114000014,420,359,61
114000015,1368,266,1102
114000016,192,136,56
114000017,79,218,-139
114000018,139,24,115
114000026,1442,931,511
114000027,2531,1790,741
114000028,1832,2175,-343
114000038,226,102,124
114000039,187,126,61
114000040,72,138,-66
114000042,178,107,71
114000043,268,202,66
114000044,286,116,170
114000045,43,43,0
114000046,2032,3661,-1629
114000047,6,67,-61
114000048,82,104,-22
114000049,1099,1270,-171
114000050,1009,1411,-402
114000051,2011,1564,447
114000052,2442,2015,427
114000053,65,689,-624
114000054,164,607,-443
114000055,177,29,148
114000056,587,763,-176
114000057,3183,1672,1511
114000058,298,1078,-780
114000059,129,244,-115
114000060,382,511,-129
114000061,1960,2215,-255
114000062,1302,1046,256
114000063,1810,1153,657
114000064,3355,2538,817
114000065,1016,1528,-512
114000066,384,464,-80
114000067,21,482,-461
114000068,445,489,-44
114000069,567,439,128
114000070,1664,1388,276
114000071,473,360,113
114000072,417,139,278
114000073,10,41,-31
114000074,42,9,33
114000075,63,36,27
114000076,15,54,-39
114000077,8,18,-10
114000078,341,359,-18
114000079,93,18,75
114000080,45,71,-26
114000081,75,80,-5
114000082,44,297,-253
114000083,61,122,-61
114000084,273,78,195
114000085,68,344,-276
114000086,213,217,-4
114000087,95,84,11
114000088,46,33,13
114000089,451,229,222
114000090,677,726,-49
114000091,1109,646,463
114000092,698,420,278
114000093,934,564,370
114000094,296,264,32
114000095,169,145,24
114000096,73,146,-73
114000097,93,244,-151
114000098,461,77,384
114000099,538,338,200
114000100,1232,402,830
114000101,359,429,-70
114000102,504,219,285
114000103,127,256,-129
114000104,50,141,-91
114000105,106,68,38
114000106,553,788,-235
114000107,331,82,249
114000108,1600,864,736
114000109,549,1218,-669
114000110,462,964,-502
114000111,1366,595,771
114000112,422,1442,-1020
114000113,1437,435,1002
114000114,1052,1054,-2
114000115,1967,882,1085
114000116,700,1413,-713
114000117,2398,413,1985
114000118,1976,358,1618
114000119,1597,352,1245
114000120,400,541,-141
114000121,402,588,-186
114000122,283,292,-9
114000123,1618,319,1299
114000124,764,248,516
114000125,643,780,-137
114000126,1864,196,1668
114000127,192,111,81
114000128,719,281,438
114000130,419,456,-37
114000131,252,81,171
114000132,423,338,85
114000133,544,902,-358
114000134,57,91,-34
114000138,29,145,-116
114000139,300,282,18
114000144,640,445,195
114000145,76,119,-43
114000146,93,153,-60
114000147,1151,1615,-464
114000148,1297,1405,-108
114000149,250,234,16
114000150,1026,1182,-156
114000151,969,1793,-824
114000152,144,27,117
114000153,816,2313,-1497
114000154,565,661,-96
114000155,932,1720,-788
114000156,616,583,33
114000157,252,942,-690
114000158,994,479,515
114000159,177,306,-129
114000160,89,279,-190
114000161,968,2393,-1425
114000162,900,1985,-1085
114000163,10,85,-75
114000165,428,322,106
114000166,507,276,231
114000167,2162,1121,1041
114000168,503,394,109
114000169,1063,1043,20
114000170,949,934,15
114000171,955,2898,-1943
114000174,190,283,-93
114000176,331,332,-1
114000177,1352,589,763
114000178,65,32,33
114000179,937,661,276
114000180,337,480,-143
114000181,1123,2852,-1729
114000182,1618,1821,-203
114000183,679,763,-84
114000184,2360,759,1601
114000185,887,604,283
114000189,815,104,711
114000190,2439,323,2116
114000191,41,84,-43
114000192,123,834,-711
114000193,452,1521,-1069
114000194,1047,533,514
114000195,128,43,85
114000196,3,172,-169
114000197,1147,74,1073
114000198,479,268,211
114000199,1463,1297,166
114000200,501,1049,-548
114000201,132,530,-398
114000202,739,375,364
114000203,551,498,53
114000204,125,303,-178
114000205,176,916,-740
114000206,457,937,-480
114000207,392,1004,-612
114000208,301,1329,-1028
114000209,376,1410,-1034
114000210,163,713,-550
114000211,821,1031,-210
114000212,449,620,-171
114000213,1054,387,667
114000214,87,128,-41
114000215,144,47,97
114000216,1067,275,792
114000217,314,154,160
114000218,134,206,-72
114000219,1088,140,948
114000220,22,742,-720
114000221,652,114,538
114000222,81,683,-602
114000223,435,107,328
114000224,74,371,-297
114000225,202,397,-195
114000226,183,163,20
114000227,634,369,265
114000228,692,525,167
114000229,934,773,161
114000230,1409,815,594
114000231,769,922,-153
114000232,640,100,540
114000233,1615,106,1509
114000234,941,581,360
114000235,791,910,-119
114000236,0,285,-285
114000237,95,536,-441
114000238,116,194,-78
114000239,134,721,-587
114000240,562,577,-15
114000241,229,649,-420
114000242,623,600,23
114000243,1222,717,505
114000244,462,253,209
114000245,316,564,-248
114000246,105,26,79
114000247,496,411,85
114000248,1074,410,664
114000249,406,425,-19
114000250,380,424,-44
114000251,308,149,159
114000252,67,53,14
114000253,42,81,-39
114000254,44,36,8
114000255,467,177,290
114000256,809,1583,-774
114000257,403,912,-509
114000258,209,266,-57
114000259,74,193,-119
114000260,0,22,-22
114000261,37,27,10
114000262,144,106,38
114000263,9,1,8
114000264,756,293,463
114000265,0,1,-1
114000267,6,1322,-1316
114000268,1,800,-799
114000270,156,23,133
114000271,300,32,268
114000283,1006,306,700
114000285,23,145,-122
114000288,88,352,-264
114000289,1131,166,965
114000293,145,344,-199
114000294,157,184,-27
114000395,1031,27,1004
114000396,535,408,127
114000402,446,187,259
114000403,248,176,72
114000405,121,293,-172
114000423,262,234,28
114000424,279,145,134
114000425,691,231,460
114000426,204,601,-397
114000427,78,44,34
114000428,156,189,-33
114000429,15,98,-83
114000432,81,66,15
114000434,38,81,-43
114000435,0,142,-142
114900001,500,539,-39
114900002,422,45,377
114900003,627,789,-162
114900004,179,307,-128
114900005,597,503,94
114900006,54,44,10
114900007,225,35,190
114900008,140,90,50
114900010,1198,1485,-287
114900011,115,89,26
114900013,201,145,56
114900018,653,19,634
114900020,172,54,118
114900022,1,395,-394
114900025,364,166,198
114900026,86,103,-17
114900029,125,24,101
114900030,214,161,53
114900031,292,36,256
114900032,260,21,239
114900034,44,128,-84
114900035,95,228,-133
114900036,176,353,-177
114900039,329,291,38
114900040,51,68,-17
114900041,618,256,362
114900042,704,364,340
114900044,122,20,102
114900047,197,1557,-1360
114900048,84,189,-105
114900049,26,152,-126
114900050,38,247,-209
114900051,13,245,-232
114900052,31,181,-150
114900053,128,236,-108
114900054,22,83,-61
114900057,156,8,148
114900058,0,46,-46
114900059,58,50,8
114900063,57,115,-58
114900064,1363,270,1093
114900065,361,437,-76
114900067,36,335,-299
114900068,55,139,-84
114900069,94,78,16
114900070,479,256,223
114900072,2,166,-164
114900073,0,109,-109
114900074,599,415,184
114900075,179,8,171
114900076,2,169,-167
114900080,1175,228,947
114900082,2501,1907,594
114900083,887,716,171
114900090,297,154,143
114900091,75,105,-30
114900097,128,2,126
114900098,8,126,-118
114900099,134,3,131
115000001,4212,2514,1698
115000002,2901,3258,-357
115000003,3771,1974,1797
115000004,3179,4722,-1543
115000005,1225,1499,-274
115000006,754,1296,-542
115000007,190,160,30
115000008,364,426,-62
115000009,166,182,-16
115000010,304,143,161
115000013,44,162,-118
115000015,49,278,-229
115000016,38,144,-106
115000019,38,327,-289
115000020,119,549,-430
115000021,206,328,-122
115000022,412,308,104
115000023,370,462,-92
115000024,723,378,345
115000025,645,536,109
115000026,101,309,-208
115000027,261,185,76
115000028,147,621,-474
115000029,560,82,478
115000030,496,870,-374
115000031,1046,189,857
115000032,6,209,-203
115000033,147,46,101
115000034,54,722,-668
115000035,782,50,732
115000036,1,250,-249
115000037,465,19,446
115000038,49,168,-119
115000039,2596,2636,-40
115000040,3820,2101,1719
115000041,1003,2897,-1894
115000042,624,493,131
115000043,3417,2071,1346
115000044,2890,2746,144
115000045,2168,1147,1021
115000046,2072,2017,55
115000047,2095,1134,961
115000048,1526,1439,87
115000049,1255,2173,-918
115000050,2567,1314,1253
115000051,1494,2374,-880
115000052,1623,1396,227
115000053,1450,1315,135
115000054,511,827,-316
115000055,144,765,-621
115000056,195,440,-245
115000057,606,1362,-756
115000058,398,333,65
115000059,168,145,23
115000061,119,169,-50
115000062,177,204,-27
115000063,304,209,95
115000064,174,71,103
115000065,53,351,-298
115000067,149,14,135
115000069,78,248,-170
115000070,34,581,-547
115000071,85,13,72
115000072,7,75,-68
115000073,1028,50,978
115000075,75,40,35
115000076,2330,1800,530
115000077,1615,1469,146
115000078,1130,878,252
115000079,1133,1135,-2
115000080,1871,1386,485
115000081,357,494,-137
115000082,3073,2725,348
115000083,1480,1170,310
115000084,1802,840,962
115000085,553,629,-76
115000086,1015,512,503
115000087,342,1031,-689
115000088,1393,551,842
115000089,1122,880,242
115000090,391,690,-299
115000091,149,546,-397
115000092,566,298,268
115000093,470,3,467
115000094,4562,3906,656
115000095,2967,4250,-1283
115000096,722,904,-182
115000097,834,647,187
115000098,883,515,368
115000099,1860,1689,171
115000100,848,264,584
115000101,312,942,-630
115000102,404,205,199
115000103,282,471,-189
115000105,80,90,-10
115000106,500,254,246
115000107,179,220,-41
115000108,2029,1611,418
115000109,2750,3336,-586
115000110,976,1183,-207
115000111,411,1047,-636
115000112,460,577,-117
115000113,359,582,-223
115000114,1359,483,876
115000116,2886,1700,1186
115000117,2458,2229,229
115000118,1589,1285,304
115000119,1289,1622,-333
115000120,448,1065,-617
115000121,823,540,283
115000122,1732,1125,607
115000123,828,1385,-557
115000124,547,677,-130
115000125,303,555,-252
115000126,114,259,-145
115000127,310,87,223
115000128,350,617,-267
115000129,220,294,-74
115000130,325,502,-177
115000131,717,228,489
115000132,199,312,-113
115000133,490,215,275
115000134,296,186,110
115000135,230,127,103
115000136,197,210,-13
115000137,177,130,47
115000138,301,211,90
115000139,211,176,35
115000140,319,153,166
115000141,191,165,26
115000142,195,194,1
115000143,770,477,293
115000144,567,50,517
115000145,262,199,63
115000146,352,235,117
115000147,266,303,-37
115000148,215,628,-413
115000149,479,202,277
115000150,562,424,138
115000151,847,413,434
115000152,427,618,-191
115000153,825,408,417
115000154,744,232,512
115000155,445,587,-142
115000156,688,523,165
115000157,516,590,-74
115000158,433,318,115
115000159,508,429,79
115000160,371,322,49
115000161,109,344,-235
115000162,547,602,-55
115000163,414,566,-152
115000164,580,461,119
115000165,322,371,-49
115000167,132,83,49
115000168,441,244,197
115000169,410,251,159
115000170,105,133,-28
115000171,291,207,84
115000172,739,499,240
115000173,233,394,-161
115000174,83,258,-175
115000175,97,66,31
115000176,88,70,18
115000177,36,87,-51
115000178,9,143,-134
115000179,25,10,15
115000180,87,343,-256
115000181,541,118,423
115000182,658,177,481
115000183,301,491,-190
115000186,537,186,351
115000187,160,488,-328
115000188,362,339,23
115000189,125,343,-218
115000190,479,246,233
115000191,104,332,-228
115000194,76,105,-29
115000195,179,302,-123
115000196,159,56,103
115000197,154,170,-16
115000198,270,107,163
115000199,257,120,137
115000200,313,89,224
115000201,130,195,-65
115000206,265,23,242
115000207,113,189,-76
115000208,194,424,-230
115000209,474,175,299
115000210,101,117,-16
115000211,166,193,-27
115000212,1050,258,792
115000224,380,36,344
115000225,43,83,-40
115000229,143,114,29
115000230,92,199,-107
115000231,198,930,-732
115000232,1499,203,1296
115000233,92,111,-19
115000234,31,211,-180
115000241,62,140,-78
115000242,112,221,-109
115000243,42,160,-118
115000244,9,88,-79
115000246,46,28,18
115000247,45,17,28
115000248,47,10,37
115000249,39,12,27
115000250,275,16,259
115000251,224,73,151
115000252,68,180,-112
115000253,13,330,-317
115000258,298,98,200
115000259,284,90,194
115000261,15,20,-5
115000262,5,19,-14
115000263,19,32,-13
115000264,26,38,-12
115000267,56,46,10
115000268,38,94,-56
115000269,140,54,86
115000270,8,11,-3
115000272,89,143,-54
115000273,330,15,315
115000280,1800,273,1527
115000281,626,957,-331
115000282,372,498,-126
115000284,202,136,66
115000296,852,6,846
115000297,62,292,-230
115000298,26,500,-474
115000300,180,186,-6
115000302,469,111,358
115000303,516,103,413
115000304,487,49,438
115000305,87,363,-276
115000306,151,245,-94
115000307,57,148,-91
115000308,16,11,5
115000310,741,508,233
115000311,855,773,82
115000313,122,298,-176
115000314,315,104,211
115000315,642,480,162
115000316,54,102,-48
115000317,98,367,-269
115000318,577,210,367
115000319,43,286,-243
115000320,11,223,-212
115000321,188,5,183
115000322,39,157,-118
115000449,140,120,20
115000557,28,885,-857
115000558,398,117,281
115000587,379,229,150
115000588,1741,1979,-238
115000589,2646,1752,894
115000590,937,1202,-265
115000591,991,633,358
115000592,451,1285,-834
115000593,1106,434,672
115000594,617,2007,-1390
115000609,153,145,8
115000617,946,2221,-1275
115000624,219,58,161
115000633,351,1322,-971
115000634,2235,608,1627
115000635,477,134,343
115000638,497,429,68
115000641,47,103,-56
115000642,213,156,57
115000643,66,322,-256
115000644,102,292,-190
115000646,606,1237,-631
115000647,119,409,-290
115000648,1597,1100,497
115000893,2065,1112,953
115000894,102,750,-648
115000895,354,836,-482
115000896,1024,413,611
115000897,371,98,273
115000898,402,143,259
115000899,279,821,-542
115000900,65,347,-282
115000901,33,73,-40
115000912,366,61,305
115000913,1,6,-5
115000915,14,0,14
115000916,5,2,3
115000917,0,6,-6
115000918,47,245,-198
115000919,5,7,-2
115000920,17,40,-23
115000921,401,62,339
115000922,742,698,44
115000923,253,1068,-815
115000925,91,53,38
115000927,31,48,-17
115000933,181,264,-83
115000934,94,150,-56
115000935,98,59,39
115000936,17,445,-428
115000937,727,126,601
115000938,164,200,-36
115000939,190,186,4
115000940,9,9,0
115000941,2,19,-17
115000942,17,92,-75
115000943,18,22,-4
115000944,4,3,1
115900001,104,19,85
115900002,49,41,8
115900003,176,57,119
115900004,0,26,-26
115900005,175,8,167
115900006,107,152,-45
115900008,51,6,45
115900009,59,127,-68
115900010,231,88,143
115900011,313,163,150
115900012,119,38,81
115900013,201,70,131
115900014,106,86,20
115900015,113,37,76
115900016,72,15,57
115900017,13,6,7
115900018,108,33,75
115900019,108,7,101
115900020,38,1,37
115900021,673,135,538
115900022,764,3,761
115900023,74,2,72
115900025,15,100,-85
115900026,509,151,358
115900027,0,185,-185
115900028,383,40,343
115900029,20,186,-166
115900030,12,16,-4
115900031,210,194,16
115900032,317,454,-137
115900033,0,21,-21
115900034,14,196,-182
115900035,24,17,7
115900036,43,641,-598
115900037,28,203,-175
115900038,23,13,10
115900039,155,123,32
115900041,284,482,-198
115900042,26,2,24
115900043,84,37,47
115900044,166,177,-11
115900046,204,146,58
115900047,123,101,22
115900049,131,135,-4
115900051,3,38,-35
115900052,16,142,-126
115900053,184,105,79
115900054,225,40,185
115900055,11,84,-73
115900056,132,138,-6
115900057,8,4,4
115900058,27,38,-11
115900060,30,43,-13
115900061,184,0,184
115900062,10,215,-205
115900063,63,9,54
115900064,114,144,-30
115900065,100,48,52
115900066,93,85,8
115900067,7,367,-360
115900068,1871,727,1144
115900069,29,111,-82
115900070,142,79,63
115900071,1,264,-263
115900072,32,72,-40
115900073,61,62,-1
115900074,8,202,-194
115900075,17,133,-116
115900076,1,28,-27
115900077,5,155,-150
115900078,39,74,-35
115900079,197,9,188
115900080,294,115,179
115900081,17,75,-58
115900082,94,126,-32
115900084,345,17,328
115900085,37,78,-41
115900086,989,331,658
115900088,6,49,-43
115900089,268,432,-164
115900090,403,7,396
115900091,4,16,-12
115900092,20,89,-69
115900093,14,8,6
115900094,2,270,-268
115900096,3,10,-7
115900097,3,254,-251
115900098,160,175,-15
115900099,66,48,18
115900100,11,258,-247
115900101,103,150,-47
115900102,48,55,-7
115900103,194,90,104
115900104,46,48,-2
115900105,191,342,-151
115900106,69,21,48
115900107,51,77,-26
115900108,86,27,59
115900109,39,247,-208
115900110,7,17,-10
115900111,4,53,-49
115900112,24,426,-402
115900113,38,28,10
115900114,1,69,-68
115900115,41,119,-78
115900116,69,479,-410
115900117,54,12,42
115900118,2,147,-145
115900119,80,84,-4
115900120,20,158,-138
115900121,110,146,-36
115900124,232,458,-226
115900125,248,36,212
115900126,490,55,435
115900127,470,46,424
115900128,6,81,-75
115900129,436,43,393
115900130,22,203,-181
115900131,204,13,191
115900132,507,12,495
115900134,222,15,207
115900135,328,753,-425
115900137,32,9,23
115900139,24,36,-12
115900140,198,24,174
115900141,2,20,-18
115900142,6,20,-14
115900143,142,185,-43
115900144,78,127,-49
115900146,6,72,-66
115900147,133,134,-1
115900148,94,9,85
115900149,48,16,32
115900150,57,23,34
115900151,8,87,-79
115900152,66,161,-95
115900153,82,109,-27
115900154,254,265,-11
115900155,0,26,-26
115900156,501,595,-94
115900157,146,292,-146
115900158,14,14,0
115900159,95,174,-79
115900160,8,7,1
115900161,25,78,-53
115900163,109,66,43
115900164,430,2,428
115900166,125,79,46
115900168,53,84,-31
115900171,73,251,-178
115900172,42,122,-80
115900173,146,79,67
115900174,156,179,-23
115900175,82,136,-54
115900178,8,320,-312
115900179,191,22,169
115900180,40,70,-30
115900181,149,97,52
115900182,303,107,196
115900183,17,53,-36
115900184,736,3,733
115900187,18,110,-92
115900189,0,132,-132
115900190,190,825,-635
115900191,28,227,-199
115900192,4,105,-101
115900193,163,62,101
115900194,547,46,501
115900195,451,1529,-1078
115900198,138,206,-68
115900199,141,141,0
115900200,208,205,3
115900201,356,298,58
115900202,2,58,-56
115900203,12,17,-5
115900204,0,1,-1
115900205,81,22,59
115900206,150,84,66
115900207,41,16,25
115900208,120,77,43
115900209,9,100,-91
115900210,3,103,-100
115900211,0,146,-146
115900212,110,121,-11
115900213,82,65,17
115900214,456,87,369
115900215,15,72,-57
115900216,2,59,-57
115900217,0,21,-21
115900218,1,24,-23
115900219,62,6,56
115900220,154,5,149
115900221,62,11,51
115900222,43,23,20
115900223,3,304,-301
115900224,469,761,-292
115900225,52,22,30
115900226,16,28,-12
115900227,16,13,3
115900228,5,29,-24
115900229,4,35,-31
115900230,26,61,-35
115900231,89,3,86
115900232,51,3,48
115900233,68,17,51
115900234,31,30,1
115900235,11,16,-5
115900236,38,35,3
115900237,16,21,-5
115900238,9,10,-1
115900239,13,16,-3
115900240,6,33,-27
115900241,133,42,91
115900242,176,208,-32
115900243,5,4,1
115900244,1,5,-4
115900245,47,1,46
115900246,12,11,1
115900247,20,3,17
115900248,10,3,7
115900249,6,9,-3
115900250,2,9,-7
115900251,2,9,-7
115900252,4,0,4
115900253,16,14,2
115900254,7,14,-7
115900255,0,24,-24
115900256,19,68,-49
115900257,3,5,-2
115900258,0,2,-2
115900259,1,2,-1
115900260,10,0,10
115900261,1,0,1
115900262,4,0,4
115900263,9,2,7
115900264,8,2,6
115900265,1,3,-2
115900266,2,6,-4
115900267,13,16,-3
115900268,1,7,-6
115900269,404,222,182
115900270,263,205,58
115900271,98,0,98
115900272,20,6,14
115900273,7,16,-9
115900274,3,2,1
115900275,2,9,-7
115900276,0,15,-15
115900277,1,36,-35
115900278,38,61,-23
115900279,28,100,-72
115900280,18,347,-329
115900281,252,227,25
115900282,13,5,8
115900283,9,14,-5
115900284,11,4,7
116000001,6589,2823,3766
116000002,3297,7526,-4229
116000003,1068,1124,-56
116000004,2005,2689,-684
116000005,1542,2050,-508
116000006,1899,1719,180
116000007,1582,2207,-625
116000008,2647,1747,900
116000009,947,1409,-462
116000010,1854,1204,650
116000011,689,1311,-622
116000012,1229,894,335
116000013,5348,2728,2620
116000014,6903,8506,-1603
116000015,162,955,-793
116000016,3800,2499,1301
116000017,12,572,-560
116000018,530,183,347
116000019,542,197,345
116000020,454,425,29
116000021,298,233,65
116000022,268,246,22
116000023,766,460,306
116000024,472,601,-129
116000025,577,572,5
116000026,1217,1939,-722
116000027,351,469,-118
116000028,385,634,-249
116000029,423,500,-77
116000030,620,332,288
116000031,137,245,-108
116000032,338,131,207
116000033,292,353,-61
116000034,523,566,-43
116000035,375,453,-78
116000036,1241,1017,224
116000037,472,425,47
116000038,334,526,-192
116000039,408,360,48
116000040,479,322,157
116000041,118,379,-261
116000042,556,258,298
116000043,52,513,-461
116000044,13,55,-42
116000045,1327,896,431
116000046,836,1210,-374
116000047,1197,1503,-306
116000048,1545,1399,146
116000049,1053,2730,-1677
116000050,1073,913,160
116000051,4590,2789,1801
116000052,3889,4238,-349
116000053,1368,646,722
116000054,569,2254,-1685
116000055,649,626,23
116000056,722,736,-14
116000057,2121,1212,909
116000058,2236,2197,39
116000059,2468,3295,-827
116000060,1440,871,569
116000061,485,771,-286
116000062,560,289,271
116000063,486,909,-423
116000066,230,437,-207
116000067,163,414,-251
116000068,160,229,-69
116000069,206,227,-21
116000078,484,808,-324
116000080,1427,652,775
116000082,11,31,-20
116000083,1406,322,1084
116000084,1461,2532,-1071
116000085,1808,1496,312
116000086,1477,944,533
116000087,1846,1238,608
116000088,586,691,-105
116000089,106,70,36
116000090,64,124,-60
116000091,244,220,24
116000093,468,234,234
116000094,393,413,-20
116000095,622,407,215
116000096,575,971,-396
116000097,644,480,164
116000098,100,4199,-4099
116000099,3934,190,3744
116000100,212,14,198
116000101,712,548,164
116000102,208,784,-576
116000103,471,227,244
116000104,162,842,-680
116000105,847,117,730
116000106,436,937,-501
116000107,1969,242,1727
116000108,71,154,-83
116000111,122,21,101
116000113,79,99,-20
116000114,28,93,-65
116000115,250,76,174
116000116,224,276,-52
116000117,1169,1293,-124
116000118,1034,764,270
116000119,2683,1564,1119
116000120,2345,2314,31
116000121,682,456,226
116000122,901,960,-59
116000123,866,338,528
116000124,357,528,-171
116000125,2264,627,1637
116000126,229,923,-694
116000127,849,864,-15
116000128,1554,718,836
116000129,1110,195,915
116000130,533,418,115
116000133,776,573,203
116000134,1343,1356,-13
116000135,2047,1104,943
116000136,791,1340,-549
116000137,850,556,294
116000138,670,528,142
116000139,1294,1910,-616
116000140,141,191,-50
116000141,224,431,-207
116000142,2457,1825,632
116000143,1546,1323,223
116000144,1209,1527,-318
116000145,1318,791,527
116000146,446,111,335
116000147,150,99,51
116000148,475,469,6
116000149,539,437,102
116000151,456,397,59
116000153,86,211,-125
116000155,158,159,-1
116000156,343,583,-240
116000157,75,13,62
116000158,290,215,75
116000159,30,12,18
116000160,9,40,-31
116000161,6,60,-54
116000162,66,81,-15
116000163,17,3,14
116000164,5,20,-15
116000177,122,98,24
116000194,77,273,-196
116000195,1210,462,748
116000196,13,2,11
116000197,9,13,-4
116000198,1950,790,1160
116000200,544,419,125
116000201,442,433,9
116000202,8,167,-159
116000203,0,83,-83
116000204,13,58,-45
116000205,1,106,-105
116000206,4,120,-116
116000207,6,59,-53
116000233,141,232,-91
116000287,138,298,-160
116000288,202,162,40
116000292,45,75,-30
116000296,22,169,-147
116000297,122,37,85
116000304,110,16,94
116000305,37,41,-4
116000346,110,38,72
116000352,47,17,30
116000354,31,1,30
116000357,7,23,-16
116000358,279,55,224
116000361,355,3,352
116000372,3166,3040,126
116000381,115,0,115
116000388,2,29,-27
116000389,507,366,141
116000445,333,410,-77
116000446,559,446,113
116000447,21,445,-424
116000448,502,159,343
116000563,809,685,124
116000565,40,283,-243
116000568,45,107,-62
116000579,20,98,-78
116000583,101,37,64
116000584,25,11,14
116000585,42,24,18
116000586,52,80,-28
116000587,403,485,-82
116000589,52,60,-8
116000590,59,74,-15
116000591,253,182,71
116000592,8,54,-46
116000593,0,27,-27
116000594,531,317,214
116000595,470,103,367
116000596,94,5,89
116000597,316,97,219
116000598,38,140,-102
116000605,200,104,96
116000606,53,213,-160
116000607,0,35,-35
116000609,131,663,-532
116000611,121,328,-207
116000612,702,1269,-567
116000613,483,295,188
116000614,398,386,12
116000615,4,273,-269
116000616,40,44,-4
116000617,77,27,50
116000618,0,40,-40
116000619,38,56,-18
116000620,128,395,-267
116000621,47,57,-10
116000622,46,110,-64
116000624,173,70,103
116000627,63,45,18
116000628,43,205,-162
116000629,25,178,-153
116000630,236,16,220
116000631,116,32,84
116000632,661,48,613
116000633,147,170,-23
116000634,289,93,196
116000635,2256,1819,437
116000636,689,1143,-454
116000637,288,53,235
116000638,87,211,-124
116000639,81,0,81
116000640,18,23,-5
116000641,28,113,-85
116000643,0,93,-93
116000644,18,315,-297
116000645,24,4,20
116900001,193,127,66
116900002,182,4,178
116900003,27,45,-18
116900004,22,29,-7
116900005,179,44,135
116900006,109,123,-14
116900007,87,146,-59
116900008,334,171,163
116900009,16,4,12
116900010,413,898,-485
116900011,29,24,5
116900012,132,113,19
116900013,1,83,-82
116900014,121,155,-34
116900015,321,30,291
116900016,172,3,169
116900017,10,325,-315
116900018,72,43,29
116900019,6,164,-158
116900020,549,665,-116
116900023,59,12,47
116900024,465,21,444
116900025,783,508,275
116900026,69,350,-281
116900027,23,40,-17
116900028,3,70,-67
116900029,0,31,-31
116900031,1,4,-3
116900032,4,210,-206
116900033,13,6,7
116900034,15,28,-13
116900035,98,144,-46
116900036,2,92,-90
116900038,16,2,14
116900041,15,13,2
116900042,392,156,236
116900043,19,29,-10
116900047,19,84,-65
116900049,16,182,-166
116900050,79,273,-194
116900051,106,85,21
116900052,102,41,61
116900055,0,4,-4
116900057,20,158,-138
116900058,21,202,-181
116900059,0,96,-96
116900060,159,121,38
116900062,0,15,-15
116900064,72,412,-340
116900065,10,53,-43
116900067,55,56,-1
116900068,75,96,-21
116900070,2,1,1
116900072,13,194,-181
116900073,14,71,-57
116900074,3,23,-20
116900076,13,67,-54
116900077,9,99,-90
116900078,158,70,88
116900079,35,133,-98
116900080,1,15,-14
116900081,244,734,-490
116900082,186,781,-595
116900083,43,19,24
116900084,83,48,35
116900085,32,138,-106
116900086,31,120,-89
116900088,188,59,129
116900090,88,41,47
116900091,237,36,201
116900092,53,393,-340
116900093,1061,1050,11
116900094,2558,2369,189
116900095,157,88,69
116900096,37,185,-148
116900097,1673,2105,-432
116900098,624,300,324
116900099,478,372,106
116900100,695,27,668
116900101,234,307,-73
116900103,2,1,1
116900104,48,55,-7
116900105,191,98,93
116900106,983,4,979
116900107,1900,1659,241
116900110,7,1,6
116900111,539,326,213
116900112,221,562,-341
116900113,963,1003,-40
116900116,64,428,-364
116900117,111,83,28
116900118,554,607,-53
116900120,291,47,244
116900121,147,9,138
116900122,603,488,115
116900123,171,446,-275
116900124,136,607,-471
116900125,293,131,162
116900126,55,336,-281
116900128,0,19,-19
116900129,0,207,-207
116900130,313,2394,-2081
116900131,59,211,-152
116900132,35,58,-23
116900133,113,105,8
116900134,145,163,-18
116900136,131,115,16
116900137,163,84,79
116900138,113,111,2
116900139,96,254,-158
116900140,122,106,16
116900141,542,298,244
116900142,2,54,-52
116900143,231,192,39
116900144,19,64,-45
116900145,43,105,-62
116900147,262,306,-44
116900148,5,22,-17
116900149,44,165,-121
116900150,6,10,-4
116900151,38,20,18
116900153,91,54,37
116900154,275,339,-64
116900155,35,37,-2
116900157,408,206,202
116900158,111,217,-106
116900159,55,164,-109
116900160,515,655,-140
116900161,3566,4325,-759
116900162,8,72,-64
116900163,133,87,46
116900164,70,49,21
116900165,253,287,-34
116900166,26,46,-20
116900167,312,38,274
116900168,238,45,193
116900169,309,465,-156
116900170,215,472,-257
116900171,48,84,-36
116900172,130,265,-135
116900173,157,28,129
116900174,33,50,-17
116900175,100,134,-34
116900178,19,81,-62
116900179,65,263,-198
116900180,65,16,49
116900182,289,136,153
116900183,154,66,88
116900185,28,52,-24
116900186,55,140,-85
116900187,51,30,21
116900188,123,23,100
116900189,19,0,19
116900191,315,430,-115
116900192,185,78,107
116900194,88,1016,-928
116900195,46,13,33
116900196,5,75,-70
116900197,106,12,94
116900198,79,148,-69
116900200,60,22,38
116900201,46,0,46
116900202,55,47,8
116900203,93,3,90
116900204,40,72,-32
116900206,20,9,11
116900207,21,23,-2
116900208,35,78,-43
116900209,44,72,-28
116900210,311,164,147
116900211,120,3,117
116900212,66,41,25
116900213,170,77,93
116900214,134,79,55
116900215,40,37,3
116900216,241,128,113
116900218,4,143,-139
116900219,812,200,612
116900220,79,131,-52
116900221,86,186,-100
116900222,231,218,13
116900223,71,188,-117
116900226,68,42,26
116900227,115,74,41
116900228,262,83,179
116900230,51,173,-122
116900231,21,251,-230
116900232,17,242,-225
116900233,207,60,147
116900234,13,3,10
116900235,360,239,121
116900238,1115,215,900
116900239,10,775,-765
116900240,2926,2325,601
116900241,56,82,-26
116900242,605,460,145
116900243,0,15,-15
116900245,20,9,11
116900246,76,15,61
116900247,733,14,719
116900248,69,31,38
116900249,259,53,206
116900250,316,35,281
116900251,277,419,-142
116900252,119,430,-311
116900254,38,68,-30
116900255,92,40,52
116900256,387,92,295
116900257,22,304,-282
116900258,2,147,-145
116900259,242,10,232
116900260,1,60,-59
116900261,64,0,64
116900262,117,119,-2
116900263,0,19,-19
116900264,74,41,33
116900265,30,0,30
116900266,24,17,7
116900267,1,0,1
116900268,47,41,6
116900269,208,472,-264
116900271,784,170,614
116900272,313,167,146
116900273,117,89,28
116900274,85,46,39
116900275,135,59,76
116900276,278,146,132
116900277,277,18,259
116900278,3,8,-5
116900279,1,17,-16
116900280,14,16,-2
116900281,3256,2926,330
116900282,1,62,-61
116900283,19,65,-46
116900284,2,127,-125
116900285,142,156,-14
116900286,123,12,111
116900287,5,29,-24
116900288,68,93,-25
116900289,22,14,8
116900290,8,10,-2
116900291,14,2,12
116900292,0,16,-16
116900293,46,19,27
116900294,17,78,-61
116900295,88,60,28
116900296,31,71,-40
116900297,6,77,-71
116900298,73,63,10
116900299,18,66,-48
116900300,0,51,-51
116900301,19,102,-83
116900302,27,32,-5
116900303,152,62,90
116900304,0,85,-85
116900305,32,30,2
116900306,106,77,29
116900307,56,0,56
116900308,1,62,-61
116900309,70,58,12
116900310,27,36,-9
117000001,1682,1163,519
117000002,1362,2694,-1332
117000003,4945,2273,2672
117000004,2619,3512,-893
117000005,1758,1540,218
117000006,909,2382,-1473
117000007,3114,940,2174
117000008,840,2458,-1618
117000009,3708,1529,2179
117000010,1909,2635,-726
117000011,1701,1161,540
117000012,1017,890,127
117000013,1528,684,844
117000014,916,1577,-661
117000015,1832,926,906
117000016,187,149,38
117000017,176,124,52
117000018,122,409,-287
117000019,73,20,53
117000020,367,912,-545
117000021,1149,441,708
117000022,234,110,124
117000023,210,199,11
117000024,178,208,-30
117000025,338,924,-586
117000026,1537,1178,359
117000027,1229,3243,-2014
117000028,2145,1348,797
117000030,435,375,60
117000031,318,228,90
117000032,1067,990,77
117000033,855,535,320
117000034,290,242,48
117000035,332,243,89
117000036,379,255,124
117000037,229,155,74
117000038,150,417,-267
117000039,375,166,209
117000040,199,623,-424
117000041,883,98,785
117000044,10,605,-595
117000045,473,68,405
117000046,367,642,-275
117000047,947,538,409
117000048,1306,662,644
117000049,53,398,-345
117000050,115,1178,-1063
117000051,1828,110,1718
117000052,55,195,-140
117000053,458,48,410
117000054,1470,5,1465
117000055,68,2018,-1950
117000056,587,15,572
117000057,432,1526,-1094
117000060,419,761,-342
117000061,1283,684,599
117000062,182,432,-250
117000063,1359,900,459
117000064,498,522,-24
117000066,623,617,6
117000067,96,462,-366
117000074,100,183,-83
117000076,47,35,12
117000077,90,121,-31
117000078,157,554,-397
117000079,286,198,88
117000080,0,256,-256
117000081,860,90,770
117000082,21,56,-35
117000083,595,263,332
117000084,112,0,112
117000085,196,631,-435
117000086,493,374,119
117000087,201,338,-137
117000088,257,140,117
117000089,1305,214,1091
117000090,283,776,-493
117000091,735,213,522
117000092,275,911,-636
117000093,1145,635,510
117000094,914,1821,-907
117000095,3090,685,2405
117000096,518,1514,-996
117000097,1320,949,371
117000098,1783,2640,-857
117000099,2882,1009,1873
117000100,175,253,-78
117000101,140,628,-488
117000102,1411,511,900
117000103,587,1008,-421
117000104,1091,528,563
117000105,729,1059,-330
117000106,1067,664,403
117000107,420,1094,-674
117000108,1421,770,651
117000109,1004,1440,-436
117000110,1266,741,525
117000111,2562,2958,-396
117000112,2372,1169,1203
117000113,93,133,-40
117000114,196,77,119
117000115,88,52,36
117000116,96,156,-60
117000117,987,818,169
117000118,224,126,98
117000119,213,172,41
117000120,152,422,-270
117000121,103,822,-719
117000122,243,588,-345
117000123,1055,31,1024
117000124,398,72,326
117000125,190,146,44
117000126,29,11,18
117000127,116,169,-53
117000128,298,513,-215
117000129,307,633,-326
117000130,118,10,108
117000131,0,73,-73
117000132,2156,24,2132
117000133,1369,32,1337
117000134,0,49,-49
117000135,2,56,-54
117000136,0,45,-45
117000137,116,108,8
117000138,3,357,-354
117000140,388,937,-549
117000141,1494,539,955
117000181,334,161,173
117000182,338,368,-30
117000195,121,588,-467
117000196,208,102,106
117000225,121,24,97
117000226,9,100,-91
117000276,250,16,234
117000277,0,238,-238
117000310,1021,1593,-572
117000315,61,478,-417
117000320,73,0,73
117000906,286,16,270
117000907,15,209,-194
117000909,61,54,7
117000910,154,126,28
117000911,74,148,-74
117000915,6,340,-334
117000916,33,4,29
117000917,1016,25,991
117000918,102,50,52
117000919,4,62,-58
117000920,3,772,-769
117000921,2,667,-665
117000922,11,58,-47
117000924,318,565,-247
117000926,527,109,418
117000927,928,684,244
117000928,0,100,-100
117000929,208,242,-34
117000930,215,14,201
117000931,196,129,67
117900002,84,290,-206
117900003,391,296,95
117900005,3,53,-50
117900006,0,29,-29
117900007,102,62,40
117900008,0,21,-21
117900010,175,82,93
117900011,12,160,-148
117900012,48,53,-5
117900013,1,149,-148
117900014,502,99,403
117900015,14,75,-61
117900016,721,622,99
117900017,527,292,235
117900018,109,140,-31
117900019,305,187,118
117900020,38,412,-374
117900021,33,45,-12
117900023,665,64,601
117900024,50,30,20
117900025,25,12,13
117900026,260,184,76
117900028,48,4,44
117900029,176,404,-228
117900031,114,105,9
117900032,833,469,364
117900033,209,332,-123
117900034,70,29,41
117900035,224,146,78
117900036,260,229,31
117900037,112,83,29
117900038,35,159,-124
117900039,1,47,-46
117900040,117,237,-120
117900041,2,28,-26
117900042,2285,244,2041
117900043,22,33,-11
117900044,13,2623,-2610
117900045,134,89,45
117900048,349,217,132
117900049,153,324,-171
117900050,19,45,-26
117900051,15,8,7
117900052,37,245,-208
117900053,1455,487,968
117900054,0,49,-49
117900055,177,198,-21
117900056,118,47,71
117900057,854,941,-87
117900058,30,29,1
117900059,224,74,150
117900060,1820,3344,-1524
117900061,6,162,-156
117900063,269,120,149
117900065,447,859,-412
117900066,4,66,-62
117900067,419,142,277
117900069,546,219,327
117900070,99,13,86
117900071,57,84,-27
117900073,366,187,179
117900074,73,33,40
117900075,65,61,4
117900076,22,59,-37
117900077,324,139,185
117900078,231,641,-410
117900080,88,21,67
117900081,391,278,113
117900082,358,293,65
117900083,229,245,-16
117900086,159,26,133
117900087,117,56,61
117900088,2574,1396,1178
117900089,1762,601,1161
117900090,378,290,88
117900091,91,130,-39
117900092,64,23,41
117900093,72,48,24
117900094,31,17,14
117900095,320,419,-99
117900096,60,166,-106
117900097,252,85,167
117900098,14,18,-4
117900099,164,158,6
117900100,156,1,155
117900101,353,1368,-1015
117900102,52,42,10
117900103,47,3,44
117900104,14,120,-106
117900105,105,154,-49
117900106,77,40,37
117900107,25,0,25
117900109,439,268,171
117900110,71,2,69
117900111,292,17,275
117900112,84,19,65
117900113,1699,1098,601
117900114,27,0,27
117900115,161,49,112
117900116,667,539,128
117900117,440,198,242
117900118,82,3,79
117900119,188,96,92
117900120,139,50,89
117900121,123,96,27
117900122,939,2766,-1827
117900123,502,290,212
117900124,513,511,2
117900125,1260,1641,-381
117900126,171,364,-193
117900127,385,256,129
117900128,313,408,-95
117900129,45,0,45
117900130,810,254,556
117900131,1,102,-101
117900132,9,78,-69
117900133,11,80,-69
117900134,44,215,-171
117900135,11,124,-113
117900136,0,12,-12
117900137,26,139,-113
117900138,0,18,-18
117900139,121,82,39
117900140,2419,32,2387
117900141,147,152,-5
117900142,125,31,94
117900144,40,119,-79
117900145,15,49,-34
117900146,149,104,45
117900147,70,31,39
117900148,1575,1363,212
117900149,105,155,-50
117900150,24,26,-2
117900151,28,59,-31
117900152,67,53,14
117900153,18,50,-32
117900154,345,384,-39
117900156,742,513,229
117900157,47,451,-404
117900158,210,117,93
117900160,535,578,-43
117900161,1888,1504,384
117900162,299,325,-26
117900163,49,129,-80
117900165,0,19,-19
117900166,87,469,-382
117900168,137,106,31
117900169,0,85,-85
117900170,5,22,-17
117900171,2,11,-9
117900172,13,20,-7
117900173,92,57,35
117900174,48,43,5
117900175,6,12,-6
117900176,5,15,-10
117900177,11,28,-17
117900178,65,27,38
117900180,173,18,155
117900181,32,261,-229
117900182,2,42,-40
117900183,30,142,-112
117900184,8,60,-52
117900185,42,34,8
117900186,17,19,-2
117900187,23,2,21
117900188,120,22,98
117900189,61,35,26
117900190,33,2,31
117900191,56,2,54
117900192,105,2,103
117900193,2,44,-42
117900194,11,7,4
117900195,7,37,-30
117900196,19,27,-8
117900207,129,115,14
117900208,19,17,2
117900209,200,130,70
117900210,76,161,-85
117900211,5,129,-124
117900212,95,80,15
117900213,37,18,19
117900214,3,33,-30
117900215,38,35,3
117900216,42,20,22
117900217,64,182,-118
117900218,93,107,-14
117900219,3,73,-70
117900220,51,61,-10
117900222,166,236,-70
117900223,137,283,-146
118000001,453,772,-319
118000002,505,1095,-590
118000003,1737,2340,-603
118000004,1665,1667,-2
118000005,3099,3826,-727
118000006,3236,6654,-3418
118000007,3356,2618,738
118000008,2575,2775,-200
118000009,1226,1737,-511
118000010,3017,3104,-87
118000011,1030,1435,-405
118000012,655,1348,-693
118000013,1829,1625,204
118000014,1554,1601,-47
118000016,179,203,-24
118000017,346,238,108
118000018,298,248,50
118000019,1402,1177,225
118000020,910,2347,-1437
118000021,552,2248,-1696
118000022,1155,636,519
118000023,786,294,492
118000024,882,783,99
118000027,9340,8567,773
118000029,623,546,77
118000032,889,2702,-1813
118000033,1919,4399,-2480
118000034,3425,2215,1210
118000035,1321,2166,-845
118000036,778,954,-176
118000037,544,649,-105
118000038,197,54,143
118000039,72,125,-53
118000040,1213,1025,188
118000041,1709,971,738
118000045,306,141,165
118000046,942,375,567
118000047,599,729,-130
118000048,1487,1538,-51
118000051,929,694,235
118000052,607,347,260
118000053,148,226,-78
118000054,851,497,354
118000055,664,712,-48
118000056,189,254,-65
118000057,140,288,-148
118000058,1554,1301,253
118000059,1026,1037,-11
118000060,790,505,285
118000061,1036,906,130
118000062,357,218,139
118000063,264,575,-311
118000064,529,914,-385
118000065,2367,1098,1269
118000066,559,1030,-471
118000067,590,564,26
118000068,1195,3537,-2342
118000069,2185,757,1428
118000070,3726,1157,2569
118000071,2062,4341,-2279
118000072,910,978,-68
118000073,1011,466,545
118000074,322,422,-100
118000075,504,182,322
118000076,864,2101,-1237
118000077,987,1114,-127
118000078,1408,1841,-433
118000079,168,241,-73
118000080,788,806,-18
118000081,1540,1232,308
118000082,268,921,-653
118000083,1281,1353,-72
118000084,2349,1219,1130
118000086,216,347,-131
118000087,3207,1896,1311
118000088,1314,1297,17
118000089,2469,1787,682
118000090,894,1877,-983
118000091,775,1598,-823
118000092,748,334,414
118000093,86,548,-462
118000096,390,515,-125
118000097,610,540,70
118000098,194,154,40
118000099,511,449,62
118000101,798,228,570
118000102,292,713,-421
118000107,1156,301,855
118000108,498,1515,-1017
118000110,2,17,-15
118000111,0,223,-223
118000112,516,4,512
118000113,4,341,-337
118000114,309,4,305
118000115,14,8,6
118000116,37,0,37
118000117,803,538,265
118000118,664,901,-237
118000119,631,976,-345
118000120,1121,787,334
118000121,169,633,-464
118000122,1098,383,715
118000123,58,276,-218
118000125,1244,667,577
118000126,516,1081,-565
118000127,1270,473,797
118000128,458,798,-340
118000129,675,286,389
118000130,1439,1967,-528
118000131,318,537,-219
118000132,2049,1499,550
118000133,891,389,502
118000135,458,313,145
118000136,107,347,-240
118000137,419,80,339
118000138,304,334,-30
118000139,322,98,224
118000140,1867,3617,-1750
118000141,1721,1336,385
118000142,1406,1096,310
118000143,1502,991,511
118000144,804,514,290
118000145,1149,1172,-23
118000146,997,481,516
118000147,683,1016,-333
118000148,476,874,-398
118000149,803,667,136
118000150,259,369,-110
118000151,337,286,51
118000153,1062,733,329
118000154,1518,1126,392
118000155,1023,940,83
118000156,1508,1746,-238
118000157,508,329,179
118000158,207,340,-133
118000159,17,71,-54
118000160,424,253,171
118000161,406,453,-47
118000162,1161,987,174
118000163,666,530,136
118000164,1416,943,473
118000168,462,296,166
118000169,739,849,-110
118000170,2404,2928,-524
118000171,236,398,-162
118000172,85,201,-116
118000173,748,1183,-435
118000175,199,300,-101
118000176,218,353,-135
118000177,191,427,-236
118000178,27,36,-9
118000179,890,942,-52
118000180,545,545,0
118000181,561,207,354
118000182,211,194,17
118000183,197,202,-5
118000184,650,494,156
118000185,854,891,-37
118000186,535,840,-305
118000187,993,465,528
118000188,367,86,281
118000189,389,313,76
118000190,10,8,2
118000191,31,9,22
118000192,74,99,-25
118000193,40,183,-143
118000194,1026,606,420
118000195,373,836,-463
118000196,168,127,41
118000197,130,162,-32
118000198,314,423,-109
118000199,287,246,41
118000200,52,163,-111
118000201,283,398,-115
118000202,32,38,-6
118000203,530,442,88
118000204,77,293,-216
118000205,426,272,154
118000206,153,142,11
118000207,0,34,-34
118000208,878,1103,-225
118000209,1512,1241,271
118000210,85,28,57
118000211,31,23,8
118000213,462,929,-467
118000214,351,419,-68
118000215,224,153,71
118000216,1343,1089,254
118000217,21,74,-53
118000218,85,50,35
118000219,292,146,146
118000220,4,24,-20
118000221,183,190,-7
118000222,40,8,32
118000223,34,30,4
118000224,77,63,14
118000225,100,465,-365
118000226,687,94,593
118000227,543,305,238
118000228,83,176,-93
118000229,63,57,6
118000230,81,127,-46
118000231,46,203,-157
118000232,625,440,185
118000233,887,614,273
118000234,351,103,248
118000236,179,217,-38
118000237,56,217,-161
118000238,163,98,65
118000239,209,191,18
118000240,230,113,117
118000241,74,109,-35
118000242,182,307,-125
118000243,156,128,28
118000244,42,84,-42
118000246,9,18,-9
118000255,42,171,-129
118000256,73,150,-77
118000259,6,28,-22
118000260,84,53,31
118000261,25,39,-14
118000263,53,87,-34
118000266,102,152,-50
118000267,0,95,-95
118000268,187,4,183
118000270,62,19,43
118000271,273,223,50
118000272,52,23,29
118000273,109,56,53
118000274,53,148,-95
118000276,426,243,183
118000295,9,71,-62
118000298,58,167,-109
118000299,46,73,-27
118000301,1,23,-22
118000302,76,42,34
118000311,420,72,348
118000312,216,88,128
118000313,55,70,-15
118000314,82,38,44
118000315,15,32,-17
118000316,541,333,208
118000325,44,16,28
118000326,10,18,-8
118000331,21,29,-8
118000332,7,15,-8
118000333,21,59,-38
118000335,310,0,310
118000336,0,143,-143
118000407,141,22,119
118000457,1,17,-16
118000465,2110,2831,-721
118000480,26,54,-28
118000489,22,155,-133
118000490,22,152,-130
118000492,249,121,128
118000510,37,10,27
118000514,134,184,-50
118000515,494,446,48
118000517,300,195,105
118000524,212,246,-34
118000525,495,517,-22
118000530,21,86,-65
118000531,316,239,77
118000532,214,186,28
118000533,270,93,177
118000534,382,267,115
118000535,217,103,114
118000536,368,1001,-633
118000537,12,128,-116
118000538,40,54,-14
118000539,32,72,-40
118000540,245,81,164
118000541,131,33,98
118000542,63,126,-63
118000543,101,150,-49
118000546,45,14,31
118000553,0,1,-1
118000560,1402,1497,-95
118000562,23,82,-59
118000563,1104,889,215
118000576,152,62,90
118000577,223,229,-6
118000578,136,41,95
118000579,482,865,-383
118000583,0,0,0
118000595,221,81,140
118000596,0,58,-58
118000597,163,152,11
118000598,6,0,6
118000599,44,41,3
118000600,3,2,1
118000601,1,0,1
118000602,1,4,-3
118000603,0,19,-19
118000605,79,199,-120
118000606,25,34,-9
118900001,361,781,-420
118900002,489,622,-133
118900003,154,6,148
118900004,47,47,0
118900005,34,4,30
118900006,111,9,102
118900007,7,3,4
118900008,1119,37,1082
118900009,49,19,30
118900010,44,1,43
118900011,95,26,69
118900012,346,109,237
118900013,355,98,257
118900015,169,52,117
118900016,1,4,-3
118900017,221,262,-41
118900018,623,15,608
118900019,21,20,1
118900020,135,105,30
118900021,125,250,-125
118900022,104,85,19
118900023,112,68,44
118900024,66,107,-41
118900025,55,16,39
118900026,53,56,-3
118900027,323,142,181
118900028,139,127,12
118900029,258,305,-47
118900030,306,35,271
118900031,120,54,66
118900032,170,137,33
118900033,263,328,-65
118900034,125,19,106
118900035,82,108,-26
118900036,844,464,380
118900037,227,244,-17
118900038,305,112,193
118900039,301,114,187
118900040,164,116,48
118900041,437,128,309
118900042,158,76,82
118900045,209,123,86
118900046,629,373,256
118900047,338,219,119
118900048,75,175,-100
118900049,38,49,-11
118900050,19,32,-13
118900051,88,115,-27
118900052,123,227,-104
118900053,14,66,-52
118900054,111,53,58
118900055,67,56,11
118900056,73,262,-189
118900057,587,372,215
118900058,228,251,-23
118900059,9,73,-64
118900060,76,106,-30
118900062,272,181,91
118900064,314,409,-95
118900065,25,79,-54
118900066,47,70,-23
118900067,2921,2456,465
118900068,2,107,-105
118900069,276,120,156
118900071,7,50,-43
118900072,357,219,138
118900073,142,77,65
118900074,97,95,2
118900075,40,47,-7
118900076,128,77,51
118900077,107,108,-1
118900078,23,3,20
118900079,33,90,-57
118900080,18,67,-49
118900081,50,24,26
118900082,551,90,461
118900083,15,5,10
118900084,7,9,-2
118900085,427,638,-211
118900086,21,69,-48
118900087,22,149,-127
118900088,0,2,-2
118900089,27,12,15
118900090,392,264,128
118900091,120,136,-16
118900092,71,27,44
118900093,111,18,93
118900096,130,109,21
118900097,194,302,-108
118900099,37,90,-53
118900100,60,126,-66
118900101,36,162,-126
118900102,25,52,-27
118900103,20,64,-44
118900104,116,53,63
118900105,106,57,49
118900107,56,36,20
118900108,48,57,-9
118900110,720,493,227
118900111,371,274,97
118900112,59,120,-61
118900113,174,264,-90
118900114,9,44,-35
118900115,65,215,-150
118900116,95,155,-60
118900117,78,120,-42
118900118,184,224,-40
118900119,128,146,-18
118900120,63,249,-186
118900121,17,108,-91
118900122,15,637,-622
118900123,115,192,-77
118900124,47,121,-74
118900126,19,269,-250
118900129,233,169,64
118900130,43,158,-115
118900131,216,150,66
118900132,190,175,15
118900133,5,70,-65
118900135,188,149,39
118900136,162,342,-180
118900137,3,33,-30
118900139,142,210,-68
118900140,341,389,-48
118900141,44,91,-47
118900144,150,238,-88
118900145,36,78,-42
118900146,233,408,-175
118900147,65,114,-49
118900148,46,37,9
118900150,335,551,-216
118900152,367,519,-152
118900157,42,112,-70
118900158,61,40,21
118900159,1,97,-96
118900161,50,5,45
118900163,91,58,33
118900164,3,67,-64
118900165,37,65,-28
118900166,13,3,10
118900167,42,45,-3
118900168,27,138,-111
118900169,73,115,-42
118900170,107,46,61
118900171,9,27,-18
118900174,33,41,-8
118900175,356,348,8
118900176,136,160,-24
118900177,58,26,32
118900178,21,88,-67
118900179,17,16,1
118900181,89,58,31
118900182,33,21,12
118900183,21,77,-56
118900184,148,44,104
118900185,179,65,114
118900186,89,83,6
118900187,153,208,-55
118900188,208,171,37
118900189,18,528,-510
118900190,7,188,-181
118900191,132,37,95
118900192,132,14,118
118900193,369,6,363
118900195,202,307,-105
118900196,17,92,-75
118900197,89,35,54
118900198,11,5,6
118900199,54,21,33
118900200,15,13,2
118900201,21,25,-4
118900202,6,28,-22
118900203,4,7,-3
118900204,10,15,-5
118900205,2,6,-4
118900206,5,9,-4
119000001,1003,1473,-470
119000002,2448,3020,-572
119000003,1813,810,1003
119000004,1635,1004,631
119000005,1249,1360,-111
119000006,2399,1260,1139
119000007,2472,2308,164
119000008,1477,1352,125
119000009,2461,3243,-782
119000010,4144,3278,866
119000011,2557,1907,650
119000012,1946,2285,-339
119000013,2048,1334,714
119000014,1192,1906,-714
119000019,171,99,72
119000020,1422,1211,211
119000021,3425,1894,1531
119000022,1453,1562,-109
119000023,300,223,77
119000024,1256,7838,-6582
119000025,3977,791,3186
119000026,97,308,-211
119000027,179,266,-87
119000028,1307,594,713
119000029,81,218,-137
119000030,443,800,-357
119000031,627,526,101
119000032,1162,1738,-576
119000033,1593,936,657
119000034,842,683,159
119000035,24,223,-199
119000036,1539,591,948
119000037,939,1056,-117
119000038,142,511,-369
119000039,286,194,92
119000040,501,407,94
119000041,537,884,-347
119000048,2047,1786,261
119000049,1470,1433,37
119000050,1159,1325,-166
119000051,1520,800,720
119000052,1454,2060,-606
119000053,1429,868,561
119000054,2651,2142,509
119000055,3513,2182,1331
119000056,2044,1435,609
119000057,1400,1293,107
119000058,1605,1096,509
119000059,1069,1119,-50
119000060,1179,846,333
119000061,807,634,173
119000062,868,1023,-155
119000063,461,325,136
119000064,634,731,-97
119000065,1276,2040,-764
119000066,1415,851,564
119000067,1550,1440,110
119000068,1239,791,448
119000069,1281,1632,-351
119000070,1915,735,1180
119000071,523,496,27
119000072,3403,2037,1366
119000073,3107,4951,-1844
119000074,1044,1491,-447
119000075,1720,1710,10
119000076,223,756,-533
119000077,428,433,-5
119000078,250,304,-54
119000079,136,518,-382
119000080,331,101,230
119000081,203,310,-107
119000082,573,182,391
119000083,411,291,120
119000084,227,323,-96
119000085,388,158,230
119000086,189,470,-281
119000087,1201,547,654
119000088,275,224,51
119000089,70,140,-70
119000090,105,86,19
119000091,87,289,-202
119000092,329,131,198
119000093,2652,1931,721
119000094,2401,3397,-996
119000095,1321,2113,-792
119000097,1749,860,889
119000098,725,1994,-1269
119000099,1829,1051,778
119000100,2776,2278,498
119000101,2528,1466,1062
119000102,484,1213,-729
119000103,818,580,238
119000104,1542,770,772
119000105,720,1556,-836
119000106,294,800,-506
119000107,747,397,350
119000108,285,647,-362
119000109,54,422,-368
119000110,227,235,-8
119000111,35,631,-596
119000112,122,52,70
119000113,1245,235,1010
119000114,665,579,86
119000115,110,95,15
119000116,70,63,7
119000117,85,229,-144
119000118,0,0,0
119000123,1935,1766,169
119000124,541,141,400
119000125,3170,428,2742
119000126,1016,457,559
119000127,524,408,116
119000128,9,2,7
119000131,764,464,300
119000132,0,1,-1
119000133,4,3,1
119000134,1546,462,1084
119000135,142,143,-1
119000136,208,131,77
119000137,160,198,-38
119000138,398,185,213
119000139,267,112,155
119000140,174,231,-57
119000284,1010,1989,-979
119000285,1477,1365,112
119000286,4762,3634,1128
119000287,1098,1328,-230
119000288,1446,789,657
119000289,1205,1766,-561
119000290,147,249,-102
119000291,6,174,-168
119000293,118,138,-20
119000294,40,33,7
119000295,903,227,676
119000296,243,132,111
119000302,1609,789,820
119000303,36,115,-79
119000314,1174,7266,-6092
119000315,1,289,-288
119000316,145,79,66
119000317,77,199,-122
119000319,518,176,342
119900001,157,937,-780
119900002,100,190,-90
119900003,27,572,-545
119900004,217,840,-623
119900005,138,68,70
119900006,113,234,-121
119900007,881,133,748
119900008,72,34,38
119900009,408,426,-18
119900010,494,666,-172
119900011,10,65,-55
119900012,14,52,-38
119900013,1513,888,625
119900014,340,159,181
119900015,67,15,52
119900016,29,33,-4
119900017,33,29,4
119900018,1156,722,434
119900019,22,8,14
119900020,104,130,-26
119900021,85,54,31
119900022,76,475,-399
119900023,348,1210,-862
119900025,134,20,114
119900026,483,110,373
119900027,9,12,-3
119900028,218,99,119
119900029,4,5,-1
119900030,421,338,83
119900031,34,313,-279
119900033,1081,255,826
119900034,264,69,195
119900037,132,24,108
119900038,24,190,-166
119900039,29,5,24
119900040,161,23,138
119900041,88,24,64
119900042,202,164,38
119900043,102,90,12
119900044,146,637,-491
119900046,109,34,75
119900047,245,52,193
119900049,127,0,127
119900050,52,55,-3
119900051,819,20,799
119900052,58,16,42
119900053,157,108,49
119900054,118,6,112
119900055,925,338,587
119900057,194,56,138
119900058,172,3,169
119900059,78,33,45
119900060,202,6,196
119900061,208,9,199
119900062,73,16,57
119900063,8,34,-26
119900065,148,9,139
119900067,61,23,38
119900068,376,0,376
119900069,98,17,81
119900070,641,4,637
119900071,407,12,395
119900073,1021,418,603
119900074,11,22,-11
119900075,2727,1539,1188
119900076,73,36,37
119900077,612,539,73
119900078,409,548,-139
119900079,212,118,94
119900080,326,197,129
119900081,469,16,453
119900082,710,44,666
119900083,289,99,190
119900084,390,235,155
119900085,37,43,-6
119900086,299,715,-416
119900087,239,214,25
119900088,16,23,-7
119900089,23,321,-298
119900090,111,30,81
119900091,40,604,-564
119900092,127,264,-137
119900093,744,156,588
119900094,62,207,-145
119900095,173,82,91
119900096,24,59,-35
119900097,310,250,60
119900098,23,26,-3
119900099,26,91,-65
119900100,1340,2433,-1093
119900101,158,862,-704
119900102,25,143,-118
119900103,28,169,-141
119900104,22,84,-62
119900105,516,1426,-910
119900106,12,108,-96
119900107,205,1601,-1396
119900108,2218,520,1698
119900109,16,95,-79
119900110,593,414,179
119900111,170,352,-182
119900112,967,384,583
119900113,40,174,-134
119900114,231,723,-492
119900115,273,618,-345
119900116,116,327,-211
119900117,308,431,-123
119900118,44,509,-465
119900119,240,127,113
119900120,395,318,77
119900121,279,634,-355
119900122,391,236,155
119900123,149,217,-68
119900124,189,483,-294
119900125,40,158,-118
119900126,2266,165,2101
119900127,1457,631,826
119900128,338,361,-23
119900129,166,330,-164
119900130,14,150,-136
119900131,47,148,-101
119900132,3,152,-149
119900133,25,49,-24
119900134,971,134,837
119900135,1,229,-228
119900136,152,200,-48
119900138,197,297,-100
119900139,7,75,-68
119900140,0,89,-89
119900141,43,425,-382
119900142,2,10,-8
119900143,18,147,-129
119900144,950,159,791
119900145,54,81,-27
119900146,104,113,-9
119900147,2,75,-73
119900148,138,25,113
119900149,515,2813,-2298
119900150,156,74,82
119900151,893,497,396
119900152,70,220,-150
119900153,96,58,38
119900154,10,479,-469
119900155,24,23,1
119900156,17,4,13
119900157,91,133,-42
119900158,133,57,76
119900159,3,862,-859
119900160,22,74,-52
119900161,147,117,30
119900162,625,535,90
119900163,57,91,-34
119900164,0,1,-1
119900165,118,110,8
119900166,46,35,11
119900167,63,40,23
119900168,708,282,426
119900169,84,159,-75
119900170,114,209,-95
119900171,754,332,422
119900172,86,10,76
119900173,1,209,-208
119900174,4,61,-57
119900175,972,394,578
119900177,18,122,-104
119900178,2,83,-81
119900179,96,374,-278
119900180,783,601,182
119900181,37,71,-34
119900182,3,163,-160
119900183,95,476,-381
119900184,1135,311,824
119900185,32,109,-77
119900186,31,709,-678
119900187,3,186,-183
119900188,54,238,-184
119900189,264,295,-31
119900190,52,198,-146
119900191,187,193,-6
119900192,24,103,-79
119900193,294,96,198
119900194,22,40,-18
119900195,17,116,-99
119900196,630,272,358
119900197,129,139,-10
119900198,125,195,-70
119900199,111,12,99
119900200,535,486,49
119900201,218,108,110
119900202,71,184,-113
119900203,108,463,-355
119900204,234,196,38
119900205,584,319,265
119900206,145,82,63
119900208,152,162,-10
119900209,339,862,-523
119900210,35,15,20
119900211,50,4,46
119900212,463,344,119
119900213,16,52,-36
119900214,20,62,-42
119900215,43,46,-3
119900216,16,44,-28
119900217,6,51,-45
119900218,15,44,-29
119900219,4,82,-78
119900220,4,47,-43
119900221,11,130,-119
119900222,1,84,-83
119900223,9,40,-31
119900224,13,17,-4
119900225,447,38,409
119900226,304,1057,-753
119900227,638,163,475
119900228,51,222,-171
119900229,229,218,11
119900230,934,332,602
119900231,237,121,116
119900232,121,75,46
119900233,40,5,35
119900234,13,36,-23
119900235,10,39,-29
119900236,12,112,-100
119900237,25,244,-219
119900238,1,52,-51
119900240,55,92,-37
119900241,122,150,-28
119900242,830,706,124
119900244,466,804,-338
119900245,121,117,4
119900246,209,413,-204
119900247,15,74,-59
119900248,47,210,-163
119900249,151,68,83
119900253,1479,237,1242
119900254,59,564,-505
119900255,83,461,-378
119900256,464,490,-26
119900257,46,0,46
119900258,61,2,59
119900259,10,83,-73
119900260,100,8,92
119900261,216,119,97
119900262,0,147,-147
119900263,870,238,632
119900264,84,105,-21
119900265,442,271,171
119900266,210,169,41
119900267,157,293,-136
119900268,218,90,128
119900269,848,645,203
119900271,16,60,-44
119900272,118,210,-92
119900275,93,7,86
119900276,72,4,68
119900277,13,6,7
119900278,96,72,24
119900279,74,168,-94
119900280,572,98,474
119900281,0,154,-154
119900282,12,109,-97
119900283,9,150,-141
119900284,27,96,-69
119900285,22,100,-78
119900286,2,7,-5
119900288,3,21,-18
119900289,1,19,-18
119900290,6,21,-15
119900291,1,37,-36
119900292,41,47,-6
119900293,24,66,-42
119900294,30,56,-26
119900295,26,47,-21
119900296,65,134,-69
119900297,0,14,-14
119900298,3,5,-2
119900299,35,128,-93
119900300,192,139,53
119900301,24,35,-11
119900302,34,36,-2
119900303,207,224,-17
119900304,113,36,77
119900305,8,70,-62
119900306,17,1,16
119900307,22,65,-43
119900308,6,12,-6
119900309,30,99,-69
119900310,164,175,-11
119900311,57,57,0
119900312,71,35,36
119900313,184,171,13
119900314,122,259,-137
119900315,1581,1310,271
119900318,6,22,-16
119900319,1,127,-126
119900320,139,370,-231
119900321,53,2,51
120000001,4704,11311,-6607
120000002,2306,1846,460
120000003,2209,1036,1173
120000004,2058,1440,618
120000005,2840,1410,1430
120000006,1026,948,78
120000007,2747,2346,401
120000008,844,1061,-217
120000009,1988,754,1234
120000010,1633,1882,-249
120000011,882,1206,-324
120000012,1183,1646,-463
120000013,2390,1996,394
120000014,572,1021,-449
120000015,1794,1168,626
120000016,2956,1896,1060
120000017,2291,1818,473
120000018,2819,8419,-5600
120000019,879,1179,-300
120000020,2418,2503,-85
120000021,1456,1839,-383
120000022,2032,2983,-951
120000023,868,1307,-439
120000024,1077,1970,-893
120000025,2212,1695,517
120000026,1712,1233,479
120000027,1763,1576,187
120000028,500,953,-453
120000029,1498,811,687
120000030,495,698,-203
120000031,1499,3427,-1928
120000032,5484,2940,2544
120000033,3672,1366,2306
120000034,1674,1284,390
120000035,1701,1429,272
120000036,2163,3498,-1335
120000037,555,1200,-645
120000038,3910,2666,1244
120000039,582,775,-193
120000040,100,641,-541
120000041,1012,1015,-3
120000042,1382,1772,-390
120000043,3816,1151,2665
120000044,4453,1206,3247
120000045,4767,865,3902
120000046,2758,1980,778
120000047,649,3754,-3105
120000048,4857,3166,1691
120000049,2621,2422,199
120000050,2549,2786,-237
120000051,2015,2677,-662
120000052,5951,1604,4347
120000053,1228,1730,-502
120000054,1175,2768,-1593
120000055,1428,3314,-1886
120000056,3086,2592,494
120000057,2490,881,1609
120000058,2231,824,1407
120000059,8,1174,-1166
120000061,103,497,-394
120000062,171,229,-58
120000063,1141,1813,-672
120000064,221,762,-541
120000065,420,933,-513
120000066,299,322,-23
120000067,44,334,-290
120000068,175,582,-407
120000069,515,726,-211
120000070,83,514,-431
120000071,430,95,335
120000072,636,321,315
120000073,716,76,640
120000074,117,71,46
120000075,713,242,471
120000076,1800,330,1470
120000077,1693,532,1161
120000078,2677,1002,1675
120000079,453,350,103
120000080,285,299,-14
120000081,399,193,206
120000082,316,308,8
120000083,92,639,-547
120000084,308,268,40
120000085,243,316,-73
120000086,272,379,-107
120000087,217,458,-241
120000088,719,758,-39
120000089,866,368,498
120000090,603,372,231
120000091,706,727,-21
120000092,873,458,415
120000093,375,385,-10
120000094,136,574,-438
120000095,735,327,408
120000096,276,585,-309
120000098,544,553,-9
120000099,285,503,-218
120000100,602,674,-72
120000101,658,447,211
120000102,599,852,-253
120000103,1234,761,473
120000104,1578,399,1179
120000105,2456,578,1878
120000106,1896,667,1229
120000107,3548,501,3047
120000108,1177,97,1080
120000109,972,51,921
120000110,63,685,-622
120000111,86,811,-725
120000112,670,1762,-1092
120000113,537,1399,-862
120000114,797,1672,-875
120000115,280,1401,-1121
120000116,565,1202,-637
120000117,792,995,-203
120000118,58,25,33
120000119,35,70,-35
120000120,65,55,10
120000121,88,57,31
120000122,225,227,-2
120000123,2501,4554,-2053
120000124,393,309,84
120000125,438,481,-43
120000126,228,701,-473
120000127,1520,817,703
120000128,2220,3274,-1054
120000129,252,206,46
120000130,759,421,338
120000131,272,544,-272
120000134,292,627,-335
120000135,485,359,126
120000137,174,721,-547
120000138,774,293,481
120000139,237,460,-223
120000140,632,368,264
120000141,265,373,-108
120000142,514,428,86
120000143,1,66,-65
120000144,76,4,72
120000145,357,3,354
120000146,982,693,289
120000149,523,729,-206
120000150,2129,8018,-5889
120000151,413,285,128
120000152,344,143,201
120000153,175,353,-178
120000154,425,351,74
120000155,171,312,-141
120000156,914,852,62
120000157,600,518,82
120000158,639,570,69
120000159,1525,1984,-459
120000160,1884,1324,560
120000161,1730,1684,46
120000162,88,238,-150
120000163,649,915,-266
120000164,418,264,154
120000165,547,606,-59
120000166,1313,422,891
120000167,103,71,32
120000168,5,319,-314
120000169,33,1153,-1120
120000170,30,962,-932
120000171,16,301,-285
120000172,27,284,-257
120000173,1601,1475,126
120000174,193,24,169
120000175,140,34,106
120000176,124,33,91
120000177,731,99,632
120000178,70,15,55
120000179,104,42,62
120000180,259,40,219
120000181,69,813,-744
120000182,41,522,-481
120000183,6,365,-359
120000184,118,943,-825
120000186,42,611,-569
120000187,59,263,-204
120000188,65,430,-365
120000190,467,50,417
120000191,397,71,326
120000192,372,22,350
120000193,99,4,95
120000195,26,12,14
120000196,161,29,132
120000197,37,41,-4
120000198,138,47,91
120000199,50,0,50
120000200,109,1,108
120000201,32,34,-2
120000202,3,29,-26
120000203,44,125,-81
120000207,1,37,-36
120000208,10,121,-111
120000209,5,44,-39
120000210,45,45,0
120000211,122,5,117
120000212,176,0,176
120000213,150,170,-20
120000214,0,166,-166
120000215,1,82,-81
120000216,66,17,49
120000217,464,908,-444
120000218,128,548,-420
120000219,8,353,-345
120000220,1,1037,-1036
120000225,1362,8,1354
120000226,359,9,350
120000227,702,43,659
120000228,7563,2483,5080
120000230,353,14,339
120000231,1160,1435,-275
120000233,254,21,233
120000235,180,449,-269
120000236,745,1,744
120000237,2,826,-824
120000238,3,905,-902
120000241,879,2501,-1622
120000412,446,9,437
120000413,180,119,61
120000414,109,4,105
120000415,1,64,-63
120000416,73,4,69
120000417,11,79,-68
120000418,90,8,82
120000419,5,164,-159
120000420,283,67,216
120000421,6465,3770,2695
120000422,79,1041,-962
120000423,1,57,-56
120000424,50,103,-53
120000436,109,475,-366
120000437,101,98,3
120000438,1561,186,1375
120000439,222,438,-216
120000443,164,0,164
120000444,1272,348,924
120000445,1306,810,496
120000446,588,274,314
120000447,204,0,204
120000449,85,4,81
120000450,9,149,-140
120000451,80,203,-123
120000452,165,4,161
120000453,0,150,-150
120000454,93,70,23
120000455,68,35,33
120000456,1621,2593,-972
120000457,635,338,297
120000458,406,379,27
120000459,65,47,18
120000665,392,249,143
120000668,84,676,-592
120000669,77,160,-83
120000670,106,539,-433
120000671,903,354,549
120000672,86,480,-394
120900001,64,111,-47
120900002,158,248,-90
120900003,123,11,112
120900004,6,58,-52
120900005,10,1059,-1049
120900006,331,196,135
120900007,135,71,64
120900008,257,858,-601
120900009,457,37,420
120900010,380,111,269
120900011,204,183,21
120900012,139,769,-630
120900013,262,97,165
120900014,1,274,-273
120900015,834,80,754
120900016,734,50,684
120900017,1539,49,1490
120900018,82,245,-163
120900019,496,381,115
120900020,537,1027,-490
120900021,621,158,463
120900022,27,224,-197
120900023,284,29,255
120900024,1341,369,972
120900025,1191,730,461
120900026,149,99,50
120900027,705,22,683
120900028,341,91,250
120900029,111,442,-331
120900030,1148,619,529
120900031,198,87,111
120900032,1082,89,993
120900033,727,57,670
120900034,21,2122,-2101
120900035,23,44,-21
120900037,180,11,169
120900038,32,309,-277
120900039,78,33,45
120900040,194,5,189
120900041,79,23,56
120900042,421,36,385
120900043,30,14,16
120900044,6,251,-245
120900045,109,50,59
120900046,463,3,460
120900047,113,80,33
120900048,126,23,103
120900049,379,1,378
120900050,1360,1082,278
120900051,319,102,217
120900052,435,4,431
120900053,192,45,147
120900054,1118,282,836
120900055,376,1,375
120900056,433,13,420
120900057,104,11,93
120900058,485,1,484
120900059,75,2,73
120900060,58,23,35
120900061,183,142,41
120900062,253,1,252
120900063,542,3,539
120900064,509,1,508
120900065,445,0,445
120900066,268,165,103
120900067,135,27,108
120900068,224,2,222
120900069,125,16,109
120900071,8,0,8
120900072,617,1,616
120900073,510,41,469
120900074,313,4,309
120900076,220,0,220
120900077,1539,114,1425
120900078,814,888,-74
120900079,567,87,480
120900080,807,1180,-373
120900081,936,64,872
120900082,350,382,-32
120900083,125,3,122
120900084,239,413,-174
120900085,61,131,-70
120900086,53,323,-270
120900087,371,375,-4
120900088,161,290,-129
120900089,2004,2215,-211
120900090,223,114,109
120900091,570,935,-365
120900092,907,325,582
120900093,1420,92,1328
120900094,353,153,200
120900095,202,8,194
120900096,34,114,-80
120900097,581,476,105
120900098,177,82,95
120900099,76,37,39
120900100,47,176,-129
120900101,466,161,305
120900102,16,41,-25
120900103,48,207,-159
120900104,26,43,-17
120900105,26,345,-319
120900106,1021,364,657
120900107,172,102,70
120900108,5,373,-368
120900109,45,389,-344
120900110,37,468,-431
120900111,130,257,-127
120900112,11,639,-628
120900113,25,468,-443
120900114,41,71,-30
120900115,118,223,-105
120900116,273,212,61
120900117,2,305,-303
120900118,24,541,-517
120900119,4048,2784,1264
120900120,60,307,-247
120900121,258,324,-66
120900122,370,246,124
120900123,3,258,-255
120900124,1,453,-452
120900125,2,370,-368
120900126,1146,656,490
120900127,12,274,-262
120900128,981,941,40
120900129,37,186,-149
120900130,1,142,-141
120900131,86,54,32
120900132,893,202,691
120900133,132,503,-371
120900134,669,298,371
120900135,6,366,-360
120900136,52,68,-16
120900137,160,52,108
120900138,22,169,-147
120900139,1,449,-448
120900140,3,40,-37
120900141,86,132,-46
120900142,13,316,-303
120900143,2,521,-519
120900144,0,72,-72
120900145,274,545,-271
120900146,1,556,-555
120900147,31,350,-319
120900148,71,98,-27
120900149,0,154,-154
120900150,42,384,-342
120900151,45,388,-343
120900152,172,43,129
120900153,41,67,-26
120900154,1,176,-175
120900155,175,635,-460
120900156,126,240,-114
120900157,80,226,-146
120900158,69,473,-404
120900159,278,419,-141
120900160,15,515,-500
120900161,99,450,-351
120900162,130,611,-481
120900163,113,594,-481
120900164,2,15,-13
120900165,12,95,-83
120900166,32,442,-410
120900167,193,103,90
120900169,52,191,-139
120900170,660,2211,-1551
120900171,601,123,478
120900172,539,1230,-691
120900173,2,62,-60
120900174,2,62,-60
120900175,225,76,149
120900176,14,311,-297
120900177,1,963,-962
120900178,16,249,-233
120900179,686,369,317
120900180,89,92,-3
120900181,67,48,19
120900182,17,202,-185
120900183,513,34,479
120900184,265,33,232
120900185,15,200,-185
120900186,0,333,-333
120900187,346,716,-370
120900188,181,7,174
120900189,62,1153,-1091
120900190,100,16,84
120900191,21,13,8
120900192,5696,6022,-326
120900194,36,32,4
120900195,81,149,-68
120900196,679,33,646
120900197,559,85,474
120900198,215,402,-187
120900199,285,363,-78
120900200,49,74,-25
120900201,268,102,166
120900202,0,90,-90
120900203,29,67,-38
120900204,105,153,-48
120900205,48,27,21
120900206,13,25,-12
120900207,53,791,-738
121000001,526,683,-157
121000002,1539,915,624
121000003,1967,1299,668
121000004,1805,2130,-325
121000005,1372,2031,-659
121000006,2294,1350,944
121000007,1846,2414,-568
121000008,3589,2511,1078
121000009,3240,4031,-791
121000010,5254,4007,1247
121000011,5388,7543,-2155
121000012,9298,6431,2867
121000013,3778,4745,-967
121000014,4359,3882,477
121000015,2816,5158,-2342
121000016,3161,2351,810
121000017,1301,2314,-1013
121000018,1799,1283,516
121000019,10735,8821,1914
121000020,9462,12105,-2643
121000021,2071,1975,96
121000022,1883,2130,-247
121000023,2786,1841,945
121000024,3719,3513,206
121000025,450,1038,-588
121000026,327,163,164
121000027,1074,952,122
121000028,601,362,239
121000029,644,471,173
121000030,492,305,187
121000031,508,513,-5
121000032,192,134,58
121000034,223,172,51
121000035,115,102,13
121000036,858,622,236
121000037,473,507,-34
121000038,385,598,-213
121000039,187,251,-64
121000041,356,321,35
121000042,208,303,-95
121000043,580,447,133
121000044,1045,729,316
121000045,272,182,90
121000046,456,619,-163
121000047,231,221,10
121000049,1054,435,619
121000050,290,864,-574
121000051,471,197,274
121000052,311,528,-217
121000053,313,68,245
121000054,47,308,-261
121000055,853,980,-127
121000056,467,779,-312
121000057,178,342,-164
121000058,290,165,125
121000059,1658,1009,649
121000060,479,763,-284
121000061,61,261,-200
121000062,153,324,-171
121000063,680,696,-16
121000064,675,682,-7
121000065,278,404,-126
121000066,646,450,196
121000067,447,458,-11
121000068,441,292,149
121000069,205,458,-253
121000070,1200,966,234
121000071,956,1033,-77
121000072,757,583,174
121000073,851,655,196
121000074,134,139,-5
121000075,43,107,-64
121000076,514,271,243
121000077,117,135,-18
121000078,104,101,3
121000080,1466,424,1042
121000081,1712,2111,-399
121000082,87,251,-164
121000083,169,81,88
121000084,150,161,-11
121000085,265,376,-111
121000086,211,593,-382
121000087,58,238,-180
121000088,444,401,43
121000089,213,287,-74
121000090,263,269,-6
121000091,871,674,197
121000092,162,47,115
121000093,145,175,-30
121000094,365,618,-253
121000095,270,609,-339
121000096,2023,1561,462
121000097,570,1416,-846
121000098,423,731,-308
121000099,694,582,112
121000100,820,341,479
121000101,350,267,83
121000102,247,185,62
121000103,182,181,1
121000104,216,117,99
121000105,305,139,166
121000106,233,238,-5
121000107,1438,2021,-583
121000109,792,770,22
121000110,206,569,-363
121000114,2197,1637,560
121000115,737,497,240
121000116,165,602,-437
121000117,455,191,264
121000118,984,160,824
121000119,240,269,-29
121000120,254,442,-188
121000121,349,1123,-774
121000123,934,493,441
121000127,111,64,47
121000128,889,333,556
121000129,883,407,476
121000130,496,661,-165
121000131,1508,1349,159
121000132,1112,1271,-159
121000135,238,244,-6
121000136,656,933,-277
121000137,354,227,127
121000138,522,1187,-665
121000139,251,443,-192
121000141,145,97,48
121000142,499,850,-351
121000143,76,25,51
121000144,585,1111,-526
121000145,469,705,-236
121000146,1096,963,133
121000147,764,446,318
121000148,755,790,-35
121000149,1712,1002,710
121000152,301,382,-81
121000153,1384,463,921
121000154,1005,470,535
121000155,1001,856,145
121000156,348,779,-431
121000157,749,991,-242
121000158,313,334,-21
121000159,176,275,-99
121000160,276,272,4
121000161,168,254,-86
121000162,78,116,-38
121000165,1064,1402,-338
121000166,20,339,-319
121000168,277,199,78
121000169,57,86,-29
121000170,269,67,202
121000171,96,117,-21
121000172,612,435,177
121000173,961,909,52
121000174,322,398,-76
121000175,844,237,607
121000176,341,223,118
121000177,609,436,173
121000178,90,57,33
121000179,56,54,2
121000181,309,273,36
121000182,96,226,-130
121000183,82,86,-4
121000184,40,90,-50
121000185,45,167,-122
121000186,188,333,-145
121000187,179,118,61
121000188,174,133,41
121000192,653,390,263
121000193,444,393,51
121000194,1619,1615,4
121000195,154,634,-480
121000196,463,197,266
121000197,120,537,-417
121000198,156,58,98
121000199,100,242,-142
121000200,416,82,334
121000201,2,118,-116
121000202,521,84,437
121000203,563,1307,-744
121000204,2125,430,1695
121000205,57,124,-67
121000206,94,15,79
121000207,1594,272,1322
121000208,1,197,-196
121000209,331,177,154
121000210,519,252,267
121000211,235,95,140
121000212,362,357,5
121000213,6617,1862,4755
121000214,599,1383,-784
121000215,862,678,184
121000216,437,493,-56
121000217,2750,1954,796
121000218,317,1043,-726
121000219,1072,359,713
121000220,128,44,84
121000221,97,183,-86
121000222,1857,1566,291
121000223,338,467,-129
121000224,297,314,-17
121000225,770,1461,-691
121000226,1392,848,544
121000227,7,154,-147
121000228,12,403,-391
121000229,220,293,-73
121000230,46,1047,-1001
121000231,688,33,655
121000232,306,188,118
121000233,461,259,202
121000234,20,30,-10
121000235,47,68,-21
121000236,5,22,-17
121000237,30,11,19
121000238,4,35,-31
121000239,47,5,42
121000240,10,118,-108
121000241,55,7,48
121000242,47,370,-323
121000243,480,106,374
121000244,11,79,-68
121000245,102,31,71
121000246,2,84,-82
121000247,132,7,125
121000248,798,493,305
121000249,70,160,-90
121000250,409,185,224
121000251,5,218,-213
121000252,82,58,24
121000253,247,275,-28
121000254,617,159,458
121000255,69,164,-95
121000256,209,105,104
121000257,28,51,-23
121000258,64,56,8
121000259,36,43,-7
121000260,67,66,1
121000261,59,60,-1
121000262,734,415,319
121000263,458,415,43
121000271,236,933,-697
121000273,23,6,17
121000274,8,59,-51
121000275,4,15,-11
121000276,15,20,-5
121000278,32,33,-1
121000279,19,25,-6
121000280,20,40,-20
121000289,192,21,171
121000290,927,744,183
121000294,101,71,30
121000297,517,853,-336
121000299,146,435,-289
121000300,614,337,277
121000302,45,681,-636
121000303,342,192,150
121000304,414,56,358
121000305,140,37,103
121000306,95,82,13
121000308,93,204,-111
121000309,230,278,-48
121000310,72,202,-130
121000311,66,460,-394
121000312,253,184,69
121000313,200,279,-79
121000314,63,96,-33
121000315,21,57,-36
121000530,1231,1112,119
121000531,1369,1049,320
121000532,4819,5466,-647
121000533,2412,2500,-88
121000918,52,93,-41
121000919,43,49,-6
121000938,91,80,11
121000939,96,124,-28
121000956,1118,839,279
121000957,4,12,-8
121000958,28,31,-3
121000959,681,512,169
121000960,1099,1253,-154
121000961,213,80,133
121000962,302,413,-111
121000973,0,121,-121
121000976,12,140,-128
121000979,296,124,172
121000981,360,166,194
121000982,333,225,108
121000983,327,228,99
121000984,9,64,-55
121000985,633,311,322
121000986,234,129,105
121000987,208,590,-382
121000988,608,94,514
121001302,177,85,92
121001308,3,11,-8
121001309,29,59,-30
121001313,146,159,-13
121001314,1533,1833,-300
121001315,3455,2257,1198
121001326,341,287,54
121900001,124,221,-97
121900002,22,40,-18
121900003,367,9,358
121900004,77,270,-193
121900005,20,5,15
121900006,66,10,56
121900007,1221,1318,-97
121900008,253,97,156
121900009,355,9,346
121900010,153,4,149
121900011,138,187,-49
121900012,7,0,7
121900013,1032,75,957
121900014,933,267,666
121900015,139,106,33
121900016,3,31,-28
121900017,545,502,43
121900018,255,4,251
121900019,401,178,223
121900020,23,1,22
121900021,696,19,677
121900022,177,140,37
121900023,74,194,-120
121900024,204,66,138
121900025,387,277,110
121900026,202,19,183
121900027,243,97,146
121900028,175,11,164
121900029,72,135,-63
121900030,372,416,-44
121900031,690,4222,-3532
121900032,58,37,21
121900033,194,230,-36
121900034,217,55,162
121900035,1787,1426,361
121900036,71,242,-171
121900037,102,921,-819
121900038,28,79,-51
121900039,257,29,228
121900040,65,102,-37
121900041,67,185,-118
121900042,266,116,150
121900043,2,11,-9
121900044,105,43,62
121900046,140,228,-88
121900047,156,52,104
121900048,18,52,-34
121900050,33,37,-4
121900051,146,142,4
121900052,111,30,81
121900053,366,237,129
121900054,337,640,-303
121900055,0,12,-12
121900058,165,93,72
121900059,289,100,189
121900060,114,176,-62
121900062,112,78,34
121900063,893,414,479
121900064,193,401,-208
121900066,57,12,45
121900067,34,18,16
121900069,157,85,72
121900070,93,90,3
121900071,250,162,88
121900072,45,118,-73
121900073,237,188,49
121900074,532,688,-156
121900075,322,356,-34
121900076,266,468,-202
121900078,69,33,36
121900079,0,0,0
121900080,559,220,339
121900082,59,89,-30
121900084,16,89,-73
121900086,36,46,-10
121900087,132,88,44
121900088,1143,1597,-454
121900089,164,168,-4
121900090,30,63,-33
121900091,52,44,8
121900092,57,77,-20
121900093,60,46,14
121900094,6,4,2
121900095,214,114,100
121900096,790,695,95
121900097,377,121,256
121900098,2,0,2
121900099,235,44,191
121900100,147,300,-153
121900101,116,95,21
121900102,5,67,-62
121900103,318,244,74
121900104,1174,247,927
121900105,187,117,70
121900106,3,4,-1
121900107,42,16,26
121900108,0,6,-6
121900109,253,90,163
121900110,426,558,-132
121900111,411,150,261
121900112,91,108,-17
121900113,46,265,-219
121900114,31,30,1
121900117,94,51,43
121900118,1296,450,846
121900119,172,122,50
121900120,34,803,-769
121900121,281,20,261
121900122,24,43,-19
121900123,182,276,-94
121900124,139,138,1
121900125,759,556,203
121900127,11,64,-53
121900128,38,50,-12
121900129,346,127,219
121900130,101,136,-35
121900131,302,74,228
121900132,41,36,5
121900133,67,956,-889
121900134,27,136,-109
121900135,2645,257,2388
121900136,375,266,109
121900137,45,171,-126
121900138,41,115,-74
121900139,290,610,-320
121900140,52,148,-96
121900141,76,32,44
121900142,113,68,45
121900143,3,101,-98
121900144,95,236,-141
121900145,132,126,6
121900146,461,442,19
121900147,42,165,-123
121900148,93,173,-80
121900149,198,386,-188
121900150,54,115,-61
121900151,42,186,-144
121900152,61,96,-35
121900153,78,402,-324
121900154,14,205,-191
121900155,4,54,-50
121900156,133,70,63
121900157,0,307,-307
121900158,94,55,39
121900159,0,148,-148
121900160,2,158,-156
121900161,182,236,-54
121900162,93,156,-63
121900163,240,387,-147
121900164,298,193,105
121900165,158,121,37
121900166,154,96,58
121900167,69,90,-21
121900168,95,152,-57
121900169,5,203,-198
121900170,5,106,-101
121900171,530,334,196
121900172,490,161,329
121900173,565,177,388
121900174,35,41,-6
121900175,78,143,-65
121900176,400,1035,-635
121900177,192,64,128
121900178,34,62,-28
121900179,326,132,194
121900180,2036,2871,-835
121900182,555,248,307
121900183,347,1180,-833
121900184,77,624,-547
121900186,5,203,-198
121900187,38,98,-60
121900188,333,229,104
121900189,16,68,-52
121900190,191,353,-162
121900191,70,243,-173
121900192,206,718,-512
121900193,34,134,-100
121900194,9,110,-101
121900195,47,56,-9
121900196,624,682,-58
121900197,305,881,-576
121900198,890,632,258
121900199,4,16,-12
121900200,40,157,-117
121900201,628,539,89
121900202,97,516,-419
121900203,116,490,-374
121900204,546,777,-231
121900205,5,78,-73
121900206,15,18,-3
121900207,51,28,23
121900208,101,261,-160
121900209,26,33,-7
121900210,919,720,199
121900211,343,415,-72
121900212,84,93,-9
121900213,173,59,114
121900214,6,285,-279
121900215,48,53,-5
121900216,34,164,-130
121900217,169,129,40
121900218,115,268,-153
121900220,77,7,70
121900221,227,382,-155
121900222,113,58,55
121900223,110,27,83
121900224,38,17,21
121900225,84,56,28
121900226,155,119,36
121900227,191,426,-235
121900228,160,180,-20
121900230,66,137,-71
121900231,185,505,-320
121900232,127,260,-133
121900233,130,121,9
121900234,200,166,34
121900235,344,129,215
121900236,200,103,97
121900237,178,196,-18
121900238,154,193,-39
121900239,132,13,119
121900240,196,97,99
121900241,53,64,-11
121900242,4,0,4
121900243,2,0,2
121900244,14,1,13
121900245,137,31,106
121900246,1831,226,1605
121900248,922,968,-46
121900250,150,217,-67
121900251,460,33,427
121900252,388,87,301
121900253,127,731,-604
121900254,319,208,111
121900255,290,50,240
121900258,2461,1391,1070
121900259,239,372,-133
121900260,47,81,-34
121900261,132,371,-239
121900262,294,634,-340
121900263,209,200,9
121900264,1099,769,330
121900265,189,158,31
121900266,399,109,290
121900267,50,30,20
121900269,141,495,-354
121900270,30,122,-92
121900271,28,79,-51
121900273,367,1246,-879
121900274,218,161,57
121900277,399,1034,-635
121900278,87,701,-614
121900279,137,156,-19
121900280,54,219,-165
121900281,144,122,22
121900284,56,8,48
121900286,92,70,22
121900287,3,28,-25
121900288,2,2,0
121900290,189,329,-140
121900291,264,518,-254
121900292,124,111,13
121900293,685,2003,-1318
121900294,147,1,146
121900295,106,146,-40
121900296,24,64,-40
121900298,236,556,-320
121900299,0,8,-8
121900300,86,5,81
121900301,66,1,65
121900302,8,29,-21
121900303,197,291,-94
121900304,2,6,-4
121900305,4,7,-3
121900306,162,2,160
121900307,81,2,79
121900308,19,212,-193
121900309,21,147,-126
121900310,15,366,-351
121900311,425,26,399
121900312,314,19,295
121900313,287,26,261
121900314,3,33,-30
121900315,22,0,22
121900316,1,12,-11
121900317,21,3,18
121900318,0,17,-17
121900319,54,74,-20
121900320,42,38,4
121900321,22,0,22
121900322,1,20,-19
121900323,12,6,6
121900324,0,38,-38
121900325,13,0,13
121900326,7,15,-8
121900327,6,34,-28
121900328,0,16,-16
121900329,2,114,-112
121900330,0,39,-39
121900331,6,24,-18
121900332,74,42,32
121900333,21,2,19
121900334,98,62,36
122000001,1569,3779,-2210
122000002,3122,1144,1978
122000003,1332,2284,-952
122000004,2064,1186,878
122000005,1988,1581,407
122000006,1129,940,189
122000007,711,1195,-484
122000008,2124,2847,-723
122000009,361,335,26
122000010,1581,2129,-548
122000011,2234,1054,1180
122000012,807,1197,-390
122000013,757,749,8
122000014,1427,815,612
122000015,906,669,237
122000016,375,594,-219
122000017,800,677,123
122000018,1053,1042,11
122000019,602,846,-244
122000020,162,150,12
122000021,162,283,-121
122000022,782,698,84
122000023,558,1104,-546
122000024,512,958,-446
122000025,687,1143,-456
122000026,713,853,-140
122000027,461,1393,-932
122000028,616,306,310
122000029,274,331,-57
122000030,164,102,62
122000031,149,232,-83
122000032,1329,1333,-4
122000033,479,1017,-538
122000034,393,394,-1
122000035,192,560,-368
122000036,459,370,89
122000037,273,152,121
122000038,226,247,-21
122000039,453,366,87
122000040,201,224,-23
122000041,359,458,-99
122000042,359,338,21
122000043,85,91,-6
122000044,104,133,-29
122000045,1046,411,635
122000046,606,518,88
122000047,122,174,-52
122000048,2343,3099,-756
122000049,3803,2495,1308
122000050,874,615,259
122000051,241,260,-19
122000052,308,359,-51
122000053,160,708,-548
122000054,1694,1536,158
122000055,1537,2494,-957
122000056,3059,2401,658
122000057,2411,2753,-342
122000058,1572,1189,383
122000059,1679,1594,85
122000060,507,576,-69
122000061,306,419,-113
122000062,742,237,505
122000063,612,588,24
122000064,2238,2556,-318
122000065,2543,1839,704
122000066,305,372,-67
122000067,1038,1081,-43
122000068,876,767,109
122000069,708,661,47
122000070,551,1046,-495
122000071,1466,1010,456
122000072,337,325,12
122000073,284,556,-272
122000074,2137,1325,812
122000075,651,903,-252
122000076,2031,978,1053
122000077,688,797,-109
122000078,1192,2102,-910
122000079,636,1128,-492
122000080,453,327,126
122000081,136,179,-43
122000082,410,753,-343
122000083,1162,1140,22
122000084,934,610,324
122000085,188,617,-429
122000086,1510,3297,-1787
122000087,250,145,105
122000088,172,253,-81
122000089,3683,1570,2113
122000090,160,339,-179
122000091,86,121,-35
122000092,83,12,71
122000093,1248,1700,-452
122000094,3808,1924,1884
122000095,1297,2329,-1032
122000096,1201,1174,27
122000098,2148,1878,270
122000099,1395,644,751
122000100,742,387,355
122000101,286,480,-194
122000102,1546,905,641
122000103,1563,1270,293
122000104,319,159,160
122000105,437,240,197
122000106,398,532,-134
122000107,798,327,471
122000108,322,533,-211
122000109,352,220,132
122000110,285,400,-115
122000111,1910,978,932
122000112,754,922,-168
122000113,535,526,9
122000114,1917,1202,715
122000115,1326,967,359
122000116,386,400,-14
122000117,1066,310,756
122000118,421,536,-115
122000119,2258,1535,723
122000120,1196,3022,-1826
122000121,1319,2165,-846
122000122,526,1072,-546
122000123,1139,1221,-82
122000124,692,437,255
122000125,479,572,-93
122000126,323,668,-345
122000127,681,787,-106
122000128,368,547,-179
122000129,417,1026,-609
122000130,2197,961,1236
122000131,829,885,-56
122000132,341,418,-77
122000133,731,885,-154
122000134,724,594,130
122000135,524,450,74
122000136,599,453,146
122000137,1239,541,698
122000139,899,2409,-1510
122000140,554,449,105
122000141,2608,771,1837
122000142,215,685,-470
122000143,264,430,-166
122000144,993,824,169
122000145,752,692,60
122000146,500,956,-456
122000147,535,425,110
122000148,1230,1382,-152
122000149,1548,1154,394
122000150,906,697,209
122000151,129,270,-141
122000152,315,231,84
122000153,264,205,59
122000154,195,201,-6
122000155,1038,1700,-662
122000156,1677,1932,-255
122000157,917,1613,-696
122000158,238,554,-316
122000159,474,1276,-802
122000160,1987,2031,-44
122000161,833,794,39
122000162,1308,1244,64
122000163,182,51,131
122000164,31,69,-38
122000165,472,514,-42
122000166,642,935,-293
122000167,168,182,-14
122000168,162,456,-294
122000169,303,133,170
122000170,249,173,76
122000171,43,68,-25
122000172,1337,1006,331
122000173,934,1606,-672
122000174,1682,807,875
122000175,788,203,585
122000176,246,571,-325
122000177,952,1182,-230
122000178,2075,1734,341
122000179,1237,1693,-456
122000180,1193,1015,178
122000181,1013,1976,-963
122000182,1094,901,193
122000183,1393,746,647
122000184,1995,1749,246
122000185,1079,1436,-357
122000186,371,546,-175
122000187,1326,721,605
122000188,314,143,171
122000189,193,224,-31
122000190,619,798,-179
122000191,600,421,179
122000192,769,254,515
122000193,286,626,-340
122000194,293,138,155
122000195,126,442,-316
122000196,841,566,275
122000197,465,494,-29
122000198,364,750,-386
122000199,188,268,-80
122000200,746,418,328
122000201,942,1334,-392
122000202,937,1179,-242
122000203,1883,1105,778
122000204,1017,1379,-362
122000205,1032,1032,0
122000206,1993,838,1155
122000207,1164,1315,-151
122000208,1670,1077,593
122000209,1289,278,1011
122000210,1643,1232,411
122000211,1069,1260,-191
122000212,584,388,196
122000213,702,943,-241
122000214,1496,1264,232
122000215,1689,1283,406
122000217,1307,1051,256
122000218,639,45,594
122000219,953,602,351
122000220,274,451,-177
122000221,80,355,-275
122000222,473,132,341
122000223,964,427,537
122000225,526,249,277
122000226,1033,1357,-324
122000227,162,1686,-1524
122000228,209,345,-136
122000229,66,453,-387
122000230,75,364,-289
122000231,208,597,-389
122000232,365,610,-245
122000233,2,71,-69
122000234,355,72,283
122000235,730,107,623
122000236,851,57,794
122000237,94,56,38
122000238,216,229,-13
122000239,433,103,330
122000240,851,374,477
122000241,1404,378,1026
122000242,442,67,375
122000243,256,53,203
122000244,60,269,-209
122000245,112,175,-63
122000246,348,131,217
122000247,374,430,-56
122000248,842,1143,-301
122000249,889,609,280
122000250,1653,998,655
122000251,200,352,-152
122000252,372,84,288
122000253,41,190,-149
122000254,212,50,162
122000255,442,883,-441
122000256,266,490,-224
122000257,194,196,-2
122000258,252,200,52
122000259,21,419,-398
122000260,159,555,-396
122000261,22,153,-131
122000262,3,48,-45
122000263,219,125,94
122000264,954,211,743
122000265,1629,710,919
122000266,3033,508,2525
122000267,151,98,53
122000268,103,223,-120
122000269,659,271,388
122000270,429,142,287
122000271,237,645,-408
122000272,277,685,-408
122000273,362,304,58
122000274,159,171,-12
122000275,220,194,26
122000276,506,374,132
122000277,898,1253,-355
122000278,1445,534,911
122000279,154,290,-136
122000280,632,398,234
122000281,625,461,164
122000282,186,417,-231
122000283,193,144,49
122000284,156,104,52
122000285,292,80,212
122000286,42,148,-106
122000287,999,1091,-92
122000288,427,219,208
122000291,1452,510,942
122000293,193,180,13
122000294,109,194,-85
122000295,953,188,765
122000296,35,508,-473
122000297,1606,2491,-885
122000299,458,225,233
122000300,366,401,-35
122000301,6263,2369,3894
122000302,387,966,-579
122000303,2078,909,1169
122000304,69,147,-78
122000305,927,451,476
122000306,35,370,-335
122000307,144,95,49
122000309,83,54,29
122000310,29,84,-55
122000311,144,137,7
122000312,150,126,24
122000313,113,71,42
122000314,81,227,-146
122000315,217,46,171
122000316,618,188,430
122000317,1217,214,1003
122000318,169,309,-140
122000319,151,227,-76
122000320,285,818,-533
122000321,79,143,-64
122000322,1509,1577,-68
122000323,849,1765,-916
122000324,897,1117,-220
122000325,693,1354,-661
122000326,97,84,13
122000327,398,724,-326
122000328,543,386,157
122000330,1475,683,792
122000333,16,99,-83
122000337,810,883,-73
122000338,370,191,179
122000340,253,552,-299
122000342,1258,742,516
122000343,351,813,-462
122000344,51,9,42
122000345,190,59,131
122000346,209,267,-58
122000348,528,441,87
122000349,56,376,-320
122000351,149,115,34
122000352,191,173,18
122000353,118,61,57
122000355,154,365,-211
122000356,825,910,-85
122000357,54,13,41
122000358,0,24,-24
122000359,0,23,-23
122000360,0,12,-12
122000362,8,50,-42
122000364,190,227,-37
122000365,2,21,-19
122000366,21,4,17
122000368,320,546,-226
122000370,19,28,-9
122000371,26,0,26
122000372,11,1,10
122000381,64,205,-141
122000382,72,244,-172
122000384,1652,839,813
122000385,59,2,57
122000386,182,833,-651
122000387,342,522,-180
122000388,900,525,375
122000389,116,478,-362
122000390,259,164,95
122000391,237,206,31
122000392,121,129,-8
122000393,197,279,-82
122000394,392,152,240
122000395,105,102,3
122000396,143,59,84
122000397,39,26,13
122000398,21,35,-14
122000399,130,53,77
122000400,104,422,-318
122000401,103,67,36
122000402,227,101,126
122000403,329,534,-205
122000404,145,185,-40
122000408,644,840,-196
122000503,5,69,-64
122000524,187,119,68
122000544,45,1561,-1516
122000614,367,301,66
122000616,163,1,162
122000640,77,75,2
122000641,131,182,-51
122000642,885,632,253
122000643,21,141,-120
122000644,85,39,46
122000645,69,134,-65
122000651,858,801,57
122000664,94,35,59
122000665,1041,426,615
122000666,562,865,-303
122000673,53,130,-77
122000674,135,69,66
122000675,1397,532,865
122000686,434,798,-364
122000687,1031,262,769
122000688,177,372,-195
122000689,755,274,481
122000690,1850,335,1515
122000691,508,1122,-614
122000692,1049,295,754
122000693,254,1087,-833
122000695,238,226,12
122000696,354,183,171
122000698,312,391,-79
122000699,114,39,75
122000701,1069,218,851
122000702,416,915,-499
122000703,131,36,95
122000717,78,41,37
122000718,456,1222,-766
122000719,104,99,5
122000720,541,161,380
122000724,210,239,-29
122900001,19,8,11
122900002,822,3803,-2981
122900003,254,16,238
122900004,986,43,943
122900005,74,74,0
122900006,265,538,-273
122900007,84,105,-21
122900008,246,182,64
122900009,385,264,121
122900010,208,105,103
122900012,181,289,-108
122900014,103,164,-61
122900015,949,591,358
122900016,93,164,-71
122900017,235,526,-291
122900018,124,18,106
122900020,120,239,-119
122900021,40,273,-233
122900022,805,692,113
122900023,247,86,161
122900024,90,80,10
122900025,7,253,-246
122900026,40,165,-125
122900027,48,490,-442
122900028,77,86,-9
122900029,3037,2065,972
122900030,710,367,343
122900031,33,213,-180
122900032,108,241,-133
122900033,133,103,30
122900034,2936,3305,-369
122900035,7,4,3
122900036,37,39,-2
122900037,265,98,167
122900038,55,1827,-1772
122900039,50,290,-240
122900040,168,361,-193
122900041,167,386,-219
122900042,132,204,-72
122900043,181,154,27
122900044,95,262,-167
122900045,85,82,3
122900046,91,355,-264
122900047,114,135,-21
122900048,30,141,-111
122900049,1036,109,927
122900051,79,86,-7
122900052,106,122,-16
122900053,37,29,8
122900055,232,44,188
122900057,187,62,125
122900061,319,84,235
122900062,396,389,7
122900063,128,178,-50
122900064,609,300,309
122900065,399,200,199
122900066,468,258,210
122900067,665,400,265
122900069,215,830,-615
122900070,259,24,235
122900071,108,265,-157
122900073,24,157,-133
122900074,634,323,311
122900075,2,48,-46
122900076,8,183,-175
122900077,7,59,-52
122900078,172,35,137
122900080,31,51,-20
122900081,141,139,2
122900082,721,182,539
122900083,147,98,49
122900084,5,175,-170
122900086,23,91,-68
122900087,300,286,14
122900088,36,154,-118
122900089,173,222,-49
122900090,6,309,-303
122900091,220,1,219
122900092,0,81,-81
122900093,0,152,-152
122900094,8,114,-106
122900095,119,10,109
122900096,236,149,87
122900097,23,30,-7
122900098,46,77,-31
122900099,82,15,67
122900100,87,176,-89
122900101,300,156,144
122900102,12,31,-19
122900103,149,7,142
122900104,232,5,227
122900105,20,10,10
122900106,1,54,-53
122900107,2,131,-129
122900108,4,138,-134
122900109,135,88,47
123000001,824,302,522
123000002,2779,3691,-912
123000003,3188,3099,89
123000004,2476,2992,-516
123000005,2047,2113,-66
123000006,1844,1910,-66
123000007,3447,2194,1253
123000008,2282,2400,-118
123000009,3440,2151,1289
123000010,2517,2791,-274
123000011,1722,708,1014
123000012,637,1680,-1043
123000013,2583,755,1828
123000014,698,2170,-1472
123000015,2000,843,1157
123000016,2751,2679,72
123000017,3327,1633,1694
123000018,106,94,12
123000019,338,181,157
123000020,167,52,115
123000021,108,123,-15
123000022,250,1177,-927
123000023,1316,1478,-162
123000024,1397,578,819
123000025,219,109,110
123000026,62,113,-51
123000027,124,543,-419
123000028,772,1528,-756
123000029,599,1397,-798
123000030,204,200,4
123000031,271,168,103
123000032,359,117,242
123000033,211,62,149
123000034,825,586,239
123000035,295,290,5
123000036,196,623,-427
123000037,217,218,-1
123000038,59,203,-144
123000039,354,1211,-857
123000040,556,260,296
123000041,906,822,84
123000042,737,487,250
123000043,1279,4481,-3202
123000044,3306,1769,1537
123000045,3601,1757,1844
123000046,489,1034,-545
123000047,1318,880,438
123000048,64,739,-675
123000049,4361,7192,-2831
123000050,1095,1150,-55
123000051,72,139,-67
123000052,629,2645,-2016
123000053,1896,2275,-379
123000054,1101,1019,82
123000055,1020,1711,-691
123000056,1029,1156,-127
123000057,6258,4002,2256
123000058,1214,1274,-60
123000059,555,391,164
123000060,650,472,178
123000061,194,483,-289
123000063,583,657,-74
123000064,670,241,429
123000065,2968,1748,1220
123000066,585,397,188
123000067,702,497,205
123000068,1882,1881,1
123000069,4258,2102,2156
123000070,175,398,-223
123000071,841,661,180
123000072,863,584,279
123000073,1137,579,558
123000074,883,724,159
123000075,294,731,-437
123000076,668,431,237
123000077,1802,1622,180
123000078,1337,1190,147
123000079,1379,1438,-59
123000080,1917,1156,761
123000081,107,237,-130
123000082,280,843,-563
123000083,499,218,281
123000084,577,384,193
123000085,392,101,291
123000086,342,88,254
123000087,427,126,301
123000088,1113,756,357
123000089,504,845,-341
123000090,851,677,174
123000091,1146,1006,140
123000092,891,863,28
123000094,400,164,236
123000095,382,464,-82
123000096,600,259,341
123000097,419,475,-56
123000098,648,475,173
123000099,523,588,-65
123000100,383,532,-149
123000101,442,472,-30
123000102,429,506,-77
123000104,258,396,-138
123000105,364,361,3
123000106,395,345,50
123000107,319,354,-35
123000108,577,814,-237
123000111,583,229,354
123000112,864,386,478
123000113,231,467,-236
123000114,300,449,-149
123000115,198,243,-45
123000116,53,92,-39
123000117,1082,1186,-104
123000118,396,551,-155
123000119,197,541,-344
123000120,247,502,-255
123000121,431,409,22
123000122,269,159,110
123000123,426,433,-7
123000124,441,320,121
123000125,616,499,117
123000126,1374,4706,-3332
123000127,707,498,209
123000128,236,230,6
123000129,596,126,470
123000130,520,90,430
123000131,782,708,74
123000132,317,499,-182
123000133,165,309,-144
123000134,277,121,156
123000135,1093,652,441
123000136,163,423,-260
123000137,86,179,-93
123000138,81,248,-167
123000139,399,75,324
123000140,56,513,-457
123000141,541,78,463
123000142,974,843,131
123000143,851,1413,-562
123000144,21,20,1
123000145,200,119,81
123000146,15,86,-71
123000147,51,88,-37
123000149,285,248,37
123000150,96,179,-83
123000151,187,437,-250
123000152,77,277,-200
123000153,342,552,-210
123000154,1120,1332,-212
123000155,1509,962,547
123000156,26,72,-46
123000157,535,640,-105
123000158,407,546,-139
123000159,2286,1809,477
123000160,1099,1129,-30
123000161,1086,710,376
123000162,933,1069,-136
123000163,389,321,68
123000164,1194,269,925
123000165,408,983,-575
123000166,43,101,-58
123000167,138,193,-55
123000168,214,118,96
123000169,596,128,468
123000170,78,101,-23
123000171,523,19,504
123000172,116,335,-219
123000173,353,281,72
123000174,654,282,372
123000175,417,741,-324
123000176,655,154,501
123000177,217,574,-357
123000178,586,119,467
123000179,58,359,-301
123000180,1273,281,992
123000181,237,814,-577
123000182,125,162,-37
123000183,150,409,-259
123000185,604,245,359
123000186,2,383,-381
123000187,449,5,444
123000188,235,1,234
123000189,39,143,-104
123000190,51,212,-161
123000192,26,221,-195
123000193,130,578,-448
123000194,326,262,64
123000195,307,34,273
123000196,274,77,197
123000197,111,73,38
123000198,27,416,-389
123000199,39,602,-563
123000200,263,2,261
123000201,851,34,817
123000202,38,600,-562
123000203,737,73,664
123000204,76,688,-612
123000205,362,1020,-658
123000206,1696,250,1446
123000207,179,726,-547
123000208,654,168,486
123000209,1783,484,1299
123000210,356,1264,-908
123000211,494,1385,-891
123000212,2369,451,1918
123000213,609,95,514
123000215,78,157,-79
123000216,93,590,-497
123000217,212,30,182
123000218,38,446,-408
123000219,481,58,423
123000220,424,56,368
123000221,139,69,70
123000222,233,190,43
123000223,217,179,38
123000224,350,263,87
123000225,250,29,221
123000226,60,199,-139
123000227,61,197,-136
123000228,234,53,181
123000229,737,957,-220
123000232,60,324,-264
123000233,542,104,438
123000234,94,474,-380
123000235,756,199,557
123000236,191,471,-280
123000237,274,70,204
123000238,52,288,-236
123000239,332,803,-471
123000240,46,320,-274
123000241,343,53,290
123000242,88,116,-28
123000243,569,600,-31
123000244,654,541,113
123000245,28,97,-69
123000249,415,385,30
123000252,712,191,521
123000253,945,432,513
123000254,556,582,-26
123000255,762,569,193
123000256,28,135,-107
123000257,1126,878,248
123000258,805,845,-40
123000259,258,338,-80
123000260,323,265,58
123000261,175,108,67
123000262,108,111,-3
123000263,350,67,283
123000264,131,67,64
123000265,42,98,-56
123000266,395,412,-17
123000267,396,295,101
123000268,61,55,6
123000269,42,41,1
123000270,26,32,-6
123000271,54,55,-1
123000272,520,263,257
123000273,196,485,-289
123000274,961,417,544
123000275,195,604,-409
123000278,1564,1874,-310
123000279,103,51,52
123000280,259,237,22
123000281,221,85,136
123000282,80,207,-127
123000283,113,58,55
123000284,70,57,13
123000286,132,292,-160
123000287,380,195,185
123000288,1095,642,453
123000289,329,751,-422
123000291,198,636,-438
123000294,247,258,-11
123000295,772,672,100
123000296,538,298,240
123000297,598,388,210
123000298,493,264,229
123000299,216,251,-35
123000300,1145,930,215
123000301,91,180,-89
123000302,89,103,-14
123000303,75,246,-171
123000305,612,642,-30
123000306,102,105,-3
123000309,45,45,0
123000310,30,45,-15
123000311,69,111,-42
123000312,439,544,-105
123000313,464,278,186
123000315,251,236,15
123000316,752,260,492
123000317,228,63,165
123000318,61,141,-80
123000329,12,12,0
123000337,942,390,552
123000338,210,87,123
123000339,173,127,46
123000340,90,280,-190
123000342,21,112,-91
123000343,36,9,27
123000344,918,328,590
123000345,300,437,-137
123000346,343,55,288
123000352,791,607,184
123000353,42,103,-61
123000354,469,25,444
123000355,0,403,-403
123000356,241,7,234
123000357,1,94,-93
123000359,12,72,-60
123000360,129,50,79
123000361,168,199,-31
123000362,255,68,187
123000363,70,103,-33
123000364,394,363,31
123000365,23,248,-225
123000366,273,1295,-1022
123000367,788,971,-183
123000370,22,184,-162
123000371,525,19,506
123000372,193,26,167
123000373,17,209,-192
123000374,10,112,-102
123000375,264,37,227
123000376,772,599,173
123000377,245,13,232
123000378,4,133,-129
123000379,26,168,-142
123000380,38,257,-219
123000381,81,42,39
123000382,581,80,501
123000383,136,790,-654
123000384,326,81,245
123000385,120,279,-159
123000436,55,764,-709
123000507,87,138,-51
123000508,178,712,-534
123000517,196,19,177
123000518,26,183,-157
123000519,100,59,41
123000520,55,156,-101
123000521,264,80,184
123000522,84,225,-141
123000541,17,2,15
123000542,0,8,-8
123000565,776,37,739
123000566,220,386,-166
123000567,64,149,-85
123000573,22,475,-453
123000574,428,76,352
123000575,927,590,337
123000576,547,925,-378
123000577,46,397,-351
123000578,362,51,311
123000579,1540,3737,-2197
123000580,99,32,67
123000582,268,16,252
123000583,7,171,-164
123000584,146,204,-58
123000585,0,59,-59
123000586,58,2,56
123000596,82,54,28
123000597,48,154,-106
123000602,37,3,34
123000603,675,361,314
123000604,456,444,12
123000605,652,46,606
123000606,0,300,-300
123000609,12,223,-211
123000610,132,101,31
123000613,44,159,-115
123000614,213,38,175
123000615,60,136,-76
123000616,464,29,435
123000617,87,183,-96
123000618,61,336,-275
123000619,355,33,322
123000620,19,278,-259
123000622,302,9,293
123000624,135,58,77
123000630,1166,344,822
123000631,198,808,-610
123000632,820,881,-61
123000633,0,251,-251
123000634,69,93,-24
123000635,77,66,11
123000636,43,313,-270
123000637,132,15,117
123000638,438,30,408
123000639,699,2916,-2217
123000640,26,372,-346
123000648,888,153,735
123000649,186,690,-504
123000650,135,65,70
123000651,29,196,-167
123000652,298,38,260
123000653,48,118,-70
123000654,39,96,-57
123900001,878,45,833
123900002,17,940,-923
123900003,138,251,-113
123900005,170,166,4
123900006,205,42,163
124000001,1465,93,1372
124000002,19,597,-578
124000003,703,163,540
124000004,55,352,-297
124000005,785,263,522
124000006,195,734,-539
124000007,352,87,265
124000008,10,286,-276
124000009,560,183,377
124000010,160,308,-148
124000011,551,222,329
124000012,194,321,-127
124000017,154,83,71
124000018,93,47,46
124000019,107,110,-3
124000020,37,119,-82
124000021,65,96,-31
124000022,75,122,-47
124000023,449,158,291
124000024,742,311,431
124000025,520,353,167
124000026,589,267,322
124000027,1040,696,344
124000028,1632,674,958
124000031,1360,1996,-636
124000032,1393,769,624
124000033,759,422,337
124000034,500,723,-223
124000035,273,151,122
124000036,123,393,-270
124000037,232,956,-724
124000038,36,66,-30
124000039,584,446,138
124000040,451,898,-447
124000041,317,81,236
124000042,93,360,-267
124000043,100,88,12
124000044,58,181,-123
124000045,684,376,308
124000046,228,478,-250
124000047,1129,597,532
124000048,706,772,-66
124000049,1345,453,892
124000050,656,1043,-387
124000051,688,397,291
124000052,464,607,-143
124000053,460,1135,-675
124000054,699,339,360
124000055,1277,2056,-779
124000056,1486,970,516
124000057,856,437,419
124000058,340,927,-587
124000059,616,872,-256
124000060,700,467,233
124000061,1180,4410,-3230
124000062,3782,1367,2415
124000063,1038,1128,-90
124000064,1407,1039,368
124000065,90,344,-254
124000066,192,113,79
124000067,126,112,14
124000068,46,77,-31
124000069,562,118,444
124000070,219,324,-105
124000071,339,101,238
124000072,244,354,-110
124000073,716,149,567
124000074,192,507,-315
124000075,201,23,178
124000076,8,115,-107
124000077,989,755,234
124000078,1464,1155,309
124000079,254,1137,-883
124000080,403,109,294
124000081,141,367,-226
124000082,70,122,-52
124000083,116,78,38
124000084,70,398,-328
124000085,41,39,2
124000086,25,71,-46
124000087,194,79,115
124000088,87,248,-161
124000089,650,182,468
124000090,156,275,-119
124000091,419,94,325
124000092,113,466,-353
124000093,93,80,13
124000094,86,342,-256
124000095,118,65,53
124000096,134,142,-8
124000097,73,125,-52
124000098,43,88,-45
124000099,159,92,67
124000100,57,88,-31
124000101,100,116,-16
124000102,80,39,41
124000103,122,84,38
124000104,91,36,55
124000105,98,80,18
124000106,102,27,75
124000107,22,192,-170
124000108,67,24,43
124000109,149,122,27
124000110,184,77,107
124000111,219,108,111
124000112,546,481,65
124000113,77,92,-15
124000114,287,321,-34
124000115,292,625,-333
124000116,91,196,-105
124000117,42,88,-46
124000118,34,77,-43
124000119,572,287,285
124000120,400,391,9
124000121,1531,680,851
124000122,437,944,-507
124000123,753,337,416
124000124,331,638,-307
124000125,358,314,44
124000126,264,465,-201
124000127,769,304,465
124000128,426,586,-160
124000129,1648,1391,257
124000130,652,452,200
124000131,647,484,163
124000132,611,632,-21
124000133,688,581,107
124000134,697,423,274
124000135,1224,1225,-1
124000136,646,737,-91
124000137,792,546,246
124000138,770,827,-57
124000139,764,56,708
124000140,81,369,-288
124000141,634,25,609
124000142,30,316,-286
124000143,124,10,114
124000144,10,121,-111
124000145,139,27,112
124000146,61,50,11
124000148,15,89,-74
124000149,926,312,614
124000150,228,551,-323
124000151,850,311,539
124000152,653,841,-188
124000153,619,449,170
124000154,308,401,-93
124000155,997,702,295
124000156,1096,710,386
124000169,137,336,-199
124000170,355,357,-2
124000171,182,184,-2
124000172,259,297,-38
124000173,415,115,300
124000174,319,353,-34
124000175,7,59,-52
124000176,21,7,14
124000177,17,41,-24
124000178,49,46,3
124000185,35,12,23
124000186,5,36,-31
124000187,4,35,-31
124000188,66,11,55
124000190,112,35,77
124000191,73,225,-152
124000192,811,220,591
124000193,292,622,-330
124000194,326,322,4
124000195,292,466,-174
124000196,712,686,26
124000197,42,23,19
124000198,44,51,-7
124000201,242,470,-228
124000202,539,233,306
124000203,355,361,-6
124000204,696,252,444
124000205,70,299,-229
124000206,672,258,414
124000207,1,23,-22
124000209,156,186,-30
124000210,448,129,319
124000211,615,4,611
124000212,0,260,-260
124000213,378,193,185
124000214,344,343,1
124000215,388,32,356
124000216,8,322,-314
124000329,134,862,-728
124000338,100,462,-362
124000339,857,72,785
124000341,1150,89,1061
124000344,55,8,47
124000357,1331,2338,-1007
124000358,1305,2147,-842
124000359,954,631,323
124000360,707,341,366
124000361,1106,579,527
124000362,654,971,-317
124000363,200,340,-140
124000364,486,677,-191
124000365,490,861,-371
124000366,1275,1234,41
124000367,94,311,-217
124000368,328,335,-7
124000369,74,65,9
124000370,30,296,-266
124000402,29,8,21
124000403,115,11,104
124000404,19,68,-49
124000405,857,608,249
124000406,632,562,70
124000407,5,38,-33
124000411,8,239,-231
124000412,328,9,319
124000413,113,29,84
124000414,66,103,-37
124000415,83,70,13
124000416,136,139,-3
124000417,141,95,46
124000418,140,48,92
124000419,78,98,-20
124000420,74,43,31
124000421,49,157,-108
124000422,48,11,37
124000423,109,33,76
124000424,8,91,-83
124000425,118,18,100
124000426,2,118,-116
124000427,128,16,112
124000428,16,61,-45
124000429,66,45,21
124000430,586,313,273
124000431,271,307,-36
124000432,180,552,-372
124000439,41,10,31
124000443,2,53,-51
124000445,196,1026,-830
124000446,1022,310,712
124000447,35,118,-83
124000448,67,7,60
124000449,150,9,141
124000450,25,108,-83
124000451,3,101,-98
124000452,307,62,245
124000453,2147,2999,-852
124000454,1946,3925,-1979
124000455,7,594,-587
124000456,336,9,327
124000457,6,176,-170
124000458,2,156,-154
124000459,149,1,148
124000460,10,113,-103
124900001,544,299,245
124900002,95,158,-63
124900003,919,480,439
124900004,625,209,416
124900005,145,66,79
124900006,544,227,317
124900008,710,363,347
124900009,114,205,-91
124900010,134,93,41
124900011,398,235,163
124900012,334,76,258
124900013,422,132,290
124900014,199,42,157
124900015,106,254,-148
124900016,64,68,-4
124900017,394,1193,-799
124900018,54,14,40
124900020,69,27,42
124900021,224,17,207
124900022,55,10,45
124900024,222,4,218
124900026,94,11,83
124900027,99,322,-223
124900028,202,51,151
124900029,8,405,-397
124900030,1,54,-53
124900031,29,154,-125
124900032,134,151,-17
124900033,89,179,-90
124900034,5,67,-62
124900035,97,252,-155
124900036,2,47,-45
124900037,130,118,12
124900038,162,220,-58
124900039,3,95,-92
124900040,116,53,63
124900041,275,683,-408
124900042,81,2,79
124900043,429,587,-158
124900044,56,0,56
124900045,331,856,-525
124900047,85,141,-56
124900048,162,88,74
124900050,141,111,30
124900052,75,242,-167
124900053,117,189,-72
124900054,1228,359,869
124900055,0,141,-141
124900057,14,270,-256
124900060,61,148,-87
124900061,72,2,70
124900062,154,15,139
124900066,0,14,-14
124900067,20,74,-54
124900068,152,344,-192
124900070,28,14,14
124900072,87,44,43
124900075,183,173,10
124900076,32,1000,-968
124900077,29,84,-55
124900078,52,18,34
124900079,308,91,217
124900080,264,352,-88
124900081,892,244,648
124900082,301,559,-258
124900083,208,344,-136
124900085,733,359,374
124900086,33,1009,-976
124900087,496,71,425
124900088,354,71,283
124900089,887,18,869
124900090,219,137,82
124900091,233,143,90
124900092,182,125,57
124900093,271,100,171
124900094,327,145,182
124900095,37,341,-304
124900096,317,176,141
124900097,297,36,261
124900098,95,189,-94
124900099,295,325,-30
124900100,211,13,198
124900101,75,410,-335
124900102,179,2,177
124900103,136,121,15
124900104,65,82,-17
124900105,144,71,73
124900106,288,23,265
124900107,78,14,64
124900108,105,84,21
124900111,2,73,-71
124900112,35,241,-206
124900113,81,245,-164
124900114,115,156,-41
124900115,95,14,81
124900116,171,138,33
124900117,172,131,41
124900118,103,306,-203
124900119,226,113,113
124900120,32,214,-182
124900121,75,294,-219
124900122,185,157,28
124900123,152,92,60
124900124,81,228,-147
124900125,433,4,429
124900126,1,301,-300
204000001,111,15,96
204000002,18,12,6
204000003,13,4,9
204000004,3,0,3
204000005,623,519,104
204000006,1104,1023,81
204000011,13,25,-12
204000012,48,74,-26
204000019,641,445,196
204000020,562,536,26
204000021,1436,695,741
204000022,464,382,82
204000023,518,566,-48
204000031,51,11,40
204000032,327,14,313
204000034,56,106,-50
204000035,0,1,-1
204000036,2,19,-17
204000037,2,17,-15
204000038,0,9,-9
204000039,2,10,-8
204000040,2,12,-10
204000041,6,19,-13
204000042,24,8,16
204000043,44,4,40
204000044,26,1,25
204000045,30,2,28
204000046,5,0,5
204000057,4,7,-3
204000062,24,51,-27
204000068,33,342,-309
204000069,69,322,-253
204000070,71,74,-3
204000080,44,74,-30
204000085,1967,1133,834
204000086,2069,1407,662
204000087,34,15,19
204000088,4,80,-76
204000090,65,174,-109
204000093,287,63,224
204000096,746,1025,-279
204000097,296,24,272
204000099,908,1253,-345
204000100,1085,1717,-632
204000105,1921,1127,794
204000110,452,850,-398
204000111,466,453,13
204000112,556,726,-170
204000113,473,621,-148
204000114,539,576,-37
204000115,439,352,87
204000116,709,660,49
204000119,1770,2384,-614
204000132,694,311,383
204000133,845,249,596
204000134,204,76,128
204000135,579,90,489
204000136,632,175,457
204000138,402,406,-4
204000140,242,122,120
204000141,178,65,113
204000144,11,36,-25
204000145,337,26,311
204000146,19,211,-192
204000147,31,185,-154
204000148,282,33,249
204000154,9,1,8
204000155,1,3,-2
204000177,62,40,22
204000179,20,8,12
204000180,1,25,-24
204000222,0,3,-3
204000235,13,10,3
204000236,42,190,-148
204000238,31,16,15
204000240,294,51,243
204000263,689,872,-183
204000268,881,571,310
204000308,101,47,54
204000317,10,68,-58
204000322,14,32,-18
204000323,9,5,4
204000328,148,68,80
204000329,68,143,-75
204000330,198,65,133
204000331,74,128,-54
205000001,799,1394,-595
205000013,9,52,-43
205000014,28,68,-40
205000015,25,148,-123
205000016,37,143,-106
205000017,23,67,-44
205000022,336,740,-404
205000025,1236,912,324
205000029,175,8,167
205000045,119,446,-327
205000046,134,631,-497
205000047,55,388,-333
205000048,348,821,-473
205000049,191,666,-475
205000050,659,286,373
205000059,0,168,-168
205000060,0,105,-105
205000061,1,100,-99
205000062,1,127,-126
205000063,16,173,-157
205000064,39,81,-42
205000065,63,573,-510
205000066,132,586,-454
205000067,37,635,-598
205000069,158,21,137
205000082,157,139,18
205000110,65,223,-158
205000111,226,235,-9
205000112,188,185,3
205000113,190,334,-144
205000121,191,29,162
205000123,51,183,-132
205000126,408,74,334
205000127,790,129,661
205000128,358,56,302
205000129,576,68,508
205000130,140,24,116
205000131,99,7,92
205000132,129,3,126
205000133,101,0,101
205000134,247,1,246
205000137,61,110,-49
205000138,119,251,-132
205000139,37,92,-55
205000144,123,59,64
205000145,212,135,77
205000151,128,18,110
205000152,175,9,166
205000153,218,26,192
205000154,76,41,35
205000155,89,9,80
205000207,6,108,-102
205000233,34,0,34
205000234,0,0,0
205000243,0,0,0
205000244,0,1,-1
205000245,12,116,-104
205000249,0,18,-18
205000250,7,1,6
205000264,4,79,-75
206000027,1,3,-2
206000028,5,3,2
206000043,11,54,-43
206000053,4,7,-3
206000054,4,12,-8
206000055,0,7,-7
206000075,7,12,-5
206000076,13,15,-2
206000077,19,9,10
206000078,9,6,3
206000079,27,10,17
206000082,304,31,273
206000100,31,256,-225
206000103,5,7,-2
206000104,13,14,-1
206000105,10,15,-5
206000106,7,15,-8
206000125,56,0,56
206000157,38,295,-257
206000170,0,83,-83
206000171,5,121,-116
206000172,4,215,-211
206000173,1,128,-127
206000174,8,49,-41
206000175,2,56,-54
206000176,9,103,-94
206000177,1,89,-88
206000178,1,142,-141
206000179,2,46,-44
206000180,4,84,-80
206000181,10,73,-63
206000182,7,83,-76
206000183,9,251,-242
206000184,9,195,-186
206000185,6,82,-76
206000186,78,405,-327
206000223,3,153,-150
206000226,8,2,6
206000227,6,2,4
206000237,49,180,-131
206000238,14,330,-316
206000239,194,1032,-838
206000240,0,55,-55
206000241,0,48,-48
206000242,2,124,-122
206000243,4,112,-108
206000244,53,339,-286
206000245,570,47,523
206000246,167,9,158
206000247,192,4,188
206000248,249,18,231
206000252,46,42,4
206000258,24,41,-17
206000315,25,2,23
206000317,380,87,293
206000318,369,51,318
206000319,950,98,852
206000320,154,24,130
206000321,117,8,109
206000322,358,16,342
206000323,134,11,123
206000324,155,5,150
206000325,152,7,145
206000326,105,7,98
206000327,140,9,131
206000328,153,0,153
206000329,186,9,177
206000330,40,14,26
206000331,174,5,169
206000332,50,1,49
206000333,430,4,426
206000334,211,1,210
206000335,0,14,-14
206000361,5,107,-102
206000392,3,13,-10
206000405,70,0,70
206000441,22,11,11
206000498,18,1,17
206000515,50,19,31
206000530,201,65,136
206000531,138,158,-20
206000532,1237,190,1047
206000535,154,1087,-933
206000536,8,109,-101
206000537,13,105,-92
206000613,1003,218,785
206000784,310,24,286
207000001,123,523,-400
207000002,92,308,-216
207000003,135,133,2
207000007,950,252,698
207000008,96,6,90
207000009,53,42,11
207000010,358,306,52
207000012,348,192,156
207000015,169,851,-682
207000019,175,57,118
207000021,453,137,316
207000022,155,93,62
207000023,196,48,148
207000024,4,12,-8
207000025,23,72,-49
207000026,98,39,59
207000027,15,46,-31
207000028,41,156,-115
207000029,165,327,-162
207000033,170,353,-183
207000034,201,106,95
207000039,424,117,307
207000040,332,66,266
207000041,46,37,9
207000042,127,48,79
207000043,159,129,30
207000051,83,134,-51
207000052,40,89,-49
207000053,373,431,-58
207000054,43,88,-45
207000055,181,90,91
207000056,305,252,53
207000057,115,233,-118
207000058,203,239,-36
207000059,109,366,-257
207000060,76,152,-76
207000061,193,436,-243
207000062,285,47,238
207000063,291,140,151
207000064,262,116,146
207000065,267,201,66
207000066,187,130,57
207000067,42,90,-48
207000068,137,51,86
207000069,618,232,386
207000082,4,189,-185
207000083,66,182,-116
207000084,225,229,-4
207000085,169,21,148
207000086,195,1,194
207000106,25,38,-13
207000107,87,18,69
207000108,76,16,60
207000109,71,9,62
207000110,49,78,-29
207000111,45,68,-23
207000112,119,618,-499
207000114,22,32,-10
207000115,22,53,-31
207000116,19,304,-285
207000117,8,64,-56
207000118,1,43,-42
207000119,30,55,-25
207000123,133,27,106
207000124,65,27,38
207000125,45,39,6
207000126,45,71,-26
207000134,86,162,-76
207000135,11,153,-142
207000148,41,282,-241
207000149,78,37,41
207000152,97,343,-246
207000153,696,1088,-392
207000154,348,172,176
207000159,139,79,60
207000160,115,269,-154
207000238,0,200,-200
207000242,3,115,-112
207000248,47,16,31
207000249,106,12,94
207000250,351,51,300
207000251,105,74,31
207000252,84,47,37
207000278,76,69,7
207000279,18,69,-51
207000280,569,67,502
207000281,114,575,-461
207000282,74,75,-1
207000283,60,109,-49
207000284,35,201,-166
207000285,98,44,54
207000291,12,84,-72
207000304,86,73,13
207000306,108,289,-181
207000310,80,62,18
207000353,234,3,231
207000356,11,22,-11
207000357,4,18,-14
207000358,9,17,-8
207000415,2,148,-146
207000417,53,2,51
207000418,85,104,-19
207000438,0,0,0
207000439,661,639,22
207000446,148,7,141
207000460,21,5,16
207000466,145,87,58
207000467,203,78,125
207000468,65,213,-148
207000476,6,41,-35
207000477,506,49,457
207000478,1,19,-18
207000523,0,9,-9
207000524,89,9,80
207000527,137,115,22
207000530,456,22,434
207000531,383,5,378
207000532,46,28,18
207000534,291,46,245
207000535,35,251,-216
207000537,17,75,-58
207000540,9,102,-93
207000541,0,221,-221
207000548,14,159,-145
207000549,416,13,403
207000561,135,158,-23
207000562,39,123,-84
207000567,165,181,-16
207000568,204,68,136
207000569,481,480,1
207000584,168,87,81
207000585,50,336,-286
207000587,177,28,149
207000616,0,85,-85
207000617,117,0,117
207000624,89,44,45
207000631,12,120,-108
207900008,255,114,141
208000001,481,1061,-580
208000002,719,497,222
208000003,1147,396,751
208000004,1151,789,362
208000005,2,18,-16
208000019,501,715,-214
208000020,155,413,-258
208000021,294,249,45
208000022,1112,323,789
208000028,903,914,-11
208000033,528,381,147
208000034,954,959,-5
208000037,206,14,192
208000040,128,126,2
208000041,645,479,166
208000042,860,452,408
208000047,113,173,-60
208000064,1823,1316,507
208000066,1236,2044,-808
208000070,304,302,2
208000071,334,553,-219
208000072,293,877,-584
208000080,271,411,-140
208000081,433,107,326
208000082,275,211,64
208000083,139,287,-148
208000084,7,18,-11
208000085,782,487,295
208000086,391,976,-585
208000087,311,607,-296
208000089,930,289,641
208000090,970,441,529
208000093,114,168,-54
208000094,540,322,218
208000095,494,354,140
208000104,766,661,105
208000105,525,761,-236
208000114,83,297,-214
208000115,404,276,128
208000116,464,819,-355
208000117,84,138,-54
208000118,105,137,-32
208000155,510,896,-386
208000158,1275,2999,-1724
208000186,2746,3719,-973
208000204,646,832,-186
208000205,1165,758,407
208000282,4107,2434,1673
209000004,263,174,89
209000005,38,26,12
209000006,331,201,130
209000007,194,299,-105
209000010,283,95,188
209000011,107,174,-67
209000012,115,118,-3
209000013,189,204,-15
209000014,408,658,-250
209000025,293,43,250
209000026,574,118,456
209000027,341,543,-202
209000028,242,347,-105
209000029,419,379,40
209000030,348,730,-382
209000031,1711,1194,517
209000034,198,256,-58
209000035,135,207,-72
209000036,199,128,71
209000037,289,203,86
209000038,123,170,-47
209000039,76,163,-87
209000040,192,352,-160
209000041,117,360,-243
209000042,231,338,-107
209000043,536,756,-220
209000044,176,696,-520
209000045,1007,364,643
209000046,424,352,72
209000047,298,131,167
209000048,503,212,291
209000049,71,59,12
209000050,182,94,88
209000051,236,163,73
209000052,139,146,-7
209000062,50,54,-4
209000063,37,38,-1
209000064,27,52,-25
209000065,82,19,63
209000066,79,22,57
209000067,92,28,64
209000080,16,145,-129
209000082,78,51,27
209000091,26,51,-25
209000093,37,19,18
209000094,85,113,-28
209000110,27,108,-81
209000111,434,1110,-676
209000112,729,602,127
209000113,1136,540,596
209000114,499,409,90
209000115,59,95,-36
209000116,367,260,107
209000118,11,35,-24
209000119,20,17,3
209000121,111,335,-224
209000135,50,208,-158
209000142,532,1047,-515
209000143,54,56,-2
209000144,31,99,-68
209000229,214,117,97
209000240,30,221,-191
209000259,41,65,-24
209000260,22,565,-543
209000261,2,342,-340
209000262,3,274,-271
209000263,0,146,-146
209000264,0,84,-84
209000265,330,2,328
209000266,93,1,92
209000267,773,7,766
209000268,504,51,453
210000037,66,27,39
210000047,70,12,58
210000048,111,14,97
210000049,48,7,41
210000052,66,49,17
210000053,48,41,7
210000054,52,77,-25
210000070,124,2,122
210000071,124,0,124
210000072,28,0,28
210000073,0,23,-23
210000074,0,71,-71
210000075,3,91,-88
210000076,8,142,-134
210000077,10,39,-29
210000078,29,22,7
210000079,29,18,11
210000080,113,99,14
210000081,139,18,121
210000082,115,0,115
210000083,76,4,72
210000084,56,0,56
210000085,0,48,-48
210000086,2,62,-60
210000099,26,182,-156
210000100,38,132,-94
210000101,68,134,-66
210000105,17,165,-148
210000159,2,166,-164
210000163,80,199,-119
210000164,249,175,74
210000168,201,52,149
210000187,0,11,-11
210000188,0,12,-12
210000214,18,0,18
210000219,37,50,-13
210000220,106,48,58
210000232,5,10,-5
210000233,34,36,-2
210000234,12,84,-72
210000235,41,42,-1
210000245,0,32,-32
210000246,55,33,22
210000258,13,70,-57
210000259,359,57,302
210000282,70,166,-96
210000285,2,90,-88
210000286,8,89,-81
210000290,5,18,-13
210000295,38,89,-51
210000296,33,42,-9
210000320,189,54,135
210000321,120,37,83
210000338,52,45,7
210000339,213,872,-659
210000340,99,291,-192
210000341,194,240,-46
210000342,170,164,6
210000343,140,165,-25
210000344,135,107,28
210000345,102,186,-84
210000346,57,95,-38
210000347,48,53,-5
210000348,69,40,29
210000349,64,19,45
210000350,139,115,24
210000351,144,124,20
210000352,41,46,-5
210000353,40,80,-40
210000354,87,76,11
210000355,30,58,-28
210000356,37,56,-19
210000357,52,56,-4
210000358,222,137,85
210000359,89,91,-2
210000360,133,137,-4
210000361,187,164,23
210000362,204,171,33
210000363,740,301,439
210000364,104,131,-27
210000365,159,67,92
210000366,146,65,81
210000367,78,24,54
210000368,157,28,129
210000369,32,57,-25
210000370,44,44,0
210000372,14,44,-30
210000373,42,31,11
210000374,78,81,-3
210000375,30,57,-27
210000376,51,93,-42
210000404,54,90,-36
210000439,40,33,7
210000472,80,1,79
210000482,68,86,-18
210000564,238,227,11
210000567,0,26,-26
210000568,298,1,297
211000092,39,25,14
211000094,17,3,14
211000169,192,8,184
211000172,8,231,-223
211000209,0,11,-11
211000226,6,28,-22
211000270,33,14,19
211000275,9,7,2
211000276,56,14,42
211000279,10,25,-15
211000281,42,21,21
211000302,15,42,-27
211507980,2,55,-53
211977296,31,3,28
212000003,160,48,112
212000004,25,37,-12
212000005,12,35,-23
212000006,33,34,-1
212000008,179,120,59
212000009,27,74,-47
212000012,87,84,3
212000013,35,56,-21
212000014,198,154,44
212000015,240,207,33
212000016,411,407,4
212000027,489,358,131
212000028,312,317,-5
212000029,227,202,25
212000030,54,29,25
212000031,57,67,-10
212000048,22,118,-96
212000049,18,78,-60
212000050,16,4,12
212000051,242,134,108
212000052,218,150,68
212000053,375,348,27
212000054,283,110,173
212000055,212,178,34
212000056,10,51,-41
212000057,11,15,-4
212000058,197,47,150
212000070,147,186,-39
212000077,143,363,-220
212000099,236,276,-40
212000108,180,180,0
212000111,193,106,87
212000120,97,61,36
212000138,128,20,108
212000156,4,62,-58
212000158,22,22,0
212000159,461,72,389
212000160,604,292,312
212000161,74,20,54
212000310,35,12,23
212000311,9,76,-67
212000374,33,3,30
213000001,21,262,-241
213000005,283,114,169
213000006,770,261,509
213000007,73,16,57
213000009,635,406,229
213000010,161,221,-60
213000011,164,101,63
213000012,96,203,-107
213000014,65,21,44
213000015,265,7,258
213000016,380,2,378
213000017,71,1,70
213000018,1,94,-93
213000019,2,134,-132
213000020,70,182,-112
213000021,2,74,-72
213000023,258,184,74
213000033,254,1219,-965
213000034,607,179,428
213000035,100,158,-58
213000045,164,232,-68
213000046,158,165,-7
213000047,549,1161,-612
213000056,85,16,69
213000069,83,2,81
213000073,0,28,-28
213000074,46,271,-225
213000075,480,7,473
213000076,12,0,12
213000085,7,28,-21
213000086,14,120,-106
213000091,219,12,207
213000092,50,7,43
213000099,167,955,-788
213000100,871,296,575
213000101,393,99,294
213000102,491,202,289
213000103,648,529,119
213000104,51,257,-206
213000105,5,138,-133
213000106,41,88,-47
213000107,144,352,-208
213000108,27,275,-248
213000109,5,164,-159
213000110,16,48,-32
213000111,15,73,-58
213000112,95,95,0
213000115,41,9,32
213000116,21,259,-238
213000117,31,488,-457
213000118,299,179,120
213000119,40,385,-345
213000120,92,308,-216
213000122,96,330,-234
213000123,244,668,-424
213000124,102,705,-603
213000125,134,17,117
213000126,45,84,-39
213000127,97,167,-70
213000128,249,870,-621
213000129,279,576,-297
213000130,558,271,287
213000132,371,93,278
213000133,565,74,491
213000134,818,18,800
213000136,413,26,387
213000137,478,62,416
213000139,243,24,219
213000147,56,10,46
213000148,20,5,15
213000149,23,5,18
213000150,0,120,-120
213000151,0,75,-75
213000152,2,61,-59
213000153,6,77,-71
213000154,41,157,-116
213000155,21,187,-166
213000156,81,356,-275
213000157,422,267,155
213000158,255,580,-325
213000159,285,385,-100
213000163,869,126,743
213000165,701,228,473
213000171,50,96,-46
213000172,45,132,-87
213000173,17,78,-61
213000174,6,28,-22
213000175,53,27,26
213000176,17,107,-90
213000177,8,7,1
213000178,50,3,47
213000179,143,39,104
213000180,183,61,122
213000184,77,285,-208
213000188,228,77,151
213000189,308,50,258
213000190,537,471,66
213000191,273,282,-9
213000192,185,237,-52
213000193,565,149,416
213000194,0,75,-75
213000195,18,262,-244
213000196,158,883,-725
213000197,288,384,-96
213000198,26,0,26
213000200,99,556,-457
213000201,70,33,37
213000202,4,394,-390
213000203,2562,507,2055
213000204,679,49,630
213000205,242,66,176
213000206,396,38,358
213000207,91,6,85
213000208,65,3,62
213000209,118,11,107
213000210,295,11,284
213000211,5,19,-14
213000212,33,27,6
213000213,16,45,-29
213000218,168,265,-97
213000219,422,10,412
213000220,316,12,304
213000223,124,208,-84
213000224,32,49,-17
213000225,70,3,67
213000226,75,10,65
213000227,697,157,540
213000228,375,109,266
213000229,149,23,126
213000230,372,24,348
213000232,39,707,-668
213000233,17,50,-33
213000234,3,48,-45
213000293,16,72,-56
213000294,102,33,69
213000295,5,83,-78
213000296,46,18,28
213000297,14,61,-47
213000298,19,61,-42
213000299,38,26,12
213000300,22,12,10
213000303,10,25,-15
213000304,2,9,-7
213000305,9,6,3
213000306,40,12,28
213000307,102,46,56
213000308,70,136,-66
213000309,121,60,61
213000310,276,186,90
213000311,217,524,-307
213000315,75,52,23
213000316,116,49,67
213000322,28,19,9
213000323,23,22,1
213000340,115,347,-232
213000341,414,94,320
213000346,135,122,13
213000347,481,276,205
213000348,6,61,-55
213000349,9,5,4
213000350,268,734,-466
213000366,75,173,-98
213000367,241,21,220
213000379,53,33,20
213000386,19,246,-227
213000406,62,271,-209
213000417,1017,364,653
213000425,150,24,126
213000426,123,47,76
213000427,46,100,-54
213000428,37,120,-83
213000429,20,4,16
213000430,81,367,-286
213000431,146,3,143
213000432,5,46,-41
213000433,15,81,-66
213000434,62,48,14
213000435,123,88,35
213000439,27,15,12
213000441,1,2,-1
213000443,407,278,129
213000445,0,77,-77
213000446,1,37,-36
213000447,2,33,-31
213000448,3,116,-113
213000449,283,2,281
213000450,13,35,-22
213000451,155,41,114
213000452,12,17,-5
213000453,36,171,-135
213000455,247,4,243
213000456,1,188,-187
213000481,14,10,4
213000482,42,1,41
213000489,192,35,157
213000491,1,209,-208
213000492,175,0,175
213000493,0,85,-85
213000494,134,112,22
213000495,0,60,-60
213000496,269,140,129
213000497,30,162,-132
213000498,101,103,-2
213000499,122,274,-152
213000500,290,56,234
213000501,101,33,68
213000502,162,71,91
213000503,2,43,-41
213000504,3,41,-38
213000505,3,8,-5
213000506,0,4,-4
213000507,2,75,-73
213900244,35,0,35
213900245,0,13,-13
218000003,18,28,-10
218000004,23,21,2
218000005,68,33,35
218000006,46,31,15
218000007,6,6,0
218000012,152,107,45
218000013,92,101,-9
218000014,312,339,-27
218000019,598,441,157
218000020,222,310,-88
218000040,5,0,5
218000046,26,94,-68
218000047,6,131,-125
218000048,40,95,-55
218000049,87,129,-42
218000050,246,222,24
218000051,58,228,-170
218000052,0,67,-67
218000053,4,18,-14
218000054,12,46,-34
218000055,5,14,-9
218000056,15,29,-14
218000057,2,22,-20
218000064,3,11,-8
218000065,64,40,24
218000066,2,30,-28
218000067,28,70,-42
218000068,94,43,51
218000069,188,114,74
218000070,161,233,-72
218000071,175,229,-54
218000072,199,160,39
218000078,849,502,347
218000079,99,61,38
218000080,83,56,27
218000081,368,120,248
218000082,36,63,-27
218000083,79,27,52
218000084,145,90,55
218000085,170,226,-56
218000086,78,86,-8
218000087,157,104,53
218000090,11,120,-109
218000091,826,429,397
218000092,81,122,-41
218000093,65,36,29
218000094,460,502,-42
218000099,270,545,-275
218000100,257,206,51
218000101,217,176,41
218000102,423,170,253
218000103,66,80,-14
218000104,94,27,67
218000105,27,22,5
218000106,6,5,1
218000107,58,44,14
218000108,2,27,-25
218000112,44,25,19
218000117,46,49,-3
218000134,394,348,46
218000135,19,50,-31
218000136,142,84,58
218000137,184,102,82
218000138,51,71,-20
218000139,193,236,-43
218000140,403,238,165
218000141,69,57,12
218000142,214,132,82
218000143,101,220,-119
218000144,39,74,-35
218000145,289,210,79
218000146,81,113,-32
218000151,9,8,1
218000152,107,34,73
218000170,12,24,-12
218000171,25,4,21
218000172,7,4,3
218000173,15,4,11
218000174,22,5,17
218000176,159,32,127
218000177,200,122,78
218000178,45,120,-75
218000179,127,51,76
218000180,61,14,47
218000181,134,23,111
218000187,14,19,-5
218000188,60,35,25
218000189,18,44,-26
218000190,4,17,-13
218000191,152,61,91
218000192,168,156,12
218000193,360,201,159
218000194,124,178,-54
218000195,71,43,28
218000196,261,154,107
218000197,237,169,68
218000198,29,95,-66
218000199,34,47,-13
218000200,78,21,57
218000201,17,16,1
218000202,70,185,-115
218000207,3,12,-9
218000208,37,44,-7
218000211,52,23,29
218000213,91,88,3
218000214,8,21,-13
218000215,36,59,-23
218000217,4,80,-76
218000218,107,34,73
218000219,22,23,-1
218000220,59,255,-196
218000221,375,141,234
218000222,7,29,-22
218000223,25,198,-173
218000224,8,98,-90
218000225,119,3,116
218000226,79,37,42
218000232,23,34,-11
218000239,144,17,127
218000240,30,1,29
218000241,36,1,35
218000242,43,0,43
218000243,30,2,28
218000244,52,1,51
218000245,14,1,13
218000246,0,0,0
218000247,4,1,3
218000248,0,18,-18
218000249,0,1,-1
218000250,1,7,-6
218000251,3,18,-15
218000252,8,48,-40
218000253,4,49,-45
218000254,1,5,-4
218000255,0,21,-21
218000256,14,64,-50
218000267,410,801,-391
218000268,19,28,-9
218000269,5,12,-7
218000270,122,39,83
218000271,20,37,-17
218000273,17,13,4
218000274,16,7,9
218000275,19,37,-18
218000276,15,36,-21
218000278,19,23,-4
218000279,80,48,32
218000280,1,28,-27
218000281,13,24,-11
218000282,415,428,-13
218000284,83,9,74
218000301,66,97,-31
218000302,80,45,35
218000303,24,30,-6
218000316,558,769,-211
218000317,936,682,254
218000318,596,491,105
218000319,968,605,363
218000320,825,514,311
218000338,36,31,5
218000345,63,79,-16
218000346,42,136,-94
218000459,21,175,-154
218000490,29,50,-21
218000501,78,60,18
218000502,41,52,-11
218000503,91,15,76
218000504,151,17,134
218000505,26,72,-46
218000506,36,185,-149
218000508,4,6,-2
218000510,129,11,118
218000520,100,75,25
218000521,16,26,-10
218000522,0,88,-88
218000523,125,2,123
218000524,29,186,-157
218000525,109,10,99
218000526,23,84,-61
218000529,45,138,-93
218000531,21,15,6
218000532,23,13,10
218000534,138,24,114
218000537,28,49,-21
218000538,106,224,-118
218000540,146,60,86
218000543,113,26,87
218000544,22,63,-41
218000545,35,61,-26
218000546,44,53,-9
218000547,52,101,-49
218000548,94,84,10
218000549,305,293,12
218000550,118,248,-130
218000551,97,804,-707
218000552,237,44,193
218000553,62,90,-28
218000554,19,19,0
218000555,30,42,-12
218000556,152,180,-28
218000557,188,135,53
218000558,22,1,21
218000559,0,26,-26
218000560,0,19,-19
218000561,10,0,10
218000562,19,140,-121
218000563,162,6,156
218000564,6,92,-86
218000565,139,16,123
218000566,191,15,176
218000567,0,48,-48
218000568,16,7,9
218000569,5,171,-166
218000570,88,17,71
218000571,2,91,-89
218000572,127,1,126
218000573,10,148,-138
218000574,69,24,45
218000575,96,0,96
218000576,1,38,-37
218000577,67,1,66
218000578,0,70,-70
218000579,20,19,1
218000581,4,48,-44
218000582,47,2,45
218000583,5,4,1
218000584,0,15,-15
218000585,61,0,61
218000586,6,56,-50
218000587,1,2,-1
218000588,2,3,-1
218000589,1,1,0
218000590,2,0,2
218000591,2,6,-4
218000592,3,0,3
218000593,13,3,10
218000594,2,0,2
218000597,2,1,1
218000598,0,1,-1
218000599,16,0,16
218000600,2,1,1
218000601,0,0,0
218000602,0,5,-5
218000603,0,0,0
218000604,3,0,3
218000605,0,72,-72
218000606,108,2,106
218000607,14,32,-18
218000608,71,10,61
218000609,7,54,-47
218000610,76,4,72
218000611,22,1,21
218000612,1,18,-17
218000613,26,0,26
218000614,0,31,-31
218000615,156,2,154
218000616,5,82,-77
218000617,23,1,22
218000618,0,15,-15
218000619,4,9,-5
218000620,4,9,-5
218000621,0,0,0
218000622,0,20,-20
218000623,86,0,86
218000624,2,9,-7
218000625,4,0,4
218000626,0,12,-12
218000628,163,38,125
218000631,38,20,18
218000632,0,71,-71
218000633,115,3,112
218000634,4,22,-18
218000635,26,5,21
218000636,653,676,-23
218000637,766,372,394
218000638,175,42,133
218000639,23,122,-99
218000640,195,29,166
218000641,91,211,-120
218000652,37,41,-4
218000653,134,22,112
218000663,14,166,-152
218000675,74,56,18
218000680,184,261,-77
218000681,324,150,174
218000691,217,169,48
218000693,218,110,108
218000718,217,811,-594
218000719,482,416,66
218000720,17,179,-162
218000721,122,18,104
218001147,4,163,-159
218001214,7,46,-39
218001258,252,12,240
218001329,146,88,58
218001330,127,86,41
218001351,29,11,18
218001352,8,19,-11
218001353,11,7,4
218001354,10,35,-25
218001355,39,131,-92
218001356,287,48,239
218001357,47,109,-62
218001358,199,41,158
218001361,392,12,380
218001362,0,166,-166
219000001,27,24,3
219000002,28,45,-17
219000003,47,27,20
219000004,61,55,6
219000017,46,52,-6
219000020,157,24,133
219000022,135,4,131
219000023,110,1,109
219000029,0,58,-58
219000034,30,18,12
219000039,29,161,-132
219000040,29,93,-64
219000041,102,39,63
219000051,0,36,-36
219000052,1,22,-21
219000053,0,59,-59
219000055,156,8,148
219000056,7,0,7
219000057,58,1,57
219000062,35,79,-44
219000063,55,5,50
219000064,4,96,-92
219000110,271,250,21
219000111,108,84,24
219000112,199,85,114
219000113,201,44,157
219000114,226,68,158
219000116,107,36,71
219000117,141,60,81
219000118,137,59,78
219000123,214,83,131
219000124,74,36,38
219000125,20,15,5
219000126,59,94,-35
219000127,1,4,-3
219000128,4,128,-124
219000129,19,105,-86
219000130,376,424,-48
219000131,618,776,-158
219000133,38,51,-13
219000134,17,23,-6
219000135,27,82,-55
219000136,116,246,-130
219000138,68,19,49
219000139,38,47,-9
219000140,54,0,54
219000141,30,80,-50
219000142,15,66,-51
219000143,11,72,-61
219000145,27,26,1
219000146,1,17,-16
219000147,0,20,-20
219000148,4,7,-3
219000149,5,53,-48
219000150,1,25,-24
219000151,2,25,-23
219000157,213,123,90
219000158,178,198,-20
219000161,80,14,66
219000163,938,423,515
219000166,110,163,-53
219000167,141,151,-10
219000168,216,148,68
219000174,379,149,230
219000175,64,3,61
219000176,89,5,84
219000177,26,2,24
219000178,44,2,42
219000179,13,5,8
219000180,28,32,-4
219000182,159,4,155
219000183,68,19,49
219000184,133,7,126
219000185,3,31,-28
219000186,50,13,37
219000187,19,52,-33
219000189,74,161,-87
219000190,78,224,-146
219000191,522,984,-462
219000192,220,142,78
219000193,199,138,61
219000195,1,99,-98
219000196,4,96,-92
219000198,25,83,-58
219000199,63,208,-145
219000200,40,183,-143
219000201,71,194,-123
219000203,25,108,-83
219000204,133,310,-177
219000205,80,179,-99
219000207,166,169,-3
219000209,35,87,-52
219000210,25,93,-68
219000213,13,108,-95
219000239,172,200,-28
219000240,163,280,-117
219000241,132,132,0
219000242,50,82,-32
219000243,77,170,-93
219000244,13,69,-56
219000245,19,32,-13
219000246,47,21,26
219000247,155,32,123
219000248,445,472,-27
219000249,110,87,23
219000250,121,68,53
219000251,364,273,91
219000252,184,151,33
219000253,458,96,362
219000255,125,96,29
219000256,189,86,103
219000257,115,2,113
219000262,104,97,7
219000263,69,148,-79
219000267,2,69,-67
219000268,1,3,-2
219000269,1,2,-1
219000270,7,0,7
219000271,122,1,121
219000278,0,7,-7
219000279,0,1,-1
219000283,0,18,-18
219000295,9,75,-66
219000296,49,298,-249
219000297,28,85,-57
219000298,19,75,-56
219000299,360,70,290
219000300,22,124,-102
219000301,196,283,-87
219000302,25,191,-166
219000307,41,17,24
219000308,48,46,2
219000311,150,53,97
219000312,579,140,439
219000313,382,60,322
219000314,58,260,-202
219000315,252,43,209
219000316,474,61,413
219000317,85,32,53
219000320,0,58,-58
219000321,0,27,-27
219000323,4,29,-25
219000325,1,11,-10
219000326,58,57,1
219000327,64,29,35
219000328,25,42,-17
219000329,206,115,91
219000330,26,26,0
219000331,72,57,15
219000332,109,103,6
219000333,16,0,16
219000335,61,2,59
219000337,13,0,13
219000338,77,0,77
219000344,11,46,-35
219000345,49,45,4
219000346,34,86,-52
219000348,122,71,51
219000349,28,115,-87
219000350,70,360,-290
219000351,1,3,-2
219000352,190,113,77
219000353,75,81,-6
219000354,183,86,97
219000355,126,75,51
219000356,760,1204,-444
219000363,195,63,132
219000364,110,57,53
219000365,78,26,52
219000366,225,300,-75
219000368,264,494,-230
219000370,746,476,270
219000371,6,20,-14
219000382,18,18,0
219000383,413,857,-444
219000385,389,354,35
219000386,631,1265,-634
219000387,1,8,-7
219000390,5,1,4
219000391,4,0,4
219000397,35,39,-4
219000398,49,63,-14
219000401,7,100,-93
219000402,40,56,-16
219000403,145,271,-126
219000404,24,110,-86
219000407,1,22,-21
219000409,49,50,-1
219000410,91,49,42
219000411,64,17,47
219000446,86,247,-161
219000447,1,25,-24
219000448,17,11,6
219000452,117,100,17
219000453,51,166,-115
219000454,149,298,-149
219000556,279,74,205
219000558,275,100,175
219000590,15,102,-87
219000591,95,79,16
219000592,58,260,-202
219000595,5,17,-12
219000635,163,51,112
219000636,42,106,-64
219000657,13,19,-6
219000658,23,120,-97
219000673,0,22,-22
219000676,6,8,-2
219000679,27,3,24
219000684,104,1,103
219000685,2,39,-37
219000686,2,8,-6
219000688,0,39,-39
219000689,9,213,-204
219000690,136,9,127
219000691,28,206,-178
219000692,208,25,183
219000693,0,14,-14
219000694,2,0,2
219000695,20,3,17
219000698,6,0,6
219000699,0,9,-9
219000727,1,77,-76
219000728,110,1,109
219000770,31,2,29
219000771,6,35,-29
219000788,317,311,6
219001150,1,27,-26
219001151,0,4,-4
219001166,52,35,17
219001167,7,58,-51
219001178,41,0,41
220000001,36,49,-13
220000002,10,85,-75
220000003,276,227,49
220000004,313,314,-1
220000005,799,1067,-268
220000006,200,548,-348
220000007,352,318,34
220000008,337,539,-202
220000009,245,268,-23
220000010,115,42,73
220000011,319,2102,-1783
220000012,85,165,-80
220000014,106,38,68
220000015,54,219,-165
220000017,58,147,-89
220000018,2728,924,1804
220000019,78,227,-149
220000020,361,211,150
220000021,718,194,524
220000022,745,354,391
220000023,336,150,186
220000024,1284,458,826
220000025,510,898,-388
220000026,222,312,-90
220000027,31,85,-54
220000028,31,33,-2
220000029,16,78,-62
220000030,64,73,-9
220000031,411,365,46
220000064,8,658,-650
221000046,2,0,2
221000047,0,1,-1
221000048,0,4,-4
221000049,1,5,-4
221000050,13,0,13
221000055,42,54,-12
221000068,234,103,131
221000069,309,62,247
221000070,167,31,136
221000071,70,6,64
221000072,235,8,227
221000073,153,30,123
221000074,3,10,-7
221000075,9,15,-6
221000076,12,27,-15
221000077,13,38,-25
221000081,75,9,66
221000082,59,5,54
221000083,47,4,43
221000084,13,3,10
221000085,21,62,-41
221000086,9,82,-73
221000087,5,90,-85
221000088,19,143,-124
221000089,28,196,-168
221000090,91,397,-306
221000098,98,11,87
221000099,158,15,143
221000100,85,5,80
221000101,209,6,203
221000107,21,4,17
221000108,45,11,34
221000109,1,32,-31
221000110,4,34,-30
221000111,18,258,-240
221000112,2,160,-158
221000113,13,99,-86
221000114,11,117,-106
221000120,31,18,13
221000121,6,28,-22
221000122,19,22,-3
221000123,10,13,-3
221000124,19,100,-81
221000155,69,13,56
221000156,44,35,9
221000175,0,5,-5
221000176,0,1,-1
221000182,47,4,43
221000241,560,251,309
221000242,95,324,-229
221000243,492,223,269
221000244,201,457,-256
221000245,98,105,-7
221000246,55,236,-181
221000247,89,95,-6
221000248,172,135,37
221000267,41,420,-379
221000325,49,31,18
221000331,13,40,-27
221000338,6,12,-6
221000378,162,30,132
221000381,45,45,0
222000282,0,1,-1
222000296,3,14,-11
222000568,242,21,221
222000569,167,35,132
222000570,96,15,81
222000571,244,17,227
222000577,4,78,-74
222000578,22,116,-94
222000579,39,91,-52
222000580,56,504,-448
222000599,0,117,-117
222000600,1,211,-210
222000601,4,537,-533
222000603,15,59,-44
222000604,5,34,-29
222000605,22,14,8
222000606,0,4,-4
222000607,4,5,-1
222000608,31,5,26
222000609,53,117,-64
222000616,252,31,221
222000617,6,21,-15
222000618,16,7,9
222000620,17,6,11
222000621,28,16,12
222000623,381,5,376
222000624,274,1,273
222000625,526,86,440
222000636,51,3,48
222000686,16,20,-4
222000687,48,19,29
222001066,178,2,176
222001067,22,3,19
222001068,43,9,34
222001069,28,22,6
222001082,4,14,-10
222001083,15,30,-15
222001084,0,24,-24
222001085,0,97,-97
222001111,38,101,-63
222001112,109,36,73
222001313,30,6,24
222001314,6,88,-82
222001464,133,30,103
222001465,26,79,-53
222001484,66,50,16
222001485,26,39,-13
222001494,305,86,219
222001495,70,152,-82
222001496,276,80,196
222001497,91,235,-144
222001502,19,62,-43
222001503,88,27,61
222001504,12,181,-169
222001505,248,11,237
222001506,34,233,-199
222001507,200,24,176
222001510,362,11,351
222001511,49,219,-170
222001514,352,111,241
222001515,130,359,-229
222001518,251,65,186
222001519,36,126,-90
222001527,106,63,43
222001528,22,141,-119
222001529,248,25,223
222001530,32,140,-108
222001533,93,154,-61
222001534,207,52,155
222001535,241,222,19
222001536,58,140,-82
222001537,195,31,164
222001538,63,296,-233
222001563,556,74,482
222001564,57,307,-250
222001568,279,108,171
222001576,2,2,0
222001579,0,5,-5
222001583,6,81,-75
222001584,49,5,44
222001596,411,922,-511
222001597,1304,275,1029
222001626,0,118,-118
222001650,41,86,-45
222001651,81,162,-81
222001914,124,48,76
222001915,45,161,-116
222001968,442,212,230
222001969,352,435,-83
222001970,161,119,42
222001971,10,8,2
222001972,1,21,-20
225000001,336,126,210
225000002,479,110,369
225000003,469,93,376
225000004,360,192,168
225000005,63,57,6
225000006,0,163,-163
225000007,991,1016,-25
225000010,219,6,213
225000011,254,666,-412
225000012,211,416,-205
225000013,85,113,-28
225000014,581,98,483
225000015,80,122,-42
225000021,573,112,461
225000027,177,318,-141
225000032,598,79,519
225000042,77,386,-309
225000049,53,35,18
225000050,77,9,68
225000053,4,214,-210
225000058,573,136,437
225000067,145,137,8
225000068,66,190,-124
225000069,113,365,-252
225000070,76,275,-199
225000071,27,114,-87
225000075,35,447,-412
225000076,49,91,-42
225000078,72,38,34
225000085,57,154,-97
225000086,227,97,130
225000087,134,11,123
225000088,3,146,-143
225000089,202,751,-549
225000090,42,297,-255
225000091,148,103,45
225000092,29,38,-9
225000093,158,201,-43
225000094,18,175,-157
225000095,244,194,50
225000096,238,283,-45
225000098,615,236,379
225000099,240,111,129
225000100,295,131,164
225000104,117,277,-160
225000110,4,283,-279
225000111,176,627,-451
225000112,221,844,-623
225000113,111,522,-411
225000114,61,217,-156
225000115,1000,449,551
225000116,845,210,635
225000117,603,194,409
225000118,755,139,616
225000119,203,58,145
225000120,464,44,420
225000121,203,26,177
225000123,556,9,547
225000125,374,125,249
225000126,693,132,561
225000127,613,821,-208
225000128,491,636,-145
225000132,310,28,282
225000133,162,23,139
225000134,547,159,388
225000135,52,10,42
225000136,291,15,276
225000137,206,53,153
225000138,385,52,333
225000143,54,185,-131
225000144,3,216,-213
225000145,61,17,44
225000146,55,104,-49
225000147,44,184,-140
225000148,10,131,-121
225000149,32,309,-277
225000151,38,107,-69
225000155,376,358,18
225000156,163,558,-395
225000157,200,271,-71
225000158,65,184,-119
225000171,11,177,-166
225000180,56,30,26
225000181,0,54,-54
225000182,69,2,67
225000185,2,362,-360
225000187,36,273,-237
225000191,73,0,73
225000194,0,6,-6
225000208,3,43,-40
225000209,89,15,74
225000210,10,148,-138
225000217,0,20,-20
225000218,6,2,4
225000223,0,55,-55
225000224,41,0,41
225000225,1,29,-28
225000226,37,1,36
225000227,49,76,-27
225000228,8,4,4
225000229,0,88,-88
225000230,13,0,13
225000231,0,58,-58
225000232,79,0,79
225000241,83,1,82
225000242,1,44,-43
225000249,41,37,4
225000250,38,420,-382
225000251,342,25,317
226000042,219,326,-107
226000043,49,222,-173
226000044,124,344,-220
226000045,39,233,-194
226000046,373,63,310
226000047,360,95,265
226000048,356,92,264
226000049,207,154,53
226000070,0,16,-16
226000071,1,58,-57
226000072,0,11,-11
226000073,0,3,-3
226000074,0,7,-7
226000084,1,44,-43
226000085,1,8,-7
226000086,7,18,-11
226000087,0,14,-14
226000088,30,10,20
226000090,225,147,78
226000091,7,46,-39
226000092,4,13,-9
226000093,21,4,17
226000094,5,4,1
226000095,24,0,24
226000105,5,6,-1
226000106,3,0,3
226000107,3,0,3
226000108,12,0,12
226000109,71,1,70
226000124,79,41,38
226000134,558,397,161
226000135,1020,466,554
226000136,501,274,227
226000137,12,255,-243
226000138,8,188,-180
226000139,1,13,-12
226000156,145,1,144
226000157,134,5,129
226000163,125,153,-28
226000202,6,203,-197
226000231,516,18,498
226000232,23,5,18
227000033,22,0,22
227000037,273,40,233
227000038,223,46,177
227000049,0,22,-22
227000050,2,48,-46
227000055,74,2,72
227000056,28,3,25
227000084,3,58,-55
227000085,1,45,-44
227000088,37,3,34
227000089,108,2,106
227000090,35,1,34
227000091,24,0,24
227000093,134,0,134
227000094,19,9,10
227000130,16,90,-74
227000131,14,120,-106
227000132,6,114,-108
227000133,12,120,-108
227000134,15,156,-141
227000152,0,5,-5
227000153,1,33,-32
227000155,3,12,-9
227000156,3,4,-1
227000165,1,38,-37
227000196,46,191,-145
227000199,340,22,318
227000230,4,263,-259
227000232,261,18,243
227000241,256,16,240
227000242,60,305,-245
227000243,330,83,247
227000244,256,65,191
227000245,20,239,-219
227000246,83,279,-196
227000247,328,65,263
227000248,140,31,109
227000249,25,144,-119
227000250,29,22,7
227000251,88,240,-152
227000252,23,171,-148
227000253,125,24,101
227000262,311,39,272
227000266,742,25,717
227000267,31,772,-741
227000486,260,148,112
227000655,276,6,270
227000661,65,11,54
227000680,100,44,56
229000265,7,27,-20
229000296,1,23,-22
229000297,6,23,-17
229000298,3,68,-65
229000320,3,3,0
229000321,13,0,13
229000412,9,52,-43
229000414,10,63,-53
229000415,16,0,16
229000416,3,7,-4
229000417,1,10,-9
229000419,65,217,-152
229000440,247,42,205
229000442,16,2,14
229000443,5,3,2
229000444,4,28,-24
229000445,29,5,24
229000446,31,8,23
229000847,20,1,19
229000848,19,1,18
229000849,62,1,61
229000851,34,0,34
229000854,0,19,-19
229000856,0,91,-91
229000857,0,20,-20
229000858,0,32,-32
229000919,17,71,-54
229000930,4,161,-157
229000937,85,10,75
229000966,44,19,25
229000981,15,28,-13
229000985,8,22,-14
229000986,0,3,-3
229000987,0,0,0
229000988,1,4,-3
229000989,11,2,9
229000990,0,1,-1
229000991,0,1,-1
229000992,11,3,8
229000993,57,16,41
229000998,8,34,-26
229000999,45,9,36
229001034,1,7,-6
229001035,3,2,1
229001037,26,9,17
229001042,10,9,1
229001047,2,29,-27
229001050,27,33,-6
229001200,16,3,13
229001338,1,9,-8
229001394,216,3,213
229001422,123,23,100
229001423,13,102,-89
229001431,92,61,31
229001432,29,60,-31
229001444,124,30,94
229001445,46,110,-64
229001503,174,78,96
229001504,122,138,-16
229001505,131,33,98
229001506,69,63,6
229001509,24,17,7
229001545,62,4,58
229001546,9,59,-50
229001553,130,20,110
229001554,24,61,-37
229001559,1,5,-4
229001560,3,13,-10
229001630,36,2,34
229001631,5,19,-14
229001635,0,15,-15
229001636,1,2,-1
229001658,3,72,-69
229001659,49,2,47
229001660,13,5,8
229001661,10,9,1
229001662,8,0,8
229001663,0,18,-18
229002584,106,100,6
229002831,117,82,35
229002841,4,15,-11
229002842,6,17,-11
229002843,17,9,8
229002844,40,20,20
229002845,17,60,-43
229002846,20,11,9
229002847,0,2,-2
229002848,6,5,1
229002849,1,44,-43
229002850,9,3,6
229002851,26,76,-50
229002852,95,13,82
229002853,74,13,61
229002854,27,25,2
229002855,8,22,-14
229002856,15,9,6
229002857,8,44,-36
229002858,8,5,3
229002859,17,23,-6
229002860,116,12,104
229002861,28,13,15
229002862,38,9,29
229002863,24,2,22
229002864,6,18,-12
229002865,10,5,5
229002866,11,14,-3
229002867,3,22,-19
229002868,6,15,-9
229002869,14,94,-80
229002870,48,5,43
235000066,305,60,245
235000067,91,95,-4
235000072,10,54,-44
235000073,59,235,-176
235000074,30,51,-21
235000080,13,102,-89
235000081,66,156,-90
235000082,258,49,209
235000083,135,59,76
235000084,42,48,-6
235000085,122,42,80
235000089,29,24,5
235000092,27,127,-100
235000093,22,5,17
235000097,2,2,0
235000098,50,9,41
235000099,40,17,23
235000116,41,16,25
235000117,481,3,478
235000133,6,332,-326
235000134,8,133,-125
235000206,11,10,1
235000207,6,1,5
235000208,2,1,1
235000209,24,4,20
235000210,6,2,4
235000212,1,19,-18
235000213,0,9,-9
235000220,14,4,10
235000221,55,20,35
235000238,12,106,-94
235000239,1,26,-25
235000242,269,614,-345
235000245,622,171,451
235000246,15,49,-34
235000284,4,93,-89
235000295,93,5,88
235000305,218,26,192
235000306,219,3,216
235000307,7,4,3
235000308,4,4,0
235000309,46,0,46
235000310,27,0,27
235000311,43,12,31
235000322,0,22,-22
235000323,2,58,-56
235000324,1,14,-13
235000325,0,8,-8
235000326,4,118,-114
235000351,2,58,-56
235000352,13,29,-16
235000353,3,24,-21
235000354,7,21,-14
235000355,6,33,-27
235000356,76,2,74
235000357,27,4,23
235000358,112,9,103
235000359,27,7,20
235000360,16,13,3
235000361,66,13,53
235000381,87,162,-75
235000382,141,21,120
235000390,6,4,2
235000391,158,28,130
235000392,190,320,-130
235000393,87,157,-70
235000395,91,32,59
235000396,323,52,271
235000400,60,72,-12
235000401,11,115,-104
235000405,93,213,-120
235000406,49,179,-130
235000407,115,85,30
235000409,207,123,84
235000410,59,190,-131
235000411,0,61,-61
235000485,0,4,-4
235000486,3,0,3
235000549,82,66,16
235000550,54,118,-64
235000599,116,55,61
235000600,3,4,-1
235000601,9,29,-20
235000602,51,48,3
235000614,2,4,-2
235000648,1,12,-11
235000649,22,1,21
235000685,1,3,-2
235000815,13,37,-24
235000834,0,5,-5
235000855,43,57,-14
235000862,28,139,-111
235000891,0,10,-10
235000892,8,0,8
235000901,74,75,-1
235000907,5,10,-5
235001010,58,39,19
235001029,443,255,188
235001030,309,220,89
235001078,54,119,-65
235001079,98,73,25
235001147,33,45,-12
235001166,23,38,-15
235001167,50,33,17
235001169,33,226,-193
235001188,1,8,-7
235001189,4,0,4
235001197,9,27,-18
235001200,50,37,13
235001207,420,46,374
235001210,71,203,-132
235001215,36,180,-144
235001239,0,36,-36
235001244,0,9,-9
235016267,0,32,-32
277102712,2,0,2
277103813,0,0,0
277104249,0,1,-1
277104250,0,7,-7
277104251,0,9,-9
277104252,0,1,-1
990011530,0,126,-126
990014944,0,256,-256
990015176,60,11,49
990016032,0,125,-125
990032570,0,18,-18
990070001,47,2,45
990070103,0,3,-3
990070601,0,14,-14
990070751,719,1,718
990070766,0,273,-273
990071180,383,147,236
990071343,122,88,34
990071387,0,21,-21
990071823,9,0,9
990072600,1,766,-765
990072964,1,193,-192
990073285,0,1,-1
990074393,0,451,-451
990074870,1261,5,1256
990075106,1068,7,1061
990075746,536,6,530
990076437,1148,3,1145
990076458,1,392,-391
997000007,489,2,487
997000041,0,148,-148
997000058,44,0,44
997000062,15,0,15
997000069,0,2,-2
997000070,0,23,-23
997000100,21,0,21
997000141,2,578,-576
997000198,134,475,-341
998000475,1,32,-31
998000736,2,138,-136
998000965,0,3,-3
998001031,0,55,-55
998001700,0,7,-7
998001899,0,0,0
998001900,9,0,9
998003073,582,10,572
998101900,0,0,0
998102850,2,138,-136
998501927,802,708,94
998501929,117,15,102
998501930,30,0,30
998501931,75,5,70
998501932,12,0,12
998501933,32,3,29
998501937,15,0,15
998501944,11,1,10
998501950,0,1,-1
998501970,33,3,30
998501971,0,63,-63
998501973,0,28,-28
998501974,0,170,-170
998501975,55,1,54
998501976,96,0,96
998501977,3,22,-19
998501978,15,0,15
998501979,0,6,-6
998501980,39,1,38
998501981,47,0,47
998501982,0,57,-57
998501983,0,3,-3
998502006,0,1,-1
998502024,0,14,-14
998502032,0,1,-1
998502062,4,0,4
998502063,0,0,0
998502173,47,0,47
998502269,0,1,-1
998502546,0,127,-127
998502578,3,0,3
998502599,42,216,-174
998502621,0,0,0
998601159,3,87,-84
998601292,0,13,-13
999033574,0,276,-276
999800001,41,3,38
999800002,0,2,-2
999800003,3,1,2
999800004,0,2,-2
999800005,0,9,-9
