ID,insum,outsum,diff
100000001,1116,557,559
100000002,5827,11658,-5831
100000003,4815,8367,-3552
100000004,249,1348,-1099
100000005,3154,4763,-1609
100000006,750,501,249
100000007,2783,925,1858
100000008,75,1137,-1062
100000009,545,694,-149
100000010,16,375,-359
100000011,450,116,334
100000012,13,441,-428
100000013,11,349,-338
100000014,192,1131,-939
100000015,1424,2064,-640
100000016,274,3301,-3027
100000017,370,3725,-3355
100000018,1161,717,444
100000019,3957,4030,-73
100000020,1367,6413,-5046
100000021,7674,2004,5670
100000022,832,6252,-5420
100000023,5869,3144,2725
100000025,510,2372,-1862
100000028,508,3658,-3150
100000029,28,1576,-1548
100000030,34,56,-22
100000031,1902,8851,-6949
100000032,2936,7234,-4298
100000033,1231,5022,-3791
100000034,150,2204,-2054
100000035,691,1770,-1079
100000036,757,2353,-1596
100000037,891,430,461
100000038,2915,1113,1802
100000039,184,555,-371
100000040,551,185,366
100000041,1725,606,1119
100000042,1333,356,977
100000043,569,322,247
100000044,255,359,-104
100000045,288,556,-268
100000046,403,770,-367
100000047,173,386,-213
100000048,144,755,-611
100000049,1532,1576,-44
100000051,799,507,292
100000053,46,9,37
100000054,361,22,339
100000055,730,218,512
100000056,211,776,-565
100000057,1719,604,1115
100000058,983,532,451
100000059,15,511,-496
100000060,858,542,316
100000061,1911,876,1035
100000062,1353,995,358
100000063,775,418,357
100000064,1003,985,18
100000065,347,841,-494
100000066,240,568,-328
100000067,184,910,-726
100000068,384,1778,-1394
100000069,235,1564,-1329
100000072,131,401,-270
100000073,1170,1104,66
100000075,1083,232,851
100000076,1813,6526,-4713
100000077,114,785,-671
100000078,24,61,-37
100000079,8,64,-56
100000080,3,56,-53
100000081,17,203,-186
100000102,3526,11024,-7498
100000103,2543,1854,689
100000104,7289,2290,4999
100000105,1202,2821,-1619
100000106,868,5267,-4399
100000107,82,1707,-1625
100000108,300,1886,-1586
100000109,503,3018,-2515
100000116,260,684,-424
100000117,36,166,-130
100000118,517,1608,-1091
100000119,991,1409,-418
100000121,281,701,-420
100000122,616,6720,-6104
100000123,1052,3395,-2343
100000124,2014,2993,-979
100000125,14108,3227,10881
100000126,558,2307,-1749
100000127,1144,2288,-1144
100000128,350,5267,-4917
100000129,364,1407,-1043
100000130,862,208,654
100000131,680,1650,-970
100000132,1357,1490,-133
100000133,1316,920,396
100000135,954,1216,-262
100000139,157,674,-517
100000140,86,114,-28
100000142,411,732,-321
100000143,1612,382,1230
100000144,1629,540,1089
100000147,2261,5379,-3118
100000150,99,671,-572
100000151,318,3397,-3079
100000153,56,900,-844
100000154,17,1288,-1271
100000155,0,68,-68
100000156,138,208,-70
100000157,193,183,10
100000158,207,156,51
100000159,129,3218,-3089
100000165,900,691,209
100000169,26,2832,-2806
100000174,266,1610,-1344
100000179,156,1582,-1426
100000180,436,2907,-2471
100000181,219,548,-329
100000188,49,322,-273
100000189,816,402,414
100000190,539,2502,-1963
100000191,1173,814,359
100000192,16,142,-126
100000193,341,188,153
100000330,671,1093,-422
100000355,298,630,-332
100000362,2436,1016,1420
100000363,6864,10015,-3151
100000364,35,264,-229
100000365,6956,10854,-3898
100000366,1784,1203,581
100000367,6783,7685,-902
100000368,2298,1716,582
100000369,645,2773,-2128
100000370,250,1087,-837
100000376,45,382,-337
100000379,876,6649,-5773
100000380,3336,14046,-10710
100000384,5950,10467,-4517
100000385,1679,7917,-6238
100000386,1559,8641,-7082
100000387,5104,11369,-6265
100000388,1694,4604,-2910
100000389,5195,8221,-3026
100000390,2621,3675,-1054
100000391,2145,7854,-5709
100000392,632,3535,-2903
100000393,598,5335,-4737
100000394,2249,6928,-4679
100000395,912,6869,-5957
100000396,1060,2382,-1322
100000397,1850,9362,-7512
100000398,6000,4307,1693
100000413,3,0,3
100000414,48,1132,-1084
100900002,3,28,-25
100900003,753,299,454
100900004,4,939,-935
100900005,196,3,193
100900006,31,15,16
100900007,272,25,247
100900008,0,403,-403
100900009,19,34,-15
100900010,29,3,26
100900011,190,46,144
100900012,0,208,-208
100900013,1132,10,1122
100900014,0,1,-1
100900015,32,69,-37
100900016,15,93,-78
100900017,1429,77,1352
100900018,6,8,-2
100900019,34,46,-12
100900020,565,2,563
100900021,438,0,438
100900022,1,10,-9
100900023,0,48,-48
100900024,350,0,350
100900025,26,6,20
100900026,73,104,-31
100900027,466,3007,-2541
100900028,37,592,-555
100900029,142,15,127
100900030,2,630,-628
100900031,1027,60,967
100900032,600,0,600
100900033,98,649,-551
100900034,1840,2,1838
100900035,198,0,198
100900036,15,0,15
100900037,102,39,63
100900038,15,321,-306
100900039,347,150,197
100900040,602,270,332
100900041,1278,207,1071
100900042,234,4691,-4457
100900043,0,117,-117
100900044,1018,806,212
100900045,4,5,-1
100900046,1163,10,1153
100900047,671,72,599
100900048,117,25,92
100900049,38,94,-56
100900050,7,53,-46
100900051,24,332,-308
100900052,388,5,383
100900053,709,31,678
100900054,10,33,-23
100900055,619,1486,-867
100900056,19,42,-23
100900057,3763,480,3283
100900058,133,40,93
100900059,122,0,122
100900060,217,6,211
100900061,132,211,-79
100900062,0,26,-26
100900063,233,1079,-846
100900064,671,15,656
100900065,46,166,-120
100900066,271,116,155
100900067,9,0,9
100900068,109,100,9
100900069,156,9,147
100900070,683,1,682
100900071,145,91,54
100900072,0,38,-38
100900073,154,456,-302
100900074,1,20,-19
100900075,2209,167,2042
100900076,3,27,-24
100900077,55,5,50
100900078,332,255,77
100900079,4,64,-60
100900080,127,70,57
100900081,31,110,-79
100900082,320,97,223
100900083,7,46,-39
100900085,5,840,-835
100900086,27,367,-340
100900088,226,107,119
100900089,0,13,-13
100900090,67,1968,-1901
100900091,1,2,-1
100900092,63,130,-67
100900093,341,566,-225
100900094,164,56,108
100900095,3,85,-82
100900096,27,514,-487
100900097,11,0,11
100900098,27,94,-67
100900099,2,600,-598
100900100,3,396,-393
100900101,179,30,149
100900102,1,50,-49
100900103,3,14,-11
100900104,3,227,-224
100900105,7,646,-639
100900106,5,6,-1
100900107,3440,894,2546
100900108,0,16,-16
100900109,18,65,-47
100900110,5,23,-18
100900111,12,203,-191
100900112,5,8,-3
100900113,11,8,3
100900114,32,34,-2
100900115,21,87,-66
100900116,1154,382,772
100900117,208,1041,-833
100900118,14,114,-100
100900119,19,38,-19
100900120,18,14,4
100900121,374,292,82
100900122,40,87,-47
100900123,173,29,144
100900124,2,9,-7
100900125,3,24,-21
100900126,627,102,525
100900127,11,12,-1
100900128,59,1236,-1177
100900129,0,349,-349
100900131,9,131,-122
100900133,94,24,70
100900134,14,4,10
100900135,1,738,-737
100900137,264,185,79
100900138,308,491,-183
100900139,1,15,-14
100900140,3,178,-175
100900141,2,611,-609
100900142,0,5,-5
100900143,345,960,-615
100900144,0,0,0
100900145,51,280,-229
100900146,4,20,-16
100900147,25,2855,-2830
100900148,133,155,-22
100900149,9,446,-437
100900150,0,18,-18
100900151,52,502,-450
100900152,268,9,259
100900153,4,351,-347
100900154,5,289,-284
100900155,6,1,5
100900156,28,2,26
100900157,3,256,-253
100900159,3,99,-96
100900160,37,1,36
100900161,59,0,59
100900162,6,324,-318
100900163,101,72,29
100900164,116,38,78
100900165,13,30,-17
100900166,8,1,7
100900167,2,29,-27
100900168,7,156,-149
100900169,32,1343,-1311
100900170,17,15,2
100900171,25,584,-559
100900172,0,88,-88
100900173,15,81,-66
100900174,72,21,51
100900176,1651,406,1245
100900177,503,263,240
100900178,109,194,-85
100900179,277,418,-141
100900180,0,3,-3
100900181,22,40,-18
100900182,33,7,26
100900184,16,53,-37
100900186,443,198,245
100900187,68,83,-15
100900188,24,10,14
100900189,2672,96,2576
100900191,479,1094,-615
100900192,140,452,-312
100900195,107,968,-861
100900197,83,93,-10
100900198,17,18,-1
100900199,2,4,-2
100900200,983,270,713
100900201,132,827,-695
100900202,51,0,51
100900203,0,64,-64
100900204,66,959,-893
100900205,183,557,-374
100900206,187,186,1
100900207,290,139,151
100900210,111,93,18
100900211,589,89,500
100900213,123,34,89
100900214,242,166,76
100900215,44,16,28
100900217,135,207,-72
101000001,1882,2162,-280
101000002,7877,9572,-1695
101000003,564,779,-215
101000004,7227,5749,1478
101000005,3823,5588,-1765
101000006,11084,10482,602
101000007,4267,4744,-477
101000009,3379,926,2453
101000010,1209,1175,34
101000011,1800,374,1426
101000012,381,834,-453
101000013,548,1493,-945
101000014,349,383,-34
101000015,2427,1955,472
101000016,215,1158,-943
101000017,368,693,-325
101000018,1426,12130,-10704
101000020,1719,2525,-806
101000021,591,1496,-905
101000022,4,39,-35
101000023,950,1482,-532
101000025,376,822,-446
101000026,224,38,186
101000027,1569,4574,-3005
101000028,1053,360,693
101000029,77,1335,-1258
101000030,921,94,827
101000031,76,659,-583
101000032,1778,5504,-3726
101000033,1128,8036,-6908
101000034,896,3681,-2785
101000035,372,501,-129
101000036,355,3633,-3278
101000037,1080,5837,-4757
101000039,2011,4503,-2492
101000040,2881,7807,-4926
101000041,2339,7195,-4856
101000042,42,1178,-1136
101000043,3604,9512,-5908
101000045,239,1009,-770
101000046,1040,2175,-1135
101000047,858,4477,-3619
101000048,593,654,-61
101000049,477,3176,-2699
101000050,625,2424,-1799
101000051,556,2100,-1544
101000052,1812,2117,-305
101000053,444,2115,-1671
101000054,2700,1208,1492
101000055,1231,2216,-985
101000056,25,217,-192
101000057,603,3548,-2945
101000058,840,2751,-1911
101000059,2432,3405,-973
101000060,3065,2097,968
101000061,286,2863,-2577
101000062,262,963,-701
101000063,127,2308,-2181
101000064,274,2182,-1908
101000065,135,1774,-1639
101000066,331,2362,-2031
101000067,191,1100,-909
101000068,72,406,-334
101000069,238,141,97
101000070,355,764,-409
101000071,4908,1925,2983
101000072,474,2687,-2213
101000073,354,1329,-975
101000074,1424,3557,-2133
101000075,1871,2912,-1041
101000077,1875,1581,294
101000078,525,1282,-757
101000079,779,971,-192
101000080,858,969,-111
101000081,1754,1563,191
101000082,2174,1865,309
101000083,3269,2689,580
101000084,933,529,404
101000085,1831,1598,233
101000086,653,1334,-681
101000087,1040,1104,-64
101000088,2145,1451,694
101000089,1264,1921,-657
101000090,1727,741,986
101000091,740,368,372
101000092,2462,609,1853
101000093,1986,555,1431
101000094,1111,832,279
101000095,707,552,155
101000096,957,358,599
101000097,559,1260,-701
101000098,461,1446,-985
101000099,530,1346,-816
101000100,775,1908,-1133
101000101,231,1661,-1430
101000102,482,2147,-1665
101000103,406,1922,-1516
101000104,399,1217,-818
101000105,173,815,-642
101000106,101,3358,-3257
101000107,287,676,-389
101000108,836,141,695
101000109,1034,151,883
101000110,34,199,-165
101000111,53,226,-173
101000113,118,1251,-1133
101000114,1589,6569,-4980
101000115,24,11,13
101000116,7,65,-58
101000117,1581,316,1265
101000119,10,101,-91
101000120,52,143,-91
101000121,26,48,-22
101000122,87,89,-2
101000123,16,75,-59
101000124,452,402,50
101000125,64,134,-70
101000128,86,1870,-1784
101000130,233,219,14
101000131,1715,407,1308
101000132,936,544,392
101000135,5,16,-11
101000136,102,149,-47
101000137,11,758,-747
101000141,527,6254,-5727
101000147,1582,386,1196
101000148,1071,8,1063
101000149,52,55,-3
101000150,266,317,-51
101000151,502,57,445
101000152,428,432,-4
101000153,392,220,172
101000154,436,629,-193
101000155,554,200,354
101000156,23,723,-700
101000157,36,330,-294
101000160,42,14,28
101000163,56,993,-937
101000164,359,150,209
101000165,351,702,-351
101000166,161,329,-168
101000168,1123,815,308
101000252,3497,1287,2210
101000254,46,33,13
101000258,51,4,47
101000261,45,106,-61
101000262,2529,8173,-5644
101000263,433,1359,-926
101000265,112,727,-615
101000266,478,233,245
101000269,14,36,-22
101000290,152,3108,-2956
101000293,0,59,-59
101000294,944,740,204
101000295,412,207,205
101000301,192,1001,-809
101000304,2940,6135,-3195
101000305,3324,2657,667
101000328,151,1224,-1073
101900001,46,42,4
101900002,0,4,-4
101900003,19,372,-353
101900004,2,350,-348
101900005,1348,4340,-2992
101900006,2069,600,1469
101900007,498,182,316
101900008,86,745,-659
101900009,57,583,-526
101900010,516,833,-317
101900011,38,1459,-1421
101900012,606,63,543
101900013,675,77,598
101900017,8,109,-101
101900018,1214,261,953
101900019,87,142,-55
101900020,85,50,35
101900021,1,36,-35
101900022,176,1063,-887
101900023,164,103,61
101900026,133,42,91
101900027,28,112,-84
102000001,4011,7730,-3719
102000002,2547,4407,-1860
102000003,2346,5671,-3325
102000004,5185,3506,1679
102000005,2049,4376,-2327
102000006,612,1609,-997
102000007,2747,5060,-2313
102000008,6214,1845,4369
102000009,9489,9713,-224
102000010,4673,2755,1918
102000011,6562,5779,783
102000012,4296,3016,1280
102000018,4561,4031,530
102000019,3184,2094,1090
102000026,897,340,557
102000029,418,458,-40
102000030,193,343,-150
102000031,151,186,-35
102000032,687,546,141
102000033,491,288,203
102000034,447,443,4
102000035,1153,513,640
102000036,44,220,-176
102000037,268,47,221
102000038,103,539,-436
102000039,66,309,-243
102000040,237,400,-163
102000041,30,806,-776
102000042,34,494,-460
102000043,66,810,-744
102000044,443,1824,-1381
102000045,1088,1424,-336
102000046,1865,1000,865
102000047,1287,1032,255
102000048,761,601,160
102000049,1067,1679,-612
102000050,2220,1734,486
102000051,180,1069,-889
102000052,1399,1742,-343
102000053,1054,2064,-1010
102000054,1197,1057,140
102000055,1705,296,1409
102000056,2741,361,2380
102000057,2624,575,2049
102000058,1140,878,262
102000059,1078,1838,-760
102000060,1109,998,111
102000061,2244,1825,419
102000062,2744,1067,1677
102000063,1425,1785,-360
102000064,702,657,45
102000065,50,93,-43
102000066,939,939,0
102000067,8196,5171,3025
102000068,9862,4637,5225
102000069,83,2358,-2275
102000070,2052,45,2007
102000071,7153,13624,-6471
102000072,2700,4628,-1928
102000073,528,406,122
102000074,925,1211,-286
102000075,227,193,34
102000076,568,181,387
102000077,850,260,590
102000078,1785,259,1526
102000079,184,78,106
102000080,520,209,311
102000081,256,765,-509
102000082,705,513,192
102000083,1279,232,1047
102000084,656,193,463
102000085,1937,653,1284
102000086,1913,775,1138
102000087,803,1339,-536
102000088,580,332,248
102000089,1591,353,1238
102000090,330,1260,-930
102000091,1157,630,527
102000092,333,625,-292
102000093,1520,803,717
102000094,523,308,215
102000095,672,1271,-599
102000096,321,405,-84
102000097,713,327,386
102000098,234,498,-264
102000099,675,726,-51
102000100,329,831,-502
102000101,207,360,-153
102000102,327,1320,-993
102000103,3865,482,3383
102000104,898,442,456
102000105,303,534,-231
102000106,993,606,387
102000107,2939,246,2693
102000108,799,447,352
102000109,1280,699,581
102000110,2024,957,1067
102000111,3,791,-788
102000112,104,226,-122
102000113,17,100,-83
102000114,1920,364,1556
102000115,200,521,-321
102000116,292,860,-568
102000117,82,1241,-1159
102000118,863,2249,-1386
102000119,857,1545,-688
102000120,228,685,-457
102000121,928,298,630
102000122,366,914,-548
102000123,925,615,310
102000124,1668,1274,394
102000125,323,566,-243
102000126,435,727,-292
102000127,1030,460,570
102000128,608,1082,-474
102000129,1122,528,594
102000130,591,785,-194
102000131,608,616,-8
102000132,198,659,-461
102000133,4593,2518,2075
102000134,1058,875,183
102000135,621,808,-187
102000136,1032,500,532
102000137,457,501,-44
102000138,324,247,77
102000139,73,450,-377
102000140,109,547,-438
102000141,144,470,-326
102000142,445,262,183
102000143,387,212,175
102000144,403,248,155
102000145,574,255,319
102000146,685,341,344
102000147,509,408,101
102000148,404,1019,-615
102000149,497,140,357
102000150,805,78,727
102000151,105,122,-17
102000152,354,260,94
102000153,891,801,90
102000154,167,381,-214
102000155,83,681,-598
102000156,302,218,84
102000157,116,1516,-1400
102000158,229,520,-291
102000159,2835,1568,1267
102000161,3860,2513,1347
102000162,192,265,-73
102000163,151,392,-241
102000164,645,675,-30
102000165,335,372,-37
102000166,112,229,-117
102000167,158,390,-232
102000168,224,156,68
102000169,167,746,-579
102000170,1145,168,977
102000171,103,226,-123
102000172,7,364,-357
102000173,398,353,45
102000174,195,86,109
102000175,63,122,-59
102000176,26,101,-75
102000178,187,720,-533
102000179,589,441,148
102000180,1475,256,1219
102000181,1138,293,845
102000182,504,301,203
102000183,2393,1055,1338
102000184,2102,504,1598
102000185,3476,801,2675
102000186,2683,1017,1666
102000187,1139,1281,-142
102000188,2003,1856,147
102000189,2562,607,1955
102000190,524,2658,-2134
102000191,844,292,552
102000192,2742,1891,851
102000193,123,147,-24
102000194,49,599,-550
102000195,829,536,293
102000196,284,522,-238
102000197,1376,218,1158
102000198,243,529,-286
102000199,1571,102,1469
102000200,430,726,-296
102000201,1680,417,1263
102000202,15,244,-229
102000203,825,201,624
102000204,1183,865,318
102000205,1517,882,635
102000206,772,727,45
102000207,809,680,129
102000208,642,1206,-564
102000209,81,232,-151
102000210,1193,629,564
102000211,529,241,288
102000212,686,3,683
102000213,6,265,-259
102000214,821,18,803
102000215,3,278,-275
102000216,137,173,-36
102000217,45,154,-109
102000218,320,307,13
102000219,259,122,137
102000225,309,751,-442
102000226,216,244,-28
102000227,122,0,122
102000228,2,202,-200
102000229,78,37,41
102000230,481,281,200
102000231,360,342,18
102000232,146,249,-103
102000233,1893,339,1554
102000234,159,1102,-943
102000236,391,65,326
102000237,1152,827,325
102000238,366,434,-68
102000240,410,860,-450
102000241,190,103,87
102000243,5,12,-7
102000245,13,78,-65
102000246,8,95,-87
102000247,300,340,-40
102000248,218,754,-536
102000249,208,144,64
102000250,107,144,-37
102000254,241,164,77
102000266,1,310,-309
102000271,43,1,42
102000286,439,312,127
102000297,3254,1404,1850
102000305,0,0,0
102000307,0,4,-4
102000316,556,70,486
102900001,1082,397,685
102900002,307,47,260
102900003,166,163,3
102900005,587,196,391
102900006,657,55,602
102900007,907,12,895
102900008,260,25,235
102900009,165,394,-229
102900010,78,1065,-987
102900011,1126,679,447
102900012,498,209,289
102900013,117,6,111
102900015,979,654,325
102900016,82,25,57
102900017,344,82,262
102900018,107,33,74
102900019,553,902,-349
102900020,368,40,328
102900021,42,16,26
102900022,83,35,48
102900023,45,43,2
102900024,64,51,13
102900025,55,42,13
102900026,623,2878,-2255
102900027,72,64,8
102900028,155,1201,-1046
102900029,104,656,-552
102900030,389,440,-51
102900031,551,157,394
102900032,192,35,157
102900033,77,146,-69
102900034,1096,26,1070
102900035,240,407,-167
102900036,653,165,488
102900037,491,203,288
102900038,510,191,319
102900039,12,1096,-1084
102900040,344,294,50
102900041,102,131,-29
102900042,501,125,376
102900043,572,89,483
102900044,626,1072,-446
102900045,422,267,155
102900046,177,64,113
102900047,127,516,-389
102900048,723,234,489
102900049,103,228,-125
102900050,195,490,-295
102900051,167,548,-381
102900053,291,772,-481
102900054,226,1995,-1769
102900055,226,512,-286
102900056,98,359,-261
102900057,5,115,-110
102900058,579,116,463
102900059,38,8,30
102900060,111,515,-404
102900061,286,302,-16
102900062,471,553,-82
102900063,2443,365,2078
102900064,74,647,-573
102900065,799,207,592
102900066,520,12,508
102900068,72,313,-241
102900070,280,583,-303
102900072,27,82,-55
102900073,59,26,33
102900075,3,53,-50
102900076,27,151,-124
102900077,29,7,22
102900078,42,17,25
102900079,253,1,252
102900080,472,11,461
102900081,77,173,-96
102900082,11,238,-227
102900083,94,6,88
102900084,6,36,-30
102900085,151,42,109
102900086,11,100,-89
102900087,286,141,145
102900088,29,85,-56
102900089,191,303,-112
102900090,0,231,-231
102900091,383,1,382
102900092,762,86,676
102900094,1,283,-282
102900095,92,0,92
102900096,118,12,106
102900097,10,25,-15
103000001,2501,4555,-2054
103000002,3232,5442,-2210
103000003,3653,4512,-859
103000004,858,696,162
103000005,1589,6311,-4722
103000006,1626,1884,-258
103000007,787,498,289
103000008,1102,2009,-907
103000009,3052,2045,1007
103000010,391,127,264
103000011,1374,773,601
103000012,1209,2063,-854
103000013,4381,2888,1493
103000014,1286,4543,-3257
103000015,3633,1552,2081
103000016,725,3002,-2277
103000017,228,1344,-1116
103000018,760,172,588
103000019,535,725,-190
103000020,1578,2475,-897
103000021,2182,5160,-2978
103000022,965,1920,-955
103000023,1298,4360,-3062
103000024,100,72,28
103000025,98,1466,-1368
103000026,499,129,370
103000027,134,576,-442
103000028,141,217,-76
103000029,76,178,-102
103000030,2723,1482,1241
103000031,877,3389,-2512
103000032,1960,1395,565
103000033,2915,3093,-178
103000034,1524,1025,499
103000035,206,1448,-1242
103000036,268,196,72
103000037,642,365,277
103000038,466,841,-375
103000039,1205,392,813
103000040,554,516,38
103000041,3834,1540,2294
103000042,2869,260,2609
103000043,1404,713,691
103000044,429,103,326
103000046,362,601,-239
103000047,926,354,572
103000048,339,239,100
103000049,66,148,-82
103000050,872,281,591
103000051,661,747,-86
103000052,859,258,601
103000053,217,361,-144
103000054,2451,403,2048
103000055,2001,1546,455
103000056,1255,617,638
103000057,1921,117,1804
103000058,1151,447,704
103000059,1075,760,315
103000060,1102,234,868
103000061,807,844,-37
103000062,801,280,521
103000063,1036,846,190
103000064,211,106,105
103000065,4,336,-332
103000066,368,17,351
103000069,540,273,267
103000070,822,301,521
103000071,2075,834,1241
103000072,161,656,-495
103000073,1808,118,1690
103000074,1202,170,1032
103000075,134,503,-369
103000076,407,1116,-709
103000077,12,261,-249
103000078,1497,2060,-563
103000079,722,1325,-603
103000080,481,470,11
103000081,321,1085,-764
103000082,781,208,573
103000083,151,624,-473
103000084,106,3,103
103000085,1,117,-116
103000086,424,945,-521
103000087,92,697,-605
103000088,278,632,-354
103000089,391,1265,-874
103000090,5420,1284,4136
103000091,1849,620,1229
103000092,462,238,224
103000093,475,965,-490
103000094,404,187,217
103000095,138,564,-426
103000096,616,54,562
103000097,118,812,-694
103000098,558,145,413
103000099,95,880,-785
103000100,179,438,-259
103000101,1882,97,1785
103000102,63,291,-228
103000103,1034,79,955
103000104,135,88,47
103000105,361,88,273
103000106,21,126,-105
103000107,277,178,99
103000108,2328,2418,-90
103000109,937,1121,-184
103000110,955,957,-2
103000111,382,1203,-821
103000112,254,927,-673
103000113,311,2798,-2487
103000114,2055,2711,-656
103000115,1267,1094,173
103000116,745,413,332
103000117,397,533,-136
103000118,591,464,127
103000119,1912,589,1323
103000120,96,636,-540
103000121,109,100,9
103000122,531,451,80
103000125,8,73,-65
103000126,1276,2,1274
103000127,0,92,-92
103000128,212,1,211
103000129,0,78,-78
103000130,54,51,3
103000131,56,103,-47
103000132,31,84,-53
103000133,12,103,-91
103000134,175,1486,-1311
103000135,822,174,648
103000136,470,861,-391
103000137,376,846,-470
103000138,451,855,-404
103000139,1,136,-135
103000140,388,21,367
103000141,18,179,-161
103000142,146,100,46
103000143,89,173,-84
103000144,243,279,-36
103000145,6,265,-259
103000150,165,33,132
103000152,284,682,-398
103000153,242,513,-271
103000156,5,113,-108
103000157,539,1,538
103000159,308,87,221
103000162,19,20,-1
103000163,12,19,-7
103000164,7,13,-6
103000165,70,190,-120
103000166,502,1187,-685
103000167,444,406,38
103000168,208,170,38
103000169,163,983,-820
103000170,1584,246,1338
103000171,11,187,-176
103000172,740,105,635
103000173,1456,134,1322
103000174,647,344,303
103000175,516,140,376
103000176,986,913,73
103000177,284,719,-435
103000178,96,291,-195
103000179,152,43,109
103000183,590,35,555
103000185,357,44,313
103000186,356,102,254
103000187,1571,190,1381
103000188,34,102,-68
103000189,701,1629,-928
103000191,473,377,96
103000292,1290,2587,-1297
103000293,914,4958,-4044
103000295,59,287,-228
103000296,126,1,125
103000297,7,59,-52
103000504,0,5,-5
103000505,3,18,-15
103000506,1,122,-121
103000507,323,3,320
103000508,75,69,6
103000509,403,781,-378
103900001,5,70,-65
103900002,736,58,678
103900003,942,60,882
103900004,150,2,148
103900005,0,131,-131
103900006,2,8,-6
103900007,221,3,218
103900008,40,0,40
103900009,467,235,232
103900010,402,127,275
103900011,628,101,527
103900012,3,101,-98
103900013,126,39,87
103900014,118,25,93
103900015,161,2,159
103900016,201,128,73
103900017,81,101,-20
103900018,231,68,163
103900019,41,274,-233
103900020,556,446,110
103900021,110,22,88
103900022,549,508,41
103900023,413,0,413
103900024,53,265,-212
103900025,9,4,5
103900026,7,0,7
103900027,473,367,106
103900028,86,489,-403
103900029,1211,134,1077
103900030,393,207,186
103900031,108,7,101
103900032,86,142,-56
103900033,65,103,-38
103900034,84,51,33
103900035,119,42,77
103900036,26,84,-58
103900037,214,64,150
103900038,62,165,-103
103900039,346,136,210
103900040,11,74,-63
103900041,54,40,14
103900042,249,32,217
103900043,345,74,271
103900044,81,944,-863
103900045,298,107,191
103900047,233,7,226
103900048,10,123,-113
103900049,72,1443,-1371
103900050,47,247,-200
103900051,0,75,-75
103900052,191,555,-364
103900053,390,146,244
103900054,437,123,314
103900055,662,163,499
103900056,141,31,110
103900057,389,64,325
103900058,547,193,354
103900059,0,92,-92
103900060,237,88,149
103900061,290,20,270
103900062,1128,336,792
103900063,8,0,8
103900064,305,4,301
103900065,207,247,-40
103900066,372,73,299
103900067,299,4,295
103900068,0,0,0
103900069,154,9,145
103900070,251,122,129
103900071,43,49,-6
103900072,110,95,15
103900073,38,91,-53
103900074,200,39,161
103900075,359,74,285
103900076,958,217,741
103900077,55,265,-210
103900078,417,199,218
103900079,74,280,-206
103900080,4,60,-56
103900081,19,40,-21
103900082,74,157,-83
103900083,3649,2771,878
103900084,25,532,-507
103900085,53,95,-42
103900086,1972,278,1694
103900088,263,493,-230
103900089,40,301,-261
103900090,2,87,-85
103900091,628,107,521
103900092,754,1687,-933
103900093,30,649,-619
103900094,6,38,-32
103900095,150,789,-639
103900096,200,63,137
103900097,26,245,-219
103900098,487,83,404
103900099,576,50,526
103900100,350,122,228
103900101,382,1055,-673
103900102,0,54,-54
103900104,1,17,-16
103900105,51,52,-1
103900106,1,424,-423
103900107,334,19,315
103900108,67,95,-28
103900109,289,18,271
103900110,439,16,423
103900111,291,190,101
103900112,21,137,-116
103900113,103,187,-84
103900114,1499,278,1221
103900115,185,193,-8
103900116,1474,2274,-800
103900117,39,32,7
103900119,9,198,-189
103900120,247,55,192
103900122,431,52,379
103900123,442,1225,-783
103900124,83,367,-284
103900125,116,41,75
103900126,785,126,659
103900127,124,154,-30
103900128,211,54,157
103900131,59,45,14
103900133,1167,24,1143
103900134,0,24,-24
103900135,0,0,0
103900137,0,6,-6
103900138,469,22,447
103900139,338,4941,-4603
103900140,7,616,-609
103900141,263,40,223
103900142,381,72,309
103900143,418,2,416
103900144,0,22,-22
103900145,144,211,-67
103900146,347,140,207
103900147,618,73,545
103900148,518,113,405
103900149,344,163,181
103900150,4287,6652,-2365
103900151,6,114,-108
103900152,1616,227,1389
103900153,30,8,22
103900154,254,2802,-2548
103900155,30,100,-70
103900156,63,73,-10
103900157,187,59,128
103900158,359,45,314
103900159,542,30,512
103900160,79,19,60
103900161,54,128,-74
103900162,47,48,-1
103900163,18,426,-408
103900167,1,113,-112
103900168,74,135,-61
103900169,10,48,-38
103900170,3,47,-44
103900171,12,34,-22
103900172,0,2,-2
103900173,37,40,-3
103900174,468,18,450
103900175,35,140,-105
103900176,25,59,-34
103900177,6,3,3
103900178,130,6,124
103900179,115,31,84
103900180,7,41,-34
103900181,6,139,-133
103900182,4,50,-46
103900184,316,87,229
103900185,82,1108,-1026
103900187,9,236,-227
103900188,162,88,74
103900189,100,2,98
103900190,162,22,140
103900191,38,31,7
103900192,4,101,-97
103900193,28,90,-62
103900194,43,83,-40
103900195,8,191,-183
103900196,45,65,-20
103900197,12,27,-15
103900198,5,15,-10
103900199,146,68,78
103900200,269,75,194
103900201,41,69,-28
103900202,9,59,-50
103900203,110,86,24
103900204,1,22,-21
103900207,0,14,-14
103900208,151,2,149
103900209,6,35,-29
103900210,40,47,-7
103900211,1129,137,992
103900212,236,130,106
103900213,22,559,-537
103900214,391,710,-319
103900215,157,768,-611
103900216,55,17,38
103900217,423,15,408
103900218,83,700,-617
103900219,441,184,257
103900233,383,36,347
103900235,14,347,-333
103900236,2,63,-61
103900242,0,6,-6
103900243,0,2,-2
103900244,122,196,-74
103900245,155,79,76
103900246,52,50,2
103900247,34,60,-26
103900248,3,62,-59
103900249,18,65,-47
103900250,164,102,62
103900251,14,159,-145
103900253,4,119,-115
103900254,1,63,-62
103900255,3,59,-56
103900256,56,85,-29
103900257,688,667,21
103900258,43,14,29
103900259,9,97,-88
103900261,120,2,118
103900262,82,8,74
103900263,66,124,-58
103900264,10,1,9
103900265,20,1,19
103900266,0,182,-182
103900267,0,51,-51
103900268,120,64,56
103900269,268,57,211
103900270,104,177,-73
103900271,159,143,16
103900272,84,28,56
103900273,265,8,257
103900274,485,4,481
103900275,190,4,186
103900277,4,19,-15
103900278,83,930,-847
103900279,194,333,-139
103900280,57,31,26
103900281,151,61,90
103900282,311,3,308
103900283,439,12,427
103900284,28,94,-66
103900285,66,273,-207
103900286,32,100,-68
103900287,6,151,-145
103900288,25,299,-274
103900289,97,393,-296
103900290,81,16,65
103900291,9,14,-5
103900292,94,16,78
103900293,1,13,-12
103900294,13,86,-73
104000001,4944,3230,1714
104000002,2454,2627,-173
104000003,3529,2383,1146
104000004,3440,2795,645
104000005,3775,2717,1058
104000006,4391,2718,1673
104000007,5790,3895,1895
104000008,357,343,14
104000009,181,219,-38
104000010,197,803,-606
104000011,405,134,271
104000012,181,230,-49
104000013,369,679,-310
104000014,350,332,18
104000015,615,321,294
104000016,435,331,104
104000018,816,467,349
104000019,585,582,3
104000020,79,259,-180
104000021,519,283,236
104000022,454,484,-30
104000023,1706,734,972
104000024,381,497,-116
104000026,124,195,-71
104000027,476,260,216
104000028,543,554,-11
104000029,505,344,161
104000030,462,603,-141
104000031,1758,457,1301
104000032,200,152,48
104000033,1140,672,468
104000034,321,150,171
104000035,1361,437,924
104000036,1664,382,1282
104000037,229,120,109
104000038,473,744,-271
104000039,294,79,215
104000040,166,815,-649
104000041,1237,771,466
104000042,210,235,-25
104000043,269,329,-60
104000044,478,710,-232
104000045,990,769,221
104000046,735,888,-153
104000047,836,835,1
104000048,1067,737,330
104000049,1019,437,582
104000050,177,797,-620
104000051,309,1061,-752
104000052,4561,3875,686
104000053,2105,558,1547
104000054,600,176,424
104000055,2953,2647,306
104000056,702,506,196
104000057,546,355,191
104000058,2012,1220,792
104000059,1099,1225,-126
104000060,1580,2049,-469
104000061,1484,832,652
104000062,837,316,521
104000064,1048,487,561
104000065,85,712,-627
104000069,528,2605,-2077
104000070,103,794,-691
104000071,698,386,312
104000072,894,388,506
104000075,175,278,-103
104000076,796,78,718
104000082,2226,6646,-4420
104000083,670,246,424
104000084,208,258,-50
104000085,877,398,479
104000086,369,500,-131
104000087,447,2046,-1599
104000090,1501,767,734
104000092,2209,1181,1028
104000094,1198,875,323
104000095,5011,2159,2852
104000096,3717,123,3594
104000097,4000,591,3409
104000098,5746,732,5014
104000100,2985,1145,1840
104000101,2532,1940,592
104000106,118,856,-738
104000107,891,215,676
104000108,291,310,-19
104000109,495,170,325
104000110,759,1401,-642
104000111,2681,5479,-2798
104000112,667,441,226
104000116,3,604,-601
104000117,446,392,54
104000118,2295,175,2120
104000119,1185,386,799
104000120,353,444,-91
104000121,407,493,-86
104000122,1127,634,493
104000123,1261,836,425
104000124,371,1205,-834
104000125,2746,6346,-3600
104000126,632,621,11
104000127,1752,1520,232
104000128,748,95,653
104000129,526,14,512
104000130,16,346,-330
104000131,436,543,-107
104000132,486,939,-453
104000133,1755,561,1194
104000134,1222,1788,-566
104000135,839,1535,-696
104000136,821,3244,-2423
104000137,2911,383,2528
104000138,1963,384,1579
104000139,2629,2535,94
104000141,1123,459,664
104000142,1012,376,636
104000143,1300,324,976
104000144,232,357,-125
104000145,354,231,123
104000146,178,554,-376
104000147,184,350,-166
104000148,504,166,338
104000149,246,60,186
104000150,1162,563,599
104000151,341,105,236
104000152,796,136,660
104000153,988,789,199
104000154,699,166,533
104000155,581,1086,-505
104000157,2522,1119,1403
104000158,77,575,-498
104000159,1093,1080,13
104000160,2176,3054,-878
104000161,352,136,216
104000162,138,157,-19
104000165,1270,785,485
104000167,915,2184,-1269
104000168,1488,4,1484
104000169,196,102,94
104000170,223,358,-135
104000248,658,808,-150
104000251,149,186,-37
104000272,0,0,0
104000273,0,0,0
104000274,0,0,0
104000275,0,0,0
104000279,2012,1902,110
104000290,126,423,-297
104000291,847,2147,-1300
104000293,2443,2370,73
104000294,133,0,133
104000295,1280,1091,189
104000296,850,729,121
104000297,1341,2457,-1116
104000298,1890,974,916
104000299,1769,1023,746
104000302,256,95,161
104000303,207,205,2
104900001,85,274,-189
104900002,80,358,-278
104900003,65,163,-98
104900004,100,99,1
104900005,686,317,369
104900006,901,101,800
104900007,698,123,575
104900009,66,146,-80
104900010,223,9,214
104900011,21,100,-79
104900012,264,42,222
104900013,104,7,97
104900014,1395,329,1066
104900015,148,0,148
104900016,235,182,53
104900017,125,216,-91
104900018,14,99,-85
104900019,118,6191,-6073
104900020,95,331,-236
104900021,1,19,-18
104900022,4,626,-622
104900023,0,10,-10
104900024,35,1294,-1259
104900025,131,153,-22
104900026,1,26,-25
104900027,607,304,303
104900028,11,294,-283
104900029,8,37,-29
104900030,635,168,467
104900031,57,288,-231
104900032,117,44,73
104900033,208,198,10
104900034,305,133,172
104900035,412,284,128
104900036,472,34,438
104900037,266,123,143
104900038,132,2302,-2170
104900039,323,264,59
104900040,717,19,698
104900041,409,173,236
104900042,231,176,55
104900043,79,599,-520
104900044,1014,82,932
104900045,372,48,324
104900046,780,98,682
104900047,408,72,336
104900048,591,76,515
104900049,118,28,90
104900050,711,64,647
104900051,419,57,362
104900052,231,1,230
104900053,587,118,469
104900054,321,38,283
104900055,537,1,536
104900056,400,14,386
104900057,70,1,69
104900058,532,446,86
104900059,111,47,64
104900061,109,171,-62
104900063,17,421,-404
104900064,0,95,-95
104900065,1,336,-335
104900066,2,75,-73
104900067,0,275,-275
104900068,112,123,-11
104900070,60,190,-130
104900071,0,594,-594
104900072,32,112,-80
104900073,86,113,-27
104900074,45,55,-10
104900075,53,23,30
104900076,127,88,39
104900077,310,90,220
104900078,161,127,34
104900079,164,1606,-1442
104900080,161,195,-34
104900082,2,281,-279
104900085,22,194,-172
104900089,587,0,587
104900091,528,436,92
104900093,139,255,-116
104900097,1702,4857,-3155
104900098,475,42,433
104900099,67,982,-915
104900100,370,233,137
104900102,84,89,-5
104900103,189,58,131
104900106,539,171,368
104900107,98,320,-222
104900108,20,83,-63
104900109,208,229,-21
104900110,15,52,-37
104900111,565,30,535
104900112,491,374,117
104900113,1161,208,953
104900114,964,368,596
104900115,1405,154,1251
104900116,799,148,651
104900118,11,55,-44
104900119,1,71,-70
104900120,13,1705,-1692
104900121,0,13,-13
104900122,0,31,-31
104900123,195,19,176
104900124,104,0,104
104900125,473,99,374
104900126,14,16,-2
104900127,15,34,-19
104900128,125,101,24
104900129,942,3809,-2867
105000001,5928,1936,3992
105000002,3614,3332,282
105000003,3551,6674,-3123
105000004,1669,1293,376
105000005,2252,2601,-349
105000006,1509,3812,-2303
105000007,2091,4463,-2372
105000008,1218,5661,-4443
105000009,3579,5647,-2068
105000010,3241,1403,1838
105000011,3661,4844,-1183
105000012,2733,2092,641
105000013,1718,2225,-507
105000014,5269,5271,-2
105000015,8926,18471,-9545
105000016,976,865,111
105000017,2010,1197,813
105000018,836,2337,-1501
105000019,1306,1529,-223
105000020,71,696,-625
105000021,441,224,217
105000022,107,268,-161
105000023,1681,259,1422
105000028,33,66,-33
105000029,884,1831,-947
105000030,4015,2393,1622
105000031,2,20,-18
105000033,1482,1253,229
105000034,277,1627,-1350
105000037,957,330,627
105000038,1265,2127,-862
105000039,1003,915,88
105000040,900,1677,-777
105000041,249,616,-367
105000042,1950,1599,351
105000043,725,711,14
105000044,773,372,401
105000045,302,367,-65
105000046,1294,379,915
105000047,875,438,437
105000048,1812,538,1274
105000049,307,422,-115
105000050,1376,638,738
105000051,223,482,-259
105000052,988,1699,-711
105000053,230,203,27
105000054,593,1828,-1235
105000055,892,385,507
105000056,2328,2454,-126
105000057,1906,953,953
105000058,1862,1320,542
105000059,1874,1259,615
105000060,695,623,72
105000061,2505,1145,1360
105000062,772,572,200
105000063,530,725,-195
105000064,3711,1079,2632
105000065,606,844,-238
105000066,1120,1982,-862
105000067,2513,1947,566
105000068,375,1283,-908
105000069,2102,4117,-2015
105000070,1059,2136,-1077
105000071,254,3443,-3189
105000072,2472,11191,-8719
105000073,1379,1405,-26
105000074,601,770,-169
105000075,709,934,-225
105000076,2137,1553,584
105000077,3584,1291,2293
105000078,830,1648,-818
105000079,864,3221,-2357
105000080,2283,3204,-921
105000081,1141,1749,-608
105000082,893,2445,-1552
105000083,2058,3042,-984
105000084,707,895,-188
105000085,3228,2793,435
105000086,1291,1184,107
105000087,3972,2995,977
105000088,2770,4603,-1833
105000089,2059,1616,443
105000090,515,498,17
105000091,743,881,-138
105000092,706,1259,-553
105000093,351,671,-320
105000094,235,253,-18
105000095,314,1382,-1068
105000096,1973,3402,-1429
105000097,494,667,-173
105000098,2049,2384,-335
105000099,826,1590,-764
105000100,2660,1086,1574
105000101,4428,1487,2941
105000102,2620,1835,785
105000103,1777,2188,-411
105000104,3316,1477,1839
105000105,1872,1715,157
105000106,2649,1213,1436
105000107,2216,773,1443
105000108,2139,1266,873
105000109,4328,1059,3269
105000110,1197,577,620
105000111,2546,536,2010
105000112,1413,649,764
105000113,902,1350,-448
105000114,1986,1941,45
105000115,513,3313,-2800
105000116,1570,1079,491
105000117,1216,853,363
105000118,1587,638,949
105000119,767,602,165
105000120,2340,680,1660
105000121,1351,596,755
105000122,632,673,-41
105000123,658,653,5
105000124,3020,1100,1920
105000125,1615,1545,70
105000126,2834,2112,722
105000127,3903,2284,1619
105000128,1059,2389,-1330
105000129,2089,685,1404
105000130,265,4198,-3933
105000131,471,197,274
105000132,1794,932,862
105000133,529,781,-252
105000134,1756,690,1066
105000135,524,586,-62
105000136,110,205,-95
105000137,779,240,539
105000138,203,205,-2
105000139,921,536,385
105000140,726,325,401
105000141,589,293,296
105000142,468,514,-46
105000143,188,629,-441
105000144,511,712,-201
105000145,942,443,499
105000146,503,723,-220
105000147,803,643,160
105000148,1193,1247,-54
105000149,3636,2623,1013
105000150,1488,776,712
105000151,1068,568,500
105000152,197,818,-621
105000153,1614,682,932
105000154,863,894,-31
105000155,832,737,95
105000156,273,902,-629
105000157,757,1353,-596
105000158,4281,1182,3099
105000159,437,882,-445
105000160,5227,1162,4065
105000161,969,832,137
105000162,995,4579,-3584
105000163,1484,1162,322
105000164,173,658,-485
105000165,1708,15831,-14123
105000166,5975,2420,3555
105000167,1621,4507,-2886
105000168,465,582,-117
105000169,1979,80,1899
105000170,462,1401,-939
105000171,2283,241,2042
105000172,538,46,492
105000173,577,48,529
105000174,146,84,62
105000175,195,58,137
105000176,732,115,617
105000177,741,373,368
105000178,486,238,248
105000179,1365,147,1218
105000180,477,69,408
105000181,380,198,182
105000182,102,81,21
105000183,2999,2968,31
105000184,626,1047,-421
105000185,686,1427,-741
105000186,575,833,-258
105000187,837,464,373
105000188,170,573,-403
105000189,168,945,-777
105000190,234,618,-384
105000191,450,597,-147
105000192,531,67,464
105000193,141,269,-128
105000194,1354,139,1215
105000195,418,636,-218
105000196,125,479,-354
105000197,252,484,-232
105000198,368,175,193
105000199,98,1050,-952
105000200,147,483,-336
105000201,143,60,83
105000203,63,155,-92
105000204,124,88,36
105000205,172,122,50
105000207,177,85,92
105000208,176,381,-205
105000209,204,134,70
105000211,587,11,576
105000212,1694,553,1141
105000213,45,166,-121
105000214,138,235,-97
105000215,236,169,67
105000216,489,92,397
105000217,391,145,246
105000218,3005,1502,1503
105000221,218,483,-265
105000222,603,691,-88
105000223,812,539,273
105000226,239,124,115
105000227,70,128,-58
105000228,56,1698,-1642
105000229,266,1419,-1153
105000231,562,282,280
105000233,1558,1157,401
105000234,537,766,-229
105000235,717,1069,-352
105000237,2261,210,2051
105000243,63,52,11
105000248,62,129,-67
105000262,610,417,193
105000269,251,117,134
105000270,983,6,977
105000271,0,287,-287
105000282,125,114,11
105000287,229,114,115
105000288,1093,566,527
105000289,602,1646,-1044
105000290,66,24,42
105000402,1830,4945,-3115
105000426,384,501,-117
105000438,734,1256,-522
105000440,22,10,12
105000446,7416,3354,4062
105000447,1762,1190,572
105000454,1117,302,815
105000455,186,123,63
105000474,260,0,260
105000477,1549,700,849
105000478,3597,7498,-3901
105000479,49,295,-246
105000480,4541,9703,-5162
105000481,6422,6331,91
105000482,2317,2727,-410
105000483,3120,4871,-1751
105000484,1681,1928,-247
105000485,1330,4532,-3202
105000486,1978,2530,-552
105000488,3142,1756,1386
105000489,2395,1569,826
105000549,133,591,-458
105000550,412,1028,-616
105000551,20,137,-117
105000552,3244,1193,2051
105000555,1533,2570,-1037
105000556,75,30,45
105000557,91,228,-137
105900001,10,3179,-3169
105900002,550,1864,-1314
105900003,14,213,-199
105900004,172,44,128
105900005,90,487,-397
105900006,15,111,-96
105900007,56,46,10
105900008,156,200,-44
105900009,64,30,34
105900011,190,57,133
105900012,520,84,436
105900013,2,19,-17
105900014,0,70,-70
105900015,79,305,-226
105900016,889,177,712
105900017,2492,28,2464
105900018,109,186,-77
105900019,123,171,-48
105900020,58,131,-73
105900021,54,383,-329
105900022,292,187,105
105900023,17,190,-173
105900024,2,370,-368
105900025,363,8,355
105900026,347,25,322
105900027,15801,4330,11471
105900028,108,1047,-939
105900029,2049,282,1767
105900030,220,357,-137
105900031,567,177,390
105900032,197,136,61
105900033,167,105,62
105900034,747,266,481
105900035,516,244,272
105900036,145,63,82
105900037,231,37,194
105900038,121,246,-125
105900039,240,81,159
105900040,144,166,-22
105900041,199,272,-73
105900042,209,408,-199
105900043,1202,13,1189
105900044,1,686,-685
105900045,2,1916,-1914
105900046,4,245,-241
105900047,4,118,-114
105900048,178,596,-418
105900050,1225,8868,-7643
105900051,71,1420,-1349
105900052,1513,129,1384
105900053,3828,5462,-1634
105900054,245,256,-11
105900056,452,698,-246
105900057,2,131,-129
105900058,24,21,3
105900059,1,209,-208
106000001,2119,3118,-999
106000002,995,3340,-2345
106000003,4962,6542,-1580
106000004,2555,2627,-72
106000005,5735,5689,46
106000006,5638,1900,3738
106000007,704,434,270
106000008,511,244,267
106000009,610,223,387
106000010,256,425,-169
106000011,2399,1445,954
106000012,1216,1050,166
106000013,2938,2029,909
106000014,1411,1332,79
106000015,3334,1553,1781
106000016,1522,1447,75
106000017,763,1217,-454
106000018,553,552,1
106000019,523,639,-116
106000020,403,412,-9
106000021,495,658,-163
106000022,414,174,240
106000023,1065,619,446
106000024,592,595,-3
106000025,265,248,17
106000026,144,351,-207
106000027,2096,2103,-7
106000028,1075,257,818
106000029,977,816,161
106000030,260,620,-360
106000034,117,437,-320
106000035,1267,2476,-1209
106000036,251,401,-150
106000037,1608,1440,168
106000038,69,233,-164
106000039,27,202,-175
106000040,170,996,-826
106000041,1033,545,488
106000043,514,265,249
106000046,468,112,356
106000047,73,451,-378
106000049,1874,402,1472
106000050,429,800,-371
106000051,1707,623,1084
106000052,232,377,-145
106000053,764,193,571
106000054,480,319,161
106000055,689,234,455
106000056,402,287,115
106000057,881,330,551
106000058,273,92,181
106000059,735,380,355
106000060,440,324,116
106000061,271,975,-704
106000062,253,426,-173
106000063,1353,1070,283
106000064,22,395,-373
106000065,621,302,319
106000066,118,433,-315
106000067,784,131,653
106000068,132,744,-612
106000069,539,145,394
106000070,464,666,-202
106000071,1074,428,646
106000072,4497,1623,2874
106000073,2245,8334,-6089
106000074,1173,871,302
106000075,736,1337,-601
106000076,1793,1746,47
106000077,1700,1154,546
106000078,1929,778,1151
106000079,1198,1035,163
106000080,1829,645,1184
106000081,1337,1161,176
106000082,2061,683,1378
106000083,466,1283,-817
106000084,1150,471,679
106000085,1536,1172,364
106000086,615,853,-238
106000087,1016,457,559
106000088,602,780,-178
106000089,1549,276,1273
106000090,449,720,-271
106000091,250,512,-262
106000092,2007,433,1574
106000093,773,105,668
106000094,134,312,-178
106000095,1650,1134,516
106000096,1996,624,1372
106000097,1945,1137,808
106000098,1788,777,1011
106000099,211,672,-461
106000100,2190,225,1965
106000101,1321,324,997
106000102,93,635,-542
106000103,367,644,-277
106000104,1723,517,1206
106000105,574,699,-125
106000106,1283,449,834
106000107,180,314,-134
106000108,1027,215,812
106000109,316,129,187
106000110,681,172,509
106000111,236,205,31
106000112,381,1265,-884
106000113,655,466,189
106000114,804,1720,-916
106000115,483,415,68
106000116,574,248,326
106000117,985,514,471
106000118,2081,1560,521
106000119,1057,706,351
106000120,1527,2229,-702
106000121,594,274,320
106000122,386,138,248
106000123,1419,155,1264
106000124,425,162,263
106000125,87,273,-186
106000126,572,79,493
106000127,999,633,366
106000128,1781,309,1472
106000129,1345,598,747
106000130,1679,470,1209
106000131,314,1259,-945
106000132,1325,252,1073
106000133,2890,2937,-47
106000134,581,5698,-5117
106000135,232,1128,-896
106000136,1493,2377,-884
106000137,146,1280,-1134
106000138,4330,106,4224
106000139,153,157,-4
106000140,71,128,-57
106000141,247,78,169
106000142,174,133,41
106000143,55,69,-14
106000144,124,194,-70
106000145,968,124,844
106000146,651,198,453
106000147,1513,534,979
106000148,2112,772,1340
106000149,1182,442,740
106000150,1252,3641,-2389
106000151,4393,593,3800
106000152,998,4773,-3775
106000153,119,2322,-2203
106000154,1323,146,1177
106000155,316,415,-99
106000156,2142,199,1943
106000157,850,2265,-1415
106000158,1757,668,1089
106000159,4533,3969,564
106000160,919,6310,-5391
106000161,1521,327,1194
106000162,488,2252,-1764
106000163,576,419,157
106000164,1136,328,808
106000165,417,752,-335
106000166,1467,416,1051
106000167,584,1523,-939
106000168,1443,467,976
106000169,324,533,-209
106000170,1655,279,1376
106000171,268,1462,-1194
106000172,2869,2268,601
106000173,732,4179,-3447
106000174,2094,450,1644
106000175,246,570,-324
106000176,3178,1022,2156
106000177,1094,1813,-719
106000178,3822,1604,2218
106000179,759,1826,-1067
106000180,1148,656,492
106000181,1958,1353,605
106000182,2923,664,2259
106000183,2878,417,2461
106000184,2240,622,1618
106000185,2331,2154,177
106000186,437,71,366
106000187,61,2087,-2026
106000188,0,0,0
106000189,19,53,-34
106000190,53,0,53
106000191,692,96,596
106000192,0,12,-12
106000193,425,293,132
106000194,152,396,-244
106000195,188,159,29
106000196,34,359,-325
106000197,1016,185,831
106000198,219,133,86
106000199,856,1329,-473
106000200,335,217,118
106000201,487,7959,-7472
106000202,5009,856,4153
106000203,47,815,-768
106000204,79,7,72
106000205,47,258,-211
106000206,168,20,148
106000207,21,214,-193
106000208,2873,190,2683
106000209,2917,526,2391
106000210,507,807,-300
106000211,347,1145,-798
106000212,1839,551,1288
106000213,319,1157,-838
106000214,1629,482,1147
106000215,448,533,-85
106000216,878,662,216
106000217,217,445,-228
106000218,460,276,184
106000219,284,273,11
106000220,890,269,621
106000221,683,115,568
106000222,155,74,81
106000223,656,229,427
106000224,586,113,473
106000225,173,246,-73
106000226,136,184,-48
106000228,112,162,-50
106000229,216,592,-376
106000231,1838,159,1679
106000232,82,353,-271
106000233,710,268,442
106000234,55,471,-416
106000235,379,465,-86
106000236,186,439,-253
106000237,3,51,-48
106000238,32,73,-41
106000239,1,144,-143
106000240,57,3,54
106000241,21,817,-796
106000242,550,20,530
106000249,146,96,50
106000250,78,966,-888
106000251,163,11,152
106000252,38,57,-19
106000253,93,38,55
106000254,168,12,156
106000255,62,153,-91
106000256,152,22,130
106000257,133,170,-37
106000258,63,156,-93
106000259,11,226,-215
106000260,44,24,20
106000261,48,60,-12
106000262,143,25,118
106000263,20,46,-26
106000264,245,13,232
106000265,96,117,-21
106000266,251,24,227
106000267,13,132,-119
106000268,340,74,266
106000269,40,31,9
106000270,178,206,-28
106000271,106,108,-2
106000272,179,52,127
106000273,11,252,-241
106000274,192,33,159
106000275,256,213,43
106000276,55,20,35
106000277,174,195,-21
106000278,152,33,119
106000279,28,28,0
106000280,143,28,115
106000281,91,31,60
106000282,74,40,34
106000283,158,47,111
106000284,171,54,117
106000285,143,138,5
106000286,215,70,145
106000287,87,84,3
106000288,127,141,-14
106000289,165,66,99
106000290,97,58,39
106000291,161,76,85
106000292,331,89,242
106000293,119,91,28
106000294,89,50,39
106000295,36,58,-22
106000296,12,69,-57
106000297,43,284,-241
106000298,77,159,-82
106000299,21,69,-48
106000300,47,78,-31
106000301,91,166,-75
106000303,94,74,20
106000304,107,29,78
106000305,108,39,69
106000306,38,17,21
106000307,240,22,218
106000308,41,45,-4
106000309,40,27,13
106000310,337,335,2
106000311,736,169,567
106000312,279,253,26
106000313,615,122,493
106000318,132,399,-267
106000319,2459,446,2013
106000320,2,74,-72
106000321,191,280,-89
106000322,513,71,442
106000324,70,145,-75
106000325,2577,808,1769
106000326,937,1330,-393
106000327,534,80,454
106000328,15,218,-203
106000329,70,473,-403
106000330,39,98,-59
106000428,87,339,-252
106000429,197,318,-121
106000430,414,1932,-1518
106000431,3410,614,2796
106000432,1155,3090,-1935
106000433,2948,1755,1193
106000434,4979,1281,3698
106000435,1678,2486,-808
106000436,7,202,-195
106000437,843,59,784
106000438,237,397,-160
106000439,77,1607,-1530
106000440,551,890,-339
106000441,6,0,6
106000442,939,4,935
106000443,352,151,201
106000450,6,139,-133
106000451,35,165,-130
106000454,5,279,-274
106000455,1,130,-129
106000456,183,26,157
106000457,73,676,-603
106000458,1564,120,1444
106000459,686,114,572
106000460,2062,53,2009
106000461,456,261,195
106000462,1,61,-60
106000463,3,20,-17
106000464,5,1986,-1981
106000465,1129,1,1128
106000466,0,594,-594
106000467,768,409,359
106000468,195,190,5
106000469,190,0,190
106000470,172,3625,-3453
106000471,1,319,-318
106000472,164,7,157
106000473,86,6,80
106000474,946,672,274
106000475,1358,354,1004
106000476,284,315,-31
106000477,97,115,-18
106000480,0,1183,-1183
106900001,0,3,-3
106900002,33,226,-193
106900003,16,147,-131
106900004,0,12,-12
106900006,0,12,-12
106900007,0,6,-6
106900008,1643,1407,236
106900009,751,110,641
106900010,1603,183,1420
106900012,839,1022,-183
106900013,1511,4209,-2698
106900014,101,2,99
106900015,37,0,37
106900016,631,28,603
106900017,39,1,38
106900018,38,3,35
106900019,196,1,195
106900020,1944,4030,-2086
106900021,342,178,164
106900022,2126,4,2122
106900023,254,890,-636
106900024,818,53,765
106900025,312,522,-210
106900026,0,21,-21
106900027,1177,1,1176
106900028,0,1,-1
106900029,860,213,647
106900030,0,219,-219
107000001,4038,5612,-1574
107000002,1457,1909,-452
107000003,11036,8666,2370
107000004,4034,1554,2480
107000005,11316,7945,3371
107000006,3879,1811,2068
107000007,7707,9955,-2248
107000008,4281,2646,1635
107000009,12158,8726,3432
107000010,5496,3526,1970
107000011,785,1139,-354
107000012,2772,2203,569
107000013,208,59,149
107000014,131,106,25
107000015,675,392,283
107000016,1338,508,830
107000017,627,2239,-1612
107000018,5,1975,-1970
107000020,613,1822,-1209
107000021,919,459,460
107000022,1118,2077,-959
107000023,2221,255,1966
107000024,595,2205,-1610
107000025,485,218,267
107000026,292,401,-109
107000027,2666,689,1977
107000028,1528,732,796
107000029,5521,3592,1929
107000030,2470,1788,682
107000031,7833,2844,4989
107000032,323,817,-494
107000033,2441,4554,-2113
107000034,4842,1310,3532
107000035,645,297,348
107000036,504,1828,-1324
107000037,202,875,-673
107000038,482,220,262
107000039,1576,1262,314
107000040,423,192,231
107000041,1198,918,280
107000042,584,2874,-2290
107000043,1532,1135,397
107000044,332,428,-96
107000045,74,442,-368
107000046,951,417,534
107000047,552,1119,-567
107000048,870,428,442
107000049,603,988,-385
107000050,1155,759,396
107000051,327,448,-121
107000052,1303,2310,-1007
107000053,410,848,-438
107000054,34,212,-178
107000055,634,260,374
107000056,481,457,24
107000057,2050,139,1911
107000058,2236,4097,-1861
107000059,2965,2807,158
107000060,7071,7548,-477
107000061,4757,2866,1891
107000062,8111,4692,3419
107000063,4250,3151,1099
107000064,7652,5220,2432
107000065,3163,5114,-1951
107000066,1656,3452,-1796
107000067,1765,1679,86
107000068,731,1320,-589
107000069,1614,931,683
107000070,1418,7,1411
107000071,5962,57,5905
107000072,5,1153,-1148
107000073,1361,1159,202
107000074,146,466,-320
107000075,2573,388,2185
107000076,205,771,-566
107000077,4060,691,3369
107000078,738,1493,-755
107000079,3895,1040,2855
107000080,533,1389,-856
107000081,3885,897,2988
107000082,869,769,100
107000083,1826,883,943
107000084,220,570,-350
107000085,3704,3591,113
107000086,3017,1962,1055
107000087,5184,3992,1192
107000088,2848,4480,-1632
107000089,2849,3642,-793
107000090,1958,1040,918
107000091,2461,1964,497
107000092,1183,858,325
107000093,1774,1755,19
107000094,1091,1031,60
107000095,1677,1048,629
107000096,1034,615,419
107000097,1781,702,1079
107000098,827,527,300
107000099,906,714,192
107000100,289,375,-86
107000101,204,396,-192
107000102,407,415,-8
107000103,556,398,158
107000104,208,385,-177
107000105,1058,547,511
107000106,230,260,-30
107000107,1259,339,920
107000108,228,543,-315
107000109,1762,368,1394
107000110,338,353,-15
107000111,1034,138,896
107000112,45,209,-164
107000113,1830,203,1627
107000114,45,354,-309
107000115,1652,1524,128
107000116,60,597,-537
107000117,301,5531,-5230
107000118,67,170,-103
107000119,1956,1527,429
107000120,954,1697,-743
107000121,1092,883,209
107000122,1021,688,333
107000123,752,654,98
107000124,920,313,607
107000125,1659,607,1052
107000126,2846,282,2564
107000129,248,535,-287
107000130,1029,225,804
107000131,266,393,-127
107000132,671,369,302
107000133,425,451,-26
107000134,331,1,330
107000135,1,331,-330
107000136,741,3,738
107000137,2,622,-620
107000138,123,18,105
107000139,6,681,-675
107000140,2338,60,2278
107000141,88,1375,-1287
107000142,657,68,589
107000143,36,921,-885
107000144,793,832,-39
107000145,225,509,-284
107000146,211,451,-240
107000147,5645,747,4898
107000150,441,5762,-5321
107000151,10,13,-3
107000152,984,3276,-2292
107000153,62,213,-151
107000154,21,277,-256
107000155,1241,10,1231
107000156,1450,23,1427
107000157,49,379,-330
107000158,1533,16,1517
107000159,29,612,-583
107000160,2857,186,2671
107000161,35,341,-306
107000162,565,911,-346
107000163,227,9,218
107000164,1251,0,1251
107000165,2060,4,2056
107000166,48,187,-139
107000167,1338,303,1035
107000168,1569,722,847
107000169,273,385,-112
107000170,5168,803,4365
107000171,642,887,-245
107000172,2299,2640,-341
107000173,465,380,85
107000174,1456,8602,-7146
107000175,3660,710,2950
107000176,0,0,0
107000177,1,0,1
107000178,89,7,82
107000179,557,1181,-624
107000180,2716,197,2519
107000181,498,691,-193
107000182,3116,711,2405
107000183,283,497,-214
107000184,2147,586,1561
107000185,421,1092,-671
107000186,1393,531,862
107000187,1555,1554,1
107000188,953,359,594
107000189,1019,911,108
107000190,1028,583,445
107000191,1408,1271,137
107000192,2090,600,1490
107000193,591,814,-223
107000194,814,764,50
107000197,1204,313,891
107000198,308,575,-267
107000199,1273,955,318
107000200,1543,862,681
107000201,571,416,155
107000202,370,465,-95
107000203,405,1948,-1543
107000204,342,2057,-1715
107000205,863,830,33
107000206,303,1107,-804
107000207,461,996,-535
107000208,686,621,65
107000209,553,924,-371
107000210,222,117,105
107000211,1,69,-68
107000212,6,148,-142
107000213,12,11,1
107000214,10,58,-48
107000215,787,198,589
107000216,672,373,299
107000217,281,473,-192
107000219,120,248,-128
107000220,77,149,-72
107000222,309,251,58
107000224,643,181,462
107000225,192,232,-40
107000226,602,179,423
107000227,174,108,66
107000228,430,800,-370
107000229,122,235,-113
107000230,2451,1010,1441
107000231,572,1535,-963
107000232,232,63,169
107000233,231,704,-473
107000234,2,102,-100
107000235,57,34,23
107000236,7,682,-675
107000237,111,0,111
107000238,47,7,40
107000239,2557,944,1613
107000240,435,380,55
107000243,0,87,-87
107000244,4,74,-70
107000246,2,437,-435
107000249,3,560,-557
107000251,5,345,-340
107000252,0,694,-694
107000255,332,394,-62
107000257,0,866,-866
107000258,3,284,-281
107000259,0,186,-186
107000260,2812,25,2787
107000262,66,209,-143
107000263,761,7,754
107000266,21,25,-4
107000267,18,118,-100
107000268,334,38,296
107000269,95,2,93
107000270,229,55,174
107000271,0,0,0
107000272,153,2,151
107000273,6,158,-152
107000274,447,5,442
107000275,160,2060,-1900
107000280,2017,26,1991
107000281,27,361,-334
107000282,38,382,-344
107000290,4,51,-47
107000291,48,7,41
107000292,1,446,-445
107000293,34,24,10
107000294,0,76,-76
107000295,60,17,43
107000296,1,31,-30
107000444,267,4,263
107000496,36,3,33
107000497,834,1330,-496
107000500,741,578,163
107000501,136,280,-144
107000502,391,718,-327
107000505,569,829,-260
107000506,0,0,0
107000508,7,180,-173
107000509,254,873,-619
107000510,67,134,-67
107000514,39,615,-576
107000515,28,64,-36
107000516,853,476,377
107000518,2658,4195,-1537
107000519,1258,559,699
107000520,225,48,177
107000521,1548,394,1154
107000522,2530,364,2166
107900001,143,36,107
107900002,43,6,37
107900003,927,14,913
107900004,2,0,2
107900005,4035,10,4025
107900006,252,17,235
107900007,363,35,328
107900008,26,1,25
107900009,166,14,152
107900010,86,11,75
107900012,778,124,654
107900013,256,28,228
107900014,314,3,311
107900015,2456,23,2433
107900016,408,47,361
107900017,82,0,82
107900018,75,390,-315
107900019,42,2,40
107900020,21,39,-18
107900021,284,38,246
107900023,17,1,16
107900024,0,17,-17
107900025,314,66,248
107900026,122,15,107
107900027,8,116,-108
107900028,445,17,428
107900030,387,43,344
107900031,205,61,144
107900032,15,2,13
107900033,50,7,43
107900034,298,13,285
107900035,2615,266,2349
107900036,50,35,15
107900037,0,1,-1
107900038,25,277,-252
107900039,84,3,81
107900040,0,113,-113
107900041,5,4,1
107900043,131,105,26
107900044,9,13,-4
107900045,135,47,88
107900046,481,777,-296
107900047,100,6,94
107900048,363,50,313
107900049,474,1234,-760
107900050,39,301,-262
107900051,30,9,21
107900052,20,114,-94
107900053,188,60,128
107900055,437,300,137
107900056,121,220,-99
107900057,5,0,5
107900058,12,470,-458
107900060,1,101,-100
107900061,3,14,-11
107900063,138,172,-34
107900064,158,1023,-865
107900065,622,22,600
107900066,5,28,-23
107900067,0,0,0
107900068,67,1071,-1004
107900069,19,4795,-4776
107900070,167,176,-9
107900071,23,324,-301
107900072,243,42,201
107900073,107,113,-6
107900074,158,540,-382
107900076,163,28,135
107900077,226,11,215
107900079,13,18,-5
107900080,79,1150,-1071
107900081,62,42,20
107900082,3,3,0
107900083,681,196,485
107900084,253,139,114
107900086,48,372,-324
107900087,369,45,324
107900088,118,4,114
107900089,264,642,-378
107900090,314,2394,-2080
107900091,110,157,-47
107900093,104,54,50
107900095,1046,1199,-153
107900097,13,53,-40
107900098,134,531,-397
107900100,374,1711,-1337
107900101,494,25,469
107900102,77,4,73
107900103,24,111,-87
107900104,285,0,285
107900105,2,93,-91
107900106,1,199,-198
107900107,828,334,494
107900108,149,32,117
107900109,2592,48,2544
107900110,127,31,96
107900111,2,174,-172
107900112,72,736,-664
107900113,249,31,218
107900114,469,82,387
107900115,0,2,-2
107900116,367,51,316
107900117,222,262,-40
107900118,28,135,-107
107900119,168,237,-69
107900120,56,14,42
107900121,19,95,-76
107900122,0,109,-109
107900123,12,122,-110
107900124,3,51,-48
107900125,15,219,-204
107900126,40,137,-97
107900127,519,245,274
107900128,47,59,-12
107900129,187,7,180
107900130,119,12,107
107900131,76,219,-143
107900132,23,233,-210
107900133,1,50,-49
107900134,30,44,-14
107900135,11,35,-24
107900136,20,18,2
107900137,69,103,-34
107900138,192,14,178
107900139,135,47,88
107900141,10,24,-14
107900142,46,610,-564
107900143,24,19,5
107900144,2,30,-28
107900145,13,35,-22
107900146,69,79,-10
107900147,25,13,12
107900148,209,74,135
107900149,573,55,518
107900150,13,342,-329
107900151,49,20,29
107900152,27,139,-112
107900153,59,276,-217
107900154,48,81,-33
107900155,142,77,65
107900156,9,58,-49
107900157,16,88,-72
107900158,2069,77,1992
107900159,21,312,-291
107900160,235,40,195
107900161,247,64,183
107900162,2,33,-31
107900163,1,46,-45
107900164,38,48,-10
107900165,16,401,-385
107900166,80,45,35
107900167,0,81,-81
107900168,172,20,152
107900169,2,1212,-1210
107900171,47,318,-271
107900172,2,218,-216
107900173,106,47,59
107900174,223,0,223
107900175,8,126,-118
107900176,137,16,121
107900177,0,66,-66
107900178,0,76,-76
107900179,15,126,-111
107900180,186,1439,-1253
107900181,246,183,63
107900182,1,399,-398
107900183,145,65,80
107900184,143,197,-54
107900185,189,4,185
107900186,22,20,2
107900187,1,135,-134
107900188,480,41,439
107900189,17,106,-89
107900190,36,133,-97
107900191,88,132,-44
107900193,13,155,-142
107900194,185,17,168
107900195,977,144,833
107900196,144,33,111
107900197,186,211,-25
107900199,0,587,-587
107900201,114,74,40
107900203,55,39,16
107900204,218,161,57
107900206,238,726,-488
107900207,0,359,-359
107900208,0,181,-181
107900209,312,113,199
107900210,43,55,-12
107900213,340,324,16
107900214,14,168,-154
107900215,221,568,-347
107900216,25,35,-10
107900217,37,72,-35
107900218,13,967,-954
107900219,46,30,16
107900220,23,116,-93
107900221,167,276,-109
107900223,232,186,46
107900224,106,491,-385
107900225,13,347,-334
107900226,27,94,-67
107900227,108,362,-254
107900228,47,137,-90
107900229,2,31,-29
107900230,17,13,4
107900231,34,64,-30
107900232,414,39,375
107900233,8,36,-28
107900234,439,118,321
107900235,23,98,-75
107900236,916,96,820
107900237,4,288,-284
107900238,61,19,42
107900239,316,783,-467
107900240,56,46,10
107900241,3,26,-23
107900242,21,103,-82
107900243,0,24,-24
107900244,262,3,259
107900245,1447,48,1399
107900246,239,14,225
107900248,289,44,245
107900249,1371,203,1168
107900250,0,199,-199
107900251,13,688,-675
107900252,886,36,850
107900253,192,28,164
107900254,111,172,-61
107900255,72,19,53
107900256,394,1129,-735
107900257,405,195,210
107900258,200,50,150
107900259,27,4899,-4872
107900261,0,149,-149
107900262,38,38,0
107900264,770,36,734
107900265,193,305,-112
107900267,654,12,642
107900268,21,7,14
107900269,0,10,-10
107900270,1,1,0
107900271,0,65,-65
107900272,23,38,-15
107900273,44,41,3
107900274,60,0,60
107900275,64,0,64
107900276,0,10,-10
107900277,0,32,-32
107900278,646,86,560
107900279,21,30,-9
107900280,2840,970,1870
107900281,1065,9446,-8381
107900282,24,1394,-1370
107900283,774,1111,-337
107900284,1023,534,489
107900285,215,15,200
107900286,28,17,11
107900287,751,95,656
107900290,4,982,-978
107900291,607,14,593
107900292,434,127,307
107900293,139,174,-35
107900295,64,35,29
107900297,6,425,-419
107900298,599,800,-201
107900299,2093,4135,-2042
107900301,1133,867,266
107900302,144,18,126
107900303,603,248,355
107900304,816,55,761
107900305,212,6,206
107900306,1,60,-59
107900307,13,181,-168
107900308,254,190,64
107900309,67,0,67
107900310,33,0,33
107900311,2,163,-161
107900312,100,3,97
107900313,0,111,-111
107900314,4,182,-178
107900315,1,49,-48
107900316,31,2,29
107900317,75,8,67
107900318,3,272,-269
107900319,9,38,-29
107900320,0,50,-50
107900321,291,1,290
107900322,2,22,-20
107900323,3,56,-53
107900324,125,3,122
107900325,302,4,298
107900326,757,95,662
107900327,0,222,-222
107900328,6,0,6
107900329,56,516,-460
107900330,2,76,-74
107900331,857,35,822
107900332,625,14,611
107900333,150,21,129
107900334,4,58,-54
107900335,50,28,22
107900336,47,40,7
107900337,329,1168,-839
107900338,1,143,-142
107900339,0,24,-24
107900340,0,116,-116
107900341,80,0,80
107900342,155,136,19
107900343,55,3,52
107900344,10,41,-31
107900345,74,8,66
107900346,24,0,24
107900347,31,0,31
107900348,3,9,-6
107900349,32,4,28
107900350,13,208,-195
107900351,7,68,-61
107900352,0,38,-38
107900353,28,19,9
107900354,5,55,-50
108000001,6477,5487,990
108000002,1894,1758,136
108000003,3759,4137,-378
108000004,10131,10057,74
108000005,9424,7170,2254
108000006,3834,4091,-257
108000007,7529,7554,-25
108000008,3177,4444,-1267
108000009,7778,7139,639
108000010,2542,4375,-1833
108000011,15716,12757,2959
108000012,9813,7970,1843
108000014,807,1444,-637
108000015,1404,266,1138
108000016,323,508,-185
108000017,1849,456,1393
108000018,2375,813,1562
108000019,860,789,71
108000020,1403,517,886
108000021,209,1361,-1152
108000022,477,752,-275
108000023,2266,320,1946
108000024,733,260,473
108000025,634,159,475
108000026,1446,327,1119
108000027,1220,223,997
108000028,1529,315,1214
108000029,731,443,288
108000030,651,435,216
108000031,312,675,-363
108000032,3431,851,2580
108000033,575,644,-69
108000034,2613,548,2065
108000035,668,1286,-618
108000036,379,723,-344
108000037,3806,481,3325
108000038,4990,426,4564
108000039,437,1093,-656
108000040,3283,1082,2201
108000041,466,1901,-1435
108000042,829,140,689
108000043,297,237,60
108000044,984,154,830
108000045,330,193,137
108000046,2530,530,2000
108000047,467,501,-34
108000048,93,203,-110
108000049,1171,195,976
108000050,135,341,-206
108000051,620,338,282
108000052,219,368,-149
108000053,573,414,159
108000054,270,1023,-753
108000055,1340,792,548
108000056,880,1545,-665
108000057,777,1867,-1090
108000058,2343,6726,-4383
108000059,2142,1391,751
108000060,355,1262,-907
108000061,292,347,-55
108000062,1656,797,859
108000063,550,348,202
108000064,422,340,82
108000065,676,377,299
108000066,2712,1651,1061
108000067,3688,1116,2572
108000068,1329,675,654
108000069,191,561,-370
108000070,2696,1134,1562
108000071,563,1207,-644
108000072,1707,906,801
108000073,873,949,-76
108000074,889,852,37
108000075,339,428,-89
108000076,1211,720,491
108000077,727,585,142
108000078,2940,804,2136
108000079,558,586,-28
108000080,2556,535,2021
108000081,873,695,178
108000082,646,1320,-674
108000083,2701,1001,1700
108000084,431,837,-406
108000085,2225,898,1327
108000086,501,396,105
108000087,180,3274,-3094
108000088,1676,696,980
108000089,346,461,-115
108000091,106,661,-555
108000092,539,280,259
108000093,537,455,82
108000094,1602,209,1393
108000095,295,692,-397
108000096,749,389,360
108000097,225,508,-283
108000098,3231,1431,1800
108000099,1400,333,1067
108000100,243,650,-407
108000101,1710,1783,-73
108000102,2118,3931,-1813
108000106,1410,0,1410
108000107,0,878,-878
108000108,926,78,848
108000109,3,414,-411
108000110,858,445,413
108000111,410,967,-557
108000112,92,248,-156
108000113,368,204,164
108000115,428,406,22
108000117,417,459,-42
108000118,212,3158,-2946
108000119,723,271,452
108000120,422,1439,-1017
108000121,442,501,-59
108000122,1543,640,903
108000123,1213,385,828
108000124,459,601,-142
108000125,1159,514,645
108000126,327,436,-109
108000127,989,572,417
108000128,1298,220,1078
108000129,514,700,-186
108000130,626,468,158
108000131,803,230,573
108000132,455,619,-164
108000133,1606,364,1242
108000134,537,276,261
108000135,1388,1201,187
108000136,605,452,153
108000137,777,231,546
108000138,708,623,85
108000139,953,284,669
108000140,808,19,789
108000141,118,17,101
108000142,99,42,57
108000143,77,239,-162
108000144,1104,19,1085
108000145,88,3,85
108000146,1253,97,1156
108000147,42,32,10
108000148,1210,81,1129
108000149,61,23,38
108000150,58,35,23
108000151,26,32,-6
108000152,272,174,98
108000153,1415,190,1225
108000154,27,1,26
108000155,113,58,55
108000156,990,498,492
108000157,241,3995,-3754
108000158,119,1553,-1434
108000159,253,301,-48
108000160,1928,2041,-113
108000161,1466,5630,-4164
108000165,0,514,-514
108000172,1,379,-378
108000173,594,2501,-1907
108000175,1292,217,1075
108000178,504,330,174
108000179,169,1332,-1163
108000181,137,14,123
108000182,152,16,136
108000183,7,343,-336
108000184,859,4680,-3821
108000185,290,175,115
108000186,654,473,181
108000187,243,220,23
108000188,1410,155,1255
108000189,1511,19046,-17535
108000190,15,68,-53
108000192,491,148,343
108000193,197,12,185
108000194,18,2,16
108000195,2,1001,-999
108000196,236,326,-90
108000198,1340,125,1215
108000199,0,462,-462
108000200,860,225,635
108000203,311,427,-116
108000204,244,74,170
108000205,206,307,-101
108000339,1011,488,523
108000364,169,559,-390
108000365,133,301,-168
108000367,179,186,-7
108000368,22,73,-51
108000369,638,90,548
108000371,0,421,-421
108000372,1089,9,1080
108000373,181,80,101
108000376,167,11,156
108000377,1209,116,1093
108000378,10701,18700,-7999
108000379,9,242,-233
108000381,197,8,189
108000382,172,1,171
108000383,1,466,-465
108900001,3,363,-360
108900002,380,53,327
108900003,136,692,-556
108900004,29,498,-469
108900007,546,160,386
108900008,231,72,159
108900009,242,202,40
108900010,552,145,407
108900011,1083,199,884
108900012,470,339,131
108900013,224,509,-285
108900014,25,103,-78
108900015,2,211,-209
108900016,0,159,-159
108900017,138,725,-587
108900018,167,382,-215
108900019,71,308,-237
108900020,97,92,5
108900021,100,106,-6
108900022,71,4,67
108900023,46,126,-80
108900024,63,10,53
108900025,387,36,351
108900026,12,22,-10
108900027,0,33,-33
108900028,105,73,32
108900029,104,205,-101
108900030,0,15,-15
108900031,249,74,175
108900032,1,84,-83
108900033,0,23,-23
108900034,0,62,-62
108900035,400,328,72
108900038,0,73,-73
108900039,0,58,-58
108900040,9,29,-20
108900041,4890,3220,1670
108900042,1,331,-330
108900043,43,759,-716
108900044,2,90,-88
108900045,80,64,16
108900046,17,149,-132
108900047,39,295,-256
108900048,111,197,-86
108900049,1251,4055,-2804
108900050,3,64,-61
108900051,4,36,-32
108900052,29,48,-19
108900053,137,905,-768
108900054,54,79,-25
108900055,33,309,-276
108900056,0,37,-37
108900057,1,69,-68
108900058,92,66,26
108900059,1872,90,1782
108900060,45,171,-126
108900061,63,6,57
108900062,2,236,-234
108900063,14,83,-69
108900064,591,5,586
108900065,8,84,-76
108900066,476,215,261
108900067,1,199,-198
108900068,13,57,-44
108900069,212,12,200
108900070,12,32,-20
108900071,314,62,252
108900072,1130,98,1032
108900073,47,214,-167
108900074,810,44,766
108900075,7,31,-24
108900076,583,43,540
108900077,89,209,-120
108900078,117,47,70
108900079,332,215,117
108900080,41,1283,-1242
108900081,104,308,-204
108900082,184,17,167
108900083,22,309,-287
108900085,1583,137,1446
108900086,377,51,326
108900087,74,221,-147
108900088,833,529,304
108900089,6,121,-115
108900090,195,31,164
108900091,133,61,72
108900092,531,367,164
108900093,120,78,42
108900094,620,153,467
108900095,42,154,-112
108900096,311,12,299
108900097,449,99,350
108900098,1190,1380,-190
108900099,674,166,508
108900100,61,79,-18
108900101,261,798,-537
108900102,5,2186,-2181
108900103,221,322,-101
108900105,10,4032,-4022
108900106,723,152,571
108900108,394,25,369
108900109,1143,88,1055
108900110,214,188,26
108900111,701,200,501
108900113,92,82,10
108900114,364,34,330
108900115,221,216,5
108900116,99,4,95
108900117,667,35,632
108900118,1217,54,1163
108900119,740,32,708
108900120,581,334,247
108900121,220,79,141
108900122,491,57,434
108900123,527,108,419
108900124,2003,155,1848
108900125,1318,54,1264
108900126,325,56,269
108900127,443,118,325
108900128,467,80,387
108900129,2172,218,1954
108900130,1316,8,1308
108900131,1044,11,1033
108900132,927,68,859
108900133,470,36,434
108900134,1391,171,1220
108900135,550,12,538
108900136,51,4,47
108900137,325,3,322
108900138,1917,52,1865
108900140,1217,25,1192
108900141,959,11,948
108900142,82,11,71
108900143,124,4,120
108900144,240,0,240
108900145,616,56,560
108900146,238,1,237
108900147,619,0,619
108900148,129,6,123
108900150,222,8,214
108900151,17,1,16
108900152,141,1,140
108900153,441,66,375
108900154,7589,329,7260
108900156,283,16,267
108900157,16,293,-277
108900158,1026,62,964
108900159,1,48,-47
108900160,18,125,-107
108900161,19,272,-253
108900162,362,52,310
108900163,3,617,-614
108900164,58,50,8
108900168,3944,2218,1726
108900169,105,129,-24
108900171,3103,4002,-899
108900172,234,69,165
108900173,58,342,-284
108900174,1320,545,775
108900176,94,292,-198
108900177,3275,13252,-9977
108900178,2340,7028,-4688
108900180,63,311,-248
108900183,233,358,-125
108900184,454,184,270
108900185,39,516,-477
108900186,27,522,-495
108900189,473,92,381
108900190,65,1927,-1862
108900192,99,139,-40
108900195,69,125,-56
108900196,43,303,-260
108900199,190,341,-151
108900200,702,681,21
108900201,293,1136,-843
108900203,394,94,300
108900204,540,11,529
108900205,380,33,347
108900206,694,130,564
108900207,310,507,-197
108900208,9,468,-459
108900209,114,525,-411
108900210,93,58,35
108900211,256,712,-456
108900212,81,3152,-3071
108900215,68,307,-239
108900216,301,719,-418
108900217,98,1,97
108900218,48,31,17
108900221,42,20,22
108900224,95,53,42
108900225,1,212,-211
108900227,292,383,-91
108900230,35,185,-150
108900232,0,102,-102
108900233,643,228,415
108900234,320,253,67
108900235,107,304,-197
108900236,19,299,-280
108900240,121,113,8
108900241,105,25,80
108900245,2,2438,-2436
108900250,289,49,240
108900258,26,89,-63
108900259,44,23,21
108900260,4,20,-16
108900261,35,37,-2
108900262,124,147,-23
108900263,36,177,-141
108900264,166,281,-115
108900265,923,1119,-196
108900266,84,2385,-2301
108900267,7,581,-574
108900268,10,39,-29
108900269,274,29,245
108900270,391,13,378
108900271,118,91,27
108900272,766,45,721
108900273,319,1330,-1011
108900274,208,14,194
109000001,5379,4289,1090
109000002,824,4047,-3223
109000003,5434,635,4799
109000004,745,2357,-1612
109000005,3365,867,2498
109000006,1292,1910,-618
109000007,3231,1271,1960
109000008,1036,1635,-599
109000009,4885,2088,2797
109000010,924,3272,-2348
109000011,7183,3001,4182
109000012,2067,3637,-1570
109000013,7296,6954,342
109000014,2662,2397,265
109000015,5861,22505,-16644
109000016,5314,2200,3114
109000017,5002,2116,2886
109000018,2090,2241,-151
109000019,4153,2373,1780
109000020,1393,2969,-1576
109000023,354,11,343
109000024,3,191,-188
109000025,228,869,-641
109000026,745,248,497
109000027,78,388,-310
109000028,221,61,160
109000029,83,445,-362
109000030,23,468,-445
109000031,342,120,222
109000032,147,615,-468
109000033,625,304,321
109000034,96,69,27
109000035,40,42,-2
109000036,126,305,-179
109000037,581,4454,-3873
109000038,349,279,70
109000039,1131,964,167
109000040,3051,15075,-12024
109000041,1233,4080,-2847
109000042,850,2483,-1633
109000044,644,242,402
109000045,297,385,-88
109000046,628,133,495
109000047,132,340,-208
109000048,514,1100,-586
109000049,311,591,-280
109000050,569,654,-85
109000051,211,188,23
109000052,708,462,246
109000053,3442,250,3192
109000054,177,586,-409
109000055,444,413,31
109000056,389,442,-53
109000057,1078,494,584
109000058,616,158,458
109000059,144,1347,-1203
109000060,305,660,-355
109000061,485,2121,-1636
109000062,169,344,-175
109000063,230,152,78
109000064,649,109,540
109000065,308,174,134
109000066,878,52,826
109000067,68,137,-69
109000068,740,46,694
109000069,724,18,706
109000070,128,1169,-1041
109000071,529,96,433
109000072,145,243,-98
109000073,64,101,-37
109000074,15,190,-175
109000075,64,383,-319
109000076,305,433,-128
109000077,381,231,150
109000078,117,166,-49
109000079,227,76,151
109000080,416,92,324
109000081,209,288,-79
109000082,1166,222,944
109000083,638,416,222
109000088,210,214,-4
109000089,438,87,351
109000090,106,290,-184
109000091,547,152,395
109000092,225,248,-23
109000093,377,132,245
109000094,1267,4,1263
109000095,249,237,12
109000096,1333,224,1109
109000097,117,119,-2
109000098,142,133,9
109000099,916,112,804
109000100,509,358,151
109000101,2657,355,2302
109000102,844,442,402
109000103,2252,565,1687
109000104,3743,388,3355
109000105,855,557,298
109000106,2786,552,2234
109000107,753,1213,-460
109000108,3470,685,2785
109000109,612,945,-333
109000110,1864,687,1177
109000111,876,1314,-438
109000112,299,110,189
109000113,306,271,35
109000114,196,518,-322
109000115,1083,65,1018
109000116,56,918,-862
109000117,399,33,366
109000118,24,271,-247
109000119,2548,131,2417
109000120,581,458,123
109000121,1093,61,1032
109000122,436,198,238
109000123,69,145,-76
109000124,1453,283,1170
109000125,1147,260,887
109000126,776,289,487
109000127,4137,175,3962
109000128,1008,571,437
109000129,4792,424,4368
109000130,703,928,-225
109000131,2283,1256,1027
109000132,502,1692,-1190
109000133,211,335,-124
109000134,606,984,-378
109000135,577,1315,-738
109000136,363,188,175
109000137,514,630,-116
109000138,643,143,500
109000139,834,428,406
109000140,381,230,151
109000141,1450,613,837
109000142,272,416,-144
109000143,140,92,48
109000145,73,423,-350
109000146,39,71,-32
109000148,2064,1429,635
109000149,5,136,-131
109000150,98,283,-185
109000155,1250,841,409
109000156,1108,246,862
109000158,48,261,-213
109000159,80,605,-525
109000160,2077,282,1795
109000161,956,1232,-276
109000162,2876,616,2260
109000163,1868,1254,614
109000164,2236,1810,426
109000165,2680,740,1940
109000166,2150,106,2044
109000167,239,529,-290
109000170,40,54,-14
109000171,65,41,24
109000172,16,57,-41
109000173,17,189,-172
109000174,305,31,274
109000175,139,325,-186
109000176,847,276,571
109000177,50,88,-38
109000178,1646,183,1463
109000179,2911,7939,-5028
109000180,3314,3038,276
109000181,10,4,6
109000182,81,5,76
109000183,128,3,125
109000184,59,10,49
109000185,94,57,37
109000188,289,1160,-871
109000189,3950,847,3103
109000190,1060,421,639
109000191,448,327,121
109000192,897,191,706
109000193,432,62,370
109000194,610,35,575
109000195,215,83,132
109000196,359,33,326
109000197,228,272,-44
109000198,456,48,408
109000199,225,335,-110
109000206,244,17,227
109000207,253,34,219
109000208,93,157,-64
109000209,152,110,42
109000210,269,373,-104
109000211,1735,474,1261
109000214,719,336,383
109000215,166,101,65
109000216,553,483,70
109000217,133,388,-255
109000218,319,366,-47
109000221,239,675,-436
109000222,789,214,575
109000223,835,450,385
109000224,86,31,55
109000225,330,43,287
109000226,72,178,-106
109000227,3074,341,2733
109000228,0,699,-699
109000231,14,111,-97
109000232,1148,73,1075
109000236,394,510,-116
109000241,1964,1031,933
109000242,1355,634,721
109000293,141,307,-166
109000361,206,222,-16
109000364,116,565,-449
109000396,2,235,-233
109000397,1022,13,1009
109000399,107,276,-169
109000400,111,203,-92
109000403,15,2372,-2357
109000406,1144,56,1088
109000407,275,148,127
109000408,0,562,-562
109000410,929,246,683
109000411,518,70,448
109000412,3,63,-60
109900001,232,1,231
109900002,1416,10,1406
109900003,797,2,795
109900005,41,6,35
109900006,767,74,693
109900007,2168,53,2115
109900008,0,34,-34
109900009,142,212,-70
109900010,907,72,835
109900011,32,111,-79
109900012,482,424,58
109900013,533,259,274
109900014,433,157,276
109900015,177,63,114
109900016,307,2,305
109900017,297,180,117
109900018,231,42,189
109900019,235,38,197
109900020,98,67,31
109900021,54,18,36
109900022,276,207,69
109900023,30,2,28
109900024,31,1,30
109900025,2,15,-13
109900027,80,41,39
109900028,551,3624,-3073
109900029,5,144,-139
109900030,91,10,81
109900031,3,408,-405
109900032,3,128,-125
109900033,2,678,-676
109900034,82,6,76
109900035,112,94,18
109900036,24,88,-64
109900037,8,238,-230
109900038,117,251,-134
109900039,4,0,4
109900040,12,260,-248
109900041,47,182,-135
109900042,12,759,-747
109900044,89,214,-125
109900045,83,25,58
109900046,337,49,288
109900047,202,222,-20
109900048,5,87,-82
109900049,32,42,-10
109900050,0,14,-14
109900051,0,2,-2
109900052,24,213,-189
109900053,0,53,-53
109900054,1438,63,1375
109900055,128,155,-27
109900056,14,432,-418
109900057,1,38,-37
109900058,0,35,-35
109900060,1341,68,1273
109900061,63,108,-45
109900062,0,50,-50
109900064,979,119,860
109900065,92,87,5
109900066,184,464,-280
109900067,1,85,-84
109900068,78,6,72
109900069,19,6,13
109900071,9,2,7
109900072,42,135,-93
109900073,694,158,536
109900074,10,19,-9
109900075,35,15,20
109900076,46,73,-27
109900077,37,32,5
109900078,66,138,-72
109900080,156,68,88
109900081,2,225,-223
109900082,75,111,-36
109900083,7,29,-22
109900084,58,96,-38
109900085,76,315,-239
109900086,103,1567,-1464
109900087,82,369,-287
109900089,1117,131,986
109900092,298,114,184
109900093,1603,89,1514
109900094,109,130,-21
109900095,36,173,-137
109900096,280,1,279
109900097,325,1,324
109900098,762,70,692
109900099,618,4,614
109900100,110,1,109
109900101,1279,4,1275
109900102,756,32,724
109900103,19,90,-71
109900104,1695,103,1592
109900105,903,25,878
109900106,496,42,454
109900107,856,47,809
109900108,126,254,-128
109900109,56,225,-169
109900111,33,247,-214
109900114,696,2382,-1686
109900115,186,116,70
109900117,2175,98,2077
109900121,208,267,-59
109900123,11,33,-22
109900125,0,101,-101
109900126,590,44,546
109900130,2817,5191,-2374
109900131,33,112,-79
109900132,12,62,-50
109900134,78,281,-203
109900135,356,33,323
109900137,443,303,140
109900140,246,74,172
109900149,28,14,14
109900150,3,30,-27
109900151,8,5,3
109900152,0,20,-20
109900153,5,103,-98
109900154,66,0,66
109900155,38,50,-12
109900157,21,83,-62
109900159,245,54,191
109900161,361,43,318
109900162,346,102,244
109900163,362,154,208
109900164,73,222,-149
109900165,340,5,335
109900166,2,61,-59
109900167,177,222,-45
109900168,144,542,-398
109900169,229,190,39
109900170,292,1586,-1294
109900171,469,81,388
109900172,294,429,-135
109900173,1302,3130,-1828
109900174,33,68,-35
109900175,140,137,3
109900176,239,83,156
109900177,35,88,-53
109900178,0,274,-274
109900179,9,23,-14
109900180,12,8,4
110000001,711,545,166
110000002,825,829,-4
110000003,690,817,-127
110000004,436,672,-236
110000005,368,2164,-1796
110000006,570,390,180
110000007,111,143,-32
110000008,46,300,-254
110000009,89,40,49
110000010,62,97,-35
110000011,29,31,-2
110000012,700,162,538
110000013,53,1266,-1213
110000014,833,401,432
110000015,393,811,-418
110000016,441,2463,-2022
110000017,3405,370,3035
110000018,2728,272,2456
110000019,4,137,-133
110000020,1401,390,1011
110000021,280,531,-251
110000022,1398,81,1317
110000023,9,165,-156
110000024,460,496,-36
110000025,1922,16,1906
110000026,3,247,-244
110000027,528,2644,-2116
110000028,1424,620,804
110000029,491,457,34
110000030,551,491,60
110000031,242,255,-13
110000032,1539,264,1275
110000033,202,323,-121
110000034,627,424,203
110000035,635,436,199
110000036,1909,603,1306
110000037,359,423,-64
110000038,570,758,-188
110000039,1318,7818,-6500
110000040,363,439,-76
110000041,293,3222,-2929
110000042,114,813,-699
110000043,724,377,347
110000044,37,809,-772
110000045,136,256,-120
110000046,3,86,-83
110000047,13,136,-123
110000048,2,190,-188
110000049,11,27,-16
110000050,5,284,-279
110000051,47,16,31
110000052,80,24,56
110000053,27,27,0
110000054,107,701,-594
110000055,68,115,-47
110000056,54,128,-74
110000057,338,602,-264
110000058,1015,400,615
110000059,817,559,258
110000060,1708,1129,579
110000061,479,576,-97
110000062,670,1032,-362
110000063,86,386,-300
110000064,56,54,2
110000065,178,228,-50
110000066,105,28,77
110000067,14,135,-121
110000068,402,58,344
110000069,837,49,788
110000071,849,66,783
110000073,24,4,20
110000075,20,62,-42
110000076,486,685,-199
110000077,321,2083,-1762
110000078,157,24,133
110000080,309,364,-55
110000081,80,181,-101
110000082,37,269,-232
110000083,325,294,31
110000084,1882,1161,721
110000085,875,892,-17
110000086,760,2612,-1852
110000087,24,157,-133
110000088,247,252,-5
110000089,628,49,579
110000090,122,255,-133
110000091,884,178,706
110000092,31,37,-6
110000093,72,54,18
110000094,573,203,370
110000095,175,721,-546
110000096,1157,3062,-1905
110000097,746,2027,-1281
110000098,2367,849,1518
110000099,1349,1676,-327
110000100,2476,171,2305
110000101,214,139,75
110000102,116,38,78
110000104,525,200,325
110000105,56,325,-269
110000106,640,579,61
110000107,188,375,-187
110000108,126,211,-85
110000109,158,380,-222
110000110,1687,3002,-1315
110000111,3499,3336,163
110000112,242,1169,-927
110000113,72,3900,-3828
110000114,801,873,-72
110000115,891,272,619
110000116,107,73,34
110000117,537,200,337
110000118,932,74,858
110000119,632,215,417
110000120,502,182,320
110000121,90,407,-317
110000122,258,213,45
110000123,895,210,685
110000124,2,400,-398
110000125,920,1,919
110000126,234,35,199
110000127,1538,109,1429
110000128,24,418,-394
110000129,11,334,-323
110000130,556,271,285
110000131,28,340,-312
110000132,1,399,-398
110000133,31,645,-614
110000134,20,370,-350
110000135,225,43,182
110000136,52,277,-225
110000137,1081,343,738
110000138,1204,527,677
110000139,2179,425,1754
110000140,932,955,-23
110000143,459,326,133
110000144,1835,1816,19
110000145,1412,1280,132
110000146,1322,811,511
110000147,343,1084,-741
110000148,947,160,787
110000151,447,2491,-2044
110000152,309,747,-438
110000153,295,6,289
110000154,11,67,-56
110000155,414,2265,-1851
110000156,977,1519,-542
110000157,1044,2013,-969
110000160,594,238,356
110000161,268,267,1
110000166,1172,107,1065
110000167,2449,898,1551
110000168,947,860,87
110000169,981,416,565
110000170,268,164,104
110000171,939,99,840
110000172,567,554,13
110000173,650,659,-9
110000174,154,458,-304
110000175,1626,122,1504
110000176,57,1065,-1008
110000177,300,2014,-1714
110000178,493,4077,-3584
110000179,1012,253,759
110000180,491,338,153
110000181,1874,387,1487
110000182,305,108,197
110000183,5024,10141,-5117
110000184,296,4616,-4320
110000185,538,981,-443
110000186,415,1343,-928
110000191,1563,67,1496
110000192,703,13,690
110000193,1903,14,1889
110000194,0,469,-469
110000195,948,84,864
110000196,814,48,766
110000197,225,26,199
110000198,113,57,56
110000199,67,241,-174
110000200,641,583,58
110000201,1192,1425,-233
110000202,1240,623,617
110000203,315,549,-234
110000204,2,186,-184
110000205,456,19,437
110000206,499,566,-67
110000207,2198,215,1983
110000208,192,354,-162
110000209,47,494,-447
110000210,2263,698,1565
110000211,1047,738,309
110000212,541,1682,-1141
110000213,545,64,481
110000214,643,66,577
110000215,129,209,-80
110000216,143,141,2
110000217,868,99,769
110000218,372,121,251
110000219,569,64,505
110000220,105,53,52
110000221,1016,17,999
110000222,86,92,-6
110000223,6,73,-67
110000224,6,3,3
110000225,222,701,-479
110000226,512,44,468
110000227,690,1014,-324
110000228,649,110,539
110000229,0,128,-128
110000230,843,813,30
110000231,409,557,-148
110000232,180,220,-40
110000233,129,673,-544
110000234,438,1464,-1026
110000235,1259,1133,126
110000236,886,490,396
110000237,3717,1511,2206
110000238,1018,1456,-438
110000239,2010,765,1245
110000240,2,9,-7
110000242,0,4,-4
110000243,268,42,226
110000244,114,216,-102
110000245,62,192,-130
110000246,1471,369,1102
110000247,785,2490,-1705
110000248,985,799,186
110000249,245,10,235
110000250,28,96,-68
110000251,608,184,424
110000252,546,199,347
110000253,2320,308,2012
110000254,569,406,163
110000255,131,621,-490
110000256,607,234,373
110000257,397,235,162
110000258,5,345,-340
110000259,449,9,440
110000260,87,116,-29
110000263,602,21,581
110000264,942,240,702
110000265,1499,1823,-324
110000266,921,2052,-1131
110000267,38,73,-35
110000268,278,147,131
110000269,0,36,-36
110000270,81,2,79
110000271,1618,159,1459
110000272,1237,1038,199
110000273,1212,1052,160
110000274,157,4338,-4181
110000275,1531,943,588
110000276,353,875,-522
110000277,426,368,58
110000278,418,661,-243
110000279,826,619,207
110000280,905,561,344
110000281,131,175,-44
110000282,175,26,149
110000283,22,47,-25
110000284,24,19,5
110000285,1,278,-277
110000286,1,0,1
110000287,104,0,104
110000288,9,70,-61
110000289,521,3696,-3175
110000290,411,737,-326
110000291,3636,907,2729
110000292,837,9526,-8689
110000293,690,394,296
110000294,2403,2148,255
110000295,161,563,-402
110000296,1175,296,879
110000297,2762,143,2619
110000298,125,304,-179
110000299,166,36,130
110000301,609,15,594
110000302,732,1123,-391
110000303,669,6,663
110000304,219,238,-19
110000305,1729,15,1714
110000306,384,968,-584
110000307,2619,3,2616
110000308,447,4,443
110000309,4,689,-685
110000310,1145,12,1133
110000311,1,535,-534
110000312,548,28,520
110000313,1645,1449,196
110000314,0,167,-167
110000315,1331,1370,-39
110000316,475,760,-285
110000317,99,1551,-1452
110000318,1,54,-53
110000319,31,9,22
110000320,30,32,-2
110000321,56,45,11
110000322,298,449,-151
110000323,763,236,527
110000324,2608,1381,1227
110000325,1330,5589,-4259
110000327,323,155,168
110000328,123,557,-434
110000333,1613,1753,-140
110000334,359,1156,-797
110000335,495,397,98
110000336,644,1647,-1003
110000337,2335,626,1709
110000338,653,448,205
110000339,475,383,92
110000340,87,279,-192
110000341,943,297,646
110000342,93,1,92
110000343,0,4,-4
110000344,58,575,-517
110000345,114,537,-423
110000346,1386,1963,-577
110000347,1531,769,762
110000348,25,17,8
110000349,24,49,-25
110000350,106,1,105
110000351,1646,562,1084
110000352,889,2322,-1433
110000353,2749,408,2341
110000354,1139,5875,-4736
110000355,212,30,182
110000356,862,4,858
110000357,749,2,747
110000361,19,19,0
110000362,203,4,199
110000363,1205,75,1130
110000364,414,358,56
110000365,127,2,125
110000366,0,143,-143
110000367,819,102,717
110000368,2,58,-56
110000369,128,4,124
110000373,2,336,-334
110000374,167,36,131
110000375,103,1131,-1028
110000376,8,37,-29
110000377,135,383,-248
110000378,13,382,-369
110000379,1868,3967,-2099
110000380,191,7,184
110000383,0,578,-578
110000384,1100,197,903
110000385,0,146,-146
110000387,148,0,148
110000388,73,108,-35
110000389,1241,3,1238
110000391,1045,177,868
110000396,339,64,275
110000397,160,53,107
110000398,19,30,-11
110000399,470,94,376
110000587,274,209,65
110000589,289,153,136
110000640,212,10,202
110000652,12,571,-559
110000653,584,231,353
110000654,8,333,-325
110000656,0,221,-221
110000674,20,3,17
110000675,26,27,-1
110000676,0,17,-17
110000679,137,1305,-1168
110000682,128,277,-149
110000683,299,331,-32
110000684,1,13,-12
110000685,5,29,-24
110000686,1,92,-91
110000687,8,2,6
110000688,51,1795,-1744
110000689,79,30,49
110000692,26,273,-247
110000693,21,883,-862
110000694,0,226,-226
110000695,180,825,-645
110000696,33,69,-36
110000698,26,380,-354
110000699,72,281,-209
110900001,468,9,459
110900002,359,650,-291
110900003,1795,186,1609
110900004,832,19,813
110900005,1377,6398,-5021
110900006,175,64,111
110900007,421,114,307
110900008,3,16,-13
110900009,410,680,-270
110900010,27,17,10
110900011,27,155,-128
110900012,13,27,-14
110900013,1595,86,1509
110900014,488,44,444
110900015,274,849,-575
110900016,68,49,19
110900017,813,47,766
110900018,338,30,308
110900019,635,37,598
110900020,361,183,178
110900021,80,390,-310
110900022,94,119,-25
110900023,40,643,-603
110900024,132,155,-23
110900025,42,137,-95
110900027,46,67,-21
110900028,34,57,-23
110900029,5,93,-88
110900030,34,145,-111
110900031,60,206,-146
110900032,1,48,-47
110900033,38,166,-128
110900035,41,565,-524
110900036,218,4,214
110900037,315,8,307
110900038,395,116,279
110900039,5,281,-276
110900040,226,10,216
110900041,13,37,-24
110900042,194,61,133
110900043,5,28,-23
110900044,125,9,116
110900045,107,232,-125
110900046,12,140,-128
110900047,152,624,-472
110900049,132,122,10
110900050,46,2,44
110900052,16,138,-122
110900053,147,3,144
110900054,52,89,-37
110900055,32,0,32
110900056,26,112,-86
110900057,13,120,-107
110900058,454,46,408
110900059,441,224,217
110900060,311,180,131
110900061,1,55,-54
110900062,243,32,211
110900063,42,56,-14
110900064,14,0,14
110900065,25,155,-130
110900066,21,46,-25
110900067,88,779,-691
110900068,269,99,170
110900069,4,12,-8
110900070,320,62,258
110900071,62,1171,-1109
110900073,0,9,-9
110900074,951,96,855
110900075,720,61,659
110900077,2013,465,1548
110900078,220,16,204
110900079,1103,1696,-593
110900080,178,100,78
110900081,15,23,-8
110900082,365,103,262
110900083,119,33,86
110900084,180,36,144
110900085,51,134,-83
110900086,70,282,-212
110900087,545,181,364
110900088,4,1,3
110900090,50,120,-70
110900091,0,12,-12
110900093,238,101,137
110900095,83,25,58
110900097,70,21,49
110900098,52,70,-18
110900099,34,228,-194
110900100,0,7,-7
110900102,88,6,82
110900105,1455,88,1367
110900108,51,33,18
110900111,516,59,457
110900112,873,3,870
110900113,315,124,191
110900115,13,113,-100
110900116,1925,591,1334
110900118,110,5453,-5343
110900119,1359,87,1272
110900120,173,49,124
110900121,103,2,101
110900122,598,188,410
110900125,414,1262,-848
110900127,193,1651,-1458
110900128,169,622,-453
110900129,115,1102,-987
110900130,297,542,-245
110900131,446,132,314
110900132,753,66,687
110900133,93,110,-17
110900135,60,156,-96
110900136,504,41,463
110900139,1,0,1
110900140,0,0,0
110900141,360,761,-401
110900142,53,86,-33
110900143,349,29,320
110900144,0,200,-200
110900145,207,109,98
110900146,156,422,-266
110900147,59,354,-295
110900148,2,274,-272
110900149,12,91,-79
110900150,30,10,20
110900151,1,11,-10
110900152,78,34,44
110900153,243,56,187
111000001,2230,1425,805
111000002,966,517,449
111000003,4202,2173,2029
111000004,1495,1497,-2
111000005,2291,2807,-516
111000006,1446,2995,-1549
111000007,5405,8888,-3483
111000008,4692,4276,416
111000009,720,1506,-786
111000010,1587,360,1227
111000011,175,1135,-960
111000012,538,416,122
111000013,782,1188,-406
111000014,3279,659,2620
111000017,32,824,-792
111000018,97,356,-259
111000020,576,1003,-427
111000021,21,138,-117
111000023,85,125,-40
111000025,3639,4445,-806
111000029,164,75,89
111000030,33,53,-20
111000031,1686,483,1203
111000032,484,354,130
111000033,242,94,148
111000034,65,368,-303
111000037,1563,564,999
111000038,2457,2544,-87
111000039,1829,2155,-326
111000040,1561,1262,299
111000041,712,553,159
111000042,2817,2937,-120
111000043,2707,8632,-5925
111000044,2253,789,1464
111000045,4332,2438,1894
111000046,3168,2142,1026
111000047,3796,8437,-4641
111000049,422,582,-160
111000050,1031,759,272
111000051,658,722,-64
111000052,478,1186,-708
111000053,249,686,-437
111000054,240,592,-352
111000055,961,1314,-353
111000056,267,507,-240
111000057,215,186,29
111000058,1028,57,971
111000059,932,296,636
111000060,7363,1124,6239
111000061,1077,498,579
111000062,1738,658,1080
111000063,1906,1289,617
111000064,1382,624,758
111000065,1995,1145,850
111000066,941,516,425
111000067,1991,377,1614
111000068,1438,416,1022
111000069,1527,1573,-46
111000070,953,533,420
111000071,153,228,-75
111000072,2017,846,1171
111000073,274,2371,-2097
111000074,2366,1683,683
111000075,820,648,172
111000076,1190,925,265
111000077,1050,1195,-145
111000078,1826,555,1271
111000079,751,679,72
111000080,895,621,274
111000081,1706,8259,-6553
111000082,1361,531,830
111000084,1095,495,600
111000085,1445,1029,416
111000086,1725,1032,693
111000087,960,354,606
111000088,5037,6450,-1413
111000089,1118,569,549
111000090,513,875,-362
111000091,721,288,433
111000092,2667,672,1995
111000093,1335,1329,6
111000094,2770,1619,1151
111000095,1294,3619,-2325
111000096,921,10607,-9686
111000097,2785,924,1861
111000098,318,681,-363
111000099,451,1046,-595
111000100,571,978,-407
111000101,498,790,-292
111000102,236,381,-145
111000104,1195,267,928
111000107,102,498,-396
111000109,1299,193,1106
111000110,1836,742,1094
111000111,5848,354,5494
111000112,3872,369,3503
111000113,872,2952,-2080
111000114,1147,7617,-6470
111000115,3297,944,2353
111000116,1222,1009,213
111000117,278,976,-698
111000118,906,690,216
111000119,2281,763,1518
111000120,827,882,-55
111000121,306,1113,-807
111000122,395,638,-243
111000123,1341,1431,-90
111000124,435,2312,-1877
111000125,314,919,-605
111000126,100,549,-449
111000127,1900,158,1742
111000128,4431,307,4124
111000129,5080,666,4414
111000130,4665,449,4216
111000131,4363,556,3807
111000132,3038,2448,590
111000133,253,80,173
111000134,330,34,296
111000135,113,159,-46
111000136,636,263,373
111000138,58,0,58
111000140,14,0,14
111000141,216,673,-457
111000142,1,66,-65
111000143,3,262,-259
111000144,24,923,-899
111000145,68,6,62
111000146,124,2,122
111000147,118,38,80
111000148,160,111,49
111000149,8,40,-32
111000150,58,14,44
111000151,21,67,-46
111000153,382,359,23
111000154,443,291,152
111000155,160,166,-6
111000156,783,325,458
111000157,307,514,-207
111000158,879,649,230
111000159,2781,1440,1341
111000160,325,315,10
111000161,14,326,-312
111000162,10,50,-40
111000163,1423,737,686
111000164,518,3699,-3181
111000165,856,194,662
111000166,311,124,187
111000167,107,316,-209
111000168,247,396,-149
111000169,430,413,17
111000170,358,271,87
111000171,519,529,-10
111000172,306,404,-98
111000173,386,1093,-707
111000174,621,185,436
111000175,39,360,-321
111000176,790,32,758
111000177,1553,135,1418
111000178,2850,153,2697
111000179,846,106,740
111000180,308,366,-58
111000181,3283,178,3105
111000182,394,163,231
111000183,378,227,151
111000184,611,155,456
111000185,531,258,273
111000186,361,193,168
111000187,242,80,162
111000188,743,280,463
111000189,274,374,-100
111000190,326,208,118
111000191,205,143,62
111000192,105,257,-152
111000193,600,124,476
111000194,92,183,-91
111000195,87,202,-115
111000196,111,76,35
111000197,1243,117,1126
111000198,981,44,937
111000199,599,424,175
111000200,1012,656,356
111000201,1479,79,1400
111000202,967,118,849
111000203,859,352,507
111000204,476,2911,-2435
111000213,298,679,-381
111000214,1594,1248,346
111000215,1328,991,337
111000217,2225,310,1915
111000218,3067,822,2245
111000219,332,202,130
111000220,855,528,327
111000221,352,65,287
111000224,72,183,-111
111000225,925,537,388
111000226,140,5,135
111000227,52,3,49
111000228,4,835,-831
111000229,14,1764,-1750
111000230,250,132,118
111000231,1469,335,1134
111000232,1109,669,440
111000233,2366,653,1713
111000234,372,1087,-715
111000239,67,50,17
111000240,115,625,-510
111000241,116,141,-25
111000242,521,38,483
111000243,219,296,-77
111000244,1449,189,1260
111000245,1110,418,692
111000246,923,176,747
111000247,828,387,441
111000248,1014,299,715
111000249,729,225,504
111000250,149,29,120
111000251,127,54,73
111000253,40,12,28
111000255,122,7,115
111000257,63,27,36
111000260,50,684,-634
111000261,2016,57,1959
111000271,52,324,-272
111000273,4976,1497,3479
111000274,1791,3801,-2010
111000275,332,72,260
111000276,237,1024,-787
111000277,311,233,78
111000278,444,177,267
111000291,3308,18716,-15408
111000298,612,285,327
111000299,940,161,779
111000300,45,531,-486
111000302,475,50,425
111000303,255,143,112
111000312,73,46,27
111000315,8,78,-70
111000320,152,295,-143
111000321,384,192,192
111000322,656,154,502
111000323,450,45,405
111000324,356,168,188
111000325,44,32,12
111000326,260,215,45
111000327,599,225,374
111000328,463,833,-370
111000329,0,124,-124
111000330,180,2,178
111000331,14,4,10
111000332,473,961,-488
111000334,228,1132,-904
111000335,1912,212,1700
111000337,2612,124,2488
111000338,114,177,-63
111000339,1030,240,790
111000340,174,869,-695
111000341,2818,1420,1398
111000342,50,835,-785
111000344,1750,390,1360
111000345,65,80,-15
111000346,26,199,-173
111000347,276,13,263
111000350,296,100,196
111000351,222,440,-218
111000352,374,164,210
111000353,143,211,-68
111000354,790,189,601
111000355,535,532,3
111000358,124,802,-678
111000360,186,331,-145
111000361,250,124,126
111000546,1416,529,887
111000547,599,464,135
111000548,414,196,218
111000549,296,167,129
111000550,95,1203,-1108
111000551,250,72,178
111000552,563,164,399
111000907,3092,14,3078
111000908,326,3,323
111000916,3685,177,3508
111000917,85,250,-165
111000918,281,528,-247
111000920,1368,10,1358
111000921,33,148,-115
111000922,1314,203,1111
111000924,39,341,-302
111000925,7559,2690,4869
111000926,1728,1129,599
111000927,2847,6407,-3560
111000928,3336,1408,1928
111000929,2574,1189,1385
111000930,1522,1520,2
111000931,2367,2023,344
111000932,2272,1077,1195
111000933,4399,4570,-171
111000934,1357,1663,-306
111000935,4462,1663,2799
111000936,1507,1280,227
111000937,1805,2028,-223
111000938,1278,1080,198
111000939,1238,29,1209
111000940,1313,35,1278
111000941,436,473,-37
111000943,889,228,661
111000944,326,173,153
111000945,410,764,-354
111001109,820,1171,-351
111001110,182,367,-185
111001111,202,13,189
111001112,161,25,136
111001113,2,1391,-1389
111001114,815,345,470
111001115,23,2092,-2069
111001116,2268,8295,-6027
111001117,742,3409,-2667
111001120,84,233,-149
111001121,147,110,37
111001122,428,156,272
111001123,497,243,254
111001124,232,107,125
111001125,10,732,-722
111001126,1,0,1
111001127,0,49,-49
111001128,1631,483,1148
111900001,3,31,-28
111900002,0,94,-94
111900003,0,104,-104
111900004,14,65,-51
111900006,33,176,-143
111900007,479,17,462
111900008,804,4,800
111900009,348,10,338
111900010,68,338,-270
111900012,14,75,-61
111900013,33,12,21
111900014,1655,10408,-8753
111900015,0,18,-18
111900016,0,63,-63
111900017,0,31,-31
111900018,136,14,122
111900019,0,107,-107
111900020,0,33,-33
111900021,9,25,-16
111900022,9,42,-33
111900023,118,57,61
111900024,583,147,436
111900025,0,152,-152
111900026,0,25,-25
111900027,0,41,-41
111900028,59,56,3
111900029,18,4,14
111900030,16,255,-239
111900032,0,31,-31
111900033,17,27,-10
111900034,26,242,-216
111900035,99,235,-136
111900036,0,53,-53
111900038,100,240,-140
111900039,22,133,-111
111900040,0,76,-76
111900042,9,41,-32
111900043,0,91,-91
111900044,56,164,-108
111900046,10,77,-67
111900048,640,119,521
111900049,17,143,-126
111900050,184,9,175
111900051,3,28,-25
111900052,64,183,-119
111900053,624,3421,-2797
111900054,393,3,390
111900055,1,88,-87
111900056,181,513,-332
111900057,436,29,407
111900058,1095,286,809
111900059,1351,832,519
111900060,357,0,357
111900061,4,47,-43
111900062,90,103,-13
111900063,425,84,341
111900064,27,85,-58
111900065,396,42,354
111900066,162,190,-28
111900067,1,117,-116
111900068,50,164,-114
111900069,171,16,155
111900070,317,52,265
111900071,0,62,-62
111900072,71,100,-29
111900073,2231,231,2000
111900074,4,192,-188
111900075,107,20,87
111900076,604,109,495
111900077,68,12,56
111900078,799,52,747
111900079,53,84,-31
111900080,119,165,-46
111900082,315,50,265
111900083,489,130,359
111900084,302,9,293
111900085,99,83,16
111900086,186,16,170
111900087,97,3,94
111900088,1489,86,1403
111900089,81,1,80
111900090,60,77,-17
111900091,1525,20,1505
111900092,175,0,175
111900093,1186,34,1152
111900094,122,0,122
111900095,746,61,685
111900096,613,2,611
111900097,168,0,168
111900098,617,9,608
111900099,42,0,42
111900100,196,13,183
111900101,299,9,290
111900102,1205,276,929
111900103,63,232,-169
111900104,127,81,46
111900105,98,249,-151
111900106,248,33,215
111900110,1283,263,1020
111900111,217,57,160
111900112,247,8210,-7963
111900113,241,103,138
111900118,825,77,748
111900119,315,112,203
111900122,46,52,-6
111900123,8,29,-21
111900124,17,10,7
111900125,891,101,790
111900126,842,2,840
111900127,1,186,-185
111900128,15,250,-235
111900129,275,9,266
111900130,206,32,174
111900131,992,0,992
111900132,24,411,-387
111900133,37,119,-82
111900134,0,119,-119
111900135,9,27,-18
111900136,69,134,-65
111900137,65,10,55
111900138,14,35,-21
111900139,12,35,-23
111900140,230,35,195
111900141,96,3,93
111900142,207,15,192
111900143,193,51,142
111900144,26,48,-22
111900145,0,73,-73
111900146,0,57,-57
111900147,12,349,-337
111900148,11,312,-301
111900149,6,142,-136
111900150,22,44,-22
111900151,6,85,-79
111900152,140,85,55
111900153,441,739,-298
111900154,33,1169,-1136
111900155,75,380,-305
111900156,86,93,-7
111900157,276,33,243
111900158,1182,118,1064
111900159,1032,131,901
111900160,557,0,557
111900161,764,0,764
111900162,274,688,-414
111900163,22,150,-128
111900164,183,30,153
111901113,1049,56,993
111901114,419,344,75
111901115,506,0,506
111901116,105,6,99
111901117,13,146,-133
111901118,18,816,-798
111901119,174,21,153
111901121,21,33,-12
111901122,1,83,-82
111901123,866,46,820
111901124,524,7,517
111901125,1408,243,1165
111901127,651,1794,-1143
111901128,5,77,-72
111901129,0,227,-227
111901130,3,53,-50
111901131,1,402,-401
111901132,390,96,294
111901133,207,2,205
111901134,337,8,329
111901135,50,10,40
111901138,4,16,-12
111901139,0,10,-10
111901140,1,45,-44
111901141,4,102,-98
111901142,4,28,-24
111901143,0,127,-127
111901144,42,48,-6
111901145,23,781,-758
111901146,30,2,28
111901147,356,1280,-924
111901148,12,75,-63
111901149,69,2,67
111901150,190,1,189
111901151,436,2,434
111901152,4,21,-17
112000001,2964,1088,1876
112000002,1090,2120,-1030
112000003,4034,1309,2725
112000004,1497,314,1183
112000005,5077,5961,-884
112000006,678,528,150
112000007,5606,4195,1411
112000008,4792,5343,-551
112000009,3524,1451,2073
112000010,5557,6204,-647
112000011,1629,1075,554
112000012,4078,5852,-1774
112000013,1892,2821,-929
112000014,1103,4840,-3737
112000015,1065,3990,-2925
112000016,2671,5200,-2529
112000017,415,6093,-5678
112000024,547,185,362
112000026,1649,1460,189
112000027,670,1146,-476
112000028,738,1040,-302
112000029,601,702,-101
112000030,260,26,234
112000031,1563,3727,-2164
112000032,114,10,104
112000033,1508,5598,-4090
112000034,64,25,39
112000035,30,1470,-1440
112000036,155,2134,-1979
112000037,821,1117,-296
112000038,1011,1971,-960
112000039,106,44,62
112000040,60,164,-104
112000041,385,337,48
112000042,1314,196,1118
112000050,1508,1404,104
112000051,1332,4179,-2847
112000054,1427,1565,-138
112000057,902,114,788
112000058,173,256,-83
112000059,648,377,271
112000061,3017,700,2317
112000062,603,1784,-1181
112000063,171,3795,-3624
112000064,2864,2860,4
112000065,1092,1896,-804
112000066,3019,1433,1586
112000067,565,546,19
112000068,3098,2885,213
112000069,511,1798,-1287
112000070,1082,1314,-232
112000071,1065,1765,-700
112000072,2611,901,1710
112000073,1030,4415,-3385
112000074,991,2892,-1901
112000075,1254,2169,-915
112000076,3531,2986,545
112000077,1582,355,1227
112000078,3034,562,2472
112000079,2576,1180,1396
112000080,976,554,422
112000081,946,1500,-554
112000082,1518,364,1154
112000083,902,1025,-123
112000084,984,620,364
112000085,2086,926,1160
112000086,2120,822,1298
112000087,1053,228,825
112000088,1197,205,992
112000089,320,238,82
112000090,167,147,20
112000091,765,413,352
112000092,2752,860,1892
112000093,1672,389,1283
112000094,888,881,7
112000095,1215,334,881
112000096,799,793,6
112000097,3378,767,2611
112000098,272,471,-199
112000099,729,2885,-2156
112000100,2988,773,2215
112000101,575,279,296
112000102,2286,568,1718
112000103,478,311,167
112000105,707,466,241
112000106,4773,481,4292
112000107,336,203,133
112000108,1489,667,822
112000109,680,99,581
112000110,3066,763,2303
112000111,478,1840,-1362
112000112,2430,512,1918
112000113,974,821,153
112000114,2847,820,2027
112000115,626,296,330
112000116,681,577,104
112000117,1860,726,1134
112000118,672,836,-164
112000119,452,485,-33
112000120,30,163,-133
112000121,264,187,77
112000122,673,127,546
112000123,1119,206,913
112000124,843,235,608
112000125,599,576,23
112000126,1165,148,1017
112000127,2536,2520,16
112000128,585,478,107
112000129,236,63,173
112000130,509,124,385
112000131,47,148,-101
112000132,273,155,118
112000133,576,66,510
112000134,930,296,634
112000135,1672,937,735
112000136,944,1156,-212
112000137,1846,2627,-781
112000138,1541,1317,224
112000139,489,974,-485
112000140,268,857,-589
112000141,1255,823,432
112000142,204,300,-96
112000143,1626,204,1422
112000144,361,538,-177
112000145,3886,418,3468
112000146,681,876,-195
112000147,3441,1612,1829
112000148,873,1036,-163
112000149,624,621,3
112000150,910,248,662
112000151,529,156,373
112000152,1411,237,1174
112000153,234,109,125
112000154,219,654,-435
112000155,172,146,26
112000157,444,1390,-946
112000158,449,310,139
112000159,1531,330,1201
112000167,468,194,274
112000169,313,1903,-1590
112000173,1365,197,1168
112000175,574,278,296
112000176,817,942,-125
112000177,1135,394,741
112000178,86,228,-142
112000179,516,63,453
112000180,582,268,314
112000181,1011,808,203
112000182,2562,315,2247
112000183,52,13,39
112000184,677,178,499
112000185,1968,238,1730
112000187,5837,3031,2806
112000195,258,7,251
112000196,80,0,80
112000197,57,88,-31
112000198,32,219,-187
112000199,570,471,99
112000202,889,20,869
112000216,34,120,-86
112000230,288,1,287
112000231,1,126,-125
112000256,88,786,-698
112000313,42,33,9
112000314,36,80,-44
112000337,228,1140,-912
112000352,129,471,-342
112000392,3832,669,3163
112000398,3112,755,2357
112000399,1360,11936,-10576
112000400,1211,1068,143
112000401,1159,1004,155
112000402,5214,5790,-576
112000403,1322,12343,-11021
112000404,2233,1616,617
112000405,4919,4047,872
112000406,2427,915,1512
112000407,13111,7951,5160
112000408,4628,1987,2641
112000409,1557,1339,218
112000410,221,284,-63
112000411,1971,1853,118
112000412,441,178,263
112000413,3467,7125,-3658
112000414,276,20,256
112000415,147,21,126
112000416,5837,1211,4626
112000417,416,181,235
112000421,118,77,41
112000422,329,274,55
112000424,1303,4293,-2990
112000425,370,329,41
112000426,515,373,142
112000427,0,16,-16
112000428,426,143,283
112000429,2670,2582,88
112000430,3368,5802,-2434
112000431,151,283,-132
112000432,585,696,-111
112000433,342,467,-125
112000437,87,60,27
112900001,71,0,71
112900002,867,190,677
112900003,66,78,-12
112900004,64,153,-89
112900005,479,65,414
112900007,14,22,-8
112900008,2,130,-128
112900009,424,265,159
112900010,566,213,353
112900011,20,268,-248
112900012,1,5,-4
112900013,8,475,-467
112900014,6,63,-57
112900015,56,406,-350
112900016,1,124,-123
112900017,118,86,32
112900018,712,107,605
112900019,18,138,-120
112900020,335,545,-210
112900021,1,160,-159
112900022,43,19,24
112900023,17,15,2
112900024,6,67,-61
112900025,229,119,110
112900026,0,21,-21
112900027,0,281,-281
112900028,24,100,-76
112900029,16,72,-56
112900030,20,13,7
112900031,2,383,-381
112900032,209,250,-41
112900034,0,10,-10
112900035,3,77,-74
112900036,9,109,-100
112900037,483,340,143
112900038,895,65,830
112900039,10,119,-109
112900040,2,510,-508
112900041,658,657,1
112900042,45,151,-106
112900043,29,59,-30
112900044,186,109,77
112900045,211,100,111
112900046,123,47,76
112900047,5,25,-20
112900049,605,28,577
112900050,22,157,-135
112900051,127,216,-89
112900052,10,271,-261
112900053,100,216,-116
112900054,147,81,66
112900055,43,41,2
112900056,406,213,193
112900057,87,192,-105
112900058,157,1189,-1032
112900059,130,1115,-985
112900060,32,27,5
112900061,102,139,-37
112900062,98,35,63
112900063,14,6,8
112900064,68,74,-6
112900065,14,14,0
112900066,146,407,-261
112900067,406,67,339
112900068,29,129,-100
112900069,2010,1647,363
112900071,74,9,65
112900072,85,8145,-8060
112900073,312,226,86
112900074,156,544,-388
112900075,849,2405,-1556
112900076,42,14,28
112900078,210,915,-705
112900079,274,15,259
112900080,363,2,361
112900081,49,790,-741
112900082,408,18,390
112900083,383,253,130
112900084,513,385,128
112900086,282,0,282
112900087,2631,248,2383
112900088,421,15,406
112900089,696,19,677
112900090,88,119,-31
112900091,520,12,508
112900092,38,1456,-1418
112900093,1197,29,1168
112900095,179,0,179
112900096,1029,274,755
112900097,73,128,-55
112900098,153,1,152
112900099,1532,6,1526
112900100,208,4,204
112900101,561,6,555
112900102,71,79,-8
112900103,416,10,406
112900104,1437,5,1432
112900105,11,0,11
112900106,889,141,748
112900107,1,0,1
112900108,1,0,1
112900109,365,3,362
112900110,2039,26,2013
112900111,1356,2,1354
112900112,582,1,581
112900113,0,1,-1
112900114,724,7,717
112900115,2561,5,2556
112900116,167,6,161
112900117,101,10,91
112900118,8,45,-37
112900119,495,15,480
112900120,487,191,296
112900121,45,44,1
112900122,7,57,-50
112900123,741,47,694
112900124,2,22,-20
112900125,11,201,-190
112900126,74,59,15
112900127,577,29,548
112900128,74,334,-260
112900129,0,524,-524
112900130,298,130,168
112900131,5,243,-238
112900132,139,304,-165
112900133,5,643,-638
112900134,0,309,-309
112900135,179,65,114
112900137,50,328,-278
112900138,9,55,-46
112900139,18,351,-333
112900141,819,37,782
112900142,65,596,-531
112900143,3,250,-247
112900144,3,513,-510
112900145,2,276,-274
112900146,3,381,-378
112900147,1,473,-472
112900148,31,3,28
112900149,91,269,-178
112900151,0,25,-25
112900152,2540,219,2321
112900153,98,6507,-6409
112900154,0,22,-22
112900155,171,2,169
112900156,1535,386,1149
112900157,457,11,446
112900158,131,0,131
112900159,108,388,-280
112900160,31,169,-138
112900161,219,46,173
112900162,10,33,-23
112900163,50,94,-44
112900164,55,306,-251
112900165,55,73,-18
112900166,12,118,-106
112900167,3,408,-405
112900168,0,2,-2
112900169,2,24,-22
112900170,164,87,77
112900172,55,24,31
112900173,80,72,8
112900174,449,40,409
112900175,214,326,-112
112900176,34,41,-7
112900177,337,66,271
112900178,533,4943,-4410
112900179,16,209,-193
112900180,2283,1035,1248
112900181,1706,10,1696
112900182,68,226,-158
112900183,56,132,-76
112900184,314,280,34
112900185,62,384,-322
112900186,762,736,26
112900187,58,340,-282
112900188,708,2686,-1978
112900189,7,13,-6
112900190,10,86,-76
112900192,376,440,-64
112900193,581,193,388
112900194,86,4,82
112900195,395,61,334
112900196,582,372,210
112900197,105,333,-228
112900199,707,68,639
112900200,690,58,632
112900201,186,203,-17
112900202,705,359,346
112900203,435,65,370
112900204,477,322,155
112900205,30,7,23
112900206,40,30,10
112900207,43,0,43
112900208,64,1238,-1174
112900209,90,182,-92
112900210,1,11,-10
112900211,93,1,92
112900212,0,26,-26
112900213,74,0,74
112900214,18,13,5
112900215,6,28,-22
112900216,42,14,28
112900217,0,28,-28
112900218,178,8,170
112900219,241,6,235
112900220,1,0,1
112900221,9,38,-29
112900222,0,97,-97
112900223,872,16,856
112900224,1016,123,893
112900225,767,150,617
112900226,97,272,-175
112900227,658,79,579
112900228,246,19,227
112900229,498,3,495
112900230,8748,2138,6610
112900232,417,161,256
112900233,110,131,-21
112900234,32,2,30
112900235,20,0,20
112900236,1344,10,1334
112900237,905,274,631
112900238,2,2,0
112900239,465,813,-348
112900240,3,12,-9
112900241,18,72,-54
112900242,29,169,-140
112900243,25,44,-19
112900244,8,56,-48
112900245,0,74,-74
112900246,0,26,-26
112900247,113,67,46
112900248,6,0,6
112900249,39,9,30
112900250,172,10,162
112900251,332,1,331
112900252,326,11,315
112900253,226,4,222
112900254,61,22,39
112900255,5,45,-40
112900256,10,36,-26
112900257,10,15,-5
112900258,108,6,102
113000001,5996,4973,1023
113000002,7196,3925,3271
113000003,3335,1985,1350
113000004,3453,1888,1565
113000005,2983,1776,1207
113000006,1578,1779,-201
113000007,3108,1817,1291
113000008,2708,2033,675
113000009,2096,673,1423
113000010,2484,1215,1269
113000011,2168,1115,1053
113000012,1279,811,468
113000013,624,603,21
113000014,1107,1268,-161
113000015,90,125,-35
113000016,290,391,-101
113000017,66,573,-507
113000018,447,57,390
113000019,47,499,-452
113000020,307,107,200
113000021,1949,1293,656
113000022,1143,5548,-4405
113000025,197,335,-138
113000026,785,860,-75
113000027,667,1371,-704
113000028,416,2176,-1760
113000029,760,809,-49
113000030,209,460,-251
113000031,268,282,-14
113000032,146,301,-155
113000033,255,281,-26
113000034,178,111,67
113000035,10,38,-28
113000036,11,72,-61
113000037,40,27,13
113000038,2,39,-37
113000039,38,285,-247
113000040,115,142,-27
113000042,1139,573,566
113000051,2620,3855,-1235
113000052,3397,394,3003
113000053,1000,429,571
113000054,1049,1241,-192
113000055,3218,487,2731
113000056,2769,1036,1733
113000058,368,1141,-773
113000059,625,252,373
113000060,636,768,-132
113000061,814,979,-165
113000062,621,386,235
113000063,539,34,505
113000064,211,123,88
113000065,224,422,-198
113000066,1366,162,1204
113000067,3732,617,3115
113000068,723,385,338
113000069,864,414,450
113000070,2926,672,2254
113000071,957,382,575
113000072,1242,305,937
113000073,426,1260,-834
113000074,985,428,557
113000075,1896,709,1187
113000076,492,4042,-3550
113000077,590,796,-206
113000078,470,1398,-928
113000079,358,1074,-716
113000080,463,889,-426
113000081,872,872,0
113000082,910,518,392
113000083,686,1092,-406
113000084,2128,822,1306
113000085,985,694,291
113000086,997,1568,-571
113000087,1016,1511,-495
113000088,1836,1595,241
113000089,879,1868,-989
113000090,119,799,-680
113000091,269,468,-199
113000094,1938,586,1352
113000095,343,943,-600
113000096,166,1372,-1206
113000097,1377,516,861
113000098,78,101,-23
113000099,1250,515,735
113000100,237,564,-327
113000101,214,980,-766
113000102,819,690,129
113000103,5896,446,5450
113000104,843,4360,-3517
113000105,1387,570,817
113000106,911,347,564
113000107,1453,1427,26
113000108,1544,1239,305
113000109,695,1491,-796
113000110,8437,880,7557
113000111,561,457,104
113000112,1091,343,748
113000113,2976,273,2703
113000114,244,739,-495
113000116,495,324,171
113000117,732,107,625
113000118,42,942,-900
113000119,388,266,122
113000120,32,391,-359
113000121,358,1012,-654
113000124,633,267,366
113000125,39,1394,-1355
113000127,1768,201,1567
113000128,2232,213,2019
113000129,331,727,-396
113000133,3932,491,3441
113000134,1,1888,-1887
113000135,5574,4542,1032
113000137,678,2331,-1653
113000139,296,101,195
113000140,31,67,-36
113000141,55,148,-93
113000142,195,473,-278
113000143,270,92,178
113000144,236,219,17
113000145,110,138,-28
113000146,130,43,87
113000147,224,45,179
113000148,287,98,189
113000149,162,154,8
113000150,374,412,-38
113000151,25,26,-1
113000152,51,218,-167
113000153,941,202,739
113000154,451,1904,-1453
113000155,375,736,-361
113000156,215,211,4
113000157,368,277,91
113000158,531,115,416
113000159,839,192,647
113000160,653,279,374
113000161,509,134,375
113000162,708,74,634
113000163,139,25,114
113000164,59,26,33
113000166,327,93,234
113000167,86,37,49
113000168,321,27,294
113000169,291,52,239
113000170,46,96,-50
113000171,39,98,-59
113000172,348,24,324
113000173,104,15,89
113000174,301,170,131
113000175,759,101,658
113000176,750,99,651
113000177,286,88,198
113000178,171,307,-136
113000179,414,80,334
113000180,841,2231,-1390
113000181,1464,982,482
113000182,134,735,-601
113000183,218,994,-776
113000184,46,87,-41
113000189,349,842,-493
113000190,210,215,-5
113000192,426,6228,-5802
113000193,1130,4341,-3211
113000194,1234,6842,-5608
113000195,1158,3774,-2616
113000196,510,179,331
113000197,953,4590,-3637
113000198,208,412,-204
113000199,2232,369,1863
113000201,775,891,-116
113000202,18905,1985,16920
113000203,77,859,-782
113000204,286,8589,-8303
113000205,32,15,17
113000206,6,89,-83
113000207,38,39,-1
113000208,28,127,-99
113000209,7,29,-22
113000210,3,31,-28
113000211,69,318,-249
113000212,23,35,-12
113000213,22,92,-70
113000214,229,594,-365
113000234,350,662,-312
113000410,25,180,-155
113000411,1488,1757,-269
113000412,8442,1351,7091
113000413,925,2993,-2068
113000414,4515,12573,-8058
113000415,2141,1101,1040
113000416,1723,1722,1
113000417,756,1204,-448
113000418,6000,3565,2435
113000419,1808,1519,289
113000420,2491,4724,-2233
113000421,5731,6209,-478
113000422,8082,9580,-1498
113000423,893,5407,-4514
113000424,1906,12343,-10437
113000425,9,80,-71
113000428,10,35,-25
113000430,1,75,-74
113000432,3217,164,3053
113000433,113,1098,-985
113000434,51,93,-42
113000435,16,122,-106
113000436,11,956,-945
113000437,1868,107,1761
113000438,581,60,521
113000439,56,41,15
113000440,262,62,200
113000441,191,220,-29
113000442,544,32,512
113000443,443,93,350
113000444,815,50,765
113000445,76,69,7
113000446,84,201,-117
113000448,1220,540,680
113000449,328,1507,-1179
113000450,2239,4543,-2304
113000451,5587,847,4740
113000452,106,1023,-917
113000453,38,1166,-1128
113000454,506,570,-64
113000455,25,3249,-3224
113000456,1551,1643,-92
113000468,913,51,862
113000469,33,117,-84
113000470,950,5,945
113000471,26,489,-463
113000472,87,304,-217
113000474,2294,849,1445
113000475,1860,885,975
113000476,4646,2298,2348
113000477,6621,2255,4366
113000478,2861,2644,217
113000479,295,159,136
113000485,0,0,0
113000486,0,0,0
113000487,0,0,0
113000488,0,0,0
113000489,0,0,0
113000490,0,0,0
113000491,0,0,0
113000492,0,0,0
113000493,0,0,0
113000495,602,128,474
113000496,318,177,141
113900001,29,4955,-4926
113900002,7,198,-191
113900003,4,392,-388
113900004,1,587,-586
113900005,5,1065,-1060
113900006,3,300,-297
113900007,0,0,0
113900008,0,0,0
113900009,0,0,0
113900010,0,0,0
113900011,0,0,0
113900012,156,8,148
113900013,111,19,92
113900014,1178,13,1165
113900015,3,6,-3
113900016,9,0,9
113900017,1,14,-13
113900018,76,172,-96
113900019,286,21,265
113900020,215,8,207
113900022,74,0,74
113900023,49,0,49
113900024,75,16,59
113900025,328,7,321
113900026,38,0,38
113900027,20,52,-32
113900028,21,144,-123
113900029,240,60,180
113900030,666,8,658
113900031,19,1,18
113900032,36,0,36
113900033,72,31,41
113900035,29,2,27
113900036,91,106,-15
113900037,195,338,-143
113900038,18,181,-163
113900039,283,2,281
113900040,10,21,-11
113900041,25,1,24
113900042,211,22,189
113900043,297,50,247
113900044,35,160,-125
113900045,56,1,55
113900046,96,1081,-985
113900047,253,40,213
113900048,145,102,43
113900049,102,475,-373
113900050,335,243,92
113900051,270,83,187
113900052,53,49,4
113900053,337,938,-601
113900054,19,5,14
113900055,102,496,-394
113900056,177,24,153
113900057,18,36,-18
113900058,141,32,109
113900059,410,201,209
113900060,56,284,-228
113900061,581,74,507
113900062,133,11,122
113900063,211,23,188
113900064,13,35,-22
113900065,743,8,735
113900066,1062,110,952
113900067,478,216,262
113900068,369,1227,-858
113900069,13,17,-4
113900070,74,231,-157
113900071,181,12,169
113900072,47,45,2
113900073,896,351,545
113900074,386,467,-81
113900075,1092,3246,-2154
113900076,68,32,36
113900077,29,44,-15
113900078,59,5,54
113900079,0,5,-5
113900080,534,155,379
113900081,86,38,48
113900082,241,205,36
113900083,479,124,355
113900084,236,81,155
113900085,23,131,-108
113900086,117,38,79
113900087,78,73,5
113900088,139,163,-24
113900089,499,28,471
113900090,501,248,253
113900091,7,1,6
113900092,16,94,-78
113900093,32,2105,-2073
113900094,733,205,528
113900095,157,236,-79
113900096,215,56,159
113900097,10,206,-196
113900098,1032,273,759
113900099,0,26,-26
113900100,1,0,1
113900101,11,79,-68
113900102,34,157,-123
113900103,101,464,-363
113900104,147,358,-211
113900105,543,37,506
113900106,1,12,-11
113900107,2,0,2
113900108,38,340,-302
113900109,143,324,-181
113900110,25,18,7
113900111,248,56,192
113900112,251,16,235
113900113,1230,433,797
113900114,5,12,-7
113900115,1,4,-3
113900116,8,227,-219
113900117,33,34,-1
113900118,79,964,-885
113900119,111,265,-154
113900120,88,35,53
113900121,119,72,47
113900122,472,5134,-4662
113900123,669,115,554
113900124,0,114,-114
113900125,1401,155,1246
113900126,39,48,-9
113900127,291,706,-415
113900128,331,105,226
113900129,6,149,-143
113900130,1,118,-117
113900131,328,34,294
113900132,38,73,-35
113900133,6,28,-22
113900135,438,595,-157
113900136,61,18,43
113900137,284,247,37
113900138,8,70,-62
113900139,490,281,209
113900140,6,179,-173
113900141,862,173,689
113900142,138,24,114
113900143,11,70,-59
113900144,39,466,-427
113900145,287,163,124
113900146,347,27,320
113900148,41,315,-274
113900149,176,305,-129
113900150,160,97,63
113900151,443,191,252
113900152,37,65,-28
113900153,30,290,-260
113900154,3,83,-80
113900155,56,182,-126
113900156,385,160,225
113900157,38,452,-414
113900158,57,226,-169
113900159,14,151,-137
113900160,497,316,181
113900161,136,260,-124
113900162,80,417,-337
113900163,151,80,71
113900164,532,40,492
113900165,486,389,97
113900166,20,21,-1
113900167,534,20,514
113900168,53,54,-1
113900169,208,202,6
113900171,251,47,204
113900172,2,126,-124
113900173,31,161,-130
113900174,521,371,150
113900175,252,80,172
113900176,249,239,10
113900177,205,169,36
113900178,228,156,72
113900179,4,204,-200
113900180,182,79,103
113900181,1270,207,1063
113900182,526,447,79
113900183,54,60,-6
113900184,21,321,-300
113900185,79,44,35
113900186,16,13,3
113900187,19,65,-46
113900188,3,83,-80
113900189,306,162,144
113900190,152,47,105
113900191,23,132,-109
113900192,2049,2820,-771
113900193,17,77,-60
113900194,1169,337,832
113900195,252,196,56
113900196,3,97,-94
113900197,2,36,-34
113900198,5,763,-758
113900199,24,271,-247
113900200,0,45,-45
113900201,6,64,-58
113900202,25,24,1
113900203,16,16,0
113900204,9,232,-223
113900205,1,22,-21
113900206,0,52,-52
113900207,0,26,-26
113900208,0,12,-12
113900209,0,11,-11
113900210,950,681,269
113900211,163,42,121
113900212,390,236,154
113900214,232,372,-140
113900215,64,94,-30
113900216,185,271,-86
113900217,198,49,149
113900218,119,74,45
113900219,161,675,-514
113900220,77,181,-104
113900221,131,499,-368
113900222,1125,1090,35
113900223,309,237,72
113900224,28,33,-5
113900225,621,52,569
113900226,395,80,315
113900227,182,191,-9
113900228,137,424,-287
113900229,69,1376,-1307
113900230,1278,3219,-1941
113900231,95,53,42
113900232,180,20,160
113900233,152,44,108
113900234,472,457,15
113900235,116,21,95
113900236,287,43,244
113900237,179,12,167
113900238,134,662,-528
113900239,43,176,-133
113900240,2,168,-166
113900241,31,85,-54
113900242,83,262,-179
113900243,14,99,-85
113900244,79,111,-32
113900245,449,411,38
113900246,33,16,17
113900247,51,563,-512
113900248,1988,2194,-206
113900249,317,532,-215
113900250,10,765,-755
113900251,1273,61,1212
113900252,1264,10,1254
113900253,932,47,885
113900254,640,105,535
113900255,1031,5,1026
113900256,602,19,583
113900257,19,326,-307
113900258,28,196,-168
113900259,994,60,934
113900260,411,3,408
113900261,62,68,-6
113900262,164,228,-64
113900263,10,192,-182
113900264,0,217,-217
113900265,75,380,-305
113900266,23,88,-65
113900267,41,821,-780
113900268,224,353,-129
113900269,192,146,46
113900270,240,327,-87
113900271,628,419,209
113900273,5,8,-3
113900274,58,50,8
113900275,3,214,-211
113900276,22,71,-49
113900277,378,3,375
113900278,80,125,-45
113900279,56,21,35
113900280,932,437,495
113900281,79,942,-863
113900282,154,230,-76
113900283,396,541,-145
113900284,1346,172,1174
113900285,91,9,82
113900286,17,17,0
113900287,147,5,142
113900288,0,97,-97
113900289,298,176,122
113900290,566,763,-197
113900291,45,37,8
113900292,1,10,-9
113900293,8,254,-246
113900294,1095,18,1077
113900295,345,316,29
113900296,1052,157,895
113900297,2455,51,2404
113900298,39,1939,-1900
113900299,213,12,201
113900300,2716,2961,-245
113900301,439,1074,-635
113900302,1182,846,336
113900303,139,1679,-1540
113900304,0,153,-153
113900305,233,1,232
113900306,121,2,119
113900307,0,0,0
113900308,6,19,-13
113900309,0,205,-205
113900310,1,16,-15
113900311,16,1,15
113900312,85,138,-53
113900313,8,0,8
113900314,12,19,-7
113900315,336,3,333
114000001,1041,1538,-497
114000002,551,216,335
114000003,483,520,-37
114000004,773,255,518
114000005,602,198,404
114000006,1323,1332,-9
114000007,987,868,119
114000008,1996,1714,282
114000009,1644,315,1329
114000011,3328,1988,1340
114000012,5380,1618,3762
114000013,2662,1162,1500
114000014,732,249,483
114000015,2652,146,2506
114000016,548,49,499
114000017,107,1171,-1064
114000018,66,62,4
114000026,3520,1084,2436
114000027,3898,2524,1374
114000028,2421,5546,-3125
114000038,411,118,293
114000039,90,44,46
114000040,197,399,-202
114000042,170,268,-98
114000043,180,184,-4
114000044,509,50,459
114000045,35,53,-18
114000046,1839,4285,-2446
114000047,34,158,-124
114000048,127,125,2
114000049,1958,1602,356
114000050,1797,1801,-4
114000051,3345,2294,1051
114000052,3622,3114,508
114000053,34,897,-863
114000054,165,841,-676
114000055,492,49,443
114000056,113,895,-782
114000057,3767,1503,2264
114000058,37,1172,-1135
114000059,66,1454,-1388
114000060,521,1171,-650
114000061,2345,3545,-1200
114000062,316,1238,-922
114000063,1032,1159,-127
114000064,1528,5086,-3558
114000065,985,1635,-650
114000066,719,1084,-365
114000067,14,1241,-1227
114000068,403,926,-523
114000069,894,575,319
114000070,2802,1556,1246
114000071,1004,852,152
114000072,891,227,664
114000073,15,18,-3
114000074,88,7,81
114000075,39,41,-2
114000076,8,46,-38
114000077,1,23,-22
114000078,471,311,160
114000079,333,41,292
114000080,76,87,-11
114000081,69,170,-101
114000082,63,295,-232
114000083,107,35,72
114000084,211,135,76
114000085,91,264,-173
114000086,229,186,43
114000087,250,29,221
114000088,12,28,-16
114000089,390,182,208
114000090,823,1650,-827
114000091,796,1206,-410
114000092,446,518,-72
114000093,1344,469,875
114000094,691,421,270
114000095,289,261,28
114000096,30,189,-159
114000097,121,137,-16
114000098,699,171,528
114000099,1444,151,1293
114000100,1838,428,1410
114000101,715,298,417
114000102,988,337,651
114000103,103,101,2
114000104,40,254,-214
114000105,275,146,129
114000106,796,2852,-2056
114000107,710,162,548
114000108,1474,700,774
114000109,1191,6222,-5031
114000110,500,654,-154
114000111,3232,2177,1055
114000112,348,1137,-789
114000113,3283,405,2878
114000114,262,1089,-827
114000115,3915,617,3298
114000116,1264,6860,-5596
114000117,6567,857,5710
114000118,5998,345,5653
114000119,4815,485,4330
114000120,777,844,-67
114000121,768,645,123
114000122,617,541,76
114000123,2930,502,2428
114000124,2269,555,1714
114000125,1420,1369,51
114000126,2840,250,2590
114000127,274,101,173
114000128,1323,231,1092
114000130,718,511,207
114000131,559,90,469
114000132,707,237,470
114000133,524,953,-429
114000134,119,40,79
114000138,15,81,-66
114000139,410,613,-203
114000144,712,617,95
114000145,80,22,58
114000146,97,19,78
114000147,1434,2750,-1316
114000148,822,2442,-1620
114000149,251,434,-183
114000150,526,1144,-618
114000151,1238,4879,-3641
114000152,97,23,74
114000153,689,4205,-3516
114000154,652,1110,-458
114000155,1017,4146,-3129
114000156,887,1277,-390
114000157,551,2252,-1701
114000158,1417,651,766
114000159,132,424,-292
114000160,90,954,-864
114000161,1001,2087,-1086
114000162,1559,2576,-1017
114000163,9,30,-21
114000165,432,555,-123
114000166,366,496,-130
114000167,2755,1099,1656
114000168,352,191,161
114000169,1071,1015,56
114000170,1144,1069,75
114000171,1820,19830,-18010
114000174,128,238,-110
114000176,242,489,-247
114000177,671,251,420
114000178,111,49,62
114000179,874,1435,-561
114000180,186,171,15
114000181,1246,10682,-9436
114000182,807,2488,-1681
114000183,765,631,134
114000184,3088,446,2642
114000185,1283,768,515
114000189,2114,122,1992
114000190,4841,391,4450
114000191,86,579,-493
114000192,144,698,-554
114000193,155,1054,-899
114000194,2082,959,1123
114000195,354,334,20
114000196,0,87,-87
114000197,3104,51,3053
114000198,566,387,179
114000199,1232,1252,-20
114000200,687,1163,-476
114000201,303,1027,-724
114000202,1070,722,348
114000203,1098,972,126
114000204,120,626,-506
114000205,364,1091,-727
114000206,864,1448,-584
114000207,515,1066,-551
114000208,511,1191,-680
114000209,404,1491,-1087
114000210,231,725,-494
114000211,1745,1478,267
114000212,598,1266,-668
114000213,1730,332,1398
114000214,88,126,-38
114000215,163,132,31
114000216,2564,381,2183
114000217,496,138,358
114000218,603,79,524
114000219,2318,154,2164
114000220,42,759,-717
114000221,1804,168,1636
114000222,142,663,-521
114000223,975,130,845
114000224,68,459,-391
114000225,527,264,263
114000226,267,173,94
114000227,892,500,392
114000228,955,695,260
114000229,2354,1349,1005
114000230,1815,896,919
114000231,1230,1718,-488
114000232,1689,249,1440
114000233,3844,75,3769
114000234,1481,747,734
114000235,2156,1980,176
114000236,0,530,-530
114000237,200,553,-353
114000238,187,482,-295
114000239,162,1002,-840
114000240,1164,1852,-688
114000241,366,1002,-636
114000242,891,798,93
114000243,3600,1231,2369
114000244,900,493,407
114000245,792,1477,-685
114000246,269,71,198
114000247,616,741,-125
114000248,2783,743,2040
114000249,540,567,-27
114000250,1169,204,965
114000251,415,217,198
114000252,98,21,77
114000253,25,125,-100
114000254,61,60,1
114000255,689,168,521
114000256,258,2064,-1806
114000257,846,1153,-307
114000258,705,229,476
114000259,333,523,-190
114000260,1,44,-43
114000261,72,22,50
114000262,311,187,124
114000263,19,1,18
114000264,1724,454,1270
114000265,0,0,0
114000267,7,2689,-2682
114000268,0,700,-700
114000270,306,11,295
114000271,363,67,296
114000283,2389,377,2012
114000285,35,71,-36
114000288,208,319,-111
114000289,2582,164,2418
114000293,306,628,-322
114000294,264,373,-109
114000395,2154,3,2151
114000396,641,541,100
114000402,1374,265,1109
114000403,384,208,176
114000405,355,252,103
114000423,832,119,713
114000424,650,196,454
114000425,1735,137,1598
114000426,237,1030,-793
114000427,77,51,26
114000428,45,118,-73
114000429,9,152,-143
114000432,267,102,165
114000434,35,38,-3
114000435,0,52,-52
114900001,864,257,607
114900002,328,72,256
114900003,1079,257,822
114900004,200,677,-477
114900005,759,321,438
114900006,46,57,-11
114900007,220,7,213
114900008,371,121,250
114900010,1347,2669,-1322
114900011,468,134,334
114900013,359,133,226
114900018,1174,54,1120
114900020,185,59,126
114900022,1,464,-463
114900025,771,138,633
114900026,179,72,107
114900029,213,24,189
114900030,334,127,207
114900031,843,22,821
114900032,501,9,492
114900034,17,22,-5
114900035,146,382,-236
114900036,309,290,19
114900039,936,131,805
114900040,160,20,140
114900041,1824,156,1668
114900042,2275,169,2106
114900044,205,39,166
114900047,184,5789,-5605
114900048,23,162,-139
114900049,9,82,-73
114900050,139,149,-10
114900051,4,118,-114
114900052,11,230,-219
114900053,64,212,-148
114900054,21,37,-16
114900057,243,30,213
114900058,0,32,-32
114900059,144,69,75
114900063,103,35,68
114900064,2762,113,2649
114900065,628,1050,-422
114900067,13,245,-232
114900068,18,96,-78
114900069,199,19,180
114900070,788,135,653
114900072,0,176,-176
114900073,1,29,-28
114900074,1205,205,1000
114900075,228,4,224
114900076,0,100,-100
114900080,758,146,612
114900082,1968,3456,-1488
114900083,291,596,-305
114900090,608,157,451
114900091,57,73,-16
114900097,152,1,151
114900098,3,253,-250
114900099,318,14,304
115000001,5489,2970,2519
115000002,5635,7690,-2055
115000003,4959,2855,2104
115000004,5457,9374,-3917
115000005,2710,3322,-612
115000006,1946,3226,-1280
115000007,586,343,243
115000008,726,1078,-352
115000009,913,524,389
115000010,252,427,-175
115000013,38,216,-178
115000015,67,431,-364
115000016,21,278,-257
115000019,24,698,-674
115000020,213,1291,-1078
115000021,259,392,-133
115000022,393,120,273
115000023,543,506,37
115000024,572,159,413
115000025,1142,567,575
115000026,141,178,-37
115000027,570,198,372
115000028,120,472,-352
115000029,1259,110,1149
115000030,434,563,-129
115000031,748,185,563
115000032,7,189,-182
115000033,299,14,285
115000034,112,1111,-999
115000035,907,89,818
115000036,0,293,-293
115000037,644,53,591
115000038,57,197,-140
115000039,3411,5344,-1933
115000040,4740,2914,1826
115000041,2650,5526,-2876
115000042,534,707,-173
115000043,4861,3565,1296
115000044,3471,4021,-550
115000045,3866,1203,2663
115000046,4695,4246,449
115000047,4267,2137,2130
115000048,4428,2240,2188
115000049,1689,4421,-2732
115000050,4526,1344,3182
115000051,2640,7208,-4568
115000052,1598,1059,539
115000053,3639,3734,-95
115000054,568,925,-357
115000055,202,1587,-1385
115000056,99,468,-369
115000057,637,2342,-1705
115000058,67,719,-652
115000059,105,518,-413
115000061,189,381,-192
115000062,430,562,-132
115000063,768,414,354
115000064,327,110,217
115000065,132,587,-455
115000067,550,14,536
115000069,102,327,-225
115000070,40,1298,-1258
115000071,75,34,41
115000072,2,78,-76
115000073,1989,64,1925
115000075,99,66,33
115000076,2576,2229,347
115000077,2916,1434,1482
115000078,2641,967,1674
115000079,2892,1185,1707
115000080,5407,1105,4302
115000081,205,443,-238
115000082,8617,6371,2246
115000083,2952,902,2050
115000084,4131,827,3304
115000085,1691,686,1005
115000086,1927,963,964
115000087,603,2148,-1545
115000088,1904,959,945
115000089,1670,1166,504
115000090,530,976,-446
115000091,352,433,-81
115000092,1238,1445,-207
115000093,938,1,937
115000094,4910,10226,-5316
115000095,4323,11871,-7548
115000096,1616,878,738
115000097,3364,2301,1063
115000098,2824,648,2176
115000099,3565,1424,2141
115000100,2974,373,2601
115000101,884,1174,-290
115000102,641,275,366
115000103,480,508,-28
115000105,158,88,70
115000106,1670,729,941
115000107,286,378,-92
115000108,2485,1721,764
115000109,3941,5919,-1978
115000110,1315,2408,-1093
115000111,525,884,-359
115000112,726,593,133
115000113,489,462,27
115000114,756,337,419
115000116,2371,1694,677
115000117,1719,2490,-771
115000118,2168,2121,47
115000119,1502,2222,-720
115000120,707,1193,-486
115000121,531,592,-61
115000122,595,1853,-1258
115000123,1834,1750,84
115000124,1279,1505,-226
115000125,421,1833,-1412
115000126,162,764,-602
115000127,479,179,300
115000128,555,1368,-813
115000129,223,1018,-795
115000130,628,543,85
115000131,999,290,709
115000132,704,432,272
115000133,1347,271,1076
115000134,388,552,-164
115000135,255,171,84
115000136,397,491,-94
115000137,85,316,-231
115000138,509,208,301
115000139,360,252,108
115000140,559,337,222
115000141,339,92,247
115000142,470,90,380
115000143,1250,1383,-133
115000144,620,82,538
115000145,289,201,88
115000146,636,1262,-626
115000147,518,702,-184
115000148,538,858,-320
115000149,977,220,757
115000150,758,633,125
115000151,1507,303,1204
115000152,1087,1969,-882
115000153,1950,596,1354
115000154,1338,284,1054
115000155,798,1778,-980
115000156,736,1180,-444
115000157,254,2049,-1795
115000158,253,814,-561
115000159,680,1071,-391
115000160,499,420,79
115000161,207,466,-259
115000162,429,1133,-704
115000163,629,883,-254
115000164,499,1075,-576
115000165,224,755,-531
115000167,108,355,-247
115000168,429,1142,-713
115000169,188,1647,-1459
115000170,114,312,-198
115000171,277,922,-645
115000172,938,849,89
115000173,381,1310,-929
115000174,73,970,-897
115000175,335,255,80
115000176,68,167,-99
115000177,53,266,-213
115000178,21,176,-155
115000179,7,109,-102
115000180,127,361,-234
115000181,1216,173,1043
115000182,2009,267,1742
115000183,499,468,31
115000186,909,108,801
115000187,136,440,-304
115000188,623,469,154
115000189,434,307,127
115000190,1108,655,453
115000191,352,652,-300
115000194,127,114,13
115000195,205,505,-300
115000196,377,66,311
115000197,439,215,224
115000198,846,133,713
115000199,1024,155,869
115000200,575,246,329
115000201,416,225,191
115000206,573,12,561
115000207,574,235,339
115000208,564,649,-85
115000209,900,541,359
115000210,199,236,-37
115000211,453,232,221
115000212,1514,414,1100
115000224,199,91,108
115000225,121,37,84
115000229,275,50,225
115000230,228,344,-116
115000231,396,1399,-1003
115000232,4441,496,3945
115000233,110,312,-202
115000234,23,544,-521
115000241,157,90,67
115000242,315,74,241
115000243,401,100,301
115000244,13,590,-577
115000246,152,22,130
115000247,44,22,22
115000248,128,26,102
115000249,23,15,8
115000250,312,36,276
115000251,727,54,673
115000252,301,313,-12
115000253,23,661,-638
115000258,752,59,693
115000259,372,84,288
115000261,34,44,-10
115000262,23,56,-33
115000263,19,50,-31
115000264,6,25,-19
115000267,77,88,-11
115000268,44,129,-85
115000269,113,19,94
115000270,37,16,21
115000272,71,74,-3
115000273,772,11,761
115000280,1185,304,881
115000281,231,710,-479
115000282,523,1179,-656
115000284,122,336,-214
115000296,408,6,402
115000297,133,441,-308
115000298,52,757,-705
115000300,150,132,18
115000302,1066,143,923
115000303,1688,107,1581
115000304,1471,160,1311
115000305,121,418,-297
115000306,323,266,57
115000307,243,324,-81
115000308,39,22,17
115000310,3041,479,2562
115000311,1811,1131,680
115000313,208,455,-247
115000314,745,406,339
115000315,1617,1521,96
115000316,252,175,77
115000317,328,583,-255
115000318,1001,413,588
115000319,209,174,35
115000320,16,622,-606
115000321,405,21,384
115000322,92,95,-3
115000449,127,162,-35
115000557,57,2872,-2815
115000558,172,367,-195
115000587,1168,387,781
115000588,2823,3640,-817
115000589,6973,4205,2768
115000590,1148,2163,-1015
115000591,1574,1556,18
115000592,587,2210,-1623
115000593,1948,1633,315
115000594,246,3312,-3066
115000609,353,366,-13
115000617,520,2918,-2398
115000624,515,58,457
115000633,359,1354,-995
115000634,4083,726,3357
115000635,953,230,723
115000638,451,277,174
115000641,62,589,-527
115000642,292,181,111
115000643,106,199,-93
115000644,136,159,-23
115000646,563,1127,-564
115000647,141,524,-383
115000648,4785,888,3897
115000893,3230,1621,1609
115000894,107,847,-740
115000895,344,1719,-1375
115000896,1941,971,970
115000897,611,122,489
115000898,566,376,190
115000899,237,2015,-1778
115000900,58,1025,-967
115000901,62,252,-190
115000912,733,107,626
115000913,0,6,-6
115000915,8,0,8
115000916,14,12,2
115000917,0,26,-26
115000918,79,919,-840
115000919,5,88,-83
115000920,10,135,-125
115000921,348,204,144
115000922,475,1844,-1369
115000923,49,3223,-3174
115000925,132,154,-22
115000927,93,101,-8
115000933,44,1250,-1206
115000934,86,230,-144
115000935,186,109,77
115000936,99,1468,-1369
115000937,2328,635,1693
115000938,75,450,-375
115000939,33,369,-336
115000940,4,57,-53
115000941,1,67,-66
115000942,18,385,-367
115000943,19,240,-221
115000944,3,20,-17
115900001,437,13,424
115900002,86,99,-13
115900003,282,64,218
115900004,0,26,-26
115900005,232,40,192
115900006,126,202,-76
115900008,169,3,166
115900009,58,750,-692
115900010,704,101,603
115900011,471,281,190
115900012,454,25,429
115900013,341,190,151
115900014,202,87,115
115900015,420,19,401
115900016,103,34,69
115900017,19,33,-14
115900018,154,19,135
115900019,79,20,59
115900020,127,3,124
115900021,529,385,144
115900022,1226,28,1198
115900023,0,3,-3
115900025,71,185,-114
115900026,629,129,500
115900027,1,266,-265
115900028,123,24,99
115900029,43,161,-118
115900030,47,21,26
115900031,79,275,-196
115900032,359,999,-640
115900033,0,91,-91
115900034,48,120,-72
115900035,122,14,108
115900036,54,4860,-4806
115900037,33,118,-85
115900038,56,2,54
115900039,244,47,197
115900041,83,1277,-1194
115900042,100,2,98
115900043,170,46,124
115900044,149,602,-453
115900046,1126,95,1031
115900047,49,288,-239
115900049,315,175,140
115900051,1,45,-44
115900052,40,61,-21
115900053,431,31,400
115900054,528,8,520
115900055,16,34,-18
115900056,285,81,204
115900057,5,20,-15
115900058,24,36,-12
115900060,41,105,-64
115900061,419,0,419
115900062,48,65,-17
115900063,30,3,27
115900064,351,441,-90
115900065,315,62,253
115900066,39,66,-27
115900067,7,73,-66
115900068,847,2266,-1419
115900069,37,210,-173
115900070,377,59,318
115900071,15,129,-114
115900072,12,81,-69
115900073,352,159,193
115900074,2,63,-61
115900075,45,239,-194
115900076,62,17,45
115900077,5,37,-32
115900078,42,241,-199
115900079,669,4,665
115900080,131,83,48
115900081,40,16,24
115900082,167,337,-170
115900084,784,4,780
115900085,76,140,-64
115900086,1321,352,969
115900088,5,112,-107
115900089,681,179,502
115900090,903,15,888
115900091,0,40,-40
115900092,116,36,80
115900093,1,5,-4
115900094,9,30,-21
115900096,23,10,13
115900097,25,65,-40
115900098,523,141,382
115900099,97,67,30
115900100,32,242,-210
115900101,514,91,423
115900102,163,138,25
115900103,506,96,410
115900104,123,99,24
115900105,363,222,141
115900106,204,4,200
115900107,104,79,25
115900108,345,6,339
115900109,9,162,-153
115900110,77,1,76
115900111,0,64,-64
115900112,44,378,-334
115900113,52,19,33
115900114,5,41,-36
115900115,107,61,46
115900116,108,512,-404
115900117,120,7,113
115900118,1,30,-29
115900119,91,44,47
115900120,40,222,-182
115900121,362,126,236
115900124,294,1086,-792
115900125,899,46,853
115900126,1242,32,1210
115900127,1292,95,1197
115900128,2,232,-230
115900129,553,37,516
115900130,12,1396,-1384
115900131,513,50,463
115900132,883,10,873
115900134,564,23,541
115900135,1285,706,579
115900137,20,9,11
115900139,2,116,-114
115900140,763,43,720
115900141,1,68,-67
115900142,20,57,-37
115900143,415,395,20
115900144,352,187,165
115900146,3,72,-69
115900147,316,354,-38
115900148,42,45,-3
115900149,241,12,229
115900150,145,23,122
115900151,156,63,93
115900152,211,144,67
115900153,226,62,164
115900154,364,502,-138
115900155,0,40,-40
115900156,1131,905,226
115900157,466,674,-208
115900158,7,4,3
115900159,199,276,-77
115900160,0,9,-9
115900161,37,73,-36
115900163,460,57,403
115900164,1169,6,1163
115900166,77,111,-34
115900168,389,119,270
115900171,135,274,-139
115900172,86,188,-102
115900173,311,135,176
115900174,172,385,-213
115900175,372,48,324
115900178,29,103,-74
115900179,585,42,543
115900180,166,37,129
115900181,558,47,511
115900182,1081,17,1064
115900183,5,162,-157
115900184,591,7,584
115900187,17,488,-471
115900189,2,138,-136
115900190,82,1252,-1170
115900191,19,127,-108
115900192,47,229,-182
115900193,152,131,21
115900194,1323,79,1244
115900195,497,4058,-3561
115900198,346,291,55
115900199,501,34,467
115900200,425,100,325
115900201,154,458,-304
115900202,2,266,-264
115900203,6,7,-1
115900204,0,21,-21
115900205,23,11,12
115900206,423,91,332
115900207,110,8,102
115900208,147,72,75
115900209,20,112,-92
115900210,8,197,-189
115900211,1,122,-121
115900212,237,146,91
115900213,164,188,-24
115900214,946,31,915
115900215,27,222,-195
115900216,2,39,-37
115900217,1,9,-8
115900218,1,28,-27
115900219,247,3,244
115900220,497,3,494
115900221,257,1,256
115900222,81,42,39
115900223,3,631,-628
115900224,767,3056,-2289
115900225,67,13,54
115900226,15,110,-95
115900227,3,112,-109
115900228,6,57,-51
115900229,9,55,-46
115900230,32,30,2
115900231,204,2,202
115900232,210,0,210
115900233,171,5,166
115900234,109,83,26
115900235,43,88,-45
115900236,22,69,-47
115900237,33,31,2
115900238,23,42,-19
115900239,19,61,-42
115900240,9,47,-38
115900241,348,48,300
115900242,621,649,-28
115900243,9,15,-6
115900244,15,6,9
115900245,40,6,34
115900246,7,4,3
115900247,18,5,13
115900248,17,1,16
115900249,5,2,3
115900250,34,36,-2
115900251,21,17,4
115900252,20,2,18
115900253,64,13,51
115900254,4,25,-21
115900255,0,112,-112
115900256,86,218,-132
115900257,11,33,-22
115900258,0,0,0
115900259,7,13,-6
115900260,15,7,8
115900261,13,0,13
115900262,0,0,0
115900263,13,3,10
115900264,29,0,29
115900265,1,4,-3
115900266,7,12,-5
115900267,1,11,-10
115900268,1,23,-22
115900269,1100,182,918
115900270,482,102,380
115900271,398,0,398
115900272,84,7,77
115900273,6,29,-23
115900274,0,10,-10
115900275,0,10,-10
115900276,0,19,-19
115900277,0,38,-38
115900278,89,79,10
115900279,37,301,-264
115900280,16,1194,-1178
115900281,184,641,-457
115900282,112,65,47
115900283,74,1,73
115900284,25,17,8
116000001,8835,2202,6633
116000002,7490,19206,-11716
116000003,1315,1870,-555
116000004,5771,7768,-1997
116000005,1165,5875,-4710
116000006,4787,8551,-3764
116000007,1806,2488,-682
116000008,8179,4125,4054
116000009,954,1015,-61
116000010,4944,2185,2759
116000011,892,925,-33
116000012,3914,1516,2398
116000013,5731,7553,-1822
116000014,17557,34516,-16959
116000015,351,3072,-2721
116000016,5395,7615,-2220
116000017,45,805,-760
116000018,617,604,13
116000019,2484,369,2115
116000020,764,1841,-1077
116000021,1546,331,1215
116000022,962,607,355
116000023,2490,1417,1073
116000024,994,1203,-209
116000025,1189,995,194
116000026,1486,6747,-5261
116000027,456,1269,-813
116000028,551,1186,-635
116000029,432,490,-58
116000030,673,825,-152
116000031,57,239,-182
116000032,481,136,345
116000033,1066,610,456
116000034,624,1090,-466
116000035,1306,415,891
116000036,313,3825,-3512
116000037,120,588,-468
116000038,70,1775,-1705
116000039,324,1861,-1537
116000040,552,2326,-1774
116000041,110,1574,-1464
116000042,1763,1635,128
116000043,229,478,-249
116000044,13,54,-41
116000045,1351,1896,-545
116000046,1093,2767,-1674
116000047,3173,4182,-1009
116000048,5171,1420,3751
116000049,2381,3223,-842
116000050,1929,1425,504
116000051,3616,4533,-917
116000052,3845,3615,230
116000053,3335,1021,2314
116000054,1592,3052,-1460
116000055,1846,1351,495
116000056,2086,1306,780
116000057,3739,1483,2256
116000058,7305,4383,2922
116000059,2736,5326,-2590
116000060,3908,2546,1362
116000061,750,1289,-539
116000062,785,802,-17
116000063,791,2457,-1666
116000066,653,721,-68
116000067,615,412,203
116000068,217,441,-224
116000069,598,265,333
116000078,971,764,207
116000080,2404,438,1966
116000082,3,13,-10
116000083,3078,388,2690
116000084,1345,1929,-584
116000085,2139,2340,-201
116000086,1002,691,311
116000087,3830,2054,1776
116000088,1952,775,1177
116000089,195,116,79
116000090,247,222,25
116000091,219,1025,-806
116000093,856,170,686
116000094,1390,522,868
116000095,852,475,377
116000096,2733,3973,-1240
116000097,1277,782,495
116000098,94,17991,-17897
116000099,6000,550,5450
116000100,496,34,462
116000101,1907,1043,864
116000102,269,594,-325
116000103,623,439,184
116000104,225,819,-594
116000105,2292,179,2113
116000106,463,1330,-867
116000107,4124,392,3732
116000108,29,408,-379
116000111,178,42,136
116000113,203,43,160
116000114,7,123,-116
116000115,345,77,268
116000116,356,196,160
116000117,1354,1386,-32
116000118,2484,970,1514
116000119,4205,1369,2836
116000120,3313,2012,1301
116000121,1284,737,547
116000122,824,706,118
116000123,1578,610,968
116000124,588,267,321
116000125,4384,478,3906
116000126,484,457,27
116000127,989,495,494
116000128,2830,857,1973
116000129,2079,147,1932
116000130,1484,744,740
116000133,2749,914,1835
116000134,1771,1300,471
116000135,3621,1505,2116
116000136,1164,1623,-459
116000137,1688,907,781
116000138,2114,779,1335
116000139,2949,7567,-4618
116000140,300,406,-106
116000141,731,514,217
116000142,3958,2252,1706
116000143,2924,1078,1846
116000144,2601,2077,524
116000145,2700,949,1751
116000146,1591,154,1437
116000147,454,552,-98
116000148,1799,2135,-336
116000149,1050,1299,-249
116000151,980,1087,-107
116000153,289,422,-133
116000155,291,699,-408
116000156,1391,503,888
116000157,149,12,137
116000158,807,155,652
116000159,6,12,-6
116000160,48,46,2
116000161,7,136,-129
116000162,151,444,-293
116000163,163,30,133
116000164,55,102,-47
116000177,104,437,-333
116000194,90,443,-353
116000195,1712,933,779
116000196,75,3,72
116000197,44,53,-9
116000198,2335,1504,831
116000200,1112,1257,-145
116000201,846,911,-65
116000202,17,237,-220
116000203,0,12,-12
116000204,1,15,-14
116000205,0,59,-59
116000206,0,126,-126
116000207,6,73,-67
116000233,211,543,-332
116000287,680,167,513
116000288,443,231,212
116000292,122,184,-62
116000296,53,54,-1
116000297,234,5,229
116000304,298,32,266
116000305,37,85,-48
116000346,297,246,51
116000352,118,150,-32
116000354,78,57,21
116000357,7,15,-8
116000358,702,180,522
116000361,338,1,337
116000372,5273,11746,-6473
116000381,209,0,209
116000388,9,49,-40
116000389,919,396,523
116000445,1654,242,1412
116000446,845,195,650
116000447,54,656,-602
116000448,722,101,621
116000563,819,868,-49
116000565,66,335,-269
116000568,60,485,-425
116000579,10,100,-90
116000583,197,64,133
116000584,61,5,56
116000585,102,66,36
116000586,78,195,-117
116000587,465,304,161
116000589,39,72,-33
116000590,254,94,160
116000591,340,195,145
116000592,18,21,-3
116000593,0,21,-21
116000594,2144,102,2042
116000595,1203,28,1175
116000596,245,2,243
116000597,911,369,542
116000598,32,104,-72
116000605,169,138,31
116000606,46,530,-484
116000607,4,179,-175
116000609,73,2246,-2173
116000611,474,147,327
116000612,2687,1812,875
116000613,998,411,587
116000614,798,276,522
116000615,1,1096,-1095
116000616,109,97,12
116000617,292,19,273
116000618,15,45,-30
116000619,30,96,-66
116000620,535,240,295
116000621,200,83,117
116000622,226,78,148
116000624,110,145,-35
116000627,139,73,66
116000628,80,190,-110
116000629,45,200,-155
116000630,1137,45,1092
116000631,661,66,595
116000632,1865,45,1820
116000633,562,186,376
116000634,718,73,645
116000635,3440,5632,-2192
116000636,660,3128,-2468
116000637,1015,13,1002
116000638,266,216,50
116000639,147,4,143
116000640,97,121,-24
116000641,55,63,-8
116000643,0,83,-83
116000644,71,297,-226
116000645,55,10,45
116900001,494,118,376
116900002,309,1,308
116900003,65,6,59
116900004,67,79,-12
116900005,318,34,284
116900006,175,252,-77
116900007,167,362,-195
116900008,1429,73,1356
116900009,17,24,-7
116900010,2061,641,1420
116900011,4,34,-30
116900012,289,380,-91
116900013,4,23,-19
116900014,324,44,280
116900015,1007,75,932
116900016,357,24,333
116900017,131,303,-172
116900018,155,134,21
116900019,1,80,-79
116900020,362,2759,-2397
116900023,28,14,14
116900024,1502,33,1469
116900025,2178,538,1640
116900026,58,566,-508
116900027,86,14,72
116900028,6,20,-14
116900029,0,244,-244
116900031,0,3,-3
116900032,0,94,-94
116900033,30,4,26
116900034,9,23,-14
116900035,214,259,-45
116900036,17,204,-187
116900038,11,3,8
116900041,189,8,181
116900042,157,163,-6
116900043,6,88,-82
116900047,52,365,-313
116900049,15,300,-285
116900050,24,387,-363
116900051,661,23,638
116900052,252,35,217
116900055,1,26,-25
116900057,32,131,-99
116900058,14,351,-337
116900059,0,33,-33
116900060,193,513,-320
116900062,2,57,-55
116900064,46,208,-162
116900065,12,153,-141
116900067,123,27,96
116900068,226,123,103
116900070,10,12,-2
116900072,71,65,6
116900073,7,101,-94
116900074,4,20,-16
116900076,17,134,-117
116900077,1,32,-31
116900078,139,15,124
116900079,52,125,-73
116900080,18,31,-13
116900081,144,819,-675
116900082,72,1430,-1358
116900083,2,5,-3
116900084,55,96,-41
116900085,3,82,-79
116900086,33,299,-266
116900088,280,12,268
116900090,5,22,-17
116900091,967,100,867
116900092,136,268,-132
116900093,3751,1012,2739
116900094,5498,8448,-2950
116900095,375,672,-297
116900096,131,503,-372
116900097,1411,5726,-4315
116900098,1108,426,682
116900099,219,1340,-1121
116900100,1404,146,1258
116900101,210,1047,-837
116900103,25,0,25
116900104,9,454,-445
116900105,481,199,282
116900106,1394,4,1390
116900107,1300,4303,-3003
116900110,55,0,55
116900111,1514,161,1353
116900112,262,283,-21
116900113,959,4003,-3044
116900116,30,1093,-1063
116900117,363,246,117
116900118,2319,942,1377
116900120,512,50,462
116900121,409,25,384
116900122,1470,351,1119
116900123,1018,271,747
116900124,86,345,-259
116900125,918,107,811
116900126,110,850,-740
116900128,0,46,-46
116900129,2,183,-181
116900130,1831,5597,-3766
116900131,35,228,-193
116900132,91,74,17
116900133,235,173,62
116900134,277,321,-44
116900136,330,210,120
116900137,352,155,197
116900138,130,73,57
116900139,74,148,-74
116900140,144,46,98
116900141,426,138,288
116900142,3,26,-23
116900143,361,89,272
116900144,60,5,55
116900145,103,186,-83
116900147,159,2486,-2327
116900148,11,17,-6
116900149,33,290,-257
116900150,6,11,-5
116900151,136,69,67
116900153,161,121,40
116900154,271,783,-512
116900155,93,177,-84
116900157,1313,61,1252
116900158,110,502,-392
116900159,138,712,-574
116900160,1163,686,477
116900161,6286,14394,-8108
116900162,58,161,-103
116900163,461,24,437
116900164,215,68,147
116900165,973,443,530
116900166,113,71,42
116900167,716,40,676
116900168,933,32,901
116900169,173,2517,-2344
116900170,772,413,359
116900171,92,72,20
116900172,117,832,-715
116900173,541,5,536
116900174,77,207,-130
116900175,310,642,-332
116900178,109,79,30
116900179,17,552,-535
116900180,87,4,83
116900182,1110,257,853
116900183,360,135,225
116900185,32,17,15
116900186,127,49,78
116900187,30,79,-49
116900188,167,11,156
116900189,41,0,41
116900191,95,228,-133
116900192,592,161,431
116900194,162,2222,-2060
116900195,100,7,93
116900196,63,32,31
116900197,248,17,231
116900198,41,457,-416
116900200,167,3,164
116900201,276,3,273
116900202,48,37,11
116900203,110,6,104
116900204,54,542,-488
116900206,55,0,55
116900207,6,109,-103
116900208,27,48,-21
116900209,19,33,-14
116900210,713,467,246
116900211,259,0,259
116900212,192,11,181
116900213,347,128,219
116900214,387,392,-5
116900215,122,58,64
116900216,488,304,184
116900218,0,181,-181
116900219,296,217,79
116900220,135,273,-138
116900221,236,245,-9
116900222,494,248,246
116900223,46,136,-90
116900226,206,24,182
116900227,334,38,296
116900228,400,249,151
116900230,53,89,-36
116900231,88,122,-34
116900232,34,234,-200
116900233,405,118,287
116900234,93,6,87
116900235,627,183,444
116900238,805,231,574
116900239,18,918,-900
116900240,5036,5409,-373
116900241,105,13,92
116900242,761,1909,-1148
116900243,0,19,-19
116900245,75,46,29
116900246,129,14,115
116900247,1171,28,1143
116900248,40,27,13
116900249,643,12,631
116900250,841,77,764
116900251,276,1994,-1718
116900252,299,779,-480
116900254,80,160,-80
116900255,242,237,5
116900256,1160,206,954
116900257,32,438,-406
116900258,1,29,-28
116900259,361,22,339
116900260,10,12,-2
116900261,170,4,166
116900262,229,78,151
116900263,0,9,-9
116900264,154,158,-4
116900265,248,0,248
116900266,51,15,36
116900267,18,0,18
116900268,49,120,-71
116900269,614,2453,-1839
116900271,914,981,-67
116900272,899,654,245
116900273,19,1321,-1302
116900274,236,43,193
116900275,566,105,461
116900276,304,683,-379
116900277,117,86,31
116900278,1,3,-2
116900279,9,16,-7
116900280,132,6,126
116900281,3534,7335,-3801
116900282,0,13,-13
116900283,6,18,-12
116900284,7,127,-120
116900285,137,652,-515
116900286,32,3,29
116900287,6,24,-18
116900288,174,22,152
116900289,24,1,23
116900290,25,6,19
116900291,32,9,23
116900292,0,38,-38
116900293,49,2,47
116900294,23,152,-129
116900295,277,576,-299
116900296,56,421,-365
116900297,1,107,-106
116900298,65,238,-173
116900299,7,394,-387
116900300,2,133,-131
116900301,73,1054,-981
116900302,14,309,-295
116900303,242,321,-79
116900304,0,163,-163
116900305,88,81,7
116900306,565,93,472
116900307,162,0,162
116900308,1,70,-69
116900309,353,30,323
116900310,46,64,-18
117000001,3879,6576,-2697
117000002,2336,7080,-4744
117000003,7754,6043,1711
117000004,2505,10321,-7816
117000005,6140,4653,1487
117000006,1275,3532,-2257
117000007,11139,2208,8931
117000008,1505,3860,-2355
117000009,6950,2302,4648
117000010,1258,2883,-1625
117000011,4893,2070,2823
117000012,2363,1373,990
117000013,4052,1985,2067
117000014,2256,3027,-771
117000015,5141,2537,2604
117000016,482,774,-292
117000017,155,3653,-3498
117000018,115,1307,-1192
117000019,105,137,-32
117000020,1268,2922,-1654
117000021,4821,1262,3559
117000022,250,776,-526
117000023,104,1411,-1307
117000024,81,1914,-1833
117000025,216,8381,-8165
117000026,1993,6288,-4295
117000027,2528,5092,-2564
117000028,1369,4462,-3093
117000030,596,657,-61
117000031,859,871,-12
117000032,1868,2727,-859
117000033,2586,1629,957
117000034,303,385,-82
117000035,762,978,-216
117000036,671,613,58
117000037,566,508,58
117000038,486,1026,-540
117000039,531,612,-81
117000040,129,614,-485
117000041,1363,272,1091
117000044,9,829,-820
117000045,2128,413,1715
117000046,706,2047,-1341
117000047,1519,1415,104
117000048,1911,1615,296
117000049,16,521,-505
117000050,696,1512,-816
117000051,3919,43,3876
117000052,62,211,-149
117000053,1170,33,1137
117000054,2556,8,2548
117000055,10,1262,-1252
117000056,949,47,902
117000057,710,1817,-1107
117000060,523,1768,-1245
117000061,4076,3283,793
117000062,266,1810,-1544
117000063,2714,1257,1457
117000064,888,1151,-263
117000066,479,1268,-789
117000067,95,713,-618
117000074,30,310,-280
117000076,56,31,25
117000077,310,137,173
117000078,251,885,-634
117000079,424,314,110
117000080,0,992,-992
117000081,1355,244,1111
117000082,34,132,-98
117000083,958,615,343
117000084,310,1,309
117000085,716,1002,-286
117000086,1031,380,651
117000087,453,670,-217
117000088,555,255,300
117000089,4356,253,4103
117000090,416,771,-355
117000091,2019,289,1730
117000092,607,876,-269
117000093,3177,671,2506
117000094,1260,1419,-159
117000095,4183,870,3313
117000096,1349,1205,144
117000097,3375,1280,2095
117000098,1623,2233,-610
117000099,6615,1671,4944
117000100,324,300,24
117000101,154,727,-573
117000102,3205,810,2395
117000103,786,1004,-218
117000104,2647,845,1802
117000105,523,1063,-540
117000106,3360,808,2552
117000107,798,1588,-790
117000108,3639,1247,2392
117000109,1048,2020,-972
117000110,2639,2534,105
117000111,5679,6392,-713
117000112,5519,1463,4056
117000113,264,128,136
117000114,403,272,131
117000115,157,65,92
117000116,328,362,-34
117000117,2906,1683,1223
117000118,693,940,-247
117000119,157,1560,-1403
117000120,66,3457,-3391
117000121,34,1657,-1623
117000122,2460,2553,-93
117000123,6109,89,6020
117000124,72,579,-507
117000125,46,1864,-1818
117000126,27,165,-138
117000127,126,1703,-1577
117000128,138,3609,-3471
117000129,619,2721,-2102
117000130,517,17,500
117000131,1,238,-237
117000132,7311,69,7242
117000133,5038,26,5012
117000134,0,553,-553
117000135,1,261,-260
117000136,0,71,-71
117000137,541,191,350
117000138,2,1756,-1754
117000140,577,1086,-509
117000141,3193,792,2401
117000181,627,232,395
117000182,4051,1512,2539
117000195,231,573,-342
117000196,496,251,245
117000225,21,462,-441
117000226,5,558,-553
117000276,590,41,549
117000277,0,119,-119
117000310,1147,3746,-2599
117000315,484,1187,-703
117000320,134,0,134
117000906,1007,9,998
117000907,5,259,-254
117000909,262,239,23
117000910,339,113,226
117000911,49,145,-96
117000915,2,153,-151
117000916,144,12,132
117000917,2397,83,2314
117000918,491,95,396
117000919,8,55,-47
117000920,0,1092,-1092
117000921,0,317,-317
117000922,59,107,-48
117000924,1612,1559,53
117000926,1722,1199,523
117000927,331,624,-293
117000928,0,225,-225
117000929,1592,184,1408
117000930,1304,10,1294
117000931,192,201,-9
117900002,42,1272,-1230
117900003,82,211,-129
117900005,8,381,-373
117900006,0,71,-71
117900007,255,119,136
117900008,0,15,-15
117900010,826,141,685
117900011,44,1888,-1844
117900012,130,47,83
117900013,2,302,-300
117900014,1309,387,922
117900015,17,222,-205
117900016,1483,1385,98
117900017,2604,1695,909
117900018,652,1263,-611
117900019,1563,531,1032
117900020,81,369,-288
117900021,25,309,-284
117900023,5565,139,5426
117900024,206,283,-77
117900025,21,1,20
117900026,906,373,533
117900028,95,15,80
117900029,739,1250,-511
117900031,647,1579,-932
117900032,1341,628,713
117900033,1084,826,258
117900034,165,75,90
117900035,508,388,120
117900036,695,345,350
117900037,337,85,252
117900038,110,90,20
117900039,0,26,-26
117900040,270,118,152
117900041,0,14,-14
117900042,3512,1045,2467
117900043,2,27,-25
117900044,180,9812,-9632
117900045,655,88,567
117900048,414,162,252
117900049,750,900,-150
117900050,17,1040,-1023
117900051,106,17,89
117900052,164,857,-693
117900053,2645,194,2451
117900054,8,13,-5
117900055,3814,477,3337
117900056,39,399,-360
117900057,1429,1001,428
117900058,49,278,-229
117900059,153,393,-240
117900060,3459,1844,1615
117900061,31,545,-514
117900063,1195,283,912
117900065,324,1262,-938
117900066,8,149,-141
117900067,1826,325,1501
117900069,2564,216,2348
117900070,39,605,-566
117900071,346,140,206
117900073,1380,239,1141
117900074,35,908,-873
117900075,219,104,115
117900076,97,296,-199
117900077,1042,137,905
117900078,780,718,62
117900080,394,76,318
117900081,227,376,-149
117900082,1277,420,857
117900083,1301,885,416
117900086,420,130,290
117900087,167,42,125
117900088,641,1205,-564
117900089,3962,693,3269
117900090,1508,870,638
117900091,138,126,12
117900092,254,159,95
117900093,128,29,99
117900094,134,48,86
117900095,1176,5633,-4457
117900096,378,875,-497
117900097,126,47,79
117900098,72,11,61
117900099,615,2076,-1461
117900100,1025,5,1020
117900101,1663,3954,-2291
117900102,128,46,82
117900103,156,2,154
117900104,9,554,-545
117900105,88,229,-141
117900106,129,16,113
117900107,80,0,80
117900109,1200,320,880
117900110,463,1,462
117900111,1876,219,1657
117900112,133,10,123
117900113,1278,3934,-2656
117900114,75,0,75
117900115,63,697,-634
117900116,757,720,37
117900117,869,194,675
117900118,376,1,375
117900119,369,57,312
117900120,1474,52,1422
117900121,232,107,125
117900122,742,9410,-8668
117900123,1928,785,1143
117900124,250,768,-518
117900125,2310,1188,1122
117900126,243,275,-32
117900127,1292,334,958
117900128,699,183,516
117900129,247,2,245
117900130,1086,562,524
117900131,20,105,-85
117900132,10,66,-56
117900133,35,59,-24
117900134,78,228,-150
117900135,35,42,-7
117900136,0,10,-10
117900137,55,316,-261
117900138,0,6,-6
117900139,109,171,-62
117900140,13999,200,13799
117900141,101,550,-449
117900142,80,1023,-943
117900144,36,2380,-2344
117900145,12,621,-609
117900146,201,450,-249
117900147,200,161,39
117900148,5349,6560,-1211
117900149,121,168,-47
117900150,120,83,37
117900151,52,382,-330
117900152,136,136,0
117900153,12,262,-250
117900154,1355,935,420
117900156,381,570,-189
117900157,72,703,-631
117900158,288,59,229
117900160,1169,837,332
117900161,990,1110,-120
117900162,1442,618,824
117900163,53,1878,-1825
117900165,0,27,-27
117900166,36,461,-425
117900168,89,122,-33
117900169,0,92,-92
117900170,0,60,-60
117900171,2,9,-7
117900172,27,28,-1
117900173,83,66,17
117900174,33,89,-56
117900175,8,13,-5
117900176,26,6,20
117900177,54,48,6
117900178,105,31,74
117900180,235,42,193
117900181,101,623,-522
117900182,0,103,-103
117900183,170,272,-102
117900184,95,81,14
117900185,78,7,71
117900186,77,18,59
117900187,10,19,-9
117900188,222,26,196
117900189,155,82,73
117900190,34,2,32
117900191,160,0,160
117900192,321,2,319
117900193,1,80,-79
117900194,16,7,9
117900195,16,104,-88
117900196,28,52,-24
117900207,48,175,-127
117900208,53,68,-15
117900209,316,103,213
117900210,67,96,-29
117900211,2,59,-57
117900212,199,224,-25
117900213,48,0,48
117900214,12,13,-1
117900215,232,18,214
117900216,146,112,34
117900217,111,220,-109
117900218,174,310,-136
117900219,32,342,-310
117900220,21,712,-691
117900222,289,171,118
117900223,124,695,-571
118000001,784,5105,-4321
118000002,491,1343,-852
118000003,2774,9186,-6412
118000004,1449,12617,-11168
118000005,4984,3143,1841
118000006,10041,6188,3853
118000007,5366,14500,-9134
118000008,1137,9629,-8492
118000009,2022,4893,-2871
118000010,4732,5264,-532
118000011,3430,1411,2019
118000012,1670,2152,-482
118000013,4319,4424,-105
118000014,2901,2293,608
118000016,455,152,303
118000017,1009,439,570
118000018,574,166,408
118000019,1268,3179,-1911
118000020,553,2334,-1781
118000021,964,4260,-3296
118000022,1173,722,451
118000023,647,574,73
118000024,469,974,-505
118000027,17758,8268,9490
118000029,858,550,308
118000032,283,2565,-2282
118000033,1697,5878,-4181
118000034,3537,5614,-2077
118000035,2455,2935,-480
118000036,1082,1657,-575
118000037,1264,3903,-2639
118000038,1039,123,916
118000039,243,103,140
118000040,2537,2690,-153
118000041,5687,2372,3315
118000045,286,322,-36
118000046,1072,2029,-957
118000047,514,4464,-3950
118000048,1667,6601,-4934
118000051,1053,4256,-3203
118000052,603,1939,-1336
118000053,387,1110,-723
118000054,5354,752,4602
118000055,4062,1783,2279
118000056,86,890,-804
118000057,130,424,-294
118000058,1960,9074,-7114
118000059,1602,4906,-3304
118000060,1771,1109,662
118000061,1273,2028,-755
118000062,588,264,324
118000063,377,1220,-843
118000064,695,1979,-1284
118000065,1894,2616,-722
118000066,2315,5908,-3593
118000067,494,992,-498
118000068,791,15877,-15086
118000069,1217,2130,-913
118000070,10425,2946,7479
118000071,5075,14094,-9019
118000072,649,5593,-4944
118000073,496,2874,-2378
118000074,575,1472,-897
118000075,704,457,247
118000076,2575,12139,-9564
118000077,1560,3969,-2409
118000078,2405,4838,-2433
118000079,468,667,-199
118000080,592,2904,-2312
118000081,1554,2869,-1315
118000082,618,1838,-1220
118000083,1812,2558,-746
118000084,2290,3141,-851
118000086,199,871,-672
118000087,7708,3601,4107
118000088,1135,2811,-1676
118000089,5211,4738,473
118000090,1220,5402,-4182
118000091,1652,6415,-4763
118000092,1406,966,440
118000093,190,979,-789
118000096,1042,1055,-13
118000097,838,1205,-367
118000098,194,439,-245
118000099,1296,425,871
118000101,2835,534,2301
118000102,546,845,-299
118000107,4249,667,3582
118000108,1344,7221,-5877
118000110,2,73,-71
118000111,1,220,-219
118000112,2277,5,2272
118000113,29,464,-435
118000114,1633,27,1606
118000115,13,9,4
118000116,104,1,103
118000117,812,2424,-1612
118000118,1479,3297,-1818
118000119,1583,3180,-1597
118000120,1462,1495,-33
118000121,22,977,-955
118000122,733,454,279
118000123,179,487,-308
118000125,1381,3694,-2313
118000126,586,4395,-3809
118000127,1149,2088,-939
118000128,395,3663,-3268
118000129,2838,1747,1091
118000130,3337,5188,-1851
118000131,657,1992,-1335
118000132,3991,3788,203
118000133,3042,1575,1467
118000135,597,1678,-1081
118000136,170,2612,-2442
118000137,626,503,123
118000138,562,603,-41
118000139,832,298,534
118000140,6505,13344,-6839
118000141,4566,2162,2404
118000142,4936,2329,2607
118000143,4538,1929,2609
118000144,1032,540,492
118000145,1935,1180,755
118000146,2092,479,1613
118000147,1909,967,942
118000148,1962,2109,-147
118000149,1532,443,1089
118000150,1111,1021,90
118000151,1197,301,896
118000153,2536,1165,1371
118000154,3316,1852,1464
118000155,3185,1015,2170
118000156,3145,5737,-2592
118000157,1205,479,726
118000158,432,952,-520
118000159,108,110,-2
118000160,976,446,530
118000161,1000,454,546
118000162,2332,1303,1029
118000163,1644,1325,319
118000164,3021,2246,775
118000168,383,1106,-723
118000169,1348,1108,240
118000170,3937,2861,1076
118000171,482,590,-108
118000172,108,251,-143
118000173,1649,1992,-343
118000175,286,369,-83
118000176,542,432,110
118000177,450,929,-479
118000178,57,41,16
118000179,1043,1013,30
118000180,651,550,101
118000181,605,197,408
118000182,455,233,222
118000183,314,342,-28
118000184,1950,485,1465
118000185,528,2318,-1790
118000186,463,2001,-1538
118000187,4038,618,3420
118000188,1188,34,1154
118000189,1570,475,1095
118000190,25,38,-13
118000191,27,72,-45
118000192,23,252,-229
118000193,6,193,-187
118000194,3309,921,2388
118000195,248,8795,-8547
118000196,82,1632,-1550
118000197,135,373,-238
118000198,440,2636,-2196
118000199,429,1821,-1392
118000200,67,1683,-1616
118000201,86,1621,-1535
118000202,38,1189,-1151
118000203,435,1944,-1509
118000204,67,917,-850
118000205,307,559,-252
118000206,245,723,-478
118000207,0,61,-61
118000208,2105,1690,415
118000209,3836,1109,2727
118000210,193,37,156
118000211,191,42,149
118000213,593,7578,-6985
118000214,310,1325,-1015
118000215,488,155,333
118000216,15034,3293,11741
118000217,22,69,-47
118000218,149,34,115
118000219,277,397,-120
118000220,99,47,52
118000221,913,1052,-139
118000222,89,11,78
118000223,86,32,54
118000224,270,96,174
118000225,204,2413,-2209
118000226,1928,205,1723
118000227,1834,973,861
118000228,81,571,-490
118000229,31,1455,-1424
118000230,113,492,-379
118000231,28,839,-811
118000232,1537,325,1212
118000233,1763,667,1096
118000234,752,127,625
118000236,379,846,-467
118000237,157,181,-24
118000238,376,263,113
118000239,509,852,-343
118000240,148,121,27
118000241,442,179,263
118000242,671,188,483
118000243,428,145,283
118000244,248,54,194
118000246,4,123,-119
118000255,32,407,-375
118000256,146,229,-83
118000259,11,120,-109
118000260,327,93,234
118000261,124,33,91
118000263,182,195,-13
118000266,297,249,48
118000267,3,778,-775
118000268,546,7,539
118000270,453,2,451
118000271,370,338,32
118000272,91,11,80
118000273,516,51,465
118000274,87,597,-510
118000276,455,195,260
118000295,65,179,-114
118000298,215,131,84
118000299,132,68,64
118000301,0,277,-277
118000302,150,38,112
118000311,1963,59,1904
118000312,636,101,535
118000313,118,63,55
118000314,276,24,252
118000315,74,14,60
118000316,1649,550,1099
118000325,108,37,71
118000326,65,34,31
118000331,58,19,39
118000332,37,21,16
118000333,52,66,-14
118000335,1060,1,1059
118000336,1,299,-298
118000407,410,49,361
118000457,5,131,-126
118000465,618,2956,-2338
118000480,140,49,91
118000489,134,930,-796
118000490,12,475,-463
118000492,756,184,572
118000510,76,29,47
118000514,98,905,-807
118000515,517,2013,-1496
118000517,744,243,501
118000524,158,703,-545
118000525,598,640,-42
118000530,7,313,-306
118000531,577,323,254
118000532,462,266,196
118000533,390,141,249
118000534,1124,470,654
118000535,552,147,405
118000536,48,608,-560
118000537,20,149,-129
118000538,27,215,-188
118000539,9,152,-143
118000540,218,393,-175
118000541,63,175,-112
118000542,158,614,-456
118000543,283,591,-308
118000546,33,28,5
118000553,0,0,0
118000560,1686,3595,-1909
118000562,124,155,-31
118000563,1648,1029,619
118000576,290,38,252
118000577,553,387,166
118000578,115,24,91
118000579,972,3475,-2503
118000583,0,0,0
118000595,386,44,342
118000596,3,1041,-1038
118000597,368,159,209
118000598,15,0,15
118000599,261,96,165
118000600,2,0,2
118000601,5,0,5
118000602,1,2,-1
118000603,1,43,-42
118000605,138,246,-108
118000606,52,24,28
118900001,707,1241,-534
118900002,1395,1295,100
118900003,429,11,418
118900004,258,117,141
118900005,70,8,62
118900006,241,4,237
118900007,0,0,0
118900008,1767,67,1700
118900009,137,68,69
118900010,78,14,64
118900011,90,6,84
118900012,373,393,-20
118900013,2203,524,1679
118900015,240,30,210
118900016,6,2,4
118900017,15,310,-295
118900018,1343,31,1312
118900019,2,7,-5
118900020,7,337,-330
118900021,66,1351,-1285
118900022,157,40,117
118900023,98,355,-257
118900024,104,169,-65
118900025,9,68,-59
118900026,80,13,67
118900027,727,198,529
118900028,227,160,67
118900029,197,558,-361
118900030,857,66,791
118900031,168,49,119
118900032,281,81,200
118900033,471,885,-414
118900034,276,75,201
118900035,151,102,49
118900036,1822,416,1406
118900037,330,1027,-697
118900038,804,67,737
118900039,849,151,698
118900040,215,157,58
118900041,990,444,546
118900042,136,54,82
118900045,225,254,-29
118900046,209,366,-157
118900047,485,849,-364
118900048,175,683,-508
118900049,216,50,166
118900050,115,12,103
118900051,65,338,-273
118900052,248,670,-422
118900053,28,121,-93
118900054,314,31,283
118900055,262,9,253
118900056,228,527,-299
118900057,917,412,505
118900058,703,672,31
118900059,41,197,-156
118900060,140,69,71
118900062,294,111,183
118900064,318,692,-374
118900065,69,206,-137
118900066,145,99,46
118900067,5033,5463,-430
118900068,3,666,-663
118900069,801,416,385
118900071,5,4,1
118900072,1299,974,325
118900073,435,143,292
118900074,336,82,254
118900075,334,20,314
118900076,366,367,-1
118900077,542,101,441
118900078,1,1,0
118900079,67,164,-97
118900080,87,28,59
118900081,78,131,-53
118900082,2995,285,2710
118900083,40,1,39
118900084,19,42,-23
118900085,516,377,139
118900086,38,147,-109
118900087,145,1319,-1174
118900088,9,2,7
118900089,22,37,-15
118900090,413,165,248
118900091,189,314,-125
118900092,303,32,271
118900093,72,25,47
118900096,64,325,-261
118900097,520,654,-134
118900099,81,155,-74
118900100,70,197,-127
118900101,120,85,35
118900102,29,162,-133
118900103,3,107,-104
118900104,462,99,363
118900105,189,63,126
118900107,61,33,28
118900108,110,155,-45
118900110,1310,1241,69
118900111,1320,376,944
118900112,318,538,-220
118900113,398,380,18
118900114,1,155,-154
118900115,81,547,-466
118900116,107,138,-31
118900117,184,137,47
118900118,364,412,-48
118900119,311,327,-16
118900120,89,411,-322
118900121,14,214,-200
118900122,3,1188,-1185
118900123,203,339,-136
118900124,158,370,-212
118900126,41,336,-295
118900129,405,218,187
118900130,11,254,-243
118900131,874,135,739
118900132,394,218,176
118900133,16,297,-281
118900135,392,213,179
118900136,606,337,269
118900137,1,163,-162
118900139,677,197,480
118900140,941,515,426
118900141,202,146,56
118900144,518,281,237
118900145,27,213,-186
118900146,782,442,340
118900147,159,1270,-1111
118900148,77,24,53
118900150,680,795,-115
118900152,529,385,144
118900157,59,488,-429
118900158,278,26,252
118900159,0,196,-196
118900161,84,40,44
118900163,128,64,64
118900164,0,65,-65
118900165,88,58,30
118900166,1,0,1
118900167,92,25,67
118900168,105,241,-136
118900169,190,119,71
118900170,255,43,212
118900171,85,17,68
118900174,102,47,55
118900175,725,275,450
118900176,239,214,25
118900177,96,2,94
118900178,140,58,82
118900179,73,7,66
118900181,202,51,151
118900182,32,35,-3
118900183,34,253,-219
118900184,219,65,154
118900185,441,45,396
118900186,81,301,-220
118900187,106,963,-857
118900188,352,410,-58
118900189,58,828,-770
118900190,65,201,-136
118900191,818,50,768
118900192,793,32,761
118900193,1435,6,1429
118900195,161,485,-324
118900196,71,190,-119
118900197,421,90,331
118900198,39,2,37
118900199,190,3,187
118900200,38,23,15
118900201,37,48,-11
118900202,2,103,-101
118900203,56,1,55
118900204,6,20,-14
118900205,1,4,-3
118900206,0,4,-4
119000001,1909,2499,-590
119000002,4145,3917,228
119000003,4976,1243,3733
119000004,3444,3093,351
119000005,2814,3863,-1049
119000006,6829,2087,4742
119000007,5422,5224,198
119000008,3054,2654,400
119000009,2733,9395,-6662
119000010,5352,5626,-274
119000011,2026,2160,-134
119000012,1260,3501,-2241
119000013,3464,1868,1596
119000014,1988,2172,-184
119000019,309,132,177
119000020,3570,1796,1774
119000021,7088,4798,2290
119000022,1302,5401,-4099
119000023,292,410,-118
119000024,2043,32041,-29998
119000025,4768,1283,3485
119000026,64,581,-517
119000027,156,390,-234
119000028,1970,575,1395
119000029,59,273,-214
119000030,662,781,-119
119000031,1462,571,891
119000032,1554,1604,-50
119000033,2429,986,1443
119000034,1771,730,1041
119000035,44,236,-192
119000036,4157,460,3697
119000037,2322,724,1598
119000038,436,297,139
119000039,1152,657,495
119000040,1259,1321,-62
119000041,1164,2329,-1165
119000048,2334,1545,789
119000049,4724,2838,1886
119000050,1404,2358,-954
119000051,3483,1745,1738
119000052,5246,2850,2396
119000053,3065,1085,1980
119000054,4103,1212,2891
119000055,8555,1491,7064
119000056,6228,1760,4468
119000057,2415,733,1682
119000058,1871,1355,516
119000059,1403,1700,-297
119000060,2242,796,1446
119000061,1045,652,393
119000062,1144,1027,117
119000063,1041,1127,-86
119000064,1046,849,197
119000065,1526,3591,-2065
119000066,2326,1556,770
119000067,2027,1417,610
119000068,2469,895,1574
119000069,2468,1366,1102
119000070,3887,580,3307
119000071,553,519,34
119000072,4866,2801,2065
119000073,4397,15262,-10865
119000074,2222,1618,604
119000075,5534,2706,2828
119000076,185,768,-583
119000077,812,465,347
119000078,576,347,229
119000079,291,493,-202
119000080,1312,192,1120
119000081,340,779,-439
119000082,1389,256,1133
119000083,876,684,192
119000084,462,464,-2
119000085,811,209,602
119000086,280,1409,-1129
119000087,733,245,488
119000088,232,159,73
119000089,116,217,-101
119000090,179,75,104
119000091,95,163,-68
119000092,261,209,52
119000093,4962,2837,2125
119000094,6045,6980,-935
119000095,3706,7630,-3924
119000097,2378,1108,1270
119000098,1877,8435,-6558
119000099,2436,991,1445
119000100,7106,3934,3172
119000101,3368,1612,1756
119000102,349,1719,-1370
119000103,572,496,76
119000104,1852,993,859
119000105,1371,4384,-3013
119000106,652,752,-100
119000107,1941,843,1098
119000108,1137,986,151
119000109,164,490,-326
119000110,257,287,-30
119000111,67,876,-809
119000112,165,117,48
119000113,719,368,351
119000114,1731,1526,205
119000115,172,215,-43
119000116,187,168,19
119000117,104,521,-417
119000118,19,0,19
119000123,1693,4529,-2836
119000124,2076,321,1755
119000125,8527,578,7949
119000126,3567,631,2936
119000127,1302,478,824
119000128,10,5,5
119000131,2003,246,1757
119000132,0,2,-2
119000133,4,12,-8
119000134,1740,887,853
119000135,285,162,123
119000136,594,126,468
119000137,343,157,186
119000138,1437,74,1363
119000139,135,78,57
119000140,301,359,-58
119000284,1353,1821,-468
119000285,1805,1042,763
119000286,3276,2856,420
119000287,1401,1392,9
119000288,2701,997,1704
119000289,1387,3222,-1835
119000290,253,312,-59
119000291,86,329,-243
119000293,168,206,-38
119000294,91,34,57
119000295,2706,323,2383
119000296,429,163,266
119000302,3162,1214,1948
119000303,52,544,-492
119000314,1868,18211,-16343
119000315,1,139,-138
119000316,525,74,451
119000317,119,64,55
119000319,1241,156,1085
119900001,114,3115,-3001
119900002,353,287,66
119900003,3,332,-329
119900004,124,3212,-3088
119900005,370,78,292
119900006,95,640,-545
119900007,589,202,387
119900008,15,182,-167
119900009,509,200,309
119900010,846,345,501
119900011,11,394,-383
119900012,21,160,-139
119900013,1715,1508,207
119900014,529,89,440
119900015,514,44,470
119900016,77,121,-44
119900017,97,49,48
119900018,980,2126,-1146
119900019,115,9,106
119900020,70,171,-101
119900021,194,33,161
119900022,92,1094,-1002
119900023,477,5091,-4614
119900025,521,31,490
119900026,720,109,611
119900027,3,12,-9
119900028,392,301,91
119900029,2,2,0
119900030,613,361,252
119900031,30,1212,-1182
119900033,758,244,514
119900034,1110,36,1074
119900037,417,14,403
119900038,11,498,-487
119900039,103,6,97
119900040,224,63,161
119900041,373,11,362
119900042,52,253,-201
119900043,233,99,134
119900044,174,814,-640
119900046,335,13,322
119900047,472,224,248
119900049,322,12,310
119900050,69,134,-65
119900051,2176,26,2150
119900052,238,11,227
119900053,458,143,315
119900054,877,23,854
119900055,1510,433,1077
119900057,503,12,491
119900058,533,4,529
119900059,40,22,18
119900060,254,43,211
119900061,610,2,608
119900062,121,4,117
119900063,18,175,-157
119900065,280,4,276
119900067,126,5,121
119900068,1153,0,1153
119900069,123,8,115
119900070,797,3,794
119900071,822,19,803
119900073,1389,158,1231
119900074,26,73,-47
119900075,1649,1675,-26
119900076,324,41,283
119900077,1460,373,1087
119900078,805,437,368
119900079,1189,56,1133
119900080,569,397,172
119900081,1688,4,1684
119900082,1791,106,1685
119900083,705,16,689
119900084,474,735,-261
119900085,28,14,14
119900086,480,422,58
119900087,163,912,-749
119900088,17,25,-8
119900089,45,95,-50
119900090,57,4,53
119900091,33,232,-199
119900092,44,561,-517
119900093,2763,151,2612
119900094,9,256,-247
119900095,85,74,11
119900096,46,46,0
119900097,78,257,-179
119900098,53,18,35
119900099,30,83,-53
119900100,566,2889,-2323
119900101,230,1043,-813
119900102,21,82,-61
119900103,35,75,-40
119900104,28,34,-6
119900105,537,1843,-1306
119900106,12,78,-66
119900107,209,1089,-880
119900108,2994,546,2448
119900109,37,96,-59
119900110,751,526,225
119900111,414,156,258
119900112,729,1329,-600
119900113,26,177,-151
119900114,296,475,-179
119900115,554,179,375
119900116,95,559,-464
119900117,535,292,243
119900118,141,134,7
119900119,564,136,428
119900120,420,260,160
119900121,910,411,499
119900122,23,100,-77
119900123,107,284,-177
119900124,541,257,284
119900125,26,186,-160
119900126,2091,92,1999
119900127,508,286,222
119900128,559,459,100
119900129,468,158,310
119900130,3,97,-94
119900131,56,67,-11
119900132,85,59,26
119900133,144,47,97
119900134,493,73,420
119900135,0,154,-154
119900136,43,172,-129
119900138,125,311,-186
119900139,5,272,-267
119900140,4,44,-40
119900141,19,1367,-1348
119900142,2,18,-16
119900143,26,139,-113
119900144,999,169,830
119900145,68,100,-32
119900146,228,102,126
119900147,1,159,-158
119900148,247,24,223
119900149,472,8801,-8329
119900150,71,101,-30
119900151,2000,911,1089
119900152,212,96,116
119900153,183,41,142
119900154,31,353,-322
119900155,53,31,22
119900156,11,3,8
119900157,384,147,237
119900158,194,74,120
119900159,15,282,-267
119900160,9,178,-169
119900161,86,90,-4
119900162,1517,476,1041
119900163,41,121,-80
119900164,0,4,-4
119900165,336,44,292
119900166,100,30,70
119900167,1,33,-32
119900168,2174,222,1952
119900169,60,340,-280
119900170,126,255,-129
119900171,962,433,529
119900172,28,13,15
119900173,4,172,-168
119900174,2,161,-159
119900175,2907,413,2494
119900177,26,126,-100
119900178,0,80,-80
119900179,329,1216,-887
119900180,1815,690,1125
119900181,6,85,-79
119900182,0,63,-63
119900183,94,720,-626
119900184,599,242,357
119900185,51,398,-347
119900186,17,2163,-2146
119900187,0,135,-135
119900188,295,315,-20
119900189,77,412,-335
119900190,107,366,-259
119900191,189,531,-342
119900192,33,165,-132
119900193,634,121,513
119900194,21,62,-41
119900195,2,158,-156
119900196,210,49,161
119900197,433,188,245
119900198,173,223,-50
119900199,269,20,249
119900200,1175,565,610
119900201,253,141,112
119900202,26,430,-404
119900203,163,1072,-909
119900204,349,326,23
119900205,1579,213,1366
119900206,465,221,244
119900208,199,146,53
119900209,794,3023,-2229
119900210,102,8,94
119900211,31,0,31
119900212,1337,343,994
119900213,14,57,-43
119900214,100,20,80
119900215,39,17,22
119900216,13,8,5
119900217,3,3,0
119900218,7,68,-61
119900219,15,32,-17
119900220,5,16,-11
119900221,43,31,12
119900222,23,37,-14
119900223,2,18,-16
119900224,18,11,7
119900225,165,12,153
119900226,153,2148,-1995
119900227,163,131,32
119900228,17,345,-328
119900229,65,214,-149
119900230,850,162,688
119900231,291,82,209
119900232,143,61,82
119900233,48,4,44
119900234,12,147,-135
119900235,5,35,-30
119900236,31,123,-92
119900237,66,240,-174
119900238,2,109,-107
119900240,44,24,20
119900241,190,62,128
119900242,1834,1473,361
119900244,579,1004,-425
119900245,252,250,2
119900246,125,414,-289
119900247,4,77,-73
119900248,39,680,-641
119900249,359,73,286
119900253,1330,295,1035
119900254,63,1922,-1859
119900255,129,608,-479
119900256,829,218,611
119900257,144,2,142
119900258,137,3,134
119900259,14,79,-65
119900260,238,12,226
119900261,881,268,613
119900262,1,207,-206
119900263,2160,169,1991
119900264,315,54,261
119900265,621,362,259
119900266,730,165,565
119900267,155,263,-108
119900268,422,68,354
119900269,1540,572,968
119900271,33,68,-35
119900272,106,217,-111
119900275,210,4,206
119900276,222,4,218
119900277,17,4,13
119900278,571,84,487
119900279,182,466,-284
119900280,675,50,625
119900281,2,425,-423
119900282,22,103,-81
119900283,53,46,7
119900284,25,148,-123
119900285,9,76,-67
119900286,2,16,-14
119900288,3,4,-1
119900289,1,12,-11
119900290,2,1,1
119900291,0,29,-29
119900292,43,121,-78
119900293,22,37,-15
119900294,41,33,8
119900295,55,8,47
119900296,93,23,70
119900297,0,8,-8
119900298,3,1,2
119900299,122,202,-80
119900300,364,234,130
119900301,76,385,-309
119900302,30,366,-336
119900303,370,212,158
119900304,231,14,217
119900305,21,108,-87
119900306,23,0,23
119900307,35,111,-76
119900308,2,46,-44
119900309,18,539,-521
119900310,257,249,8
119900311,264,41,223
119900312,278,38,240
119900313,304,232,72
119900314,224,398,-174
119900315,3509,1095,2414
119900318,29,96,-67
119900319,0,43,-43
119900320,331,217,114
119900321,407,35,372
120000001,10629,46245,-35616
120000002,3170,3016,154
120000003,2526,1222,1304
120000004,3811,1254,2557
120000005,2931,1401,1530
120000006,2093,1172,921
120000007,3691,6691,-3000
120000008,1581,1182,399
120000009,1821,999,822
120000010,3752,3565,187
120000011,1717,1913,-196
120000012,2433,1785,648
120000013,5927,4019,1908
120000014,1702,2307,-605
120000015,4512,2861,1651
120000016,5506,3183,2323
120000017,6173,6234,-61
120000018,4101,26372,-22271
120000019,2112,2083,29
120000020,2739,4340,-1601
120000021,2189,2538,-349
120000022,2640,3930,-1290
120000023,1751,2002,-251
120000024,1072,2376,-1304
120000025,3526,1893,1633
120000026,5169,2411,2758
120000027,3116,2342,774
120000028,891,2070,-1179
120000029,1418,1553,-135
120000030,202,1358,-1156
120000031,2013,6712,-4699
120000032,4562,2927,1635
120000033,4878,1646,3232
120000034,5021,1254,3767
120000035,4648,1874,2774
120000036,4770,6638,-1868
120000037,785,2435,-1650
120000038,3927,4418,-491
120000039,666,2065,-1399
120000040,106,1529,-1423
120000041,533,1453,-920
120000042,2617,1496,1121
120000043,6136,762,5374
120000044,8533,1294,7239
120000045,11712,789,10923
120000046,7510,4643,2867
120000047,762,15371,-14609
120000048,11804,4982,6822
120000049,5856,6232,-376
120000050,4290,7986,-3696
120000051,2861,5330,-2469
120000052,5981,1230,4751
120000053,2007,1519,488
120000054,1547,2260,-713
120000055,1459,3112,-1653
120000056,4668,3111,1557
120000057,5089,1170,3919
120000058,1270,1354,-84
120000059,7,2090,-2083
120000061,190,750,-560
120000062,146,375,-229
120000063,648,1840,-1192
120000064,540,559,-19
120000065,381,975,-594
120000066,82,352,-270
120000067,9,195,-186
120000068,453,243,210
120000069,1278,283,995
120000070,365,369,-4
120000071,1184,80,1104
120000072,1647,620,1027
120000073,1437,25,1412
120000074,64,127,-63
120000075,1434,474,960
120000076,3991,457,3534
120000077,3690,765,2925
120000078,2505,1265,1240
120000079,757,453,304
120000080,285,329,-44
120000081,504,142,362
120000082,670,415,255
120000083,68,1516,-1448
120000084,431,290,141
120000085,303,366,-63
120000086,298,269,29
120000087,364,226,138
120000088,1254,1039,215
120000089,1227,386,841
120000090,1275,650,625
120000091,1711,774,937
120000092,1022,350,672
120000093,1252,576,676
120000094,530,1132,-602
120000095,1137,200,937
120000096,701,338,363
120000098,956,446,510
120000099,402,553,-151
120000100,819,619,200
120000101,1382,446,936
120000102,1589,1535,54
120000103,2469,1238,1231
120000104,3561,498,3063
120000105,4843,316,4527
120000106,6072,425,5647
120000107,10224,517,9707
120000108,3746,132,3614
120000109,1921,94,1827
120000110,45,820,-775
120000111,151,610,-459
120000112,510,1178,-668
120000113,684,1067,-383
120000114,482,1300,-818
120000115,379,1187,-808
120000116,568,1480,-912
120000117,611,980,-369
120000118,99,92,7
120000119,56,98,-42
120000120,198,313,-115
120000121,83,61,22
120000122,398,1404,-1006
120000123,2395,14732,-12337
120000124,720,923,-203
120000125,1540,589,951
120000126,502,2867,-2365
120000127,980,2078,-1098
120000128,2994,6454,-3460
120000129,446,329,117
120000130,1621,780,841
120000131,927,629,298
120000134,426,366,60
120000135,1443,816,627
120000137,334,273,61
120000138,3019,232,2787
120000139,514,226,288
120000140,2430,176,2254
120000141,415,518,-103
120000142,1468,438,1030
120000143,0,50,-50
120000144,177,11,166
120000145,1380,0,1380
120000146,1264,2661,-1397
120000149,654,601,53
120000150,2029,16295,-14266
120000151,975,561,414
120000152,1471,202,1269
120000153,715,680,35
120000154,1279,1151,128
120000155,587,967,-380
120000156,1217,4294,-3077
120000157,1695,773,922
120000158,1550,636,914
120000159,2869,1685,1184
120000160,2600,2169,431
120000161,5532,3224,2308
120000162,264,604,-340
120000163,1347,685,662
120000164,872,198,674
120000165,1520,469,1051
120000166,2352,374,1978
120000167,262,221,41
120000168,0,577,-577
120000169,49,1628,-1579
120000170,16,1608,-1592
120000171,15,748,-733
120000172,7,447,-440
120000173,177,1187,-1010
120000174,32,88,-56
120000175,34,80,-46
120000176,35,67,-32
120000177,575,91,484
120000178,2,13,-11
120000179,14,43,-29
120000180,36,32,4
120000181,30,978,-948
120000182,19,968,-949
120000183,4,323,-319
120000184,163,1251,-1088
120000186,7,1344,-1337
120000187,16,660,-644
120000188,30,713,-683
120000190,53,60,-7
120000191,96,79,17
120000192,48,28,20
120000193,26,2,24
120000195,4,0,4
120000196,26,6,20
120000197,9,14,-5
120000198,386,42,344
120000199,366,1,365
120000200,909,3,906
120000201,106,97,9
120000202,2,51,-49
120000203,433,91,342
120000207,1,21,-20
120000208,13,41,-28
120000209,14,3,11
120000210,39,14,25
120000211,502,3,499
120000212,676,0,676
120000213,378,71,307
120000214,1,67,-66
120000215,9,64,-55
120000216,684,46,638
120000217,300,850,-550
120000218,19,479,-460
120000219,2,259,-257
120000220,4,587,-583
120000225,3846,2,3844
120000226,725,9,716
120000227,1526,188,1338
120000228,9413,6000,3413
120000230,833,53,780
120000231,2639,708,1931
120000233,1030,3,1027
120000235,467,441,26
120000236,1930,6,1924
120000237,0,681,-681
120000238,2,540,-538
120000241,1620,6511,-4891
120000412,153,0,153
120000413,1177,239,938
120000414,607,30,577
120000415,0,44,-44
120000416,316,18,298
120000417,34,233,-199
120000418,663,28,635
120000419,26,54,-28
120000420,366,61,305
120000421,9142,4703,4439
120000422,89,5298,-5209
120000423,5,173,-168
120000424,709,95,614
120000436,184,2096,-1912
120000437,84,176,-92
120000438,1887,295,1592
120000439,463,1130,-667
120000443,325,1,324
120000444,2569,623,1946
120000445,3471,2421,1050
120000446,3218,880,2338
120000447,990,1,989
120000449,512,10,502
120000450,26,110,-84
120000451,411,284,127
120000452,400,3,397
120000453,0,44,-44
120000454,110,81,29
120000455,196,50,146
120000456,1736,7841,-6105
120000457,315,304,11
120000458,430,763,-333
120000459,295,128,167
120000665,79,354,-275
120000668,176,2330,-2154
120000669,555,139,416
120000670,62,550,-488
120000671,4439,1331,3108
120000672,103,400,-297
120900001,111,55,56
120900002,81,703,-622
120900003,179,21,158
120900004,12,249,-237
120900005,2,415,-413
120900006,1421,190,1231
120900007,436,73,363
120900008,840,265,575
120900009,268,30,238
120900010,1290,240,1050
120900011,31,437,-406
120900012,23,1630,-1607
120900013,545,154,391
120900014,1,338,-337
120900015,1262,159,1103
120900016,3393,114,3279
120900017,2187,21,2166
120900018,414,181,233
120900019,561,642,-81
120900020,395,743,-348
120900021,466,205,261
120900022,2,340,-338
120900023,493,95,398
120900024,1569,497,1072
120900025,1215,930,285
120900026,175,116,59
120900027,411,28,383
120900028,928,235,693
120900029,28,1368,-1340
120900030,4145,719,3426
120900031,542,105,437
120900032,2344,88,2256
120900033,2254,189,2065
120900034,29,5579,-5550
120900035,67,53,14
120900037,600,12,588
120900038,253,558,-305
120900039,253,54,199
120900040,507,3,504
120900041,28,30,-2
120900042,830,45,785
120900043,143,55,88
120900044,5,707,-702
120900045,100,46,54
120900046,1436,16,1420
120900047,294,210,84
120900048,301,17,284
120900049,940,1,939
120900050,1197,4629,-3432
120900051,506,111,395
120900052,1955,12,1943
120900053,651,41,610
120900054,725,332,393
120900055,1399,13,1386
120900056,1335,42,1293
120900057,705,6,699
120900058,1406,1,1405
120900059,390,10,380
120900060,88,3,85
120900061,277,176,101
120900062,850,3,847
120900063,2290,50,2240
120900064,1639,1,1638
120900065,1322,6,1316
120900066,770,69,701
120900067,281,112,169
120900068,640,1,639
120900069,1250,15,1235
120900071,33,0,33
120900072,2208,40,2168
120900073,2158,26,2132
120900074,993,25,968
120900076,991,1,990
120900077,1434,111,1323
120900078,1363,369,994
120900079,1290,48,1242
120900080,2630,261,2369
120900081,3948,256,3692
120900082,304,694,-390
120900083,120,0,120
120900084,917,693,224
120900085,73,123,-50
120900086,63,971,-908
120900087,625,244,381
120900088,265,1020,-755
120900089,1772,6681,-4909
120900090,442,20,422
120900091,194,848,-654
120900092,139,285,-146
120900093,1171,103,1068
120900094,194,241,-47
120900095,300,30,270
120900096,139,104,35
120900097,818,542,276
120900098,122,141,-19
120900099,31,80,-49
120900100,63,149,-86
120900101,38,183,-145
120900102,91,54,37
120900103,157,175,-18
120900104,35,51,-16
120900105,65,486,-421
120900106,324,263,61
120900107,60,138,-78
120900108,61,187,-126
120900109,75,366,-291
120900110,58,102,-44
120900111,256,137,119
120900112,39,234,-195
120900113,59,343,-284
120900114,20,158,-138
120900115,163,263,-100
120900116,1240,137,1103
120900117,25,85,-60
120900118,43,127,-84
120900119,7855,1969,5886
120900120,169,723,-554
120900121,42,255,-213
120900122,1591,238,1353
120900123,14,86,-72
120900124,8,134,-126
120900125,3,292,-289
120900126,193,453,-260
120900127,33,137,-104
120900128,337,521,-184
120900129,13,130,-117
120900130,13,127,-114
120900131,182,158,24
120900132,1980,89,1891
120900133,40,507,-467
120900134,266,179,87
120900135,2,246,-244
120900136,44,139,-95
120900137,624,76,548
120900138,10,118,-108
120900139,1,143,-142
120900140,2,209,-207
120900141,177,324,-147
120900142,7,162,-155
120900143,0,140,-140
120900144,0,45,-45
120900145,233,1204,-971
120900146,0,102,-102
120900147,362,21,341
120900148,167,103,64
120900149,0,101,-101
120900150,91,195,-104
120900151,233,87,146
120900152,519,17,502
120900153,0,0,0
120900154,9,159,-150
120900155,369,374,-5
120900156,1117,192,925
120900157,0,1,-1
120900158,161,272,-111
120900159,0,49,-49
120900160,62,410,-348
120900161,43,262,-219
120900162,31,402,-371
120900163,125,760,-635
120900164,0,29,-29
120900165,0,48,-48
120900166,40,1006,-966
120900167,81,92,-11
120900169,283,235,48
120900170,189,7273,-7084
120900171,411,103,308
120900172,846,2192,-1346
120900173,23,50,-27
120900174,1,89,-88
120900175,233,104,129
120900176,8,495,-487
120900177,2,3367,-3365
120900178,5,329,-324
120900179,116,216,-100
120900180,47,359,-312
120900181,82,57,25
120900182,57,92,-35
120900183,866,298,568
120900184,313,100,213
120900185,791,2345,-1554
120900186,0,125,-125
120900187,796,609,187
120900188,579,14,565
120900189,97,6673,-6576
120900190,475,18,457
120900191,316,14,302
120900192,5771,24566,-18795
120900194,120,162,-42
120900195,96,245,-149
120900196,216,193,23
120900197,1059,92,967
120900198,185,241,-56
120900199,293,350,-57
120900200,18,113,-95
120900201,157,76,81
120900202,0,127,-127
120900203,34,66,-32
120900204,102,167,-65
120900205,92,21,71
120900206,108,51,57
120900207,9,694,-685
121000001,1013,3790,-2777
121000002,2941,2809,132
121000003,9348,2799,6549
121000004,2677,4154,-1477
121000005,2801,3625,-824
121000006,2909,3613,-704
121000007,3569,8340,-4771
121000008,3804,5644,-1840
121000009,5859,9745,-3886
121000010,6562,6361,201
121000011,7132,7845,-713
121000012,11615,4623,6992
121000013,7177,6552,625
121000014,5299,4742,557
121000015,5995,9054,-3059
121000016,4154,5365,-1211
121000017,2276,1596,680
121000018,3363,2339,1024
121000019,8762,7132,1630
121000020,9643,14993,-5350
121000021,1963,1864,99
121000022,2479,3168,-689
121000023,2613,976,1637
121000024,4527,5514,-987
121000025,647,1963,-1316
121000026,452,265,187
121000027,1889,1617,272
121000028,896,995,-99
121000029,1005,848,157
121000030,791,1046,-255
121000031,510,1257,-747
121000032,161,166,-5
121000034,587,1583,-996
121000035,388,674,-286
121000036,1168,1859,-691
121000037,672,2261,-1589
121000038,399,1165,-766
121000039,239,458,-219
121000041,432,437,-5
121000042,187,476,-289
121000043,642,687,-45
121000044,2104,1448,656
121000045,471,193,278
121000046,963,1262,-299
121000047,468,242,226
121000049,1342,868,474
121000050,405,2500,-2095
121000051,758,474,284
121000052,454,1604,-1150
121000053,621,371,250
121000054,73,892,-819
121000055,975,3985,-3010
121000056,1157,1521,-364
121000057,88,507,-419
121000058,155,141,14
121000059,3742,1668,2074
121000060,502,1380,-878
121000061,24,563,-539
121000062,143,1800,-1657
121000063,1133,1768,-635
121000064,925,1014,-89
121000065,179,966,-787
121000066,838,2173,-1335
121000067,523,1194,-671
121000068,468,786,-318
121000069,166,1653,-1487
121000070,1545,2432,-887
121000071,2210,2641,-431
121000072,775,2337,-1562
121000073,1049,2048,-999
121000074,54,575,-521
121000075,7,167,-160
121000076,430,619,-189
121000077,126,191,-65
121000078,97,336,-239
121000080,3783,1037,2746
121000081,5301,4766,535
121000082,101,628,-527
121000083,85,304,-219
121000084,301,303,-2
121000085,605,658,-53
121000086,1541,574,967
121000087,71,208,-137
121000088,779,722,57
121000089,135,537,-402
121000090,157,474,-317
121000091,1631,864,767
121000092,191,114,77
121000093,416,400,16
121000094,257,881,-624
121000095,135,1033,-898
121000096,7528,2324,5204
121000097,519,2367,-1848
121000098,715,612,103
121000099,1086,618,468
121000100,1154,256,898
121000101,358,149,209
121000102,440,147,293
121000103,227,126,101
121000104,361,31,330
121000105,446,63,383
121000106,267,187,80
121000107,1966,3320,-1354
121000109,1288,807,481
121000110,186,680,-494
121000114,4956,3342,1614
121000115,4300,868,3432
121000116,499,1225,-726
121000117,224,473,-249
121000118,2009,502,1507
121000119,417,343,74
121000120,574,422,152
121000121,399,3395,-2996
121000123,734,583,151
121000127,100,222,-122
121000128,1360,160,1200
121000129,1236,171,1065
121000130,596,741,-145
121000131,1180,680,500
121000132,511,902,-391
121000135,137,174,-37
121000136,953,2299,-1346
121000137,1541,435,1106
121000138,413,1889,-1476
121000139,150,538,-388
121000141,262,469,-207
121000142,520,869,-349
121000143,87,15,72
121000144,523,705,-182
121000145,1025,909,116
121000146,1070,2267,-1197
121000147,1510,930,580
121000148,1012,1203,-191
121000149,3079,3338,-259
121000152,351,478,-127
121000153,1764,615,1149
121000154,2476,797,1679
121000155,4632,1810,2822
121000156,485,1326,-841
121000157,1245,1463,-218
121000158,204,408,-204
121000159,283,607,-324
121000160,326,782,-456
121000161,340,398,-58
121000162,175,70,105
121000165,1060,1885,-825
121000166,74,625,-551
121000168,453,294,159
121000169,184,304,-120
121000170,337,124,213
121000171,190,398,-208
121000172,1803,1979,-176
121000173,2248,1937,311
121000174,968,781,187
121000175,2120,1097,1023
121000176,782,440,342
121000177,942,1208,-266
121000178,75,131,-56
121000179,90,66,24
121000181,287,422,-135
121000182,198,688,-490
121000183,74,230,-156
121000184,26,295,-269
121000185,17,523,-506
121000186,395,1115,-720
121000187,333,111,222
121000188,609,118,491
121000192,976,576,400
121000193,972,483,489
121000194,2665,2805,-140
121000195,360,2358,-1998
121000196,885,812,73
121000197,117,2150,-2033
121000198,209,335,-126
121000199,140,484,-344
121000200,773,295,478
121000201,17,520,-503
121000202,667,191,476
121000203,724,1994,-1270
121000204,3915,713,3202
121000205,130,307,-177
121000206,135,111,24
121000207,2943,650,2293
121000208,3,359,-356
121000209,1358,93,1265
121000210,775,422,353
121000211,691,137,554
121000212,343,1033,-690
121000213,25116,4638,20478
121000214,1996,2753,-757
121000215,615,3872,-3257
121000216,694,780,-86
121000217,4534,4527,7
121000218,512,3992,-3480
121000219,2221,1332,889
121000220,325,201,124
121000221,326,663,-337
121000222,8277,5078,3199
121000223,230,1584,-1354
121000224,75,631,-556
121000225,741,7762,-7021
121000226,1041,3058,-2017
121000227,28,165,-137
121000228,44,1106,-1062
121000229,768,869,-101
121000230,115,4718,-4603
121000231,2551,22,2529
121000232,799,479,320
121000233,1076,468,608
121000234,1,104,-103
121000235,45,66,-21
121000236,1,36,-35
121000237,15,21,-6
121000238,3,133,-130
121000239,56,3,53
121000240,9,172,-163
121000241,105,8,97
121000242,34,529,-495
121000243,117,43,74
121000244,0,24,-24
121000245,15,3,12
121000246,0,90,-90
121000247,169,0,169
121000248,271,431,-160
121000249,118,717,-599
121000250,574,829,-255
121000251,18,407,-389
121000252,160,215,-55
121000253,553,1347,-794
121000254,1275,785,490
121000255,139,734,-595
121000256,342,691,-349
121000257,23,329,-306
121000258,58,401,-343
121000259,22,276,-254
121000260,17,619,-602
121000261,30,515,-485
121000262,4558,429,4129
121000263,474,735,-261
121000271,1744,1920,-176
121000273,55,53,2
121000274,24,309,-285
121000275,44,58,-14
121000276,8,99,-91
121000278,91,189,-98
121000279,30,141,-111
121000280,31,139,-108
121000289,801,24,777
121000290,2719,2161,558
121000294,381,53,328
121000297,350,1724,-1374
121000299,109,7520,-7411
121000300,2704,873,1831
121000302,22,800,-778
121000303,968,287,681
121000304,740,79,661
121000305,347,191,156
121000306,305,593,-288
121000308,76,345,-269
121000309,287,538,-251
121000310,131,471,-340
121000311,44,325,-281
121000312,761,564,197
121000313,492,266,226
121000314,17,28,-11
121000315,8,58,-50
121000530,2561,3301,-740
121000531,3133,2470,663
121000532,5821,5825,-4
121000533,3686,4473,-787
121000918,30,99,-69
121000919,33,126,-93
121000938,123,36,87
121000939,37,225,-188
121000956,1730,2708,-978
121000957,3,58,-55
121000958,6,350,-344
121000959,2073,335,1738
121000960,1869,1837,32
121000961,493,17,476
121000962,242,388,-146
121000973,2,414,-412
121000976,4,62,-58
121000979,562,154,408
121000981,534,88,446
121000982,664,292,372
121000983,1006,187,819
121000984,3,104,-101
121000985,1003,806,197
121000986,695,453,242
121000987,422,1082,-660
121000988,1475,188,1287
121001302,317,134,183
121001308,1,82,-81
121001309,26,449,-423
121001313,349,111,238
121001314,2056,1549,507
121001315,6650,4621,2029
121001326,859,438,421
121900001,162,544,-382
121900002,94,300,-206
121900003,333,5,328
121900004,73,1554,-1481
121900005,12,3,9
121900006,154,12,142
121900007,3841,1865,1976
121900008,17,217,-200
121900009,1713,41,1672
121900010,310,11,299
121900011,219,81,138
121900012,2,0,2
121900013,166,87,79
121900014,5058,557,4501
121900015,155,151,4
121900016,24,100,-76
121900017,866,1301,-435
121900018,970,8,962
121900019,861,233,628
121900020,82,0,82
121900021,1244,81,1163
121900022,210,269,-59
121900023,247,630,-383
121900024,772,37,735
121900025,714,771,-57
121900026,483,120,363
121900027,359,293,66
121900028,386,24,362
121900029,120,963,-843
121900030,419,769,-350
121900031,2305,8329,-6024
121900032,148,141,7
121900033,130,470,-340
121900034,196,592,-396
121900035,10992,4440,6552
121900036,161,765,-604
121900037,62,1932,-1870
121900038,32,103,-71
121900039,234,31,203
121900040,27,126,-99
121900041,20,328,-308
121900042,472,186,286
121900043,2,1,1
121900044,46,29,17
121900046,179,295,-116
121900047,211,123,88
121900048,43,83,-40
121900050,43,83,-40
121900051,161,502,-341
121900052,213,87,126
121900053,470,416,54
121900054,365,2820,-2455
121900055,0,13,-13
121900058,290,459,-169
121900059,266,174,92
121900060,165,890,-725
121900062,62,63,-1
121900063,2102,680,1422
121900064,470,1016,-546
121900066,55,38,17
121900067,90,46,44
121900069,214,309,-95
121900070,88,256,-168
121900071,1002,438,564
121900072,44,183,-139
121900073,124,533,-409
121900074,357,431,-74
121900075,331,1314,-983
121900076,522,2770,-2248
121900078,147,71,76
121900079,0,0,0
121900080,983,232,751
121900082,106,144,-38
121900084,16,15,1
121900086,34,22,12
121900087,51,197,-146
121900088,1712,1916,-204
121900089,463,245,218
121900090,7,34,-27
121900091,84,49,35
121900092,141,73,68
121900093,107,114,-7
121900094,12,33,-21
121900095,440,107,333
121900096,951,952,-1
121900097,955,171,784
121900098,1,2,-1
121900099,360,45,315
121900100,19,206,-187
121900101,72,247,-175
121900102,5,101,-96
121900103,369,543,-174
121900104,2742,559,2183
121900105,210,138,72
121900106,0,5,-5
121900107,139,18,121
121900108,0,10,-10
121900109,278,235,43
121900110,936,571,365
121900111,957,581,376
121900112,141,222,-81
121900113,103,690,-587
121900114,43,93,-50
121900117,184,680,-496
121900118,3882,781,3101
121900119,78,31,47
121900120,299,787,-488
121900121,625,29,596
121900122,59,34,25
121900123,336,323,13
121900124,370,296,74
121900125,5370,1749,3621
121900127,24,202,-178
121900128,82,127,-45
121900129,300,57,243
121900130,115,764,-649
121900131,408,214,194
121900132,59,85,-26
121900133,6,596,-590
121900134,12,628,-616
121900135,7116,616,6500
121900136,344,354,-10
121900137,39,396,-357
121900138,50,338,-288
121900139,516,5276,-4760
121900140,43,80,-37
121900141,52,38,14
121900142,65,44,21
121900143,54,89,-35
121900144,145,1092,-947
121900145,146,137,9
121900146,332,735,-403
121900147,40,675,-635
121900148,324,674,-350
121900149,246,426,-180
121900150,25,385,-360
121900151,35,669,-634
121900152,195,68,127
121900153,7,167,-160
121900154,14,873,-859
121900155,2,392,-390
121900156,136,330,-194
121900157,1,385,-384
121900158,149,113,36
121900159,1,156,-155
121900160,1,322,-321
121900161,148,611,-463
121900162,46,336,-290
121900163,770,183,587
121900164,214,352,-138
121900165,148,267,-119
121900166,114,264,-150
121900167,41,60,-19
121900168,146,74,72
121900169,30,669,-639
121900170,21,89,-68
121900171,1085,994,91
121900172,893,646,247
121900173,925,559,366
121900174,76,42,34
121900175,29,1360,-1331
121900176,653,2921,-2268
121900177,174,104,70
121900178,47,85,-38
121900179,417,534,-117
121900180,2127,6927,-4800
121900182,734,1496,-762
121900183,320,2226,-1906
121900184,20,1382,-1362
121900186,3,660,-657
121900187,35,119,-84
121900188,1949,199,1750
121900189,132,69,63
121900190,257,634,-377
121900191,33,1353,-1320
121900192,298,4007,-3709
121900193,34,561,-527
121900194,7,275,-268
121900195,13,25,-12
121900196,1408,1407,1
121900197,498,1265,-767
121900198,5636,3812,1824
121900199,2,19,-17
121900200,42,327,-285
121900201,1469,763,706
121900202,420,1353,-933
121900203,61,1822,-1761
121900204,2627,1901,726
121900205,25,191,-166
121900206,10,77,-67
121900207,19,55,-36
121900208,80,1064,-984
121900209,41,54,-13
121900210,3866,1744,2122
121900211,1895,614,1281
121900212,22,187,-165
121900213,559,27,532
121900214,5,467,-462
121900215,60,310,-250
121900216,12,462,-450
121900217,322,358,-36
121900218,121,1140,-1019
121900220,57,12,45
121900221,1107,522,585
121900222,553,80,473
121900223,193,202,-9
121900224,166,157,9
121900225,184,998,-814
121900226,199,42,157
121900227,332,3708,-3376
121900228,230,126,104
121900230,75,410,-335
121900231,56,1367,-1311
121900232,231,984,-753
121900233,765,187,578
121900234,231,602,-371
121900235,755,126,629
121900236,356,350,6
121900237,384,1716,-1332
121900238,231,714,-483
121900239,56,74,-18
121900240,187,278,-91
121900241,27,23,4
121900242,30,0,30
121900243,1,0,1
121900244,3,0,3
121900245,611,50,561
121900246,11127,700,10427
121900248,2517,742,1775
121900250,54,424,-370
121900251,944,20,924
121900252,342,168,174
121900253,56,1570,-1514
121900254,213,458,-245
121900255,1011,236,775
121900258,6754,1722,5032
121900259,114,605,-491
121900260,70,136,-66
121900261,105,913,-808
121900262,1206,1959,-753
121900263,342,218,124
121900264,1041,825,216
121900265,454,183,271
121900266,736,286,450
121900267,293,16,277
121900269,524,988,-464
121900270,70,253,-183
121900271,34,308,-274
121900273,495,2703,-2208
121900274,685,227,458
121900277,222,1618,-1396
121900278,74,3038,-2964
121900279,266,286,-20
121900280,81,375,-294
121900281,135,584,-449
121900284,29,9,20
121900286,203,141,62
121900287,3,53,-50
121900288,1,2,-1
121900290,176,2622,-2446
121900291,469,2321,-1852
121900292,145,225,-80
121900293,1060,11300,-10240
121900294,420,7,413
121900295,315,156,159
121900296,78,341,-263
121900298,129,1717,-1588
121900299,0,13,-13
121900300,31,14,17
121900301,35,0,35
121900302,5,118,-113
121900303,113,1400,-1287
121900304,46,33,13
121900305,48,27,21
121900306,420,3,417
121900307,185,12,173
121900308,3,266,-263
121900309,15,246,-231
121900310,4,196,-192
121900311,881,17,864
121900312,615,30,585
121900313,691,46,645
121900314,0,12,-12
121900315,103,1,102
121900316,0,8,-8
121900317,13,18,-5
121900318,1,0,1
121900319,63,354,-291
121900320,75,21,54
121900321,52,2,50
121900322,8,14,-6
121900323,63,29,34
121900324,8,86,-78
121900325,40,0,40
121900326,2,1,1
121900327,7,36,-29
121900328,0,91,-91
121900329,0,45,-45
121900330,3,103,-100
121900331,15,82,-67
121900332,74,34,40
121900333,147,2,145
121900334,71,40,31
122000001,1338,4173,-2835
122000002,2242,1115,1127
122000003,777,2371,-1594
122000004,1139,1256,-117
122000005,7810,2182,5628
122000006,457,1427,-970
122000007,404,1716,-1312
122000008,862,3209,-2347
122000009,480,556,-76
122000010,2656,3049,-393
122000011,7096,2523,4573
122000012,749,4809,-4060
122000013,561,2322,-1761
122000014,7840,2514,5326
122000015,1040,1052,-12
122000016,399,568,-169
122000017,1436,1681,-245
122000018,3936,2854,1082
122000019,918,3459,-2541
122000020,175,793,-618
122000021,134,312,-178
122000022,1698,2483,-785
122000023,1347,3158,-1811
122000024,394,3807,-3413
122000025,549,3470,-2921
122000026,240,1238,-998
122000027,944,1002,-58
122000028,2981,994,1987
122000029,232,2100,-1868
122000030,166,273,-107
122000031,285,780,-495
122000032,6541,3749,2792
122000033,337,4829,-4492
122000034,216,1238,-1022
122000035,158,496,-338
122000036,396,1035,-639
122000037,1574,317,1257
122000038,175,803,-628
122000039,676,1303,-627
122000040,186,511,-325
122000041,2267,1338,929
122000042,518,1196,-678
122000043,71,300,-229
122000044,44,230,-186
122000045,3025,1305,1720
122000046,1062,2283,-1221
122000047,44,352,-308
122000048,1768,4612,-2844
122000049,8234,4180,4054
122000050,609,835,-226
122000051,239,756,-517
122000052,757,667,90
122000053,313,1222,-909
122000054,1849,2493,-644
122000055,1652,3233,-1581
122000056,3129,2119,1010
122000057,5040,3272,1768
122000058,554,1861,-1307
122000059,566,3649,-3083
122000060,268,1173,-905
122000061,142,734,-592
122000062,581,297,284
122000063,240,1457,-1217
122000064,2552,8773,-6221
122000065,1945,5600,-3655
122000066,304,2114,-1810
122000067,1334,2705,-1371
122000068,6532,1899,4633
122000069,2054,2820,-766
122000070,2227,1939,288
122000071,5553,1531,4022
122000072,2221,988,1233
122000073,141,2177,-2036
122000074,2519,2793,-274
122000075,1418,1346,72
122000076,10050,2581,7469
122000077,529,2936,-2407
122000078,359,3443,-3084
122000079,209,3626,-3417
122000080,550,711,-161
122000081,88,219,-131
122000082,302,1563,-1261
122000083,11973,914,11059
122000084,6902,2273,4629
122000085,319,1570,-1251
122000086,4741,10446,-5705
122000087,296,233,63
122000088,40,192,-152
122000089,9998,3655,6343
122000090,1059,2734,-1675
122000091,120,1739,-1619
122000092,37,248,-211
122000093,1704,7212,-5508
122000094,9881,3800,6081
122000095,889,6978,-6089
122000096,368,3796,-3428
122000098,5083,4526,557
122000099,429,2775,-2346
122000100,653,912,-259
122000101,294,735,-441
122000102,6769,2067,4702
122000103,1254,4325,-3071
122000104,2949,181,2768
122000105,199,820,-621
122000106,534,2406,-1872
122000107,1573,566,1007
122000108,684,913,-229
122000109,637,281,356
122000110,802,664,138
122000111,3969,1770,2199
122000112,2469,2141,328
122000113,616,1092,-476
122000114,1428,5066,-3638
122000115,2471,1554,917
122000116,271,584,-313
122000117,1651,513,1138
122000118,720,323,397
122000119,2340,831,1509
122000120,707,1827,-1120
122000121,622,1340,-718
122000122,192,599,-407
122000123,935,1539,-604
122000124,484,454,30
122000125,434,662,-228
122000126,313,434,-121
122000127,272,483,-211
122000128,271,342,-71
122000129,474,2953,-2479
122000130,3087,740,2347
122000131,1009,760,249
122000132,331,340,-9
122000133,700,701,-1
122000134,1053,797,256
122000135,504,218,286
122000136,716,582,134
122000137,2765,1103,1662
122000139,953,4090,-3137
122000140,194,2256,-2062
122000141,8549,4225,4324
122000142,143,6397,-6254
122000143,187,354,-167
122000144,1936,1744,192
122000145,983,1521,-538
122000146,374,5219,-4845
122000147,494,1387,-893
122000148,329,1757,-1428
122000149,2165,1009,1156
122000150,1593,1221,372
122000151,207,450,-243
122000152,323,532,-209
122000153,468,716,-248
122000154,271,212,59
122000155,1440,3099,-1659
122000156,13474,6028,7446
122000157,547,13133,-12586
122000158,390,1981,-1591
122000159,821,1423,-602
122000160,1787,1391,396
122000161,1106,875,231
122000162,826,1095,-269
122000163,498,139,359
122000164,46,171,-125
122000165,1428,2087,-659
122000166,729,3794,-3065
122000167,341,828,-487
122000168,227,2068,-1841
122000169,471,428,43
122000170,349,481,-132
122000171,29,57,-28
122000172,3103,1816,1287
122000173,1987,3616,-1629
122000174,1068,2867,-1799
122000175,661,601,60
122000176,435,2124,-1689
122000177,863,1790,-927
122000178,7911,4755,3156
122000179,4098,4106,-8
122000180,704,1014,-310
122000181,768,1460,-692
122000182,1833,938,895
122000183,3513,1543,1970
122000184,3624,3359,265
122000185,967,3538,-2571
122000186,1048,3606,-2558
122000187,1766,2786,-1020
122000188,516,458,58
122000189,331,317,14
122000190,572,2380,-1808
122000191,810,885,-75
122000192,1259,615,644
122000193,496,1262,-766
122000194,435,598,-163
122000195,195,2273,-2078
122000196,943,392,551
122000197,398,852,-454
122000198,500,3459,-2959
122000199,396,532,-136
122000200,1125,915,210
122000201,1462,3938,-2476
122000202,841,3387,-2546
122000203,1840,1496,344
122000204,1069,1214,-145
122000205,654,464,190
122000206,11029,1751,9278
122000207,1848,3987,-2139
122000208,2154,5153,-2999
122000209,2483,1133,1350
122000210,1885,5042,-3157
122000211,1063,3721,-2658
122000212,646,594,52
122000213,1063,2570,-1507
122000214,1944,2320,-376
122000215,3460,2232,1228
122000217,1658,4284,-2626
122000218,1026,170,856
122000219,2882,1471,1411
122000220,272,919,-647
122000221,209,461,-252
122000222,545,141,404
122000223,580,900,-320
122000225,567,531,36
122000226,1131,1336,-205
122000227,147,1516,-1369
122000228,128,256,-128
122000229,23,378,-355
122000230,45,427,-382
122000231,284,629,-345
122000232,616,693,-77
122000233,0,53,-53
122000234,620,115,505
122000235,1366,107,1259
122000236,1547,44,1503
122000237,88,102,-14
122000238,260,546,-286
122000239,742,353,389
122000240,1341,657,684
122000241,2915,598,2317
122000242,659,185,474
122000243,665,63,602
122000244,96,473,-377
122000245,136,108,28
122000246,472,225,247
122000247,821,368,453
122000248,1759,785,974
122000249,2005,1501,504
122000250,2493,1467,1026
122000251,78,247,-169
122000252,228,86,142
122000253,40,111,-71
122000254,438,94,344
122000255,634,669,-35
122000256,232,448,-216
122000257,377,117,260
122000258,269,302,-33
122000259,66,554,-488
122000260,462,838,-376
122000261,9,379,-370
122000262,1,40,-39
122000263,255,321,-66
122000264,2076,690,1386
122000265,4263,1700,2563
122000266,4828,1026,3802
122000267,161,203,-42
122000268,189,586,-397
122000269,1120,615,505
122000270,672,616,56
122000271,291,6083,-5792
122000272,490,1624,-1134
122000273,553,951,-398
122000274,297,480,-183
122000275,294,360,-66
122000276,1548,548,1000
122000277,984,2249,-1265
122000278,2004,246,1758
122000279,223,238,-15
122000280,787,629,158
122000281,477,478,-1
122000282,89,378,-289
122000283,283,289,-6
122000284,126,152,-26
122000285,634,117,517
122000286,97,125,-28
122000287,1900,1348,552
122000288,598,355,243
122000291,3967,912,3055
122000293,353,128,225
122000294,127,418,-291
122000295,1408,188,1220
122000296,56,1693,-1637
122000297,2199,4807,-2608
122000299,592,356,236
122000300,625,428,197
122000301,12491,4131,8360
122000302,501,5307,-4806
122000303,2565,1061,1504
122000304,26,287,-261
122000305,2033,964,1069
122000306,131,305,-174
122000307,106,121,-15
122000309,118,75,43
122000310,24,139,-115
122000311,29,187,-158
122000312,192,330,-138
122000313,29,159,-130
122000314,243,688,-445
122000315,379,55,324
122000316,1611,438,1173
122000317,3623,379,3244
122000318,256,1297,-1041
122000319,128,386,-258
122000320,397,1468,-1071
122000321,73,322,-249
122000322,1935,2427,-492
122000323,460,3089,-2629
122000324,2210,3449,-1239
122000325,788,4694,-3906
122000326,225,121,104
122000327,313,1813,-1500
122000328,619,1285,-666
122000330,3778,3580,198
122000333,29,65,-36
122000337,1208,305,903
122000338,558,213,345
122000340,256,5078,-4822
122000342,2396,817,1579
122000343,527,533,-6
122000344,168,4,164
122000345,434,30,404
122000346,171,186,-15
122000348,474,846,-372
122000349,27,566,-539
122000351,387,403,-16
122000352,151,284,-133
122000353,209,114,95
122000355,177,537,-360
122000356,233,3586,-3353
122000357,52,9,43
122000358,10,25,-15
122000359,0,38,-38
122000360,0,17,-17
122000362,3,19,-16
122000364,326,204,122
122000365,1,38,-37
122000366,26,10,16
122000368,517,1060,-543
122000370,19,12,7
122000371,27,0,27
122000372,9,0,9
122000381,285,632,-347
122000382,59,319,-260
122000384,1077,1430,-353
122000385,94,0,94
122000386,200,2549,-2349
122000387,382,2928,-2546
122000388,1380,2500,-1120
122000389,401,2503,-2102
122000390,293,1311,-1018
122000391,76,1524,-1448
122000392,242,211,31
122000393,658,417,241
122000394,1014,319,695
122000395,243,190,53
122000396,422,120,302
122000397,25,102,-77
122000398,13,228,-215
122000399,120,45,75
122000400,23,1724,-1701
122000401,191,56,135
122000402,608,368,240
122000403,645,659,-14
122000404,263,245,18
122000408,489,704,-215
122000503,3,138,-135
122000524,75,751,-676
122000544,59,3897,-3838
122000614,516,368,148
122000616,204,1,203
122000640,127,92,35
122000641,275,299,-24
122000642,1921,613,1308
122000643,34,319,-285
122000644,190,71,119
122000645,41,211,-170
122000651,433,4104,-3671
122000664,256,183,73
122000665,1929,720,1209
122000666,400,982,-582
122000673,58,185,-127
122000674,719,409,310
122000675,3189,637,2552
122000686,453,3517,-3064
122000687,2536,309,2227
122000688,315,848,-533
122000689,1687,256,1431
122000690,4906,404,4502
122000691,1027,1324,-297
122000692,1441,297,1144
122000693,352,990,-638
122000695,561,262,299
122000696,954,243,711
122000698,585,435,150
122000699,736,93,643
122000701,4187,188,3999
122000702,553,1527,-974
122000703,351,227,124
122000717,112,126,-14
122000718,506,6240,-5734
122000719,15,219,-204
122000720,1190,144,1046
122000724,189,253,-64
122900001,29,37,-8
122900002,587,9112,-8525
122900003,776,45,731
122900004,1787,145,1642
122900005,28,92,-64
122900006,342,917,-575
122900007,35,210,-175
122900008,218,116,102
122900009,1378,333,1045
122900010,329,124,205
122900012,221,414,-193
122900014,75,147,-72
122900015,1416,950,466
122900016,310,214,96
122900017,232,2880,-2648
122900018,221,7,214
122900020,261,321,-60
122900021,139,415,-276
122900022,1723,1334,389
122900023,593,170,423
122900024,92,110,-18
122900025,6,288,-282
122900026,34,120,-86
122900027,78,849,-771
122900028,38,59,-21
122900029,14014,2611,11403
122900030,4965,716,4249
122900031,23,587,-564
122900032,1439,601,838
122900033,189,183,6
122900034,6168,5159,1009
122900035,17,9,8
122900036,30,21,9
122900037,602,334,268
122900038,61,3112,-3051
122900039,66,527,-461
122900040,333,2080,-1747
122900041,163,522,-359
122900042,182,398,-216
122900043,383,530,-147
122900044,127,470,-343
122900045,201,624,-423
122900046,78,583,-505
122900047,59,352,-293
122900048,17,313,-296
122900049,6761,228,6533
122900051,52,1846,-1794
122900052,225,70,155
122900053,12,24,-12
122900055,333,90,243
122900057,431,51,380
122900061,604,53,551
122900062,600,907,-307
122900063,170,161,9
122900064,883,424,459
122900065,644,271,373
122900066,671,316,355
122900067,620,471,149
122900069,378,2387,-2009
122900070,489,74,415
122900071,143,325,-182
122900073,25,143,-118
122900074,1266,191,1075
122900075,1,346,-345
122900076,1,663,-662
122900077,3,43,-40
122900078,337,29,308
122900080,31,61,-30
122900081,149,511,-362
122900082,1604,131,1473
122900083,90,49,41
122900084,17,163,-146
122900086,26,124,-98
122900087,601,531,70
122900088,35,820,-785
122900089,146,713,-567
122900090,2,324,-322
122900091,508,0,508
122900092,0,104,-104
122900093,0,96,-96
122900094,1,154,-153
122900095,180,11,169
122900096,573,251,322
122900097,25,55,-30
122900098,25,137,-112
122900099,202,42,160
122900100,79,805,-726
122900101,690,290,400
122900102,118,46,72
122900103,399,2,397
122900104,328,5,323
122900105,33,14,19
122900106,2,43,-41
122900107,0,56,-56
122900108,2,188,-186
122900109,620,154,466
123000001,726,1237,-511
123000002,2675,7750,-5075
123000003,6682,5862,820
123000004,4883,4354,529
123000005,4348,2779,1569
123000006,3991,2219,1772
123000007,5395,3032,2363
123000008,3740,3476,264
123000009,4998,4646,352
123000010,4002,6839,-2837
123000011,2305,3126,-821
123000012,1039,8441,-7402
123000013,6908,2402,4506
123000014,1069,4766,-3697
123000015,3127,1719,1408
123000016,3819,3584,235
123000017,6547,2595,3952
123000018,174,144,30
123000019,994,41,953
123000020,641,20,621
123000021,331,458,-127
123000022,1190,2789,-1599
123000023,3284,4430,-1146
123000024,2903,2045,858
123000025,615,164,451
123000026,47,189,-142
123000027,44,1153,-1109
123000028,320,2840,-2520
123000029,360,1618,-1258
123000030,350,344,6
123000031,539,189,350
123000032,879,262,617
123000033,791,447,344
123000034,1534,1140,394
123000035,429,802,-373
123000036,255,1810,-1555
123000037,332,191,141
123000038,49,582,-533
123000039,925,2094,-1169
123000040,510,185,325
123000041,556,2323,-1767
123000042,493,1513,-1020
123000043,1041,13222,-12181
123000044,3141,2688,453
123000045,4089,1869,2220
123000046,142,1568,-1426
123000047,720,1837,-1117
123000048,78,1678,-1600
123000049,5980,13552,-7572
123000050,2866,2038,828
123000051,84,390,-306
123000052,1112,3811,-2699
123000053,2842,2826,16
123000054,3504,2228,1276
123000055,2576,6529,-3953
123000056,1634,681,953
123000057,4823,4118,705
123000058,1088,3370,-2282
123000059,489,549,-60
123000060,1404,1074,330
123000061,287,595,-308
123000063,1902,1461,441
123000064,2129,369,1760
123000065,4546,2646,1900
123000066,630,665,-35
123000067,1452,589,863
123000068,1951,2303,-352
123000069,3283,1272,2011
123000070,114,595,-481
123000071,3085,950,2135
123000072,1804,672,1132
123000073,3993,1037,2956
123000074,2100,1551,549
123000075,490,2863,-2373
123000076,1141,569,572
123000077,3258,1661,1597
123000078,4326,1640,2686
123000079,3692,2193,1499
123000080,4311,1250,3061
123000081,364,626,-262
123000082,388,1072,-684
123000083,1308,234,1074
123000084,1289,465,824
123000085,910,308,602
123000086,1105,162,943
123000087,1481,182,1299
123000088,2604,687,1917
123000089,2035,1476,559
123000090,2483,1080,1403
123000091,2842,1740,1102
123000092,1535,1586,-51
123000094,1126,258,868
123000095,1456,978,478
123000096,1871,547,1324
123000097,1443,406,1037
123000098,1671,682,989
123000099,1487,456,1031
123000100,431,1038,-607
123000101,413,520,-107
123000102,832,1348,-516
123000104,572,624,-52
123000105,429,431,-2
123000106,811,446,365
123000107,393,341,52
123000108,794,1495,-701
123000111,1681,471,1210
123000112,2057,679,1378
123000113,599,516,83
123000114,563,977,-414
123000115,492,620,-128
123000116,61,187,-126
123000117,3229,1753,1476
123000118,837,554,283
123000119,346,673,-327
123000120,578,870,-292
123000121,831,1080,-249
123000122,617,479,138
123000123,892,728,164
123000124,744,405,339
123000125,1432,1029,403
123000126,2062,11069,-9007
123000127,612,724,-112
123000128,497,427,70
123000129,1501,275,1226
123000130,1423,127,1296
123000131,2270,1421,849
123000132,484,955,-471
123000133,297,458,-161
123000134,530,170,360
123000135,2498,1011,1487
123000136,174,481,-307
123000137,248,238,10
123000138,276,292,-16
123000139,1045,204,841
123000140,42,555,-513
123000141,934,170,764
123000142,1304,1038,266
123000143,1103,2836,-1733
123000144,6,17,-11
123000145,215,281,-66
123000146,15,297,-282
123000147,40,332,-292
123000149,505,442,63
123000150,173,413,-240
123000151,242,828,-586
123000152,23,478,-455
123000153,108,945,-837
123000154,1476,2593,-1117
123000155,2394,2098,296
123000156,60,91,-31
123000157,893,1179,-286
123000158,805,1309,-504
123000159,4358,5428,-1070
123000160,2143,2954,-811
123000161,1925,1574,351
123000162,2465,2302,163
123000163,1244,741,503
123000164,3398,299,3099
123000165,276,1211,-935
123000166,60,110,-50
123000167,192,383,-191
123000168,503,295,208
123000169,1601,188,1413
123000170,241,73,168
123000171,2048,3,2045
123000172,140,612,-472
123000173,1017,417,600
123000174,902,583,319
123000175,533,1072,-539
123000176,1267,373,894
123000177,649,803,-154
123000178,1645,228,1417
123000179,52,978,-926
123000180,2267,582,1685
123000181,306,894,-588
123000182,210,235,-25
123000183,425,624,-199
123000185,1611,857,754
123000186,4,369,-365
123000187,933,7,926
123000188,794,4,790
123000189,104,189,-85
123000190,61,152,-91
123000192,14,266,-252
123000193,35,569,-534
123000194,348,201,147
123000195,755,57,698
123000196,931,416,515
123000197,253,164,89
123000198,33,182,-149
123000199,40,356,-316
123000200,558,9,549
123000201,2043,9,2034
123000202,105,385,-280
123000203,1894,58,1836
123000204,147,491,-344
123000205,172,471,-299
123000206,3865,248,3617
123000207,141,653,-512
123000208,1592,156,1436
123000209,2542,743,1799
123000210,81,1441,-1360
123000211,440,1590,-1150
123000212,5848,626,5222
123000213,916,89,827
123000215,93,401,-308
123000216,192,2170,-1978
123000217,312,54,258
123000218,47,589,-542
123000219,977,129,848
123000220,960,161,799
123000221,227,279,-52
123000222,449,349,100
123000223,766,216,550
123000224,752,368,384
123000225,373,89,284
123000226,222,524,-302
123000227,100,290,-190
123000228,585,39,546
123000229,708,1363,-655
123000232,162,539,-377
123000233,1089,222,867
123000234,192,587,-395
123000235,1857,285,1572
123000236,406,522,-116
123000237,683,203,480
123000238,56,391,-335
123000239,423,619,-196
123000240,114,1592,-1478
123000241,521,144,377
123000242,79,425,-346
123000243,960,1166,-206
123000244,991,553,438
123000245,50,223,-173
123000249,959,887,72
123000252,1199,521,678
123000253,2034,909,1125
123000254,808,732,76
123000255,1188,982,206
123000256,62,211,-149
123000257,1918,914,1004
123000258,1432,1082,350
123000259,846,600,246
123000260,1043,303,740
123000261,381,215,166
123000262,32,200,-168
123000263,684,100,584
123000264,138,94,44
123000265,34,125,-91
123000266,591,441,150
123000267,733,472,261
123000268,64,57,7
123000269,44,175,-131
123000270,33,160,-127
123000271,28,92,-64
123000272,829,525,304
123000273,322,1817,-1495
123000274,1681,1441,240
123000275,302,1148,-846
123000278,2069,5635,-3566
123000279,361,104,257
123000280,468,397,71
123000281,519,231,288
123000282,177,458,-281
123000283,243,151,92
123000284,107,73,34
123000286,123,791,-668
123000287,377,535,-158
123000288,772,1863,-1091
123000289,198,2284,-2086
123000291,134,1627,-1493
123000294,187,291,-104
123000295,719,1745,-1026
123000296,952,922,30
123000297,1317,501,816
123000298,1940,340,1600
123000299,339,468,-129
123000300,3150,1989,1161
123000301,239,567,-328
123000302,308,140,168
123000303,68,752,-684
123000305,1401,1030,371
123000306,346,64,282
123000309,49,138,-89
123000310,67,108,-41
123000311,83,309,-226
123000312,965,547,418
123000313,812,1033,-221
123000315,204,393,-189
123000316,1201,1174,27
123000317,341,133,208
123000318,50,463,-413
123000329,8,18,-10
123000337,733,341,392
123000338,93,317,-224
123000339,545,26,519
123000340,148,343,-195
123000342,6,129,-123
123000343,273,35,238
123000344,598,194,404
123000345,401,508,-107
123000346,1121,86,1035
123000352,1853,1235,618
123000353,106,108,-2
123000354,1054,13,1041
123000355,3,661,-658
123000356,618,32,586
123000357,7,93,-86
123000359,56,53,3
123000360,366,416,-50
123000361,519,274,245
123000362,432,135,297
123000363,174,202,-28
123000364,749,632,117
123000365,12,426,-414
123000366,280,4284,-4004
123000367,1586,1150,436
123000370,49,659,-610
123000371,607,110,497
123000372,551,74,477
123000373,35,442,-407
123000374,7,120,-113
123000375,739,127,612
123000376,1492,1676,-184
123000377,892,29,863
123000378,7,277,-270
123000379,10,506,-496
123000380,40,392,-352
123000381,59,217,-158
123000382,881,197,684
123000383,254,1255,-1001
123000384,1099,457,642
123000385,325,1115,-790
123000436,92,1864,-1772
123000507,56,146,-90
123000508,232,1851,-1619
123000517,249,7,242
123000518,37,96,-59
123000519,284,53,231
123000520,38,64,-26
123000521,743,88,655
123000522,168,205,-37
123000541,6,3,3
123000542,0,5,-5
123000565,1423,83,1340
123000566,821,169,652
123000567,208,82,126
123000573,65,724,-659
123000574,1111,85,1026
123000575,2927,502,2425
123000576,916,1085,-169
123000577,76,1075,-999
123000578,555,245,310
123000579,1099,9917,-8818
123000580,208,186,22
123000582,769,33,736
123000583,15,380,-365
123000584,392,407,-15
123000585,0,59,-59
123000586,243,2,241
123000596,128,86,42
123000597,70,274,-204
123000602,302,25,277
123000603,2102,565,1537
123000604,1453,391,1062
123000605,1249,17,1232
123000606,1,840,-839
123000609,57,551,-494
123000610,108,90,18
123000613,113,94,19
123000614,444,47,397
123000615,179,124,55
123000616,1110,42,1068
123000617,109,331,-222
123000618,31,708,-677
123000619,426,84,342
123000620,7,381,-374
123000622,701,14,687
123000624,443,92,351
123000630,3432,694,2738
123000631,467,770,-303
123000632,1450,1103,347
123000633,0,460,-460
123000634,68,707,-639
123000635,135,280,-145
123000636,107,603,-496
123000637,325,50,275
123000638,1190,53,1137
123000639,1072,9462,-8390
123000640,19,534,-515
123000648,2234,406,1828
123000649,131,1262,-1131
123000650,315,147,168
123000651,46,361,-315
123000652,769,43,726
123000653,132,219,-87
123000654,70,97,-27
123900001,1478,89,1389
123900002,45,2171,-2126
123900003,122,695,-573
123900005,372,372,0
123900006,753,254,499
124000001,2918,145,2773
124000002,5,860,-855
124000003,1827,213,1614
124000004,52,440,-388
124000005,1380,1460,-80
124000006,89,382,-293
124000007,1522,169,1353
124000008,6,549,-543
124000009,1238,751,487
124000010,321,454,-133
124000011,1000,1104,-104
124000012,254,272,-18
124000017,295,134,161
124000018,100,108,-8
124000019,373,242,131
124000020,30,141,-111
124000021,249,155,94
124000022,34,197,-163
124000023,901,232,669
124000024,1168,525,643
124000025,838,578,260
124000026,935,410,525
124000027,848,500,348
124000028,1537,532,1005
124000031,1427,9344,-7917
124000032,1755,839,916
124000033,1142,687,455
124000034,685,965,-280
124000035,523,243,280
124000036,215,563,-348
124000037,227,936,-709
124000038,5,198,-193
124000039,283,281,2
124000040,207,905,-698
124000041,856,192,664
124000042,159,278,-119
124000043,206,163,43
124000044,82,186,-104
124000045,2252,360,1892
124000046,196,753,-557
124000047,3476,641,2835
124000048,1102,765,337
124000049,3037,374,2663
124000050,1156,951,205
124000051,2039,409,1630
124000052,733,722,11
124000053,560,3642,-3082
124000054,684,352,332
124000055,1136,8798,-7662
124000056,1839,908,931
124000057,2298,484,1814
124000058,1135,1125,10
124000059,1943,1452,491
124000060,616,476,140
124000061,1858,8375,-6517
124000062,3439,1143,2296
124000063,1461,825,636
124000064,1718,1037,681
124000065,82,1105,-1023
124000066,328,187,141
124000067,177,193,-16
124000068,145,247,-102
124000069,744,183,561
124000070,515,235,280
124000071,203,198,5
124000072,333,428,-95
124000073,1038,148,890
124000074,262,470,-208
124000075,651,50,601
124000076,52,55,-3
124000077,193,654,-461
124000078,1138,1015,123
124000079,215,1383,-1168
124000080,1443,190,1253
124000081,215,445,-230
124000082,146,283,-137
124000083,60,86,-26
124000084,39,1673,-1634
124000085,88,62,26
124000086,6,337,-331
124000087,120,228,-108
124000088,165,426,-261
124000089,773,326,447
124000090,305,335,-30
124000091,1234,314,920
124000092,486,918,-432
124000093,162,82,80
124000094,95,396,-301
124000095,187,108,79
124000096,262,105,157
124000097,310,149,161
124000098,221,79,142
124000099,271,82,189
124000100,110,128,-18
124000101,281,257,24
124000102,114,33,81
124000103,378,384,-6
124000104,204,58,146
124000105,248,252,-4
124000106,107,37,70
124000107,62,388,-326
124000108,56,11,45
124000109,222,136,86
124000110,85,63,22
124000111,447,106,341
124000112,1196,821,375
124000113,237,117,120
124000114,492,461,31
124000115,280,784,-504
124000116,169,223,-54
124000117,44,84,-40
124000118,45,136,-91
124000119,1390,1491,-101
124000120,812,1057,-245
124000121,1414,1077,337
124000122,394,1624,-1230
124000123,897,430,467
124000124,451,475,-24
124000125,671,337,334
124000126,376,284,92
124000127,1234,365,869
124000128,616,539,77
124000129,1932,1513,419
124000130,398,563,-165
124000131,821,808,13
124000132,525,804,-279
124000133,1783,1059,724
124000134,1124,865,259
124000135,1700,2097,-397
124000136,604,873,-269
124000137,1027,1215,-188
124000138,876,1073,-197
124000139,786,259,527
124000140,27,1044,-1017
124000141,1511,61,1450
124000142,34,528,-494
124000143,80,20,60
124000144,3,175,-172
124000145,125,98,27
124000146,18,183,-165
124000148,4,49,-45
124000149,1378,224,1154
124000150,285,715,-430
124000151,1695,341,1354
124000152,986,903,83
124000153,995,505,490
124000154,382,474,-92
124000155,1170,697,473
124000156,891,728,163
124000169,151,1041,-890
124000170,1284,928,356
124000171,458,789,-331
124000172,425,824,-399
124000173,1187,413,774
124000174,684,537,147
124000175,27,43,-16
124000176,81,29,52
124000177,5,29,-24
124000178,34,74,-40
124000185,69,1,68
124000186,3,57,-54
124000187,1,79,-78
124000188,113,3,110
124000190,202,91,111
124000191,107,591,-484
124000192,1447,681,766
124000193,282,4501,-4219
124000194,377,397,-20
124000195,497,550,-53
124000196,753,970,-217
124000197,87,53,34
124000198,96,71,25
124000201,54,520,-466
124000202,1052,131,921
124000203,839,179,660
124000204,2234,354,1880
124000205,76,291,-215
124000206,1592,254,1338
124000207,0,9,-9
124000209,209,147,62
124000210,1437,125,1312
124000211,1280,11,1269
124000212,0,204,-204
124000213,1010,120,890
124000214,1026,250,776
124000215,1357,39,1318
124000216,16,196,-180
124000329,154,1098,-944
124000338,128,617,-489
124000339,2642,49,2593
124000341,3216,43,3173
124000344,80,0,80
124000357,2440,5215,-2775
124000358,1676,3949,-2273
124000359,1528,1135,393
124000360,1771,829,942
124000361,1924,1220,704
124000362,1555,2884,-1329
124000363,587,275,312
124000364,817,791,26
124000365,972,1300,-328
124000366,3565,1827,1738
124000367,133,377,-244
124000368,564,1628,-1064
124000369,48,185,-137
124000370,31,873,-842
124000402,17,20,-3
124000403,251,60,191
124000404,4,39,-35
124000405,856,516,340
124000406,425,393,32
124000407,4,19,-15
124000411,2,335,-333
124000412,616,20,596
124000413,180,421,-241
124000414,207,119,88
124000415,133,41,92
124000416,175,225,-50
124000417,587,132,455
124000418,564,52,512
124000419,206,34,172
124000420,283,34,249
124000421,104,90,14
124000422,20,25,-5
124000423,248,66,182
124000424,4,29,-25
124000425,78,83,-5
124000426,2,101,-99
124000427,239,20,219
124000428,5,814,-809
124000429,272,39,233
124000430,1108,510,598
124000431,418,425,-7
124000432,463,995,-532
124000439,115,0,115
124000443,4,13,-9
124000445,243,5499,-5256
124000446,982,784,198
124000447,15,462,-447
124000448,263,9,254
124000449,506,12,494
124000450,21,128,-107
124000451,2,52,-50
124000452,533,100,433
124000453,2372,2889,-517
124000454,1567,4420,-2853
124000455,6,632,-626
124000456,706,13,693
124000457,7,163,-156
124000458,5,236,-231
124000459,413,15,398
124000460,20,84,-64
124900001,1438,299,1139
124900002,219,122,97
124900003,1538,381,1157
124900004,1289,353,936
124900005,145,60,85
124900006,1492,265,1227
124900008,645,329,316
124900009,133,433,-300
124900010,209,83,126
124900011,981,335,646
124900012,243,92,151
124900013,787,127,660
124900014,220,106,114
124900015,207,357,-150
124900016,165,158,7
124900017,330,4893,-4563
124900018,104,17,87
124900020,316,49,267
124900021,426,92,334
124900022,88,67,21
124900024,806,2,804
124900026,33,3,30
124900027,163,338,-175
124900028,207,31,176
124900029,24,717,-693
124900030,1,80,-79
124900031,8,121,-113
124900032,375,199,176
124900033,81,122,-41
124900034,9,280,-271
124900035,108,177,-69
124900036,0,107,-107
124900037,100,63,37
124900038,131,233,-102
124900039,0,118,-118
124900040,142,111,31
124900041,471,841,-370
124900042,11,3,8
124900043,691,523,168
124900044,96,0,96
124900045,265,1135,-870
124900047,22,133,-111
124900048,400,48,352
124900050,273,102,171
124900052,132,195,-63
124900053,248,294,-46
124900054,1394,578,816
124900055,0,98,-98
124900057,1,247,-246
124900060,27,318,-291
124900061,88,7,81
124900062,285,12,273
124900066,0,5,-5
124900067,5,97,-92
124900068,134,783,-649
124900070,25,19,6
124900072,193,23,170
124900075,1126,138,988
124900076,15,3339,-3324
124900077,23,93,-70
124900078,62,8,54
124900079,217,251,-34
124900080,703,217,486
124900081,2059,234,1825
124900082,443,592,-149
124900083,398,261,137
124900085,549,338,211
124900086,20,1126,-1106
124900087,307,107,200
124900088,112,102,10
124900089,420,6,414
124900090,671,243,428
124900091,372,210,162
124900092,300,169,131
124900093,741,189,552
124900094,1169,300,869
124900095,226,797,-571
124900096,284,84,200
124900097,813,26,787
124900098,163,235,-72
124900099,133,444,-311
124900100,521,34,487
124900101,345,202,143
124900102,555,6,549
124900103,169,54,115
124900104,118,134,-16
124900105,222,102,120
124900106,387,30,357
124900107,183,6,177
124900108,296,134,162
124900111,2,48,-46
124900112,259,187,72
124900113,40,249,-209
124900114,86,248,-162
124900115,55,65,-10
124900116,446,611,-165
124900117,162,313,-151
124900118,111,1981,-1870
124900119,400,266,134
124900120,68,185,-117
124900121,26,566,-540
124900122,265,212,53
124900123,78,46,32
124900124,23,283,-260
124900125,1074,9,1065
124900126,1,452,-451
204000001,376,26,350
204000002,53,33,20
204000003,19,26,-7
204000004,3,2,1
204000005,597,549,48
204000006,1471,1658,-187
204000011,13,54,-41
204000012,75,170,-95
204000019,1780,414,1366
204000020,1762,1296,466
204000021,2797,1364,1433
204000022,1984,676,1308
204000023,1029,442,587
204000031,73,17,56
204000032,387,33,354
204000034,136,103,33
204000035,0,4,-4
204000036,7,77,-70
204000037,3,56,-53
204000038,0,14,-14
204000039,2,44,-42
204000040,0,18,-18
204000041,6,41,-35
204000042,36,23,13
204000043,35,17,18
204000044,56,7,49
204000045,52,12,40
204000046,11,13,-2
204000057,18,11,7
204000062,62,58,4
204000068,68,1036,-968
204000069,162,965,-803
204000070,76,120,-44
204000080,197,106,91
204000085,1262,1067,195
204000086,2777,1470,1307
204000087,131,12,119
204000088,35,101,-66
204000090,282,335,-53
204000093,877,153,724
204000096,2533,1183,1350
204000097,568,28,540
204000099,1282,3763,-2481
204000100,2217,1774,443
204000105,2024,831,1193
204000110,447,1506,-1059
204000111,947,866,81
204000112,809,1485,-676
204000113,337,970,-633
204000114,1517,1883,-366
204000115,2528,1079,1449
204000116,880,1838,-958
204000119,3792,2595,1197
204000132,1222,934,288
204000133,1491,152,1339
204000134,482,67,415
204000135,1120,64,1056
204000136,673,359,314
204000138,526,1713,-1187
204000140,514,154,360
204000141,203,93,110
204000144,4,27,-23
204000145,735,56,679
204000146,29,234,-205
204000147,43,474,-431
204000148,292,143,149
204000154,6,20,-14
204000155,0,7,-7
204000177,66,172,-106
204000179,66,35,31
204000180,0,79,-79
204000222,4,5,-1
204000235,148,27,121
204000236,40,339,-299
204000238,4,11,-7
204000240,382,71,311
204000263,974,1277,-303
204000268,768,532,236
204000308,227,85,142
204000317,60,192,-132
204000322,100,205,-105
204000323,29,3,26
204000328,275,73,202
204000329,325,127,198
204000330,376,63,313
204000331,481,270,211
205000001,810,1320,-510
205000013,150,279,-129
205000014,173,187,-14
205000015,313,79,234
205000016,110,177,-67
205000017,140,76,64
205000022,415,598,-183
205000025,2547,760,1787
205000029,623,43,580
205000045,444,246,198
205000046,305,630,-325
205000047,135,332,-197
205000048,608,577,31
205000049,236,565,-329
205000050,1199,371,828
205000059,0,758,-758
205000060,0,1432,-1432
205000061,9,2652,-2643
205000062,8,2337,-2329
205000063,85,2552,-2467
205000064,166,675,-509
205000065,913,928,-15
205000066,374,360,14
205000067,248,531,-283
205000069,179,39,140
205000082,233,255,-22
205000110,152,211,-59
205000111,245,208,37
205000112,157,107,50
205000113,104,193,-89
205000121,232,93,139
205000123,234,253,-19
205000126,1016,154,862
205000127,1168,177,991
205000128,603,85,518
205000129,1186,99,1087
205000130,115,40,75
205000131,36,35,1
205000132,73,13,60
205000133,94,2,92
205000134,417,0,417
205000137,606,74,532
205000138,663,207,456
205000139,81,141,-60
205000144,168,61,107
205000145,356,225,131
205000151,163,64,99
205000152,115,58,57
205000153,293,78,215
205000154,79,109,-30
205000155,138,13,125
205000207,8,111,-103
205000233,22,1,21
205000234,0,0,0
205000243,0,1,-1
205000244,0,6,-6
205000245,19,356,-337
205000249,0,47,-47
205000250,7,5,2
205000264,59,89,-30
206000027,1,26,-25
206000028,2,28,-26
206000043,12,69,-57
206000053,5,7,-2
206000054,0,29,-29
206000055,1,18,-17
206000075,29,15,14
206000076,39,6,33
206000077,21,17,4
206000078,6,15,-9
206000079,19,4,15
206000082,245,156,89
206000100,20,466,-446
206000103,2,15,-13
206000104,19,30,-11
206000105,17,27,-10
206000106,13,5,8
206000125,201,1,200
206000157,43,333,-290
206000170,1,181,-180
206000171,22,258,-236
206000172,35,180,-145
206000173,0,131,-131
206000174,27,30,-3
206000175,2,62,-60
206000176,56,82,-26
206000177,0,62,-62
206000178,4,550,-546
206000179,2,357,-355
206000180,8,101,-93
206000181,8,30,-22
206000182,16,29,-13
206000183,31,108,-77
206000184,0,124,-124
206000185,30,55,-25
206000186,159,305,-146
206000223,48,540,-492
206000226,42,5,37
206000227,62,15,47
206000237,107,179,-72
206000238,73,299,-226
206000239,344,1843,-1499
206000240,0,53,-53
206000241,0,57,-57
206000242,27,216,-189
206000243,18,55,-37
206000244,74,164,-90
206000245,1439,100,1339
206000246,613,7,606
206000247,544,17,527
206000248,788,107,681
206000252,106,108,-2
206000258,11,44,-33
206000315,86,10,76
206000317,512,129,383
206000318,867,118,749
206000319,2724,178,2546
206000320,692,94,598
206000321,575,16,559
206000322,962,23,939
206000323,367,18,349
206000324,341,42,299
206000325,207,21,186
206000326,253,54,199
206000327,102,59,43
206000328,382,32,350
206000329,580,19,561
206000330,80,20,60
206000331,395,10,385
206000332,67,13,54
206000333,1574,5,1569
206000334,813,2,811
206000335,0,29,-29
206000361,15,118,-103
206000392,16,1,15
206000405,168,0,168
206000441,82,30,52
206000498,20,0,20
206000515,61,71,-10
206000530,393,133,260
206000531,172,341,-169
206000532,977,579,398
206000535,78,3505,-3427
206000536,32,69,-37
206000537,26,160,-134
206000613,675,287,388
206000784,582,130,452
207000001,227,513,-286
207000002,159,498,-339
207000003,265,311,-46
207000007,2653,267,2386
207000008,425,13,412
207000009,116,78,38
207000010,587,283,304
207000012,546,167,379
207000015,422,757,-335
207000019,460,249,211
207000021,404,335,69
207000022,423,194,229
207000023,276,119,157
207000024,1,46,-45
207000025,42,146,-104
207000026,118,28,90
207000027,27,83,-56
207000028,70,169,-99
207000029,281,553,-272
207000033,371,267,104
207000034,429,126,303
207000039,870,79,791
207000040,836,77,759
207000041,87,193,-106
207000042,340,33,307
207000043,254,218,36
207000051,146,353,-207
207000052,16,204,-188
207000053,437,422,15
207000054,72,122,-50
207000055,305,135,170
207000056,284,350,-66
207000057,165,159,6
207000058,269,246,23
207000059,189,251,-62
207000060,65,326,-261
207000061,137,1391,-1254
207000062,991,51,940
207000063,1135,142,993
207000064,465,130,335
207000065,309,219,90
207000066,814,238,576
207000067,166,89,77
207000068,179,78,101
207000069,1035,317,718
207000082,23,197,-174
207000083,119,239,-120
207000084,877,399,478
207000085,418,77,341
207000086,561,17,544
207000106,116,29,87
207000107,182,19,163
207000108,156,4,152
207000109,152,7,145
207000110,64,99,-35
207000111,54,281,-227
207000112,122,1921,-1799
207000114,88,40,48
207000115,65,71,-6
207000116,42,338,-296
207000117,3,160,-157
207000118,9,69,-60
207000119,30,51,-21
207000123,350,13,337
207000124,185,31,154
207000125,81,28,53
207000126,45,86,-41
207000134,448,283,165
207000135,85,474,-389
207000148,90,668,-578
207000149,70,10,60
207000152,167,588,-421
207000153,347,722,-375
207000154,566,362,204
207000159,206,109,97
207000160,260,215,45
207000238,0,175,-175
207000242,0,78,-78
207000248,44,48,-4
207000249,189,14,175
207000250,604,209,395
207000251,58,166,-108
207000252,44,53,-9
207000278,195,170,25
207000279,52,109,-57
207000280,1535,57,1478
207000281,306,319,-13
207000282,28,621,-593
207000283,16,227,-211
207000284,39,1991,-1952
207000285,41,113,-72
207000291,16,94,-78
207000304,61,82,-21
207000306,125,379,-254
207000310,152,100,52
207000353,145,6,139
207000356,19,116,-97
207000357,6,40,-34
207000358,0,28,-28
207000415,9,83,-74
207000417,80,4,76
207000418,165,95,70
207000438,0,1,-1
207000439,455,318,137
207000446,376,19,357
207000460,234,44,190
207000466,161,147,14
207000467,675,130,545
207000468,120,180,-60
207000476,1,21,-20
207000477,714,22,692
207000478,1,21,-20
207000523,1,1,0
207000524,251,1,250
207000527,389,198,191
207000530,1255,13,1242
207000531,511,4,507
207000532,107,71,36
207000534,184,59,125
207000535,23,389,-366
207000537,19,89,-70
207000540,2,100,-98
207000541,2,176,-174
207000548,7,263,-256
207000549,765,41,724
207000561,398,273,125
207000562,40,181,-141
207000567,109,151,-42
207000568,748,80,668
207000569,1765,124,1641
207000584,55,265,-210
207000585,14,233,-219
207000587,462,101,361
207000616,0,122,-122
207000617,125,0,125
207000624,119,27,92
207000631,14,211,-197
207900008,859,71,788
208000001,976,1855,-879
208000002,1548,1279,269
208000003,1232,661,571
208000004,1526,1640,-114
208000005,2,181,-179
208000019,1741,574,1167
208000020,448,250,198
208000021,510,385,125
208000022,1056,318,738
208000028,988,2013,-1025
208000033,534,310,224
208000034,896,1249,-353
208000037,1179,90,1089
208000040,395,183,212
208000041,1026,792,234
208000042,1787,783,1004
208000047,131,203,-72
208000064,2365,2087,278
208000066,1429,1440,-11
208000070,856,543,313
208000071,993,274,719
208000072,1077,749,328
208000080,437,1145,-708
208000081,601,201,400
208000082,1023,267,756
208000083,343,281,62
208000084,8,105,-97
208000085,997,786,211
208000086,984,1604,-620
208000087,889,998,-109
208000089,1531,313,1218
208000090,1345,477,868
208000093,46,238,-192
208000094,680,269,411
208000095,1121,568,553
208000104,2140,619,1521
208000105,1156,1047,109
208000114,181,465,-284
208000115,600,413,187
208000116,1843,1707,136
208000117,42,234,-192
208000118,264,376,-112
208000155,922,1804,-882
208000158,2572,3244,-672
208000186,1018,2562,-1544
208000204,1413,1353,60
208000205,2397,869,1528
208000282,1056,1392,-336
209000004,1101,220,881
209000005,168,172,-4
209000006,486,455,31
209000007,627,922,-295
209000010,462,653,-191
209000011,136,357,-221
209000012,260,368,-108
209000013,306,415,-109
209000014,880,552,328
209000025,914,116,798
209000026,1526,321,1205
209000027,402,448,-46
209000028,330,338,-8
209000029,889,2983,-2094
209000030,775,2868,-2093
209000031,6644,2130,4514
209000034,261,597,-336
209000035,265,612,-347
209000036,513,416,97
209000037,691,485,206
209000038,292,244,48
209000039,154,171,-17
209000040,404,913,-509
209000041,244,432,-188
209000042,512,363,149
209000043,502,899,-397
209000044,311,998,-687
209000045,765,237,528
209000046,693,336,357
209000047,551,325,226
209000048,620,724,-104
209000049,143,87,56
209000050,320,99,221
209000051,549,170,379
209000052,396,304,92
209000062,206,95,111
209000063,115,49,66
209000064,74,27,47
209000065,188,69,119
209000066,164,36,128
209000067,244,89,155
209000080,24,264,-240
209000082,113,62,51
209000091,94,146,-52
209000093,96,162,-66
209000094,98,266,-168
209000110,40,172,-132
209000111,562,2847,-2285
209000112,1648,1277,371
209000113,2746,2964,-218
209000114,1124,1574,-450
209000115,152,146,6
209000116,867,494,373
209000118,13,151,-138
209000119,28,169,-141
209000121,222,562,-340
209000135,19,163,-144
209000142,966,4261,-3295
209000143,34,241,-207
209000144,74,838,-764
209000229,250,138,112
209000240,114,299,-185
209000259,88,219,-131
209000260,38,659,-621
209000261,2,218,-216
209000262,3,192,-189
209000263,3,680,-677
209000264,0,220,-220
209000265,355,0,355
209000266,108,2,106
209000267,1728,1,1727
209000268,604,94,510
210000037,212,243,-31
210000047,190,47,143
210000048,183,33,150
210000049,232,18,214
210000052,125,69,56
210000053,35,57,-22
210000054,38,70,-32
210000070,270,15,255
210000071,213,6,207
210000072,113,0,113
210000073,0,42,-42
210000074,0,104,-104
210000075,2,207,-205
210000076,20,337,-317
210000077,14,579,-565
210000078,32,457,-425
210000079,49,152,-103
210000080,79,601,-522
210000081,347,27,320
210000082,17,1,16
210000083,173,1,172
210000084,113,0,113
210000085,1,158,-157
210000086,1,123,-122
210000099,69,237,-168
210000100,123,177,-54
210000101,156,163,-7
210000105,34,408,-374
210000159,3,353,-350
210000163,78,198,-120
210000164,578,290,288
210000168,708,118,590
210000187,0,77,-77
210000188,0,45,-45
210000214,4,0,4
210000219,117,66,51
210000220,220,26,194
210000232,6,17,-11
210000233,12,55,-43
210000234,53,59,-6
210000235,152,51,101
210000245,1,87,-86
210000246,145,55,90
210000258,17,88,-71
210000259,385,98,287
210000282,37,261,-224
210000285,2,154,-152
210000286,29,118,-89
210000290,14,4,10
210000295,82,269,-187
210000296,123,117,6
210000320,382,31,351
210000321,297,13,284
210000338,120,220,-100
210000339,134,969,-835
210000340,211,347,-136
210000341,377,320,57
210000342,357,230,127
210000343,253,348,-95
210000344,196,438,-242
210000345,210,516,-306
210000346,89,293,-204
210000347,91,457,-366
210000348,169,353,-184
210000349,121,174,-53
210000350,261,226,35
210000351,282,109,173
210000352,76,42,34
210000353,61,70,-9
210000354,118,117,1
210000355,103,620,-517
210000356,37,671,-634
210000357,65,859,-794
210000358,1183,662,521
210000359,141,1274,-1133
210000360,472,1043,-571
210000361,455,369,86
210000362,683,409,274
210000363,1489,314,1175
210000364,533,172,361
210000365,406,82,324
210000366,428,94,334
210000367,248,42,206
210000368,433,28,405
210000369,79,320,-241
210000370,136,418,-282
210000372,80,146,-66
210000373,42,482,-440
210000374,133,453,-320
210000375,51,84,-33
210000376,94,751,-657
210000404,50,105,-55
210000439,141,21,120
210000472,50,4,46
210000482,157,221,-64
210000564,318,178,140
210000567,0,65,-65
210000568,405,4,401
211000092,145,15,130
211000094,17,4,13
211000169,283,7,276
211000172,18,232,-214
211000209,1,63,-62
211000226,51,29,22
211000270,87,19,68
211000275,37,33,4
211000276,143,31,112
211000279,19,108,-89
211000281,181,36,145
211000302,17,44,-27
211507980,0,98,-98
211977296,29,10,19
212000003,559,275,284
212000004,27,265,-238
212000005,45,308,-263
212000006,81,391,-310
212000008,328,378,-50
212000009,98,199,-101
212000012,138,56,82
212000013,41,27,14
212000014,433,102,331
212000015,561,177,384
212000016,758,408,350
212000027,723,379,344
212000028,389,342,47
212000029,356,280,76
212000030,105,21,84
212000031,129,42,87
212000048,117,694,-577
212000049,25,323,-298
212000050,17,11,6
212000051,550,136,414
212000052,447,147,300
212000053,343,265,78
212000054,749,124,625
212000055,599,178,421
212000056,14,57,-43
212000057,12,36,-24
212000058,346,69,277
212000070,278,104,174
212000077,364,252,112
212000099,576,310,266
212000108,445,819,-374
212000111,450,148,302
212000120,279,456,-177
212000138,355,116,239
212000156,3,62,-59
212000158,4,25,-21
212000159,769,117,652
212000160,865,221,644
212000161,127,13,114
212000310,57,4,53
212000311,13,84,-71
212000374,53,4,49
213000001,19,585,-566
213000005,758,193,565
213000006,851,299,552
213000007,126,68,58
213000009,398,261,137
213000010,459,228,231
213000011,231,229,2
213000012,390,238,152
213000014,146,60,86
213000015,332,8,324
213000016,614,2,612
213000017,199,1,198
213000018,1,47,-46
213000019,6,136,-130
213000020,86,138,-52
213000021,6,33,-27
213000023,352,495,-143
213000033,434,1679,-1245
213000034,296,291,5
213000035,198,434,-236
213000045,254,297,-43
213000046,119,117,2
213000047,300,942,-642
213000056,245,37,208
213000069,543,109,434
213000073,0,28,-28
213000074,98,689,-591
213000075,680,9,671
213000076,26,0,26
213000085,14,19,-5
213000086,17,140,-123
213000091,370,14,356
213000092,48,21,27
213000099,310,1186,-876
213000100,1068,480,588
213000101,1030,103,927
213000102,1010,129,881
213000103,753,375,378
213000104,36,235,-199
213000105,80,2256,-2176
213000106,50,177,-127
213000107,161,336,-175
213000108,44,324,-280
213000109,0,161,-161
213000110,11,61,-50
213000111,3,101,-98
213000112,23,105,-82
213000115,49,11,38
213000116,42,528,-486
213000117,5,548,-543
213000118,1362,333,1029
213000119,63,463,-400
213000120,78,248,-170
213000122,220,242,-22
213000123,227,442,-215
213000124,385,491,-106
213000125,192,45,147
213000126,63,261,-198
213000127,13,183,-170
213000128,101,525,-424
213000129,203,2528,-2325
213000130,1293,1063,230
213000132,1137,297,840
213000133,1881,158,1723
213000134,3367,15,3352
213000136,659,20,639
213000137,802,66,736
213000139,536,56,480
213000147,21,39,-18
213000148,35,81,-46
213000149,27,140,-113
213000150,4,1115,-1111
213000151,0,481,-481
213000152,2,511,-509
213000153,13,148,-135
213000154,165,440,-275
213000155,64,377,-313
213000156,264,451,-187
213000157,1506,260,1246
213000158,395,640,-245
213000159,490,588,-98
213000163,2476,255,2221
213000165,605,310,295
213000171,78,72,6
213000172,66,164,-98
213000173,8,113,-105
213000174,3,46,-43
213000175,77,13,64
213000176,51,75,-24
213000177,21,2,19
213000178,80,8,72
213000179,210,30,180
213000180,400,36,364
213000184,72,545,-473
213000188,607,73,534
213000189,1090,45,1045
213000190,427,461,-34
213000191,784,164,620
213000192,392,130,262
213000193,948,208,740
213000194,1,257,-256
213000195,47,416,-369
213000196,460,2388,-1928
213000197,796,1309,-513
213000198,8,2,6
213000200,125,484,-359
213000201,30,78,-48
213000202,31,570,-539
213000203,2194,308,1886
213000204,1524,21,1503
213000205,420,30,390
213000206,1138,34,1104
213000207,33,3,30
213000208,54,10,44
213000209,147,2,145
213000210,153,4,149
213000211,10,69,-59
213000212,14,178,-164
213000213,14,107,-93
213000218,504,547,-43
213000219,1837,92,1745
213000220,1552,1,1551
213000223,424,242,182
213000224,44,99,-55
213000225,80,9,71
213000226,68,14,54
213000227,1803,165,1638
213000228,1062,301,761
213000229,187,88,99
213000230,1171,36,1135
213000232,210,24,186
213000233,61,188,-127
213000234,3,63,-60
213000293,24,180,-156
213000294,79,141,-62
213000295,28,127,-99
213000296,193,28,165
213000297,4,69,-65
213000298,7,70,-63
213000299,146,29,117
213000300,3,4,-1
213000303,7,30,-23
213000304,3,12,-9
213000305,2,70,-68
213000306,43,814,-771
213000307,161,690,-529
213000308,90,204,-114
213000309,400,41,359
213000310,284,208,76
213000311,93,780,-687
213000315,89,300,-211
213000316,415,224,191
213000322,2,19,-17
213000323,24,71,-47
213000340,166,459,-293
213000341,1380,104,1276
213000346,156,363,-207
213000347,391,1021,-630
213000348,0,136,-136
213000349,0,19,-19
213000350,184,1146,-962
213000366,103,171,-68
213000367,660,12,648
213000379,15,166,-151
213000386,20,31,-11
213000406,571,55,516
213000417,2533,750,1783
213000425,404,50,354
213000426,268,26,242
213000427,50,37,13
213000428,101,183,-82
213000429,4,8,-4
213000430,71,355,-284
213000431,38,0,38
213000432,0,40,-40
213000433,36,37,-1
213000434,263,104,159
213000435,122,85,37
213000439,48,44,4
213000441,0,1,-1
213000443,892,572,320
213000445,1,55,-54
213000446,0,23,-23
213000447,0,122,-122
213000448,13,188,-175
213000449,1200,13,1187
213000450,23,29,-6
213000451,343,20,323
213000452,8,12,-4
213000453,43,290,-247
213000455,41,0,41
213000456,3,190,-187
213000481,18,6,12
213000482,57,1,56
213000489,121,83,38
213000491,52,611,-559
213000492,93,1,92
213000493,3,297,-294
213000494,187,56,131
213000495,0,25,-25
213000496,656,205,451
213000497,136,124,12
213000498,98,66,32
213000499,170,142,28
213000500,624,57,567
213000501,374,56,318
213000502,220,130,90
213000503,1,18,-17
213000504,8,52,-44
213000505,38,9,29
213000506,0,7,-7
213000507,2,28,-26
213900244,101,0,101
213900245,0,3,-3
218000003,54,113,-59
218000004,64,100,-36
218000005,69,64,5
218000006,68,102,-34
218000007,11,45,-34
218000012,440,346,94
218000013,591,215,376
218000014,393,360,33
218000019,326,411,-85
218000020,465,428,37
218000040,7,12,-5
218000046,195,68,127
218000047,53,39,14
218000048,110,25,85
218000049,60,27,33
218000050,159,69,90
218000051,77,131,-54
218000052,1,56,-55
218000053,3,40,-37
218000054,14,73,-59
218000055,11,42,-31
218000056,33,90,-57
218000057,0,53,-53
218000064,0,25,-25
218000065,105,53,52
218000066,24,98,-74
218000067,127,115,12
218000068,288,62,226
218000069,633,142,491
218000070,288,389,-101
218000071,300,343,-43
218000072,153,352,-199
218000078,1676,317,1359
218000079,538,75,463
218000080,254,44,210
218000081,766,78,688
218000082,160,75,85
218000083,155,116,39
218000084,277,66,211
218000085,297,129,168
218000086,215,76,139
218000087,284,70,214
218000090,113,374,-261
218000091,1615,793,822
218000092,278,218,60
218000093,117,76,41
218000094,631,661,-30
218000099,243,531,-288
218000100,554,248,306
218000101,362,186,176
218000102,837,264,573
218000103,177,142,35
218000104,213,27,186
218000105,33,13,20
218000106,34,9,25
218000107,82,62,20
218000108,5,19,-14
218000112,86,25,61
218000117,58,190,-132
218000134,949,438,511
218000135,24,108,-84
218000136,203,137,66
218000137,228,191,37
218000138,42,164,-122
218000139,310,273,37
218000140,891,554,337
218000141,91,80,11
218000142,151,283,-132
218000143,47,554,-507
218000144,41,169,-128
218000145,838,519,319
218000146,248,116,132
218000151,5,27,-22
218000152,84,23,61
218000170,2,22,-20
218000171,89,29,60
218000172,5,7,-2
218000173,9,16,-7
218000174,39,17,22
218000176,376,71,305
218000177,403,114,289
218000178,109,71,38
218000179,314,32,282
218000180,170,27,143
218000181,418,40,378
218000187,39,101,-62
218000188,42,72,-30
218000189,24,118,-94
218000190,0,8,-8
218000191,450,63,387
218000192,286,139,147
218000193,628,188,440
218000194,259,270,-11
218000195,183,60,123
218000196,457,182,275
218000197,697,199,498
218000198,144,82,62
218000199,40,7,33
218000200,33,85,-52
218000201,9,23,-14
218000202,79,884,-805
218000207,20,15,5
218000208,50,175,-125
218000211,47,16,31
218000213,164,90,74
218000214,1,22,-21
218000215,100,121,-21
218000217,25,58,-33
218000218,100,27,73
218000219,6,457,-451
218000220,67,2306,-2239
218000221,616,399,217
218000222,0,345,-345
218000223,50,524,-474
218000224,7,131,-124
218000225,266,13,253
218000226,243,83,160
218000232,79,55,24
218000239,184,6,178
218000240,6,3,3
218000241,23,0,23
218000242,3,0,3
218000243,34,3,31
218000244,11,3,8
218000245,56,2,54
218000246,0,2,-2
218000247,1,0,1
218000248,0,22,-22
218000249,0,1,-1
218000250,3,4,-1
218000251,0,13,-13
218000252,1,104,-103
218000253,0,92,-92
218000254,0,31,-31
218000255,4,10,-6
218000256,4,44,-40
218000267,596,1456,-860
218000268,9,33,-24
218000269,6,41,-35
218000270,279,25,254
218000271,7,16,-9
218000273,77,6,71
218000274,11,12,-1
218000275,172,128,44
218000276,20,30,-10
218000278,32,145,-113
218000279,107,45,62
218000280,2,24,-22
218000281,7,71,-64
218000282,787,1280,-493
218000284,66,2,64
218000301,80,120,-40
218000302,53,47,6
218000303,30,141,-111
218000316,2119,1159,960
218000317,3209,966,2243
218000318,1617,706,911
218000319,2618,698,1920
218000320,2214,778,1436
218000338,12,233,-221
218000345,206,376,-170
218000346,28,339,-311
218000459,25,158,-133
218000490,6,93,-87
218000501,191,59,132
218000502,214,70,144
218000503,189,21,168
218000504,205,46,159
218000505,44,107,-63
218000506,37,363,-326
218000508,0,5,-5
218000510,74,8,66
218000520,152,145,7
218000521,32,35,-3
218000522,1,679,-678
218000523,177,1,176
218000524,0,295,-295
218000525,113,46,67
218000526,31,210,-179
218000529,89,102,-13
218000531,20,20,0
218000532,44,3,41
218000534,417,17,400
218000537,16,151,-135
218000538,59,488,-429
218000540,97,140,-43
218000543,227,131,96
218000544,29,97,-68
218000545,185,146,39
218000546,64,73,-9
218000547,216,182,34
218000548,114,140,-26
218000549,1076,113,963
218000550,222,178,44
218000551,89,548,-459
218000552,263,364,-101
218000553,47,165,-118
218000554,70,41,29
218000555,44,104,-60
218000556,280,182,98
218000557,960,352,608
218000558,40,0,40
218000559,0,38,-38
218000560,0,36,-36
218000561,33,0,33
218000562,17,164,-147
218000563,168,60,108
218000564,1,149,-148
218000565,54,54,0
218000566,29,3,26
218000567,1,90,-89
218000568,6,0,6
218000569,3,284,-281
218000570,11,12,-1
218000571,1,175,-174
218000572,197,4,193
218000573,6,120,-114
218000574,41,25,16
218000575,98,0,98
218000576,0,69,-69
218000577,73,2,71
218000578,0,249,-249
218000579,30,9,21
218000581,5,160,-155
218000582,35,15,20
218000583,3,0,3
218000584,2,21,-19
218000585,46,4,42
218000586,52,45,7
218000587,0,1,-1
218000588,0,1,-1
218000589,0,3,-3
218000590,1,0,1
218000591,0,24,-24
218000592,2,0,2
218000593,3,136,-133
218000594,2,19,-17
218000597,0,29,-29
218000598,0,13,-13
218000599,5,15,-10
218000600,4,11,-7
218000601,0,50,-50
218000602,0,4,-4
218000603,0,7,-7
218000604,4,0,4
218000605,0,254,-254
218000606,198,1,197
218000607,12,85,-73
218000608,34,14,20
218000609,5,110,-105
218000610,66,1,65
218000611,28,0,28
218000612,0,24,-24
218000613,36,1,35
218000614,5,43,-38
218000615,150,15,135
218000616,35,376,-341
218000617,5,13,-8
218000618,4,72,-68
218000619,9,25,-16
218000620,33,76,-43
218000621,0,1,-1
218000622,0,114,-114
218000623,20,8,12
218000624,1,144,-143
218000625,2,1,1
218000626,0,18,-18
218000628,339,600,-261
218000631,28,26,2
218000632,1,179,-178
218000633,166,30,136
218000634,6,30,-24
218000635,9,26,-17
218000636,1394,545,849
218000637,1566,505,1061
218000638,383,32,351
218000639,24,60,-36
218000640,674,27,647
218000641,298,140,158
218000652,37,47,-10
218000653,292,61,231
218000663,26,55,-29
218000675,24,159,-135
218000680,389,220,169
218000681,662,247,415
218000691,435,218,217
218000693,629,138,491
218000718,20,128,-108
218000719,71,236,-165
218000720,0,220,-220
218000721,18,14,4
218001147,0,129,-129
218001214,62,73,-11
218001258,1002,1,1001
218001329,196,214,-18
218001330,117,287,-170
218001351,43,11,32
218001352,22,65,-43
218001353,19,20,-1
218001354,9,45,-36
218001355,22,149,-127
218001356,525,138,387
218001357,7,144,-137
218001358,674,17,657
218001361,1390,4,1386
218001362,1,73,-72
219000001,40,47,-7
219000002,47,69,-22
219000003,113,33,80
219000004,59,123,-64
219000017,118,417,-299
219000020,357,29,328
219000022,197,1,196
219000023,89,1,88
219000029,0,278,-278
219000034,97,87,10
219000039,35,291,-256
219000040,43,111,-68
219000041,262,90,172
219000051,3,382,-379
219000052,4,194,-190
219000053,1,106,-105
219000055,619,2,617
219000056,3,1,2
219000057,81,0,81
219000062,21,336,-315
219000063,184,35,149
219000064,0,110,-110
219000110,280,357,-77
219000111,196,106,90
219000112,294,78,216
219000113,376,67,309
219000114,329,39,290
219000116,298,76,222
219000117,154,80,74
219000118,135,79,56
219000123,324,106,218
219000124,81,40,41
219000125,50,4,46
219000126,107,200,-93
219000127,1,28,-27
219000128,36,226,-190
219000129,38,128,-90
219000130,218,887,-669
219000131,1134,1488,-354
219000133,38,141,-103
219000134,26,61,-35
219000135,16,156,-140
219000136,122,332,-210
219000138,126,27,99
219000139,112,19,93
219000140,113,1,112
219000141,58,80,-22
219000142,17,32,-15
219000143,47,33,14
219000145,11,58,-47
219000146,0,27,-27
219000147,0,48,-48
219000148,1,24,-23
219000149,21,60,-39
219000150,1,44,-43
219000151,3,47,-44
219000157,334,232,102
219000158,321,325,-4
219000161,253,14,239
219000163,1187,401,786
219000166,157,206,-49
219000167,175,214,-39
219000168,230,137,93
219000174,866,182,684
219000175,218,12,206
219000176,312,20,292
219000177,102,2,100
219000178,118,0,118
219000179,57,3,54
219000180,99,33,66
219000182,234,3,231
219000183,158,22,136
219000184,190,10,180
219000185,4,56,-52
219000186,199,64,135
219000187,19,141,-122
219000189,70,235,-165
219000190,82,249,-167
219000191,176,2320,-2144
219000192,300,320,-20
219000193,711,263,448
219000195,0,274,-274
219000196,8,187,-179
219000198,50,85,-35
219000199,206,170,36
219000200,124,149,-25
219000201,101,173,-72
219000203,44,95,-51
219000204,75,438,-363
219000205,42,208,-166
219000207,178,195,-17
219000209,98,55,43
219000210,50,626,-576
219000213,13,412,-399
219000239,163,202,-39
219000240,166,628,-462
219000241,125,367,-242
219000242,118,367,-249
219000243,165,265,-100
219000244,21,95,-74
219000245,5,175,-170
219000246,30,52,-22
219000247,308,92,216
219000248,706,709,-3
219000249,313,202,111
219000250,290,120,170
219000251,724,375,349
219000252,306,179,127
219000253,333,62,271
219000255,251,126,125
219000256,550,231,319
219000257,169,1,168
219000262,114,179,-65
219000263,111,173,-62
219000267,30,75,-45
219000268,6,52,-46
219000269,4,6,-2
219000270,48,0,48
219000271,559,11,548
219000278,1,33,-32
219000279,0,19,-19
219000283,0,35,-35
219000295,2,107,-105
219000296,84,338,-254
219000297,111,44,67
219000298,104,30,74
219000299,590,61,529
219000300,118,96,22
219000301,67,210,-143
219000302,75,163,-88
219000307,51,33,18
219000308,134,91,43
219000311,263,68,195
219000312,656,176,480
219000313,573,83,490
219000314,161,130,31
219000315,520,34,486
219000316,799,70,729
219000317,252,4,248
219000320,0,203,-203
219000321,2,48,-46
219000323,0,103,-103
219000325,4,9,-5
219000326,73,112,-39
219000327,20,36,-16
219000328,36,13,23
219000329,188,120,68
219000330,14,24,-10
219000331,63,71,-8
219000332,295,158,137
219000333,81,8,73
219000335,128,2,126
219000337,31,0,31
219000338,61,2,59
219000344,19,101,-82
219000345,100,27,73
219000346,41,25,16
219000348,173,77,96
219000349,81,133,-52
219000350,45,369,-324
219000351,0,14,-14
219000352,92,109,-17
219000353,170,109,61
219000354,443,94,349
219000355,161,105,56
219000356,481,2638,-2157
219000363,120,178,-58
219000364,292,112,180
219000365,234,39,195
219000366,199,918,-719
219000368,322,776,-454
219000370,622,967,-345
219000371,7,17,-10
219000382,15,30,-15
219000383,273,1663,-1390
219000385,194,1197,-1003
219000386,853,2425,-1572
219000387,0,14,-14
219000390,5,19,-14
219000391,4,1,3
219000397,39,22,17
219000398,20,47,-27
219000401,39,94,-55
219000402,50,96,-46
219000403,64,311,-247
219000404,54,72,-18
219000407,31,42,-11
219000409,120,63,57
219000410,214,41,173
219000411,148,23,125
219000446,195,412,-217
219000447,8,31,-23
219000448,14,17,-3
219000452,128,186,-58
219000453,59,330,-271
219000454,271,661,-390
219000556,561,225,336
219000558,93,236,-143
219000590,16,267,-251
219000591,254,236,18
219000592,75,333,-258
219000595,12,9,3
219000635,360,89,271
219000636,115,223,-108
219000657,13,14,-1
219000658,23,143,-120
219000673,0,40,-40
219000676,9,3,6
219000679,21,58,-37
219000684,123,21,102
219000685,0,72,-72
219000686,0,2,-2
219000688,0,63,-63
219000689,13,137,-124
219000690,172,20,152
219000691,36,153,-117
219000692,284,9,275
219000693,1,5,-4
219000694,8,0,8
219000695,92,4,88
219000698,43,0,43
219000699,0,202,-202
219000727,4,389,-385
219000728,193,6,187
219000770,23,8,15
219000771,2,82,-80
219000788,315,612,-297
219001150,0,42,-42
219001151,1,9,-8
219001166,88,54,34
219001167,5,79,-74
219001178,47,0,47
220000001,32,254,-222
220000002,11,248,-237
220000003,331,326,5
220000004,631,826,-195
220000005,650,2239,-1589
220000006,199,907,-708
220000007,665,250,415
220000008,430,555,-125
220000009,531,358,173
220000010,126,71,55
220000011,587,5455,-4868
220000012,52,612,-560
220000014,256,187,69
220000015,71,519,-448
220000017,33,553,-520
220000018,8844,2580,6264
220000019,197,840,-643
220000020,680,244,436
220000021,1260,280,980
220000022,1565,363,1202
220000023,357,237,120
220000024,1104,803,301
220000025,565,2540,-1975
220000026,380,1153,-773
220000027,17,422,-405
220000028,42,207,-165
220000029,57,70,-13
220000030,103,284,-181
220000031,910,872,38
220000064,51,2700,-2649
221000046,16,2,14
221000047,0,0,0
221000048,0,3,-3
221000049,0,18,-18
221000050,25,3,22
221000055,50,127,-77
221000068,189,75,114
221000069,361,41,320
221000070,329,17,312
221000071,117,3,114
221000072,345,6,339
221000073,294,40,254
221000074,0,11,-11
221000075,7,51,-44
221000076,13,25,-12
221000077,25,43,-18
221000081,144,21,123
221000082,96,8,88
221000083,6,11,-5
221000084,4,9,-5
221000085,17,117,-100
221000086,17,74,-57
221000087,1,114,-113
221000088,5,150,-145
221000089,25,234,-209
221000090,62,533,-471
221000098,187,25,162
221000099,331,11,320
221000100,224,4,220
221000101,229,5,224
221000107,37,3,34
221000108,54,5,49
221000109,3,22,-19
221000110,1,25,-24
221000111,17,204,-187
221000112,6,139,-133
221000113,10,73,-63
221000114,3,108,-105
221000120,16,185,-169
221000121,0,60,-60
221000122,18,68,-50
221000123,43,121,-78
221000124,6,72,-66
221000155,103,65,38
221000156,164,86,78
221000175,16,39,-23
221000176,2,5,-3
221000182,72,4,68
221000241,545,317,228
221000242,136,364,-228
221000243,876,297,579
221000244,199,816,-617
221000245,256,307,-51
221000246,89,508,-419
221000247,222,249,-27
221000248,168,214,-46
221000267,42,724,-682
221000325,9,156,-147
221000331,1,85,-84
221000338,4,115,-111
221000378,306,74,232
221000381,109,105,4
222000282,3,15,-12
222000296,1,15,-14
222000568,388,17,371
222000569,141,34,107
222000570,138,29,109
222000571,450,46,404
222000577,6,58,-52
222000578,1,131,-130
222000579,22,133,-111
222000580,28,661,-633
222000599,0,58,-58
222000600,1,95,-94
222000601,4,601,-597
222000603,3,164,-161
222000604,1,246,-245
222000605,12,53,-41
222000606,1,34,-33
222000607,7,6,1
222000608,9,42,-33
222000609,48,58,-10
222000616,610,110,500
222000617,10,120,-110
222000618,2,27,-25
222000620,23,63,-40
222000621,46,71,-25
222000623,780,9,771
222000624,586,3,583
222000625,1874,34,1840
222000636,92,7,85
222000686,10,101,-91
222000687,88,45,43
222001066,370,0,370
222001067,34,1,33
222001068,164,32,132
222001069,100,49,51
222001082,39,10,29
222001083,71,9,62
222001084,0,74,-74
222001085,1,184,-183
222001111,157,72,85
222001112,357,54,303
222001313,6,21,-15
222001314,0,118,-118
222001464,499,112,387
222001465,34,89,-55
222001484,383,96,287
222001485,40,79,-39
222001494,994,351,643
222001495,161,62,99
222001496,544,178,366
222001497,303,241,62
222001502,5,62,-57
222001503,258,46,212
222001504,12,198,-186
222001505,456,10,446
222001506,11,152,-141
222001507,327,10,317
222001510,1025,24,1001
222001511,77,188,-111
222001514,665,48,617
222001515,75,321,-246
222001518,578,22,556
222001519,80,126,-46
222001527,214,19,195
222001528,23,253,-230
222001529,533,6,527
222001530,54,84,-30
222001533,169,122,47
222001534,629,61,568
222001535,685,388,297
222001536,91,105,-14
222001537,504,40,464
222001538,35,298,-263
222001563,1350,103,1247
222001564,53,296,-243
222001568,159,139,20
222001576,0,8,-8
222001579,1,16,-15
222001583,28,66,-38
222001584,188,62,126
222001596,489,996,-507
222001597,1629,387,1242
222001626,0,17,-17
222001650,6,167,-161
222001651,17,245,-228
222001914,208,21,187
222001915,41,180,-139
222001968,841,319,522
222001969,303,446,-143
222001970,69,294,-225
222001971,61,3,58
222001972,7,31,-24
225000001,550,203,347
225000002,1151,281,870
225000003,1201,132,1069
225000004,854,506,348
225000005,73,96,-23
225000006,0,609,-609
225000007,2775,1686,1089
225000010,449,14,435
225000011,467,3104,-2637
225000012,454,1262,-808
225000013,223,180,43
225000014,1253,280,973
225000015,226,308,-82
225000021,999,148,851
225000027,573,621,-48
225000032,914,114,800
225000042,242,690,-448
225000049,158,132,26
225000050,265,48,217
225000053,7,315,-308
225000058,1370,446,924
225000067,461,178,283
225000068,271,689,-418
225000069,100,771,-671
225000070,246,473,-227
225000071,75,118,-43
225000075,122,3505,-3383
225000076,122,452,-330
225000078,77,119,-42
225000085,202,125,77
225000086,712,75,637
225000087,345,27,318
225000088,93,324,-231
225000089,86,632,-546
225000090,92,1031,-939
225000091,117,202,-85
225000092,78,173,-95
225000093,613,315,298
225000094,30,195,-165
225000095,488,449,39
225000096,138,429,-291
225000098,1084,170,914
225000099,644,220,424
225000100,806,213,593
225000104,311,650,-339
225000110,46,426,-380
225000111,526,730,-204
225000112,827,1113,-286
225000113,356,2980,-2624
225000114,220,1195,-975
225000115,2839,858,1981
225000116,446,319,127
225000117,1002,506,496
225000118,1780,439,1341
225000119,658,124,534
225000120,1385,97,1288
225000121,238,15,223
225000123,1067,40,1027
225000125,1043,456,587
225000126,1473,626,847
225000127,523,3395,-2872
225000128,567,1411,-844
225000132,947,61,886
225000133,423,63,360
225000134,1110,185,925
225000135,202,8,194
225000136,1152,7,1145
225000137,645,187,458
225000138,995,175,820
225000143,294,380,-86
225000144,47,394,-347
225000145,61,116,-55
225000146,233,142,91
225000147,176,144,32
225000148,8,52,-44
225000149,121,168,-47
225000151,52,90,-38
225000155,331,357,-26
225000156,368,1354,-986
225000157,1101,752,349
225000158,132,343,-211
225000171,12,244,-232
225000180,102,98,4
225000181,0,252,-252
225000182,103,21,82
225000185,5,585,-580
225000187,175,334,-159
225000191,72,0,72
225000194,0,8,-8
225000208,2,106,-104
225000209,250,26,224
225000210,18,212,-194
225000217,0,46,-46
225000218,38,9,29
225000223,1,1170,-1169
225000224,329,12,317
225000225,0,825,-825
225000226,23,14,9
225000227,426,817,-391
225000228,5,42,-37
225000229,0,280,-280
225000230,26,1,25
225000231,0,43,-43
225000232,260,0,260
225000241,97,0,97
225000242,0,86,-86
225000249,43,16,27
225000250,113,437,-324
225000251,1025,238,787
226000042,278,705,-427
226000043,104,358,-254
226000044,305,1023,-718
226000045,137,588,-451
226000046,992,338,654
226000047,942,285,657
226000048,681,297,384
226000049,807,572,235
226000070,0,15,-15
226000071,0,123,-123
226000072,1,65,-64
226000073,0,23,-23
226000074,0,21,-21
226000084,0,86,-86
226000085,0,138,-138
226000086,0,42,-42
226000087,0,40,-40
226000088,7,27,-20
226000090,997,644,353
226000091,15,152,-137
226000092,1,22,-21
226000093,10,14,-4
226000094,4,16,-12
226000095,30,32,-2
226000105,11,6,5
226000106,25,0,25
226000107,9,0,9
226000108,24,0,24
226000109,206,0,206
226000124,205,338,-133
226000134,1256,886,370
226000135,2489,996,1493
226000136,1133,649,484
226000137,14,367,-353
226000138,30,124,-94
226000139,21,87,-66
226000156,578,4,574
226000157,465,26,439
226000163,188,418,-230
226000202,1,199,-198
226000231,1792,11,1781
226000232,45,11,34
227000033,73,0,73
227000037,792,40,752
227000038,305,63,242
227000049,0,349,-349
227000050,3,357,-354
227000055,95,0,95
227000056,35,0,35
227000084,10,110,-100
227000085,0,191,-191
227000088,30,10,20
227000089,57,9,48
227000090,15,0,15
227000091,49,0,49
227000093,111,8,103
227000094,50,51,-1
227000130,229,288,-59
227000131,62,221,-159
227000132,139,124,15
227000133,28,110,-82
227000134,86,134,-48
227000152,0,8,-8
227000153,0,244,-244
227000155,6,75,-69
227000156,1,32,-31
227000165,3,149,-146
227000196,72,123,-51
227000199,827,33,794
227000230,16,257,-241
227000232,538,63,475
227000241,920,14,906
227000242,54,476,-422
227000243,401,37,364
227000244,463,50,413
227000245,40,187,-147
227000246,149,240,-91
227000247,625,34,591
227000248,183,204,-21
227000249,52,654,-602
227000250,59,83,-24
227000251,217,1012,-795
227000252,60,163,-103
227000253,270,93,177
227000262,818,25,793
227000266,1801,26,1775
227000267,31,795,-764
227000486,404,475,-71
227000655,578,4,574
227000661,76,37,39
227000680,155,124,31
229000265,62,57,5
229000296,2,71,-69
229000297,13,24,-11
229000298,9,133,-124
229000320,7,3,4
229000321,45,10,35
229000412,20,136,-116
229000414,0,69,-69
229000415,19,6,13
229000416,7,1,6
229000417,2,5,-3
229000419,114,242,-128
229000440,308,149,159
229000442,28,10,18
229000443,5,21,-16
229000444,0,68,-68
229000445,70,5,65
229000446,64,37,27
229000847,218,0,218
229000848,71,2,69
229000849,276,1,275
229000851,126,0,126
229000854,0,47,-47
229000856,1,120,-119
229000857,4,21,-17
229000858,1,71,-70
229000919,6,69,-63
229000930,30,248,-218
229000937,144,7,137
229000966,130,21,109
229000981,36,16,20
229000985,11,20,-9
229000986,0,5,-5
229000987,0,1,-1
229000988,1,1,0
229000989,6,25,-19
229000990,0,10,-10
229000991,0,0,0
229000992,1,8,-7
229000993,209,17,192
229000998,56,50,6
229000999,92,5,87
229001034,0,33,-33
229001035,5,0,5
229001037,45,2,43
229001042,30,12,18
229001047,14,28,-14
229001050,87,42,45
229001200,32,0,32
229001338,1,10,-9
229001394,365,3,362
229001422,208,23,185
229001423,26,105,-79
229001431,66,95,-29
229001432,30,93,-63
229001444,182,56,126
229001445,111,82,29
229001503,315,102,213
229001504,121,134,-13
229001505,206,70,136
229001506,109,136,-27
229001509,86,11,75
229001545,201,4,197
229001546,2,65,-63
229001553,223,72,151
229001554,9,74,-65
229001559,1,1,0
229001560,10,44,-34
229001630,74,7,67
229001631,8,45,-37
229001635,0,31,-31
229001636,0,3,-3
229001658,1,64,-63
229001659,87,1,86
229001660,3,58,-55
229001661,0,64,-64
229001662,34,1,33
229001663,0,207,-207
229002584,180,224,-44
229002831,64,59,5
229002841,3,36,-33
229002842,16,80,-64
229002843,30,53,-23
229002844,53,116,-63
229002845,69,197,-128
229002846,12,140,-128
229002847,1,18,-17
229002848,3,50,-47
229002849,0,50,-50
229002850,14,0,14
229002851,33,146,-113
229002852,131,108,23
229002853,59,118,-59
229002854,23,54,-31
229002855,22,154,-132
229002856,24,26,-2
229002857,3,151,-148
229002858,7,4,3
229002859,7,115,-108
229002860,33,74,-41
229002861,91,27,64
229002862,13,32,-19
229002863,17,19,-2
229002864,36,93,-57
229002865,9,12,-3
229002866,4,18,-14
229002867,1,64,-63
229002868,8,31,-23
229002869,12,82,-70
229002870,31,58,-27
235000066,179,50,129
235000067,141,93,48
235000072,40,98,-58
235000073,134,403,-269
235000074,56,74,-18
235000080,12,115,-103
235000081,134,132,2
235000082,463,22,441
235000083,342,71,271
235000084,42,142,-100
235000085,153,108,45
235000089,87,92,-5
235000092,44,195,-151
235000093,6,25,-19
235000097,1,1,0
235000098,96,0,96
235000099,43,86,-43
235000116,11,36,-25
235000117,714,16,698
235000133,28,472,-444
235000134,19,198,-179
235000206,5,26,-21
235000207,3,4,-1
235000208,1,1,0
235000209,0,9,-9
235000210,7,5,2
235000212,0,21,-21
235000213,1,15,-14
235000220,0,3,-3
235000221,2,118,-116
235000238,10,441,-431
235000239,0,91,-91
235000242,412,1016,-604
235000245,417,184,233
235000246,13,89,-76
235000284,11,96,-85
235000295,106,42,64
235000305,314,59,255
235000306,389,26,363
235000307,63,4,59
235000308,38,1,37
235000309,158,1,157
235000310,22,0,22
235000311,108,135,-27
235000322,0,20,-20
235000323,0,37,-37
235000324,0,19,-19
235000325,17,9,8
235000326,16,44,-28
235000351,1,95,-94
235000352,19,75,-56
235000353,11,37,-26
235000354,11,36,-25
235000355,13,32,-19
235000356,38,1,37
235000357,67,5,62
235000358,37,1,36
235000359,4,1,3
235000360,38,11,27
235000361,109,17,92
235000381,164,91,73
235000382,182,63,119
235000390,3,1,2
235000391,215,26,189
235000392,244,318,-74
235000393,173,352,-179
235000395,123,23,100
235000396,393,69,324
235000400,25,130,-105
235000401,20,209,-189
235000405,129,150,-21
235000406,34,90,-56
235000407,93,89,4
235000409,206,172,34
235000410,143,188,-45
235000411,0,73,-73
235000485,0,10,-10
235000486,3,0,3
235000549,77,181,-104
235000550,112,236,-124
235000599,149,54,95
235000600,7,7,0
235000601,3,18,-15
235000602,156,69,87
235000614,0,1,-1
235000648,0,8,-8
235000649,86,1,85
235000685,0,7,-7
235000815,1,16,-15
235000834,1,39,-38
235000855,61,28,33
235000862,32,71,-39
235000891,0,86,-86
235000892,44,31,13
235000901,68,170,-102
235000907,3,7,-4
235001010,167,75,92
235001029,116,251,-135
235001030,215,133,82
235001078,81,132,-51
235001079,44,44,0
235001147,15,105,-90
235001166,8,36,-28
235001167,54,19,35
235001169,84,163,-79
235001188,8,33,-25
235001189,2,6,-4
235001197,2,34,-32
235001200,83,36,47
235001207,801,61,740
235001210,268,156,112
235001215,40,90,-50
235001239,0,39,-39
235001244,0,22,-22
235016267,1,317,-316
277102712,0,0,0
277103813,0,0,0
277104249,0,2,-2
277104250,0,26,-26
277104251,0,16,-16
277104252,0,1,-1
990011530,2,479,-477
990014944,0,162,-162
990015176,209,1,208
990016032,0,175,-175
990032570,3,22,-19
990070001,96,8,88
990070103,0,1,-1
990070601,0,9,-9
990070751,2964,1,2963
990070766,0,147,-147
990071180,784,467,317
990071343,203,152,51
990071387,0,19,-19
990071823,23,0,23
990072600,1,502,-501
990072964,1,123,-122
990073285,0,3,-3
990074393,0,473,-473
990074870,2391,15,2376
990075106,812,8,804
990075746,838,22,816
990076437,5083,7,5076
990076458,0,360,-360
997000007,509,8,501
997000041,1,237,-236
997000058,49,0,49
997000062,12,2,10
997000069,0,11,-11
997000070,0,7,-7
997000100,177,1,176
997000141,0,143,-143
997000198,17,216,-199
998000475,0,0,0
998000736,0,124,-124
998000965,0,65,-65
998001031,0,97,-97
998001700,0,31,-31
998001899,0,0,0
998001900,9,1,8
998003073,1278,28,1250
998101900,0,0,0
998102850,1,91,-90
998501927,594,1424,-830
998501929,190,15,175
998501930,179,1,178
998501931,225,12,213
998501932,11,0,11
998501933,59,0,59
998501937,158,140,18
998501944,3,0,3
998501950,0,4,-4
998501970,399,87,312
998501971,0,77,-77
998501973,0,11,-11
998501974,0,97,-97
998501975,192,0,192
998501976,840,45,795
998501977,0,21,-21
998501978,9,0,9
998501979,0,4,-4
998501980,252,0,252
998501981,40,0,40
998501982,1,189,-188
998501983,0,0,0
998502006,0,0,0
998502024,0,32,-32
998502032,0,2,-2
998502062,15,0,15
998502063,0,0,0
998502173,45,0,45
998502269,0,7,-7
998502546,1,706,-705
998502578,0,0,0
998502599,41,639,-598
998502621,0,1,-1
998601159,1,31,-30
998601292,0,28,-28
999033574,0,147,-147
999800001,40,0,40
999800002,0,2,-2
999800003,0,0,0
999800004,0,0,0
999800005,0,56,-56
