ID,insum,outsum,diff
100000001,507,366,141
100000002,1611,476,1135
100000003,6548,1363,5185
100000004,1473,508,965
100000005,1545,1613,-68
100000006,207,63,144
100000007,653,260,393
100000008,118,427,-309
100000009,167,85,82
100000010,25,30,-5
100000011,521,42,479
100000012,43,478,-435
100000013,26,124,-98
100000014,232,287,-55
100000015,909,680,229
100000016,901,973,-72
100000017,420,838,-418
100000018,1202,406,796
100000019,5063,1243,3820
100000020,1658,2025,-367
100000021,5624,1318,4306
100000022,1780,511,1269
100000023,5442,557,4885
100000025,2143,291,1852
100000028,1345,504,841
100000029,281,115,166
100000030,559,22,537
100000031,4729,3005,1724
100000032,2578,1747,831
100000033,590,1280,-690
100000034,614,171,443
100000035,1446,468,978
100000036,2363,753,1610
100000037,219,325,-106
100000038,624,585,39
100000039,416,106,310
100000040,98,80,18
100000041,417,213,204
100000042,337,213,124
100000043,471,164,307
100000044,394,549,-155
100000045,442,1009,-567
100000046,504,1033,-529
100000047,213,673,-460
100000048,317,539,-222
100000049,1301,2030,-729
100000051,305,927,-622
100000053,13,4,9
100000054,66,29,37
100000055,323,229,94
100000056,148,382,-234
100000057,967,528,439
100000058,686,1067,-381
100000059,2,81,-79
100000060,221,195,26
100000061,896,394,502
100000062,1034,368,666
100000063,300,211,89
100000064,531,260,271
100000065,275,933,-658
100000066,153,727,-574
100000067,310,752,-442
100000068,357,1382,-1025
100000069,170,1486,-1316
100000072,334,885,-551
100000073,821,912,-91
100000075,350,308,42
100000076,1579,1176,403
100000077,434,72,362
100000078,84,15,69
100000079,35,30,5
100000080,9,9,0
100000081,33,23,10
100000102,1648,742,906
100000103,2852,523,2329
100000104,4275,739,3536
100000105,3632,313,3319
100000106,1898,822,1076
100000107,402,232,170
100000108,655,760,-105
100000109,2644,744,1900
100000116,912,309,603
100000117,25,37,-12
100000118,934,499,435
100000119,385,394,-9
100000121,137,549,-412
100000122,570,563,7
100000123,3372,3088,284
100000124,6383,3678,2705
100000125,2838,592,2246
100000126,558,184,374
100000127,1352,279,1073
100000128,900,695,205
100000129,405,324,81
100000130,280,496,-216
100000131,3834,1879,1955
100000132,1784,1009,775
100000133,8615,2086,6529
100000135,255,440,-185
100000139,168,223,-55
100000140,75,135,-60
100000142,240,504,-264
100000143,1447,797,650
100000144,3207,1051,2156
100000147,665,1335,-670
100000150,4,395,-391
100000151,374,287,87
100000153,169,138,31
100000154,63,31,32
100000155,2,18,-16
100000156,38,64,-26
100000157,68,149,-81
100000158,45,75,-30
100000159,250,380,-130
100000165,941,539,402
100000169,524,231,293
100000174,1672,346,1326
100000179,101,453,-352
100000180,956,708,248
100000181,130,208,-78
100000188,52,306,-254
100000189,455,183,272
100000190,307,267,40
100000191,300,269,31
100000192,72,49,23
100000193,68,83,-15
100000330,1690,337,1353
100000355,109,400,-291
100000362,3888,2507,1381
100000363,1474,2322,-848
100000364,306,140,166
100000365,2436,3466,-1030
100000366,2870,1703,1167
100000367,1849,2490,-641
100000368,1539,1384,155
100000369,692,757,-65
100000370,91,211,-120
100000376,26,77,-51
100000379,2180,669,1511
100000380,2929,1042,1887
100000384,5155,1546,3609
100000385,5388,1870,3518
100000386,7691,2021,5670
100000387,6514,1875,4639
100000388,10325,2169,8156
100000389,8973,2262,6711
100000390,9748,1968,7780
100000391,6062,2320,3742
100000392,2734,707,2027
100000393,838,836,2
100000394,4599,1683,2916
100000395,2227,555,1672
100000396,3511,1024,2487
100000397,1854,1056,798
100000398,8973,6098,2875
100000413,27,7,20
100900002,1,40,-39
100900003,120,78,42
100900004,18,624,-606
100900005,75,7,68
100900006,4,132,-128
100900007,271,3,268
100900008,0,362,-362
100900009,6,17,-11
100900010,34,90,-56
100900011,22,289,-267
100900012,0,203,-203
100900013,222,4,218
100900014,3,2,1
100900015,87,39,48
100900016,2,40,-38
100900017,281,38,243
100900018,0,17,-17
100900019,7,26,-19
100900020,113,6,107
100900021,163,1,162
100900022,1,3,-2
100900023,0,11,-11
100900024,566,2,564
100900025,11,4,7
100900026,16,91,-75
100900027,345,1301,-956
100900028,46,59,-13
100900029,70,10,60
100900030,5,9,-4
100900031,67,38,29
100900032,49,1,48
100900033,165,44,121
100900034,159,0,159
100900035,490,1,489
100900036,19,0,19
100900037,17,179,-162
100900038,35,21,14
100900039,323,583,-260
100900040,991,787,204
100900041,117,761,-644
100900042,229,273,-44
100900043,0,6,-6
100900044,2065,224,1841
100900045,43,0,43
100900046,317,0,317
100900047,733,68,665
100900048,54,3,51
100900049,8,167,-159
100900050,1,19,-18
100900051,63,49,14
100900052,36,5,31
100900053,103,15,88
100900054,1,96,-95
100900055,101,127,-26
100900056,118,159,-41
100900057,269,214,55
100900058,96,7,89
100900059,24,0,24
100900060,64,8,56
100900061,209,155,54
100900062,1,67,-66
100900063,87,269,-182
100900064,127,4,123
100900065,50,32,18
100900066,44,28,16
100900067,3,4,-1
100900068,15,76,-61
100900069,226,2,224
100900070,44,1,43
100900071,466,145,321
100900072,2,72,-70
100900073,56,421,-365
100900074,0,3,-3
100900075,1938,217,1721
100900076,7,14,-7
100900077,6,109,-103
100900078,67,139,-72
100900079,1,35,-34
100900080,7,124,-117
100900081,14,42,-28
100900082,45,749,-704
100900083,1,34,-33
100900085,8,61,-53
100900086,77,353,-276
100900088,13,608,-595
100900089,0,22,-22
100900090,61,202,-141
100900091,0,23,-23
100900092,80,46,34
100900093,65,132,-67
100900094,41,589,-548
100900095,3,23,-20
100900096,14,43,-29
100900097,0,5,-5
100900098,6,26,-20
100900099,13,423,-410
100900100,3,187,-184
100900101,259,15,244
100900102,13,19,-6
100900103,0,8,-8
100900104,12,81,-69
100900105,2,50,-48
100900106,43,2,41
100900107,1270,342,928
100900108,4,13,-9
100900109,5,35,-30
100900110,1,24,-23
100900111,50,71,-21
100900112,0,16,-16
100900113,2,12,-10
100900114,1,16,-15
100900115,0,10,-10
100900116,397,335,62
100900117,139,294,-155
100900118,6,29,-23
100900119,7,19,-12
100900120,0,9,-9
100900121,131,244,-113
100900122,100,141,-41
100900123,49,75,-26
100900124,3,8,-5
100900125,6,38,-32
100900126,50,124,-74
100900127,0,8,-8
100900128,60,56,4
100900129,0,67,-67
100900131,24,75,-51
100900133,27,23,4
100900134,4,2,2
100900135,0,78,-78
100900137,266,96,170
100900138,309,156,153
100900139,1,7,-6
100900140,1,604,-603
100900141,0,200,-200
100900142,0,3,-3
100900143,786,155,631
100900144,6,1,5
100900145,12,79,-67
100900146,13,9,4
100900147,3,134,-131
100900148,33,875,-842
100900149,72,51,21
100900150,3,6,-3
100900151,84,415,-331
100900152,67,2,65
100900153,2,81,-79
100900154,0,14,-14
100900155,2,3,-1
100900156,5,0,5
100900157,0,62,-62
100900159,0,18,-18
100900160,2,7,-5
100900161,107,0,107
100900162,4,107,-103
100900163,96,131,-35
100900164,12,27,-15
100900165,25,59,-34
100900166,13,0,13
100900167,10,70,-60
100900168,3,65,-62
100900169,118,830,-712
100900170,12,10,2
100900171,7,587,-580
100900172,0,8,-8
100900173,3,491,-488
100900174,248,37,211
100900176,850,57,793
100900177,667,104,563
100900178,146,86,60
100900179,53,16,37
100900180,2,2,0
100900181,44,11,33
100900182,5,13,-8
100900184,4,76,-72
100900186,725,326,399
100900187,8,117,-109
100900188,17,5,12
100900189,425,104,321
100900191,776,391,385
100900192,122,105,17
100900195,64,126,-62
100900197,14,128,-114
100900198,19,173,-154
100900199,9,6,3
100900200,437,251,186
100900201,10,549,-539
100900202,5,0,5
100900203,0,31,-31
100900204,385,79,306
100900205,71,210,-139
100900206,33,25,8
100900207,108,35,73
100900210,46,576,-530
100900211,182,34,148
100900213,23,9,14
100900214,678,41,637
100900215,3,14,-11
100900217,71,15,56
101000001,3702,2153,1549
101000002,2702,2127,575
101000003,562,1164,-602
101000004,7693,4676,3017
101000005,4137,3189,948
101000006,6723,4235,2488
101000007,1905,2013,-108
101000008,2453,1900,553
101000009,1017,1766,-749
101000010,620,1138,-518
101000011,1628,466,1162
101000012,1530,225,1305
101000013,397,495,-98
101000014,322,358,-36
101000015,628,683,-55
101000016,279,239,40
101000017,356,329,27
101000018,3517,1751,1766
101000020,3292,654,2638
101000021,744,108,636
101000022,199,27,172
101000023,1199,505,694
101000025,98,180,-82
101000026,421,30,391
101000027,1032,1068,-36
101000028,658,115,543
101000029,19,580,-561
101000030,358,41,317
101000031,161,47,114
101000032,3336,1325,2011
101000033,2162,1458,704
101000034,2288,701,1587
101000035,836,207,629
101000036,1168,258,910
101000037,4292,721,3571
101000039,3023,792,2231
101000040,3319,1631,1688
101000041,7634,1989,5645
101000042,529,311,218
101000043,6294,1433,4861
101000045,874,185,689
101000046,1131,625,506
101000047,663,680,-17
101000048,562,485,77
101000049,667,579,88
101000050,1530,378,1152
101000051,2121,568,1553
101000052,1437,360,1077
101000053,765,1363,-598
101000054,1241,1209,32
101000055,1250,554,696
101000056,50,24,26
101000057,2143,413,1730
101000058,1647,415,1232
101000059,2700,1042,1658
101000060,1674,176,1498
101000061,1145,515,630
101000062,1421,288,1133
101000063,373,258,115
101000064,1047,239,808
101000065,143,325,-182
101000066,253,201,52
101000067,469,219,250
101000068,254,130,124
101000069,203,22,181
101000070,1162,512,650
101000071,1530,481,1049
101000072,687,2040,-1353
101000073,516,394,122
101000074,3671,1758,1913
101000075,5461,2262,3199
101000077,827,811,16
101000078,722,1243,-521
101000079,337,541,-204
101000080,476,416,60
101000081,858,843,15
101000082,2620,1883,737
101000083,1164,1010,154
101000084,989,1045,-56
101000085,1145,787,358
101000086,1002,722,280
101000087,685,975,-290
101000088,590,614,-24
101000089,628,892,-264
101000090,1954,1357,597
101000091,269,1477,-1208
101000092,684,972,-288
101000093,1134,522,612
101000094,379,811,-432
101000095,135,640,-505
101000096,196,512,-316
101000097,136,217,-81
101000098,270,513,-243
101000099,742,919,-177
101000100,744,424,320
101000101,235,205,30
101000102,645,182,463
101000103,663,307,356
101000104,168,224,-56
101000105,885,151,734
101000106,594,497,97
101000107,80,230,-150
101000108,1000,261,739
101000109,72,44,28
101000110,23,522,-499
101000111,101,195,-94
101000113,95,276,-181
101000114,1524,926,598
101000115,82,88,-6
101000116,84,194,-110
101000117,216,298,-82
101000119,140,20,120
101000120,183,9,174
101000121,52,8,44
101000122,49,24,25
101000123,29,16,13
101000124,242,219,23
101000125,117,300,-183
101000128,622,355,267
101000130,216,177,39
101000131,349,570,-221
101000132,209,1388,-1179
101000135,53,6,47
101000136,141,53,88
101000137,30,119,-89
101000141,1906,1044,862
101000147,735,515,220
101000148,2414,23,2391
101000149,149,25,124
101000150,23,945,-922
101000151,48,65,-17
101000152,280,219,61
101000153,484,306,178
101000154,57,1305,-1248
101000155,78,76,2
101000156,15,234,-219
101000157,41,14,27
101000160,51,82,-31
101000163,75,65,10
101000164,509,288,221
101000165,204,218,-14
101000166,196,308,-112
101000168,467,202,265
101000252,880,505,375
101000254,296,20,276
101000258,50,4,46
101000261,63,97,-34
101000262,469,778,-309
101000263,135,456,-321
101000265,45,504,-459
101000266,184,167,17
101000269,101,7,94
101000290,1566,1596,-30
101000293,10,113,-103
101000294,420,385,35
101000295,116,347,-231
101000301,712,135,577
101000304,1438,1935,-497
101000305,1987,1240,747
101000328,90,248,-158
101900001,14,72,-58
101900002,0,21,-21
101900003,63,48,15
101900004,0,14,-14
101900005,3927,525,3402
101900006,606,16,590
101900007,278,17,261
101900008,87,200,-113
101900009,40,231,-191
101900010,844,324,520
101900011,175,864,-689
101900012,77,188,-111
101900013,1003,43,960
101900017,14,52,-38
101900018,1401,106,1295
101900019,219,55,164
101900020,185,58,127
101900021,1,27,-26
101900022,24,1049,-1025
101900023,25,228,-203
101900026,49,31,18
101900027,15,89,-74
102000001,1409,2754,-1345
102000002,2287,966,1321
102000003,3430,2736,694
102000004,8477,1615,6862
102000005,1225,1413,-188
102000006,1674,1102,572
102000007,1200,2691,-1491
102000008,5529,1263,4266
102000009,4480,5262,-782
102000010,5303,2324,2979
102000011,1856,1785,71
102000012,2645,2817,-172
102000018,2355,1603,752
102000019,2187,962,1225
102000026,152,320,-168
102000029,359,153,206
102000030,62,123,-61
102000031,18,146,-128
102000032,178,274,-96
102000033,101,335,-234
102000034,334,242,92
102000035,737,389,348
102000036,5,118,-113
102000037,88,54,34
102000038,77,59,18
102000039,49,39,10
102000040,339,85,254
102000041,85,121,-36
102000042,56,46,10
102000043,121,98,23
102000044,178,425,-247
102000045,450,833,-383
102000046,531,283,248
102000047,505,862,-357
102000048,76,563,-487
102000049,479,413,66
102000050,720,784,-64
102000051,190,348,-158
102000052,807,606,201
102000053,356,511,-155
102000054,188,667,-479
102000055,507,883,-376
102000056,354,1122,-768
102000057,1128,448,680
102000058,867,1592,-725
102000059,1008,1186,-178
102000060,940,801,139
102000061,799,1982,-1183
102000062,614,1008,-394
102000063,966,1323,-357
102000064,448,543,-95
102000065,30,91,-61
102000066,1183,866,317
102000067,2236,2076,160
102000068,7712,2224,5488
102000069,29,1546,-1517
102000070,2493,68,2425
102000071,6121,8276,-2155
102000072,2647,3782,-1135
102000073,647,1113,-466
102000074,629,701,-72
102000075,184,283,-99
102000076,289,393,-104
102000077,204,1194,-990
102000078,528,724,-196
102000079,58,235,-177
102000080,122,140,-18
102000081,137,716,-579
102000082,540,245,295
102000083,176,567,-391
102000084,96,396,-300
102000085,1094,1039,55
102000086,771,902,-131
102000087,489,1979,-1490
102000088,163,220,-57
102000089,609,510,99
102000090,291,1137,-846
102000091,1240,472,768
102000092,418,650,-232
102000093,633,536,97
102000094,871,395,476
102000095,689,888,-199
102000096,1087,423,664
102000097,1161,720,441
102000098,433,639,-206
102000099,605,347,258
102000100,1058,420,638
102000101,1381,175,1206
102000102,406,1239,-833
102000103,995,269,726
102000104,800,344,456
102000105,120,745,-625
102000106,392,815,-423
102000107,475,440,35
102000108,352,176,176
102000109,212,431,-219
102000110,365,1410,-1045
102000111,5,237,-232
102000112,96,59,37
102000113,4,22,-18
102000114,798,229,569
102000115,145,124,21
102000116,388,235,153
102000117,210,343,-133
102000118,1520,926,594
102000119,2231,365,1866
102000120,66,329,-263
102000121,673,307,366
102000122,258,488,-230
102000123,1051,543,508
102000124,566,715,-149
102000125,819,516,303
102000126,414,498,-84
102000127,704,514,190
102000128,351,756,-405
102000129,707,736,-29
102000130,263,414,-151
102000131,690,431,259
102000132,295,325,-30
102000133,846,2084,-1238
102000134,253,536,-283
102000135,862,416,446
102000136,708,224,484
102000137,731,469,262
102000138,186,332,-146
102000139,38,259,-221
102000140,265,140,125
102000141,107,431,-324
102000142,80,311,-231
102000143,36,349,-313
102000144,64,407,-343
102000145,161,397,-236
102000146,144,200,-56
102000147,155,187,-32
102000148,110,108,2
102000149,68,525,-457
102000150,123,143,-20
102000151,66,294,-228
102000152,100,124,-24
102000153,482,170,312
102000154,330,461,-131
102000155,46,204,-158
102000156,285,20,265
102000157,38,93,-55
102000158,234,171,63
102000159,1284,130,1154
102000161,3956,888,3068
102000162,181,115,66
102000163,75,285,-210
102000164,1019,467,552
102000165,262,99,163
102000166,56,128,-72
102000167,130,115,15
102000168,135,83,52
102000169,59,373,-314
102000170,540,88,452
102000171,156,46,110
102000172,63,188,-125
102000173,207,152,55
102000174,28,29,-1
102000175,70,98,-28
102000176,16,24,-8
102000178,177,520,-343
102000179,160,158,2
102000180,303,537,-234
102000181,365,562,-197
102000182,321,627,-306
102000183,819,1626,-807
102000184,713,744,-31
102000185,829,1453,-624
102000186,425,1669,-1244
102000187,547,1601,-1054
102000188,457,1386,-929
102000189,2343,756,1587
102000190,468,1640,-1172
102000191,1031,501,530
102000192,491,862,-371
102000193,17,179,-162
102000194,23,167,-144
102000195,213,382,-169
102000196,83,544,-461
102000197,152,423,-271
102000198,73,814,-741
102000199,269,288,-19
102000200,156,1061,-905
102000201,284,453,-169
102000202,3,158,-155
102000203,125,265,-140
102000204,206,977,-771
102000205,480,600,-120
102000206,330,569,-239
102000207,508,392,116
102000208,139,449,-310
102000209,55,41,14
102000210,150,553,-403
102000211,132,316,-184
102000212,60,18,42
102000213,4,290,-286
102000214,65,27,38
102000215,1,489,-488
102000216,26,24,2
102000217,3,200,-197
102000218,104,55,49
102000219,254,368,-114
102000225,843,689,154
102000226,4376,452,3924
102000227,59,0,59
102000228,0,63,-63
102000229,22,21,1
102000230,175,550,-375
102000231,166,343,-177
102000232,6,83,-77
102000233,309,488,-179
102000234,63,1228,-1165
102000236,267,58,209
102000237,394,135,259
102000238,135,216,-81
102000240,681,533,148
102000241,127,82,45
102000243,7,42,-35
102000245,7,105,-98
102000246,13,9,4
102000247,1412,816,596
102000248,669,547,122
102000249,65,147,-82
102000250,25,386,-361
102000254,24,378,-354
102000266,41,114,-73
102000271,17,0,17
102000286,336,217,119
102000297,1150,620,530
102000299,0,0,0
102000301,0,0,0
102000303,0,0,0
102000305,0,0,0
102000307,0,3,-3
102900001,679,584,95
102900002,245,13,232
102900003,14,258,-244
102900005,56,129,-73
102900006,187,116,71
102900007,374,17,357
102900008,85,45,40
102900009,339,77,262
102900010,404,458,-54
102900011,1596,190,1406
102900012,260,41,219
102900013,6,66,-60
102900015,575,113,462
102900016,21,99,-78
102900017,41,516,-475
102900018,8,122,-114
102900019,167,337,-170
102900020,47,38,9
102900021,3,101,-98
102900022,252,35,217
102900023,15,43,-28
102900024,16,42,-26
102900025,211,85,126
102900026,348,1017,-669
102900027,42,33,9
102900028,34,274,-240
102900029,75,31,44
102900030,217,123,94
102900031,38,97,-59
102900032,13,118,-105
102900033,51,162,-111
102900034,152,106,46
102900035,38,487,-449
102900036,86,480,-394
102900037,127,650,-523
102900038,257,376,-119
102900039,13,241,-228
102900040,58,176,-118
102900041,26,120,-94
102900042,108,253,-145
102900043,53,193,-140
102900044,369,1497,-1128
102900045,36,419,-383
102900046,62,286,-224
102900047,39,630,-591
102900048,331,612,-281
102900049,41,275,-234
102900050,149,297,-148
102900051,118,138,-20
102900053,264,512,-248
102900054,573,516,57
102900055,26,59,-33
102900056,86,391,-305
102900057,4,12,-8
102900058,254,41,213
102900059,6,38,-32
102900060,30,309,-279
102900061,49,400,-351
102900062,44,1265,-1221
102900063,452,413,39
102900064,122,370,-248
102900065,1791,721,1070
102900066,124,12,112
102900068,41,65,-24
102900070,92,582,-490
102900072,7,14,-7
102900073,102,4,98
102900075,21,25,-4
102900076,245,31,214
102900077,27,25,2
102900078,29,60,-31
102900079,181,4,177
102900080,195,13,182
102900081,51,183,-132
102900082,17,172,-155
102900083,307,2,305
102900084,3,20,-17
102900085,70,42,28
102900086,2,18,-16
102900087,21,82,-61
102900088,8,30,-22
102900089,187,92,95
102900090,1,310,-309
102900091,48,1,47
102900092,68,796,-728
102900094,0,41,-41
102900095,77,0,77
102900096,16,4,12
102900097,9,84,-75
103000001,1717,2198,-481
103000002,1420,1570,-150
103000003,2809,1949,860
103000004,790,502,288
103000005,1547,1855,-308
103000006,444,1058,-614
103000007,340,715,-375
103000008,737,948,-211
103000009,374,557,-183
103000010,179,151,28
103000011,1404,735,669
103000012,701,993,-292
103000013,5504,1631,3873
103000014,920,916,4
103000015,2234,618,1616
103000016,491,604,-113
103000017,75,171,-96
103000018,792,276,516
103000019,128,145,-17
103000020,1160,943,217
103000021,990,1058,-68
103000022,666,888,-222
103000023,298,773,-475
103000024,100,141,-41
103000025,30,262,-232
103000026,1449,95,1354
103000027,215,230,-15
103000028,521,231,290
103000029,349,133,216
103000030,1479,441,1038
103000031,1236,925,311
103000032,1582,1445,137
103000033,1854,1852,2
103000034,1326,706,620
103000035,314,762,-448
103000036,340,376,-36
103000037,523,325,198
103000038,369,565,-196
103000039,141,326,-185
103000040,131,1026,-895
103000041,1122,2570,-1448
103000042,519,557,-38
103000043,234,1030,-796
103000044,91,219,-128
103000046,139,192,-53
103000047,338,611,-273
103000048,69,110,-41
103000049,108,159,-51
103000050,509,593,-84
103000051,186,378,-192
103000052,477,273,204
103000053,78,296,-218
103000054,1189,802,387
103000055,1034,1093,-59
103000056,332,2234,-1902
103000057,413,327,86
103000058,275,922,-647
103000059,249,588,-339
103000060,586,628,-42
103000061,265,578,-313
103000062,753,771,-18
103000063,489,528,-39
103000064,85,247,-162
103000065,3,281,-278
103000066,106,11,95
103000069,112,254,-142
103000070,445,995,-550
103000071,480,272,208
103000072,82,746,-664
103000073,226,70,156
103000074,289,50,239
103000075,83,609,-526
103000076,114,152,-38
103000077,44,265,-221
103000078,1130,263,867
103000079,975,374,601
103000080,1233,141,1092
103000081,416,504,-88
103000082,232,72,160
103000083,62,254,-192
103000084,129,3,126
103000085,4,61,-57
103000086,636,178,458
103000087,82,222,-140
103000088,264,234,30
103000089,121,275,-154
103000090,1281,839,442
103000091,454,307,147
103000092,201,248,-47
103000093,176,487,-311
103000094,139,89,50
103000095,26,309,-283
103000096,545,50,495
103000097,37,572,-535
103000098,808,99,709
103000099,285,570,-285
103000100,54,712,-658
103000101,384,102,282
103000102,74,521,-447
103000103,315,138,177
103000104,24,151,-127
103000105,46,113,-67
103000106,7,67,-60
103000107,167,62,105
103000108,596,541,55
103000109,274,245,29
103000110,328,280,48
103000111,455,211,244
103000112,182,178,4
103000113,446,443,3
103000114,709,200,509
103000115,316,397,-81
103000116,279,417,-138
103000117,146,437,-291
103000118,950,864,86
103000119,1455,543,912
103000120,26,69,-43
103000121,225,460,-235
103000122,266,193,73
103000125,3,512,-509
103000126,177,2,175
103000127,1,239,-238
103000128,73,0,73
103000129,2,119,-117
103000130,18,7,11
103000131,198,64,134
103000132,60,64,-4
103000133,9,147,-138
103000134,694,332,362
103000135,654,156,498
103000136,633,225,408
103000137,457,392,65
103000138,804,351,453
103000139,1,39,-38
103000140,115,13,102
103000141,25,85,-60
103000142,101,42,59
103000143,29,146,-117
103000144,140,51,89
103000145,50,38,12
103000150,59,49,10
103000152,218,179,39
103000153,130,115,15
103000156,2,469,-467
103000157,146,0,146
103000159,31,30,1
103000162,40,32,8
103000163,5,16,-11
103000164,16,5,11
103000165,106,382,-276
103000166,107,159,-52
103000167,125,99,26
103000168,52,133,-81
103000169,121,235,-114
103000170,389,408,-19
103000171,35,49,-14
103000172,141,259,-118
103000173,147,632,-485
103000174,105,265,-160
103000175,101,411,-310
103000176,538,235,303
103000177,516,331,185
103000178,284,207,77
103000179,60,14,46
103000183,54,37,17
103000185,46,44,2
103000186,31,149,-118
103000187,111,591,-480
103000188,5,88,-83
103000189,703,762,-59
103000191,429,452,-23
103000292,2017,621,1396
103000293,1182,665,517
103000295,104,63,41
103000296,188,1,187
103000297,19,5,14
103000504,0,6,-6
103000505,6,4,2
103000506,1,172,-171
103000507,51,0,51
103000508,71,25,46
103000509,220,486,-266
103900001,1,139,-138
103900002,1503,110,1393
103900003,1060,189,871
103900004,19,1,18
103900005,0,257,-257
103900006,9,98,-89
103900007,8,2,6
103900008,0,0,0
103900010,107,198,-91
103900012,15,14,1
103900014,34,25,9
103900015,29,14,15
103900017,11,60,-49
103900018,609,113,496
103900019,30,120,-90
103900020,91,170,-79
103900021,577,231,346
103900022,565,533,32
103900023,36,0,36
103900024,56,382,-326
103900025,1,16,-15
103900026,15,0,15
103900027,276,167,109
103900028,83,180,-97
103900029,412,67,345
103900030,104,14,90
103900031,14,6,8
103900032,24,26,-2
103900033,30,3,27
103900034,18,193,-175
103900035,27,45,-18
103900036,19,8,11
103900037,37,12,25
103900038,34,86,-52
103900039,36,408,-372
103900040,2,171,-169
103900041,8,17,-9
103900042,26,453,-427
103900043,43,74,-31
103900044,156,80,76
103900045,71,115,-44
103900047,23,22,1
103900048,25,9,16
103900049,170,964,-794
103900050,4,61,-57
103900051,0,32,-32
103900053,44,679,-635
103900054,21,531,-510
103900055,104,30,74
103900056,18,32,-14
103900057,10,231,-221
103900058,31,581,-550
103900059,0,0,0
103900060,25,151,-126
103900061,29,23,6
103900062,62,37,25
103900063,0,0,0
103900064,20,2,18
103900065,425,71,354
103900066,30,5,25
103900067,44,33,11
103900068,0,0,0
103900069,10,5,5
103900070,66,194,-128
103900071,17,202,-185
103900072,3,221,-218
103900073,23,4,19
103900074,17,86,-69
103900075,77,74,3
103900076,173,752,-579
103900077,39,30,9
103900078,36,61,-25
103900079,37,155,-118
103900080,8,12,-4
103900081,99,13,86
103900082,0,62,-62
103900083,1681,220,1461
103900084,35,74,-39
103900085,80,83,-3
103900086,190,152,38
103900088,359,101,258
103900089,16,137,-121
103900090,0,182,-182
103900091,624,207,417
103900092,157,469,-312
103900093,60,314,-254
103900094,9,167,-158
103900095,196,397,-201
103900096,9,246,-237
103900097,1,366,-365
103900098,134,108,26
103900099,7,215,-208
103900100,56,270,-214
103900101,35,719,-684
103900102,3,26,-23
103900104,0,20,-20
103900105,106,154,-48
103900106,0,18,-18
103900107,10,133,-123
103900108,36,323,-287
103900109,31,62,-31
103900110,91,28,63
103900111,21,553,-532
103900112,0,31,-31
103900113,45,63,-18
103900114,504,520,-16
103900115,103,60,43
103900116,5386,873,4513
103900117,259,112,147
103900119,13,24,-11
103900120,16,60,-44
103900122,15,284,-269
103900123,1149,425,724
103900124,39,471,-432
103900125,64,74,-10
103900126,156,387,-231
103900127,76,479,-403
103900128,126,360,-234
103900131,6,120,-114
103900133,470,17,453
103900134,0,2,-2
103900135,2,1,1
103900137,0,11,-11
103900138,22,222,-200
103900139,347,549,-202
103900140,2,23,-21
103900141,145,51,94
103900142,39,150,-111
103900143,19,2,17
103900144,0,66,-66
103900145,81,238,-157
103900146,129,283,-154
103900147,114,59,55
103900148,100,414,-314
103900149,36,569,-533
103900150,6153,1088,5065
103900151,13,181,-168
103900152,75,550,-475
103900153,0,0,0
103900154,1631,642,989
103900155,8,194,-186
103900156,13,137,-124
103900157,16,201,-185
103900158,16,206,-190
103900159,43,51,-8
103900160,19,21,-2
103900161,26,121,-95
103900162,192,461,-269
103900163,4,305,-301
103900167,5,39,-34
103900168,27,104,-77
103900169,5,23,-18
103900170,1,93,-92
103900171,1,51,-50
103900172,12,22,-10
103900173,7,5,2
103900174,32,26,6
103900175,25,29,-4
103900176,6,11,-5
103900177,6,23,-17
103900178,13,58,-45
103900179,11,184,-173
103900180,1,77,-76
103900181,64,15,49
103900182,14,8,6
103900184,452,13,439
103900185,118,70,48
103900187,79,24,55
103900188,16,7,9
103900189,40,3,37
103900190,35,49,-14
103900191,6,21,-15
103900192,14,45,-31
103900193,130,75,55
103900194,24,349,-325
103900195,3,26,-23
103900196,5,12,-7
103900197,1,25,-24
103900198,3,30,-27
103900199,68,120,-52
103900200,104,160,-56
103900201,38,163,-125
103900202,7,46,-39
103900203,7,8,-1
103900204,1,131,-130
103900207,1,102,-101
103900208,11,0,11
103900209,4,73,-69
103900210,10,33,-23
103900211,185,514,-329
103900212,54,530,-476
103900213,100,172,-72
103900214,171,68,103
103900215,715,236,479
103900216,12,381,-369
103900217,159,3,156
103900218,47,218,-171
103900219,34,262,-228
103900233,26,2,24
103900235,22,5,17
103900236,10,0,10
103900242,2,7,-5
103900243,3,3,0
103900244,25,255,-230
103900245,20,172,-152
103900246,31,17,14
103900247,28,117,-89
103900248,1,16,-15
103900249,6,19,-13
103900250,10,14,-4
103900251,0,24,-24
103900253,17,23,-6
103900254,2,8,-6
103900255,2,4,-2
103900256,23,19,4
103900257,84,55,29
103900258,9,0,9
103900259,78,2,76
103900261,2,1,1
103900262,11,1,10
103900263,45,38,7
103900264,45,5,40
103900265,64,4,60
103900266,1,31,-30
103900267,2,41,-39
103900268,7,127,-120
103900269,70,16,54
103900270,8,130,-122
103900271,6,155,-149
103900272,40,60,-20
103900273,11,22,-11
103900274,7,3,4
103900275,15,0,15
103900276,3,93,-90
103900277,2,96,-94
103900278,3,34,-31
103900279,1,12,-11
103900280,0,136,-136
104000001,1506,1851,-345
104000002,1079,2072,-993
104000003,2074,1902,172
104000004,2871,2001,870
104000005,670,1570,-900
104000006,1905,2517,-612
104000007,3115,3132,-17
104000008,200,484,-284
104000009,64,132,-68
104000010,100,141,-41
104000011,540,443,97
104000012,82,440,-358
104000013,47,130,-83
104000014,152,612,-460
104000015,129,160,-31
104000016,379,391,-12
104000018,379,106,273
104000019,353,112,241
104000020,194,884,-690
104000021,218,587,-369
104000022,92,283,-191
104000023,333,260,73
104000024,195,325,-130
104000026,44,240,-196
104000027,196,387,-191
104000028,281,254,27
104000029,342,519,-177
104000030,121,261,-140
104000031,476,173,303
104000032,148,310,-162
104000033,320,297,23
104000034,163,394,-231
104000035,363,400,-37
104000036,324,558,-234
104000037,162,276,-114
104000038,282,488,-206
104000039,87,410,-323
104000040,430,381,49
104000041,470,275,195
104000042,155,419,-264
104000043,175,356,-181
104000044,180,789,-609
104000045,584,1071,-487
104000046,1205,1327,-122
104000047,496,1226,-730
104000048,803,1797,-994
104000049,292,229,63
104000050,115,457,-342
104000051,72,636,-564
104000052,818,1332,-514
104000053,467,611,-144
104000054,208,401,-193
104000055,2874,2469,405
104000056,1612,235,1377
104000057,198,586,-388
104000058,435,636,-201
104000059,333,998,-665
104000060,295,755,-460
104000061,710,994,-284
104000062,220,288,-68
104000064,572,215,357
104000065,40,227,-187
104000069,1370,434,936
104000070,38,251,-213
104000071,233,317,-84
104000072,664,417,247
104000075,20,172,-152
104000076,317,33,284
104000082,1354,1772,-418
104000083,615,183,432
104000084,68,361,-293
104000085,195,166,29
104000086,112,338,-226
104000087,396,652,-256
104000090,390,1436,-1046
104000092,370,2399,-2029
104000094,509,1947,-1438
104000095,944,1116,-172
104000096,601,244,357
104000097,879,980,-101
104000098,877,1152,-275
104000100,703,559,144
104000101,663,2094,-1431
104000106,164,510,-346
104000107,356,465,-109
104000108,238,437,-199
104000109,185,45,140
104000110,706,717,-11
104000111,4127,1118,3009
104000112,1828,394,1434
104000116,5,1134,-1129
104000117,59,758,-699
104000118,240,213,27
104000119,278,187,91
104000120,116,867,-751
104000121,146,471,-325
104000122,312,511,-199
104000123,725,1383,-658
104000124,1257,2511,-1254
104000125,3825,1906,1919
104000126,161,350,-189
104000127,1439,4084,-2645
104000128,721,451,270
104000129,325,26,299
104000130,11,146,-135
104000131,935,712,223
104000132,620,952,-332
104000133,926,704,222
104000134,580,1093,-513
104000135,279,741,-462
104000136,611,1695,-1084
104000137,1369,174,1195
104000138,1050,308,742
104000139,7705,2530,5175
104000141,1121,1786,-665
104000142,527,1006,-479
104000143,338,739,-401
104000144,47,158,-111
104000145,294,138,156
104000146,379,533,-154
104000147,87,314,-227
104000148,150,140,10
104000149,199,390,-191
104000150,341,362,-21
104000151,220,555,-335
104000152,285,627,-342
104000153,144,305,-161
104000154,832,653,179
104000155,240,359,-119
104000157,854,1616,-762
104000158,157,200,-43
104000159,361,260,101
104000160,1284,987,297
104000161,134,137,-3
104000162,19,107,-88
104000165,1193,796,397
104000167,370,476,-106
104000168,436,4,432
104000169,16,39,-23
104000170,663,230,433
104000248,116,691,-575
104000251,39,289,-250
104000272,0,0,0
104000273,0,0,0
104000274,0,0,0
104000275,0,0,0
104000279,3229,953,2276
104000290,43,337,-294
104000291,448,937,-489
104000293,504,560,-56
104000294,2,0,2
104000295,339,629,-290
104000296,218,633,-415
104000297,750,1242,-492
104000298,1587,779,808
104000299,407,1086,-679
104000302,147,143,4
104000303,226,148,78
104900001,35,306,-271
104900002,29,54,-25
104900003,15,266,-251
104900004,30,288,-258
104900005,112,105,7
104900006,57,48,9
104900007,106,173,-67
104900009,62,415,-353
104900010,11,6,5
104900011,1,3,-2
104900012,88,4,84
104900013,29,1,28
104900014,2572,178,2394
104900015,46,1,45
104900016,62,245,-183
104900017,43,129,-86
104900018,2,198,-196
104900019,181,766,-585
104900020,27,236,-209
104900021,1,247,-246
104900022,4,122,-118
104900023,0,139,-139
104900024,13,100,-87
104900025,31,232,-201
104900026,0,135,-135
104900027,146,115,31
104900028,23,95,-72
104900029,25,78,-53
104900030,200,89,111
104900031,85,189,-104
104900032,28,106,-78
104900033,72,110,-38
104900034,108,43,65
104900035,92,54,38
104900036,67,35,32
104900037,58,222,-164
104900038,375,171,204
104900039,648,86,562
104900040,68,42,26
104900041,101,71,30
104900042,52,290,-238
104900043,8,32,-24
104900044,209,90,119
104900045,194,28,166
104900046,33,75,-42
104900047,93,80,13
104900048,85,44,41
104900049,3,1,2
104900050,57,47,10
104900051,71,18,53
104900052,2,1,1
104900053,145,12,133
104900054,50,22,28
104900055,19,0,19
104900056,69,7,62
104900057,7,2,5
104900058,177,101,76
104900059,6,41,-35
104900061,181,515,-334
104900063,16,100,-84
104900064,0,80,-80
104900065,1,77,-76
104900066,3,140,-137
104900067,1,154,-153
104900068,6,172,-166
104900070,31,230,-199
104900071,1,625,-624
104900072,28,150,-122
104900073,20,215,-195
104900074,24,152,-128
104900075,14,40,-26
104900076,24,343,-319
104900077,867,74,793
104900078,83,778,-695
104900079,100,98,2
104900080,24,402,-378
104900082,5,226,-221
104900085,14,309,-295
104900089,60,0,60
104900091,263,709,-446
104900093,151,437,-286
104900097,2602,899,1703
104900098,23,32,-9
104900099,37,215,-178
104900100,505,115,390
104900102,23,162,-139
104900103,373,63,310
104900106,23,102,-79
104900107,29,227,-198
104900108,6,229,-223
104900109,22,84,-62
104900110,4,29,-25
104900111,86,54,32
104900112,117,839,-722
104900113,310,358,-48
104900114,146,593,-447
104900115,225,490,-265
104900116,45,270,-225
104900118,7,58,-51
104900119,4,29,-25
104900120,131,49,82
104900121,0,99,-99
104900122,0,72,-72
104900123,2,1,1
104900124,10,0,10
104900125,159,2,157
104900126,68,22,46
104900127,19,17,2
104900128,30,53,-23
104900129,2165,584,1581
105000001,1622,1635,-13
105000002,1356,1419,-63
105000003,2012,3225,-1213
105000004,385,861,-476
105000005,429,1012,-583
105000006,707,1293,-586
105000007,605,986,-381
105000008,553,1258,-705
105000009,911,2075,-1164
105000010,2378,1874,504
105000011,1247,1604,-357
105000012,3286,2786,500
105000013,457,808,-351
105000014,840,1462,-622
105000015,5198,3388,1810
105000016,2292,1290,1002
105000017,1382,853,529
105000018,913,674,239
105000019,1127,785,342
105000020,142,232,-90
105000021,234,126,108
105000022,80,22,58
105000023,217,187,30
105000028,45,110,-65
105000029,251,630,-379
105000030,3102,3132,-30
105000031,8,14,-6
105000033,909,1855,-946
105000034,103,357,-254
105000037,439,412,27
105000038,1031,935,96
105000039,2787,1595,1192
105000040,408,481,-73
105000041,387,1043,-656
105000042,1553,764,789
105000043,1676,1677,-1
105000044,185,222,-37
105000045,201,710,-509
105000046,391,247,144
105000047,268,1171,-903
105000048,300,144,156
105000049,220,590,-370
105000050,291,291,0
105000051,138,406,-268
105000052,207,626,-419
105000053,89,135,-46
105000054,103,753,-650
105000055,268,350,-82
105000056,462,1907,-1445
105000057,724,767,-43
105000058,1063,1179,-116
105000059,304,388,-84
105000060,314,486,-172
105000061,275,384,-109
105000062,544,907,-363
105000063,205,646,-441
105000064,443,383,60
105000065,277,896,-619
105000066,623,1645,-1022
105000067,518,376,142
105000068,404,743,-339
105000069,2142,515,1627
105000070,647,636,11
105000071,139,283,-144
105000072,694,794,-100
105000073,425,333,92
105000074,656,745,-89
105000075,359,686,-327
105000076,1028,872,156
105000077,1434,528,906
105000078,1114,892,222
105000079,1321,1375,-54
105000080,1049,637,412
105000081,762,541,221
105000082,306,272,34
105000083,482,385,97
105000084,360,979,-619
105000085,799,767,32
105000086,481,868,-387
105000087,1851,1371,480
105000088,1186,1082,104
105000089,2778,2093,685
105000090,892,840,52
105000091,1708,1673,35
105000092,362,864,-502
105000093,314,136,178
105000094,212,149,63
105000095,53,343,-290
105000096,734,522,212
105000097,820,554,266
105000098,395,311,84
105000099,590,728,-138
105000100,525,1095,-570
105000101,1039,1745,-706
105000102,1096,1336,-240
105000103,1108,1656,-548
105000104,832,704,128
105000105,601,1342,-741
105000106,494,1044,-550
105000107,542,731,-189
105000108,541,1409,-868
105000109,691,1146,-455
105000110,398,659,-261
105000111,421,414,7
105000112,658,670,-12
105000113,278,381,-103
105000114,2788,688,2100
105000115,258,548,-290
105000116,282,397,-115
105000117,564,1273,-709
105000118,174,274,-100
105000119,332,1088,-756
105000120,304,476,-172
105000121,554,961,-407
105000122,136,295,-159
105000123,800,1191,-391
105000124,886,776,110
105000125,485,1421,-936
105000126,1090,1705,-615
105000127,1398,1444,-46
105000128,297,1204,-907
105000129,448,259,189
105000130,63,623,-560
105000131,336,271,65
105000132,390,279,111
105000133,194,907,-713
105000134,251,477,-226
105000135,286,585,-299
105000136,96,288,-192
105000137,287,199,88
105000138,258,345,-87
105000139,629,837,-208
105000140,164,436,-272
105000141,108,495,-387
105000142,45,437,-392
105000143,131,496,-365
105000144,223,558,-335
105000145,322,390,-68
105000146,374,611,-237
105000147,283,284,-1
105000148,830,596,234
105000149,1200,1196,4
105000150,1892,1010,882
105000151,197,287,-90
105000152,129,567,-438
105000153,352,300,52
105000154,576,687,-111
105000155,150,370,-220
105000156,712,748,-36
105000157,813,1583,-770
105000158,1306,703,603
105000159,289,1128,-839
105000160,798,441,357
105000161,541,1609,-1068
105000162,299,881,-582
105000163,1028,922,106
105000164,128,220,-92
105000165,1022,2498,-1476
105000166,6629,218,6411
105000167,2282,830,1452
105000168,113,784,-671
105000169,172,341,-169
105000170,81,1025,-944
105000171,709,234,475
105000172,23,48,-25
105000173,18,13,5
105000174,9,18,-9
105000175,81,118,-37
105000176,61,69,-8
105000177,58,103,-45
105000178,63,493,-430
105000179,82,95,-13
105000180,30,85,-55
105000181,39,334,-295
105000182,19,49,-30
105000183,2349,1014,1335
105000184,1115,752,363
105000185,988,527,461
105000186,393,909,-516
105000187,374,232,142
105000188,181,79,102
105000189,173,519,-346
105000190,131,294,-163
105000191,223,399,-176
105000192,68,71,-3
105000193,32,76,-44
105000194,226,76,150
105000195,135,758,-623
105000196,26,65,-39
105000197,179,541,-362
105000198,401,217,184
105000199,191,162,29
105000200,74,139,-65
105000201,32,15,17
105000203,8,273,-265
105000204,32,93,-61
105000205,57,242,-185
105000207,531,176,355
105000208,191,258,-67
105000209,148,333,-185
105000211,51,21,30
105000212,576,1139,-563
105000213,155,99,56
105000214,43,163,-120
105000215,108,218,-110
105000216,32,316,-284
105000217,78,260,-182
105000218,361,840,-479
105000221,65,177,-112
105000222,94,38,56
105000223,80,148,-68
105000226,10,373,-363
105000227,9,158,-149
105000228,116,425,-309
105000229,80,158,-78
105000231,107,149,-42
105000233,455,473,-18
105000234,345,965,-620
105000235,197,367,-170
105000237,380,28,352
105000243,18,38,-20
105000248,37,41,-4
105000262,137,1492,-1355
105000269,66,105,-39
105000270,192,96,96
105000271,0,191,-191
105000282,84,23,61
105000287,235,99,136
105000288,225,299,-74
105000289,492,611,-119
105000290,4,0,4
105000402,3567,1082,2485
105000426,210,338,-128
105000438,426,427,-1
105000440,3,35,-32
105000446,9599,3498,6101
105000447,5119,1998,3121
105000454,69,852,-783
105000455,190,181,9
105000474,11,0,11
105000477,124,265,-141
105000478,717,1315,-598
105000479,57,81,-24
105000480,1111,1275,-164
105000481,1386,1554,-168
105000482,3239,2145,1094
105000483,837,893,-56
105000484,1853,2117,-264
105000485,748,1045,-297
105000486,2508,1833,675
105000488,2008,2035,-27
105000489,391,553,-162
105000549,25,106,-81
105000550,354,909,-555
105000551,12,100,-88
105000552,2991,1442,1549
105000555,667,496,171
105000556,22,28,-6
105000557,44,250,-206
105900001,5,831,-826
105900002,1257,202,1055
105900003,12,78,-66
105900004,204,75,129
105900005,4,121,-117
105900006,3,24,-21
105900007,32,12,20
105900008,29,585,-556
105900009,9,8,1
105900011,40,31,9
105900012,177,160,17
105900013,1,16,-15
105900014,4,81,-77
105900015,103,203,-100
105900016,124,617,-493
105900017,469,31,438
105900018,118,208,-90
105900019,23,389,-366
105900020,13,42,-29
105900021,14,249,-235
105900022,126,201,-75
105900023,4,102,-98
105900024,2,74,-72
105900025,37,16,21
105900026,108,18,90
105900027,3380,2044,1336
105900028,31,101,-70
105900029,1410,225,1185
105900030,104,224,-120
105900031,264,97,167
105900032,31,107,-76
105900033,35,65,-30
105900034,86,161,-75
105900035,81,69,12
105900036,25,107,-82
105900037,63,72,-9
105900038,54,222,-168
105900039,37,126,-89
105900040,27,58,-31
105900041,164,225,-61
105900042,21,95,-74
105900043,1213,31,1182
105900044,4,95,-91
105900045,1,385,-384
105900046,0,127,-127
105900047,5,23,-18
105900048,25,351,-326
105900050,1522,228,1294
105900051,2,896,-894
105900052,167,51,116
105900053,2501,897,1604
105900054,158,133,25
105900056,693,75,618
105900057,11,96,-85
105900058,7,23,-16
105900059,0,28,-28
106000001,3026,928,2098
106000002,2433,3029,-596
106000003,2255,1845,410
106000004,2007,1764,243
106000005,1564,3715,-2151
106000006,4255,3671,584
106000007,425,320,105
106000008,296,235,61
106000009,297,192,105
106000010,260,463,-203
106000011,470,628,-158
106000012,387,1278,-891
106000013,1086,1374,-288
106000014,1382,1548,-166
106000015,704,727,-23
106000016,857,2011,-1154
106000017,461,502,-41
106000018,450,534,-84
106000019,216,334,-118
106000020,178,403,-225
106000021,222,342,-120
106000022,243,343,-100
106000023,325,332,-7
106000024,330,720,-390
106000025,81,158,-77
106000026,134,431,-297
106000027,546,1042,-496
106000028,362,701,-339
106000029,606,1360,-754
106000030,616,205,411
106000034,100,500,-400
106000035,580,691,-111
106000036,235,226,9
106000037,1156,1204,-48
106000038,412,46,366
106000039,97,39,58
106000040,115,566,-451
106000041,664,171,493
106000043,395,60,335
106000046,194,25,169
106000047,19,296,-277
106000049,306,80,226
106000050,200,722,-522
106000051,285,252,33
106000052,56,521,-465
106000053,76,81,-5
106000054,222,414,-192
106000055,333,560,-227
106000056,196,565,-369
106000057,93,148,-55
106000058,113,132,-19
106000059,112,178,-66
106000060,344,531,-187
106000061,130,295,-165
106000062,101,487,-386
106000063,332,388,-56
106000064,25,301,-276
106000065,178,128,50
106000066,98,246,-148
106000067,105,72,33
106000068,25,453,-428
106000069,97,63,34
106000070,218,520,-302
106000071,425,256,169
106000072,3675,948,2727
106000073,1449,1577,-128
106000074,189,508,-319
106000075,182,762,-580
106000076,900,1114,-214
106000077,2141,860,1281
106000078,368,700,-332
106000079,367,838,-471
106000080,638,724,-86
106000081,354,812,-458
106000082,1586,761,825
106000083,235,927,-692
106000084,633,497,136
106000085,1042,803,239
106000086,445,506,-61
106000087,613,441,172
106000088,288,582,-294
106000089,455,408,47
106000090,175,517,-342
106000091,200,575,-375
106000092,449,187,262
106000093,157,47,110
106000094,78,309,-231
106000095,259,1109,-850
106000096,468,626,-158
106000097,419,1312,-893
106000098,263,825,-562
106000099,132,669,-537
106000100,598,264,334
106000101,831,284,547
106000102,133,454,-321
106000103,160,664,-504
106000104,458,325,133
106000105,243,898,-655
106000106,264,367,-103
106000107,84,496,-412
106000108,118,283,-165
106000109,51,437,-386
106000110,116,299,-183
106000111,86,663,-577
106000112,97,316,-219
106000113,961,636,325
106000114,355,298,57
106000115,142,495,-353
106000116,109,210,-101
106000117,750,724,26
106000118,598,777,-179
106000119,2113,809,1304
106000120,490,655,-165
106000121,72,128,-56
106000122,43,229,-186
106000123,146,230,-84
106000124,19,298,-279
106000125,22,305,-283
106000126,110,205,-95
106000127,323,756,-433
106000128,335,373,-38
106000129,265,559,-294
106000130,354,389,-35
106000131,69,505,-436
106000132,894,115,779
106000133,3316,725,2591
106000134,574,723,-149
106000135,194,793,-599
106000136,345,296,49
106000137,49,1320,-1271
106000138,362,54,308
106000139,26,118,-92
106000140,25,78,-53
106000141,18,118,-100
106000142,28,63,-35
106000143,17,135,-118
106000144,29,72,-43
106000145,87,343,-256
106000146,173,182,-9
106000147,412,782,-370
106000148,702,872,-170
106000149,363,565,-202
106000150,349,1414,-1065
106000151,4321,656,3665
106000152,1262,813,449
106000153,76,1165,-1089
106000154,1343,183,1160
106000155,32,156,-124
106000156,372,210,162
106000157,331,1320,-989
106000158,2666,564,2102
106000159,3833,936,2897
106000160,112,1291,-1179
106000161,958,379,579
106000162,96,504,-408
106000163,103,440,-337
106000164,154,294,-140
106000165,127,561,-434
106000166,274,173,101
106000167,205,1296,-1091
106000168,102,173,-71
106000169,76,726,-650
106000170,201,199,2
106000171,76,725,-649
106000172,1664,609,1055
106000173,548,2006,-1458
106000174,744,256,488
106000175,267,919,-652
106000176,666,430,236
106000177,342,1736,-1394
106000178,1693,879,814
106000179,784,1587,-803
106000180,680,1583,-903
106000181,292,1722,-1430
106000182,442,506,-64
106000183,425,872,-447
106000184,378,830,-452
106000185,267,819,-552
106000186,565,136,429
106000187,146,590,-444
106000188,0,1,-1
106000189,1,24,-23
106000190,2,0,2
106000191,327,133,194
106000192,0,19,-19
106000193,178,120,58
106000194,74,219,-145
106000195,168,59,109
106000196,26,222,-196
106000197,128,167,-39
106000198,98,223,-125
106000199,668,307,361
106000200,362,108,254
106000201,360,734,-374
106000202,5296,413,4883
106000203,164,149,15
106000204,25,2,23
106000205,21,137,-116
106000206,23,12,11
106000207,49,703,-654
106000208,331,37,294
106000209,721,163,558
106000210,155,1061,-906
106000211,276,1295,-1019
106000212,337,115,222
106000213,490,932,-442
106000214,1888,316,1572
106000215,131,376,-245
106000216,188,252,-64
106000217,236,388,-152
106000218,250,215,35
106000219,71,236,-165
106000220,240,182,58
106000221,57,228,-171
106000222,17,143,-126
106000223,33,101,-68
106000224,84,320,-236
106000225,43,47,-4
106000226,85,250,-165
106000228,8,74,-66
106000229,54,758,-704
106000231,332,100,232
106000232,64,430,-366
106000233,147,91,56
106000234,42,223,-181
106000235,165,46,119
106000236,75,35,40
106000237,5,9,-4
106000238,5,3,2
106000239,0,54,-54
106000240,17,0,17
106000241,12,627,-615
106000242,155,23,132
106000249,43,76,-33
106000250,38,393,-355
106000251,59,13,46
106000252,29,84,-55
106000253,8,23,-15
106000254,24,45,-21
106000255,6,43,-37
106000256,33,73,-40
106000257,57,269,-212
106000258,80,17,63
106000259,1,34,-33
106000260,8,9,-1
106000261,0,40,-40
106000262,15,23,-8
106000263,1,42,-41
106000264,149,7,142
106000265,10,101,-91
106000266,55,3,52
106000267,8,75,-67
106000268,316,16,300
106000269,44,43,1
106000270,93,297,-204
106000271,32,119,-87
106000272,82,45,37
106000273,10,134,-124
106000274,155,26,129
106000275,78,124,-46
106000276,89,42,47
106000277,124,132,-8
106000278,120,25,95
106000279,16,46,-30
106000280,33,136,-103
106000281,45,92,-47
106000282,66,35,31
106000283,37,71,-34
106000284,26,83,-57
106000285,78,117,-39
106000286,42,143,-101
106000287,70,81,-11
106000288,86,134,-48
106000289,32,74,-42
106000290,50,52,-2
106000291,38,74,-36
106000292,54,98,-44
106000293,66,61,5
106000294,79,86,-7
106000295,25,40,-15
106000296,39,88,-49
106000297,30,158,-128
106000298,149,42,107
106000299,46,94,-48
106000300,39,71,-32
106000301,28,58,-30
106000303,8,36,-28
106000304,61,37,24
106000305,12,18,-6
106000306,50,58,-8
106000307,6,4,2
106000308,18,130,-112
106000309,15,41,-26
106000310,114,525,-411
106000311,161,96,65
106000312,35,174,-139
106000313,94,161,-67
106000318,139,101,38
106000319,366,42,324
106000320,7,32,-25
106000321,161,50,111
106000322,45,161,-116
106000324,13,136,-123
106000325,742,727,15
106000326,605,1561,-956
106000327,56,119,-63
106000328,0,85,-85
106000329,41,228,-187
106000330,8,39,-31
106000428,32,214,-182
106000429,69,483,-414
106000430,223,1384,-1161
106000431,661,258,403
106000432,1249,2105,-856
106000433,988,610,378
106000434,1983,639,1344
106000435,1629,1994,-365
106000436,9,281,-272
106000437,58,34,24
106000438,119,81,38
106000439,14,583,-569
106000440,174,426,-252
106000441,0,2,-2
106000442,107,6,101
106000443,49,543,-494
106000450,4,166,-162
106000451,10,10,0
106000454,6,92,-86
106000455,10,170,-160
106000456,82,10,72
106000457,3,981,-978
106000458,141,142,-1
106000459,38,349,-311
106000460,340,30,310
106000461,19,1625,-1606
106000462,1,8,-7
106000463,3,30,-27
106000464,3,567,-564
106000465,155,2,153
106000466,2,654,-652
106000467,437,404,33
106000468,27,153,-126
106000469,203,1,202
106000470,174,1032,-858
106000471,16,533,-517
106000472,50,11,39
106000473,20,16,4
106000474,330,771,-441
106000475,251,192,59
106000476,172,124,48
106000477,29,200,-171
106000480,0,65,-65
106900001,0,22,-22
106900002,4,486,-482
106900003,209,609,-400
106900004,0,59,-59
106900006,0,24,-24
106900007,0,8,-8
106900008,76,183,-107
106900009,111,389,-278
106900010,79,249,-170
106900012,1479,916,563
106900013,224,44,180
106900014,24,1,23
106900015,3,1,2
106900016,37,1,36
106900017,1,0,1
106900018,2,0,2
106900019,14,0,14
106900020,2197,473,1724
106900021,24,29,-5
106900022,102,1,101
106900023,66,260,-194
106900024,180,6,174
106900025,25,453,-428
106900026,4,816,-812
106900027,165,1,164
107000001,1281,1068,213
107000002,2227,2906,-679
107000003,2631,3279,-648
107000004,3601,5232,-1631
107000005,1441,2808,-1367
107000006,2387,5598,-3211
107000007,3620,4223,-603
107000008,16018,9298,6720
107000009,3320,3406,-86
107000010,8686,10385,-1699
107000011,992,959,33
107000012,3611,3226,385
107000013,32,163,-131
107000014,12,271,-259
107000015,264,818,-554
107000016,286,1056,-770
107000017,2149,679,1470
107000018,10,212,-202
107000020,1261,286,975
107000021,743,841,-98
107000022,618,1184,-566
107000023,1055,295,760
107000024,241,1777,-1536
107000025,102,284,-182
107000026,140,613,-473
107000027,763,652,111
107000028,928,1418,-490
107000029,1086,1243,-157
107000030,2583,2660,-77
107000031,1752,1412,340
107000032,197,761,-564
107000033,2927,3135,-208
107000034,3777,1577,2200
107000035,280,158,122
107000036,287,786,-499
107000037,84,545,-461
107000038,152,210,-58
107000039,336,461,-125
107000040,104,286,-182
107000041,827,362,465
107000042,404,1289,-885
107000043,2241,581,1660
107000044,553,330,223
107000045,86,259,-173
107000046,334,306,28
107000047,254,776,-522
107000048,358,325,33
107000049,336,680,-344
107000050,533,427,106
107000051,342,287,55
107000052,709,511,198
107000053,205,109,96
107000054,39,191,-152
107000055,342,88,254
107000056,501,740,-239
107000057,1663,187,1476
107000058,1186,1359,-173
107000059,1762,2331,-569
107000060,2238,3367,-1129
107000061,4070,3120,950
107000062,1615,1971,-356
107000063,2779,4906,-2127
107000064,1804,1300,504
107000065,2381,4590,-2209
107000066,1174,1489,-315
107000067,470,737,-267
107000068,1214,476,738
107000069,349,254,95
107000070,218,17,201
107000071,1052,16,1036
107000072,19,3128,-3109
107000073,227,153,74
107000074,86,735,-649
107000075,629,187,442
107000076,645,1654,-1009
107000077,1461,374,1087
107000078,1277,2846,-1569
107000079,1118,355,763
107000080,818,2856,-2038
107000081,588,344,244
107000082,331,2591,-2260
107000083,619,179,440
107000084,330,2219,-1889
107000085,2169,2255,-86
107000086,3146,2208,938
107000087,1793,1332,461
107000088,2023,2688,-665
107000089,860,1267,-407
107000090,641,924,-283
107000091,676,854,-178
107000092,479,1020,-541
107000093,646,619,27
107000094,713,1130,-417
107000095,283,476,-193
107000096,417,736,-319
107000097,331,307,24
107000098,300,687,-387
107000099,239,151,88
107000100,191,257,-66
107000101,31,128,-97
107000102,270,263,7
107000103,218,153,65
107000104,154,270,-116
107000105,165,108,57
107000106,108,316,-208
107000107,230,136,94
107000108,113,788,-675
107000109,311,95,216
107000110,48,477,-429
107000111,114,40,74
107000112,8,274,-266
107000113,173,97,76
107000114,68,624,-556
107000115,182,56,126
107000116,48,834,-786
107000117,39,173,-134
107000118,86,216,-130
107000119,1393,710,683
107000120,2148,282,1866
107000121,291,520,-229
107000122,745,684,61
107000123,155,689,-534
107000124,302,755,-453
107000125,354,735,-381
107000126,457,1104,-647
107000129,69,999,-930
107000130,184,148,36
107000131,197,672,-475
107000132,246,220,26
107000133,474,144,330
107000134,174,2,172
107000135,5,157,-152
107000136,450,2,448
107000137,9,286,-277
107000138,275,8,267
107000139,13,238,-225
107000140,471,18,453
107000141,85,677,-592
107000142,158,42,116
107000143,21,786,-765
107000144,162,204,-42
107000145,125,478,-353
107000146,120,128,-8
107000147,3744,786,2958
107000150,692,1031,-339
107000151,11,27,-16
107000152,416,408,8
107000153,351,229,122
107000154,154,49,105
107000155,289,10,279
107000156,605,10,595
107000157,16,2275,-2259
107000158,333,6,327
107000159,21,1295,-1274
107000160,279,50,229
107000161,56,1867,-1811
107000162,76,173,-97
107000163,12,0,12
107000164,82,0,82
107000165,194,2,192
107000166,36,1383,-1347
107000167,232,188,44
107000168,462,196,266
107000169,835,995,-160
107000170,541,346,195
107000171,364,2559,-2195
107000172,454,459,-5
107000173,636,1043,-407
107000174,684,1510,-826
107000175,9082,1461,7621
107000176,0,1,-1
107000177,0,1,-1
107000178,3,61,-58
107000179,112,3031,-2919
107000180,500,239,261
107000181,211,1131,-920
107000182,599,647,-48
107000183,64,846,-782
107000184,386,645,-259
107000185,212,1034,-822
107000186,320,222,98
107000187,682,935,-253
107000188,317,318,-1
107000189,227,624,-397
107000190,252,557,-305
107000191,443,981,-538
107000192,889,728,161
107000193,304,236,68
107000194,816,534,282
107000197,377,156,221
107000198,169,712,-543
107000199,401,672,-271
107000200,756,407,349
107000201,300,204,96
107000202,142,387,-245
107000203,504,455,49
107000204,516,534,-18
107000205,1933,952,981
107000206,605,671,-66
107000207,604,752,-148
107000208,1042,263,779
107000209,1411,374,1037
107000210,1130,199,931
107000211,3,5,-2
107000212,7,147,-140
107000213,9,27,-18
107000214,5,113,-108
107000215,124,292,-168
107000216,130,428,-298
107000217,48,108,-60
107000219,74,80,-6
107000220,41,223,-182
107000222,195,604,-409
107000224,108,22,86
107000225,106,575,-469
107000226,87,67,20
107000227,64,398,-334
107000228,73,95,-22
107000229,212,63,149
107000230,688,461,227
107000231,698,313,385
107000232,52,55,-3
107000233,447,209,238
107000234,0,16,-16
107000235,52,1,51
107000236,9,373,-364
107000237,0,0,0
107000238,9,1,8
107000239,4736,263,4473
107000240,37,1044,-1007
107000243,1,52,-51
107000244,4,36,-32
107000246,2,1024,-1022
107000249,2,806,-804
107000251,0,290,-290
107000252,5,1276,-1271
107000255,487,39,448
107000257,0,582,-582
107000258,0,134,-134
107000259,0,207,-207
107000260,159,0,159
107000262,6,958,-952
107000263,113,0,113
107000266,6,1,5
107000267,32,134,-102
107000268,190,171,19
107000269,104,27,77
107000270,1,10,-9
107000271,5,879,-874
107000272,7,200,-193
107000273,3,258,-255
107000274,425,4,421
107000275,250,858,-608
107000280,202,12,190
107000281,17,1038,-1021
107000282,13,1347,-1334
107000290,1,38,-37
107000291,13,9,4
107000292,0,46,-46
107000293,28,2,26
107000294,0,43,-43
107000295,41,2,39
107000296,0,4,-4
107000444,188,2,186
107000496,0,26,-26
107000497,996,2927,-1931
107000500,210,279,-69
107000501,37,195,-158
107000502,139,309,-170
107000505,538,647,-109
107000506,0,15,-15
107000508,1,694,-693
107000509,171,483,-312
107000510,6,33,-27
107000514,16,205,-189
107000515,18,314,-296
107000516,71,123,-52
107000518,441,371,70
107000519,3239,910,2329
107000520,39,10,29
107000521,292,415,-123
107000522,330,638,-308
107900001,10,253,-243
107900002,12,1,11
107900003,30,21,9
107900004,1,0,1
107900005,227,1,226
107900006,21,0,21
107900007,69,14,55
107900008,14,40,-26
107900009,57,2,55
107900010,7,0,7
107900012,123,7,116
107900013,196,40,156
107900014,14,0,14
107900015,133,3,130
107900016,275,44,231
107900017,0,0,0
107900018,13,32,-19
107900019,14,70,-56
107900020,69,7,62
107900021,22,129,-107
107900023,0,0,0
107900024,0,10,-10
107900025,129,170,-41
107900026,14,98,-84
107900027,14,59,-45
107900028,9,71,-62
107900030,93,11,82
107900031,41,180,-139
107900032,1,0,1
107900033,4,3,1
107900034,116,0,116
107900035,291,3,288
107900036,21,2,19
107900037,0,35,-35
107900038,95,65,30
107900039,3,49,-46
107900040,15,48,-33
107900041,0,1,-1
107900043,24,133,-109
107900044,2,2,0
107900045,18,25,-7
107900046,39,21,18
107900047,5,63,-58
107900048,51,11,40
107900049,181,300,-119
107900050,63,303,-240
107900051,29,44,-15
107900052,2,7,-5
107900053,14,51,-37
107900055,212,107,105
107900056,37,15,22
107900057,0,0,0
107900058,15,613,-598
107900060,0,44,-44
107900061,11,3,8
107900063,51,97,-46
107900064,120,26,94
107900065,45,4,41
107900066,2,1,1
107900067,0,0,0
107900068,80,172,-92
107900069,9,331,-322
107900070,22,11,11
107900071,3,716,-713
107900072,48,152,-104
107900073,14,101,-87
107900074,894,84,810
107900076,54,45,9
107900077,13,1,12
107900079,9,11,-2
107900080,67,251,-184
107900081,13,57,-44
107900082,10,15,-5
107900083,110,85,25
107900084,28,85,-57
107900086,38,62,-24
107900087,230,28,202
107900088,1,12,-11
107900089,201,672,-471
107900090,319,513,-194
107900091,109,350,-241
107900093,27,45,-18
107900095,2159,659,1500
107900097,14,36,-22
107900098,20,92,-72
107900100,659,315,344
107900101,861,68,793
107900102,14,4,10
107900103,27,149,-122
107900104,91,0,91
107900105,1,557,-556
107900106,3,1355,-1352
107900107,850,93,757
107900108,207,60,147
107900109,307,2,305
107900110,2,72,-70
107900111,4,1117,-1113
107900112,70,168,-98
107900113,34,89,-55
107900114,47,147,-100
107900115,0,42,-42
107900116,40,186,-146
107900117,128,287,-159
107900118,50,89,-39
107900119,11,54,-43
107900120,26,1,25
107900121,2,85,-83
107900122,1,41,-40
107900123,0,12,-12
107900124,6,57,-51
107900125,9,111,-102
107900126,2,14,-12
107900127,280,55,225
107900128,66,43,23
107900129,15,43,-28
107900130,13,23,-10
107900131,212,21,191
107900132,70,323,-253
107900133,0,44,-44
107900134,20,11,9
107900135,1,143,-142
107900136,37,17,20
107900137,42,58,-16
107900138,19,14,5
107900139,3,28,-25
107900141,27,5,22
107900142,28,824,-796
107900143,27,31,-4
107900144,0,94,-94
107900145,5,81,-76
107900146,21,97,-76
107900147,18,10,8
107900148,78,115,-37
107900149,1305,87,1218
107900150,47,555,-508
107900151,4,70,-66
107900152,3,161,-158
107900153,84,117,-33
107900154,14,11,3
107900155,9,14,-5
107900156,0,344,-344
107900157,23,78,-55
107900158,137,9,128
107900159,29,818,-789
107900160,19,150,-131
107900161,5,213,-208
107900162,1,44,-43
107900163,23,34,-11
107900164,1,9,-8
107900165,30,55,-25
107900166,5,282,-277
107900167,7,6,1
107900168,3,33,-30
107900169,16,152,-136
107900171,4,1545,-1541
107900172,2,292,-290
107900173,5,160,-155
107900174,17,1,16
107900175,2,6,-4
107900176,5,15,-10
107900177,0,23,-23
107900178,1,245,-244
107900179,1,127,-126
107900180,669,123,546
107900181,156,357,-201
107900182,125,1576,-1451
107900183,13,301,-288
107900184,18,212,-194
107900185,20,3,17
107900186,11,20,-9
107900187,0,79,-79
107900188,709,53,656
107900189,1,91,-90
107900190,112,33,79
107900191,15,96,-81
107900193,57,36,21
107900194,59,1,58
107900195,3478,253,3225
107900196,31,50,-19
107900197,342,51,291
107900199,3,1044,-1041
107900201,21,108,-87
107900203,33,66,-33
107900204,160,144,16
107900206,124,137,-13
107900207,1,612,-611
107900208,5,718,-713
107900209,214,52,162
107900210,59,102,-43
107900213,149,267,-118
107900214,5,152,-147
107900215,106,195,-89
107900216,53,64,-11
107900217,10,22,-12
107900218,10,1418,-1408
107900219,11,116,-105
107900220,116,58,58
107900221,161,166,-5
107900223,37,554,-517
107900224,108,205,-97
107900225,3,641,-638
107900226,42,106,-64
107900227,62,351,-289
107900228,2,91,-89
107900229,2,243,-241
107900230,6,127,-121
107900231,6,179,-173
107900232,12,202,-190
107900233,0,123,-123
107900234,25,138,-113
107900235,30,75,-45
107900236,23,67,-44
107900237,68,397,-329
107900238,11,95,-84
107900239,1114,313,801
107900240,0,138,-138
107900241,6,106,-100
107900242,9,361,-352
107900243,3,39,-36
107900244,123,4,119
107900245,114,17,97
107900246,24,3,21
107900248,118,323,-205
107900249,147,4,143
107900250,0,453,-453
107900251,21,972,-951
107900252,199,7,192
107900253,33,0,33
107900254,32,93,-61
107900255,351,23,328
107900256,379,384,-5
107900257,28,30,-2
107900258,33,163,-130
107900259,62,405,-343
107900261,3,333,-330
107900262,27,81,-54
107900264,103,0,103
107900265,40,201,-161
107900267,26,8,18
107900268,28,3,25
107900269,0,4,-4
107900270,0,0,0
107900271,2,3,-1
107900272,84,1,83
107900273,20,63,-43
107900274,19,0,19
107900275,6,0,6
107900276,1,31,-30
107900277,0,139,-139
107900278,54,306,-252
107900279,92,51,41
107900280,1886,908,978
107900281,2657,638,2019
107900282,23,90,-67
107900283,1072,264,808
107900284,71,506,-435
107900285,26,96,-70
107900286,50,44,6
107900287,90,60,30
107900290,0,32,-32
107900291,187,7,180
107900292,70,218,-148
107900293,35,461,-426
107900295,43,107,-64
107900297,1,228,-227
107900298,554,736,-182
107900299,3248,962,2286
107900301,236,230,6
107900302,45,3,42
107900303,39,279,-240
107900304,80,484,-404
107900305,91,0,91
107900306,13,8,5
107900307,16,241,-225
107900308,102,21,81
107900309,3,0,3
107900310,0,0,0
107900311,106,62,44
107900312,0,0,0
107900313,0,47,-47
107900314,1,40,-39
107900315,0,26,-26
107900316,11,0,11
107900317,25,1,24
107900318,5,64,-59
107900319,2,190,-188
107900320,1,121,-120
107900321,19,2,17
107900322,3,132,-129
107900323,4,88,-84
107900324,71,3,68
107900325,47,0,47
107900326,48,236,-188
107900327,0,0,0
107900328,0,0,0
107900329,0,0,0
107900330,4,477,-473
107900331,78,24,54
107900332,58,22,36
107900333,16,3,13
107900334,5,215,-210
107900335,18,43,-25
107900336,12,24,-12
107900337,1009,300,709
107900338,0,87,-87
107900339,1,14,-13
107900340,1,36,-35
107900341,11,0,11
107900342,50,89,-39
107900343,21,2,19
107900344,0,117,-117
107900345,19,8,11
107900346,5,0,5
107900347,6,4,2
107900348,2,0,2
107900349,8,0,8
107900350,40,244,-204
107900351,4,184,-180
107900352,0,57,-57
107900353,2,8,-6
107900354,4,59,-55
108000001,1538,1934,-396
108000002,2006,2879,-873
108000003,1969,1133,836
108000004,13603,13052,551
108000005,3020,2063,957
108000006,3742,5123,-1381
108000007,2691,2431,260
108000008,3772,4798,-1026
108000009,1573,2083,-510
108000010,1816,4031,-2215
108000011,6896,5442,1454
108000012,14083,13759,324
108000014,510,359,151
108000015,295,244,51
108000016,174,636,-462
108000017,302,303,-1
108000018,689,305,384
108000019,1094,425,669
108000020,711,297,414
108000021,337,1345,-1008
108000022,395,1081,-686
108000023,662,109,553
108000024,108,566,-458
108000025,108,194,-86
108000026,197,452,-255
108000027,252,573,-321
108000028,164,208,-44
108000029,127,819,-692
108000030,175,220,-45
108000031,88,427,-339
108000032,665,314,351
108000033,320,1018,-698
108000034,832,235,597
108000035,614,2235,-1621
108000036,245,1136,-891
108000037,942,207,735
108000038,1000,335,665
108000039,276,2240,-1964
108000040,760,476,284
108000041,444,2302,-1858
108000042,59,205,-146
108000043,146,239,-93
108000044,137,148,-11
108000045,114,668,-554
108000046,550,191,359
108000047,245,983,-738
108000048,71,424,-353
108000049,305,146,159
108000050,136,667,-531
108000051,137,61,76
108000052,228,655,-427
108000053,144,68,76
108000054,343,796,-453
108000055,557,180,377
108000056,840,900,-60
108000057,274,447,-173
108000058,1343,1720,-377
108000059,2987,1401,1586
108000060,86,324,-238
108000061,203,514,-311
108000062,267,241,26
108000063,246,551,-305
108000064,95,216,-121
108000065,322,527,-205
108000066,1034,537,497
108000067,744,217,527
108000068,361,287,74
108000069,119,1042,-923
108000070,663,435,228
108000071,389,1700,-1311
108000072,714,601,113
108000073,914,1632,-718
108000074,131,270,-139
108000075,231,712,-481
108000076,321,213,108
108000077,524,737,-213
108000078,1098,935,163
108000079,763,1641,-878
108000080,491,384,107
108000081,304,2479,-2175
108000082,723,1219,-496
108000083,898,476,422
108000084,309,1086,-777
108000085,274,196,78
108000086,709,695,14
108000087,108,857,-749
108000088,349,86,263
108000089,170,225,-55
108000091,121,557,-436
108000092,33,81,-48
108000093,71,643,-572
108000094,269,99,170
108000095,70,417,-347
108000096,121,149,-28
108000097,61,494,-433
108000098,552,1036,-484
108000099,558,283,275
108000100,49,283,-234
108000101,464,515,-51
108000102,804,1315,-511
108000106,603,0,603
108000107,2,556,-554
108000108,345,23,322
108000109,2,681,-679
108000110,82,168,-86
108000111,72,654,-582
108000112,27,91,-64
108000113,492,215,277
108000115,398,259,139
108000117,540,201,339
108000118,295,556,-261
108000119,667,369,298
108000120,59,420,-361
108000121,165,469,-304
108000122,142,250,-108
108000123,222,243,-21
108000124,111,497,-386
108000125,101,349,-248
108000126,71,561,-490
108000127,145,376,-231
108000128,158,746,-588
108000129,122,1455,-1333
108000130,108,313,-205
108000131,370,159,211
108000132,1095,1043,52
108000133,381,278,103
108000134,546,679,-133
108000135,346,213,133
108000136,739,947,-208
108000137,132,351,-219
108000138,145,919,-774
108000139,50,330,-280
108000140,9,38,-29
108000141,18,145,-127
108000142,15,113,-98
108000143,9,560,-551
108000144,92,39,53
108000145,20,24,-4
108000146,176,35,141
108000147,1,69,-68
108000148,94,19,75
108000149,11,24,-13
108000150,11,2,9
108000151,325,57,268
108000152,49,539,-490
108000153,93,80,13
108000154,27,9,18
108000155,23,6,17
108000156,666,364,302
108000157,61,263,-202
108000158,68,327,-259
108000159,584,120,464
108000160,4575,433,4142
108000161,3388,848,2540
108000165,2,77,-75
108000172,7,127,-120
108000173,2211,750,1461
108000175,164,58,106
108000178,242,264,-22
108000179,166,366,-200
108000181,41,21,20
108000182,295,57,238
108000183,68,308,-240
108000184,887,1007,-120
108000185,70,503,-433
108000186,95,519,-424
108000187,24,775,-751
108000188,119,173,-54
108000189,1523,2027,-504
108000190,15,76,-61
108000192,60,587,-527
108000193,383,15,368
108000194,9,6,3
108000195,1,964,-963
108000196,58,60,-2
108000198,316,349,-33
108000199,0,99,-99
108000200,102,603,-501
108000203,39,848,-809
108000204,27,18,9
108000205,328,461,-133
108000339,1067,220,847
108000364,343,294,49
108000365,27,356,-329
108000367,77,270,-193
108000368,4,28,-24
108000369,961,51,910
108000371,29,542,-513
108000372,289,3,286
108000373,74,134,-60
108000376,38,16,22
108000377,214,251,-37
108000378,6724,5349,1375
108000379,5,105,-100
108000381,17,11,6
108000382,57,1,56
108000383,0,100,-100
108900001,58,971,-913
108900002,113,19,94
108900003,282,837,-555
108900004,479,126,353
108900007,50,93,-43
108900008,20,84,-64
108900009,11,82,-71
108900010,70,102,-32
108900011,144,240,-96
108900012,60,385,-325
108900013,35,201,-166
108900014,3,70,-67
108900015,0,10,-10
108900016,1,137,-136
108900017,55,127,-72
108900018,25,422,-397
108900019,15,1060,-1045
108900020,13,232,-219
108900021,53,266,-213
108900022,23,4,19
108900023,1,17,-16
108900024,4,148,-144
108900025,11,102,-91
108900026,11,80,-69
108900027,0,102,-102
108900028,21,386,-365
108900029,14,156,-142
108900030,0,111,-111
108900031,17,576,-559
108900032,3,161,-158
108900033,0,23,-23
108900034,1,243,-242
108900035,82,1611,-1529
108900038,0,378,-378
108900039,0,525,-525
108900040,3,101,-98
108900041,4388,1319,3069
108900042,6,141,-135
108900043,14,367,-353
108900044,2,658,-656
108900045,12,647,-635
108900046,31,838,-807
108900047,2,58,-56
108900048,63,881,-818
108900049,4368,410,3958
108900050,0,308,-308
108900051,0,192,-192
108900052,4,271,-267
108900053,69,68,1
108900054,28,207,-179
108900055,41,378,-337
108900056,0,160,-160
108900057,0,131,-131
108900058,7,411,-404
108900059,167,7,160
108900060,34,75,-41
108900061,21,16,5
108900062,1,298,-297
108900063,6,336,-330
108900064,35,55,-20
108900065,5,244,-239
108900066,114,70,44
108900067,8,193,-185
108900068,0,255,-255
108900069,10,86,-76
108900070,15,154,-139
108900071,15,42,-27
108900072,1838,139,1699
108900073,7,465,-458
108900074,34,419,-385
108900075,42,69,-27
108900076,79,32,47
108900077,141,584,-443
108900078,18,191,-173
108900079,679,198,481
108900080,7,198,-191
108900081,36,231,-195
108900082,19,102,-83
108900083,3,87,-84
108900085,1862,73,1789
108900086,15,341,-326
108900087,97,152,-55
108900088,356,112,244
108900089,1,61,-60
108900090,3,411,-408
108900091,88,72,16
108900092,173,143,30
108900093,38,28,10
108900094,84,48,36
108900095,29,577,-548
108900096,404,18,386
108900097,120,160,-40
108900098,2565,166,2399
108900099,165,283,-118
108900100,24,106,-82
108900101,107,27,80
108900102,77,290,-213
108900103,24,12,12
108900105,7,303,-296
108900106,136,465,-329
108900108,119,22,97
108900109,101,23,78
108900110,56,401,-345
108900111,87,553,-466
108900113,27,20,7
108900114,23,11,12
108900115,23,25,-2
108900116,13,6,7
108900117,34,19,15
108900118,132,10,122
108900119,66,30,36
108900120,124,44,80
108900121,112,18,94
108900122,26,19,7
108900123,24,29,-5
108900124,187,54,133
108900125,104,1,103
108900126,37,5,32
108900127,21,9,12
108900128,34,6,28
108900129,232,42,190
108900130,78,0,78
108900131,94,0,94
108900132,92,32,60
108900133,64,22,42
108900134,79,223,-144
108900135,44,2,42
108900136,2,0,2
108900137,55,1,54
108900138,167,17,150
108900140,59,214,-155
108900141,56,7,49
108900142,18,0,18
108900143,9,0,9
108900144,18,1,17
108900145,30,2,28
108900146,29,0,29
108900147,51,1,50
108900148,64,14,50
108900150,69,2,67
108900151,8,0,8
108900152,10,3,7
108900153,45,416,-371
108900154,1728,211,1517
108900156,19,4,15
108900157,4,516,-512
108900158,66,28,38
108900159,4,286,-282
108900160,1,209,-208
108900161,7,401,-394
108900162,30,0,30
108900163,9,115,-106
108900164,24,70,-46
108900168,9110,1097,8013
108900169,13,119,-106
108900171,6654,1026,5628
108900172,149,18,131
108900173,157,219,-62
108900174,240,317,-77
108900176,83,583,-500
108900177,7261,1398,5863
108900178,4549,1177,3372
108900180,29,96,-67
108900183,106,138,-32
108900184,112,78,34
108900185,27,243,-216
108900186,24,257,-233
108900189,118,107,11
108900190,17,2456,-2439
108900192,30,239,-209
108900195,40,288,-248
108900196,10,552,-542
108900199,46,257,-211
108900200,208,234,-26
108900201,151,810,-659
108900203,126,17,109
108900204,106,2,104
108900205,97,2,95
108900206,106,10,96
108900207,100,26,74
108900208,17,285,-268
108900209,127,420,-293
108900210,71,128,-57
108900211,95,110,-15
108900212,489,429,60
108900215,58,576,-518
108900216,294,60,234
108900217,15,0,15
108900218,34,2,32
108900221,19,36,-17
108900224,15,59,-44
108900225,0,153,-153
108900227,39,57,-18
108900230,341,247,94
108900232,0,408,-408
108900233,92,29,63
108900234,137,35,102
108900235,109,542,-433
108900236,13,287,-274
108900240,22,51,-29
108900241,22,9,13
108900245,1,352,-351
108900250,64,65,-1
108900258,7,238,-231
108900259,14,77,-63
108900260,3,82,-79
108900261,134,117,17
108900262,226,69,157
108900263,33,276,-243
108900264,262,160,102
108900265,1204,143,1061
108900266,935,125,810
108900267,1,52,-51
108900268,6,2,4
108900269,14,4,10
108900270,31,1,30
108900271,7,1,6
108900272,64,2,62
108900273,814,225,589
108900274,15,50,-35
109000001,2302,704,1598
109000002,2467,1136,1331
109000003,1405,397,1008
109000004,377,2493,-2116
109000005,1192,618,574
109000006,499,1839,-1340
109000007,562,563,-1
109000008,285,1627,-1342
109000009,2162,771,1391
109000010,1079,3248,-2169
109000011,1344,1038,306
109000012,1179,3513,-2334
109000013,1668,1156,512
109000014,1007,3185,-2178
109000015,3343,3057,286
109000016,8367,3520,4847
109000017,1411,785,626
109000018,473,3186,-2713
109000019,1362,833,529
109000020,1089,1947,-858
109000023,128,13,115
109000024,4,129,-125
109000025,219,229,-10
109000026,505,198,307
109000027,46,161,-115
109000028,55,57,-2
109000029,80,69,11
109000030,48,591,-543
109000031,83,60,23
109000032,56,454,-398
109000033,132,70,62
109000034,41,22,19
109000035,11,18,-7
109000036,66,346,-280
109000037,148,501,-353
109000038,347,263,84
109000039,464,265,199
109000040,2523,1593,930
109000041,4472,783,3689
109000042,705,721,-16
109000044,178,141,37
109000045,42,383,-341
109000046,116,32,84
109000047,53,383,-330
109000048,823,298,525
109000049,150,401,-251
109000050,367,418,-51
109000051,187,243,-56
109000052,201,1497,-1296
109000053,225,108,117
109000054,68,458,-390
109000055,85,114,-29
109000056,90,423,-333
109000057,127,139,-12
109000058,1153,329,824
109000059,311,716,-405
109000060,410,160,250
109000061,1167,289,878
109000062,71,141,-70
109000063,142,172,-30
109000064,43,113,-70
109000065,43,285,-242
109000066,188,76,112
109000067,20,293,-273
109000068,163,1,162
109000069,404,11,393
109000070,6,682,-676
109000071,193,35,158
109000072,93,489,-396
109000073,21,49,-28
109000074,12,147,-135
109000075,47,399,-352
109000076,72,134,-62
109000077,290,271,19
109000078,24,95,-71
109000079,83,230,-147
109000080,68,120,-52
109000081,66,513,-447
109000082,195,248,-53
109000083,140,752,-612
109000088,81,358,-277
109000089,99,7,92
109000090,101,368,-267
109000091,114,43,71
109000092,272,488,-216
109000093,94,83,11
109000094,132,0,132
109000095,52,583,-531
109000096,272,106,166
109000097,55,70,-15
109000098,32,45,-13
109000099,408,228,180
109000100,121,456,-335
109000101,506,606,-100
109000102,170,700,-530
109000103,264,490,-226
109000104,499,439,60
109000105,214,1231,-1017
109000106,902,424,478
109000107,295,1636,-1341
109000108,672,386,286
109000109,333,1635,-1302
109000110,629,278,351
109000111,623,1840,-1217
109000112,186,92,94
109000113,101,120,-19
109000114,71,260,-189
109000115,639,97,542
109000116,4,438,-434
109000117,52,78,-26
109000118,9,288,-279
109000119,291,311,-20
109000120,53,980,-927
109000121,150,92,58
109000122,59,1024,-965
109000123,18,210,-192
109000124,255,305,-50
109000125,254,253,1
109000126,214,816,-602
109000127,408,223,185
109000128,294,2126,-1832
109000129,677,241,436
109000130,632,3090,-2458
109000131,568,337,231
109000132,756,2421,-1665
109000133,184,859,-675
109000134,443,1169,-726
109000135,752,1039,-287
109000136,142,323,-181
109000137,75,252,-177
109000138,201,381,-180
109000139,195,319,-124
109000140,58,740,-682
109000141,225,383,-158
109000142,73,443,-370
109000143,68,46,22
109000145,36,204,-168
109000146,79,71,8
109000148,3168,395,2773
109000149,19,14,5
109000150,76,123,-47
109000155,212,364,-152
109000156,943,693,250
109000158,16,184,-168
109000159,32,573,-541
109000160,322,226,96
109000161,110,1355,-1245
109000162,708,706,2
109000163,379,1364,-985
109000164,670,2133,-1463
109000165,554,498,56
109000166,230,84,146
109000167,52,771,-719
109000170,21,44,-23
109000171,36,28,8
109000172,41,56,-15
109000173,11,25,-14
109000174,27,46,-19
109000175,50,399,-349
109000176,89,249,-160
109000177,15,83,-68
109000178,251,351,-100
109000179,5575,1339,4236
109000180,3867,1937,1930
109000181,3,32,-29
109000182,17,40,-23
109000183,8,35,-27
109000184,12,11,1
109000185,6,51,-45
109000188,293,2311,-2018
109000189,1128,635,493
109000190,260,415,-155
109000191,213,587,-374
109000192,85,179,-94
109000193,69,378,-309
109000194,45,93,-48
109000195,40,360,-320
109000196,76,59,17
109000197,77,492,-415
109000198,113,29,84
109000199,42,463,-421
109000206,90,13,77
109000207,31,30,1
109000208,34,33,1
109000209,98,68,30
109000210,143,461,-318
109000211,159,235,-76
109000214,168,1290,-1122
109000215,54,71,-17
109000216,176,73,103
109000217,84,45,39
109000218,149,62,87
109000221,139,914,-775
109000222,432,64,368
109000223,120,143,-23
109000224,31,350,-319
109000225,57,24,33
109000226,30,215,-185
109000227,428,1020,-592
109000228,0,226,-226
109000231,3,370,-367
109000232,76,460,-384
109000236,99,669,-570
109000241,859,1334,-475
109000242,611,960,-349
109000293,37,114,-77
109000361,54,230,-176
109000364,97,457,-360
109000396,8,778,-770
109000397,197,2,195
109000399,110,426,-316
109000400,34,290,-256
109000403,73,445,-372
109000406,186,6,180
109000407,89,170,-81
109000408,3,736,-733
109000410,353,129,224
109000411,48,20,28
109900001,37,0,37
109900002,195,9,186
109900003,40,0,40
109900005,5,4,1
109900006,118,188,-70
109900007,182,708,-526
109900008,0,37,-37
109900009,72,751,-679
109900010,163,7,156
109900011,46,16,30
109900012,93,115,-22
109900013,110,74,36
109900015,164,55,109
109900017,10,10,0
109900018,40,60,-20
109900019,34,79,-45
109900020,5,12,-7
109900021,9,5,4
109900022,107,347,-240
109900023,2,4,-2
109900024,7,0,7
109900025,1,51,-50
109900027,22,15,7
109900028,2162,317,1845
109900029,4,397,-393
109900030,3,0,3
109900031,0,54,-54
109900032,2,237,-235
109900033,0,408,-408
109900034,4,0,4
109900035,18,14,4
109900036,8,69,-61
109900037,15,494,-479
109900038,23,199,-176
109900039,3,0,3
109900040,3,614,-611
109900041,17,400,-383
109900042,4,351,-347
109900044,50,184,-134
109900045,64,18,46
109900046,38,63,-25
109900047,211,249,-38
109900048,1,48,-47
109900049,3,14,-11
109900050,2,283,-281
109900051,0,39,-39
109900052,35,182,-147
109900053,0,397,-397
109900054,237,80,157
109900055,32,152,-120
109900056,12,90,-78
109900057,3,202,-199
109900058,0,129,-129
109900060,136,142,-6
109900061,56,214,-158
109900062,0,252,-252
109900064,156,194,-38
109900065,55,57,-2
109900066,141,791,-650
109900067,2,450,-448
109900068,5,3,2
109900069,1,12,-11
109900071,1,17,-16
109900072,0,88,-88
109900073,54,566,-512
109900074,1,47,-46
109900075,4,14,-10
109900076,22,430,-408
109900077,12,31,-19
109900078,38,246,-208
109900080,66,247,-181
109900081,4,61,-57
109900082,15,400,-385
109900083,1,27,-26
109900084,31,89,-58
109900085,82,975,-893
109900086,66,140,-74
109900087,143,228,-85
109900089,205,34,171
109900092,165,4,161
109900093,269,74,195
109900094,17,85,-68
109900095,64,162,-98
109900096,6,0,6
109900097,44,1,43
109900098,95,10,85
109900099,26,0,26
109900100,17,0,17
109900101,108,6,102
109900102,171,10,161
109900103,57,56,1
109900104,131,992,-861
109900105,218,27,191
109900106,58,58,0
109900107,114,72,42
109900108,45,520,-475
109900109,14,174,-160
109900111,157,911,-754
109900114,343,250,93
109900115,28,48,-20
109900117,228,64,164
109900121,312,136,176
109900123,3,139,-136
109900125,1,209,-208
109900126,41,131,-90
109900130,9495,679,8816
109900131,60,80,-20
109900132,33,136,-103
109900134,54,38,16
109900135,293,32,261
109900137,38,280,-242
109900140,65,257,-192
109900149,15,26,-11
109900150,0,55,-55
109900151,1,36,-35
109900152,1,9,-8
109900153,0,32,-32
109900154,2,0,2
109900155,4,8,-4
109900157,26,227,-201
109900159,86,37,49
109900161,74,28,46
109900162,130,81,49
109900163,448,170,278
109900164,30,196,-166
109900165,46,6,40
109900166,0,131,-131
109900167,76,451,-375
109900168,82,469,-387
109900169,42,115,-73
109900170,175,302,-127
109900171,61,45,16
109900172,51,162,-111
109900173,3433,663,2770
109900174,27,93,-66
109900175,17,35,-18
109900176,47,111,-64
109900177,18,166,-148
109900178,1,55,-54
109900179,2,22,-20
109900180,2,5,-3
110000001,596,401,195
110000002,431,348,83
110000003,642,526,116
110000004,361,391,-30
110000005,586,900,-314
110000006,547,280,267
110000007,76,127,-51
110000008,18,54,-36
110000009,14,51,-37
110000010,22,47,-25
110000011,16,72,-56
110000012,508,324,184
110000013,19,263,-244
110000014,637,389,248
110000015,338,348,-10
110000016,271,769,-498
110000017,3733,231,3502
110000018,2986,457,2529
110000019,11,132,-121
110000020,424,143,281
110000021,460,279,181
110000022,441,99,342
110000023,4,134,-130
110000024,465,291,174
110000025,62,2,60
110000026,1,536,-535
110000027,338,251,87
110000028,447,457,-10
110000029,360,681,-321
110000030,150,230,-80
110000031,152,496,-344
110000032,354,306,48
110000033,64,55,9
110000034,134,702,-568
110000035,215,886,-671
110000036,278,672,-394
110000037,94,544,-450
110000038,112,459,-347
110000039,426,1069,-643
110000040,217,454,-237
110000041,109,544,-435
110000042,70,287,-217
110000043,343,125,218
110000044,64,58,6
110000045,228,43,185
110000046,10,3,7
110000047,1,6,-5
110000048,1,24,-23
110000049,8,1,7
110000050,6,25,-19
110000051,30,3,27
110000052,29,36,-7
110000053,29,6,23
110000054,75,172,-97
110000055,228,24,204
110000056,256,38,218
110000057,227,696,-469
110000058,481,479,2
110000059,341,445,-104
110000060,359,676,-317
110000061,754,784,-30
110000062,582,548,34
110000063,18,61,-43
110000064,38,75,-37
110000065,34,49,-15
110000066,28,39,-11
110000067,39,215,-176
110000068,54,424,-370
110000069,40,91,-51
110000071,66,137,-71
110000073,1,8,-7
110000075,7,74,-67
110000076,187,104,83
110000077,393,319,74
110000078,6,23,-17
110000080,157,490,-333
110000081,11,214,-203
110000082,10,148,-138
110000083,131,392,-261
110000084,363,294,69
110000085,2606,1200,1406
110000086,1106,569,537
110000087,1,31,-30
110000088,10,159,-149
110000089,96,106,-10
110000090,23,214,-191
110000091,1384,286,1098
110000092,14,79,-65
110000093,22,3,19
110000094,285,206,79
110000095,60,322,-262
110000096,3324,1357,1967
110000097,653,688,-35
110000098,1040,302,738
110000099,774,977,-203
110000100,190,629,-439
110000101,10,513,-503
110000102,14,43,-29
110000104,59,58,1
110000105,54,227,-173
110000106,228,198,30
110000107,269,415,-146
110000108,130,43,87
110000109,177,181,-4
110000110,3574,1778,1796
110000111,6627,1253,5374
110000112,908,255,653
110000113,617,628,-11
110000114,74,208,-134
110000115,178,217,-39
110000116,36,37,-1
110000117,128,471,-343
110000118,187,171,16
110000119,93,254,-161
110000120,128,131,-3
110000121,66,136,-70
110000122,149,419,-270
110000123,234,253,-19
110000124,3,676,-673
110000125,561,3,558
110000126,114,20,94
110000127,333,27,306
110000128,22,1235,-1213
110000129,2,640,-638
110000130,56,66,-10
110000131,75,468,-393
110000132,0,676,-676
110000133,25,210,-185
110000134,15,226,-211
110000135,118,19,99
110000136,21,220,-199
110000137,180,515,-335
110000138,265,700,-435
110000139,376,1135,-759
110000140,447,209,238
110000143,558,276,282
110000144,3118,603,2515
110000145,910,400,510
110000146,1109,409,700
110000147,145,455,-310
110000148,319,250,69
110000151,640,439,201
110000152,514,218,296
110000153,17,95,-78
110000154,1,10,-9
110000155,884,1468,-584
110000156,532,762,-230
110000157,806,1066,-260
110000160,246,335,-89
110000161,128,347,-219
110000166,100,69,31
110000167,418,306,112
110000168,460,209,251
110000169,178,168,10
110000170,57,40,17
110000171,313,164,149
110000172,106,641,-535
110000173,926,1118,-192
110000174,26,1083,-1057
110000175,190,71,119
110000176,15,172,-157
110000177,110,530,-420
110000178,297,417,-120
110000179,1212,270,942
110000180,54,255,-201
110000181,119,254,-135
110000182,291,189,102
110000183,9151,3655,5496
110000184,460,1385,-925
110000185,718,479,239
110000186,547,434,113
110000191,171,319,-148
110000192,140,0,140
110000193,184,0,184
110000194,12,1057,-1045
110000195,104,304,-200
110000196,129,402,-273
110000197,15,205,-190
110000198,29,46,-17
110000199,38,86,-48
110000200,917,514,403
110000201,254,314,-60
110000202,503,234,269
110000203,403,617,-214
110000204,3,245,-242
110000205,24,44,-20
110000206,307,1241,-934
110000207,238,213,25
110000208,73,103,-30
110000209,49,555,-506
110000210,319,464,-145
110000211,337,612,-275
110000212,171,666,-495
110000213,52,54,-2
110000214,78,102,-24
110000215,44,538,-494
110000216,22,546,-524
110000217,100,161,-61
110000218,49,340,-291
110000219,94,59,35
110000220,12,296,-284
110000221,131,53,78
110000222,18,275,-257
110000223,6,82,-76
110000224,106,9,97
110000225,113,384,-271
110000226,135,46,89
110000227,346,319,27
110000228,218,282,-64
110000229,0,174,-174
110000230,294,553,-259
110000231,79,123,-44
110000232,62,150,-88
110000233,110,175,-65
110000234,369,280,89
110000235,758,645,113
110000236,160,820,-660
110000237,952,897,55
110000238,645,1052,-407
110000239,681,991,-310
110000240,0,121,-121
110000242,0,16,-16
110000243,25,133,-108
110000244,86,277,-191
110000245,28,346,-318
110000246,305,478,-173
110000247,1685,2649,-964
110000248,2631,1013,1618
110000249,60,6,54
110000250,8,167,-159
110000251,60,346,-286
110000252,98,209,-111
110000253,697,286,411
110000254,722,1085,-363
110000255,209,967,-758
110000256,280,127,153
110000257,534,340,194
110000258,3,408,-405
110000259,58,6,52
110000260,8,379,-371
110000263,613,45,568
110000264,94,435,-341
110000265,736,1198,-462
110000266,1364,1537,-173
110000267,9,135,-126
110000268,179,438,-259
110000269,2,68,-66
110000270,5,1,4
110000271,1810,189,1621
110000272,586,751,-165
110000273,1945,904,1041
110000274,90,670,-580
110000275,2241,321,1920
110000276,78,166,-88
110000277,79,311,-232
110000278,194,656,-462
110000279,433,565,-132
110000280,96,340,-244
110000281,9,99,-90
110000282,160,40,120
110000283,47,47,0
110000284,24,23,1
110000285,6,123,-117
110000286,12,0,12
110000287,24,0,24
110000288,1,44,-43
110000289,292,788,-496
110000290,1129,456,673
110000291,4941,1052,3889
110000292,815,2653,-1838
110000293,212,846,-634
110000294,265,706,-441
110000295,51,646,-595
110000296,132,259,-127
110000297,2650,185,2465
110000298,410,377,33
110000299,786,23,763
110000301,106,7,99
110000302,160,1082,-922
110000303,185,0,185
110000304,58,195,-137
110000305,336,5,331
110000306,81,1748,-1667
110000307,418,5,413
110000308,224,7,217
110000309,14,1090,-1076
110000310,294,47,247
110000311,8,717,-709
110000312,593,30,563
110000313,3431,1378,2053
110000314,1,182,-181
110000315,2354,1175,1179
110000316,446,937,-491
110000317,395,204,191
110000318,0,58,-58
110000319,4,9,-5
110000320,22,45,-23
110000321,2,33,-31
110000322,68,445,-377
110000323,156,220,-64
110000324,4137,921,3216
110000325,1765,1605,160
110000327,373,115,258
110000328,143,408,-265
110000333,431,370,61
110000334,376,1133,-757
110000335,638,384,254
110000336,272,1093,-821
110000337,446,393,53
110000338,95,208,-113
110000339,79,175,-96
110000340,10,155,-145
110000341,160,442,-282
110000342,238,5,233
110000343,0,13,-13
110000344,65,148,-83
110000345,92,48,44
110000346,1647,1024,623
110000347,688,591,97
110000348,3,8,-5
110000349,2,17,-15
110000350,24,2,22
110000351,335,688,-353
110000352,290,1108,-818
110000353,2746,652,2094
110000354,422,1289,-867
110000355,39,42,-3
110000356,337,3,334
110000357,190,5,185
110000361,6,106,-100
110000362,31,80,-49
110000363,119,107,12
110000364,62,294,-232
110000365,75,1,74
110000366,0,84,-84
110000367,255,199,56
110000368,0,55,-55
110000369,19,0,19
110000373,11,263,-252
110000374,16,3,13
110000375,87,580,-493
110000376,17,105,-88
110000377,37,261,-224
110000378,9,209,-200
110000379,2931,649,2282
110000380,16,9,7
110000383,2,525,-523
110000384,1955,356,1599
110000385,0,95,-95
110000387,30,4,26
110000388,15,187,-172
110000389,240,2,238
110000391,109,354,-245
110000396,50,105,-55
110000397,23,134,-111
110000398,2,42,-40
110000399,149,0,149
110000587,37,46,-9
110000589,77,140,-63
110000640,86,104,-18
110000652,5,93,-88
110000653,104,433,-329
110000654,1,16,-15
110000656,1,604,-603
110000674,12,15,-3
110000675,5,6,-1
110000676,3,19,-16
110000679,652,316,336
110000682,77,61,16
110000683,272,367,-95
110000684,4,32,-28
110000685,10,1,9
110000686,0,13,-13
110000687,25,4,21
110000688,37,281,-244
110000689,23,43,-20
110000692,40,208,-168
110000693,67,165,-98
110000694,1,100,-99
110000695,65,557,-492
110000696,89,103,-14
110900001,46,0,46
110900002,339,157,182
110900003,219,871,-652
110900004,92,174,-82
110900005,3490,786,2704
110900006,34,4,30
110900007,13,4,9
110900008,9,66,-57
110900009,139,38,101
110900010,8,32,-24
110900011,3,67,-64
110900012,4,128,-124
110900013,330,67,263
110900014,85,10,75
110900015,624,163,461
110900016,3,176,-173
110900017,113,30,83
110900018,181,47,134
110900019,48,29,19
110900020,31,456,-425
110900021,46,546,-500
110900022,49,343,-294
110900023,49,374,-325
110900024,9,408,-399
110900025,9,43,-34
110900027,13,236,-223
110900028,11,116,-105
110900029,19,333,-314
110900030,9,352,-343
110900031,105,134,-29
110900032,1,105,-104
110900033,14,216,-202
110900035,13,324,-311
110900036,43,12,31
110900037,30,16,14
110900038,1051,161,890
110900039,10,202,-192
110900040,95,17,78
110900041,5,130,-125
110900042,27,30,-3
110900043,1,140,-139
110900044,182,19,163
110900045,40,528,-488
110900046,100,310,-210
110900047,650,60,590
110900049,15,20,-5
110900050,3,0,3
110900051,22,130,-108
110900052,2,230,-228
110900053,38,50,-12
110900054,7,240,-233
110900055,6,0,6
110900056,33,55,-22
110900057,3,192,-189
110900058,61,215,-154
110900059,335,628,-293
110900060,139,60,79
110900061,24,48,-24
110900062,38,243,-205
110900063,15,61,-46
110900064,5,0,5
110900065,322,60,262
110900066,2,31,-29
110900067,474,274,200
110900068,146,207,-61
110900069,43,79,-36
110900070,84,28,56
110900071,174,182,-8
110900073,0,5,-5
110900074,138,43,95
110900075,105,24,81
110900077,162,248,-86
110900078,8,119,-111
110900079,2039,403,1636
110900080,24,38,-14
110900081,1,112,-111
110900082,30,186,-156
110900083,38,27,11
110900084,10,189,-179
110900085,22,251,-229
110900086,44,96,-52
110900087,80,50,30
110900088,5,0,5
110900090,12,18,-6
110900091,0,49,-49
110900093,104,71,33
110900095,20,27,-7
110900097,1,25,-24
110900098,24,74,-50
110900099,27,456,-429
110900100,0,23,-23
110900102,7,16,-9
110900105,371,307,64
110900108,0,98,-98
110900111,142,41,101
110900112,171,4,167
110900113,374,17,357
110900115,2,76,-74
110900116,160,1804,-1644
110900118,214,889,-675
110900119,4932,203,4729
110900120,1,88,-87
110900121,36,0,36
110900122,112,141,-29
110900125,128,155,-27
110900127,403,383,20
110900128,216,210,6
110900129,177,135,42
110900130,854,236,618
110900131,45,24,21
110900132,90,13,77
110900133,18,256,-238
110900135,20,310,-290
110900136,110,8,102
110900138,0,0,0
110900139,7,0,7
110900140,10,0,10
110900141,280,94,186
110900142,28,184,-156
110900143,39,67,-28
110900144,0,515,-515
110900145,50,8,42
110900146,294,32,262
110900147,93,172,-79
110900148,1,219,-218
110900149,0,28,-28
110900150,8,14,-6
110900151,7,48,-41
110900152,15,305,-290
110900153,18,15,3
111000001,202,389,-187
111000002,513,638,-125
111000003,405,342,63
111000004,364,1093,-729
111000005,588,594,-6
111000006,550,1472,-922
111000007,2898,1146,1752
111000008,3180,2795,385
111000009,254,726,-472
111000010,434,210,224
111000011,373,842,-469
111000012,526,232,294
111000013,197,1244,-1047
111000014,802,521,281
111000017,95,416,-321
111000018,117,305,-188
111000020,1891,1719,172
111000021,78,99,-21
111000023,89,147,-58
111000025,5615,1377,4238
111000029,42,76,-34
111000030,35,60,-25
111000031,1717,530,1187
111000032,452,169,283
111000033,228,96,132
111000034,240,171,69
111000037,2567,1319,1248
111000038,2546,1924,622
111000039,996,1805,-809
111000040,1079,2091,-1012
111000041,1455,1283,172
111000042,5123,2124,2999
111000043,1393,1202,191
111000044,786,492,294
111000045,864,1069,-205
111000046,617,904,-287
111000047,1126,1627,-501
111000049,249,451,-202
111000050,1552,1698,-146
111000051,244,903,-659
111000052,407,1058,-651
111000053,292,891,-599
111000054,179,813,-634
111000055,826,1685,-859
111000056,63,599,-536
111000057,34,752,-718
111000058,161,112,49
111000059,191,241,-50
111000060,1770,855,915
111000061,264,288,-24
111000062,445,174,271
111000063,1281,639,642
111000064,343,410,-67
111000065,597,589,8
111000066,178,216,-38
111000067,212,532,-320
111000068,129,514,-385
111000069,1149,1496,-347
111000070,2180,1051,1129
111000071,203,640,-437
111000072,501,241,260
111000073,154,441,-287
111000074,940,864,76
111000075,320,411,-91
111000076,208,580,-372
111000077,689,1032,-343
111000078,1141,866,275
111000079,994,588,406
111000080,266,493,-227
111000081,1770,2344,-574
111000082,449,548,-99
111000084,402,360,42
111000085,511,1331,-820
111000086,2437,1255,1182
111000087,519,746,-227
111000088,4006,1308,2698
111000089,388,747,-359
111000090,906,1195,-289
111000091,544,593,-49
111000092,680,1083,-403
111000093,308,672,-364
111000094,929,711,218
111000095,667,1258,-591
111000096,2325,4231,-1906
111000097,4905,907,3998
111000098,343,1092,-749
111000099,312,2255,-1943
111000100,184,2190,-2006
111000101,283,697,-414
111000102,59,642,-583
111000104,124,139,-15
111000107,37,624,-587
111000109,102,200,-98
111000110,484,492,-8
111000111,658,360,298
111000112,795,204,591
111000113,429,316,113
111000114,1051,834,217
111000115,6503,545,5958
111000116,716,471,245
111000117,463,584,-121
111000118,1188,700,488
111000119,626,1378,-752
111000120,247,450,-203
111000121,151,436,-285
111000122,295,885,-590
111000123,511,2843,-2332
111000124,219,3390,-3171
111000125,109,1921,-1812
111000126,65,867,-802
111000127,402,157,245
111000128,515,228,287
111000129,802,368,434
111000130,636,487,149
111000131,467,464,3
111000132,392,384,8
111000133,59,100,-41
111000134,65,110,-45
111000135,10,68,-58
111000136,182,174,8
111000138,20,16,4
111000140,0,1,-1
111000141,136,218,-82
111000142,23,141,-118
111000143,11,116,-105
111000144,3,101,-98
111000145,170,5,165
111000146,28,3,25
111000147,298,9,289
111000148,93,58,35
111000149,0,22,-22
111000150,5,10,-5
111000151,6,11,-5
111000153,439,363,76
111000154,573,151,422
111000155,77,128,-51
111000156,346,259,87
111000157,90,392,-302
111000158,703,436,267
111000159,2236,492,1744
111000160,135,362,-227
111000161,7,209,-202
111000162,0,133,-133
111000163,244,654,-410
111000164,730,1617,-887
111000165,1068,403,665
111000166,947,221,726
111000167,148,468,-320
111000168,189,290,-101
111000169,222,443,-221
111000170,378,330,48
111000171,303,878,-575
111000172,61,619,-558
111000173,127,1351,-1224
111000174,53,468,-415
111000175,24,208,-184
111000176,94,135,-41
111000177,82,208,-126
111000178,369,351,18
111000179,64,238,-174
111000180,104,308,-204
111000181,346,221,125
111000182,68,186,-118
111000183,141,220,-79
111000184,221,204,17
111000185,177,455,-278
111000186,107,312,-205
111000187,70,264,-194
111000188,101,356,-255
111000189,1411,474,937
111000190,133,507,-374
111000191,91,388,-297
111000192,140,622,-482
111000193,330,345,-15
111000194,5,402,-397
111000195,78,423,-345
111000196,35,317,-282
111000197,125,179,-54
111000198,171,99,72
111000199,42,120,-78
111000200,81,268,-187
111000201,184,179,5
111000202,133,151,-18
111000203,132,128,4
111000204,232,267,-35
111000213,144,358,-214
111000214,873,1576,-703
111000215,604,1250,-646
111000217,507,596,-89
111000218,506,572,-66
111000219,337,174,163
111000220,2344,360,1984
111000221,501,95,406
111000224,182,362,-180
111000225,167,130,37
111000226,119,0,119
111000227,40,5,35
111000228,5,136,-131
111000229,24,230,-206
111000230,127,420,-293
111000231,269,1245,-976
111000232,163,775,-612
111000233,183,626,-443
111000234,32,144,-112
111000239,145,146,-1
111000240,11,40,-29
111000241,21,378,-357
111000242,48,27,21
111000243,52,761,-709
111000244,74,73,1
111000245,248,509,-261
111000246,163,604,-441
111000247,102,1059,-957
111000248,223,268,-45
111000249,330,744,-414
111000250,17,108,-91
111000251,34,121,-87
111000253,0,1,-1
111000255,13,1,12
111000257,14,11,3
111000260,22,1038,-1016
111000261,270,64,206
111000271,43,320,-277
111000273,5292,1292,4000
111000274,840,1323,-483
111000275,68,86,-18
111000276,215,2045,-1830
111000277,80,391,-311
111000278,336,265,71
111000291,399,1784,-1385
111000298,172,212,-40
111000299,433,75,358
111000300,43,500,-457
111000302,124,61,63
111000303,49,219,-170
111000312,47,30,17
111000315,23,271,-248
111000320,161,549,-388
111000321,163,39,124
111000322,93,480,-387
111000323,85,8,77
111000324,559,230,329
111000325,8,49,-41
111000326,54,331,-277
111000327,195,583,-388
111000328,124,372,-248
111000329,0,12,-12
111000330,35,6,29
111000331,5,4,1
111000332,207,852,-645
111000334,332,1503,-1171
111000335,229,105,124
111000337,243,313,-70
111000338,10,86,-76
111000339,106,546,-440
111000340,40,765,-725
111000341,490,180,310
111000342,47,202,-155
111000344,316,542,-226
111000345,263,32,231
111000346,34,69,-35
111000347,16,1,15
111000350,115,135,-20
111000351,55,206,-151
111000352,69,91,-22
111000353,27,195,-168
111000354,115,109,6
111000355,114,523,-409
111000358,67,1563,-1496
111000360,60,772,-712
111000361,74,349,-275
111000546,175,539,-364
111000547,107,587,-480
111000548,43,128,-85
111000549,111,325,-214
111000550,44,261,-217
111000551,574,83,491
111000552,394,46,348
111000907,120,12,108
111000908,10,1,9
111000916,448,180,268
111000917,8,312,-304
111000918,92,921,-829
111000920,149,2,147
111000921,3,338,-335
111000922,107,192,-85
111000924,11,838,-827
111000925,1146,1308,-162
111000926,784,2386,-1602
111000927,2367,2329,38
111000928,4939,3027,1912
111000929,454,620,-166
111000930,335,1970,-1635
111000931,882,1151,-269
111000932,2858,1925,933
111000933,2085,1196,889
111000934,1824,2237,-413
111000935,598,708,-110
111000936,555,1834,-1279
111000937,463,804,-341
111000938,1269,2336,-1067
111000939,160,61,99
111000940,167,238,-71
111000941,81,521,-440
111000943,120,232,-112
111000944,60,601,-541
111000945,30,1917,-1887
111001109,161,74,87
111001110,141,558,-417
111001111,10,5,5
111001112,68,0,68
111001113,15,70,-55
111001114,1058,50,1008
111001115,143,246,-103
111001116,4838,1104,3734
111001117,515,522,-7
111001120,80,288,-208
111001121,110,343,-233
111001122,163,674,-511
111001123,48,118,-70
111001124,53,344,-291
111001125,0,37,-37
111001126,0,0,0
111001127,0,50,-50
111001128,174,461,-287
111900001,4,209,-205
111900002,3,506,-503
111900003,2,280,-278
111900004,9,105,-96
111900006,2,8,-6
111900007,27,5,22
111900008,16,0,16
111900009,26,0,26
111900010,157,378,-221
111900012,73,66,7
111900013,3,44,-41
111900014,6337,1053,5284
111900015,1,54,-53
111900016,1,172,-171
111900017,0,117,-117
111900018,68,0,68
111900019,0,52,-52
111900020,2,30,-28
111900021,11,46,-35
111900022,12,48,-36
111900023,82,49,33
111900024,6,81,-75
111900025,0,28,-28
111900026,2,87,-85
111900027,5,144,-139
111900028,2,379,-377
111900029,2,78,-76
111900030,33,291,-258
111900032,2,360,-358
111900033,2,111,-109
111900034,167,478,-311
111900035,6,126,-120
111900036,1,277,-276
111900038,233,422,-189
111900039,19,270,-251
111900040,1,673,-672
111900042,44,45,-1
111900043,10,434,-424
111900044,163,178,-15
111900046,101,190,-89
111900048,41,844,-803
111900049,17,259,-242
111900050,24,7,17
111900051,1,245,-244
111900052,261,480,-219
111900053,1180,226,954
111900054,19,0,19
111900055,7,548,-541
111900056,103,65,38
111900057,14,44,-30
111900058,70,754,-684
111900059,2002,194,1808
111900060,97,0,97
111900061,6,225,-219
111900062,1,32,-31
111900063,74,166,-92
111900064,94,195,-101
111900065,17,11,6
111900066,50,60,-10
111900067,0,243,-243
111900068,20,12,8
111900069,29,7,22
111900070,29,111,-82
111900071,0,206,-206
111900072,13,4,9
111900073,154,22,132
111900074,3,144,-141
111900075,14,4,10
111900076,17,7,10
111900077,3,0,3
111900078,62,5,57
111900079,7,6,1
111900080,181,52,129
111900082,23,4,19
111900083,22,1,21
111900084,37,0,37
111900085,16,22,-6
111900086,16,2,14
111900087,8,0,8
111900088,123,4,119
111900089,22,1,21
111900090,38,8,30
111900091,40,1,39
111900092,19,0,19
111900093,88,2,86
111900094,12,0,12
111900095,52,6,46
111900096,59,0,59
111900097,8,0,8
111900098,24,0,24
111900099,9,0,9
111900100,20,0,20
111900101,18,6,12
111900102,81,593,-512
111900103,35,31,4
111900104,49,49,0
111900105,116,75,41
111900106,1092,36,1056
111900110,2478,157,2321
111900111,29,162,-133
111900112,567,596,-29
111900113,282,49,233
111900118,131,21,110
111900119,100,24,76
111900122,61,28,33
111900123,7,15,-8
111900124,24,90,-66
111900125,128,2,126
111900126,67,2,65
111900127,4,681,-677
111900128,6,511,-505
111900129,37,9,28
111900130,38,4,34
111900131,75,1,74
111900132,21,1093,-1072
111900133,3,291,-288
111900134,15,273,-258
111900135,4,5,-1
111900136,54,44,10
111900137,31,19,12
111900138,12,72,-60
111900139,9,122,-113
111900140,22,6,16
111900141,14,3,11
111900142,31,4,27
111900143,19,250,-231
111900144,0,143,-143
111900145,1,678,-677
111900146,1,339,-338
111900147,126,481,-355
111900148,30,791,-761
111900149,5,432,-427
111900150,10,162,-152
111900151,1,14,-13
111900152,71,27,44
111900153,1519,188,1331
111900154,2,84,-82
111900155,19,16,3
111900156,11,32,-21
111900157,35,5,30
111900158,117,6,111
111900159,55,12,43
111900160,42,0,42
111900161,21,0,21
111900162,829,177,652
111900163,24,184,-160
111900164,36,18,18
111901113,87,206,-119
111901114,35,215,-180
111901115,7,0,7
111901116,6,0,6
111901117,7,6,1
111901118,73,34,39
111901119,928,44,884
111901121,109,184,-75
111901122,3,496,-493
111901123,23,351,-328
111901124,33,0,33
111901125,99,137,-38
111901127,555,71,484
111901129,14,59,-45
111901130,3,319,-316
111901131,0,192,-192
111901132,65,5,60
111901133,22,0,22
111901134,23,1,22
111901135,10,2,8
111901136,6,12,-6
111901138,50,21,29
111901139,12,51,-39
111901140,6,121,-115
111901141,3,194,-191
111901142,5,302,-297
111901143,4,233,-229
111901144,24,23,1
111901145,213,124,89
111901146,110,10,100
111901147,936,47,889
111901148,9,18,-9
111901149,2,2,0
111901150,3,1,2
111901151,0,0,0
111901152,3,31,-28
112000001,859,592,267
112000002,587,2004,-1417
112000003,345,573,-228
112000004,375,1291,-916
112000005,1036,950,86
112000006,883,1543,-660
112000007,990,813,177
112000008,1707,2296,-589
112000009,3806,3042,764
112000010,1395,1768,-373
112000011,1491,2029,-538
112000012,4161,1472,2689
112000013,4872,2633,2239
112000014,1732,700,1032
112000015,2090,1953,137
112000016,2382,725,1657
112000017,1345,1041,304
112000024,1436,469,967
112000026,3879,4361,-482
112000027,528,287,241
112000028,1551,1414,137
112000029,207,312,-105
112000030,141,66,75
112000031,1014,1703,-689
112000032,352,34,318
112000033,1336,663,673
112000034,163,22,141
112000035,50,164,-114
112000036,513,428,85
112000037,656,698,-42
112000038,627,758,-131
112000039,20,87,-67
112000040,108,258,-150
112000041,407,445,-38
112000042,665,216,449
112000050,411,1065,-654
112000051,319,580,-261
112000054,1202,2119,-917
112000057,440,277,163
112000058,250,309,-59
112000059,566,347,219
112000061,5268,1176,4092
112000062,2025,355,1670
112000063,1548,506,1042
112000064,4759,5048,-289
112000065,2311,2414,-103
112000066,2433,678,1755
112000067,698,516,182
112000068,1605,864,741
112000069,579,1703,-1124
112000070,1030,348,682
112000071,428,2506,-2078
112000072,561,637,-76
112000073,837,1442,-605
112000074,644,544,100
112000075,664,716,-52
112000076,2431,2342,89
112000077,283,577,-294
112000078,669,621,48
112000079,739,1224,-485
112000080,278,847,-569
112000081,744,1520,-776
112000082,647,465,182
112000083,400,1366,-966
112000084,552,511,41
112000085,649,1240,-591
112000086,868,1486,-618
112000087,125,843,-718
112000088,189,644,-455
112000089,124,269,-145
112000090,135,360,-225
112000091,488,1025,-537
112000092,718,652,66
112000093,1058,950,108
112000094,259,672,-413
112000095,322,600,-278
112000096,186,529,-343
112000097,362,357,5
112000098,454,1387,-933
112000099,366,389,-23
112000100,650,602,48
112000101,276,792,-516
112000102,359,418,-59
112000103,172,1142,-970
112000105,379,2046,-1667
112000106,533,363,170
112000107,47,124,-77
112000108,146,1585,-1439
112000109,93,74,19
112000110,752,275,477
112000111,965,3421,-2456
112000112,1966,318,1648
112000113,683,1852,-1169
112000114,1008,598,410
112000115,128,424,-296
112000116,194,779,-585
112000117,369,668,-299
112000118,507,641,-134
112000119,278,865,-587
112000120,99,285,-186
112000121,39,630,-591
112000122,125,126,-1
112000123,240,94,146
112000124,121,52,69
112000125,48,87,-39
112000126,104,666,-562
112000127,2148,799,1349
112000128,1030,292,738
112000129,54,115,-61
112000130,27,43,-16
112000131,9,345,-336
112000132,38,420,-382
112000133,100,207,-107
112000134,197,367,-170
112000135,430,517,-87
112000136,595,1097,-502
112000137,858,959,-101
112000138,1068,1027,41
112000139,697,143,554
112000140,949,991,-42
112000141,233,151,82
112000142,101,893,-792
112000143,349,172,177
112000144,169,1444,-1275
112000145,990,531,459
112000146,416,2062,-1646
112000147,829,1045,-216
112000148,1102,1982,-880
112000149,144,716,-572
112000150,84,576,-492
112000151,234,542,-308
112000152,165,295,-130
112000153,121,255,-134
112000154,85,82,3
112000155,81,25,56
112000157,464,311,153
112000158,110,470,-360
112000159,161,214,-53
112000167,98,16,82
112000169,253,242,11
112000173,286,148,138
112000175,122,286,-164
112000176,4428,1320,3108
112000177,158,68,90
112000178,28,396,-368
112000179,74,127,-53
112000180,204,176,28
112000181,892,1603,-711
112000182,291,1670,-1379
112000183,14,33,-19
112000184,121,426,-305
112000185,132,518,-386
112000187,1779,1711,68
112000195,66,8,58
112000196,59,1,58
112000197,23,57,-34
112000198,16,326,-310
112000199,473,756,-283
112000202,74,0,74
112000216,30,153,-123
112000230,19,2,17
112000231,1,322,-321
112000256,17,97,-80
112000313,111,139,-28
112000314,5,10,-5
112000337,134,414,-280
112000352,206,125,81
112000392,1404,845,559
112000398,482,524,-42
112000399,1881,906,975
112000400,1249,3716,-2467
112000401,1962,2469,-507
112000402,920,1367,-447
112000403,1322,1261,61
112000404,227,416,-189
112000405,906,1761,-855
112000406,2649,3049,-400
112000407,2415,3622,-1207
112000408,6590,5850,740
112000409,1138,4050,-2912
112000410,102,68,34
112000411,3954,452,3502
112000412,682,162,520
112000413,7732,1217,6515
112000414,49,69,-20
112000415,61,44,17
112000416,1074,897,177
112000417,115,67,48
112000421,20,96,-76
112000422,178,379,-201
112000424,2095,1019,1076
112000425,235,1087,-852
112000426,53,176,-123
112000427,0,10,-10
112000428,52,417,-365
112000429,1361,2484,-1123
112000430,1364,2546,-1182
112000431,23,68,-45
112000432,357,1976,-1619
112000433,414,408,6
112000437,16,293,-277
112900001,20,3,17
112900002,92,1200,-1108
112900003,18,274,-256
112900004,13,265,-252
112900005,20,175,-155
112900007,4,133,-129
112900008,0,8,-8
112900009,155,69,86
112900010,100,674,-574
112900011,337,191,146
112900012,0,32,-32
112900013,0,115,-115
112900014,2,202,-200
112900015,228,736,-508
112900016,0,176,-176
112900017,15,165,-150
112900018,17,688,-671
112900019,51,128,-77
112900020,339,1062,-723
112900021,2,346,-344
112900022,4,50,-46
112900023,0,304,-304
112900024,10,198,-188
112900025,48,138,-90
112900026,4,238,-234
112900027,3,1128,-1125
112900028,22,113,-91
112900029,2,596,-594
112900030,237,124,113
112900031,10,462,-452
112900032,58,146,-88
112900034,0,32,-32
112900035,1,472,-471
112900036,17,97,-80
112900037,88,95,-7
112900038,130,63,67
112900039,27,313,-286
112900040,1,171,-170
112900041,1003,417,586
112900042,22,303,-281
112900043,5,24,-19
112900044,350,239,111
112900045,379,208,171
112900046,124,45,79
112900047,11,8,3
112900049,64,37,27
112900050,27,468,-441
112900051,237,530,-293
112900052,5,977,-972
112900053,303,61,242
112900054,201,18,183
112900055,66,8,58
112900056,130,80,50
112900057,3,624,-621
112900058,170,74,96
112900059,52,88,-36
112900060,2,159,-157
112900061,45,86,-41
112900062,15,156,-141
112900063,64,1,63
112900064,91,68,23
112900065,24,8,16
112900066,78,36,42
112900067,382,54,328
112900068,15,14,1
112900069,2115,217,1898
112900071,4,2,2
112900072,113,406,-293
112900073,94,12,82
112900074,24,76,-52
112900075,1822,256,1566
112900076,38,5,33
112900078,82,113,-31
112900079,44,3,41
112900080,20,2,18
112900081,36,87,-51
112900082,180,7,173
112900083,20,29,-9
112900084,43,29,14
112900086,11,0,11
112900087,180,32,148
112900088,20,7,13
112900089,234,6,228
112900090,5,4,1
112900091,62,2,60
112900092,71,66,5
112900093,335,8,327
112900095,10,0,10
112900096,196,34,162
112900097,18,263,-245
112900098,31,2,29
112900099,206,2,204
112900100,24,1,23
112900101,105,1,104
112900102,40,2,38
112900103,85,1,84
112900104,100,1,99
112900105,17,0,17
112900106,169,52,117
112900107,1,0,1
112900108,6,0,6
112900109,36,0,36
112900110,279,25,254
112900111,130,3,127
112900112,62,0,62
112900113,0,6,-6
112900114,14,10,4
112900115,238,1,237
112900116,33,22,11
112900117,135,82,53
112900118,14,42,-28
112900119,39,2,37
112900120,565,128,437
112900121,198,137,61
112900122,2,75,-73
112900123,93,4,89
112900124,0,103,-103
112900125,27,201,-174
112900126,125,253,-128
112900127,111,14,97
112900128,385,557,-172
112900129,1,905,-904
112900130,77,44,33
112900131,20,186,-166
112900132,44,444,-400
112900133,8,932,-924
112900134,0,184,-184
112900135,24,20,4
112900137,20,646,-626
112900138,5,346,-341
112900139,99,924,-825
112900141,169,20,149
112900142,33,47,-14
112900143,31,582,-551
112900144,8,1035,-1027
112900145,46,345,-299
112900146,4,1442,-1438
112900147,7,2144,-2137
112900148,14,0,14
112900149,88,333,-245
112900151,11,30,-19
112900152,4595,739,3856
112900153,1110,535,575
112900154,0,68,-68
112900155,26,8,18
112900156,63,1397,-1334
112900157,66,314,-248
112900158,7,5,2
112900159,107,38,69
112900160,19,167,-148
112900161,34,33,1
112900162,18,8,10
112900163,85,10,75
112900164,25,42,-17
112900165,43,23,20
112900166,7,7,0
112900167,0,21,-21
112900168,0,1,-1
112900169,3,4,-1
112900170,19,60,-41
112900172,75,1,74
112900173,137,62,75
112900174,103,19,84
112900175,92,34,58
112900176,3,4,-1
112900177,99,4,95
112900178,315,480,-165
112900179,18,489,-471
112900180,393,1799,-1406
112900181,114,7,107
112900182,14,1401,-1387
112900183,52,100,-48
112900184,220,214,6
112900185,155,283,-128
112900186,1115,358,757
112900187,29,148,-119
112900188,404,148,256
112900189,4,18,-14
112900190,0,47,-47
112900192,291,139,152
112900193,737,157,580
112900194,14,76,-62
112900195,264,10,254
112900196,150,385,-235
112900197,63,302,-239
112900199,77,280,-203
112900200,129,191,-62
112900201,17,53,-36
112900202,78,815,-737
112900203,51,222,-171
112900204,541,179,362
112900205,10,21,-11
112900206,0,32,-32
112900207,1,0,1
112900208,44,57,-13
112900209,229,335,-106
112900210,0,10,-10
112900211,24,50,-26
112900212,0,56,-56
112900213,5,1,4
112900214,17,6,11
112900215,3,152,-149
112900216,42,35,7
112900217,1,60,-59
112900218,11,3,8
112900219,9,43,-34
112900220,6,1,5
112900221,5,80,-75
112900222,2,17,-15
112900223,226,5,221
112900224,78,552,-474
112900225,138,447,-309
112900226,135,112,23
112900227,70,1149,-1079
112900228,17,19,-2
112900229,24,39,-15
112900230,6149,1685,4464
112900232,68,98,-30
112900233,23,111,-88
112900234,2,113,-111
112900235,16,12,4
112900236,40,12,28
112900237,33,331,-298
112900238,2,27,-25
112900239,382,218,164
112900240,2,164,-162
112900241,6,196,-190
112900242,4,222,-218
112900243,3,170,-167
112900244,12,147,-135
112900245,1,34,-33
112900246,2,14,-12
112900247,104,14,90
112900248,21,1,20
112900249,16,7,9
112900250,14,22,-8
112900251,18,10,8
112900252,11,18,-7
112900253,2,16,-14
112900254,1,3,-2
112900255,0,21,-21
112900256,0,13,-13
112900257,4,10,-6
112900258,3,22,-19
113000001,3805,3735,70
113000002,3074,2642,432
113000003,1583,1492,91
113000004,1796,1730,66
113000005,908,892,16
113000006,813,1019,-206
113000007,1004,1009,-5
113000008,1060,1344,-284
113000009,433,671,-238
113000010,534,1174,-640
113000011,403,1363,-960
113000012,662,528,134
113000013,654,309,345
113000014,1509,1135,374
113000015,444,183,261
113000016,237,202,35
113000017,8,188,-180
113000018,129,28,101
113000019,12,198,-186
113000020,37,7,30
113000021,567,527,40
113000022,324,963,-639
113000025,47,198,-151
113000026,168,254,-86
113000027,514,173,341
113000028,601,207,394
113000029,581,458,123
113000030,454,467,-13
113000031,315,124,191
113000032,228,138,90
113000033,285,239,46
113000034,441,193,248
113000035,13,17,-4
113000036,12,33,-21
113000037,40,15,25
113000038,3,34,-31
113000039,34,387,-353
113000040,43,116,-73
113000042,722,553,169
113000051,492,1250,-758
113000052,1915,865,1050
113000053,232,484,-252
113000054,112,577,-465
113000055,513,766,-253
113000056,389,1524,-1135
113000058,522,882,-360
113000059,1059,541,518
113000060,48,486,-438
113000061,487,638,-151
113000062,1028,117,911
113000063,64,163,-99
113000064,14,295,-281
113000065,105,1059,-954
113000066,264,103,161
113000067,662,780,-118
113000068,279,1778,-1499
113000069,300,1262,-962
113000070,688,534,154
113000071,216,641,-425
113000072,226,275,-49
113000073,350,1184,-834
113000074,669,233,436
113000075,1685,305,1380
113000076,977,1304,-327
113000077,1300,271,1029
113000078,1029,1056,-27
113000079,733,503,230
113000080,699,444,255
113000081,689,587,102
113000082,830,550,280
113000083,437,503,-66
113000084,1105,856,249
113000085,708,370,338
113000086,853,805,48
113000087,1028,669,359
113000088,1681,843,838
113000089,763,1014,-251
113000090,183,304,-121
113000091,587,173,414
113000094,504,123,381
113000095,176,823,-647
113000096,123,661,-538
113000097,525,229,296
113000098,48,16,32
113000099,982,222,760
113000100,100,271,-171
113000101,274,404,-130
113000102,330,194,136
113000103,2230,579,1651
113000104,283,1789,-1506
113000105,340,352,-12
113000106,235,590,-355
113000107,322,711,-389
113000108,806,1493,-687
113000109,473,2307,-1834
113000110,1085,322,763
113000111,159,400,-241
113000112,253,328,-75
113000113,1663,266,1397
113000114,442,766,-324
113000116,531,197,334
113000117,600,123,477
113000118,80,258,-178
113000119,239,267,-28
113000120,36,214,-178
113000121,304,772,-468
113000124,93,118,-25
113000125,6,402,-396
113000127,2855,355,2500
113000128,280,256,24
113000129,434,798,-364
113000133,3367,626,2741
113000134,5,528,-523
113000135,2207,1690,517
113000137,2002,1121,881
113000139,270,104,166
113000140,132,184,-52
113000141,285,43,242
113000142,582,553,29
113000143,237,111,126
113000144,280,375,-95
113000145,26,142,-116
113000146,53,65,-12
113000147,66,108,-42
113000148,42,127,-85
113000149,56,68,-12
113000150,371,239,132
113000151,98,37,61
113000152,14,122,-108
113000153,1342,276,1066
113000154,465,783,-318
113000155,162,195,-33
113000156,121,276,-155
113000157,210,520,-310
113000158,330,145,185
113000159,513,391,122
113000160,495,766,-271
113000161,110,502,-392
113000162,369,250,119
113000163,39,28,11
113000164,29,65,-36
113000166,64,41,23
113000167,13,222,-209
113000168,35,249,-214
113000169,72,39,33
113000170,60,54,6
113000171,72,81,-9
113000172,136,63,73
113000173,31,4,27
113000174,89,563,-474
113000175,249,104,145
113000176,319,99,220
113000177,124,348,-224
113000178,138,341,-203
113000179,228,87,141
113000180,404,1125,-721
113000181,616,818,-202
113000182,126,185,-59
113000183,168,433,-265
113000184,19,71,-52
113000189,454,445,9
113000190,1311,309,1002
113000192,2391,920,1471
113000193,3871,631,3240
113000194,1651,810,841
113000195,2112,362,1750
113000196,83,96,-13
113000197,863,603,260
113000198,12,201,-189
113000199,439,244,195
113000201,302,153,149
113000202,2296,1211,1085
113000203,425,92,333
113000204,1316,823,493
113000205,15,18,-3
113000206,3,21,-18
113000207,21,7,14
113000208,25,41,-16
113000209,8,8,0
113000210,9,34,-25
113000211,309,128,181
113000212,222,21,201
113000213,14,107,-93
113000214,86,174,-88
113000234,100,1061,-961
113000410,36,77,-41
113000411,2072,3384,-1312
113000412,10570,1368,9202
113000413,3575,1402,2173
113000414,10468,6560,3908
113000415,2262,1589,673
113000416,7500,2313,5187
113000417,2701,1695,1006
113000418,2824,2068,756
113000419,1479,1154,325
113000420,3300,2082,1218
113000421,3379,2992,387
113000422,14927,5226,9701
113000423,2129,2311,-182
113000424,4328,5131,-803
113000425,4,72,-68
113000428,20,1,19
113000430,17,6,11
113000432,745,57,688
113000433,115,834,-719
113000434,12,297,-285
113000435,6,808,-802
113000436,34,1222,-1188
113000437,220,17,203
113000438,58,18,40
113000439,13,157,-144
113000440,24,20,4
113000441,99,237,-138
113000442,105,275,-170
113000443,52,253,-201
113000444,76,295,-219
113000445,31,120,-89
113000446,11,77,-66
113000448,210,88,122
113000449,183,721,-538
113000450,482,1574,-1092
113000451,1557,120,1437
113000452,366,288,78
113000453,153,203,-50
113000454,727,34,693
113000455,70,101,-31
113000456,2530,1200,1330
113000468,2262,197,2065
113000469,192,52,140
113000470,416,52,364
113000471,4,271,-267
113000472,44,252,-208
113000474,263,548,-285
113000475,990,1516,-526
113000476,682,1718,-1036
113000477,1488,1834,-346
113000478,2447,5185,-2738
113000479,13,336,-323
113000484,0,0,0
113000485,0,0,0
113000486,0,0,0
113000487,0,0,0
113000488,0,0,0
113000489,0,0,0
113000490,0,0,0
113000491,0,0,0
113000492,0,0,0
113000493,0,0,0
113000495,158,180,-22
113000496,65,87,-22
113000499,0,0,0
113900001,2,66,-64
113900002,1,77,-76
113900003,0,58,-58
113900004,0,14,-14
113900005,0,19,-19
113900006,0,23,-23
113900007,22,0,22
113900008,14,2,12
113900009,176,0,176
113900010,72,0,72
113900011,10,2,8
113900012,4,1,3
113900013,347,2,345
113900014,504,0,504
113900015,2,40,-38
113900016,7,0,7
113900017,0,37,-37
113900018,340,41,299
113900019,21,23,-2
113900020,26,1,25
113900022,5,0,5
113900023,2,0,2
113900024,29,44,-15
113900025,239,4,235
113900026,17,0,17
113900027,4,63,-59
113900028,8,393,-385
113900029,14,251,-237
113900030,70,0,70
113900031,0,0,0
113900032,9,0,9
113900033,44,57,-13
113900035,18,0,18
113900036,4,92,-88
113900037,22,573,-551
113900038,71,37,34
113900039,50,1,49
113900040,5,1,4
113900041,1,1,0
113900042,25,34,-9
113900043,97,76,21
113900044,99,33,66
113900045,23,1,22
113900046,219,533,-314
113900047,29,122,-93
113900048,248,21,227
113900049,721,104,617
113900050,84,227,-143
113900051,140,240,-100
113900052,137,81,56
113900053,259,80,179
113900054,5,0,5
113900055,66,400,-334
113900056,39,108,-69
113900057,26,99,-73
113900058,20,177,-157
113900059,65,269,-204
113900060,109,179,-70
113900061,628,43,585
113900062,50,8,42
113900063,50,139,-89
113900064,11,126,-115
113900065,373,20,353
113900066,125,319,-194
113900067,36,238,-202
113900068,254,248,6
113900069,37,8,29
113900070,159,354,-195
113900071,36,70,-34
113900072,21,138,-117
113900073,92,259,-167
113900074,21,353,-332
113900075,513,661,-148
113900076,107,6,101
113900077,25,195,-170
113900078,11,28,-17
113900079,0,34,-34
113900080,167,98,69
113900081,18,152,-134
113900082,110,129,-19
113900083,55,659,-604
113900084,106,47,59
113900085,20,258,-238
113900086,7,9,-2
113900087,8,169,-161
113900088,17,33,-16
113900089,234,26,208
113900090,223,161,62
113900091,6,11,-5
113900092,68,39,29
113900093,41,352,-311
113900094,88,427,-339
113900095,41,48,-7
113900096,67,33,34
113900097,8,109,-101
113900098,290,35,255
113900099,0,34,-34
113900100,0,0,0
113900101,13,25,-12
113900102,78,88,-10
113900103,122,211,-89
113900104,51,67,-16
113900105,20,345,-325
113900106,1,72,-71
113900107,0,22,-22
113900108,143,85,58
113900109,156,90,66
113900110,8,7,1
113900111,44,61,-17
113900112,112,68,44
113900113,283,236,47
113900114,0,99,-99
113900115,0,93,-93
113900116,53,80,-27
113900117,51,6,45
113900118,116,112,4
113900119,204,160,44
113900120,39,30,9
113900121,23,52,-29
113900122,161,1062,-901
113900123,226,139,87
113900124,0,48,-48
113900125,1032,141,891
113900126,127,31,96
113900127,95,243,-148
113900128,96,22,74
113900129,4,41,-37
113900130,0,9,-9
113900131,60,42,18
113900132,29,15,14
113900133,34,39,-5
113900135,98,351,-253
113900136,44,37,7
113900137,171,140,31
113900138,40,80,-40
113900139,380,50,330
113900140,288,94,194
113900141,145,385,-240
113900142,39,68,-29
113900143,4,11,-7
113900144,240,72,168
113900145,100,148,-48
113900146,28,36,-8
113900148,108,101,7
113900149,50,25,25
113900150,902,426,476
113900151,108,160,-52
113900152,14,54,-40
113900153,301,330,-29
113900154,1,94,-93
113900155,167,39,128
113900156,140,467,-327
113900157,33,196,-163
113900158,206,72,134
113900159,3,130,-127
113900160,270,555,-285
113900161,12,135,-123
113900162,431,262,169
113900163,213,137,76
113900164,100,40,60
113900165,466,339,127
113900166,178,76,102
113900167,158,14,144
113900168,86,81,5
113900169,109,307,-198
113900171,31,19,12
113900172,7,178,-171
113900173,28,526,-498
113900174,247,549,-302
113900175,133,47,86
113900176,87,516,-429
113900177,187,132,55
113900178,153,38,115
113900179,9,612,-603
113900180,67,103,-36
113900181,324,41,283
113900182,249,747,-498
113900183,13,47,-34
113900184,25,452,-427
113900185,101,51,50
113900186,10,19,-9
113900187,20,133,-113
113900188,30,84,-54
113900189,122,42,80
113900190,224,62,162
113900191,76,134,-58
113900192,1675,765,910
113900193,10,235,-225
113900194,1441,768,673
113900195,257,302,-45
113900196,1,84,-83
113900197,0,251,-251
113900198,8,139,-131
113900199,107,447,-340
113900200,5,162,-157
113900201,0,225,-225
113900202,23,151,-128
113900203,7,200,-193
113900204,15,473,-458
113900205,2,66,-64
113900206,2,99,-97
113900207,0,49,-49
113900208,0,43,-43
113900209,0,31,-31
113900210,357,322,35
113900211,72,25,47
113900212,60,458,-398
113900214,322,199,123
113900215,12,65,-53
113900216,23,1066,-1043
113900217,14,310,-296
113900218,39,17,22
113900219,73,368,-295
113900220,43,36,7
113900221,191,106,85
113900222,1095,302,793
113900223,20,871,-851
113900224,109,35,74
113900225,531,120,411
113900226,201,52,149
113900227,287,95,192
113900228,330,198,132
113900229,27,366,-339
113900230,3111,810,2301
113900231,56,128,-72
113900232,28,60,-32
113900233,25,32,-7
113900234,72,224,-152
113900235,33,15,18
113900236,16,296,-280
113900237,63,3,60
113900238,120,212,-92
113900239,30,39,-9
113900240,3,67,-64
113900241,73,20,53
113900242,37,78,-41
113900243,69,326,-257
113900244,363,93,270
113900245,1037,218,819
113900246,9,4,5
113900247,97,100,-3
113900248,3043,627,2416
113900249,863,133,730
113900250,20,110,-90
113900251,275,163,112
113900252,199,22,177
113900253,311,15,296
113900254,336,71,265
113900255,230,9,221
113900256,247,12,235
113900257,16,653,-637
113900258,5,423,-418
113900259,139,238,-99
113900260,46,16,30
113900261,18,89,-71
113900262,87,612,-525
113900263,48,337,-289
113900264,5,426,-421
113900265,119,175,-56
113900266,15,196,-181
113900267,77,355,-278
113900268,100,140,-40
113900269,31,110,-79
113900270,139,244,-105
113900271,257,1141,-884
113900273,10,3,7
113900274,16,7,9
113900275,7,41,-34
113900276,1,240,-239
113900277,35,1,34
113900278,194,97,97
113900279,52,52,0
113900280,653,257,396
113900281,300,570,-270
113900282,885,292,593
113900283,167,267,-100
113900284,435,74,361
113900285,65,15,50
113900286,6,92,-86
113900287,11,18,-7
113900288,0,51,-51
113900289,1149,53,1096
113900290,394,48,346
113900291,125,121,4
113900292,2,1,1
113900293,4,149,-145
113900294,176,18,158
113900295,347,165,182
113900296,1275,132,1143
113900297,345,18,327
113900298,8,1083,-1075
113900299,13,179,-166
113900300,3124,1049,2075
113900301,718,218,500
113900302,2100,377,1723
113900303,366,93,273
113900304,0,124,-124
113900305,19,0,19
113900306,4,0,4
113900307,16,0,16
113900308,55,46,9
113900309,4,699,-695
113900310,0,17,-17
113900311,2,1,1
113900312,57,47,10
113900313,22,9,13
113900314,0,15,-15
113900315,10,1,9
114000001,658,2535,-1877
114000002,87,374,-287
114000003,133,1233,-1100
114000004,188,317,-129
114000005,141,222,-81
114000006,3050,1668,1382
114000007,379,1085,-706
114000008,964,713,251
114000009,190,144,46
114000011,1559,2740,-1181
114000012,1030,2374,-1344
114000013,739,1818,-1079
114000014,390,489,-99
114000015,487,364,123
114000016,174,354,-180
114000017,57,141,-84
114000018,249,60,189
114000026,534,1376,-842
114000027,1003,1743,-740
114000028,1142,1492,-350
114000038,65,120,-55
114000039,59,248,-189
114000040,57,141,-84
114000042,52,196,-144
114000043,71,258,-187
114000044,97,187,-90
114000045,26,82,-56
114000046,1657,3636,-1979
114000047,6,47,-41
114000048,79,157,-78
114000049,955,745,210
114000050,1258,767,491
114000051,3061,947,2114
114000052,2056,902,1154
114000053,13,442,-429
114000054,38,1235,-1197
114000055,101,8,93
114000056,1096,389,707
114000057,6744,1764,4980
114000058,328,334,-6
114000059,124,98,26
114000060,280,612,-332
114000061,2546,780,1766
114000062,1729,391,1338
114000063,3113,1322,1791
114000064,6612,1775,4837
114000065,1505,1503,2
114000066,216,516,-300
114000067,12,166,-154
114000068,337,252,85
114000069,504,222,282
114000070,1962,840,1122
114000071,318,442,-124
114000072,115,260,-145
114000073,6,99,-93
114000074,3,14,-11
114000075,21,144,-123
114000076,12,128,-116
114000077,5,43,-38
114000078,62,1050,-988
114000079,34,21,13
114000080,44,85,-41
114000081,24,97,-73
114000082,39,470,-431
114000083,12,206,-194
114000084,55,57,-2
114000085,91,626,-535
114000086,73,421,-348
114000087,35,176,-141
114000088,52,55,-3
114000089,1133,310,823
114000090,495,315,180
114000091,1224,300,924
114000092,677,170,507
114000093,564,393,171
114000094,217,275,-58
114000095,75,63,12
114000096,100,498,-398
114000097,89,890,-801
114000098,212,37,175
114000099,127,875,-748
114000100,349,581,-232
114000101,167,1041,-874
114000102,162,221,-59
114000103,97,406,-309
114000104,4,243,-239
114000105,17,42,-25
114000106,531,229,302
114000107,68,86,-18
114000108,2923,1226,1697
114000109,209,418,-209
114000110,313,1607,-1294
114000111,501,327,174
114000112,197,2322,-2125
114000113,433,297,136
114000114,911,1628,-717
114000115,1076,426,650
114000116,251,601,-350
114000117,844,244,600
114000118,835,231,604
114000119,599,160,439
114000120,441,954,-513
114000121,258,484,-226
114000122,293,219,74
114000123,533,185,348
114000124,210,180,30
114000125,624,1526,-902
114000126,428,153,275
114000127,58,160,-102
114000128,452,388,64
114000130,248,341,-93
114000131,120,24,96
114000132,376,593,-217
114000133,797,1065,-268
114000134,15,148,-133
114000138,16,145,-129
114000139,275,90,185
114000144,340,218,122
114000145,64,133,-69
114000146,51,257,-206
114000147,559,662,-103
114000148,2012,866,1146
114000149,248,132,116
114000150,1791,612,1179
114000151,1614,711,903
114000152,146,23,123
114000153,1361,1150,211
114000154,662,553,109
114000155,840,1026,-186
114000156,595,237,358
114000157,193,576,-383
114000158,1886,402,1484
114000159,176,306,-130
114000160,163,147,16
114000161,1251,746,505
114000162,518,587,-69
114000163,2,90,-88
114000165,164,96,68
114000166,556,163,393
114000167,3948,967,2981
114000168,583,498,85
114000169,1473,467,1006
114000170,679,406,273
114000171,462,864,-402
114000174,91,325,-234
114000176,434,269,165
114000177,1749,545,1204
114000178,7,48,-41
114000179,892,498,394
114000180,252,389,-137
114000181,908,1508,-600
114000182,4293,1727,2566
114000183,879,888,-9
114000184,5890,1480,4410
114000185,537,683,-146
114000189,211,54,157
114000190,898,95,803
114000191,23,24,-1
114000192,255,1347,-1092
114000193,775,2761,-1986
114000194,791,1147,-356
114000195,27,4,23
114000196,6,252,-246
114000197,408,72,336
114000198,1004,294,710
114000199,1400,747,653
114000200,469,2028,-1559
114000201,80,960,-880
114000202,500,854,-354
114000203,386,1052,-666
114000204,68,306,-238
114000205,175,1456,-1281
114000206,238,1128,-890
114000207,480,1950,-1470
114000208,323,2809,-2486
114000209,537,2996,-2459
114000210,267,1536,-1269
114000211,583,1140,-557
114000212,344,653,-309
114000213,708,478,230
114000214,52,205,-153
114000215,41,37,4
114000216,490,262,228
114000217,80,247,-167
114000218,55,361,-306
114000219,524,258,266
114000220,8,1455,-1447
114000221,214,77,137
114000222,133,1162,-1029
114000223,195,49,146
114000224,65,545,-480
114000225,97,423,-326
114000226,30,177,-147
114000227,535,436,99
114000228,318,689,-371
114000229,382,1141,-759
114000230,972,1218,-246
114000231,493,1083,-590
114000232,234,92,142
114000233,963,63,900
114000234,718,804,-86
114000235,453,1496,-1043
114000236,0,493,-493
114000237,65,967,-902
114000238,28,173,-145
114000239,116,1271,-1155
114000240,349,573,-224
114000241,170,1021,-851
114000242,760,823,-63
114000243,605,613,-8
114000244,354,240,114
114000245,250,533,-283
114000246,114,30,84
114000247,346,583,-237
114000248,424,426,-2
114000249,295,402,-107
114000250,141,410,-269
114000251,122,289,-167
114000252,33,77,-44
114000253,35,148,-113
114000254,2,52,-50
114000255,349,126,223
114000256,1714,333,1381
114000257,689,1867,-1178
114000258,86,391,-305
114000259,15,203,-188
114000260,0,15,-15
114000261,15,18,-3
114000262,27,116,-89
114000263,7,3,4
114000264,201,476,-275
114000265,0,0,0
114000267,1,1042,-1041
114000268,1,1906,-1905
114000270,50,4,46
114000271,216,79,137
114000283,384,366,18
114000285,34,247,-213
114000288,23,374,-351
114000289,708,127,581
114000293,71,371,-300
114000294,156,272,-116
114000395,752,36,716
114000396,106,198,-92
114000402,185,256,-71
114000403,150,490,-340
114000405,89,593,-504
114000423,67,466,-399
114000424,124,203,-79
114000425,152,511,-359
114000426,145,362,-217
114000427,48,67,-19
114000428,249,54,195
114000429,5,124,-119
114000432,49,131,-82
114000434,15,74,-59
114000435,0,119,-119
114900001,220,1453,-1233
114900002,242,36,206
114900003,142,1715,-1573
114900004,74,114,-40
114900005,136,760,-624
114900006,12,20,-8
114900007,33,1,32
114900008,35,21,14
114900010,2395,1176,1219
114900011,57,90,-33
114900013,40,58,-18
114900018,420,31,389
114900020,37,34,3
114900022,2,466,-464
114900025,153,151,2
114900026,35,61,-26
114900029,54,21,33
114900030,87,158,-71
114900031,54,27,27
114900032,69,26,43
114900034,29,193,-164
114900035,139,166,-27
114900036,166,955,-789
114900039,280,669,-389
114900040,31,188,-157
114900041,203,552,-349
114900042,336,766,-430
114900044,44,9,35
114900047,95,927,-832
114900048,32,232,-200
114900049,19,331,-312
114900050,18,678,-660
114900051,23,425,-402
114900052,58,132,-74
114900053,22,183,-161
114900054,23,96,-73
114900057,113,4,109
114900058,0,79,-79
114900059,39,17,22
114900063,34,203,-169
114900064,394,524,-130
114900065,185,578,-393
114900067,12,286,-274
114900068,63,264,-201
114900069,205,100,105
114900070,156,508,-352
114900072,7,177,-170
114900073,1,170,-169
114900074,112,748,-636
114900075,64,0,64
114900076,1,286,-285
114900080,2526,276,2250
114900082,3204,988,2216
114900083,303,599,-296
114900090,75,83,-8
114900091,124,168,-44
114900097,35,0,35
114900098,1,166,-165
114900099,45,0,45
115000001,8403,5811,2592
115000002,2227,2320,-93
115000003,3033,4035,-1002
115000004,1598,3081,-1483
115000005,922,2570,-1648
115000006,388,1096,-708
115000007,71,118,-47
115000008,401,348,53
115000009,90,267,-177
115000010,138,83,55
115000013,82,107,-25
115000015,98,126,-28
115000016,53,175,-122
115000019,10,230,-220
115000020,104,197,-93
115000021,195,340,-145
115000022,279,254,25
115000023,186,269,-83
115000024,683,390,293
115000025,502,311,191
115000026,94,285,-191
115000027,104,178,-74
115000028,79,420,-341
115000029,245,100,145
115000030,131,610,-479
115000031,370,140,230
115000032,6,232,-226
115000033,96,7,89
115000034,112,758,-646
115000035,515,16,499
115000036,1,381,-380
115000037,131,3,128
115000038,39,147,-108
115000039,2199,1300,899
115000040,4786,2474,2312
115000041,585,1537,-952
115000042,366,459,-93
115000043,2057,1940,117
115000044,2129,3651,-1522
115000045,1616,2522,-906
115000046,907,1925,-1018
115000047,1018,1696,-678
115000048,964,2820,-1856
115000049,1141,2441,-1300
115000050,1739,1498,241
115000051,1688,1050,638
115000052,2931,1616,1315
115000053,1081,896,185
115000054,685,1175,-490
115000055,59,365,-306
115000056,142,196,-54
115000057,281,626,-345
115000058,164,149,15
115000059,149,287,-138
115000061,101,78,23
115000062,119,274,-155
115000063,122,282,-160
115000064,127,162,-35
115000065,10,222,-212
115000067,204,30,174
115000069,19,173,-154
115000070,28,358,-330
115000071,61,10,51
115000072,6,46,-40
115000073,1282,36,1246
115000075,27,31,-4
115000076,2484,2801,-317
115000077,883,3346,-2463
115000078,383,1788,-1405
115000079,573,2106,-1533
115000080,1027,2584,-1557
115000081,276,697,-421
115000082,1975,2107,-132
115000083,1105,3119,-2014
115000084,681,863,-182
115000085,259,1097,-838
115000086,382,812,-430
115000087,394,1233,-839
115000088,1071,456,615
115000089,1368,1271,97
115000090,690,503,187
115000091,197,1113,-916
115000092,253,297,-44
115000093,230,0,230
115000094,6666,3530,3136
115000095,5466,3254,2212
115000096,399,1896,-1497
115000097,372,749,-377
115000098,338,738,-400
115000099,1024,2961,-1937
115000100,354,396,-42
115000101,253,1417,-1164
115000102,210,146,64
115000103,276,828,-552
115000105,39,198,-159
115000106,227,162,65
115000107,92,559,-467
115000108,3364,2637,727
115000109,4622,1765,2857
115000110,787,488,299
115000111,577,1196,-619
115000112,309,248,61
115000113,420,702,-282
115000114,1431,655,776
115000116,1892,789,1103
115000117,2578,1048,1530
115000118,1016,934,82
115000119,1157,1048,109
115000120,272,544,-272
115000121,1539,516,1023
115000122,3168,444,2724
115000123,1279,685,594
115000124,575,400,175
115000125,275,478,-203
115000126,78,199,-121
115000127,254,121,133
115000128,899,482,417
115000129,214,126,88
115000130,168,708,-540
115000131,204,173,31
115000132,76,373,-297
115000133,131,307,-176
115000134,138,217,-79
115000135,65,225,-160
115000136,94,276,-182
115000137,57,170,-113
115000138,98,199,-101
115000139,128,259,-131
115000140,95,108,-13
115000141,68,291,-223
115000142,83,303,-220
115000143,250,312,-62
115000144,261,184,77
115000145,135,457,-322
115000146,139,144,-5
115000147,434,502,-68
115000148,226,1253,-1027
115000149,265,148,117
115000150,459,1110,-651
115000151,363,317,46
115000152,310,1552,-1242
115000153,432,283,149
115000154,301,203,98
115000155,233,1056,-823
115000156,699,340,359
115000157,615,770,-155
115000158,417,257,160
115000159,583,205,378
115000160,410,150,260
115000161,143,390,-247
115000162,483,409,74
115000163,452,502,-50
115000164,318,409,-91
115000165,306,272,34
115000167,73,49,24
115000168,458,165,293
115000169,446,223,223
115000170,102,123,-21
115000171,188,136,52
115000172,1386,382,1004
115000173,160,133,27
115000174,41,136,-95
115000175,85,112,-27
115000176,37,25,12
115000177,48,57,-9
115000178,11,218,-207
115000179,17,13,4
115000180,46,470,-424
115000181,216,97,119
115000182,224,298,-74
115000183,89,729,-640
115000186,317,209,108
115000187,81,509,-428
115000188,302,346,-44
115000189,154,340,-186
115000190,376,335,41
115000191,122,266,-144
115000194,98,97,1
115000195,206,112,94
115000196,46,85,-39
115000197,59,406,-347
115000198,67,161,-94
115000199,43,259,-216
115000200,120,101,19
115000201,57,306,-249
115000206,91,43,48
115000207,23,288,-265
115000208,361,558,-197
115000209,269,82,187
115000210,61,75,-14
115000211,130,146,-16
115000212,1068,213,855
115000224,89,47,42
115000225,23,41,-18
115000229,172,112,60
115000230,45,254,-209
115000231,201,2274,-2073
115000232,649,332,317
115000233,48,181,-133
115000234,12,186,-174
115000241,39,311,-272
115000242,19,246,-227
115000243,17,234,-217
115000244,6,77,-71
115000246,97,14,83
115000247,3,1,2
115000248,2,2,0
115000249,5,1,4
115000250,103,57,46
115000251,197,239,-42
115000252,83,217,-134
115000253,24,99,-75
115000258,104,255,-151
115000259,191,110,81
115000261,2,8,-6
115000262,5,25,-20
115000263,2,48,-46
115000264,57,73,-16
115000267,15,51,-36
115000268,30,68,-38
115000269,80,74,6
115000270,2,17,-15
115000272,24,114,-90
115000273,120,40,80
115000280,3449,45,3404
115000281,842,96,746
115000282,586,223,363
115000284,277,58,219
115000296,409,6,403
115000297,60,29,31
115000298,27,77,-50
115000300,30,161,-131
115000302,135,150,-15
115000303,219,121,98
115000304,256,78,178
115000305,27,895,-868
115000306,59,492,-433
115000307,20,296,-276
115000308,31,17,14
115000310,435,1264,-829
115000311,304,1180,-876
115000313,79,583,-504
115000314,164,58,106
115000315,1059,267,792
115000316,31,56,-25
115000317,75,482,-407
115000318,320,162,158
115000319,42,275,-233
115000320,6,102,-96
115000321,351,3,348
115000322,24,255,-231
115000449,142,78,64
115000557,3,453,-450
115000558,182,67,115
115000587,191,234,-43
115000588,1712,3854,-2142
115000589,1882,2216,-334
115000590,528,1328,-800
115000591,1086,570,516
115000592,604,1270,-666
115000593,916,381,535
115000594,668,1154,-486
115000609,109,141,-32
115000617,1480,987,493
115000624,106,73,33
115000633,225,1358,-1133
115000634,1885,533,1352
115000635,205,123,82
115000638,912,560,352
115000641,82,82,0
115000642,323,183,140
115000643,121,375,-254
115000644,114,335,-221
115000646,481,661,-180
115000647,66,307,-241
115000648,661,1369,-708
115000893,3552,731,2821
115000894,49,909,-860
115000895,399,770,-371
115000896,1068,287,781
115000897,354,46,308
115000898,383,153,230
115000899,829,762,67
115000900,59,268,-209
115000901,73,75,-2
115000912,108,54,54
115000913,3,19,-16
115000915,22,2,20
115000916,0,0,0
115000917,0,8,-8
115000918,51,109,-58
115000919,14,4,10
115000920,7,25,-18
115000921,927,28,899
115000922,1337,359,978
115000923,406,689,-283
115000925,29,68,-39
115000927,37,48,-11
115000933,338,108,230
115000934,41,150,-109
115000935,33,85,-52
115000936,36,193,-157
115000937,1196,83,1113
115000938,284,104,180
115000939,382,91,291
115000940,13,3,10
115000941,4,7,-3
115000942,47,48,-1
115000943,52,12,40
115000944,5,4,1
115900001,17,60,-43
115900002,63,106,-43
115900003,58,115,-57
115900004,0,65,-65
115900005,29,1,28
115900006,54,325,-271
115900008,23,13,10
115900009,24,238,-214
115900010,70,184,-114
115900011,130,199,-69
115900012,26,86,-60
115900013,194,92,102
115900014,41,143,-102
115900015,36,114,-78
115900016,44,15,29
115900017,0,1,-1
115900018,140,60,80
115900019,159,12,147
115900020,4,0,4
115900021,1659,76,1583
115900022,1799,8,1791
115900023,8,1,7
115900025,39,111,-72
115900026,670,343,327
115900027,0,330,-330
115900028,375,38,337
115900029,7,480,-473
115900030,25,6,19
115900031,319,81,238
115900032,172,612,-440
115900033,1,37,-36
115900034,19,462,-443
115900035,18,126,-108
115900036,127,182,-55
115900037,14,483,-469
115900038,7,3,4
115900039,70,277,-207
115900041,259,263,-4
115900042,7,1,6
115900043,34,112,-78
115900044,129,130,-1
115900046,79,248,-169
115900047,36,32,4
115900049,54,173,-119
115900051,1,67,-66
115900052,13,340,-327
115900053,34,238,-204
115900054,80,68,12
115900055,12,135,-123
115900056,73,298,-225
115900057,13,0,13
115900058,26,63,-37
115900060,20,71,-51
115900061,43,0,43
115900062,9,253,-244
115900063,41,7,34
115900064,101,152,-51
115900065,19,107,-88
115900066,148,170,-22
115900067,1,754,-753
115900068,3723,90,3633
115900069,30,148,-118
115900070,95,211,-116
115900071,1,409,-408
115900072,47,200,-153
115900073,14,14,0
115900074,6,412,-406
115900075,7,268,-261
115900076,1,102,-101
115900077,6,319,-313
115900078,19,120,-101
115900079,49,16,33
115900080,230,134,96
115900081,4,77,-73
115900082,101,91,10
115900084,89,37,52
115900085,43,43,0
115900086,1024,261,763
115900088,20,21,-1
115900089,59,821,-762
115900090,99,15,84
115900091,0,11,-11
115900092,30,235,-205
115900093,1,39,-38
115900094,8,415,-407
115900096,0,28,-28
115900097,11,571,-560
115900098,45,371,-326
115900099,4,66,-62
115900100,3,500,-497
115900101,77,384,-307
115900102,14,64,-50
115900103,133,168,-35
115900104,12,121,-109
115900105,41,511,-470
115900106,21,23,-2
115900107,11,164,-153
115900108,15,45,-30
115900109,31,333,-302
115900110,0,12,-12
115900111,0,67,-67
115900112,15,599,-584
115900113,7,6,1
115900114,0,125,-125
115900115,22,85,-63
115900116,48,650,-602
115900117,36,12,24
115900118,6,349,-343
115900119,43,38,5
115900120,20,240,-220
115900121,55,158,-103
115900124,98,253,-155
115900125,146,27,119
115900126,257,20,237
115900127,248,18,230
115900128,4,105,-101
115900129,267,25,242
115900130,19,157,-138
115900131,77,8,69
115900132,120,9,111
115900134,84,4,80
115900135,423,298,125
115900137,5,2,3
115900139,60,49,11
115900140,95,11,84
115900141,7,28,-21
115900142,14,7,7
115900143,62,177,-115
115900144,14,166,-152
115900146,1,158,-157
115900147,111,143,-32
115900148,19,17,2
115900149,18,27,-9
115900150,17,69,-52
115900151,7,38,-31
115900152,19,300,-281
115900153,24,172,-148
115900154,346,240,106
115900155,1,71,-70
115900156,266,497,-231
115900157,53,292,-239
115900158,23,5,18
115900159,18,243,-225
115900160,9,3,6
115900161,19,137,-118
115900163,71,61,10
115900164,107,105,2
115900166,94,141,-47
115900168,25,103,-78
115900171,33,191,-158
115900172,17,114,-97
115900173,99,126,-27
115900174,146,151,-5
115900175,38,164,-126
115900178,1,593,-592
115900179,70,20,50
115900180,27,286,-259
115900181,35,261,-226
115900182,133,293,-160
115900183,67,30,37
115900184,1327,7,1320
115900187,4,65,-61
115900189,0,48,-48
115900190,125,247,-122
115900191,22,363,-341
115900192,1,37,-36
115900193,62,49,13
115900194,162,28,134
115900195,276,504,-228
115900198,109,131,-22
115900199,155,176,-21
115900200,205,182,23
115900201,277,190,87
115900202,0,3,-3
115900203,0,2,-2
115900204,0,2,-2
115900205,47,6,41
115900206,40,104,-64
115900207,6,17,-11
115900208,39,267,-228
115900209,0,88,-88
115900210,1,122,-121
115900211,1,133,-132
115900212,52,162,-110
115900213,17,13,4
115900214,114,268,-154
115900215,14,18,-4
115900216,6,69,-63
115900217,0,51,-51
115900218,2,47,-45
115900219,39,2,37
115900220,51,8,43
115900221,14,7,7
115900222,8,7,1
115900223,5,44,-39
115900224,1341,242,1099
115900225,82,14,68
115900226,3,19,-16
115900227,2,22,-20
115900228,0,25,-25
115900229,2,26,-24
115900230,40,56,-16
115900231,35,1,34
115900232,22,0,22
115900233,55,3,52
115900234,17,9,8
115900235,4,19,-15
115900236,10,12,-2
115900237,5,22,-17
115900238,2,12,-10
115900239,3,10,-7
115900240,6,57,-51
115900241,48,56,-8
115900242,137,169,-32
115900243,3,4,-1
115900244,0,4,-4
115900245,15,10,5
115900246,2,2,0
115900247,2,0,2
115900248,6,2,4
115900249,0,4,-4
115900250,0,16,-16
115900251,0,6,-6
115900252,0,1,-1
115900253,0,3,-3
115900254,4,8,-4
115900255,0,5,-5
115900256,21,9,12
115900257,0,3,-3
115900258,0,1,-1
115900259,4,0,4
115900260,8,0,8
115900261,1,0,1
115900262,4,1,3
115900263,2,2,0
115900264,15,2,13
115900265,0,7,-7
115900266,1,6,-5
115900267,6,1,5
115900268,6,7,-1
115900269,154,267,-113
115900270,96,656,-560
115900271,13,0,13
115900272,3,0,3
115900273,0,2,-2
115900274,0,3,-3
115900275,1,27,-26
115900276,0,43,-43
115900277,2,130,-128
115900278,7,87,-80
115900279,7,122,-115
115900280,7,103,-96
115900281,492,64,428
115900282,15,4,11
115900283,3,2,1
115900284,2,7,-5
116000001,16699,4181,12518
116000002,3169,3097,72
116000003,1121,1575,-454
116000004,947,1032,-85
116000005,1921,2880,-959
116000006,1118,746,372
116000007,2588,3577,-989
116000008,2076,1094,982
116000009,1497,2743,-1246
116000010,921,661,260
116000011,587,1837,-1250
116000012,491,449,42
116000013,13685,3324,10361
116000014,18339,4895,13444
116000015,368,488,-120
116000016,5841,1059,4782
116000017,34,337,-303
116000018,485,258,227
116000019,387,204,183
116000020,363,837,-474
116000021,128,245,-117
116000022,194,435,-241
116000023,334,363,-29
116000024,583,1118,-535
116000025,450,432,18
116000026,1176,1726,-550
116000027,191,329,-138
116000028,170,412,-242
116000029,704,428,276
116000030,223,196,27
116000031,80,123,-43
116000032,190,263,-73
116000033,185,363,-178
116000034,289,795,-506
116000035,215,488,-273
116000036,1608,319,1289
116000037,521,360,161
116000038,395,237,158
116000039,617,278,339
116000040,553,151,402
116000041,194,377,-183
116000042,236,169,67
116000043,48,388,-340
116000044,11,91,-80
116000045,955,868,87
116000046,860,697,163
116000047,1417,1313,104
116000048,1431,1145,286
116000049,491,1410,-919
116000050,813,1086,-273
116000051,1521,1415,106
116000052,1875,2767,-892
116000053,790,852,-62
116000054,378,2092,-1714
116000055,260,1359,-1099
116000056,374,846,-472
116000057,2479,1776,703
116000058,2445,1306,1139
116000059,2454,2629,-175
116000060,2618,674,1944
116000061,323,640,-317
116000062,506,181,325
116000063,330,856,-526
116000066,148,205,-57
116000067,262,535,-273
116000068,93,162,-69
116000069,227,432,-205
116000078,192,892,-700
116000080,609,878,-269
116000082,8,88,-80
116000083,650,283,367
116000084,1655,3647,-1992
116000085,1188,714,474
116000086,1874,1501,373
116000087,758,755,3
116000088,523,1037,-514
116000089,107,74,33
116000090,78,102,-24
116000091,123,106,17
116000093,665,341,324
116000094,221,556,-335
116000095,328,417,-89
116000096,498,843,-345
116000097,284,658,-374
116000098,209,3116,-2907
116000099,7610,281,7329
116000100,51,8,43
116000101,207,1415,-1208
116000102,151,1174,-1023
116000103,221,149,72
116000104,91,1327,-1236
116000105,367,190,177
116000106,450,1089,-639
116000107,1607,337,1270
116000108,10,115,-105
116000111,40,15,25
116000113,84,23,61
116000114,19,132,-113
116000115,79,40,39
116000116,151,485,-334
116000117,614,1328,-714
116000118,680,1184,-504
116000119,1141,1255,-114
116000120,1713,4116,-2403
116000121,359,275,84
116000122,1045,2355,-1310
116000123,236,257,-21
116000124,173,999,-826
116000125,837,379,458
116000126,137,1340,-1203
116000127,691,1388,-697
116000128,687,510,177
116000129,356,181,175
116000130,201,210,-9
116000133,268,862,-594
116000134,827,2482,-1655
116000135,721,998,-277
116000136,711,2110,-1399
116000137,440,454,-14
116000138,976,288,688
116000139,1226,1877,-651
116000140,74,185,-111
116000141,240,879,-639
116000142,3585,3868,-283
116000143,1660,1153,507
116000144,855,2675,-1820
116000145,936,1204,-268
116000146,162,387,-225
116000147,148,103,45
116000148,182,303,-121
116000149,203,420,-217
116000151,367,989,-622
116000153,33,327,-294
116000155,100,145,-45
116000156,758,777,-19
116000157,17,14,3
116000158,186,364,-178
116000159,10,5,5
116000160,10,98,-88
116000161,6,69,-63
116000162,53,45,8
116000163,11,5,6
116000164,2,10,-8
116000177,18,93,-75
116000194,30,224,-194
116000195,913,522,391
116000196,0,5,-5
116000197,2,8,-6
116000198,1986,705,1281
116000200,491,179,312
116000201,372,532,-160
116000202,1,262,-261
116000203,3,75,-72
116000204,7,37,-30
116000205,1,112,-111
116000206,0,76,-76
116000207,0,25,-25
116000233,74,677,-603
116000287,46,451,-405
116000288,46,245,-199
116000292,11,115,-104
116000296,7,181,-174
116000297,64,21,43
116000304,21,40,-19
116000305,3,55,-52
116000346,61,159,-98
116000352,57,39,18
116000354,23,0,23
116000357,66,8,58
116000358,69,13,56
116000361,655,1,654
116000372,8999,1792,7207
116000381,46,0,46
116000388,1,29,-28
116000389,361,433,-72
116000445,115,771,-656
116000446,120,943,-823
116000447,7,378,-371
116000448,450,181,269
116000563,836,349,487
116000565,63,410,-347
116000568,25,43,-18
116000579,10,83,-73
116000583,18,52,-34
116000584,9,7,2
116000585,5,20,-15
116000586,211,65,146
116000587,208,378,-170
116000589,12,68,-56
116000590,23,44,-21
116000591,46,242,-196
116000592,8,92,-84
116000593,0,68,-68
116000594,140,520,-380
116000595,212,151,61
116000596,28,5,23
116000597,81,25,56
116000598,10,189,-179
116000605,106,64,42
116000606,19,88,-69
116000607,1,39,-38
116000609,161,432,-271
116000611,59,529,-470
116000612,372,1567,-1195
116000613,189,241,-52
116000614,338,742,-404
116000615,1,82,-81
116000616,14,106,-92
116000617,38,122,-84
116000618,0,140,-140
116000619,9,35,-26
116000620,32,301,-269
116000621,10,28,-18
116000622,14,87,-73
116000624,94,35,59
116000627,11,115,-104
116000628,31,545,-514
116000629,14,337,-323
116000630,80,30,50
116000631,31,36,-5
116000632,184,83,101
116000633,38,324,-286
116000634,162,277,-115
116000635,2917,1135,1782
116000636,1598,854,744
116000637,114,121,-7
116000638,64,424,-360
116000639,21,0,21
116000640,6,10,-4
116000641,44,162,-118
116000643,1,148,-147
116000644,9,976,-967
116000645,8,10,-2
116900001,125,145,-20
116900002,188,2,186
116900003,9,73,-64
116900004,13,14,-1
116900005,76,36,40
116900006,133,161,-28
116900007,70,176,-106
116900008,104,432,-328
116900009,6,3,3
116900010,68,1706,-1638
116900011,4,21,-17
116900012,74,190,-116
116900013,2,129,-127
116900014,27,340,-313
116900015,71,65,6
116900016,52,0,52
116900017,2,652,-650
116900018,21,23,-2
116900019,3,288,-285
116900020,1235,155,1080
116900023,25,3,22
116900024,200,52,148
116900025,248,1037,-789
116900026,73,605,-532
116900027,4,31,-27
116900028,6,100,-94
116900029,6,16,-10
116900031,1,3,-2
116900032,3,305,-302
116900033,1,11,-10
116900034,7,59,-52
116900035,94,179,-85
116900036,2,73,-71
116900038,2,3,-1
116900041,26,1,25
116900042,851,155,696
116900043,7,43,-36
116900047,75,33,42
116900049,23,250,-227
116900050,33,316,-283
116900051,18,259,-241
116900052,95,43,52
116900055,1,2,-1
116900057,12,252,-240
116900058,10,313,-303
116900059,1,130,-129
116900060,99,238,-139
116900062,4,2,2
116900064,25,911,-886
116900065,0,61,-61
116900067,41,84,-43
116900068,67,425,-358
116900070,0,1,-1
116900072,7,349,-342
116900073,6,176,-170
116900074,1,29,-28
116900076,1,12,-11
116900077,2,176,-174
116900078,174,86,88
116900079,8,307,-299
116900080,1,17,-16
116900081,108,1154,-1046
116900082,97,990,-893
116900083,37,45,-8
116900084,107,35,72
116900085,14,107,-93
116900086,13,193,-180
116900088,278,32,246
116900090,82,36,46
116900091,55,124,-69
116900092,71,655,-584
116900093,1391,1370,21
116900094,5686,1387,4299
116900095,103,183,-80
116900096,70,68,2
116900097,3039,1034,2005
116900098,792,98,694
116900099,356,243,113
116900100,287,10,277
116900101,218,619,-401
116900103,0,0,0
116900104,24,48,-24
116900105,193,28,165
116900106,359,118,241
116900107,3474,694,2780
116900110,6,0,6
116900111,98,982,-884
116900112,67,722,-655
116900113,2184,616,1568
116900116,77,194,-117
116900117,8,44,-36
116900118,988,410,578
116900120,78,75,3
116900121,33,32,1
116900122,145,918,-773
116900123,41,897,-856
116900124,57,643,-586
116900125,60,179,-119
116900126,160,361,-201
116900128,0,36,-36
116900129,0,290,-290
116900130,823,1265,-442
116900131,33,133,-100
116900132,9,49,-40
116900133,41,84,-43
116900134,75,159,-84
116900136,62,110,-48
116900137,122,92,30
116900138,126,184,-58
116900139,50,384,-334
116900140,113,116,-3
116900141,261,220,41
116900142,7,21,-14
116900143,109,402,-293
116900144,10,40,-30
116900145,33,285,-252
116900147,441,185,256
116900148,0,25,-25
116900149,15,63,-48
116900150,1,3,-2
116900151,49,9,40
116900153,28,30,-2
116900154,333,78,255
116900155,37,32,5
116900157,85,228,-143
116900158,45,50,-5
116900159,26,147,-121
116900160,338,187,151
116900161,8220,2320,5900
116900162,6,115,-109
116900163,27,122,-95
116900164,31,13,18
116900165,80,79,1
116900166,6,64,-58
116900167,108,31,77
116900168,68,60,8
116900169,412,146,266
116900170,82,156,-74
116900171,18,206,-188
116900172,159,73,86
116900173,32,30,2
116900174,5,33,-28
116900175,107,57,50
116900178,5,168,-163
116900179,44,76,-32
116900180,32,20,12
116900182,148,155,-7
116900183,84,59,25
116900185,7,7,0
116900186,33,318,-285
116900187,9,12,-3
116900188,52,5,47
116900189,8,0,8
116900191,149,178,-29
116900192,125,113,12
116900194,41,310,-269
116900195,24,8,16
116900196,7,87,-80
116900197,14,3,11
116900198,186,104,82
116900200,15,29,-14
116900201,20,3,17
116900202,86,46,40
116900203,39,0,39
116900204,15,34,-19
116900206,5,33,-28
116900207,6,13,-7
116900208,5,124,-119
116900209,7,137,-130
116900210,170,156,14
116900211,124,4,120
116900212,9,47,-38
116900213,133,148,-15
116900214,57,168,-111
116900215,14,65,-51
116900216,116,280,-164
116900218,2,287,-285
116900219,503,293,210
116900220,41,128,-87
116900221,23,204,-181
116900222,232,230,2
116900223,59,114,-55
116900226,16,63,-47
116900227,41,50,-9
116900228,115,249,-134
116900230,29,320,-291
116900231,14,452,-438
116900232,3,517,-514
116900233,83,69,14
116900234,5,0,5
116900235,217,435,-218
116900238,1169,228,941
116900239,33,484,-451
116900240,5029,1504,3525
116900241,12,102,-90
116900242,1124,125,999
116900243,0,37,-37
116900245,6,10,-4
116900246,33,8,25
116900247,140,14,126
116900248,15,11,4
116900249,65,85,-20
116900250,40,43,-3
116900251,372,131,241
116900252,30,830,-800
116900254,3,74,-71
116900255,55,20,35
116900256,105,74,31
116900257,8,530,-522
116900258,5,300,-295
116900259,27,1,26
116900260,0,114,-114
116900261,22,3,19
116900262,53,147,-94
116900263,0,9,-9
116900264,17,21,-4
116900265,6,1,5
116900266,9,41,-32
116900267,0,2,-2
116900268,10,4,6
116900269,189,455,-266
116900271,1736,42,1694
116900272,405,442,-37
116900273,263,28,235
116900274,20,49,-29
116900275,40,110,-70
116900276,207,36,171
116900277,460,3,457
116900278,7,7,0
116900279,1,14,-13
116900280,5,29,-24
116900281,6634,1352,5282
116900282,3,137,-134
116900283,7,133,-126
116900284,20,134,-114
116900285,255,88,167
116900286,171,5,166
116900287,5,66,-61
116900288,17,149,-132
116900289,4,21,-17
116900290,0,27,-27
116900291,6,5,1
116900292,1,2,-1
116900293,5,61,-56
116900294,10,103,-93
116900295,102,15,87
116900296,26,57,-31
116900297,4,49,-45
116900298,95,30,65
116900299,30,22,8
116900300,1,111,-110
116900301,44,69,-25
116900302,41,24,17
116900303,276,41,235
116900304,0,75,-75
116900305,16,17,-1
116900306,56,148,-92
116900307,17,0,17
116900308,2,202,-200
116900309,13,112,-99
116900310,4,34,-30
117000001,724,1002,-278
117000002,1178,3581,-2403
117000003,4850,2148,2702
117000004,3315,4411,-1096
117000005,951,1117,-166
117000006,767,4210,-3443
117000007,1999,1166,833
117000008,865,3846,-2981
117000009,3272,1204,2068
117000010,2181,3812,-1631
117000011,836,1713,-877
117000012,954,1699,-745
117000013,771,1170,-399
117000014,578,2204,-1626
117000015,2376,981,1395
117000016,431,79,352
117000017,527,160,367
117000018,118,216,-98
117000019,72,21,51
117000020,697,683,14
117000021,3250,496,2754
117000022,391,46,345
117000023,467,118,349
117000024,304,51,253
117000025,674,469,205
117000026,2461,522,1939
117000027,3680,882,2798
117000028,4144,495,3649
117000030,874,523,351
117000031,372,233,139
117000032,1775,1174,601
117000033,847,661,186
117000034,319,273,46
117000035,225,202,23
117000036,344,215,129
117000037,231,156,75
117000038,215,419,-204
117000039,272,229,43
117000040,76,1344,-1268
117000041,405,111,294
117000044,15,1172,-1157
117000045,218,55,163
117000046,323,748,-425
117000047,587,473,114
117000048,1541,1196,345
117000049,109,322,-213
117000050,67,2521,-2454
117000051,978,148,830
117000052,13,572,-559
117000053,88,47,41
117000054,899,1,898
117000055,123,2970,-2847
117000056,260,7,253
117000057,586,1843,-1257
117000060,265,1810,-1545
117000061,804,610,194
117000062,110,454,-344
117000063,877,580,297
117000064,746,626,120
117000066,781,501,280
117000067,150,227,-77
117000074,153,137,16
117000076,61,28,33
117000077,96,64,32
117000078,84,513,-429
117000079,128,121,7
117000080,0,308,-308
117000081,522,104,418
117000082,28,68,-40
117000083,227,143,84
117000084,300,1,299
117000085,98,367,-269
117000086,984,742,242
117000087,70,372,-302
117000088,172,180,-8
117000089,721,283,438
117000090,132,1388,-1256
117000091,303,349,-46
117000092,185,1623,-1438
117000093,523,527,-4
117000094,442,2285,-1843
117000095,1179,648,531
117000096,339,2368,-2029
117000097,594,1002,-408
117000098,2027,5175,-3148
117000099,1167,602,565
117000100,59,130,-71
117000101,143,1321,-1178
117000102,579,417,162
117000103,579,1701,-1122
117000104,633,429,204
117000105,461,1999,-1538
117000106,608,536,72
117000107,283,2243,-1960
117000108,702,611,91
117000109,1517,2712,-1195
117000110,798,404,394
117000111,2725,4096,-1371
117000112,1500,1416,84
117000113,55,348,-293
117000114,93,129,-36
117000115,37,146,-109
117000116,31,189,-158
117000117,999,339,660
117000118,179,137,42
117000119,137,20,117
117000120,446,64,382
117000121,232,334,-102
117000122,520,568,-48
117000123,1561,19,1542
117000124,638,15,623
117000125,404,18,386
117000126,70,46,24
117000127,141,214,-73
117000128,350,410,-60
117000129,676,354,322
117000130,84,2,82
117000131,0,237,-237
117000132,740,32,708
117000133,352,26,326
117000134,0,73,-73
117000135,6,24,-18
117000136,0,63,-63
117000137,36,21,15
117000138,0,498,-498
117000140,294,1468,-1174
117000141,884,478,406
117000181,860,303,557
117000182,176,134,42
117000195,182,1242,-1060
117000196,66,32,34
117000225,136,2,134
117000226,16,92,-76
117000276,70,4,66
117000277,2,530,-528
117000310,1783,2056,-273
117000315,27,487,-460
117000320,74,0,74
117000906,102,15,87
117000907,2,448,-446
117000909,72,26,46
117000910,136,112,24
117000911,87,286,-199
117000915,8,560,-552
117000916,27,0,27
117000917,327,8,319
117000918,13,24,-11
117000919,21,185,-164
117000920,3,1379,-1376
117000921,8,2186,-2178
117000922,27,120,-93
117000924,242,560,-318
117000926,1396,64,1332
117000927,2106,201,1905
117000928,1,253,-252
117000929,66,519,-453
117000930,67,19,48
117000931,905,35,870
117900002,76,311,-235
117900003,611,205,406
117900005,2,1,1
117900006,0,33,-33
117900007,43,143,-100
117900008,0,33,-33
117900010,208,145,63
117900011,20,12,8
117900012,26,164,-138
117900013,0,290,-290
117900014,600,258,342
117900015,10,209,-199
117900016,1118,276,842
117900017,367,685,-318
117900018,201,26,175
117900019,205,566,-361
117900020,68,186,-118
117900021,12,93,-81
117900023,571,92,479
117900024,52,126,-74
117900025,14,4,10
117900026,130,470,-340
117900028,43,2,41
117900029,104,1207,-1103
117900031,115,45,70
117900032,349,225,124
117900033,98,1079,-981
117900034,33,48,-15
117900035,85,32,53
117900036,112,808,-696
117900037,46,98,-52
117900038,3,387,-384
117900039,3,78,-75
117900040,61,492,-431
117900041,3,65,-62
117900042,4315,343,3972
117900043,14,49,-35
117900044,43,2107,-2064
117900045,84,45,39
117900048,103,314,-211
117900049,37,887,-850
117900050,9,30,-21
117900051,21,3,18
117900052,25,176,-151
117900053,529,686,-157
117900054,0,10,-10
117900055,73,110,-37
117900056,398,24,374
117900057,567,1258,-691
117900058,76,10,66
117900059,233,52,181
117900060,427,4961,-4534
117900061,12,113,-101
117900063,105,190,-85
117900065,678,1027,-349
117900066,4,37,-33
117900067,300,331,-31
117900069,376,455,-79
117900070,171,3,168
117900071,64,110,-46
117900073,151,376,-225
117900074,90,4,86
117900075,53,59,-6
117900076,18,59,-41
117900077,150,81,69
117900078,148,288,-140
117900080,99,37,62
117900081,551,449,102
117900082,137,174,-37
117900083,137,682,-545
117900086,101,38,63
117900087,42,50,-8
117900088,2290,1443,847
117900089,688,186,502
117900090,325,913,-588
117900091,102,101,1
117900092,30,35,-5
117900093,15,56,-41
117900094,12,1,11
117900095,223,1008,-785
117900096,37,198,-161
117900097,61,67,-6
117900098,4,0,4
117900099,90,467,-377
117900100,40,0,40
117900101,262,698,-436
117900102,25,29,-4
117900103,10,0,10
117900104,1,111,-110
117900105,113,183,-70
117900106,36,28,8
117900107,7,0,7
117900109,142,192,-50
117900110,32,0,32
117900111,108,1,107
117900112,22,14,8
117900113,3742,1199,2543
117900114,2,0,2
117900115,287,13,274
117900116,796,684,112
117900117,182,221,-39
117900118,10,0,10
117900119,42,269,-227
117900120,36,103,-67
117900121,24,28,-4
117900122,779,1032,-253
117900123,332,739,-407
117900124,411,423,-12
117900125,840,563,277
117900126,275,491,-216
117900127,173,602,-429
117900128,108,796,-688
117900129,10,0,10
117900130,493,173,320
117900131,0,97,-97
117900132,8,83,-75
117900133,3,163,-160
117900134,35,208,-173
117900135,9,225,-216
117900136,0,53,-53
117900137,15,346,-331
117900138,0,47,-47
117900139,19,120,-101
117900140,5280,121,5159
117900141,70,241,-171
117900142,85,2,83
117900144,22,63,-41
117900145,22,8,14
117900146,70,58,12
117900147,16,33,-17
117900148,2347,644,1703
117900149,6,145,-139
117900150,14,83,-69
117900151,24,142,-118
117900152,86,82,4
117900153,8,84,-76
117900154,225,650,-425
117900156,467,605,-138
117900157,57,364,-307
117900158,76,38,38
117900160,250,219,31
117900161,1879,2105,-226
117900162,116,352,-236
117900163,85,15,70
117900165,1,6,-5
117900166,82,164,-82
117900168,41,148,-107
117900169,0,126,-126
117900170,0,34,-34
117900171,7,7,0
117900172,6,41,-35
117900173,98,40,58
117900174,27,21,6
117900175,5,26,-21
117900176,5,36,-31
117900177,12,34,-22
117900178,62,24,38
117900180,219,12,207
117900181,116,103,13
117900182,0,16,-16
117900183,10,98,-88
117900184,0,34,-34
117900185,5,26,-21
117900186,5,6,-1
117900187,11,1,10
117900188,116,12,104
117900189,25,8,17
117900190,10,0,10
117900191,35,0,35
117900192,62,0,62
117900193,1,29,-28
117900194,4,3,1
117900195,2,11,-9
117900196,1,11,-10
117900207,74,53,21
117900208,7,34,-27
117900209,161,127,34
117900210,164,136,28
117900211,17,138,-121
117900212,73,119,-46
117900213,1,6,-5
117900214,3,38,-35
117900215,14,79,-65
117900216,68,20,48
117900217,204,34,170
117900218,193,160,33
117900219,3,33,-30
117900220,74,49,25
117900222,155,192,-37
117900223,158,181,-23
118000001,682,323,359
118000002,1223,1421,-198
118000003,1304,842,462
118000004,2521,1836,685
118000005,5008,1374,3634
118000006,6942,5723,1219
118000007,5579,1587,3992
118000008,5019,2337,2682
118000009,1655,2063,-408
118000010,1494,3112,-1618
118000011,562,2214,-1652
118000012,646,2405,-1759
118000013,2473,2518,-45
118000014,1655,3218,-1563
118000016,196,535,-339
118000017,90,262,-172
118000018,201,696,-495
118000019,1431,1227,204
118000020,780,918,-138
118000021,569,1307,-738
118000022,1336,432,904
118000023,999,295,704
118000024,1291,566,725
118000027,15927,3749,12178
118000029,1006,424,582
118000032,1387,1117,270
118000033,2227,1674,553
118000034,3993,1388,2605
118000035,1377,1182,195
118000036,975,814,161
118000037,530,790,-260
118000038,75,126,-51
118000039,70,368,-298
118000040,1268,2015,-747
118000041,1687,1199,488
118000045,737,108,629
118000046,1769,437,1332
118000047,1513,354,1159
118000048,3525,927,2598
118000051,2020,359,1661
118000052,1371,234,1137
118000053,344,299,45
118000054,1736,968,768
118000055,1327,1054,273
118000056,177,198,-21
118000057,187,243,-56
118000058,2563,802,1761
118000059,1389,570,819
118000060,396,560,-164
118000061,348,981,-633
118000062,262,118,144
118000063,235,311,-76
118000064,693,817,-124
118000065,4495,1059,3436
118000066,548,633,-85
118000067,1491,888,603
118000068,1632,2289,-657
118000069,3215,904,2311
118000070,7368,1060,6308
118000071,3171,2965,206
118000072,1762,784,978
118000073,2816,394,2422
118000074,234,395,-161
118000075,657,232,425
118000076,1035,1010,25
118000077,1064,840,224
118000078,1326,1360,-34
118000079,168,199,-31
118000080,882,570,312
118000081,1200,992,208
118000082,251,482,-231
118000083,1916,756,1160
118000084,2164,1011,1153
118000086,98,371,-273
118000087,5558,1982,3576
118000088,1679,1510,169
118000089,3357,1809,1548
118000090,1931,1819,112
118000091,1159,1275,-116
118000092,991,271,720
118000093,107,545,-438
118000096,299,360,-61
118000097,426,360,66
118000098,210,184,26
118000099,184,865,-681
118000101,440,285,155
118000102,215,1461,-1246
118000107,2826,265,2561
118000108,451,725,-274
118000110,2,14,-12
118000111,4,717,-713
118000112,174,2,172
118000113,2,950,-948
118000114,90,1,89
118000115,13,2,11
118000116,18,0,18
118000117,1020,734,286
118000118,709,470,239
118000119,379,831,-452
118000120,1034,1143,-109
118000121,51,391,-340
118000122,816,115,701
118000123,35,246,-211
118000125,1356,928,428
118000126,576,1199,-623
118000127,1370,511,859
118000128,729,908,-179
118000129,561,199,362
118000130,2464,3519,-1055
118000131,548,920,-372
118000132,1738,1345,393
118000133,341,354,-13
118000135,263,229,34
118000136,63,526,-463
118000137,532,74,458
118000138,134,680,-546
118000139,90,84,6
118000140,1552,2150,-598
118000141,1063,1886,-823
118000142,749,1830,-1081
118000143,745,849,-104
118000144,1340,894,446
118000145,1080,2866,-1786
118000146,797,1638,-841
118000147,498,1594,-1096
118000148,227,1261,-1034
118000149,378,1087,-709
118000150,103,243,-140
118000151,134,489,-355
118000153,346,866,-520
118000154,494,1309,-815
118000155,425,1146,-721
118000156,1896,1739,157
118000157,193,243,-50
118000158,114,432,-318
118000159,7,58,-51
118000160,192,366,-174
118000161,218,702,-484
118000162,443,641,-198
118000163,322,486,-164
118000164,1851,833,1018
118000168,1057,118,939
118000169,759,1629,-870
118000170,3062,5986,-2924
118000171,162,623,-461
118000172,104,249,-145
118000173,590,1031,-441
118000175,165,287,-122
118000176,146,389,-243
118000177,107,465,-358
118000178,41,31,10
118000179,1384,505,879
118000180,563,635,-72
118000181,497,251,246
118000182,191,309,-118
118000183,117,171,-54
118000184,214,1029,-815
118000185,712,605,107
118000186,383,673,-290
118000187,467,909,-442
118000188,198,194,4
118000189,127,687,-560
118000190,2,2,0
118000191,6,21,-15
118000192,85,104,-19
118000193,60,196,-136
118000194,1612,857,755
118000195,982,406,576
118000196,322,83,239
118000197,173,65,108
118000198,613,238,375
118000199,521,192,329
118000200,32,118,-86
118000201,380,199,181
118000202,35,13,22
118000203,1742,245,1497
118000204,195,121,74
118000205,368,240,128
118000206,106,181,-75
118000207,1,87,-86
118000208,693,1191,-498
118000209,943,1687,-744
118000210,17,17,0
118000211,16,31,-15
118000213,703,461,242
118000214,515,198,317
118000215,162,297,-135
118000216,609,2488,-1879
118000217,7,144,-137
118000218,22,71,-49
118000219,266,318,-52
118000220,0,15,-15
118000221,34,145,-111
118000222,55,32,23
118000223,13,22,-9
118000224,143,120,23
118000225,111,817,-706
118000226,486,52,434
118000227,916,270,646
118000228,94,96,-2
118000229,150,17,133
118000230,42,230,-188
118000231,68,161,-93
118000232,347,741,-394
118000233,422,703,-281
118000234,96,220,-124
118000236,161,339,-178
118000237,28,508,-480
118000238,66,224,-158
118000239,135,280,-145
118000240,521,49,472
118000241,38,225,-187
118000242,195,606,-411
118000243,57,153,-96
118000244,35,181,-146
118000246,0,0,0
118000255,55,158,-103
118000256,63,170,-107
118000259,9,25,-16
118000260,45,46,-1
118000261,10,58,-48
118000263,66,147,-81
118000266,70,352,-282
118000267,0,65,-65
118000268,134,0,134
118000270,30,18,12
118000271,104,201,-97
118000272,51,18,33
118000273,80,65,15
118000274,62,294,-232
118000276,94,230,-136
118000295,14,36,-22
118000298,104,438,-334
118000299,66,218,-152
118000301,0,55,-55
118000302,68,113,-45
118000311,94,106,-12
118000312,68,150,-82
118000313,19,120,-101
118000314,22,82,-60
118000315,2,65,-63
118000316,263,497,-234
118000325,10,52,-42
118000326,9,31,-22
118000331,10,49,-39
118000332,11,27,-16
118000333,14,35,-21
118000335,80,0,80
118000336,1,307,-306
118000407,32,47,-15
118000457,8,34,-26
118000465,3479,1889,1590
118000480,11,98,-87
118000489,52,114,-62
118000490,98,398,-300
118000492,124,170,-46
118000510,56,8,48
118000514,110,238,-128
118000515,403,285,118
118000517,280,129,151
118000524,650,124,526
118000525,643,806,-163
118000530,11,86,-75
118000531,77,225,-148
118000532,77,281,-204
118000533,226,133,93
118000534,327,339,-12
118000535,107,87,20
118000536,641,271,370
118000537,16,41,-25
118000538,9,78,-69
118000539,24,54,-30
118000540,126,154,-28
118000541,95,89,6
118000542,42,127,-85
118000543,117,172,-55
118000546,20,17,3
118000553,0,0,0
118000560,2598,543,2055
118000562,9,372,-363
118000563,1615,1282,333
118000576,121,174,-53
118000577,185,144,41
118000578,145,109,36
118000579,749,662,87
118000583,0,0,0
118000595,61,70,-9
118000596,0,66,-66
118000597,97,161,-64
118000598,3,0,3
118000599,13,33,-20
118000600,1,4,-3
118000601,1,0,1
118000602,0,2,-2
118000603,0,54,-54
118000605,42,653,-611
118000606,13,36,-23
118900001,806,380,426
118900002,955,364,591
118900003,48,1,47
118900004,7,43,-36
118900005,15,1,14
118900006,48,0,48
118900007,9,4,5
118900008,942,32,910
118900009,5,8,-3
118900010,8,1,7
118900011,45,3,42
118900012,239,166,73
118900013,387,20,367
118900015,45,4,41
118900016,3,32,-29
118900017,121,86,35
118900018,706,8,698
118900019,30,6,24
118900020,103,74,29
118900021,90,261,-171
118900022,79,116,-37
118900023,35,94,-59
118900024,26,110,-84
118900025,9,13,-4
118900026,28,79,-51
118900027,246,145,101
118900028,45,180,-135
118900029,53,298,-245
118900030,75,66,9
118900031,65,137,-72
118900032,71,178,-107
118900033,192,599,-407
118900034,42,6,36
118900035,65,234,-169
118900036,290,548,-258
118900037,82,187,-105
118900038,96,239,-143
118900039,147,224,-77
118900040,85,110,-25
118900041,106,145,-39
118900042,118,81,37
118900045,114,87,27
118900046,575,136,439
118900047,771,162,609
118900048,107,155,-48
118900049,39,15,24
118900050,6,75,-69
118900051,70,38,32
118900052,57,215,-158
118900053,8,47,-39
118900054,43,55,-12
118900055,15,84,-69
118900056,6,69,-63
118900057,168,163,5
118900058,185,374,-189
118900059,14,55,-41
118900060,30,98,-68
118900062,36,130,-94
118900064,453,249,204
118900065,16,74,-58
118900066,29,89,-60
118900067,6040,1880,4160
118900068,5,89,-84
118900069,161,260,-99
118900071,0,25,-25
118900072,181,293,-112
118900073,34,109,-75
118900074,56,92,-36
118900075,15,50,-35
118900076,83,36,47
118900077,144,119,25
118900078,8,0,8
118900079,29,119,-90
118900080,2,41,-39
118900081,19,15,4
118900082,215,114,101
118900083,4,11,-7
118900084,1,8,-7
118900085,369,764,-395
118900086,7,27,-20
118900087,9,91,-82
118900088,0,10,-10
118900089,10,3,7
118900090,207,385,-178
118900091,104,73,31
118900092,31,57,-26
118900093,74,18,56
118900096,49,41,8
118900097,114,653,-539
118900099,41,219,-178
118900100,48,148,-100
118900101,13,420,-407
118900102,10,23,-13
118900103,8,16,-8
118900104,24,98,-74
118900105,59,37,22
118900107,73,54,19
118900108,20,38,-18
118900110,1015,241,774
118900111,100,514,-414
118900112,16,89,-73
118900113,65,389,-324
118900114,4,59,-55
118900115,27,189,-162
118900116,49,140,-91
118900117,54,124,-70
118900118,105,502,-397
118900119,62,303,-241
118900120,56,285,-229
118900121,3,264,-261
118900122,6,327,-321
118900123,69,202,-133
118900124,20,131,-111
118900126,15,188,-173
118900129,101,91,10
118900130,42,42,0
118900131,54,269,-215
118900132,188,81,107
118900133,24,26,-2
118900135,84,161,-77
118900136,132,743,-611
118900137,0,10,-10
118900139,56,398,-342
118900140,266,797,-531
118900141,26,261,-235
118900144,84,614,-530
118900145,19,113,-94
118900146,93,671,-578
118900147,120,102,18
118900148,12,22,-10
118900150,278,282,-4
118900152,215,819,-604
118900157,63,94,-31
118900158,13,111,-98
118900159,0,133,-133
118900161,80,2,78
118900163,163,41,122
118900164,4,81,-77
118900165,7,185,-178
118900166,3,0,3
118900167,16,141,-125
118900168,12,29,-17
118900169,29,246,-217
118900170,21,77,-56
118900171,3,15,-12
118900174,22,32,-10
118900175,107,255,-148
118900176,32,132,-100
118900177,13,36,-23
118900178,4,64,-60
118900179,0,19,-19
118900181,30,58,-28
118900182,13,8,5
118900183,8,32,-24
118900184,64,18,46
118900185,43,129,-86
118900186,54,93,-39
118900187,99,292,-193
118900188,95,293,-198
118900189,7,324,-317
118900190,3,616,-613
118900191,45,28,17
118900192,52,18,34
118900193,124,14,110
118900195,182,672,-490
118900196,11,109,-98
118900197,54,114,-60
118900198,3,24,-21
118900199,6,55,-49
118900200,7,3,4
118900201,14,4,10
118900202,4,50,-46
118900203,0,27,-27
118900204,1,24,-23
118900205,2,13,-11
118900206,0,28,-28
119000001,558,853,-295
119000002,1195,1887,-692
119000003,680,1369,-689
119000004,1123,1005,118
119000005,905,1168,-263
119000006,1034,1282,-248
119000007,1855,2322,-467
119000008,1284,1978,-694
119000009,3101,1865,1236
119000010,7325,3130,4195
119000011,4875,1339,3536
119000012,4576,2539,2037
119000013,1825,989,836
119000014,1880,3067,-1187
119000019,125,145,-20
119000020,683,1020,-337
119000021,1593,1579,14
119000022,2478,1005,1473
119000023,277,169,108
119000024,2096,4231,-2135
119000025,10492,1079,9413
119000026,269,199,70
119000027,494,253,241
119000028,1554,1033,521
119000029,129,226,-97
119000030,295,1078,-783
119000031,562,759,-197
119000032,1642,1781,-139
119000033,1194,1391,-197
119000034,676,823,-147
119000035,15,288,-273
119000036,568,1118,-550
119000037,637,2153,-1516
119000038,60,1050,-990
119000039,91,202,-111
119000040,809,323,486
119000041,781,900,-119
119000048,3345,3499,-154
119000049,887,3598,-2711
119000050,1210,2093,-883
119000051,1293,756,537
119000052,1798,2467,-669
119000053,1247,938,309
119000054,1990,3541,-1551
119000055,1744,3305,-1561
119000056,1204,1815,-611
119000057,1025,2279,-1254
119000058,1229,1904,-675
119000059,704,1345,-641
119000060,569,727,-158
119000061,580,702,-122
119000062,644,1207,-563
119000063,219,261,-42
119000064,1025,1515,-490
119000065,1336,2712,-1376
119000066,1139,759,380
119000067,1510,2480,-970
119000068,835,864,-29
119000069,931,2289,-1358
119000070,1022,1056,-34
119000071,431,698,-267
119000072,5766,3245,2521
119000073,3698,4019,-321
119000074,545,3589,-3044
119000075,556,2039,-1483
119000076,394,638,-244
119000077,548,406,142
119000078,266,373,-107
119000079,69,737,-668
119000080,111,143,-32
119000081,122,286,-164
119000082,278,184,94
119000083,200,205,-5
119000084,207,459,-252
119000085,458,324,134
119000086,175,307,-132
119000087,1351,842,509
119000088,202,203,-1
119000089,43,125,-82
119000090,133,142,-9
119000091,130,260,-130
119000092,616,223,393
119000093,3631,3508,123
119000094,1270,3862,-2592
119000095,660,2703,-2043
119000097,2496,1493,1003
119000098,499,1179,-680
119000099,1401,1414,-13
119000100,1539,1612,-73
119000101,1696,1783,-87
119000102,531,466,65
119000103,973,386,587
119000104,2720,1201,1519
119000105,436,596,-160
119000106,148,1898,-1750
119000107,265,384,-119
119000108,210,1452,-1242
119000109,67,250,-183
119000110,347,248,99
119000111,16,313,-297
119000112,160,87,73
119000113,2370,192,2178
119000114,456,269,187
119000115,149,105,44
119000116,58,51,7
119000117,61,213,-152
119000118,1,1,0
119000123,1701,609,1092
119000124,245,207,38
119000125,1007,1071,-64
119000126,358,1087,-729
119000127,213,1020,-807
119000128,25,4,21
119000131,333,1161,-828
119000132,5,8,-3
119000133,0,7,-7
119000134,2559,509,2050
119000135,34,213,-179
119000136,59,280,-221
119000137,40,491,-451
119000138,78,407,-329
119000139,82,292,-210
119000140,57,167,-110
119000284,1331,2520,-1189
119000285,2185,1991,194
119000286,4992,3876,1116
119000287,947,1782,-835
119000288,1262,1594,-332
119000289,2008,3741,-1733
119000290,104,478,-374
119000291,7,421,-414
119000293,65,133,-68
119000294,43,36,7
119000295,1744,505,1239
119000296,105,114,-9
119000297,0,0,0
119000302,4408,1154,3254
119000303,7,95,-88
119000310,0,0,0
119000314,1329,3525,-2196
119000315,0,640,-640
119000316,26,110,-84
119000317,7,472,-465
119000319,144,308,-164
119900001,74,431,-357
119900002,45,282,-237
119900003,21,1231,-1210
119900004,232,249,-17
119900005,34,113,-79
119900006,94,221,-127
119900007,446,45,401
119900008,6,11,-5
119900009,266,424,-158
119900010,749,817,-68
119900011,9,23,-14
119900012,6,18,-12
119900013,1103,486,617
119900014,512,156,356
119900015,23,7,16
119900016,9,59,-50
119900017,2,29,-27
119900018,872,125,747
119900019,12,4,8
119900020,39,118,-79
119900021,42,35,7
119900022,64,171,-107
119900023,625,373,252
119900025,46,16,30
119900026,681,32,649
119900027,6,13,-7
119900028,114,30,84
119900029,2,5,-3
119900030,272,273,-1
119900031,11,166,-155
119900033,1616,86,1530
119900034,94,85,9
119900037,47,16,31
119900038,6,92,-86
119900039,40,1,39
119900040,26,5,21
119900041,47,37,10
119900042,26,107,-81
119900043,24,148,-124
119900044,82,188,-106
119900046,26,57,-31
119900047,79,84,-5
119900049,14,15,-1
119900050,20,30,-10
119900051,211,7,204
119900052,13,70,-57
119900053,44,157,-113
119900054,34,0,34
119900055,425,171,254
119900057,85,51,34
119900058,35,4,31
119900059,58,46,12
119900060,55,3,52
119900061,41,2,39
119900062,13,17,-4
119900063,12,14,-2
119900065,72,3,69
119900067,13,13,0
119900068,64,1,63
119900069,21,6,15
119900070,157,3,154
119900071,122,2,120
119900073,1413,239,1174
119900074,10,7,3
119900075,5451,1338,4113
119900076,122,546,-424
119900077,181,1271,-1090
119900078,178,709,-531
119900079,309,300,9
119900080,94,283,-189
119900081,156,194,-38
119900082,329,218,111
119900083,198,61,137
119900084,207,59,148
119900085,132,30,102
119900086,99,849,-750
119900087,168,91,77
119900088,28,33,-5
119900089,6,454,-448
119900090,112,28,84
119900091,11,1035,-1024
119900092,1,310,-309
119900093,349,47,302
119900094,22,197,-175
119900095,82,49,33
119900096,25,54,-29
119900097,281,142,139
119900098,2,25,-23
119900099,13,169,-156
119900100,2255,1241,1014
119900101,155,653,-498
119900102,13,227,-214
119900103,17,339,-322
119900104,16,182,-166
119900105,337,978,-641
119900106,8,255,-247
119900107,238,3516,-3278
119900108,1548,556,992
119900109,8,165,-157
119900110,300,651,-351
119900111,13,363,-350
119900112,2912,326,2586
119900113,72,469,-397
119900114,127,1814,-1687
119900115,59,1275,-1216
119900116,92,187,-95
119900117,106,1033,-927
119900118,12,1102,-1090
119900119,27,224,-197
119900120,467,598,-131
119900121,85,1415,-1330
119900122,145,348,-203
119900123,99,191,-92
119900124,76,939,-863
119900125,24,373,-349
119900126,4890,148,4742
119900127,2456,652,1804
119900128,143,684,-541
119900129,48,770,-722
119900130,33,231,-198
119900131,8,305,-297
119900132,3,318,-315
119900133,13,24,-11
119900134,2003,175,1828
119900135,0,383,-383
119900136,121,456,-335
119900138,280,495,-215
119900139,2,32,-30
119900140,2,136,-134
119900141,47,257,-210
119900142,0,7,-7
119900143,5,189,-184
119900144,2179,174,2005
119900145,39,231,-192
119900146,86,68,18
119900147,4,70,-66
119900148,38,30,8
119900149,1326,1452,-126
119900150,83,151,-68
119900151,856,527,329
119900152,40,407,-367
119900153,25,55,-30
119900154,25,849,-824
119900155,6,19,-13
119900156,5,3,2
119900157,22,222,-200
119900158,52,50,2
119900159,3,1499,-1496
119900160,14,274,-260
119900161,149,224,-75
119900162,408,370,38
119900163,67,57,10
119900164,0,0,0
119900165,38,227,-189
119900166,21,16,5
119900167,75,104,-29
119900168,221,312,-91
119900169,88,115,-27
119900170,81,107,-26
119900171,278,432,-154
119900172,35,12,23
119900173,2,469,-467
119900174,4,240,-236
119900175,321,591,-270
119900177,12,236,-224
119900178,6,141,-135
119900179,29,149,-120
119900180,402,456,-54
119900181,33,17,16
119900182,2,394,-392
119900183,60,963,-903
119900184,2353,365,1988
119900185,11,72,-61
119900186,23,155,-132
119900187,4,501,-497
119900188,12,282,-270
119900189,201,97,104
119900190,26,82,-56
119900191,149,75,74
119900192,12,190,-178
119900193,111,131,-20
119900194,6,12,-6
119900195,1,167,-166
119900196,1309,342,967
119900197,37,87,-50
119900198,25,464,-439
119900199,98,8,90
119900200,118,446,-328
119900201,323,102,221
119900202,142,55,87
119900203,62,145,-83
119900204,75,279,-204
119900205,160,582,-422
119900206,41,74,-33
119900208,77,89,-12
119900209,210,365,-155
119900210,9,19,-10
119900211,47,5,42
119900212,36,225,-189
119900213,0,26,-26
119900214,3,62,-59
119900215,6,71,-65
119900216,3,54,-51
119900217,3,31,-28
119900218,1,54,-53
119900219,3,87,-84
119900220,1,103,-102
119900221,14,324,-310
119900222,9,220,-211
119900223,20,90,-70
119900224,11,28,-17
119900225,963,18,945
119900226,811,672,139
119900227,1257,228,1029
119900228,5,235,-230
119900229,204,284,-80
119900230,1123,488,635
119900231,46,165,-119
119900232,86,29,57
119900233,10,1,9
119900234,5,22,-17
119900235,7,16,-9
119900236,6,158,-152
119900237,12,361,-349
119900238,2,80,-78
119900240,11,113,-102
119900241,73,165,-92
119900242,1020,416,604
119900244,536,925,-389
119900245,54,65,-11
119900246,206,187,19
119900247,8,16,-8
119900248,13,27,-14
119900249,73,31,42
119900253,3635,194,3441
119900254,40,176,-136
119900255,60,500,-440
119900256,107,1246,-1139
119900257,21,26,-5
119900258,31,62,-31
119900259,0,201,-201
119900260,18,2,16
119900261,67,159,-92
119900262,1,262,-261
119900263,773,348,425
119900264,41,236,-195
119900265,102,355,-253
119900266,51,236,-185
119900267,56,344,-288
119900268,67,215,-148
119900269,245,1299,-1054
119900271,8,49,-41
119900272,59,13,46
119900275,40,9,31
119900276,17,0,17
119900277,4,5,-1
119900278,106,28,78
119900279,69,47,22
119900280,915,167,748
119900281,1,30,-29
119900282,20,18,2
119900283,4,351,-347
119900284,27,177,-150
119900285,8,16,-8
119900286,3,3,0
119900288,2,30,-28
119900289,0,54,-54
119900290,2,36,-34
119900291,0,18,-18
119900292,19,9,10
119900293,9,71,-62
119900294,9,48,-39
119900295,2,56,-54
119900296,7,235,-228
119900297,0,20,-20
119900298,1,1,0
119900299,14,191,-177
119900300,43,165,-122
119900301,9,1,8
119900302,6,31,-25
119900303,111,216,-105
119900304,36,8,28
119900305,17,64,-47
119900306,11,0,11
119900307,19,111,-92
119900308,6,11,-5
119900309,4,20,-16
119900310,133,260,-127
119900311,13,199,-186
119900312,55,72,-17
119900313,64,334,-270
119900314,40,205,-165
119900315,297,2349,-2052
119900318,3,15,-12
119900319,38,379,-341
119900320,11,829,-818
119900321,23,1,22
120000001,6498,6624,-126
120000002,1734,3036,-1302
120000003,3190,1893,1297
120000004,2668,2367,301
120000005,4773,2230,2543
120000006,1150,1372,-222
120000007,2997,2065,932
120000008,1077,1210,-133
120000009,4564,827,3737
120000010,1351,3036,-1685
120000011,740,1970,-1230
120000012,1139,2777,-1638
120000013,1723,2647,-924
120000014,495,1480,-985
120000015,2040,1569,471
120000016,2344,2205,139
120000017,1381,1495,-114
120000018,4408,5730,-1322
120000019,631,804,-173
120000020,2187,1892,295
120000021,1620,1449,171
120000022,2473,2703,-230
120000023,736,1440,-704
120000024,1238,1837,-599
120000025,1416,2124,-708
120000026,644,1784,-1140
120000027,900,1736,-836
120000028,428,284,144
120000029,2195,309,1886
120000030,78,505,-427
120000031,1538,4010,-2472
120000032,9405,2734,6671
120000033,1764,1376,388
120000034,891,2104,-1213
120000035,936,2394,-1458
120000036,1684,3307,-1623
120000037,351,668,-317
120000038,9792,2693,7099
120000039,338,953,-615
120000040,24,95,-71
120000041,225,1705,-1480
120000042,1025,4380,-3355
120000043,2955,2233,722
120000044,2127,900,1227
120000045,2194,860,1334
120000046,1131,1219,-88
120000047,1701,1992,-291
120000048,7391,2724,4667
120000049,1918,2407,-489
120000050,1805,4476,-2671
120000051,3249,3459,-210
120000052,13661,2201,11460
120000053,934,4421,-3487
120000054,1211,6621,-5410
120000055,685,4039,-3354
120000056,2212,4335,-2123
120000057,1142,779,363
120000058,253,155,98
120000059,39,977,-938
120000061,62,533,-471
120000062,275,200,75
120000063,1596,2839,-1243
120000064,224,1536,-1312
120000065,275,1753,-1478
120000066,56,390,-334
120000067,24,501,-477
120000068,117,1086,-969
120000069,295,1447,-1152
120000070,19,987,-968
120000071,73,130,-57
120000072,141,411,-270
120000073,185,77,108
120000074,20,57,-37
120000075,164,175,-11
120000076,533,273,260
120000077,720,370,350
120000078,2457,475,1982
120000079,151,709,-558
120000080,120,231,-111
120000081,145,188,-43
120000082,157,260,-103
120000083,105,260,-155
120000084,432,544,-112
120000085,324,489,-165
120000086,223,825,-602
120000087,152,1350,-1198
120000088,458,1202,-744
120000089,587,452,135
120000090,284,413,-129
120000091,444,662,-218
120000092,563,444,119
120000093,121,439,-318
120000094,104,376,-272
120000095,586,709,-123
120000096,131,1120,-989
120000098,476,1058,-582
120000099,169,676,-507
120000100,371,924,-553
120000101,344,481,-137
120000102,251,463,-212
120000103,686,315,371
120000104,840,173,667
120000105,1229,192,1037
120000106,848,241,607
120000107,1190,298,892
120000108,454,87,367
120000109,514,42,472
120000110,53,920,-867
120000111,78,1399,-1321
120000112,407,4514,-4107
120000113,389,2982,-2593
120000114,406,2546,-2140
120000115,312,2142,-1830
120000116,467,2018,-1551
120000117,1097,1564,-467
120000118,16,14,2
120000119,20,45,-25
120000120,23,23,0
120000121,23,39,-16
120000122,252,195,57
120000123,6105,2106,3999
120000124,244,427,-183
120000125,179,465,-286
120000126,205,550,-345
120000127,916,494,422
120000128,2369,1398,971
120000129,239,254,-15
120000130,543,615,-72
120000131,144,415,-271
120000134,253,1341,-1088
120000135,87,219,-132
120000137,61,2346,-2285
120000138,173,373,-200
120000139,105,1072,-967
120000140,187,519,-332
120000141,72,548,-476
120000142,131,500,-369
120000143,2,103,-101
120000144,30,2,28
120000145,82,1,81
120000146,1953,581,1372
120000149,397,912,-515
120000150,5034,6703,-1669
120000151,379,402,-23
120000152,154,266,-112
120000153,58,680,-622
120000154,466,358,108
120000155,106,139,-33
120000156,1939,395,1544
120000157,734,536,198
120000158,512,851,-339
120000159,1590,2108,-518
120000160,1653,1027,626
120000161,808,2229,-1421
120000162,62,159,-97
120000163,196,1528,-1332
120000164,133,416,-283
120000165,166,830,-664
120000166,365,543,-178
120000167,9,29,-20
120000168,5,47,-42
120000169,123,177,-54
120000170,126,130,-4
120000171,24,22,2
120000172,13,23,-10
120000173,2285,164,2121
120000174,580,6,574
120000175,579,4,575
120000176,191,76,115
120000177,1091,384,707
120000178,105,3,102
120000179,379,8,371
120000180,487,31,456
120000181,112,75,37
120000182,58,67,-9
120000183,7,130,-123
120000184,55,1348,-1293
120000186,79,60,19
120000187,50,26,24
120000188,231,36,195
120000190,1057,7,1050
120000191,1722,21,1701
120000192,1731,10,1721
120000193,403,3,400
120000195,93,1,92
120000196,184,28,156
120000197,65,120,-55
120000198,64,148,-84
120000199,45,0,45
120000200,33,0,33
120000201,5,25,-20
120000202,1,65,-64
120000203,11,458,-447
120000207,1,92,-91
120000208,3,356,-353
120000209,1,119,-118
120000210,155,48,107
120000211,33,3,30
120000212,30,2,28
120000213,36,498,-462
120000214,0,424,-424
120000215,1,124,-123
120000216,15,6,9
120000217,670,1343,-673
120000218,232,1667,-1435
120000219,11,864,-853
120000220,7,3138,-3131
120000225,514,1,513
120000226,93,2,91
120000227,569,18,551
120000228,8052,1306,6746
120000230,81,18,63
120000231,337,2300,-1963
120000233,55,12,43
120000235,75,799,-724
120000236,411,3,408
120000237,4,2396,-2392
120000238,1,106,-105
120000241,876,2551,-1675
120000412,1301,16,1285
120000413,59,451,-392
120000414,17,3,14
120000415,4,158,-154
120000416,19,3,16
120000417,1,94,-93
120000418,36,16,20
120000419,5,448,-443
120000420,72,23,49
120000421,14427,5554,8873
120000422,189,313,-124
120000423,2,34,-32
120000424,13,185,-172
120000436,71,298,-227
120000437,154,132,22
120000438,5097,322,4775
120000439,58,210,-152
120000443,81,0,81
120000444,408,497,-89
120000445,1162,1084,78
120000446,828,256,572
120000447,72,6,66
120000449,65,10,55
120000450,5,424,-419
120000451,41,221,-180
120000452,35,0,35
120000453,0,350,-350
120000454,50,16,34
120000455,30,57,-27
120000456,2970,1865,1105
120000457,1009,881,128
120000458,335,626,-291
120000459,46,64,-18
120000665,785,117,668
120000668,69,118,-49
120000669,35,458,-423
120000670,249,270,-21
120000671,423,192,231
120000672,92,484,-392
120900001,23,24,-1
120900002,77,127,-50
120900003,120,19,101
120900004,0,25,-25
120900005,24,1931,-1907
120900006,129,138,-9
120900007,43,142,-99
120900008,65,1065,-1000
120900009,292,59,233
120900010,131,46,85
120900011,232,65,167
120900012,978,477,501
120900013,168,14,154
120900014,4,706,-702
120900015,159,50,109
120900016,263,31,232
120900017,3102,67,3035
120900018,27,400,-373
120900019,271,79,192
120900020,426,317,109
120900021,214,38,176
120900022,13,406,-393
120900023,68,33,35
120900024,1009,310,699
120900025,1909,566,1343
120900026,43,101,-58
120900027,465,142,323
120900028,98,23,75
120900029,41,141,-100
120900030,365,301,64
120900031,85,19,66
120900032,204,107,97
120900033,299,21,278
120900034,19,1288,-1269
120900035,13,33,-20
120900037,39,0,39
120900038,19,103,-84
120900039,30,4,26
120900040,48,1,47
120900041,69,10,59
120900042,103,51,52
120900043,19,10,9
120900044,1,340,-339
120900045,65,64,1
120900046,125,3,122
120900047,53,22,31
120900048,61,3,58
120900049,111,1,110
120900050,3644,643,3001
120900051,66,81,-15
120900052,188,2,186
120900053,57,52,5
120900054,986,533,453
120900055,88,1,87
120900056,128,1,127
120900057,48,8,40
120900058,87,0,87
120900059,27,0,27
120900060,9,20,-11
120900061,127,223,-96
120900062,57,0,57
120900063,160,1,159
120900064,103,0,103
120900065,105,3,102
120900066,117,244,-127
120900067,99,24,75
120900068,65,0,65
120900069,71,59,12
120900071,2,2,0
120900072,207,1,206
120900073,110,77,33
120900074,172,4,168
120900076,108,0,108
120900077,2821,154,2667
120900078,200,661,-461
120900079,205,82,123
120900080,197,2880,-2683
120900081,219,666,-447
120900082,422,183,239
120900083,14,5,9
120900084,99,131,-32
120900085,100,69,31
120900086,164,106,58
120900087,163,45,118
120900088,72,101,-29
120900089,4769,816,3953
120900090,51,179,-128
120900091,241,147,94
120900092,550,661,-111
120900093,4789,293,4496
120900094,462,158,304
120900095,128,23,105
120900096,8,64,-56
120900097,446,1154,-708
120900098,244,230,14
120900099,22,83,-61
120900100,33,429,-396
120900101,253,344,-91
120900102,9,119,-110
120900103,19,96,-77
120900104,18,49,-31
120900105,17,964,-947
120900106,1113,585,528
120900107,391,153,238
120900108,5,1183,-1178
120900109,44,827,-783
120900110,6,585,-579
120900111,91,385,-294
120900112,4,1500,-1496
120900113,19,1086,-1067
120900114,16,198,-182
120900115,103,135,-32
120900116,81,613,-532
120900117,1,574,-573
120900118,9,1083,-1074
120900119,3975,3102,873
120900120,54,692,-638
120900121,38,370,-332
120900122,90,717,-627
120900123,3,570,-567
120900124,9,920,-911
120900125,4,1116,-1112
120900126,1015,734,281
120900127,6,666,-660
120900128,753,810,-57
120900129,60,427,-367
120900130,10,485,-475
120900131,18,46,-28
120900132,229,413,-184
120900133,140,1098,-958
120900134,235,451,-216
120900135,2,723,-721
120900136,18,16,2
120900137,36,72,-36
120900138,19,247,-228
120900139,6,915,-909
120900140,2,69,-67
120900141,18,63,-45
120900142,14,932,-918
120900143,3,1151,-1148
120900144,0,201,-201
120900145,35,824,-789
120900146,4,1212,-1208
120900147,1,251,-250
120900148,71,87,-16
120900149,2,416,-414
120900150,11,612,-601
120900151,4,687,-683
120900152,0,60,-60
120900153,4,53,-49
120900154,2,300,-298
120900155,59,1163,-1104
120900156,36,512,-476
120900157,6,251,-245
120900158,13,577,-564
120900159,47,793,-746
120900160,20,352,-332
120900161,20,1100,-1080
120900162,14,1243,-1229
120900163,6,123,-117
120900164,2,0,2
120900165,0,2,-2
120900166,8,55,-47
120900167,56,27,29
120900169,9,500,-491
120900170,2554,1021,1533
120900171,1097,294,803
120900172,1115,102,1013
120900173,0,48,-48
120900174,1,60,-59
120900175,204,140,64
120900176,1,170,-169
120900177,1,365,-364
120900178,0,111,-111
120900179,640,365,275
120900180,116,56,60
120900181,22,69,-47
120900182,5,476,-471
120900183,458,60,398
120900184,146,50,96
120900185,2,347,-345
120900186,4,572,-568
120900187,182,455,-273
120900188,40,7,33
120900189,90,281,-191
120900190,10,14,-4
120900191,2,35,-33
120900192,13726,1588,12138
120900194,10,47,-37
120900195,65,317,-252
120900196,389,79,310
120900197,195,17,178
120900198,134,546,-412
120900199,115,110,5
120900200,100,63,37
120900201,635,124,511
120900202,1,212,-211
120900203,7,31,-24
120900204,306,379,-73
120900205,39,73,-34
120900206,6,14,-8
120900207,28,1132,-1104
121000001,993,983,10
121000002,1667,873,794
121000003,3543,1677,1866
121000004,1998,2589,-591
121000005,1911,2264,-353
121000006,2398,1065,1333
121000007,2724,2527,197
121000008,4137,2171,1966
121000009,7037,4419,2618
121000010,8523,2771,5752
121000011,10346,8232,2114
121000012,15597,5100,10497
121000013,4814,5352,-538
121000014,6604,4804,1800
121000015,3786,4757,-971
121000016,4536,2666,1870
121000017,1327,2555,-1228
121000018,1792,1277,515
121000019,17016,7216,9800
121000020,9789,5970,3819
121000021,2814,2302,512
121000022,1212,1249,-37
121000023,3182,2322,860
121000024,2037,2365,-328
121000025,471,614,-143
121000026,311,107,204
121000027,1181,705,476
121000028,472,337,135
121000029,675,571,104
121000030,369,307,62
121000031,366,465,-99
121000032,128,90,38
121000034,308,86,222
121000035,101,58,43
121000036,819,622,197
121000037,444,466,-22
121000038,477,423,54
121000039,221,210,11
121000041,281,298,-17
121000042,146,224,-78
121000043,639,381,258
121000044,1524,634,890
121000045,188,266,-78
121000046,226,494,-268
121000047,97,178,-81
121000049,1551,576,975
121000050,250,909,-659
121000051,402,272,130
121000052,170,431,-261
121000053,257,47,210
121000054,24,178,-154
121000055,1328,791,537
121000056,667,857,-190
121000057,115,260,-145
121000058,345,87,258
121000059,1715,693,1022
121000060,386,711,-325
121000061,79,137,-58
121000062,116,155,-39
121000063,605,363,242
121000064,390,564,-174
121000065,336,277,59
121000066,559,384,175
121000067,864,230,634
121000068,416,220,196
121000069,446,179,267
121000070,1521,1039,482
121000071,748,652,96
121000072,839,528,311
121000073,663,550,113
121000074,50,109,-59
121000075,38,30,8
121000076,1018,230,788
121000077,165,57,108
121000078,51,119,-68
121000080,2519,504,2015
121000081,1967,1467,500
121000082,176,234,-58
121000083,268,119,149
121000084,194,107,87
121000085,324,402,-78
121000086,146,751,-605
121000087,48,236,-188
121000088,266,376,-110
121000089,380,204,176
121000090,274,269,5
121000091,1587,489,1098
121000092,93,85,8
121000093,142,169,-27
121000094,429,287,142
121000095,212,339,-127
121000096,2227,1777,450
121000097,1216,1288,-72
121000098,298,1140,-842
121000099,338,673,-335
121000100,338,523,-185
121000101,112,166,-54
121000102,90,400,-310
121000103,55,236,-181
121000104,85,182,-97
121000105,189,225,-36
121000106,120,260,-140
121000107,1864,2953,-1089
121000109,1326,993,333
121000110,257,366,-109
121000114,2262,2061,201
121000115,671,748,-77
121000116,426,627,-201
121000117,1132,223,909
121000118,937,177,760
121000119,175,196,-21
121000120,169,429,-260
121000121,458,739,-281
121000123,1267,539,728
121000127,91,95,-4
121000128,628,592,36
121000129,300,386,-86
121000130,305,902,-597
121000131,2242,908,1334
121000132,956,706,250
121000135,374,128,246
121000136,617,435,182
121000137,463,96,367
121000138,569,813,-244
121000139,314,88,226
121000141,139,78,61
121000142,859,372,487
121000143,103,15,88
121000144,821,614,207
121000145,260,1090,-830
121000146,906,588,318
121000147,471,300,171
121000148,612,835,-223
121000149,1480,839,641
121000152,311,482,-171
121000153,1057,345,712
121000154,568,343,225
121000155,768,870,-102
121000156,307,703,-396
121000157,1203,1371,-168
121000158,331,482,-151
121000159,91,501,-410
121000160,194,551,-357
121000161,41,262,-221
121000162,14,278,-264
121000165,1455,1323,132
121000166,60,475,-415
121000168,155,236,-81
121000169,40,133,-93
121000170,125,66,59
121000171,29,108,-79
121000172,397,376,21
121000173,783,472,311
121000174,179,282,-103
121000175,303,376,-73
121000176,270,196,74
121000177,479,434,45
121000178,85,41,44
121000179,45,53,-8
121000181,323,255,68
121000182,50,120,-70
121000183,30,45,-15
121000184,47,78,-31
121000185,8,125,-117
121000186,114,239,-125
121000187,40,216,-176
121000188,56,268,-212
121000192,463,232,231
121000193,527,310,217
121000194,2302,1820,482
121000195,366,1008,-642
121000196,734,155,579
121000197,181,556,-375
121000198,156,54,102
121000199,65,433,-368
121000200,186,52,134
121000201,2,164,-162
121000202,321,72,249
121000203,444,2159,-1715
121000204,1109,412,697
121000205,100,249,-149
121000206,67,12,55
121000207,1235,410,825
121000208,2,347,-345
121000209,100,456,-356
121000210,158,514,-356
121000211,111,110,1
121000212,176,727,-551
121000213,7274,1812,5462
121000214,681,1374,-693
121000215,1064,495,569
121000216,277,445,-168
121000217,3682,1853,1829
121000218,476,1466,-990
121000219,1036,282,754
121000220,310,81,229
121000221,133,164,-31
121000222,2388,1921,467
121000223,434,232,202
121000224,239,74,165
121000225,997,744,253
121000226,1666,548,1118
121000227,28,184,-156
121000228,23,791,-768
121000229,39,406,-367
121000230,75,1786,-1711
121000231,252,24,228
121000232,321,135,186
121000233,367,269,98
121000234,5,24,-19
121000235,28,42,-14
121000236,2,27,-25
121000237,21,18,3
121000238,0,74,-74
121000239,1,0,1
121000240,6,134,-128
121000241,75,4,71
121000242,29,131,-102
121000243,309,44,265
121000244,2,60,-58
121000245,7,11,-4
121000246,1,88,-87
121000247,13,0,13
121000248,622,455,167
121000249,42,218,-176
121000250,129,103,26
121000251,6,495,-489
121000252,25,22,3
121000253,139,601,-462
121000254,286,160,126
121000255,172,109,63
121000256,205,111,94
121000257,82,51,31
121000258,84,70,14
121000259,25,35,-10
121000260,23,96,-73
121000261,6,36,-30
121000262,831,524,307
121000263,312,419,-107
121000271,159,1532,-1373
121000273,47,11,36
121000274,3,30,-27
121000275,2,15,-13
121000276,0,14,-14
121000278,29,39,-10
121000279,37,7,30
121000280,12,39,-27
121000289,105,10,95
121000290,926,619,307
121000294,43,187,-144
121000297,764,537,227
121000299,89,180,-91
121000300,457,442,15
121000302,136,552,-416
121000303,406,257,149
121000304,307,20,287
121000305,48,38,10
121000306,40,84,-44
121000308,116,242,-126
121000309,263,508,-245
121000310,33,364,-331
121000311,61,638,-577
121000312,214,115,99
121000313,430,440,-10
121000314,139,97,42
121000315,54,65,-11
121000530,580,971,-391
121000531,765,1061,-296
121000532,3606,3120,486
121000533,1787,1680,107
121000918,9,219,-210
121000919,7,44,-37
121000938,598,230,368
121000939,818,156,662
121000956,309,1168,-859
121000957,1,11,-10
121000958,50,24,26
121000959,165,780,-615
121000960,1455,1987,-532
121000961,125,41,84
121000962,238,565,-327
121000963,0,0,0
121000973,0,251,-251
121000976,8,132,-124
121000979,180,28,152
121000981,392,53,339
121000982,147,218,-71
121000983,256,399,-143
121000984,4,29,-25
121000985,231,637,-406
121000986,38,266,-228
121000987,100,1540,-1440
121000988,269,89,180
121001302,376,109,267
121001308,1,5,-4
121001309,119,42,77
121001311,0,0,0
121001313,102,355,-253
121001314,3692,3660,32
121001315,3410,1272,2138
121001326,255,324,-69
121900001,58,114,-56
121900002,32,8,24
121900003,194,4,190
121900004,46,255,-209
121900005,6,3,3
121900006,67,16,51
121900007,1370,1801,-431
121900008,859,66,793
121900009,359,6,353
121900010,251,8,243
121900011,76,300,-224
121900012,1,0,1
121900013,652,10,642
121900014,689,313,376
121900015,94,105,-11
121900016,7,19,-12
121900017,275,361,-86
121900018,161,4,157
121900019,194,176,18
121900020,23,0,23
121900021,518,9,509
121900022,112,110,2
121900023,25,260,-235
121900024,294,24,270
121900025,266,197,69
121900026,146,47,99
121900027,123,70,53
121900028,167,7,160
121900029,62,180,-118
121900030,345,277,68
121900031,667,2928,-2261
121900032,35,34,1
121900033,134,74,60
121900034,161,54,107
121900035,1675,1261,414
121900036,29,225,-196
121900037,85,437,-352
121900038,12,55,-43
121900039,369,17,352
121900040,20,46,-26
121900041,64,103,-39
121900042,190,89,101
121900043,1,3,-2
121900044,164,20,144
121900046,88,114,-26
121900047,68,29,39
121900048,8,90,-82
121900050,10,22,-12
121900051,73,143,-70
121900052,38,33,5
121900053,228,198,30
121900054,343,548,-205
121900055,0,9,-9
121900058,45,155,-110
121900059,219,114,105
121900060,48,234,-186
121900062,69,39,30
121900063,474,191,283
121900064,87,528,-441
121900066,21,12,9
121900067,12,8,4
121900069,145,90,55
121900070,102,46,56
121900071,54,221,-167
121900072,24,119,-95
121900073,170,93,77
121900074,372,293,79
121900075,351,219,132
121900076,186,397,-211
121900078,17,24,-7
121900079,0,0,0
121900080,280,285,-5
121900082,23,98,-75
121900084,0,140,-140
121900086,8,30,-22
121900087,233,97,136
121900088,1641,1230,411
121900089,31,281,-250
121900090,0,65,-65
121900091,10,87,-77
121900092,31,69,-38
121900093,80,51,29
121900094,18,6,12
121900095,119,52,67
121900096,1293,268,1025
121900097,142,77,65
121900098,0,0,0
121900099,60,72,-12
121900100,100,93,7
121900101,66,74,-8
121900102,4,62,-58
121900103,359,115,244
121900104,531,138,393
121900105,68,43,25
121900106,1,0,1
121900107,4,15,-11
121900108,0,6,-6
121900109,343,89,254
121900110,109,999,-890
121900111,566,47,519
121900112,185,105,80
121900113,35,107,-72
121900114,6,22,-16
121900117,63,8,55
121900118,1594,229,1365
121900119,70,59,11
121900120,10,1238,-1228
121900121,380,58,322
121900122,13,8,5
121900123,138,412,-274
121900124,79,164,-85
121900125,527,880,-353
121900127,9,46,-37
121900128,30,92,-62
121900129,1030,69,961
121900130,72,197,-125
121900131,150,79,71
121900132,18,89,-71
121900133,49,139,-90
121900134,17,93,-76
121900135,1765,172,1593
121900136,111,394,-283
121900137,25,152,-127
121900138,50,128,-78
121900139,271,339,-68
121900140,18,93,-75
121900141,18,9,9
121900142,33,82,-49
121900143,4,71,-67
121900144,145,210,-65
121900145,57,83,-26
121900146,422,545,-123
121900147,40,104,-64
121900148,70,164,-94
121900149,164,590,-426
121900150,75,104,-29
121900151,31,157,-126
121900152,99,103,-4
121900153,58,276,-218
121900154,8,116,-108
121900155,0,63,-63
121900156,89,76,13
121900157,0,293,-293
121900158,43,62,-19
121900159,0,114,-114
121900160,29,161,-132
121900161,510,179,331
121900162,58,74,-16
121900163,48,601,-553
121900164,352,129,223
121900165,103,155,-52
121900166,71,127,-56
121900167,77,47,30
121900168,154,96,58
121900169,5,248,-243
121900170,2,145,-143
121900171,270,296,-26
121900172,196,163,33
121900173,627,149,478
121900174,21,21,0
121900175,32,125,-93
121900176,366,1313,-947
121900177,93,51,42
121900178,15,49,-34
121900179,147,109,38
121900180,4734,1672,3062
121900182,432,229,203
121900183,177,501,-324
121900184,28,388,-360
121900186,2,226,-224
121900187,8,73,-65
121900188,439,200,239
121900189,23,63,-40
121900190,115,355,-240
121900191,36,105,-69
121900192,292,333,-41
121900193,28,128,-100
121900194,2,102,-100
121900195,69,32,37
121900196,490,495,-5
121900197,177,1573,-1396
121900198,698,661,37
121900199,1,10,-9
121900200,38,123,-85
121900201,692,477,215
121900202,112,243,-131
121900203,187,495,-308
121900204,905,625,280
121900205,5,74,-69
121900206,10,6,4
121900207,101,14,87
121900208,131,192,-61
121900209,21,13,8
121900210,631,726,-95
121900211,172,365,-193
121900212,111,92,19
121900213,61,42,19
121900214,2,212,-210
121900215,22,39,-17
121900216,16,66,-50
121900217,102,60,42
121900218,180,302,-122
121900220,84,8,76
121900221,145,534,-389
121900222,38,128,-90
121900223,70,46,24
121900224,24,33,-9
121900225,71,27,44
121900226,157,438,-281
121900227,45,266,-221
121900228,120,204,-84
121900230,59,41,18
121900231,210,184,26
121900232,130,289,-159
121900233,172,202,-30
121900234,109,284,-175
121900235,128,157,-29
121900236,220,107,113
121900237,123,138,-15
121900238,108,128,-20
121900239,54,20,34
121900240,124,98,26
121900241,39,38,1
121900242,2,0,2
121900243,0,0,0
121900244,1,1,0
121900245,92,95,-3
121900246,860,273,587
121900248,839,583,256
121900250,301,149,152
121900251,225,15,210
121900252,633,88,545
121900253,114,726,-612
121900254,583,186,397
121900255,120,41,79
121900258,1504,1249,255
121900259,283,252,31
121900260,18,103,-85
121900261,81,212,-131
121900262,250,415,-165
121900263,45,182,-137
121900264,1738,740,998
121900265,57,236,-179
121900266,106,182,-76
121900267,15,12,3
121900269,36,171,-135
121900270,6,78,-72
121900271,13,112,-99
121900273,292,927,-635
121900274,80,154,-74
121900277,137,1054,-917
121900278,25,577,-552
121900279,90,220,-130
121900280,92,164,-72
121900281,302,36,266
121900284,51,1,50
121900286,36,109,-73
121900287,7,13,-6
121900288,3,0,3
121900290,104,135,-31
121900291,335,347,-12
121900292,114,79,35
121900293,668,2236,-1568
121900294,145,1,144
121900295,23,174,-151
121900296,33,16,17
121900298,219,338,-119
121900299,0,0,0
121900300,0,0,0
121900301,11,0,11
121900302,0,45,-45
121900303,82,356,-274
121900304,0,20,-20
121900305,0,6,-6
121900306,34,1,33
121900307,40,14,26
121900308,14,273,-259
121900309,13,233,-220
121900310,26,388,-362
121900311,123,5,118
121900312,62,2,60
121900313,97,19,78
121900314,0,35,-35
121900315,1,0,1
121900316,0,5,-5
121900317,1,1,0
121900318,0,7,-7
121900319,7,12,-5
121900320,31,40,-9
121900321,1,1,0
121900322,1,28,-27
121900323,13,8,5
121900324,1,27,-26
121900325,6,0,6
121900326,0,13,-13
121900327,0,35,-35
121900328,0,22,-22
121900329,1,158,-157
121900330,0,27,-27
121900331,2,3,-1
121900332,51,11,40
121900333,7,2,5
121900334,71,24,47
122000001,2247,2361,-114
122000002,5406,843,4563
122000003,2023,998,1025
122000004,2978,690,2288
122000005,2324,670,1654
122000006,1887,305,1582
122000007,928,704,224
122000008,5831,2392,3439
122000009,585,164,421
122000010,1791,1651,140
122000011,2776,490,2286
122000012,1028,679,349
122000013,1485,982,503
122000014,1107,1571,-464
122000015,1054,690,364
122000016,344,595,-251
122000017,747,891,-144
122000018,966,888,78
122000019,567,1096,-529
122000020,128,139,-11
122000021,411,299,112
122000022,975,1082,-107
122000023,435,2042,-1607
122000024,1037,537,500
122000025,1567,716,851
122000026,2087,585,1502
122000027,577,3783,-3206
122000028,618,212,406
122000029,256,175,81
122000030,326,68,258
122000031,93,155,-62
122000032,1236,2198,-962
122000033,698,469,229
122000034,481,368,113
122000035,252,557,-305
122000036,390,549,-159
122000037,213,176,37
122000038,236,294,-58
122000039,485,340,145
122000040,367,231,136
122000041,360,410,-50
122000042,219,328,-109
122000043,121,76,45
122000044,84,91,-7
122000045,1090,404,686
122000046,485,711,-226
122000047,208,104,104
122000048,2471,2597,-126
122000049,3382,1821,1561
122000050,1274,410,864
122000051,302,239,63
122000052,333,161,172
122000053,122,376,-254
122000054,1891,1208,683
122000055,1891,1715,176
122000056,4234,2472,1762
122000057,3013,1826,1187
122000058,4213,927,3286
122000059,2999,1093,1906
122000060,1132,458,674
122000061,812,168,644
122000062,1102,265,837
122000063,981,347,634
122000064,3148,2410,738
122000065,4948,2378,2570
122000066,805,458,347
122000067,1190,949,241
122000068,569,923,-354
122000069,684,501,183
122000070,362,2272,-1910
122000071,664,1176,-512
122000072,227,185,42
122000073,403,300,103
122000074,1430,997,433
122000075,305,915,-610
122000076,1221,775,446
122000077,1025,460,565
122000078,2911,1431,1480
122000079,1042,442,600
122000080,660,190,470
122000081,122,163,-41
122000082,1087,540,547
122000083,944,3156,-2212
122000084,567,508,59
122000085,139,984,-845
122000086,1654,3354,-1700
122000087,285,119,166
122000088,240,120,120
122000089,4975,2066,2909
122000090,167,230,-63
122000091,282,67,215
122000092,73,12,61
122000093,1103,857,246
122000094,5338,1275,4063
122000095,2706,1352,1354
122000096,2114,886,1228
122000098,2563,1060,1503
122000099,1829,453,1376
122000100,1620,467,1153
122000101,203,739,-536
122000102,1177,900,277
122000103,1308,1047,261
122000104,202,162,40
122000105,237,187,50
122000106,551,366,185
122000107,588,346,242
122000108,308,655,-347
122000109,224,234,-10
122000110,239,403,-164
122000111,1720,778,942
122000112,489,1031,-542
122000113,409,409,0
122000114,2105,997,1108
122000115,1368,844,524
122000116,364,378,-14
122000117,744,237,507
122000118,246,331,-85
122000119,2428,1033,1395
122000120,3278,1589,1689
122000121,4280,1446,2834
122000122,658,924,-266
122000123,2006,963,1043
122000124,1009,298,711
122000125,355,502,-147
122000126,598,476,122
122000127,1210,551,659
122000128,531,765,-234
122000129,272,458,-186
122000130,1658,309,1349
122000131,2314,377,1937
122000132,992,275,717
122000133,951,1459,-508
122000134,409,374,35
122000135,493,702,-209
122000136,301,188,113
122000137,646,373,273
122000139,1075,1984,-909
122000140,863,315,548
122000141,4175,614,3561
122000142,471,413,58
122000143,659,180,479
122000144,2013,520,1493
122000145,1253,546,707
122000146,777,636,141
122000147,707,257,450
122000148,2291,985,1306
122000149,1544,745,799
122000150,946,526,420
122000151,324,328,-4
122000152,453,232,221
122000153,399,199,200
122000154,292,109,183
122000155,1445,1589,-144
122000156,2059,1363,696
122000157,1700,871,829
122000158,264,388,-124
122000159,1126,1115,11
122000160,5506,619,4887
122000161,1477,496,981
122000162,1747,1232,515
122000163,223,36,187
122000164,15,39,-24
122000165,624,632,-8
122000166,665,856,-191
122000167,193,168,25
122000168,168,347,-179
122000169,388,116,272
122000170,170,248,-78
122000171,23,49,-26
122000172,1073,1273,-200
122000173,1126,1717,-591
122000174,1449,521,928
122000175,1109,266,843
122000176,277,438,-161
122000177,1215,973,242
122000178,2460,1731,729
122000179,1472,1892,-420
122000180,1627,653,974
122000181,1612,1724,-112
122000182,2019,607,1412
122000183,1335,794,541
122000184,2739,1305,1434
122000185,1272,872,400
122000186,456,568,-112
122000187,1312,1030,282
122000188,467,127,340
122000189,226,265,-39
122000190,1003,805,198
122000191,688,274,414
122000192,982,234,748
122000193,280,537,-257
122000194,363,129,234
122000195,155,350,-195
122000196,568,421,147
122000197,379,386,-7
122000198,311,707,-396
122000199,258,226,32
122000200,1044,444,600
122000201,1145,1240,-95
122000202,806,861,-55
122000203,2137,1140,997
122000204,1062,1267,-205
122000205,1053,751,302
122000206,1718,755,963
122000207,787,991,-204
122000208,1544,1104,440
122000209,1858,245,1613
122000210,1205,1480,-275
122000211,838,930,-92
122000212,485,355,130
122000213,809,927,-118
122000214,1318,1479,-161
122000215,1434,1154,280
122000217,1499,1070,429
122000218,532,48,484
122000219,1238,885,353
122000220,372,680,-308
122000221,85,332,-247
122000222,597,70,527
122000223,903,410,493
122000225,497,230,267
122000226,771,1474,-703
122000227,200,1432,-1232
122000228,218,394,-176
122000229,14,292,-278
122000230,71,651,-580
122000231,150,563,-413
122000232,313,709,-396
122000233,0,115,-115
122000234,95,163,-68
122000235,374,196,178
122000236,347,134,213
122000237,77,46,31
122000238,77,153,-76
122000239,338,78,260
122000240,627,206,421
122000241,499,281,218
122000242,252,86,166
122000243,70,56,14
122000244,30,431,-401
122000245,46,287,-241
122000246,137,126,11
122000247,355,857,-502
122000248,1152,1828,-676
122000249,292,390,-98
122000250,1047,466,581
122000251,139,272,-133
122000252,410,58,352
122000253,8,219,-211
122000254,93,41,52
122000255,440,1603,-1163
122000256,284,1270,-986
122000257,70,338,-268
122000258,51,154,-103
122000259,20,599,-579
122000260,121,421,-300
122000261,2,139,-137
122000262,0,78,-78
122000263,102,103,-1
122000264,386,335,51
122000265,1404,530,874
122000266,3615,439,3176
122000267,63,86,-23
122000268,80,308,-228
122000269,449,197,252
122000270,445,121,324
122000271,194,845,-651
122000272,192,756,-564
122000273,224,363,-139
122000274,79,220,-141
122000275,45,118,-73
122000276,198,483,-285
122000277,423,1032,-609
122000278,461,778,-317
122000279,66,582,-516
122000280,434,664,-230
122000281,318,544,-226
122000282,46,284,-238
122000283,130,53,77
122000284,60,76,-16
122000285,221,81,140
122000286,52,180,-128
122000287,445,991,-546
122000288,164,200,-36
122000291,540,313,227
122000293,270,314,-44
122000294,53,114,-61
122000295,1062,198,864
122000296,40,457,-417
122000297,2354,1570,784
122000299,236,315,-79
122000300,761,423,338
122000301,11074,1837,9237
122000302,737,464,273
122000303,3685,938,2747
122000304,22,110,-88
122000305,503,647,-144
122000306,21,751,-730
122000307,198,139,59
122000309,82,80,2
122000310,23,9,14
122000311,33,44,-11
122000312,55,31,24
122000313,9,24,-15
122000314,42,170,-128
122000315,86,4,82
122000316,204,141,63
122000317,619,185,434
122000318,333,168,165
122000319,331,387,-56
122000320,234,1843,-1609
122000321,38,233,-195
122000322,2117,1784,333
122000323,1511,1096,415
122000324,1306,1022,284
122000325,798,729,69
122000326,16,124,-108
122000327,197,381,-184
122000328,1142,822,320
122000330,1408,549,859
122000333,7,196,-189
122000337,398,1869,-1471
122000338,119,370,-251
122000340,296,178,118
122000342,2036,848,1188
122000343,270,1392,-1122
122000344,22,12,10
122000345,24,44,-20
122000346,187,466,-279
122000348,240,658,-418
122000349,84,473,-389
122000351,79,171,-92
122000352,209,67,142
122000353,54,80,-26
122000355,73,222,-149
122000356,1295,648,647
122000357,14,17,-3
122000358,0,52,-52
122000359,0,26,-26
122000360,0,40,-40
122000362,6,74,-68
122000364,65,344,-279
122000365,1,16,-15
122000366,5,8,-3
122000368,351,686,-335
122000370,6,65,-59
122000371,2,0,2
122000372,2,1,1
122000381,22,293,-271
122000382,43,198,-155
122000384,3958,1783,2175
122000385,13,0,13
122000386,434,592,-158
122000387,212,426,-214
122000388,1299,236,1063
122000389,141,620,-479
122000390,278,186,92
122000391,169,53,116
122000392,146,134,12
122000393,33,256,-223
122000394,198,221,-23
122000395,87,134,-47
122000396,210,99,111
122000397,23,79,-56
122000398,3,57,-54
122000399,65,67,-2
122000400,125,215,-90
122000401,70,66,4
122000402,128,62,66
122000403,200,1061,-861
122000404,64,231,-167
122000408,1024,1008,16
122000503,7,63,-56
122000524,141,56,85
122000544,24,1418,-1394
122000614,467,146,321
122000616,492,3,489
122000640,23,157,-134
122000641,28,386,-358
122000642,632,982,-350
122000643,11,86,-75
122000644,143,30,113
122000645,56,96,-40
122000651,1754,579,1175
122000664,89,19,70
122000665,850,502,348
122000666,448,914,-466
122000673,42,311,-269
122000674,81,58,23
122000675,875,900,-25
122000686,150,1116,-966
122000687,588,308,280
122000688,122,664,-542
122000689,220,552,-332
122000690,382,657,-275
122000691,187,2246,-2059
122000692,510,237,273
122000693,254,1481,-1227
122000695,93,383,-290
122000696,169,282,-113
122000698,123,865,-742
122000699,112,45,67
122000701,743,297,446
122000702,326,1936,-1610
122000703,128,28,100
122000712,0,0,0
122000717,196,45,151
122000718,730,614,116
122000719,25,43,-18
122000720,99,213,-114
122000724,229,321,-92
122900001,14,1,13
122900002,749,1325,-576
122900003,156,21,135
122900004,698,9,689
122900005,16,48,-32
122900006,155,315,-160
122900007,42,22,20
122900008,351,116,235
122900009,532,145,387
122900010,98,115,-17
122900012,235,227,8
122900014,96,207,-111
122900015,1659,198,1461
122900016,34,180,-146
122900017,452,541,-89
122900018,153,10,143
122900020,173,311,-138
122900021,34,481,-447
122900022,223,869,-646
122900023,96,200,-104
122900024,52,71,-19
122900025,10,144,-134
122900026,112,255,-143
122900027,33,592,-559
122900028,62,96,-34
122900029,3350,1323,2027
122900030,1041,294,747
122900031,76,124,-48
122900032,69,166,-97
122900033,67,130,-63
122900034,2651,2802,-151
122900035,7,4,3
122900036,17,104,-87
122900037,225,103,122
122900038,65,1190,-1125
122900039,100,335,-235
122900040,159,297,-138
122900041,92,162,-70
122900042,79,233,-154
122900043,304,148,156
122900044,46,222,-176
122900045,80,68,12
122900046,40,88,-48
122900047,180,65,115
122900048,36,102,-66
122900049,1425,55,1370
122900051,88,43,45
122900052,18,77,-59
122900053,13,7,6
122900055,203,63,140
122900057,221,10,211
122900061,287,84,203
122900062,224,242,-18
122900063,86,295,-209
122900064,614,481,133
122900065,190,93,97
122900066,215,147,68
122900067,1200,586,614
122900069,81,427,-346
122900070,130,22,108
122900071,61,411,-350
122900073,29,197,-168
122900074,127,451,-324
122900075,0,63,-63
122900076,6,160,-154
122900077,2,179,-177
122900078,29,68,-39
122900080,67,13,54
122900081,92,77,15
122900082,516,104,412
122900083,207,71,136
122900084,3,218,-215
122900086,9,16,-7
122900087,60,446,-386
122900088,25,54,-29
122900089,15,273,-258
122900090,7,508,-501
122900091,50,0,50
122900092,38,262,-224
122900093,0,320,-320
122900094,4,207,-203
122900095,44,2,42
122900096,24,143,-119
122900097,3,12,-9
122900098,49,76,-27
122900099,2,3,-1
122900100,137,98,39
122900101,544,126,418
122900102,8,2,6
122900103,21,4,17
122900104,33,4,29
122900105,1,5,-4
122900106,0,60,-60
122900107,2,126,-124
122900108,5,205,-200
122900109,43,170,-127
123000001,1702,299,1403
123000002,5093,1873,3220
123000003,3403,1769,1634
123000004,3384,3709,-325
123000005,1621,1887,-266
123000006,2528,2533,-5
123000007,2676,1933,743
123000008,2534,3607,-1073
123000009,3893,2622,1271
123000010,2951,3476,-525
123000011,2796,875,1921
123000012,1142,2154,-1012
123000013,2745,920,1825
123000014,1372,3177,-1805
123000015,3379,587,2792
123000016,5485,1897,3588
123000017,2817,1424,1393
123000018,65,74,-9
123000019,85,325,-240
123000020,55,97,-42
123000021,57,94,-37
123000022,345,741,-396
123000023,1010,1055,-45
123000024,802,412,390
123000025,84,77,7
123000026,5,115,-110
123000027,233,315,-82
123000028,348,681,-333
123000029,462,448,14
123000030,116,659,-543
123000031,106,326,-220
123000032,106,281,-175
123000033,134,65,69
123000034,499,384,115
123000035,162,190,-28
123000036,160,317,-157
123000037,125,246,-121
123000038,93,185,-92
123000039,507,663,-156
123000040,1035,264,771
123000041,787,381,406
123000042,729,304,425
123000043,1533,2165,-632
123000044,5203,1604,3599
123000045,7711,1005,6706
123000046,782,520,262
123000047,1425,616,809
123000048,57,285,-228
123000049,3119,2090,1029
123000050,655,690,-35
123000051,105,123,-18
123000052,491,1540,-1049
123000053,2019,1949,70
123000054,911,828,83
123000055,1427,908,519
123000056,1112,1643,-531
123000057,8922,2738,6184
123000058,416,200,216
123000059,130,107,23
123000060,575,325,250
123000061,98,289,-191
123000063,624,441,183
123000064,2024,439,1585
123000065,5257,2539,2718
123000066,734,468,266
123000067,289,474,-185
123000068,2459,2696,-237
123000069,7154,2924,4230
123000070,166,113,53
123000071,1292,989,303
123000072,863,1305,-442
123000073,606,696,-90
123000074,588,1401,-813
123000075,408,813,-405
123000076,331,1034,-703
123000077,2319,3340,-1021
123000078,700,1643,-943
123000079,702,1979,-1277
123000080,1613,2295,-682
123000081,274,661,-387
123000082,662,992,-330
123000083,1127,310,817
123000084,1877,938,939
123000085,2319,823,1496
123000086,332,581,-249
123000087,246,504,-258
123000088,1111,1175,-64
123000089,328,1174,-846
123000090,959,1138,-179
123000091,1451,1180,271
123000092,1179,1022,157
123000094,350,393,-43
123000095,134,447,-313
123000096,275,348,-73
123000097,216,991,-775
123000098,391,455,-64
123000099,416,724,-308
123000100,323,378,-55
123000101,455,339,116
123000102,442,399,43
123000104,312,266,46
123000105,461,509,-48
123000106,684,229,455
123000107,535,500,35
123000108,1082,912,170
123000111,1263,358,905
123000112,392,530,-138
123000113,984,1534,-550
123000114,282,360,-78
123000115,129,280,-151
123000116,26,156,-130
123000117,1175,1514,-339
123000118,375,696,-321
123000119,240,862,-622
123000120,826,996,-170
123000121,407,470,-63
123000122,290,271,19
123000123,347,563,-216
123000124,626,489,137
123000125,834,588,246
123000126,1382,1433,-51
123000127,1716,788,928
123000128,220,396,-176
123000129,206,112,94
123000130,218,38,180
123000131,446,329,117
123000132,371,451,-80
123000133,488,326,162
123000134,579,117,462
123000135,1617,1410,207
123000136,170,1344,-1174
123000137,43,347,-304
123000138,57,397,-340
123000139,216,62,154
123000140,104,598,-494
123000141,673,56,617
123000142,915,967,-52
123000143,898,2391,-1493
123000144,18,12,6
123000145,128,111,17
123000146,15,101,-86
123000147,48,83,-35
123000149,206,253,-47
123000150,155,148,7
123000151,324,404,-80
123000152,25,298,-273
123000153,155,441,-286
123000154,1706,1396,310
123000155,2097,684,1413
123000156,42,62,-20
123000157,523,700,-177
123000158,636,391,245
123000159,1998,1186,812
123000160,703,531,172
123000161,637,589,48
123000162,176,773,-597
123000163,199,178,21
123000164,525,158,367
123000165,183,1252,-1069
123000166,28,161,-133
123000167,90,213,-123
123000168,134,267,-133
123000169,221,47,174
123000170,23,238,-215
123000171,97,45,52
123000172,228,644,-416
123000173,279,106,173
123000174,456,92,364
123000175,812,1311,-499
123000176,358,178,180
123000177,241,790,-549
123000178,525,234,291
123000179,10,283,-273
123000180,824,235,589
123000181,230,1309,-1079
123000182,95,395,-300
123000183,96,160,-64
123000184,101,825,-724
123000185,136,278,-142
123000186,6,556,-550
123000187,317,11,306
123000188,153,1,152
123000189,17,190,-173
123000190,2,38,-36
123000192,20,639,-619
123000193,24,582,-558
123000194,433,278,155
123000195,303,23,280
123000196,79,2,77
123000197,18,14,4
123000198,3,120,-117
123000199,1,263,-262
123000200,192,1,191
123000201,219,3,216
123000202,11,750,-739
123000203,312,26,286
123000204,18,530,-512
123000205,226,2058,-1832
123000206,894,101,793
123000207,43,725,-682
123000208,172,204,-32
123000209,1160,328,832
123000210,230,1251,-1021
123000211,297,2409,-2112
123000212,1291,274,1017
123000213,357,55,302
123000215,133,85,48
123000216,123,587,-464
123000217,122,21,101
123000218,79,233,-154
123000219,728,24,704
123000220,317,55,262
123000221,79,95,-16
123000222,215,382,-167
123000223,69,562,-493
123000224,295,647,-352
123000225,184,61,123
123000226,62,298,-236
123000227,50,322,-272
123000228,142,48,94
123000229,933,1439,-506
123000232,42,435,-393
123000233,330,131,199
123000234,110,585,-475
123000235,170,198,-28
123000236,82,780,-698
123000237,177,54,123
123000238,58,530,-472
123000239,388,1657,-1269
123000240,18,172,-154
123000241,735,64,671
123000242,38,124,-86
123000243,220,884,-664
123000244,557,392,165
123000245,35,150,-115
123000249,377,604,-227
123000252,541,93,448
123000253,431,293,138
123000254,243,823,-580
123000255,492,505,-13
123000256,85,743,-658
123000257,1761,1871,-110
123000258,709,1484,-775
123000259,68,250,-182
123000260,206,483,-277
123000261,62,106,-44
123000262,67,232,-165
123000263,176,69,107
123000264,136,45,91
123000265,67,124,-57
123000266,353,543,-190
123000267,122,165,-43
123000268,12,57,-45
123000269,29,33,-4
123000270,12,20,-8
123000271,21,122,-101
123000272,614,215,399
123000273,133,413,-280
123000274,765,282,483
123000275,218,940,-722
123000278,2595,2383,212
123000279,22,82,-60
123000280,164,260,-96
123000281,123,60,63
123000282,42,250,-208
123000283,41,24,17
123000284,56,115,-59
123000286,219,191,28
123000287,556,190,366
123000288,651,391,260
123000289,303,505,-202
123000291,246,718,-472
123000294,208,276,-68
123000295,661,1042,-381
123000296,204,578,-374
123000297,248,946,-698
123000298,238,550,-312
123000299,51,424,-373
123000300,1684,663,1021
123000301,57,106,-49
123000302,54,136,-82
123000303,26,116,-90
123000305,854,713,141
123000306,28,229,-201
123000309,17,55,-38
123000310,31,14,17
123000311,154,216,-62
123000312,724,962,-238
123000313,123,214,-91
123000315,119,256,-137
123000316,1691,166,1525
123000317,154,38,116
123000318,42,247,-205
123000329,5,19,-14
123000337,124,213,-89
123000338,278,74,204
123000339,75,195,-120
123000340,141,399,-258
123000342,5,205,-200
123000343,36,1,35
123000344,790,314,476
123000345,315,501,-186
123000346,206,107,99
123000352,1555,653,902
123000353,31,172,-141
123000354,281,79,202
123000355,0,315,-315
123000356,75,0,75
123000357,2,278,-276
123000359,5,237,-232
123000360,115,6,109
123000361,427,242,185
123000362,134,67,67
123000363,76,201,-125
123000364,391,353,38
123000365,19,181,-162
123000366,185,842,-657
123000367,408,1888,-1480
123000370,13,239,-226
123000371,196,4,192
123000372,79,8,71
123000373,1,341,-340
123000374,8,179,-171
123000375,102,8,94
123000376,519,446,73
123000377,162,8,154
123000378,6,304,-298
123000379,2,164,-162
123000380,58,125,-67
123000381,90,21,69
123000382,846,26,820
123000383,138,479,-341
123000384,382,63,319
123000385,314,499,-185
123000436,26,614,-588
123000507,184,310,-126
123000508,172,324,-152
123000517,253,13,240
123000518,31,181,-150
123000519,88,40,48
123000520,62,159,-97
123000521,209,45,164
123000522,158,444,-286
123000541,2,0,2
123000542,0,34,-34
123000565,233,13,220
123000566,53,810,-757
123000567,62,234,-172
123000573,26,865,-839
123000574,258,34,224
123000575,1117,934,183
123000576,510,1577,-1067
123000577,67,411,-344
123000578,555,112,443
123000579,5047,2157,2890
123000580,76,21,55
123000582,162,21,141
123000583,7,384,-377
123000584,89,145,-56
123000585,0,110,-110
123000586,29,1,28
123000596,90,104,-14
123000597,27,70,-43
123000602,10,1,9
123000603,229,671,-442
123000604,305,1042,-737
123000605,475,27,448
123000606,0,170,-170
123000609,3,366,-363
123000610,95,60,35
123000613,65,154,-89
123000614,174,28,146
123000615,48,224,-176
123000616,213,39,174
123000617,33,406,-373
123000618,62,561,-499
123000619,468,14,454
123000620,10,496,-486
123000622,197,9,188
123000624,155,49,106
123000630,493,327,166
123000631,152,1900,-1748
123000632,1899,1496,403
123000633,0,186,-186
123000634,50,35,15
123000635,185,73,112
123000636,9,567,-558
123000637,114,24,90
123000638,246,76,170
123000639,746,1695,-949
123000640,31,998,-967
123000648,615,316,299
123000649,201,1233,-1032
123000650,41,66,-25
123000651,3,125,-122
123000652,85,0,85
123000653,0,0,0
123900001,1193,41,1152
123900002,11,660,-649
123900003,256,521,-265
123900005,100,62,38
123900006,91,32,59
124000001,1066,107,959
124000002,81,1515,-1434
124000003,253,71,182
124000004,62,627,-565
124000005,457,141,316
124000006,196,1220,-1024
124000007,408,70,338
124000008,42,353,-311
124000009,202,147,55
124000010,64,662,-598
124000011,428,182,246
124000012,191,837,-646
124000017,31,92,-61
124000018,59,107,-48
124000019,58,83,-25
124000020,41,212,-171
124000021,82,49,33
124000022,88,256,-168
124000023,414,87,327
124000024,918,551,367
124000025,635,182,453
124000026,696,427,269
124000027,1438,322,1116
124000028,2560,997,1563
124000031,563,670,-107
124000032,3099,1204,1895
124000033,577,251,326
124000034,757,1166,-409
124000035,143,59,84
124000036,106,623,-517
124000037,219,278,-59
124000038,35,80,-45
124000039,838,202,636
124000040,564,416,148
124000041,121,37,84
124000042,59,284,-225
124000043,244,59,185
124000044,135,228,-93
124000045,407,374,33
124000046,91,691,-600
124000047,483,636,-153
124000048,343,1744,-1401
124000049,610,498,112
124000050,356,2284,-1928
124000051,278,404,-126
124000052,284,1394,-1110
124000053,464,677,-213
124000054,620,653,-33
124000055,877,917,-40
124000056,3279,1223,2056
124000057,497,335,162
124000058,228,1346,-1118
124000059,353,414,-61
124000060,837,783,54
124000061,951,2130,-1179
124000062,7072,1610,5462
124000063,1200,1575,-375
124000064,2186,1773,413
124000065,209,271,-62
124000066,250,41,209
124000067,37,120,-83
124000068,36,103,-67
124000069,225,175,50
124000070,120,501,-381
124000071,101,75,26
124000072,110,488,-378
124000073,439,101,338
124000074,120,775,-655
124000075,83,23,60
124000076,6,245,-239
124000077,1482,510,972
124000078,2065,299,1766
124000079,520,645,-125
124000080,139,72,67
124000081,106,668,-562
124000082,21,92,-71
124000083,47,154,-107
124000084,64,187,-123
124000085,92,35,57
124000086,11,69,-58
124000087,77,55,22
124000088,63,163,-100
124000089,264,237,27
124000090,85,423,-338
124000091,244,124,120
124000092,81,687,-606
124000093,73,79,-6
124000094,129,272,-143
124000095,36,77,-41
124000096,68,202,-134
124000097,71,62,9
124000098,27,118,-91
124000099,92,57,35
124000100,26,113,-87
124000101,21,95,-74
124000102,83,83,0
124000103,35,108,-73
124000104,66,81,-15
124000105,24,47,-23
124000106,100,103,-3
124000107,10,58,-48
124000108,71,24,47
124000109,75,34,41
124000110,105,115,-10
124000111,154,113,41
124000112,300,593,-293
124000113,34,72,-38
124000114,129,563,-434
124000115,250,714,-464
124000116,54,53,1
124000117,79,61,18
124000118,43,73,-30
124000119,809,381,428
124000120,332,393,-61
124000121,2212,600,1612
124000122,441,923,-482
124000123,636,325,311
124000124,419,721,-302
124000125,279,275,4
124000126,326,465,-139
124000127,412,255,157
124000128,457,842,-385
124000129,1194,976,218
124000130,636,511,125
124000131,666,351,315
124000132,773,703,70
124000133,452,572,-120
124000134,596,671,-75
124000135,1058,1007,51
124000136,694,980,-286
124000137,932,371,561
124000138,1016,742,274
124000139,519,38,481
124000140,69,548,-479
124000141,190,23,167
124000142,30,596,-566
124000143,33,7,26
124000144,6,166,-160
124000145,34,30,4
124000146,1,109,-108
124000148,10,29,-19
124000149,658,226,432
124000150,271,420,-149
124000151,396,171,225
124000152,612,896,-284
124000153,416,306,110
124000154,474,647,-173
124000155,813,432,381
124000156,1040,751,289
124000169,211,222,-11
124000170,491,334,157
124000171,148,163,-15
124000172,286,524,-238
124000173,195,243,-48
124000174,174,673,-499
124000175,7,133,-126
124000176,10,9,1
124000177,10,34,-24
124000178,9,10,-1
124000185,8,6,2
124000186,3,79,-76
124000187,5,89,-84
124000188,9,1,8
124000190,235,17,218
124000191,410,110,300
124000192,1428,188,1240
124000193,297,910,-613
124000194,303,466,-163
124000195,135,363,-228
124000196,691,1051,-360
124000197,60,53,7
124000198,11,33,-22
124000201,135,899,-764
124000202,246,93,153
124000203,78,855,-777
124000204,169,402,-233
124000205,47,527,-480
124000206,112,307,-195
124000207,1,46,-45
124000209,103,483,-380
124000210,103,149,-46
124000211,110,0,110
124000212,3,513,-510
124000213,81,304,-223
124000214,98,560,-462
124000215,54,11,43
124000216,1,575,-574
124000329,32,2064,-2032
124000338,16,1012,-996
124000339,218,39,179
124000341,328,42,286
124000344,4,1,3
124000357,869,1747,-878
124000358,994,1625,-631
124000359,575,370,205
124000360,309,328,-19
124000361,864,585,279
124000362,1330,1429,-99
124000363,306,529,-223
124000364,438,1037,-599
124000365,642,1216,-574
124000366,2164,1410,754
124000367,63,469,-406
124000368,102,134,-32
124000369,90,70,20
124000370,53,372,-319
124000402,11,7,4
124000403,38,6,32
124000404,3,75,-72
124000405,814,504,310
124000406,730,739,-9
124000407,5,37,-32
124000411,5,317,-312
124000412,108,14,94
124000413,205,33,172
124000414,24,81,-57
124000415,18,228,-210
124000416,78,260,-182
124000417,72,123,-51
124000418,38,126,-88
124000419,61,179,-118
124000420,23,74,-51
124000421,15,304,-289
124000422,21,4,17
124000423,114,26,88
124000424,7,155,-148
124000425,27,6,21
124000426,1,220,-219
124000427,34,5,29
124000428,10,17,-7
124000429,10,42,-32
124000430,410,481,-71
124000431,269,521,-252
124000432,75,766,-691
124000439,2,6,-4
124000443,0,5,-5
124000445,127,359,-232
124000446,2741,142,2599
124000447,11,64,-53
124000448,17,2,15
124000449,38,7,31
124000450,8,428,-420
124000451,0,234,-234
124000452,356,36,320
124000453,2480,2037,443
124000454,3105,3431,-326
124900001,193,230,-37
124900002,54,409,-355
124900003,405,406,-1
124900004,215,274,-59
124900005,143,163,-20
124900006,221,300,-79
124900008,763,329,434
124900009,117,95,22
124900010,35,27,8
124900011,150,105,45
124900012,228,66,162
124900013,168,85,83
124900014,92,54,38
124900015,52,64,-12
124900016,13,21,-8
124900017,408,267,141
124900018,14,0,14
124900020,14,12,2
124900021,62,8,54
124900022,3,5,-2
124900024,74,2,72
124900026,67,8,59
124900027,24,128,-104
124900028,506,118,388
124900029,6,285,-279
124900030,1,115,-114
124900031,4,279,-275
124900032,143,133,10
124900033,37,354,-317
124900034,4,66,-62
124900035,75,324,-249
124900036,0,26,-26
124900037,77,283,-206
124900038,183,340,-157
124900039,1,23,-22
124900040,35,65,-30
124900041,159,1338,-1179
124900042,39,1,38
124900043,213,1167,-954
124900044,72,3,69
124900045,353,557,-204
124900047,88,117,-29
124900048,55,116,-61
124900050,89,229,-140
124900052,66,269,-203
124900053,33,271,-238
124900054,2668,232,2436
124900055,0,95,-95
124900057,10,128,-118
124900060,33,173,-140
124900061,6,2,4
124900062,16,6,10
124900066,0,13,-13
124900067,6,163,-157
124900068,195,161,34
124900070,28,201,-173
124900072,41,10,31
124900075,46,218,-172
124900076,10,275,-265
124900077,9,81,-72
124900078,6,9,-3
124900079,513,62,451
124900080,118,677,-559
124900081,438,190,248
124900082,213,944,-731
124900083,132,483,-351
124900085,1168,103,1065
124900086,36,482,-446
124900087,523,37,486
124900088,486,51,435
124900089,1233,16,1217
124900090,108,123,-15
124900091,100,477,-377
124900092,111,394,-283
124900093,77,122,-45
124900094,135,149,-14
124900095,52,196,-144
124900096,331,83,248
124900097,112,16,96
124900098,100,314,-214
124900099,368,248,120
124900100,99,14,85
124900101,21,281,-260
124900102,81,0,81
124900103,50,251,-201
124900104,8,197,-189
124900105,31,139,-108
124900106,155,15,140
124900107,31,2,29
124900108,169,31,138
124900111,3,49,-46
124900112,25,630,-605
124900113,114,61,53
124900114,243,41,202
124900115,30,30,0
124900116,45,50,-5
124900117,593,89,504
124900118,88,62,26
124900119,170,66,104
124900120,21,260,-239
124900121,69,113,-44
124900122,316,141,175
124900123,492,48,444
124900124,146,155,-9
124900125,37,1,36
124900126,1,191,-190
204000001,34,27,7
204000002,16,30,-14
204000003,14,1,13
204000004,5,0,5
204000005,354,292,62
204000006,603,682,-79
204000011,2,47,-45
204000012,16,110,-94
204000019,416,406,10
204000020,325,685,-360
204000021,1688,660,1028
204000022,277,385,-108
204000023,254,1268,-1014
204000031,104,12,92
204000032,469,21,448
204000034,20,252,-232
204000035,0,3,-3
204000036,4,21,-17
204000037,4,26,-22
204000038,0,46,-46
204000039,7,63,-56
204000040,6,37,-31
204000041,2,53,-51
204000042,12,15,-3
204000043,12,2,10
204000044,27,3,24
204000045,26,9,17
204000046,11,6,5
204000057,4,49,-45
204000062,17,251,-234
204000068,30,164,-134
204000069,15,150,-135
204000070,56,92,-36
204000080,17,55,-38
204000085,950,1415,-465
204000086,2568,1999,569
204000087,47,10,37
204000088,5,97,-92
204000090,28,373,-345
204000093,146,68,78
204000096,443,481,-38
204000097,153,60,93
204000099,650,1011,-361
204000100,492,773,-281
204000105,1468,1197,271
204000110,472,1378,-906
204000111,317,766,-449
204000112,865,875,-10
204000113,285,809,-524
204000114,402,364,38
204000115,285,297,-12
204000116,1262,401,861
204000119,1243,1126,117
204000132,309,166,143
204000133,398,215,183
204000134,97,85,12
204000135,339,104,235
204000136,125,212,-87
204000138,156,256,-100
204000140,114,70,44
204000141,66,43,23
204000144,2,23,-21
204000145,616,20,596
204000146,10,279,-269
204000147,39,150,-111
204000148,307,23,284
204000154,6,2,4
204000155,4,10,-6
204000177,72,70,2
204000179,6,4,2
204000180,0,51,-51
204000222,3,9,-6
204000235,7,13,-6
204000236,71,261,-190
204000238,25,19,6
204000240,369,57,312
204000263,385,1314,-929
204000268,795,325,470
204000308,115,12,103
204000317,11,70,-59
204000322,5,20,-15
204000323,13,15,-2
204000328,161,54,107
204000329,110,98,12
204000330,174,116,58
204000331,57,126,-69
205000001,943,1053,-110
205000013,7,92,-85
205000014,7,138,-131
205000015,20,222,-202
205000016,10,173,-163
205000017,21,70,-49
205000022,311,526,-215
205000025,1396,859,537
205000029,161,11,150
205000045,47,170,-123
205000046,48,507,-459
205000047,51,486,-435
205000048,133,910,-777
205000049,77,634,-557
205000050,1074,227,847
205000059,1,230,-229
205000060,0,51,-51
205000061,3,27,-24
205000062,1,29,-28
205000063,11,78,-67
205000064,6,92,-86
205000065,59,647,-588
205000066,53,719,-666
205000067,58,1013,-955
205000069,192,14,178
205000082,92,139,-47
205000110,60,202,-142
205000111,153,242,-89
205000112,68,86,-18
205000113,190,162,28
205000121,137,40,97
205000123,54,150,-96
205000126,225,79,146
205000127,432,132,300
205000128,424,55,369
205000129,323,60,263
205000130,219,46,173
205000131,140,7,133
205000132,350,0,350
205000133,117,0,117
205000134,124,0,124
205000137,75,147,-72
205000138,208,283,-75
205000139,24,96,-72
205000144,64,45,19
205000145,200,116,84
205000151,57,21,36
205000152,93,20,73
205000153,111,23,88
205000154,32,40,-8
205000155,53,13,40
205000207,14,149,-135
205000233,23,1,22
205000234,0,2,-2
205000243,0,0,0
205000244,0,3,-3
205000245,17,297,-280
205000249,0,17,-17
205000250,6,1,5
205000264,3,94,-91
206000027,7,5,2
206000028,12,3,9
206000043,4,112,-108
206000053,3,10,-7
206000054,6,23,-17
206000055,0,33,-33
206000075,13,7,6
206000076,10,3,7
206000077,24,1,23
206000078,6,4,2
206000079,16,6,10
206000082,272,14,258
206000100,48,524,-476
206000103,10,30,-20
206000104,16,19,-3
206000105,26,19,7
206000106,19,36,-17
206000125,34,0,34
206000157,93,683,-590
206000170,0,239,-239
206000171,2,274,-272
206000172,7,1053,-1046
206000173,2,388,-386
206000174,7,152,-145
206000175,3,242,-239
206000176,10,418,-408
206000177,1,266,-265
206000178,1,200,-199
206000179,0,99,-99
206000180,22,221,-199
206000181,4,290,-286
206000182,18,342,-324
206000183,15,932,-917
206000184,2,382,-380
206000185,4,337,-333
206000186,116,1673,-1557
206000223,6,264,-258
206000226,19,2,17
206000227,13,1,12
206000237,22,413,-391
206000238,35,757,-722
206000239,432,2573,-2141
206000240,1,62,-61
206000241,0,133,-133
206000242,12,476,-464
206000243,12,441,-429
206000244,62,983,-921
206000245,281,46,235
206000246,38,7,31
206000247,53,16,37
206000248,140,11,129
206000252,52,16,36
206000258,16,57,-41
206000315,22,5,17
206000317,278,74,204
206000318,147,40,107
206000319,439,52,387
206000320,28,20,8
206000321,38,7,31
206000322,131,6,125
206000323,67,5,62
206000324,67,9,58
206000325,53,7,46
206000326,86,4,82
206000327,80,3,77
206000328,57,3,54
206000329,84,6,78
206000330,23,15,8
206000331,69,2,67
206000332,15,2,13
206000333,165,3,162
206000334,103,0,103
206000335,0,18,-18
206000361,10,189,-179
206000392,4,42,-38
206000405,133,1,132
206000441,9,9,0
206000498,30,6,24
206000515,101,9,92
206000530,88,39,49
206000531,162,56,106
206000532,2130,93,2037
206000535,249,2339,-2090
206000536,29,305,-276
206000537,5,149,-144
206000613,1099,159,940
206000784,403,40,363
207000001,154,332,-178
207000002,30,348,-318
207000003,138,224,-86
207000007,429,201,228
207000008,50,11,39
207000009,57,41,16
207000010,440,604,-164
207000012,183,175,8
207000015,332,1812,-1480
207000019,135,69,66
207000021,370,174,196
207000022,75,82,-7
207000023,40,47,-7
207000024,3,4,-1
207000025,31,34,-3
207000026,117,33,84
207000027,9,57,-48
207000028,26,219,-193
207000029,233,331,-98
207000033,160,161,-1
207000034,161,45,116
207000039,138,95,43
207000040,154,99,55
207000041,23,37,-14
207000042,89,61,28
207000043,131,179,-48
207000051,89,353,-264
207000052,7,208,-201
207000053,360,665,-305
207000054,23,137,-114
207000055,76,191,-115
207000056,161,446,-285
207000057,126,281,-155
207000058,59,477,-418
207000059,36,921,-885
207000060,22,331,-309
207000061,88,135,-47
207000062,109,65,44
207000063,125,160,-35
207000064,249,153,96
207000065,184,157,27
207000066,86,141,-55
207000067,42,93,-51
207000068,90,51,39
207000069,508,298,210
207000082,26,384,-358
207000083,42,408,-366
207000084,92,145,-53
207000085,154,12,142
207000086,55,9,46
207000106,19,32,-13
207000107,21,20,1
207000108,22,9,13
207000109,31,10,21
207000110,32,34,-2
207000111,30,81,-51
207000112,107,210,-103
207000114,13,24,-11
207000115,12,77,-65
207000116,10,200,-190
207000117,8,97,-89
207000118,1,80,-79
207000119,16,101,-85
207000123,160,24,136
207000124,30,12,18
207000125,46,14,32
207000126,99,14,85
207000134,29,328,-299
207000135,32,320,-288
207000148,38,107,-69
207000149,67,31,36
207000152,141,326,-185
207000153,1062,812,250
207000154,311,130,181
207000159,36,286,-250
207000160,52,603,-551
207000238,0,97,-97
207000242,1,148,-147
207000248,37,15,22
207000249,128,45,83
207000250,557,57,500
207000251,66,71,-5
207000252,40,43,-3
207000278,47,50,-3
207000279,10,226,-216
207000280,154,41,113
207000281,60,1263,-1203
207000282,188,36,152
207000283,144,182,-38
207000284,89,116,-27
207000285,154,49,105
207000291,3,119,-116
207000304,72,55,17
207000306,27,379,-352
207000310,28,57,-29
207000353,160,5,155
207000356,3,13,-10
207000357,5,7,-2
207000358,27,11,16
207000415,11,131,-120
207000417,15,1,14
207000418,88,142,-54
207000438,0,0,0
207000439,1016,260,756
207000446,91,5,86
207000460,6,7,-1
207000466,161,145,16
207000467,100,74,26
207000468,37,538,-501
207000476,4,78,-74
207000477,157,114,43
207000478,0,6,-6
207000523,0,29,-29
207000524,73,2,71
207000527,81,132,-51
207000530,111,11,100
207000531,174,7,167
207000532,55,20,35
207000534,561,29,532
207000535,35,160,-125
207000537,24,67,-43
207000540,5,197,-192
207000541,1,255,-254
207000548,4,293,-289
207000549,132,8,124
207000561,75,80,-5
207000562,28,140,-112
207000567,154,232,-78
207000568,48,70,-22
207000569,174,1483,-1309
207000584,318,117,201
207000585,44,207,-163
207000587,33,23,10
207000616,0,189,-189
207000617,54,0,54
207000624,62,20,42
207000631,20,53,-33
207900008,70,313,-243
208000001,340,546,-206
208000002,287,455,-168
208000003,576,520,56
208000004,797,718,79
208000005,20,14,6
208000019,383,726,-343
208000020,112,333,-221
208000021,95,431,-336
208000022,391,637,-246
208000028,947,608,339
208000033,295,553,-258
208000034,796,1372,-576
208000037,338,42,296
208000040,117,167,-50
208000041,1056,384,672
208000042,669,409,260
208000047,76,337,-261
208000064,2148,1237,911
208000066,1100,625,475
208000070,213,403,-190
208000071,210,678,-468
208000072,312,1127,-815
208000080,133,347,-214
208000081,107,216,-109
208000082,142,323,-181
208000083,89,393,-304
208000084,14,12,2
208000085,734,567,167
208000086,352,791,-439
208000087,223,707,-484
208000089,498,584,-86
208000090,359,943,-584
208000093,126,98,28
208000094,220,487,-267
208000095,451,285,166
208000104,692,971,-279
208000105,389,1053,-664
208000114,53,149,-96
208000115,350,285,65
208000116,200,791,-591
208000117,96,93,3
208000118,62,63,-1
208000155,387,881,-494
208000158,1447,1780,-333
208000186,2470,1475,995
208000204,242,691,-449
208000205,639,1142,-503
208000282,2764,982,1782
209000004,66,148,-82
209000005,10,16,-6
209000006,359,103,256
209000007,173,170,3
209000010,415,146,269
209000011,131,186,-55
209000012,149,228,-79
209000013,148,631,-483
209000014,676,1582,-906
209000025,133,34,99
209000026,361,71,290
209000027,240,989,-749
209000028,275,955,-680
209000029,567,861,-294
209000030,470,1589,-1119
209000031,3823,2348,1475
209000034,170,158,12
209000035,108,122,-14
209000036,86,98,-12
209000037,122,173,-51
209000038,71,151,-80
209000039,35,165,-130
209000040,219,409,-190
209000041,133,314,-181
209000042,154,304,-150
209000043,584,520,64
209000044,112,437,-325
209000045,799,332,467
209000046,225,369,-144
209000047,270,140,130
209000048,302,225,77
209000049,88,166,-78
209000050,213,258,-45
209000051,204,392,-188
209000052,104,386,-282
209000062,48,215,-167
209000063,22,148,-126
209000064,10,139,-129
209000065,15,20,-5
209000066,30,30,0
209000067,40,93,-53
209000080,9,134,-125
209000082,50,38,12
209000091,29,70,-41
209000093,96,20,76
209000094,219,96,123
209000110,25,30,-5
209000111,286,800,-514
209000112,429,372,57
209000113,828,335,493
209000114,166,169,-3
209000115,96,203,-107
209000116,885,476,409
209000118,6,40,-34
209000119,15,10,5
209000121,133,730,-597
209000135,59,59,0
209000142,638,706,-68
209000143,52,58,-6
209000144,54,57,-3
209000229,111,116,-5
209000240,48,411,-363
209000259,224,116,108
209000260,42,760,-718
209000261,4,515,-511
209000262,2,478,-476
209000263,0,95,-95
209000264,0,31,-31
209000265,464,26,438
209000266,53,10,43
209000267,280,17,263
209000268,528,48,480
210000037,40,20,20
210000047,70,23,47
210000048,21,24,-3
210000049,57,22,35
210000052,18,128,-110
210000053,17,86,-69
210000054,39,83,-44
210000070,36,0,36
210000071,18,0,18
210000072,7,0,7
210000073,0,27,-27
210000074,0,95,-95
210000075,4,47,-43
210000076,6,126,-120
210000077,54,31,23
210000078,36,20,16
210000079,24,8,16
210000080,95,49,46
210000081,66,9,57
210000082,39,0,39
210000083,51,1,50
210000084,35,0,35
210000085,1,68,-67
210000086,3,111,-108
210000099,18,201,-183
210000100,22,282,-260
210000101,50,233,-183
210000105,30,177,-147
210000159,0,98,-98
210000163,187,222,-35
210000164,263,68,195
210000168,152,16,136
210000187,0,14,-14
210000188,0,13,-13
210000214,24,0,24
210000219,10,49,-39
210000220,33,96,-63
210000232,4,14,-10
210000233,23,68,-45
210000234,14,209,-195
210000235,17,139,-122
210000245,0,45,-45
210000246,2,1,1
210000258,4,124,-120
210000259,183,25,158
210000282,34,138,-104
210000285,0,95,-95
210000286,7,169,-162
210000290,6,6,0
210000295,39,155,-116
210000296,53,45,8
210000320,84,129,-45
210000321,22,62,-40
210000338,77,105,-28
210000339,491,641,-150
210000340,126,202,-76
210000341,116,195,-79
210000342,147,166,-19
210000343,122,212,-90
210000344,222,105,117
210000345,191,112,79
210000346,47,84,-37
210000347,100,31,69
210000348,93,13,80
210000349,106,27,79
210000350,76,49,27
210000351,52,109,-57
210000352,36,109,-73
210000353,42,143,-101
210000354,41,101,-60
210000355,33,98,-65
210000356,82,60,22
210000357,46,29,17
210000358,379,88,291
210000359,102,55,47
210000360,118,77,41
210000361,97,153,-56
210000362,158,103,55
210000363,901,101,800
210000364,94,74,20
210000365,49,31,18
210000366,70,46,24
210000367,38,23,15
210000368,102,30,72
210000369,23,35,-12
210000370,46,44,2
210000372,30,24,6
210000373,39,13,26
210000374,43,19,24
210000375,23,85,-62
210000376,74,153,-79
210000404,95,127,-32
210000439,22,41,-19
210000472,93,4,89
210000482,81,42,39
210000564,519,89,430
210000567,0,12,-12
210000568,478,0,478
211000092,13,43,-30
211000094,69,9,60
211000169,209,10,199
211000172,10,188,-178
211000209,0,8,-8
211000226,10,34,-24
211000270,9,14,-5
211000275,15,18,-3
211000276,37,22,15
211000279,2,62,-60
211000281,33,62,-29
211000302,3,90,-87
211507980,0,23,-23
211977296,4,4,0
212000003,91,47,44
212000004,120,28,92
212000005,14,22,-8
212000006,36,91,-55
212000008,78,217,-139
212000009,14,96,-82
212000012,36,74,-38
212000013,7,48,-41
212000014,135,149,-14
212000015,132,170,-38
212000016,309,454,-145
212000027,337,429,-92
212000028,166,368,-202
212000029,95,202,-107
212000030,25,31,-6
212000031,42,96,-54
212000048,12,83,-71
212000049,14,59,-45
212000050,8,12,-4
212000051,114,203,-89
212000052,72,411,-339
212000053,299,612,-313
212000054,130,110,20
212000055,117,193,-76
212000056,7,21,-14
212000057,7,18,-11
212000058,269,23,246
212000070,53,306,-253
212000077,72,719,-647
212000099,100,177,-77
212000108,144,158,-14
212000111,113,121,-8
212000120,142,115,27
212000138,48,20,28
212000156,2,122,-120
212000158,1,8,-7
212000159,146,38,108
212000160,221,211,10
212000161,19,13,6
212000310,17,15,2
212000311,1,69,-68
212000374,6,8,-2
213000001,19,516,-497
213000005,267,83,184
213000006,1035,134,901
213000007,67,8,59
213000009,417,129,288
213000010,115,135,-20
213000011,146,71,75
213000012,104,351,-247
213000014,26,3,23
213000015,121,3,118
213000016,102,0,102
213000017,19,1,18
213000018,1,185,-184
213000019,0,184,-184
213000020,92,230,-138
213000021,4,72,-68
213000023,141,158,-17
213000033,185,473,-288
213000034,289,242,47
213000035,98,99,-1
213000045,76,276,-200
213000046,100,171,-71
213000047,359,575,-216
213000056,23,8,15
213000069,19,3,16
213000073,0,12,-12
213000074,133,488,-355
213000075,463,7,456
213000076,5,0,5
213000085,3,36,-33
213000086,7,263,-256
213000091,64,8,56
213000092,42,3,39
213000099,108,684,-576
213000100,1288,197,1091
213000101,137,136,1
213000102,182,361,-179
213000103,564,532,32
213000104,45,338,-293
213000105,1,66,-65
213000106,5,145,-140
213000107,77,628,-551
213000108,23,480,-457
213000109,2,242,-240
213000110,3,81,-78
213000111,10,38,-28
213000112,164,130,34
213000115,55,25,30
213000116,121,544,-423
213000117,10,718,-708
213000118,136,224,-88
213000119,30,739,-709
213000120,48,644,-596
213000122,234,982,-748
213000123,689,1563,-874
213000124,67,1655,-1588
213000125,119,5,114
213000126,22,62,-40
213000127,151,131,20
213000128,553,469,84
213000129,390,304,86
213000130,245,181,64
213000132,109,73,36
213000133,135,80,55
213000134,430,55,375
213000136,193,27,166
213000137,394,47,347
213000139,520,7,513
213000147,21,0,21
213000148,28,3,25
213000149,9,5,4
213000150,0,39,-39
213000151,1,32,-31
213000152,0,61,-61
213000153,1,29,-28
213000154,10,259,-249
213000155,19,296,-277
213000156,40,617,-577
213000157,566,529,37
213000158,186,423,-237
213000159,255,464,-209
213000163,272,71,201
213000165,574,150,424
213000171,15,178,-163
213000172,11,314,-303
213000173,6,226,-220
213000174,1,117,-116
213000175,8,115,-107
213000176,1,91,-90
213000177,4,17,-13
213000178,44,26,18
213000179,73,34,39
213000180,58,62,-4
213000184,50,364,-314
213000188,240,61,179
213000189,109,26,83
213000190,592,633,-41
213000191,121,592,-471
213000192,95,702,-607
213000193,1253,137,1116
213000194,2,21,-19
213000195,12,398,-386
213000196,110,827,-717
213000197,251,222,29
213000198,34,1,33
213000200,76,845,-769
213000201,101,39,62
213000202,11,675,-664
213000203,2506,333,2173
213000204,460,37,423
213000205,112,23,89
213000206,208,47,161
213000207,42,6,36
213000208,104,1,103
213000209,26,1,25
213000210,186,2,184
213000211,2,7,-5
213000212,3,26,-23
213000213,3,42,-39
213000218,106,769,-663
213000219,349,6,343
213000220,362,9,353
213000223,203,66,137
213000224,71,26,45
213000225,14,1,13
213000226,27,3,24
213000227,387,173,214
213000228,79,73,6
213000229,682,16,666
213000230,260,20,240
213000232,72,408,-336
213000233,3,7,-4
213000234,1,26,-25
213000293,11,32,-21
213000294,61,5,56
213000295,12,65,-53
213000296,77,23,54
213000297,5,48,-43
213000298,9,77,-68
213000299,28,34,-6
213000300,35,2,33
213000303,7,17,-10
213000304,0,7,-7
213000305,1,5,-4
213000306,52,26,26
213000307,190,77,113
213000308,63,253,-190
213000309,58,48,10
213000310,149,135,14
213000311,312,418,-106
213000315,57,115,-58
213000316,23,66,-43
213000322,19,43,-24
213000323,16,54,-38
213000340,123,955,-832
213000341,212,69,143
213000346,109,57,52
213000347,732,152,580
213000348,41,161,-120
213000349,88,29,59
213000350,127,1187,-1060
213000366,27,199,-172
213000367,106,27,79
213000379,301,229,72
213000386,5,139,-134
213000406,87,283,-196
213000417,645,357,288
213000425,68,60,8
213000426,45,103,-58
213000427,11,289,-278
213000428,9,209,-200
213000429,39,4,35
213000430,72,938,-866
213000431,83,0,83
213000432,1,9,-8
213000433,17,107,-90
213000434,22,81,-59
213000435,44,80,-36
213000439,13,8,5
213000441,0,1,-1
213000443,295,253,42
213000445,0,67,-67
213000446,0,10,-10
213000447,0,39,-39
213000448,1,32,-31
213000449,106,1,105
213000450,6,43,-37
213000451,71,59,12
213000452,5,22,-17
213000453,28,282,-254
213000455,825,6,819
213000456,1,461,-460
213000481,8,8,0
213000482,112,2,110
213000489,461,36,425
213000491,0,78,-78
213000492,103,1,102
213000493,0,19,-19
213000494,74,90,-16
213000495,1,102,-101
213000496,93,194,-101
213000497,13,283,-270
213000498,42,217,-175
213000499,106,543,-437
213000500,132,76,56
213000501,64,20,44
213000502,55,22,33
213000503,1,62,-61
213000504,6,193,-187
213000505,1,6,-5
213000506,0,4,-4
213000507,0,155,-155
213900244,8,0,8
213900245,0,11,-11
218000003,28,15,13
218000004,16,13,3
218000005,33,19,14
218000006,55,29,26
218000007,2,10,-8
218000012,222,99,123
218000013,67,130,-63
218000014,397,360,37
218000019,770,334,436
218000020,242,311,-69
218000040,11,2,9
218000046,29,181,-152
218000047,3,230,-227
218000048,55,269,-214
218000049,90,187,-97
218000050,191,317,-126
218000051,44,373,-329
218000052,2,108,-106
218000053,0,36,-36
218000054,93,46,47
218000055,3,20,-17
218000056,3,58,-55
218000057,0,37,-37
218000064,0,14,-14
218000065,10,41,-31
218000066,6,63,-57
218000067,19,78,-59
218000068,55,99,-44
218000069,76,168,-92
218000070,62,299,-237
218000071,127,241,-114
218000072,226,201,25
218000078,429,1195,-766
218000079,33,64,-31
218000080,48,54,-6
218000081,147,238,-91
218000082,14,131,-117
218000083,39,74,-35
218000084,40,155,-115
218000085,78,402,-324
218000086,26,149,-123
218000087,130,224,-94
218000090,6,72,-66
218000091,670,426,244
218000092,34,151,-117
218000093,40,89,-49
218000094,423,824,-401
218000099,325,343,-18
218000100,166,290,-124
218000101,94,159,-65
218000102,172,309,-137
218000103,60,139,-79
218000104,28,50,-22
218000105,19,10,9
218000106,21,15,6
218000107,39,90,-51
218000108,2,49,-47
218000112,40,16,24
218000117,24,48,-24
218000134,250,656,-406
218000135,24,68,-44
218000136,109,34,75
218000137,41,106,-65
218000138,12,75,-63
218000139,60,258,-198
218000140,171,170,1
218000141,31,77,-46
218000142,78,107,-29
218000143,20,172,-152
218000144,19,45,-26
218000145,158,363,-205
218000146,44,104,-60
218000151,8,14,-6
218000152,67,74,-7
218000170,0,26,-26
218000171,62,9,53
218000172,33,5,28
218000173,101,27,74
218000174,5,5,0
218000176,84,19,65
218000177,215,69,146
218000178,44,89,-45
218000179,47,66,-19
218000180,32,16,16
218000181,63,41,22
218000187,6,19,-13
218000188,27,50,-23
218000189,15,47,-32
218000190,2,6,-4
218000191,68,110,-42
218000192,74,362,-288
218000193,258,462,-204
218000194,54,456,-402
218000195,71,104,-33
218000196,142,234,-92
218000197,121,308,-187
218000198,7,164,-157
218000199,19,35,-16
218000200,72,46,26
218000201,11,14,-3
218000202,127,139,-12
218000207,3,40,-37
218000208,6,48,-42
218000211,39,13,26
218000213,70,49,21
218000214,1,10,-9
218000215,34,72,-38
218000217,2,105,-103
218000218,152,49,103
218000219,23,10,13
218000220,58,233,-175
218000221,436,134,302
218000222,28,23,5
218000223,29,97,-68
218000224,4,48,-44
218000225,185,18,167
218000226,48,66,-18
218000232,37,80,-43
218000239,41,1,40
218000240,5,1,4
218000241,18,1,17
218000242,14,1,13
218000243,22,2,20
218000244,1,1,0
218000245,4,1,3
218000246,0,0,0
218000247,1,0,1
218000248,0,27,-27
218000249,0,0,0
218000250,5,10,-5
218000251,3,23,-20
218000252,0,21,-21
218000253,10,6,4
218000254,1,14,-13
218000255,2,10,-8
218000256,0,59,-59
218000267,891,1113,-222
218000268,11,56,-45
218000269,19,16,3
218000270,40,122,-82
218000271,52,83,-31
218000273,9,11,-2
218000274,17,9,8
218000275,7,17,-10
218000276,1,39,-38
218000278,15,32,-17
218000279,39,93,-54
218000280,12,67,-55
218000281,28,14,14
218000282,421,239,182
218000284,99,11,88
218000301,22,75,-53
218000302,55,37,18
218000303,34,56,-22
218000316,495,1026,-531
218000317,446,1322,-876
218000318,244,863,-619
218000319,508,1350,-842
218000320,548,715,-167
218000338,45,31,14
218000345,108,64,44
218000346,54,140,-86
218000459,67,209,-142
218000490,64,57,7
218000501,39,45,-6
218000502,7,103,-96
218000503,44,5,39
218000504,99,4,95
218000505,19,194,-175
218000506,25,192,-167
218000508,50,1,49
218000510,165,7,158
218000520,71,112,-41
218000521,4,93,-89
218000522,1,120,-119
218000523,97,17,80
218000524,66,107,-41
218000525,62,9,53
218000526,75,72,3
218000529,39,304,-265
218000531,6,23,-17
218000532,7,24,-17
218000534,59,26,33
218000537,7,67,-60
218000538,71,106,-35
218000540,175,47,128
218000543,60,52,8
218000544,41,99,-58
218000545,17,32,-15
218000546,33,85,-52
218000547,38,62,-24
218000548,79,157,-78
218000549,315,100,215
218000550,280,471,-191
218000551,196,298,-102
218000552,403,46,357
218000553,43,79,-36
218000554,6,18,-12
218000555,21,47,-26
218000556,88,482,-394
218000557,189,164,25
218000558,28,1,27
218000559,0,20,-20
218000560,0,18,-18
218000561,11,0,11
218000562,7,146,-139
218000563,107,20,87
218000564,6,86,-80
218000565,331,28,303
218000566,817,28,789
218000567,4,39,-35
218000568,1,2,-1
218000569,40,81,-41
218000570,380,12,368
218000571,0,78,-78
218000572,64,2,62
218000573,35,59,-24
218000574,214,54,160
218000575,58,0,58
218000576,0,66,-66
218000577,15,0,15
218000578,0,68,-68
218000579,12,1,11
218000581,1,82,-81
218000582,6,5,1
218000583,0,0,0
218000584,1,18,-17
218000585,4,0,4
218000586,0,29,-29
218000587,0,0,0
218000588,0,2,-2
218000589,0,0,0
218000590,0,0,0
218000591,0,1,-1
218000592,0,0,0
218000593,1,1,0
218000594,0,0,0
218000597,0,0,0
218000598,0,0,0
218000599,0,0,0
218000600,0,0,0
218000601,0,0,0
218000602,1,1,0
218000603,0,2,-2
218000604,2,0,2
218000605,0,12,-12
218000606,23,0,23
218000607,10,17,-7
218000608,51,5,46
218000609,0,29,-29
218000610,23,2,21
218000611,12,0,12
218000612,2,29,-27
218000613,4,0,4
218000614,1,33,-32
218000615,26,0,26
218000616,1,88,-87
218000617,1,0,1
218000618,0,11,-11
218000619,5,17,-12
218000620,0,25,-25
218000621,0,5,-5
218000622,0,4,-4
218000623,1,0,1
218000624,0,10,-10
218000625,5,0,5
218000626,1,5,-4
218000628,68,24,44
218000631,23,23,0
218000632,2,54,-52
218000633,51,0,51
218000634,3,18,-15
218000635,24,4,20
218000636,526,1456,-930
218000637,452,575,-123
218000638,54,49,5
218000639,14,202,-188
218000640,55,13,42
218000641,39,287,-248
218000652,90,102,-12
218000653,159,56,103
218000663,5,99,-94
218000675,83,59,24
218000680,149,510,-361
218000681,271,115,156
218000691,86,354,-268
218000693,47,135,-88
218000718,974,255,719
218000719,1193,63,1130
218000720,11,44,-33
218000721,33,13,20
218001147,8,500,-492
218001214,10,14,-4
218001258,78,4,74
218001329,146,86,60
218001330,188,132,56
218001351,40,10,30
218001352,1,9,-8
218001353,11,15,-4
218001354,0,17,-17
218001355,51,491,-440
218001356,136,4,132
218001357,31,327,-296
218001358,141,7,134
218001361,88,9,79
218001362,1,445,-444
219000001,17,71,-54
219000002,24,54,-30
219000003,34,24,10
219000004,29,47,-18
219000017,92,41,51
219000020,58,13,45
219000022,99,2,97
219000023,81,0,81
219000029,0,72,-72
219000034,14,3,11
219000039,19,60,-41
219000040,17,21,-4
219000041,82,22,60
219000051,0,35,-35
219000052,1,8,-7
219000053,2,271,-269
219000055,32,1,31
219000056,4,0,4
219000057,29,0,29
219000062,8,241,-233
219000063,49,5,44
219000064,6,44,-38
219000110,193,52,141
219000111,98,30,68
219000112,156,36,120
219000113,102,27,75
219000114,237,30,207
219000116,42,30,12
219000117,109,63,46
219000118,57,43,14
219000123,214,77,137
219000124,46,42,4
219000125,12,17,-5
219000126,56,107,-51
219000127,2,5,-3
219000128,42,92,-50
219000129,20,95,-75
219000130,980,644,336
219000131,998,779,219
219000133,33,14,19
219000134,15,17,-2
219000135,15,45,-30
219000136,102,146,-44
219000138,34,18,16
219000139,17,47,-30
219000140,8,1,7
219000141,10,156,-146
219000142,10,68,-58
219000143,16,109,-93
219000145,7,36,-29
219000146,12,69,-57
219000147,2,64,-62
219000148,2,49,-47
219000149,14,175,-161
219000150,2,130,-128
219000151,5,87,-82
219000157,140,140,0
219000158,106,206,-100
219000161,123,9,114
219000163,1431,383,1048
219000166,52,189,-137
219000167,48,190,-142
219000168,351,90,261
219000174,232,58,174
219000175,28,0,28
219000176,45,5,40
219000177,9,2,7
219000178,14,0,14
219000179,9,4,5
219000180,18,25,-7
219000182,48,16,32
219000183,16,32,-16
219000184,50,4,46
219000185,0,125,-125
219000186,10,34,-24
219000187,19,162,-143
219000189,167,96,71
219000190,135,148,-13
219000191,1573,685,888
219000192,109,91,18
219000193,513,138,375
219000195,1,60,-59
219000196,0,105,-105
219000198,29,153,-124
219000199,80,187,-107
219000200,32,212,-180
219000201,105,222,-117
219000203,26,93,-67
219000204,78,177,-99
219000205,49,168,-119
219000207,207,160,47
219000209,6,94,-88
219000210,39,117,-78
219000213,13,239,-226
219000239,147,211,-64
219000240,147,297,-150
219000241,140,214,-74
219000242,94,204,-110
219000243,30,268,-238
219000244,9,108,-99
219000245,29,29,0
219000246,36,18,18
219000247,42,28,14
219000248,335,196,139
219000249,176,60,116
219000250,118,54,64
219000251,359,95,264
219000252,148,117,31
219000253,124,34,90
219000255,69,64,5
219000256,58,43,15
219000257,108,0,108
219000262,72,271,-199
219000263,42,212,-170
219000267,4,159,-155
219000268,4,9,-5
219000269,8,0,8
219000270,3,0,3
219000271,72,7,65
219000278,0,14,-14
219000279,1,4,-3
219000283,0,9,-9
219000295,6,87,-81
219000296,68,537,-469
219000297,11,136,-125
219000298,12,242,-230
219000299,261,56,205
219000300,20,352,-332
219000301,155,300,-145
219000302,12,249,-237
219000307,55,44,11
219000308,36,23,13
219000311,93,23,70
219000312,238,39,199
219000313,125,18,107
219000314,86,557,-471
219000315,69,34,35
219000316,161,13,148
219000317,35,10,25
219000320,0,41,-41
219000321,0,21,-21
219000323,5,92,-87
219000325,1,43,-42
219000326,67,102,-35
219000327,34,15,19
219000328,11,37,-26
219000329,237,91,146
219000330,26,21,5
219000331,15,19,-4
219000332,61,40,21
219000333,6,3,3
219000335,51,3,48
219000337,10,0,10
219000338,37,1,36
219000344,12,69,-57
219000345,58,100,-42
219000346,25,193,-168
219000348,77,123,-46
219000349,24,233,-209
219000350,32,104,-72
219000351,0,2,-2
219000352,134,74,60
219000353,66,52,14
219000354,57,85,-28
219000355,102,31,71
219000356,1541,374,1167
219000363,239,31,208
219000364,80,21,59
219000365,116,12,104
219000366,330,126,204
219000368,371,316,55
219000370,916,196,720
219000371,22,11,11
219000382,9,15,-6
219000383,766,570,196
219000385,599,381,218
219000386,950,1092,-142
219000387,1,3,-2
219000390,5,0,5
219000391,2,1,1
219000397,70,74,-4
219000398,59,22,37
219000401,4,68,-64
219000402,12,100,-88
219000403,45,174,-129
219000404,12,62,-50
219000407,3,16,-13
219000409,39,42,-3
219000410,26,25,1
219000411,27,12,15
219000446,224,294,-70
219000447,1,22,-21
219000448,6,4,2
219000452,84,38,46
219000453,71,84,-13
219000454,261,153,108
219000556,95,46,49
219000558,71,276,-205
219000590,10,166,-156
219000591,25,35,-10
219000592,88,378,-290
219000595,0,18,-18
219000635,45,17,28
219000636,16,103,-87
219000657,26,15,11
219000658,5,52,-47
219000673,0,7,-7
219000676,8,0,8
219000679,9,8,1
219000684,34,4,30
219000685,9,98,-89
219000686,1,4,-3
219000688,0,78,-78
219000689,52,176,-124
219000690,206,13,193
219000691,98,96,2
219000692,132,24,108
219000693,0,13,-13
219000694,4,0,4
219000695,22,5,17
219000698,7,0,7
219000699,0,8,-8
219000727,2,238,-236
219000728,131,1,130
219000770,14,1,13
219000771,4,29,-25
219000788,314,359,-45
219001150,0,9,-9
219001151,0,10,-10
219001166,36,5,31
219001167,3,53,-50
219001178,18,0,18
220000001,9,25,-16
220000002,10,146,-136
220000003,288,289,-1
220000004,425,531,-106
220000005,1589,1306,283
220000006,141,783,-642
220000007,231,748,-517
220000008,166,1135,-969
220000009,119,504,-385
220000010,124,90,34
220000011,561,2264,-1703
220000012,207,213,-6
220000014,39,51,-12
220000015,37,128,-91
220000017,30,272,-242
220000018,4259,560,3699
220000019,57,175,-118
220000020,208,262,-54
220000021,374,185,189
220000022,289,438,-149
220000023,107,131,-24
220000024,1281,307,974
220000025,403,338,65
220000026,115,126,-11
220000027,18,74,-56
220000028,27,31,-4
220000029,43,106,-63
220000030,97,91,6
220000031,95,277,-182
220000064,10,629,-619
221000046,4,0,4
221000047,0,2,-2
221000048,0,1,-1
221000049,0,20,-20
221000050,5,2,3
221000055,27,36,-9
221000068,289,75,214
221000069,191,37,154
221000070,114,19,95
221000071,48,7,41
221000072,106,19,87
221000073,104,104,0
221000074,2,29,-27
221000075,55,13,42
221000076,13,24,-11
221000077,68,77,-9
221000081,37,5,32
221000082,20,4,16
221000083,56,2,54
221000084,5,3,2
221000085,12,50,-38
221000086,9,149,-140
221000087,6,156,-150
221000088,13,135,-122
221000089,26,172,-146
221000090,92,347,-255
221000098,113,15,98
221000099,101,12,89
221000100,40,3,37
221000101,252,12,240
221000103,5,32,-27
221000104,3,84,-81
221000107,17,5,12
221000108,14,8,6
221000111,17,177,-160
221000112,6,118,-112
221000113,13,162,-149
221000114,9,168,-159
221000120,6,14,-8
221000121,1,20,-19
221000122,4,14,-10
221000123,8,47,-39
221000124,8,188,-180
221000155,50,6,44
221000156,19,23,-4
221000175,1,8,-7
221000176,0,8,-8
221000182,37,9,28
221000241,608,153,455
221000242,202,285,-83
221000243,412,93,319
221000244,202,386,-184
221000245,72,156,-84
221000246,15,243,-228
221000247,36,108,-72
221000248,47,183,-136
221000267,64,638,-574
221000325,72,39,33
221000331,1,88,-87
221000338,5,15,-10
221000378,83,26,57
221000381,45,108,-63
222000282,1,0,1
222000296,1,16,-15
222000568,180,3,177
222000569,68,9,59
222000570,74,4,70
222000571,75,9,66
222000577,4,208,-204
222000578,14,213,-199
222000579,32,130,-98
222000580,91,685,-594
222000599,1,130,-129
222000600,0,277,-277
222000601,9,729,-720
222000603,9,11,-2
222000604,34,25,9
222000605,8,14,-6
222000606,0,12,-12
222000607,0,3,-3
222000608,9,21,-12
222000609,31,354,-323
222000616,65,31,34
222000617,2,8,-6
222000618,3,1,2
222000620,39,11,28
222000621,55,7,48
222000623,296,9,287
222000624,178,6,172
222000625,189,35,154
222000636,24,4,20
222000686,19,16,3
222000687,29,21,8
222001066,120,3,117
222001067,2,7,-5
222001068,7,21,-14
222001069,8,29,-21
222001082,1,32,-31
222001083,4,55,-51
222001084,0,32,-32
222001085,0,65,-65
222001111,5,228,-223
222001112,20,14,6
222001313,11,4,7
222001314,0,78,-78
222001464,58,44,14
222001465,21,234,-213
222001484,31,47,-16
222001485,11,97,-86
222001494,113,78,35
222001495,71,449,-378
222001496,109,53,56
222001497,75,549,-474
222001502,20,103,-83
222001503,43,27,16
222001504,16,242,-226
222001505,87,3,84
222001506,37,214,-177
222001507,128,12,116
222001510,122,22,100
222001511,27,372,-345
222001514,523,72,451
222001515,187,580,-393
222001518,79,24,55
222001519,15,341,-326
222001527,262,24,238
222001528,58,174,-116
222001529,88,19,69
222001530,25,204,-179
222001533,116,336,-220
222001534,63,25,38
222001535,73,92,-19
222001536,69,366,-297
222001537,112,12,100
222001538,30,462,-432
222001563,146,82,64
222001564,18,721,-703
222001568,230,86,144
222001576,0,0,0
222001579,0,2,-2
222001583,2,168,-166
222001584,62,15,47
222001596,438,1244,-806
222001597,1039,229,810
222001626,1,160,-159
222001650,100,75,25
222001651,73,96,-23
222001914,195,40,155
222001915,65,154,-89
222001968,527,145,382
222001969,411,767,-356
222001970,90,181,-91
222001971,6,13,-7
222001972,0,23,-23
225000001,238,94,144
225000002,369,55,314
225000003,168,55,113
225000004,135,167,-32
225000005,9,23,-14
225000006,0,92,-92
225000007,2796,944,1852
225000010,147,6,141
225000011,410,580,-170
225000012,87,265,-178
225000013,72,129,-57
225000014,392,66,326
225000015,68,205,-137
225000021,434,122,312
225000027,190,469,-279
225000032,456,98,358
225000042,44,619,-575
225000049,22,49,-27
225000050,28,8,20
225000053,2,177,-175
225000058,487,113,374
225000067,115,204,-89
225000068,85,539,-454
225000069,169,470,-301
225000070,44,499,-455
225000071,17,257,-240
225000075,17,619,-602
225000076,69,138,-69
225000078,36,19,17
225000085,13,50,-37
225000086,80,14,66
225000087,131,10,121
225000088,6,107,-101
225000089,412,488,-76
225000090,31,335,-304
225000091,53,189,-136
225000092,19,77,-58
225000093,133,401,-268
225000094,9,404,-395
225000095,276,474,-198
225000096,121,322,-201
225000098,277,84,193
225000099,149,79,70
225000100,97,64,33
225000104,34,380,-346
225000110,3,374,-371
225000111,132,1070,-938
225000112,216,911,-695
225000113,74,609,-535
225000114,19,252,-233
225000115,2613,434,2179
225000116,886,64,822
225000117,823,149,674
225000118,443,199,244
225000119,75,60,15
225000120,363,28,335
225000121,155,20,135
225000123,587,10,577
225000125,146,250,-104
225000126,944,185,759
225000127,908,431,477
225000128,263,265,-2
225000132,144,19,125
225000133,123,32,91
225000134,319,71,248
225000135,36,12,24
225000136,132,10,122
225000137,47,52,-5
225000138,233,14,219
225000143,60,149,-89
225000144,0,348,-348
225000145,34,47,-13
225000146,56,113,-57
225000147,20,291,-271
225000148,1,161,-160
225000149,46,437,-391
225000151,41,286,-245
225000155,190,214,-24
225000156,141,471,-330
225000157,85,316,-231
225000158,45,326,-281
225000171,1,153,-152
225000180,17,2,15
225000181,0,44,-44
225000182,56,7,49
225000185,8,278,-270
225000187,44,353,-309
225000191,70,0,70
225000194,0,12,-12
225000208,0,44,-44
225000209,29,18,11
225000210,1,158,-157
225000217,0,16,-16
225000218,6,0,6
225000223,1,54,-53
225000224,78,0,78
225000225,0,5,-5
225000226,32,0,32
225000227,25,56,-31
225000228,8,0,8
225000229,0,74,-74
225000230,2,1,1
225000231,0,108,-108
225000232,40,0,40
225000241,68,1,67
225000242,1,47,-46
225000249,4,0,4
225000250,42,935,-893
225000251,185,16,169
226000042,382,353,29
226000043,72,225,-153
226000044,159,702,-543
226000045,56,411,-355
226000046,257,29,228
226000047,164,74,90
226000048,247,51,196
226000049,125,86,39
226000070,0,35,-35
226000071,0,62,-62
226000072,0,9,-9
226000073,0,6,-6
226000074,0,7,-7
226000084,5,36,-31
226000085,6,6,0
226000086,17,2,15
226000087,2,16,-14
226000088,12,10,2
226000090,93,44,49
226000091,25,17,8
226000092,1,2,-1
226000093,54,0,54
226000094,20,1,19
226000095,22,0,22
226000105,5,0,5
226000106,5,0,5
226000107,3,0,3
226000108,14,0,14
226000109,34,0,34
226000124,64,32,32
226000134,248,343,-95
226000135,537,417,120
226000136,153,216,-63
226000137,7,414,-407
226000138,5,345,-340
226000139,5,16,-11
226000156,50,2,48
226000157,91,12,79
226000163,51,278,-227
226000202,5,449,-444
226000231,116,10,106
226000232,16,3,13
227000033,260,28,232
227000036,136,15,121
227000037,66,17,49
227000038,184,17,167
227000049,0,13,-13
227000050,1,52,-51
227000055,25,1,24
227000056,10,0,10
227000084,1,36,-35
227000085,0,25,-25
227000088,22,2,20
227000089,60,0,60
227000090,14,0,14
227000091,6,0,6
227000093,13,0,13
227000094,3,0,3
227000130,22,43,-21
227000131,9,256,-247
227000132,11,260,-249
227000133,10,220,-210
227000134,16,364,-348
227000152,0,3,-3
227000153,0,25,-25
227000155,0,14,-14
227000156,1,13,-12
227000165,0,22,-22
227000196,98,230,-132
227000199,53,349,-296
227000230,13,205,-192
227000232,92,17,75
227000242,54,411,-357
227000243,318,39,279
227000245,16,275,-259
227000246,59,391,-332
227000247,181,39,142
227000248,88,14,74
227000249,9,264,-255
227000250,421,133,288
227000251,187,349,-162
227000252,12,408,-396
227000253,42,20,22
227000262,208,17,191
227000266,311,11,300
227000267,65,1100,-1035
227000282,1,107,-106
227000284,87,8,79
227000286,2,62,-60
227000287,9,82,-73
227000291,11,308,-297
227000484,277,17,260
227000485,12,308,-296
227000655,28,8,20
227000656,381,12,369
227000657,26,5,21
227000661,129,12,117
227000680,46,18,28
229000265,18,24,-6
229000296,3,7,-4
229000297,3,43,-40
229000298,2,133,-131
229000320,5,8,-3
229000321,9,6,3
229000412,17,28,-11
229000414,2,54,-52
229000415,2,0,2
229000416,0,6,-6
229000417,4,20,-16
229000419,62,191,-129
229000440,123,60,63
229000442,10,1,9
229000443,3,3,0
229000444,1,15,-14
229000445,5,2,3
229000446,34,7,27
229000847,7,0,7
229000848,7,0,7
229000849,27,0,27
229000851,7,0,7
229000854,0,53,-53
229000856,3,136,-133
229000857,0,36,-36
229000858,0,136,-136
229000919,3,56,-53
229000930,8,193,-185
229000937,68,24,44
229000966,45,15,30
229000981,23,62,-39
229000985,1,24,-23
229000986,0,3,-3
229000987,1,0,1
229000988,0,1,-1
229000989,0,4,-4
229000990,0,0,0
229000991,0,3,-3
229000992,6,4,2
229000993,114,10,104
229000998,21,46,-25
229000999,37,12,25
229001034,0,7,-7
229001035,3,0,3
229001037,40,15,25
229001042,6,11,-5
229001047,1,43,-42
229001050,22,45,-23
229001200,4,1,3
229001338,13,14,-1
229001394,149,2,147
229001422,96,11,85
229001423,21,106,-85
229001431,32,34,-2
229001432,32,58,-26
229001444,88,23,65
229001445,16,107,-91
229001503,94,90,4
229001504,56,147,-91
229001505,57,48,9
229001506,44,152,-108
229001509,36,31,5
229001545,68,7,61
229001546,4,73,-69
229001553,34,13,21
229001554,4,57,-53
229001559,2,23,-21
229001560,0,10,-10
229001630,27,16,11
229001631,4,36,-32
229001635,0,6,-6
229001636,0,0,0
229001658,1,73,-72
229001659,80,6,74
229001660,0,0,0
229001661,1,27,-26
229001662,84,18,66
229001663,0,31,-31
229002584,133,68,65
229002831,130,79,51
229002841,8,29,-21
229002842,4,17,-13
229002843,30,23,7
229002844,8,39,-31
229002845,13,37,-24
229002846,47,27,20
229002847,18,8,10
229002848,4,9,-5
229002849,2,36,-34
229002850,0,1,-1
229002851,36,78,-42
229002852,31,9,22
229002853,57,15,42
229002854,19,21,-2
229002855,15,31,-16
229002856,49,9,40
229002857,2,38,-36
229002858,0,2,-2
229002859,14,10,4
229002860,33,1,32
229002861,9,20,-11
229002862,1,49,-48
229002863,4,16,-12
229002864,3,15,-12
229002865,1,3,-2
229002866,9,15,-6
229002867,0,14,-14
229002868,11,16,-5
229002869,12,111,-99
229002870,13,2,11
235000066,357,46,311
235000067,62,49,13
235000072,14,17,-3
235000073,57,176,-119
235000074,13,69,-56
235000080,10,86,-76
235000081,40,153,-113
235000082,75,70,5
235000083,121,74,47
235000084,46,33,13
235000085,39,75,-36
235000089,6,16,-10
235000092,3,96,-93
235000093,5,1,4
235000097,3,4,-1
235000098,29,10,19
235000099,23,16,7
235000116,34,12,22
235000117,577,10,567
235000133,1,133,-132
235000134,6,56,-50
235000206,7,1,6
235000207,0,3,-3
235000208,1,0,1
235000209,7,0,7
235000210,3,3,0
235000212,1,9,-8
235000213,1,4,-3
235000220,0,2,-2
235000221,11,9,2
235000238,6,17,-11
235000239,0,5,-5
235000242,136,205,-69
235000245,878,174,704
235000246,22,40,-18
235000284,2,88,-86
235000295,92,7,85
235000305,50,10,40
235000306,47,1,46
235000307,11,1,10
235000308,23,0,23
235000309,24,2,22
235000310,7,0,7
235000311,30,11,19
235000322,0,21,-21
235000323,2,46,-44
235000324,0,14,-14
235000325,0,14,-14
235000326,6,272,-266
235000351,3,65,-62
235000352,19,29,-10
235000353,0,36,-36
235000354,0,35,-35
235000355,13,59,-46
235000356,6,11,-5
235000357,7,15,-8
235000358,11,10,1
235000359,0,6,-6
235000360,37,4,33
235000361,42,1,41
235000381,27,346,-319
235000382,101,47,54
235000390,16,3,13
235000391,56,14,42
235000392,47,114,-67
235000393,56,74,-18
235000395,40,29,11
235000396,167,43,124
235000400,87,149,-62
235000401,29,161,-132
235000405,74,296,-222
235000406,53,225,-172
235000407,59,106,-47
235000409,229,140,89
235000410,17,156,-139
235000411,0,75,-75
235000485,0,3,-3
235000486,1,0,1
235000549,17,23,-6
235000550,25,149,-124
235000599,20,60,-40
235000600,6,8,-2
235000601,23,30,-7
235000602,25,87,-62
235000614,0,0,0
235000648,0,23,-23
235000649,17,0,17
235000685,0,2,-2
235000815,4,21,-17
235000834,0,12,-12
235000855,27,38,-11
235000862,15,210,-195
235000891,0,3,-3
235000892,3,1,2
235000901,16,93,-77
235000907,9,6,3
235001010,9,54,-45
235001029,429,279,150
235001030,235,86,149
235001078,55,80,-25
235001079,47,92,-45
235001147,76,23,53
235001166,4,58,-54
235001167,6,50,-44
235001169,23,269,-246
235001188,0,1,-1
235001189,3,1,2
235001197,12,25,-13
235001200,12,9,3
235001207,168,53,115
235001210,42,329,-287
235001215,8,228,-220
235001239,0,25,-25
235001244,1,1,0
235016267,0,17,-17
277102712,0,1,-1
277103813,0,0,0
277103814,0,0,0
277104249,0,2,-2
277104250,0,7,-7
277104251,0,6,-6
277104252,0,0,0
990011530,1,228,-227
990014944,1,430,-429
990015176,14,2,12
990015618,9,179,-170
990016032,0,294,-294
990032570,0,31,-31
990070001,24,2,22
990070103,0,3,-3
990070601,0,23,-23
990070751,140,1,139
990070766,1,843,-842
990071180,258,159,99
990071343,6,2,4
990071387,0,8,-8
990071823,4,2,2
990072600,1,489,-488
990072964,1,453,-452
990073285,0,3,-3
990074393,0,1023,-1023
990074870,361,9,352
990075106,173,5,168
990075746,102,2,100
990076437,247,2,245
990076458,0,1110,-1110
997000007,59,3,56
997000041,1,100,-99
997000058,6,0,6
997000062,15,0,15
997000069,0,3,-3
997000070,1,69,-68
997000100,4,1,3
997000141,3,482,-479
997000198,521,271,250
998000475,0,6,-6
998000736,0,278,-278
998000965,0,10,-10
998001031,0,40,-40
998001700,0,10,-10
998001899,0,1,-1
998001900,3,2,1
998003073,317,0,317
998101900,0,0,0
998102850,1,65,-64
998501927,371,296,75
998501929,65,2,63
998501930,27,0,27
998501931,50,1,49
998501932,1,0,1
998501933,16,2,14
998501937,34,20,14
998501944,3,12,-9
998501950,0,1,-1
998501970,24,2,22
998501971,0,67,-67
998501973,0,68,-68
998501974,2,248,-246
998501975,69,0,69
998501976,31,1,30
998501977,0,19,-19
998501978,13,0,13
998501979,0,2,-2
998501980,47,1,46
998501981,13,0,13
998501982,1,53,-52
998501983,0,0,0
998502006,0,0,0
998502024,0,3,-3
998502032,0,3,-3
998502062,11,0,11
998502063,0,0,0
998502173,34,0,34
998502269,0,1,-1
998502546,1,87,-86
998502578,1,3,-2
998502599,77,188,-111
998502621,0,1,-1
998601159,0,230,-230
998601292,0,24,-24
999033574,0,667,-667
999800001,18,5,13
999800002,0,3,-3
999800003,1,1,0
999800004,0,2,-2
999800005,0,5,-5
