ID,insum,outsum,diff
100000001,1150,705,445
100000002,7006,13771,-6765
100000003,6600,9587,-2987
100000004,360,1656,-1296
100000005,4329,5843,-1514
100000006,890,509,381
100000007,3567,964,2603
100000008,62,823,-761
100000009,510,684,-174
100000010,27,197,-170
100000011,713,134,579
100000012,77,433,-356
100000013,5,159,-154
100000014,181,768,-587
100000015,1726,2700,-974
100000016,357,3567,-3210
100000017,280,4162,-3882
100000018,1157,1109,48
100000019,4712,4959,-247
100000020,2459,9373,-6914
100000021,8991,2169,6822
100000022,1207,8858,-7651
100000023,6718,4626,2092
100000025,860,3656,-2796
100000028,521,5063,-4542
100000029,62,1850,-1788
100000030,40,49,-9
100000031,3026,12945,-9919
100000032,4119,9685,-5566
100000033,1529,6764,-5235
100000034,282,3118,-2836
100000035,945,2812,-1867
100000036,1159,3067,-1908
100000037,1090,685,405
100000038,3412,1506,1906
100000039,206,786,-580
100000040,889,292,597
100000041,2224,799,1425
100000042,1729,626,1103
100000043,847,220,627
100000044,315,517,-202
100000045,323,1221,-898
100000046,419,1051,-632
100000047,241,619,-378
100000048,186,772,-586
100000049,1793,1637,156
100000051,823,698,125
100000053,138,24,114
100000054,384,38,346
100000055,708,248,460
100000056,447,871,-424
100000057,2443,840,1603
100000058,1157,768,389
100000059,98,696,-598
100000060,1123,558,565
100000061,2772,847,1925
100000062,1947,1152,795
100000063,1402,542,860
100000064,1993,990,1003
100000065,353,1063,-710
100000066,173,638,-465
100000067,284,888,-604
100000068,512,1876,-1364
100000069,304,1335,-1031
100000072,169,432,-263
100000073,1437,1147,290
100000075,1345,309,1036
100000076,2350,8533,-6183
100000077,121,1307,-1186
100000078,4,78,-74
100000079,22,70,-48
100000080,15,76,-61
100000081,43,166,-123
100000102,4768,13764,-8996
100000103,2754,3350,-596
100000104,7952,3234,4718
100000105,1358,4864,-3506
100000106,1008,7618,-6610
100000107,104,2223,-2119
100000108,410,2536,-2126
100000109,582,3771,-3189
100000116,236,1073,-837
100000117,63,186,-123
100000118,558,1938,-1380
100000119,1186,1471,-285
100000121,303,1122,-819
100000122,695,7576,-6881
100000123,1268,3823,-2555
100000124,2532,3522,-990
100000125,16306,3824,12482
100000126,760,2922,-2162
100000127,1638,2772,-1134
100000128,457,6195,-5738
100000129,410,1432,-1022
100000130,1231,264,967
100000131,1052,2190,-1138
100000132,1924,2176,-252
100000133,2021,1025,996
100000135,982,1670,-688
100000139,121,631,-510
100000140,119,169,-50
100000142,684,852,-168
100000143,1827,470,1357
100000144,1632,620,1012
100000147,2490,7034,-4544
100000150,158,981,-823
100000151,475,3538,-3063
100000153,94,1107,-1013
100000154,38,2396,-2358
100000155,1,116,-115
100000156,102,260,-158
100000157,252,202,50
100000158,237,160,77
100000159,119,3176,-3057
100000165,976,998,-22
100000169,37,3455,-3418
100000174,424,2073,-1649
100000179,66,2099,-2033
100000180,806,4087,-3281
100000181,430,671,-241
100000188,80,505,-425
100000189,1044,613,431
100000190,635,2458,-1823
100000191,1431,1161,270
100000192,46,171,-125
100000193,377,152,225
100000330,917,1652,-735
100000355,363,854,-491
100000362,2337,1139,1198
100000363,8040,10971,-2931
100000364,107,360,-253
100000365,8441,11784,-3343
100000366,2107,1477,630
100000367,8472,9470,-998
100000368,2272,1716,556
100000369,1001,4112,-3111
100000370,373,1439,-1066
100000376,61,446,-385
100000379,993,7690,-6697
100000380,4186,17647,-13461
100000384,8665,14531,-5866
100000385,2359,10360,-8001
100000386,2152,14013,-11861
100000387,6549,16162,-9613
100000388,2173,6083,-3910
100000389,7387,11793,-4406
100000390,3643,4770,-1127
100000391,3361,11441,-8080
100000392,739,4088,-3349
100000393,1000,7001,-6001
100000394,2554,8552,-5998
100000395,1161,8500,-7339
100000396,1071,2478,-1407
100000397,2090,10292,-8202
100000398,6898,5045,1853
100000413,0,0,0
100900002,18,36,-18
100900003,886,393,493
100900004,22,1584,-1562
100900005,229,10,219
100900006,47,18,29
100900007,288,3,285
100900008,7,733,-726
100900009,61,76,-15
100900010,88,6,82
100900011,312,82,230
100900012,1,60,-59
100900013,1461,21,1440
100900014,5,0,5
100900015,56,86,-30
100900016,0,26,-26
100900017,2032,84,1948
100900018,0,8,-8
100900019,59,115,-56
100900020,766,5,761
100900021,673,3,670
100900022,6,23,-17
100900023,0,43,-43
100900024,572,3,569
100900025,25,9,16
100900026,208,88,120
100900027,788,4455,-3667
100900028,81,767,-686
100900029,21,1,20
100900030,3,588,-585
100900031,1506,66,1440
100900032,813,2,811
100900033,119,1084,-965
100900034,2556,4,2552
100900035,304,2,302
100900036,15,0,15
100900037,242,97,145
100900038,6,275,-269
100900039,370,103,267
100900040,993,458,535
100900041,2218,276,1942
100900042,303,4520,-4217
100900043,0,115,-115
100900044,1419,1329,90
100900045,7,1,6
100900046,1825,20,1805
100900047,837,181,656
100900048,260,60,200
100900049,73,105,-32
100900050,16,49,-33
100900051,50,388,-338
100900052,426,24,402
100900053,1177,42,1135
100900054,15,21,-6
100900055,1090,2192,-1102
100900056,26,136,-110
100900057,4332,646,3686
100900058,197,73,124
100900059,206,9,197
100900060,288,7,281
100900061,147,214,-67
100900062,0,9,-9
100900063,393,1561,-1168
100900064,758,8,750
100900065,60,188,-128
100900066,229,88,141
100900067,16,4,12
100900068,134,233,-99
100900069,194,11,183
100900070,973,29,944
100900071,271,134,137
100900072,0,26,-26
100900073,426,662,-236
100900074,2,14,-12
100900075,2391,143,2248
100900076,36,75,-39
100900077,91,6,85
100900078,411,320,91
100900079,20,29,-9
100900080,162,105,57
100900081,20,121,-101
100900082,398,89,309
100900083,11,70,-59
100900085,3,896,-893
100900086,158,536,-378
100900088,536,115,421
100900089,1,21,-20
100900090,156,2251,-2095
100900091,0,3,-3
100900092,127,204,-77
100900093,430,856,-426
100900094,355,124,231
100900095,3,31,-28
100900096,26,761,-735
100900097,2,0,2
100900098,4,28,-24
100900099,4,644,-640
100900100,7,383,-376
100900101,346,57,289
100900102,7,189,-182
100900103,8,2,6
100900104,2,258,-256
100900105,28,1087,-1059
100900106,4,7,-3
100900107,4326,1204,3122
100900108,9,64,-55
100900109,17,94,-77
100900110,16,33,-17
100900111,19,370,-351
100900112,7,14,-7
100900113,24,17,7
100900114,10,23,-13
100900115,9,72,-63
100900116,1536,572,964
100900117,298,1676,-1378
100900118,51,142,-91
100900119,8,12,-4
100900120,20,19,1
100900121,755,578,177
100900122,55,93,-38
100900123,355,49,306
100900124,0,2,-2
100900125,7,45,-38
100900126,1087,95,992
100900127,12,4,8
100900128,122,1291,-1169
100900129,0,504,-504
100900131,17,194,-177
100900133,175,37,138
100900134,9,10,-1
100900135,2,925,-923
100900137,516,318,198
100900138,450,947,-497
100900139,0,26,-26
100900140,4,186,-182
100900141,5,984,-979
100900142,3,5,-2
100900143,358,1271,-913
100900144,2,4,-2
100900145,59,496,-437
100900146,7,40,-33
100900147,22,3666,-3644
100900148,90,156,-66
100900149,15,1086,-1071
100900150,13,63,-50
100900151,145,587,-442
100900152,295,9,286
100900153,3,405,-402
100900154,4,403,-399
100900155,15,8,7
100900156,36,2,34
100900157,24,661,-637
100900159,4,95,-91
100900160,60,4,56
100900161,39,3,36
100900162,17,294,-277
100900163,64,75,-11
100900164,274,62,212
100900165,53,39,14
100900166,33,0,33
100900167,8,77,-69
100900168,10,100,-90
100900169,33,1161,-1128
100900170,28,11,17
100900171,9,742,-733
100900172,3,227,-224
100900173,8,134,-126
100900174,64,55,9
100900176,2249,1071,1178
100900177,601,387,214
100900178,465,337,128
100900179,462,599,-137
100900180,4,5,-1
100900181,38,79,-41
100900182,86,10,76
100900184,22,75,-53
100900186,757,309,448
100900187,96,92,4
100900188,23,22,1
100900189,3591,244,3347
100900191,650,1322,-672
100900192,214,594,-380
100900195,117,1401,-1284
100900197,47,75,-28
100900198,28,35,-7
100900199,11,8,3
100900200,1310,397,913
100900201,170,1180,-1010
100900202,97,0,97
100900203,2,96,-94
100900204,107,1106,-999
100900205,295,747,-452
100900206,298,381,-83
100900207,367,165,202
100900210,116,147,-31
100900211,841,189,652
100900213,213,85,128
100900214,418,258,160
100900215,166,24,142
100900217,130,194,-64
101000001,2146,2526,-380
101000002,10061,11978,-1917
101000003,738,1207,-469
101000004,10008,7255,2753
101000005,5891,8231,-2340
101000006,15303,15436,-133
101000007,6526,8288,-1762
101000008,2140,3909,-1769
101000009,4182,1135,3047
101000010,1735,1288,447
101000011,2286,616,1670
101000012,518,1050,-532
101000013,681,2213,-1532
101000014,518,559,-41
101000015,2874,2577,297
101000016,354,1389,-1035
101000017,530,859,-329
101000018,1648,15972,-14324
101000020,1597,2455,-858
101000021,650,1827,-1177
101000022,126,609,-483
101000023,1349,1570,-221
101000025,606,1084,-478
101000026,319,48,271
101000027,2008,5973,-3965
101000028,1902,415,1487
101000029,65,2054,-1989
101000030,1200,218,982
101000031,83,969,-886
101000032,2535,6291,-3756
101000033,1713,11055,-9342
101000034,943,5360,-4417
101000035,552,1073,-521
101000036,541,4166,-3625
101000037,1503,6974,-5471
101000039,2401,7920,-5519
101000040,4211,10975,-6764
101000041,2924,9326,-6402
101000042,66,1626,-1560
101000043,4145,13351,-9206
101000045,348,1249,-901
101000046,1148,2921,-1773
101000047,1053,6155,-5102
101000048,974,840,134
101000049,658,3838,-3180
101000050,712,3250,-2538
101000051,654,3167,-2513
101000052,2016,2923,-907
101000053,669,2398,-1729
101000054,3863,1487,2376
101000055,1739,2572,-833
101000056,23,201,-178
101000057,749,4649,-3900
101000058,1000,4108,-3108
101000059,3223,4595,-1372
101000060,3461,2529,932
101000061,457,3745,-3288
101000062,280,1158,-878
101000063,237,2805,-2568
101000064,289,2230,-1941
101000065,144,2015,-1871
101000066,442,2411,-1969
101000067,287,1005,-718
101000068,82,412,-330
101000069,250,149,101
101000070,457,920,-463
101000071,5843,2533,3310
101000072,815,3308,-2493
101000073,538,1568,-1030
101000074,2053,4723,-2670
101000075,1984,3569,-1585
101000077,2484,2036,448
101000078,962,1377,-415
101000079,789,1092,-303
101000080,625,959,-334
101000081,2333,1740,593
101000082,2455,2434,21
101000083,4817,2854,1963
101000084,1274,661,613
101000085,2255,1839,416
101000086,1088,1460,-372
101000087,1205,1317,-112
101000088,2640,1996,644
101000089,1586,2825,-1239
101000090,2206,772,1434
101000091,1015,508,507
101000092,3445,724,2721
101000093,2590,694,1896
101000094,1383,1191,192
101000095,929,747,182
101000096,991,403,588
101000097,633,2065,-1432
101000098,532,1839,-1307
101000099,887,1897,-1010
101000100,942,2716,-1774
101000101,228,2636,-2408
101000102,596,3171,-2575
101000103,437,2061,-1624
101000104,522,1225,-703
101000105,215,1215,-1000
101000106,233,3700,-3467
101000107,342,996,-654
101000108,894,103,791
101000109,1570,292,1278
101000110,49,246,-197
101000111,66,378,-312
101000113,206,1721,-1515
101000114,2155,8931,-6776
101000115,10,46,-36
101000116,19,112,-93
101000117,1846,484,1362
101000119,18,120,-102
101000120,93,152,-59
101000121,23,71,-48
101000122,68,81,-13
101000123,16,94,-78
101000124,421,500,-79
101000125,104,152,-48
101000128,204,2614,-2410
101000130,267,201,66
101000131,2706,446,2260
101000132,1349,688,661
101000135,15,52,-37
101000136,95,148,-53
101000137,11,817,-806
101000141,804,8236,-7432
101000147,2164,401,1763
101000148,1199,12,1187
101000149,13,92,-79
101000150,259,301,-42
101000151,553,82,471
101000152,625,663,-38
101000153,512,331,181
101000154,912,846,66
101000155,921,299,622
101000156,92,1018,-926
101000157,50,489,-439
101000160,9,38,-29
101000163,106,949,-843
101000164,445,138,307
101000165,426,941,-515
101000166,268,365,-97
101000168,1252,743,509
101000252,4079,1385,2694
101000254,28,107,-79
101000258,61,7,54
101000261,40,85,-45
101000262,4294,9765,-5471
101000263,530,2414,-1884
101000265,173,1005,-832
101000266,633,623,10
101000269,22,92,-70
101000290,372,5122,-4750
101000293,17,99,-82
101000294,1135,1187,-52
101000295,616,270,346
101000301,230,1440,-1210
101000304,4290,7093,-2803
101000305,3959,3104,855
101000328,101,1298,-1197
101900001,36,36,0
101900002,0,9,-9
101900003,25,485,-460
101900004,2,417,-415
101900005,1620,6872,-5252
101900006,3513,314,3199
101900007,815,533,282
101900008,139,893,-754
101900009,26,887,-861
101900010,580,1214,-634
101900011,101,2378,-2277
101900012,901,137,764
101900013,1000,94,906
101900017,13,120,-107
101900018,1331,608,723
101900019,19,176,-157
101900020,102,46,56
101900021,0,105,-105
101900022,252,887,-635
101900023,358,146,212
101900026,137,77,60
101900027,25,123,-98
102000001,5543,12134,-6591
102000002,3234,10157,-6923
102000003,3283,8516,-5233
102000004,10581,6813,3768
102000005,2752,5676,-2924
102000006,1248,2479,-1231
102000007,4510,6848,-2338
102000008,9738,2568,7170
102000009,13553,12680,873
102000010,5649,3478,2171
102000011,8323,9271,-948
102000012,5537,4357,1180
102000018,5623,5145,478
102000019,4684,3151,1533
102000026,1361,737,624
102000029,407,671,-264
102000030,216,715,-499
102000031,107,300,-193
102000032,1118,901,217
102000033,644,368,276
102000034,893,739,154
102000035,1852,555,1297
102000036,49,343,-294
102000037,283,74,209
102000038,146,678,-532
102000039,119,306,-187
102000040,222,561,-339
102000041,43,1035,-992
102000042,84,627,-543
102000043,157,1039,-882
102000044,765,2173,-1408
102000045,1294,1990,-696
102000046,2833,1471,1362
102000047,1629,1212,417
102000048,1424,713,711
102000049,1611,1992,-381
102000050,3023,1842,1181
102000051,305,1144,-839
102000052,1675,2305,-630
102000053,1340,2440,-1100
102000054,1308,1726,-418
102000055,2154,263,1891
102000056,3609,285,3324
102000057,3049,714,2335
102000058,1352,943,409
102000059,1439,2367,-928
102000060,1458,1276,182
102000061,3056,2749,307
102000062,3803,1309,2494
102000063,2164,2545,-381
102000064,843,817,26
102000065,61,196,-135
102000066,1135,1128,7
102000067,11360,6453,4907
102000068,13218,5870,7348
102000069,157,2850,-2693
102000070,2610,46,2564
102000071,10083,16663,-6580
102000072,3898,5928,-2030
102000073,1419,1094,325
102000074,1360,2391,-1031
102000075,368,443,-75
102000076,652,201,451
102000077,1475,374,1101
102000078,2074,347,1727
102000079,269,154,115
102000080,622,234,388
102000081,349,1097,-748
102000082,758,498,260
102000083,1803,423,1380
102000084,1096,230,866
102000085,3353,952,2401
102000086,2854,987,1867
102000087,1178,1545,-367
102000088,763,516,247
102000089,2548,365,2183
102000090,391,1788,-1397
102000091,1621,983,638
102000092,560,828,-268
102000093,1363,707,656
102000094,634,411,223
102000095,1029,1384,-355
102000096,553,440,113
102000097,950,499,451
102000098,347,570,-223
102000099,998,962,36
102000100,302,1169,-867
102000101,448,545,-97
102000102,434,1620,-1186
102000103,5451,550,4901
102000104,1241,693,548
102000105,371,803,-432
102000106,1351,610,741
102000107,3878,296,3582
102000108,1051,518,533
102000109,2018,849,1169
102000110,2661,999,1662
102000111,9,1079,-1070
102000112,135,253,-118
102000113,25,130,-105
102000114,2440,536,1904
102000115,396,608,-212
102000116,335,1144,-809
102000117,106,2005,-1899
102000118,1248,2555,-1307
102000119,1104,2106,-1002
102000120,375,979,-604
102000121,1616,564,1052
102000122,795,1250,-455
102000123,1688,1157,531
102000124,2070,1769,301
102000125,599,970,-371
102000126,696,860,-164
102000127,1797,556,1241
102000128,1166,1167,-1
102000129,2053,634,1419
102000130,867,1106,-239
102000131,1499,1168,331
102000132,567,1473,-906
102000133,5409,2513,2896
102000134,1575,1352,223
102000135,989,930,59
102000136,1517,846,671
102000137,557,897,-340
102000138,524,463,61
102000139,150,816,-666
102000140,164,805,-641
102000141,264,1322,-1058
102000142,624,442,182
102000143,514,300,214
102000144,624,304,320
102000145,665,424,241
102000146,713,441,272
102000147,807,711,96
102000148,664,1061,-397
102000149,836,212,624
102000150,1203,112,1091
102000151,196,112,84
102000152,525,258,267
102000153,1061,988,73
102000154,161,368,-207
102000155,48,778,-730
102000156,251,252,-1
102000157,86,1959,-1873
102000158,477,877,-400
102000159,3394,2022,1372
102000161,4461,3034,1427
102000162,232,434,-202
102000163,226,510,-284
102000164,1022,1166,-144
102000165,289,379,-90
102000166,53,314,-261
102000167,318,425,-107
102000168,341,315,26
102000169,232,845,-613
102000170,1499,189,1310
102000171,104,228,-124
102000172,8,523,-515
102000173,747,469,278
102000174,281,92,189
102000175,99,64,35
102000176,21,78,-57
102000178,225,1171,-946
102000179,697,468,229
102000180,1634,296,1338
102000181,1596,528,1068
102000182,809,587,222
102000183,3168,1387,1781
102000184,2883,794,2089
102000185,4468,809,3659
102000186,2826,1185,1641
102000187,1618,1176,442
102000188,2373,2171,202
102000189,2642,475,2167
102000190,763,3325,-2562
102000191,967,441,526
102000192,3448,2431,1017
102000193,214,256,-42
102000194,52,652,-600
102000195,982,893,89
102000196,569,533,36
102000197,1979,273,1706
102000198,389,482,-93
102000199,2192,174,2018
102000200,529,707,-178
102000201,2178,528,1650
102000202,30,315,-285
102000203,1293,307,986
102000204,1626,992,634
102000205,1948,923,1025
102000206,1339,566,773
102000207,1267,944,323
102000208,929,1335,-406
102000209,141,413,-272
102000210,1070,607,463
102000211,1186,303,883
102000212,744,17,727
102000213,8,217,-209
102000214,896,10,886
102000215,5,292,-287
102000216,249,196,53
102000217,24,87,-63
102000218,325,344,-19
102000219,304,124,180
102000225,349,866,-517
102000226,1382,311,1071
102000227,218,0,218
102000228,0,226,-226
102000229,99,116,-17
102000230,650,344,306
102000231,554,420,134
102000232,206,296,-90
102000233,2338,715,1623
102000234,196,1427,-1231
102000236,471,88,383
102000237,1625,1072,553
102000238,400,591,-191
102000240,510,1210,-700
102000241,333,91,242
102000243,38,88,-50
102000245,8,149,-141
102000246,9,153,-144
102000247,523,544,-21
102000248,256,1535,-1279
102000249,260,122,138
102000250,162,156,6
102000254,510,167,343
102000266,2,627,-625
102000271,92,0,92
102000286,712,523,189
102000297,4966,1862,3104
102000299,0,0,0
102000301,0,0,0
102000305,0,0,0
102000307,0,2,-2
102900001,1165,522,643
102900002,277,74,203
102900003,164,201,-37
102900005,848,213,635
102900006,821,103,718
102900007,1439,4,1435
102900008,356,57,299
102900009,269,622,-353
102900010,182,1337,-1155
102900011,1061,1042,19
102900012,540,276,264
102900013,155,14,141
102900015,1138,895,243
102900016,183,23,160
102900017,812,166,646
102900018,171,67,104
102900019,1035,1202,-167
102900020,496,55,441
102900021,103,29,74
102900022,57,38,19
102900023,25,136,-111
102900024,141,72,69
102900025,109,65,44
102900026,1043,3402,-2359
102900027,66,127,-61
102900028,342,1794,-1452
102900029,196,619,-423
102900030,581,622,-41
102900031,594,142,452
102900032,144,48,96
102900033,187,257,-70
102900034,1303,35,1268
102900035,414,388,26
102900036,867,248,619
102900037,597,320,277
102900038,545,179,366
102900039,29,1477,-1448
102900040,455,524,-69
102900041,261,171,90
102900042,713,146,567
102900043,634,152,482
102900044,804,1430,-626
102900045,482,286,196
102900046,250,88,162
102900047,231,500,-269
102900048,858,305,553
102900049,93,243,-150
102900050,252,538,-286
102900051,203,589,-386
102900052,80,91,-11
102900053,399,893,-494
102900054,310,2341,-2031
102900055,401,783,-382
102900056,148,584,-436
102900057,8,184,-176
102900058,660,148,512
102900059,46,26,20
102900060,158,575,-417
102900061,536,467,69
102900062,611,505,106
102900063,3070,355,2715
102900064,114,805,-691
102900065,1025,263,762
102900066,649,16,633
102900068,114,434,-320
102900070,473,783,-310
102900072,18,55,-37
102900073,49,5,44
102900075,7,100,-93
102900076,70,241,-171
102900077,62,24,38
102900078,43,38,5
102900079,420,3,417
102900080,656,22,634
102900081,71,201,-130
102900082,60,291,-231
102900083,171,24,147
102900084,7,76,-69
102900085,234,91,143
102900086,14,191,-177
102900087,306,145,161
102900088,131,79,52
102900089,309,456,-147
102900090,0,286,-286
102900091,543,1,542
102900092,965,198,767
102900093,417,231,186
102900094,2,244,-242
102900095,85,0,85
102900096,65,6,59
102900097,644,292,352
102900098,17,1,16
103000001,3294,4450,-1156
103000002,3306,5543,-2237
103000003,4478,4557,-79
103000004,1113,918,195
103000005,1905,7209,-5304
103000006,2199,2300,-101
103000007,896,603,293
103000008,1598,2214,-616
103000009,4317,2705,1612
103000010,243,138,105
103000011,1679,1035,644
103000012,1584,2755,-1171
103000013,5289,3494,1795
103000014,1505,6091,-4586
103000015,4368,1777,2591
103000016,771,4049,-3278
103000017,399,1320,-921
103000018,966,302,664
103000019,548,932,-384
103000020,1954,2902,-948
103000021,2828,5781,-2953
103000022,1144,2429,-1285
103000023,1416,5034,-3618
103000024,176,124,52
103000025,221,1989,-1768
103000026,389,163,226
103000027,174,590,-416
103000028,224,299,-75
103000029,93,373,-280
103000030,2996,1890,1106
103000031,964,4338,-3374
103000032,3038,1879,1159
103000033,3728,3653,75
103000034,1726,1357,369
103000035,301,1774,-1473
103000036,342,364,-22
103000037,1106,476,630
103000038,727,1285,-558
103000039,1469,441,1028
103000040,982,639,343
103000041,4612,1780,2832
103000042,3834,196,3638
103000043,1608,841,767
103000044,571,105,466
103000046,502,763,-261
103000047,1002,341,661
103000048,366,212,154
103000049,113,142,-29
103000050,1287,245,1042
103000051,928,669,259
103000052,1505,330,1175
103000053,345,383,-38
103000054,2886,574,2312
103000055,2345,1653,692
103000056,1638,692,946
103000057,2539,143,2396
103000058,1224,440,784
103000059,1165,810,355
103000060,1309,281,1028
103000061,1124,982,142
103000062,1082,273,809
103000063,1773,1020,753
103000064,257,111,146
103000065,11,272,-261
103000066,473,10,463
103000069,654,329,325
103000070,1057,454,603
103000071,2892,1025,1867
103000072,166,783,-617
103000073,2179,200,1979
103000074,1763,236,1527
103000075,120,683,-563
103000076,499,1704,-1205
103000077,28,461,-433
103000078,1738,3145,-1407
103000079,858,1512,-654
103000080,688,673,15
103000081,443,1275,-832
103000082,923,342,581
103000083,271,744,-473
103000084,145,18,127
103000085,0,181,-181
103000086,529,928,-399
103000087,271,916,-645
103000088,356,717,-361
103000089,573,1447,-874
103000090,6687,1616,5071
103000091,1966,809,1157
103000092,540,400,140
103000093,574,1019,-445
103000094,519,257,262
103000095,284,707,-423
103000096,1089,58,1031
103000097,128,1031,-903
103000098,983,344,639
103000099,191,1142,-951
103000100,191,640,-449
103000101,2588,146,2442
103000102,133,460,-327
103000103,1353,244,1109
103000104,235,92,143
103000105,490,129,361
103000106,10,154,-144
103000107,481,212,269
103000108,2678,2385,293
103000109,1141,1503,-362
103000110,1091,1298,-207
103000111,472,1589,-1117
103000112,402,1194,-792
103000113,226,3293,-3067
103000114,2900,3806,-906
103000115,1638,1506,132
103000116,1117,598,519
103000117,523,633,-110
103000118,658,517,141
103000119,1806,692,1114
103000120,94,894,-800
103000121,132,190,-58
103000122,479,481,-2
103000125,33,74,-41
103000126,1570,3,1567
103000127,4,81,-77
103000128,259,6,253
103000129,5,123,-118
103000130,159,68,91
103000131,90,219,-129
103000132,68,123,-55
103000133,23,137,-114
103000134,419,2304,-1885
103000135,1255,271,984
103000136,779,1012,-233
103000137,597,1058,-461
103000138,609,1173,-564
103000139,1,131,-130
103000140,357,39,318
103000141,71,245,-174
103000142,143,137,6
103000143,136,267,-131
103000144,323,217,106
103000145,11,316,-305
103000150,145,64,81
103000152,284,739,-455
103000153,303,698,-395
103000156,15,105,-90
103000157,750,2,748
103000159,718,137,581
103000162,55,13,42
103000163,8,9,-1
103000164,12,12,0
103000165,115,248,-133
103000166,577,1639,-1062
103000167,447,496,-49
103000168,304,192,112
103000169,239,1303,-1064
103000170,1996,265,1731
103000171,10,222,-212
103000172,1661,161,1500
103000173,2106,278,1828
103000174,586,335,251
103000175,586,111,475
103000176,1148,1719,-571
103000177,264,817,-553
103000178,103,370,-267
103000179,227,58,169
103000183,926,11,915
103000185,433,69,364
103000186,399,100,299
103000187,2481,224,2257
103000188,46,118,-72
103000189,1021,938,83
103000191,873,667,206
103000292,779,3582,-2803
103000293,1303,6929,-5626
103000295,163,307,-144
103000296,150,6,144
103000297,3,77,-74
103000504,26,22,4
103000505,7,28,-21
103000506,1,106,-105
103000507,382,2,380
103000508,152,83,69
103000509,404,960,-556
103900001,170,56,114
103900002,845,71,774
103900003,1152,305,847
103900004,249,2,247
103900005,35,144,-109
103900006,5,9,-4
103900007,439,11,428
103900008,18,3,15
103900009,667,247,420
103900010,560,134,426
103900011,915,58,857
103900012,7,72,-65
103900013,173,11,162
103900014,173,49,124
103900015,146,6,140
103900016,196,140,56
103900017,128,94,34
103900018,477,82,395
103900019,41,581,-540
103900020,927,620,307
103900021,102,61,41
103900022,916,627,289
103900023,430,2,428
103900024,130,366,-236
103900025,26,38,-12
103900026,6,0,6
103900027,324,391,-67
103900028,131,591,-460
103900029,2075,210,1865
103900030,419,256,163
103900031,146,0,146
103900032,234,262,-28
103900033,86,92,-6
103900034,92,35,57
103900035,150,32,118
103900036,71,68,3
103900037,379,43,336
103900038,164,327,-163
103900039,464,132,332
103900040,20,124,-104
103900041,191,52,139
103900042,331,57,274
103900043,440,25,415
103900044,38,1369,-1331
103900045,582,152,430
103900047,290,21,269
103900048,29,259,-230
103900049,163,1707,-1544
103900050,82,335,-253
103900051,2,114,-112
103900052,286,686,-400
103900053,719,165,554
103900054,575,164,411
103900055,848,230,618
103900056,168,81,87
103900057,557,85,472
103900058,752,207,545
103900059,0,134,-134
103900060,127,128,-1
103900061,409,18,391
103900062,1890,616,1274
103900063,7,1,6
103900064,419,7,412
103900065,193,274,-81
103900066,348,139,209
103900067,468,27,441
103900068,2,0,2
103900069,267,21,246
103900070,217,128,89
103900071,43,54,-11
103900072,120,125,-5
103900073,23,60,-37
103900074,292,31,261
103900075,641,75,566
103900076,1423,266,1157
103900077,48,304,-256
103900078,678,92,586
103900079,115,324,-209
103900080,8,31,-23
103900081,12,18,-6
103900082,194,103,91
103900083,3237,3816,-579
103900084,30,627,-597
103900085,98,96,2
103900086,3057,399,2658
103900088,383,549,-166
103900089,70,404,-334
103900090,12,148,-136
103900091,1022,202,820
103900092,1047,2257,-1210
103900093,141,852,-711
103900094,18,46,-28
103900095,277,930,-653
103900096,410,82,328
103900097,51,346,-295
103900098,763,132,631
103900099,782,92,690
103900100,491,94,397
103900101,523,1236,-713
103900102,10,66,-56
103900104,0,14,-14
103900105,25,88,-63
103900106,1,503,-502
103900107,308,28,280
103900108,25,133,-108
103900109,348,8,340
103900110,679,68,611
103900111,507,191,316
103900112,22,138,-116
103900113,210,281,-71
103900114,2162,375,1787
103900115,225,259,-34
103900116,2031,4651,-2620
103900117,55,59,-4
103900119,30,199,-169
103900120,205,67,138
103900122,735,94,641
103900123,609,1703,-1094
103900124,93,316,-223
103900125,226,117,109
103900126,1158,114,1044
103900127,199,207,-8
103900128,218,52,166
103900131,46,78,-32
103900133,1173,31,1142
103900134,2,40,-38
103900135,8,6,2
103900137,1,6,-5
103900138,324,46,278
103900139,347,6505,-6158
103900140,18,810,-792
103900141,264,53,211
103900142,674,57,617
103900143,412,3,409
103900144,1,28,-27
103900145,193,329,-136
103900146,381,126,255
103900147,921,141,780
103900148,785,112,673
103900149,653,186,467
103900150,5530,10548,-5018
103900151,14,183,-169
103900152,2455,299,2156
103900153,27,32,-5
103900154,318,4499,-4181
103900155,35,146,-111
103900156,71,69,2
103900157,387,102,285
103900158,543,41,502
103900159,787,20,767
103900160,65,32,33
103900161,62,168,-106
103900162,89,57,32
103900163,19,634,-615
103900167,1,190,-189
103900168,100,137,-37
103900169,14,84,-70
103900170,1,57,-56
103900171,20,45,-25
103900172,0,12,-12
103900173,40,37,3
103900174,758,51,707
103900175,72,252,-180
103900176,8,67,-59
103900177,26,4,22
103900178,135,4,131
103900179,117,19,98
103900180,3,51,-48
103900181,7,165,-158
103900182,8,81,-73
103900184,347,110,237
103900185,129,1564,-1435
103900187,13,384,-371
103900188,312,154,158
103900189,194,14,180
103900190,290,37,253
103900191,64,70,-6
103900192,24,91,-67
103900193,62,132,-70
103900194,133,163,-30
103900195,3,260,-257
103900196,131,106,25
103900197,8,10,-2
103900198,11,36,-25
103900199,177,122,55
103900200,341,93,248
103900201,134,108,26
103900202,8,38,-30
103900203,86,90,-4
103900204,0,19,-19
103900207,0,18,-18
103900208,281,3,278
103900209,3,105,-102
103900210,48,51,-3
103900211,1603,128,1475
103900212,411,84,327
103900213,18,552,-534
103900214,309,997,-688
103900215,172,898,-726
103900216,21,190,-169
103900217,587,127,460
103900218,1,582,-581
103900219,473,195,278
103900233,385,50,335
103900235,25,532,-507
103900236,20,28,-8
103900242,1,1,0
103900243,0,1,-1
103900244,195,139,56
103900245,281,87,194
103900246,38,82,-44
103900247,22,53,-31
103900248,10,106,-96
103900249,22,80,-58
103900250,211,136,75
103900251,11,78,-67
103900253,4,176,-172
103900254,48,94,-46
103900255,4,70,-66
103900256,49,74,-25
103900257,436,378,58
103900258,48,19,29
103900259,51,69,-18
103900261,78,1,77
103900262,68,9,59
103900263,37,169,-132
103900264,31,5,26
103900265,12,7,5
103900266,4,307,-303
103900267,2,75,-73
103900268,55,29,26
103900269,312,14,298
103900270,122,66,56
103900271,145,109,36
103900272,161,37,124
103900273,264,5,259
103900274,683,7,676
103900275,388,16,372
103900276,30,11,19
103900277,21,19,2
103900278,8,14,-6
103900279,5,131,-126
103900280,7,15,-8
104000001,5558,3750,1808
104000002,3095,3140,-45
104000003,4106,2802,1304
104000004,3720,3234,486
104000005,4282,3219,1063
104000006,5306,3029,2277
104000007,6184,4720,1464
104000008,270,455,-185
104000009,295,305,-10
104000010,249,1020,-771
104000011,476,283,193
104000012,232,294,-62
104000013,463,854,-391
104000014,371,363,8
104000015,889,316,573
104000016,445,264,181
104000018,1204,539,665
104000019,843,787,56
104000020,150,272,-122
104000021,692,322,370
104000022,512,550,-38
104000023,1847,864,983
104000024,442,529,-87
104000026,107,269,-162
104000027,605,378,227
104000028,824,570,254
104000029,575,442,133
104000030,665,727,-62
104000031,2194,449,1745
104000032,232,161,71
104000033,1439,674,765
104000034,357,190,167
104000035,1903,500,1403
104000036,1963,550,1413
104000037,283,159,124
104000038,558,519,39
104000039,358,155,203
104000040,168,987,-819
104000041,941,633,308
104000042,259,211,48
104000043,262,318,-56
104000044,521,504,17
104000045,1060,700,360
104000046,890,973,-83
104000047,1113,1022,91
104000048,1202,985,217
104000049,1382,533,849
104000050,225,1116,-891
104000051,515,1060,-545
104000052,3833,3612,221
104000053,2389,558,1831
104000054,1409,289,1120
104000055,3715,3161,554
104000056,819,235,584
104000057,347,190,157
104000058,2152,1293,859
104000059,1462,1305,157
104000060,2019,2374,-355
104000061,1870,1015,855
104000062,512,198,314
104000064,1346,427,919
104000065,159,975,-816
104000069,669,2937,-2268
104000070,110,985,-875
104000071,415,311,104
104000072,970,226,744
104000075,260,434,-174
104000076,1067,82,985
104000082,3063,7884,-4821
104000083,922,280,642
104000084,267,409,-142
104000085,1032,454,578
104000086,478,517,-39
104000087,507,2916,-2409
104000090,1966,904,1062
104000092,2878,1290,1588
104000094,1408,1014,394
104000095,6082,2197,3885
104000096,4823,119,4704
104000097,4797,788,4009
104000098,6999,768,6231
104000100,4065,1136,2929
104000101,3272,2129,1143
104000106,65,791,-726
104000107,1015,228,787
104000108,501,357,144
104000109,662,407,255
104000110,1141,2072,-931
104000111,3137,8027,-4890
104000112,897,543,354
104000116,4,787,-783
104000117,677,470,207
104000118,3517,227,3290
104000119,1899,472,1427
104000120,446,494,-48
104000121,550,600,-50
104000122,1374,718,656
104000123,1282,951,331
104000124,484,1440,-956
104000125,3199,8823,-5624
104000126,818,775,43
104000127,1882,1756,126
104000128,1033,141,892
104000129,700,22,678
104000130,6,492,-486
104000131,404,587,-183
104000132,587,839,-252
104000133,2349,956,1393
104000134,1854,2055,-201
104000135,1108,1983,-875
104000136,1071,4165,-3094
104000137,3613,606,3007
104000138,2487,358,2129
104000139,3219,3217,2
104000141,1092,567,525
104000142,1202,406,796
104000143,1576,383,1193
104000144,293,470,-177
104000145,475,400,75
104000146,238,745,-507
104000147,217,512,-295
104000148,678,326,352
104000149,254,87,167
104000150,1659,861,798
104000151,502,214,288
104000152,1168,304,864
104000153,1315,1039,276
104000154,684,296,388
104000155,723,1463,-740
104000157,2988,1208,1780
104000158,156,820,-664
104000159,1320,1140,180
104000160,2746,3980,-1234
104000161,406,153,253
104000162,183,137,46
104000165,1288,982,306
104000167,1160,2602,-1442
104000168,1740,15,1725
104000169,302,150,152
104000170,271,434,-163
104000248,670,1107,-437
104000251,143,240,-97
104000272,0,0,0
104000273,0,0,0
104000274,0,0,0
104000275,0,0,0
104000279,775,758,17
104000290,128,555,-427
104000291,785,2497,-1712
104000293,2973,1972,1001
104000294,272,2,270
104000295,1338,1524,-186
104000296,913,976,-63
104000297,1652,2880,-1228
104000298,2239,1165,1074
104000299,2051,1148,903
104900001,227,327,-100
104900002,175,452,-277
104900003,167,145,22
104900004,105,84,21
104900005,959,378,581
104900006,1457,142,1315
104900007,1162,178,984
104900009,190,153,37
104900010,270,35,235
104900011,24,32,-8
104900012,272,47,225
104900013,83,7,76
104900014,1815,437,1378
104900015,161,1,160
104900016,448,213,235
104900017,153,245,-92
104900018,6,159,-153
104900019,299,9166,-8867
104900020,90,367,-277
104900021,3,27,-24
104900022,42,772,-730
104900023,0,29,-29
104900024,11,512,-501
104900025,94,221,-127
104900026,1,29,-28
104900027,1042,494,548
104900028,27,247,-220
104900029,9,31,-22
104900030,1087,256,831
104900031,72,341,-269
104900032,110,80,30
104900033,261,237,24
104900034,602,362,240
104900035,616,372,244
104900036,671,72,599
104900037,337,234,103
104900038,204,2966,-2762
104900039,351,450,-99
104900040,1078,103,975
104900041,750,177,573
104900042,331,346,-15
104900043,82,549,-467
104900044,1784,119,1665
104900045,486,77,409
104900046,1144,151,993
104900047,811,101,710
104900048,838,78,760
104900049,108,51,57
104900050,911,71,840
104900051,663,110,553
104900052,253,1,252
104900053,947,121,826
104900054,444,66,378
104900055,451,1,450
104900056,498,19,479
104900057,111,1,110
104900058,619,859,-240
104900059,216,29,187
104900060,4,614,-610
104900061,173,198,-25
104900063,1,576,-575
104900064,0,185,-185
104900065,1,565,-564
104900066,5,73,-68
104900067,13,424,-411
104900068,236,227,9
104900070,150,252,-102
104900071,3,672,-669
104900072,95,221,-126
104900073,181,59,122
104900074,109,136,-27
104900075,162,57,105
104900076,260,153,107
104900077,487,259,228
104900078,363,161,202
104900079,252,2354,-2102
104900080,264,210,54
104900082,8,436,-428
104900085,10,230,-220
104900087,584,4,580
104900089,682,1,681
104900090,2272,1269,1003
104900091,699,572,127
104900093,230,303,-73
104900097,2021,6538,-4517
104900098,635,96,539
104900099,115,1678,-1563
104900100,609,217,392
104900102,79,113,-34
104900103,299,74,225
104900104,2163,2298,-135
104900106,749,200,549
104900107,129,223,-94
104900108,62,160,-98
104900109,264,272,-8
104900110,28,78,-50
104900111,844,123,721
104900112,761,370,391
104900113,1557,276,1281
104900114,1295,400,895
104900115,1906,232,1674
104900116,1393,137,1256
104900118,34,53,-19
104900119,0,77,-77
104900120,16,1904,-1888
104900121,0,20,-20
104900122,1,23,-22
104900123,170,12,158
104900124,259,1,258
104900125,696,6,690
104900126,42,52,-10
104900127,38,30,8
104900128,169,130,39
104900129,1319,5478,-4159
105000001,5895,1864,4031
105000002,4163,3402,761
105000003,4472,7624,-3152
105000004,2143,1626,517
105000005,2805,2833,-28
105000006,2018,4513,-2495
105000007,2490,4948,-2458
105000008,1361,6373,-5012
105000009,5070,6291,-1221
105000010,4050,1558,2492
105000011,4756,5805,-1049
105000012,3077,2059,1018
105000013,2033,2665,-632
105000014,6586,5836,750
105000015,11446,23329,-11883
105000016,1112,1083,29
105000017,2193,1256,937
105000018,828,3461,-2633
105000019,1600,1991,-391
105000020,126,1051,-925
105000021,422,345,77
105000022,168,325,-157
105000023,1865,295,1570
105000028,22,107,-85
105000029,1053,2368,-1315
105000030,4435,2648,1787
105000033,1813,1496,317
105000034,189,2593,-2404
105000037,1024,331,693
105000038,1578,2302,-724
105000039,1350,1106,244
105000040,1384,1939,-555
105000041,296,872,-576
105000042,2685,2029,656
105000043,1227,1727,-500
105000044,876,548,328
105000045,340,321,19
105000046,1705,473,1232
105000047,860,435,425
105000048,1904,602,1302
105000049,381,605,-224
105000050,1520,850,670
105000051,360,557,-197
105000052,1047,1553,-506
105000053,229,268,-39
105000054,637,1855,-1218
105000055,1292,371,921
105000056,3035,2686,349
105000057,2590,903,1687
105000058,2139,1148,991
105000059,2205,1235,970
105000060,846,561,285
105000061,3169,1154,2015
105000062,764,828,-64
105000063,479,689,-210
105000064,4747,1400,3347
105000065,678,789,-111
105000066,1366,2081,-715
105000067,2850,2132,718
105000068,603,1637,-1034
105000069,2206,5500,-3294
105000070,992,2041,-1049
105000071,276,4020,-3744
105000072,2722,12157,-9435
105000073,1944,1735,209
105000074,768,717,51
105000075,1051,1160,-109
105000076,1929,2100,-171
105000077,3875,1508,2367
105000078,989,2343,-1354
105000079,1252,3459,-2207
105000080,3051,3659,-608
105000081,1631,1797,-166
105000082,1093,2768,-1675
105000083,2779,3600,-821
105000084,909,984,-75
105000085,3699,3447,252
105000086,1441,1512,-71
105000087,4693,4138,555
105000088,3122,5122,-2000
105000089,2697,2099,598
105000090,775,781,-6
105000091,853,1140,-287
105000092,806,1195,-389
105000093,564,703,-139
105000094,366,340,26
105000095,442,1389,-947
105000096,2307,3777,-1470
105000097,551,973,-422
105000098,2558,3158,-600
105000099,953,2361,-1408
105000100,3494,1629,1865
105000101,5015,2007,3008
105000102,3059,2111,948
105000103,2146,2969,-823
105000104,4321,1924,2397
105000105,2172,2397,-225
105000106,3156,1363,1793
105000107,3116,1051,2065
105000108,2961,1372,1589
105000109,5226,1363,3863
105000110,1610,676,934
105000111,2930,697,2233
105000112,1631,851,780
105000113,1012,1533,-521
105000114,2270,2482,-212
105000115,511,3814,-3303
105000116,2029,1324,705
105000117,1412,926,486
105000118,1979,718,1261
105000119,895,628,267
105000120,2969,822,2147
105000121,1784,803,981
105000122,787,1119,-332
105000123,822,806,16
105000124,3729,1090,2639
105000125,1915,1696,219
105000126,3392,2349,1043
105000127,5035,2328,2707
105000128,1332,2354,-1022
105000129,2666,683,1983
105000130,378,6056,-5678
105000131,593,267,326
105000132,2528,1393,1135
105000133,684,1100,-416
105000134,2443,777,1666
105000135,492,821,-329
105000136,157,199,-42
105000137,1180,310,870
105000138,249,192,57
105000139,1181,501,680
105000140,844,495,349
105000141,723,356,367
105000142,612,680,-68
105000143,235,655,-420
105000144,415,803,-388
105000145,1147,492,655
105000146,694,845,-151
105000147,1168,843,325
105000148,1322,1670,-348
105000149,4994,3280,1714
105000150,1726,981,745
105000151,1352,665,687
105000152,331,874,-543
105000153,1755,801,954
105000154,1075,890,185
105000155,1070,774,296
105000156,405,1264,-859
105000157,1174,1746,-572
105000158,4788,1051,3737
105000159,607,959,-352
105000160,5438,1226,4212
105000161,1249,1088,161
105000162,1142,5583,-4441
105000163,1776,1426,350
105000164,177,800,-623
105000165,1997,18887,-16890
105000166,7212,2587,4625
105000167,1984,5578,-3594
105000168,615,808,-193
105000169,2147,205,1942
105000170,649,1614,-965
105000171,2258,276,1982
105000172,704,50,654
105000173,890,63,827
105000174,190,59,131
105000175,202,95,107
105000176,1236,121,1115
105000177,894,578,316
105000178,501,315,186
105000179,1926,197,1729
105000180,570,150,420
105000181,435,170,265
105000182,130,60,70
105000183,3303,4405,-1102
105000184,391,1231,-840
105000185,826,1533,-707
105000186,688,963,-275
105000187,1140,541,599
105000188,238,701,-463
105000189,83,857,-774
105000190,315,652,-337
105000191,670,540,130
105000192,754,112,642
105000193,124,437,-313
105000194,1177,75,1102
105000195,787,940,-153
105000196,115,393,-278
105000197,278,661,-383
105000198,516,208,308
105000199,73,815,-742
105000200,126,682,-556
105000201,145,53,92
105000203,74,149,-75
105000204,91,51,40
105000205,167,131,36
105000207,310,97,213
105000208,239,740,-501
105000209,330,170,160
105000212,1966,625,1341
105000213,102,335,-233
105000214,128,268,-140
105000215,483,206,277
105000216,512,80,432
105000217,397,185,212
105000218,3893,1698,2195
105000221,305,573,-268
105000222,673,324,349
105000223,978,342,636
105000226,384,170,214
105000227,160,233,-73
105000228,122,2675,-2553
105000229,328,1607,-1279
105000231,804,361,443
105000233,1716,1373,343
105000234,649,797,-148
105000235,747,1279,-532
105000237,2664,259,2405
105000243,172,126,46
105000248,67,209,-142
105000262,1116,477,639
105000269,203,233,-30
105000270,1041,18,1023
105000271,0,282,-282
105000282,68,102,-34
105000287,370,155,215
105000288,1658,614,1044
105000289,697,2252,-1555
105000290,58,14,44
105000402,2344,7221,-4877
105000426,481,711,-230
105000438,942,1394,-452
105000446,9291,4301,4990
105000447,2259,1506,753
105000454,1574,243,1331
105000455,267,141,126
105000474,292,1,291
105000477,2005,869,1136
105000478,4036,8776,-4740
105000479,141,353,-212
105000480,5602,11018,-5416
105000481,7272,8017,-745
105000482,2692,3650,-958
105000483,3590,5848,-2258
105000484,2388,2411,-23
105000485,1608,5406,-3798
105000486,2472,3171,-699
105000488,3744,2142,1602
105000489,2843,1746,1097
105000549,158,488,-330
105000550,419,1039,-620
105000551,37,141,-104
105000552,3303,1486,1817
105000555,683,2434,-1751
105900001,13,4188,-4175
105900002,935,2317,-1382
105900003,27,271,-244
105900004,268,71,197
105900005,183,514,-331
105900006,20,196,-176
105900007,86,57,29
105900008,319,193,126
105900009,86,31,55
105900011,343,68,275
105900012,916,121,795
105900013,5,46,-41
105900014,0,84,-84
105900015,138,395,-257
105900016,1295,290,1005
105900017,3280,44,3236
105900018,179,207,-28
105900019,203,332,-129
105900020,77,120,-43
105900021,88,851,-763
105900022,454,249,205
105900023,7,209,-202
105900024,6,335,-329
105900025,558,6,552
105900026,205,26,179
105900027,20169,6701,13468
105900028,209,737,-528
105900029,2495,434,2061
105900030,501,439,62
105900031,758,266,492
105900032,276,169,107
105900033,190,187,3
105900034,1014,269,745
105900035,741,362,379
105900036,282,88,194
105900037,257,47,210
105900038,230,343,-113
105900039,341,92,249
105900040,196,118,78
105900041,267,258,9
105900042,282,508,-226
105900043,1518,38,1480
105900044,10,904,-894
105900045,5,2487,-2482
105900046,1,332,-331
105900047,16,131,-115
105900048,204,703,-499
105900050,2161,11020,-8859
105900051,52,1596,-1544
105900052,2207,210,1997
105900053,3749,6751,-3002
105900054,315,340,-25
105900056,573,960,-387
105900057,9,134,-125
105900058,38,26,12
105900059,2,312,-310
106000001,2762,3775,-1013
106000002,1390,3577,-2187
106000003,5615,7024,-1409
106000004,2151,2582,-431
106000005,6236,6041,195
106000006,5672,2152,3520
106000007,847,582,265
106000008,551,345,206
106000009,615,332,283
106000010,381,470,-89
106000011,3006,1426,1580
106000012,1372,1345,27
106000013,3185,2193,992
106000014,2025,1445,580
106000015,4143,1710,2433
106000016,1786,1752,34
106000017,869,1439,-570
106000018,916,788,128
106000019,778,830,-52
106000020,626,491,135
106000021,706,844,-138
106000022,557,264,293
106000023,1264,732,532
106000024,804,684,120
106000025,243,403,-160
106000026,212,265,-53
106000027,2994,2789,205
106000028,1342,331,1011
106000029,1172,933,239
106000030,315,926,-611
106000034,196,554,-358
106000035,1306,2727,-1421
106000036,295,510,-215
106000037,1858,1663,195
106000038,98,318,-220
106000039,69,259,-190
106000040,178,1036,-858
106000041,1055,596,459
106000043,513,346,167
106000046,743,131,612
106000047,66,624,-558
106000049,1989,344,1645
106000050,359,1077,-718
106000051,1473,933,540
106000052,328,464,-136
106000053,872,178,694
106000054,425,375,50
106000055,1657,1100,557
106000056,554,328,226
106000057,994,495,499
106000058,323,193,130
106000059,783,546,237
106000060,576,401,175
106000061,342,1286,-944
106000062,237,435,-198
106000063,1755,1288,467
106000064,22,531,-509
106000065,937,334,603
106000066,203,577,-374
106000067,1025,185,840
106000068,187,820,-633
106000069,858,156,702
106000070,581,784,-203
106000071,1287,309,978
106000072,4534,1833,2701
106000073,2602,9244,-6642
106000074,1166,1117,49
106000075,635,1691,-1056
106000076,2061,2207,-146
106000077,2438,1050,1388
106000078,2431,814,1617
106000079,1627,1121,506
106000080,2166,754,1412
106000081,1569,1088,481
106000082,2243,840,1403
106000083,773,1373,-600
106000084,1205,564,641
106000085,2176,1482,694
106000086,775,943,-168
106000087,1237,469,768
106000088,718,826,-108
106000089,1985,363,1622
106000090,584,779,-195
106000091,377,619,-242
106000092,2498,509,1989
106000093,957,164,793
106000094,72,392,-320
106000095,1928,1213,715
106000096,2352,771,1581
106000097,2236,1205,1031
106000098,2195,952,1243
106000099,288,541,-253
106000100,2553,242,2311
106000101,1595,372,1223
106000102,151,595,-444
106000103,367,710,-343
106000104,1837,510,1327
106000105,653,726,-73
106000106,1571,367,1204
106000107,198,253,-55
106000108,738,184,554
106000109,389,155,234
106000110,830,173,657
106000111,178,238,-60
106000112,498,1426,-928
106000113,751,534,217
106000114,1047,2068,-1021
106000115,529,442,87
106000116,676,332,344
106000117,1348,634,714
106000118,2392,1681,711
106000119,1450,780,670
106000120,1668,2414,-746
106000121,863,421,442
106000122,475,91,384
106000123,1788,197,1591
106000124,352,101,251
106000125,116,184,-68
106000126,836,62,774
106000127,3355,885,2470
106000128,2158,272,1886
106000129,1509,545,964
106000130,2027,582,1445
106000131,241,1328,-1087
106000132,1430,371,1059
106000133,2784,3245,-461
106000134,757,6465,-5708
106000135,271,1005,-734
106000136,1452,3003,-1551
106000137,145,1205,-1060
106000138,4761,140,4621
106000139,273,105,168
106000140,84,122,-38
106000141,251,53,198
106000142,210,108,102
106000143,71,42,29
106000144,113,253,-140
106000145,992,143,849
106000146,753,296,457
106000147,616,541,75
106000148,827,746,81
106000149,1279,468,811
106000150,1396,3698,-2302
106000151,5153,714,4439
106000152,1207,4637,-3430
106000153,173,2506,-2333
106000154,1350,194,1156
106000155,393,458,-65
106000156,2903,285,2618
106000157,1079,2796,-1717
106000158,2247,949,1298
106000159,4677,4230,447
106000160,1323,7719,-6396
106000161,1629,316,1313
106000162,733,2552,-1819
106000163,800,368,432
106000164,1303,376,927
106000165,434,789,-355
106000166,2382,437,1945
106000167,747,1524,-777
106000168,1727,545,1182
106000169,461,639,-178
106000170,2001,448,1553
106000171,335,1736,-1401
106000172,3562,2459,1103
106000173,977,4398,-3421
106000174,2272,540,1732
106000175,279,687,-408
106000176,4424,1353,3071
106000177,1490,2408,-918
106000178,4493,1842,2651
106000179,1021,1967,-946
106000180,1052,731,321
106000181,2718,1733,985
106000182,3470,773,2697
106000183,3507,380,3127
106000184,2584,775,1809
106000185,3241,2740,501
106000186,522,62,460
106000187,126,2252,-2126
106000188,0,3,-3
106000189,20,96,-76
106000190,52,1,51
106000191,1010,169,841
106000192,0,6,-6
106000193,597,321,276
106000194,192,493,-301
106000195,377,283,94
106000196,97,704,-607
106000197,1239,399,840
106000198,301,256,45
106000199,989,1987,-998
106000200,694,358,336
106000201,664,10503,-9839
106000202,4599,972,3627
106000203,44,372,-328
106000204,161,3,158
106000205,10,146,-136
106000206,204,25,179
106000207,38,298,-260
106000208,3722,240,3482
106000209,3616,703,2913
106000210,513,860,-347
106000211,222,1263,-1041
106000212,2206,740,1466
106000213,397,1318,-921
106000214,1985,585,1400
106000215,567,529,38
106000216,1348,674,674
106000217,222,471,-249
106000218,399,327,72
106000219,259,345,-86
106000220,1066,295,771
106000221,684,138,546
106000222,212,102,110
106000223,910,178,732
106000224,548,107,441
106000225,231,237,-6
106000226,124,243,-119
106000228,84,161,-77
106000229,368,671,-303
106000231,2105,152,1953
106000232,162,481,-319
106000233,943,203,740
106000234,108,647,-539
106000235,433,541,-108
106000236,173,338,-165
106000237,4,68,-64
106000238,9,64,-55
106000239,0,214,-214
106000240,40,8,32
106000241,20,804,-784
106000242,451,33,418
106000249,264,97,167
106000250,139,1264,-1125
106000251,262,22,240
106000252,64,136,-72
106000253,114,97,17
106000254,212,31,181
106000255,98,233,-135
106000256,248,24,224
106000257,205,290,-85
106000258,109,229,-120
106000259,16,238,-222
106000260,79,24,55
106000261,6,96,-90
106000262,162,47,115
106000263,36,87,-51
106000264,293,27,266
106000265,61,172,-111
106000266,259,72,187
106000267,31,125,-94
106000268,406,51,355
106000269,49,69,-20
106000270,128,343,-215
106000271,124,144,-20
106000272,174,71,103
106000273,20,295,-275
106000274,186,27,159
106000275,308,280,28
106000276,112,23,89
106000277,138,264,-126
106000278,142,30,112
106000279,41,18,23
106000280,222,32,190
106000281,123,36,87
106000282,120,77,43
106000283,220,65,155
106000284,295,93,202
106000285,159,166,-7
106000286,239,115,124
106000287,104,109,-5
106000288,208,205,3
106000289,185,106,79
106000290,146,95,51
106000291,204,114,90
106000292,300,105,195
106000293,191,86,105
106000294,136,87,49
106000295,71,75,-4
106000296,76,97,-21
106000297,42,187,-145
106000298,72,235,-163
106000299,63,64,-1
106000300,77,119,-42
106000301,78,205,-127
106000303,69,61,8
106000304,114,19,95
106000305,163,46,117
106000306,43,51,-8
106000307,242,19,223
106000308,92,86,6
106000309,45,44,1
106000310,529,447,82
106000311,752,191,561
106000312,212,270,-58
106000313,734,135,599
106000318,125,538,-413
106000319,3233,698,2535
106000320,1,142,-141
106000321,282,221,61
106000322,705,44,661
106000324,70,124,-54
106000325,3182,1087,2095
106000326,1178,1354,-176
106000327,551,82,469
106000328,35,273,-238
106000329,126,502,-376
106000330,22,182,-160
106000428,141,390,-249
106000429,132,287,-155
106000430,470,1496,-1026
106000431,3271,589,2682
106000432,1105,2831,-1726
106000433,3374,1614,1760
106000434,5459,1495,3964
106000435,1545,2343,-798
106000436,18,200,-182
106000437,970,129,841
106000438,383,678,-295
106000439,96,1592,-1496
106000440,267,401,-134
106000441,7,10,-3
106000442,783,6,777
106000443,572,186,386
106000450,2,89,-87
106000451,55,282,-227
106000454,7,246,-239
106000455,9,139,-130
106000456,257,42,215
106000457,70,580,-510
106000458,2165,156,2009
106000459,807,112,695
106000460,3021,54,2967
106000461,699,346,353
106000462,2,106,-104
106000463,11,10,1
106000464,4,346,-342
106000465,1559,5,1554
106000466,22,288,-266
106000467,234,406,-172
106000468,247,205,42
106000469,212,1,211
106000470,245,3852,-3607
106000471,16,340,-324
106000472,326,19,307
106000473,138,13,125
106000474,600,689,-89
106000475,898,235,663
106000476,238,405,-167
106000477,39,55,-16
106000480,1,1520,-1519
106900001,1,17,-16
106900002,23,170,-147
106900003,73,1544,-1471
106900004,0,14,-14
106900006,0,28,-28
106900007,0,15,-15
106900008,1612,106,1506
106900009,1163,200,963
106900010,763,419,344
106900012,1794,5921,-4127
106900013,1408,331,1077
106900014,172,2,170
106900015,64,1,63
106900016,832,45,787
106900017,52,0,52
106900018,23,2,21
106900019,434,3,431
106900020,2080,5702,-3622
106900021,291,130,161
106900022,2586,7,2579
106900023,93,139,-46
106900024,1227,91,1136
106900025,29,622,-593
106900026,1,148,-147
106900027,1872,6,1866
107000001,4618,6472,-1854
107000002,1852,2258,-406
107000003,15056,10852,4204
107000004,4705,2129,2576
107000005,15470,9663,5807
107000006,4869,1901,2968
107000007,9575,12285,-2710
107000008,4775,2879,1896
107000009,15654,10815,4839
107000010,6566,3925,2641
107000011,880,1395,-515
107000012,2877,3014,-137
107000013,244,40,204
107000014,183,84,99
107000015,740,366,374
107000016,1578,478,1100
107000017,877,2479,-1602
107000018,10,2291,-2281
107000020,778,2733,-1955
107000021,1518,499,1019
107000022,1291,2451,-1160
107000023,2666,250,2416
107000024,766,2226,-1460
107000025,689,356,333
107000026,450,596,-146
107000027,3151,929,2222
107000028,1856,658,1198
107000029,7398,4082,3316
107000030,2763,1838,925
107000031,9465,4300,5165
107000032,369,796,-427
107000033,3409,5866,-2457
107000034,5721,1522,4199
107000035,832,439,393
107000036,714,2665,-1951
107000037,142,1088,-946
107000038,492,218,274
107000039,1782,1678,104
107000040,583,244,339
107000041,1498,1129,369
107000042,648,3278,-2630
107000043,2261,1319,942
107000044,377,508,-131
107000045,70,508,-438
107000046,988,656,332
107000047,842,1040,-198
107000048,1091,543,548
107000049,648,962,-314
107000050,1116,748,368
107000051,362,471,-109
107000052,1691,2970,-1279
107000053,660,944,-284
107000054,73,160,-87
107000055,633,290,343
107000056,695,545,150
107000057,1594,133,1461
107000058,2759,4694,-1935
107000059,3073,3316,-243
107000060,9506,8322,1184
107000061,5539,3120,2419
107000062,11176,5662,5514
107000063,5137,3428,1709
107000064,9306,7489,1817
107000065,3523,6189,-2666
107000066,2601,5050,-2449
107000067,2508,2103,405
107000068,1264,1643,-379
107000069,1986,1311,675
107000070,1746,8,1738
107000071,6949,52,6897
107000072,11,1122,-1111
107000073,1991,1252,739
107000074,96,546,-450
107000075,3570,515,3055
107000076,210,805,-595
107000077,5173,999,4174
107000078,709,1489,-780
107000079,4783,1373,3410
107000080,522,1779,-1257
107000081,5063,967,4096
107000082,1183,809,374
107000083,2510,1532,978
107000084,354,935,-581
107000085,4687,4232,455
107000086,3705,2704,1001
107000087,6196,4590,1606
107000088,3942,5070,-1128
107000089,3289,5043,-1754
107000090,2233,1266,967
107000091,3120,1985,1135
107000092,1518,1029,489
107000093,2476,2035,441
107000094,1448,1142,306
107000095,2136,1092,1044
107000096,1048,624,424
107000097,2153,579,1574
107000098,899,739,160
107000099,764,742,22
107000100,354,310,44
107000101,205,459,-254
107000102,364,376,-12
107000103,701,419,282
107000104,271,451,-180
107000105,1130,294,836
107000106,182,320,-138
107000107,1766,349,1417
107000108,218,562,-344
107000109,2041,344,1697
107000110,128,293,-165
107000111,1054,102,952
107000112,63,171,-108
107000113,2194,185,2009
107000114,41,383,-342
107000115,1604,1497,107
107000116,83,788,-705
107000117,231,5934,-5703
107000118,98,215,-117
107000119,2098,1965,133
107000120,1025,1776,-751
107000121,1488,934,554
107000122,1261,952,309
107000123,1031,703,328
107000124,1182,391,791
107000125,2156,550,1606
107000126,3074,288,2786
107000129,402,447,-45
107000130,1595,324,1271
107000131,491,516,-25
107000132,920,427,493
107000133,320,170,150
107000134,255,1,254
107000135,2,340,-338
107000136,710,5,705
107000137,3,644,-641
107000138,201,20,181
107000139,8,779,-771
107000140,2719,62,2657
107000141,180,1174,-994
107000142,847,80,767
107000143,70,942,-872
107000144,1008,975,33
107000145,200,475,-275
107000146,312,514,-202
107000147,4644,723,3921
107000150,625,7412,-6787
107000151,11,40,-29
107000152,1433,4848,-3415
107000153,136,267,-131
107000154,15,251,-236
107000155,1646,24,1622
107000156,2077,36,2041
107000157,62,484,-422
107000158,2006,66,1940
107000159,17,514,-497
107000160,3781,300,3481
107000161,140,425,-285
107000162,655,1231,-576
107000163,410,3,407
107000164,1859,2,1857
107000165,2752,11,2741
107000166,42,280,-238
107000167,1535,438,1097
107000168,2264,861,1403
107000169,373,395,-22
107000170,6760,1075,5685
107000171,798,1018,-220
107000172,2378,3557,-1179
107000173,503,580,-77
107000174,2312,11804,-9492
107000175,4548,930,3618
107000176,1,3,-2
107000177,3,0,3
107000178,41,8,33
107000179,585,1155,-570
107000180,3366,252,3114
107000181,625,767,-142
107000182,3806,656,3150
107000183,428,625,-197
107000184,2324,834,1490
107000185,406,1040,-634
107000186,1508,609,899
107000187,2173,1876,297
107000188,1019,484,535
107000189,1577,1123,454
107000190,1150,747,403
107000191,1277,1211,66
107000192,2622,686,1936
107000193,609,1042,-433
107000194,807,650,157
107000197,1439,432,1007
107000198,401,625,-224
107000199,1552,1066,486
107000200,1779,1318,461
107000201,816,600,216
107000202,540,676,-136
107000203,596,1873,-1277
107000204,578,2229,-1651
107000205,1022,1051,-29
107000206,627,1612,-985
107000207,643,1318,-675
107000208,741,847,-106
107000209,631,1115,-484
107000210,136,209,-73
107000211,4,72,-68
107000212,7,162,-155
107000213,11,9,2
107000214,27,86,-59
107000215,1027,226,801
107000216,861,310,551
107000217,321,492,-171
107000219,102,336,-234
107000220,247,177,70
107000222,561,357,204
107000224,969,195,774
107000225,295,359,-64
107000226,933,136,797
107000227,239,223,16
107000228,316,976,-660
107000229,109,267,-158
107000230,2588,1027,1561
107000231,566,1744,-1178
107000232,223,41,182
107000233,279,815,-536
107000234,1,94,-93
107000235,72,35,37
107000236,10,866,-856
107000237,129,0,129
107000238,32,4,28
107000239,2605,1064,1541
107000240,217,425,-208
107000241,50,12,38
107000242,244,18,226
107000243,1,97,-96
107000244,7,51,-44
107000246,1,454,-453
107000249,3,573,-570
107000251,0,158,-158
107000252,0,442,-442
107000255,365,495,-130
107000257,3,748,-745
107000258,3,302,-299
107000259,1,219,-218
107000260,3434,31,3403
107000262,53,228,-175
107000263,744,8,736
107000266,41,39,2
107000267,33,132,-99
107000268,274,84,190
107000269,131,9,122
107000270,542,159,383
107000271,4,0,4
107000272,266,2,264
107000273,2,244,-242
107000274,862,355,507
107000275,18,1787,-1769
107000280,2499,74,2425
107000281,25,355,-330
107000282,25,440,-415
107000290,6,48,-42
107000291,35,14,21
107000292,0,381,-381
107000293,24,16,8
107000294,0,87,-87
107000295,52,11,41
107000296,0,32,-32
107000444,502,1,501
107000496,28,8,20
107000497,958,1389,-431
107000500,879,663,216
107000501,232,430,-198
107000502,531,1098,-567
107000505,619,1020,-401
107000506,0,7,-7
107000508,14,131,-117
107000509,211,812,-601
107000510,85,142,-57
107000514,75,716,-641
107000515,23,57,-34
107000516,916,722,194
107000518,3562,4796,-1234
107000519,1350,560,790
107000520,243,97,146
107000521,1689,301,1388
107000522,2319,506,1813
107900001,199,20,179
107900002,118,8,110
107900003,1382,19,1363
107900004,251,0,251
107900005,5001,12,4989
107900006,359,13,346
107900007,501,61,440
107900008,39,9,30
107900009,125,16,109
107900010,136,10,126
107900012,566,117,449
107900013,274,15,259
107900014,264,7,257
107900015,3578,15,3563
107900016,652,64,588
107900017,120,0,120
107900018,57,655,-598
107900019,37,13,24
107900020,28,63,-35
107900021,373,61,312
107900023,9,1,8
107900024,0,27,-27
107900025,328,105,223
107900026,115,32,83
107900027,25,94,-69
107900028,555,22,533
107900030,325,39,286
107900031,131,75,56
107900032,65,9,56
107900033,49,26,23
107900034,387,21,366
107900035,3350,239,3111
107900036,87,31,56
107900037,1,8,-7
107900038,80,557,-477
107900039,64,11,53
107900040,15,263,-248
107900041,1,7,-6
107900043,131,112,19
107900044,18,31,-13
107900045,164,83,81
107900046,667,540,127
107900047,104,21,83
107900048,472,60,412
107900049,509,1830,-1321
107900050,41,326,-285
107900051,78,36,42
107900052,57,163,-106
107900053,197,83,114
107900055,711,355,356
107900056,124,268,-144
107900057,3,0,3
107900058,53,685,-632
107900060,13,161,-148
107900061,1,12,-11
107900063,133,231,-98
107900064,297,1041,-744
107900065,925,16,909
107900066,51,9,42
107900067,0,0,0
107900068,138,1098,-960
107900069,16,5494,-5478
107900070,215,252,-37
107900071,20,352,-332
107900072,449,56,393
107900073,127,116,11
107900074,167,651,-484
107900076,264,66,198
107900077,210,4,206
107900078,283,97,186
107900079,53,30,23
107900080,104,1311,-1207
107900081,120,101,19
107900082,1,3,-2
107900083,898,151,747
107900084,288,259,29
107900086,59,435,-376
107900087,288,63,225
107900088,199,18,181
107900089,383,1048,-665
107900090,374,4039,-3665
107900091,158,134,24
107900092,1756,173,1583
107900093,77,36,41
107900095,1304,1507,-203
107900097,60,107,-47
107900098,209,355,-146
107900100,432,2253,-1821
107900101,456,67,389
107900102,59,7,52
107900103,154,129,25
107900104,343,1,342
107900105,10,143,-133
107900106,3,338,-335
107900107,1070,447,623
107900108,317,55,262
107900109,3572,93,3479
107900110,160,37,123
107900111,7,260,-253
107900112,100,1094,-994
107900113,334,35,299
107900114,403,71,332
107900115,1,9,-8
107900116,526,52,474
107900117,251,224,27
107900118,21,215,-194
107900119,185,379,-194
107900120,76,26,50
107900121,2,209,-207
107900122,6,353,-347
107900123,28,171,-143
107900124,10,86,-76
107900125,11,272,-261
107900126,101,167,-66
107900127,604,328,276
107900128,84,121,-37
107900129,205,8,197
107900130,178,10,168
107900131,76,254,-178
107900132,17,254,-237
107900133,0,55,-55
107900134,37,103,-66
107900135,8,38,-30
107900136,20,29,-9
107900137,80,192,-112
107900138,215,28,187
107900139,251,37,214
107900140,17,8,9
107900141,32,92,-60
107900142,19,465,-446
107900143,30,9,21
107900144,2,31,-29
107900145,7,64,-57
107900146,64,140,-76
107900147,31,31,0
107900148,229,115,114
107900149,554,53,501
107900150,6,331,-325
107900151,55,37,18
107900152,15,144,-129
107900153,52,386,-334
107900154,77,66,11
107900155,157,90,67
107900156,10,90,-80
107900157,53,78,-25
107900158,2906,110,2796
107900159,35,469,-434
107900160,153,60,93
107900161,285,29,256
107900162,0,42,-42
107900163,14,96,-82
107900164,72,70,2
107900165,24,544,-520
107900166,67,61,6
107900167,31,97,-66
107900168,214,34,180
107900169,8,950,-942
107900171,16,437,-421
107900172,1,177,-176
107900173,107,37,70
107900174,254,1,253
107900175,15,218,-203
107900176,172,21,151
107900177,2,119,-117
107900178,0,60,-60
107900179,33,107,-74
107900180,313,1544,-1231
107900181,360,307,53
107900182,0,375,-375
107900183,137,38,99
107900184,286,149,137
107900185,280,2,278
107900186,46,32,14
107900187,0,253,-253
107900188,560,79,481
107900189,46,106,-60
107900190,48,207,-159
107900191,56,214,-158
107900193,6,106,-100
107900194,322,18,304
107900195,1215,178,1037
107900196,263,29,234
107900197,219,373,-154
107900199,1,593,-592
107900201,166,113,53
107900203,53,36,17
107900204,239,297,-58
107900205,342,372,-30
107900206,256,905,-649
107900207,1,376,-375
107900208,2,284,-282
107900209,307,171,136
107900210,22,58,-36
107900213,538,419,119
107900214,5,165,-160
107900215,182,611,-429
107900216,20,42,-22
107900217,107,84,23
107900218,30,823,-793
107900219,92,40,52
107900220,41,225,-184
107900221,149,260,-111
107900223,304,125,179
107900224,127,627,-500
107900225,4,330,-326
107900226,24,49,-25
107900227,85,361,-276
107900228,96,138,-42
107900229,11,55,-44
107900230,25,12,13
107900231,62,70,-8
107900232,473,44,429
107900233,25,57,-32
107900234,459,146,313
107900235,25,202,-177
107900236,949,108,841
107900237,17,395,-378
107900238,76,35,41
107900239,239,1032,-793
107900240,117,39,78
107900241,10,27,-17
107900242,41,89,-48
107900243,0,27,-27
107900244,595,30,565
107900245,1580,46,1534
107900246,417,58,359
107900248,491,168,323
107900249,1942,295,1647
107900250,0,295,-295
107900251,38,773,-735
107900252,1443,82,1361
107900253,316,40,276
107900254,101,273,-172
107900255,153,37,116
107900256,526,1092,-566
107900257,581,227,354
107900258,197,66,131
107900259,42,6808,-6766
107900261,10,190,-180
107900262,87,57,30
107900264,1127,51,1076
107900265,259,215,44
107900267,822,20,802
107900268,48,10,38
107900269,0,34,-34
107900270,2,0,2
107900271,2,90,-88
107900272,59,17,42
107900273,78,58,20
107900274,170,0,170
107900275,92,2,90
107900276,2,11,-9
107900277,0,36,-36
107900278,874,144,730
107900279,18,47,-29
107900280,3344,1495,1849
107900281,1317,13381,-12064
107900282,36,1737,-1701
107900283,851,1751,-900
107900284,1251,397,854
107900285,249,34,215
107900286,35,38,-3
107900287,853,159,694
107900290,2,1126,-1124
107900291,855,38,817
107900292,379,90,289
107900293,139,238,-99
107900295,137,63,74
107900297,5,417,-412
107900298,825,855,-30
107900299,2670,4447,-1777
107900300,100,695,-595
107900301,1641,1261,380
107900302,163,49,114
107900303,749,176,573
107900304,1001,115,886
107900305,428,11,417
107900306,4,91,-87
107900307,5,251,-246
107900308,191,192,-1
107900309,81,1,80
107900310,116,1,115
107900311,4,399,-395
107900312,68,0,68
107900313,3,167,-164
107900314,1,152,-151
107900315,1,68,-67
107900316,22,5,17
107900317,128,8,120
107900318,1,350,-349
107900319,4,37,-33
107900320,7,70,-63
107900321,460,23,437
107900322,8,44,-36
107900323,11,91,-80
107900324,199,3,196
107900325,355,3,352
107900326,1375,133,1242
107900327,5,214,-209
107900328,38,1,37
107900329,48,523,-475
107900330,6,126,-120
107900331,1118,37,1081
107900332,757,15,742
107900333,188,59,129
107900334,25,73,-48
107900335,52,31,21
107900336,39,87,-48
107900337,505,1454,-949
107900338,4,179,-175
107900339,2,13,-11
107900340,0,122,-122
107900341,118,0,118
107900342,198,109,89
107900343,87,0,87
107900344,8,36,-28
107900345,145,28,117
107900346,59,0,59
107900347,29,6,23
107900348,0,3,-3
107900349,24,20,4
107900350,31,280,-249
107900351,6,58,-52
107900352,0,7,-7
107900353,19,21,-2
107900354,16,24,-8
108000001,7018,5912,1106
108000002,2216,1771,445
108000003,4402,4765,-363
108000004,11288,11311,-23
108000005,10041,7772,2269
108000006,4327,4383,-56
108000007,8393,8168,225
108000008,3847,4462,-615
108000009,9300,8704,596
108000010,2689,5061,-2372
108000011,18738,14778,3960
108000012,10982,9884,1098
108000014,742,1946,-1204
108000015,1368,320,1048
108000016,498,452,46
108000017,2036,457,1579
108000018,2878,1054,1824
108000019,1124,1003,121
108000020,1769,531,1238
108000021,338,1438,-1100
108000022,508,815,-307
108000023,3245,417,2828
108000024,652,250,402
108000025,789,195,594
108000026,1260,336,924
108000027,1458,266,1192
108000028,1112,316,796
108000029,906,385,521
108000030,680,418,262
108000031,209,1036,-827
108000032,4104,999,3105
108000033,739,703,36
108000034,3107,734,2373
108000035,844,1572,-728
108000036,463,924,-461
108000037,4590,515,4075
108000038,6002,544,5458
108000039,563,1258,-695
108000040,3867,1573,2294
108000041,408,2055,-1647
108000042,833,95,738
108000043,466,282,184
108000044,1116,118,998
108000045,459,228,231
108000046,3143,526,2617
108000047,399,522,-123
108000048,69,154,-85
108000049,1351,213,1138
108000050,183,240,-57
108000051,629,409,220
108000052,249,397,-148
108000053,537,429,108
108000054,379,1212,-833
108000055,1584,1104,480
108000056,654,1418,-764
108000057,972,2141,-1169
108000058,2642,8229,-5587
108000059,2432,1478,954
108000060,403,852,-449
108000061,88,247,-159
108000062,2279,959,1320
108000063,575,525,50
108000064,557,328,229
108000065,892,467,425
108000066,2890,1928,962
108000067,4385,1345,3040
108000068,1535,820,715
108000069,176,756,-580
108000070,3588,1205,2383
108000071,705,1301,-596
108000072,2030,1032,998
108000073,1016,1150,-134
108000074,1040,950,90
108000075,541,478,63
108000076,1548,827,721
108000077,768,537,231
108000078,4051,1016,3035
108000079,685,713,-28
108000080,3592,604,2988
108000081,1025,813,212
108000082,738,1347,-609
108000083,3792,1146,2646
108000084,572,1166,-594
108000085,2307,920,1387
108000086,542,553,-11
108000087,243,3872,-3629
108000088,529,19,510
108000089,496,659,-163
108000090,1126,532,594
108000091,181,672,-491
108000092,563,276,287
108000093,559,521,38
108000094,1900,199,1701
108000095,345,506,-161
108000096,973,384,589
108000097,308,491,-183
108000098,4443,1739,2704
108000099,469,105,364
108000100,160,430,-270
108000101,2159,2143,16
108000102,2114,4523,-2409
108000106,1490,1,1489
108000107,1,1104,-1103
108000108,1014,99,915
108000109,7,446,-439
108000110,926,469,457
108000111,416,1152,-736
108000112,117,257,-140
108000113,458,246,212
108000115,448,468,-20
108000117,541,607,-66
108000118,44,711,-667
108000119,861,290,571
108000120,444,1709,-1265
108000121,339,448,-109
108000122,1703,640,1063
108000123,1314,367,947
108000124,596,775,-179
108000125,1264,377,887
108000126,378,268,110
108000127,1398,341,1057
108000128,1617,192,1425
108000129,470,550,-80
108000130,946,510,436
108000131,983,243,740
108000132,554,734,-180
108000133,1931,459,1472
108000134,792,390,402
108000135,1947,1041,906
108000136,483,431,52
108000137,932,234,698
108000138,889,615,274
108000139,1094,267,827
108000140,949,11,938
108000141,169,33,136
108000142,95,93,2
108000143,82,9,73
108000144,210,13,197
108000145,117,0,117
108000146,214,5,209
108000147,52,9,43
108000148,200,13,187
108000149,77,9,68
108000150,97,16,81
108000151,7,7,0
108000152,248,293,-45
108000153,2190,186,2004
108000154,65,1,64
108000155,136,44,92
108000156,307,217,90
108000157,460,4135,-3675
108000158,226,1761,-1535
108000159,273,347,-74
108000160,2288,2298,-10
108000161,2028,7094,-5066
108000165,12,724,-712
108000172,3,489,-486
108000173,507,3342,-2835
108000175,691,153,538
108000178,444,321,123
108000179,198,1581,-1383
108000181,124,17,107
108000182,107,12,95
108000183,13,2,11
108000184,737,5470,-4733
108000185,782,350,432
108000186,526,142,384
108000187,297,314,-17
108000188,1851,137,1714
108000189,556,2763,-2207
108000190,27,109,-82
108000192,471,148,323
108000193,505,39,466
108000194,43,28,15
108000195,2,1045,-1043
108000196,405,283,122
108000198,832,94,738
108000199,1,431,-430
108000200,1317,213,1104
108000202,1,254,-253
108000203,545,295,250
108000204,291,128,163
108000205,164,298,-134
108000339,1197,563,634
108000364,87,241,-154
108000365,57,413,-356
108000367,291,258,33
108000368,60,75,-15
108000369,567,112,455
108000371,3,427,-424
108000372,1156,4,1152
108000373,320,82,238
108000376,239,29,210
108000377,1514,93,1421
108000378,12001,21054,-9053
108000379,23,381,-358
108000381,269,20,249
108000382,138,0,138
108000383,0,341,-341
108900001,8,438,-430
108900002,446,74,372
108900003,156,619,-463
108900004,3,788,-785
108900005,92,651,-559
108900006,1413,324,1089
108900007,560,171,389
108900008,278,127,151
108900009,266,263,3
108900010,749,201,548
108900011,1716,305,1411
108900012,926,340,586
108900013,205,485,-280
108900014,65,135,-70
108900015,0,198,-198
108900016,1,155,-154
108900017,225,924,-699
108900018,219,493,-274
108900019,35,294,-259
108900020,35,141,-106
108900021,237,132,105
108900022,197,61,136
108900023,20,114,-94
108900024,71,47,24
108900025,669,77,592
108900026,43,19,24
108900027,2,41,-39
108900028,156,101,55
108900029,184,241,-57
108900030,1,20,-19
108900031,401,141,260
108900032,14,132,-118
108900033,0,44,-44
108900034,0,32,-32
108900035,472,511,-39
108900036,290,287,3
108900037,41,191,-150
108900038,1,73,-72
108900039,0,51,-51
108900040,7,30,-23
108900041,5956,3823,2133
108900042,4,432,-428
108900043,52,918,-866
108900044,0,112,-112
108900045,122,96,26
108900046,16,228,-212
108900047,0,305,-305
108900048,186,294,-108
108900049,1398,5545,-4147
108900050,1,78,-77
108900051,1,65,-64
108900052,49,65,-16
108900053,196,1182,-986
108900054,58,94,-36
108900055,35,365,-330
108900056,0,27,-27
108900057,0,100,-100
108900058,129,92,37
108900059,2559,101,2458
108900060,58,284,-226
108900061,108,14,94
108900062,6,217,-211
108900063,28,93,-65
108900064,941,11,930
108900065,14,88,-74
108900066,862,228,634
108900067,1,194,-193
108900068,8,38,-30
108900069,284,10,274
108900070,26,41,-15
108900071,233,64,169
108900072,1452,205,1247
108900073,87,112,-25
108900074,962,78,884
108900075,9,17,-8
108900076,943,31,912
108900077,102,251,-149
108900078,137,55,82
108900079,282,272,10
108900080,14,1723,-1709
108900081,75,324,-249
108900082,135,65,70
108900083,14,535,-521
108900084,305,164,141
108900085,1509,197,1312
108900086,379,92,287
108900087,53,336,-283
108900088,934,525,409
108900089,8,209,-201
108900090,185,79,106
108900091,131,109,22
108900092,734,431,303
108900093,146,133,13
108900094,675,191,484
108900095,57,257,-200
108900096,335,6,329
108900097,346,111,235
108900098,1590,1966,-376
108900099,849,171,678
108900100,71,91,-20
108900101,407,757,-350
108900102,21,2570,-2549
108900103,428,253,175
108900104,87,370,-283
108900105,15,4707,-4692
108900106,844,265,579
108900108,532,57,475
108900109,1447,116,1331
108900110,306,182,124
108900111,882,229,653
108900112,753,40,713
108900113,65,141,-76
108900114,289,25,264
108900115,299,272,27
108900116,193,14,179
108900117,583,44,539
108900118,1597,41,1556
108900119,972,37,935
108900120,741,386,355
108900121,410,169,241
108900122,477,68,409
108900123,595,198,397
108900124,1939,287,1652
108900125,1524,15,1509
108900126,317,89,228
108900127,502,93,409
108900128,473,98,375
108900129,2661,267,2394
108900130,1708,3,1705
108900131,1228,22,1206
108900132,1330,104,1226
108900133,752,53,699
108900134,1473,216,1257
108900135,808,20,788
108900136,50,2,48
108900137,596,8,588
108900138,2374,119,2255
108900139,1360,70,1290
108900140,1400,42,1358
108900141,1206,19,1187
108900142,118,21,97
108900143,151,2,149
108900144,257,2,255
108900145,768,87,681
108900146,266,0,266
108900147,800,4,796
108900148,175,34,141
108900149,739,428,311
108900150,432,6,426
108900151,58,7,51
108900152,230,40,190
108900153,503,67,436
108900154,9167,382,8785
108900155,577,69,508
108900156,327,9,318
108900157,34,303,-269
108900158,1395,124,1271
108900159,16,55,-39
108900160,16,120,-104
108900161,32,206,-174
108900162,372,5,367
108900163,6,585,-579
108900164,189,74,115
108900165,154,34,120
108900167,1425,22133,-20708
108900168,4915,2858,2057
108900169,80,133,-53
108900171,3770,5508,-1738
108900172,280,149,131
108900173,65,415,-350
108900174,1690,688,1002
108900176,122,265,-143
108900177,4030,16140,-12110
108900178,2951,8975,-6024
108900179,456,3479,-3023
108900180,68,494,-426
108900182,100,795,-695
108900183,231,487,-256
108900184,585,272,313
108900185,97,822,-725
108900186,98,539,-441
108900187,1439,57,1382
108900188,1695,62,1633
108900189,708,242,466
108900190,123,2325,-2202
108900191,147,220,-73
108900192,108,185,-77
108900193,52,23,29
108900194,9,232,-223
108900195,118,121,-3
108900196,151,188,-37
108900198,3,257,-254
108900199,329,409,-80
108900200,1115,823,292
108900201,487,1136,-649
108900203,543,144,399
108900204,548,21,527
108900205,423,49,374
108900206,899,149,750
108900207,482,578,-96
108900208,9,402,-393
108900209,172,627,-455
108900210,127,148,-21
108900211,290,935,-645
108900212,103,3285,-3182
108900215,89,309,-220
108900216,180,664,-484
108900217,118,1,117
108900218,101,39,62
108900219,65,4,61
108900220,114,35,79
108900221,23,56,-33
108900222,495,15,480
108900223,2,73,-71
108900224,63,98,-35
108900225,0,204,-204
108900226,933,90,843
108900227,353,615,-262
108900230,109,259,-150
108900231,12,130,-118
108900232,3,155,-152
108900233,862,249,613
108900234,406,298,108
108900235,194,358,-164
108900236,54,517,-463
108900237,34,103,-69
108900240,150,144,6
108900241,106,43,63
108900245,4,3561,-3557
108900249,131,19,112
108900250,631,240,391
108900257,433,241,192
108900258,11,94,-83
108900259,38,30,8
108900260,4,15,-11
108900261,50,77,-27
108900262,104,231,-127
108900263,80,218,-138
108900264,216,369,-153
108900265,978,801,177
108900266,141,3092,-2951
108900267,2,778,-776
108900268,4,66,-62
108900269,446,75,371
108900270,471,26,445
108900271,121,98,23
108900272,794,82,712
108900273,304,1408,-1104
108900274,183,19,164
109000001,5928,4541,1387
109000002,905,4256,-3351
109000003,6001,829,5172
109000004,1108,2593,-1485
109000005,3767,997,2770
109000006,1372,2138,-766
109000007,3809,1239,2570
109000008,1118,1680,-562
109000009,6591,1857,4734
109000010,1021,3411,-2390
109000011,7581,3467,4114
109000012,1979,3514,-1535
109000013,9006,8262,744
109000014,2571,2608,-37
109000015,5388,21367,-15979
109000016,5783,2518,3265
109000017,5761,2134,3627
109000018,1882,2312,-430
109000019,4425,2140,2285
109000020,1492,2997,-1505
109000023,436,14,422
109000024,4,176,-172
109000025,229,1005,-776
109000026,840,236,604
109000027,139,659,-520
109000028,178,80,98
109000029,93,601,-508
109000030,46,402,-356
109000031,583,131,452
109000032,173,593,-420
109000033,697,271,426
109000034,76,122,-46
109000035,67,65,2
109000036,82,348,-266
109000037,575,4737,-4162
109000038,360,323,37
109000039,1226,1205,21
109000040,5182,24208,-19026
109000041,1641,4346,-2705
109000042,743,2824,-2081
109000044,727,173,554
109000045,156,404,-248
109000046,806,195,611
109000047,128,387,-259
109000048,489,678,-189
109000049,279,803,-524
109000050,482,566,-84
109000051,288,189,99
109000052,898,588,310
109000053,773,102,671
109000054,260,423,-163
109000055,695,367,328
109000056,451,564,-113
109000057,1374,603,771
109000058,416,128,288
109000059,189,1551,-1362
109000060,147,574,-427
109000061,368,3024,-2656
109000062,240,522,-282
109000063,408,143,265
109000064,887,196,691
109000065,484,145,339
109000066,1098,61,1037
109000067,188,166,22
109000068,811,17,794
109000069,913,26,887
109000070,115,1143,-1028
109000071,695,121,574
109000072,81,276,-195
109000073,106,145,-39
109000074,23,238,-215
109000075,127,401,-274
109000076,135,434,-299
109000077,367,214,153
109000078,190,238,-48
109000079,155,66,89
109000080,492,104,388
109000081,208,452,-244
109000082,1780,205,1575
109000083,587,511,76
109000088,247,324,-77
109000089,561,134,427
109000090,152,297,-145
109000091,763,173,590
109000092,315,257,58
109000093,443,237,206
109000094,1678,7,1671
109000095,303,338,-35
109000096,2058,313,1745
109000097,82,117,-35
109000098,139,196,-57
109000099,1273,143,1130
109000100,711,416,295
109000101,3143,646,2497
109000102,1189,490,699
109000103,1349,599,750
109000104,4823,492,4331
109000105,960,671,289
109000106,3347,692,2655
109000107,897,1226,-329
109000108,3967,922,3045
109000109,815,1124,-309
109000110,2212,770,1442
109000111,958,1767,-809
109000112,502,158,344
109000113,406,442,-36
109000114,222,637,-415
109000115,1225,19,1206
109000116,11,383,-372
109000117,516,26,490
109000118,13,229,-216
109000119,3302,75,3227
109000120,761,520,241
109000121,1103,8,1095
109000122,350,323,27
109000123,35,59,-24
109000124,1746,340,1406
109000125,1668,332,1336
109000126,748,449,299
109000127,2417,146,2271
109000128,1056,717,339
109000129,5861,619,5242
109000130,522,787,-265
109000131,1114,845,269
109000132,431,1440,-1009
109000133,290,528,-238
109000134,802,1014,-212
109000135,672,1417,-745
109000136,437,299,138
109000137,622,495,127
109000138,810,175,635
109000139,1215,533,682
109000140,407,206,201
109000141,1129,560,569
109000142,231,604,-373
109000143,183,163,20
109000145,180,368,-188
109000146,35,153,-118
109000148,2783,3107,-324
109000149,58,107,-49
109000150,69,439,-370
109000155,1641,1123,518
109000156,1501,353,1148
109000158,74,285,-211
109000159,129,703,-574
109000160,2817,343,2474
109000161,1102,1530,-428
109000162,3681,696,2985
109000163,2334,1637,697
109000164,2661,2273,388
109000165,3056,758,2298
109000166,2542,173,2369
109000167,294,589,-295
109000170,44,70,-26
109000171,182,43,139
109000172,8,50,-42
109000173,29,238,-209
109000174,287,40,247
109000175,69,108,-39
109000176,944,269,675
109000177,79,145,-66
109000178,1809,345,1464
109000179,3479,10165,-6686
109000180,4529,4503,26
109000181,39,14,25
109000182,176,5,171
109000183,94,33,61
109000184,88,8,80
109000185,49,21,28
109000188,468,1240,-772
109000189,5147,1350,3797
109000190,1357,494,863
109000191,519,554,-35
109000192,1050,246,804
109000193,526,137,389
109000194,619,77,542
109000195,417,127,290
109000196,498,49,449
109000197,310,226,84
109000198,594,54,540
109000199,283,388,-105
109000206,250,53,197
109000207,271,45,226
109000208,221,212,9
109000209,178,133,45
109000210,242,535,-293
109000211,1795,558,1237
109000214,575,181,394
109000215,153,70,83
109000216,663,491,172
109000217,161,171,-10
109000218,442,559,-117
109000221,159,868,-709
109000222,898,272,626
109000223,1004,690,314
109000224,91,63,28
109000225,355,62,293
109000226,119,185,-66
109000227,3534,624,2910
109000228,0,736,-736
109000231,1,194,-193
109000232,1513,105,1408
109000236,497,500,-3
109000241,2623,1354,1269
109000242,1948,735,1213
109000293,170,128,42
109000361,31,192,-161
109000364,142,726,-584
109000396,7,286,-279
109000397,1300,26,1274
109000399,209,395,-186
109000400,174,134,40
109000403,23,1711,-1688
109000406,1171,10,1161
109000407,311,150,161
109000408,1,549,-548
109000410,1123,319,804
109000411,578,39,539
109900001,247,0,247
109900002,1623,13,1610
109900003,1027,6,1021
109900004,351,134,217
109900005,53,0,53
109900006,939,91,848
109900007,2463,100,2363
109900008,0,22,-22
109900009,177,327,-150
109900010,1229,58,1171
109900011,31,75,-44
109900012,693,602,91
109900013,670,250,420
109900014,538,126,412
109900015,221,104,117
109900016,245,12,233
109900017,389,276,113
109900018,373,41,332
109900019,426,82,344
109900020,104,55,49
109900021,107,12,95
109900022,234,243,-9
109900023,19,18,1
109900024,47,4,43
109900025,7,27,-20
109900026,4,118,-114
109900027,82,60,22
109900028,583,3827,-3244
109900029,6,143,-137
109900030,48,41,7
109900031,2,578,-576
109900032,11,190,-179
109900033,0,629,-629
109900034,75,8,67
109900035,120,86,34
109900036,19,135,-116
109900037,19,379,-360
109900038,144,263,-119
109900039,39,31,8
109900040,48,283,-235
109900041,52,249,-197
109900042,27,997,-970
109900044,108,335,-227
109900045,194,6,188
109900046,118,58,60
109900047,154,228,-74
109900048,1,34,-33
109900049,23,21,2
109900050,2,57,-55
109900051,1,5,-4
109900052,69,158,-89
109900053,0,65,-65
109900054,1838,177,1661
109900055,104,193,-89
109900056,39,509,-470
109900057,5,54,-49
109900058,0,50,-50
109900059,2521,71,2450
109900060,1566,111,1455
109900061,56,136,-80
109900062,1,120,-119
109900063,20,575,-555
109900064,1167,194,973
109900065,127,102,25
109900066,218,568,-350
109900067,0,134,-134
109900068,187,6,181
109900069,54,29,25
109900070,49,121,-72
109900071,17,23,-6
109900072,20,93,-73
109900073,1145,183,962
109900074,23,31,-8
109900075,53,79,-26
109900076,34,69,-35
109900077,18,22,-4
109900078,94,187,-93
109900080,211,99,112
109900081,8,400,-392
109900082,129,168,-39
109900083,14,54,-40
109900084,45,164,-119
109900085,82,269,-187
109900086,169,1457,-1288
109900087,59,472,-413
109900089,1475,157,1318
109900090,239,717,-478
109900091,898,124,774
109900092,433,54,379
109900093,2342,220,2122
109900094,140,130,10
109900095,76,202,-126
109900096,297,7,290
109900097,262,0,262
109900098,883,49,834
109900099,738,3,735
109900100,79,1,78
109900101,1661,15,1646
109900102,942,39,903
109900103,40,96,-56
109900104,2035,130,1905
109900105,1079,54,1025
109900106,764,47,717
109900107,1435,59,1376
109900108,182,292,-110
109900109,74,303,-229
109900110,117,155,-38
109900111,111,390,-279
109900112,207,293,-86
109900113,1152,715,437
109900114,977,2600,-1623
109900115,213,183,30
109900117,2402,88,2314
109900118,257,235,22
109900119,147,627,-480
109900120,115,23,92
109900121,291,453,-162
109900122,1119,4,1115
109900123,30,54,-24
109900124,51,181,-130
109900125,1,161,-160
109900126,825,25,800
109900128,739,47,692
109900130,3380,5725,-2345
109900131,40,101,-61
109900132,11,96,-85
109900133,172,233,-61
109900134,68,196,-128
109900135,288,33,255
109900136,81,64,17
109900137,425,299,126
109900140,356,110,246
109900142,3662,225,3437
109900145,9,1093,-1084
109900146,193,41,152
109900148,37,90,-53
109900149,58,47,11
109900150,12,40,-28
109900151,16,18,-2
109900152,0,21,-21
109900153,4,162,-158
109900154,49,0,49
109900155,133,54,79
109900157,45,92,-47
109900158,41,133,-92
109900159,222,47,175
109900160,219,42,177
109900161,540,86,454
109900162,421,120,301
109900163,422,235,187
109900164,63,254,-191
109900165,406,5,401
109900166,5,92,-87
109900167,270,341,-71
109900168,165,586,-421
109900169,296,219,77
109900170,447,2405,-1958
109900171,668,114,554
109900172,471,614,-143
109900173,1991,3867,-1876
109900174,74,124,-50
109900175,151,295,-144
109900176,345,142,203
109900177,43,124,-81
109900178,1,237,-236
109900179,2,35,-33
109900180,17,17,0
110000001,814,588,226
110000002,743,997,-254
110000003,744,1035,-291
110000004,453,815,-362
110000005,455,2713,-2258
110000006,349,375,-26
110000007,273,145,128
110000008,50,411,-361
110000009,86,68,18
110000010,48,181,-133
110000011,71,46,25
110000012,788,227,561
110000013,103,1437,-1334
110000014,848,499,349
110000015,334,1001,-667
110000016,547,2650,-2103
110000017,3718,473,3245
110000018,3355,316,3039
110000019,22,132,-110
110000020,1755,438,1317
110000021,181,695,-514
110000022,2218,158,2060
110000023,16,241,-225
110000024,527,495,32
110000025,2213,18,2195
110000026,7,318,-311
110000027,596,3263,-2667
110000028,1642,648,994
110000029,499,572,-73
110000030,592,554,38
110000031,290,318,-28
110000032,1888,171,1717
110000033,330,455,-125
110000034,1160,569,591
110000035,827,626,201
110000036,2565,664,1901
110000037,355,658,-303
110000038,587,1035,-448
110000039,1701,9430,-7729
110000040,415,358,57
110000041,378,3507,-3129
110000042,105,908,-803
110000043,1144,549,595
110000044,33,1761,-1728
110000045,187,227,-40
110000046,1,208,-207
110000047,7,178,-171
110000048,11,144,-133
110000049,8,44,-36
110000050,6,280,-274
110000051,18,11,7
110000052,65,33,32
110000053,25,17,8
110000054,122,1228,-1106
110000055,163,191,-28
110000056,88,263,-175
110000057,425,625,-200
110000058,1627,586,1041
110000059,1089,684,405
110000060,1886,1253,633
110000061,619,737,-118
110000062,727,1261,-534
110000063,88,392,-304
110000064,90,44,46
110000065,350,285,65
110000066,166,36,130
110000067,41,178,-137
110000068,439,112,327
110000069,1034,53,981
110000071,870,41,829
110000073,35,22,13
110000075,40,60,-20
110000076,727,881,-154
110000077,368,2523,-2155
110000078,224,30,194
110000080,262,452,-190
110000081,95,350,-255
110000082,31,506,-475
110000083,427,309,118
110000084,2078,1671,407
110000085,932,1259,-327
110000086,1075,3835,-2760
110000087,43,80,-37
110000088,218,362,-144
110000089,678,89,589
110000090,89,298,-209
110000091,1052,144,908
110000092,36,51,-15
110000093,90,48,42
110000094,654,276,378
110000095,305,806,-501
110000096,1412,2995,-1583
110000097,1045,2192,-1147
110000098,3041,883,2158
110000099,1294,1937,-643
110000100,2699,255,2444
110000101,191,177,14
110000102,143,37,106
110000104,454,237,217
110000105,68,217,-149
110000106,820,642,178
110000107,146,328,-182
110000108,193,247,-54
110000109,214,414,-200
110000110,2704,4496,-1792
110000111,4370,3734,636
110000112,195,1660,-1465
110000113,92,4320,-4228
110000114,762,1161,-399
110000115,916,291,625
110000116,119,92,27
110000117,714,310,404
110000118,1227,142,1085
110000119,841,228,613
110000120,682,143,539
110000121,133,516,-383
110000122,342,346,-4
110000123,1019,463,556
110000124,1,536,-535
110000125,1199,4,1195
110000126,369,10,359
110000127,1755,135,1620
110000128,24,613,-589
110000129,1,251,-250
110000130,564,440,124
110000131,57,247,-190
110000132,1,472,-471
110000133,45,465,-420
110000134,21,378,-357
110000135,276,38,238
110000136,131,344,-213
110000137,1147,532,615
110000138,1765,719,1046
110000139,2540,477,2063
110000140,1177,1163,14
110000143,600,444,156
110000144,2274,2356,-82
110000145,1988,1906,82
110000146,1567,1749,-182
110000147,449,1447,-998
110000148,1281,236,1045
110000151,585,2625,-2040
110000152,454,1055,-601
110000153,642,22,620
110000154,79,55,24
110000155,954,2729,-1775
110000156,1087,2131,-1044
110000157,1445,2869,-1424
110000160,508,319,189
110000161,387,229,158
110000166,1454,101,1353
110000167,3095,987,2108
110000168,1135,1125,10
110000169,1135,409,726
110000170,481,127,354
110000171,1351,112,1239
110000172,673,630,43
110000173,745,739,6
110000174,180,418,-238
110000175,1785,90,1695
110000176,49,1099,-1050
110000177,415,2641,-2226
110000178,585,4667,-4082
110000179,1113,431,682
110000180,588,361,227
110000181,2036,525,1511
110000182,397,134,263
110000183,6824,13022,-6198
110000184,426,5808,-5382
110000185,607,896,-289
110000186,714,1427,-713
110000191,2036,114,1922
110000192,930,24,906
110000193,2167,15,2152
110000194,1,525,-524
110000195,1130,103,1027
110000196,996,58,938
110000197,186,59,127
110000198,136,60,76
110000199,87,311,-224
110000200,851,727,124
110000201,1558,2053,-495
110000202,1577,600,977
110000203,424,597,-173
110000204,0,208,-208
110000205,692,28,664
110000206,603,876,-273
110000207,2742,266,2476
110000208,294,533,-239
110000209,39,612,-573
110000210,2455,741,1714
110000211,1574,746,828
110000212,848,2174,-1326
110000213,732,57,675
110000214,805,94,711
110000215,223,174,49
110000216,179,141,38
110000217,1167,156,1011
110000218,460,182,278
110000219,787,76,711
110000220,75,62,13
110000221,1256,24,1232
110000222,136,120,16
110000223,21,126,-105
110000224,2,3,-1
110000225,284,1003,-719
110000226,543,54,489
110000227,985,1330,-345
110000228,653,126,527
110000229,0,146,-146
110000230,887,851,36
110000231,480,712,-232
110000232,152,131,21
110000233,246,435,-189
110000234,562,929,-367
110000235,1386,904,482
110000236,1401,496,905
110000237,4595,1817,2778
110000238,1115,1645,-530
110000239,3042,1195,1847
110000240,0,16,-16
110000242,0,13,-13
110000243,323,50,273
110000244,222,322,-100
110000245,71,338,-267
110000246,1668,403,1265
110000247,1202,2921,-1719
110000248,1145,1103,42
110000249,175,14,161
110000250,23,125,-102
110000251,823,283,540
110000252,667,184,483
110000253,2888,425,2463
110000254,908,583,325
110000255,193,715,-522
110000256,646,298,348
110000257,502,244,258
110000258,3,571,-568
110000259,428,34,394
110000260,112,152,-40
110000263,697,31,666
110000264,1119,299,820
110000265,1783,2145,-362
110000266,1258,2476,-1218
110000267,48,90,-42
110000268,396,293,103
110000269,3,67,-64
110000270,191,1,190
110000271,2358,330,2028
110000272,1719,1421,298
110000273,1585,1067,518
110000274,364,4787,-4423
110000275,1907,1103,804
110000276,455,1321,-866
110000277,496,397,99
110000278,693,730,-37
110000279,846,784,62
110000280,1062,677,385
110000281,127,223,-96
110000282,147,37,110
110000283,15,116,-101
110000284,11,27,-16
110000285,2,494,-492
110000286,1,2,-1
110000287,208,4,204
110000288,3,105,-102
110000289,626,4575,-3949
110000290,458,865,-407
110000291,4099,1072,3027
110000292,1178,10896,-9718
110000293,843,459,384
110000294,2234,2463,-229
110000295,231,718,-487
110000296,1280,380,900
110000297,3670,200,3470
110000298,83,398,-315
110000299,192,55,137
110000301,744,19,725
110000302,820,1207,-387
110000303,747,16,731
110000304,361,230,131
110000305,2357,31,2326
110000306,478,995,-517
110000307,3805,6,3799
110000308,789,4,785
110000309,4,799,-795
110000310,1390,41,1349
110000311,11,674,-663
110000312,700,66,634
110000313,2268,1783,485
110000314,0,126,-126
110000315,2050,1864,186
110000316,693,1094,-401
110000317,170,1362,-1192
110000318,0,36,-36
110000319,14,27,-13
110000320,18,62,-44
110000321,41,65,-24
110000322,468,460,8
110000323,1025,343,682
110000324,3416,1745,1671
110000325,1587,6512,-4925
110000327,503,289,214
110000328,96,671,-575
110000333,1877,2015,-138
110000334,564,1674,-1110
110000335,828,708,120
110000336,682,1956,-1274
110000337,2751,1059,1692
110000338,779,449,330
110000339,710,402,308
110000340,44,331,-287
110000341,1200,361,839
110000342,161,1,160
110000343,0,19,-19
110000344,38,234,-196
110000345,154,354,-200
110000346,1552,2128,-576
110000347,1999,854,1145
110000348,31,14,17
110000349,1,17,-16
110000350,145,3,142
110000351,2230,619,1611
110000352,1191,3031,-1840
110000353,3169,374,2795
110000354,1478,7290,-5812
110000355,362,28,334
110000356,555,6,549
110000357,1134,14,1120
110000361,141,18,123
110000362,220,12,208
110000363,1602,151,1451
110000364,665,353,312
110000365,265,69,196
110000366,1,199,-198
110000367,793,78,715
110000368,9,98,-89
110000369,167,4,163
110000373,7,531,-524
110000374,102,39,63
110000375,140,1341,-1201
110000376,23,76,-53
110000377,152,453,-301
110000378,20,667,-647
110000379,2656,4036,-1380
110000380,130,3,127
110000383,2,663,-661
110000384,1358,199,1159
110000385,2,257,-255
110000387,198,0,198
110000388,120,162,-42
110000389,1679,7,1672
110000391,1458,308,1150
110000396,450,78,372
110000397,225,98,127
110000398,28,34,-6
110000399,457,2,455
110000587,268,124,144
110000589,410,129,281
110000640,269,31,238
110000652,18,779,-761
110000653,519,273,246
110000654,35,300,-265
110000656,1,253,-252
110000674,57,55,2
110000675,68,101,-33
110000676,1,54,-53
110000679,75,1075,-1000
110000682,172,392,-220
110000683,272,478,-206
110000684,0,48,-48
110000685,7,22,-15
110000686,3,308,-305
110000687,20,8,12
110000688,47,1859,-1812
110000689,75,16,59
110000692,25,300,-275
110000693,34,1015,-981
110000694,0,130,-130
110000695,279,1093,-814
110000696,95,87,8
110900001,687,45,642
110900002,534,970,-436
110900003,2556,234,2322
110900004,1131,35,1096
110900005,1612,8630,-7018
110900006,252,106,146
110900007,554,188,366
110900008,2,20,-18
110900009,476,958,-482
110900010,10,28,-18
110900011,41,130,-89
110900012,28,39,-11
110900013,2138,165,1973
110900014,541,42,499
110900015,358,855,-497
110900016,150,46,104
110900017,1089,56,1033
110900018,499,29,470
110900019,800,49,751
110900020,428,224,204
110900021,174,333,-159
110900022,100,97,3
110900023,82,477,-395
110900024,181,201,-20
110900025,38,85,-47
110900027,89,121,-32
110900028,106,78,28
110900029,39,144,-105
110900030,55,108,-53
110900031,1,176,-175
110900032,0,38,-38
110900033,50,292,-242
110900035,38,974,-936
110900036,199,7,192
110900037,442,25,417
110900038,668,186,482
110900039,9,402,-393
110900040,476,3,473
110900041,28,21,7
110900042,241,110,131
110900043,0,56,-56
110900044,343,45,298
110900045,136,191,-55
110900046,14,116,-102
110900047,243,1072,-829
110900049,171,191,-20
110900050,55,4,51
110900051,43,118,-75
110900052,2,142,-140
110900053,373,52,321
110900054,22,170,-148
110900055,49,0,49
110900056,56,158,-102
110900057,11,97,-86
110900058,797,144,653
110900059,570,205,365
110900060,482,179,303
110900061,5,47,-42
110900062,367,73,294
110900063,78,75,3
110900064,28,0,28
110900065,57,125,-68
110900066,21,55,-34
110900067,193,1176,-983
110900068,454,188,266
110900069,6,9,-3
110900070,377,96,281
110900071,192,1657,-1465
110900073,0,11,-11
110900074,957,116,841
110900075,777,85,692
110900077,2423,589,1834
110900078,286,7,279
110900079,988,1820,-832
110900080,333,128,205
110900081,16,12,4
110900082,452,85,367
110900083,213,49,164
110900084,278,21,257
110900085,172,157,15
110900086,150,499,-349
110900087,723,189,534
110900088,6,1,5
110900090,92,206,-114
110900091,1,40,-39
110900093,337,160,177
110900095,139,43,96
110900097,92,8,84
110900098,63,98,-35
110900099,49,238,-189
110900100,0,9,-9
110900102,87,33,54
110900105,2310,139,2171
110900108,67,9,58
110900111,549,87,462
110900112,1011,20,991
110900113,435,195,240
110900115,29,74,-45
110900116,2246,761,1485
110900118,129,6324,-6195
110900119,1643,157,1486
110900120,255,70,185
110900121,211,0,211
110900122,905,376,529
110900125,612,1624,-1012
110900127,249,2084,-1835
110900128,89,387,-298
110900129,254,1411,-1157
110900130,384,586,-202
110900131,638,212,426
110900132,982,134,848
110900133,109,210,-101
110900135,68,244,-176
110900136,619,54,565
110900137,4,0,4
110900138,631,1342,-711
110900139,1,583,-582
110900140,19,3,16
110900141,9,416,-407
110900142,80,169,-89
110900143,471,45,426
110900144,1,167,-166
110900145,319,256,63
110900146,176,640,-464
110900147,97,475,-378
110900148,2,252,-250
110900149,9,87,-78
110900150,34,28,6
110900151,4,79,-75
110900152,56,56,0
110900153,399,67,332
111000001,1983,1254,729
111000002,896,682,214
111000003,4083,2227,1856
111000004,1845,1850,-5
111000005,1623,3202,-1579
111000006,1412,3672,-2260
111000007,6640,9645,-3005
111000008,5166,6459,-1293
111000009,586,1561,-975
111000010,1992,362,1630
111000011,267,905,-638
111000012,766,406,360
111000013,695,1215,-520
111000014,3557,542,3015
111000017,21,955,-934
111000018,135,446,-311
111000020,719,1272,-553
111000021,33,91,-58
111000023,192,132,60
111000025,3253,5318,-2065
111000029,210,181,29
111000030,49,70,-21
111000031,2138,859,1279
111000032,804,384,420
111000033,276,132,144
111000034,76,230,-154
111000037,1751,576,1175
111000038,1910,2904,-994
111000039,2471,2687,-216
111000040,2020,1700,320
111000041,648,694,-46
111000042,2929,2895,34
111000043,3448,9971,-6523
111000044,2917,1111,1806
111000045,5635,3055,2580
111000046,4044,2409,1635
111000047,4341,10289,-5948
111000049,532,502,30
111000050,1339,854,485
111000051,888,910,-22
111000052,688,1509,-821
111000053,312,763,-451
111000054,388,814,-426
111000055,1148,1495,-347
111000056,325,583,-258
111000057,208,257,-49
111000058,1269,81,1188
111000059,1326,370,956
111000060,9039,1357,7682
111000061,1576,546,1030
111000062,1997,927,1070
111000063,1961,1720,241
111000064,1669,753,916
111000065,2322,1365,957
111000066,1584,632,952
111000067,2343,442,1901
111000068,1456,486,970
111000069,1725,2112,-387
111000070,928,551,377
111000071,198,353,-155
111000072,2538,1044,1494
111000073,297,2124,-1827
111000074,2635,1788,847
111000075,907,715,192
111000076,1426,764,662
111000077,1257,1159,98
111000078,2027,712,1315
111000079,1028,916,112
111000080,1234,640,594
111000081,2082,9467,-7385
111000082,1678,668,1010
111000084,1725,700,1025
111000085,1429,1026,403
111000086,2518,1116,1402
111000087,1120,581,539
111000088,6299,7445,-1146
111000089,1328,711,617
111000090,779,1105,-326
111000091,1030,368,662
111000092,3297,960,2337
111000093,1643,1596,47
111000094,3275,1781,1494
111000095,1543,4559,-3016
111000096,1038,12340,-11302
111000097,3607,1146,2461
111000098,390,1007,-617
111000099,556,1489,-933
111000100,737,1162,-425
111000101,509,934,-425
111000102,419,535,-116
111000104,1793,361,1432
111000107,98,772,-674
111000109,1306,399,907
111000110,2736,991,1745
111000111,7211,437,6774
111000112,4606,397,4209
111000113,866,3927,-3061
111000114,1708,9635,-7927
111000115,4159,1439,2720
111000116,1125,1195,-70
111000117,280,1151,-871
111000118,902,934,-32
111000119,2782,1039,1743
111000120,1144,907,237
111000121,384,1359,-975
111000122,607,791,-184
111000123,1777,1656,121
111000124,507,2591,-2084
111000125,476,953,-477
111000126,119,518,-399
111000127,2066,155,1911
111000128,5565,547,5018
111000129,6199,788,5411
111000130,5829,609,5220
111000131,5910,613,5297
111000132,3441,2998,443
111000133,272,86,186
111000134,454,58,396
111000135,82,266,-184
111000136,728,346,382
111000138,56,11,45
111000140,11,7,4
111000141,365,480,-115
111000142,4,81,-77
111000143,1,245,-244
111000144,14,731,-717
111000145,101,2,99
111000146,161,3,158
111000147,112,45,67
111000148,360,120,240
111000149,12,16,-4
111000150,128,11,117
111000151,54,31,23
111000153,556,469,87
111000154,431,281,150
111000155,159,163,-4
111000156,1237,406,831
111000157,373,560,-187
111000158,1152,856,296
111000159,3504,1418,2086
111000160,627,333,294
111000161,9,527,-518
111000162,13,50,-37
111000163,1621,930,691
111000164,525,4058,-3533
111000165,758,213,545
111000166,410,128,282
111000167,173,304,-131
111000168,286,422,-136
111000169,483,379,104
111000170,353,304,49
111000171,582,517,65
111000172,230,362,-132
111000173,458,982,-524
111000174,645,185,460
111000175,65,306,-241
111000176,1055,44,1011
111000177,1787,216,1571
111000178,3410,199,3211
111000179,542,146,396
111000180,376,397,-21
111000181,3797,228,3569
111000182,470,204,266
111000183,331,461,-130
111000184,496,214,282
111000185,668,474,194
111000186,409,412,-3
111000187,503,131,372
111000188,1018,367,651
111000189,358,400,-42
111000190,389,184,205
111000191,268,169,99
111000192,186,277,-91
111000193,463,128,335
111000194,85,208,-123
111000195,99,599,-500
111000196,128,78,50
111000197,1573,154,1419
111000198,1231,120,1111
111000199,704,508,196
111000200,1189,780,409
111000201,1960,95,1865
111000202,1160,146,1014
111000203,924,348,576
111000204,462,3531,-3069
111000213,457,661,-204
111000214,1968,1229,739
111000215,1750,1064,686
111000217,3152,805,2347
111000218,3595,1126,2469
111000219,408,225,183
111000220,1073,919,154
111000221,322,243,79
111000224,21,156,-135
111000225,1170,566,604
111000226,211,4,207
111000227,17,3,14
111000228,12,1195,-1183
111000229,24,2457,-2433
111000230,280,166,114
111000231,1588,369,1219
111000232,1747,730,1017
111000233,2988,755,2233
111000234,387,1439,-1052
111000239,121,58,63
111000240,128,741,-613
111000241,178,145,33
111000242,770,76,694
111000243,393,299,94
111000244,1809,154,1655
111000245,1340,309,1031
111000246,1021,188,833
111000247,1263,364,899
111000248,1272,287,985
111000249,890,263,627
111000250,153,36,117
111000251,123,95,28
111000253,58,34,24
111000255,85,9,76
111000257,102,16,86
111000260,83,812,-729
111000261,2867,134,2733
111000271,40,327,-287
111000273,5269,1623,3646
111000274,2546,4739,-2193
111000275,404,53,351
111000276,287,1050,-763
111000277,432,328,104
111000278,556,222,334
111000291,3422,23297,-19875
111000298,820,337,483
111000299,1537,247,1290
111000300,59,658,-599
111000302,580,77,503
111000303,282,206,76
111000312,98,97,1
111000315,1,62,-61
111000320,355,346,9
111000321,648,224,424
111000322,1136,196,940
111000323,585,108,477
111000324,510,172,338
111000325,53,67,-14
111000326,404,263,141
111000327,548,290,258
111000328,655,1108,-453
111000329,19,63,-44
111000330,224,3,221
111000331,32,9,23
111000332,642,996,-354
111000334,226,833,-607
111000335,2287,255,2032
111000337,3319,295,3024
111000338,238,70,168
111000339,1448,244,1204
111000340,128,609,-481
111000341,3306,2001,1305
111000342,95,981,-886
111000344,2279,641,1638
111000345,301,82,219
111000346,8,124,-116
111000347,384,3,381
111000350,354,162,192
111000351,191,378,-187
111000352,401,167,234
111000353,226,160,66
111000354,892,262,630
111000355,590,456,134
111000358,219,663,-444
111000360,322,199,123
111000361,253,113,140
111000546,1783,454,1329
111000547,679,423,256
111000548,342,249,93
111000549,308,220,88
111000550,38,1743,-1705
111000551,342,168,174
111000552,686,277,409
111000907,3250,8,3242
111000908,388,1,387
111000916,4490,243,4247
111000917,82,248,-166
111000918,371,353,18
111000920,1538,15,1523
111000921,35,89,-54
111000922,1633,174,1459
111000924,29,415,-386
111000925,8121,3179,4942
111000926,1527,1314,213
111000927,2940,8003,-5063
111000928,3924,1765,2159
111000929,3053,1563,1490
111000930,1536,1628,-92
111000931,2738,2251,487
111000932,2565,1336,1229
111000933,4800,5476,-676
111000934,1583,1812,-229
111000935,5117,1795,3322
111000936,1795,1452,343
111000937,2257,2112,145
111000938,1347,1179,168
111000939,1460,35,1425
111000940,1633,48,1585
111000941,458,568,-110
111000943,920,178,742
111000944,240,163,77
111000945,403,814,-411
111001109,840,1758,-918
111001110,225,396,-171
111001111,332,16,316
111001112,71,0,71
111001113,3,1218,-1215
111001114,856,393,463
111001115,60,2958,-2898
111001116,2677,10073,-7396
111001117,528,4569,-4041
111001120,168,167,1
111001121,255,113,142
111001122,397,170,227
111001123,805,163,642
111001124,189,72,117
111001125,5,596,-591
111900001,80,28,52
111900002,264,229,35
111900003,6,139,-133
111900004,24,56,-32
111900006,43,184,-141
111900007,772,15,757
111900008,931,3,928
111900009,699,26,673
111900010,41,415,-374
111900012,29,113,-84
111900013,94,6,88
111900014,2255,12648,-10393
111900015,0,14,-14
111900016,0,40,-40
111900017,0,11,-11
111900018,211,7,204
111900019,1,224,-223
111900020,0,59,-59
111900021,11,71,-60
111900022,15,53,-38
111900023,110,34,76
111900024,69,67,2
111900025,1,155,-154
111900026,0,22,-22
111900027,5,40,-35
111900028,1,44,-43
111900029,15,51,-36
111900030,37,485,-448
111900031,48,96,-48
111900032,0,55,-55
111900033,21,35,-14
111900034,68,360,-292
111900035,101,471,-370
111900036,0,67,-67
111900038,68,315,-247
111900039,45,225,-180
111900040,1,95,-94
111900042,32,55,-23
111900043,1,87,-86
111900044,115,208,-93
111900046,24,146,-122
111900048,884,211,673
111900049,12,198,-186
111900050,395,27,368
111900051,3,45,-42
111900052,118,167,-49
111900053,534,4606,-4072
111900054,462,6,456
111900055,3,102,-99
111900056,105,550,-445
111900057,392,15,377
111900058,1333,234,1099
111900059,1937,1800,137
111900060,579,8,571
111900061,1,71,-70
111900062,105,120,-15
111900063,467,94,373
111900064,26,75,-49
111900065,397,49,348
111900066,275,327,-52
111900067,1,138,-137
111900068,57,234,-177
111900069,153,22,131
111900070,585,107,478
111900071,0,110,-110
111900072,60,162,-102
111900073,3112,443,2669
111900074,2,180,-178
111900075,94,25,69
111900076,702,145,557
111900077,83,7,76
111900078,1091,127,964
111900079,81,81,0
111900080,184,192,-8
111900082,444,111,333
111900083,637,92,545
111900084,255,5,250
111900085,99,152,-53
111900086,161,31,130
111900087,125,2,123
111900088,1781,88,1693
111900089,270,11,259
111900090,129,169,-40
111900091,1615,18,1597
111900092,247,0,247
111900093,1421,34,1387
111900094,419,7,412
111900095,787,67,720
111900096,652,6,646
111900097,237,0,237
111900098,1049,27,1022
111900099,164,1,163
111900100,224,20,204
111900101,345,11,334
111900102,1660,815,845
111900103,189,249,-60
111900104,209,109,100
111900105,251,476,-225
111900106,463,19,444
111900110,2255,446,1809
111900111,498,44,454
111900112,423,9690,-9267
111900113,312,126,186
111900118,1153,102,1051
111900119,500,161,339
111900122,58,79,-21
111900123,3,47,-44
111900124,26,12,14
111900125,1127,164,963
111900126,1200,6,1194
111900127,2,193,-191
111900128,27,231,-204
111900129,550,6,544
111900130,485,148,337
111900131,1203,7,1196
111900132,21,471,-450
111900133,11,159,-148
111900134,8,213,-205
111900135,4,63,-59
111900136,61,148,-87
111900137,11,28,-17
111900138,37,42,-5
111900139,40,46,-6
111900140,200,32,168
111900141,189,32,157
111900142,139,31,108
111900143,370,72,298
111900144,0,22,-22
111900145,0,128,-128
111900146,0,84,-84
111900147,30,334,-304
111900148,18,391,-373
111900149,7,171,-164
111900150,18,94,-76
111900151,25,96,-71
111900152,99,74,25
111900153,519,878,-359
111900154,32,1324,-1292
111900155,95,391,-296
111900156,94,102,-8
111900157,269,41,228
111900158,1460,159,1301
111900159,1107,131,976
111900160,755,5,750
111900161,760,4,756
111900162,296,763,-467
111900163,17,189,-172
111900164,289,51,238
111901113,1439,33,1406
111901114,758,458,300
111901115,882,0,882
111901116,178,4,174
111901117,61,224,-163
111901118,20,1410,-1390
111901119,307,74,233
111901121,20,84,-64
111901122,15,71,-56
111901123,1044,57,987
111901124,842,28,814
111901125,2091,245,1846
111901127,771,3247,-2476
111901128,12,116,-104
111901129,4,253,-249
111901130,2,80,-78
111901131,1,312,-311
111901132,185,52,133
111901133,323,10,313
111901134,379,5,374
111901135,62,18,44
111901136,142,52,90
111901137,1,41,-40
111901138,33,38,-5
111901139,1,21,-20
111901140,7,58,-51
111901141,5,79,-74
111901142,6,46,-40
111901143,1,186,-185
111901144,77,90,-13
111901145,95,933,-838
111901146,25,5,20
112000001,4096,1266,2830
112000002,1355,2712,-1357
112000003,6420,1854,4566
112000004,1826,447,1379
112000005,6232,7276,-1044
112000006,953,682,271
112000007,8083,5211,2872
112000008,6460,6436,24
112000009,4365,1528,2837
112000010,8181,7874,307
112000011,2325,1446,879
112000012,5723,7709,-1986
112000013,1958,3517,-1559
112000014,1174,6160,-4986
112000015,1217,4543,-3326
112000016,3782,7423,-3641
112000017,521,7346,-6825
112000024,1022,268,754
112000026,2288,1593,695
112000027,1067,1012,55
112000028,843,1269,-426
112000029,1035,1019,16
112000030,298,38,260
112000031,2200,5808,-3608
112000032,94,8,86
112000033,2077,6323,-4246
112000034,82,48,34
112000035,40,1895,-1855
112000036,208,3045,-2837
112000037,927,1278,-351
112000038,1433,2422,-989
112000039,169,88,81
112000040,71,144,-73
112000041,456,393,63
112000042,1363,209,1154
112000050,2078,1552,526
112000051,2210,5428,-3218
112000054,1923,1997,-74
112000057,1148,237,911
112000058,322,317,5
112000059,987,728,259
112000061,3589,960,2629
112000062,603,2125,-1522
112000063,286,4845,-4559
112000064,3475,3633,-158
112000065,1168,1938,-770
112000066,4403,1907,2496
112000067,525,576,-51
112000068,4694,3532,1162
112000069,696,1760,-1064
112000070,2294,1127,1167
112000071,1562,2331,-769
112000072,4003,1181,2822
112000073,1402,4042,-2640
112000074,1258,2542,-1284
112000075,1517,2413,-896
112000076,3962,3345,617
112000077,1896,505,1391
112000078,3569,889,2680
112000079,3490,1779,1711
112000080,1170,713,457
112000081,1213,1902,-689
112000082,1887,543,1344
112000083,1291,1040,251
112000084,1526,626,900
112000085,2598,970,1628
112000086,2848,1100,1748
112000087,1364,240,1124
112000088,1636,260,1376
112000089,541,339,202
112000090,243,311,-68
112000091,857,504,353
112000092,3981,1021,2960
112000093,2405,457,1948
112000094,1163,862,301
112000095,1388,429,959
112000096,1182,754,428
112000097,4189,824,3365
112000098,413,558,-145
112000099,966,3018,-2052
112000100,3880,808,3072
112000101,989,398,591
112000102,2982,550,2432
112000103,539,374,165
112000105,642,519,123
112000106,4203,486,3717
112000107,107,145,-38
112000108,1328,1009,319
112000109,371,135,236
112000110,3564,1017,2547
112000111,629,3711,-3082
112000112,3562,846,2716
112000113,1213,1000,213
112000114,3989,1207,2782
112000115,638,366,272
112000116,781,763,18
112000117,1676,757,919
112000118,761,856,-95
112000119,518,566,-48
112000120,60,237,-177
112000121,446,261,185
112000122,919,182,737
112000123,1562,181,1381
112000124,1023,238,785
112000125,648,606,42
112000126,1287,216,1071
112000127,4008,3929,79
112000128,1024,779,245
112000129,302,71,231
112000130,695,188,507
112000131,85,200,-115
112000132,369,254,115
112000133,672,90,582
112000134,1017,436,581
112000135,2202,1190,1012
112000136,1198,1499,-301
112000137,2959,2264,695
112000138,1828,948,880
112000139,842,1044,-202
112000140,267,816,-549
112000141,1784,596,1188
112000142,294,349,-55
112000143,2475,261,2214
112000144,539,647,-108
112000145,4769,526,4243
112000146,824,1082,-258
112000147,3465,1765,1700
112000148,1047,1290,-243
112000149,809,766,43
112000150,1013,325,688
112000151,679,179,500
112000152,1541,338,1203
112000153,104,193,-89
112000154,277,821,-544
112000155,365,221,144
112000157,495,1832,-1337
112000158,388,307,81
112000159,2318,434,1884
112000167,633,398,235
112000169,438,2594,-2156
112000173,2334,267,2067
112000175,885,369,516
112000176,982,1482,-500
112000177,1505,606,899
112000178,142,245,-103
112000179,804,86,718
112000180,781,263,518
112000181,1412,897,515
112000182,3610,568,3042
112000183,67,14,53
112000184,851,286,565
112000185,2481,282,2199
112000187,7012,4184,2828
112000195,296,10,286
112000196,286,1,285
112000197,142,118,24
112000198,33,362,-329
112000199,782,609,173
112000202,1263,3,1260
112000216,104,267,-163
112000230,370,5,365
112000231,6,117,-111
112000256,115,971,-856
112000313,56,50,6
112000314,72,92,-20
112000337,246,1223,-977
112000352,172,504,-332
112000392,3570,787,2783
112000398,3929,818,3111
112000399,1847,13806,-11959
112000400,1730,1102,628
112000401,1321,949,372
112000402,5946,6633,-687
112000403,2647,13381,-10734
112000404,2766,1786,980
112000405,6082,4592,1490
112000406,2981,1071,1910
112000407,15723,9828,5895
112000408,5700,2125,3575
112000409,1745,1592,153
112000410,293,372,-79
112000411,2240,2186,54
112000412,550,334,216
112000413,4408,9289,-4881
112000414,323,54,269
112000415,140,35,105
112000416,7042,1449,5593
112000417,421,109,312
112000421,178,77,101
112000422,397,329,68
112000424,1463,5808,-4345
112000425,559,537,22
112000426,604,578,26
112000427,0,12,-12
112000428,856,148,708
112000429,3045,3229,-184
112000430,4173,7277,-3104
112000431,194,412,-218
112000432,726,781,-55
112000433,359,618,-259
112000437,81,80,1
112900001,123,3,120
112900002,1498,192,1306
112900003,102,61,41
112900004,135,276,-141
112900005,783,93,690
112900006,42,85,-43
112900007,61,37,24
112900008,2,36,-34
112900009,697,340,357
112900010,1061,217,844
112900011,47,448,-401
112900012,1,15,-14
112900013,5,467,-462
112900014,5,103,-98
112900015,91,321,-230
112900016,1,54,-53
112900017,88,173,-85
112900018,8,66,-58
112900019,33,209,-176
112900020,345,775,-430
112900021,0,119,-119
112900022,38,51,-13
112900023,0,26,-26
112900024,3,81,-78
112900025,200,159,41
112900026,1,37,-36
112900027,3,386,-383
112900028,3,77,-74
112900029,9,50,-41
112900030,27,45,-18
112900031,2,516,-514
112900032,302,204,98
112900034,0,19,-19
112900035,2,107,-105
112900036,7,112,-105
112900037,732,394,338
112900038,1404,131,1273
112900039,3,199,-196
112900040,5,946,-941
112900041,789,1285,-496
112900042,82,214,-132
112900043,71,73,-2
112900044,265,310,-45
112900045,329,122,207
112900046,118,83,35
112900047,16,28,-12
112900049,749,38,711
112900050,26,494,-468
112900051,104,239,-135
112900052,6,405,-399
112900053,193,278,-85
112900054,222,144,78
112900055,126,89,37
112900056,506,295,211
112900057,92,247,-155
112900058,293,889,-596
112900059,201,1619,-1418
112900060,87,33,54
112900061,168,389,-221
112900062,105,69,36
112900063,29,35,-6
112900064,178,101,77
112900065,13,45,-32
112900066,244,568,-324
112900067,403,75,328
112900068,39,172,-133
112900069,3035,2280,755
112900071,45,22,23
112900072,92,10087,-9995
112900073,439,387,52
112900074,219,621,-402
112900075,1339,2988,-1649
112900076,51,54,-3
112900078,271,866,-595
112900079,452,30,422
112900080,364,5,359
112900081,44,796,-752
112900082,700,47,653
112900083,425,270,155
112900084,575,516,59
112900086,340,1,339
112900087,3127,300,2827
112900088,534,36,498
112900089,1068,35,1033
112900090,112,102,10
112900091,716,23,693
112900092,75,1803,-1728
112900093,1560,73,1487
112900095,124,0,124
112900096,1283,284,999
112900097,110,201,-91
112900098,233,5,228
112900099,1774,40,1734
112900100,203,3,200
112900101,830,10,820
112900102,95,126,-31
112900103,485,14,471
112900104,302,3,299
112900105,37,0,37
112900106,1212,194,1018
112900107,3,4,-1
112900108,3,0,3
112900109,304,3,301
112900110,2833,39,2794
112900111,1553,13,1540
112900112,506,1,505
112900113,0,6,-6
112900114,804,25,779
112900115,3367,11,3356
112900116,230,21,209
112900117,71,16,55
112900118,16,59,-43
112900119,601,25,576
112900120,655,345,310
112900121,50,53,-3
112900122,9,74,-65
112900123,778,71,707
112900124,5,42,-37
112900125,38,380,-342
112900126,75,68,7
112900127,885,154,731
112900128,117,311,-194
112900129,3,599,-596
112900130,520,163,357
112900131,7,316,-309
112900132,244,371,-127
112900133,4,923,-919
112900134,0,414,-414
112900135,146,190,-44
112900137,1,373,-372
112900138,14,61,-47
112900139,31,521,-490
112900141,1295,177,1118
112900142,101,806,-705
112900143,4,314,-310
112900144,1,295,-294
112900145,4,345,-341
112900146,0,452,-452
112900147,0,501,-501
112900148,54,1,53
112900149,219,248,-29
112900151,3,25,-22
112900152,2876,320,2556
112900153,233,8881,-8648
112900154,0,31,-31
112900155,297,25,272
112900156,1817,453,1364
112900157,1122,33,1089
112900158,202,0,202
112900159,128,628,-500
112900160,51,274,-223
112900161,259,66,193
112900162,18,25,-7
112900163,32,80,-48
112900164,76,178,-102
112900165,56,96,-40
112900166,39,122,-83
112900167,3,516,-513
112900168,13,8,5
112900169,7,37,-30
112900170,227,136,91
112900172,44,23,21
112900173,99,65,34
112900174,647,52,595
112900175,203,518,-315
112900176,6,54,-48
112900177,332,130,202
112900178,536,5314,-4778
112900179,15,282,-267
112900180,3483,1331,2152
112900181,1991,12,1979
112900182,108,331,-223
112900183,124,220,-96
112900184,461,400,61
112900185,138,965,-827
112900186,1044,1305,-261
112900187,60,469,-409
112900188,792,4304,-3512
112900189,18,21,-3
112900190,24,190,-166
112900192,808,704,104
112900193,1120,413,707
112900194,151,18,133
112900195,904,61,843
112900196,756,381,375
112900197,80,362,-282
112900199,1494,147,1347
112900200,1014,88,926
112900201,196,257,-61
112900202,1087,373,714
112900203,584,50,534
112900204,557,367,190
112900205,15,1,14
112900206,39,13,26
112900207,58,0,58
112900208,55,1303,-1248
112900209,102,205,-103
112900210,0,4,-4
112900211,94,3,91
112900212,3,14,-11
112900213,60,1,59
112900214,21,22,-1
112900215,16,34,-18
112900216,43,32,11
112900217,3,31,-28
112900218,215,5,210
112900219,173,3,170
112900220,2,0,2
112900221,60,86,-26
112900222,1,185,-184
112900223,1426,85,1341
112900224,1364,209,1155
112900225,1359,213,1146
112900226,423,373,50
112900227,1850,160,1690
112900228,224,61,163
112900229,729,20,709
112900230,11263,3245,8018
112900232,632,378,254
112900233,191,139,52
112900234,62,5,57
112900235,20,6,14
112900236,1401,28,1373
112900237,825,142,683
112900238,20,1,19
112900239,483,1123,-640
113000001,8017,6276,1741
113000002,9904,5086,4818
113000003,4392,2456,1936
113000004,4859,2459,2400
113000005,4152,2462,1690
113000006,2619,2084,535
113000007,5288,2341,2947
113000008,4023,2547,1476
113000009,2793,1001,1792
113000010,3264,1554,1710
113000011,2844,1453,1391
113000012,2333,1164,1169
113000013,1080,615,465
113000014,1842,2216,-374
113000015,298,220,78
113000016,480,758,-278
113000017,154,766,-612
113000018,677,44,633
113000019,342,372,-30
113000020,354,155,199
113000021,2597,1267,1330
113000022,1534,6471,-4937
113000025,390,453,-63
113000026,983,1471,-488
113000027,988,2580,-1592
113000028,713,4616,-3903
113000029,1184,983,201
113000030,177,677,-500
113000031,277,299,-22
113000032,256,391,-135
113000033,371,472,-101
113000034,286,188,98
113000035,25,43,-18
113000036,19,149,-130
113000037,28,43,-15
113000038,29,31,-2
113000039,50,381,-331
113000040,90,136,-46
113000042,1324,1048,276
113000051,4241,4628,-387
113000052,4019,530,3489
113000053,1406,578,828
113000054,1755,1605,150
113000055,3814,599,3215
113000056,3664,1232,2432
113000058,600,1545,-945
113000059,1027,371,656
113000060,790,1048,-258
113000061,1143,1326,-183
113000062,621,580,41
113000063,886,66,820
113000064,302,211,91
113000065,278,538,-260
113000066,1823,276,1547
113000067,5255,854,4401
113000068,896,393,503
113000069,1025,400,625
113000070,4008,815,3193
113000071,1319,499,820
113000072,1791,492,1299
113000073,814,1969,-1155
113000074,1408,559,849
113000075,2807,1035,1772
113000076,672,5126,-4454
113000077,866,1105,-239
113000078,541,2223,-1682
113000079,507,1360,-853
113000080,909,1351,-442
113000081,1388,1723,-335
113000082,1385,1052,333
113000083,862,1430,-568
113000084,2666,1381,1285
113000085,1362,933,429
113000086,1272,2200,-928
113000087,1495,2143,-648
113000088,3528,2303,1225
113000089,1099,2470,-1371
113000090,168,1242,-1074
113000091,303,711,-408
113000094,2284,667,1617
113000095,393,1210,-817
113000096,181,1829,-1648
113000097,2245,958,1287
113000098,82,76,6
113000099,1660,654,1006
113000100,220,757,-537
113000101,224,1271,-1047
113000102,1152,819,333
113000103,7396,541,6855
113000104,1436,4993,-3557
113000105,1974,970,1004
113000106,1059,392,667
113000107,2437,1694,743
113000108,1879,1201,678
113000109,588,1680,-1092
113000110,12274,1508,10766
113000111,409,537,-128
113000112,1873,571,1302
113000113,4386,490,3896
113000114,275,1175,-900
113000116,679,382,297
113000117,1092,136,956
113000118,48,1332,-1284
113000119,515,489,26
113000120,109,645,-536
113000121,532,1245,-713
113000124,638,288,350
113000125,32,2096,-2064
113000127,2296,302,1994
113000128,3470,383,3087
113000129,625,1317,-692
113000133,4789,779,4010
113000134,4,2290,-2286
113000135,7556,7026,530
113000137,1231,3214,-1983
113000139,262,158,104
113000140,86,170,-84
113000141,93,97,-4
113000142,225,434,-209
113000143,425,205,220
113000144,336,403,-67
113000145,95,105,-10
113000146,130,53,77
113000147,360,38,322
113000148,399,109,290
113000149,260,220,40
113000150,487,495,-8
113000151,73,56,17
113000152,81,344,-263
113000153,1409,272,1137
113000154,757,3233,-2476
113000155,746,1263,-517
113000156,323,332,-9
113000157,442,389,53
113000158,917,221,696
113000159,1607,321,1286
113000160,931,428,503
113000161,690,267,423
113000162,1729,176,1553
113000163,216,35,181
113000164,30,23,7
113000166,507,130,377
113000167,153,67,86
113000168,338,99,239
113000169,286,56,230
113000170,96,152,-56
113000171,42,139,-97
113000172,517,53,464
113000173,84,37,47
113000174,483,153,330
113000175,1171,82,1089
113000176,1098,89,1009
113000177,366,99,267
113000178,199,297,-98
113000179,433,96,337
113000180,1405,2764,-1359
113000181,1749,1065,684
113000182,188,800,-612
113000183,421,1039,-618
113000184,73,108,-35
113000189,415,888,-473
113000190,309,208,101
113000192,488,8612,-8124
113000193,1965,5082,-3117
113000194,1192,7397,-6205
113000195,1725,5692,-3967
113000196,648,141,507
113000197,2114,6114,-4000
113000198,219,698,-479
113000199,3712,492,3220
113000201,1195,1112,83
113000202,25448,4123,21325
113000203,124,978,-854
113000204,465,10240,-9775
113000205,58,22,36
113000206,1,92,-91
113000207,99,42,57
113000208,33,135,-102
113000209,20,28,-8
113000210,1,37,-36
113000211,102,465,-363
113000212,45,66,-21
113000213,22,109,-87
113000214,279,517,-238
113000234,530,911,-381
113000410,455,267,188
113000411,1460,2472,-1012
113000412,10863,1572,9291
113000413,1346,3396,-2050
113000414,5688,16733,-11045
113000415,3039,1692,1347
113000416,2811,2398,413
113000417,1074,1735,-661
113000418,6965,4637,2328
113000419,2655,2359,296
113000420,3886,6339,-2453
113000421,7699,8805,-1106
113000422,11101,12157,-1056
113000423,1452,6573,-5121
113000424,2388,15478,-13090
113000425,69,153,-84
113000428,92,56,36
113000430,34,148,-114
113000432,4162,297,3865
113000433,81,1175,-1094
113000434,38,132,-94
113000435,22,165,-143
113000436,8,1258,-1250
113000437,2776,82,2694
113000438,894,36,858
113000439,79,61,18
113000440,333,91,242
113000441,421,328,93
113000442,523,40,483
113000443,777,196,581
113000444,969,50,919
113000445,157,117,40
113000446,198,239,-41
113000448,1651,615,1036
113000449,417,1578,-1161
113000450,3539,5986,-2447
113000451,6130,868,5262
113000452,113,1122,-1009
113000453,57,1574,-1517
113000454,289,477,-188
113000455,15,3397,-3382
113000456,2167,2563,-396
113000468,1086,138,948
113000469,57,343,-286
113000470,1108,13,1095
113000471,40,733,-693
113000472,104,422,-318
113000474,2723,1349,1374
113000475,2124,1045,1079
113000476,5691,2798,2893
113000477,8331,2878,5453
113000478,3780,3111,669
113000479,322,186,136
113000480,103,739,-636
113000484,0,0,0
113000485,0,0,0
113000486,0,0,0
113000487,0,0,0
113000488,0,0,0
113000489,0,0,0
113000490,0,0,0
113000491,0,0,0
113000492,0,0,0
113000493,0,0,0
113000495,581,158,423
113000496,285,194,91
113000499,0,0,0
113900001,56,4477,-4421
113900002,35,128,-93
113900003,3,450,-447
113900004,12,812,-800
113900005,9,1299,-1290
113900006,3,101,-98
113900007,94,190,-96
113900008,71,2,69
113900009,157,4,153
113900010,106,10,96
113900011,518,0,518
113900012,200,20,180
113900013,156,13,143
113900014,1758,17,1741
113900015,0,47,-47
113900016,56,0,56
113900017,6,44,-38
113900018,149,263,-114
113900019,368,26,342
113900020,376,13,363
113900022,202,3,199
113900023,102,0,102
113900024,221,62,159
113900025,501,94,407
113900026,193,0,193
113900027,19,82,-63
113900028,33,197,-164
113900029,256,83,173
113900030,917,5,912
113900031,56,7,49
113900032,115,0,115
113900033,156,49,107
113900035,53,2,51
113900036,177,111,66
113900037,237,359,-122
113900038,24,251,-227
113900039,457,23,434
113900040,5,42,-37
113900041,40,3,37
113900042,165,37,128
113900043,332,59,273
113900044,160,288,-128
113900045,243,3,240
113900046,228,1643,-1415
113900047,356,94,262
113900048,310,211,99
113900049,118,710,-592
113900050,375,564,-189
113900051,520,131,389
113900052,139,65,74
113900053,495,1284,-789
113900054,61,5,56
113900055,160,541,-381
113900056,196,30,166
113900057,12,62,-50
113900058,202,36,166
113900059,612,224,388
113900060,69,334,-265
113900061,1058,151,907
113900062,190,64,126
113900063,258,30,228
113900064,84,70,14
113900065,1080,19,1061
113900066,1594,244,1350
113900067,708,439,269
113900068,503,1668,-1165
113900069,51,44,7
113900070,152,305,-153
113900071,252,17,235
113900072,211,80,131
113900073,1088,403,685
113900074,564,1036,-472
113900075,1430,4457,-3027
113900076,208,13,195
113900077,96,106,-10
113900078,93,5,88
113900079,3,30,-27
113900080,907,243,664
113900081,221,67,154
113900082,485,449,36
113900083,963,113,850
113900084,229,143,86
113900085,42,197,-155
113900086,176,52,124
113900087,114,63,51
113900088,209,142,67
113900089,721,51,670
113900090,884,418,466
113900091,2,8,-6
113900092,18,275,-257
113900093,60,3099,-3039
113900094,1369,351,1018
113900095,198,330,-132
113900096,541,170,371
113900097,42,184,-142
113900098,1175,388,787
113900099,0,40,-40
113900100,0,1,-1
113900101,9,384,-375
113900102,89,248,-159
113900103,200,863,-663
113900104,209,505,-296
113900105,574,44,530
113900106,0,24,-24
113900107,1,2,-1
113900108,77,466,-389
113900109,274,465,-191
113900110,64,25,39
113900111,426,85,341
113900112,437,67,370
113900113,1870,505,1365
113900114,2,11,-9
113900115,0,8,-8
113900116,52,369,-317
113900117,45,71,-26
113900118,132,1551,-1419
113900119,110,390,-280
113900120,195,54,141
113900121,217,63,154
113900122,568,6374,-5806
113900123,962,249,713
113900124,0,94,-94
113900125,1622,230,1392
113900126,65,78,-13
113900127,656,1123,-467
113900128,448,82,366
113900129,3,324,-321
113900130,0,130,-130
113900131,409,54,355
113900132,47,161,-114
113900133,12,35,-23
113900135,569,686,-117
113900136,75,28,47
113900137,487,463,24
113900138,28,260,-232
113900139,474,544,-70
113900140,41,237,-196
113900141,1285,211,1074
113900142,151,31,120
113900143,60,93,-33
113900144,116,360,-244
113900145,538,255,283
113900146,435,56,379
113900148,80,415,-335
113900149,218,287,-69
113900150,367,169,198
113900151,670,243,427
113900152,65,82,-17
113900153,116,489,-373
113900154,1,149,-148
113900155,40,266,-226
113900156,485,325,160
113900157,87,773,-686
113900158,150,407,-257
113900159,6,221,-215
113900160,690,398,292
113900161,247,376,-129
113900162,177,487,-310
113900163,412,189,223
113900164,863,47,816
113900165,700,698,2
113900166,30,99,-69
113900167,703,29,674
113900168,46,46,0
113900169,346,433,-87
113900171,454,58,396
113900172,3,137,-134
113900173,19,282,-263
113900174,711,603,108
113900175,345,152,193
113900176,415,442,-27
113900177,257,196,61
113900178,391,315,76
113900179,30,230,-200
113900180,228,101,127
113900181,1671,274,1397
113900182,873,495,378
113900183,159,39,120
113900184,54,425,-371
113900185,160,54,106
113900186,45,26,19
113900187,33,76,-43
113900188,49,132,-83
113900189,472,288,184
113900190,281,104,177
113900191,53,157,-104
113900192,6,1315,-1309
113900193,7,136,-129
113900194,1766,455,1311
113900195,475,351,124
113900196,10,490,-480
113900197,2,72,-70
113900198,14,1176,-1162
113900199,44,434,-390
113900200,12,209,-197
113900201,65,94,-29
113900202,33,69,-36
113900203,1,21,-20
113900204,19,396,-377
113900205,3,34,-31
113900206,5,76,-71
113900207,0,45,-45
113900208,0,22,-22
113900209,0,23,-23
113900210,1691,1156,535
113900211,239,70,169
113900212,586,341,245
113900214,252,443,-191
113900215,57,197,-140
113900216,333,342,-9
113900217,209,54,155
113900218,106,84,22
113900219,219,1031,-812
113900220,167,272,-105
113900221,269,837,-568
113900222,325,1411,-1086
113900223,331,181,150
113900224,43,76,-33
113900225,1240,186,1054
113900226,554,187,367
113900227,341,508,-167
113900228,157,896,-739
113900229,54,2063,-2009
113900230,2559,5118,-2559
113900231,265,89,176
113900232,389,26,363
113900233,184,62,122
113900234,699,624,75
113900235,176,19,157
113900236,466,74,392
113900237,235,24,211
113900238,201,922,-721
113900239,102,171,-69
113900240,1,269,-268
113900241,71,163,-92
113900242,24,461,-437
113900243,42,182,-140
113900244,132,159,-27
113900245,499,424,75
113900246,33,34,-1
113900247,93,844,-751
113900248,3102,3291,-189
113900249,375,813,-438
113900250,69,1153,-1084
113900251,1967,126,1841
113900252,1733,24,1709
113900253,1255,62,1193
113900254,819,246,573
113900255,1572,23,1549
113900256,859,51,808
113900257,19,373,-354
113900258,82,244,-162
113900259,1242,109,1133
113900260,576,15,561
113900261,65,118,-53
113900262,240,252,-12
113900263,17,397,-380
113900264,2,149,-147
113900265,174,518,-344
113900266,65,165,-100
113900267,34,1325,-1291
113900268,266,611,-345
113900269,343,204,139
113900270,381,669,-288
113900271,927,406,521
113900273,34,41,-7
113900274,75,123,-48
113900275,13,409,-396
113900276,11,106,-95
113900277,422,9,413
113900278,142,188,-46
113900279,87,68,19
113900280,1235,542,693
113900281,137,1454,-1317
113900282,419,364,55
113900283,538,711,-173
113900284,2265,148,2117
113900285,141,11,130
113900286,39,15,24
113900287,166,26,140
113900288,2,268,-266
113900289,320,265,55
113900290,551,959,-408
113900291,46,108,-62
113900292,2,10,-8
113900293,2,286,-284
113900294,1356,22,1334
113900295,579,483,96
113900296,2601,357,2244
113900297,3257,57,3200
113900298,52,2682,-2630
113900299,256,10,246
113900300,6773,6955,-182
113900301,553,1446,-893
113900302,1366,1257,109
113900303,222,2288,-2066
113900304,1,174,-173
113900305,374,3,371
113900306,190,3,187
113900307,12,0,12
113900308,17,118,-101
113900309,3,381,-378
113900310,0,1,-1
113900311,43,1,42
113900312,203,245,-42
113900313,9,2,7
114000001,1317,1859,-542
114000002,879,303,576
114000003,284,242,42
114000004,866,296,570
114000005,685,181,504
114000006,1760,1675,85
114000007,1159,1028,131
114000008,2525,2349,176
114000009,2238,460,1778
114000011,4612,2259,2353
114000012,6165,1966,4199
114000013,3596,1488,2108
114000014,1138,103,1035
114000015,3497,244,3253
114000016,713,86,627
114000017,172,1446,-1274
114000018,122,68,54
114000026,4801,1329,3472
114000027,5788,3182,2606
114000028,2587,6231,-3644
114000038,534,234,300
114000039,124,30,94
114000040,220,590,-370
114000042,398,270,128
114000043,69,57,12
114000044,671,23,648
114000045,26,42,-16
114000046,2112,5416,-3304
114000047,20,217,-197
114000048,187,66,121
114000049,2931,1976,955
114000050,2933,2152,781
114000051,5256,2685,2571
114000052,5143,3881,1262
114000053,65,933,-868
114000054,323,961,-638
114000055,685,60,625
114000056,193,1312,-1119
114000057,4365,1930,2435
114000058,60,1646,-1586
114000059,44,2181,-2137
114000060,764,1346,-582
114000061,3291,4999,-1708
114000062,422,1548,-1126
114000063,1129,1241,-112
114000064,1860,6924,-5064
114000065,1346,2425,-1079
114000066,1039,1264,-225
114000067,47,1895,-1848
114000068,517,1239,-722
114000069,1852,767,1085
114000070,4167,1908,2259
114000071,1635,967,668
114000072,1240,271,969
114000073,49,41,8
114000074,170,4,166
114000075,102,67,35
114000076,60,89,-29
114000077,9,6,3
114000078,692,345,347
114000079,603,30,573
114000080,119,134,-15
114000081,109,176,-67
114000082,48,298,-250
114000083,125,90,35
114000084,466,143,323
114000085,82,262,-180
114000086,414,256,158
114000087,536,26,510
114000088,40,31,9
114000089,504,237,267
114000090,1191,1905,-714
114000091,1317,1482,-165
114000092,828,582,246
114000093,2080,756,1324
114000094,1090,619,471
114000095,395,272,123
114000096,91,467,-376
114000097,180,244,-64
114000098,1135,258,877
114000099,1848,135,1713
114000100,2899,426,2473
114000101,751,284,467
114000102,1212,350,862
114000103,194,155,39
114000104,43,168,-125
114000105,526,198,328
114000106,1124,4372,-3248
114000107,891,234,657
114000108,996,762,234
114000109,1295,3992,-2697
114000110,694,794,-100
114000111,4518,2127,2391
114000112,540,1124,-584
114000113,1880,495,1385
114000114,355,1048,-693
114000115,2885,856,2029
114000116,1362,8168,-6806
114000117,6915,1115,5800
114000118,6959,563,6396
114000119,5944,618,5326
114000120,931,1046,-115
114000121,770,762,8
114000122,626,611,15
114000123,4240,583,3657
114000124,3080,921,2159
114000125,1580,1453,127
114000126,3640,495,3145
114000127,315,149,166
114000128,1542,255,1287
114000130,1007,578,429
114000131,819,163,656
114000132,889,312,577
114000133,748,1312,-564
114000134,155,31,124
114000138,30,162,-132
114000139,782,871,-89
114000144,1049,861,188
114000145,66,28,38
114000146,154,35,119
114000147,1622,3435,-1813
114000148,798,2735,-1937
114000149,495,798,-303
114000150,278,774,-496
114000151,904,3336,-2432
114000152,114,72,42
114000153,676,4009,-3333
114000154,678,1136,-458
114000155,1230,5797,-4567
114000156,1179,1419,-240
114000157,598,3053,-2455
114000158,1449,815,634
114000159,87,513,-426
114000160,118,1077,-959
114000161,1239,2802,-1563
114000162,1997,3624,-1627
114000163,12,36,-24
114000165,826,715,111
114000166,460,824,-364
114000167,3338,1685,1653
114000168,489,282,207
114000169,1463,1420,43
114000170,1355,1184,171
114000171,2466,22115,-19649
114000174,192,309,-117
114000176,311,670,-359
114000177,823,436,387
114000178,158,57,101
114000179,1172,1452,-280
114000180,247,267,-20
114000181,1781,13677,-11896
114000182,1063,3219,-2156
114000183,768,712,56
114000184,3139,534,2605
114000185,2116,989,1127
114000189,2845,185,2660
114000190,6024,559,5465
114000191,127,784,-657
114000192,232,818,-586
114000193,295,1017,-722
114000194,2584,1069,1515
114000195,433,495,-62
114000196,1,146,-145
114000197,3981,40,3941
114000198,898,422,476
114000199,1618,1647,-29
114000200,789,1374,-585
114000201,300,995,-695
114000202,1481,884,597
114000203,1027,929,98
114000204,225,599,-374
114000205,326,1286,-960
114000206,1150,1530,-380
114000207,580,899,-319
114000208,867,1507,-640
114000209,457,1801,-1344
114000210,352,925,-573
114000211,1866,1876,-10
114000212,1021,1527,-506
114000213,2264,468,1796
114000214,157,144,13
114000215,239,158,81
114000216,3544,485,3059
114000217,666,210,456
114000218,801,162,639
114000219,2852,200,2652
114000220,69,807,-738
114000221,2211,270,1941
114000222,229,804,-575
114000223,1272,180,1092
114000224,80,435,-355
114000225,582,350,232
114000226,407,319,88
114000227,1134,669,465
114000228,1191,714,477
114000229,2334,1548,786
114000230,2357,1048,1309
114000231,1496,1890,-394
114000232,1944,300,1644
114000233,4249,139,4110
114000234,1778,899,879
114000235,2700,1739,961
114000236,0,535,-535
114000237,342,770,-428
114000238,219,544,-325
114000239,204,1090,-886
114000240,1347,2108,-761
114000241,427,1615,-1188
114000242,940,1050,-110
114000243,4087,1404,2683
114000244,1060,508,552
114000245,829,1433,-604
114000246,222,62,160
114000247,828,662,166
114000248,3431,854,2577
114000249,754,682,72
114000250,1191,319,872
114000251,589,255,334
114000252,104,22,82
114000253,50,117,-67
114000254,135,24,111
114000255,906,356,550
114000256,527,2562,-2035
114000257,782,1104,-322
114000258,935,179,756
114000259,299,350,-51
114000260,1,44,-43
114000261,66,41,25
114000262,584,130,454
114000263,33,4,29
114000264,2941,581,2360
114000265,10,0,10
114000267,1,3862,-3861
114000268,1,1017,-1016
114000270,725,39,686
114000271,528,127,401
114000283,3005,490,2515
114000285,49,139,-90
114000288,287,297,-10
114000289,3103,185,2918
114000293,537,759,-222
114000294,499,595,-96
114000395,2927,88,2839
114000396,849,665,184
114000402,1928,297,1631
114000403,571,258,313
114000405,582,314,268
114000423,822,223,599
114000424,894,202,692
114000425,2035,150,1885
114000426,459,1234,-775
114000427,202,87,115
114000428,100,212,-112
114000429,20,143,-123
114000432,261,64,197
114000434,53,48,5
114000435,9,62,-53
114900001,1282,385,897
114900002,403,134,269
114900003,1605,428,1177
114900004,373,961,-588
114900005,1058,296,762
114900006,138,195,-57
114900007,433,19,414
114900008,856,215,641
114900010,1311,2813,-1502
114900011,536,117,419
114900013,594,119,475
114900015,147,1382,-1235
114900018,1201,81,1120
114900020,204,153,51
114900022,0,673,-673
114900024,259,211,48
114900025,806,107,699
114900026,119,94,25
114900027,271,210,61
114900029,43,11,32
114900030,446,218,228
114900031,1024,35,989
114900032,925,38,887
114900033,994,3732,-2738
114900034,28,47,-19
114900035,131,655,-524
114900036,386,304,82
114900037,186,96,90
114900038,569,355,214
114900039,1194,229,965
114900040,157,31,126
114900041,2204,208,1996
114900042,2875,281,2594
114900043,447,138,309
114900044,251,79,172
114900046,34,119,-85
114900047,252,6710,-6458
114900048,42,142,-100
114900049,6,67,-61
114900050,106,114,-8
114900051,53,121,-68
114900052,50,232,-182
114900053,104,243,-139
114900054,20,60,-40
114900057,274,36,238
114900058,0,32,-32
114900059,330,122,208
114900060,316,769,-453
114900061,138,50,88
114900062,176,547,-371
114900063,165,41,124
114900064,3688,192,3496
114900065,499,1357,-858
114900067,39,253,-214
114900068,20,81,-61
114900069,213,32,181
114900070,966,135,831
114900072,3,277,-274
114900073,3,55,-52
114900074,1711,230,1481
114900075,352,24,328
114900076,7,216,-209
114900080,929,156,773
114900082,2524,4091,-1567
114900083,487,845,-358
114900090,1237,233,1004
114900091,130,106,24
114900095,302,124,178
114900096,171,567,-396
114900097,266,1,265
114900098,0,355,-355
114900099,415,22,393
115000001,6353,3517,2836
115000002,7644,8909,-1265
115000003,5370,3184,2186
115000004,7965,9647,-1682
115000005,2867,3829,-962
115000006,2627,3033,-406
115000007,552,460,92
115000008,828,1166,-338
115000009,858,751,107
115000010,511,601,-90
115000013,55,226,-171
115000015,68,385,-317
115000016,335,373,-38
115000019,61,1002,-941
115000020,289,1638,-1349
115000021,302,420,-118
115000022,594,220,374
115000023,688,639,49
115000024,842,211,631
115000025,1179,886,293
115000026,222,249,-27
115000027,688,337,351
115000028,357,524,-167
115000029,1634,166,1468
115000030,776,871,-95
115000031,894,377,517
115000032,20,215,-195
115000033,264,24,240
115000034,176,1430,-1254
115000035,1181,130,1051
115000036,0,538,-538
115000037,840,66,774
115000038,103,248,-145
115000039,3508,6219,-2711
115000040,5329,3110,2219
115000041,3099,6782,-3683
115000042,661,906,-245
115000043,5072,4222,850
115000044,3740,4226,-486
115000045,4199,1256,2943
115000046,4949,4821,128
115000047,5253,2523,2730
115000048,4847,2577,2270
115000049,2074,4798,-2724
115000050,5119,1435,3684
115000051,3234,8542,-5308
115000052,1542,1237,305
115000053,4506,4266,240
115000054,647,1187,-540
115000055,257,1635,-1378
115000056,191,470,-279
115000057,682,2412,-1730
115000058,61,623,-562
115000059,128,549,-421
115000061,243,379,-136
115000062,437,712,-275
115000063,998,508,490
115000064,406,187,219
115000065,94,609,-515
115000067,565,29,536
115000069,229,415,-186
115000070,47,1788,-1741
115000071,97,41,56
115000072,2,51,-49
115000073,2813,118,2695
115000075,131,108,23
115000076,2980,2653,327
115000077,3532,1580,1952
115000078,3297,1116,2181
115000079,3600,1422,2178
115000080,7319,1547,5772
115000081,266,463,-197
115000082,11139,7841,3298
115000083,3641,1097,2544
115000084,5333,1280,4053
115000085,2082,1058,1024
115000086,2223,1188,1035
115000087,700,2677,-1977
115000088,2374,1144,1230
115000089,1723,1219,504
115000090,744,1256,-512
115000091,432,576,-144
115000092,1356,1761,-405
115000093,1217,10,1207
115000094,5933,13296,-7363
115000095,5041,13493,-8452
115000096,2038,938,1100
115000097,3604,2994,610
115000098,3529,783,2746
115000099,4644,1573,3071
115000100,3024,400,2624
115000101,1084,1271,-187
115000102,932,274,658
115000103,642,603,39
115000105,258,113,145
115000106,1837,995,842
115000107,320,323,-3
115000108,2663,1969,694
115000109,4566,7685,-3119
115000110,1923,3156,-1233
115000111,483,826,-343
115000112,1043,949,94
115000113,506,919,-413
115000114,1059,586,473
115000116,3248,2356,892
115000117,2340,3190,-850
115000118,3009,2553,456
115000119,2245,3189,-944
115000120,926,1526,-600
115000121,603,768,-165
115000122,900,2878,-1978
115000123,2492,2546,-54
115000124,1397,2003,-606
115000125,843,2435,-1592
115000126,253,1174,-921
115000127,750,313,437
115000128,475,1746,-1271
115000129,283,1060,-777
115000130,716,781,-65
115000131,1256,403,853
115000132,758,667,91
115000133,1430,317,1113
115000134,592,925,-333
115000135,221,361,-140
115000136,407,472,-65
115000137,88,391,-303
115000138,467,361,106
115000139,435,244,191
115000140,796,304,492
115000141,316,125,191
115000142,488,103,385
115000143,1657,1579,78
115000144,731,84,647
115000145,453,299,154
115000146,849,1694,-845
115000147,496,1081,-585
115000148,780,935,-155
115000149,1347,425,922
115000150,1179,859,320
115000151,2414,519,1895
115000152,1492,2073,-581
115000153,2751,641,2110
115000154,1815,266,1549
115000155,1437,2045,-608
115000156,1016,1573,-557
115000157,641,2793,-2152
115000158,879,885,-6
115000159,580,1986,-1406
115000160,993,1130,-137
115000161,1449,446,1003
115000162,614,1590,-976
115000163,827,832,-5
115000164,759,1127,-368
115000165,246,1112,-866
115000167,149,305,-156
115000168,550,1309,-759
115000169,466,2363,-1897
115000170,94,374,-280
115000171,272,875,-603
115000172,1297,1469,-172
115000173,554,2081,-1527
115000174,113,1286,-1173
115000175,226,422,-196
115000176,74,304,-230
115000177,59,357,-298
115000178,14,264,-250
115000179,17,160,-143
115000180,164,392,-228
115000181,1580,251,1329
115000182,2599,417,2182
115000183,730,691,39
115000186,1292,223,1069
115000187,285,466,-181
115000188,942,701,241
115000189,534,563,-29
115000190,1497,1323,174
115000191,473,973,-500
115000194,95,184,-89
115000195,203,522,-319
115000196,418,112,306
115000197,609,174,435
115000198,1114,193,921
115000199,1100,148,952
115000200,881,311,570
115000201,492,239,253
115000206,973,71,902
115000207,712,329,383
115000208,586,866,-280
115000209,1409,826,583
115000210,371,359,12
115000211,609,321,288
115000212,1701,624,1077
115000224,279,109,170
115000225,208,71,137
115000229,282,80,202
115000230,200,624,-424
115000231,416,1355,-939
115000232,5003,640,4363
115000233,204,372,-168
115000234,61,503,-442
115000241,283,99,184
115000242,346,69,277
115000243,242,128,114
115000244,16,582,-566
115000246,59,35,24
115000247,11,52,-41
115000248,130,26,104
115000249,38,10,28
115000250,397,47,350
115000251,801,78,723
115000252,277,349,-72
115000253,13,858,-845
115000258,972,65,907
115000259,375,82,293
115000261,78,27,51
115000262,56,63,-7
115000263,37,68,-31
115000264,19,41,-22
115000267,105,131,-26
115000268,29,77,-48
115000269,131,67,64
115000270,10,31,-21
115000272,267,103,164
115000273,944,50,894
115000280,1958,404,1554
115000281,405,820,-415
115000282,948,2131,-1183
115000284,160,439,-279
115000296,603,4,599
115000297,132,500,-368
115000298,90,1023,-933
115000300,345,153,192
115000302,1221,210,1011
115000303,2108,113,1995
115000304,1878,164,1714
115000305,113,434,-321
115000306,463,231,232
115000307,289,323,-34
115000308,33,27,6
115000309,59,185,-126
115000310,3820,686,3134
115000311,2640,1563,1077
115000313,249,370,-121
115000314,1300,461,839
115000315,1567,1487,80
115000316,190,218,-28
115000317,427,699,-272
115000318,1499,604,895
115000319,248,199,49
115000320,54,756,-702
115000321,806,59,747
115000322,84,149,-65
115000449,185,232,-47
115000557,5,3897,-3892
115000558,177,251,-74
115000587,1480,382,1098
115000588,3133,4111,-978
115000589,7480,4938,2542
115000590,1169,3026,-1857
115000591,1996,1819,177
115000592,601,2702,-2101
115000593,2325,2083,242
115000594,261,3504,-3243
115000609,601,506,95
115000617,524,3314,-2790
115000624,691,66,625
115000633,564,1579,-1015
115000634,4529,999,3530
115000635,1240,281,959
115000638,585,341,244
115000641,97,707,-610
115000642,442,281,161
115000643,130,214,-84
115000644,147,303,-156
115000646,873,1452,-579
115000647,209,704,-495
115000648,5877,1131,4746
115000893,3526,1473,2053
115000894,167,867,-700
115000895,341,1382,-1041
115000896,2093,910,1183
115000897,573,199,374
115000898,741,611,130
115000899,274,2508,-2234
115000900,82,938,-856
115000901,116,287,-171
115000912,825,108,717
115000913,2,13,-11
115000915,29,2,27
115000916,79,52,27
115000917,0,31,-31
115000918,85,961,-876
115000919,2,163,-161
115000920,12,186,-174
115000921,515,202,313
115000922,661,1711,-1050
115000923,51,3281,-3230
115000925,196,191,5
115000927,83,142,-59
115000933,61,902,-841
115000934,144,207,-63
115000935,386,47,339
115000936,188,2003,-1815
115000937,1508,639,869
115000938,37,334,-297
115000939,26,199,-173
115900001,462,38,424
115900002,103,137,-34
115900003,300,169,131
115900004,0,33,-33
115900005,514,29,485
115900006,130,152,-22
115900008,264,8,256
115900009,118,860,-742
115900010,946,158,788
115900011,683,263,420
115900012,574,5,569
115900013,526,214,312
115900014,253,134,119
115900015,395,25,370
115900016,207,86,121
115900017,136,31,105
115900018,246,39,207
115900019,108,35,73
115900020,153,1,152
115900021,675,516,159
115900022,1797,6,1791
115900023,13,24,-11
115900025,44,303,-259
115900026,674,175,499
115900027,0,233,-233
115900028,196,43,153
115900029,35,152,-117
115900030,46,37,9
115900031,51,528,-477
115900032,529,1030,-501
115900033,1,136,-135
115900034,9,170,-161
115900035,88,35,53
115900036,104,5238,-5134
115900037,64,145,-81
115900038,87,37,50
115900039,436,121,315
115900041,167,1696,-1529
115900042,79,19,60
115900043,293,63,230
115900044,296,1004,-708
115900046,1279,129,1150
115900047,91,274,-183
115900049,360,166,194
115900051,4,30,-26
115900052,66,86,-20
115900053,688,92,596
115900054,570,12,558
115900055,42,71,-29
115900056,372,151,221
115900057,8,44,-36
115900058,22,52,-30
115900060,127,85,42
115900061,579,20,559
115900062,100,62,38
115900063,47,4,43
115900064,435,443,-8
115900065,368,73,295
115900066,65,76,-11
115900067,6,90,-84
115900068,866,2422,-1556
115900069,79,327,-248
115900070,345,99,246
115900071,0,183,-183
115900072,32,157,-125
115900073,281,220,61
115900074,2,44,-42
115900075,73,160,-87
115900076,13,23,-10
115900077,2,48,-46
115900078,47,300,-253
115900079,831,25,806
115900080,186,105,81
115900081,49,16,33
115900082,212,317,-105
115900084,1072,14,1058
115900085,68,139,-71
115900086,1131,335,796
115900088,4,120,-116
115900089,944,314,630
115900090,1227,24,1203
115900091,2,68,-66
115900092,61,46,15
115900093,9,8,1
115900094,6,51,-45
115900096,4,3,1
115900097,10,70,-60
115900098,617,234,383
115900099,146,117,29
115900100,43,288,-245
115900101,618,178,440
115900102,144,38,106
115900103,562,100,462
115900104,134,53,81
115900105,424,240,184
115900106,289,4,285
115900107,141,32,109
115900108,308,9,299
115900109,12,249,-237
115900110,44,0,44
115900111,1,68,-67
115900112,53,429,-376
115900113,119,55,64
115900114,3,55,-52
115900115,160,127,33
115900116,190,559,-369
115900117,218,18,200
115900118,11,64,-53
115900119,281,81,200
115900120,55,217,-162
115900121,579,226,353
115900124,255,1213,-958
115900125,943,110,833
115900126,1696,66,1630
115900127,1735,105,1630
115900128,3,412,-409
115900129,843,37,806
115900130,24,1846,-1822
115900131,844,53,791
115900132,1400,6,1394
115900134,609,18,591
115900135,1542,861,681
115900137,25,3,22
115900139,13,94,-81
115900140,791,56,735
115900141,1,60,-59
115900142,4,61,-57
115900143,471,323,148
115900144,473,183,290
115900146,22,84,-62
115900147,307,498,-191
115900148,19,35,-16
115900149,421,7,414
115900150,159,12,147
115900151,199,126,73
115900152,433,160,273
115900153,356,127,229
115900154,641,592,49
115900155,0,18,-18
115900156,1064,1161,-97
115900157,508,958,-450
115900158,19,3,16
115900159,497,362,135
115900160,11,23,-12
115900161,28,96,-68
115900163,661,143,518
115900164,1730,15,1715
115900166,132,159,-27
115900168,492,110,382
115900171,231,317,-86
115900172,134,226,-92
115900173,371,149,222
115900174,235,405,-170
115900175,372,134,238
115900178,16,147,-131
115900179,704,8,696
115900180,236,54,182
115900181,675,86,589
115900182,1282,57,1225
115900183,17,205,-188
115900184,793,43,750
115900187,4,573,-569
115900189,0,261,-261
115900190,255,1977,-1722
115900191,55,222,-167
115900192,60,291,-231
115900193,161,175,-14
115900194,2090,80,2010
115900195,906,5800,-4894
115900198,484,422,62
115900199,601,66,535
115900200,345,124,221
115900201,262,499,-237
115900202,17,357,-340
115900203,5,19,-14
115900204,0,34,-34
115900205,14,4,10
115900206,655,105,550
115900207,119,8,111
115900208,274,83,191
115900209,6,168,-162
115900210,1,239,-238
115900211,1,171,-170
115900212,438,253,185
115900213,147,309,-162
115900214,1368,107,1261
115900215,33,479,-446
115900216,16,55,-39
115900217,5,26,-21
115900218,4,30,-26
115900219,410,2,408
115900220,674,20,654
115900221,257,11,246
115900222,154,47,107
115900223,5,722,-717
115900224,855,3519,-2664
115900225,117,31,86
115900226,24,147,-123
115900227,17,144,-127
115900228,13,141,-128
115900229,3,104,-101
115900230,27,64,-37
115900231,239,10,229
115900232,212,3,209
115900233,231,7,224
115900234,156,82,74
115900235,90,53,37
115900236,27,61,-34
115900237,86,24,62
115900238,22,30,-8
115900239,16,40,-24
115900240,42,33,9
115900241,381,25,356
115900242,937,835,102
115900243,9,14,-5
115900244,25,31,-6
115900245,185,34,151
115900246,14,4,10
115900247,4,7,-3
115900248,30,2,28
115900249,18,12,6
115900250,45,13,32
115900251,4,5,-1
115900252,18,1,17
115900253,109,13,96
115900254,43,76,-33
115900255,5,123,-118
115900256,110,130,-20
115900257,4,86,-82
115900258,0,3,-3
115900259,2,14,-12
115900260,34,13,21
115900261,4,3,1
115900262,1,3,-2
115900263,10,6,4
115900264,20,3,17
115900265,2,3,-1
115900266,6,15,-9
115900267,0,12,-12
115900268,2,28,-26
115900269,1686,255,1431
115900270,693,86,607
115900271,446,0,446
115900272,156,42,114
115900273,15,72,-57
115900274,1,5,-4
115900275,6,4,2
115900276,0,6,-6
115900277,2,59,-57
115900278,119,125,-6
115900279,29,512,-483
115900280,22,1607,-1585
115900281,179,518,-339
115900282,95,106,-11
115900283,65,9,56
115900284,43,6,37
116000001,11834,3244,8590
116000002,9924,24262,-14338
116000003,1788,2884,-1096
116000004,6414,9726,-3312
116000005,1121,7480,-6359
116000006,5332,10078,-4746
116000007,2351,3230,-879
116000008,8787,4789,3998
116000009,1122,1255,-133
116000010,5451,2354,3097
116000011,776,1095,-319
116000012,3744,1730,2014
116000013,6261,8922,-2661
116000014,18496,38371,-19875
116000015,237,3285,-3048
116000016,8749,10396,-1647
116000017,57,1030,-973
116000018,675,845,-170
116000019,3079,472,2607
116000020,1033,2257,-1224
116000021,1884,413,1471
116000022,1104,613,491
116000023,3210,2046,1164
116000024,1133,1480,-347
116000025,1666,1360,306
116000026,1930,7360,-5430
116000027,791,1437,-646
116000028,737,1512,-775
116000029,577,484,93
116000030,870,1052,-182
116000031,48,217,-169
116000032,571,161,410
116000033,1231,885,346
116000034,1102,1302,-200
116000035,1089,407,682
116000036,514,4551,-4037
116000037,184,734,-550
116000038,115,2322,-2207
116000039,436,1830,-1394
116000040,634,2843,-2209
116000041,136,1778,-1642
116000042,1474,1808,-334
116000043,257,572,-315
116000044,7,14,-7
116000045,1646,2082,-436
116000046,1155,2853,-1698
116000047,3839,4821,-982
116000048,5068,1529,3539
116000049,2841,3670,-829
116000050,2567,1876,691
116000051,3957,3833,124
116000052,4701,4076,625
116000053,3964,1356,2608
116000054,1908,3509,-1601
116000055,1833,1650,183
116000056,2630,1901,729
116000057,4425,1699,2726
116000058,8910,5249,3661
116000059,3849,6506,-2657
116000060,5108,2522,2586
116000061,765,1769,-1004
116000062,1235,632,603
116000063,931,3350,-2419
116000066,880,1059,-179
116000067,564,650,-86
116000068,282,697,-415
116000069,781,310,471
116000078,1013,1302,-289
116000080,2694,573,2121
116000082,8,24,-16
116000083,3502,500,3002
116000084,1355,2040,-685
116000085,2658,2743,-85
116000086,1003,701,302
116000087,5074,2504,2570
116000088,2460,1065,1395
116000089,286,150,136
116000090,267,222,45
116000091,244,1208,-964
116000093,1077,337,740
116000094,1764,516,1248
116000095,1226,832,394
116000096,3348,4530,-1182
116000097,1767,781,986
116000098,105,18620,-18515
116000099,8051,796,7255
116000100,588,41,547
116000101,2317,702,1615
116000102,401,788,-387
116000103,622,540,82
116000104,281,1065,-784
116000105,2684,257,2427
116000106,691,1751,-1060
116000107,4378,481,3897
116000108,32,874,-842
116000111,317,31,286
116000113,200,121,79
116000114,17,63,-46
116000115,525,192,333
116000116,323,220,103
116000117,2255,1826,429
116000118,3331,1176,2155
116000119,6246,1863,4383
116000120,4074,2616,1458
116000121,1606,604,1002
116000122,1136,715,421
116000123,2375,586,1789
116000124,733,500,233
116000125,5407,750,4657
116000126,499,571,-72
116000127,1202,689,513
116000128,3534,1049,2485
116000129,2408,129,2279
116000130,1837,999,838
116000133,3377,1148,2229
116000134,2279,1317,962
116000135,5106,1551,3555
116000136,1206,1738,-532
116000137,1943,1114,829
116000138,2259,925,1334
116000139,3593,9338,-5745
116000140,294,656,-362
116000141,1100,560,540
116000142,4353,2084,2269
116000143,3760,1528,2232
116000144,3104,2537,567
116000145,4460,1250,3210
116000146,1969,182,1787
116000147,500,575,-75
116000148,1897,2902,-1005
116000149,1308,1368,-60
116000151,922,1194,-272
116000153,303,485,-182
116000155,318,964,-646
116000156,1276,839,437
116000157,151,10,141
116000158,987,156,831
116000159,4,20,-16
116000160,112,69,43
116000161,13,155,-142
116000162,206,450,-244
116000163,145,81,64
116000164,81,168,-87
116000177,165,840,-675
116000194,119,544,-425
116000195,2320,838,1482
116000196,259,4,255
116000197,113,78,35
116000198,2818,1789,1029
116000200,1318,1326,-8
116000201,818,916,-98
116000202,4,225,-221
116000203,1,35,-34
116000204,6,18,-12
116000205,0,104,-104
116000206,1,160,-159
116000207,2,77,-75
116000233,273,791,-518
116000287,614,159,455
116000288,643,309,334
116000292,197,275,-78
116000296,7,74,-67
116000297,212,8,204
116000304,548,26,522
116000305,37,141,-104
116000346,449,318,131
116000352,316,251,65
116000354,103,98,5
116000357,57,42,15
116000358,1208,263,945
116000361,72,0,72
116000372,4985,13797,-8812
116000381,280,0,280
116000388,3,25,-22
116000389,1326,431,895
116000445,1819,322,1497
116000446,1193,331,862
116000447,90,949,-859
116000448,731,94,637
116000563,939,1098,-159
116000565,60,259,-199
116000568,82,1045,-963
116000579,23,97,-74
116000584,99,2,97
116000585,148,52,96
116000586,87,134,-47
116000587,568,442,126
116000589,57,89,-32
116000590,297,82,215
116000591,578,222,356
116000592,1,19,-18
116000593,3,11,-8
116000594,2934,176,2758
116000595,1542,74,1468
116000596,384,6,378
116000597,1375,611,764
116000598,28,86,-58
116000602,44,1477,-1433
116000605,253,148,105
116000606,126,839,-713
116000607,1,198,-197
116000609,122,2592,-2470
116000611,402,183,219
116000612,3252,2427,825
116000613,1125,457,668
116000614,902,299,603
116000615,3,1042,-1039
116000616,117,98,19
116000617,285,46,239
116000618,14,97,-83
116000619,37,174,-137
116000620,758,236,522
116000621,231,114,117
116000622,278,113,165
116000624,112,124,-12
116000627,216,28,188
116000628,257,277,-20
116000629,93,255,-162
116000630,2261,43,2218
116000631,1397,37,1360
116000632,1808,86,1722
116000633,50,239,-189
116000634,1341,50,1291
116000635,3424,6681,-3257
116000636,620,3212,-2592
116000637,1148,22,1126
116000638,15,189,-174
116900001,825,132,693
116900002,438,17,421
116900003,167,14,153
116900004,76,167,-91
116900005,552,43,509
116900006,107,181,-74
116900007,218,632,-414
116900008,1631,174,1457
116900009,24,40,-16
116900010,10,475,-465
116900011,13,42,-29
116900012,403,529,-126
116900013,12,53,-41
116900014,383,54,329
116900015,1368,75,1293
116900016,321,16,305
116900017,1,551,-550
116900018,219,226,-7
116900019,3,137,-134
116900020,632,3729,-3097
116900023,48,10,38
116900024,1757,55,1702
116900025,2898,992,1906
116900026,68,711,-643
116900027,137,99,38
116900028,1,47,-46
116900029,4,395,-391
116900031,6,8,-2
116900032,0,65,-65
116900033,88,11,77
116900034,5,18,-13
116900035,250,301,-51
116900036,19,172,-153
116900038,3,6,-3
116900041,242,16,226
116900042,150,169,-19
116900043,17,74,-57
116900047,46,531,-485
116900049,21,369,-348
116900050,36,292,-256
116900051,688,20,668
116900052,409,93,316
116900055,0,45,-45
116900057,11,168,-157
116900058,18,348,-330
116900059,0,55,-55
116900060,234,645,-411
116900062,3,64,-61
116900064,121,239,-118
116900065,14,150,-136
116900067,237,68,169
116900068,205,143,62
116900070,13,26,-13
116900072,30,126,-96
116900073,14,101,-87
116900074,10,48,-38
116900076,28,119,-91
116900077,0,28,-28
116900078,170,40,130
116900079,94,184,-90
116900080,8,40,-32
116900081,226,834,-608
116900082,145,1417,-1272
116900083,3,9,-6
116900084,113,122,-9
116900085,4,83,-79
116900086,56,305,-249
116900088,528,66,462
116900090,14,12,2
116900091,1164,45,1119
116900092,179,435,-256
116900093,4987,1744,3243
116900094,6278,10214,-3936
116900095,562,795,-233
116900096,178,675,-497
116900097,1532,6723,-5191
116900098,1481,602,879
116900099,237,1676,-1439
116900100,1965,221,1744
116900101,320,1226,-906
116900103,91,1,90
116900104,16,615,-599
116900105,711,400,311
116900106,5567,87,5480
116900107,1723,4921,-3198
116900110,19,0,19
116900111,1649,332,1317
116900112,438,454,-16
116900113,1290,6308,-5018
116900116,36,1425,-1389
116900117,416,254,162
116900118,2414,1165,1249
116900120,736,89,647
116900121,391,37,354
116900122,1924,235,1689
116900123,1393,344,1049
116900124,81,494,-413
116900125,1081,127,954
116900126,187,1028,-841
116900128,33,126,-93
116900129,1,276,-275
116900130,2187,8405,-6218
116900131,120,416,-296
116900132,170,128,42
116900133,335,199,136
116900134,508,381,127
116900136,545,146,399
116900137,345,235,110
116900138,199,100,99
116900139,60,263,-203
116900140,261,75,186
116900141,652,187,465
116900142,3,79,-76
116900143,552,150,402
116900144,145,25,120
116900145,138,658,-520
116900147,200,3049,-2849
116900148,5,36,-31
116900149,57,446,-389
116900150,13,11,2
116900151,171,96,75
116900153,219,232,-13
116900154,292,955,-663
116900155,76,138,-62
116900157,1624,78,1546
116900158,176,475,-299
116900159,154,809,-655
116900160,1485,1079,406
116900161,6551,17878,-11327
116900162,58,133,-75
116900163,454,49,405
116900164,190,67,123
116900165,1148,618,530
116900166,169,88,81
116900167,693,49,644
116900168,1198,35,1163
116900169,299,3792,-3493
116900170,1003,498,505
116900171,77,136,-59
116900172,140,1096,-956
116900173,673,6,667
116900174,77,281,-204
116900175,568,1022,-454
116900178,134,108,26
116900179,28,740,-712
116900180,78,3,75
116900182,1914,607,1307
116900183,377,213,164
116900185,40,47,-7
116900186,194,73,121
116900187,76,160,-84
116900188,170,27,143
116900189,86,2,84
116900191,180,461,-281
116900192,615,186,429
116900194,155,2657,-2502
116900195,95,13,82
116900196,33,43,-10
116900197,281,23,258
116900198,55,1047,-992
116900200,100,6,94
116900201,365,11,354
116900202,98,57,41
116900203,254,16,238
116900204,39,520,-481
116900205,0,0,0
116900206,42,3,39
116900207,53,37,16
116900208,2,80,-78
116900209,66,34,32
116900210,1229,597,632
116900211,345,12,333
116900212,164,7,157
116900213,448,214,234
116900214,685,445,240
116900215,132,81,51
116900216,659,339,320
116900218,1,286,-285
116900219,319,208,111
116900220,142,500,-358
116900221,435,355,80
116900222,680,333,347
116900223,106,243,-137
116900226,349,25,324
116900227,608,50,558
116900228,637,280,357
116900230,87,113,-26
116900231,113,164,-51
116900232,68,264,-196
116900233,520,149,371
116900234,66,9,57
116900235,358,190,168
116900238,884,187,697
116900239,16,1291,-1275
116900240,6097,6057,40
116900241,105,130,-25
116900242,394,2360,-1966
116900243,4,20,-16
116900245,72,59,13
116900246,101,37,64
116900247,1506,33,1473
116900248,74,32,42
116900249,950,62,888
116900250,884,120,764
116900251,485,2232,-1747
116900252,544,639,-95
116900253,237,92,145
116900254,138,259,-121
116900255,216,273,-57
116900256,1536,266,1270
116900257,54,158,-104
116900258,2,44,-42
116900259,501,10,491
116900260,5,16,-11
116900261,162,3,159
116900262,142,89,53
116900263,7,19,-12
116900264,4,0,4
116900265,453,0,453
116900266,60,9,51
116900267,15,0,15
116900268,67,267,-200
116900269,597,2799,-2202
116900271,968,1162,-194
116900272,1105,617,488
116900273,49,1503,-1454
116900274,354,79,275
116900275,706,122,584
116900276,653,1066,-413
116900277,213,101,112
116900278,3,7,-4
116900279,1,30,-29
116900280,140,29,111
116900281,4385,10790,-6405
116900282,4,20,-16
116900283,14,21,-7
116900284,10,104,-94
116900285,207,1009,-802
116900286,136,10,126
116900287,19,16,3
116900288,200,28,172
116900289,42,0,42
116900290,57,2,55
116900291,51,10,41
116900292,1,31,-30
116900293,157,1,156
116900294,16,176,-160
116900295,469,793,-324
116900296,49,602,-553
116900297,3,143,-140
116900298,107,266,-159
116900299,40,496,-456
116900300,1,185,-184
116900301,55,1168,-1113
116900302,70,387,-317
116900303,364,300,64
116900304,0,269,-269
116900305,76,82,-6
116900306,555,61,494
117000001,4427,7831,-3404
117000002,2678,7078,-4400
117000003,9346,7601,1745
117000004,2976,10719,-7743
117000005,6314,4976,1338
117000006,1459,4003,-2544
117000007,12228,2303,9925
117000008,1401,3988,-2587
117000009,7537,2693,4844
117000010,1496,3192,-1696
117000011,5860,2395,3465
117000012,2878,1499,1379
117000013,4693,2358,2335
117000014,2311,3223,-912
117000015,6338,3101,3237
117000016,548,1212,-664
117000017,133,3760,-3627
117000018,200,2084,-1884
117000019,84,9,75
117000020,1789,4290,-2501
117000021,5126,979,4147
117000022,312,1211,-899
117000023,108,1121,-1013
117000024,277,2685,-2408
117000025,185,9254,-9069
117000026,2610,8210,-5600
117000027,2758,5927,-3169
117000028,1533,5357,-3824
117000030,587,866,-279
117000031,832,682,150
117000032,2275,3428,-1153
117000033,3096,1967,1129
117000034,352,405,-53
117000035,663,926,-263
117000036,946,747,199
117000037,689,510,179
117000038,621,1193,-572
117000039,504,775,-271
117000040,238,842,-604
117000041,2076,108,1968
117000044,29,951,-922
117000045,2370,707,1663
117000046,659,2238,-1579
117000047,1711,1752,-41
117000048,2077,1896,181
117000049,30,468,-438
117000050,827,1749,-922
117000051,4504,72,4432
117000052,96,145,-49
117000053,1777,39,1738
117000054,3262,12,3250
117000055,2,1409,-1407
117000056,1063,27,1036
117000057,781,1893,-1112
117000060,691,2019,-1328
117000061,4425,3771,654
117000062,279,1993,-1714
117000063,3040,1518,1522
117000064,1132,1206,-74
117000066,655,1481,-826
117000067,131,940,-809
117000074,26,291,-265
117000076,40,40,0
117000077,358,195,163
117000078,323,1080,-757
117000079,752,378,374
117000080,1,872,-871
117000081,1481,275,1206
117000082,39,173,-134
117000083,305,11,294
117000084,378,1,377
117000085,873,1393,-520
117000086,1647,260,1387
117000087,245,766,-521
117000088,661,203,458
117000089,4966,326,4640
117000090,601,846,-245
117000091,2639,426,2213
117000092,734,1005,-271
117000093,3782,784,2998
117000094,1490,1745,-255
117000095,6051,966,5085
117000096,1269,1395,-126
117000097,4807,1522,3285
117000098,2099,2673,-574
117000099,8480,1804,6676
117000100,401,442,-41
117000101,168,796,-628
117000102,3971,979,2992
117000103,976,1459,-483
117000104,3048,1170,1878
117000105,497,1385,-888
117000106,4220,913,3307
117000107,821,1730,-909
117000108,3979,1518,2461
117000109,1590,2671,-1081
117000110,2891,3674,-783
117000111,7081,7162,-81
117000112,6993,1921,5072
117000113,208,136,72
117000114,627,213,414
117000115,121,61,60
117000116,315,428,-113
117000117,3066,1788,1278
117000118,885,1033,-148
117000119,240,1520,-1280
117000120,83,3846,-3763
117000121,49,2216,-2167
117000122,3165,3064,101
117000123,6968,90,6878
117000124,98,781,-683
117000125,90,2389,-2299
117000126,26,169,-143
117000127,168,1828,-1660
117000128,185,3730,-3545
117000129,542,2843,-2301
117000130,401,4,397
117000131,2,253,-251
117000132,9364,81,9283
117000133,6383,107,6276
117000134,0,556,-556
117000135,1,594,-593
117000136,1,190,-189
117000137,362,201,161
117000138,6,1717,-1711
117000140,637,1056,-419
117000141,3175,780,2395
117000181,624,172,452
117000182,4590,2360,2230
117000195,208,596,-388
117000196,582,298,284
117000225,30,516,-486
117000226,7,620,-613
117000276,619,58,561
117000277,0,136,-136
117000310,1731,4372,-2641
117000315,645,1511,-866
117000320,173,3,170
117000906,1271,17,1254
117000907,4,202,-198
117000908,7,417,-410
117000909,164,192,-28
117000910,468,160,308
117000911,73,125,-52
117000915,4,169,-165
117000916,118,19,99
117000917,2786,144,2642
117000918,529,114,415
117000919,15,41,-26
117000920,1,1463,-1462
117000921,1,289,-288
117000922,30,150,-120
117000924,2005,1897,108
117000926,1926,1382,544
117000927,289,911,-622
117000928,0,214,-214
117000929,1266,188,1078
117000930,1505,24,1481
117000931,185,323,-138
117900002,66,1612,-1546
117900003,115,325,-210
117900005,4,384,-380
117900006,1,125,-124
117900007,428,103,325
117900008,0,10,-10
117900010,741,162,579
117900011,34,2461,-2427
117900012,153,45,108
117900013,1,317,-316
117900014,1530,451,1079
117900015,25,185,-160
117900016,1561,2287,-726
117900017,1956,779,1177
117900018,794,1595,-801
117900019,1932,397,1535
117900020,122,436,-314
117900021,37,382,-345
117900022,45,5,40
117900023,6042,254,5788
117900024,153,275,-122
117900025,20,1,19
117900026,1416,354,1062
117900028,245,11,234
117900029,893,1111,-218
117900030,901,847,54
117900031,882,1728,-846
117900032,1302,833,469
117900033,1295,769,526
117900034,226,127,99
117900035,472,415,57
117900036,782,350,432
117900037,469,151,318
117900038,86,103,-17
117900039,0,61,-61
117900040,450,161,289
117900041,0,84,-84
117900042,3891,1037,2854
117900043,0,33,-33
117900044,143,9724,-9581
117900045,577,141,436
117900048,641,263,378
117900049,814,822,-8
117900050,28,1683,-1655
117900051,36,87,-51
117900052,223,1200,-977
117900053,3284,188,3096
117900054,1,15,-14
117900055,4985,850,4135
117900056,85,597,-512
117900057,1735,886,849
117900058,91,310,-219
117900059,162,464,-302
117900060,4865,2177,2688
117900061,73,757,-684
117900063,1334,387,947
117900065,382,1659,-1277
117900066,26,290,-264
117900067,1850,373,1477
117900069,2292,207,2085
117900070,56,703,-647
117900071,533,137,396
117900073,1770,296,1474
117900074,47,1303,-1256
117900075,241,170,71
117900076,155,294,-139
117900077,1402,167,1235
117900078,896,971,-75
117900080,406,108,298
117900081,208,362,-154
117900082,1320,471,849
117900083,1195,1020,175
117900086,538,243,295
117900087,280,70,210
117900088,769,1394,-625
117900089,4297,770,3527
117900090,1566,1136,430
117900091,267,83,184
117900092,312,145,167
117900093,112,76,36
117900094,139,77,62
117900095,1206,1957,-751
117900096,313,1247,-934
117900097,335,62,273
117900098,128,18,110
117900099,689,2007,-1318
117900100,1345,7,1338
117900101,2078,4602,-2524
117900102,152,53,99
117900103,213,23,190
117900104,32,714,-682
117900105,115,266,-151
117900106,220,40,180
117900107,147,1,146
117900109,1629,572,1057
117900110,456,3,453
117900111,2302,281,2021
117900112,112,25,87
117900113,1646,4564,-2918
117900114,67,0,67
117900115,70,784,-714
117900116,1175,722,453
117900117,1461,247,1214
117900118,466,2,464
117900119,584,53,531
117900120,2105,48,2057
117900121,155,106,49
117900122,1245,10740,-9495
117900123,2274,818,1456
117900124,346,1084,-738
117900125,2266,1696,570
117900126,175,351,-176
117900127,1363,406,957
117900128,918,251,667
117900129,305,5,300
117900130,1305,621,684
117900131,14,148,-134
117900132,14,137,-123
117900133,29,55,-26
117900134,50,308,-258
117900135,39,60,-21
117900136,0,15,-15
117900137,152,240,-88
117900138,0,2,-2
117900139,103,151,-48
117900140,11960,1425,10535
117900141,69,900,-831
117900142,22,1001,-979
117900144,65,2931,-2866
117900145,15,549,-534
117900146,184,900,-716
117900147,228,312,-84
117900148,7106,6381,725
117900149,139,148,-9
117900150,125,104,21
117900151,93,441,-348
117900152,137,271,-134
117900153,49,325,-276
117900154,1308,1254,54
117900156,515,586,-71
117900157,108,713,-605
117900158,533,202,331
117900160,1435,1040,395
117900161,1079,954,125
117900162,1485,605,880
117900163,46,1638,-1592
117900165,6,7,-1
117900166,20,568,-548
117900168,124,229,-105
117900169,1,66,-65
117900170,0,38,-38
117900171,7,17,-10
117900172,17,4,13
117900173,86,86,0
117900174,31,32,-1
117900175,7,56,-49
117900176,13,13,0
117900177,73,46,27
117900178,141,55,86
117900180,401,99,302
117900181,73,783,-710
117900182,1,127,-126
117900183,177,265,-88
117900184,72,141,-69
117900185,94,34,60
117900186,79,16,63
117900187,30,6,24
117900188,332,68,264
117900189,219,55,164
117900190,11,1,10
117900191,183,0,183
117900192,468,0,468
117900193,2,61,-59
117900194,10,3,7
117900195,13,177,-164
117900196,59,39,20
117900207,88,250,-162
117900208,61,56,5
117900209,318,94,224
117900210,198,119,79
117900211,3,59,-56
117900212,288,262,26
117900213,68,2,66
117900214,9,21,-12
117900215,94,35,59
117900216,23,237,-214
117900217,143,410,-267
117900218,186,252,-66
117900219,14,368,-354
117900220,9,830,-821
117900222,437,158,279
117900223,126,711,-585
118000001,1349,5456,-4107
118000002,1023,2044,-1021
118000003,3273,10112,-6839
118000004,1496,14204,-12708
118000005,7241,4620,2621
118000006,11141,7783,3358
118000007,8108,20482,-12374
118000008,1462,13689,-12227
118000009,2422,6195,-3773
118000010,5499,6097,-598
118000011,4453,2534,1919
118000012,1723,3084,-1361
118000013,5240,5367,-127
118000014,2922,2824,98
118000016,641,190,451
118000017,1603,610,993
118000018,702,205,497
118000019,1532,3340,-1808
118000020,691,3422,-2731
118000021,1109,5383,-4274
118000022,1596,1150,446
118000023,744,629,115
118000024,738,1294,-556
118000027,21701,10527,11174
118000029,1192,758,434
118000032,357,3298,-2941
118000033,2590,7327,-4737
118000034,4871,6561,-1690
118000035,3013,3227,-214
118000036,1503,2047,-544
118000037,1662,5059,-3397
118000038,1522,165,1357
118000039,282,107,175
118000040,3441,3414,27
118000041,7334,2954,4380
118000045,244,464,-220
118000046,1742,2725,-983
118000047,890,5843,-4953
118000048,2263,9802,-7539
118000051,1824,9413,-7589
118000052,955,3326,-2371
118000053,835,4110,-3275
118000054,6422,1578,4844
118000055,6450,2772,3678
118000056,72,1054,-982
118000057,265,433,-168
118000058,2847,10061,-7214
118000059,2199,5309,-3110
118000060,2483,1174,1309
118000061,2003,2654,-651
118000062,605,378,227
118000063,732,1537,-805
118000064,1170,2430,-1260
118000065,2860,3412,-552
118000066,3092,7132,-4040
118000067,585,1068,-483
118000068,1691,18683,-16992
118000069,1520,2524,-1004
118000070,13210,4228,8982
118000071,8071,19105,-11034
118000072,900,6811,-5911
118000073,551,3389,-2838
118000074,809,663,146
118000075,968,546,422
118000076,3673,17401,-13728
118000077,1685,3997,-2312
118000078,3033,5362,-2329
118000079,413,947,-534
118000080,651,3181,-2530
118000081,2503,3624,-1121
118000082,729,2102,-1373
118000083,2105,3543,-1438
118000084,2788,4881,-2093
118000086,193,1465,-1272
118000087,9391,4666,4725
118000088,1652,3505,-1853
118000089,6751,6329,422
118000090,1508,6876,-5368
118000091,2853,8768,-5915
118000092,1816,1220,596
118000093,190,1225,-1035
118000096,1473,1364,109
118000097,1074,1614,-540
118000098,274,742,-468
118000099,1552,566,986
118000101,3804,746,3058
118000102,758,839,-81
118000107,5651,939,4712
118000108,2030,8772,-6742
118000110,2,55,-53
118000111,3,234,-231
118000112,2353,21,2332
118000113,16,424,-408
118000114,2065,46,2019
118000115,48,15,33
118000116,118,3,115
118000117,1086,2811,-1725
118000118,2356,4140,-1784
118000119,2043,3862,-1819
118000120,1913,1921,-8
118000121,54,1123,-1069
118000122,886,641,245
118000123,118,477,-359
118000125,1691,5171,-3480
118000126,1072,5176,-4104
118000127,1817,2475,-658
118000128,495,4560,-4065
118000129,3622,2160,1462
118000130,3750,6055,-2305
118000131,884,2155,-1271
118000132,5003,4479,524
118000133,3332,1817,1515
118000135,1032,2359,-1327
118000136,284,3103,-2819
118000137,831,506,325
118000138,748,809,-61
118000139,1118,275,843
118000140,8489,16755,-8266
118000141,6226,2932,3294
118000142,6523,2997,3526
118000143,5779,2885,2894
118000144,1009,865,144
118000145,2361,1670,691
118000146,2524,616,1908
118000147,2198,1075,1123
118000148,1852,2310,-458
118000149,1575,501,1074
118000150,1532,389,1143
118000151,1502,453,1049
118000153,3150,1256,1894
118000154,2745,1595,1150
118000155,4827,1601,3226
118000156,4293,6878,-2585
118000157,1387,479,908
118000158,483,983,-500
118000159,61,155,-94
118000160,1367,504,863
118000161,1275,477,798
118000162,2230,1364,866
118000163,2139,1749,390
118000164,3707,2456,1251
118000168,798,2538,-1740
118000169,1958,1255,703
118000170,4842,3702,1140
118000171,738,908,-170
118000172,102,306,-204
118000173,1449,2813,-1364
118000175,350,402,-52
118000176,747,647,100
118000177,630,901,-271
118000178,101,41,60
118000179,1106,1064,42
118000180,1069,890,179
118000181,804,220,584
118000182,464,266,198
118000183,516,453,63
118000184,2567,635,1932
118000185,792,2784,-1992
118000186,553,2273,-1720
118000187,4497,680,3817
118000188,1626,101,1525
118000189,2151,535,1616
118000190,11,24,-13
118000191,12,46,-34
118000192,206,526,-320
118000193,124,239,-115
118000194,3882,1317,2565
118000195,586,11440,-10854
118000196,127,2336,-2209
118000197,49,391,-342
118000198,537,3611,-3074
118000199,542,3669,-3127
118000200,331,1774,-1443
118000201,111,1704,-1593
118000202,185,1261,-1076
118000203,431,2497,-2066
118000204,101,1187,-1086
118000205,141,661,-520
118000206,437,789,-352
118000207,0,96,-96
118000208,2944,2379,565
118000209,4549,1049,3500
118000210,229,52,177
118000211,220,93,127
118000213,907,11917,-11010
118000214,574,1802,-1228
118000215,651,224,427
118000216,17288,4100,13188
118000217,21,87,-66
118000218,262,35,227
118000219,323,552,-229
118000220,95,56,39
118000221,1536,1583,-47
118000222,65,33,32
118000223,185,46,139
118000224,265,92,173
118000225,398,3161,-2763
118000226,2190,281,1909
118000227,1858,860,998
118000228,97,887,-790
118000229,70,1789,-1719
118000230,192,613,-421
118000231,125,929,-804
118000232,1804,344,1460
118000233,2657,963,1694
118000234,1099,183,916
118000236,385,951,-566
118000237,380,484,-104
118000238,498,272,226
118000239,630,892,-262
118000240,176,141,35
118000241,669,233,436
118000242,877,305,572
118000243,610,190,420
118000244,200,72,128
118000246,0,57,-57
118000255,60,520,-460
118000256,253,338,-85
118000259,11,171,-160
118000260,578,109,469
118000261,229,48,181
118000263,195,427,-232
118000266,373,321,52
118000267,0,922,-922
118000268,653,32,621
118000270,573,28,545
118000271,387,234,153
118000272,160,35,125
118000273,649,95,554
118000274,157,638,-481
118000276,652,277,375
118000295,59,305,-246
118000298,280,153,127
118000299,139,90,49
118000301,1,232,-231
118000302,255,28,227
118000311,2676,82,2594
118000312,980,153,827
118000313,195,98,97
118000314,351,45,306
118000315,206,23,183
118000316,1773,601,1172
118000325,136,52,84
118000326,151,55,96
118000331,51,15,36
118000332,33,13,20
118000333,38,49,-11
118000335,1408,0,1408
118000336,2,308,-306
118000407,586,75,511
118000457,24,206,-182
118000465,846,4548,-3702
118000480,166,111,55
118000489,56,1347,-1291
118000490,52,645,-593
118000492,1086,201,885
118000510,79,46,33
118000514,183,1240,-1057
118000515,768,2385,-1617
118000517,904,282,622
118000524,162,1069,-907
118000525,864,1045,-181
118000530,44,344,-300
118000531,894,335,559
118000532,413,296,117
118000533,430,111,319
118000534,1593,486,1107
118000535,548,165,383
118000536,55,909,-854
118000537,39,272,-233
118000538,26,243,-217
118000539,96,254,-158
118000540,389,601,-212
118000541,102,172,-70
118000542,237,873,-636
118000543,422,851,-429
118000546,58,102,-44
118000553,0,0,0
118000557,0,0,0
118000560,1877,5107,-3230
118000562,186,190,-4
118000563,2096,1537,559
118000576,261,50,211
118000577,231,240,-9
118000578,172,36,136
118000579,819,3783,-2964
118000583,0,1,-1
118000595,308,106,202
118000596,2,996,-994
118000597,361,85,276
118000598,13,2,11
118000599,390,46,344
118000600,1,0,1
118000601,20,0,20
118000602,0,4,-4
118000603,0,18,-18
118900001,987,2161,-1174
118900002,1532,1486,46
118900003,1255,5,1250
118900004,315,90,225
118900005,221,17,204
118900006,358,6,352
118900007,1,2,-1
118900008,2043,101,1942
118900009,291,206,85
118900010,175,28,147
118900011,308,17,291
118900012,340,484,-144
118900013,2861,1034,1827
118900015,517,41,476
118900016,7,5,2
118900017,32,531,-499
118900018,2584,70,2514
118900019,1,4,-3
118900020,42,381,-339
118900021,140,1359,-1219
118900022,158,18,140
118900023,93,379,-286
118900024,128,267,-139
118900025,30,91,-61
118900026,52,15,37
118900027,1005,306,699
118900028,340,180,160
118900029,400,788,-388
118900030,1225,138,1087
118900031,140,49,91
118900032,348,104,244
118900033,565,1586,-1021
118900034,379,54,325
118900035,284,141,143
118900036,2042,613,1429
118900037,509,1392,-883
118900038,836,82,754
118900039,1429,246,1183
118900040,344,163,181
118900041,1394,578,816
118900042,151,51,100
118900045,322,216,106
118900046,510,470,40
118900047,575,668,-93
118900048,312,1344,-1032
118900049,388,65,323
118900050,152,7,145
118900051,60,359,-299
118900052,499,1120,-621
118900053,35,113,-78
118900054,262,22,240
118900055,452,13,439
118900056,22,924,-902
118900057,1374,768,606
118900058,1114,1347,-233
118900059,31,284,-253
118900060,264,80,184
118900062,593,194,399
118900064,481,1147,-666
118900065,110,359,-249
118900066,221,112,109
118900067,6027,6844,-817
118900068,15,1149,-1134
118900069,1015,407,608
118900071,14,9,5
118900072,1986,1419,567
118900073,439,206,233
118900074,544,114,430
118900075,475,49,426
118900076,400,313,87
118900077,1074,227,847
118900078,1,0,1
118900079,121,231,-110
118900080,280,85,195
118900081,91,95,-4
118900082,3667,417,3250
118900083,70,13,57
118900084,17,45,-28
118900085,479,569,-90
118900086,45,214,-169
118900087,262,1785,-1523
118900088,0,5,-5
118900089,16,72,-56
118900090,588,243,345
118900091,235,514,-279
118900092,664,69,595
118900093,148,62,86
118900096,82,52,30
118900097,456,735,-279
118900099,71,207,-136
118900100,151,514,-363
118900101,570,168,402
118900102,60,91,-31
118900103,25,203,-178
118900104,683,170,513
118900105,275,111,164
118900107,83,62,21
118900108,144,402,-258
118900110,2670,2038,632
118900111,1775,675,1100
118900112,401,778,-377
118900113,136,535,-399
118900114,10,287,-277
118900115,271,688,-417
118900116,143,319,-176
118900117,165,136,29
118900118,636,279,357
118900119,331,317,14
118900120,79,397,-318
118900121,9,200,-191
118900122,11,1498,-1487
118900123,283,328,-45
118900124,307,504,-197
118900126,90,403,-313
118900129,426,166,260
118900130,36,313,-277
118900131,860,190,670
118900132,649,322,327
118900133,38,394,-356
118900135,577,223,354
118900136,510,338,172
118900137,12,225,-213
118900139,794,288,506
118900140,1132,480,652
118900141,277,134,143
118900144,505,263,242
118900145,24,240,-216
118900146,949,574,375
118900147,189,1950,-1761
118900148,140,69,71
118900150,283,1040,-757
118900152,888,477,411
118900157,95,905,-810
118900158,494,57,437
118900159,1,279,-278
118900161,85,60,25
118900163,78,72,6
118900164,3,82,-79
118900165,164,64,100
118900166,13,10,3
118900167,102,56,46
118900168,62,158,-96
118900169,400,162,238
118900170,657,63,594
118900171,168,63,105
118900174,131,66,65
118900175,1121,453,668
118900176,310,329,-19
118900177,248,4,244
118900178,148,52,96
118900179,8,26,-18
118900181,329,86,243
118900182,39,89,-50
118900183,25,320,-295
118900184,257,75,182
118900185,267,49,218
118900186,59,411,-352
118900187,151,1076,-925
118900188,455,486,-31
118900189,75,928,-853
118900190,255,303,-48
118900191,907,95,812
118900192,1036,49,987
118900193,1849,18,1831
118900195,229,857,-628
118900196,46,170,-124
118900197,669,72,597
118900198,72,2,70
118900199,167,9,158
118900200,56,42,14
118900201,83,121,-38
118900202,5,107,-102
118900203,115,7,108
118900204,77,14,63
118900205,11,0,11
118900206,1,4,-3
119000001,2742,3626,-884
119000002,4842,7110,-2268
119000003,6210,1560,4650
119000004,4340,3837,503
119000005,3691,4690,-999
119000006,6715,2440,4275
119000007,7408,7116,292
119000008,3770,2998,772
119000009,3320,12115,-8795
119000010,6122,7395,-1273
119000011,3321,4287,-966
119000012,1787,5937,-4150
119000013,5183,2616,2567
119000014,3272,3909,-637
119000019,544,275,269
119000020,4738,2310,2428
119000021,8805,5369,3436
119000022,2067,7535,-5468
119000023,259,679,-420
119000024,3345,42034,-38689
119000025,6196,2116,4080
119000026,104,1075,-971
119000027,183,839,-656
119000028,3107,851,2256
119000029,51,302,-251
119000030,976,1009,-33
119000031,2559,1010,1549
119000032,2878,2417,461
119000033,3406,1159,2247
119000034,2826,970,1856
119000035,44,294,-250
119000036,5633,482,5151
119000037,3235,1010,2225
119000038,631,424,207
119000039,1366,938,428
119000040,1379,1761,-382
119000041,1512,3304,-1792
119000048,2910,2029,881
119000049,5992,3533,2459
119000050,1907,2320,-413
119000051,4645,1641,3004
119000052,7663,3297,4366
119000053,3348,1419,1929
119000054,5434,1488,3946
119000055,10529,1811,8718
119000056,7375,1884,5491
119000057,3212,1052,2160
119000058,2544,1462,1082
119000059,1605,1670,-65
119000060,3779,1026,2753
119000061,1238,671,567
119000062,1550,1048,502
119000063,1399,914,485
119000064,1220,1089,131
119000065,1700,4564,-2864
119000066,3419,1618,1801
119000067,2386,1690,696
119000068,3699,1149,2550
119000069,3138,1665,1473
119000070,5521,722,4799
119000071,503,631,-128
119000072,6334,3535,2799
119000073,6236,19357,-13121
119000074,2896,1637,1259
119000075,7356,3303,4053
119000076,212,871,-659
119000077,1160,490,670
119000078,796,255,541
119000079,310,548,-238
119000080,1610,213,1397
119000081,684,1112,-428
119000082,1867,321,1546
119000083,1231,650,581
119000084,448,581,-133
119000085,1024,119,905
119000086,375,1269,-894
119000087,1036,366,670
119000088,319,108,211
119000089,114,272,-158
119000090,175,46,129
119000091,105,285,-180
119000092,434,232,202
119000093,7480,4348,3132
119000094,8050,8674,-624
119000095,4481,11987,-7506
119000097,2284,1357,927
119000098,2047,12493,-10446
119000099,2915,1083,1832
119000100,9699,4985,4714
119000101,5290,2022,3268
119000102,595,2486,-1891
119000103,860,588,272
119000104,1945,1133,812
119000105,1777,5624,-3847
119000106,749,907,-158
119000107,2330,938,1392
119000108,1390,1069,321
119000109,263,884,-621
119000110,437,707,-270
119000111,104,1174,-1070
119000112,255,175,80
119000113,1225,340,885
119000114,3042,2321,721
119000115,176,335,-159
119000116,190,235,-45
119000117,250,569,-319
119000118,25,0,25
119000123,2266,6454,-4188
119000124,2412,348,2064
119000125,10092,761,9331
119000126,4344,843,3501
119000127,1489,374,1115
119000128,34,2,32
119000131,2189,253,1936
119000132,0,2,-2
119000133,1,11,-10
119000134,1700,1254,446
119000135,318,267,51
119000136,725,174,551
119000137,473,135,338
119000138,1689,90,1599
119000139,242,106,136
119000140,515,546,-31
119000284,1657,2293,-636
119000285,2359,1329,1030
119000286,4701,3872,829
119000287,1790,1907,-117
119000288,3532,1065,2467
119000289,1867,3638,-1771
119000290,263,398,-135
119000291,291,454,-163
119000293,177,311,-134
119000294,113,37,76
119000295,3215,325,2890
119000296,493,202,291
119000299,0,0,0
119000302,3485,1422,2063
119000303,18,805,-787
119000314,3405,20002,-16597
119000315,0,124,-124
119000316,568,85,483
119000317,203,124,79
119900001,187,3809,-3622
119900002,588,312,276
119900003,15,306,-291
119900004,173,4923,-4750
119900005,697,78,619
119900006,94,767,-673
119900007,793,417,376
119900008,24,56,-32
119900009,862,414,448
119900010,1142,781,361
119900011,26,534,-508
119900012,33,287,-254
119900013,1961,1958,3
119900014,840,184,656
119900015,683,98,585
119900016,125,121,4
119900017,69,77,-8
119900018,1119,2707,-1588
119900019,157,17,140
119900020,173,302,-129
119900021,454,103,351
119900022,97,1396,-1299
119900023,615,6395,-5780
119900025,852,24,828
119900026,1033,172,861
119900027,14,17,-3
119900028,355,351,4
119900029,12,8,4
119900030,984,516,468
119900031,69,1707,-1638
119900033,1108,261,847
119900034,1880,29,1851
119900037,343,14,329
119900038,16,945,-929
119900039,133,33,100
119900040,193,48,145
119900041,572,21,551
119900042,80,355,-275
119900043,274,139,135
119900044,309,1255,-946
119900046,557,18,539
119900047,787,444,343
119900048,123,23,100
119900049,309,2,307
119900050,123,290,-167
119900051,1512,24,1488
119900052,316,27,289
119900053,636,218,418
119900054,1009,19,990
119900055,1880,498,1382
119900057,725,18,707
119900058,868,12,856
119900059,130,43,87
119900060,620,117,503
119900062,295,9,286
119900063,21,140,-119
119900065,318,8,310
119900066,2,2,0
119900067,230,14,216
119900068,1611,6,1605
119900069,132,24,108
119900070,1641,8,1633
119900071,1711,57,1654
119900073,1761,266,1495
119900074,30,114,-84
119900075,2105,1888,217
119900076,1822,306,1516
119900077,1775,425,1350
119900078,1232,595,637
119900079,1520,79,1441
119900080,3429,811,2618
119900081,1430,18,1412
119900082,3553,214,3339
119900083,1121,42,1079
119900084,717,1006,-289
119900085,79,36,43
119900087,258,1985,-1727
119900088,37,19,18
119900089,42,112,-70
119900090,93,15,78
119900091,95,212,-117
119900092,49,494,-445
119900093,4463,255,4208
119900094,20,225,-205
119900095,180,104,76
119900096,59,109,-50
119900097,101,255,-154
119900098,116,29,87
119900099,46,157,-111
119900100,612,3210,-2598
119900101,203,1649,-1446
119900102,38,96,-58
119900103,64,116,-52
119900104,46,92,-46
119900105,986,3276,-2290
119900106,7,79,-72
119900107,308,1305,-997
119900108,4612,658,3954
119900109,20,113,-93
119900110,908,403,505
119900111,488,87,401
119900112,939,1814,-875
119900113,40,268,-228
119900114,316,624,-308
119900115,941,266,675
119900116,182,686,-504
119900117,642,306,336
119900118,299,185,114
119900119,686,211,475
119900120,639,424,215
119900121,1426,499,927
119900122,34,168,-134
119900123,290,401,-111
119900124,551,377,174
119900125,43,231,-188
119900126,2654,242,2412
119900127,663,375,288
119900128,944,456,488
119900129,527,166,361
119900130,7,101,-94
119900131,92,129,-37
119900132,2,27,-25
119900133,301,109,192
119900134,519,146,373
119900135,1,231,-230
119900136,70,218,-148
119900138,204,291,-87
119900139,36,212,-176
119900140,5,67,-62
119900141,43,1872,-1829
119900142,22,41,-19
119900143,32,297,-265
119900144,1171,254,917
119900145,85,399,-314
119900146,290,117,173
119900147,4,308,-304
119900148,590,54,536
119900149,659,13220,-12561
119900150,144,162,-18
119900151,2977,1692,1285
119900152,462,162,300
119900153,464,51,413
119900154,67,234,-167
119900155,52,29,23
119900156,26,10,16
119900157,562,202,360
119900158,394,103,291
119900159,1,352,-351
119900160,37,275,-238
119900161,243,171,72
119900162,2191,1050,1141
119900163,92,172,-80
119900164,0,3,-3
119900165,322,83,239
119900166,162,57,105
119900167,2,103,-101
119900168,3235,351,2884
119900169,51,414,-363
119900170,297,286,11
119900171,1112,397,715
119900172,46,18,28
119900173,25,115,-90
119900174,1,183,-182
119900175,4260,420,3840
119900177,20,149,-129
119900178,3,142,-139
119900179,460,1753,-1293
119900180,2739,779,1960
119900181,40,131,-91
119900182,3,94,-91
119900183,183,767,-584
119900184,755,467,288
119900185,129,703,-574
119900186,17,3527,-3510
119900187,9,231,-222
119900188,315,430,-115
119900189,154,501,-347
119900190,170,575,-405
119900191,184,811,-627
119900192,52,213,-161
119900193,1263,160,1103
119900194,26,65,-39
119900195,32,267,-235
119900196,402,124,278
119900197,779,476,303
119900198,248,334,-86
119900199,412,17,395
119900200,1541,709,832
119900201,272,243,29
119900202,110,593,-483
119900203,286,1500,-1214
119900204,596,436,160
119900205,2431,273,2158
119900206,648,200,448
119900208,170,121,49
119900209,1002,4546,-3544
119900210,158,12,146
119900211,52,5,47
119900212,747,353,394
119900213,7,95,-88
119900214,195,15,180
119900215,92,20,72
119900216,29,17,12
119900217,7,5,2
119900218,25,85,-60
119900219,34,60,-26
119900220,9,23,-14
119900221,86,69,17
119900222,16,67,-51
119900223,12,30,-18
119900224,23,9,14
119900225,275,27,248
119900226,198,3845,-3647
119900227,365,250,115
119900228,23,301,-278
119900229,104,276,-172
119900230,1169,253,916
119900231,578,84,494
119900232,224,112,112
119900233,114,14,100
119900234,20,282,-262
119900235,4,91,-87
119900236,32,281,-249
119900237,80,860,-780
119900238,5,171,-166
119900240,58,104,-46
119900241,319,181,138
119900242,2905,2045,860
119900244,965,1293,-328
119900245,603,402,201
119900246,178,672,-494
119900247,8,88,-80
119900248,30,1051,-1021
119900249,565,192,373
119900253,1530,343,1187
119900254,161,2964,-2803
119900255,213,905,-692
119900256,1376,402,974
119900257,314,17,297
119900258,507,51,456
119900259,11,66,-55
119900260,423,12,411
119900261,1017,243,774
119900262,0,153,-153
119900263,2358,220,2138
119900264,496,29,467
119900265,606,294,312
119900266,1362,180,1182
119900267,203,286,-83
119900268,722,80,642
119900269,2012,571,1441
119900271,86,162,-76
119900272,142,353,-211
119900275,284,5,279
119900276,266,8,258
119900277,35,9,26
119900278,971,132,839
119900279,179,733,-554
119900280,836,69,767
119900281,1,678,-677
119900282,40,204,-164
119900283,74,118,-44
119900284,93,225,-132
119900285,4,119,-115
119900286,1,22,-21
119900288,4,5,-1
119900289,0,8,-8
119900290,12,2,10
119900291,0,38,-38
119900292,53,140,-87
119900293,43,24,19
119900294,37,1,36
119900295,0,0,0
119900296,0,0,0
119900299,119,332,-213
119900300,412,330,82
119900301,129,545,-416
119900302,89,706,-617
119900303,586,118,468
119900304,353,15,338
119900305,9,115,-106
119900306,25,2,23
119900307,81,89,-8
119900308,7,77,-70
119900309,53,521,-468
119900310,332,297,35
119900311,391,47,344
119900312,397,49,348
119900313,351,287,64
119900314,428,719,-291
119900315,4338,1115,3223
119900318,20,237,-217
119900319,3,149,-146
119900320,710,365,345
119900321,415,19,396
119900322,14,78,-64
119900323,2,44,-42
119900324,0,68,-68
119900325,382,106,276
119900326,72,72,0
120000001,15785,55931,-40146
120000002,4117,3856,261
120000003,3180,1317,1863
120000004,4603,1441,3162
120000005,3551,1905,1646
120000006,2917,1395,1522
120000007,4374,7737,-3363
120000008,2266,1326,940
120000009,2166,1222,944
120000010,4136,4751,-615
120000011,2283,1870,413
120000012,3505,2557,948
120000013,7763,4551,3212
120000014,1824,3176,-1352
120000015,5476,3875,1601
120000016,7171,3793,3378
120000017,7838,8180,-342
120000018,5436,31984,-26548
120000019,1993,2398,-405
120000020,3555,5519,-1964
120000021,3005,3147,-142
120000022,3364,4626,-1262
120000023,2405,2390,15
120000024,1942,2973,-1031
120000025,4837,2196,2641
120000026,6499,2924,3575
120000027,4243,2961,1282
120000028,1276,3475,-2199
120000029,2006,3319,-1313
120000030,171,1799,-1628
120000031,2830,8700,-5870
120000032,6248,3674,2574
120000033,6230,1690,4540
120000034,6582,1563,5019
120000035,6855,2269,4586
120000036,6014,8732,-2718
120000037,923,3044,-2121
120000038,7284,5191,2093
120000039,1067,2430,-1363
120000040,100,3366,-3266
120000041,723,1669,-946
120000042,4033,2318,1715
120000043,8108,972,7136
120000044,11354,1748,9606
120000045,14018,1068,12950
120000046,6874,6723,151
120000047,1179,20796,-19617
120000048,16981,7050,9931
120000049,7351,8153,-802
120000050,5652,9994,-4342
120000051,3649,6903,-3254
120000052,8153,1215,6938
120000053,1856,1653,203
120000054,2208,2557,-349
120000055,1927,3741,-1814
120000056,6955,4634,2321
120000057,7070,1579,5491
120000058,1747,1564,183
120000059,23,2504,-2481
120000061,278,1756,-1478
120000062,263,458,-195
120000063,601,2226,-1625
120000064,549,835,-286
120000065,555,1491,-936
120000066,200,399,-199
120000067,24,153,-129
120000068,502,315,187
120000069,1333,389,944
120000070,302,436,-134
120000071,1678,120,1558
120000072,2178,679,1499
120000073,2125,99,2026
120000074,183,199,-16
120000075,1990,711,1279
120000076,4933,577,4356
120000077,4745,763,3982
120000078,3431,1420,2011
120000079,379,223,156
120000080,214,338,-124
120000081,391,119,272
120000082,318,278,40
120000083,93,1090,-997
120000084,482,455,27
120000085,405,375,30
120000086,310,330,-20
120000087,380,316,64
120000088,1381,1132,249
120000089,1557,596,961
120000090,1319,683,636
120000091,2005,846,1159
120000092,1566,475,1091
120000093,1502,602,900
120000094,648,1292,-644
120000095,1589,315,1274
120000096,959,472,487
120000098,1806,684,1122
120000099,921,700,221
120000100,1426,628,798
120000101,1493,457,1036
120000102,1580,1885,-305
120000103,3073,1645,1428
120000104,4104,599,3505
120000105,5528,440,5088
120000106,6720,472,6248
120000107,12372,673,11699
120000108,4789,156,4633
120000109,2564,78,2486
120000110,105,1018,-913
120000111,304,793,-489
120000112,757,1499,-742
120000113,701,1232,-531
120000114,569,1354,-785
120000115,572,1202,-630
120000116,683,1648,-965
120000117,778,1126,-348
120000118,111,163,-52
120000119,52,44,8
120000120,243,494,-251
120000121,17,70,-53
120000122,525,2090,-1565
120000123,2742,18371,-15629
120000124,861,1269,-408
120000125,2434,846,1588
120000126,807,5607,-4800
120000127,1141,2710,-1569
120000128,3654,10239,-6585
120000129,406,290,116
120000130,1650,785,865
120000131,874,1078,-204
120000134,578,410,168
120000135,2079,839,1240
120000137,593,310,283
120000138,4202,232,3970
120000139,846,246,600
120000140,3252,190,3062
120000141,566,536,30
120000142,1691,677,1014
120000143,1,27,-26
120000144,215,22,193
120000145,1527,3,1524
120000146,1902,2706,-804
120000149,1000,751,249
120000150,2248,18141,-15893
120000151,1092,597,495
120000152,2138,194,1944
120000153,917,667,250
120000154,1363,1070,293
120000155,526,875,-349
120000156,795,5249,-4454
120000157,2201,772,1429
120000158,1925,829,1096
120000159,3613,1768,1845
120000160,3494,2484,1010
120000161,6281,3646,2635
120000162,344,590,-246
120000163,1505,787,718
120000164,1247,208,1039
120000165,1743,540,1203
120000166,2864,461,2403
120000167,361,470,-109
120000168,6,1375,-1369
120000169,121,3029,-2908
120000170,30,2923,-2893
120000171,6,952,-946
120000172,14,633,-619
120000173,201,1741,-1540
120000174,41,75,-34
120000175,37,182,-145
120000176,38,101,-63
120000177,727,159,568
120000178,2,45,-43
120000179,31,121,-90
120000180,32,54,-22
120000181,139,2767,-2628
120000182,36,1675,-1639
120000183,4,424,-420
120000184,261,1963,-1702
120000186,33,2172,-2139
120000187,22,1561,-1539
120000188,53,1085,-1032
120000190,61,74,-13
120000191,57,177,-120
120000192,105,27,78
120000193,41,6,35
120000195,17,1,16
120000196,70,5,65
120000197,7,13,-6
120000198,644,24,620
120000199,857,0,857
120000200,517,2,515
120000201,125,186,-61
120000202,1,38,-37
120000203,559,198,361
120000207,6,33,-27
120000208,18,44,-26
120000209,15,19,-4
120000210,41,37,4
120000211,820,10,810
120000212,838,2,836
120000213,726,107,619
120000214,0,47,-47
120000215,7,75,-68
120000216,781,67,714
120000217,322,976,-654
120000218,28,350,-322
120000219,3,282,-279
120000220,3,747,-744
120000225,4827,10,4817
120000226,1164,18,1146
120000227,1695,180,1515
120000228,15345,7526,7819
120000230,1068,68,1000
120000231,3837,663,3174
120000233,1339,13,1326
120000235,758,625,133
120000236,3420,7,3413
120000237,3,1017,-1014
120000238,0,881,-881
120000241,2136,8487,-6351
120000412,268,5,263
120000413,1582,292,1290
120000414,586,15,571
120000415,2,61,-59
120000416,383,11,372
120000417,54,180,-126
120000418,927,24,903
120000419,67,37,30
120000420,102,13,89
120000421,11904,5945,5959
120000422,220,6018,-5798
120000423,8,311,-303
120000424,821,107,714
120000436,144,2320,-2176
120000437,107,203,-96
120000438,2172,394,1778
120000439,551,1488,-937
120000443,308,1,307
120000444,3160,630,2530
120000445,4250,2577,1673
120000446,4413,258,4155
120000447,1126,4,1122
120000449,682,4,678
120000450,28,82,-54
120000451,468,266,202
120000452,781,3,778
120000453,0,55,-55
120000454,66,130,-64
120000455,286,96,190
120000456,3210,10137,-6927
120000457,516,362,154
120000458,427,720,-293
120000459,410,135,275
120000665,175,855,-680
120000668,197,5393,-5196
120000669,811,164,647
120000670,106,1162,-1056
120000671,6669,1471,5198
120000672,90,681,-591
120900001,254,71,183
120900002,267,1452,-1185
120900003,333,51,282
120900004,57,395,-338
120900005,341,415,-74
120900006,1644,195,1449
120900007,648,99,549
120900008,1220,751,469
120900009,532,62,470
120900010,1400,307,1093
120900011,27,624,-597
120900012,31,2266,-2235
120900013,714,254,460
120900014,2,452,-450
120900015,1933,373,1560
120900016,4096,227,3869
120900017,2665,73,2592
120900018,546,232,314
120900019,667,798,-131
120900020,452,1010,-558
120900021,766,277,489
120900022,20,345,-325
120900023,648,128,520
120900024,2275,543,1732
120900025,1720,1033,687
120900026,220,171,49
120900027,895,44,851
120900028,1206,373,833
120900029,37,1702,-1665
120900030,4941,840,4101
120900031,648,129,519
120900032,2744,95,2649
120900033,2838,248,2590
120900034,44,6838,-6794
120900035,176,133,43
120900037,889,36,853
120900038,335,762,-427
120900039,259,79,180
120900040,766,6,760
120900041,13,43,-30
120900042,1170,37,1133
120900043,242,118,124
120900044,7,932,-925
120900045,195,56,139
120900046,1576,17,1559
120900047,317,383,-66
120900048,511,40,471
120900049,1465,10,1455
120900050,1523,5874,-4351
120900051,637,79,558
120900052,2568,13,2555
120900053,1000,37,963
120900054,1124,402,722
120900055,1531,5,1526
120900056,1700,78,1622
120900057,674,26,648
120900058,1643,5,1638
120900059,520,17,503
120900060,112,10,102
120900061,338,273,65
120900062,914,3,911
120900063,2680,60,2620
120900064,1895,1,1894
120900065,1620,2,1618
120900066,2261,141,2120
120900067,617,201,416
120900068,948,1,947
120900069,1385,36,1349
120900071,56,2,54
120900072,2347,32,2315
120900073,2573,88,2485
120900074,2994,123,2871
120900076,1284,1,1283
120900077,1898,671,1227
120900078,1714,310,1404
120900079,2904,106,2798
120900080,2910,289,2621
120900081,3315,480,2835
120900082,476,768,-292
120900083,240,1,239
120900084,1178,965,213
120900085,103,134,-31
120900086,82,1320,-1238
120900087,829,325,504
120900088,414,1596,-1182
120900089,2318,7075,-4757
120900090,755,37,718
120900091,271,1251,-980
120900092,177,280,-103
120900093,1294,156,1138
120900094,258,244,14
120900095,573,21,552
120900096,245,169,76
120900097,914,580,334
120900098,149,158,-9
120900099,92,97,-5
120900100,84,190,-106
120900101,57,139,-82
120900102,195,122,73
120900103,306,294,12
120900104,9,61,-52
120900105,65,489,-424
120900106,335,219,116
120900107,122,116,6
120900108,96,210,-114
120900109,42,440,-398
120900110,40,274,-234
120900111,240,206,34
120900112,43,195,-152
120900113,64,473,-409
120900114,69,309,-240
120900115,170,381,-211
120900116,1638,190,1448
120900117,60,131,-71
120900118,51,261,-210
120900119,14861,3884,10977
120900120,122,1060,-938
120900121,35,299,-264
120900122,1913,192,1721
120900123,55,68,-13
120900124,5,146,-141
120900125,4,319,-315
120900126,218,562,-344
120900127,73,179,-106
120900128,378,682,-304
120900129,9,151,-142
120900130,33,270,-237
120900131,330,152,178
120900132,2651,177,2474
120900133,120,508,-388
120900134,184,153,31
120900135,4,257,-253
120900136,113,222,-109
120900137,804,140,664
120900138,4,199,-195
120900139,4,158,-154
120900140,4,504,-500
120900141,406,303,103
120900142,3,142,-139
120900143,1,173,-172
120900144,0,57,-57
120900145,197,922,-725
120900146,2,200,-198
120900147,2,14,-12
120900148,464,147,317
120900149,0,124,-124
120900150,163,192,-29
120900151,1,121,-120
120900152,30,6,24
120900153,0,0,0
120900154,11,154,-143
120900155,427,356,71
120900156,675,209,466
120900157,6,17,-11
120900158,189,308,-119
120900159,12,52,-40
120900160,99,425,-326
120900161,34,478,-444
120900162,46,864,-818
120900163,221,1989,-1768
120900164,0,22,-22
120900165,2,73,-71
120900166,110,1640,-1530
120900167,184,109,75
120900169,312,234,78
120900170,239,9337,-9098
120900171,429,106,323
120900172,74,3263,-3189
120900173,13,19,-6
120900174,15,133,-118
120900175,361,158,203
120900176,39,805,-766
120900177,6,4223,-4217
120900178,0,1389,-1389
120900179,155,302,-147
120900180,39,553,-514
120900181,23,22,1
120900182,122,212,-90
120900183,1590,134,1456
120900184,553,122,431
120900185,1380,3067,-1687
120900186,1,141,-140
120900187,1767,758,1009
120900188,740,38,702
120900189,70,7704,-7634
120900190,673,5,668
120900191,404,6,398
120900192,6793,29632,-22839
120900194,169,407,-238
120900195,104,335,-231
120900196,811,93,718
120900197,1449,199,1250
120900198,149,412,-263
120900199,554,438,116
120900200,19,109,-90
120900201,266,84,182
120900202,1,106,-105
120900203,55,64,-9
120900204,104,168,-64
120900205,103,21,82
120900206,115,61,54
120900207,23,857,-834
121000001,1130,4999,-3869
121000002,3830,4238,-408
121000003,12168,3764,8404
121000004,3122,5814,-2692
121000005,3654,4808,-1154
121000006,4085,4765,-680
121000007,4482,10842,-6360
121000008,5119,8539,-3420
121000009,7553,14545,-6992
121000010,9248,10787,-1539
121000011,9299,13121,-3822
121000012,15361,7294,8067
121000013,10261,8774,1487
121000014,7363,5912,1451
121000015,8363,11104,-2741
121000016,5740,6545,-805
121000017,4199,2286,1913
121000018,5663,2816,2847
121000019,10527,9850,677
121000020,13221,20267,-7046
121000021,2830,2687,143
121000022,3600,5380,-1780
121000023,3654,1342,2312
121000024,6967,7306,-339
121000025,734,2544,-1810
121000026,594,287,307
121000027,2172,2044,128
121000028,1463,1262,201
121000029,1335,1132,203
121000030,1156,1093,63
121000031,623,1508,-885
121000032,201,276,-75
121000034,702,2291,-1589
121000035,475,976,-501
121000036,1591,2124,-533
121000037,1008,2737,-1729
121000038,481,1626,-1145
121000039,336,708,-372
121000041,808,590,218
121000042,240,530,-290
121000043,841,852,-11
121000044,2191,1925,266
121000045,783,491,292
121000046,1177,1365,-188
121000047,112,138,-26
121000049,1623,1139,484
121000050,476,3478,-3002
121000051,842,798,44
121000052,753,2022,-1269
121000053,932,515,417
121000054,96,1047,-951
121000055,1629,6182,-4553
121000056,1499,2048,-549
121000057,183,800,-617
121000058,206,148,58
121000059,4594,2169,2425
121000060,635,1845,-1210
121000061,50,663,-613
121000062,169,2266,-2097
121000063,1304,2040,-736
121000064,928,1424,-496
121000065,209,1108,-899
121000066,1024,2346,-1322
121000067,643,1904,-1261
121000068,609,807,-198
121000069,137,2257,-2120
121000070,1674,2750,-1076
121000071,3005,3424,-419
121000072,919,3422,-2503
121000073,1438,2540,-1102
121000074,102,626,-524
121000075,16,416,-400
121000076,449,894,-445
121000077,143,246,-103
121000078,227,559,-332
121000080,5044,1075,3969
121000081,7857,6839,1018
121000082,95,556,-461
121000083,76,261,-185
121000084,314,313,1
121000085,572,799,-227
121000086,2397,728,1669
121000087,149,379,-230
121000088,1383,632,751
121000089,296,1059,-763
121000090,227,769,-542
121000091,1684,1348,336
121000092,324,152,172
121000093,390,422,-32
121000094,436,1434,-998
121000095,248,1282,-1034
121000096,10690,3274,7416
121000097,822,4154,-3332
121000098,1064,683,381
121000099,1595,735,860
121000100,1787,306,1481
121000101,682,248,434
121000102,694,221,473
121000103,336,157,179
121000104,690,68,622
121000105,752,85,667
121000106,514,245,269
121000107,2377,4285,-1908
121000109,2039,1205,834
121000110,285,1101,-816
121000114,6185,4156,2029
121000115,6864,972,5892
121000116,642,1705,-1063
121000117,330,499,-169
121000118,2399,514,1885
121000119,520,308,212
121000120,884,662,222
121000121,717,3693,-2976
121000123,1120,629,491
121000126,89,635,-546
121000127,130,284,-154
121000128,2062,176,1886
121000129,1970,243,1727
121000130,947,760,187
121000131,1909,1125,784
121000132,802,1103,-301
121000135,438,698,-260
121000136,1335,2616,-1281
121000137,1998,600,1398
121000138,589,2262,-1673
121000139,249,790,-541
121000141,462,722,-260
121000142,781,878,-97
121000143,232,53,179
121000144,799,913,-114
121000145,1276,1136,140
121000146,1686,2366,-680
121000147,2037,877,1160
121000148,1349,1405,-56
121000149,4046,3901,145
121000152,507,680,-173
121000153,2323,735,1588
121000154,2413,871,1542
121000155,7118,2317,4801
121000156,717,2019,-1302
121000157,1579,1779,-200
121000158,344,474,-130
121000159,462,699,-237
121000160,443,945,-502
121000161,487,480,7
121000162,224,84,140
121000165,1667,2585,-918
121000166,65,880,-815
121000168,681,450,231
121000169,231,363,-132
121000170,483,146,337
121000171,235,495,-260
121000172,2228,3118,-890
121000173,2774,2623,151
121000174,1394,1144,250
121000175,3206,1610,1596
121000176,1402,499,903
121000177,1209,1547,-338
121000178,96,216,-120
121000179,61,123,-62
121000181,476,594,-118
121000182,474,739,-265
121000183,60,437,-377
121000184,54,1013,-959
121000185,55,762,-707
121000186,586,1651,-1065
121000187,473,105,368
121000188,597,85,512
121000192,1394,567,827
121000193,1321,612,709
121000194,3464,3689,-225
121000195,549,2471,-1922
121000196,993,1022,-29
121000197,174,3020,-2846
121000198,245,569,-324
121000199,247,1127,-880
121000200,999,413,586
121000201,12,868,-856
121000202,948,431,517
121000203,1073,2697,-1624
121000204,5346,1129,4217
121000205,170,388,-218
121000206,208,283,-75
121000207,3884,774,3110
121000208,4,275,-271
121000209,1479,118,1361
121000210,1225,662,563
121000211,1032,271,761
121000212,622,1123,-501
121000213,29908,5306,24602
121000214,2712,3847,-1135
121000215,1138,4769,-3631
121000216,914,1281,-367
121000217,6487,5738,749
121000218,605,4517,-3912
121000219,3020,1835,1185
121000220,457,206,251
121000221,382,1370,-988
121000222,9972,6830,3142
121000223,312,1711,-1399
121000224,266,1012,-746
121000225,874,9508,-8634
121000226,1236,4038,-2802
121000227,31,196,-165
121000228,62,1219,-1157
121000229,1049,1042,7
121000230,132,5368,-5236
121000231,3305,28,3277
121000232,1060,465,595
121000233,1115,611,504
121000234,25,91,-66
121000235,51,122,-71
121000236,8,34,-26
121000237,31,43,-12
121000238,4,65,-61
121000239,86,10,76
121000240,17,187,-170
121000241,163,19,144
121000242,42,438,-396
121000243,174,65,109
121000244,1,57,-56
121000245,34,16,18
121000246,1,104,-103
121000247,163,15,148
121000248,725,779,-54
121000249,145,656,-511
121000250,954,1087,-133
121000251,18,406,-388
121000252,186,248,-62
121000253,749,1700,-951
121000254,1513,667,846
121000255,248,1045,-797
121000256,633,886,-253
121000257,39,290,-251
121000258,62,523,-461
121000259,25,281,-256
121000260,45,418,-373
121000261,68,458,-390
121000262,4734,548,4186
121000263,609,680,-71
121000271,1914,2859,-945
121000273,51,78,-27
121000274,68,480,-412
121000275,4,40,-36
121000276,11,146,-135
121000278,178,120,58
121000279,127,289,-162
121000280,86,249,-163
121000289,1002,23,979
121000290,3197,2875,322
121000294,603,63,540
121000297,566,1805,-1239
121000299,212,9445,-9233
121000300,3525,1280,2245
121000302,72,1248,-1176
121000303,1060,484,576
121000304,708,127,581
121000305,533,180,353
121000306,388,646,-258
121000308,65,362,-297
121000309,264,637,-373
121000310,128,434,-306
121000311,73,431,-358
121000312,1043,715,328
121000313,492,376,116
121000314,94,111,-17
121000315,19,69,-50
121000530,3591,3666,-75
121000531,3725,2663,1062
121000532,8214,7828,386
121000533,5032,5673,-641
121000918,11,92,-81
121000919,33,132,-99
121000938,134,66,68
121000939,36,416,-380
121000956,2539,2359,180
121000957,7,116,-109
121000958,7,836,-829
121000959,2546,499,2047
121000960,3034,1445,1589
121000961,739,88,651
121000962,528,479,49
121000973,6,587,-581
121000976,20,110,-90
121000979,821,325,496
121000981,832,151,681
121000982,726,359,367
121000983,1163,237,926
121000984,6,134,-128
121000985,1608,838,770
121000986,1044,568,476
121000987,431,1006,-575
121000988,2066,172,1894
121001302,548,245,303
121001308,3,170,-167
121001309,64,474,-410
121001311,0,0,0
121001313,465,147,318
121001314,3223,2123,1100
121001315,8624,5473,3151
121001318,0,0,0
121900001,257,638,-381
121900002,55,336,-281
121900003,425,18,407
121900004,42,2616,-2574
121900005,39,22,17
121900006,303,91,212
121900007,3926,2698,1228
121900008,37,224,-187
121900009,2446,70,2376
121900010,400,4,396
121900011,384,226,158
121900012,7,1,6
121900013,254,160,94
121900014,6647,675,5972
121900015,163,303,-140
121900016,14,107,-93
121900017,1071,1570,-499
121900018,1181,5,1176
121900019,1185,294,891
121900020,101,1,100
121900021,2019,87,1932
121900022,369,415,-46
121900023,379,718,-339
121900024,1134,74,1060
121900025,862,1148,-286
121900026,853,190,663
121900027,577,466,111
121900028,458,28,430
121900029,155,943,-788
121900030,568,1011,-443
121900031,3160,10676,-7516
121900032,210,138,72
121900033,205,564,-359
121900034,297,931,-634
121900035,13752,6531,7221
121900036,264,637,-373
121900037,154,2080,-1926
121900038,106,160,-54
121900039,307,49,258
121900040,70,159,-89
121900041,30,321,-291
121900042,802,338,464
121900043,2,2,0
121900044,106,47,59
121900046,211,433,-222
121900047,219,133,86
121900048,140,114,26
121900050,60,143,-83
121900051,236,507,-271
121900052,344,112,232
121900053,761,531,230
121900054,473,3040,-2567
121900055,42,14,28
121900058,670,905,-235
121900059,529,223,306
121900060,177,783,-606
121900061,253,174,79
121900062,153,100,53
121900063,2527,982,1545
121900064,703,1247,-544
121900066,117,22,95
121900067,97,57,40
121900069,206,521,-315
121900070,168,402,-234
121900071,1367,797,570
121900072,38,301,-263
121900073,376,700,-324
121900074,683,1011,-328
121900075,398,1597,-1199
121900076,696,2733,-2037
121900077,42,17,25
121900078,255,65,190
121900079,1,0,1
121900080,1559,438,1121
121900082,134,167,-33
121900084,35,48,-13
121900085,0,5,-5
121900086,28,66,-38
121900087,106,179,-73
121900088,2264,2964,-700
121900089,709,444,265
121900090,11,38,-27
121900091,115,39,76
121900092,304,98,206
121900093,95,99,-4
121900094,13,27,-14
121900095,767,224,543
121900096,1584,1483,101
121900097,1381,216,1165
121900098,34,2,32
121900099,474,45,429
121900100,100,161,-61
121900101,125,159,-34
121900102,1,128,-127
121900103,643,606,37
121900104,3510,661,2849
121900105,313,284,29
121900106,12,14,-2
121900107,240,52,188
121900108,6,6,0
121900109,287,210,77
121900110,1350,898,452
121900111,1173,682,491
121900112,182,346,-164
121900113,135,1061,-926
121900114,52,110,-58
121900117,258,781,-523
121900118,4562,1460,3102
121900119,209,42,167
121900120,484,1432,-948
121900121,1062,35,1027
121900122,83,48,35
121900123,514,500,14
121900124,398,209,189
121900125,6304,2400,3904
121900127,9,284,-275
121900128,141,106,35
121900129,367,116,251
121900130,155,654,-499
121900131,518,155,363
121900132,105,137,-32
121900133,13,842,-829
121900134,29,850,-821
121900135,8236,557,7679
121900136,424,567,-143
121900137,43,545,-502
121900138,75,549,-474
121900139,568,5818,-5250
121900140,91,73,18
121900141,81,186,-105
121900142,146,81,65
121900143,33,185,-152
121900144,300,1159,-859
121900145,226,252,-26
121900146,695,1150,-455
121900147,55,679,-624
121900148,455,750,-295
121900149,544,514,30
121900150,70,470,-400
121900151,46,698,-652
121900152,255,70,185
121900153,59,232,-173
121900154,33,701,-668
121900155,8,1004,-996
121900156,223,333,-110
121900157,0,483,-483
121900158,101,230,-129
121900159,0,189,-189
121900160,99,302,-203
121900161,229,783,-554
121900162,128,346,-218
121900163,802,246,556
121900164,267,447,-180
121900165,250,390,-140
121900166,191,235,-44
121900167,69,82,-13
121900168,151,102,49
121900169,62,589,-527
121900170,28,180,-152
121900171,1485,1271,214
121900172,1181,817,364
121900173,1489,812,677
121900174,130,34,96
121900175,99,2114,-2015
121900176,1024,3716,-2692
121900177,218,142,76
121900178,121,119,2
121900179,563,780,-217
121900180,2524,8790,-6266
121900182,1076,1895,-819
121900183,294,2678,-2384
121900184,43,1859,-1816
121900186,7,941,-934
121900187,16,211,-195
121900188,3402,317,3085
121900189,290,97,193
121900190,371,900,-529
121900191,64,658,-594
121900192,371,4458,-4087
121900193,127,628,-501
121900194,8,313,-305
121900195,18,91,-73
121900196,2102,1548,554
121900197,463,1456,-993
121900198,6151,4589,1562
121900199,8,33,-25
121900200,80,439,-359
121900201,2370,1270,1100
121900202,452,1939,-1487
121900203,202,2319,-2117
121900204,3934,2264,1670
121900205,21,163,-142
121900206,21,374,-353
121900207,34,141,-107
121900208,187,1371,-1184
121900209,110,123,-13
121900210,3719,1836,1883
121900211,938,411,527
121900212,59,280,-221
121900213,944,39,905
121900214,4,876,-872
121900215,90,615,-525
121900216,25,787,-762
121900217,459,530,-71
121900218,193,1070,-877
121900220,109,39,70
121900221,1267,853,414
121900222,718,137,581
121900223,247,332,-85
121900224,210,284,-74
121900225,263,1494,-1231
121900226,477,26,451
121900227,621,5514,-4893
121900228,425,200,225
121900230,110,709,-599
121900231,50,2786,-2736
121900232,260,1180,-920
121900233,1157,341,816
121900234,532,714,-182
121900235,1277,263,1014
121900236,623,388,235
121900237,367,1592,-1225
121900238,363,979,-616
121900239,134,106,28
121900240,187,371,-184
121900241,83,54,29
121900242,45,0,45
121900243,9,0,9
121900244,21,0,21
121900245,868,88,780
121900246,12206,797,11409
121900247,961,364,597
121900248,3585,1152,2433
121900250,220,474,-254
121900251,1382,37,1345
121900252,631,225,406
121900253,49,1651,-1602
121900254,321,522,-201
121900255,1116,336,780
121900258,8927,2483,6444
121900259,144,782,-638
121900260,297,286,11
121900261,163,1115,-952
121900262,1301,2267,-966
121900263,374,233,141
121900264,1509,1137,372
121900265,761,257,504
121900266,1137,226,911
121900267,533,32,501
121900269,825,1777,-952
121900270,125,394,-269
121900271,82,394,-312
121900273,675,3571,-2896
121900274,745,448,297
121900277,333,2516,-2183
121900278,151,4934,-4783
121900279,273,356,-83
121900280,153,561,-408
121900281,204,783,-579
121900284,29,8,21
121900286,400,241,159
121900287,10,64,-54
121900288,1,1,0
121900290,296,2719,-2423
121900291,608,2959,-2351
121900292,203,267,-64
121900293,1218,12725,-11507
121900294,790,19,771
121900295,303,185,118
121900296,107,450,-343
121900298,179,2337,-2158
121900299,0,26,-26
121900300,99,13,86
121900301,44,6,38
121900302,7,107,-100
121900303,204,1694,-1490
121900304,93,36,57
121900305,80,65,15
121900306,591,3,588
121900307,492,6,486
121900308,27,206,-179
121900309,11,288,-277
121900310,11,172,-161
121900311,1046,34,1012
121900312,809,17,792
121900313,805,38,767
121900314,0,13,-13
121900315,74,7,67
121900316,0,4,-4
121900317,37,28,9
121900318,2,4,-2
121900319,96,442,-346
121900320,54,17,37
121900321,52,0,52
121900322,7,18,-11
121900323,101,47,54
121900324,14,128,-114
121900325,65,1,64
121900326,0,1,-1
121900327,4,42,-38
121900328,0,39,-39
121900329,2,41,-39
121900330,1,79,-78
121900331,68,98,-30
121900332,81,36,45
121900333,168,4,164
121900334,65,84,-19
122000001,2275,5242,-2967
122000002,3249,1238,2011
122000003,1332,2942,-1610
122000004,1448,1471,-23
122000005,10373,2739,7634
122000006,670,1679,-1009
122000007,849,2222,-1373
122000008,1575,3973,-2398
122000009,729,677,52
122000010,3320,3816,-496
122000011,8647,2976,5671
122000012,1012,5364,-4352
122000013,680,2787,-2107
122000014,8851,2749,6102
122000015,1528,1231,297
122000016,582,760,-178
122000017,2077,2215,-138
122000018,4894,3430,1464
122000019,1419,4204,-2785
122000020,351,994,-643
122000021,164,536,-372
122000022,1937,2865,-928
122000023,1685,3925,-2240
122000024,526,4762,-4236
122000025,702,5598,-4896
122000026,344,1447,-1103
122000027,1373,1147,226
122000028,4227,1470,2757
122000029,329,3244,-2915
122000030,197,372,-175
122000031,268,990,-722
122000032,8716,4458,4258
122000033,540,5947,-5407
122000034,312,2033,-1721
122000035,432,680,-248
122000036,712,1591,-879
122000037,1809,386,1423
122000038,292,938,-646
122000039,537,1414,-877
122000040,232,591,-359
122000041,2801,1673,1128
122000042,686,1509,-823
122000043,104,410,-306
122000044,116,198,-82
122000045,3534,1663,1871
122000046,1443,2683,-1240
122000047,74,390,-316
122000048,2497,6443,-3946
122000049,11168,6398,4770
122000050,882,1085,-203
122000051,319,743,-424
122000052,676,702,-26
122000053,410,1611,-1201
122000054,2501,4575,-2074
122000055,2104,4785,-2681
122000056,4843,3019,1824
122000057,6960,4182,2778
122000058,881,2225,-1344
122000059,935,4237,-3302
122000060,314,1627,-1313
122000061,183,1060,-877
122000062,686,411,275
122000063,239,1581,-1342
122000064,3879,9484,-5605
122000065,3091,6811,-3720
122000066,1050,5110,-4060
122000067,2207,3509,-1302
122000068,9597,2374,7223
122000069,2820,2486,334
122000070,3492,2453,1039
122000071,6897,1979,4918
122000072,2504,1193,1311
122000073,255,2558,-2303
122000074,3851,3344,507
122000075,1948,1665,283
122000076,12453,3194,9259
122000077,680,3064,-2384
122000078,452,3951,-3499
122000079,279,4498,-4219
122000080,656,839,-183
122000081,156,482,-326
122000082,318,1799,-1481
122000083,18793,1394,17399
122000084,7042,2954,4088
122000085,502,1454,-952
122000086,6073,14802,-8729
122000087,338,414,-76
122000088,100,422,-322
122000089,11066,5168,5898
122000090,1502,3641,-2139
122000091,179,2437,-2258
122000092,29,172,-143
122000093,2565,10147,-7582
122000094,12179,5344,6835
122000095,1112,10519,-9407
122000096,639,5988,-5349
122000098,7742,6622,1120
122000099,630,3912,-3282
122000100,918,1108,-190
122000101,403,757,-354
122000102,8634,2484,6150
122000103,1696,4539,-2843
122000104,2492,245,2247
122000105,366,781,-415
122000106,918,2868,-1950
122000107,1967,729,1238
122000108,1247,1270,-23
122000109,555,306,249
122000110,1184,907,277
122000111,4728,2068,2660
122000112,3375,2841,534
122000113,810,1271,-461
122000114,1969,6756,-4787
122000115,3511,2032,1479
122000116,362,740,-378
122000117,2130,527,1603
122000118,1233,623,610
122000119,3947,1950,1997
122000120,989,4357,-3368
122000121,781,2540,-1759
122000122,330,1015,-685
122000123,1261,2298,-1037
122000124,906,695,211
122000125,577,803,-226
122000126,469,844,-375
122000127,419,822,-403
122000128,343,502,-159
122000129,637,3826,-3189
122000130,4491,1555,2936
122000131,1743,1674,69
122000132,379,576,-197
122000133,1187,980,207
122000134,1693,956,737
122000135,645,251,394
122000136,1360,809,551
122000137,4365,1876,2489
122000139,1128,6392,-5264
122000140,195,3020,-2825
122000141,10735,5562,5173
122000142,212,6577,-6365
122000143,423,729,-306
122000144,2970,2517,453
122000145,976,2182,-1206
122000146,647,6451,-5804
122000147,582,2035,-1453
122000148,356,2423,-2067
122000149,2760,1449,1311
122000150,2410,1795,615
122000151,179,560,-381
122000152,632,704,-72
122000153,810,1006,-196
122000154,433,279,154
122000155,1914,4452,-2538
122000156,16964,7790,9174
122000157,781,17155,-16374
122000158,486,2120,-1634
122000159,1293,2098,-805
122000160,2699,2461,238
122000161,1539,1236,303
122000162,1670,1467,203
122000163,938,350,588
122000164,79,445,-366
122000165,1738,2923,-1185
122000166,1126,4289,-3163
122000167,465,1320,-855
122000168,397,2411,-2014
122000169,685,541,144
122000170,419,600,-181
122000171,38,151,-113
122000172,4335,2599,1736
122000173,2822,5489,-2667
122000174,1608,3462,-1854
122000175,930,784,146
122000176,646,2813,-2167
122000177,1140,2814,-1674
122000178,8804,6313,2491
122000179,5189,5760,-571
122000180,899,1533,-634
122000181,954,2209,-1255
122000182,1991,1903,88
122000183,4148,1654,2494
122000184,5130,4474,656
122000185,1693,5759,-4066
122000186,1129,4169,-3040
122000187,2779,3218,-439
122000188,653,592,61
122000189,393,638,-245
122000190,793,3076,-2283
122000191,1121,1213,-92
122000192,1808,813,995
122000193,806,1681,-875
122000194,943,651,292
122000195,243,2531,-2288
122000196,1591,535,1056
122000197,615,1161,-546
122000198,706,5429,-4723
122000199,546,802,-256
122000200,1331,1565,-234
122000201,2038,5464,-3426
122000202,1183,3632,-2449
122000203,3214,2175,1039
122000204,1672,1972,-300
122000205,917,928,-11
122000206,11813,1947,9866
122000207,2720,4168,-1448
122000208,3267,5919,-2652
122000209,3764,1642,2122
122000210,2899,6163,-3264
122000211,1744,3887,-2143
122000212,1297,814,483
122000213,1504,3065,-1561
122000214,2765,2866,-101
122000215,4449,2907,1542
122000217,2111,4644,-2533
122000218,1347,154,1193
122000219,3201,1644,1557
122000220,390,1259,-869
122000221,248,558,-310
122000222,873,204,669
122000223,945,1062,-117
122000225,830,616,214
122000226,1949,1844,105
122000227,342,2113,-1771
122000228,247,336,-89
122000229,13,498,-485
122000230,60,579,-519
122000231,392,801,-409
122000232,837,846,-9
122000233,1,104,-103
122000234,947,107,840
122000235,974,127,847
122000236,2679,73,2606
122000237,216,122,94
122000238,491,901,-410
122000239,1108,363,745
122000240,1739,788,951
122000241,4876,1054,3822
122000242,981,233,748
122000243,816,88,728
122000244,74,595,-521
122000245,122,86,36
122000246,824,339,485
122000247,925,443,482
122000248,2163,1120,1043
122000249,2709,1820,889
122000250,4176,2007,2169
122000251,117,332,-215
122000252,291,131,160
122000253,93,206,-113
122000254,696,97,599
122000255,565,869,-304
122000256,360,648,-288
122000257,677,106,571
122000258,429,373,56
122000259,50,470,-420
122000260,16,47,-31
122000261,20,560,-540
122000262,1,44,-43
122000263,452,506,-54
122000264,3041,858,2183
122000265,5044,2324,2720
122000266,6457,1321,5136
122000267,148,163,-15
122000268,290,576,-286
122000269,1654,624,1030
122000270,1027,677,350
122000271,200,6360,-6160
122000272,598,1965,-1367
122000273,823,756,67
122000274,485,361,124
122000275,63,287,-224
122000276,2381,843,1538
122000277,1695,2632,-937
122000278,3205,305,2900
122000279,410,388,22
122000280,916,953,-37
122000281,780,677,103
122000282,115,519,-404
122000283,317,305,12
122000284,109,139,-30
122000285,526,89,437
122000286,124,154,-30
122000287,2995,1729,1266
122000288,870,320,550
122000291,5759,1291,4468
122000293,333,138,195
122000294,241,613,-372
122000295,1878,227,1651
122000296,34,1738,-1704
122000297,3217,5717,-2500
122000299,1061,559,502
122000300,615,679,-64
122000301,13368,5527,7841
122000302,823,6830,-6007
122000303,3074,1496,1578
122000304,62,375,-313
122000305,2988,700,2288
122000306,227,382,-155
122000307,204,193,11
122000309,105,71,34
122000310,23,131,-108
122000311,38,185,-147
122000312,132,324,-192
122000313,64,190,-126
122000314,273,748,-475
122000315,454,70,384
122000316,2440,603,1837
122000317,4519,441,4078
122000318,405,3270,-2865
122000319,137,440,-303
122000320,373,1488,-1115
122000321,115,346,-231
122000322,2450,3563,-1113
122000323,682,3774,-3092
122000324,2998,3945,-947
122000325,1132,5754,-4622
122000326,178,140,38
122000327,549,2618,-2069
122000328,749,1605,-856
122000330,4998,4155,843
122000332,454,709,-255
122000333,29,66,-37
122000337,2044,418,1626
122000338,995,449,546
122000340,399,6485,-6086
122000342,3013,975,2038
122000343,865,654,211
122000344,280,20,260
122000345,30,33,-3
122000346,202,180,22
122000348,962,1132,-170
122000349,79,947,-868
122000351,476,459,17
122000352,261,311,-50
122000353,295,153,142
122000355,227,489,-262
122000356,310,4333,-4023
122000357,114,40,74
122000358,2,4,-2
122000359,0,26,-26
122000360,0,5,-5
122000362,30,26,4
122000364,555,260,295
122000365,4,83,-79
122000366,21,22,-1
122000368,702,1050,-348
122000370,57,17,40
122000371,78,0,78
122000372,25,1,24
122000381,455,645,-190
122000382,64,265,-201
122000384,1694,1888,-194
122000385,183,0,183
122000386,208,3648,-3440
122000387,539,3619,-3080
122000388,1943,3244,-1301
122000389,484,2320,-1836
122000390,386,1543,-1157
122000391,122,2870,-2748
122000392,239,285,-46
122000393,99,152,-53
122000394,1179,340,839
122000395,229,203,26
122000396,624,133,491
122000397,40,172,-132
122000398,27,379,-352
122000399,260,79,181
122000400,59,3062,-3003
122000401,221,108,113
122000402,952,310,642
122000403,1092,536,556
122000404,471,288,183
122000408,619,1078,-459
122000503,5,173,-168
122000524,66,1006,-940
122000544,117,4638,-4521
122000616,202,3,199
122000640,200,77,123
122000641,371,252,119
122000642,2702,668,2034
122000643,55,443,-388
122000644,384,119,265
122000645,54,219,-165
122000651,577,4802,-4225
122000664,339,283,56
122000665,3168,1180,1988
122000666,601,1287,-686
122000673,79,196,-117
122000674,1110,522,588
122000675,4013,982,3031
122000686,588,4280,-3692
122000687,3382,396,2986
122000688,499,934,-435
122000689,2187,415,1772
122000690,6127,364,5763
122000691,1651,1130,521
122000692,2019,361,1658
122000693,407,1044,-637
122000695,601,432,169
122000696,1453,327,1126
122000698,830,304,526
122000699,847,204,643
122000701,5157,331,4826
122000702,738,1943,-1205
122000703,418,218,200
122000712,0,0,0
122000717,181,125,56
122000718,404,4687,-4283
122000719,45,239,-194
122000720,1696,192,1504
122000724,143,21,122
122900001,32,42,-10
122900002,1147,12439,-11292
122900003,993,35,958
122900004,2858,228,2630
122900005,43,197,-154
122900006,490,1238,-748
122900007,88,157,-69
122900008,264,210,54
122900009,1867,558,1309
122900010,409,165,244
122900012,271,586,-315
122900014,148,165,-17
122900015,1919,1392,527
122900016,379,263,116
122900017,407,4077,-3670
122900018,452,10,442
122900019,24,75,-51
122900020,348,450,-102
122900021,54,677,-623
122900022,2328,1309,1019
122900023,1779,243,1536
122900024,133,181,-48
122900025,4,311,-307
122900026,7,148,-141
122900027,31,922,-891
122900028,102,69,33
122900029,14359,3470,10889
122900030,7158,783,6375
122900031,36,626,-590
122900032,2276,742,1534
122900033,234,266,-32
122900034,8222,7158,1064
122900035,27,25,2
122900036,111,64,47
122900037,803,1254,-451
122900038,103,4863,-4760
122900039,72,709,-637
122900040,354,2747,-2393
122900041,254,632,-378
122900042,283,448,-165
122900043,702,729,-27
122900044,203,616,-413
122900045,255,635,-380
122900046,200,547,-347
122900047,92,261,-169
122900048,29,526,-497
122900049,7439,345,7094
122900051,56,2474,-2418
122900052,187,77,110
122900053,13,42,-29
122900055,437,132,305
122900057,544,53,491
122900061,962,76,886
122900062,987,1419,-432
122900063,444,205,239
122900064,1151,479,672
122900065,1015,333,682
122900066,1112,410,702
122900067,974,613,361
122900068,128,342,-214
122900069,763,3419,-2656
122900070,550,77,473
122900071,106,515,-409
122900072,11,459,-448
122900073,23,154,-131
122900074,1743,207,1536
122900075,1,419,-418
122900076,9,705,-696
122900077,10,72,-62
122900078,426,41,385
122900080,35,88,-53
122900081,242,460,-218
122900082,1649,132,1517
122900083,65,86,-21
122900084,12,179,-167
122900086,32,169,-137
122900087,686,576,110
122900088,55,1169,-1114
122900089,46,759,-713
122900090,9,322,-313
122900091,699,4,695
122900092,0,220,-220
122900093,0,117,-117
122900094,1,226,-225
122900095,403,39,364
122900096,948,332,616
122900097,40,79,-39
122900098,24,154,-130
122900099,146,56,90
122900100,125,1319,-1194
122900101,867,446,421
122900102,68,60,8
122900103,608,8,600
122900104,585,11,574
122900105,26,46,-20
122900106,1,59,-58
122900107,4,112,-108
122900108,4,164,-160
123000001,882,1854,-972
123000002,3133,9845,-6712
123000003,8392,7488,904
123000004,5289,5095,194
123000005,6159,3468,2691
123000006,4811,2610,2201
123000007,6290,3520,2770
123000008,4440,4393,47
123000009,6220,5727,493
123000010,4262,8144,-3882
123000011,2397,3773,-1376
123000012,1051,9989,-8938
123000013,9530,2654,6876
123000014,1267,5325,-4058
123000015,4612,1731,2881
123000016,4039,4426,-387
123000017,6823,3119,3704
123000018,195,203,-8
123000019,1533,66,1467
123000020,1039,46,993
123000021,505,778,-273
123000022,1154,3623,-2469
123000023,3861,5778,-1917
123000024,3183,2085,1098
123000025,362,234,128
123000026,38,309,-271
123000027,57,1594,-1537
123000028,487,2880,-2393
123000029,413,2031,-1618
123000030,432,370,62
123000031,860,330,530
123000032,1299,309,990
123000033,722,345,377
123000034,2106,1261,845
123000035,593,933,-340
123000036,290,2257,-1967
123000037,347,224,123
123000038,121,584,-463
123000039,836,2472,-1636
123000040,697,268,429
123000041,862,2567,-1705
123000042,570,1875,-1305
123000043,2520,26022,-23502
123000044,3615,3519,96
123000045,6612,3254,3358
123000046,316,1812,-1496
123000047,616,1877,-1261
123000048,105,2601,-2496
123000049,7577,16188,-8611
123000050,4483,2831,1652
123000051,171,456,-285
123000052,1361,4866,-3505
123000053,4446,3819,627
123000054,5421,3333,2088
123000055,3599,9399,-5800
123000056,2199,857,1342
123000057,5534,9316,-3782
123000058,1177,2911,-1734
123000059,456,583,-127
123000060,2002,643,1359
123000061,537,716,-179
123000063,2723,2003,720
123000064,2991,371,2620
123000065,6053,4285,1768
123000066,776,833,-57
123000067,2413,898,1515
123000068,2675,2881,-206
123000069,4200,1508,2692
123000070,316,814,-498
123000071,4371,1177,3194
123000072,2192,784,1408
123000073,4597,1161,3436
123000074,2404,1972,432
123000075,775,3466,-2691
123000076,1719,721,998
123000077,3995,1929,2066
123000078,5811,1958,3853
123000079,5779,2891,2888
123000080,5361,1566,3795
123000081,486,732,-246
123000082,549,1149,-600
123000083,2490,274,2216
123000084,1980,698,1282
123000085,1156,220,936
123000086,2514,266,2248
123000087,927,308,619
123000088,2619,860,1759
123000089,2393,1881,512
123000090,3168,1424,1744
123000091,4069,2458,1611
123000092,1728,2324,-596
123000094,1786,276,1510
123000095,2111,1357,754
123000096,2723,718,2005
123000097,1751,534,1217
123000098,2322,801,1521
123000099,1831,493,1338
123000100,495,1428,-933
123000101,574,587,-13
123000102,905,1719,-814
123000104,739,702,37
123000105,602,406,196
123000106,1218,656,562
123000107,597,463,134
123000108,1049,1479,-430
123000111,2390,639,1751
123000112,3086,787,2299
123000113,1245,1273,-28
123000114,696,1214,-518
123000115,651,682,-31
123000116,88,217,-129
123000117,5160,2449,2711
123000118,1252,711,541
123000119,504,622,-118
123000120,470,1145,-675
123000121,1285,1437,-152
123000122,583,537,46
123000123,981,931,50
123000124,815,583,232
123000125,2778,1839,939
123000126,1723,9581,-7858
123000127,658,633,25
123000128,511,451,60
123000129,1776,260,1516
123000130,1954,92,1862
123000131,3400,1526,1874
123000132,546,1275,-729
123000133,244,544,-300
123000134,477,178,299
123000135,5470,1489,3981
123000136,376,616,-240
123000137,351,297,54
123000138,297,435,-138
123000139,1279,363,916
123000140,52,587,-535
123000141,1099,180,919
123000142,1735,1221,514
123000143,1201,3023,-1822
123000144,2,61,-59
123000145,219,583,-364
123000146,10,347,-337
123000147,91,381,-290
123000149,524,609,-85
123000150,209,432,-223
123000151,264,842,-578
123000152,12,590,-578
123000153,128,1201,-1073
123000154,1838,3080,-1242
123000155,3035,2897,138
123000156,65,205,-140
123000157,1397,1555,-158
123000158,933,1433,-500
123000159,5272,8694,-3422
123000160,2233,2796,-563
123000161,2746,2154,592
123000162,3742,3607,135
123000163,1452,374,1078
123000164,4565,345,4220
123000165,359,1455,-1096
123000166,51,119,-68
123000167,270,280,-10
123000168,692,263,429
123000169,2183,260,1923
123000170,270,85,185
123000171,2852,11,2841
123000172,155,661,-506
123000173,1331,678,653
123000174,1485,779,706
123000175,541,1155,-614
123000176,1719,765,954
123000177,567,1342,-775
123000178,1980,378,1602
123000179,87,1167,-1080
123000180,3018,715,2303
123000181,384,931,-547
123000182,437,547,-110
123000183,292,686,-394
123000184,78,941,-863
123000185,2009,1024,985
123000186,13,375,-362
123000187,1255,14,1241
123000188,822,5,817
123000189,396,163,233
123000190,162,69,93
123000192,6,431,-425
123000193,8,674,-666
123000194,302,253,49
123000195,802,36,766
123000196,1040,58,982
123000197,131,203,-72
123000198,199,250,-51
123000199,63,416,-353
123000200,1272,7,1265
123000201,2812,48,2764
123000202,31,493,-462
123000203,2475,89,2386
123000204,56,564,-508
123000205,209,708,-499
123000206,5275,316,4959
123000207,95,859,-764
123000208,1604,232,1372
123000209,3309,1032,2277
123000210,117,1706,-1589
123000211,534,1836,-1302
123000212,8706,674,8032
123000213,1037,41,996
123000215,118,413,-295
123000216,275,2431,-2156
123000217,338,44,294
123000218,34,868,-834
123000219,835,154,681
123000220,1213,188,1025
123000221,327,589,-262
123000222,749,550,199
123000223,1364,403,961
123000224,1074,505,569
123000225,517,54,463
123000226,162,378,-216
123000227,157,191,-34
123000228,703,49,654
123000229,850,1495,-645
123000232,174,673,-499
123000233,1627,215,1412
123000234,153,805,-652
123000235,2724,389,2335
123000236,527,748,-221
123000237,818,270,548
123000238,52,497,-445
123000239,431,929,-498
123000240,122,2142,-2020
123000241,1112,317,795
123000242,335,519,-184
123000243,1003,1331,-328
123000244,907,661,246
123000245,71,196,-125
123000249,740,1178,-438
123000252,1688,744,944
123000253,3070,1240,1830
123000254,1085,877,208
123000255,1714,1091,623
123000256,53,244,-191
123000257,3813,1701,2112
123000258,1485,728,757
123000259,1073,673,400
123000260,1380,333,1047
123000261,714,239,475
123000262,80,189,-109
123000263,999,124,875
123000264,237,74,163
123000265,74,169,-95
123000266,757,608,149
123000267,1464,534,930
123000268,140,39,101
123000269,72,219,-147
123000270,62,184,-122
123000271,50,50,0
123000272,1183,331,852
123000273,532,1960,-1428
123000274,2079,1769,310
123000275,345,1191,-846
123000278,2883,7673,-4790
123000279,454,140,314
123000280,539,419,120
123000281,658,384,274
123000282,196,623,-427
123000283,387,221,166
123000284,99,72,27
123000286,138,1013,-875
123000287,571,910,-339
123000288,1209,2689,-1480
123000289,296,3268,-2972
123000291,208,2036,-1828
123000294,111,199,-88
123000295,931,2192,-1261
123000296,1405,918,487
123000297,1653,595,1058
123000298,2507,561,1946
123000299,191,140,51
123000300,3017,1722,1295
123000301,257,829,-572
123000302,330,157,173
123000303,172,798,-626
123000305,1831,1511,320
123000306,482,101,381
123000309,83,207,-124
123000310,135,110,25
123000311,7,334,-327
123000312,776,563,213
123000313,1059,1032,27
123000315,308,396,-88
123000316,1545,471,1074
123000317,441,290,151
123000318,117,510,-393
123000329,6,38,-32
123000337,460,239,221
123000338,157,270,-113
123000339,720,40,680
123000340,152,514,-362
123000342,1,131,-130
123000343,387,44,343
123000344,658,246,412
123000345,558,505,53
123000346,1231,124,1107
123000352,1988,1511,477
123000353,183,162,21
123000354,900,31,869
123000355,1,427,-426
123000356,815,42,773
123000357,11,167,-156
123000359,37,68,-31
123000360,310,592,-282
123000361,635,377,258
123000362,720,201,519
123000363,319,280,39
123000364,853,885,-32
123000365,29,610,-581
123000366,480,6336,-5856
123000367,644,879,-235
123000370,61,261,-200
123000371,1102,169,933
123000372,842,109,733
123000373,40,398,-358
123000374,17,178,-161
123000375,1015,113,902
123000376,1681,1680,1
123000377,1489,49,1440
123000378,20,307,-287
123000379,6,470,-464
123000380,34,578,-544
123000381,86,320,-234
123000382,1116,268,848
123000383,171,1427,-1256
123000384,1647,422,1225
123000385,415,1372,-957
123000436,138,3187,-3049
123000507,72,206,-134
123000508,220,2508,-2288
123000517,353,32,321
123000518,53,168,-115
123000519,373,119,254
123000520,65,98,-33
123000521,1312,123,1189
123000522,356,279,77
123000541,11,0,11
123000542,0,14,-14
123000565,1331,90,1241
123000566,940,105,835
123000567,252,99,153
123000573,63,636,-573
123000574,1782,144,1638
123000575,4287,671,3616
123000576,1440,1113,327
123000577,163,1828,-1665
123000578,993,453,540
123000579,1336,13512,-12176
123000580,237,135,102
123000582,1363,33,1330
123000583,22,571,-549
123000584,358,431,-73
123000585,2,43,-41
123000586,487,2,485
123000596,175,119,56
123000597,184,291,-107
123000602,255,20,235
123000603,3080,644,2436
123000604,1573,335,1238
123000605,1666,108,1558
123000606,2,1219,-1217
123000609,41,662,-621
123000610,181,119,62
123000613,134,119,15
123000614,652,88,564
123000615,91,80,11
123000616,2074,70,2004
123000617,189,268,-79
123000618,18,716,-698
123000619,738,45,693
123000620,30,451,-421
123000622,1066,18,1048
123000624,427,63,364
123000630,4189,1079,3110
123000631,595,693,-98
123000632,1302,1183,119
123000633,1,307,-306
123000634,86,998,-912
123000635,144,296,-152
123000636,98,716,-618
123000637,309,141,168
123000638,1486,58,1428
123000639,1477,13433,-11956
123000640,18,546,-528
123000648,1020,179,841
123000649,39,732,-693
123900001,1646,121,1525
123900002,82,2938,-2856
123900003,205,810,-605
123900005,579,498,81
123900006,992,254,738
124000001,3255,281,2974
124000002,61,1611,-1550
124000003,2482,293,2189
124000004,122,543,-421
124000005,2012,2726,-714
124000006,278,596,-318
124000007,2032,249,1783
124000008,7,810,-803
124000009,1398,996,402
124000010,643,644,-1
124000011,1626,1828,-202
124000012,386,371,15
124000017,565,234,331
124000018,174,101,73
124000019,625,258,367
124000020,49,152,-103
124000021,287,159,128
124000022,97,221,-124
124000023,2612,2275,337
124000024,1676,549,1127
124000025,2166,2600,-434
124000026,1430,1270,160
124000027,4896,4795,101
124000028,1873,4310,-2437
124000030,2183,1489,694
124000031,1764,14280,-12516
124000032,1972,779,1193
124000033,1087,1275,-188
124000034,1385,1091,294
124000035,723,368,355
124000036,164,656,-492
124000037,537,1169,-632
124000038,8,170,-162
124000039,442,440,2
124000040,254,1182,-928
124000041,1216,290,926
124000042,220,469,-249
124000043,275,197,78
124000044,62,252,-190
124000045,3380,479,2901
124000046,371,844,-473
124000047,5713,739,4974
124000048,1532,783,749
124000049,3616,584,3032
124000050,1274,1112,162
124000051,2029,581,1448
124000052,1161,810,351
124000053,455,4162,-3707
124000054,835,285,550
124000055,1676,11364,-9688
124000056,1958,1012,946
124000057,3087,575,2512
124000058,1334,1264,70
124000059,2354,2153,201
124000060,699,587,112
124000061,2258,9714,-7456
124000062,3597,1478,2119
124000063,1501,1075,426
124000064,1930,1287,643
124000065,29,1646,-1617
124000066,248,161,87
124000067,290,188,102
124000068,199,311,-112
124000069,1213,209,1004
124000070,932,248,684
124000071,258,191,67
124000072,486,820,-334
124000073,1713,246,1467
124000074,381,757,-376
124000075,999,94,905
124000076,47,107,-60
124000077,303,1173,-870
124000078,1571,1367,204
124000079,308,1484,-1176
124000080,1725,251,1474
124000081,504,712,-208
124000082,130,288,-158
124000083,66,97,-31
124000084,83,1823,-1740
124000085,106,67,39
124000086,19,492,-473
124000087,93,335,-242
124000088,172,689,-517
124000089,1229,324,905
124000090,391,311,80
124000091,1255,341,914
124000092,504,877,-373
124000093,286,220,66
124000094,242,797,-555
124000095,272,113,159
124000096,337,204,133
124000097,283,218,65
124000098,205,69,136
124000099,465,107,358
124000100,81,157,-76
124000101,371,315,56
124000102,157,72,85
124000103,535,372,163
124000104,232,84,148
124000105,340,334,6
124000106,194,65,129
124000107,55,467,-412
124000108,87,16,71
124000109,230,166,64
124000110,128,112,16
124000111,561,136,425
124000112,1512,751,761
124000113,319,206,113
124000114,587,567,20
124000115,471,968,-497
124000116,184,299,-115
124000117,32,125,-93
124000118,49,96,-47
124000119,1495,1708,-213
124000120,1260,1198,62
124000121,1422,996,426
124000122,583,1633,-1050
124000123,1244,412,832
124000124,588,680,-92
124000125,706,363,343
124000126,410,532,-122
124000127,1634,463,1171
124000128,973,823,150
124000129,2336,1662,674
124000130,523,563,-40
124000131,1115,1135,-20
124000132,681,887,-206
124000133,2472,1569,903
124000134,1447,1018,429
124000135,2407,3235,-828
124000136,972,1122,-150
124000137,1469,1901,-432
124000138,1237,1403,-166
124000139,524,161,363
124000140,5,538,-533
124000141,240,53,187
124000142,6,571,-565
124000143,91,7,84
124000144,11,124,-113
124000145,176,73,103
124000146,23,106,-83
124000148,4,128,-124
124000149,1553,428,1125
124000150,328,952,-624
124000151,2032,787,1245
124000152,1167,1215,-48
124000153,1501,1483,18
124000154,851,834,17
124000155,1748,1030,718
124000156,1055,1132,-77
124000169,235,1510,-1275
124000170,1524,1088,436
124000171,487,944,-457
124000172,505,952,-447
124000173,1575,387,1188
124000174,858,839,19
124000175,28,96,-68
124000176,137,30,107
124000177,5,55,-50
124000178,70,96,-26
124000190,195,109,86
124000191,156,493,-337
124000192,1959,1173,786
124000193,354,7192,-6838
124000194,382,555,-173
124000195,598,747,-149
124000196,764,1152,-388
124000197,94,49,45
124000198,95,128,-33
124000201,77,719,-642
124000202,1158,186,972
124000203,1516,168,1348
124000204,3208,412,2796
124000205,224,320,-96
124000206,2170,368,1802
124000207,0,23,-23
124000209,320,256,64
124000210,1832,324,1508
124000211,1989,7,1982
124000212,1,147,-146
124000213,1439,116,1323
124000214,1307,369,938
124000215,1129,13,1116
124000216,3,205,-202
124000329,203,833,-630
124000338,148,530,-382
124000339,4095,51,4044
124000341,4117,139,3978
124000344,97,18,79
124000357,1593,5463,-3870
124000358,808,2662,-1854
124000359,1914,1148,766
124000360,2022,917,1105
124000361,3735,1628,2107
124000362,2435,4043,-1608
124000363,579,378,201
124000364,790,711,79
124000365,969,1280,-311
124000366,3241,939,2302
124000367,61,411,-350
124000368,530,2468,-1938
124000369,132,185,-53
124000370,58,1116,-1058
124000402,64,57,7
124000403,369,52,317
124000404,26,98,-72
124000405,1035,775,260
124000406,694,543,151
124000407,2,20,-18
124000411,13,434,-421
124000412,860,22,838
124000413,227,536,-309
124000414,228,123,105
124000415,172,44,128
124000416,289,153,136
124000417,577,218,359
124000418,614,74,540
124000419,216,44,172
124000420,316,35,281
124000421,105,59,46
124000422,58,17,41
124000423,176,64,112
124000424,11,53,-42
124000425,140,118,22
124000426,19,181,-162
124000427,120,34,86
124000428,3,778,-775
124000429,237,55,182
124000430,1198,690,508
124000431,480,548,-68
124000432,562,1219,-657
124000439,17,1,16
124000443,1,10,-9
124000445,204,5640,-5436
124000446,1706,497,1209
124900001,1681,468,1213
124900002,306,272,34
124900003,2256,459,1797
124900004,1995,304,1691
124900005,313,88,225
124900006,1892,364,1528
124900008,776,611,165
124900009,155,674,-519
124900010,414,173,241
124900011,1471,370,1101
124900012,433,133,300
124900013,1086,168,918
124900014,440,100,340
124900015,268,540,-272
124900016,184,345,-161
124900017,321,6354,-6033
124900018,348,14,334
124900020,292,42,250
124900021,715,72,643
124900022,63,1,62
124900024,1071,3,1068
124900026,71,52,19
124900027,249,568,-319
124900028,329,92,237
124900029,34,1072,-1038
124900030,0,97,-97
124900031,61,281,-220
124900032,496,282,214
124900033,208,167,41
124900034,35,414,-379
124900035,170,196,-26
124900036,9,158,-149
124900037,213,183,30
124900038,227,230,-3
124900039,4,62,-58
124900040,195,112,83
124900041,530,767,-237
124900042,35,0,35
124900043,693,499,194
124900044,189,0,189
124900045,413,1284,-871
124900046,644,320,324
124900047,75,187,-112
124900048,524,89,435
124900050,308,145,163
124900052,153,353,-200
124900053,290,307,-17
124900054,1264,573,691
124900055,1,129,-128
124900057,4,63,-59
124900060,27,313,-286
124900061,227,5,222
124900062,419,9,410
124900066,0,11,-11
124900067,13,101,-88
124900068,231,1183,-952
124900070,75,52,23
124900072,390,34,356
124900075,1543,179,1364
124900076,36,4744,-4708
124900077,27,142,-115
124900078,231,13,218
124900079,266,433,-167
124900080,810,282,528
124900081,2208,244,1964
124900082,570,548,22
124900083,599,467,132
124900085,662,671,-9
124900086,50,1479,-1429
124900087,331,159,172
124900088,145,133,12
124900089,596,19,577
124900090,1222,336,886
124900091,547,302,245
124900092,444,292,152
124900093,1164,317,847
124900094,1764,432,1332
124900095,252,1145,-893
124900096,511,124,387
124900097,1145,89,1056
124900098,279,383,-104
124900099,173,751,-578
124900100,837,28,809
124900101,79,335,-256
124900102,639,7,632
124900103,351,155,196
124900104,146,122,24
124900105,194,90,104
124900106,669,29,640
124900107,364,59,305
124900108,291,228,63
124900111,1,171,-170
124900112,247,353,-106
124900113,52,365,-313
124900114,80,287,-207
124900115,90,131,-41
124900116,712,771,-59
124900117,197,291,-94
124900118,196,2235,-2039
124900119,887,413,474
124900120,27,273,-246
124900121,112,856,-744
124900122,273,283,-10
124900123,102,135,-33
124900124,67,303,-236
204000001,333,14,319
204000002,5,20,-15
204000003,26,19,7
204000004,4,11,-7
204000005,723,576,147
204000006,1491,1423,68
204000011,36,33,3
204000012,96,81,15
204000019,1594,445,1149
204000020,2016,987,1029
204000021,2460,1462,998
204000022,2137,704,1433
204000023,1030,396,634
204000031,68,12,56
204000032,351,47,304
204000034,51,120,-69
204000035,0,12,-12
204000036,10,53,-43
204000037,1,26,-25
204000038,1,9,-8
204000039,8,16,-8
204000040,7,24,-17
204000041,11,54,-43
204000042,70,27,43
204000043,44,14,30
204000044,99,13,86
204000045,162,8,154
204000046,35,9,26
204000057,23,10,13
204000062,60,24,36
204000068,47,778,-731
204000069,223,1020,-797
204000070,70,136,-66
204000080,174,117,57
204000085,1377,1261,116
204000086,3068,1296,1772
204000087,63,16,47
204000088,9,66,-57
204000090,108,329,-221
204000093,1118,83,1035
204000096,3120,1016,2104
204000097,928,19,909
204000099,1374,4233,-2859
204000100,2703,2154,549
204000105,1983,763,1220
204000110,555,1529,-974
204000111,1077,917,160
204000112,819,1067,-248
204000113,475,1059,-584
204000114,1792,1979,-187
204000115,2401,1025,1376
204000116,1138,1314,-176
204000119,4069,2612,1457
204000132,1121,943,178
204000133,1585,122,1463
204000134,403,66,337
204000135,1279,88,1191
204000136,800,466,334
204000138,405,1784,-1379
204000140,500,160,340
204000141,307,127,180
204000144,14,10,4
204000145,1071,62,1009
204000146,21,285,-264
204000147,36,391,-355
204000148,376,113,263
204000154,26,23,3
204000155,1,18,-17
204000177,63,153,-90
204000179,28,27,1
204000180,0,73,-73
204000222,17,4,13
204000235,179,27,152
204000236,85,244,-159
204000238,7,26,-19
204000240,653,117,536
204000263,938,1323,-385
204000268,882,465,417
204000308,200,71,129
204000317,62,214,-152
204000322,73,148,-75
204000323,23,6,17
204000328,329,38,291
204000329,153,147,6
204000330,317,17,300
204000331,130,195,-65
204010341,37,194,-157
205000001,930,1169,-239
205000013,202,183,19
205000014,217,153,64
205000015,317,111,206
205000016,161,154,7
205000017,165,92,73
205000022,404,497,-93
205000025,2141,803,1338
205000029,822,49,773
205000045,353,267,86
205000046,344,355,-11
205000047,106,418,-312
205000048,535,529,6
205000049,260,496,-236
205000050,1042,349,693
205000059,1,939,-938
205000060,3,1508,-1505
205000061,33,2497,-2464
205000062,13,2555,-2542
205000063,92,2500,-2408
205000064,252,745,-493
205000065,947,722,225
205000066,481,468,13
205000067,329,540,-211
205000069,117,20,97
205000082,221,364,-143
205000110,121,236,-115
205000111,191,155,36
205000112,239,127,112
205000113,118,212,-94
205000121,212,188,24
205000123,265,213,52
205000126,1099,115,984
205000127,1320,131,1189
205000128,637,62,575
205000129,1282,72,1210
205000130,75,36,39
205000131,21,43,-22
205000132,101,35,66
205000133,81,6,75
205000134,466,1,465
205000137,585,115,470
205000138,604,345,259
205000139,97,74,23
205000144,118,85,33
205000145,365,277,88
205000151,305,74,231
205000152,228,120,108
205000153,300,123,177
205000154,153,143,10
205000155,254,31,223
205000207,4,132,-128
205000233,41,0,41
205000234,0,2,-2
205000243,1,0,1
205000244,0,2,-2
205000245,13,346,-333
205000249,0,42,-42
205000250,1,1,0
205000264,48,99,-51
206000027,21,36,-15
206000028,36,11,25
206000043,4,74,-70
206000053,6,9,-3
206000054,4,51,-47
206000055,0,15,-15
206000075,24,16,8
206000076,58,15,43
206000077,46,11,35
206000078,24,24,0
206000079,23,10,13
206000082,311,158,153
206000100,62,876,-814
206000103,2,18,-16
206000104,11,21,-10
206000105,26,19,7
206000106,11,26,-15
206000108,875,116,759
206000125,167,0,167
206000157,23,495,-472
206000170,0,206,-206
206000171,31,254,-223
206000172,40,249,-209
206000173,9,155,-146
206000174,41,53,-12
206000175,10,58,-48
206000176,36,69,-33
206000177,0,51,-51
206000178,0,557,-557
206000179,3,671,-668
206000180,20,116,-96
206000181,28,55,-27
206000182,6,70,-64
206000183,21,118,-97
206000184,4,64,-60
206000185,14,40,-26
206000186,136,257,-121
206000223,21,564,-543
206000226,53,5,48
206000227,39,10,29
206000237,41,151,-110
206000238,58,199,-141
206000239,318,1859,-1541
206000240,0,94,-94
206000241,0,89,-89
206000242,23,172,-149
206000243,48,47,1
206000244,124,132,-8
206000245,2062,109,1953
206000246,723,16,707
206000247,823,19,804
206000248,1011,75,936
206000252,130,104,26
206000258,5,64,-59
206000315,103,10,93
206000317,622,220,402
206000318,844,89,755
206000319,3350,173,3177
206000320,795,68,727
206000321,844,19,825
206000322,1380,31,1349
206000323,508,11,497
206000324,613,59,554
206000325,405,28,377
206000326,455,122,333
206000327,63,44,19
206000328,456,31,425
206000329,607,11,596
206000330,101,7,94
206000331,575,5,570
206000332,116,3,113
206000333,1953,4,1949
206000334,1180,2,1178
206000335,0,38,-38
206000361,13,173,-160
206000392,0,15,-15
206000405,261,1,260
206000441,102,46,56
206000498,57,4,53
206000515,59,49,10
206000530,449,122,327
206000531,192,480,-288
206000532,1146,711,435
206000535,120,5110,-4990
206000536,28,70,-42
206000537,38,148,-110
206000613,822,372,450
207000001,235,436,-201
207000002,190,424,-234
207000003,219,204,15
207000007,2538,198,2340
207000008,597,14,583
207000009,154,39,115
207000010,546,345,201
207000012,642,220,422
207000015,461,559,-98
207000019,525,125,400
207000021,493,450,43
207000022,359,219,140
207000023,400,127,273
207000024,2,65,-63
207000025,26,113,-87
207000026,117,44,73
207000027,23,71,-48
207000028,93,207,-114
207000029,170,535,-365
207000033,347,375,-28
207000034,434,189,245
207000039,923,61,862
207000040,1026,64,962
207000041,247,45,202
207000042,655,63,592
207000043,363,288,75
207000051,186,390,-204
207000052,24,205,-181
207000053,460,391,69
207000054,77,88,-11
207000055,285,112,173
207000056,317,363,-46
207000057,169,198,-29
207000058,233,192,41
207000059,184,190,-6
207000060,80,382,-302
207000061,121,1482,-1361
207000062,1206,37,1169
207000063,1137,80,1057
207000064,619,96,523
207000065,566,255,311
207000066,721,254,467
207000067,95,117,-22
207000068,213,63,150
207000069,1154,313,841
207000082,29,177,-148
207000083,150,226,-76
207000084,968,448,520
207000085,532,102,430
207000086,651,25,626
207000106,134,32,102
207000107,281,22,259
207000108,233,0,233
207000109,145,12,133
207000110,86,120,-34
207000111,112,165,-53
207000112,112,2210,-2098
207000114,63,49,14
207000115,94,92,2
207000116,52,529,-477
207000117,4,168,-164
207000118,0,95,-95
207000119,38,70,-32
207000123,369,24,345
207000124,193,24,169
207000125,54,23,31
207000126,66,29,37
207000134,365,196,169
207000135,69,277,-208
207000148,157,899,-742
207000149,79,29,50
207000152,177,588,-411
207000153,286,652,-366
207000154,539,365,174
207000159,228,156,72
207000160,343,227,116
207000238,3,235,-232
207000242,5,66,-61
207000248,39,43,-4
207000249,230,32,198
207000250,674,215,459
207000251,119,146,-27
207000252,41,45,-4
207000278,320,207,113
207000279,78,132,-54
207000280,1475,62,1413
207000281,372,290,82
207000282,42,677,-635
207000283,18,223,-205
207000284,35,2107,-2072
207000285,86,112,-26
207000291,30,107,-77
207000304,67,95,-28
207000306,111,355,-244
207000310,244,186,58
207000353,190,15,175
207000356,20,216,-196
207000357,0,46,-46
207000358,4,38,-34
207000415,7,169,-162
207000417,79,4,75
207000418,170,118,52
207000438,0,0,0
207000439,572,409,163
207000446,478,5,473
207000460,245,14,231
207000466,163,218,-55
207000467,896,82,814
207000468,121,178,-57
207000476,3,18,-15
207000477,860,30,830
207000478,2,45,-43
207000523,0,20,-20
207000524,97,1,96
207000527,369,179,190
207000530,1422,9,1413
207000531,644,17,627
207000532,257,108,149
207000534,181,44,137
207000535,11,553,-542
207000537,16,77,-61
207000540,4,93,-89
207000541,3,217,-214
207000548,18,209,-191
207000549,824,69,755
207000561,398,321,77
207000562,35,135,-100
207000567,97,217,-120
207000568,768,52,716
207000569,1817,177,1640
207000584,50,322,-272
207000585,30,267,-237
207000587,217,27,190
207000616,0,131,-131
207000617,236,3,233
207000624,30,27,3
207000631,8,38,-30
207900008,760,107,653
208000001,1058,1789,-731
208000002,1195,1212,-17
208000003,1188,672,516
208000004,1391,1951,-560
208000005,3,133,-130
208000019,1789,626,1163
208000020,528,276,252
208000021,447,430,17
208000022,1229,384,845
208000028,1431,1971,-540
208000033,516,304,212
208000034,942,1603,-661
208000037,1167,111,1056
208000040,373,130,243
208000041,1410,774,636
208000042,2420,716,1704
208000047,180,233,-53
208000064,2841,2068,773
208000066,1612,1997,-385
208000070,1064,720,344
208000071,1237,420,817
208000072,1401,796,605
208000080,491,1176,-685
208000081,677,158,519
208000082,1158,292,866
208000083,327,260,67
208000084,19,139,-120
208000085,1230,811,419
208000086,1160,1615,-455
208000087,762,1020,-258
208000089,1658,458,1200
208000090,1474,548,926
208000093,31,260,-229
208000094,732,363,369
208000095,1066,850,216
208000104,2509,603,1906
208000105,1635,988,647
208000114,143,615,-472
208000115,885,611,274
208000116,2115,2000,115
208000117,53,202,-149
208000118,279,623,-344
208000155,1397,1868,-471
208000158,2557,3656,-1099
208000186,1261,2916,-1655
208000204,1509,1373,136
208000205,2728,955,1773
208000282,1257,1823,-566
209000004,1267,277,990
209000005,146,232,-86
209000006,476,318,158
209000007,572,900,-328
209000010,377,698,-321
209000011,152,400,-248
209000012,229,267,-38
209000013,526,329,197
209000014,886,558,328
209000025,959,117,842
209000026,1664,267,1397
209000027,684,348,336
209000028,528,293,235
209000029,826,2971,-2145
209000030,786,2885,-2099
209000031,6838,2296,4542
209000034,475,692,-217
209000035,397,642,-245
209000036,629,432,197
209000037,912,443,469
209000038,404,206,198
209000039,202,156,46
209000040,497,682,-185
209000041,328,468,-140
209000042,712,286,426
209000043,788,866,-78
209000044,433,966,-533
209000045,839,318,521
209000046,1004,373,631
209000047,727,335,392
209000048,783,757,26
209000049,173,83,90
209000050,268,107,161
209000051,406,171,235
209000052,241,293,-52
209000062,113,61,52
209000063,95,50,45
209000064,106,26,80
209000065,345,68,277
209000066,220,31,189
209000067,339,63,276
209000080,15,274,-259
209000082,111,67,44
209000091,81,96,-15
209000093,68,99,-31
209000094,89,282,-193
209000110,95,242,-147
209000111,680,2822,-2142
209000112,1684,1011,673
209000113,3132,2514,618
209000114,1380,1533,-153
209000115,115,119,-4
209000116,763,427,336
209000118,26,189,-163
209000119,27,142,-115
209000121,220,558,-338
209000135,57,186,-129
209000142,1199,4727,-3528
209000143,63,357,-294
209000144,85,891,-806
209000229,284,123,161
209000240,101,341,-240
209000259,63,158,-95
209000260,45,773,-728
209000261,7,290,-283
209000262,3,211,-208
209000263,3,807,-804
209000264,0,169,-169
209000265,851,1,850
209000266,218,0,218
209000267,2211,9,2202
209000268,610,164,446
210000037,154,195,-41
210000047,160,6,154
210000048,197,43,154
210000049,181,6,175
210000052,123,72,51
210000053,80,47,33
210000054,22,108,-86
210000070,317,8,309
210000071,359,1,358
210000072,100,0,100
210000073,0,20,-20
210000074,0,139,-139
210000075,0,297,-297
210000076,16,367,-351
210000077,13,494,-481
210000078,20,415,-395
210000079,44,131,-87
210000080,57,456,-399
210000081,395,13,382
210000082,31,3,28
210000083,105,0,105
210000084,141,0,141
210000085,0,70,-70
210000086,8,108,-100
210000099,102,222,-120
210000100,97,186,-89
210000101,157,160,-3
210000105,20,373,-353
210000159,1,299,-298
210000163,66,263,-197
210000164,342,281,61
210000168,607,142,465
210000187,0,42,-42
210000188,0,45,-45
210000214,18,0,18
210000219,84,71,13
210000220,206,45,161
210000232,6,18,-12
210000233,21,20,1
210000234,46,62,-16
210000235,94,65,29
210000245,3,45,-42
210000246,26,0,26
210000258,22,97,-75
210000259,381,77,304
210000282,45,256,-211
210000285,0,143,-143
210000286,20,167,-147
210000290,0,14,-14
210000295,100,218,-118
210000296,121,84,37
210000320,345,66,279
210000321,322,23,299
210000338,88,204,-116
210000339,174,856,-682
210000340,192,348,-156
210000341,316,296,20
210000342,341,221,120
210000343,326,330,-4
210000344,138,374,-236
210000345,216,583,-367
210000346,99,323,-224
210000347,65,414,-349
210000348,200,324,-124
210000349,113,155,-42
210000350,223,148,75
210000351,344,51,293
210000352,50,33,17
210000353,34,47,-13
210000354,59,51,8
210000355,43,413,-370
210000356,34,606,-572
210000357,62,631,-569
210000358,960,515,445
210000359,139,888,-749
210000360,352,674,-322
210000361,415,273,142
210000362,528,340,188
210000363,1084,370,714
210000364,355,204,151
210000365,301,96,205
210000366,364,78,286
210000367,255,34,221
210000368,242,50,192
210000369,34,224,-190
210000370,121,358,-237
210000372,56,97,-41
210000373,36,289,-253
210000374,124,426,-302
210000375,40,56,-16
210000376,47,629,-582
210000404,80,140,-60
210000439,126,12,114
210000472,89,6,83
210000482,54,178,-124
210000564,389,274,115
210000567,2,94,-92
210000568,348,4,344
211000092,168,37,131
211000094,61,4,57
211000169,338,6,332
211000172,30,124,-94
211000209,1,52,-51
211000226,30,25,5
211000270,161,36,125
211000275,23,22,1
211000276,277,27,250
211000279,18,30,-12
211000281,212,22,190
211507980,1,143,-142
211977296,40,4,36
212000003,450,176,274
212000004,5,205,-200
212000005,29,246,-217
212000006,67,297,-230
212000008,356,332,24
212000009,144,163,-19
212000012,185,33,152
212000013,67,28,39
212000014,599,94,505
212000015,635,102,533
212000016,826,348,478
212000027,579,276,303
212000028,372,232,140
212000029,289,177,112
212000030,65,34,31
212000031,84,52,32
212000048,98,820,-722
212000049,16,354,-338
212000050,24,25,-1
212000051,454,117,337
212000052,365,146,219
212000053,256,192,64
212000054,847,67,780
212000055,650,128,522
212000056,12,71,-59
212000057,6,63,-57
212000058,223,48,175
212000070,237,98,139
212000077,284,149,135
212000099,606,232,374
212000108,387,591,-204
212000111,464,80,384
212000120,274,322,-48
212000138,297,93,204
212000156,5,39,-34
212000158,0,43,-43
212000159,1038,59,979
212000160,911,149,762
212000161,109,12,97
212000310,68,11,57
212000311,18,36,-18
212000374,66,9,57
213000001,34,665,-631
213000005,1010,241,769
213000006,1009,368,641
213000007,100,53,47
213000009,467,265,202
213000010,498,233,265
213000011,371,163,208
213000012,332,301,31
213000014,131,75,56
213000015,456,14,442
213000016,766,1,765
213000017,173,0,173
213000018,5,53,-48
213000019,6,143,-137
213000020,185,96,89
213000021,6,94,-88
213000023,573,572,1
213000033,579,1807,-1228
213000034,537,273,264
213000035,255,472,-217
213000045,291,455,-164
213000046,111,131,-20
213000047,415,1054,-639
213000056,286,52,234
213000069,326,47,279
213000073,0,15,-15
213000074,101,774,-673
213000075,1374,7,1367
213000076,17,1,16
213000085,2,48,-46
213000086,55,236,-181
213000091,569,13,556
213000092,89,19,70
213000099,414,1525,-1111
213000100,1161,543,618
213000101,1564,132,1432
213000102,1823,118,1705
213000103,1005,555,450
213000104,63,313,-250
213000105,103,2296,-2193
213000106,52,201,-149
213000107,219,310,-91
213000108,54,373,-319
213000109,4,224,-220
213000110,14,215,-201
213000111,3,177,-174
213000112,42,136,-94
213000115,102,7,95
213000116,34,434,-400
213000117,4,515,-511
213000118,1979,487,1492
213000119,47,343,-296
213000120,118,293,-175
213000122,261,360,-99
213000123,222,554,-332
213000124,476,701,-225
213000125,188,87,101
213000126,68,264,-196
213000127,81,352,-271
213000128,100,706,-606
213000129,254,2950,-2696
213000130,1985,1569,416
213000132,1526,413,1113
213000133,2326,212,2114
213000134,3871,16,3855
213000136,953,26,927
213000137,1133,55,1078
213000139,448,53,395
213000147,17,59,-42
213000148,15,68,-53
213000149,10,71,-61
213000150,3,962,-959
213000151,0,350,-350
213000152,1,573,-572
213000153,3,274,-271
213000154,161,502,-341
213000155,65,426,-361
213000156,216,427,-211
213000157,1578,302,1276
213000158,631,813,-182
213000159,1181,512,669
213000163,2970,479,2491
213000165,1058,456,602
213000171,0,44,-44
213000172,1,129,-128
213000173,0,76,-76
213000174,2,68,-66
213000175,24,12,12
213000176,245,54,191
213000177,163,11,152
213000178,567,2,565
213000179,511,1,510
213000180,534,0,534
213000184,115,510,-395
213000188,963,106,857
213000189,1290,82,1208
213000190,824,507,317
213000191,936,280,656
213000192,744,167,577
213000193,929,286,643
213000194,8,303,-295
213000195,54,367,-313
213000196,526,2968,-2442
213000197,861,1274,-413
213000198,45,1,44
213000200,147,462,-315
213000201,18,99,-81
213000202,26,720,-694
213000203,2168,346,1822
213000204,1523,34,1489
213000205,762,37,725
213000206,1126,84,1042
213000207,60,11,49
213000208,52,5,47
213000209,133,22,111
213000210,365,22,343
213000211,8,124,-116
213000212,28,158,-130
213000213,17,116,-99
213000218,630,656,-26
213000219,1939,160,1779
213000220,2000,28,1972
213000223,503,348,155
213000224,38,99,-61
213000225,87,36,51
213000226,65,28,37
213000227,2405,192,2213
213000228,1511,282,1229
213000229,204,52,152
213000230,1052,21,1031
213000232,204,24,180
213000233,38,239,-201
213000234,18,112,-94
213000293,36,127,-91
213000294,152,67,85
213000295,38,118,-80
213000296,213,33,180
213000297,3,58,-55
213000298,8,102,-94
213000299,170,43,127
213000300,5,5,0
213000303,0,16,-16
213000304,0,3,-3
213000305,8,60,-52
213000306,21,892,-871
213000307,170,755,-585
213000308,91,194,-103
213000309,420,120,300
213000310,368,222,146
213000311,195,788,-593
213000315,77,289,-212
213000316,534,240,294
213000322,229,24,205
213000323,305,73,232
213000324,133,11,122
213000325,139,55,84
213000326,110,7,103
213000327,90,18,72
213000328,77,70,7
213000329,217,17,200
213000340,258,392,-134
213000341,1712,84,1628
213000346,185,567,-382
213000347,337,1486,-1149
213000348,24,153,-129
213000349,2,5,-3
213000350,339,1103,-764
213000366,79,202,-123
213000367,897,19,878
213000379,66,113,-47
213000386,42,44,-2
213000406,620,95,525
213000417,3037,753,2284
213000425,687,145,542
213000426,430,39,391
213000427,149,64,85
213000428,78,215,-137
213000429,8,33,-25
213000430,119,454,-335
213000431,9,2,7
213000432,2,28,-26
213000433,48,52,-4
213000434,322,143,179
213000435,217,91,126
213000436,104,61,43
213000437,0,5,-5
213000438,221,53,168
213000439,92,45,47
213000440,13,160,-147
213000441,1,0,1
213000442,4,20,-16
213000443,1107,745,362
213000444,61,4,57
213000445,1,65,-64
213000446,1,47,-46
213000447,3,189,-186
213000448,21,326,-305
213000449,1808,11,1797
213000450,41,37,4
213000451,638,58,580
213000452,38,12,26
213000453,41,224,-183
213000455,159,0,159
213000456,0,286,-286
213000481,1,1,0
213000482,60,0,60
213000489,301,56,245
213000491,29,574,-545
213000492,152,54,98
213000493,3,447,-444
213000494,462,130,332
213000495,0,53,-53
213000496,1068,231,837
213000497,164,181,-17
213000498,308,90,218
213000499,386,199,187
213000500,1590,95,1495
213000501,384,77,307
213000502,204,225,-21
213000503,0,68,-68
213000504,43,32,11
213000505,22,1,21
213000506,0,2,-2
213000507,3,65,-62
213900244,227,0,227
213900245,0,23,-23
218000003,63,70,-7
218000004,87,49,38
218000005,92,90,2
218000006,83,69,14
218000007,22,36,-14
218000012,381,273,108
218000013,492,218,274
218000014,426,306,120
218000019,457,404,53
218000020,417,386,31
218000021,57,39,18
218000022,21,18,3
218000023,25,16,9
218000024,2,12,-10
218000025,16,24,-8
218000026,16,22,-6
218000027,1,6,-5
218000028,4,7,-3
218000029,2,5,-3
218000030,18,12,6
218000031,18,14,4
218000032,1,27,-26
218000040,3,9,-6
218000046,158,87,71
218000047,18,66,-48
218000048,83,50,33
218000049,56,46,10
218000050,200,95,105
218000051,89,98,-9
218000052,0,47,-47
218000053,0,48,-48
218000054,5,79,-74
218000055,26,61,-35
218000056,18,74,-56
218000057,0,38,-38
218000064,3,14,-11
218000065,159,48,111
218000066,11,94,-83
218000067,154,98,56
218000068,268,117,151
218000069,665,93,572
218000070,428,283,145
218000071,275,243,32
218000072,118,382,-264
218000078,2171,469,1702
218000079,399,114,285
218000080,294,79,215
218000081,1054,132,922
218000082,263,56,207
218000083,144,120,24
218000084,331,75,256
218000085,377,152,225
218000086,220,84,136
218000087,387,93,294
218000090,64,240,-176
218000091,1810,904,906
218000092,280,202,78
218000093,178,125,53
218000094,643,693,-50
218000099,353,495,-142
218000100,543,240,303
218000101,533,221,312
218000102,819,206,613
218000103,162,112,50
218000104,160,70,90
218000105,29,48,-19
218000106,26,9,17
218000107,105,41,64
218000108,23,31,-8
218000112,83,43,40
218000117,63,231,-168
218000134,946,436,510
218000135,14,95,-81
218000136,242,193,49
218000137,361,183,178
218000138,95,128,-33
218000139,281,965,-684
218000140,1086,629,457
218000141,112,153,-41
218000142,385,331,54
218000143,29,599,-570
218000144,31,232,-201
218000145,927,477,450
218000146,254,194,60
218000151,10,32,-22
218000152,69,42,27
218000153,3,7,-4
218000154,18,1,17
218000155,105,1,104
218000156,184,11,173
218000157,102,26,76
218000158,21,16,5
218000159,4,6,-2
218000160,11,4,7
218000161,92,4,88
218000162,51,11,40
218000163,31,4,27
218000164,153,12,141
218000165,119,22,97
218000170,2,27,-25
218000171,75,5,70
218000172,25,19,6
218000173,28,29,-1
218000174,30,20,10
218000176,255,27,228
218000177,310,130,180
218000178,91,202,-111
218000179,212,104,108
218000180,133,61,72
218000181,384,40,344
218000187,11,88,-77
218000188,33,39,-6
218000189,44,86,-42
218000190,74,35,39
218000191,260,23,237
218000192,433,178,255
218000193,648,277,371
218000194,337,325,12
218000195,212,60,152
218000196,611,227,384
218000197,993,246,747
218000198,184,82,102
218000199,62,14,48
218000200,32,72,-40
218000201,11,6,5
218000202,76,869,-793
218000207,4,13,-9
218000208,79,181,-102
218000211,74,28,46
218000212,1,18,-17
218000213,241,99,142
218000214,6,30,-24
218000215,48,61,-13
218000217,10,61,-51
218000218,172,41,131
218000219,4,372,-368
218000220,96,2059,-1963
218000221,828,355,473
218000222,3,255,-252
218000223,101,582,-481
218000224,4,250,-246
218000225,188,28,160
218000226,269,68,201
218000230,0,7,-7
218000232,59,43,16
218000239,141,4,137
218000240,11,12,-1
218000241,77,0,77
218000242,3,5,-2
218000243,10,19,-9
218000244,36,11,25
218000245,220,34,186
218000246,0,9,-9
218000247,0,0,0
218000248,0,33,-33
218000249,0,7,-7
218000250,1,125,-124
218000251,2,32,-30
218000252,2,47,-45
218000253,0,109,-109
218000254,1,53,-52
218000255,9,11,-2
218000256,3,46,-43
218000267,564,1499,-935
218000268,16,56,-40
218000269,6,36,-30
218000270,285,45,240
218000271,13,45,-32
218000273,52,2,50
218000274,15,0,15
218000275,77,79,-2
218000276,30,20,10
218000278,5,90,-85
218000279,99,57,42
218000280,3,13,-10
218000281,4,41,-37
218000282,670,1470,-800
218000284,53,5,48
218000301,125,131,-6
218000302,52,60,-8
218000303,67,89,-22
218000316,2133,1058,1075
218000317,3491,1021,2470
218000318,2089,763,1326
218000319,2257,704,1553
218000320,1986,869,1117
218000338,27,207,-180
218000345,189,356,-167
218000346,24,481,-457
218000459,19,139,-120
218000490,10,91,-81
218000501,182,45,137
218000502,210,57,153
218000503,180,24,156
218000504,226,46,180
218000505,53,96,-43
218000506,30,368,-338
218000508,0,3,-3
218000510,47,7,40
218000520,205,152,53
218000521,6,49,-43
218000522,3,592,-589
218000523,192,2,190
218000524,6,423,-417
218000525,221,55,166
218000526,22,273,-251
218000529,122,77,45
218000530,44,14,30
218000531,25,17,8
218000532,26,4,22
218000534,413,18,395
218000537,34,235,-201
218000538,103,480,-377
218000540,155,130,25
218000543,222,129,93
218000544,42,125,-83
218000545,192,109,83
218000546,72,85,-13
218000547,198,219,-21
218000548,154,167,-13
218000549,1330,165,1165
218000550,246,224,22
218000551,95,373,-278
218000552,405,340,65
218000553,35,226,-191
218000554,50,49,1
218000555,35,45,-10
218000556,342,102,240
218000557,885,286,599
218000558,144,0,144
218000559,0,60,-60
218000560,1,17,-16
218000561,14,0,14
218000562,60,131,-71
218000563,229,67,162
218000564,6,219,-213
218000565,92,86,6
218000566,63,31,32
218000567,1,67,-66
218000568,8,2,6
218000569,1,300,-299
218000570,22,21,1
218000571,1,200,-199
218000572,294,8,286
218000573,7,87,-80
218000574,90,50,40
218000575,130,0,130
218000576,2,69,-67
218000577,145,0,145
218000578,3,302,-299
218000579,86,13,73
218000581,6,97,-91
218000582,42,15,27
218000583,10,1,9
218000584,0,19,-19
218000585,52,20,32
218000586,27,16,11
218000587,4,2,2
218000588,1,36,-35
218000589,2,9,-7
218000590,4,1,3
218000591,3,14,-11
218000592,12,0,12
218000593,1,0,1
218000594,0,0,0
218000597,0,0,0
218000598,0,1,-1
218000599,0,0,0
218000600,1,1,0
218000601,0,3,-3
218000602,0,3,-3
218000603,0,10,-10
218000604,2,1,1
218000605,0,52,-52
218000606,86,0,86
218000607,24,100,-76
218000608,72,21,51
218000609,27,120,-93
218000610,109,8,101
218000611,73,3,70
218000612,5,82,-77
218000613,64,3,61
218000614,0,56,-56
218000615,271,14,257
218000616,14,354,-340
218000617,7,26,-19
218000618,1,39,-38
218000619,140,76,64
218000620,19,99,-80
218000621,0,5,-5
218000622,0,72,-72
218000623,62,3,59
218000624,1,215,-214
218000625,0,11,-11
218000626,0,27,-27
218000628,367,422,-55
218000631,31,23,8
218000632,3,160,-157
218000633,158,3,155
218000634,13,40,-27
218000635,9,19,-10
218000636,1538,612,926
218000637,1951,578,1373
218000638,416,16,400
218000639,38,47,-9
218000640,841,19,822
218000641,175,124,51
218000652,40,31,9
218000653,271,58,213
218000663,22,50,-28
218000675,32,100,-68
218000676,3,8,-5
218000677,52,7,45
218000680,393,200,193
218000681,792,203,589
218000691,540,221,319
218000693,733,155,578
218000703,20,14,6
218000718,35,129,-94
218000719,81,206,-125
218000720,3,165,-162
218000721,31,31,0
218000725,15,14,1
218001147,0,49,-49
218001214,10,85,-75
218001258,249,2,247
218001329,167,173,-6
218001330,78,71,7
218001351,22,13,9
218001352,18,39,-21
218001353,25,27,-2
218001354,5,21,-16
218001355,11,53,-42
218001356,1074,124,950
218001357,15,39,-24
218001358,928,13,915
218001361,730,2,728
218001362,3,24,-21
219000001,24,46,-22
219000002,57,65,-8
219000003,65,44,21
219000004,54,123,-69
219000017,81,341,-260
219000020,287,26,261
219000022,215,1,214
219000023,110,0,110
219000029,1,268,-267
219000034,119,55,64
219000039,44,389,-345
219000040,34,100,-66
219000041,226,70,156
219000051,0,357,-357
219000052,6,255,-249
219000053,4,158,-154
219000054,28,85,-57
219000055,575,1,574
219000056,4,2,2
219000057,88,0,88
219000062,16,312,-296
219000063,238,28,210
219000064,1,58,-57
219000110,326,236,90
219000111,126,84,42
219000112,320,61,259
219000113,362,93,269
219000114,226,55,171
219000116,211,35,176
219000117,249,43,206
219000118,242,77,165
219000123,282,123,159
219000124,82,74,8
219000125,48,11,37
219000126,102,245,-143
219000127,1,25,-24
219000128,34,166,-132
219000129,31,159,-128
219000130,216,792,-576
219000131,1035,1555,-520
219000133,39,106,-67
219000134,18,82,-64
219000135,14,134,-120
219000136,105,288,-183
219000138,241,32,209
219000139,122,25,97
219000140,138,1,137
219000141,70,33,37
219000142,23,31,-8
219000143,25,36,-11
219000145,19,63,-44
219000146,8,23,-15
219000147,0,18,-18
219000148,2,25,-23
219000149,42,46,-4
219000150,2,59,-57
219000151,1,37,-36
219000157,393,182,211
219000158,263,304,-41
219000161,240,25,215
219000163,1321,320,1001
219000166,291,243,48
219000167,236,235,1
219000168,240,107,133
219000174,716,265,451
219000175,356,7,349
219000176,270,24,246
219000177,190,6,184
219000178,97,1,96
219000179,121,24,97
219000180,93,31,62
219000182,227,19,208
219000183,216,18,198
219000184,278,4,274
219000185,2,52,-50
219000186,196,30,166
219000187,47,163,-116
219000189,86,277,-191
219000190,66,271,-205
219000191,211,2098,-1887
219000192,271,233,38
219000193,599,250,349
219000195,1,171,-170
219000196,3,145,-142
219000198,43,103,-60
219000199,76,143,-67
219000200,143,150,-7
219000201,103,130,-27
219000203,52,116,-64
219000204,136,427,-291
219000205,33,253,-220
219000207,114,183,-69
219000209,84,46,38
219000210,30,629,-599
219000213,13,262,-249
219000239,218,247,-29
219000240,165,605,-440
219000241,155,385,-230
219000242,80,302,-222
219000243,177,260,-83
219000244,20,161,-141
219000245,19,116,-97
219000246,50,61,-11
219000247,372,66,306
219000248,677,842,-165
219000249,233,231,2
219000250,316,209,107
219000251,824,559,265
219000252,467,212,255
219000253,424,83,341
219000255,286,180,106
219000256,593,160,433
219000257,201,1,200
219000262,87,183,-96
219000263,131,123,8
219000267,19,71,-52
219000268,26,37,-11
219000269,6,4,2
219000270,32,0,32
219000271,560,4,556
219000278,2,21,-19
219000279,0,21,-21
219000283,0,28,-28
219000295,32,78,-46
219000296,213,319,-106
219000297,48,43,5
219000298,89,43,46
219000299,490,69,421
219000300,120,114,6
219000301,42,260,-218
219000302,39,156,-117
219000307,63,26,37
219000308,114,58,56
219000311,330,107,223
219000312,665,195,470
219000313,726,48,678
219000314,172,242,-70
219000315,645,57,588
219000316,1174,98,1076
219000317,273,22,251
219000320,1,175,-174
219000321,1,56,-55
219000323,15,72,-57
219000325,3,14,-11
219000326,63,54,9
219000327,34,18,16
219000328,55,17,38
219000329,267,128,139
219000330,23,42,-19
219000331,90,98,-8
219000332,390,139,251
219000333,69,11,58
219000335,106,4,102
219000337,33,3,30
219000338,74,15,59
219000344,8,97,-89
219000345,121,25,96
219000346,73,32,41
219000348,300,99,201
219000349,74,168,-94
219000350,72,509,-437
219000351,3,13,-10
219000352,92,147,-55
219000353,179,84,95
219000354,500,116,384
219000355,256,83,173
219000356,535,2294,-1759
219000363,131,134,-3
219000364,304,142,162
219000365,105,49,56
219000366,178,879,-701
219000368,428,789,-361
219000370,706,943,-237
219000371,21,12,9
219000382,9,34,-25
219000383,301,1787,-1486
219000385,297,975,-678
219000386,895,2566,-1671
219000387,1,14,-13
219000390,4,16,-12
219000391,2,0,2
219000397,104,42,62
219000398,77,54,23
219000401,26,147,-121
219000402,58,68,-10
219000403,39,186,-147
219000404,52,77,-25
219000407,11,31,-20
219000409,144,83,61
219000410,249,23,226
219000411,181,4,177
219000446,73,457,-384
219000447,7,16,-9
219000448,5,7,-2
219000452,155,135,20
219000453,69,374,-305
219000454,268,541,-273
219000556,595,236,359
219000558,79,237,-158
219000590,19,274,-255
219000591,286,249,37
219000592,65,306,-241
219000595,15,13,2
219000635,351,56,295
219000636,147,100,47
219000657,64,11,53
219000658,21,210,-189
219000673,0,110,-110
219000676,12,17,-5
219000679,18,38,-20
219000684,142,19,123
219000685,0,63,-63
219000686,0,14,-14
219000688,0,64,-64
219000689,12,162,-150
219000690,262,13,249
219000691,62,148,-86
219000692,332,28,304
219000693,27,17,10
219000694,22,0,22
219000695,83,3,80
219000698,20,0,20
219000699,0,229,-229
219000727,10,226,-216
219000728,173,3,170
219000770,54,0,54
219000771,2,133,-131
219000788,242,319,-77
219001150,0,66,-66
219001151,0,1,-1
219001166,53,70,-17
219001167,1,68,-67
219001178,109,0,109
220000001,56,309,-253
220000002,5,237,-232
220000003,390,206,184
220000004,539,956,-417
220000005,665,2967,-2302
220000006,160,989,-829
220000007,565,229,336
220000008,461,394,67
220000009,420,538,-118
220000010,87,114,-27
220000011,676,5587,-4911
220000012,61,864,-803
220000014,244,156,88
220000015,87,577,-490
220000017,24,565,-541
220000018,11794,4958,6836
220000019,335,1102,-767
220000020,1014,316,698
220000021,1580,503,1077
220000022,1686,378,1308
220000023,392,260,132
220000024,1226,702,524
220000025,989,3128,-2139
220000026,463,1468,-1005
220000027,17,432,-415
220000028,64,220,-156
220000029,32,90,-58
220000030,64,228,-164
220000031,1069,924,145
220000064,82,1897,-1815
221000046,4,0,4
221000047,0,1,-1
221000048,0,3,-3
221000049,0,7,-7
221000050,38,11,27
221000055,59,90,-31
221000057,106,10,96
221000068,256,95,161
221000069,368,42,326
221000070,386,16,370
221000071,164,10,154
221000072,476,14,462
221000073,340,33,307
221000074,1,21,-20
221000075,20,62,-42
221000076,19,35,-16
221000077,4,77,-73
221000081,32,21,11
221000082,108,4,104
221000083,8,13,-5
221000084,4,14,-10
221000085,37,99,-62
221000086,6,59,-53
221000087,6,176,-170
221000088,1,214,-213
221000089,24,268,-244
221000090,61,487,-426
221000098,221,29,192
221000099,327,11,316
221000100,210,8,202
221000101,247,7,240
221000102,135,18,117
221000109,9,67,-58
221000110,5,25,-20
221000111,6,76,-70
221000112,9,93,-84
221000113,10,145,-135
221000114,14,138,-124
221000120,28,234,-206
221000121,4,53,-49
221000122,32,57,-25
221000123,19,46,-27
221000124,15,78,-63
221000155,144,82,62
221000156,111,53,58
221000175,3,14,-11
221000176,0,18,-18
221000182,88,20,68
221000241,427,335,92
221000242,142,286,-144
221000243,598,312,286
221000244,204,631,-427
221000245,184,230,-46
221000246,43,389,-346
221000247,199,188,11
221000248,154,303,-149
221000267,54,770,-716
221000325,53,162,-109
221000331,4,96,-92
221000338,21,102,-81
221000378,444,62,382
221000381,56,86,-30
222000282,5,24,-19
222000296,3,35,-32
222000568,466,20,446
222000569,147,41,106
222000570,237,32,205
222000571,535,16,519
222000577,17,62,-45
222000578,0,99,-99
222000579,5,65,-60
222000580,26,600,-574
222000599,0,48,-48
222000600,0,146,-146
222000601,2,674,-672
222000603,5,252,-247
222000604,0,222,-222
222000605,29,95,-66
222000606,1,13,-12
222000607,5,9,-4
222000608,39,18,21
222000609,65,96,-31
222000616,746,120,626
222000617,4,81,-77
222000618,4,32,-28
222000620,65,58,7
222000621,60,48,12
222000623,994,25,969
222000624,775,10,765
222000625,1856,7,1849
222000636,78,10,68
222000686,35,99,-64
222000687,60,114,-54
222001066,536,2,534
222001067,69,7,62
222001068,270,42,228
222001069,164,18,146
222001082,51,2,49
222001083,114,7,107
222001084,0,112,-112
222001085,1,308,-307
222001111,207,66,141
222001112,252,11,241
222001313,9,41,-32
222001314,2,157,-155
222001464,182,114,68
222001465,31,175,-144
222001484,392,88,304
222001485,53,78,-25
222001494,1029,459,570
222001495,201,121,80
222001496,686,184,502
222001497,218,212,6
222001502,37,35,2
222001503,346,39,307
222001504,28,231,-203
222001505,766,26,740
222001506,17,313,-296
222001507,380,25,355
222001510,1112,21,1091
222001511,61,196,-135
222001514,951,113,838
222001515,102,297,-195
222001518,709,29,680
222001519,80,99,-19
222001527,200,128,72
222001528,28,176,-148
222001529,485,15,470
222001530,92,89,3
222001533,167,93,74
222001534,848,93,755
222001535,503,354,149
222001536,173,83,90
222001537,586,53,533
222001538,37,384,-347
222001563,1419,85,1334
222001564,142,209,-67
222001568,364,215,149
222001576,1,9,-8
222001579,0,22,-22
222001583,41,78,-37
222001584,242,95,147
222001596,548,1133,-585
222001597,1937,288,1649
222001626,0,54,-54
222001650,28,118,-90
222001651,37,294,-257
222001914,409,29,380
222001915,73,254,-181
222001968,794,346,448
222001969,324,374,-50
222001970,162,318,-156
222001971,110,6,104
222001972,8,10,-2
225000001,725,182,543
225000002,1267,380,887
225000003,1352,240,1112
225000004,915,482,433
225000005,103,106,-3
225000006,1,467,-466
225000007,2672,1714,958
225000010,691,34,657
225000011,393,2675,-2282
225000012,402,1153,-751
225000013,136,279,-143
225000014,1225,427,798
225000015,255,304,-49
225000021,1399,176,1223
225000027,554,732,-178
225000032,1089,176,913
225000042,234,650,-416
225000049,220,163,57
225000050,349,44,305
225000053,17,335,-318
225000058,1105,428,677
225000067,683,169,514
225000068,285,452,-167
225000069,156,608,-452
225000070,332,433,-101
225000071,94,122,-28
225000075,134,3462,-3328
225000076,130,376,-246
225000078,115,158,-43
225000085,293,86,207
225000086,725,117,608
225000087,398,16,382
225000088,41,373,-332
225000089,140,709,-569
225000090,71,1375,-1304
225000091,138,325,-187
225000092,104,181,-77
225000093,622,299,323
225000094,63,216,-153
225000095,530,468,62
225000096,138,398,-260
225000098,1458,255,1203
225000099,865,230,635
225000100,1096,233,863
225000104,254,587,-333
225000110,45,453,-408
225000111,583,835,-252
225000112,845,1164,-319
225000113,405,2527,-2122
225000114,317,995,-678
225000115,2232,872,1360
225000116,525,344,181
225000117,986,462,524
225000118,2018,485,1533
225000119,699,193,506
225000120,1653,122,1531
225000121,377,26,351
225000123,1046,75,971
225000125,1019,412,607
225000126,1531,630,901
225000127,709,4000,-3291
225000128,629,1751,-1122
225000132,1083,38,1045
225000133,602,30,572
225000134,1250,208,1042
225000135,226,29,197
225000136,1177,15,1162
225000137,693,174,519
225000138,1002,193,809
225000143,318,394,-76
225000144,41,403,-362
225000145,66,107,-41
225000146,190,151,39
225000147,88,144,-56
225000148,8,100,-92
225000149,147,177,-30
225000151,98,122,-24
225000155,336,331,5
225000156,458,1576,-1118
225000157,1100,711,389
225000158,86,325,-239
225000171,14,218,-204
225000180,46,3,43
225000181,2,233,-231
225000182,99,37,62
225000185,16,681,-665
225000187,197,425,-228
225000191,143,1,142
225000194,0,5,-5
225000208,0,98,-98
225000209,262,28,234
225000210,19,307,-288
225000217,0,22,-22
225000218,57,3,54
225000223,0,526,-526
225000224,323,30,293
225000225,3,245,-242
225000226,19,11,8
225000227,616,660,-44
225000228,4,33,-29
225000229,0,198,-198
225000230,14,2,12
225000231,0,77,-77
225000232,398,0,398
225000241,111,2,109
225000242,0,70,-70
225000249,15,0,15
225000250,51,359,-308
225000251,1007,353,654
225000254,4,218,-214
225000256,3,1327,-1324
225000257,0,170,-170
226000042,344,649,-305
226000043,74,470,-396
226000044,253,1160,-907
226000045,210,565,-355
226000046,1005,383,622
226000047,986,424,562
226000048,781,254,527
226000049,853,569,284
226000070,0,11,-11
226000071,0,113,-113
226000072,0,75,-75
226000073,0,13,-13
226000074,0,39,-39
226000084,2,30,-28
226000085,1,71,-70
226000086,0,46,-46
226000087,0,63,-63
226000088,8,84,-76
226000090,78,546,-468
226000091,5,258,-253
226000092,1,34,-33
226000093,41,5,36
226000094,7,7,0
226000095,7,20,-13
226000105,5,1,4
226000106,36,0,36
226000107,15,0,15
226000108,34,0,34
226000109,333,0,333
226000124,270,316,-46
226000134,1607,801,806
226000135,2905,825,2080
226000136,1365,715,650
226000137,6,243,-237
226000138,35,144,-109
226000139,10,123,-113
226000156,1136,11,1125
226000157,797,18,779
226000163,47,627,-580
226000202,9,223,-214
226000231,1784,15,1769
226000232,128,11,117
227000033,677,28,649
227000036,922,36,886
227000037,820,38,782
227000038,266,27,239
227000084,8,185,-177
227000085,0,210,-210
227000088,36,4,32
227000089,64,1,63
227000090,56,2,54
227000091,59,2,57
227000092,70,0,70
227000093,171,0,171
227000094,35,2,33
227000130,60,205,-145
227000131,43,203,-160
227000132,57,115,-58
227000133,46,73,-27
227000134,99,179,-80
227000152,0,2,-2
227000153,0,303,-303
227000154,0,92,-92
227000155,2,59,-57
227000156,0,38,-38
227000165,3,123,-120
227000196,902,98,804
227000199,941,228,713
227000230,36,253,-217
227000232,1405,16,1389
227000242,55,503,-448
227000243,419,49,370
227000245,14,223,-209
227000246,106,199,-93
227000247,784,51,733
227000248,173,168,5
227000249,29,396,-367
227000250,508,492,16
227000251,138,797,-659
227000252,57,179,-122
227000253,397,55,342
227000262,996,32,964
227000266,2435,70,2365
227000267,24,869,-845
227000282,5,130,-125
227000284,1280,20,1260
227000286,16,47,-31
227000287,43,38,5
227000291,4,415,-411
227000296,496,227,269
227000484,254,6,248
227000485,7,771,-764
227000655,447,5,442
227000656,940,43,897
227000657,509,20,489
227000661,1373,31,1342
227000680,209,232,-23
229000265,50,35,15
229000296,0,63,-63
229000297,3,21,-18
229000298,3,105,-102
229000320,42,7,35
229000321,43,13,30
229000412,18,183,-165
229000414,9,62,-53
229000415,14,5,9
229000416,9,3,6
229000417,3,3,0
229000419,130,192,-62
229000440,333,118,215
229000442,33,0,33
229000443,9,16,-7
229000444,2,84,-82
229000445,102,2,100
229000446,52,48,4
229000491,5,28,-23
229000492,9,69,-60
229000493,0,66,-66
229000494,56,1,55
229000495,188,5,183
229000496,136,6,130
229000507,0,41,-41
229000508,1,26,-25
229000509,0,77,-77
229000510,8,93,-85
229000511,2,31,-29
229000512,0,14,-14
229000513,0,5,-5
229000514,0,0,0
229000517,0,7,-7
229000518,29,21,8
229000519,3,5,-2
229000520,18,42,-24
229000521,71,13,58
229000522,10,3,7
229000523,6,4,2
229000524,1,2,-1
229000527,0,0,0
229000528,0,0,0
229000529,14,1,13
229000530,92,2,90
229000531,57,3,54
229000532,4,2,2
229000533,56,1,55
229000534,23,0,23
229000564,51,2,49
229000565,23,0,23
229000566,0,1,-1
229000567,0,6,-6
229000582,41,4,37
229000583,0,6,-6
229000584,0,6,-6
229000585,1,42,-41
229000718,0,7,-7
229000719,0,1,-1
229000720,0,25,-25
229000721,0,3,-3
229000722,0,1,-1
229000723,0,4,-4
229000724,0,1,-1
229000725,0,3,-3
229000738,2,0,2
229000739,0,0,0
229000740,3,0,3
229000741,71,0,71
229000742,30,0,30
229000743,21,0,21
229000744,1,0,1
229000745,1,0,1
229000746,13,0,13
229000847,77,0,77
229000848,41,0,41
229000849,100,0,100
229000851,71,1,70
229000854,0,45,-45
229000856,0,99,-99
229000857,0,25,-25
229000858,1,14,-13
229000919,6,48,-42
229000930,9,192,-183
229000937,150,28,122
229000966,68,33,35
229000981,23,12,11
229000985,20,7,13
229000986,2,1,1
229000987,0,0,0
229000988,4,3,1
229000989,31,16,15
229000990,1,1,0
229000991,2,1,1
229000992,38,0,38
229000993,229,6,223
229000998,5,20,-15
229000999,124,5,119
229001034,0,10,-10
229001035,22,5,17
229001037,60,2,58
229001042,49,12,37
229001047,4,41,-37
229001050,63,21,42
229001168,0,50,-50
229001200,38,1,37
229001338,1,19,-18
229001394,292,1,291
229001422,204,18,186
229001423,14,100,-86
229001431,84,56,28
229001432,25,51,-26
229001444,289,49,240
229001445,133,66,67
229001479,48,3,45
229001503,352,81,271
229001504,177,125,52
229001505,174,45,129
229001506,71,131,-60
229001509,49,15,34
229001545,160,6,154
229001546,5,87,-82
229001553,256,27,229
229001554,19,108,-89
229001559,1,4,-3
229001560,1,39,-38
229001630,117,3,114
229001631,3,36,-33
229001635,0,69,-69
229001636,1,0,1
229001658,0,66,-66
229001659,94,3,91
229001660,2,44,-42
229001661,1,41,-40
229001662,36,1,35
229001663,1,193,-192
229002584,195,222,-27
229002831,125,92,33
229002841,11,44,-33
229002842,26,77,-51
229002843,88,44,44
229002844,21,122,-101
229002845,0,101,-101
229002846,7,25,-18
229002847,4,17,-13
229002848,11,82,-71
229002849,1,50,-49
229002850,5,3,2
229002851,50,113,-63
229002852,171,36,135
229002853,90,99,-9
229002854,14,84,-70
229002855,25,145,-120
229002856,37,10,27
229002857,13,218,-205
229002858,29,15,14
229002859,13,162,-149
229002860,149,60,89
229002861,73,66,7
229002862,15,64,-49
229002863,8,33,-25
229002864,32,92,-60
229002865,12,11,1
229002866,10,33,-23
229002867,1,39,-38
229002868,16,18,-2
229002869,5,92,-87
229002870,51,48,3
235000066,277,41,236
235000067,154,95,59
235000072,28,62,-34
235000073,104,362,-258
235000074,91,52,39
235000080,7,76,-69
235000081,226,169,57
235000082,252,25,227
235000083,447,74,373
235000084,34,45,-11
235000085,277,115,162
235000089,65,15,50
235000092,56,124,-68
235000093,2,21,-19
235000097,6,1,5
235000098,144,2,142
235000099,78,29,49
235000116,23,14,9
235000117,570,16,554
235000133,41,877,-836
235000134,14,255,-241
235000206,8,15,-7
235000207,1,4,-3
235000208,0,0,0
235000209,5,0,5
235000210,6,2,4
235000212,0,13,-13
235000213,0,16,-16
235000220,1,5,-4
235000221,5,129,-124
235000238,16,386,-370
235000239,0,131,-131
235000242,420,997,-577
235000245,466,257,209
235000246,24,97,-73
235000284,39,101,-62
235000295,124,60,64
235000305,378,49,329
235000306,574,7,567
235000307,62,5,57
235000308,18,0,18
235000309,190,1,189
235000310,60,0,60
235000311,140,132,8
235000322,0,58,-58
235000323,0,25,-25
235000324,0,15,-15
235000325,3,15,-12
235000326,10,45,-35
235000351,1,73,-72
235000352,10,57,-47
235000353,9,55,-46
235000354,13,9,4
235000355,23,96,-73
235000356,262,3,259
235000357,317,12,305
235000358,47,5,42
235000359,18,15,3
235000360,191,1,190
235000361,112,4,108
235000381,195,112,83
235000382,326,183,143
235000390,6,2,4
235000391,195,29,166
235000392,271,263,8
235000393,218,240,-22
235000395,303,62,241
235000396,687,112,575
235000400,82,274,-192
235000401,11,250,-239
235000405,136,121,15
235000406,80,118,-38
235000407,91,66,25
235000409,180,56,124
235000410,62,173,-111
235000411,0,69,-69
235000485,0,22,-22
235000486,6,0,6
235000549,97,205,-108
235000550,175,140,35
235000599,320,45,275
235000600,4,32,-28
235000601,6,27,-21
235000602,236,51,185
235000614,1,5,-4
235000648,2,11,-9
235000649,73,12,61
235000685,0,6,-6
235000815,14,18,-4
235000834,0,29,-29
235000855,50,42,8
235000862,35,54,-19
235000891,0,89,-89
235000892,18,1,17
235000901,98,80,18
235000907,10,13,-3
235001010,151,47,104
235001029,159,175,-16
235001030,256,161,95
235001078,94,140,-46
235001079,121,78,43
235001147,2,95,-93
235001166,36,20,16
235001167,82,17,65
235001169,39,139,-100
235001188,0,16,-16
235001189,4,0,4
235001197,10,19,-9
235001200,103,77,26
235001207,277,73,204
235001210,14,192,-178
235001215,21,126,-105
235001239,2,32,-30
235001244,0,25,-25
235016267,0,321,-321
277101746,0,1,-1
277102712,0,0,0
277103813,0,2,-2
277103814,0,0,0
277103898,0,1,-1
277104249,0,2,-2
277104250,0,12,-12
277104251,0,20,-20
277104252,0,8,-8
990011530,2,626,-624
990014944,7,298,-291
990015176,254,12,242
990015618,1,244,-243
990016032,0,246,-246
990032570,5,34,-29
990070001,85,29,56
990070103,0,3,-3
990070601,1,41,-40
990070751,3525,130,3395
990070766,1,159,-158
990071180,943,497,446
990071343,124,2,122
990071387,8,6,2
990071823,571,1,570
990072600,6,640,-634
990072964,0,117,-117
990073285,0,1,-1
990074393,0,608,-608
990074870,3052,123,2929
990075106,959,5,954
990075746,1105,13,1092
990076437,6540,9,6531
990076458,0,530,-530
997000007,433,6,427
997000041,1,431,-430
997000058,67,0,67
997000062,18,1,17
997000069,0,4,-4
997000070,0,18,-18
997000100,273,3,270
997000141,2,427,-425
997000198,9,306,-297
998000475,0,2,-2
998000736,1,147,-146
998000965,0,36,-36
998001031,0,71,-71
998001700,0,49,-49
998001899,0,0,0
998001900,14,1,13
998003073,1817,70,1747
998101900,0,0,0
998102850,0,158,-158
998501927,634,1351,-717
998501929,245,56,189
998501930,70,0,70
998501931,330,72,258
998501932,13,1,12
998501933,132,0,132
998501937,12,1,11
998501944,5,0,5
998501950,0,43,-43
998501970,270,21,249
998501971,1,200,-199
998501973,0,29,-29
998501974,3,141,-138
998501975,208,2,206
998501976,866,1,865
998501977,0,74,-74
998501978,17,0,17
998501979,0,6,-6
998501980,161,1,160
998501981,132,0,132
998501982,0,253,-253
998501983,0,146,-146
998502006,0,0,0
998502024,0,33,-33
998502032,0,2,-2
998502062,18,1,17
998502063,0,0,0
998502173,72,0,72
998502269,0,19,-19
998502546,2,691,-689
998502578,0,0,0
998601159,0,30,-30
998601292,1,42,-41
999033574,1,163,-162
999800001,157,105,52
999800002,0,2,-2
999800003,9,1,8
999800004,0,1,-1
999800005,0,67,-67
