dong,insum,outsum,diff
강남구 개포1동,1272,1177,95
강남구 개포2동,19735,14326,5409
강남구 개포4동,11374,6872,4502
강남구 논현1동,26200,24920,1280
강남구 논현2동,16192,18149,-1957
강남구 대치1동,22285,26185,-3900
강남구 대치2동,28736,31532,-2796
강남구 대치4동,26054,27485,-1431
강남구 도곡1동,19299,17557,1742
강남구 도곡2동,6374,6868,-494
강남구 삼성1동,28111,29515,-1404
강남구 삼성2동,15091,13883,1208
강남구 세곡동,27030,17364,9666
강남구 수서동,17620,19971,-2351
강남구 신사동,17867,20600,-2733
강남구 압구정동,29936,32128,-2192
강남구 역삼1동,61510,53872,7638
강남구 역삼2동,22464,19854,2610
강남구 일원1동,9111,7727,1384
강남구 일원2동,3748,2790,958
강남구 일원본동,14956,9720,5236
강남구 청담동,25112,23699,1413
강동구 강일동,15514,9759,5755
강동구 고덕제1동,7114,6034,1080
강동구 고덕제2동,9255,11450,-2195
강동구 길동,13127,9843,3284
강동구 둔촌제1동,226,295,-69
강동구 둔촌제2동,9410,8282,1128
강동구 명일제1동,14372,13381,991
강동구 명일제2동,10792,9164,1628
강동구 상일동,13225,11017,2208
강동구 성내제1동,8215,5830,2385
강동구 성내제2동,7054,9035,-1981
강동구 성내제3동,11173,9633,1540
강동구 암사제1동,10796,6803,3993
강동구 암사제2동,2841,5406,-2565
강동구 암사제3동,2046,920,1126
강동구 천호제1동,5003,5419,-416
강동구 천호제2동,16168,19926,-3758
강동구 천호제3동,8123,9351,-1228
강북구 미아동,18302,16726,1576
강북구 번1동,29883,31414,-1531
강북구 번2동,10292,9204,1088
강북구 번3동,20991,13662,7329
강북구 삼각산동,6816,5414,1402
강북구 삼양동,16742,12230,4512
강북구 송중동,48696,46406,2290
강북구 송천동,31845,30801,1044
강북구 수유1동,22227,16872,5355
강북구 수유2동,14190,10242,3948
강북구 수유3동,31856,43287,-11431
강북구 우이동,18613,13259,5354
강북구 월곡제1동,2445,2250,195
강북구 인수동,15842,12494,3348
강서구 가양제1동,13989,12036,1953
강서구 가양제2동,3757,2608,1149
강서구 가양제3동,3918,2497,1421
강서구 공항동,12039,11778,261
강서구 등촌제1동,16091,18370,-2279
강서구 등촌제2동,9266,6571,2695
강서구 등촌제3동,18717,22027,-3310
강서구 발산제1동,25103,23202,1901
강서구 방화제1동,12214,12516,-302
강서구 방화제2동,8774,9773,-999
강서구 방화제3동,2448,1793,655
강서구 염창동,11580,8845,2735
강서구 우장산동,17763,16416,1347
강서구 화곡본동,10543,7592,2951
강서구 화곡제1동,29370,30652,-1282
강서구 화곡제2동,9337,5996,3341
강서구 화곡제3동,9030,9643,-613
강서구 화곡제4동,9115,7124,1991
강서구 화곡제6동,21890,14543,7347
강서구 화곡제8동,12401,12494,-93
관악구 낙성대동,25919,40055,-14136
관악구 난곡동,20025,10292,9733
관악구 난향동,11000,6118,4882
관악구 남현동,11758,11819,-61
관악구 대학동,33625,29518,4107
관악구 미성동,25532,20386,5146
관악구 보라매동,17988,16469,1519
관악구 삼성동,20623,19127,1496
관악구 서림동,23473,10906,12567
관악구 서원동,32371,44938,-12567
관악구 성현동,17224,12285,4939
관악구 신림동,31810,40898,-9088
관악구 신사동,11664,10325,1339
관악구 신원동,5306,4851,455
관악구 은천동,19867,18916,951
관악구 인헌동,9598,8326,1272
관악구 조원동,20372,36632,-16260
관악구 중앙동,6953,4902,2051
관악구 청룡동,24742,19611,5131
관악구 청림동,5850,3947,1903
관악구 행운동,30810,27692,3118
광진구 광장동,7112,5931,1181
광진구 구의제1동,10620,9607,1013
광진구 구의제2동,12655,11772,883
광진구 구의제3동,8616,11342,-2726
광진구 군자동,13636,11917,1719
광진구 능동,8619,8936,-317
광진구 자양제1동,4026,3173,853
광진구 자양제2동,17736,13966,3770
광진구 자양제3동,5542,5143,399
광진구 자양제4동,14936,15452,-516
광진구 중곡제1동,6860,4959,1901
광진구 중곡제2동,9823,8556,1267
광진구 중곡제3동,8638,5227,3411
광진구 중곡제4동,6949,5361,1588
광진구 화양동,11575,15001,-3426
구로구 가리봉동,9398,11785,-2387
구로구 개봉제1동,30405,28919,1486
구로구 개봉제2동,18412,17536,876
구로구 개봉제3동,8216,6176,2040
구로구 고척제1동,21255,16873,4382
구로구 고척제2동,20960,13702,7258
구로구 구로제1동,9955,7875,2080
구로구 구로제2동,33660,30394,3266
구로구 구로제3동,29481,35662,-6181
구로구 구로제4동,21782,19800,1982
구로구 구로제5동,22744,26892,-4148
구로구 수궁동,22153,19902,2251
구로구 신도림동,24745,31735,-6990
구로구 오류제1동,13756,11287,2469
구로구 오류제2동,11413,11189,224
구로구 항동,4112,2127,1985
금천구 가산동,31052,35399,-4347
금천구 독산제1동,32899,34604,-1705
금천구 독산제2동,17389,12206,5183
금천구 독산제3동,22459,16634,5825
금천구 독산제4동,14779,8778,6001
금천구 미성동,101,196,-95
금천구 시흥제1동,30649,35951,-5302
금천구 시흥제2동,14140,10807,3333
금천구 시흥제3동,9426,8243,1183
금천구 시흥제4동,12069,5034,7035
금천구 시흥제5동,22957,12881,10076
노원구 공릉1동,16833,16816,17
노원구 공릉2동,20986,18902,2084
노원구 상계10동,8139,7062,1077
노원구 상계1동,15071,12679,2392
노원구 상계2동,13495,22786,-9291
노원구 상계3.4동,3999,3446,553
노원구 상계5동,11232,10042,1190
노원구 상계6.7동,21665,21489,176
노원구 상계8동,7420,4269,3151
노원구 상계9동,7441,5264,2177
노원구 월계1동,30534,30053,481
노원구 월계2동,14140,10040,4100
노원구 월계3동,11150,11409,-259
노원구 중계1동,11265,11326,-61
노원구 중계2.3동,15090,16648,-1558
노원구 중계4동,8105,9665,-1560
노원구 중계본동,13510,10098,3412
노원구 하계1동,20631,16749,3882
노원구 하계2동,10999,11717,-718
도봉구 도봉제1동,15299,9954,5345
도봉구 도봉제2동,10935,14272,-3337
도봉구 방학제1동,18231,16372,1859
도봉구 방학제2동,8292,6979,1313
도봉구 방학제3동,15696,8016,7680
도봉구 쌍문제1동,13917,10428,3489
도봉구 쌍문제2동,16833,14373,2460
도봉구 쌍문제3동,11363,16370,-5007
도봉구 쌍문제4동,12476,6863,5613
도봉구 창제1동,19208,20432,-1224
도봉구 창제2동,10794,9551,1243
도봉구 창제3동,11827,7990,3837
도봉구 창제4동,19334,21193,-1859
도봉구 창제5동,13285,14459,-1174
동대문구 답십리제1동,15657,15315,342
동대문구 답십리제2동,18118,13161,4957
동대문구 면목제5동,351,109,242
동대문구 용신동,52309,54045,-1736
동대문구 이문제1동,11735,12309,-574
동대문구 이문제2동,5747,4698,1049
동대문구 장안제1동,23537,24508,-971
동대문구 장안제2동,20928,17073,3855
동대문구 전농제1동,21360,24774,-3414
동대문구 전농제2동,18316,11284,7032
동대문구 제기동,41607,37809,3798
동대문구 청량리동,35006,41552,-6546
동대문구 회기동,12246,13002,-756
동대문구 휘경제1동,25481,22120,3361
동대문구 휘경제2동,14614,11684,2930
동작구 노량진제1동,36556,49770,-13214
동작구 노량진제2동,22240,17517,4723
동작구 대방동,41360,34176,7184
동작구 사당제1동,11170,12277,-1107
동작구 사당제2동,20715,18448,2267
동작구 사당제3동,9969,6863,3106
동작구 사당제4동,2280,1895,385
동작구 사당제5동,8855,5999,2856
동작구 상도제1동,47073,41075,5998
동작구 상도제2동,21710,20072,1638
동작구 상도제3동,16010,12084,3926
동작구 상도제4동,15715,8977,6738
동작구 신대방제1동,9878,9121,757
동작구 신대방제2동,25795,20104,5691
동작구 흑석동,30242,23883,6359
마포구 공덕동,15387,12661,2726
마포구 대흥동,23134,22016,1118
마포구 도화동,6573,6717,-144
마포구 망원제1동,11842,8196,3646
마포구 망원제2동,7270,5858,1412
마포구 상암동,36036,35885,151
마포구 서강동,10025,9268,757
마포구 서교동,64279,94490,-30211
마포구 성산제1동,15247,10724,4523
마포구 성산제2동,25036,19146,5890
마포구 신수동,5481,4359,1122
마포구 아현동,22222,17216,5006
마포구 연남동,11169,10387,782
마포구 염리동,3944,4014,-70
마포구 용강동,14765,11510,3255
마포구 합정동,11076,16910,-5834
서대문구 남가좌제1동,15067,10011,5056
서대문구 남가좌제2동,20744,14538,6206
서대문구 북가좌제1동,5968,6784,-816
서대문구 북가좌제2동,17850,11795,6055
서대문구 북아현동,11928,11506,422
서대문구 신촌동,66693,76130,-9437
서대문구 연희동,48462,44649,3813
서대문구 천연동,26940,21809,5131
서대문구 충현동,25622,26635,-1013
서대문구 홍은제1동,18462,13820,4642
서대문구 홍은제2동,32771,22875,9896
서대문구 홍제제1동,27948,29067,-1119
서대문구 홍제제2동,12960,11196,1764
서대문구 홍제제3동,15717,13681,2036
서초구 내곡동,11840,11318,522
서초구 반포1동,21454,16815,4639
서초구 반포2동,6975,6572,403
서초구 반포3동,21520,22140,-620
서초구 반포4동,26824,33881,-7057
서초구 반포본동,12429,11920,509
서초구 방배1동,14481,13574,907
서초구 방배2동,15447,17711,-2264
서초구 방배3동,16220,11473,4747
서초구 방배4동,18230,17035,1195
서초구 방배본동,12823,9535,3288
서초구 서초1동,14126,13532,594
서초구 서초2동,24012,27718,-3706
서초구 서초3동,30990,30945,45
서초구 서초4동,24644,29382,-4738
서초구 양재1동,53172,46089,7083
서초구 양재2동,25760,21243,4517
서초구 잠원동,17609,19296,-1687
성동구 금호1가동,8800,6762,2038
성동구 금호2.3가동,13761,13222,539
성동구 금호4가동,7881,5881,2000
성동구 마장동,10511,11070,-559
성동구 사근동,5909,5647,262
성동구 성수1가제1동,5976,5805,171
성동구 성수1가제2동,3770,5208,-1438
성동구 성수2가제1동,6122,4471,1651
성동구 성수2가제3동,5305,5807,-502
성동구 송정동,5368,3054,2314
성동구 옥수동,13143,12877,266
성동구 왕십리도선동,10934,9947,987
성동구 왕십리제2동,9559,9933,-374
성동구 용답동,8642,8238,404
성동구 응봉동,7797,5643,2154
성동구 행당제1동,13140,17630,-4490
성동구 행당제2동,11433,9224,2209
성북구 길음제1동,23619,23520,99
성북구 길음제2동,13385,21608,-8223
성북구 돈암제1동,19794,16195,3599
성북구 돈암제2동,10024,5832,4192
성북구 동선동,23860,30028,-6168
성북구 보문동,10903,8452,2451
성북구 삼선동,34119,32536,1583
성북구 석관동,11739,10715,1024
성북구 성북동,25155,25334,-179
성북구 안암동,14613,14153,460
성북구 월곡제1동,18585,17052,1533
성북구 월곡제2동,10109,9871,238
성북구 장위제1동,13570,10383,3187
성북구 장위제2동,11651,9726,1925
성북구 장위제3동,7938,5558,2380
성북구 정릉제1동,15156,13728,1428
성북구 정릉제2동,21613,16047,5566
성북구 정릉제3동,9875,9697,178
성북구 정릉제4동,22723,17790,4933
성북구 종암동,32327,24971,7356
송파구 가락1동,4197,3750,447
송파구 가락2동,18101,13049,5052
송파구 가락본동,15548,14965,583
송파구 거여1동,4912,3502,1410
송파구 거여2동,1397,770,627
송파구 마천1동,6545,3826,2719
송파구 마천2동,11786,8592,3194
송파구 문정1동,5292,5002,290
송파구 문정2동,15007,22670,-7663
송파구 방이1동,7559,5729,1830
송파구 방이2동,12124,15062,-2938
송파구 삼전동,14810,9761,5049
송파구 석촌동,18121,17805,316
송파구 송파1동,12123,12919,-796
송파구 송파2동,6519,4454,2065
송파구 오금동,16883,13863,3020
송파구 오륜동,6978,7225,-247
송파구 위례동,11775,8681,3094
송파구 잠실2동,4867,7458,-2591
송파구 잠실3동,26612,38532,-11920
송파구 잠실4동,950,920,30
송파구 잠실6동,10712,20771,-10059
송파구 잠실7동,5322,4796,526
송파구 잠실본동,22315,17354,4961
송파구 장지동,11593,6733,4860
송파구 풍납1동,5469,3605,1864
송파구 풍납2동,10908,9998,910
양천구 목1동,27687,35869,-8182
양천구 목2동,21112,17852,3260
양천구 목3동,20853,18105,2748
양천구 목4동,17295,10740,6555
양천구 목5동,23618,23557,61
양천구 신월1동,7510,3330,4180
양천구 신월2동,9285,7857,1428
양천구 신월3동,7227,4781,2446
양천구 신월4동,8830,6745,2085
양천구 신월5동,6948,5905,1043
양천구 신월6동,6248,3909,2339
양천구 신월7동,13847,10159,3688
양천구 신정1동,10038,11610,-1572
양천구 신정2동,7319,4228,3091
양천구 신정3동,29411,20370,9041
양천구 신정4동,20989,25201,-4212
양천구 신정6동,6683,5119,1564
양천구 신정7동,10082,8115,1967
영등포구 당산제1동,10701,11421,-720
영등포구 당산제2동,22014,24425,-2411
영등포구 대림제1동,13997,9338,4659
영등포구 대림제2동,5028,6905,-1877
영등포구 대림제3동,14784,12417,2367
영등포구 도림동,10623,8155,2468
영등포구 문래동,14368,17335,-2967
영등포구 신길제1동,11029,7307,3722
영등포구 신길제3동,14957,10198,4759
영등포구 신길제4동,5239,3878,1361
영등포구 신길제5동,8894,8811,83
영등포구 신길제6동,12554,9491,3063
영등포구 신길제7동,10381,9125,1256
영등포구 양평제1동,9021,7179,1842
영등포구 양평제2동,13230,10401,2829
영등포구 여의동,49807,54838,-5031
영등포구 영등포동,44919,65757,-20838
영등포구 영등포본동,16805,19394,-2589
용산구 남영동,28941,30580,-1639
용산구 보광동,10047,5226,4821
용산구 서빙고동,12643,9344,3299
용산구 용문동,4256,3556,700
용산구 용산2가동,11598,11487,111
용산구 원효로제1동,12256,10614,1642
용산구 원효로제2동,9345,5991,3354
용산구 이촌제1동,13872,11313,2559
용산구 이촌제2동,4366,2639,1727
용산구 이태원제1동,11230,13142,-1912
용산구 이태원제2동,7892,5904,1988
용산구 청파동,14839,12979,1860
용산구 필동,2534,1085,1449
용산구 한강로동,31139,39005,-7866
용산구 한남동,35353,33712,1641
용산구 효창동,7441,5672,1769
용산구 후암동,12444,9257,3187
은평구 갈현제1동,11950,8496,3454
은평구 갈현제2동,15455,11639,3816
은평구 구산동,16737,7132,9605
은평구 녹번동,20988,18057,2931
은평구 대조동,26219,37986,-11767
은평구 불광제1동,23137,19739,3398
은평구 불광제2동,19738,19255,483
은평구 수색동,9414,8284,1130
은평구 신사제1동,15958,16337,-379
은평구 신사제2동,15220,13921,1299
은평구 역촌동,22243,14722,7521
은평구 응암제1동,22688,27521,-4833
은평구 응암제2동,10373,6329,4044
은평구 응암제3동,16392,13786,2606
은평구 증산동,15114,14444,670
은평구 진관동,34322,31524,2798
종로구 가회동,4325,4051,274
종로구 교남동,6659,4739,1920
종로구 무악동,3707,3099,608
종로구 부암동,14974,12570,2404
종로구 사직동,35964,46899,-10935
종로구 삼청동,5189,6986,-1797
종로구 숭인제1동,1272,1334,-62
종로구 숭인제2동,13261,16430,-3169
종로구 이화동,13382,18416,-5034
종로구 종로1.2.3.4가동,93426,123451,-30025
종로구 종로5.6가동,18213,20674,-2461
종로구 창신제1동,14932,11157,3775
종로구 창신제2동,6133,9679,-3546
종로구 창신제3동,4454,3599,855
종로구 청운효자동,10706,10353,353
종로구 충현동,2872,1211,1661
종로구 평창동,17196,11360,5836
종로구 혜화동,25638,30648,-5010
중구 광희동,16905,21920,-5015
중구 다산동,7337,5968,1369
중구 동화동,1574,1697,-123
중구 명동,27665,36529,-8864
중구 소공동,38485,50008,-11523
중구 신당동,8331,5817,2514
중구 신당제5동,9224,8977,247
중구 약수동,5201,4254,947
중구 을지로동,5510,8135,-2625
중구 장충동,5282,5407,-125
중구 중림동,7331,5983,1348
중구 청구동,4556,3189,1367
중구 필동,5510,5317,193
중구 황학동,7265,6552,713
중구 회현동,43164,50977,-7813
중랑구 망우본동,24587,19001,5586
중랑구 망우제3동,7294,5059,2235
중랑구 면목본동,18828,20468,-1640
중랑구 면목제2동,8237,5862,2375
중랑구 면목제3.8동,17490,14535,2955
중랑구 면목제4동,8193,6154,2039
중랑구 면목제5동,6433,4286,2147
중랑구 면목제7동,5567,5665,-98
중랑구 묵제1동,12474,12372,102
중랑구 묵제2동,5122,3226,1896
중랑구 상봉제1동,11814,10973,841
중랑구 상봉제2동,17985,22138,-4153
중랑구 신내1동,21942,16711,5231
중랑구 신내2동,18094,14591,3503
중랑구 중화제1동,6737,8115,-1378
중랑구 중화제2동,15889,13924,1965
NA,428919,371401,57518
