ID,insum,outsum,diff
100000001,938,707,231
100000002,4338,6384,-2046
100000003,3579,5754,-2175
100000004,249,1006,-757
100000005,2518,4356,-1838
100000006,468,325,143
100000007,2425,823,1602
100000008,109,760,-651
100000009,411,371,40
100000010,16,49,-33
100000011,487,137,350
100000012,25,738,-713
100000013,28,279,-251
100000014,369,386,-17
100000015,1321,1863,-542
100000016,492,1809,-1317
100000017,625,1448,-823
100000018,966,942,24
100000019,3096,2783,313
100000020,1126,5294,-4168
100000021,4627,1873,2754
100000022,692,3332,-2640
100000023,3746,1479,2267
100000025,380,1945,-1565
100000028,407,1709,-1302
100000029,58,915,-857
100000030,45,56,-11
100000031,1329,5706,-4377
100000032,1827,4133,-2306
100000033,1095,3370,-2275
100000034,135,1554,-1419
100000035,702,1270,-568
100000036,587,1743,-1156
100000037,587,324,263
100000038,1912,988,924
100000039,210,359,-149
100000040,341,203,138
100000041,1246,639,607
100000042,839,358,481
100000043,673,507,166
100000044,201,636,-435
100000045,265,641,-376
100000046,357,673,-316
100000047,126,272,-146
100000048,189,518,-329
100000049,1190,940,250
100000051,413,435,-22
100000053,52,11,41
100000054,211,21,190
100000055,473,278,195
100000056,301,683,-382
100000057,1551,495,1056
100000058,522,562,-40
100000059,1,168,-167
100000060,645,270,375
100000061,1620,534,1086
100000062,1196,584,612
100000063,669,286,383
100000064,984,679,305
100000065,212,696,-484
100000066,139,429,-290
100000067,153,481,-328
100000068,311,1044,-733
100000069,242,884,-642
100000072,145,338,-193
100000073,748,607,141
100000075,734,176,558
100000076,1317,5069,-3752
100000077,75,458,-383
100000078,5,43,-38
100000079,11,66,-55
100000080,8,87,-79
100000081,25,214,-189
100000102,3122,7119,-3997
100000103,1463,1720,-257
100000104,3144,2180,964
100000105,1007,1856,-849
100000106,856,4395,-3539
100000107,81,1539,-1458
100000108,201,1033,-832
100000109,547,1541,-994
100000116,376,512,-136
100000117,86,215,-129
100000118,546,1015,-469
100000119,702,1111,-409
100000121,158,538,-380
100000122,329,2280,-1951
100000123,945,2890,-1945
100000124,1968,2835,-867
100000125,5718,2036,3682
100000126,560,992,-432
100000127,891,775,116
100000128,745,2727,-1982
100000129,270,1021,-751
100000130,466,201,265
100000131,710,1389,-679
100000132,744,1507,-763
100000133,1349,778,571
100000135,781,1212,-431
100000139,145,653,-508
100000140,133,158,-25
100000142,493,564,-71
100000143,1279,384,895
100000144,1548,570,978
100000147,1446,4038,-2592
100000150,68,536,-468
100000151,419,2890,-2471
100000153,71,583,-512
100000154,28,489,-461
100000155,8,43,-35
100000156,213,344,-131
100000157,304,297,7
100000158,180,264,-84
100000159,96,1406,-1310
100000165,408,609,-201
100000169,31,1564,-1533
100000174,215,1076,-861
100000179,66,872,-806
100000180,564,1954,-1390
100000181,221,349,-128
100000188,54,187,-133
100000189,847,497,350
100000190,368,1766,-1398
100000191,769,677,92
100000192,29,87,-58
100000193,205,214,-9
100000330,532,843,-311
100000355,153,642,-489
100000362,1926,1002,924
100000363,6160,7346,-1186
100000364,69,394,-325
100000365,5764,9477,-3713
100000366,1673,1147,526
100000367,4269,6153,-1884
100000368,2227,792,1435
100000369,560,2101,-1541
100000370,133,925,-792
100000376,52,188,-136
100000379,933,2924,-1991
100000380,3027,7219,-4192
100000384,4694,7787,-3093
100000385,968,4928,-3960
100000386,2071,6940,-4869
100000387,2625,7613,-4988
100000388,1640,4869,-3229
100000389,3073,6920,-3847
100000390,2481,4723,-2242
100000391,1753,7774,-6021
100000392,703,3058,-2355
100000393,563,5867,-5304
100000394,2277,6271,-3994
100000395,1166,6042,-4876
100000396,1696,2759,-1063
100000397,1809,8015,-6206
100000398,6119,3870,2249
100000413,5,0,5
100000414,96,653,-557
100900002,9,8,1
100900003,345,281,64
100900004,4,687,-683
100900005,115,38,77
100900006,28,36,-8
100900007,87,3,84
100900008,1,306,-305
100900009,23,92,-69
100900010,27,9,18
100900011,199,75,124
100900012,0,64,-64
100900013,863,25,838
100900014,5,0,5
100900015,39,34,5
100900016,3,26,-23
100900017,965,43,922
100900018,2,17,-15
100900019,25,55,-30
100900020,358,5,353
100900021,277,2,275
100900022,10,24,-14
100900023,0,30,-30
100900024,300,2,298
100900025,4,7,-3
100900026,112,65,47
100900027,428,1973,-1545
100900028,96,410,-314
100900029,144,23,121
100900030,3,331,-328
100900031,637,44,593
100900032,498,2,496
100900033,83,372,-289
100900034,1019,2,1017
100900035,112,0,112
100900036,5,0,5
100900037,87,69,18
100900038,41,152,-111
100900039,241,181,60
100900040,568,203,365
100900041,809,181,628
100900042,727,2125,-1398
100900043,0,36,-36
100900044,555,240,315
100900045,3,3,0
100900046,807,53,754
100900047,522,131,391
100900048,98,20,78
100900049,39,67,-28
100900050,0,3,-3
100900051,19,97,-78
100900052,185,7,178
100900053,561,21,540
100900054,2,42,-40
100900055,230,867,-637
100900056,28,48,-20
100900057,2008,727,1281
100900058,114,33,81
100900059,86,3,83
100900060,199,6,193
100900061,137,99,38
100900062,2,72,-70
100900063,193,734,-541
100900064,419,14,405
100900065,51,135,-84
100900066,224,177,47
100900067,6,8,-2
100900068,159,109,50
100900069,118,10,108
100900070,362,6,356
100900071,188,75,113
100900072,2,46,-44
100900073,81,157,-76
100900074,3,23,-20
100900075,1476,153,1323
100900076,3,17,-14
100900077,60,4,56
100900078,47,189,-142
100900079,2,75,-73
100900080,68,46,22
100900081,25,87,-62
100900082,167,130,37
100900083,4,53,-49
100900085,10,499,-489
100900086,53,306,-253
100900088,144,129,15
100900089,2,32,-30
100900090,62,727,-665
100900091,1,9,-8
100900092,58,102,-44
100900093,366,274,92
100900094,101,101,0
100900095,4,27,-23
100900096,24,282,-258
100900097,8,1,7
100900098,23,28,-5
100900099,17,314,-297
100900100,12,401,-389
100900101,118,27,91
100900102,23,63,-40
100900103,5,22,-17
100900104,7,203,-196
100900105,8,420,-412
100900106,12,2,10
100900107,1837,965,872
100900108,3,11,-8
100900109,7,39,-32
100900110,1,21,-20
100900111,9,164,-155
100900112,6,16,-10
100900113,16,7,9
100900114,6,4,2
100900115,17,15,2
100900116,748,286,462
100900117,148,896,-748
100900118,5,9,-4
100900119,17,22,-5
100900120,20,0,20
100900121,237,310,-73
100900122,68,72,-4
100900123,68,76,-8
100900124,2,9,-7
100900125,4,32,-28
100900126,257,142,115
100900127,10,0,10
100900128,50,357,-307
100900129,0,366,-366
100900131,9,142,-133
100900133,46,25,21
100900134,12,0,12
100900135,1,442,-441
100900137,233,179,54
100900138,304,271,33
100900139,5,14,-9
100900140,10,172,-162
100900141,0,691,-691
100900142,2,6,-4
100900143,346,517,-171
100900144,1,4,-3
100900145,102,239,-137
100900146,2,22,-20
100900147,5,1285,-1280
100900148,55,112,-57
100900149,23,123,-100
100900150,1,17,-16
100900151,52,359,-307
100900152,151,3,148
100900153,0,288,-288
100900154,82,271,-189
100900155,8,7,1
100900156,10,0,10
100900157,7,596,-589
100900159,2,82,-80
100900160,12,28,-16
100900161,43,1,42
100900162,15,310,-295
100900163,50,50,0
100900164,19,39,-20
100900165,13,20,-7
100900166,6,0,6
100900167,10,39,-29
100900168,29,161,-132
100900169,51,650,-599
100900170,8,6,2
100900171,15,403,-388
100900172,0,22,-22
100900173,3,107,-104
100900174,24,31,-7
100900176,1327,121,1206
100900177,340,152,188
100900178,139,239,-100
100900179,284,217,67
100900180,1,0,1
100900181,36,52,-16
100900182,42,16,26
100900184,11,65,-54
100900186,298,183,115
100900187,33,39,-6
100900188,12,7,5
100900189,2024,131,1893
100900191,396,1014,-618
100900192,115,555,-440
100900195,51,217,-166
100900197,21,42,-21
100900198,17,43,-26
100900199,6,3,3
100900200,545,303,242
100900201,36,508,-472
100900202,27,0,27
100900203,0,96,-96
100900204,32,500,-468
100900205,119,480,-361
100900206,195,91,104
100900207,224,135,89
100900210,102,112,-10
100900211,337,127,210
100900213,123,36,87
100900214,295,124,171
100900215,17,49,-32
100900217,70,105,-35
101000001,1356,1641,-285
101000002,6145,6528,-383
101000003,247,789,-542
101000004,5022,4660,362
101000005,2798,4004,-1206
101000006,3857,7666,-3809
101000007,2196,3583,-1387
101000009,2335,697,1638
101000010,709,526,183
101000011,1094,193,901
101000012,297,461,-164
101000013,438,936,-498
101000014,258,300,-42
101000015,1802,1110,692
101000016,205,698,-493
101000017,235,507,-272
101000018,1127,4554,-3427
101000020,1206,699,507
101000021,446,1123,-677
101000022,4,17,-13
101000023,721,1227,-506
101000025,289,584,-295
101000026,235,17,218
101000027,1452,4106,-2654
101000028,744,417,327
101000029,41,1086,-1045
101000030,554,94,460
101000031,98,607,-509
101000032,1953,4591,-2638
101000033,918,4340,-3422
101000034,827,2367,-1540
101000035,362,298,64
101000036,647,2283,-1636
101000037,835,3217,-2382
101000039,1600,2669,-1069
101000040,2322,5247,-2925
101000041,1841,6306,-4465
101000042,68,885,-817
101000043,2419,6431,-4012
101000045,225,846,-621
101000046,619,1797,-1178
101000047,652,3773,-3121
101000048,394,324,70
101000049,451,1834,-1383
101000050,517,1523,-1006
101000051,594,1797,-1203
101000052,1148,1272,-124
101000053,459,1374,-915
101000054,1251,755,496
101000055,791,1853,-1062
101000056,32,223,-191
101000057,683,1758,-1075
101000058,606,1503,-897
101000059,1442,2175,-733
101000060,1758,1100,658
101000061,278,2068,-1790
101000062,284,734,-450
101000063,191,1771,-1580
101000064,404,1271,-867
101000065,175,1106,-931
101000066,276,1642,-1366
101000067,316,941,-625
101000068,81,304,-223
101000069,130,70,60
101000070,391,667,-276
101000071,2618,1057,1561
101000072,397,2008,-1611
101000073,470,1219,-749
101000074,1678,2839,-1161
101000075,1520,2844,-1324
101000077,1258,1309,-51
101000078,468,992,-524
101000079,828,963,-135
101000080,852,1073,-221
101000081,1502,1412,90
101000082,1640,1663,-23
101000083,3176,2177,999
101000084,759,490,269
101000085,1339,1139,200
101000086,725,1206,-481
101000087,679,892,-213
101000088,1594,927,667
101000089,910,1538,-628
101000090,1409,784,625
101000091,462,330,132
101000092,2445,608,1837
101000093,1452,575,877
101000094,1010,854,156
101000095,575,365,210
101000096,758,312,446
101000097,288,621,-333
101000098,432,820,-388
101000099,417,835,-418
101000100,581,1091,-510
101000101,194,613,-419
101000102,380,1053,-673
101000103,357,941,-584
101000104,218,1063,-845
101000105,173,436,-263
101000106,154,1099,-945
101000107,268,484,-216
101000108,460,106,354
101000109,516,70,446
101000110,37,166,-129
101000111,39,156,-117
101000113,98,846,-748
101000114,1977,6916,-4939
101000115,17,26,-9
101000116,26,22,4
101000117,817,128,689
101000119,23,65,-42
101000120,49,93,-44
101000121,24,58,-34
101000122,48,95,-47
101000123,29,75,-46
101000124,659,505,154
101000125,95,177,-82
101000128,116,917,-801
101000130,134,155,-21
101000131,1228,371,857
101000132,708,471,237
101000135,8,16,-8
101000136,153,172,-19
101000137,46,482,-436
101000141,514,4262,-3748
101000147,1100,322,778
101000148,794,7,787
101000149,53,83,-30
101000150,156,206,-50
101000151,278,19,259
101000152,288,319,-31
101000153,497,136,361
101000154,273,326,-53
101000155,363,169,194
101000156,57,591,-534
101000157,77,57,20
101000160,19,23,-4
101000163,88,586,-498
101000164,279,142,137
101000165,251,464,-213
101000166,144,219,-75
101000168,909,723,186
101000252,2363,989,1374
101000254,13,44,-31
101000258,37,11,26
101000261,91,79,12
101000262,1024,5093,-4069
101000263,224,1007,-783
101000265,45,610,-565
101000266,187,153,34
101000269,10,44,-34
101000290,195,2380,-2185
101000293,9,59,-50
101000294,442,403,39
101000295,244,212,32
101000301,213,557,-344
101000304,1932,2902,-970
101000305,2628,935,1693
101000328,144,610,-466
101900001,30,20,10
101900002,0,5,-5
101900003,12,123,-111
101900004,2,246,-244
101900005,1004,3144,-2140
101900006,1339,372,967
101900007,383,122,261
101900008,42,320,-278
101900009,20,375,-355
101900010,472,581,-109
101900011,37,838,-801
101900012,229,64,165
101900013,313,82,231
101900017,9,77,-68
101900018,621,220,401
101900019,57,140,-83
101900020,36,26,10
101900021,3,25,-22
101900022,183,440,-257
101900023,162,100,62
101900026,120,34,86
101900027,20,134,-114
102000001,2440,5026,-2586
102000002,2012,1349,663
102000003,1960,5953,-3993
102000004,2800,2058,742
102000005,1049,3217,-2168
102000006,448,1306,-858
102000007,1658,4354,-2696
102000008,3489,1224,2265
102000009,6188,7985,-1797
102000010,3199,2142,1057
102000011,3877,3335,542
102000012,2902,2153,749
102000018,2913,3073,-160
102000019,1891,1385,506
102000026,615,299,316
102000029,238,238,0
102000030,122,219,-97
102000031,63,101,-38
102000032,451,318,133
102000033,334,280,54
102000034,309,350,-41
102000035,970,382,588
102000036,25,223,-198
102000037,322,39,283
102000038,78,801,-723
102000039,80,281,-201
102000040,126,478,-352
102000041,27,968,-941
102000042,45,562,-517
102000043,47,685,-638
102000044,380,1400,-1020
102000045,506,734,-228
102000046,1073,671,402
102000047,591,762,-171
102000048,495,594,-99
102000049,815,1200,-385
102000050,1354,1494,-140
102000051,142,820,-678
102000052,955,1707,-752
102000053,652,1708,-1056
102000054,875,799,76
102000055,1292,348,944
102000056,1567,270,1297
102000057,1793,416,1377
102000058,940,799,141
102000059,970,1305,-335
102000060,890,834,56
102000061,1475,1306,169
102000062,1949,892,1057
102000063,1133,1132,1
102000064,683,667,16
102000065,32,119,-87
102000066,800,893,-93
102000067,4578,3291,1287
102000068,8293,3122,5171
102000069,97,2643,-2546
102000070,1546,27,1519
102000071,7647,9993,-2346
102000072,1992,4080,-2088
102000073,307,362,-55
102000074,711,659,52
102000075,128,226,-98
102000076,378,178,200
102000077,669,350,319
102000078,1641,314,1327
102000079,124,128,-4
102000080,337,200,137
102000081,166,974,-808
102000082,479,365,114
102000083,763,124,639
102000084,519,211,308
102000085,2056,528,1528
102000086,1483,672,811
102000087,564,984,-420
102000088,409,278,131
102000089,1240,319,921
102000090,308,990,-682
102000091,1176,504,672
102000092,247,453,-206
102000093,1385,657,728
102000094,461,428,33
102000095,697,702,-5
102000096,305,437,-132
102000097,493,402,91
102000098,219,595,-376
102000099,906,827,79
102000100,143,1310,-1167
102000101,387,581,-194
102000102,555,986,-431
102000103,3313,428,2885
102000104,887,240,647
102000105,252,630,-378
102000106,802,384,418
102000107,1912,198,1714
102000108,618,246,372
102000109,616,393,223
102000110,1496,566,930
102000111,5,395,-390
102000112,152,172,-20
102000113,21,35,-14
102000114,807,262,545
102000115,224,337,-113
102000116,133,518,-385
102000117,46,1063,-1017
102000118,743,1570,-827
102000119,894,1689,-795
102000120,176,473,-297
102000121,657,252,405
102000122,423,867,-444
102000123,816,532,284
102000124,964,1257,-293
102000125,320,516,-196
102000126,405,696,-291
102000127,898,452,446
102000128,591,899,-308
102000129,927,460,467
102000130,577,607,-30
102000131,589,403,186
102000132,252,515,-263
102000133,2919,1291,1628
102000134,859,640,219
102000135,763,542,221
102000136,1037,402,635
102000137,343,809,-466
102000138,161,237,-76
102000139,55,701,-646
102000140,87,1115,-1028
102000141,89,234,-145
102000142,403,205,198
102000143,288,150,138
102000144,335,188,147
102000145,319,184,135
102000146,274,261,13
102000147,486,299,187
102000148,309,526,-217
102000149,274,97,177
102000150,474,64,410
102000151,117,107,10
102000152,303,157,146
102000153,799,788,11
102000154,185,382,-197
102000155,37,798,-761
102000156,143,210,-67
102000157,36,1260,-1224
102000158,210,372,-162
102000159,1738,1079,659
102000161,2076,1678,398
102000162,92,261,-169
102000163,74,317,-243
102000164,565,671,-106
102000165,233,229,4
102000166,67,182,-115
102000167,131,283,-152
102000168,149,154,-5
102000169,102,468,-366
102000170,712,84,628
102000171,56,58,-2
102000172,17,231,-214
102000173,395,258,137
102000174,129,90,39
102000175,67,93,-26
102000176,28,35,-7
102000178,170,406,-236
102000179,346,219,127
102000180,1090,265,825
102000181,1045,236,809
102000182,589,507,82
102000183,1944,899,1045
102000184,2002,521,1481
102000185,3002,670,2332
102000186,2167,1012,1155
102000187,1336,994,342
102000188,1230,1126,104
102000189,1899,374,1525
102000190,445,2089,-1644
102000191,1219,238,981
102000192,1946,1572,374
102000193,81,110,-29
102000194,54,269,-215
102000195,460,441,19
102000196,223,273,-50
102000197,862,174,688
102000198,138,475,-337
102000199,1286,128,1158
102000200,148,442,-294
102000201,1233,218,1015
102000202,4,127,-123
102000203,355,144,211
102000204,577,440,137
102000205,1160,494,666
102000206,573,372,201
102000207,589,591,-2
102000208,471,677,-206
102000209,90,94,-4
102000210,792,470,322
102000211,298,184,114
102000212,364,6,358
102000213,4,133,-129
102000214,287,1,286
102000215,4,186,-182
102000216,106,75,31
102000217,23,51,-28
102000218,329,164,165
102000219,145,125,20
102000225,343,669,-326
102000226,220,344,-124
102000227,115,2,113
102000228,0,141,-141
102000229,50,31,19
102000230,322,329,-7
102000231,238,244,-6
102000232,28,211,-183
102000233,1298,363,935
102000234,51,911,-860
102000236,257,91,166
102000237,530,575,-45
102000238,257,366,-109
102000240,449,846,-397
102000241,205,78,127
102000243,6,32,-26
102000245,7,82,-75
102000246,8,48,-40
102000247,255,366,-111
102000248,317,684,-367
102000249,162,126,36
102000250,102,154,-52
102000254,271,149,122
102000266,5,690,-685
102000271,13,0,13
102000286,452,247,205
102000297,1796,1158,638
102000305,0,0,0
102000307,0,8,-8
102000316,259,36,223
102900001,973,456,517
102900002,310,46,264
102900003,52,177,-125
102900005,480,168,312
102900006,451,46,405
102900007,753,4,749
102900008,293,10,283
102900009,280,452,-172
102900010,101,1095,-994
102900011,823,366,457
102900012,547,141,406
102900013,29,33,-4
102900015,706,445,261
102900016,62,24,38
102900017,261,163,98
102900018,96,27,69
102900019,317,588,-271
102900020,177,29,148
102900021,66,79,-13
102900022,136,48,88
102900023,25,49,-24
102900024,49,23,26
102900025,106,94,12
102900026,439,2016,-1577
102900027,119,52,67
102900028,151,794,-643
102900029,100,233,-133
102900030,337,266,71
102900031,308,99,209
102900032,88,43,45
102900033,65,157,-92
102900034,612,27,585
102900035,116,335,-219
102900036,406,158,248
102900037,416,102,314
102900038,458,182,276
102900039,4,573,-569
102900040,175,237,-62
102900041,70,89,-19
102900042,346,153,193
102900043,260,175,85
102900044,530,1139,-609
102900045,289,259,30
102900046,249,115,134
102900047,89,549,-460
102900048,419,158,261
102900049,68,352,-284
102900050,188,315,-127
102900051,201,178,23
102900053,251,495,-244
102900054,219,1297,-1078
102900055,195,217,-22
102900056,74,313,-239
102900057,4,50,-46
102900058,553,97,456
102900059,28,23,5
102900060,78,235,-157
102900061,108,233,-125
102900062,330,408,-78
102900063,1630,239,1391
102900064,151,381,-230
102900065,686,180,506
102900066,233,7,226
102900068,41,104,-63
102900070,136,298,-162
102900072,16,61,-45
102900073,58,14,44
102900075,7,121,-114
102900076,33,191,-158
102900077,30,20,10
102900078,24,46,-22
102900079,222,6,216
102900080,380,24,356
102900081,58,271,-213
102900082,9,286,-277
102900083,119,5,114
102900084,0,53,-53
102900085,240,69,171
102900086,17,99,-82
102900087,179,156,23
102900088,19,48,-29
102900089,152,135,17
102900090,1,143,-142
102900091,156,1,155
102900092,363,137,226
102900094,1,210,-209
102900095,73,1,72
102900096,79,8,71
102900097,5,20,-15
103000001,1724,2254,-530
103000002,2321,2625,-304
103000003,2748,3207,-459
103000004,506,615,-109
103000005,1578,4197,-2619
103000006,943,1539,-596
103000007,448,499,-51
103000008,793,761,32
103000009,1800,959,841
103000010,233,138,95
103000011,1100,748,352
103000012,1059,1511,-452
103000013,2121,1456,665
103000014,1126,2713,-1587
103000015,1615,814,801
103000016,564,1599,-1035
103000017,317,577,-260
103000018,708,176,532
103000019,344,512,-168
103000020,1166,1092,74
103000021,1296,2277,-981
103000022,647,813,-166
103000023,873,2298,-1425
103000024,58,60,-2
103000025,181,1061,-880
103000026,368,95,273
103000027,176,536,-360
103000028,126,204,-78
103000029,67,148,-81
103000030,1680,1423,257
103000031,732,2220,-1488
103000032,1490,958,532
103000033,2474,2447,27
103000034,1017,667,350
103000035,204,921,-717
103000036,252,261,-9
103000037,451,299,152
103000038,323,802,-479
103000039,664,211,453
103000040,691,411,280
103000041,1921,1043,878
103000042,1661,168,1493
103000043,778,511,267
103000044,261,96,165
103000046,326,357,-31
103000047,765,274,491
103000048,226,141,85
103000049,136,139,-3
103000050,650,221,429
103000051,391,312,79
103000052,739,146,593
103000053,182,242,-60
103000054,1481,749,732
103000055,1450,1148,302
103000056,631,472,159
103000057,1367,166,1201
103000058,550,456,94
103000059,726,534,192
103000060,617,190,427
103000061,537,593,-56
103000062,788,289,499
103000063,772,834,-62
103000064,120,94,26
103000065,16,224,-208
103000066,244,8,236
103000069,358,136,222
103000070,611,460,151
103000071,1409,516,893
103000072,159,280,-121
103000073,918,63,855
103000074,677,114,563
103000075,124,369,-245
103000076,259,622,-363
103000077,19,143,-124
103000078,869,1368,-499
103000079,402,937,-535
103000080,450,355,95
103000081,197,1142,-945
103000082,440,138,302
103000083,64,491,-427
103000084,128,6,122
103000085,12,195,-183
103000086,372,590,-218
103000087,60,723,-663
103000088,211,442,-231
103000089,197,753,-556
103000090,4913,1173,3740
103000091,1471,484,987
103000092,341,245,96
103000093,314,597,-283
103000094,190,137,53
103000095,94,334,-240
103000096,467,36,431
103000097,58,641,-583
103000098,432,99,333
103000099,124,534,-410
103000100,118,360,-242
103000101,1180,95,1085
103000102,102,271,-169
103000103,658,135,523
103000104,89,41,48
103000105,178,82,96
103000106,27,126,-99
103000107,256,134,122
103000108,1791,2325,-534
103000109,784,673,111
103000110,905,530,375
103000111,219,713,-494
103000112,190,500,-310
103000113,193,1380,-1187
103000114,1336,1247,89
103000115,873,858,15
103000116,668,335,333
103000117,551,458,93
103000118,298,308,-10
103000119,821,293,528
103000120,66,124,-58
103000121,110,158,-48
103000122,312,390,-78
103000125,19,50,-31
103000126,743,5,738
103000127,24,65,-41
103000128,187,1,186
103000129,0,49,-49
103000130,120,40,80
103000131,47,88,-41
103000132,66,114,-48
103000133,8,71,-63
103000134,223,758,-535
103000135,367,178,189
103000136,390,502,-112
103000137,416,675,-259
103000138,528,694,-166
103000139,0,105,-105
103000140,155,13,142
103000141,35,189,-154
103000142,151,85,66
103000143,87,202,-115
103000144,127,101,26
103000145,9,139,-130
103000150,133,41,92
103000152,190,499,-309
103000153,204,422,-218
103000156,2,101,-99
103000157,459,1,458
103000159,109,19,90
103000162,23,11,12
103000163,10,17,-7
103000164,4,4,0
103000165,62,156,-94
103000166,258,492,-234
103000167,267,219,48
103000168,195,145,50
103000169,201,573,-372
103000170,1121,156,965
103000171,29,137,-108
103000172,411,171,240
103000173,862,118,744
103000174,256,183,73
103000175,371,105,266
103000176,672,552,120
103000177,200,322,-122
103000178,113,147,-34
103000179,130,33,97
103000183,359,48,311
103000185,211,45,166
103000186,223,62,161
103000187,818,99,719
103000188,27,98,-71
103000189,773,1210,-437
103000191,302,352,-50
103000292,753,1845,-1092
103000293,432,2890,-2458
103000295,34,123,-89
103000296,84,4,80
103000297,2,16,-14
103000504,6,6,0
103000505,10,38,-28
103000506,2,101,-99
103000507,222,0,222
103000508,94,45,49
103000509,240,516,-276
103900001,14,26,-12
103900002,542,141,401
103900003,560,11,549
103900004,128,1,127
103900005,2,63,-61
103900006,1,2,-1
103900007,197,1,196
103900008,30,5,25
103900009,341,253,88
103900010,302,125,177
103900011,462,71,391
103900012,5,55,-50
103900013,87,33,54
103900014,77,22,55
103900015,90,7,83
103900016,224,66,158
103900017,75,82,-7
103900018,214,49,165
103900019,22,208,-186
103900020,214,411,-197
103900021,67,12,55
103900022,605,333,272
103900023,256,1,255
103900024,79,187,-108
103900025,12,11,1
103900026,5,0,5
103900027,351,234,117
103900028,38,241,-203
103900029,955,116,839
103900030,399,174,225
103900031,37,1,36
103900032,84,56,28
103900033,38,16,22
103900034,28,51,-23
103900035,126,55,71
103900036,46,59,-13
103900037,119,30,89
103900038,43,148,-105
103900039,161,64,97
103900040,23,43,-20
103900041,63,14,49
103900042,92,62,30
103900043,323,46,277
103900044,59,710,-651
103900045,199,69,130
103900047,96,2,94
103900048,19,70,-51
103900049,77,1253,-1176
103900050,14,122,-108
103900051,0,56,-56
103900052,224,266,-42
103900053,208,146,62
103900054,235,144,91
103900055,413,136,277
103900056,81,33,48
103900057,163,47,116
103900058,350,164,186
103900059,0,39,-39
103900060,76,63,13
103900061,282,11,271
103900062,453,143,310
103900063,4,0,4
103900064,330,3,327
103900065,242,230,12
103900066,363,62,301
103900067,220,3,217
103900068,2,0,2
103900069,127,32,95
103900070,156,131,25
103900071,19,51,-32
103900072,45,43,2
103900073,43,93,-50
103900074,116,7,109
103900075,356,31,325
103900076,789,161,628
103900077,16,287,-271
103900078,240,51,189
103900079,139,183,-44
103900080,3,10,-7
103900081,8,33,-25
103900082,59,132,-73
103900083,2618,1739,879
103900084,46,135,-89
103900085,37,84,-47
103900086,864,212,652
103900088,224,311,-87
103900089,45,89,-44
103900090,23,59,-36
103900091,528,186,342
103900092,609,526,83
103900093,28,271,-243
103900094,9,56,-47
103900095,213,203,10
103900096,76,83,-7
103900097,32,151,-119
103900098,357,87,270
103900099,259,35,224
103900100,341,107,234
103900101,119,647,-528
103900102,0,38,-38
103900104,0,12,-12
103900105,23,29,-6
103900106,0,88,-88
103900107,220,44,176
103900108,61,91,-30
103900109,177,32,145
103900110,153,30,123
103900111,152,157,-5
103900112,29,71,-42
103900113,45,188,-143
103900114,485,152,333
103900115,150,137,13
103900116,849,1875,-1026
103900117,86,17,69
103900119,22,120,-98
103900120,147,50,97
103900122,181,32,149
103900123,282,504,-222
103900124,96,189,-93
103900125,108,78,30
103900126,597,128,469
103900127,144,165,-21
103900128,128,27,101
103900131,17,92,-75
103900133,940,15,925
103900134,2,6,-4
103900135,1,2,-1
103900137,0,4,-4
103900138,57,30,27
103900139,246,3321,-3075
103900140,4,225,-221
103900141,148,18,130
103900142,321,49,272
103900143,108,0,108
103900144,0,20,-20
103900145,116,100,16
103900146,180,83,97
103900147,342,88,254
103900148,300,159,141
103900149,325,166,159
103900150,3162,4451,-1289
103900151,6,128,-122
103900152,1163,140,1023
103900153,4,4,0
103900154,198,1794,-1596
103900155,34,58,-24
103900156,76,47,29
103900157,141,53,88
103900158,192,26,166
103900159,198,19,179
103900160,34,15,19
103900161,77,101,-24
103900162,53,53,0
103900163,8,213,-205
103900167,1,104,-103
103900168,57,44,13
103900169,25,58,-33
103900170,0,29,-29
103900171,1,18,-17
103900172,2,9,-7
103900173,12,16,-4
103900174,218,36,182
103900175,16,77,-61
103900176,18,29,-11
103900177,16,27,-11
103900178,57,6,51
103900179,44,12,32
103900180,4,19,-15
103900181,24,19,5
103900182,37,15,22
103900184,131,90,41
103900185,26,570,-544
103900187,23,83,-60
103900188,95,37,58
103900189,98,2,96
103900190,62,30,32
103900191,21,45,-24
103900192,16,79,-63
103900193,30,91,-61
103900194,76,88,-12
103900195,1,105,-104
103900196,46,22,24
103900197,6,33,-27
103900198,7,25,-18
103900199,129,32,97
103900200,213,39,174
103900201,73,143,-70
103900202,5,54,-49
103900203,42,34,8
103900204,0,19,-19
103900207,0,5,-5
103900208,160,0,160
103900209,2,37,-35
103900210,31,17,14
103900211,660,69,591
103900212,155,92,63
103900213,46,281,-235
103900214,232,273,-41
103900215,120,373,-253
103900216,37,21,16
103900217,126,2,124
103900218,29,262,-233
103900219,162,75,87
103900233,145,19,126
103900235,4,225,-221
103900236,15,19,-4
103900242,2,2,0
103900243,1,10,-9
103900244,75,99,-24
103900245,104,59,45
103900246,15,26,-11
103900247,22,30,-8
103900248,1,38,-37
103900249,1,35,-34
103900250,45,59,-14
103900251,1,55,-54
103900253,3,40,-37
103900254,0,26,-26
103900255,1,28,-27
103900256,14,9,5
103900257,343,249,94
103900258,3,6,-3
103900259,5,3,2
103900261,18,2,16
103900262,48,3,45
103900263,32,50,-18
103900264,10,5,5
103900265,5,4,1
103900266,0,64,-64
103900267,1,45,-44
103900268,95,36,59
103900269,284,82,202
103900270,72,146,-74
103900271,91,101,-10
103900272,38,20,18
103900273,71,13,58
103900274,263,0,263
103900275,67,4,63
103900277,4,8,-4
103900278,54,343,-289
103900279,53,138,-85
103900280,8,29,-21
103900281,105,39,66
103900282,176,4,172
103900283,227,29,198
103900284,18,48,-30
103900285,61,155,-94
103900286,12,58,-46
103900287,4,97,-93
103900288,24,218,-194
103900289,94,253,-159
103900290,110,37,73
103900291,8,11,-3
103900292,55,26,29
103900293,0,16,-16
103900294,6,83,-77
104000001,3027,1834,1193
104000002,1858,1772,86
104000003,2099,1835,264
104000004,2312,2246,66
104000005,2488,2187,301
104000006,2944,2290,654
104000007,3838,3385,453
104000008,138,176,-38
104000009,289,105,184
104000010,148,400,-252
104000011,294,204,90
104000012,92,172,-80
104000013,317,282,35
104000014,214,299,-85
104000015,439,124,315
104000016,256,183,73
104000018,867,203,664
104000019,573,206,367
104000020,71,252,-181
104000021,301,242,59
104000022,240,273,-33
104000023,1327,420,907
104000024,202,290,-88
104000026,107,157,-50
104000027,231,193,38
104000028,463,220,243
104000029,347,232,115
104000030,363,184,179
104000031,1018,325,693
104000032,120,94,26
104000033,630,479,151
104000034,286,89,197
104000035,1079,291,788
104000036,1232,260,972
104000037,264,98,166
104000038,589,439,150
104000039,120,90,30
104000040,128,363,-235
104000041,881,317,564
104000042,110,180,-70
104000043,233,243,-10
104000044,248,409,-161
104000045,690,515,175
104000046,547,806,-259
104000047,466,603,-137
104000048,701,692,9
104000049,801,241,560
104000050,143,683,-540
104000051,268,556,-288
104000052,3024,2300,724
104000053,1222,398,824
104000054,335,99,236
104000055,2221,1817,404
104000056,592,369,223
104000057,264,296,-32
104000058,1032,773,259
104000059,623,865,-242
104000060,1090,1334,-244
104000061,889,547,342
104000062,629,171,458
104000064,591,327,264
104000065,104,500,-396
104000069,495,1542,-1047
104000070,38,467,-429
104000071,349,346,3
104000072,593,378,215
104000075,51,160,-109
104000076,474,46,428
104000082,1967,3319,-1352
104000083,549,174,375
104000084,95,264,-169
104000085,372,213,159
104000086,225,374,-149
104000087,265,1288,-1023
104000090,1155,584,571
104000092,1427,811,616
104000094,796,575,221
104000095,3226,1391,1835
104000096,2004,95,1909
104000097,2466,403,2063
104000098,3374,499,2875
104000100,2205,671,1534
104000101,1451,1390,61
104000106,79,612,-533
104000107,629,210,419
104000108,177,204,-27
104000109,274,114,160
104000110,483,771,-288
104000111,1817,2736,-919
104000112,622,402,220
104000116,1,377,-376
104000117,294,273,21
104000118,1057,99,958
104000119,722,226,496
104000120,258,247,11
104000121,290,418,-128
104000122,1103,586,517
104000123,565,471,94
104000124,350,763,-413
104000125,1817,4423,-2606
104000126,578,477,101
104000127,1101,1204,-103
104000128,538,167,371
104000129,333,11,322
104000130,9,178,-169
104000131,244,531,-287
104000132,317,814,-497
104000133,1377,645,732
104000134,1092,1153,-61
104000135,565,1260,-695
104000136,742,2962,-2220
104000137,1814,257,1557
104000138,1042,278,764
104000139,2843,1621,1222
104000141,1005,501,504
104000142,633,324,309
104000143,665,238,427
104000144,112,176,-64
104000145,403,182,221
104000146,110,387,-277
104000147,122,271,-149
104000148,455,92,363
104000149,202,59,143
104000150,944,418,526
104000151,275,149,126
104000152,529,190,339
104000153,717,508,209
104000154,698,236,462
104000155,467,733,-266
104000157,1520,921,599
104000158,125,461,-336
104000159,772,569,203
104000160,1704,2004,-300
104000161,291,135,156
104000162,165,138,27
104000165,628,624,4
104000167,657,1454,-797
104000168,605,10,595
104000169,212,56,156
104000170,180,430,-250
104000248,298,362,-64
104000251,96,137,-41
104000272,0,0,0
104000273,0,0,0
104000274,0,0,0
104000275,0,0,0
104000279,1633,1957,-324
104000290,89,209,-120
104000291,513,1054,-541
104000293,1332,1435,-103
104000294,112,1,111
104000295,697,626,71
104000296,645,532,113
104000297,643,1621,-978
104000298,1683,783,900
104000299,722,915,-193
104000302,165,99,66
104000303,198,200,-2
104900001,56,182,-126
104900002,87,211,-124
104900003,68,139,-71
104900004,46,89,-43
104900005,393,235,158
104900006,562,71,491
104900007,473,111,362
104900009,53,109,-56
104900010,69,22,47
104900011,4,26,-22
104900012,175,27,148
104900013,109,4,105
104900014,1080,193,887
104900015,87,5,82
104900016,130,121,9
104900017,101,150,-49
104900018,27,90,-63
104900019,124,4675,-4551
104900020,46,156,-110
104900021,2,37,-35
104900022,2,323,-321
104900023,2,11,-9
104900024,9,1534,-1525
104900025,50,131,-81
104900026,0,26,-26
104900027,608,273,335
104900028,15,252,-237
104900029,15,14,1
104900030,523,135,388
104900031,54,271,-217
104900032,63,42,21
104900033,178,121,57
104900034,303,127,176
104900035,429,134,295
104900036,220,36,184
104900037,172,123,49
104900038,109,1294,-1185
104900039,198,245,-47
104900040,444,45,399
104900041,282,130,152
104900042,195,169,26
104900043,28,293,-265
104900044,901,130,771
104900045,268,27,241
104900046,380,55,325
104900047,405,73,332
104900048,402,37,365
104900049,51,28,23
104900050,458,43,415
104900051,293,16,277
104900052,149,0,149
104900053,443,81,362
104900054,176,15,161
104900055,262,0,262
104900056,257,21,236
104900057,42,0,42
104900058,315,345,-30
104900059,70,39,31
104900061,90,232,-142
104900063,26,329,-303
104900064,0,85,-85
104900065,3,256,-253
104900066,0,39,-39
104900067,1,265,-264
104900068,57,120,-63
104900070,102,148,-46
104900071,1,320,-319
104900072,44,140,-96
104900073,55,32,23
104900074,53,68,-15
104900075,38,9,29
104900076,125,103,22
104900077,272,170,102
104900078,132,146,-14
104900079,82,814,-732
104900080,123,226,-103
104900082,17,160,-143
104900085,8,82,-74
104900089,453,0,453
104900091,532,297,235
104900093,139,227,-88
104900097,967,2796,-1829
104900098,226,33,193
104900099,41,547,-506
104900100,262,175,87
104900102,57,59,-2
104900103,239,37,202
104900106,259,66,193
104900107,80,72,8
104900108,18,75,-57
104900109,115,99,16
104900110,15,69,-54
104900111,482,50,432
104900112,275,285,-10
104900113,764,189,575
104900114,534,264,270
104900115,805,141,664
104900116,455,90,365
104900118,13,22,-9
104900119,0,22,-22
104900120,6,765,-759
104900121,0,15,-15
104900122,16,22,-6
104900123,107,5,102
104900124,68,0,68
104900125,384,73,311
104900126,13,16,-3
104900127,9,26,-17
104900128,69,80,-11
104900129,685,2218,-1533
105000001,3259,1469,1790
105000002,2640,1548,1092
105000003,2497,3990,-1493
105000004,846,606,240
105000005,1375,965,410
105000006,1344,1940,-596
105000007,1426,2438,-1012
105000008,891,4017,-3126
105000009,2851,3231,-380
105000010,2058,826,1232
105000011,3360,3162,198
105000012,2084,1575,509
105000013,1174,1228,-54
105000014,2971,3598,-627
105000015,6798,12531,-5733
105000016,860,905,-45
105000017,1167,710,457
105000018,807,1597,-790
105000019,755,1197,-442
105000020,89,541,-452
105000021,258,256,2
105000022,119,246,-127
105000023,614,170,444
105000028,33,67,-34
105000029,534,1298,-764
105000030,2250,1646,604
105000031,7,49,-42
105000033,857,928,-71
105000034,173,1072,-899
105000037,471,162,309
105000038,1022,1628,-606
105000039,1150,788,362
105000040,809,1127,-318
105000041,237,664,-427
105000042,1821,1504,317
105000043,675,1084,-409
105000044,544,413,131
105000045,199,245,-46
105000046,861,268,593
105000047,427,366,61
105000048,861,290,571
105000049,192,344,-152
105000050,946,458,488
105000051,190,225,-35
105000052,625,724,-99
105000053,72,97,-25
105000054,513,832,-319
105000055,685,340,345
105000056,1581,1364,217
105000057,1232,497,735
105000058,901,655,246
105000059,824,588,236
105000060,371,281,90
105000061,1373,715,658
105000062,449,336,113
105000063,299,237,62
105000064,2233,637,1596
105000065,287,583,-296
105000066,672,922,-250
105000067,1442,1032,410
105000068,312,673,-361
105000069,1368,2201,-833
105000070,370,1352,-982
105000071,230,1711,-1481
105000072,1306,4747,-3441
105000073,988,663,325
105000074,519,432,87
105000075,492,497,-5
105000076,983,779,204
105000077,1600,763,837
105000078,565,1060,-495
105000079,765,2447,-1682
105000080,1456,1264,192
105000081,1292,1050,242
105000082,617,1594,-977
105000083,1784,2885,-1101
105000084,494,507,-13
105000085,2018,1884,134
105000086,678,835,-157
105000087,1461,1342,119
105000088,1582,1963,-381
105000089,1373,1026,347
105000090,453,423,30
105000091,564,999,-435
105000092,542,1172,-630
105000093,298,391,-93
105000094,196,181,15
105000095,121,594,-473
105000096,1188,1633,-445
105000097,576,521,55
105000098,1178,941,237
105000099,620,685,-65
105000100,1838,856,982
105000101,2385,1190,1195
105000102,1380,1420,-40
105000103,1025,1833,-808
105000104,1939,928,1011
105000105,1116,1253,-137
105000106,1323,854,469
105000107,1458,612,846
105000108,1561,1009,552
105000109,2205,849,1356
105000110,898,449,449
105000111,1386,348,1038
105000112,1012,544,468
105000113,576,640,-64
105000114,1402,1371,31
105000115,336,1701,-1365
105000116,1160,548,612
105000117,726,686,40
105000118,764,355,409
105000119,381,383,-2
105000120,1473,509,964
105000121,591,479,112
105000122,398,625,-227
105000123,489,472,17
105000124,2088,468,1620
105000125,865,832,33
105000126,2062,1030,1032
105000127,2325,1070,1255
105000128,743,777,-34
105000129,1132,234,898
105000130,224,3015,-2791
105000131,474,108,366
105000132,1306,580,726
105000133,388,567,-179
105000134,1154,559,595
105000135,330,646,-316
105000136,98,182,-84
105000137,655,196,459
105000138,116,158,-42
105000139,741,398,343
105000140,509,224,285
105000141,369,156,213
105000142,312,273,39
105000143,135,270,-135
105000144,240,381,-141
105000145,714,197,517
105000146,260,537,-277
105000147,616,279,337
105000148,807,765,42
105000149,2414,2209,205
105000150,1018,694,324
105000151,606,385,221
105000152,172,370,-198
105000153,899,547,352
105000154,642,355,287
105000155,481,558,-77
105000156,275,592,-317
105000157,496,1198,-702
105000158,2158,895,1263
105000159,381,814,-433
105000160,3607,834,2773
105000161,581,887,-306
105000162,846,2688,-1842
105000163,856,833,23
105000164,110,297,-187
105000165,534,8646,-8112
105000166,4092,1227,2865
105000167,928,2359,-1431
105000168,381,295,86
105000169,726,120,606
105000170,301,894,-593
105000171,1104,97,1007
105000172,288,23,265
105000173,317,45,272
105000174,67,38,29
105000175,94,54,40
105000176,526,38,488
105000177,431,182,249
105000178,312,278,34
105000179,810,133,677
105000180,216,34,182
105000181,199,118,81
105000182,86,26,60
105000183,1453,2273,-820
105000184,619,894,-275
105000185,665,1124,-459
105000186,488,481,7
105000187,670,168,502
105000188,123,188,-65
105000189,112,552,-440
105000190,215,251,-36
105000191,380,303,77
105000192,246,58,188
105000193,52,114,-62
105000194,826,102,724
105000195,255,432,-177
105000196,56,301,-245
105000197,172,361,-189
105000198,273,197,76
105000199,82,642,-560
105000200,62,358,-296
105000201,63,19,44
105000203,9,77,-68
105000204,72,66,6
105000205,139,119,20
105000207,146,127,19
105000208,154,474,-320
105000209,135,186,-51
105000211,450,13,437
105000212,1160,371,789
105000213,46,171,-125
105000214,105,134,-29
105000215,244,114,130
105000216,285,73,212
105000217,223,118,105
105000218,1829,911,918
105000221,138,187,-49
105000222,388,158,230
105000223,397,139,258
105000226,75,93,-18
105000227,76,74,2
105000228,59,1776,-1717
105000229,198,519,-321
105000231,451,242,209
105000233,848,738,110
105000234,465,622,-157
105000235,448,427,21
105000237,1271,56,1215
105000243,33,17,16
105000248,54,51,3
105000262,345,359,-14
105000269,133,127,6
105000270,539,18,521
105000271,0,189,-189
105000282,63,53,10
105000287,278,77,201
105000288,786,543,243
105000289,762,1619,-857
105000290,24,12,12
105000402,1554,3295,-1741
105000426,137,359,-222
105000438,1047,988,59
105000440,30,11,19
105000446,5339,3432,1907
105000447,1591,1193,398
105000454,831,232,599
105000455,180,94,86
105000474,41,0,41
105000477,665,471,194
105000478,2220,5067,-2847
105000479,114,159,-45
105000480,4326,7035,-2709
105000481,4392,4541,-149
105000482,2036,3235,-1199
105000483,1891,3097,-1206
105000484,1180,1427,-247
105000485,968,2891,-1923
105000486,1253,1754,-501
105000488,3187,1880,1307
105000489,1265,929,336
105000549,109,152,-43
105000550,317,942,-625
105000551,33,57,-24
105000552,1881,912,969
105000555,1073,1427,-354
105000556,79,13,66
105000557,46,190,-144
105900001,7,1786,-1779
105900002,464,805,-341
105900003,19,116,-97
105900004,164,52,112
105900005,21,134,-113
105900006,11,54,-43
105900007,27,16,11
105900008,70,184,-114
105900009,30,40,-10
105900011,99,29,70
105900012,328,46,282
105900013,2,17,-15
105900014,3,81,-78
105900015,58,206,-148
105900016,419,203,216
105900017,1210,28,1182
105900018,125,103,22
105900019,48,135,-87
105900020,75,82,-7
105900021,17,209,-192
105900022,182,99,83
105900023,12,107,-95
105900024,2,333,-331
105900025,216,12,204
105900026,150,12,138
105900027,9630,3884,5746
105900028,231,447,-216
105900029,1946,295,1651
105900030,176,233,-57
105900031,342,174,168
105900032,103,159,-56
105900033,72,72,0
105900034,329,161,168
105900035,261,126,135
105900036,107,48,59
105900037,229,40,189
105900038,128,142,-14
105900039,111,60,51
105900040,96,69,27
105900041,125,136,-11
105900042,152,185,-33
105900043,751,33,718
105900044,0,265,-265
105900045,0,1071,-1071
105900046,7,202,-195
105900047,2,48,-46
105900048,102,297,-195
105900050,2674,5794,-3120
105900051,61,926,-865
105900052,616,147,469
105900053,1652,2851,-1199
105900054,157,121,36
105900056,370,318,52
105900057,6,92,-86
105900058,15,6,9
105900059,0,62,-62
106000001,1568,1654,-86
106000002,552,2661,-2109
106000003,2395,3438,-1043
106000004,995,1897,-902
106000005,3389,3441,-52
106000006,3494,1492,2002
106000007,470,386,84
106000008,414,233,181
106000009,396,285,111
106000010,273,349,-76
106000011,1647,848,799
106000012,756,760,-4
106000013,1803,1550,253
106000014,1517,1013,504
106000015,2158,915,1243
106000016,1097,1070,27
106000017,512,731,-219
106000018,452,427,25
106000019,369,416,-47
106000020,300,238,62
106000021,301,409,-108
106000022,357,117,240
106000023,763,315,448
106000024,400,279,121
106000025,173,170,3
106000026,73,173,-100
106000027,1804,1245,559
106000028,634,208,426
106000029,505,561,-56
106000030,152,451,-299
106000034,89,318,-229
106000035,837,1910,-1073
106000036,154,258,-104
106000037,875,994,-119
106000038,56,133,-77
106000039,52,95,-43
106000040,58,726,-668
106000041,617,345,272
106000043,522,208,314
106000046,225,44,181
106000047,18,459,-441
106000049,1261,169,1092
106000050,174,267,-93
106000051,1020,458,562
106000052,94,176,-82
106000053,548,120,428
106000054,185,178,7
106000055,609,94,515
106000056,205,143,62
106000057,501,172,329
106000058,100,78,22
106000059,481,210,271
106000060,207,191,16
106000061,185,624,-439
106000062,88,187,-99
106000063,864,608,256
106000064,9,178,-169
106000065,387,165,222
106000066,100,159,-59
106000067,410,44,366
106000068,111,296,-185
106000069,269,78,191
106000070,268,321,-53
106000071,608,220,388
106000072,2237,1157,1080
106000073,1246,4383,-3137
106000074,714,634,80
106000075,307,944,-637
106000076,1192,1159,33
106000077,1537,782,755
106000078,1096,373,723
106000079,878,471,407
106000080,1098,280,818
106000081,1102,685,417
106000082,1389,448,941
106000083,454,974,-520
106000084,744,410,334
106000085,1248,1063,185
106000086,478,464,14
106000087,652,304,348
106000088,398,555,-157
106000089,990,216,774
106000090,300,509,-209
106000091,234,244,-10
106000092,977,220,757
106000093,453,95,358
106000094,77,175,-98
106000095,998,484,514
106000096,1053,348,705
106000097,1303,553,750
106000098,854,446,408
106000099,169,566,-397
106000100,1214,139,1075
106000101,589,255,334
106000102,112,487,-375
106000103,324,459,-135
106000104,1039,206,833
106000105,444,374,70
106000106,764,239,525
106000107,157,170,-13
106000108,552,139,413
106000109,184,128,56
106000110,384,137,247
106000111,161,137,24
106000112,391,670,-279
106000113,511,424,87
106000114,505,826,-321
106000115,223,319,-96
106000116,423,147,276
106000117,660,358,302
106000118,1391,1135,256
106000119,798,393,405
106000120,876,1290,-414
106000121,340,132,208
106000122,273,106,167
106000123,773,104,669
106000124,158,58,100
106000125,51,123,-72
106000126,533,51,482
106000127,492,304,188
106000128,968,130,838
106000129,740,253,487
106000130,945,203,742
106000131,113,682,-569
106000132,529,87,442
106000133,1602,1621,-19
106000134,347,2881,-2534
106000135,146,463,-317
106000136,747,1204,-457
106000137,99,578,-479
106000138,2062,122,1940
106000139,40,55,-15
106000140,59,32,27
106000141,112,27,85
106000142,153,59,94
106000143,55,53,2
106000144,41,73,-32
106000145,339,86,253
106000146,470,108,362
106000147,759,261,498
106000148,1119,491,628
106000149,617,360,257
106000150,689,2214,-1525
106000151,2100,520,1580
106000152,646,2761,-2115
106000153,101,1566,-1465
106000154,927,124,803
106000155,155,244,-89
106000156,1264,107,1157
106000157,542,1351,-809
106000158,1166,805,361
106000159,1907,1902,5
106000160,469,3522,-3053
106000161,935,176,759
106000162,450,1192,-742
106000163,393,207,186
106000164,847,290,557
106000165,301,244,57
106000166,1005,278,727
106000167,341,508,-167
106000168,833,151,682
106000169,229,179,50
106000170,1017,143,874
106000171,171,916,-745
106000172,2519,1031,1488
106000173,852,2229,-1377
106000174,1145,207,938
106000175,184,414,-230
106000176,1920,577,1343
106000177,736,1280,-544
106000178,2438,968,1470
106000179,457,1048,-591
106000180,631,440,191
106000181,1068,919,149
106000182,1704,336,1368
106000183,1725,263,1462
106000184,1460,385,1075
106000185,1110,987,123
106000186,421,42,379
106000187,59,803,-744
106000188,1,0,1
106000189,28,34,-6
106000190,41,0,41
106000191,488,48,440
106000192,1,3,-2
106000193,283,122,161
106000194,59,196,-137
106000195,246,43,203
106000196,42,169,-127
106000197,625,104,521
106000198,184,126,58
106000199,605,765,-160
106000200,262,186,76
106000201,372,3497,-3125
106000202,1942,353,1589
106000203,20,305,-285
106000204,56,5,51
106000205,14,147,-133
106000206,95,7,88
106000207,17,248,-231
106000208,1250,120,1130
106000209,1808,353,1455
106000210,227,433,-206
106000211,113,803,-690
106000212,983,422,561
106000213,188,820,-632
106000214,946,282,664
106000215,331,317,14
106000216,491,293,198
106000217,140,258,-118
106000218,238,244,-6
106000219,178,214,-36
106000220,513,113,400
106000221,252,82,170
106000222,83,58,25
106000223,504,104,400
106000224,359,48,311
106000225,145,123,22
106000226,57,64,-7
106000228,94,109,-15
106000229,108,396,-288
106000231,1023,92,931
106000232,58,170,-112
106000233,353,83,270
106000234,74,223,-149
106000235,385,190,195
106000236,87,143,-56
106000237,3,8,-5
106000238,57,26,31
106000239,2,89,-87
106000240,34,1,33
106000241,12,500,-488
106000242,247,19,228
106000249,72,40,32
106000250,65,512,-447
106000251,126,15,111
106000252,27,34,-7
106000253,26,69,-43
106000254,40,13,27
106000255,41,133,-92
106000256,77,38,39
106000257,133,140,-7
106000258,114,59,55
106000259,4,94,-90
106000260,25,11,14
106000261,1,54,-53
106000262,72,16,56
106000263,21,39,-18
106000264,115,9,106
106000265,6,68,-62
106000266,167,22,145
106000267,9,49,-40
106000268,179,51,128
106000269,29,49,-20
106000270,59,148,-89
106000271,74,79,-5
106000272,138,32,106
106000273,30,156,-126
106000274,101,14,87
106000275,167,160,7
106000276,26,16,10
106000277,132,226,-94
106000278,81,14,67
106000279,8,9,-1
106000280,110,32,78
106000281,96,26,70
106000282,36,35,1
106000283,119,29,90
106000284,122,52,70
106000285,74,48,26
106000286,156,59,97
106000287,96,49,47
106000288,79,103,-24
106000289,63,82,-19
106000290,90,30,60
106000291,96,115,-19
106000292,93,25,68
106000293,146,62,84
106000294,42,35,7
106000295,45,52,-7
106000296,23,39,-16
106000297,39,179,-140
106000298,44,75,-31
106000299,77,64,13
106000300,49,74,-25
106000301,34,81,-47
106000303,19,32,-13
106000304,45,12,33
106000305,40,33,7
106000306,35,30,5
106000307,141,21,120
106000308,38,75,-37
106000309,28,56,-28
106000310,302,175,127
106000311,428,127,301
106000312,141,100,41
106000313,317,105,212
106000318,30,312,-282
106000319,1025,247,778
106000320,2,53,-51
106000321,150,127,23
106000322,217,60,157
106000324,22,60,-38
106000325,2028,807,1221
106000326,824,973,-149
106000327,268,87,181
106000328,52,186,-134
106000329,166,259,-93
106000330,88,109,-21
106000428,62,156,-94
106000429,119,220,-101
106000430,215,647,-432
106000431,2074,361,1713
106000432,871,1557,-686
106000433,2176,1101,1075
106000434,3207,947,2260
106000435,809,1639,-830
106000436,12,130,-118
106000437,299,53,246
106000438,208,151,57
106000439,67,370,-303
106000440,291,598,-307
106000441,0,1,-1
106000442,346,3,343
106000443,239,176,63
106000450,1,69,-68
106000451,16,70,-54
106000454,8,148,-140
106000455,5,117,-112
106000456,67,25,42
106000457,37,274,-237
106000458,809,54,755
106000459,262,76,186
106000460,1258,23,1235
106000461,160,258,-98
106000462,0,55,-55
106000463,2,5,-3
106000464,5,727,-722
106000465,742,4,738
106000466,1,298,-297
106000467,296,191,105
106000468,72,99,-27
106000469,66,1,65
106000470,147,1805,-1658
106000471,6,217,-211
106000472,130,13,117
106000473,41,4,37
106000474,592,278,314
106000475,822,163,659
106000476,158,218,-60
106000477,74,74,0
106000480,1,425,-424
106900001,0,20,-20
106900002,16,165,-149
106900003,10,108,-98
106900004,0,5,-5
106900006,0,4,-4
106900007,0,2,-2
106900008,653,1001,-348
106900009,323,99,224
106900010,781,89,692
106900012,322,449,-127
106900013,636,2329,-1693
106900014,36,0,36
106900015,11,0,11
106900016,435,7,428
106900017,17,1,16
106900018,3,0,3
106900019,109,0,109
106900020,1241,1769,-528
106900021,143,94,49
106900022,1224,2,1222
106900023,221,378,-157
106900024,504,24,480
106900025,132,347,-215
106900026,0,18,-18
106900027,984,3,981
106900028,0,9,-9
106900029,409,156,253
106900030,0,136,-136
107000001,2447,5424,-2977
107000002,1403,2096,-693
107000003,6497,5669,828
107000004,2651,1562,1089
107000005,7490,5718,1772
107000006,2842,1361,1481
107000007,5067,7527,-2460
107000008,3697,2737,960
107000009,8723,7553,1170
107000010,4810,3504,1306
107000011,532,699,-167
107000012,1595,1497,98
107000013,116,30,86
107000014,51,67,-16
107000015,452,270,182
107000016,719,337,382
107000017,713,2156,-1443
107000018,5,1894,-1889
107000020,752,2513,-1761
107000021,1003,402,601
107000022,746,1645,-899
107000023,1791,168,1623
107000024,510,1271,-761
107000025,225,257,-32
107000026,315,296,19
107000027,1524,623,901
107000028,1173,750,423
107000029,3702,2963,739
107000030,1881,1303,578
107000031,4653,2001,2652
107000032,258,568,-310
107000033,1837,2787,-950
107000034,3613,779,2834
107000035,367,159,208
107000036,306,1139,-833
107000037,150,639,-489
107000038,221,205,16
107000039,1024,703,321
107000040,221,167,54
107000041,1129,665,464
107000042,473,1762,-1289
107000043,1421,1060,361
107000044,243,191,52
107000045,45,134,-89
107000046,815,320,495
107000047,457,462,-5
107000048,778,303,475
107000049,366,559,-193
107000050,769,489,280
107000051,151,236,-85
107000052,1050,1197,-147
107000053,392,418,-26
107000054,30,134,-104
107000055,431,100,331
107000056,406,348,58
107000057,1413,122,1291
107000058,1643,2274,-631
107000059,1547,1999,-452
107000060,4926,4892,34
107000061,3116,1640,1476
107000062,5806,2784,3022
107000063,3269,2086,1183
107000064,4879,2723,2156
107000065,2431,2367,64
107000066,1506,2787,-1281
107000067,1199,1376,-177
107000068,757,1354,-597
107000069,1143,611,532
107000070,1007,4,1003
107000071,3911,54,3857
107000072,12,1006,-994
107000073,835,637,198
107000074,94,391,-297
107000075,1998,506,1492
107000076,248,641,-393
107000077,3275,1163,2112
107000078,909,1371,-462
107000079,2756,798,1958
107000080,538,1406,-868
107000081,2618,479,2139
107000082,457,512,-55
107000083,1390,484,906
107000084,164,607,-443
107000085,2754,3104,-350
107000086,2223,1827,396
107000087,3360,2282,1078
107000088,2463,2439,24
107000089,1920,1992,-72
107000090,1008,583,425
107000091,1724,1009,715
107000092,761,642,119
107000093,1332,1079,253
107000094,635,575,60
107000095,914,563,351
107000096,463,375,88
107000097,993,240,753
107000098,407,354,53
107000099,543,268,275
107000100,194,163,31
107000101,123,207,-84
107000102,218,172,46
107000103,287,213,74
107000104,157,191,-34
107000105,521,158,363
107000106,222,154,68
107000107,580,82,498
107000108,142,428,-286
107000109,753,120,633
107000110,79,182,-103
107000111,492,41,451
107000112,25,88,-63
107000113,1106,68,1038
107000114,70,263,-193
107000115,1043,477,566
107000116,74,369,-295
107000117,177,1649,-1472
107000118,72,116,-44
107000119,1073,1473,-400
107000120,671,714,-43
107000121,1029,538,491
107000122,774,396,378
107000123,628,367,261
107000124,686,278,408
107000125,1177,339,838
107000126,1147,288,859
107000129,156,303,-147
107000130,632,167,465
107000131,187,320,-133
107000132,497,285,212
107000133,309,234,75
107000134,207,1,206
107000135,0,292,-292
107000136,543,4,539
107000137,14,472,-458
107000138,114,29,85
107000139,23,713,-690
107000140,1777,52,1725
107000141,90,878,-788
107000142,727,60,667
107000143,44,668,-624
107000144,704,543,161
107000145,184,332,-148
107000146,128,294,-166
107000147,4019,662,3357
107000150,345,3173,-2828
107000151,25,39,-14
107000152,1082,2066,-984
107000153,59,212,-153
107000154,30,343,-313
107000155,874,7,867
107000156,1114,5,1109
107000157,71,386,-315
107000158,1061,8,1053
107000159,26,400,-374
107000160,1693,154,1539
107000161,24,283,-259
107000162,337,590,-253
107000163,134,2,132
107000164,766,1,765
107000165,1473,6,1467
107000166,20,274,-254
107000167,939,119,820
107000168,1031,400,631
107000169,314,336,-22
107000170,3201,578,2623
107000171,534,634,-100
107000172,1619,1593,26
107000173,303,378,-75
107000174,1150,6036,-4886
107000175,2465,667,1798
107000176,0,0,0
107000177,0,1,-1
107000178,38,14,24
107000179,263,644,-381
107000180,2229,162,2067
107000181,449,437,12
107000182,2124,438,1686
107000183,214,372,-158
107000184,1487,404,1083
107000185,307,717,-410
107000186,1277,345,932
107000187,1174,1056,118
107000188,495,449,46
107000189,544,557,-13
107000190,595,509,86
107000191,966,934,32
107000192,1527,445,1082
107000193,318,461,-143
107000194,712,552,160
107000197,947,175,772
107000198,247,404,-157
107000199,1068,460,608
107000200,611,547,64
107000201,336,367,-31
107000202,385,358,27
107000203,512,1705,-1193
107000204,461,1945,-1484
107000205,896,657,239
107000206,363,1468,-1105
107000207,495,1254,-759
107000208,498,540,-42
107000209,599,931,-332
107000210,153,135,18
107000211,1,78,-77
107000212,3,151,-148
107000213,4,11,-7
107000214,33,60,-27
107000215,452,184,268
107000216,540,287,253
107000217,178,281,-103
107000219,93,197,-104
107000220,154,154,0
107000222,255,251,4
107000224,500,53,447
107000225,137,152,-15
107000226,488,86,402
107000227,90,65,25
107000228,220,371,-151
107000229,48,163,-115
107000230,1001,409,592
107000231,406,2043,-1637
107000232,148,11,137
107000233,198,1137,-939
107000234,1,69,-68
107000235,108,15,93
107000236,3,404,-401
107000237,13,0,13
107000238,33,4,29
107000239,1566,538,1028
107000240,80,240,-160
107000243,0,19,-19
107000244,14,32,-18
107000246,1,668,-667
107000249,2,681,-679
107000251,0,175,-175
107000252,1,410,-409
107000255,188,263,-75
107000257,0,431,-431
107000258,5,137,-132
107000259,2,102,-100
107000260,1770,8,1762
107000262,7,182,-175
107000263,395,3,392
107000266,14,10,4
107000267,26,86,-60
107000268,210,79,131
107000269,55,2,53
107000270,224,66,158
107000271,4,0,4
107000272,141,0,141
107000273,5,113,-108
107000274,328,2,326
107000275,123,1614,-1491
107000280,1162,17,1145
107000281,17,222,-205
107000282,77,250,-173
107000290,13,37,-24
107000291,27,13,14
107000292,1,251,-250
107000293,45,15,30
107000294,0,84,-84
107000295,56,1,55
107000296,0,11,-11
107000444,221,1,220
107000496,2,1,1
107000497,700,907,-207
107000500,311,292,19
107000501,170,190,-20
107000502,218,377,-159
107000505,234,478,-244
107000506,0,0,0
107000508,6,163,-157
107000509,173,611,-438
107000510,53,55,-2
107000514,29,371,-342
107000515,39,53,-14
107000516,562,319,243
107000518,1539,2764,-1225
107000519,1032,485,547
107000520,106,55,51
107000521,809,166,643
107000522,1396,310,1086
107900001,132,45,87
107900002,77,9,68
107900003,461,28,433
107900004,1,0,1
107900005,2158,6,2152
107900006,156,18,138
107900007,416,26,390
107900008,27,0,27
107900009,104,7,97
107900010,48,3,45
107900012,257,43,214
107900013,155,10,145
107900014,111,4,107
107900015,1130,11,1119
107900016,399,51,348
107900017,16,1,15
107900018,63,289,-226
107900019,3,6,-3
107900020,24,23,1
107900021,118,27,91
107900023,2,0,2
107900024,0,3,-3
107900025,274,109,165
107900026,95,8,87
107900027,9,29,-20
107900028,144,12,132
107900030,247,30,217
107900031,62,69,-7
107900032,8,1,7
107900033,44,10,34
107900034,218,12,206
107900035,1439,66,1373
107900036,42,24,18
107900037,1,2,-1
107900038,28,246,-218
107900039,32,20,12
107900040,6,171,-165
107900041,5,2,3
107900043,35,61,-26
107900044,34,16,18
107900045,149,45,104
107900046,270,275,-5
107900047,43,10,33
107900048,317,42,275
107900049,149,809,-660
107900050,27,101,-74
107900051,30,16,14
107900052,7,38,-31
107900053,75,39,36
107900055,310,169,141
107900056,112,136,-24
107900057,5,0,5
107900058,12,205,-193
107900060,1,23,-22
107900061,2,20,-18
107900063,68,112,-44
107900064,166,431,-265
107900065,332,6,326
107900066,21,6,15
107900067,2,0,2
107900068,70,1146,-1076
107900069,19,2671,-2652
107900070,108,101,7
107900071,7,177,-170
107900072,133,28,105
107900073,99,39,60
107900074,154,270,-116
107900076,137,12,125
107900077,107,9,98
107900079,10,7,3
107900080,129,1068,-939
107900081,73,66,7
107900082,2,1,1
107900083,339,147,192
107900084,127,71,56
107900086,68,193,-125
107900087,180,101,79
107900088,85,11,74
107900089,187,451,-264
107900090,248,1876,-1628
107900091,95,90,5
107900093,65,70,-5
107900095,931,1292,-361
107900097,10,29,-19
107900098,47,195,-148
107900100,736,1321,-585
107900101,296,39,257
107900102,45,2,43
107900103,48,112,-64
107900104,158,1,157
107900105,1,112,-111
107900106,0,253,-253
107900107,630,407,223
107900108,124,69,55
107900109,1807,38,1769
107900110,61,35,26
107900111,5,207,-202
107900112,32,357,-325
107900113,229,52,177
107900114,321,49,272
107900115,3,5,-2
107900116,250,36,214
107900117,127,89,38
107900118,11,68,-57
107900119,95,122,-27
107900120,42,52,-10
107900121,9,74,-65
107900122,1,60,-59
107900123,22,33,-11
107900124,3,71,-68
107900125,12,194,-182
107900126,27,62,-35
107900127,276,270,6
107900128,53,50,3
107900129,107,25,82
107900130,87,5,82
107900131,114,547,-433
107900132,24,165,-141
107900133,1,17,-16
107900134,20,96,-76
107900135,9,95,-86
107900136,15,26,-11
107900137,104,59,45
107900138,114,17,97
107900139,81,20,61
107900141,30,7,23
107900142,8,309,-301
107900143,12,2,10
107900144,3,85,-82
107900145,22,29,-7
107900146,14,82,-68
107900147,41,20,21
107900148,91,47,44
107900149,325,53,272
107900150,36,169,-133
107900151,41,27,14
107900152,14,51,-37
107900153,54,174,-120
107900154,41,32,9
107900155,68,66,2
107900156,7,58,-51
107900157,10,40,-30
107900158,1009,20,989
107900159,17,212,-195
107900160,220,92,128
107900161,69,24,45
107900162,0,18,-18
107900163,6,31,-25
107900164,17,30,-13
107900165,34,182,-148
107900166,29,32,-3
107900167,8,45,-37
107900168,86,13,73
107900169,1,124,-123
107900171,8,233,-225
107900172,0,106,-106
107900173,17,37,-20
107900174,143,4,139
107900175,8,38,-30
107900176,94,15,79
107900177,0,57,-57
107900178,0,50,-50
107900179,10,88,-78
107900180,356,956,-600
107900181,202,128,74
107900182,1,272,-271
107900183,56,31,25
107900184,103,87,16
107900185,166,3,163
107900186,21,13,8
107900187,0,65,-65
107900188,241,74,167
107900189,39,95,-56
107900190,18,172,-154
107900191,46,39,7
107900193,5,118,-113
107900194,159,10,149
107900195,585,117,468
107900196,78,24,54
107900197,171,371,-200
107900199,0,300,-300
107900201,84,25,59
107900203,20,23,-3
107900204,205,99,106
107900206,475,513,-38
107900207,2,131,-129
107900208,6,152,-146
107900209,199,138,61
107900210,15,32,-17
107900213,141,300,-159
107900214,15,36,-21
107900215,73,348,-275
107900216,38,25,13
107900217,19,47,-28
107900218,15,1107,-1092
107900219,26,24,2
107900220,37,175,-138
107900221,59,112,-53
107900223,104,94,10
107900224,64,321,-257
107900225,4,178,-174
107900226,31,74,-43
107900227,61,174,-113
107900228,96,61,35
107900229,3,71,-68
107900230,21,21,0
107900231,17,64,-47
107900232,131,33,98
107900233,26,27,-1
107900234,108,75,33
107900235,7,76,-69
107900236,360,51,309
107900237,3,159,-156
107900238,54,17,37
107900239,154,532,-378
107900240,15,30,-15
107900241,2,17,-15
107900242,15,47,-32
107900243,2,33,-31
107900244,195,7,188
107900245,759,27,732
107900246,299,42,257
107900248,319,72,247
107900249,916,57,859
107900250,2,131,-129
107900251,16,470,-454
107900252,621,45,576
107900253,180,23,157
107900254,53,173,-120
107900255,89,69,20
107900256,432,806,-374
107900257,285,75,210
107900258,171,64,107
107900259,36,2805,-2769
107900261,1,81,-80
107900262,36,32,4
107900264,526,48,478
107900265,180,127,53
107900267,418,9,409
107900268,6,2,4
107900269,0,1,-1
107900270,0,0,0
107900271,4,20,-16
107900272,18,36,-18
107900273,48,64,-16
107900274,132,2,130
107900275,28,1,27
107900276,0,47,-47
107900277,0,61,-61
107900278,359,79,280
107900279,61,51,10
107900280,2375,1119,1256
107900281,415,4463,-4048
107900282,22,953,-931
107900283,574,645,-71
107900284,616,157,459
107900285,152,17,135
107900286,7,18,-11
107900287,336,109,227
107900290,1,335,-334
107900291,469,23,446
107900292,115,56,59
107900293,52,69,-17
107900295,29,18,11
107900297,7,185,-178
107900298,312,245,67
107900299,1323,2535,-1212
107900301,674,756,-82
107900302,72,22,50
107900303,301,104,197
107900304,414,94,320
107900305,329,7,322
107900306,1,46,-45
107900307,31,177,-146
107900308,183,109,74
107900309,28,1,27
107900310,48,1,47
107900311,1,205,-204
107900312,44,1,43
107900313,1,94,-93
107900314,0,50,-50
107900315,0,48,-48
107900316,21,3,18
107900317,78,8,70
107900318,3,185,-182
107900319,3,44,-41
107900320,1,32,-31
107900321,207,1,206
107900322,2,31,-29
107900323,2,54,-52
107900324,54,2,52
107900325,152,1,151
107900326,432,52,380
107900327,0,70,-70
107900328,26,1,25
107900329,61,243,-182
107900330,2,56,-54
107900331,425,13,412
107900332,410,8,402
107900333,52,20,32
107900334,0,29,-29
107900335,14,23,-9
107900336,27,42,-15
107900337,340,958,-618
107900338,0,22,-22
107900339,0,4,-4
107900340,0,48,-48
107900341,46,0,46
107900342,128,79,49
107900343,27,0,27
107900344,3,29,-26
107900345,62,17,45
107900346,9,0,9
107900347,4,10,-6
107900348,0,3,-3
107900349,34,4,30
107900350,11,107,-96
107900351,3,31,-28
107900352,2,10,-8
107900353,16,4,12
107900354,16,25,-9
108000001,4378,3674,704
108000002,1543,1265,278
108000003,2658,3199,-541
108000004,7565,8571,-1006
108000005,6996,5543,1453
108000006,3190,3311,-121
108000007,4451,4409,42
108000008,2577,2954,-377
108000009,4846,5333,-487
108000010,1884,2730,-846
108000011,11426,10688,738
108000012,7266,7511,-245
108000014,451,884,-433
108000015,828,187,641
108000016,239,584,-345
108000017,1153,236,917
108000018,1657,440,1217
108000019,989,635,354
108000020,1210,406,804
108000021,202,909,-707
108000022,255,570,-315
108000023,1417,183,1234
108000024,362,221,141
108000025,437,119,318
108000026,1024,163,861
108000027,709,241,468
108000028,1095,148,947
108000029,559,305,254
108000030,465,103,362
108000031,186,249,-63
108000032,2221,576,1645
108000033,399,469,-70
108000034,1626,405,1221
108000035,468,1038,-570
108000036,310,487,-177
108000037,2138,324,1814
108000038,3435,361,3074
108000039,448,862,-414
108000040,2088,729,1359
108000041,472,1402,-930
108000042,529,112,417
108000043,191,76,115
108000044,847,105,742
108000045,266,151,115
108000046,1668,309,1359
108000047,283,351,-68
108000048,91,162,-71
108000049,1012,179,833
108000050,59,312,-253
108000051,454,215,239
108000052,91,275,-184
108000053,429,250,179
108000054,267,710,-443
108000055,1003,638,365
108000056,609,1143,-534
108000057,675,1323,-648
108000058,1663,4088,-2425
108000059,1399,1037,362
108000060,304,956,-652
108000061,166,274,-108
108000062,1119,454,665
108000063,227,232,-5
108000064,334,127,207
108000065,605,332,273
108000066,1217,674,543
108000067,1854,685,1169
108000068,1033,413,620
108000069,139,344,-205
108000070,2397,668,1729
108000071,392,826,-434
108000072,1503,615,888
108000073,628,726,-98
108000074,671,363,308
108000075,324,312,12
108000076,995,449,546
108000077,407,289,118
108000078,2162,750,1412
108000079,428,587,-159
108000080,1769,399,1370
108000081,475,586,-111
108000082,482,868,-386
108000083,1584,760,824
108000084,338,664,-326
108000085,1158,503,655
108000086,390,379,11
108000087,183,2102,-1919
108000088,873,282,591
108000089,386,265,121
108000091,220,309,-89
108000092,167,57,110
108000093,239,375,-136
108000094,668,108,560
108000095,236,166,70
108000096,464,162,302
108000097,221,211,10
108000098,2073,772,1301
108000099,1110,184,926
108000100,240,575,-335
108000101,1431,1531,-100
108000102,1555,3628,-2073
108000106,982,1,981
108000107,1,421,-420
108000108,514,47,467
108000109,5,378,-373
108000110,545,207,338
108000111,187,403,-216
108000112,53,138,-85
108000113,256,98,158
108000115,188,250,-62
108000117,338,344,-6
108000118,327,2353,-2026
108000119,364,163,201
108000120,175,918,-743
108000121,269,255,14
108000122,760,344,416
108000123,795,327,468
108000124,395,419,-24
108000125,734,124,610
108000126,219,290,-71
108000127,621,188,433
108000128,692,164,528
108000129,504,319,185
108000130,578,167,411
108000131,785,300,485
108000132,454,635,-181
108000133,1193,345,848
108000134,516,263,253
108000135,1047,645,402
108000136,236,311,-75
108000137,534,186,348
108000138,485,375,110
108000139,659,135,524
108000140,393,13,380
108000141,41,25,16
108000142,62,44,18
108000143,58,184,-126
108000144,739,32,707
108000145,44,6,38
108000146,1041,55,986
108000147,32,11,21
108000148,798,34,764
108000149,9,2,7
108000150,126,7,119
108000151,22,49,-27
108000152,123,182,-59
108000153,756,64,692
108000154,69,13,56
108000155,93,30,63
108000156,546,283,263
108000157,161,2018,-1857
108000158,103,967,-864
108000159,169,280,-111
108000160,1267,1320,-53
108000161,947,3707,-2760
108000165,1,330,-329
108000172,2,279,-277
108000173,449,2271,-1822
108000175,764,92,672
108000178,248,242,6
108000179,163,1084,-921
108000181,117,26,91
108000182,114,41,73
108000183,2,149,-147
108000184,495,3151,-2656
108000185,229,139,90
108000186,553,154,399
108000187,108,134,-26
108000188,804,114,690
108000189,877,12156,-11279
108000190,21,47,-26
108000192,255,121,134
108000193,222,6,216
108000194,7,14,-7
108000195,1,453,-452
108000196,207,310,-103
108000198,906,73,833
108000199,2,296,-294
108000200,377,146,231
108000203,114,144,-30
108000204,215,57,158
108000205,112,110,2
108000339,689,366,323
108000364,173,418,-245
108000365,60,216,-156
108000367,113,136,-23
108000368,19,38,-19
108000369,401,115,286
108000371,0,429,-429
108000372,746,5,741
108000373,136,55,81
108000376,127,36,91
108000377,686,108,578
108000378,7311,12249,-4938
108000379,53,139,-86
108000381,97,21,76
108000382,98,0,98
108000383,0,309,-309
108900001,33,224,-191
108900002,169,41,128
108900003,139,435,-296
108900004,38,355,-317
108900007,245,156,89
108900008,157,71,86
108900009,126,66,60
108900010,364,101,263
108900011,752,208,544
108900012,398,177,221
108900013,188,162,26
108900014,18,105,-87
108900015,2,122,-120
108900016,0,110,-110
108900017,136,481,-345
108900018,168,195,-27
108900019,17,177,-160
108900020,57,76,-19
108900021,140,120,20
108900022,55,1,54
108900023,23,35,-12
108900024,50,35,15
108900025,277,15,262
108900026,6,28,-22
108900027,0,24,-24
108900028,99,47,52
108900029,89,111,-22
108900030,0,12,-12
108900031,172,71,101
108900032,2,67,-65
108900033,0,27,-27
108900034,0,42,-42
108900035,232,318,-86
108900038,0,54,-54
108900039,1,68,-67
108900040,11,48,-37
108900041,2527,2780,-253
108900042,1,305,-304
108900043,23,215,-192
108900044,1,94,-93
108900045,53,77,-24
108900046,25,142,-117
108900047,24,230,-206
108900048,80,254,-174
108900049,848,2016,-1168
108900050,0,63,-63
108900051,0,57,-57
108900052,34,66,-32
108900053,32,360,-328
108900054,55,87,-32
108900055,11,168,-157
108900056,2,35,-33
108900057,0,26,-26
108900058,56,93,-37
108900059,807,26,781
108900060,42,140,-98
108900061,41,9,32
108900062,2,90,-88
108900063,12,64,-52
108900064,271,1,270
108900065,11,59,-48
108900066,518,92,426
108900067,5,116,-111
108900068,8,51,-43
108900069,68,17,51
108900070,29,24,5
108900071,133,52,81
108900072,850,273,577
108900073,41,93,-52
108900074,300,44,256
108900075,3,26,-23
108900076,501,36,465
108900077,79,86,-7
108900078,42,20,22
108900079,186,50,136
108900080,21,896,-875
108900081,32,174,-142
108900082,104,19,85
108900083,20,214,-194
108900085,769,106,663
108900086,187,89,98
108900087,41,110,-69
108900088,719,364,355
108900089,10,116,-106
108900090,61,40,21
108900091,103,19,84
108900092,423,204,219
108900093,67,74,-7
108900094,271,81,190
108900095,9,120,-111
108900096,172,7,165
108900097,370,65,305
108900098,704,816,-112
108900099,518,64,454
108900100,44,62,-18
108900101,153,294,-141
108900102,31,1189,-1158
108900103,117,163,-46
108900105,6,1835,-1829
108900106,546,87,459
108900108,369,11,358
108900109,574,73,501
108900110,166,175,-9
108900111,468,161,307
108900113,34,46,-12
108900114,120,10,110
108900115,120,78,42
108900116,59,15,44
108900117,279,8,271
108900118,785,52,733
108900119,387,18,369
108900120,238,202,36
108900121,223,75,148
108900122,207,13,194
108900123,237,121,116
108900124,1035,215,820
108900125,791,5,786
108900126,289,51,238
108900127,250,24,226
108900128,272,39,233
108900129,1162,164,998
108900130,577,0,577
108900131,525,7,518
108900132,513,38,475
108900133,316,25,291
108900134,931,100,831
108900135,371,9,362
108900136,72,3,69
108900137,241,10,231
108900138,1102,54,1048
108900140,615,52,563
108900141,527,9,518
108900142,66,5,61
108900143,89,0,89
108900144,115,12,103
108900145,283,21,262
108900146,136,0,136
108900147,292,2,290
108900148,39,2,37
108900150,204,12,192
108900151,41,1,40
108900152,140,2,138
108900153,217,92,125
108900154,4782,245,4537
108900156,92,7,85
108900157,14,245,-231
108900158,471,32,439
108900159,2,88,-86
108900160,31,79,-48
108900161,2,113,-111
108900162,248,3,245
108900163,13,382,-369
108900164,57,25,32
108900168,2656,2056,600
108900169,82,54,28
108900171,1686,3167,-1481
108900172,141,44,97
108900173,50,152,-102
108900174,1151,329,822
108900176,84,185,-101
108900177,2353,7825,-5472
108900178,1465,4162,-2697
108900180,95,237,-142
108900183,119,172,-53
108900184,566,170,396
108900185,62,218,-156
108900186,62,226,-164
108900189,363,60,303
108900190,24,1082,-1058
108900192,79,136,-57
108900195,95,78,17
108900196,16,107,-91
108900199,153,202,-49
108900200,635,225,410
108900201,310,744,-434
108900203,360,172,188
108900204,359,12,347
108900205,302,21,281
108900206,420,56,364
108900207,213,208,5
108900208,11,176,-165
108900209,115,316,-201
108900210,76,89,-13
108900211,197,535,-338
108900212,137,1478,-1341
108900215,27,316,-289
108900216,157,280,-123
108900217,47,0,47
108900218,21,10,11
108900221,26,56,-30
108900224,17,92,-75
108900225,0,125,-125
108900227,137,321,-184
108900230,81,136,-55
108900232,0,94,-94
108900233,413,108,305
108900234,278,95,183
108900235,86,209,-123
108900236,31,120,-89
108900240,89,65,24
108900241,41,27,14
108900245,1,1372,-1371
108900250,134,31,103
108900258,33,44,-11
108900259,18,22,-4
108900260,4,24,-20
108900261,28,63,-35
108900262,57,103,-46
108900263,22,113,-91
108900264,110,199,-89
108900265,584,594,-10
108900266,148,1032,-884
108900267,2,246,-244
108900268,9,7,2
108900269,175,32,143
108900270,103,5,98
108900271,40,17,23
108900272,263,22,241
108900273,189,848,-659
108900274,73,23,50
109000001,2843,2327,516
109000002,745,2151,-1406
109000003,3553,393,3160
109000004,599,1452,-853
109000005,2164,547,1617
109000006,647,1254,-607
109000007,1944,588,1356
109000008,704,1176,-472
109000009,3110,1145,1965
109000010,684,2249,-1565
109000011,4564,1637,2927
109000012,1396,1934,-538
109000013,4813,3964,849
109000014,1591,1441,150
109000015,4437,13116,-8679
109000016,4002,1744,2258
109000017,3352,1202,2150
109000018,1039,1547,-508
109000019,2533,1264,1269
109000020,720,1591,-871
109000023,233,20,213
109000024,5,94,-89
109000025,248,621,-373
109000026,480,322,158
109000027,85,382,-297
109000028,105,66,39
109000029,105,376,-271
109000030,25,256,-231
109000031,281,139,142
109000032,137,282,-145
109000033,360,191,169
109000034,38,46,-8
109000035,5,39,-34
109000036,51,270,-219
109000037,318,2916,-2598
109000038,301,230,71
109000039,1068,774,294
109000040,1630,9323,-7693
109000041,1413,2402,-989
109000042,378,1066,-688
109000044,392,220,172
109000045,147,303,-156
109000046,522,51,471
109000047,62,266,-204
109000048,631,481,150
109000049,106,306,-200
109000050,412,372,40
109000051,150,89,61
109000052,519,360,159
109000053,1678,215,1463
109000054,259,230,29
109000055,216,233,-17
109000056,267,188,79
109000057,695,447,248
109000058,553,119,434
109000059,201,1056,-855
109000060,360,484,-124
109000061,380,1210,-830
109000062,124,386,-262
109000063,113,77,36
109000064,326,85,241
109000065,124,131,-7
109000066,490,43,447
109000067,61,126,-65
109000068,697,90,607
109000069,582,7,575
109000070,73,1228,-1155
109000071,408,80,328
109000072,77,326,-249
109000073,87,86,1
109000074,21,117,-96
109000075,62,211,-149
109000076,216,330,-114
109000077,239,154,85
109000078,100,168,-68
109000079,106,81,25
109000080,343,66,277
109000081,185,243,-58
109000082,972,124,848
109000083,240,321,-81
109000088,150,223,-73
109000089,284,68,216
109000090,123,212,-89
109000091,363,126,237
109000092,186,202,-16
109000093,358,97,261
109000094,989,3,986
109000095,244,221,23
109000096,927,205,722
109000097,72,115,-43
109000098,36,75,-39
109000099,821,171,650
109000100,229,431,-202
109000101,1569,348,1221
109000102,416,337,79
109000103,1219,378,841
109000104,2407,292,2115
109000105,480,530,-50
109000106,1718,439,1279
109000107,357,907,-550
109000108,2145,439,1706
109000109,365,827,-462
109000110,1105,342,763
109000111,604,1599,-995
109000112,290,62,228
109000113,266,106,160
109000114,121,268,-147
109000115,913,53,860
109000116,19,475,-456
109000117,285,20,265
109000118,11,177,-166
109000119,1249,97,1152
109000120,248,248,0
109000121,945,74,871
109000122,193,184,9
109000123,76,172,-96
109000124,929,177,752
109000125,764,176,588
109000126,481,302,179
109000127,2342,186,2156
109000128,663,505,158
109000129,2828,413,2415
109000130,381,703,-322
109000131,1720,1027,693
109000132,597,1266,-669
109000133,176,428,-252
109000134,399,578,-179
109000135,616,850,-234
109000136,239,152,87
109000137,356,270,86
109000138,460,107,353
109000139,573,230,343
109000140,258,224,34
109000141,1087,338,749
109000142,130,262,-132
109000143,100,53,47
109000145,108,338,-230
109000146,54,53,1
109000148,1176,1262,-86
109000149,7,110,-103
109000150,80,265,-185
109000155,939,618,321
109000156,656,246,410
109000158,47,127,-80
109000159,44,291,-247
109000160,1337,125,1212
109000161,600,568,32
109000162,1933,361,1572
109000163,1398,919,479
109000164,1609,1312,297
109000165,1595,394,1201
109000166,1179,90,1089
109000167,152,286,-134
109000170,47,30,17
109000171,110,57,53
109000172,20,48,-28
109000173,35,106,-71
109000174,129,28,101
109000175,98,121,-23
109000176,512,108,404
109000177,44,45,-1
109000178,883,167,716
109000179,1867,4779,-2912
109000180,2050,2390,-340
109000181,42,23,19
109000182,65,8,57
109000183,43,10,33
109000184,41,22,19
109000185,31,36,-5
109000188,391,776,-385
109000189,2644,466,2178
109000190,673,300,373
109000191,362,326,36
109000192,543,100,443
109000193,313,89,224
109000194,312,33,279
109000195,182,102,80
109000196,274,43,231
109000197,173,194,-21
109000198,330,21,309
109000199,197,252,-55
109000206,161,39,122
109000207,317,47,270
109000208,88,91,-3
109000209,139,60,79
109000210,85,226,-141
109000211,911,304,607
109000214,442,260,182
109000215,157,41,116
109000216,392,322,70
109000217,124,188,-64
109000218,299,197,102
109000221,204,645,-441
109000222,690,165,525
109000223,417,272,145
109000224,86,47,39
109000225,156,15,141
109000226,67,124,-57
109000227,1433,298,1135
109000228,5,1268,-1263
109000231,1,84,-83
109000232,533,88,445
109000236,185,370,-185
109000241,1612,1030,582
109000242,1391,597,794
109000293,71,116,-45
109000361,155,205,-50
109000364,112,248,-136
109000396,0,235,-235
109000397,771,22,749
109000399,93,213,-120
109000400,98,119,-21
109000403,19,1355,-1336
109000406,591,18,573
109000407,227,115,112
109000408,0,246,-246
109000410,812,134,678
109000411,362,44,318
109000412,1,38,-37
109900001,138,0,138
109900002,822,6,816
109900003,374,3,371
109900005,16,4,12
109900006,488,93,395
109900007,1181,103,1078
109900008,0,17,-17
109900009,153,161,-8
109900010,621,25,596
109900011,48,38,10
109900012,309,147,162
109900013,322,106,216
109900014,402,61,341
109900015,178,83,95
109900016,128,3,125
109900017,202,156,46
109900018,177,19,158
109900019,339,24,315
109900020,50,38,12
109900021,10,9,1
109900022,167,137,30
109900023,13,7,6
109900024,38,1,37
109900025,12,10,2
109900027,29,15,14
109900028,328,1574,-1246
109900029,3,75,-72
109900030,34,3,31
109900031,1,125,-124
109900032,5,157,-152
109900033,0,302,-302
109900034,50,3,47
109900035,20,11,9
109900036,24,35,-11
109900037,11,185,-174
109900038,96,188,-92
109900039,7,1,6
109900040,36,156,-120
109900041,63,102,-39
109900042,31,714,-683
109900044,79,137,-58
109900045,43,50,-7
109900046,173,54,119
109900047,134,163,-29
109900048,4,50,-46
109900049,21,27,-6
109900050,0,68,-68
109900051,0,4,-4
109900052,44,114,-70
109900053,1,51,-50
109900054,1001,90,911
109900055,87,107,-20
109900056,51,305,-254
109900057,7,42,-35
109900058,0,32,-32
109900060,648,80,568
109900061,17,100,-83
109900062,0,56,-56
109900064,616,135,481
109900065,61,76,-15
109900066,212,386,-174
109900067,0,66,-66
109900068,56,12,44
109900069,29,10,19
109900071,3,17,-14
109900072,4,77,-73
109900073,431,100,331
109900074,5,6,-1
109900075,28,28,0
109900076,11,66,-55
109900077,16,7,9
109900078,51,130,-79
109900080,89,99,-10
109900081,13,127,-114
109900082,46,137,-91
109900083,22,29,-7
109900084,44,71,-27
109900085,74,249,-175
109900086,99,905,-806
109900087,47,302,-255
109900089,701,172,529
109900092,384,30,354
109900093,1032,155,877
109900094,109,53,56
109900095,71,145,-74
109900096,110,1,109
109900097,145,2,143
109900098,595,15,580
109900099,425,2,423
109900100,72,0,72
109900101,821,0,821
109900102,451,16,435
109900103,11,16,-5
109900104,926,139,787
109900105,599,24,575
109900106,299,30,269
109900107,508,31,477
109900108,127,106,21
109900109,43,77,-34
109900111,63,238,-175
109900114,656,1167,-511
109900115,206,67,139
109900117,1132,50,1082
109900121,221,259,-38
109900123,12,32,-20
109900125,1,98,-97
109900126,306,37,269
109900130,2121,2531,-410
109900131,28,136,-108
109900132,17,111,-94
109900134,35,103,-68
109900135,177,14,163
109900137,176,102,74
109900140,232,34,198
109900149,15,36,-21
109900150,2,15,-13
109900151,0,16,-16
109900152,0,12,-12
109900153,0,37,-37
109900154,36,0,36
109900155,66,15,51
109900157,65,146,-81
109900159,137,64,73
109900161,239,61,178
109900162,215,126,89
109900163,213,122,91
109900164,57,152,-95
109900165,300,1,299
109900166,1,90,-89
109900167,116,147,-31
109900168,188,382,-194
109900169,149,75,74
109900170,243,1143,-900
109900171,300,72,228
109900172,258,292,-34
109900173,759,2707,-1948
109900174,37,95,-58
109900175,72,83,-11
109900176,148,76,72
109900177,11,67,-56
109900178,0,197,-197
109900179,11,8,3
109900180,11,6,5
110000001,540,322,218
110000002,482,722,-240
110000003,506,573,-67
110000004,361,465,-104
110000005,245,1691,-1446
110000006,210,186,24
110000007,109,86,23
110000008,37,138,-101
110000009,19,25,-6
110000010,31,103,-72
110000011,26,34,-8
110000012,451,170,281
110000013,80,687,-607
110000014,496,273,223
110000015,197,611,-414
110000016,149,1412,-1263
110000017,1865,154,1711
110000018,1737,244,1493
110000019,7,73,-66
110000020,561,202,359
110000021,240,342,-102
110000022,656,72,584
110000023,7,72,-65
110000024,397,276,121
110000025,536,4,532
110000026,2,144,-142
110000027,442,1135,-693
110000028,905,550,355
110000029,471,464,7
110000030,295,322,-27
110000031,307,229,78
110000032,583,255,328
110000033,185,196,-11
110000034,312,512,-200
110000035,500,337,163
110000036,845,457,388
110000037,231,220,11
110000038,190,525,-335
110000039,876,3986,-3110
110000040,317,119,198
110000041,262,1821,-1559
110000042,92,316,-224
110000043,583,242,341
110000044,20,428,-408
110000045,108,86,22
110000046,2,69,-67
110000047,18,37,-19
110000048,5,36,-31
110000049,20,14,6
110000050,8,84,-76
110000051,30,0,30
110000052,42,13,29
110000053,31,6,25
110000054,102,425,-323
110000055,124,55,69
110000056,45,69,-24
110000057,273,446,-173
110000058,619,291,328
110000059,714,388,326
110000060,1084,712,372
110000061,389,377,12
110000062,496,741,-245
110000063,70,217,-147
110000064,119,28,91
110000065,131,93,38
110000066,89,16,73
110000067,68,102,-34
110000068,271,57,214
110000069,435,30,405
110000071,363,61,302
110000073,31,4,27
110000075,32,82,-50
110000076,303,257,46
110000077,171,794,-623
110000078,94,9,85
110000080,237,294,-57
110000081,58,173,-115
110000082,20,227,-207
110000083,185,380,-195
110000084,1244,766,478
110000085,682,828,-146
110000086,1007,2082,-1075
110000087,22,28,-6
110000088,144,186,-42
110000089,316,37,279
110000090,170,131,39
110000091,698,79,619
110000092,24,36,-12
110000093,31,29,2
110000094,299,92,207
110000095,137,625,-488
110000096,1141,1522,-381
110000097,761,1433,-672
110000098,1475,620,855
110000099,682,952,-270
110000100,1124,192,932
110000101,42,134,-92
110000102,105,47,58
110000104,452,218,234
110000105,40,309,-269
110000106,418,528,-110
110000107,96,259,-163
110000108,115,57,58
110000109,161,191,-30
110000110,1179,2421,-1242
110000111,2475,2667,-192
110000112,289,1011,-722
110000113,58,2412,-2354
110000114,289,523,-234
110000115,459,253,206
110000116,63,94,-31
110000117,378,141,237
110000118,532,115,417
110000119,227,133,94
110000120,354,110,244
110000121,45,198,-153
110000122,265,199,66
110000123,510,251,259
110000124,0,411,-411
110000125,980,4,976
110000126,307,17,290
110000127,1111,61,1050
110000128,16,512,-496
110000129,3,256,-253
110000130,307,221,86
110000131,37,280,-243
110000132,0,290,-290
110000133,39,363,-324
110000134,44,308,-264
110000135,185,33,152
110000136,91,263,-172
110000137,634,277,357
110000138,797,385,412
110000139,1148,355,793
110000140,813,706,107
110000143,364,229,135
110000144,1906,1763,143
110000145,1304,1444,-140
110000146,882,434,448
110000147,288,512,-224
110000148,668,92,576
110000151,475,1476,-1001
110000152,460,497,-37
110000153,111,7,104
110000154,9,32,-23
110000155,381,2633,-2252
110000156,794,1838,-1044
110000157,1091,2045,-954
110000160,305,275,30
110000161,181,133,48
110000166,497,59,438
110000167,859,480,379
110000168,775,488,287
110000169,650,299,351
110000170,231,72,159
110000171,594,119,475
110000172,195,368,-173
110000173,545,661,-116
110000174,110,462,-352
110000175,928,48,880
110000176,181,541,-360
110000177,215,1165,-950
110000178,380,2207,-1827
110000179,735,221,514
110000180,267,169,98
110000181,787,293,494
110000182,387,74,313
110000183,3565,6229,-2664
110000184,236,2360,-2124
110000185,403,613,-210
110000186,534,571,-37
110000191,1302,98,1204
110000192,505,9,496
110000193,1220,7,1213
110000194,5,530,-525
110000195,576,139,437
110000196,476,70,406
110000197,90,62,28
110000198,95,31,64
110000199,51,66,-15
110000200,693,410,283
110000201,1035,1050,-15
110000202,960,444,516
110000203,378,380,-2
110000204,7,121,-114
110000205,238,41,197
110000206,361,422,-61
110000207,1212,267,945
110000208,124,204,-80
110000209,61,482,-421
110000210,1506,265,1241
110000211,775,509,266
110000212,396,1009,-613
110000213,311,64,247
110000214,464,31,433
110000215,131,114,17
110000216,151,104,47
110000217,461,54,407
110000218,218,93,125
110000219,482,28,454
110000220,21,127,-106
110000221,452,15,437
110000222,58,265,-207
110000223,13,198,-185
110000224,0,3,-3
110000225,214,474,-260
110000226,273,28,245
110000227,677,615,62
110000228,326,102,224
110000229,0,58,-58
110000230,518,579,-61
110000231,185,185,0
110000232,146,119,27
110000233,146,201,-55
110000234,377,979,-602
110000235,782,908,-126
110000236,558,345,213
110000237,2090,923,1167
110000238,857,893,-36
110000239,1634,607,1027
110000240,0,13,-13
110000242,0,0,0
110000243,154,26,128
110000244,70,198,-128
110000245,28,170,-142
110000246,781,325,456
110000247,634,2433,-1799
110000248,793,779,14
110000249,93,5,88
110000250,42,101,-59
110000251,383,157,226
110000252,350,102,248
110000253,1308,294,1014
110000254,405,394,11
110000255,78,443,-365
110000256,369,168,201
110000257,298,253,45
110000258,4,169,-165
110000259,213,3,210
110000260,19,55,-36
110000263,316,26,290
110000264,479,148,331
110000265,1200,1286,-86
110000266,876,1765,-889
110000267,14,76,-62
110000268,121,115,6
110000269,0,25,-25
110000270,85,1,84
110000271,1129,111,1018
110000272,1022,689,333
110000273,1120,1015,105
110000274,214,1899,-1685
110000275,1011,376,635
110000276,363,371,-8
110000277,355,232,123
110000278,447,521,-74
110000279,779,513,266
110000280,561,320,241
110000281,62,222,-160
110000282,185,10,175
110000283,32,38,-6
110000284,14,22,-8
110000285,0,456,-456
110000286,2,0,2
110000287,96,3,93
110000288,5,56,-51
110000289,381,2297,-1916
110000290,444,521,-77
110000291,2264,794,1470
110000292,780,4850,-4070
110000293,543,363,180
110000294,1268,921,347
110000295,203,407,-204
110000296,476,209,267
110000297,1712,134,1578
110000298,95,322,-227
110000299,105,59,46
110000301,414,21,393
110000302,460,683,-223
110000303,465,7,458
110000304,269,211,58
110000305,1199,10,1189
110000306,221,676,-455
110000307,1463,3,1460
110000308,281,3,278
110000309,4,384,-380
110000310,726,21,705
110000311,17,359,-342
110000312,393,47,346
110000313,1248,1602,-354
110000314,2,165,-163
110000315,1283,1705,-422
110000316,449,803,-354
110000317,123,699,-576
110000318,1,35,-34
110000319,22,8,14
110000320,65,61,4
110000321,27,40,-13
110000322,260,187,73
110000323,448,152,296
110000324,2061,1212,849
110000325,1137,3109,-1972
110000327,190,230,-40
110000328,107,289,-182
110000333,741,656,85
110000334,317,728,-411
110000335,516,300,216
110000336,594,688,-94
110000337,1817,435,1382
110000338,614,239,375
110000339,346,120,226
110000340,173,86,87
110000341,524,292,232
110000342,81,2,79
110000343,0,3,-3
110000344,108,107,1
110000345,157,160,-3
110000346,1122,1425,-303
110000347,1292,574,718
110000348,23,20,3
110000349,54,26,28
110000350,60,0,60
110000351,1196,436,760
110000352,639,1335,-696
110000353,1955,386,1569
110000354,896,3438,-2542
110000355,82,35,47
110000356,730,6,724
110000357,553,4,549
110000361,15,13,2
110000362,86,1,85
110000363,682,34,648
110000364,251,206,45
110000365,109,0,109
110000366,0,66,-66
110000367,389,80,309
110000368,12,30,-18
110000369,85,1,84
110000373,1,174,-173
110000374,66,21,45
110000375,90,850,-760
110000376,31,89,-58
110000377,53,342,-289
110000378,18,262,-244
110000379,1620,2042,-422
110000380,43,3,40
110000383,1,968,-967
110000384,558,416,142
110000385,1,130,-129
110000387,48,4,44
110000388,52,186,-134
110000389,996,2,994
110000391,912,127,785
110000396,239,44,195
110000397,195,53,142
110000398,8,12,-4
110000399,212,66,146
110000587,146,62,84
110000589,245,110,135
110000640,176,16,160
110000652,3,277,-274
110000653,326,253,73
110000654,6,648,-642
110000656,0,137,-137
110000674,23,5,18
110000675,5,5,0
110000676,0,15,-15
110000679,107,991,-884
110000682,91,161,-70
110000683,136,362,-226
110000684,4,9,-5
110000685,3,2,1
110000686,5,22,-17
110000687,13,2,11
110000688,61,1264,-1203
110000689,62,25,37
110000692,19,156,-137
110000693,43,306,-263
110000694,1,82,-81
110000695,111,369,-258
110000696,27,33,-6
110000698,31,363,-332
110000699,42,330,-288
110900001,273,15,258
110900002,235,211,24
110900003,794,187,607
110900004,464,27,437
110900005,1072,3332,-2260
110900006,92,34,58
110900007,101,50,51
110900008,10,44,-34
110900009,324,279,45
110900010,12,25,-13
110900011,12,79,-67
110900012,15,31,-16
110900013,1138,86,1052
110900014,371,7,364
110900015,240,462,-222
110900016,56,61,-5
110900017,491,49,442
110900018,249,23,226
110900019,399,9,390
110900020,174,111,63
110900021,75,236,-161
110900022,93,46,47
110900023,15,328,-313
110900024,33,137,-104
110900025,32,37,-5
110900027,30,100,-70
110900028,15,61,-46
110900029,9,103,-94
110900030,30,62,-32
110900031,9,104,-95
110900032,0,32,-32
110900033,34,84,-50
110900035,21,393,-372
110900036,39,9,30
110900037,122,5,117
110900038,281,100,181
110900039,4,209,-205
110900040,254,24,230
110900041,16,46,-30
110900042,72,26,46
110900043,1,16,-15
110900044,115,7,108
110900045,78,139,-61
110900046,20,122,-102
110900047,142,258,-116
110900049,113,71,42
110900050,44,0,44
110900052,5,58,-53
110900053,102,3,99
110900054,19,99,-80
110900055,9,3,6
110900056,10,90,-80
110900057,5,56,-51
110900058,263,74,189
110900059,359,135,224
110900060,289,84,205
110900061,5,39,-34
110900062,137,63,74
110900063,21,45,-24
110900064,4,0,4
110900065,85,105,-20
110900066,7,19,-12
110900067,73,416,-343
110900068,161,95,66
110900069,2,9,-7
110900070,89,39,50
110900071,89,469,-380
110900073,0,24,-24
110900074,483,71,412
110900075,328,49,279
110900077,1095,308,787
110900078,79,25,54
110900079,927,1329,-402
110900080,208,30,178
110900081,15,13,2
110900082,213,54,159
110900083,82,24,58
110900084,75,28,47
110900085,33,101,-68
110900086,66,242,-176
110900087,315,60,255
110900088,4,0,4
110900090,52,59,-7
110900091,2,11,-9
110900093,162,44,118
110900095,42,23,19
110900097,24,48,-24
110900098,20,50,-30
110900099,24,231,-207
110900100,0,5,-5
110900102,82,11,71
110900105,802,79,723
110900108,9,15,-6
110900111,255,66,189
110900112,576,4,572
110900113,248,83,165
110900115,4,41,-37
110900116,896,441,455
110900118,49,3521,-3472
110900119,1061,81,980
110900120,54,36,18
110900121,121,0,121
110900122,589,190,399
110900125,511,457,54
110900127,336,1241,-905
110900128,214,486,-272
110900129,93,1044,-951
110900130,358,667,-309
110900131,341,32,309
110900132,419,22,397
110900133,104,92,12
110900135,60,136,-76
110900136,395,20,375
110900139,0,0,0
110900140,0,0,0
110900141,284,460,-176
110900142,21,65,-44
110900143,124,39,85
110900144,0,138,-138
110900145,134,67,67
110900146,124,210,-86
110900147,80,335,-255
110900148,0,170,-170
110900149,2,22,-20
110900150,6,6,0
110900151,0,35,-35
110900152,32,48,-16
110900153,254,45,209
111000001,992,533,459
111000002,664,422,242
111000003,2401,984,1417
111000004,623,779,-156
111000005,1601,1451,150
111000006,918,1743,-825
111000007,3557,4129,-572
111000008,2359,2519,-160
111000009,318,626,-308
111000010,967,275,692
111000011,168,802,-634
111000012,477,456,21
111000013,475,962,-487
111000014,1886,490,1396
111000017,65,654,-589
111000018,130,273,-143
111000020,434,955,-521
111000021,33,74,-41
111000023,81,55,26
111000025,3368,2966,402
111000029,79,64,15
111000030,14,79,-65
111000031,1412,485,927
111000032,551,249,302
111000033,163,189,-26
111000034,39,271,-232
111000037,790,347,443
111000038,2425,1162,1263
111000039,1482,1325,157
111000040,1245,1105,140
111000041,392,511,-119
111000042,1458,1661,-203
111000043,1808,4562,-2754
111000044,1574,852,722
111000045,2928,1988,940
111000046,2176,1677,499
111000047,3122,5304,-2182
111000049,382,298,84
111000050,817,667,150
111000051,421,505,-84
111000052,333,924,-591
111000053,187,433,-246
111000054,279,408,-129
111000055,1171,1196,-25
111000056,194,298,-104
111000057,134,303,-169
111000058,639,54,585
111000059,638,184,454
111000060,4438,739,3699
111000061,808,281,527
111000062,1015,305,710
111000063,1307,1034,273
111000064,952,433,519
111000065,1347,735,612
111000066,705,291,414
111000067,807,280,527
111000068,649,468,181
111000069,1253,1134,119
111000070,646,464,182
111000071,133,317,-184
111000072,1388,561,827
111000073,328,1366,-1038
111000074,1305,1282,23
111000075,631,473,158
111000076,714,461,253
111000077,1088,1040,48
111000078,1719,792,927
111000079,639,548,91
111000080,554,415,139
111000081,1436,4145,-2709
111000082,800,389,411
111000084,866,364,502
111000085,897,790,107
111000086,1289,706,583
111000087,601,330,271
111000088,3194,2802,392
111000089,722,504,218
111000090,457,710,-253
111000091,680,200,480
111000092,1640,475,1165
111000093,846,961,-115
111000094,1588,1015,573
111000095,655,2325,-1670
111000096,581,7153,-6572
111000097,2265,899,1366
111000098,324,717,-393
111000099,298,961,-663
111000100,358,475,-117
111000101,229,446,-217
111000102,130,322,-192
111000104,627,156,471
111000107,105,222,-117
111000109,656,136,520
111000110,1254,416,838
111000111,3463,248,3215
111000112,2469,316,2153
111000113,740,1901,-1161
111000114,1130,4048,-2918
111000115,2595,661,1934
111000116,852,548,304
111000117,286,651,-365
111000118,706,490,216
111000119,1373,557,816
111000120,556,451,105
111000121,308,560,-252
111000122,517,491,26
111000123,974,1075,-101
111000124,407,980,-573
111000125,250,479,-229
111000126,83,387,-304
111000127,1363,103,1260
111000128,3028,195,2833
111000129,3209,346,2863
111000130,2609,306,2303
111000131,2464,375,2089
111000132,2092,1220,872
111000133,192,86,106
111000134,147,56,91
111000135,31,99,-68
111000136,477,251,226
111000138,16,11,5
111000140,3,1,2
111000141,111,417,-306
111000142,4,181,-177
111000143,4,430,-426
111000144,39,1703,-1664
111000145,100,14,86
111000146,64,23,41
111000147,95,18,77
111000148,99,52,47
111000149,22,4,18
111000150,52,13,39
111000151,1,36,-35
111000153,410,403,7
111000154,374,192,182
111000155,169,92,77
111000156,628,333,295
111000157,195,642,-447
111000158,753,792,-39
111000159,2885,860,2025
111000160,458,284,174
111000161,4,489,-485
111000162,6,72,-66
111000163,934,602,332
111000164,398,2238,-1840
111000165,518,179,339
111000166,311,116,195
111000167,102,157,-55
111000168,191,240,-49
111000169,255,309,-54
111000170,219,213,6
111000171,436,334,102
111000172,245,198,47
111000173,260,605,-345
111000174,269,131,138
111000175,41,224,-183
111000176,442,34,408
111000177,783,101,682
111000178,1979,151,1828
111000179,532,69,463
111000180,327,308,19
111000181,1978,195,1783
111000182,263,96,167
111000183,233,198,35
111000184,319,144,175
111000185,315,246,69
111000186,289,166,123
111000187,224,72,152
111000188,468,277,191
111000189,376,397,-21
111000190,157,175,-18
111000191,137,110,27
111000192,116,183,-67
111000193,327,153,174
111000194,41,170,-129
111000195,101,161,-60
111000196,78,76,2
111000197,594,80,514
111000198,684,69,615
111000199,240,145,95
111000200,727,252,475
111000201,847,105,742
111000202,440,82,358
111000203,559,231,328
111000204,334,1575,-1241
111000213,150,470,-320
111000214,1308,720,588
111000215,1175,737,438
111000217,1598,362,1236
111000218,1679,567,1112
111000219,261,148,113
111000220,539,451,88
111000221,265,46,219
111000224,36,153,-117
111000225,409,338,71
111000226,66,0,66
111000227,33,6,27
111000228,12,603,-591
111000229,22,1229,-1207
111000230,126,102,24
111000231,854,195,659
111000232,808,489,319
111000233,1432,427,1005
111000234,161,614,-453
111000239,63,42,21
111000240,26,236,-210
111000241,42,91,-49
111000242,276,37,239
111000243,134,191,-57
111000244,629,68,561
111000245,797,183,614
111000246,666,114,552
111000247,541,261,280
111000248,621,199,422
111000249,646,183,463
111000250,54,43,11
111000251,49,35,14
111000253,21,8,13
111000255,76,4,72
111000257,55,8,47
111000260,74,513,-439
111000261,1154,67,1087
111000271,42,236,-194
111000273,2343,788,1555
111000274,1484,2373,-889
111000275,145,32,113
111000276,274,632,-358
111000277,213,169,44
111000278,351,130,221
111000291,1665,10998,-9333
111000298,420,147,273
111000299,707,161,546
111000300,38,372,-334
111000302,299,60,239
111000303,125,86,39
111000312,55,26,29
111000315,3,84,-81
111000320,91,240,-149
111000321,516,144,372
111000322,265,103,162
111000323,355,24,331
111000324,209,144,65
111000325,59,58,1
111000326,149,181,-32
111000327,251,320,-69
111000328,406,464,-58
111000329,2,42,-40
111000330,161,5,156
111000331,23,2,21
111000332,474,810,-336
111000334,199,689,-490
111000335,1483,174,1309
111000337,1731,100,1631
111000338,104,53,51
111000339,760,83,677
111000340,335,416,-81
111000341,1553,580,973
111000342,26,709,-683
111000344,1194,478,716
111000345,61,101,-40
111000346,18,235,-217
111000347,155,4,151
111000350,245,60,185
111000351,92,271,-179
111000352,143,37,106
111000353,62,115,-53
111000354,304,110,194
111000355,269,254,15
111000358,134,359,-225
111000360,184,133,51
111000361,131,74,57
111000546,630,211,419
111000547,349,190,159
111000548,217,172,45
111000549,233,153,80
111000550,40,690,-650
111000551,288,165,123
111000552,295,108,187
111000907,938,14,924
111000908,85,0,85
111000916,2003,156,1847
111000917,39,251,-212
111000918,181,256,-75
111000920,668,10,658
111000921,4,81,-77
111000922,582,90,492
111000924,31,203,-172
111000925,4335,1884,2451
111000926,978,1022,-44
111000927,2468,4796,-2328
111000928,2540,1328,1212
111000929,1896,1169,727
111000930,774,1100,-326
111000931,1846,2289,-443
111000932,2010,1024,986
111000933,2880,2801,79
111000934,1205,1645,-440
111000935,2456,803,1653
111000936,908,1024,-116
111000937,1305,1181,124
111000938,1102,675,427
111000939,761,14,747
111000940,638,37,601
111000941,269,202,67
111000943,701,292,409
111000944,142,132,10
111000945,120,727,-607
111001109,448,618,-170
111001110,215,304,-89
111001111,74,5,69
111001112,107,39,68
111001113,0,225,-225
111001114,528,250,278
111001115,17,1863,-1846
111001116,1623,4580,-2957
111001117,422,2325,-1903
111001120,65,113,-48
111001121,95,116,-21
111001122,211,120,91
111001123,390,83,307
111001124,122,47,75
111001125,0,321,-321
111001126,0,0,0
111001127,0,22,-22
111001128,835,358,477
111900001,1,25,-24
111900002,0,89,-89
111900003,0,97,-97
111900004,9,22,-13
111900006,8,56,-48
111900007,206,8,198
111900008,368,1,367
111900009,157,0,157
111900010,69,189,-120
111900012,29,28,1
111900013,11,1,10
111900014,1410,5788,-4378
111900015,0,20,-20
111900016,0,31,-31
111900017,0,13,-13
111900018,253,3,250
111900019,2,81,-79
111900020,0,30,-30
111900021,12,23,-11
111900022,3,16,-13
111900023,40,29,11
111900024,342,40,302
111900025,0,15,-15
111900026,0,16,-16
111900027,8,18,-10
111900028,25,61,-36
111900029,0,6,-6
111900030,9,156,-147
111900032,0,63,-63
111900033,3,80,-77
111900034,55,171,-116
111900035,44,108,-64
111900036,1,47,-46
111900038,72,245,-173
111900039,32,76,-44
111900040,0,113,-113
111900042,8,28,-20
111900043,0,83,-83
111900044,52,98,-46
111900046,15,39,-24
111900048,403,207,196
111900049,13,95,-82
111900050,74,10,64
111900051,3,90,-87
111900052,114,162,-48
111900053,332,2069,-1737
111900054,124,1,123
111900055,1,110,-109
111900056,69,338,-269
111900057,131,11,120
111900058,797,153,644
111900059,829,629,200
111900060,215,1,214
111900061,3,70,-67
111900062,29,67,-38
111900063,173,180,-7
111900064,45,51,-6
111900065,149,17,132
111900066,137,138,-1
111900067,0,145,-145
111900068,25,82,-57
111900069,74,21,53
111900070,237,55,182
111900071,0,63,-63
111900072,89,41,48
111900073,1109,186,923
111900074,1,80,-79
111900075,108,3,105
111900076,348,90,258
111900077,64,3,61
111900078,373,26,347
111900079,46,46,0
111900080,68,155,-87
111900082,175,29,146
111900083,241,33,208
111900084,207,8,199
111900085,15,72,-57
111900086,60,11,49
111900087,121,3,118
111900088,917,30,887
111900089,43,3,40
111900090,28,24,4
111900091,665,10,655
111900092,123,2,121
111900093,603,7,596
111900094,75,1,74
111900095,438,23,415
111900096,244,6,238
111900097,128,1,127
111900098,294,0,294
111900099,44,0,44
111900100,164,2,162
111900101,111,30,81
111900102,805,286,519
111900103,42,61,-19
111900104,73,23,50
111900105,179,136,43
111900106,210,14,196
111900110,833,156,677
111900111,142,30,112
111900112,239,4363,-4124
111900113,238,64,174
111900118,328,83,245
111900119,208,124,84
111900122,123,59,64
111900123,22,38,-16
111900124,26,7,19
111900125,462,87,375
111900126,286,5,281
111900127,0,126,-126
111900128,2,141,-139
111900129,248,4,244
111900130,129,36,93
111900131,725,2,723
111900132,5,232,-227
111900133,8,125,-117
111900134,2,88,-86
111900135,17,38,-21
111900136,77,166,-89
111900137,18,33,-15
111900138,9,24,-15
111900139,10,51,-41
111900140,132,33,99
111900141,89,19,70
111900142,75,26,49
111900143,125,43,82
111900144,10,24,-14
111900145,0,118,-118
111900146,0,66,-66
111900147,17,244,-227
111900148,11,221,-210
111900149,11,92,-81
111900150,14,60,-46
111900151,4,17,-13
111900152,80,98,-18
111900153,503,808,-305
111900154,28,675,-647
111900155,80,125,-45
111900156,108,79,29
111900157,267,25,242
111900158,640,88,552
111900159,547,42,505
111900160,386,5,381
111900161,325,0,325
111900162,135,298,-163
111900163,12,151,-139
111900164,108,34,74
111901113,565,63,502
111901114,183,119,64
111901115,264,0,264
111901116,38,0,38
111901117,23,60,-37
111901118,17,454,-437
111901119,166,24,142
111901121,20,47,-27
111901122,1,97,-96
111901123,339,56,283
111901124,393,4,389
111901125,758,182,576
111901127,138,735,-597
111901128,2,22,-20
111901129,1,37,-36
111901130,1,19,-18
111901131,2,171,-169
111901132,171,89,82
111901133,119,2,117
111901134,122,6,116
111901135,99,17,82
111901138,58,40,18
111901139,1,4,-3
111901140,2,11,-9
111901141,0,32,-32
111901142,1,36,-35
111901143,0,34,-34
111901144,77,35,42
111901145,43,295,-252
111901146,29,6,23
111901147,130,609,-479
111901148,3,25,-22
111901149,31,6,25
111901150,63,0,63
111901151,0,0,0
111901152,12,10,2
112000001,2175,614,1561
112000002,720,1311,-591
112000003,2168,805,1363
112000004,790,273,517
112000005,3516,3719,-203
112000006,754,528,226
112000007,4105,3129,976
112000008,3038,3968,-930
112000009,2368,1302,1066
112000010,3819,4516,-697
112000011,1336,1035,301
112000012,3350,5126,-1776
112000013,1685,2395,-710
112000014,1180,3665,-2485
112000015,1515,3018,-1503
112000016,1913,3261,-1348
112000017,434,3285,-2851
112000024,732,369,363
112000026,1277,1594,-317
112000027,569,643,-74
112000028,530,676,-146
112000029,659,569,90
112000030,154,25,129
112000031,1125,3194,-2069
112000032,100,9,91
112000033,1105,3224,-2119
112000034,124,30,94
112000035,29,940,-911
112000036,236,1311,-1075
112000037,624,1268,-644
112000038,1195,1285,-90
112000039,125,49,76
112000040,25,61,-36
112000041,228,327,-99
112000042,539,218,321
112000050,1189,918,271
112000051,1302,2400,-1098
112000054,885,1046,-161
112000057,758,168,590
112000058,208,330,-122
112000059,290,455,-165
112000061,1782,672,1110
112000062,533,904,-371
112000063,171,3037,-2866
112000064,1980,2711,-731
112000065,872,1801,-929
112000066,2684,1343,1341
112000067,434,390,44
112000068,3414,3033,381
112000069,395,1312,-917
112000070,1191,1038,153
112000071,853,1323,-470
112000072,2169,744,1425
112000073,1123,1590,-467
112000074,1099,970,129
112000075,1205,1199,6
112000076,2621,1920,701
112000077,1131,288,843
112000078,2437,451,1986
112000079,1731,817,914
112000080,725,392,333
112000081,700,1495,-795
112000082,900,437,463
112000083,635,617,18
112000084,1186,421,765
112000085,1445,557,888
112000086,1688,628,1060
112000087,635,211,424
112000088,697,192,505
112000089,229,212,17
112000090,126,99,27
112000091,522,369,153
112000092,2202,795,1407
112000093,1278,297,981
112000094,780,655,125
112000095,751,294,457
112000096,641,383,258
112000097,1798,607,1191
112000098,326,417,-91
112000099,615,1753,-1138
112000100,2087,625,1462
112000101,464,271,193
112000102,1623,417,1206
112000103,322,359,-37
112000105,462,500,-38
112000106,2697,361,2336
112000107,168,112,56
112000108,590,570,20
112000109,281,94,187
112000110,1862,600,1262
112000111,372,1300,-928
112000112,2224,346,1878
112000113,588,682,-94
112000114,2345,536,1809
112000115,284,211,73
112000116,418,339,79
112000117,1108,461,647
112000118,703,595,108
112000119,294,402,-108
112000120,50,198,-148
112000121,102,161,-59
112000122,391,78,313
112000123,774,92,682
112000124,682,82,600
112000125,376,257,119
112000126,407,158,249
112000127,1707,2378,-671
112000128,439,505,-66
112000129,140,118,22
112000130,296,99,197
112000131,41,98,-57
112000132,283,91,192
112000133,341,24,317
112000134,430,228,202
112000135,1245,510,735
112000136,814,791,23
112000137,1330,1734,-404
112000138,821,890,-69
112000139,400,671,-271
112000140,178,807,-629
112000141,1043,520,523
112000142,107,272,-165
112000143,1324,180,1144
112000144,218,467,-249
112000145,2912,348,2564
112000146,418,772,-354
112000147,2547,1342,1205
112000148,738,879,-141
112000149,414,325,89
112000150,407,147,260
112000151,293,117,176
112000152,857,174,683
112000153,164,176,-12
112000154,239,234,5
112000155,120,118,2
112000157,308,791,-483
112000158,237,273,-36
112000159,910,179,731
112000167,356,167,189
112000169,219,593,-374
112000173,1037,148,889
112000175,365,148,217
112000176,643,981,-338
112000177,846,185,661
112000178,41,119,-78
112000179,324,38,286
112000180,304,202,102
112000181,920,610,310
112000182,1630,357,1273
112000183,45,20,25
112000184,494,118,376
112000185,1188,222,966
112000187,3314,2155,1159
112000195,127,9,118
112000196,95,0,95
112000197,55,69,-14
112000198,31,223,-192
112000199,571,455,116
112000202,552,3,549
112000216,48,111,-63
112000230,140,1,139
112000231,2,66,-64
112000256,95,281,-186
112000313,25,18,7
112000314,28,70,-42
112000337,123,485,-362
112000352,88,254,-166
112000392,1685,650,1035
112000398,1911,565,1346
112000399,1282,7044,-5762
112000400,917,944,-27
112000401,1201,732,469
112000402,4782,5087,-305
112000403,978,6761,-5783
112000404,1641,1239,402
112000405,2961,2672,289
112000406,1560,786,774
112000407,9102,6568,2534
112000408,3793,2368,1425
112000409,1168,1478,-310
112000410,184,352,-168
112000411,1281,1271,10
112000412,372,303,69
112000413,2451,7609,-5158
112000414,121,16,105
112000415,83,29,54
112000416,3771,997,2774
112000417,292,84,208
112000421,50,14,36
112000422,263,100,163
112000424,715,3381,-2666
112000425,422,354,68
112000426,258,221,37
112000427,1,27,-26
112000428,313,100,213
112000429,1907,1827,80
112000430,2386,3021,-635
112000431,133,105,28
112000432,346,454,-108
112000433,276,375,-99
112000437,85,57,28
112900001,99,3,96
112900002,850,193,657
112900003,56,55,1
112900004,40,80,-40
112900005,327,51,276
112900007,26,33,-7
112900008,0,58,-58
112900009,401,143,258
112900010,456,205,251
112900011,56,125,-69
112900012,1,7,-6
112900013,1,143,-142
112900014,5,56,-51
112900015,55,506,-451
112900016,3,84,-81
112900017,18,41,-23
112900018,531,161,370
112900019,5,132,-127
112900020,194,614,-420
112900021,2,81,-79
112900022,10,24,-14
112900023,1,31,-30
112900024,10,62,-52
112900025,56,89,-33
112900026,2,27,-25
112900027,3,227,-224
112900028,6,36,-30
112900029,16,125,-109
112900030,15,36,-21
112900031,1,100,-99
112900032,166,153,13
112900034,1,17,-16
112900035,0,94,-94
112900036,19,92,-73
112900037,198,224,-26
112900038,658,57,601
112900039,11,102,-91
112900040,8,336,-328
112900041,278,678,-400
112900042,50,118,-68
112900043,20,54,-34
112900044,230,151,79
112900045,70,92,-22
112900046,88,27,61
112900047,3,12,-9
112900049,412,23,389
112900050,6,277,-271
112900051,113,183,-70
112900052,5,232,-227
112900053,221,114,107
112900054,123,43,80
112900055,35,24,11
112900056,203,128,75
112900057,17,156,-139
112900058,304,337,-33
112900059,100,419,-319
112900060,28,43,-15
112900061,77,111,-34
112900062,87,71,16
112900063,30,14,16
112900064,20,132,-112
112900065,5,11,-6
112900066,182,186,-4
112900067,192,32,160
112900068,29,64,-35
112900069,1114,1191,-77
112900071,46,9,37
112900072,55,4011,-3956
112900073,446,135,311
112900074,96,361,-265
112900075,453,1380,-927
112900076,12,22,-10
112900078,192,556,-364
112900079,197,32,165
112900080,114,8,106
112900081,84,463,-379
112900082,592,22,570
112900083,152,110,42
112900084,326,242,84
112900086,169,0,169
112900087,1529,122,1407
112900088,286,10,276
112900089,713,20,693
112900090,99,60,39
112900091,329,16,313
112900092,55,581,-526
112900093,1394,38,1356
112900095,87,1,86
112900096,659,198,461
112900097,79,123,-44
112900098,79,0,79
112900099,956,12,944
112900100,102,1,101
112900101,447,5,442
112900102,65,24,41
112900103,317,13,304
112900104,853,4,849
112900105,28,0,28
112900106,400,80,320
112900107,5,0,5
112900108,3,0,3
112900109,206,3,203
112900110,1656,22,1634
112900111,1048,17,1031
112900112,411,2,409
112900113,0,12,-12
112900114,278,24,254
112900115,1646,2,1644
112900116,116,9,107
112900117,41,20,21
112900118,14,77,-63
112900119,220,4,216
112900120,319,163,156
112900121,24,77,-53
112900122,8,54,-46
112900123,145,41,104
112900124,7,26,-19
112900125,11,217,-206
112900126,81,71,10
112900127,418,75,343
112900128,102,249,-147
112900129,2,329,-327
112900130,213,55,158
112900131,23,158,-135
112900132,82,251,-169
112900133,13,609,-596
112900134,1,172,-171
112900135,70,25,45
112900137,52,195,-143
112900138,3,51,-48
112900139,75,422,-347
112900141,723,25,698
112900142,46,294,-248
112900143,8,193,-185
112900144,1,236,-235
112900145,18,235,-217
112900146,0,269,-269
112900147,2,407,-405
112900148,46,0,46
112900149,100,333,-233
112900151,6,62,-56
112900152,2005,308,1697
112900153,313,2441,-2128
112900154,0,36,-36
112900155,143,13,130
112900156,751,370,381
112900157,319,15,304
112900158,72,7,65
112900159,116,172,-56
112900160,20,136,-116
112900161,156,32,124
112900162,13,21,-8
112900163,24,48,-24
112900164,54,172,-118
112900165,88,20,68
112900166,6,89,-83
112900167,3,146,-143
112900168,4,10,-6
112900169,9,8,1
112900170,135,94,41
112900172,38,18,20
112900173,115,67,48
112900174,287,32,255
112900175,157,132,25
112900176,16,41,-25
112900177,253,80,173
112900178,384,3230,-2846
112900179,27,224,-197
112900180,1555,981,574
112900181,974,11,963
112900182,49,209,-160
112900183,69,126,-57
112900184,338,341,-3
112900185,64,389,-325
112900186,615,743,-128
112900187,70,474,-404
112900188,456,1888,-1432
112900189,9,4,5
112900190,5,35,-30
112900192,427,435,-8
112900193,696,254,442
112900194,66,6,60
112900195,622,27,595
112900196,259,260,-1
112900197,81,223,-142
112900199,597,92,505
112900200,484,56,428
112900201,178,75,103
112900202,589,319,270
112900203,292,61,231
112900204,326,318,8
112900205,12,15,-3
112900206,18,19,-1
112900207,28,1,27
112900208,83,468,-385
112900209,126,184,-58
112900210,2,27,-25
112900211,58,1,57
112900212,3,25,-22
112900213,51,2,49
112900214,20,16,4
112900215,12,29,-17
112900216,23,15,8
112900217,2,29,-27
112900218,142,0,142
112900219,92,2,90
112900220,0,0,0
112900221,11,51,-40
112900222,0,23,-23
112900223,751,14,737
112900224,472,187,285
112900225,474,148,326
112900226,71,149,-78
112900227,415,99,316
112900228,113,39,74
112900229,434,6,428
112900230,5180,1843,3337
112900232,234,210,24
112900233,72,62,10
112900234,10,5,5
112900235,7,12,-5
112900236,497,4,493
112900237,428,79,349
112900238,8,4,4
112900239,455,830,-375
112900240,5,11,-6
112900241,30,31,-1
112900242,2,60,-58
112900243,10,42,-32
112900244,2,10,-8
112900245,0,13,-13
112900246,1,4,-3
112900247,39,20,19
112900248,0,0,0
112900249,23,0,23
112900250,89,4,85
112900251,86,1,85
112900252,142,3,139
112900253,46,1,45
112900254,16,2,14
112900255,8,16,-8
112900256,7,37,-30
112900257,18,23,-5
112900258,45,11,34
113000001,4487,4471,16
113000002,4349,3238,1111
113000003,1786,1585,201
113000004,1832,1635,197
113000005,1596,1246,350
113000006,1049,1360,-311
113000007,1885,1154,731
113000008,1375,1541,-166
113000009,1235,468,767
113000010,1281,782,499
113000011,1087,611,476
113000012,1198,580,618
113000013,596,471,125
113000014,654,999,-345
113000015,104,121,-17
113000016,226,390,-164
113000017,60,356,-296
113000018,332,52,280
113000019,108,271,-163
113000020,302,65,237
113000021,1112,973,139
113000022,757,2990,-2233
113000025,180,243,-63
113000026,455,778,-323
113000027,382,1058,-676
113000028,349,1563,-1214
113000029,675,788,-113
113000030,174,366,-192
113000031,116,208,-92
113000032,175,407,-232
113000033,222,212,10
113000034,145,115,30
113000035,19,24,-5
113000036,4,47,-43
113000037,21,11,10
113000038,14,75,-61
113000039,25,178,-153
113000040,26,118,-92
113000042,685,467,218
113000051,1447,2220,-773
113000052,2141,365,1776
113000053,511,318,193
113000054,529,535,-6
113000055,1881,379,1502
113000056,1552,920,632
113000058,328,857,-529
113000059,688,368,320
113000060,421,533,-112
113000061,629,668,-39
113000062,312,286,26
113000063,308,55,253
113000064,115,112,3
113000065,175,286,-111
113000066,814,85,729
113000067,2514,655,1859
113000068,523,366,157
113000069,588,398,190
113000070,2253,577,1676
113000071,424,279,145
113000072,1032,255,777
113000073,246,1277,-1031
113000074,738,305,433
113000075,1425,779,646
113000076,370,3162,-2792
113000077,592,732,-140
113000078,398,1206,-808
113000079,285,929,-644
113000080,558,750,-192
113000081,528,615,-87
113000082,764,564,200
113000083,580,780,-200
113000084,1619,676,943
113000085,819,565,254
113000086,922,817,105
113000087,818,1224,-406
113000088,1449,1142,307
113000089,639,1548,-909
113000090,124,616,-492
113000091,238,462,-224
113000094,1433,394,1039
113000095,218,820,-602
113000096,145,958,-813
113000097,1001,372,629
113000098,121,74,47
113000099,1091,563,528
113000100,186,528,-342
113000101,182,848,-666
113000102,601,823,-222
113000103,2708,310,2398
113000104,595,2623,-2028
113000105,963,414,549
113000106,456,247,209
113000107,915,965,-50
113000108,825,783,42
113000109,449,949,-500
113000110,5841,648,5193
113000111,261,524,-263
113000112,571,212,359
113000113,1261,251,1010
113000114,175,951,-776
113000116,315,262,53
113000117,913,130,783
113000118,33,501,-468
113000119,323,311,12
113000120,29,321,-292
113000121,334,1042,-708
113000124,280,114,166
113000125,23,959,-936
113000127,1560,160,1400
113000128,1601,211,1390
113000129,261,627,-366
113000133,2819,526,2293
113000134,0,1212,-1212
113000135,4290,3932,358
113000137,632,2848,-2216
113000139,303,134,169
113000140,46,92,-46
113000141,50,185,-135
113000142,247,482,-235
113000143,289,106,183
113000144,212,345,-133
113000145,110,96,14
113000146,150,20,130
113000147,125,19,106
113000148,267,123,144
113000149,209,132,77
113000150,281,348,-67
113000151,38,18,20
113000152,40,180,-140
113000153,880,244,636
113000154,321,1174,-853
113000155,249,511,-262
113000156,157,225,-68
113000157,248,351,-103
113000158,352,147,205
113000159,675,438,237
113000160,569,265,304
113000161,351,111,240
113000162,722,154,568
113000163,145,41,104
113000164,37,39,-2
113000166,227,61,166
113000167,47,70,-23
113000168,95,49,46
113000169,281,34,247
113000170,109,54,55
113000171,30,42,-12
113000172,274,31,243
113000173,46,21,25
113000174,154,84,70
113000175,512,56,456
113000176,515,78,437
113000177,163,86,77
113000178,167,120,47
113000179,275,102,173
113000180,597,1260,-663
113000181,1121,582,539
113000182,111,405,-294
113000183,148,574,-426
113000184,28,87,-59
113000189,227,659,-432
113000190,138,200,-62
113000192,513,5923,-5410
113000193,1246,4258,-3012
113000194,825,4029,-3204
113000195,957,2947,-1990
113000196,338,111,227
113000197,1031,2487,-1456
113000198,122,253,-131
113000199,1214,289,925
113000201,355,700,-345
113000202,11983,1165,10818
113000203,106,906,-800
113000204,407,7250,-6843
113000205,12,9,3
113000206,3,47,-44
113000207,75,7,68
113000208,16,32,-16
113000209,14,15,-1
113000210,3,29,-26
113000211,104,388,-284
113000212,92,40,52
113000213,10,75,-65
113000214,128,259,-131
113000234,260,658,-398
113000410,27,140,-113
113000411,1096,2047,-951
113000412,4239,1373,2866
113000413,701,2569,-1868
113000414,2876,10272,-7396
113000415,1577,1052,525
113000416,1987,1860,127
113000417,745,978,-233
113000418,3973,3312,661
113000419,1169,1522,-353
113000420,1745,4429,-2684
113000421,3803,5950,-2147
113000422,6746,7958,-1212
113000423,828,5133,-4305
113000424,1506,9209,-7703
113000425,7,64,-57
113000428,9,17,-8
113000430,1,27,-26
113000432,2481,204,2277
113000433,66,362,-296
113000434,12,87,-75
113000435,29,121,-92
113000436,25,422,-397
113000437,1156,15,1141
113000438,302,8,294
113000439,10,39,-29
113000440,177,39,138
113000441,194,204,-10
113000442,175,40,135
113000443,342,74,268
113000444,393,41,352
113000445,99,65,34
113000446,81,77,4
113000448,1162,251,911
113000449,158,866,-708
113000450,1152,2478,-1326
113000451,4602,383,4219
113000452,100,541,-441
113000453,68,891,-823
113000454,367,162,205
113000455,15,2798,-2783
113000456,1568,1447,121
113000468,1058,56,1002
113000469,56,89,-33
113000470,540,36,504
113000471,10,309,-299
113000472,46,164,-118
113000474,1396,627,769
113000475,1154,799,355
113000476,2298,1829,469
113000477,4126,1645,2481
113000478,2483,2230,253
113000479,188,60,128
113000485,0,0,0
113000486,0,0,0
113000487,0,0,0
113000488,0,0,0
113000489,0,0,0
113000490,0,0,0
113000491,0,0,0
113000492,0,0,0
113000493,0,0,0
113000495,474,100,374
113000496,225,116,109
113900001,12,2754,-2742
113900002,0,108,-108
113900003,1,239,-238
113900004,5,369,-364
113900005,4,835,-831
113900006,0,97,-97
113900007,31,0,31
113900008,26,3,23
113900009,129,1,128
113900010,54,5,49
113900011,111,0,111
113900012,86,2,84
113900013,111,13,98
113900014,637,3,634
113900015,3,17,-14
113900016,36,0,36
113900017,0,103,-103
113900018,98,126,-28
113900019,161,42,119
113900020,132,1,131
113900022,68,1,67
113900023,24,1,23
113900024,47,39,8
113900025,114,4,110
113900026,63,0,63
113900027,17,100,-83
113900028,43,147,-104
113900029,112,82,30
113900030,286,2,284
113900031,30,5,25
113900032,33,1,32
113900033,70,29,41
113900035,22,0,22
113900036,28,70,-42
113900037,190,201,-11
113900038,28,165,-137
113900039,237,14,223
113900040,8,26,-18
113900041,19,12,7
113900042,73,16,57
113900043,149,62,87
113900044,77,202,-125
113900045,53,0,53
113900046,221,1259,-1038
113900047,91,110,-19
113900048,106,78,28
113900049,148,373,-225
113900050,164,226,-62
113900051,195,127,68
113900052,80,40,40
113900053,388,575,-187
113900054,15,0,15
113900055,100,307,-207
113900056,44,72,-28
113900057,2,22,-20
113900058,62,28,34
113900059,245,140,105
113900060,65,140,-75
113900061,312,102,210
113900062,101,5,96
113900063,225,41,184
113900064,4,52,-48
113900065,402,9,393
113900066,502,108,394
113900067,215,77,138
113900068,372,676,-304
113900069,8,8,0
113900070,41,192,-151
113900071,84,44,40
113900072,53,36,17
113900073,366,291,75
113900074,186,192,-6
113900075,815,1766,-951
113900076,72,15,57
113900077,58,88,-30
113900078,30,24,6
113900079,0,4,-4
113900080,376,93,283
113900081,46,55,-9
113900082,124,125,-1
113900083,310,99,211
113900084,141,120,21
113900085,21,184,-163
113900086,77,5,72
113900087,71,54,17
113900088,94,112,-18
113900089,337,33,304
113900090,342,210,132
113900091,5,12,-7
113900092,34,57,-23
113900093,37,905,-868
113900094,399,168,231
113900095,143,189,-46
113900096,146,57,89
113900097,3,38,-35
113900098,842,133,709
113900099,1,11,-10
113900100,0,3,-3
113900101,13,76,-63
113900102,35,127,-92
113900103,143,379,-236
113900104,96,426,-330
113900105,207,49,158
113900106,2,23,-21
113900107,0,3,-3
113900108,90,190,-100
113900109,160,190,-30
113900110,25,6,19
113900111,217,56,161
113900112,150,25,125
113900113,891,389,502
113900114,0,5,-5
113900115,0,33,-33
113900116,27,124,-97
113900117,22,36,-14
113900118,105,409,-304
113900119,62,289,-227
113900120,62,30,32
113900121,41,40,1
113900122,336,3171,-2835
113900123,334,177,157
113900124,0,70,-70
113900125,826,119,707
113900126,65,40,25
113900127,226,560,-334
113900128,205,36,169
113900129,21,118,-97
113900130,0,71,-71
113900131,182,29,153
113900132,40,56,-16
113900133,12,17,-5
113900135,229,400,-171
113900136,86,33,53
113900137,228,324,-96
113900138,6,103,-97
113900139,204,206,-2
113900140,25,172,-147
113900141,594,202,392
113900142,93,24,69
113900143,8,42,-34
113900144,44,346,-302
113900145,292,110,182
113900146,101,23,78
113900148,43,237,-194
113900149,107,93,14
113900150,170,147,23
113900151,305,89,216
113900152,21,38,-17
113900153,87,250,-163
113900154,2,66,-64
113900155,47,143,-96
113900156,190,203,-13
113900157,41,246,-205
113900158,49,313,-264
113900159,5,152,-147
113900160,305,353,-48
113900161,63,232,-169
113900162,68,653,-585
113900163,137,56,81
113900164,446,40,406
113900165,450,261,189
113900166,15,43,-28
113900167,367,10,357
113900168,52,43,9
113900169,137,212,-75
113900171,190,34,156
113900172,1,64,-63
113900173,17,204,-187
113900174,369,330,39
113900175,201,154,47
113900176,166,196,-30
113900177,372,132,240
113900178,222,157,65
113900179,12,239,-227
113900180,129,89,40
113900181,743,102,641
113900182,392,287,105
113900183,46,51,-5
113900184,4,223,-219
113900185,102,38,64
113900186,26,13,13
113900187,21,83,-62
113900188,5,37,-32
113900189,225,219,6
113900190,148,49,99
113900191,53,51,2
113900192,1779,1907,-128
113900193,5,61,-56
113900194,1095,359,736
113900195,184,314,-130
113900196,2,57,-55
113900197,0,76,-76
113900198,7,594,-587
113900199,40,260,-220
113900200,11,48,-37
113900201,32,48,-16
113900202,18,80,-62
113900203,17,21,-4
113900204,13,209,-196
113900205,6,34,-28
113900206,1,37,-36
113900207,0,13,-13
113900208,0,25,-25
113900209,1,28,-27
113900210,356,297,59
113900211,128,44,84
113900212,305,264,41
113900214,252,380,-128
113900215,27,65,-38
113900216,129,247,-118
113900217,154,94,60
113900218,74,69,5
113900219,80,771,-691
113900220,118,174,-56
113900221,204,240,-36
113900222,867,648,219
113900223,189,167,22
113900224,64,57,7
113900225,356,54,302
113900226,215,63,152
113900227,238,127,111
113900228,168,351,-183
113900229,22,704,-682
113900230,1261,2030,-769
113900231,94,49,45
113900232,119,30,89
113900233,76,26,50
113900234,425,365,60
113900235,98,20,78
113900236,279,106,173
113900237,135,11,124
113900238,108,451,-343
113900239,27,209,-182
113900240,5,158,-153
113900241,37,56,-19
113900242,27,302,-275
113900243,26,253,-227
113900244,120,105,15
113900245,523,294,229
113900246,2,21,-19
113900247,71,576,-505
113900248,1874,1358,516
113900249,257,452,-195
113900250,29,228,-199
113900251,982,57,925
113900252,837,12,825
113900253,520,22,498
113900254,524,148,376
113900255,785,12,773
113900256,418,17,401
113900257,28,295,-267
113900258,9,319,-310
113900259,668,104,564
113900260,201,1,200
113900261,40,28,12
113900262,156,279,-123
113900263,14,257,-243
113900264,0,196,-196
113900265,60,312,-252
113900266,27,133,-106
113900267,34,946,-912
113900268,186,367,-181
113900269,93,107,-14
113900270,69,314,-245
113900271,439,306,133
113900273,5,4,1
113900274,54,33,21
113900275,28,162,-134
113900276,1,111,-110
113900277,140,12,128
113900278,113,100,13
113900279,32,42,-10
113900280,827,424,403
113900281,155,736,-581
113900282,170,231,-61
113900283,432,451,-19
113900284,784,60,724
113900285,75,29,46
113900286,25,23,2
113900287,101,3,98
113900288,3,124,-121
113900289,233,78,155
113900290,334,283,51
113900291,26,65,-39
113900292,1,9,-8
113900293,23,136,-113
113900294,556,6,550
113900295,291,345,-54
113900296,898,137,761
113900297,1968,34,1934
113900298,34,823,-789
113900299,125,21,104
113900300,2453,1924,529
113900301,551,598,-47
113900302,862,809,53
113900303,106,597,-491
113900304,0,81,-81
113900305,112,0,112
113900306,105,1,104
113900307,5,0,5
113900308,27,30,-3
113900309,1,286,-285
113900310,1,4,-3
113900311,3,0,3
113900312,76,179,-103
113900313,2,5,-3
113900314,1,8,-7
113900315,116,2,114
114000001,689,1646,-957
114000002,403,227,176
114000003,232,379,-147
114000004,481,178,303
114000005,312,140,172
114000006,824,1091,-267
114000007,448,826,-378
114000008,1239,1735,-496
114000009,851,222,629
114000011,2732,1615,1117
114000012,3445,981,2464
114000013,2053,894,1159
114000014,592,217,375
114000015,1790,149,1641
114000016,249,79,170
114000017,75,593,-518
114000018,48,12,36
114000026,2412,763,1649
114000027,3973,1811,2162
114000028,1770,3093,-1323
114000038,258,71,187
114000039,117,69,48
114000040,146,205,-59
114000042,188,62,126
114000043,205,115,90
114000044,337,59,278
114000045,27,20,7
114000046,1539,3041,-1502
114000047,22,88,-66
114000048,61,72,-11
114000049,1331,1100,231
114000050,1245,1374,-129
114000051,2085,2000,85
114000052,3186,2230,956
114000053,66,745,-679
114000054,123,577,-454
114000055,265,19,246
114000056,90,897,-807
114000057,2848,1509,1339
114000058,55,910,-855
114000059,26,553,-527
114000060,415,653,-238
114000061,1993,2992,-999
114000062,316,1473,-1157
114000063,983,1006,-23
114000064,1296,3116,-1820
114000065,674,1811,-1137
114000066,463,521,-58
114000067,8,834,-826
114000068,351,538,-187
114000069,696,467,229
114000070,1459,1414,45
114000071,506,432,74
114000072,494,133,361
114000073,9,8,1
114000074,62,10,52
114000075,79,11,68
114000076,12,11,1
114000077,3,10,-7
114000078,477,173,304
114000079,256,12,244
114000080,49,43,6
114000081,57,53,4
114000082,45,200,-155
114000083,34,59,-25
114000084,150,98,52
114000085,43,129,-86
114000086,213,96,117
114000087,166,21,145
114000088,35,8,27
114000089,369,158,211
114000090,677,1020,-343
114000091,821,762,59
114000092,503,277,226
114000093,1045,417,628
114000094,506,355,151
114000095,186,213,-27
114000096,25,97,-72
114000097,77,132,-55
114000098,520,92,428
114000099,779,124,655
114000100,1657,337,1320
114000101,471,227,244
114000102,622,222,400
114000103,133,123,10
114000104,100,98,2
114000105,156,82,74
114000106,552,1564,-1012
114000107,618,79,539
114000108,815,583,232
114000109,916,2730,-1814
114000110,370,494,-124
114000111,1995,1159,836
114000112,286,868,-582
114000113,2156,418,1738
114000114,400,689,-289
114000115,2451,744,1707
114000116,986,3461,-2475
114000117,3929,512,3417
114000118,3363,330,3033
114000119,2654,462,2192
114000120,466,513,-47
114000121,541,548,-7
114000122,463,336,127
114000123,2123,396,1727
114000124,976,384,592
114000125,1012,781,231
114000126,1760,175,1585
114000127,225,78,147
114000128,878,198,680
114000130,389,405,-16
114000131,263,84,179
114000132,448,274,174
114000133,433,778,-345
114000134,55,32,23
114000138,19,118,-99
114000139,372,450,-78
114000144,665,656,9
114000145,40,84,-44
114000146,46,56,-10
114000147,1173,2383,-1210
114000148,743,1504,-761
114000149,202,466,-264
114000150,420,1066,-646
114000151,964,3153,-2189
114000152,71,35,36
114000153,622,2281,-1659
114000154,538,708,-170
114000155,1062,2277,-1215
114000156,717,765,-48
114000157,283,1516,-1233
114000158,812,478,334
114000159,132,302,-170
114000160,105,518,-413
114000161,766,2960,-2194
114000162,1062,2497,-1435
114000163,5,28,-23
114000165,382,439,-57
114000166,350,415,-65
114000167,1880,1241,639
114000168,366,254,112
114000169,880,1209,-329
114000170,926,1116,-190
114000171,1329,8949,-7620
114000174,119,213,-94
114000176,173,391,-218
114000177,510,279,231
114000178,73,68,5
114000179,785,800,-15
114000180,184,237,-53
114000181,1154,4948,-3794
114000182,768,2240,-1472
114000183,450,644,-194
114000184,1619,474,1145
114000185,1030,524,506
114000189,1218,102,1116
114000190,3709,343,3366
114000191,87,199,-112
114000192,85,487,-402
114000193,219,761,-542
114000194,1540,613,927
114000195,227,123,104
114000196,1,55,-54
114000197,1819,21,1798
114000198,497,218,279
114000199,1150,1252,-102
114000200,426,629,-203
114000201,132,494,-362
114000202,927,303,624
114000203,625,462,163
114000204,101,308,-207
114000205,137,882,-745
114000206,605,826,-221
114000207,312,542,-230
114000208,430,867,-437
114000209,238,943,-705
114000210,156,537,-381
114000211,1210,828,382
114000212,680,686,-6
114000213,1541,346,1195
114000214,40,59,-19
114000215,188,55,133
114000216,1456,284,1172
114000217,393,163,230
114000218,283,67,216
114000219,1522,99,1423
114000220,38,379,-341
114000221,1102,143,959
114000222,78,337,-259
114000223,629,136,493
114000224,35,259,-224
114000225,275,176,99
114000226,243,120,123
114000227,969,323,646
114000228,830,306,524
114000229,1286,758,528
114000230,1457,574,883
114000231,1047,1132,-85
114000232,1037,158,879
114000233,2324,58,2266
114000234,1094,385,709
114000235,1267,906,361
114000236,0,187,-187
114000237,140,482,-342
114000238,69,272,-203
114000239,129,644,-515
114000240,817,1289,-472
114000241,294,466,-172
114000242,616,507,109
114000243,1960,745,1215
114000244,474,270,204
114000245,445,852,-407
114000246,152,79,73
114000247,468,451,17
114000248,1540,489,1051
114000249,530,308,222
114000250,617,217,400
114000251,329,103,226
114000252,46,17,29
114000253,33,41,-8
114000254,77,18,59
114000255,381,130,251
114000256,354,1926,-1572
114000257,464,632,-168
114000258,263,133,130
114000259,73,213,-140
114000260,0,31,-31
114000261,39,15,24
114000262,288,52,236
114000263,14,1,13
114000264,990,254,736
114000265,0,0,0
114000267,4,1558,-1554
114000268,14,427,-413
114000270,167,4,163
114000271,248,62,186
114000283,1188,278,910
114000285,11,94,-83
114000288,135,320,-185
114000289,1712,179,1533
114000293,179,464,-285
114000294,187,168,19
114000395,1073,23,1050
114000396,580,633,-53
114000402,878,172,706
114000403,278,164,114
114000405,191,144,47
114000423,363,90,273
114000424,386,87,299
114000425,1010,87,923
114000426,257,737,-480
114000427,112,43,69
114000428,85,191,-106
114000429,2,90,-88
114000432,151,33,118
114000434,28,50,-22
114000435,0,64,-64
114900001,676,263,413
114900002,558,94,464
114900003,864,291,573
114900004,166,368,-202
114900005,643,224,419
114900006,38,54,-16
114900007,217,15,202
114900008,258,125,133
114900010,885,1410,-525
114900011,158,98,60
114900013,187,87,100
114900018,693,34,659
114900020,67,67,0
114900022,2,340,-338
114900025,338,95,243
114900026,78,91,-13
114900029,169,9,160
114900030,214,142,72
114900031,526,15,511
114900032,395,21,374
114900034,42,41,1
114900035,55,216,-161
114900036,126,221,-95
114900039,433,207,226
114900040,81,58,23
114900041,963,127,836
114900042,1461,183,1278
114900044,193,40,153
114900047,178,3372,-3194
114900048,25,129,-104
114900049,25,70,-45
114900050,45,111,-66
114900051,32,152,-120
114900052,89,152,-63
114900053,100,116,-16
114900054,16,29,-13
114900057,136,9,127
114900058,0,28,-28
114900059,79,74,5
114900063,89,52,37
114900064,2252,137,2115
114900065,534,572,-38
114900067,22,275,-253
114900068,20,59,-39
114900069,134,30,104
114900070,532,117,415
114900072,1,156,-155
114900073,0,49,-49
114900074,792,129,663
114900075,236,16,220
114900076,0,102,-102
114900080,661,117,544
114900082,1575,2606,-1031
114900083,389,622,-233
114900090,404,158,246
114900091,60,97,-37
114900097,188,1,187
114900098,4,63,-59
114900099,213,1,212
115000001,3417,1765,1652
115000002,3595,5239,-1644
115000003,3622,1447,2175
115000004,4536,5670,-1134
115000005,1839,1682,157
115000006,1162,1536,-374
115000007,463,213,250
115000008,523,375,148
115000009,431,193,238
115000010,219,183,36
115000013,46,204,-158
115000015,16,372,-356
115000016,21,235,-214
115000019,23,369,-346
115000020,146,741,-595
115000021,253,262,-9
115000022,365,174,191
115000023,265,439,-174
115000024,538,241,297
115000025,920,426,494
115000026,145,205,-60
115000027,330,172,158
115000028,111,432,-321
115000029,811,67,744
115000030,375,636,-261
115000031,730,153,577
115000032,3,146,-143
115000033,233,37,196
115000034,67,683,-616
115000035,872,47,825
115000036,0,325,-325
115000037,471,19,452
115000038,81,132,-51
115000039,2903,3627,-724
115000040,2731,2085,646
115000041,1969,3948,-1979
115000042,338,470,-132
115000043,3933,2784,1149
115000044,2577,2713,-136
115000045,2511,919,1592
115000046,3015,3091,-76
115000047,2952,1366,1586
115000048,2178,1338,840
115000049,944,2238,-1294
115000050,3280,1172,2108
115000051,1836,4538,-2702
115000052,1099,1033,66
115000053,2324,2150,174
115000054,495,579,-84
115000055,157,860,-703
115000056,116,398,-282
115000057,586,1405,-819
115000058,257,391,-134
115000059,262,263,-1
115000061,85,212,-127
115000062,209,327,-118
115000063,328,327,1
115000064,230,109,121
115000065,82,406,-324
115000067,284,42,242
115000069,71,229,-158
115000070,14,691,-677
115000071,56,19,37
115000072,3,42,-39
115000073,1127,65,1062
115000075,67,27,40
115000076,1957,1481,476
115000077,2177,943,1234
115000078,1588,667,921
115000079,1584,863,721
115000080,3401,1034,2367
115000081,239,386,-147
115000082,4512,3780,732
115000083,1694,834,860
115000084,2964,845,2119
115000085,918,515,403
115000086,1291,433,858
115000087,332,1118,-786
115000088,1617,469,1148
115000089,1139,870,269
115000090,370,758,-388
115000091,207,329,-122
115000092,887,670,217
115000093,540,2,538
115000094,4043,6964,-2921
115000095,2898,6393,-3495
115000096,1076,582,494
115000097,2034,976,1058
115000098,1609,415,1194
115000099,2619,1226,1393
115000100,1528,220,1308
115000101,422,583,-161
115000102,509,170,339
115000103,256,358,-102
115000105,98,45,53
115000106,838,334,504
115000107,172,214,-42
115000108,1445,1564,-119
115000109,2573,4692,-2119
115000110,1013,1809,-796
115000111,304,769,-465
115000112,512,572,-60
115000113,366,497,-131
115000114,928,375,553
115000116,1922,1386,536
115000117,1396,1447,-51
115000118,1604,1490,114
115000119,1181,1321,-140
115000120,577,1136,-559
115000121,495,495,0
115000122,478,1142,-664
115000123,722,1614,-892
115000124,621,866,-245
115000125,395,927,-532
115000126,110,387,-277
115000127,315,112,203
115000128,247,686,-439
115000129,138,423,-285
115000130,353,373,-20
115000131,780,217,563
115000132,294,298,-4
115000133,743,258,485
115000134,243,170,73
115000135,183,161,22
115000136,235,177,58
115000137,56,106,-50
115000138,364,187,177
115000139,196,136,60
115000140,391,149,242
115000141,260,100,160
115000142,215,70,145
115000143,897,607,290
115000144,460,59,401
115000145,329,101,228
115000146,633,460,173
115000147,418,290,128
115000148,264,452,-188
115000149,798,150,648
115000150,451,404,47
115000151,1072,377,695
115000152,699,799,-100
115000153,1324,401,923
115000154,853,218,635
115000155,636,909,-273
115000156,606,820,-214
115000157,270,1115,-845
115000158,114,384,-270
115000159,349,505,-156
115000160,314,329,-15
115000161,153,391,-238
115000162,333,768,-435
115000163,403,657,-254
115000164,467,740,-273
115000165,190,620,-430
115000167,70,88,-18
115000168,366,591,-225
115000169,246,1013,-767
115000170,64,187,-123
115000171,203,582,-379
115000172,509,511,-2
115000173,223,639,-416
115000174,57,353,-296
115000175,157,72,85
115000176,52,81,-29
115000177,54,95,-41
115000178,9,139,-130
115000179,10,28,-18
115000180,55,247,-192
115000181,728,128,600
115000182,980,169,811
115000183,341,362,-21
115000186,501,118,383
115000187,125,330,-205
115000188,430,442,-12
115000189,206,263,-57
115000190,645,355,290
115000191,193,368,-175
115000194,64,74,-10
115000195,84,400,-316
115000196,262,131,131
115000197,337,123,214
115000198,514,73,441
115000199,528,73,455
115000200,475,103,372
115000201,215,191,24
115000206,238,18,220
115000207,190,108,82
115000208,210,429,-219
115000209,550,223,327
115000210,107,69,38
115000211,178,173,5
115000212,894,230,664
115000224,250,61,189
115000225,89,50,39
115000229,245,58,187
115000230,118,398,-280
115000231,229,611,-382
115000232,2715,322,2393
115000233,121,158,-37
115000234,35,309,-274
115000241,79,81,-2
115000242,175,123,52
115000243,111,92,19
115000244,12,140,-128
115000246,90,10,80
115000247,69,6,63
115000248,59,9,50
115000249,11,12,-1
115000250,230,21,209
115000251,342,46,296
115000252,91,138,-47
115000253,3,364,-361
115000258,279,61,218
115000259,150,57,93
115000261,30,10,20
115000262,6,24,-18
115000263,15,21,-6
115000264,11,17,-6
115000267,53,62,-9
115000268,39,80,-41
115000269,129,36,93
115000270,3,21,-18
115000272,54,49,5
115000273,411,39,372
115000280,1000,142,858
115000281,149,560,-411
115000282,679,543,136
115000284,125,166,-41
115000296,556,5,551
115000297,95,124,-29
115000298,39,404,-365
115000300,162,83,79
115000302,678,79,599
115000303,1072,52,1020
115000304,793,49,744
115000305,82,251,-169
115000306,216,75,141
115000307,158,118,40
115000308,29,27,2
115000310,1763,324,1439
115000311,1402,868,534
115000313,85,357,-272
115000314,544,227,317
115000315,866,1194,-328
115000316,158,94,64
115000317,138,249,-111
115000318,639,222,417
115000319,75,156,-81
115000320,24,430,-406
115000321,196,15,181
115000322,32,126,-94
115000449,144,188,-44
115000557,33,1486,-1453
115000558,252,123,129
115000587,634,332,302
115000588,2052,1993,59
115000589,3846,2464,1382
115000590,852,1320,-468
115000591,1071,639,432
115000592,401,1823,-1422
115000593,1365,800,565
115000594,239,2735,-2496
115000609,247,132,115
115000617,413,2147,-1734
115000624,301,26,275
115000633,249,919,-670
115000634,2617,683,1934
115000635,583,173,410
115000638,244,244,0
115000641,13,292,-279
115000642,133,154,-21
115000643,85,209,-124
115000644,136,190,-54
115000646,489,1199,-710
115000647,148,364,-216
115000648,2411,740,1671
115000893,1614,1238,376
115000894,72,524,-452
115000895,235,1630,-1395
115000896,1028,700,328
115000897,419,90,329
115000898,315,304,11
115000899,210,1408,-1198
115000900,27,835,-808
115000901,59,193,-134
115000912,431,112,319
115000913,1,37,-36
115000915,3,0,3
115000916,57,47,10
115000917,0,2,-2
115000918,11,485,-474
115000919,0,15,-15
115000920,12,53,-41
115000921,249,117,132
115000922,389,1473,-1084
115000923,95,2553,-2458
115000925,131,92,39
115000927,69,63,6
115000933,74,865,-791
115000934,184,150,34
115000935,169,53,116
115000936,73,787,-714
115000937,1706,407,1299
115000938,46,548,-502
115000939,40,220,-180
115000940,1,19,-18
115000941,0,47,-47
115000942,23,169,-146
115000943,5,114,-109
115000944,3,2,1
115900001,213,11,202
115900002,44,62,-18
115900003,184,42,142
115900004,0,13,-13
115900005,133,4,129
115900006,42,74,-32
115900008,111,1,110
115900009,63,158,-95
115900010,396,54,342
115900011,267,183,84
115900012,356,17,339
115900013,215,114,101
115900014,133,66,67
115900015,170,13,157
115900016,83,21,62
115900017,21,9,12
115900018,149,19,130
115900019,62,4,58
115900020,70,0,70
115900021,444,342,102
115900022,601,1,600
115900023,9,1,8
115900025,19,102,-83
115900026,430,99,331
115900027,0,110,-110
115900028,262,38,224
115900029,20,142,-122
115900030,47,24,23
115900031,88,190,-102
115900032,223,569,-346
115900033,1,32,-31
115900034,28,69,-41
115900035,24,25,-1
115900036,56,2099,-2043
115900037,3,114,-111
115900038,87,14,73
115900039,166,73,93
115900041,72,642,-570
115900042,47,5,42
115900043,96,24,72
115900044,151,261,-110
115900046,652,75,577
115900047,83,207,-124
115900049,130,118,12
115900051,4,26,-22
115900052,2,76,-74
115900053,203,39,164
115900054,346,11,335
115900055,19,50,-31
115900056,167,75,92
115900057,13,21,-8
115900058,6,47,-41
115900060,47,58,-11
115900061,263,1,262
115900062,26,123,-97
115900063,21,1,20
115900064,192,185,7
115900065,182,34,148
115900066,45,49,-4
115900067,8,81,-73
115900068,933,1307,-374
115900069,65,110,-45
115900070,171,71,100
115900071,10,107,-97
115900072,17,78,-61
115900073,115,91,24
115900074,2,90,-88
115900075,9,131,-122
115900076,0,28,-28
115900077,2,48,-46
115900078,51,110,-59
115900079,446,16,430
115900080,79,64,15
115900081,21,19,2
115900082,81,105,-24
115900084,466,19,447
115900085,67,129,-62
115900086,782,238,544
115900088,4,72,-68
115900089,477,298,179
115900090,654,4,650
115900091,5,20,-15
115900092,47,44,3
115900093,3,19,-16
115900094,2,60,-58
115900096,21,6,15
115900097,5,83,-78
115900098,325,131,194
115900099,82,31,51
115900100,29,105,-76
115900101,275,92,183
115900102,67,56,11
115900103,291,77,214
115900104,105,44,61
115900105,197,138,59
115900106,127,5,122
115900107,95,35,60
115900108,174,21,153
115900109,17,143,-126
115900110,3,4,-1
115900111,1,27,-26
115900112,35,361,-326
115900113,37,5,32
115900114,2,32,-30
115900115,84,108,-24
115900116,34,384,-350
115900117,65,2,63
115900118,2,55,-53
115900119,125,88,37
115900120,28,154,-126
115900121,238,87,151
115900124,207,732,-525
115900125,441,29,412
115900126,749,29,720
115900127,700,37,663
115900128,1,91,-90
115900129,445,24,421
115900130,9,443,-434
115900131,317,19,298
115900132,643,8,635
115900134,267,19,248
115900135,450,747,-297
115900137,26,18,8
115900139,24,87,-63
115900140,466,12,454
115900141,2,54,-52
115900142,6,40,-34
115900143,364,206,158
115900144,157,132,25
115900146,15,22,-7
115900147,182,201,-19
115900148,156,5,151
115900149,214,24,190
115900150,135,9,126
115900151,20,78,-58
115900152,267,137,130
115900153,161,108,53
115900154,221,352,-131
115900155,0,8,-8
115900156,820,713,107
115900157,200,410,-210
115900158,2,1,1
115900159,148,144,4
115900160,0,1,-1
115900161,11,58,-47
115900163,193,48,145
115900164,635,5,630
115900166,93,115,-22
115900168,119,44,75
115900171,68,298,-230
115900172,59,126,-67
115900173,170,49,121
115900174,212,433,-221
115900175,130,124,6
115900178,2,134,-132
115900179,324,2,322
115900180,51,52,-1
115900181,230,63,167
115900182,500,57,443
115900183,17,73,-56
115900184,395,6,389
115900187,17,235,-218
115900189,1,128,-127
115900190,72,1002,-930
115900191,20,109,-89
115900192,15,108,-93
115900193,172,81,91
115900194,770,40,730
115900195,266,2323,-2057
115900198,164,200,-36
115900199,240,76,164
115900200,204,107,97
115900201,185,270,-85
115900202,1,39,-38
115900203,22,23,-1
115900204,0,1,-1
115900205,37,20,17
115900206,349,41,308
115900207,71,3,68
115900208,104,59,45
115900209,13,89,-76
115900210,12,95,-83
115900211,2,70,-68
115900212,148,74,74
115900213,79,92,-13
115900214,576,18,558
115900215,20,205,-185
115900216,1,31,-30
115900217,5,12,-7
115900218,1,9,-8
115900219,142,1,141
115900220,242,9,233
115900221,175,7,168
115900222,78,43,35
115900223,1,575,-574
115900224,437,1663,-1226
115900225,39,26,13
115900226,16,25,-9
115900227,9,81,-72
115900228,1,29,-28
115900229,1,29,-28
115900230,8,53,-45
115900231,114,3,111
115900232,80,1,79
115900233,91,1,90
115900234,50,22,28
115900235,15,45,-30
115900236,15,33,-18
115900237,29,15,14
115900238,19,6,13
115900239,18,13,5
115900240,4,17,-13
115900241,195,26,169
115900242,312,506,-194
115900243,37,5,32
115900244,5,8,-3
115900245,24,1,23
115900246,23,7,16
115900247,5,2,3
115900248,6,3,3
115900249,31,11,20
115900250,5,21,-16
115900251,2,4,-2
115900252,5,2,3
115900253,16,19,-3
115900254,4,32,-28
115900255,0,45,-45
115900256,32,98,-66
115900257,2,6,-4
115900258,0,0,0
115900259,0,0,0
115900260,4,1,3
115900261,11,0,11
115900262,1,0,1
115900263,3,0,3
115900264,2,3,-1
115900265,2,12,-10
115900266,8,5,3
115900267,0,5,-5
115900268,0,14,-14
115900269,586,112,474
115900270,258,92,166
115900271,143,0,143
115900272,45,18,27
115900273,17,15,2
115900274,0,1,-1
115900275,0,1,-1
115900276,0,13,-13
115900277,1,39,-38
115900278,77,36,41
115900279,26,177,-151
115900280,7,759,-752
115900281,167,447,-280
115900282,39,67,-28
115900283,49,4,45
115900284,6,24,-18
116000001,5879,1764,4115
116000002,4296,13176,-8880
116000003,901,1523,-622
116000004,3380,5133,-1753
116000005,1357,3060,-1703
116000006,2832,4725,-1893
116000007,1324,1969,-645
116000008,4942,2834,2108
116000009,822,1031,-209
116000010,2893,1673,1220
116000011,600,675,-75
116000012,1936,1080,856
116000013,3447,4558,-1111
116000014,9304,21005,-11701
116000015,127,1426,-1299
116000016,3407,4449,-1042
116000017,49,559,-510
116000018,399,294,105
116000019,1181,218,963
116000020,582,844,-262
116000021,676,216,460
116000022,401,327,74
116000023,1669,918,751
116000024,565,685,-120
116000025,790,621,169
116000026,1271,3112,-1841
116000027,374,717,-343
116000028,523,1006,-483
116000029,343,381,-38
116000030,465,497,-32
116000031,65,130,-65
116000032,276,114,162
116000033,558,416,142
116000034,635,671,-36
116000035,454,341,113
116000036,400,3220,-2820
116000037,280,502,-222
116000038,172,1213,-1041
116000039,242,1726,-1484
116000040,512,1424,-912
116000041,98,1089,-991
116000042,1010,818,192
116000043,114,430,-316
116000044,6,28,-22
116000045,1337,1125,212
116000046,862,1839,-977
116000047,1536,2574,-1038
116000048,2747,1228,1519
116000049,1718,2791,-1073
116000050,1197,1049,148
116000051,3777,3204,573
116000052,3709,3734,-25
116000053,2258,868,1390
116000054,1190,2572,-1382
116000055,984,902,82
116000056,1531,764,767
116000057,2575,1129,1446
116000058,3441,2921,520
116000059,1889,3568,-1679
116000060,2453,1158,1295
116000061,497,1254,-757
116000062,474,344,130
116000063,630,1994,-1364
116000066,312,564,-252
116000067,193,357,-164
116000068,159,376,-217
116000069,259,149,110
116000078,545,728,-183
116000080,1777,525,1252
116000082,14,6,8
116000083,2032,414,1618
116000084,993,1776,-783
116000085,1911,1743,168
116000086,868,724,144
116000087,2776,1683,1093
116000088,942,482,460
116000089,131,81,50
116000090,141,128,13
116000091,189,395,-206
116000093,531,308,223
116000094,677,304,373
116000095,916,392,524
116000096,1291,1571,-280
116000097,1231,542,689
116000098,69,8201,-8132
116000099,3617,241,3376
116000100,395,7,388
116000101,973,339,634
116000102,281,512,-231
116000103,489,294,195
116000104,188,504,-316
116000105,1471,90,1381
116000106,480,736,-256
116000107,2609,213,2396
116000108,55,271,-216
116000111,106,24,82
116000113,172,66,106
116000114,41,102,-61
116000115,345,68,277
116000116,197,136,61
116000117,1303,1059,244
116000118,1470,703,767
116000119,3500,1038,2462
116000120,2529,2010,519
116000121,785,510,275
116000122,569,677,-108
116000123,1272,431,841
116000124,382,315,67
116000125,3017,615,2402
116000126,363,400,-37
116000127,695,440,255
116000128,1976,711,1265
116000129,1431,185,1246
116000130,918,595,323
116000133,1461,638,823
116000134,1336,723,613
116000135,2881,1056,1825
116000136,701,1018,-317
116000137,1262,624,638
116000138,1392,738,654
116000139,1695,3433,-1738
116000140,125,205,-80
116000141,392,278,114
116000142,2709,1684,1025
116000143,2159,1218,941
116000144,1590,1373,217
116000145,2469,615,1854
116000146,968,91,877
116000147,251,303,-52
116000148,865,1481,-616
116000149,763,764,-1
116000151,663,541,122
116000153,164,286,-122
116000155,168,324,-156
116000156,627,453,174
116000157,86,10,76
116000158,387,182,205
116000159,32,15,17
116000160,41,37,4
116000161,2,40,-38
116000162,63,187,-124
116000163,55,25,30
116000164,6,48,-42
116000177,74,234,-160
116000194,41,218,-177
116000195,1267,474,793
116000196,47,3,44
116000197,16,13,3
116000198,1893,938,955
116000200,676,614,62
116000201,597,388,209
116000202,5,126,-121
116000203,0,42,-42
116000204,1,28,-27
116000205,0,78,-78
116000206,2,120,-118
116000207,14,39,-25
116000233,128,321,-193
116000287,228,154,74
116000288,367,148,219
116000292,100,68,32
116000296,16,92,-76
116000297,196,25,171
116000304,133,6,127
116000305,35,45,-10
116000346,188,105,83
116000352,100,71,29
116000354,16,13,3
116000357,7,9,-2
116000358,325,68,257
116000361,189,0,189
116000372,3303,7395,-4092
116000381,122,0,122
116000388,1,23,-22
116000389,598,196,402
116000445,726,211,515
116000446,796,192,604
116000447,46,504,-458
116000448,397,113,284
116000563,522,698,-176
116000565,27,318,-291
116000568,29,278,-249
116000579,16,64,-48
116000583,129,35,94
116000584,25,6,19
116000585,55,37,18
116000586,67,55,12
116000587,328,277,51
116000589,45,60,-15
116000590,106,52,54
116000591,209,223,-14
116000592,5,27,-22
116000593,0,2,-2
116000594,955,110,845
116000595,793,61,732
116000596,205,2,203
116000597,547,191,356
116000598,28,85,-57
116000605,159,101,58
116000606,30,261,-231
116000607,1,180,-179
116000609,60,1023,-963
116000611,228,137,91
116000612,1534,1726,-192
116000613,722,309,413
116000614,397,177,220
116000615,3,592,-589
116000616,82,46,36
116000617,144,53,91
116000618,2,34,-32
116000619,40,52,-12
116000620,216,267,-51
116000621,142,64,78
116000622,174,86,88
116000624,137,70,67
116000627,112,9,103
116000628,37,86,-49
116000629,55,61,-6
116000630,496,13,483
116000631,257,18,239
116000632,828,19,809
116000633,237,107,130
116000634,400,42,358
116000635,1840,3677,-1837
116000636,456,2041,-1585
116000637,585,20,565
116000638,123,128,-5
116000639,127,0,127
116000640,64,18,46
116000641,18,37,-19
116000643,0,41,-41
116000644,39,97,-58
116000645,20,2,18
116900001,352,83,269
116900002,302,1,301
116900003,53,27,26
116900004,14,47,-33
116900005,185,49,136
116900006,71,95,-24
116900007,123,199,-76
116900008,654,82,572
116900009,11,19,-8
116900010,1349,515,834
116900011,4,3,1
116900012,318,291,27
116900013,4,28,-24
116900014,301,31,270
116900015,634,31,603
116900016,268,9,259
116900017,47,230,-183
116900018,69,34,35
116900019,4,79,-75
116900020,257,1472,-1215
116900023,79,8,71
116900024,738,24,714
116900025,1181,263,918
116900026,49,288,-239
116900027,18,46,-28
116900028,0,35,-35
116900029,1,111,-110
116900031,0,1,-1
116900032,1,84,-83
116900033,45,5,40
116900034,5,23,-18
116900035,163,93,70
116900036,5,102,-97
116900038,56,1,55
116900041,93,21,72
116900042,161,124,37
116900043,10,39,-29
116900047,16,187,-171
116900049,36,138,-102
116900050,62,155,-93
116900051,242,24,218
116900052,187,41,146
116900055,1,4,-3
116900057,15,64,-49
116900058,12,206,-194
116900059,0,33,-33
116900060,95,328,-233
116900062,6,44,-38
116900064,74,204,-130
116900065,16,58,-42
116900067,111,39,72
116900068,170,76,94
116900070,5,2,3
116900072,43,139,-96
116900073,8,57,-49
116900074,2,20,-18
116900076,2,83,-81
116900077,1,59,-58
116900078,96,20,76
116900079,24,68,-44
116900080,3,13,-10
116900081,188,484,-296
116900082,222,797,-575
116900083,12,14,-2
116900084,60,103,-43
116900085,14,60,-46
116900086,56,89,-33
116900088,194,21,173
116900090,24,25,-1
116900091,353,74,279
116900092,70,262,-192
116900093,2709,928,1781
116900094,2770,5370,-2600
116900095,150,455,-305
116900096,28,266,-238
116900097,1199,3635,-2436
116900098,599,455,144
116900099,245,874,-629
116900100,955,25,930
116900101,158,471,-313
116900103,22,0,22
116900104,12,193,-181
116900105,315,151,164
116900106,1247,5,1242
116900107,960,2468,-1508
116900110,30,1,29
116900111,728,149,579
116900112,199,363,-164
116900113,601,2181,-1580
116900116,35,848,-813
116900117,279,137,142
116900118,1614,885,729
116900120,318,31,287
116900121,258,12,246
116900122,944,231,713
116900123,395,247,148
116900124,97,333,-236
116900125,516,75,441
116900126,46,388,-342
116900128,0,38,-38
116900129,1,204,-203
116900130,1161,3744,-2583
116900131,39,228,-189
116900132,41,55,-14
116900133,134,107,27
116900134,265,169,96
116900136,204,152,52
116900137,200,92,108
116900138,78,53,25
116900139,54,144,-90
116900140,97,40,57
116900141,302,115,187
116900142,5,48,-43
116900143,238,80,158
116900144,41,33,8
116900145,43,110,-67
116900147,160,1915,-1755
116900148,14,19,-5
116900149,31,195,-164
116900150,2,2,0
116900151,75,69,6
116900153,107,71,36
116900154,159,461,-302
116900155,38,58,-20
116900157,668,75,593
116900158,127,320,-193
116900159,81,575,-494
116900160,819,866,-47
116900161,3349,9124,-5775
116900162,2,43,-41
116900163,246,40,206
116900164,64,58,6
116900165,477,334,143
116900166,25,18,7
116900167,423,28,395
116900168,382,34,348
116900169,136,1707,-1571
116900170,644,382,262
116900171,19,60,-41
116900172,75,492,-417
116900173,259,11,248
116900174,86,87,-1
116900175,195,425,-230
116900178,49,54,-5
116900179,30,404,-374
116900180,53,7,46
116900182,946,221,725
116900183,239,74,165
116900185,39,37,2
116900186,82,61,21
116900187,34,53,-19
116900188,100,13,87
116900189,30,0,30
116900191,210,317,-107
116900192,294,85,209
116900194,94,1624,-1530
116900195,45,22,23
116900196,9,29,-20
116900197,123,11,112
116900198,44,373,-329
116900200,114,9,105
116900201,136,2,134
116900202,19,11,8
116900203,99,9,90
116900204,32,157,-125
116900206,105,4,101
116900207,9,14,-5
116900208,31,45,-14
116900209,17,24,-7
116900210,473,259,214
116900211,207,5,202
116900212,103,18,85
116900213,257,94,163
116900214,288,136,152
116900215,46,42,4
116900216,262,167,95
116900218,4,205,-201
116900219,509,158,351
116900220,99,175,-76
116900221,137,205,-68
116900222,416,243,173
116900223,79,148,-69
116900226,143,37,106
116900227,221,28,193
116900228,289,100,189
116900230,58,83,-25
116900231,55,149,-94
116900232,27,146,-119
116900233,299,63,236
116900234,61,4,57
116900235,485,222,263
116900238,618,168,450
116900239,11,737,-726
116900240,2930,2877,53
116900241,113,29,84
116900242,411,1008,-597
116900243,0,18,-18
116900245,34,17,17
116900246,104,21,83
116900247,1054,39,1015
116900248,81,26,55
116900249,327,7,320
116900250,559,40,519
116900251,252,1030,-778
116900252,153,392,-239
116900254,34,98,-64
116900255,116,117,-1
116900256,601,100,501
116900257,33,192,-159
116900258,1,68,-67
116900259,415,6,409
116900260,3,57,-54
116900261,81,0,81
116900262,180,68,112
116900263,0,13,-13
116900264,72,52,20
116900265,96,0,96
116900266,8,7,1
116900267,16,1,15
116900268,50,34,16
116900269,349,1017,-668
116900271,397,457,-60
116900272,589,427,162
116900273,26,783,-757
116900274,154,19,135
116900275,180,40,140
116900276,277,234,43
116900277,125,17,108
116900278,0,0,0
116900279,1,16,-15
116900280,21,9,12
116900281,2317,5252,-2935
116900282,2,25,-23
116900283,2,21,-19
116900284,4,76,-72
116900285,108,199,-91
116900286,56,11,45
116900287,6,12,-6
116900288,95,41,54
116900289,23,0,23
116900290,26,2,24
116900291,41,17,24
116900292,0,40,-40
116900293,30,4,26
116900294,19,69,-50
116900295,161,284,-123
116900296,66,333,-267
116900297,3,166,-163
116900298,70,331,-261
116900299,27,320,-293
116900300,3,127,-124
116900301,23,869,-846
116900302,22,124,-102
116900303,160,214,-54
116900304,0,136,-136
116900305,12,14,-2
116900306,238,54,184
116900307,155,1,154
116900308,0,41,-41
116900309,140,11,129
116900310,33,16,17
117000001,2626,2898,-272
117000002,1794,3286,-1492
117000003,5720,3401,2319
117000004,1932,4343,-2411
117000005,3930,2129,1801
117000006,923,1907,-984
117000007,6397,1192,5205
117000008,872,2341,-1469
117000009,4451,1557,2894
117000010,1296,2277,-981
117000011,2943,1187,1756
117000012,1526,848,678
117000013,2033,961,1072
117000014,1207,1933,-726
117000015,2660,1415,1245
117000016,361,748,-387
117000017,127,1605,-1478
117000018,102,1132,-1030
117000019,77,135,-58
117000020,632,2175,-1543
117000021,2318,918,1400
117000022,201,483,-282
117000023,57,1166,-1109
117000024,114,1430,-1316
117000025,152,4236,-4084
117000026,1425,4162,-2737
117000027,1221,4395,-3174
117000028,1026,3830,-2804
117000030,353,330,23
117000031,528,592,-64
117000032,1387,1527,-140
117000033,1577,685,892
117000034,269,196,73
117000035,413,572,-159
117000036,476,247,229
117000037,257,229,28
117000038,296,474,-178
117000039,335,298,37
117000040,205,451,-246
117000041,1144,66,1078
117000044,10,574,-564
117000045,952,120,832
117000046,296,718,-422
117000047,999,753,246
117000048,1242,593,649
117000049,37,273,-236
117000050,225,987,-762
117000051,2701,57,2644
117000052,42,147,-105
117000053,689,27,662
117000054,1754,7,1747
117000055,16,1131,-1115
117000056,629,18,611
117000057,379,1239,-860
117000060,353,1062,-709
117000061,2394,1190,1204
117000062,151,619,-468
117000063,1880,862,1018
117000064,647,648,-1
117000066,324,593,-269
117000067,129,488,-359
117000074,33,115,-82
117000076,69,28,41
117000077,216,140,76
117000078,117,462,-345
117000079,327,214,113
117000080,1,430,-429
117000081,934,178,756
117000082,28,50,-22
117000083,683,265,418
117000084,147,4,143
117000085,309,636,-327
117000086,596,237,359
117000087,232,380,-148
117000088,299,124,175
117000089,2134,177,1957
117000090,191,468,-277
117000091,1156,230,926
117000092,418,530,-112
117000093,1872,657,1215
117000094,828,1065,-237
117000095,3537,601,2936
117000096,543,1105,-562
117000097,1961,720,1241
117000098,1282,1572,-290
117000099,4390,879,3511
117000100,180,280,-100
117000101,133,448,-315
117000102,2414,541,1873
117000103,488,739,-251
117000104,1728,576,1152
117000105,361,841,-480
117000106,1867,520,1347
117000107,492,822,-330
117000108,2839,844,1995
117000109,638,1150,-512
117000110,2259,1599,660
117000111,3909,3312,597
117000112,3593,1123,2470
117000113,164,50,114
117000114,313,198,115
117000115,95,24,71
117000116,246,192,54
117000117,1784,963,821
117000118,493,264,229
117000119,143,992,-849
117000120,55,2020,-1965
117000121,46,1062,-1016
117000122,953,1750,-797
117000123,3402,66,3336
117000124,131,399,-268
117000125,78,1108,-1030
117000126,41,14,27
117000127,90,518,-428
117000128,78,1635,-1557
117000129,282,2104,-1822
117000130,229,0,229
117000131,0,83,-83
117000132,3689,19,3670
117000133,2672,50,2622
117000134,1,310,-309
117000135,0,221,-221
117000136,0,78,-78
117000137,332,118,214
117000138,0,930,-930
117000140,304,657,-353
117000141,2408,478,1930
117000181,313,235,78
117000182,2731,1001,1730
117000195,147,320,-173
117000196,355,111,244
117000225,48,356,-308
117000226,1,513,-512
117000276,296,17,279
117000277,0,76,-76
117000310,966,2011,-1045
117000315,223,669,-446
117000320,74,0,74
117000906,588,13,575
117000907,10,148,-138
117000909,135,74,61
117000910,275,108,167
117000911,22,74,-52
117000915,6,170,-164
117000916,93,1,92
117000917,1659,23,1636
117000918,313,61,252
117000919,1,19,-18
117000920,0,442,-442
117000921,1,344,-343
117000922,22,48,-26
117000924,794,742,52
117000926,686,652,34
117000927,194,833,-639
117000928,0,133,-133
117000929,519,184,335
117000930,589,14,575
117000931,95,185,-90
117900002,38,993,-955
117900003,97,160,-63
117900005,2,376,-374
117900006,1,32,-31
117900007,138,53,85
117900008,0,12,-12
117900010,658,143,515
117900011,16,927,-911
117900012,88,67,21
117900013,2,150,-148
117900014,946,203,743
117900015,18,77,-59
117900016,998,749,249
117900017,1513,1024,489
117900018,410,1246,-836
117900019,1033,271,762
117900020,37,363,-326
117900021,27,105,-78
117900023,4341,62,4279
117900024,121,86,35
117900025,17,2,15
117900026,588,134,454
117900028,68,28,40
117900029,438,428,10
117900031,267,899,-632
117900032,1164,610,554
117900033,644,386,258
117900034,76,31,45
117900035,461,170,291
117900036,494,173,321
117900037,167,72,95
117900038,44,40,4
117900039,1,19,-18
117900040,208,151,57
117900041,1,10,-9
117900042,1822,234,1588
117900043,4,23,-19
117900044,176,6569,-6393
117900045,317,89,228
117900048,453,70,383
117900049,512,316,196
117900050,8,920,-912
117900051,21,48,-27
117900052,120,401,-281
117900053,1712,187,1525
117900054,3,11,-8
117900055,2661,416,2245
117900056,57,256,-199
117900057,797,698,99
117900058,18,132,-114
117900059,83,106,-23
117900060,2292,1621,671
117900061,24,525,-501
117900063,652,173,479
117900065,324,577,-253
117900066,2,69,-67
117900067,1086,126,960
117900069,1436,141,1295
117900070,73,379,-306
117900071,202,111,91
117900073,767,172,595
117900074,34,745,-711
117900075,82,31,51
117900076,84,126,-42
117900077,582,162,420
117900078,459,625,-166
117900080,209,33,176
117900081,184,179,5
117900082,683,359,324
117900083,689,258,431
117900086,245,36,209
117900087,138,36,102
117900088,911,904,7
117900089,2007,565,1442
117900090,668,318,350
117900091,108,60,48
117900092,82,20,62
117900093,75,44,31
117900094,42,43,-1
117900095,557,3085,-2528
117900096,199,408,-209
117900097,185,24,161
117900098,62,4,58
117900099,213,1127,-914
117900100,532,4,528
117900101,912,2301,-1389
117900102,68,15,53
117900103,62,2,60
117900104,6,457,-451
117900105,44,123,-79
117900106,129,26,103
117900107,50,0,50
117900109,840,233,607
117900110,194,1,193
117900111,612,44,568
117900112,46,9,37
117900113,854,1910,-1056
117900114,14,0,14
117900115,133,375,-242
117900116,497,453,44
117900117,612,115,497
117900118,138,1,137
117900119,197,28,169
117900120,720,33,687
117900121,96,62,34
117900122,717,4876,-4159
117900123,1291,320,971
117900124,363,327,36
117900125,1353,1396,-43
117900126,131,217,-86
117900127,479,125,354
117900128,322,195,127
117900129,111,2,109
117900130,962,521,441
117900131,7,50,-43
117900132,8,69,-61
117900133,29,56,-27
117900134,34,212,-178
117900135,45,62,-17
117900136,0,6,-6
117900137,70,114,-44
117900138,0,8,-8
117900139,123,62,61
117900140,7069,123,6946
117900141,94,324,-230
117900142,41,650,-609
117900144,38,1559,-1521
117900145,12,289,-277
117900146,144,250,-106
117900147,121,75,46
117900148,2897,3006,-109
117900149,114,93,21
117900150,74,50,24
117900151,48,153,-105
117900152,121,74,47
117900153,21,140,-119
117900154,640,511,129
117900156,412,529,-117
117900157,63,547,-484
117900158,276,144,132
117900160,816,567,249
117900161,870,794,76
117900162,994,390,604
117900163,30,1634,-1604
117900165,1,5,-4
117900166,77,472,-395
117900168,78,105,-27
117900169,0,29,-29
117900170,1,3,-2
117900171,1,4,-3
117900172,5,9,-4
117900173,24,41,-17
117900174,28,24,4
117900175,0,33,-33
117900176,2,10,-8
117900177,18,12,6
117900178,62,21,41
117900180,112,21,91
117900181,29,301,-272
117900182,0,23,-23
117900183,59,107,-48
117900184,24,41,-17
117900185,57,21,36
117900186,46,11,35
117900187,21,10,11
117900188,189,35,154
117900189,61,20,41
117900190,30,0,30
117900191,84,0,84
117900192,133,0,133
117900193,5,63,-58
117900194,19,1,18
117900195,7,53,-46
117900196,15,19,-4
117900207,47,191,-144
117900208,11,14,-3
117900209,136,135,1
117900210,112,76,36
117900211,2,79,-77
117900212,86,177,-91
117900213,41,3,38
117900214,11,0,11
117900215,122,20,102
117900216,75,83,-8
117900217,86,284,-198
117900218,103,193,-90
117900219,8,313,-305
117900220,25,613,-588
117900222,182,155,27
117900223,101,311,-210
118000001,546,2402,-1856
118000002,280,903,-623
118000003,2307,4934,-2627
118000004,1171,5501,-4330
118000005,3508,3269,239
118000006,4470,5043,-573
118000007,3878,8882,-5004
118000008,1079,4483,-3404
118000009,1399,2730,-1331
118000010,4052,3481,571
118000011,1911,917,994
118000012,1083,1480,-397
118000013,2079,1893,186
118000014,1744,1149,595
118000016,277,146,131
118000017,853,339,514
118000018,381,150,231
118000019,1068,2069,-1001
118000020,506,2149,-1643
118000021,517,2868,-2351
118000022,702,600,102
118000023,448,354,94
118000024,351,957,-606
118000027,8196,6303,1893
118000029,423,753,-330
118000032,129,2218,-2089
118000033,1621,4815,-3194
118000034,2680,3476,-796
118000035,1708,2475,-767
118000036,647,1179,-532
118000037,672,1787,-1115
118000038,717,146,571
118000039,146,118,28
118000040,1490,1699,-209
118000041,2932,1339,1593
118000045,129,237,-108
118000046,725,1655,-930
118000047,444,3470,-3026
118000048,1072,4250,-3178
118000051,532,3381,-2849
118000052,233,1421,-1188
118000053,201,386,-185
118000054,2592,655,1937
118000055,2410,1368,1042
118000056,190,467,-277
118000057,166,386,-220
118000058,1289,4331,-3042
118000059,1185,2845,-1660
118000060,1001,667,334
118000061,1112,938,174
118000062,381,304,77
118000063,318,998,-680
118000064,461,1355,-894
118000065,1428,1396,32
118000066,1711,3998,-2287
118000067,392,508,-116
118000068,598,9290,-8692
118000069,910,1230,-320
118000070,5318,2037,3281
118000071,2805,9329,-6524
118000072,503,3587,-3084
118000073,410,1654,-1244
118000074,519,738,-219
118000075,558,328,230
118000076,1571,6056,-4485
118000077,984,2497,-1513
118000078,1626,3209,-1583
118000079,209,416,-207
118000080,663,1372,-709
118000081,1357,2444,-1087
118000082,314,1212,-898
118000083,1227,1714,-487
118000084,1811,2046,-235
118000086,134,527,-393
118000087,3672,2128,1544
118000088,988,1787,-799
118000089,3935,2819,1116
118000090,892,2992,-2100
118000091,868,4117,-3249
118000092,838,679,159
118000093,125,663,-538
118000096,508,829,-321
118000097,575,832,-257
118000098,187,321,-134
118000099,833,397,436
118000101,1958,345,1613
118000102,335,572,-237
118000107,2260,657,1603
118000108,577,3830,-3253
118000110,0,41,-41
118000111,0,183,-183
118000112,1010,3,1007
118000113,18,260,-242
118000114,782,8,774
118000115,2,6,-4
118000116,17,0,17
118000117,528,869,-341
118000118,950,2207,-1257
118000119,884,1883,-999
118000120,1219,1055,164
118000121,25,643,-618
118000122,500,412,88
118000123,75,278,-203
118000125,823,1664,-841
118000126,480,2150,-1670
118000127,980,1160,-180
118000128,282,2003,-1721
118000129,1405,772,633
118000130,1852,2481,-629
118000131,209,720,-511
118000132,2937,2224,713
118000133,1661,813,848
118000135,384,975,-591
118000136,176,940,-764
118000137,521,128,393
118000138,326,299,27
118000139,384,89,295
118000140,3489,7491,-4002
118000141,2705,1313,1392
118000142,2669,1464,1205
118000143,3010,1443,1567
118000144,889,369,520
118000145,1244,926,318
118000146,1169,354,815
118000147,1128,797,331
118000148,993,1116,-123
118000149,1003,424,579
118000150,596,595,1
118000151,858,207,651
118000153,1867,774,1093
118000154,2273,1092,1181
118000155,2676,1116,1560
118000156,1781,2989,-1208
118000157,553,286,267
118000158,366,422,-56
118000159,20,74,-54
118000160,743,297,446
118000161,639,291,348
118000162,1536,821,715
118000163,877,853,24
118000164,1723,1315,408
118000168,300,563,-263
118000169,972,649,323
118000170,2207,1991,216
118000171,340,304,36
118000172,107,135,-28
118000173,1041,1054,-13
118000175,189,299,-110
118000176,359,426,-67
118000177,384,552,-168
118000178,42,25,17
118000179,780,975,-195
118000180,577,497,80
118000181,596,113,483
118000182,199,167,32
118000183,299,243,56
118000184,1060,377,683
118000185,544,1719,-1175
118000186,459,1079,-620
118000187,2063,332,1731
118000188,747,47,700
118000189,838,213,625
118000190,5,1,4
118000191,16,5,11
118000192,26,94,-68
118000193,5,93,-88
118000194,1505,672,833
118000195,196,4912,-4716
118000196,118,733,-615
118000197,149,202,-53
118000198,279,1313,-1034
118000199,348,841,-493
118000200,82,754,-672
118000201,131,880,-749
118000202,22,355,-333
118000203,309,1253,-944
118000204,43,534,-491
118000205,151,258,-107
118000206,250,219,31
118000207,0,31,-31
118000208,1145,1126,19
118000209,2622,881,1741
118000210,148,40,108
118000211,75,55,20
118000213,340,4172,-3832
118000214,211,673,-462
118000215,414,60,354
118000216,6398,1404,4994
118000217,14,35,-21
118000218,47,23,24
118000219,178,228,-50
118000220,11,67,-56
118000221,423,373,50
118000222,58,17,41
118000223,108,39,69
118000224,103,35,68
118000225,120,1347,-1227
118000226,1048,218,830
118000227,934,474,460
118000228,31,339,-308
118000229,38,736,-698
118000230,94,176,-82
118000231,47,372,-325
118000232,924,246,678
118000233,1187,462,725
118000234,512,76,436
118000236,209,231,-22
118000237,138,154,-16
118000238,217,72,145
118000239,272,210,62
118000240,173,104,69
118000241,269,100,169
118000242,422,144,278
118000243,262,115,147
118000244,81,38,43
118000246,12,52,-40
118000255,45,172,-127
118000256,123,111,12
118000259,22,53,-31
118000260,178,26,152
118000261,34,16,18
118000263,53,166,-113
118000266,152,152,0
118000267,0,277,-277
118000268,182,1,181
118000270,110,3,107
118000271,272,180,92
118000272,45,15,30
118000273,398,20,378
118000274,74,259,-185
118000276,382,149,233
118000295,22,79,-57
118000298,93,153,-60
118000299,84,72,12
118000301,0,271,-271
118000302,133,29,104
118000311,996,57,939
118000312,353,68,285
118000313,33,64,-31
118000314,160,24,136
118000315,35,12,23
118000316,849,304,545
118000325,72,9,63
118000326,46,10,36
118000331,34,4,30
118000332,6,21,-15
118000333,25,32,-7
118000335,523,0,523
118000336,0,162,-162
118000407,241,48,193
118000457,12,91,-79
118000465,584,2535,-1951
118000480,44,38,6
118000489,7,407,-400
118000490,20,216,-196
118000492,426,91,335
118000510,88,24,64
118000514,65,678,-613
118000515,433,897,-464
118000517,330,174,156
118000524,96,358,-262
118000525,441,458,-17
118000530,26,121,-95
118000531,350,181,169
118000532,297,188,109
118000533,286,65,221
118000534,537,192,345
118000535,325,93,232
118000536,45,314,-269
118000537,16,75,-59
118000538,39,99,-60
118000539,47,139,-92
118000540,115,185,-70
118000541,72,83,-11
118000542,74,281,-207
118000543,62,287,-225
118000546,31,19,12
118000553,0,0,0
118000560,1002,2036,-1034
118000562,28,80,-52
118000563,1157,883,274
118000576,133,35,98
118000577,308,190,118
118000578,74,24,50
118000579,751,1903,-1152
118000583,0,0,0
118000595,194,91,103
118000596,2,591,-589
118000597,277,144,133
118000598,2,0,2
118000599,199,35,164
118000600,0,0,0
118000601,2,0,2
118000602,2,11,-9
118000603,0,44,-44
118000605,68,171,-103
118000606,7,17,-10
118900001,298,825,-527
118900002,581,812,-231
118900003,222,7,215
118900004,52,17,35
118900005,66,8,58
118900006,172,1,171
118900007,1,2,-1
118900008,911,30,881
118900009,60,44,16
118900010,75,3,72
118900011,152,10,142
118900012,303,187,116
118900013,726,252,474
118900015,193,41,152
118900016,4,8,-4
118900017,16,151,-135
118900018,753,36,717
118900019,22,10,12
118900020,32,256,-224
118900021,106,540,-434
118900022,81,34,47
118900023,83,148,-65
118900024,52,69,-17
118900025,39,32,7
118900026,48,9,39
118900027,379,111,268
118900028,256,110,146
118900029,168,252,-84
118900030,475,26,449
118900031,109,19,90
118900032,302,88,214
118900033,173,428,-255
118900034,133,26,107
118900035,133,58,75
118900036,1196,360,836
118900037,132,441,-309
118900038,443,87,356
118900039,570,142,428
118900040,212,81,131
118900041,671,248,423
118900042,115,42,73
118900045,167,144,23
118900046,293,312,-19
118900047,238,415,-177
118900048,124,403,-279
118900049,79,44,35
118900050,36,1,35
118900051,56,160,-104
118900052,171,472,-301
118900053,5,77,-72
118900054,158,47,111
118900055,61,20,41
118900056,163,185,-22
118900057,652,449,203
118900058,358,297,61
118900059,15,155,-140
118900060,83,67,16
118900062,143,93,50
118900064,121,557,-436
118900065,26,90,-64
118900066,101,73,28
118900067,3036,3608,-572
118900068,25,246,-221
118900069,495,125,370
118900071,14,6,8
118900072,814,429,385
118900073,219,53,166
118900074,164,33,131
118900075,130,10,120
118900076,223,216,7
118900077,260,93,167
118900078,8,0,8
118900079,38,81,-43
118900080,23,26,-3
118900081,51,111,-60
118900082,1623,130,1493
118900083,12,1,11
118900084,20,5,15
118900085,374,338,36
118900086,55,94,-39
118900087,127,493,-366
118900088,2,3,-1
118900089,42,19,23
118900090,393,134,259
118900091,65,226,-161
118900092,144,59,85
118900093,77,22,55
118900096,113,180,-67
118900097,254,392,-138
118900099,101,99,2
118900100,50,196,-146
118900101,101,112,-11
118900102,27,102,-75
118900103,6,91,-85
118900104,139,51,88
118900105,186,45,141
118900107,39,18,21
118900108,37,50,-13
118900110,783,792,-9
118900111,623,285,338
118900112,143,206,-63
118900113,201,295,-94
118900114,7,141,-134
118900115,71,259,-188
118900116,75,153,-78
118900117,132,92,40
118900118,374,214,160
118900119,199,101,98
118900120,99,227,-128
118900121,6,58,-52
118900122,8,932,-924
118900123,157,175,-18
118900124,47,122,-75
118900126,10,314,-304
118900129,299,157,142
118900130,31,228,-197
118900131,369,77,292
118900132,255,137,118
118900133,8,149,-141
118900135,209,125,84
118900136,255,217,38
118900137,23,56,-33
118900139,348,88,260
118900140,459,317,142
118900141,146,47,99
118900144,200,204,-4
118900145,25,53,-28
118900146,356,338,18
118900147,57,504,-447
118900148,43,16,27
118900150,436,430,6
118900152,455,415,40
118900157,35,253,-218
118900158,123,28,95
118900159,2,68,-66
118900161,30,10,20
118900163,41,43,-2
118900164,0,30,-30
118900165,64,23,41
118900166,14,0,14
118900167,30,61,-31
118900168,44,201,-157
118900169,94,49,45
118900170,144,35,109
118900171,41,15,26
118900174,75,14,61
118900175,667,346,321
118900176,195,197,-2
118900177,64,8,56
118900178,73,45,28
118900179,37,13,24
118900181,90,31,59
118900182,9,25,-16
118900183,29,84,-55
118900184,177,58,119
118900185,266,31,235
118900186,57,98,-41
118900187,99,377,-278
118900188,234,320,-86
118900189,20,568,-548
118900190,28,81,-53
118900191,425,13,412
118900192,381,3,378
118900193,712,3,709
118900195,157,227,-70
118900196,41,143,-102
118900197,268,51,217
118900198,10,1,9
118900199,72,10,62
118900200,34,8,26
118900201,20,18,2
118900202,1,57,-56
118900203,15,5,10
118900204,27,9,18
118900205,1,2,-1
118900206,0,2,-2
119000001,1266,1981,-715
119000002,3129,3078,51
119000003,3302,595,2707
119000004,2674,1656,1018
119000005,2063,2388,-325
119000006,4752,1630,3122
119000007,3446,3319,127
119000008,1614,1377,237
119000009,2482,5910,-3428
119000010,3492,3721,-229
119000011,1603,2050,-447
119000012,815,2135,-1320
119000013,2752,1512,1240
119000014,1087,1479,-392
119000019,166,120,46
119000020,2382,1595,787
119000021,5604,3716,1888
119000022,866,2983,-2117
119000023,282,236,46
119000024,1408,16962,-15554
119000025,3137,633,2504
119000026,41,339,-298
119000027,108,289,-181
119000028,1309,370,939
119000029,33,198,-165
119000030,510,641,-131
119000031,810,419,391
119000032,1482,1269,213
119000033,1767,861,906
119000034,1190,396,794
119000035,30,156,-126
119000036,2540,374,2166
119000037,1486,604,882
119000038,129,267,-138
119000039,699,259,440
119000040,962,850,112
119000041,513,1193,-680
119000048,1915,1258,657
119000049,3140,1398,1742
119000050,1144,1100,44
119000051,2650,838,1812
119000052,2729,2047,682
119000053,1852,753,1099
119000054,3159,1348,1811
119000055,5426,1970,3456
119000056,3507,1405,2102
119000057,1688,722,966
119000058,1521,995,526
119000059,994,902,92
119000060,1622,696,926
119000061,896,498,398
119000062,824,829,-5
119000063,668,598,70
119000064,707,589,118
119000065,1107,2401,-1294
119000066,1831,1198,633
119000067,1598,1194,404
119000068,1728,751,977
119000069,1823,1216,607
119000070,2711,620,2091
119000071,361,373,-12
119000072,3689,2325,1364
119000073,2892,8658,-5766
119000074,1488,1280,208
119000075,3669,1841,1828
119000076,179,1044,-865
119000077,556,473,83
119000078,481,197,284
119000079,187,489,-302
119000080,804,95,709
119000081,193,250,-57
119000082,785,168,617
119000083,770,540,230
119000084,285,207,78
119000085,447,104,343
119000086,285,871,-586
119000087,572,271,301
119000088,341,152,189
119000089,89,204,-115
119000090,105,54,51
119000091,97,210,-113
119000092,197,107,90
119000093,3613,2074,1539
119000094,4318,4670,-352
119000095,2073,3808,-1735
119000097,1669,716,953
119000098,1427,3839,-2412
119000099,2227,825,1402
119000100,4177,2719,1458
119000101,2672,1400,1272
119000102,434,1716,-1282
119000103,755,549,206
119000104,1051,715,336
119000105,825,2834,-2009
119000106,441,485,-44
119000107,1153,619,534
119000108,622,395,227
119000109,135,524,-389
119000110,241,357,-116
119000111,25,809,-784
119000112,181,127,54
119000113,994,342,652
119000114,1401,832,569
119000115,104,132,-28
119000116,83,111,-28
119000117,102,252,-150
119000118,10,0,10
119000123,2100,3435,-1335
119000124,1199,144,1055
119000125,5184,337,4847
119000126,1833,379,1454
119000127,1030,172,858
119000128,19,0,19
119000131,975,197,778
119000132,0,2,-2
119000133,0,6,-6
119000134,1268,558,710
119000135,233,186,47
119000136,469,101,368
119000137,290,137,153
119000138,805,66,739
119000139,150,48,102
119000140,329,360,-31
119000284,859,1417,-558
119000285,1284,902,382
119000286,2604,2107,497
119000287,1101,1139,-38
119000288,1557,632,925
119000289,965,2557,-1592
119000290,177,166,11
119000291,70,169,-99
119000293,150,167,-17
119000294,30,31,-1
119000295,1285,180,1105
119000296,285,116,169
119000302,1561,908,653
119000303,43,260,-217
119000314,1069,13600,-12531
119000315,0,140,-140
119000316,247,73,174
119000317,103,86,17
119000319,885,90,795
119900001,94,1672,-1578
119900002,158,146,12
119900003,19,463,-444
119900004,109,1785,-1676
119900005,266,38,228
119900006,132,417,-285
119900007,527,153,374
119900008,54,48,6
119900009,402,231,171
119900010,392,501,-109
119900011,20,225,-205
119900012,14,95,-81
119900013,1635,1359,276
119900014,314,159,155
119900015,255,37,218
119900016,72,36,36
119900017,26,43,-17
119900018,806,1197,-391
119900019,41,3,38
119900020,148,94,54
119900021,148,31,117
119900022,75,842,-767
119900023,298,2873,-2575
119900025,301,25,276
119900026,394,135,259
119900027,9,18,-9
119900028,207,123,84
119900029,5,0,5
119900030,381,267,114
119900031,47,707,-660
119900033,1212,255,957
119900034,531,28,503
119900037,202,4,198
119900038,47,333,-286
119900039,45,7,38
119900040,118,37,81
119900041,139,10,129
119900042,134,193,-59
119900043,149,67,82
119900044,160,722,-562
119900046,177,26,151
119900047,322,129,193
119900049,183,2,181
119900050,68,100,-32
119900051,1281,9,1272
119900052,75,12,63
119900053,277,70,207
119900054,444,10,434
119900055,1333,305,1028
119900057,242,10,232
119900058,419,5,414
119900059,102,8,94
119900060,216,10,206
119900061,328,5,323
119900062,75,4,71
119900063,9,73,-64
119900065,251,5,246
119900067,78,8,70
119900068,801,8,793
119900069,128,14,114
119900070,812,3,809
119900071,658,33,625
119900073,797,292,505
119900074,13,23,-10
119900075,1238,1716,-478
119900076,165,21,144
119900077,986,271,715
119900078,802,321,481
119900079,579,66,513
119900080,409,252,157
119900081,889,13,876
119900082,1175,90,1085
119900083,268,70,198
119900084,293,448,-155
119900085,34,20,14
119900086,342,388,-46
119900087,378,804,-426
119900088,18,19,-1
119900089,29,155,-126
119900090,51,20,31
119900091,39,184,-145
119900092,35,132,-97
119900093,1533,133,1400
119900094,18,107,-89
119900095,84,49,35
119900096,20,48,-28
119900097,159,158,1
119900098,36,44,-8
119900099,16,47,-31
119900100,413,2375,-1962
119900101,94,1421,-1327
119900102,48,77,-29
119900103,19,95,-76
119900104,11,40,-29
119900105,407,2126,-1719
119900106,2,39,-37
119900107,163,896,-733
119900108,3224,453,2771
119900109,24,59,-35
119900110,655,287,368
119900111,260,144,116
119900112,442,642,-200
119900113,41,202,-161
119900114,198,456,-258
119900115,291,213,78
119900116,78,276,-198
119900117,334,264,70
119900118,75,171,-96
119900119,320,106,214
119900120,345,246,99
119900121,549,312,237
119900122,90,107,-17
119900123,116,216,-100
119900124,246,227,19
119900125,23,195,-172
119900126,2009,134,1875
119900127,500,378,122
119900128,417,306,111
119900129,276,80,196
119900130,6,142,-136
119900131,27,53,-26
119900132,35,73,-38
119900133,60,44,16
119900134,351,69,282
119900135,0,90,-90
119900136,70,163,-93
119900138,106,173,-67
119900139,14,147,-133
119900140,0,73,-73
119900141,41,684,-643
119900142,0,8,-8
119900143,22,171,-149
119900144,809,112,697
119900145,60,62,-2
119900146,107,99,8
119900147,1,118,-117
119900148,191,16,175
119900149,393,4833,-4440
119900150,91,49,42
119900151,1005,482,523
119900152,105,78,27
119900153,151,32,119
119900154,39,187,-148
119900155,41,13,28
119900156,15,2,13
119900157,175,74,101
119900158,205,37,168
119900159,9,266,-257
119900160,17,55,-38
119900161,111,62,49
119900162,895,540,355
119900163,57,83,-26
119900164,0,0,0
119900165,178,42,136
119900166,47,29,18
119900167,6,21,-15
119900168,1358,230,1128
119900169,9,180,-171
119900170,55,194,-139
119900171,747,228,519
119900172,39,11,28
119900173,8,99,-91
119900174,3,46,-43
119900175,1502,260,1242
119900177,28,91,-63
119900178,11,65,-54
119900179,139,710,-571
119900180,936,559,377
119900181,5,90,-85
119900182,1,89,-88
119900183,93,370,-277
119900184,522,210,312
119900185,25,228,-203
119900186,9,1470,-1461
119900187,0,122,-122
119900188,80,211,-131
119900189,121,209,-88
119900190,71,270,-199
119900191,133,536,-403
119900192,73,75,-2
119900193,375,84,291
119900194,11,50,-39
119900195,5,62,-57
119900196,173,61,112
119900197,342,141,201
119900198,443,190,253
119900199,101,7,94
119900200,577,405,172
119900201,165,75,90
119900202,81,233,-152
119900203,136,467,-331
119900204,310,266,44
119900205,971,228,743
119900206,272,82,190
119900208,183,113,70
119900209,495,1438,-943
119900210,42,10,32
119900211,63,2,61
119900212,813,285,528
119900213,23,71,-48
119900214,60,8,52
119900215,33,10,23
119900216,27,12,15
119900217,19,7,12
119900218,24,49,-25
119900219,18,36,-18
119900220,5,17,-12
119900221,81,78,3
119900222,23,63,-40
119900223,11,13,-2
119900224,16,4,12
119900225,199,18,181
119900226,115,1263,-1148
119900227,188,167,21
119900228,58,156,-98
119900229,118,129,-11
119900230,698,191,507
119900231,320,43,277
119900232,153,74,79
119900233,57,7,50
119900234,8,63,-55
119900235,6,25,-19
119900236,39,161,-122
119900237,28,215,-187
119900238,1,29,-28
119900240,67,31,36
119900241,123,68,55
119900242,922,1157,-235
119900244,434,767,-333
119900245,101,116,-15
119900246,151,470,-319
119900247,7,66,-59
119900248,24,301,-277
119900249,377,67,310
119900253,761,230,531
119900254,33,1021,-988
119900255,78,905,-827
119900256,743,176,567
119900257,133,3,130
119900258,185,4,181
119900259,8,24,-16
119900260,77,3,74
119900261,598,113,485
119900262,0,60,-60
119900263,1363,270,1093
119900264,106,41,65
119900265,433,177,256
119900266,388,106,282
119900267,136,163,-27
119900268,247,66,181
119900269,1148,361,787
119900271,16,36,-20
119900272,156,292,-136
119900275,119,0,119
119900276,187,2,185
119900277,22,3,19
119900278,220,44,176
119900279,67,238,-171
119900280,326,64,262
119900281,1,394,-393
119900282,15,97,-82
119900283,21,59,-38
119900284,33,68,-35
119900285,14,79,-65
119900286,0,12,-12
119900288,2,7,-5
119900289,0,5,-5
119900290,0,7,-7
119900291,0,12,-12
119900292,19,47,-28
119900293,22,26,-4
119900294,25,13,12
119900295,25,6,19
119900296,41,13,28
119900297,1,13,-12
119900298,1,2,-1
119900299,79,74,5
119900300,374,202,172
119900301,38,72,-34
119900302,16,112,-96
119900303,257,276,-19
119900304,169,16,153
119900305,1,57,-56
119900306,5,1,4
119900307,33,34,-1
119900308,11,16,-5
119900309,12,214,-202
119900310,238,225,13
119900311,153,20,133
119900312,195,14,181
119900313,191,169,22
119900314,220,324,-104
119900315,2167,893,1274
119900318,12,53,-41
119900319,0,65,-65
119900320,311,175,136
119900321,108,1,107
120000001,5651,28201,-22550
120000002,2427,2206,221
120000003,1824,1118,706
120000004,2227,1010,1217
120000005,2125,1145,980
120000006,1399,917,482
120000007,2461,4435,-1974
120000008,995,1044,-49
120000009,1486,687,799
120000010,2251,2072,179
120000011,1191,1106,85
120000012,1510,1312,198
120000013,3579,2138,1441
120000014,751,1036,-285
120000015,2558,1291,1267
120000016,4498,1982,2516
120000017,4733,3615,1118
120000018,2715,16806,-14091
120000019,1312,1590,-278
120000020,2278,3429,-1151
120000021,1655,2247,-592
120000022,2380,3658,-1278
120000023,1438,1522,-84
120000024,1216,2180,-964
120000025,3009,1572,1437
120000026,3793,1804,1989
120000027,2597,2092,505
120000028,834,2275,-1441
120000029,649,1374,-725
120000030,684,696,-12
120000031,1690,4157,-2467
120000032,3840,2766,1074
120000033,3791,1329,2462
120000034,3187,971,2216
120000035,3542,1702,1840
120000036,3300,4857,-1557
120000037,647,1848,-1201
120000038,2875,2766,109
120000039,680,992,-312
120000040,176,1113,-937
120000041,407,1049,-642
120000042,1823,1099,724
120000043,4149,741,3408
120000044,6284,1290,4994
120000045,9187,833,8354
120000046,6072,2964,3108
120000047,345,8845,-8500
120000048,7260,4090,3170
120000049,4302,3655,647
120000050,3369,4434,-1065
120000051,2137,3610,-1473
120000052,5783,1332,4451
120000053,1680,1448,232
120000054,1211,2022,-811
120000055,1271,2752,-1481
120000056,3972,3007,965
120000057,3794,1476,2318
120000058,1075,1610,-535
120000059,5,1689,-1684
120000061,113,309,-196
120000062,135,273,-138
120000063,535,1616,-1081
120000064,299,561,-262
120000065,281,695,-414
120000066,171,275,-104
120000067,22,240,-218
120000068,234,298,-64
120000069,658,302,356
120000070,118,287,-169
120000071,796,71,725
120000072,850,381,469
120000073,947,58,889
120000074,56,83,-27
120000075,965,325,640
120000076,2587,280,2307
120000077,2334,580,1754
120000078,2448,963,1485
120000079,718,321,397
120000080,331,272,59
120000081,501,164,337
120000082,510,358,152
120000083,202,959,-757
120000084,365,286,79
120000085,212,238,-26
120000086,225,242,-17
120000087,183,194,-11
120000088,840,624,216
120000089,972,223,749
120000090,824,278,546
120000091,1086,662,424
120000092,1098,437,661
120000093,843,482,361
120000094,359,922,-563
120000095,888,212,676
120000096,407,342,65
120000098,645,294,351
120000099,304,413,-109
120000100,710,475,235
120000101,1002,460,542
120000102,968,989,-21
120000103,1750,1014,736
120000104,2397,420,1977
120000105,3132,485,2647
120000106,3347,545,2802
120000107,6397,547,5850
120000108,2202,91,2111
120000109,1254,81,1173
120000110,42,443,-401
120000111,105,579,-474
120000112,543,1174,-631
120000113,432,1082,-650
120000114,399,1300,-901
120000115,346,1156,-810
120000116,413,988,-575
120000117,445,785,-340
120000118,71,46,25
120000119,25,55,-30
120000120,191,147,44
120000121,36,47,-11
120000122,256,724,-468
120000123,1900,9345,-7445
120000124,554,543,11
120000125,1030,416,614
120000126,380,1578,-1198
120000127,969,2190,-1221
120000128,1900,5275,-3375
120000129,226,254,-28
120000130,1087,538,549
120000131,644,530,114
120000134,230,238,-8
120000135,839,476,363
120000137,224,260,-36
120000138,1730,187,1543
120000139,254,223,31
120000140,1327,184,1143
120000141,421,239,182
120000142,1224,265,959
120000143,0,56,-56
120000144,137,6,131
120000145,763,3,760
120000146,957,1599,-642
120000149,446,675,-229
120000150,1550,11879,-10329
120000151,361,308,53
120000152,817,99,718
120000153,508,393,115
120000154,804,701,103
120000155,288,436,-148
120000156,681,2235,-1554
120000157,824,498,326
120000158,1178,562,616
120000159,2085,1559,526
120000160,2296,1685,611
120000161,3355,2336,1019
120000162,153,360,-207
120000163,822,462,360
120000164,660,147,513
120000165,735,276,459
120000166,1513,294,1219
120000167,288,140,148
120000168,3,572,-569
120000169,51,1964,-1913
120000170,30,2194,-2164
120000171,11,884,-873
120000172,19,597,-578
120000173,290,1861,-1571
120000174,48,68,-20
120000175,39,94,-55
120000176,27,48,-21
120000177,488,94,394
120000178,4,15,-11
120000179,25,27,-2
120000180,46,66,-20
120000181,35,1324,-1289
120000182,57,1004,-947
120000183,1,418,-417
120000184,273,1085,-812
120000186,11,2050,-2039
120000187,41,780,-739
120000188,21,792,-771
120000190,87,84,3
120000191,99,131,-32
120000192,88,30,58
120000193,33,3,30
120000195,9,1,8
120000196,39,7,32
120000197,15,16,-1
120000198,295,22,273
120000199,239,1,238
120000200,432,0,432
120000201,55,69,-14
120000202,3,32,-29
120000203,161,100,61
120000207,0,31,-31
120000208,31,44,-13
120000209,9,17,-8
120000210,55,26,29
120000211,271,3,268
120000212,327,1,326
120000213,162,84,78
120000214,0,87,-87
120000215,4,72,-68
120000216,223,22,201
120000217,258,709,-451
120000218,48,452,-404
120000219,1,286,-285
120000220,5,679,-674
120000225,2570,3,2567
120000226,608,5,603
120000227,1180,59,1121
120000228,9521,4444,5077
120000230,493,11,482
120000231,1929,580,1349
120000233,443,25,418
120000235,328,348,-20
120000236,1245,1,1244
120000237,0,541,-541
120000238,1,742,-741
120000241,1166,4066,-2900
120000412,145,1,144
120000413,480,76,404
120000414,254,1,253
120000415,2,35,-33
120000416,70,1,69
120000417,3,107,-104
120000418,235,8,227
120000419,3,46,-43
120000420,255,66,189
120000421,6030,3361,2669
120000422,104,2956,-2852
120000423,0,119,-119
120000424,290,66,224
120000436,124,1242,-1118
120000437,39,94,-55
120000438,1476,223,1253
120000439,239,574,-335
120000443,211,1,210
120000444,1874,292,1582
120000445,2535,1016,1519
120000446,2011,537,1474
120000447,286,1,285
120000449,258,3,255
120000450,1,65,-64
120000451,176,180,-4
120000452,300,0,300
120000453,0,48,-48
120000454,122,156,-34
120000455,103,28,75
120000456,1933,4592,-2659
120000457,371,268,103
120000458,368,275,93
120000459,106,69,37
120000665,170,305,-135
120000668,99,1717,-1618
120000669,235,156,79
120000670,63,962,-899
120000671,2412,784,1628
120000672,37,331,-294
120900001,62,75,-13
120900002,64,566,-502
120900003,187,5,182
120900004,34,158,-124
120900005,21,515,-494
120900006,800,241,559
120900007,184,43,141
120900008,402,281,121
120900009,262,12,250
120900010,818,175,643
120900011,52,255,-203
120900012,18,1284,-1266
120900013,389,103,286
120900014,1,221,-220
120900015,1129,156,973
120900016,1987,32,1955
120900017,1252,19,1233
120900018,136,81,55
120900019,539,387,152
120900020,503,796,-293
120900021,618,151,467
120900022,19,262,-243
120900023,401,26,375
120900024,1327,453,874
120900025,955,1012,-57
120900026,120,82,38
120900027,533,29,504
120900028,689,139,550
120900029,34,987,-953
120900030,2920,621,2299
120900031,438,131,307
120900032,1638,48,1590
120900033,1422,147,1275
120900034,18,4051,-4033
120900035,22,40,-18
120900037,355,10,345
120900038,132,457,-325
120900039,231,42,189
120900040,421,1,420
120900041,33,12,21
120900042,689,35,654
120900043,133,38,95
120900044,3,431,-428
120900045,70,38,32
120900046,880,1,879
120900047,267,145,122
120900048,217,17,200
120900049,590,1,589
120900050,977,2301,-1324
120900051,342,82,260
120900052,962,3,959
120900053,516,19,497
120900054,511,222,289
120900055,822,13,809
120900056,1130,40,1090
120900057,396,9,387
120900058,771,0,771
120900059,163,7,156
120900060,58,22,36
120900061,189,96,93
120900062,485,7,478
120900063,1536,8,1528
120900064,930,1,929
120900065,839,0,839
120900066,362,55,307
120900067,218,64,154
120900068,397,1,396
120900069,746,6,740
120900071,17,0,17
120900072,1542,3,1539
120900073,957,12,945
120900074,686,27,659
120900076,470,0,470
120900077,909,82,827
120900078,867,368,499
120900079,894,32,862
120900080,1394,364,1030
120900081,1906,180,1726
120900082,232,399,-167
120900083,87,4,83
120900084,689,556,133
120900085,76,95,-19
120900086,51,663,-612
120900087,377,292,85
120900088,149,631,-482
120900089,1218,4227,-3009
120900090,217,14,203
120900091,397,946,-549
120900092,292,255,37
120900093,844,85,759
120900094,226,140,86
120900095,159,17,142
120900096,54,115,-61
120900097,539,329,210
120900098,64,112,-48
120900099,106,72,34
120900100,24,110,-86
120900101,97,94,3
120900102,76,31,45
120900103,65,168,-103
120900104,11,51,-40
120900105,41,228,-187
120900106,440,195,245
120900107,112,66,46
120900108,27,230,-203
120900109,21,177,-156
120900110,91,193,-102
120900111,138,171,-33
120900112,10,251,-241
120900113,13,210,-197
120900114,35,110,-75
120900115,120,269,-149
120900116,485,116,369
120900117,7,82,-75
120900118,32,220,-188
120900119,7820,1782,6038
120900120,49,312,-263
120900121,40,280,-240
120900122,837,119,718
120900123,5,97,-92
120900124,0,166,-166
120900125,1,280,-279
120900126,391,460,-69
120900127,20,122,-102
120900128,357,687,-330
120900129,22,126,-104
120900130,2,124,-122
120900131,176,83,93
120900132,1297,94,1203
120900133,33,259,-226
120900134,138,200,-62
120900135,21,240,-219
120900136,39,69,-30
120900137,397,65,332
120900138,21,94,-73
120900139,3,168,-165
120900140,2,67,-65
120900141,174,129,45
120900142,2,107,-105
120900143,1,163,-162
120900144,0,37,-37
120900145,289,544,-255
120900146,8,179,-171
120900147,162,434,-272
120900148,164,67,97
120900149,0,92,-92
120900150,41,136,-95
120900151,117,134,-17
120900152,352,6,346
120900153,0,0,0
120900154,2,70,-68
120900155,254,272,-18
120900156,488,148,340
120900157,0,0,0
120900158,47,167,-120
120900159,1,25,-24
120900160,26,287,-261
120900161,63,201,-138
120900162,81,388,-307
120900163,174,951,-777
120900164,0,77,-77
120900165,0,290,-290
120900166,36,736,-700
120900167,128,52,76
120900169,115,118,-3
120900170,253,4428,-4175
120900171,227,136,91
120900172,368,2501,-2133
120900173,5,39,-34
120900174,4,60,-56
120900175,89,64,25
120900176,14,299,-285
120900177,0,1826,-1826
120900178,0,434,-434
120900179,192,245,-53
120900180,56,152,-96
120900181,20,25,-5
120900182,47,76,-29
120900183,701,147,554
120900184,212,44,168
120900185,1053,1628,-575
120900186,0,99,-99
120900187,469,774,-305
120900188,256,8,248
120900189,92,4014,-3922
120900190,247,0,247
120900191,36,5,31
120900192,4104,14561,-10457
120900194,68,58,10
120900195,113,116,-3
120900196,320,59,261
120900197,773,136,637
120900198,157,205,-48
120900199,395,353,42
120900200,14,95,-81
120900201,157,90,67
120900202,1,54,-53
120900203,26,40,-14
120900204,74,119,-45
120900205,56,11,45
120900206,102,30,72
120900207,45,482,-437
121000001,471,2637,-2166
121000002,2181,1948,233
121000003,4729,1918,2811
121000004,2183,2808,-625
121000005,1901,2639,-738
121000006,2776,2765,11
121000007,2050,6318,-4268
121000008,3422,5290,-1868
121000009,4038,7266,-3228
121000010,5715,5804,-89
121000011,5625,9375,-3750
121000012,10353,5657,4696
121000013,5820,6968,-1148
121000014,5286,4993,293
121000015,4912,8671,-3759
121000016,3944,4374,-430
121000017,1576,1575,1
121000018,2174,1664,510
121000019,6756,6029,727
121000020,9131,13506,-4375
121000021,1362,1234,128
121000022,2106,2603,-497
121000023,2097,912,1185
121000024,4258,4080,178
121000025,350,1375,-1025
121000026,311,192,119
121000027,2029,1476,553
121000028,621,1002,-381
121000029,770,535,235
121000030,642,392,250
121000031,431,953,-522
121000032,144,126,18
121000034,337,524,-187
121000035,245,245,0
121000036,813,1013,-200
121000037,362,1522,-1160
121000038,334,878,-544
121000039,192,292,-100
121000041,431,356,75
121000042,157,271,-114
121000043,545,708,-163
121000044,1343,1187,156
121000045,358,220,138
121000046,675,866,-191
121000047,378,179,199
121000049,865,668,197
121000050,296,2056,-1760
121000051,567,379,188
121000052,404,1180,-776
121000053,309,130,179
121000054,53,436,-383
121000055,721,3151,-2430
121000056,759,1304,-545
121000057,163,649,-486
121000058,141,223,-82
121000059,2997,1382,1615
121000060,531,1119,-588
121000061,76,383,-307
121000062,133,822,-689
121000063,756,1296,-540
121000064,568,912,-344
121000065,178,1046,-868
121000066,665,1505,-840
121000067,309,713,-404
121000068,433,602,-169
121000069,106,1103,-997
121000070,1120,1562,-442
121000071,1463,2165,-702
121000072,1438,1157,281
121000073,1058,2018,-960
121000074,110,341,-231
121000075,5,94,-89
121000076,309,350,-41
121000077,118,151,-33
121000078,90,245,-155
121000080,1991,627,1364
121000081,3313,3466,-153
121000082,123,454,-331
121000083,92,209,-117
121000084,252,236,16
121000085,421,454,-33
121000086,857,496,361
121000087,64,165,-101
121000088,534,671,-137
121000089,118,415,-297
121000090,138,431,-293
121000091,1180,781,399
121000092,196,74,122
121000093,187,244,-57
121000094,261,745,-484
121000095,88,1108,-1020
121000096,6071,2350,3721
121000097,430,2190,-1760
121000098,595,506,89
121000099,671,541,130
121000100,816,185,631
121000101,356,205,151
121000102,253,135,118
121000103,195,127,68
121000104,199,51,148
121000105,358,72,286
121000106,244,168,76
121000107,1377,2496,-1119
121000109,1011,800,211
121000110,119,683,-564
121000114,4991,2299,2692
121000115,3700,881,2819
121000116,374,1373,-999
121000117,186,347,-161
121000118,1457,298,1159
121000119,298,223,75
121000120,329,327,2
121000121,298,1612,-1314
121000123,657,453,204
121000127,162,102,60
121000128,998,170,828
121000129,915,252,663
121000130,609,674,-65
121000131,868,810,58
121000132,707,1559,-852
121000135,163,253,-90
121000136,775,1319,-544
121000137,734,248,486
121000138,505,1554,-1049
121000139,238,502,-264
121000141,252,195,57
121000142,433,906,-473
121000143,134,18,116
121000144,365,804,-439
121000145,583,802,-219
121000146,1024,1851,-827
121000147,848,516,332
121000148,887,1123,-236
121000149,1932,2284,-352
121000152,299,303,-4
121000153,1368,454,914
121000154,1669,451,1218
121000155,2626,1154,1472
121000156,361,1043,-682
121000157,914,1212,-298
121000158,240,277,-37
121000159,238,304,-66
121000160,268,578,-310
121000161,254,311,-57
121000162,152,80,72
121000165,1142,2042,-900
121000166,29,458,-429
121000168,244,195,49
121000169,74,148,-74
121000170,262,86,176
121000171,72,206,-134
121000172,1124,1047,77
121000173,1944,1293,651
121000174,685,776,-91
121000175,2029,709,1320
121000176,482,407,75
121000177,728,646,82
121000178,50,98,-48
121000179,46,70,-24
121000181,434,409,25
121000182,105,379,-274
121000183,78,83,-5
121000184,28,139,-111
121000185,8,482,-474
121000186,288,832,-544
121000187,216,116,100
121000188,347,74,273
121000192,606,414,192
121000193,683,358,325
121000194,1840,1851,-11
121000195,253,1395,-1142
121000196,633,590,43
121000197,110,1480,-1370
121000198,151,234,-83
121000199,106,213,-107
121000200,544,149,395
121000201,9,187,-178
121000202,483,112,371
121000203,485,1402,-917
121000204,2839,573,2266
121000205,76,241,-165
121000206,92,74,18
121000207,2074,602,1472
121000208,1,238,-237
121000209,671,84,587
121000210,786,250,536
121000211,349,155,194
121000212,372,625,-253
121000213,17801,3254,14547
121000214,1156,1812,-656
121000215,784,3098,-2314
121000216,527,509,18
121000217,3670,3184,486
121000218,356,2665,-2309
121000219,1562,850,712
121000220,165,77,88
121000221,191,461,-270
121000222,3485,3141,344
121000223,236,1002,-766
121000224,163,595,-432
121000225,480,3933,-3453
121000226,899,1612,-713
121000227,34,165,-131
121000228,41,815,-774
121000229,348,443,-95
121000230,59,2739,-2680
121000231,1559,26,1533
121000232,542,341,201
121000233,598,348,250
121000234,21,49,-28
121000235,19,56,-37
121000236,5,103,-98
121000237,15,11,4
121000238,17,61,-44
121000239,64,1,63
121000240,3,88,-85
121000241,69,23,46
121000242,33,505,-472
121000243,125,31,94
121000244,3,58,-55
121000245,26,9,17
121000246,1,85,-84
121000247,100,7,93
121000248,261,1028,-767
121000249,33,239,-206
121000250,457,347,110
121000251,12,189,-177
121000252,99,74,25
121000253,324,420,-96
121000254,808,159,649
121000255,98,331,-233
121000256,237,217,20
121000257,20,113,-93
121000258,80,176,-96
121000259,24,93,-69
121000260,71,102,-31
121000261,46,137,-91
121000262,2812,242,2570
121000263,527,535,-8
121000271,1451,1925,-474
121000273,29,20,9
121000274,13,125,-112
121000275,1,16,-15
121000276,4,52,-48
121000278,45,27,18
121000279,19,50,-31
121000280,22,32,-10
121000289,423,20,403
121000290,1727,1568,159
121000294,201,37,164
121000297,330,1143,-813
121000299,88,1910,-1822
121000300,2075,842,1233
121000302,5,551,-546
121000303,515,134,381
121000304,475,68,407
121000305,273,79,194
121000306,230,208,22
121000308,72,275,-203
121000309,239,439,-200
121000310,96,256,-160
121000311,29,375,-346
121000312,488,380,108
121000313,363,252,111
121000314,25,49,-24
121000315,16,26,-10
121000530,1654,1980,-326
121000531,2047,1638,409
121000532,5096,6256,-1160
121000533,2833,3899,-1066
121000918,19,38,-19
121000919,19,80,-61
121000938,86,105,-19
121000939,27,211,-184
121000956,1539,1740,-201
121000957,0,21,-21
121000958,13,78,-65
121000959,1088,346,742
121000960,1177,1414,-237
121000961,322,44,278
121000962,536,395,141
121000973,0,179,-179
121000976,7,77,-70
121000979,315,78,237
121000981,358,71,287
121000982,448,204,244
121000983,471,180,291
121000984,6,51,-45
121000985,945,339,606
121000986,350,143,207
121000987,230,487,-257
121000988,985,136,849
121001302,210,155,55
121001308,0,13,-13
121001309,17,282,-265
121001313,127,70,57
121001314,1329,1370,-41
121001315,5459,4341,1118
121001326,711,435,276
121900001,123,338,-215
121900002,14,50,-36
121900003,495,2,493
121900004,65,465,-400
121900005,20,7,13
121900006,113,16,97
121900007,1685,1379,306
121900008,42,151,-109
121900009,1056,16,1040
121900010,253,1,252
121900011,161,121,40
121900012,9,0,9
121900013,258,56,202
121900014,2513,370,2143
121900015,114,125,-11
121900016,4,28,-24
121900017,709,991,-282
121900018,610,3,607
121900019,653,141,512
121900020,81,1,80
121900021,881,17,864
121900022,200,302,-102
121900023,138,272,-134
121900024,420,25,395
121900025,473,498,-25
121900026,288,82,206
121900027,368,155,213
121900028,184,11,173
121900029,59,202,-143
121900030,281,532,-251
121900031,1246,6062,-4816
121900032,124,16,108
121900033,215,363,-148
121900034,185,197,-12
121900035,5570,3166,2404
121900036,138,351,-213
121900037,130,1312,-1182
121900038,19,62,-43
121900039,292,32,260
121900040,29,56,-27
121900041,58,297,-239
121900042,333,195,138
121900043,1,3,-2
121900044,26,10,16
121900046,130,191,-61
121900047,242,95,147
121900048,32,30,2
121900050,24,43,-19
121900051,95,258,-163
121900052,111,53,58
121900053,498,252,246
121900054,344,2054,-1710
121900055,0,11,-11
121900058,391,574,-183
121900059,334,127,207
121900060,72,589,-517
121900062,58,65,-7
121900063,1325,449,876
121900064,260,701,-441
121900066,68,19,49
121900067,57,14,43
121900069,162,135,27
121900070,125,171,-46
121900071,696,290,406
121900072,81,155,-74
121900073,163,454,-291
121900074,236,469,-233
121900075,270,959,-689
121900076,307,1310,-1003
121900078,104,21,83
121900079,0,0,0
121900080,651,189,462
121900082,44,165,-121
121900084,8,5,3
121900086,25,44,-19
121900087,70,229,-159
121900088,1048,1672,-624
121900089,272,139,133
121900090,3,8,-5
121900091,75,14,61
121900092,106,97,9
121900093,76,65,11
121900094,31,9,22
121900095,280,88,192
121900096,690,638,52
121900097,589,109,480
121900098,3,0,3
121900099,246,31,215
121900100,47,289,-242
121900101,88,104,-16
121900102,1,68,-67
121900103,294,308,-14
121900104,1561,442,1119
121900105,223,126,97
121900106,2,7,-5
121900107,46,12,34
121900108,0,10,-10
121900109,171,197,-26
121900110,648,413,235
121900111,593,274,319
121900112,77,242,-165
121900113,61,340,-279
121900114,38,66,-28
121900117,99,125,-26
121900118,2925,705,2220
121900119,118,65,53
121900120,28,685,-657
121900121,462,36,426
121900122,29,44,-15
121900123,190,342,-152
121900124,246,182,64
121900125,2879,1217,1662
121900127,9,96,-87
121900128,73,54,19
121900129,165,156,9
121900130,102,253,-151
121900131,284,146,138
121900132,33,95,-62
121900133,14,749,-735
121900134,7,561,-554
121900135,5237,496,4741
121900136,386,208,178
121900137,25,234,-209
121900138,31,164,-133
121900139,294,4523,-4229
121900140,35,70,-35
121900141,70,14,56
121900142,83,47,36
121900143,23,92,-69
121900144,101,1021,-920
121900145,195,162,33
121900146,375,637,-262
121900147,57,398,-341
121900148,269,456,-187
121900149,234,481,-247
121900150,39,149,-110
121900151,42,539,-497
121900152,135,64,71
121900153,27,179,-152
121900154,10,534,-524
121900155,0,140,-140
121900156,68,211,-143
121900157,3,366,-363
121900158,82,106,-24
121900159,1,175,-174
121900160,0,409,-409
121900161,133,713,-580
121900162,75,146,-71
121900163,409,206,203
121900164,182,438,-256
121900165,99,243,-144
121900166,86,205,-119
121900167,54,73,-19
121900168,90,164,-74
121900169,11,267,-256
121900170,11,117,-106
121900171,797,876,-79
121900172,511,317,194
121900173,568,371,197
121900174,61,27,34
121900175,50,430,-380
121900176,421,2229,-1808
121900177,162,84,78
121900178,49,91,-42
121900179,491,381,110
121900180,1717,5072,-3355
121900182,574,964,-390
121900183,422,1641,-1219
121900184,40,1749,-1709
121900186,5,717,-712
121900187,27,79,-52
121900188,669,254,415
121900189,55,34,21
121900190,240,488,-248
121900191,111,780,-669
121900192,134,3037,-2903
121900193,31,418,-387
121900194,14,317,-303
121900195,6,41,-35
121900196,958,1041,-83
121900197,319,1059,-740
121900198,3967,2701,1266
121900199,1,27,-26
121900200,93,211,-118
121900201,640,525,115
121900202,148,763,-615
121900203,50,1546,-1496
121900204,1504,1243,261
121900205,5,186,-181
121900206,10,52,-42
121900207,33,49,-16
121900208,81,750,-669
121900209,33,42,-9
121900210,2827,1804,1023
121900211,979,467,512
121900212,81,134,-53
121900213,329,25,304
121900214,2,386,-384
121900215,51,123,-72
121900216,9,202,-193
121900217,159,187,-28
121900218,111,1348,-1237
121900220,108,9,99
121900221,565,454,111
121900222,284,110,174
121900223,104,148,-44
121900224,64,96,-32
121900225,136,210,-74
121900226,150,28,122
121900227,302,1795,-1493
121900228,146,122,24
121900230,58,329,-271
121900231,25,1034,-1009
121900232,84,497,-413
121900233,299,207,92
121900234,198,227,-29
121900235,497,140,357
121900236,343,155,188
121900237,202,949,-747
121900238,190,340,-150
121900239,122,52,70
121900240,123,119,4
121900241,47,40,7
121900242,7,0,7
121900243,9,0,9
121900244,1,2,-1
121900245,291,56,235
121900246,8596,650,7946
121900248,1693,777,916
121900250,106,636,-530
121900251,658,30,628
121900252,248,138,110
121900253,83,1409,-1326
121900254,285,534,-249
121900255,574,149,425
121900258,4952,1256,3696
121900259,140,502,-362
121900260,76,60,16
121900261,112,745,-633
121900262,916,1384,-468
121900263,213,143,70
121900264,646,695,-49
121900265,363,113,250
121900266,557,80,477
121900267,80,23,57
121900269,156,652,-496
121900270,46,189,-143
121900271,29,173,-144
121900273,348,1581,-1233
121900274,384,166,218
121900277,257,956,-699
121900278,77,1383,-1306
121900279,152,219,-67
121900280,96,535,-439
121900281,96,404,-308
121900284,17,1,16
121900286,124,82,42
121900287,9,30,-21
121900288,4,16,-12
121900290,117,1980,-1863
121900291,348,1267,-919
121900292,101,168,-67
121900293,641,6286,-5645
121900294,317,6,311
121900295,143,57,86
121900296,68,218,-150
121900298,90,1115,-1025
121900299,0,1,-1
121900300,33,8,25
121900301,50,1,49
121900302,0,62,-62
121900303,136,939,-803
121900304,2,22,-20
121900305,11,10,1
121900306,251,0,251
121900307,175,3,172
121900308,14,101,-87
121900309,3,70,-67
121900310,19,129,-110
121900311,547,5,542
121900312,414,30,384
121900313,420,21,399
121900314,2,2,0
121900315,13,1,12
121900316,0,0,0
121900317,32,3,29
121900318,2,2,0
121900319,44,202,-158
121900320,37,22,15
121900321,16,4,12
121900322,3,3,0
121900323,65,31,34
121900324,0,28,-28
121900325,19,17,2
121900326,6,2,4
121900327,1,31,-30
121900328,1,31,-30
121900329,6,61,-55
121900330,1,107,-106
121900331,4,13,-9
121900332,44,14,30
121900333,97,0,97
121900334,82,40,42
122000001,950,5513,-4563
122000002,1708,1115,593
122000003,979,2707,-1728
122000004,977,1098,-121
122000005,6498,2897,3601
122000006,698,1827,-1129
122000007,533,2074,-1541
122000008,887,3821,-2934
122000009,797,660,137
122000010,3287,3619,-332
122000011,7817,3356,4461
122000012,631,6027,-5396
122000013,500,2639,-2139
122000014,7186,2128,5058
122000015,956,980,-24
122000016,394,606,-212
122000017,1153,1410,-257
122000018,2628,2430,198
122000019,907,2483,-1576
122000020,162,548,-386
122000021,144,391,-247
122000022,1413,2219,-806
122000023,1250,2075,-825
122000024,553,3693,-3140
122000025,618,4198,-3580
122000026,347,1702,-1355
122000027,678,900,-222
122000028,1823,764,1059
122000029,178,1195,-1017
122000030,168,254,-86
122000031,178,453,-275
122000032,9185,4327,4858
122000033,399,6441,-6042
122000034,215,1183,-968
122000035,149,593,-444
122000036,426,623,-197
122000037,1290,303,987
122000038,206,564,-358
122000039,633,1234,-601
122000040,178,280,-102
122000041,1085,1119,-34
122000042,366,1128,-762
122000043,72,224,-152
122000044,85,132,-47
122000045,3178,1455,1723
122000046,883,1831,-948
122000047,88,287,-199
122000048,1742,3293,-1551
122000049,7462,3883,3579
122000050,572,1251,-679
122000051,153,548,-395
122000052,365,565,-200
122000053,235,1225,-990
122000054,1185,2869,-1684
122000055,1406,4679,-3273
122000056,2783,2900,-117
122000057,5352,4570,782
122000058,683,2769,-2086
122000059,752,5610,-4858
122000060,187,1489,-1302
122000061,154,1063,-909
122000062,415,266,149
122000063,325,2159,-1834
122000064,2554,9078,-6524
122000065,1672,4173,-2501
122000066,182,1141,-959
122000067,943,2112,-1169
122000068,2487,1007,1480
122000069,1666,1718,-52
122000070,1032,1541,-509
122000071,4855,1383,3472
122000072,1660,1191,469
122000073,197,2534,-2337
122000074,2015,1627,388
122000075,1164,958,206
122000076,13145,2838,10307
122000077,568,3405,-2837
122000078,450,6938,-6488
122000079,273,3791,-3518
122000080,381,1044,-663
122000081,72,213,-141
122000082,219,1807,-1588
122000083,5601,796,4805
122000084,5484,1553,3931
122000085,206,1043,-837
122000086,2578,7081,-4503
122000087,231,268,-37
122000088,78,238,-160
122000089,7607,2597,5010
122000090,324,1412,-1088
122000091,82,734,-652
122000092,44,108,-64
122000093,1644,4466,-2822
122000094,7122,2975,4147
122000095,495,4304,-3809
122000096,303,2497,-2194
122000098,4073,4172,-99
122000099,560,2056,-1496
122000100,533,895,-362
122000101,237,456,-219
122000102,3516,1102,2414
122000103,1139,1789,-650
122000104,2540,163,2377
122000105,425,664,-239
122000106,424,2631,-2207
122000107,1165,513,652
122000108,566,821,-255
122000109,523,290,233
122000110,740,722,18
122000111,4423,1464,2959
122000112,2253,1549,704
122000113,885,1109,-224
122000114,1418,3700,-2282
122000115,1903,1340,563
122000116,285,562,-277
122000117,1342,321,1021
122000118,572,441,131
122000119,2094,1254,840
122000120,566,2115,-1549
122000121,482,1584,-1102
122000122,236,622,-386
122000123,899,1275,-376
122000124,528,540,-12
122000125,330,477,-147
122000126,215,438,-223
122000127,298,492,-194
122000128,188,331,-143
122000129,306,1619,-1313
122000130,1998,972,1026
122000131,960,791,169
122000132,174,322,-148
122000133,647,748,-101
122000134,746,497,249
122000135,331,173,158
122000136,653,393,260
122000137,1862,828,1034
122000139,769,3026,-2257
122000140,303,1254,-951
122000141,4572,2493,2079
122000142,114,2833,-2719
122000143,179,427,-248
122000144,1117,842,275
122000145,738,1276,-538
122000146,650,3053,-2403
122000147,547,953,-406
122000148,433,1308,-875
122000149,1462,1023,439
122000150,1149,949,200
122000151,135,274,-139
122000152,320,299,21
122000153,337,558,-221
122000154,220,226,-6
122000155,1457,2391,-934
122000156,9295,4826,4469
122000157,602,9145,-8543
122000158,206,883,-677
122000159,512,1005,-493
122000160,1386,1206,180
122000161,904,869,35
122000162,931,1493,-562
122000163,351,162,189
122000164,68,288,-220
122000165,1093,1846,-753
122000166,823,2762,-1939
122000167,261,498,-237
122000168,134,1107,-973
122000169,371,254,117
122000170,279,373,-94
122000171,25,69,-44
122000172,2222,1414,808
122000173,1551,2813,-1262
122000174,1222,1939,-717
122000175,714,380,334
122000176,260,1435,-1175
122000177,803,1800,-997
122000178,7084,3688,3396
122000179,3611,4206,-595
122000180,561,976,-415
122000181,721,1729,-1008
122000182,1849,865,984
122000183,2963,1217,1746
122000184,2934,3508,-574
122000185,968,3947,-2979
122000186,794,2770,-1976
122000187,1369,2083,-714
122000188,314,307,7
122000189,220,399,-179
122000190,739,2433,-1694
122000191,678,793,-115
122000192,1090,557,533
122000193,294,883,-589
122000194,341,259,82
122000195,87,1072,-985
122000196,737,351,386
122000197,371,602,-231
122000198,392,2846,-2454
122000199,280,483,-203
122000200,984,890,94
122000201,1012,3374,-2362
122000202,854,2857,-2003
122000203,2116,1242,874
122000204,744,1147,-403
122000205,525,756,-231
122000206,6347,1203,5144
122000207,1491,2039,-548
122000208,1748,2784,-1036
122000209,2190,788,1402
122000210,1603,3841,-2238
122000211,787,1791,-1004
122000212,569,488,81
122000213,815,1412,-597
122000214,1511,1407,104
122000215,2334,1767,567
122000217,1504,3178,-1674
122000218,726,110,616
122000219,1151,924,227
122000220,207,625,-418
122000221,106,254,-148
122000222,446,155,291
122000223,610,652,-42
122000225,442,510,-68
122000226,1003,1477,-474
122000227,112,1334,-1222
122000228,199,204,-5
122000229,50,396,-346
122000230,43,360,-317
122000231,325,645,-320
122000232,377,559,-182
122000233,0,56,-56
122000234,489,62,427
122000235,772,72,700
122000236,1039,33,1006
122000237,76,93,-17
122000238,226,329,-103
122000239,715,146,569
122000240,1255,551,704
122000241,1621,330,1291
122000242,536,113,423
122000243,425,39,386
122000244,80,190,-110
122000245,127,67,60
122000246,366,169,197
122000247,712,271,441
122000248,847,670,177
122000249,1608,862,746
122000250,1699,1104,595
122000251,58,307,-249
122000252,118,99,19
122000253,40,126,-86
122000254,229,55,174
122000255,401,536,-135
122000256,226,300,-74
122000257,167,108,59
122000258,199,235,-36
122000259,17,249,-232
122000260,257,454,-197
122000261,23,277,-254
122000262,0,33,-33
122000263,184,247,-63
122000264,1180,416,764
122000265,2550,1143,1407
122000266,3794,679,3115
122000267,183,129,54
122000268,145,409,-264
122000269,721,440,281
122000270,445,225,220
122000271,240,2353,-2113
122000272,383,1441,-1058
122000273,348,660,-312
122000274,207,183,24
122000275,226,201,25
122000276,822,396,426
122000277,935,1370,-435
122000278,1724,390,1334
122000279,157,216,-59
122000280,514,327,187
122000281,484,405,79
122000282,184,422,-238
122000283,133,207,-74
122000284,133,68,65
122000285,259,55,204
122000286,36,145,-109
122000287,1312,1173,139
122000288,462,235,227
122000291,2800,736,2064
122000293,188,100,88
122000294,111,351,-240
122000295,1047,141,906
122000296,17,784,-767
122000297,1522,3421,-1899
122000299,501,379,122
122000300,337,284,53
122000301,7080,3050,4030
122000302,377,2292,-1915
122000303,1630,738,892
122000304,42,217,-175
122000305,1367,622,745
122000306,64,309,-245
122000307,133,118,15
122000309,52,34,18
122000310,24,61,-37
122000311,58,82,-24
122000312,80,413,-333
122000313,69,93,-24
122000314,120,417,-297
122000315,242,34,208
122000316,1126,293,833
122000317,2079,263,1816
122000318,197,579,-382
122000319,84,394,-310
122000320,276,837,-561
122000321,49,142,-93
122000322,1762,2355,-593
122000323,592,4635,-4043
122000324,2127,2827,-700
122000325,696,6087,-5391
122000326,107,73,34
122000327,309,1074,-765
122000328,400,430,-30
122000330,2350,2088,262
122000333,15,41,-26
122000337,760,452,308
122000338,427,154,273
122000340,153,4268,-4115
122000342,1536,590,946
122000343,526,431,95
122000344,54,5,49
122000345,225,28,197
122000346,181,150,31
122000348,582,566,16
122000349,58,336,-278
122000351,221,286,-65
122000352,164,224,-60
122000353,161,100,61
122000355,93,220,-127
122000356,329,1785,-1456
122000357,50,6,44
122000358,2,18,-16
122000359,0,18,-18
122000360,0,25,-25
122000362,3,29,-26
122000364,218,142,76
122000365,2,16,-14
122000366,11,5,6
122000368,381,852,-471
122000370,22,7,15
122000371,11,0,11
122000372,9,1,8
122000381,135,338,-203
122000382,93,205,-112
122000384,1343,1328,15
122000385,35,0,35
122000386,118,1922,-1804
122000387,366,1471,-1105
122000388,807,1313,-506
122000389,228,2120,-1892
122000390,287,440,-153
122000391,145,1307,-1162
122000392,177,178,-1
122000393,336,249,87
122000394,565,136,429
122000395,54,108,-54
122000396,268,72,196
122000397,33,30,3
122000398,8,57,-49
122000399,134,79,55
122000400,34,1580,-1546
122000401,159,62,97
122000402,419,172,247
122000403,363,339,24
122000404,198,118,80
122000408,477,745,-268
122000503,6,60,-54
122000524,115,445,-330
122000544,49,2459,-2410
122000614,412,429,-17
122000616,141,0,141
122000640,93,68,25
122000641,170,131,39
122000642,1174,471,703
122000643,28,156,-128
122000644,75,38,37
122000645,31,131,-100
122000651,396,3724,-3328
122000664,142,48,94
122000665,1222,546,676
122000666,500,992,-492
122000673,38,167,-129
122000674,333,89,244
122000675,1731,555,1176
122000686,477,2325,-1848
122000687,1630,398,1232
122000688,214,354,-140
122000689,962,100,862
122000690,2892,160,2732
122000691,900,567,333
122000692,954,193,761
122000693,252,738,-486
122000695,380,218,162
122000696,622,90,532
122000698,298,177,121
122000699,255,41,214
122000701,1941,176,1765
122000702,318,1219,-901
122000703,195,56,139
122000717,50,70,-20
122000718,436,2623,-2187
122000719,110,83,27
122000720,847,67,780
122000724,211,282,-71
122900001,30,12,18
122900002,496,6351,-5855
122900003,347,33,314
122900004,1360,40,1320
122900005,61,75,-14
122900006,233,582,-349
122900007,43,93,-50
122900008,116,115,1
122900009,1102,327,775
122900010,257,109,148
122900012,150,341,-191
122900014,99,127,-28
122900015,586,848,-262
122900016,128,145,-17
122900017,208,1341,-1133
122900018,158,9,149
122900020,113,319,-206
122900021,41,195,-154
122900022,1129,672,457
122900023,398,95,303
122900024,85,84,1
122900025,8,339,-331
122900026,19,143,-124
122900027,32,478,-446
122900028,67,80,-13
122900029,7325,1987,5338
122900030,2312,383,1929
122900031,76,444,-368
122900032,532,256,276
122900033,158,210,-52
122900034,3331,3591,-260
122900035,5,5,0
122900036,40,37,3
122900037,417,148,269
122900038,77,2797,-2720
122900039,63,377,-314
122900040,180,1556,-1376
122900041,149,325,-176
122900042,133,301,-168
122900043,260,197,63
122900044,121,246,-125
122900045,165,326,-161
122900046,96,311,-215
122900047,125,209,-84
122900048,13,203,-190
122900049,3331,153,3178
122900051,51,627,-576
122900052,157,71,86
122900053,51,22,29
122900055,212,45,167
122900057,280,42,238
122900061,370,57,313
122900062,445,594,-149
122900063,215,153,62
122900064,486,395,91
122900065,485,185,300
122900066,649,196,453
122900067,655,272,383
122900069,415,1308,-893
122900070,304,37,267
122900071,122,230,-108
122900073,11,68,-57
122900074,646,140,506
122900075,1,79,-78
122900076,2,249,-247
122900077,7,35,-28
122900078,233,27,206
122900080,17,69,-52
122900081,132,145,-13
122900082,946,202,744
122900083,132,73,59
122900084,3,74,-71
122900086,11,62,-51
122900087,573,281,292
122900088,34,789,-755
122900089,170,135,35
122900090,4,389,-385
122900091,281,4,277
122900092,0,56,-56
122900093,0,93,-93
122900094,2,116,-114
122900095,142,29,113
122900096,380,54,326
122900097,21,28,-7
122900098,24,122,-98
122900099,156,22,134
122900100,46,733,-687
122900101,357,233,124
122900102,32,22,10
122900103,328,3,325
122900104,387,2,385
122900105,9,18,-9
122900106,1,37,-36
122900107,3,54,-51
122900108,11,111,-100
122900109,338,86,252
123000001,664,1217,-553
123000002,2441,7046,-4605
123000003,4621,3984,637
123000004,2840,3578,-738
123000005,3046,2521,525
123000006,2254,1915,339
123000007,3870,2651,1219
123000008,2406,2492,-86
123000009,3594,2809,785
123000010,3020,4199,-1179
123000011,1388,2240,-852
123000012,643,5336,-4693
123000013,4068,1707,2361
123000014,769,3715,-2946
123000015,2099,1174,925
123000016,2538,2522,16
123000017,4478,1880,2598
123000018,130,121,9
123000019,595,54,541
123000020,419,31,388
123000021,261,243,18
123000022,351,1998,-1647
123000023,2421,2511,-90
123000024,1727,1043,684
123000025,338,109,229
123000026,70,183,-113
123000027,39,999,-960
123000028,612,1745,-1133
123000029,459,1575,-1116
123000030,279,56,223
123000031,283,131,152
123000032,658,90,568
123000033,400,166,234
123000034,1077,774,303
123000035,320,562,-242
123000036,188,1215,-1027
123000037,196,147,49
123000038,32,406,-374
123000039,482,1697,-1215
123000040,338,243,95
123000041,605,1597,-992
123000042,493,1220,-727
123000043,901,10361,-9460
123000044,2357,2049,308
123000045,3056,1395,1661
123000046,228,1354,-1126
123000047,787,1510,-723
123000048,46,1627,-1581
123000049,5024,9282,-4258
123000050,2084,1533,551
123000051,93,201,-108
123000052,710,3176,-2466
123000053,1794,2692,-898
123000054,2265,1388,877
123000055,1964,4783,-2819
123000056,1035,630,405
123000057,3544,3294,250
123000058,878,2376,-1498
123000059,383,404,-21
123000060,1069,791,278
123000061,336,613,-277
123000063,1207,937,270
123000064,1397,202,1195
123000065,3604,1951,1653
123000066,386,465,-79
123000067,941,389,552
123000068,1218,1925,-707
123000069,2608,1143,1465
123000070,181,441,-260
123000071,1753,784,969
123000072,1037,421,616
123000073,2622,962,1660
123000074,1265,853,412
123000075,503,1702,-1199
123000076,666,452,214
123000077,2312,1345,967
123000078,3202,1335,1867
123000079,2696,1527,1169
123000080,2293,984,1309
123000081,186,241,-55
123000082,376,912,-536
123000083,864,277,587
123000084,914,246,668
123000085,771,191,580
123000086,670,78,592
123000087,958,115,843
123000088,1810,686,1124
123000089,1193,940,253
123000090,1714,813,901
123000091,1747,1361,386
123000092,1043,1096,-53
123000094,762,158,604
123000095,931,517,414
123000096,1387,316,1071
123000097,688,295,393
123000098,1030,348,682
123000099,711,351,360
123000100,257,627,-370
123000101,287,442,-155
123000102,571,798,-227
123000104,522,428,94
123000105,272,427,-155
123000106,393,424,-31
123000107,294,336,-42
123000108,435,1424,-989
123000111,1069,399,670
123000112,1221,397,824
123000113,379,351,28
123000114,383,758,-375
123000115,287,341,-54
123000116,42,88,-46
123000117,1683,907,776
123000118,503,395,108
123000119,244,430,-186
123000120,339,425,-86
123000121,587,834,-247
123000122,420,293,127
123000123,569,770,-201
123000124,504,358,146
123000125,1134,693,441
123000126,1487,7385,-5898
123000127,420,686,-266
123000128,241,370,-129
123000129,864,216,648
123000130,995,127,868
123000131,1496,1194,302
123000132,279,616,-337
123000133,201,264,-63
123000134,251,149,102
123000135,1495,664,831
123000136,156,307,-151
123000137,99,157,-58
123000138,103,148,-45
123000139,594,140,454
123000140,36,298,-262
123000141,606,101,505
123000142,970,721,249
123000143,682,1413,-731
123000144,16,12,4
123000145,191,225,-34
123000146,21,167,-146
123000147,35,181,-146
123000149,273,277,-4
123000150,170,233,-63
123000151,149,632,-483
123000152,58,228,-170
123000153,153,627,-474
123000154,935,1993,-1058
123000155,1621,1327,294
123000156,19,109,-90
123000157,409,617,-208
123000158,384,689,-305
123000159,2753,3107,-354
123000160,1354,1793,-439
123000161,1332,888,444
123000162,1421,1344,77
123000163,591,499,92
123000164,1834,209,1625
123000165,339,735,-396
123000166,24,63,-39
123000167,92,136,-44
123000168,216,134,82
123000169,853,82,771
123000170,129,35,94
123000171,922,6,916
123000172,113,262,-149
123000173,718,380,338
123000174,662,364,298
123000175,271,677,-406
123000176,904,239,665
123000177,218,487,-269
123000178,918,136,782
123000179,31,297,-266
123000180,1722,382,1340
123000181,262,620,-358
123000182,167,136,31
123000183,129,459,-330
123000185,901,363,538
123000186,9,355,-346
123000187,673,22,651
123000188,387,5,382
123000189,38,128,-90
123000190,53,149,-96
123000192,18,221,-203
123000193,67,494,-427
123000194,171,231,-60
123000195,453,51,402
123000196,475,136,339
123000197,187,102,85
123000198,30,340,-310
123000199,43,484,-441
123000200,313,2,311
123000201,1173,26,1147
123000202,35,405,-370
123000203,1090,46,1044
123000204,82,364,-282
123000205,200,502,-302
123000206,2504,304,2200
123000207,138,378,-240
123000208,997,169,828
123000209,1916,570,1346
123000210,131,950,-819
123000211,290,1080,-790
123000212,3881,382,3499
123000213,637,65,572
123000215,109,199,-90
123000216,130,1007,-877
123000217,218,57,161
123000218,51,623,-572
123000219,530,89,441
123000220,520,94,426
123000221,207,215,-8
123000222,253,232,21
123000223,411,195,216
123000224,422,286,136
123000225,251,49,202
123000226,83,253,-170
123000227,78,147,-69
123000228,280,47,233
123000229,539,935,-396
123000232,97,400,-303
123000233,1007,101,906
123000234,179,417,-238
123000235,1117,201,916
123000236,236,331,-95
123000237,516,106,410
123000238,57,296,-239
123000239,307,494,-187
123000240,73,1038,-965
123000241,439,93,346
123000242,66,303,-237
123000243,746,820,-74
123000244,539,399,140
123000245,43,116,-73
123000249,479,459,20
123000252,832,323,509
123000253,1353,590,763
123000254,484,650,-166
123000255,954,724,230
123000256,18,94,-76
123000257,1284,660,624
123000258,1176,835,341
123000259,780,454,326
123000260,609,207,402
123000261,265,189,76
123000262,68,139,-71
123000263,498,92,406
123000264,140,122,18
123000265,51,67,-16
123000266,328,349,-21
123000267,522,265,257
123000268,16,28,-12
123000269,88,124,-36
123000270,32,75,-43
123000271,38,39,-1
123000272,653,306,347
123000273,217,1098,-881
123000274,1091,905,186
123000275,159,652,-493
123000278,1449,2551,-1102
123000279,142,48,94
123000280,282,249,33
123000281,368,138,230
123000282,69,268,-199
123000283,183,100,83
123000284,39,25,14
123000286,134,442,-308
123000287,283,315,-32
123000288,798,980,-182
123000289,144,1272,-1128
123000291,120,757,-637
123000294,151,264,-113
123000295,528,1188,-660
123000296,693,536,157
123000297,744,284,460
123000298,1052,146,906
123000299,289,291,-2
123000300,1926,1517,409
123000301,105,491,-386
123000302,106,93,13
123000303,52,348,-296
123000305,979,809,170
123000306,263,63,200
123000309,44,61,-17
123000310,43,41,2
123000311,61,130,-69
123000312,543,446,97
123000313,616,461,155
123000315,87,196,-109
123000316,732,635,97
123000317,196,54,142
123000318,60,173,-113
123000329,10,10,0
123000337,540,510,30
123000338,128,238,-110
123000339,363,37,326
123000340,82,143,-61
123000342,27,75,-48
123000343,88,38,50
123000344,424,211,213
123000345,337,397,-60
123000346,641,37,604
123000352,1015,729,286
123000353,130,92,38
123000354,525,5,520
123000355,0,413,-413
123000356,447,9,438
123000357,0,73,-73
123000359,33,82,-49
123000360,211,117,94
123000361,187,196,-9
123000362,423,88,335
123000363,87,88,-1
123000364,399,569,-170
123000365,26,429,-403
123000366,204,2694,-2490
123000367,751,756,-5
123000370,43,337,-294
123000371,444,89,355
123000372,382,51,331
123000373,12,284,-272
123000374,33,50,-17
123000375,376,71,305
123000376,777,884,-107
123000377,400,20,380
123000378,7,184,-177
123000379,2,195,-193
123000380,10,221,-211
123000381,25,87,-62
123000382,379,151,228
123000383,154,597,-443
123000384,522,140,382
123000385,74,454,-380
123000436,36,1204,-1168
123000507,123,183,-60
123000508,271,1375,-1104
123000517,158,25,133
123000518,16,100,-84
123000519,149,98,51
123000520,33,103,-70
123000521,723,107,616
123000522,162,161,1
123000541,17,2,15
123000542,0,2,-2
123000565,1022,27,995
123000566,382,109,273
123000567,71,59,12
123000573,29,479,-450
123000574,672,54,618
123000575,1511,532,979
123000576,503,854,-351
123000577,45,615,-570
123000578,303,144,159
123000579,997,7417,-6420
123000580,134,60,74
123000582,290,27,263
123000583,8,237,-229
123000584,200,303,-103
123000585,1,48,-47
123000586,165,9,156
123000596,68,94,-26
123000597,55,261,-206
123000602,102,15,87
123000603,1291,420,871
123000604,666,305,361
123000605,684,23,661
123000606,1,467,-466
123000609,21,248,-227
123000610,54,54,0
123000613,42,133,-91
123000614,239,22,217
123000615,78,69,9
123000616,729,29,700
123000617,89,147,-58
123000618,30,511,-481
123000619,269,60,209
123000620,17,300,-283
123000622,356,13,343
123000624,160,55,105
123000630,2218,445,1773
123000631,226,490,-264
123000632,982,1050,-68
123000633,0,159,-159
123000634,59,318,-259
123000635,38,90,-52
123000636,50,386,-336
123000637,190,25,165
123000638,493,37,456
123000639,625,5028,-4403
123000640,16,200,-184
123000648,1504,242,1262
123000649,99,684,-585
123000650,127,60,67
123000651,17,166,-149
123000652,427,31,396
123000653,98,58,40
123000654,28,81,-53
123900001,787,55,732
123900002,29,1078,-1049
123900003,96,337,-241
123900005,224,248,-24
123900006,409,109,300
124000001,1568,122,1446
124000002,5,453,-448
124000003,1010,128,882
124000004,50,276,-226
124000005,1072,512,560
124000006,115,376,-261
124000007,513,72,441
124000008,21,340,-319
124000009,928,214,714
124000010,233,268,-35
124000011,781,332,449
124000012,142,235,-93
124000017,230,79,151
124000018,118,82,36
124000019,201,147,54
124000020,50,91,-41
124000021,133,119,14
124000022,81,134,-53
124000023,505,197,308
124000024,943,328,615
124000025,715,440,275
124000026,658,309,349
124000027,838,630,208
124000028,1083,440,643
124000031,1271,3888,-2617
124000032,867,521,346
124000033,722,580,142
124000034,384,632,-248
124000035,311,140,171
124000036,136,248,-112
124000037,260,856,-596
124000038,27,69,-42
124000039,304,279,25
124000040,188,834,-646
124000041,422,97,325
124000042,107,294,-187
124000043,81,101,-20
124000044,80,86,-6
124000045,1155,236,919
124000046,171,367,-196
124000047,1717,445,1272
124000048,574,461,113
124000049,2010,407,1603
124000050,804,825,-21
124000051,1330,365,965
124000052,566,389,177
124000053,573,2013,-1440
124000054,476,221,255
124000055,910,4428,-3518
124000056,1106,549,557
124000057,1434,407,1027
124000058,483,565,-82
124000059,1102,1075,27
124000060,349,366,-17
124000061,1355,6382,-5027
124000062,2096,1077,1019
124000063,990,915,75
124000064,1248,829,419
124000065,59,444,-385
124000066,187,124,63
124000067,143,64,79
124000068,111,74,37
124000069,563,94,469
124000070,265,159,106
124000071,285,168,117
124000072,204,551,-347
124000073,904,166,738
124000074,111,383,-272
124000075,288,8,280
124000076,26,41,-15
124000077,321,437,-116
124000078,1122,1069,53
124000079,123,900,-777
124000080,787,166,621
124000081,138,266,-128
124000082,76,166,-90
124000083,24,112,-88
124000084,33,828,-795
124000085,88,39,49
124000086,15,148,-133
124000087,279,88,191
124000088,41,373,-332
124000089,639,188,451
124000090,177,140,37
124000091,631,94,537
124000092,221,331,-110
124000093,131,77,54
124000094,87,317,-230
124000095,69,68,1
124000096,193,138,55
124000097,194,102,92
124000098,98,74,24
124000099,188,70,118
124000100,65,110,-45
124000101,154,129,25
124000102,91,32,59
124000103,263,191,72
124000104,135,41,94
124000105,169,138,31
124000106,127,25,102
124000107,19,262,-243
124000108,51,19,32
124000109,121,109,12
124000110,88,50,38
124000111,225,83,142
124000112,889,421,468
124000113,99,118,-19
124000114,384,248,136
124000115,230,611,-381
124000116,111,217,-106
124000117,26,112,-86
124000118,23,77,-54
124000119,831,669,162
124000120,460,554,-94
124000121,1197,677,520
124000122,286,1117,-831
124000123,839,401,438
124000124,215,516,-301
124000125,360,336,24
124000126,299,310,-11
124000127,974,246,728
124000128,354,400,-46
124000129,1540,1320,220
124000130,293,333,-40
124000131,563,671,-108
124000132,437,522,-85
124000133,1209,837,372
124000134,723,581,142
124000135,1197,1508,-311
124000136,431,641,-210
124000137,707,704,3
124000138,711,653,58
124000139,593,156,437
124000140,60,514,-454
124000141,809,25,784
124000142,21,379,-358
124000143,128,17,111
124000144,11,75,-64
124000145,191,101,90
124000146,31,123,-92
124000148,27,84,-57
124000149,934,347,587
124000150,184,512,-328
124000151,1007,321,686
124000152,611,761,-150
124000153,688,445,243
124000154,241,380,-139
124000155,920,608,312
124000156,633,517,116
124000169,173,545,-372
124000170,684,567,117
124000171,283,281,2
124000172,220,413,-193
124000173,710,215,495
124000174,387,325,62
124000175,12,30,-18
124000176,63,22,41
124000177,2,22,-20
124000178,34,40,-6
124000185,72,18,54
124000186,3,25,-22
124000187,3,68,-65
124000188,137,22,115
124000190,40,55,-15
124000191,34,361,-327
124000192,822,587,235
124000193,220,2066,-1846
124000194,231,291,-60
124000195,324,444,-120
124000196,516,550,-34
124000197,53,56,-3
124000198,68,45,23
124000201,91,351,-260
124000202,590,158,432
124000203,484,141,343
124000204,1094,146,948
124000205,112,200,-88
124000206,828,209,619
124000207,0,15,-15
124000209,165,79,86
124000210,601,108,493
124000211,767,4,763
124000212,0,118,-118
124000213,628,138,490
124000214,596,176,420
124000215,596,35,561
124000216,7,162,-155
124000329,78,400,-322
124000338,64,241,-177
124000339,1425,71,1354
124000341,1573,42,1531
124000344,28,2,26
124000357,1744,3514,-1770
124000358,1229,2867,-1638
124000359,1054,941,113
124000360,1062,471,591
124000361,1297,788,509
124000362,1018,1480,-462
124000363,337,307,30
124000364,516,455,61
124000365,794,784,10
124000366,2108,1321,787
124000367,80,136,-56
124000368,467,510,-43
124000369,28,75,-47
124000370,36,427,-391
124000402,50,12,38
124000403,174,22,152
124000404,20,18,2
124000405,711,492,219
124000406,381,408,-27
124000407,2,19,-17
124000411,2,144,-142
124000412,409,8,401
124000413,61,121,-60
124000414,183,96,87
124000415,62,32,30
124000416,103,118,-15
124000417,299,100,199
124000418,345,47,298
124000419,167,28,139
124000420,118,25,93
124000421,80,36,44
124000422,30,19,11
124000423,117,18,99
124000424,3,25,-22
124000425,116,12,104
124000426,2,72,-70
124000427,175,5,170
124000428,2,304,-302
124000429,60,20,40
124000430,816,260,556
124000431,361,212,149
124000432,219,554,-335
124000439,89,2,87
124000443,3,23,-20
124000445,174,2779,-2605
124000446,653,328,325
124000447,20,138,-118
124000448,250,20,230
124000449,251,15,236
124000450,19,42,-23
124000451,0,19,-19
124000452,398,65,333
124000453,2035,2929,-894
124000454,1000,3230,-2230
124000455,6,559,-553
124000456,269,2,267
124000457,0,83,-83
124000458,5,80,-75
124000459,247,3,244
124000460,3,42,-39
124900001,987,268,719
124900002,246,143,103
124900003,1212,361,851
124900004,1217,221,996
124900005,180,51,129
124900006,927,185,742
124900008,728,412,316
124900009,56,280,-224
124900010,120,131,-11
124900011,440,292,148
124900012,336,100,236
124900013,413,104,309
124900014,232,46,186
124900015,96,205,-109
124900016,39,65,-26
124900017,340,2451,-2111
124900018,59,13,46
124900020,86,34,52
124900021,294,48,246
124900022,48,12,36
124900024,441,7,434
124900026,38,4,34
124900027,110,359,-249
124900028,167,114,53
124900029,30,474,-444
124900030,1,43,-42
124900031,18,149,-131
124900032,101,148,-47
124900033,177,169,8
124900034,1,81,-80
124900035,90,233,-143
124900036,2,47,-45
124900037,100,86,14
124900038,76,142,-66
124900039,1,52,-51
124900040,127,108,19
124900041,280,390,-110
124900042,51,3,48
124900043,592,330,262
124900044,116,1,115
124900045,231,872,-641
124900047,38,71,-33
124900048,272,93,179
124900050,198,76,122
124900052,72,199,-127
124900053,138,155,-17
124900054,678,366,312
124900055,0,78,-78
124900057,14,144,-130
124900060,17,96,-79
124900061,52,0,52
124900062,205,18,187
124900066,0,9,-9
124900067,18,62,-44
124900068,109,392,-283
124900070,35,19,16
124900072,102,18,84
124900075,437,124,313
124900076,10,1822,-1812
124900077,29,65,-36
124900078,56,11,45
124900079,169,158,11
124900080,415,166,249
124900081,1328,209,1119
124900082,383,349,34
124900083,328,263,65
124900085,435,335,100
124900086,26,1056,-1030
124900087,212,75,137
124900088,122,59,63
124900089,460,16,444
124900090,496,219,277
124900091,242,126,116
124900092,204,109,95
124900093,484,114,370
124900094,696,180,516
124900095,69,500,-431
124900096,278,98,180
124900097,437,40,397
124900098,208,176,32
124900099,132,388,-256
124900100,401,36,365
124900101,148,265,-117
124900102,268,9,259
124900103,188,115,73
124900104,40,99,-59
124900105,109,41,68
124900106,212,36,176
124900107,83,10,73
124900108,115,89,26
124900111,0,236,-236
124900112,86,142,-56
124900113,35,232,-197
124900114,61,132,-71
124900115,68,36,32
124900116,186,243,-57
124900117,183,199,-16
124900118,68,859,-791
124900119,203,127,76
124900120,22,114,-92
124900121,37,275,-238
124900122,216,103,113
124900123,147,49,98
124900124,21,339,-318
124900125,551,11,540
124900126,5,140,-135
204000001,161,13,148
204000002,29,12,17
204000003,7,10,-3
204000004,7,1,6
204000005,502,401,101
204000006,1005,1261,-256
204000011,21,42,-21
204000012,30,59,-29
204000019,1174,391,783
204000020,1123,694,429
204000021,1685,884,801
204000022,1159,530,629
204000023,552,452,100
204000031,32,14,18
204000032,220,14,206
204000034,94,59,35
204000035,1,0,1
204000036,6,27,-21
204000037,3,36,-33
204000038,0,8,-8
204000039,7,3,4
204000040,7,10,-3
204000041,12,9,3
204000042,20,17,3
204000043,14,9,5
204000044,26,2,24
204000045,32,2,30
204000046,5,3,2
204000057,11,2,9
204000062,29,25,4
204000068,33,608,-575
204000069,150,464,-314
204000070,47,63,-16
204000080,45,70,-25
204000085,1212,884,328
204000086,1746,1100,646
204000087,61,19,42
204000088,4,73,-69
204000090,140,146,-6
204000093,570,89,481
204000096,1248,884,364
204000097,415,18,397
204000099,1115,2269,-1154
204000100,1613,1357,256
204000105,1099,649,450
204000110,324,959,-635
204000111,597,555,42
204000112,527,722,-195
204000113,288,625,-337
204000114,955,1235,-280
204000115,1191,456,735
204000116,704,914,-210
204000119,2332,1838,494
204000132,784,505,279
204000133,885,129,756
204000134,176,59,117
204000135,655,82,573
204000136,431,96,335
204000138,393,766,-373
204000140,252,101,151
204000141,142,47,95
204000144,13,11,2
204000145,396,40,356
204000146,9,166,-157
204000147,17,250,-233
204000148,239,40,199
204000154,3,4,-1
204000155,0,2,-2
204000177,49,18,31
204000179,36,16,20
204000180,0,43,-43
204000222,1,4,-3
204000235,46,13,33
204000236,43,190,-147
204000238,6,44,-38
204000240,277,68,209
204000263,580,734,-154
204000268,623,361,262
204000308,152,17,135
204000317,28,78,-50
204000322,33,34,-1
204000323,19,4,15
204000328,149,68,81
204000329,83,186,-103
204000330,154,46,108
204000331,205,180,25
205000001,529,947,-418
205000013,12,67,-55
205000014,41,60,-19
205000015,56,49,7
205000016,25,58,-33
205000017,33,61,-28
205000022,223,490,-267
205000025,1445,552,893
205000029,347,14,333
205000045,211,365,-154
205000046,123,530,-407
205000047,66,220,-154
205000048,453,325,128
205000049,163,406,-243
205000050,652,206,446
205000059,0,164,-164
205000060,0,199,-199
205000061,3,481,-478
205000062,2,737,-735
205000063,25,767,-742
205000064,26,176,-150
205000065,190,535,-345
205000066,129,428,-299
205000067,69,472,-403
205000069,173,22,151
205000082,139,182,-43
205000110,82,134,-52
205000111,153,158,-5
205000112,173,170,3
205000113,126,161,-35
205000121,149,42,107
205000123,45,154,-109
205000126,604,92,512
205000127,820,140,680
205000128,579,68,511
205000129,758,52,706
205000130,85,22,63
205000131,34,10,24
205000132,126,3,123
205000133,39,0,39
205000134,262,0,262
205000137,184,72,112
205000138,138,143,-5
205000139,42,74,-32
205000144,117,89,28
205000145,322,103,219
205000151,121,26,95
205000152,149,25,124
205000153,191,24,167
205000154,66,57,9
205000155,141,3,138
205000207,2,105,-103
205000233,21,2,19
205000234,0,2,-2
205000243,0,0,0
205000244,0,1,-1
205000245,3,199,-196
205000249,0,3,-3
205000250,4,2,2
205000264,11,85,-74
206000027,0,7,-7
206000028,1,4,-3
206000043,5,39,-34
206000053,1,4,-3
206000054,4,8,-4
206000055,0,12,-12
206000075,5,22,-17
206000076,11,11,0
206000077,29,10,19
206000078,24,5,19
206000079,28,3,25
206000082,260,131,129
206000100,30,359,-329
206000103,3,13,-10
206000104,13,14,-1
206000105,3,1,2
206000106,2,14,-12
206000125,103,0,103
206000157,13,342,-329
206000170,0,79,-79
206000171,4,131,-127
206000172,8,70,-62
206000173,0,71,-71
206000174,6,30,-24
206000175,1,33,-32
206000176,11,54,-43
206000177,0,25,-25
206000178,1,212,-211
206000179,2,129,-127
206000180,7,29,-22
206000181,12,30,-18
206000182,11,80,-69
206000183,15,94,-79
206000184,5,85,-80
206000185,5,24,-19
206000186,84,241,-157
206000223,5,232,-227
206000226,18,3,15
206000227,38,2,36
206000237,10,96,-86
206000238,28,210,-182
206000239,226,990,-764
206000240,0,55,-55
206000241,0,46,-46
206000242,5,140,-135
206000243,3,44,-41
206000244,41,135,-94
206000245,835,36,799
206000246,329,7,322
206000247,450,4,446
206000248,485,34,451
206000252,38,42,-4
206000258,11,40,-29
206000315,60,2,58
206000317,620,77,543
206000318,866,81,785
206000319,1903,44,1859
206000320,380,35,345
206000321,315,17,298
206000322,588,25,563
206000323,177,9,168
206000324,244,9,235
206000325,144,12,132
206000326,157,13,144
206000327,67,13,54
206000328,202,3,199
206000329,260,4,256
206000330,46,3,43
206000331,265,3,262
206000332,51,2,49
206000333,833,1,832
206000334,268,1,267
206000335,0,27,-27
206000361,1,84,-83
206000392,0,9,-9
206000405,108,1,107
206000441,62,18,44
206000498,50,2,48
206000515,42,28,14
206000530,380,60,320
206000531,213,348,-135
206000532,1199,496,703
206000535,120,3054,-2934
206000536,17,69,-52
206000537,12,141,-129
206000613,1016,186,830
206000784,403,52,351
207000001,151,387,-236
207000002,81,379,-298
207000003,124,119,5
207000007,1539,223,1316
207000008,165,8,157
207000009,61,44,17
207000010,241,273,-32
207000012,406,167,239
207000015,250,522,-272
207000019,283,128,155
207000021,378,158,220
207000022,210,129,81
207000023,196,117,79
207000024,2,39,-37
207000025,27,116,-89
207000026,129,28,101
207000027,10,38,-28
207000028,49,123,-74
207000029,112,292,-180
207000033,251,353,-102
207000034,308,120,188
207000039,560,69,491
207000040,668,58,610
207000041,45,49,-4
207000042,141,50,91
207000043,224,165,59
207000051,90,212,-122
207000052,5,114,-109
207000053,273,272,1
207000054,17,66,-49
207000055,164,47,117
207000056,216,156,60
207000057,93,167,-74
207000058,137,145,-8
207000059,82,148,-66
207000060,58,167,-109
207000061,145,920,-775
207000062,721,39,682
207000063,604,65,539
207000064,419,89,330
207000065,282,154,128
207000066,371,138,233
207000067,78,53,25
207000068,177,29,148
207000069,618,319,299
207000082,7,123,-116
207000083,70,123,-53
207000084,398,288,110
207000085,268,41,227
207000086,334,4,330
207000106,45,19,26
207000107,96,11,85
207000108,100,1,99
207000109,65,4,61
207000110,67,47,20
207000111,63,94,-31
207000112,61,950,-889
207000114,6,35,-29
207000115,17,31,-14
207000116,9,285,-276
207000117,19,41,-22
207000118,5,29,-24
207000119,12,34,-22
207000123,183,9,174
207000124,66,26,40
207000125,57,17,40
207000126,63,26,37
207000134,201,84,117
207000135,26,133,-107
207000148,74,326,-252
207000149,49,19,30
207000152,136,323,-187
207000153,226,806,-580
207000154,382,253,129
207000159,92,120,-28
207000160,178,133,45
207000238,0,146,-146
207000242,2,57,-55
207000248,44,61,-17
207000249,134,11,123
207000250,448,105,343
207000251,85,151,-66
207000252,57,39,18
207000278,172,106,66
207000279,38,48,-10
207000280,1027,75,952
207000281,95,290,-195
207000282,43,303,-260
207000283,36,160,-124
207000284,26,797,-771
207000285,62,116,-54
207000291,10,61,-51
207000304,102,87,15
207000306,61,238,-177
207000310,79,54,25
207000353,91,3,88
207000356,16,28,-12
207000357,12,28,-16
207000358,3,55,-52
207000415,4,86,-82
207000417,44,3,41
207000418,94,86,8
207000438,0,2,-2
207000439,389,450,-61
207000446,163,2,161
207000460,65,10,55
207000466,182,83,99
207000467,365,55,310
207000468,84,119,-35
207000476,4,12,-8
207000477,499,14,485
207000478,1,34,-33
207000523,0,4,-4
207000524,106,8,98
207000527,226,188,38
207000530,474,1,473
207000531,243,2,241
207000532,51,20,31
207000534,206,86,120
207000535,27,484,-457
207000537,19,56,-37
207000540,3,52,-49
207000541,0,194,-194
207000548,7,99,-92
207000549,320,13,307
207000561,210,106,104
207000562,12,124,-112
207000567,95,159,-64
207000568,368,18,350
207000569,653,157,496
207000584,81,261,-180
207000585,21,132,-111
207000587,240,31,209
207000616,0,87,-87
207000617,115,0,115
207000624,32,31,1
207000631,39,42,-3
207900008,458,81,377
208000001,548,1193,-645
208000002,715,639,76
208000003,877,507,370
208000004,808,906,-98
208000005,1,10,-9
208000019,926,385,541
208000020,250,269,-19
208000021,336,150,186
208000022,830,425,405
208000028,675,1392,-717
208000033,574,340,234
208000034,881,1253,-372
208000037,315,30,285
208000040,215,79,136
208000041,848,458,390
208000042,911,513,398
208000047,128,110,18
208000064,1483,1422,61
208000066,1073,1756,-683
208000070,528,344,184
208000071,611,296,315
208000072,658,704,-46
208000080,322,428,-106
208000081,441,120,321
208000082,419,133,286
208000083,228,129,99
208000084,4,28,-24
208000085,666,399,267
208000086,497,940,-443
208000087,446,643,-197
208000089,1095,292,803
208000090,850,291,559
208000093,71,76,-5
208000094,529,261,268
208000095,801,361,440
208000104,983,432,551
208000105,789,602,187
208000114,61,282,-221
208000115,332,264,68
208000116,761,906,-145
208000117,60,122,-62
208000118,173,206,-33
208000155,579,992,-413
208000158,1365,2814,-1449
208000186,1014,2524,-1510
208000204,830,852,-22
208000205,1434,566,868
208000282,1208,1649,-441
209000004,632,215,417
209000005,102,28,74
209000006,313,238,75
209000007,328,520,-192
209000010,232,181,51
209000011,53,208,-155
209000012,81,94,-13
209000013,224,191,33
209000014,375,466,-91
209000025,605,54,551
209000026,1005,145,860
209000027,259,302,-43
209000028,228,269,-41
209000029,296,1074,-778
209000030,224,1402,-1178
209000031,2748,1115,1633
209000034,274,306,-32
209000035,189,309,-120
209000036,282,192,90
209000037,386,255,131
209000038,230,150,80
209000039,101,133,-32
209000040,251,471,-220
209000041,126,291,-165
209000042,218,189,29
209000043,405,640,-235
209000044,216,744,-528
209000045,640,321,319
209000046,525,362,163
209000047,334,195,139
209000048,433,353,80
209000049,149,44,105
209000050,299,61,238
209000051,309,163,146
209000052,211,172,39
209000062,74,54,20
209000063,81,38,43
209000064,41,13,28
209000065,196,19,177
209000066,159,25,134
209000067,260,46,214
209000080,11,170,-159
209000082,73,59,14
209000091,20,56,-36
209000093,23,32,-9
209000094,20,110,-90
209000110,25,193,-168
209000111,471,1790,-1319
209000112,1095,723,372
209000113,1466,1160,306
209000114,886,853,33
209000115,51,52,-1
209000116,343,175,168
209000118,9,71,-62
209000119,8,25,-17
209000121,92,281,-189
209000135,36,232,-196
209000142,562,1932,-1370
209000143,43,39,4
209000144,37,136,-99
209000229,168,101,67
209000240,31,166,-135
209000259,46,77,-31
209000260,66,538,-472
209000261,2,199,-197
209000262,0,130,-130
209000263,0,218,-218
209000264,0,172,-172
209000265,214,1,213
209000266,52,0,52
209000267,1239,16,1223
209000268,361,53,308
210000037,71,25,46
210000047,94,9,85
210000048,200,17,183
210000049,83,8,75
210000052,95,102,-7
210000053,53,39,14
210000054,56,88,-32
210000070,161,4,157
210000071,144,0,144
210000072,54,0,54
210000073,0,13,-13
210000074,1,102,-101
210000075,2,187,-185
210000076,1,231,-230
210000077,3,133,-130
210000078,19,136,-117
210000079,39,27,12
210000080,41,125,-84
210000081,134,22,112
210000082,37,0,37
210000083,34,1,33
210000084,91,0,91
210000085,1,55,-54
210000086,2,86,-84
210000099,40,154,-114
210000100,121,74,47
210000101,94,123,-29
210000105,15,362,-347
210000159,0,261,-261
210000163,82,403,-321
210000164,204,346,-142
210000168,107,56,51
210000187,0,31,-31
210000188,0,16,-16
210000214,17,0,17
210000219,68,56,12
210000220,162,30,132
210000232,6,18,-12
210000233,50,37,13
210000234,37,74,-37
210000235,57,39,18
210000245,0,73,-73
210000246,47,35,12
210000258,30,74,-44
210000259,163,20,143
210000282,30,177,-147
210000285,4,152,-148
210000286,18,120,-102
210000290,1,18,-17
210000295,43,212,-169
210000296,56,46,10
210000320,317,51,266
210000321,123,16,107
210000338,58,106,-48
210000339,93,757,-664
210000340,104,261,-157
210000341,187,248,-61
210000342,226,173,53
210000343,130,215,-85
210000344,100,137,-37
210000345,99,229,-130
210000346,34,105,-71
210000347,62,54,8
210000348,98,34,64
210000349,36,30,6
210000350,104,53,51
210000351,140,37,103
210000352,68,23,45
210000353,55,39,16
210000354,79,43,36
210000355,28,91,-63
210000356,18,125,-107
210000357,32,168,-136
210000358,308,215,93
210000359,56,198,-142
210000360,154,283,-129
210000361,188,184,4
210000362,258,198,60
210000363,555,248,307
210000364,160,175,-15
210000365,204,60,144
210000366,171,41,130
210000367,104,28,76
210000368,136,34,102
210000369,12,45,-33
210000370,40,61,-21
210000372,29,36,-7
210000373,15,68,-53
210000374,49,79,-30
210000375,55,30,25
210000376,64,185,-121
210000404,37,109,-72
210000439,46,12,34
210000472,28,0,28
210000482,100,165,-65
210000564,166,279,-113
210000567,0,51,-51
210000568,298,1,297
211000092,41,11,30
211000094,24,12,12
211000169,183,11,172
211000172,3,160,-157
211000209,0,51,-51
211000226,4,25,-21
211000270,46,21,25
211000275,17,37,-20
211000276,130,16,114
211000279,6,25,-19
211000281,116,46,70
211000302,30,35,-5
211507980,1,25,-24
211977296,15,6,9
212000003,208,51,157
212000004,5,88,-83
212000005,11,82,-71
212000006,73,89,-16
212000008,245,108,137
212000009,38,69,-31
212000012,89,22,67
212000013,23,23,0
212000014,190,105,85
212000015,274,176,98
212000016,408,381,27
212000027,505,241,264
212000028,398,250,148
212000029,252,181,71
212000030,70,19,51
212000031,79,35,44
212000048,26,281,-255
212000049,23,209,-186
212000050,11,6,5
212000051,283,85,198
212000052,260,122,138
212000053,229,259,-30
212000054,539,82,457
212000055,511,143,368
212000056,19,44,-25
212000057,2,19,-17
212000058,132,20,112
212000070,187,100,87
212000077,112,224,-112
212000099,396,234,162
212000108,263,149,114
212000111,307,53,254
212000120,181,114,67
212000138,136,25,111
212000156,13,70,-57
212000158,6,20,-14
212000159,600,44,556
212000160,811,136,675
212000161,54,16,38
212000310,60,9,51
212000311,14,46,-32
212000374,37,6,31
213000001,29,260,-231
213000005,457,91,366
213000006,581,243,338
213000007,55,48,7
213000009,263,172,91
213000010,244,146,98
213000011,134,222,-88
213000012,186,134,52
213000014,52,18,34
213000015,216,12,204
213000016,345,3,342
213000017,44,1,43
213000018,2,10,-8
213000019,1,63,-62
213000020,78,118,-40
213000021,7,46,-39
213000023,365,219,146
213000033,274,1079,-805
213000034,235,165,70
213000035,97,250,-153
213000045,261,271,-10
213000046,144,116,28
213000047,357,926,-569
213000056,120,20,100
213000069,180,4,176
213000073,2,37,-35
213000074,182,542,-360
213000075,544,23,521
213000076,8,1,7
213000085,6,16,-10
213000086,9,117,-108
213000091,336,11,325
213000092,35,3,32
213000099,211,1293,-1082
213000100,690,287,403
213000101,694,62,632
213000102,802,91,711
213000103,623,458,165
213000104,56,220,-164
213000105,80,1412,-1332
213000106,15,58,-43
213000107,134,203,-69
213000108,23,204,-181
213000109,4,106,-102
213000110,16,33,-17
213000111,4,46,-42
213000112,73,63,10
213000115,49,1,48
213000116,49,388,-339
213000117,1,401,-400
213000118,756,266,490
213000119,25,311,-286
213000120,94,133,-39
213000122,126,173,-47
213000123,170,455,-285
213000124,165,430,-265
213000125,126,42,84
213000126,28,155,-127
213000127,31,154,-123
213000128,79,801,-722
213000129,93,990,-897
213000130,1116,465,651
213000132,621,124,497
213000133,1246,75,1171
213000134,1639,6,1633
213000136,542,13,529
213000137,579,48,531
213000139,210,16,194
213000147,26,5,21
213000148,9,30,-21
213000149,76,39,37
213000150,0,424,-424
213000151,2,199,-197
213000152,2,182,-180
213000153,0,167,-167
213000154,113,142,-29
213000155,69,136,-67
213000156,105,247,-142
213000157,702,316,386
213000158,281,558,-277
213000159,281,280,1
213000163,1350,182,1168
213000165,713,294,419
213000171,65,44,21
213000172,55,81,-26
213000173,14,70,-56
213000174,1,25,-24
213000175,41,19,22
213000176,10,70,-60
213000177,13,15,-2
213000178,44,18,26
213000179,103,26,77
213000180,213,17,196
213000184,94,273,-179
213000188,333,51,282
213000189,468,21,447
213000190,456,311,145
213000191,420,136,284
213000192,253,148,105
213000193,504,151,353
213000194,1,105,-104
213000195,13,303,-290
213000196,210,1324,-1114
213000197,477,639,-162
213000198,17,1,16
213000200,61,365,-304
213000201,28,38,-10
213000202,23,434,-411
213000203,1628,355,1273
213000204,942,34,908
213000205,369,71,298
213000206,633,45,588
213000207,30,5,25
213000208,66,1,65
213000209,64,0,64
213000210,205,1,204
213000211,11,18,-7
213000212,26,50,-24
213000213,14,27,-13
213000218,194,326,-132
213000219,809,30,779
213000220,667,3,664
213000223,222,183,39
213000224,15,43,-28
213000225,67,4,63
213000226,105,12,93
213000227,967,156,811
213000228,519,61,458
213000229,73,33,40
213000230,560,18,542
213000232,77,154,-77
213000233,10,73,-63
213000234,2,45,-43
213000293,42,57,-15
213000294,80,69,11
213000295,39,86,-47
213000296,46,18,28
213000297,8,36,-28
213000298,9,46,-37
213000299,38,17,21
213000300,6,2,4
213000303,3,41,-38
213000304,1,32,-31
213000305,3,27,-24
213000306,28,150,-122
213000307,56,109,-53
213000308,77,148,-71
213000309,150,36,114
213000310,331,254,77
213000311,116,989,-873
213000315,65,108,-43
213000316,167,31,136
213000322,14,27,-13
213000323,22,29,-7
213000340,110,201,-91
213000341,870,67,803
213000346,132,196,-64
213000347,319,409,-90
213000348,3,306,-303
213000349,3,56,-53
213000350,243,718,-475
213000366,79,141,-62
213000367,304,11,293
213000379,17,218,-201
213000386,40,78,-38
213000406,119,103,16
213000417,1261,383,878
213000425,239,33,206
213000426,170,61,109
213000427,43,56,-13
213000428,42,79,-37
213000429,8,11,-3
213000430,50,250,-200
213000431,77,1,76
213000432,1,83,-82
213000433,10,45,-35
213000434,145,57,88
213000435,129,107,22
213000439,18,15,3
213000441,5,2,3
213000443,435,208,227
213000445,0,48,-48
213000446,0,59,-59
213000447,4,63,-59
213000448,6,123,-117
213000449,694,13,681
213000450,32,26,6
213000451,256,29,227
213000452,7,14,-7
213000453,26,178,-152
213000455,82,1,81
213000456,0,156,-156
213000481,3,12,-9
213000482,56,1,55
213000489,85,80,5
213000491,6,235,-229
213000492,76,0,76
213000493,1,119,-118
213000494,185,89,96
213000495,0,14,-14
213000496,500,90,410
213000497,39,102,-63
213000498,77,61,16
213000499,138,100,38
213000500,369,51,318
213000501,197,27,170
213000502,135,81,54
213000503,0,21,-21
213000504,1,16,-15
213000505,9,2,7
213000506,1,9,-8
213000507,1,46,-45
213900244,102,0,102
213900245,0,7,-7
218000003,18,39,-21
218000004,14,27,-13
218000005,23,37,-14
218000006,105,70,35
218000007,19,24,-5
218000012,189,140,49
218000013,185,120,65
218000014,300,237,63
218000019,336,454,-118
218000020,218,258,-40
218000040,6,1,5
218000046,54,21,33
218000047,12,37,-25
218000048,39,53,-14
218000049,44,55,-11
218000050,160,114,46
218000051,44,110,-66
218000052,0,24,-24
218000053,2,15,-13
218000054,1,32,-31
218000055,5,12,-7
218000056,10,55,-45
218000057,2,15,-13
218000064,0,24,-24
218000065,50,120,-70
218000066,7,35,-28
218000067,95,45,50
218000068,99,38,61
218000069,306,58,248
218000070,176,132,44
218000071,142,141,1
218000072,118,185,-67
218000078,1268,311,957
218000079,204,29,175
218000080,175,38,137
218000081,391,87,304
218000082,66,44,22
218000083,74,21,53
218000084,174,53,121
218000085,114,143,-29
218000086,86,66,20
218000087,181,48,133
218000090,10,154,-144
218000091,1085,461,624
218000092,110,132,-22
218000093,76,58,18
218000094,404,366,38
218000099,200,502,-302
218000100,383,280,103
218000101,286,144,142
218000102,578,139,439
218000103,104,46,58
218000104,145,8,137
218000105,33,29,4
218000106,14,5,9
218000107,76,20,56
218000108,2,13,-11
218000112,88,32,56
218000117,38,83,-45
218000134,574,233,341
218000135,14,68,-54
218000136,136,69,67
218000137,229,100,129
218000138,71,93,-22
218000139,125,135,-10
218000140,629,191,438
218000141,76,65,11
218000142,134,108,26
218000143,65,283,-218
218000144,41,83,-42
218000145,494,197,297
218000146,161,115,46
218000151,3,11,-8
218000152,103,40,63
218000170,5,33,-28
218000171,77,8,69
218000172,8,10,-2
218000173,11,35,-24
218000174,32,16,16
218000176,344,55,289
218000177,416,123,293
218000178,100,134,-34
218000179,266,45,221
218000180,190,24,166
218000181,368,51,317
218000187,26,32,-6
218000188,8,161,-153
218000189,12,79,-67
218000190,0,10,-10
218000191,334,21,313
218000192,236,54,182
218000193,471,196,275
218000194,167,181,-14
218000195,105,51,54
218000196,295,113,182
218000197,558,113,445
218000198,53,55,-2
218000199,24,11,13
218000200,37,20,17
218000201,21,52,-31
218000202,66,437,-371
218000207,2,26,-24
218000208,56,29,27
218000211,34,62,-28
218000213,78,28,50
218000214,0,15,-15
218000215,43,26,17
218000217,2,32,-30
218000218,73,17,56
218000219,1,54,-53
218000220,29,808,-779
218000221,389,196,193
218000222,0,103,-103
218000223,43,347,-304
218000224,7,129,-122
218000225,278,24,254
218000226,218,53,165
218000232,30,41,-11
218000239,96,6,90
218000240,3,8,-5
218000241,17,1,16
218000242,3,1,2
218000243,15,0,15
218000244,28,5,23
218000245,18,11,7
218000246,0,9,-9
218000247,2,0,2
218000248,0,18,-18
218000249,0,9,-9
218000250,3,24,-21
218000251,1,41,-40
218000252,0,187,-187
218000253,1,65,-64
218000254,0,12,-12
218000255,12,11,1
218000256,4,68,-64
218000267,351,912,-561
218000268,6,16,-10
218000269,0,5,-5
218000270,177,19,158
218000271,12,26,-14
218000273,45,2,43
218000274,10,1,9
218000275,61,68,-7
218000276,19,18,1
218000278,12,64,-52
218000279,71,34,37
218000280,4,23,-19
218000281,7,29,-22
218000282,514,650,-136
218000284,53,3,50
218000301,75,77,-2
218000302,47,49,-2
218000303,4,82,-78
218000316,1065,578,487
218000317,1626,553,1073
218000318,1211,390,821
218000319,1397,526,871
218000320,1381,483,898
218000338,18,83,-65
218000345,87,84,3
218000346,114,124,-10
218000459,11,95,-84
218000490,20,70,-50
218000501,79,38,41
218000502,65,39,26
218000503,90,9,81
218000504,110,17,93
218000505,14,92,-78
218000506,10,204,-194
218000508,1,2,-1
218000510,119,10,109
218000520,81,69,12
218000521,14,39,-25
218000522,4,291,-287
218000523,161,6,155
218000524,3,494,-491
218000525,56,44,12
218000526,9,303,-294
218000529,22,73,-51
218000531,13,8,5
218000532,35,23,12
218000534,151,20,131
218000537,10,78,-68
218000538,67,317,-250
218000540,123,48,75
218000543,192,89,103
218000544,35,85,-50
218000545,58,65,-7
218000546,25,67,-42
218000547,130,129,1
218000548,98,101,-3
218000549,723,197,526
218000550,143,187,-44
218000551,137,639,-502
218000552,255,340,-85
218000553,15,78,-63
218000554,25,45,-20
218000555,15,87,-72
218000556,204,153,51
218000557,401,201,200
218000558,40,0,40
218000559,0,14,-14
218000560,0,37,-37
218000561,11,0,11
218000562,12,133,-121
218000563,144,48,96
218000564,6,71,-65
218000565,52,58,-6
218000566,28,30,-2
218000567,0,61,-61
218000568,9,1,8
218000569,3,314,-311
218000570,37,8,29
218000571,0,74,-74
218000572,129,0,129
218000573,5,228,-223
218000574,23,24,-1
218000575,158,1,157
218000576,2,55,-53
218000577,83,1,82
218000578,0,134,-134
218000579,28,14,14
218000581,3,57,-54
218000582,42,2,40
218000583,1,0,1
218000584,0,12,-12
218000585,48,2,46
218000586,14,35,-21
218000587,2,10,-8
218000588,0,1,-1
218000589,0,0,0
218000590,2,2,0
218000591,1,3,-2
218000592,10,1,9
218000593,7,12,-5
218000594,1,8,-7
218000597,1,6,-5
218000598,0,1,-1
218000599,0,4,-4
218000600,0,0,0
218000601,1,8,-7
218000602,0,1,-1
218000603,0,1,-1
218000604,12,1,11
218000605,0,72,-72
218000606,104,1,103
218000607,5,43,-38
218000608,55,14,41
218000609,1,60,-59
218000610,57,3,54
218000611,51,1,50
218000612,0,32,-32
218000613,63,2,61
218000614,0,27,-27
218000615,139,4,135
218000616,2,123,-121
218000617,16,3,13
218000618,0,23,-23
218000619,4,10,-6
218000620,2,25,-23
218000621,0,0,0
218000622,0,55,-55
218000623,18,0,18
218000624,1,50,-49
218000625,3,0,3
218000626,0,14,-14
218000628,169,107,62
218000631,42,48,-6
218000632,3,95,-92
218000633,117,3,114
218000634,12,45,-33
218000635,2,43,-41
218000636,824,418,406
218000637,903,210,693
218000638,198,29,169
218000639,12,56,-44
218000640,373,21,352
218000641,148,87,61
218000652,30,24,6
218000653,250,65,185
218000663,8,50,-42
218000675,18,94,-76
218000680,211,139,72
218000681,425,193,232
218000691,224,115,109
218000693,352,85,267
218000718,19,149,-130
218000719,55,314,-259
218000720,5,170,-165
218000721,25,53,-28
218001147,1,87,-86
218001214,24,28,-4
218001258,349,12,337
218001329,104,120,-16
218001330,85,118,-33
218001351,16,57,-41
218001352,5,29,-24
218001353,6,23,-17
218001354,6,26,-20
218001355,10,104,-94
218001356,474,75,399
218001357,16,76,-60
218001358,350,22,328
218001361,748,3,745
218001362,0,72,-72
219000001,24,19,5
219000002,43,30,13
219000003,33,36,-3
219000004,50,63,-13
219000017,68,115,-47
219000020,213,13,200
219000022,155,2,153
219000023,68,7,61
219000029,0,95,-95
219000034,34,72,-38
219000039,33,212,-179
219000040,20,105,-85
219000041,127,26,101
219000051,0,54,-54
219000052,0,40,-40
219000053,1,53,-52
219000055,311,0,311
219000056,7,0,7
219000057,36,0,36
219000062,20,107,-87
219000063,112,27,85
219000064,1,65,-64
219000110,188,143,45
219000111,101,54,47
219000112,188,66,122
219000113,167,32,135
219000114,131,23,108
219000116,210,54,156
219000117,113,86,27
219000118,162,75,87
219000123,151,53,98
219000124,51,47,4
219000125,10,14,-4
219000126,43,85,-42
219000127,1,1,0
219000128,16,108,-92
219000129,10,147,-137
219000130,206,657,-451
219000131,719,1310,-591
219000133,33,79,-46
219000134,8,53,-45
219000135,22,56,-34
219000136,62,169,-107
219000138,100,8,92
219000139,52,11,41
219000140,95,0,95
219000141,39,30,9
219000142,10,38,-28
219000143,30,15,15
219000145,11,27,-16
219000146,2,11,-9
219000147,2,29,-27
219000148,3,5,-2
219000149,3,29,-26
219000150,0,21,-21
219000151,3,30,-27
219000157,169,75,94
219000158,100,152,-52
219000161,132,9,123
219000163,852,422,430
219000166,118,182,-64
219000167,90,83,7
219000168,124,99,25
219000174,516,110,406
219000175,147,5,142
219000176,173,4,169
219000177,91,4,87
219000178,103,0,103
219000179,48,3,45
219000180,13,16,-3
219000182,222,23,199
219000183,112,26,86
219000184,162,9,153
219000185,1,26,-25
219000186,78,8,70
219000187,8,46,-38
219000189,60,192,-132
219000190,44,227,-183
219000191,157,1797,-1640
219000192,202,221,-19
219000193,172,126,46
219000195,3,49,-46
219000196,4,133,-129
219000198,13,49,-36
219000199,45,123,-78
219000200,48,62,-14
219000201,48,104,-56
219000203,20,106,-86
219000204,54,345,-291
219000205,27,248,-221
219000207,116,135,-19
219000209,46,30,16
219000210,12,217,-205
219000213,13,160,-147
219000239,147,159,-12
219000240,172,347,-175
219000241,123,147,-24
219000242,60,286,-226
219000243,78,129,-51
219000244,7,33,-26
219000245,32,44,-12
219000246,16,64,-48
219000247,211,64,147
219000248,393,443,-50
219000249,135,150,-15
219000250,190,149,41
219000251,459,141,318
219000252,291,148,143
219000253,360,54,306
219000255,177,135,42
219000256,249,90,159
219000257,112,0,112
219000262,23,69,-46
219000263,66,86,-20
219000267,1,49,-48
219000268,3,19,-16
219000269,1,2,-1
219000270,12,0,12
219000271,271,5,266
219000278,0,17,-17
219000279,0,1,-1
219000283,0,10,-10
219000295,10,78,-68
219000296,75,178,-103
219000297,37,36,1
219000298,27,36,-9
219000299,259,35,224
219000300,25,48,-23
219000301,64,180,-116
219000302,22,147,-125
219000307,34,13,21
219000308,90,96,-6
219000311,184,86,98
219000312,455,176,279
219000313,498,53,445
219000314,47,147,-100
219000315,412,20,392
219000316,548,45,503
219000317,104,9,95
219000320,3,79,-76
219000321,1,37,-36
219000323,2,23,-21
219000325,4,2,2
219000326,62,66,-4
219000327,21,20,1
219000328,9,18,-9
219000329,208,111,97
219000330,40,9,31
219000331,56,30,26
219000332,193,76,117
219000333,37,5,32
219000335,47,0,47
219000337,32,0,32
219000338,54,1,53
219000344,26,39,-13
219000345,37,40,-3
219000346,14,37,-23
219000348,151,35,116
219000349,43,66,-23
219000350,93,431,-338
219000351,1,4,-3
219000352,226,89,137
219000353,98,41,57
219000354,185,50,135
219000355,128,62,66
219000356,356,2205,-1849
219000363,92,76,16
219000364,136,49,87
219000365,91,23,68
219000366,154,560,-406
219000368,223,536,-313
219000370,426,956,-530
219000371,4,16,-12
219000382,24,17,7
219000383,235,1529,-1294
219000385,294,684,-390
219000386,617,1601,-984
219000387,0,34,-34
219000390,9,0,9
219000391,6,1,5
219000397,60,12,48
219000398,39,38,1
219000401,8,62,-54
219000402,42,61,-19
219000403,85,146,-61
219000404,12,76,-64
219000407,4,13,-9
219000409,97,41,56
219000410,129,25,104
219000411,82,2,80
219000446,119,258,-139
219000447,0,15,-15
219000448,3,12,-9
219000452,34,104,-70
219000453,60,205,-145
219000454,158,376,-218
219000556,265,76,189
219000558,60,174,-114
219000590,15,154,-139
219000591,123,88,35
219000592,35,193,-158
219000595,2,14,-12
219000635,185,44,141
219000636,30,31,-1
219000657,8,14,-6
219000658,8,112,-104
219000673,0,13,-13
219000676,6,8,-2
219000679,14,7,7
219000684,73,16,57
219000685,0,31,-31
219000686,0,17,-17
219000688,0,29,-29
219000689,4,94,-90
219000690,168,24,144
219000691,17,116,-99
219000692,123,8,115
219000693,0,10,-10
219000694,4,0,4
219000695,56,2,54
219000698,4,1,3
219000699,0,56,-56
219000727,1,82,-81
219000728,113,0,113
219000770,27,1,26
219000771,2,43,-41
219000788,230,371,-141
219001150,0,36,-36
219001151,1,1,0
219001166,38,40,-2
219001167,3,32,-29
219001178,41,0,41
220000001,34,95,-61
220000002,4,101,-97
220000003,192,134,58
220000004,269,238,31
220000005,540,985,-445
220000006,144,487,-343
220000007,331,168,163
220000008,231,414,-183
220000009,292,352,-60
220000010,100,42,58
220000011,343,3150,-2807
220000012,25,243,-218
220000014,152,49,103
220000015,93,488,-395
220000017,13,378,-365
220000018,5890,1480,4410
220000019,159,598,-439
220000020,472,149,323
220000021,1034,172,862
220000022,1165,300,865
220000023,431,123,308
220000024,1093,598,495
220000025,512,1518,-1006
220000026,300,427,-127
220000027,20,158,-138
220000028,26,95,-69
220000029,28,61,-33
220000030,37,118,-81
220000031,587,427,160
220000064,34,1845,-1811
221000046,2,0,2
221000047,0,0,0
221000048,0,0,0
221000049,0,8,-8
221000050,1,0,1
221000055,24,25,-1
221000068,243,114,129
221000069,280,55,225
221000070,211,19,192
221000071,112,4,108
221000072,304,7,297
221000073,111,24,87
221000074,0,8,-8
221000075,6,19,-13
221000076,9,17,-8
221000077,4,40,-36
221000081,95,9,86
221000082,82,6,76
221000083,12,1,11
221000084,21,2,19
221000085,5,46,-41
221000086,7,52,-45
221000087,12,86,-74
221000088,7,73,-66
221000089,21,89,-68
221000090,63,267,-204
221000098,85,19,66
221000099,249,8,241
221000100,121,6,115
221000101,188,10,178
221000107,19,1,18
221000108,59,2,57
221000109,2,25,-23
221000110,2,19,-17
221000111,22,138,-116
221000112,4,58,-54
221000113,19,97,-78
221000114,10,76,-66
221000120,16,26,-10
221000121,5,32,-27
221000122,16,47,-31
221000123,32,64,-32
221000124,9,134,-125
221000155,72,12,60
221000156,75,94,-19
221000175,0,24,-24
221000176,1,3,-2
221000182,45,2,43
221000241,333,270,63
221000242,83,300,-217
221000243,393,275,118
221000244,150,465,-315
221000245,112,45,67
221000246,46,283,-237
221000247,95,56,39
221000248,120,119,1
221000267,23,676,-653
221000325,12,72,-60
221000331,3,25,-22
221000338,30,32,-2
221000378,276,92,184
221000381,43,158,-115
222000282,4,2,2
222000296,1,17,-16
222000568,344,14,330
222000569,169,44,125
222000570,117,22,95
222000571,330,8,322
222000577,6,46,-40
222000578,14,88,-74
222000579,5,59,-54
222000580,25,333,-308
222000599,1,80,-79
222000600,6,127,-121
222000601,4,515,-511
222000603,15,39,-24
222000604,3,105,-102
222000605,25,39,-14
222000606,0,7,-7
222000607,2,6,-4
222000608,4,15,-11
222000609,64,86,-22
222000616,413,25,388
222000617,22,56,-34
222000618,7,2,5
222000620,15,37,-22
222000621,43,25,18
222000623,436,4,432
222000624,542,1,541
222000625,715,6,709
222000636,55,3,52
222000686,28,48,-20
222000687,34,50,-16
222001066,233,2,231
222001067,12,0,12
222001068,36,5,31
222001069,83,19,64
222001082,16,3,13
222001083,24,14,10
222001084,0,60,-60
222001085,0,88,-88
222001111,69,48,21
222001112,307,22,285
222001313,14,5,9
222001314,5,93,-88
222001464,344,65,279
222001465,22,50,-28
222001484,153,25,128
222001485,31,81,-50
222001494,679,135,544
222001495,88,71,17
222001496,407,86,321
222001497,119,177,-58
222001502,13,46,-33
222001503,92,15,77
222001504,25,163,-138
222001505,336,4,332
222001506,48,263,-215
222001507,131,11,120
222001510,606,9,597
222001511,44,110,-66
222001514,523,106,417
222001515,60,260,-200
222001518,401,62,339
222001519,46,81,-35
222001527,188,42,146
222001528,29,85,-56
222001529,405,41,364
222001530,50,94,-44
222001533,131,72,59
222001534,442,30,412
222001535,375,248,127
222001536,55,109,-54
222001537,452,29,423
222001538,24,275,-251
222001563,925,67,858
222001564,81,134,-53
222001568,211,186,25
222001576,1,5,-4
222001579,0,20,-20
222001583,16,42,-26
222001584,71,40,31
222001596,496,1060,-564
222001597,999,274,725
222001626,0,59,-59
222001650,26,131,-105
222001651,11,368,-357
222001914,171,32,139
222001915,75,232,-157
222001968,521,203,318
222001969,149,399,-250
222001970,191,285,-94
222001971,17,3,14
222001972,0,6,-6
225000001,324,96,228
225000002,617,90,527
225000003,517,60,457
225000004,438,175,263
225000005,47,40,7
225000006,0,226,-226
225000007,914,987,-73
225000010,192,6,186
225000011,340,1440,-1100
225000012,385,744,-359
225000013,148,125,23
225000014,651,94,557
225000015,88,101,-13
225000021,675,159,516
225000027,149,310,-161
225000032,551,109,442
225000042,76,346,-270
225000049,48,45,3
225000050,106,12,94
225000053,13,175,-162
225000058,766,228,538
225000067,158,72,86
225000068,82,165,-83
225000069,57,275,-218
225000070,91,172,-81
225000071,41,52,-11
225000075,13,882,-869
225000076,35,109,-74
225000078,42,52,-10
225000085,89,152,-63
225000086,403,97,306
225000087,181,11,170
225000088,11,142,-131
225000089,91,744,-653
225000090,42,375,-333
225000091,102,85,17
225000092,48,40,8
225000093,176,115,61
225000094,14,116,-102
225000095,203,249,-46
225000096,128,311,-183
225000098,684,227,457
225000099,467,128,339
225000100,454,74,380
225000104,81,226,-145
225000110,3,278,-275
225000111,203,504,-301
225000112,250,764,-514
225000113,153,571,-418
225000114,124,272,-148
225000115,982,463,519
225000116,563,167,396
225000117,747,418,329
225000118,1073,310,763
225000119,290,79,211
225000120,572,57,515
225000121,138,9,129
225000123,568,12,556
225000125,487,212,275
225000126,963,264,699
225000127,464,1580,-1116
225000128,620,861,-241
225000132,524,24,500
225000133,206,33,173
225000134,700,135,565
225000135,107,7,100
225000136,470,18,452
225000137,233,66,167
225000138,390,50,340
225000143,47,140,-93
225000144,6,247,-241
225000145,47,17,30
225000146,76,52,24
225000147,55,95,-40
225000148,2,66,-64
225000149,67,124,-57
225000151,45,79,-34
225000155,236,237,-1
225000156,206,673,-467
225000157,426,310,116
225000158,52,208,-156
225000171,1,99,-98
225000180,36,20,16
225000181,0,49,-49
225000182,92,9,83
225000185,4,374,-370
225000187,37,255,-218
225000191,80,2,78
225000194,0,15,-15
225000208,0,40,-40
225000209,130,8,122
225000210,2,144,-142
225000217,0,10,-10
225000218,9,2,7
225000223,0,118,-118
225000224,34,0,34
225000225,0,68,-68
225000226,12,0,12
225000227,55,104,-49
225000228,7,21,-14
225000229,0,55,-55
225000230,46,0,46
225000231,1,36,-35
225000232,161,0,161
225000241,119,1,118
225000242,1,38,-37
225000249,68,37,31
225000250,67,294,-227
225000251,584,42,542
226000042,152,255,-103
226000043,45,145,-100
226000044,120,369,-249
226000045,43,190,-147
226000046,554,93,461
226000047,545,176,369
226000048,414,80,334
226000049,352,329,23
226000070,0,6,-6
226000071,0,27,-27
226000072,0,16,-16
226000073,0,6,-6
226000074,0,19,-19
226000084,0,20,-20
226000085,5,8,-3
226000086,0,15,-15
226000087,1,51,-50
226000088,8,31,-23
226000090,308,324,-16
226000091,9,74,-65
226000092,3,21,-18
226000093,7,1,6
226000094,12,1,11
226000095,10,4,6
226000105,42,1,41
226000106,4,0,4
226000107,1,0,1
226000108,11,3,8
226000109,86,0,86
226000124,160,89,71
226000134,806,546,260
226000135,1405,679,726
226000136,560,355,205
226000137,6,160,-154
226000138,15,62,-47
226000139,2,35,-33
226000156,330,6,324
226000157,306,7,299
226000163,106,178,-72
226000202,14,167,-153
226000231,854,4,850
226000232,26,3,23
227000033,41,5,36
227000037,439,30,409
227000038,156,27,129
227000049,0,38,-38
227000050,0,56,-56
227000055,85,0,85
227000056,47,0,47
227000084,5,107,-102
227000085,0,92,-92
227000088,17,1,16
227000089,80,4,76
227000090,41,0,41
227000091,16,0,16
227000093,85,15,70
227000094,40,42,-2
227000130,29,170,-141
227000131,15,98,-83
227000132,7,66,-59
227000133,6,67,-61
227000134,18,107,-89
227000152,0,4,-4
227000153,0,69,-69
227000155,0,12,-12
227000156,0,13,-13
227000165,3,141,-138
227000196,32,93,-61
227000199,589,20,569
227000230,24,118,-94
227000232,355,22,333
227000241,519,35,484
227000242,33,387,-354
227000243,335,87,248
227000244,299,58,241
227000245,28,180,-152
227000246,64,191,-127
227000247,491,27,464
227000248,163,56,107
227000249,26,363,-337
227000250,26,17,9
227000251,137,578,-441
227000252,50,94,-44
227000253,205,25,180
227000262,598,34,564
227000266,1087,43,1044
227000267,34,403,-369
227000486,241,223,18
227000655,340,7,333
227000661,86,14,72
227000680,109,42,67
229000265,22,24,-2
229000296,1,11,-10
229000297,10,14,-4
229000298,3,77,-74
229000320,5,9,-4
229000321,7,1,6
229000412,11,11,0
229000414,7,9,-2
229000415,7,2,5
229000416,5,9,-4
229000417,0,8,-8
229000419,51,188,-137
229000440,196,32,164
229000442,10,24,-14
229000443,6,1,5
229000444,6,20,-14
229000445,43,6,37
229000446,31,20,11
229000847,51,0,51
229000848,20,0,20
229000849,46,1,45
229000851,28,0,28
229000854,0,7,-7
229000856,0,38,-38
229000857,0,6,-6
229000858,0,7,-7
229000919,5,57,-52
229000930,8,180,-172
229000937,91,4,87
229000966,79,37,42
229000981,33,11,22
229000985,13,8,5
229000986,1,5,-4
229000987,0,0,0
229000988,3,0,3
229000989,11,7,4
229000990,2,0,2
229000991,0,1,-1
229000992,10,2,8
229000993,82,8,74
229000998,15,47,-32
229000999,45,9,36
229001034,2,10,-8
229001035,7,1,6
229001037,60,2,58
229001042,12,1,11
229001047,18,32,-14
229001050,52,41,11
229001200,6,30,-24
229001338,1,13,-12
229001394,229,14,215
229001422,126,30,96
229001423,16,60,-44
229001431,52,43,9
229001432,25,41,-16
229001444,148,33,115
229001445,37,69,-32
229001503,299,68,231
229001504,103,99,4
229001505,132,17,115
229001506,46,89,-43
229001509,47,9,38
229001545,93,11,82
229001546,4,52,-48
229001553,92,4,88
229001554,12,45,-33
229001559,2,6,-4
229001560,1,24,-23
229001630,82,11,71
229001631,3,6,-3
229001635,0,13,-13
229001636,1,0,1
229001658,0,94,-94
229001659,99,1,98
229001660,0,9,-9
229001661,4,28,-24
229001662,28,2,26
229001663,0,53,-53
229002584,125,106,19
229002831,49,59,-10
229002841,9,8,1
229002842,11,24,-13
229002843,45,15,30
229002844,17,41,-24
229002845,25,66,-41
229002846,28,31,-3
229002847,1,10,-9
229002848,7,4,3
229002849,0,24,-24
229002850,9,0,9
229002851,22,62,-40
229002852,93,9,84
229002853,70,13,57
229002854,24,13,11
229002855,6,20,-14
229002856,31,17,14
229002857,7,52,-45
229002858,7,3,4
229002859,9,50,-41
229002860,23,2,21
229002861,26,15,11
229002862,20,22,-2
229002863,16,52,-36
229002864,26,44,-18
229002865,19,12,7
229002866,9,27,-18
229002867,1,17,-16
229002868,15,36,-21
229002869,14,53,-39
229002870,42,18,24
235000066,134,8,126
235000067,79,37,42
235000072,16,52,-36
235000073,74,195,-121
235000074,22,12,10
235000080,13,31,-18
235000081,67,39,28
235000082,226,11,215
235000083,140,19,121
235000084,40,42,-2
235000085,129,65,64
235000089,15,14,1
235000092,42,97,-55
235000093,2,2,0
235000097,1,0,1
235000098,42,4,38
235000099,18,24,-6
235000116,12,9,3
235000117,303,15,288
235000133,5,406,-401
235000134,14,188,-174
235000206,14,5,9
235000207,2,3,-1
235000208,0,3,-3
235000209,3,3,0
235000210,10,5,5
235000212,4,20,-16
235000213,0,16,-16
235000220,0,1,-1
235000221,22,21,1
235000238,4,205,-201
235000239,3,67,-64
235000242,272,742,-470
235000245,298,169,129
235000246,32,48,-16
235000284,6,120,-114
235000295,103,14,89
235000305,197,43,154
235000306,309,26,283
235000307,17,5,12
235000308,19,2,17
235000309,63,4,59
235000310,47,1,46
235000311,346,7,339
235000322,0,46,-46
235000323,0,50,-50
235000324,0,43,-43
235000325,0,23,-23
235000326,18,51,-33
235000351,18,62,-44
235000352,1,32,-31
235000353,1,54,-53
235000354,17,24,-7
235000355,10,38,-28
235000356,30,1,29
235000357,55,5,50
235000358,13,3,10
235000359,12,3,9
235000360,24,4,20
235000361,104,12,92
235000381,63,56,7
235000382,103,12,91
235000390,10,7,3
235000391,201,7,194
235000392,211,221,-10
235000393,165,135,30
235000395,124,43,81
235000396,423,72,351
235000400,26,82,-56
235000401,1,142,-141
235000405,50,79,-29
235000406,26,48,-22
235000407,20,52,-32
235000409,91,55,36
235000410,22,101,-79
235000411,1,14,-13
235000485,0,5,-5
235000486,11,0,11
235000549,64,43,21
235000550,115,28,87
235000599,118,13,105
235000600,6,5,1
235000601,24,13,11
235000602,77,26,51
235000614,2,7,-5
235000648,2,1,1
235000649,17,12,5
235000685,3,3,0
235000815,13,104,-91
235000834,0,24,-24
235000855,42,27,15
235000862,36,51,-15
235000891,1,34,-33
235000892,70,46,24
235000901,29,26,3
235000907,3,6,-3
235001010,61,19,42
235001029,113,159,-46
235001030,163,104,59
235001078,95,114,-19
235001079,37,49,-12
235001147,32,105,-73
235001166,4,12,-8
235001167,23,7,16
235001169,52,230,-178
235001188,0,7,-7
235001189,1,3,-2
235001197,5,13,-8
235001200,58,45,13
235001207,508,37,471
235001210,138,72,66
235001215,20,67,-47
235001239,0,9,-9
235001244,1,21,-20
235016267,0,28,-28
277102712,2,0,2
277103813,0,0,0
277104249,0,2,-2
277104250,1,10,-9
277104251,0,5,-5
277104252,0,0,0
990011530,1,153,-152
990014944,6,141,-135
990015176,113,1,112
990016032,0,137,-137
990032570,1,14,-13
990070001,53,4,49
990070103,0,5,-5
990070601,0,20,-20
990070751,1503,0,1503
990070766,0,153,-153
990071180,424,240,184
990071343,222,156,66
990071387,0,4,-4
990071823,6,0,6
990072600,0,689,-689
990072964,0,230,-230
990073285,0,0,0
990074393,0,277,-277
990074870,1633,4,1629
990075106,479,2,477
990075746,586,7,579
990076437,2419,3,2416
990076458,0,194,-194
997000007,278,7,271
997000041,0,140,-140
997000058,37,0,37
997000062,12,0,12
997000069,0,1,-1
997000070,0,22,-22
997000100,36,0,36
997000141,0,217,-217
997000198,20,308,-288
998000475,0,0,0
998000736,0,62,-62
998000965,0,8,-8
998001031,1,42,-41
998001700,0,19,-19
998001899,0,2,-2
998001900,1,0,1
998003073,822,5,817
998101900,0,0,0
998102850,2,100,-98
998501927,490,792,-302
998501929,103,1,102
998501930,64,0,64
998501931,138,11,127
998501932,9,0,9
998501933,35,1,34
998501937,60,73,-13
998501944,3,0,3
998501950,0,3,-3
998501970,113,14,99
998501971,0,57,-57
998501973,0,8,-8
998501974,0,110,-110
998501975,82,3,79
998501976,328,2,326
998501977,12,17,-5
998501978,5,0,5
998501979,0,4,-4
998501980,58,2,56
998501981,28,1,27
998501982,0,74,-74
998501983,0,2,-2
998502006,0,0,0
998502024,0,5,-5
998502032,0,1,-1
998502062,7,0,7
998502063,0,0,0
998502173,58,2,56
998502269,0,2,-2
998502546,1,311,-310
998502578,0,1,-1
998502599,28,508,-480
998502621,0,1,-1
998601159,0,21,-21
998601292,0,6,-6
999033574,1,157,-156
999800001,31,2,29
999800002,0,2,-2
999800003,0,0,0
999800004,0,7,-7
999800005,0,22,-22
