ID,insum,outsum,diff
100000001,241,136,105
100000002,486,148,338
100000003,1772,496,1276
100000004,418,100,318
100000005,360,712,-352
100000006,60,19,41
100000007,84,99,-15
100000008,21,228,-207
100000009,15,36,-21
100000010,3,11,-8
100000011,52,17,35
100000012,16,269,-253
100000013,1,55,-54
100000014,40,132,-92
100000015,143,120,23
100000016,188,474,-286
100000017,110,443,-333
100000018,297,177,120
100000019,1577,551,1026
100000020,301,458,-157
100000021,2573,559,2014
100000022,255,177,78
100000023,1766,265,1501
100000025,915,170,745
100000028,430,250,180
100000029,50,55,-5
100000030,134,4,130
100000031,904,712,192
100000032,1036,1017,19
100000033,127,655,-528
100000034,359,196,163
100000035,347,163,184
100000036,365,245,120
100000037,103,151,-48
100000038,197,157,40
100000039,83,32,51
100000040,73,18,55
100000041,94,143,-49
100000042,97,110,-13
100000043,53,97,-44
100000044,78,280,-202
100000045,117,567,-450
100000046,105,493,-388
100000047,41,331,-290
100000048,76,367,-291
100000049,583,1167,-584
100000051,132,616,-484
100000053,1,2,-1
100000054,10,4,6
100000055,88,117,-29
100000056,82,155,-73
100000057,441,225,216
100000058,217,627,-410
100000059,1,33,-32
100000060,84,98,-14
100000061,299,130,169
100000062,207,129,78
100000063,112,69,43
100000064,112,136,-24
100000065,100,447,-347
100000066,64,366,-302
100000067,78,409,-331
100000068,165,480,-315
100000069,104,594,-490
100000072,115,588,-473
100000073,337,522,-185
100000075,170,126,44
100000076,363,416,-53
100000077,154,16,138
100000078,49,6,43
100000079,15,12,3
100000080,1,1,0
100000081,9,2,7
100000102,333,297,36
100000103,814,266,548
100000104,1021,307,714
100000105,1136,143,993
100000106,403,364,39
100000107,65,105,-40
100000108,399,493,-94
100000109,1181,458,723
100000116,385,174,211
100000117,1,2,-1
100000118,463,498,-35
100000119,173,318,-145
100000121,24,220,-196
100000122,158,301,-143
100000123,1442,1297,145
100000124,4132,1306,2826
100000125,1044,142,902
100000126,184,70,114
100000127,458,120,338
100000128,228,300,-72
100000129,142,162,-20
100000130,129,228,-99
100000131,2297,924,1373
100000132,773,352,421
100000133,4359,1088,3271
100000135,101,279,-178
100000139,28,420,-392
100000140,146,143,3
100000142,73,108,-35
100000143,780,564,216
100000144,1701,553,1148
100000147,246,760,-514
100000150,6,176,-170
100000151,88,154,-66
100000153,43,44,-1
100000154,7,38,-31
100000155,0,5,-5
100000156,3,11,-8
100000157,10,62,-52
100000158,9,65,-56
100000159,94,83,11
100000165,477,258,219
100000169,110,62,48
100000174,333,74,259
100000179,36,194,-158
100000180,62,277,-215
100000181,33,103,-70
100000188,35,83,-48
100000189,88,91,-3
100000190,114,62,52
100000191,198,132,66
100000192,22,18,4
100000193,10,29,-19
100000330,526,191,335
100000355,41,211,-170
100000362,1725,1253,472
100000363,523,829,-306
100000364,132,377,-245
100000365,1419,3911,-2492
100000366,1946,950,996
100000367,857,1520,-663
100000368,691,627,64
100000369,124,299,-175
100000370,25,104,-79
100000376,21,48,-27
100000379,370,251,119
100000380,592,517,75
100000384,1912,695,1217
100000385,1220,973,247
100000386,2048,672,1376
100000387,1962,1050,912
100000388,5297,909,4388
100000389,3784,1008,2776
100000390,4362,923,3439
100000391,2352,956,1396
100000392,969,286,683
100000393,297,300,-3
100000394,1790,886,904
100000395,729,310,419
100000396,1407,578,829
100000397,632,374,258
100000398,5374,3424,1950
100000413,0,0,0
100900002,0,0,0
100900003,26,66,-40
100900004,10,432,-422
100900005,9,0,9
100900006,0,0,0
100900007,20,0,20
100900008,0,291,-291
100900009,1,25,-24
100900010,0,0,0
100900011,1,174,-173
100900012,1,145,-144
100900013,82,3,79
100900014,0,0,0
100900015,67,8,59
100900016,4,5,-1
100900017,81,25,56
100900018,0,0,0
100900019,0,0,0
100900020,10,0,10
100900021,464,0,464
100900022,0,0,0
100900023,0,0,0
100900024,3,0,3
100900025,0,0,0
100900026,1,65,-64
100900027,111,556,-445
100900028,2,47,-45
100900029,14,2,12
100900030,0,2,-2
100900031,42,4,38
100900032,37,0,37
100900033,38,24,14
100900034,38,0,38
100900035,1,0,1
100900036,0,0,0
100900037,1,181,-180
100900038,6,4,2
100900039,48,306,-258
100900040,24,496,-472
100900041,27,539,-512
100900042,114,11,103
100900043,0,0,0
100900044,614,77,537
100900045,6,0,6
100900046,135,1,134
100900047,1,1,0
100900048,5,0,5
100900049,3,61,-58
100900050,0,5,-5
100900051,8,9,-1
100900052,13,1,12
100900053,95,2,93
100900054,1,43,-42
100900055,23,29,-6
100900056,0,4,-4
100900057,109,133,-24
100900058,3,7,-4
100900059,2,0,2
100900060,17,11,6
100900061,90,37,53
100900062,0,19,-19
100900063,23,105,-82
100900064,163,2,161
100900065,2,1,1
100900066,1,4,-3
100900067,0,0,0
100900068,1,35,-34
100900069,21,0,21
100900070,30,0,30
100900071,69,35,34
100900072,0,18,-18
100900073,7,159,-152
100900074,0,0,0
100900075,1200,58,1142
100900076,0,3,-3
100900077,0,0,0
100900078,16,13,3
100900079,0,1,-1
100900080,0,0,0
100900081,0,5,-5
100900082,1,346,-345
100900083,0,9,-9
100900085,0,9,-9
100900086,21,30,-9
100900088,8,248,-240
100900089,0,2,-2
100900090,21,161,-140
100900091,0,0,0
100900092,3,18,-15
100900093,17,26,-9
100900094,4,194,-190
100900095,0,1,-1
100900096,1,67,-66
100900097,0,0,0
100900098,0,19,-19
100900099,6,211,-205
100900100,0,31,-31
100900101,152,4,148
100900102,1,5,-4
100900103,0,7,-7
100900104,3,48,-45
100900105,0,7,-7
100900106,11,0,11
100900107,552,113,439
100900108,0,1,-1
100900109,0,3,-3
100900110,0,0,0
100900111,23,51,-28
100900112,0,0,0
100900113,1,1,0
100900114,0,0,0
100900115,0,0,0
100900116,144,34,110
100900117,102,66,36
100900118,0,6,-6
100900119,0,12,-12
100900120,0,0,0
100900121,83,17,66
100900122,69,86,-17
100900123,3,2,1
100900124,0,3,-3
100900125,8,21,-13
100900126,2,7,-5
100900127,0,1,-1
100900128,26,50,-24
100900129,0,15,-15
100900131,4,7,-3
100900133,1,7,-6
100900134,1,0,1
100900135,0,15,-15
100900137,198,70,128
100900138,19,39,-20
100900139,0,1,-1
100900140,3,362,-359
100900141,0,32,-32
100900142,0,0,0
100900143,324,105,219
100900144,1,0,1
100900145,1,34,-33
100900146,0,3,-3
100900147,0,58,-58
100900148,7,373,-366
100900149,3,4,-1
100900150,0,2,-2
100900151,23,199,-176
100900152,0,0,0
100900153,0,37,-37
100900154,0,0,0
100900155,0,1,-1
100900156,0,0,0
100900157,0,27,-27
100900159,0,1,-1
100900160,2,0,2
100900161,0,0,0
100900162,3,29,-26
100900163,25,93,-68
100900164,1,2,-1
100900165,4,55,-51
100900166,0,0,0
100900167,3,21,-18
100900168,0,11,-11
100900169,102,610,-508
100900170,0,0,0
100900171,10,342,-332
100900172,0,1,-1
100900173,4,275,-271
100900174,0,0,0
100900176,295,11,284
100900177,346,26,320
100900178,1,13,-12
100900179,3,7,-4
100900180,0,0,0
100900181,0,0,0
100900182,0,0,0
100900184,0,0,0
100900186,275,125,150
100900187,0,66,-66
100900188,20,1,19
100900189,116,16,100
100900191,390,187,203
100900192,80,46,34
100900195,8,59,-51
100900197,0,0,0
100900198,2,35,-33
100900199,0,0,0
100900200,228,115,113
100900201,4,405,-401
100900202,0,0,0
100900203,0,18,-18
100900204,12,10,2
100900205,13,56,-43
100900206,34,4,30
100900207,6,29,-23
100900210,28,414,-386
100900211,42,3,39
100900213,6,1,5
100900214,302,34,268
100900215,0,3,-3
100900217,16,3,13
101000001,1506,562,944
101000002,1315,653,662
101000003,216,259,-43
101000004,3410,1129,2281
101000005,2128,1455,673
101000006,2384,2123,261
101000007,775,830,-55
101000008,1115,768,347
101000009,506,858,-352
101000010,217,414,-197
101000011,584,115,469
101000012,300,113,187
101000013,185,184,1
101000014,121,87,34
101000015,344,392,-48
101000016,44,120,-76
101000017,152,188,-36
101000018,1212,929,283
101000020,1456,293,1163
101000021,182,54,128
101000022,184,31,153
101000023,646,391,255
101000025,40,95,-55
101000026,167,2,165
101000027,524,577,-53
101000028,307,100,207
101000029,4,119,-115
101000030,199,32,167
101000031,79,25,54
101000032,1239,643,596
101000033,852,367,485
101000034,804,364,440
101000035,500,116,384
101000036,595,144,451
101000037,1303,281,1022
101000039,905,213,692
101000040,1128,543,585
101000041,1033,335,698
101000042,85,89,-4
101000043,1440,627,813
101000045,153,23,130
101000046,637,355,282
101000047,264,283,-19
101000048,110,103,7
101000049,135,137,-2
101000050,347,124,223
101000051,694,368,326
101000052,612,149,463
101000053,275,182,93
101000054,566,206,360
101000055,716,295,421
101000056,51,12,39
101000057,899,199,700
101000058,620,154,466
101000059,654,311,343
101000060,785,64,721
101000061,209,54,155
101000062,850,125,725
101000063,73,31,42
101000064,497,98,399
101000065,66,105,-39
101000066,18,15,3
101000067,197,62,135
101000068,87,45,42
101000069,215,18,197
101000070,714,213,501
101000071,641,206,435
101000072,428,791,-363
101000073,58,90,-32
101000074,1588,467,1121
101000075,3273,1188,2085
101000077,452,402,50
101000078,454,522,-68
101000079,181,1474,-1293
101000080,408,1050,-642
101000081,385,449,-64
101000082,1538,817,721
101000083,605,384,221
101000084,541,537,4
101000085,695,248,447
101000086,727,540,187
101000087,444,523,-79
101000088,264,192,72
101000089,217,358,-141
101000090,1174,522,652
101000091,104,506,-402
101000092,368,349,19
101000093,495,324,171
101000094,266,453,-187
101000095,95,298,-203
101000096,60,222,-162
101000097,70,98,-28
101000098,85,156,-71
101000099,345,305,40
101000100,186,198,-12
101000101,90,101,-11
101000102,207,81,126
101000103,201,136,65
101000104,76,95,-19
101000105,132,29,103
101000106,80,52,28
101000107,52,93,-41
101000108,473,82,391
101000109,61,14,47
101000110,21,218,-197
101000111,11,34,-23
101000113,31,86,-55
101000114,711,387,324
101000115,0,10,-10
101000116,3,9,-6
101000117,13,17,-4
101000119,52,7,45
101000120,137,3,134
101000121,20,8,12
101000122,26,7,19
101000123,8,13,-5
101000124,199,660,-461
101000125,110,130,-20
101000128,239,88,151
101000130,159,106,53
101000131,215,273,-58
101000132,171,681,-510
101000135,47,0,47
101000136,74,80,-6
101000137,4,56,-52
101000141,650,318,332
101000147,376,285,91
101000148,1033,5,1028
101000149,2,1,1
101000150,12,384,-372
101000151,14,29,-15
101000152,135,114,21
101000153,252,194,58
101000154,41,877,-836
101000155,52,57,-5
101000156,5,97,-92
101000157,18,4,14
101000160,2,4,-2
101000163,0,1,-1
101000164,265,104,161
101000165,65,56,9
101000166,87,108,-21
101000168,125,84,41
101000252,277,213,64
101000254,79,6,73
101000258,21,34,-13
101000261,83,147,-64
101000262,119,319,-200
101000263,19,124,-105
101000265,9,105,-96
101000266,88,88,0
101000269,79,7,72
101000290,349,273,76
101000293,0,7,-7
101000294,205,203,2
101000295,61,179,-118
101000301,191,31,160
101000304,948,876,72
101000305,783,512,271
101000328,23,116,-93
101900001,3,12,-9
101900002,0,6,-6
101900003,38,35,3
101900004,7,19,-12
101900005,2164,296,1868
101900006,173,0,173
101900007,92,1,91
101900008,33,26,7
101900009,6,17,-11
101900010,313,74,239
101900011,71,46,25
101900012,7,3,4
101900013,413,18,395
101900017,14,19,-5
101900018,539,36,503
101900019,28,11,17
101900020,75,14,61
101900021,0,6,-6
101900022,8,516,-508
101900023,5,110,-105
101900026,20,18,2
101900027,0,46,-46
102000001,522,1209,-687
102000002,765,444,321
102000003,1187,958,229
102000004,2734,561,2173
102000005,582,766,-184
102000006,856,294,562
102000007,925,1442,-517
102000008,3385,487,2898
102000009,2321,2356,-35
102000010,2971,1020,1951
102000011,808,830,-22
102000012,971,1068,-97
102000018,1251,402,849
102000019,955,304,651
102000026,96,85,11
102000029,178,57,121
102000030,24,50,-26
102000031,3,56,-53
102000032,80,96,-16
102000033,24,129,-105
102000034,95,96,-1
102000035,261,90,171
102000036,2,48,-46
102000037,89,36,53
102000038,17,37,-20
102000039,7,13,-6
102000040,187,19,168
102000041,10,46,-36
102000042,6,24,-18
102000043,45,68,-23
102000044,72,150,-78
102000045,235,264,-29
102000046,358,136,222
102000047,251,291,-40
102000048,44,159,-115
102000049,217,170,47
102000050,313,351,-38
102000051,134,124,10
102000052,316,322,-6
102000053,166,266,-100
102000054,114,242,-128
102000055,286,359,-73
102000056,173,196,-23
102000057,330,79,251
102000058,367,513,-146
102000059,274,464,-190
102000060,214,114,100
102000061,253,1030,-777
102000062,184,275,-91
102000063,391,486,-95
102000064,212,219,-7
102000065,22,32,-10
102000066,287,384,-97
102000067,663,972,-309
102000068,2728,892,1836
102000069,4,410,-406
102000070,1484,22,1462
102000071,2592,3949,-1357
102000072,1666,2186,-520
102000073,56,285,-229
102000074,61,415,-354
102000075,21,123,-102
102000076,38,215,-177
102000077,101,539,-438
102000078,188,581,-393
102000079,8,97,-89
102000080,33,88,-55
102000081,41,356,-315
102000082,218,94,124
102000083,59,396,-337
102000084,29,174,-145
102000085,684,539,145
102000086,376,411,-35
102000087,270,890,-620
102000088,92,114,-22
102000089,131,171,-40
102000090,130,430,-300
102000091,457,153,304
102000092,227,208,19
102000093,162,165,-3
102000094,176,50,126
102000095,286,315,-29
102000096,516,147,369
102000097,1186,502,684
102000098,222,256,-34
102000099,488,197,291
102000100,207,123,84
102000101,343,100,243
102000102,112,226,-114
102000103,388,146,242
102000104,464,168,296
102000105,40,381,-341
102000106,143,396,-253
102000107,127,182,-55
102000108,134,122,12
102000109,97,202,-105
102000110,91,393,-302
102000111,1,65,-64
102000112,47,29,18
102000113,1,12,-11
102000114,234,46,188
102000115,149,67,82
102000116,33,65,-32
102000117,20,205,-185
102000118,494,426,68
102000119,996,179,817
102000120,30,180,-150
102000121,163,191,-28
102000122,55,185,-130
102000123,443,239,204
102000124,286,248,38
102000125,325,179,146
102000126,147,172,-25
102000127,350,150,200
102000128,160,301,-141
102000129,195,261,-66
102000130,99,207,-108
102000131,69,196,-127
102000132,56,102,-46
102000133,420,1387,-967
102000134,155,242,-87
102000135,547,186,361
102000136,262,80,182
102000137,356,210,146
102000138,124,167,-43
102000139,14,125,-111
102000140,70,57,13
102000141,48,277,-229
102000142,44,138,-94
102000143,20,207,-187
102000144,17,228,-211
102000145,59,164,-105
102000146,59,101,-42
102000147,76,78,-2
102000148,42,35,7
102000149,14,176,-162
102000150,32,68,-36
102000151,21,100,-79
102000152,20,78,-58
102000153,228,80,148
102000154,116,195,-79
102000155,22,109,-87
102000156,126,23,103
102000157,16,43,-27
102000158,103,55,48
102000159,792,27,765
102000161,1405,256,1149
102000162,59,33,26
102000163,27,80,-53
102000164,271,126,145
102000165,90,36,54
102000166,6,26,-20
102000167,28,59,-31
102000168,26,53,-27
102000169,34,86,-52
102000170,324,53,271
102000171,34,20,14
102000172,3,49,-46
102000173,91,73,18
102000174,12,30,-18
102000175,17,18,-1
102000176,5,4,1
102000178,45,232,-187
102000179,35,59,-24
102000180,112,309,-197
102000181,73,303,-230
102000182,154,354,-200
102000183,273,355,-82
102000184,258,513,-255
102000185,274,340,-66
102000186,181,886,-705
102000187,123,822,-699
102000188,89,301,-212
102000189,1495,381,1114
102000190,226,490,-264
102000191,403,65,338
102000192,302,423,-121
102000193,8,56,-48
102000194,25,58,-33
102000195,89,228,-139
102000196,12,194,-182
102000197,90,258,-168
102000198,14,372,-358
102000199,57,197,-140
102000200,44,376,-332
102000201,86,238,-152
102000202,0,49,-49
102000203,32,109,-77
102000204,41,199,-158
102000205,119,129,-10
102000206,129,317,-188
102000207,92,144,-52
102000208,65,244,-179
102000209,12,37,-25
102000210,32,334,-302
102000211,46,175,-129
102000212,19,0,19
102000213,2,138,-136
102000214,12,2,10
102000215,0,243,-243
102000216,3,8,-5
102000217,8,144,-136
102000218,11,6,5
102000219,103,182,-79
102000225,105,36,69
102000226,99,11,88
102000227,9,0,9
102000228,0,49,-49
102000229,9,4,5
102000230,32,164,-132
102000231,93,122,-29
102000232,10,35,-25
102000233,147,129,18
102000234,13,126,-113
102000236,157,33,124
102000237,138,63,75
102000238,80,77,3
102000240,315,315,0
102000241,108,42,66
102000243,4,2,2
102000245,9,29,-20
102000246,1,5,-4
102000247,221,237,-16
102000248,157,218,-61
102000249,36,54,-18
102000250,17,175,-158
102000254,11,200,-189
102000266,15,88,-73
102000271,4,0,4
102000286,86,54,32
102000297,487,214,273
102000301,0,0,0
102000303,0,0,0
102000307,0,6,-6
102900001,193,141,52
102900002,57,2,55
102900003,4,113,-109
102900005,24,34,-10
102900006,51,27,24
102900007,46,5,41
102900008,25,15,10
102900009,0,0,0
102900010,29,93,-64
102900011,966,93,873
102900012,69,28,41
102900013,0,0,0
102900015,123,29,94
102900016,0,0,0
102900017,0,0,0
102900018,0,0,0
102900019,31,71,-40
102900020,12,11,1
102900021,0,0,0
102900022,121,19,102
102900023,0,0,0
102900024,0,8,-8
102900025,0,0,0
102900026,97,221,-124
102900027,1,9,-8
102900028,9,70,-61
102900029,20,30,-10
102900030,17,28,-11
102900031,10,22,-12
102900032,3,61,-58
102900033,0,0,0
102900034,29,32,-3
102900035,7,246,-239
102900036,17,188,-171
102900037,36,222,-186
102900038,84,130,-46
102900039,4,109,-105
102900040,36,56,-20
102900041,10,68,-58
102900042,31,206,-175
102900043,48,146,-98
102900044,109,989,-880
102900045,15,259,-244
102900046,30,159,-129
102900047,17,253,-236
102900048,152,384,-232
102900049,11,130,-119
102900050,50,132,-82
102900051,39,73,-34
102900052,0,0,0
102900053,74,252,-178
102900054,110,278,-168
102900055,0,0,0
102900056,46,119,-73
102900057,0,0,0
102900058,95,3,92
102900059,0,0,0
102900060,18,160,-142
102900061,17,209,-192
102900062,15,808,-793
102900063,62,83,-21
102900064,24,79,-55
102900065,190,103,87
102900066,52,5,47
102900068,26,28,-2
102900070,28,276,-248
102900072,5,7,-2
102900073,28,2,26
102900075,0,0,0
102900076,0,0,0
102900077,0,0,0
102900078,0,0,0
102900079,21,4,17
102900080,28,1,27
102900081,10,75,-65
102900082,2,74,-72
102900083,0,0,0
102900084,0,0,0
102900085,0,0,0
102900086,0,0,0
102900087,25,25,0
102900088,7,7,0
102900089,80,36,44
102900090,0,176,-176
102900091,9,0,9
102900092,31,340,-309
102900093,65,32,33
102900094,0,12,-12
102900095,21,0,21
102900096,2,3,-1
102900097,36,201,-165
102900098,18,1,17
103000001,1002,1110,-108
103000002,671,801,-130
103000003,1320,1071,249
103000004,392,292,100
103000005,625,546,79
103000006,194,339,-145
103000007,167,244,-77
103000008,188,618,-430
103000009,153,285,-132
103000010,36,53,-17
103000011,720,396,324
103000012,461,371,90
103000013,3325,928,2397
103000014,500,401,99
103000015,1112,471,641
103000016,164,230,-66
103000017,18,44,-26
103000018,373,94,279
103000019,20,18,2
103000020,534,595,-61
103000021,318,308,10
103000022,367,616,-249
103000023,132,357,-225
103000024,60,52,8
103000025,16,41,-25
103000026,798,52,746
103000027,97,48,49
103000028,294,107,187
103000029,356,37,319
103000030,1150,165,985
103000031,478,286,192
103000032,610,678,-68
103000033,952,700,252
103000034,746,326,420
103000035,125,357,-232
103000036,186,99,87
103000037,298,143,155
103000038,201,258,-57
103000039,52,200,-148
103000040,72,450,-378
103000041,553,1308,-755
103000042,260,260,0
103000043,89,589,-500
103000044,55,100,-45
103000046,102,81,21
103000047,68,185,-117
103000048,81,37,44
103000049,36,68,-32
103000050,133,257,-124
103000051,74,180,-106
103000052,277,180,97
103000053,39,154,-115
103000054,579,414,165
103000055,518,445,73
103000056,268,835,-567
103000057,187,104,83
103000058,116,340,-224
103000059,124,354,-230
103000060,347,359,-12
103000061,139,278,-139
103000062,269,358,-89
103000063,208,220,-12
103000064,34,157,-123
103000065,2,159,-157
103000066,23,12,11
103000069,47,212,-165
103000070,124,517,-393
103000071,169,74,95
103000072,31,450,-419
103000073,67,37,30
103000074,73,15,58
103000075,59,406,-347
103000076,21,22,-1
103000077,16,149,-133
103000078,302,59,243
103000079,554,108,446
103000080,268,50,218
103000081,138,195,-57
103000082,70,39,31
103000083,32,191,-159
103000084,0,0,0
103000085,0,37,-37
103000086,131,61,70
103000087,38,159,-121
103000088,98,134,-36
103000089,49,136,-87
103000090,577,645,-68
103000091,117,176,-59
103000092,68,107,-39
103000093,92,244,-152
103000094,45,35,10
103000095,6,159,-153
103000096,115,25,90
103000097,10,252,-242
103000098,352,28,324
103000099,77,225,-148
103000100,18,468,-450
103000101,125,67,58
103000102,34,341,-307
103000103,97,74,23
103000104,14,61,-47
103000105,28,34,-6
103000106,2,69,-67
103000107,137,41,96
103000108,238,298,-60
103000109,159,226,-67
103000110,209,166,43
103000111,144,147,-3
103000112,109,93,16
103000113,117,249,-132
103000114,193,106,87
103000115,180,230,-50
103000116,93,240,-147
103000117,93,233,-140
103000118,485,379,106
103000119,1145,360,785
103000120,46,54,-8
103000121,41,143,-102
103000122,45,73,-28
103000125,4,241,-237
103000126,64,4,60
103000127,1,171,-170
103000128,27,0,27
103000129,0,81,-81
103000130,3,2,1
103000131,95,53,42
103000132,55,23,32
103000133,1,57,-56
103000134,168,134,34
103000135,322,47,275
103000136,349,117,232
103000137,99,123,-24
103000138,170,123,47
103000139,0,23,-23
103000140,28,11,17
103000141,15,57,-42
103000142,52,14,38
103000143,5,105,-100
103000144,89,34,55
103000145,2,8,-6
103000150,10,21,-11
103000152,61,131,-70
103000153,23,82,-59
103000156,2,246,-244
103000157,46,0,46
103000159,49,70,-21
103000162,8,2,6
103000163,1,2,-1
103000164,0,0,0
103000165,61,172,-111
103000166,16,25,-9
103000167,39,64,-25
103000168,32,88,-56
103000169,20,43,-23
103000170,250,259,-9
103000171,5,25,-20
103000172,50,121,-71
103000173,97,338,-241
103000174,74,86,-12
103000175,64,285,-221
103000176,233,75,158
103000177,305,122,183
103000178,179,122,57
103000179,20,4,16
103000183,8,22,-14
103000185,23,29,-6
103000186,25,93,-68
103000187,58,311,-253
103000188,6,22,-16
103000189,279,539,-260
103000191,166,210,-44
103000292,1079,133,946
103000293,533,221,312
103000295,15,32,-17
103000296,32,1,31
103000297,8,3,5
103000504,51,5,46
103000505,4,2,2
103000506,0,116,-116
103000507,45,1,44
103000508,22,13,9
103000509,79,248,-169
103900001,1,104,-103
103900002,640,52,588
103900003,486,28,458
103900004,1,4,-3
103900005,0,113,-113
103900006,0,0,0
103900007,0,0,0
103900008,0,1,-1
103900009,37,84,-47
103900010,20,108,-88
103900011,18,88,-70
103900012,0,1,-1
103900013,5,57,-52
103900014,0,26,-26
103900015,3,13,-10
103900016,68,180,-112
103900017,2,58,-56
103900018,283,41,242
103900019,4,45,-41
103900020,18,59,-41
103900021,2,1,1
103900022,226,189,37
103900023,7,0,7
103900024,43,257,-214
103900025,0,9,-9
103900026,0,0,0
103900027,40,68,-28
103900028,6,93,-87
103900029,215,93,122
103900030,13,2,11
103900031,1,1,0
103900032,10,2,8
103900033,3,4,-1
103900034,5,84,-79
103900035,34,22,12
103900036,3,14,-11
103900037,6,6,0
103900038,4,35,-31
103900039,5,231,-226
103900040,4,151,-147
103900041,4,7,-3
103900042,3,216,-213
103900043,9,24,-15
103900044,35,21,14
103900045,18,54,-36
103900047,2,10,-8
103900048,2,12,-10
103900049,87,465,-378
103900050,0,35,-35
103900051,0,10,-10
103900052,85,192,-107
103900053,29,469,-440
103900054,11,297,-286
103900055,48,103,-55
103900056,2,17,-15
103900057,3,208,-205
103900058,21,296,-275
103900059,0,1,-1
103900060,2,58,-56
103900061,8,16,-8
103900062,16,16,0
103900063,3,0,3
103900064,17,1,16
103900065,293,119,174
103900066,8,4,4
103900067,0,1,-1
103900068,0,0,0
103900069,4,0,4
103900070,15,92,-77
103900071,9,95,-86
103900072,0,195,-195
103900073,2,4,-2
103900074,1,34,-33
103900075,26,25,1
103900076,60,332,-272
103900077,30,5,25
103900078,14,38,-24
103900079,20,77,-57
103900080,2,3,-1
103900081,0,0,0
103900082,3,16,-13
103900083,907,52,855
103900084,1,39,-38
103900085,28,31,-3
103900086,58,73,-15
103900088,88,35,53
103900089,16,65,-49
103900090,1,69,-68
103900091,278,69,209
103900092,58,214,-156
103900093,39,160,-121
103900094,0,86,-86
103900095,24,68,-44
103900096,4,190,-186
103900097,2,257,-255
103900098,67,32,35
103900099,4,189,-185
103900100,20,127,-107
103900101,7,318,-311
103900102,0,22,-22
103900104,0,6,-6
103900105,38,61,-23
103900106,0,4,-4
103900107,9,53,-44
103900108,21,197,-176
103900109,3,37,-34
103900110,39,21,18
103900111,6,374,-368
103900112,1,8,-7
103900113,32,68,-36
103900114,218,100,118
103900115,100,38,62
103900116,2066,156,1910
103900117,128,69,59
103900119,4,9,-5
103900120,5,42,-37
103900122,8,161,-153
103900123,466,144,322
103900124,13,318,-305
103900125,29,36,-7
103900126,44,124,-80
103900127,25,323,-298
103900128,9,106,-97
103900131,0,43,-43
103900133,141,5,136
103900134,0,0,0
103900135,0,3,-3
103900137,0,7,-7
103900138,0,77,-77
103900139,39,266,-227
103900140,0,0,0
103900141,69,30,39
103900142,2,24,-22
103900143,5,0,5
103900144,0,15,-15
103900145,32,163,-131
103900146,71,112,-41
103900147,97,59,38
103900148,18,109,-91
103900149,4,242,-238
103900150,2266,378,1888
103900151,5,30,-25
103900152,63,419,-356
103900153,0,0,0
103900154,534,175,359
103900155,3,59,-56
103900156,1,48,-47
103900157,1,108,-107
103900158,3,73,-70
103900159,10,12,-2
103900160,4,5,-1
103900161,13,70,-57
103900162,13,70,-57
103900163,1,141,-140
103900167,0,6,-6
103900168,3,23,-20
103900169,1,8,-7
103900170,0,21,-21
103900171,0,28,-28
103900172,3,7,-4
103900173,2,2,0
103900174,5,16,-11
103900175,7,4,3
103900176,0,6,-6
103900177,4,14,-10
103900178,7,27,-20
103900179,1,89,-88
103900180,1,68,-67
103900181,12,7,5
103900182,12,1,11
103900184,216,6,210
103900185,72,18,54
103900187,27,3,24
103900188,11,0,11
103900189,23,2,21
103900190,7,10,-3
103900191,0,14,-14
103900192,1,14,-13
103900193,29,34,-5
103900194,8,81,-73
103900195,0,4,-4
103900196,4,8,-4
103900197,4,5,-1
103900198,2,14,-12
103900199,6,36,-30
103900200,13,32,-19
103900201,9,62,-53
103900202,0,17,-17
103900203,3,12,-9
103900204,0,48,-48
103900207,0,34,-34
103900208,7,0,7
103900209,1,58,-57
103900210,5,10,-5
103900211,50,162,-112
103900212,12,255,-243
103900213,33,100,-67
103900214,2,1,1
103900215,359,173,186
103900216,1,200,-199
103900217,7,22,-15
103900218,0,70,-70
103900219,7,72,-65
103900233,6,2,4
103900235,3,4,-1
103900236,3,0,3
103900242,0,0,0
103900243,0,0,0
103900244,5,71,-66
103900245,7,69,-62
103900246,11,7,4
103900247,12,42,-30
103900248,0,0,0
103900249,0,0,0
103900250,2,1,1
103900251,1,2,-1
103900253,16,2,14
103900254,0,1,-1
103900255,1,0,1
103900256,2,3,-1
103900257,42,5,37
103900258,0,1,-1
103900259,22,0,22
103900261,0,1,-1
103900262,5,1,4
103900263,14,2,12
103900264,6,0,6
103900265,4,0,4
103900266,0,8,-8
103900267,0,14,-14
103900268,0,47,-47
103900269,18,3,15
103900270,1,41,-40
103900271,17,73,-56
103900272,0,0,0
103900273,0,0,0
103900274,0,0,0
103900275,0,0,0
103900276,0,0,0
103900277,0,0,0
103900278,0,0,0
103900279,0,0,0
103900280,0,0,0
104000001,714,1008,-294
104000002,668,1195,-527
104000003,858,1001,-143
104000004,1707,1054,653
104000005,366,669,-303
104000006,1113,1199,-86
104000007,1537,1493,44
104000008,122,341,-219
104000009,34,111,-77
104000010,26,59,-33
104000011,352,309,43
104000012,36,319,-283
104000013,18,52,-34
104000014,118,490,-372
104000015,43,53,-10
104000016,89,236,-147
104000018,240,65,175
104000019,117,39,78
104000020,55,503,-448
104000021,162,439,-277
104000022,50,176,-126
104000023,167,138,29
104000024,43,115,-72
104000026,13,64,-51
104000027,87,244,-157
104000028,67,111,-44
104000029,169,396,-227
104000030,49,102,-53
104000031,176,104,72
104000032,88,201,-113
104000033,144,105,39
104000034,140,284,-144
104000035,134,189,-55
104000036,164,257,-93
104000037,96,139,-43
104000038,122,102,20
104000039,50,252,-202
104000040,163,282,-119
104000041,134,123,11
104000042,108,248,-140
104000043,67,205,-138
104000044,76,432,-356
104000045,230,641,-411
104000046,491,641,-150
104000047,166,619,-453
104000048,496,911,-415
104000049,81,135,-54
104000050,54,259,-205
104000051,32,334,-302
104000052,336,706,-370
104000053,251,264,-13
104000054,152,328,-176
104000055,1846,1111,735
104000056,505,38,467
104000057,21,289,-268
104000058,284,343,-59
104000059,117,354,-237
104000060,108,429,-321
104000061,408,414,-6
104000062,31,12,19
104000064,320,109,211
104000065,27,102,-75
104000069,666,236,430
104000070,12,125,-113
104000071,57,172,-115
104000072,28,21,7
104000075,9,52,-43
104000076,82,6,76
104000082,716,899,-183
104000083,254,50,204
104000084,57,249,-192
104000085,28,70,-42
104000086,61,269,-208
104000087,89,159,-70
104000090,202,688,-486
104000092,186,1243,-1057
104000094,234,962,-728
104000095,602,588,14
104000096,157,177,-20
104000097,219,341,-122
104000098,246,450,-204
104000100,162,234,-72
104000101,399,738,-339
104000106,93,187,-94
104000107,119,258,-139
104000108,68,223,-155
104000109,56,17,39
104000110,338,335,3
104000111,1909,394,1515
104000112,698,223,475
104000116,3,857,-854
104000117,4,437,-433
104000118,67,95,-28
104000119,60,121,-61
104000120,7,466,-459
104000121,66,312,-246
104000122,216,276,-60
104000123,279,488,-209
104000124,634,868,-234
104000125,2505,1151,1354
104000126,87,185,-98
104000127,789,1479,-690
104000128,134,177,-43
104000129,183,27,156
104000130,5,81,-76
104000131,651,374,277
104000132,335,629,-294
104000133,527,361,166
104000134,401,563,-162
104000135,166,369,-203
104000136,438,732,-294
104000137,853,76,777
104000138,669,121,548
104000139,4719,1024,3695
104000141,738,853,-115
104000142,290,505,-215
104000143,170,455,-285
104000144,15,42,-27
104000145,58,40,18
104000146,265,246,19
104000147,68,189,-121
104000148,29,22,7
104000149,108,218,-110
104000150,150,117,33
104000151,107,442,-335
104000152,147,474,-327
104000153,67,111,-44
104000154,650,421,229
104000155,99,170,-71
104000157,576,895,-319
104000158,75,109,-34
104000159,137,100,37
104000160,767,544,223
104000161,60,37,23
104000162,32,50,-18
104000165,353,272,81
104000167,91,130,-39
104000168,141,0,141
104000169,0,0,0
104000170,647,130,517
104000248,1,332,-331
104000251,23,172,-149
104000272,1,0,1
104000273,0,0,0
104000274,0,1,-1
104000275,0,0,0
104000279,286,191,95
104000290,22,155,-133
104000291,444,417,27
104000293,168,260,-92
104000294,0,0,0
104000295,171,438,-267
104000296,117,318,-201
104000297,394,741,-347
104000298,761,389,372
104000299,221,605,-384
104900001,9,42,-33
104900002,5,22,-17
104900003,7,180,-173
104900004,15,203,-188
104900005,22,61,-39
104900006,10,8,2
104900007,55,71,-16
104900009,12,140,-128
104900010,2,1,1
104900011,2,0,2
104900012,9,0,9
104900013,10,0,10
104900014,1300,94,1206
104900015,6,1,5
104900016,18,211,-193
104900017,8,62,-54
104900018,0,69,-69
104900019,47,152,-105
104900020,7,71,-64
104900021,0,0,0
104900022,3,56,-53
104900023,0,0,0
104900024,2,37,-35
104900025,27,128,-101
104900026,0,0,0
104900027,20,19,1
104900028,9,33,-24
104900029,0,0,0
104900030,33,29,4
104900031,51,94,-43
104900032,7,44,-37
104900033,0,0,0
104900034,36,12,24
104900035,25,16,9
104900036,21,7,14
104900037,15,87,-72
104900038,74,26,48
104900039,0,0,0
104900040,10,12,-2
104900041,0,0,0
104900042,14,149,-135
104900043,0,0,0
104900044,34,30,4
104900045,0,0,0
104900046,13,16,-3
104900047,39,13,26
104900048,20,8,12
104900049,0,0,0
104900050,13,13,0
104900051,9,5,4
104900052,0,0,0
104900053,34,4,30
104900054,22,1,21
104900055,0,0,0
104900056,16,1,15
104900057,2,0,2
104900058,15,24,-9
104900059,0,0,0
104900060,0,170,-170
104900061,78,277,-199
104900063,0,56,-56
104900064,0,45,-45
104900065,0,63,-63
104900066,1,64,-63
104900067,1,172,-171
104900068,3,105,-102
104900070,19,189,-170
104900071,1,402,-401
104900072,5,105,-100
104900073,2,60,-58
104900074,15,109,-94
104900075,7,11,-4
104900076,41,258,-217
104900077,260,12,248
104900078,58,413,-355
104900079,51,22,29
104900080,7,183,-176
104900082,0,52,-52
104900085,0,77,-77
104900087,19,2,17
104900089,0,0,0
104900090,49,34,15
104900091,157,295,-138
104900093,39,143,-104
104900097,1132,340,792
104900098,8,4,4
104900099,139,152,-13
104900100,239,35,204
104900102,6,77,-71
104900103,141,31,110
104900104,685,214,471
104900106,5,67,-62
104900107,18,165,-147
104900108,1,94,-93
104900109,5,1,4
104900110,2,23,-21
104900111,28,19,9
104900112,67,390,-323
104900113,130,142,-12
104900114,72,328,-256
104900115,83,208,-125
104900116,28,148,-120
104900118,0,31,-31
104900119,0,10,-10
104900120,0,0,0
104900121,0,0,0
104900122,0,0,0
104900123,0,0,0
104900124,0,0,0
104900125,22,0,22
104900126,25,7,18
104900127,2,0,2
104900128,0,11,-11
104900129,542,163,379
105000001,987,992,-5
105000002,638,843,-205
105000003,859,1627,-768
105000004,149,430,-281
105000005,250,460,-210
105000006,283,566,-283
105000007,203,406,-203
105000008,209,577,-368
105000009,364,810,-446
105000010,1229,1270,-41
105000011,562,633,-71
105000012,1839,1579,260
105000013,253,335,-82
105000014,349,677,-328
105000015,2560,1149,1411
105000016,1208,596,612
105000017,590,378,212
105000018,331,371,-40
105000019,551,315,236
105000020,74,187,-113
105000021,126,68,58
105000022,52,19,33
105000023,86,43,43
105000028,19,90,-71
105000029,112,245,-133
105000030,1788,1634,154
105000033,475,1069,-594
105000034,30,184,-154
105000037,228,212,16
105000038,203,239,-36
105000039,1714,865,849
105000040,56,152,-96
105000041,170,719,-549
105000042,456,267,189
105000043,889,1033,-144
105000044,90,92,-2
105000045,119,456,-337
105000046,125,115,10
105000047,134,695,-561
105000048,89,42,47
105000049,162,359,-197
105000050,52,36,16
105000051,101,306,-205
105000052,74,326,-252
105000053,51,126,-75
105000054,52,319,-267
105000055,54,198,-144
105000056,145,977,-832
105000057,359,531,-172
105000058,439,736,-297
105000059,70,125,-55
105000060,87,370,-283
105000061,63,103,-40
105000062,267,650,-383
105000063,82,387,-305
105000064,100,195,-95
105000065,135,572,-437
105000066,316,1035,-719
105000067,163,139,24
105000068,299,413,-114
105000069,1114,206,908
105000070,367,334,33
105000071,49,100,-51
105000072,234,161,73
105000073,278,154,124
105000074,283,462,-179
105000075,162,304,-142
105000076,477,536,-59
105000077,673,355,318
105000078,416,373,43
105000079,652,755,-103
105000080,378,303,75
105000081,284,387,-103
105000082,94,172,-78
105000083,199,174,25
105000084,243,498,-255
105000085,296,271,25
105000086,200,399,-199
105000087,987,821,166
105000088,371,318,53
105000089,1231,1160,71
105000090,534,574,-40
105000091,1051,973,78
105000092,223,620,-397
105000093,176,110,66
105000094,102,63,39
105000095,42,197,-155
105000096,301,223,78
105000097,353,307,46
105000098,154,137,17
105000099,268,486,-218
105000100,391,529,-138
105000101,752,888,-136
105000102,384,714,-330
105000103,445,931,-486
105000104,322,448,-126
105000105,255,718,-463
105000106,264,649,-385
105000107,248,373,-125
105000108,282,640,-358
105000109,378,787,-409
105000110,156,317,-161
105000111,120,260,-140
105000112,359,301,58
105000113,76,199,-123
105000114,1470,379,1091
105000115,149,243,-94
105000116,99,70,29
105000117,266,660,-394
105000118,51,83,-32
105000119,125,504,-379
105000120,79,171,-92
105000121,220,503,-283
105000122,80,161,-81
105000123,330,592,-262
105000124,245,374,-129
105000125,126,716,-590
105000126,597,1127,-530
105000127,784,886,-102
105000128,78,580,-502
105000129,146,144,2
105000130,11,222,-211
105000131,146,138,8
105000132,179,104,75
105000133,146,449,-303
105000134,93,124,-31
105000135,106,314,-208
105000136,27,157,-130
105000137,31,21,10
105000138,120,184,-64
105000139,353,634,-281
105000140,17,56,-39
105000141,55,273,-218
105000142,19,93,-74
105000143,38,275,-237
105000144,141,324,-183
105000145,63,195,-132
105000146,153,303,-150
105000147,36,18,18
105000148,123,43,80
105000149,160,64,96
105000150,671,621,50
105000151,91,130,-39
105000152,36,352,-316
105000153,130,154,-24
105000154,136,502,-366
105000155,59,205,-146
105000156,247,496,-249
105000157,413,886,-473
105000158,571,425,146
105000159,132,667,-535
105000160,435,248,187
105000161,291,1055,-764
105000162,118,412,-294
105000163,493,595,-102
105000164,98,108,-10
105000165,527,964,-437
105000166,3265,126,3139
105000167,1224,442,782
105000168,13,381,-368
105000169,101,231,-130
105000170,17,392,-375
105000171,435,122,313
105000172,0,0,0
105000173,2,0,2
105000174,0,0,0
105000175,19,55,-36
105000176,8,25,-17
105000177,23,28,-5
105000178,10,85,-75
105000179,35,28,7
105000180,13,32,-19
105000181,4,62,-58
105000182,2,25,-23
105000183,834,373,461
105000184,552,240,312
105000185,161,103,58
105000186,110,409,-299
105000187,86,54,32
105000188,14,18,-4
105000189,26,279,-253
105000190,8,12,-4
105000191,64,247,-183
105000192,16,56,-40
105000193,21,43,-22
105000194,54,19,35
105000195,91,452,-361
105000196,12,22,-10
105000197,44,348,-304
105000198,200,101,99
105000199,59,56,3
105000200,31,112,-81
105000201,23,12,11
105000203,8,161,-153
105000204,45,50,-5
105000205,70,105,-35
105000207,238,76,162
105000208,0,0,0
105000209,63,181,-118
105000212,195,516,-321
105000213,56,55,1
105000214,4,58,-54
105000215,8,94,-86
105000216,29,209,-180
105000217,33,204,-171
105000218,100,303,-203
105000221,30,133,-103
105000222,4,19,-15
105000223,27,60,-33
105000226,5,60,-55
105000227,0,38,-38
105000228,35,333,-298
105000229,16,93,-77
105000231,0,0,0
105000233,108,224,-116
105000234,306,528,-222
105000235,45,145,-100
105000237,106,13,93
105000243,9,8,1
105000248,25,22,3
105000262,57,780,-723
105000269,15,70,-55
105000270,58,33,25
105000271,0,171,-171
105000282,27,18,9
105000287,86,33,53
105000288,57,172,-115
105000289,137,218,-81
105000290,0,0,0
105000402,1849,764,1085
105000426,100,174,-74
105000438,159,190,-31
105000446,4241,1461,2780
105000447,2331,942,1389
105000454,43,418,-375
105000455,77,85,-8
105000474,1,1,0
105000477,13,127,-114
105000478,305,345,-40
105000479,40,56,-16
105000480,422,473,-51
105000481,643,618,25
105000482,1729,1120,609
105000483,284,402,-118
105000484,966,1120,-154
105000485,544,623,-79
105000486,1348,1001,347
105000488,936,1011,-75
105000489,159,269,-110
105000549,2,6,-4
105000550,194,435,-241
105000551,6,16,-10
105000552,1820,836,984
105000555,195,270,-75
105000556,3,6,-3
105000557,2,33,-31
105900001,1,159,-158
105900002,689,92,597
105900003,2,25,-23
105900004,214,67,147
105900005,1,172,-171
105900006,0,12,-12
105900007,0,1,-1
105900008,14,376,-362
105900009,2,13,-11
105900011,8,18,-10
105900012,69,79,-10
105900013,0,2,-2
105900014,1,33,-32
105900015,22,168,-146
105900016,29,291,-262
105900017,77,22,55
105900018,91,93,-2
105900019,5,221,-216
105900020,4,29,-25
105900021,3,159,-156
105900022,32,131,-99
105900023,0,51,-51
105900024,0,46,-46
105900025,12,25,-13
105900026,88,15,73
105900027,944,391,553
105900028,8,46,-38
105900029,802,176,626
105900030,39,111,-72
105900031,80,91,-11
105900032,15,81,-66
105900033,2,75,-73
105900034,33,78,-45
105900035,19,55,-36
105900036,10,33,-23
105900037,32,44,-12
105900038,24,94,-70
105900039,20,69,-49
105900040,29,40,-11
105900041,75,154,-79
105900042,3,52,-49
105900043,601,21,580
105900044,3,47,-44
105900045,1,136,-135
105900046,0,94,-94
105900047,0,8,-8
105900048,8,208,-200
105900050,87,113,-26
105900051,0,370,-370
105900052,41,2,39
105900053,1598,167,1431
105900054,77,74,3
105900056,273,33,240
105900057,1,60,-59
105900058,3,20,-17
105900059,0,8,-8
106000001,722,312,410
106000002,1007,1505,-498
106000003,1323,671,652
106000004,1137,975,162
106000005,855,1335,-480
106000006,2428,1903,525
106000007,234,141,93
106000008,151,160,-9
106000009,182,131,51
106000010,233,277,-44
106000011,174,281,-107
106000012,296,802,-506
106000013,434,643,-209
106000014,725,890,-165
106000015,331,386,-55
106000016,419,1092,-673
106000017,291,365,-74
106000018,193,378,-185
106000019,113,226,-113
106000020,69,265,-196
106000021,122,218,-96
106000022,127,220,-93
106000023,220,154,66
106000024,187,503,-316
106000025,68,86,-18
106000026,110,214,-104
106000027,99,233,-134
106000028,225,434,-209
106000029,393,804,-411
106000030,385,136,249
106000034,156,224,-68
106000035,207,247,-40
106000036,105,152,-47
106000037,550,655,-105
106000038,110,63,47
106000039,66,31,35
106000040,59,394,-335
106000041,279,133,146
106000043,102,40,62
106000046,115,8,107
106000047,5,210,-205
106000049,80,27,53
106000050,75,433,-358
106000051,64,88,-24
106000052,26,369,-343
106000053,0,0,0
106000054,146,231,-85
106000055,100,139,-39
106000056,124,271,-147
106000057,0,0,0
106000058,65,106,-41
106000059,24,55,-31
106000060,258,370,-112
106000061,33,84,-51
106000062,145,334,-189
106000063,83,124,-41
106000064,17,237,-220
106000065,24,25,-1
106000066,38,199,-161
106000067,10,15,-5
106000068,17,362,-345
106000069,11,36,-25
106000070,98,312,-214
106000071,55,97,-42
106000072,1642,518,1124
106000073,638,577,61
106000074,82,265,-183
106000075,93,258,-165
106000076,353,532,-179
106000077,720,419,301
106000078,143,363,-220
106000079,162,393,-231
106000080,294,370,-76
106000081,96,338,-242
106000082,830,400,430
106000083,117,486,-369
106000084,93,248,-155
106000085,467,386,81
106000086,127,231,-104
106000087,117,208,-91
106000088,81,349,-268
106000089,139,233,-94
106000090,41,356,-315
106000091,158,215,-57
106000092,101,62,39
106000093,26,21,5
106000094,28,200,-172
106000095,87,536,-449
106000096,144,320,-176
106000097,138,819,-681
106000098,52,422,-370
106000099,25,439,-414
106000100,106,148,-42
106000101,115,103,12
106000102,24,248,-224
106000103,87,248,-161
106000104,119,131,-12
106000105,107,473,-366
106000106,99,127,-28
106000107,65,312,-247
106000108,57,146,-89
106000109,19,234,-215
106000110,44,93,-49
106000111,52,330,-278
106000112,28,140,-112
106000113,502,349,153
106000114,212,125,87
106000115,110,315,-205
106000116,82,104,-22
106000117,397,366,31
106000118,324,363,-39
106000119,1192,480,712
106000120,357,155,202
106000121,33,89,-56
106000122,7,101,-94
106000123,72,168,-96
106000124,6,112,-106
106000125,6,199,-193
106000126,31,116,-85
106000127,93,470,-377
106000128,88,128,-40
106000129,84,361,-277
106000130,74,106,-32
106000131,25,254,-229
106000132,221,54,167
106000133,1993,332,1661
106000134,144,148,-4
106000135,99,476,-377
106000136,83,79,4
106000137,29,864,-835
106000138,135,7,128
106000139,0,0,0
106000140,6,69,-63
106000141,8,92,-84
106000142,0,0,0
106000143,6,91,-85
106000144,0,0,0
106000145,38,241,-203
106000146,0,0,0
106000147,139,169,-30
106000148,168,281,-113
106000149,160,123,37
106000150,138,582,-444
106000151,1667,254,1413
106000152,566,317,249
106000153,33,423,-390
106000154,751,102,649
106000155,12,46,-34
106000156,108,106,2
106000157,219,710,-491
106000158,1084,245,839
106000159,2073,517,1556
106000160,23,347,-324
106000161,519,250,269
106000162,30,192,-162
106000163,66,273,-207
106000164,57,90,-33
106000165,49,328,-279
106000166,46,98,-52
106000167,77,886,-809
106000168,49,82,-33
106000169,23,431,-408
106000170,81,88,-7
106000171,13,358,-345
106000172,556,354,202
106000173,213,996,-783
106000174,67,130,-63
106000175,85,507,-422
106000176,180,169,11
106000177,143,1065,-922
106000178,638,389,249
106000179,375,876,-501
106000180,315,938,-623
106000181,126,968,-842
106000182,135,329,-194
106000183,95,560,-465
106000184,151,453,-302
106000185,133,341,-208
106000186,239,65,174
106000187,48,319,-271
106000188,0,1,-1
106000189,0,25,-25
106000190,0,0,0
106000191,89,104,-15
106000192,0,39,-39
106000193,66,70,-4
106000194,58,135,-77
106000195,39,33,6
106000196,18,93,-75
106000197,78,104,-26
106000198,11,139,-128
106000199,279,172,107
106000200,161,30,131
106000201,106,271,-165
106000202,3166,175,2991
106000203,73,62,11
106000204,5,0,5
106000205,4,79,-75
106000206,8,2,6
106000207,24,422,-398
106000208,75,11,64
106000209,90,60,30
106000210,66,620,-554
106000211,120,913,-793
106000212,59,35,24
106000213,201,429,-228
106000214,558,67,491
106000215,68,198,-130
106000216,93,98,-5
106000217,69,244,-175
106000218,114,110,4
106000219,27,187,-160
106000220,104,99,5
106000221,23,163,-140
106000222,38,50,-12
106000223,7,39,-32
106000224,46,177,-131
106000225,12,33,-21
106000226,33,198,-165
106000228,9,66,-57
106000229,20,440,-420
106000231,99,26,73
106000232,22,244,-222
106000233,61,23,38
106000234,36,102,-66
106000235,27,16,11
106000236,8,28,-20
106000237,0,16,-16
106000238,0,3,-3
106000239,0,53,-53
106000240,6,1,5
106000241,15,300,-285
106000242,14,4,10
106000249,0,0,0
106000250,10,157,-147
106000251,12,4,8
106000252,4,64,-60
106000253,8,6,2
106000254,8,36,-28
106000255,3,26,-23
106000256,27,36,-9
106000257,21,142,-121
106000258,2,5,-3
106000259,1,20,-19
106000260,7,0,7
106000261,0,30,-30
106000262,2,3,-1
106000263,0,39,-39
106000264,21,2,19
106000265,0,60,-60
106000266,18,2,16
106000267,4,51,-47
106000268,85,4,81
106000269,24,20,4
106000270,46,173,-127
106000271,8,65,-57
106000272,28,27,1
106000273,3,43,-40
106000274,117,18,99
106000275,45,43,2
106000276,73,28,45
106000277,33,84,-51
106000278,102,17,85
106000279,10,60,-50
106000280,6,89,-83
106000281,28,36,-8
106000282,25,19,6
106000283,18,42,-24
106000284,4,41,-37
106000285,47,70,-23
106000286,15,75,-60
106000287,30,41,-11
106000288,16,76,-60
106000289,13,38,-25
106000290,23,112,-89
106000291,19,44,-25
106000292,17,79,-62
106000293,44,28,16
106000294,72,44,28
106000295,8,14,-6
106000296,40,55,-15
106000297,59,62,-3
106000298,77,25,52
106000299,31,44,-13
106000300,16,55,-39
106000301,52,70,-18
106000303,3,11,-8
106000304,12,18,-6
106000305,24,12,12
106000306,14,34,-20
106000307,8,2,6
106000308,27,70,-43
106000309,3,30,-27
106000310,48,163,-115
106000311,122,53,69
106000312,33,63,-30
106000313,40,97,-57
106000318,65,62,3
106000319,85,9,76
106000320,1,19,-18
106000321,51,28,23
106000322,32,100,-68
106000324,4,74,-70
106000325,322,275,47
106000326,358,982,-624
106000327,9,60,-51
106000328,3,27,-24
106000329,8,135,-127
106000330,20,30,-10
106000428,40,110,-70
106000429,40,295,-255
106000430,129,761,-632
106000431,225,119,106
106000432,448,1201,-753
106000433,361,316,45
106000434,583,210,373
106000435,990,1127,-137
106000436,10,210,-200
106000437,48,9,39
106000438,11,27,-16
106000439,15,239,-224
106000440,45,274,-229
106000441,0,0,0
106000442,13,2,11
106000443,23,305,-282
106000450,5,78,-73
106000451,17,0,17
106000454,3,31,-28
106000455,5,87,-82
106000456,12,7,5
106000457,4,625,-621
106000458,41,30,11
106000459,16,212,-196
106000460,67,3,64
106000461,14,957,-943
106000462,0,15,-15
106000463,3,7,-4
106000464,2,256,-254
106000465,29,0,29
106000466,3,392,-389
106000467,303,212,91
106000468,5,83,-78
106000469,40,4,36
106000470,90,377,-287
106000471,6,262,-256
106000472,21,1,20
106000473,18,21,-3
106000474,99,424,-325
106000475,72,77,-5
106000476,128,82,46
106000477,11,102,-91
106000480,2,33,-31
106900001,0,5,-5
106900002,1,312,-311
106900003,64,345,-281
106900004,0,25,-25
106900006,0,9,-9
106900007,0,4,-4
106900008,38,103,-65
106900009,47,143,-96
106900010,43,92,-49
106900012,378,191,187
106900013,16,6,10
106900014,3,0,3
106900015,0,0,0
106900016,14,2,12
106900017,1,0,1
106900018,2,0,2
106900019,6,0,6
106900020,1157,139,1018
106900021,0,10,-10
106900022,28,0,28
106900023,1,113,-112
106900024,36,1,35
106900025,9,298,-289
106900026,3,481,-478
106900027,25,1,24
107000001,380,565,-185
107000002,1003,1535,-532
107000003,1034,1793,-759
107000004,2240,2810,-570
107000005,462,879,-417
107000006,1220,3319,-2099
107000007,1751,1468,283
107000008,9714,5720,3994
107000009,1301,1303,-2
107000010,4703,5318,-615
107000011,445,532,-87
107000012,1481,1522,-41
107000013,9,92,-83
107000014,8,124,-116
107000015,114,472,-358
107000016,98,706,-608
107000017,609,274,335
107000018,1,91,-90
107000020,241,139,102
107000021,320,449,-129
107000022,157,600,-443
107000023,406,223,183
107000024,141,1019,-878
107000025,59,161,-102
107000026,43,400,-357
107000027,437,286,151
107000028,417,583,-166
107000029,396,472,-76
107000030,1230,1390,-160
107000031,428,578,-150
107000032,32,132,-100
107000033,1622,1545,77
107000034,2646,873,1773
107000035,99,47,52
107000036,133,464,-331
107000037,28,206,-178
107000038,96,117,-21
107000039,158,187,-29
107000040,36,125,-89
107000041,417,214,203
107000042,245,657,-412
107000043,1129,253,876
107000044,342,200,142
107000045,24,120,-96
107000046,83,101,-18
107000047,109,412,-303
107000048,84,105,-21
107000049,138,356,-218
107000050,167,206,-39
107000051,224,142,82
107000052,338,207,131
107000053,56,43,13
107000054,34,139,-105
107000055,79,37,42
107000056,220,428,-208
107000057,893,152,741
107000058,250,395,-145
107000059,570,1237,-667
107000060,655,1165,-510
107000061,1893,1833,60
107000062,667,733,-66
107000063,1455,2639,-1184
107000064,563,587,-24
107000065,1300,3081,-1781
107000066,334,458,-124
107000067,198,328,-130
107000068,418,149,269
107000069,171,138,33
107000070,9,2,7
107000071,194,8,186
107000072,18,1793,-1775
107000073,48,38,10
107000074,40,381,-341
107000075,131,14,117
107000076,425,1052,-627
107000077,342,56,286
107000078,495,1760,-1265
107000079,248,94,154
107000080,335,1598,-1263
107000081,208,145,63
107000082,135,1511,-1376
107000083,112,113,-1
107000084,108,1282,-1174
107000085,983,1104,-121
107000086,1439,1112,327
107000087,1060,750,310
107000088,742,1247,-505
107000089,511,605,-94
107000090,421,423,-2
107000091,343,402,-59
107000092,202,474,-272
107000093,275,350,-75
107000094,292,588,-296
107000095,82,102,-20
107000096,296,486,-190
107000097,74,68,6
107000098,186,450,-264
107000099,87,76,11
107000100,151,255,-104
107000101,9,57,-48
107000102,214,220,-6
107000103,59,69,-10
107000104,143,173,-30
107000105,74,41,33
107000106,75,172,-97
107000107,60,58,2
107000108,65,487,-422
107000109,0,0,0
107000110,27,304,-277
107000111,0,0,0
107000112,9,226,-217
107000113,0,0,0
107000114,31,405,-374
107000115,0,0,0
107000116,42,547,-505
107000117,0,0,0
107000118,42,126,-84
107000119,534,133,401
107000120,1351,233,1118
107000121,67,192,-125
107000122,347,422,-75
107000123,27,298,-271
107000124,175,373,-198
107000125,100,267,-167
107000126,217,578,-361
107000129,41,571,-530
107000130,34,63,-29
107000131,96,365,-269
107000132,70,102,-32
107000133,74,30,44
107000134,19,0,19
107000135,0,83,-83
107000136,90,1,89
107000137,10,179,-169
107000138,63,4,59
107000139,3,157,-154
107000140,187,7,180
107000141,69,326,-257
107000142,76,6,70
107000143,9,438,-429
107000144,62,66,-4
107000145,20,289,-269
107000146,49,16,33
107000147,2193,467,1726
107000150,307,397,-90
107000151,7,19,-12
107000152,119,153,-34
107000153,157,111,46
107000154,14,16,-2
107000155,145,4,141
107000156,221,1,220
107000157,9,1615,-1606
107000158,95,3,92
107000159,6,903,-897
107000160,91,32,59
107000161,16,1029,-1013
107000162,43,67,-24
107000163,6,0,6
107000164,9,0,9
107000165,74,1,73
107000166,21,786,-765
107000167,115,108,7
107000168,209,56,153
107000169,469,613,-144
107000170,197,149,48
107000171,138,1654,-1516
107000172,171,155,16
107000173,289,528,-239
107000174,253,549,-296
107000175,5677,805,4872
107000176,0,0,0
107000177,0,0,0
107000178,0,10,-10
107000179,116,1730,-1614
107000180,200,163,37
107000181,59,749,-690
107000182,185,248,-63
107000183,50,570,-520
107000184,114,256,-142
107000185,85,649,-564
107000186,51,58,-7
107000187,259,366,-107
107000188,120,127,-7
107000189,84,312,-228
107000190,135,285,-150
107000191,150,486,-336
107000192,374,437,-63
107000193,120,118,2
107000194,349,374,-25
107000197,78,47,31
107000198,72,443,-371
107000199,241,345,-104
107000200,486,190,296
107000201,127,116,11
107000202,82,248,-166
107000203,402,192,210
107000204,436,227,209
107000205,1452,457,995
107000206,256,134,122
107000207,373,323,50
107000208,680,96,584
107000209,989,196,793
107000210,728,109,619
107000211,1,10,-9
107000212,3,124,-121
107000213,0,4,-4
107000214,6,66,-60
107000215,109,267,-158
107000216,30,237,-207
107000217,17,74,-57
107000219,11,53,-42
107000220,33,232,-199
107000222,65,310,-245
107000224,61,14,47
107000225,49,364,-315
107000226,76,22,54
107000227,56,304,-248
107000228,33,88,-55
107000229,54,39,15
107000230,608,261,347
107000231,101,124,-23
107000232,29,28,1
107000233,90,124,-34
107000234,0,1,-1
107000235,0,1,-1
107000236,8,202,-194
107000237,0,0,0
107000238,0,0,0
107000239,2988,177,2811
107000240,15,707,-692
107000243,1,26,-25
107000244,5,66,-61
107000246,2,643,-641
107000249,2,375,-373
107000251,0,110,-110
107000252,1,818,-817
107000255,342,31,311
107000257,1,373,-372
107000258,0,106,-106
107000259,0,174,-174
107000260,76,2,74
107000262,1,487,-486
107000263,20,0,20
107000266,1,1,0
107000267,30,104,-74
107000268,42,108,-66
107000269,24,28,-4
107000270,0,3,-3
107000271,0,658,-658
107000272,6,232,-226
107000273,0,156,-156
107000274,33,72,-39
107000275,8,224,-216
107000280,101,13,88
107000281,9,596,-587
107000282,5,906,-901
107000290,0,27,-27
107000291,5,1,4
107000292,0,18,-18
107000293,22,1,21
107000294,0,24,-24
107000295,17,0,17
107000296,0,1,-1
107000444,36,2,34
107000496,1,0,1
107000497,423,1956,-1533
107000500,147,115,32
107000501,23,59,-36
107000502,22,159,-137
107000505,315,364,-49
107000506,0,3,-3
107000508,0,371,-371
107000509,26,89,-63
107000510,7,9,-2
107000514,13,146,-133
107000515,4,224,-220
107000516,58,40,18
107000518,80,69,11
107000519,1494,598,896
107000520,5,0,5
107000521,143,253,-110
107000522,71,330,-259
107900001,4,110,-106
107900002,15,0,15
107900003,20,1,19
107900004,1,0,1
107900005,94,1,93
107900006,9,0,9
107900007,25,6,19
107900008,30,26,4
107900009,33,1,32
107900010,10,1,9
107900012,134,2,132
107900013,87,16,71
107900014,2,2,0
107900015,126,2,124
107900016,205,43,162
107900017,5,0,5
107900018,14,12,2
107900019,1,37,-36
107900020,18,2,16
107900021,5,70,-65
107900023,0,0,0
107900024,0,5,-5
107900025,88,158,-70
107900026,7,53,-46
107900027,10,10,0
107900028,4,44,-40
107900030,31,2,29
107900031,23,141,-118
107900032,1,0,1
107900033,0,0,0
107900034,32,1,31
107900035,117,2,115
107900036,18,1,17
107900037,0,13,-13
107900038,63,28,35
107900039,2,32,-30
107900040,9,11,-2
107900041,0,0,0
107900043,9,47,-38
107900044,0,1,-1
107900045,5,1,4
107900046,29,10,19
107900047,4,23,-19
107900048,20,0,20
107900049,102,97,5
107900050,33,137,-104
107900051,13,54,-41
107900052,0,1,-1
107900053,7,40,-33
107900055,41,17,24
107900056,2,4,-2
107900057,0,0,0
107900058,6,379,-373
107900060,0,24,-24
107900061,4,1,3
107900063,8,55,-47
107900064,87,16,71
107900065,15,0,15
107900066,1,1,0
107900067,0,0,0
107900068,51,80,-29
107900069,15,116,-101
107900070,9,4,5
107900071,5,562,-557
107900072,6,90,-84
107900073,2,38,-36
107900074,418,100,318
107900076,12,42,-30
107900077,3,0,3
107900079,0,6,-6
107900080,95,51,44
107900081,1,27,-26
107900082,6,4,2
107900083,74,62,12
107900084,20,22,-2
107900086,20,25,-5
107900087,90,13,77
107900088,2,5,-3
107900089,189,354,-165
107900090,87,158,-71
107900091,44,190,-146
107900092,0,0,0
107900093,13,17,-4
107900095,1287,432,855
107900097,4,20,-16
107900098,21,32,-11
107900100,322,108,214
107900101,356,48,308
107900102,1,1,0
107900103,14,92,-78
107900104,22,1,21
107900105,0,283,-283
107900106,3,892,-889
107900107,476,47,429
107900108,95,18,77
107900109,110,0,110
107900110,0,63,-63
107900111,5,656,-651
107900112,33,111,-78
107900113,8,27,-19
107900114,20,116,-96
107900115,1,11,-10
107900116,6,111,-105
107900117,71,158,-87
107900118,24,79,-55
107900119,7,25,-18
107900120,6,0,6
107900121,0,49,-49
107900122,1,31,-30
107900123,0,7,-7
107900124,0,11,-11
107900125,7,108,-101
107900126,0,6,-6
107900127,138,12,126
107900128,37,24,13
107900129,1,25,-24
107900130,5,9,-4
107900131,38,6,32
107900132,20,211,-191
107900133,5,21,-16
107900134,5,1,4
107900135,0,127,-127
107900136,16,7,9
107900137,35,26,9
107900138,1,12,-11
107900139,2,6,-4
107900141,13,5,8
107900142,10,402,-392
107900143,12,15,-3
107900144,0,73,-73
107900145,2,32,-30
107900146,7,29,-22
107900147,9,7,2
107900148,51,89,-38
107900149,980,50,930
107900150,21,260,-239
107900151,0,64,-64
107900152,1,106,-105
107900153,22,62,-40
107900154,1,1,0
107900155,5,9,-4
107900156,1,154,-153
107900157,21,48,-27
107900158,54,0,54
107900159,17,489,-472
107900160,12,75,-63
107900161,1,110,-109
107900162,0,48,-48
107900163,6,4,2
107900164,3,10,-7
107900165,23,10,13
107900166,4,128,-124
107900167,1,0,1
107900168,0,37,-37
107900169,0,118,-118
107900171,5,792,-787
107900172,0,133,-133
107900173,1,141,-140
107900174,22,0,22
107900175,1,0,1
107900176,0,17,-17
107900177,0,44,-44
107900178,0,123,-123
107900179,2,50,-48
107900180,498,62,436
107900181,159,232,-73
107900182,2,623,-621
107900183,2,258,-256
107900184,4,130,-126
107900185,12,5,7
107900186,2,12,-10
107900187,1,56,-55
107900188,279,22,257
107900189,0,35,-35
107900190,66,12,54
107900191,8,81,-73
107900193,1,25,-24
107900194,27,0,27
107900195,1963,125,1838
107900196,12,21,-9
107900197,58,20,38
107900199,1,687,-686
107900201,34,53,-19
107900203,2,19,-17
107900204,147,126,21
107900206,131,69,62
107900207,0,266,-266
107900208,1,432,-431
107900209,126,37,89
107900210,16,44,-28
107900213,58,125,-67
107900214,0,86,-86
107900215,105,178,-73
107900216,5,17,-12
107900217,13,25,-12
107900218,2,735,-733
107900219,6,66,-60
107900220,48,32,16
107900221,140,132,8
107900223,8,221,-213
107900224,76,144,-68
107900225,0,353,-353
107900226,21,44,-23
107900227,29,180,-151
107900228,0,52,-52
107900229,3,154,-151
107900230,0,65,-65
107900231,0,84,-84
107900232,10,138,-128
107900233,1,78,-77
107900234,21,95,-74
107900235,23,74,-51
107900236,15,47,-32
107900237,64,290,-226
107900238,10,39,-29
107900239,537,173,364
107900240,5,69,-64
107900241,4,40,-36
107900242,5,213,-208
107900243,0,18,-18
107900244,32,0,32
107900245,60,8,52
107900246,9,3,6
107900248,67,200,-133
107900249,73,0,73
107900250,0,255,-255
107900251,6,553,-547
107900252,46,1,45
107900253,14,1,13
107900254,12,30,-18
107900255,170,10,160
107900256,69,162,-93
107900257,19,7,12
107900258,9,137,-128
107900259,21,181,-160
107900261,2,243,-241
107900262,11,44,-33
107900264,24,3,21
107900265,21,105,-84
107900267,7,7,0
107900268,25,1,24
107900269,0,1,-1
107900270,0,0,0
107900271,0,0,0
107900272,2,2,0
107900273,1,17,-16
107900274,3,0,3
107900275,16,0,16
107900276,0,43,-43
107900277,0,116,-116
107900278,35,151,-116
107900279,77,28,49
107900280,694,402,292
107900281,1131,313,818
107900282,13,47,-34
107900283,651,114,537
107900284,28,342,-314
107900285,27,60,-33
107900286,46,40,6
107900287,10,24,-14
107900290,0,25,-25
107900291,110,4,106
107900292,21,132,-111
107900293,3,226,-223
107900295,2,110,-108
107900297,2,129,-127
107900298,218,360,-142
107900299,1921,396,1525
107900300,12,57,-45
107900301,71,70,1
107900302,10,8,2
107900303,23,122,-99
107900304,33,290,-257
107900305,45,2,43
107900306,3,3,0
107900307,6,212,-206
107900308,46,10,36
107900309,3,0,3
107900310,0,0,0
107900311,21,8,13
107900312,0,0,0
107900313,0,15,-15
107900314,1,19,-18
107900315,0,7,-7
107900316,4,0,4
107900317,4,0,4
107900318,0,30,-30
107900319,3,164,-161
107900320,2,107,-105
107900321,15,1,14
107900322,1,123,-122
107900323,1,92,-91
107900324,20,0,20
107900325,2,0,2
107900326,34,171,-137
107900327,0,0,0
107900328,0,0,0
107900329,0,0,0
107900330,0,201,-201
107900331,12,10,2
107900332,42,10,32
107900333,9,7,2
107900334,3,136,-133
107900335,4,26,-22
107900336,4,13,-9
107900337,547,136,411
107900338,0,45,-45
107900339,0,15,-15
107900340,0,11,-11
107900341,0,0,0
107900342,20,54,-34
107900343,5,0,5
107900344,0,51,-51
107900345,8,5,3
107900346,8,0,8
107900347,5,0,5
107900348,0,1,-1
107900349,9,1,8
107900350,15,141,-126
107900351,0,148,-148
107900352,1,46,-45
107900353,5,4,1
107900354,0,39,-39
108000001,715,912,-197
108000002,1234,1822,-588
108000003,840,526,314
108000004,9606,7857,1749
108000005,1181,824,357
108000006,1836,2945,-1109
108000007,1075,1116,-41
108000008,2000,2871,-871
108000009,708,1038,-330
108000010,960,2765,-1805
108000011,2625,2202,423
108000012,9220,7482,1738
108000014,51,119,-68
108000015,66,99,-33
108000016,83,373,-290
108000017,83,116,-33
108000018,128,128,0
108000019,133,165,-32
108000020,134,100,34
108000021,189,922,-733
108000022,255,772,-517
108000023,316,49,267
108000024,33,305,-272
108000025,35,111,-76
108000026,38,276,-238
108000027,76,432,-356
108000028,42,183,-141
108000029,53,458,-405
108000030,16,90,-74
108000031,56,368,-312
108000032,160,94,66
108000033,173,633,-460
108000034,195,90,105
108000035,371,1367,-996
108000036,134,938,-804
108000037,299,61,238
108000038,363,60,303
108000039,106,1361,-1255
108000040,265,112,153
108000041,320,1366,-1046
108000042,12,132,-120
108000043,53,160,-107
108000044,10,63,-53
108000045,40,454,-414
108000046,124,85,39
108000047,126,625,-499
108000048,35,247,-212
108000049,41,35,6
108000050,47,262,-215
108000051,30,11,19
108000052,129,334,-205
108000053,39,16,23
108000054,167,408,-241
108000055,180,118,62
108000056,523,477,46
108000057,112,256,-144
108000058,446,612,-166
108000059,1565,682,883
108000060,17,81,-64
108000061,88,343,-255
108000062,137,88,49
108000063,59,402,-343
108000064,24,53,-29
108000065,198,337,-139
108000066,417,196,221
108000067,316,140,176
108000068,107,77,30
108000069,59,678,-619
108000070,159,110,49
108000071,178,1012,-834
108000072,180,180,0
108000073,441,989,-548
108000074,47,62,-15
108000075,95,430,-335
108000076,92,89,3
108000077,257,510,-253
108000078,455,317,138
108000079,561,866,-305
108000080,140,170,-30
108000081,136,1396,-1260
108000082,503,674,-171
108000083,421,154,267
108000084,125,452,-327
108000085,64,68,-4
108000086,296,300,-4
108000087,32,380,-348
108000088,101,16,85
108000089,100,101,-1
108000090,25,8,17
108000091,41,352,-311
108000092,19,11,8
108000093,61,484,-423
108000094,51,19,32
108000095,44,301,-257
108000096,29,16,13
108000097,26,341,-315
108000098,65,237,-172
108000099,87,49,38
108000100,8,41,-33
108000101,129,116,13
108000102,241,475,-234
108000106,98,0,98
108000107,2,343,-341
108000108,87,4,83
108000109,4,381,-377
108000110,36,90,-54
108000111,63,363,-300
108000112,10,11,-1
108000113,219,177,42
108000115,233,136,97
108000117,287,100,187
108000118,59,192,-133
108000119,263,301,-38
108000120,11,228,-217
108000121,53,286,-233
108000122,27,98,-71
108000123,48,123,-75
108000124,38,289,-251
108000125,33,217,-184
108000126,26,376,-350
108000127,44,246,-202
108000128,59,400,-341
108000129,46,783,-737
108000130,27,206,-179
108000131,144,66,78
108000132,349,480,-131
108000133,108,146,-38
108000134,193,541,-348
108000135,104,92,12
108000136,349,576,-227
108000137,83,204,-121
108000138,84,574,-490
108000139,33,175,-142
108000140,15,8,7
108000141,6,64,-58
108000142,15,68,-53
108000143,20,155,-135
108000144,37,5,32
108000145,9,9,0
108000146,41,12,29
108000147,12,19,-7
108000148,16,12,4
108000149,11,7,4
108000150,15,1,14
108000151,20,9,11
108000152,23,373,-350
108000153,24,43,-19
108000154,18,3,15
108000155,9,18,-9
108000156,194,103,91
108000157,31,121,-90
108000158,22,125,-103
108000159,287,43,244
108000160,2625,291,2334
108000161,2071,412,1659
108000165,1,62,-61
108000172,1,60,-59
108000173,1365,572,793
108000175,41,41,0
108000178,256,224,32
108000179,91,176,-85
108000181,19,18,1
108000182,101,21,80
108000183,6,109,-103
108000184,409,516,-107
108000185,26,391,-365
108000186,25,81,-56
108000187,11,436,-425
108000188,79,98,-19
108000189,305,508,-203
108000190,7,68,-61
108000192,24,341,-317
108000193,238,17,221
108000194,0,0,0
108000195,0,636,-636
108000196,4,22,-18
108000198,92,199,-107
108000199,0,60,-60
108000200,63,206,-143
108000203,23,648,-625
108000204,59,28,31
108000205,228,274,-46
108000339,485,97,388
108000364,142,83,59
108000365,20,189,-169
108000367,33,70,-37
108000368,6,32,-26
108000369,998,66,932
108000371,4,326,-322
108000372,32,0,32
108000373,0,0,0
108000376,35,9,26
108000377,93,170,-77
108000378,3533,2133,1400
108000379,8,60,-52
108000381,9,9,0
108000382,17,0,17
108000383,0,64,-64
108900001,58,600,-542
108900002,54,13,41
108900003,161,513,-352
108900004,1405,124,1281
108900005,1,16,-15
108900006,79,38,41
108900007,27,56,-29
108900008,6,58,-52
108900009,7,50,-43
108900010,12,63,-51
108900011,70,183,-113
108900012,48,275,-227
108900013,11,142,-131
108900014,0,23,-23
108900015,0,4,-4
108900016,0,77,-77
108900017,78,75,3
108900018,19,317,-298
108900019,3,620,-617
108900020,7,144,-137
108900021,34,152,-118
108900022,1,2,-1
108900023,2,6,-4
108900024,0,66,-66
108900025,10,59,-49
108900026,10,42,-32
108900027,0,60,-60
108900028,22,399,-377
108900029,4,104,-100
108900030,0,65,-65
108900031,5,352,-347
108900032,3,120,-117
108900033,0,36,-36
108900034,0,172,-172
108900035,58,1155,-1097
108900036,35,103,-68
108900037,3,114,-111
108900038,0,194,-194
108900039,2,314,-312
108900040,1,54,-53
108900041,2928,601,2327
108900042,0,120,-120
108900043,8,212,-204
108900044,2,494,-492
108900045,3,309,-306
108900046,11,497,-486
108900047,0,41,-41
108900048,17,444,-427
108900049,2469,242,2227
108900050,2,173,-171
108900051,0,102,-102
108900052,2,195,-193
108900053,20,46,-26
108900054,10,121,-111
108900055,26,251,-225
108900056,0,108,-108
108900057,0,88,-88
108900058,1,290,-289
108900059,65,3,62
108900060,40,29,11
108900061,36,5,31
108900062,1,200,-199
108900063,2,202,-200
108900064,11,18,-7
108900065,3,215,-212
108900066,50,36,14
108900067,1,147,-146
108900068,1,152,-151
108900069,7,72,-65
108900070,8,127,-119
108900071,12,21,-9
108900072,1008,70,938
108900073,4,278,-274
108900074,5,258,-253
108900075,11,40,-29
108900076,18,13,5
108900077,86,371,-285
108900078,5,112,-107
108900079,269,82,187
108900080,12,91,-79
108900081,32,113,-81
108900082,12,48,-36
108900083,3,70,-67
108900084,85,32,53
108900085,1019,40,979
108900086,15,168,-153
108900087,75,72,3
108900088,99,33,66
108900089,0,37,-37
108900090,4,174,-170
108900091,68,47,21
108900092,46,47,-1
108900093,22,10,12
108900094,46,16,30
108900095,30,351,-321
108900096,235,8,227
108900097,79,138,-59
108900098,1283,25,1258
108900099,72,186,-114
108900100,8,59,-51
108900101,42,13,29
108900102,20,161,-141
108900103,9,17,-8
108900104,48,45,3
108900105,0,123,-123
108900106,62,400,-338
108900108,18,3,15
108900109,41,16,25
108900110,12,243,-231
108900111,29,424,-395
108900112,31,5,26
108900113,13,1,12
108900114,1,5,-4
108900115,7,16,-9
108900116,3,1,2
108900117,18,5,13
108900118,48,0,48
108900119,49,15,34
108900120,24,30,-6
108900121,38,1,37
108900122,11,4,7
108900123,6,9,-3
108900124,47,40,7
108900125,22,0,22
108900126,13,0,13
108900127,25,5,20
108900128,4,0,4
108900129,76,18,58
108900130,13,0,13
108900131,25,0,25
108900132,37,8,29
108900133,30,13,17
108900134,19,98,-79
108900135,22,0,22
108900136,2,0,2
108900137,9,0,9
108900138,93,9,84
108900139,10,13,-3
108900140,18,84,-66
108900141,34,0,34
108900142,1,0,1
108900143,2,0,2
108900144,4,0,4
108900145,10,0,10
108900146,2,0,2
108900147,14,0,14
108900148,20,12,8
108900149,64,55,9
108900150,93,1,92
108900151,9,1,8
108900152,7,8,-1
108900153,21,315,-294
108900154,606,68,538
108900155,9,20,-11
108900156,9,19,-10
108900157,2,303,-301
108900158,15,10,5
108900159,6,113,-107
108900160,4,113,-109
108900161,1,222,-221
108900162,28,0,28
108900163,1,16,-15
108900164,14,57,-43
108900165,38,4,34
108900167,229,232,-3
108900168,5536,517,5019
108900169,6,34,-28
108900171,1539,372,1167
108900172,20,4,16
108900173,116,133,-17
108900174,64,176,-112
108900176,39,332,-293
108900177,4537,553,3984
108900178,2601,309,2292
108900179,48,118,-70
108900180,10,39,-29
108900182,4,18,-14
108900183,78,69,9
108900184,49,38,11
108900185,9,114,-105
108900186,6,131,-125
108900187,17,9,8
108900188,20,6,14
108900189,25,25,0
108900190,5,1362,-1357
108900191,27,3,24
108900192,17,141,-124
108900193,1,2,-1
108900194,0,102,-102
108900195,10,187,-177
108900196,8,295,-287
108900198,1,124,-123
108900199,19,172,-153
108900200,104,134,-30
108900201,48,535,-487
108900203,38,3,35
108900204,36,0,36
108900205,21,1,20
108900206,29,5,24
108900207,16,7,9
108900208,20,142,-122
108900209,86,316,-230
108900210,29,101,-72
108900211,22,51,-29
108900212,250,191,59
108900215,32,308,-276
108900216,111,17,94
108900217,27,0,27
108900218,19,2,17
108900219,2,1,1
108900220,2,0,2
108900221,8,12,-4
108900222,9,2,7
108900223,0,7,-7
108900224,8,22,-14
108900225,0,40,-40
108900227,19,13,6
108900230,196,160,36
108900231,13,65,-52
108900232,1,203,-202
108900233,71,12,59
108900234,64,19,45
108900235,76,294,-218
108900236,7,197,-190
108900237,6,75,-69
108900240,1,20,-19
108900241,1,9,-8
108900245,0,84,-84
108900249,5,0,5
108900250,18,23,-5
108900257,0,82,-82
108900258,6,133,-127
108900259,3,37,-34
108900260,3,71,-68
108900261,60,67,-7
108900262,146,38,108
108900263,23,156,-133
108900264,162,90,72
108900265,506,88,418
108900266,489,47,442
108900267,5,12,-7
108900268,3,2,1
108900269,6,5,1
108900270,12,4,8
108900271,2,0,2
108900272,17,0,17
108900273,460,111,349
108900274,8,22,-14
109000001,1013,326,687
109000002,2221,764,1457
109000003,592,189,403
109000004,267,1670,-1403
109000005,407,310,97
109000006,391,1225,-834
109000007,195,223,-28
109000008,198,1119,-921
109000009,806,380,426
109000010,712,2191,-1479
109000011,453,503,-50
109000012,671,2471,-1800
109000013,598,380,218
109000014,436,2206,-1770
109000015,838,851,-13
109000016,4979,2232,2747
109000017,524,378,146
109000018,454,1946,-1492
109000019,533,392,141
109000020,623,1291,-668
109000023,1,0,1
109000024,4,54,-50
109000025,172,128,44
109000026,275,128,147
109000027,19,131,-112
109000028,24,42,-18
109000029,87,31,56
109000030,18,189,-171
109000031,0,0,0
109000032,17,193,-176
109000033,6,10,-4
109000034,20,12,8
109000035,0,11,-11
109000036,32,199,-167
109000037,59,259,-200
109000038,279,167,112
109000039,171,126,45
109000040,2133,834,1299
109000041,3165,472,2693
109000042,314,370,-56
109000044,15,39,-24
109000045,19,244,-225
109000046,12,19,-7
109000047,12,230,-218
109000048,71,22,49
109000049,88,286,-198
109000050,20,18,2
109000051,119,179,-60
109000052,84,911,-827
109000053,29,39,-10
109000054,25,312,-287
109000055,65,68,-3
109000056,70,241,-171
109000057,51,58,-7
109000058,327,88,239
109000059,130,429,-299
109000060,113,30,83
109000061,844,195,649
109000062,19,37,-18
109000063,105,149,-44
109000064,15,30,-15
109000065,12,231,-219
109000066,66,28,38
109000067,19,247,-228
109000068,1,0,1
109000069,2,0,2
109000070,3,373,-370
109000071,105,26,79
109000072,36,219,-183
109000073,15,29,-14
109000074,13,152,-139
109000075,13,222,-209
109000076,35,75,-40
109000077,117,106,11
109000078,18,48,-30
109000079,20,123,-103
109000080,18,56,-38
109000081,10,322,-312
109000082,82,200,-118
109000083,39,478,-439
109000088,25,191,-166
109000089,46,11,35
109000090,109,302,-193
109000091,84,26,58
109000092,172,426,-254
109000093,60,20,40
109000094,43,0,43
109000095,26,425,-399
109000096,136,4,132
109000097,31,53,-22
109000098,0,1,-1
109000099,93,85,8
109000100,18,239,-221
109000101,144,324,-180
109000102,62,435,-373
109000103,72,326,-254
109000104,226,207,19
109000105,147,845,-698
109000106,218,230,-12
109000107,102,958,-856
109000108,134,164,-30
109000109,198,903,-705
109000110,166,170,-4
109000111,293,1165,-872
109000112,48,61,-13
109000113,70,80,-10
109000114,27,110,-83
109000115,244,36,208
109000116,6,110,-104
109000117,13,33,-20
109000118,1,178,-177
109000119,92,79,13
109000120,21,758,-737
109000121,40,20,20
109000122,18,706,-688
109000123,14,53,-39
109000124,99,177,-78
109000125,73,189,-116
109000126,109,594,-485
109000127,89,70,19
109000128,112,1475,-1363
109000129,255,93,162
109000130,209,1473,-1264
109000131,117,58,59
109000132,235,801,-566
109000133,79,459,-380
109000134,168,820,-652
109000135,286,607,-321
109000136,65,229,-164
109000137,38,70,-32
109000138,92,277,-185
109000139,88,152,-64
109000140,30,227,-197
109000141,48,178,-130
109000142,42,294,-252
109000143,22,15,7
109000145,33,35,-2
109000146,22,23,-1
109000148,2078,194,1884
109000149,8,10,-2
109000150,21,50,-29
109000155,107,245,-138
109000156,436,404,32
109000158,6,135,-129
109000159,19,264,-245
109000160,118,143,-25
109000161,69,663,-594
109000162,523,596,-73
109000163,160,624,-464
109000164,296,1174,-878
109000165,220,239,-19
109000166,115,82,33
109000167,47,467,-420
109000170,9,30,-21
109000171,21,22,-1
109000172,12,19,-7
109000173,12,20,-8
109000174,15,41,-26
109000175,1,53,-52
109000176,57,275,-218
109000177,6,53,-47
109000178,115,139,-24
109000179,3688,691,2997
109000180,2188,941,1247
109000181,9,24,-15
109000182,14,26,-12
109000183,5,19,-14
109000184,4,15,-11
109000185,1,38,-37
109000188,62,1371,-1309
109000189,236,321,-85
109000190,115,329,-214
109000191,34,170,-136
109000192,60,82,-22
109000193,41,264,-223
109000194,54,46,8
109000195,17,222,-205
109000196,26,30,-4
109000197,33,276,-243
109000198,17,35,-18
109000199,62,249,-187
109000206,50,37,13
109000207,25,35,-10
109000208,94,27,67
109000209,51,11,40
109000210,95,212,-117
109000211,58,123,-65
109000214,110,354,-244
109000215,8,9,-1
109000216,12,27,-15
109000217,56,17,39
109000218,36,27,9
109000221,34,599,-565
109000222,92,12,80
109000223,69,123,-54
109000224,23,170,-147
109000225,14,32,-18
109000226,20,173,-153
109000227,184,690,-506
109000228,1,142,-141
109000231,1,296,-295
109000232,40,274,-234
109000236,48,458,-410
109000241,295,864,-569
109000242,244,392,-148
109000293,2,11,-9
109000361,40,106,-66
109000364,55,343,-288
109000396,0,630,-630
109000397,59,1,58
109000399,51,260,-209
109000400,25,184,-159
109000403,17,68,-51
109000406,0,0,0
109000407,42,126,-84
109000408,0,239,-239
109000410,249,71,178
109000411,17,14,3
109900001,5,0,5
109900002,76,0,76
109900003,57,0,57
109900004,116,100,16
109900005,3,4,-1
109900006,21,144,-123
109900007,42,541,-499
109900008,0,25,-25
109900009,27,623,-596
109900010,94,6,88
109900011,10,13,-3
109900012,25,44,-19
109900013,79,39,40
109900014,29,13,16
109900015,40,14,26
109900016,37,23,14
109900017,13,22,-9
109900018,42,83,-41
109900019,20,53,-33
109900020,1,8,-7
109900021,2,1,1
109900022,12,197,-185
109900023,11,1,10
109900024,7,1,6
109900025,1,33,-32
109900026,3,72,-69
109900027,25,0,25
109900028,1499,145,1354
109900029,2,259,-257
109900030,3,0,3
109900031,1,19,-18
109900032,7,136,-129
109900033,0,146,-146
109900034,4,0,4
109900035,4,4,0
109900036,12,44,-32
109900037,10,263,-253
109900038,2,117,-115
109900039,0,0,0
109900040,10,383,-373
109900041,16,207,-191
109900042,1,228,-227
109900044,12,146,-134
109900045,2,15,-13
109900046,18,20,-2
109900047,148,106,42
109900048,1,34,-33
109900049,2,8,-6
109900050,0,180,-180
109900051,0,12,-12
109900052,4,133,-129
109900053,3,280,-277
109900054,70,40,30
109900055,11,139,-128
109900056,5,27,-22
109900057,2,120,-118
109900058,0,71,-71
109900059,61,16,45
109900060,48,45,3
109900061,43,167,-124
109900062,0,122,-122
109900063,1,112,-111
109900064,40,70,-30
109900065,54,68,-14
109900066,86,533,-447
109900067,0,251,-251
109900068,1,0,1
109900069,0,10,-10
109900070,36,107,-71
109900071,0,8,-8
109900072,1,66,-65
109900073,29,285,-256
109900074,1,40,-39
109900075,0,3,-3
109900076,4,138,-134
109900077,6,25,-19
109900078,27,100,-73
109900080,21,146,-125
109900081,1,38,-37
109900082,11,243,-232
109900083,2,22,-20
109900084,3,48,-45
109900085,23,601,-578
109900086,22,46,-24
109900087,20,119,-99
109900089,71,23,48
109900090,182,414,-232
109900091,29,23,6
109900092,54,3,51
109900093,83,39,44
109900094,8,41,-33
109900095,30,59,-29
109900096,3,2,1
109900097,4,0,4
109900098,39,3,36
109900099,14,0,14
109900100,4,0,4
109900101,33,0,33
109900102,94,15,79
109900103,2,14,-12
109900104,58,708,-650
109900105,68,9,59
109900106,21,35,-14
109900107,54,34,20
109900108,14,366,-352
109900109,7,101,-94
109900110,21,248,-227
109900111,64,488,-424
109900112,88,511,-423
109900113,59,97,-38
109900114,126,16,110
109900115,15,10,5
109900117,87,26,61
109900118,80,180,-100
109900119,191,98,93
109900120,3,2,1
109900121,86,36,50
109900122,40,1,39
109900123,0,80,-80
109900124,12,445,-433
109900125,1,99,-98
109900126,12,71,-59
109900128,22,18,4
109900130,5053,296,4757
109900131,12,51,-39
109900132,14,72,-58
109900133,20,238,-218
109900134,5,5,0
109900135,156,7,149
109900136,8,26,-18
109900137,3,230,-227
109900140,16,193,-177
109900142,105,62,43
109900145,1,41,-40
109900146,93,10,83
109900148,5,30,-25
109900149,21,11,10
109900150,2,16,-14
109900151,0,21,-21
109900152,0,2,-2
109900153,0,20,-20
109900154,1,0,1
109900155,2,1,1
109900157,9,110,-101
109900158,33,54,-21
109900159,24,6,18
109900160,14,16,-2
109900161,29,7,22
109900162,17,20,-3
109900163,222,86,136
109900164,17,96,-79
109900165,33,5,28
109900166,0,98,-98
109900167,25,346,-321
109900168,22,230,-208
109900169,26,41,-15
109900170,52,74,-22
109900171,35,35,0
109900172,15,64,-49
109900173,1839,275,1564
109900174,9,51,-42
109900175,8,42,-34
109900176,31,108,-77
109900177,9,170,-161
109900178,0,55,-55
109900179,1,4,-3
109900180,0,1,-1
110000001,218,226,-8
110000002,145,163,-18
110000003,402,273,129
110000004,227,175,52
110000005,387,408,-21
110000006,240,170,70
110000007,33,73,-40
110000008,19,26,-7
110000009,1,18,-17
110000010,11,38,-27
110000011,3,39,-36
110000012,324,238,86
110000013,9,92,-83
110000014,408,176,232
110000015,179,187,-8
110000016,115,205,-90
110000017,1686,137,1549
110000018,1692,218,1474
110000019,5,73,-68
110000020,197,81,116
110000021,133,125,8
110000022,156,42,114
110000023,2,77,-75
110000024,364,192,172
110000025,32,0,32
110000026,1,261,-260
110000027,266,50,216
110000028,247,198,49
110000029,192,434,-242
110000030,76,139,-63
110000031,68,292,-224
110000032,250,137,113
110000033,33,34,-1
110000034,55,290,-235
110000035,91,491,-400
110000036,109,310,-201
110000037,26,375,-349
110000038,81,216,-135
110000039,80,296,-216
110000040,141,199,-58
110000041,16,72,-56
110000042,41,187,-146
110000043,45,20,25
110000044,3,26,-23
110000045,8,2,6
110000046,1,7,-6
110000047,0,0,0
110000048,0,3,-3
110000049,1,1,0
110000050,2,2,0
110000051,2,0,2
110000052,6,29,-23
110000053,0,0,0
110000054,21,80,-59
110000055,24,3,21
110000056,4,7,-3
110000057,138,425,-287
110000058,166,272,-106
110000059,212,345,-133
110000060,127,211,-84
110000061,581,527,54
110000062,279,289,-10
110000063,12,43,-31
110000064,24,42,-18
110000065,9,36,-27
110000066,27,15,12
110000067,21,147,-126
110000068,49,267,-218
110000069,49,35,14
110000071,17,48,-31
110000073,1,12,-11
110000075,1,45,-44
110000076,122,65,57
110000077,172,147,25
110000078,2,19,-17
110000080,90,266,-176
110000081,5,90,-85
110000082,5,82,-77
110000083,71,255,-184
110000084,125,160,-35
110000085,1593,582,1011
110000086,484,262,222
110000087,1,32,-31
110000088,1,98,-97
110000089,17,67,-50
110000090,9,115,-106
110000091,877,109,768
110000092,4,50,-46
110000093,11,1,10
110000094,205,127,78
110000095,19,149,-130
110000096,2308,716,1592
110000097,339,343,-4
110000098,415,137,278
110000099,389,645,-256
110000100,61,375,-314
110000101,5,325,-320
110000102,19,10,9
110000104,25,28,-3
110000105,11,146,-135
110000106,93,46,47
110000107,144,229,-85
110000108,14,6,8
110000109,129,137,-8
110000110,1780,804,976
110000111,4826,739,4087
110000112,501,129,372
110000113,241,232,9
110000114,33,139,-106
110000115,67,95,-28
110000116,15,19,-4
110000117,23,283,-260
110000118,108,105,3
110000119,50,181,-131
110000120,106,107,-1
110000121,23,114,-91
110000122,125,267,-142
110000123,138,161,-23
110000124,1,369,-368
110000125,208,1,207
110000126,75,5,70
110000127,86,7,79
110000128,5,862,-857
110000129,2,312,-310
110000130,31,26,5
110000131,37,209,-172
110000132,2,304,-302
110000133,21,94,-73
110000134,9,108,-99
110000135,69,7,62
110000136,14,159,-145
110000137,66,302,-236
110000138,87,506,-419
110000139,197,669,-472
110000140,211,89,122
110000143,181,126,55
110000144,1266,310,956
110000145,412,213,199
110000146,430,181,249
110000147,42,239,-197
110000148,91,53,38
110000151,312,142,170
110000152,295,124,171
110000153,19,34,-15
110000154,0,1,-1
110000155,477,724,-247
110000156,241,445,-204
110000157,445,503,-58
110000160,137,187,-50
110000161,55,222,-167
110000166,34,59,-25
110000167,102,161,-59
110000168,143,86,57
110000169,79,90,-11
110000170,18,41,-23
110000171,92,63,29
110000172,30,385,-355
110000173,338,504,-166
110000174,27,652,-625
110000175,39,27,12
110000176,8,52,-44
110000177,32,211,-179
110000178,320,210,110
110000179,506,133,373
110000180,14,145,-131
110000181,120,160,-40
110000182,152,148,4
110000183,4835,1354,3481
110000184,190,566,-376
110000185,246,271,-25
110000186,237,211,26
110000191,90,252,-162
110000192,42,0,42
110000193,76,0,76
110000194,3,613,-610
110000195,49,147,-98
110000196,49,323,-274
110000197,4,93,-89
110000198,13,32,-19
110000199,13,78,-65
110000200,555,386,169
110000201,115,195,-80
110000202,209,133,76
110000203,188,426,-238
110000204,1,221,-220
110000205,13,44,-31
110000206,160,828,-668
110000207,111,129,-18
110000208,19,54,-35
110000209,31,484,-453
110000210,0,0,0
110000211,0,0,0
110000212,41,331,-290
110000213,9,19,-10
110000214,12,23,-11
110000215,27,323,-296
110000216,14,295,-281
110000217,56,110,-54
110000218,14,242,-228
110000219,52,13,39
110000220,8,292,-284
110000221,50,21,29
110000222,15,164,-149
110000223,4,7,-3
110000224,3,3,0
110000225,46,249,-203
110000226,5,9,-4
110000227,127,132,-5
110000228,9,11,-2
110000229,1,137,-136
110000230,122,365,-243
110000231,40,72,-32
110000232,44,133,-89
110000233,31,80,-49
110000234,136,126,10
110000235,360,261,99
110000236,92,525,-433
110000237,351,464,-113
110000238,209,439,-230
110000239,319,623,-304
110000240,2,48,-46
110000242,0,17,-17
110000243,18,124,-106
110000244,45,149,-104
110000245,18,176,-158
110000246,109,293,-184
110000247,436,1630,-1194
110000248,524,577,-53
110000249,15,1,14
110000250,3,103,-100
110000251,30,211,-181
110000252,38,121,-83
110000253,211,147,64
110000254,192,654,-462
110000255,55,663,-608
110000256,81,31,50
110000257,71,166,-95
110000258,3,185,-182
110000259,36,2,34
110000260,7,214,-207
110000263,125,95,30
110000264,53,275,-222
110000265,333,460,-127
110000266,496,650,-154
110000267,8,101,-93
110000268,24,164,-140
110000269,0,52,-52
110000270,1,0,1
110000271,504,61,443
110000272,203,363,-160
110000273,568,507,61
110000274,108,287,-179
110000275,1356,219,1137
110000276,54,108,-54
110000277,31,126,-95
110000278,69,411,-342
110000279,80,210,-130
110000280,55,195,-140
110000281,3,73,-70
110000282,7,31,-24
110000283,0,10,-10
110000284,7,10,-3
110000285,0,89,-89
110000286,0,0,0
110000287,3,1,2
110000288,0,32,-32
110000289,118,430,-312
110000290,665,260,405
110000291,2782,510,2272
110000292,554,801,-247
110000293,106,551,-445
110000294,162,211,-49
110000295,29,405,-376
110000296,43,151,-108
110000297,703,153,550
110000298,151,227,-76
110000299,176,6,170
110000301,47,3,44
110000302,70,732,-662
110000303,41,0,41
110000304,22,130,-108
110000305,111,5,106
110000306,47,1423,-1376
110000307,266,0,266
110000308,32,1,31
110000309,0,864,-864
110000310,97,16,81
110000311,7,484,-477
110000312,92,6,86
110000313,717,705,12
110000314,1,111,-110
110000315,931,688,243
110000316,202,543,-341
110000317,212,172,40
110000318,0,35,-35
110000319,8,5,3
110000320,3,49,-46
110000321,3,16,-13
110000322,37,290,-253
110000323,49,179,-130
110000324,2520,586,1934
110000325,177,412,-235
110000327,57,58,-1
110000328,52,271,-219
110000333,68,85,-17
110000334,116,693,-577
110000335,127,199,-72
110000336,130,779,-649
110000337,130,194,-64
110000338,50,145,-95
110000339,41,101,-60
110000340,10,106,-96
110000341,46,323,-277
110000342,35,0,35
110000343,0,6,-6
110000344,2,112,-110
110000345,5,37,-32
110000346,923,457,466
110000347,380,199,181
110000348,3,16,-13
110000349,3,6,-3
110000350,2,0,2
110000351,108,395,-287
110000352,138,704,-566
110000353,1113,299,814
110000354,248,735,-487
110000355,10,41,-31
110000356,0,0,0
110000357,91,8,83
110000361,5,46,-41
110000362,12,33,-21
110000363,85,41,44
110000364,18,167,-149
110000365,16,1,15
110000366,0,35,-35
110000367,58,128,-70
110000368,0,31,-31
110000369,5,0,5
110000373,2,160,-158
110000374,12,0,12
110000375,37,361,-324
110000376,18,82,-64
110000377,0,0,0
110000378,18,160,-142
110000379,1559,474,1085
110000380,9,7,2
110000383,0,170,-170
110000384,206,35,171
110000385,0,128,-128
110000387,0,3,-3
110000388,3,156,-153
110000389,38,1,37
110000391,7,172,-165
110000396,12,82,-70
110000397,11,82,-71
110000398,1,8,-7
110000399,0,0,0
110000587,18,14,4
110000589,23,54,-31
110000640,60,55,5
110000652,0,16,-16
110000653,47,280,-233
110000654,0,5,-5
110000656,0,268,-268
110000674,6,2,4
110000675,1,4,-3
110000676,0,19,-19
110000679,391,114,277
110000682,20,29,-9
110000683,197,166,31
110000684,0,50,-50
110000685,4,0,4
110000686,0,12,-12
110000687,0,0,0
110000688,15,158,-143
110000689,18,31,-13
110000692,41,128,-87
110000693,21,68,-47
110000694,0,74,-74
110000695,38,347,-309
110000696,79,58,21
110900001,17,4,13
110900002,13,149,-136
110900003,49,561,-512
110900004,36,125,-89
110900005,1993,206,1787
110900006,17,2,15
110900007,5,5,0
110900008,0,42,-42
110900009,51,11,40
110900010,1,42,-41
110900011,0,31,-31
110900012,0,69,-69
110900013,198,71,127
110900014,15,4,11
110900015,318,64,254
110900016,5,144,-139
110900017,64,13,51
110900018,50,8,42
110900019,15,3,12
110900020,0,286,-286
110900021,24,309,-285
110900022,9,199,-190
110900023,33,249,-216
110900024,18,305,-287
110900025,1,26,-25
110900027,6,124,-118
110900028,10,99,-89
110900029,12,253,-241
110900030,5,131,-126
110900031,0,77,-77
110900032,1,54,-53
110900033,8,150,-142
110900035,13,208,-195
110900036,12,9,3
110900037,4,6,-2
110900038,561,92,469
110900039,1,131,-130
110900040,43,16,27
110900041,0,101,-101
110900042,26,24,2
110900043,1,121,-120
110900044,128,13,115
110900045,29,373,-344
110900046,92,144,-52
110900047,335,33,302
110900049,5,10,-5
110900050,4,0,4
110900051,20,77,-57
110900052,1,120,-119
110900053,21,32,-11
110900054,3,176,-173
110900055,3,0,3
110900056,21,65,-44
110900057,3,146,-143
110900058,30,194,-164
110900059,181,493,-312
110900060,42,19,23
110900061,9,14,-5
110900062,17,215,-198
110900063,3,36,-33
110900064,1,0,1
110900065,132,42,90
110900066,0,41,-41
110900067,383,183,200
110900068,87,110,-23
110900069,0,9,-9
110900070,54,18,36
110900071,120,52,68
110900073,0,4,-4
110900074,38,23,15
110900075,38,25,13
110900077,57,162,-105
110900078,0,75,-75
110900079,817,134,683
110900080,10,18,-8
110900081,0,76,-76
110900082,6,98,-92
110900083,24,12,12
110900084,5,105,-100
110900085,17,182,-165
110900086,16,32,-16
110900087,22,35,-13
110900088,7,0,7
110900090,10,9,1
110900091,0,30,-30
110900093,39,19,20
110900095,4,33,-29
110900097,3,6,-3
110900098,4,36,-32
110900099,21,286,-265
110900100,0,9,-9
110900102,4,4,0
110900105,238,143,95
110900108,1,44,-43
110900111,84,35,49
110900112,86,0,86
110900113,242,10,232
110900115,1,56,-55
110900116,63,1482,-1419
110900118,65,249,-184
110900119,3065,90,2975
110900120,3,54,-51
110900121,7,0,7
110900122,29,53,-24
110900125,44,67,-23
110900127,230,174,56
110900128,68,81,-13
110900129,76,58,18
110900130,343,95,248
110900131,11,40,-29
110900132,39,9,30
110900133,8,168,-160
110900135,20,252,-232
110900136,46,1,45
110900139,0,0,0
110900140,0,0,0
110900141,80,72,8
110900142,8,66,-58
110900143,13,16,-3
110900144,2,313,-311
110900145,27,2,25
110900146,134,9,125
110900147,56,76,-20
110900148,0,140,-140
110900149,0,43,-43
110900150,3,8,-5
110900151,1,16,-15
110900152,9,215,-206
110900153,24,6,18
111000001,182,188,-6
111000002,282,381,-99
111000003,125,61,64
111000004,197,529,-332
111000005,189,237,-48
111000006,468,649,-181
111000007,930,475,455
111000008,1855,1149,706
111000009,172,521,-349
111000010,151,66,85
111000011,267,454,-187
111000012,187,123,64
111000013,115,611,-496
111000014,202,177,25
111000017,73,205,-132
111000018,83,180,-97
111000020,1184,837,347
111000021,43,32,11
111000023,21,30,-9
111000025,3106,602,2504
111000029,27,59,-32
111000030,11,39,-28
111000031,745,172,573
111000032,160,88,72
111000033,75,41,34
111000034,141,87,54
111000037,1353,389,964
111000038,741,735,6
111000039,327,1006,-679
111000040,448,960,-512
111000041,562,439,123
111000042,3285,1044,2241
111000043,254,207,47
111000044,196,43,153
111000045,327,375,-48
111000046,182,318,-136
111000047,334,433,-99
111000049,94,242,-148
111000050,817,807,10
111000051,160,493,-333
111000052,162,525,-363
111000053,89,456,-367
111000054,125,528,-403
111000055,460,1198,-738
111000056,24,380,-356
111000057,14,448,-434
111000058,10,51,-41
111000059,19,100,-81
111000060,184,102,82
111000061,98,177,-79
111000062,64,88,-24
111000063,212,262,-50
111000064,107,156,-49
111000065,174,204,-30
111000066,32,67,-35
111000067,88,283,-195
111000068,122,257,-135
111000069,686,836,-150
111000070,1244,655,589
111000071,98,413,-315
111000072,57,13,44
111000073,0,43,-43
111000074,188,153,35
111000075,77,102,-25
111000076,44,164,-120
111000077,343,412,-69
111000078,659,505,154
111000079,416,288,128
111000080,141,249,-108
111000081,961,870,91
111000082,213,304,-91
111000084,179,215,-36
111000085,269,570,-301
111000086,843,463,380
111000087,255,325,-70
111000088,1446,427,1019
111000089,147,362,-215
111000090,613,521,92
111000091,179,335,-156
111000092,343,660,-317
111000093,102,357,-255
111000094,340,381,-41
111000095,132,637,-505
111000096,1248,2389,-1141
111000097,3273,535,2738
111000098,148,721,-573
111000099,112,1481,-1369
111000100,78,1300,-1222
111000101,148,440,-292
111000102,20,409,-389
111000104,40,22,18
111000107,7,367,-360
111000109,17,27,-10
111000110,138,94,44
111000111,239,75,164
111000112,232,46,186
111000113,139,92,47
111000114,284,259,25
111000115,3609,328,3281
111000116,243,257,-14
111000117,189,287,-98
111000118,549,411,138
111000119,300,660,-360
111000120,117,241,-124
111000121,61,208,-147
111000122,186,518,-332
111000123,235,1644,-1409
111000124,155,2180,-2025
111000125,37,1269,-1232
111000126,19,600,-581
111000127,44,7,37
111000128,50,14,36
111000129,161,34,127
111000130,132,226,-94
111000131,141,153,-12
111000132,60,49,11
111000133,58,33,25
111000134,50,48,2
111000135,7,37,-30
111000136,49,68,-19
111000138,6,2,4
111000140,2,3,-1
111000141,18,74,-56
111000142,1,54,-53
111000143,1,75,-74
111000144,1,48,-47
111000145,0,0,0
111000146,0,0,0
111000147,0,0,0
111000148,11,12,-1
111000149,1,10,-9
111000150,3,2,1
111000151,3,11,-8
111000153,208,139,69
111000154,279,105,174
111000155,18,67,-49
111000156,81,43,38
111000157,22,65,-43
111000158,234,149,85
111000159,747,167,580
111000160,49,141,-92
111000161,4,101,-97
111000162,3,72,-69
111000163,76,305,-229
111000164,391,716,-325
111000165,476,156,320
111000166,341,95,246
111000167,64,222,-158
111000168,57,100,-43
111000169,60,103,-43
111000170,126,110,16
111000171,185,406,-221
111000172,34,262,-228
111000173,76,692,-616
111000174,16,235,-219
111000175,15,138,-123
111000176,36,84,-48
111000177,53,180,-127
111000178,116,218,-102
111000179,25,104,-79
111000180,50,121,-71
111000181,116,114,2
111000182,27,63,-36
111000183,24,61,-37
111000184,44,54,-10
111000185,104,232,-128
111000186,33,156,-123
111000187,20,138,-118
111000188,31,210,-179
111000189,771,288,483
111000190,115,322,-207
111000191,30,278,-248
111000192,46,371,-325
111000193,178,217,-39
111000194,7,216,-209
111000195,24,252,-228
111000196,12,146,-134
111000197,34,36,-2
111000198,42,16,26
111000199,19,28,-9
111000200,24,64,-40
111000201,82,94,-12
111000202,40,40,0
111000203,38,52,-14
111000204,54,76,-22
111000213,34,139,-105
111000214,391,582,-191
111000215,368,641,-273
111000217,264,301,-37
111000218,206,336,-130
111000219,125,137,-12
111000220,1166,220,946
111000221,186,27,159
111000224,78,203,-125
111000225,46,79,-33
111000226,3,0,3
111000227,1,0,1
111000228,0,98,-98
111000229,8,105,-97
111000230,47,204,-157
111000231,38,643,-605
111000232,74,413,-339
111000233,66,277,-211
111000234,11,68,-57
111000239,106,114,-8
111000240,11,8,3
111000241,9,236,-227
111000242,5,4,1
111000243,15,505,-490
111000244,7,9,-2
111000245,95,244,-149
111000246,33,267,-234
111000247,48,679,-631
111000248,70,156,-86
111000249,141,558,-417
111000250,18,81,-63
111000251,13,65,-52
111000253,0,0,0
111000255,0,0,0
111000257,0,0,0
111000260,10,679,-669
111000261,98,24,74
111000271,8,165,-157
111000273,2689,382,2307
111000274,430,650,-220
111000275,26,9,17
111000276,89,1162,-1073
111000277,62,275,-213
111000278,143,68,75
111000291,81,542,-461
111000298,111,135,-24
111000299,76,5,71
111000300,15,282,-267
111000302,56,45,11
111000303,19,127,-108
111000312,12,32,-20
111000315,18,147,-129
111000320,90,276,-186
111000321,80,21,59
111000322,36,218,-182
111000323,32,7,25
111000324,69,125,-56
111000325,5,35,-30
111000326,12,171,-159
111000327,96,186,-90
111000328,53,153,-100
111000329,0,12,-12
111000330,8,2,6
111000331,4,0,4
111000332,151,482,-331
111000334,99,914,-815
111000335,88,55,33
111000337,109,271,-162
111000338,3,73,-70
111000339,41,456,-415
111000340,17,436,-419
111000341,242,77,165
111000342,12,89,-77
111000344,256,275,-19
111000345,8,3,5
111000346,0,34,-34
111000347,15,1,14
111000350,37,17,20
111000351,26,122,-96
111000352,16,17,-1
111000353,28,131,-103
111000354,55,19,36
111000355,59,284,-225
111000358,12,981,-969
111000360,14,524,-510
111000361,9,194,-185
111000546,91,314,-223
111000547,15,224,-209
111000548,47,98,-51
111000549,25,132,-107
111000550,20,96,-76
111000551,157,25,132
111000552,18,7,11
111000907,9,7,2
111000908,0,0,0
111000916,153,97,56
111000917,15,176,-161
111000918,34,501,-467
111000920,49,1,48
111000921,0,254,-254
111000922,58,207,-149
111000924,10,563,-553
111000925,397,520,-123
111000926,410,1445,-1035
111000927,1288,869,419
111000928,4170,1740,2430
111000929,197,265,-68
111000930,238,1107,-869
111000931,378,506,-128
111000932,1576,1089,487
111000933,990,474,516
111000934,991,1213,-222
111000935,164,384,-220
111000936,291,1068,-777
111000937,214,311,-97
111000938,674,1164,-490
111000939,4,0,4
111000940,63,132,-69
111000941,42,183,-141
111000943,48,88,-40
111000944,18,241,-223
111000945,2,1044,-1042
111001109,38,16,22
111001110,60,420,-360
111001111,3,3,0
111001112,15,1,14
111001113,20,44,-24
111001114,214,34,180
111001115,44,114,-70
111001116,1320,177,1143
111001117,297,288,9
111001120,41,136,-95
111001121,57,202,-145
111001122,73,442,-369
111001123,10,18,-8
111001124,12,289,-277
111001125,1,8,-7
111900001,0,95,-95
111900002,6,414,-408
111900003,1,193,-192
111900004,13,70,-57
111900006,2,1,1
111900007,6,1,5
111900008,4,0,4
111900009,7,74,-67
111900010,71,339,-268
111900012,52,41,11
111900013,3,17,-14
111900014,4139,440,3699
111900015,0,34,-34
111900016,0,77,-77
111900017,0,103,-103
111900018,19,1,18
111900019,2,16,-14
111900020,2,20,-18
111900021,32,19,13
111900022,4,18,-14
111900023,67,12,55
111900024,2,81,-79
111900025,0,37,-37
111900026,0,34,-34
111900027,1,82,-81
111900028,3,207,-204
111900029,2,61,-59
111900030,21,151,-130
111900031,0,14,-14
111900032,2,280,-278
111900033,4,39,-35
111900034,32,167,-135
111900035,1,66,-65
111900036,1,225,-224
111900038,72,225,-153
111900039,7,123,-116
111900040,3,496,-493
111900042,19,20,-1
111900043,3,359,-356
111900044,42,97,-55
111900046,14,114,-100
111900048,22,496,-474
111900049,5,177,-172
111900050,10,2,8
111900051,1,118,-117
111900052,199,366,-167
111900053,590,99,491
111900054,7,0,7
111900055,5,454,-449
111900056,50,53,-3
111900057,35,5,30
111900058,24,438,-414
111900059,669,48,621
111900060,41,1,40
111900061,7,133,-126
111900062,0,11,-11
111900063,20,104,-84
111900064,51,158,-107
111900065,4,3,1
111900066,7,33,-26
111900067,0,143,-143
111900068,8,11,-3
111900069,11,3,8
111900070,7,45,-38
111900071,1,121,-120
111900072,24,1,23
111900073,64,12,52
111900074,2,85,-83
111900075,15,3,12
111900076,11,0,11
111900077,5,1,4
111900078,30,0,30
111900079,1,5,-4
111900080,44,20,24
111900082,11,2,9
111900083,10,1,9
111900084,11,0,11
111900085,4,4,0
111900086,4,0,4
111900087,3,1,2
111900088,44,1,43
111900089,2,0,2
111900090,20,6,14
111900091,6,0,6
111900092,5,1,4
111900093,18,0,18
111900094,8,0,8
111900095,45,6,39
111900096,10,0,10
111900097,10,0,10
111900098,12,1,11
111900099,7,0,7
111900100,3,1,2
111900101,5,0,5
111900102,32,481,-449
111900103,5,8,-3
111900104,7,22,-15
111900105,29,22,7
111900106,694,12,682
111900110,1924,50,1874
111900111,7,75,-68
111900112,307,175,132
111900113,84,33,51
111900118,11,2,9
111900119,49,10,39
111900122,10,1,9
111900123,2,2,0
111900124,7,54,-47
111900125,46,1,45
111900126,15,0,15
111900127,0,309,-309
111900128,0,208,-208
111900129,5,2,3
111900130,29,1,28
111900131,20,0,20
111900132,9,420,-411
111900133,0,89,-89
111900134,13,198,-185
111900135,0,1,-1
111900136,12,13,-1
111900137,12,8,4
111900138,0,23,-23
111900139,1,69,-68
111900140,5,11,-6
111900141,2,5,-3
111900142,23,10,13
111900143,3,156,-153
111900144,1,106,-105
111900145,2,403,-401
111900146,1,248,-247
111900147,59,361,-302
111900148,13,473,-460
111900149,1,292,-291
111900150,3,115,-112
111900151,1,15,-14
111900152,44,10,34
111900153,526,46,480
111900154,13,31,-18
111900155,1,21,-20
111900156,0,8,-8
111900157,5,4,1
111900158,40,3,37
111900159,18,2,16
111900160,18,2,16
111900161,17,2,15
111900162,21,19,2
111900163,14,78,-64
111900164,9,3,6
111901113,10,79,-69
111901114,4,196,-192
111901115,3,0,3
111901116,5,0,5
111901117,3,1,2
111901118,27,4,23
111901119,589,24,565
111901121,69,131,-62
111901122,5,332,-327
111901123,27,226,-199
111901124,27,3,24
111901125,21,21,0
111901127,381,94,287
111901128,7,46,-39
111901129,1,50,-49
111901130,2,126,-124
111901131,0,125,-125
111901132,14,2,12
111901133,0,2,-2
111901134,1,0,1
111901135,2,4,-2
111901136,1,6,-5
111901137,0,8,-8
111901138,13,30,-17
111901139,8,22,-14
111901140,0,43,-43
111901141,2,65,-63
111901142,2,83,-81
111901143,2,39,-37
111901144,8,5,3
111901145,32,32,0
111901146,20,1,19
111901147,491,14,477
111901148,2,7,-5
112000001,281,238,43
112000002,291,1101,-810
112000003,172,227,-55
112000004,178,719,-541
112000005,380,347,33
112000006,460,825,-365
112000007,369,377,-8
112000008,501,1228,-727
112000009,1568,1449,119
112000010,689,816,-127
112000011,729,1151,-422
112000012,2262,502,1760
112000013,3368,1349,2019
112000014,720,228,492
112000015,1123,662,461
112000016,777,352,425
112000017,339,371,-32
112000024,799,190,609
112000026,1963,2324,-361
112000027,73,85,-12
112000028,874,904,-30
112000029,94,155,-61
112000030,123,50,73
112000031,674,747,-73
112000032,433,19,414
112000033,1048,258,790
112000034,224,13,211
112000035,30,91,-61
112000036,147,117,30
112000037,178,509,-331
112000038,217,274,-57
112000039,8,25,-17
112000040,38,189,-151
112000041,172,285,-113
112000042,288,164,124
112000050,62,173,-111
112000051,117,200,-83
112000054,668,982,-314
112000057,228,128,100
112000058,161,170,-9
112000059,304,116,188
112000061,3432,649,2783
112000062,2275,184,2091
112000063,954,320,634
112000064,3111,2962,149
112000065,1311,1475,-164
112000066,915,260,655
112000067,253,328,-75
112000068,431,293,138
112000069,158,1317,-1159
112000070,303,142,161
112000071,181,1742,-1561
112000072,247,222,25
112000073,341,930,-589
112000074,79,250,-171
112000075,161,229,-68
112000076,1184,1390,-206
112000077,149,405,-256
112000078,193,288,-95
112000079,396,759,-363
112000080,116,394,-278
112000081,391,764,-373
112000082,215,147,68
112000083,189,797,-608
112000084,239,158,81
112000085,279,726,-447
112000086,311,400,-89
112000087,40,393,-353
112000088,62,218,-156
112000089,24,153,-129
112000090,40,166,-126
112000091,201,650,-449
112000092,278,257,21
112000093,562,714,-152
112000094,99,293,-194
112000095,186,398,-212
112000096,77,258,-181
112000097,103,146,-43
112000098,200,733,-533
112000099,103,127,-24
112000100,196,272,-76
112000101,114,574,-460
112000102,108,149,-41
112000103,55,761,-706
112000105,193,1028,-835
112000106,193,174,19
112000107,2,46,-44
112000108,91,743,-652
112000109,27,20,7
112000110,319,128,191
112000111,450,2832,-2382
112000112,633,115,518
112000113,457,1488,-1031
112000114,417,205,212
112000115,27,241,-214
112000116,36,443,-407
112000117,80,203,-123
112000118,286,467,-181
112000119,104,426,-322
112000120,18,191,-173
112000121,25,277,-252
112000122,26,30,-4
112000123,48,36,12
112000124,17,12,5
112000125,17,42,-25
112000126,21,313,-292
112000127,780,313,467
112000128,498,140,358
112000129,20,53,-33
112000130,17,18,-1
112000131,3,156,-153
112000132,21,165,-144
112000133,48,67,-19
112000134,118,224,-106
112000135,78,185,-107
112000136,219,639,-420
112000137,143,298,-155
112000138,280,684,-404
112000139,208,81,127
112000140,251,554,-303
112000141,130,108,22
112000142,38,548,-510
112000143,191,86,105
112000144,85,995,-910
112000145,401,263,138
112000146,255,1278,-1023
112000147,371,445,-74
112000148,495,1036,-541
112000149,33,202,-169
112000150,27,269,-242
112000151,73,169,-96
112000152,54,137,-83
112000153,90,89,1
112000154,31,69,-38
112000155,56,12,44
112000157,175,107,68
112000158,37,199,-162
112000159,56,139,-83
112000167,54,3,51
112000169,90,80,10
112000173,89,121,-32
112000175,31,110,-79
112000176,2612,784,1828
112000177,91,40,51
112000178,19,181,-162
112000179,42,68,-26
112000180,83,117,-34
112000181,282,887,-605
112000182,108,824,-716
112000183,17,40,-23
112000184,50,167,-117
112000185,73,290,-217
112000187,674,779,-105
112000195,10,0,10
112000196,20,1,19
112000197,10,20,-10
112000198,11,204,-193
112000199,232,554,-322
112000202,0,7,-7
112000216,21,49,-28
112000230,8,0,8
112000231,2,187,-185
112000256,2,13,-11
112000313,79,95,-16
112000314,1,4,-3
112000337,50,258,-208
112000352,63,75,-12
112000392,776,475,301
112000398,210,202,8
112000399,386,273,113
112000400,779,1655,-876
112000401,740,1056,-316
112000402,319,597,-278
112000403,355,480,-125
112000404,98,195,-97
112000405,319,626,-307
112000406,1272,1380,-108
112000407,1150,1737,-587
112000408,4048,2716,1332
112000409,620,2105,-1485
112000410,32,34,-2
112000411,2078,110,1968
112000412,356,59,297
112000413,3831,413,3418
112000414,12,49,-37
112000415,14,18,-4
112000416,389,422,-33
112000417,41,15,26
112000421,18,58,-40
112000422,61,172,-111
112000424,736,407,329
112000425,194,644,-450
112000426,17,85,-68
112000427,0,5,-5
112000428,13,195,-182
112000429,492,1143,-651
112000430,490,1332,-842
112000431,3,6,-3
112000432,191,1209,-1018
112000433,255,168,87
112000437,5,139,-134
112900001,2,1,1
112900002,30,701,-671
112900003,3,112,-109
112900004,4,183,-179
112900005,10,147,-137
112900006,8,251,-243
112900007,3,69,-66
112900008,0,4,-4
112900009,41,18,23
112900010,11,288,-277
112900011,120,93,27
112900012,0,36,-36
112900013,0,40,-40
112900014,1,115,-114
112900015,118,427,-309
112900016,0,118,-118
112900017,4,61,-57
112900018,0,206,-206
112900019,15,56,-41
112900020,259,921,-662
112900021,1,120,-119
112900022,1,35,-34
112900023,1,119,-118
112900024,7,86,-79
112900025,15,52,-37
112900026,1,142,-141
112900027,2,777,-775
112900028,13,46,-33
112900029,0,222,-222
112900030,121,79,42
112900031,2,275,-273
112900032,43,111,-68
112900034,0,11,-11
112900035,0,251,-251
112900036,22,74,-52
112900037,33,22,11
112900038,35,33,2
112900039,5,133,-128
112900040,0,167,-167
112900041,376,193,183
112900042,17,184,-167
112900043,1,19,-18
112900044,150,102,48
112900045,275,122,153
112900046,111,18,93
112900047,11,0,11
112900049,2,29,-27
112900050,34,318,-284
112900051,122,318,-196
112900052,2,480,-478
112900053,130,35,95
112900054,108,15,93
112900055,73,3,70
112900056,55,27,28
112900057,2,364,-362
112900058,136,33,103
112900059,18,56,-38
112900060,1,115,-114
112900061,6,49,-43
112900062,8,70,-62
112900063,22,0,22
112900064,32,30,2
112900065,1,1,0
112900066,23,22,1
112900067,185,23,162
112900068,3,7,-4
112900069,1244,70,1174
112900071,7,0,7
112900072,71,131,-60
112900073,58,6,52
112900074,3,9,-6
112900075,1063,82,981
112900076,9,0,9
112900078,19,66,-47
112900079,14,5,9
112900080,3,0,3
112900081,7,18,-11
112900082,49,1,48
112900083,7,10,-3
112900084,30,5,25
112900086,5,0,5
112900087,97,10,87
112900088,2,0,2
112900089,134,2,132
112900090,4,0,4
112900091,10,1,9
112900092,36,25,11
112900093,75,2,73
112900095,0,0,0
112900096,81,18,63
112900097,6,151,-145
112900098,0,0,0
112900099,63,5,58
112900100,8,0,8
112900101,36,0,36
112900102,21,1,20
112900103,23,0,23
112900104,4,2,2
112900105,0,0,0
112900106,66,14,52
112900107,0,1,-1
112900108,0,0,0
112900109,18,0,18
112900110,79,1,78
112900111,91,1,90
112900112,36,1,35
112900113,0,0,0
112900114,5,0,5
112900115,86,0,86
112900116,6,21,-15
112900117,22,51,-29
112900118,0,36,-36
112900119,6,0,6
112900120,298,46,252
112900121,43,30,13
112900122,4,66,-62
112900123,29,1,28
112900124,0,59,-59
112900125,11,56,-45
112900126,38,117,-79
112900127,32,5,27
112900128,180,400,-220
112900129,3,509,-506
112900130,35,12,23
112900131,12,95,-83
112900132,25,225,-200
112900133,16,688,-672
112900134,0,173,-173
112900135,21,8,13
112900137,3,435,-432
112900138,1,250,-249
112900139,54,609,-555
112900141,58,7,51
112900142,31,3,28
112900143,7,268,-261
112900144,0,207,-207
112900145,15,217,-202
112900146,1,576,-575
112900147,3,1320,-1317
112900148,1,0,1
112900149,44,196,-152
112900151,28,20,8
112900152,2379,392,1987
112900153,366,127,239
112900154,0,33,-33
112900155,4,1,3
112900156,13,1054,-1041
112900157,17,84,-67
112900158,1,1,0
112900159,19,14,5
112900160,4,112,-108
112900161,9,6,3
112900162,10,2,8
112900163,14,6,8
112900164,10,13,-3
112900165,8,8,0
112900166,10,26,-16
112900167,3,3,0
112900168,0,0,0
112900169,6,0,6
112900170,9,12,-3
112900172,44,1,43
112900173,63,28,35
112900174,49,2,47
112900175,61,9,52
112900176,6,6,0
112900177,30,5,25
112900178,78,148,-70
112900179,12,414,-402
112900180,148,1231,-1083
112900181,28,7,21
112900182,10,757,-747
112900183,28,51,-23
112900184,133,135,-2
112900185,40,96,-56
112900186,569,161,408
112900187,9,64,-55
112900188,395,96,299
112900189,0,13,-13
112900190,0,37,-37
112900192,91,64,27
112900193,231,52,179
112900194,6,56,-50
112900195,44,1,43
112900196,123,397,-274
112900197,35,214,-179
112900199,22,216,-194
112900200,23,83,-60
112900201,30,17,13
112900202,16,349,-333
112900203,3,66,-63
112900204,215,74,141
112900205,1,2,-1
112900206,1,25,-24
112900207,0,0,0
112900208,19,18,1
112900209,101,163,-62
112900210,0,2,-2
112900211,4,3,1
112900212,0,50,-50
112900213,3,3,0
112900214,0,1,-1
112900215,0,122,-122
112900216,6,9,-3
112900217,0,30,-30
112900218,0,11,-11
112900219,6,33,-27
112900220,0,0,0
112900221,1,50,-49
112900222,0,12,-12
112900223,178,2,176
112900224,20,263,-243
112900225,39,314,-275
112900226,82,45,37
112900227,25,847,-822
112900228,8,4,4
112900229,6,12,-6
112900230,3894,564,3330
112900232,49,55,-6
112900233,8,74,-66
112900234,0,41,-41
112900235,0,3,-3
112900236,7,6,1
112900237,9,158,-149
112900238,0,14,-14
112900239,200,107,93
112900240,4,87,-83
112900241,0,97,-97
112900242,3,86,-83
112900243,2,63,-61
112900244,0,61,-61
112900245,0,21,-21
112900246,0,10,-10
112900247,34,21,13
112900248,2,0,2
112900249,10,1,9
112900250,1,4,-3
112900251,1,14,-13
112900252,5,10,-5
112900253,3,11,-8
112900254,2,1,1
112900255,0,3,-3
112900256,0,6,-6
112900257,6,5,1
113000001,1888,1678,210
113000002,1104,1051,53
113000003,885,534,351
113000004,867,559,308
113000005,358,319,39
113000006,210,400,-190
113000007,449,485,-36
113000008,378,508,-130
113000009,193,389,-196
113000010,267,473,-206
113000011,200,843,-643
113000012,235,172,63
113000013,241,169,72
113000014,446,395,51
113000015,77,57,20
113000016,87,123,-36
113000017,6,137,-131
113000018,23,9,14
113000019,4,127,-123
113000020,4,2,2
113000021,133,313,-180
113000022,144,759,-615
113000025,11,92,-81
113000026,29,95,-66
113000027,126,126,0
113000028,316,126,190
113000029,339,201,138
113000030,402,321,81
113000031,240,109,131
113000032,100,78,22
113000033,146,150,-4
113000034,318,141,177
113000035,7,14,-7
113000036,17,21,-4
113000037,23,13,10
113000038,13,13,0
113000039,10,143,-133
113000040,66,39,27
113000042,191,104,87
113000051,175,506,-331
113000052,1058,453,605
113000053,71,342,-271
113000054,63,190,-127
113000055,266,373,-107
113000056,292,938,-646
113000058,338,435,-97
113000059,248,258,-10
113000060,20,274,-254
113000061,235,487,-252
113000062,496,50,446
113000063,20,128,-108
113000064,6,132,-126
113000065,36,568,-532
113000066,50,41,9
113000067,243,399,-156
113000068,82,884,-802
113000069,88,666,-578
113000070,241,285,-44
113000071,78,377,-299
113000072,112,157,-45
113000073,232,647,-415
113000074,395,154,241
113000075,702,169,533
113000076,676,700,-24
113000077,416,152,264
113000078,296,597,-301
113000079,350,240,110
113000080,195,165,30
113000081,280,261,19
113000082,422,342,80
113000083,140,228,-88
113000084,538,495,43
113000085,159,211,-52
113000086,312,458,-146
113000087,292,245,47
113000088,849,494,355
113000089,240,527,-287
113000090,47,108,-61
113000091,430,86,344
113000094,151,42,109
113000095,84,569,-485
113000096,66,387,-321
113000097,135,100,35
113000098,35,7,28
113000099,166,84,82
113000100,41,179,-138
113000101,135,222,-87
113000102,87,65,22
113000103,929,302,627
113000104,101,957,-856
113000105,81,174,-93
113000106,106,231,-125
113000107,165,341,-176
113000108,346,747,-401
113000109,138,763,-625
113000110,499,65,434
113000111,42,141,-99
113000112,81,96,-15
113000113,775,70,705
113000114,179,288,-109
113000116,236,91,145
113000117,242,104,138
113000118,34,86,-52
113000119,65,167,-102
113000120,10,83,-73
113000121,103,305,-202
113000124,13,58,-45
113000125,6,173,-167
113000127,1977,258,1719
113000128,171,178,-7
113000129,409,461,-52
113000133,1786,322,1464
113000134,5,204,-199
113000135,726,579,147
113000137,684,249,435
113000139,157,46,111
113000140,113,119,-6
113000141,104,22,82
113000142,239,242,-3
113000143,106,70,36
113000144,154,166,-12
113000145,14,59,-45
113000146,17,34,-17
113000147,27,52,-25
113000148,21,95,-74
113000149,32,77,-45
113000150,202,148,54
113000151,79,49,30
113000152,24,96,-72
113000153,694,195,499
113000154,253,398,-145
113000155,117,126,-9
113000156,67,160,-93
113000157,145,284,-139
113000158,233,104,129
113000159,359,236,123
113000160,214,607,-393
113000161,80,430,-350
113000162,293,177,116
113000163,20,15,5
113000164,22,30,-8
113000166,8,10,-2
113000167,30,126,-96
113000168,14,105,-91
113000169,23,6,17
113000170,16,10,6
113000171,39,64,-25
113000172,44,22,22
113000173,5,2,3
113000174,69,338,-269
113000175,99,31,68
113000176,84,23,61
113000177,50,289,-239
113000178,67,247,-180
113000179,26,6,20
113000180,146,484,-338
113000181,261,489,-228
113000182,73,78,-5
113000183,52,292,-240
113000184,10,36,-26
113000189,140,196,-56
113000190,752,98,654
113000192,1155,496,659
113000193,1671,460,1211
113000194,604,419,185
113000195,516,195,321
113000196,23,24,-1
113000197,244,245,-1
113000198,15,87,-72
113000199,129,151,-22
113000201,39,61,-22
113000202,1141,259,882
113000203,34,9,25
113000204,600,472,128
113000205,8,13,-5
113000206,9,12,-3
113000207,15,4,11
113000208,22,12,10
113000209,2,11,-9
113000210,7,9,-2
113000211,131,64,67
113000212,118,6,112
113000213,1,50,-49
113000214,15,74,-59
113000234,42,722,-680
113000410,17,34,-17
113000411,962,1406,-444
113000412,6065,800,5265
113000413,2493,779,1714
113000414,5726,2813,2913
113000415,1166,803,363
113000416,4778,1197,3581
113000417,1200,872,328
113000418,1092,1060,32
113000419,533,517,16
113000420,1750,928,822
113000421,1182,1095,87
113000422,8689,1987,6702
113000423,1651,1227,424
113000424,2423,2013,410
113000425,6,40,-34
113000428,12,18,-6
113000430,4,4,0
113000432,258,20,238
113000433,78,514,-436
113000434,12,275,-263
113000435,4,481,-477
113000436,43,731,-688
113000437,22,1,21
113000438,34,0,34
113000439,6,103,-97
113000440,16,17,-1
113000441,24,91,-67
113000442,36,179,-143
113000443,16,93,-77
113000444,30,193,-163
113000445,11,43,-32
113000446,25,76,-51
113000448,108,71,37
113000449,89,146,-57
113000450,177,308,-131
113000451,638,45,593
113000452,95,104,-9
113000453,112,84,28
113000454,169,17,152
113000455,29,56,-27
113000456,1371,633,738
113000468,1222,154,1068
113000469,94,30,64
113000470,204,24,180
113000471,2,85,-83
113000472,32,87,-55
113000474,70,347,-277
113000475,593,679,-86
113000476,283,860,-577
113000477,560,942,-382
113000478,1258,2299,-1041
113000479,2,118,-116
113000483,0,0,0
113000484,0,1,-1
113000485,0,0,0
113000486,0,0,0
113000487,0,0,0
113000488,0,0,0
113000489,0,0,0
113000490,0,0,0
113000491,0,0,0
113000492,0,0,0
113000493,0,0,0
113000495,96,130,-34
113000496,22,24,-2
113000499,0,0,0
113900001,0,5,-5
113900002,0,10,-10
113900003,0,3,-3
113900004,0,2,-2
113900005,0,1,-1
113900006,0,0,0
113900007,1,3,-2
113900008,0,0,0
113900009,3,0,3
113900010,11,0,11
113900011,0,0,0
113900012,0,0,0
113900013,24,0,24
113900014,178,2,176
113900015,0,22,-22
113900016,0,0,0
113900017,0,27,-27
113900018,140,16,124
113900019,15,18,-3
113900020,7,0,7
113900022,0,0,0
113900023,6,0,6
113900024,9,30,-21
113900025,138,2,136
113900026,10,0,10
113900027,1,14,-13
113900028,3,124,-121
113900029,2,122,-120
113900030,23,0,23
113900031,0,0,0
113900032,1,0,1
113900033,21,18,3
113900035,11,0,11
113900036,11,28,-17
113900037,5,236,-231
113900038,38,8,30
113900039,7,0,7
113900040,0,0,0
113900041,0,5,-5
113900042,8,15,-7
113900043,43,40,3
113900044,27,8,19
113900045,2,0,2
113900046,111,368,-257
113900047,2,39,-37
113900048,186,17,169
113900049,412,27,385
113900050,56,164,-108
113900051,37,188,-151
113900052,41,31,10
113900053,115,20,95
113900054,3,0,3
113900055,21,337,-316
113900056,4,38,-34
113900057,2,39,-37
113900058,13,89,-76
113900059,30,166,-136
113900060,45,121,-76
113900061,243,8,235
113900062,9,0,9
113900063,4,36,-32
113900064,8,68,-60
113900065,123,21,102
113900066,28,189,-161
113900067,6,145,-139
113900068,76,105,-29
113900069,56,1,55
113900070,61,237,-176
113900071,11,19,-8
113900072,10,82,-72
113900073,74,235,-161
113900074,3,259,-256
113900075,313,270,43
113900076,8,5,3
113900077,13,138,-125
113900078,5,26,-21
113900079,1,18,-17
113900080,98,25,73
113900081,18,101,-83
113900082,22,89,-67
113900083,18,330,-312
113900084,45,24,21
113900085,19,197,-178
113900086,3,7,-4
113900087,3,67,-64
113900088,3,10,-7
113900089,69,10,59
113900090,133,78,55
113900091,5,4,1
113900092,1,28,-27
113900093,14,164,-150
113900094,25,221,-196
113900095,22,16,6
113900096,36,7,29
113900097,0,70,-70
113900098,98,17,81
113900099,0,34,-34
113900100,0,1,-1
113900101,5,27,-22
113900102,9,23,-14
113900103,103,63,40
113900104,26,53,-27
113900105,2,217,-215
113900106,0,35,-35
113900107,0,8,-8
113900108,42,58,-16
113900109,125,22,103
113900110,2,16,-14
113900111,4,40,-36
113900112,17,61,-44
113900113,165,117,48
113900114,2,61,-59
113900115,0,34,-34
113900116,22,28,-6
113900117,12,5,7
113900118,21,49,-28
113900119,106,85,21
113900120,12,7,5
113900121,6,39,-33
113900122,67,281,-214
113900123,91,61,30
113900124,0,66,-66
113900125,583,77,506
113900126,18,10,8
113900127,25,127,-102
113900128,23,13,10
113900129,2,27,-25
113900130,0,10,-10
113900131,13,14,-1
113900132,14,10,4
113900133,4,14,-10
113900135,61,185,-124
113900136,23,30,-7
113900137,95,75,20
113900138,4,30,-26
113900139,213,16,197
113900140,180,60,120
113900141,33,199,-166
113900142,16,43,-27
113900143,1,0,1
113900144,91,24,67
113900145,24,51,-27
113900146,18,18,0
113900148,39,53,-14
113900149,41,10,31
113900150,1015,249,766
113900151,43,72,-29
113900152,6,30,-24
113900153,289,180,109
113900154,0,38,-38
113900155,92,16,76
113900156,68,293,-225
113900157,1,76,-75
113900158,96,40,56
113900159,2,55,-53
113900160,159,299,-140
113900161,5,46,-41
113900162,218,134,84
113900163,48,92,-44
113900164,29,7,22
113900165,163,226,-63
113900166,82,27,55
113900167,54,18,36
113900168,30,26,4
113900169,42,243,-201
113900171,17,7,10
113900172,2,98,-96
113900173,43,304,-261
113900174,71,393,-322
113900175,42,14,28
113900176,23,394,-371
113900177,76,76,0
113900178,19,13,6
113900179,7,353,-346
113900180,49,38,11
113900181,84,17,67
113900182,47,393,-346
113900183,9,26,-17
113900184,1,332,-331
113900185,86,37,49
113900186,6,12,-6
113900187,25,91,-66
113900188,5,52,-47
113900189,46,11,35
113900190,126,45,81
113900191,26,54,-28
113900192,2,61,-59
113900193,4,163,-159
113900194,953,422,531
113900195,189,192,-3
113900196,0,60,-60
113900197,1,164,-163
113900198,8,37,-29
113900199,79,302,-223
113900200,7,77,-70
113900201,0,123,-123
113900202,3,83,-80
113900203,0,138,-138
113900204,4,404,-400
113900205,9,46,-37
113900206,1,37,-36
113900207,0,13,-13
113900208,0,22,-22
113900209,1,38,-37
113900210,146,92,54
113900211,24,4,20
113900212,24,290,-266
113900214,184,156,28
113900215,7,41,-34
113900216,6,573,-567
113900217,14,215,-201
113900218,11,9,2
113900219,46,278,-232
113900220,12,13,-1
113900221,43,52,-9
113900222,31,50,-19
113900223,2,464,-462
113900224,33,26,7
113900225,254,85,169
113900226,69,30,39
113900227,69,67,2
113900228,128,88,40
113900229,11,165,-154
113900230,1822,288,1534
113900231,17,72,-55
113900232,8,30,-22
113900233,7,25,-18
113900234,30,75,-45
113900235,5,4,1
113900236,3,136,-133
113900237,8,1,7
113900238,53,120,-67
113900239,9,28,-19
113900240,0,41,-41
113900241,42,22,20
113900242,27,43,-16
113900243,41,152,-111
113900244,224,64,160
113900245,649,54,595
113900246,2,1,1
113900247,83,112,-29
113900248,1687,325,1362
113900249,362,30,332
113900250,16,35,-19
113900251,93,150,-57
113900252,80,0,80
113900253,151,5,146
113900254,74,18,56
113900255,60,4,56
113900256,52,5,47
113900257,24,470,-446
113900258,6,337,-331
113900259,111,125,-14
113900260,28,6,22
113900261,3,44,-41
113900262,28,439,-411
113900263,35,241,-206
113900264,2,393,-391
113900265,61,177,-116
113900266,8,146,-138
113900267,33,184,-151
113900268,72,67,5
113900269,22,62,-40
113900270,55,81,-26
113900271,94,676,-582
113900273,1,3,-2
113900274,5,0,5
113900275,4,16,-12
113900276,0,115,-115
113900277,12,1,11
113900278,98,93,5
113900279,64,44,20
113900280,296,158,138
113900281,99,332,-233
113900282,236,79,157
113900283,78,152,-74
113900284,122,12,110
113900285,34,9,25
113900286,4,75,-71
113900287,2,22,-20
113900288,0,30,-30
113900289,609,22,587
113900290,195,19,176
113900291,84,79,5
113900292,1,0,1
113900293,0,100,-100
113900294,63,8,55
113900295,77,116,-39
113900296,1227,124,1103
113900297,82,11,71
113900298,2,681,-679
113900299,2,71,-69
113900300,2920,482,2438
113900301,130,50,80
113900302,836,200,636
113900303,203,49,154
113900304,0,72,-72
113900305,12,0,12
113900306,1,0,1
113900307,24,0,24
113900308,28,36,-8
113900309,1,455,-454
113900310,1,10,-9
113900311,0,0,0
113900312,17,34,-17
113900313,11,0,11
114000001,429,1313,-884
114000002,45,190,-145
114000003,12,105,-93
114000004,73,203,-130
114000005,49,117,-68
114000006,867,857,10
114000007,166,588,-422
114000008,471,364,107
114000009,67,47,20
114000011,854,1217,-363
114000012,505,1294,-789
114000013,301,1012,-711
114000014,139,137,2
114000015,207,237,-30
114000016,109,198,-89
114000017,35,61,-26
114000018,106,31,75
114000026,213,797,-584
114000027,475,845,-370
114000028,531,708,-177
114000038,35,67,-32
114000039,45,29,16
114000040,37,62,-25
114000042,32,135,-103
114000043,3,97,-94
114000044,18,16,2
114000045,5,60,-55
114000046,798,2061,-1263
114000047,5,32,-27
114000048,15,12,3
114000049,435,324,111
114000050,288,316,-28
114000051,914,473,441
114000052,959,251,708
114000053,4,132,-128
114000054,15,521,-506
114000055,51,9,42
114000056,256,164,92
114000057,4367,1132,3235
114000058,90,132,-42
114000059,36,47,-11
114000060,121,274,-153
114000061,936,230,706
114000062,300,162,138
114000063,1392,730,662
114000064,3574,910,2664
114000065,652,771,-119
114000066,47,204,-157
114000067,5,48,-43
114000068,219,121,98
114000069,260,158,102
114000070,605,283,322
114000071,96,294,-198
114000072,37,198,-161
114000073,1,13,-12
114000074,3,11,-8
114000075,5,35,-30
114000076,0,37,-37
114000077,0,4,-4
114000078,22,633,-611
114000079,32,12,20
114000080,8,9,-1
114000081,0,1,-1
114000082,33,353,-320
114000083,5,119,-114
114000084,23,29,-6
114000085,31,372,-341
114000086,35,318,-283
114000087,15,133,-118
114000088,0,15,-15
114000089,576,148,428
114000090,77,58,19
114000091,304,147,157
114000092,214,88,126
114000093,209,221,-12
114000094,106,138,-32
114000095,19,8,11
114000096,21,268,-247
114000097,25,500,-475
114000098,48,8,40
114000099,55,678,-623
114000100,153,268,-115
114000101,127,798,-671
114000102,34,63,-29
114000103,34,219,-185
114000104,2,108,-106
114000105,16,38,-22
114000106,376,155,221
114000107,29,67,-38
114000108,965,528,437
114000109,17,51,-34
114000110,121,758,-637
114000111,79,60,19
114000112,90,870,-780
114000113,71,56,15
114000114,404,662,-258
114000115,160,63,97
114000116,113,149,-36
114000117,166,78,88
114000118,208,68,140
114000119,159,53,106
114000120,222,570,-348
114000121,152,231,-79
114000122,130,116,14
114000123,117,71,46
114000124,30,86,-56
114000125,358,868,-510
114000126,153,44,109
114000127,5,19,-14
114000128,58,89,-31
114000130,27,18,9
114000131,12,8,4
114000132,205,416,-211
114000133,372,530,-158
114000134,14,79,-65
114000138,20,94,-74
114000139,45,75,-30
114000144,117,76,41
114000145,15,52,-37
114000146,29,108,-79
114000147,279,258,21
114000148,565,89,476
114000149,13,23,-10
114000150,284,237,47
114000151,291,209,82
114000152,31,5,26
114000153,262,459,-197
114000154,221,229,-8
114000155,286,462,-176
114000156,159,141,18
114000157,56,273,-217
114000158,1134,238,896
114000159,79,150,-71
114000160,23,75,-52
114000161,348,205,143
114000162,162,153,9
114000163,4,59,-55
114000165,56,55,1
114000166,142,45,97
114000167,1831,429,1402
114000168,372,267,105
114000169,350,125,225
114000170,168,120,48
114000171,124,182,-58
114000174,66,189,-123
114000176,156,190,-34
114000177,955,309,646
114000178,5,18,-13
114000179,186,54,132
114000180,102,227,-125
114000181,430,756,-326
114000182,2192,970,1222
114000183,544,550,-6
114000184,3310,978,2332
114000185,103,109,-6
114000189,34,9,25
114000190,203,56,147
114000191,8,7,1
114000192,149,783,-634
114000193,562,1931,-1369
114000194,465,716,-251
114000195,14,0,14
114000196,4,173,-169
114000197,127,18,109
114000198,547,211,336
114000199,771,489,282
114000200,243,1334,-1091
114000201,39,484,-445
114000202,214,379,-165
114000203,118,394,-276
114000204,43,209,-166
114000205,42,827,-785
114000206,137,629,-492
114000207,224,1306,-1082
114000208,122,1662,-1540
114000209,226,1810,-1584
114000210,152,930,-778
114000211,268,633,-365
114000212,136,295,-159
114000213,277,216,61
114000214,29,142,-113
114000215,8,13,-5
114000216,96,9,87
114000217,3,156,-153
114000218,37,178,-141
114000219,138,118,20
114000220,6,676,-670
114000221,57,39,18
114000222,44,571,-527
114000223,61,8,53
114000224,65,335,-270
114000225,33,252,-219
114000226,11,181,-170
114000227,149,218,-69
114000228,131,413,-282
114000229,192,678,-486
114000230,378,713,-335
114000231,203,628,-425
114000232,55,44,11
114000233,279,61,218
114000234,262,467,-205
114000235,302,797,-495
114000236,2,424,-422
114000237,43,592,-549
114000238,11,76,-65
114000239,68,704,-636
114000240,176,332,-156
114000241,90,591,-501
114000242,448,489,-41
114000243,249,244,5
114000244,55,27,28
114000245,159,401,-242
114000246,46,20,26
114000247,134,325,-191
114000248,147,154,-7
114000249,142,159,-17
114000250,35,191,-156
114000251,24,214,-190
114000252,19,83,-64
114000253,1,31,-30
114000254,3,50,-47
114000255,135,77,58
114000256,354,123,231
114000257,247,1133,-886
114000258,50,192,-142
114000259,14,157,-143
114000260,1,20,-19
114000261,0,0,0
114000262,13,132,-119
114000263,0,0,0
114000264,106,278,-172
114000265,0,1,-1
114000267,1,389,-388
114000268,2,1164,-1162
114000270,1,0,1
114000271,70,33,37
114000283,114,179,-65
114000285,24,203,-179
114000288,12,194,-182
114000289,305,85,220
114000293,36,169,-133
114000294,29,73,-44
114000395,71,3,68
114000396,37,84,-47
114000402,44,164,-120
114000403,67,212,-145
114000405,20,280,-260
114000423,18,291,-273
114000424,61,113,-52
114000425,61,358,-297
114000426,15,19,-4
114000427,11,84,-73
114000428,74,24,50
114000429,5,86,-81
114000432,19,62,-43
114000434,13,53,-40
114000435,0,83,-83
114900001,80,663,-583
114900002,74,17,57
114900003,37,865,-828
114900004,31,21,10
114900005,97,394,-297
114900006,6,5,1
114900007,13,4,9
114900008,19,26,-7
114900010,1261,356,905
114900011,11,21,-10
114900013,20,26,-6
114900015,9,56,-47
114900018,184,12,172
114900020,10,20,-10
114900022,3,189,-186
114900024,10,50,-40
114900025,46,104,-58
114900026,29,8,21
114900027,22,105,-83
114900029,7,1,6
114900030,37,90,-53
114900031,15,10,5
114900032,10,7,3
114900033,505,108,397
114900034,42,183,-141
114900035,57,74,-17
114900036,55,579,-524
114900037,42,97,-55
114900038,74,670,-596
114900039,123,544,-421
114900040,11,86,-75
114900041,96,483,-387
114900042,179,566,-387
114900043,379,90,289
114900044,20,2,18
114900046,12,77,-65
114900047,27,385,-358
114900048,13,101,-88
114900049,3,109,-106
114900050,5,299,-294
114900051,8,285,-277
114900052,28,88,-60
114900053,16,109,-93
114900054,23,73,-50
114900057,22,1,21
114900058,0,44,-44
114900059,7,7,0
114900060,402,86,316
114900061,25,100,-75
114900062,56,92,-36
114900063,19,103,-84
114900064,149,380,-231
114900065,65,304,-239
114900067,5,157,-152
114900068,26,76,-50
114900069,62,79,-17
114900070,63,296,-233
114900072,3,123,-120
114900073,0,87,-87
114900074,18,380,-362
114900075,15,0,15
114900076,0,213,-213
114900080,1125,101,1024
114900082,1378,500,878
114900083,49,248,-199
114900090,49,25,24
114900091,66,33,33
114900095,177,46,131
114900096,117,163,-46
114900097,13,1,12
114900098,0,73,-73
114900099,22,2,20
115000001,4657,3283,1374
115000002,925,816,109
115000003,1580,2158,-578
115000004,512,1247,-735
115000005,514,1698,-1184
115000006,151,386,-235
115000007,23,82,-59
115000008,108,113,-5
115000009,90,126,-36
115000010,44,16,28
115000013,24,42,-18
115000015,57,77,-20
115000016,124,71,53
115000019,1,146,-145
115000020,89,59,30
115000021,119,188,-69
115000022,181,188,-7
115000023,25,21,4
115000024,557,246,311
115000025,39,21,18
115000026,56,166,-110
115000027,0,1,-1
115000028,33,299,-266
115000029,0,0,0
115000030,58,398,-340
115000031,0,0,0
115000032,4,151,-147
115000033,9,4,5
115000034,34,467,-433
115000035,66,0,66
115000036,0,204,-204
115000037,5,0,5
115000038,17,85,-68
115000039,1020,563,457
115000040,2229,1010,1219
115000041,316,868,-552
115000042,148,232,-84
115000043,1278,937,341
115000044,1995,2299,-304
115000045,717,1330,-613
115000046,307,664,-357
115000047,353,527,-174
115000048,610,1753,-1143
115000049,622,1459,-837
115000050,655,443,212
115000051,778,427,351
115000052,1952,1013,939
115000053,467,407,60
115000054,436,661,-225
115000055,25,281,-256
115000056,23,67,-44
115000057,62,250,-188
115000058,23,44,-21
115000059,31,167,-136
115000061,7,5,2
115000062,53,212,-159
115000063,22,234,-212
115000064,6,12,-6
115000065,4,80,-76
115000067,0,0,0
115000069,2,91,-89
115000070,10,187,-177
115000071,7,3,4
115000072,32,24,8
115000073,209,10,199
115000075,4,36,-32
115000076,1343,1391,-48
115000077,376,1961,-1585
115000078,165,1032,-867
115000079,293,1170,-877
115000080,376,1427,-1051
115000081,208,481,-273
115000082,862,1080,-218
115000083,602,1986,-1384
115000084,147,307,-160
115000085,133,548,-415
115000086,145,339,-194
115000087,225,695,-470
115000088,397,169,228
115000089,1050,1011,39
115000090,287,45,242
115000091,165,643,-478
115000092,86,171,-85
115000093,1,0,1
115000094,3024,1257,1767
115000095,2711,1547,1164
115000096,120,888,-768
115000097,105,408,-303
115000098,178,487,-309
115000099,259,1232,-973
115000100,78,157,-79
115000101,139,806,-667
115000102,82,57,25
115000103,154,522,-368
115000105,20,118,-98
115000106,60,73,-13
115000107,36,363,-327
115000108,1859,1632,227
115000109,2165,436,1729
115000110,399,285,114
115000111,244,593,-349
115000112,106,156,-50
115000113,132,298,-166
115000114,600,333,267
115000116,1024,368,656
115000117,917,406,511
115000118,409,540,-131
115000119,440,452,-12
115000120,205,234,-29
115000121,819,272,547
115000122,1560,301,1259
115000123,482,349,133
115000124,203,243,-40
115000125,110,270,-160
115000126,41,106,-65
115000127,73,43,30
115000128,324,274,50
115000129,32,47,-15
115000130,76,349,-273
115000131,76,100,-24
115000132,30,244,-214
115000133,34,152,-118
115000134,21,77,-56
115000135,25,103,-78
115000136,41,79,-38
115000137,26,87,-61
115000138,21,68,-47
115000139,101,161,-60
115000140,39,39,0
115000141,34,165,-131
115000142,23,187,-164
115000143,82,148,-66
115000144,100,26,74
115000145,72,351,-279
115000146,31,50,-19
115000147,44,378,-334
115000148,91,630,-539
115000149,135,85,50
115000150,220,623,-403
115000151,143,145,-2
115000152,150,966,-816
115000153,76,115,-39
115000154,126,101,25
115000155,160,672,-512
115000156,219,128,91
115000157,342,354,-12
115000158,222,82,140
115000159,254,108,146
115000160,178,63,115
115000161,119,169,-50
115000162,125,112,13
115000163,282,361,-79
115000164,230,272,-42
115000165,108,80,28
115000167,5,20,-15
115000168,127,67,60
115000169,165,190,-25
115000170,54,86,-32
115000171,53,30,23
115000172,785,229,556
115000173,14,57,-43
115000174,4,18,-14
115000175,28,42,-14
115000176,11,6,5
115000177,4,50,-46
115000178,2,130,-128
115000179,1,5,-4
115000180,11,312,-301
115000181,54,48,6
115000182,72,91,-19
115000183,44,511,-467
115000186,114,75,39
115000187,16,314,-298
115000188,83,98,-15
115000189,91,253,-162
115000190,99,72,27
115000191,97,114,-17
115000194,32,48,-16
115000195,44,18,26
115000196,9,16,-7
115000197,45,281,-236
115000198,26,64,-38
115000199,42,202,-160
115000200,26,23,3
115000201,42,212,-170
115000206,0,0,0
115000207,7,138,-131
115000208,217,303,-86
115000209,37,78,-41
115000210,3,26,-23
115000211,45,67,-22
115000212,626,119,507
115000224,26,11,15
115000225,11,13,-2
115000229,67,17,50
115000230,4,146,-142
115000231,100,1276,-1176
115000232,182,212,-30
115000233,30,155,-125
115000234,1,136,-135
115000241,11,66,-55
115000242,19,53,-34
115000243,1,91,-90
115000244,1,36,-35
115000246,5,3,2
115000247,2,2,0
115000248,3,0,3
115000249,4,0,4
115000250,44,24,20
115000251,9,38,-29
115000252,3,42,-39
115000253,1,37,-36
115000258,18,47,-29
115000259,38,46,-8
115000261,0,2,-2
115000262,0,1,-1
115000263,0,0,0
115000264,1,3,-2
115000267,5,14,-9
115000268,5,46,-41
115000269,9,17,-8
115000270,1,1,0
115000272,4,42,-38
115000273,36,7,29
115000280,53,2,51
115000281,168,16,152
115000282,143,30,113
115000284,87,20,67
115000296,58,0,58
115000297,0,0,0
115000298,20,11,9
115000300,11,136,-125
115000302,18,29,-11
115000303,24,9,15
115000304,33,2,31
115000305,35,627,-592
115000306,31,356,-325
115000307,9,166,-157
115000308,10,1,9
115000309,0,5,-5
115000310,228,756,-528
115000311,52,443,-391
115000313,54,392,-338
115000314,18,6,12
115000315,753,201,552
115000316,7,19,-12
115000317,38,235,-197
115000318,85,82,3
115000319,15,152,-137
115000320,4,37,-33
115000321,25,0,25
115000322,9,129,-120
115000449,38,21,17
115000557,0,119,-119
115000558,11,8,3
115000587,42,70,-28
115000588,1065,2380,-1315
115000589,964,894,70
115000590,218,782,-564
115000591,91,134,-43
115000592,254,659,-405
115000593,160,69,91
115000594,437,619,-182
115000609,63,74,-11
115000617,118,122,-4
115000624,21,34,-13
115000633,33,716,-683
115000634,427,123,304
115000635,25,7,18
115000638,372,197,175
115000641,50,68,-18
115000642,77,73,4
115000643,21,244,-223
115000644,54,186,-132
115000646,255,312,-57
115000647,66,171,-105
115000648,138,742,-604
115000893,518,62,456
115000894,31,613,-582
115000895,89,436,-347
115000896,99,22,77
115000897,54,11,43
115000898,211,12,199
115000899,398,341,57
115000900,14,140,-126
115000901,41,22,19
115000912,29,3,26
115000913,0,8,-8
115000915,1,0,1
115000916,0,0,0
115000917,0,0,0
115000918,0,0,0
115000919,0,0,0
115000920,8,17,-9
115000921,607,23,584
115000922,110,27,83
115000923,217,374,-157
115000925,23,22,1
115000927,3,12,-9
115000933,151,44,107
115000934,12,41,-29
115000935,5,32,-27
115000936,0,0,0
115000937,421,29,392
115000938,21,25,-4
115000939,33,48,-15
115000940,0,0,0
115000941,0,0,0
115000942,1,2,-1
115000943,21,6,15
115000944,0,4,-4
115900001,0,32,-32
115900002,52,78,-26
115900003,7,21,-14
115900004,0,15,-15
115900005,9,0,9
115900006,18,136,-118
115900008,2,2,0
115900009,11,116,-105
115900010,17,42,-25
115900011,30,118,-88
115900012,3,32,-29
115900013,61,17,44
115900014,26,84,-58
115900015,2,28,-26
115900016,1,0,1
115900017,0,0,0
115900018,96,23,73
115900019,89,6,83
115900020,1,0,1
115900021,867,47,820
115900022,699,0,699
115900023,0,0,0
115900025,40,68,-28
115900026,423,92,331
115900027,0,246,-246
115900028,223,18,205
115900029,4,265,-261
115900030,2,0,2
115900031,130,42,88
115900032,61,138,-77
115900033,0,30,-30
115900034,0,268,-268
115900035,3,26,-23
115900036,52,74,-22
115900037,1,287,-286
115900038,5,6,-1
115900039,18,96,-78
115900041,70,67,3
115900042,3,0,3
115900043,8,59,-51
115900044,26,37,-11
115900046,34,154,-120
115900047,2,4,-2
115900049,13,79,-66
115900051,0,18,-18
115900052,1,190,-189
115900053,15,98,-83
115900054,6,43,-37
115900055,11,127,-116
115900056,16,151,-135
115900057,1,0,1
115900058,28,34,-6
115900060,10,35,-25
115900061,2,1,1
115900062,3,179,-176
115900063,21,6,15
115900064,75,67,8
115900065,10,48,-38
115900066,84,66,18
115900067,2,441,-439
115900068,2327,24,2303
115900069,40,74,-34
115900070,7,85,-78
115900071,0,473,-473
115900072,59,109,-50
115900073,6,7,-1
115900074,0,238,-238
115900075,22,134,-112
115900076,1,47,-46
115900077,5,215,-210
115900078,11,84,-73
115900079,8,3,5
115900080,62,44,18
115900081,17,55,-38
115900082,25,66,-41
115900084,14,4,10
115900085,20,13,7
115900086,487,118,369
115900088,3,7,-4
115900089,21,495,-474
115900090,20,3,17
115900091,0,12,-12
115900092,4,123,-119
115900093,0,22,-22
115900094,3,227,-224
115900096,0,8,-8
115900097,2,314,-312
115900098,39,204,-165
115900099,0,23,-23
115900100,0,202,-202
115900101,33,175,-142
115900102,0,20,-20
115900103,49,125,-76
115900104,0,62,-62
115900105,13,230,-217
115900106,3,1,2
115900107,0,84,-84
115900108,5,2,3
115900109,1,155,-154
115900110,0,5,-5
115900111,0,63,-63
115900112,8,278,-270
115900113,2,1,1
115900114,1,120,-119
115900115,21,74,-53
115900116,30,461,-431
115900117,2,4,-2
115900118,1,274,-273
115900119,14,48,-34
115900120,9,114,-105
115900121,16,60,-44
115900124,17,59,-42
115900125,38,3,35
115900126,57,6,51
115900127,76,11,65
115900128,1,30,-29
115900129,87,1,86
115900130,38,76,-38
115900131,14,4,10
115900132,15,2,13
115900134,17,6,11
115900135,290,152,138
115900137,1,0,1
115900139,29,12,17
115900140,11,5,6
115900141,2,21,-19
115900142,5,5,0
115900143,8,66,-58
115900144,9,56,-47
115900146,1,37,-36
115900147,26,36,-10
115900148,0,0,0
115900149,5,19,-14
115900150,3,12,-9
115900151,0,9,-9
115900152,2,134,-132
115900153,4,76,-72
115900154,132,59,73
115900155,0,22,-22
115900156,112,175,-63
115900157,6,93,-87
115900158,13,1,12
115900159,6,72,-66
115900160,2,3,-1
115900161,6,49,-43
115900163,20,25,-5
115900164,14,14,0
115900166,82,80,2
115900168,7,81,-74
115900171,6,86,-80
115900172,7,35,-28
115900173,27,17,10
115900174,61,44,17
115900175,29,66,-37
115900178,4,540,-536
115900179,21,9,12
115900180,7,121,-114
115900181,11,161,-150
115900182,68,132,-64
115900183,31,5,26
115900184,106,0,106
115900187,5,45,-40
115900189,0,25,-25
115900190,113,102,11
115900191,31,165,-134
115900192,0,20,-20
115900193,11,3,8
115900194,35,6,29
115900195,58,119,-61
115900198,68,66,2
115900199,15,72,-57
115900200,40,74,-34
115900201,17,142,-125
115900202,1,1,0
115900203,0,0,0
115900204,0,0,0
115900205,2,0,2
115900206,8,55,-47
115900207,2,3,-1
115900208,5,118,-113
115900209,1,47,-46
115900210,1,93,-92
115900211,0,89,-89
115900212,19,101,-82
115900213,1,1,0
115900214,25,152,-127
115900215,0,4,-4
115900216,1,91,-90
115900217,1,79,-78
115900218,0,50,-50
115900219,3,0,3
115900220,1,3,-2
115900221,3,10,-7
115900222,0,2,-2
115900223,0,5,-5
115900224,317,26,291
115900225,41,4,37
115900226,4,13,-9
115900227,0,11,-11
115900228,0,10,-10
115900229,2,11,-9
115900230,9,21,-12
115900231,18,1,17
115900232,5,0,5
115900233,3,2,1
115900234,12,12,0
115900235,0,8,-8
115900236,1,2,-1
115900237,1,35,-34
115900238,1,17,-16
115900239,2,24,-22
115900240,0,50,-50
115900241,8,23,-15
115900242,46,15,31
115900243,0,0,0
115900244,1,4,-3
115900245,1,2,-1
115900246,1,0,1
115900247,1,1,0
115900248,0,1,-1
115900249,1,2,-1
115900250,0,0,0
115900251,0,0,0
115900252,0,1,-1
115900253,2,1,1
115900254,6,6,0
115900255,2,6,-4
115900256,5,9,-4
115900257,0,1,-1
115900258,0,0,0
115900259,0,0,0
115900260,6,1,5
115900261,4,0,4
115900262,1,0,1
115900263,2,1,1
115900264,0,1,-1
115900265,0,2,-2
115900266,1,2,-1
115900267,1,2,-1
115900268,0,3,-3
115900269,35,218,-183
115900270,45,303,-258
115900271,6,0,6
115900272,9,0,9
115900273,1,2,-1
115900274,0,4,-4
115900275,1,13,-12
115900276,0,15,-15
115900277,0,59,-59
115900278,0,32,-32
115900279,4,34,-30
115900280,6,29,-23
115900281,176,38,138
115900282,9,4,5
115900283,0,1,-1
115900284,0,8,-8
116000001,10395,1951,8444
116000002,989,954,35
116000003,624,775,-151
116000004,391,463,-72
116000005,698,1074,-376
116000006,451,410,41
116000007,1537,1801,-264
116000008,843,608,235
116000009,588,1340,-752
116000010,296,263,33
116000011,246,730,-484
116000012,186,210,-24
116000013,8265,1659,6606
116000014,10211,1514,8697
116000015,172,191,-19
116000016,3228,501,2727
116000017,21,179,-158
116000018,258,171,87
116000019,108,101,7
116000020,93,487,-394
116000021,37,104,-67
116000022,64,153,-89
116000023,157,195,-38
116000024,173,663,-490
116000025,177,231,-54
116000026,532,901,-369
116000027,243,178,65
116000028,55,53,2
116000029,419,202,217
116000030,29,21,8
116000031,60,78,-18
116000032,10,213,-203
116000033,16,146,-130
116000034,28,232,-204
116000035,35,182,-147
116000036,542,91,451
116000037,129,68,61
116000038,71,46,25
116000039,226,114,112
116000040,254,31,223
116000041,70,236,-166
116000042,92,42,50
116000043,27,248,-221
116000044,4,46,-42
116000045,75,108,-33
116000046,384,330,54
116000047,706,703,3
116000048,197,265,-68
116000049,76,254,-178
116000050,305,579,-274
116000051,407,257,150
116000052,968,1082,-114
116000053,218,91,127
116000054,156,811,-655
116000055,83,562,-479
116000056,24,133,-109
116000057,905,779,126
116000058,937,532,405
116000059,675,787,-112
116000060,1280,273,1007
116000061,199,262,-63
116000062,204,117,87
116000063,117,255,-138
116000066,3,37,-34
116000067,98,337,-239
116000068,9,16,-7
116000069,87,233,-146
116000078,46,207,-161
116000080,413,474,-61
116000082,3,56,-53
116000083,368,170,198
116000084,691,1651,-960
116000085,667,303,364
116000086,842,644,198
116000087,424,288,136
116000088,289,452,-163
116000089,41,50,-9
116000090,8,58,-50
116000091,71,35,36
116000093,431,152,279
116000094,119,343,-224
116000095,181,219,-38
116000096,103,450,-347
116000097,119,317,-198
116000098,53,1303,-1250
116000099,3383,124,3259
116000100,15,2,13
116000101,121,670,-549
116000102,34,627,-593
116000103,63,102,-39
116000104,14,746,-732
116000105,152,119,33
116000106,32,567,-535
116000107,197,238,-41
116000108,24,84,-60
116000111,9,5,4
116000113,13,24,-11
116000114,45,60,-15
116000115,23,11,12
116000116,65,334,-269
116000117,229,456,-227
116000118,314,817,-503
116000119,319,377,-58
116000120,902,2405,-1503
116000121,234,129,105
116000122,507,1623,-1116
116000123,63,148,-85
116000124,106,739,-633
116000125,306,180,126
116000126,108,843,-735
116000127,414,832,-418
116000128,280,206,74
116000129,131,122,9
116000130,61,70,-9
116000133,69,446,-377
116000134,265,1218,-953
116000135,260,483,-223
116000136,158,919,-761
116000137,120,229,-109
116000138,758,183,575
116000139,571,1061,-490
116000140,30,118,-88
116000141,136,391,-255
116000142,1805,1946,-141
116000143,638,447,191
116000144,559,1560,-1001
116000145,450,685,-235
116000146,37,91,-54
116000147,57,27,30
116000148,71,172,-101
116000149,62,192,-130
116000151,200,577,-377
116000153,2,59,-57
116000155,21,59,-38
116000156,573,456,117
116000157,0,4,-4
116000158,27,187,-160
116000159,2,1,1
116000160,4,69,-65
116000161,14,46,-32
116000162,23,10,13
116000163,0,3,-3
116000164,1,4,-3
116000177,4,56,-52
116000194,18,115,-97
116000195,292,269,23
116000196,1,2,-1
116000197,0,3,-3
116000198,548,228,320
116000200,216,69,147
116000201,160,300,-140
116000202,3,130,-127
116000203,1,40,-39
116000204,5,10,-5
116000205,1,102,-101
116000206,0,56,-56
116000207,1,28,-27
116000233,32,422,-390
116000287,9,301,-292
116000288,37,75,-38
116000292,3,87,-84
116000296,0,89,-89
116000297,5,20,-15
116000304,12,23,-11
116000305,1,23,-22
116000346,20,83,-63
116000352,8,32,-24
116000354,2,3,-1
116000357,0,1,-1
116000358,29,5,24
116000361,227,2,225
116000372,4781,882,3899
116000381,24,0,24
116000388,1,33,-32
116000389,125,191,-66
116000445,44,489,-445
116000446,45,327,-282
116000447,2,195,-193
116000448,210,104,106
116000563,82,93,-11
116000565,70,262,-192
116000568,16,38,-22
116000579,4,75,-71
116000584,2,15,-13
116000585,4,5,-1
116000586,86,36,50
116000587,1,136,-135
116000589,7,55,-48
116000590,5,5,0
116000591,12,95,-83
116000592,2,67,-65
116000593,0,10,-10
116000594,77,379,-302
116000595,69,77,-8
116000596,3,3,0
116000597,40,15,25
116000598,7,132,-125
116000605,23,51,-28
116000606,5,46,-41
116000607,2,22,-20
116000609,81,246,-165
116000611,7,336,-329
116000612,162,755,-593
116000613,123,137,-14
116000614,209,504,-295
116000615,1,52,-51
116000616,4,79,-75
116000617,12,52,-40
116000618,1,101,-100
116000619,6,12,-6
116000620,0,0,0
116000621,0,1,-1
116000622,0,0,0
116000624,14,28,-14
116000627,6,35,-29
116000628,20,499,-479
116000629,5,295,-290
116000630,60,27,33
116000631,15,20,-5
116000632,28,64,-36
116000633,8,170,-162
116000634,69,209,-140
116000635,750,325,425
116000636,345,312,33
116000637,57,70,-13
116000638,2,174,-172
116000640,0,0,0
116000641,50,68,-18
116000644,20,728,-708
116900001,27,26,1
116900002,93,1,92
116900003,1,26,-25
116900004,3,5,-2
116900005,18,27,-9
116900006,37,34,3
116900007,22,53,-31
116900008,41,291,-250
116900009,3,2,1
116900010,0,1008,-1008
116900011,3,17,-14
116900012,23,79,-56
116900013,3,84,-81
116900014,4,226,-222
116900015,29,30,-1
116900016,12,0,12
116900017,0,365,-365
116900018,9,11,-2
116900019,1,213,-212
116900020,534,41,493
116900023,20,6,14
116900024,27,21,6
116900025,38,462,-424
116900026,33,341,-308
116900027,1,18,-17
116900028,2,50,-48
116900029,0,11,-11
116900031,0,5,-5
116900032,1,136,-135
116900033,0,2,-2
116900034,0,48,-48
116900035,19,107,-88
116900036,0,54,-54
116900038,5,0,5
116900041,2,0,2
116900042,590,74,516
116900043,1,33,-32
116900047,25,8,17
116900049,7,104,-97
116900050,17,146,-129
116900051,4,115,-111
116900052,35,10,25
116900055,0,1,-1
116900057,4,186,-182
116900058,13,164,-151
116900059,0,42,-42
116900060,24,150,-126
116900062,0,0,0
116900064,7,462,-455
116900065,3,44,-41
116900067,9,44,-35
116900068,34,205,-171
116900070,0,0,0
116900072,12,254,-242
116900073,3,66,-63
116900074,1,7,-6
116900076,12,21,-9
116900077,2,94,-92
116900078,70,53,17
116900079,2,167,-165
116900080,1,2,-1
116900081,44,504,-460
116900082,81,331,-250
116900083,3,36,-33
116900084,26,16,10
116900085,4,66,-62
116900086,16,122,-106
116900088,74,17,57
116900090,45,22,23
116900091,15,47,-32
116900092,17,403,-386
116900093,916,489,427
116900094,2749,699,2050
116900095,24,107,-83
116900096,28,24,4
116900097,989,251,738
116900098,494,36,458
116900099,206,138,68
116900100,87,4,83
116900101,126,334,-208
116900103,1,0,1
116900104,13,51,-38
116900105,58,9,49
116900106,163,218,-55
116900107,1747,234,1513
116900110,1,0,1
116900111,39,613,-574
116900112,28,275,-247
116900113,1063,243,820
116900116,34,59,-25
116900117,4,54,-50
116900118,550,183,367
116900120,25,28,-3
116900121,8,9,-1
116900122,73,430,-357
116900123,39,489,-450
116900124,21,353,-332
116900125,21,70,-49
116900126,61,195,-134
116900128,0,20,-20
116900129,1,159,-158
116900130,549,645,-96
116900131,13,73,-60
116900132,13,25,-12
116900133,16,43,-27
116900134,37,99,-62
116900136,8,82,-74
116900137,42,69,-27
116900138,33,87,-54
116900139,19,177,-158
116900140,36,98,-62
116900141,114,183,-69
116900142,0,3,-3
116900143,49,230,-181
116900144,3,9,-6
116900145,14,178,-164
116900147,193,105,88
116900148,1,7,-6
116900149,1,17,-16
116900150,0,1,-1
116900151,9,4,5
116900153,5,27,-22
116900154,38,48,-10
116900155,7,6,1
116900157,36,74,-38
116900158,4,12,-8
116900159,19,93,-74
116900160,243,66,177
116900161,3450,836,2614
116900162,1,54,-53
116900163,11,62,-51
116900164,3,10,-7
116900165,16,18,-2
116900166,2,15,-13
116900167,45,22,23
116900168,22,51,-29
116900169,115,46,69
116900170,21,65,-44
116900171,2,103,-101
116900172,43,13,30
116900173,5,23,-18
116900174,2,13,-11
116900175,18,20,-2
116900178,0,67,-67
116900179,10,21,-11
116900180,8,18,-10
116900182,88,79,9
116900183,29,19,10
116900185,1,11,-10
116900186,31,169,-138
116900187,7,0,7
116900188,11,13,-2
116900189,3,0,3
116900191,53,106,-53
116900192,44,53,-9
116900194,7,167,-160
116900195,5,11,-6
116900196,9,90,-81
116900197,4,2,2
116900198,186,43,143
116900200,2,19,-17
116900201,7,0,7
116900202,15,23,-8
116900203,10,1,9
116900204,5,29,-24
116900206,1,20,-19
116900207,2,11,-9
116900208,0,39,-39
116900209,10,59,-49
116900210,102,76,26
116900211,48,5,43
116900212,0,27,-27
116900213,20,38,-18
116900214,16,61,-45
116900215,4,19,-15
116900216,30,124,-94
116900218,1,185,-184
116900219,389,169,220
116900220,14,65,-51
116900221,11,111,-100
116900222,77,83,-6
116900223,30,59,-29
116900226,3,34,-31
116900227,13,31,-18
116900228,50,206,-156
116900230,9,159,-150
116900231,2,212,-210
116900232,1,194,-193
116900233,18,22,-4
116900234,2,0,2
116900235,47,141,-94
116900238,571,94,477
116900239,0,160,-160
116900240,2492,449,2043
116900241,5,54,-49
116900242,629,65,564
116900243,1,12,-11
116900245,29,1,28
116900246,3,11,-8
116900247,48,5,43
116900248,3,4,-1
116900249,29,19,10
116900250,32,13,19
116900251,92,24,68
116900252,8,424,-416
116900253,12,9,3
116900254,3,18,-15
116900255,38,2,36
116900256,35,17,18
116900257,4,331,-327
116900258,0,180,-180
116900259,4,2,2
116900260,0,85,-85
116900261,4,1,3
116900262,16,74,-58
116900263,0,1,-1
116900264,0,1,-1
116900265,6,0,6
116900266,0,17,-17
116900267,1,2,-1
116900268,0,0,0
116900269,28,138,-110
116900271,855,30,825
116900272,172,219,-47
116900273,94,6,88
116900274,2,19,-17
116900275,4,35,-31
116900276,200,20,180
116900277,130,3,127
116900278,0,5,-5
116900279,0,8,-8
116900280,3,13,-10
116900281,3229,528,2701
116900282,3,60,-57
116900283,5,33,-28
116900284,5,72,-67
116900285,77,12,65
116900286,35,5,30
116900287,0,50,-50
116900288,2,42,-40
116900289,2,20,-18
116900290,0,8,-8
116900291,1,3,-2
116900292,0,0,0
116900293,8,61,-53
116900294,2,56,-54
116900295,34,2,32
116900296,2,4,-2
116900297,1,4,-3
116900298,11,11,0
116900299,1,7,-6
116900300,7,25,-18
116900301,6,15,-9
116900302,8,8,0
116900303,159,20,139
116900304,0,77,-77
116900305,1,2,-1
116900306,7,44,-37
116900307,3,1,2
116900308,1,117,-116
116900309,11,103,-92
117000001,302,363,-61
117000002,512,1788,-1276
117000003,1270,674,596
117000004,1534,2075,-541
117000005,356,446,-90
117000006,250,2088,-1838
117000007,516,301,215
117000008,482,1966,-1484
117000009,1085,399,686
117000010,964,1655,-691
117000011,205,482,-277
117000012,314,1038,-724
117000013,235,339,-104
117000014,240,1114,-874
117000015,732,395,337
117000016,80,33,47
117000017,102,68,34
117000018,19,108,-89
117000019,13,9,4
117000020,286,330,-44
117000021,1407,187,1220
117000022,181,26,155
117000023,169,72,97
117000024,126,63,63
117000025,337,358,-21
117000026,408,108,300
117000027,641,566,75
117000028,41,74,-33
117000030,201,261,-60
117000031,34,13,21
117000032,733,522,211
117000033,309,214,95
117000034,44,140,-96
117000035,10,22,-12
117000036,81,133,-52
117000037,14,23,-9
117000038,20,170,-150
117000039,21,86,-65
117000040,34,944,-910
117000041,94,23,71
117000044,23,684,-661
117000045,57,9,48
117000046,149,612,-463
117000047,53,84,-31
117000048,944,656,288
117000049,65,164,-99
117000050,21,1584,-1563
117000051,392,90,302
117000052,3,325,-322
117000053,50,36,14
117000054,254,0,254
117000055,7,1968,-1961
117000056,95,3,92
117000057,306,865,-559
117000060,147,970,-823
117000061,201,168,33
117000062,28,207,-179
117000063,120,108,12
117000064,313,480,-167
117000066,421,326,95
117000067,11,104,-93
117000074,29,43,-14
117000076,25,3,22
117000077,30,24,6
117000078,15,230,-215
117000079,30,38,-8
117000080,3,222,-219
117000081,109,32,77
117000082,15,24,-9
117000083,8,0,8
117000084,0,1,-1
117000085,42,152,-110
117000086,207,321,-114
117000087,45,221,-176
117000088,47,38,9
117000089,246,93,153
117000090,64,981,-917
117000091,115,67,48
117000092,131,1045,-914
117000093,142,122,20
117000094,228,1290,-1062
117000095,352,182,170
117000096,211,1426,-1215
117000097,206,353,-147
117000098,1116,2944,-1828
117000099,385,281,104
117000100,54,62,-8
117000101,113,605,-492
117000102,152,149,3
117000103,433,880,-447
117000104,222,169,53
117000105,257,1174,-917
117000106,115,101,14
117000107,190,1454,-1264
117000108,154,191,-37
117000109,601,1568,-967
117000110,182,176,6
117000111,711,1185,-474
117000112,509,462,47
117000113,21,196,-175
117000114,13,17,-4
117000115,26,99,-73
117000116,11,89,-78
117000117,325,89,236
117000118,32,118,-86
117000119,10,10,0
117000120,27,10,17
117000121,5,76,-71
117000122,168,117,51
117000123,365,4,361
117000124,24,1,23
117000125,80,18,62
117000126,9,12,-3
117000127,42,168,-126
117000128,116,178,-62
117000129,83,76,7
117000130,0,0,0
117000131,0,147,-147
117000132,168,106,62
117000133,164,89,75
117000134,0,35,-35
117000135,2,17,-15
117000136,1,16,-15
117000137,15,11,4
117000138,0,159,-159
117000140,154,865,-711
117000141,188,110,78
117000181,377,133,244
117000182,46,17,29
117000195,45,786,-741
117000196,24,6,18
117000225,29,3,26
117000226,0,38,-38
117000276,33,3,30
117000277,2,302,-300
117000310,1100,881,219
117000315,6,123,-117
117000320,0,0,0
117000906,21,3,18
117000907,2,342,-340
117000909,32,14,18
117000910,109,63,46
117000911,62,104,-42
117000915,5,372,-367
117000916,4,1,3
117000917,89,1,88
117000918,9,3,6
117000919,5,53,-48
117000920,4,988,-984
117000921,4,1411,-1407
117000922,0,0,0
117000924,74,91,-17
117000926,577,48,529
117000927,48,74,-26
117000928,1,184,-183
117000929,43,298,-255
117000930,34,8,26
117000931,73,17,56
117900002,57,133,-76
117900003,393,78,315
117900005,0,21,-21
117900006,0,14,-14
117900007,11,104,-93
117900008,0,15,-15
117900010,29,126,-97
117900011,11,14,-3
117900012,6,101,-95
117900013,0,120,-120
117900014,60,171,-111
117900015,4,145,-141
117900016,397,102,295
117900017,62,309,-247
117900018,76,20,56
117900019,40,340,-300
117900020,12,60,-48
117900021,10,77,-67
117900022,7,5,2
117900023,366,14,352
117900024,32,139,-107
117900025,3,4,-1
117900026,33,253,-220
117900028,4,1,3
117900029,34,521,-487
117900030,56,75,-19
117900031,17,31,-14
117900032,61,52,9
117900033,28,538,-510
117900034,31,27,4
117900035,25,13,12
117900036,53,422,-369
117900037,3,66,-63
117900038,3,303,-300
117900039,1,45,-44
117900040,65,284,-219
117900041,2,31,-29
117900042,2038,140,1898
117900043,10,23,-13
117900044,10,333,-323
117900045,19,15,4
117900048,47,163,-116
117900049,14,350,-336
117900050,1,7,-6
117900051,3,0,3
117900052,8,63,-55
117900053,264,412,-148
117900054,1,28,-27
117900055,38,32,6
117900056,96,7,89
117900057,295,561,-266
117900058,17,3,14
117900059,35,23,12
117900060,146,2376,-2230
117900061,4,52,-48
117900063,16,91,-75
117900065,332,465,-133
117900066,1,8,-7
117900067,42,151,-109
117900069,78,213,-135
117900070,39,1,38
117900071,31,72,-41
117900073,96,213,-117
117900074,9,5,4
117900075,3,25,-22
117900076,4,26,-22
117900077,21,34,-13
117900078,62,156,-94
117900080,21,14,7
117900081,236,147,89
117900082,56,103,-47
117900083,28,381,-353
117900086,17,25,-8
117900087,7,10,-3
117900088,1060,541,519
117900089,307,58,249
117900090,41,405,-364
117900091,41,44,-3
117900092,7,9,-2
117900093,3,33,-30
117900094,14,3,11
117900095,46,366,-320
117900096,8,64,-56
117900097,5,16,-11
117900098,1,3,-2
117900099,15,162,-147
117900100,11,1,10
117900101,114,306,-192
117900102,1,18,-17
117900103,6,0,6
117900104,2,29,-27
117900105,18,51,-33
117900106,0,10,-10
117900107,5,0,5
117900109,45,66,-21
117900110,1,0,1
117900111,25,0,25
117900112,3,3,0
117900113,1129,347,782
117900114,1,0,1
117900115,42,4,38
117900116,338,210,128
117900117,116,113,3
117900118,10,0,10
117900119,15,223,-208
117900120,17,58,-41
117900121,1,14,-13
117900122,395,230,165
117900123,112,521,-409
117900124,97,182,-85
117900125,307,314,-7
117900126,129,242,-113
117900127,81,295,-214
117900128,47,501,-454
117900129,4,0,4
117900130,253,128,125
117900131,0,40,-40
117900132,0,44,-44
117900133,1,68,-67
117900134,10,128,-118
117900135,1,139,-138
117900136,0,28,-28
117900137,9,214,-205
117900138,0,30,-30
117900139,6,48,-42
117900140,2458,49,2409
117900141,89,112,-23
117900142,2,0,2
117900144,12,11,1
117900145,4,1,3
117900146,29,25,4
117900147,9,14,-5
117900148,1060,380,680
117900149,4,71,-67
117900150,11,68,-57
117900151,3,109,-106
117900152,27,49,-22
117900153,2,47,-45
117900154,75,317,-242
117900156,160,178,-18
117900157,11,120,-109
117900158,11,28,-17
117900160,160,119,41
117900161,1042,993,49
117900162,26,113,-87
117900163,55,3,52
117900165,0,3,-3
117900166,15,44,-29
117900168,27,68,-41
117900169,2,61,-59
117900170,1,16,-15
117900171,0,7,-7
117900172,6,9,-3
117900173,51,14,37
117900174,2,14,-12
117900175,2,21,-19
117900176,1,18,-17
117900177,2,45,-43
117900178,31,19,12
117900180,153,19,134
117900181,45,28,17
117900182,0,8,-8
117900183,3,28,-25
117900184,0,9,-9
117900185,0,13,-13
117900186,3,11,-8
117900187,1,2,-1
117900188,33,13,20
117900189,18,2,16
117900190,3,0,3
117900191,10,0,10
117900192,12,4,8
117900193,1,25,-24
117900194,6,0,6
117900195,1,3,-2
117900196,0,2,-2
117900207,22,12,10
117900208,5,10,-5
117900209,88,34,54
117900210,28,36,-8
117900211,3,71,-68
117900212,25,54,-29
117900213,2,2,0
117900214,1,45,-44
117900215,0,3,-3
117900216,7,6,1
117900217,13,15,-2
117900218,77,26,51
117900219,0,34,-34
117900220,3,3,0
117900222,65,96,-31
117900223,31,61,-30
118000001,130,124,6
118000002,510,697,-187
118000003,419,369,50
118000004,1108,735,373
118000005,1151,535,616
118000006,3425,1699,1726
118000007,1415,775,640
118000008,1125,948,177
118000009,589,868,-279
118000010,604,1335,-731
118000011,213,1220,-1007
118000012,276,1251,-975
118000013,1344,1175,169
118000014,672,1709,-1037
118000016,80,258,-178
118000017,31,79,-48
118000018,89,268,-179
118000019,670,418,252
118000020,515,421,94
118000021,340,649,-309
118000022,839,188,651
118000023,444,123,321
118000024,519,213,306
118000027,6361,1465,4896
118000029,445,186,259
118000032,245,352,-107
118000033,756,603,153
118000034,1789,773,1016
118000035,340,556,-216
118000036,255,412,-157
118000037,164,296,-132
118000038,31,117,-86
118000039,40,99,-59
118000040,311,1091,-780
118000041,427,464,-37
118000045,188,24,164
118000046,497,218,279
118000047,488,150,338
118000048,1117,387,730
118000051,367,130,237
118000052,194,103,91
118000053,104,88,16
118000054,901,270,631
118000055,542,277,265
118000056,55,59,-4
118000057,52,101,-49
118000058,610,184,426
118000059,329,215,114
118000060,148,272,-124
118000061,162,366,-204
118000062,121,54,67
118000063,82,143,-61
118000064,266,365,-99
118000065,1527,421,1106
118000066,257,258,-1
118000067,483,300,183
118000068,630,1028,-398
118000069,1147,331,816
118000070,3229,391,2838
118000071,1276,1153,123
118000072,572,530,42
118000073,621,135,486
118000074,43,142,-99
118000075,203,145,58
118000076,252,349,-97
118000077,552,472,80
118000078,510,637,-127
118000079,115,85,30
118000080,534,345,189
118000081,506,341,165
118000082,101,273,-172
118000083,901,388,513
118000084,1042,563,479
118000086,58,195,-137
118000087,3133,949,2184
118000088,770,602,168
118000089,1615,1016,599
118000090,1204,618,586
118000091,599,628,-29
118000092,695,141,554
118000093,56,188,-132
118000096,168,153,15
118000097,177,243,-66
118000098,72,85,-13
118000099,57,431,-374
118000101,180,143,37
118000102,65,599,-534
118000107,1449,146,1303
118000108,27,103,-76
118000110,1,8,-7
118000111,2,369,-367
118000112,0,0,0
118000113,9,579,-570
118000114,0,0,0
118000115,1,1,0
118000116,0,0,0
118000117,402,266,136
118000118,157,198,-41
118000119,221,377,-156
118000120,560,626,-66
118000121,15,237,-222
118000122,275,42,233
118000123,12,142,-130
118000125,574,433,141
118000126,174,472,-298
118000127,363,148,215
118000128,245,508,-263
118000129,147,102,45
118000130,1385,1934,-549
118000131,221,583,-362
118000132,457,343,114
118000133,118,178,-60
118000135,31,33,-2
118000136,33,281,-248
118000137,199,50,149
118000138,34,274,-240
118000139,37,78,-41
118000140,690,815,-125
118000141,349,500,-151
118000142,413,923,-510
118000143,220,266,-46
118000144,357,311,46
118000145,489,1180,-691
118000146,254,664,-410
118000147,253,960,-707
118000148,112,468,-356
118000149,134,443,-309
118000150,30,86,-56
118000151,24,89,-65
118000153,231,364,-133
118000154,152,512,-360
118000155,141,327,-186
118000156,866,709,157
118000157,93,176,-83
118000158,34,201,-167
118000159,0,0,0
118000160,18,63,-45
118000161,82,468,-386
118000162,101,255,-154
118000163,137,205,-68
118000164,534,308,226
118000168,748,93,655
118000169,332,794,-462
118000170,1381,2815,-1434
118000171,20,86,-66
118000172,8,26,-18
118000173,206,384,-178
118000175,29,59,-30
118000176,42,74,-32
118000177,27,99,-72
118000178,8,13,-5
118000179,322,91,231
118000180,93,167,-74
118000181,167,80,87
118000182,120,89,31
118000183,50,42,8
118000184,43,265,-222
118000185,318,228,90
118000186,168,243,-75
118000187,215,450,-235
118000188,57,108,-51
118000189,63,415,-352
118000190,4,5,-1
118000191,0,7,-7
118000192,30,21,9
118000193,12,50,-38
118000194,690,183,507
118000195,239,141,98
118000196,30,16,14
118000197,49,43,6
118000198,121,94,27
118000199,111,85,26
118000200,1,11,-10
118000201,116,123,-7
118000202,2,1,1
118000203,390,81,309
118000204,96,49,47
118000205,187,76,111
118000206,34,30,4
118000207,0,47,-47
118000208,208,409,-201
118000209,491,726,-235
118000210,3,7,-4
118000211,1,3,-2
118000213,141,148,-7
118000214,227,103,124
118000215,83,174,-91
118000216,2,331,-329
118000217,2,41,-39
118000218,8,45,-37
118000219,115,112,3
118000220,0,2,-2
118000221,40,65,-25
118000222,69,18,51
118000223,3,9,-6
118000224,92,27,65
118000225,24,469,-445
118000226,30,12,18
118000227,297,78,219
118000228,58,43,15
118000229,10,4,6
118000230,10,89,-79
118000231,9,69,-60
118000232,132,441,-309
118000233,136,150,-14
118000234,51,102,-51
118000236,105,238,-133
118000237,11,300,-289
118000238,24,151,-127
118000239,31,86,-55
118000240,199,27,172
118000241,11,88,-77
118000242,34,395,-361
118000243,19,73,-54
118000244,5,74,-69
118000246,0,3,-3
118000255,14,93,-79
118000256,6,97,-91
118000259,1,9,-8
118000260,23,44,-21
118000261,3,28,-25
118000263,14,115,-101
118000266,65,181,-116
118000267,1,65,-64
118000268,6,2,4
118000270,10,3,7
118000271,23,113,-90
118000272,6,2,4
118000273,13,42,-29
118000274,52,177,-125
118000276,72,75,-3
118000295,0,29,-29
118000298,22,219,-197
118000299,27,104,-77
118000301,1,26,-25
118000302,11,38,-27
118000311,27,72,-45
118000312,23,142,-119
118000313,3,62,-59
118000314,16,49,-33
118000315,6,18,-12
118000316,80,244,-164
118000325,5,24,-19
118000326,3,10,-7
118000331,2,35,-33
118000332,5,24,-19
118000333,3,27,-24
118000335,0,0,0
118000336,0,212,-212
118000407,5,27,-22
118000457,11,9,2
118000465,1131,610,521
118000480,1,48,-47
118000489,3,27,-24
118000490,26,217,-191
118000492,44,70,-26
118000510,29,12,17
118000514,28,131,-103
118000515,65,79,-14
118000517,233,77,156
118000524,280,65,215
118000525,258,312,-54
118000530,1,28,-27
118000531,27,61,-34
118000532,40,171,-131
118000533,102,50,52
118000534,97,157,-60
118000535,20,33,-13
118000536,88,65,23
118000537,7,20,-13
118000538,4,30,-26
118000539,4,20,-16
118000540,50,96,-46
118000541,41,46,-5
118000542,11,29,-18
118000543,14,30,-16
118000546,14,7,7
118000553,0,0,0
118000560,1412,150,1262
118000562,2,123,-121
118000563,542,371,171
118000576,47,168,-121
118000577,86,78,8
118000578,54,58,-4
118000579,227,252,-25
118000583,0,0,0
118000595,66,13,53
118000596,0,33,-33
118000597,37,84,-47
118000598,0,0,0
118000599,14,24,-10
118000600,1,2,-1
118000601,0,0,0
118000602,0,0,0
118000603,0,37,-37
118000605,14,344,-330
118900001,364,162,202
118900002,375,117,258
118900003,4,0,4
118900004,2,24,-22
118900005,24,0,24
118900006,2,0,2
118900007,0,2,-2
118900008,225,13,212
118900009,7,1,6
118900010,0,0,0
118900011,20,0,20
118900012,31,75,-44
118900013,79,3,76
118900015,17,17,0
118900016,0,4,-4
118900017,1,13,-12
118900018,150,0,150
118900019,15,0,15
118900020,7,14,-7
118900021,27,118,-91
118900022,40,31,9
118900023,33,10,23
118900024,11,33,-22
118900025,0,0,0
118900026,8,27,-19
118900027,58,51,7
118900028,15,68,-53
118900029,1,85,-84
118900030,2,4,-2
118900031,28,60,-32
118900032,7,24,-17
118900033,50,185,-135
118900034,3,0,3
118900035,29,155,-126
118900036,121,229,-108
118900037,25,41,-16
118900038,38,171,-133
118900039,21,48,-27
118900040,27,52,-25
118900041,13,35,-22
118900042,23,36,-13
118900045,12,48,-36
118900046,470,72,398
118900047,357,65,292
118900048,8,47,-39
118900049,13,3,10
118900050,0,89,-89
118900051,7,11,-4
118900052,25,54,-29
118900053,2,13,-11
118900054,5,39,-34
118900055,10,49,-39
118900056,0,18,-18
118900057,12,73,-61
118900058,57,109,-52
118900059,5,5,0
118900060,3,48,-45
118900062,10,84,-74
118900064,122,44,78
118900065,7,34,-27
118900066,13,19,-6
118900067,3650,707,2943
118900068,1,21,-20
118900069,52,97,-45
118900071,0,11,-11
118900072,84,77,7
118900073,25,43,-18
118900074,10,29,-19
118900075,3,10,-7
118900076,51,13,38
118900077,23,69,-46
118900078,4,2,2
118900079,11,47,-36
118900080,3,16,-13
118900081,12,0,12
118900082,114,47,67
118900083,3,11,-8
118900084,5,1,4
118900085,117,301,-184
118900086,1,9,-8
118900087,7,37,-30
118900088,1,14,-13
118900089,16,4,12
118900090,78,160,-82
118900091,23,31,-8
118900092,15,46,-31
118900093,9,2,7
118900096,13,15,-2
118900097,48,317,-269
118900099,7,116,-109
118900100,28,46,-18
118900101,13,298,-285
118900102,3,45,-42
118900103,5,34,-29
118900104,8,69,-61
118900105,75,43,32
118900107,49,57,-8
118900108,5,64,-59
118900110,167,89,78
118900111,45,184,-139
118900112,3,43,-40
118900113,8,220,-212
118900114,0,40,-40
118900115,31,117,-86
118900116,17,57,-40
118900117,16,65,-49
118900118,31,207,-176
118900119,13,100,-87
118900120,31,116,-85
118900121,2,101,-99
118900122,0,78,-78
118900123,36,92,-56
118900124,11,69,-58
118900126,2,88,-86
118900129,10,60,-50
118900130,4,20,-16
118900131,15,154,-139
118900132,34,40,-6
118900133,4,11,-7
118900135,57,90,-33
118900136,35,363,-328
118900137,0,2,-2
118900139,32,190,-158
118900140,74,468,-394
118900141,2,101,-99
118900144,18,484,-466
118900145,4,55,-51
118900146,46,283,-237
118900147,17,27,-10
118900148,5,20,-15
118900150,7,69,-62
118900152,59,341,-282
118900157,8,20,-12
118900158,4,28,-24
118900159,2,64,-62
118900161,1,0,1
118900163,53,19,34
118900164,1,25,-24
118900165,10,176,-166
118900166,12,2,10
118900167,4,72,-68
118900168,0,20,-20
118900169,19,207,-188
118900170,6,31,-25
118900171,1,26,-25
118900174,4,27,-23
118900175,25,117,-92
118900176,3,45,-42
118900177,1,15,-14
118900178,22,21,1
118900179,2,23,-21
118900181,54,44,10
118900182,6,33,-27
118900183,1,15,-14
118900184,27,7,20
118900185,1,43,-42
118900186,6,45,-39
118900187,21,95,-74
118900188,31,88,-57
118900189,2,83,-81
118900190,3,182,-179
118900191,14,7,7
118900192,21,2,19
118900193,13,1,12
118900195,40,199,-159
118900196,8,102,-94
118900197,4,18,-14
118900198,2,28,-26
118900199,4,29,-25
118900200,0,2,-2
118900201,2,2,0
118900202,3,27,-24
118900203,1,13,-12
118900204,1,21,-20
118900205,0,7,-7
118900206,1,15,-14
119000001,255,280,-25
119000002,520,732,-212
119000003,270,789,-519
119000004,366,455,-89
119000005,425,596,-171
119000006,396,556,-160
119000007,517,849,-332
119000008,472,995,-523
119000009,1182,929,253
119000010,3736,1946,1790
119000011,2961,688,2273
119000012,3105,1052,2053
119000013,1167,560,607
119000014,839,1229,-390
119000019,36,60,-24
119000020,227,713,-486
119000021,822,721,101
119000022,957,324,633
119000023,37,37,0
119000024,858,1681,-823
119000025,6286,399,5887
119000026,176,102,74
119000027,308,127,181
119000028,652,475,177
119000029,64,144,-80
119000030,213,527,-314
119000031,283,370,-87
119000032,925,768,157
119000033,637,613,24
119000034,310,581,-271
119000035,8,156,-148
119000036,207,572,-365
119000037,205,1153,-948
119000038,21,498,-477
119000039,94,177,-83
119000040,399,157,242
119000041,426,327,99
119000048,2082,2059,23
119000049,438,2023,-1585
119000050,483,861,-378
119000051,577,458,119
119000052,574,1148,-574
119000053,668,575,93
119000054,817,1561,-744
119000055,535,1462,-927
119000056,439,927,-488
119000057,405,1054,-649
119000058,553,907,-354
119000059,280,484,-204
119000060,273,364,-91
119000061,190,310,-120
119000062,380,725,-345
119000063,62,69,-7
119000064,350,539,-189
119000065,625,1523,-898
119000066,458,310,148
119000067,606,1176,-570
119000068,311,457,-146
119000069,391,1054,-663
119000070,388,520,-132
119000071,196,369,-173
119000072,2683,1544,1139
119000073,1677,1863,-186
119000074,231,1717,-1486
119000075,233,1314,-1081
119000076,177,289,-112
119000077,217,159,58
119000078,59,131,-72
119000079,27,164,-137
119000080,37,96,-59
119000081,24,124,-100
119000082,93,130,-37
119000083,103,130,-27
119000084,44,191,-147
119000085,85,52,33
119000086,80,168,-88
119000087,580,329,251
119000088,118,179,-61
119000089,22,58,-36
119000090,21,16,5
119000091,76,117,-41
119000092,163,39,124
119000093,1784,1756,28
119000094,793,1896,-1103
119000095,325,1317,-992
119000097,1347,585,762
119000098,237,628,-391
119000099,647,621,26
119000100,741,885,-144
119000101,960,965,-5
119000102,237,212,25
119000103,371,170,201
119000104,1404,736,668
119000105,157,284,-127
119000106,74,1186,-1112
119000107,140,152,-12
119000108,82,843,-761
119000109,19,180,-161
119000110,126,236,-110
119000111,16,243,-227
119000112,85,103,-18
119000113,1089,110,979
119000114,212,136,76
119000115,49,28,21
119000116,11,13,-2
119000117,15,85,-70
119000118,0,4,-4
119000123,763,157,606
119000124,90,104,-14
119000125,425,404,21
119000126,150,471,-321
119000127,84,522,-438
119000128,26,4,22
119000131,163,597,-434
119000132,1,5,-4
119000133,0,0,0
119000134,320,99,221
119000135,8,98,-90
119000136,22,230,-208
119000137,14,309,-295
119000138,51,266,-215
119000139,28,211,-183
119000140,31,88,-57
119000284,759,1027,-268
119000285,1366,1041,325
119000286,2666,1507,1159
119000287,428,861,-433
119000288,503,725,-222
119000289,596,1427,-831
119000290,101,204,-103
119000291,15,139,-124
119000293,29,85,-56
119000294,5,4,1
119000295,868,195,673
119000296,53,64,-11
119000299,0,0,0
119000302,2813,521,2292
119000303,0,0,0
119000310,0,0,0
119000314,817,1530,-713
119000315,3,418,-415
119000316,17,46,-29
119000317,3,334,-331
119900001,41,196,-155
119900002,17,74,-57
119900003,23,643,-620
119900004,121,108,13
119900005,15,76,-61
119900006,35,101,-66
119900007,83,7,76
119900008,0,4,-4
119900009,99,280,-181
119900010,226,518,-292
119900011,3,11,-8
119900012,1,18,-17
119900013,366,236,130
119900014,203,72,131
119900015,22,4,18
119900016,4,45,-41
119900017,2,13,-11
119900018,343,40,303
119900019,2,2,0
119900020,7,40,-33
119900021,12,8,4
119900022,12,56,-44
119900023,238,89,149
119900025,4,8,-4
119900026,355,26,329
119900027,0,12,-12
119900028,20,4,16
119900029,0,2,-2
119900030,40,157,-117
119900031,3,60,-57
119900033,1023,50,973
119900034,21,64,-43
119900037,10,8,2
119900038,8,32,-24
119900039,7,0,7
119900040,12,2,10
119900041,6,73,-67
119900042,1,54,-53
119900043,4,65,-61
119900044,56,82,-26
119900046,12,70,-58
119900047,32,13,19
119900048,9,44,-35
119900049,7,0,7
119900050,9,10,-1
119900051,70,3,67
119900052,2,68,-66
119900053,82,113,-31
119900054,4,1,3
119900055,150,71,79
119900057,46,52,-6
119900058,40,0,40
119900059,21,16,5
119900060,33,0,33
119900061,6,0,6
119900062,3,31,-28
119900063,1,5,-4
119900065,36,1,35
119900066,0,0,0
119900067,18,20,-2
119900068,55,0,55
119900069,3,4,-1
119900070,51,0,51
119900071,34,1,33
119900073,580,153,427
119900074,4,9,-5
119900075,2967,768,2199
119900076,36,238,-202
119900077,60,775,-715
119900078,25,369,-344
119900079,47,129,-82
119900080,40,191,-151
119900081,83,87,-4
119900082,109,175,-66
119900083,0,9,-9
119900084,44,44,0
119900085,67,25,42
119900086,10,360,-350
119900087,51,55,-4
119900088,47,42,5
119900089,4,334,-330
119900090,71,35,36
119900091,5,520,-515
119900092,0,236,-236
119900093,211,23,188
119900094,12,127,-115
119900095,93,44,49
119900096,8,44,-36
119900097,127,85,42
119900098,8,19,-11
119900099,2,238,-236
119900100,1147,477,670
119900101,76,288,-212
119900102,6,238,-232
119900103,11,276,-265
119900104,4,109,-105
119900105,140,660,-520
119900106,2,133,-131
119900107,83,1666,-1583
119900108,670,359,311
119900109,5,72,-67
119900110,112,365,-253
119900111,1,183,-182
119900112,1261,126,1135
119900113,22,428,-406
119900114,28,1057,-1029
119900115,9,822,-813
119900116,9,91,-82
119900117,22,529,-507
119900118,7,726,-719
119900119,28,134,-106
119900120,287,372,-85
119900121,37,769,-732
119900122,83,241,-158
119900123,29,75,-46
119900124,14,580,-566
119900125,20,215,-195
119900126,3132,58,3074
119900127,1315,311,1004
119900128,36,448,-412
119900129,18,392,-374
119900130,9,127,-118
119900131,4,229,-225
119900132,1,174,-173
119900133,0,7,-7
119900134,921,80,841
119900135,0,296,-296
119900136,61,307,-246
119900138,158,322,-164
119900139,0,40,-40
119900140,1,69,-68
119900141,58,68,-10
119900142,4,10,-6
119900143,0,103,-103
119900144,1140,52,1088
119900145,22,138,-116
119900146,33,41,-8
119900147,1,29,-28
119900148,45,15,30
119900149,678,565,113
119900150,52,94,-42
119900151,363,252,111
119900152,15,194,-179
119900153,3,12,-9
119900154,0,302,-302
119900155,4,8,-4
119900156,1,1,0
119900157,6,139,-133
119900158,13,17,-4
119900159,4,970,-966
119900160,2,153,-151
119900161,65,103,-38
119900162,106,139,-33
119900163,25,30,-5
119900164,0,0,0
119900165,6,123,-117
119900166,20,7,13
119900167,19,99,-80
119900168,117,133,-16
119900169,35,76,-41
119900170,13,37,-24
119900171,126,280,-154
119900172,13,10,3
119900173,3,354,-351
119900174,1,135,-134
119900175,115,246,-131
119900177,8,161,-153
119900178,14,122,-108
119900179,6,83,-77
119900180,193,259,-66
119900181,31,3,28
119900182,2,227,-225
119900183,39,617,-578
119900184,1369,211,1158
119900185,3,17,-14
119900186,2,72,-70
119900187,6,305,-299
119900188,9,150,-141
119900189,78,29,49
119900190,27,43,-16
119900191,42,38,4
119900192,3,98,-95
119900193,40,55,-15
119900194,4,8,-4
119900195,2,137,-135
119900196,926,164,762
119900197,24,41,-17
119900198,9,263,-254
119900199,68,8,60
119900200,31,160,-129
119900201,169,82,87
119900202,59,14,45
119900203,16,45,-29
119900204,28,96,-68
119900205,38,198,-160
119900206,6,86,-80
119900208,15,33,-18
119900209,65,144,-79
119900210,4,17,-13
119900211,15,5,10
119900212,15,154,-139
119900213,4,20,-16
119900214,2,38,-36
119900215,6,72,-66
119900216,4,58,-54
119900217,3,58,-55
119900218,7,45,-38
119900219,1,119,-118
119900220,4,65,-61
119900221,6,305,-299
119900222,1,136,-135
119900223,8,61,-53
119900224,15,6,9
119900225,706,11,695
119900226,498,250,248
119900227,1005,142,863
119900228,20,122,-102
119900229,98,144,-46
119900230,478,139,339
119900231,10,65,-55
119900232,31,5,26
119900233,2,0,2
119900234,7,8,-1
119900235,0,8,-8
119900236,0,116,-116
119900237,4,208,-204
119900238,0,53,-53
119900240,6,76,-70
119900241,22,104,-82
119900242,610,181,429
119900244,231,460,-229
119900245,31,36,-5
119900246,23,57,-34
119900247,10,4,6
119900248,7,6,1
119900249,27,7,20
119900253,1546,69,1477
119900254,8,42,-34
119900255,20,311,-291
119900256,60,754,-694
119900257,0,0,0
119900258,1,9,-8
119900259,2,113,-111
119900260,4,0,4
119900261,25,107,-82
119900262,1,141,-140
119900263,324,215,109
119900264,11,113,-102
119900265,47,73,-26
119900266,21,126,-105
119900267,11,167,-156
119900268,4,126,-122
119900269,43,541,-498
119900271,7,24,-17
119900272,24,13,11
119900275,37,5,32
119900276,1,1,0
119900277,1,0,1
119900278,64,16,48
119900279,31,46,-15
119900280,389,125,264
119900281,0,31,-31
119900282,28,2,26
119900283,0,178,-178
119900284,16,69,-53
119900285,4,16,-12
119900286,0,7,-7
119900288,2,20,-18
119900289,0,10,-10
119900290,0,2,-2
119900291,0,11,-11
119900292,3,4,-1
119900293,0,10,-10
119900294,5,5,0
119900295,0,7,-7
119900296,3,11,-8
119900297,0,0,0
119900298,0,3,-3
119900299,4,140,-136
119900300,14,137,-123
119900301,2,9,-7
119900302,3,14,-11
119900303,4,67,-63
119900304,13,6,7
119900305,21,43,-22
119900306,7,0,7
119900307,2,49,-47
119900308,0,2,-2
119900309,1,10,-9
119900310,60,155,-95
119900311,7,63,-56
119900312,14,21,-7
119900313,41,170,-129
119900314,4,43,-39
119900315,90,1312,-1222
119900318,0,2,-2
119900319,4,217,-213
119900320,6,456,-450
119900321,4,0,4
119900322,11,36,-25
119900323,1,22,-21
119900324,1,8,-7
119900325,3,66,-63
119900326,30,8,22
120000001,3329,2259,1070
120000002,1062,1719,-657
120000003,1770,1192,578
120000004,1803,1457,346
120000005,2651,1228,1423
120000006,725,688,37
120000007,1316,1039,277
120000008,444,762,-318
120000009,2858,584,2274
120000010,533,2091,-1558
120000011,317,1114,-797
120000012,957,1769,-812
120000013,702,1517,-815
120000014,200,841,-641
120000015,668,843,-175
120000016,821,503,318
120000017,352,415,-63
120000018,1763,2029,-266
120000019,249,267,-18
120000020,686,708,-22
120000021,544,625,-81
120000022,1340,1269,71
120000023,261,595,-334
120000024,509,807,-298
120000025,541,979,-438
120000026,182,956,-774
120000027,392,759,-367
120000028,155,142,13
120000029,676,222,454
120000030,23,328,-305
120000031,801,1632,-831
120000032,5545,1495,4050
120000033,563,697,-134
120000034,375,1103,-728
120000035,551,1097,-546
120000036,777,1536,-759
120000037,132,233,-101
120000038,5314,1466,3848
120000039,165,482,-317
120000040,13,57,-44
120000041,88,1184,-1096
120000042,468,2921,-2453
120000043,1846,1375,471
120000044,831,685,146
120000045,1157,506,651
120000046,530,751,-221
120000047,833,1307,-474
120000048,4292,1257,3035
120000049,742,1166,-424
120000050,972,2097,-1125
120000051,2345,1619,726
120000052,9383,1147,8236
120000053,428,2738,-2310
120000054,690,4429,-3739
120000055,344,2505,-2161
120000056,1466,2740,-1274
120000057,513,676,-163
120000058,69,113,-44
120000059,33,669,-636
120000061,32,300,-268
120000062,74,176,-102
120000063,1101,2164,-1063
120000064,121,1132,-1011
120000065,111,1192,-1081
120000066,31,267,-236
120000067,5,251,-246
120000068,30,661,-631
120000069,160,980,-820
120000070,7,605,-598
120000071,29,102,-73
120000072,79,242,-163
120000073,53,34,19
120000074,15,15,0
120000075,53,140,-87
120000076,248,122,126
120000077,278,166,112
120000078,1740,220,1520
120000079,54,298,-244
120000080,20,80,-60
120000081,32,79,-47
120000082,40,80,-40
120000083,39,126,-87
120000084,166,312,-146
120000085,182,231,-49
120000086,83,400,-317
120000087,42,704,-662
120000088,130,527,-397
120000089,125,72,53
120000090,76,82,-6
120000091,140,183,-43
120000092,98,118,-20
120000093,21,144,-123
120000094,21,102,-81
120000095,196,396,-200
120000096,101,750,-649
120000098,266,552,-286
120000099,62,353,-291
120000100,175,476,-301
120000101,130,337,-207
120000102,79,175,-96
120000103,104,135,-31
120000104,243,71,172
120000105,254,93,161
120000106,314,103,211
120000107,323,118,205
120000108,116,36,80
120000109,168,26,142
120000110,37,615,-578
120000111,33,870,-837
120000112,181,2497,-2316
120000113,192,1676,-1484
120000114,213,1271,-1058
120000115,106,1217,-1111
120000116,174,1061,-887
120000117,544,991,-447
120000118,1,6,-5
120000119,1,8,-7
120000120,9,8,1
120000121,0,4,-4
120000122,42,28,14
120000123,3355,489,2866
120000124,82,125,-43
120000125,70,290,-220
120000126,75,188,-113
120000127,279,129,150
120000128,780,738,42
120000129,54,63,-9
120000130,189,122,67
120000131,88,295,-207
120000134,122,622,-500
120000135,22,203,-181
120000137,21,1204,-1183
120000138,65,252,-187
120000139,29,533,-504
120000140,72,414,-342
120000141,37,348,-311
120000142,35,326,-291
120000143,0,40,-40
120000144,6,0,6
120000145,35,2,33
120000146,657,257,400
120000149,184,472,-288
120000150,2456,2450,6
120000151,118,189,-71
120000152,34,135,-101
120000153,30,247,-217
120000154,135,185,-50
120000155,33,94,-61
120000156,518,140,378
120000157,198,256,-58
120000158,288,460,-172
120000159,775,1424,-649
120000160,608,385,223
120000161,328,1381,-1053
120000162,9,79,-70
120000163,83,772,-689
120000164,82,238,-156
120000165,63,626,-563
120000166,118,260,-142
120000167,6,4,2
120000168,0,16,-16
120000169,94,50,44
120000170,135,32,103
120000171,30,6,24
120000172,12,4,8
120000173,1145,23,1122
120000174,181,2,179
120000175,337,5,332
120000176,48,64,-16
120000177,744,317,427
120000178,19,4,15
120000179,148,16,132
120000180,108,36,72
120000181,11,14,-3
120000182,30,10,20
120000183,1,91,-90
120000184,26,1008,-982
120000186,7,9,-2
120000187,17,7,10
120000188,71,9,62
120000190,381,2,379
120000191,626,0,626
120000192,469,2,467
120000193,41,0,41
120000195,7,0,7
120000196,28,5,23
120000197,13,18,-5
120000198,8,111,-103
120000199,5,1,4
120000200,24,0,24
120000201,2,8,-6
120000202,13,26,-13
120000203,6,282,-276
120000207,0,42,-42
120000208,5,178,-173
120000209,2,67,-65
120000210,126,39,87
120000211,19,1,18
120000212,14,0,14
120000213,22,322,-300
120000214,2,310,-308
120000215,2,102,-100
120000216,17,0,17
120000217,395,911,-516
120000218,166,1321,-1155
120000219,10,745,-735
120000220,8,2464,-2456
120000225,97,0,97
120000226,23,1,22
120000227,205,4,201
120000228,5850,686,5164
120000230,23,1,22
120000231,100,1429,-1329
120000233,23,19,4
120000235,100,405,-305
120000236,0,0,0
120000237,7,1453,-1446
120000238,0,30,-30
120000241,293,542,-249
120000412,617,4,613
120000413,41,196,-155
120000414,7,1,6
120000415,1,104,-103
120000416,4,18,-14
120000417,1,38,-37
120000418,2,1,1
120000419,8,261,-253
120000420,4,11,-7
120000421,9241,3701,5540
120000422,162,218,-56
120000423,0,36,-36
120000424,8,114,-106
120000436,71,104,-33
120000437,66,102,-36
120000438,2814,297,2517
120000439,23,87,-64
120000443,23,0,23
120000444,82,247,-165
120000445,332,273,59
120000446,401,51,350
120000447,1,3,-2
120000449,6,10,-4
120000450,0,264,-264
120000451,10,78,-68
120000452,4,0,4
120000453,0,288,-288
120000454,0,0,0
120000455,9,25,-16
120000456,1617,1099,518
120000457,566,541,25
120000458,170,384,-214
120000459,43,16,27
120000665,294,54,240
120000668,51,42,9
120000669,8,253,-245
120000670,89,151,-62
120000671,117,78,39
120000672,40,241,-201
120900001,10,14,-4
120900002,29,78,-49
120900003,32,17,15
120900004,1,13,-12
120900005,0,934,-934
120900006,33,62,-29
120900007,19,85,-66
120900008,30,556,-526
120900009,90,30,60
120900010,45,10,35
120900011,77,41,36
120900012,383,203,180
120900013,47,16,31
120900014,38,398,-360
120900015,71,39,32
120900016,65,37,28
120900017,1731,69,1662
120900018,10,196,-186
120900019,87,15,72
120900020,124,115,9
120900021,42,22,20
120900022,14,203,-189
120900023,37,15,22
120900024,514,232,282
120900025,1069,336,733
120900026,12,68,-56
120900027,136,44,92
120900028,38,14,24
120900029,2,80,-78
120900030,182,153,29
120900031,19,4,15
120900032,152,59,93
120900033,95,6,89
120900034,24,472,-448
120900035,16,60,-44
120900037,20,2,18
120900038,8,36,-28
120900039,5,10,-5
120900040,31,0,31
120900041,113,87,26
120900042,15,32,-17
120900043,7,2,5
120900044,1,233,-232
120900045,27,83,-56
120900046,40,1,39
120900047,20,6,14
120900048,15,2,13
120900049,31,0,31
120900050,1667,239,1428
120900051,62,51,11
120900052,48,1,47
120900053,33,25,8
120900054,464,288,176
120900055,33,0,33
120900056,39,0,39
120900057,14,4,10
120900058,38,0,38
120900059,13,0,13
120900060,11,13,-2
120900061,75,116,-41
120900062,29,0,29
120900063,62,0,62
120900064,34,0,34
120900065,40,1,39
120900066,24,224,-200
120900067,7,7,0
120900068,19,0,19
120900069,22,47,-25
120900071,1,6,-5
120900072,109,0,109
120900073,55,153,-98
120900074,56,24,32
120900076,23,0,23
120900077,1454,53,1401
120900078,55,459,-404
120900079,76,22,54
120900080,23,1866,-1843
120900081,219,536,-317
120900082,179,105,74
120900083,6,3,3
120900084,19,55,-36
120900085,51,25,26
120900086,58,53,5
120900087,41,36,5
120900088,54,70,-16
120900089,3107,282,2825
120900090,11,83,-72
120900091,127,60,67
120900092,135,385,-250
120900093,2801,157,2644
120900094,226,117,109
120900095,19,7,12
120900096,2,50,-48
120900097,259,968,-709
120900098,98,87,11
120900099,16,66,-50
120900100,12,330,-318
120900101,98,205,-107
120900102,5,57,-52
120900103,20,57,-37
120900104,7,38,-31
120900105,18,626,-608
120900106,589,386,203
120900107,282,100,182
120900108,2,722,-720
120900109,5,536,-531
120900110,2,264,-262
120900111,31,236,-205
120900112,3,1085,-1082
120900113,3,714,-711
120900114,13,216,-203
120900115,54,50,4
120900116,14,332,-318
120900117,1,364,-363
120900118,2,624,-622
120900119,2012,1215,797
120900120,17,569,-552
120900121,36,237,-201
120900122,9,421,-412
120900123,1,300,-299
120900124,2,490,-488
120900125,0,628,-628
120900126,444,367,77
120900127,3,365,-362
120900128,447,643,-196
120900129,21,319,-298
120900130,1,325,-324
120900131,6,35,-29
120900132,59,148,-89
120900133,90,711,-621
120900134,70,259,-189
120900135,5,529,-524
120900136,2,4,-2
120900137,10,38,-28
120900138,1,166,-165
120900139,3,669,-666
120900140,0,8,-8
120900141,11,30,-19
120900142,8,570,-562
120900143,1,673,-672
120900144,1,199,-198
120900145,6,548,-542
120900146,1,676,-675
120900147,0,121,-121
120900148,6,43,-37
120900149,0,229,-229
120900150,3,315,-312
120900151,0,426,-426
120900152,0,30,-30
120900153,1,22,-21
120900154,0,191,-191
120900155,25,827,-802
120900156,2,280,-278
120900157,3,147,-144
120900158,8,371,-363
120900159,7,452,-445
120900160,39,227,-188
120900161,3,975,-972
120900162,4,910,-906
120900163,0,17,-17
120900164,6,0,6
120900165,2,0,2
120900166,7,22,-15
120900167,20,18,2
120900169,14,286,-272
120900170,1110,445,665
120900171,781,142,639
120900172,184,17,167
120900173,0,39,-39
120900174,5,51,-46
120900175,133,107,26
120900176,1,47,-46
120900177,0,83,-83
120900178,0,31,-31
120900179,203,194,9
120900180,29,33,-4
120900181,13,30,-17
120900182,6,211,-205
120900183,344,34,310
120900184,83,57,26
120900185,1,190,-189
120900186,2,314,-312
120900187,54,186,-132
120900188,10,9,1
120900189,11,113,-102
120900190,2,2,0
120900191,2,3,-1
120900192,9448,581,8867
120900194,21,27,-6
120900195,51,213,-162
120900196,178,23,155
120900197,73,9,64
120900198,50,388,-338
120900199,47,45,2
120900200,30,15,15
120900201,369,84,285
120900202,1,135,-134
120900203,4,15,-11
120900204,239,235,4
120900205,25,47,-22
120900206,2,5,-3
120900207,21,761,-740
121000001,435,609,-174
121000002,595,454,141
121000003,2275,911,1364
121000004,1303,942,361
121000005,1021,1135,-114
121000006,1259,520,739
121000007,1416,1492,-76
121000008,1422,765,657
121000009,3892,2128,1764
121000010,3507,1014,2493
121000011,7015,3287,3728
121000012,7931,1911,6020
121000013,3711,2817,894
121000014,4025,2507,1518
121000015,2009,2982,-973
121000016,2116,1583,533
121000017,620,1645,-1025
121000018,763,691,72
121000019,5753,2681,3072
121000020,3714,2069,1645
121000021,925,1300,-375
121000022,522,667,-145
121000023,1159,1193,-34
121000024,728,1269,-541
121000025,319,197,122
121000026,65,42,23
121000027,973,430,543
121000028,229,143,86
121000029,155,240,-85
121000030,61,103,-42
121000031,170,293,-123
121000032,44,54,-10
121000034,18,9,9
121000035,17,20,-3
121000036,233,240,-7
121000037,181,265,-84
121000038,179,214,-35
121000039,113,120,-7
121000041,80,170,-90
121000042,18,102,-84
121000043,313,186,127
121000044,455,188,267
121000045,79,155,-76
121000046,50,133,-83
121000047,2,22,-20
121000049,811,365,446
121000050,86,427,-341
121000051,93,107,-14
121000052,70,259,-189
121000053,44,2,42
121000054,11,84,-73
121000055,723,463,260
121000056,358,419,-61
121000057,63,105,-42
121000058,235,55,180
121000059,438,180,258
121000060,189,294,-105
121000061,12,33,-21
121000062,39,49,-10
121000063,197,273,-76
121000064,104,133,-29
121000065,127,141,-14
121000066,175,207,-32
121000067,435,96,339
121000068,74,76,-2
121000069,24,52,-28
121000070,299,415,-116
121000071,147,286,-139
121000072,394,182,212
121000073,278,302,-24
121000074,70,96,-26
121000075,11,15,-4
121000076,184,131,53
121000077,7,6,1
121000078,23,56,-33
121000080,1080,233,847
121000081,398,523,-125
121000082,97,122,-25
121000083,78,29,49
121000084,93,46,47
121000085,241,257,-16
121000086,80,259,-179
121000087,13,71,-58
121000088,142,166,-24
121000089,68,54,14
121000090,78,143,-65
121000091,1123,303,820
121000092,49,54,-5
121000093,37,78,-41
121000094,120,87,33
121000095,66,71,-5
121000096,1469,962,507
121000097,767,706,61
121000098,122,458,-336
121000099,142,375,-233
121000100,109,264,-155
121000101,10,11,-1
121000102,16,174,-158
121000103,5,11,-6
121000104,26,50,-24
121000105,85,132,-47
121000106,4,13,-9
121000107,1018,1825,-807
121000109,840,516,324
121000110,95,172,-77
121000114,1286,998,288
121000115,579,422,157
121000116,267,329,-62
121000117,614,99,515
121000118,556,75,481
121000119,63,94,-31
121000120,100,191,-91
121000121,60,138,-78
121000123,196,113,83
121000127,25,51,-26
121000128,84,274,-190
121000129,95,173,-78
121000130,111,349,-238
121000131,306,284,22
121000132,205,214,-9
121000135,154,85,69
121000136,590,170,420
121000137,121,23,98
121000138,213,119,94
121000139,140,33,107
121000141,62,74,-12
121000142,375,132,243
121000143,27,5,22
121000144,208,224,-16
121000145,116,453,-337
121000146,311,349,-38
121000147,240,174,66
121000148,205,396,-191
121000149,640,525,115
121000152,123,152,-29
121000153,903,218,685
121000154,285,143,142
121000155,494,266,228
121000156,211,361,-150
121000157,1008,558,450
121000158,139,241,-102
121000159,44,438,-394
121000160,95,469,-374
121000161,32,149,-117
121000162,19,183,-164
121000165,595,367,228
121000166,22,159,-137
121000168,49,104,-55
121000169,8,96,-88
121000170,24,26,-2
121000171,38,109,-71
121000172,175,258,-83
121000173,621,397,224
121000174,74,241,-167
121000175,124,201,-77
121000176,174,120,54
121000177,160,308,-148
121000178,29,34,-5
121000179,25,31,-6
121000181,123,96,27
121000182,31,65,-34
121000183,17,31,-14
121000184,3,21,-18
121000185,3,75,-72
121000186,63,157,-94
121000187,91,125,-34
121000188,38,145,-107
121000192,211,169,42
121000193,154,121,33
121000194,1118,871,247
121000195,193,474,-281
121000196,219,85,134
121000197,61,270,-209
121000198,42,66,-24
121000199,24,364,-340
121000200,100,30,70
121000201,7,144,-137
121000202,41,18,23
121000203,160,1124,-964
121000204,303,114,189
121000205,42,225,-183
121000206,35,62,-27
121000207,243,194,49
121000208,0,235,-235
121000209,34,394,-360
121000210,87,361,-274
121000211,17,73,-56
121000212,87,384,-297
121000213,2740,582,2158
121000214,238,370,-132
121000215,595,256,339
121000216,134,197,-63
121000217,1448,583,865
121000218,273,977,-704
121000219,311,197,114
121000220,150,28,122
121000221,46,102,-56
121000222,1032,1209,-177
121000223,234,189,45
121000224,25,13,12
121000225,405,256,149
121000226,348,161,187
121000227,6,97,-91
121000228,7,481,-474
121000229,15,263,-248
121000230,43,1074,-1031
121000231,0,0,0
121000232,89,27,62
121000233,97,166,-69
121000234,0,13,-13
121000235,3,1,2
121000236,1,36,-35
121000237,0,0,0
121000238,1,60,-59
121000239,4,1,3
121000240,1,87,-86
121000241,39,0,39
121000242,4,86,-82
121000243,8,1,7
121000244,1,45,-44
121000245,2,0,2
121000246,0,55,-55
121000247,6,0,6
121000248,69,177,-108
121000249,19,105,-86
121000250,44,28,16
121000251,12,288,-276
121000252,15,12,3
121000253,53,350,-297
121000254,160,108,52
121000255,41,92,-51
121000256,19,46,-27
121000257,6,24,-18
121000258,8,19,-11
121000259,9,11,-2
121000260,16,71,-55
121000261,8,11,-3
121000262,524,227,297
121000263,281,268,13
121000271,104,709,-605
121000273,9,8,1
121000274,1,9,-8
121000275,1,9,-8
121000276,0,5,-5
121000278,15,29,-14
121000279,2,6,-4
121000280,2,13,-11
121000289,31,4,27
121000290,344,276,68
121000294,19,103,-84
121000297,406,178,228
121000299,62,91,-29
121000300,313,163,150
121000302,32,63,-31
121000303,62,82,-20
121000304,24,6,18
121000305,22,11,11
121000306,3,7,-4
121000308,85,113,-28
121000309,120,225,-105
121000310,12,191,-179
121000311,25,291,-266
121000312,60,32,28
121000313,273,142,131
121000314,72,30,42
121000315,30,32,-2
121000530,342,686,-344
121000531,325,699,-374
121000532,2191,1263,928
121000533,796,689,107
121000918,5,143,-138
121000919,5,7,-2
121000938,71,34,37
121000939,177,24,153
121000956,181,652,-471
121000957,0,19,-19
121000958,12,37,-25
121000959,57,557,-500
121000960,260,911,-651
121000961,67,5,62
121000962,106,225,-119
121000963,0,0,0
121000973,2,109,-107
121000976,0,22,-22
121000979,0,0,0
121000981,88,7,81
121000982,34,65,-31
121000983,47,201,-154
121000984,5,14,-9
121000985,79,277,-198
121000986,18,226,-208
121000987,36,736,-700
121000988,140,61,79
121001302,141,76,65
121001308,1,10,-9
121001309,29,13,16
121001313,23,282,-259
121001314,2769,1705,1064
121001315,2058,577,1481
121900001,37,54,-17
121900002,0,4,-4
121900003,9,0,9
121900004,9,67,-58
121900005,0,1,-1
121900006,0,1,-1
121900007,16,149,-133
121900008,0,6,-6
121900009,0,0,0
121900010,26,0,26
121900011,10,55,-45
121900012,0,0,0
121900013,51,0,51
121900014,61,15,46
121900015,10,4,6
121900016,0,0,0
121900017,32,28,4
121900018,39,0,39
121900019,26,50,-24
121900020,0,0,0
121900021,130,0,130
121900022,13,7,6
121900023,1,14,-13
121900024,78,10,68
121900025,35,30,5
121900026,0,0,0
121900027,16,16,0
121900028,16,0,16
121900029,0,4,-4
121900030,54,91,-37
121900031,74,396,-322
121900032,20,6,14
121900033,4,15,-11
121900034,27,1,26
121900035,145,95,50
121900036,1,5,-4
121900037,12,51,-39
121900038,1,20,-19
121900039,12,3,9
121900040,2,5,-3
121900041,5,11,-6
121900042,21,12,9
121900043,0,0,0
121900044,95,12,83
121900046,0,0,0
121900047,8,7,1
121900048,0,22,-22
121900050,0,0,0
121900051,4,27,-23
121900052,3,0,3
121900053,26,46,-20
121900054,16,37,-21
121900055,0,0,0
121900058,2,24,-22
121900059,13,4,9
121900060,4,40,-36
121900061,3,6,-3
121900062,1,2,-1
121900063,52,24,28
121900064,7,54,-47
121900066,0,0,0
121900067,0,0,0
121900069,105,33,72
121900070,32,29,3
121900071,12,48,-36
121900072,2,21,-19
121900073,7,24,-17
121900074,9,27,-18
121900075,36,41,-5
121900076,2,59,-57
121900077,0,1,-1
121900078,0,0,0
121900079,0,0,0
121900080,25,48,-23
121900082,3,22,-19
121900084,1,57,-56
121900085,0,4,-4
121900086,0,0,0
121900087,30,6,24
121900088,220,279,-59
121900089,3,37,-34
121900090,0,18,-18
121900091,0,13,-13
121900092,0,0,0
121900093,10,7,3
121900094,3,2,1
121900095,36,16,20
121900096,142,11,131
121900097,7,8,-1
121900098,0,0,0
121900099,0,0,0
121900100,2,4,-2
121900101,11,5,6
121900102,1,3,-2
121900103,21,0,21
121900104,113,34,79
121900105,0,1,-1
121900106,0,0,0
121900107,0,0,0
121900108,0,0,0
121900109,31,14,17
121900110,27,250,-223
121900111,171,57,114
121900112,13,6,7
121900113,0,3,-3
121900114,0,0,0
121900117,8,6,2
121900118,283,37,246
121900119,12,82,-70
121900120,1,336,-335
121900121,0,0,0
121900122,0,0,0
121900123,37,31,6
121900124,10,37,-27
121900125,124,263,-139
121900127,2,6,-4
121900128,6,40,-34
121900129,321,27,294
121900130,5,16,-11
121900131,9,34,-25
121900132,0,22,-22
121900133,1,3,-2
121900134,0,10,-10
121900135,227,11,216
121900136,5,92,-87
121900137,5,32,-27
121900138,4,16,-12
121900139,90,45,45
121900140,3,6,-3
121900141,2,2,0
121900142,2,7,-5
121900143,0,14,-14
121900144,213,123,90
121900145,13,11,2
121900146,67,129,-62
121900147,23,50,-27
121900148,14,52,-38
121900149,25,117,-92
121900150,44,53,-9
121900151,4,28,-24
121900152,9,17,-8
121900153,1,42,-41
121900154,0,20,-20
121900155,1,10,-9
121900156,39,32,7
121900157,0,70,-70
121900158,28,30,-2
121900159,1,24,-23
121900160,0,18,-18
121900161,65,44,21
121900162,20,18,2
121900163,5,247,-242
121900164,25,23,2
121900165,11,24,-13
121900166,21,28,-7
121900167,25,22,3
121900168,20,22,-2
121900169,2,126,-124
121900170,1,64,-63
121900171,37,53,-16
121900172,16,68,-52
121900173,56,10,46
121900174,0,0,0
121900175,2,30,-28
121900176,151,627,-476
121900177,11,7,4
121900178,0,19,-19
121900179,4,11,-7
121900180,2343,490,1853
121900182,14,40,-26
121900183,39,37,2
121900184,2,64,-62
121900186,0,88,-88
121900187,5,19,-14
121900188,104,39,65
121900189,3,13,-10
121900190,38,72,-34
121900191,0,0,0
121900192,125,39,86
121900193,0,19,-19
121900194,2,39,-37
121900195,6,9,-3
121900196,21,7,14
121900197,88,649,-561
121900198,226,22,204
121900199,0,2,-2
121900200,10,18,-8
121900201,65,50,15
121900202,19,46,-27
121900203,9,22,-13
121900204,173,54,119
121900205,0,12,-12
121900206,1,2,-1
121900207,20,3,17
121900208,4,15,-11
121900209,7,0,7
121900210,23,36,-13
121900211,2,12,-10
121900212,8,6,2
121900213,4,8,-4
121900214,2,55,-53
121900215,0,0,0
121900216,0,3,-3
121900217,13,6,7
121900218,7,14,-7
121900220,18,4,14
121900221,12,88,-76
121900222,4,21,-17
121900223,1,0,1
121900224,0,1,-1
121900225,1,1,0
121900226,0,0,0
121900227,4,30,-26
121900228,22,12,10
121900230,17,4,13
121900231,2,21,-19
121900232,1,48,-47
121900233,36,39,-3
121900234,9,14,-5
121900235,5,26,-21
121900236,14,8,6
121900237,52,118,-66
121900238,27,45,-18
121900239,12,9,3
121900240,16,9,7
121900241,0,3,-3
121900242,0,0,0
121900243,0,0,0
121900244,0,0,0
121900245,26,7,19
121900246,6,0,6
121900247,32,27,5
121900248,93,59,34
121900250,44,34,10
121900251,6,0,6
121900252,234,33,201
121900253,96,296,-200
121900254,106,25,81
121900255,5,4,1
121900258,93,25,68
121900259,26,22,4
121900260,2,29,-27
121900261,12,43,-31
121900262,56,68,-12
121900263,2,32,-30
121900264,414,97,317
121900265,16,84,-68
121900266,14,22,-8
121900267,0,0,0
121900269,8,24,-16
121900270,3,28,-25
121900271,1,18,-17
121900273,62,264,-202
121900274,8,44,-36
121900277,28,367,-339
121900278,5,195,-190
121900279,29,101,-72
121900280,26,55,-29
121900281,1,2,-1
121900284,0,2,-2
121900286,4,36,-32
121900287,0,3,-3
121900288,0,0,0
121900290,20,41,-21
121900291,114,118,-4
121900292,23,24,-1
121900293,299,1144,-845
121900294,26,0,26
121900295,2,43,-41
121900296,0,1,-1
121900298,14,100,-86
121900299,0,0,0
121900300,0,0,0
121900301,0,0,0
121900302,0,23,-23
121900303,13,52,-39
121900304,0,0,0
121900305,0,0,0
121900306,0,0,0
121900307,0,1,-1
121900308,1,124,-123
121900309,1,126,-125
121900310,5,215,-210
121900311,16,2,14
121900312,10,1,9
121900313,18,3,15
121900314,0,16,-16
121900315,0,0,0
121900316,0,0,0
121900317,0,0,0
121900318,0,4,-4
121900319,0,0,0
121900320,11,14,-3
121900321,0,0,0
121900322,0,7,-7
121900323,2,2,0
121900324,0,0,0
121900325,0,0,0
121900326,0,2,-2
121900327,0,1,-1
121900328,0,5,-5
121900329,0,44,-44
121900330,0,7,-7
121900331,1,1,0
121900332,2,0,2
121900333,2,0,2
121900334,0,0,0
122000001,745,887,-142
122000002,1483,428,1055
122000003,578,383,195
122000004,771,278,493
122000005,765,340,425
122000006,508,137,371
122000007,253,257,-4
122000008,1982,851,1131
122000009,289,52,237
122000010,1160,968,192
122000011,1304,361,943
122000012,526,508,18
122000013,509,425,84
122000014,566,486,80
122000015,456,358,98
122000016,155,283,-128
122000017,465,375,90
122000018,534,429,105
122000019,250,555,-305
122000020,77,61,16
122000021,288,167,121
122000022,235,229,6
122000023,123,336,-213
122000024,397,376,21
122000025,318,462,-144
122000026,708,338,370
122000027,273,1153,-880
122000028,274,137,137
122000029,82,73,9
122000030,194,44,150
122000031,64,73,-9
122000032,416,711,-295
122000033,203,322,-119
122000034,201,222,-21
122000035,119,209,-90
122000036,143,249,-106
122000037,122,91,31
122000038,100,118,-18
122000039,188,185,3
122000040,148,91,57
122000041,109,202,-93
122000042,54,109,-55
122000043,41,26,15
122000044,49,33,16
122000045,452,157,295
122000046,177,241,-64
122000047,119,78,41
122000048,889,809,80
122000049,1440,737,703
122000050,470,316,154
122000051,108,108,0
122000052,120,70,50
122000053,38,170,-132
122000054,776,496,280
122000055,654,700,-46
122000056,1374,1084,290
122000057,1514,803,711
122000058,1445,696,749
122000059,1328,956,372
122000060,548,338,210
122000061,209,83,126
122000062,477,118,359
122000063,169,157,12
122000064,1408,1506,-98
122000065,1475,1194,281
122000066,408,444,-36
122000067,370,475,-105
122000068,261,276,-15
122000069,261,311,-50
122000070,125,464,-339
122000071,182,262,-80
122000072,103,126,-23
122000073,84,129,-45
122000074,358,223,135
122000075,98,186,-88
122000076,464,330,134
122000077,292,312,-20
122000078,1034,1225,-191
122000079,259,243,16
122000080,204,101,103
122000081,37,40,-3
122000082,312,196,116
122000083,296,848,-552
122000084,290,248,42
122000085,86,533,-447
122000086,662,917,-255
122000087,116,52,64
122000088,84,48,36
122000089,1472,795,677
122000090,97,165,-68
122000091,60,28,32
122000092,14,2,12
122000093,576,642,-66
122000094,1881,657,1224
122000095,643,391,252
122000096,402,228,174
122000098,762,623,139
122000099,503,327,176
122000100,311,190,121
122000101,63,143,-80
122000102,538,391,147
122000103,304,446,-142
122000104,68,54,14
122000105,75,103,-28
122000106,206,153,53
122000107,174,191,-17
122000108,123,325,-202
122000109,50,69,-19
122000110,74,167,-93
122000111,1008,433,575
122000112,213,376,-163
122000113,106,225,-119
122000114,902,841,61
122000115,853,476,377
122000116,158,146,12
122000117,273,83,190
122000118,158,119,39
122000119,897,530,367
122000120,806,877,-71
122000121,1124,688,436
122000122,249,391,-142
122000123,464,210,254
122000124,195,83,112
122000125,159,234,-75
122000126,186,204,-18
122000127,352,322,30
122000128,157,230,-73
122000129,96,112,-16
122000130,457,128,329
122000131,433,121,312
122000132,387,173,214
122000133,242,778,-536
122000134,145,205,-60
122000135,231,417,-186
122000136,61,80,-19
122000137,175,209,-34
122000139,470,727,-257
122000140,399,186,213
122000141,1668,206,1462
122000142,100,222,-122
122000143,106,85,21
122000144,561,193,368
122000145,177,208,-31
122000146,53,172,-119
122000147,200,63,137
122000148,765,402,363
122000149,690,191,499
122000150,396,180,216
122000151,68,155,-87
122000152,154,105,49
122000153,31,26,5
122000154,55,17,38
122000155,500,477,23
122000156,1357,1035,322
122000157,729,623,106
122000158,69,190,-121
122000159,184,405,-221
122000160,937,208,729
122000161,218,129,89
122000162,374,302,72
122000163,142,30,112
122000164,10,48,-38
122000165,253,221,32
122000166,264,235,29
122000167,72,111,-39
122000168,72,178,-106
122000169,206,85,121
122000170,47,139,-92
122000171,17,52,-35
122000172,405,424,-19
122000173,348,721,-373
122000174,598,425,173
122000175,538,148,390
122000176,104,177,-73
122000177,619,891,-272
122000178,899,414,485
122000179,797,802,-5
122000180,633,414,219
122000181,586,946,-360
122000182,907,199,708
122000183,381,69,312
122000184,2287,686,1601
122000185,747,597,150
122000186,195,292,-97
122000187,235,354,-119
122000188,222,91,131
122000189,56,35,21
122000190,190,490,-300
122000191,198,153,45
122000192,249,41,208
122000193,60,121,-61
122000194,234,43,191
122000195,74,182,-108
122000196,341,143,198
122000197,100,44,56
122000198,151,365,-214
122000199,150,70,80
122000200,365,143,222
122000201,666,1068,-402
122000202,503,467,36
122000203,754,539,215
122000204,478,789,-311
122000205,388,340,48
122000206,670,171,499
122000207,304,255,49
122000208,438,451,-13
122000209,572,84,488
122000210,426,850,-424
122000211,208,492,-284
122000212,154,177,-23
122000213,359,363,-4
122000214,397,446,-49
122000215,433,476,-43
122000217,587,554,33
122000218,41,9,32
122000219,684,510,174
122000220,67,386,-319
122000221,33,188,-155
122000222,251,29,222
122000223,338,222,116
122000225,249,78,171
122000226,240,806,-566
122000227,89,509,-420
122000228,68,153,-85
122000229,14,147,-133
122000230,25,263,-238
122000231,51,243,-192
122000232,80,354,-274
122000233,0,34,-34
122000234,23,107,-84
122000235,112,94,18
122000236,157,98,59
122000237,25,31,-6
122000238,21,35,-14
122000239,50,53,-3
122000240,148,64,84
122000241,204,111,93
122000242,65,42,23
122000243,23,26,-3
122000244,14,268,-254
122000245,26,134,-108
122000246,37,23,14
122000247,153,412,-259
122000248,789,735,54
122000249,97,128,-31
122000250,342,108,234
122000251,177,121,56
122000252,182,10,172
122000253,14,140,-126
122000254,22,26,-4
122000255,154,552,-398
122000256,111,660,-549
122000257,40,178,-138
122000258,30,103,-73
122000259,12,330,-318
122000260,4,59,-55
122000261,0,54,-54
122000262,0,32,-32
122000263,25,51,-26
122000264,35,28,7
122000265,219,147,72
122000266,663,84,579
122000267,21,33,-12
122000268,33,102,-69
122000269,156,76,80
122000270,114,54,60
122000271,95,452,-357
122000272,96,426,-330
122000273,80,208,-128
122000274,25,44,-19
122000275,14,54,-40
122000276,50,168,-118
122000277,161,382,-221
122000278,152,299,-147
122000279,33,243,-210
122000280,311,324,-13
122000281,151,327,-176
122000282,28,26,2
122000283,494,33,461
122000284,47,54,-7
122000285,208,55,153
122000286,89,75,14
122000287,91,251,-160
122000288,121,58,63
122000291,181,124,57
122000293,182,141,41
122000294,22,15,7
122000295,340,59,281
122000296,39,188,-149
122000297,994,523,471
122000299,53,164,-111
122000300,88,196,-108
122000301,5484,611,4873
122000302,446,295,151
122000303,1960,431,1529
122000304,2,51,-49
122000305,383,72,311
122000306,2,491,-489
122000307,21,82,-61
122000309,9,27,-18
122000310,2,5,-3
122000311,36,16,20
122000312,22,15,7
122000313,5,30,-25
122000314,36,94,-58
122000315,27,4,23
122000316,77,84,-7
122000317,287,85,202
122000318,32,84,-52
122000319,116,222,-106
122000320,143,1393,-1250
122000321,18,223,-205
122000322,874,457,417
122000323,589,517,72
122000324,401,426,-25
122000325,242,354,-112
122000326,0,10,-10
122000327,76,203,-127
122000328,206,310,-104
122000330,476,148,328
122000332,61,204,-143
122000333,3,102,-99
122000337,139,1014,-875
122000338,55,194,-139
122000340,91,79,12
122000342,862,351,511
122000343,85,680,-595
122000344,6,3,3
122000345,10,20,-10
122000346,81,188,-107
122000348,129,337,-208
122000349,15,333,-318
122000351,10,54,-44
122000352,93,16,77
122000353,12,48,-36
122000355,18,60,-42
122000356,588,298,290
122000357,4,4,0
122000358,0,19,-19
122000359,0,18,-18
122000360,0,9,-9
122000362,10,39,-29
122000364,13,182,-169
122000365,1,4,-3
122000366,1,0,1
122000368,124,206,-82
122000370,3,12,-9
122000371,0,0,0
122000372,0,0,0
122000381,13,107,-94
122000382,28,89,-61
122000384,1171,665,506
122000385,0,0,0
122000386,48,183,-135
122000387,69,225,-156
122000388,279,100,179
122000389,111,384,-273
122000390,60,63,-3
122000391,7,10,-3
122000392,63,148,-85
122000393,2,188,-186
122000394,88,149,-61
122000395,50,122,-72
122000396,88,86,2
122000397,7,38,-31
122000398,2,5,-3
122000399,26,66,-40
122000400,39,59,-20
122000401,29,41,-12
122000402,9,3,6
122000403,97,746,-649
122000404,38,62,-24
122000408,227,392,-165
122000503,3,19,-16
122000524,81,30,51
122000544,3,272,-269
122000616,460,0,460
122000640,4,98,-94
122000641,15,289,-274
122000642,524,582,-58
122000643,6,10,-4
122000644,59,17,42
122000645,59,98,-39
122000651,554,285,269
122000664,88,14,74
122000665,447,231,216
122000666,238,362,-124
122000673,14,209,-195
122000674,67,21,46
122000675,318,661,-343
122000686,48,472,-424
122000687,93,212,-119
122000688,55,259,-204
122000689,89,361,-272
122000690,135,415,-280
122000691,110,916,-806
122000692,207,216,-9
122000693,96,597,-501
122000695,57,286,-229
122000696,44,90,-46
122000698,31,567,-536
122000699,54,14,40
122000701,328,179,149
122000702,142,632,-490
122000703,2,2,0
122000712,0,0,0
122000717,115,26,89
122000718,153,40,113
122000719,6,17,-11
122000720,27,72,-45
122000724,98,10,88
122900001,7,1,6
122900002,155,178,-23
122900003,11,10,1
122900004,76,1,75
122900005,40,2,38
122900006,208,9,199
122900007,12,6,6
122900008,138,5,133
122900009,38,12,26
122900010,0,0,0
122900012,2,4,-2
122900014,25,102,-77
122900015,270,28,242
122900016,23,178,-155
122900017,93,188,-95
122900018,22,3,19
122900019,3,66,-63
122900020,249,120,129
122900021,7,104,-97
122900022,44,479,-435
122900023,154,149,5
122900024,44,29,15
122900025,5,20,-15
122900026,35,114,-79
122900027,5,281,-276
122900028,41,29,12
122900029,874,227,647
122900030,726,77,649
122900031,9,27,-18
122900032,30,115,-85
122900033,22,21,1
122900034,416,493,-77
122900035,0,1,-1
122900036,0,10,-10
122900037,19,22,-3
122900038,15,403,-388
122900039,33,72,-39
122900040,1,17,-16
122900041,3,9,-6
122900042,2,12,-10
122900043,12,23,-11
122900044,5,25,-20
122900045,20,13,7
122900046,5,4,1
122900047,18,32,-14
122900048,8,29,-21
122900049,626,24,602
122900051,17,33,-16
122900052,7,24,-17
122900053,3,3,0
122900055,14,8,6
122900057,23,4,19
122900061,234,36,198
122900062,195,125,70
122900063,34,121,-87
122900064,432,191,241
122900065,65,62,3
122900066,79,102,-23
122900067,561,157,404
122900068,88,102,-14
122900069,65,266,-201
122900070,20,6,14
122900071,12,207,-195
122900072,13,294,-281
122900073,23,67,-44
122900074,21,288,-267
122900075,0,32,-32
122900076,4,52,-48
122900077,0,124,-124
122900078,14,76,-62
122900080,10,0,10
122900081,30,0,30
122900082,32,0,32
122900083,2,0,2
122900084,1,52,-51
122900086,0,3,-3
122900087,13,321,-308
122900088,3,20,-17
122900089,0,17,-17
122900090,2,272,-270
122900091,0,0,0
122900092,0,56,-56
122900093,1,61,-60
122900094,3,44,-41
122900095,0,0,0
122900096,0,34,-34
122900097,0,0,0
122900098,6,14,-8
122900099,0,3,-3
122900100,49,15,34
122900101,33,13,20
122900102,1,3,-2
122900103,8,1,7
122900104,2,0,2
122900105,2,0,2
122900106,1,26,-25
122900107,1,60,-59
122900108,0,45,-45
123000001,568,139,429
123000002,1893,723,1170
123000003,1581,923,658
123000004,2157,2177,-20
123000005,530,835,-305
123000006,1729,1438,291
123000007,493,611,-118
123000008,985,2062,-1077
123000009,1435,1139,296
123000010,2150,2153,-3
123000011,532,425,107
123000012,459,1239,-780
123000013,933,330,603
123000014,820,1992,-1172
123000015,489,186,303
123000016,3228,1175,2053
123000017,1214,772,442
123000018,15,64,-49
123000019,19,122,-103
123000020,16,60,-44
123000021,3,60,-57
123000022,62,470,-408
123000023,479,537,-58
123000024,352,207,145
123000025,26,33,-7
123000026,4,55,-51
123000027,44,129,-85
123000028,428,23,405
123000029,699,167,532
123000030,28,427,-399
123000031,30,111,-81
123000032,51,52,-1
123000033,42,25,17
123000034,279,268,11
123000035,63,90,-27
123000036,95,141,-46
123000037,59,134,-75
123000038,35,140,-105
123000039,590,504,86
123000040,514,160,354
123000041,269,147,122
123000042,223,202,21
123000043,954,1174,-220
123000044,1926,720,1206
123000045,4166,641,3525
123000046,293,261,32
123000047,1771,425,1346
123000048,15,103,-88
123000049,2751,1223,1528
123000050,318,349,-31
123000051,25,72,-47
123000052,231,576,-345
123000053,1355,816,539
123000054,595,373,222
123000055,208,325,-117
123000056,433,765,-332
123000057,7016,1618,5398
123000058,186,233,-47
123000059,83,174,-91
123000060,198,128,70
123000061,48,261,-213
123000063,180,206,-26
123000064,351,69,282
123000065,3269,1367,1902
123000066,600,315,285
123000067,158,224,-66
123000068,1638,1197,441
123000069,6081,1290,4791
123000070,75,310,-235
123000071,193,416,-223
123000072,407,831,-424
123000073,263,418,-155
123000074,360,1100,-740
123000075,91,245,-154
123000076,188,399,-211
123000077,953,1789,-836
123000078,287,608,-321
123000079,277,659,-382
123000080,709,1171,-462
123000081,71,340,-269
123000082,153,608,-455
123000083,233,48,185
123000084,101,306,-205
123000085,25,95,-70
123000086,58,324,-266
123000087,28,316,-288
123000088,297,695,-398
123000089,117,357,-240
123000090,449,535,-86
123000091,667,528,139
123000092,529,462,67
123000094,128,78,50
123000095,81,255,-174
123000096,75,146,-71
123000097,113,642,-529
123000098,172,226,-54
123000099,161,500,-339
123000100,229,174,55
123000101,261,147,114
123000102,156,188,-32
123000104,151,207,-56
123000105,314,242,72
123000106,287,132,155
123000107,213,307,-94
123000108,567,491,76
123000111,154,91,63
123000112,259,211,48
123000113,308,855,-547
123000114,214,225,-11
123000115,40,107,-67
123000116,10,84,-74
123000117,462,1251,-789
123000118,166,532,-366
123000119,80,551,-471
123000120,107,423,-316
123000121,157,394,-237
123000122,147,147,0
123000123,262,315,-53
123000124,320,232,88
123000125,308,257,51
123000126,866,681,185
123000127,1468,528,940
123000128,100,263,-163
123000129,18,7,11
123000130,27,8,19
123000131,197,129,68
123000132,107,260,-153
123000133,119,183,-64
123000134,174,88,86
123000135,398,448,-50
123000136,74,794,-720
123000137,40,231,-191
123000138,17,312,-295
123000139,19,16,3
123000140,55,352,-297
123000141,53,5,48
123000142,370,457,-87
123000143,522,1408,-886
123000144,3,4,-1
123000145,98,47,51
123000146,3,52,-49
123000147,10,72,-62
123000149,86,132,-46
123000150,21,83,-62
123000151,92,186,-94
123000152,23,157,-134
123000153,47,135,-88
123000154,875,409,466
123000155,1066,328,738
123000156,7,32,-25
123000157,170,381,-211
123000158,262,227,35
123000159,907,534,373
123000160,125,106,19
123000161,326,182,144
123000162,119,339,-220
123000163,55,12,43
123000164,150,51,99
123000165,110,1101,-991
123000166,3,80,-77
123000167,29,141,-112
123000168,90,251,-161
123000169,67,21,46
123000170,0,140,-140
123000171,5,11,-6
123000172,74,381,-307
123000173,45,22,23
123000174,74,41,33
123000175,542,709,-167
123000176,71,31,40
123000177,129,547,-418
123000178,140,16,124
123000179,9,428,-419
123000180,517,84,433
123000181,124,720,-596
123000182,19,210,-191
123000183,50,68,-18
123000184,31,498,-467
123000185,65,97,-32
123000186,4,335,-331
123000187,69,2,67
123000188,11,2,9
123000189,40,107,-67
123000190,7,30,-23
123000192,5,226,-221
123000193,13,250,-237
123000194,217,116,101
123000195,26,0,26
123000196,57,1,56
123000197,14,64,-50
123000198,3,108,-105
123000199,4,301,-297
123000200,58,0,58
123000201,175,5,170
123000202,13,894,-881
123000203,113,5,108
123000204,21,899,-878
123000205,119,1216,-1097
123000206,282,34,248
123000207,27,554,-527
123000208,69,30,39
123000209,330,76,254
123000210,210,847,-637
123000211,309,1568,-1259
123000212,348,90,258
123000213,64,8,56
123000215,38,42,-4
123000216,57,65,-8
123000217,30,2,28
123000218,60,119,-59
123000219,141,7,134
123000220,103,7,96
123000221,31,38,-7
123000222,90,194,-104
123000223,33,174,-141
123000224,106,329,-223
123000225,25,34,-9
123000226,2,303,-301
123000227,15,215,-200
123000228,15,23,-8
123000229,392,931,-539
123000232,27,307,-280
123000233,106,15,91
123000234,40,291,-251
123000235,23,81,-58
123000236,47,460,-413
123000237,84,9,75
123000238,19,295,-276
123000239,167,1104,-937
123000240,19,69,-50
123000241,338,35,303
123000242,29,89,-60
123000243,178,466,-288
123000244,313,218,95
123000245,14,80,-66
123000249,242,345,-103
123000252,97,45,52
123000253,101,80,21
123000254,111,472,-361
123000255,177,227,-50
123000256,10,169,-159
123000257,1429,1126,303
123000258,300,696,-396
123000259,80,174,-94
123000260,99,291,-192
123000261,24,101,-77
123000262,27,113,-86
123000263,141,36,105
123000264,90,12,78
123000265,22,81,-59
123000266,108,327,-219
123000267,43,64,-21
123000268,10,34,-24
123000269,8,11,-3
123000270,5,15,-10
123000271,22,34,-12
123000272,251,75,176
123000273,21,149,-128
123000274,192,103,89
123000275,70,563,-493
123000278,1449,1112,337
123000279,13,33,-20
123000280,87,177,-90
123000281,45,22,23
123000282,23,109,-86
123000283,22,18,4
123000284,19,65,-46
123000286,166,111,55
123000287,273,140,133
123000288,74,120,-46
123000289,87,167,-80
123000291,105,441,-336
123000294,112,216,-104
123000295,233,499,-266
123000296,58,178,-120
123000297,105,417,-312
123000298,102,349,-247
123000299,16,48,-32
123000300,212,174,38
123000301,23,84,-61
123000302,21,76,-55
123000303,3,19,-16
123000305,455,490,-35
123000306,8,141,-133
123000309,28,48,-20
123000310,21,18,3
123000311,0,83,-83
123000312,363,450,-87
123000313,76,61,15
123000315,11,102,-91
123000316,237,127,110
123000317,53,20,33
123000318,21,183,-162
123000329,39,19,20
123000337,27,115,-88
123000338,116,18,98
123000339,19,243,-224
123000340,50,131,-81
123000342,2,107,-105
123000343,0,0,0
123000344,322,117,205
123000345,98,263,-165
123000346,12,8,4
123000352,1013,397,616
123000353,7,64,-57
123000354,62,2,60
123000355,1,228,-227
123000356,8,0,8
123000357,0,147,-147
123000359,0,144,-144
123000360,0,0,0
123000361,277,119,158
123000362,11,49,-38
123000363,4,128,-124
123000364,126,107,19
123000365,9,82,-73
123000366,109,406,-297
123000367,128,556,-428
123000370,2,159,-157
123000371,16,0,16
123000372,14,1,13
123000373,2,173,-171
123000374,0,74,-74
123000375,37,11,26
123000376,180,262,-82
123000377,32,8,24
123000378,3,227,-224
123000379,1,116,-115
123000380,25,74,-49
123000381,12,0,12
123000382,103,7,96
123000383,60,286,-226
123000384,74,12,62
123000385,236,315,-79
123000436,19,297,-278
123000507,82,91,-9
123000508,31,129,-98
123000517,132,12,120
123000518,14,128,-114
123000519,71,54,17
123000520,48,148,-100
123000521,131,72,59
123000522,141,313,-172
123000541,0,0,0
123000542,0,23,-23
123000565,134,3,131
123000566,22,491,-469
123000567,47,168,-121
123000573,33,580,-547
123000574,52,13,39
123000575,274,678,-404
123000576,86,985,-899
123000577,31,272,-241
123000578,142,36,106
123000579,1505,609,896
123000580,83,10,73
123000582,21,2,19
123000583,14,248,-234
123000584,44,70,-26
123000585,0,40,-40
123000586,1,0,1
123000596,81,66,15
123000597,23,55,-32
123000602,0,0,0
123000603,41,344,-303
123000604,87,617,-530
123000605,161,31,130
123000606,1,290,-289
123000609,7,194,-187
123000610,27,23,4
123000613,64,109,-45
123000614,16,5,11
123000615,66,184,-118
123000616,43,2,41
123000617,27,324,-297
123000618,18,293,-275
123000619,49,0,49
123000620,21,261,-240
123000622,52,2,50
123000624,23,12,11
123000630,193,153,40
123000631,51,1134,-1083
123000632,615,593,22
123000633,0,46,-46
123000634,4,0,4
123000635,94,53,41
123000636,11,350,-339
123000637,22,6,16
123000638,82,29,53
123000639,138,341,-203
123000640,1,730,-729
123000648,33,22,11
123000649,33,378,-345
123900001,775,36,739
123900002,13,445,-432
123900003,95,152,-57
123900005,32,16,16
123900006,20,2,18
124000001,454,9,445
124000002,64,786,-722
124000003,44,52,-8
124000004,27,360,-333
124000005,119,41,78
124000006,129,888,-759
124000007,91,12,79
124000008,4,187,-183
124000009,57,86,-29
124000010,33,330,-297
124000011,86,48,38
124000012,82,702,-620
124000017,0,0,0
124000018,49,57,-8
124000019,0,0,0
124000020,24,125,-101
124000021,0,0,0
124000022,35,121,-86
124000023,533,534,-1
124000024,515,397,118
124000025,364,355,9
124000026,546,585,-39
124000027,2661,961,1700
124000028,1910,1757,153
124000030,1908,607,1301
124000031,126,180,-54
124000032,3229,575,2654
124000033,236,84,152
124000034,922,541,381
124000035,71,23,48
124000036,28,383,-355
124000037,74,79,-5
124000038,6,61,-55
124000039,264,56,208
124000040,214,169,45
124000041,43,18,25
124000042,17,154,-137
124000043,9,29,-20
124000044,21,182,-161
124000045,99,172,-73
124000046,49,433,-384
124000047,169,230,-61
124000048,124,1017,-893
124000049,273,190,83
124000050,151,1399,-1248
124000051,121,153,-32
124000052,132,946,-814
124000053,123,243,-120
124000054,295,386,-91
124000055,408,337,71
124000056,1767,788,979
124000057,190,116,74
124000058,190,845,-655
124000059,155,242,-87
124000060,323,504,-181
124000061,433,928,-495
124000062,5049,815,4234
124000063,753,762,-9
124000064,1157,1107,50
124000065,60,136,-76
124000066,105,32,73
124000067,8,46,-38
124000068,22,54,-32
124000069,67,64,3
124000070,53,372,-319
124000071,12,21,-9
124000072,100,294,-194
124000073,134,12,122
124000074,68,549,-481
124000075,0,0,0
124000076,4,136,-132
124000077,578,268,310
124000078,870,75,795
124000079,202,292,-90
124000080,21,43,-22
124000081,30,411,-381
124000082,2,14,-12
124000083,9,56,-47
124000084,6,37,-31
124000085,21,29,-8
124000086,5,25,-20
124000087,17,14,3
124000088,13,66,-53
124000089,128,95,33
124000090,36,283,-247
124000091,61,43,18
124000092,37,465,-428
124000093,45,23,22
124000094,16,179,-163
124000095,29,31,-2
124000096,32,160,-128
124000097,11,41,-30
124000098,25,87,-62
124000099,33,29,4
124000100,25,83,-58
124000101,14,84,-70
124000102,72,44,28
124000103,11,33,-22
124000104,24,54,-30
124000105,4,12,-8
124000106,40,74,-34
124000107,7,36,-29
124000108,24,21,3
124000109,33,26,7
124000110,38,71,-33
124000111,63,99,-36
124000112,118,309,-191
124000113,11,31,-20
124000114,74,340,-266
124000115,150,430,-280
124000116,35,49,-14
124000117,54,33,21
124000118,5,31,-26
124000119,135,267,-132
124000120,44,196,-152
124000121,1226,383,843
124000122,358,466,-108
124000123,266,171,95
124000124,167,430,-263
124000125,129,161,-32
124000126,173,278,-105
124000127,194,148,46
124000128,167,595,-428
124000129,713,559,154
124000130,443,317,126
124000131,394,209,185
124000132,452,461,-9
124000133,141,244,-103
124000134,246,333,-87
124000135,616,440,176
124000136,425,498,-73
124000137,315,182,133
124000138,456,418,38
124000139,116,16,100
124000140,5,167,-162
124000141,104,16,88
124000142,13,196,-183
124000143,15,7,8
124000144,2,74,-72
124000145,24,5,19
124000146,9,78,-69
124000148,4,11,-7
124000149,205,96,109
124000150,102,272,-170
124000151,158,51,107
124000152,264,531,-267
124000153,98,110,-12
124000154,99,515,-416
124000155,273,208,65
124000156,598,437,161
124000169,28,40,-12
124000170,305,184,121
124000171,14,54,-40
124000172,100,319,-219
124000173,40,102,-62
124000174,83,358,-275
124000175,2,83,-81
124000176,0,0,0
124000177,11,39,-28
124000178,0,0,0
124000190,27,6,21
124000191,132,16,116
124000192,159,35,124
124000193,133,684,-551
124000194,213,294,-81
124000195,64,234,-170
124000196,339,615,-276
124000197,20,17,3
124000198,3,25,-22
124000201,45,546,-501
124000202,0,38,-38
124000203,43,658,-615
124000204,7,230,-223
124000205,27,394,-367
124000206,10,218,-208
124000207,0,52,-52
124000209,75,344,-269
124000210,40,110,-70
124000211,20,0,20
124000212,2,328,-326
124000213,29,204,-175
124000214,12,405,-393
124000215,0,0,0
124000216,2,340,-338
124000329,19,1304,-1285
124000338,12,689,-677
124000339,59,14,45
124000341,110,16,94
124000344,5,5,0
124000357,266,354,-88
124000358,458,432,26
124000359,200,149,51
124000360,100,114,-14
124000361,349,251,98
124000362,680,1364,-684
124000363,109,395,-286
124000364,288,717,-429
124000365,467,829,-362
124000366,1325,638,687
124000367,53,279,-226
124000368,33,19,14
124000369,31,38,-7
124000370,42,384,-342
124000402,12,5,7
124000403,6,2,4
124000404,5,96,-91
124000405,365,278,87
124000406,338,514,-176
124000407,1,34,-33
124000411,2,175,-173
124000412,48,2,46
124000413,49,22,27
124000414,20,67,-47
124000415,17,104,-87
124000416,31,157,-126
124000417,25,52,-27
124000418,11,71,-60
124000419,18,93,-75
124000420,7,35,-28
124000421,10,192,-182
124000422,5,3,2
124000423,15,7,8
124000424,2,88,-86
124000425,9,4,5
124000426,2,138,-136
124000427,16,40,-24
124000428,7,16,-9
124000429,10,85,-75
124000430,180,387,-207
124000431,106,502,-396
124000432,64,487,-423
124000439,0,1,-1
124000443,1,4,-3
124000445,215,70,145
124000446,1433,32,1401
124000447,1,1,0
124900001,62,89,-27
124900002,20,189,-169
124900003,86,178,-92
124900004,67,136,-69
124900005,57,79,-22
124900006,107,150,-43
124900008,379,175,204
124900009,19,23,-4
124900010,14,3,11
124900011,51,35,16
124900012,48,18,30
124900013,85,26,59
124900014,39,39,0
124900015,22,15,7
124900016,3,8,-5
124900017,93,50,43
124900018,0,0,0
124900020,3,2,1
124900021,7,1,6
124900022,2,0,2
124900024,11,0,11
124900026,6,4,2
124900027,13,89,-76
124900028,178,61,117
124900029,10,97,-87
124900030,0,41,-41
124900031,8,160,-152
124900032,90,49,41
124900033,31,139,-108
124900034,5,40,-35
124900035,49,135,-86
124900036,0,11,-11
124900037,64,143,-79
124900038,213,192,21
124900039,0,9,-9
124900040,17,49,-32
124900041,100,924,-824
124900042,7,1,6
124900043,124,751,-627
124900044,7,0,7
124900045,168,429,-261
124900047,16,105,-89
124900048,55,63,-8
124900050,62,94,-32
124900052,17,160,-143
124900053,7,216,-209
124900054,1407,129,1278
124900055,2,39,-37
124900057,0,35,-35
124900060,11,95,-84
124900061,0,0,0
124900062,3,0,3
124900066,0,15,-15
124900067,1,65,-64
124900068,98,51,47
124900070,1,1,0
124900072,5,6,-1
124900075,30,99,-69
124900076,11,102,-91
124900077,20,39,-19
124900078,24,8,16
124900079,219,16,203
124900080,56,600,-544
124900081,174,77,97
124900082,106,699,-593
124900083,85,374,-289
124900085,750,65,685
124900086,12,214,-202
124900087,187,38,149
124900088,700,43,657
124900089,559,10,549
124900090,13,31,-18
124900091,63,207,-144
124900092,26,168,-142
124900093,17,28,-11
124900094,11,42,-31
124900095,12,48,-36
124900096,84,19,65
124900097,32,17,15
124900098,19,146,-127
124900099,119,116,3
124900100,5,1,4
124900101,0,16,-16
124900102,6,0,6
124900103,11,84,-73
124900104,17,94,-77
124900105,12,64,-52
124900106,18,1,17
124900107,7,1,6
124900108,42,6,36
124900111,0,16,-16
124900112,17,422,-405
124900113,1,48,-47
124900114,1,9,-8
124900115,0,0,0
124900116,14,20,-6
124900117,244,34,210
124900118,37,5,32
124900119,55,12,43
124900120,5,171,-166
124900121,30,42,-12
124900122,378,81,297
124900123,174,18,156
124900124,53,41,12
204000001,3,0,3
204000002,1,0,1
204000003,0,0,0
204000004,1,0,1
204000005,116,89,27
204000006,209,146,63
204000011,9,42,-33
204000012,10,117,-107
204000019,201,206,-5
204000020,136,321,-185
204000021,652,338,314
204000022,138,171,-33
204000023,148,836,-688
204000031,15,2,13
204000032,95,7,88
204000034,39,342,-303
204000035,4,0,4
204000036,4,18,-14
204000037,4,12,-8
204000038,0,27,-27
204000039,0,31,-31
204000040,2,27,-25
204000041,4,35,-31
204000042,2,0,2
204000043,1,0,1
204000044,2,0,2
204000045,3,0,3
204000046,0,0,0
204000057,0,19,-19
204000062,13,191,-178
204000068,36,125,-89
204000069,10,68,-58
204000070,14,39,-25
204000080,22,29,-7
204000085,441,811,-370
204000086,1574,999,575
204000087,70,43,27
204000088,24,52,-28
204000090,33,357,-324
204000093,29,10,19
204000096,174,169,5
204000097,20,6,14
204000099,261,297,-36
204000100,169,233,-64
204000105,761,678,83
204000110,300,706,-406
204000111,272,421,-149
204000112,203,576,-373
204000113,162,519,-357
204000114,122,107,15
204000115,82,130,-48
204000116,135,194,-59
204000119,273,238,35
204000132,184,64,120
204000133,200,48,152
204000134,59,38,21
204000135,81,52,29
204000136,46,39,7
204000138,97,81,16
204000140,33,34,-1
204000141,72,16,56
204000144,0,4,-4
204000145,104,3,101
204000146,131,278,-147
204000147,30,150,-120
204000148,141,6,135
204000154,0,0,0
204000155,0,6,-6
204000177,15,16,-1
204000179,0,0,0
204000180,2,94,-92
204000222,3,13,-10
204000235,16,16,0
204000236,18,200,-182
204000238,4,3,1
204000240,48,32,16
204000263,324,654,-330
204000268,280,144,136
204000308,9,1,8
204000317,17,36,-19
204000322,9,19,-10
204000323,0,0,0
204000328,24,17,7
204000329,85,101,-16
204000330,28,8,20
204000331,91,109,-18
205000001,653,615,38
205000013,3,66,-63
205000014,12,105,-93
205000015,30,209,-179
205000016,16,198,-182
205000017,50,70,-20
205000022,182,409,-227
205000025,1104,516,588
205000029,87,7,80
205000045,20,97,-77
205000046,16,234,-218
205000047,20,247,-227
205000048,58,469,-411
205000049,41,387,-346
205000050,538,164,374
205000059,1,226,-225
205000060,1,37,-36
205000061,1,22,-21
205000062,0,28,-28
205000063,8,24,-16
205000064,21,60,-39
205000065,54,487,-433
205000066,23,530,-507
205000067,30,807,-777
205000069,274,56,218
205000082,27,16,11
205000110,8,117,-109
205000111,51,148,-97
205000112,13,9,4
205000113,139,83,56
205000121,0,1,-1
205000123,82,158,-76
205000126,0,0,0
205000127,0,0,0
205000128,0,0,0
205000129,0,0,0
205000130,0,0,0
205000131,0,0,0
205000132,0,0,0
205000133,0,0,0
205000134,0,0,0
205000137,127,87,40
205000138,159,220,-61
205000139,15,60,-45
205000144,4,6,-2
205000145,12,11,1
205000151,0,0,0
205000152,0,0,0
205000153,0,0,0
205000154,0,0,0
205000155,0,0,0
205000207,84,89,-5
205000233,0,1,-1
205000234,0,0,0
205000243,0,0,0
205000244,0,5,-5
205000245,25,219,-194
205000249,0,19,-19
205000250,0,0,0
205000264,2,96,-94
206000027,0,0,0
206000028,0,0,0
206000043,18,115,-97
206000053,15,8,7
206000054,17,21,-4
206000055,3,32,-29
206000075,5,10,-5
206000076,16,9,7
206000077,6,12,-6
206000078,8,20,-12
206000079,14,7,7
206000082,193,17,176
206000100,53,467,-414
206000103,5,18,-13
206000104,11,32,-21
206000105,11,14,-3
206000106,31,36,-5
206000125,7,0,7
206000157,179,551,-372
206000170,3,278,-275
206000171,1,240,-239
206000172,4,770,-766
206000173,2,272,-270
206000174,4,174,-170
206000175,3,203,-200
206000176,22,379,-357
206000177,2,230,-228
206000178,1,181,-180
206000179,0,114,-114
206000180,58,211,-153
206000181,13,273,-260
206000182,68,296,-228
206000183,47,759,-712
206000184,3,292,-289
206000185,15,290,-275
206000186,134,1175,-1041
206000223,5,241,-236
206000226,0,0,0
206000227,0,0,0
206000237,46,384,-338
206000238,65,558,-493
206000239,504,1669,-1165
206000240,0,49,-49
206000241,0,139,-139
206000242,8,408,-400
206000243,5,345,-340
206000244,47,767,-720
206000245,148,20,128
206000246,17,6,11
206000247,23,5,18
206000248,55,8,47
206000252,53,36,17
206000258,12,29,-17
206000315,13,5,8
206000317,89,29,60
206000318,44,39,5
206000319,137,52,85
206000320,21,11,10
206000321,29,5,24
206000322,42,8,34
206000323,44,19,25
206000324,15,8,7
206000325,32,7,25
206000326,33,6,27
206000327,34,6,28
206000328,29,3,26
206000329,34,8,26
206000330,10,6,4
206000331,23,1,22
206000332,9,2,7
206000333,85,1,84
206000334,34,2,32
206000335,0,20,-20
206000361,7,158,-151
206000392,9,48,-39
206000405,78,0,78
206000441,0,0,0
206000498,10,6,4
206000515,261,31,230
206000530,10,12,-2
206000531,10,15,-5
206000532,223,38,185
206000535,170,1127,-957
206000536,16,230,-214
206000537,8,134,-126
206000613,171,19,152
206000784,353,31,322
207000001,64,306,-242
207000002,32,278,-246
207000003,52,255,-203
207000007,134,55,79
207000008,32,3,29
207000009,57,30,27
207000010,357,458,-101
207000012,13,14,-1
207000015,316,1310,-994
207000019,102,42,60
207000021,202,82,120
207000022,41,48,-7
207000023,42,40,2
207000024,3,9,-6
207000025,3,29,-26
207000026,33,60,-27
207000027,9,55,-46
207000028,29,159,-130
207000029,119,292,-173
207000033,172,122,50
207000034,104,32,72
207000039,5,1,4
207000040,1,2,-1
207000041,0,0,0
207000042,0,0,0
207000043,0,0,0
207000051,34,248,-214
207000052,5,153,-148
207000053,228,592,-364
207000054,17,100,-83
207000055,37,151,-114
207000056,111,282,-171
207000057,74,199,-125
207000058,64,415,-351
207000059,32,703,-671
207000060,23,212,-189
207000061,18,46,-28
207000062,81,47,34
207000063,97,133,-36
207000064,180,144,36
207000065,94,164,-70
207000066,56,161,-105
207000067,10,104,-94
207000068,31,52,-21
207000069,438,319,119
207000082,59,275,-216
207000083,48,312,-264
207000084,17,36,-19
207000085,68,6,62
207000086,39,6,33
207000106,0,0,0
207000107,0,0,0
207000108,0,0,0
207000109,0,0,0
207000110,0,0,0
207000111,0,0,0
207000112,0,0,0
207000114,14,13,1
207000115,8,50,-42
207000116,15,105,-90
207000117,2,94,-92
207000118,1,84,-83
207000119,7,78,-71
207000123,0,0,0
207000124,0,0,0
207000125,0,0,0
207000126,0,0,0
207000134,12,191,-179
207000135,19,161,-142
207000148,0,0,0
207000149,52,18,34
207000152,67,276,-209
207000153,778,655,123
207000154,274,97,177
207000159,34,242,-208
207000160,39,539,-500
207000238,0,50,-50
207000242,1,80,-79
207000248,30,14,16
207000249,67,45,22
207000250,234,55,179
207000251,45,48,-3
207000252,32,44,-12
207000278,0,2,-2
207000279,10,163,-153
207000280,47,10,37
207000281,60,832,-772
207000282,12,8,4
207000283,51,74,-23
207000284,7,24,-17
207000285,68,15,53
207000291,10,50,-40
207000304,110,70,40
207000306,25,319,-294
207000310,0,0,0
207000353,0,0,0
207000356,2,8,-6
207000357,0,1,-1
207000358,0,0,0
207000415,3,135,-132
207000417,0,0,0
207000418,67,122,-55
207000438,0,0,0
207000439,1046,212,834
207000446,0,0,0
207000460,6,5,1
207000466,86,136,-50
207000467,0,2,-2
207000468,15,415,-400
207000476,0,46,-46
207000477,42,69,-27
207000478,1,8,-7
207000523,0,9,-9
207000524,0,1,-1
207000527,33,99,-66
207000530,0,0,0
207000531,0,0,0
207000532,0,0,0
207000534,0,0,0
207000535,56,110,-54
207000537,23,79,-56
207000540,2,106,-104
207000541,2,224,-222
207000548,6,171,-165
207000549,0,0,0
207000561,0,0,0
207000562,15,91,-76
207000567,118,192,-74
207000568,38,85,-47
207000569,48,801,-753
207000584,250,60,190
207000585,0,0,0
207000587,0,0,0
207000616,0,186,-186
207000617,2,0,2
207000624,0,0,0
207000631,0,0,0
207900008,35,169,-134
208000001,129,173,-44
208000002,74,131,-57
208000003,223,146,77
208000004,250,154,96
208000005,0,12,-12
208000019,52,191,-139
208000020,7,77,-70
208000021,32,272,-240
208000022,235,398,-163
208000028,512,221,291
208000033,157,304,-147
208000034,365,667,-302
208000037,0,0,0
208000040,13,71,-58
208000041,89,126,-37
208000042,63,110,-47
208000047,31,167,-136
208000064,565,220,345
208000066,249,121,128
208000070,42,210,-168
208000071,74,251,-177
208000072,93,376,-283
208000080,53,90,-37
208000081,29,75,-46
208000082,70,146,-76
208000083,46,222,-176
208000084,2,4,-2
208000085,371,380,-9
208000086,190,573,-383
208000087,114,400,-286
208000089,301,293,8
208000090,182,621,-439
208000093,21,57,-36
208000094,182,344,-162
208000095,387,208,179
208000104,211,207,4
208000105,114,247,-133
208000114,0,0,0
208000115,60,151,-91
208000116,53,377,-324
208000117,7,71,-64
208000118,18,48,-30
208000155,191,488,-297
208000158,1066,1138,-72
208000186,721,222,499
208000204,149,470,-321
208000205,364,643,-279
208000282,2301,545,1756
209000004,27,54,-27
209000005,4,12,-8
209000006,79,65,14
209000007,93,134,-41
209000010,184,81,103
209000011,42,112,-70
209000012,58,126,-68
209000013,74,431,-357
209000014,341,1091,-750
209000025,74,27,47
209000026,224,46,178
209000027,94,773,-679
209000028,100,806,-706
209000029,257,781,-524
209000030,154,1170,-1016
209000031,2613,1517,1096
209000034,116,222,-106
209000035,72,146,-74
209000036,66,105,-39
209000037,60,170,-110
209000038,90,132,-42
209000039,41,105,-64
209000040,136,435,-299
209000041,139,328,-189
209000042,227,302,-75
209000043,323,396,-73
209000044,243,293,-50
209000045,122,132,-10
209000046,44,176,-132
209000047,27,70,-43
209000048,33,104,-71
209000049,42,165,-123
209000050,104,216,-112
209000051,56,225,-169
209000052,56,206,-150
209000062,9,101,-92
209000063,9,70,-61
209000064,9,105,-96
209000065,8,26,-18
209000066,22,51,-29
209000067,15,59,-44
209000080,16,102,-86
209000082,24,36,-12
209000091,21,32,-11
209000093,50,15,35
209000094,75,70,5
209000110,6,44,-38
209000111,142,398,-256
209000112,163,148,15
209000113,225,171,54
209000114,85,105,-20
209000115,38,153,-115
209000116,651,321,330
209000118,12,25,-13
209000119,14,10,4
209000121,73,551,-478
209000135,67,44,23
209000142,495,330,165
209000143,14,26,-12
209000144,10,32,-22
209000229,23,65,-42
209000240,11,280,-269
209000259,68,82,-14
209000260,15,650,-635
209000261,0,342,-342
209000262,2,274,-272
209000263,1,61,-60
209000264,1,15,-14
209000265,0,0,0
209000266,0,0,0
209000267,0,0,0
209000268,0,0,0
210000037,12,5,7
210000047,0,4,-4
210000048,4,9,-5
210000049,3,3,0
210000052,6,97,-91
210000053,3,60,-57
210000054,28,46,-18
210000070,0,0,0
210000071,0,0,0
210000072,0,0,0
210000073,0,26,-26
210000074,0,45,-45
210000075,2,28,-26
210000076,3,89,-86
210000077,9,18,-9
210000078,12,25,-13
210000079,2,0,2
210000080,6,8,-2
210000081,6,0,6
210000082,7,0,7
210000083,8,0,8
210000084,4,0,4
210000085,0,53,-53
210000086,1,103,-102
210000099,18,171,-153
210000100,48,166,-118
210000101,34,182,-148
210000105,44,103,-59
210000159,0,88,-88
210000163,110,143,-33
210000164,120,24,96
210000168,37,4,33
210000187,0,8,-8
210000188,0,18,-18
210000214,0,2,-2
210000219,1,11,-10
210000220,10,11,-1
210000232,3,15,-12
210000233,3,24,-21
210000234,22,87,-65
210000235,18,96,-78
210000245,1,20,-19
210000246,3,0,3
210000258,7,117,-110
210000259,14,1,13
210000282,11,86,-75
210000285,0,60,-60
210000286,13,95,-82
210000290,0,3,-3
210000295,15,79,-64
210000296,52,44,8
210000320,43,32,11
210000321,5,16,-11
210000338,15,88,-73
210000339,432,355,77
210000340,57,145,-88
210000341,83,110,-27
210000342,54,123,-69
210000343,70,123,-53
210000344,54,56,-2
210000345,119,43,76
210000346,15,27,-12
210000347,13,7,6
210000348,27,11,16
210000349,14,7,7
210000350,34,54,-20
210000351,24,51,-27
210000352,29,48,-19
210000353,16,77,-61
210000354,27,52,-25
210000355,10,54,-44
210000356,3,28,-25
210000357,15,6,9
210000358,108,36,72
210000359,34,27,7
210000360,64,38,26
210000361,28,53,-25
210000362,35,30,5
210000363,206,16,190
210000364,16,11,5
210000365,10,8,2
210000366,20,4,16
210000367,11,0,11
210000368,12,1,11
210000369,7,24,-17
210000370,19,28,-9
210000372,3,10,-7
210000373,4,3,1
210000374,13,3,10
210000375,6,44,-38
210000376,10,76,-66
210000404,89,93,-4
210000439,2,7,-5
210000472,41,2,39
210000482,36,14,22
210000564,171,14,157
210000567,0,4,-4
210000568,79,1,78
211000092,9,38,-29
211000094,2,7,-5
211000169,79,7,72
211000172,6,78,-72
211000209,0,7,-7
211000226,1,5,-4
211000270,1,17,-16
211000275,12,9,3
211000276,23,13,10
211000279,2,24,-22
211000281,4,31,-27
211000302,0,6,-6
211507980,0,10,-10
211977296,2,4,-2
212000003,27,39,-12
212000004,10,14,-4
212000005,7,16,-9
212000006,10,67,-57
212000008,78,195,-117
212000009,11,119,-108
212000012,21,48,-27
212000013,3,33,-30
212000014,133,139,-6
212000015,94,141,-47
212000016,244,355,-111
212000027,178,132,46
212000028,58,74,-16
212000029,31,47,-16
212000030,21,20,1
212000031,12,44,-32
212000048,12,57,-45
212000049,2,31,-29
212000050,7,6,1
212000051,73,145,-72
212000052,101,283,-182
212000053,243,423,-180
212000054,38,47,-9
212000055,56,78,-22
212000056,2,4,-2
212000057,1,8,-7
212000058,27,1,26
212000070,66,233,-167
212000077,102,472,-370
212000099,41,83,-42
212000108,46,83,-37
212000111,42,48,-6
212000120,116,106,10
212000138,36,11,25
212000156,6,65,-59
212000158,1,3,-2
212000159,55,34,21
212000160,147,80,67
212000161,5,6,-1
212000310,7,13,-6
212000311,0,4,-4
212000374,3,12,-9
213000001,10,377,-367
213000005,67,20,47
213000006,197,36,161
213000007,10,1,9
213000009,55,16,39
213000010,18,17,1
213000011,13,7,6
213000012,48,188,-140
213000014,6,0,6
213000015,15,0,15
213000016,8,0,8
213000017,0,0,0
213000018,1,109,-108
213000019,2,90,-88
213000020,37,160,-123
213000021,2,71,-69
213000023,0,0,0
213000033,101,287,-186
213000034,47,56,-9
213000035,11,19,-8
213000045,59,191,-132
213000046,77,98,-21
213000047,356,273,83
213000056,6,5,1
213000069,12,1,11
213000073,2,15,-13
213000074,67,282,-215
213000075,24,0,24
213000076,0,0,0
213000085,0,9,-9
213000086,18,120,-102
213000091,0,0,0
213000092,0,0,0
213000099,95,463,-368
213000100,97,2,95
213000101,5,94,-89
213000102,5,282,-277
213000103,87,357,-270
213000104,48,307,-259
213000105,1,28,-27
213000106,9,158,-149
213000107,23,372,-349
213000108,16,310,-294
213000109,1,155,-154
213000110,0,14,-14
213000111,12,43,-31
213000112,48,104,-56
213000115,0,0,0
213000116,39,276,-237
213000117,2,447,-445
213000118,80,162,-82
213000119,21,450,-429
213000120,31,443,-412
213000122,88,409,-321
213000123,456,557,-101
213000124,37,808,-771
213000125,0,0,0
213000126,10,61,-51
213000127,52,80,-28
213000128,397,305,92
213000129,0,0,0
213000130,21,2,19
213000132,4,2,2
213000133,3,2,1
213000134,15,3,12
213000136,61,12,49
213000137,117,25,92
213000139,79,2,77
213000147,4,0,4
213000148,0,6,-6
213000149,1,1,0
213000150,0,68,-68
213000151,0,46,-46
213000152,0,36,-36
213000153,0,30,-30
213000154,7,173,-166
213000155,14,209,-195
213000156,29,288,-259
213000157,398,334,64
213000158,108,313,-205
213000159,85,105,-20
213000163,28,6,22
213000165,61,1,60
213000171,2,106,-104
213000172,0,187,-187
213000173,3,162,-159
213000174,3,199,-196
213000175,1,68,-67
213000176,0,0,0
213000177,0,0,0
213000178,0,0,0
213000179,0,0,0
213000180,0,0,0
213000184,30,170,-140
213000188,19,21,-2
213000189,38,4,34
213000190,167,338,-171
213000191,39,308,-269
213000192,24,330,-306
213000193,1006,85,921
213000194,0,9,-9
213000195,7,282,-275
213000196,58,398,-340
213000197,49,17,32
213000198,1,0,1
213000200,50,719,-669
213000201,81,34,47
213000202,3,420,-417
213000203,515,35,480
213000204,45,2,43
213000205,11,3,8
213000206,16,11,5
213000207,10,0,10
213000208,2,0,2
213000209,4,0,4
213000210,9,0,9
213000211,0,1,-1
213000212,0,12,-12
213000213,0,5,-5
213000218,39,448,-409
213000219,0,0,0
213000220,0,0,0
213000223,56,28,28
213000224,1,9,-8
213000225,5,1,4
213000226,7,3,4
213000227,75,59,16
213000228,28,27,1
213000229,58,14,44
213000230,51,2,49
213000232,11,252,-241
213000233,0,8,-8
213000234,0,12,-12
213000293,2,23,-21
213000294,10,1,9
213000295,2,33,-31
213000296,33,6,27
213000297,5,37,-32
213000298,19,58,-39
213000299,19,3,16
213000300,2,0,2
213000303,1,19,-18
213000304,2,3,-1
213000305,0,4,-4
213000306,25,7,18
213000307,16,30,-14
213000308,43,165,-122
213000309,26,16,10
213000310,61,6,55
213000311,110,267,-157
213000315,15,81,-66
213000316,12,21,-9
213000322,21,77,-56
213000323,4,24,-20
213000324,5,41,-36
213000325,16,30,-14
213000326,8,16,-8
213000327,0,31,-31
213000328,3,41,-38
213000329,23,13,10
213000340,36,618,-582
213000341,5,2,3
213000346,11,10,1
213000347,149,15,134
213000348,5,87,-82
213000349,1,4,-3
213000350,78,911,-833
213000366,17,115,-98
213000367,16,3,13
213000379,30,72,-42
213000386,0,106,-106
213000406,32,146,-114
213000417,207,67,140
213000425,34,13,21
213000426,27,39,-12
213000427,6,214,-208
213000428,6,154,-148
213000429,8,1,7
213000430,19,424,-405
213000431,68,1,67
213000432,0,1,-1
213000433,3,101,-98
213000434,21,28,-7
213000435,14,23,-9
213000436,7,32,-25
213000437,0,12,-12
213000438,13,28,-15
213000439,9,0,9
213000440,1,81,-80
213000441,0,0,0
213000442,0,16,-16
213000443,103,91,12
213000444,7,36,-29
213000445,0,49,-49
213000446,0,4,-4
213000447,1,9,-8
213000448,0,10,-10
213000449,26,3,23
213000450,4,13,-9
213000451,3,10,-7
213000452,2,2,0
213000453,14,124,-110
213000455,13,0,13
213000456,0,58,-58
213000481,12,11,1
213000482,41,3,38
213000489,97,6,91
213000491,0,22,-22
213000492,20,8,12
213000493,0,7,-7
213000494,7,2,5
213000495,0,61,-61
213000496,6,1,5
213000497,6,234,-228
213000498,22,198,-176
213000499,63,431,-368
213000500,27,5,22
213000501,3,0,3
213000502,9,6,3
213000503,0,23,-23
213000504,3,113,-110
213000505,1,2,-1
213000506,0,6,-6
213000507,3,110,-107
213900244,0,0,0
213900245,0,32,-32
218000003,2,14,-12
218000004,10,6,4
218000005,2,3,-1
218000006,8,26,-18
218000007,3,6,-3
218000012,149,51,98
218000013,45,82,-37
218000014,390,186,204
218000019,536,217,319
218000020,154,206,-52
218000021,22,64,-42
218000022,16,41,-25
218000023,3,36,-33
218000024,1,16,-15
218000025,1,32,-31
218000026,7,65,-58
218000027,1,14,-13
218000028,2,10,-8
218000029,0,4,-4
218000030,14,29,-15
218000031,1,47,-46
218000032,1,35,-34
218000040,0,2,-2
218000046,22,137,-115
218000047,4,186,-182
218000048,27,201,-174
218000049,35,120,-85
218000050,134,238,-104
218000051,22,287,-265
218000052,0,39,-39
218000053,2,17,-15
218000054,0,14,-14
218000055,0,7,-7
218000056,3,38,-35
218000057,2,19,-17
218000064,0,1,-1
218000065,33,35,-2
218000066,5,38,-33
218000067,20,54,-34
218000068,21,71,-50
218000069,66,149,-83
218000070,87,242,-155
218000071,104,193,-89
218000072,187,208,-21
218000078,298,815,-517
218000079,24,31,-7
218000080,37,37,0
218000081,118,147,-29
218000082,7,78,-71
218000083,8,62,-54
218000084,63,165,-102
218000085,132,323,-191
218000086,23,120,-97
218000087,85,162,-77
218000090,13,33,-20
218000091,271,153,118
218000092,34,115,-81
218000093,51,87,-36
218000094,239,454,-215
218000099,162,238,-76
218000100,119,150,-31
218000101,123,78,45
218000102,104,122,-18
218000103,43,115,-72
218000104,18,23,-5
218000105,3,4,-1
218000106,8,12,-4
218000107,8,97,-89
218000108,3,43,-40
218000112,14,3,11
218000117,21,70,-49
218000134,189,400,-211
218000135,15,46,-31
218000136,62,23,39
218000137,26,120,-94
218000138,0,61,-61
218000139,26,229,-203
218000140,57,81,-24
218000141,10,35,-25
218000142,38,105,-67
218000143,6,70,-64
218000144,2,23,-21
218000145,82,297,-215
218000146,15,65,-50
218000151,15,18,-3
218000152,30,60,-30
218000153,0,11,-11
218000154,7,3,4
218000155,1,4,-3
218000156,38,36,2
218000157,6,33,-27
218000158,0,12,-12
218000159,6,12,-6
218000160,4,8,-4
218000161,22,6,16
218000162,34,17,17
218000163,4,0,4
218000164,30,5,25
218000165,34,27,7
218000170,1,28,-27
218000171,36,7,29
218000172,7,7,0
218000173,6,17,-11
218000174,4,6,-2
218000176,73,9,64
218000177,301,46,255
218000178,69,37,32
218000179,86,24,62
218000180,30,28,2
218000181,75,5,70
218000187,0,6,-6
218000188,5,22,-17
218000189,3,19,-16
218000190,2,7,-5
218000191,37,53,-16
218000192,47,366,-319
218000193,195,337,-142
218000194,25,270,-245
218000195,60,60,0
218000196,143,193,-50
218000197,75,202,-127
218000198,1,78,-77
218000199,27,14,13
218000200,0,25,-25
218000201,1,13,-12
218000202,85,96,-11
218000207,5,28,-23
218000208,8,20,-12
218000211,18,7,11
218000212,0,7,-7
218000213,61,32,29
218000214,1,10,-9
218000215,31,110,-79
218000217,3,70,-67
218000218,250,50,200
218000219,4,4,0
218000220,40,127,-87
218000221,61,60,1
218000222,23,14,9
218000223,52,210,-158
218000224,2,106,-104
218000225,193,36,157
218000226,50,56,-6
218000230,0,0,0
218000232,11,33,-22
218000239,0,0,0
218000240,0,0,0
218000241,0,0,0
218000242,0,0,0
218000243,0,0,0
218000244,0,0,0
218000245,0,0,0
218000246,0,0,0
218000247,0,0,0
218000248,0,13,-13
218000249,0,1,-1
218000250,0,8,-8
218000251,0,9,-9
218000252,0,16,-16
218000253,0,5,-5
218000254,0,5,-5
218000255,1,10,-9
218000256,0,14,-14
218000267,479,484,-5
218000268,2,19,-17
218000269,1,4,-3
218000270,26,44,-18
218000271,25,44,-19
218000273,8,10,-2
218000274,6,11,-5
218000275,4,22,-18
218000276,10,33,-23
218000278,59,35,24
218000279,20,40,-20
218000280,0,29,-29
218000281,2,23,-21
218000282,113,38,75
218000284,53,5,48
218000301,6,58,-52
218000302,30,26,4
218000303,3,22,-19
218000316,374,703,-329
218000317,303,692,-389
218000318,163,634,-471
218000319,326,1061,-735
218000320,277,506,-229
218000338,2,27,-25
218000345,52,72,-20
218000346,6,11,-5
218000459,70,275,-205
218000490,3,17,-14
218000501,10,9,1
218000502,9,95,-86
218000503,25,2,23
218000504,69,6,63
218000505,30,158,-128
218000506,42,108,-66
218000508,0,0,0
218000510,115,9,106
218000520,44,78,-34
218000521,2,50,-48
218000522,0,99,-99
218000523,3,3,0
218000524,36,61,-25
218000525,2,10,-8
218000526,20,35,-15
218000529,18,110,-92
218000530,3,6,-3
218000531,0,22,-22
218000532,4,6,-2
218000534,9,1,8
218000537,15,7,8
218000538,34,66,-32
218000540,129,56,73
218000543,54,21,33
218000544,34,72,-38
218000545,21,39,-18
218000546,12,78,-66
218000547,21,73,-52
218000548,21,126,-105
218000549,150,61,89
218000550,143,380,-237
218000551,102,108,-6
218000552,50,33,17
218000553,5,44,-39
218000554,27,13,14
218000555,3,23,-20
218000556,62,210,-148
218000557,111,39,72
218000558,0,0,0
218000559,0,8,-8
218000560,0,2,-2
218000561,0,0,0
218000562,10,72,-62
218000563,25,10,15
218000564,0,55,-55
218000565,11,7,4
218000566,30,9,21
218000567,1,23,-22
218000568,0,0,0
218000569,3,49,-46
218000570,9,3,6
218000571,0,42,-42
218000572,0,0,0
218000573,3,12,-9
218000574,4,23,-19
218000575,0,0,0
218000576,1,26,-25
218000577,0,0,0
218000578,0,51,-51
218000579,6,1,5
218000581,2,46,-44
218000582,1,0,1
218000583,1,0,1
218000584,0,9,-9
218000585,2,1,1
218000586,2,23,-21
218000587,0,0,0
218000588,0,0,0
218000589,0,3,-3
218000590,0,0,0
218000591,0,17,-17
218000592,0,0,0
218000593,0,0,0
218000594,0,0,0
218000597,0,0,0
218000598,0,0,0
218000599,0,0,0
218000600,0,0,0
218000601,0,0,0
218000602,0,0,0
218000603,0,0,0
218000604,0,0,0
218000605,0,4,-4
218000606,1,0,1
218000607,2,19,-17
218000608,1,1,0
218000609,4,28,-24
218000610,9,0,9
218000611,0,0,0
218000612,0,21,-21
218000613,6,0,6
218000614,0,30,-30
218000615,21,1,20
218000616,1,79,-78
218000617,3,1,2
218000618,0,7,-7
218000619,3,2,1
218000620,0,4,-4
218000621,0,0,0
218000622,0,1,-1
218000623,0,0,0
218000624,0,2,-2
218000625,0,0,0
218000626,0,8,-8
218000628,20,5,15
218000631,1,9,-8
218000632,1,30,-29
218000633,0,0,0
218000634,1,12,-11
218000635,3,5,-2
218000636,320,845,-525
218000637,281,327,-46
218000638,38,21,17
218000639,9,160,-151
218000640,8,8,0
218000641,16,252,-236
218000652,75,105,-30
218000653,148,56,92
218000663,5,37,-32
218000675,0,14,-14
218000676,0,27,-27
218000677,4,6,-2
218000680,104,315,-211
218000681,9,6,3
218000691,41,265,-224
218000693,1,1,0
218000703,9,60,-51
218000718,47,114,-67
218000719,11,21,-10
218000720,0,9,-9
218000721,3,1,2
218000725,2,5,-3
218001147,1,121,-120
218001214,9,3,6
218001258,14,1,13
218001329,0,0,0
218001330,80,42,38
218001351,0,1,-1
218001352,1,3,-2
218001353,1,1,0
218001354,0,8,-8
218001355,21,292,-271
218001356,55,1,54
218001357,4,193,-189
218001358,46,1,45
218001361,17,0,17
218001362,1,206,-205
219000001,12,65,-53
219000002,21,81,-60
219000003,81,24,57
219000004,71,65,6
219000017,30,23,7
219000020,57,2,55
219000022,28,2,26
219000023,45,0,45
219000029,0,81,-81
219000034,2,3,-1
219000039,23,29,-6
219000040,5,13,-8
219000041,25,29,-4
219000051,0,28,-28
219000052,0,14,-14
219000053,0,183,-183
219000054,14,80,-66
219000055,30,1,29
219000056,2,0,2
219000057,14,0,14
219000062,1,137,-136
219000063,14,9,5
219000064,2,24,-22
219000110,102,16,86
219000111,45,20,25
219000112,90,23,67
219000113,35,24,11
219000114,145,13,132
219000116,78,29,49
219000117,111,79,32
219000118,31,71,-40
219000123,133,48,85
219000124,17,28,-11
219000125,6,20,-14
219000126,15,62,-47
219000127,0,3,-3
219000128,17,93,-76
219000129,13,93,-80
219000130,1101,584,517
219000131,1311,773,538
219000133,9,30,-21
219000134,7,6,1
219000135,32,82,-50
219000136,143,132,11
219000138,14,20,-6
219000139,18,46,-28
219000140,5,1,4
219000141,0,80,-80
219000142,10,61,-51
219000143,1,74,-73
219000145,1,9,-8
219000146,4,32,-28
219000147,0,49,-49
219000148,2,34,-32
219000149,14,121,-107
219000150,1,95,-94
219000151,2,51,-49
219000157,79,96,-17
219000158,81,179,-98
219000161,84,11,73
219000163,928,207,721
219000166,21,80,-59
219000167,52,199,-147
219000168,120,26,94
219000174,102,49,53
219000175,38,2,36
219000176,37,2,35
219000177,2,2,0
219000178,1,0,1
219000179,6,6,0
219000180,22,24,-2
219000182,11,2,9
219000183,5,24,-19
219000184,10,0,10
219000185,0,72,-72
219000186,0,21,-21
219000187,5,45,-40
219000189,52,67,-15
219000190,138,117,21
219000191,798,386,412
219000192,92,112,-20
219000193,352,118,234
219000195,2,41,-39
219000196,11,81,-70
219000198,11,124,-113
219000199,34,98,-64
219000200,21,103,-82
219000201,59,180,-121
219000203,8,100,-92
219000204,35,106,-71
219000205,23,107,-84
219000207,77,105,-28
219000209,12,59,-47
219000210,14,67,-53
219000213,4,124,-120
219000239,74,138,-64
219000240,82,129,-47
219000241,22,118,-96
219000242,16,129,-113
219000243,38,190,-152
219000244,12,67,-55
219000245,9,27,-18
219000246,3,2,1
219000247,17,6,11
219000248,174,37,137
219000249,22,5,17
219000250,22,3,19
219000251,70,8,62
219000252,0,0,0
219000253,0,0,0
219000255,12,42,-30
219000256,22,51,-29
219000257,0,0,0
219000262,31,207,-176
219000263,20,185,-165
219000267,1,92,-91
219000268,5,2,3
219000269,7,0,7
219000270,13,0,13
219000271,101,3,98
219000278,1,6,-5
219000279,2,4,-2
219000283,0,8,-8
219000295,11,91,-80
219000296,47,345,-298
219000297,9,98,-89
219000298,10,188,-178
219000299,96,20,76
219000300,14,264,-250
219000301,50,266,-216
219000302,16,124,-108
219000307,6,48,-42
219000308,43,21,22
219000311,25,17,8
219000312,83,12,71
219000313,47,5,42
219000314,92,417,-325
219000315,6,7,-1
219000316,57,4,53
219000317,10,0,10
219000320,0,28,-28
219000321,0,11,-11
219000323,3,55,-52
219000325,1,28,-27
219000326,44,112,-68
219000327,31,36,-5
219000328,24,32,-8
219000329,293,79,214
219000330,23,29,-6
219000331,16,30,-14
219000332,14,21,-7
219000333,4,3,1
219000335,3,1,2
219000337,0,0,0
219000338,0,0,0
219000344,13,45,-32
219000345,93,123,-30
219000346,25,130,-105
219000348,47,129,-82
219000349,21,171,-150
219000350,35,55,-20
219000351,0,1,-1
219000352,118,31,87
219000353,61,44,17
219000354,58,107,-49
219000355,46,24,22
219000356,994,254,740
219000363,140,23,117
219000364,72,31,41
219000365,81,10,71
219000366,341,83,258
219000368,308,188,120
219000370,577,105,472
219000371,1,5,-4
219000382,1,11,-10
219000383,400,377,23
219000385,358,288,70
219000386,690,695,-5
219000387,0,4,-4
219000390,15,0,15
219000391,7,2,5
219000397,33,79,-46
219000398,72,22,50
219000401,4,33,-29
219000402,15,48,-33
219000403,27,78,-51
219000404,7,34,-27
219000407,1,8,-7
219000409,0,0,0
219000410,0,0,0
219000411,0,0,0
219000446,115,233,-118
219000447,0,24,-24
219000448,1,0,1
219000452,28,24,4
219000453,44,45,-1
219000454,187,100,87
219000556,23,5,18
219000558,52,229,-177
219000590,6,91,-85
219000591,17,0,17
219000592,58,277,-219
219000595,0,12,-12
219000635,16,1,15
219000636,9,99,-90
219000657,11,18,-7
219000658,9,43,-34
219000673,0,19,-19
219000676,7,1,6
219000679,11,12,-1
219000684,12,1,11
219000685,0,55,-55
219000686,0,0,0
219000688,0,82,-82
219000689,69,94,-25
219000690,0,0,0
219000691,33,35,-2
219000692,1,11,-10
219000693,0,20,-20
219000694,0,0,0
219000695,0,0,0
219000698,0,0,0
219000699,0,14,-14
219000727,1,107,-106
219000728,31,0,31
219000770,0,0,0
219000771,0,11,-11
219000788,116,106,10
219001150,1,8,-7
219001151,0,2,-2
219001166,0,0,0
219001167,1,44,-43
219001178,12,0,12
220000001,4,11,-7
220000002,12,47,-35
220000003,145,207,-62
220000004,232,321,-89
220000005,541,698,-157
220000006,62,391,-329
220000007,112,488,-376
220000008,90,618,-528
220000009,88,225,-137
220000010,27,66,-39
220000011,291,562,-271
220000012,56,46,10
220000014,69,46,23
220000015,9,27,-18
220000017,11,142,-131
220000018,1593,122,1471
220000019,26,102,-76
220000020,30,80,-50
220000021,160,73,87
220000022,176,241,-65
220000023,41,67,-26
220000024,492,192,300
220000025,186,208,-22
220000026,123,61,62
220000027,5,45,-40
220000028,17,33,-16
220000029,23,66,-43
220000030,16,54,-38
220000031,41,125,-84
220000064,2,228,-226
221000046,1,1,0
221000047,0,1,-1
221000048,0,0,0
221000049,0,4,-4
221000050,7,0,7
221000055,23,31,-8
221000057,42,3,39
221000068,196,58,138
221000069,111,25,86
221000070,83,8,75
221000071,33,8,25
221000072,103,7,96
221000073,53,39,14
221000074,1,5,-4
221000075,9,10,-1
221000076,2,35,-33
221000077,20,82,-62
221000081,11,2,9
221000082,16,4,12
221000083,6,3,3
221000084,1,0,1
221000085,16,35,-19
221000086,7,97,-90
221000087,4,129,-125
221000088,20,125,-105
221000089,16,126,-110
221000090,119,273,-154
221000098,34,10,24
221000099,138,6,132
221000100,54,3,51
221000101,145,11,134
221000102,41,6,35
221000109,1,67,-66
221000110,8,132,-124
221000111,12,125,-113
221000112,2,95,-93
221000113,7,147,-140
221000114,13,157,-144
221000120,4,12,-8
221000121,0,7,-7
221000122,5,3,2
221000123,11,15,-4
221000124,5,146,-141
221000155,27,1,26
221000156,9,8,1
221000175,0,4,-4
221000176,1,2,-1
221000182,14,1,13
221000241,467,98,369
221000242,295,209,86
221000243,208,57,151
221000244,119,180,-61
221000245,25,80,-55
221000246,19,120,-101
221000247,22,86,-64
221000248,11,138,-127
221000267,7,306,-299
221000325,8,14,-6
221000331,0,20,-20
221000338,0,9,-9
221000378,35,11,24
221000381,29,59,-30
222000282,0,0,0
222000296,1,9,-8
222000568,56,4,52
222000569,22,6,16
222000570,14,0,14
222000571,20,2,18
222000577,3,135,-132
222000578,3,97,-94
222000579,30,48,-18
222000580,92,387,-295
222000599,0,74,-74
222000600,1,177,-176
222000601,6,465,-459
222000603,2,9,-7
222000604,1,11,-10
222000605,2,5,-3
222000606,1,5,-4
222000607,0,5,-5
222000608,6,10,-4
222000609,20,206,-186
222000616,0,1,-1
222000617,0,0,0
222000618,0,0,0
222000620,0,0,0
222000621,0,0,0
222000623,0,0,0
222000624,0,0,0
222000625,0,33,-33
222000636,13,0,13
222000686,0,0,0
222000687,0,0,0
222001066,28,1,27
222001067,0,3,-3
222001068,1,7,-6
222001069,13,18,-5
222001082,1,22,-21
222001083,5,44,-39
222001084,0,26,-26
222001085,0,109,-109
222001111,4,196,-192
222001112,8,1,7
222001313,0,0,0
222001314,0,38,-38
222001464,4,7,-3
222001465,5,133,-128
222001484,2,0,2
222001485,10,43,-33
222001494,25,18,7
222001495,74,274,-200
222001496,11,6,5
222001497,61,369,-308
222001502,21,82,-61
222001503,0,0,0
222001504,10,138,-128
222001505,0,0,0
222001506,9,128,-119
222001507,0,0,0
222001510,0,0,0
222001511,27,229,-202
222001514,0,0,0
222001515,76,366,-290
222001518,0,0,0
222001519,17,207,-190
222001527,0,0,0
222001528,15,71,-56
222001529,0,0,0
222001530,12,113,-101
222001533,89,256,-167
222001534,0,0,0
222001535,9,28,-19
222001536,37,221,-184
222001537,0,0,0
222001538,28,306,-278
222001563,0,0,0
222001564,11,516,-505
222001568,3,19,-16
222001576,0,0,0
222001579,0,1,-1
222001583,6,170,-164
222001584,0,2,-2
222001596,99,697,-598
222001597,12,7,5
222001626,0,92,-92
222001650,0,17,-17
222001651,3,43,-40
222001914,0,0,0
222001915,33,62,-29
222001968,52,27,25
222001969,234,460,-226
222001970,14,70,-56
222001971,1,3,-2
222001972,0,12,-12
225000001,44,15,29
225000002,59,7,52
225000003,96,2,94
225000004,30,17,13
225000005,3,0,3
225000006,0,95,-95
225000007,1990,541,1449
225000010,45,4,41
225000011,114,115,-1
225000012,18,52,-34
225000013,8,20,-12
225000014,44,7,37
225000015,39,130,-91
225000021,40,17,23
225000027,110,215,-105
225000032,93,19,74
225000042,37,347,-310
225000049,3,31,-28
225000050,42,3,39
225000053,1,49,-48
225000058,33,27,6
225000067,58,171,-113
225000068,34,333,-299
225000069,52,257,-205
225000070,36,271,-235
225000071,7,150,-143
225000075,22,456,-434
225000076,43,40,3
225000078,11,5,6
225000085,0,0,0
225000086,0,0,0
225000087,0,0,0
225000088,3,66,-63
225000089,252,224,28
225000090,8,172,-164
225000091,27,117,-90
225000092,3,50,-47
225000093,45,291,-246
225000094,9,332,-323
225000095,176,277,-101
225000096,35,218,-183
225000098,106,72,34
225000099,51,18,33
225000100,60,32,28
225000104,5,240,-235
225000110,11,243,-232
225000111,64,551,-487
225000112,61,538,-477
225000113,30,379,-349
225000114,19,157,-138
225000115,1620,206,1414
225000116,144,18,126
225000117,93,31,62
225000118,96,11,85
225000119,21,4,17
225000120,24,1,23
225000121,71,2,69
225000123,39,2,37
225000125,65,96,-31
225000126,337,57,280
225000127,476,156,320
225000128,88,91,-3
225000132,75,16,59
225000133,69,20,49
225000134,224,47,177
225000135,4,8,-4
225000136,37,7,30
225000137,21,21,0
225000138,167,4,163
225000143,58,71,-13
225000144,0,177,-177
225000145,0,0,0
225000146,13,69,-56
225000147,1,205,-204
225000148,0,102,-102
225000149,23,222,-199
225000151,21,162,-141
225000155,80,133,-53
225000156,71,287,-216
225000157,59,166,-107
225000158,17,279,-262
225000171,9,107,-98
225000180,18,6,12
225000181,0,11,-11
225000182,1,0,1
225000185,8,141,-133
225000187,23,160,-137
225000191,0,0,0
225000194,0,15,-15
225000208,0,34,-34
225000209,0,0,0
225000210,2,64,-62
225000217,0,6,-6
225000218,0,0,0
225000223,0,23,-23
225000224,11,0,11
225000225,0,5,-5
225000226,0,0,0
225000227,19,32,-13
225000228,1,0,1
225000229,0,63,-63
225000230,1,0,1
225000231,0,70,-70
225000232,4,0,4
225000241,3,0,3
225000242,1,33,-32
225000249,0,0,0
225000250,27,404,-377
225000251,139,11,128
226000042,142,271,-129
226000043,14,131,-117
226000044,31,423,-392
226000045,49,326,-277
226000046,92,26,66
226000047,110,23,87
226000048,163,24,139
226000049,75,45,30
226000070,0,35,-35
226000071,0,28,-28
226000072,0,2,-2
226000073,0,4,-4
226000074,0,3,-3
226000084,2,29,-27
226000085,1,3,-2
226000086,3,6,-3
226000087,0,8,-8
226000088,5,3,2
226000090,11,8,3
226000091,0,1,-1
226000092,0,2,-2
226000093,3,0,3
226000094,1,0,1
226000095,7,0,7
226000105,0,2,-2
226000106,2,0,2
226000107,1,0,1
226000108,5,0,5
226000109,43,0,43
226000124,79,38,41
226000134,182,133,49
226000135,325,237,88
226000136,50,101,-51
226000137,6,250,-244
226000138,3,136,-133
226000139,0,6,-6
226000156,34,2,32
226000157,83,5,78
226000163,13,25,-12
226000202,0,223,-223
226000231,86,3,83
226000232,6,4,2
227000033,194,40,154
227000036,90,5,85
227000037,78,5,73
227000038,50,14,36
227000049,0,3,-3
227000050,0,28,-28
227000055,4,2,2
227000056,0,1,-1
227000084,1,21,-20
227000085,0,17,-17
227000088,3,0,3
227000089,25,0,25
227000090,9,0,9
227000091,6,0,6
227000092,1,0,1
227000093,13,1,12
227000094,12,5,7
227000130,10,39,-29
227000131,8,224,-216
227000132,8,236,-228
227000133,4,213,-209
227000134,6,333,-327
227000152,0,4,-4
227000153,0,57,-57
227000154,0,5,-5
227000155,1,32,-31
227000156,0,17,-17
227000165,0,13,-13
227000196,47,196,-149
227000199,18,320,-302
227000230,11,340,-329
227000232,11,2,9
227000242,52,293,-241
227000243,399,33,366
227000245,6,305,-299
227000246,50,313,-263
227000247,146,71,75
227000248,82,23,59
227000249,25,179,-154
227000250,301,121,180
227000251,127,263,-136
227000252,7,271,-264
227000253,61,27,34
227000262,170,28,142
227000266,35,1,34
227000267,27,1355,-1328
227000282,7,176,-169
227000284,20,1,19
227000286,3,53,-50
227000287,15,71,-56
227000291,15,346,-331
227000484,84,2,82
227000485,29,437,-408
227000655,6,3,3
227000656,129,5,124
227000657,11,21,-10
227000661,12,0,12
227000680,36,9,27
229000265,4,12,-8
229000296,2,2,0
229000297,4,7,-3
229000298,6,21,-15
229000320,3,1,2
229000321,2,1,1
229000412,0,18,-18
229000414,0,17,-17
229000415,0,0,0
229000416,0,1,-1
229000417,0,5,-5
229000419,24,89,-65
229000440,68,33,35
229000442,3,1,2
229000443,1,0,1
229000444,0,7,-7
229000445,5,1,4
229000446,7,2,5
229000491,2,30,-28
229000492,11,107,-96
229000493,1,49,-48
229000494,18,29,-11
229000495,74,56,18
229000496,7,31,-24
229000507,0,20,-20
229000508,1,9,-8
229000509,1,29,-28
229000510,1,18,-17
229000511,3,37,-34
229000512,1,22,-21
229000513,0,2,-2
229000514,0,5,-5
229000517,1,6,-5
229000518,5,27,-22
229000519,0,4,-4
229000520,3,21,-18
229000521,18,47,-29
229000522,0,10,-10
229000523,4,13,-9
229000524,4,15,-11
229000527,5,3,2
229000528,1,0,1
229000529,6,2,4
229000530,38,8,30
229000531,14,15,-1
229000532,25,10,15
229000533,153,23,130
229000534,43,19,24
229000564,59,9,50
229000565,12,4,8
229000566,0,18,-18
229000567,0,38,-38
229000582,213,17,196
229000583,5,13,-8
229000584,0,23,-23
229000585,1,14,-13
229000718,0,0,0
229000719,0,1,-1
229000720,0,14,-14
229000721,0,5,-5
229000722,1,15,-14
229000723,0,12,-12
229000724,0,1,-1
229000725,0,4,-4
229000738,3,2,1
229000739,2,0,2
229000740,6,0,6
229000741,27,1,26
229000742,17,0,17
229000743,31,0,31
229000744,4,0,4
229000745,5,0,5
229000746,47,0,47
229000847,2,1,1
229000848,9,0,9
229000849,100,3,97
229000851,9,0,9
229000854,0,65,-65
229000856,3,110,-107
229000857,0,22,-22
229000858,0,84,-84
229000919,5,50,-45
229000930,1,124,-123
229000937,150,17,133
229000966,47,20,27
229000981,9,38,-29
229000985,0,6,-6
229000986,0,0,0
229000987,0,0,0
229000988,0,1,-1
229000989,1,5,-4
229000990,0,0,0
229000991,0,0,0
229000992,7,0,7
229000993,59,4,55
229000998,14,11,3
229000999,25,3,22
229001034,1,4,-3
229001035,0,0,0
229001037,5,2,3
229001042,2,2,0
229001047,2,11,-9
229001050,16,14,2
229001168,0,8,-8
229001200,2,4,-2
229001338,0,4,-4
229001394,247,7,240
229001422,245,28,217
229001423,13,98,-85
229001431,107,35,72
229001432,35,38,-3
229001444,21,18,3
229001445,8,61,-53
229001479,3,7,-4
229001503,186,62,124
229001504,52,97,-45
229001505,162,66,96
229001506,41,114,-73
229001509,9,15,-6
229001545,65,9,56
229001546,2,98,-96
229001553,30,12,18
229001554,4,70,-66
229001559,1,6,-5
229001560,0,5,-5
229001630,20,1,19
229001631,5,10,-5
229001635,0,1,-1
229001636,0,0,0
229001658,2,40,-38
229001659,96,6,90
229001660,0,0,0
229001661,0,2,-2
229001662,14,0,14
229001663,0,9,-9
229002584,39,39,0
229002831,24,38,-14
229002841,0,22,-22
229002842,1,6,-5
229002843,2,2,0
229002844,1,10,-9
229002845,0,41,-41
229002846,0,2,-2
229002847,0,0,0
229002848,1,0,1
229002849,1,25,-24
229002850,0,1,-1
229002851,6,31,-25
229002852,7,7,0
229002853,43,7,36
229002854,5,41,-36
229002855,2,35,-33
229002856,2,0,2
229002857,6,24,-18
229002858,2,0,2
229002859,8,17,-9
229002860,4,1,3
229002861,4,9,-5
229002862,3,3,0
229002863,2,14,-12
229002864,1,4,-3
229002865,0,2,-2
229002866,0,14,-14
229002867,1,6,-5
229002868,0,11,-11
229002869,0,46,-46
229002870,4,0,4
235000066,92,103,-11
235000067,41,135,-94
235000072,25,31,-6
235000073,35,159,-124
235000074,6,89,-83
235000080,2,44,-42
235000081,30,126,-96
235000082,31,27,4
235000083,44,21,23
235000084,13,15,-2
235000085,22,25,-3
235000089,6,40,-34
235000092,7,101,-94
235000093,2,1,1
235000097,0,2,-2
235000098,19,26,-7
235000099,1,19,-18
235000116,8,25,-17
235000117,514,3,511
235000133,6,135,-129
235000134,5,41,-36
235000206,2,0,2
235000207,1,3,-2
235000208,0,0,0
235000209,0,2,-2
235000210,3,1,2
235000212,0,4,-4
235000213,0,5,-5
235000220,0,4,-4
235000221,14,8,6
235000238,1,17,-16
235000239,1,0,1
235000242,86,128,-42
235000245,707,102,605
235000246,5,47,-42
235000284,2,31,-29
235000295,0,0,0
235000305,0,0,0
235000306,0,0,0
235000307,0,0,0
235000308,0,0,0
235000309,0,0,0
235000310,0,0,0
235000311,1,3,-2
235000322,0,5,-5
235000323,0,24,-24
235000324,0,6,-6
235000325,0,2,-2
235000326,2,145,-143
235000351,1,22,-21
235000352,4,17,-13
235000353,0,7,-7
235000354,1,24,-23
235000355,0,33,-33
235000356,0,0,0
235000357,0,0,0
235000358,0,0,0
235000359,0,0,0
235000360,0,0,0
235000361,0,0,0
235000381,17,233,-216
235000382,38,18,20
235000390,3,2,1
235000391,55,21,34
235000392,62,78,-16
235000393,48,41,7
235000395,32,27,5
235000396,89,39,50
235000400,13,12,1
235000401,8,130,-122
235000405,51,323,-272
235000406,11,200,-189
235000407,37,104,-67
235000409,131,138,-7
235000410,26,152,-126
235000411,0,61,-61
235000485,0,3,-3
235000486,1,0,1
235000549,14,27,-13
235000550,35,108,-73
235000599,42,82,-40
235000600,0,1,-1
235000601,3,18,-15
235000602,32,65,-33
235000614,0,1,-1
235000648,0,21,-21
235000649,7,0,7
235000685,0,2,-2
235000815,1,12,-11
235000834,1,2,-1
235000855,19,15,4
235000862,5,166,-161
235000891,0,9,-9
235000892,3,1,2
235000901,77,79,-2
235000907,18,2,16
235001010,3,32,-29
235001029,458,264,194
235001030,436,103,333
235001078,31,39,-8
235001079,33,78,-45
235001147,0,31,-31
235001166,10,34,-24
235001167,4,66,-62
235001169,3,160,-157
235001188,0,3,-3
235001189,0,0,0
235001197,0,3,-3
235001200,18,16,2
235001207,29,3,26
235001210,6,77,-71
235001215,7,112,-105
235001239,1,24,-23
235001244,1,2,-1
235016267,0,6,-6
277101746,0,17,-17
277102712,0,0,0
277103813,0,0,0
277103814,0,1,-1
277103898,0,2,-2
277104249,0,4,-4
277104250,0,3,-3
277104251,0,7,-7
277104252,0,0,0
990011530,0,178,-178
990014944,1,324,-323
990015176,1,4,-3
990015618,1,61,-60
990016032,1,160,-159
990032570,4,25,-21
990070001,0,1,-1
990070103,0,3,-3
990070601,0,29,-29
990070751,24,0,24
990070766,0,562,-562
990071180,1,93,-92
990071343,1,1,0
990071387,0,2,-2
990071823,13,0,13
990072600,1,312,-311
990072964,0,256,-256
990073285,0,0,0
990074393,2,546,-544
990074870,90,2,88
990075106,20,1,19
990075746,10,2,8
990076437,47,2,45
990076458,2,537,-535
997000007,9,2,7
997000041,0,72,-72
997000058,0,0,0
997000062,0,0,0
997000069,0,6,-6
997000070,0,19,-19
997000100,0,0,0
997000141,0,16,-16
997000198,18,20,-2
998000475,0,14,-14
998000736,0,136,-136
998000965,0,0,0
998001031,0,25,-25
998001700,0,9,-9
998001899,0,0,0
998001900,1,0,1
998003073,4,1,3
998101900,0,0,0
998102850,0,26,-26
998501927,0,126,-126
998501929,53,14,39
998501930,27,0,27
998501931,4,1,3
998501932,20,0,20
998501933,0,0,0
998501937,0,0,0
998501944,1,0,1
998501950,0,2,-2
998501970,3,2,1
998501971,0,37,-37
998501973,0,40,-40
998501974,0,150,-150
998501975,9,0,9
998501976,2,2,0
998501977,0,15,-15
998501978,0,0,0
998501979,0,8,-8
998501980,0,0,0
998501981,2,2,0
998501982,0,44,-44
998501983,0,1,-1
998502024,0,1,-1
998502032,0,1,-1
998502062,2,1,1
998502063,0,0,0
998502173,16,0,16
998502269,0,1,-1
998502546,0,39,-39
998502578,0,0,0
998502599,53,31,22
998601159,2,112,-110
998601292,0,5,-5
999033574,2,421,-419
999800001,0,1,-1
999800002,0,1,-1
999800003,2,1,1
999800004,0,1,-1
999800005,0,8,-8
