ID,insum,outsum,diff
100000001,1077,437,640
100000002,3697,6291,-2594
100000003,3383,4647,-1264
100000004,246,1376,-1130
100000005,2841,2730,111
100000006,509,294,215
100000007,2036,1094,942
100000008,46,241,-195
100000009,186,693,-507
100000010,27,133,-106
100000011,377,48,329
100000012,12,227,-215
100000013,4,55,-51
100000014,29,554,-525
100000015,859,1535,-676
100000016,184,2153,-1969
100000017,136,2415,-2279
100000018,507,338,169
100000019,2181,1964,217
100000020,952,4592,-3640
100000021,3368,1185,2183
100000022,533,3824,-3291
100000023,3433,1520,1913
100000025,488,1505,-1017
100000028,281,2220,-1939
100000029,13,964,-951
100000030,29,19,10
100000031,1846,7024,-5178
100000032,1499,3987,-2488
100000033,881,2929,-2048
100000034,92,1526,-1434
100000035,390,928,-538
100000036,372,1368,-996
100000037,588,323,265
100000038,2144,556,1588
100000039,99,144,-45
100000040,727,103,624
100000041,1286,211,1075
100000042,1133,148,985
100000043,478,102,376
100000044,65,115,-50
100000045,96,256,-160
100000046,123,197,-74
100000047,133,117,16
100000048,83,330,-247
100000049,770,628,142
100000051,504,383,121
100000053,49,9,40
100000054,201,16,185
100000055,419,195,224
100000056,119,289,-170
100000057,1676,236,1440
100000058,776,362,414
100000059,61,209,-148
100000060,768,228,540
100000061,2066,395,1671
100000062,1316,563,753
100000063,920,442,478
100000064,1345,459,886
100000065,254,384,-130
100000066,134,398,-264
100000067,141,539,-398
100000068,147,808,-661
100000069,254,717,-463
100000072,71,198,-127
100000073,735,605,130
100000075,486,107,379
100000076,1181,7018,-5837
100000077,67,550,-483
100000078,1,40,-39
100000079,5,73,-68
100000080,0,27,-27
100000081,7,40,-33
100000102,1885,5250,-3365
100000103,1082,5235,-4153
100000104,2769,2032,737
100000105,858,1507,-649
100000106,458,3470,-3012
100000107,58,1167,-1109
100000108,162,1083,-921
100000109,299,1471,-1172
100000116,187,431,-244
100000117,36,139,-103
100000118,317,1242,-925
100000119,568,1090,-522
100000121,130,470,-340
100000122,449,2475,-2026
100000123,660,1662,-1002
100000124,1549,2079,-530
100000125,6621,2002,4619
100000126,324,630,-306
100000127,838,932,-94
100000128,478,3376,-2898
100000129,255,925,-670
100000130,972,119,853
100000131,564,736,-172
100000132,825,1010,-185
100000133,815,378,437
100000135,347,869,-522
100000139,82,362,-280
100000140,110,68,42
100000142,491,380,111
100000143,766,263,503
100000144,762,179,583
100000147,1242,4628,-3386
100000150,122,437,-315
100000151,214,1681,-1467
100000153,12,343,-331
100000154,14,644,-630
100000155,0,34,-34
100000156,50,157,-107
100000157,157,168,-11
100000158,137,150,-13
100000159,66,988,-922
100000165,541,441,100
100000169,12,2587,-2575
100000174,223,1466,-1243
100000179,50,675,-625
100000180,694,693,1
100000181,211,226,-15
100000188,8,49,-41
100000189,590,150,440
100000190,357,1255,-898
100000191,610,437,173
100000192,16,160,-144
100000193,246,242,4
100000330,431,819,-388
100000355,173,311,-138
100000362,1177,651,526
100000363,5775,6390,-615
100000364,64,183,-119
100000365,4435,6988,-2553
100000366,1113,742,371
100000367,4177,4634,-457
100000368,1377,1390,-13
100000369,556,1943,-1387
100000370,116,840,-724
100000376,43,586,-543
100000379,516,3491,-2975
100000380,2504,6779,-4275
100000384,4557,5696,-1139
100000385,853,3921,-3068
100000386,992,6108,-5116
100000387,2729,6797,-4068
100000388,1266,3507,-2241
100000389,3623,5561,-1938
100000390,2067,2093,-26
100000391,1830,5640,-3810
100000392,390,1670,-1280
100000393,522,3444,-2922
100000394,1000,3886,-2886
100000395,617,3619,-3002
100000396,609,1462,-853
100000397,1151,5815,-4664
100000398,4274,2703,1571
100000413,0,2,-2
100900002,22,7,15
100900003,539,324,215
100900004,6,191,-185
100900005,186,28,158
100900006,11,5,6
100900007,268,2,266
100900008,0,153,-153
100900009,38,11,27
100900010,12,0,12
100900011,220,60,160
100900012,0,59,-59
100900013,750,1,749
100900014,0,0,0
100900015,22,44,-22
100900016,1,6,-5
100900017,1075,30,1045
100900018,1,16,-15
100900019,66,47,19
100900020,411,5,406
100900021,436,0,436
100900022,0,3,-3
100900023,0,68,-68
100900024,365,2,363
100900025,5,1,4
100900026,114,88,26
100900027,280,2418,-2138
100900028,76,206,-130
100900029,30,3,27
100900030,0,87,-87
100900031,1062,14,1048
100900032,365,0,365
100900033,29,285,-256
100900034,1545,1,1544
100900035,152,0,152
100900036,0,1,-1
100900037,85,50,35
100900038,23,43,-20
100900039,193,110,83
100900040,675,180,495
100900041,1901,104,1797
100900042,317,3054,-2737
100900043,0,30,-30
100900044,665,874,-209
100900045,17,0,17
100900046,944,10,934
100900047,335,77,258
100900048,41,2,39
100900049,20,35,-15
100900050,2,23,-21
100900051,3,167,-164
100900052,235,3,232
100900053,642,7,635
100900054,4,13,-9
100900055,366,1140,-774
100900056,36,17,19
100900057,1590,294,1296
100900058,102,19,83
100900059,171,1,170
100900060,127,4,123
100900061,39,206,-167
100900062,0,2,-2
100900063,262,1076,-814
100900064,426,9,417
100900065,31,204,-173
100900066,90,37,53
100900067,1,0,1
100900068,106,41,65
100900069,73,2,71
100900070,767,1,766
100900071,101,61,40
100900072,0,15,-15
100900073,103,108,-5
100900074,0,15,-15
100900075,868,37,831
100900076,4,5,-1
100900077,83,5,78
100900078,57,157,-100
100900079,0,2,-2
100900080,133,24,109
100900081,7,77,-70
100900082,220,83,137
100900083,18,2,16
100900085,0,352,-352
100900086,7,294,-287
100900088,165,47,118
100900089,0,3,-3
100900090,61,627,-566
100900091,2,0,2
100900092,38,125,-87
100900093,257,521,-264
100900094,137,57,80
100900095,2,21,-19
100900096,80,170,-90
100900097,0,0,0
100900098,13,25,-12
100900099,1,173,-172
100900100,2,135,-133
100900101,132,10,122
100900102,1,25,-24
100900103,0,3,-3
100900104,1,41,-40
100900105,3,277,-274
100900106,2,0,2
100900107,1116,393,723
100900108,0,9,-9
100900109,0,68,-68
100900110,6,10,-4
100900111,18,151,-133
100900112,0,17,-17
100900113,2,16,-14
100900114,22,14,8
100900115,17,15,2
100900116,537,250,287
100900117,113,998,-885
100900118,5,5,0
100900119,4,64,-60
100900120,44,13,31
100900121,369,160,209
100900122,11,46,-35
100900123,170,8,162
100900124,0,3,-3
100900125,6,1,5
100900126,785,9,776
100900127,4,1,3
100900128,41,292,-251
100900129,2,224,-222
100900131,3,61,-58
100900133,122,0,122
100900134,24,1,23
100900135,0,380,-380
100900137,214,131,83
100900138,177,189,-12
100900139,2,52,-50
100900140,2,86,-84
100900141,0,448,-448
100900142,0,3,-3
100900143,108,367,-259
100900144,1,3,-2
100900145,21,131,-110
100900146,4,8,-4
100900147,5,1458,-1453
100900148,23,83,-60
100900149,1,674,-673
100900150,0,89,-89
100900151,16,127,-111
100900152,17,0,17
100900153,2,191,-189
100900154,3,143,-140
100900155,2,2,0
100900156,0,1,-1
100900157,3,160,-157
100900159,3,35,-32
100900160,20,0,20
100900161,0,0,0
100900162,10,74,-64
100900163,52,50,2
100900164,183,7,176
100900165,14,3,11
100900166,4,0,4
100900167,6,24,-18
100900168,8,77,-69
100900169,34,503,-469
100900170,14,2,12
100900171,0,278,-278
100900172,2,120,-118
100900173,0,65,-65
100900174,26,24,2
100900176,873,173,700
100900177,196,110,86
100900178,136,76,60
100900179,130,166,-36
100900180,12,0,12
100900181,9,10,-1
100900182,25,8,17
100900184,76,31,45
100900186,190,201,-11
100900187,41,23,18
100900188,14,11,3
100900189,1368,220,1148
100900191,203,1043,-840
100900192,47,215,-168
100900195,60,225,-165
100900197,59,27,32
100900198,21,12,9
100900199,1,1,0
100900200,356,113,243
100900201,1,328,-327
100900202,29,0,29
100900203,0,35,-35
100900204,29,91,-62
100900205,91,441,-350
100900206,145,220,-75
100900207,298,58,240
100900210,14,70,-56
100900211,320,54,266
100900213,28,15,13
100900214,132,103,29
100900215,25,3,22
100900217,34,34,0
101000001,1760,1959,-199
101000002,5729,8690,-2961
101000003,209,738,-529
101000004,4957,5725,-768
101000005,4126,5641,-1515
101000006,4911,8438,-3527
101000007,2250,3977,-1727
101000008,1354,1953,-599
101000009,2103,388,1715
101000010,897,576,321
101000011,746,248,498
101000012,157,410,-253
101000013,284,853,-569
101000014,214,246,-32
101000015,2684,1266,1418
101000016,163,508,-345
101000017,150,295,-145
101000018,1030,5639,-4609
101000020,814,969,-155
101000021,303,717,-414
101000022,53,427,-374
101000023,662,670,-8
101000025,266,490,-224
101000026,540,29,511
101000027,1386,2819,-1433
101000028,540,223,317
101000029,23,1005,-982
101000030,413,87,326
101000031,48,602,-554
101000032,1633,3834,-2201
101000033,687,4868,-4181
101000034,221,2476,-2255
101000035,261,460,-199
101000036,232,2197,-1965
101000037,520,4050,-3530
101000039,1142,2812,-1670
101000040,1944,6663,-4719
101000041,1205,4940,-3735
101000042,49,746,-697
101000043,2398,5213,-2815
101000045,141,672,-531
101000046,549,1616,-1067
101000047,633,3909,-3276
101000048,357,241,116
101000049,398,1515,-1117
101000050,161,1173,-1012
101000051,379,1215,-836
101000052,1352,1483,-131
101000053,194,1045,-851
101000054,1385,590,795
101000055,840,1178,-338
101000056,1,142,-141
101000057,344,3367,-3023
101000058,478,1826,-1348
101000059,2116,3434,-1318
101000060,2167,927,1240
101000061,156,2265,-2109
101000062,131,928,-797
101000063,134,1277,-1143
101000064,106,1513,-1407
101000065,78,906,-828
101000066,236,1070,-834
101000067,135,488,-353
101000068,67,260,-193
101000069,59,29,30
101000070,404,546,-142
101000071,2926,1068,1858
101000072,416,1864,-1448
101000073,327,749,-422
101000074,1115,1964,-849
101000075,1083,1918,-835
101000077,1144,942,202
101000078,414,499,-85
101000079,669,689,-20
101000080,862,459,403
101000081,1108,950,158
101000082,1144,966,178
101000083,2533,1712,821
101000084,747,299,448
101000085,1190,755,435
101000086,620,571,49
101000087,395,430,-35
101000088,1692,700,992
101000089,919,1099,-180
101000090,889,419,470
101000091,330,276,54
101000092,2260,314,1946
101000093,1443,239,1204
101000094,506,364,142
101000095,529,440,89
101000096,742,175,567
101000097,319,661,-342
101000098,233,510,-277
101000099,284,888,-604
101000100,550,898,-348
101000101,115,734,-619
101000102,218,864,-646
101000103,251,763,-512
101000104,142,570,-428
101000105,201,435,-234
101000106,155,1601,-1446
101000107,170,401,-231
101000108,337,61,276
101000109,826,131,695
101000110,16,81,-65
101000111,18,129,-111
101000113,62,824,-762
101000114,1050,4616,-3566
101000115,5,2,3
101000116,4,7,-3
101000117,864,173,691
101000119,2,105,-103
101000120,31,86,-55
101000121,22,21,1
101000122,47,114,-67
101000123,33,103,-70
101000124,441,417,24
101000125,100,72,28
101000128,186,1892,-1706
101000130,115,123,-8
101000131,1518,232,1286
101000132,550,282,268
101000135,1,13,-12
101000136,45,111,-66
101000137,1,418,-417
101000141,502,3964,-3462
101000147,1144,191,953
101000148,917,29,888
101000149,8,63,-55
101000150,147,113,34
101000151,362,18,344
101000152,255,247,8
101000153,179,114,65
101000154,624,394,230
101000155,578,155,423
101000156,15,493,-478
101000157,9,119,-110
101000160,1,7,-6
101000163,32,540,-508
101000164,192,57,135
101000165,173,450,-277
101000166,108,241,-133
101000168,1237,198,1039
101000252,2397,537,1860
101000254,40,65,-25
101000258,118,1,117
101000261,42,84,-42
101000262,1063,5380,-4317
101000263,256,1072,-816
101000265,69,440,-371
101000266,319,137,182
101000269,1,32,-31
101000290,122,3023,-2901
101000293,0,7,-7
101000294,361,346,15
101000295,298,120,178
101000301,261,512,-251
101000304,1797,3117,-1320
101000305,2166,1300,866
101000328,100,1279,-1179
101900001,12,61,-49
101900002,0,3,-3
101900003,17,87,-70
101900004,1,123,-122
101900005,827,3641,-2814
101900006,1019,66,953
101900007,236,244,-8
101900008,56,232,-176
101900009,7,432,-425
101900010,164,355,-191
101900011,36,1326,-1290
101900012,350,121,229
101900013,255,66,189
101900017,17,60,-43
101900018,383,338,45
101900019,21,83,-62
101900020,27,10,17
101900021,0,41,-41
101900022,135,207,-72
101900023,183,31,152
101900026,102,14,88
101900027,5,88,-83
102000001,3220,5823,-2603
102000002,2031,2145,-114
102000003,1343,4096,-2753
102000004,3209,2503,706
102000005,1130,3108,-1978
102000006,501,927,-426
102000007,1423,3203,-1780
102000008,4127,1429,2698
102000009,6561,7040,-479
102000010,2890,1822,1068
102000011,4167,3789,378
102000012,3389,1915,1474
102000018,2299,2926,-627
102000019,2000,1632,368
102000026,417,385,32
102000029,329,229,100
102000030,105,362,-257
102000031,106,80,26
102000032,835,293,542
102000033,559,205,354
102000034,253,160,93
102000035,489,334,155
102000036,18,119,-101
102000037,196,11,185
102000038,167,150,17
102000039,77,99,-22
102000040,168,127,41
102000041,30,270,-240
102000042,38,187,-149
102000043,68,269,-201
102000044,336,694,-358
102000045,728,500,228
102000046,1363,435,928
102000047,1140,486,654
102000048,704,348,356
102000049,890,673,217
102000050,1343,827,516
102000051,131,285,-154
102000052,1301,664,637
102000053,607,635,-28
102000054,696,768,-72
102000055,821,108,713
102000056,1299,200,1099
102000057,1284,399,885
102000058,421,507,-86
102000059,641,663,-22
102000060,510,726,-216
102000061,1345,989,356
102000062,1727,624,1103
102000063,676,917,-241
102000064,371,420,-49
102000065,15,95,-80
102000066,446,306,140
102000067,4636,3885,751
102000068,6803,2953,3850
102000069,55,2439,-2384
102000070,1906,26,1880
102000071,4947,11782,-6835
102000072,2086,3369,-1283
102000073,425,208,217
102000074,722,371,351
102000075,155,48,107
102000076,450,79,371
102000077,791,210,581
102000078,1345,132,1213
102000079,133,42,91
102000080,230,131,99
102000081,207,376,-169
102000082,485,186,299
102000083,779,137,642
102000084,809,82,727
102000085,917,369,548
102000086,1555,520,1035
102000087,336,583,-247
102000088,424,189,235
102000089,1597,146,1451
102000090,231,1236,-1005
102000091,843,511,332
102000092,245,468,-223
102000093,613,522,91
102000094,374,176,198
102000095,332,872,-540
102000096,319,246,73
102000097,417,219,198
102000098,163,217,-54
102000099,365,406,-41
102000100,145,377,-232
102000101,203,271,-68
102000102,120,972,-852
102000103,2962,320,2642
102000104,390,321,69
102000105,190,275,-85
102000106,791,234,557
102000107,1982,105,1877
102000108,476,191,285
102000109,721,203,518
102000110,1403,291,1112
102000111,25,380,-355
102000112,96,155,-59
102000113,5,11,-6
102000114,476,229,247
102000115,149,353,-204
102000116,168,606,-438
102000117,64,391,-327
102000118,629,2252,-1623
102000119,383,871,-488
102000120,190,334,-144
102000121,876,215,661
102000122,411,516,-105
102000123,743,455,288
102000124,986,885,101
102000125,294,341,-47
102000126,267,372,-105
102000127,981,189,792
102000128,503,654,-151
102000129,1053,306,747
102000130,447,750,-303
102000131,376,529,-153
102000132,164,470,-306
102000133,3969,1081,2888
102000134,1438,514,924
102000135,249,505,-256
102000136,420,305,115
102000137,227,164,63
102000138,273,38,235
102000139,12,107,-95
102000140,65,123,-58
102000141,54,197,-143
102000142,314,85,229
102000143,330,57,273
102000144,387,73,314
102000145,349,119,230
102000146,497,103,394
102000147,478,232,246
102000148,71,345,-274
102000149,346,101,245
102000150,884,33,851
102000151,147,47,100
102000152,395,72,323
102000153,537,304,233
102000154,65,168,-103
102000155,17,185,-168
102000156,184,83,101
102000157,12,458,-446
102000158,210,442,-232
102000159,829,1022,-193
102000161,1668,2020,-352
102000162,107,185,-78
102000163,107,307,-200
102000164,414,671,-257
102000165,167,110,57
102000166,15,110,-95
102000167,164,147,17
102000168,112,136,-24
102000169,62,600,-538
102000170,581,226,355
102000171,66,60,6
102000172,6,324,-318
102000173,362,286,76
102000174,224,55,169
102000175,65,48,17
102000176,8,31,-23
102000178,180,298,-118
102000179,286,165,121
102000180,729,167,562
102000181,1205,260,945
102000182,566,181,385
102000183,1730,485,1245
102000184,2049,371,1678
102000185,2625,305,2320
102000186,1691,437,1254
102000187,902,296,606
102000188,1323,937,386
102000189,970,127,843
102000190,468,1769,-1301
102000191,659,194,465
102000192,1778,1445,333
102000193,49,68,-19
102000194,41,231,-190
102000195,700,238,462
102000196,220,200,20
102000197,1244,98,1146
102000198,259,262,-3
102000199,1397,100,1297
102000200,246,284,-38
102000201,1788,366,1422
102000202,0,98,-98
102000203,803,102,701
102000204,936,447,489
102000205,1157,577,580
102000206,539,306,233
102000207,590,396,194
102000208,307,409,-102
102000209,125,69,56
102000210,766,136,630
102000211,842,123,719
102000212,616,2,614
102000213,3,139,-136
102000214,593,0,593
102000215,5,114,-109
102000216,265,112,153
102000217,15,40,-25
102000218,274,219,55
102000219,109,54,55
102000225,172,1061,-889
102000226,75,203,-128
102000227,194,8,186
102000228,0,72,-72
102000229,101,27,74
102000230,300,162,138
102000231,418,273,145
102000232,36,146,-110
102000233,926,224,702
102000234,64,957,-893
102000236,198,15,183
102000237,886,223,663
102000238,354,243,111
102000240,330,688,-358
102000241,70,25,45
102000243,2,51,-49
102000245,2,59,-57
102000246,3,49,-46
102000247,138,312,-174
102000248,136,686,-550
102000249,135,29,106
102000250,72,103,-31
102000254,546,95,451
102000266,1,100,-99
102000271,33,1,32
102000286,205,216,-11
102000297,1797,484,1313
102000301,0,0,0
102000303,0,0,0
102000307,0,3,-3
102900001,954,268,686
102900002,265,25,240
102900003,106,39,67
102900005,480,98,382
102900006,469,21,448
102900007,762,4,758
102900008,301,4,297
102900009,111,305,-194
102900010,168,485,-317
102900011,655,342,313
102900012,226,100,126
102900013,68,17,51
102900015,494,371,123
102900016,190,8,182
102900017,200,92,108
102900018,71,34,37
102900019,403,323,80
102900020,156,3,153
102900021,62,15,47
102900022,33,15,18
102900023,5,1,4
102900024,27,21,6
102900025,50,20,30
102900026,218,2025,-1807
102900027,78,25,53
102900028,195,848,-653
102900029,30,311,-281
102900030,302,275,27
102900031,295,50,245
102900032,149,25,124
102900033,82,67,15
102900034,704,11,693
102900035,207,69,138
102900036,195,62,133
102900037,179,166,13
102900038,107,138,-31
102900039,19,668,-649
102900040,179,240,-61
102900041,66,47,19
102900042,328,96,232
102900043,306,95,211
102900044,412,524,-112
102900045,208,122,86
102900046,131,62,69
102900047,101,171,-70
102900048,357,114,243
102900049,26,119,-93
102900050,129,192,-63
102900051,64,226,-162
102900052,21,21,0
102900053,125,374,-249
102900054,113,891,-778
102900055,136,338,-202
102900056,98,187,-89
102900057,3,85,-82
102900058,137,48,89
102900059,5,16,-11
102900060,41,183,-142
102900061,281,234,47
102900062,242,162,80
102900063,1943,188,1755
102900064,29,212,-183
102900065,435,130,305
102900066,190,1,189
102900068,44,132,-88
102900070,223,181,42
102900072,2,66,-64
102900073,24,1,23
102900075,1,30,-29
102900076,28,34,-6
102900077,27,2,25
102900078,28,3,25
102900079,252,1,251
102900080,463,11,452
102900081,12,56,-44
102900082,6,29,-23
102900083,47,3,44
102900084,1,5,-4
102900085,26,24,2
102900086,22,20,2
102900087,244,42,202
102900088,42,11,31
102900089,130,124,6
102900090,1,117,-116
102900091,447,0,447
102900092,858,43,815
102900093,101,95,6
102900094,0,19,-19
102900095,3,0,3
102900096,145,6,139
102900097,6,11,-5
102900098,8,0,8
103000001,1941,2107,-166
103000002,2399,2485,-86
103000003,2497,1713,784
103000004,577,363,214
103000005,1028,3596,-2568
103000006,1135,1562,-427
103000007,279,194,85
103000008,742,749,-7
103000009,2622,1136,1486
103000010,159,30,129
103000011,1138,357,781
103000012,1162,1182,-20
103000013,1980,1258,722
103000014,781,1991,-1210
103000015,1272,734,538
103000016,373,1586,-1213
103000017,190,948,-758
103000018,459,161,298
103000019,241,584,-343
103000020,935,1042,-107
103000021,1786,3091,-1305
103000022,490,1000,-510
103000023,787,2041,-1254
103000024,107,66,41
103000025,96,1305,-1209
103000026,180,40,140
103000027,143,524,-381
103000028,93,81,12
103000029,59,157,-98
103000030,1832,849,983
103000031,556,2384,-1828
103000032,1185,706,479
103000033,3318,2270,1048
103000034,977,610,367
103000035,113,685,-572
103000036,216,157,59
103000037,503,319,184
103000038,286,665,-379
103000039,624,190,434
103000040,735,240,495
103000041,2246,768,1478
103000042,1854,99,1755
103000043,888,352,536
103000044,223,23,200
103000046,183,464,-281
103000047,706,226,480
103000048,142,92,50
103000049,68,55,13
103000050,845,68,777
103000051,737,320,417
103000052,732,99,633
103000053,265,270,-5
103000054,1467,133,1334
103000055,1582,642,940
103000056,664,514,150
103000057,1611,68,1543
103000058,766,166,600
103000059,855,224,631
103000060,540,153,387
103000061,1013,588,425
103000062,583,86,497
103000063,1133,328,805
103000064,159,43,116
103000065,2,134,-132
103000066,174,13,161
103000069,316,126,190
103000070,531,120,411
103000071,1712,320,1392
103000072,160,342,-182
103000073,1106,55,1051
103000074,1057,37,1020
103000075,99,330,-231
103000076,352,956,-604
103000077,2,179,-177
103000078,555,1259,-704
103000079,418,640,-222
103000080,244,275,-31
103000081,221,787,-566
103000082,561,112,449
103000083,144,221,-77
103000084,64,5,59
103000085,0,63,-63
103000086,276,387,-111
103000087,158,591,-433
103000088,113,317,-204
103000089,272,634,-362
103000090,3233,851,2382
103000091,921,500,421
103000092,368,132,236
103000093,328,498,-170
103000094,358,102,256
103000095,94,329,-235
103000096,528,16,512
103000097,14,639,-625
103000098,551,65,486
103000099,41,627,-586
103000100,202,323,-121
103000101,1650,65,1585
103000102,104,173,-69
103000103,714,77,637
103000104,213,64,149
103000105,292,55,237
103000106,1,117,-116
103000107,312,44,268
103000108,1423,1583,-160
103000109,549,833,-284
103000110,362,849,-487
103000111,308,573,-265
103000112,250,421,-171
103000113,564,1342,-778
103000114,1628,911,717
103000115,733,781,-48
103000116,794,228,566
103000117,390,303,87
103000118,252,221,31
103000119,833,227,606
103000120,29,219,-190
103000121,53,169,-116
103000122,390,707,-317
103000125,9,25,-16
103000126,861,1,860
103000127,0,28,-28
103000128,198,0,198
103000129,2,46,-44
103000130,65,55,10
103000131,18,83,-65
103000132,36,47,-11
103000133,25,25,0
103000134,156,1233,-1077
103000135,531,115,416
103000136,377,384,-7
103000137,256,382,-126
103000138,205,490,-285
103000139,1,21,-20
103000140,90,2,88
103000141,5,88,-83
103000142,92,20,72
103000143,19,84,-65
103000144,178,37,141
103000145,2,37,-35
103000150,73,13,60
103000152,160,387,-227
103000153,113,223,-110
103000156,4,32,-28
103000157,284,1,283
103000159,187,112,75
103000162,37,3,34
103000163,19,36,-17
103000164,0,13,-13
103000165,20,113,-93
103000166,297,774,-477
103000167,152,171,-19
103000168,207,81,126
103000169,178,927,-749
103000170,1978,223,1755
103000171,25,68,-43
103000172,860,57,803
103000173,1347,156,1191
103000174,672,164,508
103000175,360,66,294
103000176,644,995,-351
103000177,132,514,-382
103000178,38,174,-136
103000179,71,10,61
103000183,488,1,487
103000185,205,79,126
103000186,383,30,353
103000187,1464,61,1403
103000188,7,58,-51
103000189,555,703,-148
103000191,382,191,191
103000292,324,1765,-1441
103000293,303,3112,-2809
103000295,33,117,-84
103000296,36,0,36
103000297,4,13,-9
103000504,47,7,40
103000505,0,2,-2
103000506,9,76,-67
103000507,204,0,204
103000508,82,23,59
103000509,239,420,-181
103900001,9,15,-6
103900002,232,65,167
103900003,670,240,430
103900004,151,0,151
103900005,2,42,-40
103900006,3,2,1
103900007,156,0,156
103900008,6,0,6
103900009,290,58,232
103900010,226,60,166
103900011,923,42,881
103900012,4,84,-80
103900013,37,12,25
103900014,161,14,147
103900015,109,3,106
103900016,186,84,102
103900017,95,27,68
103900018,94,11,83
103900019,4,301,-297
103900020,272,336,-64
103900021,34,25,9
103900022,327,364,-37
103900023,275,0,275
103900024,138,129,9
103900025,1,13,-12
103900026,0,0,0
103900027,127,152,-25
103900028,51,362,-311
103900029,1188,55,1133
103900030,154,33,121
103900031,79,4,75
103900032,82,147,-65
103900033,182,14,168
103900034,81,22,59
103900035,50,42,8
103900036,13,42,-29
103900037,125,35,90
103900038,51,163,-112
103900039,278,43,235
103900040,8,101,-93
103900041,129,9,120
103900042,155,47,108
103900043,404,16,388
103900044,11,477,-466
103900045,344,211,133
103900047,198,9,189
103900048,2,21,-19
103900049,38,640,-602
103900050,12,134,-122
103900051,1,70,-69
103900052,218,269,-51
103900053,500,91,409
103900054,224,73,151
103900055,541,100,441
103900056,131,6,125
103900057,224,72,152
103900058,485,123,362
103900059,0,20,-20
103900060,64,32,32
103900061,282,0,282
103900062,912,253,659
103900063,0,0,0
103900064,204,3,201
103900065,110,101,9
103900066,335,44,291
103900067,295,10,285
103900068,3,0,3
103900069,84,9,75
103900070,89,125,-36
103900071,4,35,-31
103900072,32,85,-53
103900073,107,52,55
103900074,163,3,160
103900075,230,17,213
103900076,738,128,610
103900077,21,113,-92
103900078,447,73,374
103900079,21,62,-41
103900080,2,9,-7
103900081,10,6,4
103900082,32,99,-67
103900083,964,1924,-960
103900084,9,63,-54
103900085,55,57,-2
103900086,1697,141,1556
103900088,205,215,-10
103900089,37,94,-57
103900090,1,22,-21
103900091,498,30,468
103900092,856,473,383
103900093,29,192,-163
103900094,4,38,-34
103900095,147,224,-77
103900096,170,9,161
103900097,29,60,-31
103900098,376,75,301
103900099,381,17,364
103900100,492,47,445
103900101,102,505,-403
103900102,6,22,-16
103900104,0,4,-4
103900105,9,27,-18
103900106,0,59,-59
103900107,326,8,318
103900108,35,52,-17
103900109,301,2,299
103900110,335,8,327
103900111,393,62,331
103900112,26,11,15
103900113,14,59,-45
103900114,549,186,363
103900115,110,82,28
103900116,833,2716,-1883
103900117,13,13,0
103900119,7,200,-193
103900120,93,39,54
103900122,180,34,146
103900123,222,787,-565
103900124,14,107,-93
103900125,145,13,132
103900126,656,53,603
103900127,147,89,58
103900128,173,23,150
103900131,11,28,-17
103900133,740,3,737
103900134,3,15,-12
103900135,2,0,2
103900137,2,29,-27
103900138,294,5,289
103900139,56,3794,-3738
103900140,7,432,-425
103900141,100,26,74
103900142,755,36,719
103900143,269,0,269
103900144,0,38,-38
103900145,66,140,-74
103900146,194,121,73
103900147,466,63,403
103900148,592,121,471
103900149,354,90,264
103900150,2111,5319,-3208
103900151,0,123,-123
103900152,1198,135,1063
103900153,10,1,9
103900154,98,2529,-2431
103900155,9,42,-33
103900156,41,3,38
103900157,265,12,253
103900158,581,6,575
103900159,557,5,552
103900160,16,19,-3
103900161,6,56,-50
103900162,28,10,18
103900163,12,167,-155
103900167,0,133,-133
103900168,25,8,17
103900169,2,26,-24
103900170,0,10,-10
103900171,0,3,-3
103900172,5,1,4
103900173,25,21,4
103900174,387,12,375
103900175,13,130,-117
103900176,2,22,-20
103900177,2,2,0
103900178,61,3,58
103900179,48,8,40
103900180,2,20,-18
103900181,2,51,-49
103900182,3,13,-10
103900184,169,43,126
103900185,13,1348,-1335
103900187,7,196,-189
103900188,152,135,17
103900189,87,10,77
103900190,112,25,87
103900191,29,36,-7
103900192,25,4,21
103900193,11,9,2
103900194,66,50,16
103900195,2,213,-211
103900196,69,29,40
103900197,0,20,-20
103900198,3,3,0
103900199,123,40,83
103900200,184,15,169
103900201,84,6,78
103900202,2,6,-4
103900203,74,67,7
103900204,0,19,-19
103900207,0,21,-21
103900208,185,1,184
103900209,2,40,-38
103900210,38,18,20
103900211,922,98,824
103900212,175,47,128
103900213,3,252,-249
103900214,108,570,-462
103900215,55,383,-328
103900216,3,44,-41
103900217,510,140,370
103900218,1,357,-356
103900219,371,61,310
103900233,80,7,73
103900235,32,117,-85
103900236,19,9,10
103900242,5,9,-4
103900243,1,3,-2
103900244,104,35,69
103900245,189,27,162
103900246,6,60,-54
103900247,3,6,-3
103900248,0,32,-32
103900249,1,70,-69
103900250,26,7,19
103900251,0,5,-5
103900253,1,56,-55
103900254,6,31,-25
103900255,0,29,-29
103900256,33,22,11
103900257,134,233,-99
103900258,12,9,3
103900259,10,19,-9
103900261,66,2,64
103900262,55,4,51
103900263,24,85,-61
103900264,6,5,1
103900265,13,1,12
103900266,0,54,-54
103900267,0,32,-32
103900268,43,12,31
103900269,202,3,199
103900270,75,40,35
103900271,94,13,81
103900272,36,27,9
103900273,131,4,127
103900274,322,6,316
103900275,344,4,340
103900276,9,3,6
103900277,12,1,11
103900278,10,4,6
103900279,2,64,-62
103900280,2,27,-25
104000001,3115,1466,1649
104000002,2101,1277,824
104000003,1915,1143,772
104000004,2591,1296,1295
104000005,2201,1223,978
104000006,2665,1608,1057
104000007,4121,2796,1325
104000008,188,144,44
104000009,282,169,113
104000010,253,483,-230
104000011,207,111,96
104000012,184,112,72
104000013,376,505,-129
104000014,295,137,158
104000015,513,110,403
104000016,194,85,109
104000018,913,207,706
104000019,799,305,494
104000020,33,163,-130
104000021,453,115,338
104000022,415,380,35
104000023,1547,192,1355
104000024,210,158,52
104000026,39,103,-64
104000027,260,118,142
104000028,698,344,354
104000029,419,201,218
104000030,623,310,313
104000031,1445,69,1376
104000032,153,111,42
104000033,969,186,783
104000034,195,102,93
104000035,1148,179,969
104000036,1151,287,864
104000037,109,149,-40
104000038,411,217,194
104000039,198,55,143
104000040,55,629,-574
104000041,547,238,309
104000042,124,113,11
104000043,101,164,-63
104000044,228,229,-1
104000045,617,290,327
104000046,484,553,-69
104000047,601,405,196
104000048,829,349,480
104000049,796,328,468
104000050,61,452,-391
104000051,319,262,57
104000052,1974,1184,790
104000053,1243,204,1039
104000054,714,81,633
104000055,1714,1153,561
104000056,567,90,477
104000057,226,109,117
104000058,1050,564,486
104000059,670,739,-69
104000060,1221,721,500
104000061,935,479,456
104000062,259,57,202
104000064,545,215,330
104000065,23,288,-265
104000069,370,1695,-1325
104000070,40,577,-537
104000071,141,166,-25
104000072,523,110,413
104000075,8,199,-191
104000076,629,18,611
104000082,1991,2756,-765
104000083,662,107,555
104000084,86,173,-87
104000085,445,159,286
104000086,261,177,84
104000087,301,1310,-1009
104000090,1095,277,818
104000092,1574,464,1110
104000094,628,381,247
104000095,2877,1024,1853
104000096,2976,67,2909
104000097,2809,253,2556
104000098,4076,235,3841
104000100,2903,368,2535
104000101,1591,977,614
104000106,9,417,-408
104000107,369,153,216
104000108,209,136,73
104000109,242,98,144
104000110,583,1166,-583
104000111,1800,4318,-2518
104000112,356,262,94
104000116,1,352,-351
104000117,368,131,237
104000118,2017,90,1927
104000119,1147,190,957
104000120,327,152,175
104000121,221,140,81
104000122,644,356,288
104000123,752,415,337
104000124,217,836,-619
104000125,1107,5086,-3979
104000126,362,348,14
104000127,1311,942,369
104000128,601,66,535
104000129,396,8,388
104000130,1,413,-412
104000131,150,477,-327
104000132,365,835,-470
104000133,1547,634,913
104000134,712,1338,-626
104000135,360,1015,-655
104000136,558,2164,-1606
104000137,1555,372,1183
104000138,746,373,373
104000139,1794,1966,-172
104000141,567,312,255
104000142,623,270,353
104000143,782,147,635
104000144,118,216,-98
104000145,302,87,215
104000146,74,289,-215
104000147,67,309,-242
104000148,641,84,557
104000149,129,79,50
104000150,993,183,810
104000151,301,92,209
104000152,690,101,589
104000153,1029,426,603
104000154,427,140,287
104000155,479,777,-298
104000157,1034,614,420
104000158,84,277,-193
104000159,726,310,416
104000160,1647,2231,-584
104000161,116,90,26
104000162,117,40,77
104000165,582,589,-7
104000167,559,1643,-1084
104000168,1378,6,1372
104000169,335,17,318
104000170,130,220,-90
104000248,340,420,-80
104000251,54,85,-31
104000272,0,0,0
104000273,0,0,0
104000274,0,0,0
104000275,0,0,0
104000279,529,209,320
104000290,31,168,-137
104000291,327,937,-610
104000293,1257,1092,165
104000294,239,0,239
104000295,795,722,73
104000296,739,360,379
104000297,1107,1400,-293
104000298,1411,548,863
104000299,979,516,463
104900001,79,75,4
104900002,25,322,-297
104900003,24,74,-50
104900004,38,55,-17
104900005,968,195,773
104900006,1020,20,1000
104900007,791,22,769
104900009,130,100,30
104900010,119,3,116
104900011,0,1,-1
104900012,152,29,123
104900013,28,35,-7
104900014,713,132,581
104900015,74,2,72
104900016,149,56,93
104900017,78,113,-35
104900018,0,11,-11
104900019,62,5816,-5754
104900020,44,145,-101
104900021,4,14,-10
104900022,1,145,-144
104900023,0,28,-28
104900024,29,197,-168
104900025,50,137,-87
104900026,1,24,-23
104900027,890,218,672
104900028,36,122,-86
104900029,3,5,-2
104900030,463,98,365
104900031,32,125,-93
104900032,6,18,-12
104900033,270,75,195
104900034,419,173,246
104900035,660,324,336
104900036,458,22,436
104900037,201,67,134
104900038,46,2227,-2181
104900039,99,767,-668
104900040,656,14,642
104900041,380,35,345
104900042,150,86,64
104900043,76,627,-551
104900044,1015,53,962
104900045,235,20,215
104900046,922,59,863
104900047,447,45,402
104900048,596,32,564
104900049,88,33,55
104900050,919,24,895
104900051,354,19,335
104900052,391,1,390
104900053,448,38,410
104900054,300,46,254
104900055,425,1,424
104900056,469,31,438
104900057,131,3,128
104900058,514,25,489
104900059,216,67,149
104900060,0,115,-115
104900061,111,62,49
104900063,15,90,-75
104900064,0,69,-69
104900065,0,212,-212
104900066,0,15,-15
104900067,1,187,-186
104900068,60,66,-6
104900070,23,103,-80
104900071,0,138,-138
104900072,28,107,-79
104900073,157,29,128
104900074,68,69,-1
104900075,11,12,-1
104900076,124,82,42
104900077,166,54,112
104900078,130,60,70
104900079,32,1517,-1485
104900080,113,107,6
104900082,15,124,-109
104900085,5,110,-105
104900087,265,2,263
104900089,698,4,694
104900090,1289,501,788
104900091,289,135,154
104900093,99,128,-29
104900097,604,3100,-2496
104900098,237,30,207
104900099,41,552,-511
104900100,321,50,271
104900102,36,72,-36
104900103,221,27,194
104900104,822,1069,-247
104900106,238,79,159
104900107,44,58,-14
104900108,12,77,-65
104900109,104,139,-35
104900110,33,12,21
104900111,130,7,123
104900112,345,102,243
104900113,942,82,860
104900114,793,186,607
104900115,1095,48,1047
104900116,711,35,676
104900118,10,10,0
104900119,0,37,-37
104900120,21,1124,-1103
104900121,0,16,-16
104900122,0,19,-19
104900123,415,28,387
104900124,263,19,244
104900125,312,0,312
104900126,20,14,6
104900127,26,3,23
104900128,113,36,77
104900129,543,2939,-2396
105000001,2841,832,2009
105000002,1847,1258,589
105000003,1971,2882,-911
105000004,1474,545,929
105000005,1874,1202,672
105000006,1094,1768,-674
105000007,1699,2200,-501
105000008,585,2808,-2223
105000009,3590,3464,126
105000010,1518,528,990
105000011,2704,3449,-745
105000012,1237,1083,154
105000013,1006,928,78
105000014,4094,2922,1172
105000015,5940,12477,-6537
105000016,574,494,80
105000017,1459,1028,431
105000018,468,1295,-827
105000019,942,709,233
105000020,33,527,-494
105000021,231,80,151
105000022,73,132,-59
105000023,774,80,694
105000028,12,36,-24
105000029,597,790,-193
105000030,1744,1215,529
105000033,929,446,483
105000034,101,1276,-1175
105000037,498,77,421
105000038,607,1062,-455
105000039,380,461,-81
105000040,660,912,-252
105000041,162,228,-66
105000042,1166,575,591
105000043,495,300,195
105000044,681,168,513
105000045,207,153,54
105000046,816,179,637
105000047,402,171,231
105000048,1180,292,888
105000049,158,307,-149
105000050,947,394,553
105000051,181,224,-43
105000052,659,659,0
105000053,56,79,-23
105000054,450,407,43
105000055,748,177,571
105000056,2217,1044,1173
105000057,1774,256,1518
105000058,999,503,496
105000059,1756,617,1139
105000060,615,201,414
105000061,2375,345,2030
105000062,499,375,124
105000063,185,183,2
105000064,3267,552,2715
105000065,377,331,46
105000066,637,737,-100
105000067,1997,922,1075
105000068,223,545,-322
105000069,953,3280,-2327
105000070,397,1087,-690
105000071,207,2391,-2184
105000072,1057,8522,-7465
105000073,1327,659,668
105000074,232,298,-66
105000075,555,350,205
105000076,1108,608,500
105000077,1626,649,977
105000078,497,674,-177
105000079,665,1441,-776
105000080,1599,1702,-103
105000081,727,749,-22
105000082,452,1204,-752
105000083,1489,1633,-144
105000084,398,460,-62
105000085,2381,1616,765
105000086,631,569,62
105000087,1289,1233,56
105000088,1949,3052,-1103
105000089,1266,720,546
105000090,290,237,53
105000091,370,363,7
105000092,390,334,56
105000093,213,269,-56
105000094,179,108,71
105000095,190,469,-279
105000096,1235,1841,-606
105000097,339,374,-35
105000098,1544,1478,66
105000099,424,635,-211
105000100,2262,520,1742
105000101,2228,577,1651
105000102,2133,617,1516
105000103,1031,687,344
105000104,2632,557,2075
105000105,1202,618,584
105000106,2006,417,1589
105000107,1679,424,1255
105000108,2073,461,1612
105000109,3781,417,3364
105000110,925,182,743
105000111,2117,286,1831
105000112,729,339,390
105000113,594,651,-57
105000114,871,1277,-406
105000115,196,2296,-2100
105000116,1432,525,907
105000117,674,279,395
105000118,1333,208,1125
105000119,486,220,266
105000120,2197,332,1865
105000121,1048,228,820
105000122,511,395,116
105000123,456,240,216
105000124,2307,443,1864
105000125,1205,638,567
105000126,2153,918,1235
105000127,3096,690,2406
105000128,748,1005,-257
105000129,1607,150,1457
105000130,91,3814,-3723
105000131,193,74,119
105000132,2027,912,1115
105000133,182,341,-159
105000134,1943,220,1723
105000135,223,195,28
105000136,41,53,-12
105000137,817,157,660
105000138,109,67,42
105000139,776,255,521
105000140,811,223,588
105000141,535,184,351
105000142,333,356,-23
105000143,274,195,79
105000144,363,291,72
105000145,778,152,626
105000146,446,260,186
105000147,798,203,595
105000148,839,517,322
105000149,3654,1003,2651
105000150,1130,242,888
105000151,1246,296,950
105000152,220,299,-79
105000153,1642,293,1349
105000154,634,212,422
105000155,1061,265,796
105000156,240,292,-52
105000157,552,478,74
105000158,3436,506,2930
105000159,261,461,-200
105000160,4746,499,4247
105000161,607,513,94
105000162,652,3720,-3068
105000163,483,410,73
105000164,72,231,-159
105000165,719,12319,-11600
105000166,2486,2344,142
105000167,1063,4412,-3349
105000168,241,282,-41
105000169,1071,75,996
105000170,736,810,-74
105000171,1002,89,913
105000172,555,5,550
105000173,925,6,919
105000174,189,12,177
105000175,318,22,296
105000176,1003,44,959
105000177,570,268,302
105000178,543,92,451
105000179,1898,44,1854
105000180,582,44,538
105000181,273,92,181
105000182,88,44,44
105000183,1619,3181,-1562
105000184,191,340,-149
105000185,322,910,-588
105000186,302,470,-168
105000187,722,180,542
105000188,104,124,-20
105000189,45,218,-173
105000190,191,167,24
105000191,192,234,-42
105000192,469,38,431
105000193,88,44,44
105000194,776,34,742
105000195,333,270,63
105000196,62,283,-221
105000197,62,302,-240
105000198,87,54,33
105000199,52,395,-343
105000200,110,469,-359
105000201,82,25,57
105000203,25,52,-27
105000204,79,53,26
105000205,118,42,76
105000207,123,37,86
105000208,63,196,-133
105000209,221,53,168
105000212,953,269,684
105000213,37,63,-26
105000214,100,71,29
105000215,177,109,68
105000216,237,53,184
105000217,245,61,184
105000218,2715,493,2222
105000221,86,121,-35
105000222,547,49,498
105000223,549,78,471
105000226,217,76,141
105000227,109,46,63
105000228,14,1287,-1273
105000229,294,639,-345
105000231,326,108,218
105000233,1265,619,646
105000234,239,474,-235
105000235,668,377,291
105000237,1805,74,1731
105000243,59,12,47
105000248,40,81,-41
105000262,697,178,519
105000269,71,85,-14
105000270,736,12,724
105000271,0,160,-160
105000282,9,23,-14
105000287,114,79,35
105000288,1018,364,654
105000289,429,834,-405
105000290,37,0,37
105000402,1029,3898,-2869
105000426,146,238,-92
105000438,664,672,-8
105000446,3277,2027,1250
105000447,988,780,208
105000454,618,88,530
105000455,126,66,60
105000474,107,0,107
105000477,1513,281,1232
105000478,2541,4835,-2294
105000479,65,103,-38
105000480,3330,5086,-1756
105000481,4132,3371,761
105000482,1282,1689,-407
105000483,1849,2312,-463
105000484,927,1125,-198
105000485,776,2500,-1724
105000486,1099,1473,-374
105000488,1607,916,691
105000489,1970,716,1254
105000549,190,165,25
105000550,342,412,-70
105000551,1,54,-53
105000552,1358,620,738
105000555,526,1527,-1001
105000556,4,8,-4
105000557,4,14,-10
105900001,8,1461,-1453
105900002,354,1692,-1338
105900003,3,95,-92
105900004,193,23,170
105900005,1,159,-158
105900006,5,21,-16
105900007,28,3,25
105900008,170,119,51
105900009,56,16,40
105900011,126,13,113
105900012,318,60,258
105900013,3,9,-6
105900014,2,29,-27
105900015,105,114,-9
105900016,618,132,486
105900017,2122,9,2113
105900018,42,86,-44
105900019,75,44,31
105900020,47,19,28
105900021,43,59,-16
105900022,193,124,69
105900023,25,38,-13
105900024,0,57,-57
105900025,529,21,508
105900026,107,2,105
105900027,5904,2584,3320
105900028,136,140,-4
105900029,1494,130,1364
105900030,161,182,-21
105900031,521,69,452
105900032,146,37,109
105900033,96,125,-29
105900034,462,94,368
105900035,527,256,271
105900036,107,25,82
105900037,206,15,191
105900038,59,157,-98
105900039,126,21,105
105900040,202,62,140
105900041,110,44,66
105900042,79,222,-143
105900043,473,18,455
105900044,1,383,-382
105900045,3,1633,-1630
105900046,2,86,-84
105900047,14,37,-23
105900048,105,231,-126
105900050,735,2469,-1734
105900051,17,589,-572
105900052,956,82,874
105900053,1276,4203,-2927
105900054,59,125,-66
105900056,230,456,-226
105900057,2,20,-18
105900058,5,9,-4
105900059,1,227,-226
106000001,1750,2315,-565
106000002,545,1794,-1249
106000003,3662,4068,-406
106000004,1098,1609,-511
106000005,4244,2558,1686
106000006,2867,1080,1787
106000007,539,209,330
106000008,235,192,43
106000009,537,149,388
106000010,177,248,-71
106000011,1940,613,1327
106000012,749,485,264
106000013,1527,890,637
106000014,655,657,-2
106000015,2462,555,1907
106000016,992,721,271
106000017,1008,488,520
106000018,495,369,126
106000019,509,284,225
106000020,199,190,9
106000021,660,243,417
106000022,254,134,120
106000023,953,246,707
106000024,375,188,187
106000025,231,203,28
106000026,73,115,-42
106000027,2415,1011,1404
106000028,719,253,466
106000029,713,576,137
106000030,154,457,-303
106000034,131,244,-113
106000035,1166,1000,166
106000036,73,346,-273
106000037,620,508,112
106000038,9,263,-254
106000039,29,227,-198
106000040,37,571,-534
106000041,637,315,322
106000043,235,213,22
106000046,267,11,256
106000047,41,140,-99
106000049,1318,56,1262
106000050,182,353,-171
106000051,1457,569,888
106000052,41,109,-68
106000053,736,78,658
106000054,74,93,-19
106000055,1300,273,1027
106000056,138,134,4
106000057,619,73,546
106000058,29,17,12
106000059,515,191,324
106000060,120,178,-58
106000061,179,604,-425
106000062,106,92,14
106000063,1282,939,343
106000064,4,63,-59
106000065,540,135,405
106000066,152,93,59
106000067,657,50,607
106000068,132,195,-63
106000069,700,67,633
106000070,479,120,359
106000071,1014,91,923
106000072,1748,939,809
106000073,1459,6446,-4987
106000074,654,471,183
106000075,407,819,-412
106000076,873,1131,-258
106000077,1327,334,993
106000078,1685,210,1475
106000079,1148,361,787
106000080,1214,220,994
106000081,1188,437,751
106000082,1351,272,1079
106000083,580,515,65
106000084,623,241,382
106000085,1133,704,429
106000086,378,290,88
106000087,602,195,407
106000088,369,309,60
106000089,1021,111,910
106000090,391,262,129
106000091,205,366,-161
106000092,864,163,701
106000093,776,29,747
106000094,77,111,-34
106000095,1138,363,775
106000096,1906,156,1750
106000097,1513,363,1150
106000098,1377,222,1155
106000099,87,201,-114
106000100,2173,117,2056
106000101,995,39,956
106000102,67,208,-141
106000103,186,255,-69
106000104,1438,264,1174
106000105,288,231,57
106000106,1308,134,1174
106000107,225,173,52
106000108,695,88,607
106000109,90,96,-6
106000110,650,143,507
106000111,168,108,60
106000112,262,1043,-781
106000113,283,250,33
106000114,519,1175,-656
106000115,196,198,-2
106000116,471,97,374
106000117,500,199,301
106000118,1470,1202,268
106000119,580,243,337
106000120,985,1856,-871
106000121,468,141,327
106000122,440,97,343
106000123,1118,34,1084
106000124,282,41,241
106000125,42,86,-44
106000126,634,71,563
106000127,2316,375,1941
106000128,1709,93,1616
106000129,802,224,578
106000130,1798,103,1695
106000131,99,716,-617
106000132,812,37,775
106000133,972,1798,-826
106000134,637,4172,-3535
106000135,79,276,-197
106000136,1258,2213,-955
106000137,71,357,-286
106000138,3788,60,3728
106000139,137,54,83
106000140,96,18,78
106000141,177,25,152
106000142,194,51,143
106000143,25,31,-6
106000144,36,61,-25
106000145,651,70,581
106000146,957,95,862
106000147,389,261,128
106000148,352,356,-4
106000149,1024,273,751
106000150,1033,2436,-1403
106000151,2252,457,1795
106000152,706,2103,-1397
106000153,77,1423,-1346
106000154,767,33,734
106000155,237,322,-85
106000156,2138,104,2034
106000157,402,1505,-1103
106000158,870,396,474
106000159,2056,2302,-246
106000160,905,5034,-4129
106000161,501,127,374
106000162,554,1981,-1427
106000163,280,73,207
106000164,974,155,819
106000165,176,260,-84
106000166,1666,130,1536
106000167,437,394,43
106000168,1271,133,1138
106000169,246,223,23
106000170,1403,53,1350
106000171,294,522,-228
106000172,2718,678,2040
106000173,862,1361,-499
106000174,1661,168,1493
106000175,270,220,50
106000176,3352,405,2947
106000177,1057,641,416
106000178,3684,568,3116
106000179,721,480,241
106000180,1351,395,956
106000181,3120,904,2216
106000182,2899,212,2687
106000183,2552,109,2443
106000184,1554,362,1192
106000185,2518,1739,779
106000186,339,23,316
106000187,33,1813,-1780
106000188,0,0,0
106000189,2,30,-28
106000190,49,1,48
106000191,375,37,338
106000192,0,1,-1
106000193,201,314,-113
106000194,57,225,-168
106000195,68,71,-3
106000196,33,122,-89
106000197,738,38,700
106000198,216,38,178
106000199,364,1996,-1632
106000200,317,165,152
106000201,343,10576,-10233
106000202,2109,671,1438
106000203,11,133,-122
106000204,102,10,92
106000205,3,167,-164
106000206,124,15,109
106000207,19,250,-231
106000208,2094,40,2054
106000209,3154,147,3007
106000210,503,301,202
106000211,234,657,-423
106000212,2029,272,1757
106000213,152,769,-617
106000214,1301,183,1118
106000215,356,286,70
106000216,979,159,820
106000217,142,219,-77
106000218,341,125,216
106000219,171,109,62
106000220,801,113,688
106000221,331,80,251
106000222,257,59,198
106000223,448,40,408
106000224,314,73,241
106000225,103,137,-34
106000226,61,88,-27
106000228,29,61,-32
106000229,132,361,-229
106000231,1884,105,1779
106000232,103,93,10
106000233,935,116,819
106000234,89,260,-171
106000235,309,128,181
106000236,123,106,17
106000237,2,19,-17
106000238,4,17,-13
106000239,0,137,-137
106000240,8,1,7
106000241,1,586,-585
106000242,309,13,296
106000249,151,57,94
106000250,16,956,-940
106000251,139,8,131
106000252,41,6,35
106000253,101,43,58
106000254,134,6,128
106000255,100,167,-67
106000256,59,12,47
106000257,93,112,-19
106000258,72,16,56
106000259,21,55,-34
106000260,51,12,39
106000261,12,32,-20
106000262,12,1,11
106000263,27,3,24
106000264,154,1,153
106000265,10,38,-28
106000266,195,19,176
106000267,10,51,-41
106000268,189,12,177
106000269,14,21,-7
106000270,192,143,49
106000271,49,63,-14
106000272,94,14,80
106000273,31,76,-45
106000274,136,13,123
106000275,211,60,151
106000276,8,9,-1
106000277,118,89,29
106000278,40,3,37
106000279,20,8,12
106000280,97,18,79
106000281,76,12,64
106000282,59,27,32
106000283,161,21,140
106000284,384,23,361
106000285,130,92,38
106000286,117,32,85
106000287,50,33,17
106000288,133,41,92
106000289,76,34,42
106000290,178,51,127
106000291,116,35,81
106000292,176,26,150
106000293,162,77,85
106000294,120,17,103
106000295,30,63,-33
106000296,18,17,1
106000297,46,101,-55
106000298,24,97,-73
106000299,39,27,12
106000300,62,44,18
106000301,10,103,-93
106000303,99,38,61
106000304,69,6,63
106000305,161,8,153
106000306,9,12,-3
106000307,269,13,256
106000308,37,61,-24
106000309,2,10,-8
106000310,271,104,167
106000311,514,97,417
106000312,355,57,298
106000313,482,68,414
106000318,12,364,-352
106000319,1883,539,1344
106000320,2,62,-60
106000321,140,235,-95
106000322,430,28,402
106000324,118,46,72
106000325,2351,287,2064
106000326,546,470,76
106000327,507,63,444
106000328,14,51,-37
106000329,12,87,-75
106000330,9,57,-48
106000428,104,168,-64
106000429,150,180,-30
106000430,215,482,-267
106000431,3197,278,2919
106000432,565,1042,-477
106000433,2749,871,1878
106000434,4118,814,3304
106000435,721,865,-144
106000436,7,83,-76
106000437,1282,40,1242
106000438,287,566,-279
106000439,68,691,-623
106000440,178,172,6
106000441,8,1,7
106000442,284,4,280
106000443,483,135,348
106000450,1,104,-103
106000451,56,201,-145
106000454,0,142,-142
106000455,10,93,-83
106000456,236,33,203
106000457,32,169,-137
106000458,1762,48,1714
106000459,854,46,808
106000460,3003,14,2989
106000461,463,196,267
106000462,0,60,-60
106000463,2,5,-3
106000464,0,311,-311
106000465,1216,9,1207
106000466,1,178,-177
106000467,132,249,-117
106000468,263,70,193
106000469,62,1,61
106000470,157,2624,-2467
106000471,5,158,-153
106000472,545,2,543
106000473,21,3,18
106000474,179,264,-85
106000475,603,210,393
106000476,94,293,-199
106000477,62,52,10
106000480,0,1224,-1224
106900001,0,7,-7
106900002,0,133,-133
106900003,51,473,-422
106900004,3,0,3
106900006,0,0,0
106900007,0,1,-1
106900008,905,64,841
106900009,680,80,600
106900010,527,179,348
106900012,642,3782,-3140
106900013,893,227,666
106900014,203,2,201
106900015,42,0,42
106900016,604,48,556
106900017,19,2,17
106900018,43,0,43
106900019,372,1,371
106900020,796,3419,-2623
106900021,300,67,233
106900022,2253,17,2236
106900023,107,84,23
106900024,730,39,691
106900025,23,137,-114
106900026,0,80,-80
106900027,1847,2,1845
107000001,2619,3063,-444
107000002,1050,1368,-318
107000003,8232,6163,2069
107000004,1744,918,826
107000005,10103,5241,4862
107000006,1762,819,943
107000007,4822,5713,-891
107000008,1917,1509,408
107000009,8749,4943,3806
107000010,3463,2253,1210
107000011,331,313,18
107000012,1110,720,390
107000013,109,31,78
107000014,128,47,81
107000015,405,249,156
107000016,1026,229,797
107000017,433,583,-150
107000018,2,482,-480
107000020,517,452,65
107000021,658,248,410
107000022,884,694,190
107000023,1456,107,1349
107000024,861,1065,-204
107000025,292,109,183
107000026,291,249,42
107000027,2049,280,1769
107000028,949,287,662
107000029,4260,2340,1920
107000030,1341,1008,333
107000031,5702,1780,3922
107000032,192,585,-393
107000033,1395,3020,-1625
107000034,1935,587,1348
107000035,385,122,263
107000036,287,936,-649
107000037,115,455,-340
107000038,165,77,88
107000039,811,509,302
107000040,256,104,152
107000041,691,336,355
107000042,277,2072,-1795
107000043,835,408,427
107000044,145,105,40
107000045,31,91,-60
107000046,748,180,568
107000047,222,322,-100
107000048,436,106,330
107000049,282,317,-35
107000050,539,257,282
107000051,223,319,-96
107000052,667,2620,-1953
107000053,233,610,-377
107000054,23,106,-83
107000055,347,86,261
107000056,419,402,17
107000057,817,57,760
107000058,1861,1701,160
107000059,1498,1460,38
107000060,6512,3328,3184
107000061,2669,1301,1368
107000062,9177,2096,7081
107000063,2460,1465,995
107000064,6602,3609,2993
107000065,1333,1912,-579
107000066,1267,2802,-1535
107000067,1470,804,666
107000068,759,597,162
107000069,1310,657,653
107000070,828,1,827
107000071,5623,23,5600
107000072,5,490,-485
107000073,1516,1020,496
107000074,25,261,-236
107000075,2252,68,2184
107000076,139,385,-246
107000077,3103,282,2821
107000078,339,507,-168
107000079,3719,542,3177
107000080,253,687,-434
107000081,4872,472,4400
107000082,277,368,-91
107000083,1665,1117,548
107000084,139,347,-208
107000085,2259,1903,356
107000086,1928,1130,798
107000087,3001,1796,1205
107000088,1659,1532,127
107000089,1576,1878,-302
107000090,992,519,473
107000091,2250,496,1754
107000092,642,382,260
107000093,1819,936,883
107000094,540,409,131
107000095,1846,656,1190
107000096,559,285,274
107000097,2635,256,2379
107000098,333,293,40
107000099,635,384,251
107000100,220,176,44
107000101,95,236,-141
107000102,160,182,-22
107000103,631,175,456
107000104,93,273,-180
107000105,692,171,521
107000106,106,127,-21
107000107,1101,118,983
107000108,251,244,7
107000109,1934,157,1777
107000110,72,237,-165
107000111,1075,21,1054
107000112,9,190,-181
107000113,2102,58,2044
107000114,35,275,-240
107000115,1120,1118,2
107000116,71,247,-176
107000117,231,4295,-4064
107000118,55,42,13
107000119,990,1874,-884
107000120,705,1272,-567
107000121,1048,238,810
107000122,501,419,82
107000123,805,317,488
107000124,712,181,531
107000125,1702,202,1500
107000126,1968,167,1801
107000129,478,205,273
107000130,1027,151,876
107000131,220,233,-13
107000132,937,185,752
107000133,231,64,167
107000134,236,0,236
107000135,0,183,-183
107000136,459,1,458
107000137,1,288,-287
107000138,85,4,81
107000139,3,240,-237
107000140,1562,16,1546
107000141,35,397,-362
107000142,618,29,589
107000143,12,593,-581
107000144,387,619,-232
107000145,45,275,-230
107000146,226,361,-135
107000147,2806,457,2349
107000150,82,4566,-4484
107000151,3,35,-32
107000152,403,3622,-3219
107000153,48,93,-45
107000154,9,101,-92
107000155,1163,2,1161
107000156,1379,0,1379
107000157,4,196,-192
107000158,1571,3,1568
107000159,3,176,-173
107000160,2546,104,2442
107000161,44,194,-150
107000162,345,743,-398
107000163,491,2,489
107000164,1360,2,1358
107000165,2052,1,2051
107000166,18,114,-96
107000167,1170,246,924
107000168,1191,492,699
107000169,149,197,-48
107000170,4966,464,4502
107000171,236,349,-113
107000172,1851,2279,-428
107000173,201,205,-4
107000174,1160,7612,-6452
107000175,2025,380,1645
107000176,4,1,3
107000177,0,0,0
107000178,283,3,280
107000179,330,616,-286
107000180,2104,88,2016
107000181,267,296,-29
107000182,2507,271,2236
107000183,235,212,23
107000184,1979,284,1695
107000185,235,380,-145
107000186,931,122,809
107000187,1267,497,770
107000188,596,129,467
107000189,1028,395,633
107000190,943,224,719
107000191,1097,426,671
107000192,1452,209,1243
107000193,216,219,-3
107000194,498,175,323
107000197,877,111,766
107000198,286,289,-3
107000199,503,413,90
107000200,792,598,194
107000201,230,148,82
107000202,234,377,-143
107000203,450,776,-326
107000204,479,1567,-1088
107000205,438,198,240
107000206,118,662,-544
107000207,255,465,-210
107000208,146,315,-169
107000209,318,383,-65
107000210,56,76,-20
107000211,9,16,-7
107000212,0,56,-56
107000213,1,5,-4
107000214,33,35,-2
107000215,603,43,560
107000216,584,67,517
107000217,239,75,164
107000219,62,235,-173
107000220,56,88,-32
107000222,235,142,93
107000224,356,88,268
107000225,147,106,41
107000226,910,54,856
107000227,191,68,123
107000228,27,636,-609
107000229,25,198,-173
107000230,659,454,205
107000231,284,747,-463
107000232,102,15,87
107000233,96,326,-230
107000234,1,69,-68
107000235,27,28,-1
107000236,5,629,-624
107000237,102,0,102
107000238,38,1,37
107000239,975,492,483
107000240,43,116,-73
107000243,0,43,-43
107000244,6,22,-16
107000246,0,241,-241
107000249,0,372,-372
107000251,0,84,-84
107000252,0,84,-84
107000255,130,189,-59
107000257,2,613,-611
107000258,0,198,-198
107000259,0,54,-54
107000260,2335,6,2329
107000262,8,143,-135
107000263,743,0,743
107000266,20,5,15
107000267,2,54,-52
107000268,96,20,76
107000269,34,7,27
107000270,316,33,283
107000271,1,0,1
107000272,177,1,176
107000273,0,114,-114
107000274,283,70,213
107000275,17,563,-546
107000280,1965,14,1951
107000281,8,211,-203
107000282,12,172,-160
107000290,4,25,-21
107000291,11,6,5
107000292,0,36,-36
107000293,15,2,13
107000294,0,47,-47
107000295,23,2,21
107000296,0,33,-33
107000444,415,4,411
107000496,25,6,19
107000497,488,779,-291
107000500,435,121,314
107000501,56,160,-104
107000502,218,208,10
107000505,274,307,-33
107000506,0,0,0
107000508,0,73,-73
107000509,85,684,-599
107000510,56,21,35
107000514,14,458,-444
107000515,1,39,-38
107000516,624,283,341
107000518,2154,4135,-1981
107000519,458,240,218
107000520,241,29,212
107000521,1454,65,1389
107000522,2423,244,2179
107900001,106,20,86
107900002,41,0,41
107900003,1116,8,1108
107900004,70,0,70
107900005,5022,41,4981
107900006,176,27,149
107900007,396,44,352
107900008,10,5,5
107900009,45,4,41
107900010,112,5,107
107900012,310,35,275
107900013,140,11,129
107900014,229,17,212
107900015,3151,19,3132
107900016,150,13,137
107900017,81,0,81
107900018,45,526,-481
107900019,2,5,-3
107900020,5,41,-36
107900021,279,9,270
107900023,16,3,13
107900024,0,1,-1
107900025,198,58,140
107900026,114,11,103
107900027,1,58,-57
107900028,365,9,356
107900030,281,19,262
107900031,92,55,37
107900032,115,2,113
107900033,45,23,22
107900034,323,3,320
107900035,2497,158,2339
107900036,25,25,0
107900037,0,5,-5
107900038,14,359,-345
107900039,50,20,30
107900040,0,156,-156
107900041,0,1,-1
107900043,115,28,87
107900044,3,6,-3
107900045,152,37,115
107900046,443,426,17
107900047,80,2,78
107900048,375,13,362
107900049,182,1281,-1099
107900050,10,50,-40
107900051,28,31,-3
107900052,1,22,-21
107900053,167,28,139
107900055,200,59,141
107900056,69,159,-90
107900057,1,0,1
107900058,39,203,-164
107900060,1,20,-19
107900061,3,1,2
107900063,49,59,-10
107900064,84,983,-899
107900065,857,16,841
107900066,69,3,66
107900067,10,0,10
107900068,158,827,-669
107900069,6,4111,-4105
107900070,198,190,8
107900071,20,201,-181
107900072,272,36,236
107900073,54,13,41
107900074,119,416,-297
107900076,163,13,150
107900077,100,0,100
107900079,10,34,-24
107900080,108,621,-513
107900081,25,9,16
107900082,2,24,-22
107900083,449,82,367
107900084,256,94,162
107900086,11,248,-237
107900087,126,15,111
107900088,87,6,81
107900089,160,287,-127
107900090,94,1760,-1666
107900091,47,37,10
107900092,4,0,4
107900093,20,12,8
107900095,545,783,-238
107900097,20,27,-7
107900098,212,213,-1
107900100,127,1579,-1452
107900101,191,20,171
107900102,55,0,55
107900103,75,87,-12
107900104,168,3,165
107900105,0,48,-48
107900106,0,166,-166
107900107,347,185,162
107900108,58,7,51
107900109,2589,94,2495
107900110,121,22,99
107900111,0,95,-95
107900112,12,507,-495
107900113,331,6,325
107900114,261,48,213
107900115,0,3,-3
107900116,259,21,238
107900117,148,177,-29
107900118,6,26,-20
107900119,100,273,-173
107900120,106,15,91
107900121,0,90,-90
107900122,0,42,-42
107900123,2,114,-112
107900124,2,13,-11
107900125,3,69,-66
107900126,37,10,27
107900127,270,187,83
107900128,3,30,-27
107900129,213,5,208
107900130,233,1,232
107900131,17,45,-28
107900132,7,60,-53
107900133,0,14,-14
107900134,8,42,-34
107900135,2,35,-33
107900136,7,41,-34
107900137,16,21,-5
107900138,166,9,157
107900139,137,9,128
107900141,8,43,-35
107900142,12,219,-207
107900143,9,14,-5
107900144,0,6,-6
107900145,1,26,-25
107900146,11,40,-29
107900147,51,5,46
107900148,137,58,79
107900149,274,9,265
107900150,11,137,-126
107900151,3,9,-6
107900152,1,38,-37
107900153,15,78,-63
107900154,65,12,53
107900155,170,25,145
107900156,0,26,-26
107900157,29,49,-20
107900158,2340,95,2245
107900159,29,239,-210
107900160,153,15,138
107900161,108,10,98
107900162,0,18,-18
107900163,44,20,24
107900164,55,11,44
107900165,8,318,-310
107900166,45,31,14
107900167,1,14,-13
107900168,171,4,167
107900169,4,84,-80
107900171,0,198,-198
107900172,0,79,-79
107900173,32,21,11
107900174,129,1,128
107900175,6,34,-28
107900176,95,8,87
107900177,0,45,-45
107900178,19,23,-4
107900179,24,31,-7
107900180,158,1425,-1267
107900181,130,115,15
107900182,31,135,-104
107900183,107,53,54
107900184,237,26,211
107900185,117,3,114
107900186,31,9,22
107900187,0,47,-47
107900188,273,51,222
107900189,21,37,-16
107900190,9,95,-86
107900191,32,45,-13
107900193,2,113,-111
107900194,153,2,151
107900195,395,97,298
107900196,84,5,79
107900197,80,100,-20
107900199,0,231,-231
107900201,55,29,26
107900203,11,11,0
107900204,50,80,-30
107900206,172,827,-655
107900207,1,72,-71
107900208,0,114,-114
107900209,116,54,62
107900210,9,24,-15
107900213,273,103,170
107900214,4,50,-46
107900215,70,243,-173
107900216,0,16,-16
107900217,8,28,-20
107900218,3,232,-229
107900219,64,22,42
107900220,7,83,-76
107900221,19,69,-50
107900223,133,49,84
107900224,36,338,-302
107900225,1,126,-125
107900226,8,23,-15
107900227,45,86,-41
107900228,42,41,1
107900229,0,33,-33
107900230,38,5,33
107900231,12,53,-41
107900232,364,5,359
107900233,1,23,-22
107900234,540,42,498
107900235,2,41,-39
107900236,584,29,555
107900237,17,104,-87
107900238,62,7,55
107900239,107,521,-414
107900240,36,4,32
107900241,0,12,-12
107900242,10,38,-28
107900243,0,19,-19
107900244,205,1,204
107900245,1288,36,1252
107900246,157,16,141
107900248,396,37,359
107900249,1282,167,1115
107900250,0,81,-81
107900251,2,219,-217
107900252,794,51,743
107900253,213,14,199
107900254,73,122,-49
107900255,29,4,25
107900256,149,463,-314
107900257,435,148,287
107900258,46,36,10
107900259,25,4525,-4500
107900261,0,117,-117
107900262,24,24,0
107900264,721,48,673
107900265,90,38,52
107900267,577,10,567
107900268,0,0,0
107900269,0,1,-1
107900270,0,0,0
107900271,0,62,-62
107900272,10,30,-20
107900273,60,4,56
107900274,170,0,170
107900275,52,0,52
107900276,0,11,-11
107900277,0,13,-13
107900278,444,37,407
107900279,10,16,-6
107900280,1805,788,1017
107900281,571,10879,-10308
107900282,15,1151,-1136
107900283,237,985,-748
107900284,827,244,583
107900285,183,33,150
107900286,5,40,-35
107900287,863,37,826
107900290,1,912,-911
107900291,383,0,383
107900292,89,42,47
107900293,80,48,32
107900295,42,16,26
107900297,1,206,-205
107900298,354,404,-50
107900299,1017,2904,-1887
107900300,13,109,-96
107900301,757,429,328
107900302,101,13,88
107900303,740,121,619
107900304,828,57,771
107900305,485,1,484
107900306,0,30,-30
107900307,1,100,-99
107900308,212,57,155
107900309,16,0,16
107900310,15,0,15
107900311,173,172,1
107900312,13,0,13
107900313,3,116,-113
107900314,0,141,-141
107900315,0,44,-44
107900316,34,0,34
107900317,54,2,52
107900318,2,216,-214
107900319,3,9,-6
107900320,4,43,-39
107900321,287,1,286
107900322,1,18,-17
107900323,18,52,-34
107900324,99,0,99
107900325,268,2,266
107900326,1069,103,966
107900327,1,60,-59
107900328,4,0,4
107900329,3,157,-154
107900330,13,54,-41
107900331,791,13,778
107900332,755,7,748
107900333,131,5,126
107900334,4,29,-25
107900335,20,7,13
107900336,29,20,9
107900337,201,1443,-1242
107900338,0,26,-26
107900339,0,1,-1
107900340,0,121,-121
107900341,30,0,30
107900342,96,13,83
107900343,56,0,56
107900344,17,8,9
107900345,39,26,13
107900346,7,0,7
107900347,3,0,3
107900348,4,0,4
107900349,26,2,24
107900350,1,55,-54
107900351,11,8,3
107900352,1,32,-31
107900353,59,1,58
107900354,6,55,-49
108000001,4863,2689,2174
108000002,890,918,-28
108000003,2341,1170,1171
108000004,5625,5430,195
108000005,7298,3001,4297
108000006,1967,1583,384
108000007,5854,2518,3336
108000008,1499,1594,-95
108000009,6313,2949,3364
108000010,1363,1604,-241
108000011,12747,7523,5224
108000012,4839,5127,-288
108000014,359,1177,-818
108000015,930,165,765
108000016,219,401,-182
108000017,1291,175,1116
108000018,1731,424,1307
108000019,817,318,499
108000020,1085,228,857
108000021,103,642,-539
108000022,230,344,-114
108000023,2281,217,2064
108000024,468,132,336
108000025,623,106,517
108000026,995,77,918
108000027,1045,123,922
108000028,848,97,751
108000029,1010,154,856
108000030,383,89,294
108000031,204,284,-80
108000032,3137,452,2685
108000033,414,321,93
108000034,1814,412,1402
108000035,295,710,-415
108000036,153,297,-144
108000037,3483,157,3326
108000038,4937,210,4727
108000039,214,534,-320
108000040,2726,885,1841
108000041,136,724,-588
108000042,702,62,640
108000043,113,143,-30
108000044,863,42,821
108000045,135,79,56
108000046,2862,111,2751
108000047,188,223,-35
108000048,74,80,-6
108000049,854,99,755
108000050,51,145,-94
108000051,306,232,74
108000052,67,140,-73
108000053,423,277,146
108000054,142,348,-206
108000055,1113,275,838
108000056,380,504,-124
108000057,752,874,-122
108000058,1360,5071,-3711
108000059,1136,589,547
108000060,292,501,-209
108000061,138,165,-27
108000062,1622,236,1386
108000063,322,215,107
108000064,390,152,238
108000065,422,242,180
108000066,1894,917,977
108000067,2943,755,2188
108000068,1238,231,1007
108000069,99,324,-225
108000070,2544,270,2274
108000071,269,399,-130
108000072,1446,353,1093
108000073,284,300,-16
108000074,990,275,715
108000075,150,147,3
108000076,1057,290,767
108000077,221,189,32
108000078,3857,481,3376
108000079,312,288,24
108000080,2655,267,2388
108000081,223,359,-136
108000082,346,340,6
108000083,2419,389,2030
108000084,157,463,-306
108000085,1616,263,1353
108000086,175,207,-32
108000087,216,2293,-2077
108000088,952,146,806
108000089,345,304,41
108000090,444,14,430
108000091,192,256,-64
108000092,663,81,582
108000093,410,197,213
108000094,1810,113,1697
108000095,248,145,103
108000096,1117,186,931
108000097,154,257,-103
108000098,3174,779,2395
108000099,890,101,789
108000100,97,247,-150
108000101,1307,846,461
108000102,1099,2381,-1282
108000106,843,0,843
108000107,0,188,-188
108000108,801,65,736
108000109,0,248,-248
108000110,812,171,641
108000111,223,322,-99
108000112,27,137,-110
108000113,118,123,-5
108000115,134,113,21
108000117,307,172,135
108000118,131,1123,-992
108000119,433,118,315
108000120,251,1023,-772
108000121,292,159,133
108000122,1152,265,887
108000123,853,75,778
108000124,335,114,221
108000125,1258,88,1170
108000126,405,99,306
108000127,957,177,780
108000128,1005,89,916
108000129,159,148,11
108000130,764,166,598
108000131,897,110,787
108000132,208,208,0
108000133,1474,117,1357
108000134,242,124,118
108000135,1587,772,815
108000136,153,211,-58
108000137,579,90,489
108000138,380,288,92
108000139,603,110,493
108000140,920,7,913
108000141,35,10,25
108000142,25,14,11
108000143,13,54,-41
108000144,851,12,839
108000145,45,10,35
108000146,915,12,903
108000147,18,8,10
108000148,788,12,776
108000149,29,4,25
108000150,47,1,46
108000151,1,6,-5
108000152,72,56,16
108000153,1856,70,1786
108000154,12,2,10
108000155,122,13,109
108000156,263,156,107
108000157,166,2661,-2495
108000158,40,983,-943
108000159,81,116,-35
108000160,915,1751,-836
108000161,716,5372,-4656
108000165,0,537,-537
108000172,1,235,-234
108000173,335,1990,-1655
108000175,1183,71,1112
108000178,215,102,113
108000179,74,597,-523
108000181,70,2,68
108000182,80,14,66
108000183,16,34,-18
108000184,199,3968,-3769
108000185,387,60,327
108000186,648,70,578
108000187,194,150,44
108000188,1601,38,1563
108000189,499,11348,-10849
108000190,10,43,-33
108000192,250,78,172
108000193,259,22,237
108000194,16,4,12
108000195,0,428,-428
108000196,143,81,62
108000198,747,36,711
108000199,0,227,-227
108000200,1276,68,1208
108000203,402,106,296
108000204,321,83,238
108000205,32,126,-94
108000339,442,172,270
108000364,73,129,-56
108000365,64,63,1
108000367,121,146,-25
108000368,3,65,-62
108000369,176,47,129
108000371,1,275,-274
108000372,851,3,848
108000373,209,59,150
108000376,369,18,351
108000377,1428,92,1336
108000378,8255,13455,-5200
108000379,24,170,-146
108000381,280,21,259
108000382,82,0,82
108000383,0,178,-178
108900001,4,113,-109
108900002,129,18,111
108900003,87,199,-112
108900004,514,472,42
108900005,11,136,-125
108900006,358,52,306
108900007,384,83,301
108900008,314,45,269
108900009,161,141,20
108900010,528,56,472
108900011,1033,82,951
108900012,537,92,445
108900013,86,121,-35
108900014,8,100,-92
108900015,0,67,-67
108900016,0,87,-87
108900017,121,232,-111
108900018,95,108,-13
108900019,34,113,-79
108900020,62,23,39
108900021,102,49,53
108900022,91,3,88
108900023,6,38,-32
108900024,66,16,50
108900025,424,11,413
108900026,18,18,0
108900027,0,24,-24
108900028,134,43,91
108900029,34,103,-69
108900030,0,4,-4
108900031,77,25,52
108900032,2,46,-44
108900033,0,32,-32
108900034,0,39,-39
108900035,219,260,-41
108900036,60,49,11
108900037,16,30,-14
108900038,0,95,-95
108900039,0,67,-67
108900040,5,16,-11
108900041,2224,2548,-324
108900042,1,268,-267
108900043,31,312,-281
108900044,0,75,-75
108900045,69,53,16
108900046,5,106,-101
108900047,0,58,-58
108900048,78,149,-71
108900049,466,3202,-2736
108900050,4,53,-49
108900051,1,17,-16
108900052,17,53,-36
108900053,69,544,-475
108900054,33,60,-27
108900055,5,133,-128
108900056,0,44,-44
108900057,1,26,-25
108900058,12,63,-51
108900059,1761,37,1724
108900060,97,54,43
108900061,23,2,21
108900062,0,26,-26
108900063,34,65,-31
108900064,577,5,572
108900065,15,63,-48
108900066,570,45,525
108900067,1,33,-32
108900068,23,34,-11
108900069,144,20,124
108900070,6,32,-26
108900071,209,7,202
108900072,984,132,852
108900073,24,109,-85
108900074,513,34,479
108900075,3,15,-12
108900076,660,11,649
108900077,12,154,-142
108900078,73,17,56
108900079,117,51,66
108900080,1,1026,-1025
108900081,10,58,-48
108900082,100,18,82
108900083,2,254,-252
108900084,57,15,42
108900085,647,25,622
108900086,401,68,333
108900087,21,75,-54
108900088,301,346,-45
108900089,0,59,-59
108900090,40,93,-53
108900091,64,31,33
108900092,300,246,54
108900093,68,44,24
108900094,286,72,214
108900095,16,52,-36
108900096,151,13,138
108900097,261,28,233
108900098,605,1325,-720
108900099,379,45,334
108900100,52,17,35
108900101,357,589,-232
108900102,7,1617,-1610
108900103,381,121,260
108900104,28,43,-15
108900105,2,3166,-3164
108900106,555,57,498
108900108,331,7,324
108900109,1610,44,1566
108900110,72,43,29
108900111,434,93,341
108900112,222,3,219
108900113,85,40,45
108900114,362,35,327
108900115,257,177,80
108900116,90,1,89
108900117,638,20,618
108900118,1317,12,1305
108900119,805,37,768
108900120,792,128,664
108900121,259,57,202
108900122,418,23,395
108900123,479,46,433
108900124,1139,112,1027
108900125,1311,3,1308
108900126,254,72,182
108900127,369,11,358
108900128,289,26,263
108900129,1869,87,1782
108900130,1162,14,1148
108900131,761,11,750
108900132,762,24,738
108900133,429,9,420
108900134,1003,30,973
108900135,663,3,660
108900136,29,1,28
108900137,438,0,438
108900138,1093,51,1042
108900139,512,13,499
108900140,1234,28,1206
108900141,849,4,845
108900142,51,21,30
108900143,178,0,178
108900144,225,2,223
108900145,420,10,410
108900146,161,0,161
108900147,562,0,562
108900148,54,1,53
108900149,94,51,43
108900150,203,9,194
108900151,37,1,36
108900152,210,4,206
108900153,287,69,218
108900154,7319,181,7138
108900155,88,18,70
108900156,223,3,220
108900157,31,83,-52
108900158,816,14,802
108900159,227,64,163
108900160,18,73,-55
108900161,219,66,153
108900162,262,0,262
108900163,6,457,-451
108900164,56,26,30
108900165,14,15,-1
108900167,202,7803,-7601
108900168,1957,1724,233
108900169,44,50,-6
108900171,1297,3506,-2209
108900172,125,41,84
108900173,19,172,-153
108900174,1058,184,874
108900176,44,102,-58
108900177,1378,11051,-9673
108900178,909,6191,-5282
108900179,129,779,-650
108900180,83,65,18
108900182,34,207,-173
108900183,134,71,63
108900184,315,41,274
108900185,39,133,-94
108900186,17,95,-78
108900187,621,12,609
108900188,672,13,659
108900189,449,30,419
108900190,44,519,-475
108900191,38,97,-59
108900192,28,77,-49
108900193,7,3,4
108900194,6,29,-23
108900195,56,54,2
108900196,6,88,-82
108900198,0,57,-57
108900199,174,161,13
108900200,645,348,297
108900201,192,518,-326
108900203,473,79,394
108900204,547,7,540
108900205,257,10,247
108900206,678,78,600
108900207,410,472,-62
108900208,3,130,-127
108900209,70,143,-73
108900210,42,46,-4
108900211,77,621,-544
108900212,76,1801,-1725
108900215,31,129,-98
108900216,139,540,-401
108900217,86,0,86
108900218,33,5,28
108900219,6,0,6
108900220,26,2,24
108900221,17,55,-38
108900222,95,1,94
108900223,1,23,-22
108900224,24,42,-18
108900225,0,129,-129
108900227,178,194,-16
108900230,40,81,-41
108900231,3,37,-34
108900232,2,68,-66
108900233,421,133,288
108900234,333,176,157
108900235,37,184,-147
108900236,27,141,-114
108900237,4,20,-16
108900240,97,26,71
108900241,84,20,64
108900245,9,2179,-2170
108900249,27,3,24
108900250,275,49,226
108900257,110,25,85
108900258,2,38,-36
108900259,0,28,-28
108900260,15,8,7
108900261,15,29,-14
108900262,63,67,-4
108900263,20,153,-133
108900264,83,147,-64
108900265,250,310,-60
108900266,105,1798,-1693
108900267,2,450,-448
108900268,28,35,-7
108900269,238,23,215
108900270,259,17,242
108900271,131,4,127
108900272,466,4,462
108900273,202,422,-220
108900274,122,18,104
109000001,4432,5614,-1182
109000002,566,4208,-3642
109000003,4163,392,3771
109000004,895,1604,-709
109000005,2239,335,1904
109000006,1013,735,278
109000007,2957,445,2512
109000008,1308,712,596
109000009,4310,723,3587
109000010,855,1318,-463
109000011,7283,1668,5615
109000012,1368,1552,-184
109000013,7195,5558,1637
109000014,1403,989,414
109000015,4697,15548,-10851
109000016,2604,976,1628
109000017,4496,912,3584
109000018,925,1146,-221
109000019,3377,989,2388
109000020,1374,987,387
109000023,185,3,182
109000024,4,81,-77
109000025,158,724,-566
109000026,444,258,186
109000027,71,416,-345
109000028,67,32,35
109000029,13,391,-378
109000030,10,219,-209
109000031,625,46,579
109000032,69,210,-141
109000033,808,161,647
109000034,38,37,1
109000035,22,20,2
109000036,40,177,-137
109000037,450,4283,-3833
109000038,253,103,150
109000039,1104,645,459
109000040,2207,20720,-18513
109000041,680,3449,-2769
109000042,542,2002,-1460
109000044,741,16,725
109000045,155,122,33
109000046,551,48,503
109000047,103,190,-87
109000048,216,142,74
109000049,156,294,-138
109000050,177,169,8
109000051,128,92,36
109000052,319,360,-41
109000053,566,34,532
109000054,44,130,-86
109000055,500,129,371
109000056,148,101,47
109000057,1534,479,1055
109000058,126,25,101
109000059,77,1056,-979
109000060,61,591,-530
109000061,186,2014,-1828
109000062,86,366,-280
109000063,113,19,94
109000064,717,46,671
109000065,494,81,413
109000066,650,38,612
109000067,121,41,80
109000068,468,6,462
109000069,567,12,555
109000070,7,540,-533
109000071,351,60,291
109000072,55,113,-58
109000073,99,46,53
109000074,12,73,-61
109000075,30,116,-86
109000076,50,297,-247
109000077,182,88,94
109000078,191,101,90
109000079,107,52,55
109000080,351,46,305
109000081,126,215,-89
109000082,1144,72,1072
109000083,276,169,107
109000088,238,102,136
109000089,407,108,299
109000090,75,108,-33
109000091,863,86,777
109000092,138,85,53
109000093,575,53,522
109000094,1704,11,1693
109000095,191,103,88
109000096,1653,94,1559
109000097,53,31,22
109000098,53,89,-36
109000099,844,127,717
109000100,446,249,197
109000101,2294,172,2122
109000102,673,199,474
109000103,959,248,711
109000104,3469,92,3377
109000105,543,359,184
109000106,2351,227,2124
109000107,384,436,-52
109000108,3211,285,2926
109000109,400,438,-38
109000110,1580,310,1270
109000111,492,838,-346
109000112,137,74,63
109000113,253,174,79
109000114,77,164,-87
109000115,642,26,616
109000116,14,198,-184
109000117,345,8,337
109000118,24,139,-115
109000119,2960,51,2909
109000120,723,150,573
109000121,946,12,934
109000122,410,149,261
109000123,40,18,22
109000124,1428,127,1301
109000125,1191,94,1097
109000126,428,124,304
109000127,1717,77,1640
109000128,633,178,455
109000129,4654,231,4423
109000130,208,273,-65
109000131,960,701,259
109000132,213,472,-259
109000133,131,246,-115
109000134,388,386,2
109000135,309,339,-30
109000136,166,183,-17
109000137,348,190,158
109000138,285,71,214
109000139,746,178,568
109000140,106,98,8
109000141,615,123,492
109000142,102,227,-125
109000143,171,65,106
109000145,95,336,-241
109000146,7,10,-3
109000148,1114,1649,-535
109000149,15,73,-58
109000150,17,144,-127
109000155,1246,740,506
109000156,694,158,536
109000158,53,156,-103
109000159,110,212,-102
109000160,2295,74,2221
109000161,759,475,284
109000162,2627,137,2490
109000163,1793,485,1308
109000164,1719,854,865
109000165,1867,331,1536
109000166,1641,67,1574
109000167,133,190,-57
109000170,45,10,35
109000171,203,5,198
109000172,6,31,-25
109000173,2,167,-165
109000174,336,21,315
109000175,29,27,2
109000176,511,112,399
109000177,22,19,3
109000178,1521,72,1449
109000179,1532,8429,-6897
109000180,2024,3731,-1707
109000181,32,1,31
109000182,16,14,2
109000183,122,3,119
109000184,93,2,91
109000185,8,9,-1
109000188,239,460,-221
109000189,3940,283,3657
109000190,982,186,796
109000191,262,295,-33
109000192,940,42,898
109000193,210,55,155
109000194,468,19,449
109000195,349,33,316
109000196,258,26,232
109000197,176,117,59
109000198,358,52,306
109000199,228,86,142
109000206,126,9,117
109000207,258,3,255
109000208,117,96,21
109000209,245,43,202
109000210,45,187,-142
109000211,2278,186,2092
109000214,171,98,73
109000215,117,26,91
109000216,425,429,-4
109000217,81,106,-25
109000218,230,201,29
109000221,121,204,-83
109000222,721,97,624
109000223,756,434,322
109000224,190,34,156
109000225,341,32,309
109000226,114,75,39
109000227,2497,209,2288
109000228,2,313,-311
109000231,0,40,-40
109000232,1595,106,1489
109000236,248,236,12
109000241,1682,329,1353
109000242,1443,304,1139
109000293,116,98,18
109000361,82,102,-20
109000364,33,145,-112
109000396,3,119,-116
109000397,1086,26,1060
109000399,32,175,-143
109000400,106,50,56
109000403,6,1340,-1334
109000406,1427,1,1426
109000407,183,79,104
109000408,0,218,-218
109000410,847,146,701
109000411,342,28,314
109900001,234,0,234
109900002,1215,6,1209
109900003,1171,4,1167
109900004,141,61,80
109900005,24,0,24
109900006,550,33,517
109900007,2474,100,2374
109900008,0,1,-1
109900009,22,235,-213
109900010,1139,14,1125
109900011,19,6,13
109900012,498,84,414
109900013,585,49,536
109900014,192,27,165
109900015,147,11,136
109900016,76,3,73
109900017,332,97,235
109900018,111,5,106
109900019,123,26,97
109900020,47,38,9
109900021,37,11,26
109900022,123,40,83
109900023,4,5,-1
109900024,13,0,13
109900025,2,18,-16
109900026,0,22,-22
109900027,20,10,10
109900028,316,3947,-3631
109900029,0,124,-124
109900030,50,3,47
109900031,2,615,-613
109900032,0,65,-65
109900033,0,189,-189
109900034,4,3,1
109900035,243,152,91
109900036,44,8,36
109900037,15,211,-196
109900038,49,65,-16
109900039,1,0,1
109900040,16,96,-80
109900041,32,62,-30
109900042,23,155,-132
109900044,30,57,-27
109900045,75,6,69
109900046,35,9,26
109900047,53,79,-26
109900048,3,33,-30
109900049,48,26,22
109900050,0,7,-7
109900051,0,2,-2
109900052,64,41,23
109900053,0,27,-27
109900054,1827,64,1763
109900055,214,70,144
109900056,35,136,-101
109900057,1,30,-29
109900058,1,30,-29
109900059,2334,62,2272
109900060,1253,46,1207
109900061,37,55,-18
109900062,0,43,-43
109900063,15,274,-259
109900064,927,48,879
109900065,17,56,-39
109900066,35,234,-199
109900067,1,60,-59
109900068,93,1,92
109900069,2,19,-17
109900070,40,26,14
109900071,0,5,-5
109900072,24,34,-10
109900073,822,145,677
109900074,4,9,-5
109900075,33,39,-6
109900076,21,46,-25
109900077,9,16,-7
109900078,22,33,-11
109900080,94,45,49
109900081,0,117,-117
109900082,84,47,37
109900083,3,7,-4
109900084,46,128,-82
109900085,61,135,-74
109900086,109,1121,-1012
109900087,21,211,-190
109900089,766,91,675
109900090,85,202,-117
109900091,802,26,776
109900092,193,26,167
109900093,1524,99,1425
109900094,65,55,10
109900095,59,83,-24
109900096,159,8,151
109900097,233,1,232
109900098,757,9,748
109900099,706,5,701
109900100,159,0,159
109900101,1265,2,1263
109900102,625,3,622
109900103,57,62,-5
109900104,1852,96,1756
109900105,834,15,819
109900106,516,11,505
109900107,681,9,672
109900108,123,74,49
109900109,9,15,-6
109900110,19,100,-81
109900111,37,190,-153
109900112,72,122,-50
109900113,1062,314,748
109900114,257,1173,-916
109900115,159,24,135
109900117,2451,39,2412
109900118,77,95,-18
109900119,73,200,-127
109900120,52,13,39
109900121,187,95,92
109900122,1688,3,1685
109900123,14,30,-16
109900124,3,55,-52
109900125,0,28,-28
109900126,577,7,570
109900128,508,11,497
109900130,1498,4427,-2929
109900131,4,47,-43
109900132,7,44,-37
109900133,61,106,-45
109900134,52,71,-19
109900135,112,16,96
109900136,44,52,-8
109900137,304,100,204
109900140,157,41,116
109900142,3813,44,3769
109900145,4,815,-811
109900146,64,38,26
109900148,30,16,14
109900149,7,24,-17
109900150,1,8,-7
109900151,2,3,-1
109900152,0,11,-11
109900153,0,34,-34
109900154,12,0,12
109900155,62,23,39
109900157,10,95,-85
109900158,18,15,3
109900159,71,17,54
109900160,209,13,196
109900161,595,17,578
109900162,169,23,146
109900163,190,80,110
109900164,39,81,-42
109900165,328,2,326
109900166,0,32,-32
109900167,203,236,-33
109900168,69,351,-282
109900169,284,108,176
109900170,191,1579,-1388
109900171,671,58,613
109900172,348,470,-122
109900173,515,2704,-2189
109900174,20,85,-65
109900175,136,45,91
109900176,125,52,73
109900177,34,38,-4
109900178,1,74,-73
109900179,2,5,-3
109900180,0,7,-7
110000001,360,218,142
110000002,589,314,275
110000003,533,459,74
110000004,205,295,-90
110000005,175,2528,-2353
110000006,275,191,84
110000007,64,24,40
110000008,32,428,-396
110000009,29,15,14
110000010,67,133,-66
110000011,26,24,2
110000012,116,86,30
110000013,29,723,-694
110000014,504,366,138
110000015,137,554,-417
110000016,302,1599,-1297
110000017,1662,126,1536
110000018,1607,331,1276
110000019,34,30,4
110000020,865,396,469
110000021,114,76,38
110000022,1475,72,1403
110000023,5,62,-57
110000024,255,46,209
110000025,1971,3,1968
110000026,2,153,-151
110000027,433,1306,-873
110000028,1362,219,1143
110000029,236,222,14
110000030,412,385,27
110000031,139,190,-51
110000032,1401,65,1336
110000033,64,110,-46
110000034,1165,301,864
110000035,303,266,37
110000036,2034,291,1743
110000037,133,130,3
110000038,410,1078,-668
110000039,1017,9048,-8031
110000040,229,247,-18
110000041,290,3483,-3193
110000042,47,424,-377
110000043,544,304,240
110000044,14,208,-194
110000045,70,51,19
110000046,3,112,-109
110000047,2,36,-34
110000048,0,156,-156
110000049,3,2,1
110000050,4,106,-102
110000051,6,27,-21
110000052,58,16,42
110000053,8,10,-2
110000054,36,307,-271
110000055,55,63,-8
110000056,48,92,-44
110000057,116,186,-70
110000058,570,223,347
110000059,424,323,101
110000060,1289,439,850
110000061,256,248,8
110000062,375,393,-18
110000063,81,367,-286
110000064,17,25,-8
110000065,160,229,-69
110000066,80,3,77
110000067,40,59,-19
110000068,342,48,294
110000069,1006,7,999
110000071,1407,9,1398
110000073,78,4,74
110000075,59,15,44
110000076,602,719,-117
110000077,181,1892,-1711
110000078,155,6,149
110000080,166,150,16
110000081,37,167,-130
110000082,19,245,-226
110000083,202,196,6
110000084,1482,714,768
110000085,411,493,-82
110000086,541,1880,-1339
110000087,33,25,8
110000088,189,128,61
110000089,573,30,543
110000090,177,82,95
110000091,370,71,299
110000092,20,35,-15
110000093,53,12,41
110000094,316,95,221
110000095,96,524,-428
110000096,813,3260,-2447
110000097,667,1750,-1083
110000098,1787,423,1364
110000099,1284,1358,-74
110000100,2692,68,2624
110000101,243,67,176
110000102,77,51,26
110000104,319,132,187
110000105,39,81,-42
110000106,325,484,-159
110000107,125,155,-30
110000108,77,202,-125
110000109,76,135,-59
110000110,1290,2884,-1594
110000111,1863,2391,-528
110000112,129,974,-845
110000113,48,3697,-3649
110000114,935,964,-29
110000115,1026,103,923
110000116,78,50,28
110000117,800,119,681
110000118,983,70,913
110000119,869,51,818
110000120,429,44,385
110000121,99,501,-402
110000122,177,177,0
110000123,609,182,427
110000124,0,292,-292
110000125,627,0,627
110000126,124,35,89
110000127,851,28,823
110000128,4,394,-390
110000129,1,147,-146
110000130,187,101,86
110000131,42,67,-25
110000132,0,148,-148
110000133,16,396,-380
110000134,36,313,-277
110000135,196,15,181
110000136,43,62,-19
110000137,1005,79,926
110000138,1196,207,989
110000139,1819,158,1661
110000140,579,464,115
110000143,274,271,3
110000144,1172,1230,-58
110000145,1547,1097,450
110000146,916,349,567
110000147,198,694,-496
110000148,947,157,790
110000151,517,908,-391
110000152,184,407,-223
110000153,631,28,603
110000154,8,73,-65
110000155,326,1003,-677
110000156,640,581,59
110000157,634,1977,-1343
110000160,216,120,96
110000161,95,104,-9
110000166,1387,50,1337
110000167,2445,756,1689
110000168,415,926,-511
110000169,658,221,437
110000170,176,63,113
110000171,397,33,364
110000172,309,285,24
110000173,252,330,-78
110000174,77,197,-120
110000175,1718,82,1636
110000176,20,1001,-981
110000177,213,2300,-2087
110000178,292,4406,-4114
110000179,428,285,143
110000180,431,232,199
110000181,1634,198,1436
110000182,109,75,34
110000183,3384,7674,-4290
110000184,182,3763,-3581
110000185,287,596,-309
110000186,321,1679,-1358
110000191,1654,119,1535
110000192,1046,21,1025
110000193,1697,6,1691
110000194,2,172,-170
110000195,660,52,608
110000196,959,79,880
110000197,187,39,148
110000198,30,19,11
110000199,79,115,-36
110000200,359,214,145
110000201,1097,920,177
110000202,1218,417,801
110000203,239,228,11
110000204,0,92,-92
110000205,616,30,586
110000206,258,271,-13
110000207,1987,118,1869
110000208,144,288,-144
110000209,15,145,-130
110000210,1764,246,1518
110000211,1112,280,832
110000212,596,1912,-1316
110000213,484,8,476
110000214,623,58,565
110000215,85,51,34
110000216,185,65,120
110000217,873,46,827
110000218,380,34,346
110000219,585,24,561
110000220,30,58,-28
110000221,685,7,678
110000222,38,83,-45
110000223,36,81,-45
110000224,7,5,2
110000225,172,464,-292
110000226,496,9,487
110000227,455,637,-182
110000228,348,21,327
110000229,1,74,-73
110000230,639,356,283
110000231,339,578,-239
110000232,129,39,90
110000233,91,141,-50
110000234,286,129,157
110000235,448,724,-276
110000236,753,172,581
110000237,2625,968,1657
110000238,808,522,286
110000239,2052,417,1635
110000240,0,20,-20
110000242,0,15,-15
110000243,348,41,307
110000244,64,48,16
110000245,8,135,-127
110000246,1764,159,1605
110000247,896,1121,-225
110000248,835,543,292
110000249,211,14,197
110000250,6,64,-58
110000251,556,118,438
110000252,881,77,804
110000253,2532,210,2322
110000254,1147,223,924
110000255,217,337,-120
110000256,558,106,452
110000257,225,84,141
110000258,3,83,-80
110000259,579,4,575
110000260,120,28,92
110000263,797,24,773
110000264,868,103,765
110000265,1271,1077,194
110000266,710,1096,-386
110000267,18,25,-7
110000268,215,98,117
110000269,9,16,-7
110000270,162,0,162
110000271,1131,119,1012
110000272,654,580,74
110000273,646,341,305
110000274,113,4159,-4046
110000275,797,688,109
110000276,213,1071,-858
110000277,454,91,363
110000278,333,183,150
110000279,823,228,595
110000280,902,162,740
110000281,150,70,80
110000282,103,13,90
110000283,9,46,-37
110000284,2,5,-3
110000285,0,102,-102
110000286,38,0,38
110000287,135,1,134
110000288,1,31,-30
110000289,323,3293,-2970
110000290,178,966,-788
110000291,1476,641,835
110000292,725,10289,-9564
110000293,539,128,411
110000294,2078,2609,-531
110000295,176,250,-74
110000296,1011,160,851
110000297,3438,116,3322
110000298,58,196,-138
110000299,120,31,89
110000301,437,18,419
110000302,687,254,433
110000303,979,6,973
110000304,409,92,317
110000305,1800,16,1784
110000306,620,382,238
110000307,4005,11,3994
110000308,765,4,761
110000309,2,229,-227
110000310,1340,24,1316
110000311,6,181,-175
110000312,597,44,553
110000313,2583,1081,1502
110000314,4,90,-86
110000315,992,717,275
110000316,279,567,-288
110000317,83,168,-85
110000318,1,16,-15
110000319,1,13,-12
110000320,16,29,-13
110000321,33,51,-18
110000322,139,177,-38
110000323,1138,61,1077
110000324,1442,930,512
110000325,1198,5881,-4683
110000327,368,99,269
110000328,12,198,-186
110000333,1261,1761,-500
110000334,298,667,-369
110000335,645,219,426
110000336,311,467,-156
110000337,2252,333,1919
110000338,594,79,515
110000339,760,119,641
110000340,33,78,-45
110000341,638,190,448
110000342,42,3,39
110000343,0,2,-2
110000344,25,75,-50
110000345,74,51,23
110000346,901,1369,-468
110000347,1043,261,782
110000348,40,6,34
110000349,13,2,11
110000350,148,1,147
110000351,1877,292,1585
110000352,455,1934,-1479
110000353,1902,247,1655
110000354,599,4654,-4055
110000355,346,19,327
110000356,150,23,127
110000357,1053,2,1051
110000361,148,6,142
110000362,317,16,301
110000363,1024,38,986
110000364,543,96,447
110000365,105,3,102
110000366,0,86,-86
110000367,727,33,694
110000368,10,35,-25
110000369,88,8,80
110000373,0,207,-207
110000374,81,20,61
110000375,60,855,-795
110000376,26,32,-6
110000377,65,192,-127
110000378,7,331,-324
110000379,971,3228,-2257
110000380,264,6,258
110000383,0,511,-511
110000384,997,158,839
110000385,1,65,-64
110000387,411,0,411
110000388,60,126,-66
110000389,624,0,624
110000391,1477,123,1354
110000396,465,16,449
110000397,60,28,32
110000398,11,11,0
110000399,199,1,198
110000587,348,41,307
110000589,258,18,240
110000640,143,6,137
110000652,12,218,-206
110000653,302,105,197
110000654,7,240,-233
110000656,0,95,-95
110000674,79,1,78
110000675,17,4,13
110000676,0,38,-38
110000679,61,1072,-1011
110000682,147,176,-29
110000683,291,111,180
110000684,0,4,-4
110000685,6,20,-14
110000686,1,143,-142
110000687,14,1,13
110000688,58,1437,-1379
110000689,29,4,25
110000692,10,81,-71
110000693,34,238,-204
110000694,0,38,-38
110000695,43,246,-203
110000696,62,6,56
110900001,423,35,388
110900002,329,84,245
110900003,2939,92,2847
110900004,807,18,789
110900005,711,6892,-6181
110900006,97,92,5
110900007,412,258,154
110900008,3,6,-3
110900009,323,1142,-819
110900010,0,10,-10
110900011,3,36,-33
110900012,6,10,-4
110900013,1347,53,1294
110900014,414,1,413
110900015,152,452,-300
110900016,114,35,79
110900017,898,12,886
110900018,594,27,567
110900019,839,19,820
110900020,401,54,347
110900021,160,129,31
110900022,52,44,8
110900023,41,115,-74
110900024,179,86,93
110900025,7,29,-22
110900027,14,32,-18
110900028,3,32,-29
110900029,16,60,-44
110900030,41,69,-28
110900031,2,81,-79
110900032,0,29,-29
110900033,3,73,-70
110900035,29,412,-383
110900036,206,3,203
110900037,258,5,253
110900038,244,149,95
110900039,0,171,-171
110900040,340,6,334
110900041,1,12,-11
110900042,113,76,37
110900043,0,8,-8
110900044,62,0,62
110900045,175,124,51
110900046,4,52,-48
110900047,75,738,-663
110900049,282,41,241
110900050,57,2,55
110900051,29,30,-1
110900052,3,88,-85
110900053,329,16,313
110900054,19,42,-23
110900055,27,0,27
110900056,9,50,-41
110900057,0,62,-62
110900058,541,47,494
110900059,177,128,49
110900060,338,53,285
110900061,6,18,-12
110900062,274,66,208
110900063,10,42,-32
110900064,30,0,30
110900065,19,36,-17
110900066,2,27,-25
110900067,69,792,-723
110900068,169,50,119
110900069,4,8,-4
110900070,31,20,11
110900071,92,1932,-1840
110900073,0,0,0
110900074,1006,60,946
110900075,817,54,763
110900077,2359,304,2055
110900078,281,30,251
110900079,609,556,53
110900080,245,35,210
110900081,17,10,7
110900082,267,41,226
110900083,186,16,170
110900084,245,3,242
110900085,3,29,-26
110900086,63,263,-200
110900087,492,13,479
110900088,10,0,10
110900090,87,154,-67
110900091,2,18,-16
110900093,401,57,344
110900095,45,19,26
110900097,57,4,53
110900098,24,18,6
110900099,5,63,-58
110900100,0,2,-2
110900102,104,17,87
110900105,211,41,170
110900108,29,17,12
110900111,112,36,76
110900112,542,0,542
110900113,243,146,97
110900115,0,8,-8
110900116,2611,444,2167
110900118,71,5149,-5078
110900119,894,50,844
110900120,289,52,237
110900121,72,0,72
110900122,497,145,352
110900125,381,1109,-728
110900127,85,1090,-1005
110900128,25,192,-167
110900129,108,951,-843
110900130,140,245,-105
110900131,506,7,499
110900132,782,11,771
110900133,46,31,15
110900135,26,68,-42
110900136,463,9,454
110900139,28,0,28
110900140,0,0,0
110900141,394,102,292
110900142,21,22,-1
110900143,481,31,450
110900144,0,99,-99
110900145,293,170,123
110900146,60,471,-411
110900147,12,161,-149
110900148,0,27,-27
110900149,6,5,1
110900150,16,4,12
110900151,0,34,-34
110900152,13,15,-2
110900153,310,9,301
111000001,1391,709,682
111000002,661,336,325
111000003,2938,1320,1618
111000004,735,722,13
111000005,924,1549,-625
111000006,570,1657,-1087
111000007,3422,6741,-3319
111000008,2634,4119,-1485
111000009,394,781,-387
111000010,1802,535,1267
111000011,153,611,-458
111000012,448,445,3
111000013,492,801,-309
111000014,2469,304,2165
111000017,6,646,-640
111000018,26,260,-234
111000020,119,692,-573
111000021,11,33,-22
111000023,77,65,12
111000025,1740,4197,-2457
111000029,61,26,35
111000030,29,46,-17
111000031,1282,295,987
111000032,521,78,443
111000033,287,52,235
111000034,81,107,-26
111000037,602,245,357
111000038,874,830,44
111000039,1358,659,699
111000040,1051,513,538
111000041,147,223,-76
111000042,1103,1831,-728
111000043,1570,6570,-5000
111000044,1919,320,1599
111000045,3871,971,2900
111000046,2788,789,1999
111000047,2807,6387,-3580
111000049,249,209,40
111000050,642,243,399
111000051,440,236,204
111000052,380,595,-215
111000053,188,250,-62
111000054,222,487,-265
111000055,615,769,-154
111000056,251,148,103
111000057,188,101,87
111000058,1135,28,1107
111000059,768,252,516
111000060,6466,850,5616
111000061,1134,267,867
111000062,1249,388,861
111000063,1233,1080,153
111000064,1132,257,875
111000065,1563,359,1204
111000066,1092,152,940
111000067,1632,137,1495
111000068,1132,156,976
111000069,975,927,48
111000070,617,326,291
111000071,111,146,-35
111000072,1657,668,989
111000073,142,1520,-1378
111000074,1218,706,512
111000075,717,197,520
111000076,871,194,677
111000077,1085,392,693
111000078,1424,249,1175
111000079,740,493,247
111000080,634,278,356
111000081,1050,7106,-6056
111000082,1157,157,1000
111000084,894,222,672
111000085,910,620,290
111000086,1210,581,629
111000087,545,215,330
111000088,1913,4975,-3062
111000089,718,369,349
111000090,292,466,-174
111000091,565,152,413
111000092,2598,503,2095
111000093,1248,781,467
111000094,1732,881,851
111000095,1007,2813,-1806
111000096,502,7865,-7363
111000097,1267,478,789
111000098,122,309,-187
111000099,330,611,-281
111000100,412,395,17
111000101,149,249,-100
111000102,291,113,178
111000104,1269,38,1231
111000107,77,141,-64
111000109,1325,107,1218
111000110,1560,334,1226
111000111,5122,113,5009
111000112,2942,177,2765
111000113,589,3012,-2423
111000114,868,6815,-5947
111000115,1862,584,1278
111000116,562,438,124
111000117,190,404,-214
111000118,574,313,261
111000119,1950,278,1672
111000120,784,551,233
111000121,223,714,-491
111000122,229,401,-172
111000123,734,559,175
111000124,160,747,-587
111000125,223,332,-109
111000126,107,208,-101
111000127,1920,54,1866
111000128,4160,95,4065
111000129,4627,151,4476
111000130,4014,152,3862
111000131,3725,238,3487
111000132,2776,2489,287
111000133,142,24,118
111000134,146,28,118
111000135,96,71,25
111000136,343,84,259
111000138,116,1,115
111000140,2,4,-2
111000141,108,292,-184
111000142,11,91,-80
111000143,14,183,-169
111000144,10,356,-346
111000145,25,2,23
111000146,265,3,262
111000147,83,10,73
111000148,119,53,66
111000149,4,4,0
111000150,203,3,200
111000151,1,4,-3
111000153,224,148,76
111000154,286,91,195
111000155,206,60,146
111000156,520,181,339
111000157,237,319,-82
111000158,973,393,580
111000159,1788,589,1199
111000160,409,76,333
111000161,3,256,-253
111000162,0,32,-32
111000163,1065,561,504
111000164,216,2246,-2030
111000165,387,86,301
111000166,200,51,149
111000167,53,142,-89
111000168,116,139,-23
111000169,313,162,151
111000170,158,120,38
111000171,202,232,-30
111000172,139,177,-38
111000173,270,306,-36
111000174,447,84,363
111000175,30,81,-51
111000176,1104,36,1068
111000177,1937,60,1877
111000178,2965,62,2903
111000179,556,36,520
111000180,314,173,141
111000181,2579,66,2513
111000182,321,50,271
111000183,301,66,235
111000184,315,65,250
111000185,246,55,191
111000186,240,40,200
111000187,274,36,238
111000188,470,159,311
111000189,134,121,13
111000190,138,78,60
111000191,159,127,32
111000192,97,191,-94
111000193,114,47,67
111000194,80,80,0
111000195,109,59,50
111000196,45,30,15
111000197,1177,39,1138
111000198,698,16,682
111000199,595,329,266
111000200,1192,800,392
111000201,1314,67,1247
111000202,704,62,642
111000203,510,218,292
111000204,165,1980,-1815
111000213,291,187,104
111000214,900,403,497
111000215,1032,467,565
111000217,2306,256,2050
111000218,2448,387,2061
111000219,191,69,122
111000220,394,447,-53
111000221,148,34,114
111000224,6,109,-103
111000225,478,386,92
111000226,42,6,36
111000227,4,2,2
111000228,1,781,-780
111000229,20,1937,-1917
111000230,107,66,41
111000231,629,114,515
111000232,1249,240,1009
111000233,2748,244,2504
111000234,330,495,-165
111000239,25,22,3
111000240,55,621,-566
111000241,71,84,-13
111000242,368,32,336
111000243,297,88,209
111000244,1646,73,1573
111000245,552,56,496
111000246,677,60,617
111000247,908,112,796
111000248,634,87,547
111000249,407,99,308
111000250,41,16,25
111000251,102,21,81
111000253,13,8,5
111000255,60,5,55
111000257,88,4,84
111000260,39,362,-323
111000261,2125,49,2076
111000271,30,107,-77
111000273,1793,652,1141
111000274,1124,2809,-1685
111000275,234,7,227
111000276,114,381,-267
111000277,221,103,118
111000278,255,116,139
111000291,1223,17104,-15881
111000298,534,89,445
111000299,963,40,923
111000300,55,206,-151
111000302,492,32,460
111000303,86,53,33
111000312,53,15,38
111000315,6,60,-54
111000320,253,87,166
111000321,622,87,535
111000322,803,81,722
111000323,471,22,449
111000324,123,39,84
111000325,10,19,-9
111000326,164,81,83
111000327,250,148,102
111000328,458,439,19
111000329,0,17,-17
111000330,275,4,271
111000331,86,5,81
111000332,301,332,-31
111000334,119,406,-287
111000335,1771,98,1673
111000337,2895,97,2798
111000338,199,36,163
111000339,1251,44,1207
111000340,63,183,-120
111000341,2368,1528,840
111000342,43,264,-221
111000344,1415,260,1155
111000345,46,68,-22
111000346,45,161,-116
111000347,288,2,286
111000350,156,46,110
111000351,87,178,-91
111000352,186,18,168
111000353,179,74,105
111000354,583,53,530
111000355,303,157,146
111000358,115,266,-151
111000360,168,94,74
111000361,256,106,150
111000546,1591,121,1470
111000547,726,102,624
111000548,246,107,139
111000549,330,25,305
111000550,10,1386,-1376
111000551,107,10,97
111000552,427,122,305
111000907,2596,12,2584
111000908,111,0,111
111000916,3732,81,3651
111000917,55,247,-192
111000918,164,200,-36
111000920,1569,8,1561
111000921,3,60,-57
111000922,1518,53,1465
111000924,20,145,-125
111000925,6121,2321,3800
111000926,1039,650,389
111000927,1827,5101,-3274
111000928,2657,950,1707
111000929,1824,422,1402
111000930,1173,732,441
111000931,2089,721,1368
111000932,1443,620,823
111000933,2774,2951,-177
111000934,716,841,-125
111000935,3556,938,2618
111000936,809,594,215
111000937,1557,1167,390
111000938,528,401,127
111000939,1289,3,1286
111000940,1828,16,1812
111000941,596,85,511
111000943,958,53,905
111000944,144,96,48
111000945,357,270,87
111001109,674,1178,-504
111001110,128,154,-26
111001111,273,1,272
111001112,82,3,79
111001113,0,277,-277
111001114,524,70,454
111001115,10,609,-599
111001116,1426,8801,-7375
111001117,259,3451,-3192
111001120,52,82,-30
111001121,95,42,53
111001122,418,74,344
111001123,534,36,498
111001124,159,33,126
111001125,2,480,-478
111900001,80,10,70
111900002,206,87,119
111900003,7,80,-73
111900004,7,28,-21
111900006,109,146,-37
111900007,513,0,513
111900008,699,0,699
111900009,626,8,618
111900010,50,109,-59
111900012,29,12,17
111900013,20,2,18
111900014,834,8894,-8060
111900015,0,5,-5
111900016,0,34,-34
111900017,1,12,-11
111900018,203,0,203
111900019,0,44,-44
111900020,0,8,-8
111900021,1,12,-11
111900022,2,20,-18
111900023,35,16,19
111900024,127,92,35
111900025,0,4,-4
111900026,0,18,-18
111900027,1,30,-29
111900028,0,21,-21
111900029,0,15,-15
111900030,11,91,-80
111900031,33,13,20
111900032,0,59,-59
111900033,0,15,-15
111900034,13,95,-82
111900035,85,34,51
111900036,0,61,-61
111900038,9,118,-109
111900039,8,22,-14
111900040,0,92,-92
111900042,0,11,-11
111900043,1,84,-83
111900044,13,54,-41
111900046,10,45,-35
111900048,718,96,622
111900049,1,44,-43
111900050,407,6,401
111900051,0,47,-47
111900052,81,49,32
111900053,305,3377,-3072
111900054,537,1,536
111900055,0,61,-61
111900056,130,294,-164
111900057,266,5,261
111900058,1395,248,1147
111900059,544,894,-350
111900060,317,0,317
111900061,0,24,-24
111900062,90,21,69
111900063,475,53,422
111900064,7,44,-37
111900065,297,4,293
111900066,140,79,61
111900067,0,64,-64
111900068,28,109,-81
111900069,61,13,48
111900070,325,18,307
111900071,0,52,-52
111900072,45,62,-17
111900073,1858,224,1634
111900074,1,43,-42
111900075,70,3,67
111900076,634,81,553
111900077,53,1,52
111900078,699,116,583
111900079,12,69,-57
111900080,120,58,62
111900082,270,57,213
111900083,517,77,440
111900084,225,1,224
111900085,12,30,-18
111900086,191,23,168
111900087,162,2,160
111900088,1444,28,1416
111900089,141,2,139
111900090,47,125,-78
111900091,1345,12,1333
111900092,297,0,297
111900093,831,19,812
111900094,193,3,190
111900095,732,28,704
111900096,395,9,386
111900097,145,0,145
111900098,839,17,822
111900099,81,0,81
111900100,257,7,250
111900101,447,7,440
111900102,1267,90,1177
111900103,22,62,-40
111900104,84,10,74
111900105,100,209,-109
111900106,178,15,163
111900110,614,91,523
111900111,423,18,405
111900112,102,7018,-6916
111900113,157,76,81
111900118,795,71,724
111900119,193,90,103
111900122,12,27,-15
111900123,12,14,-2
111900124,18,5,13
111900125,961,89,872
111900126,1017,5,1012
111900127,1,64,-63
111900128,0,107,-107
111900129,469,21,448
111900130,178,57,121
111900131,929,3,926
111900132,5,219,-214
111900133,4,47,-43
111900134,0,49,-49
111900135,2,15,-13
111900136,12,77,-65
111900137,23,8,15
111900138,3,28,-25
111900139,3,14,-11
111900140,130,20,110
111900141,102,1,101
111900142,73,1,72
111900143,248,44,204
111900144,0,33,-33
111900145,0,94,-94
111900146,0,72,-72
111900147,15,112,-97
111900148,8,166,-158
111900149,0,64,-64
111900150,6,39,-33
111900151,2,9,-7
111900152,46,38,8
111900153,185,459,-274
111900154,23,1085,-1062
111900155,63,235,-172
111900156,63,28,35
111900157,190,17,173
111900158,565,76,489
111900159,792,73,719
111900160,458,3,455
111900161,613,6,607
111900162,92,659,-567
111900163,1,32,-31
111900164,176,33,143
111901113,1489,24,1465
111901114,544,35,509
111901115,435,9,426
111901116,130,1,129
111901117,15,119,-104
111901118,23,929,-906
111901119,144,4,140
111901121,12,52,-40
111901122,5,52,-47
111901123,709,42,667
111901124,557,13,544
111901125,1755,154,1601
111901127,123,2335,-2212
111901128,2,12,-10
111901129,1,31,-30
111901130,2,36,-34
111901131,1,108,-107
111901132,70,18,52
111901133,154,0,154
111901134,442,0,442
111901135,64,4,60
111901136,90,8,82
111901137,1,16,-15
111901138,4,6,-2
111901139,4,22,-18
111901140,2,17,-15
111901141,3,54,-51
111901142,1,34,-33
111901143,0,11,-11
111901144,18,38,-20
111901145,26,330,-304
111901146,20,3,17
111901147,64,495,-431
111901148,0,94,-94
112000001,2919,566,2353
112000002,876,1748,-872
112000003,5402,653,4749
112000004,1290,153,1137
112000005,4503,4117,386
112000006,546,345,201
112000007,5103,2987,2116
112000008,3877,3949,-72
112000009,2427,755,1672
112000010,3882,5020,-1138
112000011,1274,657,617
112000012,3350,4367,-1017
112000013,1024,1358,-334
112000014,514,3060,-2546
112000015,1002,2705,-1703
112000016,1517,2640,-1123
112000017,270,3294,-3024
112000024,287,140,147
112000026,1319,690,629
112000027,664,415,249
112000028,411,577,-166
112000029,670,627,43
112000030,156,18,138
112000031,851,3196,-2345
112000032,112,2,110
112000033,1194,3867,-2673
112000034,83,15,68
112000035,5,613,-608
112000036,88,1117,-1029
112000037,405,286,119
112000038,650,738,-88
112000039,146,23,123
112000040,26,110,-84
112000041,117,157,-40
112000042,452,87,365
112000050,959,508,451
112000051,1075,2258,-1183
112000054,933,1024,-91
112000057,622,81,541
112000058,105,139,-34
112000059,488,380,108
112000061,1572,332,1240
112000062,324,830,-506
112000063,183,3085,-2902
112000064,1340,1216,124
112000065,546,648,-102
112000066,2387,895,1492
112000067,233,216,17
112000068,2922,1684,1238
112000069,278,781,-503
112000070,1009,455,554
112000071,888,1069,-181
112000072,3657,484,3173
112000073,918,1907,-989
112000074,1087,913,174
112000075,1420,1307,113
112000076,2355,1401,954
112000077,1170,297,873
112000078,2438,427,2011
112000079,2220,795,1425
112000080,1099,385,714
112000081,635,721,-86
112000082,1189,193,996
112000083,945,453,492
112000084,1333,247,1086
112000085,1614,208,1406
112000086,2472,412,2060
112000087,1013,101,912
112000088,1140,102,1038
112000089,286,151,135
112000090,137,85,52
112000091,486,228,258
112000092,2935,440,2495
112000093,1225,251,974
112000094,675,290,385
112000095,856,183,673
112000096,999,228,771
112000097,3458,278,3180
112000098,198,328,-130
112000099,958,2304,-1346
112000100,3234,333,2901
112000101,496,141,355
112000102,2592,263,2329
112000103,395,228,167
112000105,496,378,118
112000106,4416,214,4202
112000107,291,72,219
112000108,1693,366,1327
112000109,770,90,680
112000110,3152,443,2709
112000111,412,809,-397
112000112,2036,149,1887
112000113,637,323,314
112000114,3002,450,2552
112000115,282,109,173
112000116,732,235,497
112000117,1211,376,835
112000118,368,349,19
112000119,203,195,8
112000120,34,89,-55
112000121,408,123,285
112000122,900,45,855
112000123,1171,34,1137
112000124,744,41,703
112000125,356,198,158
112000126,1383,157,1226
112000127,1640,1618,22
112000128,449,353,96
112000129,77,25,52
112000130,588,68,520
112000131,22,89,-67
112000132,341,62,279
112000133,742,50,692
112000134,496,126,370
112000135,1479,258,1221
112000136,748,348,400
112000137,1809,482,1327
112000138,1127,230,897
112000139,445,436,9
112000140,52,232,-180
112000141,1219,180,1039
112000142,103,177,-74
112000143,1857,91,1766
112000144,219,369,-150
112000145,3466,233,3233
112000146,487,473,14
112000147,3312,1115,2197
112000148,494,493,1
112000149,476,253,223
112000150,845,174,671
112000151,246,74,172
112000152,967,133,834
112000153,77,76,1
112000154,224,584,-360
112000155,59,53,6
112000157,225,683,-458
112000158,284,74,210
112000159,1855,131,1724
112000167,417,309,108
112000169,157,1155,-998
112000173,1839,92,1747
112000175,730,133,597
112000176,429,885,-456
112000177,1439,429,1010
112000178,12,76,-64
112000179,435,48,387
112000180,507,91,416
112000181,593,295,298
112000182,2650,147,2503
112000183,21,5,16
112000184,561,159,402
112000185,1532,111,1421
112000187,3504,1817,1687
112000195,288,6,282
112000196,125,0,125
112000197,34,49,-15
112000198,27,95,-68
112000199,322,286,36
112000202,1261,3,1258
112000216,40,112,-72
112000230,266,3,263
112000231,14,43,-29
112000256,77,305,-228
112000313,53,9,44
112000314,62,54,8
112000337,139,357,-218
112000352,76,156,-80
112000392,1561,429,1132
112000398,2717,421,2296
112000399,843,5113,-4270
112000400,554,629,-75
112000401,690,699,-9
112000402,3926,3687,239
112000403,901,7158,-6257
112000404,1810,973,837
112000405,3659,1909,1750
112000406,1447,657,790
112000407,9354,6255,3099
112000408,2542,898,1644
112000409,718,863,-145
112000410,152,202,-50
112000411,856,1538,-682
112000412,191,106,85
112000413,1816,7091,-5275
112000414,271,50,221
112000415,154,10,144
112000416,4580,557,4023
112000417,283,58,225
112000421,156,30,126
112000422,277,98,179
112000424,819,3722,-2903
112000425,325,199,126
112000426,484,313,171
112000427,0,21,-21
112000428,532,100,432
112000429,1635,1226,409
112000430,2055,2691,-636
112000431,205,111,94
112000432,430,342,88
112000433,178,201,-23
112000437,87,32,55
112900001,30,1,29
112900002,1067,117,950
112900003,73,44,29
112900004,77,87,-10
112900005,496,9,487
112900006,5,43,-38
112900007,49,21,28
112900008,0,18,-18
112900009,441,214,227
112900010,582,156,426
112900011,30,79,-49
112900012,0,8,-8
112900013,2,49,-47
112900014,9,25,-16
112900015,38,169,-131
112900016,1,15,-14
112900017,19,71,-52
112900018,1,56,-55
112900019,4,34,-30
112900020,104,240,-136
112900021,0,27,-27
112900022,4,32,-28
112900023,0,24,-24
112900024,3,50,-47
112900025,22,36,-14
112900026,0,25,-25
112900027,0,112,-112
112900028,4,46,-42
112900029,8,99,-91
112900030,21,13,8
112900031,0,84,-84
112900032,173,71,102
112900034,0,20,-20
112900035,0,56,-56
112900036,5,40,-35
112900037,172,152,20
112900038,970,36,934
112900039,4,116,-112
112900040,1,139,-138
112900041,301,702,-401
112900042,26,50,-24
112900043,31,22,9
112900044,83,77,6
112900045,46,66,-20
112900046,34,38,-4
112900047,0,7,-7
112900049,616,32,584
112900050,2,174,-172
112900051,47,90,-43
112900052,7,253,-246
112900053,53,62,-9
112900054,71,35,36
112900055,36,8,28
112900056,188,110,78
112900057,69,110,-41
112900058,213,418,-205
112900059,102,155,-53
112900060,27,25,2
112900061,11,40,-29
112900062,51,11,40
112900063,4,36,-32
112900064,1,28,-27
112900065,30,28,2
112900066,180,187,-7
112900067,191,8,183
112900068,61,137,-76
112900069,629,1149,-520
112900071,22,39,-17
112900072,16,5818,-5802
112900073,541,286,255
112900074,167,443,-276
112900075,327,2003,-1676
112900076,13,23,-10
112900078,137,674,-537
112900079,206,0,206
112900080,225,6,219
112900081,40,517,-477
112900082,666,26,640
112900083,213,149,64
112900084,493,453,40
112900086,246,0,246
112900087,2217,152,2065
112900088,463,21,442
112900089,1034,6,1028
112900090,129,70,59
112900091,407,4,403
112900092,41,791,-750
112900093,1198,13,1185
112900095,245,0,245
112900096,732,140,592
112900097,73,62,11
112900098,69,0,69
112900099,1803,4,1799
112900100,143,3,140
112900101,426,4,422
112900102,100,27,73
112900103,348,2,346
112900104,286,0,286
112900105,97,1,96
112900106,561,55,506
112900107,21,1,20
112900108,1,1,0
112900109,280,0,280
112900110,2013,6,2007
112900111,1008,2,1006
112900112,390,3,387
112900113,0,6,-6
112900114,512,0,512
112900115,2634,4,2630
112900116,99,14,85
112900117,18,9,9
112900118,0,17,-17
112900119,315,5,310
112900120,168,129,39
112900121,6,29,-23
112900122,0,35,-35
112900123,167,26,141
112900124,2,8,-6
112900125,7,134,-127
112900126,19,38,-19
112900127,586,27,559
112900128,59,106,-47
112900129,0,266,-266
112900130,177,21,156
112900131,0,93,-93
112900132,41,193,-152
112900133,9,306,-297
112900134,0,130,-130
112900135,88,26,62
112900137,1,207,-206
112900138,0,44,-44
112900139,16,281,-265
112900141,793,2,791
112900142,21,219,-198
112900143,1,196,-195
112900144,0,362,-362
112900145,0,136,-136
112900146,1,104,-103
112900147,1,277,-276
112900148,19,1,18
112900149,180,160,20
112900151,0,12,-12
112900152,1353,105,1248
112900153,109,4298,-4189
112900154,0,41,-41
112900155,84,4,80
112900156,789,208,581
112900157,867,18,849
112900158,58,0,58
112900159,130,432,-302
112900160,20,74,-54
112900161,145,2,143
112900162,5,19,-14
112900163,2,35,-33
112900164,22,152,-130
112900165,18,12,6
112900166,9,55,-46
112900167,2,18,-16
112900168,1,0,1
112900169,1,4,-3
112900170,147,18,129
112900172,16,37,-21
112900173,57,43,14
112900174,193,27,166
112900175,100,152,-52
112900176,17,76,-59
112900177,322,51,271
112900178,271,3615,-3344
112900179,2,171,-169
112900180,2089,490,1599
112900181,1248,2,1246
112900182,76,160,-84
112900183,14,98,-84
112900184,141,152,-11
112900185,19,148,-129
112900186,479,449,30
112900187,17,188,-171
112900188,435,1395,-960
112900189,2,0,2
112900190,0,0,0
112900192,350,255,95
112900193,596,94,502
112900194,105,0,105
112900195,557,12,545
112900196,314,134,180
112900197,16,199,-183
112900199,901,108,793
112900200,456,37,419
112900201,205,148,57
112900202,600,248,352
112900203,353,64,289
112900204,145,113,32
112900205,11,1,10
112900206,48,10,38
112900207,8,0,8
112900208,44,622,-578
112900209,47,53,-6
112900210,0,27,-27
112900211,59,0,59
112900212,1,16,-15
112900213,62,7,55
112900214,1,3,-2
112900215,3,7,-4
112900216,13,7,6
112900217,0,41,-41
112900218,112,1,111
112900219,219,1,218
112900220,1,0,1
112900221,28,29,-1
112900222,0,14,-14
112900223,896,13,883
112900224,1327,72,1255
112900225,880,51,829
112900226,50,134,-84
112900227,1314,135,1179
112900228,68,8,60
112900229,668,13,655
112900230,4837,1780,3057
112900232,195,289,-94
112900233,41,26,15
112900234,140,0,140
112900235,2,1,1
112900236,1078,6,1072
112900237,821,104,717
112900238,5,0,5
112900239,263,413,-150
112900240,2,15,-13
112900241,2,18,-16
112900242,2,13,-11
112900243,2,12,-10
112900244,1,8,-7
112900245,0,0,0
112900246,2,2,0
112900247,18,0,18
112900248,0,0,0
112900249,16,0,16
112900250,76,1,75
112900251,236,2,234
112900252,122,2,120
112900253,136,0,136
112900254,28,1,27
112900255,8,14,-6
112900256,2,8,-6
112900257,1,44,-43
113000001,4673,3346,1327
113000002,5980,2410,3570
113000003,1633,1117,516
113000004,2518,892,1626
113000005,1925,1057,868
113000006,1954,855,1099
113000007,2622,838,1784
113000008,2334,989,1345
113000009,1291,382,909
113000010,1842,568,1274
113000011,841,528,313
113000012,1301,717,584
113000013,401,344,57
113000014,743,999,-256
113000015,27,145,-118
113000016,293,429,-136
113000017,49,305,-256
113000018,505,33,472
113000019,82,84,-2
113000020,147,13,134
113000021,2244,580,1664
113000022,986,2042,-1056
113000025,79,162,-83
113000026,643,569,74
113000027,584,758,-174
113000028,398,838,-440
113000029,487,424,63
113000030,88,363,-275
113000031,143,216,-73
113000032,146,71,75
113000033,123,130,-7
113000034,90,38,52
113000035,17,6,11
113000036,7,26,-19
113000037,24,32,-8
113000038,4,48,-44
113000039,27,145,-118
113000040,66,16,50
113000042,662,405,257
113000051,1619,2288,-669
113000052,1943,201,1742
113000053,731,219,512
113000054,696,661,35
113000055,2235,234,2001
113000056,2196,481,1715
113000058,317,618,-301
113000059,935,212,723
113000060,244,506,-262
113000061,471,578,-107
113000062,251,187,64
113000063,482,24,458
113000064,129,149,-20
113000065,124,225,-101
113000066,1212,68,1144
113000067,3564,210,3354
113000068,384,248,136
113000069,589,183,406
113000070,3062,263,2799
113000071,568,246,322
113000072,1615,237,1378
113000073,389,573,-184
113000074,772,423,349
113000075,1719,510,1209
113000076,298,1444,-1146
113000077,455,401,54
113000078,170,1005,-835
113000079,301,427,-126
113000080,458,365,93
113000081,667,463,204
113000082,631,187,444
113000083,583,740,-157
113000084,1031,485,546
113000085,1069,567,502
113000086,608,646,-38
113000087,1073,890,183
113000088,842,776,66
113000089,571,1141,-570
113000090,27,657,-630
113000091,110,187,-77
113000094,1723,153,1570
113000095,187,237,-50
113000096,98,303,-205
113000097,1102,217,885
113000098,41,8,33
113000099,981,218,763
113000100,77,175,-98
113000101,81,255,-174
113000102,616,323,293
113000103,2811,260,2551
113000104,492,2203,-1711
113000105,1052,276,776
113000106,518,161,357
113000107,1545,574,971
113000108,1150,427,723
113000109,263,856,-593
113000110,5636,532,5104
113000111,265,366,-101
113000112,1308,151,1157
113000113,1838,155,1683
113000114,74,488,-414
113000116,155,128,27
113000117,268,64,204
113000118,40,662,-622
113000119,375,155,220
113000120,69,354,-285
113000121,255,292,-37
113000124,226,78,148
113000125,9,1227,-1218
113000127,776,66,710
113000128,1259,135,1124
113000129,135,732,-597
113000133,1312,211,1101
113000134,4,1860,-1856
113000135,4109,3523,586
113000137,585,2588,-2003
113000139,174,41,133
113000140,68,43,25
113000141,52,33,19
113000142,106,104,2
113000143,240,88,152
113000144,113,179,-66
113000145,135,56,79
113000146,57,23,34
113000147,207,20,187
113000148,319,20,299
113000149,176,131,45
113000150,309,130,179
113000151,14,21,-7
113000152,75,257,-182
113000153,591,161,430
113000154,243,1683,-1440
113000155,307,757,-450
113000156,104,121,-17
113000157,124,127,-3
113000158,499,39,460
113000159,923,97,826
113000160,275,129,146
113000161,210,41,169
113000162,817,61,756
113000163,32,8,24
113000164,19,19,0
113000166,458,17,441
113000167,50,27,23
113000168,78,17,61
113000169,310,15,295
113000170,106,35,71
113000171,13,27,-14
113000172,404,9,395
113000173,109,13,96
113000174,111,70,41
113000175,655,18,637
113000176,855,52,803
113000177,182,41,141
113000178,103,113,-10
113000179,315,13,302
113000180,944,1447,-503
113000181,1923,732,1191
113000182,85,491,-406
113000183,145,628,-483
113000184,11,29,-18
113000189,145,197,-52
113000190,162,45,117
113000192,412,2563,-2151
113000193,1004,2500,-1496
113000194,912,2076,-1164
113000195,1031,1556,-525
113000196,650,99,551
113000197,1200,2801,-1601
113000198,87,257,-170
113000199,1888,116,1772
113000201,926,398,528
113000202,7656,1900,5756
113000203,73,983,-910
113000204,438,2585,-2147
113000205,10,28,-18
113000206,19,12,7
113000207,93,20,73
113000208,14,28,-14
113000209,8,7,1
113000210,18,33,-15
113000211,37,95,-58
113000212,4,7,-3
113000213,14,72,-58
113000214,218,199,19
113000234,106,204,-98
113000410,5,129,-124
113000411,636,788,-152
113000412,4148,772,3376
113000413,651,1151,-500
113000414,2728,11282,-8554
113000415,1482,798,684
113000416,1223,1270,-47
113000417,363,815,-452
113000418,3531,2184,1347
113000419,966,934,32
113000420,1945,4209,-2264
113000421,3130,5026,-1896
113000422,4728,7001,-2273
113000423,726,2505,-1779
113000424,836,7771,-6935
113000425,19,151,-132
113000428,24,1,23
113000430,2,40,-38
113000432,3176,143,3033
113000433,33,429,-396
113000434,4,86,-82
113000435,16,83,-67
113000436,12,387,-375
113000437,1874,36,1838
113000438,733,14,719
113000439,20,10,10
113000440,179,14,165
113000441,361,152,209
113000442,295,23,272
113000443,465,58,407
113000444,851,20,831
113000445,66,80,-14
113000446,53,133,-80
113000448,354,441,-87
113000449,143,1280,-1137
113000450,612,3972,-3360
113000451,2845,769,2076
113000452,36,691,-655
113000453,33,503,-470
113000454,135,153,-18
113000455,10,693,-683
113000456,569,947,-378
113000468,472,67,405
113000469,80,122,-42
113000470,203,27,176
113000471,5,411,-406
113000472,38,111,-73
113000474,1595,653,942
113000475,1193,424,769
113000476,3435,1620,1815
113000477,4184,1127,3057
113000478,1957,1501,456
113000479,89,90,-1
113000483,0,0,0
113000484,0,0,0
113000485,0,0,0
113000486,0,0,0
113000487,0,0,0
113000488,0,0,0
113000489,0,0,0
113000490,0,0,0
113000491,0,0,0
113000492,0,0,0
113000493,0,0,0
113000495,359,71,288
113000496,124,84,40
113000499,0,0,0
113900001,5,1787,-1782
113900002,0,100,-100
113900003,0,220,-220
113900004,0,253,-253
113900005,5,670,-665
113900006,1,39,-38
113900007,18,207,-189
113900008,22,0,22
113900009,74,0,74
113900010,47,0,47
113900011,485,1,484
113900012,122,1,121
113900013,89,5,84
113900014,678,3,675
113900015,0,11,-11
113900016,19,0,19
113900017,0,10,-10
113900018,28,147,-119
113900019,336,1,335
113900020,366,0,366
113900022,119,2,117
113900023,44,0,44
113900024,7,0,7
113900025,121,1,120
113900026,84,0,84
113900027,3,9,-6
113900028,5,145,-140
113900029,117,8,109
113900030,856,1,855
113900031,35,6,29
113900032,30,0,30
113900033,69,13,56
113900035,71,2,69
113900036,19,11,8
113900037,115,350,-235
113900038,13,177,-164
113900039,381,1,380
113900040,8,24,-16
113900041,2,0,2
113900042,105,7,98
113900043,92,8,84
113900044,24,143,-119
113900045,87,14,73
113900046,56,341,-285
113900047,293,20,273
113900048,68,40,28
113900049,78,450,-372
113900050,112,92,20
113900051,254,51,203
113900052,26,21,5
113900053,117,899,-782
113900054,9,23,-14
113900055,88,136,-48
113900056,52,12,40
113900057,9,13,-4
113900058,59,5,54
113900059,235,53,182
113900060,47,45,2
113900061,257,23,234
113900062,99,29,70
113900063,99,19,80
113900064,9,24,-15
113900065,665,0,665
113900066,896,54,842
113900067,438,14,424
113900068,249,1066,-817
113900069,49,17,32
113900070,65,82,-17
113900071,198,6,192
113900072,4,4,0
113900073,737,119,618
113900074,400,63,337
113900075,328,2034,-1706
113900076,73,1,72
113900077,9,27,-18
113900078,58,2,56
113900079,2,7,-5
113900080,373,64,309
113900081,156,39,117
113900082,201,158,43
113900083,769,56,713
113900084,138,25,113
113900085,6,67,-61
113900086,104,23,81
113900087,77,70,7
113900088,69,99,-30
113900089,500,6,494
113900090,249,73,176
113900091,4,4,0
113900092,3,60,-57
113900093,19,1584,-1565
113900094,866,172,694
113900095,111,48,63
113900096,183,112,71
113900097,13,53,-40
113900098,876,323,553
113900099,0,6,-6
113900100,0,1,-1
113900101,7,58,-51
113900102,25,56,-31
113900103,76,475,-399
113900104,89,94,-5
113900105,392,10,382
113900106,0,13,-13
113900107,0,0,0
113900108,57,148,-91
113900109,39,225,-186
113900110,14,2,12
113900111,272,32,240
113900112,235,21,214
113900113,1013,98,915
113900114,0,16,-16
113900115,0,5,-5
113900116,8,157,-149
113900117,7,8,-1
113900118,48,966,-918
113900119,27,128,-101
113900120,87,5,82
113900121,160,36,124
113900122,96,4528,-4432
113900123,402,31,371
113900124,0,36,-36
113900125,409,67,342
113900126,33,4,29
113900127,210,566,-356
113900128,295,19,276
113900129,1,70,-69
113900130,0,1,-1
113900131,261,2,259
113900132,21,44,-23
113900133,5,17,-12
113900135,278,126,152
113900136,33,2,31
113900137,267,105,162
113900138,3,140,-137
113900139,158,460,-302
113900140,33,59,-26
113900141,895,114,781
113900142,84,15,69
113900143,5,67,-62
113900144,14,29,-15
113900145,339,42,297
113900146,257,8,249
113900148,17,103,-86
113900149,104,203,-99
113900150,245,83,162
113900151,486,79,407
113900152,70,5,65
113900153,39,93,-54
113900154,1,60,-59
113900155,13,115,-102
113900156,155,129,26
113900157,45,281,-236
113900158,89,74,15
113900159,6,71,-65
113900160,223,149,74
113900161,219,193,26
113900162,39,103,-64
113900163,278,37,241
113900164,340,49,291
113900165,332,133,199
113900166,17,27,-10
113900167,434,7,427
113900168,27,10,17
113900169,90,127,-37
113900171,232,22,210
113900172,3,37,-34
113900173,17,178,-161
113900174,223,221,2
113900175,162,89,73
113900176,182,119,63
113900177,104,73,31
113900178,141,61,80
113900179,0,113,-113
113900180,52,18,34
113900181,1075,89,986
113900182,464,153,311
113900183,40,9,31
113900184,12,136,-124
113900185,18,12,6
113900186,1,7,-6
113900187,12,45,-33
113900188,40,29,11
113900189,267,114,153
113900190,75,14,61
113900191,8,25,-17
113900192,0,573,-573
113900193,3,46,-43
113900194,395,132,263
113900195,70,150,-80
113900196,0,14,-14
113900197,0,22,-22
113900198,1,267,-266
113900199,20,114,-94
113900200,0,17,-17
113900201,0,46,-46
113900202,13,20,-7
113900203,0,25,-25
113900204,4,81,-77
113900205,0,8,-8
113900206,0,43,-43
113900207,0,24,-24
113900208,0,42,-42
113900209,0,5,-5
113900210,365,677,-312
113900211,162,12,150
113900212,391,86,305
113900214,55,103,-48
113900215,145,40,105
113900216,195,119,76
113900217,149,83,66
113900218,88,49,39
113900219,32,210,-178
113900220,161,202,-41
113900221,65,594,-529
113900222,15,571,-556
113900223,320,75,245
113900224,34,14,20
113900225,130,49,81
113900226,124,58,66
113900227,100,118,-18
113900228,38,308,-270
113900229,20,812,-792
113900230,603,2577,-1974
113900231,69,18,51
113900232,60,8,52
113900233,190,9,181
113900234,330,441,-111
113900235,93,10,83
113900236,426,76,350
113900237,148,4,144
113900238,54,220,-166
113900239,46,58,-12
113900240,1,107,-106
113900241,24,37,-13
113900242,22,95,-73
113900243,8,65,-57
113900244,98,96,2
113900245,126,87,39
113900246,2,25,-23
113900247,36,448,-412
113900248,1088,1751,-663
113900249,110,470,-360
113900250,11,454,-443
113900251,1234,42,1192
113900252,856,6,850
113900253,658,21,637
113900254,423,87,336
113900255,1213,6,1207
113900256,628,11,617
113900257,13,176,-163
113900258,19,145,-126
113900259,647,48,599
113900260,240,2,238
113900261,42,21,21
113900262,234,97,137
113900263,1,69,-68
113900264,0,68,-68
113900265,74,70,4
113900266,17,82,-65
113900267,22,270,-248
113900268,43,195,-152
113900269,45,174,-129
113900270,121,166,-45
113900271,288,138,150
113900273,5,1,4
113900274,41,29,12
113900275,2,86,-84
113900276,3,43,-40
113900277,263,1,262
113900278,26,38,-12
113900279,41,11,30
113900280,394,242,152
113900281,44,642,-598
113900282,63,141,-78
113900283,396,320,76
113900284,1275,112,1163
113900285,50,9,41
113900286,4,10,-6
113900287,163,12,151
113900288,0,62,-62
113900289,159,144,15
113900290,190,618,-428
113900291,28,28,0
113900292,2,4,-2
113900293,0,84,-84
113900294,989,14,975
113900295,223,119,104
113900296,687,144,543
113900297,1855,19,1836
113900298,39,633,-594
113900299,116,4,112
113900300,1917,4065,-2148
113900301,130,796,-666
113900302,1033,809,224
113900303,31,1414,-1383
113900304,0,104,-104
113900305,303,0,303
113900306,116,0,116
113900307,15,0,15
113900308,5,12,-7
113900309,0,117,-117
113900310,2,3,-1
113900311,38,1,37
113900312,31,71,-40
113900313,0,0,0
114000001,759,575,184
114000002,494,111,383
114000003,195,70,125
114000004,907,120,787
114000005,911,102,809
114000006,1158,453,705
114000007,948,407,541
114000008,2105,1065,1040
114000009,1653,217,1436
114000011,2858,996,1862
114000012,4566,537,4029
114000013,2979,323,2656
114000014,708,38,670
114000015,2564,86,2478
114000016,551,47,504
114000017,140,1449,-1309
114000018,27,14,13
114000026,4382,396,3986
114000027,6052,1860,4192
114000028,1500,3222,-1722
114000038,525,64,461
114000039,26,3,23
114000040,267,550,-283
114000042,165,101,64
114000043,19,54,-35
114000044,564,6,558
114000045,1,10,-9
114000046,1328,2169,-841
114000047,6,114,-108
114000048,154,5,149
114000049,2419,943,1476
114000050,2097,779,1318
114000051,3323,1280,2043
114000052,3091,1925,1166
114000053,19,471,-452
114000054,230,478,-248
114000055,519,9,510
114000056,74,574,-500
114000057,2117,1046,1071
114000058,55,909,-854
114000059,11,1502,-1491
114000060,440,656,-216
114000061,1243,2134,-891
114000062,219,677,-458
114000063,594,725,-131
114000064,784,4346,-3562
114000065,563,1037,-474
114000066,761,588,173
114000067,54,1732,-1678
114000068,235,825,-590
114000069,1097,188,909
114000070,1762,694,1068
114000071,1011,224,787
114000072,1827,111,1716
114000073,47,18,29
114000074,126,1,125
114000075,93,14,79
114000076,64,15,49
114000077,0,12,-12
114000078,712,119,593
114000079,563,6,557
114000080,30,87,-57
114000081,108,58,50
114000082,34,84,-50
114000083,70,7,63
114000084,309,84,225
114000085,39,100,-61
114000086,227,66,161
114000087,368,23,345
114000088,62,39,23
114000089,239,132,107
114000090,549,705,-156
114000091,894,640,254
114000092,672,266,406
114000093,1614,256,1358
114000094,661,360,301
114000095,243,250,-7
114000096,80,104,-24
114000097,51,95,-44
114000098,906,77,829
114000099,1511,98,1413
114000100,2276,215,2061
114000101,425,116,309
114000102,1423,172,1251
114000103,146,102,44
114000104,18,53,-35
114000105,464,152,312
114000106,566,3200,-2634
114000107,594,165,429
114000108,442,250,192
114000109,809,3268,-2459
114000110,354,301,53
114000111,3357,1636,1721
114000112,378,480,-102
114000113,1570,251,1319
114000114,165,433,-268
114000115,2269,429,1840
114000116,979,5765,-4786
114000117,5874,497,5377
114000118,5444,190,5254
114000119,4560,294,4266
114000120,718,508,210
114000121,327,237,90
114000122,419,250,169
114000123,3487,168,3319
114000124,2619,232,2387
114000125,1119,780,339
114000126,2633,266,2367
114000127,173,86,87
114000128,1030,101,929
114000130,556,275,281
114000131,607,53,554
114000132,826,106,720
114000133,434,413,21
114000134,84,16,68
114000138,4,22,-18
114000139,563,339,224
114000144,752,343,409
114000145,22,9,13
114000146,66,15,51
114000147,818,2533,-1715
114000148,473,1756,-1283
114000149,255,168,87
114000150,236,330,-94
114000151,227,2641,-2414
114000152,38,38,0
114000153,363,1248,-885
114000154,604,213,391
114000155,675,4183,-3508
114000156,528,467,61
114000157,437,1550,-1113
114000158,359,272,87
114000159,180,190,-10
114000160,19,135,-116
114000161,716,1091,-375
114000162,1178,1728,-550
114000163,15,9,6
114000165,363,232,131
114000166,249,170,79
114000167,1505,873,632
114000168,457,106,351
114000169,880,681,199
114000170,962,463,499
114000171,1472,15567,-14095
114000174,52,292,-240
114000176,74,206,-132
114000177,410,201,209
114000178,186,29,157
114000179,665,744,-79
114000180,173,119,54
114000181,1027,7531,-6504
114000182,469,1714,-1245
114000183,531,260,271
114000184,1340,257,1083
114000185,1316,643,673
114000189,2540,77,2463
114000190,4618,428,4190
114000191,288,908,-620
114000192,65,294,-229
114000193,117,414,-297
114000194,1613,581,1032
114000195,631,675,-44
114000196,1,62,-61
114000197,3149,45,3104
114000198,545,170,375
114000199,762,954,-192
114000200,405,618,-213
114000201,267,328,-61
114000202,912,382,530
114000203,725,431,294
114000204,273,184,89
114000205,351,570,-219
114000206,916,574,342
114000207,290,289,1
114000208,369,485,-116
114000209,171,674,-503
114000210,117,390,-273
114000211,2002,716,1286
114000212,1177,864,313
114000213,2767,309,2458
114000214,288,12,276
114000215,110,82,28
114000216,2823,374,2449
114000217,628,153,475
114000218,710,85,625
114000219,2286,78,2208
114000220,56,238,-182
114000221,1422,86,1336
114000222,167,258,-91
114000223,1179,119,1060
114000224,33,298,-265
114000225,590,165,425
114000226,288,116,172
114000227,1047,354,693
114000228,1229,306,923
114000229,2346,660,1686
114000230,1889,460,1429
114000231,931,720,211
114000232,1444,148,1296
114000233,3296,71,3225
114000234,1384,448,936
114000235,2087,796,1291
114000236,0,143,-143
114000237,90,316,-226
114000238,148,371,-223
114000239,169,357,-188
114000240,931,755,176
114000241,389,380,9
114000242,902,389,513
114000243,2988,944,2044
114000244,556,176,380
114000245,511,834,-323
114000246,202,44,158
114000247,757,283,474
114000248,2707,470,2237
114000249,782,196,586
114000250,1031,178,853
114000251,419,114,305
114000252,59,13,46
114000253,3,35,-32
114000254,42,7,35
114000255,319,135,184
114000256,287,484,-197
114000257,500,610,-110
114000258,949,129,820
114000259,278,174,104
114000260,0,34,-34
114000261,91,11,80
114000262,433,45,388
114000263,14,0,14
114000264,2436,218,2218
114000265,0,0,0
114000267,3,2268,-2265
114000268,0,396,-396
114000270,491,24,467
114000271,197,25,172
114000283,2700,208,2492
114000285,39,64,-25
114000288,219,161,58
114000289,3076,90,2986
114000293,490,319,171
114000294,310,315,-5
114000395,2107,32,2075
114000396,559,256,303
114000402,1276,125,1151
114000403,496,103,393
114000405,526,130,396
114000423,857,71,786
114000424,632,111,521
114000425,1544,37,1507
114000426,290,876,-586
114000427,179,17,162
114000428,41,65,-24
114000429,33,77,-44
114000432,194,20,174
114000434,17,10,7
114000435,0,11,-11
114900001,918,138,780
114900002,320,13,307
114900003,952,148,804
114900004,201,434,-233
114900005,472,89,383
114900006,71,84,-13
114900007,179,3,176
114900008,494,115,379
114900010,707,2120,-1413
114900011,524,78,446
114900013,501,44,457
114900015,33,859,-826
114900018,1080,30,1050
114900020,129,38,91
114900022,2,613,-611
114900024,178,98,80
114900025,762,66,696
114900026,97,95,2
114900027,156,39,117
114900029,26,7,19
114900030,266,101,165
114900031,920,9,911
114900032,937,6,931
114900033,208,2491,-2283
114900034,17,24,-7
114900035,36,190,-154
114900036,147,118,29
114900037,137,35,102
114900038,306,172,134
114900039,1000,98,902
114900040,142,8,134
114900041,1829,73,1756
114900042,2136,68,2068
114900043,128,58,70
114900044,222,35,187
114900046,3,9,-6
114900047,92,5713,-5621
114900048,1,59,-58
114900049,18,34,-16
114900050,13,76,-63
114900051,28,51,-23
114900052,5,65,-60
114900053,44,102,-58
114900054,20,6,14
114900057,127,14,113
114900058,0,2,-2
114900059,173,40,133
114900060,105,484,-379
114900061,19,13,6
114900062,53,106,-53
114900063,169,12,157
114900064,2489,61,2428
114900065,264,873,-609
114900067,39,67,-28
114900068,14,35,-21
114900069,173,19,154
114900070,679,70,609
114900072,0,53,-53
114900073,0,17,-17
114900074,1550,80,1470
114900075,180,10,170
114900076,2,51,-49
114900080,318,51,267
114900082,905,1970,-1065
114900083,104,338,-234
114900090,978,81,897
114900091,24,88,-64
114900095,84,22,62
114900096,73,157,-84
114900097,170,2,168
114900098,2,56,-54
114900099,328,4,324
115000001,3271,1306,1965
115000002,4303,6930,-2627
115000003,2592,1025,1567
115000004,4927,5874,-947
115000005,1379,1591,-212
115000006,1553,889,664
115000007,472,175,297
115000008,329,314,15
115000009,438,229,209
115000010,231,258,-27
115000013,19,166,-147
115000015,43,279,-236
115000016,40,156,-116
115000019,21,543,-522
115000020,70,1084,-1014
115000021,77,287,-210
115000022,159,145,14
115000023,298,531,-233
115000024,161,130,31
115000025,834,453,381
115000026,105,121,-16
115000027,395,146,249
115000028,151,140,11
115000029,1124,35,1089
115000030,488,258,230
115000031,637,64,573
115000032,5,118,-113
115000033,180,15,165
115000034,50,1284,-1234
115000035,665,168,497
115000036,0,145,-145
115000037,801,88,713
115000038,84,91,-7
115000039,2320,4207,-1887
115000040,2605,2445,160
115000041,1603,4076,-2473
115000042,345,391,-46
115000043,3300,2068,1232
115000044,2448,2170,278
115000045,2573,472,2101
115000046,3886,1800,2086
115000047,3278,1101,2177
115000048,3473,1839,1634
115000049,1195,2406,-1211
115000050,2862,757,2105
115000051,1534,6046,-4512
115000052,1347,864,483
115000053,3123,3194,-71
115000054,646,481,165
115000055,149,690,-541
115000056,123,336,-213
115000057,470,933,-463
115000058,47,481,-434
115000059,60,328,-268
115000061,112,207,-95
115000062,254,349,-95
115000063,848,246,602
115000064,139,51,88
115000065,134,551,-417
115000067,262,18,244
115000069,109,227,-118
115000070,32,1081,-1049
115000071,102,20,82
115000072,6,25,-19
115000073,1513,64,1449
115000075,111,68,43
115000076,1610,854,756
115000077,2338,851,1487
115000078,2399,293,2106
115000079,2257,528,1729
115000080,5019,544,4475
115000081,129,263,-134
115000082,6117,4507,1610
115000083,2742,469,2273
115000084,4191,412,3779
115000085,1645,389,1256
115000086,1501,261,1240
115000087,374,1832,-1458
115000088,1131,306,825
115000089,1042,584,458
115000090,446,695,-249
115000091,325,216,109
115000092,1093,1249,-156
115000093,1338,0,1338
115000094,3375,9910,-6535
115000095,2443,8989,-6546
115000096,1238,470,768
115000097,2933,1973,960
115000098,2599,273,2326
115000099,2626,856,1770
115000100,2175,358,1817
115000101,845,492,353
115000102,728,107,621
115000103,275,315,-40
115000105,121,49,72
115000106,1089,498,591
115000107,151,181,-30
115000108,1390,981,409
115000109,2007,6169,-4162
115000110,732,2511,-1779
115000111,184,317,-133
115000112,360,191,169
115000113,338,294,44
115000114,417,168,249
115000116,1254,872,382
115000117,898,1639,-741
115000118,1333,764,569
115000119,1043,1127,-84
115000120,613,694,-81
115000121,236,284,-48
115000122,240,1142,-902
115000123,302,883,-581
115000124,711,994,-283
115000125,284,696,-412
115000126,106,325,-219
115000127,334,104,230
115000128,201,863,-662
115000129,68,1022,-954
115000130,301,217,84
115000131,837,231,606
115000132,632,152,480
115000133,1522,108,1414
115000134,462,118,344
115000135,175,105,70
115000136,222,155,67
115000137,80,81,-1
115000138,559,241,318
115000139,235,67,168
115000140,527,88,439
115000141,255,80,175
115000142,244,40,204
115000143,1213,437,776
115000144,591,47,544
115000145,240,64,176
115000146,541,243,298
115000147,321,159,162
115000148,228,448,-220
115000149,956,285,671
115000150,388,219,169
115000151,1919,190,1729
115000152,383,344,39
115000153,1962,188,1774
115000154,1365,135,1230
115000155,792,610,182
115000156,810,416,394
115000157,169,506,-337
115000158,96,183,-87
115000159,447,187,260
115000160,299,170,129
115000161,101,425,-324
115000162,409,1164,-755
115000163,410,307,103
115000164,311,314,-3
115000165,126,348,-222
115000167,86,43,43
115000168,498,331,167
115000169,193,642,-449
115000170,16,168,-152
115000171,273,332,-59
115000172,522,513,9
115000173,225,1319,-1094
115000174,50,470,-420
115000175,106,193,-87
115000176,35,111,-76
115000177,20,187,-167
115000178,12,152,-140
115000179,17,177,-160
115000180,93,145,-52
115000181,1259,163,1096
115000182,1588,178,1410
115000183,690,241,449
115000186,512,55,457
115000187,197,140,57
115000188,457,263,194
115000189,475,299,176
115000190,451,624,-173
115000191,154,788,-634
115000194,152,48,104
115000195,112,41,71
115000196,408,30,378
115000197,349,43,306
115000198,718,65,653
115000199,986,43,943
115000200,601,40,561
115000201,345,75,270
115000206,591,8,583
115000207,1014,129,885
115000208,234,230,4
115000209,756,555,201
115000210,232,142,90
115000211,171,166,5
115000212,772,210,562
115000224,273,13,260
115000225,141,48,93
115000229,103,34,69
115000230,94,223,-129
115000231,435,339,96
115000232,4098,347,3751
115000233,114,77,37
115000234,39,141,-102
115000241,104,45,59
115000242,210,44,166
115000243,244,28,216
115000244,12,94,-82
115000246,59,7,52
115000247,43,21,22
115000248,42,10,32
115000249,9,2,7
115000250,292,3,289
115000251,460,23,437
115000252,200,193,7
115000253,15,504,-489
115000258,380,37,343
115000259,81,19,62
115000261,50,6,44
115000262,16,21,-5
115000263,0,38,-38
115000264,1,23,-22
115000267,41,19,22
115000268,46,15,31
115000269,103,5,98
115000270,21,15,6
115000272,68,64,4
115000273,851,14,837
115000280,723,233,490
115000281,133,775,-642
115000282,477,1805,-1328
115000284,71,295,-224
115000296,358,4,354
115000297,49,230,-181
115000298,90,536,-446
115000300,293,46,247
115000302,795,45,750
115000303,1483,29,1454
115000304,1297,91,1206
115000305,170,93,77
115000306,404,93,311
115000307,339,137,202
115000308,4,20,-16
115000309,20,215,-195
115000310,2894,178,2716
115000311,1652,396,1256
115000313,98,78,20
115000314,560,316,244
115000315,356,1024,-668
115000316,83,120,-37
115000317,197,184,13
115000318,1423,380,1043
115000319,186,72,114
115000320,13,754,-741
115000321,359,5,354
115000322,60,61,-1
115000449,71,233,-162
115000557,1,3339,-3338
115000558,84,66,18
115000587,1045,139,906
115000588,1355,1419,-64
115000589,5253,1987,3266
115000590,737,846,-109
115000591,1854,559,1295
115000592,531,1024,-493
115000593,1821,404,1417
115000594,265,1710,-1445
115000609,284,430,-146
115000617,424,2931,-2507
115000624,396,6,390
115000633,354,1173,-819
115000634,2477,599,1878
115000635,486,98,388
115000638,134,248,-114
115000641,11,425,-414
115000642,436,74,362
115000643,131,170,-39
115000644,108,178,-70
115000646,391,659,-268
115000647,138,262,-124
115000648,4263,406,3857
115000893,1193,686,507
115000894,153,515,-362
115000895,305,690,-385
115000896,806,316,490
115000897,259,45,214
115000898,222,165,57
115000899,102,1274,-1172
115000900,28,181,-153
115000901,51,162,-111
115000912,288,94,194
115000913,0,9,-9
115000915,10,0,10
115000916,1,0,1
115000917,0,63,-63
115000918,29,896,-867
115000919,1,37,-36
115000920,7,26,-19
115000921,127,85,42
115000922,162,572,-410
115000923,27,1290,-1263
115000925,205,165,40
115000927,45,146,-101
115000933,37,277,-240
115000934,35,159,-124
115000935,86,28,58
115000936,61,1335,-1274
115000937,314,226,88
115000938,11,105,-94
115000939,15,103,-88
115000940,1,25,-24
115000941,1,50,-49
115000942,1,69,-68
115000943,11,180,-169
115000944,9,9,0
115900001,358,1,357
115900002,41,35,6
115900003,300,44,256
115900004,0,10,-10
115900005,399,20,379
115900006,55,105,-50
115900008,194,4,190
115900009,13,116,-103
115900010,972,47,925
115900011,373,42,331
115900012,463,2,461
115900013,538,62,476
115900014,118,26,92
115900015,275,4,271
115900016,75,29,46
115900017,208,40,168
115900018,112,8,104
115900019,45,6,39
115900020,316,0,316
115900021,279,312,-33
115900022,518,4,514
115900023,21,4,17
115900025,10,84,-74
115900026,404,26,378
115900027,0,70,-70
115900028,83,19,64
115900029,2,92,-90
115900030,54,49,5
115900031,105,239,-134
115900032,118,400,-282
115900033,0,51,-51
115900034,14,75,-61
115900035,108,6,102
115900036,9,3926,-3917
115900037,4,86,-82
115900038,32,8,24
115900039,250,30,220
115900041,63,1250,-1187
115900042,84,2,82
115900043,131,79,52
115900044,132,974,-842
115900046,1127,48,1079
115900047,29,198,-169
115900049,196,72,124
115900051,1,3,-2
115900052,24,39,-15
115900053,451,39,412
115900054,651,9,642
115900055,45,28,17
115900056,229,46,183
115900057,2,5,-3
115900058,1,4,-3
115900060,29,33,-4
115900061,609,2,607
115900062,89,37,52
115900063,18,0,18
115900064,161,213,-52
115900065,162,22,140
115900066,50,20,30
115900067,12,59,-47
115900068,645,1917,-1272
115900069,44,153,-109
115900070,354,6,348
115900071,0,97,-97
115900072,11,40,-29
115900073,238,130,108
115900074,1,55,-54
115900075,46,98,-52
115900076,0,16,-16
115900077,2,51,-49
115900078,42,35,7
115900079,559,2,557
115900080,109,49,60
115900081,8,18,-10
115900082,72,36,36
115900084,998,1,997
115900085,26,81,-55
115900086,506,43,463
115900088,0,112,-112
115900089,820,125,695
115900090,931,1,930
115900091,11,2,9
115900092,42,39,3
115900093,2,6,-4
115900094,3,52,-49
115900096,1,5,-4
115900097,0,46,-46
115900098,375,95,280
115900099,139,25,114
115900100,5,110,-105
115900101,336,72,264
115900102,139,12,127
115900103,224,50,174
115900104,90,14,76
115900105,324,86,238
115900106,210,0,210
115900107,87,16,71
115900108,217,2,215
115900109,13,137,-124
115900110,22,1,21
115900111,0,25,-25
115900112,21,329,-308
115900113,42,2,40
115900114,0,22,-22
115900115,112,70,42
115900116,50,274,-224
115900117,194,1,193
115900118,1,49,-48
115900119,241,80,161
115900120,8,79,-71
115900121,234,51,183
115900124,114,946,-832
115900125,440,33,407
115900126,1119,9,1110
115900127,1280,28,1252
115900128,1,144,-143
115900129,513,6,507
115900130,2,333,-331
115900131,722,24,698
115900132,810,1,809
115900134,548,2,546
115900135,332,282,50
115900137,11,16,-5
115900139,27,95,-68
115900140,606,22,584
115900141,0,48,-48
115900142,0,18,-18
115900143,293,32,261
115900144,435,50,385
115900146,24,40,-16
115900147,122,497,-375
115900148,9,20,-11
115900149,381,9,372
115900150,214,3,211
115900151,165,42,123
115900152,202,52,150
115900153,120,49,71
115900154,105,197,-92
115900155,0,15,-15
115900156,618,373,245
115900157,521,350,171
115900158,11,11,0
115900159,574,48,526
115900160,1,5,-4
115900161,24,17,7
115900163,366,21,345
115900164,1392,9,1383
115900166,52,43,9
115900168,533,77,456
115900171,108,100,8
115900172,30,83,-53
115900173,266,83,183
115900174,43,135,-92
115900175,299,60,239
115900178,26,87,-61
115900179,612,11,601
115900180,27,36,-9
115900181,425,58,367
115900182,1166,64,1102
115900183,26,105,-79
115900184,291,3,288
115900187,4,243,-239
115900189,0,114,-114
115900190,108,663,-555
115900191,14,81,-67
115900192,56,183,-127
115900193,85,25,60
115900194,1033,21,1012
115900195,195,3858,-3663
115900198,194,141,53
115900199,394,37,357
115900200,204,43,161
115900201,134,281,-147
115900202,2,362,-360
115900203,0,1,-1
115900204,1,9,-8
115900205,14,4,10
115900206,746,70,676
115900207,116,7,109
115900208,188,44,144
115900209,9,115,-106
115900210,0,80,-80
115900211,1,49,-48
115900212,300,96,204
115900213,80,253,-173
115900214,1198,71,1127
115900215,12,222,-210
115900216,1,19,-18
115900217,3,40,-37
115900218,1,7,-6
115900219,299,6,293
115900220,564,8,556
115900221,213,9,204
115900222,110,52,58
115900223,1,625,-624
115900224,243,2926,-2683
115900225,13,101,-88
115900226,27,68,-41
115900227,5,20,-15
115900228,3,29,-26
115900229,1,20,-19
115900230,24,36,-12
115900231,238,0,238
115900232,77,0,77
115900233,244,0,244
115900234,52,27,25
115900235,29,14,15
115900236,7,43,-36
115900237,19,37,-18
115900238,23,11,12
115900239,3,9,-6
115900240,17,17,0
115900241,383,21,362
115900242,294,537,-243
115900243,4,2,2
115900244,24,1,23
115900245,190,1,189
115900246,2,1,1
115900247,1,1,0
115900248,3,5,-2
115900249,5,2,3
115900250,21,0,21
115900251,13,0,13
115900252,12,0,12
115900253,45,7,38
115900254,10,22,-12
115900255,1,20,-19
115900256,33,61,-28
115900257,0,14,-14
115900258,0,9,-9
115900259,0,0,0
115900260,2,1,1
115900261,0,0,0
115900262,0,1,-1
115900263,14,3,11
115900264,11,0,11
115900265,0,0,0
115900266,0,0,0
115900267,0,0,0
115900268,0,4,-4
115900269,1584,118,1466
115900270,295,68,227
115900271,510,0,510
115900272,82,0,82
115900273,18,65,-47
115900274,0,0,0
115900275,0,1,-1
115900276,0,4,-4
115900277,0,13,-13
115900278,94,36,58
115900279,29,200,-171
115900280,10,852,-842
115900281,145,431,-286
115900282,6,60,-54
115900283,42,3,39
115900284,12,0,12
116000001,3405,1074,2331
116000002,5334,19538,-14204
116000003,711,745,-34
116000004,5544,7561,-2017
116000005,706,2101,-1395
116000006,2849,4596,-1747
116000007,1110,1076,34
116000008,6404,2048,4356
116000009,548,646,-98
116000010,3753,1149,2604
116000011,663,508,155
116000012,2564,728,1836
116000013,3146,1909,1237
116000014,9366,27953,-18587
116000015,102,2276,-2174
116000016,2996,6732,-3736
116000017,39,493,-454
116000018,315,195,120
116000019,1835,107,1728
116000020,312,538,-226
116000021,1365,137,1228
116000022,683,162,521
116000023,2378,1261,1117
116000024,627,514,113
116000025,956,532,424
116000026,1078,2498,-1420
116000027,504,711,-207
116000028,378,813,-435
116000029,239,163,76
116000030,691,505,186
116000031,19,46,-27
116000032,272,58,214
116000033,861,173,688
116000034,418,698,-280
116000035,440,195,245
116000036,206,1544,-1338
116000037,146,377,-231
116000038,45,702,-657
116000039,162,744,-582
116000040,341,789,-448
116000041,92,468,-376
116000042,1223,918,305
116000043,219,280,-61
116000044,7,48,-41
116000045,602,1007,-405
116000046,658,961,-303
116000047,1839,2524,-685
116000048,2500,1039,1461
116000049,1547,1582,-35
116000050,1032,831,201
116000051,2469,2177,292
116000052,2474,1706,768
116000053,2403,552,1851
116000054,924,1752,-828
116000055,841,981,-140
116000056,1801,791,1010
116000057,1693,806,887
116000058,2946,2125,821
116000059,1901,3758,-1857
116000060,1747,1126,621
116000061,384,1389,-1005
116000062,541,203,338
116000063,721,2204,-1483
116000066,517,690,-173
116000067,229,201,28
116000068,225,130,95
116000069,250,188,62
116000078,606,655,-49
116000080,1535,256,1279
116000082,0,11,-11
116000083,2626,200,2426
116000084,905,1205,-300
116000085,1595,2213,-618
116000086,508,277,231
116000087,3708,1628,2080
116000088,1516,520,996
116000089,302,58,244
116000090,283,113,170
116000091,184,1248,-1064
116000093,870,198,672
116000094,1442,137,1305
116000095,1076,180,896
116000096,2741,3440,-699
116000097,940,225,715
116000098,76,15926,-15850
116000099,3289,627,2662
116000100,536,29,507
116000101,2361,138,2223
116000102,267,234,33
116000103,577,394,183
116000104,332,273,59
116000105,2342,105,2237
116000106,662,380,282
116000107,3963,219,3744
116000108,10,103,-93
116000111,226,45,181
116000113,113,21,92
116000114,16,39,-23
116000115,353,74,279
116000116,216,40,176
116000117,1753,919,834
116000118,2448,506,1942
116000119,4433,1145,3288
116000120,2465,1397,1068
116000121,1384,224,1160
116000122,675,273,402
116000123,2064,210,1854
116000124,751,213,538
116000125,4213,197,4016
116000126,636,297,339
116000127,782,360,422
116000128,3089,422,2667
116000129,2389,68,2321
116000130,1120,610,510
116000133,3230,360,2870
116000134,1458,468,990
116000135,4201,841,3360
116000136,851,933,-82
116000137,1527,591,936
116000138,796,372,424
116000139,2105,2866,-761
116000140,314,315,-1
116000141,996,380,616
116000142,3256,1694,1562
116000143,2808,1326,1482
116000144,2362,1388,974
116000145,4555,745,3810
116000146,1439,55,1384
116000147,367,224,143
116000148,1486,1263,223
116000149,665,289,376
116000151,849,694,155
116000153,128,425,-297
116000155,155,302,-147
116000156,991,274,717
116000157,119,4,115
116000158,641,85,556
116000159,44,9,35
116000160,80,17,63
116000161,18,68,-50
116000162,38,327,-289
116000163,80,4,76
116000164,19,13,6
116000177,60,206,-146
116000194,58,226,-168
116000195,2297,631,1666
116000196,96,1,95
116000197,70,72,-2
116000198,1706,678,1028
116000200,493,985,-492
116000201,366,238,128
116000202,27,73,-46
116000203,1,10,-9
116000204,1,2,-1
116000205,0,49,-49
116000206,0,64,-64
116000207,35,33,2
116000233,72,119,-47
116000287,458,79,379
116000288,653,191,462
116000292,209,75,134
116000296,32,69,-37
116000297,143,6,137
116000304,568,24,544
116000305,28,17,11
116000346,485,126,359
116000352,138,90,48
116000354,132,60,72
116000357,11,14,-3
116000358,600,263,337
116000361,69,3,66
116000372,2764,10006,-7242
116000381,301,2,299
116000388,13,18,-5
116000389,915,101,814
116000445,2023,166,1857
116000446,1094,84,1010
116000447,34,552,-518
116000448,407,25,382
116000563,395,651,-256
116000565,125,157,-32
116000568,28,765,-737
116000579,20,236,-216
116000584,50,0,50
116000585,162,43,119
116000586,25,62,-37
116000587,409,137,272
116000589,55,22,33
116000590,156,28,128
116000591,333,53,280
116000592,6,13,-7
116000593,0,7,-7
116000594,1796,100,1696
116000595,1068,21,1047
116000596,380,9,371
116000597,837,328,509
116000598,19,100,-81
116000605,72,25,47
116000606,114,695,-581
116000607,1,17,-16
116000609,24,1942,-1918
116000611,332,74,258
116000612,2324,2110,214
116000613,1028,322,706
116000614,627,122,505
116000615,0,431,-431
116000616,181,39,142
116000617,328,10,318
116000618,20,15,5
116000619,31,116,-85
116000620,540,164,376
116000621,105,55,50
116000622,139,50,89
116000624,165,24,141
116000627,335,31,304
116000628,242,185,57
116000629,76,71,5
116000630,2084,15,2069
116000631,1656,47,1609
116000632,2883,3,2880
116000633,756,64,692
116000634,1325,64,1261
116000635,1771,2278,-507
116000636,348,1200,-852
116000637,1442,32,1410
116000638,259,160,99
116000640,12,125,-113
116000641,14,23,-9
116000644,104,86,18
116900001,203,33,170
116900002,247,0,247
116900003,159,2,157
116900004,48,211,-163
116900005,534,10,524
116900006,42,71,-29
116900007,136,114,22
116900008,1335,112,1223
116900009,17,47,-30
116900010,0,178,-178
116900011,2,2,0
116900012,170,140,30
116900013,3,39,-36
116900014,387,36,351
116900015,1281,54,1227
116900016,467,4,463
116900017,1,180,-179
116900018,97,81,16
116900019,0,33,-33
116900020,241,3329,-3088
116900023,26,9,17
116900024,1645,20,1625
116900025,2130,314,1816
116900026,24,207,-183
116900027,162,25,137
116900028,1,9,-8
116900029,0,345,-345
116900031,0,0,0
116900032,1,57,-56
116900033,51,2,49
116900034,0,7,-7
116900035,260,80,180
116900036,18,77,-59
116900038,8,6,2
116900041,189,2,187
116900042,87,142,-55
116900043,14,31,-17
116900047,20,524,-504
116900049,12,62,-50
116900050,50,115,-65
116900051,703,32,671
116900052,233,38,195
116900055,0,24,-24
116900057,22,58,-36
116900058,6,154,-148
116900059,0,22,-22
116900060,82,306,-224
116900062,0,6,-6
116900064,57,81,-24
116900065,4,59,-55
116900067,137,6,131
116900068,151,56,95
116900070,19,0,19
116900072,46,36,10
116900073,13,30,-17
116900074,0,11,-11
116900076,37,16,21
116900077,1,37,-36
116900078,38,30,8
116900079,120,79,41
116900080,2,3,-1
116900081,88,175,-87
116900082,82,1269,-1187
116900083,0,5,-5
116900084,49,14,35
116900085,1,36,-35
116900086,14,115,-101
116900088,185,1,184
116900090,2,2,0
116900091,903,15,888
116900092,75,130,-55
116900093,2159,1133,1026
116900094,3552,7331,-3779
116900095,409,174,235
116900096,75,405,-330
116900097,665,5662,-4997
116900098,425,201,224
116900099,49,459,-410
116900100,1988,149,1839
116900101,187,419,-232
116900103,1,1,0
116900104,2,212,-210
116900105,826,310,516
116900106,5123,56,5067
116900107,627,4218,-3591
116900110,40,1,39
116900111,1143,239,904
116900112,337,224,113
116900113,756,4150,-3394
116900116,13,516,-503
116900117,395,127,268
116900118,691,1150,-459
116900120,680,79,601
116900121,502,43,459
116900122,2343,116,2227
116900123,903,216,687
116900124,149,124,25
116900125,828,63,765
116900126,136,1086,-950
116900128,0,17,-17
116900129,1,142,-141
116900130,753,6717,-5964
116900131,23,285,-262
116900132,137,72,65
116900133,354,105,249
116900134,297,124,173
116900136,245,23,222
116900137,300,30,270
116900138,140,29,111
116900139,36,90,-54
116900140,116,21,95
116900141,155,32,123
116900142,6,47,-41
116900143,197,63,134
116900144,85,13,72
116900145,59,93,-34
116900147,75,1253,-1178
116900148,3,5,-2
116900149,72,189,-117
116900150,5,1,4
116900151,46,10,36
116900153,67,149,-82
116900154,202,528,-326
116900155,65,55,10
116900157,1552,52,1500
116900158,128,354,-226
116900159,96,510,-414
116900160,1248,674,574
116900161,2377,13327,-10950
116900162,43,91,-48
116900163,460,40,420
116900164,115,28,87
116900165,887,352,535
116900166,179,138,41
116900167,869,12,857
116900168,697,10,687
116900169,100,987,-887
116900170,604,301,303
116900171,65,77,-12
116900172,88,802,-714
116900173,632,2,630
116900174,29,261,-232
116900175,451,432,19
116900178,60,24,36
116900179,66,627,-561
116900180,157,3,154
116900182,918,197,721
116900183,321,148,173
116900185,77,12,65
116900186,163,21,142
116900187,68,70,-2
116900188,200,5,195
116900189,113,1,112
116900191,92,84,8
116900192,526,136,390
116900194,118,1815,-1697
116900195,27,2,25
116900196,23,20,3
116900197,230,9,221
116900198,18,1023,-1005
116900200,286,0,286
116900201,617,3,614
116900202,73,24,49
116900203,280,5,275
116900204,23,405,-382
116900206,27,1,26
116900207,20,15,5
116900208,43,19,24
116900209,18,9,9
116900210,467,216,251
116900211,226,3,223
116900212,140,2,138
116900213,255,42,213
116900214,444,213,231
116900215,18,16,2
116900216,327,42,285
116900218,0,85,-85
116900219,383,69,314
116900220,150,153,-3
116900221,151,224,-73
116900222,343,215,128
116900223,30,34,-4
116900226,338,7,331
116900227,418,15,403
116900228,618,68,550
116900230,55,44,11
116900231,221,65,156
116900232,34,110,-76
116900233,554,71,483
116900234,13,1,12
116900235,89,126,-37
116900238,248,42,206
116900239,7,1325,-1318
116900240,2296,4323,-2027
116900241,39,27,12
116900242,376,1426,-1050
116900243,0,5,-5
116900245,67,68,-1
116900246,96,13,83
116900247,1374,43,1331
116900248,77,7,70
116900249,989,36,953
116900250,559,45,514
116900251,221,1742,-1521
116900252,503,239,264
116900253,145,60,85
116900254,71,101,-30
116900255,149,287,-138
116900256,991,304,687
116900257,58,64,-6
116900258,0,19,-19
116900259,346,28,318
116900260,0,19,-19
116900261,33,0,33
116900262,157,121,36
116900263,1,4,-3
116900264,105,293,-188
116900265,352,0,352
116900266,39,2,37
116900267,35,0,35
116900268,4,382,-378
116900269,390,1001,-611
116900271,234,1207,-973
116900272,363,221,142
116900273,42,200,-158
116900274,173,42,131
116900275,441,105,336
116900276,283,529,-246
116900277,75,105,-30
116900278,0,6,-6
116900279,17,13,4
116900280,108,1,107
116900281,2108,9176,-7068
116900282,0,13,-13
116900283,5,7,-2
116900284,3,58,-55
116900285,25,593,-568
116900286,17,0,17
116900287,7,7,0
116900288,256,28,228
116900289,66,0,66
116900290,20,1,19
116900291,26,17,9
116900292,0,33,-33
116900293,151,7,144
116900294,2,44,-42
116900295,271,393,-122
116900296,48,177,-129
116900297,2,73,-71
116900298,63,108,-45
116900299,6,180,-174
116900300,0,122,-122
116900301,9,567,-558
116900302,23,85,-62
116900303,107,112,-5
116900304,0,291,-291
116900305,4,40,-36
116900306,613,29,584
116900307,91,1,90
116900308,0,36,-36
116900309,630,34,596
117000001,3313,4148,-835
117000002,1718,2877,-1159
117000003,6052,2377,3675
117000004,2108,3896,-1788
117000005,5100,1991,3109
117000006,1023,1688,-665
117000007,9555,1241,8314
117000008,1193,1934,-741
117000009,5638,1531,4107
117000010,1073,1360,-287
117000011,5014,887,4127
117000012,2311,748,1563
117000013,3539,984,2555
117000014,2104,2574,-470
117000015,3453,2110,1343
117000016,334,354,-20
117000017,80,655,-575
117000018,121,1149,-1028
117000019,60,138,-78
117000020,439,3162,-2723
117000021,1697,1102,595
117000022,68,470,-402
117000023,50,915,-865
117000024,205,704,-499
117000025,233,3579,-3346
117000026,1939,3564,-1625
117000027,767,2411,-1644
117000028,497,1357,-860
117000030,346,335,11
117000031,711,305,406
117000032,1559,1435,124
117000033,1480,824,656
117000034,246,203,43
117000035,420,276,144
117000036,373,346,27
117000037,513,230,283
117000038,211,376,-165
117000039,197,293,-96
117000040,48,411,-363
117000041,1837,127,1710
117000044,15,272,-257
117000045,1569,445,1124
117000046,329,945,-616
117000047,1063,888,175
117000048,1114,524,590
117000049,47,299,-252
117000050,962,1231,-269
117000051,3322,77,3245
117000052,104,171,-67
117000053,1923,13,1910
117000054,2375,14,2361
117000055,1,445,-444
117000056,697,54,643
117000057,204,608,-404
117000060,408,688,-280
117000061,2692,1700,992
117000062,217,681,-464
117000063,1789,652,1137
117000064,580,552,28
117000066,256,529,-273
117000067,85,519,-434
117000074,11,199,-188
117000076,46,10,36
117000077,236,45,191
117000078,77,355,-278
117000079,273,147,126
117000080,1,455,-454
117000081,587,112,475
117000082,22,148,-126
117000083,126,21,105
117000084,162,0,162
117000085,640,864,-224
117000086,614,261,353
117000087,173,397,-224
117000088,701,112,589
117000089,4130,158,3972
117000090,433,300,133
117000091,2130,79,2051
117000092,402,426,-24
117000093,3213,197,3016
117000094,767,592,175
117000095,4516,253,4263
117000096,739,609,130
117000097,3676,655,3021
117000098,1252,1126,126
117000099,6409,630,5779
117000100,287,259,28
117000101,68,340,-272
117000102,2847,330,2517
117000103,219,527,-308
117000104,2469,290,2179
117000105,328,620,-292
117000106,2800,245,2555
117000107,458,823,-365
117000108,3668,666,3002
117000109,565,998,-433
117000110,1839,2111,-272
117000111,4129,3210,919
117000112,4840,777,4063
117000113,57,58,-1
117000114,408,57,351
117000115,53,27,26
117000116,215,97,118
117000117,1501,857,644
117000118,637,588,49
117000119,124,712,-588
117000120,6,754,-748
117000121,24,876,-852
117000122,1346,2038,-692
117000123,1888,46,1842
117000124,23,143,-120
117000125,94,607,-513
117000126,30,31,-1
117000127,96,515,-419
117000128,65,1051,-986
117000129,137,1405,-1268
117000130,327,2,325
117000131,0,142,-142
117000132,7796,28,7768
117000133,5653,28,5625
117000134,0,168,-168
117000135,2,154,-152
117000136,0,13,-13
117000137,448,112,336
117000138,0,820,-820
117000140,302,521,-219
117000141,2392,197,2195
117000181,323,147,176
117000182,3000,2384,616
117000195,51,278,-227
117000196,537,199,338
117000225,43,388,-345
117000226,4,327,-323
117000276,786,67,719
117000277,0,113,-113
117000310,888,3821,-2933
117000315,248,925,-677
117000320,126,0,126
117000906,1172,17,1155
117000907,3,101,-98
117000909,143,124,19
117000910,290,67,223
117000911,46,48,-2
117000915,0,98,-98
117000916,210,8,202
117000917,1905,47,1858
117000918,365,62,303
117000919,0,6,-6
117000920,3,557,-554
117000921,1,320,-319
117000922,9,67,-58
117000924,1596,992,604
117000926,568,448,120
117000927,316,522,-206
117000928,0,116,-116
117000929,1115,117,998
117000930,1366,9,1357
117000931,118,42,76
117900002,39,959,-920
117900003,50,81,-31
117900005,2,319,-317
117900006,0,14,-14
117900007,259,61,198
117900008,14,16,-2
117900010,536,40,496
117900011,6,811,-805
117900012,96,70,26
117900013,0,192,-192
117900014,883,111,772
117900015,37,50,-13
117900016,749,1506,-757
117900017,1315,385,930
117900018,672,693,-21
117900019,1489,189,1300
117900020,45,150,-105
117900021,45,172,-127
117900022,28,4,24
117900023,3441,186,3255
117900024,169,182,-13
117900025,18,2,16
117900026,849,282,567
117900028,96,2,94
117900029,606,278,328
117900030,239,503,-264
117900031,564,575,-11
117900032,965,503,462
117900033,714,242,472
117900034,88,33,55
117900035,363,74,289
117900036,408,223,185
117900037,244,31,213
117900038,23,42,-19
117900039,0,9,-9
117900040,78,84,-6
117900041,1,11,-10
117900042,1602,481,1121
117900043,0,5,-5
117900044,30,5589,-5559
117900045,507,67,440
117900048,355,50,305
117900049,425,484,-59
117900050,1,594,-593
117900051,34,11,23
117900052,117,708,-591
117900053,2403,84,2319
117900054,0,4,-4
117900055,1845,508,1337
117900056,21,168,-147
117900057,992,368,624
117900058,11,134,-123
117900059,182,190,-8
117900060,4147,923,3224
117900061,12,433,-421
117900063,787,155,632
117900065,131,508,-377
117900066,4,157,-153
117900067,1551,161,1390
117900069,1532,92,1440
117900070,33,521,-488
117900071,451,113,338
117900073,1543,101,1442
117900074,26,704,-678
117900075,287,129,158
117900076,15,148,-133
117900077,1409,38,1371
117900078,499,392,107
117900080,322,26,296
117900081,125,89,36
117900082,1113,215,898
117900083,1360,532,828
117900086,342,57,285
117900087,206,4,202
117900088,463,598,-135
117900089,3548,366,3182
117900090,1217,723,494
117900091,207,30,177
117900092,390,53,337
117900093,292,11,281
117900094,80,59,21
117900095,1007,1070,-63
117900096,285,350,-65
117900097,224,10,214
117900098,138,24,114
117900099,387,765,-378
117900100,1232,3,1229
117900101,1217,2973,-1756
117900102,65,13,52
117900103,125,24,101
117900104,3,350,-347
117900105,24,70,-46
117900106,93,7,86
117900107,138,0,138
117900109,2150,634,1516
117900110,589,1,588
117900111,2273,283,1990
117900112,152,2,150
117900113,649,3449,-2800
117900114,159,0,159
117900115,13,319,-306
117900116,240,312,-72
117900117,1270,142,1128
117900118,515,2,513
117900119,544,17,527
117900120,1145,16,1129
117900121,87,10,77
117900122,1031,7420,-6389
117900123,1031,761,270
117900124,210,311,-101
117900125,1708,693,1015
117900126,44,139,-95
117900127,815,128,687
117900128,578,251,327
117900129,313,0,313
117900130,1209,235,974
117900131,1,52,-51
117900132,4,34,-30
117900133,16,21,-5
117900134,64,23,41
117900135,28,18,10
117900136,0,2,-2
117900137,13,120,-107
117900138,0,1,-1
117900139,79,68,11
117900140,5810,812,4998
117900141,25,315,-290
117900142,19,593,-574
117900144,32,1031,-999
117900145,7,477,-470
117900146,172,508,-336
117900147,160,97,63
117900148,2534,3939,-1405
117900149,76,70,6
117900150,110,76,34
117900151,58,165,-107
117900152,30,109,-79
117900153,20,184,-164
117900154,714,407,307
117900156,206,229,-23
117900157,94,259,-165
117900158,554,45,509
117900160,1325,623,702
117900161,416,359,57
117900162,1085,255,830
117900163,32,1144,-1112
117900165,0,4,-4
117900166,2,179,-177
117900168,56,74,-18
117900169,4,41,-37
117900170,0,7,-7
117900171,1,1,0
117900172,2,0,2
117900173,24,22,2
117900174,3,1,2
117900175,2,4,-2
117900176,18,9,9
117900177,17,13,4
117900178,26,8,18
117900180,165,11,154
117900181,42,669,-627
117900182,5,96,-91
117900183,279,140,139
117900184,29,25,4
117900185,50,3,47
117900186,143,18,125
117900187,13,6,7
117900188,98,4,94
117900189,32,9,23
117900190,9,0,9
117900191,60,0,60
117900192,179,0,179
117900193,10,14,-4
117900194,2,2,0
117900195,47,7,40
117900196,21,5,16
117900207,48,54,-6
117900208,15,35,-20
117900209,218,83,135
117900210,115,55,60
117900211,0,70,-70
117900212,194,88,106
117900213,66,0,66
117900214,9,5,4
117900215,63,27,36
117900216,25,72,-47
117900217,101,124,-23
117900218,93,202,-109
117900219,5,202,-197
117900220,17,280,-263
117900222,314,107,207
117900223,18,537,-519
118000001,555,2202,-1647
118000002,270,733,-463
118000003,2240,4193,-1953
118000004,1051,4149,-3098
118000005,3597,1831,1766
118000006,2985,3276,-291
118000007,4736,10986,-6250
118000008,866,8643,-7777
118000009,1306,3385,-2079
118000010,3095,3400,-305
118000011,2993,756,2237
118000012,977,915,62
118000013,2400,2361,39
118000014,1456,763,693
118000016,376,120,256
118000017,702,354,348
118000018,369,102,267
118000019,1217,2049,-832
118000020,321,1450,-1129
118000021,413,1809,-1396
118000022,990,435,555
118000023,382,293,89
118000024,529,625,-96
118000027,8467,5327,3140
118000029,495,442,53
118000032,242,1328,-1086
118000033,1626,3455,-1829
118000034,1811,2283,-472
118000035,1544,1542,2
118000036,871,841,30
118000037,710,1283,-573
118000038,1127,78,1049
118000039,199,68,131
118000040,2092,1115,977
118000041,4243,1556,2687
118000045,143,169,-26
118000046,496,1166,-670
118000047,268,2182,-1914
118000048,1516,3273,-1757
118000051,518,2400,-1882
118000052,124,893,-769
118000053,274,1169,-895
118000054,2483,514,1969
118000055,1924,1123,801
118000056,129,345,-216
118000057,164,239,-75
118000058,1683,4629,-2946
118000059,1123,2920,-1797
118000060,1215,384,831
118000061,1453,1580,-127
118000062,416,168,248
118000063,208,728,-520
118000064,638,952,-314
118000065,1792,1826,-34
118000066,1051,2581,-1530
118000067,415,581,-166
118000068,550,11679,-11129
118000069,784,1161,-377
118000070,4224,2377,1847
118000071,3577,13124,-9547
118000072,594,4850,-4256
118000073,386,2339,-1953
118000074,297,984,-687
118000075,552,324,228
118000076,1692,8937,-7245
118000077,864,1144,-280
118000078,2001,2238,-237
118000079,99,440,-341
118000080,348,795,-447
118000081,1534,1280,254
118000082,241,877,-636
118000083,810,1199,-389
118000084,1188,2540,-1352
118000086,129,632,-503
118000087,2680,1921,759
118000088,1232,1502,-270
118000089,3131,3569,-438
118000090,1254,3856,-2602
118000091,792,6265,-5473
118000092,851,548,303
118000093,61,619,-558
118000096,646,372,274
118000097,471,581,-110
118000098,194,199,-5
118000099,794,176,618
118000101,2129,267,1862
118000102,498,268,230
118000107,1530,326,1204
118000108,566,7810,-7244
118000110,0,9,-9
118000111,1,75,-74
118000112,2182,13,2169
118000113,1,198,-197
118000114,2073,53,2020
118000115,3,22,-19
118000116,56,0,56
118000117,533,659,-126
118000118,1226,1164,62
118000119,1722,1381,341
118000120,1177,574,603
118000121,35,391,-356
118000122,242,294,-52
118000123,57,251,-194
118000125,514,1263,-749
118000126,764,2682,-1918
118000127,1174,626,548
118000128,332,1016,-684
118000129,1603,776,827
118000130,1623,2586,-963
118000131,276,600,-324
118000132,2411,2206,205
118000133,2043,879,1164
118000135,615,759,-144
118000136,167,477,-310
118000137,535,59,476
118000138,394,261,133
118000139,557,103,454
118000140,3920,8632,-4712
118000141,3180,1255,1925
118000142,3823,1441,2382
118000143,3295,1067,2228
118000144,444,140,304
118000145,1130,393,737
118000146,1703,212,1491
118000147,1100,455,645
118000148,1268,1636,-368
118000149,934,252,682
118000150,1185,173,1012
118000151,893,150,743
118000153,2111,444,1667
118000154,2417,585,1832
118000155,2967,503,2464
118000156,1737,3812,-2075
118000157,652,192,460
118000158,266,631,-365
118000159,23,113,-90
118000160,912,241,671
118000161,692,327,365
118000162,1387,592,795
118000163,1085,777,308
118000164,2079,1209,870
118000168,413,1680,-1267
118000169,995,656,339
118000170,2003,1727,276
118000171,530,223,307
118000172,60,82,-22
118000173,589,1140,-551
118000175,290,187,103
118000176,388,156,232
118000177,460,303,157
118000178,20,12,8
118000179,483,470,13
118000180,447,274,173
118000181,468,100,368
118000182,252,53,199
118000183,190,143,47
118000184,1638,344,1294
118000185,318,1621,-1303
118000186,267,1151,-884
118000187,2576,246,2330
118000188,1319,31,1288
118000189,1722,140,1582
118000190,12,2,10
118000191,55,3,52
118000192,19,110,-91
118000193,11,235,-224
118000194,1741,797,944
118000195,197,3403,-3206
118000196,45,794,-749
118000197,56,422,-366
118000198,239,1696,-1457
118000199,214,1283,-1069
118000200,87,728,-641
118000201,90,1202,-1112
118000202,47,633,-586
118000203,240,1920,-1680
118000204,48,687,-639
118000205,33,309,-276
118000206,178,269,-91
118000207,0,78,-78
118000208,2110,1093,1017
118000209,2497,393,2104
118000210,374,8,366
118000211,247,27,220
118000213,417,3784,-3367
118000214,175,699,-524
118000215,559,92,467
118000216,10677,1726,8951
118000217,16,20,-4
118000218,87,19,68
118000219,265,223,42
118000220,72,37,35
118000221,1276,1084,192
118000222,144,5,139
118000223,101,51,50
118000224,70,84,-14
118000225,159,646,-487
118000226,2195,121,2074
118000227,394,413,-19
118000228,21,174,-153
118000229,54,788,-734
118000230,127,126,1
118000231,25,161,-136
118000232,1025,150,875
118000233,1457,294,1163
118000234,704,60,644
118000236,319,333,-14
118000237,170,143,27
118000238,255,39,216
118000239,282,329,-47
118000240,73,103,-30
118000241,270,139,131
118000242,885,137,748
118000243,280,78,202
118000244,89,33,56
118000246,0,28,-28
118000255,35,279,-244
118000256,272,189,83
118000259,8,74,-66
118000260,306,24,282
118000261,99,7,92
118000263,62,215,-153
118000266,146,101,45
118000267,0,102,-102
118000268,299,0,299
118000270,270,4,266
118000271,429,68,361
118000272,42,11,31
118000273,569,38,531
118000274,70,192,-122
118000276,362,62,300
118000295,44,145,-101
118000298,133,50,83
118000299,35,20,15
118000301,0,47,-47
118000302,132,9,123
118000311,2031,60,1971
118000312,697,87,610
118000313,113,32,81
118000314,232,15,217
118000315,66,6,60
118000316,1002,142,860
118000325,54,4,50
118000326,47,50,-3
118000331,71,5,66
118000332,2,4,-2
118000333,56,9,47
118000335,1356,9,1347
118000336,0,167,-167
118000407,541,13,528
118000457,4,91,-87
118000465,466,2160,-1694
118000480,76,38,38
118000489,1,701,-700
118000490,6,166,-160
118000492,1083,40,1043
118000510,29,5,24
118000514,58,266,-208
118000515,601,2019,-1418
118000517,253,191,62
118000524,279,558,-279
118000525,315,481,-166
118000530,6,208,-202
118000531,679,136,543
118000532,177,127,50
118000533,220,80,140
118000534,752,166,586
118000535,496,50,446
118000536,39,325,-286
118000537,12,49,-37
118000538,10,34,-24
118000539,0,125,-125
118000540,175,128,47
118000541,83,112,-29
118000542,126,274,-148
118000543,303,189,114
118000546,14,11,3
118000553,0,0,0
118000560,679,2854,-2175
118000562,122,35,87
118000563,1201,430,771
118000576,188,33,155
118000577,298,173,125
118000578,177,36,141
118000579,445,1780,-1335
118000583,0,0,0
118000595,165,46,119
118000596,0,198,-198
118000597,351,64,287
118000598,8,0,8
118000599,241,23,218
118000600,15,2,13
118000601,6,0,6
118000602,0,16,-16
118000603,0,6,-6
118000605,71,47,24
118900001,515,1065,-550
118900002,747,927,-180
118900003,1281,8,1273
118900004,80,12,68
118900005,166,0,166
118900006,114,0,114
118900007,0,3,-3
118900008,668,15,653
118900009,152,215,-63
118900010,83,7,76
118900011,225,24,201
118900012,159,127,32
118900013,1306,1048,258
118900015,487,22,465
118900016,1,3,-2
118900017,23,298,-275
118900018,1290,21,1269
118900019,4,6,-2
118900020,11,89,-78
118900021,86,421,-335
118900022,103,19,84
118900023,21,95,-74
118900024,131,82,49
118900025,26,29,-3
118900026,18,11,7
118900027,295,109,186
118900028,208,103,105
118900029,308,238,70
118900030,1186,46,1140
118900031,49,30,19
118900032,241,98,143
118900033,420,864,-444
118900034,376,12,364
118900035,80,38,42
118900036,1585,127,1458
118900037,460,810,-350
118900038,579,39,540
118900039,1383,66,1317
118900040,231,63,168
118900041,1101,143,958
118900042,60,35,25
118900045,152,112,40
118900046,260,295,-35
118900047,133,367,-234
118900048,75,541,-466
118900049,37,8,29
118900050,222,8,214
118900051,97,144,-47
118900052,246,480,-234
118900053,2,27,-25
118900054,165,12,153
118900055,243,4,239
118900056,57,246,-189
118900057,686,309,377
118900058,721,506,215
118900059,4,49,-45
118900060,242,28,214
118900062,318,61,257
118900064,175,611,-436
118900065,53,217,-164
118900066,165,28,137
118900067,2065,5209,-3144
118900068,6,865,-859
118900069,701,88,613
118900071,1,8,-7
118900072,685,827,-142
118900073,360,30,330
118900074,179,50,129
118900075,343,18,325
118900076,236,36,200
118900077,522,72,450
118900078,7,0,7
118900079,9,106,-97
118900080,286,65,221
118900081,46,37,9
118900082,2728,277,2451
118900083,10,1,9
118900084,5,2,3
118900085,200,114,86
118900086,27,102,-75
118900087,148,1180,-1032
118900088,1,2,-1
118900089,5,2,3
118900090,115,64,51
118900091,116,243,-127
118900092,404,6,398
118900093,43,16,27
118900096,30,72,-42
118900097,300,136,164
118900099,24,39,-15
118900100,41,92,-51
118900101,279,88,191
118900102,57,60,-3
118900103,13,42,-29
118900104,400,63,337
118900105,94,14,80
118900107,9,19,-10
118900108,50,80,-30
118900110,1019,1578,-559
118900111,893,255,638
118900112,374,129,245
118900113,37,72,-35
118900114,0,62,-62
118900115,41,174,-133
118900116,109,41,68
118900117,227,30,197
118900118,523,103,420
118900119,358,77,281
118900120,36,209,-173
118900121,13,132,-119
118900122,3,770,-767
118900123,109,156,-47
118900124,235,204,31
118900126,82,115,-33
118900129,371,72,299
118900130,3,83,-80
118900131,609,177,432
118900132,456,107,349
118900133,2,135,-133
118900135,296,77,219
118900136,336,128,208
118900137,3,97,-94
118900139,541,157,384
118900140,493,206,287
118900141,79,197,-118
118900144,202,78,124
118900145,20,114,-94
118900146,515,252,263
118900147,160,479,-319
118900148,56,30,26
118900150,87,493,-406
118900152,317,201,116
118900157,28,217,-189
118900158,322,13,309
118900159,0,84,-84
118900161,27,4,23
118900163,23,15,8
118900164,0,34,-34
118900165,76,82,-6
118900166,0,0,0
118900167,91,41,50
118900168,29,51,-22
118900169,196,128,68
118900170,644,82,562
118900171,89,11,78
118900174,20,18,2
118900175,522,205,317
118900176,204,94,110
118900177,113,9,104
118900178,93,38,55
118900179,4,8,-4
118900181,145,2,143
118900182,5,18,-13
118900183,50,93,-43
118900184,189,24,165
118900185,148,41,107
118900186,76,54,22
118900187,93,383,-290
118900188,184,121,63
118900189,48,474,-426
118900190,104,87,17
118900191,756,75,681
118900192,911,28,883
118900193,1627,2,1625
118900195,210,369,-159
118900196,9,68,-59
118900197,576,6,570
118900198,68,0,68
118900199,71,4,67
118900200,41,19,22
118900201,48,39,9
118900202,1,23,-22
118900203,88,6,82
118900204,24,2,22
118900205,0,5,-5
118900206,0,10,-10
119000001,1425,1234,191
119000002,3306,2325,981
119000003,5339,559,4780
119000004,3847,2048,1799
119000005,2626,2303,323
119000006,6256,1744,4512
119000007,4426,3828,598
119000008,1856,1454,402
119000009,2085,6941,-4856
119000010,3399,4908,-1509
119000011,1829,2102,-273
119000012,887,3383,-2496
119000013,3171,1605,1566
119000014,1843,2148,-305
119000019,250,123,127
119000020,2723,1331,1392
119000021,5777,3241,2536
119000022,775,4211,-3436
119000023,173,395,-222
119000024,1557,22950,-21393
119000025,2582,1011,1571
119000026,27,431,-404
119000027,80,392,-312
119000028,1459,509,950
119000029,42,116,-74
119000030,577,579,-2
119000031,1512,479,1033
119000032,1179,1123,56
119000033,2292,809,1483
119000034,2098,382,1716
119000035,32,128,-96
119000036,3382,234,3148
119000037,2069,439,1630
119000038,346,205,141
119000039,710,503,207
119000040,578,827,-249
119000041,1303,2205,-902
119000048,1647,701,946
119000049,3361,989,2372
119000050,1006,1145,-139
119000051,3299,870,2429
119000052,1984,1596,388
119000053,2437,714,1723
119000054,3410,596,2814
119000055,7455,942,6513
119000056,4647,942,3705
119000057,2008,372,1636
119000058,1066,593,473
119000059,627,491,136
119000060,2414,330,2084
119000061,755,162,593
119000062,917,435,482
119000063,776,514,262
119000064,484,340,144
119000065,713,1602,-889
119000066,1695,1171,524
119000067,1093,556,537
119000068,2271,357,1914
119000069,1935,755,1180
119000070,4737,241,4496
119000071,200,208,-8
119000072,2235,1689,546
119000073,4425,9488,-5063
119000074,1523,539,984
119000075,5949,1559,4390
119000076,92,252,-160
119000077,1029,180,849
119000078,564,70,494
119000079,275,129,146
119000080,1207,72,1135
119000081,407,174,233
119000082,948,102,846
119000083,692,366,326
119000084,517,99,418
119000085,405,45,360
119000086,184,862,-678
119000087,576,81,495
119000088,250,57,193
119000089,91,87,4
119000090,60,14,46
119000091,78,146,-68
119000092,93,68,25
119000093,2578,1331,1247
119000094,6009,4111,1898
119000095,2976,2170,806
119000097,868,528,340
119000098,1071,6225,-5154
119000099,1352,434,918
119000100,4885,2564,2321
119000101,3647,1203,2444
119000102,275,1591,-1316
119000103,724,666,58
119000104,698,399,299
119000105,798,3228,-2430
119000106,560,315,245
119000107,2059,613,1446
119000108,883,245,638
119000109,147,86,61
119000110,153,71,82
119000111,36,424,-388
119000112,128,22,106
119000113,532,52,480
119000114,881,1355,-474
119000115,36,136,-100
119000116,91,66,25
119000117,54,244,-190
119000118,38,1,37
119000123,1686,1861,-175
119000124,1690,110,1580
119000125,6297,309,5988
119000126,2981,361,2620
119000127,962,180,782
119000128,22,3,19
119000131,1163,118,1045
119000132,0,1,-1
119000133,6,3,3
119000134,534,747,-213
119000135,205,99,106
119000136,392,48,344
119000137,539,99,440
119000138,1262,25,1237
119000139,103,21,82
119000140,181,312,-131
119000284,961,1267,-306
119000285,1311,628,683
119000286,2513,1797,716
119000287,1370,904,466
119000288,2321,431,1890
119000289,1069,1689,-620
119000290,179,190,-11
119000291,70,403,-333
119000293,150,227,-77
119000294,56,22,34
119000295,1665,206,1459
119000296,335,44,291
119000299,0,0,0
119000302,1129,1184,-55
119000303,4,110,-106
119000310,0,0,0
119000314,1432,14373,-12941
119000315,0,65,-65
119000316,313,37,276
119000317,146,62,84
119900001,53,1567,-1514
119900002,319,147,172
119900003,1,134,-133
119900004,116,3263,-3147
119900005,264,9,255
119900006,81,350,-269
119900007,445,198,247
119900008,4,17,-13
119900009,360,194,166
119900010,495,142,353
119900011,38,404,-366
119900012,10,168,-158
119900013,928,744,184
119900014,450,23,427
119900015,519,49,470
119900016,71,14,57
119900017,12,58,-46
119900018,475,2084,-1609
119900019,91,2,89
119900020,48,76,-28
119900021,144,26,118
119900022,38,1011,-973
119900023,373,3055,-2682
119900025,637,16,621
119900026,411,83,328
119900027,4,14,-10
119900028,300,300,0
119900029,0,0,0
119900030,482,158,324
119900031,40,1003,-963
119900033,864,157,707
119900034,1260,18,1242
119900037,287,25,262
119900038,21,401,-380
119900039,118,56,62
119900040,103,14,89
119900041,399,6,393
119900042,75,47,28
119900043,146,35,111
119900044,185,1000,-815
119900046,377,13,364
119900047,587,356,231
119900048,128,13,115
119900049,184,3,181
119900050,71,66,5
119900051,2085,10,2075
119900052,209,21,188
119900053,403,41,362
119900054,637,5,632
119900055,1513,106,1407
119900057,650,7,643
119900058,730,11,719
119900059,98,25,73
119900060,357,17,340
119900061,556,1,555
119900062,376,7,369
119900063,9,48,-39
119900065,318,2,316
119900066,0,0,0
119900067,118,12,106
119900068,1095,5,1090
119900069,153,5,148
119900070,1006,1,1005
119900071,1240,28,1212
119900073,633,66,567
119900074,42,7,35
119900075,809,1312,-503
119900076,1064,208,856
119900077,1456,119,1337
119900078,987,301,686
119900079,895,39,856
119900080,843,283,560
119900081,1158,69,1089
119900082,2820,267,2553
119900083,548,51,497
119900084,539,197,342
119900085,43,23,20
119900086,451,215,236
119900087,162,344,-182
119900088,23,10,13
119900089,14,76,-62
119900090,14,7,7
119900091,16,205,-189
119900092,3,158,-155
119900093,924,64,860
119900094,2,76,-74
119900095,183,17,166
119900096,28,48,-20
119900097,48,114,-66
119900098,24,3,21
119900099,14,58,-44
119900100,322,2479,-2157
119900101,45,381,-336
119900102,4,52,-48
119900103,66,24,42
119900104,9,39,-30
119900105,398,420,-22
119900106,5,39,-34
119900107,152,563,-411
119900108,1777,282,1495
119900109,11,51,-40
119900110,513,191,322
119900111,183,30,153
119900112,331,1027,-696
119900113,7,201,-194
119900114,278,151,127
119900115,791,184,607
119900116,72,295,-223
119900117,281,183,98
119900118,158,148,10
119900119,186,57,129
119900120,319,162,157
119900121,751,124,627
119900122,13,70,-57
119900123,42,92,-50
119900124,334,112,222
119900125,25,42,-17
119900126,826,166,660
119900127,416,164,252
119900128,635,157,478
119900129,378,74,304
119900130,4,48,-44
119900131,26,80,-54
119900132,53,51,2
119900133,159,46,113
119900134,180,32,148
119900135,0,131,-131
119900136,17,110,-93
119900138,73,139,-66
119900139,9,63,-54
119900140,1,38,-37
119900141,32,760,-728
119900142,3,19,-16
119900143,5,58,-53
119900144,541,154,387
119900145,33,25,8
119900146,159,70,89
119900147,0,153,-153
119900148,584,22,562
119900149,295,7659,-7364
119900150,43,61,-18
119900151,1315,770,545
119900152,159,68,91
119900153,268,55,213
119900154,14,111,-97
119900155,32,8,24
119900156,3,4,-1
119900157,209,48,161
119900158,271,98,173
119900159,2,152,-150
119900160,6,60,-54
119900161,75,37,38
119900162,1543,528,1015
119900163,18,53,-35
119900164,0,1,-1
119900165,203,18,185
119900166,93,4,89
119900167,1,22,-21
119900168,2017,160,1857
119900169,6,163,-157
119900170,182,158,24
119900171,444,92,352
119900172,13,8,5
119900173,1,40,-39
119900174,0,21,-21
119900175,2766,188,2578
119900177,2,30,-28
119900178,0,44,-44
119900179,269,1328,-1059
119900180,1797,542,1255
119900181,22,28,-6
119900182,0,54,-54
119900183,100,278,-178
119900184,392,266,126
119900185,36,347,-311
119900186,10,2050,-2040
119900187,1,104,-103
119900188,204,234,-30
119900189,41,238,-197
119900190,81,296,-215
119900191,86,175,-89
119900192,25,69,-44
119900193,865,70,795
119900194,26,24,2
119900195,3,86,-83
119900196,132,72,60
119900197,415,121,294
119900198,100,200,-100
119900199,132,4,128
119900200,860,230,630
119900201,94,43,51
119900202,23,354,-331
119900203,202,606,-404
119900204,395,173,222
119900205,1301,173,1128
119900206,531,59,472
119900208,90,53,37
119900209,624,1956,-1332
119900210,56,1,55
119900211,10,1,9
119900212,659,238,421
119900213,1,26,-25
119900214,122,20,102
119900215,33,3,30
119900216,11,6,5
119900217,14,4,10
119900218,0,34,-34
119900219,10,27,-17
119900220,6,3,3
119900221,72,36,36
119900222,0,19,-19
119900223,10,14,-4
119900224,2,7,-5
119900225,97,31,66
119900226,113,2091,-1978
119900227,127,52,75
119900228,3,156,-153
119900229,83,91,-8
119900230,405,119,286
119900231,389,35,354
119900232,164,61,103
119900233,51,1,50
119900234,2,66,-64
119900235,2,22,-20
119900236,7,51,-44
119900237,21,238,-217
119900238,0,32,-32
119900240,77,30,47
119900241,72,101,-29
119900242,875,975,-100
119900244,450,648,-198
119900245,180,82,98
119900246,193,420,-227
119900247,10,27,-17
119900248,36,787,-751
119900249,522,37,485
119900253,455,212,243
119900254,70,1421,-1351
119900255,100,220,-120
119900256,1314,229,1085
119900257,175,0,175
119900258,206,7,199
119900259,23,18,5
119900260,307,5,302
119900261,556,47,509
119900262,0,58,-58
119900263,1183,95,1088
119900264,177,8,169
119900265,561,132,429
119900266,877,40,837
119900267,64,123,-59
119900268,190,24,166
119900269,1085,194,891
119900271,2,96,-94
119900272,46,73,-27
119900275,160,15,145
119900276,125,1,124
119900277,16,3,13
119900278,216,31,185
119900279,72,268,-196
119900280,306,22,284
119900281,0,434,-434
119900282,24,117,-93
119900283,9,62,-53
119900284,41,146,-105
119900285,0,60,-60
119900286,0,3,-3
119900288,3,5,-2
119900289,0,2,-2
119900290,7,1,6
119900291,0,20,-20
119900292,25,69,-44
119900293,43,13,30
119900294,40,27,13
119900295,21,8,13
119900296,19,7,12
119900297,0,4,-4
119900298,0,1,-1
119900299,48,53,-5
119900300,326,126,200
119900301,14,120,-106
119900302,13,81,-68
119900303,477,101,376
119900304,273,2,271
119900305,1,41,-40
119900306,9,0,9
119900307,31,15,16
119900308,0,25,-25
119900309,24,354,-330
119900310,97,87,10
119900311,199,12,187
119900312,98,4,94
119900313,112,80,32
119900314,315,438,-123
119900315,2692,564,2128
119900318,16,114,-98
119900319,0,83,-83
119900320,395,82,313
119900321,336,3,333
119900322,6,20,-14
119900323,1,22,-21
119900324,1,80,-79
119900325,183,35,148
119900326,44,9,35
120000001,6291,34382,-28091
120000002,2332,1892,440
120000003,1576,471,1105
120000004,2293,628,1665
120000005,2124,684,1440
120000006,1684,576,1108
120000007,2146,4315,-2169
120000008,1278,486,792
120000009,1163,669,494
120000010,2323,1611,712
120000011,1304,748,556
120000012,1889,792,1097
120000013,3958,1956,2002
120000014,1035,1077,-42
120000015,2750,1103,1647
120000016,4254,1686,2568
120000017,4629,4668,-39
120000018,2085,21374,-19289
120000019,1173,936,237
120000020,1716,2334,-618
120000021,1358,974,384
120000022,2386,2361,25
120000023,1499,1011,488
120000024,967,1114,-147
120000025,3103,661,2442
120000026,4555,991,3564
120000027,2394,1545,849
120000028,501,968,-467
120000029,782,620,162
120000030,179,713,-534
120000031,1705,4351,-2646
120000032,3260,1348,1912
120000033,4215,706,3509
120000034,5172,563,4609
120000035,3883,783,3100
120000036,3118,3962,-844
120000037,461,2047,-1586
120000038,1764,1706,58
120000039,281,648,-367
120000040,52,488,-436
120000041,606,574,32
120000042,3546,668,2878
120000043,7142,607,6535
120000044,9186,1194,7992
120000045,10537,453,10084
120000046,7342,5028,2314
120000047,436,13378,-12942
120000048,5554,2747,2807
120000049,5148,1925,3223
120000050,3554,3157,397
120000051,2015,4312,-2297
120000052,4055,629,3426
120000053,897,999,-102
120000054,831,1401,-570
120000055,1042,1612,-570
120000056,2968,1881,1087
120000057,3274,517,2757
120000058,1235,681,554
120000059,18,2263,-2245
120000061,147,385,-238
120000062,138,128,10
120000063,356,1642,-1286
120000064,492,402,90
120000065,423,452,-29
120000066,222,139,83
120000067,2,80,-78
120000068,476,129,347
120000069,1059,211,848
120000070,167,306,-139
120000071,1464,52,1412
120000072,1674,315,1359
120000073,1618,40,1578
120000074,47,25,22
120000075,1727,155,1572
120000076,3903,220,3683
120000077,3506,341,3165
120000078,1879,621,1258
120000079,554,160,394
120000080,185,174,11
120000081,450,53,397
120000082,581,199,382
120000083,68,687,-619
120000084,129,131,-2
120000085,166,97,69
120000086,134,109,25
120000087,243,74,169
120000088,678,396,282
120000089,851,165,686
120000090,621,250,371
120000091,1236,444,792
120000092,928,202,726
120000093,1422,260,1162
120000094,466,388,78
120000095,762,107,655
120000096,406,156,250
120000098,944,323,621
120000099,397,295,102
120000100,903,279,624
120000101,661,163,498
120000102,954,1110,-156
120000103,2038,672,1366
120000104,3337,231,3106
120000105,3587,135,3452
120000106,5586,128,5458
120000107,9765,171,9594
120000108,3269,52,3217
120000109,1799,37,1762
120000110,34,424,-390
120000111,118,389,-271
120000112,300,726,-426
120000113,259,649,-390
120000114,263,537,-274
120000115,246,505,-259
120000116,229,638,-409
120000117,284,429,-145
120000118,74,36,38
120000119,4,23,-19
120000120,260,268,-8
120000121,10,15,-5
120000122,214,1292,-1078
120000123,1550,12644,-11094
120000124,390,365,25
120000125,1340,421,919
120000126,619,1147,-528
120000127,732,572,160
120000128,2223,2146,77
120000129,271,132,139
120000130,878,262,616
120000131,579,336,243
120000134,158,142,16
120000135,1261,596,665
120000137,315,126,189
120000138,2722,96,2626
120000139,485,88,397
120000140,2586,110,2476
120000141,379,96,283
120000142,886,255,631
120000143,0,24,-24
120000144,115,18,97
120000145,684,0,684
120000146,754,1159,-405
120000149,380,309,71
120000150,1050,11912,-10862
120000151,900,159,741
120000152,1769,49,1720
120000153,1040,193,847
120000154,807,648,159
120000155,443,511,-68
120000156,359,3113,-2754
120000157,1922,287,1635
120000158,1449,266,1183
120000159,2267,853,1414
120000160,1742,1202,540
120000161,5443,2472,2971
120000162,124,230,-106
120000163,961,322,639
120000164,1010,93,917
120000165,1964,233,1731
120000166,2752,220,2532
120000167,69,98,-29
120000168,2,270,-268
120000169,0,633,-633
120000170,10,653,-643
120000171,3,151,-148
120000172,3,201,-198
120000173,103,363,-260
120000174,17,69,-52
120000175,27,34,-7
120000176,10,25,-15
120000177,261,136,125
120000178,9,4,5
120000179,16,38,-22
120000180,7,6,1
120000181,1,309,-308
120000182,2,536,-534
120000183,1,74,-73
120000184,43,453,-410
120000186,15,380,-365
120000187,9,301,-292
120000188,10,105,-95
120000190,28,14,14
120000191,47,23,24
120000192,40,3,37
120000193,9,1,8
120000195,3,0,3
120000196,18,2,16
120000197,1,3,-2
120000198,442,12,430
120000199,421,1,420
120000200,301,0,301
120000201,15,70,-55
120000202,0,46,-46
120000203,198,92,106
120000207,2,33,-31
120000208,19,27,-8
120000209,29,1,28
120000210,10,13,-3
120000211,1011,19,992
120000212,718,0,718
120000213,650,22,628
120000214,0,35,-35
120000215,0,23,-23
120000216,706,32,674
120000217,182,405,-223
120000218,15,372,-357
120000219,0,239,-239
120000220,0,538,-538
120000225,3823,1,3822
120000226,1008,16,992
120000227,1196,177,1019
120000228,4628,4744,-116
120000230,401,24,377
120000231,2475,308,2167
120000233,1358,68,1290
120000235,700,193,507
120000236,2947,2,2945
120000237,0,273,-273
120000238,0,290,-290
120000241,1382,5683,-4301
120000412,177,2,175
120000413,1057,109,948
120000414,458,3,455
120000415,1,8,-7
120000416,266,1,265
120000417,32,91,-59
120000418,724,23,701
120000419,8,22,-14
120000420,30,4,26
120000421,7074,3337,3737
120000422,49,4326,-4277
120000423,5,203,-198
120000424,707,49,658
120000436,114,1840,-1726
120000437,9,44,-35
120000438,1078,207,871
120000439,289,881,-592
120000443,248,0,248
120000444,2780,450,2330
120000445,2561,1036,1525
120000446,681,57,624
120000447,1211,1,1210
120000449,481,35,446
120000450,9,47,-38
120000451,306,71,235
120000452,250,0,250
120000453,0,19,-19
120000454,10,105,-95
120000455,138,19,119
120000456,762,5542,-4780
120000457,206,157,49
120000458,140,201,-61
120000459,292,36,256
120000665,66,190,-124
120000668,32,678,-646
120000669,655,56,599
120000670,37,227,-190
120000671,4030,1001,3029
120000672,74,280,-206
120900001,65,22,43
120900002,121,349,-228
120900003,123,6,117
120900004,42,159,-117
120900005,371,307,64
120900006,1247,108,1139
120900007,162,54,108
120900008,740,295,445
120900009,107,21,86
120900010,1076,82,994
120900011,3,110,-107
120900012,23,1225,-1202
120900013,449,71,378
120900014,0,82,-82
120900015,1640,25,1615
120900016,2746,42,2704
120900017,886,141,745
120900018,590,101,489
120900019,463,368,95
120900020,316,353,-37
120900021,478,71,407
120900022,67,109,-42
120900023,704,28,676
120900024,1125,200,925
120900025,746,356,390
120900026,124,42,82
120900027,234,5,229
120900028,936,210,726
120900029,8,1408,-1400
120900030,3157,175,2982
120900031,520,56,464
120900032,2731,50,2681
120900033,2091,87,2004
120900034,8,3442,-3434
120900035,52,16,36
120900037,600,12,588
120900038,72,624,-552
120900039,162,58,104
120900040,902,8,894
120900041,70,42,28
120900042,1028,5,1023
120900043,195,95,100
120900044,1,422,-421
120900045,128,11,117
120900046,1469,1,1468
120900047,219,328,-109
120900048,274,26,248
120900049,1563,9,1554
120900050,506,3861,-3355
120900051,700,65,635
120900052,2330,4,2326
120900053,850,29,821
120900054,534,155,379
120900055,1350,1,1349
120900056,1088,37,1051
120900057,613,14,599
120900058,1186,2,1184
120900059,268,10,258
120900060,151,5,146
120900061,151,98,53
120900062,692,1,691
120900063,1776,44,1732
120900064,1523,1,1522
120900065,1461,2,1459
120900066,2073,111,1962
120900067,308,89,219
120900068,977,2,975
120900069,971,9,962
120900071,15,1,14
120900072,1866,15,1851
120900073,1583,40,1543
120900074,1624,73,1551
120900076,1118,1,1117
120900077,944,387,557
120900078,1150,208,942
120900079,1970,66,1904
120900080,2160,236,1924
120900081,3422,882,2540
120900082,198,442,-244
120900083,112,1,111
120900084,638,518,120
120900085,16,33,-17
120900086,28,960,-932
120900087,660,189,471
120900088,289,935,-646
120900089,920,5576,-4656
120900090,349,10,339
120900091,169,741,-572
120900092,117,116,1
120900093,591,83,508
120900094,157,60,97
120900095,243,6,237
120900096,101,109,-8
120900097,326,181,145
120900098,13,80,-67
120900099,4,15,-11
120900100,39,68,-29
120900101,49,50,-1
120900102,63,3,60
120900103,104,116,-12
120900104,6,4,2
120900105,2,122,-120
120900106,214,69,145
120900107,71,57,14
120900108,2,134,-132
120900109,69,116,-47
120900110,5,91,-86
120900111,140,135,5
120900112,2,137,-135
120900113,25,146,-121
120900114,15,113,-98
120900115,160,160,0
120900116,1553,81,1472
120900117,0,68,-68
120900118,43,112,-69
120900119,3706,1074,2632
120900120,36,213,-177
120900121,17,151,-134
120900122,1785,100,1685
120900123,2,66,-64
120900124,5,174,-169
120900125,15,180,-165
120900126,122,308,-186
120900127,4,61,-57
120900128,145,397,-252
120900129,3,89,-86
120900130,4,148,-144
120900131,39,32,7
120900132,1525,60,1465
120900133,13,288,-275
120900134,41,126,-85
120900135,3,274,-271
120900136,20,74,-54
120900137,629,25,604
120900138,2,86,-84
120900139,1,201,-200
120900140,3,138,-135
120900141,277,78,199
120900142,0,63,-63
120900143,1,206,-205
120900144,1,50,-49
120900145,149,281,-132
120900146,0,114,-114
120900147,3,8,-5
120900148,225,47,178
120900149,0,92,-92
120900150,84,92,-8
120900151,0,69,-69
120900152,47,6,41
120900153,0,0,0
120900154,1,36,-35
120900155,384,172,212
120900156,398,99,299
120900157,0,0,0
120900158,63,134,-71
120900159,1,22,-21
120900160,14,371,-357
120900161,5,164,-159
120900162,10,108,-98
120900163,22,189,-167
120900164,0,28,-28
120900165,1,45,-44
120900166,70,352,-282
120900167,100,17,83
120900169,176,134,42
120900170,87,5746,-5659
120900171,286,35,251
120900172,19,682,-663
120900173,0,11,-11
120900174,4,42,-38
120900175,96,102,-6
120900176,12,328,-316
120900177,2,2216,-2214
120900178,1,759,-758
120900179,78,157,-79
120900180,70,66,4
120900181,0,0,0
120900182,21,25,-4
120900183,182,30,152
120900184,112,40,72
120900185,104,1034,-930
120900186,0,94,-94
120900187,1019,303,716
120900188,600,2,598
120900189,17,5022,-5005
120900190,487,18,469
120900191,316,4,312
120900192,3131,19980,-16849
120900194,194,56,138
120900195,37,34,3
120900196,82,25,57
120900197,953,45,908
120900198,73,211,-138
120900199,252,400,-148
120900200,24,67,-43
120900201,143,32,111
120900202,0,87,-87
120900203,30,40,-10
120900204,26,94,-68
120900205,19,13,6
120900206,92,47,45
120900207,8,400,-392
121000001,642,1482,-840
121000002,2083,1951,132
121000003,4837,1914,2923
121000004,1680,3221,-1541
121000005,2412,2672,-260
121000006,2094,2765,-671
121000007,2958,4127,-1169
121000008,3124,3915,-791
121000009,4160,7335,-3175
121000010,5170,5092,78
121000011,4762,4929,-167
121000012,9517,3541,5976
121000013,4789,4402,387
121000014,4117,2708,1409
121000015,4207,6353,-2146
121000016,3147,4418,-1271
121000017,2158,1437,721
121000018,2858,1502,1356
121000019,5534,5810,-276
121000020,7027,10880,-3853
121000021,1317,902,415
121000022,2340,2066,274
121000023,1994,369,1625
121000024,3853,3493,360
121000025,207,1276,-1069
121000026,155,167,-12
121000027,1259,1173,86
121000028,739,573,166
121000029,919,505,414
121000030,592,301,291
121000031,300,462,-162
121000032,135,108,27
121000034,306,646,-340
121000035,136,222,-86
121000036,931,972,-41
121000037,478,882,-404
121000038,362,1051,-689
121000039,96,425,-329
121000041,337,278,59
121000042,201,277,-76
121000043,331,391,-60
121000044,921,956,-35
121000045,431,304,127
121000046,850,495,355
121000047,28,119,-91
121000049,658,432,226
121000050,197,1291,-1094
121000051,618,236,382
121000052,423,822,-399
121000053,264,138,126
121000054,42,361,-319
121000055,662,2271,-1609
121000056,648,1388,-740
121000057,124,317,-193
121000058,124,33,91
121000059,3468,653,2815
121000060,559,960,-401
121000061,4,359,-355
121000062,57,583,-526
121000063,822,1204,-382
121000064,474,750,-276
121000065,116,412,-296
121000066,457,596,-139
121000067,281,733,-452
121000068,349,703,-354
121000069,116,1188,-1072
121000070,902,661,241
121000071,1478,1229,249
121000072,297,600,-303
121000073,872,842,30
121000074,27,147,-120
121000075,3,40,-37
121000076,305,163,142
121000077,119,122,-3
121000078,91,117,-26
121000080,1054,332,722
121000081,2112,3381,-1269
121000082,19,180,-161
121000083,69,87,-18
121000084,119,159,-40
121000085,157,383,-226
121000086,1183,691,492
121000087,56,143,-87
121000088,675,826,-151
121000089,75,476,-401
121000090,249,186,63
121000091,1314,781,533
121000092,152,42,110
121000093,255,112,143
121000094,189,664,-475
121000095,105,586,-481
121000096,5542,1407,4135
121000097,407,1794,-1387
121000098,481,542,-61
121000099,936,313,623
121000100,1137,150,987
121000101,253,84,169
121000102,458,109,349
121000103,196,305,-109
121000104,410,86,324
121000105,328,40,288
121000106,193,181,12
121000107,1487,2085,-598
121000109,877,791,86
121000110,154,655,-501
121000114,2293,1357,936
121000115,2062,467,1595
121000116,323,637,-314
121000117,212,274,-62
121000118,1286,169,1117
121000119,339,201,138
121000120,568,492,76
121000121,475,1289,-814
121000123,472,228,244
121000127,68,82,-14
121000128,1611,126,1485
121000129,1283,165,1118
121000130,329,1101,-772
121000131,1446,584,862
121000132,367,772,-405
121000135,77,159,-82
121000136,655,1402,-747
121000137,523,506,17
121000138,267,2684,-2417
121000139,149,712,-563
121000141,111,211,-100
121000142,445,469,-24
121000143,96,25,71
121000144,532,580,-48
121000145,632,660,-28
121000146,1007,873,134
121000147,1405,491,914
121000148,593,476,117
121000149,2788,1421,1367
121000152,187,168,19
121000153,1150,391,759
121000154,1424,382,1042
121000155,1924,725,1199
121000156,307,645,-338
121000157,360,746,-386
121000158,214,205,9
121000159,251,302,-51
121000160,214,219,-5
121000161,184,288,-104
121000162,177,68,109
121000165,727,1999,-1272
121000166,55,343,-288
121000168,538,117,421
121000169,65,72,-7
121000170,300,42,258
121000171,77,110,-33
121000172,989,701,288
121000173,1160,1132,28
121000174,678,554,124
121000175,1722,275,1447
121000176,426,195,231
121000177,730,442,288
121000178,48,58,-10
121000179,14,15,-1
121000181,177,328,-151
121000182,167,511,-344
121000183,23,141,-118
121000184,10,171,-161
121000185,32,394,-362
121000186,251,709,-458
121000187,221,64,157
121000188,356,30,326
121000192,691,204,487
121000193,599,103,496
121000194,1366,1483,-117
121000195,251,1085,-834
121000196,492,444,48
121000197,91,1018,-927
121000198,122,228,-106
121000199,301,683,-382
121000200,754,231,523
121000201,2,140,-138
121000202,791,92,699
121000203,641,1067,-426
121000204,2939,387,2552
121000205,111,162,-51
121000206,96,53,43
121000207,2043,798,1245
121000208,25,310,-285
121000209,1143,73,1070
121000210,760,385,375
121000211,527,32,495
121000212,495,458,37
121000213,14992,2743,12249
121000214,1106,2039,-933
121000215,549,1243,-694
121000216,380,529,-149
121000217,3803,4246,-443
121000218,530,1560,-1030
121000219,1701,816,885
121000220,272,27,245
121000221,648,615,33
121000222,6202,2657,3545
121000223,138,602,-464
121000224,164,412,-248
121000225,391,8991,-8600
121000226,914,3002,-2088
121000227,25,121,-96
121000228,24,563,-539
121000229,458,217,241
121000230,90,2504,-2414
121000231,2089,40,2049
121000232,400,290,110
121000233,884,374,510
121000234,22,31,-9
121000235,68,197,-129
121000236,7,45,-38
121000237,21,49,-28
121000238,1,28,-27
121000239,175,20,155
121000240,22,93,-71
121000241,86,1,85
121000242,5,141,-136
121000243,246,49,197
121000244,0,27,-27
121000245,16,7,9
121000246,0,45,-45
121000247,152,0,152
121000248,377,253,124
121000249,93,170,-77
121000250,596,839,-243
121000251,22,263,-241
121000252,180,122,58
121000253,443,658,-215
121000254,1367,453,914
121000255,102,338,-236
121000256,430,430,0
121000257,29,331,-302
121000258,29,216,-187
121000259,11,215,-204
121000260,13,141,-128
121000261,38,214,-176
121000262,1320,188,1132
121000263,408,381,27
121000271,948,1565,-617
121000273,35,4,31
121000274,12,240,-228
121000275,28,7,21
121000276,4,78,-74
121000278,88,86,2
121000279,31,40,-9
121000280,9,100,-91
121000289,593,14,579
121000290,838,1113,-275
121000294,322,29,293
121000297,136,881,-745
121000299,160,4675,-4515
121000300,1259,389,870
121000302,5,354,-349
121000303,604,162,442
121000304,336,41,295
121000305,214,26,188
121000306,230,196,34
121000308,67,129,-62
121000309,108,149,-41
121000310,122,148,-26
121000311,61,130,-69
121000312,440,210,230
121000313,142,146,-4
121000314,14,20,-6
121000315,6,46,-40
121000530,2172,1317,855
121000531,2174,863,1311
121000532,3410,4356,-946
121000533,3080,2297,783
121000918,9,114,-105
121000919,51,209,-158
121000938,72,123,-51
121000939,27,252,-225
121000956,2169,1884,285
121000957,20,36,-16
121000958,2,141,-139
121000959,1505,269,1236
121000960,1405,1362,43
121000961,437,53,384
121000962,162,166,-4
121000963,0,0,0
121000973,1,531,-530
121000976,0,77,-77
121000979,212,103,109
121000981,645,92,553
121000982,654,592,62
121000983,838,76,762
121000984,3,52,-49
121000985,1230,667,563
121000986,1173,183,990
121000987,226,499,-273
121000988,1653,59,1594
121001302,182,53,129
121001308,1,40,-39
121001309,14,650,-636
121001313,329,255,74
121001314,1886,2037,-151
121001315,4568,3390,1178
121900001,93,233,-140
121900002,42,169,-127
121900003,240,11,229
121900004,51,690,-639
121900005,33,8,25
121900006,136,9,127
121900007,1703,1220,483
121900008,41,63,-22
121900009,802,7,795
121900010,297,0,297
121900011,203,37,166
121900012,18,0,18
121900013,59,88,-29
121900014,1994,340,1654
121900015,65,84,-19
121900016,7,37,-30
121900017,542,326,216
121900018,392,1,391
121900019,471,154,317
121900020,27,15,12
121900021,1113,27,1086
121900022,186,148,38
121900023,160,343,-183
121900024,288,27,261
121900025,426,265,161
121900026,204,62,142
121900027,227,160,67
121900028,193,6,187
121900029,36,467,-431
121900030,339,304,35
121900031,1129,5780,-4651
121900032,121,56,65
121900033,64,185,-121
121900034,90,301,-211
121900035,4346,2448,1898
121900036,130,210,-80
121900037,128,629,-501
121900038,23,10,13
121900039,169,17,152
121900040,31,61,-30
121900041,16,135,-119
121900042,545,119,426
121900043,0,1,-1
121900044,32,24,8
121900046,76,90,-14
121900047,69,55,14
121900048,89,31,58
121900050,36,37,-1
121900051,113,209,-96
121900052,153,20,133
121900053,356,271,85
121900054,344,783,-439
121900055,1,14,-13
121900058,319,134,185
121900059,217,106,111
121900060,101,242,-141
121900061,199,293,-94
121900062,47,65,-18
121900063,1593,323,1270
121900064,412,560,-148
121900066,29,39,-10
121900067,102,11,91
121900069,76,142,-66
121900070,61,181,-120
121900071,744,278,466
121900072,29,49,-20
121900073,157,222,-65
121900074,305,343,-38
121900075,177,727,-550
121900076,418,938,-520
121900077,8,7,1
121900078,50,28,22
121900079,0,0,0
121900080,632,131,501
121900082,64,37,27
121900084,24,19,5
121900085,1,7,-6
121900086,32,55,-23
121900087,34,53,-19
121900088,1128,1197,-69
121900089,446,113,333
121900090,3,26,-23
121900091,61,5,56
121900092,135,32,103
121900093,51,36,15
121900094,12,7,5
121900095,344,71,273
121900096,1036,349,687
121900097,483,59,424
121900098,6,0,6
121900099,332,37,295
121900100,31,125,-94
121900101,112,57,55
121900102,3,62,-59
121900103,346,244,102
121900104,1684,187,1497
121900105,172,102,70
121900106,0,7,-7
121900107,89,31,58
121900108,0,8,-8
121900109,181,84,97
121900110,588,151,437
121900111,387,277,110
121900112,103,85,18
121900113,29,453,-424
121900114,5,6,-1
121900117,31,87,-56
121900118,1303,470,833
121900119,88,20,68
121900120,28,692,-664
121900121,344,16,328
121900122,39,21,18
121900123,257,254,3
121900124,146,76,70
121900125,1922,789,1133
121900127,1,62,-61
121900128,70,31,39
121900129,119,61,58
121900130,27,257,-230
121900131,290,33,257
121900132,101,101,0
121900133,33,493,-460
121900134,12,263,-251
121900135,3454,262,3192
121900136,109,107,2
121900137,2,302,-300
121900138,84,199,-115
121900139,331,1743,-1412
121900140,39,35,4
121900141,48,43,5
121900142,70,11,59
121900143,10,73,-63
121900144,79,480,-401
121900145,130,73,57
121900146,314,220,94
121900147,66,155,-89
121900148,54,209,-155
121900149,357,101,256
121900150,40,113,-73
121900151,3,189,-186
121900152,148,36,112
121900153,3,129,-126
121900154,2,270,-268
121900155,1,271,-270
121900156,93,101,-8
121900157,0,71,-71
121900158,111,95,16
121900159,0,123,-123
121900160,12,173,-161
121900161,51,152,-101
121900162,50,57,-7
121900163,731,135,596
121900164,130,85,45
121900165,95,92,3
121900166,119,60,59
121900167,59,46,13
121900168,85,32,53
121900169,15,121,-106
121900170,2,66,-64
121900171,533,257,276
121900172,445,244,201
121900173,398,285,113
121900174,40,13,27
121900175,40,654,-614
121900176,550,949,-399
121900177,127,64,63
121900178,57,29,28
121900179,106,214,-108
121900180,879,6479,-5600
121900182,375,422,-47
121900183,238,2204,-1966
121900184,4,691,-687
121900186,9,436,-427
121900187,15,49,-34
121900188,937,78,859
121900189,42,8,34
121900190,109,273,-164
121900191,13,146,-133
121900192,215,2241,-2026
121900193,33,85,-52
121900194,1,139,-138
121900195,2,15,-13
121900196,642,995,-353
121900197,321,434,-113
121900198,2671,2950,-279
121900199,4,54,-50
121900200,30,66,-36
121900201,624,942,-318
121900202,137,673,-536
121900203,54,873,-819
121900204,1105,1713,-608
121900205,3,83,-80
121900206,16,61,-45
121900207,25,58,-33
121900208,42,377,-335
121900209,47,89,-42
121900210,2787,1392,1395
121900211,341,203,138
121900212,5,101,-96
121900213,645,21,624
121900214,0,370,-370
121900215,65,125,-60
121900216,16,306,-290
121900217,81,189,-108
121900218,171,616,-445
121900220,76,9,67
121900221,326,256,70
121900222,218,22,196
121900223,88,93,-5
121900224,71,67,4
121900225,55,452,-397
121900226,189,26,163
121900227,250,1231,-981
121900228,85,82,3
121900230,36,162,-126
121900231,14,369,-355
121900232,106,285,-179
121900233,238,140,98
121900234,220,216,4
121900235,1004,70,934
121900236,236,67,169
121900237,118,491,-373
121900238,131,205,-74
121900239,99,48,51
121900240,80,78,2
121900241,35,36,-1
121900242,20,20,0
121900243,0,0,0
121900244,0,0,0
121900245,260,45,215
121900246,7335,259,7076
121900247,221,113,108
121900248,717,554,163
121900250,83,139,-56
121900251,469,34,435
121900252,203,95,108
121900253,84,721,-637
121900254,102,184,-82
121900255,444,37,407
121900258,4113,1500,2613
121900259,83,317,-234
121900260,193,69,124
121900261,11,424,-413
121900262,355,830,-475
121900263,203,209,-6
121900264,386,602,-216
121900265,384,51,333
121900266,858,194,664
121900267,90,16,74
121900269,206,676,-470
121900270,58,161,-103
121900271,11,88,-77
121900273,439,1669,-1230
121900274,616,162,454
121900277,204,1609,-1405
121900278,135,780,-645
121900279,232,167,65
121900280,56,327,-271
121900281,125,140,-15
121900284,9,1,8
121900286,191,68,123
121900287,3,60,-57
121900288,1,1,0
121900290,78,882,-804
121900291,276,788,-512
121900292,211,101,110
121900293,745,4696,-3951
121900294,421,14,407
121900295,155,40,115
121900296,107,111,-4
121900298,111,1004,-893
121900299,0,50,-50
121900300,18,28,-10
121900301,47,0,47
121900302,2,105,-103
121900303,72,316,-244
121900304,32,13,19
121900305,34,6,28
121900306,585,0,585
121900307,328,29,299
121900308,26,116,-90
121900309,5,120,-115
121900310,41,78,-37
121900311,605,7,598
121900312,468,1,467
121900313,505,25,480
121900314,0,9,-9
121900315,79,0,79
121900316,0,5,-5
121900317,52,8,44
121900318,0,0,0
121900319,51,277,-226
121900320,47,15,32
121900321,43,0,43
121900322,0,11,-11
121900323,22,30,-8
121900324,0,32,-32
121900325,22,0,22
121900326,9,23,-14
121900327,21,38,-17
121900328,4,12,-8
121900329,5,48,-43
121900330,1,80,-79
121900331,14,44,-30
121900332,25,38,-13
121900333,151,3,148
121900334,19,8,11
122000001,735,1886,-1151
122000002,2159,350,1809
122000003,517,838,-321
122000004,641,409,232
122000005,4550,1726,2824
122000006,388,666,-278
122000007,240,798,-558
122000008,673,1688,-1015
122000009,220,292,-72
122000010,1373,1857,-484
122000011,2721,969,1752
122000012,336,1176,-840
122000013,409,1043,-634
122000014,6010,1309,4701
122000015,1010,505,505
122000016,249,369,-120
122000017,777,821,-44
122000018,1864,1321,543
122000019,621,1797,-1176
122000020,225,371,-146
122000021,101,294,-193
122000022,597,994,-397
122000023,332,1292,-960
122000024,203,1604,-1401
122000025,359,1749,-1390
122000026,233,759,-526
122000027,354,410,-56
122000028,1214,500,714
122000029,258,606,-348
122000030,152,136,16
122000031,129,494,-365
122000032,2173,1462,711
122000033,252,1321,-1069
122000034,172,840,-668
122000035,126,304,-178
122000036,255,267,-12
122000037,415,187,228
122000038,133,217,-84
122000039,366,408,-42
122000040,123,263,-140
122000041,924,867,57
122000042,278,638,-360
122000043,83,101,-18
122000044,54,103,-49
122000045,855,598,257
122000046,487,610,-123
122000047,41,160,-119
122000048,1482,2749,-1267
122000049,3724,2111,1613
122000050,421,478,-57
122000051,218,614,-396
122000052,338,513,-175
122000053,181,1326,-1145
122000054,1928,1384,544
122000055,1170,2196,-1026
122000056,2097,1538,559
122000057,1718,1962,-244
122000058,304,860,-556
122000059,497,1827,-1330
122000060,263,670,-407
122000061,121,283,-162
122000062,488,227,261
122000063,200,715,-515
122000064,2134,3224,-1090
122000065,1687,1985,-298
122000066,490,1592,-1102
122000067,845,1163,-318
122000068,2208,963,1245
122000069,914,765,149
122000070,1400,1021,379
122000071,3485,856,2629
122000072,602,507,95
122000073,83,730,-647
122000074,1918,1377,541
122000075,862,555,307
122000076,3186,920,2266
122000077,452,1465,-1013
122000078,334,1083,-749
122000079,97,1557,-1460
122000080,371,246,125
122000081,122,124,-2
122000082,191,852,-661
122000083,4807,657,4150
122000084,4126,1263,2863
122000085,226,502,-276
122000086,1766,5452,-3686
122000087,180,139,41
122000088,35,156,-121
122000089,3917,2535,1382
122000090,338,974,-636
122000091,57,597,-540
122000092,34,159,-125
122000093,1179,3514,-2335
122000094,4940,2099,2841
122000095,469,2993,-2524
122000096,367,2057,-1690
122000098,3063,2867,196
122000099,255,1938,-1683
122000100,375,271,104
122000101,182,320,-138
122000102,3051,1009,2042
122000103,840,1986,-1146
122000104,1547,131,1416
122000105,221,382,-161
122000106,365,1551,-1186
122000107,938,245,693
122000108,588,344,244
122000109,263,206,57
122000110,544,404,140
122000111,1531,949,582
122000112,1465,1445,20
122000113,524,306,218
122000114,1051,3118,-2067
122000115,2887,1614,1273
122000116,138,411,-273
122000117,677,242,435
122000118,705,196,509
122000119,985,666,319
122000120,424,1060,-636
122000121,487,1054,-567
122000122,160,593,-433
122000123,680,1414,-734
122000124,402,230,172
122000125,158,321,-163
122000126,96,290,-194
122000127,118,427,-309
122000128,111,225,-114
122000129,191,2328,-2137
122000130,1435,573,862
122000131,941,329,612
122000132,116,136,-20
122000133,762,401,361
122000134,655,604,51
122000135,394,152,242
122000136,388,513,-125
122000137,2150,445,1705
122000139,713,3113,-2400
122000140,100,804,-704
122000141,3003,1395,1608
122000142,101,1318,-1217
122000143,201,224,-23
122000144,1707,563,1144
122000145,534,903,-369
122000146,351,1652,-1301
122000147,268,797,-529
122000148,250,1202,-952
122000149,1237,530,707
122000150,1394,706,688
122000151,32,230,-198
122000152,191,243,-52
122000153,324,255,69
122000154,199,175,24
122000155,654,1478,-824
122000156,9563,4409,5154
122000157,354,9884,-9530
122000158,191,613,-422
122000159,773,510,263
122000160,1624,759,865
122000161,886,625,261
122000162,455,895,-440
122000163,317,103,214
122000164,56,115,-59
122000165,783,1504,-721
122000166,444,2041,-1597
122000167,195,415,-220
122000168,192,1158,-966
122000169,306,137,169
122000170,183,162,21
122000171,10,59,-49
122000172,1726,1044,682
122000173,1500,1712,-212
122000174,878,3476,-2598
122000175,346,274,72
122000176,229,1499,-1270
122000177,625,1732,-1107
122000178,3464,2966,498
122000179,3052,3964,-912
122000180,392,807,-415
122000181,517,1313,-796
122000182,674,746,-72
122000183,1471,771,700
122000184,2249,2360,-111
122000185,901,2342,-1441
122000186,523,1166,-643
122000187,1453,705,748
122000188,261,158,103
122000189,179,159,20
122000190,447,1644,-1197
122000191,485,541,-56
122000192,908,426,482
122000193,392,657,-265
122000194,339,162,177
122000195,152,1142,-990
122000196,1024,213,811
122000197,539,540,-1
122000198,150,1926,-1776
122000199,198,267,-69
122000200,613,603,10
122000201,762,2337,-1575
122000202,514,2295,-1781
122000203,1334,713,621
122000204,649,756,-107
122000205,283,348,-65
122000206,4275,918,3357
122000207,1804,1743,61
122000208,1695,1381,314
122000209,2008,397,1611
122000210,1479,1912,-433
122000211,599,1285,-686
122000212,624,410,214
122000213,808,1257,-449
122000214,1522,1439,83
122000215,2049,2026,23
122000217,773,1546,-773
122000218,491,37,454
122000219,937,474,463
122000220,122,648,-526
122000221,95,277,-182
122000222,364,103,261
122000223,505,559,-54
122000225,522,252,270
122000226,840,1354,-514
122000227,110,965,-855
122000228,101,149,-48
122000229,28,297,-269
122000230,17,244,-227
122000231,155,432,-277
122000232,272,304,-32
122000233,0,41,-41
122000234,721,45,676
122000235,409,49,360
122000236,1381,55,1326
122000237,41,29,12
122000238,186,369,-183
122000239,450,126,324
122000240,1069,335,734
122000241,2682,353,2329
122000242,375,24,351
122000243,420,29,391
122000244,60,138,-78
122000245,144,44,100
122000246,510,203,307
122000247,414,121,293
122000248,704,294,410
122000249,1644,718,926
122000250,1788,919,869
122000251,50,124,-74
122000252,161,35,126
122000253,28,73,-45
122000254,400,53,347
122000255,344,499,-155
122000256,252,307,-55
122000257,235,104,131
122000258,373,160,213
122000259,55,100,-45
122000260,4,104,-100
122000261,10,198,-188
122000262,0,15,-15
122000263,181,79,102
122000264,1859,258,1601
122000265,2431,966,1465
122000266,3113,620,2493
122000267,37,106,-69
122000268,130,121,9
122000269,1003,158,845
122000270,604,201,403
122000271,75,2218,-2143
122000272,214,309,-95
122000273,430,136,294
122000274,145,135,10
122000275,21,113,-92
122000276,1747,604,1143
122000277,772,2381,-1609
122000278,1761,164,1597
122000279,179,218,-39
122000280,335,449,-114
122000281,348,251,97
122000282,77,701,-624
122000283,388,285,103
122000284,30,69,-39
122000285,422,110,312
122000286,96,216,-120
122000287,1639,1983,-344
122000288,372,296,76
122000291,2514,459,2055
122000293,119,55,64
122000294,126,488,-362
122000295,1238,89,1149
122000296,36,1020,-984
122000297,1577,3646,-2069
122000299,487,182,305
122000300,201,322,-121
122000301,5231,3935,1296
122000302,386,5028,-4642
122000303,1316,726,590
122000304,14,272,-258
122000305,1891,361,1530
122000306,91,198,-107
122000307,70,122,-52
122000309,26,84,-58
122000310,13,100,-87
122000311,19,73,-54
122000312,168,174,-6
122000313,22,113,-91
122000314,252,417,-165
122000315,315,9,306
122000316,1510,277,1233
122000317,2850,156,2694
122000318,246,1863,-1617
122000319,103,183,-80
122000320,289,561,-272
122000321,55,98,-43
122000322,887,1229,-342
122000323,251,1160,-909
122000324,1486,2013,-527
122000325,659,1163,-504
122000326,159,41,118
122000327,106,533,-427
122000328,417,458,-41
122000330,1178,1120,58
122000332,228,482,-254
122000333,27,32,-5
122000337,1341,318,1023
122000338,374,95,279
122000340,78,3264,-3186
122000342,1067,572,495
122000343,447,259,188
122000344,62,10,52
122000345,16,37,-21
122000346,136,93,43
122000348,392,425,-33
122000349,74,260,-186
122000351,418,148,270
122000352,113,130,-17
122000353,148,58,90
122000355,50,501,-451
122000356,244,1241,-997
122000357,53,12,41
122000358,0,10,-10
122000359,0,5,-5
122000360,5,1,4
122000362,16,3,13
122000364,425,165,260
122000365,2,37,-35
122000366,40,2,38
122000368,440,704,-264
122000370,16,6,10
122000371,34,0,34
122000372,39,1,38
122000381,263,256,7
122000382,42,144,-102
122000384,898,879,19
122000385,83,1,82
122000386,97,1526,-1429
122000387,305,1880,-1575
122000388,1203,908,295
122000389,158,917,-759
122000390,155,662,-507
122000391,44,1450,-1406
122000392,63,168,-105
122000393,13,185,-172
122000394,607,125,482
122000395,125,112,13
122000396,351,66,285
122000397,39,56,-17
122000398,12,154,-142
122000399,115,14,101
122000400,25,1346,-1321
122000401,91,54,37
122000402,825,63,762
122000403,238,271,-33
122000404,264,145,119
122000408,444,672,-228
122000503,5,78,-73
122000524,16,167,-151
122000544,117,2573,-2456
122000616,181,0,181
122000640,153,72,81
122000641,225,164,61
122000642,1374,396,978
122000643,19,159,-140
122000644,94,49,45
122000645,24,129,-105
122000651,230,1640,-1410
122000664,346,41,305
122000665,938,348,590
122000666,328,332,-4
122000673,45,139,-94
122000674,569,206,363
122000675,2567,496,2071
122000686,290,1117,-827
122000687,2330,121,2209
122000688,244,367,-123
122000689,1992,158,1834
122000690,4424,177,4247
122000691,1045,409,636
122000692,1290,105,1185
122000693,291,404,-113
122000695,413,187,226
122000696,995,76,919
122000698,364,88,276
122000699,506,90,416
122000701,2827,213,2614
122000702,583,743,-160
122000703,151,28,123
122000712,0,0,0
122000717,60,93,-33
122000718,149,1607,-1458
122000719,6,107,-101
122000720,985,79,906
122000724,25,19,6
122900001,32,18,14
122900002,700,7750,-7050
122900003,494,2,492
122900004,4106,260,3846
122900005,28,291,-263
122900006,417,2165,-1748
122900007,43,81,-38
122900008,239,418,-179
122900009,343,235,108
122900010,160,127,33
122900012,226,324,-98
122900014,113,81,32
122900015,1022,536,486
122900016,145,143,2
122900017,225,874,-649
122900018,186,4,182
122900019,2,88,-86
122900020,208,566,-358
122900021,36,273,-237
122900022,1310,1150,160
122900023,945,106,839
122900024,99,84,15
122900025,39,254,-215
122900026,1,113,-112
122900027,60,763,-703
122900028,29,38,-9
122900029,5982,1553,4429
122900030,1548,173,1375
122900031,58,322,-264
122900032,493,225,268
122900033,131,129,2
122900034,2853,3473,-620
122900035,20,7,13
122900036,97,69,28
122900037,462,273,189
122900038,40,2406,-2366
122900039,25,424,-399
122900040,275,925,-650
122900041,121,562,-441
122900042,113,109,4
122900043,365,222,143
122900044,103,359,-256
122900045,84,143,-59
122900046,29,388,-359
122900047,112,93,19
122900048,22,303,-281
122900049,2495,52,2443
122900051,48,343,-295
122900052,91,59,32
122900053,49,27,22
122900055,209,23,186
122900057,273,10,263
122900061,548,42,506
122900062,462,828,-366
122900063,233,79,154
122900064,785,644,141
122900065,393,143,250
122900066,423,107,316
122900067,449,209,240
122900068,117,151,-34
122900069,232,2022,-1790
122900070,419,57,362
122900071,37,300,-263
122900072,17,122,-105
122900073,19,77,-58
122900074,1562,165,1397
122900075,1,29,-28
122900076,0,102,-102
122900077,0,43,-43
122900078,411,66,345
122900080,5,26,-21
122900081,188,57,131
122900082,1515,46,1469
122900083,38,5,33
122900084,17,73,-56
122900086,3,48,-45
122900087,370,129,241
122900088,21,786,-765
122900089,27,383,-356
122900090,0,154,-154
122900091,712,0,712
122900092,0,126,-126
122900093,2,108,-106
122900094,0,60,-60
122900095,269,34,235
122900096,869,74,795
122900097,13,60,-47
122900098,8,164,-156
122900099,180,93,87
122900100,50,1379,-1329
122900101,452,252,200
122900102,65,74,-9
122900103,642,10,632
122900104,639,4,635
122900105,18,30,-12
122900106,0,36,-36
122900107,1,46,-45
122900108,0,32,-32
123000001,547,819,-272
123000002,1698,5365,-3667
123000003,4493,3525,968
123000004,2076,2741,-665
123000005,3558,2027,1531
123000006,2077,1185,892
123000007,3858,1656,2202
123000008,1810,2228,-418
123000009,4349,2511,1838
123000010,2771,2945,-174
123000011,1230,1115,115
123000012,476,3007,-2531
123000013,5328,1058,4270
123000014,612,2217,-1605
123000015,2294,876,1418
123000016,2079,1940,139
123000017,5287,2172,3115
123000018,143,55,88
123000019,1234,24,1210
123000020,698,37,661
123000021,551,763,-212
123000022,1483,2738,-1255
123000023,1970,2449,-479
123000024,2088,887,1201
123000025,456,66,390
123000026,9,123,-114
123000027,31,670,-639
123000028,474,3953,-3479
123000029,758,2113,-1355
123000030,344,243,101
123000031,680,135,545
123000032,976,211,765
123000033,466,97,369
123000034,1263,807,456
123000035,314,488,-174
123000036,211,1193,-982
123000037,185,99,86
123000038,18,261,-243
123000039,577,1337,-760
123000040,465,135,330
123000041,448,990,-542
123000042,266,819,-553
123000043,1223,13639,-12416
123000044,2352,1676,676
123000045,2304,1202,1102
123000046,165,1064,-899
123000047,249,419,-170
123000048,106,1616,-1510
123000049,3914,7538,-3624
123000050,2406,1241,1165
123000051,80,262,-182
123000052,868,2154,-1286
123000053,1873,1805,68
123000054,2707,1936,771
123000055,1877,4556,-2679
123000056,918,467,451
123000057,2263,4011,-1748
123000058,529,1348,-819
123000059,109,372,-263
123000060,1172,238,934
123000061,302,213,89
123000063,1369,1019,350
123000064,1744,121,1623
123000065,2256,2275,-19
123000066,270,327,-57
123000067,976,227,749
123000068,1221,1285,-64
123000069,1540,740,800
123000070,113,205,-92
123000071,2528,396,2132
123000072,779,353,426
123000073,2577,508,2069
123000074,834,571,263
123000075,325,1749,-1424
123000076,820,261,559
123000077,1573,725,848
123000078,2915,638,2277
123000079,3195,871,2324
123000080,2410,577,1833
123000081,123,128,-5
123000082,180,346,-166
123000083,854,112,742
123000084,662,277,385
123000085,651,43,608
123000086,1309,40,1269
123000087,509,191,318
123000088,828,231,597
123000089,1453,558,895
123000090,1281,524,757
123000091,2005,1127,878
123000092,772,936,-164
123000094,974,60,914
123000095,1470,238,1232
123000096,1436,178,1258
123000097,674,117,557
123000098,1448,112,1336
123000099,847,180,667
123000100,111,488,-377
123000101,261,203,58
123000102,302,925,-623
123000104,411,393,18
123000105,233,66,167
123000106,765,254,511
123000107,291,109,182
123000108,320,586,-266
123000111,1260,151,1109
123000112,1771,231,1540
123000113,504,419,85
123000114,303,673,-370
123000115,521,288,233
123000116,69,33,36
123000117,2898,1119,1779
123000118,585,240,345
123000119,279,206,73
123000120,151,233,-82
123000121,615,431,184
123000122,259,111,148
123000123,839,299,540
123000124,352,145,207
123000125,1318,709,609
123000126,1052,3751,-2699
123000127,502,298,204
123000128,273,89,184
123000129,1453,70,1383
123000130,1840,32,1808
123000131,2037,808,1229
123000132,296,278,18
123000133,181,53,128
123000134,181,36,145
123000135,3133,410,2723
123000136,215,229,-14
123000137,298,65,233
123000138,162,190,-28
123000139,1071,43,1028
123000140,29,395,-366
123000141,381,14,367
123000142,988,696,292
123000143,844,1387,-543
123000144,1,9,-8
123000145,163,233,-70
123000146,39,279,-240
123000147,39,368,-329
123000149,321,160,161
123000150,78,102,-24
123000151,86,346,-260
123000152,5,140,-135
123000153,71,729,-658
123000154,699,1967,-1268
123000155,936,1645,-709
123000156,6,25,-19
123000157,760,906,-146
123000158,316,1251,-935
123000159,1831,4562,-2731
123000160,845,1380,-535
123000161,1139,1433,-294
123000162,1924,1892,32
123000163,878,155,723
123000164,2971,149,2822
123000165,135,546,-411
123000166,5,52,-47
123000167,147,86,61
123000168,403,82,321
123000169,1446,65,1381
123000170,329,20,309
123000171,2099,6,2093
123000172,70,204,-134
123000173,712,172,540
123000174,752,452,300
123000175,160,543,-383
123000176,847,270,577
123000177,234,321,-87
123000178,1164,249,915
123000179,12,363,-351
123000180,1687,167,1520
123000181,141,399,-258
123000182,333,51,282
123000183,173,499,-326
123000184,33,233,-200
123000185,1100,618,482
123000186,3,122,-119
123000187,533,25,508
123000188,531,1,530
123000189,224,86,138
123000190,53,85,-32
123000192,3,164,-161
123000193,10,240,-230
123000194,152,94,58
123000195,290,6,284
123000196,514,39,475
123000197,85,112,-27
123000198,87,224,-137
123000199,72,200,-128
123000200,617,9,608
123000201,1334,16,1318
123000202,27,183,-156
123000203,1671,15,1656
123000204,19,323,-304
123000205,113,375,-262
123000206,3099,154,2945
123000207,67,255,-188
123000208,1131,35,1096
123000209,1856,327,1529
123000210,59,576,-517
123000211,222,788,-566
123000212,4761,221,4540
123000213,623,72,551
123000215,97,183,-86
123000216,185,1755,-1570
123000217,192,10,182
123000218,13,413,-400
123000219,452,104,348
123000220,594,95,499
123000221,274,58,216
123000222,435,142,293
123000223,1065,115,950
123000224,675,179,496
123000225,516,24,492
123000226,297,152,145
123000227,107,148,-41
123000228,467,45,422
123000229,457,513,-56
123000232,48,233,-185
123000233,964,65,899
123000234,128,318,-190
123000235,1741,153,1588
123000236,296,288,8
123000237,907,143,764
123000238,21,275,-254
123000239,246,272,-26
123000240,63,924,-861
123000241,149,30,119
123000242,161,153,8
123000243,898,748,150
123000244,676,418,258
123000245,8,104,-96
123000249,260,538,-278
123000252,877,345,532
123000253,2115,351,1764
123000254,516,308,208
123000255,776,527,249
123000256,7,56,-49
123000257,1178,708,470
123000258,526,225,301
123000259,305,299,6
123000260,894,148,746
123000261,499,110,389
123000262,34,89,-55
123000263,698,46,652
123000264,187,57,130
123000265,14,56,-42
123000266,329,375,-46
123000267,799,240,559
123000268,43,41,2
123000269,41,23,18
123000270,41,32,9
123000271,14,11,3
123000272,728,212,516
123000273,257,992,-735
123000274,1457,642,815
123000275,89,537,-448
123000278,968,3883,-2915
123000279,250,83,167
123000280,249,169,80
123000281,318,36,282
123000282,69,173,-104
123000283,221,80,141
123000284,54,62,-8
123000286,83,351,-268
123000287,153,171,-18
123000288,694,1377,-683
123000289,115,1689,-1574
123000291,55,512,-457
123000294,145,171,-26
123000295,550,1204,-654
123000296,989,578,411
123000297,1075,171,904
123000298,1980,294,1686
123000299,136,79,57
123000300,1653,838,815
123000301,265,313,-48
123000302,261,52,209
123000303,15,905,-890
123000305,367,450,-83
123000306,297,76,221
123000309,41,72,-31
123000310,39,29,10
123000311,0,51,-51
123000312,399,140,259
123000313,600,1033,-433
123000315,430,141,289
123000316,1018,529,489
123000317,284,178,106
123000318,27,277,-250
123000329,8,6,2
123000337,226,213,13
123000338,132,192,-60
123000339,564,53,511
123000340,108,136,-28
123000342,10,33,-23
123000343,121,18,103
123000344,321,70,251
123000345,245,140,105
123000346,787,58,729
123000352,783,413,370
123000353,112,50,62
123000354,383,15,368
123000355,2,397,-395
123000356,356,9,347
123000357,1,47,-46
123000359,0,44,-44
123000360,196,314,-118
123000361,322,126,196
123000362,584,47,537
123000363,229,41,188
123000364,367,344,23
123000365,2,314,-312
123000366,276,2988,-2712
123000367,175,212,-37
123000370,43,35,8
123000371,975,46,929
123000372,427,8,419
123000373,1,126,-125
123000374,14,28,-14
123000375,433,28,405
123000376,1130,838,292
123000377,743,11,732
123000378,5,115,-110
123000379,2,104,-102
123000380,3,201,-198
123000381,26,156,-130
123000382,606,122,484
123000383,18,464,-446
123000384,928,176,752
123000385,93,317,-224
123000436,101,1523,-1422
123000507,25,92,-67
123000508,154,1228,-1074
123000517,116,0,116
123000518,4,46,-42
123000519,146,32,114
123000520,7,49,-42
123000521,556,30,526
123000522,67,79,-12
123000541,31,5,26
123000542,0,3,-3
123000565,828,52,776
123000566,587,87,500
123000567,218,64,154
123000573,27,369,-342
123000574,1369,41,1328
123000575,3443,321,3122
123000576,1002,504,498
123000577,55,340,-285
123000578,725,128,597
123000579,758,7021,-6263
123000580,100,111,-11
123000582,652,21,631
123000583,3,189,-186
123000584,223,80,143
123000585,0,13,-13
123000586,241,10,231
123000596,36,20,16
123000597,108,155,-47
123000602,267,30,237
123000603,2023,201,1822
123000604,1244,227,1017
123000605,1009,76,933
123000606,2,738,-736
123000609,16,243,-227
123000610,58,93,-35
123000613,140,45,95
123000614,454,40,414
123000615,61,46,15
123000616,1110,46,1064
123000617,88,61,27
123000618,3,264,-261
123000619,675,22,653
123000620,1,138,-137
123000622,1005,5,1000
123000624,496,109,387
123000630,2954,692,2262
123000631,271,439,-168
123000632,601,338,263
123000633,0,202,-202
123000634,25,636,-611
123000635,32,239,-207
123000636,57,223,-166
123000637,327,9,318
123000638,833,37,796
123000639,834,8154,-7320
123000640,17,177,-160
123000648,907,9,898
123000649,11,252,-241
123900001,1376,37,1339
123900002,18,1119,-1101
123900003,82,269,-187
123900005,350,189,161
123900006,630,60,570
124000001,2948,219,2729
124000002,11,441,-430
124000003,1630,163,1467
124000004,90,200,-110
124000005,1343,2608,-1265
124000006,154,320,-166
124000007,1255,175,1080
124000008,0,640,-640
124000009,1122,611,511
124000010,512,542,-30
124000011,1563,887,676
124000012,360,206,154
124000017,291,89,202
124000018,114,98,16
124000019,301,55,246
124000020,32,100,-68
124000021,148,65,83
124000022,20,137,-117
124000023,1725,1275,450
124000024,894,229,665
124000025,1315,1263,52
124000026,951,796,155
124000027,2889,2039,850
124000028,1324,3211,-1887
124000030,1670,932,738
124000031,1047,16036,-14989
124000032,1042,551,491
124000033,800,2132,-1332
124000034,769,975,-206
124000035,436,117,319
124000036,221,633,-412
124000037,219,393,-174
124000038,2,92,-90
124000039,349,123,226
124000040,123,633,-510
124000041,1026,46,980
124000042,271,164,107
124000043,206,37,169
124000044,103,61,42
124000045,2418,157,2261
124000046,217,409,-192
124000047,3762,185,3577
124000048,1172,219,953
124000049,2814,154,2660
124000050,808,378,430
124000051,2341,237,2104
124000052,588,271,317
124000053,374,3309,-2935
124000054,329,129,200
124000055,834,6941,-6107
124000056,672,579,93
124000057,2262,156,2106
124000058,683,605,78
124000059,1509,1088,421
124000060,387,401,-14
124000061,1486,8208,-6722
124000062,1980,760,1220
124000063,1190,531,659
124000064,1023,603,420
124000065,49,1341,-1292
124000066,93,126,-33
124000067,119,64,55
124000068,174,269,-95
124000069,516,79,437
124000070,561,150,411
124000071,186,63,123
124000072,451,199,252
124000073,1157,46,1111
124000074,227,208,19
124000075,664,14,650
124000076,103,29,74
124000077,333,355,-22
124000078,1417,587,830
124000079,173,619,-446
124000080,1356,147,1209
124000081,249,279,-30
124000082,130,72,58
124000083,7,35,-28
124000084,28,1471,-1443
124000085,26,15,11
124000086,5,280,-275
124000087,38,177,-139
124000088,146,174,-28
124000089,540,89,451
124000090,184,46,138
124000091,752,54,698
124000092,351,304,47
124000093,189,17,172
124000094,74,192,-118
124000095,157,81,76
124000096,138,43,95
124000097,190,101,89
124000098,140,16,124
124000099,343,54,289
124000100,101,85,16
124000101,251,106,145
124000102,63,16,47
124000103,300,126,174
124000104,102,16,86
124000105,310,83,227
124000106,127,22,105
124000107,36,261,-225
124000108,28,5,23
124000109,157,73,84
124000110,100,32,68
124000111,266,115,151
124000112,1532,346,1186
124000113,219,107,112
124000114,728,248,480
124000115,247,577,-330
124000116,31,284,-253
124000117,20,40,-20
124000118,7,48,-41
124000119,1001,381,620
124000120,680,270,410
124000121,1053,1066,-13
124000122,401,1322,-921
124000123,489,221,268
124000124,490,325,165
124000125,442,252,190
124000126,272,204,68
124000127,1022,274,748
124000128,645,278,367
124000129,1459,756,703
124000130,377,194,183
124000131,614,484,130
124000132,380,395,-15
124000133,1285,625,660
124000134,601,291,310
124000135,1201,1341,-140
124000136,358,382,-24
124000137,750,573,177
124000138,500,448,52
124000139,253,46,207
124000140,5,429,-424
124000141,1046,36,1010
124000142,25,209,-184
124000143,69,1,68
124000144,0,166,-166
124000145,96,9,87
124000146,1,48,-47
124000148,12,41,-29
124000149,1263,205,1058
124000150,271,340,-69
124000151,1588,155,1433
124000152,778,510,268
124000153,853,299,554
124000154,283,204,79
124000155,807,574,233
124000156,652,417,235
124000169,152,781,-629
124000170,402,324,78
124000171,374,387,-13
124000172,209,293,-84
124000173,1158,187,971
124000174,638,322,316
124000175,0,73,-73
124000176,67,34,33
124000177,0,33,-33
124000178,62,91,-29
124000190,24,45,-21
124000191,124,461,-337
124000192,1260,859,401
124000193,108,4532,-4424
124000194,187,259,-72
124000195,452,347,105
124000196,574,505,69
124000197,56,13,43
124000198,114,33,81
124000201,49,325,-276
124000202,998,103,895
124000203,1514,127,1387
124000204,3161,185,2976
124000205,206,132,74
124000206,2264,158,2106
124000207,1,11,-10
124000209,158,88,70
124000210,1953,275,1678
124000211,1550,1,1549
124000212,0,47,-47
124000213,1201,147,1054
124000214,1108,193,915
124000215,1318,7,1311
124000216,3,198,-195
124000329,19,499,-480
124000338,10,250,-240
124000339,4840,56,4784
124000341,3340,46,3294
124000344,85,20,65
124000357,1186,3837,-2651
124000358,583,2194,-1611
124000359,1609,692,917
124000360,1897,421,1476
124000361,4351,1405,2946
124000362,1556,3159,-1603
124000363,735,228,507
124000364,571,257,314
124000365,1188,657,531
124000366,2842,522,2320
124000367,37,175,-138
124000368,261,2452,-2191
124000369,106,103,3
124000370,50,803,-753
124000402,30,30,0
124000403,154,50,104
124000404,6,26,-20
124000405,700,513,187
124000406,531,235,296
124000407,0,20,-20
124000411,2,352,-350
124000412,732,17,715
124000413,93,373,-280
124000414,175,51,124
124000415,42,34,8
124000416,118,68,50
124000417,419,71,348
124000418,502,22,480
124000419,85,11,74
124000420,332,5,327
124000421,84,44,40
124000422,11,21,-10
124000423,176,17,159
124000424,4,18,-14
124000425,151,188,-37
124000426,42,59,-17
124000427,490,9,481
124000428,4,1116,-1112
124000429,223,31,192
124000430,1137,453,684
124000431,504,166,338
124000432,408,677,-269
124000439,27,0,27
124000443,1,3,-2
124000445,231,4481,-4250
124000446,1258,726,532
124000447,0,34,-34
124900001,1600,97,1503
124900002,183,82,101
124900003,1608,188,1420
124900004,1646,159,1487
124900005,121,37,84
124900006,1405,119,1286
124900008,498,250,248
124900009,29,490,-461
124900010,378,64,314
124900011,1209,140,1069
124900012,210,55,155
124900013,654,68,586
124900014,185,10,175
124900015,143,559,-416
124900016,131,203,-72
124900017,161,6147,-5986
124900018,211,4,207
124900020,189,36,153
124900021,622,27,595
124900022,90,1,89
124900024,924,18,906
124900026,55,46,9
124900027,167,230,-63
124900028,134,60,74
124900029,14,757,-743
124900030,1,40,-39
124900031,11,157,-146
124900032,89,56,33
124900033,79,58,21
124900034,4,31,-27
124900035,86,38,48
124900036,3,56,-53
124900037,87,47,40
124900038,71,145,-74
124900039,0,58,-58
124900040,111,18,93
124900041,184,388,-204
124900042,12,1,11
124900043,501,315,186
124900044,61,0,61
124900045,112,456,-344
124900047,13,32,-19
124900048,167,64,103
124900050,170,58,112
124900052,159,116,43
124900053,230,90,140
124900054,706,503,203
124900055,0,77,-77
124900057,1,177,-176
124900060,22,196,-174
124900061,194,0,194
124900062,208,7,201
124900066,0,8,-8
124900067,11,40,-29
124900068,130,1048,-918
124900070,12,10,2
124900072,273,14,259
124900075,871,104,767
124900076,21,2708,-2687
124900077,11,50,-39
124900078,136,4,132
124900079,81,179,-98
124900080,365,164,201
124900081,2327,88,2239
124900082,230,257,-27
124900083,412,230,182
124900085,324,317,7
124900086,8,889,-881
124900087,104,33,71
124900088,81,37,44
124900089,447,4,443
124900090,861,72,789
124900091,281,70,211
124900092,295,54,241
124900093,644,71,573
124900094,810,102,708
124900095,125,555,-430
124900096,221,75,146
124900097,430,26,404
124900098,195,199,-4
124900099,60,424,-364
124900100,426,11,415
124900101,133,122,11
124900102,521,25,496
124900103,98,61,37
124900104,15,36,-21
124900105,92,38,54
124900106,346,20,326
124900107,238,3,235
124900108,124,126,-2
124900111,2,398,-396
124900112,293,182,111
124900113,36,107,-71
124900114,53,180,-127
124900115,8,13,-5
124900116,632,551,81
124900117,126,198,-72
124900118,51,1481,-1430
124900119,498,213,285
124900120,23,114,-91
124900121,58,649,-591
124900122,57,75,-18
124900123,76,57,19
124900124,23,85,-62
204000001,251,18,233
204000002,3,2,1
204000003,6,3,3
204000004,14,4,10
204000005,370,284,86
204000006,1260,1223,37
204000011,3,12,-9
204000012,49,40,9
204000019,1601,265,1336
204000020,1795,192,1603
204000021,860,839,21
204000022,1486,768,718
204000023,728,299,429
204000031,50,5,45
204000032,208,3,205
204000034,93,69,24
204000035,2,0,2
204000036,3,69,-66
204000037,2,16,-14
204000038,0,20,-20
204000039,4,15,-11
204000040,8,13,-5
204000041,7,26,-19
204000042,19,14,5
204000043,66,3,63
204000044,81,3,78
204000045,35,10,25
204000046,14,11,3
204000057,15,9,6
204000062,27,47,-20
204000068,30,271,-241
204000069,134,482,-348
204000070,68,41,27
204000080,67,42,25
204000085,1051,447,604
204000086,1917,728,1189
204000087,118,5,113
204000088,6,21,-15
204000090,151,100,51
204000093,1017,37,980
204000096,1846,364,1482
204000097,679,37,642
204000099,941,2312,-1371
204000100,1489,792,697
204000105,1396,601,795
204000110,567,521,46
204000111,602,518,84
204000112,488,268,220
204000113,238,315,-77
204000114,1366,1070,296
204000115,1688,250,1438
204000116,703,210,493
204000119,3257,889,2368
204000132,655,725,-70
204000133,883,93,790
204000134,341,57,284
204000135,1005,18,987
204000136,616,248,368
204000138,274,1002,-728
204000140,245,91,154
204000141,171,31,140
204000144,1,13,-12
204000145,891,27,864
204000146,3,80,-77
204000147,9,167,-158
204000148,144,38,106
204000154,0,1,-1
204000155,1,10,-9
204000177,27,12,15
204000179,7,20,-13
204000180,0,46,-46
204000222,6,12,-6
204000235,107,49,58
204000236,27,70,-43
204000238,26,10,16
204000240,369,28,341
204000263,491,728,-237
204000268,538,161,377
204000308,61,16,45
204000317,33,94,-61
204000322,31,102,-71
204000323,4,3,1
204000328,394,25,369
204000329,148,12,136
204000330,293,10,283
204000331,198,89,109
205000001,705,1063,-358
205000013,50,132,-82
205000014,210,132,78
205000015,203,48,155
205000016,119,47,72
205000017,90,66,24
205000022,318,261,57
205000025,1507,358,1149
205000029,896,4,892
205000045,208,74,134
205000046,178,172,6
205000047,85,103,-18
205000048,392,180,212
205000049,227,216,11
205000050,305,70,235
205000059,1,326,-325
205000060,0,428,-428
205000061,8,1168,-1160
205000062,0,1063,-1063
205000063,46,1140,-1094
205000064,81,376,-295
205000065,372,894,-522
205000066,290,287,3
205000067,247,212,35
205000069,173,2,171
205000082,161,113,48
205000110,12,81,-69
205000111,133,51,82
205000112,146,62,84
205000113,88,122,-34
205000121,121,60,61
205000123,221,46,175
205000126,593,89,504
205000127,672,81,591
205000128,313,70,243
205000129,1074,80,994
205000130,311,23,288
205000131,25,21,4
205000132,44,8,36
205000133,26,1,25
205000134,234,1,233
205000137,397,20,377
205000138,479,68,411
205000139,33,20,13
205000144,107,45,62
205000145,176,76,100
205000151,85,35,50
205000152,109,24,85
205000153,176,29,147
205000154,95,34,61
205000155,58,22,36
205000207,1,45,-44
205000233,26,1,25
205000234,0,1,-1
205000243,1,0,1
205000244,0,0,0
205000245,11,64,-53
205000249,0,17,-17
205000250,0,0,0
205000264,31,64,-33
206000027,7,15,-8
206000028,51,9,42
206000043,2,45,-43
206000053,2,3,-1
206000054,0,13,-13
206000055,2,14,-12
206000075,13,8,5
206000076,53,7,46
206000077,42,7,35
206000078,13,12,1
206000079,24,27,-3
206000082,305,69,236
206000100,2,340,-338
206000103,0,0,0
206000104,0,3,-3
206000105,0,4,-4
206000106,0,3,-3
206000125,241,0,241
206000157,4,172,-168
206000170,0,71,-71
206000171,5,117,-112
206000172,26,60,-34
206000173,0,81,-81
206000174,12,23,-11
206000175,0,34,-34
206000176,9,42,-33
206000177,1,46,-45
206000178,1,281,-280
206000179,4,42,-38
206000180,6,23,-17
206000181,2,9,-7
206000182,6,39,-33
206000183,10,48,-38
206000184,7,22,-15
206000185,13,8,5
206000186,39,173,-134
206000223,4,133,-129
206000226,46,2,44
206000227,83,4,79
206000237,43,72,-29
206000238,16,356,-340
206000239,255,1294,-1039
206000240,0,2,-2
206000241,0,46,-46
206000242,23,44,-21
206000243,21,19,2
206000244,15,51,-36
206000245,2750,16,2734
206000246,788,1,787
206000247,994,1,993
206000248,1121,5,1116
206000252,92,34,58
206000258,0,16,-16
206000315,33,4,29
206000317,551,252,299
206000318,1064,102,962
206000319,3336,90,3246
206000320,830,41,789
206000321,1074,10,1064
206000322,1711,5,1706
206000323,734,0,734
206000324,499,1,498
206000325,349,3,346
206000326,391,37,354
206000327,93,41,52
206000328,648,3,645
206000329,1179,1,1178
206000330,344,0,344
206000331,616,2,614
206000332,80,1,79
206000333,2301,1,2300
206000334,1383,2,1381
206000335,0,23,-23
206000361,0,39,-39
206000392,7,7,0
206000405,577,0,577
206000441,147,18,129
206000498,112,2,110
206000515,42,53,-11
206000530,518,67,451
206000531,394,343,51
206000532,1404,265,1139
206000535,98,2469,-2371
206000536,3,85,-82
206000537,2,104,-102
206000613,1095,287,808
206000784,861,43,818
207000001,239,252,-13
207000002,75,176,-101
207000003,98,103,-5
207000007,2455,84,2371
207000008,467,17,450
207000009,72,39,33
207000010,313,155,158
207000012,602,84,518
207000015,210,366,-156
207000019,492,49,443
207000021,329,298,31
207000022,402,186,216
207000023,424,51,373
207000024,3,13,-10
207000025,26,106,-80
207000026,115,30,85
207000027,27,57,-30
207000028,134,126,8
207000029,251,224,27
207000033,306,166,140
207000034,368,45,323
207000039,1217,26,1191
207000040,963,15,948
207000041,174,1,173
207000042,623,16,607
207000043,453,140,313
207000051,71,264,-193
207000052,16,101,-85
207000053,361,197,164
207000054,50,43,7
207000055,127,49,78
207000056,192,133,59
207000057,141,75,66
207000058,109,162,-53
207000059,79,231,-152
207000060,53,326,-273
207000061,90,2049,-1959
207000062,1278,35,1243
207000063,1341,41,1300
207000064,663,59,604
207000065,360,116,244
207000066,1024,217,807
207000067,128,53,75
207000068,286,12,274
207000069,1449,214,1235
207000082,9,67,-58
207000083,65,143,-78
207000084,574,114,460
207000085,358,51,307
207000086,812,11,801
207000106,96,28,68
207000107,162,17,145
207000108,242,1,241
207000109,218,1,217
207000110,74,9,65
207000111,165,26,139
207000112,20,598,-578
207000114,16,8,8
207000115,30,39,-9
207000116,26,197,-171
207000117,1,59,-58
207000118,1,52,-51
207000119,15,73,-58
207000123,362,4,358
207000124,198,17,181
207000125,70,5,65
207000126,63,10,53
207000134,484,103,381
207000135,142,148,-6
207000148,169,324,-155
207000149,19,6,13
207000152,175,372,-197
207000153,244,541,-297
207000154,528,111,417
207000159,38,107,-69
207000160,125,153,-28
207000238,0,43,-43
207000242,0,45,-45
207000248,10,15,-5
207000249,53,9,44
207000250,297,66,231
207000251,52,140,-88
207000252,24,19,5
207000278,304,101,203
207000279,19,72,-53
207000280,1356,29,1327
207000281,183,256,-73
207000282,26,599,-573
207000283,24,128,-104
207000284,41,2358,-2317
207000285,63,99,-36
207000291,7,54,-47
207000304,69,36,33
207000306,46,235,-189
207000310,319,94,225
207000353,102,2,100
207000356,13,32,-19
207000357,4,46,-42
207000358,0,12,-12
207000415,0,36,-36
207000417,16,6,10
207000418,84,53,31
207000438,0,1,-1
207000439,486,116,370
207000446,188,16,172
207000460,225,8,217
207000466,41,111,-70
207000467,840,22,818
207000468,42,119,-77
207000476,16,12,4
207000477,350,18,332
207000478,1,17,-16
207000523,0,4,-4
207000524,29,0,29
207000527,563,100,463
207000530,754,3,751
207000531,321,0,321
207000532,75,54,21
207000534,152,7,145
207000535,2,121,-119
207000537,5,20,-15
207000540,3,36,-33
207000541,1,56,-55
207000548,1,94,-93
207000549,255,6,249
207000561,211,75,136
207000562,20,85,-65
207000567,42,121,-79
207000568,717,54,663
207000569,1649,136,1513
207000584,8,114,-106
207000585,16,60,-44
207000587,343,16,327
207000616,0,23,-23
207000617,293,3,290
207000624,56,57,-1
207000631,8,12,-4
207900008,726,31,695
208000001,961,674,287
208000002,813,467,346
208000003,1019,241,778
208000004,976,731,245
208000005,2,43,-41
208000019,1812,201,1611
208000020,488,125,363
208000021,352,188,164
208000022,633,210,423
208000028,737,1543,-806
208000033,262,141,121
208000034,350,710,-360
208000037,805,42,763
208000040,485,105,380
208000041,1142,431,711
208000042,2222,437,1785
208000047,80,98,-18
208000064,2403,950,1453
208000066,1280,678,602
208000070,840,573,267
208000071,1221,218,1003
208000072,1395,304,1091
208000080,455,577,-122
208000081,540,190,350
208000082,825,145,680
208000083,339,192,147
208000084,19,151,-132
208000085,923,368,555
208000086,878,590,288
208000087,812,381,431
208000089,1379,199,1180
208000090,930,282,648
208000093,34,95,-61
208000094,385,273,112
208000095,838,434,404
208000104,2304,236,2068
208000105,1097,362,735
208000114,209,345,-136
208000115,791,422,369
208000116,2100,1928,172
208000117,30,96,-66
208000118,180,380,-200
208000155,1138,869,269
208000158,2108,1835,273
208000186,1115,1237,-122
208000204,934,723,211
208000205,1900,464,1436
208000282,924,546,378
209000004,695,113,582
209000005,130,7,123
209000006,343,141,202
209000007,392,429,-37
209000010,80,241,-161
209000011,32,197,-165
209000012,72,76,-4
209000013,328,58,270
209000014,441,156,285
209000025,761,68,693
209000026,1610,241,1369
209000027,360,141,219
209000028,277,96,181
209000029,339,702,-363
209000030,432,735,-303
209000031,2438,685,1753
209000034,202,412,-210
209000035,231,499,-268
209000036,594,158,436
209000037,725,180,545
209000038,373,122,251
209000039,211,146,65
209000040,438,293,145
209000041,275,258,17
209000042,397,124,273
209000043,519,377,142
209000044,311,487,-176
209000045,645,201,444
209000046,638,181,457
209000047,820,306,514
209000048,815,576,239
209000049,120,48,72
209000050,329,62,267
209000051,427,46,381
209000052,254,93,161
209000062,166,46,120
209000063,112,17,95
209000064,62,20,42
209000065,243,20,223
209000066,256,10,246
209000067,324,12,312
209000080,8,96,-88
209000082,197,22,175
209000091,28,56,-28
209000093,106,82,24
209000094,31,115,-84
209000110,61,64,-3
209000111,404,2901,-2497
209000112,1653,428,1225
209000113,3571,772,2799
209000114,1370,710,660
209000115,102,48,54
209000116,245,195,50
209000118,20,127,-107
209000119,8,136,-128
209000121,120,270,-150
209000135,122,51,71
209000142,839,4144,-3305
209000143,10,68,-58
209000144,146,246,-100
209000229,304,87,217
209000240,17,149,-132
209000259,36,16,20
209000260,52,194,-142
209000261,27,147,-120
209000262,0,106,-106
209000263,0,145,-145
209000264,0,176,-176
209000265,341,36,305
209000266,66,0,66
209000267,1787,0,1787
209000268,590,91,499
210000037,250,49,201
210000047,130,10,120
210000048,170,46,124
210000049,227,7,220
210000052,167,14,153
210000053,45,29,16
210000054,33,56,-23
210000070,280,7,273
210000071,154,11,143
210000072,64,1,63
210000073,0,10,-10
210000074,0,30,-30
210000075,0,68,-68
210000076,0,87,-87
210000077,8,141,-133
210000078,5,202,-197
210000079,36,22,14
210000080,81,327,-246
210000081,248,13,235
210000082,33,3,30
210000083,110,7,103
210000084,143,0,143
210000085,0,58,-58
210000086,0,44,-44
210000099,49,129,-80
210000100,44,120,-76
210000101,86,57,29
210000105,7,309,-302
210000159,0,317,-317
210000163,23,79,-56
210000164,347,143,204
210000168,498,47,451
210000187,0,2,-2
210000188,0,11,-11
210000214,18,0,18
210000219,233,43,190
210000220,286,6,280
210000232,3,22,-19
210000233,11,15,-4
210000234,20,22,-2
210000235,95,18,77
210000245,0,10,-10
210000246,50,0,50
210000258,9,64,-55
210000259,475,21,454
210000282,9,44,-35
210000285,0,107,-107
210000286,33,88,-55
210000290,4,20,-16
210000295,92,210,-118
210000296,111,23,88
210000320,622,32,590
210000321,500,16,484
210000338,78,117,-39
210000339,76,841,-765
210000340,38,143,-105
210000341,193,91,102
210000342,273,105,168
210000343,185,127,58
210000344,93,272,-179
210000345,135,533,-398
210000346,63,371,-308
210000347,23,357,-334
210000348,210,326,-116
210000349,79,145,-66
210000350,245,70,175
210000351,328,14,314
210000352,34,21,13
210000353,68,19,49
210000354,69,21,48
210000355,59,248,-189
210000356,26,585,-559
210000357,19,484,-465
210000358,743,502,241
210000359,101,389,-288
210000360,346,366,-20
210000361,429,129,300
210000362,548,117,431
210000363,840,134,706
210000364,529,162,367
210000365,543,82,461
210000366,611,60,551
210000367,300,12,288
210000368,429,47,382
210000369,75,122,-47
210000370,173,201,-28
210000372,35,72,-37
210000373,25,150,-125
210000374,100,212,-112
210000375,21,21,0
210000376,25,348,-323
210000404,16,46,-30
210000439,171,8,163
210000472,61,6,55
210000482,144,97,47
210000564,407,167,240
210000567,0,72,-72
210000568,440,2,438
211000092,67,22,45
211000094,28,6,22
211000169,387,14,373
211000172,26,103,-77
211000209,0,28,-28
211000226,17,11,6
211000270,119,5,114
211000275,10,14,-4
211000276,238,35,203
211000279,39,48,-9
211000281,290,12,278
211000302,1,2,-1
211507980,0,54,-54
211977296,20,0,20
212000003,347,151,196
212000004,13,105,-92
212000005,9,203,-194
212000006,35,219,-184
212000008,230,275,-45
212000009,93,105,-12
212000012,186,62,124
212000013,50,35,15
212000014,352,44,308
212000015,379,91,288
212000016,619,296,323
212000027,761,115,646
212000028,574,145,429
212000029,272,127,145
212000030,60,8,52
212000031,100,14,86
212000048,38,526,-488
212000049,10,328,-318
212000050,24,27,-3
212000051,422,90,332
212000052,357,123,234
212000053,360,122,238
212000054,912,37,875
212000055,762,97,665
212000056,8,36,-28
212000057,13,28,-15
212000058,186,51,135
212000070,292,72,220
212000077,267,104,163
212000099,625,86,539
212000108,381,437,-56
212000111,596,42,554
212000120,89,295,-206
212000138,381,72,309
212000156,6,35,-29
212000158,2,31,-29
212000159,735,31,704
212000160,861,34,827
212000161,172,5,167
212000310,63,5,58
212000311,23,36,-13
212000374,20,4,16
213000001,13,144,-131
213000005,961,49,912
213000006,935,45,890
213000007,50,32,18
213000009,266,84,182
213000010,515,82,433
213000011,168,27,141
213000012,229,100,129
213000014,70,21,49
213000015,205,9,196
213000016,363,19,344
213000017,55,0,55
213000018,3,11,-8
213000019,7,9,-2
213000020,60,61,-1
213000021,0,24,-24
213000023,759,168,591
213000033,427,1101,-674
213000034,464,100,364
213000035,263,595,-332
213000045,192,166,26
213000046,55,43,12
213000047,133,673,-540
213000056,417,15,402
213000069,162,44,118
213000073,0,23,-23
213000074,40,224,-184
213000075,1383,1,1382
213000076,17,0,17
213000085,1,13,-12
213000086,5,27,-22
213000091,678,27,651
213000092,28,3,25
213000099,204,798,-594
213000100,869,160,709
213000101,1244,51,1193
213000102,885,64,821
213000103,498,220,278
213000104,25,118,-93
213000105,142,2155,-2013
213000106,56,197,-141
213000107,151,194,-43
213000108,82,215,-133
213000109,1,105,-104
213000110,2,86,-84
213000111,0,54,-54
213000112,32,119,-87
213000115,131,1,130
213000116,33,210,-177
213000117,1,265,-264
213000118,1544,332,1212
213000119,9,199,-190
213000120,40,161,-121
213000122,116,274,-158
213000123,90,358,-268
213000124,287,453,-166
213000125,237,44,193
213000126,27,55,-28
213000127,3,103,-100
213000128,36,328,-292
213000129,112,2480,-2368
213000130,1687,877,810
213000132,2010,213,1797
213000133,2159,69,2090
213000134,2882,21,2861
213000136,937,2,935
213000137,720,12,708
213000139,392,9,383
213000147,35,19,16
213000148,2,48,-46
213000149,7,20,-13
213000150,0,1016,-1016
213000151,1,213,-212
213000152,4,283,-279
213000153,3,215,-212
213000154,162,181,-19
213000155,101,113,-12
213000156,112,109,3
213000157,1478,127,1351
213000158,635,300,335
213000159,937,251,686
213000163,3232,322,2910
213000165,673,196,477
213000171,0,10,-10
213000172,0,16,-16
213000173,0,33,-33
213000174,0,29,-29
213000175,16,13,3
213000176,230,22,208
213000177,199,2,197
213000178,470,1,469
213000179,745,0,745
213000180,803,1,802
213000184,29,166,-137
213000188,1069,66,1003
213000189,1719,39,1680
213000190,1010,298,712
213000191,1081,126,955
213000192,741,79,662
213000193,316,165,151
213000194,1,308,-307
213000195,57,170,-113
213000196,531,1918,-1387
213000197,824,1126,-302
213000198,10,1,9
213000200,245,304,-59
213000201,21,84,-63
213000202,29,305,-276
213000203,1628,239,1389
213000204,1654,36,1618
213000205,1005,16,989
213000206,1242,7,1235
213000207,21,2,19
213000208,12,1,11
213000209,72,0,72
213000210,150,0,150
213000211,1,18,-17
213000212,14,11,3
213000213,43,23,20
213000218,531,373,158
213000219,1882,37,1845
213000220,1870,14,1856
213000223,370,78,292
213000224,55,24,31
213000225,92,14,78
213000226,71,2,69
213000227,2056,86,1970
213000228,1365,32,1333
213000229,330,30,300
213000230,774,7,767
213000232,222,20,202
213000233,19,109,-90
213000234,1,53,-52
213000293,9,112,-103
213000294,162,36,126
213000295,15,61,-46
213000296,113,17,96
213000297,23,51,-28
213000298,31,43,-12
213000299,54,24,30
213000300,3,1,2
213000303,0,29,-29
213000304,0,7,-7
213000305,1,13,-12
213000306,31,307,-276
213000307,94,127,-33
213000308,59,104,-45
213000309,275,40,235
213000310,400,66,334
213000311,50,393,-343
213000315,82,247,-165
213000316,548,41,507
213000322,171,10,161
213000323,217,30,187
213000324,149,3,146
213000325,228,14,214
213000326,106,5,101
213000327,54,15,39
213000328,69,73,-4
213000329,196,20,176
213000340,82,188,-106
213000341,1881,43,1838
213000346,91,313,-222
213000347,185,709,-524
213000348,4,103,-99
213000349,1,9,-8
213000350,103,584,-481
213000366,103,98,5
213000367,578,4,574
213000379,34,28,6
213000386,23,31,-8
213000406,220,106,114
213000417,2036,549,1487
213000425,557,91,466
213000426,363,12,351
213000427,136,39,97
213000428,49,47,2
213000429,2,3,-1
213000430,109,162,-53
213000431,16,0,16
213000432,0,75,-75
213000433,22,50,-28
213000434,293,97,196
213000435,176,18,158
213000436,214,17,197
213000437,0,11,-11
213000438,259,15,244
213000439,41,7,34
213000440,5,78,-73
213000441,0,1,-1
213000442,1,9,-8
213000443,792,286,506
213000444,57,2,55
213000445,0,29,-29
213000446,0,53,-53
213000447,2,63,-61
213000448,3,115,-112
213000449,1743,10,1733
213000450,29,20,9
213000451,522,17,505
213000452,14,3,11
213000453,15,123,-108
213000455,66,1,65
213000456,1,95,-94
213000481,3,0,3
213000482,44,0,44
213000489,166,93,73
213000491,23,390,-367
213000492,121,40,81
213000493,6,575,-569
213000494,427,43,384
213000495,0,9,-9
213000496,803,79,724
213000497,57,121,-64
213000498,128,60,68
213000499,142,75,67
213000500,963,15,948
213000501,315,15,300
213000502,114,21,93
213000503,0,71,-71
213000504,24,50,-26
213000505,66,1,65
213000506,0,5,-5
213000507,3,43,-40
213900244,340,1,339
213900245,0,8,-8
218000003,38,21,17
218000004,107,24,83
218000005,6,40,-34
218000006,37,44,-7
218000007,20,11,9
218000012,68,398,-330
218000013,242,175,67
218000014,458,79,379
218000019,342,234,108
218000020,216,202,14
218000021,76,54,22
218000022,28,15,13
218000023,6,10,-4
218000024,4,1,3
218000025,12,1,11
218000026,19,9,10
218000027,5,1,4
218000028,2,2,0
218000029,3,1,2
218000030,28,10,18
218000031,8,2,6
218000032,1,4,-3
218000040,0,16,-16
218000046,130,110,20
218000047,11,58,-47
218000048,149,47,102
218000049,130,64,66
218000050,292,87,205
218000051,90,125,-35
218000052,1,24,-23
218000053,5,22,-17
218000054,0,57,-57
218000055,1,79,-78
218000056,33,93,-60
218000057,0,60,-60
218000064,6,2,4
218000065,60,22,38
218000066,5,42,-37
218000067,210,49,161
218000068,276,12,264
218000069,661,25,636
218000070,470,220,250
218000071,246,197,49
218000072,124,161,-37
218000078,1427,224,1203
218000079,436,26,410
218000080,258,13,245
218000081,887,60,827
218000082,291,38,253
218000083,133,25,108
218000084,214,68,146
218000085,111,78,33
218000086,64,15,49
218000087,231,41,190
218000090,35,335,-300
218000091,1467,575,892
218000092,285,61,224
218000093,168,66,102
218000094,485,195,290
218000099,201,190,11
218000100,336,88,248
218000101,405,152,253
218000102,644,141,503
218000103,175,17,158
218000104,121,44,77
218000105,33,4,29
218000106,37,1,36
218000107,194,39,155
218000108,48,17,31
218000112,42,12,30
218000117,68,94,-26
218000134,382,264,118
218000135,13,103,-90
218000136,190,74,116
218000137,101,80,21
218000138,61,28,33
218000139,162,122,40
218000140,611,319,292
218000141,81,58,23
218000142,270,188,82
218000143,27,217,-190
218000144,37,257,-220
218000145,626,261,365
218000146,143,100,43
218000151,6,36,-30
218000152,55,48,7
218000153,4,1,3
218000154,6,6,0
218000155,38,1,37
218000156,103,5,98
218000157,77,1,76
218000158,10,10,0
218000159,1,2,-1
218000160,1,3,-2
218000161,41,0,41
218000162,46,1,45
218000163,23,0,23
218000164,117,0,117
218000165,124,49,75
218000170,2,39,-37
218000171,43,2,41
218000172,1,5,-4
218000173,5,2,3
218000174,8,34,-26
218000176,271,24,247
218000177,345,56,289
218000178,53,67,-14
218000179,220,34,186
218000180,109,23,86
218000181,345,48,297
218000187,35,36,-1
218000188,30,29,1
218000189,4,66,-62
218000190,14,30,-16
218000191,140,20,120
218000192,286,80,206
218000193,256,110,146
218000194,111,112,-1
218000195,230,23,207
218000196,537,124,413
218000197,1020,68,952
218000198,189,30,159
218000199,64,13,51
218000200,56,40,16
218000201,8,5,3
218000202,46,839,-793
218000207,5,5,0
218000208,29,77,-48
218000211,21,3,18
218000212,1,0,1
218000213,204,138,66
218000214,1,27,-26
218000215,120,43,77
218000217,1,21,-20
218000218,275,47,228
218000219,0,47,-47
218000220,65,530,-465
218000221,817,320,497
218000222,2,105,-103
218000223,41,346,-305
218000224,3,193,-190
218000225,218,7,211
218000226,258,50,208
218000230,0,18,-18
218000232,76,18,58
218000239,102,3,99
218000240,1,0,1
218000241,3,0,3
218000242,0,0,0
218000243,4,3,1
218000244,5,1,4
218000245,12,23,-11
218000246,0,9,-9
218000247,0,1,-1
218000248,0,19,-19
218000249,0,1,-1
218000250,0,24,-24
218000251,1,20,-19
218000252,0,61,-61
218000253,0,19,-19
218000254,0,16,-16
218000255,1,10,-9
218000256,7,16,-9
218000267,495,868,-373
218000268,0,32,-32
218000269,0,5,-5
218000270,97,28,69
218000271,39,25,14
218000273,134,0,134
218000274,63,1,62
218000275,82,116,-34
218000276,39,9,30
218000278,32,26,6
218000279,126,20,106
218000280,0,9,-9
218000281,3,23,-20
218000282,428,1178,-750
218000284,52,2,50
218000301,19,46,-27
218000302,39,44,-5
218000303,1,58,-57
218000316,1889,491,1398
218000317,3708,383,3325
218000318,1767,302,1465
218000319,1541,448,1093
218000320,1514,538,976
218000338,12,24,-12
218000345,85,57,28
218000346,61,173,-112
218000459,66,94,-28
218000490,5,70,-65
218000501,132,44,88
218000502,134,10,124
218000503,162,23,139
218000504,127,14,113
218000505,41,53,-12
218000506,26,51,-25
218000508,0,1,-1
218000510,119,6,113
218000520,181,142,39
218000521,2,27,-25
218000522,0,272,-272
218000523,191,5,186
218000524,3,126,-123
218000525,73,22,51
218000526,6,165,-159
218000529,147,75,72
218000530,30,8,22
218000531,75,15,60
218000532,43,3,40
218000534,480,21,459
218000537,6,81,-75
218000538,81,196,-115
218000540,38,44,-6
218000543,264,62,202
218000544,24,46,-22
218000545,266,52,214
218000546,41,22,19
218000547,259,80,179
218000548,123,11,112
218000549,959,105,854
218000550,164,83,81
218000551,66,187,-121
218000552,424,101,323
218000553,17,177,-160
218000554,6,39,-33
218000555,26,130,-104
218000556,304,102,202
218000557,1111,116,995
218000558,24,0,24
218000559,0,78,-78
218000560,0,17,-17
218000561,12,0,12
218000562,13,73,-60
218000563,140,11,129
218000564,4,129,-125
218000565,85,8,77
218000566,47,5,42
218000567,0,61,-61
218000568,8,0,8
218000569,1,178,-177
218000570,11,3,8
218000571,0,124,-124
218000572,86,0,86
218000573,0,73,-73
218000574,33,3,30
218000575,91,0,91
218000576,1,93,-92
218000577,170,18,152
218000578,0,98,-98
218000579,33,38,-5
218000581,4,112,-108
218000582,46,2,44
218000583,2,0,2
218000584,0,27,-27
218000585,63,12,51
218000586,10,25,-15
218000587,0,0,0
218000588,0,20,-20
218000589,0,44,-44
218000590,1,1,0
218000591,1,67,-66
218000592,0,9,-9
218000593,4,7,-3
218000594,0,10,-10
218000597,0,2,-2
218000598,0,2,-2
218000599,0,3,-3
218000600,7,3,4
218000601,0,2,-2
218000602,0,3,-3
218000603,0,4,-4
218000604,10,0,10
218000605,0,57,-57
218000606,83,2,81
218000607,2,66,-64
218000608,71,19,52
218000609,0,77,-77
218000610,22,2,20
218000611,8,1,7
218000612,1,26,-25
218000613,10,17,-7
218000614,0,35,-35
218000615,148,3,145
218000616,1,228,-227
218000617,0,1,-1
218000618,0,36,-36
218000619,11,17,-6
218000620,0,124,-124
218000621,0,3,-3
218000622,0,104,-104
218000623,6,1,5
218000624,1,144,-143
218000625,1,15,-14
218000626,0,12,-12
218000628,375,133,242
218000631,160,42,118
218000632,0,78,-78
218000633,72,0,72
218000634,15,5,10
218000635,27,4,23
218000636,830,261,569
218000637,1688,156,1532
218000638,451,1,450
218000639,42,16,26
218000640,763,8,755
218000641,277,17,260
218000652,57,20,37
218000653,177,29,148
218000663,16,43,-27
218000675,6,82,-76
218000676,13,15,-2
218000677,22,2,20
218000680,296,122,174
218000681,969,89,880
218000691,388,128,260
218000693,960,65,895
218000703,2,4,-2
218000718,17,53,-36
218000719,87,91,-4
218000720,0,98,-98
218000721,6,1,5
218000725,14,5,9
218001147,0,78,-78
218001214,32,25,7
218001258,334,1,333
218001329,392,24,368
218001330,71,140,-69
218001351,7,17,-10
218001352,30,10,20
218001353,2,4,-2
218001354,5,28,-23
218001355,9,30,-21
218001356,683,105,578
218001357,3,57,-54
218001358,718,2,716
218001361,754,0,754
218001362,0,28,-28
219000001,16,12,4
219000002,44,13,31
219000003,86,37,49
219000004,39,91,-52
219000017,146,125,21
219000020,258,11,247
219000022,221,0,221
219000023,137,0,137
219000029,0,145,-145
219000034,57,23,34
219000039,39,168,-129
219000040,10,85,-75
219000041,164,53,111
219000051,0,86,-86
219000052,0,28,-28
219000053,1,41,-40
219000054,30,42,-12
219000055,525,0,525
219000056,0,1,-1
219000057,58,0,58
219000062,22,91,-69
219000063,358,5,353
219000064,0,116,-116
219000110,346,292,54
219000111,86,50,36
219000112,374,57,317
219000113,317,36,281
219000114,264,27,237
219000116,115,20,95
219000117,143,13,130
219000118,109,40,69
219000123,186,184,2
219000124,50,46,4
219000125,22,4,18
219000126,57,102,-45
219000127,1,7,-6
219000128,22,115,-93
219000129,14,62,-48
219000130,176,341,-165
219000131,1127,681,446
219000133,28,80,-52
219000134,10,47,-37
219000135,20,37,-17
219000136,52,253,-201
219000138,133,9,124
219000139,79,35,44
219000140,288,2,286
219000141,92,25,67
219000142,41,31,10
219000143,5,15,-10
219000145,11,23,-12
219000146,0,0,0
219000147,1,15,-14
219000148,0,16,-16
219000149,4,17,-13
219000150,1,15,-14
219000151,0,1,-1
219000157,559,111,448
219000158,278,102,176
219000161,322,6,316
219000163,1241,334,907
219000166,148,125,23
219000167,161,126,35
219000168,333,140,193
219000174,662,118,544
219000175,244,2,242
219000176,279,7,272
219000177,124,2,122
219000178,176,0,176
219000179,141,11,130
219000180,148,22,126
219000182,162,4,158
219000183,113,7,106
219000184,88,1,87
219000185,0,1,-1
219000186,117,35,82
219000187,5,28,-23
219000189,57,79,-22
219000190,43,110,-67
219000191,139,714,-575
219000192,193,159,34
219000193,270,98,172
219000195,3,16,-13
219000196,9,72,-63
219000198,9,48,-39
219000199,9,65,-56
219000200,16,45,-29
219000201,37,64,-27
219000203,5,30,-25
219000204,36,297,-261
219000205,26,156,-130
219000207,52,145,-93
219000209,61,42,19
219000210,17,134,-117
219000213,13,177,-164
219000239,156,258,-102
219000240,50,337,-287
219000241,100,177,-77
219000242,39,184,-145
219000243,105,239,-134
219000244,38,99,-61
219000245,33,57,-24
219000246,30,34,-4
219000247,369,33,336
219000248,553,437,116
219000249,268,89,179
219000250,383,26,357
219000251,570,120,450
219000252,387,67,320
219000253,211,20,191
219000255,302,120,182
219000256,438,24,414
219000257,90,0,90
219000262,18,27,-9
219000263,77,53,24
219000267,2,18,-16
219000268,0,2,-2
219000269,2,0,2
219000270,23,0,23
219000271,383,0,383
219000278,0,1,-1
219000279,0,0,0
219000283,0,13,-13
219000295,20,57,-37
219000296,50,125,-75
219000297,66,27,39
219000298,33,22,11
219000299,281,37,244
219000300,70,54,16
219000301,21,131,-110
219000302,25,91,-66
219000307,16,2,14
219000308,64,66,-2
219000311,189,25,164
219000312,441,209,232
219000313,557,38,519
219000314,77,96,-19
219000315,549,21,528
219000316,868,65,803
219000317,258,6,252
219000320,0,103,-103
219000321,0,33,-33
219000323,7,28,-21
219000325,0,0,0
219000326,13,14,-1
219000327,1,10,-9
219000328,19,5,14
219000329,402,127,275
219000330,13,11,2
219000331,39,12,27
219000332,254,69,185
219000333,64,0,64
219000335,86,1,85
219000337,1,1,0
219000338,69,2,67
219000344,16,28,-12
219000345,287,12,275
219000346,14,22,-8
219000348,119,72,47
219000349,34,126,-92
219000350,43,235,-192
219000351,0,10,-10
219000352,86,66,20
219000353,285,66,219
219000354,750,22,728
219000355,171,62,109
219000356,331,721,-390
219000363,154,59,95
219000364,196,37,159
219000365,109,36,73
219000366,120,804,-684
219000368,505,337,168
219000370,658,362,296
219000371,6,9,-3
219000382,3,0,3
219000383,169,713,-544
219000385,117,672,-555
219000386,325,1186,-861
219000387,0,0,0
219000390,15,0,15
219000391,4,0,4
219000397,30,15,15
219000398,20,51,-31
219000401,10,127,-117
219000402,9,48,-39
219000403,54,93,-39
219000404,18,65,-47
219000407,63,46,17
219000409,73,33,40
219000410,67,10,57
219000411,72,3,69
219000446,99,250,-151
219000447,0,20,-20
219000448,1,3,-2
219000452,156,59,97
219000453,17,101,-84
219000454,347,357,-10
219000556,923,17,906
219000558,49,116,-67
219000590,4,227,-223
219000591,291,21,270
219000592,43,149,-106
219000595,1,4,-3
219000635,230,35,195
219000636,50,37,13
219000657,19,6,13
219000658,4,146,-142
219000673,0,4,-4
219000676,28,1,27
219000679,44,5,39
219000684,184,2,182
219000685,0,58,-58
219000686,0,2,-2
219000688,0,45,-45
219000689,1,100,-99
219000690,132,12,120
219000691,50,48,2
219000692,171,10,161
219000693,0,4,-4
219000694,64,0,64
219000695,105,3,102
219000698,2,0,2
219000699,1,126,-125
219000727,2,90,-88
219000728,124,0,124
219000770,36,0,36
219000771,0,63,-63
219000788,197,264,-67
219001150,0,97,-97
219001151,0,4,-4
219001166,29,85,-56
219001167,0,50,-50
219001178,113,2,111
220000001,7,335,-328
220000002,2,180,-178
220000003,228,76,152
220000004,308,278,30
220000005,318,788,-470
220000006,72,279,-207
220000007,360,69,291
220000008,243,219,24
220000009,256,296,-40
220000010,26,30,-4
220000011,272,3758,-3486
220000012,11,438,-427
220000014,235,143,92
220000015,33,466,-433
220000017,59,274,-215
220000018,8326,2535,5791
220000019,194,791,-597
220000020,560,126,434
220000021,1229,303,926
220000022,1519,195,1324
220000023,243,70,173
220000024,761,249,512
220000025,553,1284,-731
220000026,499,713,-214
220000027,22,206,-184
220000028,57,179,-122
220000029,9,83,-74
220000030,49,58,-9
220000031,1060,461,599
220000064,78,1120,-1042
221000046,2,0,2
221000047,0,0,0
221000048,0,1,-1
221000049,0,18,-18
221000050,4,0,4
221000055,47,50,-3
221000057,281,3,278
221000068,158,49,109
221000069,296,13,283
221000070,280,10,270
221000071,172,8,164
221000072,466,6,460
221000073,280,25,255
221000074,1,9,-8
221000075,3,40,-37
221000076,11,48,-37
221000077,9,41,-32
221000081,13,4,9
221000082,92,21,71
221000083,27,14,13
221000084,4,7,-3
221000085,13,35,-22
221000086,4,45,-41
221000087,0,103,-103
221000088,5,142,-137
221000089,18,99,-81
221000090,22,246,-224
221000098,185,18,167
221000099,384,10,374
221000100,317,3,314
221000101,370,11,359
221000102,154,14,140
221000109,1,36,-35
221000110,4,21,-17
221000111,4,55,-51
221000112,1,57,-56
221000113,5,62,-57
221000114,7,79,-72
221000120,13,83,-70
221000121,3,28,-25
221000122,69,46,23
221000123,5,15,-10
221000124,39,111,-72
221000155,54,27,27
221000156,178,84,94
221000175,14,36,-22
221000176,0,9,-9
221000182,250,2,248
221000241,417,258,159
221000242,50,136,-86
221000243,683,134,549
221000244,99,302,-203
221000245,295,76,219
221000246,6,218,-212
221000247,284,113,171
221000248,107,115,-8
221000267,22,294,-272
221000325,19,108,-89
221000331,17,34,-17
221000338,27,38,-11
221000378,422,96,326
221000381,35,96,-61
222000282,0,1,-1
222000296,0,21,-21
222000568,281,4,277
222000569,169,28,141
222000570,131,23,108
222000571,570,25,545
222000577,12,31,-19
222000578,0,89,-89
222000579,2,29,-27
222000580,22,819,-797
222000599,1,47,-46
222000600,0,57,-57
222000601,4,479,-475
222000603,4,71,-67
222000604,0,133,-133
222000605,4,40,-36
222000606,0,61,-61
222000607,0,12,-12
222000608,4,19,-15
222000609,75,24,51
222000616,1033,22,1011
222000617,36,14,22
222000618,2,11,-9
222000620,22,17,5
222000621,74,22,52
222000623,551,3,548
222000624,704,18,686
222000625,1594,5,1589
222000636,42,2,40
222000686,22,83,-61
222000687,66,28,38
222001066,649,2,647
222001067,92,15,77
222001068,317,2,315
222001069,170,0,170
222001082,78,12,66
222001083,244,1,243
222001084,0,64,-64
222001085,0,628,-628
222001111,317,27,290
222001112,257,4,253
222001313,2,1,1
222001314,0,86,-86
222001464,761,28,733
222001465,51,135,-84
222001484,459,50,409
222001485,31,20,11
222001494,1312,177,1135
222001495,137,96,41
222001496,715,91,624
222001497,98,165,-67
222001502,1,27,-26
222001503,356,10,346
222001504,32,51,-19
222001505,1013,12,1001
222001506,6,71,-65
222001507,561,11,550
222001510,1232,22,1210
222001511,15,101,-86
222001514,1083,21,1062
222001515,26,171,-145
222001518,932,6,926
222001519,9,143,-134
222001527,288,8,280
222001528,27,75,-48
222001529,545,7,538
222001530,13,68,-55
222001533,80,70,10
222001534,1046,6,1040
222001535,534,157,377
222001536,11,96,-85
222001537,549,11,538
222001538,6,128,-122
222001563,1493,31,1462
222001564,37,187,-150
222001568,189,87,102
222001576,0,5,-5
222001579,0,33,-33
222001583,15,40,-25
222001584,160,21,139
222001596,180,268,-88
222001597,1598,125,1473
222001626,0,16,-16
222001650,1,43,-42
222001651,131,222,-91
222001914,323,30,293
222001915,8,138,-130
222001968,830,97,733
222001969,230,144,86
222001970,113,180,-67
222001971,137,8,129
222001972,9,2,7
225000001,637,75,562
225000002,1481,117,1364
225000003,1567,58,1509
225000004,1019,86,933
225000005,41,24,17
225000006,0,130,-130
225000007,809,1261,-452
225000010,360,11,349
225000011,315,2306,-1991
225000012,297,1065,-768
225000013,249,93,156
225000014,906,95,811
225000015,151,213,-62
225000021,949,71,878
225000027,338,278,60
225000032,896,86,810
225000042,157,307,-150
225000049,14,90,-76
225000050,298,28,270
225000053,1,74,-73
225000058,807,208,599
225000067,375,91,284
225000068,171,132,39
225000069,33,192,-159
225000070,108,246,-138
225000071,43,47,-4
225000075,61,1112,-1051
225000076,111,66,45
225000078,53,27,26
225000085,220,32,188
225000086,912,27,885
225000087,83,6,77
225000088,15,149,-134
225000089,80,108,-28
225000090,7,144,-137
225000091,26,27,-1
225000092,17,101,-84
225000093,401,142,259
225000094,2,80,-78
225000095,315,163,152
225000096,44,160,-116
225000098,1128,153,975
225000099,709,28,681
225000100,1114,59,1055
225000104,119,380,-261
225000110,7,180,-173
225000111,606,369,237
225000112,688,832,-144
225000113,247,1322,-1075
225000114,109,695,-586
225000115,1479,927,552
225000116,288,95,193
225000117,537,355,182
225000118,1411,332,1079
225000119,636,75,561
225000120,915,27,888
225000121,128,19,109
225000123,774,8,766
225000125,853,316,537
225000126,964,220,744
225000127,499,4248,-3749
225000128,468,1746,-1278
225000132,626,8,618
225000133,364,18,346
225000134,800,71,729
225000135,117,15,102
225000136,672,12,660
225000137,585,150,435
225000138,698,176,522
225000143,83,237,-154
225000144,12,297,-285
225000145,23,15,8
225000146,88,37,51
225000147,32,21,11
225000148,22,31,-9
225000149,35,85,-50
225000151,33,41,-8
225000155,99,108,-9
225000156,284,1043,-759
225000157,567,401,166
225000158,38,147,-109
225000171,0,175,-175
225000180,10,0,10
225000181,0,138,-138
225000182,58,3,55
225000185,10,371,-361
225000187,92,223,-131
225000191,105,2,103
225000194,0,3,-3
225000208,0,58,-58
225000209,86,2,84
225000210,1,89,-88
225000217,0,20,-20
225000218,32,0,32
225000223,0,738,-738
225000224,17,3,14
225000225,0,602,-602
225000226,28,4,24
225000227,150,311,-161
225000228,12,4,8
225000229,0,31,-31
225000230,11,0,11
225000231,0,22,-22
225000232,227,1,226
225000241,64,1,63
225000242,0,52,-52
225000249,3,0,3
225000250,11,129,-118
225000251,847,133,714
226000042,154,231,-77
226000043,29,189,-160
226000044,125,443,-318
226000045,20,236,-216
226000046,1252,166,1086
226000047,1030,196,834
226000048,721,161,560
226000049,756,281,475
226000070,1,10,-9
226000071,0,37,-37
226000072,0,28,-28
226000073,0,2,-2
226000074,0,9,-9
226000084,0,7,-7
226000085,1,39,-38
226000086,1,30,-29
226000087,0,55,-55
226000088,1,12,-11
226000090,113,263,-150
226000091,12,186,-174
226000092,1,35,-34
226000093,7,0,7
226000094,0,11,-11
226000095,10,52,-42
226000105,6,0,6
226000106,7,0,7
226000107,1,0,1
226000108,49,0,49
226000109,402,0,402
226000124,279,63,216
226000134,1340,351,989
226000135,2442,563,1879
226000136,1198,268,930
226000137,2,94,-92
226000138,1,69,-68
226000139,0,51,-51
226000156,633,18,615
226000157,717,12,705
226000163,28,59,-31
226000202,1,35,-34
226000231,1730,2,1728
226000232,37,1,36
227000033,798,7,791
227000036,1280,13,1267
227000037,1235,20,1215
227000038,492,38,454
227000049,0,101,-101
227000050,0,71,-71
227000055,60,2,58
227000056,8,0,8
227000084,3,107,-104
227000085,1,147,-146
227000088,72,2,70
227000089,51,3,48
227000090,37,0,37
227000091,58,0,58
227000092,8,0,8
227000093,157,0,157
227000094,21,1,20
227000130,139,173,-34
227000131,28,165,-137
227000132,23,83,-60
227000133,54,107,-53
227000134,44,165,-121
227000152,0,11,-11
227000153,0,117,-117
227000154,0,14,-14
227000155,3,12,-9
227000156,0,19,-19
227000165,1,164,-163
227000196,608,78,530
227000199,1490,122,1368
227000230,2,278,-276
227000232,2142,57,2085
227000242,51,310,-259
227000243,582,37,545
227000245,54,230,-176
227000246,102,181,-79
227000247,1117,13,1104
227000248,324,85,239
227000249,10,219,-209
227000250,623,389,234
227000251,115,420,-305
227000252,93,173,-80
227000253,525,21,504
227000262,1029,30,999
227000266,2965,45,2920
227000267,0,571,-571
227000282,1,55,-54
227000284,1720,16,1704
227000286,5,48,-43
227000287,20,120,-100
227000291,3,145,-142
227000484,242,30,212
227000485,2,340,-338
227000655,764,1,763
227000656,1520,17,1503
227000657,663,5,658
227000661,1786,26,1760
227000680,116,145,-29
229000265,28,46,-18
229000296,1,55,-54
229000297,5,61,-56
229000298,4,265,-261
229000320,57,1,56
229000321,10,0,10
229000412,39,56,-17
229000414,30,61,-31
229000415,27,1,26
229000416,1,2,-1
229000417,9,1,8
229000419,158,321,-163
229000440,328,143,185
229000442,14,3,11
229000443,3,1,2
229000444,0,49,-49
229000445,76,11,65
229000446,57,39,18
229000491,4,6,-2
229000492,10,55,-45
229000493,0,84,-84
229000494,31,2,29
229000495,147,2,145
229000496,169,2,167
229000507,0,19,-19
229000508,0,28,-28
229000509,0,47,-47
229000510,3,11,-8
229000511,2,21,-19
229000512,0,23,-23
229000513,0,5,-5
229000514,0,2,-2
229000517,10,2,8
229000518,9,21,-12
229000519,1,17,-16
229000520,16,36,-20
229000521,98,19,79
229000522,11,5,6
229000523,9,2,7
229000524,2,1,1
229000527,2,0,2
229000528,0,0,0
229000529,4,0,4
229000530,112,2,110
229000531,80,0,80
229000532,10,0,10
229000533,39,0,39
229000534,14,0,14
229000564,169,0,169
229000565,93,1,92
229000566,0,6,-6
229000567,0,3,-3
229000582,85,3,82
229000583,27,17,10
229000584,0,4,-4
229000585,0,62,-62
229000718,0,7,-7
229000719,0,1,-1
229000720,0,12,-12
229000721,0,14,-14
229000722,0,2,-2
229000723,0,0,0
229000724,0,21,-21
229000725,0,1,-1
229000738,2,0,2
229000739,6,0,6
229000740,0,0,0
229000741,74,0,74
229000742,18,0,18
229000743,41,0,41
229000744,3,0,3
229000745,3,0,3
229000746,22,1,21
229000847,82,0,82
229000848,59,0,59
229000849,101,0,101
229000851,266,0,266
229000854,0,12,-12
229000856,1,86,-85
229000857,0,19,-19
229000858,3,6,-3
229000919,0,16,-16
229000930,0,21,-21
229000937,111,8,103
229000966,64,11,53
229000981,19,2,17
229000985,13,6,7
229000986,0,2,-2
229000987,0,6,-6
229000988,0,12,-12
229000989,33,31,2
229000990,1,30,-29
229000991,0,1,-1
229000992,20,1,19
229000993,475,17,458
229000998,3,44,-41
229000999,139,2,137
229001034,0,67,-67
229001035,25,0,25
229001037,67,1,66
229001042,21,0,21
229001047,0,62,-62
229001050,72,17,55
229001168,0,53,-53
229001200,44,0,44
229001338,0,4,-4
229001394,296,2,294
229001422,131,10,121
229001423,0,36,-36
229001431,29,10,19
229001432,2,10,-8
229001444,230,44,186
229001445,117,113,4
229001479,42,0,42
229001503,378,19,359
229001504,28,43,-15
229001505,157,4,153
229001506,23,36,-13
229001509,31,3,28
229001545,59,28,31
229001546,1,7,-6
229001553,42,3,39
229001554,3,13,-10
229001559,51,4,47
229001560,2,60,-58
229001630,159,2,157
229001631,5,29,-24
229001635,0,27,-27
229001636,0,0,0
229001658,0,19,-19
229001659,90,11,79
229001660,0,12,-12
229001661,0,49,-49
229001662,24,0,24
229001663,0,21,-21
229002584,338,340,-2
229002831,163,90,73
229002841,2,73,-71
229002842,52,45,7
229002843,29,73,-44
229002844,19,139,-120
229002845,4,149,-145
229002846,1,8,-7
229002847,0,6,-6
229002848,3,22,-19
229002849,0,184,-184
229002850,9,6,3
229002851,30,231,-201
229002852,89,105,-16
229002853,95,10,85
229002854,10,53,-43
229002855,5,80,-75
229002856,75,70,5
229002857,8,89,-81
229002858,3,21,-18
229002859,20,29,-9
229002860,31,66,-35
229002861,40,76,-36
229002862,9,28,-19
229002863,11,11,0
229002864,51,80,-29
229002865,1,30,-29
229002866,4,38,-34
229002867,1,12,-11
229002868,4,14,-10
229002869,15,69,-54
229002870,31,1,30
235000066,347,20,327
235000067,149,86,63
235000072,17,2,15
235000073,43,78,-35
235000074,80,10,70
235000080,0,40,-40
235000081,64,74,-10
235000082,331,62,269
235000083,383,111,272
235000084,20,135,-115
235000085,240,116,124
235000089,44,8,36
235000092,8,27,-19
235000093,0,2,-2
235000097,0,2,-2
235000098,184,0,184
235000099,13,28,-15
235000116,13,34,-21
235000117,722,24,698
235000133,14,341,-327
235000134,12,69,-57
235000206,0,3,-3
235000207,0,2,-2
235000208,0,0,0
235000209,5,0,5
235000210,5,1,4
235000212,4,5,-1
235000213,12,9,3
235000220,0,0,0
235000221,7,22,-15
235000238,5,350,-345
235000239,0,30,-30
235000242,248,1304,-1056
235000245,387,222,165
235000246,25,52,-27
235000284,8,92,-84
235000295,76,1,75
235000305,347,4,343
235000306,521,6,515
235000307,95,1,94
235000308,18,0,18
235000309,74,1,73
235000310,17,0,17
235000311,42,38,4
235000322,0,92,-92
235000323,3,49,-46
235000324,0,44,-44
235000325,2,37,-35
235000326,24,60,-36
235000351,0,57,-57
235000352,9,28,-19
235000353,0,34,-34
235000354,8,4,4
235000355,2,21,-19
235000356,70,3,67
235000357,44,12,32
235000358,17,2,15
235000359,12,13,-1
235000360,72,6,66
235000361,68,3,65
235000381,108,47,61
235000382,192,29,163
235000390,0,0,0
235000391,205,10,195
235000392,282,167,115
235000393,226,117,109
235000395,84,50,34
235000396,601,46,555
235000400,26,91,-65
235000401,23,98,-75
235000405,144,92,52
235000406,38,85,-47
235000407,84,22,62
235000409,178,34,144
235000410,44,84,-40
235000411,0,43,-43
235000485,0,5,-5
235000486,1,0,1
235000549,118,63,55
235000550,87,50,37
235000599,209,14,195
235000600,2,3,-1
235000601,4,15,-11
235000602,154,81,73
235000614,0,1,-1
235000648,0,5,-5
235000649,35,3,32
235000685,0,0,0
235000815,7,5,2
235000834,0,11,-11
235000855,41,50,-9
235000862,1,50,-49
235000891,0,11,-11
235000892,61,13,48
235000901,29,25,4
235000907,0,11,-11
235001010,201,77,124
235001029,165,98,67
235001030,165,52,113
235001078,159,69,90
235001079,69,16,53
235001147,3,93,-90
235001166,20,30,-10
235001167,53,11,42
235001169,85,176,-91
235001188,0,8,-8
235001189,1,1,0
235001197,0,14,-14
235001200,28,13,15
235001207,311,50,261
235001210,11,125,-114
235001215,47,64,-17
235001239,0,8,-8
235001244,0,7,-7
235016267,0,125,-125
277101746,0,0,0
277102712,0,0,0
277103813,0,2,-2
277103814,0,0,0
277103898,0,0,0
277104249,0,2,-2
277104250,0,32,-32
277104251,0,5,-5
277104252,1,4,-3
990011530,0,250,-250
990014944,0,88,-88
990015176,15,2,13
990015618,0,99,-99
990016032,0,61,-61
990032570,2,26,-24
990070001,85,5,80
990070103,0,0,0
990070601,0,15,-15
990070751,3039,3,3036
990070766,0,79,-79
990071180,432,100,332
990071343,52,16,36
990071387,0,6,-6
990071823,629,1,628
990072600,4,203,-199
990072964,0,62,-62
990073285,0,1,-1
990074393,1,149,-148
990074870,2651,32,2619
990075106,445,0,445
990075746,586,6,580
990076437,6594,5,6589
990076458,0,315,-315
997000007,208,4,204
997000041,1,138,-137
997000058,183,78,105
997000062,29,0,29
997000069,0,2,-2
997000070,0,8,-8
997000100,238,0,238
997000141,0,185,-185
997000198,5,288,-283
998000475,0,1,-1
998000736,0,33,-33
998000965,0,93,-93
998001031,0,47,-47
998001700,0,21,-21
998001899,0,0,0
998001900,8,1,7
998003073,1693,7,1686
998101900,0,0,0
998102850,0,52,-52
998501927,286,633,-347
998501929,143,0,143
998501930,26,0,26
998501931,186,45,141
998501932,34,0,34
998501933,19,0,19
998501937,7,1,6
998501944,24,0,24
998501950,0,2,-2
998501970,319,3,316
998501971,0,23,-23
998501973,1,4,-3
998501974,1,76,-75
998501975,144,5,139
998501976,459,3,456
998501977,0,20,-20
998501978,8,0,8
998501979,0,1,-1
998501980,97,0,97
998501981,90,0,90
998501982,0,90,-90
998501983,0,6,-6
998502024,0,1,-1
998502032,0,0,0
998502062,6,0,6
998502063,0,0,0
998502173,5,1,4
998502269,0,8,-8
998502546,0,354,-354
998502578,0,0,0
998502599,8,1025,-1017
998601159,0,10,-10
998601292,0,3,-3
999033574,0,173,-173
999800001,39,5,34
999800002,1,1,0
999800003,20,0,20
999800004,0,2,-2
999800005,0,15,-15
