ID,insum,outsum,diff
100000001,1013,900,113
100000002,4286,6297,-2011
100000003,4291,6523,-2232
100000004,300,1319,-1019
100000005,2767,4842,-2075
100000006,599,508,91
100000007,2579,1017,1562
100000008,164,894,-730
100000009,557,541,16
100000010,38,98,-60
100000011,569,189,380
100000012,63,987,-924
100000013,33,298,-265
100000014,508,584,-76
100000015,1401,2149,-748
100000016,603,2086,-1483
100000017,856,1783,-927
100000018,1127,1020,107
100000019,3749,3205,544
100000020,1394,6444,-5050
100000021,5762,2185,3577
100000022,809,4211,-3402
100000023,4680,1775,2905
100000025,381,2250,-1869
100000028,558,2202,-1644
100000029,55,987,-932
100000030,54,44,10
100000031,2106,7211,-5105
100000032,2068,4749,-2681
100000033,1260,3890,-2630
100000034,159,1811,-1652
100000035,1091,1776,-685
100000036,887,1888,-1001
100000037,658,473,185
100000038,2483,1255,1228
100000039,338,429,-91
100000040,360,223,137
100000041,1522,769,753
100000042,1056,544,512
100000043,653,702,-49
100000044,189,1044,-855
100000045,341,747,-406
100000046,386,702,-316
100000047,173,317,-144
100000048,291,643,-352
100000049,1530,1168,362
100000051,600,531,69
100000053,101,10,91
100000054,349,27,322
100000055,605,435,170
100000056,407,899,-492
100000057,1896,586,1310
100000058,723,749,-26
100000059,7,286,-279
100000060,673,344,329
100000061,1975,657,1318
100000062,1693,782,911
100000063,789,371,418
100000064,1296,737,559
100000065,261,860,-599
100000066,191,591,-400
100000067,231,574,-343
100000068,332,1182,-850
100000069,306,1111,-805
100000072,156,481,-325
100000073,934,887,47
100000075,875,247,628
100000076,1741,5483,-3742
100000077,91,453,-362
100000078,7,55,-48
100000079,23,93,-70
100000080,11,79,-68
100000081,59,210,-151
100000102,3275,7013,-3738
100000103,1840,2472,-632
100000104,3285,2887,398
100000105,1316,2224,-908
100000106,808,4333,-3525
100000107,110,1788,-1678
100000108,144,1167,-1023
100000109,672,1850,-1178
100000116,380,626,-246
100000117,113,272,-159
100000118,507,1176,-669
100000119,684,1181,-497
100000121,370,646,-276
100000122,411,2385,-1974
100000123,1150,3278,-2128
100000124,2118,3394,-1276
100000125,5799,2085,3714
100000126,580,996,-416
100000127,1000,869,131
100000128,720,3019,-2299
100000129,309,989,-680
100000130,561,230,331
100000131,821,1878,-1057
100000132,826,1833,-1007
100000133,1697,1047,650
100000135,752,1537,-785
100000139,216,693,-477
100000140,110,207,-97
100000142,513,661,-148
100000143,1423,425,998
100000144,1717,673,1044
100000147,1545,4398,-2853
100000150,60,728,-668
100000151,521,2661,-2140
100000153,90,549,-459
100000154,15,722,-707
100000155,6,63,-57
100000156,240,338,-98
100000157,583,305,278
100000158,228,296,-68
100000159,119,1457,-1338
100000165,509,669,-160
100000169,25,1916,-1891
100000174,295,1328,-1033
100000179,88,995,-907
100000180,752,2905,-2153
100000181,279,584,-305
100000188,80,238,-158
100000189,1002,557,445
100000190,391,1936,-1545
100000191,771,790,-19
100000192,28,122,-94
100000193,203,262,-59
100000330,660,1085,-425
100000355,231,909,-678
100000362,2375,1215,1160
100000363,6653,7484,-831
100000364,81,503,-422
100000365,5894,10701,-4807
100000366,1776,1428,348
100000367,4818,7665,-2847
100000368,2477,895,1582
100000369,615,2481,-1866
100000370,170,1130,-960
100000376,67,239,-172
100000379,989,3067,-2078
100000380,3398,8592,-5194
100000384,5100,8233,-3133
100000385,1009,4849,-3840
100000386,2419,8573,-6154
100000387,3007,8186,-5179
100000388,1925,6669,-4744
100000389,3497,8162,-4665
100000390,2939,5756,-2817
100000391,2141,9651,-7510
100000392,882,3342,-2460
100000393,716,6276,-5560
100000394,2703,6936,-4233
100000395,1298,6068,-4770
100000396,1836,2934,-1098
100000397,1958,8217,-6259
100000398,6166,4480,1686
100000413,3,1,2
100900002,12,9,3
100900003,361,264,97
100900004,8,742,-734
100900005,117,39,78
100900006,29,55,-26
100900007,170,6,164
100900008,4,427,-423
100900009,31,87,-56
100900010,45,19,26
100900011,182,119,63
100900012,1,99,-98
100900013,959,28,931
100900014,5,0,5
100900015,33,33,0
100900016,7,29,-22
100900017,1017,37,980
100900018,0,18,-18
100900019,31,73,-42
100900020,381,5,376
100900021,129,2,127
100900022,4,17,-13
100900023,0,26,-26
100900024,366,8,358
100900025,3,0,3
100900026,117,67,50
100900027,430,2261,-1831
100900028,112,444,-332
100900029,115,3,112
100900030,1,344,-343
100900031,668,49,619
100900032,230,0,230
100900033,113,388,-275
100900034,1154,2,1152
100900035,163,0,163
100900036,13,0,13
100900037,123,83,40
100900038,40,111,-71
100900039,173,247,-74
100900040,1846,322,1524
100900041,950,248,702
100900042,717,2158,-1441
100900043,0,29,-29
100900044,897,591,306
100900045,6,0,6
100900046,453,17,436
100900047,622,128,494
100900048,99,35,64
100900049,99,79,20
100900050,5,4,1
100900051,43,141,-98
100900052,229,19,210
100900053,631,16,615
100900054,4,47,-43
100900055,277,1085,-808
100900056,25,98,-73
100900057,2134,698,1436
100900058,109,62,47
100900059,113,7,106
100900060,257,4,253
100900061,169,134,35
100900062,6,51,-45
100900063,263,751,-488
100900064,210,11,199
100900065,83,114,-31
100900066,198,128,70
100900067,4,6,-2
100900068,199,250,-51
100900069,139,2,137
100900070,524,0,524
100900071,225,84,141
100900072,2,65,-63
100900073,111,222,-111
100900074,8,39,-31
100900075,1346,149,1197
100900076,2,16,-14
100900077,59,4,55
100900078,63,194,-131
100900079,6,71,-65
100900080,59,96,-37
100900081,18,77,-59
100900082,160,219,-59
100900083,11,50,-39
100900085,14,552,-538
100900086,76,337,-261
100900088,204,192,12
100900089,2,24,-22
100900090,69,837,-768
100900091,2,9,-7
100900092,79,103,-24
100900093,313,385,-72
100900094,155,133,22
100900095,1,49,-48
100900096,49,294,-245
100900097,6,1,5
100900098,20,36,-16
100900099,10,300,-290
100900100,4,493,-489
100900101,156,46,110
100900102,41,105,-64
100900103,25,22,3
100900104,2,263,-261
100900105,11,549,-538
100900106,13,3,10
100900107,2044,981,1063
100900108,6,36,-30
100900109,7,46,-39
100900110,1,15,-14
100900111,13,216,-203
100900112,7,22,-15
100900113,12,18,-6
100900114,6,13,-7
100900115,11,21,-10
100900116,999,386,613
100900117,168,1045,-877
100900118,10,14,-4
100900119,5,33,-28
100900120,20,2,18
100900121,382,339,43
100900122,86,65,21
100900123,114,110,4
100900124,3,10,-7
100900125,5,33,-28
100900126,321,189,132
100900127,4,1,3
100900128,86,382,-296
100900129,0,340,-340
100900131,30,116,-86
100900133,94,24,70
100900134,10,0,10
100900135,2,1025,-1023
100900137,290,189,101
100900138,494,407,87
100900139,9,18,-9
100900140,2,140,-138
100900141,3,834,-831
100900142,0,8,-8
100900143,328,647,-319
100900144,5,4,1
100900145,121,220,-99
100900146,4,23,-19
100900147,17,1569,-1552
100900148,65,153,-88
100900149,32,355,-323
100900150,0,15,-15
100900151,101,363,-262
100900152,149,9,140
100900153,3,285,-282
100900154,9,171,-162
100900155,11,10,1
100900156,36,3,33
100900157,18,879,-861
100900159,1,34,-33
100900160,25,33,-8
100900161,40,4,36
100900162,25,365,-340
100900163,83,64,19
100900164,65,41,24
100900165,14,28,-14
100900166,11,1,10
100900167,8,72,-64
100900168,15,156,-141
100900169,77,650,-573
100900170,9,2,7
100900171,30,416,-386
100900172,0,37,-37
100900173,1,81,-80
100900174,38,33,5
100900176,1673,203,1470
100900177,319,193,126
100900178,185,267,-82
100900179,365,333,32
100900180,5,2,3
100900181,50,39,11
100900182,81,17,64
100900184,14,105,-91
100900186,473,226,247
100900187,36,91,-55
100900188,18,14,4
100900189,2627,163,2464
100900191,450,1274,-824
100900192,107,558,-451
100900195,87,267,-180
100900197,29,60,-31
100900198,32,65,-33
100900199,7,3,4
100900200,633,316,317
100900201,70,537,-467
100900202,42,0,42
100900203,1,256,-255
100900204,59,1114,-1055
100900205,141,635,-494
100900206,245,122,123
100900207,250,147,103
100900210,135,177,-42
100900211,612,177,435
100900213,205,40,165
100900214,397,183,214
100900215,11,50,-39
100900217,96,129,-33
101000001,1844,2096,-252
101000002,7892,7940,-48
101000003,333,983,-650
101000004,5579,5347,232
101000005,3487,5333,-1846
101000006,4982,9455,-4473
101000007,2873,5171,-2298
101000008,1515,2972,-1457
101000009,2529,725,1804
101000010,849,594,255
101000011,1301,239,1062
101000012,322,620,-298
101000013,557,1150,-593
101000014,220,333,-113
101000015,2055,1300,755
101000016,216,755,-539
101000017,219,578,-359
101000018,1283,4952,-3669
101000020,1495,835,660
101000021,522,978,-456
101000022,52,225,-173
101000023,977,1071,-94
101000025,305,615,-310
101000026,312,29,283
101000027,1696,4435,-2739
101000028,1020,442,578
101000029,71,1417,-1346
101000030,590,142,448
101000031,117,779,-662
101000032,1920,4849,-2929
101000033,1241,5034,-3793
101000034,798,2895,-2097
101000035,391,389,2
101000036,744,2270,-1526
101000037,1138,3789,-2651
101000039,1912,3790,-1878
101000040,2712,6698,-3986
101000041,1887,6426,-4539
101000042,91,949,-858
101000043,2790,7274,-4484
101000045,274,967,-693
101000046,759,2256,-1497
101000047,741,4417,-3676
101000048,421,326,95
101000049,575,2644,-2069
101000050,580,1900,-1320
101000051,574,2236,-1662
101000052,1272,1428,-156
101000053,587,1441,-854
101000054,1550,805,745
101000055,828,1860,-1032
101000056,24,187,-163
101000057,784,2077,-1293
101000058,879,1722,-843
101000059,1971,2498,-527
101000060,1952,1155,797
101000061,312,2008,-1696
101000062,278,749,-471
101000063,224,1879,-1655
101000064,384,1351,-967
101000065,241,1106,-865
101000066,348,1514,-1166
101000067,355,1039,-684
101000068,104,352,-248
101000069,123,86,37
101000070,398,817,-419
101000071,2626,1105,1521
101000072,509,2388,-1879
101000073,494,1138,-644
101000074,1928,3078,-1150
101000075,1543,3923,-2380
101000077,1438,1499,-61
101000078,612,968,-356
101000079,926,1163,-237
101000080,1146,1269,-123
101000081,1496,1487,9
101000082,1815,1787,28
101000083,3393,2220,1173
101000084,877,502,375
101000085,1333,1181,152
101000086,934,1402,-468
101000087,780,994,-214
101000088,1739,1095,644
101000089,930,1647,-717
101000090,1559,887,672
101000091,592,479,113
101000092,2735,744,1991
101000093,1693,564,1129
101000094,1132,917,215
101000095,583,484,99
101000096,885,338,547
101000097,315,777,-462
101000098,424,872,-448
101000099,487,1111,-624
101000100,690,1258,-568
101000101,260,619,-359
101000102,388,1147,-759
101000103,384,999,-615
101000104,205,1038,-833
101000105,232,556,-324
101000106,257,1142,-885
101000107,239,480,-241
101000108,574,91,483
101000109,657,92,565
101000110,20,139,-119
101000111,46,167,-121
101000113,142,970,-828
101000114,2338,8237,-5899
101000115,34,42,-8
101000116,37,28,9
101000117,1307,139,1168
101000119,26,72,-46
101000120,76,154,-78
101000121,43,83,-40
101000122,61,120,-59
101000123,45,132,-87
101000124,681,527,154
101000125,112,209,-97
101000128,185,1055,-870
101000130,150,189,-39
101000131,1662,454,1208
101000132,944,635,309
101000135,16,23,-7
101000136,151,222,-71
101000137,46,590,-544
101000141,526,4355,-3829
101000147,1298,383,915
101000148,876,8,868
101000149,47,322,-275
101000150,160,277,-117
101000151,363,20,343
101000152,405,300,105
101000153,373,118,255
101000154,422,393,29
101000155,483,173,310
101000156,77,507,-430
101000157,123,48,75
101000160,24,27,-3
101000163,105,549,-444
101000164,359,143,216
101000165,306,488,-182
101000166,140,214,-74
101000168,963,702,261
101000252,2571,1100,1471
101000254,35,37,-2
101000258,78,14,64
101000261,86,108,-22
101000262,1100,5473,-4373
101000263,264,1601,-1337
101000265,36,860,-824
101000266,288,246,42
101000269,17,30,-13
101000290,321,3147,-2826
101000293,26,90,-64
101000294,635,569,66
101000295,298,241,57
101000301,289,572,-283
101000304,2117,3273,-1156
101000305,2985,1091,1894
101000328,99,719,-620
101900001,27,37,-10
101900002,0,2,-2
101900003,15,132,-117
101900004,1,269,-268
101900005,1008,3502,-2494
101900006,1834,68,1766
101900007,548,252,296
101900008,70,325,-255
101900009,25,421,-396
101900010,525,792,-267
101900011,57,1029,-972
101900012,446,80,366
101900013,380,70,310
101900017,11,94,-83
101900018,635,296,339
101900019,83,169,-86
101900020,75,50,25
101900021,1,40,-39
101900022,215,408,-193
101900023,204,122,82
101900026,158,30,128
101900027,21,119,-98
102000001,3136,6405,-3269
102000002,2423,1728,695
102000003,2377,7172,-4795
102000004,3307,2583,724
102000005,1310,3576,-2266
102000006,630,1560,-930
102000007,2036,4838,-2802
102000008,4293,1443,2850
102000009,7448,9666,-2218
102000010,3630,2523,1107
102000011,4481,4452,29
102000012,3354,2600,754
102000018,2729,3268,-539
102000019,2226,1608,618
102000026,555,456,99
102000029,272,295,-23
102000030,175,335,-160
102000031,66,130,-64
102000032,546,382,164
102000033,303,334,-31
102000034,345,388,-43
102000035,1512,471,1041
102000036,13,272,-259
102000037,271,37,234
102000038,92,710,-618
102000039,89,279,-190
102000040,142,443,-301
102000041,53,1057,-1004
102000042,61,633,-572
102000043,41,533,-492
102000044,439,1349,-910
102000045,576,864,-288
102000046,1265,821,444
102000047,693,749,-56
102000048,571,650,-79
102000049,900,1295,-395
102000050,1149,1421,-272
102000051,198,864,-666
102000052,1175,1371,-196
102000053,696,1627,-931
102000054,1023,975,48
102000055,1561,302,1259
102000056,1727,311,1416
102000057,2008,456,1552
102000058,945,832,113
102000059,1091,1531,-440
102000060,1019,958,61
102000061,1898,1621,277
102000062,2322,992,1330
102000063,1338,1395,-57
102000064,792,779,13
102000065,49,161,-112
102000066,914,1000,-86
102000067,4878,3881,997
102000068,10621,3967,6654
102000069,156,3285,-3129
102000070,1915,36,1879
102000071,8080,11236,-3156
102000072,2496,4885,-2389
102000073,578,710,-132
102000074,751,918,-167
102000075,176,272,-96
102000076,340,198,142
102000077,729,435,294
102000078,1830,371,1459
102000079,173,176,-3
102000080,370,237,133
102000081,217,944,-727
102000082,689,326,363
102000083,897,172,725
102000084,682,248,434
102000085,2848,722,2126
102000086,1672,820,852
102000087,737,1017,-280
102000088,522,304,218
102000089,1559,309,1250
102000090,422,1170,-748
102000091,1457,660,797
102000092,311,568,-257
102000093,1445,627,818
102000094,495,420,75
102000095,877,827,50
102000096,362,442,-80
102000097,675,428,247
102000098,339,700,-361
102000099,942,1079,-137
102000100,210,1694,-1484
102000101,503,677,-174
102000102,611,1211,-600
102000103,3961,423,3538
102000104,891,350,541
102000105,304,592,-288
102000106,777,401,376
102000107,2062,255,1807
102000108,815,288,527
102000109,824,432,392
102000110,1692,596,1096
102000111,11,573,-562
102000112,230,145,85
102000113,35,28,7
102000114,943,315,628
102000115,239,342,-103
102000116,217,667,-450
102000117,98,1244,-1146
102000118,974,1960,-986
102000119,1029,2166,-1137
102000120,234,562,-328
102000121,855,404,451
102000122,619,1007,-388
102000123,1000,711,289
102000124,1199,1503,-304
102000125,421,591,-170
102000126,496,905,-409
102000127,1158,565,593
102000128,782,1014,-232
102000129,1342,488,854
102000130,756,810,-54
102000131,799,445,354
102000132,339,569,-230
102000133,3145,1382,1763
102000134,1027,790,237
102000135,1086,676,410
102000136,1302,476,826
102000137,402,1139,-737
102000138,218,360,-142
102000139,87,925,-838
102000140,122,1793,-1671
102000141,89,285,-196
102000142,390,253,137
102000143,281,219,62
102000144,387,234,153
102000145,431,274,157
102000146,374,269,105
102000147,519,350,169
102000148,280,521,-241
102000149,245,140,105
102000150,642,72,570
102000151,141,127,14
102000152,371,171,200
102000153,928,781,147
102000154,205,435,-230
102000155,47,843,-796
102000156,159,177,-18
102000157,37,1214,-1177
102000158,268,398,-130
102000159,1635,1119,516
102000161,2144,1931,213
102000162,104,217,-113
102000163,104,471,-367
102000164,629,755,-126
102000165,261,212,49
102000166,96,193,-97
102000167,176,226,-50
102000168,211,209,2
102000169,126,525,-399
102000170,820,113,707
102000171,91,127,-36
102000172,21,310,-289
102000173,417,296,121
102000174,131,70,61
102000175,63,69,-6
102000176,44,19,25
102000178,256,436,-180
102000179,419,214,205
102000180,1193,296,897
102000181,1025,277,748
102000182,597,459,138
102000183,2069,974,1095
102000184,2431,714,1717
102000185,3286,882,2404
102000186,2261,1085,1176
102000187,1465,1484,-19
102000188,1455,1422,33
102000189,2410,659,1751
102000190,587,2363,-1776
102000191,1030,308,722
102000192,2391,1988,403
102000193,97,105,-8
102000194,63,238,-175
102000195,529,436,93
102000196,303,235,68
102000197,1083,258,825
102000198,210,463,-253
102000199,1455,179,1276
102000200,269,452,-183
102000201,1513,295,1218
102000202,10,152,-142
102000203,516,172,344
102000204,684,515,169
102000205,1308,519,789
102000206,784,344,440
102000207,702,584,118
102000208,524,503,21
102000209,107,73,34
102000210,840,435,405
102000211,413,147,266
102000212,576,12,564
102000213,5,148,-143
102000214,462,9,453
102000215,2,173,-171
102000216,75,66,9
102000217,27,64,-37
102000218,309,243,66
102000219,188,137,51
102000225,405,626,-221
102000226,271,425,-154
102000227,138,1,137
102000228,1,126,-125
102000229,65,54,11
102000230,397,315,82
102000231,274,327,-53
102000232,106,234,-128
102000233,915,437,478
102000234,98,1114,-1016
102000236,234,133,101
102000237,655,495,160
102000238,246,352,-106
102000240,464,1083,-619
102000241,217,91,126
102000243,11,27,-16
102000245,18,103,-85
102000246,15,48,-33
102000247,354,459,-105
102000248,421,849,-428
102000249,218,136,82
102000250,80,183,-103
102000254,313,144,169
102000266,4,989,-985
102000271,20,0,20
102000286,458,326,132
102000297,2245,1202,1043
102000299,0,0,0
102000301,0,0,0
102000303,0,0,0
102000305,0,0,0
102000307,0,5,-5
102900001,1027,512,515
102900002,427,70,357
102900003,90,152,-62
102900005,354,148,206
102900006,330,34,296
102900007,884,13,871
102900008,174,20,154
102900009,294,435,-141
102900010,161,1209,-1048
102900011,940,395,545
102900012,516,88,428
102900013,34,33,1
102900015,747,604,143
102900016,66,26,40
102900017,325,199,126
102900018,104,62,42
102900019,349,484,-135
102900020,377,46,331
102900021,70,30,40
102900022,130,104,26
102900023,21,45,-24
102900024,63,32,31
102900025,127,60,67
102900026,366,2289,-1923
102900027,99,88,11
102900028,186,848,-662
102900029,105,261,-156
102900030,429,323,106
102900031,286,91,195
102900032,112,43,69
102900033,96,139,-43
102900034,613,42,571
102900035,139,172,-33
102900036,422,179,243
102900037,386,155,231
102900038,429,185,244
102900039,16,659,-643
102900040,246,252,-6
102900041,79,109,-30
102900042,378,176,202
102900043,210,154,56
102900044,596,1259,-663
102900045,257,334,-77
102900046,279,107,172
102900047,141,510,-369
102900048,591,191,400
102900049,112,396,-284
102900050,267,390,-123
102900051,257,180,77
102900053,311,428,-117
102900054,265,1521,-1256
102900055,192,257,-65
102900056,99,296,-197
102900057,5,72,-67
102900058,572,112,460
102900059,30,34,-4
102900060,99,325,-226
102900061,163,204,-41
102900062,387,416,-29
102900063,1688,314,1374
102900064,115,526,-411
102900065,1578,349,1229
102900066,225,13,212
102900068,59,170,-111
102900070,159,373,-214
102900072,15,34,-19
102900073,76,4,72
102900075,13,82,-69
102900076,38,184,-146
102900077,28,11,17
102900078,12,34,-22
102900079,281,6,275
102900080,489,31,458
102900081,104,262,-158
102900082,12,244,-232
102900083,126,6,120
102900084,0,56,-56
102900085,220,118,102
102900086,25,86,-61
102900087,229,137,92
102900088,35,57,-22
102900089,176,215,-39
102900090,0,185,-185
102900091,209,2,207
102900092,392,173,219
102900094,0,299,-299
102900095,91,0,91
102900096,94,14,80
102900097,20,33,-13
103000001,1949,2260,-311
103000002,2489,2814,-325
103000003,2995,3073,-78
103000004,724,675,49
103000005,1692,4442,-2750
103000006,1082,1525,-443
103000007,460,591,-131
103000008,901,719,182
103000009,1913,1095,818
103000010,246,137,109
103000011,1248,872,376
103000012,1207,1662,-455
103000013,2271,1510,761
103000014,1327,3108,-1781
103000015,1611,846,765
103000016,660,1785,-1125
103000017,355,575,-220
103000018,760,211,549
103000019,419,522,-103
103000020,1188,1134,54
103000021,1585,2263,-678
103000022,677,833,-156
103000023,846,2604,-1758
103000024,73,74,-1
103000025,189,1166,-977
103000026,483,72,411
103000027,289,612,-323
103000028,178,280,-102
103000029,99,201,-102
103000030,1744,1679,65
103000031,769,2429,-1660
103000032,1841,1080,761
103000033,2817,2600,217
103000034,1107,748,359
103000035,258,1096,-838
103000036,268,298,-30
103000037,447,415,32
103000038,339,818,-479
103000039,706,260,446
103000040,694,550,144
103000041,1829,1122,707
103000042,1849,199,1650
103000043,864,636,228
103000044,314,85,229
103000046,410,416,-6
103000047,802,278,524
103000048,320,138,182
103000049,111,127,-16
103000050,761,210,551
103000051,574,376,198
103000052,831,196,635
103000053,263,336,-73
103000054,1904,797,1107
103000055,1666,1307,359
103000056,853,744,109
103000057,1493,193,1300
103000058,665,549,116
103000059,853,544,309
103000060,819,293,526
103000061,650,729,-79
103000062,902,276,626
103000063,1209,861,348
103000064,194,118,76
103000065,7,203,-196
103000066,231,13,218
103000069,340,138,202
103000070,793,509,284
103000071,1762,607,1155
103000072,140,398,-258
103000073,983,89,894
103000074,729,124,605
103000075,103,371,-268
103000076,331,774,-443
103000077,33,221,-188
103000078,1116,1480,-364
103000079,453,1065,-612
103000080,489,442,47
103000081,316,1432,-1116
103000082,536,154,382
103000083,116,408,-292
103000084,141,5,136
103000085,6,202,-196
103000086,436,639,-203
103000087,111,887,-776
103000088,214,494,-280
103000089,216,770,-554
103000090,5128,1202,3926
103000091,1621,506,1115
103000092,388,239,149
103000093,330,648,-318
103000094,222,113,109
103000095,97,328,-231
103000096,570,52,518
103000097,69,792,-723
103000098,586,113,473
103000099,116,547,-431
103000100,117,360,-243
103000101,1322,89,1233
103000102,111,266,-155
103000103,784,137,647
103000104,123,62,61
103000105,223,86,137
103000106,14,98,-84
103000107,268,120,148
103000108,1915,2056,-141
103000109,875,633,242
103000110,919,534,385
103000111,289,736,-447
103000112,252,492,-240
103000113,272,1493,-1221
103000114,1337,1300,37
103000115,1000,851,149
103000116,781,394,387
103000117,550,490,60
103000118,298,297,1
103000119,828,243,585
103000120,61,151,-90
103000121,133,217,-84
103000122,304,457,-153
103000125,22,71,-49
103000126,917,1,916
103000127,11,75,-64
103000128,237,2,235
103000129,1,89,-88
103000130,155,44,111
103000131,101,92,9
103000132,57,150,-93
103000133,9,86,-77
103000134,207,921,-714
103000135,577,229,348
103000136,438,529,-91
103000137,379,731,-352
103000138,545,787,-242
103000139,1,78,-77
103000140,142,32,110
103000141,34,197,-163
103000142,115,124,-9
103000143,75,202,-127
103000144,139,98,41
103000145,11,218,-207
103000150,129,51,78
103000152,184,481,-297
103000153,201,461,-260
103000156,6,105,-99
103000157,479,2,477
103000159,120,31,89
103000162,16,19,-3
103000163,5,26,-21
103000164,7,4,3
103000165,48,178,-130
103000166,315,502,-187
103000167,250,228,22
103000168,187,142,45
103000169,198,617,-419
103000170,1228,166,1062
103000171,57,124,-67
103000172,794,196,598
103000173,1026,180,846
103000174,335,234,101
103000175,381,109,272
103000176,892,812,80
103000177,276,399,-123
103000178,95,184,-89
103000179,128,31,97
103000183,310,6,304
103000185,265,41,224
103000186,218,87,131
103000187,900,142,758
103000188,26,110,-84
103000189,847,1230,-383
103000191,391,359,32
103000292,475,1927,-1452
103000293,606,3618,-3012
103000295,83,134,-51
103000296,116,1,115
103000297,0,32,-32
103000504,21,10,11
103000505,3,40,-37
103000506,2,86,-84
103000507,250,2,248
103000508,107,70,37
103000509,254,588,-334
103900001,0,7,-7
103900002,637,129,508
103900003,755,820,-65
103900004,133,0,133
103900005,10,68,-58
103900006,39,5,34
103900007,91,1,90
103900008,57,0,57
103900010,342,249,93
103900012,10,57,-47
103900014,92,13,79
103900015,121,7,114
103900017,81,66,15
103900018,337,54,283
103900019,55,371,-316
103900020,284,464,-180
103900021,91,49,42
103900022,723,509,214
103900023,262,0,262
103900024,78,154,-76
103900025,42,17,25
103900026,9,0,9
103900027,385,181,204
103900028,275,319,-44
103900029,1373,125,1248
103900030,510,168,342
103900031,82,1,81
103900032,118,136,-18
103900033,49,35,14
103900034,28,45,-17
103900035,99,35,64
103900036,54,60,-6
103900037,164,43,121
103900038,54,241,-187
103900039,165,82,83
103900040,16,66,-50
103900041,71,28,43
103900042,126,77,49
103900043,372,57,315
103900044,26,602,-576
103900045,263,104,159
103900047,129,9,120
103900048,9,60,-51
103900049,85,1491,-1406
103900050,11,161,-150
103900051,1,48,-47
103900053,430,128,302
103900054,212,198,14
103900055,182,58,124
103900056,103,41,62
103900057,117,60,57
103900058,371,164,207
103900059,0,57,-57
103900060,71,69,2
103900061,276,26,250
103900062,626,179,447
103900063,1,0,1
103900064,259,2,257
103900065,136,231,-95
103900066,326,84,242
103900067,227,11,216
103900068,0,0,0
103900069,113,14,99
103900070,167,157,10
103900071,16,53,-37
103900072,44,53,-9
103900073,52,88,-36
103900074,144,7,137
103900075,349,67,282
103900076,844,219,625
103900077,25,261,-236
103900078,297,51,246
103900079,182,151,31
103900080,4,28,-24
103900081,16,47,-31
103900082,52,117,-65
103900083,2297,1877,420
103900084,74,184,-110
103900085,59,90,-31
103900086,1073,275,798
103900088,273,459,-186
103900089,44,112,-68
103900090,0,50,-50
103900091,620,162,458
103900092,596,422,174
103900093,28,272,-244
103900094,8,43,-35
103900095,614,645,-31
103900096,70,78,-8
103900097,9,229,-220
103900098,413,120,293
103900099,207,42,165
103900100,343,95,248
103900101,148,736,-588
103900102,0,38,-38
103900104,2,11,-9
103900105,35,83,-48
103900106,2,126,-124
103900107,271,41,230
103900108,57,120,-63
103900109,218,33,185
103900110,236,45,191
103900111,140,157,-17
103900112,41,98,-57
103900113,61,106,-45
103900114,636,428,208
103900115,277,183,94
103900116,1335,2459,-1124
103900117,75,11,64
103900119,31,144,-113
103900120,115,39,76
103900122,242,47,195
103900123,403,657,-254
103900124,71,207,-136
103900125,165,71,94
103900126,742,131,611
103900127,246,190,56
103900128,364,115,249
103900131,20,109,-89
103900133,1139,34,1105
103900134,4,14,-10
103900135,0,0,0
103900137,0,2,-2
103900138,277,29,248
103900139,196,3157,-2961
103900140,3,339,-336
103900141,154,35,119
103900142,372,74,298
103900143,167,1,166
103900144,1,17,-16
103900145,120,146,-26
103900146,250,109,141
103900147,502,81,421
103900148,853,277,576
103900149,337,182,155
103900150,3563,5402,-1839
103900151,29,128,-99
103900152,1248,125,1123
103900153,4,4,0
103900154,427,2635,-2208
103900155,34,43,-9
103900156,82,32,50
103900157,126,38,88
103900158,217,27,190
103900159,284,14,270
103900160,76,32,44
103900161,68,101,-33
103900162,229,150,79
103900163,11,234,-223
103900167,6,136,-130
103900168,76,64,12
103900169,14,76,-62
103900170,1,40,-39
103900171,7,23,-16
103900172,4,7,-3
103900173,18,41,-23
103900174,306,45,261
103900175,23,90,-67
103900176,16,32,-16
103900177,22,17,5
103900178,53,8,45
103900179,77,29,48
103900180,6,38,-32
103900181,23,42,-19
103900182,28,7,21
103900184,151,105,46
103900185,55,677,-622
103900187,17,140,-123
103900188,108,45,63
103900189,115,5,110
103900190,67,26,41
103900191,28,59,-31
103900192,15,75,-60
103900193,61,119,-58
103900194,69,90,-21
103900195,8,203,-195
103900196,58,53,5
103900197,11,19,-8
103900198,14,22,-8
103900199,160,65,95
103900200,172,48,124
103900201,62,91,-29
103900202,11,25,-14
103900203,36,39,-3
103900204,0,27,-27
103900207,0,8,-8
103900208,174,2,172
103900209,2,54,-52
103900210,46,18,28
103900211,712,99,613
103900212,505,179,326
103900213,39,327,-288
103900214,221,258,-37
103900215,187,401,-214
103900216,14,129,-115
103900217,252,2,250
103900218,55,409,-354
103900219,256,117,139
103900233,91,12,79
103900235,9,99,-90
103900236,10,42,-32
103900242,3,3,0
103900243,3,3,0
103900244,116,107,9
103900245,146,80,66
103900246,43,43,0
103900247,4,56,-52
103900248,2,182,-180
103900249,3,51,-48
103900250,34,86,-52
103900251,1,52,-51
103900253,6,44,-38
103900254,2,19,-17
103900255,4,17,-13
103900256,12,15,-3
103900257,342,331,11
103900258,12,10,2
103900259,17,6,11
103900261,38,1,37
103900262,50,0,50
103900263,11,83,-72
103900264,10,2,8
103900265,15,3,12
103900266,2,125,-123
103900267,1,70,-69
103900268,33,32,1
103900269,227,14,213
103900270,109,90,19
103900271,45,44,1
103900272,51,6,45
103900273,73,20,53
103900274,238,5,233
103900275,104,10,94
103900276,5,9,-4
103900277,2,6,-4
103900278,1,29,-28
103900279,2,45,-43
103900280,0,25,-25
104000001,3214,1920,1294
104000002,2013,1848,165
104000003,2258,2031,227
104000004,2258,2437,-179
104000005,2535,2178,357
104000006,3081,2443,638
104000007,4414,4081,333
104000008,180,185,-5
104000009,350,98,252
104000010,137,407,-270
104000011,243,201,42
104000012,97,254,-157
104000013,333,301,32
104000014,231,309,-78
104000015,439,96,343
104000016,300,175,125
104000018,878,210,668
104000019,622,244,378
104000020,93,334,-241
104000021,366,274,92
104000022,221,272,-51
104000023,1382,393,989
104000024,258,252,6
104000026,108,179,-71
104000027,239,196,43
104000028,473,242,231
104000029,383,228,155
104000030,399,226,173
104000031,1270,288,982
104000032,127,134,-7
104000033,738,436,302
104000034,359,124,235
104000035,1177,320,857
104000036,1302,277,1025
104000037,246,94,152
104000038,832,576,256
104000039,190,100,90
104000040,145,500,-355
104000041,918,334,584
104000042,193,229,-36
104000043,247,272,-25
104000044,306,344,-38
104000045,815,528,287
104000046,522,842,-320
104000047,481,789,-308
104000048,831,780,51
104000049,882,258,624
104000050,186,805,-619
104000051,224,510,-286
104000052,3568,2497,1071
104000053,1256,437,819
104000054,484,97,387
104000055,2634,1712,922
104000056,850,337,513
104000057,387,346,41
104000058,1025,834,191
104000059,681,997,-316
104000060,1202,1374,-172
104000061,981,655,326
104000062,576,146,430
104000064,683,307,376
104000065,182,549,-367
104000069,497,1866,-1369
104000070,51,603,-552
104000071,411,417,-6
104000072,616,365,251
104000075,90,192,-102
104000076,553,45,508
104000082,2147,3728,-1581
104000083,565,220,345
104000084,130,326,-196
104000085,449,252,197
104000086,300,403,-103
104000087,301,1465,-1164
104000090,1179,736,443
104000092,1670,886,784
104000094,918,684,234
104000095,3481,1633,1848
104000096,2125,51,2074
104000097,2617,483,2134
104000098,3787,504,3283
104000100,2558,668,1890
104000101,1572,1510,62
104000106,148,703,-555
104000107,636,211,425
104000108,207,230,-23
104000109,358,151,207
104000110,660,847,-187
104000111,2068,2906,-838
104000112,727,409,318
104000116,12,456,-444
104000117,357,304,53
104000118,1185,134,1051
104000119,878,247,631
104000120,296,285,11
104000121,390,456,-66
104000122,1108,642,466
104000123,660,483,177
104000124,448,1016,-568
104000125,2014,4966,-2952
104000126,586,508,78
104000127,1209,1337,-128
104000128,616,159,457
104000129,364,17,347
104000130,6,282,-276
104000131,291,487,-196
104000132,286,715,-429
104000133,1581,696,885
104000134,1047,1450,-403
104000135,529,1455,-926
104000136,787,2975,-2188
104000137,2094,281,1813
104000138,1166,312,854
104000139,2959,1942,1017
104000141,1021,543,478
104000142,620,308,312
104000143,647,268,379
104000144,153,188,-35
104000145,489,142,347
104000146,141,405,-264
104000147,181,283,-102
104000148,442,152,290
104000149,195,98,97
104000150,1104,520,584
104000151,334,180,154
104000152,584,250,334
104000153,741,604,137
104000154,764,227,537
104000155,524,807,-283
104000157,1350,981,369
104000158,150,554,-404
104000159,789,741,48
104000160,1661,2179,-518
104000161,349,165,184
104000162,99,127,-28
104000165,810,780,30
104000167,760,1619,-859
104000168,671,6,665
104000169,176,48,128
104000170,156,339,-183
104000248,317,489,-172
104000251,62,119,-57
104000272,0,0,0
104000273,0,0,0
104000274,0,0,0
104000275,0,0,0
104000279,1953,2311,-358
104000290,86,216,-130
104000291,453,1147,-694
104000293,1379,1368,11
104000294,68,0,68
104000295,779,720,59
104000296,638,563,75
104000297,752,1847,-1095
104000298,1908,962,946
104000299,836,1035,-199
104000302,164,127,37
104000303,240,167,73
104900001,88,175,-87
104900002,87,255,-168
104900003,46,182,-136
104900004,50,135,-85
104900005,411,319,92
104900006,735,98,637
104900007,395,155,240
104900009,143,136,7
104900010,69,53,16
104900011,14,90,-76
104900012,224,52,172
104900013,151,5,146
104900014,1233,265,968
104900015,117,2,115
104900016,173,167,6
104900017,146,149,-3
104900018,27,145,-118
104900019,144,5526,-5382
104900020,47,242,-195
104900021,0,36,-36
104900022,18,326,-308
104900023,3,14,-11
104900024,32,1309,-1277
104900025,71,171,-100
104900026,0,24,-24
104900027,656,333,323
104900028,14,193,-179
104900029,15,22,-7
104900030,576,158,418
104900031,52,257,-205
104900032,91,56,35
104900033,211,164,47
104900034,367,139,228
104900035,428,171,257
104900036,272,43,229
104900037,164,137,27
104900038,173,1228,-1055
104900039,217,279,-62
104900040,492,68,424
104900041,339,134,205
104900042,163,190,-27
104900043,21,304,-283
104900044,952,167,785
104900045,394,38,356
104900046,411,73,338
104900047,426,89,337
104900048,469,30,439
104900049,70,23,47
104900050,427,51,376
104900051,282,29,253
104900052,177,7,170
104900053,475,61,414
104900054,215,18,197
104900055,284,0,284
104900056,283,17,266
104900057,42,0,42
104900058,359,426,-67
104900059,62,74,-12
104900061,108,234,-126
104900063,15,293,-278
104900064,0,119,-119
104900065,0,328,-328
104900066,1,65,-64
104900067,2,272,-270
104900068,79,134,-55
104900070,126,142,-16
104900071,1,339,-338
104900072,46,161,-115
104900073,68,18,50
104900074,84,84,0
104900075,41,7,34
104900076,127,94,33
104900077,260,144,116
104900078,204,186,18
104900079,104,955,-851
104900080,89,417,-328
104900082,10,217,-207
104900085,45,177,-132
104900089,390,1,389
104900091,537,363,174
104900093,165,272,-107
104900097,1160,3461,-2301
104900098,254,46,208
104900099,42,678,-636
104900100,384,188,196
104900102,46,107,-61
104900103,311,32,279
104900106,311,70,241
104900107,120,98,22
104900108,46,81,-35
104900109,96,113,-17
104900110,7,108,-101
104900111,437,61,376
104900112,273,277,-4
104900113,896,204,692
104900114,632,277,355
104900115,880,129,751
104900116,552,67,485
104900118,20,34,-14
104900119,1,66,-65
104900120,26,698,-672
104900121,0,22,-22
104900122,17,22,-5
104900123,100,11,89
104900124,62,1,61
104900125,273,3,270
104900126,33,21,12
104900127,17,38,-21
104900128,59,52,7
104900129,770,2721,-1951
105000001,3302,1416,1886
105000002,2801,1696,1105
105000003,2767,4041,-1274
105000004,993,658,335
105000005,1496,984,512
105000006,1455,1977,-522
105000007,1573,2699,-1126
105000008,997,4731,-3734
105000009,3159,3498,-339
105000010,2441,911,1530
105000011,3631,3470,161
105000012,2342,1802,540
105000013,1299,1295,4
105000014,3005,4004,-999
105000015,7641,14141,-6500
105000016,1048,1061,-13
105000017,1251,737,514
105000018,938,1916,-978
105000019,953,1275,-322
105000020,109,483,-374
105000021,303,224,79
105000022,136,216,-80
105000023,672,231,441
105000028,36,44,-8
105000029,564,1441,-877
105000030,2708,1857,851
105000031,8,43,-35
105000033,883,1072,-189
105000034,128,1228,-1100
105000037,565,140,425
105000038,1201,1705,-504
105000039,1282,909,373
105000040,829,1320,-491
105000041,202,743,-541
105000042,1939,1627,312
105000043,796,1128,-332
105000044,624,417,207
105000045,227,265,-38
105000046,965,240,725
105000047,480,475,5
105000048,857,325,532
105000049,232,371,-139
105000050,900,415,485
105000051,199,260,-61
105000052,697,823,-126
105000053,74,117,-43
105000054,514,775,-261
105000055,743,304,439
105000056,1450,1506,-56
105000057,1397,432,965
105000058,1099,582,517
105000059,927,550,377
105000060,391,356,35
105000061,1320,639,681
105000062,513,361,152
105000063,345,226,119
105000064,2209,675,1534
105000065,338,488,-150
105000066,772,1017,-245
105000067,1575,1039,536
105000068,315,667,-352
105000069,1209,2329,-1120
105000070,361,1267,-906
105000071,281,1662,-1381
105000072,1345,4875,-3530
105000073,1047,736,311
105000074,557,438,119
105000075,561,475,86
105000076,1046,883,163
105000077,1795,746,1049
105000078,750,1157,-407
105000079,827,2834,-2007
105000080,1596,1335,261
105000081,1529,1156,373
105000082,608,1686,-1078
105000083,1906,3245,-1339
105000084,667,578,89
105000085,2182,2206,-24
105000086,789,824,-35
105000087,1494,1365,129
105000088,1587,2171,-584
105000089,1607,1313,294
105000090,600,476,124
105000091,688,1090,-402
105000092,612,1109,-497
105000093,324,462,-138
105000094,190,184,6
105000095,160,656,-496
105000096,1375,2010,-635
105000097,735,784,-49
105000098,1136,921,215
105000099,692,921,-229
105000100,1984,998,986
105000101,2167,1455,712
105000102,1533,1798,-265
105000103,1080,2337,-1257
105000104,2295,839,1456
105000105,1181,1244,-63
105000106,1406,892,514
105000107,1719,637,1082
105000108,1690,1042,648
105000109,2359,840,1519
105000110,1057,480,577
105000111,1539,360,1179
105000112,1045,596,449
105000113,459,626,-167
105000114,1477,1337,140
105000115,381,1653,-1272
105000116,1287,602,685
105000117,743,744,-1
105000118,808,320,488
105000119,442,395,47
105000120,1628,511,1117
105000121,817,440,377
105000122,405,633,-228
105000123,646,624,22
105000124,2310,561,1749
105000125,972,890,82
105000126,2148,1057,1091
105000127,2819,1180,1639
105000128,954,858,96
105000129,1283,238,1045
105000130,212,3460,-3248
105000131,444,132,312
105000132,1449,635,814
105000133,417,641,-224
105000134,1311,583,728
105000135,415,648,-233
105000136,123,190,-67
105000137,763,243,520
105000138,100,176,-76
105000139,800,354,446
105000140,641,287,354
105000141,426,200,226
105000142,351,358,-7
105000143,208,330,-122
105000144,365,435,-70
105000145,751,240,511
105000146,357,491,-134
105000147,713,326,387
105000148,976,638,338
105000149,2864,2365,499
105000150,1351,766,585
105000151,599,377,222
105000152,176,305,-129
105000153,969,566,403
105000154,697,387,310
105000155,529,603,-74
105000156,377,488,-111
105000157,593,1180,-587
105000158,2179,823,1356
105000159,450,692,-242
105000160,3597,809,2788
105000161,642,843,-201
105000162,885,2739,-1854
105000163,964,900,64
105000164,121,345,-224
105000165,583,8940,-8357
105000166,3938,1246,2692
105000167,1055,2729,-1674
105000168,374,346,28
105000169,953,111,842
105000170,384,1068,-684
105000171,1146,118,1028
105000172,251,31,220
105000173,292,27,265
105000174,101,49,52
105000175,88,51,37
105000176,629,62,567
105000177,455,233,222
105000178,354,263,91
105000179,931,123,808
105000180,197,37,160
105000181,221,179,42
105000182,48,21,27
105000183,1658,2893,-1235
105000184,606,944,-338
105000185,693,1207,-514
105000186,542,573,-31
105000187,762,202,560
105000188,138,233,-95
105000189,111,579,-468
105000190,182,319,-137
105000191,340,370,-30
105000192,368,47,321
105000193,75,149,-74
105000194,940,90,850
105000195,291,662,-371
105000196,69,341,-272
105000197,187,424,-237
105000198,329,232,97
105000199,90,783,-693
105000200,125,326,-201
105000201,60,38,22
105000203,24,95,-71
105000204,92,58,34
105000205,117,118,-1
105000207,198,92,106
105000208,154,577,-423
105000209,192,204,-12
105000211,450,6,444
105000212,1294,486,808
105000213,71,216,-145
105000214,147,162,-15
105000215,267,152,115
105000216,213,96,117
105000217,238,156,82
105000218,1946,916,1030
105000221,174,182,-8
105000222,275,231,44
105000223,516,196,320
105000226,118,85,33
105000227,95,72,23
105000228,99,2011,-1912
105000229,151,583,-432
105000231,511,311,200
105000233,916,766,150
105000234,451,683,-232
105000235,453,509,-56
105000237,1205,69,1136
105000243,32,17,15
105000248,54,54,0
105000262,359,416,-57
105000269,108,141,-33
105000270,597,16,581
105000271,0,126,-126
105000282,36,57,-21
105000287,330,124,206
105000288,848,474,374
105000289,1034,1884,-850
105000290,24,20,4
105000402,1759,3745,-1986
105000426,251,431,-180
105000438,1288,1128,160
105000440,27,14,13
105000446,6253,4260,1993
105000447,1828,1423,405
105000454,822,223,599
105000455,271,80,191
105000474,41,0,41
105000477,686,577,109
105000478,2408,5698,-3290
105000479,155,178,-23
105000480,5147,8010,-2863
105000481,4666,4841,-175
105000482,2132,3762,-1630
105000483,2032,3269,-1237
105000484,1339,1881,-542
105000485,1135,3588,-2453
105000486,1808,2131,-323
105000488,3548,2251,1297
105000489,1253,993,260
105000549,119,168,-49
105000550,401,917,-516
105000551,35,67,-32
105000552,2029,1034,995
105000555,1061,1411,-350
105000556,74,19,55
105000557,68,180,-112
105900001,7,2072,-2065
105900002,626,1030,-404
105900003,14,100,-86
105900004,140,91,49
105900005,15,138,-123
105900006,9,90,-81
105900007,33,21,12
105900008,65,217,-152
105900009,16,17,-1
105900011,78,16,62
105900012,395,93,302
105900013,9,21,-12
105900014,2,78,-76
105900015,71,319,-248
105900016,516,227,289
105900017,1619,36,1583
105900018,172,110,62
105900019,45,217,-172
105900020,49,56,-7
105900021,14,252,-238
105900022,230,109,121
105900023,5,91,-86
105900024,3,326,-323
105900025,255,14,241
105900026,152,11,141
105900027,10618,3728,6890
105900028,162,570,-408
105900029,1903,364,1539
105900030,178,285,-107
105900031,310,154,156
105900032,106,137,-31
105900033,64,74,-10
105900034,336,146,190
105900035,299,136,163
105900036,99,72,27
105900037,158,27,131
105900038,174,182,-8
105900039,109,50,59
105900040,99,66,33
105900041,173,105,68
105900042,134,168,-34
105900043,896,24,872
105900044,2,256,-254
105900045,7,1130,-1123
105900046,10,205,-195
105900047,10,36,-26
105900048,152,319,-167
105900050,2561,6550,-3989
105900051,64,841,-777
105900052,626,146,480
105900053,1834,3407,-1573
105900054,159,199,-40
105900056,372,376,-4
105900057,9,129,-120
105900058,21,10,11
105900059,0,68,-68
106000001,1608,1963,-355
106000002,767,3086,-2319
106000003,2702,3952,-1250
106000004,1238,2266,-1028
106000005,3974,4020,-46
106000006,4071,1580,2491
106000007,560,435,125
106000008,416,358,58
106000009,475,260,215
106000010,364,450,-86
106000011,1778,1045,733
106000012,822,722,100
106000013,1867,1697,170
106000014,1721,1025,696
106000015,2377,1059,1318
106000016,1313,1229,84
106000017,584,904,-320
106000018,479,535,-56
106000019,386,390,-4
106000020,432,364,68
106000021,320,409,-89
106000022,407,160,247
106000023,787,355,432
106000024,540,266,274
106000025,186,163,23
106000026,69,169,-100
106000027,1962,1337,625
106000028,708,183,525
106000029,573,553,20
106000030,183,519,-336
106000034,100,352,-252
106000035,811,1907,-1096
106000036,105,410,-305
106000037,880,1031,-151
106000038,64,164,-100
106000039,36,133,-97
106000040,89,794,-705
106000041,585,442,143
106000043,536,260,276
106000046,265,73,192
106000047,38,466,-428
106000049,1241,203,1038
106000050,209,311,-102
106000051,950,512,438
106000052,105,182,-77
106000053,474,121,353
106000054,241,165,76
106000055,962,504,458
106000056,259,200,59
106000057,638,214,424
106000058,132,69,63
106000059,482,242,240
106000060,249,233,16
106000061,173,673,-500
106000062,119,219,-100
106000063,890,746,144
106000064,23,148,-125
106000065,455,198,257
106000066,109,197,-88
106000067,433,51,382
106000068,88,379,-291
106000069,304,48,256
106000070,286,371,-85
106000071,768,223,545
106000072,2377,1444,933
106000073,1293,4773,-3480
106000074,717,730,-13
106000075,437,1097,-660
106000076,1433,1345,88
106000077,1757,851,906
106000078,1246,511,735
106000079,908,516,392
106000080,1157,288,869
106000081,1047,697,350
106000082,1620,497,1123
106000083,422,1087,-665
106000084,873,522,351
106000085,1262,1222,40
106000086,456,530,-74
106000087,804,337,467
106000088,367,597,-230
106000089,1122,193,929
106000090,376,592,-216
106000091,327,325,2
106000092,953,226,727
106000093,400,112,288
106000094,64,234,-170
106000095,1188,536,652
106000096,1114,378,736
106000097,1423,520,903
106000098,949,532,417
106000099,205,974,-769
106000100,1401,176,1225
106000101,742,648,94
106000102,127,1097,-970
106000103,283,727,-444
106000104,1271,322,949
106000105,443,464,-21
106000106,909,245,664
106000107,201,203,-2
106000108,621,169,452
106000109,213,171,42
106000110,412,137,275
106000111,214,210,4
106000112,351,708,-357
106000113,773,534,239
106000114,561,1008,-447
106000115,323,347,-24
106000116,419,207,212
106000117,809,424,385
106000118,1590,1299,291
106000119,967,436,531
106000120,917,1697,-780
106000121,351,121,230
106000122,254,105,149
106000123,892,109,783
106000124,154,94,60
106000125,46,118,-72
106000126,540,54,486
106000127,1481,404,1077
106000128,954,151,803
106000129,730,336,394
106000130,1016,217,799
106000131,137,749,-612
106000132,499,117,382
106000133,1868,1648,220
106000134,392,2984,-2592
106000135,125,498,-373
106000136,650,1165,-515
106000137,100,555,-455
106000138,2074,72,2002
106000139,52,39,13
106000140,69,37,32
106000141,134,37,97
106000142,161,57,104
106000143,31,49,-18
106000144,84,66,18
106000145,421,80,341
106000146,447,84,363
106000147,863,261,602
106000148,1152,497,655
106000149,615,355,260
106000150,742,2194,-1452
106000151,2438,590,1848
106000152,701,2947,-2246
106000153,94,1903,-1809
106000154,1275,135,1140
106000155,181,248,-67
106000156,1343,144,1199
106000157,645,1468,-823
106000158,1394,814,580
106000159,1850,2195,-345
106000160,565,3916,-3351
106000161,985,192,793
106000162,463,1373,-910
106000163,395,177,218
106000164,870,202,668
106000165,278,211,67
106000166,1222,217,1005
106000167,426,478,-52
106000168,870,167,703
106000169,298,248,50
106000170,1068,160,908
106000171,211,938,-727
106000172,2556,1099,1457
106000173,1025,2323,-1298
106000174,1201,253,948
106000175,210,348,-138
106000176,2213,732,1481
106000177,797,1259,-462
106000178,2791,1257,1534
106000179,525,1150,-625
106000180,628,512,116
106000181,1087,948,139
106000182,1912,409,1503
106000183,1767,245,1522
106000184,1486,377,1109
106000185,1073,1007,66
106000186,538,47,491
106000187,62,909,-847
106000188,0,0,0
106000189,17,39,-22
106000190,54,0,54
106000191,538,73,465
106000192,0,20,-20
106000193,349,139,210
106000194,95,260,-165
106000195,257,98,159
106000196,38,280,-242
106000197,600,197,403
106000198,207,101,106
106000199,670,825,-155
106000200,239,233,6
106000201,411,3787,-3376
106000202,2007,364,1643
106000203,28,256,-228
106000204,106,3,103
106000205,10,127,-117
106000206,100,12,88
106000207,16,281,-265
106000208,1494,174,1320
106000209,1853,398,1455
106000210,246,507,-261
106000211,164,819,-655
106000212,1058,468,590
106000213,156,965,-809
106000214,1190,291,899
106000215,353,362,-9
106000216,535,315,220
106000217,181,231,-50
106000218,334,270,64
106000219,169,203,-34
106000220,578,189,389
106000221,332,65,267
106000222,112,70,42
106000223,477,107,370
106000224,283,90,193
106000225,133,107,26
106000226,66,126,-60
106000228,84,113,-29
106000229,101,446,-345
106000231,1126,125,1001
106000232,110,148,-38
106000233,389,87,302
106000234,67,272,-205
106000235,486,136,350
106000236,144,195,-51
106000237,11,17,-6
106000238,41,40,1
106000239,1,112,-111
106000240,49,5,44
106000241,33,551,-518
106000242,309,29,280
106000249,73,41,32
106000250,76,494,-418
106000251,143,11,132
106000252,58,81,-23
106000253,57,66,-9
106000254,77,28,49
106000255,32,130,-98
106000256,97,30,67
106000257,154,145,9
106000258,130,39,91
106000259,7,80,-73
106000260,33,2,31
106000261,3,67,-64
106000262,94,6,88
106000263,31,26,5
106000264,133,9,124
106000265,12,88,-76
106000266,150,28,122
106000267,6,59,-53
106000268,242,40,202
106000269,28,34,-6
106000270,66,216,-150
106000271,97,120,-23
106000272,114,35,79
106000273,25,198,-173
106000274,115,20,95
106000275,248,163,85
106000276,37,27,10
106000277,169,232,-63
106000278,100,16,84
106000279,10,32,-22
106000280,71,31,40
106000281,116,28,88
106000282,75,60,15
106000283,110,47,63
106000284,137,61,76
106000285,85,54,31
106000286,144,73,71
106000287,119,49,70
106000288,97,120,-23
106000289,80,66,14
106000290,104,27,77
106000291,95,88,7
106000292,88,47,41
106000293,164,86,78
106000294,74,45,29
106000295,32,50,-18
106000296,37,33,4
106000297,35,188,-153
106000298,68,83,-15
106000299,71,82,-11
106000300,56,87,-31
106000301,51,64,-13
106000303,19,33,-14
106000304,31,5,26
106000305,77,24,53
106000306,48,44,4
106000307,118,18,100
106000308,37,65,-28
106000309,22,41,-19
106000310,379,260,119
106000311,488,132,356
106000312,167,94,73
106000313,359,98,261
106000318,50,403,-353
106000319,1082,242,840
106000320,4,68,-64
106000321,173,171,2
106000322,232,57,175
106000324,23,53,-30
106000325,2178,843,1335
106000326,1013,1028,-15
106000327,332,104,228
106000328,50,138,-88
106000329,160,240,-80
106000330,63,102,-39
106000428,62,145,-83
106000429,132,296,-164
106000430,315,833,-518
106000431,2444,365,2079
106000432,1008,1811,-803
106000433,2335,1299,1036
106000434,3557,1159,2398
106000435,871,1741,-870
106000436,54,135,-81
106000437,345,54,291
106000438,190,191,-1
106000439,42,365,-323
106000440,165,765,-600
106000441,1,0,1
106000442,286,3,283
106000443,285,153,132
106000450,2,80,-78
106000451,32,62,-30
106000454,12,159,-147
106000455,6,138,-132
106000456,108,37,71
106000457,37,396,-359
106000458,1037,48,989
106000459,273,91,182
106000460,1560,29,1531
106000461,179,305,-126
106000462,0,55,-55
106000463,3,6,-3
106000464,11,643,-632
106000465,810,6,804
106000466,3,278,-275
106000467,254,273,-19
106000468,103,122,-19
106000469,63,0,63
106000470,180,2209,-2029
106000471,17,281,-264
106000472,112,10,102
106000473,46,14,32
106000474,670,250,420
106000475,927,195,732
106000476,120,280,-160
106000477,59,84,-25
106000480,0,449,-449
106900001,0,17,-17
106900002,8,148,-140
106900003,120,1745,-1625
106900004,14,7,7
106900006,0,3,-3
106900007,0,3,-3
106900008,598,76,522
106900009,455,129,326
106900010,264,129,135
106900012,745,2893,-2148
106900013,488,189,299
106900014,54,3,51
106900015,15,1,14
106900016,421,18,403
106900017,18,0,18
106900018,11,0,11
106900019,99,0,99
106900020,2323,2186,137
106900021,96,65,31
106900022,1034,5,1029
106900023,397,231,166
106900024,571,41,530
106900025,34,553,-519
106900026,5,180,-175
106900027,914,1,913
107000001,2859,5331,-2472
107000002,1463,2245,-782
107000003,7657,6446,1211
107000004,3156,1777,1379
107000005,8115,6414,1701
107000006,3036,1509,1527
107000007,5802,9178,-3376
107000008,4281,2973,1308
107000009,9819,8613,1206
107000010,5450,4071,1379
107000011,538,666,-128
107000012,1889,1473,416
107000013,133,44,89
107000014,68,96,-28
107000015,484,328,156
107000016,811,342,469
107000017,670,3384,-2714
107000018,7,2992,-2985
107000020,698,3203,-2505
107000021,1029,538,491
107000022,896,1992,-1096
107000023,1833,182,1651
107000024,684,1274,-590
107000025,223,314,-91
107000026,418,340,78
107000027,1672,839,833
107000028,1568,805,763
107000029,4301,3499,802
107000030,2306,1584,722
107000031,5218,2331,2887
107000032,276,667,-391
107000033,2156,3115,-959
107000034,4923,919,4004
107000035,420,229,191
107000036,440,1187,-747
107000037,146,728,-582
107000038,262,134,128
107000039,1115,801,314
107000040,305,156,149
107000041,1076,593,483
107000042,499,2067,-1568
107000043,1517,963,554
107000044,302,293,9
107000045,62,171,-109
107000046,853,347,506
107000047,515,515,0
107000048,723,258,465
107000049,454,667,-213
107000050,859,475,384
107000051,182,286,-104
107000052,1101,1291,-190
107000053,407,381,26
107000054,57,166,-109
107000055,510,168,342
107000056,565,460,105
107000057,1725,149,1576
107000058,1914,2457,-543
107000059,1697,2018,-321
107000060,5430,5245,185
107000061,3461,1871,1590
107000062,6276,2916,3360
107000063,3475,2165,1310
107000064,5490,2971,2519
107000065,2765,2500,265
107000066,1770,3255,-1485
107000067,1356,1482,-126
107000068,995,1468,-473
107000069,1132,799,333
107000070,1049,0,1049
107000071,4317,45,4272
107000072,20,1104,-1084
107000073,1168,631,537
107000074,125,530,-405
107000075,2140,546,1594
107000076,340,787,-447
107000077,3780,1360,2420
107000078,1094,1627,-533
107000079,3117,1131,1986
107000080,698,1587,-889
107000081,3052,545,2507
107000082,549,537,12
107000083,1514,594,920
107000084,207,606,-399
107000085,3171,3503,-332
107000086,2675,2100,575
107000087,3501,2393,1108
107000088,2637,2699,-62
107000089,2122,2117,5
107000090,1233,643,590
107000091,2023,1027,996
107000092,914,671,243
107000093,1460,1126,334
107000094,851,659,192
107000095,975,585,390
107000096,531,459,72
107000097,1004,263,741
107000098,413,409,4
107000099,554,321,233
107000100,249,261,-12
107000101,148,206,-58
107000102,184,217,-33
107000103,344,211,133
107000104,254,229,25
107000105,564,244,320
107000106,179,187,-8
107000107,705,107,598
107000108,131,366,-235
107000109,891,121,770
107000110,76,220,-144
107000111,602,25,577
107000112,50,118,-68
107000113,1049,91,958
107000114,84,279,-195
107000115,975,415,560
107000116,125,388,-263
107000117,130,1678,-1548
107000118,47,107,-60
107000119,1119,1662,-543
107000120,693,710,-17
107000121,1129,637,492
107000122,760,493,267
107000123,705,405,300
107000124,679,352,327
107000125,1365,343,1022
107000126,1312,276,1036
107000129,215,316,-101
107000130,842,190,652
107000131,278,321,-43
107000132,505,281,224
107000133,307,253,54
107000134,237,3,234
107000135,0,362,-362
107000136,566,4,562
107000137,8,608,-600
107000138,162,23,139
107000139,22,796,-774
107000140,1907,65,1842
107000141,120,821,-701
107000142,615,72,543
107000143,55,616,-561
107000144,627,615,12
107000145,185,283,-98
107000146,187,308,-121
107000147,4560,792,3768
107000150,332,3688,-3356
107000151,28,78,-50
107000152,1110,2285,-1175
107000153,40,192,-152
107000154,20,406,-386
107000155,1172,10,1162
107000156,1408,9,1399
107000157,97,479,-382
107000158,1210,22,1188
107000159,33,384,-351
107000160,1901,182,1719
107000161,49,353,-304
107000162,308,731,-423
107000163,138,5,133
107000164,1030,0,1030
107000165,1557,9,1548
107000166,21,275,-254
107000167,998,187,811
107000168,1196,534,662
107000169,390,393,-3
107000170,3583,750,2833
107000171,596,624,-28
107000172,1882,1859,23
107000173,344,424,-80
107000174,1146,6634,-5488
107000175,3063,812,2251
107000176,0,0,0
107000177,0,0,0
107000178,35,11,24
107000179,336,682,-346
107000180,2089,161,1928
107000181,487,450,37
107000182,2270,487,1783
107000183,208,430,-222
107000184,1534,447,1087
107000185,347,801,-454
107000186,1427,382,1045
107000187,1283,1039,244
107000188,624,407,217
107000189,625,595,30
107000190,786,532,254
107000191,996,904,92
107000192,1660,411,1249
107000193,418,503,-85
107000194,822,513,309
107000197,999,245,754
107000198,347,409,-62
107000199,1342,540,802
107000200,614,663,-49
107000201,412,447,-35
107000202,389,408,-19
107000203,598,1847,-1249
107000204,563,1950,-1387
107000205,870,579,291
107000206,414,1544,-1130
107000207,564,1291,-727
107000208,447,555,-108
107000209,420,1074,-654
107000210,170,207,-37
107000211,2,70,-68
107000212,27,167,-140
107000213,4,23,-19
107000214,32,51,-19
107000215,516,129,387
107000216,519,317,202
107000217,205,98,107
107000219,115,210,-95
107000220,145,104,41
107000222,249,330,-81
107000224,594,73,521
107000225,159,165,-6
107000226,546,75,471
107000227,80,83,-3
107000228,270,425,-155
107000229,86,139,-53
107000230,1129,364,765
107000231,527,2222,-1695
107000232,133,13,120
107000233,231,1181,-950
107000234,1,72,-71
107000235,69,23,46
107000236,7,446,-439
107000237,18,1,17
107000238,31,1,30
107000239,2440,613,1827
107000240,67,321,-254
107000243,0,28,-28
107000244,4,49,-45
107000246,5,1138,-1133
107000249,5,1127,-1122
107000251,2,303,-301
107000252,2,497,-495
107000255,145,108,37
107000257,2,483,-481
107000258,5,174,-169
107000259,9,142,-133
107000260,2119,18,2101
107000262,18,210,-192
107000263,495,8,487
107000266,4,21,-17
107000267,68,81,-13
107000268,189,75,114
107000269,94,6,88
107000270,173,55,118
107000271,0,0,0
107000272,91,1,90
107000273,7,267,-260
107000274,529,28,501
107000275,162,2709,-2547
107000280,1282,30,1252
107000281,38,276,-238
107000282,79,299,-220
107000290,13,42,-29
107000291,28,8,20
107000292,1,300,-299
107000293,54,19,35
107000294,0,73,-73
107000295,76,12,64
107000296,0,8,-8
107000444,367,7,360
107000496,4,1,3
107000497,892,1001,-109
107000500,400,308,92
107000501,148,197,-49
107000502,192,332,-140
107000505,237,551,-314
107000506,0,0,0
107000508,2,161,-159
107000509,196,634,-438
107000510,50,50,0
107000514,31,433,-402
107000515,49,61,-12
107000516,573,285,288
107000518,1779,2857,-1078
107000519,1222,506,716
107000520,129,84,45
107000521,915,210,705
107000522,1460,378,1082
107900001,84,54,30
107900002,69,8,61
107900003,224,24,200
107900004,1,0,1
107900005,2008,4,2004
107900006,148,1,147
107900007,475,46,429
107900008,35,2,33
107900009,163,10,153
107900010,81,3,78
107900012,362,60,302
107900013,173,12,161
107900014,122,6,116
107900015,1282,6,1276
107900016,315,41,274
107900017,10,1,9
107900018,69,313,-244
107900019,10,8,2
107900020,21,21,0
107900021,158,20,138
107900023,1,0,1
107900024,0,4,-4
107900025,216,94,122
107900026,79,18,61
107900027,23,33,-10
107900028,175,19,156
107900030,299,41,258
107900031,79,68,11
107900032,7,2,5
107900033,27,4,23
107900034,276,7,269
107900035,1535,60,1475
107900036,76,36,40
107900037,0,9,-9
107900038,63,307,-244
107900039,38,25,13
107900040,14,227,-213
107900041,3,0,3
107900043,54,78,-24
107900044,34,13,21
107900045,121,52,69
107900046,320,279,41
107900047,66,15,51
107900048,297,36,261
107900049,224,974,-750
107900050,35,126,-91
107900051,56,28,28
107900052,8,54,-46
107900053,113,56,57
107900055,388,174,214
107900056,125,131,-6
107900057,7,0,7
107900058,24,331,-307
107900060,5,34,-29
107900061,2,8,-6
107900063,95,90,5
107900064,194,470,-276
107900065,406,2,404
107900066,19,6,13
107900067,0,0,0
107900068,116,1093,-977
107900069,26,3353,-3327
107900070,178,92,86
107900071,26,213,-187
107900072,215,43,172
107900073,127,40,87
107900074,221,329,-108
107900076,180,18,162
107900077,114,7,107
107900079,13,21,-8
107900080,132,1166,-1034
107900081,104,95,9
107900082,3,5,-2
107900083,416,173,243
107900084,175,94,81
107900086,87,238,-151
107900087,163,113,50
107900088,87,32,55
107900089,217,553,-336
107900090,329,2235,-1906
107900091,108,97,11
107900093,80,65,15
107900095,1277,1617,-340
107900097,21,42,-21
107900098,54,204,-150
107900100,726,1486,-760
107900101,310,49,261
107900102,55,6,49
107900103,54,102,-48
107900104,208,2,206
107900105,1,99,-98
107900106,2,350,-348
107900107,898,415,483
107900108,112,86,26
107900109,2264,32,2232
107900110,55,41,14
107900111,21,288,-267
107900112,51,505,-454
107900113,264,67,197
107900114,296,63,233
107900115,3,5,-2
107900116,301,54,247
107900117,196,93,103
107900118,19,41,-22
107900119,130,195,-65
107900120,33,43,-10
107900121,9,99,-90
107900122,2,108,-106
107900123,28,55,-27
107900124,26,77,-51
107900125,50,178,-128
107900126,28,50,-22
107900127,397,343,54
107900128,69,59,10
107900129,128,20,108
107900130,102,9,93
107900131,81,561,-480
107900132,58,147,-89
107900133,1,28,-27
107900134,32,95,-63
107900135,9,93,-84
107900136,49,29,20
107900137,121,101,20
107900138,115,22,93
107900139,100,32,68
107900141,12,25,-13
107900142,26,267,-241
107900143,33,6,27
107900144,2,143,-141
107900145,19,35,-16
107900146,30,90,-60
107900147,48,19,29
107900148,142,63,79
107900149,278,64,214
107900150,29,148,-119
107900151,51,40,11
107900152,27,74,-47
107900153,91,223,-132
107900154,32,22,10
107900155,98,118,-20
107900156,3,89,-86
107900157,18,55,-37
107900158,941,11,930
107900159,33,217,-184
107900160,233,100,133
107900161,88,47,41
107900162,0,25,-25
107900163,11,52,-41
107900164,21,25,-4
107900165,34,197,-163
107900166,26,43,-17
107900167,23,90,-67
107900168,81,8,73
107900169,113,669,-556
107900171,3,222,-219
107900172,4,104,-100
107900173,19,42,-23
107900174,218,7,211
107900175,14,71,-57
107900176,78,15,63
107900177,1,65,-64
107900178,0,67,-67
107900179,23,81,-58
107900180,368,991,-623
107900181,185,194,-9
107900182,811,409,402
107900183,80,45,35
107900184,137,66,71
107900185,230,4,226
107900186,25,18,7
107900187,0,98,-98
107900188,354,97,257
107900189,26,64,-38
107900190,20,166,-146
107900191,40,67,-27
107900193,24,216,-192
107900194,195,6,189
107900195,875,155,720
107900196,130,32,98
107900197,149,438,-289
107900199,4,414,-410
107900201,94,34,60
107900203,17,35,-18
107900204,171,152,19
107900206,424,531,-107
107900207,2,222,-220
107900208,8,142,-134
107900209,165,125,40
107900210,27,44,-17
107900213,202,298,-96
107900214,21,27,-6
107900215,85,443,-358
107900216,46,24,22
107900217,22,62,-40
107900218,16,1091,-1075
107900219,15,22,-7
107900220,68,239,-171
107900221,74,90,-16
107900223,136,135,1
107900224,46,414,-368
107900225,2,220,-218
107900226,44,56,-12
107900227,84,169,-85
107900228,84,57,27
107900229,0,65,-65
107900230,27,24,3
107900231,17,47,-30
107900232,135,33,102
107900233,31,60,-29
107900234,120,96,24
107900235,12,103,-91
107900236,336,42,294
107900237,1,128,-127
107900238,62,29,33
107900239,210,534,-324
107900240,25,34,-9
107900241,12,17,-5
107900242,30,40,-10
107900243,3,24,-21
107900244,367,1,366
107900245,926,30,896
107900246,196,24,172
107900248,675,122,553
107900249,1074,72,1002
107900250,0,162,-162
107900251,26,619,-593
107900252,773,49,724
107900253,190,10,180
107900254,39,217,-178
107900255,138,63,75
107900256,619,1186,-567
107900257,277,78,199
107900258,148,108,40
107900259,55,3226,-3171
107900261,0,74,-74
107900262,47,51,-4
107900264,616,41,575
107900265,169,74,95
107900267,409,9,400
107900268,7,1,6
107900269,0,0,0
107900270,0,0,0
107900271,10,31,-21
107900272,28,50,-22
107900273,58,66,-8
107900274,145,0,145
107900275,47,0,47
107900276,2,60,-58
107900277,3,102,-99
107900278,385,107,278
107900279,79,84,-5
107900280,2622,1199,1423
107900281,464,5075,-4611
107900282,47,992,-945
107900283,644,759,-115
107900284,492,116,376
107900285,87,17,70
107900286,16,29,-13
107900287,414,116,298
107900290,1,356,-355
107900291,558,24,534
107900292,109,47,62
107900293,89,117,-28
107900295,57,15,42
107900297,4,199,-195
107900298,382,313,69
107900299,1456,3056,-1600
107900301,701,798,-97
107900302,116,31,85
107900303,286,152,134
107900304,487,80,407
107900305,385,12,373
107900306,4,43,-39
107900307,30,203,-173
107900308,258,124,134
107900309,33,1,32
107900310,52,2,50
107900311,6,470,-464
107900312,73,0,73
107900313,1,176,-175
107900314,0,78,-78
107900315,0,39,-39
107900316,41,2,39
107900317,85,7,78
107900318,7,168,-161
107900319,3,46,-43
107900320,0,52,-52
107900321,218,2,216
107900322,1,47,-46
107900323,6,77,-71
107900324,77,1,76
107900325,230,3,227
107900326,432,62,370
107900327,0,74,-74
107900328,31,0,31
107900329,79,228,-149
107900330,7,98,-91
107900331,469,17,452
107900332,442,3,439
107900333,88,24,64
107900334,3,24,-21
107900335,13,19,-6
107900336,41,60,-19
107900337,401,1071,-670
107900338,10,66,-56
107900339,4,20,-16
107900340,1,50,-49
107900341,51,2,49
107900342,150,81,69
107900343,22,3,19
107900344,8,23,-15
107900345,65,26,39
107900346,24,0,24
107900347,33,3,30
107900348,4,3,1
107900349,41,7,34
107900350,8,107,-99
107900351,7,40,-33
107900352,4,7,-3
107900353,28,4,24
107900354,12,28,-16
108000001,4119,3800,319
108000002,1883,1377,506
108000003,2821,3398,-577
108000004,9095,9438,-343
108000005,6976,5625,1351
108000006,3642,3647,-5
108000007,4681,4373,308
108000008,3018,3206,-188
108000009,5203,5101,102
108000010,2266,2867,-601
108000011,12751,11154,1597
108000012,8680,8136,544
108000014,551,1488,-937
108000015,885,177,708
108000016,250,945,-695
108000017,1209,328,881
108000018,1917,569,1348
108000019,1108,826,282
108000020,1288,421,867
108000021,220,1096,-876
108000022,318,659,-341
108000023,1449,230,1219
108000024,373,258,115
108000025,491,134,357
108000026,1163,216,947
108000027,867,255,612
108000028,1153,135,1018
108000029,834,319,515
108000030,498,87,411
108000031,201,206,-5
108000032,2249,533,1716
108000033,497,518,-21
108000034,1912,507,1405
108000035,609,1141,-532
108000036,344,580,-236
108000037,2418,336,2082
108000038,3645,426,3219
108000039,492,1058,-566
108000040,2266,951,1315
108000041,514,1407,-893
108000042,495,123,372
108000043,257,81,176
108000044,800,79,721
108000045,267,142,125
108000046,1827,287,1540
108000047,313,374,-61
108000048,126,163,-37
108000049,1072,179,893
108000050,79,298,-219
108000051,470,197,273
108000052,103,302,-199
108000053,540,274,266
108000054,338,676,-338
108000055,1042,732,310
108000056,690,1250,-560
108000057,627,1437,-810
108000058,1879,4533,-2654
108000059,1587,1165,422
108000060,299,1075,-776
108000061,169,256,-87
108000062,1097,548,549
108000063,299,215,84
108000064,337,150,187
108000065,701,337,364
108000066,1356,740,616
108000067,2022,685,1337
108000068,1140,429,711
108000069,183,555,-372
108000070,2324,789,1535
108000071,540,901,-361
108000072,1647,681,966
108000073,794,769,25
108000074,773,404,369
108000075,353,368,-15
108000076,1018,509,509
108000077,506,348,158
108000078,2418,874,1544
108000079,554,621,-67
108000080,1859,453,1406
108000081,612,706,-94
108000082,620,1043,-423
108000083,1887,1016,871
108000084,292,642,-350
108000085,1281,532,749
108000086,470,351,119
108000087,174,2237,-2063
108000088,880,224,656
108000089,361,285,76
108000091,246,308,-62
108000092,233,41,192
108000093,274,290,-16
108000094,880,94,786
108000095,216,198,18
108000096,570,155,415
108000097,190,224,-34
108000098,2195,861,1334
108000099,1237,267,970
108000100,177,603,-426
108000101,1555,1678,-123
108000102,1659,3996,-2337
108000106,1131,1,1130
108000107,2,675,-673
108000108,660,60,600
108000109,9,500,-491
108000110,457,219,238
108000111,180,397,-217
108000112,60,148,-88
108000113,299,113,186
108000115,216,197,19
108000117,337,356,-19
108000118,363,2514,-2151
108000119,428,234,194
108000120,163,892,-729
108000121,199,239,-40
108000122,788,353,435
108000123,876,235,641
108000124,486,479,7
108000125,794,109,685
108000126,279,238,41
108000127,753,246,507
108000128,720,166,554
108000129,466,319,147
108000130,583,178,405
108000131,808,452,356
108000132,629,656,-27
108000133,1254,444,810
108000134,512,245,267
108000135,1097,672,425
108000136,214,387,-173
108000137,608,194,414
108000138,511,434,77
108000139,694,216,478
108000140,466,28,438
108000141,64,43,21
108000142,61,46,15
108000143,68,188,-120
108000144,815,50,765
108000145,56,7,49
108000146,1117,37,1080
108000147,39,10,29
108000148,854,42,812
108000149,38,8,30
108000150,103,6,97
108000151,51,59,-8
108000152,123,208,-85
108000153,896,106,790
108000154,57,8,49
108000155,82,30,52
108000156,588,261,327
108000157,181,2036,-1855
108000158,100,936,-836
108000159,205,286,-81
108000160,1332,1209,123
108000161,1098,4045,-2947
108000165,2,362,-360
108000172,0,351,-351
108000173,539,2148,-1609
108000175,873,130,743
108000178,268,278,-10
108000179,171,1116,-945
108000181,100,25,75
108000182,117,50,67
108000183,15,266,-251
108000184,596,3551,-2955
108000185,251,160,91
108000186,523,148,375
108000187,128,148,-20
108000188,840,104,736
108000189,995,12817,-11822
108000190,21,66,-45
108000192,286,192,94
108000193,340,7,333
108000194,27,14,13
108000195,1,448,-447
108000196,257,240,17
108000198,976,68,908
108000199,0,477,-477
108000200,473,131,342
108000203,170,153,17
108000204,182,79,103
108000205,142,168,-26
108000339,797,420,377
108000364,172,450,-278
108000365,64,254,-190
108000367,140,130,10
108000368,17,38,-21
108000369,334,111,223
108000371,3,577,-574
108000372,871,11,860
108000373,205,72,133
108000376,145,32,113
108000377,810,145,665
108000378,8155,13138,-4983
108000379,39,153,-114
108000381,128,9,119
108000382,119,2,117
108000383,0,349,-349
108900001,24,262,-238
108900002,199,88,111
108900003,167,410,-243
108900004,105,404,-299
108900007,322,115,207
108900008,156,51,105
108900009,112,98,14
108900010,374,96,278
108900011,929,232,697
108900012,466,222,244
108900013,183,178,5
108900014,29,76,-47
108900015,8,244,-236
108900016,0,216,-216
108900017,186,507,-321
108900018,132,191,-59
108900019,14,218,-204
108900020,38,80,-42
108900021,137,119,18
108900022,115,14,101
108900023,6,34,-28
108900024,69,31,38
108900025,256,24,232
108900026,17,24,-7
108900027,1,25,-24
108900028,120,50,70
108900029,75,128,-53
108900030,0,23,-23
108900031,157,107,50
108900032,3,64,-61
108900033,0,29,-29
108900034,1,76,-75
108900035,212,360,-148
108900038,0,77,-77
108900039,0,93,-93
108900040,7,39,-32
108900041,2486,3145,-659
108900042,5,324,-319
108900043,31,184,-153
108900044,3,118,-115
108900045,115,148,-33
108900046,21,167,-146
108900047,16,365,-349
108900048,124,317,-193
108900049,969,2329,-1360
108900050,2,65,-63
108900051,0,103,-103
108900052,55,101,-46
108900053,39,355,-316
108900054,59,71,-12
108900055,12,242,-230
108900056,1,63,-62
108900057,0,50,-50
108900058,28,109,-81
108900059,949,39,910
108900060,83,185,-102
108900061,47,32,15
108900062,1,100,-99
108900063,8,73,-65
108900064,360,6,354
108900065,22,93,-71
108900066,532,103,429
108900067,10,107,-97
108900068,24,50,-26
108900069,68,12,56
108900070,30,34,-4
108900071,153,67,86
108900072,1066,352,714
108900073,46,98,-52
108900074,336,66,270
108900075,17,28,-11
108900076,558,43,515
108900077,85,161,-76
108900078,51,35,16
108900079,256,49,207
108900080,15,924,-909
108900081,50,151,-101
108900082,131,55,76
108900083,17,230,-213
108900085,867,104,763
108900086,209,73,136
108900087,74,130,-56
108900088,805,353,452
108900089,11,166,-155
108900090,77,78,-1
108900091,176,22,154
108900092,529,207,322
108900093,57,82,-25
108900094,288,94,194
108900095,15,138,-123
108900096,184,4,180
108900097,310,66,244
108900098,749,798,-49
108900099,517,66,451
108900100,64,65,-1
108900101,213,294,-81
108900102,34,1359,-1325
108900103,160,173,-13
108900105,5,2042,-2037
108900106,584,101,483
108900108,359,24,335
108900109,634,53,581
108900110,180,135,45
108900111,516,154,362
108900113,49,52,-3
108900114,109,14,95
108900115,152,93,59
108900116,96,5,91
108900117,284,18,266
108900118,775,40,735
108900119,382,20,362
108900120,301,194,107
108900121,280,110,170
108900122,189,18,171
108900123,220,138,82
108900124,897,236,661
108900125,793,5,788
108900126,243,57,186
108900127,317,25,292
108900128,334,55,279
108900129,1272,157,1115
108900130,648,1,647
108900131,535,4,531
108900132,568,51,517
108900133,399,31,368
108900134,1023,96,927
108900135,367,19,348
108900136,51,1,50
108900137,260,4,256
108900138,1074,53,1021
108900140,646,59,587
108900141,533,7,526
108900142,81,6,75
108900143,89,0,89
108900144,95,3,92
108900145,295,18,277
108900146,120,0,120
108900147,266,0,266
108900148,65,7,58
108900150,223,6,217
108900151,38,14,24
108900152,170,23,147
108900153,248,129,119
108900154,5028,341,4687
108900156,89,7,82
108900157,12,209,-197
108900158,599,17,582
108900159,1,138,-137
108900160,39,144,-105
108900161,8,115,-107
108900162,277,0,277
108900163,7,442,-435
108900164,51,24,27
108900168,2877,2312,565
108900169,90,103,-13
108900171,1923,3303,-1380
108900172,171,73,98
108900173,58,178,-120
108900174,1176,373,803
108900176,108,200,-92
108900177,2513,8307,-5794
108900178,1616,4554,-2938
108900180,107,213,-106
108900183,132,144,-12
108900184,468,176,292
108900185,85,212,-127
108900186,68,212,-144
108900189,398,77,321
108900190,79,1148,-1069
108900192,73,147,-74
108900195,101,72,29
108900196,34,153,-119
108900199,176,226,-50
108900200,713,284,429
108900201,286,717,-431
108900203,431,158,273
108900204,406,16,390
108900205,405,33,372
108900206,409,72,337
108900207,256,219,37
108900208,10,170,-160
108900209,208,328,-120
108900210,91,110,-19
108900211,191,629,-438
108900212,128,1576,-1448
108900215,51,285,-234
108900216,185,499,-314
108900217,57,0,57
108900218,50,10,40
108900221,42,48,-6
108900224,24,146,-122
108900225,0,199,-199
108900227,200,355,-155
108900230,118,136,-18
108900232,2,111,-109
108900233,434,135,299
108900234,318,97,221
108900235,141,249,-108
108900236,56,120,-64
108900240,131,72,59
108900241,53,48,5
108900245,6,1631,-1625
108900250,212,71,141
108900258,1,55,-54
108900259,46,14,32
108900260,6,27,-21
108900261,50,61,-11
108900262,63,143,-80
108900263,18,144,-126
108900264,149,237,-88
108900265,583,534,49
108900266,173,1154,-981
108900267,2,288,-286
108900268,16,22,-6
108900269,186,16,170
108900270,163,7,156
108900271,68,14,54
108900272,359,13,346
108900273,272,865,-593
108900274,96,33,63
109000001,2968,2634,334
109000002,862,2929,-2067
109000003,3435,447,2988
109000004,649,1856,-1207
109000005,2294,644,1650
109000006,742,1499,-757
109000007,2051,640,1411
109000008,791,1242,-451
109000009,3531,1208,2323
109000010,916,2317,-1401
109000011,4718,2123,2595
109000012,1877,2075,-198
109000013,4879,4119,760
109000014,1911,1745,166
109000015,4593,13676,-9083
109000016,4795,2011,2784
109000017,3609,1200,2409
109000018,1359,1691,-332
109000019,2688,1480,1208
109000020,1047,1603,-556
109000023,279,23,256
109000024,10,143,-133
109000025,281,811,-530
109000026,501,300,201
109000027,122,533,-411
109000028,119,49,70
109000029,98,358,-260
109000030,46,340,-294
109000031,250,145,105
109000032,145,309,-164
109000033,396,196,200
109000034,46,49,-3
109000035,9,46,-37
109000036,44,312,-268
109000037,330,2891,-2561
109000038,336,261,75
109000039,1186,932,254
109000040,1673,10325,-8652
109000041,1518,2702,-1184
109000042,364,1266,-902
109000044,481,225,256
109000045,75,296,-221
109000046,525,70,455
109000047,59,343,-284
109000048,709,566,143
109000049,273,334,-61
109000050,499,395,104
109000051,158,63,95
109000052,587,380,207
109000053,1189,151,1038
109000054,320,294,26
109000055,489,315,174
109000056,394,240,154
109000057,758,401,357
109000058,1002,530,472
109000059,220,1118,-898
109000060,337,578,-241
109000061,435,1314,-879
109000062,146,385,-239
109000063,172,86,86
109000064,381,90,291
109000065,190,101,89
109000066,537,33,504
109000067,83,119,-36
109000068,766,5,761
109000069,641,11,630
109000070,68,1904,-1836
109000071,509,102,407
109000072,158,342,-184
109000073,103,94,9
109000074,28,150,-122
109000075,65,296,-231
109000076,192,355,-163
109000077,315,173,142
109000078,138,160,-22
109000079,85,86,-1
109000080,350,68,282
109000081,186,291,-105
109000082,1311,101,1210
109000083,283,331,-48
109000088,180,243,-63
109000089,327,75,252
109000090,163,237,-74
109000091,434,164,270
109000092,246,222,24
109000093,316,118,198
109000094,979,4,975
109000095,248,217,31
109000096,999,194,805
109000097,78,121,-43
109000098,40,115,-75
109000099,843,150,693
109000100,314,534,-220
109000101,1630,419,1211
109000102,539,425,114
109000103,1448,394,1054
109000104,2571,329,2242
109000105,540,565,-25
109000106,2123,525,1598
109000107,448,1033,-585
109000108,2223,473,1750
109000109,417,857,-440
109000110,1239,525,714
109000111,700,1603,-903
109000112,311,102,209
109000113,304,103,201
109000114,130,245,-115
109000115,875,83,792
109000116,18,478,-460
109000117,313,24,289
109000118,5,161,-156
109000119,1722,107,1615
109000120,267,303,-36
109000121,1033,75,958
109000122,181,217,-36
109000123,98,164,-66
109000124,1062,204,858
109000125,845,210,635
109000126,505,342,163
109000127,2630,228,2402
109000128,719,547,172
109000129,2983,520,2463
109000130,444,884,-440
109000131,1870,1226,644
109000132,710,1288,-578
109000133,228,405,-177
109000134,546,648,-102
109000135,684,1012,-328
109000136,266,184,82
109000137,348,266,82
109000138,557,114,443
109000139,632,238,394
109000140,297,216,81
109000141,1226,311,915
109000142,169,319,-150
109000143,120,80,40
109000145,110,398,-288
109000146,44,42,2
109000148,1160,1550,-390
109000149,30,104,-74
109000150,98,269,-171
109000155,1046,711,335
109000156,768,321,447
109000158,74,122,-48
109000159,56,281,-225
109000160,1398,135,1263
109000161,526,566,-40
109000162,2169,393,1776
109000163,1456,996,460
109000164,1707,1480,227
109000165,1555,380,1175
109000166,1232,85,1147
109000167,148,228,-80
109000170,73,22,51
109000171,88,42,46
109000172,40,55,-15
109000173,35,98,-63
109000174,201,25,176
109000175,169,162,7
109000176,507,127,380
109000177,45,49,-4
109000178,931,171,760
109000179,1968,4241,-2273
109000180,2550,2894,-344
109000181,14,26,-12
109000182,79,9,70
109000183,47,11,36
109000184,65,16,49
109000185,44,4,40
109000188,484,748,-264
109000189,2704,489,2215
109000190,883,352,531
109000191,370,318,52
109000192,563,88,475
109000193,309,95,214
109000194,295,34,261
109000195,143,90,53
109000196,329,54,275
109000197,158,156,2
109000198,386,43,343
109000199,162,212,-50
109000206,213,29,184
109000207,272,57,215
109000208,108,100,8
109000209,130,116,14
109000210,110,348,-238
109000211,1095,298,797
109000214,578,329,249
109000215,138,60,78
109000216,397,354,43
109000217,146,123,23
109000218,246,184,62
109000221,221,627,-406
109000222,691,175,516
109000223,460,348,112
109000224,81,45,36
109000225,171,33,138
109000226,62,156,-94
109000227,1608,362,1246
109000228,5,2636,-2631
109000231,0,80,-80
109000232,597,114,483
109000236,213,403,-190
109000241,1900,1091,809
109000242,1545,626,919
109000293,60,142,-82
109000361,153,175,-22
109000364,116,350,-234
109000396,0,255,-255
109000397,783,8,775
109000399,111,217,-106
109000400,139,121,18
109000403,179,2186,-2007
109000406,535,5,530
109000407,308,168,140
109000408,2,373,-371
109000410,846,184,662
109000411,399,44,355
109900001,171,0,171
109900002,845,24,821
109900003,361,0,361
109900005,18,0,18
109900006,472,98,374
109900007,1319,141,1178
109900008,0,13,-13
109900009,165,158,7
109900010,599,29,570
109900011,87,80,7
109900012,522,170,352
109900013,364,166,198
109900015,250,136,114
109900017,44,25,19
109900018,197,6,191
109900019,249,18,231
109900020,40,37,3
109900021,18,12,6
109900022,247,175,72
109900023,47,2,45
109900024,15,3,12
109900025,22,23,-1
109900027,40,22,18
109900028,345,1947,-1602
109900029,2,118,-116
109900030,42,14,28
109900031,0,199,-199
109900032,8,162,-154
109900033,2,333,-331
109900034,55,3,52
109900035,48,22,26
109900036,21,26,-5
109900037,16,243,-227
109900038,158,181,-23
109900039,7,0,7
109900040,50,215,-165
109900041,49,103,-54
109900042,9,816,-807
109900044,91,115,-24
109900045,92,128,-36
109900046,172,46,126
109900047,138,150,-12
109900048,5,102,-97
109900049,16,45,-29
109900050,1,66,-65
109900051,2,10,-8
109900052,61,82,-21
109900053,1,72,-71
109900054,1004,95,909
109900055,103,91,12
109900056,63,382,-319
109900057,3,69,-66
109900058,0,55,-55
109900060,810,67,743
109900061,65,114,-49
109900062,0,44,-44
109900064,620,170,450
109900065,89,82,7
109900066,207,325,-118
109900067,15,80,-65
109900068,85,6,79
109900069,18,14,4
109900071,0,13,-13
109900072,3,79,-76
109900073,487,103,384
109900074,12,10,2
109900075,27,21,6
109900076,26,84,-58
109900077,28,19,9
109900078,56,146,-90
109900080,104,81,23
109900081,10,192,-182
109900082,46,147,-101
109900083,24,23,1
109900084,71,106,-35
109900085,100,250,-150
109900086,138,1026,-888
109900087,67,385,-318
109900089,991,165,826
109900092,160,23,137
109900093,1121,135,986
109900094,135,64,71
109900095,50,119,-69
109900096,94,8,86
109900097,171,4,167
109900098,762,28,734
109900099,414,1,413
109900100,91,0,91
109900101,898,4,894
109900102,455,16,439
109900103,341,60,281
109900104,1021,157,864
109900105,656,22,634
109900106,325,23,302
109900107,712,33,679
109900108,193,109,84
109900109,48,71,-23
109900111,103,286,-183
109900114,706,1304,-598
109900115,227,61,166
109900117,1269,49,1220
109900121,446,453,-7
109900123,25,54,-29
109900125,1,139,-138
109900126,337,18,319
109900130,2277,2677,-400
109900131,24,117,-93
109900132,25,137,-112
109900134,34,114,-80
109900135,205,15,190
109900137,139,98,41
109900140,237,42,195
109900149,45,29,16
109900150,2,21,-19
109900151,6,11,-5
109900152,0,21,-21
109900153,0,52,-52
109900154,35,0,35
109900155,85,21,64
109900157,53,154,-101
109900159,350,107,243
109900161,170,79,91
109900162,465,255,210
109900163,248,171,77
109900164,73,191,-118
109900165,391,6,385
109900166,1,73,-72
109900167,143,150,-7
109900168,271,357,-86
109900169,181,72,109
109900170,313,1403,-1090
109900171,324,76,248
109900172,271,317,-46
109900173,869,2818,-1949
109900174,41,87,-46
109900175,111,64,47
109900176,152,98,54
109900177,20,70,-50
109900178,2,209,-207
109900179,10,14,-4
109900180,9,14,-5
110000001,543,423,120
110000002,522,786,-264
110000003,565,704,-139
110000004,439,549,-110
110000005,258,1875,-1617
110000006,235,230,5
110000007,134,42,92
110000008,50,93,-43
110000009,40,18,22
110000010,35,115,-80
110000011,35,27,8
110000012,626,180,446
110000013,108,960,-852
110000014,640,306,334
110000015,210,704,-494
110000016,229,1785,-1556
110000017,2886,202,2684
110000018,2101,310,1791
110000019,9,89,-80
110000020,573,175,398
110000021,223,405,-182
110000022,656,89,567
110000023,10,129,-119
110000024,406,403,3
110000025,643,2,641
110000026,7,169,-162
110000027,459,1182,-723
110000028,1031,588,443
110000029,492,515,-23
110000030,293,327,-34
110000031,373,281,92
110000032,758,252,506
110000033,219,262,-43
110000034,454,558,-104
110000035,675,408,267
110000036,1103,519,584
110000037,268,312,-44
110000038,229,619,-390
110000039,1063,4636,-3573
110000040,360,226,134
110000041,355,2186,-1831
110000042,68,396,-328
110000043,660,319,341
110000044,37,799,-762
110000045,130,113,17
110000046,1,99,-98
110000047,9,125,-116
110000048,8,83,-75
110000049,23,26,-3
110000050,12,95,-83
110000051,30,16,14
110000052,59,24,35
110000053,32,5,27
110000054,142,996,-854
110000055,179,151,28
110000056,58,134,-76
110000057,366,482,-116
110000058,799,375,424
110000059,917,410,507
110000060,1249,771,478
110000061,473,473,0
110000062,532,807,-275
110000063,81,216,-135
110000064,81,35,46
110000065,125,84,41
110000066,92,12,80
110000067,29,118,-89
110000068,263,55,208
110000069,443,34,409
110000071,376,39,337
110000073,41,23,18
110000075,30,70,-40
110000076,315,300,15
110000077,187,801,-614
110000078,92,10,82
110000080,308,345,-37
110000081,58,231,-173
110000082,33,274,-241
110000083,169,395,-226
110000084,1365,919,446
110000085,817,1097,-280
110000086,902,2499,-1597
110000087,21,41,-20
110000088,132,208,-76
110000089,327,34,293
110000090,125,122,3
110000091,678,143,535
110000092,35,47,-12
110000093,46,32,14
110000094,274,160,114
110000095,164,684,-520
110000096,1125,1820,-695
110000097,848,1794,-946
110000098,1625,726,899
110000099,708,1236,-528
110000100,1290,191,1099
110000101,48,123,-75
110000102,111,66,45
110000104,394,231,163
110000105,57,185,-128
110000106,473,648,-175
110000107,164,287,-123
110000108,143,89,54
110000109,172,253,-81
110000110,1257,2947,-1690
110000111,2827,3054,-227
110000112,297,1150,-853
110000113,84,2476,-2392
110000114,313,630,-317
110000115,480,250,230
110000116,64,76,-12
110000117,412,112,300
110000118,626,140,486
110000119,248,141,107
110000120,345,120,225
110000121,65,248,-183
110000122,256,319,-63
110000123,551,383,168
110000124,1,501,-500
110000125,1092,3,1089
110000126,296,28,268
110000127,1195,86,1109
110000128,19,487,-468
110000129,3,242,-239
110000130,341,222,119
110000131,44,295,-251
110000132,1,289,-288
110000133,28,339,-311
110000134,21,288,-267
110000135,217,38,179
110000136,117,275,-158
110000137,784,274,510
110000138,823,414,409
110000139,1243,359,884
110000140,872,737,135
110000143,397,262,135
110000144,2294,1908,386
110000145,1475,1555,-80
110000146,1041,568,473
110000147,408,703,-295
110000148,719,134,585
110000151,479,1384,-905
110000152,452,547,-95
110000153,121,9,112
110000154,4,19,-15
110000155,468,3218,-2750
110000156,892,2098,-1206
110000157,1205,2388,-1183
110000160,355,293,62
110000161,183,139,44
110000166,649,58,591
110000167,873,534,339
110000168,893,524,369
110000169,801,307,494
110000170,191,80,111
110000171,648,102,546
110000172,218,364,-146
110000173,652,750,-98
110000174,131,471,-340
110000175,1052,48,1004
110000176,115,517,-402
110000177,263,1329,-1066
110000178,343,2325,-1982
110000179,911,233,678
110000180,231,169,62
110000181,990,326,664
110000182,289,85,204
110000183,4716,7486,-2770
110000184,258,2689,-2431
110000185,598,754,-156
110000186,568,767,-199
110000191,1406,104,1302
110000192,742,27,715
110000193,1484,17,1467
110000194,5,404,-399
110000195,625,124,501
110000196,503,92,411
110000197,120,62,58
110000198,92,43,49
110000199,41,81,-40
110000200,621,271,350
110000201,1058,1132,-74
110000202,1132,483,649
110000203,366,381,-15
110000204,7,139,-132
110000205,281,29,252
110000206,413,497,-84
110000207,1337,286,1051
110000208,167,282,-115
110000209,86,1024,-938
110000210,1571,263,1308
110000211,857,768,89
110000212,451,1090,-639
110000213,392,46,346
110000214,460,41,419
110000215,181,104,77
110000216,157,120,37
110000217,462,70,392
110000218,235,117,118
110000219,536,34,502
110000220,67,145,-78
110000221,466,22,444
110000222,81,226,-145
110000223,16,228,-212
110000224,3,4,-1
110000225,202,563,-361
110000226,335,53,282
110000227,789,853,-64
110000228,318,112,206
110000229,2,69,-67
110000230,550,857,-307
110000231,293,171,122
110000232,180,183,-3
110000233,172,197,-25
110000234,390,975,-585
110000235,821,864,-43
110000236,653,403,250
110000237,2456,1469,987
110000238,884,942,-58
110000239,2007,741,1266
110000240,5,24,-19
110000242,0,8,-8
110000243,201,40,161
110000244,69,553,-484
110000245,47,342,-295
110000246,787,283,504
110000247,767,2898,-2131
110000248,1013,996,17
110000249,76,2,74
110000250,18,201,-183
110000251,413,215,198
110000252,330,105,225
110000253,1412,325,1087
110000254,473,425,48
110000255,90,464,-374
110000256,456,190,266
110000257,351,233,118
110000258,6,202,-196
110000259,220,18,202
110000260,38,74,-36
110000263,410,33,377
110000264,504,167,337
110000265,1299,1538,-239
110000266,847,1904,-1057
110000267,20,115,-95
110000268,185,181,4
110000269,3,54,-51
110000270,111,5,106
110000271,1153,155,998
110000272,1167,945,222
110000273,1341,1105,236
110000274,195,2083,-1888
110000275,1048,464,584
110000276,337,454,-117
110000277,351,204,147
110000278,344,462,-118
110000279,785,548,237
110000280,704,397,307
110000281,62,222,-160
110000282,200,30,170
110000283,49,57,-8
110000284,20,31,-11
110000285,5,424,-419
110000286,1,0,1
110000287,98,1,97
110000288,2,56,-54
110000289,413,2825,-2412
110000290,416,522,-106
110000291,2849,875,1974
110000292,894,5484,-4590
110000293,646,344,302
110000294,1283,985,298
110000295,181,430,-249
110000296,496,169,327
110000297,1956,192,1764
110000298,120,342,-222
110000299,104,66,38
110000301,424,20,404
110000302,601,534,67
110000303,535,6,529
110000304,310,196,114
110000305,1387,14,1373
110000306,269,795,-526
110000307,1733,7,1726
110000308,435,4,431
110000309,7,379,-372
110000310,931,20,911
110000311,25,425,-400
110000312,451,62,389
110000313,1404,1931,-527
110000314,1,179,-178
110000315,1446,1870,-424
110000316,431,1007,-576
110000317,105,1272,-1167
110000318,2,74,-72
110000319,12,18,-6
110000320,89,49,40
110000321,55,55,0
110000322,253,220,33
110000323,654,126,528
110000324,2355,1497,858
110000325,1410,3592,-2182
110000327,205,280,-75
110000328,122,275,-153
110000333,876,863,13
110000334,420,1090,-670
110000335,670,333,337
110000336,668,715,-47
110000337,2160,479,1681
110000338,619,250,369
110000339,454,138,316
110000340,162,125,37
110000341,553,265,288
110000342,94,0,94
110000343,0,4,-4
110000344,246,450,-204
110000345,273,330,-57
110000346,1222,1452,-230
110000347,1441,596,845
110000348,15,11,4
110000349,32,6,26
110000350,80,2,78
110000351,1235,432,803
110000352,720,1554,-834
110000353,2558,335,2223
110000354,937,3934,-2997
110000355,95,39,56
110000356,619,4,615
110000357,561,6,555
110000361,15,9,6
110000362,57,6,51
110000363,772,56,716
110000364,262,227,35
110000365,204,0,204
110000366,0,77,-77
110000367,422,79,343
110000368,6,43,-37
110000369,93,1,92
110000373,0,197,-197
110000374,140,34,106
110000375,78,978,-900
110000376,22,123,-101
110000377,48,423,-375
110000378,15,324,-309
110000379,2077,2375,-298
110000380,55,9,46
110000383,1,1023,-1022
110000384,542,406,136
110000385,0,147,-147
110000387,94,3,91
110000388,56,179,-123
110000389,1062,4,1058
110000391,1004,103,901
110000396,259,43,216
110000397,183,40,143
110000398,6,17,-11
110000399,191,1,190
110000587,150,153,-3
110000589,242,134,108
110000640,219,29,190
110000652,15,461,-446
110000653,330,253,77
110000654,21,1646,-1625
110000656,0,139,-139
110000674,38,11,27
110000675,10,28,-18
110000676,1,56,-55
110000679,166,1178,-1012
110000682,119,187,-68
110000683,138,407,-269
110000684,0,42,-42
110000685,8,8,0
110000686,3,77,-74
110000687,22,14,8
110000688,73,1319,-1246
110000689,68,30,38
110000692,8,194,-186
110000693,31,364,-333
110000694,1,161,-160
110000695,115,403,-288
110000696,37,33,4
110900001,194,6,188
110900002,237,350,-113
110900003,945,184,761
110900004,530,36,494
110900005,1070,4012,-2942
110900006,76,17,59
110900007,150,35,115
110900008,9,17,-8
110900009,320,310,10
110900010,15,21,-6
110900011,11,102,-91
110900012,17,28,-11
110900013,1205,122,1083
110900014,303,37,266
110900015,281,612,-331
110900016,89,33,56
110900017,581,38,543
110900018,308,47,261
110900019,348,10,338
110900020,139,117,22
110900021,95,245,-150
110900022,79,67,12
110900023,30,506,-476
110900024,31,141,-110
110900025,11,30,-19
110900027,34,116,-82
110900028,21,89,-68
110900029,19,96,-77
110900030,42,84,-42
110900031,207,134,73
110900032,1,27,-26
110900033,43,104,-61
110900035,18,405,-387
110900036,51,10,41
110900037,125,21,104
110900038,649,152,497
110900039,7,270,-263
110900040,276,17,259
110900041,47,26,21
110900042,155,50,105
110900043,2,22,-20
110900044,143,11,132
110900045,80,115,-35
110900046,9,97,-88
110900047,208,348,-140
110900049,109,72,37
110900050,49,0,49
110900051,9,142,-133
110900052,4,67,-63
110900053,136,4,132
110900054,25,96,-71
110900055,9,2,7
110900056,20,88,-68
110900057,1,52,-51
110900058,320,56,264
110900059,371,129,242
110900060,348,113,235
110900061,11,43,-32
110900062,193,73,120
110900063,7,23,-16
110900064,10,0,10
110900065,104,121,-17
110900066,6,19,-13
110900067,82,595,-513
110900068,187,118,69
110900069,153,98,55
110900070,118,30,88
110900071,154,640,-486
110900073,0,16,-16
110900074,552,89,463
110900075,376,56,320
110900077,1108,307,801
110900078,76,13,63
110900079,1070,1458,-388
110900080,213,34,179
110900081,9,13,-4
110900082,191,59,132
110900083,116,24,92
110900084,70,20,50
110900085,34,109,-75
110900086,62,240,-178
110900087,406,77,329
110900088,7,1,6
110900090,61,74,-13
110900091,5,21,-16
110900093,226,81,145
110900095,66,19,47
110900097,16,34,-18
110900098,24,52,-28
110900099,27,260,-233
110900100,0,7,-7
110900102,99,6,93
110900105,1254,117,1137
110900108,10,21,-11
110900111,246,24,222
110900112,777,6,771
110900113,208,62,146
110900115,18,44,-26
110900116,1054,526,528
110900118,62,3907,-3845
110900119,1173,126,1047
110900120,54,35,19
110900121,110,1,109
110900122,658,161,497
110900125,478,449,29
110900127,352,1391,-1039
110900128,253,620,-367
110900129,136,1070,-934
110900130,317,645,-328
110900131,312,25,287
110900132,490,68,422
110900133,72,72,0
110900135,48,149,-101
110900136,431,19,412
110900138,0,0,0
110900139,9,0,9
110900140,8,0,8
110900141,293,726,-433
110900142,45,79,-34
110900143,154,42,112
110900144,1,149,-148
110900145,167,74,93
110900146,202,258,-56
110900147,49,412,-363
110900148,0,121,-121
110900149,4,45,-41
110900150,22,6,16
110900151,2,34,-32
110900152,35,49,-14
110900153,305,38,267
111000001,1106,586,520
111000002,721,532,189
111000003,2329,961,1368
111000004,615,833,-218
111000005,1735,1710,25
111000006,1005,1778,-773
111000007,4181,4833,-652
111000008,2365,2547,-182
111000009,359,753,-394
111000010,1196,365,831
111000011,263,873,-610
111000012,440,448,-8
111000013,475,1158,-683
111000014,1890,624,1266
111000017,225,854,-629
111000018,175,323,-148
111000020,688,1281,-593
111000021,51,75,-24
111000023,129,46,83
111000025,6120,3601,2519
111000029,66,113,-47
111000030,27,106,-79
111000031,1748,736,1012
111000032,590,305,285
111000033,190,185,5
111000034,54,257,-203
111000037,963,414,549
111000038,2640,1228,1412
111000039,1492,1418,74
111000040,1394,1266,128
111000041,445,607,-162
111000042,1696,1888,-192
111000043,2005,4818,-2813
111000044,1946,909,1037
111000045,3198,2220,978
111000046,2393,1936,457
111000047,3173,5908,-2735
111000049,372,352,20
111000050,959,774,185
111000051,451,547,-96
111000052,439,1147,-708
111000053,270,465,-195
111000054,316,506,-190
111000055,1479,1402,77
111000056,278,307,-29
111000057,203,384,-181
111000058,788,65,723
111000059,736,222,514
111000060,4445,888,3557
111000061,806,316,490
111000062,1068,373,695
111000063,1532,1077,455
111000064,1081,464,617
111000065,1312,720,592
111000066,709,304,405
111000067,841,347,494
111000068,642,577,65
111000069,1420,1338,82
111000070,771,483,288
111000071,187,308,-121
111000072,1521,538,983
111000073,385,1441,-1056
111000074,1339,1303,36
111000075,721,543,178
111000076,740,496,244
111000077,1233,1006,227
111000078,1967,842,1125
111000079,741,549,192
111000080,589,433,156
111000081,1488,4451,-2963
111000082,896,437,459
111000084,942,395,547
111000085,1079,823,256
111000086,1762,834,928
111000087,729,348,381
111000088,3378,2244,1134
111000089,738,519,219
111000090,486,763,-277
111000091,744,272,472
111000092,1750,621,1129
111000093,981,1064,-83
111000094,1845,1111,734
111000095,717,2488,-1771
111000096,796,7782,-6986
111000097,3402,1205,2197
111000098,412,720,-308
111000099,426,1148,-722
111000100,533,692,-159
111000101,376,557,-181
111000102,225,502,-277
111000104,707,181,526
111000107,263,661,-398
111000109,1232,253,979
111000110,1553,560,993
111000111,3691,382,3309
111000112,2697,389,2308
111000113,812,1975,-1163
111000114,1438,4470,-3032
111000115,2928,785,2143
111000116,877,680,197
111000117,400,789,-389
111000118,818,599,219
111000119,1490,595,895
111000120,630,509,121
111000121,320,648,-328
111000122,464,585,-121
111000123,1176,1119,57
111000124,498,1112,-614
111000125,309,551,-242
111000126,100,420,-320
111000127,1410,150,1260
111000128,3114,259,2855
111000129,3541,435,3106
111000130,2968,353,2615
111000131,2631,428,2203
111000132,2385,1278,1107
111000133,196,106,90
111000134,202,77,125
111000135,56,130,-74
111000136,475,321,154
111000138,32,10,22
111000140,1,6,-5
111000141,127,663,-536
111000142,17,406,-389
111000143,13,639,-626
111000144,341,4118,-3777
111000145,162,24,138
111000146,115,28,87
111000147,146,39,107
111000148,147,119,28
111000149,17,22,-5
111000150,50,22,28
111000151,3,19,-16
111000153,452,440,12
111000154,332,234,98
111000155,185,125,60
111000156,725,415,310
111000157,206,799,-593
111000158,900,910,-10
111000159,3939,1098,2841
111000160,478,400,78
111000161,20,667,-647
111000162,9,85,-76
111000163,992,750,242
111000164,441,2962,-2521
111000165,626,233,393
111000166,376,147,229
111000167,116,203,-87
111000168,225,266,-41
111000169,242,330,-88
111000170,206,200,6
111000171,553,410,143
111000172,243,229,14
111000173,334,600,-266
111000174,336,154,182
111000175,52,290,-238
111000176,463,52,411
111000177,821,95,726
111000178,2186,194,1992
111000179,599,84,515
111000180,351,389,-38
111000181,2183,172,2011
111000182,329,104,225
111000183,388,174,214
111000184,366,173,193
111000185,406,274,132
111000186,398,106,292
111000187,254,78,176
111000188,424,257,167
111000189,358,451,-93
111000190,216,219,-3
111000191,150,137,13
111000192,146,257,-111
111000193,355,195,160
111000194,66,215,-149
111000195,169,144,25
111000196,83,88,-5
111000197,669,117,552
111000198,786,100,686
111000199,371,130,241
111000200,762,325,437
111000201,1007,180,827
111000202,474,181,293
111000203,558,321,237
111000204,425,1788,-1363
111000213,163,397,-234
111000214,1351,784,567
111000215,1251,793,458
111000217,1654,438,1216
111000218,1872,695,1177
111000219,290,181,109
111000220,661,561,100
111000221,278,64,214
111000224,37,168,-131
111000225,498,370,128
111000226,91,3,88
111000227,27,2,25
111000228,13,671,-658
111000229,50,1466,-1416
111000230,201,112,89
111000231,1088,240,848
111000232,1022,504,518
111000233,1452,455,997
111000234,180,588,-408
111000239,97,39,58
111000240,57,266,-209
111000241,52,100,-48
111000242,325,29,296
111000243,191,220,-29
111000244,684,69,615
111000245,824,205,619
111000246,754,131,623
111000247,608,275,333
111000248,704,253,451
111000249,602,194,408
111000250,98,32,66
111000251,54,62,-8
111000253,52,20,32
111000255,87,12,75
111000257,90,25,65
111000260,97,757,-660
111000261,1469,90,1379
111000271,50,226,-176
111000273,2488,860,1628
111000274,1561,2654,-1093
111000275,157,25,132
111000276,302,719,-417
111000277,197,179,18
111000278,374,196,178
111000291,1971,12153,-10182
111000298,440,140,300
111000299,767,176,591
111000300,66,440,-374
111000302,300,66,234
111000303,154,102,52
111000312,67,46,21
111000315,6,90,-84
111000320,127,319,-192
111000321,623,135,488
111000322,340,157,183
111000323,439,33,406
111000324,376,405,-29
111000325,37,51,-14
111000326,224,253,-29
111000327,303,289,14
111000328,437,551,-114
111000329,3,29,-26
111000330,113,4,109
111000331,32,6,26
111000332,606,831,-225
111000334,230,744,-514
111000335,1638,218,1420
111000337,1873,151,1722
111000338,83,72,11
111000339,831,92,739
111000340,342,376,-34
111000341,1800,782,1018
111000342,46,1338,-1292
111000344,1301,555,746
111000345,75,148,-73
111000346,52,332,-280
111000347,167,3,164
111000350,290,92,198
111000351,118,302,-184
111000352,173,100,73
111000353,113,146,-33
111000354,431,244,187
111000355,302,464,-162
111000358,175,443,-268
111000360,316,152,164
111000361,183,79,104
111000546,778,399,379
111000547,386,354,32
111000548,190,241,-51
111000549,296,193,103
111000550,48,875,-827
111000551,419,150,269
111000552,405,180,225
111000907,963,11,952
111000908,109,1,108
111000916,2367,193,2174
111000917,50,289,-239
111000918,278,263,15
111000920,871,15,856
111000921,15,121,-106
111000922,685,117,568
111000924,52,273,-221
111000925,4736,2116,2620
111000926,1138,1127,11
111000927,2867,5121,-2254
111000928,3250,1552,1698
111000929,2311,1268,1043
111000930,906,1244,-338
111000931,2139,2695,-556
111000932,3197,1244,1953
111000933,3339,3547,-208
111000934,1995,2071,-76
111000935,2919,915,2004
111000936,1230,1377,-147
111000937,1563,1507,56
111000938,1521,870,651
111000939,787,21,766
111000940,717,43,674
111000941,359,272,87
111000943,785,260,525
111000944,160,155,5
111000945,143,667,-524
111001109,418,787,-369
111001110,234,280,-46
111001111,133,6,127
111001112,70,3,67
111001113,0,210,-210
111001114,571,329,242
111001115,28,2151,-2123
111001116,1936,5320,-3384
111001117,374,2333,-1959
111001120,84,164,-80
111001121,150,115,35
111001122,241,156,85
111001123,439,131,308
111001124,210,49,161
111001125,4,384,-380
111001126,4,0,4
111001127,1,24,-23
111001128,865,340,525
111900001,1,38,-37
111900002,0,145,-145
111900003,5,104,-99
111900004,6,21,-15
111900006,14,59,-45
111900007,253,3,250
111900008,399,1,398
111900009,219,5,214
111900010,87,174,-87
111900012,21,41,-20
111900013,30,7,23
111900014,1676,6189,-4513
111900015,0,24,-24
111900016,0,13,-13
111900017,0,25,-25
111900018,295,11,284
111900019,2,76,-74
111900020,0,33,-33
111900021,13,25,-12
111900022,5,7,-2
111900023,44,41,3
111900024,85,46,39
111900025,0,9,-9
111900026,0,14,-14
111900027,4,30,-26
111900028,31,63,-32
111900029,0,18,-18
111900030,2,237,-235
111900032,1,79,-78
111900033,8,56,-48
111900034,75,190,-115
111900035,100,92,8
111900036,0,64,-64
111900038,113,246,-133
111900039,18,150,-132
111900040,2,141,-139
111900042,5,36,-31
111900043,0,85,-85
111900044,70,105,-35
111900046,10,52,-42
111900048,438,232,206
111900049,12,78,-66
111900050,68,13,55
111900051,1,100,-99
111900052,155,206,-51
111900053,338,2486,-2148
111900054,129,6,123
111900055,1,119,-118
111900056,78,417,-339
111900057,127,9,118
111900058,840,213,627
111900059,854,682,172
111900060,280,9,271
111900061,5,53,-48
111900062,21,92,-71
111900063,210,246,-36
111900064,45,70,-25
111900065,150,13,137
111900066,178,152,26
111900067,1,191,-190
111900068,49,83,-34
111900069,87,6,81
111900070,260,71,189
111900071,0,96,-96
111900072,99,42,57
111900073,1217,193,1024
111900074,3,114,-111
111900075,125,7,118
111900076,334,86,248
111900077,87,1,86
111900078,428,47,381
111900079,63,61,2
111900080,125,214,-89
111900082,205,38,167
111900083,333,34,299
111900084,328,20,308
111900085,50,104,-54
111900086,85,13,72
111900087,151,1,150
111900088,838,26,812
111900089,133,7,126
111900090,45,38,7
111900091,612,8,604
111900092,177,15,162
111900093,609,8,601
111900094,163,3,160
111900095,455,19,436
111900096,359,5,354
111900097,118,0,118
111900098,350,3,347
111900099,114,0,114
111900100,223,3,220
111900101,91,18,73
111900102,822,203,619
111900103,46,54,-8
111900104,138,21,117
111900105,240,240,0
111900106,268,7,261
111900110,860,183,677
111900111,233,18,215
111900112,333,4987,-4654
111900113,230,86,144
111900118,393,85,308
111900119,298,129,169
111900122,102,116,-14
111900123,14,34,-20
111900124,15,13,2
111900125,616,74,542
111900126,349,2,347
111900127,1,164,-163
111900128,3,137,-134
111900129,343,14,329
111900130,146,34,112
111900131,776,4,772
111900132,3,283,-280
111900133,26,159,-133
111900134,5,99,-94
111900135,15,55,-40
111900136,65,152,-87
111900137,19,45,-26
111900138,9,37,-28
111900139,7,58,-51
111900140,125,48,77
111900141,108,14,94
111900142,110,28,82
111900143,122,65,57
111900144,29,38,-9
111900145,4,148,-144
111900146,2,83,-81
111900147,28,205,-177
111900148,11,247,-236
111900149,4,88,-84
111900150,9,81,-72
111900151,5,14,-9
111900152,66,83,-17
111900153,560,991,-431
111900154,21,674,-653
111900155,82,149,-67
111900156,128,78,50
111900157,352,22,330
111900158,788,97,691
111900159,517,53,464
111900160,473,1,472
111900161,397,1,396
111900162,336,935,-599
111900163,31,125,-94
111900164,90,50,40
111901113,577,54,523
111901114,171,108,63
111901115,209,2,207
111901116,52,0,52
111901117,17,41,-24
111901118,20,409,-389
111901119,210,37,173
111901121,41,52,-11
111901122,0,114,-114
111901123,342,116,226
111901124,483,9,474
111901125,853,219,634
111901127,191,851,-660
111901129,5,54,-49
111901130,30,94,-64
111901131,1,147,-146
111901132,172,68,104
111901133,69,4,65
111901134,152,4,148
111901135,91,23,68
111901136,30,52,-22
111901138,80,33,47
111901139,25,22,3
111901140,11,20,-9
111901141,2,38,-36
111901142,2,83,-81
111901143,2,121,-119
111901144,66,51,15
111901145,90,444,-354
111901146,41,4,37
111901147,164,467,-303
111901148,14,69,-55
111901149,39,11,28
111901150,81,0,81
111901151,0,0,0
111901152,2,27,-25
112000001,2522,734,1788
112000002,818,1590,-772
112000003,2433,959,1474
112000004,732,340,392
112000005,4103,4085,18
112000006,786,650,136
112000007,4937,3340,1597
112000008,3458,4391,-933
112000009,2570,1552,1018
112000010,4086,5467,-1381
112000011,1546,1106,440
112000012,3903,6282,-2379
112000013,1872,3261,-1389
112000014,1229,3867,-2638
112000015,1586,3383,-1797
112000016,2081,3455,-1374
112000017,586,4338,-3752
112000024,932,439,493
112000026,1769,1703,66
112000027,571,714,-143
112000028,643,777,-134
112000029,704,777,-73
112000030,130,34,96
112000031,1343,4281,-2938
112000032,92,20,72
112000033,1265,3421,-2156
112000034,103,26,77
112000035,40,957,-917
112000036,259,1548,-1289
112000037,996,928,68
112000038,1478,1789,-311
112000039,130,37,93
112000040,56,94,-38
112000041,314,359,-45
112000042,650,332,318
112000050,1314,1034,280
112000051,1349,2483,-1134
112000054,1212,1481,-269
112000057,749,217,532
112000058,184,410,-226
112000059,454,664,-210
112000061,2302,897,1405
112000062,657,1226,-569
112000063,234,3308,-3074
112000064,2376,2841,-465
112000065,932,2139,-1207
112000066,3013,1534,1479
112000067,404,472,-68
112000068,3495,3405,90
112000069,583,1598,-1015
112000070,1591,903,688
112000071,972,1560,-588
112000072,2605,777,1828
112000073,1197,1702,-505
112000074,1180,1050,130
112000075,1292,1297,-5
112000076,3017,2059,958
112000077,1165,333,832
112000078,2375,491,1884
112000079,1929,1032,897
112000080,915,501,414
112000081,940,1706,-766
112000082,1056,575,481
112000083,763,862,-99
112000084,1417,568,849
112000085,1717,816,901
112000086,2006,985,1021
112000087,725,318,407
112000088,926,284,642
112000089,384,256,128
112000090,243,188,55
112000091,552,436,116
112000092,2513,902,1611
112000093,1433,464,969
112000094,896,639,257
112000095,814,397,417
112000096,690,361,329
112000097,2073,646,1427
112000098,414,456,-42
112000099,761,1940,-1179
112000100,2355,598,1757
112000101,560,338,222
112000102,2041,487,1554
112000103,409,381,28
112000105,485,536,-51
112000106,2931,355,2576
112000107,204,123,81
112000108,589,802,-213
112000109,347,87,260
112000110,2145,587,1558
112000111,442,2325,-1883
112000112,2573,507,2066
112000113,648,891,-243
112000114,2620,696,1924
112000115,375,270,105
112000116,533,442,91
112000117,1289,532,757
112000118,647,547,100
112000119,337,476,-139
112000120,63,210,-147
112000121,164,245,-81
112000122,468,101,367
112000123,1004,94,910
112000124,715,87,628
112000125,414,257,157
112000126,461,224,237
112000127,1838,2784,-946
112000128,413,574,-161
112000129,124,97,27
112000130,327,112,215
112000131,61,114,-53
112000132,215,149,66
112000133,376,102,274
112000134,489,299,190
112000135,1459,665,794
112000136,848,1216,-368
112000137,1515,2015,-500
112000138,1129,1362,-233
112000139,547,709,-162
112000140,297,985,-688
112000141,1223,436,787
112000142,142,348,-206
112000143,1535,213,1322
112000144,212,645,-433
112000145,3202,442,2760
112000146,533,900,-367
112000147,3285,1676,1609
112000148,896,1061,-165
112000149,485,293,192
112000150,391,214,177
112000151,339,179,160
112000152,1006,203,803
112000153,156,225,-69
112000154,185,286,-101
112000155,127,125,2
112000157,439,992,-553
112000158,315,227,88
112000159,881,218,663
112000167,459,174,285
112000169,215,627,-412
112000173,1078,213,865
112000175,416,220,196
112000176,737,1211,-474
112000177,1103,251,852
112000178,48,195,-147
112000179,392,58,334
112000180,333,266,67
112000181,1029,749,280
112000182,1794,429,1365
112000183,36,28,8
112000184,668,165,503
112000185,1154,238,916
112000187,4171,2690,1481
112000195,140,9,131
112000196,142,1,141
112000197,82,211,-129
112000198,64,243,-179
112000199,733,565,168
112000202,608,4,604
112000216,57,145,-88
112000230,140,1,139
112000231,5,84,-79
112000256,96,285,-189
112000313,30,45,-15
112000314,54,77,-23
112000337,194,544,-350
112000352,109,350,-241
112000392,1792,842,950
112000398,2234,689,1545
112000399,1403,6877,-5474
112000400,1382,1070,312
112000401,1458,1046,412
112000402,5077,5526,-449
112000403,1195,6776,-5581
112000404,1718,1464,254
112000405,3339,3266,73
112000406,1934,876,1058
112000407,10166,8130,2036
112000408,4677,2605,2072
112000409,1408,1791,-383
112000410,261,413,-152
112000411,1619,1481,138
112000412,562,452,110
112000413,3025,8523,-5498
112000414,149,31,118
112000415,92,41,51
112000416,4121,1179,2942
112000417,317,98,219
112000421,96,44,52
112000422,283,132,151
112000424,802,3688,-2886
112000425,421,348,73
112000426,245,237,8
112000427,1,20,-19
112000428,382,115,267
112000429,2139,2016,123
112000430,2727,3587,-860
112000431,126,130,-4
112000432,410,434,-24
112000433,352,634,-282
112000437,106,94,12
112900001,84,2,82
112900002,912,264,648
112900003,81,99,-18
112900004,82,77,5
112900005,349,65,284
112900007,39,68,-29
112900008,1,58,-57
112900009,498,131,367
112900010,679,239,440
112900011,50,150,-100
112900012,2,12,-10
112900013,0,137,-137
112900014,4,101,-97
112900015,77,583,-506
112900016,2,154,-152
112900017,26,48,-22
112900018,531,197,334
112900019,17,161,-144
112900020,194,716,-522
112900021,3,89,-86
112900022,10,21,-11
112900023,15,23,-8
112900024,12,89,-77
112900025,23,87,-64
112900026,27,50,-23
112900027,2,263,-261
112900028,11,58,-47
112900029,8,137,-129
112900030,34,24,10
112900031,2,131,-129
112900032,202,170,32
112900034,0,23,-23
112900035,0,109,-109
112900036,18,74,-56
112900037,299,359,-60
112900038,662,54,608
112900039,10,134,-124
112900040,9,517,-508
112900041,403,917,-514
112900042,70,129,-59
112900043,28,41,-13
112900044,202,156,46
112900045,87,131,-44
112900046,64,55,9
112900047,3,26,-23
112900049,553,29,524
112900050,16,448,-432
112900051,132,296,-164
112900052,1,250,-249
112900053,215,137,78
112900054,118,57,61
112900055,75,36,39
112900056,385,259,126
112900057,16,176,-160
112900058,354,378,-24
112900059,144,408,-264
112900060,32,28,4
112900061,113,131,-18
112900062,88,88,0
112900063,47,17,30
112900064,48,147,-99
112900065,2,18,-16
112900066,251,268,-17
112900067,249,46,203
112900068,49,69,-20
112900069,1393,1228,165
112900071,35,13,22
112900072,67,4247,-4180
112900073,506,168,338
112900074,124,364,-240
112900075,581,1605,-1024
112900076,31,36,-5
112900078,262,608,-346
112900079,278,26,252
112900080,93,3,90
112900081,97,452,-355
112900082,632,37,595
112900083,147,137,10
112900084,352,258,94
112900086,151,2,149
112900087,1550,129,1421
112900088,339,14,325
112900089,846,43,803
112900090,136,45,91
112900091,488,17,471
112900092,73,602,-529
112900093,1519,30,1489
112900095,103,1,102
112900096,731,155,576
112900097,105,165,-60
112900098,142,3,139
112900099,1174,11,1163
112900100,97,5,92
112900101,450,5,445
112900102,79,19,60
112900103,285,11,274
112900104,882,13,869
112900105,29,0,29
112900106,386,110,276
112900107,3,2,1
112900108,4,0,4
112900109,239,1,238
112900110,1862,22,1840
112900111,1111,17,1094
112900112,439,0,439
112900113,0,2,-2
112900114,289,29,260
112900115,1918,2,1916
112900116,135,30,105
112900117,57,20,37
112900118,9,85,-76
112900119,232,0,232
112900120,327,217,110
112900121,42,53,-11
112900122,4,60,-56
112900123,150,32,118
112900124,4,36,-32
112900125,11,322,-311
112900126,128,107,21
112900127,416,119,297
112900128,104,348,-244
112900129,1,333,-332
112900130,260,90,170
112900131,29,510,-481
112900132,115,321,-206
112900133,22,707,-685
112900134,0,138,-138
112900135,117,49,68
112900137,31,271,-240
112900138,5,69,-64
112900139,95,450,-355
112900141,949,32,917
112900142,49,343,-294
112900143,7,201,-194
112900144,5,255,-250
112900145,17,296,-279
112900146,7,358,-351
112900147,2,563,-561
112900148,56,2,54
112900149,187,360,-173
112900151,11,36,-25
112900152,2417,368,2049
112900153,388,2905,-2517
112900154,1,37,-36
112900155,192,25,167
112900156,543,494,49
112900157,563,23,540
112900158,67,3,64
112900159,127,202,-75
112900160,35,152,-117
112900161,182,44,138
112900162,6,22,-16
112900163,51,48,3
112900164,72,243,-171
112900165,124,41,83
112900166,13,113,-100
112900167,5,81,-76
112900168,1,12,-11
112900169,10,30,-20
112900170,156,115,41
112900172,60,26,34
112900173,98,67,31
112900174,378,60,318
112900175,153,215,-62
112900176,9,41,-32
112900177,288,74,214
112900178,534,3464,-2930
112900179,35,235,-200
112900180,2019,1218,801
112900181,1010,2,1008
112900182,68,263,-195
112900183,102,212,-110
112900184,392,432,-40
112900185,76,614,-538
112900186,705,897,-192
112900187,71,551,-480
112900188,596,2558,-1962
112900189,9,6,3
112900190,9,32,-23
112900192,601,588,13
112900193,864,335,529
112900194,56,7,49
112900195,661,43,618
112900196,327,398,-71
112900197,86,282,-196
112900199,707,150,557
112900200,521,61,460
112900201,189,99,90
112900202,639,321,318
112900203,298,60,238
112900204,391,474,-83
112900205,21,27,-6
112900206,10,36,-26
112900207,23,1,22
112900208,76,475,-399
112900209,185,243,-58
112900210,0,14,-14
112900211,81,5,76
112900212,0,22,-22
112900213,60,1,59
112900214,20,15,5
112900215,10,49,-39
112900216,27,7,20
112900217,0,56,-56
112900218,79,2,77
112900219,146,16,130
112900220,0,0,0
112900221,60,68,-8
112900222,1,22,-21
112900223,1028,24,1004
112900224,496,154,342
112900225,503,127,376
112900226,117,275,-158
112900227,661,195,466
112900228,84,36,48
112900229,387,18,369
112900230,6437,2380,4057
112900232,292,276,16
112900233,75,74,1
112900234,16,9,7
112900235,20,8,12
112900236,456,11,445
112900237,484,54,430
112900238,1,3,-2
112900239,660,877,-217
112900240,7,18,-11
112900241,7,34,-27
112900242,4,57,-53
112900243,7,31,-24
112900244,5,43,-38
112900245,1,21,-20
112900246,0,5,-5
112900247,87,53,34
112900248,2,0,2
112900249,29,0,29
112900250,87,6,81
112900251,108,6,102
112900252,110,22,88
112900253,53,3,50
112900254,27,3,24
112900255,3,24,-21
112900256,7,21,-14
112900257,16,17,-1
112900258,78,14,64
113000001,5658,5526,132
113000002,5086,3579,1507
113000003,2074,1821,253
113000004,2130,2053,77
113000005,2093,1375,718
113000006,1097,1607,-510
113000007,2216,1445,771
113000008,1905,1849,56
113000009,1645,584,1061
113000010,1521,959,562
113000011,1202,817,385
113000012,1403,627,776
113000013,741,602,139
113000014,900,1501,-601
113000015,163,181,-18
113000016,321,570,-249
113000017,28,397,-369
113000018,304,50,254
113000019,77,238,-161
113000020,355,69,286
113000021,1324,995,329
113000022,890,2692,-1802
113000025,233,394,-161
113000026,494,751,-257
113000027,435,1433,-998
113000028,371,1699,-1328
113000029,908,930,-22
113000030,171,403,-232
113000031,114,235,-121
113000032,223,478,-255
113000033,212,260,-48
113000034,119,166,-47
113000035,17,32,-15
113000036,11,70,-59
113000037,48,19,29
113000038,14,31,-17
113000039,33,226,-193
113000040,42,113,-71
113000042,695,575,120
113000051,1633,2311,-678
113000052,2306,498,1808
113000053,712,428,284
113000054,673,687,-14
113000055,1912,395,1517
113000056,1692,1077,615
113000058,537,967,-430
113000059,824,396,428
113000060,407,582,-175
113000061,527,834,-307
113000062,395,391,4
113000063,395,61,334
113000064,61,129,-68
113000065,161,330,-169
113000066,955,105,850
113000067,2959,788,2171
113000068,518,432,86
113000069,662,420,242
113000070,2644,676,1968
113000071,571,370,201
113000072,1209,339,870
113000073,309,1404,-1095
113000074,810,340,470
113000075,1536,734,802
113000076,411,3626,-3215
113000077,717,1111,-394
113000078,465,1782,-1317
113000079,344,1187,-843
113000080,578,1057,-479
113000081,711,755,-44
113000082,945,692,253
113000083,675,772,-97
113000084,1909,860,1049
113000085,907,637,270
113000086,1002,1061,-59
113000087,936,1489,-553
113000088,1575,1300,275
113000089,768,1744,-976
113000090,153,733,-580
113000091,271,485,-214
113000094,1519,380,1139
113000095,190,1004,-814
113000096,228,933,-705
113000097,1096,476,620
113000098,126,60,66
113000099,1189,500,689
113000100,231,410,-179
113000101,163,744,-581
113000102,693,841,-148
113000103,2746,331,2415
113000104,673,3042,-2369
113000105,1055,474,581
113000106,460,288,172
113000107,1062,1006,56
113000108,826,765,61
113000109,585,1294,-709
113000110,6072,870,5202
113000111,327,627,-300
113000112,655,299,356
113000113,1431,406,1025
113000114,236,1262,-1026
113000116,519,304,215
113000117,1075,166,909
113000118,40,645,-605
113000119,417,376,41
113000120,28,362,-334
113000121,378,1258,-880
113000124,339,124,215
113000125,48,1120,-1072
113000127,1521,143,1378
113000128,1851,236,1615
113000129,311,730,-419
113000133,2934,556,2378
113000134,3,1369,-1366
113000135,4550,4616,-66
113000137,756,3250,-2494
113000139,297,196,101
113000140,47,80,-33
113000141,74,228,-154
113000142,182,596,-414
113000143,245,155,90
113000144,193,391,-198
113000145,117,129,-12
113000146,148,30,118
113000147,186,29,157
113000148,284,158,126
113000149,234,171,63
113000150,361,347,14
113000151,31,16,15
113000152,64,236,-172
113000153,943,269,674
113000154,435,1544,-1109
113000155,317,593,-276
113000156,217,248,-31
113000157,272,307,-35
113000158,421,214,207
113000159,937,440,497
113000160,572,315,257
113000161,493,167,326
113000162,813,189,624
113000163,218,47,171
113000164,26,30,-4
113000166,279,77,202
113000167,86,81,5
113000168,115,76,39
113000169,214,53,161
113000170,131,77,54
113000171,62,33,29
113000172,306,23,283
113000173,84,15,69
113000174,146,90,56
113000175,634,58,576
113000176,580,83,497
113000177,182,116,66
113000178,219,110,109
113000179,358,127,231
113000180,729,1415,-686
113000181,1297,612,685
113000182,100,340,-240
113000183,237,750,-513
113000184,51,93,-42
113000189,221,784,-563
113000190,172,204,-32
113000192,642,6772,-6130
113000193,1375,5030,-3655
113000194,826,5135,-4309
113000195,1150,3652,-2502
113000196,318,101,217
113000197,1346,2866,-1520
113000198,97,237,-140
113000199,1474,306,1168
113000201,405,646,-241
113000202,13175,1331,11844
113000203,118,1178,-1060
113000204,420,8286,-7866
113000205,9,9,0
113000206,5,39,-34
113000207,55,6,49
113000208,26,46,-20
113000209,9,6,3
113000210,2,21,-19
113000211,58,470,-412
113000212,78,60,18
113000213,12,152,-140
113000214,153,361,-208
113000234,271,629,-358
113000410,25,182,-157
113000411,1280,2794,-1514
113000412,4631,1478,3153
113000413,884,2714,-1830
113000414,3101,12196,-9095
113000415,1673,1276,397
113000416,2217,1943,274
113000417,1096,1406,-310
113000418,4525,4073,452
113000419,1315,2013,-698
113000420,2218,5383,-3165
113000421,4593,6698,-2105
113000422,8649,9341,-692
113000423,1137,5672,-4535
113000424,1699,10082,-8383
113000425,19,65,-46
113000428,10,19,-9
113000430,3,78,-75
113000432,2560,229,2331
113000433,112,441,-329
113000434,21,101,-80
113000435,30,171,-141
113000436,27,481,-454
113000437,1358,11,1347
113000438,332,9,323
113000439,33,35,-2
113000440,173,24,149
113000441,188,178,10
113000442,273,37,236
113000443,417,85,332
113000444,342,60,282
113000445,127,59,68
113000446,62,90,-28
113000448,1285,309,976
113000449,108,1041,-933
113000450,1162,2792,-1630
113000451,5328,360,4968
113000452,91,710,-619
113000453,43,1045,-1002
113000454,472,220,252
113000455,22,2705,-2683
113000456,1806,2036,-230
113000468,955,47,908
113000469,62,77,-15
113000470,706,32,674
113000471,9,306,-297
113000472,82,240,-158
113000474,1496,705,791
113000475,1220,1045,175
113000476,2736,2014,722
113000477,5046,1898,3148
113000478,2985,2526,459
113000479,252,76,176
113000484,0,0,0
113000485,0,0,0
113000486,0,0,0
113000487,0,0,0
113000488,0,0,0
113000489,0,0,0
113000490,0,0,0
113000491,0,0,0
113000492,0,0,0
113000493,0,0,0
113000495,516,131,385
113000496,258,118,140
113000499,0,0,0
113900001,10,3117,-3107
113900002,0,100,-100
113900003,3,237,-234
113900004,5,474,-469
113900005,9,833,-824
113900006,1,73,-72
113900007,29,0,29
113900008,17,16,1
113900009,109,2,107
113900010,72,3,69
113900011,113,0,113
113900012,107,3,104
113900013,91,5,86
113900014,717,3,714
113900015,11,19,-8
113900016,53,0,53
113900017,5,66,-61
113900018,146,215,-69
113900019,157,35,122
113900020,172,2,170
113900022,42,1,41
113900023,35,0,35
113900024,79,61,18
113900025,166,6,160
113900026,72,0,72
113900027,15,86,-71
113900028,39,134,-95
113900029,105,108,-3
113900030,370,2,368
113900031,53,1,52
113900032,37,1,36
113900033,66,31,35
113900035,35,0,35
113900036,32,79,-47
113900037,218,193,25
113900038,36,147,-111
113900039,279,11,268
113900040,7,40,-33
113900041,27,7,20
113900042,110,30,80
113900043,157,41,116
113900044,135,263,-128
113900045,110,0,110
113900046,265,1076,-811
113900047,72,93,-21
113900048,146,81,65
113900049,196,343,-147
113900050,226,339,-113
113900051,250,168,82
113900052,85,86,-1
113900053,554,605,-51
113900054,41,0,41
113900055,116,355,-239
113900056,73,100,-27
113900057,3,18,-15
113900058,84,34,50
113900059,276,177,99
113900060,91,330,-239
113900061,346,93,253
113900062,135,4,131
113900063,111,77,34
113900064,15,48,-33
113900065,466,19,447
113900066,598,153,445
113900067,274,84,190
113900068,446,710,-264
113900069,10,29,-19
113900070,74,188,-114
113900071,104,26,78
113900072,64,38,26
113900073,333,290,43
113900074,214,265,-51
113900075,887,2003,-1116
113900076,147,28,119
113900077,81,77,4
113900078,33,15,18
113900079,1,42,-41
113900080,446,131,315
113900081,61,86,-25
113900082,136,126,10
113900083,438,140,298
113900084,179,124,55
113900085,54,175,-121
113900086,69,5,64
113900087,77,63,14
113900088,103,125,-22
113900089,373,34,339
113900090,449,221,228
113900091,10,6,4
113900092,14,106,-92
113900093,72,978,-906
113900094,559,211,348
113900095,186,205,-19
113900096,202,73,129
113900097,12,51,-39
113900098,911,115,796
113900099,2,16,-14
113900100,0,0,0
113900101,5,79,-74
113900102,58,141,-83
113900103,186,406,-220
113900104,97,327,-230
113900105,270,49,221
113900106,0,28,-28
113900107,1,2,-1
113900108,94,246,-152
113900109,275,255,20
113900110,27,10,17
113900111,234,75,159
113900112,301,171,130
113900113,933,359,574
113900114,0,7,-7
113900115,1,40,-39
113900116,40,157,-117
113900117,31,48,-17
113900118,144,529,-385
113900119,79,345,-266
113900120,77,32,45
113900121,43,34,9
113900122,383,3559,-3176
113900123,410,166,244
113900124,2,97,-95
113900125,783,108,675
113900126,86,58,28
113900127,317,673,-356
113900128,233,29,204
113900129,9,138,-129
113900130,1,124,-123
113900131,234,34,200
113900132,15,35,-20
113900133,15,27,-12
113900135,328,326,2
113900136,103,56,47
113900137,280,356,-76
113900138,18,134,-116
113900139,195,205,-10
113900140,19,228,-209
113900141,677,193,484
113900142,128,67,61
113900143,7,36,-29
113900144,61,350,-289
113900145,311,131,180
113900146,175,49,126
113900148,62,262,-200
113900149,135,80,55
113900150,220,176,44
113900151,321,112,209
113900152,23,56,-33
113900153,62,334,-272
113900154,7,84,-77
113900155,84,153,-69
113900156,207,255,-48
113900157,38,304,-266
113900158,72,367,-295
113900159,4,200,-196
113900160,475,323,152
113900161,68,285,-217
113900162,99,606,-507
113900163,194,150,44
113900164,483,47,436
113900165,598,267,331
113900166,42,70,-28
113900167,367,18,349
113900168,49,45,4
113900169,161,244,-83
113900171,190,81,109
113900172,4,43,-39
113900173,24,232,-208
113900174,389,450,-61
113900175,242,185,57
113900176,248,181,67
113900177,345,124,221
113900178,315,176,139
113900179,27,195,-168
113900180,111,89,22
113900181,886,134,752
113900182,450,387,63
113900183,44,36,8
113900184,14,168,-154
113900185,114,49,65
113900186,23,14,9
113900187,7,84,-77
113900188,17,57,-40
113900189,253,243,10
113900190,143,60,83
113900191,43,75,-32
113900192,1450,2142,-692
113900193,7,72,-65
113900194,1048,383,665
113900195,219,317,-98
113900196,3,108,-105
113900197,1,69,-68
113900198,9,743,-734
113900199,36,311,-275
113900200,4,125,-121
113900201,0,45,-45
113900202,22,95,-73
113900203,19,26,-7
113900204,11,186,-175
113900205,4,55,-51
113900206,2,61,-59
113900207,0,27,-27
113900208,0,26,-26
113900209,0,25,-25
113900210,470,404,66
113900211,162,96,66
113900212,264,236,28
113900214,207,541,-334
113900215,44,67,-23
113900216,142,377,-235
113900217,156,81,75
113900218,92,88,4
113900219,99,784,-685
113900220,66,151,-85
113900221,244,289,-45
113900222,800,724,76
113900223,226,232,-6
113900224,52,78,-26
113900225,464,60,404
113900226,314,80,234
113900227,315,180,135
113900228,222,534,-312
113900229,38,885,-847
113900230,1338,2450,-1112
113900231,112,55,57
113900232,138,26,112
113900233,96,46,50
113900234,388,380,8
113900235,90,21,69
113900236,303,122,181
113900237,251,14,237
113900238,196,610,-414
113900239,28,205,-177
113900240,4,192,-188
113900241,58,52,6
113900242,49,297,-248
113900243,42,222,-180
113900244,118,121,-3
113900245,445,290,155
113900246,15,24,-9
113900247,91,642,-551
113900248,1979,1539,440
113900249,356,409,-53
113900250,27,228,-201
113900251,1114,82,1032
113900252,1078,20,1058
113900253,677,28,649
113900254,608,176,432
113900255,821,9,812
113900256,430,22,408
113900257,16,298,-282
113900258,17,257,-240
113900259,732,99,633
113900260,261,2,259
113900261,42,56,-14
113900262,196,255,-59
113900263,19,259,-240
113900264,1,169,-168
113900265,135,246,-111
113900266,27,129,-102
113900267,52,864,-812
113900268,210,311,-101
113900269,127,109,18
113900270,134,386,-252
113900271,453,399,54
113900273,7,10,-3
113900274,58,32,26
113900275,23,165,-142
113900276,0,108,-108
113900277,124,2,122
113900278,177,118,59
113900279,48,73,-25
113900280,1020,579,441
113900281,176,892,-716
113900282,333,369,-36
113900283,349,551,-202
113900284,854,79,775
113900285,89,32,57
113900286,21,38,-17
113900287,81,16,65
113900288,1,190,-189
113900289,313,146,167
113900290,288,320,-32
113900291,85,71,14
113900292,2,7,-5
113900293,1,133,-132
113900294,678,13,665
113900295,417,366,51
113900296,910,129,781
113900297,2255,35,2220
113900298,18,995,-977
113900299,135,16,119
113900300,2586,2446,140
113900301,584,517,67
113900302,978,870,108
113900303,104,541,-437
113900304,0,87,-87
113900305,144,0,144
113900306,103,0,103
113900307,5,0,5
113900308,57,43,14
113900309,1,293,-292
113900310,1,4,-3
113900311,18,2,16
113900312,127,189,-62
113900313,5,4,1
113900314,1,14,-13
113900315,146,6,140
114000001,710,1807,-1097
114000002,383,215,168
114000003,338,372,-34
114000004,531,185,346
114000005,354,120,234
114000006,1004,1436,-432
114000007,533,1019,-486
114000008,1301,1980,-679
114000009,1051,227,824
114000011,2998,1632,1366
114000012,3953,1126,2827
114000013,2341,884,1457
114000014,528,231,297
114000015,1934,130,1804
114000016,242,91,151
114000017,95,724,-629
114000018,70,8,62
114000026,2834,814,2020
114000027,4658,1909,2749
114000028,2043,3514,-1471
114000038,338,76,262
114000039,170,80,90
114000040,193,241,-48
114000042,158,122,36
114000043,239,149,90
114000044,472,71,401
114000045,20,34,-14
114000046,1715,3535,-1820
114000047,24,99,-75
114000048,141,75,66
114000049,1537,1348,189
114000050,1532,1674,-142
114000051,2726,2095,631
114000052,3534,2306,1228
114000053,69,769,-700
114000054,99,628,-529
114000055,281,33,248
114000056,119,1154,-1035
114000057,2993,1741,1252
114000058,72,964,-892
114000059,25,563,-538
114000060,466,757,-291
114000061,2348,3386,-1038
114000062,355,1713,-1358
114000063,1052,1153,-101
114000064,1532,3748,-2216
114000065,776,1980,-1204
114000066,563,710,-147
114000067,9,857,-848
114000068,492,706,-214
114000069,848,564,284
114000070,1764,1737,27
114000071,788,500,288
114000072,559,115,444
114000073,14,16,-2
114000074,103,14,89
114000075,47,10,37
114000076,13,18,-5
114000077,9,12,-3
114000078,334,325,9
114000079,245,17,228
114000080,61,49,12
114000081,119,52,67
114000082,48,269,-221
114000083,51,67,-16
114000084,206,99,107
114000085,67,197,-130
114000086,280,112,168
114000087,165,46,119
114000088,43,14,29
114000089,404,169,235
114000090,861,1151,-290
114000091,864,791,73
114000092,619,313,306
114000093,1096,544,552
114000094,577,468,109
114000095,264,204,60
114000096,64,200,-136
114000097,115,208,-93
114000098,639,133,506
114000099,930,135,795
114000100,1936,350,1586
114000101,554,278,276
114000102,699,343,356
114000103,124,153,-29
114000104,35,132,-97
114000105,196,131,65
114000106,569,1750,-1181
114000107,564,104,460
114000108,744,661,83
114000109,945,2901,-1956
114000110,440,570,-130
114000111,2263,1224,1039
114000112,328,968,-640
114000113,2367,496,1871
114000114,466,680,-214
114000115,2869,912,1957
114000116,1042,3689,-2647
114000117,4625,652,3973
114000118,3676,397,3279
114000119,2885,511,2374
114000120,576,583,-7
114000121,606,697,-91
114000122,471,365,106
114000123,2379,417,1962
114000124,1142,413,729
114000125,1094,873,221
114000126,2138,259,1879
114000127,277,82,195
114000128,940,183,757
114000130,482,488,-6
114000131,296,113,183
114000132,538,355,183
114000133,361,938,-577
114000134,50,46,4
114000138,41,133,-92
114000139,391,437,-46
114000144,592,761,-169
114000145,43,71,-28
114000146,83,62,21
114000147,1270,2672,-1402
114000148,844,1853,-1009
114000149,253,405,-152
114000150,511,1180,-669
114000151,1025,3615,-2590
114000152,55,41,14
114000153,664,2153,-1489
114000154,610,655,-45
114000155,916,2924,-2008
114000156,810,777,33
114000157,284,1544,-1260
114000158,1047,529,518
114000159,141,364,-223
114000160,84,624,-540
114000161,842,3018,-2176
114000162,1210,2892,-1682
114000163,20,33,-13
114000165,433,448,-15
114000166,592,480,112
114000167,2050,1196,854
114000168,347,289,58
114000169,982,1415,-433
114000170,1030,1404,-374
114000171,1423,9582,-8159
114000174,137,258,-121
114000176,252,438,-186
114000177,641,317,324
114000178,65,75,-10
114000179,920,924,-4
114000180,195,259,-64
114000181,1358,5363,-4005
114000182,826,2320,-1494
114000183,506,700,-194
114000184,1785,531,1254
114000185,1295,599,696
114000189,1375,132,1243
114000190,3783,491,3292
114000191,112,230,-118
114000192,97,569,-472
114000193,224,790,-566
114000194,1579,707,872
114000195,279,106,173
114000196,4,65,-61
114000197,2309,33,2276
114000198,623,237,386
114000199,1294,1422,-128
114000200,574,753,-179
114000201,123,534,-411
114000202,997,336,661
114000203,762,496,266
114000204,98,369,-271
114000205,169,857,-688
114000206,659,1039,-380
114000207,332,662,-330
114000208,455,980,-525
114000209,265,1092,-827
114000210,141,608,-467
114000211,1489,904,585
114000212,832,908,-76
114000213,1930,468,1462
114000214,62,47,15
114000215,184,45,139
114000216,1815,315,1500
114000217,555,136,419
114000218,298,85,213
114000219,1691,116,1575
114000220,48,371,-323
114000221,1177,136,1041
114000222,113,381,-268
114000223,757,151,606
114000224,49,330,-281
114000225,323,224,99
114000226,212,182,30
114000227,1195,504,691
114000228,896,352,544
114000229,1355,964,391
114000230,1702,709,993
114000231,1140,1305,-165
114000232,1173,153,1020
114000233,2576,83,2493
114000234,1275,466,809
114000235,1341,1026,315
114000236,1,250,-249
114000237,156,517,-361
114000238,101,295,-194
114000239,109,691,-582
114000240,864,1179,-315
114000241,340,404,-64
114000242,666,433,233
114000243,2014,726,1288
114000244,516,257,259
114000245,537,693,-156
114000246,115,50,65
114000247,550,478,72
114000248,1553,553,1000
114000249,598,385,213
114000250,700,265,435
114000251,335,157,178
114000252,43,17,26
114000253,55,48,7
114000254,82,29,53
114000255,514,153,361
114000256,411,2059,-1648
114000257,522,704,-182
114000258,305,141,164
114000259,129,188,-59
114000260,1,33,-32
114000261,35,23,12
114000262,217,82,135
114000263,12,3,9
114000264,1270,216,1054
114000265,0,0,0
114000267,2,1855,-1853
114000268,5,426,-421
114000270,194,31,163
114000271,344,58,286
114000283,1367,296,1071
114000285,16,104,-88
114000288,172,224,-52
114000289,2142,157,1985
114000293,227,553,-326
114000294,210,262,-52
114000395,1359,38,1321
114000396,552,714,-162
114000402,976,186,790
114000403,368,213,155
114000405,252,211,41
114000423,461,109,352
114000424,440,111,329
114000425,1119,120,999
114000426,274,884,-610
114000427,100,53,47
114000428,102,143,-41
114000429,6,101,-95
114000432,156,30,126
114000434,19,53,-34
114000435,0,63,-63
114900001,711,258,453
114900002,539,135,404
114900003,937,300,637
114900004,171,390,-219
114900005,669,273,396
114900006,58,50,8
114900007,256,12,244
114900008,307,127,180
114900010,1008,1578,-570
114900011,184,119,65
114900013,270,99,171
114900018,804,27,777
114900020,117,70,47
114900022,15,436,-421
114900025,388,135,253
114900026,86,91,-5
114900029,196,17,179
114900030,272,188,84
114900031,624,26,598
114900032,458,19,439
114900034,39,36,3
114900035,82,241,-159
114900036,147,253,-106
114900039,531,205,326
114900040,87,51,36
114900041,1195,167,1028
114900042,1503,166,1337
114900044,222,50,172
114900047,232,3631,-3399
114900048,37,143,-106
114900049,37,59,-22
114900050,61,108,-47
114900051,31,142,-111
114900052,61,188,-127
114900053,80,169,-89
114900054,26,19,7
114900057,185,15,170
114900058,0,27,-27
114900059,102,70,32
114900063,106,59,47
114900064,2423,107,2316
114900065,549,772,-223
114900067,38,278,-240
114900068,22,86,-64
114900069,173,35,138
114900070,575,158,417
114900072,1,154,-153
114900073,2,51,-49
114900074,1008,108,900
114900075,285,11,274
114900076,2,108,-106
114900080,734,162,572
114900082,1724,2871,-1147
114900083,395,716,-321
114900090,446,204,242
114900091,88,111,-23
114900097,179,3,176
114900098,4,90,-86
114900099,273,3,270
115000001,3942,1905,2037
115000002,4473,6002,-1529
115000003,3841,1563,2278
115000004,5706,6457,-751
115000005,1941,1885,56
115000006,1375,1498,-123
115000007,584,261,323
115000008,527,516,11
115000009,514,244,270
115000010,271,154,117
115000013,60,197,-137
115000015,14,430,-416
115000016,46,309,-263
115000019,29,425,-396
115000020,225,908,-683
115000021,243,370,-127
115000022,458,167,291
115000023,317,469,-152
115000024,649,236,413
115000025,919,537,382
115000026,177,231,-54
115000027,304,152,152
115000028,154,499,-345
115000029,877,82,795
115000030,466,708,-242
115000031,742,162,580
115000032,6,235,-229
115000033,241,36,205
115000034,62,706,-644
115000035,906,83,823
115000036,2,310,-308
115000037,569,13,556
115000038,98,186,-88
115000039,3105,3814,-709
115000040,2637,2220,417
115000041,2167,4680,-2513
115000042,386,480,-94
115000043,4482,3388,1094
115000044,3136,2778,358
115000045,2677,1064,1613
115000046,3163,3029,134
115000047,3229,1485,1744
115000048,2145,1502,643
115000049,1096,2352,-1256
115000050,3406,1382,2024
115000051,1651,4606,-2955
115000052,950,1258,-308
115000053,2623,2346,277
115000054,484,606,-122
115000055,155,878,-723
115000056,113,469,-356
115000057,589,1494,-905
115000058,190,408,-218
115000059,357,290,67
115000061,141,254,-113
115000062,235,406,-171
115000063,352,400,-48
115000064,229,137,92
115000065,98,482,-384
115000067,271,52,219
115000069,108,234,-126
115000070,33,1017,-984
115000071,65,9,56
115000072,20,63,-43
115000073,1275,70,1205
115000075,96,46,50
115000076,2226,1698,528
115000077,2365,1029,1336
115000078,1718,631,1087
115000079,1721,1013,708
115000080,3629,1224,2405
115000081,268,471,-203
115000082,5141,4216,925
115000083,1976,760,1216
115000084,3158,998,2160
115000085,1135,543,592
115000086,1347,490,857
115000087,411,1184,-773
115000088,1698,541,1157
115000089,1374,842,532
115000090,446,860,-414
115000091,230,428,-198
115000092,927,742,185
115000093,735,5,730
115000094,4371,7355,-2984
115000095,3279,7009,-3730
115000096,1162,615,547
115000097,2041,1087,954
115000098,1694,476,1218
115000099,3087,1202,1885
115000100,1491,336,1155
115000101,551,712,-161
115000102,624,253,371
115000103,332,424,-92
115000105,60,60,0
115000106,853,388,465
115000107,195,252,-57
115000108,1656,1808,-152
115000109,3192,4932,-1740
115000110,1334,1880,-546
115000111,397,937,-540
115000112,577,713,-136
115000113,466,596,-130
115000114,1176,430,746
115000116,2119,1583,536
115000117,1588,1803,-215
115000118,1779,1602,177
115000119,1388,1579,-191
115000120,565,1238,-673
115000121,588,556,32
115000122,580,1173,-593
115000123,826,1709,-883
115000124,495,972,-477
115000125,420,1200,-780
115000126,110,465,-355
115000127,317,171,146
115000128,319,1054,-735
115000129,185,536,-351
115000130,397,445,-48
115000131,815,224,591
115000132,364,327,37
115000133,768,134,634
115000134,290,418,-128
115000135,168,188,-20
115000136,259,201,58
115000137,94,176,-82
115000138,424,211,213
115000139,254,164,90
115000140,422,145,277
115000141,308,132,176
115000142,239,96,143
115000143,974,584,390
115000144,447,206,241
115000145,305,131,174
115000146,541,394,147
115000147,580,394,186
115000148,337,448,-111
115000149,916,242,674
115000150,607,351,256
115000151,1326,401,925
115000152,692,795,-103
115000153,1460,407,1053
115000154,1002,234,768
115000155,665,938,-273
115000156,749,836,-87
115000157,325,1262,-937
115000158,116,415,-299
115000159,407,521,-114
115000160,316,307,9
115000161,153,421,-268
115000162,441,809,-368
115000163,502,648,-146
115000164,535,812,-277
115000165,174,677,-503
115000167,83,88,-5
115000168,422,526,-104
115000169,265,912,-647
115000170,69,195,-126
115000171,246,521,-275
115000172,613,669,-56
115000173,252,728,-476
115000174,42,379,-337
115000175,234,108,126
115000176,38,78,-40
115000177,49,93,-44
115000178,17,151,-134
115000179,18,41,-23
115000180,71,299,-228
115000181,819,182,637
115000182,1238,173,1065
115000183,445,404,41
115000186,585,141,444
115000187,158,407,-249
115000188,424,481,-57
115000189,233,349,-116
115000190,660,359,301
115000191,279,464,-185
115000194,58,117,-59
115000195,125,442,-317
115000196,218,94,124
115000197,187,167,20
115000198,580,86,494
115000199,417,144,273
115000200,485,117,368
115000201,279,160,119
115000206,358,27,331
115000207,182,154,28
115000208,286,550,-264
115000209,693,324,369
115000210,120,73,47
115000211,184,165,19
115000212,1149,244,905
115000224,225,63,162
115000225,99,52,47
115000229,229,63,166
115000230,120,622,-502
115000231,272,708,-436
115000232,2604,293,2311
115000233,159,155,4
115000234,36,337,-301
115000241,92,159,-67
115000242,174,103,71
115000243,80,83,-3
115000244,8,168,-160
115000246,64,80,-16
115000247,11,3,8
115000248,14,2,12
115000249,2,2,0
115000250,288,110,178
115000251,574,293,281
115000252,438,322,116
115000253,29,315,-286
115000258,431,254,177
115000259,269,67,202
115000261,7,2,5
115000262,26,36,-10
115000263,15,48,-33
115000264,65,86,-21
115000267,89,72,17
115000268,55,106,-51
115000269,139,51,88
115000270,3,11,-8
115000272,52,56,-4
115000273,562,26,536
115000280,1629,175,1454
115000281,201,741,-540
115000282,671,605,66
115000284,122,202,-80
115000296,681,9,672
115000297,109,132,-23
115000298,36,447,-411
115000300,181,154,27
115000302,676,69,607
115000303,1209,104,1105
115000304,777,79,698
115000305,77,303,-226
115000306,235,117,118
115000307,141,151,-10
115000308,25,28,-3
115000310,1714,421,1293
115000311,1572,997,575
115000313,128,276,-148
115000314,586,258,328
115000315,935,1108,-173
115000316,206,93,113
115000317,136,287,-151
115000318,674,235,439
115000319,90,224,-134
115000320,11,477,-466
115000321,224,6,218
115000322,62,131,-69
115000449,166,192,-26
115000557,2,1679,-1677
115000558,283,112,171
115000587,757,358,399
115000588,2207,2407,-200
115000589,4033,2724,1309
115000590,979,1662,-683
115000591,1375,846,529
115000592,433,1983,-1550
115000593,1462,924,538
115000594,294,2880,-2586
115000609,313,176,137
115000617,464,2408,-1944
115000624,303,21,282
115000633,262,1151,-889
115000634,3211,750,2461
115000635,700,183,517
115000638,277,360,-83
115000641,34,328,-294
115000642,198,236,-38
115000643,144,361,-217
115000644,325,280,45
115000646,599,1450,-851
115000647,121,448,-327
115000648,2584,843,1741
115000893,1750,1351,399
115000894,131,645,-514
115000895,231,1591,-1360
115000896,1302,720,582
115000897,536,137,399
115000898,341,332,9
115000899,321,1448,-1127
115000900,40,750,-710
115000901,60,230,-170
115000912,533,100,433
115000913,2,23,-21
115000915,13,0,13
115000916,25,12,13
115000917,0,10,-10
115000918,25,585,-560
115000919,1,24,-23
115000920,9,69,-60
115000921,283,128,155
115000922,422,1619,-1197
115000923,119,2797,-2678
115000925,172,138,34
115000927,109,119,-10
115000933,101,919,-818
115000934,119,128,-9
115000935,164,42,122
115000936,45,848,-803
115000937,1709,417,1292
115000938,60,497,-437
115000939,37,220,-183
115000940,4,21,-17
115000941,3,61,-58
115000942,23,190,-167
115000943,8,135,-127
115000944,18,7,11
115900001,210,9,201
115900002,66,72,-6
115900003,186,32,154
115900004,0,12,-12
115900005,210,4,206
115900006,94,98,-4
115900008,139,0,139
115900009,65,228,-163
115900010,479,56,423
115900011,307,276,31
115900012,299,18,281
115900013,190,101,89
115900014,147,139,8
115900015,270,13,257
115900016,80,30,50
115900017,21,4,17
115900018,182,21,161
115900019,28,10,18
115900020,70,3,67
115900021,736,285,451
115900022,718,2,716
115900023,11,3,8
115900025,43,153,-110
115900026,678,88,590
115900027,0,86,-86
115900028,253,27,226
115900029,15,211,-196
115900030,20,26,-6
115900031,87,236,-149
115900032,259,566,-307
115900033,0,56,-56
115900034,35,109,-74
115900035,44,59,-15
115900036,40,2390,-2350
115900037,27,115,-88
115900038,54,42,12
115900039,196,82,114
115900041,82,809,-727
115900042,89,12,77
115900043,158,35,123
115900044,146,271,-125
115900046,641,126,515
115900047,131,180,-49
115900049,137,147,-10
115900051,19,16,3
115900052,13,93,-80
115900053,305,73,232
115900054,360,33,327
115900055,41,65,-24
115900056,164,103,61
115900057,22,21,1
115900058,8,28,-20
115900060,49,136,-87
115900061,249,1,248
115900062,43,124,-81
115900063,25,1,24
115900064,174,273,-99
115900065,152,55,97
115900066,71,40,31
115900067,9,128,-119
115900068,1037,1373,-336
115900069,96,158,-62
115900070,197,55,142
115900071,0,88,-88
115900072,19,71,-52
115900073,182,119,63
115900074,4,131,-127
115900075,21,178,-157
115900076,18,28,-10
115900077,1,69,-68
115900078,38,236,-198
115900079,392,9,383
115900080,117,59,58
115900081,28,19,9
115900082,98,189,-91
115900084,625,12,613
115900085,58,107,-49
115900086,845,296,549
115900088,1,88,-87
115900089,453,310,143
115900090,678,1,677
115900091,6,26,-20
115900092,36,37,-1
115900093,4,14,-10
115900094,5,54,-49
115900096,15,7,8
115900097,2,86,-84
115900098,302,156,146
115900099,65,43,22
115900100,18,130,-112
115900101,306,111,195
115900102,110,69,41
115900103,351,84,267
115900104,102,62,40
115900105,254,208,46
115900106,115,5,110
115900107,88,44,44
115900108,178,22,156
115900109,17,148,-131
115900110,5,2,3
115900111,0,30,-30
115900112,29,382,-353
115900113,56,25,31
115900114,3,68,-65
115900115,72,127,-55
115900116,58,358,-300
115900117,86,13,73
115900118,1,50,-49
115900119,99,88,11
115900120,32,147,-115
115900121,268,94,174
115900124,254,788,-534
115900125,464,62,402
115900126,895,28,867
115900127,856,32,824
115900128,4,112,-108
115900129,559,46,513
115900130,4,387,-383
115900131,324,23,301
115900132,779,8,771
115900134,283,16,267
115900135,512,921,-409
115900137,18,2,16
115900139,19,166,-147
115900140,584,25,559
115900141,1,61,-60
115900142,10,64,-54
115900143,299,367,-68
115900144,203,153,50
115900146,18,34,-16
115900147,216,246,-30
115900148,135,2,133
115900149,271,19,252
115900150,115,16,99
115900151,16,111,-95
115900152,256,191,65
115900153,203,129,74
115900154,306,387,-81
115900155,0,21,-21
115900156,887,928,-41
115900157,251,445,-194
115900158,7,1,6
115900159,179,149,30
115900160,1,9,-8
115900161,24,107,-83
115900163,213,92,121
115900164,686,11,675
115900166,89,105,-16
115900168,137,60,77
115900171,69,408,-339
115900172,70,124,-54
115900173,191,61,130
115900174,269,419,-150
115900175,162,107,55
115900178,1,216,-215
115900179,374,3,371
115900180,58,38,20
115900181,266,92,174
115900182,581,77,504
115900183,22,131,-109
115900184,444,5,439
115900187,16,232,-216
115900189,0,183,-183
115900190,84,1014,-930
115900191,24,136,-112
115900192,14,97,-83
115900193,129,75,54
115900194,920,71,849
115900195,349,2603,-2254
115900198,305,170,135
115900199,310,94,216
115900200,287,118,169
115900201,275,319,-44
115900202,4,37,-33
115900203,8,22,-14
115900204,0,2,-2
115900205,22,17,5
115900206,349,63,286
115900207,68,3,65
115900208,122,51,71
115900209,4,84,-80
115900210,4,91,-87
115900211,1,67,-66
115900212,156,102,54
115900213,139,99,40
115900214,602,88,514
115900215,15,311,-296
115900216,4,32,-28
115900217,8,11,-3
115900218,0,6,-6
115900219,155,4,151
115900220,270,5,265
115900221,201,7,194
115900222,90,48,42
115900223,3,670,-667
115900224,435,1868,-1433
115900225,22,38,-16
115900226,17,40,-23
115900227,14,74,-60
115900228,6,30,-24
115900229,2,25,-23
115900230,21,52,-31
115900231,154,0,154
115900232,91,0,91
115900233,112,1,111
115900234,63,36,27
115900235,25,59,-34
115900236,14,32,-18
115900237,25,20,5
115900238,32,2,30
115900239,13,8,5
115900240,11,6,5
115900241,223,33,190
115900242,285,550,-265
115900243,23,3,20
115900244,23,5,18
115900245,95,3,92
115900246,22,13,9
115900247,5,6,-1
115900248,8,1,7
115900249,35,13,22
115900250,18,17,1
115900251,8,3,5
115900252,4,1,3
115900253,9,8,1
115900254,6,34,-28
115900255,1,36,-35
115900256,19,106,-87
115900257,5,8,-3
115900258,0,1,-1
115900259,19,0,19
115900260,3,1,2
115900261,6,0,6
115900262,1,0,1
115900263,11,0,11
115900264,3,2,1
115900265,3,8,-5
115900266,5,8,-3
115900267,2,11,-9
115900268,1,16,-15
115900269,744,140,604
115900270,360,82,278
115900271,160,2,158
115900272,91,15,76
115900273,21,24,-3
115900274,1,2,-1
115900275,0,6,-6
115900276,0,11,-11
115900277,1,43,-42
115900278,66,86,-20
115900279,16,214,-198
115900280,13,659,-646
115900281,201,429,-228
115900282,39,61,-22
115900283,27,7,20
115900284,19,9,10
116000001,6518,2096,4422
116000002,5086,14935,-9849
116000003,1172,1577,-405
116000004,3886,5642,-1756
116000005,1168,3384,-2216
116000006,2800,4779,-1979
116000007,1392,2299,-907
116000008,5450,3484,1966
116000009,888,1137,-249
116000010,3206,1789,1417
116000011,688,882,-194
116000012,2309,1264,1045
116000013,3705,4804,-1099
116000014,9778,23029,-13251
116000015,127,1580,-1453
116000016,3808,4915,-1107
116000017,36,590,-554
116000018,427,326,101
116000019,1243,271,972
116000020,625,1056,-431
116000021,748,205,543
116000022,449,384,65
116000023,1886,992,894
116000024,542,679,-137
116000025,931,705,226
116000026,1385,3170,-1785
116000027,398,745,-347
116000028,466,1204,-738
116000029,416,502,-86
116000030,567,518,49
116000031,57,136,-79
116000032,272,111,161
116000033,646,404,242
116000034,858,660,198
116000035,451,341,110
116000036,473,3878,-3405
116000037,301,535,-234
116000038,162,1326,-1164
116000039,319,1728,-1409
116000040,649,1636,-987
116000041,104,1010,-906
116000042,1151,909,242
116000043,112,477,-365
116000044,7,41,-34
116000045,1560,1255,305
116000046,868,1951,-1083
116000047,1557,2647,-1090
116000048,2683,1242,1441
116000049,1747,2955,-1208
116000050,1506,1078,428
116000051,4309,3216,1093
116000052,4117,4049,68
116000053,2501,609,1892
116000054,1130,2443,-1313
116000055,988,883,105
116000056,1616,958,658
116000057,2564,1231,1333
116000058,3854,3036,818
116000059,2313,4342,-2029
116000060,2619,1228,1391
116000061,653,1604,-951
116000062,531,299,232
116000063,672,2211,-1539
116000066,344,659,-315
116000067,260,388,-128
116000068,183,356,-173
116000069,279,186,93
116000078,664,844,-180
116000080,1986,510,1476
116000082,30,11,19
116000083,2069,493,1576
116000084,1089,1998,-909
116000085,2009,1934,75
116000086,866,706,160
116000087,3168,1921,1247
116000088,932,618,314
116000089,182,90,92
116000090,140,159,-19
116000091,258,525,-267
116000093,673,388,285
116000094,823,320,503
116000095,1013,493,520
116000096,1325,1803,-478
116000097,1362,596,766
116000098,69,8878,-8809
116000099,4191,349,3842
116000100,467,13,454
116000101,1398,391,1007
116000102,321,628,-307
116000103,540,343,197
116000104,232,644,-412
116000105,1513,114,1399
116000106,468,824,-356
116000107,2964,193,2771
116000108,56,444,-388
116000111,176,30,146
116000113,159,60,99
116000114,23,119,-96
116000115,335,68,267
116000116,224,184,40
116000117,1400,1124,276
116000118,1573,726,847
116000119,3660,1340,2320
116000120,2696,2256,440
116000121,981,540,441
116000122,712,687,25
116000123,1332,409,923
116000124,436,386,50
116000125,3495,627,2868
116000126,422,545,-123
116000127,729,551,178
116000128,2371,772,1599
116000129,1594,182,1412
116000130,995,587,408
116000133,1606,792,814
116000134,1603,817,786
116000135,3218,1191,2027
116000136,784,1129,-345
116000137,1376,721,655
116000138,1442,859,583
116000139,2016,4087,-2071
116000140,133,268,-135
116000141,511,302,209
116000142,2991,1856,1135
116000143,2338,1568,770
116000144,1675,1511,164
116000145,2743,802,1941
116000146,1103,93,1010
116000147,301,255,46
116000148,970,1419,-449
116000149,838,835,3
116000151,681,573,108
116000153,116,298,-182
116000155,170,321,-151
116000156,649,615,34
116000157,96,16,80
116000158,496,176,320
116000159,31,19,12
116000160,29,37,-8
116000161,2,54,-52
116000162,61,185,-124
116000163,50,11,39
116000164,4,37,-33
116000177,77,399,-322
116000194,81,248,-167
116000195,1319,514,805
116000196,37,9,28
116000197,28,15,13
116000198,2177,968,1209
116000200,724,673,51
116000201,678,463,215
116000202,11,129,-118
116000203,2,37,-35
116000204,2,40,-38
116000205,1,82,-81
116000206,1,144,-143
116000207,4,69,-65
116000233,173,299,-126
116000287,270,169,101
116000288,397,158,239
116000292,85,89,-4
116000296,8,136,-128
116000297,219,24,195
116000304,160,25,135
116000305,27,53,-26
116000346,167,93,74
116000352,97,68,29
116000354,24,11,13
116000357,9,13,-4
116000358,351,93,258
116000361,184,2,182
116000372,3634,8218,-4584
116000381,171,6,165
116000388,3,27,-24
116000389,776,263,513
116000445,745,212,533
116000446,771,212,559
116000447,52,525,-473
116000448,437,107,330
116000563,602,689,-87
116000565,39,349,-310
116000568,60,336,-276
116000579,24,65,-41
116000583,118,47,71
116000584,24,9,15
116000585,46,38,8
116000586,56,84,-28
116000587,415,396,19
116000589,43,68,-25
116000590,77,48,29
116000591,306,190,116
116000592,5,26,-21
116000593,3,5,-2
116000594,1120,124,996
116000595,853,47,806
116000596,175,6,169
116000597,703,212,491
116000598,33,131,-98
116000605,167,96,71
116000606,25,295,-270
116000607,1,112,-111
116000609,84,1179,-1095
116000611,221,158,63
116000612,1678,2078,-400
116000613,836,308,528
116000614,426,196,230
116000615,2,683,-681
116000616,125,49,76
116000617,123,20,103
116000618,9,40,-31
116000619,44,78,-34
116000620,231,266,-35
116000621,116,60,56
116000622,113,94,19
116000624,111,93,18
116000627,211,22,189
116000628,47,120,-73
116000629,80,105,-25
116000630,588,10,578
116000631,299,20,279
116000632,1023,36,987
116000633,285,99,186
116000634,463,43,420
116000635,2087,3890,-1803
116000636,509,2421,-1912
116000637,750,25,725
116000638,148,137,11
116000639,116,10,106
116000640,42,22,20
116000641,10,33,-23
116000643,0,41,-41
116000644,44,70,-26
116000645,40,5,35
116900001,385,117,268
116900002,319,2,317
116900003,55,14,41
116900004,36,87,-51
116900005,228,58,170
116900006,70,327,-257
116900007,153,314,-161
116900008,652,78,574
116900009,19,8,11
116900010,430,458,-28
116900011,8,6,2
116900012,298,343,-45
116900013,4,29,-25
116900014,283,36,247
116900015,724,34,690
116900016,309,3,306
116900017,16,246,-230
116900018,97,67,30
116900019,7,122,-115
116900020,281,1661,-1380
116900023,91,8,83
116900024,854,19,835
116900025,1326,309,1017
116900026,33,369,-336
116900027,27,66,-39
116900028,8,48,-40
116900029,1,132,-131
116900031,0,0,0
116900032,1,108,-107
116900033,49,3,46
116900034,3,20,-17
116900035,185,131,54
116900036,7,91,-84
116900038,58,11,47
116900041,98,9,89
116900042,194,143,51
116900043,6,44,-38
116900047,23,230,-207
116900049,28,194,-166
116900050,66,193,-127
116900051,253,24,229
116900052,241,55,186
116900055,0,12,-12
116900057,22,57,-35
116900058,13,252,-239
116900059,0,32,-32
116900060,126,305,-179
116900062,2,60,-58
116900064,124,155,-31
116900065,16,67,-51
116900067,191,48,143
116900068,202,121,81
116900070,3,2,1
116900072,49,144,-95
116900073,23,74,-51
116900074,2,21,-19
116900076,13,81,-68
116900077,2,18,-16
116900078,104,18,86
116900079,65,100,-35
116900080,4,11,-7
116900081,177,524,-347
116900082,256,866,-610
116900083,14,9,5
116900084,33,82,-49
116900085,15,64,-49
116900086,61,121,-60
116900088,255,33,222
116900090,41,23,18
116900091,504,35,469
116900092,72,288,-216
116900093,3348,1286,2062
116900094,2984,6327,-3343
116900095,160,559,-399
116900096,65,371,-306
116900097,1302,4013,-2711
116900098,672,540,132
116900099,257,834,-577
116900100,1037,66,971
116900101,160,487,-327
116900103,24,0,24
116900104,16,164,-148
116900105,388,178,210
116900106,2450,74,2376
116900107,1187,2870,-1683
116900110,25,2,23
116900111,825,222,603
116900112,264,394,-130
116900113,764,2478,-1714
116900116,43,1321,-1278
116900117,260,126,134
116900118,1441,977,464
116900120,425,43,382
116900121,232,16,216
116900122,1054,216,838
116900123,411,235,176
116900124,125,368,-243
116900125,564,68,496
116900126,52,567,-515
116900128,0,87,-87
116900129,0,229,-229
116900130,1193,4817,-3624
116900131,55,292,-237
116900132,67,65,2
116900133,215,122,93
116900134,309,211,98
116900136,219,119,100
116900137,260,149,111
116900138,149,71,78
116900139,83,209,-126
116900140,119,59,60
116900141,370,157,213
116900142,1,73,-72
116900143,254,110,144
116900144,37,63,-26
116900145,46,116,-70
116900147,209,2276,-2067
116900148,23,19,4
116900149,62,243,-181
116900150,16,6,10
116900151,74,75,-1
116900153,138,70,68
116900154,175,493,-318
116900155,83,79,4
116900157,897,93,804
116900158,119,309,-190
116900159,99,650,-551
116900160,995,1023,-28
116900161,3406,9965,-6559
116900162,11,58,-47
116900163,312,39,273
116900164,103,59,44
116900165,549,442,107
116900166,44,41,3
116900167,486,30,456
116900168,475,46,429
116900169,191,2161,-1970
116900170,602,495,107
116900171,33,57,-24
116900172,94,580,-486
116900173,281,12,269
116900174,82,89,-7
116900175,283,540,-257
116900178,48,47,1
116900179,45,459,-414
116900180,100,8,92
116900182,1454,264,1190
116900183,291,69,222
116900185,46,51,-5
116900186,122,61,61
116900187,41,47,-6
116900188,123,22,101
116900189,35,1,34
116900191,234,416,-182
116900192,364,120,244
116900194,96,1977,-1881
116900195,46,15,31
116900196,11,23,-12
116900197,119,9,110
116900198,47,365,-318
116900200,127,3,124
116900201,188,9,179
116900202,26,18,8
116900203,184,29,155
116900204,25,122,-97
116900206,25,3,22
116900207,10,13,-3
116900208,12,50,-38
116900209,15,37,-22
116900210,693,358,335
116900211,285,1,284
116900212,119,21,98
116900213,211,82,129
116900214,364,232,132
116900215,56,65,-9
116900216,351,227,124
116900218,1,226,-225
116900219,519,233,286
116900220,141,196,-55
116900221,218,258,-40
116900222,536,331,205
116900223,117,203,-86
116900226,100,44,56
116900227,233,46,187
116900228,371,148,223
116900230,76,112,-36
116900231,67,119,-52
116900232,19,165,-146
116900233,340,76,264
116900234,12,6,6
116900235,498,234,264
116900238,598,178,420
116900239,17,772,-755
116900240,3192,3726,-534
116900241,141,32,109
116900242,523,1098,-575
116900243,2,16,-14
116900245,40,56,-16
116900246,165,23,142
116900247,1164,42,1122
116900248,78,31,47
116900249,496,20,476
116900250,560,34,526
116900251,322,1092,-770
116900252,183,352,-169
116900254,67,94,-27
116900255,228,113,115
116900256,519,114,405
116900257,19,137,-118
116900258,3,85,-82
116900259,453,7,446
116900260,2,62,-60
116900261,84,2,82
116900262,172,74,98
116900263,0,26,-26
116900264,83,73,10
116900265,100,0,100
116900266,35,8,27
116900267,15,0,15
116900268,120,109,11
116900269,343,1068,-725
116900271,540,500,40
116900272,563,437,126
116900273,39,565,-526
116900274,150,30,120
116900275,184,73,111
116900276,313,270,43
116900277,139,21,118
116900278,4,6,-2
116900279,3,23,-20
116900280,20,27,-7
116900281,2520,5881,-3361
116900282,1,34,-33
116900283,7,40,-33
116900284,18,100,-82
116900285,123,225,-102
116900286,72,14,58
116900287,4,15,-11
116900288,111,38,73
116900289,62,31,31
116900290,43,3,40
116900291,25,6,19
116900292,0,33,-33
116900293,114,14,100
116900294,22,117,-95
116900295,210,358,-148
116900296,45,376,-331
116900297,2,159,-157
116900298,87,404,-317
116900299,23,453,-430
116900300,1,160,-159
116900301,39,964,-925
116900302,31,177,-146
116900303,159,186,-27
116900304,0,158,-158
116900305,7,14,-7
116900306,331,84,247
116900307,162,2,160
116900308,0,19,-19
116900309,178,33,145
116900310,33,31,2
117000001,2961,3162,-201
117000002,2000,3588,-1588
117000003,6699,3723,2976
117000004,2147,4879,-2732
117000005,4342,2284,2058
117000006,1082,2078,-996
117000007,6865,1385,5480
117000008,953,2228,-1275
117000009,5064,1653,3411
117000010,1552,2390,-838
117000011,3268,1220,2048
117000012,1847,869,978
117000013,2306,1023,1283
117000014,1393,2194,-801
117000015,2889,1577,1312
117000016,379,702,-323
117000017,144,1664,-1520
117000018,94,1073,-979
117000019,72,134,-62
117000020,747,2345,-1598
117000021,2238,899,1339
117000022,225,603,-378
117000023,65,1157,-1092
117000024,123,1262,-1139
117000025,137,4477,-4340
117000026,1692,4228,-2536
117000027,1142,4646,-3504
117000028,1206,3890,-2684
117000030,370,422,-52
117000031,537,537,0
117000032,1524,1767,-243
117000033,1773,774,999
117000034,407,219,188
117000035,465,739,-274
117000036,536,235,301
117000037,348,246,102
117000038,293,468,-175
117000039,377,263,114
117000040,238,515,-277
117000041,1384,107,1277
117000044,19,672,-653
117000045,1070,145,925
117000046,336,835,-499
117000047,1106,825,281
117000048,1406,747,659
117000049,44,308,-264
117000050,263,1154,-891
117000051,3143,81,3062
117000052,61,213,-152
117000053,784,58,726
117000054,1820,8,1812
117000055,13,1125,-1112
117000056,822,25,797
117000057,491,1477,-986
117000060,401,952,-551
117000061,2551,1454,1097
117000062,197,617,-420
117000063,2282,948,1334
117000064,592,593,-1
117000066,432,589,-157
117000067,185,591,-406
117000074,35,176,-141
117000076,125,47,78
117000077,228,155,73
117000078,118,412,-294
117000079,451,229,222
117000080,1,418,-417
117000081,1069,170,899
117000082,37,79,-42
117000083,746,271,475
117000084,158,2,156
117000085,400,866,-466
117000086,713,253,460
117000087,82,502,-420
117000088,374,154,220
117000089,2338,174,2164
117000090,292,654,-362
117000091,1374,221,1153
117000092,510,507,3
117000093,1964,625,1339
117000094,893,1238,-345
117000095,4020,680,3340
117000096,649,1347,-698
117000097,2248,834,1414
117000098,1626,2140,-514
117000099,5178,1012,4166
117000100,235,262,-27
117000101,158,540,-382
117000102,2530,676,1854
117000103,507,861,-354
117000104,1850,685,1165
117000105,444,856,-412
117000106,2049,520,1529
117000107,587,913,-326
117000108,2820,939,1881
117000109,844,1286,-442
117000110,2351,1956,395
117000111,4410,3718,692
117000112,3995,1261,2734
117000113,181,66,115
117000114,291,276,15
117000115,136,28,108
117000116,218,235,-17
117000117,1676,958,718
117000118,464,223,241
117000119,179,827,-648
117000120,81,1951,-1870
117000121,43,1243,-1200
117000122,1052,1860,-808
117000123,3484,102,3382
117000124,130,304,-174
117000125,65,1146,-1081
117000126,62,29,33
117000127,125,537,-412
117000128,91,1569,-1478
117000129,338,2222,-1884
117000130,244,1,243
117000131,0,49,-49
117000132,4157,53,4104
117000133,3034,53,2981
117000134,0,224,-224
117000135,7,238,-231
117000136,1,73,-72
117000137,265,156,109
117000138,1,1037,-1036
117000140,273,782,-509
117000141,2386,494,1892
117000181,311,218,93
117000182,2480,1163,1317
117000195,156,590,-434
117000196,354,150,204
117000225,58,263,-205
117000226,9,493,-484
117000276,371,20,351
117000277,0,115,-115
117000310,1049,2513,-1464
117000315,287,764,-477
117000320,86,0,86
117000906,669,21,648
117000907,11,153,-142
117000909,127,89,38
117000910,343,100,243
117000911,40,97,-57
117000915,4,198,-194
117000916,133,4,129
117000917,1713,36,1677
117000918,275,65,210
117000919,10,37,-27
117000920,0,601,-601
117000921,0,402,-402
117000922,33,63,-30
117000924,867,861,6
117000926,852,606,246
117000927,255,871,-616
117000928,0,159,-159
117000929,523,224,299
117000930,721,16,705
117000931,82,177,-95
117900002,47,1049,-1002
117900003,144,239,-95
117900005,3,308,-305
117900006,0,26,-26
117900007,158,107,51
117900008,0,10,-10
117900010,583,95,488
117900011,23,892,-869
117900012,81,69,12
117900013,1,177,-176
117900014,1033,258,775
117900015,17,94,-77
117900016,900,738,162
117900017,1394,830,564
117900018,393,1207,-814
117900019,1071,252,819
117900020,40,412,-372
117900021,57,88,-31
117900023,3650,83,3567
117900024,123,56,67
117900025,32,2,30
117900026,652,174,478
117900028,70,7,63
117900029,552,483,69
117900031,234,830,-596
117900032,1010,532,478
117900033,640,427,213
117900034,72,33,39
117900035,350,110,240
117900036,478,193,285
117900037,155,79,76
117900038,47,81,-34
117900039,0,13,-13
117900040,260,171,89
117900041,1,21,-20
117900042,2206,349,1857
117900043,2,25,-23
117900044,95,6241,-6146
117900045,374,110,264
117900048,506,93,413
117900049,621,361,260
117900050,6,902,-896
117900051,26,6,20
117900052,113,512,-399
117900053,2025,210,1815
117900054,1,16,-15
117900055,2656,349,2307
117900056,48,305,-257
117900057,900,879,21
117900058,47,177,-130
117900059,90,115,-25
117900060,2930,2013,917
117900061,34,518,-484
117900063,679,125,554
117900065,385,738,-353
117900066,5,89,-84
117900067,1029,141,888
117900069,1457,222,1235
117900070,56,378,-322
117900071,210,123,87
117900073,795,180,615
117900074,44,585,-541
117900075,98,56,42
117900076,60,113,-53
117900077,635,205,430
117900078,483,722,-239
117900080,284,34,250
117900081,222,192,30
117900082,684,371,313
117900083,660,258,402
117900086,363,26,337
117900087,157,43,114
117900088,1096,1019,77
117900089,2596,665,1931
117900090,722,352,370
117900091,135,62,73
117900092,121,16,105
117900093,113,49,64
117900094,51,39,12
117900095,629,2547,-1918
117900096,204,359,-155
117900097,178,38,140
117900098,54,10,44
117900099,268,1275,-1007
117900100,608,10,598
117900101,850,2614,-1764
117900102,93,17,76
117900103,53,3,50
117900104,9,510,-501
117900105,63,136,-73
117900106,160,42,118
117900107,38,0,38
117900109,881,260,621
117900110,194,2,192
117900111,674,29,645
117900112,60,15,45
117900113,1097,2089,-992
117900114,26,0,26
117900115,70,372,-302
117900116,570,529,41
117900117,714,152,562
117900118,123,0,123
117900119,217,36,181
117900120,661,44,617
117900121,105,26,79
117900122,940,5577,-4637
117900123,1427,271,1156
117900124,388,393,-5
117900125,1423,1648,-225
117900126,204,276,-72
117900127,616,139,477
117900128,370,212,158
117900129,170,3,167
117900130,841,600,241
117900131,9,56,-47
117900132,10,88,-78
117900133,36,65,-29
117900134,55,161,-106
117900135,48,76,-28
117900136,0,4,-4
117900137,84,182,-98
117900138,0,6,-6
117900139,104,68,36
117900140,6875,675,6200
117900141,72,302,-230
117900142,26,482,-456
117900144,58,1687,-1629
117900145,11,254,-243
117900146,202,275,-73
117900147,183,84,99
117900148,3035,2727,308
117900149,110,97,13
117900150,108,50,58
117900151,50,165,-115
117900152,171,133,38
117900153,10,189,-179
117900154,688,439,249
117900156,409,548,-139
117900157,110,502,-392
117900158,310,131,179
117900160,790,767,23
117900161,951,1003,-52
117900162,1022,456,566
117900163,45,1197,-1152
117900165,0,5,-5
117900166,54,511,-457
117900168,121,126,-5
117900169,0,35,-35
117900170,1,19,-18
117900171,8,14,-6
117900172,14,9,5
117900173,49,68,-19
117900174,27,51,-24
117900175,16,38,-22
117900176,16,43,-27
117900177,18,11,7
117900178,101,21,80
117900180,142,41,101
117900181,34,541,-507
117900182,0,36,-36
117900183,107,169,-62
117900184,38,40,-2
117900185,84,22,62
117900186,51,23,28
117900187,20,7,13
117900188,192,44,148
117900189,81,27,54
117900190,26,3,23
117900191,79,0,79
117900192,207,0,207
117900193,41,85,-44
117900194,27,1,26
117900195,20,72,-52
117900196,30,18,12
117900207,64,179,-115
117900208,25,8,17
117900209,156,106,50
117900210,110,128,-18
117900211,11,68,-57
117900212,87,146,-59
117900213,48,1,47
117900214,9,4,5
117900215,149,39,110
117900216,71,68,3
117900217,37,302,-265
117900218,98,182,-84
117900219,11,313,-302
117900220,27,570,-543
117900222,264,108,156
117900223,124,375,-251
118000001,633,2437,-1804
118000002,306,1071,-765
118000003,2425,5716,-3291
118000004,1346,5809,-4463
118000005,4179,3661,518
118000006,4333,5540,-1207
118000007,4581,10206,-5625
118000008,1219,5374,-4155
118000009,1543,2981,-1438
118000010,4272,3742,530
118000011,2016,995,1021
118000012,1274,1612,-338
118000013,2106,1948,158
118000014,2004,1357,647
118000016,363,178,185
118000017,916,426,490
118000018,359,257,102
118000019,1246,2303,-1057
118000020,604,2465,-1861
118000021,549,3330,-2781
118000022,924,657,267
118000023,476,442,34
118000024,454,1063,-609
118000027,9064,7652,1412
118000029,489,969,-480
118000032,197,2452,-2255
118000033,1744,5140,-3396
118000034,2991,3575,-584
118000035,1900,2726,-826
118000036,794,1250,-456
118000037,710,1864,-1154
118000038,880,131,749
118000039,119,143,-24
118000040,1565,1589,-24
118000041,3521,1454,2067
118000045,231,256,-25
118000046,968,1942,-974
118000047,532,3721,-3189
118000048,1317,4525,-3208
118000051,704,4393,-3689
118000052,319,1958,-1639
118000053,294,591,-297
118000054,2646,684,1962
118000055,2311,1535,776
118000056,157,493,-336
118000057,184,294,-110
118000058,1603,4719,-3116
118000059,1394,2698,-1304
118000060,1226,557,669
118000061,1341,983,358
118000062,415,308,107
118000063,318,1078,-760
118000064,617,1355,-738
118000065,1514,1597,-83
118000066,1659,3913,-2254
118000067,558,553,5
118000068,765,9313,-8548
118000069,1124,1309,-185
118000070,5145,2144,3001
118000071,3048,10014,-6966
118000072,635,3798,-3163
118000073,513,1873,-1360
118000074,570,770,-200
118000075,526,411,115
118000076,1862,6592,-4730
118000077,1045,2462,-1417
118000078,1874,3391,-1517
118000079,222,455,-233
118000080,594,1588,-994
118000081,1426,2491,-1065
118000082,329,1285,-956
118000083,1231,1893,-662
118000084,1987,2411,-424
118000086,208,551,-343
118000087,3736,2369,1367
118000088,1074,1963,-889
118000089,4000,3100,900
118000090,893,3324,-2431
118000091,1061,4573,-3512
118000092,794,659,135
118000093,80,714,-634
118000096,564,884,-320
118000097,505,681,-176
118000098,240,296,-56
118000099,996,446,550
118000101,2016,420,1596
118000102,649,633,16
118000107,2083,705,1378
118000108,513,4249,-3736
118000110,0,44,-44
118000111,1,171,-170
118000112,1227,2,1225
118000113,16,247,-231
118000114,820,9,811
118000115,4,20,-16
118000116,27,0,27
118000117,720,893,-173
118000118,1031,2221,-1190
118000119,1055,2103,-1048
118000120,1200,1157,43
118000121,24,739,-715
118000122,603,373,230
118000123,61,328,-267
118000125,973,1525,-552
118000126,544,2240,-1696
118000127,1124,1104,20
118000128,318,2017,-1699
118000129,1650,727,923
118000130,2080,2626,-546
118000131,250,735,-485
118000132,3223,2484,739
118000133,1561,779,782
118000135,478,926,-448
118000136,192,1004,-812
118000137,560,150,410
118000138,379,385,-6
118000139,551,149,402
118000140,4116,8688,-4572
118000141,3010,1441,1569
118000142,2745,1524,1221
118000143,3469,1525,1944
118000144,955,473,482
118000145,1430,999,431
118000146,1448,423,1025
118000147,1289,894,395
118000148,960,1186,-226
118000149,1161,570,591
118000150,754,276,478
118000151,1052,260,792
118000153,2104,866,1238
118000154,1720,1210,510
118000155,3048,1286,1762
118000156,2007,3403,-1396
118000157,574,275,299
118000158,435,412,23
118000159,64,106,-42
118000160,986,411,575
118000161,800,293,507
118000162,1646,970,676
118000163,1093,967,126
118000164,1870,1412,458
118000168,392,768,-376
118000169,1016,803,213
118000170,2767,2307,460
118000171,438,335,103
118000172,148,131,17
118000173,1135,1212,-77
118000175,246,309,-63
118000176,374,430,-56
118000177,387,693,-306
118000178,41,24,17
118000179,900,1129,-229
118000180,647,624,23
118000181,828,169,659
118000182,336,180,156
118000183,329,249,80
118000184,1111,449,662
118000185,615,1941,-1326
118000186,517,1202,-685
118000187,2285,407,1878
118000188,826,71,755
118000189,1044,290,754
118000190,22,5,17
118000191,23,8,15
118000192,35,145,-110
118000193,15,182,-167
118000194,1560,689,871
118000195,230,5429,-5199
118000196,124,735,-611
118000197,148,213,-65
118000198,331,1615,-1284
118000199,348,1129,-781
118000200,100,593,-493
118000201,171,895,-724
118000202,24,307,-283
118000203,351,1413,-1062
118000204,59,584,-525
118000205,61,293,-232
118000206,276,292,-16
118000207,0,52,-52
118000208,1356,1270,86
118000209,2909,934,1975
118000210,147,44,103
118000211,86,38,48
118000213,350,4766,-4416
118000214,265,748,-483
118000215,482,79,403
118000216,5946,1624,4322
118000217,11,45,-34
118000218,51,44,7
118000219,200,238,-38
118000220,16,30,-14
118000221,492,454,38
118000222,64,22,42
118000223,117,58,59
118000224,125,31,94
118000225,141,1325,-1184
118000226,1260,233,1027
118000227,987,410,577
118000228,40,376,-336
118000229,35,594,-559
118000230,103,169,-66
118000231,48,372,-324
118000232,1001,297,704
118000233,1389,548,841
118000234,541,86,455
118000236,240,287,-47
118000237,109,160,-51
118000238,214,111,103
118000239,346,278,68
118000240,194,93,101
118000241,230,104,126
118000242,485,210,275
118000243,287,109,178
118000244,123,57,66
118000246,0,32,-32
118000255,83,281,-198
118000256,223,179,44
118000259,18,48,-30
118000260,235,34,201
118000261,72,18,54
118000263,71,116,-45
118000266,161,173,-12
118000267,1,375,-374
118000268,232,60,172
118000270,123,1,122
118000271,270,176,94
118000272,66,13,53
118000273,419,40,379
118000274,100,261,-161
118000276,553,182,371
118000295,18,76,-58
118000298,107,176,-69
118000299,103,80,23
118000301,0,232,-232
118000302,155,21,134
118000311,1105,73,1032
118000312,331,50,281
118000313,90,55,35
118000314,200,25,175
118000315,19,15,4
118000316,1076,300,776
118000325,70,24,46
118000326,36,19,17
118000331,55,8,47
118000332,8,12,-4
118000333,28,42,-14
118000335,560,0,560
118000336,1,156,-155
118000407,280,34,246
118000457,23,99,-76
118000465,636,2872,-2236
118000480,47,33,14
118000489,12,536,-524
118000490,16,168,-152
118000492,622,142,480
118000510,44,27,17
118000514,61,616,-555
118000515,509,1059,-550
118000517,385,185,200
118000524,131,441,-310
118000525,443,547,-104
118000530,9,145,-136
118000531,434,200,234
118000532,285,197,88
118000533,312,111,201
118000534,579,291,288
118000535,375,92,283
118000536,41,414,-373
118000537,20,71,-51
118000538,42,83,-41
118000539,24,96,-72
118000540,157,135,22
118000541,70,64,6
118000542,66,249,-183
118000543,105,342,-237
118000546,33,9,24
118000553,0,0,0
118000560,1078,2203,-1125
118000562,35,72,-37
118000563,1178,967,211
118000576,236,44,192
118000577,140,187,-47
118000578,173,53,120
118000579,796,1961,-1165
118000583,0,0,0
118000595,232,122,110
118000596,1,603,-602
118000597,180,97,83
118000598,3,0,3
118000599,173,19,154
118000600,2,4,-2
118000601,2,0,2
118000602,0,3,-3
118000603,0,25,-25
118000605,73,155,-82
118000606,27,27,0
118900001,343,1088,-745
118900002,616,1070,-454
118900003,398,5,393
118900004,89,19,70
118900005,86,10,76
118900006,195,5,190
118900007,3,0,3
118900008,1008,47,961
118900009,42,69,-27
118900010,101,14,87
118900011,136,16,120
118900012,320,204,116
118900013,829,277,552
118900015,259,35,224
118900016,7,6,1
118900017,28,225,-197
118900018,1123,33,1090
118900019,13,12,1
118900020,47,310,-263
118900021,84,580,-496
118900022,109,30,79
118900023,84,139,-55
118900024,82,129,-47
118900025,40,30,10
118900026,98,27,71
118900027,419,145,274
118900028,225,128,97
118900029,200,410,-210
118900030,488,49,439
118900031,157,30,127
118900032,389,97,292
118900033,275,607,-332
118900034,142,19,123
118900035,149,68,81
118900036,1339,412,927
118900037,212,491,-279
118900038,485,91,394
118900039,606,92,514
118900040,235,86,149
118900041,654,280,374
118900042,123,63,60
118900045,248,196,52
118900046,374,349,25
118900047,304,440,-136
118900048,136,432,-296
118900049,83,58,25
118900050,69,8,61
118900051,60,135,-75
118900052,257,472,-215
118900053,19,117,-98
118900054,230,36,194
118900055,88,18,70
118900056,28,206,-178
118900057,701,465,236
118900058,415,398,17
118900059,26,136,-110
118900060,86,80,6
118900062,245,126,119
118900064,170,706,-536
118900065,54,100,-46
118900066,107,55,52
118900067,2972,4219,-1247
118900068,22,265,-243
118900069,704,152,552
118900071,16,11,5
118900072,728,388,340
118900073,253,84,169
118900074,169,26,143
118900075,137,14,123
118900076,224,248,-24
118900077,381,134,247
118900078,7,2,5
118900079,34,81,-47
118900080,39,54,-15
118900081,80,114,-34
118900082,1638,143,1495
118900083,40,3,37
118900084,10,10,0
118900085,511,343,168
118900086,60,102,-42
118900087,112,540,-428
118900088,1,3,-2
118900089,31,11,20
118900090,544,160,384
118900091,108,217,-109
118900092,218,48,170
118900093,71,5,66
118900096,66,224,-158
118900097,291,406,-115
118900099,72,74,-2
118900100,93,164,-71
118900101,115,151,-36
118900102,46,94,-48
118900103,15,112,-97
118900104,221,76,145
118900105,218,44,174
118900107,56,22,34
118900108,70,61,9
118900110,1100,815,285
118900111,659,270,389
118900112,126,209,-83
118900113,152,245,-93
118900114,13,142,-129
118900115,89,320,-231
118900116,84,143,-59
118900117,190,111,79
118900118,343,217,126
118900119,226,114,112
118900120,75,248,-173
118900121,31,51,-20
118900122,7,973,-966
118900123,195,244,-49
118900124,59,132,-73
118900126,18,330,-312
118900129,331,190,141
118900130,27,280,-253
118900131,404,101,303
118900132,235,173,62
118900133,0,164,-164
118900135,210,141,69
118900136,229,238,-9
118900137,20,85,-65
118900139,308,105,203
118900140,512,355,157
118900141,158,43,115
118900144,274,230,44
118900145,26,101,-75
118900146,314,371,-57
118900147,65,558,-493
118900148,46,42,4
118900150,189,380,-191
118900152,487,387,100
118900157,25,260,-235
118900158,136,25,111
118900159,2,106,-104
118900161,31,8,23
118900163,59,37,22
118900164,2,34,-32
118900165,51,36,15
118900166,34,1,33
118900167,83,42,41
118900168,15,251,-236
118900169,111,56,55
118900170,232,16,216
118900171,41,36,5
118900174,124,25,99
118900175,691,400,291
118900176,245,285,-40
118900177,91,30,61
118900178,88,71,17
118900179,2,6,-4
118900181,97,40,57
118900182,15,30,-15
118900183,37,148,-111
118900184,232,69,163
118900185,334,40,294
118900186,80,89,-9
118900187,122,371,-249
118900188,240,286,-46
118900189,25,651,-626
118900190,29,113,-84
118900191,460,23,437
118900192,421,5,416
118900193,775,5,770
118900195,147,238,-91
118900196,38,132,-94
118900197,321,43,278
118900198,15,1,14
118900199,111,8,103
118900200,21,13,8
118900201,35,45,-10
118900202,16,38,-22
118900203,34,7,27
118900204,32,17,15
118900205,10,2,8
118900206,1,2,-1
119000001,1544,2104,-560
119000002,3576,3265,311
119000003,3693,792,2901
119000004,3039,1866,1173
119000005,2275,2564,-289
119000006,5117,1796,3321
119000007,4046,3675,371
119000008,1896,1632,264
119000009,2772,6935,-4163
119000010,3855,3836,19
119000011,1934,2687,-753
119000012,914,2672,-1758
119000013,3220,1916,1304
119000014,1160,1750,-590
119000019,240,109,131
119000020,2621,2009,612
119000021,5762,3877,1885
119000022,1107,3616,-2509
119000023,282,239,43
119000024,1867,19195,-17328
119000025,3207,811,2396
119000026,56,563,-507
119000027,136,393,-257
119000028,1524,495,1029
119000029,36,270,-234
119000030,572,787,-215
119000031,877,413,464
119000032,1898,1542,356
119000033,2173,1016,1157
119000034,1365,466,899
119000035,23,198,-175
119000036,2954,391,2563
119000037,1586,719,867
119000038,206,307,-101
119000039,795,360,435
119000040,1012,941,71
119000041,598,1268,-670
119000048,2287,1556,731
119000049,3246,1451,1795
119000050,1492,1181,311
119000051,2756,1027,1729
119000052,3152,2230,922
119000053,2093,997,1096
119000054,3813,1554,2259
119000055,5912,2291,3621
119000056,3871,1455,2416
119000057,1922,963,959
119000058,1758,1016,742
119000059,1182,964,218
119000060,1842,811,1031
119000061,1050,530,520
119000062,1041,1059,-18
119000063,795,635,160
119000064,847,700,147
119000065,1277,2906,-1629
119000066,2218,1210,1008
119000067,1821,1274,547
119000068,1865,889,976
119000069,1930,1420,510
119000070,3214,772,2442
119000071,468,493,-25
119000072,4584,2619,1965
119000073,3456,9718,-6262
119000074,1749,1521,228
119000075,4071,2009,2062
119000076,248,1182,-934
119000077,582,574,8
119000078,594,311,283
119000079,217,628,-411
119000080,909,106,803
119000081,278,327,-49
119000082,986,290,696
119000083,679,579,100
119000084,351,314,37
119000085,565,123,442
119000086,396,875,-479
119000087,730,324,406
119000088,405,169,236
119000089,113,237,-124
119000090,131,79,52
119000091,89,347,-258
119000092,297,132,165
119000093,4052,2253,1799
119000094,4720,5459,-739
119000095,2348,4077,-1729
119000097,1704,796,908
119000098,1471,4403,-2932
119000099,2155,851,1304
119000100,4627,2964,1663
119000101,3190,1563,1627
119000102,421,1725,-1304
119000103,942,642,300
119000104,1354,817,537
119000105,832,3144,-2312
119000106,472,615,-143
119000107,1466,652,814
119000108,642,467,175
119000109,162,681,-519
119000110,298,553,-255
119000111,54,924,-870
119000112,182,157,25
119000113,1188,357,831
119000114,1543,1127,416
119000115,147,147,0
119000116,107,115,-8
119000117,93,280,-187
119000118,4,1,3
119000123,2111,3612,-1501
119000124,1253,146,1107
119000125,5381,383,4998
119000126,1859,431,1428
119000127,1201,236,965
119000128,22,2,20
119000131,1138,246,892
119000132,3,3,0
119000133,0,5,-5
119000134,1269,500,769
119000135,265,228,37
119000136,458,107,351
119000137,278,150,128
119000138,898,67,831
119000139,204,80,124
119000140,428,316,112
119000284,872,1711,-839
119000285,1468,1153,315
119000286,3220,2622,598
119000287,1375,1296,79
119000288,1809,756,1053
119000289,1075,2762,-1687
119000290,268,242,26
119000291,54,187,-133
119000293,174,128,46
119000294,56,29,27
119000295,1272,202,1070
119000296,327,177,150
119000297,0,0,0
119000302,1526,1134,392
119000303,19,403,-384
119000310,0,0,0
119000314,1122,14105,-12983
119000315,1,116,-115
119000316,309,75,234
119000317,129,99,30
119000319,1007,81,926
119900001,171,1935,-1764
119900002,194,234,-40
119900003,15,488,-473
119900004,129,2122,-1993
119900005,218,59,159
119900006,199,460,-261
119900007,611,220,391
119900008,40,29,11
119900009,501,241,260
119900010,529,670,-141
119900011,20,214,-194
119900012,12,110,-98
119900013,1938,1460,478
119900014,371,220,151
119900015,245,49,196
119900016,53,47,6
119900017,51,53,-2
119900018,946,1185,-239
119900019,46,6,40
119900020,119,127,-8
119900021,180,56,124
119900022,74,875,-801
119900023,324,2965,-2641
119900025,387,23,364
119900026,441,131,310
119900027,10,22,-12
119900028,260,170,90
119900029,9,1,8
119900030,434,309,125
119900031,71,823,-752
119900033,1219,293,926
119900034,803,29,774
119900037,223,17,206
119900038,32,467,-435
119900039,77,15,62
119900040,170,45,125
119900041,248,8,240
119900042,194,361,-167
119900043,196,129,67
119900044,162,886,-724
119900046,213,11,202
119900047,350,160,190
119900049,257,1,256
119900050,115,165,-50
119900051,1295,12,1283
119900052,133,9,124
119900053,343,87,256
119900054,403,25,378
119900055,1550,343,1207
119900057,340,20,320
119900058,396,7,389
119900059,106,18,88
119900060,341,24,317
119900061,382,4,378
119900062,86,7,79
119900063,6,61,-55
119900065,242,6,236
119900067,114,9,105
119900068,836,5,831
119900069,149,10,139
119900070,1102,7,1095
119900071,905,34,871
119900073,1006,423,583
119900074,23,24,-1
119900075,1416,1837,-421
119900076,1111,173,938
119900077,1175,292,883
119900078,1013,583,430
119900079,729,97,632
119900080,659,493,166
119900081,1202,254,948
119900082,2363,327,2036
119900083,345,72,273
119900084,323,327,-4
119900085,53,29,24
119900086,443,499,-56
119900087,387,863,-476
119900088,12,19,-7
119900089,40,143,-103
119900090,50,24,26
119900091,97,192,-95
119900092,67,163,-96
119900093,1620,170,1450
119900094,23,107,-84
119900095,93,64,29
119900096,24,75,-51
119900097,164,148,16
119900098,44,55,-11
119900099,20,74,-54
119900100,503,2528,-2025
119900101,115,1708,-1593
119900102,62,102,-40
119900103,39,113,-74
119900104,23,42,-19
119900105,457,3025,-2568
119900106,6,74,-68
119900107,206,974,-768
119900108,3979,495,3484
119900109,39,84,-45
119900110,778,310,468
119900111,121,114,7
119900112,546,719,-173
119900113,62,210,-148
119900114,248,553,-305
119900115,360,294,66
119900116,84,380,-296
119900117,368,333,35
119900118,115,207,-92
119900119,386,116,270
119900120,434,269,165
119900121,605,375,230
119900122,83,110,-27
119900123,220,271,-51
119900124,300,279,21
119900125,32,235,-203
119900126,2200,200,2000
119900127,659,364,295
119900128,455,396,59
119900129,325,122,203
119900130,7,155,-148
119900131,25,67,-42
119900132,3,66,-63
119900133,91,66,25
119900134,489,77,412
119900135,0,145,-145
119900136,93,172,-79
119900138,171,227,-56
119900139,12,110,-98
119900140,0,104,-104
119900141,42,794,-752
119900142,1,18,-17
119900143,17,180,-163
119900144,898,140,758
119900145,76,58,18
119900146,82,118,-36
119900147,1,106,-105
119900148,265,24,241
119900149,449,5880,-5431
119900150,124,66,58
119900151,1079,650,429
119900152,140,98,42
119900153,186,33,153
119900154,22,219,-197
119900155,26,17,9
119900156,16,3,13
119900157,197,89,108
119900158,248,33,215
119900159,3,275,-272
119900160,16,63,-47
119900161,172,81,91
119900162,1096,626,470
119900163,50,99,-49
119900164,3,0,3
119900165,172,50,122
119900166,57,38,19
119900167,15,42,-27
119900168,1583,268,1315
119900169,37,194,-157
119900170,118,243,-125
119900171,918,226,692
119900172,39,20,19
119900173,4,124,-120
119900174,6,43,-37
119900175,1938,274,1664
119900177,40,100,-60
119900178,3,89,-86
119900179,147,799,-652
119900180,1177,681,496
119900181,14,127,-113
119900182,4,80,-76
119900183,161,426,-265
119900184,525,221,304
119900185,65,309,-244
119900186,20,1619,-1599
119900187,1,187,-186
119900188,171,264,-93
119900189,116,266,-150
119900190,101,290,-189
119900191,112,429,-317
119900192,55,103,-48
119900193,445,92,353
119900194,22,57,-35
119900195,18,78,-60
119900196,176,67,109
119900197,318,143,175
119900198,374,157,217
119900199,92,10,82
119900200,747,403,344
119900201,148,94,54
119900202,56,258,-202
119900203,139,546,-407
119900204,357,170,187
119900205,1072,253,819
119900206,295,79,216
119900208,113,155,-42
119900209,658,1981,-1323
119900210,44,25,19
119900211,95,7,88
119900212,396,235,161
119900213,12,74,-62
119900214,72,24,48
119900215,35,9,26
119900216,28,14,14
119900217,28,8,20
119900218,19,74,-55
119900219,4,65,-61
119900220,2,20,-18
119900221,90,81,9
119900222,39,35,4
119900223,11,9,2
119900224,10,7,3
119900225,214,20,194
119900226,165,1681,-1516
119900227,274,155,119
119900228,44,157,-113
119900229,112,191,-79
119900230,767,231,536
119900231,365,64,301
119900232,173,71,102
119900233,112,5,107
119900234,4,90,-86
119900235,4,46,-42
119900236,22,134,-112
119900237,40,229,-189
119900238,4,35,-31
119900240,72,44,28
119900241,125,94,31
119900242,1015,1124,-109
119900244,534,902,-368
119900245,148,175,-27
119900246,199,511,-312
119900247,11,109,-98
119900248,32,398,-366
119900249,352,73,279
119900253,1027,285,742
119900254,68,1169,-1101
119900255,93,1036,-943
119900256,839,190,649
119900257,166,5,161
119900258,234,11,223
119900259,7,28,-21
119900260,162,5,157
119900261,594,149,445
119900262,0,82,-82
119900263,1504,260,1244
119900264,193,48,145
119900265,592,201,391
119900266,485,100,385
119900267,153,225,-72
119900268,238,73,165
119900269,1311,399,912
119900271,6,47,-41
119900272,180,334,-154
119900275,142,18,124
119900276,179,8,171
119900277,18,12,6
119900278,291,71,220
119900279,105,293,-188
119900280,505,55,450
119900281,1,347,-346
119900282,18,107,-89
119900283,11,71,-60
119900284,23,94,-71
119900285,12,97,-85
119900286,1,14,-13
119900288,1,7,-6
119900289,2,9,-7
119900290,1,14,-13
119900291,0,29,-29
119900292,44,45,-1
119900293,22,20,2
119900294,28,61,-33
119900295,36,8,28
119900296,53,25,28
119900297,0,10,-10
119900298,4,18,-14
119900299,96,101,-5
119900300,379,164,215
119900301,44,117,-73
119900302,34,81,-47
119900303,313,347,-34
119900304,228,52,176
119900305,0,44,-44
119900306,18,1,17
119900307,44,34,10
119900308,8,13,-5
119900309,19,238,-219
119900310,276,198,78
119900311,192,26,166
119900312,202,51,151
119900313,337,156,181
119900314,292,386,-94
119900315,1825,753,1072
119900318,17,79,-62
119900319,50,74,-24
119900320,295,199,96
119900321,158,10,148
120000001,6336,30848,-24512
120000002,2669,2633,36
120000003,2161,1206,955
120000004,2661,1142,1519
120000005,2382,1353,1029
120000006,1494,960,534
120000007,2627,4932,-2305
120000008,1004,1140,-136
120000009,1484,736,748
120000010,2379,2102,277
120000011,1188,1095,93
120000012,1664,1343,321
120000013,3778,2329,1449
120000014,887,1059,-172
120000015,2897,1338,1559
120000016,5146,2014,3132
120000017,5089,4009,1080
120000018,3300,18540,-15240
120000019,1391,1899,-508
120000020,2763,3844,-1081
120000021,1871,2428,-557
120000022,2672,3928,-1256
120000023,1602,1768,-166
120000024,1350,2550,-1200
120000025,3244,1705,1539
120000026,4106,2000,2106
120000027,2949,2466,483
120000028,1040,4306,-3266
120000029,898,2159,-1261
120000030,517,797,-280
120000031,1881,5195,-3314
120000032,4304,3073,1231
120000033,4302,1521,2781
120000034,3525,1148,2377
120000035,3910,2005,1905
120000036,3954,5271,-1317
120000037,633,1981,-1348
120000038,3826,3262,564
120000039,877,947,-70
120000040,158,995,-837
120000041,530,1449,-919
120000042,1987,1513,474
120000043,4617,915,3702
120000044,6754,1287,5467
120000045,9831,873,8958
120000046,6162,3326,2836
120000047,348,9772,-9424
120000048,7894,4487,3407
120000049,4661,3718,943
120000050,3825,4596,-771
120000051,2365,4017,-1652
120000052,6896,1437,5459
120000053,1784,1465,319
120000054,1604,2174,-570
120000055,1646,2909,-1263
120000056,4592,3166,1426
120000057,4794,2353,2441
120000058,1338,3172,-1834
120000059,4,1963,-1959
120000061,106,440,-334
120000062,179,317,-138
120000063,587,1558,-971
120000064,259,623,-364
120000065,420,865,-445
120000066,271,433,-162
120000067,21,287,-266
120000068,272,349,-77
120000069,744,362,382
120000070,133,334,-201
120000071,968,85,883
120000072,1156,391,765
120000073,1146,50,1096
120000074,72,128,-56
120000075,1368,469,899
120000076,2786,390,2396
120000077,2526,767,1759
120000078,2801,1179,1622
120000079,828,365,463
120000080,300,363,-63
120000081,601,198,403
120000082,617,365,252
120000083,172,1204,-1032
120000084,380,372,8
120000085,277,340,-63
120000086,292,296,-4
120000087,237,269,-32
120000088,906,642,264
120000089,1200,329,871
120000090,1021,353,668
120000091,1276,818,458
120000092,1484,539,945
120000093,913,538,375
120000094,371,1048,-677
120000095,991,300,691
120000096,429,407,22
120000098,1006,419,587
120000099,476,370,106
120000100,787,494,293
120000101,772,279,493
120000102,1042,1057,-15
120000103,1724,1048,676
120000104,2668,384,2284
120000105,3473,464,3009
120000106,3696,574,3122
120000107,6558,654,5904
120000108,2271,88,2183
120000109,1390,64,1326
120000110,45,484,-439
120000111,121,627,-506
120000112,661,1283,-622
120000113,484,1186,-702
120000114,467,1262,-795
120000115,368,1129,-761
120000116,536,1087,-551
120000117,487,760,-273
120000118,51,45,6
120000119,46,40,6
120000120,213,149,64
120000121,23,37,-14
120000122,260,807,-547
120000123,2250,10998,-8748
120000124,567,434,133
120000125,1115,460,655
120000126,409,1942,-1533
120000127,1169,2254,-1085
120000128,2136,5329,-3193
120000129,245,238,7
120000130,1095,509,586
120000131,610,557,53
120000134,287,254,33
120000135,1085,576,509
120000137,268,271,-3
120000138,1892,203,1689
120000139,355,220,135
120000140,1579,212,1367
120000141,457,695,-238
120000142,1247,391,856
120000143,4,59,-55
120000144,167,4,163
120000145,922,3,919
120000146,1134,1741,-607
120000149,539,654,-115
120000150,1736,12946,-11210
120000151,469,363,106
120000152,886,110,776
120000153,610,449,161
120000154,765,689,76
120000155,273,422,-149
120000156,438,2450,-2012
120000157,1093,587,506
120000158,1122,597,525
120000159,2083,1717,366
120000160,2545,2018,527
120000161,3588,2262,1326
120000162,146,349,-203
120000163,937,540,397
120000164,889,204,685
120000165,871,322,549
120000166,1686,281,1405
120000167,328,273,55
120000168,9,989,-980
120000169,80,2547,-2467
120000170,34,2540,-2506
120000171,7,982,-975
120000172,23,877,-854
120000173,375,1931,-1556
120000174,53,85,-32
120000175,40,115,-75
120000176,56,58,-2
120000177,570,103,467
120000178,14,23,-9
120000179,22,55,-33
120000180,32,95,-63
120000181,51,2127,-2076
120000182,76,1504,-1428
120000183,1,678,-677
120000184,231,1366,-1135
120000186,13,2186,-2173
120000187,19,1044,-1025
120000188,46,988,-942
120000190,96,78,18
120000191,121,136,-15
120000192,113,61,52
120000193,32,3,29
120000195,16,3,13
120000196,54,16,38
120000197,6,17,-11
120000198,332,19,313
120000199,437,0,437
120000200,308,1,307
120000201,48,62,-14
120000202,2,25,-23
120000203,147,107,40
120000207,0,35,-35
120000208,33,68,-35
120000209,27,22,5
120000210,61,30,31
120000211,331,4,327
120000212,328,0,328
120000213,170,97,73
120000214,0,115,-115
120000215,0,78,-78
120000216,192,17,175
120000217,284,838,-554
120000218,43,508,-465
120000219,1,318,-317
120000220,1,628,-627
120000225,2833,5,2828
120000226,690,2,688
120000227,1299,102,1197
120000228,15197,5313,9884
120000230,599,22,577
120000231,2172,700,1472
120000233,501,5,496
120000235,339,330,9
120000236,1364,2,1362
120000237,2,637,-635
120000238,0,786,-786
120000241,1428,4602,-3174
120000412,211,27,184
120000413,601,121,480
120000414,231,2,229
120000415,4,47,-43
120000416,112,10,102
120000417,3,92,-89
120000418,233,15,218
120000419,11,36,-25
120000420,57,12,45
120000421,6446,3726,2720
120000422,82,2306,-2224
120000423,2,65,-63
120000424,258,59,199
120000436,115,1180,-1065
120000437,80,112,-32
120000438,1658,224,1434
120000439,258,694,-436
120000443,168,0,168
120000444,1806,327,1479
120000445,2783,1062,1721
120000446,1654,190,1464
120000447,286,0,286
120000449,261,4,257
120000450,4,123,-119
120000451,186,195,-9
120000452,203,1,202
120000453,0,32,-32
120000454,21,110,-89
120000455,114,31,83
120000456,2474,5128,-2654
120000457,432,307,125
120000458,385,322,63
120000459,155,88,67
120000665,183,383,-200
120000668,126,2576,-2450
120000669,241,150,91
120000670,73,2211,-2138
120000671,2911,967,1944
120000672,69,371,-302
120900001,71,66,5
120900002,127,718,-591
120900003,218,12,206
120900004,43,186,-143
120900005,26,370,-344
120900006,932,240,692
120900007,250,42,208
120900008,523,394,129
120900009,407,23,384
120900010,741,187,554
120900011,107,232,-125
120900012,32,1376,-1344
120900013,443,87,356
120900014,3,201,-198
120900015,1005,99,906
120900016,2112,51,2061
120900017,1377,38,1339
120900018,197,122,75
120900019,674,416,258
120900020,638,970,-332
120900021,731,218,513
120900022,15,259,-244
120900023,409,16,393
120900024,1529,378,1151
120900025,1051,1075,-24
120900026,152,94,58
120900027,686,36,650
120900028,664,163,501
120900029,64,1055,-991
120900030,3131,709,2422
120900031,516,123,393
120900032,1725,94,1631
120900033,1643,230,1413
120900034,23,4301,-4278
120900035,19,31,-12
120900037,397,13,384
120900038,164,541,-377
120900039,309,40,269
120900040,499,4,495
120900041,35,14,21
120900042,815,34,781
120900043,167,68,99
120900044,13,583,-570
120900045,77,44,33
120900046,1109,17,1092
120900047,321,226,95
120900048,247,22,225
120900049,617,5,612
120900050,918,2711,-1793
120900051,406,91,315
120900052,1174,4,1170
120900053,608,31,577
120900054,639,217,422
120900055,912,5,907
120900056,1234,51,1183
120900057,371,15,356
120900058,916,3,913
120900059,235,6,229
120900060,79,31,48
120900061,215,112,103
120900062,541,15,526
120900063,1585,11,1574
120900064,964,3,961
120900065,980,1,979
120900066,511,59,452
120900067,253,71,182
120900068,539,0,539
120900069,689,5,684
120900071,61,0,61
120900072,1803,10,1793
120900073,1009,24,985
120900074,920,23,897
120900076,487,0,487
120900077,1080,187,893
120900078,1014,356,658
120900079,1409,75,1334
120900080,1562,606,956
120900081,2132,339,1793
120900082,244,405,-161
120900083,94,3,91
120900084,761,523,238
120900085,67,119,-52
120900086,60,726,-666
120900087,470,368,102
120900088,190,703,-513
120900089,1384,4708,-3324
120900090,291,12,279
120900091,546,1089,-543
120900092,301,244,57
120900093,971,109,862
120900094,240,120,120
120900095,267,13,254
120900096,73,99,-26
120900097,568,362,206
120900098,85,128,-43
120900099,133,59,74
120900100,30,152,-122
120900101,143,115,28
120900102,56,43,13
120900103,61,196,-135
120900104,11,59,-48
120900105,35,249,-214
120900106,591,196,395
120900107,122,86,36
120900108,21,242,-221
120900109,31,210,-179
120900110,10,211,-201
120900111,105,158,-53
120900112,22,319,-297
120900113,23,286,-263
120900114,35,124,-89
120900115,133,248,-115
120900116,628,111,517
120900117,18,148,-130
120900118,22,229,-207
120900119,9824,2541,7283
120900120,50,344,-294
120900121,38,253,-215
120900122,1024,134,890
120900123,18,137,-119
120900124,1,175,-174
120900125,3,270,-267
120900126,552,537,15
120900127,29,130,-101
120900128,517,847,-330
120900129,10,151,-141
120900130,5,271,-266
120900131,170,60,110
120900132,1399,105,1294
120900133,39,286,-247
120900134,174,232,-58
120900135,12,313,-301
120900136,45,77,-32
120900137,444,76,368
120900138,19,141,-122
120900139,0,261,-261
120900140,0,104,-104
120900141,213,168,45
120900142,6,103,-97
120900143,0,227,-227
120900144,0,35,-35
120900145,83,510,-427
120900146,20,282,-262
120900147,0,435,-435
120900148,187,73,114
120900149,0,73,-73
120900150,60,152,-92
120900151,58,165,-107
120900152,0,7,-7
120900153,3,1,2
120900154,0,76,-76
120900155,331,331,0
120900156,230,129,101
120900157,3,6,-3
120900158,58,179,-121
120900159,22,49,-27
120900160,32,356,-324
120900161,100,268,-168
120900162,90,540,-450
120900163,116,1195,-1079
120900164,1,118,-117
120900165,5,618,-613
120900166,32,758,-726
120900167,151,37,114
120900169,140,125,15
120900170,245,5003,-4758
120900171,326,170,156
120900172,134,2692,-2558
120900173,3,60,-57
120900174,11,87,-76
120900175,156,118,38
120900176,40,407,-367
120900177,1,2107,-2106
120900178,3,404,-401
120900179,273,245,28
120900180,47,193,-146
120900181,39,29,10
120900182,22,111,-89
120900183,519,108,411
120900184,224,27,197
120900185,1324,1927,-603
120900186,1,150,-149
120900187,575,838,-263
120900188,328,14,314
120900189,137,4176,-4039
120900190,232,4,228
120900191,38,15,23
120900192,4634,15733,-11099
120900194,44,90,-46
120900195,100,160,-60
120900196,471,47,424
120900197,894,162,732
120900198,223,279,-56
120900199,447,362,85
120900200,25,99,-74
120900201,185,66,119
120900202,0,76,-76
120900203,28,63,-35
120900204,71,144,-73
120900205,54,17,37
120900206,72,42,30
120900207,40,518,-478
121000001,587,2395,-1808
121000002,2421,2006,415
121000003,4910,2060,2850
121000004,2393,3099,-706
121000005,2045,2835,-790
121000006,3248,3282,-34
121000007,2174,7343,-5169
121000008,4097,6515,-2418
121000009,4339,9116,-4777
121000010,6757,7761,-1004
121000011,6192,11366,-5174
121000012,11834,7193,4641
121000013,6479,7728,-1249
121000014,6047,5612,435
121000015,5811,9884,-4073
121000016,4765,4612,153
121000017,2003,1850,153
121000018,3038,1871,1167
121000019,7857,7287,570
121000020,11060,15678,-4618
121000021,1708,1439,269
121000022,2406,3169,-763
121000023,2446,964,1482
121000024,4990,4855,135
121000025,402,1453,-1051
121000026,432,243,189
121000027,2144,1658,486
121000028,859,1106,-247
121000029,810,608,202
121000030,816,482,334
121000031,589,976,-387
121000032,227,138,89
121000034,337,594,-257
121000035,196,273,-77
121000036,934,1208,-274
121000037,435,1991,-1556
121000038,348,1124,-776
121000039,188,360,-172
121000041,539,508,31
121000042,222,325,-103
121000043,578,841,-263
121000044,1377,1353,24
121000045,414,223,191
121000046,834,895,-61
121000047,237,189,48
121000049,938,796,142
121000050,309,2536,-2227
121000051,720,342,378
121000052,458,1383,-925
121000053,333,168,165
121000054,30,470,-440
121000055,799,3741,-2942
121000056,1054,1462,-408
121000057,170,915,-745
121000058,177,238,-61
121000059,3361,1487,1874
121000060,615,1337,-722
121000061,79,421,-342
121000062,169,938,-769
121000063,1062,1423,-361
121000064,734,1077,-343
121000065,164,1153,-989
121000066,729,1666,-937
121000067,387,812,-425
121000068,494,623,-129
121000069,147,1390,-1243
121000070,1248,1800,-552
121000071,1455,2250,-795
121000072,1656,1404,252
121000073,1319,2410,-1091
121000074,239,478,-239
121000075,9,150,-141
121000076,331,358,-27
121000077,174,229,-55
121000078,122,261,-139
121000080,2109,723,1386
121000081,3609,3866,-257
121000082,98,448,-350
121000083,162,247,-85
121000084,260,267,-7
121000085,403,539,-136
121000086,1202,744,458
121000087,75,270,-195
121000088,582,797,-215
121000089,188,645,-457
121000090,189,605,-416
121000091,1294,1132,162
121000092,229,82,147
121000093,218,265,-47
121000094,370,797,-427
121000095,137,1345,-1208
121000096,6833,2930,3903
121000097,479,2726,-2247
121000098,702,522,180
121000099,824,655,169
121000100,917,207,710
121000101,428,226,202
121000102,336,171,165
121000103,202,122,80
121000104,272,66,206
121000105,391,71,320
121000106,323,174,149
121000107,1557,2926,-1369
121000109,1121,858,263
121000110,158,853,-695
121000114,5094,2625,2469
121000115,4696,951,3745
121000116,356,1442,-1086
121000117,234,442,-208
121000118,1827,313,1514
121000119,351,216,135
121000120,422,358,64
121000121,408,1644,-1236
121000123,856,539,317
121000127,159,112,47
121000128,1129,182,947
121000129,1176,284,892
121000130,696,633,63
121000131,1121,903,218
121000132,864,1491,-627
121000135,277,313,-36
121000136,945,1442,-497
121000137,847,368,479
121000138,538,1794,-1256
121000139,251,666,-415
121000141,294,256,38
121000142,617,1027,-410
121000143,151,21,130
121000144,447,959,-512
121000145,732,1103,-371
121000146,1143,1894,-751
121000147,1027,861,166
121000148,953,1156,-203
121000149,2185,3034,-849
121000152,375,321,54
121000153,1668,487,1181
121000154,1941,577,1364
121000155,2903,1378,1525
121000156,418,1215,-797
121000157,870,1238,-368
121000158,328,323,5
121000159,239,355,-116
121000160,306,540,-234
121000161,268,355,-87
121000162,127,69,58
121000165,1322,2170,-848
121000166,33,571,-538
121000168,389,335,54
121000169,81,170,-89
121000170,359,73,286
121000171,78,193,-115
121000172,1285,1323,-38
121000173,1994,1509,485
121000174,893,851,42
121000175,2280,662,1618
121000176,558,385,173
121000177,835,792,43
121000178,67,91,-24
121000179,42,57,-15
121000181,429,463,-34
121000182,202,438,-236
121000183,100,152,-52
121000184,24,211,-187
121000185,35,498,-463
121000186,311,805,-494
121000187,307,90,217
121000188,393,63,330
121000192,678,517,161
121000193,757,351,406
121000194,1976,2150,-174
121000195,299,1543,-1244
121000196,663,558,105
121000197,96,1922,-1826
121000198,170,272,-102
121000199,165,301,-136
121000200,637,205,432
121000201,10,335,-325
121000202,701,197,504
121000203,650,2443,-1793
121000204,3264,800,2464
121000205,95,362,-267
121000206,96,74,22
121000207,2393,459,1934
121000208,5,351,-346
121000209,822,78,744
121000210,969,295,674
121000211,459,232,227
121000212,466,642,-176
121000213,20764,3336,17428
121000214,1089,2169,-1080
121000215,852,3084,-2232
121000216,593,600,-7
121000217,4145,3889,256
121000218,479,2887,-2408
121000219,1801,949,852
121000220,189,104,85
121000221,166,661,-495
121000222,4341,3192,1149
121000223,241,1335,-1094
121000224,197,626,-429
121000225,587,4624,-4037
121000226,1079,1967,-888
121000227,61,171,-110
121000228,39,847,-808
121000229,416,573,-157
121000230,66,2863,-2797
121000231,2024,34,1990
121000232,512,433,79
121000233,560,380,180
121000234,33,86,-53
121000235,36,54,-18
121000236,6,122,-116
121000237,38,20,18
121000238,6,80,-74
121000239,78,7,71
121000240,5,128,-123
121000241,81,14,67
121000242,70,794,-724
121000243,194,96,98
121000244,6,96,-90
121000245,35,11,24
121000246,2,139,-137
121000247,163,6,157
121000248,428,1756,-1328
121000249,52,329,-277
121000250,607,405,202
121000251,16,226,-210
121000252,134,117,17
121000253,402,433,-31
121000254,893,196,697
121000255,161,307,-146
121000256,318,269,49
121000257,43,143,-100
121000258,63,192,-129
121000259,35,128,-93
121000260,77,119,-42
121000261,89,114,-25
121000262,2608,313,2295
121000263,612,463,149
121000271,1575,2273,-698
121000273,52,19,33
121000274,7,173,-166
121000275,1,18,-17
121000276,24,54,-30
121000278,48,35,13
121000279,20,56,-36
121000280,24,42,-18
121000289,447,26,421
121000290,1976,1742,234
121000294,257,45,212
121000297,451,1249,-798
121000299,113,2410,-2297
121000300,2131,966,1165
121000302,17,752,-735
121000303,660,245,415
121000304,686,67,619
121000305,269,83,186
121000306,332,277,55
121000308,82,277,-195
121000309,244,462,-218
121000310,136,256,-120
121000311,40,377,-337
121000312,622,471,151
121000313,279,285,-6
121000314,33,56,-23
121000315,19,62,-43
121000530,1893,2264,-371
121000531,2274,1759,515
121000532,5837,7327,-1490
121000533,3290,4342,-1052
121000918,21,55,-34
121000919,36,60,-24
121000938,91,149,-58
121000939,49,208,-159
121000956,1733,2348,-615
121000957,6,31,-25
121000958,6,150,-144
121000959,1520,342,1178
121000960,1400,1585,-185
121000961,338,60,278
121000962,1041,634,407
121000963,0,0,0
121000973,0,283,-283
121000976,3,96,-93
121000979,481,150,331
121000981,422,88,334
121000982,480,222,258
121000983,523,258,265
121000984,9,52,-43
121000985,982,298,684
121000986,460,145,315
121000987,280,530,-250
121000988,1243,186,1057
121001302,257,134,123
121001308,2,61,-59
121001309,26,439,-413
121001311,0,0,0
121001313,188,69,119
121001314,1542,1690,-148
121001315,6056,4282,1774
121001326,647,387,260
121900001,189,404,-215
121900002,40,48,-8
121900003,480,7,473
121900004,59,463,-404
121900005,39,5,34
121900006,144,25,119
121900007,1965,1670,295
121900008,66,244,-178
121900009,1033,10,1023
121900010,279,1,278
121900011,195,166,29
121900012,13,0,13
121900013,270,80,190
121900014,2209,421,1788
121900015,157,137,20
121900016,8,30,-22
121900017,875,702,173
121900018,840,10,830
121900019,654,175,479
121900020,74,0,74
121900021,873,17,856
121900022,223,273,-50
121900023,138,318,-180
121900024,545,54,491
121900025,561,531,30
121900026,426,98,328
121900027,369,151,218
121900028,187,8,179
121900029,111,282,-171
121900030,390,593,-203
121900031,1277,6382,-5105
121900032,109,28,81
121900033,209,383,-174
121900034,205,179,26
121900035,5955,3544,2411
121900036,183,453,-270
121900037,124,1432,-1308
121900038,52,79,-27
121900039,365,53,312
121900040,38,89,-51
121900041,44,333,-289
121900042,402,242,160
121900043,0,3,-3
121900044,65,22,43
121900046,160,196,-36
121900047,226,115,111
121900048,45,48,-3
121900050,30,88,-58
121900051,137,279,-142
121900052,138,48,90
121900053,597,309,288
121900054,378,2277,-1899
121900055,1,10,-9
121900058,408,500,-92
121900059,411,143,268
121900060,95,711,-616
121900062,82,91,-9
121900063,1568,578,990
121900064,394,789,-395
121900066,94,13,81
121900067,75,23,52
121900069,169,178,-9
121900070,128,189,-61
121900071,770,353,417
121900072,93,184,-91
121900073,221,446,-225
121900074,339,538,-199
121900075,278,1077,-799
121900076,475,1194,-719
121900078,106,16,90
121900079,0,0,0
121900080,902,233,669
121900082,87,208,-121
121900084,18,17,1
121900086,27,53,-26
121900087,82,232,-150
121900088,1192,2170,-978
121900089,302,207,95
121900090,55,45,10
121900091,92,24,68
121900092,129,101,28
121900093,90,74,16
121900094,21,20,1
121900095,369,140,229
121900096,913,799,114
121900097,645,169,476
121900098,5,1,4
121900099,296,35,261
121900100,61,314,-253
121900101,127,89,38
121900102,1,92,-91
121900103,335,328,7
121900104,1758,598,1160
121900105,304,173,131
121900106,3,14,-11
121900107,66,7,59
121900108,1,6,-5
121900109,265,213,52
121900110,697,526,171
121900111,556,283,273
121900112,80,262,-182
121900113,69,387,-318
121900114,63,86,-23
121900117,120,160,-40
121900118,3004,675,2329
121900119,152,67,85
121900120,54,782,-728
121900121,410,36,374
121900122,47,50,-3
121900123,187,434,-247
121900124,376,228,148
121900125,2994,1502,1492
121900127,12,98,-86
121900128,97,71,26
121900129,168,208,-40
121900130,163,252,-89
121900131,333,160,173
121900132,48,81,-33
121900133,26,764,-738
121900134,17,574,-557
121900135,5384,488,4896
121900136,544,193,351
121900137,26,314,-288
121900138,47,115,-68
121900139,356,5246,-4890
121900140,40,216,-176
121900141,91,34,57
121900142,115,61,54
121900143,32,165,-133
121900144,122,1019,-897
121900145,177,212,-35
121900146,444,699,-255
121900147,54,499,-445
121900148,273,469,-196
121900149,299,463,-164
121900150,53,210,-157
121900151,42,523,-481
121900152,148,79,69
121900153,37,261,-224
121900154,8,617,-609
121900155,1,209,-208
121900156,83,243,-160
121900157,2,413,-411
121900158,74,125,-51
121900159,1,218,-217
121900160,158,454,-296
121900161,190,734,-544
121900162,84,138,-54
121900163,457,215,242
121900164,224,477,-253
121900165,157,218,-61
121900166,99,202,-103
121900167,56,69,-13
121900168,94,163,-69
121900169,15,253,-238
121900170,30,104,-74
121900171,980,863,117
121900172,696,365,331
121900173,735,463,272
121900174,47,44,3
121900175,85,414,-329
121900176,515,1944,-1429
121900177,109,93,16
121900178,69,102,-33
121900179,706,463,243
121900180,1698,5798,-4100
121900182,600,1194,-594
121900183,474,1866,-1392
121900184,48,1879,-1831
121900186,6,699,-693
121900187,28,119,-91
121900188,679,236,443
121900189,57,59,-2
121900190,229,449,-220
121900191,109,946,-837
121900192,175,3404,-3229
121900193,70,523,-453
121900194,14,350,-336
121900195,19,52,-33
121900196,948,1152,-204
121900197,348,1074,-726
121900198,4690,3093,1597
121900199,2,48,-46
121900200,91,279,-188
121900201,862,669,193
121900202,163,822,-659
121900203,46,1764,-1718
121900204,1529,1510,19
121900205,16,185,-169
121900206,14,109,-95
121900207,43,65,-22
121900208,77,742,-665
121900209,54,40,14
121900210,3428,2012,1416
121900211,1175,462,713
121900212,72,179,-107
121900213,382,23,359
121900214,3,441,-438
121900215,30,182,-152
121900216,23,247,-224
121900217,227,246,-19
121900218,134,1404,-1270
121900220,147,12,135
121900221,636,514,122
121900222,326,112,214
121900223,145,163,-18
121900224,82,110,-28
121900225,103,290,-187
121900226,248,29,219
121900227,350,1899,-1549
121900228,155,163,-8
121900230,58,313,-255
121900231,42,1274,-1232
121900232,111,424,-313
121900233,459,223,236
121900234,249,245,4
121900235,592,143,449
121900236,354,147,207
121900237,223,801,-578
121900238,201,380,-179
121900239,170,57,113
121900240,155,184,-29
121900241,65,63,2
121900242,7,0,7
121900243,10,0,10
121900244,20,2,18
121900245,319,93,226
121900246,9495,584,8911
121900248,1820,962,858
121900250,143,628,-485
121900251,647,23,624
121900252,344,173,171
121900253,91,1463,-1372
121900254,309,598,-289
121900255,593,143,450
121900258,5164,1529,3635
121900259,146,587,-441
121900260,96,82,14
121900261,110,825,-715
121900262,958,1454,-496
121900263,265,160,105
121900264,851,774,77
121900265,354,110,244
121900266,629,113,516
121900267,95,38,57
121900269,186,891,-705
121900270,42,213,-171
121900271,27,185,-158
121900273,426,1737,-1311
121900274,335,386,-51
121900277,329,1407,-1078
121900278,107,1796,-1689
121900279,175,228,-53
121900280,99,582,-483
121900281,100,608,-508
121900284,31,3,28
121900286,167,71,96
121900287,13,18,-5
121900288,2,23,-21
121900290,202,1787,-1585
121900291,408,1315,-907
121900292,164,152,12
121900293,715,6196,-5481
121900294,437,3,434
121900295,114,129,-15
121900296,96,264,-168
121900298,118,1281,-1163
121900299,0,11,-11
121900300,42,14,28
121900301,31,2,29
121900302,1,99,-98
121900303,164,807,-643
121900304,4,19,-15
121900305,6,12,-6
121900306,278,2,276
121900307,174,5,169
121900308,4,106,-102
121900309,9,115,-106
121900310,16,162,-146
121900311,749,20,729
121900312,572,11,561
121900313,545,30,515
121900314,4,12,-8
121900315,32,0,32
121900316,0,10,-10
121900317,68,3,65
121900318,18,5,13
121900319,48,243,-195
121900320,27,31,-4
121900321,37,4,33
121900322,4,7,-3
121900323,82,41,41
121900324,2,32,-30
121900325,44,7,37
121900326,3,3,0
121900327,1,47,-46
121900328,0,45,-45
121900329,5,60,-55
121900330,0,191,-191
121900331,15,15,0
121900332,44,18,26
121900333,101,2,99
121900334,51,37,14
122000001,1159,6858,-5699
122000002,2140,1354,786
122000003,1077,3066,-1989
122000004,1289,1262,27
122000005,7065,2988,4077
122000006,611,1819,-1208
122000007,597,2273,-1676
122000008,1005,4162,-3157
122000009,969,774,195
122000010,3515,3805,-290
122000011,8050,3117,4933
122000012,703,6094,-5391
122000013,596,2876,-2280
122000014,7110,2355,4755
122000015,1058,1037,21
122000016,488,766,-278
122000017,1499,1598,-99
122000018,2910,2649,261
122000019,1109,2885,-1776
122000020,170,647,-477
122000021,203,411,-208
122000022,1683,2422,-739
122000023,1391,2483,-1092
122000024,507,3913,-3406
122000025,567,4946,-4379
122000026,353,1742,-1389
122000027,695,981,-286
122000028,2168,812,1356
122000029,218,1340,-1122
122000030,181,252,-71
122000031,170,505,-335
122000032,9269,4508,4761
122000033,367,6605,-6238
122000034,299,1222,-923
122000035,179,766,-587
122000036,553,701,-148
122000037,1582,389,1193
122000038,302,696,-394
122000039,636,1565,-929
122000040,229,364,-135
122000041,1046,1559,-513
122000042,441,1138,-697
122000043,113,275,-162
122000044,85,128,-43
122000045,3247,1556,1691
122000046,936,1964,-1028
122000047,107,311,-204
122000048,2252,3670,-1418
122000049,7848,4027,3821
122000050,628,1470,-842
122000051,188,613,-425
122000052,470,606,-136
122000053,252,1149,-897
122000054,1477,2721,-1244
122000055,1621,4746,-3125
122000056,2888,3092,-204
122000057,5374,4848,526
122000058,719,2916,-2197
122000059,794,5642,-4848
122000060,222,1572,-1350
122000061,185,1165,-980
122000062,539,234,305
122000063,405,2300,-1895
122000064,2953,9043,-6090
122000065,2440,4194,-1754
122000066,244,1268,-1024
122000067,1081,2278,-1197
122000068,2966,1248,1718
122000069,1687,1825,-138
122000070,1207,1604,-397
122000071,5271,1428,3843
122000072,1841,1348,493
122000073,227,2983,-2756
122000074,2668,1523,1145
122000075,1190,1043,147
122000076,13312,3007,10305
122000077,545,3448,-2903
122000078,598,7036,-6438
122000079,288,4268,-3980
122000080,491,990,-499
122000081,95,296,-201
122000082,274,1888,-1614
122000083,6615,1027,5588
122000084,6594,1725,4869
122000085,307,1017,-710
122000086,3803,8181,-4378
122000087,250,387,-137
122000088,78,323,-245
122000089,7526,2879,4647
122000090,336,1642,-1306
122000091,97,683,-586
122000092,47,153,-106
122000093,1908,5838,-3930
122000094,7175,3480,3695
122000095,633,5416,-4783
122000096,348,2938,-2590
122000098,4395,4794,-399
122000099,664,2510,-1846
122000100,631,880,-249
122000101,301,500,-199
122000102,3537,1056,2481
122000103,1425,1686,-261
122000104,2834,182,2652
122000105,655,811,-156
122000106,450,2845,-2395
122000107,1292,508,784
122000108,740,893,-153
122000109,606,283,323
122000110,961,902,59
122000111,5031,1657,3374
122000112,2464,1781,683
122000113,936,1147,-211
122000114,1717,4145,-2428
122000115,2244,1524,720
122000116,366,626,-260
122000117,1545,376,1169
122000118,776,614,162
122000119,2449,1754,695
122000120,680,3106,-2426
122000121,625,1895,-1270
122000122,305,738,-433
122000123,1049,1525,-476
122000124,633,550,83
122000125,392,493,-101
122000126,270,603,-333
122000127,336,661,-325
122000128,196,338,-142
122000129,379,1926,-1547
122000130,2203,1238,965
122000131,849,1024,-175
122000132,228,455,-227
122000133,836,1025,-189
122000134,887,541,346
122000135,377,257,120
122000136,894,544,350
122000137,2247,1013,1234
122000139,891,3666,-2775
122000140,249,1920,-1671
122000141,5208,3138,2070
122000142,135,3201,-3066
122000143,270,553,-283
122000144,1347,1155,192
122000145,751,1273,-522
122000146,646,4350,-3704
122000147,631,1107,-476
122000148,439,1708,-1269
122000149,1565,1245,320
122000150,1442,1133,309
122000151,124,408,-284
122000152,406,394,12
122000153,450,565,-115
122000154,271,231,40
122000155,1561,2515,-954
122000156,10002,5137,4865
122000157,616,9983,-9367
122000158,241,998,-757
122000159,523,1435,-912
122000160,1798,1943,-145
122000161,978,1144,-166
122000162,976,1771,-795
122000163,439,222,217
122000164,78,341,-263
122000165,1219,1951,-732
122000166,916,3089,-2173
122000167,335,579,-244
122000168,195,1340,-1145
122000169,412,313,99
122000170,406,374,32
122000171,32,86,-54
122000172,2429,1483,946
122000173,1613,3564,-1951
122000174,1440,2160,-720
122000175,790,419,371
122000176,239,1632,-1393
122000177,951,1940,-989
122000178,7759,4017,3742
122000179,3848,4737,-889
122000180,664,1225,-561
122000181,766,2243,-1477
122000182,1900,1128,772
122000183,3144,1154,1990
122000184,3317,4333,-1016
122000185,1085,4819,-3734
122000186,785,2806,-2021
122000187,1732,1725,7
122000188,477,427,50
122000189,183,577,-394
122000190,800,2821,-2021
122000191,635,844,-209
122000192,1130,471,659
122000193,372,870,-498
122000194,536,303,233
122000195,119,1080,-961
122000196,946,432,514
122000197,415,628,-213
122000198,448,3076,-2628
122000199,338,543,-205
122000200,1040,804,236
122000201,1402,3608,-2206
122000202,927,2816,-1889
122000203,2037,1456,581
122000204,931,1386,-455
122000205,561,891,-330
122000206,6093,1357,4736
122000207,1787,1869,-82
122000208,2148,2771,-623
122000209,2326,885,1441
122000210,1996,3046,-1050
122000211,919,2011,-1092
122000212,752,626,126
122000213,1023,1692,-669
122000214,1792,1831,-39
122000215,2412,2081,331
122000217,1764,3255,-1491
122000218,857,87,770
122000219,1154,1166,-12
122000220,275,816,-541
122000221,125,344,-219
122000222,554,162,392
122000223,914,702,212
122000225,589,576,13
122000226,1198,1495,-297
122000227,179,1718,-1539
122000228,289,279,10
122000229,54,446,-392
122000230,43,360,-317
122000231,414,738,-324
122000232,431,840,-409
122000233,1,62,-61
122000234,533,69,464
122000235,751,90,661
122000236,1279,51,1228
122000237,101,77,24
122000238,319,304,15
122000239,915,170,745
122000240,1492,691,801
122000241,1998,426,1572
122000242,752,198,554
122000243,432,30,402
122000244,102,231,-129
122000245,132,121,11
122000246,430,210,220
122000247,749,260,489
122000248,916,693,223
122000249,1839,1095,744
122000250,2108,1325,783
122000251,80,330,-250
122000252,170,123,47
122000253,42,169,-127
122000254,296,92,204
122000255,508,621,-113
122000256,202,419,-217
122000257,222,131,91
122000258,265,291,-26
122000259,64,325,-261
122000260,288,531,-243
122000261,16,282,-266
122000262,1,48,-47
122000263,256,388,-132
122000264,1441,498,943
122000265,2831,1224,1607
122000266,3879,654,3225
122000267,145,134,11
122000268,145,526,-381
122000269,920,483,437
122000270,490,265,225
122000271,249,2270,-2021
122000272,402,1522,-1120
122000273,457,651,-194
122000274,252,262,-10
122000275,164,192,-28
122000276,968,409,559
122000277,1238,1651,-413
122000278,2319,419,1900
122000279,209,253,-44
122000280,642,366,276
122000281,540,545,-5
122000282,207,421,-214
122000283,145,201,-56
122000284,149,79,70
122000285,313,74,239
122000286,37,160,-123
122000287,1718,1239,479
122000288,543,263,280
122000291,3373,834,2539
122000293,158,82,76
122000294,170,339,-169
122000295,1216,155,1061
122000296,22,972,-950
122000297,1792,4196,-2404
122000299,615,518,97
122000300,414,420,-6
122000301,6756,3994,2762
122000302,421,2674,-2253
122000303,1839,910,929
122000304,48,202,-154
122000305,1387,717,670
122000306,78,359,-281
122000307,79,127,-48
122000309,47,38,9
122000310,23,84,-61
122000311,80,105,-25
122000312,115,346,-231
122000313,83,100,-17
122000314,117,481,-364
122000315,320,39,281
122000316,1160,368,792
122000317,2367,313,2054
122000318,306,724,-418
122000319,144,415,-271
122000320,311,781,-470
122000321,53,122,-69
122000322,1880,2419,-539
122000323,644,4595,-3951
122000324,2195,3182,-987
122000325,802,6392,-5590
122000326,183,67,116
122000327,352,1173,-821
122000328,546,411,135
122000330,3270,2625,645
122000333,9,54,-45
122000337,1117,428,689
122000338,513,202,311
122000340,158,4576,-4418
122000342,1640,654,986
122000343,515,442,73
122000344,71,17,54
122000345,33,20,13
122000346,235,168,67
122000348,719,728,-9
122000349,75,436,-361
122000351,196,293,-97
122000352,248,206,42
122000353,191,71,120
122000355,112,311,-199
122000356,371,2765,-2394
122000357,60,17,43
122000358,0,19,-19
122000359,0,17,-17
122000360,0,25,-25
122000362,6,28,-22
122000364,265,161,104
122000365,3,41,-38
122000366,67,7,60
122000368,492,709,-217
122000370,20,7,13
122000371,17,0,17
122000372,13,1,12
122000381,192,434,-242
122000382,69,250,-181
122000384,1621,1522,99
122000385,53,0,53
122000386,150,2371,-2221
122000387,423,1797,-1374
122000388,947,1610,-663
122000389,199,1921,-1722
122000390,300,489,-189
122000391,147,1543,-1396
122000392,213,150,63
122000393,194,196,-2
122000394,729,126,603
122000395,96,141,-45
122000396,295,95,200
122000397,22,39,-17
122000398,5,88,-83
122000399,138,80,58
122000400,53,1573,-1520
122000401,188,74,114
122000402,401,217,184
122000403,451,329,122
122000404,201,188,13
122000408,597,928,-331
122000503,11,74,-63
122000524,54,430,-376
122000544,62,2549,-2487
122000614,373,416,-43
122000616,239,2,237
122000640,133,70,63
122000641,269,164,105
122000642,1365,536,829
122000643,37,186,-149
122000644,99,19,80
122000645,37,182,-145
122000651,456,3615,-3159
122000664,160,73,87
122000665,1364,584,780
122000666,562,1100,-538
122000673,54,180,-126
122000674,402,104,298
122000675,1866,619,1247
122000686,493,2072,-1579
122000687,1786,322,1464
122000688,256,314,-58
122000689,1145,144,1001
122000690,3269,146,3123
122000691,1041,552,489
122000692,1283,205,1078
122000693,354,809,-455
122000695,383,236,147
122000696,703,87,616
122000698,330,199,131
122000699,268,43,225
122000701,2101,228,1873
122000702,384,1244,-860
122000703,235,95,140
122000712,0,0,0
122000717,107,97,10
122000718,686,3221,-2535
122000719,129,128,1
122000720,974,76,898
122000724,187,244,-57
122900001,36,16,20
122900002,571,6318,-5747
122900003,391,38,353
122900004,1648,74,1574
122900005,65,101,-36
122900006,241,735,-494
122900007,45,86,-41
122900008,141,143,-2
122900009,1282,396,886
122900010,290,148,142
122900012,155,380,-225
122900014,121,106,15
122900015,712,1118,-406
122900016,174,171,3
122900017,212,1504,-1292
122900018,142,11,131
122900020,124,356,-232
122900021,46,252,-206
122900022,1266,767,499
122900023,348,108,240
122900024,112,129,-17
122900025,12,283,-271
122900026,24,146,-122
122900027,23,521,-498
122900028,60,106,-46
122900029,6760,2251,4509
122900030,2636,448,2188
122900031,57,420,-363
122900032,588,321,267
122900033,146,194,-48
122900034,3658,4230,-572
122900035,16,7,9
122900036,62,48,14
122900037,519,157,362
122900038,104,3239,-3135
122900039,66,462,-396
122900040,224,1477,-1253
122900041,182,336,-154
122900042,131,320,-189
122900043,257,254,3
122900044,105,329,-224
122900045,181,310,-129
122900046,117,307,-190
122900047,120,196,-76
122900048,27,214,-187
122900049,3283,208,3075
122900051,37,607,-570
122900052,139,81,58
122900053,18,26,-8
122900055,247,30,217
122900057,234,50,184
122900061,392,67,325
122900062,541,616,-75
122900063,194,130,64
122900064,714,374,340
122900065,543,260,283
122900066,673,315,358
122900067,653,449,204
122900069,468,1438,-970
122900070,441,38,403
122900071,112,226,-114
122900073,20,84,-64
122900074,788,128,660
122900075,0,53,-53
122900076,1,207,-206
122900077,30,56,-26
122900078,249,14,235
122900080,39,75,-36
122900081,135,141,-6
122900082,1107,150,957
122900083,114,87,27
122900084,12,115,-103
122900086,11,96,-85
122900087,478,413,65
122900088,36,983,-947
122900089,200,150,50
122900090,5,340,-335
122900091,348,0,348
122900092,255,82,173
122900093,0,75,-75
122900094,0,110,-110
122900095,202,38,164
122900096,223,24,199
122900097,29,42,-13
122900098,22,164,-142
122900099,160,30,130
122900100,61,804,-743
122900101,491,373,118
122900102,54,29,25
122900103,337,6,331
122900104,314,4,310
122900105,27,25,2
122900106,1,25,-24
122900107,8,58,-50
122900108,4,123,-119
122900109,340,89,251
123000001,747,1696,-949
123000002,2834,8148,-5314
123000003,4987,3944,1043
123000004,2945,4076,-1131
123000005,3303,3098,205
123000006,2480,1953,527
123000007,4725,2897,1828
123000008,3040,2766,274
123000009,4028,3178,850
123000010,3213,4484,-1271
123000011,1576,2327,-751
123000012,791,5333,-4542
123000013,4724,1929,2795
123000014,1007,4192,-3185
123000015,1948,1409,539
123000016,2848,3139,-291
123000017,4760,2072,2688
123000018,112,113,-1
123000019,649,38,611
123000020,403,33,370
123000021,256,232,24
123000022,389,2020,-1631
123000023,2642,2644,-2
123000024,1880,1131,749
123000025,347,115,232
123000026,38,161,-123
123000027,58,1056,-998
123000028,706,1690,-984
123000029,433,1630,-1197
123000030,309,52,257
123000031,349,146,203
123000032,740,89,651
123000033,463,133,330
123000034,1257,995,262
123000035,401,628,-227
123000036,192,1489,-1297
123000037,228,143,85
123000038,67,409,-342
123000039,542,1987,-1445
123000040,430,258,172
123000041,685,2018,-1333
123000042,464,1364,-900
123000043,1039,12036,-10997
123000044,2543,2330,213
123000045,3127,1642,1485
123000046,286,1438,-1152
123000047,288,1215,-927
123000048,59,1658,-1599
123000049,3416,6380,-2964
123000050,2157,1599,558
123000051,102,212,-110
123000052,838,3436,-2598
123000053,2248,2983,-735
123000054,2379,1513,866
123000055,2193,5533,-3340
123000056,1199,799,400
123000057,2466,1214,1252
123000058,389,217,172
123000059,102,119,-17
123000060,975,348,627
123000061,272,481,-209
123000063,1116,975,141
123000064,1627,1398,229
123000065,3260,1275,1985
123000066,397,462,-65
123000067,1192,446,746
123000068,1599,2201,-602
123000069,3059,1452,1607
123000070,99,88,11
123000071,2504,1451,1053
123000072,1255,580,675
123000073,2651,860,1791
123000074,1185,634,551
123000075,719,1972,-1253
123000076,856,393,463
123000077,3146,2463,683
123000078,3093,1665,1428
123000079,3199,1806,1393
123000080,2862,1051,1811
123000081,357,414,-57
123000082,674,1616,-942
123000083,786,681,105
123000084,1933,813,1120
123000085,1171,2253,-1082
123000086,1400,808,592
123000087,762,504,258
123000088,2132,651,1481
123000089,1229,982,247
123000090,1624,824,800
123000091,1869,1470,399
123000092,1087,1193,-106
123000094,986,664,322
123000095,1096,538,558
123000096,1432,317,1115
123000097,936,371,565
123000098,1253,434,819
123000099,805,400,405
123000100,285,784,-499
123000101,371,508,-137
123000102,623,957,-334
123000104,553,536,17
123000105,290,454,-164
123000106,498,473,25
123000107,291,429,-138
123000108,493,1071,-578
123000111,1559,2169,-610
123000112,1110,844,266
123000113,815,1147,-332
123000114,458,790,-332
123000115,258,269,-11
123000116,61,112,-51
123000117,1713,939,774
123000118,537,477,60
123000119,310,491,-181
123000120,762,908,-146
123000121,667,924,-257
123000122,503,335,168
123000123,624,713,-89
123000124,462,343,119
123000125,1241,1166,75
123000126,1018,3718,-2700
123000127,590,712,-122
123000128,255,361,-106
123000129,910,257,653
123000130,1133,96,1037
123000131,1416,919,497
123000132,326,591,-265
123000133,120,261,-141
123000134,291,152,139
123000135,2225,4508,-2283
123000136,194,361,-167
123000137,129,169,-40
123000138,109,178,-69
123000139,637,139,498
123000140,75,318,-243
123000141,633,122,511
123000142,1204,749,455
123000143,841,1779,-938
123000144,30,21,9
123000145,182,251,-69
123000146,19,187,-168
123000147,53,206,-153
123000149,312,376,-64
123000150,151,229,-78
123000151,167,751,-584
123000152,94,231,-137
123000153,201,859,-658
123000154,1038,2343,-1305
123000155,1716,1356,360
123000156,20,135,-115
123000157,565,680,-115
123000158,469,928,-459
123000159,2925,4043,-1118
123000160,1761,1432,329
123000161,1590,1125,465
123000162,1000,1098,-98
123000163,1049,248,801
123000164,1640,398,1242
123000165,289,620,-331
123000166,37,68,-31
123000167,144,137,7
123000168,388,102,286
123000169,1061,121,940
123000170,101,34,67
123000171,1007,9,998
123000172,132,372,-240
123000173,685,384,301
123000174,781,415,366
123000175,389,770,-381
123000176,719,273,446
123000177,278,703,-425
123000178,1048,797,251
123000179,37,170,-133
123000180,2059,412,1647
123000181,286,734,-448
123000182,281,157,124
123000183,177,596,-419
123000184,157,361,-204
123000185,1029,397,632
123000186,7,334,-327
123000187,692,27,665
123000188,478,2,476
123000189,58,199,-141
123000190,8,110,-102
123000192,39,329,-290
123000193,100,527,-427
123000194,205,242,-37
123000195,1120,75,1045
123000196,308,47,261
123000197,136,14,122
123000198,15,645,-630
123000199,6,374,-368
123000200,704,10,694
123000201,624,11,613
123000202,12,284,-272
123000203,1204,50,1154
123000204,28,220,-192
123000205,292,734,-442
123000206,3500,496,3004
123000207,78,818,-740
123000208,868,761,107
123000209,2833,949,1884
123000210,202,1104,-902
123000211,271,1186,-915
123000212,5056,757,4299
123000213,995,90,905
123000215,107,218,-111
123000216,146,1047,-901
123000217,231,52,179
123000218,27,667,-640
123000219,743,78,665
123000220,643,95,548
123000221,245,228,17
123000222,304,235,69
123000223,502,123,379
123000224,448,248,200
123000225,251,52,199
123000226,93,410,-317
123000227,95,240,-145
123000228,251,45,206
123000229,702,1116,-414
123000232,120,421,-301
123000233,1010,101,909
123000234,213,424,-211
123000235,1387,266,1121
123000236,272,457,-185
123000237,495,118,377
123000238,38,278,-240
123000239,458,514,-56
123000240,105,1203,-1098
123000241,393,97,296
123000242,134,327,-193
123000243,767,751,16
123000244,689,513,176
123000245,31,150,-119
123000249,2060,567,1493
123000252,1019,410,609
123000253,1591,587,1004
123000254,737,666,71
123000255,1069,777,292
123000256,108,357,-249
123000257,1533,941,592
123000258,1247,540,707
123000259,752,472,280
123000260,621,238,383
123000261,303,167,136
123000262,105,78,27
123000263,546,100,446
123000264,216,100,116
123000265,45,94,-49
123000266,466,409,57
123000267,580,291,289
123000268,46,50,-4
123000269,119,107,12
123000270,25,53,-28
123000271,55,44,11
123000272,772,387,385
123000273,247,1235,-988
123000274,1087,902,185
123000275,225,765,-540
123000278,1565,3075,-1510
123000279,176,77,99
123000280,337,201,136
123000281,389,131,258
123000282,61,316,-255
123000283,207,75,132
123000284,55,38,17
123000286,88,601,-513
123000287,349,393,-44
123000288,996,1170,-174
123000289,245,1353,-1108
123000291,121,923,-802
123000294,165,281,-116
123000295,578,1246,-668
123000296,737,547,190
123000297,1008,361,647
123000298,1220,188,1032
123000299,337,260,77
123000300,2258,1650,608
123000301,172,503,-331
123000302,147,88,59
123000303,62,333,-271
123000305,1013,983,30
123000306,246,73,173
123000309,21,89,-68
123000310,46,73,-27
123000311,680,93,587
123000312,480,341,139
123000313,700,521,179
123000315,96,206,-110
123000316,702,672,30
123000317,247,69,178
123000318,45,180,-135
123000329,10,34,-24
123000337,644,1019,-375
123000338,186,194,-8
123000339,418,43,375
123000340,86,201,-115
123000342,14,114,-100
123000343,86,39,47
123000344,512,255,257
123000345,331,479,-148
123000346,731,54,677
123000352,1229,849,380
123000353,97,106,-9
123000354,635,37,598
123000355,0,178,-178
123000356,527,15,512
123000357,0,88,-88
123000359,19,60,-41
123000360,234,118,116
123000361,257,163,94
123000362,392,58,334
123000363,82,103,-21
123000364,623,708,-85
123000365,23,398,-375
123000366,275,2801,-2526
123000367,474,811,-337
123000370,33,838,-805
123000371,485,91,394
123000372,470,43,427
123000373,5,300,-295
123000374,16,73,-57
123000375,515,41,474
123000376,925,983,-58
123000377,555,26,529
123000378,4,203,-199
123000379,1,271,-270
123000380,8,305,-297
123000381,32,77,-45
123000382,424,114,310
123000383,122,687,-565
123000384,624,117,507
123000385,90,535,-445
123000436,33,1367,-1334
123000507,96,194,-98
123000508,276,1733,-1457
123000517,269,32,237
123000518,15,119,-104
123000519,200,85,115
123000520,61,103,-42
123000521,780,111,669
123000522,137,204,-67
123000541,19,3,16
123000542,0,2,-2
123000565,1286,32,1254
123000566,394,171,223
123000567,70,92,-22
123000573,37,488,-451
123000574,908,89,819
123000575,1920,605,1315
123000576,753,941,-188
123000577,57,688,-631
123000578,354,165,189
123000579,1130,8651,-7521
123000580,176,73,103
123000582,450,37,413
123000583,17,298,-281
123000584,225,318,-93
123000585,0,56,-56
123000586,117,0,117
123000596,90,95,-5
123000597,52,282,-230
123000602,114,15,99
123000603,1542,418,1124
123000604,821,292,529
123000605,877,117,760
123000606,0,459,-459
123000609,23,445,-422
123000610,78,61,17
123000613,57,137,-80
123000614,325,34,291
123000615,86,129,-43
123000616,958,47,911
123000617,103,156,-53
123000618,28,491,-463
123000619,359,58,301
123000620,22,344,-322
123000622,417,24,393
123000624,236,26,210
123000630,2425,555,1870
123000631,255,547,-292
123000632,1254,1040,214
123000633,0,241,-241
123000634,76,371,-295
123000635,62,137,-75
123000636,64,341,-277
123000637,277,33,244
123000638,585,46,539
123000639,653,6213,-5560
123000640,8,297,-289
123000648,1518,1208,310
123000649,186,629,-443
123000650,154,47,107
123000651,13,103,-90
123000652,178,2,176
123000653,0,1,-1
123900001,917,30,887
123900002,24,1280,-1256
123900003,117,395,-278
123900005,260,276,-16
123900006,466,82,384
124000001,1760,154,1606
124000002,38,991,-953
124000003,1179,169,1010
124000004,66,360,-294
124000005,1227,598,629
124000006,182,426,-244
124000007,570,80,490
124000008,23,363,-340
124000009,1104,251,853
124000010,292,206,86
124000011,1007,311,696
124000012,203,215,-12
124000017,250,132,118
124000018,113,77,36
124000019,208,189,19
124000020,24,76,-52
124000021,175,121,54
124000022,63,129,-66
124000023,576,208,368
124000024,920,366,554
124000025,815,473,342
124000026,736,302,434
124000027,1097,666,431
124000028,1315,449,866
124000031,1445,4409,-2964
124000032,979,469,510
124000033,932,706,226
124000034,330,681,-351
124000035,439,199,240
124000036,161,302,-141
124000037,339,943,-604
124000038,8,91,-83
124000039,355,264,91
124000040,176,823,-647
124000041,450,103,347
124000042,100,294,-194
124000043,100,118,-18
124000044,74,121,-47
124000045,1348,281,1067
124000046,221,465,-244
124000047,1970,605,1365
124000048,684,462,222
124000049,2284,492,1792
124000050,851,915,-64
124000051,1384,414,970
124000052,601,505,96
124000053,666,2078,-1412
124000054,563,243,320
124000055,1212,4935,-3723
124000056,1199,710,489
124000057,1516,490,1026
124000058,525,676,-151
124000059,1089,1208,-119
124000060,423,431,-8
124000061,1327,7149,-5822
124000062,2499,1217,1282
124000063,1161,995,166
124000064,1489,997,492
124000065,123,621,-498
124000066,277,145,132
124000067,154,87,67
124000068,109,95,14
124000069,802,145,657
124000070,319,165,154
124000071,372,177,195
124000072,289,403,-114
124000073,1048,154,894
124000074,164,390,-226
124000075,399,24,375
124000076,11,60,-49
124000077,373,458,-85
124000078,1220,1140,80
124000079,171,981,-810
124000080,1022,168,854
124000081,190,305,-115
124000082,90,237,-147
124000083,39,91,-52
124000084,43,987,-944
124000085,65,57,8
124000086,25,197,-172
124000087,187,101,86
124000088,58,431,-373
124000089,848,203,645
124000090,143,187,-44
124000091,657,113,544
124000092,243,384,-141
124000093,160,152,8
124000094,141,389,-248
124000095,112,117,-5
124000096,169,172,-3
124000097,204,130,74
124000098,87,76,11
124000099,275,97,178
124000100,63,140,-77
124000101,165,128,37
124000102,118,61,57
124000103,264,192,72
124000104,128,33,95
124000105,211,151,60
124000106,177,39,138
124000107,28,314,-286
124000108,50,17,33
124000109,159,130,29
124000110,107,51,56
124000111,250,74,176
124000112,940,433,507
124000113,110,134,-24
124000114,443,261,182
124000115,272,679,-407
124000116,117,220,-103
124000117,26,119,-93
124000118,43,101,-58
124000119,913,797,116
124000120,482,748,-266
124000121,1457,780,677
124000122,406,1326,-920
124000123,977,466,511
124000124,248,607,-359
124000125,491,396,95
124000126,306,361,-55
124000127,1168,349,819
124000128,510,449,61
124000129,1822,1388,434
124000130,382,405,-23
124000131,750,767,-17
124000132,461,537,-76
124000133,1300,867,433
124000134,763,603,160
124000135,1481,1718,-237
124000136,443,757,-314
124000137,789,901,-112
124000138,754,899,-145
124000139,610,140,470
124000140,57,449,-392
124000141,959,43,916
124000142,46,389,-343
124000143,89,17,72
124000144,1,79,-78
124000145,199,37,162
124000146,39,103,-64
124000148,69,98,-29
124000149,1029,342,687
124000150,208,448,-240
124000151,1089,391,698
124000152,610,827,-217
124000153,850,745,105
124000154,279,475,-196
124000155,1207,740,467
124000156,669,667,2
124000169,169,555,-386
124000170,843,585,258
124000171,368,281,87
124000172,260,446,-186
124000173,773,207,566
124000174,422,446,-24
124000175,4,29,-25
124000176,82,31,51
124000177,1,10,-9
124000178,80,38,42
124000185,78,16,62
124000186,10,23,-13
124000187,4,60,-56
124000188,138,15,123
124000190,50,70,-20
124000191,41,381,-340
124000192,838,568,270
124000193,169,2199,-2030
124000194,270,357,-87
124000195,387,502,-115
124000196,668,671,-3
124000197,44,59,-15
124000198,79,70,9
124000201,124,429,-305
124000202,624,166,458
124000203,608,152,456
124000204,1209,176,1033
124000205,141,264,-123
124000206,984,305,679
124000207,0,20,-20
124000209,249,120,129
124000210,749,175,574
124000211,840,1,839
124000212,0,108,-108
124000213,602,146,456
124000214,533,223,310
124000215,560,10,550
124000216,2,124,-122
124000329,80,436,-356
124000338,74,248,-174
124000339,1546,70,1476
124000341,1873,40,1833
124000344,82,42,40
124000357,1773,3919,-2146
124000358,1402,3020,-1618
124000359,1322,900,422
124000360,1200,593,607
124000361,1563,1083,480
124000362,1105,1646,-541
124000363,355,300,55
124000364,570,518,52
124000365,775,861,-86
124000366,2167,1374,793
124000367,78,207,-129
124000368,517,592,-75
124000369,69,92,-23
124000370,72,468,-396
124000402,30,12,18
124000403,196,38,158
124000404,26,38,-12
124000405,831,636,195
124000406,428,372,56
124000407,3,10,-7
124000411,3,167,-164
124000412,454,5,449
124000413,76,108,-32
124000414,127,100,27
124000415,72,41,31
124000416,129,146,-17
124000417,297,114,183
124000418,356,59,297
124000419,143,29,114
124000420,189,41,148
124000421,45,41,4
124000422,23,22,1
124000423,97,42,55
124000424,3,38,-35
124000425,159,9,150
124000426,0,63,-63
124000427,249,7,242
124000428,5,264,-259
124000429,66,9,57
124000430,907,372,535
124000431,368,224,144
124000432,250,674,-424
124000439,9,4,5
124000443,3,9,-6
124000445,179,3174,-2995
124000446,604,325,279
124000447,35,194,-159
124000448,269,30,239
124000449,281,17,264
124000450,24,40,-16
124000451,0,26,-26
124000452,305,75,230
124000453,2313,3546,-1233
124000454,1054,3881,-2827
124900001,1033,402,631
124900002,264,174,90
124900003,1313,358,955
124900004,1287,257,1030
124900005,234,81,153
124900006,1071,218,853
124900008,739,444,295
124900009,88,345,-257
124900010,153,163,-10
124900011,563,363,200
124900012,350,92,258
124900013,584,132,452
124900014,403,50,353
124900015,171,326,-155
124900016,73,110,-37
124900017,399,2611,-2212
124900018,95,21,74
124900020,99,45,54
124900021,358,78,280
124900022,36,14,22
124900024,474,26,448
124900026,61,17,44
124900027,125,439,-314
124900028,208,92,116
124900029,24,516,-492
124900030,0,40,-40
124900031,23,178,-155
124900032,202,158,44
124900033,158,193,-35
124900034,0,77,-77
124900035,136,271,-135
124900036,0,67,-67
124900037,155,116,39
124900038,142,160,-18
124900039,12,125,-113
124900040,105,91,14
124900041,347,408,-61
124900042,60,1,59
124900043,608,352,256
124900044,102,1,101
124900045,215,1030,-815
124900047,56,82,-26
124900048,297,69,228
124900050,221,81,140
124900052,96,230,-134
124900053,224,147,77
124900054,794,372,422
124900055,0,139,-139
124900057,5,88,-83
124900060,43,189,-146
124900061,101,5,96
124900062,225,23,202
124900066,0,9,-9
124900067,6,84,-78
124900068,170,528,-358
124900070,121,107,14
124900072,162,36,126
124900075,467,150,317
124900076,15,2090,-2075
124900077,13,63,-50
124900078,53,12,41
124900079,229,193,36
124900080,456,274,182
124900081,1504,248,1256
124900082,377,346,31
124900083,335,301,34
124900085,452,420,32
124900086,5,1267,-1262
124900087,256,58,198
124900088,135,87,48
124900089,500,3,497
124900090,592,261,331
124900091,285,132,153
124900092,256,111,145
124900093,502,127,375
124900094,743,212,531
124900095,90,536,-446
124900096,364,135,229
124900097,537,68,469
124900098,194,243,-49
124900099,163,452,-289
124900100,404,64,340
124900101,115,156,-41
124900102,329,27,302
124900103,207,122,85
124900104,39,87,-48
124900105,133,93,40
124900106,310,53,257
124900107,107,23,84
124900108,139,109,30
124900111,3,269,-266
124900112,108,134,-26
124900113,50,221,-171
124900114,71,204,-133
124900115,97,34,63
124900116,296,314,-18
124900117,185,269,-84
124900118,78,948,-870
124900119,294,199,95
124900120,33,144,-111
124900121,71,372,-301
124900122,228,120,108
124900123,176,74,102
124900124,28,351,-323
124900125,221,3,218
124900126,0,122,-122
204000001,247,18,229
204000002,29,10,19
204000003,14,2,12
204000004,3,1,2
204000005,670,434,236
204000006,1155,1317,-162
204000011,9,36,-27
204000012,61,97,-36
204000019,1427,395,1032
204000020,1213,1499,-286
204000021,3740,1040,2700
204000022,1225,557,668
204000023,513,395,118
204000031,47,18,29
204000032,277,17,260
204000034,83,74,9
204000035,0,3,-3
204000036,8,19,-11
204000037,2,45,-43
204000038,0,19,-19
204000039,4,14,-10
204000040,0,11,-11
204000041,7,11,-4
204000042,15,10,5
204000043,31,6,25
204000044,59,3,56
204000045,43,5,38
204000046,16,2,14
204000057,10,4,6
204000062,52,42,10
204000068,46,651,-605
204000069,139,524,-385
204000070,89,114,-25
204000080,103,115,-12
204000085,1460,963,497
204000086,2003,1233,770
204000087,64,26,38
204000088,6,96,-90
204000090,189,177,12
204000093,481,97,384
204000096,1538,869,669
204000097,432,24,408
204000099,1358,2250,-892
204000100,1956,1643,313
204000105,1134,726,408
204000110,362,1228,-866
204000111,565,570,-5
204000112,600,3434,-2834
204000113,254,1485,-1231
204000114,973,1225,-252
204000115,1284,432,852
204000116,748,2925,-2177
204000119,2519,2067,452
204000132,727,483,244
204000133,950,154,796
204000134,195,58,137
204000135,673,148,525
204000136,414,264,150
204000138,453,624,-171
204000140,260,114,146
204000141,157,54,103
204000144,8,28,-20
204000145,500,33,467
204000146,13,254,-241
204000147,37,225,-188
204000148,305,32,273
204000154,3,1,2
204000155,0,3,-3
204000177,90,28,62
204000179,45,6,39
204000180,0,48,-48
204000222,4,6,-2
204000235,43,14,29
204000236,39,268,-229
204000238,6,30,-24
204000240,296,72,224
204000263,653,873,-220
204000268,712,425,287
204000308,187,38,149
204000317,25,92,-67
204000322,22,42,-20
204000323,13,4,9
204000328,177,67,110
204000329,111,189,-78
204000330,253,43,210
204000331,232,168,64
205000001,648,1071,-423
205000013,9,81,-72
205000014,40,71,-31
205000015,50,62,-12
205000016,24,70,-46
205000017,46,59,-13
205000022,269,534,-265
205000025,1275,695,580
205000029,441,14,427
205000045,176,719,-543
205000046,181,988,-807
205000047,84,373,-289
205000048,415,390,25
205000049,196,449,-253
205000050,1227,262,965
205000059,0,164,-164
205000060,1,189,-188
205000061,4,424,-420
205000062,0,607,-607
205000063,20,637,-617
205000064,43,130,-87
205000065,156,516,-360
205000066,103,420,-317
205000067,70,519,-449
205000069,286,20,266
205000082,165,148,17
205000110,89,145,-56
205000111,188,196,-8
205000112,171,185,-14
205000113,120,196,-76
205000121,148,54,94
205000123,51,130,-79
205000126,631,81,550
205000127,1007,151,856
205000128,522,54,468
205000129,845,52,793
205000130,65,18,47
205000131,32,10,22
205000132,91,2,89
205000133,32,0,32
205000134,243,0,243
205000137,117,58,59
205000138,121,101,20
205000139,39,63,-24
205000144,110,115,-5
205000145,378,145,233
205000151,151,34,117
205000152,195,14,181
205000153,213,15,198
205000154,90,51,39
205000155,208,6,202
205000207,3,143,-140
205000233,47,0,47
205000234,0,2,-2
205000243,1,0,1
205000244,0,5,-5
205000245,9,249,-240
205000249,0,7,-7
205000250,9,1,8
205000264,11,70,-59
206000027,1,9,-8
206000028,2,6,-4
206000043,2,34,-32
206000053,5,2,3
206000054,1,11,-10
206000055,0,13,-13
206000075,11,25,-14
206000076,17,24,-7
206000077,16,15,1
206000078,14,17,-3
206000079,32,6,26
206000082,323,155,168
206000100,33,427,-394
206000103,1,16,-15
206000104,11,23,-12
206000105,7,6,1
206000106,6,13,-7
206000125,106,0,106
206000157,20,357,-337
206000170,0,90,-90
206000171,1,149,-148
206000172,9,91,-82
206000173,0,92,-92
206000174,9,29,-20
206000175,2,25,-23
206000176,20,58,-38
206000177,1,42,-41
206000178,0,210,-210
206000179,6,179,-173
206000180,4,72,-68
206000181,9,52,-43
206000182,5,88,-83
206000183,10,89,-79
206000184,7,112,-105
206000185,3,43,-40
206000186,65,246,-181
206000223,4,266,-262
206000226,18,3,15
206000227,31,3,28
206000237,24,126,-102
206000238,28,235,-207
206000239,241,1203,-962
206000240,0,59,-59
206000241,0,53,-53
206000242,8,133,-125
206000243,8,59,-51
206000244,63,154,-91
206000245,1250,31,1219
206000246,467,8,459
206000247,479,3,476
206000248,560,37,523
206000252,49,46,3
206000258,10,51,-41
206000315,53,4,49
206000317,734,113,621
206000318,1136,82,1054
206000319,2624,66,2558
206000320,487,38,449
206000321,449,16,433
206000322,786,33,753
206000323,262,11,251
206000324,272,8,264
206000325,206,15,191
206000326,230,20,210
206000327,91,14,77
206000328,274,4,270
206000329,371,5,366
206000330,36,4,32
206000331,301,0,301
206000332,57,1,56
206000333,1044,1,1043
206000334,365,1,364
206000335,0,20,-20
206000361,5,163,-158
206000392,5,10,-5
206000405,153,0,153
206000441,70,20,50
206000498,49,2,47
206000515,61,48,13
206000530,569,76,493
206000531,303,417,-114
206000532,1718,608,1110
206000535,123,4249,-4126
206000536,13,65,-52
206000537,21,139,-118
206000613,1504,258,1246
206000784,547,61,486
207000001,101,464,-363
207000002,116,413,-297
207000003,147,138,9
207000007,1908,253,1655
207000008,167,13,154
207000009,93,16,77
207000010,309,282,27
207000012,505,167,338
207000015,277,474,-197
207000019,294,134,160
207000021,410,181,229
207000022,247,123,124
207000023,219,86,133
207000024,1,28,-27
207000025,19,123,-104
207000026,100,38,62
207000027,10,57,-47
207000028,68,117,-49
207000029,158,346,-188
207000033,311,407,-96
207000034,346,130,216
207000039,611,74,537
207000040,636,55,581
207000041,52,64,-12
207000042,147,34,113
207000043,240,194,46
207000051,122,181,-59
207000052,17,144,-127
207000053,367,323,44
207000054,37,85,-48
207000055,160,55,105
207000056,273,190,83
207000057,125,352,-227
207000058,178,197,-19
207000059,165,205,-40
207000060,52,193,-141
207000061,165,1010,-845
207000062,721,34,687
207000063,692,41,651
207000064,424,66,358
207000065,314,148,166
207000066,374,131,243
207000067,75,46,29
207000068,197,36,161
207000069,818,310,508
207000082,19,152,-133
207000083,63,134,-71
207000084,439,298,141
207000085,374,34,340
207000086,411,11,400
207000106,57,11,46
207000107,135,9,126
207000108,109,7,102
207000109,79,9,70
207000110,52,47,5
207000111,72,131,-59
207000112,66,1014,-948
207000114,16,43,-27
207000115,23,41,-18
207000116,31,361,-330
207000117,16,80,-64
207000118,2,51,-49
207000119,18,33,-15
207000123,187,9,178
207000124,126,26,100
207000125,79,29,50
207000126,64,54,10
207000134,197,107,90
207000135,31,128,-97
207000148,60,397,-337
207000149,34,16,18
207000152,128,411,-283
207000153,250,822,-572
207000154,298,225,73
207000159,89,166,-77
207000160,185,187,-2
207000238,0,169,-169
207000242,3,82,-79
207000248,29,27,2
207000249,93,11,82
207000250,471,104,367
207000251,96,134,-38
207000252,52,38,14
207000278,161,134,27
207000279,25,87,-62
207000280,1261,90,1171
207000281,131,348,-217
207000282,73,441,-368
207000283,38,259,-221
207000284,36,1008,-972
207000285,45,149,-104
207000291,25,98,-73
207000304,99,102,-3
207000306,69,274,-205
207000310,160,75,85
207000353,125,1,124
207000356,21,76,-55
207000357,11,28,-17
207000358,1,43,-42
207000415,2,99,-97
207000417,46,5,41
207000418,129,126,3
207000438,0,1,-1
207000439,466,496,-30
207000446,206,2,204
207000460,82,8,74
207000466,176,134,42
207000467,462,67,395
207000468,72,180,-108
207000476,9,18,-9
207000477,531,23,508
207000478,2,71,-69
207000523,0,6,-6
207000524,100,0,100
207000527,286,164,122
207000530,622,2,620
207000531,280,4,276
207000532,50,19,31
207000534,243,51,192
207000535,34,499,-465
207000537,12,64,-52
207000540,6,63,-57
207000541,5,163,-158
207000548,13,150,-137
207000549,343,11,332
207000561,265,165,100
207000562,31,83,-52
207000567,114,172,-58
207000568,546,22,524
207000569,968,219,749
207000584,114,275,-161
207000585,32,171,-139
207000587,256,25,231
207000616,0,103,-103
207000617,144,0,144
207000624,71,32,39
207000631,32,50,-18
207900008,523,86,437
208000001,628,1290,-662
208000002,818,667,151
208000003,1072,535,537
208000004,884,867,17
208000005,1,12,-11
208000019,987,468,519
208000020,257,301,-44
208000021,290,192,98
208000022,953,587,366
208000028,860,1541,-681
208000033,586,421,165
208000034,975,1708,-733
208000037,349,24,325
208000040,221,77,144
208000041,919,447,472
208000042,1031,586,445
208000047,139,122,17
208000064,1688,1732,-44
208000066,1163,2241,-1078
208000070,553,373,180
208000071,673,305,368
208000072,669,706,-37
208000080,390,467,-77
208000081,473,147,326
208000082,511,153,358
208000083,221,191,30
208000084,11,33,-22
208000085,682,415,267
208000086,511,932,-421
208000087,397,673,-276
208000089,1176,286,890
208000090,1184,363,821
208000093,66,114,-48
208000094,560,354,206
208000095,842,397,445
208000104,1252,579,673
208000105,798,655,143
208000114,105,301,-196
208000115,338,237,101
208000116,930,1040,-110
208000117,53,125,-72
208000118,178,205,-27
208000155,614,1216,-602
208000158,1415,3406,-1991
208000186,1093,3057,-1964
208000204,798,1026,-228
208000205,1474,661,813
208000282,1289,1818,-529
209000004,638,216,422
209000005,100,40,60
209000006,356,260,96
209000007,336,594,-258
209000010,224,173,51
209000011,49,223,-174
209000012,81,104,-23
209000013,224,201,23
209000014,396,462,-66
209000025,606,87,519
209000026,1074,145,929
209000027,271,332,-61
209000028,226,279,-53
209000029,262,933,-671
209000030,256,1351,-1095
209000031,2568,1380,1188
209000034,251,385,-134
209000035,172,334,-162
209000036,300,194,106
209000037,423,212,211
209000038,243,189,54
209000039,107,171,-64
209000040,376,445,-69
209000041,216,333,-117
209000042,256,242,14
209000043,458,628,-170
209000044,206,738,-532
209000045,612,277,335
209000046,526,368,158
209000047,346,212,134
209000048,507,344,163
209000049,154,55,99
209000050,228,61,167
209000051,327,168,159
209000052,204,200,4
209000062,84,44,40
209000063,101,44,57
209000064,32,20,12
209000065,185,26,159
209000066,157,24,133
209000067,216,59,157
209000080,17,176,-159
209000082,68,50,18
209000091,22,84,-62
209000093,54,50,4
209000094,49,125,-76
209000110,31,236,-205
209000111,541,2157,-1616
209000112,1231,725,506
209000113,2004,1018,986
209000114,1041,861,180
209000115,68,55,13
209000116,332,204,128
209000118,22,108,-86
209000119,4,25,-21
209000121,91,254,-163
209000135,42,316,-274
209000142,645,2286,-1641
209000143,51,31,20
209000144,51,207,-156
209000229,195,115,80
209000240,23,160,-137
209000259,40,75,-35
209000260,64,542,-478
209000261,2,204,-202
209000262,2,196,-194
209000263,1,327,-326
209000264,0,321,-321
209000265,316,21,295
209000266,108,1,107
209000267,1185,7,1178
209000268,511,74,437
210000037,78,20,58
210000047,65,13,52
210000048,167,21,146
210000049,85,1,84
210000052,57,72,-15
210000053,42,35,7
210000054,28,69,-41
210000070,172,8,164
210000071,106,0,106
210000072,22,0,22
210000073,0,17,-17
210000074,0,157,-157
210000075,3,230,-227
210000076,1,221,-220
210000077,9,120,-111
210000078,32,127,-95
210000079,35,15,20
210000080,39,164,-125
210000081,134,31,103
210000082,53,0,53
210000083,44,0,44
210000084,109,0,109
210000085,0,51,-51
210000086,4,49,-45
210000099,60,188,-128
210000100,120,124,-4
210000101,69,126,-57
210000105,15,297,-282
210000159,0,201,-201
210000163,73,297,-224
210000164,210,318,-108
210000168,142,58,84
210000187,0,42,-42
210000188,0,20,-20
210000214,4,0,4
210000219,55,47,8
210000220,152,25,127
210000232,13,15,-2
210000233,39,59,-20
210000234,37,86,-49
210000235,53,35,18
210000245,0,77,-77
210000246,13,1,12
210000258,25,57,-32
210000259,196,39,157
210000282,39,194,-155
210000285,0,124,-124
210000286,24,110,-86
210000290,1,27,-26
210000295,56,168,-112
210000296,64,42,22
210000320,261,51,210
210000321,114,9,105
210000338,79,86,-7
210000339,136,868,-732
210000340,68,358,-290
210000341,198,281,-83
210000342,228,177,51
210000343,134,231,-97
210000344,114,149,-35
210000345,119,280,-161
210000346,45,115,-70
210000347,47,48,-1
210000348,113,29,84
210000349,45,31,14
210000350,171,41,130
210000351,187,32,155
210000352,67,39,28
210000353,55,38,17
210000354,60,41,19
210000355,32,120,-88
210000356,22,95,-73
210000357,46,100,-54
210000358,248,256,-8
210000359,43,166,-123
210000360,167,229,-62
210000361,206,128,78
210000362,228,226,2
210000363,439,251,188
210000364,144,176,-32
210000365,186,57,129
210000366,184,39,145
210000367,130,19,111
210000368,107,20,87
210000369,29,44,-15
210000370,48,81,-33
210000372,26,27,-1
210000373,19,56,-37
210000374,58,86,-28
210000375,48,45,3
210000376,45,124,-79
210000404,43,114,-71
210000439,41,10,31
210000472,21,0,21
210000482,90,115,-25
210000564,177,233,-56
210000567,2,67,-65
210000568,220,2,218
211000092,52,13,39
211000094,20,10,10
211000169,209,11,198
211000172,8,183,-175
211000209,0,86,-86
211000226,2,53,-51
211000270,59,27,32
211000275,22,33,-11
211000276,128,10,118
211000279,19,23,-4
211000281,119,28,91
211000302,59,32,27
211507980,1,65,-64
211977296,26,16,10
212000003,212,32,180
212000004,13,52,-39
212000005,16,55,-39
212000006,53,44,9
212000008,229,126,103
212000009,30,52,-22
212000012,96,34,62
212000013,23,23,0
212000014,176,77,99
212000015,327,139,188
212000016,444,356,88
212000027,480,235,245
212000028,360,252,108
212000029,255,150,105
212000030,71,19,52
212000031,77,38,39
212000048,32,266,-234
212000049,26,220,-194
212000050,17,10,7
212000051,264,74,190
212000052,216,138,78
212000053,224,247,-23
212000054,417,79,338
212000055,538,116,422
212000056,16,30,-14
212000057,24,27,-3
212000058,118,23,95
212000070,114,115,-1
212000077,103,227,-124
212000099,362,233,129
212000108,231,146,85
212000111,297,77,220
212000120,145,80,65
212000138,180,25,155
212000156,8,81,-73
212000158,4,16,-12
212000159,603,57,546
212000160,758,139,619
212000161,76,3,73
212000310,47,13,34
212000311,5,31,-26
212000374,49,3,46
213000001,39,276,-237
213000005,476,121,355
213000006,636,229,407
213000007,44,40,4
213000009,286,209,77
213000010,301,175,126
213000011,129,196,-67
213000012,205,158,47
213000014,88,27,61
213000015,234,12,222
213000016,420,2,418
213000017,75,0,75
213000018,0,24,-24
213000019,4,71,-67
213000020,109,157,-48
213000021,11,82,-71
213000023,426,299,127
213000033,321,1276,-955
213000034,337,153,184
213000035,161,303,-142
213000045,259,263,-4
213000046,163,153,10
213000047,387,1087,-700
213000056,177,38,139
213000069,188,10,178
213000073,2,76,-74
213000074,229,640,-411
213000075,664,6,658
213000076,9,1,8
213000085,8,48,-40
213000086,24,115,-91
213000091,354,10,344
213000092,94,9,85
213000099,187,1350,-1163
213000100,747,309,438
213000101,674,77,597
213000102,856,122,734
213000103,789,475,314
213000104,51,210,-159
213000105,114,1853,-1739
213000106,19,69,-50
213000107,140,208,-68
213000108,28,217,-189
213000109,13,142,-129
213000110,11,75,-64
213000111,3,58,-55
213000112,66,78,-12
213000115,45,1,44
213000116,83,475,-392
213000117,6,421,-415
213000118,886,296,590
213000119,43,406,-363
213000120,124,188,-64
213000122,196,276,-80
213000123,228,487,-259
213000124,193,522,-329
213000125,150,32,118
213000126,30,108,-78
213000127,46,204,-158
213000128,84,1017,-933
213000129,165,1121,-956
213000130,1080,583,497
213000132,783,194,589
213000133,1358,78,1280
213000134,1666,10,1656
213000136,589,16,573
213000137,632,65,567
213000139,282,17,265
213000147,25,13,12
213000148,14,38,-24
213000149,89,27,62
213000150,2,418,-416
213000151,0,247,-247
213000152,3,230,-227
213000153,3,232,-229
213000154,100,219,-119
213000155,37,155,-118
213000156,136,295,-159
213000157,884,307,577
213000158,357,629,-272
213000159,428,335,93
213000163,1455,171,1284
213000165,993,414,579
213000171,86,31,55
213000172,81,73,8
213000173,34,90,-56
213000174,4,39,-35
213000175,71,23,48
213000176,39,81,-42
213000177,53,15,38
213000178,170,12,158
213000179,251,21,230
213000180,280,21,259
213000184,61,345,-284
213000188,429,71,358
213000189,540,33,507
213000190,610,472,138
213000191,525,182,343
213000192,291,161,130
213000193,539,238,301
213000194,1,141,-140
213000195,26,310,-284
213000196,227,1477,-1250
213000197,549,844,-295
213000198,18,1,17
213000200,89,440,-351
213000201,48,68,-20
213000202,27,460,-433
213000203,1854,448,1406
213000204,987,27,960
213000205,479,75,404
213000206,726,40,686
213000207,57,7,50
213000208,74,5,69
213000209,88,1,87
213000210,200,6,194
213000211,10,21,-11
213000212,33,44,-11
213000213,29,41,-12
213000218,298,405,-107
213000219,974,21,953
213000220,725,9,716
213000223,200,230,-30
213000224,24,44,-20
213000225,97,19,78
213000226,117,20,97
213000227,1062,192,870
213000228,619,85,534
213000229,54,25,29
213000230,650,31,619
213000232,84,166,-82
213000233,14,180,-166
213000234,4,78,-74
213000293,18,84,-66
213000294,91,74,17
213000295,39,95,-56
213000296,62,20,42
213000297,1,64,-63
213000298,11,54,-43
213000299,46,21,25
213000300,13,14,-1
213000303,1,25,-24
213000304,2,22,-20
213000305,6,24,-18
213000306,20,102,-82
213000307,69,117,-48
213000308,83,189,-106
213000309,147,59,88
213000310,393,252,141
213000311,129,951,-822
213000315,88,95,-7
213000316,169,48,121
213000322,42,30,12
213000323,61,47,14
213000340,138,276,-138
213000341,817,59,758
213000346,142,272,-130
213000347,403,557,-154
213000348,4,565,-561
213000349,4,44,-40
213000350,317,757,-440
213000366,123,203,-80
213000367,379,12,367
213000379,44,335,-291
213000386,58,80,-22
213000406,167,121,46
213000417,1548,405,1143
213000425,332,40,292
213000426,244,40,204
213000427,62,71,-9
213000428,52,48,4
213000429,4,14,-10
213000430,72,247,-175
213000431,15,2,13
213000432,1,101,-100
213000433,19,68,-49
213000434,177,76,101
213000435,155,131,24
213000439,34,7,27
213000441,2,0,2
213000443,448,305,143
213000445,0,51,-51
213000446,0,63,-63
213000447,4,91,-87
213000448,5,117,-112
213000449,755,20,735
213000450,55,51,4
213000451,270,38,232
213000452,17,17,0
213000453,25,169,-144
213000455,135,24,111
213000456,0,224,-224
213000481,4,3,1
213000482,58,4,54
213000489,132,71,61
213000491,7,262,-255
213000492,119,1,118
213000493,7,172,-165
213000494,267,82,185
213000495,0,23,-23
213000496,445,109,336
213000497,59,117,-58
213000498,128,73,55
213000499,238,140,98
213000500,616,61,555
213000501,206,21,185
213000502,144,106,38
213000503,0,29,-29
213000504,15,37,-22
213000505,7,4,3
213000506,0,8,-8
213000507,1,56,-55
213900244,109,0,109
213900245,0,8,-8
218000003,33,40,-7
218000004,29,86,-57
218000005,30,70,-40
218000006,88,41,47
218000007,20,8,12
218000012,204,151,53
218000013,217,138,79
218000014,259,278,-19
218000019,402,568,-166
218000020,232,276,-44
218000040,6,16,-10
218000046,109,33,76
218000047,14,57,-43
218000048,80,50,30
218000049,58,75,-17
218000050,193,141,52
218000051,41,107,-66
218000052,1,29,-28
218000053,3,32,-29
218000054,3,50,-47
218000055,6,32,-26
218000056,23,54,-31
218000057,1,23,-22
218000064,3,24,-21
218000065,65,106,-41
218000066,10,28,-18
218000067,89,51,38
218000068,127,74,53
218000069,360,81,279
218000070,202,236,-34
218000071,177,186,-9
218000072,167,176,-9
218000078,1342,292,1050
218000079,276,52,224
218000080,199,38,161
218000081,546,81,465
218000082,66,42,24
218000083,91,28,63
218000084,162,47,115
218000085,153,145,8
218000086,103,59,44
218000087,246,61,185
218000090,10,154,-144
218000091,1191,565,626
218000092,120,170,-50
218000093,100,52,48
218000094,542,550,-8
218000099,246,565,-319
218000100,401,288,113
218000101,344,160,184
218000102,608,144,464
218000103,137,78,59
218000104,134,32,102
218000105,37,40,-3
218000106,19,7,12
218000107,63,25,38
218000108,3,51,-48
218000112,128,50,78
218000117,45,106,-61
218000134,581,289,292
218000135,17,96,-79
218000136,173,91,82
218000137,216,141,75
218000138,65,114,-49
218000139,177,155,22
218000140,619,221,398
218000141,128,65,63
218000142,211,104,107
218000143,97,341,-244
218000144,46,117,-71
218000145,554,281,273
218000146,158,123,35
218000151,6,14,-8
218000152,97,45,52
218000170,3,29,-26
218000171,54,5,49
218000172,9,9,0
218000173,13,33,-20
218000174,30,22,8
218000176,330,52,278
218000177,521,172,349
218000178,130,193,-63
218000179,266,49,217
218000180,188,34,154
218000181,400,58,342
218000187,27,59,-32
218000188,10,138,-128
218000189,15,136,-121
218000190,0,19,-19
218000191,350,40,310
218000192,273,92,181
218000193,664,208,456
218000194,159,163,-4
218000195,135,54,81
218000196,343,142,201
218000197,547,166,381
218000198,49,48,1
218000199,32,13,19
218000200,50,32,18
218000201,30,51,-21
218000202,70,459,-389
218000207,2,19,-17
218000208,31,49,-18
218000211,60,66,-6
218000213,137,84,53
218000214,5,17,-12
218000215,56,20,36
218000217,2,45,-43
218000218,138,31,107
218000219,0,66,-66
218000220,28,716,-688
218000221,489,277,212
218000222,1,93,-92
218000223,57,397,-340
218000224,8,126,-118
218000225,277,40,237
218000226,250,84,166
218000232,41,30,11
218000239,128,20,108
218000240,11,0,11
218000241,31,1,30
218000242,6,2,4
218000243,34,9,25
218000244,42,14,28
218000245,33,14,19
218000246,0,6,-6
218000247,1,0,1
218000248,1,32,-31
218000249,0,8,-8
218000250,3,13,-10
218000251,6,134,-128
218000252,10,1336,-1326
218000253,8,405,-397
218000254,4,78,-74
218000255,6,58,-52
218000256,26,120,-94
218000267,381,1087,-706
218000268,9,26,-17
218000269,4,19,-15
218000270,159,29,130
218000271,18,31,-13
218000273,34,4,30
218000274,14,1,13
218000275,54,59,-5
218000276,18,30,-12
218000278,13,73,-60
218000279,103,41,62
218000280,2,36,-34
218000281,6,26,-20
218000282,531,802,-271
218000284,57,3,54
218000301,94,103,-9
218000302,50,55,-5
218000303,7,91,-84
218000316,1072,624,448
218000317,1775,602,1173
218000318,1291,294,997
218000319,1507,592,915
218000320,1410,605,805
218000338,27,112,-85
218000345,133,91,42
218000346,103,154,-51
218000459,20,131,-111
218000490,17,90,-73
218000501,107,47,60
218000502,59,52,7
218000503,119,13,106
218000504,106,18,88
218000505,38,88,-50
218000506,25,239,-214
218000508,6,4,2
218000510,120,14,106
218000520,73,85,-12
218000521,12,33,-21
218000522,0,275,-275
218000523,171,1,170
218000524,16,569,-553
218000525,103,40,63
218000526,8,395,-387
218000529,58,80,-22
218000531,7,16,-9
218000532,65,23,42
218000534,199,32,167
218000537,25,79,-54
218000538,68,344,-276
218000540,78,84,-6
218000543,179,104,75
218000544,23,104,-81
218000545,130,101,29
218000546,28,30,-2
218000547,154,139,15
218000548,83,75,8
218000549,760,191,569
218000550,168,211,-43
218000551,120,700,-580
218000552,263,391,-128
218000553,39,120,-81
218000554,38,44,-6
218000555,25,98,-73
218000556,282,167,115
218000557,423,276,147
218000558,80,2,78
218000559,0,40,-40
218000560,0,52,-52
218000561,12,0,12
218000562,16,162,-146
218000563,223,50,173
218000564,7,80,-73
218000565,65,44,21
218000566,63,35,28
218000567,0,119,-119
218000568,13,7,6
218000569,7,469,-462
218000570,49,34,15
218000571,1,121,-120
218000572,160,1,159
218000573,11,383,-372
218000574,31,35,-4
218000575,129,0,129
218000576,3,77,-74
218000577,126,1,125
218000578,0,113,-113
218000579,22,2,20
218000581,6,94,-88
218000582,50,6,44
218000583,3,0,3
218000584,0,39,-39
218000585,63,2,61
218000586,14,65,-51
218000587,1,9,-8
218000588,1,4,-3
218000589,0,5,-5
218000590,0,0,0
218000591,2,5,-3
218000592,6,1,5
218000593,10,4,6
218000594,1,2,-1
218000597,0,5,-5
218000598,0,1,-1
218000599,0,1,-1
218000600,1,0,1
218000601,0,2,-2
218000602,0,5,-5
218000603,0,1,-1
218000604,6,0,6
218000605,0,90,-90
218000606,73,1,72
218000607,14,67,-53
218000608,52,18,34
218000609,7,67,-60
218000610,58,5,53
218000611,45,0,45
218000612,1,50,-49
218000613,60,1,59
218000614,0,44,-44
218000615,144,8,136
218000616,3,117,-114
218000617,15,2,13
218000618,0,30,-30
218000619,15,12,3
218000620,0,45,-45
218000621,0,0,0
218000622,0,82,-82
218000623,36,0,36
218000624,0,102,-102
218000625,5,1,4
218000626,1,36,-35
218000628,228,135,93
218000631,51,33,18
218000632,3,107,-104
218000633,123,1,122
218000634,2,24,-22
218000635,9,27,-18
218000636,1021,535,486
218000637,1080,280,800
218000638,275,26,249
218000639,13,51,-38
218000640,402,25,377
218000641,127,98,29
218000652,38,13,25
218000653,282,92,190
218000663,21,83,-62
218000675,35,75,-40
218000680,249,162,87
218000681,477,153,324
218000691,275,122,153
218000693,476,101,375
218000718,25,176,-151
218000719,66,309,-243
218000720,13,394,-381
218000721,76,75,1
218001147,5,84,-79
218001214,29,75,-46
218001258,503,11,492
218001329,133,122,11
218001330,174,101,73
218001351,19,32,-13
218001352,11,46,-35
218001353,8,7,1
218001354,11,65,-54
218001355,14,136,-122
218001356,706,67,639
218001357,15,92,-77
218001358,505,24,481
218001361,681,4,677
218001362,1,53,-52
219000001,41,35,6
219000002,40,26,14
219000003,69,34,35
219000004,62,65,-3
219000017,73,145,-72
219000020,188,31,157
219000022,165,3,162
219000023,99,3,96
219000029,0,99,-99
219000034,46,70,-24
219000039,31,226,-195
219000040,38,128,-90
219000041,129,37,92
219000051,1,68,-67
219000052,0,14,-14
219000053,1,52,-51
219000055,365,1,364
219000056,8,0,8
219000057,55,0,55
219000062,31,98,-67
219000063,111,24,87
219000064,0,80,-80
219000110,282,141,141
219000111,75,49,26
219000112,186,57,129
219000113,220,48,172
219000114,123,41,82
219000116,209,65,144
219000117,150,111,39
219000118,202,69,133
219000123,157,65,92
219000124,63,44,19
219000125,16,27,-11
219000126,56,116,-60
219000127,0,6,-6
219000128,10,126,-116
219000129,13,165,-152
219000130,247,671,-424
219000131,878,1387,-509
219000133,44,123,-79
219000134,22,52,-30
219000135,31,97,-66
219000136,73,222,-149
219000138,122,14,108
219000139,76,30,46
219000140,108,6,102
219000141,36,58,-22
219000142,11,46,-35
219000143,28,23,5
219000145,19,29,-10
219000146,6,22,-16
219000147,6,24,-18
219000148,2,4,-2
219000149,10,27,-17
219000150,1,30,-29
219000151,3,25,-22
219000157,242,100,142
219000158,126,184,-58
219000161,136,17,119
219000163,973,344,629
219000166,121,214,-93
219000167,106,101,5
219000168,180,127,53
219000174,585,106,479
219000175,144,3,141
219000176,213,8,205
219000177,101,6,95
219000178,92,0,92
219000179,52,5,47
219000180,21,20,1
219000182,253,33,220
219000183,111,28,83
219000184,122,5,117
219000185,3,19,-16
219000186,78,14,64
219000187,22,52,-30
219000189,53,285,-232
219000190,35,263,-228
219000191,162,1851,-1689
219000192,220,225,-5
219000193,182,181,1
219000195,6,76,-70
219000196,8,138,-130
219000198,15,65,-50
219000199,28,106,-78
219000200,43,113,-70
219000201,75,143,-68
219000203,20,145,-125
219000204,62,389,-327
219000205,31,253,-222
219000207,112,174,-62
219000209,34,33,1
219000210,21,197,-176
219000213,14,147,-133
219000239,172,184,-12
219000240,207,438,-231
219000241,142,179,-37
219000242,66,268,-202
219000243,134,194,-60
219000244,11,50,-39
219000245,24,46,-22
219000246,30,66,-36
219000247,185,56,129
219000248,545,516,29
219000249,190,188,2
219000250,204,159,45
219000251,576,262,314
219000252,327,161,166
219000253,385,91,294
219000255,184,155,29
219000256,341,79,262
219000257,159,0,159
219000262,47,122,-75
219000263,36,101,-65
219000267,7,33,-26
219000268,3,15,-12
219000269,1,2,-1
219000270,16,0,16
219000271,228,3,225
219000278,0,16,-16
219000279,1,13,-12
219000283,0,12,-12
219000295,18,108,-90
219000296,85,251,-166
219000297,66,41,25
219000298,50,39,11
219000299,334,69,265
219000300,53,77,-24
219000301,104,213,-109
219000302,43,165,-122
219000307,27,10,17
219000308,78,80,-2
219000311,232,63,169
219000312,540,195,345
219000313,636,62,574
219000314,52,179,-127
219000315,406,37,369
219000316,648,36,612
219000317,121,29,92
219000320,12,108,-96
219000321,2,41,-39
219000323,0,27,-27
219000325,4,7,-3
219000326,67,48,19
219000327,20,15,5
219000328,11,14,-3
219000329,272,101,171
219000330,25,24,1
219000331,37,51,-14
219000332,198,115,83
219000333,40,5,35
219000335,78,0,78
219000337,14,0,14
219000338,58,0,58
219000344,13,43,-30
219000345,54,31,23
219000346,21,44,-23
219000348,187,45,142
219000349,78,82,-4
219000350,66,488,-422
219000351,1,8,-7
219000352,251,88,163
219000353,135,65,70
219000354,252,47,205
219000355,180,54,126
219000356,341,2460,-2119
219000363,119,77,42
219000364,155,46,109
219000365,101,22,79
219000366,214,614,-400
219000368,327,567,-240
219000370,525,943,-418
219000371,5,25,-20
219000382,26,20,6
219000383,249,1726,-1477
219000385,352,728,-376
219000386,670,1754,-1084
219000387,4,35,-31
219000390,9,1,8
219000391,8,0,8
219000397,56,28,28
219000398,72,60,12
219000401,17,68,-51
219000402,25,63,-38
219000403,107,244,-137
219000404,26,90,-64
219000407,15,27,-12
219000409,68,38,30
219000410,145,23,122
219000411,129,10,119
219000446,109,320,-211
219000447,4,18,-14
219000448,21,9,12
219000452,67,94,-27
219000453,62,265,-203
219000454,200,364,-164
219000556,348,81,267
219000558,64,160,-96
219000590,45,188,-143
219000591,141,96,45
219000592,53,231,-178
219000595,4,8,-4
219000635,205,62,143
219000636,37,37,0
219000657,16,27,-11
219000658,15,138,-123
219000673,0,32,-32
219000676,27,2,25
219000679,24,10,14
219000684,83,1,82
219000685,1,56,-55
219000686,1,6,-5
219000688,0,25,-25
219000689,9,156,-147
219000690,168,23,145
219000691,28,155,-127
219000692,149,29,120
219000693,1,15,-14
219000694,11,0,11
219000695,81,4,77
219000698,12,0,12
219000699,0,98,-98
219000727,2,105,-103
219000728,100,1,99
219000770,41,2,39
219000771,0,65,-65
219000788,266,423,-157
219001150,2,44,-42
219001151,0,1,-1
219001166,33,30,3
219001167,0,47,-47
219001178,44,0,44
220000001,48,128,-80
220000002,8,130,-122
220000003,227,138,89
220000004,270,256,14
220000005,552,1010,-458
220000006,180,475,-295
220000007,370,166,204
220000008,209,437,-228
220000009,255,446,-191
220000010,106,74,32
220000011,371,4273,-3902
220000012,55,312,-257
220000014,163,53,110
220000015,97,484,-387
220000017,22,371,-349
220000018,6459,1282,5177
220000019,190,572,-382
220000020,595,147,448
220000021,1007,169,838
220000022,1152,302,850
220000023,478,154,324
220000024,1158,599,559
220000025,606,1545,-939
220000026,283,509,-226
220000027,24,122,-98
220000028,44,84,-40
220000029,32,56,-24
220000030,43,116,-73
220000031,673,380,293
220000064,40,1682,-1642
221000046,3,0,3
221000047,0,0,0
221000048,0,0,0
221000049,0,9,-9
221000050,17,0,17
221000055,25,32,-7
221000068,219,90,129
221000069,295,54,241
221000070,220,32,188
221000071,134,11,123
221000072,278,3,275
221000073,154,35,119
221000074,0,14,-14
221000075,14,32,-18
221000076,5,20,-15
221000077,24,122,-98
221000081,41,5,36
221000082,84,6,78
221000083,24,7,17
221000084,15,3,12
221000085,14,45,-31
221000086,13,60,-47
221000087,6,76,-70
221000088,11,90,-79
221000089,23,126,-103
221000090,62,332,-270
221000098,92,18,74
221000099,225,14,211
221000100,95,11,84
221000101,301,26,275
221000103,10,18,-8
221000104,9,26,-17
221000107,51,5,46
221000108,76,24,52
221000111,28,124,-96
221000112,6,76,-70
221000113,14,65,-51
221000114,15,61,-46
221000120,43,43,0
221000121,8,54,-46
221000122,24,52,-28
221000123,20,36,-16
221000124,23,128,-105
221000155,97,17,80
221000156,103,114,-11
221000175,3,31,-28
221000176,0,4,-4
221000182,61,6,55
221000241,342,325,17
221000242,93,367,-274
221000243,425,318,107
221000244,147,464,-317
221000245,139,69,70
221000246,27,346,-319
221000247,144,50,94
221000248,123,120,3
221000267,34,851,-817
221000325,21,115,-94
221000331,9,52,-43
221000338,12,21,-9
221000378,268,80,188
221000381,63,109,-46
222000282,6,3,3
222000296,1,33,-32
222000568,432,8,424
222000569,187,62,125
222000570,151,29,122
222000571,472,24,448
222000577,7,93,-86
222000578,16,106,-90
222000579,14,72,-58
222000580,30,503,-473
222000599,0,83,-83
222000600,1,164,-163
222000601,2,550,-548
222000603,20,67,-47
222000604,4,122,-118
222000605,10,99,-89
222000606,1,51,-50
222000607,7,25,-18
222000608,20,38,-18
222000609,46,90,-44
222000616,494,24,470
222000617,27,56,-29
222000618,6,17,-11
222000620,15,9,6
222000621,42,28,14
222000623,633,11,622
222000624,530,14,516
222000625,898,17,881
222000636,45,7,38
222000686,26,40,-14
222000687,80,50,30
222001066,215,2,213
222001067,12,0,12
222001068,60,3,57
222001069,119,16,103
222001082,9,17,-8
222001083,56,15,41
222001084,1,46,-45
222001085,1,117,-116
222001111,55,38,17
222001112,308,15,293
222001313,13,7,6
222001314,5,141,-136
222001464,336,69,267
222001465,24,110,-86
222001484,224,28,196
222001485,16,61,-45
222001494,771,139,632
222001495,113,84,29
222001496,484,91,393
222001497,124,151,-27
222001502,17,57,-40
222001503,128,28,100
222001504,26,183,-157
222001505,401,8,393
222001506,55,276,-221
222001507,210,16,194
222001510,762,31,731
222001511,48,146,-98
222001514,675,115,560
222001515,76,428,-352
222001518,603,46,557
222001519,46,75,-29
222001527,217,48,169
222001528,30,111,-81
222001529,579,30,549
222001530,67,129,-62
222001533,155,84,71
222001534,537,44,493
222001535,426,281,145
222001536,44,110,-66
222001537,465,37,428
222001538,51,348,-297
222001563,1151,148,1003
222001564,124,205,-81
222001568,184,261,-77
222001576,0,1,-1
222001579,0,29,-29
222001583,28,52,-24
222001584,94,47,47
222001596,667,1543,-876
222001597,1212,451,761
222001626,1,97,-96
222001650,17,121,-104
222001651,14,508,-494
222001914,209,49,160
222001915,59,253,-194
222001968,594,260,334
222001969,196,374,-178
222001970,179,534,-355
222001971,34,3,31
222001972,5,3,2
225000001,318,149,169
225000002,736,152,584
225000003,616,60,556
225000004,506,182,324
225000005,65,43,22
225000006,0,200,-200
225000007,915,1038,-123
225000010,243,6,237
225000011,261,1466,-1205
225000012,430,756,-326
225000013,166,121,45
225000014,669,98,571
225000015,113,108,5
225000021,696,163,533
225000027,169,359,-190
225000032,592,121,471
225000042,80,408,-328
225000049,38,45,-7
225000050,112,20,92
225000053,11,169,-158
225000058,819,208,611
225000067,147,94,53
225000068,62,179,-117
225000069,51,311,-260
225000070,83,199,-116
225000071,36,54,-18
225000075,9,543,-534
225000076,37,111,-74
225000078,61,58,3
225000085,144,130,14
225000086,420,78,342
225000087,172,10,162
225000088,8,122,-114
225000089,66,838,-772
225000090,58,374,-316
225000091,114,73,41
225000092,58,33,25
225000093,220,178,42
225000094,16,121,-105
225000095,211,259,-48
225000096,149,312,-163
225000098,790,227,563
225000099,614,104,510
225000100,546,83,463
225000104,88,270,-182
225000110,8,203,-195
225000111,149,553,-404
225000112,245,714,-469
225000113,183,524,-341
225000114,169,280,-111
225000115,939,589,350
225000116,580,183,397
225000117,712,372,340
225000118,1159,316,843
225000119,304,111,193
225000120,704,40,664
225000121,140,10,130
225000123,623,11,612
225000125,584,169,415
225000126,949,237,712
225000127,575,1753,-1178
225000128,595,938,-343
225000132,640,25,615
225000133,286,39,247
225000134,775,125,650
225000135,79,5,74
225000136,526,16,510
225000137,271,58,213
225000138,494,87,407
225000143,34,212,-178
225000144,5,241,-236
225000145,69,32,37
225000146,64,31,33
225000147,39,89,-50
225000148,4,76,-72
225000149,60,167,-107
225000151,40,96,-56
225000155,221,223,-2
225000156,211,743,-532
225000157,421,301,120
225000158,45,168,-123
225000171,0,90,-90
225000180,31,3,28
225000181,1,49,-48
225000182,83,12,71
225000185,1,344,-343
225000187,23,253,-230
225000191,69,1,68
225000194,0,24,-24
225000208,1,37,-36
225000209,142,5,137
225000210,5,151,-146
225000217,0,1,-1
225000218,14,0,14
225000223,0,159,-159
225000224,60,1,59
225000225,0,90,-90
225000226,12,1,11
225000227,52,82,-30
225000228,11,23,-12
225000229,0,40,-40
225000230,11,0,11
225000231,0,46,-46
225000232,138,0,138
225000241,96,1,95
225000242,0,60,-60
225000249,37,0,37
225000250,46,281,-235
225000251,585,51,534
226000042,160,226,-66
226000043,32,190,-158
226000044,119,280,-161
226000045,28,186,-158
226000046,587,107,480
226000047,549,194,355
226000048,449,118,331
226000049,338,375,-37
226000070,0,23,-23
226000071,0,50,-50
226000072,0,25,-25
226000073,0,12,-12
226000074,1,15,-14
226000084,1,31,-30
226000085,5,5,0
226000086,1,14,-13
226000087,1,54,-53
226000088,8,60,-52
226000090,361,325,36
226000091,17,83,-66
226000092,3,6,-3
226000093,12,5,7
226000094,14,2,12
226000095,7,8,-1
226000105,19,4,15
226000106,8,1,7
226000107,16,0,16
226000108,25,4,21
226000109,100,0,100
226000124,135,104,31
226000134,843,631,212
226000135,1674,692,982
226000136,653,441,212
226000137,8,172,-164
226000138,18,83,-65
226000139,4,31,-27
226000156,328,4,324
226000157,355,15,340
226000163,131,230,-99
226000202,17,176,-159
226000231,906,10,896
226000232,39,6,33
227000033,441,81,360
227000036,585,35,550
227000037,587,34,553
227000038,237,40,197
227000049,0,52,-52
227000050,0,95,-95
227000055,66,1,65
227000056,109,1,108
227000084,10,112,-102
227000085,1,68,-67
227000088,21,5,16
227000089,87,1,86
227000090,46,1,45
227000091,11,3,8
227000093,94,0,94
227000094,11,0,11
227000130,40,229,-189
227000131,33,128,-95
227000132,11,88,-77
227000133,21,75,-54
227000134,34,151,-117
227000152,0,25,-25
227000153,0,146,-146
227000155,6,35,-29
227000156,1,23,-22
227000165,2,194,-192
227000196,359,74,285
227000199,590,135,455
227000230,46,89,-43
227000232,336,37,299
227000242,39,372,-333
227000243,473,83,390
227000245,32,218,-186
227000246,109,198,-89
227000247,539,48,491
227000248,193,88,105
227000249,30,350,-320
227000250,333,290,43
227000251,101,543,-442
227000252,25,165,-140
227000253,245,17,228
227000262,673,32,641
227000266,1238,53,1185
227000267,34,438,-404
227000282,0,70,-70
227000284,517,19,498
227000286,1,19,-18
227000287,11,29,-18
227000291,6,240,-234
227000484,106,10,96
227000485,1,349,-348
227000655,127,2,125
227000656,365,20,345
227000657,80,5,75
227000661,62,17,45
227000680,122,57,65
229000265,43,69,-26
229000296,1,8,-7
229000297,3,24,-21
229000298,3,108,-105
229000320,5,7,-2
229000321,21,6,15
229000412,8,23,-15
229000414,11,31,-20
229000415,7,1,6
229000416,0,4,-4
229000417,1,5,-4
229000419,31,215,-184
229000440,257,59,198
229000442,24,21,3
229000443,3,1,2
229000444,0,41,-41
229000445,55,7,48
229000446,51,27,24
229000847,107,2,105
229000848,30,1,29
229000849,69,1,68
229000851,34,0,34
229000854,0,14,-14
229000856,1,48,-47
229000857,0,22,-22
229000858,0,12,-12
229000919,3,61,-58
229000930,7,186,-179
229000937,79,9,70
229000966,66,31,35
229000981,29,22,7
229000985,16,21,-5
229000986,0,5,-5
229000987,0,8,-8
229000988,5,6,-1
229000989,5,15,-10
229000990,2,4,-2
229000991,3,2,1
229000992,14,2,12
229000993,114,17,97
229000998,39,32,7
229000999,62,12,50
229001034,0,7,-7
229001035,6,6,0
229001037,79,3,76
229001042,18,3,15
229001047,8,35,-27
229001050,34,45,-11
229001200,15,25,-10
229001338,0,16,-16
229001394,265,9,256
229001422,109,17,92
229001423,16,65,-49
229001431,36,64,-28
229001432,24,47,-23
229001444,226,40,186
229001445,48,80,-32
229001503,337,73,264
229001504,109,81,28
229001505,159,39,120
229001506,63,74,-11
229001509,59,7,52
229001545,103,4,99
229001546,6,46,-40
229001553,117,12,105
229001554,20,78,-58
229001559,1,4,-3
229001560,1,34,-33
229001630,83,8,75
229001631,17,19,-2
229001635,0,43,-43
229001636,0,0,0
229001658,2,109,-107
229001659,74,0,74
229001660,4,4,0
229001661,2,36,-34
229001662,45,34,11
229001663,0,70,-70
229002584,155,101,54
229002831,62,144,-82
229002841,7,19,-12
229002842,44,19,25
229002843,66,15,51
229002844,22,61,-39
229002845,42,117,-75
229002846,45,17,28
229002847,2,13,-11
229002848,4,4,0
229002849,4,54,-50
229002850,17,0,17
229002851,21,111,-90
229002852,126,22,104
229002853,98,15,83
229002854,25,45,-20
229002855,5,35,-30
229002856,19,16,3
229002857,13,103,-90
229002858,14,4,10
229002859,9,83,-74
229002860,68,18,50
229002861,25,14,11
229002862,18,17,1
229002863,26,45,-19
229002864,43,26,17
229002865,8,26,-18
229002866,31,34,-3
229002867,7,35,-28
229002868,15,28,-13
229002869,35,85,-50
229002870,73,6,67
235000066,158,36,122
235000067,62,88,-26
235000072,30,62,-32
235000073,80,300,-220
235000074,31,16,15
235000080,15,38,-23
235000081,71,40,31
235000082,224,23,201
235000083,156,41,115
235000084,63,36,27
235000085,161,53,108
235000089,19,20,-1
235000092,43,104,-61
235000093,9,4,5
235000097,1,4,-3
235000098,54,8,46
235000099,21,12,9
235000116,14,10,4
235000117,434,16,418
235000133,10,526,-516
235000134,7,225,-218
235000206,8,9,-1
235000207,1,8,-7
235000208,1,1,0
235000209,8,1,7
235000210,11,3,8
235000212,1,17,-16
235000213,0,11,-11
235000220,2,5,-3
235000221,22,43,-21
235000238,11,218,-207
235000239,2,56,-54
235000242,307,946,-639
235000245,399,170,229
235000246,35,60,-25
235000284,6,146,-140
235000295,111,20,91
235000305,303,62,241
235000306,409,17,392
235000307,33,2,31
235000308,20,6,14
235000309,67,1,66
235000310,41,0,41
235000311,351,8,343
235000322,0,40,-40
235000323,0,77,-77
235000324,0,59,-59
235000325,0,31,-31
235000326,17,61,-44
235000351,11,61,-50
235000352,3,54,-51
235000353,12,34,-22
235000354,24,60,-36
235000355,10,63,-53
235000356,51,4,47
235000357,56,9,47
235000358,18,16,2
235000359,18,7,11
235000360,56,11,45
235000361,108,12,96
235000381,112,76,36
235000382,133,19,114
235000390,11,9,2
235000391,210,2,208
235000392,288,264,24
235000393,158,161,-3
235000395,142,31,111
235000396,480,76,404
235000400,66,106,-40
235000401,7,79,-72
235000405,94,128,-34
235000406,22,75,-53
235000407,33,82,-49
235000409,105,58,47
235000410,38,126,-88
235000411,4,33,-29
235000485,0,3,-3
235000486,12,0,12
235000549,79,81,-2
235000550,131,64,67
235000599,139,13,126
235000600,8,14,-6
235000601,27,18,9
235000602,82,50,32
235000614,2,7,-5
235000648,0,5,-5
235000649,35,7,28
235000685,7,11,-4
235000815,16,232,-216
235000834,0,28,-28
235000855,27,23,4
235000862,58,80,-22
235000891,0,42,-42
235000892,8,1,7
235000901,51,58,-7
235000907,4,12,-8
235001010,67,26,41
235001029,135,178,-43
235001030,227,114,113
235001078,110,101,9
235001079,31,36,-5
235001147,37,107,-70
235001166,8,22,-14
235001167,49,6,43
235001169,57,303,-246
235001188,0,24,-24
235001189,4,3,1
235001197,2,30,-28
235001200,62,63,-1
235001207,590,45,545
235001210,127,66,61
235001215,19,127,-108
235001239,1,21,-20
235001244,0,30,-30
235016267,0,54,-54
277102712,5,1,4
277103813,6,1,5
277103814,0,0,0
277104249,0,2,-2
277104250,0,3,-3
277104251,0,2,-2
277104252,0,2,-2
990011530,0,204,-204
990014944,0,190,-190
990015176,178,2,176
990015618,12,95,-83
990016032,0,139,-139
990032570,0,39,-39
990070001,63,1,62
990070103,0,4,-4
990070601,0,27,-27
990070751,1544,3,1541
990070766,1,172,-171
990071180,491,197,294
990071343,43,2,41
990071387,0,3,-3
990071823,11,0,11
990072600,1,1243,-1242
990072964,0,366,-366
990073285,0,1,-1
990074393,4,313,-309
990074870,1799,5,1794
990075106,599,4,595
990075746,583,9,574
990076437,2639,25,2614
990076458,0,249,-249
997000007,376,44,332
997000041,1,169,-168
997000058,50,0,50
997000062,39,25,14
997000069,0,5,-5
997000070,0,3,-3
997000100,68,0,68
997000141,0,409,-409
997000198,50,559,-509
998000475,0,0,0
998000736,0,83,-83
998000965,0,14,-14
998001031,0,73,-73
998001700,0,24,-24
998001899,0,1,-1
998001900,8,1,7
998003073,857,3,854
998101900,0,0,0
998102850,0,241,-241
998501927,453,1379,-926
998501929,104,6,98
998501930,74,16,58
998501931,103,8,95
998501932,10,1,9
998501933,48,3,45
998501937,36,26,10
998501944,1,0,1
998501950,2,5,-3
998501970,74,5,69
998501971,0,58,-58
998501973,0,10,-10
998501974,0,149,-149
998501975,88,0,88
998501976,333,0,333
998501977,10,9,1
998501978,90,45,45
998501979,0,5,-5
998501980,42,1,41
998501981,51,1,50
998501982,1,114,-113
998501983,0,1,-1
998502006,0,0,0
998502024,0,4,-4
998502032,0,3,-3
998502062,15,1,14
998502063,0,0,0
998502173,27,0,27
998502269,0,3,-3
998502546,1,393,-392
998502578,1,0,1
998502599,22,474,-452
998502621,0,4,-4
998601159,1,30,-29
998601292,0,10,-10
999033574,0,195,-195
999800001,31,2,29
999800002,0,4,-4
999800003,4,1,3
999800004,0,4,-4
999800005,0,12,-12
