ID,insum,outsum,diff
100000001,333,538,-205
100000002,2699,1886,813
100000003,2540,3073,-533
100000004,389,678,-289
100000005,1341,2866,-1525
100000006,272,122,150
100000007,1161,532,629
100000008,88,233,-145
100000009,212,183,29
100000010,25,35,-10
100000011,469,126,343
100000012,57,630,-573
100000013,7,175,-168
100000014,117,253,-136
100000015,978,1415,-437
100000016,518,698,-180
100000017,301,441,-140
100000018,730,405,325
100000019,2163,1269,894
100000020,874,3183,-2309
100000021,2493,1376,1117
100000022,526,1424,-898
100000023,2125,972,1153
100000025,405,949,-544
100000028,582,646,-64
100000029,48,275,-227
100000030,68,21,47
100000031,1780,3819,-2039
100000032,1077,2287,-1210
100000033,625,1637,-1012
100000034,128,576,-448
100000035,629,900,-271
100000036,656,973,-317
100000037,476,301,175
100000038,1463,567,896
100000039,242,179,63
100000040,108,131,-23
100000041,981,377,604
100000042,641,383,258
100000043,427,332,95
100000044,194,365,-171
100000045,242,574,-332
100000046,378,364,14
100000047,156,276,-120
100000048,165,368,-203
100000049,932,779,153
100000051,281,515,-234
100000053,58,5,53
100000054,192,35,157
100000055,497,302,195
100000056,388,421,-33
100000057,1259,398,861
100000058,515,649,-134
100000059,9,112,-103
100000060,331,197,134
100000061,1522,313,1209
100000062,1122,350,772
100000063,677,226,451
100000064,701,242,459
100000065,184,455,-271
100000066,144,407,-263
100000067,192,404,-212
100000068,305,838,-533
100000069,189,670,-481
100000072,161,358,-197
100000073,602,633,-31
100000075,451,168,283
100000076,1048,2105,-1057
100000077,99,253,-154
100000078,16,30,-14
100000079,27,19,8
100000080,18,37,-19
100000081,64,199,-135
100000102,2070,2674,-604
100000103,1080,966,114
100000104,1468,1608,-140
100000105,971,1008,-37
100000106,1016,1974,-958
100000107,166,919,-753
100000108,326,518,-192
100000109,981,898,83
100000116,630,714,-84
100000117,44,111,-67
100000118,788,1061,-273
100000119,380,818,-438
100000121,156,273,-117
100000122,1243,669,574
100000123,961,1862,-901
100000124,2589,3134,-545
100000125,2205,1159,1046
100000126,337,332,5
100000127,872,269,603
100000128,1257,1305,-48
100000129,280,430,-150
100000130,303,224,79
100000131,873,1346,-473
100000132,540,1436,-896
100000133,1691,1202,489
100000135,409,956,-547
100000139,206,375,-169
100000140,187,281,-94
100000142,363,385,-22
100000143,844,284,560
100000144,1592,478,1114
100000147,890,2363,-1473
100000150,40,370,-330
100000151,512,1356,-844
100000153,201,383,-182
100000154,28,223,-195
100000155,18,43,-25
100000156,302,515,-213
100000157,302,163,139
100000158,267,121,146
100000159,202,365,-163
100000165,692,547,145
100000169,55,541,-486
100000174,203,508,-305
100000179,74,326,-252
100000180,458,748,-290
100000181,251,311,-60
100000188,39,88,-49
100000189,500,263,237
100000190,471,1193,-722
100000191,595,508,87
100000192,18,71,-53
100000193,231,122,109
100000330,460,644,-184
100000355,112,524,-412
100000362,2358,1393,965
100000363,3200,3256,-56
100000364,71,180,-109
100000365,4097,6791,-2694
100000366,2294,1814,480
100000367,3350,4795,-1445
100000368,2207,769,1438
100000369,417,1524,-1107
100000370,78,628,-550
100000376,54,138,-84
100000379,1034,1005,29
100000380,2751,3396,-645
100000384,3467,4129,-662
100000385,1721,2373,-652
100000386,3434,3993,-559
100000387,2288,3885,-1597
100000388,2645,4417,-1772
100000389,2827,4555,-1728
100000390,3944,4710,-766
100000391,2742,5858,-3116
100000392,1778,3362,-1584
100000393,1511,3907,-2396
100000394,3902,6519,-2617
100000395,2482,4305,-1823
100000396,4719,3002,1717
100000397,2779,6823,-4044
100000398,6427,4840,1587
100000413,0,4,-4
100900002,4,13,-9
100900003,183,155,28
100900004,5,364,-359
100900005,63,18,45
100900006,10,34,-24
100900007,132,4,128
100900008,1,217,-216
100900009,64,114,-50
100900010,43,17,26
100900011,100,98,2
100900012,1,124,-123
100900013,456,18,438
100900014,6,1,5
100900015,37,41,-4
100900016,8,17,-9
100900017,474,39,435
100900018,0,10,-10
100900019,19,51,-32
100900020,162,4,158
100900021,255,1,254
100900022,3,13,-10
100900023,0,10,-10
100900024,219,1,218
100900025,11,5,6
100900026,80,59,21
100900027,276,1299,-1023
100900028,81,107,-26
100900029,18,3,15
100900030,1,48,-47
100900031,409,19,390
100900032,185,1,184
100900033,91,156,-65
100900034,363,3,360
100900035,136,1,135
100900036,5,1,4
100900037,88,70,18
100900038,91,48,43
100900039,134,231,-97
100900040,337,311,26
100900041,759,338,421
100900042,1005,777,228
100900043,0,9,-9
100900044,836,364,472
100900045,45,1,44
100900046,581,7,574
100900047,392,130,262
100900048,91,65,26
100900049,40,75,-35
100900050,1,6,-5
100900051,15,79,-64
100900052,155,20,135
100900053,403,9,394
100900054,3,22,-19
100900055,132,398,-266
100900056,34,43,-9
100900057,751,885,-134
100900058,97,26,71
100900059,57,1,56
100900060,182,3,179
100900061,253,134,119
100900062,14,9,5
100900063,147,435,-288
100900064,373,24,349
100900065,39,133,-94
100900066,83,203,-120
100900067,2,5,-3
100900068,70,55,15
100900069,708,2,706
100900070,231,4,227
100900071,401,129,272
100900072,1,9,-8
100900073,89,164,-75
100900074,3,2,1
100900075,816,179,637
100900076,4,12,-8
100900077,23,54,-31
100900078,40,227,-187
100900079,5,8,-3
100900080,33,89,-56
100900081,25,119,-94
100900082,127,231,-104
100900083,12,6,6
100900085,10,138,-128
100900086,69,369,-300
100900088,86,224,-138
100900089,2,5,-3
100900090,75,216,-141
100900091,6,20,-14
100900092,85,191,-106
100900093,206,129,77
100900094,88,160,-72
100900095,0,6,-6
100900096,22,98,-76
100900097,5,1,4
100900098,23,30,-7
100900099,18,297,-279
100900100,2,318,-316
100900101,120,35,85
100900102,2,23,-21
100900103,7,17,-10
100900104,1,103,-102
100900105,9,205,-196
100900106,27,6,21
100900107,822,482,340
100900108,5,7,-2
100900109,6,18,-12
100900110,1,4,-3
100900111,17,126,-109
100900112,3,15,-12
100900113,13,13,0
100900114,7,17,-10
100900115,10,14,-4
100900116,456,279,177
100900117,165,641,-476
100900118,17,32,-15
100900119,11,9,2
100900120,14,5,9
100900121,168,309,-141
100900122,50,112,-62
100900123,51,75,-24
100900124,3,24,-21
100900125,6,31,-25
100900126,110,53,57
100900127,0,6,-6
100900128,75,78,-3
100900129,0,158,-158
100900131,30,99,-69
100900133,64,17,47
100900134,1,3,-2
100900135,1,126,-125
100900137,186,98,88
100900138,196,291,-95
100900139,5,7,-2
100900140,1,210,-209
100900141,0,333,-333
100900142,1,2,-1
100900143,226,244,-18
100900144,6,3,3
100900145,25,99,-74
100900146,4,26,-22
100900147,7,284,-277
100900148,17,248,-231
100900149,22,146,-124
100900150,6,21,-15
100900151,53,166,-113
100900152,46,5,41
100900153,0,88,-88
100900154,6,39,-33
100900155,3,4,-1
100900156,3,2,1
100900157,2,124,-122
100900159,3,11,-8
100900160,12,3,9
100900161,15,7,8
100900162,8,173,-165
100900163,102,74,28
100900164,29,11,18
100900165,8,29,-21
100900166,12,0,12
100900167,10,33,-23
100900168,16,83,-67
100900169,85,484,-399
100900170,18,1,17
100900171,8,214,-206
100900172,0,11,-11
100900173,1,118,-117
100900174,48,8,40
100900176,923,113,810
100900177,363,162,201
100900178,84,80,4
100900179,124,99,25
100900180,1,2,-1
100900181,33,56,-23
100900182,35,35,0
100900184,14,67,-53
100900186,250,218,32
100900187,6,54,-48
100900188,20,5,15
100900189,721,152,569
100900191,448,842,-394
100900192,181,343,-162
100900195,111,56,55
100900197,4,5,-1
100900198,12,70,-58
100900199,2,0,2
100900200,413,222,191
100900201,17,278,-261
100900202,43,1,42
100900203,1,207,-206
100900204,47,225,-178
100900205,100,408,-308
100900206,192,60,132
100900207,160,111,49
100900210,35,176,-141
100900211,209,99,110
100900213,59,25,34
100900214,358,89,269
100900215,16,21,-5
100900217,49,85,-36
101000001,1372,1282,90
101000002,3105,3783,-678
101000003,221,518,-297
101000004,3278,3360,-82
101000005,2077,2400,-323
101000006,2748,3741,-993
101000007,1584,2171,-587
101000008,1500,1346,154
101000009,1400,594,806
101000010,589,466,123
101000011,646,284,362
101000012,524,419,105
101000013,412,561,-149
101000014,296,332,-36
101000015,938,596,342
101000016,214,321,-107
101000017,358,287,71
101000018,1472,1474,-2
101000020,1109,591,518
101000021,532,229,303
101000022,76,95,-19
101000023,815,423,392
101000025,208,317,-109
101000026,149,16,133
101000027,1585,2223,-638
101000028,457,231,226
101000029,151,1133,-982
101000030,787,112,675
101000031,248,691,-443
101000032,2922,3237,-315
101000033,1181,2370,-1189
101000034,893,1216,-323
101000035,437,206,231
101000036,1129,779,350
101000037,1382,1511,-129
101000039,1043,1883,-840
101000040,1470,2829,-1359
101000041,2567,4908,-2341
101000042,175,824,-649
101000043,2559,4850,-2291
101000045,561,762,-201
101000046,1304,1752,-448
101000047,1071,3194,-2123
101000048,375,327,48
101000049,342,1219,-877
101000050,755,1337,-582
101000051,640,1795,-1155
101000052,830,888,-58
101000053,572,970,-398
101000054,1149,616,533
101000055,817,1003,-186
101000056,42,103,-61
101000057,843,966,-123
101000058,539,881,-342
101000059,1229,1491,-262
101000060,1234,586,648
101000061,382,941,-559
101000062,356,568,-212
101000063,325,879,-554
101000064,686,852,-166
101000065,239,512,-273
101000066,571,970,-399
101000067,702,798,-96
101000068,153,405,-252
101000069,158,52,106
101000070,570,764,-194
101000071,1134,646,488
101000072,378,2011,-1633
101000073,568,795,-227
101000074,2542,2720,-178
101000075,2022,3425,-1403
101000077,1130,888,242
101000078,550,1201,-651
101000079,1315,673,642
101000080,1000,633,367
101000081,1247,1124,123
101000082,1778,1856,-78
101000083,1805,1731,74
101000084,781,489,292
101000085,988,823,165
101000086,835,823,12
101000087,533,577,-44
101000088,897,870,27
101000089,696,1100,-404
101000090,1228,706,522
101000091,259,339,-80
101000092,873,514,359
101000093,1033,456,577
101000094,704,640,64
101000095,459,319,140
101000096,285,271,14
101000097,250,275,-25
101000098,218,391,-173
101000099,396,671,-275
101000100,427,678,-251
101000101,167,281,-114
101000102,339,404,-65
101000103,437,466,-29
101000104,226,493,-267
101000105,272,387,-115
101000106,444,643,-199
101000107,205,276,-71
101000108,376,161,215
101000109,348,40,308
101000110,21,162,-141
101000111,62,127,-65
101000113,192,443,-251
101000114,3853,6150,-2297
101000115,69,42,27
101000116,22,20,2
101000117,1067,135,932
101000119,49,49,0
101000120,88,47,41
101000121,49,57,-8
101000122,88,108,-20
101000123,53,93,-40
101000124,1260,339,921
101000125,99,294,-195
101000128,158,355,-197
101000130,125,197,-72
101000131,673,290,383
101000132,597,363,234
101000135,23,49,-26
101000136,247,169,78
101000137,24,283,-259
101000141,671,2546,-1875
101000147,649,288,361
101000148,442,8,434
101000149,138,317,-179
101000150,87,284,-197
101000151,187,39,148
101000152,185,194,-9
101000153,223,139,84
101000154,170,476,-306
101000155,249,100,149
101000156,16,178,-162
101000157,28,13,15
101000160,23,32,-9
101000163,87,356,-269
101000164,253,176,77
101000165,171,257,-86
101000166,129,163,-34
101000168,516,335,181
101000252,1437,745,692
101000254,70,71,-1
101000258,66,9,57
101000261,142,35,107
101000262,1069,1950,-881
101000263,129,672,-543
101000265,45,530,-485
101000266,144,91,53
101000269,12,10,2
101000290,424,1504,-1080
101000293,20,25,-5
101000294,423,307,116
101000295,121,229,-108
101000301,301,349,-48
101000304,1611,1689,-78
101000305,1945,826,1119
101000328,67,257,-190
101900001,17,45,-28
101900002,0,9,-9
101900003,47,67,-20
101900004,2,63,-61
101900005,1602,1856,-254
101900006,668,47,621
101900007,408,154,254
101900008,48,129,-81
101900009,19,256,-237
101900010,499,494,5
101900011,102,454,-352
101900012,112,53,59
101900013,365,122,243
101900017,4,86,-82
101900018,531,154,377
101900019,190,105,85
101900020,62,22,40
101900021,1,30,-29
101900022,117,502,-385
101900023,92,70,22
101900026,55,21,34
101900027,14,78,-64
102000001,2094,2795,-701
102000002,1454,486,968
102000003,1570,4067,-2497
102000004,2345,1477,868
102000005,821,1763,-942
102000006,526,1094,-568
102000007,1045,2850,-1805
102000008,1950,1098,852
102000009,4172,5416,-1244
102000010,2624,2110,514
102000011,2232,1891,341
102000012,2045,1653,392
102000018,1592,1686,-94
102000019,1279,1058,221
102000026,119,278,-159
102000029,111,144,-33
102000030,65,170,-105
102000031,49,83,-34
102000032,402,169,233
102000033,241,214,27
102000034,270,203,67
102000035,499,366,133
102000036,3,160,-157
102000037,78,33,45
102000038,91,208,-117
102000039,101,78,23
102000040,262,189,73
102000041,79,360,-281
102000042,96,291,-195
102000043,102,138,-36
102000044,240,365,-125
102000045,399,571,-172
102000046,727,402,325
102000047,451,545,-94
102000048,256,402,-146
102000049,700,541,159
102000050,619,759,-140
102000051,282,499,-217
102000052,663,420,243
102000053,557,637,-80
102000054,526,611,-85
102000055,883,295,588
102000056,738,401,337
102000057,849,334,515
102000058,606,617,-11
102000059,877,717,160
102000060,619,548,71
102000061,946,882,64
102000062,1167,603,564
102000063,675,745,-70
102000064,358,413,-55
102000065,28,112,-84
102000066,590,436,154
102000067,1366,1673,-307
102000068,5240,1463,3777
102000069,48,1636,-1588
102000070,817,22,795
102000071,4177,5257,-1080
102000072,1737,2399,-662
102000073,508,425,83
102000074,360,348,12
102000075,87,129,-42
102000076,159,138,21
102000077,479,364,115
102000078,606,331,275
102000079,105,131,-26
102000080,136,115,21
102000081,152,543,-391
102000082,362,178,184
102000083,478,117,361
102000084,301,138,163
102000085,1061,510,551
102000086,822,540,282
102000087,519,860,-341
102000088,230,173,57
102000089,873,240,633
102000090,243,562,-319
102000091,909,353,556
102000092,173,288,-115
102000093,300,416,-116
102000094,546,417,129
102000095,505,781,-276
102000096,363,537,-174
102000097,359,410,-51
102000098,361,415,-54
102000099,488,611,-123
102000100,210,816,-606
102000101,352,514,-162
102000102,202,675,-473
102000103,839,228,611
102000104,354,182,172
102000105,192,304,-112
102000106,508,280,228
102000107,1063,308,755
102000108,365,87,278
102000109,450,365,85
102000110,907,498,409
102000111,7,158,-151
102000112,99,83,16
102000113,8,17,-9
102000114,467,256,211
102000115,105,172,-67
102000116,169,295,-126
102000117,91,322,-231
102000118,531,864,-333
102000119,823,660,163
102000120,104,237,-133
102000121,560,246,314
102000122,415,580,-165
102000123,666,482,184
102000124,643,747,-104
102000125,381,509,-128
102000126,326,383,-57
102000127,716,291,425
102000128,340,497,-157
102000129,829,348,481
102000130,439,348,91
102000131,650,261,389
102000132,239,313,-74
102000133,1597,1007,590
102000134,623,340,283
102000135,356,440,-84
102000136,482,399,83
102000137,378,482,-104
102000138,159,207,-48
102000139,41,245,-204
102000140,96,338,-242
102000141,134,203,-69
102000142,199,193,6
102000143,124,199,-75
102000144,252,136,116
102000145,260,222,38
102000146,287,172,115
102000147,359,242,117
102000148,171,301,-130
102000149,88,130,-42
102000150,297,84,213
102000151,92,92,0
102000152,137,61,76
102000153,679,444,235
102000154,184,347,-163
102000155,46,217,-171
102000156,166,116,50
102000157,61,332,-271
102000158,323,376,-53
102000159,481,476,5
102000161,1204,1122,82
102000162,72,91,-19
102000163,61,280,-219
102000164,371,545,-174
102000165,135,68,67
102000166,15,94,-79
102000167,136,102,34
102000168,194,96,98
102000169,63,259,-196
102000170,230,87,143
102000171,93,32,61
102000172,59,165,-106
102000173,284,184,100
102000174,30,31,-1
102000175,46,52,-6
102000176,45,18,27
102000178,204,168,36
102000179,306,140,166
102000180,715,214,501
102000181,511,332,179
102000182,341,326,15
102000183,1273,787,486
102000184,1367,391,976
102000185,2156,658,1498
102000186,958,783,175
102000187,524,654,-130
102000188,752,794,-42
102000189,1082,335,747
102000190,341,1560,-1219
102000191,684,201,483
102000192,889,863,26
102000193,55,78,-23
102000194,34,69,-35
102000195,275,213,62
102000196,177,133,44
102000197,517,121,396
102000198,153,272,-119
102000199,810,140,670
102000200,229,470,-241
102000201,754,240,514
102000202,13,46,-33
102000203,263,83,180
102000204,303,293,10
102000205,686,225,461
102000206,445,194,251
102000207,338,256,82
102000208,205,218,-13
102000209,21,37,-16
102000210,337,186,151
102000211,307,109,198
102000212,235,5,230
102000213,5,112,-107
102000214,192,15,177
102000215,2,175,-173
102000216,52,60,-8
102000217,4,59,-55
102000218,186,99,87
102000219,202,124,78
102000225,343,360,-17
102000226,539,589,-50
102000227,92,1,91
102000228,2,35,-33
102000229,27,44,-17
102000230,208,214,-6
102000231,140,196,-56
102000232,36,98,-62
102000233,270,283,-13
102000234,54,569,-515
102000236,104,45,59
102000237,336,62,274
102000238,109,145,-36
102000240,304,394,-90
102000241,74,91,-17
102000243,26,27,-1
102000245,7,88,-81
102000246,5,24,-19
102000247,254,307,-53
102000248,219,471,-252
102000249,86,55,31
102000250,41,180,-139
102000254,138,121,17
102000266,15,231,-216
102000271,18,0,18
102000286,179,186,-7
102000297,1015,523,492
102000301,0,0,0
102000303,0,0,0
102000307,0,3,-3
102900001,635,444,191
102900002,311,22,289
102900003,34,105,-71
102900005,263,150,113
102900006,385,70,315
102900007,285,25,260
102900008,171,27,144
102900009,371,188,183
102900010,148,650,-502
102900011,853,233,620
102900012,319,47,272
102900013,37,42,-5
102900015,313,278,35
102900016,48,78,-30
102900017,110,274,-164
102900018,38,55,-17
102900019,235,164,71
102900020,103,16,87
102900021,27,59,-32
102900022,345,106,239
102900023,14,23,-9
102900024,27,29,-2
102900025,153,55,98
102900026,202,1381,-1179
102900027,42,53,-11
102900028,70,472,-402
102900029,113,122,-9
102900030,276,205,71
102900031,165,75,90
102900032,78,53,25
102900033,64,82,-18
102900034,346,46,300
102900035,115,141,-26
102900036,230,169,61
102900037,211,138,73
102900038,309,217,92
102900039,9,339,-330
102900040,90,162,-72
102900041,77,120,-43
102900042,184,191,-7
102900043,122,123,-1
102900044,351,962,-611
102900045,121,247,-126
102900046,117,126,-9
102900047,81,294,-213
102900048,393,275,118
102900049,98,208,-110
102900050,101,143,-42
102900051,118,108,10
102900052,16,44,-28
102900053,195,326,-131
102900054,349,674,-325
102900055,54,140,-86
102900056,94,174,-80
102900057,2,36,-34
102900058,259,48,211
102900059,35,52,-17
102900060,76,203,-127
102900061,148,200,-52
102900062,193,353,-160
102900063,936,243,693
102900064,43,244,-201
102900065,750,275,475
102900066,197,6,191
102900068,78,66,12
102900070,131,251,-120
102900072,2,34,-32
102900073,85,8,77
102900075,11,65,-54
102900076,56,97,-41
102900077,28,21,7
102900078,12,36,-24
102900079,151,5,146
102900080,307,35,272
102900081,56,158,-102
102900082,9,113,-104
102900083,88,6,82
102900084,4,14,-10
102900085,218,77,141
102900086,8,41,-33
102900087,62,58,4
102900088,32,15,17
102900089,136,81,55
102900090,1,106,-105
102900091,99,0,99
102900092,263,305,-42
102900093,156,139,17
102900094,1,83,-82
102900095,74,0,74
102900096,55,6,49
102900097,1,66,-65
102900098,17,10,7
103000001,1630,1606,24
103000002,1459,1639,-180
103000003,2056,1768,288
103000004,593,488,105
103000005,1139,2000,-861
103000006,593,1007,-414
103000007,230,440,-210
103000008,569,383,186
103000009,1098,689,409
103000010,78,48,30
103000011,1079,744,335
103000012,1080,942,138
103000013,1931,1031,900
103000014,866,1695,-829
103000015,844,414,430
103000016,314,954,-640
103000017,146,281,-135
103000018,330,163,167
103000019,250,179,71
103000020,1370,867,503
103000021,1177,1457,-280
103000022,481,654,-173
103000023,516,1290,-774
103000024,61,70,-9
103000025,55,462,-407
103000026,417,67,350
103000027,198,374,-176
103000028,206,189,17
103000029,84,131,-47
103000030,848,650,198
103000031,560,1172,-612
103000032,1296,869,427
103000033,2014,1743,271
103000034,750,632,118
103000035,268,835,-567
103000036,241,282,-41
103000037,388,303,85
103000038,294,588,-294
103000039,348,230,118
103000040,370,425,-55
103000041,1042,907,135
103000042,911,268,643
103000043,534,494,40
103000044,198,90,108
103000046,334,292,42
103000047,435,343,92
103000048,129,102,27
103000049,62,57,5
103000050,483,197,286
103000051,343,281,62
103000052,479,165,314
103000053,136,345,-209
103000054,1891,976,915
103000055,1512,1418,94
103000056,496,697,-201
103000057,538,123,415
103000058,395,462,-67
103000059,364,434,-70
103000060,467,291,176
103000061,273,522,-249
103000062,604,233,371
103000063,547,583,-36
103000064,105,88,17
103000065,2,252,-250
103000066,109,9,100
103000069,324,162,162
103000070,614,309,305
103000071,796,372,424
103000072,106,307,-201
103000073,440,108,332
103000074,457,54,403
103000075,67,249,-182
103000076,210,278,-68
103000077,13,173,-160
103000078,496,434,62
103000079,274,398,-124
103000080,431,258,173
103000081,234,672,-438
103000082,295,149,146
103000083,56,183,-127
103000084,68,11,57
103000085,3,63,-60
103000086,301,298,3
103000087,92,395,-303
103000088,183,226,-43
103000089,201,298,-97
103000090,1826,733,1093
103000091,462,355,107
103000092,162,181,-19
103000093,259,241,18
103000094,129,59,70
103000095,55,196,-141
103000096,391,39,352
103000097,69,556,-487
103000098,403,140,263
103000099,136,524,-388
103000100,72,325,-253
103000101,595,90,505
103000102,69,251,-182
103000103,488,102,386
103000104,63,65,-2
103000105,129,64,65
103000106,8,108,-100
103000107,135,45,90
103000108,679,393,286
103000109,292,276,16
103000110,437,385,52
103000111,297,279,18
103000112,251,150,101
103000113,373,399,-26
103000114,774,338,436
103000115,425,275,150
103000116,439,210,229
103000117,282,239,43
103000118,302,309,-7
103000119,550,270,280
103000120,23,92,-69
103000121,98,250,-152
103000122,217,378,-161
103000125,13,77,-64
103000126,404,0,404
103000127,1,80,-79
103000128,86,1,85
103000129,0,72,-72
103000130,44,19,25
103000131,37,68,-31
103000132,83,91,-8
103000133,13,36,-23
103000134,186,598,-412
103000135,352,192,160
103000136,440,303,137
103000137,233,399,-166
103000138,401,413,-12
103000139,2,59,-57
103000140,124,23,101
103000141,12,96,-84
103000142,55,70,-15
103000143,17,117,-100
103000144,89,51,38
103000145,13,58,-45
103000150,77,16,61
103000152,163,192,-29
103000153,174,105,69
103000156,4,152,-148
103000157,279,4,275
103000159,81,39,42
103000162,26,12,14
103000163,6,19,-13
103000164,9,6,3
103000165,40,137,-97
103000166,153,203,-50
103000167,161,82,79
103000168,106,84,22
103000169,106,242,-136
103000170,609,207,402
103000171,19,55,-36
103000172,366,157,209
103000173,407,189,218
103000174,177,156,21
103000175,206,119,87
103000176,573,421,152
103000177,273,243,30
103000178,99,158,-59
103000179,115,15,100
103000183,137,9,128
103000185,99,21,78
103000186,127,77,50
103000187,494,122,372
103000188,8,59,-51
103000189,460,364,96
103000191,297,337,-40
103000292,547,1007,-460
103000293,488,1512,-1024
103000295,31,75,-44
103000296,68,2,66
103000297,11,12,-1
103000504,19,10,9
103000505,2,9,-7
103000506,0,119,-119
103000507,172,0,172
103000508,37,21,16
103000509,155,410,-255
103900001,1,97,-96
103900002,486,123,363
103900003,667,102,565
103900004,62,0,62
103900005,0,75,-75
103900006,1,1,0
103900007,51,1,50
103900008,3,0,3
103900009,196,400,-204
103900010,86,210,-124
103900011,272,47,225
103900012,6,24,-18
103900013,81,50,31
103900014,52,7,45
103900015,59,5,54
103900016,163,92,71
103900017,29,45,-16
103900018,330,114,216
103900019,36,278,-242
103900020,160,337,-177
103900021,260,59,201
103900022,637,366,271
103900023,115,1,114
103900024,50,168,-118
103900025,14,18,-4
103900026,3,0,3
103900027,566,98,468
103900028,15,143,-128
103900029,760,109,651
103900030,234,60,174
103900031,18,1,17
103900032,52,59,-7
103900033,68,11,57
103900034,35,52,-17
103900035,40,20,20
103900036,26,51,-25
103900037,50,19,31
103900038,47,156,-109
103900039,61,138,-77
103900040,16,77,-61
103900041,34,29,5
103900042,61,131,-70
103900043,163,26,137
103900044,38,197,-159
103900045,209,111,98
103900047,81,15,66
103900048,14,27,-13
103900049,84,648,-564
103900050,11,115,-104
103900051,0,22,-22
103900052,108,163,-55
103900053,173,205,-32
103900054,60,161,-101
103900055,309,122,187
103900056,46,21,25
103900057,38,55,-17
103900058,197,288,-91
103900059,0,8,-8
103900060,60,88,-28
103900061,156,15,141
103900062,233,62,171
103900063,2,0,2
103900064,103,1,102
103900065,474,258,216
103900066,132,26,106
103900067,139,6,133
103900068,1,0,1
103900069,33,17,16
103900070,77,87,-10
103900071,7,67,-60
103900072,21,106,-85
103900073,29,61,-32
103900074,69,66,3
103900075,219,51,168
103900076,439,187,252
103900077,26,116,-90
103900078,147,72,75
103900079,127,93,34
103900080,9,16,-7
103900081,33,20,13
103900082,19,73,-54
103900083,575,736,-161
103900084,21,43,-22
103900085,52,85,-33
103900086,458,190,268
103900088,182,381,-199
103900089,59,84,-25
103900090,1,41,-40
103900091,830,149,681
103900092,378,169,209
103900093,53,140,-87
103900094,7,63,-56
103900095,162,101,61
103900096,25,93,-68
103900097,2,234,-232
103900098,174,58,116
103900099,65,34,31
103900100,167,146,21
103900101,24,629,-605
103900102,0,10,-10
103900104,1,16,-15
103900105,46,97,-51
103900106,0,10,-10
103900107,120,89,31
103900108,38,116,-78
103900109,111,31,80
103900110,136,26,110
103900111,71,255,-184
103900112,43,39,4
103900113,50,151,-101
103900114,204,138,66
103900115,134,117,17
103900116,1607,1411,196
103900117,95,25,70
103900119,24,72,-48
103900120,43,47,-4
103900122,128,100,28
103900123,596,373,223
103900124,42,168,-126
103900125,71,41,30
103900126,340,187,153
103900127,163,153,10
103900128,117,77,40
103900131,23,42,-19
103900133,654,9,645
103900134,0,4,-4
103900135,4,5,-1
103900137,0,17,-17
103900138,115,91,24
103900139,124,1385,-1261
103900140,4,118,-114
103900141,134,31,103
103900142,107,44,63
103900143,47,0,47
103900144,0,18,-18
103900145,131,146,-15
103900146,156,142,14
103900147,230,65,165
103900148,146,115,31
103900149,179,239,-60
103900150,2369,2535,-166
103900151,47,63,-16
103900152,533,173,360
103900153,4,1,3
103900154,380,1111,-731
103900155,48,100,-52
103900156,82,73,9
103900157,59,69,-10
103900158,82,44,38
103900159,130,23,107
103900160,53,37,16
103900161,68,88,-20
103900162,51,63,-12
103900163,2,245,-243
103900167,7,67,-60
103900168,52,39,13
103900169,11,41,-30
103900170,0,35,-35
103900171,2,9,-7
103900172,2,8,-6
103900173,8,13,-5
103900174,123,29,94
103900175,22,57,-35
103900176,2,42,-40
103900177,12,49,-37
103900178,40,27,13
103900179,50,44,6
103900180,1,35,-34
103900181,45,21,24
103900182,18,8,10
103900184,268,89,179
103900185,47,307,-260
103900187,6,58,-52
103900188,41,33,8
103900189,111,14,97
103900190,64,16,48
103900191,16,31,-15
103900192,7,39,-32
103900193,68,91,-23
103900194,56,84,-28
103900195,4,122,-118
103900196,20,34,-14
103900197,3,9,-6
103900198,10,25,-15
103900199,93,25,68
103900200,89,45,44
103900201,57,113,-56
103900202,5,40,-35
103900203,32,14,18
103900204,1,31,-30
103900207,0,33,-33
103900208,95,1,94
103900209,0,47,-47
103900210,28,17,11
103900211,423,146,277
103900212,122,170,-48
103900213,67,163,-96
103900214,148,119,29
103900215,142,197,-55
103900216,7,163,-156
103900217,229,29,200
103900218,0,174,-174
103900219,76,97,-21
103900233,20,4,16
103900235,16,18,-2
103900236,14,4,10
103900242,2,2,0
103900243,1,2,-1
103900244,65,70,-5
103900245,49,105,-56
103900246,22,12,10
103900247,15,37,-22
103900248,3,50,-47
103900249,9,24,-15
103900250,11,24,-13
103900251,3,16,-13
103900253,4,55,-51
103900254,1,9,-8
103900255,2,8,-6
103900256,1,12,-11
103900257,43,36,7
103900258,13,1,12
103900259,17,2,15
103900261,3,1,2
103900262,6,0,6
103900263,36,9,27
103900264,22,17,5
103900265,40,4,36
103900266,1,38,-37
103900267,6,58,-52
103900268,12,19,-7
103900269,122,17,105
103900270,52,47,5
103900271,12,33,-21
103900272,32,28,4
103900273,16,13,3
103900274,66,1,65
103900275,34,4,30
103900276,4,17,-13
103900277,0,26,-26
103900278,3,16,-13
103900279,4,19,-15
103900280,0,25,-25
104000001,1676,1126,550
104000002,1102,1342,-240
104000003,1529,1213,316
104000004,1788,1524,264
104000005,1176,1051,125
104000006,1975,1602,373
104000007,2437,2913,-476
104000008,163,147,16
104000009,184,66,118
104000010,148,188,-40
104000011,257,137,120
104000012,79,143,-64
104000013,203,168,35
104000014,129,331,-202
104000015,248,91,157
104000016,340,196,144
104000018,551,118,433
104000019,583,151,432
104000020,71,238,-167
104000021,191,271,-80
104000022,92,152,-60
104000023,692,254,438
104000024,154,155,-1
104000026,36,180,-144
104000027,157,111,46
104000028,299,129,170
104000029,291,152,139
104000030,238,112,126
104000031,980,258,722
104000032,126,142,-16
104000033,495,366,129
104000034,246,140,106
104000035,768,254,514
104000036,691,270,421
104000037,209,115,94
104000038,391,196,195
104000039,151,74,77
104000040,143,194,-51
104000041,344,198,146
104000042,112,197,-85
104000043,120,167,-47
104000044,150,226,-76
104000045,602,417,185
104000046,572,744,-172
104000047,427,549,-122
104000048,623,719,-96
104000049,334,171,163
104000050,84,327,-243
104000051,74,331,-257
104000052,1025,994,31
104000053,547,314,233
104000054,338,160,178
104000055,2311,1379,932
104000056,511,133,378
104000057,73,160,-87
104000058,452,523,-71
104000059,282,694,-412
104000060,620,738,-118
104000061,720,586,134
104000062,214,63,151
104000064,362,156,206
104000065,84,425,-341
104000069,473,847,-374
104000070,73,358,-285
104000071,51,149,-98
104000072,267,91,176
104000075,14,113,-99
104000076,254,29,225
104000082,1518,2156,-638
104000083,498,144,354
104000084,69,247,-178
104000085,211,173,38
104000086,95,257,-162
104000087,223,850,-627
104000090,594,501,93
104000092,815,946,-131
104000094,454,661,-207
104000095,1331,759,572
104000096,1035,77,958
104000097,1170,399,771
104000098,1657,337,1320
104000100,1089,349,740
104000101,819,933,-114
104000106,34,433,-399
104000107,432,207,225
104000108,142,245,-103
104000109,140,80,60
104000110,476,509,-33
104000111,1307,1233,74
104000112,744,346,398
104000116,1,437,-436
104000117,102,237,-135
104000118,530,86,444
104000119,318,128,190
104000120,172,235,-63
104000121,129,432,-303
104000122,557,535,22
104000123,529,452,77
104000124,359,872,-513
104000125,1548,2840,-1292
104000126,250,250,0
104000127,740,1118,-378
104000128,372,182,190
104000129,267,19,248
104000130,6,117,-111
104000131,235,297,-62
104000132,246,220,26
104000133,895,512,383
104000134,566,864,-298
104000135,308,1010,-702
104000136,476,2210,-1734
104000137,1007,238,769
104000138,471,177,294
104000139,2336,1355,981
104000141,547,551,-4
104000142,399,294,105
104000143,391,206,185
104000144,56,98,-42
104000145,292,150,142
104000146,170,325,-155
104000147,105,199,-94
104000148,262,111,151
104000149,108,132,-24
104000150,617,217,400
104000151,173,156,17
104000152,405,284,121
104000153,352,368,-16
104000154,491,299,192
104000155,311,355,-44
104000157,566,639,-73
104000158,149,257,-108
104000159,558,292,266
104000160,1125,1293,-168
104000161,85,93,-8
104000162,46,59,-13
104000165,441,514,-73
104000167,471,764,-293
104000168,336,2,334
104000169,60,17,43
104000170,254,253,1
104000248,209,272,-63
104000251,43,114,-71
104000272,0,0,0
104000273,0,0,0
104000274,0,0,0
104000275,0,0,0
104000279,417,276,141
104000290,50,110,-60
104000291,406,677,-271
104000293,535,438,97
104000294,45,0,45
104000295,354,495,-141
104000296,270,422,-152
104000297,413,1146,-733
104000298,1166,716,450
104000299,476,961,-485
104900001,79,111,-32
104900002,42,117,-75
104900003,44,160,-116
104900004,56,137,-81
104900005,198,120,78
104900006,181,35,146
104900007,197,96,101
104900009,102,117,-15
104900010,34,47,-13
104900011,15,5,10
104900012,91,13,78
104900013,99,5,94
104900014,1142,192,950
104900015,58,4,54
104900016,145,65,80
104900017,104,82,22
104900018,13,74,-61
104900019,153,2175,-2022
104900020,21,121,-100
104900021,0,70,-70
104900022,10,57,-47
104900023,4,21,-17
104900024,15,52,-37
104900025,41,75,-34
104900026,2,32,-30
104900027,366,233,133
104900028,8,48,-40
104900029,30,21,9
104900030,300,125,175
104900031,33,130,-97
104900032,38,65,-27
104900033,72,150,-78
104900034,252,88,164
104900035,304,115,189
104900036,154,36,118
104900037,101,74,27
104900038,165,438,-273
104900039,319,288,31
104900040,297,50,247
104900041,236,67,169
104900042,103,86,17
104900043,11,104,-93
104900044,443,104,339
104900045,267,43,224
104900046,120,55,65
104900047,248,64,184
104900048,267,26,241
104900049,32,13,19
104900050,137,25,112
104900051,190,27,163
104900052,80,20,60
104900053,260,62,198
104900054,113,12,101
104900055,95,3,92
104900056,116,11,105
104900057,22,0,22
104900058,275,70,205
104900059,133,156,-23
104900060,0,181,-181
104900061,132,244,-112
104900063,0,60,-60
104900064,0,33,-33
104900065,1,148,-147
104900066,2,26,-24
104900067,4,176,-172
104900068,7,80,-73
104900070,128,109,19
104900071,0,190,-190
104900072,53,142,-89
104900073,17,37,-20
104900074,54,108,-54
104900075,13,6,7
104900076,64,116,-52
104900077,243,136,107
104900078,108,200,-92
104900079,41,304,-263
104900080,72,525,-453
104900082,20,225,-205
104900085,0,75,-75
104900087,164,0,164
104900089,175,2,173
104900090,610,433,177
104900091,301,239,62
104900093,124,194,-70
104900097,974,1325,-351
104900098,72,20,52
104900099,50,302,-252
104900100,161,108,53
104900102,19,51,-32
104900103,254,34,220
104900104,1255,1144,111
104900106,83,55,28
104900107,65,86,-21
104900108,10,79,-69
104900109,60,75,-15
104900110,8,26,-18
104900111,86,39,47
104900112,164,225,-61
104900113,443,129,314
104900114,219,148,71
104900115,410,141,269
104900116,175,62,113
104900118,11,13,-2
104900119,1,33,-32
104900120,13,149,-136
104900121,0,44,-44
104900122,4,14,-10
104900123,24,12,12
104900124,34,0,34
104900125,285,0,285
104900126,22,27,-5
104900127,11,23,-12
104900128,99,119,-20
104900129,607,1231,-624
105000001,1849,1050,799
105000002,1587,988,599
105000003,2054,2172,-118
105000004,363,423,-60
105000005,702,779,-77
105000006,905,1070,-165
105000007,899,1168,-269
105000008,972,2506,-1534
105000009,1748,1876,-128
105000010,1740,938,802
105000011,2462,1739,723
105000012,2281,1428,853
105000013,748,589,159
105000014,1253,1664,-411
105000015,5713,9498,-3785
105000016,1148,1144,4
105000017,1035,467,568
105000018,640,909,-269
105000019,703,542,161
105000020,64,321,-257
105000021,136,65,71
105000022,152,66,86
105000023,322,187,135
105000028,34,66,-32
105000029,365,818,-453
105000030,2014,1239,775
105000033,556,862,-306
105000034,80,505,-425
105000037,412,122,290
105000038,819,1043,-224
105000039,1148,650,498
105000040,503,683,-180
105000041,179,551,-372
105000042,1490,903,587
105000043,741,928,-187
105000044,420,291,129
105000045,245,332,-87
105000046,763,223,540
105000047,369,579,-210
105000048,380,107,273
105000049,154,221,-67
105000050,483,269,214
105000051,110,189,-79
105000052,373,371,2
105000053,61,78,-17
105000054,274,391,-117
105000055,352,166,186
105000056,787,894,-107
105000057,685,310,375
105000058,771,591,180
105000059,564,367,197
105000060,304,331,-27
105000061,568,286,282
105000062,366,383,-17
105000063,198,215,-17
105000064,1014,444,570
105000065,273,241,32
105000066,549,546,3
105000067,941,560,381
105000068,215,478,-263
105000069,968,1158,-190
105000070,294,677,-383
105000071,146,628,-482
105000072,712,1484,-772
105000073,615,435,180
105000074,495,428,67
105000075,291,395,-104
105000076,713,562,151
105000077,1358,761,597
105000078,655,767,-112
105000079,690,2176,-1486
105000080,1239,879,360
105000081,2142,1001,1141
105000082,644,1427,-783
105000083,2840,2924,-84
105000084,361,453,-92
105000085,1214,1653,-439
105000086,372,499,-127
105000087,644,934,-290
105000088,826,1068,-242
105000089,1230,1047,183
105000090,628,403,225
105000091,663,830,-167
105000092,354,581,-227
105000093,196,189,7
105000094,171,111,60
105000095,61,260,-199
105000096,839,820,19
105000097,548,413,135
105000098,755,502,253
105000099,445,455,-10
105000100,853,570,283
105000101,1173,981,192
105000102,891,761,130
105000103,774,1109,-335
105000104,1325,498,827
105000105,572,1033,-461
105000106,933,784,149
105000107,1021,502,519
105000108,1085,753,332
105000109,1206,845,361
105000110,498,284,214
105000111,606,374,232
105000112,838,330,508
105000113,330,442,-112
105000114,1226,874,352
105000115,238,845,-607
105000116,602,258,344
105000117,583,382,201
105000118,338,219,119
105000119,401,368,33
105000120,664,293,371
105000121,494,404,90
105000122,252,378,-126
105000123,550,555,-5
105000124,1262,435,827
105000125,571,867,-296
105000126,1223,664,559
105000127,1376,871,505
105000128,373,483,-110
105000129,546,130,416
105000130,196,2054,-1858
105000131,418,186,232
105000132,622,439,183
105000133,385,478,-93
105000134,569,335,234
105000135,265,280,-15
105000136,83,174,-91
105000137,402,145,257
105000138,126,160,-34
105000139,574,420,154
105000140,347,264,83
105000141,248,242,6
105000142,170,283,-113
105000143,129,295,-166
105000144,221,432,-211
105000145,547,180,367
105000146,287,459,-172
105000147,543,224,319
105000148,716,389,327
105000149,1488,1216,272
105000150,945,611,334
105000151,343,211,132
105000152,124,237,-113
105000153,368,309,59
105000154,315,254,61
105000155,243,449,-206
105000156,384,313,71
105000157,491,703,-212
105000158,1177,387,790
105000159,157,500,-343
105000160,1566,401,1165
105000161,389,479,-90
105000162,413,1071,-658
105000163,547,391,156
105000164,132,166,-34
105000165,406,3508,-3102
105000166,2157,583,1574
105000167,751,1173,-422
105000168,257,269,-12
105000169,420,135,285
105000170,165,736,-571
105000171,595,102,493
105000172,80,13,67
105000173,164,14,150
105000174,65,17,48
105000175,48,40,8
105000176,301,48,253
105000177,273,132,141
105000178,163,159,4
105000179,452,58,394
105000180,114,52,62
105000181,81,105,-24
105000182,39,24,15
105000183,1019,1180,-161
105000184,731,432,299
105000185,635,602,33
105000186,218,372,-154
105000187,516,142,374
105000188,124,54,70
105000189,49,233,-184
105000190,241,139,102
105000191,179,130,49
105000192,248,44,204
105000193,54,52,2
105000194,341,71,270
105000195,177,325,-148
105000196,54,189,-135
105000197,186,298,-112
105000198,281,180,101
105000199,135,342,-207
105000200,93,253,-160
105000201,71,22,49
105000203,11,98,-87
105000204,83,66,17
105000205,57,124,-67
105000207,162,101,61
105000208,105,262,-157
105000209,174,166,8
105000212,765,533,232
105000213,59,105,-46
105000214,106,109,-3
105000215,203,89,114
105000216,107,123,-16
105000217,104,116,-12
105000218,949,695,254
105000221,115,84,31
105000222,136,21,115
105000223,177,73,104
105000226,64,76,-12
105000227,43,68,-25
105000228,87,1187,-1100
105000229,103,282,-179
105000231,258,154,104
105000233,599,348,251
105000234,270,567,-297
105000235,241,389,-148
105000237,475,45,430
105000243,52,18,34
105000248,27,50,-23
105000262,236,436,-200
105000269,90,119,-29
105000270,273,8,265
105000271,0,95,-95
105000282,38,19,19
105000287,254,47,207
105000288,375,235,140
105000289,1739,1363,376
105000290,9,2,7
105000402,1568,2363,-795
105000426,264,359,-95
105000438,2478,1171,1307
105000446,4355,2861,1494
105000447,2355,1314,1041
105000454,470,322,148
105000455,121,120,1
105000474,39,0,39
105000477,254,345,-91
105000478,1408,3199,-1791
105000479,72,99,-27
105000480,5870,5379,491
105000481,3190,2350,840
105000482,2504,4853,-2349
105000483,1218,1566,-348
105000484,973,1738,-765
105000485,1006,2286,-1280
105000486,1530,1546,-16
105000488,5836,2712,3124
105000489,540,456,84
105000549,27,54,-27
105000550,276,737,-461
105000551,22,45,-23
105000552,1356,867,489
105000555,592,712,-120
105000556,17,11,6
105000557,4,14,-10
105900001,8,774,-766
105900002,465,414,51
105900003,10,47,-37
105900004,111,99,12
105900005,0,77,-77
105900006,9,65,-56
105900007,25,8,17
105900008,45,302,-257
105900009,15,4,11
105900011,58,17,41
105900012,297,42,255
105900013,1,21,-20
105900014,6,36,-30
105900015,76,241,-165
105900016,250,146,104
105900017,641,12,629
105900018,106,85,21
105900019,22,104,-82
105900020,24,35,-11
105900021,13,74,-61
105900022,130,113,17
105900023,1,33,-32
105900024,1,49,-48
105900025,111,9,102
105900026,109,8,101
105900027,3541,3446,95
105900028,114,80,34
105900029,916,272,644
105900030,138,166,-28
105900031,175,108,67
105900032,69,57,12
105900033,56,64,-8
105900034,129,85,44
105900035,94,92,2
105900036,105,72,33
105900037,67,32,35
105900038,119,100,19
105900039,75,81,-6
105900040,40,46,-6
105900041,99,72,27
105900042,40,122,-82
105900043,623,34,589
105900044,2,135,-133
105900045,3,398,-395
105900046,4,134,-130
105900047,6,28,-22
105900048,46,228,-182
105900050,2772,1924,848
105900051,33,515,-482
105900052,246,119,127
105900053,821,1326,-505
105900054,179,85,94
105900056,250,147,103
105900057,7,35,-28
105900058,12,8,4
105900059,0,27,-27
106000001,2192,1447,745
106000002,973,2642,-1669
106000003,1789,2268,-479
106000004,963,1498,-535
106000005,2533,2913,-380
106000006,3088,1650,1438
106000007,274,337,-63
106000008,249,204,45
106000009,449,251,198
106000010,330,350,-20
106000011,785,598,187
106000012,514,629,-115
106000013,1244,1171,73
106000014,949,848,101
106000015,1249,727,522
106000016,679,931,-252
106000017,370,437,-67
106000018,408,237,171
106000019,318,226,92
106000020,223,172,51
106000021,223,234,-11
106000022,234,117,117
106000023,443,144,299
106000024,290,216,74
106000025,70,136,-66
106000026,67,100,-33
106000027,1002,759,243
106000028,444,236,208
106000029,470,462,8
106000030,168,324,-156
106000034,137,291,-154
106000035,607,1345,-738
106000036,90,277,-187
106000037,1080,738,342
106000038,155,61,94
106000039,66,38,28
106000040,87,446,-359
106000041,425,330,95
106000043,312,171,141
106000046,167,48,119
106000047,14,239,-225
106000049,703,104,599
106000050,181,314,-133
106000051,552,313,239
106000052,54,262,-208
106000053,313,74,239
106000054,216,218,-2
106000055,720,515,205
106000056,177,188,-11
106000057,287,154,133
106000058,125,69,56
106000059,247,216,31
106000060,203,291,-88
106000061,161,390,-229
106000062,86,219,-133
106000063,551,362,189
106000064,40,174,-134
106000065,258,185,73
106000066,65,133,-68
106000067,252,87,165
106000068,24,341,-317
106000069,225,30,195
106000070,303,349,-46
106000071,693,174,519
106000072,1398,943,455
106000073,919,1947,-1028
106000074,425,431,-6
106000075,250,972,-722
106000076,1282,1059,223
106000077,1853,803,1050
106000078,705,505,200
106000079,530,453,77
106000080,783,334,449
106000081,447,690,-243
106000082,1327,506,821
106000083,329,866,-537
106000084,696,429,267
106000085,741,1044,-303
106000086,473,511,-38
106000087,637,307,330
106000088,275,486,-211
106000089,570,220,350
106000090,232,348,-116
106000091,208,216,-8
106000092,376,139,237
106000093,207,66,141
106000094,62,142,-80
106000095,546,407,139
106000096,631,329,302
106000097,713,395,318
106000098,530,427,103
106000099,161,309,-148
106000100,711,114,597
106000101,408,130,278
106000102,86,203,-117
106000103,152,167,-15
106000104,534,240,294
106000105,342,309,33
106000106,508,269,239
106000107,110,169,-59
106000108,302,120,182
106000109,122,140,-18
106000110,183,151,32
106000111,145,210,-65
106000112,203,391,-188
106000113,265,343,-78
106000114,248,381,-133
106000115,114,205,-91
106000116,229,122,107
106000117,588,345,243
106000118,696,812,-116
106000119,605,408,197
106000120,549,794,-245
106000121,143,96,47
106000122,119,87,32
106000123,348,86,262
106000124,39,72,-33
106000125,7,83,-76
106000126,197,52,145
106000127,732,372,360
106000128,608,87,521
106000129,277,240,37
106000130,545,166,379
106000131,93,452,-359
106000132,356,111,245
106000133,683,687,-4
106000134,281,1210,-929
106000135,98,288,-190
106000136,414,602,-188
106000137,44,294,-250
106000138,855,64,791
106000139,52,57,-5
106000140,33,30,3
106000141,82,27,55
106000142,64,33,31
106000143,18,21,-3
106000144,25,33,-8
106000145,163,136,27
106000146,345,79,266
106000147,233,175,58
106000148,233,319,-86
106000149,422,190,232
106000150,303,1314,-1011
106000151,1635,433,1202
106000152,675,1163,-488
106000153,81,980,-899
106000154,627,124,503
106000155,102,197,-95
106000156,647,153,494
106000157,395,916,-521
106000158,989,511,478
106000159,1249,1023,226
106000160,263,1638,-1375
106000161,807,136,671
106000162,226,593,-367
106000163,246,154,92
106000164,310,161,149
106000165,155,234,-79
106000166,511,148,363
106000167,258,402,-144
106000168,361,154,207
106000169,146,283,-137
106000170,506,152,354
106000171,134,633,-499
106000172,1568,758,810
106000173,658,1315,-657
106000174,733,243,490
106000175,188,370,-182
106000176,1045,452,593
106000177,431,1087,-656
106000178,1821,884,937
106000179,545,913,-368
106000180,475,534,-59
106000181,625,720,-95
106000182,990,322,668
106000183,991,259,732
106000184,1205,188,1017
106000185,651,571,80
106000186,431,69,362
106000187,120,582,-462
106000188,0,0,0
106000189,4,29,-25
106000190,22,1,21
106000191,417,77,340
106000192,1,5,-4
106000193,207,123,84
106000194,70,133,-63
106000195,111,66,45
106000196,56,194,-138
106000197,337,121,216
106000198,78,96,-18
106000199,361,449,-88
106000200,81,108,-27
106000201,294,1846,-1552
106000202,1436,331,1105
106000203,11,78,-67
106000204,64,2,62
106000205,4,61,-57
106000206,63,14,49
106000207,20,262,-242
106000208,897,88,809
106000209,899,214,685
106000210,144,410,-266
106000211,162,569,-407
106000212,591,289,302
106000213,281,898,-617
106000214,1150,348,802
106000215,159,198,-39
106000216,310,226,84
106000217,148,213,-65
106000218,313,206,107
106000219,106,170,-64
106000220,341,108,233
106000221,164,87,77
106000222,38,42,-4
106000223,157,76,81
106000224,193,71,122
106000225,71,71,0
106000226,63,117,-54
106000228,33,67,-34
106000229,38,374,-336
106000231,553,89,464
106000232,40,129,-89
106000233,306,50,256
106000234,27,78,-51
106000235,101,58,43
106000236,36,34,2
106000237,0,8,-8
106000238,14,14,0
106000239,1,48,-47
106000240,12,6,6
106000241,6,280,-274
106000242,130,24,106
106000249,36,32,4
106000250,34,350,-316
106000251,47,18,29
106000252,6,17,-11
106000253,39,31,8
106000254,25,15,10
106000255,13,95,-82
106000256,13,23,-10
106000257,73,89,-16
106000258,74,7,67
106000259,1,30,-29
106000260,12,2,10
106000261,2,27,-25
106000262,39,3,36
106000263,6,25,-19
106000264,79,3,76
106000265,4,36,-32
106000266,43,15,28
106000267,1,34,-33
106000268,235,27,208
106000269,21,17,4
106000270,114,201,-87
106000271,44,80,-36
106000272,78,31,47
106000273,5,146,-141
106000274,69,17,52
106000275,90,153,-63
106000276,66,29,37
106000277,83,125,-42
106000278,72,19,53
106000279,2,15,-13
106000280,26,32,-6
106000281,53,31,22
106000282,37,33,4
106000283,98,25,73
106000284,56,50,6
106000285,94,47,47
106000286,65,64,1
106000287,93,35,58
106000288,63,70,-7
106000289,59,37,22
106000290,25,39,-14
106000291,74,63,11
106000292,43,60,-17
106000293,104,46,58
106000294,68,55,13
106000295,27,33,-6
106000296,36,54,-18
106000297,44,149,-105
106000298,70,28,42
106000299,53,70,-17
106000300,37,45,-8
106000301,38,82,-44
106000303,23,33,-10
106000304,9,11,-2
106000305,35,18,17
106000306,31,25,6
106000307,26,16,10
106000308,12,31,-19
106000309,14,27,-13
106000310,199,224,-25
106000311,222,83,139
106000312,48,78,-30
106000313,173,106,67
106000318,24,218,-194
106000319,727,168,559
106000320,2,40,-38
106000321,177,92,85
106000322,106,71,35
106000324,7,100,-93
106000325,1106,563,543
106000326,573,833,-260
106000327,150,39,111
106000328,14,57,-43
106000329,33,133,-100
106000330,6,49,-43
106000428,57,145,-88
106000429,132,302,-170
106000430,242,675,-433
106000431,1424,234,1190
106000432,1147,1560,-413
106000433,1777,1000,777
106000434,2086,970,1116
106000435,797,1298,-501
106000436,4,65,-61
106000437,155,26,129
106000438,263,133,130
106000439,40,181,-141
106000440,148,237,-89
106000441,2,0,2
106000442,100,3,97
106000443,140,144,-4
106000450,0,84,-84
106000451,18,56,-38
106000454,0,34,-34
106000455,3,88,-85
106000456,73,19,54
106000457,12,350,-338
106000458,769,38,731
106000459,113,132,-19
106000460,1012,10,1002
106000461,97,367,-270
106000462,1,30,-29
106000463,1,5,-4
106000464,2,160,-158
106000465,465,2,463
106000466,7,219,-212
106000467,147,242,-95
106000468,76,57,19
106000469,52,0,52
106000470,144,1122,-978
106000471,10,226,-216
106000472,124,9,115
106000473,33,7,26
106000474,189,192,-3
106000475,244,111,133
106000476,91,124,-33
106000477,11,63,-52
106000480,0,208,-208
106900001,0,7,-7
106900002,0,213,-213
106900003,115,426,-311
106900004,0,9,-9
106900006,0,8,-8
106900007,0,6,-6
106900008,303,74,229
106900009,240,136,104
106900010,178,191,-13
106900012,763,1420,-657
106900013,301,103,198
106900014,15,2,13
106900015,4,1,3
106900016,207,12,195
106900017,2,0,2
106900018,2,0,2
106900019,35,1,34
106900020,1071,1145,-74
106900021,140,154,-14
106900022,582,3,579
106900023,26,204,-178
106900024,393,57,336
106900025,43,287,-244
106900026,3,248,-245
106900027,479,3,476
107000001,2284,2367,-83
107000002,1432,2167,-735
107000003,4235,3971,264
107000004,2522,1770,752
107000005,4020,3795,225
107000006,2318,1565,753
107000007,3644,6167,-2523
107000008,4426,3472,954
107000009,5700,5192,508
107000010,4636,4071,565
107000011,495,631,-136
107000012,2283,1508,775
107000013,68,42,26
107000014,49,100,-51
107000015,276,338,-62
107000016,486,355,131
107000017,791,960,-169
107000018,6,667,-661
107000020,584,980,-396
107000021,689,281,408
107000022,377,937,-560
107000023,941,123,818
107000024,360,737,-377
107000025,114,252,-138
107000026,168,194,-26
107000027,1093,590,503
107000028,842,583,259
107000029,2302,1738,564
107000030,1542,1309,233
107000031,3376,1669,1707
107000032,346,595,-249
107000033,1548,1740,-192
107000034,1931,773,1158
107000035,208,146,62
107000036,216,711,-495
107000037,48,481,-433
107000038,125,113,12
107000039,489,488,1
107000040,94,138,-44
107000041,932,370,562
107000042,406,1230,-824
107000043,1294,778,516
107000044,252,163,89
107000045,54,133,-79
107000046,451,283,168
107000047,262,512,-250
107000048,482,171,311
107000049,405,488,-83
107000050,700,339,361
107000051,129,193,-64
107000052,759,779,-20
107000053,302,140,162
107000054,47,178,-131
107000055,262,75,187
107000056,361,430,-69
107000057,869,136,733
107000058,1349,1721,-372
107000059,1057,1686,-629
107000060,3389,3559,-170
107000061,2891,1618,1273
107000062,3646,1807,1839
107000063,2716,2260,456
107000064,3214,1491,1723
107000065,1969,2229,-260
107000066,1112,1766,-654
107000067,853,899,-46
107000068,786,641,145
107000069,618,381,237
107000070,876,9,867
107000071,2790,34,2756
107000072,38,1338,-1300
107000073,622,326,296
107000074,132,463,-331
107000075,1322,432,890
107000076,401,716,-315
107000077,2794,1240,1554
107000078,1769,1705,64
107000079,2042,811,1231
107000080,724,1758,-1034
107000081,1374,314,1060
107000082,374,689,-315
107000083,904,312,592
107000084,162,656,-494
107000085,1838,2135,-297
107000086,2118,2141,-23
107000087,2042,1310,732
107000088,2094,2080,14
107000089,1304,1056,248
107000090,725,597,128
107000091,1174,533,641
107000092,632,567,65
107000093,899,505,394
107000094,593,682,-89
107000095,666,391,275
107000096,315,368,-53
107000097,544,188,356
107000098,286,263,23
107000099,247,230,17
107000100,141,122,19
107000101,50,125,-75
107000102,116,167,-51
107000103,218,139,79
107000104,125,163,-38
107000105,308,85,223
107000106,131,158,-27
107000107,380,84,296
107000108,71,182,-111
107000109,471,103,368
107000110,40,228,-188
107000111,281,21,260
107000112,30,156,-126
107000113,516,88,428
107000114,59,268,-209
107000115,522,137,385
107000116,74,389,-315
107000117,132,530,-398
107000118,72,113,-41
107000119,759,1095,-336
107000120,547,412,135
107000121,782,425,357
107000122,827,414,413
107000123,352,331,21
107000124,500,377,123
107000125,768,305,463
107000126,686,317,369
107000129,125,263,-138
107000130,468,187,281
107000131,201,289,-88
107000132,384,245,139
107000133,285,97,188
107000134,179,1,178
107000135,3,219,-216
107000136,446,3,443
107000137,8,275,-267
107000138,110,19,91
107000139,24,387,-363
107000140,891,66,825
107000141,78,398,-320
107000142,349,64,285
107000143,55,345,-290
107000144,353,270,83
107000145,75,264,-189
107000146,139,177,-38
107000147,2607,705,1902
107000150,289,1611,-1322
107000151,22,52,-30
107000152,264,895,-631
107000153,77,168,-91
107000154,135,206,-71
107000155,499,8,491
107000156,746,10,736
107000157,25,546,-521
107000158,476,13,463
107000159,28,347,-319
107000160,948,117,831
107000161,74,473,-399
107000162,157,266,-109
107000163,155,7,148
107000164,592,3,589
107000165,1044,9,1035
107000166,44,487,-443
107000167,460,123,337
107000168,741,316,425
107000169,379,414,-35
107000170,1765,436,1329
107000171,472,671,-199
107000172,894,1000,-106
107000173,428,342,86
107000174,806,3751,-2945
107000175,2686,756,1930
107000176,0,0,0
107000177,3,2,1
107000178,13,12,1
107000179,190,886,-696
107000180,1130,135,995
107000181,273,534,-261
107000182,1525,523,1002
107000183,102,354,-252
107000184,882,376,506
107000185,316,648,-332
107000186,898,301,597
107000187,948,688,260
107000188,398,341,57
107000189,313,556,-243
107000190,397,326,71
107000191,577,690,-113
107000192,1060,339,721
107000193,269,278,-9
107000194,542,369,173
107000197,671,229,442
107000198,292,424,-132
107000199,487,331,156
107000200,338,411,-73
107000201,296,179,117
107000202,211,281,-70
107000203,628,660,-32
107000204,722,830,-108
107000205,1227,523,704
107000206,399,953,-554
107000207,324,737,-413
107000208,466,352,114
107000209,855,927,-72
107000210,307,132,175
107000211,3,36,-33
107000212,8,217,-209
107000213,2,15,-13
107000214,22,109,-87
107000215,253,139,114
107000216,321,160,161
107000217,100,75,25
107000219,67,130,-63
107000220,163,87,76
107000222,135,324,-189
107000224,256,55,201
107000225,111,153,-42
107000226,345,49,296
107000227,60,88,-28
107000228,75,287,-212
107000229,54,62,-8
107000230,607,289,318
107000231,704,1084,-380
107000232,118,13,105
107000233,471,530,-59
107000234,0,41,-41
107000235,36,8,28
107000236,15,222,-207
107000237,35,0,35
107000238,44,0,44
107000239,1207,257,950
107000240,60,307,-247
107000243,0,24,-24
107000244,2,41,-39
107000246,4,1124,-1120
107000249,3,1192,-1189
107000251,0,393,-393
107000252,2,392,-390
107000255,161,92,69
107000257,1,289,-288
107000258,6,126,-120
107000259,3,78,-75
107000260,1169,24,1145
107000262,4,147,-143
107000263,276,4,272
107000266,6,11,-5
107000267,42,65,-23
107000268,71,75,-4
107000269,58,12,46
107000270,104,37,67
107000271,1,57,-56
107000272,50,10,40
107000273,1,96,-95
107000274,346,125,221
107000275,8,649,-641
107000280,616,18,598
107000281,38,294,-256
107000282,5,304,-299
107000290,10,15,-5
107000291,7,2,5
107000292,1,102,-101
107000293,10,5,5
107000294,0,45,-45
107000295,13,2,11
107000296,1,2,-1
107000444,251,3,248
107000496,0,6,-6
107000497,933,932,1
107000500,272,107,165
107000501,42,85,-43
107000502,73,126,-53
107000505,188,446,-258
107000506,0,2,-2
107000508,1,205,-204
107000509,174,357,-183
107000510,23,19,4
107000514,25,255,-230
107000515,10,74,-64
107000516,301,171,130
107000518,844,1182,-338
107000519,765,384,381
107000520,51,27,24
107000521,425,126,299
107000522,627,244,383
107900001,57,84,-27
107900002,35,5,30
107900003,199,14,185
107900004,26,0,26
107900005,1026,4,1022
107900006,129,0,129
107900007,263,16,247
107900008,38,7,31
107900009,88,3,85
107900010,54,7,47
107900012,258,40,218
107900013,141,13,128
107900014,32,1,31
107900015,744,16,728
107900016,189,40,149
107900017,23,3,20
107900018,73,147,-74
107900019,8,17,-9
107900020,28,12,16
107900021,65,34,31
107900023,1,1,0
107900024,0,3,-3
107900025,121,146,-25
107900026,29,10,19
107900027,13,14,-1
107900028,88,24,64
107900030,169,24,145
107900031,39,35,4
107900032,12,4,8
107900033,9,4,5
107900034,186,19,167
107900035,561,33,528
107900036,51,10,41
107900037,0,4,-4
107900038,74,201,-127
107900039,40,18,22
107900040,12,104,-92
107900041,4,0,4
107900043,29,77,-48
107900044,3,4,-1
107900045,57,29,28
107900046,86,91,-5
107900047,24,6,18
107900048,139,12,127
107900049,160,498,-338
107900050,136,142,-6
107900051,74,33,41
107900052,11,51,-40
107900053,32,38,-6
107900055,395,180,215
107900056,63,58,5
107900057,1,0,1
107900058,10,284,-274
107900060,12,28,-16
107900061,12,11,1
107900063,54,106,-52
107900064,190,156,34
107900065,108,3,105
107900066,36,7,29
107900067,1,0,1
107900068,63,364,-301
107900069,29,1646,-1617
107900070,124,44,80
107900071,21,294,-273
107900072,114,61,53
107900073,90,49,41
107900074,438,284,154
107900076,118,42,76
107900077,71,3,68
107900079,7,8,-1
107900080,193,444,-251
107900081,62,37,25
107900082,11,4,7
107900083,210,103,107
107900084,100,85,15
107900086,21,102,-81
107900087,325,129,196
107900088,38,10,28
107900089,151,460,-309
107900090,341,1192,-851
107900091,77,127,-50
107900092,1,1,0
107900093,36,26,10
107900095,1660,1513,147
107900097,14,39,-25
107900098,56,122,-66
107900100,419,737,-318
107900101,483,79,404
107900102,27,6,21
107900103,26,87,-61
107900104,103,0,103
107900105,0,156,-156
107900106,1,444,-443
107900107,639,337,302
107900108,99,88,11
107900109,1277,17,1260
107900110,19,26,-7
107900111,4,254,-250
107900112,49,256,-207
107900113,144,29,115
107900114,187,54,133
107900115,0,20,-20
107900116,140,62,78
107900117,147,125,22
107900118,49,73,-24
107900119,68,153,-85
107900120,24,31,-7
107900121,1,52,-51
107900122,0,32,-32
107900123,1,30,-29
107900124,3,7,-4
107900125,10,122,-112
107900126,9,40,-31
107900127,291,209,82
107900128,42,62,-20
107900129,37,11,26
107900130,59,9,50
107900131,232,186,46
107900132,52,138,-86
107900133,1,24,-23
107900134,18,85,-67
107900135,6,87,-81
107900136,18,20,-2
107900137,56,61,-5
107900138,30,16,14
107900139,42,27,15
107900141,17,15,2
107900142,47,299,-252
107900143,27,5,22
107900144,1,102,-101
107900145,5,25,-20
107900146,23,88,-65
107900147,34,23,11
107900148,109,35,74
107900149,310,102,208
107900150,49,188,-139
107900151,33,59,-26
107900152,4,51,-47
107900153,73,238,-165
107900154,40,23,17
107900155,38,27,11
107900156,3,176,-173
107900157,18,23,-5
107900158,543,14,529
107900159,19,302,-283
107900160,111,137,-26
107900161,33,68,-35
107900162,0,52,-52
107900163,6,34,-28
107900164,12,21,-9
107900165,10,78,-68
107900166,13,94,-81
107900167,8,31,-23
107900168,35,22,13
107900169,2,109,-107
107900171,2,461,-459
107900172,3,127,-124
107900173,18,65,-47
107900174,121,3,118
107900175,8,27,-19
107900176,20,25,-5
107900177,0,82,-82
107900178,7,72,-65
107900179,20,71,-51
107900180,201,475,-274
107900181,207,143,64
107900182,3,364,-361
107900183,42,118,-76
107900184,57,89,-32
107900185,103,2,101
107900186,19,34,-15
107900187,0,46,-46
107900188,247,77,170
107900189,11,40,-29
107900190,32,67,-35
107900191,42,77,-35
107900193,2,36,-34
107900194,158,8,150
107900195,855,198,657
107900196,45,49,-4
107900197,281,198,83
107900199,1,346,-345
107900201,49,39,10
107900203,14,26,-12
107900204,123,155,-32
107900206,710,161,549
107900207,0,241,-241
107900208,8,182,-174
107900209,183,82,101
107900210,43,37,6
107900213,284,284,0
107900214,15,32,-17
107900215,66,254,-188
107900216,144,32,112
107900217,20,55,-35
107900218,11,630,-619
107900219,26,21,5
107900220,90,177,-87
107900221,82,103,-21
107900223,78,203,-125
107900224,74,258,-184
107900225,3,261,-258
107900226,70,53,17
107900227,73,189,-116
107900228,30,36,-6
107900229,0,91,-91
107900230,11,28,-17
107900231,5,88,-83
107900232,62,33,29
107900233,2,37,-35
107900234,86,48,38
107900235,9,46,-37
107900236,100,20,80
107900237,28,200,-172
107900238,13,49,-36
107900239,364,323,41
107900240,29,41,-12
107900241,19,30,-11
107900242,9,70,-61
107900243,2,35,-33
107900244,274,2,272
107900245,501,11,490
107900246,181,25,156
107900248,417,123,294
107900249,583,24,559
107900250,1,199,-198
107900251,82,563,-481
107900252,656,12,644
107900253,118,4,114
107900254,39,103,-64
107900255,115,66,49
107900256,369,631,-262
107900257,127,68,59
107900258,68,99,-31
107900259,48,1546,-1498
107900261,0,142,-142
107900262,20,54,-34
107900264,218,10,208
107900265,73,61,12
107900267,212,4,208
107900268,0,2,-2
107900269,0,0,0
107900270,0,0,0
107900271,1,16,-15
107900272,21,12,9
107900273,31,65,-34
107900274,78,0,78
107900275,24,0,24
107900276,0,72,-72
107900277,0,98,-98
107900278,209,168,41
107900279,39,109,-70
107900280,1165,1216,-51
107900281,352,1981,-1629
107900282,15,291,-276
107900283,391,324,67
107900284,404,265,139
107900285,81,24,57
107900286,42,45,-3
107900287,188,108,80
107900290,1,101,-100
107900291,441,21,420
107900292,68,83,-15
107900293,64,160,-96
107900295,46,23,23
107900297,1,152,-151
107900298,367,349,18
107900299,1375,1765,-390
107900300,23,84,-61
107900301,356,557,-201
107900302,56,23,33
107900303,184,109,75
107900304,300,144,156
107900305,201,4,197
107900306,6,29,-23
107900307,41,151,-110
107900308,162,74,88
107900309,32,0,32
107900310,122,2,120
107900311,0,195,-195
107900312,26,2,24
107900313,0,56,-56
107900314,0,28,-28
107900315,1,19,-18
107900316,8,0,8
107900317,45,7,38
107900318,4,73,-69
107900319,3,52,-49
107900320,1,80,-79
107900321,97,1,96
107900322,0,25,-25
107900323,3,58,-55
107900324,67,1,66
107900325,79,0,79
107900326,250,83,167
107900327,1,55,-54
107900328,49,1,48
107900329,31,34,-3
107900330,1,130,-129
107900331,197,7,190
107900332,238,17,221
107900333,49,8,41
107900334,4,89,-85
107900335,22,30,-8
107900336,15,61,-46
107900337,438,602,-164
107900338,4,86,-82
107900339,0,15,-15
107900340,0,29,-29
107900341,32,0,32
107900342,92,56,36
107900343,23,1,22
107900344,6,22,-16
107900345,43,17,26
107900346,13,1,12
107900347,11,2,9
107900348,1,1,0
107900349,8,1,7
107900350,8,118,-110
107900351,2,75,-73
107900352,2,11,-9
107900353,8,7,1
107900354,1,17,-16
108000001,2266,2556,-290
108000002,1296,1183,113
108000003,2331,2514,-183
108000004,7192,7844,-652
108000005,5241,4497,744
108000006,4415,4022,393
108000007,3734,2830,904
108000008,2794,3222,-428
108000009,2776,3080,-304
108000010,1964,2558,-594
108000011,8688,7762,926
108000012,8442,7430,1012
108000014,469,739,-270
108000015,609,184,425
108000016,223,724,-501
108000017,839,273,566
108000018,1265,415,850
108000019,956,614,342
108000020,908,392,516
108000021,241,969,-728
108000022,235,704,-469
108000023,852,148,704
108000024,160,195,-35
108000025,232,189,43
108000026,627,183,444
108000027,545,273,272
108000028,626,132,494
108000029,446,322,124
108000030,375,116,259
108000031,126,281,-155
108000032,1351,452,899
108000033,529,557,-28
108000034,1253,273,980
108000035,481,1004,-523
108000036,253,460,-207
108000037,1219,265,954
108000038,1969,417,1552
108000039,277,957,-680
108000040,1293,665,628
108000041,422,1103,-681
108000042,274,142,132
108000043,189,111,78
108000044,442,92,350
108000045,228,247,-19
108000046,1087,174,913
108000047,275,434,-159
108000048,138,214,-76
108000049,613,161,452
108000050,86,277,-191
108000051,269,121,148
108000052,85,340,-255
108000053,318,142,176
108000054,292,610,-318
108000055,684,458,226
108000056,668,791,-123
108000057,422,919,-497
108000058,1372,2594,-1222
108000059,1879,1144,735
108000060,131,355,-224
108000061,152,194,-42
108000062,669,454,215
108000063,293,283,10
108000064,159,170,-11
108000065,339,225,114
108000066,984,495,489
108000067,1447,477,970
108000068,635,284,351
108000069,169,460,-291
108000070,1493,484,1009
108000071,415,762,-347
108000072,1271,689,582
108000073,774,813,-39
108000074,463,260,203
108000075,193,426,-233
108000076,592,374,218
108000077,428,315,113
108000078,1700,736,964
108000079,519,728,-209
108000080,901,262,639
108000081,337,607,-270
108000082,570,892,-322
108000083,1234,673,561
108000084,285,556,-271
108000085,654,301,353
108000086,473,312,161
108000087,107,1477,-1370
108000088,376,69,307
108000089,248,223,25
108000090,157,48,109
108000091,191,265,-74
108000092,132,57,75
108000093,143,196,-53
108000094,456,76,380
108000095,157,144,13
108000096,304,121,183
108000097,140,196,-56
108000098,1231,627,604
108000099,457,114,343
108000100,72,213,-141
108000101,887,1147,-260
108000102,1055,2140,-1085
108000106,502,1,501
108000107,0,489,-489
108000108,438,20,418
108000109,1,558,-557
108000110,199,177,22
108000111,94,281,-187
108000112,30,98,-68
108000113,247,123,124
108000115,147,171,-24
108000117,373,203,170
108000118,176,754,-578
108000119,340,174,166
108000120,144,550,-406
108000121,102,201,-99
108000122,454,230,224
108000123,407,90,317
108000124,192,211,-19
108000125,342,124,218
108000126,116,168,-52
108000127,386,126,260
108000128,480,177,303
108000129,192,376,-184
108000130,361,95,266
108000131,666,328,338
108000132,973,643,330
108000133,765,344,421
108000134,349,233,116
108000135,739,289,450
108000136,138,396,-258
108000137,400,121,279
108000138,274,430,-156
108000139,375,189,186
108000140,70,13,57
108000141,17,28,-11
108000142,36,33,3
108000143,37,92,-55
108000144,218,22,196
108000145,20,2,18
108000146,302,25,277
108000147,12,8,4
108000148,226,23,203
108000149,16,8,8
108000150,22,1,21
108000151,48,47,1
108000152,83,181,-98
108000153,530,85,445
108000154,42,2,40
108000155,19,6,13
108000156,289,121,168
108000157,99,702,-603
108000158,58,611,-553
108000159,190,113,77
108000160,1158,705,453
108000161,1062,1746,-684
108000165,1,119,-118
108000172,2,177,-175
108000173,703,1288,-585
108000175,513,75,438
108000178,231,169,62
108000179,89,568,-479
108000181,45,15,30
108000182,88,29,59
108000183,18,131,-113
108000184,447,1712,-1265
108000185,90,146,-56
108000186,174,85,89
108000187,84,180,-96
108000188,457,91,366
108000189,506,3687,-3181
108000190,17,71,-54
108000192,174,368,-194
108000193,240,14,226
108000194,26,7,19
108000195,0,522,-522
108000196,98,64,34
108000198,421,113,308
108000199,0,236,-236
108000200,300,162,138
108000203,110,192,-82
108000204,94,44,50
108000205,111,166,-55
108000339,501,224,277
108000364,132,259,-127
108000365,40,177,-137
108000367,83,173,-90
108000368,8,24,-16
108000369,252,101,151
108000371,2,374,-372
108000372,398,2,396
108000373,140,97,43
108000376,77,35,42
108000377,431,123,308
108000378,6360,7023,-663
108000379,11,111,-100
108000381,39,6,33
108000382,57,0,57
108000383,0,140,-140
108900001,65,352,-287
108900002,93,49,44
108900003,172,312,-140
108900004,656,275,381
108900005,23,113,-90
108900006,217,55,162
108900007,247,90,157
108900008,151,84,67
108900009,79,58,21
108900010,271,101,170
108900011,510,271,239
108900012,211,234,-23
108900013,116,155,-39
108900014,5,68,-63
108900015,1,188,-187
108900016,0,156,-156
108900017,163,336,-173
108900018,113,166,-53
108900019,26,238,-212
108900020,51,90,-39
108900021,104,134,-30
108900022,92,7,85
108900023,7,14,-7
108900024,24,35,-11
108900025,150,60,90
108900026,11,57,-46
108900027,0,28,-28
108900028,95,117,-22
108900029,49,93,-44
108900030,0,51,-51
108900031,111,148,-37
108900032,9,81,-72
108900033,0,64,-64
108900034,0,97,-97
108900035,244,576,-332
108900036,66,82,-16
108900037,19,64,-45
108900038,1,166,-165
108900039,6,216,-210
108900040,1,71,-70
108900041,2616,2185,431
108900042,3,274,-271
108900043,36,199,-163
108900044,0,209,-209
108900045,47,288,-241
108900046,35,267,-232
108900047,1,119,-118
108900048,63,370,-307
108900049,1010,1114,-104
108900050,1,108,-107
108900051,0,75,-75
108900052,23,79,-56
108900053,43,177,-134
108900054,46,102,-56
108900055,33,176,-143
108900056,0,77,-77
108900057,0,56,-56
108900058,20,118,-98
108900059,398,44,354
108900060,69,93,-24
108900061,69,19,50
108900062,5,120,-115
108900063,7,77,-70
108900064,169,24,145
108900065,2,77,-75
108900066,296,82,214
108900067,9,84,-75
108900068,2,50,-48
108900069,72,27,45
108900070,28,56,-28
108900071,72,43,29
108900072,991,277,714
108900073,26,127,-101
108900074,209,79,130
108900075,29,50,-21
108900076,257,32,225
108900077,50,166,-116
108900078,44,67,-23
108900079,448,106,342
108900080,19,515,-496
108900081,26,138,-112
108900082,106,76,30
108900083,8,205,-197
108900084,147,36,111
108900085,902,88,814
108900086,123,113,10
108900087,48,82,-34
108900088,706,231,475
108900089,14,115,-101
108900090,42,126,-84
108900091,80,37,43
108900092,345,193,152
108900093,74,65,9
108900094,138,39,99
108900095,11,160,-149
108900096,207,3,204
108900097,198,128,70
108900098,960,497,463
108900099,289,112,177
108900100,62,68,-6
108900101,125,173,-48
108900102,53,736,-683
108900103,68,110,-42
108900104,29,83,-54
108900105,2,1035,-1033
108900106,407,146,261
108900108,247,33,214
108900109,311,53,258
108900110,201,154,47
108900111,350,228,122
108900112,112,6,106
108900113,25,78,-53
108900114,47,9,38
108900115,73,48,25
108900116,42,4,38
108900117,132,13,119
108900118,560,15,545
108900119,268,13,255
108900120,194,156,38
108900121,230,83,147
108900122,119,13,106
108900123,126,85,41
108900124,412,118,294
108900125,357,6,351
108900126,100,26,74
108900127,156,18,138
108900128,124,35,89
108900129,568,116,452
108900130,264,0,264
108900131,280,2,278
108900132,363,35,328
108900133,222,37,185
108900134,344,125,219
108900135,177,16,161
108900136,34,1,33
108900137,118,5,113
108900138,644,48,596
108900139,183,15,168
108900140,313,109,204
108900141,241,5,236
108900142,72,2,70
108900143,110,0,110
108900144,54,1,53
108900145,140,5,135
108900146,60,0,60
108900147,171,4,167
108900148,44,17,27
108900149,128,57,71
108900150,172,8,164
108900151,94,12,82
108900152,115,19,96
108900153,180,133,47
108900154,3167,315,2852
108900155,57,9,48
108900156,87,6,81
108900157,16,207,-191
108900158,289,20,269
108900159,3,121,-118
108900160,7,143,-136
108900161,4,186,-182
108900162,73,4,69
108900163,2,200,-198
108900164,49,36,13
108900165,54,22,32
108900167,286,2630,-2344
108900168,3224,1818,1406
108900169,26,67,-41
108900171,1979,1955,24
108900172,123,40,83
108900173,89,200,-111
108900174,763,351,412
108900176,75,227,-152
108900177,2082,3762,-1680
108900178,1807,2472,-665
108900179,109,555,-446
108900180,109,187,-78
108900182,6,123,-117
108900183,86,126,-40
108900184,300,125,175
108900185,61,157,-96
108900186,24,182,-158
108900187,149,18,131
108900188,264,14,250
108900189,246,61,185
108900190,96,1054,-958
108900191,41,10,31
108900192,66,125,-59
108900193,34,15,19
108900194,2,64,-62
108900195,56,116,-60
108900196,16,97,-81
108900198,1,77,-76
108900199,137,186,-49
108900200,316,223,93
108900201,329,823,-494
108900203,349,89,260
108900204,232,18,214
108900205,131,25,106
108900206,318,41,277
108900207,109,83,26
108900208,13,152,-139
108900209,140,299,-159
108900210,124,113,11
108900211,99,345,-246
108900212,279,1008,-729
108900215,53,209,-156
108900216,136,209,-73
108900217,37,1,36
108900218,38,8,30
108900219,15,0,15
108900220,20,6,14
108900221,26,114,-88
108900222,81,6,75
108900223,5,44,-39
108900224,23,93,-70
108900225,0,88,-88
108900227,63,246,-183
108900230,113,147,-34
108900231,5,37,-32
108900232,1,95,-94
108900233,213,65,148
108900234,190,86,104
108900235,109,219,-110
108900236,22,99,-77
108900237,19,37,-18
108900240,85,60,25
108900241,17,37,-20
108900245,10,825,-815
108900249,46,11,35
108900250,140,55,85
108900257,53,67,-14
108900258,12,85,-73
108900259,11,30,-19
108900260,0,29,-29
108900261,32,54,-22
108900262,67,83,-16
108900263,13,64,-51
108900264,257,172,85
108900265,330,242,88
108900266,352,506,-154
108900267,0,109,-109
108900268,4,11,-7
108900269,69,12,57
108900270,69,8,61
108900271,32,4,28
108900272,173,4,169
108900273,395,550,-155
108900274,58,38,20
109000001,1508,1466,42
109000002,570,1603,-1033
109000003,1967,307,1660
109000004,451,1293,-842
109000005,1876,416,1460
109000006,519,1271,-752
109000007,1218,432,786
109000008,421,1081,-660
109000009,2489,901,1588
109000010,836,2075,-1239
109000011,2546,1225,1321
109000012,1339,1604,-265
109000013,2884,2020,864
109000014,1427,1430,-3
109000015,2724,5797,-3073
109000016,3504,1739,1765
109000017,1749,796,953
109000018,796,1492,-696
109000019,1902,1040,862
109000020,679,1083,-404
109000023,160,16,144
109000024,23,121,-98
109000025,219,299,-80
109000026,367,203,164
109000027,67,244,-177
109000028,102,40,62
109000029,64,127,-63
109000030,52,339,-287
109000031,132,107,25
109000032,105,254,-149
109000033,231,112,119
109000034,49,40,9
109000035,11,44,-33
109000036,70,183,-113
109000037,174,1027,-853
109000038,347,239,108
109000039,621,523,98
109000040,1978,6961,-4983
109000041,1326,1178,148
109000042,305,840,-535
109000044,323,47,276
109000045,88,208,-120
109000046,247,50,197
109000047,39,313,-274
109000048,470,166,304
109000049,148,312,-164
109000050,229,161,68
109000051,156,130,26
109000052,406,372,34
109000053,146,27,119
109000054,70,179,-109
109000055,119,111,8
109000056,271,114,157
109000057,511,313,198
109000058,528,139,389
109000059,455,952,-497
109000060,212,270,-58
109000061,435,611,-176
109000062,76,249,-173
109000063,133,47,86
109000064,207,100,107
109000065,85,85,0
109000066,247,44,203
109000067,28,136,-108
109000068,998,15,983
109000069,458,27,431
109000070,12,1654,-1642
109000071,243,57,186
109000072,53,240,-187
109000073,33,59,-26
109000074,33,138,-105
109000075,42,204,-162
109000076,93,167,-74
109000077,170,144,26
109000078,62,95,-33
109000079,75,74,1
109000080,203,59,144
109000081,116,225,-109
109000082,516,114,402
109000083,192,266,-74
109000088,117,276,-159
109000089,212,53,159
109000090,84,208,-124
109000091,256,109,147
109000092,213,224,-11
109000093,208,126,82
109000094,489,4,485
109000095,71,194,-123
109000096,484,202,282
109000097,79,99,-20
109000098,26,82,-56
109000099,622,174,448
109000100,212,461,-249
109000101,1029,308,721
109000102,279,542,-263
109000103,285,273,12
109000104,1232,269,963
109000105,335,485,-150
109000106,1266,465,801
109000107,395,805,-410
109000108,1266,361,905
109000109,269,727,-458
109000110,738,370,368
109000111,516,964,-448
109000112,190,59,131
109000113,222,85,137
109000114,107,151,-44
109000115,682,44,638
109000116,6,145,-139
109000117,265,32,233
109000118,7,156,-149
109000119,1000,101,899
109000120,146,300,-154
109000121,452,21,431
109000122,119,281,-162
109000123,47,38,9
109000124,542,214,328
109000125,557,208,349
109000126,292,381,-89
109000127,711,89,622
109000128,334,520,-186
109000129,1670,468,1202
109000130,350,676,-326
109000131,580,478,102
109000132,452,833,-381
109000133,200,525,-325
109000134,472,705,-233
109000135,497,806,-309
109000136,156,166,-10
109000137,268,219,49
109000138,366,160,206
109000139,335,203,132
109000140,135,126,9
109000141,369,163,206
109000142,137,242,-105
109000143,56,47,9
109000145,88,228,-140
109000146,47,58,-11
109000148,1348,888,460
109000149,16,57,-41
109000150,64,230,-166
109000155,641,417,224
109000156,580,300,280
109000158,57,142,-85
109000159,56,150,-94
109000160,656,122,534
109000161,307,440,-133
109000162,1268,357,911
109000163,721,875,-154
109000164,889,1347,-458
109000165,942,291,651
109000166,574,66,508
109000167,71,209,-138
109000170,21,40,-19
109000171,59,28,31
109000172,16,48,-32
109000173,12,41,-29
109000174,63,18,45
109000175,34,30,4
109000176,199,102,97
109000177,25,45,-20
109000178,583,157,426
109000179,1822,3220,-1398
109000180,2046,2098,-52
109000181,20,16,4
109000182,19,16,3
109000183,48,7,41
109000184,33,15,18
109000185,10,5,5
109000188,271,756,-485
109000189,1463,474,989
109000190,372,196,176
109000191,314,247,67
109000192,326,73,253
109000193,120,129,-9
109000194,184,36,148
109000195,79,163,-84
109000196,240,61,179
109000197,167,157,10
109000198,215,56,159
109000199,72,195,-123
109000206,174,19,155
109000207,105,22,83
109000208,55,61,-6
109000209,99,63,36
109000210,134,279,-145
109000211,487,216,271
109000214,311,149,162
109000215,121,37,84
109000216,222,156,66
109000217,94,88,6
109000218,146,132,14
109000221,346,679,-333
109000222,671,153,518
109000223,252,234,18
109000224,50,51,-1
109000225,59,29,30
109000226,43,82,-39
109000227,829,307,522
109000228,4,2479,-2475
109000231,0,120,-120
109000232,322,178,144
109000236,184,451,-267
109000241,1341,970,371
109000242,1294,698,596
109000293,21,43,-22
109000361,80,184,-104
109000364,86,236,-150
109000396,2,253,-251
109000397,442,4,438
109000399,81,196,-115
109000400,46,127,-81
109000403,66,552,-486
109000406,207,2,205
109000407,154,105,49
109000408,2,231,-229
109000410,490,99,391
109000411,138,13,125
109900001,65,0,65
109900002,693,16,677
109900003,178,1,177
109900004,580,55,525
109900005,31,3,28
109900006,213,57,156
109900007,621,202,419
109900008,1,5,-4
109900009,68,239,-171
109900010,437,10,427
109900011,78,34,44
109900012,202,101,101
109900013,197,75,122
109900014,300,49,251
109900015,240,120,120
109900016,109,12,97
109900017,104,170,-66
109900018,153,22,131
109900019,182,19,163
109900020,36,34,2
109900021,14,6,8
109900022,65,136,-71
109900023,10,3,7
109900024,13,5,8
109900025,21,16,5
109900026,0,99,-99
109900027,30,12,18
109900028,349,779,-430
109900029,2,101,-99
109900030,28,2,26
109900031,1,99,-98
109900032,7,149,-142
109900033,3,307,-304
109900034,44,2,42
109900035,9,13,-4
109900036,10,15,-5
109900037,12,202,-190
109900038,74,170,-96
109900039,15,0,15
109900040,16,235,-219
109900041,40,138,-98
109900042,18,236,-218
109900044,56,93,-37
109900045,71,126,-55
109900046,28,26,2
109900047,135,180,-45
109900048,0,48,-48
109900049,12,20,-8
109900050,0,56,-56
109900051,0,13,-13
109900052,27,123,-96
109900053,0,94,-94
109900054,555,124,431
109900055,61,142,-81
109900056,16,124,-108
109900057,6,83,-77
109900058,0,34,-34
109900059,636,64,572
109900060,444,68,376
109900061,23,144,-121
109900062,0,64,-64
109900063,4,266,-262
109900064,345,129,216
109900065,30,89,-59
109900066,200,339,-139
109900067,0,96,-96
109900068,71,3,68
109900069,1,23,-22
109900070,19,187,-168
109900071,1,15,-14
109900072,18,101,-83
109900073,208,173,35
109900074,7,18,-11
109900075,16,9,7
109900076,3,64,-61
109900077,19,40,-21
109900078,59,123,-64
109900080,82,121,-39
109900081,22,141,-119
109900082,33,121,-88
109900083,14,47,-33
109900084,36,44,-8
109900085,164,281,-117
109900086,84,261,-177
109900087,201,277,-76
109900089,430,143,287
109900090,281,520,-239
109900091,271,40,231
109900092,209,4,205
109900093,721,79,642
109900094,67,49,18
109900095,68,122,-54
109900096,18,3,15
109900097,78,0,78
109900098,382,21,361
109900099,168,2,166
109900100,13,1,12
109900101,411,5,406
109900102,330,17,313
109900103,19,25,-6
109900104,551,217,334
109900105,355,13,342
109900106,232,18,214
109900107,385,30,355
109900108,83,109,-26
109900109,39,53,-14
109900110,64,89,-25
109900111,140,368,-228
109900112,160,229,-69
109900113,563,366,197
109900114,752,595,157
109900115,95,22,73
109900117,789,76,713
109900118,93,213,-120
109900119,388,154,234
109900120,38,35,3
109900121,196,303,-107
109900122,377,4,373
109900123,15,69,-54
109900124,31,148,-117
109900125,0,87,-87
109900126,183,36,147
109900128,236,17,219
109900130,2580,1932,648
109900131,20,83,-63
109900132,31,89,-58
109900133,74,127,-53
109900134,34,46,-12
109900135,183,28,155
109900136,16,55,-39
109900137,87,107,-20
109900140,134,89,45
109900142,831,140,691
109900145,3,403,-400
109900146,239,26,213
109900148,51,61,-10
109900149,28,51,-23
109900150,9,52,-43
109900151,8,13,-5
109900152,0,18,-18
109900153,0,54,-54
109900154,48,1,47
109900155,42,17,25
109900157,39,145,-106
109900158,58,104,-46
109900159,110,20,90
109900160,106,46,60
109900161,146,56,90
109900162,139,92,47
109900163,290,178,112
109900164,35,143,-108
109900165,200,2,198
109900166,1,63,-62
109900167,107,197,-90
109900168,224,209,15
109900169,102,75,27
109900170,137,710,-573
109900171,136,48,88
109900172,110,142,-32
109900173,1069,1463,-394
109900174,29,80,-51
109900175,33,27,6
109900176,46,71,-25
109900177,28,85,-57
109900178,11,74,-63
109900179,15,10,5
109900180,7,16,-9
110000001,545,334,211
110000002,419,504,-85
110000003,495,490,5
110000004,341,432,-91
110000005,224,977,-753
110000006,204,222,-18
110000007,66,38,28
110000008,14,45,-31
110000009,25,11,14
110000010,11,26,-15
110000011,21,34,-13
110000012,299,182,117
110000013,19,376,-357
110000014,328,232,96
110000015,161,353,-192
110000016,165,999,-834
110000017,1333,156,1177
110000018,1011,182,829
110000019,11,33,-22
110000020,187,108,79
110000021,148,216,-68
110000022,358,88,270
110000023,6,51,-45
110000024,330,213,117
110000025,302,3,299
110000026,10,109,-99
110000027,580,406,174
110000028,652,343,309
110000029,290,302,-12
110000030,139,190,-51
110000031,170,220,-50
110000032,536,222,314
110000033,191,86,105
110000034,263,285,-22
110000035,388,329,59
110000036,544,262,282
110000037,105,218,-113
110000038,141,329,-188
110000039,524,1947,-1423
110000040,203,156,47
110000041,184,1025,-841
110000042,40,193,-153
110000043,418,155,263
110000044,23,164,-141
110000045,151,76,75
110000046,3,12,-9
110000047,29,10,19
110000048,3,15,-12
110000049,13,7,6
110000050,3,15,-12
110000051,16,3,13
110000052,23,30,-7
110000053,27,4,23
110000054,120,257,-137
110000055,200,50,150
110000056,69,70,-1
110000057,188,356,-168
110000058,522,255,267
110000059,604,302,302
110000060,721,640,81
110000061,466,415,51
110000062,379,530,-151
110000063,39,97,-58
110000064,44,32,12
110000065,48,39,9
110000066,47,16,31
110000067,43,57,-14
110000068,158,48,110
110000069,257,12,245
110000071,142,18,124
110000073,26,10,16
110000075,9,37,-28
110000076,188,213,-25
110000077,211,447,-236
110000078,44,10,34
110000080,159,323,-164
110000081,28,130,-102
110000082,22,231,-209
110000083,160,319,-159
110000084,867,558,309
110000085,765,816,-51
110000086,752,1440,-688
110000087,6,30,-24
110000088,90,105,-15
110000089,195,23,172
110000090,44,96,-52
110000091,462,127,335
110000092,12,26,-14
110000093,36,10,26
110000094,300,100,200
110000095,106,361,-255
110000096,913,1171,-258
110000097,758,969,-211
110000098,1298,418,880
110000099,389,965,-576
110000100,691,183,508
110000101,27,95,-68
110000102,58,27,31
110000104,305,123,182
110000105,47,142,-95
110000106,384,444,-60
110000107,171,160,11
110000108,87,71,16
110000109,144,170,-26
110000110,996,2457,-1461
110000111,2221,1722,499
110000112,462,624,-162
110000113,125,1332,-1207
110000114,107,359,-252
110000115,241,111,130
110000116,26,23,3
110000117,171,116,55
110000118,316,43,273
110000119,177,127,50
110000120,231,94,137
110000121,41,198,-157
110000122,242,294,-52
110000123,435,369,66
110000124,2,477,-475
110000125,747,6,741
110000126,230,14,216
110000127,845,42,803
110000128,26,590,-564
110000129,0,233,-233
110000130,167,117,50
110000131,53,144,-91
110000132,0,288,-288
110000133,27,229,-202
110000134,7,197,-190
110000135,102,19,83
110000136,55,139,-84
110000137,350,338,12
110000138,473,331,142
110000139,595,421,174
110000140,544,567,-23
110000143,303,221,82
110000144,3357,1193,2164
110000145,1403,596,807
110000146,1003,374,629
110000147,290,281,9
110000148,328,125,203
110000151,542,628,-86
110000152,476,291,185
110000153,75,11,64
110000154,13,18,-5
110000155,936,2422,-1486
110000156,807,1475,-668
110000157,1070,1184,-114
110000160,227,119,108
110000161,112,127,-15
110000166,364,48,316
110000167,552,366,186
110000168,670,371,299
110000169,655,256,399
110000170,84,33,51
110000171,411,61,350
110000172,112,398,-286
110000173,677,524,153
110000174,76,349,-273
110000175,464,21,443
110000176,31,233,-202
110000177,132,604,-472
110000178,216,873,-657
110000179,439,177,262
110000180,167,104,63
110000181,339,184,155
110000182,167,65,102
110000183,3500,3866,-366
110000184,169,1308,-1139
110000185,279,322,-43
110000186,401,433,-32
110000191,937,143,794
110000192,406,14,392
110000193,672,15,657
110000194,9,315,-306
110000195,340,120,220
110000196,272,123,149
110000197,55,53,2
110000198,59,28,31
110000199,44,92,-48
110000200,548,232,316
110000201,468,618,-150
110000202,805,416,389
110000203,334,340,-6
110000204,5,92,-87
110000205,108,37,71
110000206,284,408,-124
110000207,891,207,684
110000208,148,153,-5
110000209,67,451,-384
110000210,1012,209,803
110000211,642,278,364
110000212,293,704,-411
110000213,178,33,145
110000214,216,39,177
110000215,90,115,-25
110000216,85,109,-24
110000217,326,60,266
110000218,98,124,-26
110000219,235,29,206
110000220,60,67,-7
110000221,226,26,200
110000222,41,100,-59
110000223,1,68,-67
110000224,9,4,5
110000225,166,386,-220
110000226,158,35,123
110000227,454,523,-69
110000228,131,97,34
110000229,1,112,-111
110000230,322,265,57
110000231,110,114,-4
110000232,123,134,-11
110000233,114,149,-35
110000234,296,319,-23
110000235,442,564,-122
110000236,427,294,133
110000237,1232,630,602
110000238,748,746,2
110000239,1198,671,527
110000240,2,16,-14
110000242,0,7,-7
110000243,67,50,17
110000244,50,138,-88
110000245,25,185,-160
110000246,422,163,259
110000247,544,1861,-1317
110000248,935,668,267
110000249,43,5,38
110000250,5,79,-74
110000251,200,188,12
110000252,181,95,86
110000253,856,330,526
110000254,324,434,-110
110000255,108,449,-341
110000256,211,129,82
110000257,329,211,118
110000258,7,80,-73
110000259,84,7,77
110000260,14,76,-62
110000263,244,38,206
110000264,187,163,24
110000265,650,896,-246
110000266,774,1316,-542
110000267,18,87,-69
110000268,174,199,-25
110000269,3,36,-33
110000270,52,0,52
110000271,672,119,553
110000272,650,524,126
110000273,1212,693,519
110000274,83,973,-890
110000275,727,324,403
110000276,189,186,3
110000277,277,167,110
110000278,195,384,-189
110000279,519,483,36
110000280,344,181,163
110000281,29,153,-124
110000282,108,12,96
110000283,16,38,-22
110000284,19,17,2
110000285,1,281,-280
110000286,5,1,4
110000287,52,0,52
110000288,2,39,-37
110000289,270,1262,-992
110000290,364,351,13
110000291,1974,723,1251
110000292,713,2710,-1997
110000293,344,349,-5
110000294,714,520,194
110000295,74,346,-272
110000296,367,155,212
110000297,1212,196,1016
110000298,72,226,-154
110000299,62,52,10
110000301,165,10,155
110000302,241,364,-123
110000303,242,6,236
110000304,111,144,-33
110000305,706,22,684
110000306,124,570,-446
110000307,1085,4,1081
110000308,362,4,358
110000309,2,338,-336
110000310,438,39,399
110000311,5,265,-260
110000312,222,73,149
110000313,1071,1553,-482
110000314,0,97,-97
110000315,1593,1314,279
110000316,320,663,-343
110000317,107,278,-171
110000318,5,25,-20
110000319,6,15,-9
110000320,15,13,2
110000321,7,19,-12
110000322,139,153,-14
110000323,228,81,147
110000324,1581,903,678
110000325,1367,1799,-432
110000327,221,103,118
110000328,108,170,-62
110000333,551,411,140
110000334,368,602,-234
110000335,423,223,200
110000336,423,450,-27
110000337,970,273,697
110000338,367,98,269
110000339,193,118,75
110000340,15,120,-105
110000341,269,322,-53
110000342,101,1,100
110000343,0,14,-14
110000344,25,75,-50
110000345,55,66,-11
110000346,1168,1044,124
110000347,778,414,364
110000348,11,8,3
110000349,5,12,-7
110000350,53,1,52
110000351,782,416,366
110000352,416,829,-413
110000353,1140,329,811
110000354,574,1732,-1158
110000355,74,53,21
110000356,385,9,376
110000357,243,8,235
110000361,31,12,19
110000362,85,12,73
110000363,350,71,279
110000364,161,141,20
110000365,107,1,106
110000366,0,62,-62
110000367,185,78,107
110000368,2,37,-35
110000369,29,0,29
110000373,0,133,-133
110000374,41,8,33
110000375,87,480,-393
110000376,9,35,-26
110000377,68,250,-182
110000378,15,203,-188
110000379,1143,1082,61
110000380,38,2,36
110000383,2,814,-812
110000384,799,503,296
110000385,0,132,-132
110000387,101,2,99
110000388,19,103,-84
110000389,619,2,617
110000391,419,132,287
110000396,128,49,79
110000397,120,39,81
110000398,7,11,-4
110000399,81,1,80
110000587,68,31,37
110000589,153,54,99
110000640,102,25,77
110000652,8,128,-120
110000653,231,198,33
110000654,37,1285,-1248
110000656,1,223,-222
110000674,14,7,7
110000675,2,5,-3
110000676,0,24,-24
110000679,109,622,-513
110000682,55,77,-22
110000683,154,254,-100
110000684,1,19,-18
110000685,7,9,-2
110000686,2,25,-23
110000687,14,5,9
110000688,44,609,-565
110000689,14,21,-7
110000692,15,57,-42
110000693,25,130,-105
110000694,1,61,-60
110000695,116,252,-136
110000696,13,23,-10
110900001,168,34,134
110900002,238,68,170
110900003,522,191,331
110900004,268,65,203
110900005,1112,1749,-637
110900006,80,16,64
110900007,56,22,34
110900008,13,32,-19
110900009,294,92,202
110900010,22,36,-14
110900011,14,27,-13
110900012,22,56,-34
110900013,596,93,503
110900014,127,5,122
110900015,227,415,-188
110900016,45,64,-19
110900017,287,14,273
110900018,258,18,240
110900019,188,10,178
110900020,86,106,-20
110900021,42,181,-139
110900022,34,107,-73
110900023,28,238,-210
110900024,12,130,-118
110900025,1,25,-24
110900027,31,111,-80
110900028,19,52,-33
110900029,12,151,-139
110900030,38,69,-31
110900031,2,59,-57
110900032,0,34,-34
110900033,39,63,-24
110900035,12,282,-270
110900036,67,4,63
110900037,48,10,38
110900038,349,126,223
110900039,5,177,-172
110900040,174,11,163
110900041,7,37,-30
110900042,62,32,30
110900043,3,21,-18
110900044,118,7,111
110900045,28,131,-103
110900046,12,64,-52
110900047,207,204,3
110900049,45,63,-18
110900050,14,4,10
110900051,22,102,-80
110900052,3,69,-66
110900053,53,14,39
110900054,24,72,-48
110900055,24,2,22
110900056,25,72,-47
110900057,12,49,-37
110900058,184,60,124
110900059,268,178,90
110900060,244,69,175
110900061,11,17,-6
110900062,98,80,18
110900063,31,41,-10
110900064,6,0,6
110900065,136,79,57
110900066,4,40,-36
110900067,107,407,-300
110900068,134,136,-2
110900069,2,9,-7
110900070,94,35,59
110900071,176,412,-236
110900073,1,7,-6
110900074,306,69,237
110900075,300,37,263
110900077,490,310,180
110900078,28,18,10
110900079,1104,798,306
110900080,91,38,53
110900081,3,11,-8
110900082,75,35,40
110900083,88,47,41
110900084,58,26,32
110900085,20,122,-102
110900086,27,176,-149
110900087,248,24,224
110900088,8,1,7
110900090,36,39,-3
110900091,2,33,-31
110900093,141,53,88
110900095,20,33,-13
110900097,8,22,-14
110900098,35,45,-10
110900099,23,180,-157
110900100,0,9,-9
110900102,45,13,32
110900105,325,128,197
110900108,13,34,-21
110900111,258,40,218
110900112,529,6,523
110900113,286,30,256
110900115,3,33,-30
110900116,569,546,23
110900118,44,1692,-1648
110900119,1088,155,933
110900120,10,56,-46
110900121,104,0,104
110900122,274,134,140
110900125,268,295,-27
110900127,341,745,-404
110900128,224,299,-75
110900129,194,593,-399
110900130,502,425,77
110900131,95,20,75
110900132,226,31,195
110900133,41,73,-32
110900135,33,118,-85
110900136,206,15,191
110900139,10,1,9
110900140,0,0,0
110900141,213,179,34
110900142,30,44,-14
110900143,131,37,94
110900144,2,249,-247
110900145,115,57,58
110900146,139,188,-49
110900147,61,167,-106
110900148,8,104,-96
110900149,3,24,-21
110900150,30,1,29
110900151,3,29,-26
110900152,25,104,-79
110900153,151,24,127
111000001,475,273,202
111000002,454,333,121
111000003,905,440,465
111000004,269,511,-242
111000005,670,890,-220
111000006,673,1035,-362
111000007,2652,2032,620
111000008,1103,1770,-667
111000009,272,540,-268
111000010,567,147,420
111000011,165,544,-379
111000012,324,242,82
111000013,243,482,-239
111000014,932,331,601
111000017,77,557,-480
111000018,135,225,-90
111000020,595,1202,-607
111000021,38,64,-26
111000023,52,50,2
111000025,3347,1906,1441
111000029,62,75,-13
111000030,30,59,-29
111000031,1262,613,649
111000032,372,192,180
111000033,151,175,-24
111000034,58,159,-101
111000037,709,385,324
111000038,1884,1105,779
111000039,1122,1024,98
111000040,1185,1127,58
111000041,836,743,93
111000042,1427,1219,208
111000043,1284,2348,-1064
111000044,1169,761,408
111000045,1856,1541,315
111000046,1154,976,178
111000047,1592,2739,-1147
111000049,262,257,5
111000050,761,657,104
111000051,319,506,-187
111000052,387,949,-562
111000053,275,495,-220
111000054,205,470,-265
111000055,933,933,0
111000056,151,207,-56
111000057,108,226,-118
111000058,288,54,234
111000059,327,164,163
111000060,2407,573,1834
111000061,384,198,186
111000062,679,264,415
111000063,1052,617,435
111000064,515,318,197
111000065,840,458,382
111000066,458,233,225
111000067,326,352,-26
111000068,473,551,-78
111000069,994,1099,-105
111000070,624,537,87
111000071,209,298,-89
111000072,951,426,525
111000073,219,603,-384
111000074,974,978,-4
111000075,699,329,370
111000076,399,244,155
111000077,1023,1058,-35
111000078,1888,938,950
111000079,693,397,296
111000080,308,294,14
111000081,922,2320,-1398
111000082,478,360,118
111000084,561,311,250
111000085,553,685,-132
111000086,1093,524,569
111000087,435,237,198
111000088,2131,1467,664
111000089,478,440,38
111000090,460,871,-411
111000091,507,215,292
111000092,993,487,506
111000093,491,662,-171
111000094,958,651,307
111000095,470,1357,-887
111000096,692,4504,-3812
111000097,2497,1026,1471
111000098,563,642,-79
111000099,387,812,-425
111000100,243,656,-413
111000101,279,410,-131
111000102,152,187,-35
111000104,410,64,346
111000107,41,329,-288
111000109,473,95,378
111000110,916,394,522
111000111,1826,287,1539
111000112,1384,373,1011
111000113,682,1085,-403
111000114,1452,2355,-903
111000115,2620,636,1984
111000116,570,506,64
111000117,233,507,-274
111000118,747,415,332
111000119,802,534,268
111000120,416,336,80
111000121,188,462,-274
111000122,497,629,-132
111000123,733,1136,-403
111000124,299,1113,-814
111000125,154,493,-339
111000126,71,334,-263
111000127,669,72,597
111000128,1454,180,1274
111000129,2016,194,1822
111000130,1607,369,1238
111000131,1318,352,966
111000132,1250,640,610
111000133,113,59,54
111000134,128,45,83
111000135,27,56,-29
111000136,248,213,35
111000138,9,3,6
111000140,0,0,0
111000141,105,264,-159
111000142,18,435,-417
111000143,6,421,-415
111000144,58,2375,-2317
111000145,244,19,225
111000146,112,6,106
111000147,107,9,98
111000148,99,64,35
111000149,1,13,-12
111000150,20,8,12
111000151,1,7,-6
111000153,395,474,-79
111000154,352,120,232
111000155,70,95,-25
111000156,346,366,-20
111000157,161,617,-456
111000158,575,472,103
111000159,2000,641,1359
111000160,358,371,-13
111000161,5,321,-316
111000162,46,87,-41
111000163,525,392,133
111000164,385,1488,-1103
111000165,487,226,261
111000166,821,198,623
111000167,122,177,-55
111000168,123,208,-85
111000169,173,345,-172
111000170,222,210,12
111000171,250,219,31
111000172,96,156,-60
111000173,260,303,-43
111000174,161,107,54
111000175,32,124,-92
111000176,212,76,136
111000177,280,95,185
111000178,1024,126,898
111000179,181,66,115
111000180,172,259,-87
111000181,950,116,834
111000182,133,100,33
111000183,119,154,-35
111000184,197,108,89
111000185,196,231,-35
111000186,186,106,80
111000187,81,67,14
111000188,221,235,-14
111000189,529,306,223
111000190,169,167,2
111000191,118,157,-39
111000192,100,245,-145
111000193,162,146,16
111000194,31,152,-121
111000195,83,173,-90
111000196,71,111,-40
111000197,405,84,321
111000198,471,50,421
111000199,182,67,115
111000200,354,199,155
111000201,536,160,376
111000202,225,156,69
111000203,268,169,99
111000204,271,831,-560
111000213,102,210,-108
111000214,926,543,383
111000215,774,629,145
111000217,1395,585,810
111000218,888,667,221
111000219,238,91,147
111000220,587,294,293
111000221,304,53,251
111000224,21,123,-102
111000225,256,215,41
111000226,52,0,52
111000227,19,2,17
111000228,15,343,-328
111000229,18,642,-624
111000230,158,188,-30
111000231,772,267,505
111000232,372,360,12
111000233,829,335,494
111000234,101,362,-261
111000239,47,79,-32
111000240,38,122,-84
111000241,28,123,-95
111000242,128,58,70
111000243,85,209,-124
111000244,376,59,317
111000245,696,167,529
111000246,429,140,289
111000247,282,313,-31
111000248,505,293,212
111000249,313,288,25
111000250,32,28,4
111000251,40,37,3
111000253,4,6,-2
111000255,52,2,50
111000257,31,7,24
111000260,49,616,-567
111000261,1010,52,958
111000271,33,157,-124
111000273,1395,663,732
111000274,915,1390,-475
111000275,132,27,105
111000276,190,731,-541
111000277,129,192,-63
111000278,437,164,273
111000291,575,4334,-3759
111000298,312,129,183
111000299,455,66,389
111000300,81,338,-257
111000302,187,22,165
111000303,52,110,-58
111000312,20,37,-17
111000315,5,72,-67
111000320,155,335,-180
111000321,252,89,163
111000322,200,205,-5
111000323,189,16,173
111000324,208,114,94
111000325,40,32,8
111000326,191,133,58
111000327,256,156,100
111000328,153,285,-132
111000329,1,11,-10
111000330,44,3,41
111000331,13,3,10
111000332,366,703,-337
111000334,229,515,-286
111000335,618,122,496
111000337,954,159,795
111000338,39,47,-8
111000339,412,54,358
111000340,78,196,-118
111000341,832,277,555
111000342,67,1053,-986
111000344,715,446,269
111000345,118,80,38
111000346,35,243,-208
111000347,85,3,82
111000350,122,29,93
111000351,71,172,-101
111000352,158,48,110
111000353,78,105,-27
111000354,272,50,222
111000355,169,242,-73
111000358,74,371,-297
111000360,155,174,-19
111000361,129,87,42
111000546,345,228,117
111000547,276,131,145
111000548,116,184,-68
111000549,232,109,123
111000550,44,543,-499
111000551,419,130,289
111000552,398,128,270
111000907,391,4,387
111000908,35,1,34
111000916,1227,127,1100
111000917,17,195,-178
111000918,141,249,-108
111000920,420,13,407
111000921,6,81,-75
111000922,304,119,185
111000924,15,300,-285
111000925,1970,1118,852
111000926,687,852,-165
111000927,1859,2769,-910
111000928,2846,1596,1250
111000929,1142,742,400
111000930,493,1080,-587
111000931,1580,1722,-142
111000932,2406,1048,1358
111000933,2262,1588,674
111000934,1015,1543,-528
111000935,1268,515,753
111000936,685,1084,-399
111000937,831,747,84
111000938,915,724,191
111000939,410,22,388
111000940,284,50,234
111000941,228,127,101
111000943,354,137,217
111000944,109,116,-7
111000945,62,600,-538
111001109,342,317,25
111001110,150,252,-102
111001111,47,0,47
111001112,66,0,66
111001113,0,117,-117
111001114,428,150,278
111001115,22,573,-551
111001116,1627,2404,-777
111001117,294,1507,-1213
111001120,72,92,-20
111001121,114,97,17
111001122,163,146,17
111001123,252,28,224
111001124,108,63,45
111001125,0,118,-118
111900001,6,59,-53
111900002,16,234,-218
111900003,1,138,-137
111900004,28,42,-14
111900006,12,31,-19
111900007,58,1,57
111900008,141,0,141
111900009,157,72,85
111900010,175,222,-47
111900012,52,52,0
111900013,23,11,12
111900014,1931,3116,-1185
111900015,0,19,-19
111900016,0,28,-28
111900017,0,45,-45
111900018,120,0,120
111900019,4,36,-32
111900020,0,13,-13
111900021,25,51,-26
111900022,3,18,-15
111900023,41,35,6
111900024,31,24,7
111900025,0,15,-15
111900026,0,32,-32
111900027,4,38,-34
111900028,1,111,-110
111900029,1,34,-33
111900030,19,143,-124
111900031,12,28,-16
111900032,2,141,-139
111900033,2,26,-24
111900034,191,235,-44
111900035,37,47,-10
111900036,0,114,-114
111900038,146,285,-139
111900039,43,180,-137
111900040,1,174,-173
111900042,7,60,-53
111900043,1,127,-126
111900044,140,123,17
111900046,30,58,-28
111900048,157,258,-101
111900049,27,97,-70
111900050,87,24,63
111900051,8,117,-109
111900052,202,191,11
111900053,380,1039,-659
111900054,99,1,98
111900055,19,121,-102
111900056,92,289,-197
111900057,79,24,55
111900058,445,228,217
111900059,699,346,353
111900060,238,0,238
111900061,7,65,-58
111900062,18,60,-42
111900063,182,295,-113
111900064,55,90,-35
111900065,82,19,63
111900066,85,127,-42
111900067,2,221,-219
111900068,21,23,-2
111900069,44,11,33
111900070,90,82,8
111900071,1,129,-128
111900072,29,16,13
111900073,715,103,612
111900074,11,68,-57
111900075,45,5,40
111900076,161,55,106
111900077,23,1,22
111900078,201,12,189
111900079,29,18,11
111900080,155,175,-20
111900082,131,28,103
111900083,147,12,135
111900084,44,3,41
111900085,33,90,-57
111900086,47,8,39
111900087,52,0,52
111900088,518,8,510
111900089,108,0,108
111900090,55,24,31
111900091,137,0,137
111900092,73,1,72
111900093,305,5,300
111900094,131,0,131
111900095,188,21,167
111900096,114,2,112
111900097,21,0,21
111900098,231,1,230
111900099,58,0,58
111900100,83,2,81
111900101,81,22,59
111900102,418,226,192
111900103,28,59,-31
111900104,86,33,53
111900105,186,131,55
111900106,351,28,323
111900110,655,207,448
111900111,106,57,49
111900112,223,1929,-1706
111900113,120,42,78
111900118,217,64,153
111900119,246,108,138
111900122,63,64,-1
111900123,10,29,-19
111900124,8,42,-34
111900125,277,33,244
111900126,186,2,184
111900127,0,286,-286
111900128,1,168,-167
111900129,182,1,181
111900130,163,30,133
111900131,409,0,409
111900132,12,294,-282
111900133,2,132,-130
111900134,4,91,-87
111900135,12,31,-19
111900136,49,101,-52
111900137,41,28,13
111900138,8,31,-23
111900139,18,34,-16
111900140,62,19,43
111900141,39,3,36
111900142,95,34,61
111900143,12,92,-80
111900144,0,31,-31
111900145,0,134,-134
111900146,2,77,-75
111900147,69,143,-74
111900148,1,233,-232
111900149,5,110,-105
111900150,7,48,-41
111900151,0,16,-16
111900152,42,80,-38
111900153,532,447,85
111900154,11,232,-221
111900155,43,73,-30
111900156,47,53,-6
111900157,112,17,95
111900158,303,51,252
111900159,225,12,213
111900160,254,1,253
111900161,228,0,228
111900162,83,141,-58
111900163,15,101,-86
111900164,45,25,20
111901113,355,74,281
111901114,116,84,32
111901115,49,1,48
111901116,16,0,16
111901117,15,30,-15
111901118,36,119,-83
111901119,301,27,274
111901121,74,89,-15
111901122,1,235,-234
111901123,193,113,80
111901124,177,1,176
111901125,362,108,254
111901127,130,388,-258
111901128,3,20,-17
111901129,4,28,-24
111901130,1,43,-42
111901131,2,142,-140
111901132,58,12,46
111901133,24,0,24
111901134,49,2,47
111901135,12,4,8
111901136,20,25,-5
111901137,0,22,-22
111901138,136,18,118
111901139,10,17,-7
111901140,3,34,-31
111901141,2,47,-45
111901142,1,41,-40
111901143,3,41,-38
111901144,37,22,15
111901145,66,192,-126
111901146,203,8,195
111901147,112,99,13
111901148,10,42,-32
112000001,1208,454,754
112000002,400,1154,-754
112000003,1114,683,431
112000004,372,363,9
112000005,2847,2629,218
112000006,1280,823,457
112000007,2480,1597,883
112000008,1589,2503,-914
112000009,1502,1342,160
112000010,1835,2334,-499
112000011,938,771,167
112000012,2120,3293,-1173
112000013,2133,1968,165
112000014,1573,1637,-64
112000015,2396,2083,313
112000016,1987,1230,757
112000017,872,1846,-974
112000024,1423,598,825
112000026,1495,1813,-318
112000027,497,467,30
112000028,592,676,-84
112000029,329,503,-174
112000030,106,36,70
112000031,833,2952,-2119
112000032,117,33,84
112000033,1107,1481,-374
112000034,135,32,103
112000035,64,251,-187
112000036,395,698,-303
112000037,480,549,-69
112000038,679,798,-119
112000039,83,37,46
112000040,37,134,-97
112000041,248,236,12
112000042,588,230,358
112000050,919,944,-25
112000051,642,947,-305
112000054,915,810,105
112000057,361,179,182
112000058,133,275,-142
112000059,292,360,-68
112000061,1351,866,485
112000062,852,577,275
112000063,446,1477,-1031
112000064,1684,2382,-698
112000065,906,1228,-322
112000066,2166,1011,1155
112000067,417,391,26
112000068,2135,1955,180
112000069,272,900,-628
112000070,1088,631,457
112000071,662,1318,-656
112000072,1833,583,1250
112000073,886,1181,-295
112000074,993,710,283
112000075,1106,832,274
112000076,2081,1342,739
112000077,621,221,400
112000078,1191,358,833
112000079,952,750,202
112000080,535,401,134
112000081,1066,1392,-326
112000082,863,408,455
112000083,433,570,-137
112000084,897,473,424
112000085,906,402,504
112000086,1075,529,546
112000087,408,199,209
112000088,575,204,371
112000089,189,170,19
112000090,99,108,-9
112000091,420,464,-44
112000092,1529,596,933
112000093,1029,449,580
112000094,516,485,31
112000095,473,495,-22
112000096,412,344,68
112000097,955,477,478
112000098,562,375,187
112000099,463,1271,-808
112000100,1361,399,962
112000101,343,368,-25
112000102,1030,266,764
112000103,260,433,-173
112000105,380,615,-235
112000106,1239,239,1000
112000107,53,65,-12
112000108,217,736,-519
112000109,149,45,104
112000110,1359,440,919
112000111,399,1232,-833
112000112,1693,342,1351
112000113,424,711,-287
112000114,1495,461,1034
112000115,213,153,60
112000116,344,368,-24
112000117,698,465,233
112000118,636,383,253
112000119,265,364,-99
112000120,41,166,-125
112000121,104,188,-84
112000122,225,111,114
112000123,643,111,532
112000124,341,52,289
112000125,187,143,44
112000126,204,171,33
112000127,1021,1525,-504
112000128,430,309,121
112000129,88,51,37
112000130,170,61,109
112000131,19,135,-116
112000132,125,148,-23
112000133,292,87,205
112000134,266,209,57
112000135,713,388,325
112000136,509,592,-83
112000137,838,817,21
112000138,565,503,62
112000139,470,476,-6
112000140,470,655,-185
112000141,628,314,314
112000142,86,265,-179
112000143,905,146,759
112000144,195,439,-244
112000145,1736,313,1423
112000146,344,817,-473
112000147,2030,1127,903
112000148,1018,918,100
112000149,245,238,7
112000150,183,219,-36
112000151,281,114,167
112000152,359,200,159
112000153,121,113,8
112000154,75,122,-47
112000155,102,69,33
112000157,325,343,-18
112000158,202,163,39
112000159,468,146,322
112000167,257,94,163
112000169,208,308,-100
112000173,586,120,466
112000175,335,150,185
112000176,1110,1067,43
112000177,446,167,279
112000178,34,100,-66
112000179,184,63,121
112000180,191,171,20
112000181,875,907,-32
112000182,975,542,433
112000183,10,16,-6
112000184,358,130,228
112000185,438,250,188
112000187,2623,1570,1053
112000195,80,14,66
112000196,164,2,162
112000197,93,156,-63
112000198,31,161,-130
112000199,551,520,31
112000202,336,2,334
112000216,38,136,-98
112000230,70,4,66
112000231,1,108,-107
112000256,38,161,-123
112000313,46,37,9
112000314,51,31,20
112000337,177,277,-100
112000352,107,256,-149
112000392,889,698,191
112000398,1165,577,588
112000399,971,1533,-562
112000400,986,1017,-31
112000401,1590,895,695
112000402,2290,2427,-137
112000403,1000,2361,-1361
112000404,795,624,171
112000405,1572,2026,-454
112000406,1639,992,647
112000407,5406,5537,-131
112000408,4025,2761,1264
112000409,993,1854,-861
112000410,251,214,37
112000411,1735,964,771
112000412,819,356,463
112000413,3547,4540,-993
112000414,54,25,29
112000415,68,18,50
112000416,1874,876,998
112000417,209,51,158
112000421,54,47,7
112000422,164,103,61
112000424,886,1817,-931
112000425,258,368,-110
112000426,103,181,-78
112000427,0,11,-11
112000428,201,217,-16
112000429,1299,1175,124
112000430,1796,1726,70
112000431,107,97,10
112000432,370,458,-88
112000433,183,366,-183
112000437,39,78,-39
112900001,43,3,40
112900002,432,443,-11
112900003,67,183,-116
112900004,28,136,-108
112900005,151,88,63
112900006,5,130,-125
112900007,35,123,-88
112900008,0,44,-44
112900009,247,92,155
112900010,333,390,-57
112900011,48,109,-61
112900012,1,30,-29
112900013,1,54,-53
112900014,3,75,-72
112900015,213,341,-128
112900016,2,159,-157
112900017,23,78,-55
112900018,1,103,-102
112900019,17,94,-77
112900020,201,574,-373
112900021,3,102,-99
112900022,7,24,-17
112900023,1,75,-74
112900024,32,119,-87
112900025,32,104,-72
112900026,2,104,-102
112900027,2,433,-431
112900028,11,49,-38
112900029,16,231,-215
112900030,39,73,-34
112900031,3,192,-189
112900032,117,128,-11
112900034,1,15,-14
112900035,1,165,-164
112900036,11,73,-62
112900037,135,102,33
112900038,458,66,392
112900039,8,131,-123
112900040,1,221,-220
112900041,253,636,-383
112900042,24,107,-83
112900043,33,18,15
112900044,302,233,69
112900045,131,185,-54
112900046,118,43,75
112900047,8,13,-5
112900049,159,40,119
112900050,20,211,-191
112900051,130,233,-103
112900052,0,327,-327
112900053,108,78,30
112900054,90,28,62
112900055,62,21,41
112900056,178,148,30
112900057,12,291,-279
112900058,193,240,-47
112900059,93,98,-5
112900060,16,88,-72
112900061,70,40,30
112900062,51,47,4
112900063,81,5,76
112900064,110,120,-10
112900065,25,30,-5
112900066,123,163,-40
112900067,142,81,61
112900068,29,39,-10
112900069,740,479,261
112900071,29,5,24
112900072,44,1487,-1443
112900073,285,76,209
112900074,46,232,-186
112900075,518,618,-100
112900076,52,26,26
112900078,169,291,-122
112900079,122,16,106
112900080,50,5,45
112900081,22,132,-110
112900082,415,15,400
112900083,97,82,15
112900084,194,90,104
112900086,64,2,62
112900087,480,81,399
112900088,116,4,112
112900089,648,34,614
112900090,77,25,52
112900091,175,3,172
112900092,56,310,-254
112900093,790,16,774
112900095,37,0,37
112900096,350,110,240
112900097,24,101,-77
112900098,38,1,37
112900099,521,13,508
112900100,55,0,55
112900101,296,2,294
112900102,44,11,33
112900103,131,1,130
112900104,65,1,64
112900105,18,3,15
112900106,242,65,177
112900107,2,0,2
112900108,5,0,5
112900109,106,1,105
112900110,1198,21,1177
112900111,562,5,557
112900112,218,1,217
112900113,0,12,-12
112900114,154,11,143
112900115,1099,2,1097
112900116,107,43,64
112900117,39,22,17
112900118,11,54,-43
112900119,144,6,138
112900120,371,182,189
112900121,34,101,-67
112900122,4,46,-42
112900123,75,14,61
112900124,16,35,-19
112900125,21,205,-184
112900126,71,90,-19
112900127,276,52,224
112900128,86,336,-250
112900129,2,373,-371
112900130,121,64,57
112900131,11,121,-110
112900132,37,154,-117
112900133,17,435,-418
112900134,0,108,-108
112900135,35,34,1
112900137,0,256,-256
112900138,2,102,-100
112900139,107,573,-466
112900141,529,14,515
112900142,59,148,-89
112900143,14,208,-194
112900144,2,152,-150
112900145,26,226,-200
112900146,1,325,-324
112900147,1,558,-557
112900148,46,1,45
112900149,167,262,-95
112900151,11,31,-20
112900152,1619,394,1225
112900153,938,1606,-668
112900154,1,29,-28
112900155,108,4,104
112900156,230,493,-263
112900157,349,71,278
112900158,44,4,40
112900159,151,86,65
112900160,47,143,-96
112900161,85,31,54
112900162,10,12,-2
112900163,34,27,7
112900164,23,96,-73
112900165,40,17,23
112900166,2,40,-38
112900167,4,49,-45
112900168,5,11,-6
112900169,11,13,-2
112900170,90,50,40
112900172,26,14,12
112900173,98,57,41
112900174,182,52,130
112900175,52,107,-55
112900176,9,43,-34
112900177,138,44,94
112900178,442,1652,-1210
112900179,16,191,-175
112900180,1234,698,536
112900181,467,1,466
112900182,36,368,-332
112900183,67,158,-91
112900184,233,323,-90
112900185,108,327,-219
112900186,523,675,-152
112900187,87,326,-239
112900188,519,801,-282
112900189,5,2,3
112900190,7,12,-5
112900192,439,549,-110
112900193,768,280,488
112900194,58,39,19
112900195,750,29,721
112900196,147,234,-87
112900197,134,192,-58
112900199,599,227,372
112900200,348,109,239
112900201,113,56,57
112900202,315,375,-60
112900203,187,136,51
112900204,560,418,142
112900205,6,26,-20
112900206,31,104,-73
112900207,17,0,17
112900208,71,266,-195
112900209,290,194,96
112900210,0,4,-4
112900211,53,7,46
112900212,2,42,-40
112900213,57,8,49
112900214,11,6,5
112900215,10,69,-59
112900216,12,34,-22
112900217,3,60,-57
112900218,41,13,28
112900219,79,18,61
112900220,0,0,0
112900221,25,43,-18
112900222,0,22,-22
112900223,724,15,709
112900224,238,191,47
112900225,314,150,164
112900226,74,161,-87
112900227,635,451,184
112900228,43,19,24
112900229,253,29,224
112900230,3419,1931,1488
112900232,160,184,-24
112900233,34,53,-19
112900234,16,29,-13
112900235,64,19,45
112900236,183,4,179
112900237,162,88,74
112900238,3,7,-4
112900239,354,304,50
112900240,2,17,-15
112900241,5,15,-10
112900242,3,33,-30
112900243,3,33,-30
112900244,6,15,-9
112900245,0,14,-14
112900246,1,5,-4
112900247,37,11,26
112900248,1,0,1
112900249,11,6,5
112900250,24,6,18
112900251,41,8,33
112900252,45,3,42
112900253,25,3,22
112900254,11,4,7
112900255,10,12,-2
112900256,3,16,-13
112900257,8,30,-22
113000001,3804,3096,708
113000002,2126,2004,122
113000003,1175,1031,144
113000004,774,1539,-765
113000005,1105,696,409
113000006,635,840,-205
113000007,1754,675,1079
113000008,1136,975,161
113000009,771,402,369
113000010,803,673,130
113000011,583,714,-131
113000012,1199,354,845
113000013,684,408,276
113000014,688,786,-98
113000015,209,122,87
113000016,208,487,-279
113000017,15,165,-150
113000018,202,18,184
113000019,89,159,-70
113000020,287,38,249
113000021,824,299,525
113000022,527,592,-65
113000025,84,197,-113
113000026,278,309,-31
113000027,274,484,-210
113000028,365,391,-26
113000029,540,459,81
113000030,152,337,-185
113000031,129,182,-53
113000032,168,211,-43
113000033,162,346,-184
113000034,180,170,10
113000035,20,14,6
113000036,13,43,-30
113000037,37,16,21
113000038,8,34,-26
113000039,35,188,-153
113000040,33,47,-14
113000042,488,292,196
113000051,560,1414,-854
113000052,1245,378,867
113000053,290,134,156
113000054,298,439,-141
113000055,902,299,603
113000056,774,528,246
113000058,415,540,-125
113000059,636,313,323
113000060,223,351,-128
113000061,289,503,-214
113000062,377,185,192
113000063,175,50,125
113000064,35,139,-104
113000065,174,405,-231
113000066,536,65,471
113000067,1612,608,1004
113000068,251,542,-291
113000069,487,450,37
113000070,1903,555,1348
113000071,317,253,64
113000072,569,273,296
113000073,247,811,-564
113000074,578,245,333
113000075,1071,568,503
113000076,403,1351,-948
113000077,564,455,109
113000078,406,1233,-827
113000079,308,551,-243
113000080,381,471,-90
113000081,397,480,-83
113000082,650,445,205
113000083,361,532,-171
113000084,956,682,274
113000085,526,420,106
113000086,583,733,-150
113000087,523,563,-40
113000088,1466,785,681
113000089,563,1032,-469
113000090,121,408,-287
113000091,284,265,19
113000094,843,113,730
113000095,172,343,-171
113000096,56,373,-317
113000097,640,258,382
113000098,54,31,23
113000099,513,282,231
113000100,100,236,-136
113000101,202,323,-121
113000102,380,418,-38
113000103,1091,254,837
113000104,298,1371,-1073
113000105,495,214,281
113000106,220,181,39
113000107,672,522,150
113000108,469,483,-14
113000109,323,926,-603
113000110,997,221,776
113000111,97,336,-239
113000112,250,194,56
113000113,619,207,412
113000114,144,749,-605
113000116,361,146,215
113000117,453,72,381
113000118,59,290,-231
113000119,229,174,55
113000120,39,219,-180
113000121,267,459,-192
113000124,138,69,69
113000125,24,515,-491
113000127,991,154,837
113000128,445,281,164
113000129,318,425,-107
113000133,988,728,260
113000134,3,790,-787
113000135,2536,2845,-309
113000137,862,2468,-1606
113000139,147,130,17
113000140,63,132,-69
113000141,72,82,-10
113000142,142,475,-333
113000143,99,85,14
113000144,156,278,-122
113000145,49,78,-29
113000146,72,32,40
113000147,102,36,66
113000148,127,71,56
113000149,83,87,-4
113000150,261,173,88
113000151,23,32,-9
113000152,28,73,-45
113000153,777,266,511
113000154,510,899,-389
113000155,198,438,-240
113000156,108,222,-114
113000157,173,457,-284
113000158,459,159,300
113000159,582,415,167
113000160,438,490,-52
113000161,216,190,26
113000162,611,221,390
113000163,72,31,41
113000164,8,31,-23
113000166,146,69,77
113000167,48,31,17
113000168,57,46,11
113000169,185,41,144
113000170,50,88,-38
113000171,35,68,-33
113000172,179,32,147
113000173,47,16,31
113000174,85,159,-74
113000175,221,59,162
113000176,364,99,265
113000177,98,246,-148
113000178,97,136,-39
113000179,218,113,105
113000180,390,689,-299
113000181,840,459,381
113000182,86,193,-107
113000183,54,336,-282
113000184,7,79,-72
113000189,178,377,-199
113000190,292,279,13
113000192,536,2446,-1910
113000193,1466,1767,-301
113000194,556,839,-283
113000195,818,1025,-207
113000196,139,45,94
113000197,717,861,-144
113000198,63,126,-63
113000199,802,154,648
113000201,173,240,-67
113000202,2966,697,2269
113000203,68,103,-35
113000204,576,2301,-1725
113000205,4,7,-3
113000206,6,30,-24
113000207,48,3,45
113000208,30,35,-5
113000209,4,4,0
113000210,2,31,-29
113000211,69,179,-110
113000212,35,12,23
113000213,10,89,-79
113000214,123,158,-35
113000234,122,368,-246
113000410,44,151,-107
113000411,1202,2100,-898
113000412,2732,1267,1465
113000413,961,2012,-1051
113000414,2353,6929,-4576
113000415,1257,1346,-89
113000416,3202,2134,1068
113000417,1241,1543,-302
113000418,2546,2139,407
113000419,966,1169,-203
113000420,2321,3780,-1459
113000421,2575,4294,-1719
113000422,5255,6211,-956
113000423,983,3598,-2615
113000424,1376,6435,-5059
113000425,1,51,-50
113000428,19,12,7
113000430,3,55,-52
113000432,1394,144,1250
113000433,56,369,-313
113000434,24,53,-29
113000435,29,181,-152
113000436,10,411,-401
113000437,970,16,954
113000438,270,8,262
113000439,20,48,-28
113000440,123,15,108
113000441,202,127,75
113000442,129,68,61
113000443,175,83,92
113000444,188,56,132
113000445,101,52,49
113000446,33,53,-20
113000448,243,99,144
113000449,82,446,-364
113000450,299,1113,-814
113000451,854,164,690
113000452,100,286,-186
113000453,37,362,-325
113000454,242,80,162
113000455,13,363,-350
113000456,1629,1388,241
113000468,617,90,527
113000469,29,71,-42
113000470,282,12,270
113000471,6,228,-222
113000472,74,164,-90
113000474,641,384,257
113000475,871,810,61
113000476,997,1156,-159
113000477,2355,1141,1214
113000478,2012,2341,-329
113000479,57,91,-34
113000483,0,0,0
113000484,0,0,0
113000485,0,0,0
113000486,0,0,0
113000487,0,0,0
113000488,0,1,-1
113000489,0,0,0
113000490,0,0,0
113000491,3,0,3
113000492,2,3,-1
113000493,0,0,0
113000495,98,82,16
113000496,89,43,46
113000499,0,0,0
113900001,2,201,-199
113900002,2,33,-31
113900003,0,49,-49
113900004,1,54,-53
113900005,0,51,-51
113900006,2,13,-11
113900007,38,19,19
113900008,20,0,20
113900009,23,0,23
113900010,24,1,23
113900011,46,0,46
113900012,21,0,21
113900013,66,5,61
113900014,324,0,324
113900015,0,21,-21
113900016,19,0,19
113900017,1,30,-29
113900018,228,205,23
113900019,100,28,72
113900020,117,0,117
113900022,25,0,25
113900023,33,0,33
113900024,38,20,18
113900025,87,3,84
113900026,35,0,35
113900027,2,23,-21
113900028,17,235,-218
113900029,63,82,-19
113900030,206,1,205
113900031,8,1,7
113900032,29,0,29
113900033,117,38,79
113900035,33,0,33
113900036,11,40,-29
113900037,123,219,-96
113900038,40,76,-36
113900039,111,26,85
113900040,9,13,-4
113900041,2,0,2
113900042,65,20,45
113900043,91,62,29
113900044,163,243,-80
113900045,84,0,84
113900046,116,337,-221
113900047,24,87,-63
113900048,85,79,6
113900049,257,215,42
113900050,182,127,55
113900051,118,134,-16
113900052,51,62,-11
113900053,384,372,12
113900054,12,1,11
113900055,41,199,-158
113900056,30,78,-48
113900057,6,43,-37
113900058,48,50,-2
113900059,184,141,43
113900060,151,142,9
113900061,312,156,156
113900062,66,6,60
113900063,46,56,-10
113900064,11,43,-32
113900065,225,19,206
113900066,248,85,163
113900067,56,45,11
113900068,286,310,-24
113900069,35,10,25
113900070,79,175,-96
113900071,56,19,37
113900072,26,95,-69
113900073,190,162,28
113900074,50,95,-45
113900075,807,916,-109
113900076,90,4,86
113900077,23,80,-57
113900078,11,37,-26
113900079,2,11,-9
113900080,321,129,192
113900081,41,84,-43
113900082,86,123,-37
113900083,124,82,42
113900084,172,93,79
113900085,33,119,-86
113900086,34,15,19
113900087,44,39,5
113900088,54,59,-5
113900089,190,33,157
113900090,391,266,125
113900091,11,5,6
113900092,8,26,-18
113900093,37,550,-513
113900094,159,102,57
113900095,78,114,-36
113900096,137,35,102
113900097,21,44,-23
113900098,473,71,402
113900099,0,21,-21
113900100,0,1,-1
113900101,7,34,-27
113900102,59,122,-63
113900103,127,103,24
113900104,79,147,-68
113900105,91,71,20
113900106,0,18,-18
113900107,0,5,-5
113900108,122,141,-19
113900109,170,121,49
113900110,26,8,18
113900111,117,55,62
113900112,79,37,42
113900113,502,268,234
113900114,0,31,-31
113900115,1,23,-22
113900116,56,85,-29
113900117,50,17,33
113900118,114,143,-29
113900119,87,274,-187
113900120,56,30,26
113900121,50,36,14
113900122,250,1343,-1093
113900123,329,110,219
113900124,0,23,-23
113900125,395,79,316
113900126,62,14,48
113900127,228,438,-210
113900128,97,43,54
113900129,4,103,-99
113900130,0,45,-45
113900131,145,36,109
113900132,40,41,-1
113900133,13,51,-38
113900135,205,140,65
113900136,59,39,20
113900137,228,192,36
113900138,26,95,-69
113900139,136,103,33
113900140,66,198,-132
113900141,302,106,196
113900142,67,34,33
113900143,8,28,-20
113900144,71,137,-66
113900145,267,91,176
113900146,125,28,97
113900148,54,182,-128
113900149,78,57,21
113900150,171,260,-89
113900151,270,99,171
113900152,26,34,-8
113900153,102,321,-219
113900154,3,65,-62
113900155,123,141,-18
113900156,98,232,-134
113900157,30,196,-166
113900158,110,213,-103
113900159,10,152,-142
113900160,183,231,-48
113900161,46,155,-109
113900162,149,393,-244
113900163,107,141,-34
113900164,196,21,175
113900165,319,180,139
113900166,63,111,-48
113900167,223,23,200
113900168,45,57,-12
113900169,123,162,-39
113900171,133,40,93
113900172,4,59,-55
113900173,16,177,-161
113900174,381,287,94
113900175,194,81,113
113900176,175,218,-43
113900177,166,98,68
113900178,128,69,59
113900179,13,150,-137
113900180,127,54,73
113900181,420,76,344
113900182,430,460,-30
113900183,30,36,-6
113900184,7,147,-140
113900185,76,37,39
113900186,23,16,7
113900187,13,74,-61
113900188,25,73,-48
113900189,195,67,128
113900190,89,56,33
113900191,73,59,14
113900192,0,280,-280
113900193,10,60,-50
113900194,736,464,272
113900195,178,235,-57
113900196,0,66,-66
113900197,0,57,-57
113900198,26,209,-183
113900199,51,364,-313
113900200,6,74,-68
113900201,0,73,-73
113900202,35,157,-122
113900203,0,29,-29
113900204,14,221,-207
113900205,0,78,-78
113900206,0,83,-83
113900207,0,27,-27
113900208,0,32,-32
113900209,0,56,-56
113900210,246,358,-112
113900211,98,58,40
113900212,110,214,-104
113900214,192,232,-40
113900215,153,67,86
113900216,117,292,-175
113900217,55,107,-52
113900218,97,42,55
113900219,60,175,-115
113900220,118,88,30
113900221,154,107,47
113900222,94,343,-249
113900223,144,348,-204
113900224,24,42,-18
113900225,174,98,76
113900226,185,49,136
113900227,187,107,80
113900228,164,357,-193
113900229,35,427,-392
113900230,1586,1874,-288
113900231,89,98,-9
113900232,73,39,34
113900233,39,27,12
113900234,204,217,-13
113900235,70,20,50
113900236,153,162,-9
113900237,123,10,113
113900238,128,337,-209
113900239,26,88,-62
113900240,3,155,-152
113900241,98,28,70
113900242,27,94,-67
113900243,49,218,-169
113900244,111,80,31
113900245,532,174,358
113900246,9,18,-9
113900247,125,288,-163
113900248,1333,1111,222
113900249,353,357,-4
113900250,28,108,-80
113900251,573,93,480
113900252,328,13,315
113900253,403,59,344
113900254,462,107,355
113900255,277,10,267
113900256,226,11,215
113900257,12,168,-156
113900258,22,113,-91
113900259,360,95,265
113900260,154,14,140
113900261,18,31,-13
113900262,94,224,-130
113900263,83,312,-229
113900264,1,211,-210
113900265,60,145,-85
113900266,36,58,-22
113900267,45,234,-189
113900268,205,168,37
113900269,65,60,5
113900270,166,366,-200
113900271,365,476,-111
113900273,7,8,-1
113900274,29,19,10
113900275,11,44,-33
113900276,1,38,-37
113900277,97,1,96
113900278,131,95,36
113900279,35,52,-17
113900280,1048,347,701
113900281,431,795,-364
113900282,284,297,-13
113900283,294,297,-3
113900284,591,78,513
113900285,61,42,19
113900286,6,28,-22
113900287,47,24,23
113900288,2,57,-55
113900289,289,46,243
113900290,82,160,-78
113900291,53,106,-53
113900292,6,4,2
113900293,0,126,-126
113900294,314,9,305
113900295,159,172,-13
113900296,892,300,592
113900297,1478,28,1450
113900298,17,678,-661
113900299,70,60,10
113900300,1926,2035,-109
113900301,407,225,182
113900302,1150,648,502
113900303,218,285,-67
113900304,2,59,-57
113900305,100,1,99
113900306,40,0,40
113900307,10,0,10
113900308,39,69,-30
113900309,2,260,-258
113900310,1,3,-2
113900311,7,1,6
113900312,130,153,-23
113900313,5,2,3
114000001,591,1194,-603
114000002,190,146,44
114000003,28,95,-67
114000004,209,158,51
114000005,186,94,92
114000006,1065,764,301
114000007,347,477,-130
114000008,613,1154,-541
114000009,447,112,335
114000011,2074,1172,902
114000012,1952,885,1067
114000013,1221,685,536
114000014,257,87,170
114000015,1109,144,965
114000016,128,114,14
114000017,68,190,-122
114000018,69,16,53
114000026,1480,518,962
114000027,2302,1075,1227
114000028,1517,1900,-383
114000038,155,66,89
114000039,42,17,25
114000040,106,125,-19
114000042,109,72,37
114000043,27,27,0
114000044,202,21,181
114000045,22,23,-1
114000046,1397,2023,-626
114000047,2,45,-43
114000048,56,13,43
114000049,794,726,68
114000050,803,976,-173
114000051,1363,974,389
114000052,2331,1016,1315
114000053,49,343,-294
114000054,94,374,-280
114000055,103,13,90
114000056,251,761,-510
114000057,2448,1184,1264
114000058,176,825,-649
114000059,57,184,-127
114000060,250,488,-238
114000061,1325,1806,-481
114000062,765,1025,-260
114000063,1071,785,286
114000064,1989,1916,73
114000065,836,1173,-337
114000066,267,282,-15
114000067,20,457,-437
114000068,293,343,-50
114000069,497,199,298
114000070,1323,1106,217
114000071,378,209,169
114000072,238,87,151
114000073,6,28,-22
114000074,28,10,18
114000075,16,26,-10
114000076,13,29,-16
114000077,7,9,-2
114000078,176,138,38
114000079,134,21,113
114000080,34,37,-3
114000081,54,45,9
114000082,20,149,-129
114000083,32,70,-38
114000084,214,36,178
114000085,55,191,-136
114000086,123,110,13
114000087,93,54,39
114000088,19,12,7
114000089,191,128,63
114000090,526,504,22
114000091,747,456,291
114000092,386,263,123
114000093,745,342,403
114000094,261,201,60
114000095,132,141,-9
114000096,45,171,-126
114000097,79,214,-135
114000098,380,46,334
114000099,429,149,280
114000100,1059,239,820
114000101,313,207,106
114000102,418,197,221
114000103,84,146,-62
114000104,9,89,-80
114000105,77,25,52
114000106,316,634,-318
114000107,259,60,199
114000108,579,525,54
114000109,425,763,-338
114000110,358,638,-280
114000111,1286,570,716
114000112,359,832,-473
114000113,887,333,554
114000114,634,591,43
114000115,1289,714,575
114000116,590,1489,-899
114000117,2312,373,1939
114000118,1807,308,1499
114000119,1361,340,1021
114000120,341,348,-7
114000121,287,454,-167
114000122,238,147,91
114000123,1333,206,1127
114000124,644,153,491
114000125,499,492,7
114000126,962,173,789
114000127,150,75,75
114000128,650,187,463
114000130,275,276,-1
114000131,228,64,164
114000132,262,180,82
114000133,422,529,-107
114000134,41,42,-1
114000138,38,64,-26
114000139,269,193,76
114000144,513,348,165
114000145,52,73,-21
114000146,41,77,-36
114000147,852,1401,-549
114000148,986,1056,-70
114000149,203,208,-5
114000150,226,335,-109
114000151,349,992,-643
114000152,72,15,57
114000153,275,1018,-743
114000154,363,253,110
114000155,755,1358,-603
114000156,492,372,120
114000157,143,604,-461
114000158,541,346,195
114000159,52,149,-97
114000160,36,219,-183
114000161,664,1869,-1205
114000162,688,1730,-1042
114000163,7,20,-13
114000165,395,219,176
114000166,426,240,186
114000167,1400,766,634
114000168,325,332,-7
114000169,783,911,-128
114000170,760,760,0
114000171,877,3065,-2188
114000174,114,241,-127
114000176,259,241,18
114000177,880,455,425
114000178,35,24,11
114000179,812,443,369
114000180,235,388,-153
114000181,1016,2411,-1395
114000182,999,1330,-331
114000183,456,478,-22
114000184,1229,532,697
114000185,833,411,422
114000189,700,111,589
114000190,2184,338,1846
114000191,56,92,-36
114000192,83,604,-521
114000193,311,997,-686
114000194,848,394,454
114000195,139,49,90
114000196,0,82,-82
114000197,1107,49,1058
114000198,415,215,200
114000199,1020,1201,-181
114000200,312,580,-268
114000201,69,312,-243
114000202,464,237,227
114000203,333,335,-2
114000204,118,208,-90
114000205,91,579,-488
114000206,313,660,-347
114000207,294,675,-381
114000208,274,891,-617
114000209,253,923,-670
114000210,161,484,-323
114000211,751,769,-18
114000212,425,392,33
114000213,989,259,730
114000214,56,64,-8
114000215,109,29,80
114000216,986,141,845
114000217,270,119,151
114000218,61,99,-38
114000219,946,97,849
114000220,10,297,-287
114000221,479,79,400
114000222,67,375,-308
114000223,403,111,292
114000224,38,289,-251
114000225,191,261,-70
114000226,123,161,-38
114000227,494,215,279
114000228,558,350,208
114000229,883,567,316
114000230,1056,516,540
114000231,637,731,-94
114000232,454,96,358
114000233,1494,81,1413
114000234,728,495,233
114000235,726,664,62
114000236,0,242,-242
114000237,58,408,-350
114000238,67,143,-76
114000239,100,478,-378
114000240,460,524,-64
114000241,159,443,-284
114000242,453,391,62
114000243,1008,499,509
114000244,277,189,88
114000245,227,500,-273
114000246,77,29,48
114000247,389,285,104
114000248,786,293,493
114000249,329,243,86
114000250,477,334,143
114000251,273,147,126
114000252,45,20,25
114000253,19,23,-4
114000254,25,37,-12
114000255,267,102,165
114000256,460,1412,-952
114000257,172,474,-302
114000258,199,124,75
114000259,33,107,-74
114000260,0,13,-13
114000261,41,30,11
114000262,112,58,54
114000263,4,2,2
114000264,607,188,419
114000265,0,1,-1
114000267,2,836,-834
114000268,1,556,-555
114000270,98,8,90
114000271,210,24,186
114000283,794,195,599
114000285,15,82,-67
114000288,79,124,-45
114000289,724,54,670
114000293,136,262,-126
114000294,122,135,-13
114000395,746,14,732
114000396,444,415,29
114000402,382,159,223
114000403,185,128,57
114000405,107,141,-34
114000423,253,144,109
114000424,256,51,205
114000425,589,96,493
114000426,194,496,-302
114000427,26,33,-7
114000428,122,96,26
114000429,6,71,-65
114000432,70,34,36
114000434,23,29,-6
114000435,0,42,-42
114900001,405,338,67
114900002,249,53,196
114900003,436,511,-75
114900004,166,268,-102
114900005,457,292,165
114900006,68,39,29
114900007,179,21,158
114900008,131,60,71
114900010,780,952,-172
114900011,173,65,108
114900013,170,73,97
114900015,56,314,-258
114900018,572,25,547
114900020,103,45,58
114900022,9,290,-281
114900024,152,80,72
114900025,269,71,198
114900026,48,84,-36
114900027,103,96,7
114900029,13,9,4
114900030,172,99,73
114900031,259,12,247
114900032,252,5,247
114900033,307,573,-266
114900034,21,86,-65
114900035,65,140,-75
114900036,107,225,-118
114900037,87,76,11
114900038,71,194,-123
114900039,247,127,120
114900040,20,28,-8
114900041,541,152,389
114900042,719,193,526
114900043,278,132,146
114900044,80,21,59
114900046,26,50,-24
114900047,153,1358,-1205
114900048,69,133,-64
114900049,11,58,-47
114900050,25,141,-116
114900051,14,173,-159
114900052,14,98,-84
114900053,41,176,-135
114900054,37,45,-8
114900057,158,3,155
114900058,0,32,-32
114900059,68,40,28
114900060,369,584,-215
114900061,59,46,13
114900062,97,160,-63
114900063,51,58,-7
114900064,1055,149,906
114900065,330,338,-8
114900067,26,220,-194
114900068,26,66,-40
114900069,110,34,76
114900070,360,160,200
114900072,0,171,-171
114900073,0,50,-50
114900074,426,197,229
114900075,233,4,229
114900076,6,126,-120
114900080,721,180,541
114900082,1559,1524,35
114900083,546,627,-81
114900090,237,136,101
114900091,66,108,-42
114900095,129,58,71
114900096,179,258,-79
114900097,101,2,99
114900098,2,89,-87
114900099,137,5,132
115000001,2678,1588,1090
115000002,2849,3072,-223
115000003,2603,1303,1300
115000004,2847,3800,-953
115000005,972,1152,-180
115000006,796,837,-41
115000007,192,120,72
115000008,210,327,-117
115000009,150,120,30
115000010,214,125,89
115000013,39,130,-91
115000015,31,180,-149
115000016,17,120,-103
115000019,23,308,-285
115000020,64,628,-564
115000021,140,253,-113
115000022,379,257,122
115000023,229,489,-260
115000024,642,293,349
115000025,609,544,65
115000026,98,199,-101
115000027,170,215,-45
115000028,126,485,-359
115000029,382,85,297
115000030,506,712,-206
115000031,887,166,721
115000032,4,175,-171
115000033,94,34,60
115000034,41,731,-690
115000035,741,41,700
115000036,0,165,-165
115000037,384,6,378
115000038,36,124,-88
115000039,2005,2106,-101
115000040,2329,1636,693
115000041,908,2134,-1226
115000042,298,373,-75
115000043,2647,1597,1050
115000044,2296,1797,499
115000045,1548,752,796
115000046,1785,1350,435
115000047,1606,778,828
115000048,1071,1114,-43
115000049,1038,1582,-544
115000050,2280,973,1307
115000051,1085,2063,-978
115000052,1044,884,160
115000053,1307,1233,74
115000054,344,539,-195
115000055,150,526,-376
115000056,171,392,-221
115000057,471,648,-177
115000058,402,213,189
115000059,187,102,85
115000061,69,92,-23
115000062,154,141,13
115000063,273,123,150
115000064,219,49,170
115000065,31,342,-311
115000067,129,10,119
115000069,49,166,-117
115000070,23,498,-475
115000071,67,6,61
115000072,8,39,-31
115000073,875,61,814
115000075,87,38,49
115000076,1570,1272,298
115000077,1205,878,327
115000078,838,551,287
115000079,677,717,-40
115000080,1406,907,499
115000081,270,425,-155
115000082,2684,2228,456
115000083,1244,839,405
115000084,1668,598,1070
115000085,474,404,70
115000086,815,325,490
115000087,248,826,-578
115000088,1146,366,780
115000089,804,662,142
115000090,408,559,-151
115000091,138,399,-261
115000092,466,239,227
115000093,390,2,388
115000094,3109,3893,-784
115000095,2176,3757,-1581
115000096,521,543,-22
115000097,756,490,266
115000098,790,357,433
115000099,1772,1305,467
115000100,794,191,603
115000101,267,688,-421
115000102,346,139,207
115000103,162,305,-143
115000105,41,56,-15
115000106,449,171,278
115000107,129,199,-70
115000108,1448,1261,187
115000109,2144,2991,-847
115000110,835,1054,-219
115000111,397,772,-375
115000112,402,418,-16
115000113,360,399,-39
115000114,893,310,583
115000116,2016,1420,596
115000117,1707,1546,161
115000118,1182,1111,71
115000119,985,1234,-249
115000120,368,832,-464
115000121,649,464,185
115000122,1000,890,110
115000123,594,1321,-727
115000124,422,618,-196
115000125,276,423,-147
115000126,81,188,-107
115000127,243,67,176
115000128,213,548,-335
115000129,218,263,-45
115000130,262,313,-51
115000131,622,171,451
115000132,222,134,88
115000133,392,121,271
115000134,183,93,90
115000135,143,85,58
115000136,191,170,21
115000137,85,77,8
115000138,303,178,125
115000139,175,144,31
115000140,252,134,118
115000141,152,130,22
115000142,96,129,-33
115000143,628,414,214
115000144,355,52,303
115000145,156,168,-12
115000146,349,182,167
115000147,190,222,-32
115000148,136,381,-245
115000149,439,139,300
115000150,346,304,42
115000151,777,265,512
115000152,398,339,59
115000153,616,262,354
115000154,635,152,483
115000155,409,454,-45
115000156,637,434,203
115000157,277,465,-188
115000158,263,305,-42
115000159,343,398,-55
115000160,289,246,43
115000161,134,290,-156
115000162,457,497,-40
115000163,361,473,-112
115000164,521,449,72
115000165,202,352,-150
115000167,108,31,77
115000168,251,197,54
115000169,291,299,-8
115000170,81,118,-37
115000171,167,205,-38
115000172,532,412,120
115000173,162,355,-193
115000174,57,238,-181
115000175,71,28,43
115000176,46,45,1
115000177,20,36,-16
115000178,9,92,-83
115000179,24,19,5
115000180,75,281,-206
115000181,429,69,360
115000182,704,145,559
115000183,298,349,-51
115000186,460,163,297
115000187,141,389,-248
115000188,251,302,-51
115000189,123,291,-168
115000190,412,263,149
115000191,73,374,-301
115000194,87,84,3
115000195,138,160,-22
115000196,108,56,52
115000197,125,85,40
115000198,267,48,219
115000199,259,86,173
115000200,239,76,163
115000201,86,147,-61
115000206,278,31,247
115000207,133,132,1
115000208,183,312,-129
115000209,388,160,228
115000210,96,63,33
115000211,131,152,-21
115000212,824,198,626
115000224,276,44,232
115000225,46,69,-23
115000229,69,82,-13
115000230,71,154,-83
115000231,144,604,-460
115000232,1258,171,1087
115000233,75,67,8
115000234,20,179,-159
115000241,38,95,-57
115000242,71,118,-47
115000243,37,81,-44
115000244,7,57,-50
115000246,68,7,61
115000247,25,12,13
115000248,28,12,16
115000249,12,8,4
115000250,205,30,175
115000251,137,47,90
115000252,46,82,-36
115000253,8,241,-233
115000258,224,64,160
115000259,168,80,88
115000261,22,2,20
115000262,12,22,-10
115000263,9,23,-14
115000264,38,22,16
115000267,55,51,4
115000268,23,88,-65
115000269,79,51,28
115000270,7,7,0
115000272,37,73,-36
115000273,314,23,291
115000280,993,166,827
115000281,186,544,-358
115000282,405,478,-73
115000284,179,99,80
115000296,732,7,725
115000297,101,137,-36
115000298,35,328,-293
115000300,148,78,70
115000302,424,41,383
115000303,382,42,340
115000304,493,28,465
115000305,61,224,-163
115000306,119,114,5
115000307,50,101,-51
115000308,14,7,7
115000309,9,42,-33
115000310,796,299,497
115000311,747,584,163
115000313,48,215,-167
115000314,354,73,281
115000315,491,474,17
115000316,53,104,-51
115000317,106,214,-108
115000318,485,218,267
115000319,49,171,-122
115000320,25,194,-169
115000321,195,3,192
115000322,55,78,-23
115000449,125,101,24
115000557,0,755,-755
115000558,289,43,246
115000587,378,134,244
115000588,1259,1365,-106
115000589,2312,1519,793
115000590,696,617,79
115000591,776,410,366
115000592,282,1098,-816
115000593,860,358,502
115000594,388,1755,-1367
115000609,149,139,10
115000617,468,1840,-1372
115000624,193,30,163
115000633,257,945,-688
115000634,1785,472,1313
115000635,393,66,327
115000638,244,314,-70
115000641,32,81,-49
115000642,160,144,16
115000643,104,222,-118
115000644,55,185,-130
115000646,547,1083,-536
115000647,144,253,-109
115000648,1342,763,579
115000893,1402,931,471
115000894,69,637,-568
115000895,225,486,-261
115000896,746,304,442
115000897,324,75,249
115000898,337,169,168
115000899,189,674,-485
115000900,29,230,-201
115000901,42,87,-45
115000912,239,55,184
115000913,1,6,-5
115000915,8,0,8
115000916,2,0,2
115000917,0,3,-3
115000918,18,247,-229
115000919,4,5,-1
115000920,16,39,-23
115000921,176,46,130
115000922,485,575,-90
115000923,174,927,-753
115000925,115,82,33
115000927,45,47,-2
115000933,104,207,-103
115000934,193,93,100
115000935,86,30,56
115000936,4,457,-453
115000937,344,91,253
115000938,60,134,-74
115000939,79,108,-29
115000940,8,18,-10
115000941,1,18,-17
115000942,8,84,-76
115000943,11,29,-18
115000944,2,2,0
115900001,70,16,54
115900002,60,38,22
115900003,128,23,105
115900004,0,21,-21
115900005,143,7,136
115900006,72,108,-36
115900008,45,6,39
115900009,55,67,-12
115900010,235,63,172
115900011,208,110,98
115900012,119,25,94
115900013,191,103,88
115900014,75,62,13
115900015,79,29,50
115900016,93,27,66
115900017,8,8,0
115900018,115,28,87
115900019,76,13,63
115900020,75,0,75
115900021,465,167,298
115900022,409,9,400
115900023,23,5,18
115900025,11,144,-133
115900026,417,89,328
115900027,1,90,-89
115900028,286,37,249
115900029,7,133,-126
115900030,36,24,12
115900031,141,166,-25
115900032,293,338,-45
115900033,1,21,-20
115900034,12,122,-110
115900035,37,11,26
115900036,22,577,-555
115900037,24,111,-87
115900038,34,10,24
115900039,112,61,51
115900041,193,406,-213
115900042,34,2,32
115900043,52,34,18
115900044,102,150,-48
115900046,197,104,93
115900047,100,115,-15
115900049,83,82,1
115900051,1,12,-11
115900052,5,89,-84
115900053,180,87,93
115900054,211,20,191
115900055,22,73,-51
115900056,106,82,24
115900057,5,7,-2
115900058,26,44,-18
115900060,37,32,5
115900061,175,2,173
115900062,34,77,-43
115900063,63,2,61
115900064,99,119,-20
115900065,74,29,45
115900066,80,37,43
115900067,1,201,-200
115900068,1410,658,752
115900069,19,79,-60
115900070,126,52,74
115900071,2,138,-136
115900072,21,51,-30
115900073,45,56,-11
115900074,2,127,-125
115900075,15,79,-64
115900076,3,16,-13
115900077,4,109,-105
115900078,13,72,-59
115900079,160,9,151
115900080,179,81,98
115900081,3,40,-37
115900082,63,76,-13
115900084,328,6,322
115900085,26,23,3
115900086,699,266,433
115900088,2,30,-28
115900089,233,348,-115
115900090,300,8,292
115900091,3,12,-9
115900092,43,62,-19
115900093,10,2,8
115900094,2,110,-108
115900096,2,6,-4
115900097,3,132,-129
115900098,128,161,-33
115900099,21,16,5
115900100,13,173,-160
115900101,136,83,53
115900102,46,18,28
115900103,185,63,122
115900104,46,34,12
115900105,166,172,-6
115900106,54,12,42
115900107,46,45,1
115900108,110,13,97
115900109,26,142,-116
115900110,1,10,-9
115900111,0,67,-67
115900112,35,336,-301
115900113,42,13,29
115900114,2,75,-73
115900115,31,110,-79
115900116,47,297,-250
115900117,43,6,37
115900118,4,109,-105
115900119,92,60,32
115900120,17,117,-100
115900121,119,64,55
115900124,149,445,-296
115900125,210,26,184
115900126,456,32,424
115900127,509,21,488
115900128,16,29,-13
115900129,410,47,363
115900130,20,138,-118
115900131,181,13,168
115900132,492,6,486
115900134,181,11,170
115900135,231,713,-482
115900137,22,1,21
115900139,21,67,-46
115900140,175,22,153
115900141,3,42,-39
115900142,5,25,-20
115900143,206,124,82
115900144,96,93,3
115900146,8,32,-24
115900147,153,174,-21
115900148,32,2,30
115900149,91,12,79
115900150,52,10,42
115900151,16,72,-56
115900152,79,153,-74
115900153,102,80,22
115900154,257,233,24
115900155,0,18,-18
115900156,440,488,-48
115900157,98,269,-171
115900158,3,4,-1
115900159,88,121,-33
115900160,6,7,-1
115900161,18,72,-54
115900163,121,63,58
115900164,383,8,375
115900166,83,48,35
115900168,87,57,30
115900171,51,188,-137
115900172,39,84,-45
115900173,139,64,75
115900174,152,160,-8
115900175,90,91,-1
115900178,2,231,-229
115900179,216,8,208
115900180,15,51,-36
115900181,124,79,45
115900182,308,60,248
115900183,26,37,-11
115900184,565,13,552
115900187,7,103,-96
115900189,1,148,-147
115900190,142,801,-659
115900191,18,93,-75
115900192,9,104,-95
115900193,65,65,0
115900194,449,34,415
115900195,274,1315,-1041
115900198,131,191,-60
115900199,164,87,77
115900200,92,138,-46
115900201,251,251,0
115900202,0,48,-48
115900203,5,8,-3
115900204,1,7,-6
115900205,43,13,30
115900206,168,83,85
115900207,54,6,48
115900208,56,52,4
115900209,8,72,-64
115900210,2,92,-90
115900211,3,61,-58
115900212,86,89,-3
115900213,50,89,-39
115900214,446,113,333
115900215,23,75,-52
115900216,2,58,-56
115900217,3,44,-41
115900218,3,10,-7
115900219,115,3,112
115900220,171,5,166
115900221,45,11,34
115900222,57,23,34
115900223,3,305,-302
115900224,335,781,-446
115900225,56,21,35
115900226,17,36,-19
115900227,8,40,-32
115900228,4,28,-24
115900229,15,21,-6
115900230,9,76,-67
115900231,78,0,78
115900232,36,2,34
115900233,41,8,33
115900234,39,18,21
115900235,24,27,-3
115900236,9,15,-6
115900237,14,12,2
115900238,21,5,16
115900239,9,11,-2
115900240,6,27,-21
115900241,113,56,57
115900242,145,193,-48
115900243,11,5,6
115900244,7,10,-3
115900245,49,9,40
115900246,2,5,-3
115900247,22,12,10
115900248,9,2,7
115900249,9,3,6
115900250,9,9,0
115900251,2,7,-5
115900252,0,2,-2
115900253,4,10,-6
115900254,4,21,-17
115900255,1,10,-9
115900256,6,11,-5
115900257,4,3,1
115900258,0,0,0
115900259,1,0,1
115900260,4,0,4
115900261,4,0,4
115900262,3,1,2
115900263,8,0,8
115900264,7,3,4
115900265,2,4,-2
115900266,4,10,-6
115900267,4,11,-7
115900268,0,6,-6
115900269,343,138,205
115900270,254,83,171
115900271,90,0,90
115900272,15,2,13
115900273,5,14,-9
115900274,0,2,-2
115900275,0,5,-5
115900276,1,12,-11
115900277,0,29,-29
115900278,29,59,-30
115900279,6,119,-113
115900280,13,291,-278
115900281,153,219,-66
115900282,7,12,-5
115900283,8,12,-4
115900284,14,1,13
116000001,3670,1714,1956
116000002,2730,7284,-4554
116000003,691,667,24
116000004,1518,2218,-700
116000005,833,1655,-822
116000006,1587,1510,77
116000007,1288,1408,-120
116000008,2188,1469,719
116000009,686,983,-297
116000010,1683,963,720
116000011,507,908,-401
116000012,1258,741,517
116000013,3635,2172,1463
116000014,4594,7659,-3065
116000015,91,795,-704
116000016,2350,2172,178
116000017,16,433,-417
116000018,344,124,220
116000019,613,151,462
116000020,331,312,19
116000021,366,162,204
116000022,202,175,27
116000023,694,437,257
116000024,288,407,-119
116000025,452,543,-91
116000026,958,1492,-534
116000027,417,427,-10
116000028,323,506,-183
116000029,277,387,-110
116000030,414,341,73
116000031,108,183,-75
116000032,220,84,136
116000033,222,275,-53
116000034,446,498,-52
116000035,207,362,-155
116000036,721,1001,-280
116000037,350,298,52
116000038,132,432,-300
116000039,264,390,-126
116000040,287,305,-18
116000041,86,289,-203
116000042,449,182,267
116000043,65,375,-310
116000044,9,33,-24
116000045,953,790,163
116000046,624,919,-295
116000047,1039,1275,-236
116000048,1049,972,77
116000049,737,1794,-1057
116000050,834,780,54
116000051,4049,1499,2550
116000052,3977,2733,1244
116000053,1221,510,711
116000054,508,1302,-794
116000055,455,428,27
116000056,534,474,60
116000057,1283,705,578
116000058,1464,1234,230
116000059,1444,2125,-681
116000060,1086,708,378
116000061,459,564,-105
116000062,309,121,188
116000063,356,723,-367
116000066,119,337,-218
116000067,110,189,-79
116000068,132,177,-45
116000069,115,179,-64
116000078,339,633,-294
116000080,1138,492,646
116000082,3,13,-10
116000083,1206,269,937
116000084,1024,1617,-593
116000085,1341,1120,221
116000086,967,584,383
116000087,1648,1101,547
116000088,509,529,-20
116000089,132,43,89
116000090,77,91,-14
116000091,132,240,-108
116000093,475,215,260
116000094,460,275,185
116000095,594,228,366
116000096,443,811,-368
116000097,588,309,279
116000098,50,3588,-3538
116000099,2262,133,2129
116000100,179,12,167
116000101,543,235,308
116000102,160,413,-253
116000103,290,179,111
116000104,160,469,-309
116000105,841,99,742
116000106,237,276,-39
116000107,1222,157,1065
116000108,68,65,3
116000111,90,26,64
116000113,84,75,9
116000114,29,66,-37
116000115,223,55,168
116000116,172,168,4
116000117,855,1109,-254
116000118,1074,604,470
116000119,2415,1188,1227
116000120,1910,1707,203
116000121,621,397,224
116000122,611,662,-51
116000123,669,238,431
116000124,291,390,-99
116000125,1828,521,1307
116000126,167,635,-468
116000127,605,650,-45
116000128,1191,648,543
116000129,934,149,785
116000130,455,325,130
116000133,782,477,305
116000134,1112,851,261
116000135,1549,864,685
116000136,518,889,-371
116000137,758,360,398
116000138,510,434,76
116000139,970,1272,-302
116000140,95,102,-7
116000141,200,280,-80
116000142,1786,1312,474
116000143,1276,939,337
116000144,935,972,-37
116000145,1330,611,719
116000146,463,80,383
116000147,117,81,36
116000148,407,423,-16
116000149,394,308,86
116000151,341,273,68
116000153,54,198,-144
116000155,66,145,-79
116000156,205,459,-254
116000157,71,5,66
116000158,245,212,33
116000159,10,7,3
116000160,9,13,-4
116000161,2,27,-25
116000162,38,62,-24
116000163,29,18,11
116000164,3,13,-10
116000177,57,59,-2
116000194,57,228,-171
116000195,808,313,495
116000196,5,2,3
116000197,7,7,0
116000198,1238,514,724
116000200,325,282,43
116000201,317,365,-48
116000202,7,115,-108
116000203,0,54,-54
116000204,11,42,-31
116000205,0,72,-72
116000206,3,78,-75
116000207,9,36,-27
116000233,123,197,-74
116000287,112,208,-96
116000288,225,148,77
116000292,38,38,0
116000296,10,96,-86
116000297,68,7,61
116000304,78,15,63
116000305,9,32,-23
116000346,73,45,28
116000352,77,16,61
116000354,28,5,23
116000357,7,16,-9
116000358,246,55,191
116000361,84,3,81
116000372,2116,2943,-827
116000381,67,0,67
116000388,1,18,-17
116000389,477,296,181
116000445,304,206,98
116000446,350,210,140
116000447,17,366,-349
116000448,368,88,280
116000563,494,510,-16
116000565,26,168,-142
116000568,20,260,-240
116000579,16,66,-50
116000584,14,0,14
116000585,15,13,2
116000586,48,30,18
116000587,256,311,-55
116000589,38,32,6
116000590,56,24,32
116000591,181,119,62
116000592,5,39,-34
116000593,0,11,-11
116000594,432,159,273
116000595,350,46,304
116000596,65,3,62
116000597,290,73,217
116000598,11,77,-66
116000605,113,59,54
116000606,33,138,-105
116000607,1,22,-21
116000609,91,664,-573
116000611,92,212,-120
116000612,680,1239,-559
116000613,420,209,211
116000614,221,270,-49
116000615,0,241,-241
116000616,33,49,-16
116000617,83,12,71
116000618,2,26,-24
116000619,14,43,-29
116000620,116,80,36
116000621,51,56,-5
116000622,44,78,-34
116000624,146,45,101
116000627,54,21,33
116000628,31,192,-161
116000629,12,116,-104
116000630,341,19,322
116000631,153,18,135
116000632,604,36,568
116000633,82,77,5
116000634,289,56,233
116000635,1355,1553,-198
116000636,394,837,-443
116000637,330,25,305
116000638,140,126,14
116000640,6,7,-1
116000641,30,52,-22
116000644,16,200,-184
116900001,127,96,31
116900002,129,1,128
116900003,24,14,10
116900004,35,30,5
116900005,164,25,139
116900006,50,97,-47
116900007,73,108,-35
116900008,305,96,209
116900009,5,2,3
116900010,1,355,-354
116900011,3,8,-5
116900012,105,114,-9
116900013,2,51,-49
116900014,109,59,50
116900015,364,31,333
116900016,134,3,131
116900017,0,154,-154
116900018,51,23,28
116900019,2,123,-121
116900020,330,660,-330
116900023,46,10,36
116900024,393,28,365
116900025,720,286,434
116900026,69,207,-138
116900027,16,19,-3
116900028,4,37,-33
116900029,1,33,-32
116900031,2,2,0
116900032,1,113,-112
116900033,5,1,4
116900034,2,26,-24
116900035,83,58,25
116900036,1,62,-61
116900038,6,1,5
116900041,17,3,14
116900042,215,116,99
116900043,8,18,-10
116900047,6,99,-93
116900049,15,79,-64
116900050,62,195,-133
116900051,105,48,57
116900052,81,32,49
116900055,0,3,-3
116900057,9,57,-48
116900058,11,170,-159
116900059,0,66,-66
116900060,93,102,-9
116900062,0,11,-11
116900064,45,180,-135
116900065,11,58,-47
116900067,75,36,39
116900068,89,68,21
116900070,2,2,0
116900072,24,144,-120
116900073,8,39,-31
116900074,2,33,-31
116900076,7,9,-2
116900077,5,31,-26
116900078,138,30,108
116900079,23,65,-42
116900080,3,16,-13
116900081,194,478,-284
116900082,362,440,-78
116900083,18,5,13
116900084,69,23,46
116900085,31,86,-55
116900086,38,64,-26
116900088,182,72,110
116900090,57,20,37
116900091,195,17,178
116900092,60,330,-270
116900093,1207,1084,123
116900094,1695,2352,-657
116900095,157,70,87
116900096,24,178,-154
116900097,1066,1783,-717
116900098,491,211,280
116900099,272,351,-79
116900100,587,26,561
116900101,162,240,-78
116900103,5,0,5
116900104,29,72,-43
116900105,186,97,89
116900106,1370,100,1270
116900107,1136,1311,-175
116900110,13,2,11
116900111,358,193,165
116900112,149,289,-140
116900113,571,1030,-459
116900116,52,458,-406
116900117,78,46,32
116900118,370,521,-151
116900120,263,34,229
116900121,71,9,62
116900122,521,218,303
116900123,172,274,-102
116900124,119,437,-318
116900125,241,72,169
116900126,45,349,-304
116900128,0,16,-16
116900129,0,85,-85
116900130,316,1823,-1507
116900131,26,175,-149
116900132,23,49,-26
116900133,78,70,8
116900134,148,105,43
116900136,104,82,22
116900137,152,65,87
116900138,90,92,-2
116900139,86,230,-144
116900140,108,67,41
116900141,366,241,125
116900142,1,45,-44
116900143,152,150,2
116900144,15,40,-25
116900145,72,101,-29
116900147,211,551,-340
116900148,0,24,-24
116900149,36,172,-136
116900150,9,6,3
116900151,18,11,7
116900153,88,53,35
116900154,163,277,-114
116900155,34,27,7
116900157,308,68,240
116900158,70,157,-87
116900159,22,198,-176
116900160,475,541,-66
116900161,1947,3682,-1735
116900162,10,36,-26
116900163,117,35,82
116900164,42,41,1
116900165,162,191,-29
116900166,34,33,1
116900167,250,20,230
116900168,250,46,204
116900169,227,486,-259
116900170,178,425,-247
116900171,38,46,-8
116900172,69,249,-180
116900173,133,17,116
116900174,40,58,-18
116900175,172,185,-13
116900178,22,49,-27
116900179,40,244,-204
116900180,56,15,41
116900182,353,102,251
116900183,83,47,36
116900185,21,37,-16
116900186,94,75,19
116900187,28,36,-8
116900188,78,28,50
116900189,47,2,45
116900191,292,285,7
116900192,178,54,124
116900194,104,1129,-1025
116900195,26,32,-6
116900196,3,54,-51
116900197,64,3,61
116900198,60,132,-72
116900200,57,7,50
116900201,68,3,65
116900202,48,12,36
116900203,104,5,99
116900204,24,70,-46
116900206,1,4,-3
116900207,20,17,3
116900208,21,27,-6
116900209,12,46,-34
116900210,387,201,186
116900211,177,3,174
116900212,32,16,16
116900213,111,45,66
116900214,123,61,62
116900215,35,33,2
116900216,196,97,99
116900218,4,90,-86
116900219,812,163,649
116900220,81,139,-58
116900221,86,157,-71
116900222,263,199,64
116900223,79,158,-79
116900226,50,18,32
116900227,114,32,82
116900228,160,66,94
116900230,43,121,-78
116900231,44,143,-99
116900232,10,165,-155
116900233,217,62,155
116900234,13,2,11
116900235,106,116,-10
116900238,878,148,730
116900239,2,700,-698
116900240,2004,1417,587
116900241,52,34,18
116900242,307,349,-42
116900243,1,10,-9
116900245,11,24,-13
116900246,54,10,44
116900247,515,17,498
116900248,41,24,17
116900249,282,49,233
116900250,232,15,217
116900251,211,329,-118
116900252,95,301,-206
116900253,85,26,59
116900254,21,40,-19
116900255,46,39,7
116900256,176,72,104
116900257,14,169,-155
116900258,1,80,-79
116900259,197,7,190
116900260,5,40,-35
116900261,59,2,57
116900262,78,76,2
116900263,0,5,-5
116900264,71,41,30
116900265,28,0,28
116900266,16,11,5
116900267,3,0,3
116900268,11,21,-10
116900269,176,336,-160
116900271,347,179,168
116900272,174,170,4
116900273,81,85,-4
116900274,102,30,72
116900275,73,36,37
116900276,226,106,120
116900277,233,19,214
116900278,3,3,0
116900279,0,5,-5
116900280,23,4,19
116900281,1848,2751,-903
116900282,0,19,-19
116900283,10,21,-11
116900284,1,85,-84
116900285,77,125,-48
116900286,81,13,68
116900287,1,8,-7
116900288,66,64,2
116900289,16,8,8
116900290,3,4,-1
116900291,22,9,13
116900292,0,8,-8
116900293,57,12,45
116900294,16,54,-38
116900295,61,74,-13
116900296,23,74,-51
116900297,5,76,-71
116900298,43,61,-18
116900299,17,49,-32
116900300,9,70,-61
116900301,24,90,-66
116900302,11,48,-37
116900303,61,47,14
116900304,0,107,-107
116900305,9,30,-21
116900306,162,20,142
116900307,34,1,33
116900308,0,68,-68
116900309,49,59,-10
117000001,1374,982,392
117000002,1179,2240,-1061
117000003,3955,1972,1983
117000004,1848,2668,-820
117000005,1667,1259,408
117000006,804,1659,-855
117000007,2853,708,2145
117000008,566,1745,-1179
117000009,3125,1172,1953
117000010,1481,1893,-412
117000011,1506,1017,489
117000012,780,653,127
117000013,1359,527,832
117000014,807,1454,-647
117000015,1576,827,749
117000016,164,135,29
117000017,98,121,-23
117000018,88,417,-329
117000019,66,34,32
117000020,220,942,-722
117000021,739,519,220
117000022,216,151,65
117000023,81,261,-180
117000024,181,169,12
117000025,197,860,-663
117000026,1177,1183,-6
117000027,666,2122,-1456
117000028,733,1208,-475
117000030,198,222,-24
117000031,215,221,-6
117000032,891,757,134
117000033,825,471,354
117000034,220,209,11
117000035,219,251,-32
117000036,298,213,85
117000037,201,112,89
117000038,104,345,-241
117000039,280,132,148
117000040,169,484,-315
117000041,809,116,693
117000044,6,328,-322
117000045,375,44,331
117000046,240,491,-251
117000047,640,383,257
117000048,955,427,528
117000049,59,309,-250
117000050,93,886,-793
117000051,1562,52,1510
117000052,29,226,-197
117000053,353,23,330
117000054,1130,7,1123
117000055,6,1213,-1207
117000056,432,12,420
117000057,269,1158,-889
117000060,249,584,-335
117000061,1213,469,744
117000062,184,377,-193
117000063,1028,610,418
117000064,376,404,-28
117000066,436,442,-6
117000067,67,424,-357
117000074,52,135,-83
117000076,20,22,-2
117000077,99,108,-9
117000078,67,369,-302
117000079,228,130,98
117000080,0,250,-250
117000081,634,62,572
117000082,7,55,-48
117000083,85,3,82
117000084,93,0,93
117000085,149,462,-313
117000086,437,202,235
117000087,43,307,-264
117000088,148,85,63
117000089,1280,153,1127
117000090,162,581,-419
117000091,670,174,496
117000092,231,587,-356
117000093,872,492,380
117000094,822,1345,-523
117000095,2592,493,2099
117000096,438,1163,-725
117000097,1142,655,487
117000098,1287,1890,-603
117000099,2545,737,1808
117000100,121,213,-92
117000101,87,442,-355
117000102,1269,465,804
117000103,412,732,-320
117000104,1002,391,611
117000105,503,620,-117
117000106,832,405,427
117000107,303,839,-536
117000108,1232,675,557
117000109,721,1192,-471
117000110,1009,786,223
117000111,2345,2442,-97
117000112,2190,873,1317
117000113,43,105,-62
117000114,104,55,49
117000115,56,48,8
117000116,87,109,-22
117000117,838,653,185
117000118,215,85,130
117000119,106,140,-34
117000120,105,378,-273
117000121,27,501,-474
117000122,201,480,-279
117000123,892,45,847
117000124,109,63,46
117000125,111,116,-5
117000126,34,13,21
117000127,99,160,-61
117000128,176,439,-263
117000129,180,725,-545
117000130,110,1,109
117000131,0,58,-58
117000132,1805,8,1797
117000133,1503,18,1485
117000134,0,66,-66
117000135,5,71,-66
117000136,0,4,-4
117000137,58,118,-60
117000138,3,362,-359
117000140,254,644,-390
117000141,1281,362,919
117000181,185,125,60
117000182,473,400,73
117000195,63,346,-283
117000196,145,112,33
117000225,101,65,36
117000226,3,101,-98
117000276,215,22,193
117000277,0,134,-134
117000310,801,1316,-515
117000315,51,469,-418
117000320,65,0,65
117000906,271,7,264
117000907,14,142,-128
117000909,33,25,8
117000910,113,115,-2
117000911,61,97,-36
117000915,1,217,-216
117000916,66,1,65
117000917,940,19,921
117000918,59,27,32
117000919,2,24,-22
117000920,3,481,-478
117000921,0,368,-368
117000922,10,44,-34
117000924,305,470,-165
117000926,366,101,265
117000927,441,586,-145
117000928,0,45,-45
117000929,153,116,37
117000930,158,4,154
117000931,90,103,-13
117900002,58,258,-200
117900003,257,219,38
117900005,16,62,-46
117900006,0,29,-29
117900007,78,41,37
117900008,0,3,-3
117900010,175,37,138
117900011,20,128,-108
117900012,64,33,31
117900013,0,67,-67
117900014,341,122,219
117900015,10,32,-22
117900016,539,438,101
117900017,346,199,147
117900018,86,124,-38
117900019,414,139,275
117900020,39,330,-291
117900021,21,39,-18
117900022,14,2,12
117900023,546,57,489
117900024,50,36,14
117900025,17,3,14
117900026,203,107,96
117900028,34,4,30
117900029,171,190,-19
117900030,351,148,203
117900031,81,86,-5
117900032,609,385,224
117900033,246,196,50
117900034,35,10,25
117900035,132,61,71
117900036,131,136,-5
117900037,134,48,86
117900038,17,96,-79
117900039,0,26,-26
117900040,61,137,-76
117900041,2,28,-26
117900042,1519,114,1405
117900043,16,21,-5
117900044,3,1958,-1955
117900045,97,60,37
117900048,263,123,140
117900049,158,199,-41
117900050,4,93,-89
117900051,9,6,3
117900052,33,223,-190
117900053,1047,217,830
117900054,0,2,-2
117900055,319,112,207
117900056,27,45,-18
117900057,560,619,-59
117900058,41,18,23
117900059,130,50,80
117900060,1616,2133,-517
117900061,13,197,-184
117900063,242,101,141
117900065,311,476,-165
117900066,2,34,-32
117900067,318,85,233
117900069,498,99,399
117900070,95,65,30
117900071,49,69,-20
117900073,322,113,209
117900074,73,66,7
117900075,41,36,5
117900076,13,21,-8
117900077,309,68,241
117900078,151,501,-350
117900080,92,16,76
117900081,243,170,73
117900082,212,224,-12
117900083,255,225,30
117900086,143,15,128
117900087,91,18,73
117900088,1649,910,739
117900089,1305,469,836
117900090,282,161,121
117900091,54,105,-51
117900092,44,16,28
117900093,54,16,38
117900094,23,11,12
117900095,212,204,8
117900096,70,102,-32
117900097,86,31,55
117900098,29,8,21
117900099,130,74,56
117900100,199,5,194
117900101,296,1004,-708
117900102,60,14,46
117900103,35,4,31
117900104,5,81,-76
117900105,62,96,-34
117900106,52,15,37
117900107,28,0,28
117900109,426,222,204
117900110,75,0,75
117900111,234,17,217
117900112,61,5,56
117900113,842,923,-81
117900114,32,0,32
117900115,103,24,79
117900116,412,402,10
117900117,358,124,234
117900118,44,0,44
117900119,118,64,54
117900120,182,24,158
117900121,38,8,30
117900122,598,1875,-1277
117900123,383,197,186
117900124,383,334,49
117900125,859,1286,-427
117900126,119,273,-154
117900127,279,162,117
117900128,198,204,-6
117900129,82,0,82
117900130,340,207,133
117900131,6,41,-35
117900132,2,41,-39
117900133,3,46,-43
117900134,26,85,-59
117900135,9,50,-41
117900136,1,17,-16
117900137,17,94,-77
117900138,0,20,-20
117900139,46,38,8
117900140,1457,187,1270
117900141,67,140,-73
117900142,62,44,18
117900144,42,293,-251
117900145,22,27,-5
117900146,94,131,-37
117900147,25,25,0
117900148,974,917,57
117900149,57,62,-5
117900150,14,20,-6
117900151,38,29,9
117900152,43,25,18
117900153,9,51,-42
117900154,257,303,-46
117900156,497,392,105
117900157,75,305,-230
117900158,183,83,100
117900160,431,523,-92
117900161,1205,888,317
117900162,278,217,61
117900163,22,152,-130
117900165,0,4,-4
117900166,73,318,-245
117900168,34,78,-44
117900169,0,30,-30
117900170,0,7,-7
117900171,1,5,-4
117900172,5,8,-3
117900173,55,56,-1
117900174,10,28,-18
117900175,9,11,-2
117900176,3,9,-6
117900177,10,16,-6
117900178,32,14,18
117900180,130,18,112
117900181,12,225,-213
117900182,3,25,-22
117900183,27,114,-87
117900184,1,25,-24
117900185,42,28,14
117900186,31,9,22
117900187,13,12,1
117900188,88,27,61
117900189,38,12,26
117900190,9,1,8
117900191,54,0,54
117900192,154,0,154
117900193,8,19,-11
117900194,13,2,11
117900195,7,20,-13
117900196,16,4,12
117900207,89,86,3
117900208,16,9,7
117900209,101,58,43
117900210,59,83,-24
117900211,4,73,-69
117900212,61,75,-14
117900213,16,8,8
117900214,7,10,-3
117900215,27,25,2
117900216,14,15,-1
117900217,25,143,-118
117900218,104,72,32
117900219,9,72,-63
117900220,56,57,-1
117900222,119,102,17
117900223,90,151,-61
118000001,417,797,-380
118000002,297,868,-571
118000003,1423,2266,-843
118000004,1591,1482,109
118000005,1894,2956,-1062
118000006,1751,4434,-2683
118000007,2995,3060,-65
118000008,1651,2209,-558
118000009,994,1490,-496
118000010,3643,2020,1623
118000011,841,859,-18
118000012,546,774,-228
118000013,1126,1040,86
118000014,1008,964,44
118000016,141,159,-18
118000017,311,216,95
118000018,198,173,25
118000019,1215,1059,156
118000020,710,1781,-1071
118000021,379,1926,-1547
118000022,912,484,428
118000023,466,164,302
118000024,592,674,-82
118000027,5391,6408,-1017
118000029,331,463,-132
118000032,351,1892,-1541
118000033,1819,3687,-1868
118000034,2757,1706,1051
118000035,1260,1740,-480
118000036,488,794,-306
118000037,462,477,-15
118000038,218,41,177
118000039,52,97,-45
118000040,896,698,198
118000041,1411,702,709
118000045,312,77,235
118000046,661,454,207
118000047,497,864,-367
118000048,1406,1293,113
118000051,583,895,-312
118000052,292,390,-98
118000053,206,263,-57
118000054,735,505,230
118000055,598,795,-197
118000056,62,253,-191
118000057,111,233,-122
118000058,1798,1102,696
118000059,962,817,145
118000060,661,263,398
118000061,701,639,62
118000062,291,223,68
118000063,208,393,-185
118000064,488,729,-241
118000065,1420,1329,91
118000066,582,1176,-594
118000067,421,407,14
118000068,942,3314,-2372
118000069,1204,648,556
118000070,2616,1037,1579
118000071,1639,4329,-2690
118000072,868,1007,-139
118000073,578,546,32
118000074,298,371,-73
118000075,300,159,141
118000076,1137,1944,-807
118000077,832,915,-83
118000078,1067,1532,-465
118000079,122,306,-184
118000080,669,588,81
118000081,1184,988,196
118000082,189,731,-542
118000083,883,1161,-278
118000084,1687,975,712
118000086,164,279,-115
118000087,2329,1472,857
118000088,964,1071,-107
118000089,1908,1507,401
118000090,725,1603,-878
118000091,526,1697,-1171
118000092,677,473,204
118000093,48,569,-521
118000096,394,402,-8
118000097,519,461,58
118000098,176,87,89
118000099,401,321,80
118000101,870,189,681
118000102,399,649,-250
118000107,636,272,364
118000108,267,1341,-1074
118000110,0,7,-7
118000111,0,94,-94
118000112,295,4,291
118000113,3,190,-187
118000114,265,6,259
118000115,8,8,0
118000116,11,0,11
118000117,489,473,16
118000118,580,839,-259
118000119,627,791,-164
118000120,970,597,373
118000121,63,464,-401
118000122,846,215,631
118000123,27,189,-162
118000125,788,490,298
118000126,390,856,-466
118000127,850,497,353
118000128,276,799,-523
118000129,606,308,298
118000130,1019,1418,-399
118000131,232,343,-111
118000132,1942,1399,543
118000133,735,311,424
118000135,387,348,39
118000136,93,306,-213
118000137,312,72,240
118000138,209,245,-36
118000139,319,51,268
118000140,1334,2831,-1497
118000141,1525,996,529
118000142,1227,796,431
118000143,1434,753,681
118000144,619,379,240
118000145,917,735,182
118000146,836,324,512
118000147,571,738,-167
118000148,287,592,-305
118000149,582,418,164
118000150,297,180,117
118000151,374,221,153
118000153,973,600,373
118000154,956,832,124
118000155,1030,808,222
118000156,879,1233,-354
118000157,269,247,22
118000158,144,261,-117
118000159,24,110,-86
118000160,367,209,158
118000161,343,346,-3
118000162,906,573,333
118000163,558,444,114
118000164,1047,800,247
118000168,372,353,19
118000169,559,494,65
118000170,1881,1965,-84
118000171,229,242,-13
118000172,56,147,-91
118000173,625,636,-11
118000175,166,219,-53
118000176,149,282,-133
118000177,136,330,-194
118000178,35,23,12
118000179,534,689,-155
118000180,458,428,30
118000181,452,183,269
118000182,180,119,61
118000183,137,174,-37
118000184,655,403,252
118000185,478,712,-234
118000186,509,566,-57
118000187,855,299,556
118000188,293,53,240
118000189,411,212,199
118000190,3,9,-6
118000191,13,10,3
118000192,43,130,-87
118000193,34,172,-138
118000194,685,525,160
118000195,229,792,-563
118000196,145,143,2
118000197,73,117,-44
118000198,221,471,-250
118000199,271,213,58
118000200,40,154,-114
118000201,221,423,-202
118000202,36,41,-5
118000203,359,422,-63
118000204,85,294,-209
118000205,73,207,-134
118000206,153,94,59
118000207,0,25,-25
118000208,856,817,39
118000209,1350,742,608
118000210,37,19,18
118000211,8,17,-9
118000213,226,1234,-1008
118000214,243,384,-141
118000215,224,99,125
118000216,1464,701,763
118000217,19,54,-35
118000218,38,47,-9
118000219,246,110,136
118000220,4,19,-15
118000221,138,174,-36
118000222,32,2,30
118000223,17,29,-12
118000224,77,37,40
118000225,76,273,-197
118000226,470,120,350
118000227,331,201,130
118000228,50,188,-138
118000229,56,97,-41
118000230,62,90,-28
118000231,45,95,-50
118000232,538,312,226
118000233,712,336,376
118000234,311,58,253
118000236,168,144,24
118000237,57,100,-43
118000238,98,46,52
118000239,150,144,6
118000240,117,47,70
118000241,132,58,74
118000242,210,191,19
118000243,114,70,44
118000244,31,29,2
118000246,3,19,-16
118000255,62,152,-90
118000256,134,110,24
118000259,7,31,-24
118000260,90,34,56
118000261,24,15,9
118000263,67,56,11
118000266,63,93,-30
118000267,0,74,-74
118000268,206,19,187
118000270,48,8,40
118000271,124,112,12
118000272,55,21,34
118000273,86,25,61
118000274,45,119,-74
118000276,282,140,142
118000295,8,63,-55
118000298,64,113,-49
118000299,65,54,11
118000301,0,22,-22
118000302,65,19,46
118000311,372,37,335
118000312,131,84,47
118000313,28,45,-17
118000314,82,20,62
118000315,11,15,-4
118000316,405,272,133
118000325,21,15,6
118000326,12,17,-5
118000331,13,13,0
118000332,4,3,1
118000333,9,28,-19
118000335,244,0,244
118000336,0,67,-67
118000407,84,22,62
118000457,3,41,-38
118000465,939,1870,-931
118000480,20,26,-6
118000489,14,254,-240
118000490,20,124,-104
118000492,151,117,34
118000510,35,23,12
118000514,72,185,-113
118000515,357,368,-11
118000517,191,105,86
118000524,128,207,-79
118000525,363,406,-43
118000530,23,47,-24
118000531,178,128,50
118000532,139,136,3
118000533,214,70,144
118000534,304,231,73
118000535,189,79,110
118000536,128,565,-437
118000537,14,73,-59
118000538,12,48,-36
118000539,5,60,-55
118000540,123,78,45
118000541,78,39,39
118000542,65,86,-21
118000543,111,111,0
118000546,34,7,27
118000553,0,2,-2
118000560,698,1074,-376
118000562,24,62,-38
118000563,759,611,148
118000576,105,77,28
118000577,103,101,2
118000578,134,72,62
118000579,279,607,-328
118000583,0,0,0
118000595,129,75,54
118000596,0,41,-41
118000597,84,58,26
118000598,1,0,1
118000599,72,22,50
118000600,1,1,0
118000601,0,0,0
118000602,0,5,-5
118000603,0,11,-11
118000605,47,76,-29
118900001,231,719,-488
118900002,397,437,-40
118900003,207,2,205
118900004,23,23,0
118900005,45,5,40
118900006,127,4,123
118900007,3,0,3
118900008,656,75,581
118900009,39,29,10
118900010,43,3,40
118900011,108,17,91
118900012,215,114,101
118900013,242,97,145
118900015,132,29,103
118900016,5,5,0
118900017,138,217,-79
118900018,556,29,527
118900019,10,15,-5
118900020,74,126,-52
118900021,80,174,-94
118900022,90,43,47
118900023,99,60,39
118900024,69,84,-15
118900025,26,22,4
118900026,60,36,24
118900027,244,166,78
118900028,121,65,56
118900029,136,164,-28
118900030,266,32,234
118900031,77,46,31
118900032,129,117,12
118900033,269,272,-3
118900034,110,30,80
118900035,85,73,12
118900036,626,333,293
118900037,174,202,-28
118900038,200,51,149
118900039,331,103,228
118900040,167,111,56
118900041,290,92,198
118900042,109,59,50
118900045,156,89,67
118900046,497,281,216
118900047,282,128,154
118900048,100,180,-80
118900049,25,46,-21
118900050,17,13,4
118900051,64,66,-2
118900052,157,141,16
118900053,24,82,-58
118900054,68,39,29
118900055,38,24,14
118900056,38,215,-177
118900057,426,305,121
118900058,371,180,191
118900059,16,73,-57
118900060,30,47,-17
118900062,163,71,92
118900064,166,349,-183
118900065,32,92,-60
118900066,53,45,8
118900067,1565,1985,-420
118900068,5,168,-163
118900069,238,129,109
118900071,6,35,-29
118900072,315,197,118
118900073,118,39,79
118900074,87,55,32
118900075,28,35,-7
118900076,127,81,46
118900077,89,84,5
118900078,12,3,9
118900079,31,82,-51
118900080,17,38,-21
118900081,51,23,28
118900082,473,64,409
118900083,13,3,10
118900084,6,9,-3
118900085,347,356,-9
118900086,16,50,-34
118900087,20,119,-99
118900088,0,5,-5
118900089,42,18,24
118900090,335,164,171
118900091,75,125,-50
118900092,88,22,66
118900093,59,14,45
118900096,49,86,-37
118900097,129,161,-32
118900099,38,85,-47
118900100,76,108,-32
118900101,55,129,-74
118900102,20,32,-12
118900103,8,67,-59
118900104,121,57,64
118900105,137,39,98
118900107,70,29,41
118900108,78,35,43
118900110,808,519,289
118900111,330,252,78
118900112,54,112,-58
118900113,91,167,-76
118900114,4,44,-40
118900115,75,161,-86
118900116,73,108,-35
118900117,71,115,-44
118900118,202,153,49
118900119,69,90,-21
118900120,29,145,-116
118900121,9,56,-47
118900122,13,460,-447
118900123,129,81,48
118900124,54,59,-5
118900126,13,227,-214
118900129,121,111,10
118900130,60,144,-84
118900131,100,87,13
118900132,156,158,-2
118900133,6,56,-50
118900135,98,135,-37
118900136,127,151,-24
118900137,6,29,-23
118900139,92,90,2
118900140,301,200,101
118900141,55,32,23
118900144,77,160,-83
118900145,12,38,-26
118900146,234,352,-118
118900147,144,85,59
118900148,46,20,26
118900150,108,322,-214
118900152,322,281,41
118900157,34,113,-79
118900158,63,39,24
118900159,0,57,-57
118900161,42,9,33
118900163,52,37,15
118900164,0,37,-37
118900165,37,39,-2
118900166,26,2,24
118900167,54,83,-29
118900168,9,72,-63
118900169,66,96,-30
118900170,85,25,60
118900171,20,12,8
118900174,30,24,6
118900175,243,310,-67
118900176,81,152,-71
118900177,46,13,33
118900178,28,85,-57
118900179,2,13,-11
118900181,50,34,16
118900182,36,24,12
118900183,16,79,-63
118900184,138,49,89
118900185,40,45,-5
118900186,55,64,-9
118900187,157,111,46
118900188,207,118,89
118900189,25,434,-409
118900190,10,93,-83
118900191,120,10,110
118900192,150,2,148
118900193,314,5,309
118900195,122,233,-111
118900196,12,57,-45
118900197,109,20,89
118900198,21,4,17
118900199,27,17,10
118900200,13,16,-3
118900201,8,28,-20
118900202,7,22,-15
118900203,8,0,8
118900204,5,7,-2
118900205,0,1,-1
118900206,1,8,-7
119000001,812,942,-130
119000002,2444,1653,791
119000003,1639,445,1194
119000004,1234,687,547
119000005,1012,1055,-43
119000006,1954,883,1071
119000007,2061,1841,220
119000008,1157,819,338
119000009,1977,2827,-850
119000010,3008,2561,447
119000011,1692,1752,-60
119000012,1088,1775,-687
119000013,1730,1133,597
119000014,824,1361,-537
119000019,157,78,79
119000020,1275,816,459
119000021,2859,1465,1394
119000022,819,1468,-649
119000023,198,176,22
119000024,966,7293,-6327
119000025,2476,643,1833
119000026,45,292,-247
119000027,110,246,-136
119000028,946,427,519
119000029,56,158,-102
119000030,344,491,-147
119000031,519,325,194
119000032,1014,1225,-211
119000033,1390,816,574
119000034,607,440,167
119000035,19,134,-115
119000036,1196,438,758
119000037,752,577,175
119000038,96,319,-223
119000039,294,236,58
119000040,566,420,146
119000041,384,811,-427
119000048,1661,1168,493
119000049,1389,863,526
119000050,974,992,-18
119000051,1115,546,569
119000052,827,1394,-567
119000053,1085,648,437
119000054,2064,1435,629
119000055,3101,1571,1530
119000056,1976,1141,835
119000057,1051,878,173
119000058,1168,904,264
119000059,756,805,-49
119000060,976,583,393
119000061,681,367,314
119000062,721,711,10
119000063,348,241,107
119000064,485,460,25
119000065,1162,1725,-563
119000066,1300,600,700
119000067,1253,966,287
119000068,1025,534,491
119000069,966,1004,-38
119000070,1629,446,1183
119000071,270,304,-34
119000072,2380,1419,961
119000073,2014,3869,-1855
119000074,797,1000,-203
119000075,1692,1185,507
119000076,140,571,-431
119000077,316,286,30
119000078,182,109,73
119000079,91,335,-244
119000080,359,85,274
119000081,189,228,-39
119000082,492,106,386
119000083,374,199,175
119000084,140,206,-66
119000085,313,92,221
119000086,150,239,-89
119000087,817,362,455
119000088,200,138,62
119000089,46,88,-42
119000090,87,78,9
119000091,59,188,-129
119000092,203,108,95
119000093,2206,1282,924
119000094,2424,2820,-396
119000095,1447,1304,143
119000097,1178,721,457
119000098,688,1788,-1100
119000099,1585,791,794
119000100,2516,1970,546
119000101,2119,854,1265
119000102,511,687,-176
119000103,881,294,587
119000104,1185,645,540
119000105,598,1374,-776
119000106,231,424,-193
119000107,548,308,240
119000108,273,405,-132
119000109,82,304,-222
119000110,158,256,-98
119000111,12,350,-338
119000112,83,57,26
119000113,810,135,675
119000114,575,612,-37
119000115,81,70,11
119000116,85,72,13
119000117,78,192,-114
119000118,2,0,2
119000123,2526,934,1592
119000124,473,115,358
119000125,2663,383,2280
119000126,897,378,519
119000127,362,199,163
119000128,5,2,3
119000131,653,254,399
119000132,3,1,2
119000133,0,2,-2
119000134,1009,295,714
119000135,118,85,33
119000136,149,71,78
119000137,171,117,54
119000138,340,102,238
119000139,152,83,69
119000140,229,200,29
119000284,598,1274,-676
119000285,1211,990,221
119000286,3159,2590,569
119000287,704,985,-281
119000288,1127,552,575
119000289,901,1138,-237
119000290,179,147,32
119000291,7,96,-89
119000293,66,81,-15
119000294,68,12,56
119000295,503,151,352
119000296,150,74,76
119000299,0,0,0
119000302,983,683,300
119000303,22,99,-77
119000310,0,0,0
119000314,826,6184,-5358
119000315,0,141,-141
119000316,112,43,69
119000317,44,102,-58
119900001,124,879,-755
119900002,88,144,-56
119900003,20,298,-278
119900004,156,806,-650
119900005,127,49,78
119900006,122,244,-122
119900007,738,162,576
119900008,13,26,-13
119900009,374,324,50
119900010,355,470,-115
119900011,24,68,-44
119900012,5,75,-70
119900013,1119,753,366
119900014,268,94,174
119900015,111,14,97
119900016,25,36,-11
119900017,46,26,20
119900018,1081,597,484
119900019,30,1,29
119900020,78,100,-22
119900021,110,31,79
119900022,49,550,-501
119900023,222,1340,-1118
119900025,137,9,128
119900026,345,80,265
119900027,12,8,4
119900028,129,100,29
119900029,3,2,1
119900030,329,195,134
119900031,24,324,-300
119900033,1173,148,1025
119900034,308,44,264
119900037,111,14,97
119900038,24,190,-166
119900039,11,6,5
119900040,56,11,45
119900041,90,17,73
119900042,80,72,8
119900043,64,72,-8
119900044,124,496,-372
119900046,96,18,78
119900047,177,92,85
119900048,57,14,43
119900049,116,7,109
119900050,85,75,10
119900051,657,19,638
119900052,41,16,25
119900053,131,65,66
119900054,116,2,114
119900055,935,305,630
119900057,175,21,154
119900058,180,4,176
119900059,37,21,16
119900060,192,17,175
119900061,67,1,66
119900062,57,13,44
119900063,2,40,-38
119900065,128,11,117
119900066,0,1,-1
119900067,38,10,28
119900068,405,2,403
119900069,85,7,78
119900070,559,0,559
119900071,400,13,387
119900073,742,292,450
119900074,13,27,-14
119900075,1566,1273,293
119900076,611,153,458
119900077,621,275,346
119900078,469,481,-12
119900079,204,102,102
119900080,315,164,151
119900081,278,47,231
119900082,1050,108,942
119900083,181,75,106
119900084,335,159,176
119900085,23,37,-14
119900086,274,400,-126
119900087,403,216,187
119900088,31,19,12
119900089,25,192,-167
119900090,100,14,86
119900091,14,286,-272
119900092,12,184,-172
119900093,616,117,499
119900094,25,85,-60
119900095,117,75,42
119900096,24,64,-40
119900097,262,117,145
119900098,26,23,3
119900099,24,80,-56
119900100,965,1662,-697
119900101,76,633,-557
119900102,32,91,-59
119900103,24,138,-114
119900104,32,68,-36
119900105,403,1166,-763
119900106,6,73,-67
119900107,159,1082,-923
119900108,1418,399,1019
119900109,14,73,-59
119900110,368,215,153
119900111,70,154,-84
119900112,572,297,275
119900113,44,121,-77
119900114,194,391,-197
119900115,227,409,-182
119900116,73,230,-157
119900117,191,188,3
119900118,64,377,-313
119900119,134,87,47
119900120,404,219,185
119900121,323,294,29
119900122,283,210,73
119900123,117,153,-36
119900124,149,286,-137
119900125,40,126,-86
119900126,1496,139,1357
119900127,1026,572,454
119900128,247,233,14
119900129,167,175,-8
119900130,10,88,-78
119900131,35,107,-72
119900132,1,83,-82
119900133,32,45,-13
119900134,559,119,440
119900135,0,125,-125
119900136,100,124,-24
119900138,152,317,-165
119900139,3,71,-68
119900140,2,44,-42
119900141,58,441,-383
119900142,5,24,-19
119900143,15,104,-89
119900144,709,94,615
119900145,63,76,-13
119900146,60,77,-17
119900147,4,110,-106
119900148,130,40,90
119900149,420,2611,-2191
119900150,92,82,10
119900151,734,355,379
119900152,62,94,-32
119900153,90,22,68
119900154,12,109,-97
119900155,25,18,7
119900156,21,6,15
119900157,102,74,28
119900158,112,39,73
119900159,2,526,-524
119900160,6,37,-31
119900161,117,73,44
119900162,598,667,-69
119900163,69,106,-37
119900164,1,0,1
119900165,82,56,26
119900166,36,30,6
119900167,35,38,-3
119900168,607,301,306
119900169,11,128,-117
119900170,137,167,-30
119900171,528,165,363
119900172,74,15,59
119900173,3,128,-125
119900174,3,29,-26
119900175,932,274,658
119900177,13,66,-53
119900178,6,75,-69
119900179,48,332,-284
119900180,725,473,252
119900181,38,70,-32
119900182,9,95,-86
119900183,47,337,-290
119900184,815,284,531
119900185,35,122,-87
119900186,21,575,-554
119900187,6,123,-117
119900188,68,141,-73
119900189,236,273,-37
119900190,40,186,-146
119900191,129,164,-35
119900192,29,92,-63
119900193,239,68,171
119900194,20,58,-38
119900195,13,63,-50
119900196,377,163,214
119900197,146,89,57
119900198,87,105,-18
119900199,85,13,72
119900200,317,334,-17
119900201,144,99,45
119900202,23,165,-142
119900203,98,300,-202
119900204,248,119,129
119900205,497,229,268
119900206,219,78,141
119900208,113,82,31
119900209,311,848,-537
119900210,28,20,8
119900211,30,2,28
119900212,163,118,45
119900213,6,45,-39
119900214,24,43,-19
119900215,46,32,14
119900216,5,20,-15
119900217,3,27,-24
119900218,3,30,-27
119900219,7,30,-23
119900220,6,39,-33
119900221,18,99,-81
119900222,7,68,-61
119900223,6,31,-25
119900224,4,8,-4
119900225,354,30,324
119900226,218,1183,-965
119900227,374,153,221
119900228,16,77,-61
119900229,236,239,-3
119900230,644,203,441
119900231,199,76,123
119900232,90,82,8
119900233,27,1,26
119900234,49,20,29
119900235,5,25,-20
119900236,7,69,-62
119900237,23,122,-99
119900238,2,38,-36
119900240,60,53,7
119900241,106,109,-3
119900242,418,865,-447
119900244,364,645,-281
119900245,89,90,-1
119900246,181,395,-214
119900247,14,91,-77
119900248,59,159,-100
119900249,136,60,76
119900253,788,199,589
119900254,58,469,-411
119900255,62,387,-325
119900256,441,273,168
119900257,72,3,69
119900258,100,5,95
119900259,17,44,-27
119900260,61,5,56
119900261,183,72,111
119900262,2,87,-85
119900263,706,147,559
119900264,98,75,23
119900265,233,136,97
119900266,189,83,106
119900267,133,228,-95
119900268,98,57,41
119900269,578,405,173
119900271,12,37,-25
119900272,262,144,118
119900275,111,14,97
119900276,48,2,46
119900277,8,2,6
119900278,47,58,-11
119900279,85,139,-54
119900280,313,61,252
119900281,0,162,-162
119900282,36,84,-48
119900283,7,102,-95
119900284,38,83,-45
119900285,13,50,-37
119900286,1,8,-7
119900288,3,6,-3
119900289,0,11,-11
119900290,1,6,-5
119900291,3,40,-37
119900292,53,20,33
119900293,12,14,-2
119900294,13,19,-6
119900295,18,11,7
119900296,13,38,-25
119900297,0,3,-3
119900298,1,0,1
119900299,31,50,-19
119900300,110,43,67
119900301,26,12,14
119900302,4,15,-11
119900303,140,35,105
119900304,112,9,103
119900305,1,74,-73
119900306,10,4,6
119900307,32,25,7
119900308,3,21,-18
119900309,22,106,-84
119900310,103,127,-24
119900311,87,42,45
119900312,64,21,43
119900313,181,125,56
119900314,127,236,-109
119900315,1298,804,494
119900318,16,30,-14
119900319,0,83,-83
119900320,85,194,-109
119900321,44,2,42
119900322,4,33,-29
119900323,2,46,-44
119900324,0,21,-21
119900325,78,63,15
119900326,17,31,-14
120000001,3280,11112,-7832
120000002,1721,1436,285
120000003,1672,874,798
120000004,1582,941,641
120000005,2003,1149,854
120000006,752,773,-21
120000007,1814,2082,-268
120000008,663,730,-67
120000009,1191,630,561
120000010,1183,1212,-29
120000011,660,848,-188
120000012,1137,1223,-86
120000013,2034,1390,644
120000014,421,855,-434
120000015,1540,903,637
120000016,2655,1319,1336
120000017,1957,1664,293
120000018,2047,7788,-5741
120000019,694,981,-287
120000020,1853,2222,-369
120000021,1278,1464,-186
120000022,1705,2652,-947
120000023,790,1024,-234
120000024,856,1567,-711
120000025,1673,1127,546
120000026,1520,1019,501
120000027,1480,1311,169
120000028,532,2142,-1610
120000029,805,999,-194
120000030,100,471,-371
120000031,1128,2746,-1618
120000032,3636,2094,1542
120000033,3407,1022,2385
120000034,1383,853,530
120000035,1603,1137,466
120000036,2039,3108,-1069
120000037,436,908,-472
120000038,2684,2133,551
120000039,473,506,-33
120000040,34,295,-261
120000041,577,777,-200
120000042,1131,1069,62
120000043,2845,794,2051
120000044,3698,883,2815
120000045,4491,678,3813
120000046,2738,1616,1122
120000047,422,3898,-3476
120000048,3762,2597,1165
120000049,2373,1555,818
120000050,2464,2286,178
120000051,1841,2485,-644
120000052,4436,1191,3245
120000053,1105,1122,-17
120000054,1061,2000,-939
120000055,1320,2533,-1213
120000056,3013,2131,882
120000057,2177,1189,988
120000058,1150,2118,-968
120000059,8,981,-973
120000061,44,314,-270
120000062,95,177,-82
120000063,873,1316,-443
120000064,167,501,-334
120000065,338,770,-432
120000066,125,357,-232
120000067,38,329,-291
120000068,152,370,-218
120000069,430,358,72
120000070,54,327,-273
120000071,441,59,382
120000072,643,283,360
120000073,659,83,576
120000074,109,83,26
120000075,672,194,478
120000076,1497,272,1225
120000077,1414,466,948
120000078,2025,1020,1005
120000079,276,177,99
120000080,128,140,-12
120000081,263,100,163
120000082,262,214,48
120000083,104,572,-468
120000084,269,166,103
120000085,224,184,40
120000086,177,219,-42
120000087,161,190,-29
120000088,467,510,-43
120000089,741,336,405
120000090,455,219,236
120000091,636,494,142
120000092,762,332,430
120000093,308,274,34
120000094,161,448,-287
120000095,547,217,330
120000096,188,291,-103
120000098,550,316,234
120000099,200,367,-167
120000100,408,450,-42
120000101,376,207,169
120000102,356,592,-236
120000103,965,616,349
120000104,1358,288,1070
120000105,2354,569,1785
120000106,1690,467,1223
120000107,2916,449,2467
120000108,963,77,886
120000109,837,44,793
120000110,45,516,-471
120000111,69,467,-398
120000112,542,1143,-601
120000113,448,877,-429
120000114,832,1251,-419
120000115,173,1109,-936
120000116,359,921,-562
120000117,561,694,-133
120000118,63,29,34
120000119,14,35,-21
120000120,97,68,29
120000121,8,18,-10
120000122,117,334,-217
120000123,1921,4535,-2614
120000124,315,171,144
120000125,419,312,107
120000126,312,634,-322
120000127,1200,707,493
120000128,1584,2106,-522
120000129,154,172,-18
120000130,502,266,236
120000131,243,362,-119
120000134,237,355,-118
120000135,337,255,82
120000137,137,375,-238
120000138,693,147,546
120000139,171,203,-32
120000140,593,199,394
120000141,206,157,49
120000142,406,238,168
120000143,0,64,-64
120000144,81,3,78
120000145,313,2,311
120000146,560,584,-24
120000149,383,491,-108
120000150,1184,6998,-5814
120000151,253,274,-21
120000152,349,110,239
120000153,134,308,-174
120000154,284,225,59
120000155,114,237,-123
120000156,355,884,-529
120000157,635,295,340
120000158,541,479,62
120000159,1297,1311,-14
120000160,1594,946,648
120000161,1629,1250,379
120000162,59,205,-146
120000163,474,539,-65
120000164,396,181,215
120000165,412,283,129
120000166,1014,243,771
120000167,123,97,26
120000168,10,323,-313
120000169,32,1373,-1341
120000170,19,959,-940
120000171,8,421,-413
120000172,12,448,-436
120000173,740,1356,-616
120000174,117,43,74
120000175,138,59,79
120000176,107,32,75
120000177,572,66,506
120000178,22,10,12
120000179,62,24,38
120000180,111,39,72
120000181,49,680,-631
120000182,20,397,-377
120000183,2,184,-182
120000184,127,707,-580
120000186,33,765,-732
120000187,11,295,-284
120000188,42,419,-377
120000190,187,72,115
120000191,234,73,161
120000192,300,16,284
120000193,87,3,84
120000195,7,1,6
120000196,119,20,99
120000197,13,31,-18
120000198,135,25,110
120000199,122,0,122
120000200,118,0,118
120000201,23,27,-4
120000202,0,28,-28
120000203,55,111,-56
120000207,0,46,-46
120000208,9,101,-92
120000209,6,27,-21
120000210,26,24,2
120000211,170,4,166
120000212,238,0,238
120000213,112,88,24
120000214,0,125,-125
120000215,3,80,-77
120000216,84,17,67
120000217,281,558,-277
120000218,69,355,-286
120000219,2,196,-194
120000220,3,600,-597
120000225,1449,2,1447
120000226,322,7,315
120000227,767,43,724
120000228,7067,2048,5019
120000230,321,13,308
120000231,996,1089,-93
120000233,329,24,305
120000235,225,375,-150
120000236,717,0,717
120000237,0,535,-535
120000238,1,758,-757
120000241,793,2258,-1465
120000412,334,6,328
120000413,289,111,178
120000414,109,2,107
120000415,0,33,-33
120000416,57,4,53
120000417,6,51,-45
120000418,148,10,138
120000419,1,94,-93
120000420,16,9,7
120000421,4678,3154,1524
120000422,51,819,-768
120000423,3,60,-57
120000424,107,95,12
120000436,78,462,-384
120000437,112,55,57
120000438,1022,137,885
120000439,174,405,-231
120000443,134,1,133
120000444,1012,173,839
120000445,1167,563,604
120000446,418,122,296
120000447,125,0,125
120000449,128,1,127
120000450,13,82,-69
120000451,75,67,8
120000452,161,1,160
120000453,1,102,-101
120000454,41,19,22
120000455,49,18,31
120000456,1563,2344,-781
120000457,460,257,203
120000458,335,350,-15
120000459,59,48,11
120000665,517,133,384
120000668,85,751,-666
120000669,90,94,-4
120000670,92,1183,-1091
120000671,1014,298,716
120000672,53,306,-253
120900001,41,92,-51
120900002,145,349,-204
120900003,101,10,91
120900004,4,47,-43
120900005,119,402,-283
120900006,329,146,183
120900007,136,33,103
120900008,222,525,-303
120900009,428,11,417
120900010,335,83,252
120900011,71,103,-32
120900012,61,697,-636
120900013,229,73,156
120900014,22,167,-145
120900015,463,38,425
120900016,657,51,606
120900017,1090,46,1044
120900018,86,201,-115
120900019,387,333,54
120900020,532,835,-303
120900021,620,196,424
120900022,68,173,-105
120900023,208,19,189
120900024,1094,245,849
120900025,761,594,167
120900026,100,92,8
120900027,601,13,588
120900028,311,91,220
120900029,77,403,-326
120900030,1068,476,592
120900031,254,86,168
120900032,946,42,904
120900033,659,47,612
120900034,17,1515,-1498
120900035,14,50,-36
120900037,134,6,128
120900038,49,270,-221
120900039,76,42,34
120900040,263,2,261
120900041,80,24,56
120900042,504,20,484
120900043,45,26,19
120900044,8,206,-198
120900045,62,46,16
120900046,402,7,395
120900047,130,95,35
120900048,106,15,91
120900049,423,3,420
120900050,657,779,-122
120900051,342,70,272
120900052,548,0,548
120900053,321,39,282
120900054,877,250,627
120900055,338,10,328
120900056,429,27,402
120900057,168,10,158
120900058,461,1,460
120900059,67,1,66
120900060,45,21,24
120900061,144,113,31
120900062,184,3,181
120900063,466,5,461
120900064,550,0,550
120900065,482,3,479
120900066,280,96,184
120900067,125,56,69
120900068,185,0,185
120900069,253,15,238
120900071,19,0,19
120900072,624,1,623
120900073,425,58,367
120900074,290,18,272
120900076,260,0,260
120900077,1075,173,902
120900078,683,295,388
120900079,609,60,549
120900080,605,625,-20
120900081,685,365,320
120900082,212,254,-42
120900083,85,4,81
120900084,316,421,-105
120900085,44,96,-52
120900086,51,263,-212
120900087,292,293,-1
120900088,105,406,-301
120900089,1166,2028,-862
120900090,247,31,216
120900091,400,689,-289
120900092,708,225,483
120900093,747,40,707
120900094,247,108,139
120900095,142,4,138
120900096,38,96,-58
120900097,381,281,100
120900098,152,99,53
120900099,31,43,-12
120900100,39,74,-35
120900101,317,108,209
120900102,33,40,-7
120900103,42,148,-106
120900104,18,36,-18
120900105,25,181,-156
120900106,728,215,513
120900107,115,74,41
120900108,13,245,-232
120900109,29,248,-219
120900110,6,314,-308
120900111,111,171,-60
120900112,19,298,-279
120900113,10,294,-284
120900114,17,72,-55
120900115,80,151,-71
120900116,251,134,117
120900117,4,156,-152
120900118,29,311,-282
120900119,4078,1898,2180
120900120,65,204,-139
120900121,38,231,-193
120900122,344,198,146
120900123,1,99,-98
120900124,1,241,-240
120900125,2,228,-226
120900126,1163,593,570
120900127,8,177,-169
120900128,876,802,74
120900129,31,169,-138
120900130,14,289,-275
120900131,75,39,36
120900132,767,88,679
120900133,61,265,-204
120900134,509,240,269
120900135,7,237,-230
120900136,32,66,-34
120900137,117,37,80
120900138,22,126,-104
120900139,2,372,-370
120900140,1,29,-28
120900141,107,99,8
120900142,7,183,-176
120900143,2,444,-442
120900144,0,46,-46
120900145,134,381,-247
120900146,1,497,-496
120900147,10,267,-257
120900148,68,88,-20
120900149,0,95,-95
120900150,42,294,-252
120900151,1,281,-280
120900152,1,25,-24
120900153,68,52,16
120900154,0,76,-76
120900155,135,470,-335
120900156,61,185,-124
120900157,47,132,-85
120900158,51,320,-269
120900159,151,240,-89
120900160,27,472,-445
120900161,36,228,-192
120900162,50,286,-236
120900163,113,459,-346
120900164,0,103,-103
120900165,9,624,-615
120900166,61,270,-209
120900167,152,76,76
120900169,79,167,-88
120900170,425,2069,-1644
120900171,434,158,276
120900172,192,836,-644
120900173,0,32,-32
120900174,5,64,-59
120900175,121,72,49
120900176,6,234,-228
120900177,1,713,-712
120900178,0,292,-292
120900179,482,216,266
120900180,29,147,-118
120900181,45,21,24
120900182,18,176,-158
120900183,363,35,328
120900184,165,23,142
120900185,14,155,-141
120900186,1,210,-209
120900187,284,538,-254
120900188,133,6,127
120900189,43,1005,-962
120900190,71,4,67
120900191,8,8,0
120900192,3592,5677,-2085
120900194,60,59,1
120900195,74,134,-60
120900196,437,24,413
120900197,513,117,396
120900198,150,289,-139
120900199,216,324,-108
120900200,43,92,-49
120900201,261,56,205
120900202,1,62,-61
120900203,23,53,-30
120900204,78,118,-40
120900205,29,17,12
120900206,24,22,2
120900207,41,534,-493
121000001,376,688,-312
121000002,1397,855,542
121000003,1652,968,684
121000004,1331,1873,-542
121000005,1088,1664,-576
121000006,1887,1426,461
121000007,1266,2113,-847
121000008,2974,2545,429
121000009,2506,3960,-1454
121000010,4179,3670,509
121000011,3657,6351,-2694
121000012,7589,5369,2220
121000013,3482,4040,-558
121000014,3712,3447,265
121000015,2658,4833,-2175
121000016,2741,2303,438
121000017,1224,1873,-649
121000018,1573,1003,570
121000019,6524,5654,870
121000020,6639,9465,-2826
121000021,1286,1278,8
121000022,1183,1553,-370
121000023,1672,1171,501
121000024,2484,2779,-295
121000025,314,840,-526
121000026,198,90,108
121000027,862,856,6
121000028,483,262,221
121000029,457,371,86
121000030,487,327,160
121000031,356,461,-105
121000032,117,70,47
121000034,151,117,34
121000035,89,110,-21
121000036,552,530,22
121000037,362,368,-6
121000038,277,557,-280
121000039,101,220,-119
121000041,269,239,30
121000042,174,165,9
121000043,439,413,26
121000044,723,635,88
121000045,264,192,72
121000046,393,507,-114
121000047,36,45,-9
121000049,773,379,394
121000050,175,814,-639
121000051,343,162,181
121000052,204,457,-253
121000053,177,56,121
121000054,21,264,-243
121000055,608,857,-249
121000056,621,680,-59
121000057,240,268,-28
121000058,230,181,49
121000059,1261,723,538
121000060,380,656,-276
121000061,89,173,-84
121000062,162,234,-72
121000063,507,551,-44
121000064,362,530,-168
121000065,158,303,-145
121000066,344,351,-7
121000067,309,371,-62
121000068,331,259,72
121000069,123,388,-265
121000070,821,599,222
121000071,804,758,46
121000072,439,361,78
121000073,617,586,31
121000074,50,86,-36
121000075,16,88,-72
121000076,252,126,126
121000077,60,112,-52
121000078,46,87,-41
121000080,986,358,628
121000081,1229,1982,-753
121000082,79,148,-69
121000083,68,69,-1
121000084,121,114,7
121000085,175,290,-115
121000086,237,390,-153
121000087,39,152,-113
121000088,214,283,-69
121000089,155,219,-64
121000090,180,240,-60
121000091,650,573,77
121000092,109,35,74
121000093,105,165,-60
121000094,267,419,-152
121000095,223,403,-180
121000096,1589,1381,208
121000097,341,1424,-1083
121000098,339,424,-85
121000099,471,363,108
121000100,627,147,480
121000101,231,121,110
121000102,170,89,81
121000103,111,116,-5
121000104,164,43,121
121000105,227,102,125
121000106,218,116,102
121000107,1119,1736,-617
121000109,699,683,16
121000110,152,401,-249
121000114,2010,1433,577
121000115,986,433,553
121000116,227,595,-368
121000117,293,123,170
121000118,810,131,679
121000119,187,196,-9
121000120,116,257,-141
121000121,280,649,-369
121000123,569,379,190
121000127,96,58,38
121000128,567,154,413
121000129,836,227,609
121000130,426,347,79
121000131,842,903,-61
121000132,610,968,-358
121000135,144,215,-71
121000136,730,571,159
121000137,261,160,101
121000138,533,700,-167
121000139,375,296,79
121000141,116,68,48
121000142,333,489,-156
121000143,63,22,41
121000144,425,916,-491
121000145,292,418,-126
121000146,731,543,188
121000147,567,288,279
121000148,582,563,19
121000149,1026,796,230
121000152,218,181,37
121000153,910,335,575
121000154,625,276,349
121000155,807,648,159
121000156,272,573,-301
121000157,537,684,-147
121000158,265,271,-6
121000159,225,239,-14
121000160,208,176,32
121000161,174,116,58
121000162,76,67,9
121000165,623,1273,-650
121000166,10,276,-266
121000168,206,112,94
121000169,47,60,-13
121000170,167,45,122
121000171,20,68,-48
121000172,423,299,124
121000173,718,746,-28
121000174,330,299,31
121000175,849,246,603
121000176,252,217,35
121000177,476,266,210
121000178,35,20,15
121000179,40,25,15
121000181,255,251,4
121000182,76,183,-107
121000183,48,55,-7
121000184,27,75,-48
121000185,21,139,-118
121000186,137,246,-109
121000187,72,69,3
121000188,91,60,31
121000192,524,215,309
121000193,336,264,72
121000194,1089,1273,-184
121000195,131,659,-528
121000196,409,186,223
121000197,73,340,-267
121000198,126,67,59
121000199,69,113,-44
121000200,325,42,283
121000201,7,96,-89
121000202,420,51,369
121000203,435,949,-514
121000204,1885,484,1401
121000205,88,118,-30
121000206,67,32,35
121000207,1153,677,476
121000208,6,217,-211
121000209,293,77,216
121000210,470,200,270
121000211,175,50,125
121000212,328,194,134
121000213,5865,1531,4334
121000214,385,1118,-733
121000215,515,514,1
121000216,292,324,-32
121000217,2131,2316,-185
121000218,265,979,-714
121000219,941,449,492
121000220,77,29,48
121000221,124,237,-113
121000222,1486,1666,-180
121000223,234,413,-179
121000224,149,272,-123
121000225,719,1405,-686
121000226,2164,867,1297
121000227,6,103,-97
121000228,13,324,-311
121000229,203,167,36
121000230,45,1007,-962
121000231,851,33,818
121000232,247,169,78
121000233,366,225,141
121000234,25,41,-16
121000235,36,60,-24
121000236,4,51,-47
121000237,24,11,13
121000238,8,53,-45
121000239,41,1,40
121000240,2,122,-120
121000241,78,9,69
121000242,69,616,-547
121000243,183,107,76
121000244,16,105,-89
121000245,35,22,13
121000246,0,108,-108
121000247,65,6,59
121000248,424,715,-291
121000249,57,107,-50
121000250,311,229,82
121000251,4,216,-212
121000252,60,61,-1
121000253,245,142,103
121000254,516,106,410
121000255,63,91,-28
121000256,153,105,48
121000257,17,50,-33
121000258,59,62,-3
121000259,26,37,-11
121000260,52,72,-20
121000261,39,53,-14
121000262,526,296,230
121000263,261,265,-4
121000271,246,765,-519
121000273,19,1,18
121000274,7,42,-35
121000275,1,12,-11
121000276,15,16,-1
121000278,27,11,16
121000279,14,4,10
121000280,11,39,-28
121000289,160,8,152
121000290,671,659,12
121000294,104,41,63
121000297,418,775,-357
121000299,66,289,-223
121000300,424,302,122
121000302,25,469,-444
121000303,323,112,211
121000304,279,43,236
121000305,108,29,79
121000306,89,74,15
121000308,82,170,-88
121000309,228,211,17
121000310,57,168,-111
121000311,41,390,-349
121000312,165,130,35
121000313,143,209,-66
121000314,48,61,-13
121000315,24,86,-62
121000530,995,764,231
121000531,934,846,88
121000532,3616,4505,-889
121000533,2012,2028,-16
121000918,32,58,-26
121000919,50,61,-11
121000938,69,171,-102
121000939,50,199,-149
121000956,942,741,201
121000957,0,3,-3
121000958,13,19,-6
121000959,444,243,201
121000960,726,1062,-336
121000961,180,40,140
121000962,363,396,-33
121000963,0,0,0
121000973,1,154,-153
121000976,10,93,-83
121000979,190,58,132
121000981,232,67,165
121000982,255,86,169
121000983,221,156,65
121000984,15,26,-11
121000985,484,157,327
121000986,238,90,148
121000987,148,369,-221
121000988,683,82,601
121001302,133,58,75
121001308,1,3,-2
121001309,29,294,-265
121001313,108,56,52
121001314,936,1266,-330
121001315,3159,1901,1258
121900001,52,89,-37
121900002,28,20,8
121900003,284,9,275
121900004,28,124,-96
121900005,13,4,9
121900006,82,13,69
121900007,1072,927,145
121900008,125,96,29
121900009,310,5,305
121900010,124,3,121
121900011,120,101,19
121900012,0,0,0
121900013,542,84,458
121900014,747,239,508
121900015,115,96,19
121900016,1,34,-33
121900017,247,220,27
121900018,245,6,239
121900019,257,100,157
121900020,9,1,8
121900021,667,15,652
121900022,136,115,21
121900023,71,125,-54
121900024,193,45,148
121900025,398,244,154
121900026,189,14,175
121900027,205,61,144
121900028,115,11,104
121900029,84,110,-26
121900030,249,393,-144
121900031,547,3384,-2837
121900032,55,32,23
121900033,121,199,-78
121900034,196,60,136
121900035,1298,1141,157
121900036,40,207,-167
121900037,68,461,-393
121900038,17,84,-67
121900039,163,40,123
121900040,33,28,5
121900041,60,128,-68
121900042,161,79,82
121900043,0,1,-1
121900044,34,29,5
121900046,156,163,-7
121900047,82,51,31
121900048,48,58,-10
121900050,19,29,-10
121900051,57,89,-32
121900052,77,18,59
121900053,182,164,18
121900054,151,548,-397
121900055,5,12,-7
121900058,213,53,160
121900059,233,115,118
121900060,67,204,-137
121900061,82,97,-15
121900062,58,56,2
121900063,821,183,638
121900064,174,242,-68
121900066,25,8,17
121900067,27,14,13
121900069,86,54,32
121900070,76,59,17
121900071,341,130,211
121900072,46,38,8
121900073,103,160,-57
121900074,275,446,-171
121900075,272,359,-87
121900076,279,259,20
121900077,12,10,2
121900078,37,10,27
121900079,0,1,-1
121900080,515,188,327
121900082,72,41,31
121900084,5,37,-32
121900085,0,8,-8
121900086,13,37,-24
121900087,81,61,20
121900088,833,1409,-576
121900089,121,151,-30
121900090,21,32,-11
121900091,45,28,17
121900092,23,53,-30
121900093,60,41,19
121900094,19,2,17
121900095,174,84,90
121900096,506,288,218
121900097,294,81,213
121900098,7,5,2
121900099,119,17,102
121900100,54,243,-189
121900101,65,99,-34
121900102,1,61,-60
121900103,193,87,106
121900104,983,195,788
121900105,179,85,94
121900106,1,12,-11
121900107,31,15,16
121900108,0,6,-6
121900109,133,96,37
121900110,405,321,84
121900111,458,92,366
121900112,74,72,2
121900113,41,294,-253
121900114,10,2,8
121900117,93,43,50
121900118,802,375,427
121900119,94,45,49
121900120,17,595,-578
121900121,257,25,232
121900122,17,37,-20
121900123,79,226,-147
121900124,125,95,30
121900125,617,496,121
121900127,3,47,-44
121900128,39,38,1
121900129,193,122,71
121900130,79,139,-60
121900131,123,54,69
121900132,29,39,-10
121900133,46,806,-760
121900134,14,87,-73
121900135,1568,223,1345
121900136,167,93,74
121900137,30,179,-149
121900138,32,71,-39
121900139,207,683,-476
121900140,52,67,-15
121900141,63,21,42
121900142,80,44,36
121900143,1,82,-81
121900144,79,174,-95
121900145,105,184,-79
121900146,241,330,-89
121900147,61,177,-116
121900148,84,169,-85
121900149,159,266,-107
121900150,30,125,-95
121900151,51,146,-95
121900152,47,51,-4
121900153,32,320,-288
121900154,8,187,-179
121900155,1,64,-63
121900156,101,58,43
121900157,2,145,-143
121900158,61,49,12
121900159,1,101,-100
121900160,34,161,-127
121900161,168,236,-68
121900162,47,88,-41
121900163,182,182,0
121900164,185,131,54
121900165,151,67,84
121900166,80,64,16
121900167,56,58,-2
121900168,72,141,-69
121900169,0,82,-82
121900170,5,106,-101
121900171,446,314,132
121900172,327,101,226
121900173,348,162,186
121900174,33,41,-8
121900175,49,71,-22
121900176,312,816,-504
121900177,127,41,86
121900178,40,34,6
121900179,204,131,73
121900180,1150,2793,-1643
121900182,356,199,157
121900183,474,615,-141
121900184,41,248,-207
121900186,7,245,-238
121900187,13,99,-86
121900188,166,210,-44
121900189,21,38,-17
121900190,161,275,-114
121900191,27,130,-103
121900192,197,745,-548
121900193,35,80,-45
121900194,3,117,-114
121900195,29,45,-16
121900196,389,476,-87
121900197,201,626,-425
121900198,874,663,211
121900199,3,19,-16
121900200,55,118,-63
121900201,351,388,-37
121900202,52,427,-375
121900203,71,588,-517
121900204,363,519,-156
121900205,5,69,-64
121900206,15,11,4
121900207,75,27,48
121900208,71,146,-75
121900209,38,41,-3
121900210,825,681,144
121900211,245,234,11
121900212,51,78,-27
121900213,138,35,103
121900214,6,250,-244
121900215,30,67,-37
121900216,47,86,-39
121900217,117,110,7
121900218,86,251,-165
121900220,51,5,46
121900221,155,293,-138
121900222,78,50,28
121900223,92,21,71
121900224,47,21,26
121900225,80,75,5
121900226,150,33,117
121900227,152,247,-95
121900228,78,106,-28
121900230,56,92,-36
121900231,95,400,-305
121900232,81,108,-27
121900233,120,108,12
121900234,170,91,79
121900235,308,72,236
121900236,163,85,78
121900237,100,178,-78
121900238,115,146,-31
121900239,115,21,94
121900240,138,83,55
121900241,38,29,9
121900242,36,15,21
121900243,1,0,1
121900244,3,0,3
121900245,126,42,84
121900246,1869,128,1741
121900247,127,127,0
121900248,495,476,19
121900250,106,215,-109
121900251,220,28,192
121900252,255,78,177
121900253,103,592,-489
121900254,306,134,172
121900255,221,65,156
121900258,1984,1035,949
121900259,138,318,-180
121900260,95,62,33
121900261,145,342,-197
121900262,236,477,-241
121900263,147,124,23
121900264,779,635,144
121900265,223,139,84
121900266,269,60,209
121900267,34,26,8
121900269,103,441,-338
121900270,22,160,-138
121900271,16,72,-56
121900273,207,877,-670
121900274,194,129,65
121900277,196,420,-224
121900278,63,458,-395
121900279,93,109,-16
121900280,51,243,-192
121900281,112,189,-77
121900284,49,4,45
121900286,74,29,45
121900287,5,14,-9
121900288,1,1,0
121900290,127,290,-163
121900291,269,489,-220
121900292,61,81,-20
121900293,577,1835,-1258
121900294,168,3,165
121900295,99,105,-6
121900296,36,60,-24
121900298,172,566,-394
121900299,0,7,-7
121900300,61,7,54
121900301,78,2,76
121900302,2,71,-69
121900303,296,119,177
121900304,0,6,-6
121900305,1,9,-8
121900306,174,0,174
121900307,85,0,85
121900308,15,109,-94
121900309,5,94,-89
121900310,9,163,-154
121900311,318,16,302
121900312,176,5,171
121900313,226,13,213
121900314,2,23,-21
121900315,11,0,11
121900316,0,6,-6
121900317,10,3,7
121900318,3,5,-2
121900319,34,74,-40
121900320,27,24,3
121900321,15,0,15
121900322,1,3,-2
121900323,19,9,10
121900324,3,30,-27
121900325,7,0,7
121900326,1,8,-7
121900327,3,24,-21
121900328,0,8,-8
121900329,2,46,-44
121900330,1,80,-79
121900331,8,4,4
121900332,34,16,18
121900333,18,0,18
121900334,46,37,9
122000001,819,2826,-2007
122000002,1422,703,719
122000003,872,1831,-959
122000004,1232,761,471
122000005,1504,1422,82
122000006,787,645,142
122000007,501,1077,-576
122000008,1193,2388,-1195
122000009,258,277,-19
122000010,1497,1897,-400
122000011,2493,1161,1332
122000012,643,1343,-700
122000013,521,675,-154
122000014,1437,697,740
122000015,667,635,32
122000016,274,558,-284
122000017,767,745,22
122000018,1028,858,170
122000019,608,704,-96
122000020,125,198,-73
122000021,109,279,-170
122000022,687,788,-101
122000023,506,986,-480
122000024,359,1156,-797
122000025,559,1438,-879
122000026,456,943,-487
122000027,422,783,-361
122000028,640,330,310
122000029,245,329,-84
122000030,131,94,37
122000031,105,240,-135
122000032,1597,1126,471
122000033,306,1145,-839
122000034,282,419,-137
122000035,182,509,-327
122000036,319,291,28
122000037,265,151,114
122000038,152,219,-67
122000039,399,281,118
122000040,130,198,-68
122000041,341,433,-92
122000042,244,303,-59
122000043,69,80,-11
122000044,82,69,13
122000045,871,386,485
122000046,499,380,119
122000047,100,137,-37
122000048,1682,2287,-605
122000049,3220,1934,1286
122000050,799,586,213
122000051,165,295,-130
122000052,245,365,-120
122000053,122,730,-608
122000054,1158,1178,-20
122000055,1182,2422,-1240
122000056,1833,2044,-211
122000057,1564,2387,-823
122000058,833,1179,-346
122000059,920,1824,-904
122000060,319,521,-202
122000061,194,360,-166
122000062,402,195,207
122000063,446,616,-170
122000064,1789,2431,-642
122000065,1699,1357,342
122000066,535,689,-154
122000067,800,775,25
122000068,819,607,212
122000069,495,452,43
122000070,536,644,-108
122000071,1345,598,747
122000072,331,380,-49
122000073,173,648,-475
122000074,1685,867,818
122000075,450,625,-175
122000076,2721,884,1837
122000077,502,999,-497
122000078,803,2468,-1665
122000079,363,1254,-891
122000080,332,332,0
122000081,137,133,4
122000082,265,821,-556
122000083,1210,687,523
122000084,1173,505,668
122000085,144,414,-270
122000086,1251,2963,-1712
122000087,156,180,-24
122000088,110,226,-116
122000089,2487,1151,1336
122000090,77,307,-230
122000091,76,86,-10
122000092,48,19,29
122000093,1143,1653,-510
122000094,2729,1571,1158
122000095,635,2064,-1429
122000096,435,944,-509
122000098,1329,1946,-617
122000099,717,626,91
122000100,516,276,240
122000101,223,259,-36
122000102,1005,589,416
122000103,1049,1010,39
122000104,381,129,252
122000105,185,173,12
122000106,336,493,-157
122000107,647,342,305
122000108,288,497,-209
122000109,282,188,94
122000110,290,412,-122
122000111,1816,902,914
122000112,789,772,17
122000113,448,447,1
122000114,1453,1293,160
122000115,1142,857,285
122000116,215,301,-86
122000117,521,181,340
122000118,316,381,-65
122000119,1200,1005,195
122000120,676,1563,-887
122000121,614,1224,-610
122000122,307,699,-392
122000123,774,925,-151
122000124,432,266,166
122000125,266,357,-91
122000126,172,509,-337
122000127,431,516,-85
122000128,187,298,-111
122000129,316,787,-471
122000130,1402,758,644
122000131,496,457,39
122000132,149,194,-45
122000133,525,525,0
122000134,601,487,114
122000135,336,313,23
122000136,441,346,95
122000137,801,478,323
122000139,537,1605,-1068
122000140,393,410,-17
122000141,1714,718,996
122000142,121,525,-404
122000143,192,201,-9
122000144,586,532,54
122000145,331,345,-14
122000146,220,751,-531
122000147,286,292,-6
122000148,728,1125,-397
122000149,1014,753,261
122000150,647,530,117
122000151,94,231,-137
122000152,135,191,-56
122000153,215,207,8
122000154,191,136,55
122000155,826,1378,-552
122000156,1716,1869,-153
122000157,667,1823,-1156
122000158,202,451,-249
122000159,273,823,-550
122000160,1133,1018,115
122000161,575,486,89
122000162,766,919,-153
122000163,174,55,119
122000164,24,76,-52
122000165,471,449,22
122000166,435,734,-299
122000167,168,200,-32
122000168,105,455,-350
122000169,258,99,159
122000170,281,154,127
122000171,22,75,-53
122000172,881,844,37
122000173,765,1528,-763
122000174,1404,727,677
122000175,571,227,344
122000176,194,584,-390
122000177,817,1130,-313
122000178,1785,1466,319
122000179,1074,1661,-587
122000180,780,1012,-232
122000181,936,1906,-970
122000182,921,864,57
122000183,1096,541,555
122000184,1788,1713,75
122000185,777,1320,-543
122000186,324,676,-352
122000187,1173,643,530
122000188,237,166,71
122000189,112,185,-73
122000190,521,751,-230
122000191,512,489,23
122000192,645,204,441
122000193,221,344,-123
122000194,305,137,168
122000195,85,356,-271
122000196,476,359,117
122000197,266,375,-109
122000198,287,832,-545
122000199,235,260,-25
122000200,573,427,146
122000201,786,1183,-397
122000202,655,1099,-444
122000203,1314,773,541
122000204,627,897,-270
122000205,612,669,-57
122000206,1516,473,1043
122000207,1215,650,565
122000208,1260,885,375
122000209,961,324,637
122000210,998,881,117
122000211,683,651,32
122000212,422,300,122
122000213,570,829,-259
122000214,1129,1110,19
122000215,1276,1044,232
122000217,1052,958,94
122000218,515,53,462
122000219,503,443,60
122000220,198,367,-169
122000221,44,225,-181
122000222,393,116,277
122000223,640,255,385
122000225,431,155,276
122000226,769,802,-33
122000227,148,1132,-984
122000228,156,130,26
122000229,7,251,-244
122000230,37,197,-160
122000231,123,372,-249
122000232,372,396,-24
122000233,0,38,-38
122000234,332,37,295
122000235,317,68,249
122000236,629,36,593
122000237,73,50,23
122000238,169,220,-51
122000239,333,76,257
122000240,749,384,365
122000241,1000,240,760
122000242,319,25,294
122000243,145,35,110
122000244,54,141,-87
122000245,48,85,-37
122000246,250,89,161
122000247,325,189,136
122000248,484,654,-170
122000249,622,516,106
122000250,1085,670,415
122000251,115,309,-194
122000252,250,56,194
122000253,24,137,-113
122000254,197,44,153
122000255,483,592,-109
122000256,232,294,-62
122000257,103,145,-42
122000258,168,165,3
122000259,14,161,-147
122000260,3,27,-24
122000261,6,121,-115
122000262,1,22,-21
122000263,132,86,46
122000264,709,201,508
122000265,1379,621,758
122000266,2383,399,1984
122000267,73,75,-2
122000268,99,151,-52
122000269,480,178,302
122000270,314,86,228
122000271,148,650,-502
122000272,239,595,-356
122000273,269,172,97
122000274,88,103,-15
122000275,34,116,-82
122000276,412,250,162
122000277,671,806,-135
122000278,972,360,612
122000279,133,179,-46
122000280,474,261,213
122000281,457,363,94
122000282,159,244,-85
122000283,222,76,146
122000284,151,50,101
122000285,231,40,191
122000286,48,95,-47
122000287,818,770,48
122000288,281,170,111
122000291,1363,407,956
122000293,106,113,-7
122000294,97,184,-87
122000295,688,130,558
122000296,17,364,-347
122000297,1023,1969,-946
122000299,251,183,68
122000300,269,356,-87
122000301,3575,1849,1726
122000302,330,1171,-841
122000303,1495,712,783
122000304,69,134,-65
122000305,774,92,682
122000306,29,277,-248
122000307,48,82,-34
122000309,24,25,-1
122000310,18,94,-76
122000311,110,81,29
122000312,83,154,-71
122000313,83,44,39
122000314,83,147,-64
122000315,198,61,137
122000316,546,128,418
122000317,1178,180,998
122000318,182,490,-308
122000319,96,178,-82
122000320,185,531,-346
122000321,41,87,-46
122000322,982,1259,-277
122000323,731,1577,-846
122000324,794,942,-148
122000325,471,1472,-1001
122000326,81,60,21
122000327,215,392,-177
122000328,281,260,21
122000330,997,555,442
122000332,139,187,-48
122000333,7,55,-48
122000337,620,468,152
122000338,266,193,73
122000340,191,573,-382
122000342,645,393,252
122000343,254,336,-82
122000344,69,11,58
122000345,21,13,8
122000346,179,151,28
122000348,369,268,101
122000349,31,235,-204
122000351,121,124,-3
122000352,239,123,116
122000353,81,41,40
122000355,104,195,-91
122000356,581,836,-255
122000357,35,17,18
122000358,0,20,-20
122000359,0,18,-18
122000360,0,21,-21
122000362,5,36,-31
122000364,121,175,-54
122000365,1,21,-20
122000366,3,1,2
122000368,285,336,-51
122000370,11,13,-2
122000371,16,2,14
122000372,1,1,0
122000381,64,209,-145
122000382,70,91,-21
122000384,1019,660,359
122000385,41,1,40
122000386,126,758,-632
122000387,202,424,-222
122000388,611,379,232
122000389,144,528,-384
122000390,208,202,6
122000391,158,222,-64
122000392,88,109,-21
122000393,28,70,-42
122000394,318,121,197
122000395,92,55,37
122000396,175,62,113
122000397,12,20,-8
122000398,18,24,-6
122000399,81,42,39
122000400,47,383,-336
122000401,75,35,40
122000402,199,73,126
122000403,291,255,36
122000404,115,95,20
122000408,373,564,-191
122000503,8,48,-40
122000524,71,102,-31
122000544,45,964,-919
122000616,178,0,178
122000640,46,30,16
122000641,113,104,9
122000642,827,446,381
122000643,51,90,-39
122000644,51,15,36
122000645,54,146,-92
122000651,528,1039,-511
122000664,111,14,97
122000665,668,316,352
122000666,363,643,-280
122000673,12,80,-68
122000674,121,51,70
122000675,1194,361,833
122000686,264,430,-166
122000687,786,139,647
122000688,141,210,-69
122000689,535,214,321
122000690,1584,180,1404
122000691,568,556,12
122000692,593,140,453
122000693,196,569,-373
122000695,209,183,26
122000696,309,90,219
122000698,215,209,6
122000699,110,33,77
122000701,1029,182,847
122000702,348,487,-139
122000703,123,34,89
122000712,0,0,0
122000717,21,33,-12
122000718,114,390,-276
122000719,99,44,55
122000720,353,77,276
122000724,81,9,72
122900001,30,4,26
122900002,462,3218,-2756
122900003,218,27,191
122900004,795,24,771
122900005,67,41,26
122900006,233,382,-149
122900007,102,65,37
122900008,165,76,89
122900009,350,213,137
122900010,145,79,66
122900012,121,233,-112
122900014,68,132,-64
122900015,567,514,53
122900016,108,140,-32
122900017,183,369,-186
122900018,67,18,49
122900019,6,95,-89
122900020,103,249,-146
122900021,22,187,-165
122900022,748,510,238
122900023,373,89,284
122900024,42,68,-26
122900025,12,170,-158
122900026,11,135,-124
122900027,32,330,-298
122900028,102,94,8
122900029,2617,1583,1034
122900030,600,304,296
122900031,25,126,-101
122900032,71,214,-143
122900033,143,72,71
122900034,2087,2694,-607
122900035,11,14,-3
122900036,81,61,20
122900037,210,49,161
122900038,39,1569,-1530
122900039,62,329,-267
122900040,145,238,-93
122900041,256,169,87
122900042,94,195,-101
122900043,153,172,-19
122900044,66,247,-181
122900045,87,75,12
122900046,92,157,-65
122900047,91,108,-17
122900048,35,98,-63
122900049,856,123,733
122900051,57,82,-25
122900052,112,79,33
122900053,21,12,9
122900055,123,40,83
122900057,112,37,75
122900061,284,100,184
122900062,357,387,-30
122900063,114,144,-30
122900064,461,194,267
122900065,319,148,171
122900066,396,248,148
122900067,565,284,281
122900068,77,151,-74
122900069,172,663,-491
122900070,163,26,137
122900071,65,193,-128
122900072,5,184,-179
122900073,14,87,-73
122900074,525,170,355
122900075,0,41,-41
122900076,2,97,-95
122900077,0,68,-68
122900078,103,47,56
122900080,19,49,-30
122900081,93,89,4
122900082,555,90,465
122900083,99,65,34
122900084,1,85,-84
122900086,4,66,-62
122900087,179,235,-56
122900088,34,176,-142
122900089,3,51,-48
122900090,4,149,-145
122900091,133,0,133
122900092,0,53,-53
122900093,0,97,-97
122900094,1,60,-59
122900095,99,10,89
122900096,244,23,221
122900097,17,19,-2
122900098,18,87,-69
122900099,56,13,43
122900100,86,251,-165
122900101,255,159,96
122900102,12,15,-3
122900103,68,3,65
122900104,149,3,146
122900105,5,4,1
122900106,2,27,-25
122900107,0,38,-38
122900108,0,37,-37
123000001,664,277,387
123000002,1621,3465,-1844
123000003,2506,2611,-105
123000004,1708,2325,-617
123000005,1737,1755,-18
123000006,1341,1263,78
123000007,2582,1795,787
123000008,1546,1747,-201
123000009,3014,1787,1227
123000010,2106,2259,-153
123000011,1316,655,661
123000012,368,1305,-937
123000013,2154,547,1607
123000014,462,1881,-1419
123000015,1213,710,503
123000016,1545,2118,-573
123000017,2435,1296,1139
123000018,60,66,-6
123000019,286,64,222
123000020,187,32,155
123000021,122,126,-4
123000022,177,1165,-988
123000023,1205,1184,21
123000024,1114,430,684
123000025,222,96,126
123000026,22,49,-27
123000027,97,340,-243
123000028,899,561,338
123000029,612,733,-121
123000030,169,98,71
123000031,151,96,55
123000032,331,76,255
123000033,203,28,175
123000034,618,489,129
123000035,269,197,72
123000036,156,611,-455
123000037,130,97,33
123000038,30,173,-143
123000039,260,965,-705
123000040,380,165,215
123000041,585,794,-209
123000042,399,506,-107
123000043,1306,6507,-5201
123000044,2007,1341,666
123000045,2493,1382,1111
123000046,318,855,-537
123000047,795,669,126
123000048,37,661,-624
123000049,3049,5112,-2063
123000050,973,1005,-32
123000051,61,117,-56
123000052,458,2089,-1631
123000053,1565,1872,-307
123000054,934,815,119
123000055,1004,1844,-840
123000056,656,729,-73
123000057,3284,3318,-34
123000058,426,671,-245
123000059,200,280,-80
123000060,520,263,257
123000061,146,325,-179
123000063,508,579,-71
123000064,586,119,467
123000065,1767,1193,574
123000066,302,306,-4
123000067,475,292,183
123000068,1095,1380,-285
123000069,2980,1312,1668
123000070,124,372,-248
123000071,828,401,427
123000072,621,316,305
123000073,1166,477,689
123000074,718,459,259
123000075,222,769,-547
123000076,454,228,226
123000077,1459,1161,298
123000078,1392,1014,378
123000079,1087,1011,76
123000080,1302,787,515
123000081,90,173,-83
123000082,185,414,-229
123000083,660,188,472
123000084,464,267,197
123000085,257,23,234
123000086,428,68,360
123000087,189,98,91
123000088,723,289,434
123000089,488,617,-129
123000090,818,503,315
123000091,1007,827,180
123000092,510,642,-132
123000094,308,104,204
123000095,397,345,52
123000096,579,205,374
123000097,350,286,64
123000098,597,237,360
123000099,462,291,171
123000100,322,563,-241
123000101,312,368,-56
123000102,344,506,-162
123000104,282,365,-83
123000105,299,291,8
123000106,270,319,-49
123000107,174,298,-124
123000108,311,580,-269
123000111,542,227,315
123000112,694,254,440
123000113,365,396,-31
123000114,187,383,-196
123000115,134,117,17
123000116,28,44,-16
123000117,909,677,232
123000118,258,402,-144
123000119,171,362,-191
123000120,173,357,-184
123000121,361,342,19
123000122,194,184,10
123000123,337,341,-4
123000124,250,242,8
123000125,721,820,-99
123000126,701,2413,-1712
123000127,388,379,9
123000128,163,110,53
123000129,533,123,410
123000130,489,53,436
123000131,665,480,185
123000132,213,270,-57
123000133,98,144,-46
123000134,159,52,107
123000135,1347,494,853
123000136,116,326,-210
123000137,68,115,-47
123000138,45,182,-137
123000139,359,30,329
123000140,45,281,-236
123000141,407,67,340
123000142,489,483,6
123000143,667,899,-232
123000144,12,25,-13
123000145,65,82,-17
123000146,6,34,-28
123000147,54,90,-36
123000149,188,170,18
123000150,81,119,-38
123000151,128,260,-132
123000152,22,230,-208
123000153,68,477,-409
123000154,806,1145,-339
123000155,1056,737,319
123000156,20,42,-22
123000157,338,445,-107
123000158,260,441,-181
123000159,1579,1678,-99
123000160,622,499,123
123000161,953,719,234
123000162,693,1011,-318
123000163,351,62,289
123000164,1046,199,847
123000165,344,643,-299
123000166,37,82,-45
123000167,88,137,-49
123000168,221,90,131
123000169,625,87,538
123000170,94,52,42
123000171,527,7,520
123000172,118,231,-113
123000173,304,182,122
123000174,559,274,285
123000175,335,478,-143
123000176,605,147,458
123000177,192,286,-94
123000178,545,96,449
123000179,40,190,-150
123000180,1055,187,868
123000181,175,579,-404
123000182,119,124,-5
123000183,134,342,-208
123000184,61,177,-116
123000185,394,167,227
123000186,3,211,-208
123000187,465,8,457
123000188,139,1,138
123000189,179,69,110
123000190,28,90,-62
123000192,14,174,-160
123000193,78,455,-377
123000194,232,141,91
123000195,202,29,173
123000196,244,14,230
123000197,36,73,-37
123000198,21,1188,-1167
123000199,16,609,-593
123000200,404,7,397
123000201,851,18,833
123000202,7,447,-440
123000203,694,37,657
123000204,60,424,-364
123000205,277,658,-381
123000206,1473,159,1314
123000207,50,403,-353
123000208,363,145,218
123000209,1441,467,974
123000210,341,1014,-673
123000211,327,977,-650
123000212,2067,263,1804
123000213,431,76,355
123000215,38,100,-62
123000216,88,405,-317
123000217,125,14,111
123000218,44,314,-270
123000219,326,23,303
123000220,315,45,270
123000221,81,34,47
123000222,312,170,142
123000223,311,134,177
123000224,316,190,126
123000225,155,41,114
123000226,42,95,-53
123000227,43,141,-98
123000228,218,30,188
123000229,498,698,-200
123000232,45,327,-282
123000233,473,74,399
123000234,73,248,-175
123000235,675,185,490
123000236,134,271,-137
123000237,160,71,89
123000238,47,201,-154
123000239,232,437,-205
123000240,30,309,-279
123000241,173,34,139
123000242,93,109,-16
123000243,495,630,-135
123000244,642,460,182
123000245,16,105,-89
123000249,152,327,-175
123000252,604,157,447
123000253,858,301,557
123000254,469,394,75
123000255,707,609,98
123000256,19,52,-33
123000257,1292,824,468
123000258,506,348,158
123000259,228,203,25
123000260,350,130,220
123000261,166,81,85
123000262,78,87,-9
123000263,306,51,255
123000264,146,59,87
123000265,19,78,-59
123000266,318,329,-11
123000267,306,199,107
123000268,36,34,2
123000269,38,54,-16
123000270,25,45,-20
123000271,38,34,4
123000272,514,223,291
123000273,163,452,-289
123000274,721,328,393
123000275,169,398,-229
123000278,1133,1326,-193
123000279,59,53,6
123000280,187,188,-1
123000281,209,68,141
123000282,80,163,-83
123000283,90,39,51
123000284,56,47,9
123000286,102,206,-104
123000287,282,162,120
123000288,963,627,336
123000289,254,728,-474
123000291,178,473,-295
123000294,122,167,-45
123000295,662,662,0
123000296,526,314,212
123000297,429,283,146
123000298,460,149,311
123000299,71,87,-16
123000300,672,535,137
123000301,77,174,-97
123000302,25,59,-34
123000303,59,135,-76
123000305,422,417,5
123000306,109,54,55
123000309,31,39,-8
123000310,54,32,22
123000311,1,41,-40
123000312,236,274,-38
123000313,379,167,212
123000315,79,105,-26
123000316,423,167,256
123000317,109,55,54
123000318,40,111,-71
123000329,3,8,-5
123000337,510,701,-191
123000338,203,139,64
123000339,207,55,152
123000340,86,146,-60
123000342,11,57,-46
123000343,23,0,23
123000344,575,174,401
123000345,260,257,3
123000346,271,40,231
123000352,538,521,17
123000353,32,47,-15
123000354,110,6,104
123000355,1,100,-99
123000356,176,2,174
123000357,0,48,-48
123000359,4,71,-67
123000360,100,37,63
123000361,81,122,-41
123000362,275,44,231
123000363,70,69,1
123000364,270,328,-58
123000365,5,238,-233
123000366,229,1245,-1016
123000367,166,364,-198
123000370,11,49,-38
123000371,170,11,159
123000372,184,7,177
123000373,1,103,-102
123000374,6,59,-53
123000375,219,19,200
123000376,624,440,184
123000377,331,8,323
123000378,6,115,-109
123000379,2,68,-66
123000380,19,235,-216
123000381,66,76,-10
123000382,337,47,290
123000383,32,549,-517
123000384,300,64,236
123000385,88,301,-213
123000436,25,581,-556
123000507,63,119,-56
123000508,90,607,-517
123000517,155,19,136
123000518,12,130,-118
123000519,101,37,64
123000520,13,115,-102
123000521,216,39,177
123000522,84,171,-87
123000541,7,0,7
123000542,0,9,-9
123000565,613,13,600
123000566,206,159,47
123000567,46,80,-34
123000573,45,308,-263
123000574,411,34,377
123000575,847,417,430
123000576,529,540,-11
123000577,28,306,-278
123000578,241,51,190
123000579,724,3384,-2660
123000580,98,39,59
123000582,274,33,241
123000583,9,140,-131
123000584,111,177,-66
123000585,0,33,-33
123000586,47,1,46
123000596,66,55,11
123000597,36,115,-79
123000602,37,6,31
123000603,591,233,358
123000604,375,213,162
123000605,436,74,362
123000606,0,210,-210
123000609,18,157,-139
123000610,92,68,24
123000613,36,108,-72
123000614,143,33,110
123000615,33,70,-37
123000616,337,47,290
123000617,55,86,-31
123000618,43,241,-198
123000619,226,24,202
123000620,20,178,-158
123000622,250,9,241
123000624,90,49,41
123000630,990,218,772
123000631,146,495,-349
123000632,359,353,6
123000633,0,84,-84
123000634,22,99,-77
123000635,47,66,-19
123000636,17,202,-185
123000637,85,23,62
123000638,295,19,276
123000639,469,2482,-2013
123000640,29,246,-217
123000648,267,48,219
123000649,26,175,-149
123900001,614,29,585
123900002,9,867,-858
123900003,148,196,-48
123900005,167,88,79
123900006,173,21,152
124000001,1175,88,1087
124000002,50,673,-623
124000003,685,85,600
124000004,35,242,-207
124000005,702,386,316
124000006,120,398,-278
124000007,271,50,221
124000008,4,202,-198
124000009,520,109,411
124000010,112,205,-93
124000011,772,172,600
124000012,133,200,-67
124000017,114,77,37
124000018,81,38,43
124000019,84,76,8
124000020,23,70,-47
124000021,66,60,6
124000022,62,110,-48
124000023,913,879,34
124000024,706,259,447
124000025,859,1055,-196
124000026,454,614,-160
124000027,3094,3200,-106
124000028,851,2339,-1488
124000030,1494,912,582
124000031,932,2586,-1654
124000032,959,439,520
124000033,611,379,232
124000034,376,511,-135
124000035,241,119,122
124000036,122,265,-143
124000037,155,803,-648
124000038,23,47,-24
124000039,419,301,118
124000040,290,588,-298
124000041,233,38,195
124000042,46,208,-162
124000043,74,39,35
124000044,32,74,-42
124000045,625,260,365
124000046,158,342,-184
124000047,1105,375,730
124000048,509,427,82
124000049,1093,286,807
124000050,506,627,-121
124000051,690,279,411
124000052,345,395,-50
124000053,338,1054,-716
124000054,452,200,252
124000055,914,1800,-886
124000056,921,712,209
124000057,751,393,358
124000058,244,542,-298
124000059,432,657,-225
124000060,512,294,218
124000061,990,4002,-3012
124000062,2231,982,1249
124000063,743,857,-114
124000064,930,608,322
124000065,62,322,-260
124000066,145,72,73
124000067,164,84,80
124000068,42,84,-42
124000069,482,81,401
124000070,198,218,-20
124000071,144,69,75
124000072,87,186,-99
124000073,630,94,536
124000074,141,290,-149
124000075,220,18,202
124000076,10,47,-37
124000077,803,379,424
124000078,1436,775,661
124000079,134,589,-455
124000080,393,121,272
124000081,111,217,-106
124000082,34,120,-86
124000083,41,57,-16
124000084,60,362,-302
124000085,83,33,50
124000086,22,72,-50
124000087,57,51,6
124000088,46,209,-163
124000089,521,134,387
124000090,83,131,-48
124000091,370,68,302
124000092,76,269,-193
124000093,58,60,-2
124000094,33,161,-128
124000095,62,38,24
124000096,76,88,-12
124000097,48,74,-26
124000098,22,60,-38
124000099,188,45,143
124000100,35,80,-45
124000101,73,93,-20
124000102,47,24,23
124000103,93,65,28
124000104,57,18,39
124000105,83,48,35
124000106,89,24,65
124000107,16,112,-96
124000108,27,20,7
124000109,96,90,6
124000110,91,59,32
124000111,130,99,31
124000112,530,347,183
124000113,80,48,32
124000114,254,223,31
124000115,265,323,-58
124000116,54,93,-39
124000117,24,63,-39
124000118,36,57,-21
124000119,429,217,212
124000120,246,169,77
124000121,1032,612,420
124000122,304,663,-359
124000123,535,303,232
124000124,239,555,-316
124000125,256,256,0
124000126,194,329,-135
124000127,559,198,361
124000128,360,442,-82
124000129,1374,853,521
124000130,465,295,170
124000131,564,336,228
124000132,445,441,4
124000133,583,446,137
124000134,497,269,228
124000135,988,995,-7
124000136,414,436,-22
124000137,567,446,121
124000138,547,661,-114
124000139,251,21,230
124000140,16,178,-162
124000141,285,7,278
124000142,22,151,-129
124000143,72,5,67
124000144,2,67,-65
124000145,70,18,52
124000146,11,23,-12
124000148,9,46,-37
124000149,700,250,450
124000150,148,312,-164
124000151,560,202,358
124000152,378,665,-287
124000153,397,443,-46
124000154,109,276,-167
124000155,811,583,228
124000156,731,553,178
124000169,122,230,-108
124000170,220,222,-2
124000171,176,108,68
124000172,143,248,-105
124000173,307,101,206
124000174,215,209,6
124000175,3,37,-34
124000176,37,12,25
124000177,0,11,-11
124000178,20,40,-20
124000190,20,28,-8
124000191,52,102,-50
124000192,681,272,409
124000193,120,511,-391
124000194,235,240,-5
124000195,220,421,-201
124000196,556,437,119
124000197,27,15,12
124000198,24,23,1
124000201,178,294,-116
124000202,353,166,187
124000203,306,160,146
124000204,661,132,529
124000205,98,154,-56
124000206,563,153,410
124000207,0,23,-23
124000209,107,155,-48
124000210,353,106,247
124000211,444,0,444
124000212,0,113,-113
124000213,384,114,270
124000214,242,186,56
124000215,289,22,267
124000216,0,122,-122
124000329,66,543,-477
124000338,60,286,-226
124000339,750,50,700
124000341,1111,28,1083
124000344,24,5,19
124000357,888,1823,-935
124000358,688,1042,-354
124000359,916,429,487
124000360,664,308,356
124000361,1436,782,654
124000362,687,946,-259
124000363,221,224,-3
124000364,366,403,-37
124000365,534,632,-98
124000366,877,512,365
124000367,42,189,-147
124000368,280,365,-85
124000369,118,62,56
124000370,46,415,-369
124000402,19,14,5
124000403,78,19,59
124000404,2,26,-24
124000405,570,439,131
124000406,406,369,37
124000407,2,19,-17
124000411,3,127,-124
124000412,297,1,296
124000413,75,14,61
124000414,45,57,-12
124000415,33,30,3
124000416,88,62,26
124000417,140,50,90
124000418,144,50,94
124000419,65,54,11
124000420,61,37,24
124000421,36,46,-10
124000422,13,9,4
124000423,58,19,39
124000424,2,56,-54
124000425,114,14,100
124000426,8,55,-47
124000427,81,2,79
124000428,4,19,-15
124000429,35,32,3
124000430,437,222,215
124000431,144,193,-49
124000432,108,325,-217
124000439,5,3,2
124000443,0,4,-4
124000445,241,746,-505
124000446,552,121,431
124000447,0,0,0
124900001,607,303,304
124900002,112,119,-7
124900003,829,367,462
124900004,689,174,515
124900005,109,58,51
124900006,639,167,472
124900008,638,345,293
124900009,134,232,-98
124900010,78,97,-19
124900011,351,128,223
124900012,261,61,200
124900013,325,73,252
124900014,179,36,143
124900015,71,208,-137
124900016,62,76,-14
124900017,266,1085,-819
124900018,48,3,45
124900020,38,24,14
124900021,187,14,173
124900022,22,5,17
124900024,244,0,244
124900026,122,7,115
124900027,103,325,-222
124900028,133,53,80
124900029,8,323,-315
124900030,6,62,-56
124900031,14,98,-84
124900032,87,154,-67
124900033,45,104,-59
124900034,4,36,-32
124900035,63,170,-107
124900036,2,28,-26
124900037,105,77,28
124900038,172,160,12
124900039,2,32,-30
124900040,98,48,50
124900041,184,536,-352
124900042,56,2,54
124900043,325,393,-68
124900044,69,2,67
124900045,303,643,-340
124900047,82,90,-8
124900048,139,54,85
124900050,71,119,-48
124900052,95,200,-105
124900053,94,182,-88
124900054,640,239,401
124900055,0,91,-91
124900057,0,21,-21
124900060,42,75,-33
124900061,71,3,68
124900062,146,21,125
124900066,0,11,-11
124900067,7,40,-33
124900068,162,315,-153
124900070,11,16,-5
124900072,70,26,44
124900075,150,131,19
124900076,7,795,-788
124900077,12,51,-39
124900078,42,10,32
124900079,182,108,74
124900080,198,301,-103
124900081,887,204,683
124900082,255,401,-146
124900083,195,232,-37
124900085,543,457,86
124900086,49,759,-710
124900087,283,39,244
124900088,275,64,211
124900089,651,18,633
124900090,268,116,152
124900091,183,108,75
124900092,167,89,78
124900093,206,106,100
124900094,285,136,149
124900095,51,305,-254
124900096,281,126,155
124900097,240,46,194
124900098,85,125,-40
124900099,222,341,-119
124900100,204,19,185
124900101,26,144,-118
124900102,178,4,174
124900103,76,70,6
124900104,63,55,8
124900105,44,31,13
124900106,233,27,206
124900107,56,15,41
124900108,107,68,39
124900111,0,110,-110
124900112,49,172,-123
124900113,31,168,-137
124900114,67,96,-29
124900115,18,15,3
124900116,153,157,-4
124900117,99,110,-11
124900118,145,241,-96
124900119,252,121,131
124900120,63,116,-53
124900121,43,271,-228
124900122,117,82,35
124900123,167,64,103
124900124,86,174,-88
204000001,89,5,84
204000002,5,3,2
204000003,9,4,5
204000004,0,0,0
204000005,502,347,155
204000006,822,850,-28
204000011,5,22,-17
204000012,18,75,-57
204000019,529,287,242
204000020,561,258,303
204000021,612,393,219
204000022,428,232,196
204000023,414,337,77
204000031,41,5,36
204000032,245,16,229
204000034,23,63,-40
204000035,0,0,0
204000036,2,11,-9
204000037,2,8,-6
204000038,0,13,-13
204000039,0,16,-16
204000040,6,24,-18
204000041,6,10,-4
204000042,36,10,26
204000043,40,4,36
204000044,15,2,13
204000045,37,0,37
204000046,2,1,1
204000057,1,4,-3
204000062,37,26,11
204000068,20,169,-149
204000069,38,216,-178
204000070,66,54,12
204000080,20,45,-25
204000085,1375,832,543
204000086,1627,952,675
204000087,26,6,20
204000088,10,70,-60
204000090,46,97,-51
204000093,326,49,277
204000096,721,597,124
204000097,284,3,281
204000099,695,1094,-399
204000100,935,1236,-301
204000105,1497,647,850
204000110,192,515,-323
204000111,341,268,73
204000112,334,291,43
204000113,202,326,-124
204000114,484,424,60
204000115,455,139,316
204000116,429,266,163
204000119,1348,1682,-334
204000132,564,256,308
204000133,702,102,600
204000134,164,58,106
204000135,492,23,469
204000136,474,108,366
204000138,270,349,-79
204000140,136,92,44
204000141,129,46,83
204000144,4,24,-20
204000145,314,35,279
204000146,10,181,-171
204000147,10,97,-87
204000148,157,23,134
204000154,25,0,25
204000155,2,2,0
204000177,54,30,24
204000179,62,2,60
204000180,0,22,-22
204000222,2,3,-1
204000235,21,4,17
204000236,24,85,-61
204000238,8,11,-3
204000240,163,50,113
204000263,482,497,-15
204000268,580,383,197
204000308,77,14,63
204000317,8,28,-20
204000322,5,29,-24
204000323,5,0,5
204000328,117,34,83
204000329,40,55,-15
204000330,134,31,103
204000331,59,79,-20
205000001,637,918,-281
205000013,10,41,-31
205000014,8,62,-54
205000015,36,75,-39
205000016,21,101,-80
205000017,29,37,-8
205000022,217,507,-290
205000025,954,574,380
205000029,177,8,169
205000045,113,610,-497
205000046,66,444,-378
205000047,28,258,-230
205000048,306,526,-220
205000049,140,462,-322
205000050,330,213,117
205000059,1,142,-141
205000060,1,95,-94
205000061,2,97,-95
205000062,3,140,-137
205000063,24,189,-165
205000064,14,64,-50
205000065,66,379,-313
205000066,103,388,-285
205000067,40,565,-525
205000069,161,7,154
205000082,111,98,13
205000110,38,172,-134
205000111,135,131,4
205000112,110,114,-4
205000113,133,240,-107
205000121,157,19,138
205000123,32,140,-108
205000126,315,48,267
205000127,519,119,400
205000128,241,24,217
205000129,485,42,443
205000130,97,15,82
205000131,40,10,30
205000132,85,3,82
205000133,56,2,54
205000134,216,1,215
205000137,42,100,-58
205000138,62,153,-91
205000139,24,68,-44
205000144,55,77,-22
205000145,200,103,97
205000151,88,17,71
205000152,120,11,109
205000153,118,20,98
205000154,50,26,24
205000155,75,6,69
205000207,4,106,-102
205000233,47,27,20
205000234,0,0,0
205000243,0,0,0
205000244,0,3,-3
205000245,3,73,-70
205000249,0,10,-10
205000250,4,1,3
205000264,3,58,-55
206000027,5,2,3
206000028,1,0,1
206000043,2,21,-19
206000053,1,2,-1
206000054,0,9,-9
206000055,1,7,-6
206000075,5,9,-4
206000076,5,16,-11
206000077,13,3,10
206000078,6,5,1
206000079,18,9,9
206000082,245,31,214
206000100,18,183,-165
206000103,0,9,-9
206000104,7,14,-7
206000105,6,4,2
206000106,3,15,-12
206000125,48,0,48
206000157,25,244,-219
206000170,0,75,-75
206000171,2,75,-73
206000172,4,97,-93
206000173,0,77,-77
206000174,3,16,-13
206000175,0,29,-29
206000176,5,50,-45
206000177,2,50,-48
206000178,0,67,-67
206000179,2,21,-19
206000180,5,37,-32
206000181,5,31,-26
206000182,4,39,-35
206000183,10,105,-95
206000184,0,90,-90
206000185,5,40,-35
206000186,49,287,-238
206000223,3,91,-88
206000226,13,0,13
206000227,14,0,14
206000237,30,148,-118
206000238,14,202,-188
206000239,102,628,-526
206000240,0,27,-27
206000241,0,31,-31
206000242,3,71,-68
206000243,1,36,-35
206000244,16,135,-119
206000245,511,44,467
206000246,195,17,178
206000247,189,2,187
206000248,244,22,222
206000252,49,25,24
206000258,15,17,-2
206000315,12,2,10
206000317,399,78,321
206000318,477,32,445
206000319,1129,56,1073
206000320,191,20,171
206000321,181,7,174
206000322,365,14,351
206000323,169,4,165
206000324,170,15,155
206000325,82,30,52
206000326,91,6,85
206000327,65,4,61
206000328,139,2,137
206000329,205,12,193
206000330,56,3,53
206000331,159,1,158
206000332,57,2,55
206000333,548,1,547
206000334,165,0,165
206000335,0,8,-8
206000361,2,91,-89
206000392,4,8,-4
206000405,99,0,99
206000441,31,12,19
206000498,28,2,26
206000515,34,36,-2
206000530,254,24,230
206000531,138,134,4
206000532,981,194,787
206000535,46,848,-802
206000536,22,52,-30
206000537,15,79,-64
206000613,1073,134,939
206000784,280,19,261
207000001,103,419,-316
207000002,81,229,-148
207000003,134,81,53
207000007,1042,210,832
207000008,87,4,83
207000009,50,53,-3
207000010,194,150,44
207000012,296,93,203
207000015,155,470,-315
207000019,177,60,117
207000021,413,145,268
207000022,143,118,25
207000023,184,48,136
207000024,4,8,-4
207000025,23,47,-24
207000026,84,32,52
207000027,23,54,-31
207000028,49,93,-44
207000029,182,239,-57
207000033,133,377,-244
207000034,202,94,108
207000039,357,75,282
207000040,383,35,348
207000041,49,17,32
207000042,197,39,158
207000043,154,122,32
207000051,83,119,-36
207000052,17,98,-81
207000053,266,296,-30
207000054,43,40,3
207000055,125,62,63
207000056,193,177,16
207000057,89,167,-78
207000058,159,156,3
207000059,79,234,-155
207000060,74,86,-12
207000061,76,553,-477
207000062,362,49,313
207000063,381,83,298
207000064,252,57,195
207000065,265,139,126
207000066,210,104,106
207000067,53,50,3
207000068,112,31,81
207000069,621,235,386
207000082,11,89,-78
207000083,41,135,-94
207000084,247,161,86
207000085,185,28,157
207000086,212,4,208
207000106,42,18,24
207000107,74,15,59
207000108,72,15,57
207000109,65,8,57
207000110,40,42,-2
207000111,53,47,6
207000112,106,479,-373
207000114,19,17,2
207000115,32,41,-9
207000116,16,240,-224
207000117,3,68,-65
207000118,3,37,-34
207000119,20,34,-14
207000123,131,15,116
207000124,76,13,63
207000125,65,39,26
207000126,53,27,26
207000134,104,46,58
207000135,16,76,-60
207000148,92,236,-144
207000149,51,21,30
207000152,77,294,-217
207000153,445,886,-441
207000154,294,92,202
207000159,53,71,-18
207000160,84,147,-63
207000238,0,139,-139
207000242,4,73,-69
207000248,25,10,15
207000249,95,19,76
207000250,231,37,194
207000251,45,58,-13
207000252,25,51,-26
207000278,102,68,34
207000279,26,70,-44
207000280,586,38,548
207000281,79,329,-250
207000282,51,95,-44
207000283,31,125,-94
207000284,23,257,-234
207000285,38,63,-25
207000291,13,51,-38
207000304,95,45,50
207000306,51,210,-159
207000310,101,63,38
207000353,233,3,230
207000356,11,23,-12
207000357,4,11,-7
207000358,3,7,-4
207000415,5,74,-69
207000417,29,8,21
207000418,75,83,-8
207000438,0,1,-1
207000439,548,463,85
207000446,124,3,121
207000460,33,4,29
207000466,97,71,26
207000467,194,48,146
207000468,43,110,-67
207000476,14,26,-12
207000477,493,26,467
207000478,1,24,-23
207000523,0,9,-9
207000524,64,2,62
207000527,101,93,8
207000530,394,10,384
207000531,207,10,197
207000532,49,16,33
207000534,162,25,137
207000535,30,171,-141
207000537,10,42,-32
207000540,2,74,-72
207000541,2,149,-147
207000548,5,112,-107
207000549,226,14,212
207000561,108,159,-51
207000562,15,80,-65
207000567,105,148,-43
207000568,131,14,117
207000569,417,203,214
207000584,130,80,50
207000585,31,175,-144
207000587,104,8,96
207000616,0,58,-58
207000617,113,0,113
207000624,26,24,2
207000631,4,22,-18
207900008,200,37,163
208000001,457,784,-327
208000002,547,334,213
208000003,954,211,743
208000004,676,481,195
208000005,1,13,-12
208000019,439,519,-80
208000020,140,294,-154
208000021,192,190,2
208000022,775,254,521
208000028,514,819,-305
208000033,398,307,91
208000034,650,829,-179
208000037,134,7,127
208000040,88,90,-2
208000041,479,360,119
208000042,537,411,126
208000047,129,138,-9
208000064,1368,957,411
208000066,1034,1666,-632
208000070,315,208,107
208000071,437,363,74
208000072,363,660,-297
208000080,272,197,75
208000081,253,101,152
208000082,241,127,114
208000083,156,221,-65
208000084,7,12,-5
208000085,505,388,117
208000086,329,665,-336
208000087,284,445,-161
208000089,821,235,586
208000090,728,308,420
208000093,147,93,54
208000094,387,233,154
208000095,462,292,170
208000104,670,603,67
208000105,532,618,-86
208000114,92,284,-192
208000115,336,198,138
208000116,407,699,-292
208000117,128,97,31
208000118,106,106,0
208000155,504,614,-110
208000158,918,2425,-1507
208000186,1834,3004,-1170
208000204,442,611,-169
208000205,760,502,258
208000282,2753,1815,938
209000004,302,118,184
209000005,31,10,21
209000006,329,135,194
209000007,174,237,-63
209000010,213,100,113
209000011,93,135,-42
209000012,90,85,5
209000013,164,126,38
209000014,213,329,-116
209000025,219,44,175
209000026,555,60,495
209000027,248,329,-81
209000028,170,195,-25
209000029,216,328,-112
209000030,269,461,-192
209000031,1180,802,378
209000034,137,161,-24
209000035,93,122,-29
209000036,138,64,74
209000037,208,118,90
209000038,97,87,10
209000039,56,99,-43
209000040,196,323,-127
209000041,158,256,-98
209000042,159,213,-54
209000043,475,643,-168
209000044,141,549,-408
209000045,861,242,619
209000046,380,283,97
209000047,276,124,152
209000048,461,160,301
209000049,78,59,19
209000050,180,69,111
209000051,180,119,61
209000052,114,106,8
209000062,50,40,10
209000063,33,18,15
209000064,12,32,-20
209000065,63,7,56
209000066,56,4,52
209000067,70,26,44
209000080,8,107,-99
209000082,64,17,47
209000091,15,51,-36
209000093,50,9,41
209000094,66,75,-9
209000110,58,83,-25
209000111,294,887,-593
209000112,663,296,367
209000113,983,364,619
209000114,448,311,137
209000115,40,77,-37
209000116,319,154,165
209000118,23,37,-14
209000119,21,7,14
209000121,82,292,-210
209000135,34,123,-89
209000142,414,977,-563
209000143,27,33,-6
209000144,25,124,-99
209000229,206,56,150
209000240,22,115,-93
209000259,48,45,3
209000260,36,462,-426
209000261,0,229,-229
209000262,0,185,-185
209000263,0,138,-138
209000264,0,159,-159
209000265,285,27,258
209000266,117,0,117
209000267,671,10,661
209000268,426,34,392
210000037,63,18,45
210000047,55,10,45
210000048,89,9,80
210000049,62,2,60
210000052,66,35,31
210000053,15,20,-5
210000054,42,36,6
210000070,109,2,107
210000071,52,2,50
210000072,17,0,17
210000073,0,16,-16
210000074,0,69,-69
210000075,1,63,-62
210000076,5,114,-109
210000077,7,32,-25
210000078,26,31,-5
210000079,11,10,1
210000080,49,59,-10
210000081,96,14,82
210000082,70,0,70
210000083,50,1,49
210000084,26,0,26
210000085,1,13,-12
210000086,0,45,-45
210000099,18,197,-179
210000100,33,114,-81
210000101,73,133,-60
210000105,41,128,-87
210000159,0,139,-139
210000163,69,155,-86
210000164,157,137,20
210000168,91,20,71
210000187,0,15,-15
210000188,0,7,-7
210000214,18,0,18
210000219,32,27,5
210000220,87,16,71
210000232,2,10,-8
210000233,24,35,-11
210000234,13,62,-49
210000235,54,38,16
210000245,10,33,-23
210000246,27,1,26
210000258,5,47,-42
210000259,202,37,165
210000282,45,151,-106
210000285,1,79,-78
210000286,8,96,-88
210000290,1,5,-4
210000295,27,71,-44
210000296,29,25,4
210000320,126,38,88
210000321,118,29,89
210000338,48,53,-5
210000339,153,685,-532
210000340,76,206,-130
210000341,148,196,-48
210000342,164,132,32
210000343,132,129,3
210000344,87,90,-3
210000345,78,196,-118
210000346,56,92,-36
210000347,19,34,-15
210000348,70,28,42
210000349,37,23,14
210000350,138,47,91
210000351,185,64,121
210000352,27,26,1
210000353,27,42,-15
210000354,33,31,2
210000355,29,51,-22
210000356,13,30,-17
210000357,27,23,4
210000358,125,91,34
210000359,44,69,-25
210000360,91,86,5
210000361,107,103,4
210000362,189,140,49
210000363,358,219,139
210000364,62,80,-18
210000365,83,47,36
210000366,101,38,63
210000367,65,21,44
210000368,107,20,87
210000369,21,15,6
210000370,43,22,21
210000372,7,16,-9
210000373,23,10,13
210000374,38,20,18
210000375,28,36,-8
210000376,40,61,-21
210000404,58,56,2
210000439,26,18,8
210000472,54,1,53
210000482,38,84,-46
210000564,121,165,-44
210000567,0,23,-23
210000568,134,0,134
211000092,18,23,-5
211000094,19,3,16
211000169,113,12,101
211000172,15,106,-91
211000209,0,18,-18
211000226,6,7,-1
211000270,13,12,1
211000275,10,9,1
211000276,58,13,45
211000279,12,10,2
211000281,79,18,61
211000302,3,7,-4
211507980,0,52,-52
211977296,47,3,44
212000003,149,32,117
212000004,19,30,-11
212000005,13,17,-4
212000006,21,44,-23
212000008,147,121,26
212000009,38,97,-59
212000012,62,49,13
212000013,36,24,12
212000014,146,82,64
212000015,257,132,125
212000016,364,338,26
212000027,413,176,237
212000028,247,207,40
212000029,159,120,39
212000030,32,10,22
212000031,60,17,43
212000048,16,93,-77
212000049,16,125,-109
212000050,10,5,5
212000051,108,99,9
212000052,130,96,34
212000053,262,227,35
212000054,273,36,237
212000055,236,82,154
212000056,23,22,1
212000057,11,23,-12
212000058,70,27,43
212000070,69,76,-7
212000077,105,267,-162
212000099,169,137,32
212000108,153,108,45
212000111,146,33,113
212000120,83,42,41
212000138,140,15,125
212000156,4,73,-69
212000158,4,16,-12
212000159,353,32,321
212000160,613,129,484
212000161,37,1,36
212000310,27,9,18
212000311,7,15,-8
212000374,27,6,21
213000001,31,199,-168
213000005,206,64,142
213000006,552,205,347
213000007,64,4,60
213000009,380,282,98
213000010,170,229,-59
213000011,141,81,60
213000012,118,132,-14
213000014,51,8,43
213000015,218,3,215
213000016,248,0,248
213000017,44,0,44
213000018,1,64,-63
213000019,0,51,-51
213000020,88,268,-180
213000021,1,78,-77
213000023,301,114,187
213000033,195,887,-692
213000034,384,134,250
213000035,61,144,-83
213000045,124,149,-25
213000046,204,93,111
213000047,312,880,-568
213000056,81,22,59
213000069,63,2,61
213000073,0,29,-29
213000074,31,205,-174
213000075,312,4,308
213000076,32,1,31
213000085,6,28,-22
213000086,8,110,-102
213000091,139,8,131
213000092,61,5,56
213000099,137,768,-631
213000100,727,164,563
213000101,303,61,242
213000102,299,87,212
213000103,559,458,101
213000104,75,220,-145
213000105,2,128,-126
213000106,15,49,-34
213000107,125,235,-110
213000108,46,234,-188
213000109,15,131,-116
213000110,5,42,-37
213000111,6,36,-30
213000112,103,64,39
213000115,58,3,55
213000116,76,187,-111
213000117,3,326,-323
213000118,406,145,261
213000119,30,365,-335
213000120,65,196,-131
213000122,100,216,-116
213000123,210,479,-269
213000124,85,504,-419
213000125,101,27,74
213000126,20,45,-25
213000127,69,85,-16
213000128,182,620,-438
213000129,168,584,-416
213000130,532,308,224
213000132,324,80,244
213000133,457,55,402
213000134,658,17,641
213000136,258,10,248
213000137,496,51,445
213000139,213,10,203
213000147,49,12,37
213000148,10,8,2
213000149,19,5,14
213000150,1,140,-139
213000151,1,127,-126
213000152,2,85,-83
213000153,9,101,-92
213000154,32,82,-50
213000155,55,120,-65
213000156,109,283,-174
213000157,429,225,204
213000158,225,572,-347
213000159,480,249,231
213000163,702,82,620
213000165,621,159,462
213000171,0,26,-26
213000172,1,123,-122
213000173,0,100,-100
213000174,1,49,-48
213000175,12,30,-18
213000176,48,27,21
213000177,83,5,78
213000178,175,3,172
213000179,172,0,172
213000180,152,0,152
213000184,44,220,-176
213000188,231,66,165
213000189,290,31,259
213000190,588,410,178
213000191,228,159,69
213000192,180,137,43
213000193,394,131,263
213000194,1,91,-90
213000195,13,235,-222
213000196,166,812,-646
213000197,317,302,15
213000198,32,2,30
213000200,100,457,-357
213000201,23,31,-8
213000202,11,326,-315
213000203,1611,422,1189
213000204,559,62,497
213000205,196,67,129
213000206,311,20,291
213000207,84,2,82
213000208,22,3,19
213000209,71,3,68
213000210,203,2,201
213000211,3,17,-14
213000212,9,32,-23
213000213,23,93,-70
213000218,176,261,-85
213000219,334,8,326
213000220,282,8,274
213000223,131,163,-32
213000224,22,34,-12
213000225,35,4,31
213000226,48,12,36
213000227,592,147,445
213000228,319,67,252
213000229,84,21,63
213000230,316,14,302
213000232,18,543,-525
213000233,6,78,-72
213000234,2,76,-74
213000293,13,73,-60
213000294,61,26,35
213000295,8,101,-93
213000296,38,8,30
213000297,9,51,-42
213000298,8,46,-38
213000299,40,18,22
213000300,7,4,3
213000303,3,29,-26
213000304,2,5,-3
213000305,1,20,-19
213000306,33,20,13
213000307,48,42,6
213000308,60,75,-15
213000309,122,30,92
213000310,321,119,202
213000311,128,408,-280
213000315,53,50,3
213000316,136,28,108
213000322,57,60,-3
213000323,68,45,23
213000324,50,20,30
213000325,37,42,-5
213000326,16,12,4
213000327,29,14,15
213000328,15,96,-81
213000329,74,14,60
213000340,116,247,-131
213000341,376,61,315
213000346,99,178,-79
213000347,402,316,86
213000348,6,164,-158
213000349,15,28,-13
213000350,241,466,-225
213000366,57,117,-60
213000367,186,14,172
213000379,24,62,-38
213000386,19,148,-129
213000406,62,157,-95
213000417,870,277,593
213000425,187,13,174
213000426,120,24,96
213000427,52,105,-53
213000428,26,55,-29
213000429,11,3,8
213000430,51,207,-156
213000431,19,1,18
213000432,0,12,-12
213000433,14,105,-91
213000434,43,58,-15
213000435,61,49,12
213000436,65,37,28
213000437,0,3,-3
213000438,113,28,85
213000439,21,11,10
213000440,3,226,-223
213000441,1,3,-2
213000442,0,42,-42
213000443,237,181,56
213000444,17,14,3
213000445,0,44,-44
213000446,0,21,-21
213000447,2,34,-32
213000448,5,118,-113
213000449,307,0,307
213000450,20,28,-8
213000451,180,44,136
213000452,11,9,2
213000453,31,150,-119
213000455,117,1,116
213000456,2,153,-151
213000481,13,5,8
213000482,26,0,26
213000489,134,41,93
213000491,6,210,-204
213000492,109,3,106
213000493,2,135,-133
213000494,161,49,112
213000495,0,38,-38
213000496,293,110,183
213000497,56,130,-74
213000498,116,71,45
213000499,149,169,-20
213000500,374,35,339
213000501,107,10,97
213000502,102,60,42
213000503,3,27,-24
213000504,6,46,-40
213000505,5,10,-5
213000506,0,4,-4
213000507,0,79,-79
213900244,34,0,34
213900245,0,29,-29
218000003,27,11,16
218000004,21,23,-2
218000005,11,32,-21
218000006,55,25,30
218000007,12,7,5
218000012,63,81,-18
218000013,77,84,-7
218000014,240,250,-10
218000019,415,300,115
218000020,142,235,-93
218000021,12,22,-10
218000022,7,3,4
218000023,1,12,-11
218000024,2,4,-2
218000025,7,8,-1
218000026,10,13,-3
218000027,0,5,-5
218000028,2,4,-2
218000029,1,1,0
218000030,17,15,2
218000031,13,2,11
218000032,2,5,-3
218000040,0,1,-1
218000046,32,33,-1
218000047,5,61,-56
218000048,25,30,-5
218000049,52,38,14
218000050,227,93,134
218000051,37,95,-58
218000052,0,49,-49
218000053,6,10,-4
218000054,5,42,-37
218000055,6,19,-13
218000056,17,23,-6
218000057,1,11,-10
218000064,0,5,-5
218000065,59,9,50
218000066,6,22,-16
218000067,82,44,38
218000068,56,37,19
218000069,180,62,118
218000070,172,96,76
218000071,122,112,10
218000072,115,136,-21
218000078,608,329,279
218000079,92,46,46
218000080,81,24,57
218000081,311,122,189
218000082,57,45,12
218000083,62,59,3
218000084,88,48,40
218000085,80,130,-50
218000086,38,59,-21
218000087,137,57,80
218000090,8,67,-59
218000091,713,248,465
218000092,59,112,-53
218000093,59,47,12
218000094,266,318,-52
218000099,168,493,-325
218000100,206,165,41
218000101,205,71,134
218000102,322,67,255
218000103,69,41,28
218000104,63,24,39
218000105,23,13,10
218000106,11,4,7
218000107,30,33,-3
218000108,2,17,-15
218000112,45,16,29
218000117,38,40,-2
218000134,411,293,118
218000135,14,63,-49
218000136,124,117,7
218000137,136,111,25
218000138,49,72,-23
218000139,190,183,7
218000140,394,175,219
218000141,66,30,36
218000142,155,99,56
218000143,53,191,-138
218000144,15,84,-69
218000145,339,192,147
218000146,55,121,-66
218000151,2,7,-5
218000152,59,27,32
218000153,6,3,3
218000154,5,1,4
218000155,15,1,14
218000156,49,13,36
218000157,31,7,24
218000158,7,5,2
218000159,2,1,1
218000160,3,1,2
218000161,13,2,11
218000162,16,4,12
218000163,9,2,7
218000164,40,3,37
218000165,41,15,26
218000170,5,16,-11
218000171,31,6,25
218000172,5,3,2
218000173,10,8,2
218000174,6,8,-2
218000176,137,37,100
218000177,236,152,84
218000178,66,116,-50
218000179,81,36,45
218000180,76,18,58
218000181,131,20,111
218000187,14,31,-17
218000188,12,25,-13
218000189,21,54,-33
218000190,8,11,-3
218000191,122,21,101
218000192,164,72,92
218000193,267,172,95
218000194,67,156,-89
218000195,113,32,81
218000196,245,165,80
218000197,372,133,239
218000198,18,72,-54
218000199,29,22,7
218000200,50,27,23
218000201,13,5,8
218000202,38,182,-144
218000207,6,8,-2
218000208,20,18,2
218000211,23,15,8
218000212,2,5,-3
218000213,59,51,8
218000214,5,19,-14
218000215,16,20,-4
218000217,3,41,-38
218000218,116,26,90
218000219,6,10,-4
218000220,24,281,-257
218000221,318,104,214
218000222,2,18,-16
218000223,7,187,-180
218000224,5,91,-86
218000225,87,12,75
218000226,94,35,59
218000230,0,2,-2
218000232,21,34,-13
218000239,74,8,66
218000240,2,2,0
218000241,19,0,19
218000242,15,1,14
218000243,12,0,12
218000244,16,6,10
218000245,5,5,0
218000246,0,0,0
218000247,0,0,0
218000248,0,17,-17
218000249,1,3,-2
218000250,3,14,-11
218000251,3,60,-57
218000252,1,230,-229
218000253,2,216,-214
218000254,1,57,-56
218000255,3,37,-34
218000256,4,95,-91
218000267,194,539,-345
218000268,3,24,-21
218000269,3,11,-8
218000270,96,32,64
218000271,20,30,-10
218000273,5,3,2
218000274,12,4,8
218000275,27,29,-2
218000276,10,24,-14
218000278,10,27,-17
218000279,77,16,61
218000280,5,30,-25
218000281,8,10,-2
218000282,313,441,-128
218000284,59,6,53
218000301,64,94,-30
218000302,89,44,45
218000303,9,35,-26
218000316,485,448,37
218000317,1090,423,667
218000318,738,372,366
218000319,695,379,316
218000320,611,370,241
218000338,24,22,2
218000345,52,31,21
218000346,12,120,-108
218000459,50,109,-59
218000490,14,51,-37
218000501,50,17,33
218000502,44,29,15
218000503,96,17,79
218000504,124,23,101
218000505,41,62,-21
218000506,26,167,-141
218000508,0,7,-7
218000510,106,3,103
218000520,75,69,6
218000521,11,32,-21
218000522,1,121,-120
218000523,113,4,109
218000524,20,220,-200
218000525,85,28,57
218000526,12,154,-142
218000529,25,64,-39
218000530,11,2,9
218000531,6,6,0
218000532,8,10,-2
218000534,116,4,112
218000537,15,27,-12
218000538,74,210,-136
218000540,60,66,-6
218000543,117,38,79
218000544,29,76,-47
218000545,72,42,30
218000546,18,44,-26
218000547,58,129,-71
218000548,69,45,24
218000549,328,273,55
218000550,107,161,-54
218000551,46,545,-499
218000552,121,29,92
218000553,24,88,-64
218000554,11,30,-19
218000555,25,17,8
218000556,128,96,32
218000557,257,87,170
218000558,59,2,57
218000559,0,36,-36
218000560,0,30,-30
218000561,16,1,15
218000562,27,127,-100
218000563,149,29,120
218000564,1,114,-113
218000565,73,49,24
218000566,105,27,78
218000567,4,73,-69
218000568,14,5,9
218000569,10,167,-157
218000570,49,11,38
218000571,0,102,-102
218000572,105,0,105
218000573,7,222,-215
218000574,44,14,30
218000575,82,0,82
218000576,0,75,-75
218000577,52,3,49
218000578,0,67,-67
218000579,13,8,5
218000581,6,34,-28
218000582,42,1,41
218000583,6,0,6
218000584,0,22,-22
218000585,31,3,28
218000586,13,44,-31
218000587,0,1,-1
218000588,2,8,-6
218000589,0,8,-8
218000590,7,3,4
218000591,2,3,-1
218000592,5,3,2
218000593,1,5,-4
218000594,0,0,0
218000597,3,0,3
218000598,0,3,-3
218000599,0,0,0
218000600,0,1,-1
218000601,0,2,-2
218000602,0,2,-2
218000603,0,13,-13
218000604,14,2,12
218000605,0,26,-26
218000606,44,6,38
218000607,5,23,-18
218000608,40,12,28
218000609,14,27,-13
218000610,68,4,64
218000611,12,1,11
218000612,0,13,-13
218000613,37,0,37
218000614,2,33,-31
218000615,90,1,89
218000616,2,69,-67
218000617,9,0,9
218000618,0,28,-28
218000619,5,8,-3
218000620,1,4,-3
218000621,0,0,0
218000622,0,1,-1
218000623,1,0,1
218000624,2,6,-4
218000625,4,0,4
218000626,0,6,-6
218000628,103,23,80
218000631,33,7,26
218000632,0,78,-78
218000633,49,2,47
218000634,2,11,-9
218000635,2,7,-5
218000636,487,512,-25
218000637,787,248,539
218000638,172,19,153
218000639,10,55,-45
218000640,231,20,211
218000641,60,85,-25
218000652,25,19,6
218000653,113,39,74
218000663,5,135,-130
218000675,40,22,18
218000676,1,8,-7
218000677,9,0,9
218000680,131,152,-21
218000681,281,86,195
218000691,161,70,91
218000693,234,48,186
218000703,4,14,-10
218000718,56,440,-384
218000719,103,252,-149
218000720,32,326,-294
218000721,114,26,88
218000725,9,4,5
218001147,0,37,-37
218001214,4,35,-31
218001258,100,6,94
218001329,89,79,10
218001330,83,42,41
218001351,21,10,11
218001352,17,22,-5
218001353,15,8,7
218001354,6,25,-19
218001355,4,63,-59
218001356,301,12,289
218001357,20,40,-20
218001358,247,14,233
218001361,306,3,303
218001362,1,46,-45
219000001,25,11,14
219000002,17,22,-5
219000003,29,23,6
219000004,35,31,4
219000017,51,17,34
219000020,120,30,90
219000022,100,3,97
219000023,58,3,55
219000029,0,58,-58
219000034,22,15,7
219000039,77,74,3
219000040,31,41,-10
219000041,88,12,76
219000051,0,29,-29
219000052,0,6,-6
219000053,1,52,-51
219000054,11,27,-16
219000055,161,2,159
219000056,6,0,6
219000057,39,0,39
219000062,10,23,-13
219000063,80,10,70
219000064,0,35,-35
219000110,332,59,273
219000111,60,43,17
219000112,143,40,103
219000113,103,32,71
219000114,98,50,48
219000116,65,26,39
219000117,120,30,90
219000118,98,33,65
219000123,94,35,59
219000124,49,23,26
219000125,10,12,-2
219000126,61,107,-46
219000127,0,2,-2
219000128,9,61,-52
219000129,35,68,-33
219000130,223,353,-130
219000131,427,560,-133
219000133,24,45,-21
219000134,5,24,-19
219000135,22,35,-13
219000136,67,130,-63
219000138,62,17,45
219000139,24,15,9
219000140,67,1,66
219000141,20,36,-16
219000142,3,37,-34
219000143,10,30,-20
219000145,7,40,-33
219000146,0,9,-9
219000147,5,11,-6
219000148,2,11,-9
219000149,7,20,-13
219000150,0,23,-23
219000151,1,14,-13
219000157,128,71,57
219000158,84,131,-47
219000161,82,5,77
219000163,689,281,408
219000166,77,105,-28
219000167,75,70,5
219000168,176,68,108
219000174,396,85,311
219000175,106,3,103
219000176,103,10,93
219000177,38,2,36
219000178,47,0,47
219000179,12,2,10
219000180,14,27,-13
219000182,105,21,84
219000183,57,12,45
219000184,66,6,60
219000185,1,15,-14
219000186,58,7,51
219000187,20,24,-4
219000189,36,144,-108
219000190,41,130,-89
219000191,236,895,-659
219000192,130,74,56
219000193,86,97,-11
219000195,3,20,-17
219000196,3,48,-45
219000198,14,42,-28
219000199,30,108,-78
219000200,21,70,-49
219000201,43,99,-56
219000203,20,61,-41
219000204,58,144,-86
219000205,34,124,-90
219000207,73,112,-39
219000209,20,36,-16
219000210,34,49,-15
219000213,7,81,-74
219000239,138,148,-10
219000240,163,194,-31
219000241,91,90,1
219000242,29,80,-51
219000243,41,132,-91
219000244,8,41,-33
219000245,15,24,-9
219000246,13,21,-8
219000247,138,25,113
219000248,327,253,74
219000249,128,53,75
219000250,102,58,44
219000251,416,187,229
219000252,179,101,78
219000253,267,64,203
219000255,98,62,36
219000256,216,36,180
219000257,70,0,70
219000262,56,54,2
219000263,35,46,-11
219000267,1,40,-39
219000268,1,3,-2
219000269,5,2,3
219000270,8,0,8
219000271,101,5,96
219000278,0,2,-2
219000279,2,1,1
219000283,0,2,-2
219000295,5,46,-41
219000296,40,165,-125
219000297,5,54,-49
219000298,6,47,-41
219000299,281,29,252
219000300,15,86,-71
219000301,114,203,-89
219000302,25,123,-98
219000307,19,30,-11
219000308,28,40,-12
219000311,120,41,79
219000312,404,103,301
219000313,237,43,194
219000314,30,169,-139
219000315,216,15,201
219000316,356,37,319
219000317,73,8,65
219000320,0,37,-37
219000321,0,13,-13
219000323,6,39,-33
219000325,0,3,-3
219000326,33,24,9
219000327,48,28,20
219000328,25,54,-29
219000329,217,84,133
219000330,29,24,5
219000331,26,19,7
219000332,113,52,61
219000333,16,1,15
219000335,48,1,47
219000337,20,0,20
219000338,42,0,42
219000344,4,42,-38
219000345,22,40,-18
219000346,22,56,-34
219000348,102,56,46
219000349,46,98,-52
219000350,107,152,-45
219000351,1,5,-4
219000352,338,51,287
219000353,77,35,42
219000354,145,37,108
219000355,96,30,66
219000356,427,921,-494
219000363,134,37,97
219000364,68,29,39
219000365,85,16,69
219000366,136,240,-104
219000368,267,438,-171
219000370,596,406,190
219000371,3,31,-28
219000382,2,14,-12
219000383,249,674,-425
219000385,260,290,-30
219000386,360,961,-601
219000387,3,18,-15
219000390,7,3,4
219000391,3,0,3
219000397,39,49,-10
219000398,27,33,-6
219000401,6,56,-50
219000402,20,45,-25
219000403,96,201,-105
219000404,13,100,-87
219000407,8,13,-5
219000409,40,35,5
219000410,49,40,9
219000411,39,13,26
219000446,70,176,-106
219000447,0,5,-5
219000448,3,5,-2
219000452,51,62,-11
219000453,38,104,-66
219000454,106,202,-96
219000556,210,50,160
219000558,73,70,3
219000590,9,76,-67
219000591,84,49,35
219000592,73,176,-103
219000595,1,8,-7
219000635,117,25,92
219000636,22,21,1
219000657,6,18,-12
219000658,45,73,-28
219000673,1,6,-5
219000676,0,2,-2
219000679,21,10,11
219000684,57,0,57
219000685,1,23,-22
219000686,2,1,1
219000688,0,37,-37
219000689,18,113,-95
219000690,151,15,136
219000691,30,99,-69
219000692,105,20,85
219000693,1,13,-12
219000694,7,0,7
219000695,31,0,31
219000698,8,0,8
219000699,0,11,-11
219000727,0,37,-37
219000728,30,0,30
219000770,27,1,26
219000771,2,23,-21
219000788,231,137,94
219001150,0,18,-18
219001151,0,2,-2
219001166,20,21,-1
219001167,1,32,-31
219001178,21,0,21
220000001,12,41,-29
220000002,9,67,-58
220000003,148,70,78
220000004,193,139,54
220000005,383,694,-311
220000006,84,324,-240
220000007,299,168,131
220000008,192,299,-107
220000009,188,199,-11
220000010,101,53,48
220000011,208,1430,-1222
220000012,31,142,-111
220000014,83,43,40
220000015,46,229,-183
220000017,19,96,-77
220000018,2334,860,1474
220000019,56,267,-211
220000020,252,107,145
220000021,507,109,398
220000022,588,212,376
220000023,197,92,105
220000024,762,272,490
220000025,378,641,-263
220000026,144,165,-21
220000027,13,52,-39
220000028,26,42,-16
220000029,44,63,-19
220000030,35,55,-20
220000031,295,189,106
220000064,17,522,-505
221000046,1,0,1
221000047,0,0,0
221000048,0,2,-2
221000049,0,1,-1
221000050,9,0,9
221000055,25,38,-13
221000057,73,7,66
221000068,243,82,161
221000069,236,33,203
221000070,167,13,154
221000071,68,7,61
221000072,131,8,123
221000073,122,32,90
221000074,1,8,-7
221000075,8,13,-5
221000076,5,26,-21
221000077,11,49,-38
221000081,17,4,13
221000082,52,5,47
221000083,8,2,6
221000084,7,3,4
221000085,6,41,-35
221000086,17,48,-31
221000087,5,77,-72
221000088,11,138,-127
221000089,20,184,-164
221000090,66,344,-278
221000098,95,10,85
221000099,150,7,143
221000100,81,3,78
221000101,180,9,171
221000102,86,16,70
221000109,2,87,-85
221000110,6,59,-53
221000111,12,127,-115
221000112,7,112,-105
221000113,4,98,-94
221000114,12,83,-71
221000120,32,33,-1
221000121,7,25,-18
221000122,14,13,1
221000123,14,26,-12
221000124,25,61,-36
221000155,82,18,64
221000156,42,17,25
221000175,2,19,-17
221000176,0,1,-1
221000182,34,9,25
221000241,514,222,292
221000242,117,255,-138
221000243,459,163,296
221000244,228,247,-19
221000245,94,71,23
221000246,32,163,-131
221000247,122,89,33
221000248,129,98,31
221000267,17,227,-210
221000325,26,40,-14
221000331,7,39,-32
221000338,10,18,-8
221000378,177,28,149
221000381,39,22,17
222000282,1,7,-6
222000296,1,16,-15
222000568,222,21,201
222000569,127,38,89
222000570,91,12,79
222000571,308,9,299
222000577,11,65,-54
222000578,19,95,-76
222000579,21,92,-71
222000580,73,376,-303
222000599,2,61,-59
222000600,0,188,-188
222000601,4,481,-477
222000603,10,30,-20
222000604,6,40,-34
222000605,25,28,-3
222000606,1,13,-12
222000607,3,4,-1
222000608,17,8,9
222000609,39,68,-29
222000616,338,36,302
222000617,11,26,-15
222000618,4,7,-3
222000620,12,14,-2
222000621,24,9,15
222000623,404,7,397
222000624,326,2,324
222000625,404,3,401
222000636,38,2,36
222000686,18,15,3
222000687,35,24,11
222001066,143,0,143
222001067,13,1,12
222001068,33,8,25
222001069,37,9,28
222001082,27,17,10
222001083,16,12,4
222001084,0,37,-37
222001085,1,86,-85
222001111,32,65,-33
222001112,137,10,127
222001313,12,4,8
222001314,7,78,-71
222001464,142,37,105
222001465,22,71,-49
222001484,117,31,86
222001485,37,12,25
222001494,397,126,271
222001495,92,72,20
222001496,227,65,162
222001497,84,150,-66
222001502,6,32,-26
222001503,94,41,53
222001504,12,160,-148
222001505,222,12,210
222001506,29,210,-181
222001507,220,16,204
222001510,361,13,348
222001511,30,134,-104
222001514,453,118,335
222001515,145,243,-98
222001518,262,47,215
222001519,40,87,-47
222001527,100,25,75
222001528,24,56,-32
222001529,233,26,207
222001530,35,81,-46
222001533,83,101,-18
222001534,232,42,190
222001535,199,200,-1
222001536,38,87,-49
222001537,235,26,209
222001538,55,191,-136
222001563,592,53,539
222001564,43,163,-120
222001568,132,125,7
222001576,0,3,-3
222001579,1,11,-10
222001583,27,40,-13
222001584,65,10,55
222001596,215,440,-225
222001597,662,122,540
222001626,0,40,-40
222001650,14,75,-61
222001651,69,132,-63
222001914,107,24,83
222001915,25,104,-79
222001968,367,239,128
222001969,268,261,7
222001970,92,172,-80
222001971,20,3,17
222001972,2,4,-2
225000001,223,127,96
225000002,416,113,303
225000003,406,67,339
225000004,249,107,142
225000005,60,26,34
225000006,0,77,-77
225000007,594,726,-132
225000010,181,15,166
225000011,140,724,-584
225000012,156,376,-220
225000013,48,48,0
225000014,454,42,412
225000015,47,103,-56
225000021,469,91,378
225000027,102,203,-101
225000032,447,95,352
225000042,33,326,-293
225000049,38,31,7
225000050,81,8,73
225000053,5,154,-149
225000058,421,135,286
225000067,93,88,5
225000068,33,110,-77
225000069,62,216,-154
225000070,77,173,-96
225000071,27,63,-36
225000075,8,316,-308
225000076,31,84,-53
225000078,23,19,4
225000085,107,102,5
225000086,188,42,146
225000087,87,6,81
225000088,5,103,-98
225000089,137,583,-446
225000090,15,228,-213
225000091,111,65,46
225000092,16,40,-24
225000093,136,188,-52
225000094,8,109,-101
225000095,236,195,41
225000096,233,257,-24
225000098,473,183,290
225000099,257,88,169
225000100,236,82,154
225000104,79,211,-132
225000110,1,210,-209
225000111,149,486,-337
225000112,180,543,-363
225000113,188,345,-157
225000114,78,143,-65
225000115,703,345,358
225000116,503,116,387
225000117,388,156,232
225000118,679,141,538
225000119,168,65,103
225000120,465,13,452
225000121,147,14,133
225000123,349,11,338
225000125,351,68,283
225000126,406,93,313
225000127,464,775,-311
225000128,311,574,-263
225000132,286,10,276
225000133,190,12,178
225000134,331,89,242
225000135,62,5,57
225000136,198,10,188
225000137,141,23,118
225000138,300,55,245
225000143,39,93,-54
225000144,1,147,-146
225000145,26,10,16
225000146,41,24,17
225000147,18,103,-85
225000148,8,69,-61
225000149,32,152,-120
225000151,23,54,-31
225000155,254,174,80
225000156,100,480,-380
225000157,153,176,-23
225000158,28,108,-80
225000171,2,70,-68
225000180,23,4,19
225000181,0,42,-42
225000182,54,1,53
225000185,2,236,-234
225000187,16,195,-179
225000191,40,1,39
225000194,0,11,-11
225000208,0,34,-34
225000209,42,5,37
225000210,5,126,-121
225000217,1,6,-5
225000218,8,2,6
225000223,1,40,-39
225000224,25,0,25
225000225,0,30,-30
225000226,17,1,16
225000227,31,52,-21
225000228,10,2,8
225000229,0,41,-41
225000230,13,0,13
225000231,0,20,-20
225000232,78,0,78
225000241,29,0,29
225000242,0,27,-27
225000249,1,0,1
225000250,20,285,-265
225000251,235,18,217
226000042,126,175,-49
226000043,42,161,-119
226000044,39,146,-107
226000045,45,116,-71
226000046,294,32,262
226000047,288,75,213
226000048,290,73,217
226000049,167,147,20
226000070,0,22,-22
226000071,0,31,-31
226000072,0,9,-9
226000073,0,6,-6
226000074,0,9,-9
226000084,1,32,-31
226000085,0,3,-3
226000086,2,10,-8
226000087,3,5,-2
226000088,29,7,22
226000090,64,89,-25
226000091,7,22,-15
226000092,7,2,5
226000093,17,3,14
226000094,2,1,1
226000095,12,1,11
226000105,10,0,10
226000106,5,0,5
226000107,8,0,8
226000108,9,1,8
226000109,60,0,60
226000124,60,56,4
226000134,479,218,261
226000135,951,338,613
226000136,329,216,113
226000137,2,114,-112
226000138,10,49,-39
226000139,0,12,-12
226000156,163,3,160
226000157,136,6,130
226000163,16,38,-22
226000202,19,93,-74
226000231,322,8,314
226000232,19,6,13
227000033,364,73,291
227000036,408,23,385
227000037,327,14,313
227000038,142,20,122
227000049,0,25,-25
227000050,2,33,-31
227000055,51,0,51
227000056,5,0,5
227000084,1,49,-48
227000085,0,38,-38
227000088,21,5,16
227000089,69,2,67
227000090,23,2,21
227000091,16,0,16
227000092,1,0,1
227000093,96,0,96
227000094,13,0,13
227000130,23,146,-123
227000131,16,93,-77
227000132,11,107,-96
227000133,6,98,-92
227000134,14,162,-148
227000152,0,10,-10
227000153,0,53,-53
227000154,0,2,-2
227000155,2,13,-11
227000156,1,9,-8
227000165,2,100,-98
227000196,216,78,138
227000199,294,191,103
227000230,6,170,-164
227000232,292,11,281
227000242,59,366,-307
227000243,358,100,258
227000245,17,209,-192
227000246,95,234,-139
227000247,387,69,318
227000248,143,32,111
227000249,37,130,-93
227000250,313,153,160
227000251,84,144,-60
227000252,33,135,-102
227000253,174,35,139
227000262,403,44,359
227000266,808,35,773
227000267,14,471,-457
227000282,1,57,-56
227000284,439,8,431
227000286,0,25,-25
227000287,10,31,-21
227000291,2,162,-160
227000484,164,3,161
227000485,14,400,-386
227000655,93,2,91
227000656,386,13,373
227000657,44,5,39
227000661,213,8,205
227000680,81,52,29
229000265,7,20,-13
229000296,0,9,-9
229000297,1,16,-15
229000298,3,87,-84
229000320,6,5,1
229000321,9,1,8
229000412,22,40,-18
229000414,2,42,-40
229000415,7,3,4
229000416,0,7,-7
229000417,0,3,-3
229000419,55,181,-126
229000440,233,63,170
229000442,13,4,9
229000443,2,1,1
229000444,1,25,-24
229000445,41,8,33
229000446,65,7,58
229000491,2,5,-3
229000492,3,30,-27
229000493,2,38,-36
229000494,12,0,12
229000495,34,0,34
229000496,12,0,12
229000507,0,18,-18
229000508,0,16,-16
229000509,0,28,-28
229000510,3,9,-6
229000511,0,18,-18
229000512,0,8,-8
229000513,0,0,0
229000514,0,2,-2
229000517,1,1,0
229000518,15,2,13
229000519,2,5,-3
229000520,19,15,4
229000521,51,7,44
229000522,2,1,1
229000523,16,4,12
229000524,1,2,-1
229000527,1,0,1
229000528,0,0,0
229000529,3,0,3
229000530,20,0,20
229000531,23,0,23
229000532,4,0,4
229000533,32,1,31
229000534,18,0,18
229000564,35,0,35
229000565,12,0,12
229000566,0,0,0
229000567,0,11,-11
229000582,38,1,37
229000583,5,4,1
229000584,0,28,-28
229000585,1,28,-27
229000718,0,0,0
229000719,0,1,-1
229000720,0,1,-1
229000721,0,1,-1
229000722,0,2,-2
229000723,0,2,-2
229000724,0,0,0
229000725,0,0,0
229000738,0,0,0
229000739,0,0,0
229000740,0,0,0
229000741,12,0,12
229000742,19,0,19
229000743,9,0,9
229000744,1,0,1
229000745,1,0,1
229000746,6,0,6
229000847,55,0,55
229000848,13,1,12
229000849,65,1,64
229000851,15,0,15
229000854,0,5,-5
229000856,0,13,-13
229000857,0,9,-9
229000858,0,10,-10
229000919,2,33,-31
229000930,1,102,-101
229000937,60,5,55
229000966,28,13,15
229000981,10,7,3
229000985,10,11,-1
229000986,2,0,2
229000987,0,0,0
229000988,3,3,0
229000989,3,4,-1
229000990,0,0,0
229000991,1,0,1
229000992,11,0,11
229000993,95,2,93
229000998,3,27,-24
229000999,80,2,78
229001034,0,3,-3
229001035,1,1,0
229001037,25,2,23
229001042,8,6,2
229001047,1,49,-48
229001050,20,19,1
229001168,0,8,-8
229001200,15,2,13
229001338,2,8,-6
229001394,109,3,106
229001422,75,13,62
229001423,14,67,-53
229001431,20,23,-3
229001432,21,32,-11
229001444,146,39,107
229001445,11,90,-79
229001479,16,7,9
229001503,135,49,86
229001504,74,66,8
229001505,62,16,46
229001506,29,57,-28
229001509,22,4,18
229001545,79,0,79
229001546,5,19,-14
229001553,41,7,34
229001554,20,31,-11
229001559,3,5,-2
229001560,3,21,-18
229001630,31,3,28
229001631,1,14,-13
229001635,0,6,-6
229001636,3,0,3
229001658,1,39,-38
229001659,29,1,28
229001660,1,3,-2
229001661,6,17,-11
229001662,25,0,25
229001663,0,5,-5
229002584,115,108,7
229002831,103,60,43
229002841,8,22,-14
229002842,16,17,-1
229002843,21,12,9
229002844,40,36,4
229002845,7,48,-41
229002846,15,11,4
229002847,1,6,-5
229002848,5,3,2
229002849,8,48,-40
229002850,4,2,2
229002851,24,88,-64
229002852,110,17,93
229002853,88,10,78
229002854,15,48,-33
229002855,4,11,-7
229002856,13,12,1
229002857,12,103,-91
229002858,8,12,-4
229002859,11,62,-51
229002860,70,9,61
229002861,41,11,30
229002862,25,13,12
229002863,14,12,2
229002864,11,15,-4
229002865,9,17,-8
229002866,12,10,2
229002867,1,21,-20
229002868,3,9,-6
229002869,16,78,-62
229002870,34,7,27
235000066,215,40,175
235000067,92,72,20
235000072,22,61,-39
235000073,75,221,-146
235000074,21,21,0
235000080,14,51,-37
235000081,95,57,38
235000082,144,24,120
235000083,189,37,152
235000084,35,26,9
235000085,121,46,75
235000089,18,10,8
235000092,27,82,-55
235000093,8,6,2
235000097,2,8,-6
235000098,61,8,53
235000099,15,13,2
235000116,55,19,36
235000117,413,7,406
235000133,10,463,-453
235000134,5,130,-125
235000206,7,1,6
235000207,2,9,-7
235000208,2,4,-2
235000209,6,3,3
235000210,5,5,0
235000212,1,14,-13
235000213,0,6,-6
235000220,1,3,-2
235000221,52,19,33
235000238,16,93,-77
235000239,2,21,-19
235000242,261,553,-292
235000245,403,130,273
235000246,7,60,-53
235000284,6,131,-125
235000295,43,13,30
235000305,175,18,157
235000306,179,6,173
235000307,20,5,15
235000308,18,0,18
235000309,33,1,32
235000310,30,0,30
235000311,48,9,39
235000322,1,22,-21
235000323,0,24,-24
235000324,0,31,-31
235000325,1,4,-3
235000326,2,65,-63
235000351,11,49,-38
235000352,9,40,-31
235000353,7,13,-6
235000354,10,51,-41
235000355,9,59,-50
235000356,23,4,19
235000357,10,6,4
235000358,50,14,36
235000359,8,11,-3
235000360,27,13,14
235000361,58,6,52
235000381,66,57,9
235000382,146,11,135
235000390,10,5,5
235000391,113,14,99
235000392,171,217,-46
235000393,140,129,11
235000395,140,26,114
235000396,436,52,384
235000400,28,32,-4
235000401,9,117,-108
235000405,77,134,-57
235000406,42,124,-82
235000407,20,41,-21
235000409,105,54,51
235000410,14,160,-146
235000411,2,33,-31
235000485,0,7,-7
235000486,4,0,4
235000549,83,57,26
235000550,75,65,10
235000599,205,41,164
235000600,6,10,-4
235000601,13,21,-8
235000602,69,45,24
235000614,0,9,-9
235000648,2,3,-1
235000649,39,4,35
235000685,5,3,2
235000815,17,127,-110
235000834,0,7,-7
235000855,27,34,-7
235000862,37,63,-26
235000891,0,11,-11
235000892,6,4,2
235000901,42,37,5
235000907,2,11,-9
235001010,68,38,30
235001029,260,239,21
235001030,312,188,124
235001078,77,62,15
235001079,41,55,-14
235001147,1,27,-26
235001166,18,48,-30
235001167,76,13,63
235001169,21,329,-308
235001188,2,7,-5
235001189,3,0,3
235001197,5,14,-9
235001200,41,38,3
235001207,112,31,81
235001210,20,61,-41
235001215,14,76,-62
235001239,2,16,-14
235001244,0,12,-12
235016267,0,23,-23
277101746,0,0,0
277102712,5,1,4
277103813,0,0,0
277103814,0,0,0
277103898,0,3,-3
277104249,0,1,-1
277104250,0,3,-3
277104251,0,4,-4
277104252,0,1,-1
990011530,0,102,-102
990014944,2,159,-157
990015176,22,7,15
990015618,0,57,-57
990016032,0,105,-105
990032570,2,12,-10
990070001,50,0,50
990070103,1,3,-2
990070601,0,25,-25
990070751,822,2,820
990070766,1,150,-149
990071180,350,103,247
990071343,16,4,12
990071387,0,11,-11
990071823,271,3,268
990072600,11,924,-913
990072964,0,190,-190
990073285,0,0,0
990074393,1,338,-337
990074870,1094,6,1088
990075106,635,5,630
990075746,386,1,385
990076437,1258,4,1254
990076458,0,194,-194
997000007,348,19,329
997000041,0,87,-87
997000058,46,0,46
997000062,13,1,12
997000069,0,6,-6
997000070,0,11,-11
997000100,30,0,30
997000141,0,406,-406
997000198,77,675,-598
998000475,1,2,-1
998000736,0,60,-60
998000965,0,1,-1
998001031,0,42,-42
998001700,0,5,-5
998001899,0,1,-1
998001900,3,1,2
998003073,492,3,489
998101900,0,0,0
998102850,0,175,-175
998501927,455,830,-375
998501929,67,4,63
998501930,22,0,22
998501931,77,22,55
998501932,0,1,-1
998501933,31,1,30
998501937,14,1,13
998501944,5,1,4
998501950,3,20,-17
998501970,37,2,35
998501971,0,63,-63
998501973,0,14,-14
998501974,0,129,-129
998501975,68,0,68
998501976,138,0,138
998501977,1,4,-3
998501978,9,0,9
998501979,0,3,-3
998501980,59,0,59
998501981,24,4,20
998501982,0,53,-53
998501983,1,4,-3
998502024,0,3,-3
998502032,0,1,-1
998502062,7,2,5
998502063,0,0,0
998502173,21,0,21
998502269,0,4,-4
998502546,0,81,-81
998502578,3,2,1
998502599,15,241,-226
998601159,0,39,-39
998601292,0,4,-4
999033574,0,134,-134
999800001,22,4,18
999800002,0,4,-4
999800003,0,1,-1
999800004,0,3,-3
999800005,0,4,-4
