dong,insum,outsum,diff
강남구 개포1동,1282,1447,-165
강남구 개포2동,20537,20775,-238
강남구 개포4동,13393,9784,3609
강남구 논현1동,34423,32388,2035
강남구 논현2동,21126,21529,-403
강남구 대치1동,26524,27879,-1355
강남구 대치2동,38343,34740,3603
강남구 대치4동,32520,28147,4373
강남구 도곡1동,22259,20089,2170
강남구 도곡2동,8019,8766,-747
강남구 삼성1동,44032,33523,10509
강남구 삼성2동,19560,15722,3838
강남구 세곡동,27314,28823,-1509
강남구 수서동,26006,20558,5448
강남구 신사동,28569,25151,3418
강남구 압구정동,45355,34847,10508
강남구 역삼1동,80667,61057,19610
강남구 역삼2동,28906,22714,6192
강남구 일원1동,12707,10700,2007
강남구 일원2동,4617,4096,521
강남구 일원본동,14754,12152,2602
강남구 청담동,34531,27567,6964
강동구 강일동,16348,16747,-399
강동구 고덕제1동,7198,7857,-659
강동구 고덕제2동,10650,12280,-1630
강동구 길동,14196,13276,920
강동구 둔촌제1동,274,351,-77
강동구 둔촌제2동,11462,10218,1244
강동구 명일제1동,15778,17212,-1434
강동구 명일제2동,13692,11023,2669
강동구 상일동,18631,14219,4412
강동구 성내제1동,10480,9055,1425
강동구 성내제2동,9685,11977,-2292
강동구 성내제3동,12861,13055,-194
강동구 암사제1동,10262,10874,-612
강동구 암사제2동,3475,4969,-1494
강동구 암사제3동,1977,1012,965
강동구 천호제1동,5461,8353,-2892
강동구 천호제2동,23464,23198,266
강동구 천호제3동,9432,10084,-652
강북구 미아동,25105,21363,3742
강북구 번1동,43439,40470,2969
강북구 번2동,9741,13406,-3665
강북구 번3동,19501,21480,-1979
강북구 삼각산동,6840,9078,-2238
강북구 삼양동,17801,20182,-2381
강북구 송중동,73909,64563,9346
강북구 송천동,29452,34969,-5517
강북구 수유1동,22028,20160,1868
강북구 수유2동,13503,15198,-1695
강북구 수유3동,40574,44099,-3525
강북구 우이동,19158,15103,4055
강북구 월곡제1동,1911,2388,-477
강북구 인수동,14883,17720,-2837
강서구 가양제1동,19441,14257,5184
강서구 가양제2동,3750,3641,109
강서구 가양제3동,3619,3649,-30
강서구 공항동,13999,13895,104
강서구 등촌제1동,19010,22088,-3078
강서구 등촌제2동,9311,10466,-1155
강서구 등촌제3동,25661,26269,-608
강서구 발산제1동,32270,28406,3864
강서구 방화제1동,13679,16061,-2382
강서구 방화제2동,11595,11269,326
강서구 방화제3동,2713,2257,456
강서구 염창동,11801,12971,-1170
강서구 우장산동,19804,20805,-1001
강서구 화곡본동,10226,10847,-621
강서구 화곡제1동,35658,39185,-3527
강서구 화곡제2동,7455,8125,-670
강서구 화곡제3동,12279,12695,-416
강서구 화곡제4동,9556,10618,-1062
강서구 화곡제6동,22593,19585,3008
강서구 화곡제8동,17234,14352,2882
관악구 낙성대동,28116,45354,-17238
관악구 난곡동,15808,17774,-1966
관악구 난향동,9778,10351,-573
관악구 남현동,12242,15293,-3051
관악구 대학동,43237,23638,19599
관악구 미성동,24610,30210,-5600
관악구 보라매동,20825,20520,305
관악구 삼성동,21844,29670,-7826
관악구 서림동,21820,18285,3535
관악구 서원동,45815,46157,-342
관악구 성현동,14836,19588,-4752
관악구 신림동,51552,44762,6790
관악구 신사동,11566,15288,-3722
관악구 신원동,6434,6079,355
관악구 은천동,24662,25691,-1029
관악구 인헌동,10921,11137,-216
관악구 조원동,30322,34348,-4026
관악구 중앙동,9201,7120,2081
관악구 청룡동,26474,20166,6308
관악구 청림동,4977,6235,-1258
관악구 행운동,40458,35841,4617
광진구 광장동,8650,7886,764
광진구 구의제1동,13650,13096,554
광진구 구의제2동,14145,16193,-2048
광진구 구의제3동,13231,12594,637
광진구 군자동,14921,16374,-1453
광진구 능동,11178,12891,-1713
광진구 자양제1동,4375,3881,494
광진구 자양제2동,19699,21133,-1434
광진구 자양제3동,7390,6951,439
광진구 자양제4동,20345,20349,-4
광진구 중곡제1동,6895,7018,-123
광진구 중곡제2동,9992,11038,-1046
광진구 중곡제3동,8805,8361,444
광진구 중곡제4동,8000,9193,-1193
광진구 화양동,18009,18277,-268
구로구 가리봉동,12873,11524,1349
구로구 개봉제1동,37234,37621,-387
구로구 개봉제2동,21904,22348,-444
구로구 개봉제3동,7882,9467,-1585
구로구 고척제1동,24469,25041,-572
구로구 고척제2동,19738,20735,-997
구로구 구로제1동,10405,10197,208
구로구 구로제2동,39874,37891,1983
구로구 구로제3동,53576,36707,16869
구로구 구로제4동,25628,21227,4401
구로구 구로제5동,31390,28452,2938
구로구 수궁동,23846,23552,294
구로구 신도림동,35917,33401,2516
구로구 오류제1동,14439,15644,-1205
구로구 오류제2동,13117,13780,-663
구로구 항동,3694,4294,-600
금천구 가산동,53254,38181,15073
금천구 독산제1동,39968,47510,-7542
금천구 독산제2동,16246,18119,-1873
금천구 독산제3동,23463,23903,-440
금천구 독산제4동,14401,10586,3815
금천구 미성동,127,344,-217
금천구 시흥제1동,39873,46610,-6737
금천구 시흥제2동,11449,15532,-4083
금천구 시흥제3동,11351,11126,225
금천구 시흥제4동,9877,7415,2462
금천구 시흥제5동,20586,18205,2381
노원구 공릉1동,18363,21138,-2775
노원구 공릉2동,24049,21406,2643
노원구 상계10동,11241,8415,2826
노원구 상계1동,16087,15835,252
노원구 상계2동,19389,23300,-3911
노원구 상계3.4동,4102,4991,-889
노원구 상계5동,12773,12498,275
노원구 상계6.7동,29783,24251,5532
노원구 상계8동,6598,5906,692
노원구 상계9동,7701,7864,-163
노원구 월계1동,41390,32913,8477
노원구 월계2동,12822,15060,-2238
노원구 월계3동,12876,13808,-932
노원구 중계1동,12649,13682,-1033
노원구 중계2.3동,18624,18245,379
노원구 중계4동,8916,10205,-1289
노원구 중계본동,14955,12227,2728
노원구 하계1동,22521,17740,4781
노원구 하계2동,13353,13016,337
도봉구 도봉제1동,17487,11577,5910
도봉구 도봉제2동,14743,16605,-1862
도봉구 방학제1동,20250,22882,-2632
도봉구 방학제2동,7733,11216,-3483
도봉구 방학제3동,13857,11923,1934
도봉구 쌍문제1동,13081,16379,-3298
도봉구 쌍문제2동,15444,17345,-1901
도봉구 쌍문제3동,12304,13947,-1643
도봉구 쌍문제4동,9499,10950,-1451
도봉구 창제1동,29896,22162,7734
도봉구 창제2동,10292,13896,-3604
도봉구 창제3동,10932,12374,-1442
도봉구 창제4동,24616,22797,1819
도봉구 창제5동,18127,18640,-513
동대문구 답십리제1동,15922,19678,-3756
동대문구 답십리제2동,18635,18934,-299
동대문구 면목제5동,330,91,239
동대문구 용신동,73591,62318,11273
동대문구 이문제1동,13839,14378,-539
동대문구 이문제2동,6278,6060,218
동대문구 장안제1동,30172,28360,1812
동대문구 장안제2동,21972,24613,-2641
동대문구 전농제1동,22754,29545,-6791
동대문구 전농제2동,17677,15735,1942
동대문구 제기동,53359,37566,15793
동대문구 청량리동,52646,44332,8314
동대문구 회기동,16323,11219,5104
동대문구 휘경제1동,25406,26066,-660
동대문구 휘경제2동,17455,17441,14
동작구 노량진제1동,51553,53167,-1614
동작구 노량진제2동,28792,21007,7785
동작구 대방동,49257,46092,3165
동작구 사당제1동,15566,18242,-2676
동작구 사당제2동,32029,26577,5452
동작구 사당제3동,8942,11524,-2582
동작구 사당제4동,2122,2257,-135
동작구 사당제5동,8687,8850,-163
동작구 상도제1동,51810,50293,1517
동작구 상도제2동,23202,26045,-2843
동작구 상도제3동,16372,19089,-2717
동작구 상도제4동,13216,16295,-3079
동작구 신대방제1동,10713,10512,201
동작구 신대방제2동,30514,25316,5198
동작구 흑석동,35362,29781,5581
마포구 공덕동,16202,18238,-2036
마포구 대흥동,27607,23407,4200
마포구 도화동,9486,9783,-297
마포구 망원제1동,12612,11740,872
마포구 망원제2동,8017,8145,-128
마포구 상암동,52617,42454,10163
마포구 서강동,10647,12244,-1597
마포구 서교동,101696,106979,-5283
마포구 성산제1동,15371,14746,625
마포구 성산제2동,26669,27785,-1116
마포구 신수동,5107,6412,-1305
마포구 아현동,24355,22866,1489
마포구 연남동,9990,11055,-1065
마포구 염리동,3989,4663,-674
마포구 용강동,15769,15305,464
마포구 합정동,14873,19489,-4616
서대문구 남가좌제1동,16750,14099,2651
서대문구 남가좌제2동,23167,22051,1116
서대문구 북가좌제1동,6124,10193,-4069
서대문구 북가좌제2동,16839,20871,-4032
서대문구 북아현동,15111,16730,-1619
서대문구 신촌동,106377,76636,29741
서대문구 연희동,59557,62336,-2779
서대문구 천연동,29300,26285,3015
서대문구 충현동,32198,33595,-1397
서대문구 홍은제1동,19564,21219,-1655
서대문구 홍은제2동,33357,33590,-233
서대문구 홍제제1동,33003,29983,3020
서대문구 홍제제2동,16573,19902,-3329
서대문구 홍제제3동,18959,17303,1656
서초구 내곡동,20039,12409,7630
서초구 반포1동,24058,22126,1932
서초구 반포2동,10272,7867,2405
서초구 반포3동,34782,26343,8439
서초구 반포4동,37505,33313,4192
서초구 반포본동,13922,12568,1354
서초구 방배1동,17549,17628,-79
서초구 방배2동,19019,20245,-1226
서초구 방배3동,15427,14100,1327
서초구 방배4동,19514,20878,-1364
서초구 방배본동,13624,12609,1015
서초구 서초1동,17609,17387,222
서초구 서초2동,33490,33911,-421
서초구 서초3동,41676,35685,5991
서초구 서초4동,32652,35968,-3316
서초구 양재1동,63701,60578,3123
서초구 양재2동,33346,25122,8224
서초구 잠원동,20617,25867,-5250
성동구 금호1가동,8340,10065,-1725
성동구 금호2.3가동,16632,16643,-11
성동구 금호4가동,7963,8612,-649
성동구 마장동,13155,12742,413
성동구 사근동,9183,6773,2410
성동구 성수1가제1동,9126,7771,1355
성동구 성수1가제2동,6048,6397,-349
성동구 성수2가제1동,7114,6199,915
성동구 성수2가제3동,7953,6642,1311
성동구 송정동,5728,4336,1392
성동구 옥수동,16663,17265,-602
성동구 왕십리도선동,14842,12594,2248
성동구 왕십리제2동,9552,13840,-4288
성동구 용답동,11784,11084,700
성동구 응봉동,6595,9151,-2556
성동구 행당제1동,20512,19666,846
성동구 행당제2동,12720,12826,-106
성북구 길음제1동,26615,28852,-2237
성북구 길음제2동,20998,24362,-3364
성북구 돈암제1동,23034,22733,301
성북구 돈암제2동,8096,9333,-1237
성북구 동선동,33735,36962,-3227
성북구 보문동,10161,11046,-885
성북구 삼선동,44128,44420,-292
성북구 석관동,11548,14701,-3153
성북구 성북동,26108,27148,-1040
성북구 안암동,19681,14353,5328
성북구 월곡제1동,21101,22842,-1741
성북구 월곡제2동,13665,11592,2073
성북구 장위제1동,12082,16828,-4746
성북구 장위제2동,12997,12741,256
성북구 장위제3동,8267,8003,264
성북구 정릉제1동,15311,19193,-3882
성북구 정릉제2동,20247,24955,-4708
성북구 정릉제3동,16536,9138,7398
성북구 정릉제4동,22058,21944,114
성북구 종암동,33622,35209,-1587
송파구 가락1동,5044,5076,-32
송파구 가락2동,18291,18926,-635
송파구 가락본동,20691,18282,2409
송파구 거여1동,5016,5683,-667
송파구 거여2동,1323,1396,-73
송파구 마천1동,6514,4845,1669
송파구 마천2동,12552,14252,-1700
송파구 문정1동,5899,7465,-1566
송파구 문정2동,24695,25887,-1192
송파구 방이1동,8414,8368,46
송파구 방이2동,15538,17429,-1891
송파구 삼전동,14886,15257,-371
송파구 석촌동,21322,24286,-2964
송파구 송파1동,14009,16529,-2520
송파구 송파2동,6650,6166,484
송파구 오금동,19416,19776,-360
송파구 오륜동,9266,9197,69
송파구 위례동,12109,13267,-1158
송파구 잠실2동,5081,9282,-4201
송파구 잠실3동,49374,40250,9124
송파구 잠실4동,1026,1188,-162
송파구 잠실6동,20581,20468,113
송파구 잠실7동,7302,5585,1717
송파구 잠실본동,25682,23897,1785
송파구 장지동,13938,10204,3734
송파구 풍납1동,6000,5313,687
송파구 풍납2동,15892,10841,5051
양천구 목1동,47240,37840,9400
양천구 목2동,24372,25225,-853
양천구 목3동,23020,22170,850
양천구 목4동,15224,17354,-2130
양천구 목5동,28998,25376,3622
양천구 신월1동,6514,4768,1746
양천구 신월2동,8198,11652,-3454
양천구 신월3동,7000,7292,-292
양천구 신월4동,8720,11234,-2514
양천구 신월5동,6656,9770,-3114
양천구 신월6동,6199,4931,1268
양천구 신월7동,13022,16937,-3915
양천구 신정1동,11501,13352,-1851
양천구 신정2동,6695,5595,1100
양천구 신정3동,29867,29380,487
양천구 신정4동,30855,27668,3187
양천구 신정6동,7573,6029,1544
양천구 신정7동,11121,11362,-241
영등포구 당산제1동,15091,13356,1735
영등포구 당산제2동,30771,27775,2996
영등포구 대림제1동,15245,12486,2759
영등포구 대림제2동,6863,8182,-1319
영등포구 대림제3동,15302,15148,154
영등포구 도림동,9443,12684,-3241
영등포구 문래동,21197,21851,-654
영등포구 신길제1동,9745,10022,-277
영등포구 신길제3동,14201,14738,-537
영등포구 신길제4동,4733,5351,-618
영등포구 신길제5동,10197,10705,-508
영등포구 신길제6동,12799,14862,-2063
영등포구 신길제7동,11771,13757,-1986
영등포구 양평제1동,10979,9385,1594
영등포구 양평제2동,15455,13124,2331
영등포구 여의동,84747,56359,28388
영등포구 영등포동,84811,70678,14133
영등포구 영등포본동,22387,22777,-390
용산구 남영동,36876,34426,2450
용산구 보광동,9494,8746,748
용산구 서빙고동,12511,12477,34
용산구 용문동,5334,4930,404
용산구 용산2가동,13189,16858,-3669
용산구 원효로제1동,13811,14697,-886
용산구 원효로제2동,9884,8874,1010
용산구 이촌제1동,14690,13387,1303
용산구 이촌제2동,4062,4036,26
용산구 이태원제1동,16324,18028,-1704
용산구 이태원제2동,8338,8274,64
용산구 청파동,15120,15863,-743
용산구 필동,5991,1590,4401
용산구 한강로동,49738,45244,4494
용산구 한남동,49249,42356,6893
용산구 효창동,7369,8019,-650
용산구 후암동,13222,12039,1183
은평구 갈현제1동,10202,13385,-3183
은평구 갈현제2동,18020,17537,483
은평구 구산동,13865,11101,2764
은평구 녹번동,28864,26105,2759
은평구 대조동,36520,41361,-4841
은평구 불광제1동,29553,29397,156
은평구 불광제2동,20008,23907,-3899
은평구 수색동,10157,10757,-600
은평구 신사제1동,16767,21930,-5163
은평구 신사제2동,16532,17605,-1073
은평구 역촌동,23365,22277,1088
은평구 응암제1동,25018,32455,-7437
은평구 응암제2동,9613,10144,-531
은평구 응암제3동,18142,19868,-1726
은평구 증산동,19413,19649,-236
은평구 진관동,41888,39060,2828
종로구 가회동,4132,4525,-393
종로구 교남동,9043,6947,2096
종로구 무악동,5238,5336,-98
종로구 부암동,19769,15211,4558
종로구 사직동,56618,45751,10867
종로구 삼청동,9216,6541,2675
종로구 숭인제1동,1379,2116,-737
종로구 숭인제2동,19827,14527,5300
종로구 이화동,23448,20742,2706
종로구 종로1.2.3.4가동,153963,111158,42805
종로구 종로5.6가동,31786,18640,13146
종로구 창신제1동,20036,12743,7293
종로구 창신제2동,6708,7349,-641
종로구 창신제3동,4150,4281,-131
종로구 청운효자동,13940,12238,1702
종로구 충현동,3525,1933,1592
종로구 평창동,20099,15780,4319
종로구 혜화동,33402,31797,1605
중구 광희동,27392,20328,7064
중구 다산동,7264,8546,-1282
중구 동화동,1614,2020,-406
중구 명동,40045,35322,4723
중구 소공동,73221,45308,27913
중구 신당동,6969,6363,606
중구 신당제5동,13141,9810,3331
중구 약수동,6151,5997,154
중구 을지로동,8959,7667,1292
중구 장충동,8140,5082,3058
중구 중림동,10654,8029,2625
중구 청구동,5124,4722,402
중구 필동,7246,6722,524
중구 황학동,8288,7760,528
중구 회현동,61187,51392,9795
중랑구 망우본동,27409,24624,2785
중랑구 망우제3동,6502,7866,-1364
중랑구 면목본동,25125,26849,-1724
중랑구 면목제2동,7647,9052,-1405
중랑구 면목제3.8동,20694,19866,828
중랑구 면목제4동,8615,9366,-751
중랑구 면목제5동,6910,7380,-470
중랑구 면목제7동,5579,8335,-2756
중랑구 묵제1동,13992,15814,-1822
중랑구 묵제2동,4683,4232,451
중랑구 상봉제1동,13152,13034,118
중랑구 상봉제2동,27783,28785,-1002
중랑구 신내1동,22029,25767,-3738
중랑구 신내2동,22423,18461,3962
중랑구 중화제1동,7265,10977,-3712
중랑구 중화제2동,16797,18182,-1385
NA,478690,492922,-14232
