ID,insum,outsum,diff
100000001,483,314,169
100000002,899,388,511
100000003,6523,1270,5253
100000004,1330,438,892
100000005,1536,1562,-26
100000006,121,62,59
100000007,359,241,118
100000008,72,426,-354
100000009,113,99,14
100000010,4,26,-22
100000011,171,66,105
100000012,28,504,-476
100000013,6,108,-102
100000014,148,295,-147
100000015,576,469,107
100000016,598,969,-371
100000017,276,822,-546
100000018,847,338,509
100000019,3574,1081,2493
100000020,1080,1270,-190
100000021,5516,1148,4368
100000022,651,375,276
100000023,4817,527,4290
100000025,1915,242,1673
100000028,1067,441,626
100000029,172,136,36
100000030,511,21,490
100000031,3375,1910,1465
100000032,2099,1660,439
100000033,416,1098,-682
100000034,685,181,504
100000035,933,383,550
100000036,1544,599,945
100000037,184,286,-102
100000038,542,534,8
100000039,296,90,206
100000040,43,49,-6
100000041,237,209,28
100000042,243,182,61
100000043,293,143,150
100000044,307,507,-200
100000045,328,1113,-785
100000046,382,945,-563
100000047,124,630,-506
100000048,216,570,-354
100000049,1182,2177,-995
100000051,190,945,-755
100000053,6,5,1
100000054,42,16,26
100000055,236,255,-19
100000056,105,365,-260
100000057,1005,474,531
100000058,425,1114,-689
100000059,0,72,-72
100000060,132,184,-52
100000061,810,285,525
100000062,729,300,429
100000063,245,163,82
100000064,348,256,92
100000065,291,933,-642
100000066,181,830,-649
100000067,246,613,-367
100000068,267,1105,-838
100000069,141,1315,-1174
100000072,307,1103,-796
100000073,750,978,-228
100000075,251,253,-2
100000076,992,1099,-107
100000077,591,30,561
100000078,101,13,88
100000079,61,37,24
100000080,9,10,-1
100000081,15,9,6
100000102,1234,627,607
100000103,2113,454,1659
100000104,3049,619,2430
100000105,3005,358,2647
100000106,1505,664,841
100000107,279,157,122
100000108,712,950,-238
100000109,2426,1008,1418
100000116,770,246,524
100000117,9,6,3
100000118,760,377,383
100000119,312,321,-9
100000121,86,486,-400
100000122,517,476,41
100000123,3308,2894,414
100000124,7233,3377,3856
100000125,3066,560,2506
100000126,483,193,290
100000127,1258,310,948
100000128,472,550,-78
100000129,350,240,110
100000130,192,425,-233
100000131,4288,1750,2538
100000132,2405,814,1591
100000133,9417,2270,7147
100000135,194,338,-144
100000139,78,176,-98
100000140,107,227,-120
100000142,185,455,-270
100000143,1256,844,412
100000144,3097,910,2187
100000147,597,1247,-650
100000150,15,375,-360
100000151,344,210,134
100000153,338,175,163
100000154,83,49,34
100000155,6,30,-24
100000156,45,35,10
100000157,64,120,-56
100000158,31,74,-43
100000159,389,314,75
100000165,838,674,164
100000169,354,143,211
100000174,1212,202,1010
100000179,88,445,-357
100000180,540,679,-139
100000181,81,251,-170
100000188,27,249,-222
100000189,221,187,34
100000190,274,149,125
100000191,359,294,65
100000192,97,59,38
100000193,83,109,-26
100000330,1607,270,1337
100000355,248,382,-134
100000362,3537,2659,878
100000363,1156,1963,-807
100000364,293,149,144
100000365,1902,3366,-1464
100000366,3012,1958,1054
100000367,1508,2156,-648
100000368,1419,1432,-13
100000369,474,787,-313
100000370,63,215,-152
100000376,67,42,25
100000379,1381,643,738
100000380,2091,874,1217
100000384,4257,1300,2957
100000385,3608,1851,1757
100000386,7295,1562,5733
100000387,6551,1841,4710
100000388,11894,1759,10135
100000389,9315,1861,7454
100000390,10419,1623,8796
100000391,5887,1940,3947
100000392,2079,695,1384
100000393,772,584,188
100000394,4733,1650,3083
100000395,1805,499,1306
100000396,2692,990,1702
100000397,1341,658,683
100000398,8159,5935,2224
100000413,7,1,6
100900002,0,43,-43
100900003,99,116,-17
100900004,15,788,-773
100900005,35,9,26
100900006,0,155,-155
100900007,111,1,110
100900008,2,384,-382
100900009,7,18,-11
100900010,12,92,-80
100900011,16,248,-232
100900012,1,221,-220
100900013,190,3,187
100900014,2,0,2
100900015,89,77,12
100900016,0,30,-30
100900017,243,35,208
100900018,0,7,-7
100900019,2,35,-33
100900020,133,0,133
100900021,478,1,477
100900022,3,3,0
100900023,0,7,-7
100900024,317,0,317
100900025,4,8,-4
100900026,17,120,-103
100900027,483,1106,-623
100900028,31,104,-73
100900029,78,6,72
100900030,0,9,-9
100900031,154,15,139
100900032,40,0,40
100900033,166,36,130
100900034,148,0,148
100900035,110,0,110
100900036,3,0,3
100900037,17,246,-229
100900038,13,4,9
100900039,129,506,-377
100900040,68,783,-715
100900041,115,926,-811
100900042,157,204,-47
100900043,0,0,0
100900044,2136,142,1994
100900045,27,0,27
100900046,466,1,465
100900047,586,27,559
100900048,26,2,24
100900049,14,163,-149
100900050,0,25,-25
100900051,24,12,12
100900052,44,4,40
100900053,50,12,38
100900054,5,116,-111
100900055,62,127,-65
100900056,12,50,-38
100900057,293,201,92
100900058,62,13,49
100900059,7,1,6
100900060,38,12,26
100900061,186,175,11
100900062,1,43,-42
100900063,75,246,-171
100900064,301,5,296
100900065,27,39,-12
100900066,13,22,-9
100900067,7,14,-7
100900068,5,118,-113
100900069,99,0,99
100900070,47,1,46
100900071,479,143,336
100900072,0,75,-75
100900073,24,405,-381
100900074,0,5,-5
100900075,2064,171,1893
100900076,26,16,10
100900077,2,117,-115
100900078,50,59,-9
100900079,0,18,-18
100900080,3,94,-91
100900081,3,23,-20
100900082,11,705,-694
100900083,0,35,-35
100900085,0,59,-59
100900086,32,171,-139
100900088,9,680,-671
100900089,0,22,-22
100900090,90,364,-274
100900091,0,8,-8
100900092,52,60,-8
100900093,32,103,-71
100900094,35,606,-571
100900095,1,17,-16
100900096,5,67,-62
100900097,1,1,0
100900098,0,61,-61
100900099,12,442,-430
100900100,7,121,-114
100900101,213,4,209
100900102,57,18,39
100900103,0,27,-27
100900104,11,124,-113
100900105,1,34,-33
100900106,43,1,42
100900107,1109,248,861
100900108,1,3,-2
100900109,3,12,-9
100900110,0,9,-9
100900111,65,86,-21
100900112,1,2,-1
100900113,3,14,-11
100900114,2,15,-13
100900115,0,12,-12
100900116,471,133,338
100900117,99,160,-61
100900118,25,33,-8
100900119,0,10,-10
100900120,0,8,-8
100900121,198,123,75
100900122,69,167,-98
100900123,7,65,-58
100900124,0,3,-3
100900125,8,59,-51
100900126,27,88,-61
100900127,0,3,-3
100900128,50,80,-30
100900129,0,48,-48
100900131,32,76,-44
100900133,30,42,-12
100900134,1,2,-1
100900135,0,62,-62
100900137,269,105,164
100900138,214,134,80
100900139,0,1,-1
100900140,2,864,-862
100900141,1,169,-168
100900142,0,3,-3
100900143,865,151,714
100900144,1,7,-6
100900145,11,90,-79
100900146,16,2,14
100900147,3,202,-199
100900148,18,857,-839
100900149,4,29,-25
100900150,5,2,3
100900151,66,412,-346
100900152,59,3,56
100900153,0,135,-135
100900154,2,3,-1
100900155,0,1,-1
100900156,11,0,11
100900157,0,100,-100
100900159,0,20,-20
100900160,0,7,-7
100900161,106,2,104
100900162,5,125,-120
100900163,94,161,-67
100900164,8,17,-9
100900165,17,55,-38
100900166,31,0,31
100900167,7,89,-82
100900168,5,85,-80
100900169,129,1011,-882
100900170,4,2,2
100900171,27,748,-721
100900172,0,0,0
100900173,5,515,-510
100900174,61,12,49
100900176,863,36,827
100900177,842,109,733
100900178,75,122,-47
100900179,49,23,26
100900180,0,1,-1
100900181,29,10,19
100900182,6,7,-1
100900184,0,76,-76
100900186,856,362,494
100900187,0,222,-222
100900188,34,6,28
100900189,578,84,494
100900191,806,395,411
100900192,113,62,51
100900195,37,89,-52
100900197,1,40,-39
100900198,4,165,-161
100900199,1,1,0
100900200,441,258,183
100900201,17,732,-715
100900202,2,0,2
100900203,0,27,-27
100900204,149,97,52
100900205,43,116,-73
100900206,46,15,31
100900207,62,43,19
100900210,32,654,-622
100900211,152,22,130
100900213,15,4,11
100900214,768,45,723
100900215,3,27,-24
100900217,60,23,37
101000001,3281,1633,1648
101000002,2307,1858,449
101000003,512,855,-343
101000004,6989,3684,3305
101000005,3528,2923,605
101000006,5321,3571,1750
101000007,1427,1843,-416
101000008,2305,1823,482
101000009,783,1742,-959
101000010,452,1199,-747
101000011,1463,450,1013
101000012,1313,247,1066
101000013,334,432,-98
101000014,368,402,-34
101000015,526,617,-91
101000016,213,224,-11
101000017,278,331,-53
101000018,2767,1732,1035
101000020,3211,689,2522
101000021,644,119,525
101000022,325,56,269
101000023,1268,546,722
101000025,48,174,-126
101000026,297,29,268
101000027,894,934,-40
101000028,567,90,477
101000029,8,361,-353
101000030,332,46,286
101000031,135,70,65
101000032,3112,1352,1760
101000033,2022,1136,886
101000034,1869,678,1191
101000035,911,181,730
101000036,990,180,810
101000037,3427,576,2851
101000039,2574,450,2124
101000040,3419,1401,2018
101000041,5982,1511,4471
101000042,375,216,159
101000043,5083,981,4102
101000045,587,186,401
101000046,1215,574,641
101000047,611,671,-60
101000048,361,498,-137
101000049,414,326,88
101000050,1663,446,1217
101000051,3040,688,2352
101000052,1037,296,741
101000053,646,758,-112
101000054,1239,817,422
101000055,1226,513,713
101000056,45,40,5
101000057,2195,318,1877
101000058,1463,321,1142
101000059,2650,1019,1631
101000060,1629,139,1490
101000061,1100,420,680
101000062,1237,189,1048
101000063,349,203,146
101000064,792,205,587
101000065,120,152,-32
101000066,184,98,86
101000067,446,195,251
101000068,187,83,104
101000069,258,66,192
101000070,1449,365,1084
101000071,1224,376,848
101000072,866,1789,-923
101000073,507,211,296
101000074,2867,1242,1625
101000075,4856,1611,3245
101000077,1436,605,831
101000078,883,1120,-237
101000079,314,799,-485
101000080,496,520,-24
101000081,749,602,147
101000082,2486,1907,579
101000083,1109,822,287
101000084,889,1035,-146
101000085,1344,675,669
101000086,1031,812,219
101000087,732,1102,-370
101000088,482,583,-101
101000089,539,836,-297
101000090,2057,1096,961
101000091,228,1232,-1004
101000092,500,863,-363
101000093,1117,554,563
101000094,335,787,-452
101000095,155,610,-455
101000096,171,477,-306
101000097,149,226,-77
101000098,267,350,-83
101000099,905,863,42
101000100,502,337,165
101000101,184,237,-53
101000102,576,232,344
101000103,642,302,340
101000104,159,231,-72
101000105,814,106,708
101000106,560,143,417
101000107,88,218,-130
101000108,1249,304,945
101000109,98,50,48
101000110,26,647,-621
101000111,29,125,-96
101000113,69,226,-157
101000114,1404,880,524
101000115,23,47,-24
101000116,19,117,-98
101000117,58,121,-63
101000119,122,10,112
101000120,210,22,188
101000121,38,5,33
101000122,50,14,36
101000123,10,14,-4
101000124,171,222,-51
101000125,73,300,-227
101000128,585,217,368
101000130,205,177,28
101000131,285,614,-329
101000132,133,1334,-1201
101000135,53,8,45
101000136,152,28,124
101000137,22,116,-94
101000141,1900,808,1092
101000147,873,476,397
101000148,2115,11,2104
101000149,33,8,25
101000150,25,1106,-1081
101000151,30,94,-64
101000152,293,265,28
101000153,530,417,113
101000154,63,1675,-1612
101000155,65,106,-41
101000156,31,183,-152
101000157,44,19,25
101000160,24,20,4
101000163,95,50,45
101000164,315,249,66
101000165,164,233,-69
101000166,164,305,-141
101000168,428,240,188
101000252,572,471,101
101000254,206,11,195
101000258,58,9,49
101000261,76,83,-7
101000262,369,624,-255
101000263,129,408,-279
101000265,15,301,-286
101000266,181,151,30
101000269,73,5,68
101000290,1043,881,162
101000293,0,54,-54
101000294,321,418,-97
101000295,141,320,-179
101000301,692,107,585
101000304,1356,1764,-408
101000305,1731,1256,475
101000328,31,325,-294
101900001,38,93,-55
101900002,0,17,-17
101900003,45,76,-31
101900004,0,26,-26
101900005,4688,538,4150
101900006,631,7,624
101900007,261,18,243
101900008,95,86,9
101900009,24,156,-132
101900010,754,223,531
101900011,250,431,-181
101900012,60,73,-13
101900013,840,48,792
101900017,22,49,-27
101900018,1581,77,1504
101900019,27,35,-8
101900020,31,52,-21
101900021,0,13,-13
101900022,12,1254,-1242
101900023,23,199,-176
101900026,51,36,15
101900027,2,67,-65
102000001,1275,2626,-1351
102000002,1945,939,1006
102000003,2776,2210,566
102000004,7017,1542,5475
102000005,1104,1542,-438
102000006,1593,775,818
102000007,1096,2862,-1766
102000008,6232,1153,5079
102000009,4325,5032,-707
102000010,5509,2272,3237
102000011,1439,1557,-118
102000012,2330,2333,-3
102000018,3040,1613,1427
102000019,2094,781,1313
102000026,184,228,-44
102000029,411,152,259
102000030,49,146,-97
102000031,11,211,-200
102000032,188,289,-101
102000033,112,369,-257
102000034,335,276,59
102000035,819,357,462
102000036,5,116,-111
102000037,136,76,60
102000038,44,70,-26
102000039,71,50,21
102000040,319,30,289
102000041,97,95,2
102000042,69,46,23
102000043,114,107,7
102000044,178,376,-198
102000045,530,792,-262
102000046,545,291,254
102000047,438,855,-417
102000048,117,496,-379
102000049,434,380,54
102000050,688,809,-121
102000051,175,385,-210
102000052,628,675,-47
102000053,272,590,-318
102000054,196,528,-332
102000055,427,830,-403
102000056,437,882,-445
102000057,774,378,396
102000058,763,1344,-581
102000059,544,817,-273
102000060,547,576,-29
102000061,625,2336,-1711
102000062,462,997,-535
102000063,784,1145,-361
102000064,397,449,-52
102000065,14,87,-73
102000066,783,816,-33
102000067,1919,1873,46
102000068,5964,1975,3989
102000069,21,1200,-1179
102000070,2238,41,2197
102000071,4569,7301,-2732
102000072,2808,3497,-689
102000073,355,779,-424
102000074,275,645,-370
102000075,62,270,-208
102000076,86,347,-261
102000077,143,1176,-1033
102000078,347,794,-447
102000079,38,256,-218
102000080,78,144,-66
102000081,229,694,-465
102000082,615,164,451
102000083,117,598,-481
102000084,70,445,-375
102000085,1186,1096,90
102000086,743,1056,-313
102000087,436,1812,-1376
102000088,151,256,-105
102000089,489,557,-68
102000090,305,906,-601
102000091,949,425,524
102000092,404,514,-110
102000093,463,345,118
102000094,944,326,618
102000095,760,683,77
102000096,1358,486,872
102000097,1573,920,653
102000098,506,763,-257
102000099,779,390,389
102000100,805,455,350
102000101,1029,226,803
102000102,371,1026,-655
102000103,1216,229,987
102000104,1020,331,689
102000105,130,853,-723
102000106,348,808,-460
102000107,389,472,-83
102000108,299,261,38
102000109,152,536,-384
102000110,210,1420,-1210
102000111,12,216,-204
102000112,81,75,6
102000113,4,22,-18
102000114,913,191,722
102000115,182,140,42
102000116,300,157,143
102000117,161,325,-164
102000118,1460,666,794
102000119,2160,326,1834
102000120,81,368,-287
102000121,522,406,116
102000122,175,564,-389
102000123,932,685,247
102000124,699,622,77
102000125,629,542,87
102000126,445,461,-16
102000127,680,488,192
102000128,306,799,-493
102000129,444,733,-289
102000130,229,457,-228
102000131,991,470,521
102000132,388,274,114
102000133,584,2534,-1950
102000134,243,602,-359
102000135,1075,411,664
102000136,891,229,662
102000137,868,632,236
102000138,233,370,-137
102000139,25,312,-287
102000140,119,159,-40
102000141,144,459,-315
102000142,102,279,-177
102000143,40,418,-378
102000144,47,349,-302
102000145,100,291,-191
102000146,114,258,-144
102000147,200,198,2
102000148,109,158,-49
102000149,48,572,-524
102000150,115,177,-62
102000151,66,312,-246
102000152,57,112,-55
102000153,498,168,330
102000154,262,391,-129
102000155,44,170,-126
102000156,260,49,211
102000157,75,98,-23
102000158,236,129,107
102000159,1386,105,1281
102000161,3584,759,2825
102000162,172,59,113
102000163,81,229,-148
102000164,835,407,428
102000165,182,91,91
102000166,13,54,-41
102000167,83,130,-47
102000168,148,99,49
102000169,54,258,-204
102000170,559,66,493
102000171,93,44,49
102000172,10,155,-145
102000173,185,147,38
102000174,11,48,-37
102000175,40,187,-147
102000176,17,53,-36
102000178,91,498,-407
102000179,117,170,-53
102000180,218,460,-242
102000181,168,640,-472
102000182,199,580,-381
102000183,609,1616,-1007
102000184,593,870,-277
102000185,901,1505,-604
102000186,403,1646,-1243
102000187,251,1752,-1501
102000188,246,1264,-1018
102000189,2843,906,1937
102000190,588,1503,-915
102000191,997,424,573
102000192,437,767,-330
102000193,7,141,-134
102000194,44,115,-71
102000195,181,486,-305
102000196,47,491,-444
102000197,137,470,-333
102000198,37,917,-880
102000199,165,331,-166
102000200,119,1070,-951
102000201,191,452,-261
102000202,1,139,-138
102000203,98,302,-204
102000204,157,896,-739
102000205,341,801,-460
102000206,286,639,-353
102000207,328,465,-137
102000208,98,529,-431
102000209,15,62,-47
102000210,106,529,-423
102000211,149,338,-189
102000212,19,24,-5
102000213,4,341,-337
102000214,43,18,25
102000215,0,570,-570
102000216,17,19,-2
102000217,4,218,-214
102000218,56,17,39
102000219,270,332,-62
102000225,669,580,89
102000226,1446,83,1363
102000227,28,1,27
102000228,0,75,-75
102000229,17,10,7
102000230,168,582,-414
102000231,141,328,-187
102000232,3,98,-95
102000233,335,398,-63
102000234,91,1381,-1290
102000236,245,59,186
102000237,252,134,118
102000238,110,220,-110
102000240,611,414,197
102000241,185,66,119
102000243,9,43,-34
102000245,13,90,-77
102000246,28,27,1
102000247,424,656,-232
102000248,267,322,-55
102000249,97,151,-54
102000250,33,419,-386
102000254,19,521,-502
102000266,52,121,-69
102000271,13,0,13
102000286,282,215,67
102000297,1102,604,498
102000301,0,0,0
102000303,0,0,0
102000307,0,3,-3
102900001,683,583,100
102900002,184,41,143
102900003,14,260,-246
102900005,151,248,-97
102900006,230,145,85
102900007,298,21,277
102900008,102,54,48
102900009,275,50,225
102900010,601,325,276
102900011,2231,192,2039
102900012,248,39,209
102900013,7,37,-30
102900015,521,115,406
102900016,21,81,-60
102900017,41,432,-391
102900018,2,83,-81
102900019,177,343,-166
102900020,28,27,1
102900021,4,79,-75
102900022,228,39,189
102900023,18,28,-10
102900024,9,49,-40
102900025,154,74,80
102900026,429,892,-463
102900027,27,56,-29
102900028,60,264,-204
102900029,44,85,-41
102900030,207,95,112
102900031,87,134,-47
102900032,7,141,-134
102900033,23,144,-121
102900034,167,121,46
102900035,35,410,-375
102900036,73,550,-477
102900037,75,624,-549
102900038,261,426,-165
102900039,8,254,-246
102900040,93,166,-73
102900041,44,152,-108
102900042,111,336,-225
102900043,92,225,-133
102900044,271,1546,-1275
102900045,41,433,-392
102900046,58,272,-214
102900047,40,649,-609
102900048,320,652,-332
102900049,30,300,-270
102900050,199,301,-102
102900051,106,152,-46
102900052,13,12,1
102900053,175,703,-528
102900054,823,496,327
102900055,13,55,-42
102900056,97,360,-263
102900057,3,14,-11
102900058,227,21,206
102900059,7,25,-18
102900060,17,379,-362
102900061,21,431,-410
102900062,39,1384,-1345
102900063,305,338,-33
102900064,134,233,-99
102900065,1237,785,452
102900066,186,22,164
102900068,38,69,-31
102900070,86,651,-565
102900072,18,15,3
102900073,64,1,63
102900075,6,12,-6
102900076,96,15,81
102900077,18,13,5
102900078,14,52,-38
102900079,115,12,103
102900080,207,30,177
102900081,33,172,-139
102900082,8,219,-211
102900083,225,1,224
102900084,2,10,-8
102900085,33,50,-17
102900086,0,7,-7
102900087,27,122,-95
102900088,8,36,-28
102900089,190,82,108
102900090,3,359,-356
102900091,43,1,42
102900092,77,940,-863
102900093,154,133,21
102900094,0,31,-31
102900095,36,3,33
102900096,15,8,7
102900097,0,112,-112
102900098,36,5,31
103000001,1419,2073,-654
103000002,1248,1374,-126
103000003,2107,1753,354
103000004,682,478,204
103000005,1513,1545,-32
103000006,411,981,-570
103000007,367,731,-364
103000008,572,942,-370
103000009,475,592,-117
103000010,119,98,21
103000011,1421,713,708
103000012,620,781,-161
103000013,5902,1331,4571
103000014,1033,994,39
103000015,2120,725,1395
103000016,429,537,-108
103000017,108,209,-101
103000018,698,346,352
103000019,85,91,-6
103000020,1118,1154,-36
103000021,781,791,-10
103000022,683,980,-297
103000023,297,754,-457
103000024,91,132,-41
103000025,54,186,-132
103000026,1768,101,1667
103000027,209,183,26
103000028,595,185,410
103000029,513,115,398
103000030,1863,343,1520
103000031,1056,714,342
103000032,1736,1295,441
103000033,2253,1880,373
103000034,1443,622,821
103000035,410,544,-134
103000036,371,285,86
103000037,584,283,301
103000038,453,603,-150
103000039,109,424,-315
103000040,137,1147,-1010
103000041,1097,2721,-1624
103000042,382,551,-169
103000043,182,1238,-1056
103000044,58,280,-222
103000046,163,250,-87
103000047,319,574,-255
103000048,64,93,-29
103000049,59,138,-79
103000050,235,511,-276
103000051,172,420,-248
103000052,693,397,296
103000053,111,311,-200
103000054,1075,780,295
103000055,922,1205,-283
103000056,363,1996,-1633
103000057,320,198,122
103000058,180,886,-706
103000059,193,635,-442
103000060,584,691,-107
103000061,341,589,-248
103000062,567,649,-82
103000063,365,622,-257
103000064,69,289,-220
103000065,2,256,-254
103000066,26,0,26
103000069,50,363,-313
103000070,303,974,-671
103000071,380,270,110
103000072,49,1007,-958
103000073,214,84,130
103000074,173,66,107
103000075,100,841,-741
103000076,117,98,19
103000077,29,347,-318
103000078,948,122,826
103000079,1354,354,1000
103000080,638,129,509
103000081,336,427,-91
103000082,235,129,106
103000083,65,323,-258
103000084,126,7,119
103000085,1,88,-87
103000086,358,173,185
103000087,44,238,-194
103000088,222,259,-37
103000089,86,180,-94
103000090,801,771,30
103000091,339,309,30
103000092,126,266,-140
103000093,189,414,-225
103000094,59,86,-27
103000095,20,346,-326
103000096,400,64,336
103000097,25,571,-546
103000098,762,84,678
103000099,235,465,-230
103000100,26,763,-737
103000101,301,148,153
103000102,85,606,-521
103000103,250,209,41
103000104,32,160,-128
103000105,37,125,-88
103000106,1,87,-86
103000107,233,51,182
103000108,309,447,-138
103000109,201,232,-31
103000110,226,247,-21
103000111,317,278,39
103000112,244,186,58
103000113,276,458,-182
103000114,448,268,180
103000115,189,354,-165
103000116,216,408,-192
103000117,133,359,-226
103000118,941,961,-20
103000119,1790,665,1125
103000120,17,76,-59
103000121,92,409,-317
103000122,144,151,-7
103000125,3,543,-540
103000126,148,8,140
103000127,1,250,-249
103000128,55,2,53
103000129,1,150,-149
103000130,13,9,4
103000131,225,76,149
103000132,48,67,-19
103000133,3,160,-157
103000134,440,332,108
103000135,758,146,612
103000136,577,232,345
103000137,459,397,62
103000138,693,440,253
103000139,2,38,-36
103000140,60,23,37
103000141,13,56,-43
103000142,125,54,71
103000143,25,170,-145
103000144,143,92,51
103000145,13,10,3
103000150,54,43,11
103000152,152,151,1
103000153,45,114,-69
103000156,3,421,-418
103000157,100,3,97
103000159,69,140,-71
103000162,44,15,29
103000163,8,10,-2
103000164,0,5,-5
103000165,145,357,-212
103000166,77,89,-12
103000167,96,117,-21
103000168,49,149,-100
103000169,87,169,-82
103000170,371,523,-152
103000171,28,50,-22
103000172,111,243,-132
103000173,145,739,-594
103000174,119,208,-89
103000175,87,485,-398
103000176,502,150,352
103000177,731,379,352
103000178,338,190,148
103000179,75,16,59
103000183,41,42,-1
103000185,22,100,-78
103000186,36,118,-82
103000187,100,660,-560
103000188,11,112,-101
103000189,568,862,-294
103000191,469,578,-109
103000292,2633,395,2238
103000293,1152,542,610
103000295,42,64,-22
103000296,39,2,37
103000297,113,13,100
103000504,87,10,77
103000505,12,4,8
103000506,3,182,-179
103000507,74,2,72
103000508,32,20,12
103000509,139,420,-281
103900001,3,254,-251
103900002,1599,118,1481
103900003,1514,105,1409
103900004,9,4,5
103900005,0,224,-224
103900006,2,1,1
103900007,12,0,12
103900008,1,0,1
103900009,99,221,-122
103900010,124,192,-68
103900011,40,215,-175
103900012,4,8,-4
103900013,1,78,-77
103900014,7,35,-28
103900015,48,16,32
103900016,132,367,-235
103900017,8,82,-74
103900018,652,120,532
103900019,55,106,-51
103900020,77,168,-91
103900021,703,178,525
103900022,462,503,-41
103900023,23,0,23
103900024,51,506,-455
103900025,1,22,-21
103900026,2,1,1
103900027,189,200,-11
103900028,13,155,-142
103900029,460,86,374
103900030,113,13,100
103900031,11,0,11
103900032,10,23,-13
103900033,20,8,12
103900034,13,212,-199
103900035,42,71,-29
103900036,28,13,15
103900037,7,19,-12
103900038,52,50,2
103900039,16,492,-476
103900040,3,200,-197
103900041,5,8,-3
103900042,4,497,-493
103900043,53,74,-21
103900044,168,65,103
103900045,55,155,-100
103900047,23,28,-5
103900048,30,17,13
103900049,129,983,-854
103900050,0,57,-57
103900051,1,21,-20
103900052,58,697,-639
103900053,36,1130,-1094
103900054,19,595,-576
103900055,121,155,-34
103900056,6,44,-38
103900057,4,267,-263
103900058,61,619,-558
103900059,0,1,-1
103900060,6,160,-154
103900061,18,33,-15
103900062,35,24,11
103900063,1,0,1
103900064,14,2,12
103900065,638,212,426
103900066,26,6,20
103900067,18,3,15
103900068,0,0,0
103900069,12,3,9
103900070,79,237,-158
103900071,14,136,-122
103900072,1,359,-358
103900073,3,4,-1
103900074,7,142,-135
103900075,66,101,-35
103900076,127,587,-460
103900077,53,36,17
103900078,29,74,-45
103900079,36,225,-189
103900080,5,20,-15
103900081,39,1,38
103900082,3,84,-81
103900083,1850,177,1673
103900084,7,77,-70
103900085,57,52,5
103900086,132,191,-59
103900088,343,116,227
103900089,103,210,-107
103900090,2,190,-188
103900091,687,184,503
103900092,172,434,-262
103900093,87,438,-351
103900094,4,174,-170
103900095,198,166,32
103900096,9,358,-349
103900097,3,542,-539
103900098,76,34,42
103900099,6,205,-199
103900100,36,270,-234
103900101,20,698,-678
103900102,1,16,-15
103900104,1,29,-28
103900105,73,136,-63
103900106,0,12,-12
103900107,39,137,-98
103900108,21,470,-449
103900109,13,61,-48
103900110,123,42,81
103900111,18,682,-664
103900112,7,45,-38
103900113,107,142,-35
103900114,482,296,186
103900115,165,65,100
103900116,6124,616,5508
103900117,185,113,72
103900119,23,17,6
103900120,16,86,-70
103900122,18,355,-337
103900123,1183,435,748
103900124,25,528,-503
103900125,64,68,-4
103900126,115,417,-302
103900127,85,823,-738
103900128,12,198,-186
103900131,17,122,-105
103900133,498,8,490
103900134,0,2,-2
103900135,2,5,-3
103900137,0,18,-18
103900138,11,298,-287
103900139,203,687,-484
103900140,2,21,-19
103900141,159,94,65
103900142,26,125,-99
103900143,10,5,5
103900144,0,63,-63
103900145,92,258,-166
103900146,223,271,-48
103900147,153,92,61
103900148,75,206,-131
103900149,26,587,-561
103900150,5967,967,5000
103900151,13,85,-72
103900152,89,634,-545
103900153,0,0,0
103900154,1151,613,538
103900155,7,178,-171
103900156,7,117,-110
103900157,5,194,-189
103900158,16,188,-172
103900159,17,57,-40
103900160,17,10,7
103900161,28,152,-124
103900162,86,272,-186
103900163,2,270,-268
103900167,3,29,-26
103900168,16,81,-65
103900169,6,21,-15
103900170,0,75,-75
103900171,1,105,-104
103900172,11,28,-17
103900173,2,6,-4
103900174,26,49,-23
103900175,33,16,17
103900176,5,4,1
103900177,1,25,-24
103900178,9,71,-62
103900179,7,164,-157
103900180,5,125,-120
103900181,29,22,7
103900182,21,10,11
103900184,470,14,456
103900185,155,45,110
103900187,52,19,33
103900188,18,6,12
103900189,23,3,20
103900190,18,23,-5
103900191,6,31,-25
103900192,22,42,-20
103900193,105,84,21
103900194,27,263,-236
103900195,4,17,-13
103900196,9,17,-8
103900197,7,33,-26
103900198,5,44,-39
103900199,29,73,-44
103900200,66,155,-89
103900201,25,180,-155
103900202,13,55,-42
103900203,8,15,-7
103900204,1,94,-93
103900207,0,159,-159
103900208,10,2,8
103900209,5,101,-96
103900210,6,31,-25
103900211,173,528,-355
103900212,26,524,-498
103900213,46,125,-79
103900214,110,55,55
103900215,640,208,432
103900216,4,427,-423
103900217,180,11,169
103900218,0,117,-117
103900219,24,279,-255
103900233,37,3,34
103900235,12,22,-10
103900236,14,1,13
103900242,1,9,-8
103900243,3,2,1
103900244,26,262,-236
103900245,19,200,-181
103900246,42,18,24
103900247,20,86,-66
103900248,1,11,-10
103900249,3,9,-6
103900250,13,15,-2
103900251,1,16,-15
103900253,22,19,3
103900254,0,6,-6
103900255,4,4,0
103900256,4,10,-6
103900257,89,31,58
103900258,11,0,11
103900259,45,2,43
103900261,4,4,0
103900262,6,2,4
103900263,33,11,22
103900264,27,6,21
103900265,7,3,4
103900266,0,15,-15
103900267,2,71,-69
103900268,5,128,-123
103900269,59,16,43
103900270,17,94,-77
103900271,24,206,-182
103900272,11,34,-23
103900273,0,26,-26
103900274,1,4,-3
103900275,2,2,0
103900276,1,19,-18
103900277,1,27,-26
103900278,2,7,-5
103900279,1,0,1
103900280,1,39,-38
104000001,1345,1767,-422
104000002,1025,2015,-990
104000003,1498,1749,-251
104000004,2776,1851,925
104000005,587,1363,-776
104000006,1865,2226,-361
104000007,2560,2677,-117
104000008,213,469,-256
104000009,58,118,-60
104000010,81,165,-84
104000011,626,497,129
104000012,105,428,-323
104000013,70,112,-42
104000014,148,644,-496
104000015,136,129,7
104000016,246,360,-114
104000018,316,126,190
104000019,211,87,124
104000020,154,856,-702
104000021,221,654,-433
104000022,59,321,-262
104000023,275,204,71
104000024,127,340,-213
104000026,30,238,-208
104000027,199,362,-163
104000028,174,197,-23
104000029,278,586,-308
104000030,70,186,-116
104000031,369,223,146
104000032,149,338,-189
104000033,215,266,-51
104000034,185,395,-210
104000035,308,331,-23
104000036,256,513,-257
104000037,164,306,-142
104000038,138,184,-46
104000039,107,486,-379
104000040,387,508,-121
104000041,276,267,9
104000042,182,429,-247
104000043,195,337,-142
104000044,176,835,-659
104000045,468,1163,-695
104000046,1148,1408,-260
104000047,381,1249,-868
104000048,918,1963,-1045
104000049,254,308,-54
104000050,95,489,-394
104000051,53,719,-666
104000052,541,1150,-609
104000053,452,550,-98
104000054,374,575,-201
104000055,3433,2597,836
104000056,1715,127,1588
104000057,56,448,-392
104000058,404,619,-215
104000059,228,902,-674
104000060,370,823,-453
104000061,906,1140,-234
104000062,92,150,-58
104000064,595,265,330
104000065,82,238,-156
104000069,1118,455,663
104000070,56,231,-175
104000071,159,338,-179
104000072,630,181,449
104000075,26,224,-198
104000076,286,32,254
104000082,1529,1813,-284
104000083,482,118,364
104000084,76,325,-249
104000085,109,207,-98
104000086,115,293,-178
104000087,376,630,-254
104000090,438,1476,-1038
104000092,422,2419,-1997
104000094,495,1825,-1330
104000095,884,1034,-150
104000096,519,368,151
104000097,775,1001,-226
104000098,646,1290,-644
104000100,698,586,112
104000101,751,2209,-1458
104000106,59,398,-339
104000107,298,548,-250
104000108,213,506,-293
104000109,161,31,130
104000110,496,699,-203
104000111,4699,1048,3651
104000112,1951,388,1563
104000116,3,1370,-1367
104000117,58,928,-870
104000118,170,226,-56
104000119,347,183,164
104000120,130,1061,-931
104000121,97,576,-479
104000122,323,591,-268
104000123,681,1274,-593
104000124,1389,2283,-894
104000125,4749,2014,2735
104000126,110,407,-297
104000127,1367,3800,-2433
104000128,585,409,176
104000129,328,16,312
104000130,3,134,-131
104000131,858,619,239
104000132,451,974,-523
104000133,825,609,216
104000134,610,929,-319
104000135,309,557,-248
104000136,793,1231,-438
104000137,1614,177,1437
104000138,1207,223,984
104000139,8456,2392,6064
104000141,1116,1712,-596
104000142,490,1030,-540
104000143,287,845,-558
104000144,39,157,-118
104000145,243,119,124
104000146,413,444,-31
104000147,72,313,-241
104000148,116,97,19
104000149,178,396,-218
104000150,403,307,96
104000151,269,702,-433
104000152,277,829,-552
104000153,121,339,-218
104000154,995,659,336
104000155,189,305,-116
104000157,959,1645,-686
104000158,134,159,-25
104000159,258,208,50
104000160,1244,1040,204
104000161,165,120,45
104000162,17,102,-85
104000165,1065,815,250
104000167,286,323,-37
104000168,284,5,279
104000169,19,30,-11
104000170,821,190,631
104000248,76,732,-656
104000251,37,357,-320
104000272,0,0,0
104000273,0,0,0
104000274,0,0,0
104000275,0,0,0
104000279,522,361,161
104000290,30,377,-347
104000291,573,751,-178
104000293,390,596,-206
104000294,3,0,3
104000295,260,557,-297
104000296,199,626,-427
104000297,723,1153,-430
104000298,1794,890,904
104000299,347,1054,-707
104900001,72,411,-339
104900002,7,60,-53
104900003,27,352,-325
104900004,41,329,-288
104900005,132,158,-26
104900006,54,45,9
104900007,127,197,-70
104900009,54,541,-487
104900010,17,12,5
104900011,1,1,0
104900012,67,3,64
104900013,34,1,33
104900014,4191,230,3961
104900015,46,0,46
104900016,41,301,-260
104900017,13,146,-133
104900018,1,258,-257
104900019,246,708,-462
104900020,17,294,-277
104900021,2,226,-224
104900022,7,107,-100
104900023,1,92,-91
104900024,3,78,-75
104900025,46,390,-344
104900026,1,97,-96
104900027,170,125,45
104900028,30,121,-91
104900029,24,27,-3
104900030,220,138,82
104900031,88,136,-48
104900032,37,135,-98
104900033,21,84,-63
104900034,155,51,104
104900035,70,80,-10
104900036,70,52,18
104900037,59,271,-212
104900038,455,171,284
104900039,458,49,409
104900040,48,105,-57
104900041,53,70,-17
104900042,50,377,-327
104900043,2,5,-3
104900044,152,195,-43
104900045,110,27,83
104900046,18,75,-57
104900047,86,129,-43
104900048,85,61,24
104900049,7,2,5
104900050,55,42,13
104900051,53,28,25
104900052,5,0,5
104900053,183,22,161
104900054,88,19,69
104900055,9,0,9
104900056,84,4,80
104900057,4,0,4
104900058,191,68,123
104900059,13,28,-15
104900060,1,291,-290
104900061,259,617,-358
104900063,1,84,-83
104900064,0,75,-75
104900065,0,66,-66
104900066,1,173,-172
104900067,4,176,-172
104900068,4,218,-214
104900070,40,351,-311
104900071,1,760,-759
104900072,14,179,-165
104900073,6,238,-232
104900074,20,246,-226
104900075,12,63,-51
104900076,40,427,-387
104900077,1018,41,977
104900078,78,852,-774
104900079,88,111,-23
104900080,26,595,-569
104900082,8,283,-275
104900085,0,305,-305
104900087,267,2,265
104900089,27,0,27
104900090,221,284,-63
104900091,322,873,-551
104900093,129,492,-363
104900097,2742,815,1927
104900098,31,40,-9
104900099,52,255,-203
104900100,808,138,670
104900102,9,274,-265
104900103,323,76,247
104900104,2448,693,1755
104900106,19,164,-145
104900107,25,335,-310
104900108,4,266,-262
104900109,35,56,-21
104900110,8,34,-26
104900111,53,72,-19
104900112,94,878,-784
104900113,258,376,-118
104900114,130,714,-584
104900115,178,569,-391
104900116,55,353,-298
104900118,13,74,-61
104900119,1,33,-32
104900120,124,26,98
104900121,0,77,-77
104900122,2,56,-54
104900123,9,2,7
104900124,1,0,1
104900125,314,4,310
104900126,96,44,52
104900127,33,16,17
104900128,52,82,-30
104900129,2098,607,1491
105000001,1436,1461,-25
105000002,1256,1429,-173
105000003,1660,2988,-1328
105000004,399,817,-418
105000005,468,826,-358
105000006,643,1061,-418
105000007,538,839,-301
105000008,387,1025,-638
105000009,642,1878,-1236
105000010,2406,2145,261
105000011,1281,1287,-6
105000012,3258,2665,593
105000013,434,624,-190
105000014,669,1376,-707
105000015,4448,3202,1246
105000016,2497,1261,1236
105000017,1084,877,207
105000018,945,649,296
105000019,1071,758,313
105000020,107,264,-157
105000021,234,106,128
105000022,64,30,34
105000023,229,166,63
105000028,40,138,-98
105000029,221,500,-279
105000030,3046,2914,132
105000033,923,1918,-995
105000034,68,370,-302
105000037,382,556,-174
105000038,1148,746,402
105000039,3238,1551,1687
105000040,407,440,-33
105000041,494,1175,-681
105000042,1471,731,740
105000043,1716,1941,-225
105000044,201,246,-45
105000045,169,884,-715
105000046,362,268,94
105000047,296,1374,-1078
105000048,207,171,36
105000049,168,763,-595
105000050,210,221,-11
105000051,159,545,-386
105000052,179,871,-692
105000053,65,182,-117
105000054,104,803,-699
105000055,143,367,-224
105000056,498,2189,-1691
105000057,781,1009,-228
105000058,1205,1314,-109
105000059,338,313,25
105000060,325,544,-219
105000061,209,269,-60
105000062,720,959,-239
105000063,168,667,-499
105000064,358,405,-47
105000065,245,964,-719
105000066,532,1937,-1405
105000067,330,368,-38
105000068,345,818,-473
105000069,2044,412,1632
105000070,648,688,-40
105000071,158,283,-125
105000072,474,542,-68
105000073,426,333,93
105000074,650,1054,-404
105000075,394,714,-320
105000076,960,958,2
105000077,1287,695,592
105000078,1009,831,178
105000079,1352,1309,43
105000080,1008,525,483
105000081,621,546,75
105000082,333,321,12
105000083,531,408,123
105000084,285,963,-678
105000085,537,677,-140
105000086,354,738,-384
105000087,1820,1286,534
105000088,1045,892,153
105000089,2484,2049,435
105000090,944,845,99
105000091,1693,1656,37
105000092,404,1142,-738
105000093,265,209,56
105000094,211,184,27
105000095,58,342,-284
105000096,716,489,227
105000097,893,524,369
105000098,337,392,-55
105000099,497,806,-309
105000100,586,977,-391
105000101,1346,1809,-463
105000102,797,1266,-469
105000103,1062,1754,-692
105000104,826,914,-88
105000105,508,1379,-871
105000106,566,1069,-503
105000107,463,678,-215
105000108,606,1405,-799
105000109,640,1238,-598
105000110,319,709,-390
105000111,279,525,-246
105000112,496,725,-229
105000113,140,332,-192
105000114,3180,709,2471
105000115,223,438,-215
105000116,290,321,-31
105000117,450,1372,-922
105000118,135,283,-148
105000119,260,1016,-756
105000120,332,589,-257
105000121,441,903,-462
105000122,143,372,-229
105000123,764,1259,-495
105000124,872,753,119
105000125,413,1441,-1028
105000126,1106,1888,-782
105000127,1289,1516,-227
105000128,127,1109,-982
105000129,334,240,94
105000130,47,595,-548
105000131,252,376,-124
105000132,465,318,147
105000133,223,972,-749
105000134,219,435,-216
105000135,226,573,-347
105000136,42,274,-232
105000137,164,166,-2
105000138,221,302,-81
105000139,660,988,-328
105000140,131,394,-263
105000141,82,559,-477
105000142,50,357,-307
105000143,161,544,-383
105000144,206,552,-346
105000145,376,314,62
105000146,423,560,-137
105000147,421,250,171
105000148,724,391,333
105000149,993,751,242
105000150,1831,1066,765
105000151,166,216,-50
105000152,81,575,-494
105000153,310,301,9
105000154,628,693,-65
105000155,252,315,-63
105000156,824,670,154
105000157,988,1436,-448
105000158,1281,618,663
105000159,239,1049,-810
105000160,907,450,457
105000161,514,1806,-1292
105000162,214,963,-749
105000163,1018,1070,-52
105000164,187,232,-45
105000165,1333,2351,-1018
105000166,6409,206,6203
105000167,2227,826,1401
105000168,88,792,-704
105000169,153,450,-297
105000170,34,886,-852
105000171,731,281,450
105000172,22,54,-32
105000173,26,26,0
105000174,22,10,12
105000175,72,147,-75
105000176,64,80,-16
105000177,40,85,-45
105000178,83,581,-498
105000179,58,103,-45
105000180,45,122,-77
105000181,28,408,-380
105000182,18,70,-52
105000183,2189,1023,1166
105000184,1164,498,666
105000185,901,427,474
105000186,260,752,-492
105000187,371,243,128
105000188,58,72,-14
105000189,63,442,-379
105000190,81,260,-179
105000191,140,404,-264
105000192,42,52,-10
105000193,43,127,-84
105000194,104,66,38
105000195,155,1230,-1075
105000196,12,38,-26
105000197,116,795,-679
105000198,341,232,109
105000199,96,95,1
105000200,54,210,-156
105000201,71,14,57
105000203,5,258,-253
105000204,54,67,-13
105000205,73,184,-111
105000207,505,200,305
105000208,194,179,15
105000209,124,376,-252
105000212,586,1250,-664
105000213,210,77,133
105000214,55,168,-113
105000215,84,190,-106
105000216,30,378,-348
105000217,93,355,-262
105000218,344,749,-405
105000221,76,264,-188
105000222,44,45,-1
105000223,52,192,-140
105000226,6,328,-322
105000227,12,225,-213
105000228,78,470,-392
105000229,31,149,-118
105000231,100,170,-70
105000233,422,419,3
105000234,362,857,-495
105000235,112,305,-193
105000237,305,40,265
105000243,11,51,-40
105000248,27,30,-3
105000262,127,1584,-1457
105000269,50,111,-61
105000270,118,84,34
105000271,0,237,-237
105000282,58,34,24
105000287,206,103,103
105000288,145,297,-152
105000289,559,540,19
105000290,5,2,3
105000402,4125,1105,3020
105000426,270,422,-152
105000438,319,379,-60
105000446,9293,3355,5938
105000447,5088,2056,3032
105000454,53,820,-767
105000455,256,183,73
105000474,4,4,0
105000477,84,287,-203
105000478,688,1090,-402
105000479,70,92,-22
105000480,961,1252,-291
105000481,1216,1477,-261
105000482,3374,2115,1259
105000483,644,779,-135
105000484,1741,2154,-413
105000485,644,901,-257
105000486,2264,1821,443
105000488,2017,1952,65
105000489,376,520,-144
105000549,8,76,-68
105000550,389,833,-444
105000551,14,84,-70
105000552,2842,1658,1184
105000555,468,425,43
105900001,2,621,-619
105900002,1198,213,985
105900003,9,60,-51
105900004,318,85,233
105900005,2,186,-184
105900006,0,24,-24
105900007,37,6,31
105900008,15,756,-741
105900009,13,7,6
105900011,56,50,6
105900012,221,204,17
105900013,0,10,-10
105900014,3,71,-68
105900015,94,318,-224
105900016,80,681,-601
105900017,362,44,318
105900018,156,243,-87
105900019,78,522,-444
105900020,9,45,-36
105900021,5,277,-272
105900022,139,318,-179
105900023,0,90,-90
105900024,4,157,-153
105900025,15,33,-18
105900026,112,26,86
105900027,3663,2084,1579
105900028,19,105,-86
105900029,1653,280,1373
105900030,113,240,-127
105900031,253,165,88
105900032,41,139,-98
105900033,33,108,-75
105900034,47,211,-164
105900035,146,127,19
105900036,9,86,-77
105900037,55,65,-10
105900038,52,210,-158
105900039,17,116,-99
105900040,18,100,-82
105900041,93,301,-208
105900042,14,94,-80
105900043,1409,26,1383
105900044,3,102,-99
105900045,0,426,-426
105900046,1,137,-136
105900047,0,11,-11
105900048,30,314,-284
105900050,1392,381,1011
105900051,4,1115,-1111
105900052,214,32,182
105900053,3525,730,2795
105900054,216,255,-39
105900056,965,161,804
105900057,8,170,-162
105900058,1,24,-23
105900059,0,14,-14
106000001,1961,863,1098
106000002,1883,2489,-606
106000003,2134,1626,508
106000004,1792,1667,125
106000005,1488,3281,-1793
106000006,4279,3433,846
106000007,331,379,-48
106000008,278,262,16
106000009,365,259,106
106000010,298,370,-72
106000011,307,688,-381
106000012,476,1314,-838
106000013,952,1452,-500
106000014,1536,1496,40
106000015,578,795,-217
106000016,648,1740,-1092
106000017,457,476,-19
106000018,342,571,-229
106000019,131,381,-250
106000020,122,361,-239
106000021,128,367,-239
106000022,196,370,-174
106000023,301,269,32
106000024,300,794,-494
106000025,87,144,-57
106000026,95,323,-228
106000027,399,695,-296
106000028,305,781,-476
106000029,543,1463,-920
106000030,594,187,407
106000034,84,463,-379
106000035,411,585,-174
106000036,295,211,84
106000037,867,1193,-326
106000038,246,54,192
106000039,112,36,76
106000040,124,470,-346
106000041,528,196,332
106000043,320,31,289
106000046,204,22,182
106000047,25,313,-288
106000049,237,70,167
106000050,171,765,-594
106000051,184,243,-59
106000052,54,601,-547
106000053,100,72,28
106000054,214,377,-163
106000055,315,471,-156
106000056,182,457,-275
106000057,120,94,26
106000058,91,179,-88
106000059,80,178,-98
106000060,420,552,-132
106000061,116,229,-113
106000062,128,471,-343
106000063,261,274,-13
106000064,23,334,-311
106000065,131,64,67
106000066,34,330,-296
106000067,82,36,46
106000068,50,579,-529
106000069,63,67,-4
106000070,201,681,-480
106000071,404,199,205
106000072,3546,879,2667
106000073,1173,1313,-140
106000074,113,439,-326
106000075,175,612,-437
106000076,678,1144,-466
106000077,1553,811,742
106000078,331,661,-330
106000079,243,768,-525
106000080,465,776,-311
106000081,252,741,-489
106000082,1531,787,744
106000083,202,790,-588
106000084,398,484,-86
106000085,902,746,156
106000086,384,454,-70
106000087,339,420,-81
106000088,245,672,-427
106000089,337,342,-5
106000090,144,539,-395
106000091,170,536,-366
106000092,280,167,113
106000093,97,65,32
106000094,49,357,-308
106000095,252,1069,-817
106000096,332,619,-287
106000097,413,1389,-976
106000098,212,843,-631
106000099,98,802,-704
106000100,295,238,57
106000101,290,238,52
106000102,30,423,-393
106000103,121,607,-486
106000104,266,289,-23
106000105,277,885,-608
106000106,220,368,-148
106000107,67,499,-432
106000108,89,270,-181
106000109,46,381,-335
106000110,86,202,-116
106000111,85,631,-546
106000112,59,313,-254
106000113,978,508,470
106000114,337,241,96
106000115,104,504,-400
106000116,90,155,-65
106000117,638,684,-46
106000118,624,889,-265
106000119,1949,880,1069
106000120,564,517,47
106000121,91,164,-73
106000122,21,304,-283
106000123,87,300,-213
106000124,18,283,-265
106000125,17,344,-327
106000126,37,208,-171
106000127,298,905,-607
106000128,210,249,-39
106000129,202,669,-467
106000130,244,295,-51
106000131,79,516,-437
106000132,751,144,607
106000133,3735,666,3069
106000134,524,427,97
106000135,136,800,-664
106000136,290,271,19
106000137,48,1468,-1420
106000138,359,36,323
106000139,19,68,-49
106000140,16,74,-58
106000141,19,153,-134
106000142,10,53,-43
106000143,17,123,-106
106000144,8,39,-31
106000145,75,371,-296
106000146,62,94,-32
106000147,269,411,-142
106000148,466,591,-125
106000149,273,290,-17
106000150,275,1306,-1031
106000151,3593,585,3008
106000152,1227,710,517
106000153,55,923,-868
106000154,1177,177,1000
106000155,20,104,-84
106000156,291,213,78
106000157,255,1290,-1035
106000158,2528,521,2007
106000159,4207,845,3362
106000160,94,1130,-1036
106000161,971,463,508
106000162,97,414,-317
106000163,121,461,-340
106000164,90,268,-178
106000165,97,604,-507
106000166,180,251,-71
106000167,116,1313,-1197
106000168,92,223,-131
106000169,57,774,-717
106000170,148,212,-64
106000171,39,678,-639
106000172,1586,560,1026
106000173,447,2064,-1617
106000174,640,188,452
106000175,195,912,-717
106000176,488,394,94
106000177,340,1766,-1426
106000178,2246,1082,1164
106000179,862,1397,-535
106000180,805,1660,-855
106000181,252,1580,-1328
106000182,263,542,-279
106000183,317,942,-625
106000184,739,900,-161
106000185,515,634,-119
106000186,682,120,562
106000187,138,707,-569
106000188,0,0,0
106000189,3,50,-47
106000190,19,1,18
106000191,486,142,344
106000192,0,41,-41
106000193,250,116,134
106000194,105,435,-330
106000195,233,43,190
106000196,75,292,-217
106000197,127,237,-110
106000198,74,273,-199
106000199,678,424,254
106000200,385,149,236
106000201,389,798,-409
106000202,5833,439,5394
106000203,197,149,48
106000204,19,4,15
106000205,15,101,-86
106000206,43,7,36
106000207,40,784,-744
106000208,322,30,292
106000209,475,187,288
106000210,136,1016,-880
106000211,202,1272,-1070
106000212,245,104,141
106000213,524,721,-197
106000214,1894,360,1534
106000215,123,360,-237
106000216,175,265,-90
106000217,107,423,-316
106000218,200,250,-50
106000219,40,264,-224
106000220,233,180,53
106000221,43,214,-171
106000222,11,173,-162
106000223,43,160,-117
106000224,54,295,-241
106000225,53,46,7
106000226,79,337,-258
106000228,4,82,-78
106000229,47,727,-680
106000231,211,66,145
106000232,34,347,-313
106000233,217,84,133
106000234,68,199,-131
106000235,71,41,30
106000236,33,40,-7
106000237,0,10,-10
106000238,1,5,-4
106000239,6,70,-64
106000240,27,0,27
106000241,10,591,-581
106000242,81,10,71
106000249,19,30,-11
106000250,21,326,-305
106000251,28,19,9
106000252,11,143,-132
106000253,3,41,-38
106000254,26,65,-39
106000255,5,40,-35
106000256,66,109,-43
106000257,112,252,-140
106000258,51,11,40
106000259,1,44,-43
106000260,5,2,3
106000261,0,60,-60
106000262,10,7,3
106000263,1,116,-115
106000264,34,2,32
106000265,8,108,-100
106000266,41,9,32
106000267,15,76,-61
106000268,243,11,232
106000269,50,48,2
106000270,102,363,-261
106000271,27,163,-136
106000272,56,43,13
106000273,5,105,-100
106000274,132,46,86
106000275,61,121,-60
106000276,75,50,25
106000277,75,109,-34
106000278,127,25,102
106000279,1,50,-49
106000280,14,148,-134
106000281,77,74,3
106000282,41,54,-13
106000283,50,116,-66
106000284,25,94,-69
106000285,53,128,-75
106000286,34,102,-68
106000287,41,102,-61
106000288,31,97,-66
106000289,48,62,-14
106000290,36,79,-43
106000291,34,62,-28
106000292,48,146,-98
106000293,69,59,10
106000294,48,93,-45
106000295,19,29,-10
106000296,68,83,-15
106000297,55,142,-87
106000298,100,65,35
106000299,53,84,-31
106000300,28,70,-42
106000301,30,95,-65
106000303,15,25,-10
106000304,33,32,1
106000305,18,22,-4
106000306,70,60,10
106000307,6,2,4
106000308,41,167,-126
106000309,13,67,-54
106000310,109,435,-326
106000311,107,81,26
106000312,36,146,-110
106000313,51,200,-149
106000318,133,112,21
106000319,228,21,207
106000320,1,21,-20
106000321,219,39,180
106000322,47,180,-133
106000324,0,138,-138
106000325,574,703,-129
106000326,482,1552,-1070
106000327,47,207,-160
106000328,6,98,-92
106000329,21,258,-237
106000330,35,69,-34
106000428,29,135,-106
106000429,74,468,-394
106000430,170,1448,-1278
106000431,383,229,154
106000432,884,2205,-1321
106000433,563,447,116
106000434,1376,493,883
106000435,1624,1984,-360
106000436,5,273,-268
106000437,93,13,80
106000438,322,83,239
106000439,76,364,-288
106000440,122,473,-351
106000441,0,0,0
106000442,54,1,53
106000443,35,608,-573
106000450,4,175,-171
106000451,19,4,15
106000454,5,68,-63
106000455,16,118,-102
106000456,52,27,25
106000457,6,1003,-997
106000458,102,111,-9
106000459,15,364,-349
106000460,242,23,219
106000461,19,1815,-1796
106000462,0,5,-5
106000463,1,18,-17
106000464,0,545,-545
106000465,93,1,92
106000466,2,652,-650
106000467,535,419,116
106000468,20,172,-152
106000469,185,1,184
106000470,166,914,-748
106000471,11,543,-532
106000472,41,9,32
106000473,11,24,-13
106000474,161,751,-590
106000475,126,109,17
106000476,129,86,43
106000477,6,134,-128
106000480,1,38,-37
106900001,0,6,-6
106900002,2,550,-548
106900003,197,626,-429
106900004,0,42,-42
106900006,0,13,-13
106900007,0,10,-10
106900008,47,194,-147
106900009,67,332,-265
106900010,54,261,-207
106900012,1361,634,727
106900013,153,9,144
106900014,13,2,11
106900015,1,1,0
106900016,34,1,33
106900017,2,0,2
106900018,4,0,4
106900019,15,0,15
106900020,2250,276,1974
106900021,12,21,-9
106900022,59,0,59
106900023,7,280,-273
106900024,91,3,88
106900025,42,443,-401
106900026,3,829,-826
106900027,109,6,103
107000001,1378,980,398
107000002,2151,2951,-800
107000003,2683,3228,-545
107000004,4398,5124,-726
107000005,1064,2178,-1114
107000006,2362,6071,-3709
107000007,3260,3061,199
107000008,15486,9672,5814
107000009,2913,2989,-76
107000010,8396,10318,-1922
107000011,741,1242,-501
107000012,3518,3351,167
107000013,39,139,-100
107000014,7,258,-251
107000015,281,781,-500
107000016,215,1111,-896
107000017,1571,579,992
107000018,9,164,-155
107000020,963,197,766
107000021,547,870,-323
107000022,472,1096,-624
107000023,821,333,488
107000024,261,1761,-1500
107000025,70,355,-285
107000026,82,648,-566
107000027,781,570,211
107000028,777,1479,-702
107000029,850,884,-34
107000030,2356,2773,-417
107000031,1294,1070,224
107000032,169,683,-514
107000033,4026,3137,889
107000034,4660,1865,2795
107000035,264,103,161
107000036,291,644,-353
107000037,36,519,-483
107000038,243,258,-15
107000039,278,384,-106
107000040,78,244,-166
107000041,978,417,561
107000042,527,1277,-750
107000043,2519,526,1993
107000044,465,347,118
107000045,90,238,-148
107000046,280,205,75
107000047,209,765,-556
107000048,178,317,-139
107000049,284,591,-307
107000050,435,345,90
107000051,394,220,174
107000052,666,463,203
107000053,128,85,43
107000054,31,222,-191
107000055,232,123,109
107000056,435,695,-260
107000057,1622,221,1401
107000058,924,1287,-363
107000059,1332,2291,-959
107000060,2151,3341,-1190
107000061,4097,3049,1048
107000062,1345,1955,-610
107000063,2349,4809,-2460
107000064,1543,1348,195
107000065,2265,5112,-2847
107000066,1033,1289,-256
107000067,427,738,-311
107000068,1088,441,647
107000069,327,281,46
107000070,124,2,122
107000071,608,15,593
107000072,21,3083,-3062
107000073,119,75,44
107000074,97,783,-686
107000075,429,117,312
107000076,583,1612,-1029
107000077,1086,224,862
107000078,1081,2818,-1737
107000079,800,239,561
107000080,675,2911,-2236
107000081,445,286,159
107000082,279,2613,-2334
107000083,398,163,235
107000084,304,2340,-2036
107000085,1861,2365,-504
107000086,2780,2094,686
107000087,1513,1572,-59
107000088,1801,2305,-504
107000089,936,1379,-443
107000090,746,919,-173
107000091,552,877,-325
107000092,433,1009,-576
107000093,405,717,-312
107000094,562,1411,-849
107000095,258,564,-306
107000096,422,752,-330
107000097,281,306,-25
107000098,213,774,-561
107000099,215,162,53
107000100,207,334,-127
107000101,41,109,-68
107000102,300,389,-89
107000103,180,123,57
107000104,199,258,-59
107000105,109,108,1
107000106,74,287,-213
107000107,170,151,19
107000108,75,853,-778
107000109,142,64,78
107000110,25,476,-451
107000111,40,12,28
107000112,14,321,-307
107000113,215,54,161
107000114,34,626,-592
107000115,79,34,45
107000116,35,909,-874
107000117,44,99,-55
107000118,77,234,-157
107000119,1411,581,830
107000120,2451,281,2170
107000121,182,452,-270
107000122,563,615,-52
107000123,123,740,-617
107000124,207,677,-470
107000125,219,801,-582
107000126,316,980,-664
107000129,70,973,-903
107000130,98,135,-37
107000131,176,681,-505
107000132,216,196,20
107000133,368,63,305
107000134,60,1,59
107000135,6,157,-151
107000136,216,1,215
107000137,9,300,-291
107000138,145,11,134
107000139,10,258,-248
107000140,293,19,274
107000141,90,662,-572
107000142,206,28,178
107000143,18,860,-842
107000144,231,141,90
107000145,95,526,-431
107000146,89,77,12
107000147,2267,491,1776
107000150,789,1017,-228
107000151,20,28,-8
107000152,406,376,30
107000153,265,218,47
107000154,88,31,57
107000155,272,8,264
107000156,435,17,418
107000157,23,2523,-2500
107000158,273,11,262
107000159,37,1457,-1420
107000160,245,64,181
107000161,46,1904,-1858
107000162,76,170,-94
107000163,12,0,12
107000164,58,0,58
107000165,200,1,199
107000166,37,1283,-1246
107000167,153,255,-102
107000168,338,225,113
107000169,768,985,-217
107000170,466,283,183
107000171,322,2888,-2566
107000172,436,420,16
107000173,684,1099,-415
107000174,744,1191,-447
107000175,10232,1338,8894
107000176,1,1,0
107000177,0,0,0
107000178,3,40,-37
107000179,148,3056,-2908
107000180,415,268,147
107000181,104,1189,-1085
107000182,443,541,-98
107000183,69,878,-809
107000184,249,589,-340
107000185,113,1174,-1061
107000186,199,252,-53
107000187,800,853,-53
107000188,326,281,45
107000189,177,714,-537
107000190,246,562,-316
107000191,253,762,-509
107000192,832,872,-40
107000193,218,240,-22
107000194,621,665,-44
107000197,269,143,126
107000198,118,726,-608
107000199,495,694,-199
107000200,826,342,484
107000201,238,223,15
107000202,142,426,-284
107000203,502,372,130
107000204,544,512,32
107000205,2269,922,1347
107000206,492,546,-54
107000207,547,681,-134
107000208,994,174,820
107000209,1409,266,1143
107000210,1247,148,1099
107000211,2,18,-16
107000212,10,120,-110
107000213,18,17,1
107000214,12,78,-66
107000215,146,438,-292
107000216,84,411,-327
107000217,27,125,-98
107000219,59,82,-23
107000220,32,355,-323
107000222,204,616,-412
107000224,185,16,169
107000225,89,620,-531
107000226,115,58,57
107000227,52,477,-425
107000228,49,101,-52
107000229,160,72,88
107000230,775,434,341
107000231,583,252,331
107000232,38,55,-17
107000233,335,214,121
107000234,1,14,-13
107000235,28,0,28
107000236,12,278,-266
107000237,0,0,0
107000238,1,0,1
107000239,5591,273,5318
107000240,37,1095,-1058
107000243,0,27,-27
107000244,10,49,-39
107000246,2,1211,-1209
107000249,0,775,-775
107000251,1,304,-303
107000252,2,1394,-1392
107000255,622,60,562
107000257,3,618,-615
107000258,0,110,-110
107000259,3,196,-193
107000260,137,5,132
107000262,5,827,-822
107000263,36,1,35
107000266,9,7,2
107000267,36,173,-137
107000268,102,180,-78
107000269,93,40,53
107000270,0,5,-5
107000271,11,959,-948
107000272,3,234,-231
107000273,1,233,-232
107000274,601,227,374
107000275,17,714,-697
107000280,180,11,169
107000281,15,1135,-1120
107000282,13,1387,-1374
107000290,6,67,-61
107000291,8,15,-7
107000292,2,21,-19
107000293,37,6,31
107000294,0,15,-15
107000295,20,0,20
107000296,0,10,-10
107000444,68,0,68
107000496,0,32,-32
107000497,949,2969,-2020
107000500,216,334,-118
107000501,37,145,-108
107000502,82,370,-288
107000505,495,586,-91
107000506,0,4,-4
107000508,2,629,-627
107000509,112,370,-258
107000510,23,8,15
107000514,18,202,-184
107000515,3,301,-298
107000516,104,143,-39
107000518,253,203,50
107000519,3332,1043,2289
107000520,23,4,19
107000521,179,389,-210
107000522,213,685,-472
107900001,6,221,-215
107900002,10,2,8
107900003,107,4,103
107900004,10,0,10
107900005,203,2,201
107900006,18,0,18
107900007,60,20,40
107900008,18,34,-16
107900009,41,0,41
107900010,4,0,4
107900012,125,2,123
107900013,130,54,76
107900014,7,0,7
107900015,180,2,178
107900016,293,101,192
107900017,0,0,0
107900018,21,29,-8
107900019,8,86,-78
107900020,38,3,35
107900021,10,116,-106
107900023,0,0,0
107900024,0,43,-43
107900025,170,315,-145
107900026,21,121,-100
107900027,7,28,-21
107900028,12,80,-68
107900030,72,5,67
107900031,17,190,-173
107900032,1,4,-3
107900033,7,2,5
107900034,96,5,91
107900035,274,10,264
107900036,20,4,16
107900037,0,58,-58
107900038,99,46,53
107900039,4,38,-34
107900040,70,11,59
107900041,0,2,-2
107900043,9,110,-101
107900044,10,0,10
107900045,17,13,4
107900046,40,17,23
107900047,15,95,-80
107900048,20,9,11
107900049,183,229,-46
107900050,75,242,-167
107900051,45,81,-36
107900052,9,1,8
107900053,7,68,-61
107900055,150,64,86
107900056,34,3,31
107900057,0,0,0
107900058,8,617,-609
107900060,2,29,-27
107900061,6,2,4
107900063,24,98,-74
107900064,180,17,163
107900065,42,3,39
107900066,3,5,-2
107900067,0,0,0
107900068,58,180,-122
107900069,24,286,-262
107900070,14,11,3
107900071,4,777,-773
107900072,23,173,-150
107900073,7,104,-97
107900074,708,55,653
107900076,52,32,20
107900077,19,0,19
107900078,85,8,77
107900079,6,9,-3
107900080,82,105,-23
107900081,3,67,-64
107900082,14,17,-3
107900083,89,78,11
107900084,26,61,-35
107900086,34,54,-20
107900087,174,22,152
107900088,4,12,-8
107900089,281,690,-409
107900090,305,371,-66
107900091,75,362,-287
107900092,1730,348,1382
107900093,33,57,-24
107900095,2269,574,1695
107900097,5,24,-19
107900098,36,77,-41
107900100,756,294,462
107900101,892,82,810
107900102,1,1,0
107900103,22,136,-114
107900104,53,0,53
107900105,1,486,-485
107900106,4,1567,-1563
107900107,1132,78,1054
107900108,237,26,211
107900109,198,2,196
107900110,3,81,-78
107900111,5,1185,-1180
107900112,40,158,-118
107900113,30,102,-72
107900114,51,191,-140
107900115,0,33,-33
107900116,14,171,-157
107900117,145,347,-202
107900118,24,123,-99
107900119,13,47,-34
107900120,8,2,6
107900121,0,109,-109
107900122,0,51,-51
107900123,1,20,-19
107900124,3,23,-20
107900125,11,144,-133
107900126,0,30,-30
107900127,465,41,424
107900128,65,32,33
107900129,4,57,-53
107900130,4,12,-8
107900131,105,14,91
107900132,40,382,-342
107900133,3,64,-61
107900134,11,6,5
107900135,0,133,-133
107900136,41,20,21
107900137,44,72,-28
107900138,9,25,-16
107900139,3,24,-21
107900141,99,13,86
107900142,55,953,-898
107900143,20,17,3
107900144,1,110,-109
107900145,3,97,-94
107900146,38,95,-57
107900147,6,12,-6
107900148,73,130,-57
107900149,1849,78,1771
107900150,34,635,-601
107900151,3,94,-91
107900152,8,276,-268
107900153,70,108,-38
107900154,6,7,-1
107900155,11,21,-10
107900156,4,320,-316
107900157,34,67,-33
107900158,178,4,174
107900159,18,1038,-1020
107900160,12,172,-160
107900161,4,208,-204
107900162,1,104,-103
107900163,58,14,44
107900164,1,8,-7
107900165,88,28,60
107900166,18,201,-183
107900167,24,5,19
107900168,6,52,-46
107900169,0,207,-207
107900171,13,1678,-1665
107900172,2,284,-282
107900173,6,163,-157
107900174,26,8,18
107900175,0,1,-1
107900176,5,39,-34
107900177,0,77,-77
107900178,0,288,-288
107900179,14,104,-90
107900180,934,107,827
107900181,211,374,-163
107900182,3,1465,-1462
107900183,6,352,-346
107900184,16,200,-184
107900185,19,6,13
107900186,4,33,-29
107900187,0,101,-101
107900188,686,44,642
107900189,4,138,-134
107900190,136,24,112
107900191,16,154,-138
107900193,2,21,-19
107900194,32,1,31
107900195,3745,286,3459
107900196,12,34,-22
107900197,363,40,323
107900199,2,921,-919
107900201,37,113,-76
107900203,11,59,-48
107900204,136,153,-17
107900205,109,366,-257
107900206,200,147,53
107900207,2,624,-622
107900208,10,802,-792
107900209,314,70,244
107900210,42,94,-52
107900213,175,258,-83
107900214,3,152,-149
107900215,99,261,-162
107900216,25,40,-15
107900217,24,35,-11
107900218,5,1403,-1398
107900219,6,138,-132
107900220,93,44,49
107900221,116,146,-30
107900223,23,448,-425
107900224,88,268,-180
107900225,0,659,-659
107900226,11,68,-57
107900227,49,451,-402
107900228,3,91,-88
107900229,3,263,-260
107900230,3,135,-132
107900231,2,154,-152
107900232,8,239,-231
107900233,1,101,-100
107900234,19,127,-108
107900235,37,91,-54
107900236,35,67,-32
107900237,91,362,-271
107900238,3,90,-87
107900239,1080,300,780
107900240,8,153,-145
107900241,6,73,-67
107900242,5,350,-345
107900243,2,36,-34
107900244,106,2,104
107900245,96,11,85
107900246,56,39,17
107900248,35,459,-424
107900249,102,1,101
107900250,0,457,-457
107900251,23,861,-838
107900252,154,3,151
107900253,23,0,23
107900254,22,53,-31
107900255,361,48,313
107900256,234,576,-342
107900257,41,23,18
107900258,22,180,-158
107900259,63,333,-270
107900261,7,605,-598
107900262,20,108,-88
107900264,42,0,42
107900265,20,200,-180
107900267,34,15,19
107900268,70,3,67
107900269,1,6,-5
107900270,0,0,0
107900271,3,2,1
107900272,120,11,109
107900273,8,48,-40
107900274,13,2,11
107900275,11,0,11
107900276,0,35,-35
107900277,0,212,-212
107900278,68,280,-212
107900279,144,73,71
107900280,1520,613,907
107900281,3134,579,2555
107900282,43,139,-96
107900283,1267,247,1020
107900284,36,677,-641
107900285,20,115,-95
107900286,79,46,33
107900287,58,68,-10
107900290,0,52,-52
107900291,109,1,108
107900292,74,222,-148
107900293,23,403,-380
107900295,12,135,-123
107900297,0,190,-190
107900298,452,687,-235
107900299,3346,759,2587
107900300,19,117,-98
107900301,267,119,148
107900302,45,6,39
107900303,17,217,-200
107900304,67,460,-393
107900305,92,7,85
107900306,6,1,5
107900307,26,275,-249
107900308,143,14,129
107900309,2,1,1
107900310,0,0,0
107900311,82,41,41
107900312,0,0,0
107900313,0,59,-59
107900314,0,36,-36
107900315,1,41,-40
107900316,9,0,9
107900317,9,1,8
107900318,1,91,-90
107900319,2,194,-192
107900320,1,151,-150
107900321,47,2,45
107900322,0,223,-223
107900323,3,136,-133
107900324,64,0,64
107900325,8,1,7
107900326,43,321,-278
107900327,0,1,-1
107900328,0,0,0
107900329,0,0,0
107900330,2,283,-281
107900331,38,21,17
107900332,46,15,31
107900333,17,1,16
107900334,7,216,-209
107900335,25,44,-19
107900336,5,15,-10
107900337,1229,298,931
107900338,1,95,-94
107900339,0,21,-21
107900340,0,36,-36
107900341,14,0,14
107900342,67,71,-4
107900343,4,1,3
107900344,1,69,-68
107900345,29,20,9
107900346,6,1,5
107900347,7,1,6
107900348,1,0,1
107900349,7,4,3
107900350,27,248,-221
107900351,2,213,-211
107900352,1,66,-65
107900353,1,3,-2
107900354,2,59,-57
108000001,1834,1761,73
108000002,2043,2835,-792
108000003,1784,999,785
108000004,14904,12829,2075
108000005,2435,1742,693
108000006,3308,4695,-1387
108000007,2602,2304,298
108000008,3663,4916,-1253
108000009,1243,1946,-703
108000010,1402,4311,-2909
108000011,6526,4739,1787
108000012,14917,13189,1728
108000014,214,255,-41
108000015,206,233,-27
108000016,133,496,-363
108000017,346,261,85
108000018,605,306,299
108000019,841,353,488
108000020,455,272,183
108000021,286,1405,-1119
108000022,338,1223,-885
108000023,478,88,390
108000024,90,679,-589
108000025,75,140,-65
108000026,132,564,-432
108000027,132,456,-324
108000028,106,281,-175
108000029,131,602,-471
108000030,183,177,6
108000031,72,560,-488
108000032,426,297,129
108000033,270,1123,-853
108000034,534,235,299
108000035,530,2237,-1707
108000036,209,1414,-1205
108000037,607,178,429
108000038,825,178,647
108000039,249,2212,-1963
108000040,672,309,363
108000041,506,2318,-1812
108000042,69,248,-179
108000043,138,265,-127
108000044,95,176,-81
108000045,84,719,-635
108000046,559,160,399
108000047,216,1002,-786
108000048,64,439,-375
108000049,168,103,65
108000050,45,415,-370
108000051,84,39,45
108000052,202,582,-380
108000053,71,54,17
108000054,354,788,-434
108000055,488,169,319
108000056,745,828,-83
108000057,351,409,-58
108000058,1263,1067,196
108000059,2761,1250,1511
108000060,47,215,-168
108000061,109,342,-233
108000062,234,260,-26
108000063,234,629,-395
108000064,67,193,-126
108000065,234,460,-226
108000066,962,430,532
108000067,609,230,379
108000068,280,227,53
108000069,120,1010,-890
108000070,611,362,249
108000071,260,1615,-1355
108000072,534,517,17
108000073,942,1551,-609
108000074,142,256,-114
108000075,163,581,-418
108000076,292,246,46
108000077,477,779,-302
108000078,926,762,164
108000079,931,1721,-790
108000080,378,322,56
108000081,310,2595,-2285
108000082,790,1379,-589
108000083,982,399,583
108000084,179,1068,-889
108000085,155,132,23
108000086,602,658,-56
108000087,88,728,-640
108000088,34,3,31
108000089,122,153,-31
108000090,163,75,88
108000091,73,483,-410
108000092,43,45,-2
108000093,50,692,-642
108000094,181,110,71
108000095,58,488,-430
108000096,103,131,-28
108000097,56,522,-466
108000098,378,1071,-693
108000099,57,59,-2
108000100,12,173,-161
108000101,491,538,-47
108000102,641,989,-348
108000106,365,0,365
108000107,4,588,-584
108000108,180,25,155
108000109,2,592,-590
108000110,64,177,-113
108000111,90,519,-429
108000112,29,59,-30
108000113,388,265,123
108000115,378,257,121
108000117,632,199,433
108000118,81,78,3
108000119,632,392,240
108000120,60,302,-242
108000121,112,452,-340
108000122,104,208,-104
108000123,195,281,-86
108000124,103,449,-346
108000125,61,367,-306
108000126,54,573,-519
108000127,89,333,-244
108000128,132,806,-674
108000129,74,1379,-1305
108000130,59,250,-191
108000131,313,105,208
108000132,972,1022,-50
108000133,286,213,73
108000134,470,784,-314
108000135,269,173,96
108000136,659,1070,-411
108000137,98,287,-189
108000138,123,931,-808
108000139,53,295,-242
108000140,11,17,-6
108000141,9,159,-150
108000142,17,70,-53
108000143,19,18,1
108000144,4,20,-16
108000145,6,27,-21
108000146,9,6,3
108000147,14,23,-9
108000148,18,3,15
108000149,4,14,-10
108000150,8,0,8
108000151,4,4,0
108000152,47,643,-596
108000153,93,89,4
108000154,34,6,28
108000155,12,7,5
108000156,216,32,184
108000157,65,197,-132
108000158,41,254,-213
108000159,528,95,433
108000160,4675,444,4231
108000161,4192,676,3516
108000165,2,82,-80
108000172,5,117,-112
108000173,2380,611,1769
108000175,113,47,66
108000178,370,338,32
108000179,172,377,-205
108000181,25,28,-3
108000182,123,14,109
108000183,9,15,-6
108000184,981,770,211
108000185,56,697,-641
108000186,60,55,5
108000187,26,915,-889
108000188,94,194,-100
108000189,267,368,-101
108000190,16,74,-58
108000192,35,586,-551
108000193,444,29,415
108000194,7,1,6
108000195,6,958,-952
108000196,26,79,-53
108000198,163,288,-125
108000199,0,78,-78
108000200,102,578,-476
108000203,41,1091,-1050
108000204,34,21,13
108000205,415,507,-92
108000339,1397,160,1237
108000364,191,129,62
108000365,22,425,-403
108000367,74,211,-137
108000368,6,49,-43
108000369,1780,73,1707
108000371,3,485,-482
108000372,99,0,99
108000373,64,158,-94
108000376,29,7,22
108000377,189,287,-98
108000378,6906,4828,2078
108000379,36,133,-97
108000381,13,8,5
108000382,34,0,34
108000383,0,59,-59
108900001,162,1017,-855
108900002,137,32,105
108900003,288,906,-618
108900004,54,77,-23
108900005,20,70,-50
108900006,217,110,107
108900007,50,120,-70
108900008,24,124,-100
108900009,8,88,-80
108900010,47,104,-57
108900011,138,307,-169
108900012,81,498,-417
108900013,17,180,-163
108900014,4,38,-34
108900015,0,17,-17
108900016,1,139,-138
108900017,80,147,-67
108900018,58,489,-431
108900019,8,1151,-1143
108900020,13,284,-271
108900021,47,262,-215
108900022,8,2,6
108900023,1,32,-31
108900024,5,109,-104
108900025,16,120,-104
108900026,12,98,-86
108900027,0,121,-121
108900028,20,503,-483
108900029,12,328,-316
108900030,1,132,-131
108900031,12,592,-580
108900032,6,233,-227
108900033,0,71,-71
108900034,1,230,-229
108900035,103,1959,-1856
108900036,138,345,-207
108900037,13,430,-417
108900038,2,407,-405
108900039,1,511,-510
108900040,4,70,-66
108900041,5081,1176,3905
108900042,3,184,-181
108900043,11,384,-373
108900044,4,749,-745
108900045,22,683,-661
108900046,61,960,-899
108900047,10,72,-62
108900048,26,812,-786
108900049,4875,415,4460
108900050,0,303,-303
108900051,1,189,-188
108900052,0,234,-234
108900053,54,76,-22
108900054,19,186,-167
108900055,45,427,-382
108900056,2,161,-159
108900057,1,179,-178
108900058,6,474,-468
108900059,98,2,96
108900060,30,58,-28
108900061,25,13,12
108900062,2,334,-332
108900063,3,375,-372
108900064,39,50,-11
108900065,3,310,-307
108900066,102,47,55
108900067,11,222,-211
108900068,3,230,-227
108900069,13,100,-87
108900070,14,145,-131
108900071,13,28,-15
108900072,2129,119,2010
108900073,16,532,-516
108900074,27,465,-438
108900075,25,66,-41
108900076,84,39,45
108900077,110,655,-545
108900078,4,207,-203
108900079,611,214,397
108900080,14,178,-164
108900081,27,201,-174
108900082,15,109,-94
108900083,10,90,-80
108900084,311,90,221
108900085,2112,96,2016
108900086,22,310,-288
108900087,87,154,-67
108900088,301,162,139
108900089,1,56,-55
108900090,6,468,-462
108900091,129,88,41
108900092,126,152,-26
108900093,20,23,-3
108900094,76,41,35
108900095,60,700,-640
108900096,545,31,514
108900097,76,150,-74
108900098,2788,139,2649
108900099,165,266,-101
108900100,20,108,-88
108900101,58,38,20
108900102,102,244,-142
108900103,17,42,-25
108900104,182,207,-25
108900105,3,239,-236
108900106,123,575,-452
108900108,88,18,70
108900109,115,29,86
108900110,34,444,-410
108900111,96,678,-582
108900112,30,7,23
108900113,18,2,16
108900114,18,3,15
108900115,35,28,7
108900116,17,1,16
108900117,47,10,37
108900118,123,4,119
108900119,26,17,9
108900120,76,75,1
108900121,72,12,60
108900122,35,15,20
108900123,56,21,35
108900124,148,36,112
108900125,62,1,61
108900126,20,1,19
108900127,36,6,30
108900128,12,3,9
108900129,238,30,208
108900130,64,0,64
108900131,68,0,68
108900132,107,28,79
108900133,56,22,34
108900134,42,167,-125
108900135,23,3,20
108900136,2,4,-2
108900137,29,0,29
108900138,107,7,100
108900139,89,72,17
108900140,48,186,-138
108900141,47,2,45
108900142,22,1,21
108900143,2,0,2
108900144,20,0,20
108900145,22,1,21
108900146,3,0,3
108900147,23,0,23
108900148,41,32,9
108900149,255,307,-52
108900150,87,2,85
108900151,3,0,3
108900152,11,9,2
108900153,26,462,-436
108900154,1474,181,1293
108900155,93,58,35
108900156,11,5,6
108900157,5,653,-648
108900158,50,27,23
108900159,4,291,-287
108900160,9,192,-183
108900161,2,502,-500
108900162,28,0,28
108900163,2,85,-83
108900164,23,83,-60
108900165,105,58,47
108900167,1182,1039,143
108900168,10107,999,9108
108900169,10,109,-99
108900171,7144,853,6291
108900172,74,22,52
108900173,189,259,-70
108900174,159,259,-100
108900176,129,721,-592
108900177,7795,1105,6690
108900178,4747,669,4078
108900179,210,385,-175
108900180,47,71,-24
108900182,13,76,-63
108900183,159,184,-25
108900184,135,91,44
108900185,17,215,-198
108900186,11,255,-244
108900187,52,25,27
108900188,91,28,63
108900189,84,94,-10
108900190,19,2707,-2688
108900191,78,10,68
108900192,19,308,-289
108900193,39,26,13
108900194,9,316,-307
108900195,26,332,-306
108900196,10,528,-518
108900198,3,556,-553
108900199,48,230,-182
108900200,138,239,-101
108900201,100,884,-784
108900203,74,11,63
108900204,71,0,71
108900205,74,2,72
108900206,81,6,75
108900207,53,28,25
108900208,8,336,-328
108900209,151,502,-351
108900210,95,176,-81
108900211,108,125,-17
108900212,537,468,69
108900215,69,669,-600
108900216,180,31,149
108900217,21,0,21
108900218,31,2,29
108900219,20,0,20
108900220,6,1,5
108900221,14,27,-13
108900222,40,11,29
108900223,2,33,-31
108900224,25,64,-39
108900225,1,106,-105
108900226,8,0,8
108900227,30,32,-2
108900230,364,276,88
108900231,39,243,-204
108900232,6,349,-343
108900233,97,22,75
108900234,101,27,74
108900235,114,574,-460
108900236,19,317,-298
108900237,12,195,-183
108900240,19,41,-22
108900241,4,2,2
108900245,1,267,-266
108900249,25,3,22
108900250,53,68,-15
108900257,15,451,-436
108900258,5,232,-227
108900259,11,47,-36
108900260,7,116,-109
108900261,111,74,37
108900262,232,70,162
108900263,22,284,-262
108900264,227,154,73
108900265,1236,130,1106
108900266,901,127,774
108900267,0,32,-32
108900268,1,2,-1
108900269,16,8,8
108900270,13,4,9
108900271,3,4,-1
108900272,40,2,38
108900273,741,189,552
108900274,8,25,-17
109000001,1855,678,1177
109000002,2688,1056,1632
109000003,1100,401,699
109000004,351,2553,-2202
109000005,863,498,365
109000006,464,1940,-1476
109000007,537,417,120
109000008,278,1773,-1495
109000009,1870,659,1211
109000010,1090,3442,-2352
109000011,1246,1023,223
109000012,1153,3608,-2455
109000013,1520,1057,463
109000014,996,3386,-2390
109000015,1895,2062,-167
109000016,8906,3480,5426
109000017,1048,674,374
109000018,487,2877,-2390
109000019,1333,648,685
109000020,995,2044,-1049
109000023,132,6,126
109000024,7,121,-114
109000025,262,167,95
109000026,512,211,301
109000027,45,170,-125
109000028,83,72,11
109000029,136,61,75
109000030,59,385,-326
109000031,50,51,-1
109000032,29,353,-324
109000033,93,46,47
109000034,42,14,28
109000035,9,28,-19
109000036,76,324,-248
109000037,103,399,-296
109000038,447,297,150
109000039,366,159,207
109000040,4352,1807,2545
109000041,4912,705,4207
109000042,750,676,74
109000044,107,41,66
109000045,61,434,-373
109000046,121,55,66
109000047,27,386,-359
109000048,403,96,307
109000049,171,414,-243
109000050,156,137,19
109000051,215,228,-13
109000052,293,1743,-1450
109000053,62,62,0
109000054,95,587,-492
109000055,57,139,-82
109000056,74,652,-578
109000057,121,135,-14
109000058,724,216,508
109000059,290,866,-576
109000060,290,103,187
109000061,1402,323,1079
109000062,72,121,-49
109000063,123,213,-90
109000064,66,116,-50
109000065,65,350,-285
109000066,75,100,-25
109000067,44,365,-321
109000068,107,0,107
109000069,172,1,171
109000070,8,642,-634
109000071,155,55,100
109000072,53,345,-292
109000073,21,42,-21
109000074,15,223,-208
109000075,48,351,-303
109000076,65,102,-37
109000077,257,211,46
109000078,16,96,-80
109000079,68,236,-168
109000080,61,125,-64
109000081,35,489,-454
109000082,129,297,-168
109000083,122,840,-718
109000088,44,428,-384
109000089,73,17,56
109000090,165,444,-279
109000091,130,35,95
109000092,281,630,-349
109000093,92,49,43
109000094,61,1,60
109000095,40,715,-675
109000096,175,82,93
109000097,70,91,-21
109000098,30,28,2
109000099,320,248,72
109000100,61,488,-427
109000101,429,657,-228
109000102,190,824,-634
109000103,150,463,-313
109000104,574,424,150
109000105,299,1487,-1188
109000106,742,401,341
109000107,234,1728,-1494
109000108,550,261,289
109000109,292,1674,-1382
109000110,612,235,377
109000111,641,2138,-1497
109000112,229,152,77
109000113,105,202,-97
109000114,74,537,-463
109000115,643,33,610
109000116,3,208,-205
109000117,49,53,-4
109000118,3,329,-326
109000119,224,217,7
109000120,49,1177,-1128
109000121,93,41,52
109000122,20,1179,-1159
109000123,13,72,-59
109000124,176,302,-126
109000125,294,314,-20
109000126,178,952,-774
109000127,266,123,143
109000128,215,2249,-2034
109000129,726,204,522
109000130,464,2535,-2071
109000131,377,148,229
109000132,398,1434,-1036
109000133,259,747,-488
109000134,385,1297,-912
109000135,555,940,-385
109000136,119,380,-261
109000137,70,207,-137
109000138,171,411,-240
109000139,158,318,-160
109000140,25,428,-403
109000141,151,436,-285
109000142,44,551,-507
109000143,50,41,9
109000145,41,68,-27
109000146,16,57,-41
109000148,4033,687,3346
109000149,21,20,1
109000150,37,109,-72
109000155,144,388,-244
109000156,689,907,-218
109000158,15,184,-169
109000159,40,509,-469
109000160,243,267,-24
109000161,190,1335,-1145
109000162,831,858,-27
109000163,410,1595,-1185
109000164,472,1963,-1491
109000165,486,620,-134
109000166,202,143,59
109000167,62,861,-799
109000170,13,44,-31
109000171,37,22,15
109000172,39,38,1
109000173,15,36,-21
109000174,19,78,-59
109000175,15,130,-115
109000176,115,342,-227
109000177,13,154,-141
109000178,190,336,-146
109000179,7058,1820,5238
109000180,4549,2797,1752
109000181,3,31,-28
109000182,13,60,-47
109000183,9,37,-28
109000184,5,20,-15
109000185,10,83,-73
109000188,250,2383,-2133
109000189,964,726,238
109000190,201,421,-220
109000191,184,668,-484
109000192,97,226,-129
109000193,57,388,-331
109000194,65,112,-47
109000195,48,425,-377
109000196,114,70,44
109000197,63,467,-404
109000198,102,31,71
109000199,46,470,-424
109000206,59,29,30
109000207,28,42,-14
109000208,71,27,44
109000209,113,61,52
109000210,135,437,-302
109000211,120,259,-139
109000214,144,566,-422
109000215,39,47,-8
109000216,64,71,-7
109000217,126,55,71
109000218,83,59,24
109000221,84,966,-882
109000222,241,43,198
109000223,112,116,-4
109000224,19,321,-302
109000225,40,41,-1
109000226,22,235,-213
109000227,388,1322,-934
109000228,0,255,-255
109000231,3,373,-370
109000232,74,394,-320
109000236,115,693,-578
109000241,632,1432,-800
109000242,570,987,-417
109000293,5,21,-16
109000361,31,194,-163
109000364,157,563,-406
109000396,6,897,-891
109000397,105,3,102
109000399,115,463,-348
109000400,24,352,-328
109000403,22,146,-124
109000406,58,10,48
109000407,100,248,-148
109000408,0,530,-530
109000410,454,120,334
109000411,40,25,15
109900001,49,0,49
109900002,154,6,148
109900003,27,0,27
109900004,372,245,127
109900005,7,3,4
109900006,107,187,-80
109900007,175,817,-642
109900008,0,27,-27
109900009,59,893,-834
109900010,155,5,150
109900011,20,13,7
109900012,120,90,30
109900013,132,43,89
109900014,58,25,33
109900015,188,44,144
109900016,35,48,-13
109900017,31,43,-12
109900018,56,122,-66
109900019,28,52,-24
109900020,11,14,-3
109900021,4,3,1
109900022,73,297,-224
109900023,12,4,8
109900024,3,0,3
109900025,3,50,-47
109900026,1,142,-141
109900027,12,3,9
109900028,2223,249,1974
109900029,3,482,-479
109900030,4,0,4
109900031,0,35,-35
109900032,4,254,-250
109900033,1,358,-357
109900034,1,0,1
109900035,2,9,-7
109900036,6,74,-68
109900037,15,459,-444
109900038,8,191,-183
109900039,3,0,3
109900040,18,635,-617
109900041,22,468,-446
109900042,3,499,-496
109900044,23,282,-259
109900045,11,10,1
109900046,20,52,-32
109900047,234,314,-80
109900048,2,49,-47
109900049,2,19,-17
109900050,0,260,-260
109900051,0,30,-30
109900052,25,245,-220
109900053,3,510,-507
109900054,150,60,90
109900055,26,257,-231
109900056,16,16,0
109900057,1,193,-192
109900058,1,133,-132
109900059,143,32,111
109900060,124,116,8
109900061,76,287,-211
109900062,0,222,-222
109900063,3,268,-265
109900064,106,183,-77
109900065,71,102,-31
109900066,172,891,-719
109900067,1,388,-387
109900068,13,3,10
109900069,0,39,-39
109900070,43,311,-268
109900071,4,24,-20
109900072,8,160,-152
109900073,46,634,-588
109900074,2,47,-45
109900075,2,8,-6
109900076,5,280,-275
109900077,8,47,-39
109900078,55,195,-140
109900080,78,284,-206
109900081,5,62,-57
109900082,20,466,-446
109900083,5,31,-26
109900084,4,85,-81
109900085,103,1069,-966
109900086,52,105,-53
109900087,116,232,-116
109900089,134,42,92
109900090,302,863,-561
109900091,64,52,12
109900092,112,3,109
109900093,181,74,107
109900094,14,68,-54
109900095,53,181,-128
109900096,4,1,3
109900097,22,1,21
109900098,118,10,108
109900099,28,0,28
109900100,11,0,11
109900101,65,3,62
109900102,179,13,166
109900103,3,32,-29
109900104,94,976,-882
109900105,171,17,154
109900106,64,50,14
109900107,97,54,43
109900108,43,624,-581
109900109,11,277,-266
109900110,19,407,-388
109900111,127,917,-790
109900112,207,840,-633
109900113,138,187,-49
109900114,537,66,471
109900115,48,57,-9
109900117,210,98,112
109900118,163,367,-204
109900119,345,228,117
109900120,19,4,15
109900121,190,64,126
109900122,123,2,121
109900123,2,131,-129
109900124,26,718,-692
109900125,1,213,-212
109900126,30,200,-170
109900128,32,39,-7
109900130,10519,712,9807
109900131,29,94,-65
109900132,17,152,-135
109900133,19,354,-335
109900134,12,16,-4
109900135,307,44,263
109900136,10,123,-113
109900137,15,378,-363
109900140,74,329,-255
109900142,271,192,79
109900145,1,52,-51
109900146,181,21,160
109900148,22,59,-37
109900149,28,43,-15
109900150,3,45,-42
109900151,2,57,-55
109900152,0,39,-39
109900153,0,24,-24
109900154,3,0,3
109900155,7,4,3
109900157,12,202,-190
109900158,60,78,-18
109900159,39,7,32
109900160,38,29,9
109900161,96,39,57
109900162,39,38,1
109900163,577,199,378
109900164,17,190,-173
109900165,37,4,33
109900166,1,211,-210
109900167,54,667,-613
109900168,78,520,-442
109900169,54,136,-82
109900170,104,220,-116
109900171,35,56,-21
109900172,44,100,-56
109900173,4056,550,3506
109900174,11,146,-135
109900175,17,62,-45
109900176,35,216,-181
109900177,12,283,-271
109900178,0,112,-112
109900179,0,13,-13
109900180,3,1,2
110000001,442,390,52
110000002,256,355,-99
110000003,750,516,234
110000004,405,498,-93
110000005,606,776,-170
110000006,437,291,146
110000007,55,167,-112
110000008,16,55,-39
110000009,7,51,-44
110000010,6,69,-63
110000011,18,76,-58
110000012,536,354,182
110000013,17,246,-229
110000014,520,282,238
110000015,359,465,-106
110000016,273,585,-312
110000017,3718,220,3498
110000018,2960,410,2550
110000019,16,242,-226
110000020,388,199,189
110000021,325,377,-52
110000022,451,103,348
110000023,6,205,-199
110000024,628,346,282
110000025,64,0,64
110000026,3,663,-660
110000027,358,230,128
110000028,520,705,-185
110000029,333,747,-414
110000030,95,328,-233
110000031,113,493,-380
110000032,468,412,56
110000033,42,67,-25
110000034,143,1089,-946
110000035,223,940,-717
110000036,220,1004,-784
110000037,55,682,-627
110000038,109,744,-635
110000039,364,973,-609
110000040,266,418,-152
110000041,63,349,-286
110000042,44,299,-255
110000043,227,68,159
110000044,10,54,-44
110000045,96,26,70
110000046,2,6,-4
110000047,2,3,-1
110000048,3,1,2
110000049,0,2,-2
110000050,3,5,-2
110000051,3,3,0
110000052,9,35,-26
110000053,14,1,13
110000054,72,124,-52
110000055,125,8,117
110000056,44,32,12
110000057,216,703,-487
110000058,303,456,-153
110000059,329,498,-169
110000060,290,735,-445
110000061,804,713,91
110000062,561,621,-60
110000063,23,67,-44
110000064,30,102,-72
110000065,17,128,-111
110000066,20,61,-41
110000067,56,260,-204
110000068,57,489,-432
110000069,51,154,-103
110000071,29,261,-232
110000073,2,32,-30
110000075,4,107,-103
110000076,244,145,99
110000077,317,246,71
110000078,7,81,-74
110000080,166,596,-430
110000081,9,218,-209
110000082,19,186,-167
110000083,143,590,-447
110000084,407,387,20
110000085,3320,1181,2139
110000086,1607,541,1066
110000087,5,46,-41
110000088,19,212,-193
110000089,106,123,-17
110000090,33,247,-214
110000091,1614,252,1362
110000092,14,83,-69
110000093,20,5,15
110000094,267,219,48
110000095,51,290,-239
110000096,3359,1560,1799
110000097,676,591,85
110000098,890,329,561
110000099,709,1389,-680
110000100,112,822,-710
110000101,18,687,-669
110000102,17,30,-13
110000104,35,39,-4
110000105,26,281,-255
110000106,165,120,45
110000107,284,465,-181
110000108,77,34,43
110000109,189,225,-36
110000110,5123,2402,2721
110000111,8803,1149,7654
110000112,1323,233,1090
110000113,845,494,351
110000114,55,252,-197
110000115,125,212,-87
110000116,24,34,-10
110000117,74,592,-518
110000118,193,235,-42
110000119,111,380,-269
110000120,139,142,-3
110000121,50,222,-172
110000122,178,481,-303
110000123,175,343,-168
110000124,2,887,-885
110000125,464,3,461
110000126,125,9,116
110000127,258,15,243
110000128,16,1886,-1870
110000129,0,576,-576
110000130,41,54,-13
110000131,76,423,-347
110000132,3,646,-643
110000133,34,219,-185
110000134,25,224,-199
110000135,159,30,129
110000136,20,295,-275
110000137,232,626,-394
110000138,306,904,-598
110000139,416,1545,-1129
110000140,489,216,273
110000143,608,282,326
110000144,3377,705,2672
110000145,1077,484,593
110000146,2022,647,1375
110000147,98,433,-335
110000148,175,331,-156
110000151,736,481,255
110000152,781,188,593
110000153,16,58,-42
110000154,45,6,39
110000155,1514,1143,371
110000156,540,796,-256
110000157,1176,1021,155
110000160,198,366,-168
110000161,90,467,-377
110000166,110,93,17
110000167,403,340,63
110000168,397,180,217
110000169,168,219,-51
110000170,62,140,-78
110000171,266,240,26
110000172,71,848,-777
110000173,988,1386,-398
110000174,48,1310,-1262
110000175,153,141,12
110000176,18,250,-232
110000177,117,641,-524
110000178,348,414,-66
110000179,1176,283,893
110000180,43,314,-271
110000181,124,320,-196
110000182,259,251,8
110000183,9776,2763,7013
110000184,479,1115,-636
110000185,487,482,5
110000186,418,362,56
110000191,113,308,-195
110000192,141,0,141
110000193,196,0,196
110000194,9,1194,-1185
110000195,80,406,-326
110000196,122,592,-470
110000197,22,210,-188
110000198,51,66,-15
110000199,30,74,-44
110000200,1150,559,591
110000201,298,355,-57
110000202,485,326,159
110000203,459,672,-213
110000204,1,326,-325
110000205,42,91,-49
110000206,380,1407,-1027
110000207,205,261,-56
110000208,40,108,-68
110000209,52,702,-650
110000210,207,455,-248
110000211,253,543,-290
110000212,142,644,-502
110000213,19,71,-52
110000214,34,98,-64
110000215,40,602,-562
110000216,15,636,-621
110000217,68,208,-140
110000218,39,481,-442
110000219,83,50,33
110000220,19,446,-427
110000221,135,123,12
110000222,14,330,-316
110000223,3,52,-49
110000224,44,9,35
110000225,71,429,-358
110000226,89,24,65
110000227,275,258,17
110000228,132,141,-9
110000229,1,240,-239
110000230,281,580,-299
110000231,107,130,-23
110000232,44,169,-125
110000233,69,224,-155
110000234,313,308,5
110000235,777,732,45
110000236,138,832,-694
110000237,676,895,-219
110000238,471,1161,-690
110000239,534,1051,-517
110000240,1,77,-76
110000242,0,13,-13
110000243,42,211,-169
110000244,76,283,-207
110000245,16,437,-421
110000246,314,661,-347
110000247,3158,3387,-229
110000248,3926,1083,2843
110000249,49,7,42
110000250,5,185,-180
110000251,74,377,-303
110000252,164,254,-90
110000253,792,277,515
110000254,1135,1211,-76
110000255,207,1143,-936
110000256,332,133,199
110000257,681,248,433
110000258,7,451,-444
110000259,50,32,18
110000260,10,448,-438
110000263,960,73,887
110000264,123,511,-388
110000265,708,1306,-598
110000266,1513,2085,-572
110000267,10,198,-188
110000268,218,436,-218
110000269,0,90,-90
110000270,15,1,14
110000271,1870,218,1652
110000272,447,644,-197
110000273,1785,883,902
110000274,147,943,-796
110000275,2772,430,2342
110000276,64,239,-175
110000277,95,293,-198
110000278,165,800,-635
110000279,460,612,-152
110000280,134,341,-207
110000281,2,146,-144
110000282,130,44,86
110000283,16,92,-76
110000284,17,20,-3
110000285,1,129,-128
110000286,8,0,8
110000287,27,3,24
110000288,2,101,-99
110000289,229,781,-552
110000290,1242,620,622
110000291,5267,1084,4183
110000292,981,4927,-3946
110000293,233,947,-714
110000294,366,994,-628
110000295,92,768,-676
110000296,135,383,-248
110000297,3781,221,3560
110000298,784,366,418
110000299,1363,22,1341
110000301,255,12,243
110000302,126,1239,-1113
110000303,126,2,124
110000304,71,259,-188
110000305,311,3,308
110000306,71,2203,-2132
110000307,422,5,417
110000308,150,12,138
110000309,7,1498,-1491
110000310,249,72,177
110000311,15,815,-800
110000312,689,35,654
110000313,5832,1283,4549
110000314,0,150,-150
110000315,2346,1062,1284
110000316,416,930,-514
110000317,397,192,205
110000318,1,62,-61
110000319,4,38,-34
110000320,25,54,-29
110000321,7,65,-58
110000322,58,447,-389
110000323,156,306,-150
110000324,4178,854,3324
110000325,1657,2329,-672
110000327,448,159,289
110000328,113,424,-311
110000333,516,623,-107
110000334,481,1045,-564
110000335,940,609,331
110000336,251,1123,-872
110000337,413,553,-140
110000338,70,208,-138
110000339,61,247,-186
110000340,13,179,-166
110000341,120,483,-363
110000342,360,7,353
110000343,0,10,-10
110000344,21,173,-152
110000345,33,83,-50
110000346,1788,1316,472
110000347,908,755,153
110000348,0,21,-21
110000349,4,42,-38
110000350,20,2,18
110000351,306,773,-467
110000352,203,1059,-856
110000353,2774,888,1886
110000354,488,1231,-743
110000355,27,78,-51
110000356,252,2,250
110000357,175,9,166
110000361,17,78,-61
110000362,37,165,-128
110000363,65,73,-8
110000364,33,301,-268
110000365,104,4,100
110000366,0,84,-84
110000367,164,212,-48
110000368,0,66,-66
110000369,12,0,12
110000373,2,296,-294
110000374,10,5,5
110000375,106,522,-416
110000376,34,125,-91
110000377,31,122,-91
110000378,19,249,-230
110000379,3368,591,2777
110000380,8,7,1
110000383,2,379,-377
110000384,951,166,785
110000385,1,152,-151
110000387,15,7,8
110000388,25,205,-180
110000389,138,1,137
110000391,155,401,-246
110000396,21,137,-116
110000397,32,211,-179
110000398,3,30,-27
110000399,108,0,108
110000587,35,55,-20
110000589,87,229,-142
110000640,106,215,-109
110000652,4,68,-64
110000653,48,433,-385
110000654,1,8,-7
110000656,0,503,-503
110000674,12,8,4
110000675,1,9,-8
110000676,0,24,-24
110000679,585,213,372
110000682,70,59,11
110000683,347,607,-260
110000684,1,68,-67
110000685,2,10,-8
110000686,0,20,-20
110000687,1,0,1
110000688,35,273,-238
110000689,15,128,-113
110000692,41,220,-179
110000693,59,242,-183
110000694,1,106,-105
110000695,110,597,-487
110000696,111,109,2
110900001,54,8,46
110900002,72,177,-105
110900003,149,1103,-954
110900004,69,272,-203
110900005,4166,803,3363
110900006,35,5,30
110900007,42,14,28
110900008,5,37,-32
110900009,149,43,106
110900010,1,67,-66
110900011,4,75,-71
110900012,2,97,-95
110900013,358,123,235
110900014,44,5,39
110900015,707,145,562
110900016,10,176,-166
110900017,87,12,75
110900018,271,24,247
110900019,47,12,35
110900020,10,471,-461
110900021,49,683,-634
110900022,54,360,-306
110900023,70,352,-282
110900024,22,538,-516
110900025,1,39,-38
110900027,12,219,-207
110900028,17,137,-120
110900029,32,479,-447
110900030,11,317,-306
110900031,2,198,-196
110900032,0,107,-107
110900033,21,247,-226
110900035,23,398,-375
110900036,31,19,12
110900037,18,15,3
110900038,1130,164,966
110900039,5,212,-207
110900040,85,15,70
110900041,2,174,-172
110900042,30,48,-18
110900043,0,176,-176
110900044,196,15,181
110900045,23,720,-697
110900046,127,316,-189
110900047,732,68,664
110900049,19,17,2
110900050,8,0,8
110900051,54,190,-136
110900052,3,204,-201
110900053,29,54,-25
110900054,16,332,-316
110900055,5,0,5
110900056,71,81,-10
110900057,3,206,-203
110900058,56,253,-197
110900059,372,814,-442
110900060,185,44,141
110900061,30,25,5
110900062,38,404,-366
110900063,4,87,-83
110900064,4,0,4
110900065,380,80,300
110900066,1,59,-58
110900067,528,304,224
110900068,195,231,-36
110900069,0,18,-18
110900070,71,39,32
110900071,265,176,89
110900073,2,16,-14
110900074,117,47,70
110900075,81,41,40
110900077,171,270,-99
110900078,3,150,-147
110900079,1652,307,1345
110900080,35,40,-5
110900081,3,105,-102
110900082,14,178,-164
110900083,38,34,4
110900084,4,211,-207
110900085,21,248,-227
110900086,41,75,-34
110900087,84,49,35
110900088,2,1,1
110900090,8,14,-6
110900091,1,64,-63
110900093,126,52,74
110900095,22,39,-17
110900097,4,26,-22
110900098,8,74,-66
110900099,56,422,-366
110900100,0,20,-20
110900102,4,10,-6
110900105,484,259,225
110900108,2,76,-74
110900111,157,28,129
110900112,198,2,196
110900113,416,22,394
110900115,3,80,-77
110900116,213,2407,-2194
110900118,191,684,-493
110900119,5597,220,5377
110900120,1,124,-123
110900121,46,0,46
110900122,125,79,46
110900125,99,134,-35
110900127,502,385,117
110900128,159,79,80
110900129,189,168,21
110900130,848,184,664
110900131,44,34,10
110900132,101,20,81
110900133,21,327,-306
110900135,52,458,-406
110900136,91,7,84
110900137,110,0,110
110900138,95,235,-140
110900139,0,14,-14
110900140,18,1,17
110900141,8,35,-27
110900142,38,208,-170
110900143,29,39,-10
110900144,4,508,-504
110900145,43,8,35
110900146,216,40,176
110900147,146,164,-18
110900148,0,238,-238
110900149,1,55,-54
110900150,11,14,-3
110900151,0,55,-55
110900152,8,404,-396
110900153,18,29,-11
111000001,172,355,-183
111000002,382,614,-232
111000003,245,264,-19
111000004,287,952,-665
111000005,427,371,56
111000006,570,901,-331
111000007,2968,1000,1968
111000008,3055,2757,298
111000009,205,749,-544
111000010,292,195,97
111000011,303,678,-375
111000012,485,214,271
111000013,185,947,-762
111000014,628,393,235
111000017,73,282,-209
111000018,125,276,-151
111000020,2325,1506,819
111000021,56,120,-64
111000023,39,102,-63
111000025,6159,1380,4779
111000029,42,81,-39
111000030,47,43,4
111000031,1773,417,1356
111000032,344,153,191
111000033,168,71,97
111000034,207,155,52
111000037,2393,932,1461
111000038,2345,1824,521
111000039,1041,1690,-649
111000040,1054,1839,-785
111000041,1345,1074,271
111000042,6073,2265,3808
111000043,1285,966,319
111000044,535,248,287
111000045,753,1059,-306
111000046,593,784,-191
111000047,1020,1285,-265
111000049,200,492,-292
111000050,1464,1512,-48
111000051,243,883,-640
111000052,439,1044,-605
111000053,316,797,-481
111000054,382,781,-399
111000055,862,1803,-941
111000056,46,665,-619
111000057,44,868,-824
111000058,61,103,-42
111000059,159,208,-49
111000060,1409,416,993
111000061,376,227,149
111000062,295,168,127
111000063,1487,577,910
111000064,200,441,-241
111000065,395,582,-187
111000066,138,197,-59
111000067,286,519,-233
111000068,152,423,-271
111000069,1248,1589,-341
111000070,2213,1212,1001
111000071,139,741,-602
111000072,333,182,151
111000073,57,282,-225
111000074,1042,893,149
111000075,313,527,-214
111000076,199,706,-507
111000077,604,902,-298
111000078,1281,872,409
111000079,992,691,301
111000080,244,595,-351
111000081,1675,2219,-544
111000082,365,575,-210
111000084,419,427,-8
111000085,742,1714,-972
111000086,2778,1241,1537
111000087,608,787,-179
111000088,5199,1228,3971
111000089,290,804,-514
111000090,968,1180,-212
111000091,350,739,-389
111000092,531,1144,-613
111000093,320,532,-212
111000094,1265,602,663
111000095,856,1154,-298
111000096,2693,4019,-1326
111000097,5399,1001,4398
111000098,217,1347,-1130
111000099,186,2344,-2158
111000100,128,2067,-1939
111000101,280,811,-531
111000102,48,842,-794
111000104,117,163,-46
111000107,26,670,-644
111000109,85,138,-53
111000110,238,344,-106
111000111,432,294,138
111000112,474,154,320
111000113,322,245,77
111000114,734,530,204
111000115,6848,569,6279
111000116,750,540,210
111000117,455,519,-64
111000118,1503,746,757
111000119,525,1335,-810
111000120,201,414,-213
111000121,148,323,-175
111000122,254,931,-677
111000123,479,3102,-2623
111000124,319,3591,-3272
111000125,93,1951,-1858
111000126,49,1021,-972
111000127,344,107,237
111000128,303,191,112
111000129,780,211,569
111000130,552,576,-24
111000131,507,480,27
111000132,332,319,13
111000133,45,113,-68
111000134,51,93,-42
111000135,27,100,-73
111000136,99,223,-124
111000138,2,5,-3
111000140,1,0,1
111000141,51,166,-115
111000142,0,108,-108
111000143,0,94,-94
111000144,1,81,-80
111000145,24,1,23
111000146,8,1,7
111000147,34,2,32
111000148,61,81,-20
111000149,1,18,-17
111000150,3,9,-6
111000151,0,18,-18
111000153,441,346,95
111000154,497,131,366
111000155,46,126,-80
111000156,356,135,221
111000157,51,255,-204
111000158,449,351,98
111000159,1985,484,1501
111000160,93,384,-291
111000161,4,198,-194
111000162,2,108,-106
111000163,181,568,-387
111000164,681,1233,-552
111000165,1180,294,886
111000166,718,201,517
111000167,112,405,-293
111000168,166,372,-206
111000169,138,310,-172
111000170,374,238,136
111000171,296,802,-506
111000172,44,545,-501
111000173,127,1131,-1004
111000174,61,529,-468
111000175,11,234,-223
111000176,94,152,-58
111000177,50,247,-197
111000178,339,355,-16
111000179,29,195,-166
111000180,86,207,-121
111000181,267,242,25
111000182,61,114,-53
111000183,96,175,-79
111000184,161,199,-38
111000185,190,384,-194
111000186,116,280,-164
111000187,46,243,-197
111000188,54,413,-359
111000189,1377,472,905
111000190,157,561,-404
111000191,54,440,-386
111000192,134,582,-448
111000193,340,332,8
111000194,14,422,-408
111000195,40,489,-449
111000196,12,364,-352
111000197,93,165,-72
111000198,148,100,48
111000199,25,158,-133
111000200,63,267,-204
111000201,162,222,-60
111000202,73,150,-77
111000203,137,192,-55
111000204,167,239,-72
111000213,50,360,-310
111000214,878,1376,-498
111000215,586,1159,-573
111000217,550,857,-307
111000218,595,735,-140
111000219,242,200,42
111000220,2370,409,1961
111000221,490,139,351
111000224,80,245,-165
111000225,132,110,22
111000226,94,1,93
111000227,36,3,33
111000228,19,83,-64
111000229,24,202,-178
111000230,122,400,-278
111000231,171,1274,-1103
111000232,104,887,-783
111000233,135,728,-593
111000234,18,105,-87
111000239,131,155,-24
111000240,8,38,-30
111000241,19,374,-355
111000242,27,29,-2
111000243,25,771,-746
111000244,64,76,-12
111000245,158,499,-341
111000246,70,565,-495
111000247,69,1134,-1065
111000248,123,263,-140
111000249,285,905,-620
111000250,27,125,-98
111000251,7,109,-102
111000253,0,0,0
111000255,0,0,0
111000257,0,0,0
111000260,14,1118,-1104
111000261,202,77,125
111000271,18,348,-330
111000273,5374,888,4486
111000274,746,1305,-559
111000275,45,77,-32
111000276,183,2404,-2221
111000277,130,568,-438
111000278,313,238,75
111000291,236,1635,-1399
111000298,197,218,-21
111000299,277,50,227
111000300,45,478,-433
111000302,71,69,2
111000303,53,239,-186
111000312,20,36,-16
111000315,17,195,-178
111000320,209,611,-402
111000321,144,28,116
111000322,69,512,-443
111000323,84,23,61
111000324,208,227,-19
111000325,15,56,-41
111000326,50,312,-262
111000327,285,564,-279
111000328,100,355,-255
111000329,2,21,-19
111000330,11,9,2
111000331,1,1,0
111000332,256,948,-692
111000334,251,1674,-1423
111000335,155,50,105
111000337,157,352,-195
111000338,6,117,-111
111000339,102,730,-628
111000340,48,830,-782
111000341,298,89,209
111000342,26,167,-141
111000344,388,631,-243
111000345,20,19,1
111000346,1,60,-59
111000347,31,4,27
111000350,90,138,-48
111000351,50,183,-133
111000352,47,125,-78
111000353,19,242,-223
111000354,146,121,25
111000355,82,648,-566
111000358,54,1783,-1729
111000360,81,970,-889
111000361,59,366,-307
111000546,99,709,-610
111000547,103,591,-488
111000548,56,145,-89
111000549,81,378,-297
111000550,72,168,-96
111000551,493,77,416
111000552,143,28,115
111000907,63,10,53
111000908,11,0,11
111000916,332,169,163
111000917,16,230,-214
111000918,64,1122,-1058
111000920,109,5,104
111000921,2,377,-375
111000922,82,303,-221
111000924,7,973,-966
111000925,846,1068,-222
111000926,528,2327,-1799
111000927,2290,1993,297
111000928,5676,2992,2684
111000929,388,626,-238
111000930,433,2007,-1574
111000931,805,984,-179
111000932,2554,1818,736
111000933,1999,1059,940
111000934,1859,2095,-236
111000935,458,790,-332
111000936,465,1814,-1349
111000937,398,688,-290
111000938,1302,2045,-743
111000939,134,19,115
111000940,120,189,-69
111000941,70,527,-457
111000943,74,177,-103
111000944,44,483,-439
111000945,12,1951,-1939
111001109,142,64,78
111001110,95,614,-519
111001111,14,3,11
111001112,40,0,40
111001113,37,81,-44
111001114,699,51,648
111001115,127,226,-99
111001116,4227,747,3480
111001117,488,411,77
111001120,64,251,-187
111001121,66,380,-314
111001122,133,765,-632
111001123,69,142,-73
111001124,35,450,-415
111001125,0,5,-5
111900001,1,111,-110
111900002,4,744,-740
111900003,6,408,-402
111900004,12,156,-144
111900006,8,11,-3
111900007,15,2,13
111900008,14,2,12
111900009,24,160,-136
111900010,121,526,-405
111900012,75,76,-1
111900013,6,67,-61
111900014,7098,973,6125
111900015,0,53,-53
111900016,0,144,-144
111900017,0,127,-127
111900018,69,2,67
111900019,2,54,-52
111900020,4,20,-16
111900021,9,51,-42
111900022,11,50,-39
111900023,113,35,78
111900024,5,84,-79
111900025,0,40,-40
111900026,0,80,-80
111900027,7,172,-165
111900028,0,415,-415
111900029,0,69,-69
111900030,39,302,-263
111900031,0,13,-13
111900032,2,417,-415
111900033,3,70,-67
111900034,97,509,-412
111900035,1,206,-205
111900036,0,366,-366
111900038,191,578,-387
111900039,38,350,-312
111900040,3,805,-802
111900042,32,39,-7
111900043,1,441,-440
111900044,148,193,-45
111900046,40,222,-182
111900048,26,733,-707
111900049,16,349,-333
111900050,23,9,14
111900051,2,174,-172
111900052,294,636,-342
111900053,1066,156,910
111900054,24,1,23
111900055,8,680,-672
111900056,97,44,53
111900057,13,10,3
111900058,85,751,-666
111900059,1777,128,1649
111900060,82,6,76
111900061,2,308,-306
111900062,0,12,-12
111900063,65,192,-127
111900064,76,241,-165
111900065,7,7,0
111900066,19,55,-36
111900067,0,318,-318
111900068,32,34,-2
111900069,22,11,11
111900070,37,104,-67
111900071,1,237,-236
111900072,5,11,-6
111900073,165,31,134
111900074,2,207,-205
111900075,16,2,14
111900076,18,8,10
111900077,7,2,5
111900078,55,4,51
111900079,3,0,3
111900080,172,55,117
111900082,24,2,22
111900083,15,2,13
111900084,10,1,9
111900085,23,10,13
111900086,18,1,17
111900087,12,0,12
111900088,97,1,96
111900089,10,0,10
111900090,37,15,22
111900091,17,0,17
111900092,5,0,5
111900093,54,0,54
111900094,13,0,13
111900095,59,3,56
111900096,11,0,11
111900097,11,0,11
111900098,44,0,44
111900099,6,0,6
111900100,16,0,16
111900101,36,2,34
111900102,102,861,-759
111900103,45,31,14
111900104,50,48,2
111900105,103,68,35
111900106,1557,23,1534
111900110,3194,106,3088
111900111,40,176,-136
111900112,696,481,215
111900113,218,70,148
111900118,63,15,48
111900119,95,32,63
111900122,42,6,36
111900123,3,25,-22
111900124,15,96,-81
111900125,81,3,78
111900126,20,2,18
111900127,0,579,-579
111900128,3,572,-569
111900129,40,8,32
111900130,65,8,57
111900131,66,0,66
111900132,16,1123,-1107
111900133,4,262,-258
111900134,26,275,-249
111900135,0,6,-6
111900136,25,47,-22
111900137,34,31,3
111900138,8,41,-33
111900139,27,109,-82
111900140,10,11,-1
111900141,9,0,9
111900142,35,9,26
111900143,2,274,-272
111900144,0,95,-95
111900145,2,625,-623
111900146,3,314,-311
111900147,110,433,-323
111900148,29,872,-843
111900149,27,428,-401
111900150,14,229,-215
111900151,1,33,-32
111900152,87,17,70
111900153,1146,94,1052
111900154,3,66,-63
111900155,32,18,14
111900156,4,7,-3
111900157,11,3,8
111900158,50,10,40
111900159,69,18,51
111900160,49,2,47
111900161,25,2,23
111900162,110,72,38
111900163,28,168,-140
111900164,16,15,1
111901113,37,248,-211
111901114,21,389,-368
111901115,14,0,14
111901116,22,0,22
111901117,5,3,2
111901118,101,17,84
111901119,1221,69,1152
111901121,81,285,-204
111901122,4,530,-526
111901123,37,392,-355
111901124,39,0,39
111901125,51,106,-55
111901127,863,116,747
111901128,5,126,-121
111901129,0,129,-129
111901130,12,299,-287
111901131,1,231,-230
111901132,24,4,20
111901133,11,0,11
111901134,19,2,17
111901135,0,0,0
111901136,4,9,-5
111901137,0,5,-5
111901138,30,28,2
111901139,13,34,-21
111901140,4,125,-121
111901141,6,235,-229
111901142,3,138,-135
111901143,3,60,-57
111901144,25,7,18
111901145,138,115,23
111901146,114,1,113
111901147,106,7,99
111901148,1,1,0
112000001,823,558,265
112000002,557,2220,-1663
112000003,324,566,-242
112000004,388,1525,-1137
112000005,767,841,-74
112000006,985,1673,-688
112000007,949,768,181
112000008,1404,2049,-645
112000009,3210,3045,165
112000010,1282,1631,-349
112000011,1255,1924,-669
112000012,4900,971,3929
112000013,6265,2739,3526
112000014,2202,311,1891
112000015,3032,1485,1547
112000016,2212,560,1652
112000017,1013,677,336
112000024,1369,460,909
112000026,4171,4830,-659
112000027,420,246,174
112000028,1379,1591,-212
112000029,134,319,-185
112000030,166,101,65
112000031,1206,1276,-70
112000032,567,30,537
112000033,1860,384,1476
112000034,312,24,288
112000035,55,156,-101
112000036,484,341,143
112000037,344,860,-516
112000038,430,714,-284
112000039,13,92,-79
112000040,97,354,-257
112000041,292,477,-185
112000042,590,289,301
112000050,257,975,-718
112000051,302,448,-146
112000054,1257,2054,-797
112000057,481,257,224
112000058,264,399,-135
112000059,750,276,474
112000061,6219,1148,5071
112000062,3362,354,3008
112000063,2283,492,1791
112000064,5042,5389,-347
112000065,2448,2646,-198
112000066,2069,612,1457
112000067,472,592,-120
112000068,1104,705,399
112000069,456,2314,-1858
112000070,807,317,490
112000071,474,3072,-2598
112000072,461,610,-149
112000073,843,1627,-784
112000074,438,545,-107
112000075,442,651,-209
112000076,2324,2261,63
112000077,244,700,-456
112000078,699,654,45
112000079,931,1314,-383
112000080,322,913,-591
112000081,700,1726,-1026
112000082,687,422,265
112000083,414,1754,-1340
112000084,503,441,62
112000085,543,1193,-650
112000086,833,1299,-466
112000087,93,506,-413
112000088,127,615,-488
112000089,151,242,-91
112000090,153,388,-235
112000091,481,1167,-686
112000092,656,576,80
112000093,1045,1092,-47
112000094,200,732,-532
112000095,312,662,-350
112000096,170,598,-428
112000097,316,414,-98
112000098,470,1512,-1042
112000099,351,303,48
112000100,541,686,-145
112000101,186,1035,-849
112000102,284,396,-112
112000103,104,1393,-1289
112000105,284,1887,-1603
112000106,381,299,82
112000107,6,72,-66
112000108,86,1658,-1572
112000109,40,26,14
112000110,609,306,303
112000111,973,4509,-3536
112000112,1725,347,1378
112000113,723,2170,-1447
112000114,1011,632,379
112000115,115,511,-396
112000116,211,882,-671
112000117,258,416,-158
112000118,436,764,-328
112000119,244,853,-609
112000120,26,320,-294
112000121,29,590,-561
112000122,91,136,-45
112000123,140,110,30
112000124,79,66,13
112000125,33,71,-38
112000126,46,768,-722
112000127,2083,677,1406
112000128,1129,308,821
112000129,38,92,-54
112000130,16,33,-17
112000131,13,316,-303
112000132,25,273,-248
112000133,125,178,-53
112000134,265,377,-112
112000135,333,427,-94
112000136,506,1119,-613
112000137,644,944,-300
112000138,899,1317,-418
112000139,485,158,327
112000140,630,978,-348
112000141,174,197,-23
112000142,71,920,-849
112000143,300,181,119
112000144,140,1595,-1455
112000145,860,564,296
112000146,398,2150,-1752
112000147,798,1027,-229
112000148,1008,1867,-859
112000149,110,624,-514
112000150,69,577,-508
112000151,155,614,-459
112000152,133,297,-164
112000153,145,263,-118
112000154,85,88,-3
112000155,80,38,42
112000157,311,295,16
112000158,66,621,-555
112000159,112,304,-192
112000167,81,5,76
112000169,219,220,-1
112000173,264,229,35
112000175,116,283,-167
112000176,4819,1285,3534
112000177,101,42,59
112000178,39,505,-466
112000179,54,171,-117
112000180,130,209,-79
112000181,639,1671,-1032
112000182,282,1881,-1599
112000183,10,55,-45
112000184,103,633,-530
112000185,108,559,-451
112000187,1281,1651,-370
112000195,36,10,26
112000196,90,0,90
112000197,54,47,7
112000198,23,381,-358
112000199,465,917,-452
112000202,78,1,77
112000216,34,93,-59
112000230,17,2,15
112000231,1,371,-370
112000256,25,69,-44
112000313,114,255,-141
112000314,4,9,-5
112000337,100,477,-377
112000352,106,126,-20
112000392,2106,784,1322
112000398,492,507,-15
112000399,1408,730,678
112000400,1251,3556,-2305
112000401,1863,2292,-429
112000402,799,1264,-465
112000403,1148,992,156
112000404,165,342,-177
112000405,816,1684,-868
112000406,2365,2580,-215
112000407,2004,3685,-1681
112000408,6484,5358,1126
112000409,1156,4148,-2992
112000410,69,50,19
112000411,4204,309,3895
112000412,659,151,508
112000413,8442,1086,7356
112000414,28,69,-41
112000415,67,52,15
112000416,743,853,-110
112000417,86,46,40
112000421,30,102,-72
112000422,160,490,-330
112000424,1675,815,860
112000425,190,1072,-882
112000426,52,182,-130
112000427,0,10,-10
112000428,28,380,-352
112000429,1072,2300,-1228
112000430,1079,2685,-1606
112000431,28,70,-42
112000432,279,2090,-1811
112000433,603,383,220
112000437,8,307,-299
112900001,18,3,15
112900002,57,1235,-1178
112900003,13,207,-194
112900004,5,318,-313
112900005,37,256,-219
112900006,7,402,-395
112900007,11,131,-120
112900008,0,9,-9
112900009,215,45,170
112900010,33,708,-675
112900011,289,219,70
112900012,2,39,-37
112900013,1,66,-65
112900014,1,294,-293
112900015,267,842,-575
112900016,2,250,-248
112900017,10,163,-153
112900018,1,322,-321
112900019,45,141,-96
112900020,460,1727,-1267
112900021,1,210,-209
112900022,2,58,-56
112900023,2,304,-302
112900024,15,159,-144
112900025,31,131,-100
112900026,3,268,-265
112900027,3,1257,-1254
112900028,4,68,-64
112900029,7,524,-517
112900030,251,133,118
112900031,1,507,-506
112900032,57,194,-137
112900034,0,52,-52
112900035,3,489,-486
112900036,19,95,-76
112900037,78,34,44
112900038,117,80,37
112900039,10,361,-351
112900040,8,302,-294
112900041,1170,407,763
112900042,12,347,-335
112900043,6,31,-25
112900044,394,263,131
112900045,516,205,311
112900046,180,39,141
112900047,29,11,18
112900049,18,73,-55
112900050,41,640,-599
112900051,246,651,-405
112900052,9,1141,-1132
112900053,241,121,120
112900054,172,8,164
112900055,120,1,119
112900056,167,56,111
112900057,2,798,-796
112900058,144,55,89
112900059,32,156,-124
112900060,5,193,-188
112900061,13,126,-113
112900062,27,138,-111
112900063,37,8,29
112900064,83,96,-13
112900065,3,1,2
112900066,63,20,43
112900067,562,96,466
112900068,16,3,13
112900069,2657,192,2465
112900071,4,1,3
112900072,179,203,-24
112900073,129,16,113
112900074,23,49,-26
112900075,2190,267,1923
112900076,27,6,21
112900078,72,146,-74
112900079,32,0,32
112900080,2,0,2
112900081,38,46,-8
112900082,84,7,77
112900083,18,18,0
112900084,62,19,43
112900086,5,0,5
112900087,109,31,78
112900088,17,0,17
112900089,262,1,261
112900090,2,2,0
112900091,26,1,25
112900092,64,41,23
112900093,281,3,278
112900095,3,0,3
112900096,117,37,80
112900097,10,338,-328
112900098,10,0,10
112900099,131,2,129
112900100,3,0,3
112900101,47,0,47
112900102,23,2,21
112900103,54,3,51
112900104,7,1,6
112900105,1,0,1
112900106,160,35,125
112900107,0,0,0
112900108,1,1,0
112900109,15,0,15
112900110,190,6,184
112900111,166,0,166
112900112,43,1,42
112900113,0,8,-8
112900114,13,14,-1
112900115,197,1,196
112900116,14,21,-7
112900117,85,73,12
112900118,9,62,-53
112900119,15,0,15
112900120,539,95,444
112900121,141,107,34
112900122,6,159,-153
112900123,151,3,148
112900124,4,125,-121
112900125,44,186,-142
112900126,86,232,-146
112900127,84,22,62
112900128,427,590,-163
112900129,1,1063,-1062
112900130,67,48,19
112900131,24,184,-160
112900132,34,422,-388
112900133,4,1348,-1344
112900134,1,305,-304
112900135,31,11,20
112900137,3,802,-799
112900138,3,482,-479
112900139,109,999,-890
112900141,143,18,125
112900142,35,31,4
112900143,19,518,-499
112900144,1,282,-281
112900145,18,455,-437
112900146,2,1253,-1251
112900147,7,2140,-2133
112900148,3,0,3
112900149,138,421,-283
112900151,21,19,2
112900152,4580,911,3669
112900153,881,416,465
112900154,5,59,-54
112900155,40,2,38
112900156,37,1773,-1736
112900157,27,74,-47
112900158,5,7,-2
112900159,93,22,71
112900160,12,247,-235
112900161,11,11,0
112900162,16,5,11
112900163,55,10,45
112900164,22,38,-16
112900165,33,43,-10
112900166,12,18,-6
112900167,3,18,-15
112900168,0,0,0
112900169,2,6,-4
112900170,19,49,-30
112900172,52,0,52
112900173,196,95,101
112900174,117,4,113
112900175,117,25,92
112900176,18,9,9
112900177,60,14,46
112900178,264,398,-134
112900179,31,576,-545
112900180,445,2442,-1997
112900181,126,28,98
112900182,9,1520,-1511
112900183,53,150,-97
112900184,290,199,91
112900185,169,338,-169
112900186,1446,371,1075
112900187,12,116,-104
112900188,711,270,441
112900189,0,19,-19
112900190,1,44,-43
112900192,194,103,91
112900193,540,119,421
112900194,10,83,-73
112900195,200,15,185
112900196,197,660,-463
112900197,79,395,-316
112900199,104,480,-376
112900200,119,225,-106
112900201,31,66,-35
112900202,36,889,-853
112900203,12,246,-234
112900204,382,202,180
112900205,1,1,0
112900206,3,34,-31
112900207,3,0,3
112900208,56,36,20
112900209,180,360,-180
112900210,0,22,-22
112900211,25,28,-3
112900212,0,47,-47
112900213,3,1,2
112900214,4,2,2
112900215,3,174,-171
112900216,20,33,-13
112900217,0,65,-65
112900218,0,17,-17
112900219,8,11,-3
112900220,0,0,0
112900221,1,92,-91
112900222,0,10,-10
112900223,200,4,196
112900224,52,765,-713
112900225,86,473,-387
112900226,219,144,75
112900227,87,1450,-1363
112900228,19,28,-9
112900229,21,44,-23
112900230,7411,1532,5879
112900232,90,62,28
112900233,9,159,-150
112900234,1,143,-142
112900235,24,2,22
112900236,48,9,39
112900237,16,356,-340
112900238,0,33,-33
112900239,308,181,127
112900240,1,21,-20
112900241,0,24,-24
112900242,0,32,-32
112900243,1,31,-30
112900244,0,15,-15
112900245,0,7,-7
112900246,1,2,-1
112900247,10,4,6
112900248,6,0,6
112900249,1,0,1
112900250,3,1,2
112900251,1,3,-2
112900252,0,3,-3
112900253,1,5,-4
112900254,2,0,2
112900255,0,8,-8
112900256,0,3,-3
112900257,2,0,2
113000001,3724,3272,452
113000002,2738,2456,282
113000003,1584,1169,415
113000004,1620,1463,157
113000005,788,768,20
113000006,601,1012,-411
113000007,928,1025,-97
113000008,819,1401,-582
113000009,435,731,-296
113000010,365,1412,-1047
113000011,485,1620,-1135
113000012,576,533,43
113000013,744,297,447
113000014,1555,1273,282
113000015,545,220,325
113000016,224,205,19
113000017,4,220,-216
113000018,89,27,62
113000019,10,160,-150
113000020,45,3,42
113000021,425,478,-53
113000022,237,1058,-821
113000025,24,201,-177
113000026,86,271,-185
113000027,431,230,201
113000028,645,246,399
113000029,653,415,238
113000030,513,455,58
113000031,319,193,126
113000032,195,118,77
113000033,295,249,46
113000034,424,220,204
113000035,10,18,-8
113000036,13,59,-46
113000037,38,23,15
113000038,10,47,-37
113000039,68,392,-324
113000040,49,67,-18
113000042,648,600,48
113000051,356,1075,-719
113000052,1939,988,951
113000053,176,624,-448
113000054,130,563,-433
113000055,451,802,-351
113000056,365,1678,-1313
113000058,518,804,-286
113000059,909,712,197
113000060,61,504,-443
113000061,490,790,-300
113000062,1105,118,987
113000063,36,209,-173
113000064,16,367,-351
113000065,131,1084,-953
113000066,186,68,118
113000067,729,820,-91
113000068,350,1881,-1531
113000069,275,1265,-990
113000070,520,609,-89
113000071,161,616,-455
113000072,193,348,-155
113000073,440,1331,-891
113000074,742,240,502
113000075,1650,263,1387
113000076,1265,1324,-59
113000077,1636,316,1320
113000078,1047,1068,-21
113000079,691,502,189
113000080,699,443,256
113000081,938,717,221
113000082,1138,664,474
113000083,408,576,-168
113000084,1477,931,546
113000085,911,483,428
113000086,743,755,-12
113000087,1079,634,445
113000088,1594,989,605
113000089,671,1269,-598
113000090,235,237,-2
113000091,740,206,534
113000094,406,139,267
113000095,175,996,-821
113000096,178,744,-566
113000097,293,215,78
113000098,58,23,35
113000099,972,163,809
113000100,96,398,-302
113000101,275,455,-180
113000102,396,141,255
113000103,1726,588,1138
113000104,209,1735,-1526
113000105,233,359,-126
113000106,139,499,-360
113000107,337,654,-317
113000108,586,1369,-783
113000109,337,1809,-1472
113000110,1023,246,777
113000111,96,359,-263
113000112,252,295,-43
113000113,1996,182,1814
113000114,453,647,-194
113000116,597,164,433
113000117,482,152,330
113000118,125,213,-88
113000119,98,353,-255
113000120,33,163,-130
113000121,282,634,-352
113000124,85,129,-44
113000125,16,309,-293
113000127,3493,590,2903
113000128,356,396,-40
113000129,500,851,-351
113000133,3410,549,2861
113000134,2,377,-375
113000135,2127,1396,731
113000137,2634,988,1646
113000139,369,93,276
113000140,153,191,-38
113000141,323,58,265
113000142,482,552,-70
113000143,287,115,172
113000144,278,479,-201
113000145,34,102,-68
113000146,44,57,-13
113000147,84,119,-35
113000148,50,193,-143
113000149,87,113,-26
113000150,397,320,77
113000151,133,49,84
113000152,18,127,-109
113000153,1527,392,1135
113000154,425,758,-333
113000155,202,260,-58
113000156,135,409,-274
113000157,234,612,-378
113000158,358,161,197
113000159,576,405,171
113000160,421,1005,-584
113000161,144,676,-532
113000162,333,292,41
113000163,52,38,14
113000164,41,67,-26
113000166,57,33,24
113000167,23,185,-162
113000168,34,197,-163
113000169,70,31,39
113000170,66,34,32
113000171,52,87,-35
113000172,138,51,87
113000173,21,4,17
113000174,67,467,-400
113000175,192,93,99
113000176,216,56,160
113000177,89,426,-337
113000178,92,387,-295
113000179,110,60,50
113000180,337,1009,-672
113000181,425,975,-550
113000182,143,166,-23
113000183,135,437,-302
113000184,24,98,-74
113000189,712,433,279
113000190,1535,310,1225
113000192,2216,976,1240
113000193,3702,543,3159
113000194,1459,865,594
113000195,1729,305,1424
113000196,57,61,-4
113000197,819,565,254
113000198,16,241,-225
113000199,445,332,113
113000201,181,106,75
113000202,2645,936,1709
113000203,359,84,275
113000204,1156,873,283
113000205,13,15,-2
113000206,9,20,-11
113000207,24,18,6
113000208,20,51,-31
113000209,19,14,5
113000210,4,10,-6
113000211,243,119,124
113000212,284,17,267
113000213,8,100,-92
113000214,54,119,-65
113000234,105,1468,-1363
113000410,20,62,-42
113000411,1896,3003,-1107
113000412,10314,1468,8846
113000413,4268,1485,2783
113000414,11145,5259,5886
113000415,2316,1685,631
113000416,8906,2297,6609
113000417,3633,1968,1665
113000418,2581,1840,741
113000419,1616,1199,417
113000420,3502,2162,1340
113000421,3525,3085,440
113000422,16112,4410,11702
113000423,2733,2413,320
113000424,4359,4773,-414
113000425,16,46,-30
113000428,24,2,22
113000430,12,18,-6
113000432,501,27,474
113000433,117,938,-821
113000434,24,402,-378
113000435,8,1025,-1017
113000436,49,1420,-1371
113000437,166,7,159
113000438,71,12,59
113000439,8,164,-156
113000440,27,30,-3
113000441,58,178,-120
113000442,88,338,-250
113000443,37,256,-219
113000444,56,355,-299
113000445,44,132,-88
113000446,18,84,-66
113000448,164,93,71
113000449,269,563,-294
113000450,484,1124,-640
113000451,1332,101,1231
113000452,359,246,113
113000453,199,229,-30
113000454,450,33,417
113000455,98,88,10
113000456,2953,1426,1527
113000468,2403,252,2151
113000469,178,40,138
113000470,441,52,389
113000471,13,258,-245
113000472,36,214,-178
113000474,148,647,-499
113000475,953,1295,-342
113000476,621,1699,-1078
113000477,1191,2010,-819
113000478,2202,4905,-2703
113000479,31,237,-206
113000483,0,0,0
113000484,0,0,0
113000485,0,0,0
113000486,0,0,0
113000487,0,0,0
113000488,0,0,0
113000489,0,0,0
113000490,0,0,0
113000491,0,0,0
113000492,0,0,0
113000493,0,0,0
113000495,114,245,-131
113000496,60,95,-35
113000497,0,0,0
113000499,0,0,0
113900001,0,31,-31
113900002,0,99,-99
113900003,0,55,-55
113900004,0,21,-21
113900005,0,12,-12
113900006,5,11,-6
113900007,26,9,17
113900008,34,0,34
113900009,134,1,133
113900010,63,1,62
113900011,12,0,12
113900012,5,1,4
113900013,280,2,278
113900014,279,4,275
113900015,0,40,-40
113900016,7,0,7
113900017,0,44,-44
113900018,394,33,361
113900019,27,30,-3
113900020,33,0,33
113900022,5,0,5
113900023,3,0,3
113900024,18,84,-66
113900025,282,11,271
113900026,32,1,31
113900027,1,49,-48
113900028,6,387,-381
113900029,7,282,-275
113900030,59,0,59
113900031,1,0,1
113900032,2,0,2
113900033,54,79,-25
113900035,24,0,24
113900036,7,72,-65
113900037,22,516,-494
113900038,75,43,32
113900039,33,0,33
113900040,1,1,0
113900041,0,0,0
113900042,15,39,-24
113900043,156,92,64
113900044,83,21,62
113900045,5,1,4
113900046,290,625,-335
113900047,12,133,-121
113900048,291,21,270
113900049,794,74,720
113900050,93,287,-194
113900051,123,366,-243
113900052,138,134,4
113900053,282,115,167
113900054,9,4,5
113900055,103,559,-456
113900056,18,121,-103
113900057,10,92,-82
113900058,41,197,-156
113900059,97,353,-256
113900060,117,279,-162
113900061,774,39,735
113900062,38,6,32
113900063,48,99,-51
113900064,7,149,-142
113900065,163,24,139
113900066,120,495,-375
113900067,21,392,-371
113900068,282,222,60
113900069,105,9,96
113900070,172,460,-288
113900071,27,48,-21
113900072,40,159,-119
113900073,73,382,-309
113900074,21,524,-503
113900075,587,536,51
113900076,70,2,68
113900077,15,245,-230
113900078,30,49,-19
113900079,0,40,-40
113900080,240,106,134
113900081,29,216,-187
113900082,63,158,-95
113900083,65,606,-541
113900084,124,42,82
113900085,24,309,-285
113900086,4,11,-7
113900087,10,200,-190
113900088,10,30,-20
113900089,184,28,156
113900090,249,278,-29
113900091,7,21,-14
113900092,28,38,-10
113900093,55,367,-312
113900094,77,541,-464
113900095,52,70,-18
113900096,57,33,24
113900097,1,162,-161
113900098,214,28,186
113900099,0,58,-58
113900100,0,0,0
113900101,16,26,-10
113900102,43,49,-6
113900103,151,261,-110
113900104,49,68,-19
113900105,3,317,-314
113900106,0,90,-90
113900107,0,17,-17
113900108,119,112,7
113900109,191,100,91
113900110,11,12,-1
113900111,23,67,-44
113900112,20,57,-37
113900113,260,290,-30
113900114,0,117,-117
113900115,0,85,-85
113900116,57,102,-45
113900117,27,5,22
113900118,72,104,-32
113900119,309,120,189
113900120,16,23,-7
113900121,11,62,-51
113900122,172,741,-569
113900123,215,156,59
113900124,0,50,-50
113900125,1258,154,1104
113900126,58,39,19
113900127,105,277,-172
113900128,40,18,22
113900129,4,51,-47
113900130,0,4,-4
113900131,32,53,-21
113900132,15,34,-19
113900133,7,27,-20
113900135,117,386,-269
113900136,88,43,45
113900137,161,96,65
113900138,32,43,-11
113900139,474,65,409
113900140,442,101,341
113900141,98,438,-340
113900142,41,45,-4
113900143,4,4,0
113900144,249,69,180
113900145,105,144,-39
113900146,18,36,-18
113900148,108,121,-13
113900149,86,15,71
113900150,1359,443,916
113900151,88,215,-127
113900152,7,55,-48
113900153,487,285,202
113900154,2,64,-62
113900155,214,50,164
113900156,159,565,-406
113900157,13,173,-160
113900158,323,91,232
113900159,9,127,-118
113900160,268,649,-381
113900161,16,157,-141
113900162,472,281,191
113900163,197,142,55
113900164,100,16,84
113900165,507,599,-92
113900166,218,55,163
113900167,157,13,144
113900168,80,108,-28
113900169,157,387,-230
113900171,29,12,17
113900172,3,192,-189
113900173,27,633,-606
113900174,203,764,-561
113900175,134,40,94
113900176,94,712,-618
113900177,203,185,18
113900178,91,99,-8
113900179,11,627,-616
113900180,91,110,-19
113900181,222,55,167
113900182,300,756,-456
113900183,15,60,-45
113900184,8,486,-478
113900185,100,76,24
113900186,18,25,-7
113900187,35,169,-134
113900188,16,128,-112
113900189,134,67,67
113900190,293,86,207
113900191,52,216,-164
113900192,3,189,-186
113900193,19,262,-243
113900194,1774,872,902
113900195,242,424,-182
113900196,1,89,-88
113900197,1,392,-391
113900198,8,123,-115
113900199,158,583,-425
113900200,3,215,-212
113900201,1,277,-276
113900202,18,195,-177
113900203,0,276,-276
113900204,9,664,-655
113900205,5,66,-61
113900206,0,86,-86
113900207,0,33,-33
113900208,2,37,-35
113900209,0,73,-73
113900210,390,315,75
113900211,55,10,45
113900212,71,597,-526
113900214,428,259,169
113900215,13,155,-142
113900216,19,1172,-1153
113900217,14,358,-344
113900218,24,15,9
113900219,77,455,-378
113900220,58,32,26
113900221,220,84,136
113900222,256,126,130
113900223,13,1139,-1126
113900224,80,50,30
113900225,685,167,518
113900226,170,103,67
113900227,235,78,157
113900228,239,207,32
113900229,21,387,-366
113900230,4219,822,3397
113900231,89,178,-89
113900232,37,95,-58
113900233,19,28,-9
113900234,85,247,-162
113900235,17,14,3
113900236,23,270,-247
113900237,23,3,20
113900238,126,168,-42
113900239,25,25,0
113900240,2,41,-39
113900241,80,42,38
113900242,37,134,-97
113900243,72,341,-269
113900244,505,133,372
113900245,1367,151,1216
113900246,12,8,4
113900247,83,83,0
113900248,3602,573,3029
113900249,834,122,712
113900250,19,48,-29
113900251,176,228,-52
113900252,200,4,196
113900253,314,24,290
113900254,179,37,142
113900255,199,14,185
113900256,117,19,98
113900257,20,790,-770
113900258,13,531,-518
113900259,174,253,-79
113900260,84,12,72
113900261,16,208,-192
113900262,71,810,-739
113900263,28,472,-444
113900264,1,615,-614
113900265,81,278,-197
113900266,28,257,-229
113900267,84,392,-308
113900268,131,234,-103
113900269,45,105,-60
113900270,188,299,-111
113900271,343,1424,-1081
113900273,8,1,7
113900274,2,4,-2
113900275,18,42,-24
113900276,1,250,-249
113900277,14,4,10
113900278,245,137,108
113900279,104,104,0
113900280,799,331,468
113900281,142,699,-557
113900282,620,252,368
113900283,176,251,-75
113900284,209,38,171
113900285,34,8,26
113900286,11,91,-80
113900287,6,32,-26
113900288,0,63,-63
113900289,1429,38,1391
113900290,360,28,332
113900291,149,221,-72
113900292,2,5,-3
113900293,1,208,-207
113900294,149,12,137
113900295,490,219,271
113900296,2356,274,2082
113900297,333,13,320
113900298,4,1396,-1392
113900299,7,124,-117
113900300,5694,1523,4171
113900301,643,164,479
113900302,2171,422,1749
113900303,538,95,443
113900304,0,126,-126
113900305,29,0,29
113900306,1,0,1
113900307,26,0,26
113900308,59,84,-25
113900309,5,668,-663
113900310,0,15,-15
113900311,3,0,3
113900312,33,58,-25
113900313,24,8,16
114000001,813,2957,-2144
114000002,83,535,-452
114000003,30,298,-268
114000004,197,480,-283
114000005,94,263,-169
114000006,5440,1595,3845
114000007,580,1291,-711
114000008,1837,799,1038
114000009,151,159,-8
114000011,1616,2757,-1141
114000012,975,2597,-1622
114000013,655,2079,-1424
114000014,348,421,-73
114000015,626,667,-41
114000016,231,420,-189
114000017,78,192,-114
114000018,303,59,244
114000026,485,1629,-1144
114000027,1010,1817,-807
114000028,1082,1409,-327
114000038,65,168,-103
114000039,35,98,-63
114000040,67,151,-84
114000042,49,199,-150
114000043,29,203,-174
114000044,50,74,-24
114000045,43,126,-83
114000046,2801,3914,-1113
114000047,10,45,-35
114000048,28,35,-7
114000049,1676,973,703
114000050,1982,971,1011
114000051,5216,1133,4083
114000052,2841,1042,1799
114000053,40,340,-300
114000054,31,1272,-1241
114000055,173,32,141
114000056,940,457,483
114000057,7571,2015,5556
114000058,435,399,36
114000059,260,140,120
114000060,441,932,-491
114000061,3432,1075,2357
114000062,1772,498,1274
114000063,3587,1321,2266
114000064,8591,1825,6766
114000065,1880,1708,172
114000066,158,479,-321
114000067,25,272,-247
114000068,415,313,102
114000069,680,308,372
114000070,2408,930,1478
114000071,289,568,-279
114000072,71,404,-333
114000073,7,130,-123
114000074,1,13,-12
114000075,9,168,-159
114000076,7,170,-163
114000077,2,74,-72
114000078,48,1325,-1277
114000079,20,37,-17
114000080,68,72,-4
114000081,17,71,-54
114000082,62,622,-560
114000083,20,400,-380
114000084,55,78,-23
114000085,107,884,-777
114000086,89,817,-728
114000087,11,326,-315
114000088,13,67,-54
114000089,1566,617,949
114000090,542,291,251
114000091,1505,278,1227
114000092,859,235,624
114000093,814,528,286
114000094,242,389,-147
114000095,45,50,-5
114000096,34,497,-463
114000097,87,1071,-984
114000098,115,54,61
114000099,107,1092,-985
114000100,327,689,-362
114000101,196,1445,-1249
114000102,113,207,-94
114000103,79,497,-418
114000104,9,419,-410
114000105,20,68,-48
114000106,739,267,472
114000107,67,119,-52
114000108,1901,1142,759
114000109,148,243,-95
114000110,321,1617,-1296
114000111,417,202,215
114000112,163,1739,-1576
114000113,271,184,87
114000114,855,1533,-678
114000115,591,323,268
114000116,165,465,-300
114000117,631,236,395
114000118,699,211,488
114000119,412,129,283
114000120,425,824,-399
114000121,244,409,-165
114000122,206,174,32
114000123,354,138,216
114000124,161,148,13
114000125,533,1465,-932
114000126,436,100,336
114000127,37,80,-43
114000128,328,378,-50
114000130,221,215,6
114000131,60,33,27
114000132,497,892,-395
114000133,1284,1366,-82
114000134,45,298,-253
114000138,43,192,-149
114000139,974,78,896
114000144,456,226,230
114000145,75,204,-129
114000146,60,381,-321
114000147,571,515,56
114000148,1656,684,972
114000149,250,98,152
114000150,1099,554,545
114000151,551,493,58
114000152,193,18,175
114000153,1043,1015,28
114000154,750,586,164
114000155,1240,1172,68
114000156,962,314,648
114000157,260,465,-205
114000158,2784,627,2157
114000159,208,414,-206
114000160,175,197,-22
114000161,1288,693,595
114000162,715,422,293
114000163,2,161,-159
114000165,162,115,47
114000166,637,113,524
114000167,4292,967,3325
114000168,1032,654,378
114000169,1535,359,1176
114000170,719,277,442
114000171,386,683,-297
114000174,154,369,-215
114000176,646,341,305
114000177,1611,817,794
114000178,31,62,-31
114000179,848,364,484
114000180,216,551,-335
114000181,993,1376,-383
114000182,4819,1668,3151
114000183,842,946,-104
114000184,5772,1588,4184
114000185,585,621,-36
114000189,165,32,133
114000190,786,83,703
114000191,7,25,-18
114000192,293,1458,-1165
114000193,892,3060,-2168
114000194,758,1077,-319
114000195,17,10,7
114000196,4,372,-368
114000197,364,36,328
114000198,939,359,580
114000199,1400,753,647
114000200,452,2623,-2171
114000201,82,995,-913
114000202,526,639,-113
114000203,268,699,-431
114000204,65,362,-297
114000205,233,1839,-1606
114000206,258,1052,-794
114000207,487,2267,-1780
114000208,332,3135,-2803
114000209,544,3281,-2737
114000210,300,1793,-1493
114000211,540,1347,-807
114000212,458,696,-238
114000213,690,487,203
114000214,51,253,-202
114000215,34,50,-16
114000216,298,88,210
114000217,38,254,-216
114000218,56,309,-253
114000219,310,222,88
114000220,5,1228,-1223
114000221,203,48,155
114000222,112,1129,-1017
114000223,204,28,176
114000224,99,600,-501
114000225,81,446,-365
114000226,46,228,-182
114000227,402,395,7
114000228,312,944,-632
114000229,358,1176,-818
114000230,754,1555,-801
114000231,319,1031,-712
114000232,228,93,135
114000233,665,153,512
114000234,479,989,-510
114000235,411,1274,-863
114000236,3,520,-517
114000237,58,1226,-1168
114000238,14,115,-101
114000239,72,1440,-1368
114000240,364,504,-140
114000241,197,1119,-922
114000242,739,875,-136
114000243,520,594,-74
114000244,265,214,51
114000245,200,565,-365
114000246,80,21,59
114000247,289,670,-381
114000248,398,358,40
114000249,248,372,-124
114000250,114,425,-311
114000251,77,321,-244
114000252,39,105,-66
114000253,17,286,-269
114000254,5,120,-115
114000255,325,112,213
114000256,1572,303,1269
114000257,442,2080,-1638
114000258,57,482,-425
114000259,35,276,-241
114000260,0,18,-18
114000261,18,12,6
114000262,29,225,-196
114000263,1,0,1
114000264,153,615,-462
114000265,0,1,-1
114000267,2,799,-797
114000268,5,2036,-2031
114000270,81,0,81
114000271,132,65,67
114000283,364,346,18
114000285,38,333,-295
114000288,47,440,-393
114000289,757,118,639
114000293,45,324,-279
114000294,143,418,-275
114000395,484,32,452
114000396,108,209,-101
114000402,176,330,-154
114000403,150,582,-432
114000405,142,611,-469
114000423,26,505,-479
114000424,202,201,1
114000425,116,616,-500
114000426,204,260,-56
114000427,28,136,-108
114000428,300,52,248
114000429,11,284,-273
114000432,18,140,-122
114000434,30,134,-104
114000435,8,207,-199
114900001,153,1477,-1324
114900002,248,35,213
114900003,154,2145,-1991
114900004,78,113,-35
114900005,145,945,-800
114900006,10,14,-4
114900007,26,8,18
114900008,52,30,22
114900010,2968,1739,1229
114900011,39,49,-10
114900013,43,38,5
114900015,12,122,-110
114900018,539,49,490
114900020,37,25,12
114900022,0,375,-375
114900024,55,106,-51
114900025,150,224,-74
114900026,21,45,-24
114900027,163,178,-15
114900029,14,8,6
114900030,110,159,-49
114900031,41,41,0
114900032,44,24,20
114900033,1071,185,886
114900034,26,339,-313
114900035,110,212,-102
114900036,150,1157,-1007
114900037,76,288,-212
114900038,100,1236,-1136
114900039,456,855,-399
114900040,27,214,-187
114900041,222,760,-538
114900042,277,1034,-757
114900043,585,262,323
114900044,40,6,34
114900046,46,191,-145
114900047,102,974,-872
114900048,25,210,-185
114900049,11,221,-210
114900050,13,666,-653
114900051,5,557,-552
114900052,56,191,-135
114900053,64,215,-151
114900054,42,147,-105
114900057,117,4,113
114900058,0,84,-84
114900059,22,23,-1
114900060,1564,240,1324
114900061,74,279,-205
114900062,334,237,97
114900063,44,336,-292
114900064,323,830,-507
114900065,109,592,-483
114900067,13,322,-309
114900068,44,179,-135
114900069,194,187,7
114900070,117,662,-545
114900072,10,284,-274
114900073,0,188,-188
114900074,102,1068,-966
114900075,58,5,53
114900076,6,407,-401
114900080,2745,368,2377
114900082,3467,1265,2202
114900083,295,660,-365
114900090,102,56,46
114900091,76,196,-120
114900095,384,130,254
114900096,699,505,194
114900097,54,0,54
114900098,2,199,-197
114900099,58,3,55
115000001,8056,6010,2046
115000002,1997,2293,-296
115000003,3042,4246,-1204
115000004,1359,3292,-1933
115000005,817,2759,-1942
115000006,298,1088,-790
115000007,67,107,-40
115000008,259,399,-140
115000009,81,281,-200
115000010,182,139,43
115000013,59,105,-46
115000015,126,130,-4
115000016,40,123,-83
115000019,3,297,-294
115000020,161,159,2
115000021,209,350,-141
115000022,285,355,-70
115000023,181,212,-31
115000024,795,574,221
115000025,461,254,207
115000026,98,353,-255
115000027,80,153,-73
115000028,52,477,-425
115000029,122,87,35
115000030,111,661,-550
115000031,437,123,314
115000032,7,258,-251
115000033,54,16,38
115000034,97,759,-662
115000035,538,15,523
115000036,2,340,-338
115000037,114,1,113
115000038,37,151,-114
115000039,2349,1220,1129
115000040,5761,2436,3325
115000041,741,1500,-759
115000042,685,523,162
115000043,2390,1881,509
115000044,2831,4147,-1316
115000045,1243,2414,-1171
115000046,842,1863,-1021
115000047,868,1519,-651
115000048,978,2945,-1967
115000049,1125,2480,-1355
115000050,1522,1260,262
115000051,1653,819,834
115000052,3366,1748,1618
115000053,879,741,138
115000054,789,1275,-486
115000055,28,327,-299
115000056,85,201,-116
115000057,162,437,-275
115000058,213,80,133
115000059,123,185,-62
115000061,70,58,12
115000062,47,241,-194
115000063,66,350,-284
115000064,106,141,-35
115000065,8,152,-144
115000067,107,18,89
115000069,37,213,-176
115000070,16,510,-494
115000071,42,6,36
115000072,23,28,-5
115000073,805,19,786
115000075,24,45,-21
115000076,2850,3234,-384
115000077,843,3860,-3017
115000078,309,1844,-1535
115000079,612,2420,-1808
115000080,950,2618,-1668
115000081,274,876,-602
115000082,1938,2140,-202
115000083,1106,3504,-2398
115000084,574,830,-256
115000085,262,1098,-836
115000086,326,869,-543
115000087,425,1406,-981
115000088,1009,433,576
115000089,1385,1360,25
115000090,801,424,377
115000091,263,1203,-940
115000092,221,226,-5
115000093,311,2,309
115000094,6685,3153,3532
115000095,5469,3035,2434
115000096,412,2108,-1696
115000097,230,559,-329
115000098,324,743,-419
115000099,821,2938,-2117
115000100,346,371,-25
115000101,240,1466,-1226
115000102,204,147,57
115000103,337,834,-497
115000105,30,199,-169
115000106,132,166,-34
115000107,111,595,-484
115000108,3379,2710,669
115000109,4563,1310,3253
115000110,873,464,409
115000111,653,1180,-527
115000112,399,268,131
115000113,631,691,-60
115000114,1080,693,387
115000116,2219,940,1279
115000117,3132,1215,1917
115000118,1788,1006,782
115000119,1732,1125,607
115000120,643,430,213
115000121,1425,504,921
115000122,3195,390,2805
115000123,1655,722,933
115000124,551,484,67
115000125,189,486,-297
115000126,70,213,-143
115000127,213,133,80
115000128,912,617,295
115000129,198,140,58
115000130,147,1078,-931
115000131,185,330,-145
115000132,48,501,-453
115000133,103,401,-298
115000134,64,187,-123
115000135,27,199,-172
115000136,64,230,-166
115000137,43,172,-129
115000138,78,162,-84
115000139,112,255,-143
115000140,86,148,-62
115000141,121,369,-248
115000142,54,335,-281
115000143,128,385,-257
115000144,184,62,122
115000145,95,514,-419
115000146,91,174,-83
115000147,221,538,-317
115000148,210,1574,-1364
115000149,234,126,108
115000150,413,1534,-1121
115000151,266,324,-58
115000152,297,1891,-1594
115000153,187,288,-101
115000154,291,282,9
115000155,341,1357,-1016
115000156,613,372,241
115000157,693,805,-112
115000158,426,239,187
115000159,542,189,353
115000160,468,144,324
115000161,137,451,-314
115000162,455,357,98
115000163,546,479,67
115000164,378,377,1
115000165,232,250,-18
115000167,60,49,11
115000168,418,289,129
115000169,346,333,13
115000170,41,86,-45
115000171,178,162,16
115000172,1745,431,1314
115000173,135,188,-53
115000174,27,99,-72
115000175,66,117,-51
115000176,174,27,147
115000177,80,74,6
115000178,2,265,-263
115000179,10,14,-4
115000180,39,627,-588
115000181,191,102,89
115000182,325,339,-14
115000183,96,998,-902
115000186,345,249,96
115000187,83,658,-575
115000188,350,272,78
115000189,186,346,-160
115000190,498,202,296
115000191,235,290,-55
115000194,92,91,1
115000195,362,156,206
115000196,67,129,-62
115000197,64,395,-331
115000198,93,237,-144
115000199,80,333,-253
115000200,185,76,109
115000201,38,363,-325
115000206,75,31,44
115000207,18,282,-264
115000208,464,585,-121
115000209,216,124,92
115000210,74,87,-13
115000211,149,167,-18
115000212,1066,241,825
115000224,100,33,67
115000225,52,44,8
115000229,211,133,78
115000230,57,394,-337
115000231,271,2397,-2126
115000232,488,302,186
115000233,31,200,-169
115000234,6,212,-206
115000241,29,270,-241
115000242,32,223,-191
115000243,20,241,-221
115000244,1,81,-80
115000246,12,5,7
115000247,6,6,0
115000248,9,6,3
115000249,39,6,33
115000250,69,32,37
115000251,41,142,-101
115000252,29,111,-82
115000253,10,142,-132
115000258,59,181,-122
115000259,183,100,83
115000261,6,32,-26
115000262,1,23,-22
115000263,3,24,-21
115000264,7,23,-16
115000267,15,51,-36
115000268,19,72,-53
115000269,31,31,0
115000270,0,24,-24
115000272,24,125,-101
115000273,110,23,87
115000280,2271,41,2230
115000281,793,66,727
115000282,1145,265,880
115000284,331,81,250
115000296,311,3,308
115000297,118,28,90
115000298,196,45,151
115000300,33,210,-177
115000302,94,132,-38
115000303,167,128,39
115000304,240,68,172
115000305,26,1093,-1067
115000306,62,658,-596
115000307,11,356,-345
115000308,68,10,58
115000309,16,10,6
115000310,382,1292,-910
115000311,193,1186,-993
115000313,62,845,-783
115000314,126,61,65
115000315,1402,206,1196
115000316,30,48,-18
115000317,93,534,-441
115000318,260,150,110
115000319,22,231,-209
115000320,3,93,-90
115000321,119,9,110
115000322,16,241,-225
115000449,259,70,189
115000557,1,277,-276
115000558,104,48,56
115000587,179,164,15
115000588,1758,3815,-2057
115000589,2023,2322,-299
115000590,527,1263,-736
115000591,945,495,450
115000592,588,1110,-522
115000593,1154,342,812
115000594,694,910,-216
115000609,149,148,1
115000617,1218,627,591
115000624,67,77,-10
115000633,275,1545,-1270
115000634,1721,520,1201
115000635,100,95,5
115000638,1256,600,656
115000641,92,78,14
115000642,319,196,123
115000643,69,419,-350
115000644,95,448,-353
115000646,434,626,-192
115000647,75,350,-275
115000648,513,1381,-868
115000893,3062,677,2385
115000894,38,1054,-1016
115000895,203,712,-509
115000896,623,220,403
115000897,379,56,323
115000898,767,143,624
115000899,897,742,155
115000900,69,298,-229
115000901,55,85,-30
115000912,158,35,123
115000913,0,44,-44
115000915,11,0,11
115000916,3,0,3
115000917,0,2,-2
115000918,76,101,-25
115000919,18,12,6
115000920,5,24,-19
115000921,1264,28,1236
115000922,845,270,575
115000923,436,616,-180
115000925,17,42,-25
115000927,5,26,-21
115000933,328,87,241
115000934,36,225,-189
115000935,18,76,-58
115000936,50,117,-67
115000937,1015,97,918
115000938,79,90,-11
115000939,116,44,72
115000940,0,9,-9
115000941,0,4,-4
115000942,18,42,-24
115000943,45,3,42
115000944,3,6,-3
115900001,7,95,-88
115900002,131,190,-59
115900003,40,110,-70
115900004,0,27,-27
115900005,45,1,44
115900006,37,391,-354
115900008,8,9,-1
115900009,30,230,-200
115900010,60,229,-169
115900011,97,287,-190
115900012,6,114,-108
115900013,408,163,245
115900014,49,131,-82
115900015,10,150,-140
115900016,36,28,8
115900017,0,0,0
115900018,201,66,135
115900019,137,9,128
115900020,6,0,6
115900021,1731,79,1652
115900022,2112,8,2104
115900023,0,0,0
115900025,56,108,-52
115900026,894,372,522
115900027,1,540,-539
115900028,538,36,502
115900029,6,636,-630
115900030,14,4,10
115900031,277,93,184
115900032,219,624,-405
115900033,0,32,-32
115900034,6,526,-520
115900035,16,82,-66
115900036,170,164,6
115900037,1,492,-491
115900038,3,3,0
115900039,47,259,-212
115900041,181,139,42
115900042,3,3,0
115900043,20,126,-106
115900044,147,165,-18
115900046,75,299,-224
115900047,33,22,11
115900049,49,169,-120
115900051,0,91,-91
115900052,6,364,-358
115900053,43,257,-214
115900054,31,44,-13
115900055,16,217,-201
115900056,65,370,-305
115900057,3,1,2
115900058,38,79,-41
115900060,10,88,-78
115900061,35,0,35
115900062,3,335,-332
115900063,37,16,21
115900064,141,176,-35
115900065,32,101,-69
115900066,143,182,-39
115900067,4,776,-772
115900068,3695,88,3607
115900069,38,174,-136
115900070,56,276,-220
115900071,3,694,-691
115900072,68,221,-153
115900073,6,15,-9
115900074,1,299,-298
115900075,26,384,-358
115900076,0,129,-129
115900077,7,317,-310
115900078,29,167,-138
115900079,37,3,34
115900080,355,125,230
115900081,5,85,-80
115900082,147,143,4
115900084,67,17,50
115900085,41,11,30
115900086,1321,357,964
115900088,10,7,3
115900089,75,827,-752
115900090,35,10,25
115900091,0,3,-3
115900092,12,227,-215
115900093,1,24,-23
115900094,0,427,-427
115900096,0,14,-14
115900097,11,633,-622
115900098,37,492,-455
115900099,10,115,-105
115900100,4,520,-516
115900101,50,335,-285
115900102,7,86,-79
115900103,70,220,-150
115900104,10,152,-142
115900105,16,675,-659
115900106,8,25,-17
115900107,6,184,-178
115900108,24,22,2
115900109,29,434,-405
115900110,1,23,-22
115900111,0,65,-65
115900112,20,824,-804
115900113,12,10,2
115900114,1,151,-150
115900115,18,120,-102
115900116,59,1070,-1011
115900117,8,10,-2
115900118,2,363,-361
115900119,33,63,-30
115900120,16,389,-373
115900121,61,228,-167
115900124,103,124,-21
115900125,88,13,75
115900126,174,38,136
115900127,216,23,193
115900128,2,48,-46
115900129,359,7,352
115900130,31,149,-118
115900131,65,28,37
115900132,90,9,81
115900134,67,8,59
115900135,556,389,167
115900137,2,1,1
115900139,39,11,28
115900140,22,0,22
115900141,3,10,-7
115900142,4,6,-2
115900143,28,156,-128
115900144,8,132,-124
115900146,4,151,-147
115900147,109,152,-43
115900148,1,7,-6
115900149,7,29,-22
115900150,4,84,-80
115900151,9,20,-11
115900152,24,315,-291
115900153,8,247,-239
115900154,359,186,173
115900155,1,72,-71
115900156,266,518,-252
115900157,28,390,-362
115900158,20,7,13
115900159,7,239,-232
115900160,7,2,5
115900161,23,144,-121
115900163,65,99,-34
115900164,102,51,51
115900166,141,236,-95
115900168,13,192,-179
115900171,58,250,-192
115900172,15,146,-131
115900173,60,150,-90
115900174,223,177,46
115900175,43,125,-82
115900178,2,751,-749
115900179,32,13,19
115900180,20,341,-321
115900181,48,314,-266
115900182,108,336,-228
115900183,53,3,50
115900184,1178,14,1164
115900187,11,97,-86
115900189,0,41,-41
115900190,436,303,133
115900191,25,496,-471
115900192,3,53,-50
115900193,41,18,23
115900194,119,19,100
115900195,321,348,-27
115900198,164,215,-51
115900199,119,226,-107
115900200,281,262,19
115900201,119,144,-25
115900202,0,0,0
115900203,0,1,-1
115900204,0,0,0
115900205,21,2,19
115900206,16,120,-104
115900207,4,12,-8
115900208,30,331,-301
115900209,1,142,-141
115900210,4,173,-169
115900211,4,209,-205
115900212,39,284,-245
115900213,12,13,-1
115900214,104,322,-218
115900215,17,11,6
115900216,0,64,-64
115900217,0,64,-64
115900218,2,53,-51
115900219,20,1,19
115900220,10,4,6
115900221,16,15,1
115900222,14,5,9
115900223,3,31,-28
115900224,1478,139,1339
115900225,80,10,70
115900226,10,30,-20
115900227,1,30,-29
115900228,3,32,-29
115900229,6,31,-25
115900230,30,52,-22
115900231,44,2,42
115900232,3,0,3
115900233,8,12,-4
115900234,22,6,16
115900235,1,9,-8
115900236,1,21,-20
115900237,0,21,-21
115900238,1,6,-5
115900239,2,19,-17
115900240,4,65,-61
115900241,37,100,-63
115900242,85,99,-14
115900243,5,1,4
115900244,0,19,-19
115900245,5,19,-14
115900246,6,2,4
115900247,18,2,16
115900248,11,1,10
115900249,5,6,-1
115900250,2,5,-3
115900251,0,10,-10
115900252,0,0,0
115900253,4,2,2
115900254,10,16,-6
115900255,2,7,-5
115900256,21,7,14
115900257,1,12,-11
115900258,0,3,-3
115900259,1,5,-4
115900260,18,2,16
115900261,1,0,1
115900262,1,0,1
115900263,2,1,1
115900264,2,4,-2
115900265,0,7,-7
115900266,3,4,-1
115900267,0,2,-2
115900268,0,1,-1
115900269,101,402,-301
115900270,80,693,-613
115900271,15,0,15
115900272,5,1,4
115900273,0,3,-3
115900274,3,9,-6
115900275,0,37,-37
115900276,0,66,-66
115900277,1,136,-135
115900278,7,56,-49
115900279,2,92,-90
115900280,28,89,-61
115900281,453,63,390
115900282,9,6,3
115900283,8,5,3
115900284,6,4,2
116000001,18233,4211,14022
116000002,2429,2604,-175
116000003,1289,1729,-440
116000004,889,1115,-226
116000005,1729,2580,-851
116000006,1079,723,356
116000007,2963,3406,-443
116000008,1754,1034,720
116000009,1430,2184,-754
116000010,601,540,61
116000011,544,1495,-951
116000012,312,415,-103
116000013,16075,3773,12302
116000014,19856,3527,16329
116000015,293,442,-149
116000016,7631,976,6655
116000017,26,238,-212
116000018,578,300,278
116000019,271,173,98
116000020,224,1092,-868
116000021,124,159,-35
116000022,148,412,-264
116000023,337,284,53
116000024,534,1350,-816
116000025,369,319,50
116000026,974,1925,-951
116000027,328,259,69
116000028,241,302,-61
116000029,831,420,411
116000030,162,146,16
116000031,84,169,-85
116000032,65,244,-179
116000033,69,386,-317
116000034,192,684,-492
116000035,84,386,-302
116000036,1546,221,1325
116000037,389,235,154
116000038,404,173,231
116000039,480,254,226
116000040,904,346,558
116000041,219,528,-309
116000042,215,200,15
116000043,47,402,-355
116000044,11,99,-88
116000045,711,489,222
116000046,611,597,14
116000047,1152,1248,-96
116000048,1097,906,191
116000049,409,1141,-732
116000050,665,1117,-452
116000051,1134,963,171
116000052,1544,2556,-1012
116000053,615,812,-197
116000054,385,2075,-1690
116000055,150,1427,-1277
116000056,306,666,-360
116000057,2185,1945,240
116000058,2000,1377,623
116000059,1554,2135,-581
116000060,2373,597,1776
116000061,393,652,-259
116000062,382,173,209
116000063,221,953,-732
116000066,98,137,-39
116000067,199,525,-326
116000068,90,73,17
116000069,144,502,-358
116000078,120,566,-446
116000080,702,1003,-301
116000082,8,95,-87
116000083,620,260,360
116000084,1680,3097,-1417
116000085,1310,674,636
116000086,1761,1462,299
116000087,749,594,155
116000088,592,980,-388
116000089,89,61,28
116000090,101,144,-43
116000091,82,71,11
116000093,966,419,547
116000094,230,566,-336
116000095,383,373,10
116000096,316,901,-585
116000097,235,577,-342
116000098,208,2501,-2293
116000099,6910,294,6616
116000100,48,10,38
116000101,226,1532,-1306
116000102,115,1136,-1021
116000103,187,181,6
116000104,68,1561,-1493
116000105,396,162,234
116000106,84,1048,-964
116000107,398,435,-37
116000108,11,140,-129
116000111,25,7,18
116000113,62,35,27
116000114,29,150,-121
116000115,62,23,39
116000116,159,537,-378
116000117,574,1190,-616
116000118,649,1339,-690
116000119,943,967,-24
116000120,1698,4305,-2607
116000121,369,250,119
116000122,1076,2381,-1305
116000123,213,286,-73
116000124,192,1140,-948
116000125,767,400,367
116000126,140,1391,-1251
116000127,625,1476,-851
116000128,638,479,159
116000129,267,180,87
116000130,79,126,-47
116000133,171,761,-590
116000134,736,2712,-1976
116000135,592,952,-360
116000136,645,2010,-1365
116000137,240,473,-233
116000138,1201,372,829
116000139,1150,1915,-765
116000140,57,186,-129
116000141,269,908,-639
116000142,2969,3402,-433
116000143,1361,1026,335
116000144,757,2778,-2021
116000145,959,1325,-366
116000146,151,343,-192
116000147,102,73,29
116000148,175,390,-215
116000149,241,420,-179
116000151,297,820,-523
116000153,35,356,-321
116000155,119,208,-89
116000156,1209,759,450
116000157,18,17,1
116000158,47,357,-310
116000159,7,4,3
116000160,28,138,-110
116000161,9,98,-89
116000162,51,22,29
116000163,8,4,4
116000164,2,10,-8
116000177,15,81,-66
116000194,68,276,-208
116000195,727,501,226
116000196,3,2,1
116000197,2,9,-7
116000198,1382,707,675
116000200,534,133,401
116000201,345,591,-246
116000202,1,276,-275
116000203,3,75,-72
116000204,10,34,-24
116000205,0,127,-127
116000206,0,75,-75
116000207,5,55,-50
116000233,65,791,-726
116000287,33,514,-481
116000288,49,242,-193
116000292,15,182,-167
116000296,6,189,-183
116000297,15,41,-26
116000304,9,62,-53
116000305,10,103,-93
116000346,30,205,-175
116000352,14,46,-32
116000354,16,14,2
116000357,1,4,-3
116000358,73,13,60
116000361,354,13,341
116000372,9675,1323,8352
116000381,32,0,32
116000388,0,32,-32
116000389,338,466,-128
116000445,106,782,-676
116000446,112,879,-767
116000447,6,298,-292
116000448,426,222,204
116000563,458,255,203
116000565,62,375,-313
116000568,23,85,-62
116000579,15,105,-90
116000584,3,12,-9
116000585,9,7,2
116000586,186,85,101
116000587,33,308,-275
116000589,13,107,-94
116000590,43,24,19
116000591,38,217,-179
116000592,8,125,-117
116000593,0,44,-44
116000594,142,563,-421
116000595,270,182,88
116000596,13,4,9
116000597,74,34,40
116000598,4,236,-232
116000602,90,37,53
116000605,102,116,-14
116000606,11,110,-99
116000607,3,55,-52
116000609,150,334,-184
116000611,31,517,-486
116000612,319,1382,-1063
116000613,135,272,-137
116000614,274,883,-609
116000615,0,77,-77
116000616,9,174,-165
116000617,15,152,-137
116000618,2,183,-181
116000619,7,33,-26
116000620,6,10,-4
116000621,9,59,-50
116000622,8,118,-110
116000624,22,67,-45
116000627,13,50,-37
116000628,56,916,-860
116000629,13,481,-468
116000630,66,57,9
116000631,30,41,-11
116000632,146,173,-27
116000633,34,499,-465
116000634,61,281,-220
116000635,1693,837,856
116000636,576,519,57
116000637,65,117,-52
116000638,42,491,-449
116000640,15,3,12
116000641,36,130,-94
116000644,4,1133,-1129
116900001,98,94,4
116900002,257,6,251
116900003,3,57,-54
116900004,19,33,-14
116900005,65,31,34
116900006,172,113,59
116900007,56,167,-111
116900008,128,534,-406
116900009,9,3,6
116900010,1,1636,-1635
116900011,11,36,-25
116900012,69,187,-118
116900013,6,151,-145
116900014,13,333,-320
116900015,63,79,-16
116900016,25,0,25
116900017,0,667,-667
116900018,16,14,2
116900019,1,387,-386
116900020,1209,158,1051
116900023,10,9,1
116900024,62,94,-32
116900025,226,1056,-830
116900026,127,604,-477
116900027,7,36,-29
116900028,6,114,-108
116900029,19,2,17
116900031,0,5,-5
116900032,4,343,-339
116900033,3,9,-6
116900034,3,73,-70
116900035,41,124,-83
116900036,0,75,-75
116900038,9,4,5
116900041,11,11,0
116900042,934,167,767
116900043,3,52,-49
116900047,62,14,48
116900049,23,130,-107
116900050,33,280,-247
116900051,10,268,-258
116900052,81,86,-5
116900055,0,1,-1
116900057,12,251,-239
116900058,9,363,-354
116900059,1,119,-118
116900060,83,168,-85
116900062,1,2,-1
116900064,33,998,-965
116900065,7,71,-64
116900067,25,108,-83
116900068,54,489,-435
116900070,0,1,-1
116900072,21,455,-434
116900073,11,193,-182
116900074,0,49,-49
116900076,4,11,-7
116900077,9,173,-164
116900078,165,128,37
116900079,8,305,-297
116900080,4,24,-20
116900081,126,1149,-1023
116900082,109,984,-875
116900083,26,58,-32
116900084,90,38,52
116900085,29,130,-101
116900086,23,190,-167
116900088,380,49,331
116900090,139,46,93
116900091,59,170,-111
116900092,36,723,-687
116900093,1676,1000,676
116900094,5934,1249,4685
116900095,75,198,-123
116900096,54,54,0
116900097,2622,719,1903
116900098,863,81,782
116900099,328,153,175
116900100,220,9,211
116900101,187,677,-490
116900103,4,0,4
116900104,8,42,-34
116900105,97,16,81
116900106,354,528,-174
116900107,3681,710,2971
116900110,7,0,7
116900111,116,1109,-993
116900112,78,748,-670
116900113,2537,573,1964
116900116,64,132,-68
116900117,11,46,-35
116900118,1086,318,768
116900120,64,108,-44
116900121,25,49,-24
116900122,150,883,-733
116900123,68,746,-678
116900124,71,586,-515
116900125,82,158,-76
116900126,181,383,-202
116900128,0,51,-51
116900129,1,361,-360
116900130,1165,1546,-381
116900131,35,96,-61
116900132,12,56,-44
116900133,27,75,-48
116900134,91,172,-81
116900136,71,140,-69
116900137,153,170,-17
116900138,92,186,-94
116900139,45,356,-311
116900140,70,200,-130
116900141,233,330,-97
116900142,0,8,-8
116900143,84,452,-368
116900144,3,17,-14
116900145,65,351,-286
116900147,476,224,252
116900148,0,23,-23
116900149,15,74,-59
116900150,4,4,0
116900151,97,13,84
116900153,38,32,6
116900154,206,102,104
116900155,24,26,-2
116900157,91,236,-145
116900158,16,41,-25
116900159,31,122,-91
116900160,332,167,165
116900161,8636,2234,6402
116900162,1,186,-185
116900163,21,165,-144
116900164,8,22,-14
116900165,36,54,-18
116900166,3,100,-97
116900167,76,35,41
116900168,53,85,-32
116900169,375,104,271
116900170,68,189,-121
116900171,18,272,-254
116900172,141,35,106
116900173,10,54,-44
116900174,2,13,-11
116900175,81,57,24
116900178,5,194,-189
116900179,39,38,1
116900180,17,33,-16
116900182,140,166,-26
116900183,50,51,-1
116900185,3,18,-15
116900186,63,279,-216
116900187,2,5,-3
116900188,31,9,22
116900189,5,0,5
116900191,125,279,-154
116900192,114,156,-42
116900194,12,230,-218
116900195,14,4,10
116900196,9,166,-157
116900197,26,2,24
116900198,414,111,303
116900200,6,41,-35
116900201,20,2,18
116900202,86,53,33
116900203,42,2,40
116900204,12,41,-29
116900206,2,46,-44
116900207,7,22,-15
116900208,4,84,-80
116900209,17,103,-86
116900210,148,146,2
116900211,111,14,97
116900212,3,67,-64
116900213,94,218,-124
116900214,33,109,-76
116900215,24,88,-64
116900216,103,371,-268
116900218,7,430,-423
116900219,488,385,103
116900220,38,164,-126
116900221,21,229,-208
116900222,197,235,-38
116900223,40,125,-85
116900226,12,46,-34
116900227,51,56,-5
116900228,86,251,-165
116900230,9,292,-283
116900231,3,434,-431
116900232,3,414,-411
116900233,49,50,-1
116900234,7,6,1
116900235,52,258,-206
116900238,1054,196,858
116900239,26,396,-370
116900240,4986,1142,3844
116900241,15,141,-126
116900242,1039,132,907
116900243,0,29,-29
116900245,15,20,-5
116900246,12,35,-23
116900247,93,11,82
116900248,26,21,5
116900249,64,97,-33
116900250,55,26,29
116900251,349,92,257
116900252,22,882,-860
116900253,25,64,-39
116900254,4,55,-51
116900255,77,10,67
116900256,67,62,5
116900257,6,661,-655
116900258,4,353,-349
116900259,30,6,24
116900260,0,145,-145
116900261,7,1,6
116900262,32,106,-74
116900263,0,6,-6
116900264,9,15,-6
116900265,3,0,3
116900266,0,48,-48
116900267,10,3,7
116900268,11,6,5
116900269,201,440,-239
116900271,2380,64,2316
116900272,379,563,-184
116900273,170,10,160
116900274,45,50,-5
116900275,34,105,-71
116900276,547,31,516
116900277,533,19,514
116900278,2,10,-8
116900279,1,21,-20
116900280,5,20,-15
116900281,6776,1067,5709
116900282,2,103,-101
116900283,14,120,-106
116900284,17,182,-165
116900285,320,69,251
116900286,159,6,153
116900287,1,101,-100
116900288,14,125,-111
116900289,1,42,-41
116900290,0,26,-26
116900291,0,6,-6
116900292,0,1,-1
116900293,2,82,-80
116900294,20,88,-68
116900295,182,61,121
116900296,20,39,-19
116900297,4,30,-26
116900298,96,51,45
116900299,35,82,-47
116900300,214,388,-174
116900301,41,79,-38
116900302,20,28,-8
116900303,432,19,413
116900304,0,83,-83
116900305,7,16,-9
116900306,13,95,-82
116900307,13,0,13
116900308,1,180,-179
116900309,12,143,-131
117000001,585,693,-108
117000002,918,3584,-2666
117000003,3999,1686,2313
117000004,3681,4048,-367
117000005,735,1085,-350
117000006,735,3834,-3099
117000007,1463,892,571
117000008,870,3937,-3067
117000009,3350,791,2559
117000010,2329,3479,-1150
117000011,610,991,-381
117000012,656,1754,-1098
117000013,517,811,-294
117000014,444,2292,-1848
117000015,1804,853,951
117000016,228,46,182
117000017,228,126,102
117000018,69,192,-123
117000019,95,9,86
117000020,669,496,173
117000021,2812,413,2399
117000022,348,41,307
117000023,387,125,262
117000024,347,62,285
117000025,644,484,160
117000026,1717,500,1217
117000027,1433,772,661
117000028,726,318,408
117000030,436,387,49
117000031,283,130,153
117000032,1562,1100,462
117000033,648,515,133
117000034,106,210,-104
117000035,127,123,4
117000036,129,204,-75
117000037,75,180,-105
117000038,157,266,-109
117000039,122,253,-131
117000040,135,1375,-1240
117000041,307,108,199
117000044,23,1170,-1147
117000045,179,24,155
117000046,335,825,-490
117000047,276,410,-134
117000048,1666,1257,409
117000049,132,293,-161
117000050,45,2505,-2460
117000051,856,150,706
117000052,11,684,-673
117000053,82,54,28
117000054,742,4,738
117000055,8,3280,-3272
117000056,324,12,312
117000057,495,1595,-1100
117000060,253,2171,-1918
117000061,571,456,115
117000062,114,444,-330
117000063,487,412,75
117000064,777,688,89
117000066,871,471,400
117000067,98,239,-141
117000074,157,90,67
117000076,82,44,38
117000077,127,44,83
117000078,56,451,-395
117000079,93,118,-25
117000080,2,350,-348
117000081,373,97,276
117000082,3,57,-54
117000083,48,3,45
117000084,179,1,178
117000085,85,314,-229
117000086,691,683,8
117000087,48,323,-275
117000088,190,122,68
117000089,784,223,561
117000090,108,1491,-1383
117000091,255,280,-25
117000092,203,1771,-1568
117000093,394,582,-188
117000094,362,2397,-2035
117000095,783,574,209
117000096,297,2608,-2311
117000097,401,807,-406
117000098,2234,5566,-3332
117000099,1004,573,431
117000100,63,102,-39
117000101,192,1319,-1127
117000102,442,344,98
117000103,563,1865,-1302
117000104,487,371,116
117000105,406,1971,-1565
117000106,300,448,-148
117000107,230,2558,-2328
117000108,410,494,-84
117000109,1398,3127,-1729
117000110,620,354,266
117000111,2028,3391,-1363
117000112,1312,1430,-118
117000113,52,374,-322
117000114,67,86,-19
117000115,18,203,-185
117000116,25,148,-123
117000117,1065,223,842
117000118,117,117,0
117000119,275,17,258
117000120,102,55,47
117000121,34,188,-154
117000122,385,528,-143
117000123,1038,15,1023
117000124,158,27,131
117000125,192,38,154
117000126,42,29,13
117000127,95,185,-90
117000128,322,291,31
117000129,351,252,99
117000130,45,0,45
117000131,0,251,-251
117000132,690,17,673
117000133,433,88,345
117000134,1,63,-62
117000135,1,20,-19
117000136,0,48,-48
117000137,26,33,-7
117000138,2,396,-394
117000140,235,1735,-1500
117000141,523,375,148
117000181,961,330,631
117000182,209,54,155
117000195,112,1264,-1152
117000196,60,27,33
117000225,125,4,121
117000226,1,103,-102
117000276,50,7,43
117000277,2,587,-585
117000310,1692,2156,-464
117000315,20,354,-334
117000320,51,0,51
117000906,44,6,38
117000907,5,458,-453
117000909,44,12,32
117000910,116,97,19
117000911,79,199,-120
117000915,2,579,-577
117000916,9,2,7
117000917,300,19,281
117000918,16,16,0
117000919,4,142,-138
117000920,6,1560,-1554
117000921,6,2282,-2276
117000922,25,58,-33
117000924,141,414,-273
117000926,1138,68,1070
117000927,600,187,413
117000928,2,271,-269
117000929,131,532,-401
117000930,31,18,13
117000931,291,26,265
117900002,89,269,-180
117900003,748,155,593
117900005,2,10,-8
117900006,0,25,-25
117900007,58,160,-102
117900008,0,37,-37
117900010,78,189,-111
117900011,21,19,2
117900012,13,186,-173
117900013,0,307,-307
117900014,157,264,-107
117900015,6,271,-265
117900016,958,230,728
117900017,132,477,-345
117900018,196,30,166
117900019,110,633,-523
117900020,40,107,-67
117900021,8,101,-93
117900022,5,28,-23
117900023,708,44,664
117900024,25,191,-166
117900025,39,19,20
117900026,135,415,-280
117900028,23,5,18
117900029,61,1056,-995
117900030,127,137,-10
117900031,57,53,4
117900032,284,141,143
117900033,48,923,-875
117900034,21,35,-14
117900035,48,20,28
117900036,78,738,-660
117900037,25,86,-61
117900038,14,369,-355
117900039,1,68,-67
117900040,72,572,-500
117900041,3,72,-69
117900042,3720,338,3382
117900043,5,56,-51
117900044,143,1121,-978
117900045,59,42,17
117900048,65,248,-183
117900049,33,688,-655
117900050,20,34,-14
117900051,28,2,26
117900052,23,164,-141
117900053,415,628,-213
117900054,1,12,-11
117900055,104,81,23
117900056,128,33,95
117900057,536,1104,-568
117900058,31,4,27
117900059,484,53,431
117900060,453,5111,-4658
117900061,6,103,-97
117900063,90,183,-93
117900065,507,883,-376
117900066,3,33,-30
117900067,142,288,-146
117900069,182,442,-260
117900070,173,6,167
117900071,46,100,-54
117900073,85,383,-298
117900074,88,3,85
117900075,8,82,-74
117900076,6,57,-51
117900077,138,72,66
117900078,111,227,-116
117900080,76,37,39
117900081,581,281,300
117900082,121,134,-13
117900083,101,674,-573
117900086,22,48,-26
117900087,18,34,-16
117900088,2234,1102,1132
117900089,614,190,424
117900090,109,821,-712
117900091,121,102,19
117900092,10,24,-14
117900093,34,71,-37
117900094,3,3,0
117900095,104,576,-472
117900096,25,191,-166
117900097,31,58,-27
117900098,4,1,3
117900099,40,401,-361
117900100,27,0,27
117900101,362,662,-300
117900102,18,23,-5
117900103,9,0,9
117900104,3,90,-87
117900105,96,154,-58
117900106,27,46,-19
117900107,13,0,13
117900109,163,256,-93
117900110,6,0,6
117900111,100,2,98
117900112,14,11,3
117900113,2864,1272,1592
117900114,2,0,2
117900115,72,12,60
117900116,666,584,82
117900117,201,262,-61
117900118,26,0,26
117900119,27,252,-225
117900120,56,96,-40
117900121,12,18,-6
117900122,664,672,-8
117900123,282,818,-536
117900124,331,408,-77
117900125,720,524,196
117900126,301,520,-219
117900127,157,550,-393
117900128,106,887,-781
117900129,10,1,9
117900130,454,241,213
117900131,2,109,-107
117900132,3,90,-87
117900133,3,157,-154
117900134,27,183,-156
117900135,16,264,-248
117900136,0,41,-41
117900137,9,330,-321
117900138,0,33,-33
117900139,13,152,-139
117900140,4247,92,4155
117900141,127,260,-133
117900142,22,5,17
117900144,49,64,-15
117900145,40,1,39
117900146,77,79,-2
117900147,21,51,-30
117900148,2115,746,1369
117900149,11,156,-145
117900150,8,114,-106
117900151,11,175,-164
117900152,51,103,-52
117900153,7,84,-77
117900154,107,494,-387
117900156,488,550,-62
117900157,44,237,-193
117900158,56,55,1
117900160,192,198,-6
117900161,2056,2011,45
117900162,87,264,-177
117900163,59,13,46
117900165,0,9,-9
117900166,102,90,12
117900168,47,112,-65
117900169,0,108,-108
117900170,0,33,-33
117900171,6,8,-2
117900172,3,71,-68
117900173,98,39,59
117900174,35,26,9
117900175,4,31,-27
117900176,0,47,-47
117900177,1,49,-48
117900178,62,37,25
117900180,212,21,191
117900181,86,81,5
117900182,0,20,-20
117900183,15,111,-96
117900184,0,23,-23
117900185,6,25,-19
117900186,9,15,-6
117900187,6,5,1
117900188,148,6,142
117900189,37,2,35
117900190,0,0,0
117900191,15,0,15
117900192,22,0,22
117900193,0,27,-27
117900194,4,4,0
117900195,0,8,-8
117900196,17,7,10
117900207,72,30,42
117900208,10,35,-25
117900209,103,97,6
117900210,133,157,-24
117900211,4,141,-137
117900212,33,135,-102
117900213,5,7,-2
117900214,11,38,-27
117900215,5,28,-23
117900216,23,19,4
117900217,48,20,28
117900218,207,130,77
117900219,1,13,-12
117900220,25,64,-39
117900222,107,264,-157
117900223,64,104,-40
118000001,471,243,228
118000002,961,1345,-384
118000003,954,665,289
118000004,2309,1698,611
118000005,4153,983,3170
118000006,7193,4704,2489
118000007,4478,1293,3185
118000008,4033,2049,1984
118000009,1573,2931,-1358
118000010,3899,3507,392
118000011,497,2866,-2369
118000012,626,2763,-2137
118000013,2991,2655,336
118000014,1683,3331,-1648
118000016,214,559,-345
118000017,106,332,-226
118000018,128,628,-500
118000019,1286,1073,213
118000020,932,786,146
118000021,634,1102,-468
118000022,1724,460,1264
118000023,1035,195,840
118000024,1174,407,767
118000027,13946,3169,10777
118000029,1028,370,658
118000032,1135,861,274
118000033,1850,1460,390
118000034,3515,1219,2296
118000035,1099,944,155
118000036,713,895,-182
118000037,367,690,-323
118000038,73,110,-37
118000039,49,268,-219
118000040,1008,2126,-1118
118000041,1237,1263,-26
118000045,454,72,382
118000046,1040,431,609
118000047,1210,262,948
118000048,2741,831,1910
118000051,1527,407,1120
118000052,832,250,582
118000053,185,199,-14
118000054,817,659,158
118000055,567,983,-416
118000056,115,180,-65
118000057,116,221,-105
118000058,2195,700,1495
118000059,1440,430,1010
118000060,283,740,-457
118000061,272,800,-528
118000062,341,191,150
118000063,268,354,-86
118000064,651,951,-300
118000065,4765,991,3774
118000066,556,648,-92
118000067,1167,742,425
118000068,1390,1974,-584
118000069,2614,1067,1547
118000070,7343,1142,6201
118000071,3232,3030,202
118000072,1526,713,813
118000073,2192,280,1912
118000074,161,367,-206
118000075,388,279,109
118000076,881,768,113
118000077,909,793,116
118000078,1230,1513,-283
118000079,249,352,-103
118000080,873,603,270
118000081,1005,908,97
118000082,226,456,-230
118000083,2141,783,1358
118000084,2378,1336,1042
118000086,109,774,-665
118000087,5914,1914,4000
118000088,1732,1491,241
118000089,3539,1766,1773
118000090,1775,1516,259
118000091,1294,1136,158
118000092,1241,322,919
118000093,104,446,-342
118000096,360,342,18
118000097,389,416,-27
118000098,169,153,16
118000099,137,928,-791
118000101,315,298,17
118000102,177,1579,-1402
118000107,3031,316,2715
118000108,304,408,-104
118000110,0,19,-19
118000111,0,574,-574
118000112,71,1,70
118000113,4,1018,-1014
118000114,50,2,48
118000115,7,4,3
118000116,14,0,14
118000117,946,655,291
118000118,485,675,-190
118000119,422,1148,-726
118000120,1150,1216,-66
118000121,40,353,-313
118000122,531,93,438
118000123,25,197,-172
118000125,1151,1058,93
118000126,334,1685,-1351
118000127,1019,457,562
118000128,508,977,-469
118000129,439,170,269
118000130,2718,3989,-1271
118000131,365,892,-527
118000132,1720,1271,449
118000133,346,442,-96
118000135,183,215,-32
118000136,67,550,-483
118000137,362,69,293
118000138,139,799,-660
118000139,97,109,-12
118000140,1346,1726,-380
118000141,1095,1790,-695
118000142,732,1899,-1167
118000143,580,686,-106
118000144,1235,877,358
118000145,714,2957,-2243
118000146,617,1747,-1130
118000147,474,1823,-1349
118000148,188,1113,-925
118000149,375,993,-618
118000150,111,174,-63
118000151,124,393,-269
118000153,382,937,-555
118000154,335,1243,-908
118000155,427,1096,-669
118000156,1688,1576,112
118000157,205,289,-84
118000158,66,456,-390
118000159,3,33,-30
118000160,116,372,-256
118000161,142,977,-835
118000162,786,569,217
118000163,188,540,-352
118000164,1675,1177,498
118000168,1621,138,1483
118000169,855,1911,-1056
118000170,3094,6472,-3378
118000171,172,534,-362
118000172,46,225,-179
118000173,446,912,-466
118000175,98,208,-110
118000176,88,268,-180
118000177,79,352,-273
118000178,26,29,-3
118000179,1474,311,1163
118000180,475,625,-150
118000181,387,274,113
118000182,145,241,-96
118000183,94,106,-12
118000184,209,1129,-920
118000185,553,449,104
118000186,353,601,-248
118000187,435,1070,-635
118000188,135,244,-109
118000189,135,845,-710
118000190,1,6,-5
118000191,9,11,-2
118000192,23,81,-58
118000193,30,192,-162
118000194,1420,793,627
118000195,722,290,432
118000196,238,59,179
118000197,123,52,71
118000198,560,197,363
118000199,310,137,173
118000200,68,151,-83
118000201,259,221,38
118000202,38,16,22
118000203,1137,163,974
118000204,138,95,43
118000205,348,186,162
118000206,72,143,-71
118000207,0,94,-94
118000208,935,1242,-307
118000209,904,1554,-650
118000210,11,20,-9
118000211,5,22,-17
118000213,522,461,61
118000214,469,166,303
118000215,126,205,-79
118000216,638,2627,-1989
118000217,14,98,-84
118000218,28,86,-58
118000219,311,303,8
118000220,0,7,-7
118000221,36,165,-129
118000222,73,32,41
118000223,9,21,-12
118000224,216,85,131
118000225,72,678,-606
118000226,228,69,159
118000227,961,301,660
118000228,125,94,31
118000229,80,14,66
118000230,27,256,-229
118000231,14,196,-182
118000232,338,1030,-692
118000233,332,696,-364
118000234,118,296,-178
118000236,125,421,-296
118000237,18,641,-623
118000238,61,328,-267
118000239,105,258,-153
118000240,414,53,361
118000241,61,249,-188
118000242,221,655,-434
118000243,58,151,-93
118000244,20,144,-124
118000246,0,8,-8
118000255,30,156,-126
118000256,32,170,-138
118000259,2,33,-31
118000260,44,65,-21
118000261,12,83,-71
118000263,25,218,-193
118000266,68,489,-421
118000267,0,104,-104
118000268,103,0,103
118000270,19,16,3
118000271,59,239,-180
118000272,17,26,-9
118000273,23,77,-54
118000274,93,395,-302
118000276,121,191,-70
118000295,1,60,-59
118000298,80,426,-346
118000299,25,167,-142
118000301,0,58,-58
118000302,36,75,-39
118000311,55,136,-81
118000312,68,258,-190
118000313,8,116,-108
118000314,17,75,-58
118000315,4,38,-34
118000316,255,418,-163
118000325,7,38,-31
118000326,5,53,-48
118000331,22,35,-13
118000332,5,21,-16
118000333,6,46,-40
118000335,49,0,49
118000336,2,410,-408
118000407,28,71,-43
118000457,4,43,-39
118000465,2853,1711,1142
118000480,10,160,-150
118000489,31,63,-32
118000490,34,380,-346
118000492,82,141,-59
118000510,48,22,26
118000514,99,230,-131
118000515,338,225,113
118000517,313,120,193
118000524,524,97,427
118000525,664,814,-150
118000530,4,71,-67
118000531,96,132,-36
118000532,85,280,-195
118000533,141,109,32
118000534,191,372,-181
118000535,55,76,-21
118000536,440,186,254
118000537,21,51,-30
118000538,17,104,-87
118000539,7,55,-48
118000540,152,254,-102
118000541,105,84,21
118000542,39,109,-70
118000543,61,136,-75
118000546,25,22,3
118000553,0,4,-4
118000560,3285,394,2891
118000562,4,301,-297
118000563,1642,1402,240
118000576,66,248,-182
118000577,158,105,53
118000578,123,139,-16
118000579,679,636,43
118000583,0,0,0
118000595,109,29,80
118000596,0,54,-54
118000597,57,138,-81
118000598,1,0,1
118000599,5,45,-40
118000600,1,9,-8
118000601,0,0,0
118000602,1,3,-2
118000603,0,44,-44
118000605,35,458,-423
118900001,1128,494,634
118900002,1134,321,813
118900003,45,4,41
118900004,7,88,-81
118900005,38,0,38
118900006,20,0,20
118900007,6,3,3
118900008,401,27,374
118900009,16,8,8
118900010,7,1,6
118900011,66,9,57
118900012,142,213,-71
118900013,606,16,590
118900015,69,35,34
118900016,9,27,-18
118900017,61,63,-2
118900018,1083,8,1075
118900019,25,9,16
118900020,58,89,-31
118900021,53,259,-206
118900022,55,105,-50
118900023,36,71,-35
118900024,12,173,-161
118900025,6,24,-18
118900026,26,112,-86
118900027,245,160,85
118900028,32,124,-92
118900029,58,386,-328
118900030,23,27,-4
118900031,41,126,-85
118900032,26,129,-103
118900033,167,647,-480
118900034,21,5,16
118900035,41,285,-244
118900036,368,481,-113
118900037,127,252,-125
118900038,98,393,-295
118900039,102,256,-154
118900040,106,107,-1
118900041,90,175,-85
118900042,53,56,-3
118900045,93,88,5
118900046,658,97,561
118900047,696,147,549
118900048,64,131,-67
118900049,55,20,35
118900050,3,154,-151
118900051,32,32,0
118900052,130,184,-54
118900053,17,49,-32
118900054,20,90,-70
118900055,14,104,-90
118900056,22,56,-34
118900057,95,180,-85
118900058,146,422,-276
118900059,10,63,-53
118900060,9,84,-75
118900062,45,170,-125
118900064,451,178,273
118900065,24,89,-65
118900066,29,89,-60
118900067,6797,2154,4643
118900068,0,84,-84
118900069,103,175,-72
118900071,2,37,-35
118900072,167,314,-147
118900073,52,54,-2
118900074,49,96,-47
118900075,9,50,-41
118900076,57,30,27
118900077,105,89,16
118900078,4,7,-3
118900079,26,103,-77
118900080,2,53,-51
118900081,26,14,12
118900082,213,86,127
118900083,4,13,-9
118900084,2,15,-13
118900085,259,692,-433
118900086,7,26,-19
118900087,20,70,-50
118900088,0,22,-22
118900089,13,5,8
118900090,234,392,-158
118900091,148,72,76
118900092,53,102,-49
118900093,32,4,28
118900096,35,17,18
118900097,100,913,-813
118900099,17,226,-209
118900100,99,159,-60
118900101,23,574,-551
118900102,8,52,-44
118900103,24,24,0
118900104,24,160,-136
118900105,97,68,29
118900107,162,98,64
118900108,35,105,-70
118900110,1454,188,1266
118900111,132,532,-400
118900112,12,71,-59
118900113,58,563,-505
118900114,3,74,-71
118900115,48,269,-221
118900116,21,142,-121
118900117,17,203,-186
118900118,59,466,-407
118900119,50,245,-195
118900120,63,264,-201
118900121,2,279,-277
118900122,2,243,-241
118900123,62,223,-161
118900124,37,155,-118
118900126,7,179,-172
118900129,65,123,-58
118900130,43,29,14
118900131,42,209,-167
118900132,79,123,-44
118900133,13,48,-35
118900135,73,154,-81
118900136,161,713,-552
118900137,1,16,-15
118900139,44,483,-439
118900140,237,969,-732
118900141,28,300,-272
118900144,82,703,-621
118900145,27,189,-162
118900146,151,632,-481
118900147,38,68,-30
118900148,20,43,-23
118900150,79,177,-98
118900152,200,829,-629
118900157,71,110,-39
118900158,14,96,-82
118900159,2,236,-234
118900161,37,4,33
118900163,183,36,147
118900164,6,95,-89
118900165,18,336,-318
118900166,22,0,22
118900167,30,185,-155
118900168,8,44,-36
118900169,42,487,-445
118900170,21,103,-82
118900171,3,18,-15
118900174,16,49,-33
118900175,62,212,-150
118900176,19,122,-103
118900177,6,38,-32
118900178,8,90,-82
118900179,1,43,-42
118900181,39,105,-66
118900182,56,31,25
118900183,3,33,-30
118900184,144,32,112
118900185,41,123,-82
118900186,23,84,-61
118900187,49,242,-193
118900188,77,223,-146
118900189,7,230,-223
118900190,6,554,-548
118900191,58,48,10
118900192,50,32,18
118900193,36,1,35
118900195,266,775,-509
118900196,11,116,-105
118900197,19,101,-82
118900198,4,45,-41
118900199,7,39,-32
118900200,6,4,2
118900201,16,6,10
118900202,8,60,-52
118900203,1,39,-38
118900204,1,48,-47
118900205,0,20,-20
118900206,0,28,-28
119000001,535,710,-175
119000002,2654,1879,775
119000003,945,1485,-540
119000004,1126,1016,110
119000005,921,1189,-268
119000006,938,1154,-216
119000007,1732,2096,-364
119000008,997,2224,-1227
119000009,3651,1763,1888
119000010,9716,3051,6665
119000011,6507,1382,5125
119000012,6871,2175,4696
119000013,2036,916,1120
119000014,1805,2835,-1030
119000019,128,148,-20
119000020,668,1125,-457
119000021,1661,1669,-8
119000022,3108,1083,2025
119000023,331,145,186
119000024,2358,3621,-1263
119000025,13116,1057,12059
119000026,479,178,301
119000027,880,265,615
119000028,1372,1011,361
119000029,104,185,-81
119000030,309,1013,-704
119000031,356,565,-209
119000032,1979,1735,244
119000033,1177,1468,-291
119000034,663,888,-225
119000035,12,375,-363
119000036,526,1112,-586
119000037,497,2319,-1822
119000038,59,1127,-1068
119000039,71,307,-236
119000040,979,395,584
119000041,726,690,36
119000048,3317,3925,-608
119000049,814,3686,-2872
119000050,1172,2038,-866
119000051,1222,821,401
119000052,1989,2521,-532
119000053,1391,1007,384
119000054,1694,3593,-1899
119000055,1349,3239,-1890
119000056,1105,1788,-683
119000057,976,2426,-1450
119000058,1060,2191,-1131
119000059,717,1407,-690
119000060,708,612,96
119000061,586,758,-172
119000062,646,1220,-574
119000063,141,174,-33
119000064,778,1341,-563
119000065,1339,2813,-1474
119000066,837,800,37
119000067,1287,2444,-1157
119000068,772,908,-136
119000069,657,2338,-1681
119000070,876,1105,-229
119000071,346,886,-540
119000072,4783,3226,1557
119000073,3462,4247,-785
119000074,418,3725,-3307
119000075,386,2319,-1933
119000076,302,747,-445
119000077,364,388,-24
119000078,160,262,-102
119000079,25,612,-587
119000080,68,285,-217
119000081,119,389,-270
119000082,199,262,-63
119000083,156,281,-125
119000084,154,546,-392
119000085,513,307,206
119000086,123,393,-270
119000087,1217,804,413
119000088,201,273,-72
119000089,24,121,-97
119000090,173,102,71
119000091,97,197,-100
119000092,590,133,457
119000093,3130,3509,-379
119000094,1205,3853,-2648
119000095,728,2719,-1991
119000097,3199,1528,1671
119000098,438,1019,-581
119000099,1469,1580,-111
119000100,1400,1724,-324
119000101,1878,2006,-128
119000102,551,413,138
119000103,1109,456,653
119000104,2927,1421,1506
119000105,341,614,-273
119000106,140,2161,-2021
119000107,224,431,-207
119000108,107,1478,-1371
119000109,43,279,-236
119000110,344,360,-16
119000111,29,436,-407
119000112,158,115,43
119000113,2048,230,1818
119000114,587,363,224
119000115,112,78,34
119000116,74,55,19
119000117,103,271,-168
119000118,1,3,-2
119000123,1682,468,1214
119000124,152,206,-54
119000125,893,1087,-194
119000126,225,1078,-853
119000127,99,982,-883
119000128,30,3,27
119000131,297,1168,-871
119000132,4,10,-6
119000133,1,6,-5
119000134,2861,489,2372
119000135,26,182,-156
119000136,39,329,-290
119000137,36,602,-566
119000138,97,459,-362
119000139,49,376,-327
119000140,91,180,-89
119000284,1290,2056,-766
119000285,2560,1907,653
119000286,5554,3967,1587
119000287,1283,2077,-794
119000288,1033,1872,-839
119000289,1957,3988,-2031
119000290,152,490,-338
119000291,1,301,-300
119000293,34,149,-115
119000294,20,26,-6
119000295,1773,634,1139
119000296,90,163,-73
119000302,4617,1208,3409
119000303,6,51,-45
119000310,0,0,0
119000314,1387,4167,-2780
119000315,1,811,-810
119000316,39,92,-53
119000317,16,585,-569
119900001,66,392,-326
119900002,27,268,-241
119900003,29,1258,-1229
119900004,311,178,133
119900005,33,161,-128
119900006,57,249,-192
119900007,317,29,288
119900008,3,36,-33
119900009,292,487,-195
119900010,729,956,-227
119900011,30,14,16
119900012,3,39,-36
119900013,1044,428,616
119900014,497,180,317
119900015,37,9,28
119900016,12,96,-84
119900017,14,27,-13
119900018,942,106,836
119900019,11,0,11
119900020,62,201,-139
119900021,35,36,-1
119900022,68,159,-91
119900023,706,242,464
119900025,39,32,7
119900026,968,35,933
119900027,6,11,-5
119900028,67,26,41
119900029,0,6,-6
119900030,383,403,-20
119900031,12,92,-80
119900033,2115,82,2033
119900034,61,140,-79
119900037,21,27,-6
119900038,23,91,-68
119900039,21,4,17
119900040,22,3,19
119900041,68,59,9
119900042,25,131,-106
119900043,26,185,-159
119900044,102,227,-125
119900046,17,82,-65
119900047,44,36,8
119900048,9,34,-25
119900049,35,28,7
119900050,20,34,-14
119900051,81,10,71
119900052,12,79,-67
119900053,41,180,-139
119900054,11,1,10
119900055,362,187,175
119900057,30,62,-32
119900058,34,2,32
119900059,64,26,38
119900060,85,4,81
119900062,6,26,-20
119900063,6,36,-30
119900065,49,3,46
119900066,0,1,-1
119900067,21,23,-2
119900068,91,1,90
119900069,21,19,2
119900070,157,15,142
119900071,110,3,107
119900073,1564,334,1230
119900074,8,13,-5
119900075,5440,1349,4091
119900076,95,503,-408
119900077,168,1580,-1412
119900078,97,755,-658
119900079,43,445,-402
119900080,339,1067,-728
119900081,75,84,-9
119900082,217,162,55
119900083,277,71,206
119900084,333,102,231
119900085,208,49,159
119900087,162,141,21
119900088,60,53,7
119900089,22,574,-552
119900090,203,55,148
119900091,14,1201,-1187
119900092,30,432,-402
119900093,597,65,532
119900094,6,201,-195
119900095,116,68,48
119900096,26,78,-52
119900097,233,134,99
119900098,13,23,-10
119900099,14,341,-327
119900100,2577,1026,1551
119900101,149,553,-404
119900102,15,396,-381
119900103,27,594,-567
119900104,19,261,-242
119900105,299,1275,-976
119900106,7,253,-246
119900107,233,3682,-3449
119900108,1452,715,737
119900109,6,231,-225
119900110,224,683,-459
119900111,21,362,-341
119900112,2979,310,2669
119900113,50,572,-522
119900114,83,1902,-1819
119900115,54,1292,-1238
119900116,183,189,-6
119900117,71,1077,-1006
119900118,19,1268,-1249
119900119,38,281,-243
119900120,626,754,-128
119900121,115,1523,-1408
119900122,147,419,-272
119900123,139,185,-46
119900124,25,1121,-1096
119900125,18,490,-472
119900126,5872,219,5653
119900127,2435,820,1615
119900128,113,875,-762
119900129,31,901,-870
119900130,17,256,-239
119900131,11,469,-458
119900132,1,373,-372
119900133,7,12,-5
119900134,2034,263,1771
119900135,5,529,-524
119900136,170,701,-531
119900138,351,731,-380
119900139,3,62,-59
119900140,1,142,-141
119900141,81,212,-131
119900142,5,14,-9
119900143,12,213,-201
119900144,2621,210,2411
119900145,41,290,-249
119900146,121,89,32
119900147,5,89,-84
119900148,24,42,-18
119900149,1700,1346,354
119900150,125,174,-49
119900151,1462,792,670
119900152,45,519,-474
119900153,47,48,-1
119900154,2,405,-403
119900155,7,16,-9
119900156,2,2,0
119900157,25,324,-299
119900158,34,74,-40
119900159,6,1723,-1717
119900160,9,340,-331
119900161,103,373,-270
119900162,435,384,51
119900163,119,86,33
119900164,0,1,-1
119900165,14,340,-326
119900166,31,17,14
119900167,25,154,-129
119900168,232,384,-152
119900169,121,113,8
119900170,85,112,-27
119900171,294,541,-247
119900172,89,14,75
119900173,2,618,-616
119900174,0,357,-357
119900175,312,556,-244
119900177,8,238,-230
119900178,17,211,-194
119900179,10,133,-123
119900180,397,486,-89
119900181,13,10,3
119900182,1,537,-536
119900183,78,966,-888
119900184,2680,388,2292
119900185,3,60,-57
119900186,20,181,-161
119900187,2,609,-607
119900188,13,292,-279
119900189,216,124,92
119900190,46,90,-44
119900191,112,79,33
119900192,8,203,-195
119900193,90,181,-91
119900194,5,48,-43
119900195,9,207,-198
119900196,2094,395,1699
119900197,42,106,-64
119900198,19,538,-519
119900199,111,5,106
119900200,118,552,-434
119900201,406,156,250
119900202,208,54,154
119900203,72,181,-109
119900204,81,330,-249
119900205,130,640,-510
119900206,29,130,-101
119900208,76,85,-9
119900209,159,305,-146
119900210,6,32,-26
119900211,85,7,78
119900212,48,344,-296
119900213,1,32,-31
119900214,6,82,-76
119900215,6,110,-104
119900216,2,96,-94
119900217,11,74,-63
119900218,6,79,-73
119900219,1,114,-113
119900220,3,159,-156
119900221,15,541,-526
119900222,5,344,-339
119900223,20,154,-134
119900224,1,28,-27
119900225,1482,32,1450
119900226,1207,767,440
119900227,1632,349,1283
119900228,28,264,-236
119900229,191,380,-189
119900230,1217,542,675
119900231,36,156,-120
119900232,98,28,70
119900233,6,0,6
119900234,4,19,-15
119900235,6,14,-8
119900236,5,242,-237
119900237,26,522,-496
119900238,0,91,-91
119900240,25,162,-137
119900241,70,310,-240
119900242,1761,618,1143
119900244,610,989,-379
119900245,54,83,-29
119900246,134,135,-1
119900247,5,33,-28
119900248,17,24,-7
119900249,83,38,45
119900253,3926,232,3694
119900254,19,120,-101
119900255,42,491,-449
119900256,136,1662,-1526
119900257,6,0,6
119900258,25,3,22
119900259,3,265,-262
119900260,9,3,6
119900261,56,199,-143
119900262,0,305,-305
119900263,744,389,355
119900264,22,322,-300
119900265,70,330,-260
119900266,83,322,-239
119900267,72,425,-353
119900268,36,295,-259
119900269,125,1326,-1201
119900271,10,81,-71
119900272,50,27,23
119900275,42,7,35
119900276,1,0,1
119900277,2,0,2
119900278,180,28,152
119900279,72,138,-66
119900280,888,153,735
119900281,2,33,-31
119900282,14,8,6
119900283,3,375,-372
119900284,24,192,-168
119900285,4,20,-16
119900286,0,7,-7
119900288,7,29,-22
119900289,0,26,-26
119900290,1,21,-20
119900291,0,26,-26
119900292,7,6,1
119900293,4,2,2
119900294,15,0,15
119900295,0,0,0
119900296,0,0,0
119900299,16,316,-300
119900300,101,308,-207
119900301,77,11,66
119900302,74,46,28
119900303,113,306,-193
119900304,38,16,22
119900305,29,100,-71
119900306,9,0,9
119900307,18,169,-151
119900308,8,11,-3
119900309,6,22,-16
119900310,199,266,-67
119900311,9,152,-143
119900312,42,98,-56
119900313,79,424,-345
119900314,56,186,-130
119900315,259,2832,-2573
119900318,2,4,-2
119900319,3,406,-403
119900320,160,762,-602
119900321,18,1,17
119900322,45,66,-21
119900323,8,104,-96
119900324,3,53,-50
119900325,30,396,-366
119900326,192,41,151
120000001,6925,5251,1674
120000002,1852,3077,-1225
120000003,3067,1968,1099
120000004,2572,2354,218
120000005,5132,1989,3143
120000006,1245,1304,-59
120000007,2805,1870,935
120000008,978,1406,-428
120000009,5348,839,4509
120000010,1106,3661,-2555
120000011,668,2190,-1522
120000012,1181,3091,-1910
120000013,1448,2803,-1355
120000014,283,1667,-1384
120000015,1571,1567,4
120000016,2094,1827,267
120000017,1045,1206,-161
120000018,5041,4582,459
120000019,635,708,-73
120000020,1962,1625,337
120000021,1906,1296,610
120000022,2459,2405,54
120000023,545,1457,-912
120000024,922,2062,-1140
120000025,1187,2163,-976
120000026,595,1851,-1256
120000027,817,1296,-479
120000028,360,234,126
120000029,1950,320,1630
120000030,56,565,-509
120000031,1544,3835,-2291
120000032,10321,2925,7396
120000033,1554,1556,-2
120000034,675,2310,-1635
120000035,853,2235,-1382
120000036,1578,3105,-1527
120000037,346,562,-216
120000038,11308,2605,8703
120000039,312,868,-556
120000040,25,85,-60
120000041,205,2010,-1805
120000042,1331,4981,-3650
120000043,3645,2763,882
120000044,2089,1086,1003
120000045,1972,793,1179
120000046,915,1481,-566
120000047,1828,2397,-569
120000048,8435,2634,5801
120000049,1689,2608,-919
120000050,1761,4173,-2412
120000051,3512,3391,121
120000052,15256,2540,12716
120000053,705,4517,-3812
120000054,1207,7027,-5820
120000055,662,4268,-3606
120000056,2841,4794,-1953
120000057,1604,889,715
120000058,148,217,-69
120000059,76,990,-914
120000061,51,627,-576
120000062,206,190,16
120000063,1961,3360,-1399
120000064,229,1774,-1545
120000065,229,1983,-1754
120000066,72,506,-434
120000067,21,403,-382
120000068,86,1134,-1048
120000069,373,1786,-1413
120000070,19,1149,-1130
120000071,78,185,-107
120000072,130,370,-240
120000073,110,61,49
120000074,38,57,-19
120000075,129,196,-67
120000076,427,186,241
120000077,572,303,269
120000078,4618,362,4256
120000079,94,458,-364
120000080,25,166,-141
120000081,146,170,-24
120000082,111,156,-45
120000083,101,209,-108
120000084,336,608,-272
120000085,331,518,-187
120000086,140,845,-705
120000087,120,1352,-1232
120000088,377,1094,-717
120000089,557,364,193
120000090,267,387,-120
120000091,349,690,-341
120000092,533,437,96
120000093,127,423,-296
120000094,50,241,-191
120000095,443,835,-392
120000096,172,1345,-1173
120000098,460,1140,-680
120000099,164,738,-574
120000100,327,964,-637
120000101,230,462,-232
120000102,192,299,-107
120000103,457,228,229
120000104,605,188,417
120000105,708,233,475
120000106,705,252,453
120000107,961,323,638
120000108,264,90,174
120000109,390,39,351
120000110,58,899,-841
120000111,47,1467,-1420
120000112,366,4279,-3913
120000113,383,3256,-2873
120000114,262,2217,-1955
120000115,153,2120,-1967
120000116,371,1995,-1624
120000117,1063,1760,-697
120000118,17,13,4
120000119,20,25,-5
120000120,42,16,26
120000121,33,17,16
120000122,114,212,-98
120000123,6722,1530,5192
120000124,212,468,-256
120000125,179,692,-513
120000126,173,461,-288
120000127,855,346,509
120000128,1835,1304,531
120000129,148,194,-46
120000130,450,497,-47
120000131,173,352,-179
120000134,233,1455,-1222
120000135,45,278,-233
120000137,59,2378,-2319
120000138,160,533,-373
120000139,71,1281,-1210
120000140,128,709,-581
120000141,56,587,-531
120000142,92,606,-514
120000143,2,127,-125
120000144,8,2,6
120000145,70,4,66
120000146,1600,435,1165
120000149,340,926,-586
120000150,5950,5684,266
120000151,314,317,-3
120000152,110,252,-142
120000153,69,613,-544
120000154,268,312,-44
120000155,107,130,-23
120000156,1515,332,1183
120000157,680,556,124
120000158,473,899,-426
120000159,1711,2270,-559
120000160,1517,976,541
120000161,618,2530,-1912
120000162,29,155,-126
120000163,163,1520,-1357
120000164,142,507,-365
120000165,113,981,-868
120000166,256,569,-313
120000167,9,17,-8
120000168,6,50,-44
120000169,98,119,-21
120000170,135,51,84
120000171,20,10,10
120000172,26,16,10
120000173,1639,79,1560
120000174,412,5,407
120000175,372,3,369
120000176,109,70,39
120000177,929,362,567
120000178,57,3,54
120000179,242,5,237
120000180,350,17,333
120000181,78,35,43
120000182,33,28,5
120000183,2,99,-97
120000184,79,1346,-1267
120000186,33,31,2
120000187,47,15,32
120000188,131,18,113
120000190,664,4,660
120000191,1144,11,1133
120000192,1869,9,1860
120000193,756,3,753
120000195,57,2,55
120000196,234,24,210
120000197,56,86,-30
120000198,47,224,-177
120000199,30,0,30
120000200,27,1,26
120000201,9,7,2
120000202,3,54,-51
120000203,11,489,-478
120000207,6,127,-121
120000208,5,433,-428
120000209,4,210,-206
120000210,181,81,100
120000211,13,1,12
120000212,30,1,29
120000213,34,460,-426
120000214,0,476,-476
120000215,1,130,-129
120000216,29,2,27
120000217,833,1514,-681
120000218,286,1578,-1292
120000219,15,1024,-1009
120000220,9,3510,-3501
120000225,413,0,413
120000226,131,1,130
120000227,554,12,542
120000228,8534,1205,7329
120000230,47,5,42
120000231,239,2593,-2354
120000233,88,62,26
120000235,88,732,-644
120000236,320,0,320
120000237,5,2338,-2333
120000238,1,47,-46
120000241,860,1990,-1130
120000412,1851,18,1833
120000413,77,514,-437
120000414,16,1,15
120000415,2,257,-255
120000416,9,14,-5
120000417,0,98,-98
120000418,27,10,17
120000419,11,523,-512
120000420,62,42,20
120000421,16574,5897,10677
120000422,296,274,22
120000423,2,37,-35
120000424,21,286,-265
120000436,82,210,-128
120000437,140,176,-36
120000438,5261,313,4948
120000439,87,212,-125
120000443,73,1,72
120000444,260,542,-282
120000445,1072,945,127
120000446,888,262,626
120000447,82,12,70
120000449,36,9,27
120000450,6,454,-448
120000451,40,195,-155
120000452,97,1,96
120000453,0,339,-339
120000454,42,22,20
120000455,15,69,-54
120000456,3231,1729,1502
120000457,1198,1037,161
120000458,302,653,-351
120000459,91,63,28
120000665,1028,128,900
120000668,55,104,-49
120000669,33,506,-473
120000670,220,294,-74
120000671,240,164,76
120000672,56,423,-367
120900001,37,18,19
120900002,87,194,-107
120900003,151,31,120
120900004,0,26,-26
120900005,39,2407,-2368
120900006,56,99,-43
120900007,41,199,-158
120900008,70,1204,-1134
120900009,173,57,116
120900010,115,24,91
120900011,249,64,185
120900012,984,336,648
120900013,90,9,81
120900014,7,831,-824
120900015,91,65,26
120900016,161,40,121
120900017,3516,114,3402
120900018,32,469,-437
120900019,247,44,203
120900020,386,264,122
120900021,142,15,127
120900022,20,438,-418
120900023,42,31,11
120900024,1019,406,613
120900025,2077,641,1436
120900026,16,126,-110
120900027,368,85,283
120900028,74,27,47
120900029,40,129,-89
120900030,369,288,81
120900031,37,14,23
120900032,211,159,52
120900033,221,15,206
120900034,28,1183,-1155
120900035,27,64,-37
120900037,24,4,20
120900038,20,67,-47
120900039,16,15,1
120900040,69,1,68
120900041,76,20,56
120900042,74,70,4
120900043,7,8,-1
120900044,1,407,-406
120900045,78,142,-64
120900046,72,9,63
120900047,55,11,44
120900048,33,6,27
120900049,75,1,74
120900050,4327,546,3781
120900051,76,123,-47
120900052,98,4,94
120900053,67,83,-16
120900054,981,787,194
120900055,63,8,55
120900056,97,2,95
120900057,54,18,36
120900058,69,0,69
120900059,13,0,13
120900060,9,24,-15
120900061,160,325,-165
120900062,55,1,54
120900063,139,0,139
120900064,66,0,66
120900065,67,1,66
120900066,58,254,-196
120900067,95,20,75
120900068,44,0,44
120900069,56,115,-59
120900071,7,0,7
120900072,135,0,135
120900073,101,301,-200
120900074,86,2,84
120900076,64,0,64
120900077,3664,153,3511
120900078,153,753,-600
120900079,108,91,17
120900080,112,2735,-2623
120900081,189,798,-609
120900082,515,205,310
120900083,11,3,8
120900084,73,116,-43
120900085,88,40,48
120900086,119,88,31
120900087,157,35,122
120900088,125,148,-23
120900089,5145,686,4459
120900090,14,206,-192
120900091,263,149,114
120900092,444,814,-370
120900093,5008,295,4713
120900094,403,207,196
120900095,84,9,75
120900096,21,84,-63
120900097,472,1645,-1173
120900098,233,236,-3
120900099,21,93,-72
120900100,24,516,-492
120900101,170,406,-236
120900102,7,91,-84
120900103,16,137,-121
120900104,35,40,-5
120900105,18,1087,-1069
120900106,1150,614,536
120900107,457,229,228
120900108,5,1268,-1263
120900109,18,848,-830
120900110,2,458,-456
120900111,118,384,-266
120900112,3,1574,-1571
120900113,4,1156,-1152
120900114,13,389,-376
120900115,124,75,49
120900116,48,679,-631
120900117,3,678,-675
120900118,2,1129,-1127
120900119,3898,2355,1543
120900120,31,881,-850
120900121,53,412,-359
120900122,51,697,-646
120900123,1,594,-593
120900124,3,788,-785
120900125,5,1144,-1139
120900126,702,644,58
120900127,5,670,-665
120900128,785,877,-92
120900129,19,580,-561
120900130,2,355,-353
120900131,9,60,-51
120900132,132,373,-241
120900133,150,1398,-1248
120900134,273,515,-242
120900135,1,738,-737
120900136,9,20,-11
120900137,42,119,-77
120900138,2,329,-327
120900139,0,947,-947
120900140,2,33,-31
120900141,20,83,-63
120900142,13,988,-975
120900143,2,1259,-1257
120900144,0,255,-255
120900145,26,1061,-1035
120900146,5,1223,-1218
120900147,1,269,-268
120900148,59,82,-23
120900149,3,396,-393
120900150,33,580,-547
120900151,2,809,-807
120900152,0,61,-61
120900153,4,59,-55
120900154,0,316,-316
120900155,79,1261,-1182
120900156,12,566,-554
120900157,4,206,-202
120900158,3,583,-580
120900159,28,501,-473
120900160,15,363,-348
120900161,3,1220,-1217
120900162,10,1223,-1213
120900163,7,76,-69
120900164,5,1,4
120900165,0,1,-1
120900166,29,71,-42
120900167,60,59,1
120900169,20,612,-592
120900170,2546,848,1698
120900171,1190,327,863
120900172,1196,84,1112
120900173,0,60,-60
120900174,7,105,-98
120900175,333,227,106
120900176,3,124,-121
120900177,1,242,-241
120900178,0,115,-115
120900179,438,371,67
120900180,64,44,20
120900181,6,53,-47
120900182,15,310,-295
120900183,339,52,287
120900184,93,81,12
120900185,0,394,-394
120900186,1,504,-503
120900187,146,316,-170
120900188,31,11,20
120900189,83,207,-124
120900190,3,11,-8
120900191,1,15,-14
120900192,16351,1421,14930
120900194,19,67,-48
120900195,87,350,-263
120900196,279,45,234
120900197,162,14,148
120900198,137,708,-571
120900199,154,93,61
120900200,90,46,44
120900201,649,168,481
120900202,4,272,-268
120900203,14,46,-32
120900204,274,482,-208
120900205,48,104,-56
120900206,6,1,5
120900207,37,1324,-1287
121000001,853,1043,-190
121000002,1359,885,474
121000003,3861,1675,2186
121000004,2065,1974,91
121000005,1926,2245,-319
121000006,2164,980,1184
121000007,2807,2516,291
121000008,3645,2385,1260
121000009,9486,3915,5571
121000010,10177,2722,7455
121000011,13470,7028,6442
121000012,18541,4951,13590
121000013,5128,4655,473
121000014,6620,4872,1748
121000015,3610,4511,-901
121000016,4071,2792,1279
121000017,1166,3445,-2279
121000018,1553,1502,51
121000019,15074,6677,8397
121000020,8912,4949,3963
121000021,2226,3016,-790
121000022,1189,1130,59
121000023,4101,3395,706
121000024,1969,2424,-455
121000025,682,602,80
121000026,180,124,56
121000027,1384,741,643
121000028,591,443,148
121000029,662,646,16
121000030,280,308,-28
121000031,344,544,-200
121000032,143,74,69
121000034,175,125,50
121000035,39,56,-17
121000036,564,704,-140
121000037,395,495,-100
121000038,591,349,242
121000039,278,489,-211
121000041,227,583,-356
121000042,111,232,-121
121000043,982,591,391
121000044,2026,509,1517
121000045,189,299,-110
121000046,179,574,-395
121000047,15,145,-130
121000049,1894,859,1035
121000050,208,822,-614
121000051,351,447,-96
121000052,137,476,-339
121000053,258,57,201
121000054,24,127,-103
121000055,1677,766,911
121000056,706,936,-230
121000057,94,277,-183
121000058,361,83,278
121000059,1632,753,879
121000060,444,456,-12
121000061,53,74,-21
121000062,110,150,-40
121000063,510,433,77
121000064,273,516,-243
121000065,360,377,-17
121000066,463,410,53
121000067,834,203,631
121000068,337,359,-22
121000069,974,119,855
121000070,1239,1422,-183
121000071,622,587,35
121000072,970,869,101
121000073,523,519,4
121000074,95,86,9
121000075,97,28,69
121000076,1504,256,1248
121000077,94,42,52
121000078,97,63,34
121000080,2615,637,1978
121000081,2187,1122,1065
121000082,145,239,-94
121000083,276,86,190
121000084,164,81,83
121000085,510,531,-21
121000086,158,714,-556
121000087,92,231,-139
121000088,235,572,-337
121000089,402,175,227
121000090,320,247,73
121000091,1896,435,1461
121000092,84,79,5
121000093,119,175,-56
121000094,346,339,7
121000095,203,453,-250
121000096,2273,1621,652
121000097,1565,1152,413
121000098,213,1195,-982
121000099,203,791,-588
121000100,161,688,-527
121000101,80,271,-191
121000102,40,537,-497
121000103,43,266,-223
121000104,58,205,-147
121000105,178,370,-192
121000106,82,299,-217
121000107,1807,3582,-1775
121000109,1355,863,492
121000110,236,331,-95
121000114,1937,1712,225
121000115,746,653,93
121000116,503,590,-87
121000117,1098,197,901
121000118,883,328,555
121000119,93,364,-271
121000120,146,433,-287
121000121,357,798,-441
121000123,1689,684,1005
121000127,72,95,-23
121000128,234,549,-315
121000129,175,378,-203
121000130,219,1055,-836
121000131,1637,668,969
121000132,775,789,-14
121000135,434,151,283
121000136,984,364,620
121000137,364,136,228
121000138,591,384,207
121000139,416,57,359
121000141,105,82,23
121000142,1033,416,617
121000143,102,12,90
121000144,739,734,5
121000145,238,1128,-890
121000146,616,655,-39
121000147,443,394,49
121000148,495,862,-367
121000149,1208,948,260
121000152,283,578,-295
121000153,1495,508,987
121000154,504,445,59
121000155,709,671,38
121000156,329,583,-254
121000157,1421,1753,-332
121000158,352,548,-196
121000159,158,646,-488
121000160,258,741,-483
121000161,61,326,-265
121000162,26,314,-288
121000165,1736,1124,612
121000166,41,256,-215
121000168,100,203,-103
121000169,22,156,-134
121000170,69,59,10
121000171,21,134,-113
121000172,285,308,-23
121000173,997,467,530
121000174,123,296,-173
121000175,338,406,-68
121000176,267,196,71
121000177,478,517,-39
121000178,60,60,0
121000179,80,70,10
121000181,300,283,17
121000182,57,128,-71
121000183,16,46,-30
121000184,31,24,7
121000185,8,114,-106
121000186,75,216,-141
121000187,85,328,-243
121000188,50,255,-205
121000192,363,327,36
121000193,393,327,66
121000194,2188,1793,395
121000195,404,870,-466
121000196,608,202,406
121000197,112,632,-520
121000198,99,59,40
121000199,55,570,-515
121000200,136,51,85
121000201,5,189,-184
121000202,133,57,76
121000203,347,2321,-1974
121000204,703,457,246
121000205,67,276,-209
121000206,62,30,32
121000207,541,417,124
121000208,2,438,-436
121000209,104,516,-412
121000210,131,527,-396
121000211,46,128,-82
121000212,174,759,-585
121000213,7781,1902,5879
121000214,621,900,-279
121000215,1205,607,598
121000216,366,332,34
121000217,3048,1610,1438
121000218,350,1614,-1264
121000219,820,297,523
121000220,298,50,248
121000221,97,215,-118
121000222,1982,1954,28
121000223,503,241,262
121000224,319,63,256
121000225,875,612,263
121000226,1104,377,727
121000227,26,199,-173
121000228,12,832,-820
121000229,49,513,-464
121000230,70,1920,-1850
121000231,156,5,151
121000232,337,134,203
121000233,287,322,-35
121000234,6,22,-16
121000235,20,8,12
121000236,1,34,-33
121000237,3,2,1
121000238,1,82,-81
121000239,4,3,1
121000240,4,142,-138
121000241,20,2,18
121000242,5,118,-113
121000243,74,12,62
121000244,1,63,-62
121000245,1,18,-17
121000246,0,55,-55
121000247,3,1,2
121000248,156,272,-116
121000249,29,203,-174
121000250,104,63,41
121000251,8,566,-558
121000252,11,21,-10
121000253,123,576,-453
121000254,226,216,10
121000255,157,93,64
121000256,138,133,5
121000257,9,41,-32
121000258,25,27,-2
121000259,5,15,-10
121000260,19,80,-61
121000261,8,48,-40
121000262,1214,448,766
121000263,184,422,-238
121000271,155,1500,-1345
121000273,35,9,26
121000274,2,27,-25
121000275,0,24,-24
121000276,1,9,-8
121000278,22,59,-37
121000279,30,9,21
121000280,11,40,-29
121000289,32,14,18
121000290,774,667,107
121000294,37,221,-184
121000297,711,513,198
121000299,108,140,-32
121000300,656,348,308
121000302,50,335,-285
121000303,301,274,27
121000304,261,32,229
121000305,97,39,58
121000306,15,106,-91
121000308,115,255,-140
121000309,307,542,-235
121000310,22,452,-430
121000311,64,641,-577
121000312,255,135,120
121000313,528,515,13
121000314,127,62,65
121000315,40,57,-17
121000530,573,1165,-592
121000531,679,1306,-627
121000532,4376,2951,1425
121000533,1875,1799,76
121000918,3,228,-225
121000919,5,63,-58
121000938,177,94,83
121000939,247,64,183
121000956,289,1105,-816
121000957,3,2,1
121000958,36,30,6
121000959,169,1168,-999
121000960,576,2200,-1624
121000961,117,18,99
121000962,197,530,-333
121000973,0,207,-207
121000976,10,127,-117
121000979,113,26,87
121000981,185,34,151
121000982,124,217,-93
121000983,112,433,-321
121000984,10,26,-16
121000985,139,644,-505
121000986,32,459,-427
121000987,113,1390,-1277
121000988,270,105,165
121001302,282,78,204
121001308,4,3,1
121001309,80,23,57
121001313,78,455,-377
121001314,4091,3334,757
121001315,3196,1200,1996
121900001,66,144,-78
121900002,11,10,1
121900003,180,8,172
121900004,65,353,-288
121900005,40,45,-5
121900006,33,23,10
121900007,1394,1442,-48
121900008,2115,87,2028
121900009,241,8,233
121900010,271,5,266
121900011,135,347,-212
121900012,1,0,1
121900013,484,3,481
121900014,830,279,551
121900015,48,118,-70
121900016,3,18,-15
121900017,156,412,-256
121900018,221,3,218
121900019,105,195,-90
121900020,43,0,43
121900021,474,9,465
121900022,155,102,53
121900023,22,298,-276
121900024,270,24,246
121900025,271,151,120
121900026,93,31,62
121900027,84,53,31
121900028,68,4,64
121900029,65,140,-75
121900030,397,312,85
121900031,685,1744,-1059
121900032,52,35,17
121900033,82,77,5
121900034,153,56,97
121900035,1910,1072,838
121900036,38,217,-179
121900037,61,477,-416
121900038,16,91,-75
121900039,176,17,159
121900040,14,49,-35
121900041,41,85,-44
121900042,178,108,70
121900043,0,3,-3
121900044,311,10,301
121900046,115,62,53
121900047,95,27,68
121900048,8,119,-111
121900050,10,17,-7
121900051,40,98,-58
121900052,46,35,11
121900053,110,140,-30
121900054,438,543,-105
121900055,0,1,-1
121900058,49,199,-150
121900059,137,70,67
121900060,29,220,-191
121900061,102,89,13
121900062,38,28,10
121900063,255,142,113
121900064,76,671,-595
121900066,15,7,8
121900067,0,2,-2
121900069,197,118,79
121900070,89,76,13
121900071,40,208,-168
121900072,31,83,-52
121900073,134,116,18
121900074,335,287,48
121900075,205,159,46
121900076,134,530,-396
121900077,1,16,-15
121900078,12,21,-9
121900079,0,0,0
121900080,302,417,-115
121900082,24,66,-42
121900084,3,239,-236
121900085,0,13,-13
121900086,4,32,-28
121900087,166,61,105
121900088,2290,1329,961
121900089,34,352,-318
121900090,0,77,-77
121900091,7,69,-62
121900092,44,48,-4
121900093,31,59,-28
121900094,7,5,2
121900095,97,66,31
121900096,1093,267,826
121900097,91,91,0
121900098,0,3,-3
121900099,39,37,2
121900100,38,97,-59
121900101,49,77,-28
121900102,9,78,-69
121900103,369,98,271
121900104,506,139,367
121900105,32,55,-23
121900106,1,2,-1
121900107,5,27,-22
121900108,0,0,0
121900109,201,61,140
121900110,82,1054,-972
121900111,556,68,488
121900112,98,48,50
121900113,14,86,-72
121900114,1,0,1
121900117,40,10,30
121900118,1865,196,1669
121900119,42,76,-34
121900120,15,1011,-996
121900121,391,43,348
121900122,6,13,-7
121900123,186,238,-52
121900124,58,230,-172
121900125,646,768,-122
121900127,2,39,-37
121900128,25,93,-68
121900129,1144,48,1096
121900130,42,175,-133
121900131,65,90,-25
121900132,6,119,-113
121900133,31,34,-3
121900134,3,85,-82
121900135,1814,193,1621
121900136,52,368,-316
121900137,21,154,-133
121900138,14,156,-142
121900139,311,261,50
121900140,9,135,-126
121900141,8,3,5
121900142,16,60,-44
121900143,2,90,-88
121900144,223,315,-92
121900145,93,70,23
121900146,390,565,-175
121900147,46,200,-154
121900148,62,224,-162
121900149,116,553,-437
121900150,57,199,-142
121900151,38,190,-152
121900152,46,120,-74
121900153,40,340,-300
121900154,7,82,-75
121900155,2,53,-51
121900156,95,87,8
121900157,2,375,-373
121900158,28,66,-38
121900159,1,152,-151
121900160,13,138,-125
121900161,360,170,190
121900162,86,68,18
121900163,19,680,-661
121900164,141,158,-17
121900165,22,153,-131
121900166,42,134,-92
121900167,64,57,7
121900168,158,72,86
121900169,1,264,-263
121900170,8,145,-137
121900171,322,297,25
121900172,127,215,-88
121900173,523,135,388
121900174,14,32,-18
121900175,24,116,-92
121900176,343,1386,-1043
121900177,87,27,60
121900178,7,81,-74
121900179,144,62,82
121900180,5243,1825,3418
121900182,195,231,-36
121900183,264,217,47
121900184,19,501,-482
121900186,15,271,-256
121900187,11,81,-70
121900188,381,178,203
121900189,15,108,-93
121900190,135,257,-122
121900191,21,69,-48
121900192,422,353,69
121900193,20,193,-173
121900194,1,113,-112
121900195,61,61,0
121900196,343,558,-215
121900197,244,1798,-1554
121900198,743,775,-32
121900199,2,20,-18
121900200,54,107,-53
121900201,732,409,323
121900202,99,267,-168
121900203,225,481,-256
121900204,861,462,399
121900205,4,91,-87
121900206,0,6,-6
121900207,129,11,118
121900208,98,176,-78
121900209,41,20,21
121900210,578,651,-73
121900211,98,239,-141
121900212,68,69,-1
121900213,13,109,-96
121900214,6,281,-275
121900215,20,53,-33
121900216,10,41,-31
121900217,138,49,89
121900218,195,280,-85
121900220,105,4,101
121900221,124,401,-277
121900222,33,173,-140
121900223,46,47,-1
121900224,16,37,-21
121900225,50,31,19
121900226,122,1406,-1284
121900227,57,215,-158
121900228,134,162,-28
121900230,53,42,11
121900231,452,144,308
121900232,190,225,-35
121900233,223,199,24
121900234,81,282,-201
121900235,96,264,-168
121900236,105,93,12
121900237,100,180,-80
121900238,70,116,-46
121900239,46,32,14
121900240,119,93,26
121900241,4,44,-40
121900242,0,0,0
121900243,0,0,0
121900244,0,0,0
121900245,80,97,-17
121900246,809,418,391
121900247,177,244,-67
121900248,777,375,402
121900250,166,150,16
121900251,146,8,138
121900252,679,123,556
121900253,186,899,-713
121900254,455,230,225
121900255,103,47,56
121900258,1469,907,562
121900259,325,351,-26
121900260,10,126,-116
121900261,94,272,-178
121900262,289,387,-98
121900263,44,205,-161
121900264,2101,888,1213
121900265,93,285,-192
121900266,79,221,-142
121900267,14,9,5
121900269,78,165,-87
121900270,34,113,-79
121900271,3,111,-108
121900273,354,768,-414
121900274,63,163,-100
121900277,126,1214,-1088
121900278,27,691,-664
121900279,116,266,-150
121900280,50,195,-145
121900281,540,54,486
121900284,25,6,19
121900286,30,169,-139
121900287,3,5,-2
121900288,0,2,-2
121900290,112,138,-26
121900291,276,356,-80
121900292,125,81,44
121900293,663,2471,-1808
121900294,152,1,151
121900295,17,213,-196
121900296,8,12,-4
121900298,137,210,-73
121900299,0,0,0
121900300,17,0,17
121900301,45,0,45
121900302,1,14,-13
121900303,113,335,-222
121900304,0,1,-1
121900305,0,1,-1
121900306,11,0,11
121900307,9,10,-1
121900308,9,361,-352
121900309,5,255,-250
121900310,22,568,-546
121900311,70,4,66
121900312,36,2,34
121900313,131,7,124
121900314,6,36,-30
121900315,0,0,0
121900316,0,13,-13
121900317,0,0,0
121900318,0,14,-14
121900319,3,14,-11
121900320,36,76,-40
121900321,0,3,-3
121900322,0,21,-21
121900323,12,8,4
121900324,0,48,-48
121900325,0,1,-1
121900326,0,21,-21
121900327,1,37,-36
121900328,0,23,-23
121900329,2,176,-174
121900330,1,29,-28
121900331,42,5,37
121900332,31,11,20
121900333,6,1,5
121900334,46,36,10
122000001,1839,1991,-152
122000002,3976,1060,2916
122000003,1662,1004,658
122000004,2182,781,1401
122000005,1954,529,1425
122000006,1875,286,1589
122000007,1019,602,417
122000008,4981,2367,2614
122000009,575,154,421
122000010,1775,1809,-34
122000011,2928,642,2286
122000012,891,719,172
122000013,1524,831,693
122000014,1056,1191,-135
122000015,979,724,255
122000016,319,605,-286
122000017,773,916,-143
122000018,878,890,-12
122000019,504,1255,-751
122000020,125,146,-21
122000021,599,272,327
122000022,912,1286,-374
122000023,376,2264,-1888
122000024,911,635,276
122000025,1046,660,386
122000026,1811,555,1256
122000027,447,3484,-3037
122000028,537,245,292
122000029,280,182,98
122000030,302,73,229
122000031,99,109,-10
122000032,830,1885,-1055
122000033,650,478,172
122000034,487,357,130
122000035,275,487,-212
122000036,328,479,-151
122000037,220,208,12
122000038,172,319,-147
122000039,458,397,61
122000040,363,223,140
122000041,240,314,-74
122000042,119,287,-168
122000043,99,78,21
122000044,86,124,-38
122000045,881,430,451
122000046,430,717,-287
122000047,184,166,18
122000048,2219,2336,-117
122000049,3559,1632,1927
122000050,1062,432,630
122000051,224,139,85
122000052,339,132,207
122000053,86,274,-188
122000054,1479,1383,96
122000055,1667,1408,259
122000056,3184,2167,1017
122000057,2720,1469,1251
122000058,3460,891,2569
122000059,2800,1105,1695
122000060,892,412,480
122000061,664,174,490
122000062,979,202,777
122000063,540,306,234
122000064,2753,2237,516
122000065,4873,2371,2502
122000066,953,862,91
122000067,944,977,-33
122000068,580,1017,-437
122000069,497,705,-208
122000070,345,2089,-1744
122000071,572,1190,-618
122000072,188,239,-51
122000073,262,259,3
122000074,1005,1030,-25
122000075,259,849,-590
122000076,996,784,212
122000077,869,429,440
122000078,2579,1282,1297
122000079,948,422,526
122000080,445,229,216
122000081,85,144,-59
122000082,1182,529,653
122000083,696,2834,-2138
122000084,532,547,-15
122000085,150,1781,-1631
122000086,1712,2408,-696
122000087,272,107,165
122000088,300,128,172
122000089,4901,2921,1980
122000090,180,314,-134
122000091,242,52,190
122000092,74,10,64
122000093,1425,895,530
122000094,5857,1161,4696
122000095,2429,877,1552
122000096,1930,817,1113
122000098,2089,1109,980
122000099,1596,555,1041
122000100,1276,536,740
122000101,134,1044,-910
122000102,1255,960,295
122000103,807,1109,-302
122000104,130,122,8
122000105,158,207,-49
122000106,552,327,225
122000107,529,396,133
122000108,320,804,-484
122000109,200,231,-31
122000110,213,421,-208
122000111,2314,1131,1183
122000112,442,1221,-779
122000113,288,598,-310
122000114,1964,1150,814
122000115,1475,762,713
122000116,391,620,-229
122000117,774,316,458
122000118,273,521,-248
122000119,2799,1354,1445
122000120,5790,2195,3595
122000121,7069,1993,5076
122000122,901,1289,-388
122000123,4323,1061,3262
122000124,1623,470,1153
122000125,352,515,-163
122000126,973,545,428
122000127,2690,692,1998
122000128,946,1045,-99
122000129,231,271,-40
122000130,2719,312,2407
122000131,3556,368,3188
122000132,1392,418,974
122000133,944,1899,-955
122000134,328,386,-58
122000135,625,1117,-492
122000136,185,123,62
122000137,683,463,220
122000139,1025,2564,-1539
122000140,967,346,621
122000141,5031,753,4278
122000142,350,422,-72
122000143,943,195,748
122000144,3333,700,2633
122000145,1349,705,644
122000146,778,646,132
122000147,966,376,590
122000148,1818,1083,735
122000149,2175,1068,1107
122000150,1393,783,610
122000151,425,309,116
122000152,583,268,315
122000153,629,219,410
122000154,390,172,218
122000155,1894,1762,132
122000156,1862,1433,429
122000157,1560,952,608
122000158,245,435,-190
122000159,2168,1437,731
122000160,9347,560,8787
122000161,1934,617,1317
122000162,2007,1562,445
122000163,283,30,253
122000164,15,56,-41
122000165,776,567,209
122000166,697,710,-13
122000167,131,175,-44
122000168,167,342,-175
122000169,309,116,193
122000170,142,235,-93
122000171,23,62,-39
122000172,1136,1280,-144
122000173,1130,1579,-449
122000174,1178,612,566
122000175,970,316,654
122000176,172,430,-258
122000177,1478,1135,343
122000178,2361,1434,927
122000179,1700,1830,-130
122000180,1453,676,777
122000181,2194,1466,728
122000182,2866,557,2309
122000183,1561,668,893
122000184,3666,1050,2616
122000185,1313,934,379
122000186,467,589,-122
122000187,999,1737,-738
122000188,588,168,420
122000189,235,185,50
122000190,775,1082,-307
122000191,876,341,535
122000192,657,256,401
122000193,239,496,-257
122000194,395,137,258
122000195,114,296,-182
122000196,631,467,164
122000197,393,559,-166
122000198,434,803,-369
122000199,357,279,78
122000200,926,341,585
122000201,1171,1480,-309
122000202,700,909,-209
122000203,2634,1057,1577
122000204,1461,1458,3
122000205,1252,715,537
122000206,1938,808,1130
122000207,1128,1345,-217
122000208,1167,1558,-391
122000209,1575,251,1324
122000210,882,1819,-937
122000211,708,1129,-421
122000212,349,466,-117
122000213,647,1047,-400
122000214,1173,1723,-550
122000215,1214,1145,69
122000217,1384,1187,197
122000218,380,43,337
122000219,1263,1119,144
122000220,196,739,-543
122000221,80,295,-215
122000222,465,60,405
122000223,627,461,166
122000225,448,488,-40
122000226,816,1579,-763
122000227,160,1377,-1217
122000228,321,378,-57
122000229,9,286,-277
122000230,62,976,-914
122000231,122,609,-487
122000232,365,845,-480
122000233,1,132,-131
122000234,49,207,-158
122000235,203,217,-14
122000236,315,232,83
122000237,35,58,-23
122000238,46,106,-60
122000239,214,87,127
122000240,592,220,372
122000241,431,323,108
122000242,224,148,76
122000243,124,56,68
122000244,28,598,-570
122000245,62,454,-392
122000246,101,106,-5
122000247,554,1343,-789
122000248,1449,2811,-1362
122000249,212,392,-180
122000250,1252,296,956
122000251,172,277,-105
122000252,468,72,396
122000253,34,317,-283
122000254,88,69,19
122000255,443,2208,-1765
122000256,339,1523,-1184
122000257,65,388,-323
122000258,39,149,-110
122000259,13,629,-616
122000260,5,103,-98
122000261,2,128,-126
122000262,0,52,-52
122000263,46,125,-79
122000264,273,411,-138
122000265,1255,590,665
122000266,2882,448,2434
122000267,43,136,-93
122000268,47,471,-424
122000269,344,222,122
122000270,324,81,243
122000271,229,921,-692
122000272,253,1087,-834
122000273,189,448,-259
122000274,46,166,-120
122000275,18,175,-157
122000276,130,455,-325
122000277,392,956,-564
122000278,442,928,-486
122000279,77,807,-730
122000280,452,933,-481
122000281,399,792,-393
122000282,65,237,-172
122000283,213,39,174
122000284,66,110,-44
122000285,189,132,57
122000286,85,207,-122
122000287,417,1016,-599
122000288,166,208,-42
122000291,356,301,55
122000293,273,484,-211
122000294,49,103,-54
122000295,835,133,702
122000296,72,426,-354
122000297,2930,1428,1502
122000299,180,419,-239
122000300,222,362,-140
122000301,13024,1704,11320
122000302,922,459,463
122000303,3406,962,2444
122000304,9,126,-117
122000305,604,217,387
122000306,28,781,-753
122000307,65,100,-35
122000309,22,40,-18
122000310,5,15,-10
122000311,13,33,-20
122000312,33,33,0
122000313,3,16,-13
122000314,67,137,-70
122000315,68,16,52
122000316,142,146,-4
122000317,451,196,255
122000318,99,247,-148
122000319,175,411,-236
122000320,250,1999,-1749
122000321,21,259,-238
122000322,2345,1447,898
122000323,1432,954,478
122000324,1078,921,157
122000325,728,701,27
122000326,3,111,-108
122000327,121,364,-243
122000328,2187,1140,1047
122000330,1739,477,1262
122000332,128,283,-155
122000333,10,136,-126
122000337,388,3013,-2625
122000338,115,570,-455
122000340,271,163,108
122000342,2272,1145,1127
122000343,316,1803,-1487
122000344,10,15,-5
122000345,7,40,-33
122000346,248,600,-352
122000348,273,643,-370
122000349,116,714,-598
122000351,69,177,-108
122000352,325,51,274
122000353,53,114,-61
122000355,121,104,17
122000356,1207,692,515
122000357,11,13,-2
122000358,0,129,-129
122000359,0,50,-50
122000360,0,58,-58
122000362,11,117,-106
122000364,79,468,-389
122000365,1,23,-22
122000366,2,4,-2
122000368,362,772,-410
122000370,6,103,-97
122000371,2,0,2
122000372,5,0,5
122000381,20,376,-356
122000382,36,307,-271
122000384,3769,1645,2124
122000385,5,0,5
122000386,301,530,-229
122000387,267,489,-222
122000388,1311,279,1032
122000389,150,665,-515
122000390,299,289,10
122000391,207,48,159
122000392,168,302,-134
122000393,3,194,-191
122000394,196,251,-55
122000395,75,211,-136
122000396,127,150,-23
122000397,28,143,-115
122000398,11,36,-25
122000399,26,109,-83
122000400,153,295,-142
122000401,55,151,-96
122000402,46,62,-16
122000403,218,1160,-942
122000404,63,190,-127
122000408,500,766,-266
122000503,6,51,-45
122000524,162,75,87
122000544,7,842,-835
122000616,663,2,661
122000640,29,240,-211
122000641,18,515,-497
122000642,713,1191,-478
122000643,7,63,-56
122000644,147,30,117
122000645,52,98,-46
122000651,1266,507,759
122000664,110,29,81
122000665,780,479,301
122000666,406,1056,-650
122000673,13,332,-319
122000674,58,44,14
122000675,818,1148,-330
122000686,166,1153,-987
122000687,325,381,-56
122000688,114,826,-712
122000689,219,556,-337
122000690,283,683,-400
122000691,205,2465,-2260
122000692,538,414,124
122000693,353,1708,-1355
122000695,76,574,-498
122000696,101,324,-223
122000698,66,1120,-1054
122000699,78,62,16
122000701,528,283,245
122000702,356,2116,-1760
122000703,87,15,72
122000712,0,0,0
122000717,222,63,159
122000718,393,169,224
122000719,25,31,-6
122000720,54,211,-157
122000724,147,16,131
122900001,4,0,4
122900002,881,1090,-209
122900003,91,24,67
122900004,448,9,439
122900005,44,52,-8
122900006,506,292,214
122900007,85,5,80
122900008,415,71,344
122900009,625,168,457
122900010,125,104,21
122900012,380,282,98
122900014,102,267,-165
122900015,1688,184,1504
122900016,22,316,-294
122900017,481,689,-208
122900018,119,8,111
122900019,7,128,-121
122900020,220,295,-75
122900021,26,371,-345
122900022,205,977,-772
122900023,149,283,-134
122900024,65,55,10
122900025,4,138,-134
122900026,148,330,-182
122900027,37,561,-524
122900028,80,149,-69
122900029,3474,979,2495
122900030,1112,326,786
122900031,62,113,-51
122900032,133,184,-51
122900033,190,158,32
122900034,2986,2465,521
122900035,5,10,-5
122900036,9,67,-58
122900037,239,179,60
122900038,148,1179,-1031
122900039,56,322,-266
122900040,127,337,-210
122900041,183,147,36
122900042,67,230,-163
122900043,118,155,-37
122900044,74,258,-184
122900045,67,82,-15
122900046,52,53,-1
122900047,97,82,15
122900048,42,82,-40
122900049,1414,75,1339
122900051,48,57,-9
122900052,17,59,-42
122900053,7,3,4
122900055,97,58,39
122900057,113,15,98
122900061,344,80,264
122900062,226,304,-78
122900063,61,535,-474
122900064,603,631,-28
122900065,139,111,28
122900066,229,216,13
122900067,1789,771,1018
122900068,205,430,-225
122900069,111,652,-541
122900070,44,37,7
122900071,56,483,-427
122900072,30,496,-466
122900073,61,236,-175
122900074,166,751,-585
122900075,0,68,-68
122900076,9,142,-133
122900077,3,201,-198
122900078,34,170,-136
122900080,64,7,57
122900081,90,130,-40
122900082,360,159,201
122900083,188,75,113
122900084,4,147,-143
122900086,0,20,-20
122900087,110,593,-483
122900088,28,57,-29
122900089,7,78,-71
122900090,14,515,-501
122900091,24,0,24
122900092,3,259,-256
122900093,0,373,-373
122900094,4,291,-287
122900095,66,3,63
122900096,30,344,-314
122900097,10,4,6
122900098,87,123,-36
122900099,1,8,-7
122900100,120,80,40
122900101,818,120,698
122900102,5,19,-14
122900103,24,4,20
122900104,29,3,26
122900105,2,2,0
122900106,0,81,-81
122900107,1,281,-280
122900108,4,166,-162
123000001,1385,270,1115
123000002,4560,1549,3011
123000003,3231,1777,1454
123000004,3340,3793,-453
123000005,1766,1674,92
123000006,2788,2598,190
123000007,1726,1606,120
123000008,1801,3352,-1551
123000009,3321,2423,898
123000010,3387,3278,109
123000011,2171,928,1243
123000012,870,2164,-1294
123000013,2753,872,1881
123000014,1330,3286,-1956
123000015,3135,452,2683
123000016,5755,1835,3920
123000017,2519,1277,1242
123000018,38,100,-62
123000019,71,297,-226
123000020,39,165,-126
123000021,27,100,-73
123000022,258,521,-263
123000023,945,1084,-139
123000024,743,421,322
123000025,42,53,-11
123000026,15,123,-108
123000027,107,271,-164
123000028,269,209,60
123000029,548,350,198
123000030,67,743,-676
123000031,70,355,-285
123000032,127,286,-159
123000033,114,49,65
123000034,397,386,11
123000035,135,175,-40
123000036,124,332,-208
123000037,123,369,-246
123000038,43,158,-115
123000039,670,701,-31
123000040,925,332,593
123000041,633,359,274
123000042,561,519,42
123000043,2868,3024,-156
123000044,5328,1557,3771
123000045,9719,1067,8652
123000046,725,481,244
123000047,2881,716,2165
123000048,34,201,-167
123000049,5579,2559,3020
123000050,458,739,-281
123000051,76,91,-15
123000052,378,1244,-866
123000053,2234,1782,452
123000054,905,782,123
123000055,504,743,-239
123000056,701,1685,-984
123000057,14807,3740,11067
123000058,310,554,-244
123000059,246,347,-101
123000060,529,423,106
123000061,96,486,-390
123000063,667,403,264
123000064,842,172,670
123000065,6944,3033,3911
123000066,1077,728,349
123000067,260,498,-238
123000068,2618,3246,-628
123000069,9358,3923,5435
123000070,297,655,-358
123000071,410,1094,-684
123000072,669,1694,-1025
123000073,478,858,-380
123000074,832,2282,-1450
123000075,287,580,-293
123000076,457,1536,-1079
123000077,1916,3469,-1553
123000078,656,1665,-1009
123000079,599,1842,-1243
123000080,1293,2481,-1188
123000081,145,630,-485
123000082,375,1146,-771
123000083,566,83,483
123000084,242,811,-569
123000085,37,123,-86
123000086,83,512,-429
123000087,96,559,-463
123000088,664,1345,-681
123000089,306,1204,-898
123000090,956,1219,-263
123000091,1372,1094,278
123000092,1147,1093,54
123000094,326,235,91
123000095,175,503,-328
123000096,245,493,-248
123000097,123,1334,-1211
123000098,334,506,-172
123000099,366,868,-502
123000100,322,451,-129
123000101,433,302,131
123000102,414,452,-38
123000104,264,243,21
123000105,545,436,109
123000106,556,209,347
123000107,419,435,-16
123000108,1053,1026,27
123000111,306,150,156
123000112,412,481,-69
123000113,590,1777,-1187
123000114,296,297,-1
123000115,117,263,-146
123000116,21,201,-180
123000117,1330,2376,-1046
123000118,349,981,-632
123000119,129,1024,-895
123000120,249,977,-728
123000121,274,506,-232
123000122,265,230,35
123000123,407,427,-20
123000124,661,415,246
123000125,976,496,480
123000126,2123,1338,785
123000127,2071,768,1303
123000128,289,441,-152
123000129,242,147,95
123000130,198,50,148
123000131,330,332,-2
123000132,296,532,-236
123000133,576,341,235
123000134,664,194,470
123000135,835,958,-123
123000136,115,1405,-1290
123000137,69,482,-413
123000138,55,478,-423
123000139,309,88,221
123000140,173,752,-579
123000141,875,59,816
123000142,663,956,-293
123000143,882,2516,-1634
123000144,14,5,9
123000145,155,99,56
123000146,26,70,-44
123000147,42,84,-42
123000149,290,262,28
123000150,168,228,-60
123000151,217,381,-164
123000152,34,291,-257
123000153,171,399,-228
123000154,1673,1201,472
123000155,2078,637,1441
123000156,14,69,-55
123000157,540,848,-308
123000158,747,334,413
123000159,2358,1292,1066
123000160,317,303,14
123000161,805,486,319
123000162,235,841,-606
123000163,123,22,101
123000164,354,149,205
123000165,214,2025,-1811
123000166,19,187,-168
123000167,78,258,-180
123000168,154,388,-234
123000169,218,80,138
123000170,11,380,-369
123000171,107,58,49
123000172,251,761,-510
123000173,225,86,139
123000174,463,143,320
123000175,1074,1513,-439
123000176,353,58,295
123000177,271,1087,-816
123000178,232,45,187
123000179,17,830,-813
123000180,741,261,480
123000181,287,1454,-1167
123000182,81,444,-363
123000183,101,103,-2
123000184,50,917,-867
123000185,116,320,-204
123000186,1,622,-621
123000187,215,5,210
123000188,63,1,62
123000189,74,271,-197
123000190,16,66,-50
123000192,8,376,-368
123000193,26,509,-483
123000194,440,239,201
123000195,185,3,182
123000196,78,3,75
123000197,39,72,-33
123000198,7,201,-194
123000199,2,526,-524
123000200,141,1,140
123000201,270,8,262
123000202,43,1310,-1267
123000203,284,23,261
123000204,47,1325,-1278
123000205,224,2184,-1960
123000206,645,69,576
123000207,46,1010,-964
123000208,106,52,54
123000209,676,148,528
123000210,331,1507,-1176
123000211,556,2881,-2325
123000212,975,215,760
123000213,198,43,155
123000215,86,52,34
123000216,167,282,-115
123000217,103,19,84
123000218,99,212,-113
123000219,679,19,660
123000220,360,29,331
123000221,99,126,-27
123000222,193,542,-349
123000223,55,626,-571
123000224,384,698,-314
123000225,96,68,28
123000226,75,391,-316
123000227,45,388,-343
123000228,137,42,95
123000229,1062,1751,-689
123000232,61,659,-598
123000233,271,62,209
123000234,70,608,-538
123000235,114,243,-129
123000236,83,1017,-934
123000237,139,35,104
123000238,44,661,-617
123000239,412,2207,-1795
123000240,15,174,-159
123000241,857,91,766
123000242,52,195,-143
123000243,254,836,-582
123000244,533,380,153
123000245,49,125,-76
123000249,377,537,-160
123000252,395,91,304
123000253,311,208,103
123000254,403,1076,-673
123000255,478,596,-118
123000256,26,271,-245
123000257,3038,2265,773
123000258,680,1179,-499
123000259,126,353,-227
123000260,180,564,-384
123000261,42,200,-158
123000262,51,265,-214
123000263,163,97,66
123000264,106,37,69
123000265,29,132,-103
123000266,346,634,-288
123000267,135,203,-68
123000268,9,63,-54
123000269,20,28,-8
123000270,17,29,-12
123000271,23,78,-55
123000272,659,213,446
123000273,128,400,-272
123000274,632,234,398
123000275,157,1062,-905
123000278,2898,2178,720
123000279,13,71,-58
123000280,164,339,-175
123000281,168,47,121
123000282,56,207,-151
123000283,55,33,22
123000284,44,111,-67
123000286,296,155,141
123000287,592,218,374
123000288,474,289,185
123000289,330,346,-16
123000291,295,702,-407
123000294,160,207,-47
123000295,581,695,-114
123000296,133,373,-240
123000297,164,1008,-844
123000298,157,914,-757
123000299,21,224,-203
123000300,451,461,-10
123000301,53,124,-71
123000302,54,148,-94
123000303,20,108,-88
123000305,738,771,-33
123000306,19,257,-238
123000309,38,84,-46
123000310,72,24,48
123000311,0,163,-163
123000312,679,1003,-324
123000313,133,219,-86
123000315,65,267,-202
123000316,1403,129,1274
123000317,147,32,115
123000318,46,379,-333
123000329,5,7,-2
123000337,75,262,-187
123000338,268,51,217
123000339,52,408,-356
123000340,128,379,-251
123000342,4,136,-132
123000343,26,0,26
123000344,716,405,311
123000345,254,648,-394
123000346,152,74,78
123000352,2204,627,1577
123000353,19,150,-131
123000354,63,1,62
123000355,0,308,-308
123000356,53,3,50
123000357,1,296,-295
123000359,2,244,-242
123000360,32,4,28
123000361,462,216,246
123000362,100,92,8
123000363,47,234,-187
123000364,324,233,91
123000365,22,144,-122
123000366,199,847,-648
123000367,173,1134,-961
123000370,17,326,-309
123000371,45,4,41
123000372,78,5,73
123000373,6,344,-338
123000374,3,133,-130
123000375,122,9,113
123000376,428,442,-14
123000377,106,1,105
123000378,7,428,-421
123000379,0,194,-194
123000380,36,169,-133
123000381,81,18,63
123000382,636,13,623
123000383,127,527,-400
123000384,258,54,204
123000385,338,452,-114
123000436,32,479,-447
123000507,126,261,-135
123000508,100,285,-185
123000517,277,18,259
123000518,40,171,-131
123000519,121,69,52
123000520,39,187,-148
123000521,161,112,49
123000522,177,531,-354
123000541,0,0,0
123000542,0,31,-31
123000565,132,18,114
123000566,34,924,-890
123000567,81,275,-194
123000573,28,1031,-1003
123000574,370,57,313
123000575,919,1105,-186
123000576,457,1690,-1233
123000577,78,382,-304
123000578,517,84,433
123000579,4662,1664,2998
123000580,64,16,48
123000582,110,28,82
123000583,11,488,-477
123000584,104,188,-84
123000585,1,112,-111
123000586,8,0,8
123000596,91,118,-27
123000597,36,66,-30
123000602,7,0,7
123000603,146,740,-594
123000604,263,1121,-858
123000605,530,80,450
123000606,1,209,-208
123000609,8,318,-310
123000610,44,107,-63
123000613,48,116,-68
123000614,154,51,103
123000615,62,254,-192
123000616,204,41,163
123000617,36,474,-438
123000618,44,534,-490
123000619,439,12,427
123000620,15,425,-410
123000622,195,17,178
123000624,130,66,64
123000630,335,319,16
123000631,144,2027,-1883
123000632,917,1193,-276
123000633,1,112,-111
123000634,52,14,38
123000635,233,132,101
123000636,11,654,-643
123000637,183,28,155
123000638,262,81,181
123000639,710,1682,-972
123000640,38,1120,-1082
123000648,63,41,22
123000649,19,631,-612
123900001,1264,54,1210
123900002,4,702,-698
123900003,207,579,-372
123900005,99,60,39
123900006,99,15,84
124000001,970,103,867
124000002,109,1488,-1379
124000003,198,130,68
124000004,30,686,-656
124000005,430,130,300
124000006,184,1594,-1410
124000007,407,77,330
124000008,8,344,-336
124000009,144,262,-118
124000010,79,500,-421
124000011,279,201,78
124000012,171,954,-783
124000017,28,145,-117
124000018,59,142,-83
124000019,53,88,-35
124000020,37,261,-224
124000021,44,74,-30
124000022,63,235,-172
124000023,834,955,-121
124000024,848,550,298
124000025,784,983,-199
124000026,937,900,37
124000027,4777,2374,2403
124000028,3087,2639,448
124000030,3277,939,2338
124000031,390,570,-180
124000032,3738,855,2883
124000033,293,216,77
124000034,1890,855,1035
124000035,102,79,23
124000036,122,607,-485
124000037,406,277,129
124000038,34,88,-54
124000039,1138,154,984
124000040,615,351,264
124000041,145,66,79
124000042,39,242,-203
124000043,98,70,28
124000044,49,293,-244
124000045,306,504,-198
124000046,151,708,-557
124000047,436,793,-357
124000048,268,1797,-1529
124000049,558,627,-69
124000050,281,2361,-2080
124000051,245,451,-206
124000052,239,1524,-1285
124000053,262,687,-425
124000054,452,702,-250
124000055,691,835,-144
124000056,3634,1226,2408
124000057,441,318,123
124000058,283,1360,-1077
124000059,251,396,-145
124000060,802,824,-22
124000061,947,1751,-804
124000062,8421,1595,6826
124000063,1115,1451,-336
124000064,2373,1798,575
124000065,85,147,-62
124000066,250,87,163
124000067,48,220,-172
124000068,12,90,-78
124000069,192,183,9
124000070,93,669,-576
124000071,26,47,-21
124000072,118,537,-419
124000073,315,74,241
124000074,110,1045,-935
124000075,95,14,81
124000076,9,284,-275
124000077,1925,614,1311
124000078,2807,268,2539
124000079,752,644,108
124000080,119,108,11
124000081,92,850,-758
124000082,6,122,-116
124000083,21,184,-163
124000084,75,170,-95
124000085,33,66,-33
124000086,22,60,-38
124000087,53,36,17
124000088,170,228,-58
124000089,281,262,19
124000090,79,523,-444
124000091,217,132,85
124000092,61,795,-734
124000093,70,46,24
124000094,93,315,-222
124000095,39,40,-1
124000096,53,282,-229
124000097,29,67,-38
124000098,37,136,-99
124000099,123,76,47
124000100,19,91,-72
124000101,28,112,-84
124000102,47,85,-38
124000103,35,75,-40
124000104,43,97,-54
124000105,20,44,-24
124000106,95,76,19
124000107,6,66,-60
124000108,42,30,12
124000109,115,36,79
124000110,77,98,-21
124000111,131,142,-11
124000112,350,642,-292
124000113,27,31,-4
124000114,116,506,-390
124000115,257,755,-498
124000116,51,65,-14
124000117,73,62,11
124000118,23,26,-3
124000119,714,533,181
124000120,344,520,-176
124000121,1616,459,1157
124000122,511,766,-255
124000123,413,259,154
124000124,419,811,-392
124000125,355,301,54
124000126,387,448,-61
124000127,538,258,280
124000128,563,985,-422
124000129,1408,990,418
124000130,664,464,200
124000131,804,459,345
124000132,746,670,76
124000133,431,683,-252
124000134,533,742,-209
124000135,1162,1069,93
124000136,840,1000,-160
124000137,988,415,573
124000138,1507,841,666
124000139,209,22,187
124000140,15,343,-328
124000141,157,15,142
124000142,14,309,-295
124000143,19,14,5
124000144,4,129,-125
124000145,20,14,6
124000146,1,131,-130
124000148,11,9,2
124000149,404,204,200
124000150,250,496,-246
124000151,326,168,158
124000152,543,965,-422
124000153,372,299,73
124000154,402,771,-369
124000155,742,529,213
124000156,1048,901,147
124000169,143,202,-59
124000170,729,343,386
124000171,177,180,-3
124000172,277,627,-350
124000173,137,299,-162
124000174,139,828,-689
124000175,4,141,-137
124000176,19,5,14
124000177,24,61,-37
124000178,19,11,8
124000190,217,24,193
124000191,354,64,290
124000192,1268,212,1056
124000193,386,1152,-766
124000194,344,541,-197
124000195,170,464,-294
124000196,728,1116,-388
124000197,29,56,-27
124000198,13,14,-1
124000201,126,981,-855
124000202,322,78,244
124000203,87,1031,-944
124000204,195,499,-304
124000205,20,549,-529
124000206,85,411,-326
124000207,0,50,-50
124000209,153,576,-423
124000210,66,192,-126
124000211,103,0,103
124000212,5,601,-596
124000213,81,330,-249
124000214,104,729,-625
124000215,40,3,37
124000216,3,534,-531
124000329,37,2568,-2531
124000338,20,1283,-1263
124000339,197,72,125
124000341,283,34,249
124000344,69,47,22
124000357,572,949,-377
124000358,669,854,-185
124000359,433,310,123
124000360,293,285,8
124000361,686,586,100
124000362,1406,2151,-745
124000363,198,416,-218
124000364,417,974,-557
124000365,683,1080,-397
124000366,1759,750,1009
124000367,81,578,-497
124000368,165,107,58
124000369,71,61,10
124000370,67,753,-686
124000402,10,5,5
124000403,17,6,11
124000404,8,125,-117
124000405,882,488,394
124000406,920,633,287
124000407,3,15,-12
124000411,5,467,-462
124000412,98,9,89
124000413,134,16,118
124000414,15,94,-79
124000415,25,282,-257
124000416,54,413,-359
124000417,57,152,-95
124000418,33,149,-116
124000419,65,195,-130
124000420,22,70,-48
124000421,14,328,-314
124000422,22,7,15
124000423,58,24,34
124000424,1,215,-214
124000425,21,14,7
124000426,2,279,-277
124000427,21,28,-7
124000428,2,34,-32
124000429,15,77,-62
124000430,338,664,-326
124000431,237,638,-401
124000432,63,693,-630
124000439,3,6,-3
124000443,0,6,-6
124000445,268,268,0
124000446,2565,103,2462
124900001,151,154,-3
124900002,84,392,-308
124900003,295,467,-172
124900004,162,259,-97
124900005,164,190,-26
124900006,142,277,-135
124900008,764,340,424
124900009,79,72,7
124900010,61,15,46
124900011,108,83,25
124900012,147,38,109
124900013,179,96,83
124900014,99,70,29
124900015,90,91,-1
124900016,29,36,-7
124900017,334,122,212
124900018,3,1,2
124900020,19,34,-15
124900021,54,17,37
124900022,13,1,12
124900024,74,7,67
124900026,9,4,5
124900027,42,115,-73
124900028,547,110,437
124900029,5,261,-256
124900030,3,121,-118
124900031,12,343,-331
124900032,166,152,14
124900033,56,419,-363
124900034,8,101,-93
124900035,68,357,-289
124900036,1,46,-45
124900037,99,352,-253
124900038,312,448,-136
124900039,0,23,-23
124900040,15,72,-57
124900041,136,1334,-1198
124900042,10,2,8
124900043,265,1278,-1013
124900044,19,0,19
124900045,419,670,-251
124900046,936,152,784
124900047,83,149,-66
124900048,52,137,-85
124900050,79,227,-148
124900052,53,349,-296
124900053,49,369,-320
124900054,2541,256,2285
124900055,1,85,-84
124900057,2,44,-42
124900060,51,176,-125
124900061,21,4,17
124900062,6,5,1
124900066,0,19,-19
124900067,4,161,-157
124900068,177,138,39
124900070,17,16,1
124900072,16,5,11
124900075,50,218,-168
124900076,47,226,-179
124900077,26,72,-46
124900078,23,7,16
124900079,467,26,441
124900080,92,774,-682
124900081,409,147,262
124900082,260,1036,-776
124900083,156,617,-461
124900085,1443,163,1280
124900086,82,357,-275
124900087,382,44,338
124900088,761,95,666
124900089,1236,22,1214
124900090,86,131,-45
124900091,152,526,-374
124900092,102,467,-365
124900093,76,124,-48
124900094,90,209,-119
124900095,17,226,-209
124900096,451,82,369
124900097,86,39,47
124900098,70,339,-269
124900099,398,221,177
124900100,98,21,77
124900101,10,563,-553
124900102,72,13,59
124900103,50,279,-229
124900104,39,221,-182
124900105,18,142,-124
124900106,138,22,116
124900107,23,3,20
124900108,154,11,143
124900111,0,31,-31
124900112,53,705,-652
124900113,131,80,51
124900114,335,35,300
124900115,27,35,-8
124900116,47,60,-13
124900117,703,67,636
124900118,94,48,46
124900119,162,36,126
124900120,25,422,-397
124900121,59,97,-38
124900122,617,189,428
124900123,560,46,514
124900124,191,142,49
204000001,25,20,5
204000002,9,16,-7
204000003,1,0,1
204000004,0,1,-1
204000005,242,185,57
204000006,428,435,-7
204000011,8,45,-37
204000012,11,97,-86
204000019,310,370,-60
204000020,283,568,-285
204000021,1467,624,843
204000022,293,368,-75
204000023,242,1186,-944
204000031,49,20,29
204000032,511,37,474
204000034,15,310,-295
204000035,0,8,-8
204000036,1,14,-13
204000037,3,9,-6
204000038,0,36,-36
204000039,1,74,-73
204000040,6,39,-33
204000041,2,47,-45
204000042,11,12,-1
204000043,2,1,1
204000044,8,2,6
204000045,13,9,4
204000046,17,9,8
204000057,3,91,-88
204000062,6,194,-188
204000068,52,82,-30
204000069,13,123,-110
204000070,38,125,-87
204000080,18,37,-19
204000085,664,1450,-786
204000086,2699,1666,1033
204000087,31,28,3
204000088,7,74,-67
204000090,6,495,-489
204000093,171,46,125
204000096,298,446,-148
204000097,159,31,128
204000099,445,833,-388
204000100,358,595,-237
204000105,1479,1172,307
204000110,498,1034,-536
204000111,214,714,-500
204000112,377,846,-469
204000113,427,758,-331
204000114,544,247,297
204000115,198,280,-82
204000116,435,397,38
204000119,1053,837,216
204000132,245,189,56
204000133,479,284,195
204000134,100,145,-45
204000135,205,98,107
204000136,132,150,-18
204000138,161,208,-47
204000140,106,81,25
204000141,41,67,-26
204000144,12,20,-8
204000145,609,14,595
204000146,47,319,-272
204000147,50,88,-38
204000148,391,23,368
204000154,3,2,1
204000155,1,8,-7
204000177,38,46,-8
204000179,5,5,0
204000180,0,45,-45
204000222,1,9,-8
204000235,8,7,1
204000236,73,272,-199
204000238,30,23,7
204000240,342,57,285
204000263,381,1233,-852
204000268,486,271,215
204000308,121,9,112
204000317,3,71,-68
204000322,3,23,-20
204000323,16,10,6
204000328,125,45,80
204000329,83,91,-8
204000330,196,31,165
204000331,44,139,-95
205000001,958,1061,-103
205000013,4,75,-71
205000014,6,110,-104
205000015,46,245,-199
205000016,11,236,-225
205000017,41,115,-74
205000022,172,467,-295
205000025,1419,755,664
205000029,103,4,99
205000045,24,180,-156
205000046,26,503,-477
205000047,35,523,-488
205000048,83,1066,-983
205000049,71,663,-592
205000050,1092,244,848
205000059,0,203,-203
205000060,0,40,-40
205000061,1,28,-27
205000062,0,45,-45
205000063,8,34,-26
205000064,16,113,-97
205000065,47,671,-624
205000066,36,696,-660
205000067,21,973,-952
205000069,165,27,138
205000082,110,106,4
205000110,48,181,-133
205000111,120,213,-93
205000112,27,105,-78
205000113,183,171,12
205000121,87,38,49
205000123,57,182,-125
205000126,158,25,133
205000127,177,42,135
205000128,226,30,196
205000129,162,37,125
205000130,83,10,73
205000131,33,2,31
205000132,161,0,161
205000133,42,0,42
205000134,28,0,28
205000137,103,135,-32
205000138,241,268,-27
205000139,25,74,-49
205000144,21,33,-12
205000145,223,57,166
205000151,38,11,27
205000152,57,15,42
205000153,112,19,93
205000154,19,22,-3
205000155,33,10,23
205000207,47,123,-76
205000233,12,0,12
205000234,0,0,0
205000243,0,0,0
205000244,0,7,-7
205000245,16,346,-330
205000249,0,33,-33
205000250,2,0,2
205000264,4,116,-112
206000027,7,1,6
206000028,7,0,7
206000043,10,137,-127
206000053,7,10,-3
206000054,13,22,-9
206000055,7,53,-46
206000075,8,5,3
206000076,17,11,6
206000077,10,5,5
206000078,3,5,-2
206000079,21,2,19
206000082,399,23,376
206000100,43,594,-551
206000103,5,21,-16
206000104,8,25,-17
206000105,3,27,-24
206000106,14,33,-19
206000108,531,25,506
206000125,19,0,19
206000157,138,708,-570
206000170,0,296,-296
206000171,4,248,-244
206000172,9,1094,-1085
206000173,0,390,-390
206000174,4,174,-170
206000175,5,278,-273
206000176,18,500,-482
206000177,1,313,-312
206000178,2,216,-214
206000179,2,123,-121
206000180,35,221,-186
206000181,10,324,-314
206000182,25,371,-346
206000183,38,1399,-1361
206000184,3,482,-479
206000185,5,348,-343
206000186,141,1792,-1651
206000223,11,307,-296
206000226,14,0,14
206000227,14,1,13
206000237,32,410,-378
206000238,61,671,-610
206000239,663,2281,-1618
206000240,0,67,-67
206000241,0,177,-177
206000242,10,548,-538
206000243,5,470,-465
206000244,44,1142,-1098
206000245,242,32,210
206000246,53,2,51
206000247,61,4,57
206000248,110,5,105
206000252,73,12,61
206000258,16,31,-15
206000315,19,4,15
206000317,182,64,118
206000318,73,50,23
206000319,411,71,340
206000320,30,36,-6
206000321,25,16,9
206000322,128,6,122
206000323,71,11,60
206000324,36,5,31
206000325,82,5,77
206000326,30,6,24
206000327,88,8,80
206000328,44,7,37
206000329,60,5,55
206000330,17,4,13
206000331,35,5,30
206000332,11,10,1
206000333,118,3,115
206000334,97,1,96
206000335,0,31,-31
206000361,8,226,-218
206000392,9,55,-46
206000405,88,1,87
206000441,6,9,-3
206000498,12,5,7
206000515,149,25,124
206000530,54,36,18
206000531,48,54,-6
206000532,1291,102,1189
206000535,270,2004,-1734
206000536,23,307,-284
206000537,13,163,-150
206000613,1112,109,1003
207000001,83,329,-246
207000002,38,283,-245
207000003,105,249,-144
207000007,455,310,145
207000008,36,8,28
207000009,47,42,5
207000010,424,580,-156
207000012,200,251,-51
207000015,289,1684,-1395
207000019,117,67,50
207000021,509,146,363
207000022,44,81,-37
207000023,73,43,30
207000024,3,9,-6
207000025,8,61,-53
207000026,79,77,2
207000027,20,63,-43
207000028,20,266,-246
207000029,195,373,-178
207000033,163,181,-18
207000034,135,46,89
207000039,183,157,26
207000040,88,201,-113
207000041,49,75,-26
207000042,140,90,50
207000043,110,185,-75
207000051,53,300,-247
207000052,5,191,-186
207000053,347,634,-287
207000054,27,121,-94
207000055,66,204,-138
207000056,213,369,-156
207000057,92,305,-213
207000058,61,508,-447
207000059,36,897,-861
207000060,25,270,-245
207000061,60,103,-43
207000062,118,51,67
207000063,94,157,-63
207000064,207,213,-6
207000065,179,234,-55
207000066,59,164,-105
207000067,33,117,-84
207000068,61,60,1
207000069,567,396,171
207000082,61,431,-370
207000083,63,449,-386
207000084,87,182,-95
207000085,104,4,100
207000086,53,2,51
207000106,21,80,-59
207000107,29,24,5
207000108,25,16,9
207000109,43,12,31
207000110,57,30,27
207000111,53,39,14
207000112,91,160,-69
207000114,25,29,-4
207000115,17,54,-37
207000116,8,144,-136
207000117,5,106,-101
207000118,1,88,-87
207000119,5,89,-84
207000123,205,23,182
207000124,37,11,26
207000125,42,12,30
207000126,61,19,42
207000134,31,268,-237
207000135,38,294,-256
207000148,23,86,-63
207000149,69,22,47
207000152,126,360,-234
207000153,1185,857,328
207000154,262,123,139
207000159,21,298,-277
207000160,47,627,-580
207000238,0,52,-52
207000242,1,159,-158
207000248,47,11,36
207000249,99,47,52
207000250,507,50,457
207000251,97,51,46
207000252,27,68,-41
207000278,26,58,-32
207000279,9,264,-255
207000280,153,68,85
207000281,75,1394,-1319
207000282,70,13,57
207000283,120,201,-81
207000284,19,73,-54
207000285,183,38,145
207000291,13,85,-72
207000304,62,67,-5
207000306,27,350,-323
207000310,18,105,-87
207000353,167,2,165
207000356,3,13,-10
207000357,2,7,-5
207000358,18,4,14
207000415,3,189,-186
207000417,9,1,8
207000418,96,164,-68
207000438,0,4,-4
207000439,1303,268,1035
207000446,53,4,49
207000460,7,10,-3
207000466,127,155,-28
207000467,100,110,-10
207000468,30,569,-539
207000476,1,84,-83
207000477,124,201,-77
207000478,1,5,-4
207000523,1,19,-18
207000524,16,1,15
207000527,72,122,-50
207000530,71,2,69
207000531,53,7,46
207000532,32,5,27
207000534,753,21,732
207000535,48,86,-38
207000537,20,139,-119
207000540,5,208,-203
207000541,2,265,-263
207000548,5,254,-249
207000549,45,9,36
207000561,63,48,15
207000562,32,182,-150
207000567,169,253,-84
207000568,32,100,-68
207000569,78,1179,-1101
207000584,421,102,319
207000585,29,84,-55
207000587,20,24,-4
207000616,0,230,-230
207000617,49,0,49
207000624,34,12,22
207000631,3,15,-12
207900008,39,262,-223
208000001,310,434,-124
208000002,170,368,-198
208000003,448,363,85
208000004,534,500,34
208000005,1,5,-4
208000019,212,622,-410
208000020,53,326,-273
208000021,63,398,-335
208000022,364,597,-233
208000028,782,632,150
208000033,221,543,-322
208000034,738,1131,-393
208000037,211,33,178
208000040,36,156,-120
208000041,395,411,-16
208000042,357,404,-47
208000047,75,402,-327
208000064,1986,882,1104
208000066,835,455,380
208000070,104,426,-322
208000071,166,660,-494
208000072,135,967,-832
208000080,76,226,-150
208000081,95,128,-33
208000082,192,238,-46
208000083,61,328,-267
208000084,9,13,-4
208000085,605,550,55
208000086,310,769,-459
208000087,154,603,-449
208000089,370,637,-267
208000090,276,885,-609
208000093,48,99,-51
208000094,216,500,-284
208000095,359,307,52
208000104,479,771,-292
208000105,387,825,-438
208000114,26,93,-67
208000115,207,228,-21
208000116,104,792,-688
208000117,17,83,-66
208000118,45,79,-34
208000155,326,702,-376
208000158,1325,1751,-426
208000186,2503,1044,1459
208000204,224,685,-461
208000205,487,1149,-662
208000282,2791,702,2089
209000004,47,129,-82
209000005,8,13,-5
209000006,186,71,115
209000007,160,150,10
209000010,273,102,171
209000011,86,120,-34
209000012,170,213,-43
209000013,128,626,-498
209000014,614,1661,-1047
209000025,103,19,84
209000026,326,51,275
209000027,258,1019,-761
209000028,212,1190,-978
209000029,303,963,-660
209000030,303,1618,-1315
209000031,3899,2451,1448
209000034,115,140,-25
209000035,82,83,-1
209000036,46,112,-66
209000037,81,180,-99
209000038,49,132,-83
209000039,30,143,-113
209000040,193,450,-257
209000041,117,306,-189
209000042,217,340,-123
209000043,623,396,227
209000044,126,392,-266
209000045,645,255,390
209000046,154,317,-163
209000047,109,121,-12
209000048,122,143,-21
209000049,73,146,-73
209000050,176,178,-2
209000051,143,329,-186
209000052,81,347,-266
209000062,12,169,-157
209000063,13,167,-154
209000064,11,125,-114
209000065,16,27,-11
209000066,18,26,-8
209000067,15,43,-28
209000080,3,125,-122
209000082,33,28,5
209000091,23,73,-50
209000093,95,32,63
209000094,109,81,28
209000110,15,42,-27
209000111,322,595,-273
209000112,280,274,6
209000113,646,247,399
209000114,166,187,-21
209000115,52,169,-117
209000116,693,552,141
209000118,6,39,-33
209000119,9,6,3
209000121,96,702,-606
209000135,53,55,-2
209000142,648,508,140
209000143,35,55,-20
209000144,35,73,-38
209000229,51,142,-91
209000240,22,391,-369
209000259,89,129,-40
209000260,35,921,-886
209000261,0,468,-468
209000262,4,426,-422
209000263,0,89,-89
209000264,0,32,-32
209000265,91,0,91
209000266,42,1,41
209000267,125,2,123
209000268,294,14,280
210000037,57,14,43
210000047,12,27,-15
210000048,25,35,-10
210000049,67,25,42
210000052,14,128,-114
210000053,17,60,-43
210000054,50,71,-21
210000070,34,0,34
210000071,3,0,3
210000072,7,0,7
210000073,0,12,-12
210000074,0,80,-80
210000075,0,30,-30
210000076,1,122,-121
210000077,35,32,3
210000078,34,25,9
210000079,12,14,-2
210000080,51,33,18
210000081,68,2,66
210000082,45,0,45
210000083,53,0,53
210000084,5,0,5
210000085,0,75,-75
210000086,4,101,-97
210000099,33,217,-184
210000100,21,230,-209
210000101,76,208,-132
210000105,70,143,-73
210000159,0,96,-96
210000163,130,125,5
210000164,251,69,182
210000168,125,13,112
210000187,0,3,-3
210000188,0,16,-16
210000214,14,0,14
210000219,9,36,-27
210000220,35,83,-48
210000232,0,18,-18
210000233,19,46,-27
210000234,28,107,-79
210000235,21,117,-96
210000245,0,23,-23
210000246,20,3,17
210000258,12,107,-95
210000259,95,8,87
210000282,18,169,-151
210000285,1,96,-95
210000286,3,167,-164
210000290,5,8,-3
210000295,12,104,-92
210000296,10,46,-36
210000320,49,134,-85
210000321,40,73,-33
210000338,60,81,-21
210000339,579,518,61
210000340,98,157,-59
210000341,90,154,-64
210000342,97,162,-65
210000343,80,186,-106
210000344,126,83,43
210000345,114,71,43
210000346,33,61,-28
210000347,53,12,41
210000348,49,11,38
210000349,54,19,35
210000350,47,43,4
210000351,31,102,-71
210000352,49,73,-24
210000353,12,97,-85
210000354,32,96,-64
210000355,27,75,-48
210000356,32,42,-10
210000357,17,12,5
210000358,257,86,171
210000359,52,29,23
210000360,76,45,31
210000361,69,109,-40
210000362,121,116,5
210000363,672,72,600
210000364,80,66,14
210000365,49,32,17
210000366,41,35,6
210000367,23,18,5
210000368,85,7,78
210000369,8,23,-15
210000370,31,56,-25
210000372,30,9,21
210000373,18,3,15
210000374,32,7,25
210000375,22,61,-39
210000376,45,126,-81
210000404,65,104,-39
210000439,15,54,-39
210000472,57,5,52
210000482,56,27,29
210000564,560,84,476
210000567,0,17,-17
210000568,494,6,488
211000092,23,61,-38
211000094,65,22,43
211000169,222,6,216
211000172,5,134,-129
211000209,4,14,-10
211000226,8,13,-5
211000270,4,20,-16
211000275,13,40,-27
211000276,58,36,22
211000279,2,72,-70
211000281,7,59,-52
211507980,1,15,-14
211977296,1,4,-3
212000003,52,52,0
212000004,34,19,15
212000005,7,28,-21
212000006,9,74,-65
212000008,51,225,-174
212000009,5,124,-119
212000012,26,76,-50
212000013,4,72,-68
212000014,159,149,10
212000015,120,202,-82
212000016,262,487,-225
212000027,300,293,7
212000028,147,283,-136
212000029,66,187,-121
212000030,12,21,-9
212000031,18,58,-40
212000048,19,79,-60
212000049,7,40,-33
212000050,9,6,3
212000051,110,239,-129
212000052,93,441,-348
212000053,177,537,-360
212000054,78,98,-20
212000055,82,206,-124
212000056,6,29,-23
212000057,6,39,-33
212000058,315,31,284
212000070,47,304,-257
212000077,63,722,-659
212000099,108,148,-40
212000108,82,135,-53
212000111,105,127,-22
212000120,72,95,-23
212000138,40,25,15
212000156,0,142,-142
212000158,5,8,-3
212000159,97,59,38
212000160,237,196,41
212000161,3,3,0
212000310,6,35,-29
212000311,2,40,-38
212000374,8,15,-7
213000001,21,627,-606
213000005,286,44,242
213000006,966,68,898
213000007,45,6,39
213000009,259,166,93
213000010,75,112,-37
213000011,152,121,31
213000012,91,323,-232
213000014,15,4,11
213000015,75,5,70
213000016,81,0,81
213000017,5,0,5
213000018,2,219,-217
213000019,3,193,-190
213000020,54,259,-205
213000021,6,113,-107
213000023,101,127,-26
213000033,211,548,-337
213000034,248,267,-19
213000035,50,69,-19
213000045,76,223,-147
213000046,66,183,-117
213000047,320,546,-226
213000056,17,10,7
213000069,10,1,9
213000073,0,15,-15
213000074,147,516,-369
213000075,210,4,206
213000076,13,0,13
213000085,3,50,-47
213000086,8,241,-233
213000091,12,1,11
213000092,10,2,8
213000099,95,669,-574
213000100,882,148,734
213000101,77,134,-57
213000102,93,430,-337
213000103,422,672,-250
213000104,23,481,-458
213000105,0,41,-41
213000106,6,208,-202
213000107,58,706,-648
213000108,5,509,-504
213000109,2,245,-243
213000110,1,49,-48
213000111,6,37,-31
213000112,177,130,47
213000115,15,0,15
213000116,74,581,-507
213000117,3,745,-742
213000118,152,263,-111
213000119,30,694,-664
213000120,35,746,-711
213000122,193,812,-619
213000123,679,1083,-404
213000124,48,1432,-1384
213000125,105,11,94
213000126,106,75,31
213000127,221,91,130
213000128,767,397,370
213000129,409,150,259
213000130,198,83,115
213000132,104,59,45
213000133,85,68,17
213000134,359,10,349
213000136,122,6,116
213000137,288,45,243
213000139,197,5,192
213000147,5,0,5
213000148,2,2,0
213000149,8,3,5
213000150,0,57,-57
213000151,0,41,-41
213000152,0,45,-45
213000153,0,20,-20
213000154,9,273,-264
213000155,20,321,-301
213000156,37,604,-567
213000157,641,569,72
213000158,164,584,-420
213000159,265,472,-207
213000163,269,69,200
213000165,508,68,440
213000171,1,200,-199
213000172,1,314,-313
213000173,0,337,-337
213000174,0,259,-259
213000175,2,151,-149
213000176,5,5,0
213000177,1,0,1
213000178,12,0,12
213000179,57,0,57
213000180,10,0,10
213000184,47,359,-312
213000188,182,66,116
213000189,112,34,78
213000190,697,503,194
213000191,100,418,-318
213000192,62,510,-448
213000193,1393,124,1269
213000194,0,28,-28
213000195,10,485,-475
213000196,104,685,-581
213000197,157,125,32
213000198,3,1,2
213000200,75,1016,-941
213000201,164,66,98
213000202,4,614,-610
213000203,2080,220,1860
213000204,283,10,273
213000205,126,18,108
213000206,113,36,77
213000207,18,10,8
213000208,19,1,18
213000209,16,1,15
213000210,102,0,102
213000211,0,8,-8
213000212,4,37,-33
213000213,1,15,-14
213000218,86,850,-764
213000219,379,9,370
213000220,274,3,271
213000223,177,72,105
213000224,4,23,-19
213000225,16,1,15
213000226,17,3,14
213000227,316,127,189
213000228,57,55,2
213000229,219,15,204
213000230,131,12,119
213000232,36,277,-241
213000233,1,27,-26
213000234,3,23,-20
213000293,3,47,-44
213000294,30,3,27
213000295,0,55,-55
213000296,75,20,55
213000297,4,47,-43
213000298,17,63,-46
213000299,75,38,37
213000300,0,1,-1
213000303,0,39,-39
213000304,0,3,-3
213000305,7,18,-11
213000306,36,15,21
213000307,88,71,17
213000308,54,269,-215
213000309,58,39,19
213000310,173,45,128
213000311,272,468,-196
213000315,28,133,-105
213000316,25,57,-32
213000322,31,115,-84
213000323,16,78,-62
213000324,21,98,-77
213000325,11,85,-74
213000326,3,35,-32
213000327,2,64,-62
213000328,3,57,-54
213000329,12,39,-27
213000340,66,943,-877
213000341,118,52,66
213000346,111,60,51
213000347,884,60,824
213000348,10,144,-134
213000349,22,15,7
213000350,152,1381,-1229
213000366,19,287,-268
213000367,121,19,102
213000379,70,165,-95
213000386,1,143,-142
213000406,105,324,-219
213000417,471,226,245
213000425,38,32,6
213000426,55,67,-12
213000427,6,307,-301
213000428,4,235,-231
213000429,5,0,5
213000430,60,953,-893
213000431,36,0,36
213000432,0,11,-11
213000433,2,73,-71
213000434,22,109,-87
213000435,71,58,13
213000436,5,71,-66
213000437,1,38,-37
213000438,55,68,-13
213000439,26,6,20
213000440,1,99,-98
213000441,0,0,0
213000442,0,20,-20
213000443,284,229,55
213000444,18,90,-72
213000445,0,134,-134
213000446,0,5,-5
213000447,0,14,-14
213000448,2,45,-43
213000449,28,3,25
213000450,10,50,-40
213000451,47,64,-17
213000452,12,10,2
213000453,36,224,-188
213000455,110,0,110
213000456,0,106,-106
213000481,9,2,7
213000482,52,1,51
213000489,300,7,293
213000491,0,45,-45
213000492,24,2,22
213000493,0,15,-15
213000494,45,106,-61
213000495,1,138,-137
213000496,167,150,17
213000497,23,389,-366
213000498,31,260,-229
213000499,53,856,-803
213000500,111,88,23
213000501,30,19,11
213000502,128,23,105
213000503,0,72,-72
213000504,6,204,-198
213000505,1,10,-9
213000506,0,7,-7
213000507,3,145,-142
213900244,0,0,0
213900245,0,35,-35
218000003,11,19,-8
218000004,17,5,12
218000005,12,15,-3
218000006,24,16,8
218000007,3,11,-8
218000012,204,115,89
218000013,63,93,-30
218000014,485,276,209
218000019,751,284,467
218000020,280,373,-93
218000021,20,64,-44
218000022,4,49,-45
218000023,2,49,-47
218000024,0,20,-20
218000025,7,30,-23
218000026,3,61,-58
218000027,0,15,-15
218000028,2,1,1
218000029,1,3,-2
218000030,8,28,-20
218000031,1,42,-41
218000032,0,35,-35
218000040,1,0,1
218000046,17,148,-131
218000047,4,192,-188
218000048,35,197,-162
218000049,76,125,-49
218000050,216,233,-17
218000051,42,288,-246
218000052,0,37,-37
218000053,2,11,-9
218000054,20,14,6
218000055,1,10,-9
218000056,1,37,-36
218000057,1,30,-29
218000064,1,7,-6
218000065,15,51,-36
218000066,6,69,-63
218000067,26,71,-45
218000068,33,79,-46
218000069,48,202,-154
218000070,109,224,-115
218000071,109,216,-107
218000072,244,204,40
218000078,429,1108,-679
218000079,23,54,-31
218000080,57,75,-18
218000081,167,241,-74
218000082,5,98,-93
218000083,8,46,-38
218000084,47,222,-175
218000085,88,451,-363
218000086,23,133,-110
218000087,102,210,-108
218000090,3,64,-61
218000091,457,326,131
218000092,29,108,-79
218000093,45,92,-47
218000094,373,791,-418
218000099,272,369,-97
218000100,130,238,-108
218000101,124,146,-22
218000102,137,271,-134
218000103,50,220,-170
218000104,30,50,-20
218000105,11,9,2
218000106,21,15,6
218000107,28,154,-126
218000108,1,78,-77
218000112,36,5,31
218000117,20,45,-25
218000134,305,724,-419
218000135,17,68,-51
218000136,70,41,29
218000137,62,114,-52
218000138,6,79,-73
218000139,36,345,-309
218000140,121,181,-60
218000141,14,17,-3
218000142,52,134,-82
218000143,36,122,-86
218000144,12,50,-38
218000145,136,399,-263
218000146,23,98,-75
218000151,13,8,5
218000152,14,31,-17
218000153,1,6,-5
218000154,0,0,0
218000155,0,1,-1
218000156,15,10,5
218000157,1,11,-10
218000158,0,3,-3
218000159,0,3,-3
218000160,0,3,-3
218000161,8,5,3
218000162,13,6,7
218000163,0,4,-4
218000164,11,9,2
218000165,23,33,-10
218000170,1,14,-13
218000171,11,6,5
218000172,3,16,-13
218000173,24,6,18
218000174,1,4,-3
218000176,47,8,39
218000177,150,53,97
218000178,48,53,-5
218000179,41,21,20
218000180,24,10,14
218000181,45,23,22
218000187,1,12,-11
218000188,20,20,0
218000189,6,38,-32
218000190,3,21,-18
218000191,29,97,-68
218000192,60,472,-412
218000193,188,439,-251
218000194,23,389,-366
218000195,59,103,-44
218000196,172,218,-46
218000197,88,260,-172
218000198,1,102,-101
218000199,5,19,-14
218000200,32,21,11
218000201,22,12,10
218000202,80,106,-26
218000207,8,32,-24
218000208,15,24,-9
218000211,10,7,3
218000212,1,6,-5
218000213,57,41,16
218000214,6,15,-9
218000215,33,70,-37
218000217,4,68,-64
218000218,156,50,106
218000219,7,2,5
218000220,39,278,-239
218000221,319,112,207
218000222,26,13,13
218000223,24,49,-25
218000224,1,52,-51
218000225,130,12,118
218000226,23,31,-8
218000230,0,2,-2
218000232,26,44,-18
218000239,10,2,8
218000240,0,1,-1
218000241,4,0,4
218000242,4,0,4
218000243,13,0,13
218000244,1,1,0
218000245,2,1,1
218000246,0,0,0
218000247,0,0,0
218000248,1,31,-30
218000249,0,0,0
218000250,1,6,-5
218000251,0,12,-12
218000252,0,14,-14
218000253,0,10,-10
218000254,0,12,-12
218000255,0,3,-3
218000256,0,31,-31
218000267,722,984,-262
218000268,1,38,-37
218000269,8,7,1
218000270,33,67,-34
218000271,35,54,-19
218000273,13,8,5
218000274,3,3,0
218000275,11,28,-17
218000276,4,31,-27
218000278,27,14,13
218000279,11,73,-62
218000280,2,16,-14
218000281,13,16,-3
218000282,366,128,238
218000284,77,10,67
218000301,14,107,-93
218000302,37,28,9
218000303,11,39,-28
218000316,625,1105,-480
218000317,426,1059,-633
218000318,190,1056,-866
218000319,580,1470,-890
218000320,407,702,-295
218000338,8,18,-10
218000345,86,72,14
218000346,36,106,-70
218000459,62,222,-160
218000490,12,37,-25
218000501,16,25,-9
218000502,11,108,-97
218000503,38,16,22
218000504,74,4,70
218000505,26,199,-173
218000506,25,112,-87
218000508,0,3,-3
218000510,131,9,122
218000520,58,84,-26
218000521,1,70,-69
218000522,0,111,-111
218000523,15,0,15
218000524,42,84,-42
218000525,6,7,-1
218000526,42,63,-21
218000529,22,207,-185
218000530,3,8,-5
218000531,3,22,-19
218000532,11,19,-8
218000534,22,21,1
218000537,9,48,-39
218000538,28,100,-72
218000540,184,68,116
218000543,71,45,26
218000544,55,143,-88
218000545,34,37,-3
218000546,33,124,-91
218000547,41,76,-35
218000548,80,179,-99
218000549,354,78,276
218000550,335,545,-210
218000551,214,156,58
218000552,683,31,652
218000553,16,59,-43
218000554,17,9,8
218000555,2,34,-32
218000556,65,372,-307
218000557,199,116,83
218000558,60,1,59
218000559,0,18,-18
218000560,0,8,-8
218000561,8,0,8
218000562,35,117,-82
218000563,93,14,79
218000564,7,100,-93
218000565,210,8,202
218000566,182,12,170
218000567,13,38,-25
218000568,5,0,5
218000569,2,33,-31
218000570,86,6,80
218000571,0,57,-57
218000572,19,0,19
218000573,18,22,-4
218000574,134,62,72
218000575,28,1,27
218000576,1,83,-82
218000577,6,0,6
218000578,3,101,-98
218000579,10,0,10
218000581,3,52,-49
218000582,5,2,3
218000583,1,0,1
218000584,0,15,-15
218000585,2,2,0
218000586,1,44,-43
218000587,0,0,0
218000588,0,0,0
218000589,0,2,-2
218000590,0,0,0
218000591,1,3,-2
218000592,0,0,0
218000593,0,0,0
218000594,1,0,1
218000597,0,0,0
218000598,0,0,0
218000599,0,0,0
218000600,0,0,0
218000601,0,0,0
218000602,0,0,0
218000603,0,0,0
218000604,0,0,0
218000605,0,15,-15
218000606,9,0,9
218000607,15,12,3
218000608,5,3,2
218000609,2,24,-22
218000610,31,0,31
218000611,2,0,2
218000612,0,48,-48
218000613,6,0,6
218000614,0,51,-51
218000615,9,2,7
218000616,2,102,-100
218000617,6,0,6
218000618,0,19,-19
218000619,7,4,3
218000620,2,26,-24
218000621,0,3,-3
218000622,0,0,0
218000623,3,0,3
218000624,0,11,-11
218000625,0,0,0
218000626,0,8,-8
218000628,31,31,0
218000631,8,24,-16
218000632,1,59,-58
218000633,61,1,60
218000634,13,8,5
218000635,6,2,4
218000636,421,1332,-911
218000637,457,668,-211
218000638,51,34,17
218000639,15,233,-218
218000640,57,21,36
218000641,49,374,-325
218000652,84,100,-16
218000653,62,38,24
218000663,2,65,-63
218000675,8,54,-46
218000676,0,26,-26
218000677,6,13,-7
218000680,103,459,-356
218000681,249,107,142
218000691,76,482,-406
218000693,72,108,-36
218000703,5,53,-48
218000718,736,175,561
218000719,919,33,886
218000720,0,13,-13
218000721,6,6,0
218000725,2,3,-1
218001147,4,163,-159
218001214,6,4,2
218001258,23,0,23
218001329,94,104,-10
218001330,131,81,50
218001351,6,6,0
218001352,6,4,2
218001353,2,9,-7
218001354,0,18,-18
218001355,8,482,-474
218001356,131,0,131
218001357,17,310,-293
218001358,87,4,83
218001361,56,2,54
218001362,1,327,-326
219000001,19,51,-32
219000002,17,79,-62
219000003,29,19,10
219000004,46,43,3
219000017,31,21,10
219000020,44,13,31
219000022,79,2,77
219000023,78,1,77
219000029,0,102,-102
219000034,2,16,-14
219000039,24,49,-25
219000040,33,17,16
219000041,80,24,56
219000051,0,48,-48
219000052,0,15,-15
219000053,1,289,-288
219000054,21,117,-96
219000055,40,2,38
219000056,2,3,-1
219000057,11,0,11
219000062,4,195,-191
219000063,23,7,16
219000064,5,34,-29
219000110,185,27,158
219000111,94,24,70
219000112,103,64,39
219000113,60,40,20
219000114,383,17,366
219000116,36,23,13
219000117,130,81,49
219000118,42,57,-15
219000123,204,86,118
219000124,40,29,11
219000125,7,26,-19
219000126,46,89,-43
219000127,0,6,-6
219000128,19,67,-48
219000129,28,106,-78
219000130,1057,582,475
219000131,913,730,183
219000133,24,11,13
219000134,2,10,-8
219000135,17,39,-22
219000136,86,120,-34
219000138,41,13,28
219000139,16,59,-43
219000140,9,1,8
219000141,7,131,-124
219000142,11,88,-77
219000143,13,131,-118
219000145,17,32,-15
219000146,6,67,-61
219000147,1,45,-44
219000148,0,93,-93
219000149,15,232,-217
219000150,3,135,-132
219000151,6,123,-117
219000157,128,144,-16
219000158,81,193,-112
219000161,87,14,73
219000163,1318,399,919
219000166,56,127,-71
219000167,30,231,-201
219000168,477,60,417
219000174,155,73,82
219000175,35,2,33
219000176,29,1,28
219000177,4,0,4
219000178,12,3,9
219000179,2,8,-6
219000180,27,29,-2
219000182,60,12,48
219000183,14,36,-22
219000184,39,1,38
219000185,0,131,-131
219000186,22,58,-36
219000187,15,148,-133
219000189,90,110,-20
219000190,104,157,-53
219000191,1455,554,901
219000192,79,86,-7
219000193,506,118,388
219000195,1,79,-78
219000196,6,105,-99
219000198,29,175,-146
219000199,83,177,-94
219000200,15,209,-194
219000201,84,238,-154
219000203,4,97,-93
219000204,103,123,-20
219000205,53,200,-147
219000207,234,208,26
219000209,4,102,-98
219000210,21,104,-83
219000213,5,209,-204
219000239,161,226,-65
219000240,114,248,-134
219000241,57,203,-146
219000242,138,182,-44
219000243,42,230,-188
219000244,7,90,-83
219000245,10,45,-35
219000246,7,16,-9
219000247,42,29,13
219000248,284,129,155
219000249,160,50,110
219000250,27,60,-33
219000251,328,80,248
219000252,70,55,15
219000253,71,23,48
219000255,46,57,-11
219000256,56,57,-1
219000257,47,0,47
219000262,90,245,-155
219000263,26,243,-217
219000267,0,117,-117
219000268,2,4,-2
219000269,3,0,3
219000270,2,0,2
219000271,21,1,20
219000278,0,14,-14
219000279,0,1,-1
219000283,0,10,-10
219000295,6,115,-109
219000296,49,607,-558
219000297,13,166,-153
219000298,10,275,-265
219000299,407,47,360
219000300,17,369,-352
219000301,157,291,-134
219000302,31,156,-125
219000307,29,55,-26
219000308,31,30,1
219000311,59,50,9
219000312,148,43,105
219000313,94,19,75
219000314,113,586,-473
219000315,64,25,39
219000316,139,15,124
219000317,34,14,20
219000320,0,39,-39
219000321,1,14,-13
219000323,12,87,-75
219000325,0,33,-33
219000326,49,121,-72
219000327,50,44,6
219000328,12,45,-33
219000329,207,47,160
219000330,35,24,11
219000331,23,29,-6
219000332,35,45,-10
219000333,3,2,1
219000335,38,1,37
219000337,2,0,2
219000338,20,0,20
219000344,15,109,-94
219000345,111,143,-32
219000346,17,177,-160
219000348,58,168,-110
219000349,14,217,-203
219000350,32,40,-8
219000351,2,4,-2
219000352,172,54,118
219000353,66,35,31
219000354,56,105,-49
219000355,97,47,50
219000356,1393,244,1149
219000363,209,13,196
219000364,43,14,29
219000365,56,7,49
219000366,205,69,136
219000368,366,243,123
219000370,823,115,708
219000371,20,14,6
219000382,2,8,-6
219000383,640,424,216
219000385,488,332,156
219000386,941,911,30
219000387,3,3,0
219000390,0,0,0
219000391,2,0,2
219000397,83,104,-21
219000398,78,34,44
219000401,5,85,-80
219000402,8,70,-62
219000403,31,111,-80
219000404,9,83,-74
219000407,2,22,-20
219000409,31,23,8
219000410,16,19,-3
219000411,11,12,-1
219000446,214,321,-107
219000447,1,11,-10
219000448,7,3,4
219000452,76,32,44
219000453,46,55,-9
219000454,182,133,49
219000556,79,40,39
219000558,37,272,-235
219000590,10,122,-112
219000591,21,47,-26
219000592,88,401,-313
219000595,2,27,-25
219000635,42,32,10
219000636,15,115,-100
219000657,15,26,-11
219000658,5,26,-21
219000673,0,5,-5
219000676,2,0,2
219000679,7,4,3
219000684,21,3,18
219000685,1,69,-68
219000686,7,0,7
219000688,1,101,-100
219000689,84,159,-75
219000690,140,10,130
219000691,46,88,-42
219000692,75,23,52
219000693,0,42,-42
219000694,6,0,6
219000695,3,4,-1
219000698,4,0,4
219000699,0,9,-9
219000727,2,141,-139
219000728,18,0,18
219000770,10,0,10
219000771,1,34,-33
219000788,181,135,46
219001150,2,3,-1
219001151,2,1,1
219001166,14,1,13
219001167,4,40,-36
219001178,9,2,7
220000001,13,21,-8
220000002,6,159,-153
220000003,320,302,18
220000004,446,621,-175
220000005,1283,1314,-31
220000006,93,706,-613
220000007,148,828,-680
220000008,133,1006,-873
220000009,85,470,-385
220000010,31,92,-61
220000011,427,1276,-849
220000012,32,116,-84
220000014,23,68,-45
220000015,17,165,-148
220000017,17,281,-264
220000018,4072,624,3448
220000019,22,199,-177
220000020,60,219,-159
220000021,295,136,159
220000022,296,440,-144
220000023,112,121,-9
220000024,1218,200,1018
220000025,830,263,567
220000026,176,92,84
220000027,2,75,-73
220000028,15,18,-3
220000029,44,90,-46
220000030,42,69,-27
220000031,110,221,-111
220000064,10,839,-829
221000046,4,0,4
221000047,0,2,-2
221000048,0,13,-13
221000049,0,9,-9
221000050,7,0,7
221000055,22,47,-25
221000057,59,4,55
221000068,253,67,186
221000069,158,29,129
221000070,88,12,76
221000071,21,2,19
221000072,67,20,47
221000073,102,45,57
221000074,0,10,-10
221000075,15,6,9
221000076,6,39,-33
221000077,14,69,-55
221000081,7,1,6
221000082,22,0,22
221000083,15,2,13
221000084,1,2,-1
221000085,7,64,-57
221000086,4,151,-147
221000087,2,195,-193
221000088,13,132,-119
221000089,29,198,-169
221000090,119,376,-257
221000098,89,14,75
221000099,85,12,73
221000100,37,2,35
221000101,302,7,295
221000102,103,12,91
221000109,4,80,-76
221000110,11,128,-117
221000111,12,112,-100
221000112,6,102,-96
221000113,18,146,-128
221000114,4,175,-171
221000120,8,18,-10
221000121,2,11,-9
221000122,8,10,-2
221000123,11,35,-24
221000124,17,281,-264
221000155,72,1,71
221000156,24,16,8
221000175,0,2,-2
221000176,0,1,-1
221000182,20,2,18
221000241,412,131,281
221000242,256,229,27
221000243,291,67,224
221000244,154,239,-85
221000245,27,90,-63
221000246,4,199,-195
221000247,13,121,-108
221000248,31,158,-127
221000267,23,573,-550
221000325,53,27,26
221000331,1,47,-46
221000338,0,9,-9
221000378,70,19,51
221000381,82,90,-8
222000282,4,0,4
222000296,0,12,-12
222000568,167,14,153
222000569,68,20,48
222000570,49,1,48
222000571,43,8,35
222000577,10,188,-178
222000578,9,156,-147
222000579,27,123,-96
222000580,114,670,-556
222000599,0,120,-120
222000600,0,279,-279
222000601,7,735,-728
222000603,6,5,1
222000604,5,12,-7
222000605,2,8,-6
222000606,1,9,-8
222000607,0,3,-3
222000608,4,21,-17
222000609,33,323,-290
222000616,47,48,-1
222000617,1,5,-4
222000618,0,7,-7
222000620,10,4,6
222000621,11,10,1
222000623,351,5,346
222000624,181,2,179
222000625,211,22,189
222000636,23,0,23
222000686,6,3,3
222000687,9,32,-23
222001066,165,1,164
222001067,7,9,-2
222001068,7,29,-22
222001069,6,31,-25
222001082,8,39,-31
222001083,4,57,-53
222001084,1,80,-79
222001085,3,93,-90
222001111,6,229,-223
222001112,13,30,-17
222001313,3,0,3
222001314,1,62,-61
222001464,28,56,-28
222001465,8,185,-177
222001484,34,42,-8
222001485,7,62,-55
222001494,76,98,-22
222001495,87,426,-339
222001496,56,56,0
222001497,107,554,-447
222001502,20,116,-96
222001503,6,4,2
222001504,8,311,-303
222001505,24,1,23
222001506,23,213,-190
222001507,31,3,28
222001510,44,9,35
222001511,22,348,-326
222001514,155,22,133
222001515,190,558,-368
222001518,19,15,4
222001519,18,362,-344
222001527,25,4,21
222001528,64,115,-51
222001529,23,5,18
222001530,35,217,-182
222001533,154,378,-224
222001534,13,5,8
222001535,50,96,-46
222001536,54,356,-302
222001537,53,8,45
222001538,43,418,-375
222001563,55,24,31
222001564,32,682,-650
222001568,67,75,-8
222001576,0,1,-1
222001579,1,4,-3
222001583,6,276,-270
222001584,39,30,9
222001596,301,1205,-904
222001597,406,110,296
222001626,0,165,-165
222001650,42,36,6
222001651,34,74,-40
222001914,50,12,38
222001915,85,184,-99
222001968,358,116,242
222001969,468,734,-266
222001970,31,128,-97
222001971,3,25,-22
222001972,0,24,-24
225000001,307,44,263
225000002,190,41,149
225000003,188,51,137
225000004,126,129,-3
225000005,7,38,-31
225000006,0,113,-113
225000007,2847,741,2106
225000010,38,4,34
225000011,301,444,-143
225000012,75,232,-157
225000013,29,98,-69
225000014,353,27,326
225000015,110,178,-68
225000021,373,98,275
225000027,187,418,-231
225000032,453,62,391
225000042,41,557,-516
225000049,22,67,-45
225000050,29,6,23
225000053,2,98,-96
225000058,236,71,165
225000067,58,174,-116
225000068,92,436,-344
225000069,172,426,-254
225000070,47,458,-411
225000071,11,277,-266
225000075,24,648,-624
225000076,53,80,-27
225000078,17,9,8
225000085,17,87,-70
225000086,36,30,6
225000087,78,6,72
225000088,10,123,-113
225000089,341,354,-13
225000090,19,269,-250
225000091,27,195,-168
225000092,12,60,-48
225000093,89,395,-306
225000094,13,443,-430
225000095,212,519,-307
225000096,57,299,-242
225000098,189,80,109
225000099,106,92,14
225000100,76,56,20
225000104,26,384,-358
225000110,7,392,-385
225000111,130,839,-709
225000112,149,798,-649
225000113,54,468,-414
225000114,47,247,-200
225000115,2254,375,1879
225000116,887,34,853
225000117,372,182,190
225000118,319,96,223
225000119,63,46,17
225000120,234,27,207
225000121,131,18,113
225000123,409,7,402
225000125,140,176,-36
225000126,646,148,498
225000127,759,353,406
225000128,215,249,-34
225000132,128,35,93
225000133,117,9,108
225000134,380,39,341
225000135,10,2,8
225000136,52,12,40
225000137,27,47,-20
225000138,192,10,182
225000143,64,117,-53
225000144,2,258,-256
225000145,3,32,-29
225000146,14,121,-107
225000147,10,288,-278
225000148,2,179,-177
225000149,39,293,-254
225000151,25,281,-256
225000155,96,250,-154
225000156,70,444,-374
225000157,75,297,-222
225000158,35,305,-270
225000171,2,159,-157
225000180,11,2,9
225000181,1,32,-31
225000182,22,3,19
225000185,12,190,-178
225000187,57,304,-247
225000191,7,5,2
225000194,0,4,-4
225000208,0,66,-66
225000209,5,12,-7
225000210,1,144,-143
225000217,1,18,-17
225000218,2,0,2
225000223,1,38,-37
225000224,44,0,44
225000225,1,4,-3
225000226,26,1,25
225000227,23,51,-28
225000228,4,2,2
225000229,0,67,-67
225000230,1,0,1
225000231,1,77,-76
225000232,48,0,48
225000241,27,0,27
225000242,0,33,-33
225000249,0,1,-1
225000250,26,665,-639
225000251,173,10,163
225000256,0,0,0
225000257,0,0,0
226000042,342,276,66
226000043,80,222,-142
226000044,61,531,-470
226000045,36,338,-302
226000046,147,23,124
226000047,182,19,163
226000048,222,16,206
226000049,109,36,73
226000070,1,57,-56
226000071,0,76,-76
226000072,0,4,-4
226000073,1,9,-8
226000074,0,6,-6
226000084,0,29,-29
226000085,3,6,-3
226000086,0,5,-5
226000087,1,2,-1
226000088,23,6,17
226000090,31,9,22
226000091,7,1,6
226000092,0,0,0
226000093,4,1,3
226000094,3,2,1
226000095,2,0,2
226000105,1,0,1
226000106,2,0,2
226000107,1,0,1
226000108,6,0,6
226000109,29,0,29
226000124,56,25,31
226000134,210,249,-39
226000135,491,355,136
226000136,103,190,-87
226000137,6,408,-402
226000138,8,239,-231
226000139,2,9,-7
226000156,27,2,25
226000157,48,10,38
226000163,37,17,20
226000202,2,365,-363
226000231,60,4,56
226000232,8,3,5
227000033,165,33,132
227000036,174,12,162
227000037,94,15,79
227000038,58,14,44
227000084,0,13,-13
227000085,0,34,-34
227000088,29,1,28
227000089,65,0,65
227000090,21,1,20
227000091,9,0,9
227000092,10,0,10
227000093,21,0,21
227000094,3,0,3
227000130,5,60,-55
227000131,11,316,-305
227000132,14,319,-305
227000133,6,263,-257
227000134,8,473,-465
227000152,0,3,-3
227000153,0,37,-37
227000154,1,26,-25
227000155,0,21,-21
227000156,0,18,-18
227000165,2,23,-21
227000196,72,352,-280
227000199,66,484,-418
227000230,23,425,-402
227000232,121,14,107
227000242,78,434,-356
227000243,382,48,334
227000245,14,385,-371
227000246,69,458,-389
227000247,195,67,128
227000248,64,19,45
227000249,26,245,-219
227000250,334,162,172
227000251,158,290,-132
227000252,16,404,-388
227000253,53,25,28
227000262,198,27,171
227000266,272,15,257
227000267,44,2067,-2023
227000282,4,214,-210
227000284,88,9,79
227000286,2,130,-128
227000287,11,195,-184
227000291,28,555,-527
227000484,422,14,408
227000485,21,500,-479
227000655,45,10,35
227000656,437,15,422
227000657,25,20,5
227000661,125,7,118
227000680,30,14,16
229000265,1,11,-10
229000296,2,3,-1
229000297,3,24,-21
229000298,5,62,-57
229000320,1,0,1
229000321,1,1,0
229000412,9,30,-21
229000414,1,40,-39
229000415,1,1,0
229000416,1,1,0
229000417,0,15,-15
229000419,42,138,-96
229000440,113,26,87
229000442,2,1,1
229000443,0,2,-2
229000444,0,13,-13
229000445,2,4,-2
229000446,6,6,0
229000491,1,20,-19
229000492,8,96,-88
229000493,2,75,-73
229000494,12,4,8
229000495,65,10,55
229000496,4,6,-2
229000507,0,10,-10
229000508,0,13,-13
229000509,0,45,-45
229000510,2,16,-14
229000511,2,53,-51
229000512,0,40,-40
229000513,0,3,-3
229000514,0,4,-4
229000517,0,8,-8
229000518,1,18,-17
229000519,0,11,-11
229000520,4,45,-41
229000521,6,13,-7
229000522,0,12,-12
229000523,6,18,-12
229000524,1,16,-15
229000527,1,0,1
229000528,0,0,0
229000529,2,1,1
229000530,38,6,32
229000531,12,6,6
229000532,16,2,14
229000533,74,0,74
229000534,42,1,41
229000564,26,2,24
229000565,2,0,2
229000566,0,28,-28
229000567,0,68,-68
229000582,123,2,121
229000583,2,2,0
229000584,0,25,-25
229000585,2,25,-23
229000718,0,0,0
229000719,0,1,-1
229000720,0,9,-9
229000721,0,10,-10
229000722,0,24,-24
229000723,0,13,-13
229000724,0,3,-3
229000725,0,1,-1
229000738,3,0,3
229000739,0,0,0
229000740,0,0,0
229000741,9,2,7
229000742,4,0,4
229000743,14,0,14
229000744,0,0,0
229000745,0,0,0
229000746,10,0,10
229000847,7,1,6
229000848,5,0,5
229000849,36,2,34
229000851,6,0,6
229000854,0,78,-78
229000856,2,140,-138
229000857,0,36,-36
229000858,0,120,-120
229000919,7,110,-103
229000930,4,117,-113
229000937,43,11,32
229000966,26,30,-4
229000981,8,55,-47
229000985,4,25,-21
229000986,0,5,-5
229000987,0,1,-1
229000988,0,4,-4
229000989,0,4,-4
229000990,0,1,-1
229000991,0,0,0
229000992,4,1,3
229000993,81,9,72
229000998,15,34,-19
229000999,32,4,28
229001034,0,5,-5
229001035,2,1,1
229001037,19,7,12
229001042,2,6,-4
229001047,1,18,-17
229001050,14,24,-10
229001168,0,5,-5
229001200,0,0,0
229001338,0,9,-9
229001394,248,2,246
229001422,87,24,63
229001423,34,111,-77
229001431,37,40,-3
229001432,32,26,6
229001444,33,19,14
229001445,7,97,-90
229001479,2,7,-5
229001503,71,72,-1
229001504,49,136,-87
229001505,63,41,22
229001506,25,165,-140
229001509,13,17,-4
229001545,19,4,15
229001546,3,131,-128
229001553,29,20,9
229001554,7,105,-98
229001559,1,10,-9
229001560,2,7,-5
229001630,22,5,17
229001631,6,20,-14
229001635,0,3,-3
229001636,0,0,0
229001658,14,83,-69
229001659,127,4,123
229001660,0,4,-4
229001661,0,13,-13
229001662,12,0,12
229001663,0,26,-26
229002584,90,44,46
229002831,75,62,13
229002841,0,17,-17
229002842,0,11,-11
229002843,9,16,-7
229002844,10,31,-21
229002845,1,62,-61
229002846,4,7,-3
229002847,0,7,-7
229002848,0,5,-5
229002849,0,41,-41
229002850,1,0,1
229002851,19,50,-31
229002852,15,18,-3
229002853,12,16,-4
229002854,15,45,-30
229002855,3,55,-52
229002856,22,3,19
229002857,0,36,-36
229002858,0,4,-4
229002859,6,14,-8
229002860,10,4,6
229002861,9,7,2
229002862,5,15,-10
229002863,1,20,-19
229002864,2,17,-15
229002865,2,1,1
229002866,1,1,0
229002867,2,9,-7
229002868,1,2,-1
229002869,14,70,-56
229002870,2,10,-8
235000066,174,98,76
235000067,75,122,-47
235000072,25,43,-18
235000073,83,223,-140
235000074,23,105,-82
235000080,0,56,-56
235000081,38,211,-173
235000082,41,36,5
235000083,59,57,2
235000084,20,58,-38
235000085,42,38,4
235000089,11,71,-60
235000092,6,134,-128
235000093,2,3,-1
235000097,2,4,-2
235000098,40,38,2
235000099,13,24,-11
235000116,20,29,-9
235000117,659,13,646
235000133,6,174,-168
235000134,7,70,-63
235000206,5,5,0
235000207,1,3,-2
235000208,0,0,0
235000209,0,0,0
235000210,0,4,-4
235000212,0,15,-15
235000213,1,4,-3
235000220,0,1,-1
235000221,19,10,9
235000238,3,6,-3
235000239,1,1,0
235000242,96,172,-76
235000245,1009,215,794
235000246,5,36,-31
235000284,2,42,-40
235000295,22,5,17
235000305,22,2,20
235000306,17,3,14
235000307,1,0,1
235000308,0,0,0
235000309,11,0,11
235000310,7,0,7
235000311,16,3,13
235000322,0,27,-27
235000323,0,39,-39
235000324,0,17,-17
235000325,0,8,-8
235000326,4,295,-291
235000351,6,53,-47
235000352,13,36,-23
235000353,0,35,-35
235000354,1,42,-41
235000355,1,46,-45
235000356,10,0,10
235000357,1,2,-1
235000358,5,2,3
235000359,0,0,0
235000360,10,1,9
235000361,3,0,3
235000381,26,337,-311
235000382,72,37,35
235000390,12,2,10
235000391,55,27,28
235000392,38,96,-58
235000393,61,50,11
235000395,51,34,17
235000396,115,37,78
235000400,39,21,18
235000401,19,169,-150
235000405,45,468,-423
235000406,12,377,-365
235000407,51,155,-104
235000409,178,153,25
235000410,30,189,-159
235000411,1,77,-76
235000485,0,8,-8
235000486,1,0,1
235000549,31,45,-14
235000550,47,135,-88
235000599,52,101,-49
235000600,2,4,-2
235000601,14,18,-4
235000602,40,111,-71
235000614,0,3,-3
235000648,1,33,-32
235000649,19,1,18
235000685,0,0,0
235000815,3,18,-15
235000834,0,5,-5
235000855,24,27,-3
235000862,12,188,-176
235000891,0,5,-5
235000892,6,4,2
235000901,69,85,-16
235000907,11,0,11
235001010,26,48,-22
235001029,684,355,329
235001030,363,106,257
235001078,61,59,2
235001079,61,122,-61
235001147,19,39,-20
235001166,4,43,-39
235001167,5,71,-66
235001169,6,222,-216
235001188,1,6,-5
235001189,0,0,0
235001197,1,12,-11
235001200,29,23,6
235001207,83,13,70
235001210,45,92,-47
235001215,39,128,-89
235001239,0,33,-33
235001244,0,5,-5
235016267,0,11,-11
277101746,0,1,-1
277102712,0,0,0
277103813,0,0,0
277103898,0,5,-5
277104249,0,14,-14
277104250,0,1,-1
277104251,0,7,-7
277104252,0,0,0
990011530,2,223,-221
990014944,1,426,-425
990015176,6,4,2
990015618,0,70,-70
990016032,0,312,-312
990032570,2,33,-31
990070001,12,2,10
990070103,0,2,-2
990070601,0,48,-48
990070751,124,1,123
990070766,2,917,-915
990071180,115,163,-48
990071343,5,0,5
990071387,0,0,0
990071823,160,1,159
990072600,2,434,-432
990072964,1,442,-441
990073285,0,1,-1
990074393,3,972,-969
990074870,171,6,165
990075106,146,2,144
990075746,46,4,42
990076437,167,24,143
990076458,1,1166,-1165
997000007,52,14,38
997000041,0,133,-133
997000058,9,0,9
997000062,4,0,4
997000069,0,1,-1
997000070,0,33,-33
997000100,2,0,2
997000141,1,33,-32
997000198,245,87,158
998000475,0,13,-13
998000736,0,286,-286
998000965,0,3,-3
998001031,0,37,-37
998001700,0,9,-9
998001899,0,2,-2
998001900,23,18,5
998003073,277,3,274
998101900,0,0,0
998102850,0,74,-74
998501927,101,202,-101
998501929,67,1,66
998501930,73,33,40
998501931,17,6,11
998501932,0,3,-3
998501933,14,1,13
998501937,0,1,-1
998501944,1,1,0
998501950,0,44,-44
998501970,8,2,6
998501971,0,33,-33
998501973,0,63,-63
998501974,1,216,-215
998501975,61,1,60
998501976,23,0,23
998501977,0,18,-18
998501978,12,0,12
998501979,0,3,-3
998501980,67,0,67
998501981,22,9,13
998501982,0,56,-56
998501983,0,20,-20
998502006,5,1,4
998502024,0,1,-1
998502032,0,5,-5
998502062,4,1,3
998502063,0,0,0
998502173,25,0,25
998502269,0,4,-4
998502546,1,91,-90
998502578,0,1,-1
998502599,91,46,45
998601159,1,377,-376
998601292,0,15,-15
999033574,1,577,-576
999800001,9,0,9
999800002,0,2,-2
999800003,1,1,0
999800004,0,11,-11
999800005,0,6,-6
