ID,insum,outsum,diff
100000001,687,909,-222
100000002,5358,963,4395
100000003,6289,3567,2722
100000004,1985,1405,580
100000005,2518,4667,-2149
100000006,995,141,854
100000007,3404,770,2634
100000008,354,498,-144
100000009,834,252,582
100000010,83,67,16
100000011,937,118,819
100000012,156,849,-693
100000013,40,193,-153
100000014,487,309,178
100000015,2372,2813,-441
100000016,1299,1598,-299
100000017,1010,1013,-3
100000018,1981,739,1242
100000019,5466,2763,2703
100000020,2202,7644,-5442
100000021,5749,2908,2841
100000022,2600,1860,740
100000023,6758,1663,5095
100000025,3320,1150,2170
100000028,3137,1124,2013
100000029,369,267,102
100000030,513,67,446
100000031,6729,8742,-2013
100000032,3397,5684,-2287
100000033,1503,3433,-1930
100000034,762,492,270
100000035,2449,1197,1252
100000036,2973,1693,1280
100000037,729,592,137
100000038,2334,1160,1174
100000039,998,232,766
100000040,263,182,81
100000041,1298,508,790
100000042,1553,570,983
100000043,1204,505,699
100000044,562,842,-280
100000045,771,1331,-560
100000046,755,1094,-339
100000047,448,799,-351
100000048,840,674,166
100000049,2045,2355,-310
100000051,707,1198,-491
100000053,233,8,225
100000054,647,38,609
100000055,1902,265,1637
100000056,716,564,152
100000057,2243,747,1496
100000058,1228,1342,-114
100000059,16,104,-88
100000060,466,413,53
100000061,2868,592,2276
100000062,2504,766,1738
100000063,1047,286,761
100000064,1829,470,1359
100000065,636,1034,-398
100000066,385,800,-415
100000067,711,860,-149
100000068,651,1787,-1136
100000069,546,1829,-1283
100000072,492,1286,-794
100000073,1355,1489,-134
100000075,964,406,558
100000076,6159,3021,3138
100000077,687,212,475
100000078,125,56,69
100000079,60,83,-23
100000080,45,55,-10
100000081,120,140,-20
100000102,4661,1788,2873
100000103,7686,1229,6457
100000104,5466,2667,2799
100000105,4800,1587,3213
100000106,3504,2310,1194
100000107,863,972,-109
100000108,1428,1091,337
100000109,5202,1434,3768
100000116,2010,1004,1006
100000117,133,66,67
100000118,2770,955,1815
100000119,867,626,241
100000121,322,576,-254
100000122,2378,1110,1268
100000123,4109,5917,-1808
100000124,6825,8608,-1783
100000125,3338,1255,2083
100000126,1277,372,905
100000127,2894,444,2450
100000128,2174,1354,820
100000129,611,508,103
100000130,398,624,-226
100000131,2766,3542,-776
100000132,1395,2813,-1418
100000133,6667,3151,3516
100000135,629,1071,-442
100000139,566,250,316
100000140,691,330,361
100000142,461,655,-194
100000143,1902,764,1138
100000144,4592,999,3593
100000147,1246,2973,-1727
100000150,38,420,-382
100000151,1073,929,144
100000153,532,374,158
100000154,379,130,249
100000155,44,70,-26
100000156,441,159,282
100000157,102,71,31
100000158,221,73,148
100000159,799,484,315
100000165,1661,787,874
100000169,681,531,150
100000174,1675,621,1054
100000179,126,682,-556
100000180,4240,1324,2916
100000181,650,267,383
100000188,91,301,-210
100000189,1196,369,827
100000190,1356,698,658
100000191,792,458,334
100000192,85,163,-78
100000193,208,210,-2
100000330,2163,1035,1128
100000355,373,643,-270
100000362,6496,4350,2146
100000363,3911,5593,-1682
100000364,459,220,239
100000365,5033,5229,-196
100000366,7777,3196,4581
100000367,5541,4917,624
100000368,3088,1853,1235
100000369,1510,2225,-715
100000370,187,682,-495
100000376,251,150,101
100000379,6323,1719,4604
100000380,10584,3207,7377
100000384,7437,5099,2338
100000385,6077,4509,1568
100000386,11129,6280,4849
100000387,9358,5540,3818
100000388,10386,7237,3149
100000389,10006,7051,2955
100000390,9584,6036,3548
100000391,6953,7634,-681
100000392,5637,3045,2592
100000393,3376,3822,-446
100000394,11811,6660,5151
100000395,5978,2914,3064
100000396,11366,3190,8176
100000397,7650,3852,3798
100000398,13405,9136,4269
100000413,69,17,52
100900002,6,51,-45
100900003,371,198,173
100900004,31,778,-747
100900005,129,27,102
100900006,32,164,-132
100900007,514,14,500
100900008,2,394,-392
100900009,74,97,-23
100900010,97,111,-14
100900011,172,351,-179
100900012,2,231,-229
100900013,1117,29,1088
100900014,4,13,-9
100900015,108,116,-8
100900016,14,71,-57
100900017,842,58,784
100900018,1,18,-17
100900019,31,168,-137
100900020,515,7,508
100900021,466,0,466
100900022,18,46,-28
100900023,19,62,-43
100900024,1064,6,1058
100900025,14,13,1
100900026,143,138,5
100900027,514,3081,-2567
100900028,151,201,-50
100900029,96,17,79
100900030,10,15,-5
100900031,617,36,581
100900032,307,0,307
100900033,227,156,71
100900034,454,3,451
100900035,1208,1,1207
100900036,43,0,43
100900037,114,316,-202
100900038,335,29,306
100900039,300,660,-360
100900040,358,758,-400
100900041,854,942,-88
100900042,1385,340,1045
100900043,0,13,-13
100900044,3202,703,2499
100900045,89,0,89
100900046,1414,14,1400
100900047,892,225,667
100900048,213,42,171
100900049,113,208,-95
100900050,1,20,-19
100900051,52,50,2
100900052,304,50,254
100900053,347,21,326
100900054,54,86,-32
100900055,280,673,-393
100900056,168,345,-177
100900057,507,1623,-1116
100900058,377,51,326
100900059,146,10,136
100900060,150,13,137
100900061,448,360,88
100900062,4,59,-55
100900063,203,654,-451
100900064,808,27,781
100900065,175,110,65
100900066,104,191,-87
100900067,4,21,-17
100900068,205,93,112
100900069,1570,4,1566
100900070,267,6,261
100900071,845,355,490
100900072,4,42,-38
100900073,125,493,-368
100900074,4,17,-13
100900075,1832,442,1390
100900076,26,40,-14
100900077,30,111,-81
100900078,140,520,-380
100900079,19,36,-17
100900080,38,206,-168
100900081,116,233,-117
100900082,132,715,-583
100900083,14,34,-20
100900085,14,75,-61
100900086,341,1418,-1077
100900088,107,727,-620
100900089,4,40,-36
100900090,164,462,-298
100900091,1,31,-30
100900092,320,272,48
100900093,226,503,-277
100900094,119,688,-569
100900095,4,47,-43
100900096,35,87,-52
100900097,3,13,-10
100900098,30,29,1
100900099,63,747,-684
100900100,9,404,-395
100900101,405,75,330
100900102,13,39,-26
100900103,23,16,7
100900104,10,209,-199
100900105,20,254,-234
100900106,41,4,37
100900107,2036,808,1228
100900108,5,11,-6
100900109,52,40,12
100900110,1,21,-20
100900111,69,220,-151
100900112,2,12,-10
100900113,16,13,3
100900114,12,14,-2
100900115,1,60,-59
100900116,750,1198,-448
100900117,318,797,-479
100900118,32,56,-24
100900119,35,34,1
100900120,5,24,-19
100900121,258,749,-491
100900122,156,228,-72
100900123,145,170,-25
100900124,11,23,-12
100900125,30,118,-88
100900126,132,186,-54
100900127,3,14,-11
100900128,81,206,-125
100900129,1,122,-121
100900131,102,249,-147
100900133,132,50,82
100900134,2,13,-11
100900135,1,136,-135
100900137,376,187,189
100900138,538,491,47
100900139,29,14,15
100900140,7,776,-769
100900141,1,410,-409
100900142,1,19,-18
100900143,927,457,470
100900144,42,7,35
100900145,78,190,-112
100900146,15,81,-66
100900147,10,297,-287
100900148,50,892,-842
100900149,25,154,-129
100900150,5,80,-75
100900151,142,536,-394
100900152,104,33,71
100900153,5,181,-176
100900154,10,30,-20
100900155,13,13,0
100900156,14,1,13
100900157,7,174,-167
100900159,4,17,-13
100900160,22,13,9
100900161,76,4,72
100900162,12,221,-209
100900163,244,272,-28
100900164,38,28,10
100900165,23,124,-101
100900166,28,9,19
100900167,19,96,-77
100900168,36,173,-137
100900169,160,994,-834
100900170,34,12,22
100900171,17,647,-630
100900172,0,7,-7
100900173,7,502,-495
100900174,827,56,771
100900176,1668,205,1463
100900177,891,398,493
100900178,619,141,478
100900179,133,131,2
100900180,6,11,-5
100900181,98,92,6
100900182,40,24,16
100900184,9,181,-172
100900186,825,699,126
100900187,5,175,-170
100900188,23,21,2
100900189,941,187,754
100900191,1559,1134,425
100900192,485,267,218
100900195,203,137,66
100900197,5,48,-43
100900198,16,242,-226
100900199,1,4,-3
100900200,684,423,261
100900201,76,698,-622
100900202,70,0,70
100900203,0,76,-76
100900204,628,303,325
100900205,182,484,-302
100900206,123,103,20
100900207,259,118,141
100900210,82,783,-701
100900211,397,212,185
100900213,60,44,16
100900214,823,172,651
100900215,22,39,-17
100900217,167,109,58
101000001,5439,3038,2401
101000002,5124,5248,-124
101000003,955,2184,-1229
101000004,10407,9264,1143
101000005,5115,5562,-447
101000006,8619,9295,-676
101000007,2645,3709,-1064
101000008,6526,3387,3139
101000009,2678,2044,634
101000010,1172,1638,-466
101000011,2364,841,1523
101000012,2129,810,1319
101000013,771,1218,-447
101000014,714,894,-180
101000015,1387,977,410
101000016,784,523,261
101000017,845,627,218
101000018,6458,3223,3235
101000020,5481,1236,4245
101000021,2279,381,1898
101000022,533,76,457
101000023,2784,923,1861
101000025,311,508,-197
101000026,763,25,738
101000027,2961,2313,648
101000028,1532,261,1271
101000029,263,1063,-800
101000030,2241,104,2137
101000031,1023,296,727
101000032,13197,3476,9721
101000033,4172,2950,1222
101000034,5008,1744,3264
101000035,1459,484,975
101000036,2890,972,1918
101000037,6312,1965,4347
101000039,3934,2599,1335
101000040,5077,3856,1221
101000041,13610,7007,6603
101000042,1098,1067,31
101000043,9530,6033,3497
101000045,2410,802,1608
101000046,6253,898,5355
101000047,3230,1840,1390
101000048,1038,834,204
101000049,1175,1321,-146
101000050,2221,1351,870
101000051,2669,2040,629
101000052,2505,702,1803
101000053,1094,1725,-631
101000054,1631,1270,361
101000055,1813,1780,33
101000056,70,190,-120
101000057,3279,1117,2162
101000058,2232,1284,948
101000059,5782,2312,3470
101000060,2145,706,1439
101000061,1245,1707,-462
101000062,1121,880,241
101000063,1087,1006,81
101000064,2075,908,1167
101000065,556,478,78
101000066,977,632,345
101000067,1308,665,643
101000068,562,368,194
101000069,670,68,602
101000070,1680,966,714
101000071,2322,1063,1259
101000072,1038,4008,-2970
101000073,893,679,214
101000074,7810,3250,4560
101000075,7016,3142,3874
101000077,1495,1057,438
101000078,1147,2298,-1151
101000079,811,499,312
101000080,1009,413,596
101000081,1599,1662,-63
101000082,4127,3873,254
101000083,2530,2579,-49
101000084,1645,1248,397
101000085,1808,1399,409
101000086,1124,1308,-184
101000087,999,1460,-461
101000088,1093,1289,-196
101000089,960,1888,-928
101000090,2542,1776,766
101000091,368,1529,-1161
101000092,808,1433,-625
101000093,1630,1038,592
101000094,728,1641,-913
101000095,331,864,-533
101000096,439,695,-256
101000097,1796,388,1408
101000098,923,590,333
101000099,1484,1716,-232
101000100,1146,918,228
101000101,477,382,95
101000102,2053,484,1569
101000103,1281,513,768
101000104,519,660,-141
101000105,1386,405,981
101000106,830,506,324
101000107,214,451,-237
101000108,1291,440,851
101000109,310,86,224
101000110,53,733,-680
101000111,146,172,-26
101000113,327,948,-621
101000114,10694,3356,7338
101000115,118,102,16
101000116,197,110,87
101000117,737,287,450
101000119,214,73,141
101000120,353,55,298
101000121,94,43,51
101000122,191,80,111
101000123,115,87,28
101000124,680,210,470
101000125,297,673,-376
101000128,1607,394,1213
101000130,299,301,-2
101000131,844,666,178
101000132,577,1739,-1162
101000135,117,45,72
101000136,814,134,680
101000137,51,344,-293
101000141,2507,3377,-870
101000147,1238,635,603
101000148,2841,20,2821
101000149,148,180,-32
101000150,85,1039,-954
101000151,201,79,122
101000152,435,442,-7
101000153,647,438,209
101000154,261,1588,-1327
101000155,296,154,142
101000156,21,343,-322
101000157,53,33,20
101000160,192,47,145
101000163,270,192,78
101000164,686,596,90
101000165,223,470,-247
101000166,243,422,-179
101000168,962,421,541
101000252,1906,1144,762
101000254,562,52,510
101000258,35,12,23
101000261,262,21,241
101000262,1604,1642,-38
101000263,365,772,-407
101000265,121,695,-574
101000266,483,360,123
101000269,139,12,127
101000290,2147,3681,-1534
101000293,25,65,-40
101000294,629,577,52
101000295,171,757,-586
101000301,1118,409,709
101000304,2621,2971,-350
101000305,3830,2154,1676
101000328,253,407,-154
101900001,30,87,-57
101900002,0,14,-14
101900003,143,121,22
101900004,7,73,-66
101900005,5365,1854,3511
101900006,898,53,845
101900007,831,143,688
101900008,206,377,-171
101900009,117,583,-466
101900010,1094,791,303
101900011,463,2105,-1642
101900012,133,553,-420
101900013,1564,195,1369
101900017,31,160,-129
101900018,1892,322,1570
101900019,373,139,234
101900020,63,83,-20
101900021,1,44,-43
101900022,195,1529,-1334
101900023,122,268,-146
101900026,151,51,100
101900027,43,104,-61
102000001,5945,5074,871
102000002,4556,1752,2804
102000003,4317,7140,-2823
102000004,9404,3369,6035
102000005,1844,2804,-960
102000006,2411,2331,80
102000007,1936,5642,-3706
102000008,6564,2390,4174
102000009,6909,9002,-2093
102000010,6647,5015,1632
102000011,3857,3025,832
102000012,4605,4538,67
102000018,3640,3300,340
102000019,3064,2107,957
102000026,306,1035,-729
102000029,363,215,148
102000030,181,400,-219
102000031,75,204,-129
102000032,505,454,51
102000033,273,515,-242
102000034,545,628,-83
102000035,1035,790,245
102000036,18,404,-386
102000037,291,119,172
102000038,270,273,-3
102000039,336,79,257
102000040,642,216,426
102000041,292,373,-81
102000042,346,253,93
102000043,535,269,266
102000044,1050,614,436
102000045,873,1354,-481
102000046,1336,774,562
102000047,789,1476,-687
102000048,395,922,-527
102000049,1203,910,293
102000050,1395,1459,-64
102000051,536,875,-339
102000052,1803,1000,803
102000053,1217,924,293
102000054,566,818,-252
102000055,970,900,70
102000056,679,1780,-1101
102000057,1691,614,1077
102000058,1198,1974,-776
102000059,2050,1577,473
102000060,1844,1065,779
102000061,1766,2413,-647
102000062,1802,1434,368
102000063,1362,2021,-659
102000064,611,837,-226
102000065,42,158,-116
102000066,1570,1659,-89
102000067,3143,4315,-1172
102000068,13353,3961,9392
102000069,55,2074,-2019
102000070,2462,64,2398
102000071,11789,11980,-191
102000072,4153,5871,-1718
102000073,1073,885,188
102000074,446,895,-449
102000075,131,282,-151
102000076,215,604,-389
102000077,443,1234,-791
102000078,957,1130,-173
102000079,135,233,-98
102000080,310,282,28
102000081,435,868,-433
102000082,823,360,463
102000083,555,457,98
102000084,194,441,-247
102000085,1882,1441,441
102000086,1029,1636,-607
102000087,1016,1942,-926
102000088,322,366,-44
102000089,1086,451,635
102000090,513,1351,-838
102000091,1816,538,1278
102000092,378,1107,-729
102000093,857,694,163
102000094,1023,722,301
102000095,1019,943,76
102000096,659,739,-80
102000097,763,680,83
102000098,674,632,42
102000099,939,620,319
102000100,965,1137,-172
102000101,1424,688,736
102000102,424,3135,-2711
102000103,1566,460,1106
102000104,1230,399,831
102000105,294,842,-548
102000106,800,970,-170
102000107,1242,727,515
102000108,761,296,465
102000109,948,727,221
102000110,915,1992,-1077
102000111,12,403,-391
102000112,238,120,118
102000113,11,27,-16
102000114,1129,392,737
102000115,210,319,-109
102000116,1251,342,909
102000117,575,550,25
102000118,2342,1276,1066
102000119,2764,918,1846
102000120,349,512,-163
102000121,1146,634,512
102000122,587,1099,-512
102000123,1698,1306,392
102000124,1225,1367,-142
102000125,904,1449,-545
102000126,737,720,17
102000127,1326,922,404
102000128,836,1098,-262
102000129,1833,962,871
102000130,877,701,176
102000131,1911,693,1218
102000132,819,714,105
102000133,1889,2355,-466
102000134,742,828,-86
102000135,883,1193,-310
102000136,1175,753,422
102000137,1059,916,143
102000138,409,440,-31
102000139,176,392,-216
102000140,906,355,551
102000141,286,506,-220
102000142,330,424,-94
102000143,174,546,-372
102000144,239,478,-239
102000145,425,538,-113
102000146,374,330,44
102000147,456,521,-65
102000148,201,556,-355
102000149,186,650,-464
102000150,352,262,90
102000151,155,384,-229
102000152,167,223,-56
102000153,1188,521,667
102000154,472,803,-331
102000155,137,322,-185
102000156,500,117,383
102000157,130,303,-173
102000158,655,555,100
102000159,1344,511,833
102000161,4423,2459,1964
102000162,292,200,92
102000163,130,705,-575
102000164,1252,1341,-89
102000165,321,120,201
102000166,86,171,-85
102000167,342,215,127
102000168,350,145,205
102000169,118,894,-776
102000170,792,181,611
102000171,287,112,175
102000172,242,502,-260
102000173,626,379,247
102000174,89,79,10
102000175,135,187,-52
102000176,40,69,-29
102000178,422,561,-139
102000179,897,290,607
102000180,795,596,199
102000181,557,763,-206
102000182,550,724,-174
102000183,1499,2354,-855
102000184,2074,1082,992
102000185,2360,1637,723
102000186,1274,2059,-785
102000187,1934,1931,3
102000188,2518,1808,710
102000189,2589,898,1691
102000190,583,3196,-2613
102000191,1383,655,728
102000192,1308,1764,-456
102000193,75,203,-128
102000194,98,177,-79
102000195,545,530,15
102000196,205,572,-367
102000197,654,412,242
102000198,228,984,-756
102000199,877,412,465
102000200,323,1223,-900
102000201,834,602,232
102000202,6,135,-129
102000203,447,336,111
102000204,514,1029,-515
102000205,1141,712,429
102000206,1031,876,155
102000207,1872,540,1332
102000208,705,604,101
102000209,83,50,33
102000210,331,556,-225
102000211,793,414,379
102000212,380,11,369
102000213,7,369,-362
102000214,284,17,267
102000215,4,533,-529
102000216,59,83,-24
102000217,20,182,-162
102000218,258,167,91
102000219,545,319,226
102000225,848,853,-5
102000226,1707,737,970
102000227,151,2,149
102000228,0,95,-95
102000229,36,34,2
102000230,321,633,-312
102000231,308,656,-348
102000232,29,257,-228
102000233,553,1044,-491
102000234,100,1357,-1257
102000236,372,149,223
102000237,1062,179,883
102000238,200,340,-140
102000240,897,740,157
102000241,236,150,86
102000243,33,135,-102
102000245,41,186,-145
102000246,25,45,-20
102000247,1154,1278,-124
102000248,779,1072,-293
102000249,116,192,-76
102000250,50,500,-450
102000254,83,393,-310
102000266,60,222,-162
102000271,22,2,20
102000286,534,609,-75
102000297,2003,1312,691
102000301,0,0,0
102000303,0,0,0
102000307,0,4,-4
102900001,1231,1007,224
102900002,487,40,447
102900003,59,226,-167
102900005,315,401,-86
102900006,494,232,262
102900007,574,41,533
102900008,197,63,134
102900009,706,234,472
102900010,578,610,-32
102900011,2259,413,1846
102900012,346,57,289
102900013,34,85,-51
102900015,685,455,230
102900016,72,141,-69
102900017,135,794,-659
102900018,24,150,-126
102900019,428,535,-107
102900020,168,39,129
102900021,17,170,-153
102900022,763,179,584
102900023,32,66,-34
102900024,27,45,-18
102900025,346,160,186
102900026,631,1918,-1287
102900027,58,52,6
102900028,194,870,-676
102900029,163,169,-6
102900030,642,389,253
102900031,188,150,38
102900032,63,89,-26
102900033,97,274,-177
102900034,463,96,367
102900035,140,340,-200
102900036,293,660,-367
102900037,337,696,-359
102900038,597,749,-152
102900039,14,487,-473
102900040,127,281,-154
102900041,91,235,-144
102900042,150,381,-231
102900043,138,320,-182
102900044,540,2283,-1743
102900045,122,536,-414
102900046,120,288,-168
102900047,116,653,-537
102900048,660,735,-75
102900049,115,335,-220
102900050,297,441,-144
102900051,211,253,-42
102900053,447,838,-391
102900054,846,886,-40
102900055,70,196,-126
102900056,131,507,-376
102900057,10,52,-42
102900058,273,103,170
102900059,30,56,-26
102900060,125,510,-385
102900061,110,585,-475
102900062,191,1214,-1023
102900063,1313,488,825
102900064,126,468,-342
102900065,1888,584,1304
102900066,334,35,299
102900068,176,103,73
102900070,210,550,-340
102900072,23,52,-29
102900073,207,16,191
102900075,62,40,22
102900076,232,87,145
102900077,55,50,5
102900078,63,117,-54
102900079,174,15,159
102900080,407,40,367
102900081,95,234,-139
102900082,16,283,-267
102900083,353,24,329
102900084,5,24,-19
102900085,410,156,254
102900086,22,55,-33
102900087,140,115,25
102900088,23,37,-14
102900089,309,205,104
102900090,3,498,-495
102900091,191,5,186
102900092,347,953,-606
102900094,9,74,-65
102900095,94,4,90
102900096,41,25,16
102900097,104,347,-243
103000001,2563,3236,-673
103000002,3125,2817,308
103000003,4521,3125,1396
103000004,1082,907,175
103000005,2240,4154,-1914
103000006,714,1876,-1162
103000007,499,982,-483
103000008,1367,1042,325
103000009,1321,1244,77
103000010,205,198,7
103000011,1879,1568,311
103000012,1377,1781,-404
103000013,6100,2427,3673
103000014,1290,3007,-1717
103000015,2300,806,1494
103000016,561,1710,-1149
103000017,239,476,-237
103000018,1087,551,536
103000019,305,363,-58
103000020,3451,1514,1937
103000021,2241,1654,587
103000022,1238,1232,6
103000023,743,1983,-1240
103000024,121,259,-138
103000025,98,709,-611
103000026,1669,191,1478
103000027,327,580,-253
103000028,656,447,209
103000029,373,336,37
103000030,2382,981,1401
103000031,2030,2422,-392
103000032,2206,2170,36
103000033,2976,3391,-415
103000034,1907,1284,623
103000035,429,1699,-1270
103000036,537,615,-78
103000037,618,587,31
103000038,482,1230,-748
103000039,366,528,-162
103000040,458,1378,-920
103000041,1891,3219,-1328
103000042,1273,731,542
103000043,566,1431,-865
103000044,184,276,-92
103000046,339,512,-173
103000047,740,749,-9
103000048,156,224,-68
103000049,114,221,-107
103000050,778,705,73
103000051,486,662,-176
103000052,941,425,516
103000053,223,760,-537
103000054,2497,1589,908
103000055,1983,2307,-324
103000056,728,2479,-1751
103000057,504,408,96
103000058,701,1041,-340
103000059,442,962,-520
103000060,1229,828,401
103000061,452,999,-547
103000062,1204,857,347
103000063,701,916,-215
103000064,172,308,-136
103000065,7,452,-445
103000066,217,8,209
103000069,402,451,-49
103000070,1065,1094,-29
103000071,1099,498,601
103000072,136,874,-738
103000073,607,131,476
103000074,622,106,516
103000075,102,835,-733
103000076,374,366,8
103000077,90,436,-346
103000078,1828,656,1172
103000079,1401,826,575
103000080,1573,449,1124
103000081,711,1191,-480
103000082,602,203,399
103000083,118,403,-285
103000084,160,15,145
103000085,3,176,-173
103000086,1193,494,699
103000087,196,733,-537
103000088,580,432,148
103000089,279,611,-332
103000090,2219,803,1416
103000091,603,493,110
103000092,356,329,27
103000093,314,457,-143
103000094,156,86,70
103000095,75,385,-310
103000096,663,99,564
103000097,125,838,-713
103000098,1252,158,1094
103000099,556,640,-84
103000100,94,941,-847
103000101,974,139,835
103000102,108,789,-681
103000103,724,264,460
103000104,89,109,-20
103000105,154,122,32
103000106,12,109,-97
103000107,220,88,132
103000108,1144,574,570
103000109,410,398,12
103000110,407,430,-23
103000111,651,431,220
103000112,483,252,231
103000113,1210,817,393
103000114,2328,449,1879
103000115,561,619,-58
103000116,543,605,-62
103000117,315,583,-268
103000118,1407,984,423
103000119,1917,685,1232
103000120,179,170,9
103000121,576,968,-392
103000122,800,656,144
103000125,17,400,-383
103000126,650,10,640
103000127,2,215,-213
103000128,153,2,151
103000129,0,156,-156
103000130,66,56,10
103000131,191,93,98
103000132,137,253,-116
103000133,23,113,-90
103000134,915,924,-9
103000135,774,393,381
103000136,890,545,345
103000137,791,702,89
103000138,1004,877,127
103000139,1,67,-66
103000140,190,29,161
103000141,60,127,-67
103000142,185,100,85
103000143,78,257,-179
103000144,192,107,85
103000145,74,63,11
103000150,81,58,23
103000152,364,321,43
103000153,407,198,209
103000156,7,468,-461
103000157,446,6,440
103000159,245,82,163
103000162,163,41,122
103000163,29,55,-26
103000164,78,35,43
103000165,145,454,-309
103000166,242,321,-79
103000167,216,111,105
103000168,89,240,-151
103000169,278,535,-257
103000170,731,587,144
103000171,57,82,-25
103000172,423,405,18
103000173,480,710,-230
103000174,160,364,-204
103000175,254,434,-180
103000176,957,692,265
103000177,721,652,69
103000178,269,385,-116
103000179,133,66,67
103000183,113,26,87
103000185,95,79,16
103000186,156,225,-69
103000187,497,614,-117
103000188,6,76,-70
103000189,1731,1042,689
103000191,599,814,-215
103000292,2248,1932,316
103000293,1234,2007,-773
103000295,113,98,15
103000296,624,7,617
103000297,77,35,42
103000504,146,11,135
103000505,17,21,-4
103000506,1,269,-268
103000507,199,13,186
103000508,79,45,34
103000509,265,690,-425
103900001,4,401,-397
103900002,1843,189,1654
103900003,2104,176,1928
103900004,99,13,86
103900005,6,277,-271
103900006,0,0,0
103900007,57,6,51
103900008,18,0,18
103900009,240,435,-195
103900010,209,383,-174
103900011,297,210,87
103900012,7,28,-21
103900013,36,98,-62
103900014,46,36,10
103900015,56,13,43
103900016,279,217,62
103900017,39,93,-54
103900018,812,223,589
103900019,57,329,-272
103900020,198,392,-194
103900021,857,108,749
103900022,1153,802,351
103900023,104,2,102
103900024,128,417,-289
103900025,2,36,-34
103900026,202,2,200
103900027,775,367,408
103900028,22,251,-229
103900029,1139,190,949
103900030,558,65,493
103900031,22,3,19
103900032,101,81,20
103900033,190,16,174
103900034,16,170,-154
103900035,44,56,-12
103900036,39,30,9
103900037,80,77,3
103900038,80,193,-113
103900039,85,387,-302
103900040,14,294,-280
103900041,29,50,-21
103900042,45,453,-408
103900043,108,89,19
103900044,163,247,-84
103900045,372,216,156
103900047,69,27,42
103900048,81,27,54
103900049,260,1533,-1273
103900050,10,110,-100
103900051,3,44,-41
103900052,187,540,-353
103900053,222,963,-741
103900054,112,584,-472
103900055,526,200,326
103900056,53,49,4
103900057,42,258,-216
103900058,251,846,-595
103900059,0,7,-7
103900060,38,220,-182
103900061,154,71,83
103900062,310,105,205
103900063,16,0,16
103900064,75,8,67
103900065,953,568,385
103900066,150,18,132
103900067,165,9,156
103900068,33,2,31
103900069,108,18,90
103900070,170,287,-117
103900071,7,160,-153
103900072,13,281,-268
103900073,31,31,0
103900074,56,125,-69
103900075,245,131,114
103900076,398,684,-286
103900077,55,109,-54
103900078,225,156,69
103900079,192,248,-56
103900080,9,47,-38
103900081,221,40,181
103900082,30,100,-70
103900083,1906,1114,792
103900084,79,156,-77
103900085,63,167,-104
103900086,558,294,264
103900088,401,448,-47
103900089,44,183,-139
103900090,1,222,-221
103900091,1162,297,865
103900092,1034,416,618
103900093,102,295,-193
103900094,9,141,-132
103900095,852,205,647
103900096,32,272,-240
103900097,8,508,-500
103900098,185,105,80
103900099,44,223,-179
103900100,229,460,-231
103900101,66,1282,-1216
103900102,0,46,-46
103900104,1,32,-31
103900105,116,274,-158
103900106,0,41,-41
103900107,83,297,-214
103900108,50,461,-411
103900109,93,122,-29
103900110,304,63,241
103900111,97,675,-578
103900112,18,51,-33
103900113,141,277,-136
103900114,546,366,180
103900115,284,227,57
103900116,6901,2943,3958
103900117,186,135,51
103900119,39,72,-33
103900120,74,126,-52
103900122,79,305,-226
103900123,2047,758,1289
103900124,40,533,-493
103900125,105,77,28
103900126,544,666,-122
103900127,201,606,-405
103900128,88,170,-82
103900131,28,161,-133
103900133,974,113,861
103900134,0,3,-3
103900135,6,9,-3
103900137,1,43,-42
103900138,106,417,-311
103900139,269,1884,-1615
103900140,7,113,-106
103900141,322,97,225
103900142,182,217,-35
103900143,34,8,26
103900144,4,78,-74
103900145,127,266,-139
103900146,337,351,-14
103900147,473,156,317
103900148,216,222,-6
103900149,255,845,-590
103900150,7835,3967,3868
103900151,56,191,-135
103900152,410,561,-151
103900153,18,3,15
103900154,1191,2076,-885
103900155,25,299,-274
103900156,42,214,-172
103900157,34,328,-294
103900158,83,210,-127
103900159,161,100,61
103900160,70,27,43
103900161,132,251,-119
103900162,103,197,-94
103900163,7,440,-433
103900167,21,130,-109
103900168,93,107,-14
103900169,37,36,1
103900170,2,134,-132
103900171,3,62,-59
103900172,5,34,-29
103900173,20,21,-1
103900174,116,68,48
103900175,64,74,-10
103900176,20,30,-10
103900177,10,58,-48
103900178,43,86,-43
103900179,63,197,-134
103900180,15,111,-96
103900181,81,54,27
103900182,47,17,30
103900184,603,85,518
103900185,297,324,-27
103900187,56,89,-33
103900188,52,21,31
103900189,152,8,144
103900190,93,74,19
103900191,35,35,0
103900192,56,100,-44
103900193,167,217,-50
103900194,117,275,-158
103900195,2,65,-63
103900196,21,49,-28
103900197,7,37,-30
103900198,10,47,-37
103900199,175,63,112
103900200,143,132,11
103900201,102,207,-105
103900202,10,56,-46
103900203,46,43,3
103900204,4,118,-114
103900207,1,155,-154
103900208,113,2,111
103900209,18,99,-81
103900210,38,22,16
103900211,578,576,2
103900212,70,472,-402
103900213,177,314,-137
103900214,450,242,208
103900215,616,399,217
103900216,12,463,-451
103900217,488,146,342
103900218,4,427,-423
103900219,197,409,-212
103900233,167,8,159
103900235,83,22,61
103900236,25,4,21
103900242,12,42,-30
103900243,12,9,3
103900244,118,400,-282
103900245,103,257,-154
103900246,123,64,59
103900247,69,179,-110
103900248,14,84,-70
103900249,51,37,14
103900250,73,56,17
103900251,5,50,-45
103900253,99,101,-2
103900254,8,38,-30
103900255,49,20,29
103900256,61,57,4
103900257,161,323,-162
103900258,89,6,83
103900259,222,6,216
103900261,6,5,1
103900262,34,4,30
103900263,72,139,-67
103900264,73,50,23
103900265,98,40,58
103900266,3,83,-80
103900267,8,73,-65
103900268,13,127,-114
103900269,166,47,119
103900270,61,204,-143
103900271,59,179,-120
103900272,87,115,-28
103900273,45,104,-59
103900274,90,14,76
103900275,37,11,26
103900276,4,134,-130
103900277,7,128,-121
103900278,11,60,-49
103900279,0,32,-32
103900280,2,169,-167
104000001,2387,2241,146
104000002,1826,3488,-1662
104000003,2653,2696,-43
104000004,3450,3450,0
104000005,1555,2140,-585
104000006,3478,3285,193
104000007,4802,4926,-124
104000008,379,416,-37
104000009,174,135,39
104000010,158,262,-104
104000011,753,427,326
104000012,133,443,-310
104000013,209,153,56
104000014,348,733,-385
104000015,329,204,125
104000016,572,469,103
104000018,722,209,513
104000019,624,186,438
104000020,201,717,-516
104000021,354,669,-315
104000022,153,273,-120
104000023,691,456,235
104000024,269,462,-193
104000026,108,491,-383
104000027,436,384,52
104000028,409,318,91
104000029,454,523,-69
104000030,266,257,9
104000031,1036,451,585
104000032,290,361,-71
104000033,587,550,37
104000034,331,407,-76
104000035,735,512,223
104000036,826,631,195
104000037,314,350,-36
104000038,367,371,-4
104000039,179,340,-161
104000040,379,437,-58
104000041,958,420,538
104000042,241,504,-263
104000043,406,524,-118
104000044,340,879,-539
104000045,1234,1299,-65
104000046,1632,1922,-290
104000047,974,1233,-259
104000048,1060,1868,-808
104000049,564,423,141
104000050,267,773,-506
104000051,132,682,-550
104000052,1616,2067,-451
104000053,1145,712,433
104000054,737,535,202
104000055,4545,3073,1472
104000056,1718,248,1470
104000057,156,560,-404
104000058,1085,955,130
104000059,633,1452,-819
104000060,1289,1527,-238
104000061,1943,1363,580
104000062,324,174,150
104000064,668,450,218
104000065,228,578,-350
104000069,1664,1103,561
104000070,62,496,-434
104000071,193,563,-370
104000072,752,332,420
104000075,71,343,-272
104000076,664,62,602
104000082,2454,3718,-1264
104000083,821,269,552
104000084,231,627,-396
104000085,260,315,-55
104000086,219,435,-216
104000087,525,1642,-1117
104000090,698,1803,-1105
104000092,1148,3085,-1937
104000094,948,2051,-1103
104000095,2216,1770,446
104000096,1481,363,1118
104000097,1777,1083,694
104000098,1813,1356,457
104000100,1799,739,1060
104000101,1592,2674,-1082
104000106,116,631,-515
104000107,647,642,5
104000108,408,570,-162
104000109,296,95,201
104000110,927,1147,-220
104000111,4618,2322,2296
104000112,2615,603,2012
104000116,2,1356,-1354
104000117,175,864,-689
104000118,557,320,237
104000119,531,314,217
104000120,240,902,-662
104000121,259,853,-594
104000122,654,850,-196
104000123,1157,1481,-324
104000124,1136,3011,-1875
104000125,4551,4054,497
104000126,394,527,-133
104000127,1784,3867,-2083
104000128,854,510,344
104000129,563,62,501
104000130,17,318,-301
104000131,1014,613,401
104000132,946,765,181
104000133,1417,1149,268
104000134,1087,1908,-821
104000135,506,1808,-1302
104000136,864,3619,-2755
104000137,1706,399,1307
104000138,1278,663,615
104000139,7613,3290,4323
104000141,1257,1643,-386
104000142,699,740,-41
104000143,581,637,-56
104000144,75,236,-161
104000145,483,222,261
104000146,366,803,-437
104000147,151,383,-232
104000148,332,186,146
104000149,200,420,-220
104000150,1126,509,617
104000151,482,660,-178
104000152,542,716,-174
104000153,605,536,69
104000154,1212,760,452
104000155,418,571,-153
104000157,1260,1854,-594
104000158,548,409,139
104000159,738,464,274
104000160,1743,1935,-192
104000161,317,247,70
104000162,108,162,-54
104000165,1552,1262,290
104000167,703,1077,-374
104000168,587,13,574
104000169,127,61,66
104000170,560,597,-37
104000248,332,928,-596
104000251,126,270,-144
104000272,0,0,0
104000273,0,0,0
104000274,0,0,0
104000275,0,0,0
104000279,656,550,106
104000290,189,405,-216
104000291,908,1329,-421
104000293,875,724,151
104000294,14,0,14
104000295,727,978,-251
104000296,420,792,-372
104000297,703,1854,-1151
104000298,2346,839,1507
104000299,827,1868,-1041
104900001,170,433,-263
104900002,55,164,-109
104900003,33,323,-290
104900004,91,336,-245
104900005,324,186,138
104900006,264,83,181
104900007,302,271,31
104900009,116,432,-316
104900010,59,49,10
104900011,26,10,16
104900012,200,53,147
104900013,132,34,98
104900014,3750,356,3394
104900015,112,6,106
104900016,202,326,-124
104900017,233,183,50
104900018,7,204,-197
104900019,443,2695,-2252
104900020,71,334,-263
104900021,0,255,-255
104900022,37,145,-108
104900023,0,108,-108
104900024,35,119,-84
104900025,92,349,-257
104900026,3,92,-89
104900027,467,290,177
104900028,17,118,-101
104900029,53,91,-38
104900030,512,237,275
104900031,102,269,-167
104900032,38,208,-170
104900033,164,258,-94
104900034,292,134,158
104900035,323,168,155
104900036,204,96,108
104900037,138,252,-114
104900038,621,656,-35
104900039,802,270,532
104900040,380,122,258
104900041,211,179,32
104900042,173,307,-134
104900043,14,112,-98
104900044,408,270,138
104900045,527,74,453
104900046,141,110,31
104900047,355,161,194
104900048,239,87,152
104900049,26,35,-9
104900050,261,86,175
104900051,341,43,298
104900052,53,2,51
104900053,401,102,299
104900054,120,48,72
104900055,81,1,80
104900056,205,14,191
104900057,33,1,32
104900058,743,150,593
104900059,177,50,127
104900060,2,442,-440
104900061,283,680,-397
104900063,0,144,-144
104900064,1,88,-87
104900065,2,194,-192
104900066,2,232,-230
104900067,3,372,-369
104900068,21,267,-246
104900070,218,262,-44
104900071,0,776,-776
104900072,50,301,-251
104900073,27,271,-244
104900074,76,252,-176
104900075,56,66,-10
104900076,102,369,-267
104900077,1399,174,1225
104900078,159,672,-513
104900079,107,491,-384
104900080,72,503,-431
104900082,10,421,-411
104900085,1,259,-258
104900087,488,8,480
104900089,145,0,145
104900090,748,652,96
104900091,603,725,-122
104900093,288,620,-332
104900097,2933,1878,1055
104900098,103,45,58
104900099,391,711,-320
104900100,654,286,368
104900102,31,217,-186
104900103,410,84,326
104900104,3438,1707,1731
104900106,87,157,-70
104900107,116,316,-200
104900108,27,328,-301
104900109,110,280,-170
104900110,6,64,-58
104900111,146,120,26
104900112,213,888,-675
104900113,643,437,206
104900114,329,584,-255
104900115,603,531,72
104900116,285,249,36
104900118,19,82,-63
104900119,4,46,-42
104900120,92,192,-100
104900121,1,101,-100
104900122,4,88,-84
104900123,49,24,25
104900124,51,1,50
104900125,453,5,448
104900126,79,118,-39
104900127,43,75,-32
104900128,129,266,-137
104900129,2363,1807,556
105000001,2911,1919,992
105000002,2754,1863,891
105000003,3897,4003,-106
105000004,722,1357,-635
105000005,906,1259,-353
105000006,1268,1642,-374
105000007,1494,1454,40
105000008,2316,2879,-563
105000009,2154,3538,-1384
105000010,3892,3096,796
105000011,2875,2895,-20
105000012,5613,3748,1865
105000013,999,1313,-314
105000014,1902,2729,-827
105000015,9374,11142,-1768
105000016,3938,2601,1337
105000017,2063,1054,1009
105000018,1827,1984,-157
105000019,2079,1143,936
105000020,261,534,-273
105000021,696,146,550
105000022,277,76,201
105000023,470,319,151
105000028,114,164,-50
105000029,642,1178,-536
105000030,5312,3927,1385
105000031,4,27,-23
105000033,1585,2588,-1003
105000034,276,844,-568
105000037,773,490,283
105000038,1989,1795,194
105000039,3338,2134,1204
105000040,919,1112,-193
105000041,666,1481,-815
105000042,3371,1624,1747
105000043,2431,2195,236
105000044,505,430,75
105000045,402,1021,-619
105000046,965,403,562
105000047,537,1603,-1066
105000048,768,225,543
105000049,266,781,-515
105000050,832,490,342
105000051,243,632,-389
105000052,645,1074,-429
105000053,308,210,98
105000054,498,1101,-603
105000055,1045,398,647
105000056,1361,2938,-1577
105000057,1400,928,472
105000058,1743,1662,81
105000059,807,857,-50
105000060,789,878,-89
105000061,664,700,-36
105000062,1097,1248,-151
105000063,451,701,-250
105000064,1218,862,356
105000065,503,939,-436
105000066,1472,2181,-709
105000067,1470,857,613
105000068,934,1046,-112
105000069,3008,1653,1355
105000070,1042,874,168
105000071,544,835,-291
105000072,1347,2347,-1000
105000073,955,699,256
105000074,1217,990,227
105000075,877,883,-6
105000076,1882,1286,596
105000077,3067,1115,1952
105000078,1678,1500,178
105000079,2146,2589,-443
105000080,1781,1204,577
105000081,3598,1186,2412
105000082,1401,1129,272
105000083,3837,2076,1761
105000084,1068,1121,-53
105000085,1724,1480,244
105000086,777,1277,-500
105000087,2582,2372,210
105000088,1999,1896,103
105000089,3671,2297,1374
105000090,1177,979,198
105000091,2062,1922,140
105000092,901,1163,-262
105000093,442,294,148
105000094,302,237,65
105000095,115,674,-559
105000096,1634,1054,580
105000097,1779,767,1012
105000098,1643,730,913
105000099,1913,956,957
105000100,1183,1408,-225
105000101,2394,2288,106
105000102,1900,1798,102
105000103,1827,2499,-672
105000104,2555,1203,1352
105000105,1612,2357,-745
105000106,1551,2008,-457
105000107,1345,1145,200
105000108,1255,1876,-621
105000109,1623,2185,-562
105000110,732,1001,-269
105000111,764,961,-197
105000112,1291,1021,270
105000113,434,845,-411
105000114,4041,1493,2548
105000115,348,1349,-1001
105000116,802,622,180
105000117,1200,1545,-345
105000118,478,504,-26
105000119,609,1284,-675
105000120,1163,761,402
105000121,937,1495,-558
105000122,448,795,-347
105000123,1450,1639,-189
105000124,1929,1131,798
105000125,926,2371,-1445
105000126,2281,2236,45
105000127,2696,2692,4
105000128,1079,1508,-429
105000129,1114,400,714
105000130,347,2341,-1994
105000131,1037,512,525
105000132,804,648,156
105000133,634,1221,-587
105000134,706,731,-25
105000135,603,900,-297
105000136,178,509,-331
105000137,398,297,101
105000138,289,583,-294
105000139,1258,1326,-68
105000140,325,648,-323
105000141,316,696,-380
105000142,143,613,-470
105000143,232,873,-641
105000144,343,1030,-687
105000145,655,534,121
105000146,637,1170,-533
105000147,617,455,162
105000148,1247,755,492
105000149,2228,2262,-34
105000150,2250,1978,272
105000151,578,497,81
105000152,159,658,-499
105000153,563,660,-97
105000154,731,801,-70
105000155,367,948,-581
105000156,1076,924,152
105000157,1006,2073,-1067
105000158,1992,903,1089
105000159,359,1382,-1023
105000160,1787,705,1082
105000161,758,1669,-911
105000162,842,1794,-952
105000163,1849,1278,571
105000164,211,392,-181
105000165,1655,5289,-3634
105000166,7871,944,6927
105000167,2966,1469,1497
105000168,359,876,-517
105000169,505,384,121
105000170,237,1705,-1468
105000171,1343,352,991
105000172,188,41,147
105000173,151,34,117
105000174,118,39,79
105000175,77,186,-109
105000176,274,121,153
105000177,285,176,109
105000178,115,665,-550
105000179,399,227,172
105000180,144,125,19
105000181,83,468,-385
105000182,51,58,-7
105000183,2867,1958,909
105000184,2093,1104,989
105000185,1912,966,946
105000186,770,933,-163
105000187,967,238,729
105000188,532,128,404
105000189,383,578,-195
105000190,377,479,-102
105000191,463,440,23
105000192,278,67,211
105000193,178,139,39
105000194,486,102,384
105000195,279,1008,-729
105000196,107,215,-108
105000197,279,688,-409
105000198,662,426,236
105000199,429,672,-243
105000200,195,237,-42
105000201,172,51,121
105000203,13,239,-226
105000204,70,99,-29
105000205,147,257,-110
105000207,724,261,463
105000208,254,545,-291
105000209,221,367,-146
105000211,220,19,201
105000212,1272,1642,-370
105000213,217,250,-33
105000214,112,356,-244
105000215,284,301,-17
105000216,178,365,-187
105000217,170,316,-146
105000218,1264,1395,-131
105000221,194,296,-102
105000222,631,79,552
105000223,406,177,229
105000226,86,413,-327
105000227,76,228,-152
105000228,402,1402,-1000
105000229,146,402,-256
105000231,309,346,-37
105000233,922,860,62
105000234,732,1601,-869
105000235,427,763,-336
105000237,870,128,742
105000243,35,61,-26
105000248,158,108,50
105000262,319,1684,-1365
105000269,106,253,-147
105000270,392,87,305
105000271,0,292,-292
105000282,107,86,21
105000287,419,133,286
105000288,468,533,-65
105000289,3194,1829,1365
105000290,111,10,101
105000402,4615,3108,1507
105000426,630,689,-59
105000438,3704,1280,2424
105000440,9,29,-20
105000446,14385,6259,8126
105000447,8541,3573,4968
105000454,352,1022,-670
105000455,312,230,82
105000474,23,3,20
105000477,283,531,-248
105000478,1884,3522,-1638
105000479,178,177,1
105000480,7360,4443,2917
105000481,3652,3151,501
105000482,6154,6423,-269
105000483,1600,1834,-234
105000484,3165,3441,-276
105000485,1868,2580,-712
105000486,5382,3619,1763
105000488,9499,5942,3557
105000489,1015,1005,10
105000549,155,185,-30
105000550,665,1694,-1029
105000551,42,122,-80
105000552,4044,2476,1568
105000555,1468,1116,352
105000556,50,36,14
105000557,41,224,-183
105900001,4,1244,-1240
105900002,1616,793,823
105900003,12,202,-190
105900004,409,143,266
105900005,11,406,-395
105900006,7,97,-90
105900007,184,20,164
105900008,49,781,-732
105900009,18,18,0
105900011,213,48,165
105900012,536,112,424
105900013,4,21,-17
105900014,16,83,-67
105900015,189,451,-262
105900016,455,760,-305
105900017,1148,58,1090
105900018,169,284,-115
105900019,81,399,-318
105900020,57,85,-28
105900021,42,282,-240
105900022,299,322,-23
105900023,5,121,-116
105900024,10,137,-127
105900025,158,46,112
105900026,293,43,250
105900027,5372,8815,-3443
105900028,497,217,280
105900029,2015,395,1620
105900030,325,344,-19
105900031,440,185,255
105900032,60,181,-121
105900033,553,152,401
105900034,196,276,-80
105900035,246,211,35
105900036,69,150,-81
105900037,94,85,9
105900038,162,434,-272
105900039,138,157,-19
105900040,107,114,-7
105900041,193,346,-153
105900042,63,163,-100
105900043,2250,50,2200
105900044,5,576,-571
105900045,7,789,-782
105900046,1,215,-214
105900047,3,38,-35
105900048,155,812,-657
105900050,7316,1251,6065
105900051,17,1298,-1281
105900052,580,332,248
105900053,4627,2524,2103
105900054,403,313,90
105900056,787,336,451
105900057,38,114,-76
105900058,12,27,-15
105900059,0,40,-40
106000001,4594,2537,2057
106000002,2664,5570,-2906
106000003,3310,4074,-764
106000004,2471,3130,-659
106000005,2984,6171,-3187
106000006,6832,5753,1079
106000007,527,619,-92
106000008,415,401,14
106000009,486,499,-13
106000010,698,676,22
106000011,818,1214,-396
106000012,942,1783,-841
106000013,1782,2157,-375
106000014,1979,2193,-214
106000015,1346,1295,51
106000016,1273,2771,-1498
106000017,701,863,-162
106000018,574,444,130
106000019,423,540,-117
106000020,213,393,-180
106000021,287,519,-232
106000022,310,323,-13
106000023,747,376,371
106000024,596,712,-116
106000025,139,263,-124
106000026,161,288,-127
106000027,1144,1627,-483
106000028,623,682,-59
106000029,1228,1455,-227
106000030,741,433,308
106000034,338,792,-454
106000035,1285,1925,-640
106000036,353,470,-117
106000037,2323,1767,556
106000038,514,173,341
106000039,168,91,77
106000040,246,989,-743
106000041,951,494,457
106000043,679,232,447
106000046,491,50,441
106000047,75,463,-388
106000049,1115,229,886
106000050,378,939,-561
106000051,625,422,203
106000052,108,732,-624
106000053,267,138,129
106000054,411,469,-58
106000055,1038,1223,-185
106000056,302,473,-171
106000057,262,320,-58
106000058,177,232,-55
106000059,255,301,-46
106000060,504,602,-98
106000061,229,637,-408
106000062,127,731,-604
106000063,636,695,-59
106000064,51,469,-418
106000065,269,355,-86
106000066,107,422,-315
106000067,395,112,283
106000068,94,769,-675
106000069,201,89,112
106000070,488,985,-497
106000071,969,419,550
106000072,4611,1960,2651
106000073,2254,3376,-1122
106000074,610,873,-263
106000075,327,1643,-1316
106000076,2003,2419,-416
106000077,3897,1789,2108
106000078,945,1260,-315
106000079,630,1285,-655
106000080,1347,860,487
106000081,707,1454,-747
106000082,2606,1095,1511
106000083,413,1799,-1386
106000084,1263,904,359
106000085,1658,1899,-241
106000086,690,1055,-365
106000087,929,642,287
106000088,448,957,-509
106000089,983,522,461
106000090,322,701,-379
106000091,255,743,-488
106000092,732,300,432
106000093,386,150,236
106000094,95,377,-282
106000095,663,1209,-546
106000096,1032,798,234
106000097,1003,1306,-303
106000098,755,1157,-402
106000099,270,1007,-737
106000100,1634,323,1311
106000101,1469,345,1124
106000102,348,819,-471
106000103,297,663,-366
106000104,979,533,446
106000105,438,812,-374
106000106,539,570,-31
106000107,164,539,-375
106000108,361,477,-116
106000109,172,509,-337
106000110,271,408,-137
106000111,241,594,-353
106000112,208,587,-379
106000113,1098,719,379
106000114,594,660,-66
106000115,248,642,-394
106000116,265,280,-15
106000117,1045,888,157
106000118,1201,1563,-362
106000119,2079,1278,801
106000120,831,1278,-447
106000121,209,161,48
106000122,124,349,-225
106000123,340,244,96
106000124,81,391,-310
106000125,52,346,-294
106000126,332,147,185
106000127,937,1159,-222
106000128,803,267,536
106000129,534,724,-190
106000130,647,457,190
106000131,171,937,-766
106000132,800,221,579
106000133,3334,1591,1743
106000134,725,2151,-1426
106000135,355,935,-580
106000136,658,1046,-388
106000137,127,1386,-1259
106000138,1157,108,1049
106000139,51,169,-118
106000140,35,97,-62
106000141,195,113,82
106000142,78,81,-3
106000143,41,91,-50
106000144,23,88,-65
106000145,238,336,-98
106000146,333,176,157
106000147,563,733,-170
106000148,745,983,-238
106000149,663,484,179
106000150,541,2251,-1710
106000151,4230,881,3349
106000152,1651,2126,-475
106000153,171,1103,-932
106000154,1843,300,1543
106000155,129,282,-153
106000156,680,335,345
106000157,724,1957,-1233
106000158,3246,1035,2211
106000159,4251,2054,2197
106000160,364,2910,-2546
106000161,1607,504,1103
106000162,229,1053,-824
106000163,295,565,-270
106000164,411,389,22
106000165,249,731,-482
106000166,778,288,490
106000167,379,1475,-1096
106000168,403,253,150
106000169,208,731,-523
106000170,703,270,433
106000171,131,1231,-1100
106000172,2964,1402,1562
106000173,1151,3270,-2119
106000174,1180,493,687
106000175,331,1162,-831
106000176,1535,861,674
106000177,981,2635,-1654
106000178,3414,2109,1305
106000179,1364,2678,-1314
106000180,886,1691,-805
106000181,659,1906,-1247
106000182,1053,765,288
106000183,1107,908,199
106000184,2362,874,1488
106000185,1726,1095,631
106000186,1007,174,833
106000187,239,1239,-1000
106000188,0,2,-2
106000189,14,92,-78
106000190,27,1,26
106000191,682,262,420
106000192,20,18,2
106000193,446,262,184
106000194,174,381,-207
106000195,308,101,207
106000196,98,345,-247
106000197,453,304,149
106000198,117,382,-265
106000199,921,910,11
106000200,342,216,126
106000201,547,3190,-2643
106000202,5692,696,4996
106000203,144,251,-107
106000204,104,10,94
106000205,27,191,-164
106000206,128,26,102
106000207,68,920,-852
106000208,1256,225,1031
106000209,1275,381,894
106000210,284,1420,-1136
106000211,386,1456,-1070
106000212,871,416,455
106000213,835,1863,-1028
106000214,2673,644,2029
106000215,347,634,-287
106000216,385,457,-72
106000217,326,574,-248
106000218,613,438,175
106000219,161,424,-263
106000220,438,309,129
106000221,145,301,-156
106000222,50,124,-74
106000223,170,119,51
106000224,213,306,-93
106000225,127,102,25
106000226,146,342,-196
106000228,39,144,-105
106000229,131,763,-632
106000231,851,174,677
106000232,92,354,-262
106000233,627,146,481
106000234,139,157,-18
106000235,552,118,434
106000236,203,66,137
106000237,5,9,-4
106000238,147,13,134
106000239,3,164,-161
106000240,70,22,48
106000241,23,840,-817
106000242,390,46,344
106000249,60,112,-52
106000250,68,622,-554
106000251,69,57,12
106000252,38,98,-60
106000253,40,102,-62
106000254,41,47,-6
106000255,19,161,-142
106000256,80,70,10
106000257,151,215,-64
106000258,297,24,273
106000259,6,76,-70
106000260,45,18,27
106000261,5,67,-62
106000262,98,20,78
106000263,30,115,-85
106000264,196,6,190
106000265,18,178,-160
106000266,174,37,137
106000267,3,95,-92
106000268,568,69,499
106000269,97,73,24
106000270,176,573,-397
106000271,85,239,-154
106000272,199,72,127
106000273,12,288,-276
106000274,187,61,126
106000275,168,272,-104
106000276,219,60,159
106000277,123,222,-99
106000278,251,42,209
106000279,23,56,-33
106000280,109,164,-55
106000281,99,64,35
106000282,64,62,2
106000283,154,96,58
106000284,70,118,-48
106000285,130,114,16
106000286,66,136,-70
106000287,131,99,32
106000288,82,165,-83
106000289,73,108,-35
106000290,93,149,-56
106000291,67,144,-77
106000292,141,126,15
106000293,115,116,-1
106000294,111,133,-22
106000295,35,30,5
106000296,48,112,-64
106000297,62,263,-201
106000298,140,69,71
106000299,72,178,-106
106000300,47,111,-64
106000301,71,90,-19
106000303,22,82,-60
106000304,26,42,-16
106000305,25,83,-58
106000306,25,78,-53
106000307,47,28,19
106000308,42,141,-99
106000309,18,75,-57
106000310,353,738,-385
106000311,348,182,166
106000312,101,235,-134
106000313,165,236,-71
106000318,165,357,-192
106000319,1049,218,831
106000320,2,44,-42
106000321,385,62,323
106000322,106,206,-100
106000324,12,160,-148
106000325,1531,1063,468
106000326,1106,2114,-1008
106000327,150,155,-5
106000328,12,123,-111
106000329,71,337,-266
106000330,53,84,-31
106000428,122,202,-80
106000429,180,640,-460
106000430,493,1615,-1122
106000431,2291,460,1831
106000432,2229,3627,-1398
106000433,2209,1502,707
106000434,3199,1606,1593
106000435,2244,3556,-1312
106000436,18,351,-333
106000437,363,32,331
106000438,960,145,815
106000439,92,491,-399
106000440,320,666,-346
106000441,3,5,-2
106000442,295,13,282
106000443,145,437,-292
106000450,1,247,-246
106000451,44,38,6
106000454,9,248,-239
106000455,22,231,-209
106000456,177,50,127
106000457,24,1193,-1169
106000458,735,181,554
106000459,220,587,-367
106000460,1295,60,1235
106000461,124,1571,-1447
106000462,0,37,-37
106000463,5,24,-19
106000464,7,536,-529
106000465,570,3,567
106000466,2,802,-800
106000467,645,616,29
106000468,82,228,-146
106000469,257,3,254
106000470,255,1922,-1667
106000471,26,715,-689
106000472,142,17,125
106000473,23,26,-3
106000474,488,772,-284
106000475,350,215,135
106000476,188,216,-28
106000477,62,179,-117
106000480,0,363,-363
106900001,0,17,-17
106900002,5,609,-604
106900003,276,1069,-793
106900004,5,64,-59
106900006,0,9,-9
106900007,0,9,-9
106900008,304,322,-18
106900009,318,424,-106
106900010,266,349,-83
106900012,1977,2129,-152
106900013,657,153,504
106900014,46,3,43
106900015,21,2,19
106900016,343,9,334
106900017,4,1,3
106900018,2,1,1
106900019,21,3,18
106900020,3170,1443,1727
106900021,147,76,71
106900022,645,2,643
106900023,94,337,-243
106900024,602,40,562
106900025,59,681,-622
106900026,2,861,-859
106900027,762,4,758
107000001,4547,3213,1334
107000002,4659,5695,-1036
107000003,5233,7493,-2260
107000004,6126,6547,-421
107000005,4563,5865,-1302
107000006,5799,6850,-1051
107000007,5648,11419,-5771
107000008,14839,11503,3336
107000009,7123,8300,-1177
107000010,12917,13535,-618
107000011,1460,1755,-295
107000012,5132,4245,887
107000013,80,172,-92
107000014,38,358,-320
107000015,659,989,-330
107000016,754,1225,-471
107000017,7249,1324,5925
107000018,46,577,-531
107000020,4903,707,4196
107000021,1653,829,824
107000022,1177,1368,-191
107000023,2446,494,1952
107000024,624,1773,-1149
107000025,265,573,-308
107000026,238,698,-460
107000027,1611,1587,24
107000028,1410,1975,-565
107000029,3495,3094,401
107000030,3866,4128,-262
107000031,3882,2853,1029
107000032,566,1247,-681
107000033,3957,7204,-3247
107000034,4721,2205,2516
107000035,479,366,113
107000036,554,1864,-1310
107000037,94,995,-901
107000038,386,313,73
107000039,959,908,51
107000040,211,416,-205
107000041,1812,836,976
107000042,803,1953,-1150
107000043,3131,1156,1975
107000044,707,378,329
107000045,127,348,-221
107000046,737,446,291
107000047,447,946,-499
107000048,666,337,329
107000049,647,889,-242
107000050,1163,673,490
107000051,599,427,172
107000052,1386,1167,219
107000053,436,252,184
107000054,75,360,-285
107000055,375,242,133
107000056,617,1053,-436
107000057,2395,341,2054
107000058,2292,2499,-207
107000059,2533,4227,-1694
107000060,4052,6095,-2043
107000061,6460,4782,1678
107000062,4008,3332,676
107000063,4953,6702,-1749
107000064,5360,2661,2699
107000065,5485,5938,-453
107000066,2303,2996,-693
107000067,1174,1312,-138
107000068,1735,724,1011
107000069,877,547,330
107000070,1084,37,1047
107000071,2994,68,2926
107000072,77,3460,-3383
107000073,742,345,397
107000074,232,1142,-910
107000075,1951,571,1380
107000076,915,1898,-983
107000077,3241,1430,1811
107000078,2884,3875,-991
107000079,2574,1199,1375
107000080,1448,3878,-2430
107000081,1606,702,904
107000082,626,2340,-1714
107000083,1355,521,834
107000084,570,2244,-1674
107000085,3194,4063,-869
107000086,4181,4269,-88
107000087,3088,2513,575
107000088,3954,4410,-456
107000089,1520,2358,-838
107000090,1253,1565,-312
107000091,1241,1005,236
107000092,890,1431,-541
107000093,1259,927,332
107000094,1351,1493,-142
107000095,777,785,-8
107000096,657,1154,-497
107000097,940,443,497
107000098,755,898,-143
107000099,573,336,237
107000100,322,306,16
107000101,85,214,-129
107000102,492,435,57
107000103,352,325,27
107000104,282,496,-214
107000105,402,211,191
107000106,232,408,-176
107000107,740,218,522
107000108,298,881,-583
107000109,729,235,494
107000110,94,612,-518
107000111,360,67,293
107000112,61,429,-368
107000113,646,149,497
107000114,115,836,-721
107000115,525,177,348
107000116,113,1131,-1018
107000117,132,761,-629
107000118,157,297,-140
107000119,1884,1875,9
107000120,2533,508,2025
107000121,692,847,-155
107000122,1254,1051,203
107000123,385,921,-536
107000124,646,1023,-377
107000125,896,946,-50
107000126,1015,976,39
107000129,442,1059,-617
107000130,876,264,612
107000131,503,816,-313
107000132,619,398,221
107000133,957,132,825
107000134,316,2,314
107000135,7,275,-268
107000136,1060,2,1058
107000137,11,440,-429
107000138,432,33,399
107000139,29,422,-393
107000140,1718,139,1579
107000141,168,961,-793
107000142,464,133,331
107000143,101,940,-839
107000144,514,534,-20
107000145,186,626,-440
107000146,174,459,-285
107000147,4998,1480,3518
107000150,855,3904,-3049
107000151,52,94,-42
107000152,742,1530,-788
107000153,348,437,-89
107000154,314,222,92
107000155,1373,52,1321
107000156,1184,46,1138
107000157,59,2228,-2169
107000158,744,40,704
107000159,65,1648,-1583
107000160,875,233,642
107000161,138,1971,-1833
107000162,258,822,-564
107000163,338,9,329
107000164,658,2,656
107000165,904,5,899
107000166,39,1448,-1409
107000167,568,299,269
107000168,931,560,371
107000169,1033,1018,15
107000170,2020,883,1137
107000171,562,2640,-2078
107000172,1136,1801,-665
107000173,805,1336,-531
107000174,971,5397,-4426
107000175,8597,2292,6305
107000176,0,1,-1
107000177,8,0,8
107000178,8,52,-44
107000179,275,3010,-2735
107000180,1159,418,741
107000181,475,1668,-1193
107000182,1530,1131,399
107000183,154,992,-838
107000184,1056,833,223
107000185,460,1441,-981
107000186,1122,428,694
107000187,1275,1678,-403
107000188,691,744,-53
107000189,419,1239,-820
107000190,622,921,-299
107000191,836,1567,-731
107000192,1639,1018,621
107000193,500,537,-37
107000194,1145,891,254
107000197,1037,265,772
107000198,326,902,-576
107000199,658,1023,-365
107000200,972,907,65
107000201,364,275,89
107000202,385,641,-256
107000203,1453,644,809
107000204,2479,716,1763
107000205,2524,1215,1309
107000206,1160,1330,-170
107000207,1017,1238,-221
107000208,1387,558,829
107000209,2465,1400,1065
107000210,855,489,366
107000211,15,44,-29
107000212,6,566,-560
107000213,5,43,-38
107000214,13,291,-278
107000215,405,510,-105
107000216,389,453,-64
107000217,150,149,1
107000219,118,129,-11
107000220,248,245,3
107000222,292,877,-585
107000224,363,98,265
107000225,148,607,-459
107000226,375,111,264
107000227,97,325,-228
107000228,80,243,-163
107000229,379,296,83
107000230,1318,667,651
107000231,2193,1464,729
107000232,136,99,37
107000233,1756,955,801
107000234,2,48,-46
107000235,84,4,80
107000236,27,720,-693
107000237,19,6,13
107000238,31,2,29
107000239,4517,665,3852
107000240,94,1276,-1182
107000243,0,65,-65
107000244,5,109,-104
107000246,1,1342,-1341
107000249,5,1294,-1289
107000251,3,327,-324
107000252,3,1160,-1157
107000255,593,98,495
107000257,2,501,-499
107000258,3,162,-159
107000259,13,250,-237
107000260,675,4,671
107000262,11,632,-621
107000263,219,6,213
107000266,3,13,-10
107000267,66,182,-116
107000268,187,176,11
107000269,797,54,743
107000270,0,17,-17
107000271,11,1012,-1001
107000272,13,203,-190
107000273,6,296,-290
107000274,4838,274,4564
107000275,432,798,-366
107000280,729,55,674
107000281,40,1253,-1213
107000282,42,1201,-1159
107000290,4,26,-22
107000291,57,15,42
107000292,4,59,-55
107000293,323,4,319
107000294,1,44,-43
107000295,24,3,21
107000296,0,23,-23
107000444,491,8,483
107000496,3,24,-21
107000497,1576,3026,-1450
107000500,381,419,-38
107000501,132,166,-34
107000502,330,406,-76
107000505,658,1002,-344
107000506,1,15,-14
107000508,6,731,-725
107000509,279,1052,-773
107000510,28,20,8
107000514,44,397,-353
107000515,12,259,-247
107000516,304,275,29
107000518,1337,1210,127
107000519,3375,1313,2062
107000520,118,35,83
107000521,774,573,201
107000522,866,885,-19
107900001,31,159,-128
107900002,39,2,37
107900003,241,14,227
107900004,13,2,11
107900005,1273,4,1269
107900006,242,2,240
107900007,358,32,326
107900008,109,49,60
107900009,208,6,202
107900010,18,0,18
107900012,264,26,238
107900013,263,53,210
107900014,41,4,37
107900015,1004,15,989
107900016,601,95,506
107900017,14,2,12
107900018,55,131,-76
107900019,15,71,-56
107900020,141,15,126
107900021,68,160,-92
107900023,2,1,1
107900024,0,33,-33
107900025,191,334,-143
107900026,71,92,-21
107900027,85,50,35
107900028,71,99,-28
107900030,135,27,108
107900031,92,217,-125
107900032,28,1,27
107900033,21,7,14
107900034,338,9,329
107900035,806,39,767
107900036,52,9,43
107900037,0,52,-52
107900038,118,227,-109
107900039,29,58,-29
107900040,68,64,4
107900041,0,0,0
107900043,51,240,-189
107900044,7,5,2
107900045,109,66,43
107900046,169,148,21
107900047,31,89,-58
107900048,239,4,235
107900049,324,1584,-1260
107900050,150,426,-276
107900051,116,85,31
107900052,53,22,31
107900053,16,88,-72
107900055,480,204,276
107900056,145,31,114
107900057,2,0,2
107900058,42,831,-789
107900060,35,39,-4
107900061,24,3,21
107900063,84,148,-64
107900064,352,116,236
107900065,192,12,180
107900066,21,5,16
107900067,1,0,1
107900068,288,279,9
107900069,56,1974,-1918
107900070,123,34,89
107900071,32,940,-908
107900072,75,216,-141
107900073,102,138,-36
107900074,884,192,692
107900076,109,54,55
107900077,47,1,46
107900079,4,25,-21
107900080,404,299,105
107900081,36,146,-110
107900082,39,18,21
107900083,261,139,122
107900084,98,86,12
107900086,48,163,-115
107900087,763,135,628
107900088,11,12,-1
107900089,398,1066,-668
107900090,608,2428,-1820
107900091,208,457,-249
107900093,121,77,44
107900095,3939,2392,1547
107900097,18,58,-40
107900098,33,124,-91
107900100,1121,1477,-356
107900101,1332,234,1098
107900102,21,6,15
107900103,54,249,-195
107900104,243,10,233
107900105,6,598,-592
107900106,4,1574,-1570
107900107,1094,520,574
107900108,427,152,275
107900109,1232,9,1223
107900110,37,112,-75
107900111,8,1067,-1059
107900112,179,374,-195
107900113,212,165,47
107900114,159,194,-35
107900115,1,41,-40
107900116,147,207,-60
107900117,578,473,105
107900118,90,212,-122
107900119,117,276,-159
107900120,17,33,-16
107900121,3,165,-162
107900122,12,66,-54
107900123,3,29,-26
107900124,41,40,1
107900125,45,225,-180
107900126,10,87,-77
107900127,487,303,184
107900128,111,91,20
107900129,40,31,9
107900130,91,29,62
107900131,771,231,540
107900132,173,406,-233
107900133,0,80,-80
107900134,38,64,-26
107900135,5,192,-187
107900136,44,33,11
107900137,109,107,2
107900138,55,27,28
107900139,30,58,-28
107900141,49,51,-2
107900142,107,1049,-942
107900143,64,56,8
107900144,1,181,-180
107900145,15,77,-62
107900146,45,146,-101
107900147,44,40,4
107900148,188,163,25
107900149,1404,234,1170
107900150,139,944,-805
107900151,48,138,-90
107900152,15,236,-221
107900153,203,342,-139
107900154,34,18,16
107900155,71,73,-2
107900156,0,281,-281
107900157,42,87,-45
107900158,728,39,689
107900159,35,1031,-996
107900160,139,164,-25
107900161,9,217,-208
107900162,0,50,-50
107900163,100,17,83
107900164,4,41,-37
107900165,62,129,-67
107900166,17,191,-174
107900167,52,28,24
107900168,19,47,-28
107900169,0,202,-202
107900171,15,1876,-1861
107900172,2,415,-413
107900173,14,162,-148
107900174,132,5,127
107900175,21,20,1
107900176,26,29,-3
107900177,0,87,-87
107900178,0,217,-217
107900179,16,177,-161
107900180,906,491,415
107900181,323,411,-88
107900182,6,1578,-1572
107900183,32,315,-283
107900184,106,242,-136
107900185,142,8,134
107900186,32,63,-31
107900187,1,140,-139
107900188,931,154,777
107900189,15,168,-153
107900190,93,99,-6
107900191,44,161,-117
107900193,20,54,-34
107900194,335,12,323
107900195,3812,501,3311
107900196,63,88,-25
107900197,945,304,641
107900199,4,1337,-1333
107900201,98,106,-8
107900203,35,90,-55
107900204,218,177,41
107900206,1226,148,1078
107900207,1,712,-711
107900208,8,830,-822
107900209,401,146,255
107900210,110,147,-37
107900213,456,400,56
107900214,11,153,-142
107900215,152,252,-100
107900216,165,105,60
107900217,74,99,-25
107900218,30,1557,-1527
107900219,48,152,-104
107900220,290,254,36
107900221,193,221,-28
107900223,119,659,-540
107900224,109,301,-192
107900225,13,881,-868
107900226,101,172,-71
107900227,125,467,-342
107900228,18,115,-97
107900229,3,259,-256
107900230,9,134,-125
107900231,18,259,-241
107900232,67,204,-137
107900233,6,187,-181
107900234,94,173,-79
107900235,23,91,-68
107900236,108,107,1
107900237,95,413,-318
107900238,44,108,-64
107900239,1129,505,624
107900240,52,146,-94
107900241,19,85,-66
107900242,31,330,-299
107900243,2,77,-75
107900244,336,4,332
107900245,613,34,579
107900246,256,14,242
107900248,398,539,-141
107900249,628,27,601
107900250,4,581,-577
107900251,120,1587,-1467
107900252,856,17,839
107900253,155,1,154
107900254,73,431,-358
107900255,318,96,222
107900256,1956,661,1295
107900257,170,105,65
107900258,80,334,-254
107900259,120,2000,-1880
107900261,8,475,-467
107900262,51,155,-104
107900264,264,6,258
107900265,119,180,-61
107900267,229,29,200
107900268,53,10,43
107900269,1,8,-7
107900270,0,0,0
107900271,2,12,-10
107900272,129,24,105
107900273,46,113,-67
107900274,63,0,63
107900275,21,1,20
107900276,2,92,-90
107900277,1,237,-236
107900278,230,336,-106
107900279,161,170,-9
107900280,1686,2481,-795
107900281,2761,2980,-219
107900282,68,445,-377
107900283,1451,523,928
107900284,989,916,73
107900285,88,102,-14
107900286,187,116,71
107900287,166,196,-30
107900290,3,116,-113
107900291,350,24,326
107900292,156,278,-122
107900293,116,538,-422
107900295,49,102,-53
107900297,4,353,-349
107900298,1022,976,46
107900299,3784,2116,1668
107900301,741,641,100
107900302,95,63,32
107900303,146,326,-180
107900304,242,488,-246
107900305,265,14,251
107900306,17,17,0
107900307,42,266,-224
107900308,127,52,75
107900309,197,6,191
107900310,395,3,392
107900311,0,129,-129
107900312,112,0,112
107900313,0,115,-115
107900314,2,38,-36
107900315,0,40,-40
107900316,53,0,53
107900317,157,12,145
107900318,9,188,-179
107900319,7,238,-231
107900320,0,215,-215
107900321,117,8,109
107900322,3,156,-153
107900323,9,179,-170
107900324,149,8,141
107900325,125,0,125
107900326,376,362,14
107900327,2,56,-54
107900328,259,2,257
107900329,237,112,125
107900330,14,498,-484
107900331,192,30,162
107900332,201,43,158
107900333,72,15,57
107900334,11,196,-185
107900335,60,80,-20
107900336,56,27,29
107900337,1431,794,637
107900338,2,187,-185
107900339,5,40,-35
107900340,2,47,-45
107900341,37,1,36
107900342,149,109,40
107900343,99,2,97
107900344,4,76,-72
107900345,94,30,64
107900346,19,0,19
107900347,24,4,20
107900348,2,2,0
107900349,23,2,21
107900350,31,264,-233
107900351,2,251,-249
107900352,1,49,-48
107900353,12,4,8
107900354,64,57,7
108000001,2765,4089,-1324
108000002,2779,3451,-672
108000003,3702,3103,599
108000004,17535,19540,-2005
108000005,8360,6116,2244
108000006,9908,8981,927
108000007,5349,4648,701
108000008,5653,7553,-1900
108000009,3892,4576,-684
108000010,3765,5729,-1964
108000011,11313,12686,-1373
108000012,20306,19944,362
108000014,1204,832,372
108000015,807,306,501
108000016,301,874,-573
108000017,977,407,570
108000018,1624,657,967
108000019,2353,869,1484
108000020,1417,537,880
108000021,438,2059,-1621
108000022,501,1684,-1183
108000023,1161,211,950
108000024,278,745,-467
108000025,300,338,-38
108000026,670,659,11
108000027,669,903,-234
108000028,693,329,364
108000029,630,1125,-495
108000030,984,279,705
108000031,364,691,-327
108000032,1453,651,802
108000033,796,1442,-646
108000034,1533,486,1047
108000035,921,2925,-2004
108000036,393,1441,-1048
108000037,1435,489,946
108000038,2272,618,1654
108000039,632,2759,-2127
108000040,1892,887,1005
108000041,745,3155,-2410
108000042,282,249,33
108000043,248,364,-116
108000044,419,210,209
108000045,291,808,-517
108000046,1432,356,1076
108000047,464,1345,-881
108000048,214,528,-314
108000049,875,296,579
108000050,177,838,-661
108000051,264,141,123
108000052,235,851,-616
108000053,400,206,194
108000054,540,1192,-652
108000055,1215,530,685
108000056,1661,1545,116
108000057,800,1259,-459
108000058,2216,3690,-1474
108000059,4021,2555,1466
108000060,235,706,-471
108000061,346,618,-272
108000062,706,636,70
108000063,428,599,-171
108000064,215,384,-169
108000065,687,585,102
108000066,1791,879,912
108000067,1765,598,1167
108000068,723,470,253
108000069,305,1236,-931
108000070,1675,779,896
108000071,698,1932,-1234
108000072,1630,1181,449
108000073,1627,2150,-523
108000074,529,395,134
108000075,372,932,-560
108000076,780,646,134
108000077,703,786,-83
108000078,2111,1698,413
108000079,1043,2217,-1174
108000080,1141,630,511
108000081,638,2240,-1602
108000082,1218,2220,-1002
108000083,1809,1049,760
108000084,457,1343,-886
108000085,621,555,66
108000086,932,902,30
108000087,93,1786,-1693
108000088,789,202,587
108000089,358,371,-13
108000091,233,631,-398
108000092,176,109,67
108000093,194,768,-574
108000094,529,126,403
108000095,137,576,-439
108000096,330,207,123
108000097,186,592,-406
108000098,1525,1689,-164
108000099,1141,368,773
108000100,162,568,-406
108000101,1382,1627,-245
108000102,1800,3673,-1873
108000106,893,3,890
108000107,5,814,-809
108000108,780,59,721
108000109,21,895,-874
108000110,207,436,-229
108000111,195,839,-644
108000112,86,126,-40
108000113,611,348,263
108000115,433,467,-34
108000117,844,384,460
108000118,621,1505,-884
108000119,818,465,353
108000120,159,924,-765
108000121,241,651,-410
108000122,533,432,101
108000123,667,282,385
108000124,349,718,-369
108000125,370,337,33
108000126,170,534,-364
108000127,536,377,159
108000128,677,650,27
108000129,327,1492,-1165
108000130,491,338,153
108000131,1017,566,451
108000132,2641,1822,819
108000133,886,599,287
108000134,638,766,-128
108000135,1063,514,549
108000136,650,1158,-508
108000137,418,576,-158
108000138,302,1326,-1024
108000139,463,399,64
108000140,94,33,61
108000141,50,112,-62
108000142,62,126,-64
108000143,46,673,-627
108000144,332,88,244
108000145,49,29,20
108000146,520,84,436
108000147,32,56,-24
108000148,496,99,397
108000149,34,45,-11
108000150,26,9,17
108000151,436,69,367
108000152,141,670,-529
108000153,414,153,261
108000154,76,12,64
108000155,29,22,7
108000156,832,703,129
108000157,222,735,-513
108000158,100,679,-579
108000159,746,224,522
108000160,4415,1113,3302
108000161,3727,2501,1226
108000165,7,158,-151
108000172,6,333,-327
108000173,2602,2048,554
108000175,486,99,387
108000178,571,420,151
108000179,247,755,-508
108000181,94,47,47
108000182,413,118,295
108000183,99,572,-473
108000184,1177,2110,-933
108000185,206,619,-413
108000186,390,636,-246
108000187,130,743,-613
108000188,617,296,321
108000189,2829,6863,-4034
108000190,56,148,-92
108000192,252,768,-516
108000193,896,40,856
108000194,51,22,29
108000195,4,1309,-1305
108000196,265,206,59
108000198,886,601,285
108000199,1,250,-249
108000200,403,751,-348
108000203,156,903,-747
108000204,112,56,56
108000205,452,575,-123
108000339,1700,424,1276
108000364,367,920,-553
108000365,80,367,-287
108000367,202,441,-239
108000368,11,78,-67
108000369,1488,277,1211
108000371,14,807,-793
108000372,645,12,633
108000373,277,207,70
108000376,60,19,41
108000377,415,381,34
108000378,9561,10663,-1102
108000379,28,247,-219
108000381,60,13,47
108000382,283,4,279
108000383,0,252,-252
108900001,112,1279,-1167
108900002,219,73,146
108900003,322,931,-609
108900004,1406,469,937
108900007,187,206,-19
108900008,85,161,-76
108900009,59,127,-68
108900010,232,201,31
108900011,425,494,-69
108900012,257,504,-247
108900013,145,307,-162
108900014,14,129,-115
108900015,1,42,-41
108900016,0,303,-303
108900017,268,298,-30
108900018,133,533,-400
108900019,45,999,-954
108900020,43,236,-193
108900021,111,267,-156
108900022,162,7,155
108900023,0,27,-27
108900024,21,155,-134
108900025,88,179,-91
108900026,28,103,-75
108900027,0,94,-94
108900028,65,473,-408
108900029,60,356,-296
108900030,0,129,-129
108900031,68,497,-429
108900032,18,300,-282
108900033,0,70,-70
108900034,3,261,-258
108900035,342,1675,-1333
108900038,2,424,-422
108900039,0,521,-521
108900040,9,116,-107
108900041,5684,2748,2936
108900042,9,395,-386
108900043,75,470,-395
108900044,1,558,-557
108900045,41,687,-646
108900046,58,1026,-968
108900047,0,123,-123
108900048,122,1135,-1013
108900049,5345,1291,4054
108900050,1,255,-254
108900051,3,247,-244
108900052,14,236,-222
108900053,81,157,-76
108900054,76,239,-163
108900055,72,402,-330
108900056,0,196,-196
108900057,2,180,-178
108900058,26,414,-388
108900059,348,20,328
108900060,133,167,-34
108900061,89,23,66
108900062,13,347,-334
108900063,11,381,-370
108900064,187,107,80
108900065,10,327,-317
108900066,257,118,139
108900067,11,234,-223
108900068,8,221,-213
108900069,54,156,-102
108900070,31,134,-103
108900071,88,63,25
108900072,2588,547,2041
108900073,25,451,-426
108900074,148,588,-440
108900075,64,53,11
108900076,258,75,183
108900077,126,603,-477
108900078,20,242,-222
108900079,1009,253,756
108900080,27,791,-764
108900081,61,326,-265
108900082,41,138,-97
108900083,30,266,-236
108900085,2627,239,2388
108900086,77,315,-238
108900087,127,253,-126
108900088,935,421,514
108900089,23,139,-116
108900090,27,420,-393
108900091,117,112,5
108900092,444,436,8
108900093,66,103,-37
108900094,214,109,105
108900095,62,493,-431
108900096,438,27,411
108900097,253,298,-45
108900098,3207,508,2699
108900099,284,362,-78
108900100,86,159,-73
108900101,172,113,59
108900102,110,912,-802
108900103,64,141,-77
108900105,9,1165,-1156
108900106,357,437,-80
108900108,793,57,736
108900109,340,64,276
108900110,175,498,-323
108900111,447,699,-252
108900113,48,51,-3
108900114,48,14,34
108900115,63,85,-22
108900116,61,19,42
108900117,171,42,129
108900118,503,20,483
108900119,237,52,185
108900120,265,200,65
108900121,352,94,258
108900122,109,47,62
108900123,127,96,31
108900124,432,170,262
108900125,330,8,322
108900126,84,21,63
108900127,191,30,161
108900128,81,25,56
108900129,708,175,533
108900130,325,2,323
108900131,352,5,347
108900132,466,80,386
108900133,237,73,164
108900134,265,316,-51
108900135,132,7,125
108900136,74,0,74
108900137,131,0,131
108900138,622,28,594
108900140,266,295,-29
108900141,266,15,251
108900142,106,8,98
108900143,44,1,43
108900144,79,0,79
108900145,146,10,136
108900146,76,0,76
108900147,233,0,233
108900148,86,42,44
108900150,259,10,249
108900151,153,6,147
108900152,97,16,81
108900153,136,455,-319
108900154,4523,591,3932
108900156,99,5,94
108900157,26,585,-559
108900158,290,32,258
108900159,6,373,-367
108900160,11,310,-299
108900161,5,572,-567
108900162,79,0,79
108900163,5,291,-286
108900164,53,97,-44
108900168,9746,2334,7412
108900169,44,150,-106
108900171,7698,2678,5020
108900172,185,58,127
108900173,229,485,-256
108900174,671,654,17
108900176,125,713,-588
108900177,7565,4559,3006
108900178,4993,2954,2039
108900180,77,272,-195
108900183,176,213,-37
108900184,373,158,215
108900185,105,328,-223
108900186,41,381,-340
108900189,231,164,67
108900190,85,3506,-3421
108900192,74,240,-166
108900195,110,339,-229
108900196,26,489,-463
108900199,269,458,-189
108900200,921,397,524
108900201,514,1675,-1161
108900203,483,63,420
108900204,348,14,334
108900205,183,41,142
108900206,375,40,335
108900207,176,79,97
108900208,28,395,-367
108900209,362,657,-295
108900210,181,265,-84
108900211,183,404,-221
108900212,758,1256,-498
108900215,93,542,-449
108900216,506,172,334
108900217,166,0,166
108900218,174,26,148
108900221,60,178,-118
108900224,40,192,-152
108900225,0,210,-210
108900227,108,268,-160
108900230,344,304,40
108900232,0,316,-316
108900233,280,53,227
108900234,280,146,134
108900235,234,696,-462
108900236,26,365,-339
108900240,129,136,-7
108900241,27,44,-17
108900245,12,1269,-1257
108900250,242,154,88
108900258,6,255,-249
108900259,69,87,-18
108900260,9,119,-110
108900261,125,130,-5
108900262,206,181,25
108900263,32,192,-160
108900264,694,321,373
108900265,1125,311,814
108900266,1098,482,616
108900267,3,91,-88
108900268,7,2,5
108900269,62,8,54
108900270,51,11,40
108900271,64,10,54
108900272,240,16,224
108900273,1231,819,412
108900274,74,74,0
109000001,4244,1580,2664
109000002,2424,1895,529
109000003,2492,624,1868
109000004,634,2880,-2246
109000005,2677,854,1823
109000006,970,2570,-1600
109000007,1551,725,826
109000008,639,2336,-1697
109000009,3564,1558,2006
109000010,1869,4758,-2889
109000011,3330,2288,1042
109000012,2290,4281,-1991
109000013,3206,3143,63
109000014,1853,3987,-2134
109000015,3654,6921,-3267
109000016,9454,4943,4511
109000017,2211,1379,832
109000018,1181,4022,-2841
109000019,3334,1548,1786
109000020,1539,2417,-878
109000023,227,40,187
109000024,9,220,-211
109000025,469,573,-104
109000026,889,403,486
109000027,103,379,-276
109000028,112,110,2
109000029,149,268,-119
109000030,97,687,-590
109000031,184,150,34
109000032,136,496,-360
109000033,473,207,266
109000034,58,69,-11
109000035,13,84,-71
109000036,131,437,-306
109000037,239,1203,-964
109000038,658,450,208
109000039,932,576,356
109000040,5372,6942,-1570
109000041,4876,1597,3279
109000042,891,1377,-486
109000044,404,78,326
109000045,143,409,-266
109000046,302,103,199
109000047,120,466,-346
109000048,910,202,708
109000049,399,627,-228
109000050,376,289,87
109000051,372,296,76
109000052,569,1435,-866
109000053,209,102,107
109000054,350,587,-237
109000055,335,266,69
109000056,342,568,-226
109000057,522,376,146
109000058,1006,313,693
109000059,993,1492,-499
109000060,575,455,120
109000061,1414,1002,412
109000062,128,364,-236
109000063,210,241,-31
109000064,207,231,-24
109000065,115,342,-227
109000066,420,161,259
109000067,83,376,-293
109000068,2838,9,2829
109000069,1069,48,1021
109000070,13,1259,-1246
109000071,432,90,342
109000072,141,399,-258
109000073,54,139,-85
109000074,31,244,-213
109000075,97,387,-290
109000076,136,241,-105
109000077,380,274,106
109000078,94,220,-126
109000079,186,253,-67
109000080,150,124,26
109000081,126,611,-485
109000082,604,301,303
109000083,310,866,-556
109000088,173,538,-365
109000089,242,62,180
109000090,153,463,-310
109000091,249,176,73
109000092,396,690,-294
109000093,203,208,-5
109000094,393,2,391
109000095,133,578,-445
109000096,629,299,330
109000097,75,190,-115
109000098,98,94,4
109000099,891,449,442
109000100,243,753,-510
109000101,1207,890,317
109000102,362,900,-538
109000103,489,705,-216
109000104,1377,708,669
109000105,556,1439,-883
109000106,1851,936,915
109000107,660,2526,-1866
109000108,1638,650,988
109000109,506,2168,-1662
109000110,1221,595,626
109000111,1140,2484,-1344
109000112,440,205,235
109000113,551,266,285
109000114,172,515,-343
109000115,1435,135,1300
109000116,15,269,-254
109000117,196,102,94
109000118,15,352,-337
109000119,1111,395,716
109000120,157,1140,-983
109000121,394,84,310
109000122,132,1004,-872
109000123,43,94,-51
109000124,543,559,-16
109000125,990,523,467
109000126,486,997,-511
109000127,765,282,483
109000128,698,2273,-1575
109000129,1852,858,994
109000130,695,3024,-2329
109000131,683,601,82
109000132,758,2409,-1651
109000133,430,1277,-847
109000134,949,1736,-787
109000135,1364,1802,-438
109000136,437,329,108
109000137,330,420,-90
109000138,549,394,155
109000139,410,523,-113
109000140,222,481,-259
109000141,509,568,-59
109000142,146,574,-428
109000143,88,117,-29
109000145,131,379,-248
109000146,137,148,-11
109000148,4259,1819,2440
109000149,38,48,-10
109000150,222,263,-41
109000155,800,744,56
109000156,1364,807,557
109000158,110,323,-213
109000159,111,678,-567
109000160,1109,286,823
109000161,304,1347,-1043
109000162,1862,843,1019
109000163,1029,2197,-1168
109000164,1308,3092,-1784
109000165,1176,730,446
109000166,692,149,543
109000167,161,816,-655
109000170,44,77,-33
109000171,52,68,-16
109000172,58,65,-7
109000173,35,98,-63
109000174,121,87,34
109000175,71,118,-47
109000176,266,240,26
109000177,36,142,-106
109000178,520,538,-18
109000179,6672,4633,2039
109000180,6018,3730,2288
109000181,14,56,-42
109000182,49,58,-9
109000183,49,53,-4
109000184,34,33,1
109000185,21,97,-76
109000188,759,2615,-1856
109000189,3124,1186,1938
109000190,650,602,48
109000191,371,673,-302
109000192,424,284,140
109000193,121,411,-290
109000194,242,163,79
109000195,138,429,-291
109000196,248,111,137
109000197,146,465,-319
109000198,233,72,161
109000199,117,570,-453
109000206,276,34,242
109000207,131,41,90
109000208,122,99,23
109000209,194,153,41
109000210,215,660,-445
109000211,561,620,-59
109000214,454,483,-29
109000215,228,117,111
109000216,363,247,116
109000217,231,133,98
109000218,381,208,173
109000221,539,1385,-846
109000222,890,251,639
109000223,362,325,37
109000224,53,215,-162
109000225,75,56,19
109000226,87,309,-222
109000227,970,1415,-445
109000228,4,708,-704
109000231,0,375,-375
109000232,324,484,-160
109000236,268,1011,-743
109000241,2228,2468,-240
109000242,1874,1895,-21
109000293,31,83,-52
109000361,212,321,-109
109000364,215,646,-431
109000396,5,666,-661
109000397,434,3,431
109000399,161,543,-382
109000400,104,432,-328
109000403,75,685,-610
109000406,601,16,585
109000407,264,251,13
109000408,2,749,-747
109000410,961,280,681
109000411,189,54,135
109900001,74,1,73
109900002,757,16,741
109900003,235,0,235
109900004,963,248,715
109900005,30,5,25
109900006,321,256,65
109900007,658,794,-136
109900008,0,32,-32
109900009,160,692,-532
109900010,474,28,446
109900011,137,19,118
109900012,290,204,86
109900013,418,121,297
109900014,364,70,294
109900015,504,214,290
109900016,125,32,93
109900017,198,206,-8
109900018,211,116,95
109900019,204,67,137
109900020,40,75,-35
109900021,54,22,32
109900022,126,340,-214
109900023,21,4,17
109900024,20,4,16
109900025,15,62,-47
109900026,3,189,-186
109900027,43,50,-7
109900028,2111,1003,1108
109900029,7,499,-492
109900030,44,11,33
109900031,1,119,-118
109900032,13,331,-318
109900033,1,489,-488
109900034,20,1,19
109900035,6,17,-11
109900036,14,91,-77
109900037,42,596,-554
109900038,39,234,-195
109900039,14,1,13
109900040,39,701,-662
109900041,86,443,-357
109900042,41,435,-394
109900044,116,302,-186
109900045,242,140,102
109900046,97,120,-23
109900047,344,376,-32
109900048,26,119,-93
109900049,14,27,-13
109900050,1,238,-237
109900051,1,47,-46
109900052,91,356,-265
109900053,6,443,-437
109900054,554,159,395
109900055,59,299,-240
109900056,28,250,-222
109900057,6,225,-219
109900058,0,89,-89
109900059,471,113,358
109900060,437,162,275
109900061,50,276,-226
109900062,1,253,-252
109900063,4,360,-356
109900064,520,307,213
109900065,122,127,-5
109900066,364,1054,-690
109900067,2,391,-389
109900068,53,3,50
109900069,1,37,-36
109900070,40,327,-287
109900071,4,26,-22
109900072,30,149,-119
109900073,277,665,-388
109900074,13,44,-31
109900075,28,39,-11
109900076,37,536,-499
109900077,53,51,2
109900078,131,293,-162
109900080,115,337,-222
109900081,24,192,-168
109900082,37,412,-375
109900083,12,69,-57
109900084,116,156,-40
109900085,322,957,-635
109900086,170,367,-197
109900087,330,439,-109
109900089,580,161,419
109900090,541,1256,-715
109900091,281,122,159
109900092,858,15,843
109900093,770,150,620
109900094,90,128,-38
109900095,154,233,-79
109900096,37,15,22
109900097,87,4,83
109900098,413,34,379
109900099,160,2,158
109900100,58,0,58
109900101,402,7,395
109900102,447,19,428
109900103,29,35,-6
109900104,600,951,-351
109900105,448,40,408
109900106,251,67,184
109900107,401,90,311
109900108,85,380,-295
109900109,26,154,-128
109900110,105,468,-363
109900111,369,1160,-791
109900112,347,827,-480
109900113,612,414,198
109900114,1329,430,899
109900115,184,111,73
109900117,894,153,741
109900118,263,444,-181
109900119,611,305,306
109900120,47,36,11
109900121,382,400,-18
109900122,373,3,370
109900123,9,161,-152
109900124,49,723,-674
109900125,1,188,-187
109900126,170,143,27
109900128,161,54,107
109900130,10005,2362,7643
109900131,56,215,-159
109900132,27,173,-146
109900133,100,381,-281
109900134,106,96,10
109900135,423,88,335
109900136,45,130,-85
109900137,92,422,-330
109900140,177,277,-100
109900142,1193,349,844
109900145,7,347,-340
109900146,528,36,492
109900148,46,125,-79
109900149,59,72,-13
109900150,13,88,-75
109900151,12,46,-34
109900152,0,32,-32
109900153,1,86,-85
109900154,53,0,53
109900155,85,28,57
109900157,58,291,-233
109900158,63,157,-94
109900159,155,30,125
109900160,194,37,157
109900161,161,59,102
109900162,178,142,36
109900163,709,289,420
109900164,59,288,-229
109900165,205,19,186
109900166,2,177,-175
109900167,197,588,-391
109900168,232,792,-560
109900169,146,217,-71
109900170,308,845,-537
109900171,154,79,75
109900172,233,232,1
109900173,4143,2320,1823
109900174,71,151,-80
109900175,68,95,-27
109900176,88,212,-124
109900177,37,256,-219
109900178,8,106,-98
109900179,53,19,34
109900180,14,14,0
110000001,1086,651,435
110000002,619,827,-208
110000003,1085,857,228
110000004,703,729,-26
110000005,742,2126,-1384
110000006,603,397,206
110000007,152,170,-18
110000008,17,56,-39
110000009,88,53,35
110000010,43,111,-68
110000011,64,119,-55
110000012,848,529,319
110000013,51,762,-711
110000014,713,515,198
110000015,329,767,-438
110000016,293,1927,-1634
110000017,3467,321,3146
110000018,3616,565,3051
110000019,6,143,-137
110000020,439,295,144
110000021,986,572,414
110000022,946,234,712
110000023,6,154,-148
110000024,951,460,491
110000025,314,8,306
110000026,10,475,-465
110000027,1784,428,1356
110000028,1114,954,160
110000029,605,1035,-430
110000030,254,492,-238
110000031,392,602,-210
110000032,802,602,200
110000033,497,99,398
110000034,492,866,-374
110000035,1201,739,462
110000036,1308,855,453
110000037,316,612,-296
110000038,282,793,-511
110000039,882,3306,-2424
110000040,431,439,-8
110000041,372,1495,-1123
110000042,122,423,-301
110000043,912,372,540
110000044,285,242,43
110000045,1258,128,1130
110000046,25,27,-2
110000047,132,51,81
110000048,31,17,14
110000049,114,19,95
110000050,11,16,-5
110000051,102,11,91
110000052,70,28,42
110000053,234,20,214
110000054,351,293,58
110000055,713,33,680
110000056,240,67,173
110000057,461,843,-382
110000058,1624,650,974
110000059,959,604,355
110000060,782,1173,-391
110000061,906,894,12
110000062,722,1042,-320
110000063,41,142,-101
110000064,160,106,54
110000065,82,119,-37
110000066,104,65,39
110000067,117,316,-199
110000068,468,344,124
110000069,228,99,129
110000071,143,220,-77
110000073,6,34,-28
110000075,12,167,-155
110000076,307,394,-87
110000077,489,1403,-914
110000078,37,74,-37
110000080,373,836,-463
110000081,52,340,-288
110000082,77,413,-336
110000083,370,821,-451
110000084,1043,757,286
110000085,2850,2133,717
110000086,1656,2160,-504
110000087,11,87,-76
110000088,92,287,-195
110000089,240,175,65
110000090,199,354,-155
110000091,1727,482,1245
110000092,26,125,-99
110000093,57,13,44
110000094,554,281,273
110000095,205,777,-572
110000096,2988,2138,850
110000097,1203,1509,-306
110000098,2243,822,1421
110000099,1048,1940,-892
110000100,874,739,135
110000101,40,480,-440
110000102,48,57,-9
110000104,459,156,303
110000105,119,292,-173
110000106,730,434,296
110000107,414,462,-48
110000108,183,67,116
110000109,320,349,-29
110000110,4123,4877,-754
110000111,7330,3137,4193
110000112,1439,1141,298
110000113,541,2280,-1739
110000114,168,557,-389
110000115,284,333,-49
110000116,73,78,-5
110000117,227,517,-290
110000118,405,221,184
110000119,181,389,-208
110000120,351,202,149
110000121,109,426,-317
110000122,462,713,-251
110000123,525,738,-213
110000124,3,1140,-1137
110000125,1027,7,1020
110000126,306,25,281
110000127,1126,45,1081
110000128,39,1399,-1360
110000129,7,698,-691
110000130,409,189,220
110000131,93,540,-447
110000132,2,826,-824
110000133,48,518,-470
110000134,26,438,-412
110000135,232,40,192
110000136,86,399,-313
110000137,702,751,-49
110000138,784,837,-53
110000139,843,1542,-699
110000140,1307,693,614
110000143,854,514,340
110000144,5665,1650,4015
110000145,2053,839,1214
110000146,1828,755,1073
110000147,585,964,-379
110000148,1246,355,891
110000151,993,720,273
110000152,1004,446,558
110000153,107,70,37
110000154,4,15,-11
110000155,1598,3947,-2349
110000156,1298,2395,-1097
110000157,2115,1981,134
110000160,391,381,10
110000161,196,405,-209
110000166,429,155,274
110000167,770,738,32
110000168,939,574,365
110000169,746,447,299
110000170,139,93,46
110000171,668,172,496
110000172,200,934,-734
110000173,1264,1596,-332
110000174,248,1566,-1318
110000175,575,91,484
110000176,83,320,-237
110000177,185,1016,-831
110000178,543,1327,-784
110000179,1605,464,1141
110000180,172,331,-159
110000181,296,581,-285
110000182,373,238,135
110000183,11973,7558,4415
110000184,810,2304,-1494
110000185,1956,947,1009
110000186,772,1077,-305
110000191,701,465,236
110000192,440,8,432
110000193,916,3,913
110000194,22,1323,-1301
110000195,431,433,-2
110000196,273,446,-173
110000197,81,185,-104
110000198,112,82,30
110000199,65,138,-73
110000200,1393,536,857
110000201,896,927,-31
110000202,1402,666,736
110000203,827,869,-42
110000204,5,298,-293
110000205,136,54,82
110000206,793,1720,-927
110000207,769,381,388
110000208,257,203,54
110000209,134,1032,-898
110000210,880,726,154
110000211,952,937,15
110000212,454,1070,-616
110000213,279,92,187
110000214,220,150,70
110000215,243,529,-286
110000216,113,516,-403
110000217,308,195,113
110000218,155,485,-330
110000219,313,91,222
110000220,80,366,-286
110000221,233,106,127
110000222,109,244,-135
110000223,7,205,-198
110000224,127,19,108
110000225,242,701,-459
110000226,222,85,137
110000227,747,798,-51
110000228,486,380,106
110000229,3,348,-345
110000230,678,782,-104
110000231,152,201,-49
110000232,310,259,51
110000233,254,327,-73
110000234,887,590,297
110000235,1229,1134,95
110000236,616,962,-346
110000237,2265,1353,912
110000238,1213,1585,-372
110000239,2081,1354,727
110000240,0,139,-139
110000242,0,15,-15
110000243,88,139,-51
110000244,155,400,-245
110000245,48,485,-437
110000246,982,651,331
110000247,1346,6553,-5207
110000248,2524,1993,531
110000249,82,18,64
110000250,65,325,-260
110000251,291,849,-558
110000252,229,220,9
110000253,1358,865,493
110000254,774,1602,-828
110000255,279,1169,-890
110000256,537,259,278
110000257,735,479,256
110000258,11,520,-509
110000259,128,30,98
110000260,15,402,-387
110000263,734,208,526
110000264,362,511,-149
110000265,1367,2826,-1459
110000266,2005,2478,-473
110000267,19,248,-229
110000268,296,615,-319
110000269,4,76,-72
110000270,56,5,51
110000271,2391,346,2045
110000272,1374,1148,226
110000273,3855,1515,2340
110000274,444,1477,-1033
110000275,2754,547,2207
110000276,364,384,-20
110000277,391,408,-17
110000278,449,909,-460
110000279,891,736,155
110000280,386,418,-32
110000281,39,317,-278
110000282,349,47,302
110000283,80,151,-71
110000284,101,51,50
110000285,3,459,-456
110000286,40,0,40
110000287,89,2,87
110000288,40,94,-54
110000289,646,1667,-1021
110000290,1047,702,345
110000291,6442,1670,4772
110000292,1485,4393,-2908
110000293,600,862,-262
110000294,856,1053,-197
110000295,144,1060,-916
110000296,336,347,-11
110000297,2722,380,2342
110000298,298,846,-548
110000299,574,90,484
110000301,336,48,288
110000302,422,1309,-887
110000303,494,11,483
110000304,200,300,-100
110000305,1148,38,1110
110000306,143,1535,-1392
110000307,1559,6,1553
110000308,581,10,571
110000309,7,1000,-993
110000310,608,101,507
110000311,28,780,-752
110000312,583,98,485
110000313,3125,4854,-1729
110000314,4,453,-449
110000315,3987,2527,1460
110000316,607,1455,-848
110000317,604,408,196
110000318,9,115,-106
110000319,24,27,-3
110000320,125,60,65
110000321,29,40,-11
110000322,359,488,-129
110000323,365,182,183
110000324,4455,1464,2991
110000325,2955,2789,166
110000327,672,392,280
110000328,225,465,-240
110000333,860,590,270
110000334,823,1503,-680
110000335,855,552,303
110000336,779,1264,-485
110000337,1490,557,933
110000338,378,204,174
110000339,261,233,28
110000340,123,210,-87
110000341,562,516,46
110000342,560,4,556
110000343,0,11,-11
110000344,236,177,59
110000345,420,112,308
110000346,2685,2050,635
110000347,1262,840,422
110000348,68,41,27
110000349,12,43,-31
110000350,40,7,33
110000351,894,821,73
110000352,603,1851,-1248
110000353,3351,836,2515
110000354,1450,3396,-1946
110000355,120,119,1
110000356,880,9,871
110000357,492,16,476
110000361,10,81,-71
110000362,33,22,11
110000363,298,162,136
110000364,169,447,-278
110000365,170,2,168
110000366,7,119,-112
110000367,408,190,218
110000368,11,55,-44
110000369,39,6,33
110000373,4,315,-311
110000374,232,29,203
110000375,108,1057,-949
110000376,41,118,-77
110000377,74,555,-481
110000378,38,419,-381
110000379,3695,1710,1985
110000380,52,10,42
110000383,2,1176,-1174
110000384,2803,1014,1789
110000385,2,193,-191
110000387,85,22,63
110000388,42,269,-227
110000389,749,6,743
110000391,620,472,148
110000396,156,138,18
110000397,106,173,-67
110000398,8,59,-51
110000399,185,0,185
110000587,141,46,95
110000589,222,184,38
110000640,265,98,167
110000652,43,145,-102
110000653,353,480,-127
110000654,93,93,0
110000656,3,696,-693
110000674,33,24,9
110000675,18,29,-11
110000676,8,95,-87
110000679,594,1216,-622
110000682,102,157,-55
110000683,375,711,-336
110000684,6,51,-45
110000685,24,11,13
110000686,4,28,-24
110000687,64,2,62
110000688,106,888,-782
110000689,65,61,4
110000692,132,198,-66
110000693,194,264,-70
110000694,0,182,-182
110000695,262,715,-453
110000696,128,160,-32
110900001,267,10,257
110900002,1528,460,1068
110900003,663,750,-87
110900004,413,230,183
110900005,3809,2139,1670
110900006,80,11,69
110900007,105,35,70
110900008,16,66,-50
110900009,419,107,312
110900010,10,96,-86
110900011,19,91,-72
110900012,21,134,-113
110900013,948,206,742
110900014,313,15,298
110900015,858,564,294
110900016,48,193,-145
110900017,444,49,395
110900018,425,55,370
110900019,174,33,141
110900020,72,448,-376
110900021,67,614,-547
110900022,111,381,-270
110900023,88,601,-513
110900024,25,478,-453
110900025,66,104,-38
110900027,54,260,-206
110900028,66,148,-82
110900029,22,446,-424
110900030,40,335,-295
110900031,1,204,-203
110900032,1,97,-96
110900033,41,235,-194
110900035,31,536,-505
110900036,97,27,70
110900037,71,51,20
110900038,1343,283,1060
110900039,19,297,-278
110900040,231,43,188
110900041,3,135,-132
110900042,129,93,36
110900043,3,179,-176
110900044,330,22,308
110900045,48,590,-542
110900046,59,342,-283
110900047,675,296,379
110900049,87,86,1
110900050,33,2,31
110900051,32,204,-172
110900052,4,200,-196
110900053,108,63,45
110900054,41,269,-228
110900055,35,0,35
110900056,75,120,-45
110900057,9,211,-202
110900058,279,272,7
110900059,698,710,-12
110900060,438,149,289
110900061,32,42,-10
110900062,129,339,-210
110900063,70,170,-100
110900064,27,0,27
110900065,439,138,301
110900066,3,90,-87
110900067,477,775,-298
110900068,249,269,-20
110900069,5,34,-29
110900070,140,52,88
110900071,371,725,-354
110900073,0,28,-28
110900074,276,132,144
110900075,399,116,283
110900077,733,630,103
110900078,30,121,-91
110900079,2866,1220,1646
110900080,98,94,4
110900081,12,67,-55
110900082,114,226,-112
110900083,122,56,66
110900084,65,132,-67
110900085,49,412,-363
110900086,53,320,-267
110900087,310,83,227
110900088,9,0,9
110900090,36,50,-14
110900091,0,69,-69
110900093,352,158,194
110900095,66,61,5
110900097,9,19,-10
110900098,40,112,-72
110900099,46,540,-494
110900100,0,26,-26
110900102,93,30,63
110900105,600,407,193
110900108,8,115,-107
110900111,469,159,310
110900112,858,8,850
110900113,486,38,448
110900115,3,90,-87
110900116,664,2293,-1629
110900118,103,2618,-2515
110900119,4972,369,4603
110900120,11,131,-120
110900121,160,0,160
110900122,349,167,182
110900125,391,409,-18
110900127,531,1252,-721
110900128,425,517,-92
110900129,394,756,-362
110900130,1472,652,820
110900131,217,52,165
110900132,249,33,216
110900133,71,254,-183
110900135,77,382,-305
110900136,341,11,330
110900139,17,0,17
110900140,2,0,2
110900141,463,158,305
110900142,74,179,-105
110900143,175,98,77
110900144,3,764,-761
110900145,166,38,128
110900146,425,137,288
110900147,152,351,-199
110900148,3,350,-347
110900149,1,168,-167
110900150,44,17,27
110900151,4,101,-97
110900152,35,300,-265
110900153,106,48,58
111000001,1081,708,373
111000002,1053,985,68
111000003,1400,1239,161
111000004,850,1338,-488
111000005,1317,1502,-185
111000006,1357,1788,-431
111000007,5013,3980,1033
111000008,3910,4495,-585
111000009,412,1054,-642
111000010,960,403,557
111000011,547,1293,-746
111000012,855,503,352
111000013,444,1188,-744
111000014,1538,794,744
111000017,182,878,-696
111000018,275,455,-180
111000020,1705,3199,-1494
111000021,111,150,-39
111000023,118,120,-2
111000025,6550,3789,2761
111000029,84,128,-44
111000030,53,105,-52
111000031,2235,1488,747
111000032,828,394,434
111000033,403,328,75
111000034,385,318,67
111000037,2646,1668,978
111000038,4254,2830,1424
111000039,2057,2768,-711
111000040,1885,3081,-1196
111000041,1930,2140,-210
111000042,5092,3273,1819
111000043,1982,2845,-863
111000044,1669,1220,449
111000045,2230,2355,-125
111000046,1481,1835,-354
111000047,2348,4031,-1683
111000049,508,658,-150
111000050,2287,2008,279
111000051,464,1378,-914
111000052,706,2141,-1435
111000053,439,1097,-658
111000054,403,1210,-807
111000055,1386,2272,-886
111000056,174,753,-579
111000057,107,762,-655
111000058,375,113,262
111000059,578,306,272
111000060,3962,1171,2791
111000061,584,502,82
111000062,749,390,359
111000063,2114,1100,1014
111000064,540,745,-205
111000065,1039,1111,-72
111000066,482,449,33
111000067,692,872,-180
111000068,665,1193,-528
111000069,1972,2488,-516
111000070,2111,1432,679
111000071,342,849,-507
111000072,963,537,426
111000073,286,1021,-735
111000074,1659,1927,-268
111000075,1011,748,263
111000076,542,808,-266
111000077,1851,2192,-341
111000078,3110,1706,1404
111000079,1485,896,589
111000080,545,925,-380
111000081,2001,5145,-3144
111000082,656,916,-260
111000084,900,722,178
111000085,1134,1917,-783
111000086,3493,1751,1742
111000087,811,897,-86
111000088,6631,2328,4303
111000089,758,1053,-295
111000090,989,1708,-719
111000091,787,722,65
111000092,1240,942,298
111000093,820,1175,-355
111000094,2113,1287,826
111000095,684,2628,-1944
111000096,2495,8112,-5617
111000097,6164,1726,4438
111000098,903,1462,-559
111000099,668,2575,-1907
111000100,337,2142,-1805
111000101,439,948,-509
111000102,211,801,-590
111000104,444,220,224
111000107,101,740,-639
111000109,502,303,199
111000110,1666,852,814
111000111,2053,530,1523
111000112,1673,621,1052
111000113,937,1455,-518
111000114,2614,3875,-1261
111000115,7755,1464,6291
111000116,1017,1307,-290
111000117,529,1214,-685
111000118,1794,1194,600
111000119,1208,1525,-317
111000120,545,807,-262
111000121,327,769,-442
111000122,700,1243,-543
111000123,1182,3315,-2133
111000124,614,3502,-2888
111000125,279,1937,-1658
111000126,109,1045,-936
111000127,927,177,750
111000128,1447,404,1043
111000129,2685,553,2132
111000130,1817,867,950
111000131,1611,715,896
111000132,1203,810,393
111000133,189,191,-2
111000134,169,140,29
111000135,54,124,-70
111000136,390,454,-64
111000138,16,12,4
111000140,4,11,-7
111000141,308,390,-82
111000142,21,180,-159
111000143,27,141,-114
111000144,48,260,-212
111000145,2140,28,2112
111000146,102,22,80
111000147,281,50,231
111000148,437,86,351
111000149,16,53,-37
111000150,268,8,260
111000151,8,36,-28
111000153,672,699,-27
111000154,884,242,642
111000155,108,242,-134
111000156,468,643,-175
111000157,210,899,-689
111000158,1037,835,202
111000159,3130,818,2312
111000160,415,414,1
111000161,17,325,-308
111000162,88,204,-116
111000163,758,1156,-398
111000164,1008,4869,-3861
111000165,1536,656,880
111000166,2191,459,1732
111000167,252,691,-439
111000168,299,587,-288
111000169,330,808,-478
111000170,618,623,-5
111000171,509,987,-478
111000172,164,660,-496
111000173,491,1333,-842
111000174,165,565,-400
111000175,70,323,-253
111000176,361,191,170
111000177,356,272,84
111000178,1313,339,974
111000179,215,240,-25
111000180,246,498,-252
111000181,1118,320,798
111000182,218,277,-59
111000183,538,407,131
111000184,470,364,106
111000185,488,654,-166
111000186,560,390,170
111000187,151,287,-136
111000188,259,467,-208
111000189,1473,665,808
111000190,231,525,-294
111000191,159,452,-293
111000192,217,683,-466
111000193,378,386,-8
111000194,31,446,-415
111000195,150,451,-301
111000196,50,297,-247
111000197,364,209,155
111000198,507,151,356
111000199,223,188,35
111000200,305,423,-118
111000201,464,364,100
111000202,237,287,-50
111000203,250,275,-25
111000204,451,947,-496
111000213,176,533,-357
111000214,1705,2195,-490
111000215,1168,1742,-574
111000217,1519,1309,210
111000218,1411,1243,168
111000219,531,259,272
111000220,2604,801,1803
111000221,1003,100,903
111000224,102,462,-360
111000225,360,271,89
111000226,214,2,212
111000227,92,6,86
111000228,19,349,-330
111000229,34,838,-804
111000230,273,527,-254
111000231,963,1190,-227
111000232,649,1134,-485
111000233,672,868,-196
111000234,127,328,-201
111000239,118,196,-78
111000240,47,165,-118
111000241,26,395,-369
111000242,122,96,26
111000243,132,774,-642
111000244,308,135,173
111000245,1215,696,519
111000246,451,566,-115
111000247,303,1064,-761
111000248,646,504,142
111000249,498,868,-370
111000250,48,135,-87
111000251,74,120,-46
111000253,8,18,-10
111000255,13,12,1
111000257,28,20,8
111000260,93,1381,-1288
111000261,1064,127,937
111000271,103,327,-224
111000273,6196,2081,4115
111000274,1304,2592,-1288
111000275,175,108,67
111000276,305,2413,-2108
111000277,236,420,-184
111000278,627,355,272
111000291,869,5719,-4850
111000298,707,276,431
111000299,822,151,671
111000300,114,730,-616
111000302,273,99,174
111000303,96,284,-188
111000312,50,98,-48
111000315,42,296,-254
111000320,406,730,-324
111000321,334,127,207
111000322,363,531,-168
111000323,161,21,140
111000324,361,289,72
111000325,33,73,-40
111000326,226,470,-244
111000327,363,612,-249
111000328,316,623,-307
111000329,3,41,-38
111000330,74,28,46
111000331,13,11,2
111000332,537,1615,-1078
111000334,474,1938,-1464
111000335,776,270,506
111000337,1111,516,595
111000338,71,156,-85
111000339,540,686,-146
111000340,153,847,-694
111000341,1277,731,546
111000342,345,656,-311
111000344,1024,875,149
111000345,351,106,245
111000346,39,126,-87
111000347,137,4,133
111000350,271,176,95
111000351,132,289,-157
111000352,139,101,38
111000353,113,300,-187
111000354,546,168,378
111000355,379,607,-228
111000358,167,1704,-1537
111000360,166,945,-779
111000361,112,375,-263
111000546,652,752,-100
111000547,334,693,-359
111000548,100,302,-202
111000549,322,390,-68
111000550,107,738,-631
111000551,794,210,584
111000552,2615,168,2447
111000907,707,5,702
111000908,34,2,32
111000916,1502,357,1145
111000917,79,602,-523
111000918,172,1183,-1011
111000920,492,26,466
111000921,5,385,-380
111000922,416,409,7
111000924,46,1085,-1039
111000925,2237,2553,-316
111000926,1060,2589,-1529
111000927,3091,5517,-2426
111000928,5340,4551,789
111000929,1367,1421,-54
111000930,1025,3119,-2094
111000931,1866,2863,-997
111000932,5165,3044,2121
111000933,4198,2449,1749
111000934,2725,3931,-1206
111000935,1535,1217,318
111000936,1439,2890,-1451
111000937,1050,1417,-367
111000938,1971,2621,-650
111000939,468,74,394
111000940,413,216,197
111000941,272,675,-403
111000943,333,313,20
111000944,164,540,-376
111000945,78,2067,-1989
111001109,561,368,193
111001110,250,718,-468
111001111,57,4,53
111001112,202,2,200
111001113,1,231,-230
111001114,1902,151,1751
111001115,150,405,-255
111001116,6345,4204,2141
111001117,775,2689,-1914
111001120,137,390,-253
111001121,214,411,-197
111001122,203,662,-459
111001123,226,163,63
111001124,149,343,-194
111001125,2,84,-82
111001126,8,0,8
111001127,0,0,0
111900001,2,359,-357
111900002,3,827,-824
111900003,3,413,-410
111900004,48,203,-155
111900006,9,33,-24
111900007,58,8,50
111900008,137,5,132
111900009,124,2,122
111900010,460,693,-233
111900012,91,162,-71
111900013,37,94,-57
111900014,6702,3066,3636
111900015,1,109,-108
111900016,2,184,-182
111900017,1,162,-161
111900018,289,6,283
111900019,6,87,-81
111900020,9,56,-47
111900021,37,127,-90
111900022,7,98,-91
111900023,107,123,-16
111900024,15,100,-85
111900025,0,45,-45
111900026,0,116,-116
111900027,8,250,-242
111900028,1,431,-430
111900029,7,130,-123
111900030,50,386,-336
111900031,0,36,-36
111900032,5,381,-376
111900033,5,121,-116
111900034,446,680,-234
111900035,65,309,-244
111900036,2,371,-369
111900038,349,691,-342
111900039,66,541,-475
111900040,1,720,-719
111900042,25,141,-116
111900043,3,484,-481
111900044,400,351,49
111900046,43,210,-167
111900048,80,604,-524
111900049,43,268,-225
111900050,146,22,124
111900051,1,197,-196
111900052,479,711,-232
111900053,1421,949,472
111900054,130,7,123
111900055,26,367,-341
111900056,271,227,44
111900057,60,77,-17
111900058,351,728,-377
111900059,2778,575,2203
111900060,342,5,337
111900061,11,163,-152
111900062,28,72,-44
111900063,307,265,42
111900064,126,133,-7
111900065,76,30,46
111900066,142,157,-15
111900067,2,407,-405
111900068,65,45,20
111900069,50,25,25
111900070,87,128,-41
111900071,1,282,-281
111900072,43,10,33
111900073,649,125,524
111900074,19,173,-154
111900075,62,6,56
111900076,128,43,85
111900077,25,2,23
111900078,196,17,179
111900079,31,55,-24
111900080,279,255,24
111900082,58,14,44
111900083,107,8,99
111900084,85,20,65
111900085,24,122,-98
111900086,16,3,13
111900087,33,0,33
111900088,436,10,426
111900089,60,5,55
111900090,61,38,23
111900091,134,2,132
111900092,90,1,89
111900093,318,9,309
111900094,91,0,91
111900095,166,25,141
111900096,103,1,102
111900097,37,1,36
111900098,121,3,118
111900099,68,0,68
111900100,115,0,115
111900101,103,24,79
111900102,499,787,-288
111900103,65,65,0
111900104,109,47,62
111900105,342,142,200
111900106,1293,76,1217
111900110,2309,398,1911
111900111,147,177,-30
111900112,761,2197,-1436
111900113,366,90,276
111900118,371,88,283
111900119,337,148,189
111900122,109,77,32
111900123,16,26,-10
111900124,40,138,-98
111900125,400,32,368
111900126,239,29,210
111900127,5,789,-784
111900128,2,594,-592
111900129,243,33,210
111900130,231,34,197
111900131,388,3,385
111900132,33,1252,-1219
111900133,6,391,-385
111900134,19,317,-298
111900135,10,20,-10
111900136,74,183,-109
111900137,93,116,-23
111900138,11,160,-149
111900139,15,245,-230
111900140,44,16,28
111900141,47,8,39
111900142,64,19,45
111900143,10,190,-180
111900144,27,150,-123
111900145,1,595,-594
111900146,3,283,-280
111900147,215,467,-252
111900148,51,784,-733
111900149,5,414,-409
111900150,17,198,-181
111900151,3,23,-20
111900152,111,64,47
111900153,1760,454,1306
111900154,5,189,-184
111900155,49,63,-14
111900156,26,60,-34
111900157,90,19,71
111900158,442,32,410
111900159,195,9,186
111900160,234,0,234
111900161,129,17,112
111900162,87,135,-48
111900163,37,261,-224
111900164,102,71,31
111901113,337,298,39
111901114,172,341,-169
111901115,78,5,73
111901116,48,3,45
111901117,17,17,0
111901118,78,183,-105
111901119,1221,109,1112
111901121,257,297,-40
111901122,2,735,-733
111901123,140,401,-261
111901124,117,1,116
111901125,286,279,7
111901127,842,340,502
111901128,15,99,-84
111901129,6,132,-126
111901130,12,264,-252
111901131,2,316,-314
111901132,65,7,58
111901133,36,2,34
111901134,55,3,52
111901135,14,12,2
111901136,1,24,-23
111901138,224,57,167
111901139,19,60,-41
111901140,3,140,-137
111901141,14,230,-216
111901142,5,143,-138
111901143,1,74,-73
111901144,38,44,-6
111901145,223,288,-65
111901146,530,25,505
111901147,834,214,620
111901148,18,86,-68
111901149,18,3,15
111901150,12,0,12
112000001,1898,1023,875
112000002,860,2935,-2075
112000003,1149,1066,83
112000004,820,1465,-645
112000005,2636,2838,-202
112000006,2266,2328,-62
112000007,2381,1734,647
112000008,2717,4344,-1627
112000009,4268,4410,-142
112000010,3243,3048,195
112000011,2542,2369,173
112000012,5940,2990,2950
112000013,7000,3254,3746
112000014,5048,1005,4043
112000015,5287,3098,2189
112000016,9915,1180,8735
112000017,4225,1545,2680
112000024,2807,1013,1794
112000026,4622,5704,-1082
112000027,1104,661,443
112000028,2119,1885,234
112000029,383,669,-286
112000030,241,150,91
112000031,1862,4196,-2334
112000032,569,90,479
112000033,2755,1315,1440
112000034,549,60,489
112000035,113,311,-198
112000036,1788,735,1053
112000037,1614,710,904
112000038,1382,810,572
112000039,68,73,-5
112000040,135,311,-176
112000041,626,493,133
112000042,1348,450,898
112000050,1356,2199,-843
112000051,1079,1406,-327
112000054,2178,3013,-835
112000057,536,443,93
112000058,434,658,-224
112000059,550,1048,-498
112000061,4144,2475,1669
112000062,2027,739,1288
112000063,1649,1982,-333
112000064,4658,6240,-1582
112000065,2480,2786,-306
112000066,4222,1578,2644
112000067,842,819,23
112000068,3608,2367,1241
112000069,1035,1976,-941
112000070,2211,1040,1171
112000071,1074,2643,-1569
112000072,2067,1077,990
112000073,1846,1926,-80
112000074,1520,1056,464
112000075,1652,1378,274
112000076,3722,3160,562
112000077,522,632,-110
112000078,1666,685,981
112000079,1289,1372,-83
112000080,700,1039,-339
112000081,1665,2590,-925
112000082,1565,1009,556
112000083,705,1374,-669
112000084,1181,971,210
112000085,1418,1270,148
112000086,1852,1733,119
112000087,415,446,-31
112000088,615,685,-70
112000089,362,360,2
112000090,323,350,-27
112000091,698,1199,-501
112000092,1550,1289,261
112000093,1577,1014,563
112000094,505,1044,-539
112000095,797,913,-116
112000096,495,875,-380
112000097,1124,607,517
112000098,1040,1476,-436
112000099,675,1270,-595
112000100,1639,1009,630
112000101,573,1054,-481
112000102,1008,739,269
112000103,355,1280,-925
112000105,716,2250,-1534
112000106,1570,586,984
112000107,114,190,-76
112000108,351,2112,-1761
112000109,140,153,-13
112000110,2070,743,1327
112000111,1431,3965,-2534
112000112,4527,783,3744
112000113,1173,1973,-800
112000114,3095,1230,1865
112000115,407,652,-245
112000116,487,1095,-608
112000117,1260,997,263
112000118,1154,1052,102
112000119,518,992,-474
112000120,91,468,-377
112000121,135,624,-489
112000122,229,191,38
112000123,623,259,364
112000124,306,105,201
112000125,197,232,-35
112000126,216,701,-485
112000127,2691,1946,745
112000128,1208,706,502
112000129,126,118,8
112000130,187,82,105
112000131,66,435,-369
112000132,124,291,-167
112000133,437,284,153
112000134,431,449,-18
112000135,1277,756,521
112000136,1343,1389,-46
112000137,2552,1795,757
112000138,2876,1387,1489
112000139,1138,586,552
112000140,1182,1337,-155
112000141,772,398,374
112000142,270,848,-578
112000143,1019,336,683
112000144,383,1580,-1197
112000145,2415,726,1689
112000146,662,2467,-1805
112000147,2268,1945,323
112000148,1996,2752,-756
112000149,449,796,-347
112000150,246,742,-496
112000151,451,546,-95
112000152,309,496,-187
112000153,260,316,-56
112000154,101,201,-100
112000155,233,135,98
112000157,889,698,191
112000158,258,763,-505
112000159,547,425,122
112000167,296,113,183
112000169,549,525,24
112000173,647,241,406
112000175,407,446,-39
112000176,3789,2339,1450
112000177,565,177,388
112000178,74,555,-481
112000179,172,120,52
112000180,290,420,-130
112000181,1516,2245,-729
112000182,994,2269,-1275
112000183,43,54,-11
112000184,372,535,-163
112000185,464,692,-228
112000187,3469,2408,1061
112000195,153,19,134
112000196,231,0,231
112000197,159,125,34
112000198,35,315,-280
112000199,1276,1284,-8
112000202,316,1,315
112000216,87,258,-171
112000230,116,5,111
112000231,3,294,-291
112000256,39,241,-202
112000313,113,167,-54
112000314,76,34,42
112000337,330,631,-301
112000352,522,340,182
112000392,1540,1620,-80
112000398,1308,1056,252
112000399,4289,2279,2010
112000400,2007,4513,-2506
112000401,3266,3493,-227
112000402,2934,2760,174
112000403,3576,3227,349
112000404,849,806,43
112000405,1821,3098,-1277
112000406,3973,3437,536
112000407,6159,8214,-2055
112000408,9229,8731,498
112000409,2008,6244,-4236
112000410,487,261,226
112000411,5014,1614,3400
112000412,1628,560,1068
112000413,10377,4991,5386
112000414,111,107,4
112000415,120,44,76
112000416,2150,1575,575
112000417,215,77,138
112000421,31,155,-124
112000422,400,529,-129
112000424,2892,2865,27
112000425,539,1467,-928
112000426,158,457,-299
112000427,0,14,-14
112000428,251,391,-140
112000429,2909,3652,-743
112000430,3421,3644,-223
112000431,94,149,-55
112000432,605,1867,-1262
112000433,487,952,-465
112000437,59,313,-254
112900001,66,1,65
112900002,369,1311,-942
112900003,48,484,-436
112900004,55,262,-207
112900005,224,315,-91
112900006,16,413,-397
112900007,39,246,-207
112900008,1,44,-43
112900009,366,113,253
112900010,335,922,-587
112900011,252,369,-117
112900012,3,57,-54
112900013,2,175,-173
112900014,1,260,-259
112900015,391,831,-440
112900016,3,339,-336
112900017,44,254,-210
112900018,2,334,-332
112900019,64,181,-117
112900020,369,1369,-1000
112900021,5,273,-268
112900022,11,89,-78
112900023,0,271,-271
112900024,28,250,-222
112900025,67,328,-261
112900026,8,308,-300
112900027,12,1452,-1440
112900028,49,128,-79
112900029,11,740,-729
112900030,214,232,-18
112900031,2,605,-603
112900032,182,295,-113
112900034,0,50,-50
112900035,6,486,-480
112900036,38,170,-132
112900037,212,218,-6
112900038,550,143,407
112900039,46,409,-363
112900040,6,391,-385
112900041,1114,1162,-48
112900042,56,373,-317
112900043,41,41,0
112900044,762,485,277
112900045,468,366,102
112900046,217,70,147
112900047,19,27,-8
112900049,177,130,47
112900050,65,609,-544
112900051,320,686,-366
112900052,9,1136,-1127
112900053,367,149,218
112900054,248,54,194
112900055,166,35,131
112900056,404,259,145
112900057,56,767,-711
112900058,287,283,4
112900059,112,169,-57
112900060,19,222,-203
112900061,86,134,-48
112900062,116,158,-42
112900063,178,23,155
112900064,188,275,-87
112900065,30,28,2
112900066,190,162,28
112900067,636,175,461
112900068,45,46,-1
112900069,2585,729,1856
112900071,27,7,20
112900072,291,1866,-1575
112900073,293,92,201
112900074,79,288,-209
112900075,1901,935,966
112900076,113,14,99
112900078,358,473,-115
112900079,356,32,324
112900080,25,2,23
112900081,44,199,-155
112900082,544,31,513
112900083,113,76,37
112900084,196,120,76
112900086,41,1,40
112900087,667,123,544
112900088,103,27,76
112900089,654,27,627
112900090,39,16,23
112900091,202,10,192
112900092,170,283,-113
112900093,1589,22,1567
112900095,33,0,33
112900096,349,148,201
112900097,72,394,-322
112900098,81,1,80
112900099,731,10,721
112900100,81,1,80
112900101,287,7,280
112900102,149,10,139
112900103,215,5,210
112900104,489,2,487
112900105,19,0,19
112900106,468,178,290
112900107,2,1,1
112900108,146,0,146
112900109,106,0,106
112900110,872,20,852
112900111,769,3,766
112900112,270,1,269
112900113,0,10,-10
112900114,87,47,40
112900115,999,3,996
112900116,129,66,63
112900117,81,137,-56
112900118,33,100,-67
112900119,147,2,145
112900120,950,301,649
112900121,210,315,-105
112900122,12,177,-165
112900123,233,22,211
112900124,13,110,-97
112900125,53,360,-307
112900126,205,246,-41
112900127,384,98,286
112900128,424,835,-411
112900129,1,816,-815
112900130,226,59,167
112900131,73,326,-253
112900132,138,454,-316
112900133,23,1260,-1237
112900134,0,251,-251
112900135,126,47,79
112900137,5,645,-640
112900138,7,328,-321
112900139,269,1268,-999
112900141,666,40,626
112900142,66,140,-74
112900143,57,696,-639
112900144,4,392,-388
112900145,66,598,-532
112900146,12,1495,-1483
112900147,5,2304,-2299
112900148,100,2,98
112900149,243,595,-352
112900151,26,78,-52
112900152,4491,1083,3408
112900153,2331,2000,331
112900154,1,151,-150
112900155,196,50,146
112900156,290,1757,-1467
112900157,320,76,244
112900158,74,19,55
112900159,217,113,104
112900160,63,269,-206
112900161,143,57,86
112900162,33,31,2
112900163,148,39,109
112900164,49,196,-147
112900165,142,55,87
112900166,21,66,-45
112900167,3,69,-66
112900168,0,0,0
112900169,16,13,3
112900170,91,107,-16
112900172,105,16,89
112900173,231,99,132
112900174,301,49,252
112900175,156,142,14
112900176,9,27,-18
112900177,288,53,235
112900178,867,3147,-2280
112900179,54,557,-503
112900180,2166,1724,442
112900181,492,7,485
112900182,59,1360,-1301
112900183,163,331,-168
112900184,465,404,61
112900185,310,526,-216
112900186,1621,901,720
112900187,124,559,-435
112900188,864,295,569
112900189,2,28,-26
112900190,9,53,-44
112900192,502,547,-45
112900193,1316,341,975
112900194,66,124,-58
112900195,749,35,714
112900196,245,457,-212
112900197,204,408,-204
112900199,581,651,-70
112900200,507,274,233
112900201,42,100,-58
112900202,357,1023,-666
112900203,160,372,-212
112900204,1060,552,508
112900205,8,3,5
112900206,43,119,-76
112900207,7,0,7
112900208,86,264,-178
112900209,570,440,130
112900210,0,36,-36
112900211,81,105,-24
112900212,0,156,-156
112900213,47,23,24
112900214,57,12,45
112900215,6,266,-260
112900216,59,103,-44
112900217,2,49,-47
112900218,85,32,53
112900219,60,50,10
112900220,2,0,2
112900221,23,74,-51
112900222,0,25,-25
112900223,982,17,965
112900224,285,686,-401
112900225,391,464,-73
112900226,198,409,-211
112900227,437,1484,-1047
112900228,69,42,27
112900229,160,88,72
112900230,7019,4193,2826
112900232,206,210,-4
112900233,87,209,-122
112900234,6,123,-117
112900235,115,30,85
112900236,194,13,181
112900237,268,358,-90
112900238,7,43,-36
112900239,1214,412,802
112900240,7,104,-97
112900241,44,191,-147
112900242,12,193,-181
112900243,12,178,-166
112900244,11,102,-91
112900245,3,33,-30
112900246,5,10,-5
112900247,131,20,111
112900248,19,0,19
112900249,25,10,15
112900250,66,39,27
112900251,58,15,43
112900252,59,15,44
112900253,49,3,46
112900254,13,6,7
112900255,0,33,-33
112900256,36,44,-8
112900257,22,49,-27
112900258,38,38,0
113000001,6219,8659,-2440
113000002,3929,4837,-908
113000003,2035,3415,-1380
113000004,2414,3635,-1221
113000005,2129,1500,629
113000006,1381,2258,-877
113000007,2725,1760,965
113000008,2406,2393,13
113000009,1043,1158,-115
113000010,1370,2134,-764
113000011,693,1647,-954
113000012,1557,940,617
113000013,1657,762,895
113000014,1886,1505,381
113000015,550,204,346
113000016,479,599,-120
113000017,50,318,-268
113000018,493,58,435
113000019,164,283,-119
113000020,494,36,458
113000021,2168,800,1368
113000022,712,1411,-699
113000025,147,351,-204
113000026,486,437,49
113000027,1392,440,952
113000028,1024,430,594
113000029,881,793,88
113000030,438,712,-274
113000031,335,347,-12
113000032,288,315,-27
113000033,272,510,-238
113000034,444,366,78
113000035,29,43,-14
113000036,18,67,-49
113000037,68,58,10
113000038,14,58,-44
113000039,58,604,-546
113000040,51,130,-79
113000042,1064,795,269
113000051,945,3254,-2309
113000052,2322,1442,880
113000053,441,608,-167
113000054,356,1172,-816
113000055,1179,866,313
113000056,875,1243,-368
113000058,929,910,19
113000059,1356,789,567
113000060,257,652,-395
113000061,539,1112,-573
113000062,1317,363,954
113000063,193,205,-12
113000064,48,420,-372
113000065,228,1124,-896
113000066,609,117,492
113000067,1812,1470,342
113000068,389,1891,-1502
113000069,638,1679,-1041
113000070,2064,1149,915
113000071,367,745,-378
113000072,695,586,109
113000073,522,1925,-1403
113000074,1146,637,509
113000075,2237,970,1267
113000076,1262,2340,-1078
113000077,1419,583,836
113000078,1076,2621,-1545
113000079,1172,963,209
113000080,975,724,251
113000081,715,967,-252
113000082,1325,1006,319
113000083,641,1089,-448
113000084,1846,1623,223
113000085,979,962,17
113000086,1688,1831,-143
113000087,1178,1186,-8
113000088,2923,1766,1157
113000089,1071,1994,-923
113000090,389,704,-315
113000091,560,411,149
113000094,1403,212,1191
113000095,357,1048,-691
113000096,175,911,-736
113000097,1353,357,996
113000098,112,54,58
113000099,1253,395,858
113000100,153,428,-275
113000101,460,642,-182
113000102,746,527,219
113000103,2927,644,2283
113000104,451,3310,-2859
113000105,652,495,157
113000106,297,612,-315
113000107,882,1043,-161
113000108,1128,1714,-586
113000109,742,5279,-4537
113000110,1796,590,1206
113000111,305,1025,-720
113000112,482,585,-103
113000113,1739,570,1169
113000114,427,1978,-1551
113000116,726,384,342
113000117,1084,148,936
113000118,213,624,-411
113000119,498,326,172
113000120,99,303,-204
113000121,986,878,108
113000124,283,118,165
113000125,70,751,-681
113000127,3257,504,2753
113000128,518,619,-101
113000129,576,1082,-506
113000133,3311,1692,1619
113000134,7,1291,-1284
113000135,3883,4803,-920
113000137,2226,3153,-927
113000139,417,235,182
113000140,137,280,-143
113000141,283,172,111
113000142,884,1112,-228
113000143,277,222,55
113000144,430,802,-372
113000145,36,152,-116
113000146,137,118,19
113000147,164,146,18
113000148,107,97,10
113000149,92,110,-18
113000150,530,434,96
113000151,131,102,29
113000152,48,80,-32
113000153,1699,617,1082
113000154,756,1732,-976
113000155,277,535,-258
113000156,199,479,-280
113000157,320,1020,-700
113000158,620,224,396
113000159,730,740,-10
113000160,713,1340,-627
113000161,223,547,-324
113000162,662,403,259
113000163,99,64,35
113000164,49,104,-55
113000166,148,85,63
113000167,44,140,-96
113000168,40,160,-120
113000169,130,113,17
113000170,99,130,-31
113000171,67,116,-49
113000172,235,91,144
113000173,56,32,24
113000174,119,539,-420
113000175,399,159,240
113000176,528,188,340
113000177,185,536,-351
113000178,187,380,-193
113000179,382,218,164
113000180,903,1763,-860
113000181,1673,1374,299
113000182,295,640,-345
113000183,221,670,-449
113000184,22,134,-112
113000189,577,1128,-551
113000190,1140,585,555
113000192,3054,1877,1177
113000193,5945,1373,4572
113000194,3210,1209,2001
113000195,3072,850,2222
113000196,522,116,406
113000197,2282,1379,903
113000198,70,349,-279
113000199,1525,338,1187
113000201,157,389,-232
113000202,3689,2197,1492
113000203,423,25,398
113000204,2459,1710,749
113000205,20,31,-11
113000206,6,40,-34
113000207,47,28,19
113000208,29,39,-10
113000209,42,47,-5
113000210,7,34,-27
113000211,421,290,131
113000212,328,21,307
113000213,33,329,-296
113000214,268,472,-204
113000234,189,1104,-915
113000410,270,220,50
113000411,3274,5156,-1882
113000412,9995,3386,6609
113000413,3892,3503,389
113000414,8750,14974,-6224
113000415,2880,3687,-807
113000416,10001,5172,4829
113000417,3195,3822,-627
113000418,5033,3325,1708
113000419,1796,2003,-207
113000420,4173,5414,-1241
113000421,4296,6772,-2476
113000422,14300,11826,2474
113000423,2559,5313,-2754
113000424,4127,11561,-7434
113000425,23,163,-140
113000428,156,54,102
113000430,25,149,-124
113000432,2664,232,2432
113000433,107,1025,-918
113000434,38,173,-135
113000435,61,678,-617
113000436,66,1213,-1147
113000437,888,24,864
113000438,276,13,263
113000439,30,155,-125
113000440,141,21,120
113000441,211,354,-143
113000442,148,242,-94
113000443,233,357,-124
113000444,185,305,-120
113000445,88,205,-117
113000446,27,103,-76
113000448,333,207,126
113000449,360,2130,-1770
113000450,739,3729,-2990
113000451,1867,200,1667
113000452,742,1299,-557
113000453,89,276,-187
113000454,3673,77,3596
113000455,76,191,-115
113000456,4304,2819,1485
113000468,2463,378,2085
113000469,331,153,178
113000470,624,69,555
113000471,18,631,-613
113000472,114,428,-314
113000474,636,841,-205
113000475,1777,2229,-452
113000476,1535,2006,-471
113000477,2984,2380,604
113000478,5049,7239,-2190
113000479,65,309,-244
113000483,0,0,0
113000484,0,0,0
113000485,0,0,0
113000486,2,2,0
113000487,0,0,0
113000488,2,0,2
113000489,0,2,-2
113000490,0,0,0
113000491,3,6,-3
113000492,2,0,2
113000493,2,0,2
113000495,212,246,-34
113000496,149,179,-30
113000499,0,0,0
113900001,0,2,-2
113900002,0,1,-1
113900003,0,0,0
113900004,0,1,-1
113900005,1631,118,1513
113900006,0,1,-1
113900007,131,78,53
113900008,686,377,309
113900009,853,205,648
113900010,1055,240,815
113900011,122,233,-111
113900012,39,118,-79
113900013,2881,88,2793
113900014,601,3,598
113900015,0,69,-69
113900016,40,0,40
113900017,4,52,-48
113900018,536,170,366
113900019,144,61,83
113900020,124,1,123
113900022,21,0,21
113900023,64,0,64
113900024,72,92,-20
113900025,291,19,272
113900026,29,1,28
113900027,1,86,-85
113900028,30,443,-413
113900029,43,220,-177
113900030,205,3,202
113900031,7,1,6
113900032,19,0,19
113900033,103,72,31
113900035,56,1,55
113900036,14,86,-72
113900037,151,513,-362
113900038,116,120,-4
113900039,118,11,107
113900040,9,6,3
113900041,4,4,0
113900042,103,42,61
113900043,272,131,141
113900044,338,276,62
113900045,139,3,136
113900046,318,726,-408
113900047,68,100,-32
113900048,305,91,214
113900049,761,427,334
113900050,270,370,-100
113900051,251,455,-204
113900052,198,165,33
113900053,525,705,-180
113900054,23,5,18
113900055,101,535,-434
113900056,53,182,-129
113900057,15,107,-92
113900058,65,194,-129
113900059,210,376,-166
113900060,97,236,-139
113900061,990,269,721
113900062,120,17,103
113900063,83,115,-32
113900064,31,137,-106
113900065,538,26,512
113900066,335,466,-131
113900067,158,284,-126
113900068,520,486,34
113900069,57,37,20
113900070,172,477,-305
113900071,62,60,2
113900072,73,244,-171
113900073,234,471,-237
113900074,281,386,-105
113900075,1329,1420,-91
113900076,165,22,143
113900077,61,186,-125
113900078,48,54,-6
113900079,2,55,-53
113900080,407,216,191
113900081,99,287,-188
113900082,118,257,-139
113900083,293,542,-249
113900084,284,136,148
113900085,43,287,-244
113900086,18,11,7
113900087,73,177,-104
113900088,62,108,-46
113900089,405,54,351
113900090,616,315,301
113900091,30,27,3
113900092,84,140,-56
113900093,104,802,-698
113900094,324,394,-70
113900095,135,128,7
113900096,257,55,202
113900097,44,119,-75
113900098,550,90,460
113900099,1,101,-100
113900100,3,3,0
113900101,31,86,-55
113900102,174,176,-2
113900103,421,274,147
113900104,100,251,-151
113900105,91,337,-246
113900106,0,85,-85
113900107,1,22,-21
113900108,334,240,94
113900109,358,184,174
113900110,48,21,27
113900111,151,82,69
113900112,123,87,36
113900113,966,522,444
113900114,0,143,-143
113900115,0,135,-135
113900116,135,186,-51
113900117,155,33,122
113900118,223,328,-105
113900119,267,499,-232
113900120,98,39,59
113900121,50,113,-63
113900122,385,1854,-1469
113900123,448,244,204
113900124,0,97,-97
113900125,1291,164,1127
113900126,179,73,106
113900127,329,660,-331
113900128,188,106,82
113900129,18,145,-127
113900130,2,13,-11
113900131,191,105,86
113900132,113,84,29
113900133,18,72,-54
113900135,360,483,-123
113900136,122,69,53
113900137,405,322,83
113900138,93,160,-67
113900139,471,161,310
113900140,344,312,32
113900141,449,472,-23
113900142,130,88,42
113900143,5,33,-28
113900144,439,282,157
113900145,404,215,189
113900146,131,66,65
113900148,204,338,-134
113900149,179,107,72
113900150,844,633,211
113900151,376,259,117
113900152,31,53,-22
113900153,388,589,-201
113900154,2,181,-179
113900155,211,152,59
113900156,293,550,-257
113900157,48,312,-264
113900158,573,419,154
113900159,20,335,-315
113900160,605,635,-30
113900161,78,295,-217
113900162,687,695,-8
113900163,420,356,64
113900164,291,70,221
113900165,789,534,255
113900166,163,181,-18
113900167,282,52,230
113900168,178,155,23
113900169,222,423,-201
113900171,178,68,110
113900172,15,260,-245
113900173,64,660,-596
113900174,463,583,-120
113900175,326,135,191
113900176,353,657,-304
113900177,399,224,175
113900178,452,116,336
113900179,22,632,-610
113900180,187,109,78
113900181,734,118,616
113900182,763,1162,-399
113900183,81,84,-3
113900184,17,647,-630
113900185,253,79,174
113900186,45,37,8
113900187,50,133,-83
113900188,77,165,-88
113900189,282,151,131
113900190,366,145,221
113900191,129,200,-71
113900192,6,387,-381
113900193,32,270,-238
113900194,2157,1193,964
113900195,346,542,-196
113900196,4,144,-140
113900197,1,307,-306
113900198,22,199,-177
113900199,163,717,-554
113900200,27,280,-253
113900201,1,277,-276
113900202,47,410,-363
113900203,2,175,-173
113900204,59,687,-628
113900205,11,191,-180
113900206,3,178,-175
113900207,2,85,-83
113900208,0,57,-57
113900209,0,83,-83
113900210,634,731,-97
113900211,215,72,143
113900212,202,512,-310
113900214,573,489,84
113900215,132,124,8
113900216,109,1126,-1017
113900217,104,275,-171
113900218,162,68,94
113900219,97,421,-324
113900220,161,164,-3
113900221,386,188,198
113900222,239,467,-228
113900223,127,1206,-1079
113900224,90,81,9
113900225,695,242,453
113900226,251,112,139
113900227,343,250,93
113900228,359,532,-173
113900229,75,688,-613
113900230,4890,2648,2242
113900231,224,250,-26
113900232,92,123,-31
113900233,87,60,27
113900234,307,567,-260
113900235,92,38,54
113900236,87,368,-281
113900237,165,13,152
113900238,270,594,-324
113900239,86,101,-15
113900240,11,120,-109
113900241,127,76,51
113900242,39,202,-163
113900243,118,498,-380
113900244,478,287,191
113900245,1426,279,1147
113900246,27,18,9
113900247,214,438,-224
113900248,3347,1812,1535
113900249,1149,514,635
113900250,38,195,-157
113900251,622,210,412
113900252,532,20,512
113900253,767,47,720
113900254,857,148,709
113900255,401,23,378
113900256,410,29,381
113900257,44,675,-631
113900258,22,493,-471
113900259,465,216,249
113900260,204,39,165
113900261,25,108,-83
113900262,145,738,-593
113900263,200,693,-493
113900264,6,596,-590
113900265,172,301,-129
113900266,51,236,-185
113900267,143,532,-389
113900268,283,370,-87
113900269,102,169,-67
113900270,274,511,-237
113900271,676,1313,-637
113900273,55,14,41
113900274,70,48,22
113900275,33,51,-18
113900276,3,260,-257
113900277,163,4,159
113900278,282,215,67
113900279,112,110,2
113900280,1543,463,1080
113900281,691,1386,-695
113900282,882,619,263
113900283,483,496,-13
113900284,881,229,652
113900285,129,40,89
113900286,10,103,-93
113900287,44,92,-48
113900288,1,142,-141
113900289,1285,129,1156
113900290,480,210,270
113900291,121,231,-110
113900292,14,5,9
113900293,2,336,-334
113900294,521,28,493
113900295,554,436,118
113900296,2135,391,1744
113900297,2230,38,2192
113900298,12,1853,-1841
113900299,58,240,-182
113900300,5938,3398,2540
113900301,886,371,515
113900302,2627,1095,1532
113900303,634,505,129
113900304,0,155,-155
113900305,132,1,131
113900306,30,0,30
113900307,153,0,153
113900308,83,125,-42
113900309,13,1165,-1152
113900310,0,17,-17
113900311,1,3,-2
113900312,306,229,77
113900313,29,16,13
113900314,67,3611,-3544
113900315,762,1831,-1069
114000001,1053,3472,-2419
114000002,296,428,-132
114000003,120,775,-655
114000004,363,411,-48
114000005,289,263,26
114000006,3114,2575,539
114000007,697,1493,-796
114000008,1833,2085,-252
114000009,732,259,473
114000011,2581,3608,-1027
114000012,2384,2472,-88
114000013,1515,2012,-497
114000014,730,492,238
114000015,1874,460,1414
114000016,228,350,-122
114000017,108,343,-235
114000018,362,53,309
114000026,1401,1561,-160
114000027,3115,2197,918
114000028,2300,2804,-504
114000038,220,144,76
114000039,193,174,19
114000040,100,218,-118
114000042,155,220,-65
114000043,301,204,97
114000044,231,170,61
114000045,56,52,4
114000046,3892,5786,-1894
114000047,57,72,-15
114000048,164,149,15
114000049,1653,1813,-160
114000050,1878,2521,-643
114000051,3625,2139,1486
114000052,5530,1543,3987
114000053,126,578,-452
114000054,186,1086,-900
114000055,582,25,557
114000056,1242,887,355
114000057,8380,2490,5890
114000058,525,1397,-872
114000059,347,328,19
114000060,861,1029,-168
114000061,4232,2586,1646
114000062,2375,1292,1083
114000063,3166,1932,1234
114000064,6607,3967,2640
114000065,1817,2897,-1080
114000066,421,712,-291
114000067,24,768,-744
114000068,528,722,-194
114000069,1039,657,382
114000070,2366,1806,560
114000071,770,602,168
114000072,430,331,99
114000073,12,99,-87
114000074,72,17,55
114000075,47,151,-104
114000076,16,133,-117
114000077,13,64,-51
114000078,352,808,-456
114000079,147,30,117
114000080,105,97,8
114000081,76,77,-1
114000082,57,569,-512
114000083,62,298,-236
114000084,332,85,247
114000085,173,795,-622
114000086,251,562,-311
114000087,69,222,-153
114000088,45,61,-16
114000089,1487,473,1014
114000090,868,956,-88
114000091,1625,1018,607
114000092,976,674,302
114000093,1191,1033,158
114000094,566,518,48
114000095,248,135,113
114000096,175,437,-262
114000097,188,726,-538
114000098,486,120,366
114000099,608,1013,-405
114000100,1264,872,392
114000101,359,997,-638
114000102,481,446,35
114000103,208,517,-309
114000104,6,328,-322
114000105,101,70,31
114000106,1012,935,77
114000107,312,159,153
114000108,3198,1581,1617
114000109,513,1267,-754
114000110,579,1962,-1383
114000111,1415,798,617
114000112,546,2857,-2311
114000113,1483,555,928
114000114,1313,1880,-567
114000115,2428,1044,1384
114000116,756,1404,-648
114000117,2607,444,2163
114000118,2113,493,1620
114000119,1599,416,1183
114000120,591,999,-408
114000121,516,818,-302
114000122,643,385,258
114000123,1734,443,1291
114000124,928,382,546
114000125,1006,1767,-761
114000126,2120,220,1900
114000127,248,208,40
114000128,880,540,340
114000130,689,569,120
114000131,252,149,103
114000132,596,753,-157
114000133,876,1761,-885
114000134,90,168,-78
114000138,47,222,-175
114000139,599,283,316
114000144,805,582,223
114000145,102,199,-97
114000146,146,339,-193
114000147,1326,1677,-351
114000148,2346,1994,352
114000149,485,358,127
114000150,1526,1189,337
114000151,1757,1543,214
114000152,186,31,155
114000153,1236,2569,-1333
114000154,1155,1021,134
114000155,1514,2676,-1162
114000156,1202,592,610
114000157,347,1143,-796
114000158,1978,881,1097
114000159,250,479,-229
114000160,148,278,-130
114000161,2066,2725,-659
114000162,1068,2288,-1220
114000163,12,136,-124
114000165,543,264,279
114000166,796,373,423
114000167,4432,1644,2788
114000168,883,734,149
114000169,1851,1302,549
114000170,1427,1162,265
114000171,1044,3134,-2090
114000174,279,526,-247
114000176,724,497,227
114000177,2532,879,1653
114000178,57,63,-6
114000179,1377,1015,362
114000180,554,721,-167
114000181,1759,3671,-1912
114000182,5185,2699,2486
114000183,1018,1062,-44
114000184,6505,1571,4934
114000185,1044,953,91
114000189,760,128,632
114000190,2268,298,1970
114000191,45,65,-20
114000192,323,1655,-1332
114000193,762,3396,-2634
114000194,1318,1198,120
114000195,169,9,160
114000196,2,309,-307
114000197,1018,126,892
114000198,1441,456,985
114000199,2546,1917,629
114000200,725,2173,-1448
114000201,280,1135,-855
114000202,1160,804,356
114000203,613,919,-306
114000204,165,562,-397
114000205,268,1720,-1452
114000206,588,1785,-1197
114000207,801,2106,-1305
114000208,465,3427,-2962
114000209,645,3089,-2444
114000210,304,1646,-1342
114000211,1144,1957,-813
114000212,758,947,-189
114000213,1447,667,780
114000214,113,235,-122
114000215,269,95,174
114000216,1956,588,1368
114000217,273,396,-123
114000218,170,273,-103
114000219,1242,287,955
114000220,35,1508,-1473
114000221,773,186,587
114000222,177,1276,-1099
114000223,525,149,376
114000224,98,811,-713
114000225,259,688,-429
114000226,140,276,-136
114000227,932,632,300
114000228,721,1020,-299
114000229,1051,1535,-484
114000230,1823,1450,373
114000231,951,1380,-429
114000232,662,151,511
114000233,2107,130,1977
114000234,1483,993,490
114000235,1148,1712,-564
114000236,0,555,-555
114000237,120,1132,-1012
114000238,208,272,-64
114000239,227,1531,-1304
114000240,773,829,-56
114000241,272,1139,-867
114000242,1083,1066,17
114000243,1701,955,746
114000244,750,458,292
114000245,325,694,-369
114000246,287,44,243
114000247,915,761,154
114000248,1181,633,548
114000249,457,685,-228
114000250,540,783,-243
114000251,292,382,-90
114000252,81,83,-2
114000253,46,180,-134
114000254,38,68,-30
114000255,794,196,598
114000256,2000,1685,315
114000257,740,1750,-1010
114000258,376,456,-80
114000259,142,257,-115
114000260,0,56,-56
114000261,52,45,7
114000262,142,183,-41
114000263,14,3,11
114000264,1056,518,538
114000265,0,1,-1
114000267,3,2104,-2101
114000268,4,1761,-1757
114000270,280,5,275
114000271,737,63,674
114000283,1209,457,752
114000285,20,283,-263
114000288,79,375,-296
114000289,1223,213,1010
114000293,147,558,-411
114000294,187,302,-115
114000395,2337,46,2291
114000396,523,565,-42
114000402,471,341,130
114000403,341,484,-143
114000405,125,604,-479
114000423,318,518,-200
114000424,327,167,160
114000425,560,581,-21
114000426,304,856,-552
114000427,47,131,-84
114000428,313,227,86
114000429,14,214,-200
114000432,85,155,-70
114000434,32,113,-81
114000435,1,237,-236
114900001,614,1400,-786
114900002,695,93,602
114900003,652,1863,-1211
114900004,227,516,-289
114900005,517,1023,-506
114900006,107,64,43
114900007,237,29,208
114900008,144,147,-3
114900010,2524,2568,-44
114900011,177,187,-10
114900013,244,169,75
114900015,29,228,-199
114900018,1277,53,1224
114900020,259,88,171
114900022,38,1152,-1114
114900024,173,58,115
114900025,477,268,209
114900026,107,92,15
114900027,96,134,-38
114900029,195,32,163
114900030,383,236,147
114900031,449,51,398
114900032,310,34,276
114900033,722,327,395
114900034,53,254,-201
114900035,175,340,-165
114900036,279,916,-637
114900037,59,84,-25
114900038,66,365,-299
114900039,541,607,-66
114900040,79,244,-165
114900041,605,658,-53
114900042,715,691,24
114900043,427,129,298
114900044,189,51,138
114900046,48,53,-5
114900047,210,1705,-1495
114900048,112,373,-261
114900049,39,308,-269
114900050,67,482,-415
114900051,20,409,-389
114900052,67,225,-158
114900053,102,331,-229
114900054,50,148,-98
114900057,305,6,299
114900058,1,97,-96
114900059,78,74,4
114900060,715,354,361
114900061,55,75,-20
114900062,140,168,-28
114900063,63,253,-190
114900064,1107,589,518
114900065,345,721,-376
114900067,74,424,-350
114900068,75,259,-184
114900069,248,164,84
114900070,543,605,-62
114900072,14,329,-315
114900073,2,188,-186
114900074,543,773,-230
114900075,220,12,208
114900076,15,412,-397
114900080,2620,504,2116
114900082,4475,1850,2625
114900083,1317,1248,69
114900090,298,382,-84
114900091,162,218,-56
114900095,163,70,93
114900096,234,349,-115
114900097,165,6,159
114900098,2,292,-290
114900099,181,7,174
115000001,8574,5925,2649
115000002,3904,4544,-640
115000003,5490,4720,770
115000004,4372,6504,-2132
115000005,1852,2974,-1122
115000006,1250,1943,-693
115000007,170,233,-63
115000008,464,739,-275
115000009,323,383,-60
115000010,424,215,209
115000013,97,266,-169
115000015,138,453,-315
115000016,80,248,-168
115000019,51,482,-431
115000020,169,650,-481
115000021,265,528,-263
115000022,547,351,196
115000023,405,561,-156
115000024,1101,531,570
115000025,874,698,176
115000026,137,442,-305
115000027,274,314,-40
115000028,182,900,-718
115000029,630,123,507
115000030,725,1057,-332
115000031,1336,258,1078
115000032,8,359,-351
115000033,229,37,192
115000034,161,1192,-1031
115000035,1131,61,1070
115000036,1,472,-471
115000037,612,9,603
115000038,54,192,-138
115000039,4517,3034,1483
115000040,7276,4215,3061
115000041,1784,3380,-1596
115000042,1205,704,501
115000043,3707,2274,1433
115000044,4010,4437,-427
115000045,2968,2322,646
115000046,2078,2607,-529
115000047,2185,1879,306
115000048,2023,3041,-1018
115000049,1793,4155,-2362
115000050,3263,2223,1040
115000051,1822,3273,-1451
115000052,3080,2220,860
115000053,1727,1862,-135
115000054,785,1645,-860
115000055,154,446,-292
115000056,258,524,-266
115000057,807,734,73
115000058,471,174,297
115000059,246,113,133
115000061,337,124,213
115000062,208,295,-87
115000063,298,355,-57
115000064,321,138,183
115000065,46,463,-417
115000067,280,34,246
115000069,79,374,-295
115000070,28,1077,-1049
115000071,167,11,156
115000072,9,86,-77
115000073,1618,75,1543
115000075,94,99,-5
115000076,4193,3407,786
115000077,1873,3125,-1252
115000078,1253,1960,-707
115000079,1244,2252,-1008
115000080,2450,2930,-480
115000081,522,1148,-626
115000082,3388,4031,-643
115000083,2155,2711,-556
115000084,1864,1435,429
115000085,770,1044,-274
115000086,1035,976,59
115000087,547,1778,-1231
115000088,1863,760,1103
115000089,1677,1366,311
115000090,612,1158,-546
115000091,275,1126,-851
115000092,432,404,28
115000093,405,2,403
115000094,7860,5714,2146
115000095,6119,5941,178
115000096,680,2032,-1352
115000097,790,1096,-306
115000098,1020,897,123
115000099,2414,3297,-883
115000100,964,489,475
115000101,545,1708,-1163
115000102,423,282,141
115000103,351,833,-482
115000105,65,223,-158
115000106,525,330,195
115000107,177,628,-451
115000108,4349,3092,1257
115000109,5190,4000,1190
115000110,1494,1399,95
115000111,746,2054,-1308
115000112,655,722,-67
115000113,604,1062,-458
115000114,1702,927,775
115000116,3880,2032,1848
115000117,4309,3221,1088
115000118,2543,1845,698
115000119,2250,2550,-300
115000120,765,1296,-531
115000121,1781,1000,781
115000122,3979,1931,2048
115000123,1461,1873,-412
115000124,1273,885,388
115000125,685,633,52
115000126,195,291,-96
115000127,584,82,502
115000128,749,993,-244
115000129,469,353,116
115000130,454,1028,-574
115000131,789,333,456
115000132,218,485,-267
115000133,546,395,151
115000134,352,261,91
115000135,266,259,7
115000136,343,272,71
115000137,155,175,-20
115000138,271,340,-69
115000139,285,264,21
115000140,299,279,20
115000141,242,298,-56
115000142,157,282,-125
115000143,617,567,50
115000144,504,127,377
115000145,249,402,-153
115000146,462,317,145
115000147,522,547,-25
115000148,339,1451,-1112
115000149,697,268,429
115000150,718,1272,-554
115000151,1228,528,700
115000152,588,1561,-973
115000153,1165,582,583
115000154,943,385,558
115000155,648,1206,-558
115000156,1572,710,862
115000157,920,942,-22
115000158,672,317,355
115000159,947,459,488
115000160,695,379,316
115000161,154,634,-480
115000162,810,909,-99
115000163,638,618,20
115000164,704,596,108
115000165,468,471,-3
115000167,218,94,124
115000168,880,353,527
115000169,865,338,527
115000170,305,161,144
115000171,489,223,266
115000172,1433,736,697
115000173,458,489,-31
115000174,161,292,-131
115000175,271,66,205
115000176,152,52,100
115000177,111,57,54
115000178,29,275,-246
115000179,79,12,67
115000180,141,654,-513
115000181,621,142,479
115000182,758,351,407
115000183,237,952,-715
115000186,746,281,465
115000187,216,871,-655
115000188,443,612,-169
115000189,241,465,-224
115000190,853,554,299
115000191,371,553,-182
115000194,212,200,12
115000195,304,385,-81
115000196,135,125,10
115000197,260,317,-57
115000198,276,193,83
115000199,347,296,51
115000200,331,111,220
115000201,202,404,-202
115000206,426,69,357
115000207,112,354,-242
115000208,450,724,-274
115000209,537,279,258
115000210,167,135,32
115000211,246,249,-3
115000212,1836,245,1591
115000224,481,64,417
115000225,63,100,-37
115000229,207,162,45
115000230,98,425,-327
115000231,339,2419,-2080
115000232,1383,297,1086
115000233,179,205,-26
115000234,18,319,-301
115000241,87,274,-187
115000242,88,396,-308
115000243,31,263,-232
115000244,7,101,-94
115000246,61,27,34
115000247,50,28,22
115000248,32,23,9
115000249,51,16,35
115000250,426,49,377
115000251,214,119,95
115000252,182,227,-45
115000253,11,478,-467
115000258,317,168,149
115000259,356,150,206
115000261,17,20,-3
115000262,16,29,-13
115000263,11,57,-46
115000264,22,49,-27
115000267,81,89,-8
115000268,30,134,-104
115000269,133,70,63
115000270,9,15,-6
115000272,36,170,-134
115000273,374,40,334
115000280,2228,140,2088
115000281,560,765,-205
115000282,927,618,309
115000284,502,195,307
115000296,1214,25,1189
115000297,289,107,182
115000298,97,495,-398
115000300,208,148,60
115000302,558,227,331
115000303,629,155,474
115000304,700,86,614
115000305,100,992,-892
115000306,162,497,-335
115000307,66,241,-175
115000308,48,21,27
115000309,30,46,-16
115000310,948,1047,-99
115000311,848,1447,-599
115000313,122,826,-704
115000314,350,136,214
115000315,1209,640,569
115000316,74,93,-19
115000317,156,505,-349
115000318,870,331,539
115000319,39,374,-335
115000320,19,255,-236
115000321,494,5,489
115000322,47,285,-238
115000449,215,226,-11
115000557,1,1179,-1178
115000558,920,96,824
115000587,631,310,321
115000588,3106,3890,-784
115000589,4628,3032,1596
115000590,1308,1518,-210
115000591,1671,745,926
115000592,1042,1954,-912
115000593,1701,748,953
115000594,944,2590,-1646
115000609,297,397,-100
115000617,2245,3155,-910
115000624,230,88,142
115000633,402,2551,-2149
115000634,2962,943,2019
115000635,709,189,520
115000638,1225,1002,223
115000641,76,137,-61
115000642,377,312,65
115000643,138,607,-469
115000644,144,478,-334
115000646,853,1574,-721
115000647,146,518,-372
115000648,1625,2058,-433
115000893,4170,1795,2375
115000894,198,1487,-1289
115000895,724,1050,-326
115000896,2081,475,1606
115000897,594,148,446
115000898,570,357,213
115000899,825,1530,-705
115000900,150,519,-369
115000901,90,173,-83
115000912,357,120,237
115000913,4,17,-13
115000915,97,1,96
115000916,11,0,11
115000917,0,7,-7
115000918,73,299,-226
115000919,28,9,19
115000920,123,54,69
115000921,985,143,842
115000922,2610,845,1765
115000923,865,1208,-343
115000925,90,78,12
115000927,57,64,-7
115000933,571,261,310
115000934,117,191,-74
115000935,81,88,-7
115000936,43,743,-700
115000937,1269,171,1098
115000938,293,194,99
115000939,352,234,118
115000940,65,23,42
115000941,11,26,-15
115000942,283,119,164
115000943,87,20,67
115000944,7,3,4
115900001,124,48,76
115900002,103,177,-74
115900003,145,118,27
115900004,0,82,-82
115900005,142,10,132
115900006,137,367,-230
115900008,56,18,38
115900009,96,328,-232
115900010,262,174,88
115900011,555,270,285
115900012,135,105,30
115900013,459,169,290
115900014,113,161,-48
115900015,113,112,1
115900016,86,19,67
115900017,4,4,0
115900018,168,96,72
115900019,109,13,96
115900020,39,0,39
115900021,1560,180,1380
115900022,2558,14,2544
115900023,47,9,38
115900025,49,242,-193
115900026,927,283,644
115900027,0,321,-321
115900028,716,66,650
115900029,23,480,-457
115900030,13,29,-16
115900031,447,276,171
115900032,502,742,-240
115900033,0,52,-52
115900034,11,518,-507
115900035,93,24,69
115900036,219,668,-449
115900037,51,488,-437
115900038,45,9,36
115900039,169,294,-125
115900041,542,544,-2
115900042,43,8,35
115900043,107,110,-3
115900044,259,276,-17
115900046,226,276,-50
115900047,132,113,19
115900049,191,267,-76
115900051,0,57,-57
115900052,16,251,-235
115900053,205,196,9
115900054,208,63,145
115900055,35,148,-113
115900056,204,320,-116
115900057,60,9,51
115900058,52,55,-3
115900060,98,138,-40
115900061,238,1,237
115900062,27,278,-251
115900063,58,13,45
115900064,154,244,-90
115900065,96,89,7
115900066,236,169,67
115900067,6,790,-784
115900068,3785,896,2889
115900069,33,224,-191
115900070,192,185,7
115900071,2,518,-516
115900072,51,213,-162
115900073,35,66,-31
115900074,3,410,-407
115900075,25,274,-249
115900076,5,73,-68
115900077,6,339,-333
115900078,78,137,-59
115900079,136,15,121
115900080,544,267,277
115900081,16,74,-58
115900082,166,200,-34
115900084,263,25,238
115900085,58,91,-33
115900086,1637,524,1113
115900088,9,52,-43
115900089,287,824,-537
115900090,266,21,245
115900091,5,34,-29
115900092,14,245,-231
115900093,3,28,-25
115900094,3,423,-420
115900096,0,20,-20
115900097,12,467,-455
115900098,170,500,-330
115900099,141,59,82
115900100,20,702,-682
115900101,172,376,-204
115900102,41,95,-54
115900103,278,235,43
115900104,57,135,-78
115900105,204,703,-499
115900106,71,35,36
115900107,100,177,-77
115900108,70,41,29
115900109,46,457,-411
115900110,4,30,-26
115900111,1,76,-75
115900112,35,1098,-1063
115900113,60,23,37
115900114,4,134,-130
115900115,74,238,-164
115900116,58,1089,-1031
115900117,67,30,37
115900118,4,393,-389
115900119,150,139,11
115900120,21,423,-402
115900121,131,283,-152
115900124,201,562,-361
115900125,236,31,205
115900126,536,76,460
115900127,625,50,575
115900128,15,66,-51
115900129,651,36,615
115900130,23,269,-246
115900131,363,26,337
115900132,359,14,345
115900134,234,10,224
115900135,549,1020,-471
115900137,20,3,17
115900139,84,63,21
115900140,168,24,144
115900141,5,53,-48
115900142,13,37,-24
115900143,330,289,41
115900144,89,241,-152
115900146,14,136,-122
115900147,224,273,-49
115900148,60,9,51
115900149,62,49,13
115900150,108,82,26
115900151,11,109,-98
115900152,115,338,-223
115900153,156,254,-98
115900154,597,364,233
115900155,0,90,-90
115900156,613,736,-123
115900157,174,492,-318
115900158,43,16,27
115900159,142,315,-173
115900160,9,4,5
115900161,87,219,-132
115900163,140,127,13
115900164,495,27,468
115900166,233,250,-17
115900168,138,208,-70
115900171,122,447,-325
115900172,48,149,-101
115900173,220,143,77
115900174,287,222,65
115900175,73,196,-123
115900178,7,770,-763
115900179,239,14,225
115900180,45,263,-218
115900181,163,218,-55
115900182,320,289,31
115900183,87,27,60
115900184,1800,32,1768
115900187,6,133,-127
115900189,1,173,-172
115900190,336,1202,-866
115900191,63,418,-355
115900192,13,71,-58
115900193,183,117,66
115900194,655,57,598
115900195,605,1584,-979
115900198,212,404,-192
115900199,235,265,-30
115900200,347,300,47
115900201,337,278,59
115900202,0,38,-38
115900203,6,14,-8
115900204,0,5,-5
115900205,195,38,157
115900206,177,122,55
115900207,25,30,-5
115900208,170,262,-92
115900209,7,162,-155
115900210,12,130,-118
115900211,5,276,-271
115900212,121,331,-210
115900213,158,75,83
115900214,440,310,130
115900215,25,132,-107
115900216,3,101,-98
115900217,11,41,-30
115900218,7,40,-33
115900219,90,13,77
115900220,105,37,68
115900221,50,37,13
115900222,40,25,15
115900223,7,261,-254
115900224,1421,990,431
115900225,87,46,41
115900226,14,21,-7
115900227,5,57,-52
115900228,14,42,-28
115900229,9,58,-49
115900230,83,125,-42
115900231,84,1,83
115900232,110,3,107
115900233,128,15,113
115900234,60,26,34
115900235,40,44,-4
115900236,96,13,83
115900237,19,19,0
115900238,43,39,4
115900239,15,39,-24
115900240,9,49,-40
115900241,170,160,10
115900242,323,398,-75
115900243,4,9,-5
115900244,17,14,3
115900245,53,11,42
115900246,6,2,4
115900247,29,11,18
115900248,12,4,8
115900249,2,15,-13
115900250,8,21,-13
115900251,1,13,-12
115900252,4,0,4
115900253,8,15,-7
115900254,8,13,-5
115900255,2,27,-25
115900256,20,29,-9
115900257,4,6,-2
115900258,0,0,0
115900259,5,1,4
115900260,9,4,5
115900261,17,2,15
115900262,6,1,5
115900263,6,4,2
115900264,3,9,-6
115900265,5,11,-6
115900266,7,12,-5
115900267,15,16,-1
115900268,11,10,1
115900269,383,437,-54
115900270,318,627,-309
115900271,115,0,115
115900272,36,2,34
115900273,9,19,-10
115900274,3,9,-6
115900275,1,26,-25
115900276,0,45,-45
115900277,0,88,-88
115900278,38,142,-104
115900279,18,184,-166
115900280,21,294,-273
115900281,623,313,310
115900282,40,4,36
115900283,9,13,-4
115900284,9,10,-1
116000001,14252,6791,7461
116000002,5085,10986,-5901
116000003,1843,2147,-304
116000004,2824,3542,-718
116000005,4474,3480,994
116000006,4044,2100,1944
116000007,3414,3798,-384
116000008,4382,1978,2404
116000009,2079,2985,-906
116000010,2845,1456,1389
116000011,1102,2116,-1014
116000012,1179,1069,110
116000013,15831,5522,10309
116000014,18840,14243,4597
116000015,451,1470,-1019
116000016,8067,4037,4030
116000017,39,891,-852
116000018,767,472,295
116000019,1146,394,752
116000020,672,1091,-419
116000021,493,433,60
116000022,506,508,-2
116000023,1160,1109,51
116000024,769,1115,-346
116000025,1128,811,317
116000026,2179,2616,-437
116000027,1430,739,691
116000028,571,920,-349
116000029,1390,842,548
116000030,725,557,168
116000031,194,331,-137
116000032,445,332,113
116000033,419,595,-176
116000034,1247,1341,-94
116000035,753,1178,-425
116000036,2022,906,1116
116000037,793,704,89
116000038,749,391,358
116000039,595,352,243
116000040,2275,284,1991
116000041,250,564,-314
116000042,719,211,508
116000043,47,724,-677
116000044,35,143,-108
116000045,2288,1656,632
116000046,1404,1649,-245
116000047,3099,4396,-1297
116000048,2895,2094,801
116000049,1161,2679,-1518
116000050,1468,2250,-782
116000051,6152,2475,3677
116000052,6748,5480,1268
116000053,3372,1514,1858
116000054,1624,2924,-1300
116000055,647,1621,-974
116000056,942,1577,-635
116000057,4729,2187,2542
116000058,3246,2078,1168
116000059,2986,5380,-2394
116000060,2905,1065,1840
116000061,904,1146,-242
116000062,1344,260,1084
116000063,1047,1310,-263
116000066,323,735,-412
116000067,270,626,-356
116000068,265,340,-75
116000069,240,396,-156
116000078,434,1179,-745
116000080,1788,1059,729
116000082,4,92,-88
116000083,1774,473,1301
116000084,2397,4574,-2177
116000085,2323,1794,529
116000086,2613,1729,884
116000087,1696,1536,160
116000088,915,1124,-209
116000089,168,62,106
116000090,189,274,-85
116000091,222,264,-42
116000093,505,474,31
116000094,678,787,-109
116000095,774,768,6
116000096,865,1538,-673
116000097,904,843,61
116000098,209,7379,-7170
116000099,9033,357,8676
116000100,187,17,170
116000101,689,1193,-504
116000102,336,1575,-1239
116000103,467,320,147
116000104,325,1874,-1549
116000105,1362,197,1165
116000106,826,1290,-464
116000107,3410,558,2852
116000108,790,261,529
116000111,229,50,179
116000113,87,127,-40
116000114,49,157,-108
116000115,285,195,90
116000116,300,574,-274
116000117,1474,2463,-989
116000118,1495,1669,-174
116000119,2500,2326,174
116000120,3022,4857,-1835
116000121,857,689,168
116000122,1442,1799,-357
116000123,691,551,140
116000124,398,1040,-642
116000125,2257,749,1508
116000126,315,1699,-1384
116000127,1121,1611,-490
116000128,1408,863,545
116000129,977,226,751
116000130,486,337,149
116000133,728,1320,-592
116000134,2045,2563,-518
116000135,2292,1648,644
116000136,1256,2436,-1180
116000137,1235,735,500
116000138,814,611,203
116000139,2235,2556,-321
116000140,175,285,-110
116000141,412,984,-572
116000142,4422,4435,-13
116000143,2295,2094,201
116000144,1452,2919,-1467
116000145,1786,1673,113
116000146,418,358,60
116000147,529,167,362
116000148,659,539,120
116000149,693,625,68
116000151,952,921,31
116000153,118,1138,-1020
116000155,307,401,-94
116000156,402,1033,-631
116000157,62,33,29
116000158,433,534,-101
116000159,16,9,7
116000160,9,112,-103
116000161,5,87,-82
116000162,94,111,-17
116000163,11,13,-2
116000164,26,15,11
116000177,576,132,444
116000194,132,411,-279
116000195,2096,819,1277
116000196,0,0,0
116000197,7,10,-3
116000198,3079,1300,1779
116000200,1004,576,428
116000201,721,874,-153
116000202,8,323,-315
116000203,5,107,-102
116000204,11,72,-61
116000205,0,232,-232
116000206,0,141,-141
116000207,3,49,-46
116000233,229,736,-507
116000287,182,598,-416
116000288,250,282,-32
116000292,0,0,0
116000296,26,243,-217
116000297,101,32,69
116000304,137,71,66
116000305,37,93,-56
116000346,126,133,-7
116000352,139,69,70
116000354,55,21,34
116000357,50,27,23
116000358,309,54,255
116000361,511,8,503
116000372,11007,4293,6714
116000381,103,0,103
116000388,3,55,-52
116000389,1010,648,362
116000445,310,738,-428
116000446,455,1005,-550
116000447,13,638,-625
116000448,618,293,325
116000563,939,1080,-141
116000565,63,477,-414
116000568,66,213,-147
116000579,54,129,-75
116000583,166,108,58
116000584,36,18,18
116000585,27,22,5
116000586,205,142,63
116000587,661,727,-66
116000589,120,107,13
116000590,86,148,-62
116000591,194,285,-91
116000592,22,122,-100
116000593,0,50,-50
116000594,499,462,37
116000595,614,176,438
116000596,160,14,146
116000597,367,95,272
116000598,8,198,-190
116000605,372,128,244
116000606,56,250,-194
116000607,42,109,-67
116000609,208,891,-683
116000611,120,648,-528
116000612,834,2364,-1530
116000613,517,378,139
116000614,502,742,-240
116000615,2,287,-285
116000616,50,145,-95
116000617,68,110,-42
116000618,2,191,-189
116000619,63,67,-4
116000620,100,70,30
116000621,45,118,-73
116000622,71,253,-182
116000624,218,131,87
116000627,56,183,-127
116000628,29,977,-948
116000629,48,513,-465
116000630,346,55,291
116000631,218,72,146
116000632,512,71,441
116000633,134,404,-270
116000634,275,237,38
116000635,4839,2385,2454
116000636,1953,1385,568
116000637,420,134,286
116000638,95,545,-450
116000639,6,1,5
116000640,18,24,-6
116000641,11,34,-23
116000643,0,54,-54
116000644,27,792,-765
116000645,16,18,-2
116900001,201,172,29
116900002,294,4,290
116900003,25,75,-50
116900004,25,27,-2
116900005,233,51,182
116900006,254,126,128
116900007,99,154,-55
116900008,308,426,-118
116900009,9,5,4
116900010,9,1643,-1634
116900011,44,71,-27
116900012,131,195,-64
116900013,4,145,-141
116900014,72,384,-312
116900016,166,5,161
116900017,2,726,-724
116900018,53,48,5
116900019,13,402,-389
116900020,1464,781,683
116900023,84,13,71
116900025,969,988,-19
116900026,161,688,-527
116900027,28,67,-39
116900028,4,107,-103
116900029,7,47,-40
116900031,0,11,-11
116900032,13,371,-358
116900033,4,8,-4
116900034,5,78,-73
116900035,171,289,-118
116900036,1,121,-120
116900038,27,3,24
116900041,51,18,33
116900042,956,298,658
116900043,22,102,-80
116900047,86,133,-47
116900049,43,354,-311
116900050,116,596,-480
116900051,102,278,-176
116900052,301,108,193
116900055,0,7,-7
116900057,19,274,-255
116900058,21,477,-456
116900059,2,150,-148
116900060,246,160,86
116900062,1,5,-4
116900064,64,923,-859
116900065,26,130,-104
116900067,134,130,4
116900068,132,348,-216
116900070,4,7,-3
116900072,24,481,-457
116900073,12,200,-188
116900074,13,52,-39
116900076,15,48,-33
116900077,8,156,-148
116900078,301,147,154
116900079,57,351,-294
116900080,28,19,9
116900081,379,1495,-1116
116900082,544,1008,-464
116900083,69,106,-37
116900084,320,68,252
116900085,5,62,-57
116900086,61,233,-172
116900088,294,64,230
116900090,185,67,118
116900091,296,42,254
116900092,71,974,-903
116900093,1593,2639,-1046
116900094,5687,5426,261
116900095,396,159,237
116900096,56,88,-32
116900097,4802,2412,2390
116900098,865,323,542
116900099,814,567,247
116900100,875,30,845
116900101,305,682,-377
116900103,3,0,3
116900104,73,91,-18
116900105,304,85,219
116900106,1590,509,1081
116900107,4859,2252,2607
116900110,9,0,9
116900111,508,983,-475
116900112,265,1345,-1080
116900113,2995,1631,1364
116900116,224,439,-215
116900117,120,107,13
116900118,884,788,96
116900120,215,115,100
116900121,84,39,45
116900122,579,739,-160
116900123,153,792,-639
116900124,186,1274,-1088
116900125,177,156,21
116900126,259,672,-413
116900128,0,47,-47
116900129,9,343,-334
116900130,963,3108,-2145
116900131,95,188,-93
116900132,43,117,-74
116900133,95,92,3
116900134,236,336,-100
116900136,168,194,-26
116900137,378,198,180
116900138,231,232,-1
116900139,165,423,-258
116900140,153,162,-9
116900141,712,392,320
116900142,6,143,-137
116900143,210,509,-299
116900144,2,60,-58
116900145,164,302,-138
116900147,967,386,581
116900148,25,67,-42
116900149,27,226,-199
116900150,11,37,-26
116900151,38,22,16
116900153,93,83,10
116900154,843,488,355
116900155,87,88,-1
116900157,536,359,177
116900158,1188,233,955
116900159,39,419,-380
116900160,2894,436,2458
116900161,8008,5733,2275
116900162,73,152,-79
116900163,170,188,-18
116900164,167,30,137
116900165,257,166,91
116900166,31,116,-85
116900167,357,56,301
116900168,394,85,309
116900169,1445,385,1060
116900170,244,497,-253
116900171,35,257,-222
116900172,297,287,10
116900173,179,32,147
116900174,86,91,-5
116900175,352,139,213
116900178,21,203,-182
116900179,97,205,-108
116900180,110,32,78
116900182,407,194,213
116900183,275,115,160
116900185,5,20,-15
116900186,103,319,-216
116900187,58,42,16
116900188,133,31,102
116900189,0,0,0
116900191,412,569,-157
116900192,232,197,35
116900194,118,888,-770
116900195,43,10,33
116900196,22,112,-90
116900197,98,9,89
116900198,184,184,0
116900200,43,42,1
116900201,101,20,81
116900202,145,56,89
116900203,91,6,85
116900204,50,91,-41
116900206,3,34,-31
116900207,32,33,-1
116900208,18,144,-126
116900209,40,150,-110
116900210,515,259,256
116900211,210,10,200
116900212,66,113,-47
116900213,203,215,-12
116900214,175,143,32
116900215,29,74,-45
116900216,402,244,158
116900218,144,529,-385
116900219,1317,526,791
116900220,122,248,-126
116900221,84,372,-288
116900222,398,363,35
116900223,109,281,-172
116900226,49,72,-23
116900227,280,100,180
116900228,313,327,-14
116900230,79,809,-730
116900233,379,218,161
116900234,11,7,4
116900235,169,287,-118
116900238,1623,447,1176
116900239,7,1124,-1117
116900240,7491,5043,2448
116900241,61,152,-91
116900242,1603,410,1193
116900243,0,40,-40
116900245,39,24,15
116900246,91,30,61
116900247,597,27,570
116900248,110,71,39
116900249,263,119,144
116900250,316,72,244
116900251,546,456,90
116900252,90,1202,-1112
116900254,37,116,-79
116900255,133,51,82
116900256,266,121,145
116900257,25,623,-598
116900258,10,345,-335
116900259,166,14,152
116900260,8,165,-157
116900261,42,1,41
116900262,169,154,15
116900263,0,10,-10
116900264,15,19,-4
116900265,15,0,15
116900266,107,134,-27
116900267,5,2,3
116900268,98,6,92
116900269,326,632,-306
116900271,1330,182,1148
116900272,758,531,227
116900273,409,79,330
116900274,66,93,-27
116900275,133,110,23
116900276,619,138,481
116900277,243,11,232
116900278,8,7,1
116900279,3,15,-12
116900280,380,50,330
116900281,8065,4055,4010
116900282,13,237,-224
116900283,7,147,-140
116900284,17,226,-209
116900285,367,419,-52
116900286,235,20,215
116900287,8,76,-68
116900288,51,141,-90
116900289,12,35,-23
116900290,5,31,-26
116900291,21,13,8
116900292,0,20,-20
116900293,37,78,-41
116900294,42,186,-144
116900295,612,28,584
116900296,352,63,289
116900297,15,101,-86
116900298,95,60,35
116900299,159,38,121
116900300,7,82,-75
116900301,130,101,29
116900302,95,68,27
116900303,540,126,414
116900304,1,182,-181
116900305,53,148,-95
116900306,147,164,-17
116900307,129,2,127
116900308,5,174,-169
116900309,205,317,-112
117000001,2380,2095,285
117000002,3066,6712,-3646
117000003,9626,3944,5682
117000004,5383,7055,-1672
117000005,2606,2251,355
117000006,1731,5067,-3336
117000007,4269,1798,2471
117000008,1558,5994,-4436
117000009,5614,2438,3176
117000010,3235,5882,-2647
117000011,2356,2402,-46
117000012,1548,2017,-469
117000013,2332,1346,986
117000014,2120,3213,-1093
117000015,4372,1820,2552
117000016,889,58,831
117000017,1173,121,1052
117000018,346,444,-98
117000019,500,37,463
117000020,457,1455,-998
117000021,3053,1059,1994
117000022,789,59,730
117000023,1426,260,1166
117000024,772,123,649
117000025,2008,525,1483
117000026,6102,1116,4986
117000027,2685,2594,91
117000028,5383,1499,3884
117000030,895,696,199
117000031,540,339,201
117000032,3143,1433,1710
117000033,1585,1125,460
117000034,578,365,213
117000035,287,304,-17
117000036,499,450,49
117000037,376,318,58
117000038,402,679,-277
117000039,613,375,238
117000040,190,1192,-1002
117000041,1185,258,927
117000044,23,1177,-1154
117000045,629,91,538
117000046,678,846,-168
117000047,1222,839,383
117000048,2351,1793,558
117000049,142,600,-458
117000050,177,2603,-2426
117000051,2318,153,2165
117000052,39,468,-429
117000053,494,71,423
117000054,1652,6,1646
117000055,134,4079,-3945
117000056,633,25,608
117000057,797,2780,-1983
117000060,587,2189,-1602
117000061,2143,1246,897
117000062,359,708,-349
117000063,2128,1197,931
117000064,1075,1312,-237
117000066,1404,873,531
117000067,209,520,-311
117000074,192,284,-92
117000076,80,58,22
117000077,184,181,3
117000078,136,890,-754
117000079,437,300,137
117000080,0,462,-462
117000081,1257,124,1133
117000082,38,88,-50
117000083,166,18,148
117000084,579,3,576
117000085,323,790,-467
117000086,1278,666,612
117000087,118,612,-494
117000088,324,296,28
117000089,1421,362,1059
117000090,277,1726,-1449
117000091,809,412,397
117000092,486,1781,-1295
117000093,1251,892,359
117000094,1259,3629,-2370
117000095,3210,1106,2104
117000096,650,3063,-2413
117000097,1314,1523,-209
117000098,2918,6027,-3109
117000099,3241,1437,1804
117000100,188,320,-132
117000101,225,1433,-1208
117000102,1635,859,776
117000103,874,2108,-1234
117000104,1394,765,629
117000105,976,2130,-1154
117000106,1101,910,191
117000107,630,2441,-1811
117000108,1550,1063,487
117000109,2324,3194,-870
117000110,1535,1037,498
117000111,4171,6265,-2094
117000112,3431,2556,875
117000113,133,289,-156
117000114,220,179,41
117000115,83,142,-59
117000116,116,297,-181
117000117,2029,833,1196
117000118,496,195,301
117000119,1674,191,1483
117000120,821,483,338
117000121,189,1678,-1489
117000122,549,1705,-1156
117000123,2700,43,2657
117000124,960,70,890
117000125,934,85,849
117000126,238,25,213
117000127,281,396,-115
117000128,613,858,-245
117000129,1117,781,336
117000130,225,5,220
117000131,0,144,-144
117000132,2646,63,2583
117000133,1246,113,1133
117000134,2,45,-43
117000135,7,33,-26
117000136,4,29,-25
117000137,84,115,-31
117000138,2,756,-754
117000140,497,1967,-1470
117000141,1602,722,880
117000181,653,271,382
117000182,392,549,-157
117000195,178,1332,-1154
117000196,311,93,218
117000225,393,5,388
117000226,5,222,-217
117000276,250,13,237
117000277,1,576,-575
117000310,2806,3576,-770
117000315,60,2157,-2097
117000320,136,1,135
117000906,313,31,282
117000907,6,395,-389
117000909,90,43,47
117000910,226,207,19
117000911,131,250,-119
117000915,6,757,-751
117000916,60,7,53
117000917,1060,42,1018
117000918,61,73,-12
117000919,10,156,-146
117000920,7,1478,-1471
117000921,5,1798,-1793
117000922,46,132,-86
117000924,798,1291,-493
117000926,1153,97,1056
117000927,2552,617,1935
117000928,1,177,-176
117000929,211,716,-505
117000930,225,43,182
117000931,413,119,294
117900002,270,550,-280
117900003,742,409,333
117900005,17,121,-104
117900006,0,30,-30
117900007,216,140,76
117900008,0,51,-51
117900010,1247,116,1131
117900011,64,47,17
117900012,117,121,-4
117900013,2,337,-335
117900014,1469,155,1314
117900015,30,169,-139
117900016,1684,695,989
117900017,1143,538,605
117900018,200,81,119
117900019,545,417,128
117900020,91,471,-380
117900021,31,97,-66
117900023,595,765,-170
117900024,146,111,35
117900025,53,21,32
117900026,326,395,-69
117900028,236,6,230
117900029,231,1071,-840
117900030,421,433,-12
117900031,658,109,549
117900032,894,893,1
117900033,213,1210,-997
117900034,90,89,1
117900035,237,96,141
117900036,220,723,-503
117900037,122,157,-35
117900038,40,447,-407
117900039,5,70,-65
117900040,196,627,-431
117900041,10,44,-34
117900042,5116,585,4531
117900043,48,67,-19
117900044,39,6406,-6367
117900045,331,177,154
117900048,266,334,-68
117900049,229,872,-643
117900050,16,71,-55
117900051,353,1,352
117900052,61,371,-310
117900053,1541,806,735
117900054,1,28,-27
117900055,175,564,-389
117900056,642,42,600
117900057,1342,1505,-163
117900058,194,23,171
117900059,574,128,446
117900060,1872,6237,-4365
117900061,56,432,-376
117900063,426,266,160
117900065,775,1401,-626
117900066,7,98,-91
117900067,379,268,111
117900069,1039,398,641
117900070,623,16,607
117900071,190,229,-39
117900073,411,445,-34
117900074,875,23,852
117900075,101,113,-12
117900076,24,55,-31
117900077,338,182,156
117900078,264,723,-459
117900080,345,47,298
117900081,584,523,61
117900082,374,361,13
117900083,371,677,-306
117900086,198,48,150
117900087,88,63,25
117900088,3282,2420,862
117900089,1782,650,1132
117900090,1130,755,375
117900091,223,209,14
117900092,79,69,10
117900093,87,85,2
117900094,34,26,8
117900095,952,593,359
117900096,103,336,-233
117900097,160,79,81
117900098,10,9,1
117900099,250,349,-99
117900100,154,0,154
117900101,506,1590,-1084
117900102,69,83,-14
117900103,44,0,44
117900104,53,118,-65
117900105,129,282,-153
117900106,105,53,52
117900107,27,2,25
117900109,518,355,163
117900110,70,0,70
117900111,364,13,351
117900112,54,19,35
117900113,5899,2081,3818
117900114,30,1,29
117900115,361,59,302
117900116,1071,1241,-170
117900117,401,421,-20
117900118,62,1,61
117900119,131,244,-113
117900120,200,103,97
117900121,75,30,45
117900122,1354,3006,-1652
117900123,1071,626,445
117900124,916,729,187
117900125,1799,1631,168
117900126,276,680,-404
117900127,550,731,-181
117900128,407,967,-560
117900129,98,0,98
117900130,1041,473,568
117900131,0,103,-103
117900132,6,120,-114
117900133,2,143,-141
117900134,59,229,-170
117900135,26,189,-163
117900136,0,68,-68
117900137,33,320,-287
117900138,0,36,-36
117900139,199,118,81
117900140,5872,777,5095
117900141,483,253,230
117900142,435,97,338
117900144,196,137,59
117900145,71,21,50
117900146,563,113,450
117900147,74,87,-13
117900148,4037,1194,2843
117900149,85,195,-110
117900150,65,67,-2
117900151,65,126,-61
117900152,193,92,101
117900153,29,116,-87
117900154,705,894,-189
117900156,1027,1172,-145
117900157,115,567,-452
117900158,219,150,69
117900160,598,587,11
117900161,2920,2663,257
117900162,503,668,-165
117900163,293,58,235
117900165,0,11,-11
117900166,143,419,-276
117900168,26,208,-182
117900169,9,175,-166
117900170,2,26,-24
117900171,2,18,-16
117900172,11,37,-26
117900173,162,109,53
117900174,50,81,-31
117900175,7,76,-69
117900176,27,68,-41
117900177,16,53,-37
117900178,133,57,76
117900180,366,38,328
117900181,164,282,-118
117900182,3,35,-32
117900183,103,264,-161
117900184,28,60,-32
117900185,51,70,-19
117900186,43,19,24
117900187,18,10,8
117900188,263,65,198
117900189,66,35,31
117900190,29,5,24
117900191,98,3,95
117900192,242,1,241
117900193,1,137,-136
117900194,6,8,-2
117900195,24,67,-43
117900196,14,35,-21
117900207,204,127,77
117900208,41,28,13
117900209,242,277,-35
117900210,152,212,-60
117900211,5,234,-229
117900212,151,269,-118
117900213,12,26,-14
117900214,6,38,-32
117900215,40,41,-1
117900216,136,15,121
117900217,181,247,-66
117900218,357,434,-77
117900219,45,96,-51
117900220,359,182,177
117900222,231,373,-142
117900223,198,363,-165
118000001,1294,1018,276
118000002,1727,2443,-716
118000003,5422,3229,2193
118000004,5633,2790,2843
118000005,5788,5748,40
118000006,7173,11940,-4767
118000007,12226,3263,8963
118000008,9136,4018,5118
118000009,3155,3876,-721
118000010,5937,4847,1090
118000011,1283,2816,-1533
118000012,1366,2980,-1614
118000013,4383,3625,758
118000014,2181,3716,-1535
118000016,267,478,-211
118000017,397,635,-238
118000018,614,493,121
118000019,2889,1676,1213
118000020,1653,2563,-910
118000021,1082,2962,-1880
118000022,2383,853,1530
118000023,1375,315,1060
118000024,1725,989,736
118000027,17945,12641,5304
118000029,1212,788,424
118000032,1614,3737,-2123
118000033,3964,4396,-432
118000034,6867,2663,4204
118000035,2298,2618,-320
118000036,1777,1109,668
118000037,1133,959,174
118000038,153,78,75
118000039,156,444,-288
118000040,1953,1943,10
118000041,2773,1760,1013
118000045,1367,157,1210
118000046,3656,647,3009
118000047,4676,821,3855
118000048,6246,1766,4480
118000051,3298,927,2371
118000052,2419,615,1804
118000053,1241,770,471
118000054,3099,3008,91
118000055,2090,2932,-842
118000056,313,405,-92
118000057,209,600,-391
118000058,4742,1341,3401
118000059,3564,900,2664
118000060,1358,712,646
118000061,1119,1739,-620
118000062,1005,349,656
118000063,579,524,55
118000064,1391,1233,158
118000065,6685,2306,4379
118000066,1141,1501,-360
118000067,1840,905,935
118000068,3088,5005,-1917
118000069,5872,1413,4459
118000070,8923,2221,6702
118000071,4943,7952,-3009
118000072,5516,1296,4220
118000073,4927,670,4257
118000074,1041,985,56
118000075,1245,332,913
118000076,2728,2126,602
118000077,1896,1515,381
118000078,2466,2245,221
118000079,334,437,-103
118000080,1804,1085,719
118000081,2468,1171,1297
118000082,408,1305,-897
118000083,1858,1796,62
118000084,3511,2462,1049
118000086,440,708,-268
118000087,6502,3187,3315
118000088,2115,2411,-296
118000089,4066,2338,1728
118000090,2627,3607,-980
118000091,1537,3143,-1606
118000092,1403,639,764
118000093,128,959,-831
118000096,773,788,-15
118000097,961,775,186
118000098,388,232,156
118000099,468,833,-365
118000101,1279,451,828
118000102,524,1622,-1098
118000107,2887,680,2207
118000108,731,3088,-2357
118000110,0,28,-28
118000111,1,728,-727
118000112,489,4,485
118000113,4,966,-962
118000114,458,20,438
118000115,26,18,8
118000116,134,1,133
118000117,1706,1028,678
118000118,1253,811,442
118000119,1062,1227,-165
118000120,2149,1318,831
118000121,144,613,-469
118000122,2097,375,1722
118000123,55,319,-264
118000125,2625,1159,1466
118000126,1700,2076,-376
118000127,2407,858,1549
118000128,886,1412,-526
118000129,1765,538,1227
118000130,3589,5078,-1489
118000131,1215,1379,-164
118000132,2979,2028,951
118000133,1447,636,811
118000135,876,568,308
118000136,136,597,-461
118000137,1108,127,981
118000138,473,728,-255
118000139,471,162,309
118000140,2798,5050,-2252
118000141,2178,2630,-452
118000142,1933,2456,-523
118000143,2062,1659,403
118000144,1639,1183,456
118000145,2053,3087,-1034
118000146,1499,1322,177
118000147,1240,1907,-667
118000148,673,1751,-1078
118000149,936,1420,-484
118000150,371,430,-59
118000151,345,557,-212
118000153,1353,1733,-380
118000154,1391,2023,-632
118000155,1058,1909,-851
118000156,3013,2748,265
118000157,653,511,142
118000158,221,514,-293
118000159,27,107,-80
118000160,459,550,-91
118000161,483,853,-370
118000162,2368,1239,1129
118000163,851,1200,-349
118000164,2777,2124,653
118000168,1638,490,1148
118000169,1465,1638,-173
118000170,5296,6786,-1490
118000171,371,762,-391
118000172,124,359,-235
118000173,1386,1275,111
118000175,333,406,-73
118000176,339,521,-182
118000177,261,615,-354
118000178,119,49,70
118000179,1633,1297,336
118000180,885,899,-14
118000181,1164,436,728
118000182,414,340,74
118000183,260,353,-93
118000184,737,1166,-429
118000185,1166,1069,97
118000186,979,1075,-96
118000187,1244,855,389
118000188,1165,257,908
118000189,574,932,-358
118000190,30,17,13
118000191,17,35,-18
118000192,347,319,28
118000193,181,512,-331
118000194,2721,1299,1422
118000195,1387,944,443
118000196,1077,150,927
118000197,1136,108,1028
118000198,1166,629,537
118000199,2632,609,2023
118000200,68,222,-154
118000201,1073,480,593
118000202,91,61,30
118000203,2956,534,2422
118000204,438,413,25
118000205,450,471,-21
118000206,308,274,34
118000207,0,86,-86
118000208,1707,1984,-277
118000209,2173,2284,-111
118000210,60,44,16
118000211,41,34,7
118000213,1836,1075,761
118000214,945,904,41
118000215,365,730,-365
118000216,1728,5236,-3508
118000217,37,133,-96
118000218,72,109,-37
118000219,581,446,135
118000220,3,31,-28
118000221,150,347,-197
118000222,64,10,54
118000223,78,88,-10
118000224,346,106,240
118000225,195,960,-765
118000226,2032,235,1797
118000227,994,469,525
118000228,187,202,-15
118000229,424,57,367
118000230,150,249,-99
118000231,105,273,-168
118000232,796,1109,-313
118000233,962,835,127
118000234,389,266,123
118000236,586,445,141
118000237,109,618,-509
118000238,399,245,154
118000239,337,350,-13
118000240,546,144,402
118000241,183,299,-116
118000242,366,734,-368
118000243,219,178,41
118000244,34,179,-145
118000246,0,13,-13
118000255,164,387,-223
118000256,126,375,-249
118000259,10,65,-55
118000260,223,131,92
118000261,36,112,-76
118000263,114,260,-146
118000266,1243,524,719
118000267,0,66,-66
118000268,1011,3,1008
118000270,83,34,49
118000271,205,472,-267
118000272,99,34,65
118000273,119,112,7
118000274,142,326,-184
118000276,395,412,-17
118000295,5,102,-97
118000298,109,434,-325
118000299,84,230,-146
118000301,0,73,-73
118000302,98,122,-24
118000311,391,112,279
118000312,263,207,56
118000313,44,174,-130
118000314,60,77,-17
118000315,22,77,-55
118000316,688,679,9
118000325,25,86,-61
118000326,25,47,-22
118000331,24,70,-46
118000332,17,38,-21
118000333,33,77,-44
118000335,396,0,396
118000336,1,323,-322
118000407,184,105,79
118000457,8,54,-46
118000465,3865,4763,-898
118000480,47,154,-107
118000489,71,386,-315
118000490,108,573,-465
118000492,283,258,25
118000510,123,15,108
118000514,281,383,-102
118000515,808,901,-93
118000517,457,296,161
118000524,704,218,486
118000525,1023,913,110
118000530,6,105,-99
118000531,272,368,-96
118000532,252,324,-72
118000533,459,189,270
118000534,857,451,406
118000535,266,167,99
118000536,1052,1264,-212
118000537,51,98,-47
118000538,44,100,-56
118000539,26,82,-56
118000540,410,162,248
118000541,291,71,220
118000542,173,209,-36
118000543,219,256,-37
118000546,28,22,6
118000553,0,1,-1
118000557,0,0,0
118000560,3472,2035,1437
118000562,22,337,-315
118000563,2845,1629,1216
118000576,246,282,-36
118000577,209,213,-4
118000578,211,160,51
118000579,955,1422,-467
118000583,0,0,0
118000595,239,144,95
118000596,0,66,-66
118000597,148,190,-42
118000598,8,1,7
118000599,48,46,2
118000600,6,7,-1
118000601,4,0,4
118000602,1,8,-7
118000603,0,57,-57
118000605,23,189,-166
118000606,57,434,-377
118900001,1043,1369,-326
118900002,1165,981,184
118900003,335,12,323
118900004,32,61,-29
118900005,94,18,76
118900006,223,5,218
118900007,20,1,19
118900008,1452,49,1403
118900009,68,55,13
118900010,67,7,60
118900011,121,43,78
118900012,547,238,309
118900013,533,152,381
118900015,245,58,187
118900016,15,17,-2
118900017,327,238,89
118900018,991,29,962
118900019,69,35,34
118900020,285,155,130
118900021,198,322,-124
118900022,163,119,44
118900023,173,98,75
118900024,99,188,-89
118900025,57,21,36
118900026,86,103,-17
118900027,534,381,153
118900028,131,175,-44
118900029,417,373,44
118900030,287,151,136
118900031,185,142,43
118900032,255,211,44
118900033,910,559,351
118900034,163,43,120
118900035,230,202,28
118900036,1023,761,262
118900037,1003,308,695
118900038,393,273,120
118900039,451,302,149
118900040,238,199,39
118900041,535,256,279
118900042,204,173,31
118900045,257,232,25
118900046,932,388,544
118900047,680,315,365
118900048,512,176,336
118900049,76,48,28
118900050,30,239,-209
118900051,129,98,31
118900052,657,238,419
118900053,43,101,-58
118900054,121,62,59
118900055,50,122,-72
118900056,186,318,-132
118900057,688,439,249
118900058,721,348,373
118900059,27,100,-73
118900060,46,168,-122
118900062,224,191,33
118900064,815,590,225
118900065,47,297,-250
118900066,92,119,-27
118900067,6228,4242,1986
118900068,4,768,-764
118900069,356,292,64
118900071,3,110,-107
118900072,421,499,-78
118900073,108,138,-30
118900074,104,312,-208
118900075,51,80,-29
118900076,326,98,228
118900077,260,228,32
118900078,55,20,35
118900079,58,312,-254
118900080,27,137,-110
118900081,84,22,62
118900082,617,149,468
118900083,50,17,33
118900084,12,30,-18
118900085,574,1237,-663
118900086,32,80,-48
118900087,20,254,-234
118900088,0,20,-20
118900089,53,18,35
118900090,484,514,-30
118900091,191,227,-36
118900092,119,114,5
118900093,201,16,185
118900096,75,134,-59
118900097,300,756,-456
118900099,72,303,-231
118900100,177,278,-101
118900101,56,313,-257
118900102,30,60,-30
118900103,31,111,-80
118900104,144,103,41
118900105,187,152,35
118900107,177,168,9
118900108,111,134,-23
118900110,1735,828,907
118900111,457,640,-183
118900112,70,193,-123
118900113,80,630,-550
118900114,21,87,-66
118900115,129,312,-183
118900116,103,195,-92
118900117,116,201,-85
118900118,250,467,-217
118900119,114,296,-182
118900120,145,332,-187
118900121,13,217,-204
118900122,11,1035,-1024
118900123,131,205,-74
118900124,76,277,-201
118900126,18,373,-355
118900129,360,198,162
118900130,134,183,-49
118900131,161,302,-141
118900132,807,198,609
118900133,26,157,-131
118900135,258,215,43
118900136,240,763,-523
118900137,13,31,-18
118900139,365,531,-166
118900140,472,928,-456
118900141,103,246,-143
118900144,153,574,-421
118900145,35,182,-147
118900146,304,859,-555
118900147,373,181,192
118900148,98,50,48
118900150,149,746,-597
118900152,490,938,-448
118900157,128,225,-97
118900158,72,106,-34
118900159,1,212,-211
118900161,164,5,159
118900163,203,90,113
118900164,11,125,-114
118900165,42,248,-206
118900166,24,1,23
118900167,62,163,-101
118900168,7,92,-85
118900169,126,543,-417
118900170,141,126,15
118900171,11,46,-35
118900174,79,95,-16
118900175,301,532,-231
118900176,140,265,-125
118900177,48,84,-36
118900178,78,235,-157
118900179,17,32,-15
118900181,75,173,-98
118900182,116,54,62
118900183,45,160,-115
118900184,436,67,369
118900185,149,160,-11
118900186,120,100,20
118900187,313,278,35
118900188,314,277,37
118900189,24,837,-813
118900190,22,515,-493
118900191,185,64,121
118900192,208,27,181
118900193,446,10,436
118900195,375,996,-621
118900196,45,170,-125
118900197,110,81,29
118900198,20,51,-31
118900199,87,73,14
118900200,32,12,20
118900201,59,22,37
118900202,23,80,-57
118900203,12,35,-23
118900204,31,56,-25
118900205,8,7,1
118900206,3,20,-17
119000001,1747,1440,307
119000002,4656,2976,1680
119000003,2443,1680,763
119000004,2760,1866,894
119000005,2036,2478,-442
119000006,2670,2229,441
119000007,4371,4001,370
119000008,2765,2201,564
119000009,3917,4864,-947
119000010,8871,4607,4264
119000011,5231,2749,2482
119000012,4090,3699,391
119000013,2427,1624,803
119000014,2944,4111,-1167
119000019,252,192,60
119000020,2015,1759,256
119000021,4373,2539,1834
119000022,3332,2605,727
119000023,455,278,177
119000024,2156,10620,-8464
119000025,12286,1590,10696
119000026,196,385,-189
119000027,475,448,27
119000028,2496,1651,845
119000029,121,365,-244
119000030,597,1273,-676
119000031,1071,957,114
119000032,2113,2780,-667
119000033,2407,1851,556
119000034,1338,1201,137
119000035,38,417,-379
119000036,1662,1118,544
119000037,1285,2232,-947
119000038,165,1179,-1014
119000039,331,378,-47
119000040,1287,689,598
119000041,1181,1616,-435
119000048,3764,4357,-593
119000049,1889,3307,-1418
119000050,1717,2918,-1201
119000051,2171,1243,928
119000052,2272,3664,-1392
119000053,2078,1294,784
119000054,3040,4196,-1156
119000055,3495,4228,-733
119000056,2205,2564,-359
119000057,1465,2678,-1213
119000058,1993,2524,-531
119000059,1231,2097,-866
119000060,1412,1188,224
119000061,1109,1114,-5
119000062,1277,1575,-298
119000063,472,555,-83
119000064,1966,2158,-192
119000065,1983,3496,-1513
119000066,2176,1475,701
119000067,2318,3147,-829
119000068,1637,1433,204
119000069,1757,3192,-1435
119000070,2196,1399,797
119000071,620,811,-191
119000072,7762,4001,3761
119000073,6220,7342,-1122
119000074,1420,4247,-2827
119000075,1822,2932,-1110
119000076,531,1025,-494
119000077,1179,553,626
119000078,570,296,274
119000079,193,760,-567
119000080,465,286,179
119000081,339,444,-105
119000082,1072,283,789
119000083,646,427,219
119000084,356,537,-181
119000085,530,313,217
119000086,241,454,-213
119000087,1916,1076,840
119000088,303,306,-3
119000089,79,279,-200
119000090,186,158,28
119000091,122,425,-303
119000092,564,231,333
119000093,4510,3704,806
119000094,2974,7972,-4998
119000095,1527,3470,-1943
119000097,2915,1878,1037
119000098,871,2681,-1810
119000099,2390,2294,96
119000100,3263,2880,383
119000101,4387,1999,2388
119000102,1301,927,374
119000103,2088,505,1583
119000104,3194,1544,1650
119000105,1050,1929,-879
119000106,395,1926,-1531
119000107,784,569,215
119000108,500,1314,-814
119000109,152,376,-224
119000110,596,302,294
119000111,92,518,-426
119000112,242,76,166
119000113,2615,305,2310
119000114,802,1166,-364
119000115,155,215,-60
119000116,173,128,45
119000117,213,423,-210
119000118,4,0,4
119000123,6888,817,6071
119000124,860,247,613
119000125,3173,1026,2147
119000126,1054,1077,-23
119000127,561,783,-222
119000128,30,3,27
119000131,955,1078,-123
119000132,2,3,-1
119000133,2,6,-4
119000134,3332,703,2629
119000135,86,204,-118
119000136,261,236,25
119000137,154,467,-313
119000138,385,409,-24
119000139,276,294,-18
119000140,182,416,-234
119000284,1665,3677,-2012
119000285,2628,2713,-85
119000286,8207,6512,1695
119000287,1680,2763,-1083
119000288,2261,1878,383
119000289,3204,4752,-1548
119000290,176,583,-407
119000291,11,396,-385
119000293,86,169,-83
119000294,45,33,12
119000295,2306,592,1714
119000296,160,185,-25
119000297,0,0,0
119000302,4041,1827,2214
119000303,84,222,-138
119000310,18,6,12
119000314,1498,9383,-7885
119000315,2,580,-578
119000316,121,153,-32
119000317,57,459,-402
119900001,231,1430,-1199
119900002,126,418,-292
119900003,89,1329,-1240
119900004,447,880,-433
119900005,177,183,-6
119900006,227,442,-215
119900007,945,214,731
119900008,117,27,90
119900009,701,706,-5
119900010,1163,1151,12
119900011,23,59,-36
119900012,49,86,-37
119900013,1877,870,1007
119900014,695,203,492
119900015,97,28,69
119900016,27,105,-78
119900017,25,70,-45
119900018,2448,810,1638
119900019,57,12,45
119900020,128,235,-107
119900021,189,86,103
119900022,155,478,-323
119900023,985,1363,-378
119900025,151,36,115
119900026,862,116,746
119900027,32,53,-21
119900028,313,106,207
119900029,3,7,-4
119900030,421,626,-205
119900031,51,358,-307
119900033,2138,221,1917
119900034,354,159,195
119900037,166,67,99
119900038,52,270,-218
119900039,43,6,37
119900040,168,10,158
119900041,79,23,56
119900042,112,204,-92
119900043,100,192,-92
119900044,222,615,-393
119900046,94,84,10
119900047,279,69,210
119900048,156,73,83
119900049,133,19,114
119900050,68,99,-31
119900051,942,124,818
119900052,36,34,2
119900053,162,216,-54
119900054,121,10,111
119900055,1144,590,554
119900057,214,96,118
119900058,264,3,261
119900059,234,70,164
119900060,207,19,188
119900061,228,11,217
119900062,48,22,26
119900063,20,52,-32
119900065,299,9,290
119900067,127,30,97
119900068,396,5,391
119900069,75,8,67
119900070,886,20,866
119900071,589,16,573
119900073,2145,717,1428
119900074,43,36,7
119900075,6543,2819,3724
119900076,521,541,-20
119900077,642,1373,-731
119900078,544,1155,-611
119900079,606,321,285
119900080,368,382,-14
119900081,450,256,194
119900082,1389,426,963
119900083,455,134,321
119900084,1041,286,755
119900085,136,111,25
119900086,426,1217,-791
119900087,1021,340,681
119900088,51,61,-10
119900089,13,641,-628
119900090,168,84,84
119900091,73,1475,-1402
119900092,39,402,-363
119900093,960,251,709
119900094,77,210,-133
119900095,225,105,120
119900096,67,135,-68
119900097,877,167,710
119900098,42,52,-10
119900099,36,270,-234
119900100,2898,2496,402
119900101,211,1200,-989
119900102,35,355,-320
119900103,27,564,-537
119900104,20,254,-234
119900105,882,1423,-541
119900106,37,237,-200
119900107,438,4104,-3666
119900108,2421,790,1631
119900109,75,253,-178
119900110,593,925,-332
119900111,62,460,-398
119900112,3058,614,2444
119900113,108,474,-366
119900114,213,1844,-1631
119900115,239,1539,-1300
119900116,138,550,-412
119900117,272,1024,-752
119900118,70,1405,-1335
119900119,198,306,-108
119900120,707,769,-62
119900121,397,1622,-1225
119900122,803,500,303
119900123,336,444,-108
119900124,192,1255,-1063
119900125,74,456,-382
119900126,5378,354,5024
119900127,3003,1156,1847
119900128,485,1103,-618
119900129,262,892,-630
119900130,38,289,-251
119900131,51,469,-418
119900132,2,290,-288
119900133,37,58,-21
119900134,2841,312,2529
119900135,2,481,-479
119900136,217,574,-357
119900138,480,810,-330
119900139,53,79,-26
119900140,1,144,-143
119900141,157,894,-737
119900142,7,28,-21
119900143,13,251,-238
119900144,2644,303,2341
119900145,156,236,-80
119900146,217,234,-17
119900147,5,149,-144
119900148,178,91,87
119900149,1952,3564,-1612
119900150,191,191,0
119900151,2148,831,1317
119900152,85,493,-408
119900153,153,82,71
119900154,31,759,-728
119900155,51,43,8
119900156,26,2,24
119900157,144,333,-189
119900158,132,97,35
119900159,9,2090,-2081
119900160,16,234,-218
119900161,262,338,-76
119900162,837,881,-44
119900163,130,187,-57
119900164,0,5,-5
119900165,104,292,-188
119900166,90,45,45
119900167,114,148,-34
119900168,774,515,259
119900169,171,394,-223
119900170,232,323,-91
119900171,1108,557,551
119900172,171,24,147
119900173,10,578,-568
119900174,47,249,-202
119900175,1140,894,246
119900177,51,276,-225
119900178,0,126,-126
119900179,119,418,-299
119900180,914,868,46
119900181,53,106,-53
119900182,3,549,-546
119900183,164,892,-728
119900184,3130,738,2392
119900185,43,185,-142
119900186,83,752,-669
119900187,11,549,-538
119900188,85,414,-329
119900189,503,415,88
119900190,69,200,-131
119900191,484,146,338
119900192,43,207,-164
119900193,244,244,0
119900194,18,67,-49
119900195,97,290,-193
119900196,1529,432,1097
119900197,173,150,23
119900198,122,382,-260
119900199,203,38,165
119900200,545,646,-101
119900201,435,216,219
119900202,225,272,-47
119900203,167,452,-285
119900204,294,366,-72
119900205,549,796,-247
119900206,158,190,-32
119900208,171,164,7
119900209,571,1084,-513
119900210,44,49,-5
119900211,135,14,121
119900212,207,396,-189
119900213,9,73,-64
119900214,20,118,-98
119900215,64,119,-55
119900216,21,101,-80
119900217,26,96,-70
119900218,33,84,-51
119900219,11,199,-188
119900220,6,183,-177
119900221,26,448,-422
119900222,27,357,-330
119900223,19,132,-113
119900224,17,27,-10
119900225,1338,64,1274
119900226,759,1668,-909
119900227,1270,412,858
119900228,124,277,-153
119900229,390,619,-229
119900230,1902,770,1132
119900231,199,242,-43
119900232,254,106,148
119900233,56,5,51
119900234,21,59,-38
119900235,21,64,-43
119900236,29,265,-236
119900237,49,497,-448
119900238,9,100,-91
119900240,114,214,-100
119900241,221,311,-90
119900242,1684,2220,-536
119900244,917,1642,-725
119900245,121,245,-124
119900246,275,442,-167
119900247,36,111,-75
119900248,86,137,-51
119900249,213,153,60
119900253,4036,406,3630
119900254,93,576,-483
119900255,78,564,-486
119900256,425,1158,-733
119900257,50,2,48
119900258,99,13,86
119900259,24,169,-145
119900260,74,4,70
119900261,221,276,-55
119900262,3,320,-317
119900263,1204,501,703
119900264,103,253,-150
119900265,410,411,-1
119900266,255,367,-112
119900267,278,498,-220
119900268,128,258,-130
119900269,1015,1496,-481
119900271,14,124,-110
119900272,336,105,231
119900275,202,45,157
119900276,44,3,41
119900277,10,6,4
119900278,324,87,237
119900279,100,273,-173
119900280,1247,263,984
119900281,2,218,-216
119900282,50,85,-35
119900283,9,416,-407
119900284,54,254,-200
119900285,23,57,-34
119900286,1,14,-13
119900288,10,61,-51
119900289,1,41,-40
119900290,3,65,-62
119900291,0,57,-57
119900292,47,40,7
119900293,30,134,-104
119900294,52,99,-47
119900295,24,72,-48
119900296,19,329,-310
119900297,0,22,-22
119900298,7,8,-1
119900299,82,211,-129
119900300,204,242,-38
119900301,107,33,74
119900302,27,80,-53
119900303,210,206,4
119900304,154,55,99
119900305,11,125,-114
119900306,20,0,20
119900307,24,138,-114
119900308,5,32,-27
119900309,32,137,-105
119900310,377,340,37
119900311,59,162,-103
119900312,110,83,27
119900313,331,415,-84
119900314,157,368,-211
119900315,1028,2575,-1547
119900318,22,29,-7
119900319,1,338,-337
119900320,100,668,-568
119900321,72,2,70
120000001,8921,16079,-7158
120000002,2953,3628,-675
120000003,3940,2087,1853
120000004,3393,2734,659
120000005,5125,2443,2682
120000006,1521,1814,-293
120000007,4203,3443,760
120000008,1325,1689,-364
120000009,4409,1238,3171
120000010,1737,3290,-1553
120000011,1251,2383,-1132
120000012,1764,3322,-1558
120000013,2605,3356,-751
120000014,734,1817,-1083
120000015,3070,1970,1100
120000016,3772,3128,644
120000017,3050,2738,312
120000018,4727,10802,-6075
120000019,1079,1802,-723
120000020,3646,3700,-54
120000021,2134,2641,-507
120000022,2952,4366,-1414
120000023,1061,2081,-1020
120000024,1706,2817,-1111
120000025,2686,2828,-142
120000026,1596,2435,-839
120000027,1834,2635,-801
120000028,1237,634,603
120000029,5394,768,4626
120000030,746,1313,-567
120000031,2018,10303,-8285
120000032,10537,4904,5633
120000033,5113,2381,2732
120000034,1924,2684,-760
120000035,1929,2989,-1060
120000036,2933,5812,-2879
120000037,723,1687,-964
120000038,9551,3828,5723
120000039,611,1079,-468
120000040,176,227,-51
120000041,1782,1787,-5
120000042,2099,3215,-1116
120000043,5313,2652,2661
120000044,4905,1970,2935
120000045,5105,1344,3761
120000046,2315,3005,-690
120000047,1690,5221,-3531
120000048,8639,4812,3827
120000049,4984,3422,1562
120000050,4787,5713,-926
120000051,3616,5423,-1807
120000052,13425,2926,10499
120000053,1342,3986,-2644
120000054,1451,6027,-4576
120000055,1917,6376,-4459
120000056,3835,4777,-942
120000057,2853,836,2017
120000058,3813,437,3376
120000059,34,1676,-1642
120000061,180,823,-643
120000062,311,476,-165
120000063,2088,3200,-1112
120000064,279,1575,-1296
120000065,825,2098,-1273
120000066,265,558,-293
120000067,85,558,-473
120000068,229,1088,-859
120000069,938,1742,-804
120000070,99,1155,-1056
120000071,436,272,164
120000072,597,673,-76
120000073,699,111,588
120000074,152,73,79
120000075,896,337,559
120000076,2518,513,2005
120000077,2034,745,1289
120000078,4120,1128,2992
120000079,362,663,-301
120000080,258,425,-167
120000081,446,263,183
120000082,263,359,-96
120000083,167,737,-570
120000084,467,530,-63
120000085,401,439,-38
120000086,389,802,-413
120000087,266,1020,-754
120000088,892,1552,-660
120000089,1066,754,312
120000090,725,587,138
120000091,1046,1229,-183
120000092,1212,692,520
120000093,413,593,-180
120000094,180,768,-588
120000095,1069,770,299
120000096,290,1220,-930
120000098,950,1232,-282
120000099,323,948,-625
120000100,691,1301,-610
120000101,511,604,-93
120000102,451,793,-342
120000103,1373,918,455
120000104,1514,533,981
120000105,2281,714,1567
120000106,2139,682,1457
120000107,3255,726,2529
120000108,1125,150,975
120000109,1237,92,1145
120000110,117,1268,-1151
120000111,114,1449,-1335
120000112,951,4341,-3390
120000113,722,3095,-2373
120000114,1141,3777,-2636
120000115,388,2957,-2569
120000116,747,2475,-1728
120000117,1543,1865,-322
120000118,87,29,58
120000119,40,76,-36
120000120,67,81,-14
120000121,61,78,-17
120000122,372,387,-15
120000123,6689,5325,1364
120000124,453,546,-93
120000125,526,936,-410
120000126,447,946,-499
120000127,2729,1060,1669
120000128,4661,3142,1519
120000129,329,331,-2
120000130,835,661,174
120000131,312,697,-385
120000134,450,1548,-1098
120000135,458,527,-69
120000137,239,2204,-1965
120000138,760,555,205
120000139,304,1071,-767
120000140,662,669,-7
120000141,242,617,-375
120000142,419,637,-218
120000143,2,119,-117
120000144,69,1,68
120000145,370,1,369
120000146,2564,1139,1425
120000149,629,1343,-714
120000150,4908,12926,-8018
120000151,400,683,-283
120000152,418,274,144
120000153,206,709,-503
120000154,516,620,-104
120000155,115,285,-170
120000156,1709,910,799
120000157,1054,668,386
120000158,1016,1365,-349
120000159,2336,3075,-739
120000160,2484,1751,733
120000161,2314,3401,-1087
120000162,98,293,-195
120000163,542,1766,-1224
120000164,425,552,-127
120000165,515,1098,-583
120000166,1265,634,631
120000167,44,46,-2
120000168,9,144,-135
120000169,47,628,-581
120000170,76,456,-380
120000171,26,184,-158
120000172,47,107,-60
120000173,4623,502,4121
120000174,1078,26,1052
120000175,1185,33,1152
120000176,873,35,838
120000177,2171,164,2007
120000178,207,11,196
120000179,830,32,798
120000180,1176,101,1075
120000181,173,451,-278
120000182,133,265,-132
120000183,38,234,-196
120000184,154,908,-754
120000186,163,208,-45
120000187,130,74,56
120000188,764,193,571
120000190,1857,31,1826
120000191,2120,65,2055
120000192,1599,35,1564
120000193,562,10,552
120000195,102,6,96
120000196,384,68,316
120000197,126,261,-135
120000198,164,106,58
120000199,136,6,130
120000200,65,0,65
120000201,14,18,-4
120000202,2,59,-57
120000203,40,335,-295
120000207,3,78,-75
120000208,7,356,-349
120000209,6,117,-111
120000210,137,103,34
120000211,106,0,106
120000212,159,1,158
120000213,104,350,-246
120000214,2,432,-430
120000215,5,219,-214
120000216,72,12,60
120000217,859,1260,-401
120000218,250,978,-728
120000219,9,683,-674
120000220,9,2167,-2158
120000225,1244,3,1241
120000226,329,4,325
120000227,808,44,764
120000228,7311,3197,4114
120000230,288,9,279
120000231,1160,2739,-1579
120000233,256,14,242
120000235,207,909,-702
120000236,878,2,876
120000237,6,2115,-2109
120000238,7,317,-310
120000241,1201,4192,-2991
120000412,1670,17,1653
120000413,288,479,-191
120000414,109,6,103
120000415,1,221,-220
120000416,134,11,123
120000417,9,114,-105
120000418,79,9,70
120000419,15,488,-473
120000420,49,37,12
120000421,13524,6897,6627
120000422,162,792,-630
120000423,5,53,-48
120000424,58,183,-125
120000436,151,606,-455
120000437,283,247,36
120000438,5165,422,4743
120000439,170,523,-353
120000443,181,1,180
120000444,1280,858,422
120000445,1581,1642,-61
120000446,1133,351,782
120000447,197,11,186
120000449,61,18,43
120000450,8,400,-392
120000451,64,265,-201
120000452,171,1,170
120000453,3,491,-488
120000454,138,61,77
120000455,93,101,-8
120000456,2969,4050,-1081
120000457,1053,814,239
120000458,702,818,-116
120000459,72,101,-29
120000665,2746,251,2495
120000668,166,331,-165
120000669,59,269,-210
120000670,403,408,-5
120000671,1349,578,771
120000672,152,678,-526
120900001,81,98,-17
120900002,770,433,337
120900003,424,56,368
120900004,8,64,-56
120900005,4,1321,-1317
120900006,328,186,142
120900007,132,169,-37
120900008,184,1307,-1123
120900009,1140,80,1060
120900010,433,100,333
120900011,406,169,237
120900012,617,970,-353
120900013,259,52,207
120900014,5,737,-732
120900015,1100,66,1034
120900016,758,40,718
120900017,3723,164,3559
120900018,119,562,-443
120900019,591,251,340
120900020,925,1170,-245
120900021,558,147,411
120900022,130,436,-306
120900023,188,42,146
120900024,1835,467,1368
120900025,2263,1208,1055
120900026,280,259,21
120900027,1096,47,1049
120900028,289,81,208
120900029,183,403,-220
120900030,1141,700,441
120900031,181,74,107
120900032,842,159,683
120900033,826,56,770
120900034,25,2605,-2580
120900035,39,110,-71
120900037,216,8,208
120900038,54,235,-181
120900039,74,46,28
120900040,226,1,225
120900041,148,29,119
120900042,427,46,381
120900043,46,23,23
120900044,23,479,-456
120900045,140,136,4
120900046,388,5,383
120900047,160,95,65
120900048,82,24,58
120900049,289,4,285
120900050,3475,1533,1942
120900051,246,90,156
120900052,526,4,522
120900053,193,128,65
120900054,1906,916,990
120900055,317,4,313
120900056,474,27,447
120900057,135,21,114
120900058,360,2,358
120900059,80,6,74
120900060,83,41,42
120900061,282,456,-174
120900062,189,3,186
120900063,491,2,489
120900064,430,0,430
120900065,422,5,417
120900066,232,374,-142
120900067,212,55,157
120900068,245,0,245
120900069,179,95,84
120900071,20,4,16
120900072,689,4,685
120900073,352,273,79
120900074,378,4,374
120900076,228,0,228
120900077,4320,542,3778
120900078,613,1083,-470
120900079,579,119,460
120900080,648,2491,-1843
120900081,1119,1358,-239
120900082,597,438,159
120900083,129,3,126
120900084,289,354,-65
120900085,154,192,-38
120900086,145,334,-189
120900087,362,316,46
120900088,167,297,-130
120900089,4962,2258,2704
120900090,166,180,-14
120900091,726,799,-73
120900092,1538,859,679
120900093,3957,394,3563
120900094,568,259,309
120900095,609,39,570
120900096,53,296,-243
120900097,720,1117,-397
120900098,430,274,156
120900099,64,102,-38
120900100,142,453,-311
120900101,1019,412,607
120900102,26,225,-199
120900103,47,253,-206
120900104,14,56,-42
120900105,48,734,-686
120900106,1822,742,1080
120900107,284,173,111
120900108,7,929,-922
120900109,58,887,-829
120900110,11,1520,-1509
120900111,221,513,-292
120900112,12,1449,-1437
120900113,20,1277,-1257
120900114,39,173,-134
120900115,170,319,-149
120900116,308,668,-360
120900117,5,765,-760
120900118,10,1018,-1008
120900119,3540,8128,-4588
120900120,60,731,-671
120900121,116,566,-450
120900122,419,753,-334
120900123,3,582,-579
120900124,2,853,-851
120900125,7,1146,-1139
120900126,1902,1203,699
120900127,14,686,-672
120900128,1420,1654,-234
120900129,76,409,-333
120900130,10,549,-539
120900131,44,88,-44
120900132,697,354,343
120900133,220,1288,-1068
120900134,984,456,528
120900135,4,728,-724
120900136,48,81,-33
120900137,241,125,116
120900138,26,257,-231
120900139,2,813,-811
120900140,0,83,-83
120900141,188,145,43
120900142,37,904,-867
120900143,3,1073,-1070
120900144,0,172,-172
120900145,249,1047,-798
120900146,3,1180,-1177
120900147,2,554,-552
120900148,101,203,-102
120900149,1,417,-416
120900150,49,785,-736
120900151,2,886,-884
120900152,0,49,-49
120900153,23,92,-69
120900154,2,390,-388
120900155,206,1268,-1062
120900156,20,372,-352
120900157,45,311,-266
120900158,50,821,-771
120900159,176,439,-263
120900160,31,668,-637
120900161,53,626,-573
120900162,29,578,-549
120900163,41,368,-327
120900164,1,2,-1
120900165,5,25,-20
120900166,232,219,13
120900167,506,137,369
120900169,92,546,-454
120900170,2335,2317,18
120900171,1311,501,810
120900172,2111,392,1719
120900173,0,76,-76
120900174,3,110,-107
120900175,332,306,26
120900176,18,369,-351
120900177,1,920,-919
120900178,0,315,-315
120900179,1284,634,650
120900180,128,151,-23
120900181,344,79,265
120900182,21,733,-712
120900183,309,175,134
120900184,157,74,83
120900185,9,424,-415
120900186,0,601,-601
120900187,441,1076,-635
120900188,188,14,174
120900189,180,904,-724
120900190,56,6,50
120900191,2,40,-38
120900192,14942,5779,9163
120900194,37,75,-38
120900195,118,261,-143
120900196,1294,62,1232
120900197,653,121,532
120900198,284,664,-380
120900199,285,372,-87
120900200,132,130,2
120900201,651,184,467
120900202,1,245,-244
120900203,38,94,-56
120900204,220,370,-150
120900205,79,128,-49
120900206,11,25,-14
120900207,65,1556,-1491
121000001,1878,1254,624
121000002,5016,2972,2044
121000003,4203,2320,1883
121000004,4093,9623,-5530
121000005,2936,3533,-597
121000006,4632,2235,2397
121000007,4761,3292,1469
121000008,11452,5026,6426
121000009,8095,7512,583
121000010,13246,8804,4442
121000011,10528,14969,-4441
121000012,18408,13388,5020
121000013,6282,9016,-2734
121000014,8372,8796,-424
121000015,6525,8805,-2280
121000016,5589,5907,-318
121000017,2533,4775,-2242
121000018,2796,2282,514
121000019,21841,14057,7784
121000020,14175,15826,-1651
121000021,4364,3809,555
121000022,3023,2737,286
121000023,4592,3848,744
121000024,5087,5625,-538
121000025,820,2085,-1265
121000026,454,205,249
121000027,1773,1323,450
121000028,992,464,528
121000029,1237,890,347
121000030,797,480,317
121000031,982,856,126
121000032,286,148,138
121000034,874,254,620
121000035,423,136,287
121000036,2402,1319,1083
121000037,1059,599,460
121000038,1093,890,203
121000039,699,520,179
121000041,927,541,386
121000042,324,400,-76
121000043,1070,674,396
121000044,2479,1075,1404
121000045,559,319,240
121000046,667,886,-219
121000047,336,106,230
121000049,2990,689,2301
121000050,461,1273,-812
121000051,1283,386,897
121000052,802,743,59
121000053,507,105,402
121000054,57,375,-318
121000055,1778,1262,516
121000056,1088,1154,-66
121000057,481,646,-165
121000058,412,207,205
121000059,2386,1868,518
121000060,556,1193,-637
121000061,257,141,116
121000062,221,423,-202
121000063,1095,818,277
121000064,1052,1093,-41
121000065,634,504,130
121000066,903,597,306
121000067,1285,473,812
121000068,1108,345,763
121000069,835,496,339
121000070,3048,1333,1715
121000071,2095,1458,637
121000072,1983,831,1152
121000073,2068,930,1138
121000074,174,169,5
121000075,98,137,-39
121000076,1696,412,1284
121000077,185,173,12
121000078,148,211,-63
121000080,2912,786,2126
121000081,3258,4448,-1190
121000082,158,310,-152
121000083,355,154,201
121000084,276,184,92
121000085,339,630,-291
121000086,196,846,-650
121000087,75,327,-252
121000088,552,791,-239
121000089,438,412,26
121000090,708,398,310
121000091,1809,917,892
121000092,252,114,138
121000093,190,255,-65
121000094,510,809,-299
121000095,452,584,-132
121000096,2373,2695,-322
121000097,1192,2134,-942
121000098,728,1349,-621
121000099,966,984,-18
121000100,1275,663,612
121000101,567,318,249
121000102,302,375,-73
121000103,269,315,-46
121000104,362,234,128
121000105,464,359,105
121000106,320,444,-124
121000107,3228,4235,-1007
121000109,1677,1191,486
121000110,373,975,-602
121000114,3329,2322,1007
121000115,1122,943,179
121000116,438,1048,-610
121000117,998,309,689
121000118,1746,288,1458
121000119,456,451,5
121000120,284,511,-227
121000121,847,1178,-331
121000123,1967,638,1329
121000127,175,157,18
121000128,1132,579,553
121000129,1157,632,525
121000130,661,1117,-456
121000131,3000,2055,945
121000132,1875,1811,64
121000135,349,307,42
121000136,2296,637,1659
121000137,457,256,201
121000138,1944,751,1193
121000139,1143,83,1060
121000141,451,166,285
121000142,1025,1051,-26
121000143,98,31,67
121000144,998,1598,-600
121000145,829,1391,-562
121000146,1548,948,600
121000147,1461,677,784
121000148,1221,1272,-51
121000149,3320,1577,1743
121000152,702,913,-211
121000153,2120,989,1131
121000154,1115,1214,-99
121000155,1433,1525,-92
121000156,452,1375,-923
121000157,1393,3049,-1656
121000158,468,844,-376
121000159,208,630,-422
121000160,363,707,-344
121000161,176,377,-201
121000162,81,245,-164
121000165,1856,1971,-115
121000166,18,815,-797
121000168,719,337,382
121000169,109,238,-129
121000170,454,233,221
121000171,74,198,-124
121000172,877,694,183
121000173,1374,1190,184
121000174,329,561,-232
121000175,1171,513,658
121000176,483,271,212
121000177,1683,696,987
121000178,196,69,127
121000179,108,58,50
121000181,553,567,-14
121000182,100,173,-73
121000183,68,87,-19
121000184,171,76,95
121000185,63,168,-105
121000186,263,398,-135
121000187,190,220,-30
121000188,194,235,-41
121000192,877,383,494
121000193,855,632,223
121000194,3191,2579,612
121000195,448,1089,-641
121000196,1450,268,1182
121000197,525,692,-167
121000198,659,125,534
121000199,314,438,-124
121000200,972,73,899
121000201,11,228,-217
121000202,1288,110,1178
121000203,1080,2294,-1214
121000204,3861,761,3100
121000205,401,340,61
121000206,306,34,272
121000207,2789,531,2258
121000208,6,498,-492
121000209,447,412,35
121000210,577,558,19
121000211,429,219,210
121000212,429,836,-407
121000213,9699,3616,6083
121000214,803,4348,-3545
121000215,1487,947,540
121000216,918,1181,-263
121000217,7021,4919,2102
121000218,951,2035,-1084
121000219,2993,605,2388
121000220,503,79,424
121000221,214,398,-184
121000222,3627,2703,924
121000223,1346,360,986
121000224,585,183,402
121000225,4973,1514,3459
121000226,13795,1695,12100
121000227,21,245,-224
121000228,40,705,-665
121000229,362,444,-82
121000230,56,1694,-1638
121000231,1080,52,1028
121000232,412,406,6
121000233,815,392,423
121000234,71,63,8
121000235,94,77,17
121000236,29,105,-76
121000237,28,17,11
121000238,9,112,-103
121000239,60,8,52
121000240,18,458,-440
121000241,121,9,112
121000242,68,338,-270
121000243,465,196,269
121000244,6,71,-65
121000245,167,36,131
121000246,3,126,-123
121000247,84,3,81
121000248,1460,785,675
121000249,177,389,-212
121000250,895,174,721
121000251,19,615,-596
121000252,141,86,55
121000253,1081,560,521
121000254,1961,350,1611
121000255,410,170,240
121000256,774,274,500
121000257,150,77,73
121000258,493,68,425
121000259,260,109,151
121000260,331,139,192
121000261,516,82,434
121000262,1130,1584,-454
121000263,413,569,-156
121000271,378,1845,-1467
121000273,372,11,361
121000274,25,57,-32
121000275,9,13,-4
121000276,11,32,-21
121000278,283,63,220
121000279,74,16,58
121000280,159,56,103
121000289,298,22,276
121000290,1543,883,660
121000294,193,212,-19
121000297,1344,1825,-481
121000299,796,333,463
121000300,731,736,-5
121000302,114,1395,-1281
121000303,657,491,166
121000304,606,60,546
121000305,239,46,193
121000306,150,150,0
121000308,201,571,-370
121000309,531,694,-163
121000310,188,420,-232
121000311,90,1030,-940
121000312,420,328,92
121000313,459,809,-350
121000314,186,167,19
121000315,74,121,-47
121000530,1473,1621,-148
121000531,1676,1778,-102
121000532,7015,7172,-157
121000533,3066,3723,-657
121000918,162,211,-49
121000919,101,56,45
121000938,315,564,-249
121000939,331,479,-148
121000956,1265,1741,-476
121000957,6,17,-11
121000958,328,43,285
121000959,774,967,-193
121000960,3215,2331,884
121000961,294,148,146
121000962,482,1682,-1200
121000973,1,178,-177
121000976,12,183,-171
121000979,464,152,312
121000981,491,371,120
121000982,479,182,297
121000983,601,483,118
121000984,81,56,25
121000985,703,649,54
121000986,1131,380,751
121000987,280,1445,-1165
121000988,895,182,713
121001302,405,176,229
121001308,5,12,-7
121001309,192,98,94
121001313,603,310,293
121001314,3568,4013,-445
121001315,5361,2919,2442
121001326,473,494,-21
121900001,110,216,-106
121900002,178,23,155
121900003,590,38,552
121900004,126,407,-281
121900005,16,10,6
121900006,119,36,83
121900007,2133,3212,-1079
121900008,863,219,644
121900009,653,18,635
121900010,278,2,276
121900011,185,389,-204
121900012,28,1,27
121900013,2132,79,2053
121900014,1442,460,982
121900015,236,243,-7
121900016,9,65,-56
121900017,629,641,-12
121900018,465,14,451
121900019,509,283,226
121900020,40,1,39
121900021,828,14,814
121900022,281,221,60
121900023,142,353,-211
121900024,384,129,255
121900025,589,429,160
121900026,369,42,327
121900027,349,108,241
121900028,230,19,211
121900029,121,187,-66
121900030,725,968,-243
121900031,1176,9070,-7894
121900032,129,94,35
121900033,217,188,29
121900034,657,88,569
121900035,2685,2680,5
121900036,69,347,-278
121900037,216,656,-440
121900038,41,180,-139
121900039,603,64,539
121900040,66,79,-13
121900041,58,145,-87
121900042,423,124,299
121900043,4,4,0
121900044,250,78,172
121900046,267,241,26
121900047,195,69,126
121900048,45,155,-110
121900050,43,51,-8
121900051,166,151,15
121900052,123,40,83
121900053,642,543,99
121900054,709,1040,-331
121900055,22,18,4
121900058,351,251,100
121900059,481,199,282
121900060,148,397,-249
121900061,468,165,303
121900062,174,107,67
121900063,2240,383,1857
121900064,382,755,-373
121900066,65,30,35
121900067,71,48,23
121900069,212,122,90
121900070,411,109,302
121900071,316,238,78
121900072,74,202,-128
121900073,390,243,147
121900074,783,978,-195
121900075,1272,487,785
121900076,1416,619,797
121900077,1,9,-8
121900078,100,22,78
121900079,2,1,1
121900080,932,390,542
121900082,59,114,-55
121900084,8,255,-247
121900085,1,5,-4
121900086,14,50,-36
121900087,209,104,105
121900088,1807,3190,-1383
121900089,207,433,-226
121900090,29,140,-111
121900091,78,163,-85
121900092,91,92,-1
121900093,86,70,16
121900094,18,2,16
121900095,232,157,75
121900096,1633,830,803
121900097,653,193,460
121900098,3,4,-1
121900099,240,53,187
121900100,278,441,-163
121900101,133,141,-8
121900102,2,160,-158
121900103,1314,299,1015
121900104,1590,397,1193
121900105,270,178,92
121900106,7,5,2
121900107,59,21,38
121900108,3,31,-28
121900109,493,159,334
121900110,464,1162,-698
121900111,1795,142,1653
121900112,262,136,126
121900113,97,784,-687
121900114,52,121,-69
121900117,228,53,175
121900118,2693,743,1950
121900119,121,148,-27
121900120,35,1865,-1830
121900121,725,48,677
121900122,20,64,-44
121900123,187,570,-383
121900124,101,191,-90
121900125,974,1289,-315
121900127,5,88,-83
121900128,128,112,16
121900129,607,142,465
121900130,110,222,-112
121900131,430,68,362
121900132,72,107,-35
121900133,72,358,-286
121900134,46,175,-129
121900135,2278,313,1965
121900136,347,504,-157
121900137,51,465,-414
121900138,178,198,-20
121900139,450,500,-50
121900140,80,179,-99
121900141,68,59,9
121900142,128,138,-10
121900143,11,178,-167
121900144,144,295,-151
121900145,208,242,-34
121900146,811,915,-104
121900147,74,200,-126
121900148,266,323,-57
121900149,384,763,-379
121900150,73,173,-100
121900151,119,294,-175
121900152,101,174,-73
121900153,90,683,-593
121900154,29,264,-235
121900155,0,122,-122
121900156,142,100,42
121900157,9,469,-460
121900158,115,87,28
121900159,3,253,-250
121900160,19,293,-274
121900161,415,377,38
121900162,155,181,-26
121900163,318,731,-413
121900164,516,178,338
121900165,289,176,113
121900166,403,193,210
121900167,176,126,50
121900168,277,233,44
121900169,7,233,-226
121900170,2,384,-382
121900171,667,546,121
121900172,641,286,355
121900173,1126,345,781
121900174,31,78,-47
121900175,462,189,273
121900176,768,1620,-852
121900177,154,85,69
121900178,91,76,15
121900179,587,154,433
121900180,5136,4227,909
121900182,1108,334,774
121900183,852,669,183
121900184,75,622,-547
121900186,3,285,-282
121900187,88,148,-60
121900188,622,805,-183
121900189,38,94,-56
121900190,448,679,-231
121900191,122,235,-113
121900192,453,741,-288
121900193,91,201,-110
121900194,9,109,-100
121900195,88,92,-4
121900196,1079,1517,-438
121900197,429,1845,-1416
121900198,1149,1889,-740
121900199,5,25,-20
121900200,221,267,-46
121900201,1247,804,443
121900202,199,595,-396
121900203,188,1080,-892
121900204,991,1936,-945
121900205,23,102,-79
121900206,20,8,12
121900207,181,40,141
121900208,265,289,-24
121900209,50,44,6
121900210,2304,1265,1039
121900211,374,915,-541
121900212,204,138,66
121900213,148,88,60
121900214,9,632,-623
121900215,67,84,-17
121900216,71,97,-26
121900217,265,125,140
121900218,241,504,-263
121900220,109,10,99
121900221,332,920,-588
121900222,213,189,24
121900223,240,58,182
121900224,98,57,41
121900225,328,150,178
121900226,298,471,-173
121900227,208,595,-387
121900228,282,463,-181
121900230,207,188,19
121900231,531,880,-349
121900232,475,525,-50
121900233,270,231,39
121900234,589,377,212
121900235,653,280,373
121900236,414,187,227
121900237,141,296,-155
121900238,177,333,-156
121900239,191,33,158
121900240,221,115,106
121900241,40,72,-32
121900242,5,4,1
121900243,8,0,8
121900244,19,1,18
121900245,180,72,108
121900246,2365,387,1978
121900248,1580,1324,256
121900250,305,321,-16
121900251,316,54,262
121900252,597,171,426
121900253,234,1086,-852
121900254,546,270,276
121900255,267,111,156
121900258,3057,2412,645
121900259,473,818,-345
121900260,84,228,-144
121900261,264,773,-509
121900262,432,1465,-1033
121900263,189,398,-209
121900264,2215,2068,147
121900265,321,325,-4
121900266,429,159,270
121900267,65,59,6
121900269,150,643,-493
121900270,35,230,-195
121900271,51,154,-103
121900273,880,2550,-1670
121900274,306,257,49
121900277,547,956,-409
121900278,142,788,-646
121900279,199,187,12
121900280,287,307,-20
121900281,798,238,560
121900284,43,12,31
121900286,356,110,246
121900287,14,34,-20
121900288,9,1,8
121900290,218,277,-59
121900291,434,769,-335
121900292,220,190,30
121900293,1124,2930,-1806
121900294,278,2,276
121900295,150,356,-206
121900296,119,71,48
121900298,565,749,-184
121900299,0,3,-3
121900300,105,2,103
121900301,118,0,118
121900302,1,33,-32
121900303,934,362,572
121900304,2,14,-12
121900305,3,1,2
121900306,70,1,69
121900307,18,48,-30
121900308,22,303,-281
121900309,11,281,-270
121900310,28,459,-431
121900311,352,27,325
121900312,214,21,193
121900313,804,33,771
121900314,3,71,-68
121900315,14,2,12
121900316,0,13,-13
121900317,27,8,19
121900318,1,18,-17
121900319,46,346,-300
121900320,60,126,-66
121900321,18,1,17
121900322,0,20,-20
121900323,12,11,1
121900324,8,122,-114
121900325,4,0,4
121900326,1,17,-16
121900327,3,71,-68
121900328,0,27,-27
121900329,2,195,-193
121900330,0,53,-53
121900331,23,2,21
121900332,83,47,36
121900333,40,4,36
121900334,215,95,120
122000001,2949,5397,-2448
122000002,6130,1963,4167
122000003,2513,2767,-254
122000004,3581,1807,1774
122000005,3152,1656,1496
122000006,2543,878,1665
122000007,1736,2134,-398
122000008,5492,6375,-883
122000009,597,429,168
122000010,2704,3865,-1161
122000011,3558,1710,1848
122000012,1631,1428,203
122000013,3087,1567,1520
122000014,1803,2362,-559
122000015,1552,1279,273
122000016,766,1026,-260
122000017,1299,1163,136
122000018,1509,1232,277
122000019,945,1346,-401
122000020,208,178,30
122000021,560,394,166
122000022,1778,1556,222
122000023,924,3113,-2189
122000024,989,1143,-154
122000025,2889,1834,1055
122000026,1687,1212,475
122000027,659,5378,-4719
122000028,897,464,433
122000029,491,408,83
122000030,438,182,256
122000031,170,333,-163
122000032,2430,4404,-1974
122000033,1246,1332,-86
122000034,1131,847,284
122000035,369,1190,-821
122000036,690,597,93
122000037,353,295,58
122000038,337,401,-64
122000039,876,742,134
122000040,434,696,-262
122000041,768,634,134
122000042,574,549,25
122000043,171,117,54
122000044,169,246,-77
122000045,2347,498,1849
122000046,1022,1429,-407
122000047,449,267,182
122000048,4202,5734,-1532
122000049,6898,3381,3517
122000050,2255,815,1440
122000051,537,423,114
122000052,675,384,291
122000053,181,786,-605
122000054,3060,2357,703
122000055,3115,3328,-213
122000056,5947,4811,1136
122000057,4195,4307,-112
122000058,4190,1398,2792
122000059,3832,2017,1815
122000060,1047,810,237
122000061,663,609,54
122000062,1554,422,1132
122000063,1965,877,1088
122000064,4504,2785,1719
122000065,6654,2945,3709
122000066,1707,958,749
122000067,3081,1380,1701
122000068,1553,1958,-405
122000069,732,670,62
122000070,871,4948,-4077
122000071,1374,1914,-540
122000072,497,482,15
122000073,542,584,-42
122000074,3420,1862,1558
122000075,756,1937,-1181
122000076,2321,1205,1116
122000077,2512,896,1616
122000078,3304,2708,596
122000079,3593,1363,2230
122000080,1662,405,1257
122000081,272,420,-148
122000082,1598,1020,578
122000083,1820,4114,-2294
122000084,1509,923,586
122000085,368,2103,-1735
122000086,2844,6676,-3832
122000087,486,214,272
122000088,384,412,-28
122000089,8299,3780,4519
122000090,365,623,-258
122000091,640,62,578
122000092,413,26,387
122000093,3027,1308,1719
122000094,9342,2161,7181
122000095,3635,3618,17
122000096,2881,2545,336
122000098,3970,1947,2023
122000099,6049,814,5235
122000100,1605,1005,600
122000101,350,1886,-1536
122000102,2092,1328,764
122000103,2444,1689,755
122000104,557,219,338
122000105,721,306,415
122000106,770,620,150
122000107,1151,570,581
122000108,568,813,-245
122000109,449,664,-215
122000110,454,545,-91
122000111,3277,1391,1886
122000112,1037,1823,-786
122000113,696,730,-34
122000114,7469,2329,5140
122000115,2104,3245,-1141
122000116,598,605,-7
122000117,1560,490,1070
122000118,726,931,-205
122000119,4191,3099,1092
122000120,3077,5756,-2679
122000121,3232,3389,-157
122000122,968,1906,-938
122000123,2477,2306,171
122000124,1189,671,518
122000125,674,763,-89
122000126,843,1390,-547
122000127,1658,1844,-186
122000128,733,961,-228
122000129,570,1743,-1173
122000130,4153,2046,2107
122000131,2007,2429,-422
122000132,912,818,94
122000133,1196,1999,-803
122000134,1060,1097,-37
122000135,1001,881,120
122000136,1077,821,256
122000137,1828,1228,600
122000139,2336,3647,-1311
122000140,1919,733,1186
122000141,5160,1285,3875
122000142,582,868,-286
122000143,698,774,-76
122000144,1873,2430,-557
122000145,1943,1033,910
122000146,756,1513,-757
122000147,1261,698,563
122000148,3260,1833,1427
122000149,2596,1928,668
122000150,1492,1296,196
122000151,349,539,-190
122000152,582,603,-21
122000153,656,467,189
122000154,424,184,240
122000155,1811,3240,-1429
122000156,2321,2310,11
122000157,2687,1506,1181
122000158,658,817,-159
122000159,1116,2366,-1250
122000160,5225,3986,1239
122000161,1579,1456,123
122000162,2686,2243,443
122000163,285,79,206
122000164,31,95,-64
122000165,1366,742,624
122000166,2288,1486,802
122000167,306,202,104
122000168,280,608,-328
122000169,793,247,546
122000170,360,322,38
122000171,51,96,-45
122000172,1509,1922,-413
122000173,1556,2470,-914
122000174,4026,939,3087
122000175,2295,398,1897
122000176,360,716,-356
122000177,2520,1515,1005
122000178,4571,4471,100
122000179,1929,3361,-1432
122000180,2241,1670,571
122000181,2268,3996,-1728
122000182,2269,1803,466
122000183,2202,1518,684
122000184,2492,2233,259
122000185,1311,1401,-90
122000186,745,876,-131
122000187,2692,1255,1437
122000188,562,235,327
122000189,342,491,-149
122000190,1784,1400,384
122000191,1654,805,849
122000192,1602,380,1222
122000193,578,607,-29
122000194,1059,261,798
122000195,332,474,-142
122000196,1397,647,750
122000197,574,596,-22
122000198,755,911,-156
122000199,651,475,176
122000200,2142,1025,1117
122000201,1572,1408,164
122000202,1783,1270,513
122000203,2945,1790,1155
122000204,2117,2254,-137
122000205,1805,2017,-212
122000206,2896,940,1956
122000207,2597,1285,1312
122000208,4119,1624,2495
122000209,4181,517,3664
122000210,3166,1992,1174
122000211,2229,1039,1190
122000212,1212,704,508
122000213,1314,1681,-367
122000214,2533,2141,392
122000215,2251,1983,268
122000217,2826,1579,1247
122000218,1059,125,934
122000219,1609,1207,402
122000220,499,833,-334
122000221,127,563,-436
122000222,785,208,577
122000223,2019,548,1471
122000225,1385,364,1021
122000226,3251,2381,870
122000227,519,3594,-3075
122000228,519,359,160
122000229,53,549,-496
122000230,95,554,-459
122000231,368,793,-425
122000232,767,1052,-285
122000233,0,105,-105
122000234,600,184,416
122000235,874,174,700
122000236,1172,172,1000
122000237,140,92,48
122000238,374,412,-38
122000239,638,100,538
122000240,1323,356,967
122000241,1873,718,1155
122000242,779,160,619
122000243,354,80,274
122000244,86,410,-324
122000245,141,337,-196
122000246,492,248,244
122000247,608,896,-288
122000248,1464,2009,-545
122000249,1517,985,532
122000250,2709,1503,1206
122000251,354,390,-36
122000252,626,112,514
122000253,149,535,-386
122000254,265,105,160
122000255,907,1831,-924
122000256,432,1407,-975
122000257,265,388,-123
122000258,326,276,50
122000259,35,584,-549
122000260,4,108,-104
122000261,4,249,-245
122000262,2,73,-71
122000263,225,84,141
122000264,1475,512,963
122000265,3849,949,2900
122000266,9428,824,8604
122000267,80,93,-13
122000268,213,349,-136
122000269,1502,302,1200
122000270,3030,172,2858
122000271,558,1045,-487
122000272,402,1130,-728
122000273,599,477,122
122000274,195,222,-27
122000275,65,251,-186
122000276,882,518,364
122000277,1894,1629,265
122000278,2271,1017,1254
122000279,295,597,-302
122000280,1592,960,632
122000281,1061,922,139
122000282,353,127,226
122000283,1258,90,1168
122000284,243,137,106
122000285,801,97,704
122000286,321,139,182
122000287,1957,1686,271
122000288,1286,298,988
122000291,2120,1061,1059
122000293,500,376,124
122000294,153,280,-127
122000295,1895,225,1670
122000296,82,960,-878
122000297,3025,3239,-214
122000299,420,434,-14
122000300,598,743,-145
122000301,13911,3905,10006
122000302,1179,1448,-269
122000303,4661,1690,2971
122000304,99,310,-211
122000305,1123,735,388
122000306,39,986,-947
122000307,232,168,64
122000309,222,99,123
122000310,74,111,-37
122000311,404,196,208
122000312,257,160,97
122000313,214,94,120
122000314,156,334,-178
122000315,377,29,348
122000316,813,240,573
122000317,1471,341,1130
122000318,355,757,-402
122000319,355,608,-253
122000320,480,2392,-1912
122000321,166,260,-94
122000322,2899,3692,-793
122000323,1980,2907,-927
122000324,1779,1540,239
122000325,1161,1706,-545
122000326,79,150,-71
122000327,752,1302,-550
122000328,1493,914,579
122000330,2472,879,1593
122000332,261,192,69
122000333,16,203,-187
122000337,1011,1929,-918
122000338,430,412,18
122000340,629,316,313
122000342,2538,1241,1297
122000343,614,1613,-999
122000344,62,24,38
122000345,234,48,186
122000346,357,644,-287
122000348,804,726,78
122000349,184,980,-796
122000351,124,210,-86
122000352,513,123,390
122000353,82,106,-24
122000355,198,199,-1
122000356,2718,1159,1559
122000357,151,34,117
122000358,2,60,-58
122000359,2,32,-30
122000360,0,33,-33
122000362,4,103,-99
122000364,180,386,-206
122000365,4,33,-29
122000366,20,7,13
122000368,531,644,-113
122000370,26,67,-41
122000371,96,2,94
122000372,65,3,62
122000381,53,456,-403
122000382,97,366,-269
122000384,5934,2415,3519
122000385,80,0,80
122000386,1178,1740,-562
122000387,1382,553,829
122000388,2177,925,1252
122000389,263,684,-421
122000390,920,308,612
122000391,628,147,481
122000392,217,354,-137
122000393,814,209,605
122000394,560,310,250
122000395,242,213,29
122000396,490,148,342
122000397,111,143,-32
122000398,69,71,-2
122000399,233,68,165
122000400,306,517,-211
122000401,184,111,73
122000402,329,178,151
122000403,562,1243,-681
122000404,168,369,-201
122000408,1011,1570,-559
122000503,8,172,-164
122000524,199,120,79
122000544,113,6242,-6129
122000616,298,4,294
122000640,103,246,-143
122000641,148,457,-309
122000642,2344,1126,1218
122000643,49,189,-140
122000644,278,29,249
122000645,132,472,-340
122000651,3019,783,2236
122000664,179,58,121
122000665,1367,580,787
122000666,719,1120,-401
122000673,65,400,-335
122000674,167,75,92
122000675,2008,1554,454
122000686,557,1246,-689
122000687,2397,402,1995
122000688,264,818,-554
122000689,1099,798,301
122000690,1623,731,892
122000691,483,2570,-2087
122000692,1498,441,1057
122000693,481,1906,-1425
122000695,317,514,-197
122000696,351,344,7
122000698,320,946,-626
122000699,283,63,220
122000701,1506,438,1068
122000702,624,1983,-1359
122000703,197,80,117
122000712,0,0,0
122000717,244,49,195
122000718,895,1263,-368
122000719,138,102,36
122000720,398,318,80
122000724,343,359,-16
122900001,48,16,32
122900002,1625,5662,-4037
122900003,478,56,422
122900004,602,49,553
122900005,82,26,56
122900006,2038,221,1817
122900007,199,78,121
122900008,1153,94,1059
122900009,894,558,336
122900010,249,281,-32
122900012,295,316,-21
122900014,188,327,-139
122900015,2186,873,1313
122900016,337,289,48
122900017,487,908,-421
122900018,323,22,301
122900019,9,229,-220
122900020,944,351,593
122900021,71,1367,-1296
122900022,795,956,-161
122900024,229,139,90
122900025,18,196,-178
122900026,121,387,-266
122900027,41,948,-907
122900028,183,191,-8
122900029,4884,3526,1358
122900030,1368,534,834
122900031,162,380,-218
122900032,127,499,-372
122900033,530,158,372
122900034,4454,7530,-3076
122900035,78,15,63
122900036,69,250,-181
122900037,805,154,651
122900038,229,4432,-4203
122900039,126,679,-553
122900040,438,337,101
122900041,393,221,172
122900042,192,328,-136
122900043,674,168,506
122900044,152,435,-283
122900045,87,90,-3
122900046,400,106,294
122900047,483,277,206
122900048,47,551,-504
122900049,1930,138,1792
122900051,106,130,-24
122900052,110,234,-124
122900053,22,38,-16
122900055,631,148,483
122900057,465,60,405
122900061,547,250,297
122900062,518,772,-254
122900063,258,381,-123
122900064,2134,451,1683
122900065,569,94,475
122900066,747,531,216
122900067,1410,796,614
122900069,571,2479,-1908
122900070,437,69,368
122900071,145,501,-356
122900072,8,316,-308
122900073,34,363,-329
122900074,936,802,134
122900075,2,91,-89
122900076,19,287,-268
122900077,7,195,-188
122900078,191,107,84
122900080,65,23,42
122900081,406,208,198
122900082,754,287,467
122900083,230,164,66
122900084,9,350,-341
122900086,6,91,-85
122900087,392,461,-69
122900088,66,122,-56
122900089,66,162,-96
122900090,16,757,-741
122900091,263,3,260
122900092,1,255,-254
122900093,1,307,-306
122900094,3,244,-241
122900095,209,14,195
122900096,270,213,57
122900097,66,41,25
122900098,113,96,17
122900099,64,6,58
122900100,1133,159,974
122900101,1302,293,1009
122900102,18,18,0
122900103,140,11,129
122900104,105,9,96
122900105,10,6,4
122900106,3,91,-88
122900107,5,219,-214
122900108,4,335,-331
122900109,428,218,210
123000001,2240,437,1803
123000002,5707,4656,1051
123000003,4671,4350,321
123000004,3697,5298,-1601
123000005,3010,3811,-801
123000006,3374,3241,133
123000007,4414,3520,894
123000008,3174,4110,-936
123000009,5630,3696,1934
123000010,3925,4080,-155
123000011,5351,1147,4204
123000012,1354,2828,-1474
123000013,4371,1195,3176
123000014,1543,4256,-2713
123000015,5147,1147,4000
123000016,6295,4515,1780
123000017,3620,2037,1583
123000018,82,138,-56
123000019,221,402,-181
123000020,143,191,-48
123000021,87,459,-372
123000022,371,4281,-3910
123000023,1793,1591,202
123000024,1925,745,1180
123000025,341,362,-21
123000026,38,94,-56
123000027,1690,392,1298
123000028,2492,252,2240
123000029,3335,513,2822
123000030,469,461,8
123000031,133,332,-199
123000032,331,281,50
123000033,405,58,347
123000034,1539,1445,94
123000035,392,535,-143
123000036,253,1169,-916
123000037,276,324,-48
123000038,82,260,-178
123000039,531,1259,-728
123000040,1067,409,658
123000041,1726,1192,534
123000042,1739,656,1083
123000043,3866,8324,-4458
123000044,5727,2608,3119
123000045,10283,2921,7362
123000046,969,1489,-520
123000047,2565,1412,1153
123000048,103,674,-571
123000049,7517,8421,-904
123000050,1426,1695,-269
123000051,207,260,-53
123000052,867,3924,-3057
123000053,2982,3862,-880
123000054,1710,1444,266
123000055,1372,2249,-877
123000056,1646,2176,-530
123000057,16011,6871,9140
123000058,805,945,-140
123000059,531,662,-131
123000060,888,361,527
123000061,347,903,-556
123000063,925,1160,-235
123000064,1159,375,784
123000065,7461,3971,3490
123000066,1037,912,125
123000067,1218,858,360
123000068,3856,4030,-174
123000069,7006,4398,2608
123000070,344,953,-609
123000071,1078,1386,-308
123000072,1250,1427,-177
123000073,1281,994,287
123000074,1321,1935,-614
123000075,449,1214,-765
123000076,652,1104,-452
123000077,2619,3815,-1196
123000078,1667,2209,-542
123000079,1408,2308,-900
123000080,2582,2542,40
123000081,173,526,-353
123000082,409,1127,-718
123000083,1057,322,735
123000084,614,1014,-400
123000085,261,120,141
123000086,505,337,168
123000087,322,425,-103
123000088,1260,1128,132
123000089,630,1564,-934
123000090,1378,1276,102
123000091,1995,2279,-284
123000092,1212,1702,-490
123000094,544,284,260
123000095,536,728,-192
123000096,706,554,152
123000097,594,975,-381
123000098,766,741,25
123000099,656,917,-261
123000100,677,845,-168
123000101,680,740,-60
123000102,687,783,-96
123000104,450,537,-87
123000105,568,531,37
123000106,593,540,53
123000107,500,658,-158
123000108,964,1665,-701
123000111,970,399,571
123000112,1013,760,253
123000113,806,1762,-956
123000114,649,799,-150
123000115,333,413,-80
123000116,45,217,-172
123000117,1972,2350,-378
123000118,556,1126,-570
123000119,328,1213,-885
123000120,513,974,-461
123000121,549,795,-246
123000122,525,325,200
123000123,533,709,-176
123000124,713,622,91
123000125,1570,1382,188
123000126,1865,3670,-1805
123000127,1187,841,346
123000128,513,390,123
123000129,618,299,319
123000130,546,111,435
123000131,883,853,30
123000132,494,685,-191
123000133,357,491,-134
123000134,538,313,225
123000135,2045,1518,527
123000136,297,1175,-878
123000137,117,372,-255
123000138,127,460,-333
123000139,433,190,243
123000140,125,821,-696
123000141,885,191,694
123000142,1072,1162,-90
123000143,2404,2824,-420
123000144,68,32,36
123000145,287,117,170
123000146,64,105,-41
123000147,208,152,56
123000149,447,594,-147
123000150,279,340,-61
123000151,341,544,-203
123000152,166,475,-309
123000153,283,814,-531
123000154,2128,2520,-392
123000155,2663,1141,1522
123000156,101,205,-104
123000157,709,1041,-332
123000158,772,1098,-326
123000159,4147,2727,1420
123000160,992,764,228
123000161,2308,1414,894
123000162,1346,2116,-770
123000163,475,136,339
123000164,1509,364,1145
123000165,378,2032,-1654
123000166,65,245,-180
123000167,167,375,-208
123000168,313,326,-13
123000169,727,144,583
123000170,136,280,-144
123000171,624,38,586
123000172,198,694,-496
123000173,558,306,252
123000174,1035,359,676
123000175,817,1682,-865
123000176,868,324,544
123000177,295,1083,-788
123000178,1090,187,903
123000179,73,750,-677
123000180,1632,464,1168
123000181,473,1900,-1427
123000182,225,472,-247
123000183,202,768,-566
123000184,93,779,-686
123000185,530,625,-95
123000186,5,684,-679
123000187,651,12,639
123000188,189,5,184
123000189,178,196,-18
123000190,52,90,-38
123000192,31,448,-417
123000193,69,974,-905
123000194,578,470,108
123000195,291,27,264
123000196,314,163,151
123000197,73,211,-138
123000198,90,339,-249
123000199,10,732,-722
123000200,490,20,470
123000201,938,50,888
123000202,21,1538,-1517
123000203,851,87,764
123000204,90,1289,-1199
123000205,637,2079,-1442
123000206,2217,295,1922
123000207,160,1021,-861
123000208,678,143,535
123000209,2314,765,1549
123000210,639,2093,-1454
123000211,582,2813,-2231
123000212,2978,524,2454
123000213,676,75,601
123000215,353,207,146
123000216,205,1180,-975
123000217,210,59,151
123000218,122,659,-537
123000219,1278,244,1034
123000220,715,94,621
123000221,372,114,258
123000222,590,496,94
123000223,222,470,-248
123000224,407,704,-297
123000225,394,106,288
123000226,87,449,-362
123000227,169,421,-252
123000228,315,79,236
123000229,1330,1900,-570
123000232,130,801,-671
123000233,851,307,544
123000234,193,791,-598
123000235,957,358,599
123000236,260,911,-651
123000237,416,94,322
123000238,113,676,-563
123000239,602,1848,-1246
123000240,55,534,-479
123000241,821,148,673
123000242,128,232,-104
123000243,940,1046,-106
123000244,1066,818,248
123000245,91,206,-115
123000249,731,1080,-349
123000252,1056,366,690
123000253,1005,597,408
123000254,687,1210,-523
123000255,1257,1079,178
123000256,38,303,-265
123000257,3798,2619,1179
123000258,1334,1189,145
123000259,382,478,-96
123000260,389,562,-173
123000261,192,207,-15
123000262,141,305,-164
123000263,329,116,213
123000264,255,102,153
123000265,40,195,-155
123000266,524,949,-425
123000267,580,357,223
123000268,50,83,-33
123000269,37,67,-30
123000270,50,77,-27
123000271,98,63,35
123000272,864,385,479
123000273,320,765,-445
123000274,1408,711,697
123000275,349,1175,-826
123000278,3517,3161,356
123000279,140,160,-20
123000280,432,380,52
123000281,368,118,250
123000282,218,320,-102
123000283,140,85,55
123000284,69,135,-66
123000286,343,339,4
123000287,736,357,379
123000288,1506,978,528
123000289,701,1486,-785
123000291,398,892,-494
123000294,303,269,34
123000295,1017,995,22
123000296,648,425,223
123000297,702,1115,-413
123000298,780,714,66
123000299,63,330,-267
123000300,1014,915,99
123000301,259,312,-53
123000302,75,257,-182
123000303,174,105,69
123000305,1275,1139,136
123000306,155,297,-142
123000309,74,82,-8
123000310,109,38,71
123000311,0,108,-108
123000312,1041,1057,-16
123000313,464,524,-60
123000315,64,433,-369
123000316,2302,522,1780
123000317,285,84,201
123000318,52,220,-168
123000329,29,16,13
123000337,908,307,601
123000338,1519,76,1443
123000339,177,195,-18
123000340,277,512,-235
123000342,30,203,-173
123000343,96,5,91
123000344,1583,644,939
123000345,402,744,-342
123000346,397,83,314
123000352,1864,888,976
123000353,20,144,-124
123000354,738,84,654
123000355,3,679,-676
123000356,306,8,298
123000357,2,269,-267
123000359,14,206,-192
123000360,277,127,150
123000361,575,368,207
123000362,305,139,166
123000363,97,207,-110
123000364,580,499,81
123000365,25,458,-433
123000366,459,2167,-1708
123000367,394,1262,-868
123000370,66,277,-211
123000371,622,26,596
123000372,534,14,520
123000373,7,490,-483
123000374,24,236,-212
123000375,311,49,262
123000376,1027,772,255
123000377,324,25,299
123000378,14,290,-276
123000379,4,273,-269
123000380,87,376,-289
123000381,256,39,217
123000382,1211,183,1028
123000383,273,1432,-1159
123000384,595,91,504
123000385,514,958,-444
123000436,82,1286,-1204
123000507,232,440,-208
123000508,277,996,-719
123000517,354,55,299
123000518,33,337,-304
123000519,183,94,89
123000520,47,334,-287
123000521,412,156,256
123000522,155,476,-321
123000541,3,1,2
123000542,0,45,-45
123000565,923,78,845
123000566,274,979,-705
123000567,103,314,-211
123000573,56,899,-843
123000574,612,103,509
123000575,1302,1436,-134
123000576,791,1966,-1175
123000577,105,791,-686
123000578,757,108,649
123000579,4536,5444,-908
123000580,138,54,84
123000582,571,35,536
123000583,23,423,-400
123000584,225,428,-203
123000585,0,195,-195
123000586,107,0,107
123000596,92,177,-85
123000597,90,213,-123
123000602,20,18,2
123000603,719,1023,-304
123000604,621,1041,-420
123000605,1437,68,1369
123000606,2,538,-536
123000609,23,445,-422
123000610,161,185,-24
123000613,50,227,-177
123000614,236,81,155
123000615,80,252,-172
123000616,549,66,483
123000617,99,465,-366
123000618,81,650,-569
123000619,762,63,699
123000620,12,505,-493
123000622,396,25,371
123000624,149,101,48
123000630,1070,583,487
123000631,314,2231,-1917
123000632,1320,1178,142
123000633,1,473,-472
123000634,78,125,-47
123000635,302,139,163
123000636,87,1012,-925
123000637,273,55,218
123000638,903,93,810
123000639,1252,4227,-2975
123000640,39,999,-960
123000648,429,93,336
123000649,73,726,-653
123900001,1382,55,1327
123900002,35,2081,-2046
123900003,438,671,-233
123900005,329,168,161
123900006,433,43,390
124000001,2070,170,1900
124000002,111,2138,-2027
124000003,770,161,609
124000004,81,734,-653
124000005,1072,554,518
124000006,323,1544,-1221
124000007,719,149,570
124000008,19,1019,-1000
124000009,670,392,278
124000010,194,780,-586
124000011,1311,347,964
124000012,479,771,-292
124000017,189,194,-5
124000018,128,113,15
124000019,167,197,-30
124000020,73,225,-152
124000021,194,85,109
124000022,125,284,-159
124000023,1802,1713,89
124000024,1285,709,576
124000025,1243,1726,-483
124000026,1239,1080,159
124000027,4220,5014,-794
124000028,2631,4520,-1889
124000030,3246,1485,1761
124000031,1860,3838,-1978
124000032,5093,1553,3540
124000033,1185,950,235
124000034,1525,1483,42
124000035,371,220,151
124000036,181,819,-638
124000037,492,1176,-684
124000038,67,146,-79
124000039,1210,574,636
124000040,660,1180,-520
124000041,354,118,236
124000042,126,524,-398
124000043,687,148,539
124000044,327,259,68
124000045,933,723,210
124000046,384,1078,-694
124000047,1419,1089,330
124000048,1145,1925,-780
124000049,1817,869,948
124000050,936,2360,-1424
124000051,935,695,240
124000052,713,1308,-595
124000053,525,1682,-1157
124000054,1086,728,358
124000055,1357,2953,-1596
124000056,3638,1823,1815
124000057,985,625,360
124000058,623,1604,-981
124000059,664,1179,-515
124000060,1400,936,464
124000061,1520,4925,-3405
124000062,8547,2297,6250
124000063,1830,2215,-385
124000064,2896,1888,1008
124000065,219,569,-350
124000066,390,125,265
124000067,152,237,-85
124000068,78,171,-93
124000069,823,274,549
124000070,307,671,-364
124000071,431,84,347
124000072,300,549,-249
124000073,994,170,824
124000074,303,853,-550
124000075,256,61,195
124000076,12,241,-229
124000077,2490,866,1624
124000078,3939,1720,2219
124000079,594,1232,-638
124000080,468,200,268
124000081,177,715,-538
124000082,49,199,-150
124000083,200,313,-113
124000084,100,615,-515
124000085,108,57,51
124000086,93,108,-15
124000087,254,82,172
124000088,252,452,-200
124000089,615,399,216
124000090,137,411,-274
124000091,264,108,156
124000092,150,705,-555
124000093,141,174,-33
124000094,147,609,-462
124000095,101,138,-37
124000096,148,351,-203
124000097,159,191,-32
124000098,89,156,-67
124000099,365,201,164
124000100,72,146,-74
124000101,93,157,-64
124000102,165,99,66
124000103,85,139,-54
124000104,202,97,105
124000105,82,112,-30
124000106,191,120,71
124000107,29,180,-151
124000108,66,49,17
124000109,167,163,4
124000110,303,169,134
124000111,235,226,9
124000112,620,834,-214
124000113,66,157,-91
124000114,325,466,-141
124000115,534,711,-177
124000116,164,209,-45
124000117,101,132,-31
124000118,47,101,-54
124000119,1548,658,890
124000120,873,601,272
124000121,2128,1716,412
124000122,866,1556,-690
124000123,1125,843,282
124000124,440,972,-532
124000125,399,617,-218
124000126,383,740,-357
124000127,998,612,386
124000128,793,1241,-448
124000129,1877,1503,374
124000130,873,833,40
124000131,1102,574,528
124000132,1400,1171,229
124000133,903,968,-65
124000134,1050,845,205
124000135,1853,2005,-152
124000136,966,1307,-341
124000137,1467,756,711
124000138,1577,1427,150
124000139,1331,121,1210
124000140,30,537,-507
124000141,645,43,602
124000142,62,593,-531
124000143,175,27,148
124000144,14,273,-259
124000145,161,64,97
124000146,48,149,-101
124000148,24,145,-121
124000149,1264,583,681
124000150,384,702,-318
124000151,995,471,524
124000152,941,1463,-522
124000153,651,751,-100
124000154,377,1031,-654
124000155,1446,1235,211
124000156,2080,1165,915
124000169,284,707,-423
124000170,929,572,357
124000171,373,362,11
124000172,455,685,-230
124000173,695,338,357
124000174,613,781,-168
124000175,14,111,-97
124000176,87,18,69
124000177,7,52,-45
124000178,52,46,6
124000185,1,0,1
124000186,2,107,-105
124000187,10,152,-142
124000188,2,0,2
124000190,280,145,135
124000191,681,155,526
124000192,4925,487,4438
124000193,1238,1309,-71
124000194,633,760,-127
124000195,338,812,-474
124000196,1505,1283,222
124000197,74,58,16
124000198,39,89,-50
124000201,352,1040,-688
124000202,575,325,250
124000203,290,918,-628
124000204,822,548,274
124000205,74,521,-447
124000206,525,500,25
124000207,2,60,-58
124000209,292,676,-384
124000210,401,253,148
124000211,486,1,485
124000212,1,512,-511
124000213,347,384,-37
124000214,332,779,-447
124000215,616,28,588
124000216,0,461,-461
124000329,146,2236,-2090
124000338,108,1196,-1088
124000339,790,139,651
124000341,1506,103,1403
124000344,26,1,25
124000357,912,3367,-2455
124000358,706,2059,-1353
124000359,908,902,6
124000360,760,751,9
124000361,2898,931,1967
124000362,1998,2102,-104
124000363,413,407,6
124000364,807,908,-101
124000365,923,1148,-225
124000366,2328,890,1438
124000367,188,708,-520
124000368,739,565,174
124000369,210,231,-21
124000370,173,871,-698
124000402,55,21,34
124000403,120,19,101
124000404,29,137,-108
124000405,1097,1094,3
124000406,1657,1516,141
124000407,4,45,-41
124000411,8,420,-412
124000412,531,15,516
124000413,1052,49,1003
124000414,69,168,-99
124000415,54,197,-143
124000416,209,358,-149
124000417,146,130,16
124000418,167,158,9
124000419,101,201,-100
124000420,85,109,-24
124000421,61,255,-194
124000422,44,28,16
124000423,124,51,73
124000424,6,158,-152
124000425,146,17,129
124000426,8,214,-206
124000427,131,12,119
124000428,90,53,37
124000429,49,66,-17
124000430,953,755,198
124000431,939,906,33
124000432,301,1312,-1011
124000439,4,15,-11
124000443,1,19,-18
124000445,1442,2085,-643
124000446,3140,365,2775
124000447,22,212,-190
124000448,0,0,0
124000449,78,20,58
124000450,11,72,-61
124000451,2,212,-210
124900001,493,451,42
124900002,139,524,-385
124900003,1096,794,302
124900004,483,449,34
124900005,344,209,135
124900006,629,463,166
124900008,1527,591,936
124900009,164,336,-172
124900010,228,129,99
124900011,555,338,217
124900012,455,128,327
124900013,635,160,475
124900014,248,83,165
124900015,184,380,-196
124900016,80,112,-32
124900017,617,1518,-901
124900018,49,13,36
124900020,61,70,-9
124900021,230,78,152
124900022,199,24,175
124900024,324,66,258
124900026,373,43,330
124900027,111,364,-253
124900028,606,146,460
124900029,4,477,-473
124900030,12,138,-126
124900031,23,346,-323
124900032,176,305,-129
124900033,142,333,-191
124900034,3,103,-100
124900035,263,432,-169
124900036,0,49,-49
124900037,231,351,-120
124900038,262,440,-178
124900039,1,43,-42
124900040,201,89,112
124900041,338,1228,-890
124900042,156,3,153
124900043,563,1246,-683
124900044,79,5,74
124900045,782,1165,-383
124900047,163,231,-68
124900048,260,205,55
124900050,232,327,-95
124900052,126,405,-279
124900053,85,414,-329
124900054,2557,549,2008
124900055,1,157,-156
124900057,5,83,-78
124900060,87,245,-158
124900061,88,12,76
124900062,114,18,96
124900066,0,16,-16
124900067,9,177,-168
124900068,243,579,-336
124900070,57,24,33
124900072,94,41,53
124900075,194,243,-49
124900076,39,1195,-1156
124900077,27,170,-143
124900078,116,17,99
124900079,739,251,488
124900080,274,815,-541
124900081,986,350,636
124900082,423,1015,-592
124900083,281,597,-316
124900085,1037,332,705
124900086,53,1401,-1348
124900087,732,93,639
124900088,687,142,545
124900089,1744,51,1693
124900090,242,329,-87
124900091,355,524,-169
124900092,275,344,-69
124900093,287,224,63
124900094,303,338,-35
124900095,131,434,-303
124900096,654,269,385
124900097,296,114,182
124900098,168,426,-258
124900099,653,558,95
124900100,287,153,134
124900101,128,250,-122
124900102,165,90,75
124900103,193,263,-70
124900104,96,237,-141
124900105,144,198,-54
124900106,369,94,275
124900107,84,16,68
124900108,205,92,113
124900111,9,115,-106
124900112,88,609,-521
124900113,125,358,-233
124900114,300,162,138
124900115,89,42,47
124900116,217,172,45
124900117,692,157,535
124900118,319,305,14
124900119,351,185,166
124900120,66,456,-390
124900121,191,431,-240
124900122,500,272,228
124900123,448,136,312
124900124,135,403,-268
204000001,175,21,154
204000002,41,22,19
204000003,56,1,55
204000004,53,1,52
204000005,968,702,266
204000006,1459,2454,-995
204000012,141,141,0
204000019,677,748,-71
204000020,741,770,-29
204000021,2255,912,1343
204000022,621,594,27
204000023,724,1235,-511
204000031,153,43,110
204000032,739,55,684
204000034,37,214,-177
204000035,0,6,-6
204000036,12,16,-4
204000037,1,11,-10
204000038,3,17,-14
204000039,14,24,-10
204000040,9,29,-20
204000041,41,34,7
204000042,61,11,50
204000043,39,3,36
204000044,57,4,53
204000045,58,5,53
204000046,13,1,12
204000057,3,21,-18
204000062,20,94,-74
204000068,86,409,-323
204000069,67,425,-358
204000070,199,237,-38
204000080,163,92,71
204000085,2361,2153,208
204000086,3633,2951,682
204000087,57,14,43
204000088,7,133,-126
204000090,113,418,-305
204000093,379,147,232
204000096,1265,1433,-168
204000097,382,91,291
204000099,1198,2501,-1303
204000100,1301,2235,-934
204000105,2502,1969,533
204000110,1058,1532,-474
204000111,684,955,-271
204000112,1328,798,530
204000113,841,943,-102
204000114,858,750,108
204000115,693,414,279
204000116,1845,569,1276
204000119,2681,3223,-542
204000132,938,610,328
204000133,718,631,87
204000134,327,251,76
204000135,1085,231,854
204000136,722,392,330
204000138,432,881,-449
204000140,284,228,56
204000141,204,121,83
204000144,13,23,-10
204000145,553,52,501
204000146,25,379,-354
204000147,76,277,-201
204000148,1382,49,1333
204000154,11,4,7
204000155,3,9,-6
204000177,78,113,-35
204000179,29,21,8
204000180,0,53,-53
204000222,5,4,1
204000235,15,12,3
204000236,112,329,-217
204000238,4,34,-30
204000240,460,99,361
204000263,818,1490,-672
204000268,1410,1061,349
204000308,274,36,238
204000317,14,100,-86
204000322,9,31,-22
204000323,27,16,11
204000328,212,131,81
204000329,90,230,-140
204000330,303,128,175
204000331,181,139,42
205000001,1586,2209,-623
205000013,11,106,-95
205000014,29,89,-60
205000015,40,255,-215
205000016,14,229,-215
205000017,19,115,-96
205000022,511,984,-473
205000025,1618,1344,274
205000029,242,9,233
205000045,206,353,-147
205000046,176,688,-512
205000047,102,660,-558
205000048,403,1635,-1232
205000049,240,1264,-1024
205000050,1331,452,879
205000059,0,280,-280
205000060,1,123,-122
205000061,7,66,-59
205000062,8,43,-35
205000063,24,193,-169
205000064,20,185,-165
205000065,63,637,-574
205000066,142,878,-736
205000067,33,1207,-1174
205000069,243,22,221
205000082,180,429,-249
205000110,100,353,-253
205000111,221,336,-115
205000112,237,229,8
205000113,297,398,-101
205000121,257,182,75
205000123,61,249,-188
205000126,593,275,318
205000127,799,363,436
205000128,896,289,607
205000129,862,294,568
205000130,1287,101,1186
205000131,1311,41,1270
205000132,1152,2,1150
205000133,1125,0,1125
205000134,649,1,648
205000137,66,168,-102
205000138,260,335,-75
205000139,58,136,-78
205000144,260,95,165
205000145,626,245,381
205000151,201,83,118
205000152,257,49,208
205000153,240,96,144
205000154,86,164,-78
205000155,212,39,173
205000207,5,187,-182
205000233,75,2,73
205000234,0,0,0
205000243,2,2,0
205000244,4,7,-3
205000245,10,305,-295
205000249,0,37,-37
205000250,9,2,7
205000264,7,129,-122
206000027,9,4,5
206000028,4,1,3
206000043,24,102,-78
206000053,2,5,-3
206000054,5,25,-20
206000055,3,31,-28
206000075,7,7,0
206000076,27,15,12
206000077,36,25,11
206000078,22,12,10
206000079,13,3,10
206000082,710,39,671
206000100,42,876,-834
206000103,0,0,0
206000104,14,23,-9
206000105,28,34,-6
206000106,17,24,-7
206000125,53,0,53
206000157,34,352,-318
206000170,1,144,-143
206000171,3,210,-207
206000172,9,777,-768
206000173,2,420,-418
206000174,13,148,-135
206000175,4,168,-164
206000176,26,276,-250
206000177,4,185,-181
206000178,4,157,-153
206000179,10,72,-62
206000180,22,184,-162
206000181,32,294,-262
206000182,14,237,-223
206000183,43,897,-854
206000184,6,402,-396
206000185,8,267,-259
206000186,197,1385,-1188
206000223,18,212,-194
206000226,13,2,11
206000227,23,2,21
206000237,57,452,-395
206000238,26,662,-636
206000239,381,2108,-1727
206000240,84,183,-99
206000241,0,115,-115
206000242,11,346,-335
206000243,6,250,-244
206000244,94,819,-725
206000245,631,65,566
206000246,178,14,164
206000247,170,15,155
206000248,370,39,331
206000252,83,46,37
206000258,56,145,-89
206000315,25,8,17
206000317,690,107,583
206000318,424,104,320
206000319,1063,158,905
206000320,142,75,67
206000321,180,23,157
206000322,463,21,442
206000323,144,22,122
206000324,167,17,150
206000325,217,12,205
206000326,219,7,212
206000327,809,15,794
206000328,135,8,127
206000329,270,7,263
206000330,38,7,31
206000331,111,0,111
206000332,32,2,30
206000333,471,3,468
206000334,267,0,267
206000335,0,17,-17
206000361,33,468,-435
206000392,4,27,-23
206000405,175,1,174
206000441,47,29,18
206000498,44,4,40
206000515,110,36,74
206000530,206,65,141
206000531,172,214,-42
206000532,2829,323,2506
206000535,363,2527,-2164
206000536,25,232,-207
206000537,44,210,-166
206000613,1657,320,1337
206000784,581,37,544
207000001,263,695,-432
207000002,170,339,-169
207000003,170,200,-30
207000007,890,406,484
207000008,59,34,25
207000009,52,56,-4
207000010,599,535,64
207000012,305,401,-96
207000015,422,1619,-1197
207000019,436,148,288
207000021,819,184,635
207000022,207,133,74
207000023,253,64,189
207000024,11,26,-15
207000025,28,83,-55
207000026,211,56,155
207000027,78,121,-43
207000028,91,221,-130
207000029,353,510,-157
207000033,436,436,0
207000034,399,99,300
207000039,311,220,91
207000040,291,163,128
207000041,242,70,172
207000042,320,106,214
207000043,233,260,-27
207000051,229,356,-127
207000052,213,259,-46
207000053,481,830,-349
207000054,36,150,-114
207000055,230,231,-1
207000056,420,468,-48
207000057,141,380,-239
207000058,317,393,-76
207000059,123,825,-702
207000060,98,324,-226
207000061,318,460,-142
207000062,274,58,216
207000063,361,158,203
207000064,578,171,407
207000065,376,295,81
207000066,202,251,-49
207000067,55,169,-114
207000068,135,103,32
207000069,790,615,175
207000082,15,378,-363
207000083,140,390,-250
207000084,281,386,-105
207000085,177,16,161
207000086,257,17,240
207000106,45,40,5
207000107,156,32,124
207000108,70,23,47
207000109,61,26,35
207000110,79,121,-42
207000111,111,82,29
207000112,392,777,-385
207000114,23,63,-40
207000115,31,126,-95
207000116,32,500,-468
207000117,14,157,-143
207000118,8,137,-129
207000119,65,136,-71
207000123,249,65,184
207000124,57,51,6
207000125,61,111,-50
207000126,90,94,-4
207000134,44,217,-173
207000135,47,347,-300
207000148,83,364,-281
207000149,74,94,-20
207000152,208,486,-278
207000153,1230,1365,-135
207000154,479,196,283
207000159,165,256,-91
207000160,166,571,-405
207000238,0,233,-233
207000242,12,282,-270
207000248,59,35,24
207000249,218,77,141
207000250,1033,81,952
207000251,125,90,35
207000252,60,101,-41
207000278,89,110,-21
207000279,19,225,-206
207000280,565,112,453
207000281,132,1306,-1174
207000282,313,112,201
207000283,133,329,-196
207000284,145,214,-69
207000285,223,77,146
207000291,26,165,-139
207000304,141,95,46
207000306,77,546,-469
207000310,78,130,-52
207000353,332,3,329
207000356,21,40,-19
207000357,33,15,18
207000358,11,39,-28
207000415,10,253,-243
207000417,57,5,52
207000418,130,214,-84
207000438,0,1,-1
207000439,1176,749,427
207000446,166,1,165
207000460,21,15,6
207000466,320,170,150
207000467,232,148,84
207000468,83,481,-398
207000476,9,107,-98
207000477,609,157,452
207000478,1,28,-27
207000523,0,39,-39
207000524,114,1,113
207000527,146,301,-155
207000530,412,7,405
207000531,433,15,418
207000532,96,27,69
207000534,693,89,604
207000535,47,476,-429
207000537,12,142,-130
207000540,9,326,-317
207000541,8,443,-435
207000548,19,365,-346
207000549,581,22,559
207000561,158,173,-15
207000562,78,247,-169
207000567,274,328,-54
207000568,195,109,86
207000569,361,837,-476
207000584,485,329,156
207000585,100,435,-335
207000587,123,36,87
207000616,0,200,-200
207000617,162,0,162
207000624,72,57,15
207000631,10,108,-98
207900008,239,207,32
208000001,769,970,-201
208000002,993,529,464
208000003,1293,617,676
208000004,1869,986,883
208000005,65,30,35
208000019,702,1332,-630
208000020,259,687,-428
208000021,192,609,-417
208000022,1203,725,478
208000028,1847,1277,570
208000033,511,754,-243
208000034,1355,2001,-646
208000037,539,24,515
208000040,231,205,26
208000041,1067,746,321
208000042,1871,932,939
208000047,187,357,-170
208000064,3313,1935,1378
208000066,2061,2188,-127
208000070,375,478,-103
208000071,329,1050,-721
208000072,386,1494,-1108
208000080,395,562,-167
208000081,514,231,283
208000082,504,409,95
208000083,235,522,-287
208000084,78,12,66
208000085,1704,852,852
208000086,851,1160,-309
208000087,722,940,-218
208000089,939,719,220
208000090,1017,1024,-7
208000093,239,175,64
208000094,616,579,37
208000095,909,470,439
208000104,1009,1236,-227
208000105,1264,1397,-133
208000114,125,317,-192
208000115,542,453,89
208000116,794,1387,-593
208000117,190,208,-18
208000118,130,127,3
208000155,1339,1112,227
208000158,2173,3467,-1294
208000186,4020,4040,-20
208000204,840,1232,-392
208000205,1298,1499,-201
208000282,5704,2762,2942
209000004,385,242,143
209000005,43,36,7
209000006,555,257,298
209000007,592,296,296
209000010,658,168,490
209000011,246,339,-93
209000012,284,258,26
209000013,354,534,-180
209000014,749,1378,-629
209000025,417,66,351
209000026,835,214,621
209000027,529,1112,-583
209000028,447,1033,-586
209000029,1152,1054,98
209000030,848,2047,-1199
209000031,4266,3264,1002
209000034,239,324,-85
209000035,93,211,-118
209000036,285,158,127
209000037,279,316,-37
209000038,93,202,-109
209000039,101,216,-115
209000040,258,643,-385
209000041,186,541,-355
209000042,255,579,-324
209000043,793,1064,-271
209000044,209,928,-719
209000045,1545,531,1014
209000046,583,583,0
209000047,527,257,270
209000048,735,333,402
209000049,106,186,-80
209000050,279,274,5
209000051,350,498,-148
209000052,222,527,-305
209000062,30,147,-117
209000063,70,142,-72
209000064,49,206,-157
209000065,91,46,45
209000066,70,56,14
209000067,80,58,22
209000080,22,268,-246
209000082,82,44,38
209000091,87,141,-54
209000093,75,35,40
209000094,270,211,59
209000110,65,124,-59
209000111,501,1823,-1322
209000112,1076,761,315
209000113,2371,678,1693
209000114,633,471,162
209000115,98,221,-123
209000116,1023,771,252
209000118,91,63,28
209000119,122,22,100
209000121,229,806,-577
209000135,92,177,-85
209000142,745,1773,-1028
209000143,230,133,97
209000144,199,114,85
209000229,312,220,92
209000240,53,518,-465
209000259,131,221,-90
209000260,47,1121,-1074
209000261,6,578,-572
209000262,0,469,-469
209000263,1,155,-154
209000264,1,84,-83
209000265,438,2,436
209000266,107,0,107
209000267,723,9,714
209000268,713,45,668
210000037,76,24,52
210000047,80,31,49
210000048,108,52,56
210000049,44,25,19
210000052,55,100,-45
210000053,48,67,-19
210000054,87,94,-7
210000070,103,3,100
210000071,104,1,103
210000072,68,0,68
210000073,0,48,-48
210000074,0,134,-134
210000075,3,73,-70
210000076,15,200,-185
210000077,172,40,132
210000078,85,51,34
210000079,106,14,92
210000080,279,58,221
210000081,237,29,208
210000082,245,3,242
210000083,169,1,168
210000084,70,0,70
210000085,1,138,-137
210000086,5,192,-187
210000099,56,376,-320
210000100,71,272,-201
210000101,112,367,-255
210000105,81,357,-276
210000159,2,204,-202
210000163,147,299,-152
210000164,446,193,253
210000168,181,33,148
210000187,0,12,-12
210000188,1,29,-28
210000214,37,0,37
210000219,39,71,-32
210000220,85,73,12
210000232,4,14,-10
210000233,20,58,-38
210000234,38,157,-119
210000235,65,124,-59
210000245,1,40,-39
210000246,54,1,53
210000258,12,124,-112
210000259,431,68,363
210000282,117,306,-189
210000285,0,153,-153
210000286,22,295,-273
210000290,4,9,-5
210000295,62,279,-217
210000296,73,80,-7
210000320,155,120,35
210000321,119,92,27
210000338,226,75,151
210000339,450,1545,-1095
210000340,175,527,-352
210000341,329,343,-14
210000342,310,294,16
210000343,364,266,98
210000344,638,183,455
210000345,353,477,-124
210000346,258,253,5
210000347,509,51,458
210000348,419,20,399
210000349,405,18,387
210000350,202,104,98
210000351,173,189,-16
210000352,70,95,-25
210000353,67,156,-89
210000354,161,150,11
210000355,183,119,64
210000356,251,72,179
210000357,180,40,140
210000358,357,152,205
210000359,253,100,153
210000360,293,138,155
210000361,235,174,61
210000362,390,244,146
210000363,914,246,668
210000364,142,164,-22
210000365,190,116,74
210000366,155,71,84
210000367,93,42,51
210000368,173,51,122
210000369,63,12,51
210000370,89,66,23
210000372,136,51,85
210000373,156,26,130
210000374,99,14,85
210000375,50,95,-45
210000376,154,173,-19
210000404,122,214,-92
210000439,39,72,-33
210000472,162,22,140
210000482,112,93,19
210000564,522,288,234
210000567,1,22,-21
210000568,763,21,742
211000092,34,60,-26
211000094,33,14,19
211000169,278,13,265
211000172,11,403,-392
211000209,0,26,-26
211000226,18,30,-12
211000270,24,15,9
211000275,39,17,22
211000276,83,29,54
211000279,86,31,55
211000281,34,41,-7
211000302,16,125,-109
211507980,2,54,-52
211977296,45,3,42
212000003,307,88,219
212000004,225,32,193
212000005,72,33,39
212000006,85,104,-19
212000008,221,221,0
212000009,38,196,-158
212000012,100,109,-9
212000013,35,75,-40
212000014,298,198,100
212000015,382,367,15
212000016,644,729,-85
212000027,453,587,-134
212000028,322,534,-212
212000029,185,446,-261
212000030,27,37,-10
212000031,68,72,-4
212000048,41,192,-151
212000049,33,132,-99
212000050,26,9,17
212000051,237,265,-28
212000052,198,394,-196
212000053,425,814,-389
212000054,140,161,-21
212000055,193,374,-181
212000056,16,70,-54
212000057,30,67,-37
212000058,346,46,300
212000070,129,338,-209
212000077,214,972,-758
212000099,223,319,-96
212000108,408,295,113
212000111,284,173,111
212000120,308,108,200
212000138,288,44,244
212000156,22,178,-156
212000158,18,13,5
212000159,389,82,307
212000160,443,349,94
212000161,104,18,86
212000310,65,27,38
212000311,12,97,-85
212000374,42,12,30
213000001,53,486,-433
213000005,442,195,247
213000006,1252,377,875
213000007,329,14,315
213000009,711,568,143
213000010,178,331,-153
213000011,343,147,196
213000012,106,281,-175
213000014,81,16,65
213000015,249,11,238
213000016,573,2,571
213000017,129,0,129
213000018,14,190,-176
213000019,4,191,-187
213000020,90,407,-317
213000021,7,140,-133
213000023,297,223,74
213000033,325,1731,-1406
213000034,734,411,323
213000035,111,484,-373
213000045,193,308,-115
213000046,267,286,-19
213000047,867,1293,-426
213000056,100,98,2
213000069,270,4,266
213000073,3,35,-32
213000074,104,488,-384
213000075,676,9,667
213000076,94,4,90
213000085,4,40,-36
213000086,20,204,-184
213000091,130,26,104
213000092,88,16,72
213000099,217,1350,-1133
213000100,1498,360,1138
213000101,361,176,185
213000102,438,341,97
213000103,966,1001,-35
213000104,71,441,-370
213000105,3,131,-128
213000106,54,179,-125
213000107,215,666,-451
213000108,44,562,-518
213000109,12,291,-279
213000110,12,91,-79
213000111,23,55,-32
213000112,240,114,126
213000115,49,25,24
213000116,94,850,-756
213000117,14,1251,-1237
213000118,427,425,2
213000119,50,698,-648
213000120,134,645,-511
213000122,275,691,-416
213000123,552,1383,-831
213000124,127,1132,-1005
213000125,107,19,88
213000126,62,135,-73
213000127,196,227,-31
213000128,682,1378,-696
213000129,467,783,-316
213000130,450,405,45
213000132,270,120,150
213000133,428,153,275
213000134,886,28,858
213000136,492,34,458
213000137,603,154,449
213000139,1138,47,1091
213000147,256,22,234
213000148,123,32,91
213000149,79,26,53
213000150,0,151,-151
213000151,2,105,-103
213000152,2,98,-96
213000153,5,92,-87
213000154,36,291,-255
213000155,38,352,-314
213000156,124,883,-759
213000157,991,534,457
213000158,441,1050,-609
213000159,435,817,-382
213000163,600,139,461
213000165,685,291,394
213000171,2,115,-113
213000172,5,359,-354
213000173,2,266,-264
213000174,3,151,-148
213000175,10,89,-79
213000176,25,28,-3
213000177,46,5,41
213000178,96,2,94
213000179,123,2,121
213000180,110,0,110
213000184,135,499,-364
213000188,465,112,353
213000189,293,60,233
213000190,855,839,16
213000191,311,471,-160
213000192,303,503,-200
213000193,1130,191,939
213000194,0,88,-88
213000195,20,560,-540
213000196,348,1236,-888
213000197,324,1181,-857
213000198,157,3,154
213000200,171,1045,-874
213000201,106,33,73
213000202,14,670,-656
213000203,3882,1015,2867
213000204,954,121,833
213000205,255,221,34
213000206,472,131,341
213000207,336,36,300
213000208,321,5,316
213000209,315,8,307
213000210,1150,4,1146
213000211,39,20,19
213000212,98,14,84
213000213,66,39,27
213000218,303,912,-609
213000219,516,16,500
213000220,546,17,529
213000223,395,396,-1
213000224,95,55,40
213000225,172,10,162
213000226,102,19,83
213000227,1009,386,623
213000228,450,207,243
213000229,818,75,743
213000230,972,59,913
213000232,113,909,-796
213000233,8,59,-51
213000234,2,30,-28
213000293,41,66,-25
213000294,467,15,452
213000295,31,81,-50
213000296,61,37,24
213000297,7,116,-109
213000298,24,140,-116
213000299,99,53,46
213000300,13,11,2
213000303,8,30,-22
213000304,5,7,-2
213000305,7,16,-9
213000306,132,48,84
213000307,700,132,568
213000308,124,247,-123
213000309,197,88,109
213000310,393,136,257
213000311,369,746,-377
213000315,114,110,4
213000316,140,119,21
213000322,105,147,-42
213000323,77,88,-11
213000324,23,12,11
213000325,20,71,-51
213000326,14,15,-1
213000327,7,21,-14
213000328,8,147,-139
213000329,74,32,42
213000340,151,727,-576
213000341,500,166,334
213000346,261,230,31
213000347,999,526,473
213000348,16,156,-140
213000349,42,9,33
213000350,298,1513,-1215
213000366,60,441,-381
213000367,198,48,150
213000379,186,114,72
213000386,19,271,-252
213000406,98,476,-378
213000417,1418,651,767
213000425,130,47,83
213000426,104,84,20
213000427,46,349,-303
213000428,27,159,-132
213000429,35,12,23
213000430,141,704,-563
213000431,128,7,121
213000432,1,38,-37
213000433,20,177,-157
213000434,75,175,-100
213000435,68,96,-28
213000436,62,63,-1
213000437,0,10,-10
213000438,107,60,47
213000439,124,28,96
213000440,6,357,-351
213000441,6,0,6
213000442,1,40,-39
213000443,687,451,236
213000444,42,28,14
213000445,0,120,-120
213000446,2,38,-36
213000447,3,65,-62
213000448,14,134,-120
213000449,293,1,292
213000450,15,49,-34
213000451,257,69,188
213000452,19,31,-12
213000453,64,308,-244
213000455,624,1,623
213000456,0,363,-363
213000481,172,7,165
213000482,46,2,44
213000489,535,105,430
213000491,1,263,-262
213000492,1142,6,1136
213000493,0,119,-119
213000494,317,153,164
213000495,0,161,-161
213000496,328,228,100
213000497,61,218,-157
213000498,87,139,-52
213000499,136,614,-478
213000500,357,104,253
213000501,121,32,89
213000502,366,106,260
213000503,2,52,-50
213000504,6,118,-112
213000505,11,18,-7
213000506,0,11,-11
213000507,0,96,-96
213900244,45,0,45
213900245,1,47,-46
218000003,53,18,35
218000004,84,30,54
218000005,115,49,66
218000006,84,47,37
218000007,28,19,9
218000012,374,293,81
218000013,123,215,-92
218000014,470,589,-119
218000019,879,879,0
218000020,334,641,-307
218000021,18,21,-3
218000022,2,9,-7
218000023,0,9,-9
218000024,0,5,-5
218000025,3,5,-2
218000026,1,9,-8
218000027,0,2,-2
218000028,4,2,2
218000029,0,1,-1
218000030,9,9,0
218000031,2,12,-10
218000032,0,3,-3
218000040,21,7,14
218000046,60,161,-101
218000047,20,233,-213
218000048,53,187,-134
218000049,108,176,-68
218000050,402,333,69
218000051,161,327,-166
218000052,0,129,-129
218000053,0,21,-21
218000054,12,33,-21
218000055,12,25,-13
218000056,12,21,-9
218000057,0,50,-50
218000064,1,9,-8
218000065,108,88,20
218000066,32,97,-65
218000067,43,87,-44
218000068,93,84,9
218000069,245,183,62
218000070,257,339,-82
218000071,202,260,-58
218000072,345,350,-5
218000078,885,1303,-418
218000079,87,112,-25
218000080,95,90,5
218000081,251,197,54
218000082,56,138,-82
218000083,54,107,-53
218000084,127,209,-82
218000085,176,451,-275
218000086,65,210,-145
218000087,187,259,-72
218000090,13,402,-389
218000091,1096,678,418
218000092,65,204,-139
218000093,127,97,30
218000094,717,1000,-283
218000099,329,883,-554
218000100,280,363,-83
218000101,691,171,520
218000102,463,331,132
218000103,94,176,-82
218000104,83,53,30
218000105,30,18,12
218000106,20,14,6
218000107,68,110,-42
218000108,10,62,-52
218000112,81,27,54
218000117,46,83,-37
218000134,658,1051,-393
218000135,203,157,46
218000136,253,113,140
218000137,256,164,92
218000138,60,120,-60
218000139,144,406,-262
218000140,285,320,-35
218000141,124,93,31
218000142,209,219,-10
218000143,113,317,-204
218000144,150,104,46
218000145,376,446,-70
218000146,73,171,-98
218000151,16,46,-30
218000152,231,116,115
218000153,0,1,-1
218000154,3,0,3
218000155,2,0,2
218000156,22,3,19
218000157,4,4,0
218000158,4,3,1
218000159,1,0,1
218000160,1,1,0
218000161,2,1,1
218000162,3,0,3
218000163,0,0,0
218000164,0,0,0
218000165,1,1,0
218000170,7,66,-59
218000171,99,14,85
218000172,48,19,29
218000173,88,22,66
218000174,44,9,35
218000176,433,57,376
218000177,313,255,58
218000178,89,283,-194
218000179,105,96,9
218000180,82,30,52
218000181,268,78,190
218000187,9,36,-27
218000188,35,97,-62
218000189,24,70,-46
218000190,13,19,-6
218000191,152,69,83
218000192,263,309,-46
218000193,432,534,-102
218000194,80,434,-354
218000195,110,67,43
218000196,207,366,-159
218000197,248,337,-89
218000198,36,172,-136
218000199,49,46,3
218000200,98,45,53
218000201,17,6,11
218000202,147,394,-247
218000207,15,52,-37
218000208,65,74,-9
218000211,71,22,49
218000212,0,2,-2
218000213,134,49,85
218000214,4,17,-13
218000215,56,83,-27
218000217,4,200,-196
218000218,207,94,113
218000219,76,30,46
218000220,228,331,-103
218000221,1584,221,1363
218000222,107,35,72
218000223,77,454,-377
218000224,18,220,-202
218000225,228,49,179
218000226,165,133,32
218000230,0,7,-7
218000232,47,88,-41
218000239,354,13,341
218000240,33,7,26
218000241,75,0,75
218000242,229,5,224
218000243,225,5,220
218000244,112,10,102
218000245,28,2,26
218000246,9,1,8
218000247,3,1,2
218000248,0,22,-22
218000249,0,2,-2
218000250,12,10,2
218000251,4,27,-23
218000252,6,31,-25
218000253,2,21,-19
218000254,0,22,-22
218000255,4,18,-14
218000256,13,69,-56
218000267,914,1525,-611
218000268,14,70,-56
218000269,4,22,-18
218000270,89,40,49
218000271,39,71,-32
218000273,16,15,1
218000274,17,10,7
218000275,20,66,-46
218000276,9,62,-53
218000278,40,34,6
218000279,78,71,7
218000280,39,53,-14
218000281,23,28,-5
218000282,750,601,149
218000284,132,23,109
218000301,85,129,-44
218000302,137,87,50
218000303,49,88,-39
218000316,808,1726,-918
218000317,1135,1786,-651
218000318,591,1190,-599
218000319,1315,1598,-283
218000320,1152,1138,14
218000338,117,30,87
218000345,143,55,88
218000346,51,184,-133
218000459,51,352,-301
218000490,61,52,9
218000501,140,26,114
218000502,41,169,-128
218000503,140,30,110
218000504,273,39,234
218000505,58,203,-145
218000506,30,277,-247
218000508,13,14,-1
218000510,305,14,291
218000520,123,117,6
218000521,10,56,-46
218000522,0,133,-133
218000523,282,14,268
218000524,52,317,-265
218000525,374,34,340
218000526,26,168,-142
218000529,43,207,-164
218000530,0,0,0
218000531,6,40,-34
218000532,37,39,-2
218000534,146,26,120
218000537,54,94,-40
218000538,192,249,-57
218000540,419,92,327
218000543,127,67,60
218000544,42,104,-62
218000545,63,68,-5
218000546,62,73,-11
218000547,169,153,16
218000548,272,130,142
218000549,547,291,256
218000550,329,383,-54
218000551,235,693,-458
218000552,543,66,477
218000553,58,157,-99
218000554,41,44,-3
218000555,50,51,-1
218000556,203,373,-170
218000557,292,234,58
218000558,160,8,152
218000559,0,43,-43
218000560,1,30,-29
218000561,45,1,44
218000562,32,230,-198
218000563,320,31,289
218000564,10,133,-123
218000565,231,37,194
218000566,316,42,274
218000567,4,115,-111
218000568,58,4,54
218000569,15,133,-118
218000570,161,12,149
218000571,0,171,-171
218000572,189,2,187
218000573,21,139,-118
218000574,153,63,90
218000575,152,2,150
218000576,1,92,-91
218000577,151,7,144
218000578,2,93,-91
218000579,87,22,65
218000581,18,31,-13
218000582,89,3,86
218000583,20,0,20
218000584,2,21,-19
218000585,18,1,17
218000586,3,38,-35
218000587,4,1,3
218000588,1,6,-5
218000589,0,2,-2
218000590,4,0,4
218000591,8,4,4
218000592,42,1,41
218000593,76,1,75
218000594,18,0,18
218000596,4,0,4
218000597,15,1,14
218000598,0,0,0
218000599,11,0,11
218000600,55,0,55
218000601,0,1,-1
218000602,1,20,-19
218000603,0,6,-6
218000604,25,0,25
218000605,2,197,-195
218000606,488,3,485
218000607,6,60,-54
218000608,159,21,138
218000609,5,64,-59
218000610,68,1,67
218000611,21,1,20
218000612,1,29,-28
218000613,50,4,46
218000614,2,33,-31
218000615,226,2,224
218000616,5,132,-127
218000617,34,2,32
218000618,0,21,-21
218000619,137,38,99
218000620,2,16,-14
218000621,1,4,-3
218000622,0,15,-15
218000623,173,0,173
218000624,21,45,-24
218000625,22,2,20
218000626,0,19,-19
218000628,168,60,108
218000631,57,37,20
218000632,0,147,-147
218000633,118,0,118
218000634,14,35,-21
218000635,8,12,-4
218000636,1293,1771,-478
218000637,1006,821,185
218000638,131,55,76
218000639,21,208,-187
218000640,309,36,273
218000641,392,366,26
218000652,117,158,-41
218000653,227,131,96
218000663,14,135,-121
218000675,72,55,17
218000676,1,8,-7
218000677,0,0,0
218000680,273,433,-160
218000681,464,164,300
218000691,136,334,-198
218000693,187,179,8
218000703,0,11,-11
218000718,808,934,-126
218000719,1321,402,919
218000720,16,183,-167
218000721,99,17,82
218000725,2,2,0
218001147,3,264,-261
218001214,32,32,0
218001258,181,12,169
218001329,181,196,-15
218001330,156,115,41
218001351,67,6,61
218001352,18,29,-11
218001353,19,11,8
218001354,15,37,-22
218001355,18,378,-360
218001356,297,19,278
218001357,83,279,-196
218001358,283,20,263
218001361,211,21,190
218001362,1,224,-223
219000001,88,88,0
219000002,69,72,-3
219000003,49,49,0
219000004,66,86,-20
219000017,251,31,220
219000020,175,35,140
219000022,130,8,122
219000023,205,1,204
219000029,0,111,-111
219000034,120,34,86
219000039,160,70,90
219000040,54,31,23
219000041,96,35,61
219000051,0,55,-55
219000052,0,29,-29
219000053,4,176,-172
219000054,25,95,-70
219000055,159,2,157
219000056,61,6,55
219000057,111,5,106
219000062,34,140,-106
219000063,80,7,73
219000064,4,289,-285
219000110,758,48,710
219000111,124,81,43
219000112,197,79,118
219000113,168,107,61
219000114,272,152,120
219000116,100,60,40
219000117,171,112,59
219000118,321,61,260
219000123,405,135,270
219000124,241,60,181
219000125,39,27,12
219000126,142,155,-13
219000127,0,8,-8
219000128,33,131,-98
219000129,40,142,-102
219000130,789,724,65
219000131,823,1010,-187
219000133,96,32,64
219000134,20,18,2
219000135,39,81,-42
219000136,167,248,-81
219000138,56,26,30
219000139,47,65,-18
219000140,47,0,47
219000141,26,140,-114
219000142,11,146,-135
219000143,10,108,-98
219000145,35,93,-58
219000146,3,45,-42
219000147,0,52,-52
219000148,2,45,-43
219000149,14,133,-119
219000150,3,93,-90
219000151,4,53,-49
219000157,231,200,31
219000158,165,333,-168
219000161,186,16,170
219000163,1790,726,1064
219000166,100,215,-115
219000167,132,316,-184
219000168,331,203,128
219000174,398,124,274
219000175,75,4,71
219000176,80,10,70
219000177,55,4,51
219000178,25,3,22
219000179,25,5,20
219000180,55,34,21
219000182,119,36,83
219000183,89,45,44
219000184,118,14,104
219000185,1,72,-71
219000186,54,68,-14
219000187,38,90,-52
219000189,230,218,12
219000190,245,246,-1
219000191,1660,1490,170
219000192,188,137,51
219000193,455,187,268
219000195,3,94,-91
219000196,19,181,-162
219000198,40,261,-221
219000199,105,580,-475
219000200,73,535,-462
219000201,126,384,-258
219000203,85,185,-100
219000204,564,265,299
219000205,144,205,-61
219000207,254,309,-55
219000209,22,105,-83
219000210,108,149,-41
219000213,14,188,-174
219000239,234,399,-165
219000240,340,453,-113
219000241,107,238,-131
219000242,121,243,-122
219000243,190,325,-135
219000244,110,127,-17
219000245,54,71,-17
219000246,94,54,40
219000247,186,71,115
219000248,934,449,485
219000249,221,129,92
219000250,140,149,-9
219000251,644,240,404
219000252,336,226,110
219000253,616,106,510
219000255,193,101,92
219000256,200,95,105
219000257,240,0,240
219000262,212,208,4
219000263,96,264,-168
219000267,5,148,-143
219000268,9,3,6
219000269,4,3,1
219000270,8,0,8
219000271,140,7,133
219000278,2,8,-6
219000279,4,7,-3
219000283,0,41,-41
219000295,5,127,-122
219000296,87,727,-640
219000297,5,168,-163
219000298,14,228,-214
219000299,374,137,237
219000300,43,299,-256
219000301,269,490,-221
219000302,31,291,-260
219000307,82,50,32
219000308,50,36,14
219000311,176,67,109
219000312,672,130,542
219000313,513,73,440
219000314,65,730,-665
219000315,266,96,170
219000316,550,67,483
219000317,122,15,107
219000320,0,71,-71
219000321,0,19,-19
219000323,18,72,-54
219000325,2,26,-24
219000326,78,110,-32
219000327,76,58,18
219000328,27,60,-33
219000329,353,148,205
219000330,65,38,27
219000331,76,36,40
219000332,94,124,-30
219000333,10,6,4
219000335,89,1,88
219000337,41,1,40
219000338,105,0,105
219000344,52,110,-58
219000345,36,107,-71
219000346,66,160,-94
219000348,143,89,54
219000349,46,214,-168
219000350,120,176,-56
219000351,19,9,10
219000352,304,55,249
219000353,122,50,72
219000354,144,137,7
219000355,161,81,80
219000356,1617,1255,362
219000363,293,96,197
219000364,92,56,36
219000365,173,16,157
219000366,279,608,-329
219000368,683,554,129
219000370,1408,483,925
219000371,16,27,-11
219000382,14,25,-11
219000383,980,1111,-131
219000385,937,641,296
219000386,1120,1748,-628
219000387,9,14,-5
219000390,14,0,14
219000391,8,2,6
219000397,58,65,-7
219000398,93,70,23
219000401,6,186,-180
219000402,68,245,-177
219000403,183,461,-278
219000404,27,146,-119
219000407,8,73,-65
219000409,41,90,-49
219000410,251,69,182
219000411,96,27,69
219000446,209,388,-179
219000447,1,38,-37
219000448,95,14,81
219000452,171,103,68
219000453,110,171,-61
219000454,415,318,97
219000556,253,119,134
219000558,803,236,567
219000590,59,175,-116
219000591,76,97,-21
219000592,181,482,-301
219000595,3,24,-21
219000635,227,84,143
219000636,28,135,-107
219000657,18,15,3
219000658,18,55,-37
219000673,0,9,-9
219000676,51,3,48
219000679,88,14,74
219000684,145,4,141
219000685,2,91,-89
219000686,5,2,3
219000688,0,150,-150
219000689,27,373,-346
219000690,184,54,130
219000691,89,255,-166
219000692,180,53,127
219000693,0,28,-28
219000694,8,1,7
219000695,16,4,12
219000698,102,1,101
219000699,0,16,-16
219000727,8,182,-174
219000728,296,5,291
219000770,52,6,46
219000771,3,53,-50
219000788,562,187,375
219001150,4,32,-28
219001151,10,1,9
219001166,42,29,13
219001167,0,155,-155
219001178,60,0,60
220000001,285,98,187
220000002,38,161,-123
220000003,926,281,645
220000004,1021,556,465
220000005,1821,1789,32
220000006,346,1176,-830
220000007,433,816,-383
220000008,449,1193,-744
220000009,328,589,-261
220000010,230,203,27
220000011,889,4316,-3427
220000012,119,525,-406
220000014,203,55,148
220000015,82,166,-84
220000017,44,381,-337
220000018,5672,2816,2856
220000019,132,355,-223
220000020,481,286,195
220000021,603,230,373
220000022,585,567,18
220000023,345,183,162
220000024,1892,560,1332
220000025,1079,998,81
220000026,456,280,176
220000027,88,122,-34
220000028,58,59,-1
220000029,113,203,-90
220000030,174,89,85
220000031,434,413,21
220000064,16,778,-762
221000046,10,1,9
221000047,0,10,-10
221000048,1,2,-1
221000049,1,23,-22
221000050,33,0,33
221000055,69,66,3
221000057,59,17,42
221000068,291,179,112
221000069,294,86,208
221000070,236,35,201
221000071,85,15,70
221000072,258,28,230
221000073,259,95,164
221000074,5,30,-25
221000075,41,25,16
221000076,20,55,-35
221000077,27,129,-102
221000081,39,17,22
221000082,44,9,35
221000083,60,6,54
221000084,7,5,2
221000085,48,83,-35
221000086,19,152,-133
221000087,7,227,-220
221000088,20,222,-202
221000089,47,337,-290
221000090,174,597,-423
221000098,107,24,83
221000099,191,26,165
221000100,116,4,112
221000101,295,44,251
221000102,148,21,127
221000109,12,133,-121
221000110,19,137,-118
221000111,28,248,-220
221000112,22,204,-182
221000113,16,200,-184
221000114,23,216,-193
221000120,66,37,29
221000121,3,34,-31
221000122,64,31,33
221000123,42,38,4
221000124,63,230,-167
221000155,85,15,70
221000156,87,33,54
221000175,16,14,2
221000176,7,3,4
221000182,52,16,36
221000241,733,349,384
221000242,242,583,-341
221000243,787,184,603
221000244,354,713,-359
221000245,200,149,51
221000246,64,379,-315
221000247,108,196,-88
221000248,145,247,-102
221000267,71,780,-709
221000325,101,70,31
221000331,54,102,-48
221000338,4,31,-27
221000378,265,57,208
221000381,54,97,-43
222000282,15,2,13
222000296,5,30,-25
222000568,346,22,324
222000569,198,21,177
222000570,178,11,167
222000571,260,7,253
222000577,13,269,-256
222000578,26,239,-213
222000579,29,186,-157
222000580,116,1181,-1065
222000599,1,211,-210
222000600,3,413,-410
222000601,10,1200,-1190
222000603,42,22,20
222000604,9,44,-35
222000605,17,36,-19
222000606,11,20,-9
222000607,12,3,9
222000608,26,6,20
222000609,44,394,-350
222000616,224,52,172
222000617,17,15,2
222000618,11,6,5
222000620,34,13,21
222000621,102,7,95
222000623,822,9,813
222000624,324,3,321
222000625,511,46,465
222000636,57,5,52
222000686,27,19,8
222000687,76,25,51
222001066,235,2,233
222001067,10,5,5
222001068,35,24,11
222001069,36,30,6
222001082,3,57,-54
222001083,10,72,-62
222001084,0,56,-56
222001085,0,143,-143
222001111,66,160,-94
222001112,130,29,101
222001313,76,4,72
222001314,5,140,-135
222001464,152,71,81
222001465,37,202,-165
222001484,122,60,62
222001485,32,58,-26
222001494,342,208,134
222001495,96,443,-347
222001496,392,220,172
222001497,188,669,-481
222001502,16,111,-95
222001503,93,68,25
222001504,19,289,-270
222001505,349,29,320
222001506,45,416,-371
222001507,286,19,267
222001510,344,29,315
222001511,43,380,-337
222001514,617,180,437
222001515,278,716,-438
222001518,267,60,207
222001519,74,267,-193
222001527,270,109,161
222001528,74,215,-141
222001529,214,54,160
222001530,36,230,-194
222001533,144,351,-207
222001534,250,127,123
222001535,299,261,38
222001536,377,350,27
222001537,256,49,207
222001538,72,533,-461
222001563,533,93,440
222001564,69,736,-667
222001568,516,138,378
222001576,0,2,-2
222001579,2,12,-10
222001583,25,259,-234
222001584,72,45,27
222001596,900,1470,-570
222001597,2214,303,1911
222001626,0,257,-257
222001650,81,108,-27
222001651,120,141,-21
222001914,202,74,128
222001915,84,224,-140
222001968,571,396,175
222001969,695,1021,-326
222001970,159,240,-81
222001971,18,16,2
222001972,1,29,-28
225000001,505,346,159
225000002,1475,246,1229
225000003,625,169,456
225000004,363,417,-54
225000005,67,93,-26
225000006,0,235,-235
225000007,2896,1979,917
225000010,395,14,381
225000011,605,1514,-909
225000012,220,724,-504
225000013,164,184,-20
225000014,1896,97,1799
225000015,98,179,-81
225000021,775,485,290
225000027,365,748,-383
225000032,664,262,402
225000042,182,992,-810
225000049,121,101,20
225000050,121,29,92
225000053,7,349,-342
225000058,972,151,821
225000067,328,189,139
225000068,219,470,-251
225000069,179,561,-382
225000070,76,568,-492
225000071,50,258,-208
225000075,44,1877,-1833
225000076,172,156,16
225000078,57,96,-39
225000085,48,160,-112
225000086,256,108,148
225000087,251,35,216
225000088,9,311,-302
225000089,492,1220,-728
225000090,65,459,-394
225000091,193,248,-55
225000092,59,112,-53
225000093,337,412,-75
225000094,22,397,-375
225000095,402,621,-219
225000096,430,603,-173
225000098,687,383,304
225000099,410,304,106
225000100,356,259,97
225000104,143,622,-479
225000110,35,521,-486
225000111,383,1363,-980
225000112,673,1436,-763
225000113,329,715,-386
225000114,97,336,-239
225000115,2764,910,1854
225000116,1187,438,749
225000117,970,399,571
225000118,950,377,573
225000119,262,196,66
225000120,1014,185,829
225000121,253,71,182
225000123,1335,54,1281
225000125,470,310,160
225000126,1290,305,985
225000127,1026,1843,-817
225000128,550,971,-421
225000132,291,74,217
225000133,213,58,155
225000134,650,194,456
225000135,73,3,70
225000136,232,31,201
225000137,354,73,281
225000138,459,73,386
225000143,74,300,-226
225000144,1,421,-420
225000145,241,85,156
225000146,96,139,-43
225000147,32,366,-334
225000148,16,286,-270
225000149,103,561,-458
225000151,38,354,-316
225000155,491,752,-261
225000156,288,1132,-844
225000157,391,531,-140
225000158,117,394,-277
225000171,1,234,-233
225000180,40,1,39
225000181,0,55,-55
225000182,130,53,77
225000185,17,489,-472
225000187,120,419,-299
225000191,164,4,160
225000194,0,19,-19
225000208,1,89,-88
225000209,118,34,84
225000210,8,391,-383
225000217,1,22,-21
225000218,34,3,31
225000223,1,80,-79
225000224,552,2,550
225000225,2,210,-208
225000226,116,8,108
225000227,59,210,-151
225000228,13,114,-101
225000229,2,128,-126
225000230,410,1,409
225000231,1,154,-153
225000232,559,0,559
225000241,336,2,334
225000242,1,71,-70
225000249,22,1,21
225000250,30,1203,-1173
225000251,427,34,393
226000042,607,532,75
226000043,94,332,-238
226000044,315,789,-474
226000045,127,504,-377
226000046,485,110,375
226000047,418,140,278
226000048,636,148,488
226000049,269,263,6
226000070,0,64,-64
226000071,0,70,-70
226000072,0,13,-13
226000073,0,19,-19
226000074,0,11,-11
226000084,14,72,-58
226000085,5,15,-10
226000086,3,19,-16
226000087,7,18,-11
226000088,53,7,46
226000090,219,145,74
226000091,9,26,-17
226000092,12,4,8
226000093,57,2,55
226000094,73,2,71
226000095,315,5,310
226000105,19,0,19
226000106,13,0,13
226000107,11,0,11
226000108,90,0,90
226000109,79,3,76
226000124,147,103,44
226000134,563,581,-18
226000135,1228,781,447
226000136,427,466,-39
226000137,6,678,-672
226000138,12,476,-464
226000139,5,22,-17
226000156,197,3,194
226000157,360,10,350
226000163,143,47,96
226000202,14,491,-477
226000231,421,15,406
226000232,71,10,61
227000033,269,121,148
227000036,295,45,250
227000037,217,27,190
227000038,300,40,260
227000049,1,66,-65
227000050,4,93,-89
227000055,206,0,206
227000056,66,0,66
227000084,16,88,-72
227000085,1,44,-43
227000088,131,3,128
227000089,167,5,162
227000090,99,0,99
227000091,33,2,31
227000093,186,0,186
227000094,32,0,32
227000130,51,64,-13
227000131,28,281,-253
227000132,46,264,-218
227000133,20,221,-201
227000134,29,379,-350
227000152,0,7,-7
227000153,0,65,-65
227000155,5,21,-16
227000156,0,28,-28
227000165,2,41,-39
227000196,228,266,-38
227000199,226,618,-392
227000230,21,665,-644
227000232,734,35,699
227000242,57,553,-496
227000243,324,83,241
227000245,36,400,-364
227000246,102,626,-524
227000247,307,125,182
227000248,422,28,394
227000249,48,296,-248
227000250,745,217,528
227000251,214,319,-105
227000252,23,438,-415
227000253,97,23,74
227000262,235,47,188
227000266,1128,18,1110
227000267,33,2286,-2253
227000282,8,304,-296
227000284,491,17,474
227000286,5,87,-82
227000287,18,138,-120
227000291,25,621,-596
227000484,496,24,472
227000485,28,1181,-1153
227000655,160,22,138
227000656,558,25,533
227000657,113,18,95
227000661,501,34,467
227000680,366,56,310
229000265,36,60,-24
229000296,15,34,-19
229000297,3,42,-39
229000298,4,192,-188
229000320,11,9,2
229000321,89,6,83
229000412,19,49,-30
229000414,11,88,-77
229000415,42,1,41
229000416,1,4,-3
229000417,1,11,-10
229000419,107,293,-186
229000440,387,71,316
229000442,19,3,16
229000443,7,5,2
229000444,39,28,11
229000445,74,6,68
229000446,58,30,28
229000491,2,6,-4
229000492,6,52,-46
229000493,3,51,-48
229000494,0,0,0
229000495,6,0,6
229000496,1,0,1
229000507,0,25,-25
229000508,0,17,-17
229000509,0,13,-13
229000510,1,21,-20
229000511,1,17,-16
229000512,1,13,-12
229000513,0,3,-3
229000514,1,2,-1
229000517,1,1,0
229000518,3,15,-12
229000519,0,6,-6
229000520,7,14,-7
229000521,0,1,-1
229000522,2,0,2
229000523,1,0,1
229000524,0,0,0
229000527,0,0,0
229000528,0,0,0
229000529,0,0,0
229000530,2,0,2
229000531,0,0,0
229000532,0,0,0
229000533,0,0,0
229000534,0,0,0
229000564,0,0,0
229000565,0,0,0
229000566,0,10,-10
229000567,0,23,-23
229000582,0,0,0
229000583,0,0,0
229000584,0,10,-10
229000585,4,41,-37
229000718,0,1,-1
229000719,0,1,-1
229000720,0,3,-3
229000721,0,4,-4
229000722,0,6,-6
229000723,0,2,-2
229000724,0,0,0
229000725,0,0,0
229000738,0,0,0
229000739,0,0,0
229000740,0,0,0
229000741,0,0,0
229000742,0,0,0
229000743,0,0,0
229000744,0,0,0
229000745,0,0,0
229000746,0,0,0
229000847,33,2,31
229000848,18,0,18
229000849,133,1,132
229000851,23,0,23
229000854,2,44,-42
229000856,1,137,-136
229000857,0,40,-40
229000858,0,76,-76
229000919,23,137,-114
229000930,3,339,-336
229000937,134,27,107
229000966,59,26,33
229000981,23,89,-66
229000985,1,45,-44
229000986,3,12,-9
229000987,1,2,-1
229000988,7,7,0
229000989,22,8,14
229000990,8,1,7
229000991,2,3,-1
229000992,9,15,-6
229000993,179,27,152
229000998,13,102,-89
229000999,70,18,52
229001034,3,20,-17
229001035,24,0,24
229001037,49,14,35
229001042,7,17,-10
229001047,2,53,-51
229001050,50,67,-17
229001168,0,13,-13
229001200,14,2,12
229001338,2,37,-35
229001394,218,20,198
229001422,115,27,88
229001423,25,234,-209
229001431,105,75,30
229001432,89,114,-25
229001444,155,74,81
229001445,61,235,-174
229001479,0,0,0
229001503,186,147,39
229001504,142,336,-194
229001505,139,60,79
229001506,77,281,-204
229001509,58,44,14
229001545,121,10,111
229001546,14,120,-106
229001553,73,12,61
229001554,30,136,-106
229001559,2,39,-37
229001560,2,32,-30
229001630,84,4,80
229001631,28,36,-8
229001635,1,7,-6
229001636,0,1,-1
229001658,0,141,-141
229001659,68,3,65
229001660,6,7,-1
229001661,19,24,-5
229001662,94,0,94
229001663,0,25,-25
229002584,182,182,0
229002831,253,188,65
229002841,8,18,-10
229002842,35,15,20
229002843,126,22,104
229002844,105,49,56
229002845,27,55,-28
229002846,48,14,34
229002847,24,7,17
229002848,13,10,3
229002849,34,71,-37
229002850,13,3,10
229002851,60,73,-13
229002852,180,20,160
229002853,143,37,106
229002854,88,52,36
229002855,22,29,-7
229002856,197,16,181
229002857,53,41,12
229002858,34,10,24
229002859,49,22,27
229002860,190,7,183
229002861,77,47,30
229002862,37,25,12
229002863,41,12,29
229002864,50,37,13
229002865,13,6,7
229002866,16,17,-1
229002867,13,35,-22
229002868,58,12,46
229002869,23,153,-130
229002870,38,10,28
235000066,466,144,322
235000067,146,157,-11
235000072,47,77,-30
235000073,85,397,-312
235000074,79,86,-7
235000080,48,75,-27
235000081,105,158,-53
235000082,205,106,99
235000083,184,113,71
235000084,52,68,-16
235000085,82,82,0
235000089,53,52,1
235000092,53,234,-181
235000093,12,4,8
235000097,3,13,-10
235000098,56,8,48
235000099,50,29,21
235000116,92,26,66
235000117,1115,34,1081
235000133,9,495,-486
235000134,8,177,-169
235000206,5,6,-1
235000207,4,5,-1
235000208,7,3,4
235000209,14,5,9
235000210,9,1,8
235000212,7,31,-24
235000213,1,11,-10
235000220,1,8,-7
235000221,79,15,64
235000238,11,67,-56
235000239,2,18,-16
235000242,338,520,-182
235000245,928,238,690
235000246,25,79,-54
235000284,7,145,-138
235000295,202,23,179
235000305,368,46,322
235000306,157,22,135
235000307,24,9,15
235000308,43,1,42
235000309,93,1,92
235000310,28,1,27
235000311,212,121,91
235000322,0,41,-41
235000323,2,51,-49
235000324,1,20,-19
235000325,2,8,-6
235000326,10,265,-255
235000351,1,102,-101
235000352,19,39,-20
235000353,4,21,-17
235000354,1,44,-43
235000355,18,49,-31
235000356,99,20,79
235000357,34,4,30
235000358,112,10,102
235000359,11,4,7
235000360,90,7,83
235000361,87,2,85
235000381,98,313,-215
235000382,126,58,68
235000390,9,4,5
235000391,112,22,90
235000392,127,300,-173
235000393,104,159,-55
235000395,117,66,51
235000396,410,121,289
235000400,103,129,-26
235000401,42,222,-180
235000405,137,314,-177
235000406,49,305,-256
235000407,112,133,-21
235000409,271,202,69
235000410,33,280,-247
235000411,2,89,-87
235000485,0,9,-9
235000486,21,0,21
235000549,158,118,40
235000550,70,171,-101
235000599,103,55,48
235000600,24,10,14
235000601,14,50,-36
235000602,88,128,-40
235000614,0,2,-2
235000648,0,28,-28
235000649,67,4,63
235000685,2,3,-1
235000815,14,31,-17
235000834,0,23,-23
235000855,73,77,-4
235000862,79,224,-145
235000891,0,4,-4
235000892,42,6,36
235000901,122,120,2
235000907,11,17,-6
235001010,69,82,-13
235001029,538,484,54
235001030,376,347,29
235001078,100,130,-30
235001079,156,143,13
235001147,42,66,-24
235001166,28,73,-45
235001167,40,65,-25
235001169,30,306,-276
235001188,5,10,-5
235001189,0,2,-2
235001197,10,35,-25
235001200,46,36,10
235001207,438,55,383
235001210,119,318,-199
235001215,32,256,-224
235001239,4,84,-80
235001244,0,16,-16
235016267,1,171,-170
277101746,0,0,0
277102712,0,0,0
277103813,0,0,0
277103814,0,0,0
277103898,0,0,0
277104249,0,0,0
277104250,0,11,-11
277104251,0,7,-7
277104252,0,10,-10
990011530,0,247,-247
990014944,4,528,-524
990015176,101,1,100
990015618,1,139,-138
990016032,0,431,-431
990032570,0,72,-72
990070001,176,54,122
990070103,0,2,-2
990070601,0,46,-46
990070751,537,1,536
990070766,1,712,-711
990071180,588,266,322
990071343,30,1,29
990071387,0,13,-13
990071823,466,3,463
990072600,10,829,-819
990072964,0,401,-401
990073285,1,5,-4
990074393,3,957,-954
990074870,1125,46,1079
990075106,1174,9,1165
990075746,477,5,472
990076437,905,7,898
990076458,2,895,-893
997000007,689,7,682
997000041,1,151,-150
997000058,26,1,25
997000062,78,1,77
997000069,0,8,-8
997000070,0,28,-28
997000100,19,0,19
997000141,0,579,-579
997000198,440,872,-432
998000475,0,37,-37
998000736,0,199,-199
998000965,0,27,-27
998001031,0,74,-74
998001700,1,30,-29
998001899,0,1,-1
998001900,10,0,10
998003073,1161,1,1160
998101900,0,0,0
998102850,2,134,-132
998501927,1042,556,486
998501929,95,5,90
998501930,50,0,50
998501931,251,107,144
998501932,7,0,7
998501933,56,0,56
998501937,13,2,11
998501944,0,0,0
998501950,0,5,-5
998501970,39,1,38
998501971,1,92,-91
998501973,0,73,-73
998501974,2,292,-290
998501975,716,4,712
998501976,212,0,212
998501977,0,23,-23
998501978,53,1,52
998501979,0,14,-14
998501980,80,1,79
998501981,13,2,11
998501982,0,81,-81
998501983,0,2,-2
998502006,0,0,0
998502024,0,7,-7
998502032,0,3,-3
998502062,35,3,32
998502063,0,0,0
998502173,31,2,29
998502269,0,1,-1
998502546,3,195,-192
998502578,2,16,-14
998502599,263,396,-133
998502621,0,0,0
998601159,0,228,-228
998601292,0,29,-29
999033574,0,778,-778
999800001,39,4,35
999800002,2,5,-3
999800003,2,2,0
999800004,0,5,-5
999800005,0,12,-12
