ID,insum,outsum,diff
100000001,518,313,205
100000002,969,466,503
100000003,4876,1248,3628
100000004,1416,463,953
100000005,1234,1505,-271
100000006,165,71,94
100000007,522,207,315
100000008,72,373,-301
100000009,125,93,32
100000010,19,22,-3
100000011,358,46,312
100000012,23,505,-482
100000013,8,114,-106
100000014,170,233,-63
100000015,791,576,215
100000016,743,969,-226
100000017,401,725,-324
100000018,844,300,544
100000019,3924,1168,2756
100000020,1268,1581,-313
100000021,4867,1257,3610
100000022,1003,558,445
100000023,4739,543,4196
100000025,2129,251,1878
100000028,1323,500,823
100000029,179,137,42
100000030,469,21,448
100000031,3309,2523,786
100000032,2187,1755,432
100000033,505,1068,-563
100000034,604,192,412
100000035,1063,395,668
100000036,1894,501,1393
100000037,182,282,-100
100000038,640,454,186
100000039,324,109,215
100000040,80,63,17
100000041,250,187,63
100000042,299,164,135
100000043,399,176,223
100000044,417,524,-107
100000045,361,986,-625
100000046,416,937,-521
100000047,156,533,-377
100000048,237,453,-216
100000049,1049,1836,-787
100000051,226,887,-661
100000053,16,5,11
100000054,61,15,46
100000055,274,149,125
100000056,155,375,-220
100000057,965,570,395
100000058,587,1018,-431
100000059,0,63,-63
100000060,199,188,11
100000061,878,332,546
100000062,843,330,513
100000063,281,152,129
100000064,475,255,220
100000065,250,707,-457
100000066,128,681,-553
100000067,368,661,-293
100000068,371,1099,-728
100000069,172,1280,-1108
100000072,293,761,-468
100000073,739,734,5
100000075,348,209,139
100000076,1236,987,249
100000077,445,81,364
100000078,78,25,53
100000079,19,22,-3
100000080,3,6,-3
100000081,24,24,0
100000102,1482,806,676
100000103,2581,420,2161
100000104,3472,693,2779
100000105,3648,275,3373
100000106,1822,756,1066
100000107,365,201,164
100000108,634,728,-94
100000109,2393,770,1623
100000116,868,276,592
100000117,15,22,-7
100000118,951,458,493
100000119,366,308,58
100000121,121,492,-371
100000122,463,468,-5
100000123,2806,2556,250
100000124,6049,3082,2967
100000125,2538,531,2007
100000126,490,167,323
100000127,1196,285,911
100000128,725,598,127
100000129,359,231,128
100000130,249,439,-190
100000131,3136,1555,1581
100000132,1525,862,663
100000133,7401,1913,5488
100000135,260,388,-128
100000139,126,148,-22
100000140,154,199,-45
100000142,290,414,-124
100000143,1370,859,511
100000144,2970,768,2202
100000147,613,1313,-700
100000150,10,282,-272
100000151,325,260,65
100000153,142,123,19
100000154,73,40,33
100000155,3,21,-18
100000156,39,60,-21
100000157,43,123,-80
100000158,55,75,-20
100000159,240,302,-62
100000165,818,534,284
100000169,518,191,327
100000174,1301,250,1051
100000179,96,425,-329
100000180,503,723,-220
100000181,160,181,-21
100000188,43,225,-182
100000189,271,162,109
100000190,248,215,33
100000191,277,250,27
100000192,117,43,74
100000193,63,101,-38
100000330,1696,335,1361
100000355,104,346,-242
100000362,3480,2202,1278
100000363,1293,2222,-929
100000364,247,110,137
100000365,2359,3413,-1054
100000366,2901,1439,1462
100000367,1778,2384,-606
100000368,1292,1345,-53
100000369,513,684,-171
100000370,76,215,-139
100000376,39,64,-25
100000379,1642,665,977
100000380,2275,1092,1183
100000384,4334,1339,2995
100000385,4428,1889,2539
100000386,7233,1790,5443
100000387,6295,1992,4303
100000388,10456,1892,8564
100000389,9082,2029,7053
100000390,9868,1707,8161
100000391,5761,2094,3667
100000392,2380,643,1737
100000393,817,855,-38
100000394,4213,1680,2533
100000395,1989,660,1329
100000396,3438,974,2464
100000397,1817,1059,758
100000398,8167,5586,2581
100000413,13,6,7
100900002,0,56,-56
100900003,168,38,130
100900004,8,549,-541
100900005,118,4,114
100900006,0,173,-173
100900007,195,1,194
100900008,2,347,-345
100900009,5,13,-8
100900010,14,120,-106
100900011,18,261,-243
100900012,1,167,-166
100900013,169,8,161
100900014,6,4,2
100900015,62,66,-4
100900016,2,23,-21
100900017,247,23,224
100900018,0,4,-4
100900019,15,22,-7
100900020,86,0,86
100900021,290,0,290
100900022,0,5,-5
100900023,0,7,-7
100900024,546,2,544
100900025,19,6,13
100900026,31,104,-73
100900027,353,1117,-764
100900028,63,76,-13
100900029,51,3,48
100900030,5,7,-2
100900031,141,43,98
100900032,105,0,105
100900033,129,59,70
100900034,158,1,157
100900035,391,0,391
100900036,15,0,15
100900037,15,195,-180
100900038,25,10,15
100900039,332,447,-115
100900040,137,668,-531
100900041,195,796,-601
100900042,170,220,-50
100900043,0,10,-10
100900044,2000,155,1845
100900045,21,0,21
100900046,422,4,418
100900047,645,77,568
100900048,20,11,9
100900049,16,171,-155
100900050,0,28,-28
100900051,58,34,24
100900052,40,6,34
100900053,97,11,86
100900054,9,82,-73
100900055,109,205,-96
100900056,33,163,-130
100900057,302,195,107
100900058,74,16,58
100900059,30,0,30
100900060,38,8,30
100900061,221,143,78
100900062,1,35,-34
100900063,77,202,-125
100900064,263,7,256
100900065,52,38,14
100900066,16,31,-15
100900067,5,8,-3
100900068,16,66,-50
100900069,199,0,199
100900070,63,7,56
100900071,424,139,285
100900072,0,35,-35
100900073,43,389,-346
100900074,0,5,-5
100900075,1824,145,1679
100900076,12,11,1
100900077,1,98,-97
100900078,26,72,-46
100900079,2,31,-29
100900080,4,110,-106
100900081,6,16,-10
100900082,34,699,-665
100900083,2,24,-22
100900085,1,41,-40
100900086,74,218,-144
100900088,20,552,-532
100900089,1,16,-15
100900090,61,244,-183
100900091,0,14,-14
100900092,69,72,-3
100900093,81,105,-24
100900094,37,523,-486
100900095,1,11,-10
100900096,33,56,-23
100900097,2,3,-1
100900098,2,41,-39
100900099,30,380,-350
100900100,6,130,-124
100900101,229,13,216
100900102,2,6,-4
100900103,1,14,-13
100900104,7,82,-75
100900105,5,45,-40
100900106,21,4,17
100900107,1128,316,812
100900108,1,1,0
100900109,13,14,-1
100900110,0,33,-33
100900111,47,67,-20
100900112,0,3,-3
100900113,5,11,-6
100900114,4,18,-14
100900115,0,20,-20
100900116,435,187,248
100900117,132,297,-165
100900118,4,27,-23
100900119,7,9,-2
100900120,0,10,-10
100900121,143,133,10
100900122,91,111,-20
100900123,39,32,7
100900124,0,8,-8
100900125,10,62,-52
100900126,35,115,-80
100900127,0,2,-2
100900128,40,57,-17
100900129,1,62,-61
100900131,12,73,-61
100900133,5,18,-13
100900134,1,5,-4
100900135,0,67,-67
100900137,240,125,115
100900138,239,140,99
100900139,1,4,-3
100900140,3,620,-617
100900141,0,174,-174
100900142,0,3,-3
100900143,712,189,523
100900144,12,0,12
100900145,7,55,-48
100900146,23,17,6
100900147,2,116,-114
100900148,27,690,-663
100900149,6,46,-40
100900150,3,13,-10
100900151,50,384,-334
100900152,86,2,84
100900153,0,78,-78
100900154,2,14,-12
100900155,0,1,-1
100900156,13,5,8
100900157,0,64,-64
100900159,1,4,-3
100900160,2,3,-1
100900161,99,0,99
100900162,0,88,-88
100900163,81,174,-93
100900164,5,21,-16
100900165,40,59,-19
100900166,21,1,20
100900167,28,65,-37
100900168,9,81,-72
100900169,137,845,-708
100900170,9,5,4
100900171,14,589,-575
100900172,0,10,-10
100900173,5,434,-429
100900174,124,33,91
100900176,869,29,840
100900177,694,103,591
100900178,164,81,83
100900179,36,15,21
100900180,0,0,0
100900181,53,9,44
100900182,10,8,2
100900184,2,90,-88
100900186,671,329,342
100900187,2,130,-128
100900188,20,8,12
100900189,431,91,340
100900191,686,429,257
100900192,170,104,66
100900195,38,105,-67
100900197,5,102,-97
100900198,14,149,-135
100900199,6,9,-3
100900200,449,224,225
100900201,13,618,-605
100900202,2,0,2
100900203,0,36,-36
100900204,101,44,57
100900205,64,182,-118
100900206,29,16,13
100900207,85,33,52
100900210,33,693,-660
100900211,128,27,101
100900213,12,10,2
100900214,491,33,458
100900215,1,18,-17
100900217,63,14,49
101000001,3430,1681,1749
101000002,2321,1792,529
101000003,498,885,-387
101000004,6858,4079,2779
101000005,3687,3006,681
101000006,5764,3895,1869
101000007,1472,1688,-216
101000008,2454,1697,757
101000009,893,1590,-697
101000010,506,1096,-590
101000011,1465,354,1111
101000012,1392,267,1125
101000013,381,494,-113
101000014,298,318,-20
101000015,624,535,89
101000016,246,163,83
101000017,345,307,38
101000018,3199,1615,1584
101000020,3070,645,2425
101000021,754,131,623
101000022,259,32,227
101000023,1367,520,847
101000025,114,160,-46
101000026,366,17,349
101000027,927,958,-31
101000028,599,82,517
101000029,15,453,-438
101000030,395,48,347
101000031,157,45,112
101000032,3050,1230,1820
101000033,1810,1163,647
101000034,2069,593,1476
101000035,844,163,681
101000036,1315,203,1112
101000037,4089,635,3454
101000039,2781,623,2158
101000040,3019,1439,1580
101000041,5798,1484,4314
101000042,393,259,134
101000043,4880,1173,3707
101000045,780,190,590
101000046,1092,537,555
101000047,659,640,19
101000048,410,526,-116
101000049,502,376,126
101000050,1239,259,980
101000051,2203,489,1714
101000052,1282,289,993
101000053,796,1051,-255
101000054,1097,1278,-181
101000055,1081,549,532
101000056,31,34,-3
101000057,1897,272,1625
101000058,1412,450,962
101000059,2606,886,1720
101000060,1488,131,1357
101000061,986,456,530
101000062,1243,209,1034
101000063,347,220,127
101000064,898,193,705
101000065,121,179,-58
101000066,281,142,139
101000067,479,165,314
101000068,200,123,77
101000069,186,24,162
101000070,1246,418,828
101000071,1326,392,934
101000072,772,1854,-1082
101000073,516,363,153
101000074,3114,1532,1582
101000075,4924,1845,3079
101000077,706,821,-115
101000078,744,1193,-449
101000079,245,535,-290
101000080,375,352,23
101000081,838,793,45
101000082,2578,1750,828
101000083,1266,1030,236
101000084,955,931,24
101000085,1078,690,388
101000086,984,717,267
101000087,683,928,-245
101000088,552,667,-115
101000089,585,928,-343
101000090,1865,1221,644
101000091,277,1531,-1254
101000092,626,843,-217
101000093,968,595,373
101000094,368,851,-483
101000095,139,652,-513
101000096,140,459,-319
101000097,165,181,-16
101000098,206,425,-219
101000099,751,679,72
101000100,642,359,283
101000101,228,235,-7
101000102,526,155,371
101000103,563,252,311
101000104,122,246,-124
101000105,568,99,469
101000106,357,328,29
101000107,89,198,-109
101000108,986,255,731
101000109,110,46,64
101000110,30,482,-452
101000111,74,147,-73
101000113,84,266,-182
101000114,1381,850,531
101000115,85,119,-34
101000116,51,109,-58
101000117,148,298,-150
101000119,159,21,138
101000120,188,10,178
101000121,71,6,65
101000122,82,40,42
101000123,37,17,20
101000124,184,212,-28
101000125,118,302,-184
101000128,697,283,414
101000130,201,137,64
101000131,305,566,-261
101000132,231,1164,-933
101000135,50,10,40
101000136,157,42,115
101000137,12,107,-95
101000141,1701,854,847
101000147,524,480,44
101000148,2139,17,2122
101000149,47,26,21
101000150,16,830,-814
101000151,50,55,-5
101000152,184,225,-41
101000153,398,304,94
101000154,89,1407,-1318
101000155,88,87,1
101000156,13,207,-194
101000157,34,20,14
101000160,29,78,-49
101000163,80,77,3
101000164,433,240,193
101000165,110,195,-85
101000166,157,235,-78
101000168,508,216,292
101000252,832,435,397
101000254,230,17,213
101000258,41,5,36
101000261,78,78,0
101000262,410,770,-360
101000263,81,366,-285
101000265,38,403,-365
101000266,191,133,58
101000269,94,8,86
101000290,1263,1092,171
101000293,8,82,-74
101000294,340,332,8
101000295,112,382,-270
101000301,522,85,437
101000304,1306,1698,-392
101000305,1730,1231,499
101000328,45,201,-156
101900001,11,67,-56
101900002,0,26,-26
101900003,53,73,-20
101900004,4,33,-29
101900005,4022,537,3485
101900006,491,11,480
101900007,281,18,263
101900008,87,135,-48
101900009,26,214,-188
101900010,808,299,509
101900011,155,699,-544
101900012,78,128,-50
101900013,896,71,825
101900017,22,63,-41
101900018,1585,83,1502
101900019,101,38,63
101900020,52,59,-7
101900021,0,19,-19
101900022,24,1000,-976
101900023,18,166,-148
101900026,39,29,10
101900027,0,83,-83
102000001,1451,2348,-897
102000002,2018,874,1144
102000003,2477,2474,3
102000004,6182,1475,4707
102000005,1106,1471,-365
102000006,1509,946,563
102000007,1057,2502,-1445
102000008,5363,1231,4132
102000009,4194,4857,-663
102000010,5162,2394,2768
102000011,1599,1488,111
102000012,2122,2182,-60
102000018,2616,1490,1126
102000019,1987,889,1098
102000026,162,345,-183
102000029,360,149,211
102000030,37,164,-127
102000031,16,159,-143
102000032,142,276,-134
102000033,72,290,-218
102000034,339,242,97
102000035,669,353,316
102000036,0,125,-125
102000037,100,35,65
102000038,85,84,1
102000039,103,37,66
102000040,404,23,381
102000041,94,157,-63
102000042,110,45,65
102000043,195,108,87
102000044,192,373,-181
102000045,406,674,-268
102000046,517,275,242
102000047,427,858,-431
102000048,108,530,-422
102000049,567,332,235
102000050,749,784,-35
102000051,220,371,-151
102000052,688,639,49
102000053,347,524,-177
102000054,195,588,-393
102000055,525,837,-312
102000056,441,947,-506
102000057,999,381,618
102000058,727,1478,-751
102000059,806,972,-166
102000060,863,609,254
102000061,708,1814,-1106
102000062,594,932,-338
102000063,802,971,-169
102000064,334,417,-83
102000065,19,101,-82
102000066,889,729,160
102000067,1626,1938,-312
102000068,6925,1868,5057
102000069,14,1319,-1305
102000070,2274,42,2232
102000071,5495,6955,-1460
102000072,2421,3394,-973
102000073,325,928,-603
102000074,273,617,-344
102000075,148,227,-79
102000076,246,380,-134
102000077,245,986,-741
102000078,510,648,-138
102000079,56,230,-174
102000080,106,143,-37
102000081,107,559,-452
102000082,418,211,207
102000083,144,588,-444
102000084,102,348,-246
102000085,1039,1103,-64
102000086,649,824,-175
102000087,372,1734,-1362
102000088,124,227,-103
102000089,516,365,151
102000090,228,913,-685
102000091,979,369,610
102000092,473,501,-28
102000093,514,413,101
102000094,1048,287,761
102000095,651,693,-42
102000096,1032,553,479
102000097,1226,769,457
102000098,376,611,-235
102000099,668,316,352
102000100,916,392,524
102000101,1180,241,939
102000102,240,1053,-813
102000103,854,240,614
102000104,715,232,483
102000105,103,629,-526
102000106,410,723,-313
102000107,441,397,44
102000108,366,147,219
102000109,185,390,-205
102000110,295,1251,-956
102000111,5,242,-237
102000112,100,69,31
102000113,4,13,-9
102000114,729,174,555
102000115,160,112,48
102000116,400,179,221
102000117,261,306,-45
102000118,1447,776,671
102000119,2089,327,1762
102000120,43,324,-281
102000121,782,316,466
102000122,266,505,-239
102000123,960,410,550
102000124,572,495,77
102000125,802,353,449
102000126,339,391,-52
102000127,709,392,317
102000128,304,702,-398
102000129,648,602,46
102000130,209,383,-174
102000131,344,318,26
102000132,180,241,-61
102000133,660,2027,-1367
102000134,302,436,-134
102000135,788,414,374
102000136,720,258,462
102000137,730,478,252
102000138,125,272,-147
102000139,38,231,-193
102000140,156,115,41
102000141,99,374,-275
102000142,87,302,-215
102000143,39,391,-352
102000144,54,343,-289
102000145,163,284,-121
102000146,148,206,-58
102000147,175,226,-51
102000148,115,162,-47
102000149,87,497,-410
102000150,105,143,-38
102000151,74,276,-202
102000152,87,110,-23
102000153,510,165,345
102000154,285,344,-59
102000155,60,157,-97
102000156,328,21,307
102000157,62,100,-38
102000158,246,129,117
102000159,1032,129,903
102000161,3426,867,2559
102000162,176,74,102
102000163,93,301,-208
102000164,748,544,204
102000165,221,87,134
102000166,27,51,-24
102000167,118,108,10
102000168,134,57,77
102000169,48,269,-221
102000170,435,91,344
102000171,73,46,27
102000172,30,135,-105
102000173,165,142,23
102000174,20,36,-16
102000175,44,125,-81
102000176,26,19,7
102000178,179,518,-339
102000179,178,172,6
102000180,296,427,-131
102000181,356,582,-226
102000182,278,570,-292
102000183,732,1474,-742
102000184,730,695,35
102000185,982,1308,-326
102000186,535,1607,-1072
102000187,371,1477,-1106
102000188,332,1100,-768
102000189,2316,692,1624
102000190,504,1726,-1222
102000191,1022,476,546
102000192,518,762,-244
102000193,28,143,-115
102000194,46,110,-64
102000195,200,391,-191
102000196,80,490,-410
102000197,168,373,-205
102000198,79,756,-677
102000199,269,281,-12
102000200,132,955,-823
102000201,228,377,-149
102000202,0,128,-128
102000203,99,237,-138
102000204,177,733,-556
102000205,376,544,-168
102000206,315,528,-213
102000207,438,393,45
102000208,103,448,-345
102000209,24,33,-9
102000210,101,475,-374
102000211,150,291,-141
102000212,62,14,48
102000213,2,225,-223
102000214,57,14,43
102000215,2,445,-443
102000216,14,14,0
102000217,0,138,-138
102000218,77,35,42
102000219,251,297,-46
102000225,705,611,94
102000226,3259,246,3013
102000227,40,1,39
102000228,1,45,-44
102000229,29,8,21
102000230,185,519,-334
102000231,121,294,-173
102000232,7,100,-93
102000233,279,380,-101
102000234,60,1232,-1172
102000236,258,42,216
102000237,371,113,258
102000238,139,196,-57
102000240,630,416,214
102000241,143,75,68
102000243,19,19,0
102000245,16,120,-104
102000246,7,11,-4
102000247,745,658,87
102000248,270,422,-152
102000249,65,125,-60
102000250,10,378,-368
102000254,41,356,-315
102000266,56,131,-75
102000271,11,0,11
102000286,250,174,76
102000297,984,527,457
102000299,0,0,0
102000301,0,0,0
102000303,0,0,0
102000305,0,0,0
102000307,0,3,-3
102900001,736,604,132
102900002,253,12,241
102900003,25,287,-262
102900005,147,204,-57
102900006,245,144,101
102900007,383,12,371
102900008,158,64,94
102900009,368,151,217
102900010,287,334,-47
102900011,1664,164,1500
102900012,373,26,347
102900013,9,53,-44
102900015,567,130,437
102900016,30,80,-50
102900017,83,519,-436
102900018,10,93,-83
102900019,132,310,-178
102900020,31,19,12
102900021,14,82,-68
102900022,221,34,187
102900023,5,34,-29
102900024,8,39,-31
102900025,188,80,108
102900026,351,932,-581
102900027,20,44,-24
102900028,42,269,-227
102900029,45,94,-49
102900030,269,129,140
102900031,52,107,-55
102900032,7,95,-88
102900033,40,146,-106
102900034,116,122,-6
102900035,44,358,-314
102900036,99,479,-380
102900037,100,583,-483
102900038,212,402,-190
102900039,21,295,-274
102900040,81,165,-84
102900041,40,120,-80
102900042,96,299,-203
102900043,95,209,-114
102900044,428,1326,-898
102900045,38,381,-343
102900046,64,267,-203
102900047,31,530,-499
102900048,296,571,-275
102900049,54,268,-214
102900050,165,278,-113
102900051,121,143,-22
102900053,167,517,-350
102900054,632,567,65
102900055,51,106,-55
102900056,78,369,-291
102900057,2,20,-18
102900058,213,40,173
102900059,14,47,-33
102900060,39,303,-264
102900061,45,430,-385
102900062,49,1154,-1105
102900063,421,329,92
102900064,151,301,-150
102900065,1284,494,790
102900066,234,45,189
102900068,33,66,-33
102900070,51,637,-586
102900072,1,14,-13
102900073,62,3,59
102900075,4,14,-10
102900076,248,26,222
102900077,28,11,17
102900078,33,54,-21
102900079,202,5,197
102900080,207,14,193
102900081,38,164,-126
102900082,7,188,-181
102900083,270,2,268
102900084,8,13,-5
102900085,93,31,62
102900086,2,30,-28
102900087,27,88,-61
102900088,7,29,-22
102900089,155,72,83
102900090,0,297,-297
102900091,30,0,30
102900092,61,560,-499
102900094,0,41,-41
102900095,37,1,36
102900096,6,5,1
102900097,84,306,-222
103000001,1640,2069,-429
103000002,1383,1611,-228
103000003,2491,2013,478
103000004,667,517,150
103000005,1562,1583,-21
103000006,354,947,-593
103000007,278,615,-337
103000008,743,860,-117
103000009,462,595,-133
103000010,81,88,-7
103000011,1650,739,911
103000012,729,927,-198
103000013,5302,1476,3826
103000014,996,1016,-20
103000015,1982,598,1384
103000016,488,571,-83
103000017,77,177,-100
103000018,774,303,471
103000019,101,94,7
103000020,1276,954,322
103000021,1010,1118,-108
103000022,654,1012,-358
103000023,309,821,-512
103000024,97,104,-7
103000025,40,221,-181
103000026,1523,83,1440
103000027,151,234,-83
103000028,586,299,287
103000029,319,84,235
103000030,1467,429,1038
103000031,1017,852,165
103000032,1384,1259,125
103000033,1877,1650,227
103000034,1304,747,557
103000035,287,695,-408
103000036,347,303,44
103000037,622,310,312
103000038,350,679,-329
103000039,183,387,-204
103000040,167,939,-772
103000041,913,2255,-1342
103000042,446,541,-95
103000043,181,935,-754
103000044,84,249,-165
103000046,138,165,-27
103000047,298,535,-237
103000048,102,80,22
103000049,72,162,-90
103000050,423,506,-83
103000051,170,400,-230
103000052,482,287,195
103000053,88,249,-161
103000054,1377,782,595
103000055,992,1194,-202
103000056,314,2011,-1697
103000057,350,227,123
103000058,242,670,-428
103000059,206,577,-371
103000060,467,610,-143
103000061,216,592,-376
103000062,595,668,-73
103000063,369,450,-81
103000064,66,248,-182
103000065,5,305,-300
103000066,47,6,41
103000069,74,293,-219
103000070,423,871,-448
103000071,431,276,155
103000072,92,755,-663
103000073,159,85,74
103000074,313,40,273
103000075,67,659,-592
103000076,127,153,-26
103000077,35,244,-209
103000078,1084,222,862
103000079,980,291,689
103000080,1192,127,1065
103000081,373,511,-138
103000082,243,112,131
103000083,69,264,-195
103000084,115,5,110
103000085,3,52,-49
103000086,458,198,260
103000087,85,266,-181
103000088,235,241,-6
103000089,122,192,-70
103000090,1035,747,288
103000091,335,287,48
103000092,178,283,-105
103000093,196,406,-210
103000094,121,86,35
103000095,23,297,-274
103000096,609,101,508
103000097,44,546,-502
103000098,855,72,783
103000099,307,506,-199
103000100,52,655,-603
103000101,399,98,301
103000102,81,562,-481
103000103,297,171,126
103000104,29,144,-115
103000105,60,98,-38
103000106,15,86,-71
103000107,187,48,139
103000108,410,410,0
103000109,303,257,46
103000110,284,321,-37
103000111,409,213,196
103000112,143,158,-15
103000113,401,484,-83
103000114,576,225,351
103000115,241,331,-90
103000116,241,361,-120
103000117,90,401,-311
103000118,817,818,-1
103000119,1521,532,989
103000120,35,42,-7
103000121,235,371,-136
103000122,203,192,11
103000125,8,405,-397
103000126,164,5,159
103000127,0,240,-240
103000128,59,0,59
103000129,1,144,-143
103000130,23,9,14
103000131,135,48,87
103000132,37,65,-28
103000133,2,113,-111
103000134,681,369,312
103000135,699,162,537
103000136,640,233,407
103000137,441,409,32
103000138,690,405,285
103000139,2,35,-33
103000140,136,14,122
103000141,18,79,-61
103000142,106,48,58
103000143,22,119,-97
103000144,86,44,42
103000145,5,19,-14
103000150,24,37,-13
103000152,172,155,17
103000153,96,131,-35
103000156,4,403,-399
103000157,141,2,139
103000159,69,76,-7
103000162,57,39,18
103000163,7,6,1
103000164,11,12,-1
103000165,91,340,-249
103000166,94,125,-31
103000167,142,70,72
103000168,44,135,-91
103000169,91,185,-94
103000170,359,398,-39
103000171,24,44,-20
103000172,146,207,-61
103000173,123,577,-454
103000174,80,192,-112
103000175,95,365,-270
103000176,448,149,299
103000177,445,288,157
103000178,296,230,66
103000179,44,16,28
103000183,51,36,15
103000185,41,55,-14
103000186,32,126,-94
103000187,92,508,-416
103000188,11,80,-69
103000189,602,744,-142
103000191,519,529,-10
103000292,2045,466,1579
103000293,1110,694,416
103000295,80,49,31
103000296,60,2,58
103000297,30,7,23
103000504,176,11,165
103000505,3,6,-3
103000506,1,139,-138
103000507,63,2,61
103000508,50,12,38
103000509,131,377,-246
103900001,1,344,-343
103900002,1498,96,1402
103900003,1259,93,1166
103900004,12,13,-1
103900005,0,175,-175
103900006,0,0,0
103900007,25,0,25
103900008,2,0,2
103900009,169,213,-44
103900010,77,180,-103
103900011,66,196,-130
103900012,1,10,-9
103900013,21,70,-49
103900014,23,31,-8
103900015,28,21,7
103900016,143,239,-96
103900017,5,47,-42
103900018,559,114,445
103900019,30,134,-104
103900020,94,174,-80
103900021,712,40,672
103900022,580,531,49
103900023,33,2,31
103900024,70,432,-362
103900025,7,28,-21
103900026,1,0,1
103900027,216,202,14
103900028,9,158,-149
103900029,505,91,414
103900030,63,10,53
103900031,3,0,3
103900032,25,19,6
103900033,30,2,28
103900034,10,154,-144
103900035,18,46,-28
103900036,25,7,18
103900037,38,21,17
103900038,26,99,-73
103900039,15,443,-428
103900040,4,274,-270
103900041,6,11,-5
103900042,17,369,-352
103900043,26,100,-74
103900044,184,92,92
103900045,86,118,-32
103900047,16,23,-7
103900048,48,12,36
103900049,137,797,-660
103900050,10,24,-14
103900051,1,27,-26
103900052,64,549,-485
103900053,56,862,-806
103900054,20,553,-533
103900055,187,154,33
103900056,34,49,-15
103900057,6,247,-241
103900058,27,647,-620
103900059,0,1,-1
103900060,29,135,-106
103900061,50,36,14
103900062,67,33,34
103900063,0,0,0
103900064,35,0,35
103900065,595,196,399
103900066,54,2,52
103900067,46,3,43
103900068,0,0,0
103900069,24,6,18
103900070,65,184,-119
103900071,21,166,-145
103900072,2,231,-229
103900073,16,11,5
103900074,21,94,-73
103900075,84,81,3
103900076,123,581,-458
103900077,31,42,-11
103900078,48,74,-26
103900079,87,160,-73
103900080,4,21,-17
103900081,23,1,22
103900082,0,60,-60
103900083,1600,238,1362
103900084,12,58,-46
103900085,82,63,19
103900086,158,138,20
103900088,310,132,178
103900089,26,178,-152
103900090,2,175,-173
103900091,655,161,494
103900092,201,449,-248
103900093,84,330,-246
103900094,3,103,-100
103900095,121,134,-13
103900096,8,256,-248
103900097,3,463,-460
103900098,78,39,39
103900099,12,233,-221
103900100,53,282,-229
103900101,28,732,-704
103900102,0,19,-19
103900104,0,34,-34
103900105,73,131,-58
103900106,0,7,-7
103900107,29,174,-145
103900108,16,339,-323
103900109,28,61,-33
103900110,80,34,46
103900111,20,605,-585
103900112,6,30,-24
103900113,118,133,-15
103900114,505,257,248
103900115,133,66,67
103900116,5243,840,4403
103900117,190,123,67
103900119,16,40,-24
103900120,15,67,-52
103900122,26,354,-328
103900123,1117,381,736
103900124,23,477,-454
103900125,63,66,-3
103900126,151,357,-206
103900127,63,536,-473
103900128,18,146,-128
103900131,19,129,-110
103900133,567,10,557
103900134,0,3,-3
103900135,9,1,8
103900137,0,23,-23
103900138,16,364,-348
103900139,119,635,-516
103900140,1,30,-29
103900141,121,61,60
103900142,18,148,-130
103900143,18,0,18
103900144,0,49,-49
103900145,92,237,-145
103900146,132,230,-98
103900147,133,90,43
103900148,73,156,-83
103900149,48,526,-478
103900150,4946,1067,3879
103900151,6,112,-106
103900152,111,556,-445
103900153,1,0,1
103900154,941,563,378
103900155,10,172,-162
103900156,11,99,-88
103900157,6,184,-178
103900158,21,134,-113
103900159,47,63,-16
103900160,12,11,1
103900161,33,127,-94
103900162,30,114,-84
103900163,0,277,-277
103900167,5,49,-44
103900168,10,104,-94
103900169,8,16,-8
103900170,0,48,-48
103900171,0,62,-62
103900172,8,32,-24
103900173,7,4,3
103900174,24,35,-11
103900175,27,21,6
103900176,3,9,-6
103900177,8,39,-31
103900178,7,67,-60
103900179,8,143,-135
103900180,5,95,-90
103900181,39,25,14
103900182,29,13,16
103900184,430,16,414
103900185,160,62,98
103900187,55,16,39
103900188,15,5,10
103900189,31,3,28
103900190,21,15,6
103900191,24,14,10
103900192,3,27,-24
103900193,106,81,25
103900194,17,292,-275
103900195,3,35,-32
103900196,4,18,-14
103900197,1,14,-13
103900198,9,35,-26
103900199,52,78,-26
103900200,103,89,14
103900201,52,127,-75
103900202,0,38,-38
103900203,12,4,8
103900204,4,114,-110
103900207,1,119,-118
103900208,12,1,11
103900209,0,88,-88
103900210,13,19,-6
103900211,189,384,-195
103900212,26,378,-352
103900213,65,190,-125
103900214,148,51,97
103900215,651,192,459
103900216,6,389,-383
103900217,217,31,186
103900218,1,145,-144
103900219,26,215,-189
103900233,31,1,30
103900235,18,8,10
103900236,11,4,7
103900242,1,5,-4
103900243,2,1,1
103900244,13,248,-235
103900245,29,163,-134
103900246,38,20,18
103900247,18,114,-96
103900248,3,8,-5
103900249,9,15,-6
103900250,28,8,20
103900251,2,13,-11
103900253,14,28,-14
103900254,0,10,-10
103900255,12,10,2
103900256,3,15,-12
103900257,57,37,20
103900258,24,2,22
103900259,81,3,78
103900261,11,3,8
103900262,9,2,7
103900263,48,38,10
103900264,49,7,42
103900265,44,12,32
103900266,1,41,-40
103900267,6,46,-40
103900268,3,108,-105
103900269,41,20,21
103900270,7,86,-79
103900271,31,157,-126
103900272,56,56,0
103900273,9,27,-18
103900274,14,2,12
103900275,13,11,2
103900276,4,67,-63
103900277,3,78,-75
103900278,14,38,-24
103900279,0,10,-10
103900280,1,136,-135
104000001,1432,1816,-384
104000002,1001,2012,-1011
104000003,1778,1944,-166
104000004,2737,1855,882
104000005,672,1488,-816
104000006,2032,2401,-369
104000007,2980,2902,78
104000008,192,512,-320
104000009,69,146,-77
104000010,117,122,-5
104000011,588,451,137
104000012,105,470,-365
104000013,79,127,-48
104000014,143,628,-485
104000015,166,149,17
104000016,321,353,-32
104000018,378,100,278
104000019,309,72,237
104000020,171,907,-736
104000021,222,562,-340
104000022,93,265,-172
104000023,292,221,71
104000024,187,308,-121
104000026,32,216,-184
104000027,174,349,-175
104000028,210,234,-24
104000029,365,544,-179
104000030,100,232,-132
104000031,446,224,222
104000032,151,309,-158
104000033,250,274,-24
104000034,178,427,-249
104000035,403,368,35
104000036,355,574,-219
104000037,155,292,-137
104000038,132,242,-110
104000039,78,354,-276
104000040,438,427,11
104000041,313,221,92
104000042,152,428,-276
104000043,184,334,-150
104000044,131,714,-583
104000045,588,1096,-508
104000046,1127,1227,-100
104000047,493,1220,-727
104000048,873,1766,-893
104000049,195,257,-62
104000050,125,468,-343
104000051,72,593,-521
104000052,706,1085,-379
104000053,554,588,-34
104000054,313,467,-154
104000055,3326,2528,798
104000056,1166,117,1049
104000057,82,416,-334
104000058,408,551,-143
104000059,341,968,-627
104000060,449,730,-281
104000061,674,1024,-350
104000062,119,135,-16
104000064,594,181,413
104000065,75,290,-215
104000069,1295,453,842
104000070,47,249,-202
104000071,76,297,-221
104000072,478,173,305
104000075,32,154,-122
104000076,298,36,262
104000082,1636,1865,-229
104000083,589,144,445
104000084,106,294,-188
104000085,205,172,33
104000086,93,331,-238
104000087,369,664,-295
104000090,462,1390,-928
104000092,421,2370,-1949
104000094,588,1826,-1238
104000095,1092,1180,-88
104000096,623,314,309
104000097,866,928,-62
104000098,830,1128,-298
104000100,696,545,151
104000101,739,2149,-1410
104000106,38,382,-344
104000107,374,571,-197
104000108,203,450,-247
104000109,124,41,83
104000110,611,685,-74
104000111,4068,1114,2954
104000112,1955,453,1502
104000116,0,1049,-1049
104000117,52,765,-713
104000118,216,208,8
104000119,220,190,30
104000120,97,799,-702
104000121,114,511,-397
104000122,324,588,-264
104000123,735,1354,-619
104000124,1356,2439,-1083
104000125,3875,2111,1764
104000126,172,357,-185
104000127,1432,3842,-2410
104000128,589,385,204
104000129,306,19,287
104000130,8,177,-169
104000131,944,724,220
104000132,656,936,-280
104000133,810,647,163
104000134,606,977,-371
104000135,280,620,-340
104000136,689,1443,-754
104000137,1416,192,1224
104000138,1006,313,693
104000139,7453,2461,4992
104000141,1114,1579,-465
104000142,453,946,-493
104000143,314,775,-461
104000144,37,157,-120
104000145,315,143,172
104000146,329,473,-144
104000147,83,306,-223
104000148,134,155,-21
104000149,195,403,-208
104000150,297,317,-20
104000151,220,608,-388
104000152,258,604,-346
104000153,182,334,-152
104000154,893,626,267
104000155,236,373,-137
104000157,1004,1508,-504
104000158,159,162,-3
104000159,346,247,99
104000160,1244,915,329
104000161,123,142,-19
104000162,29,64,-35
104000165,1090,723,367
104000167,382,389,-7
104000168,337,7,330
104000169,18,34,-16
104000170,758,257,501
104000248,147,629,-482
104000251,33,317,-284
104000272,0,0,0
104000273,0,0,0
104000274,0,0,0
104000275,0,0,0
104000279,527,436,91
104000290,35,284,-249
104000291,554,837,-283
104000293,417,532,-115
104000294,6,0,6
104000295,285,553,-268
104000296,216,624,-408
104000297,584,1172,-588
104000298,1483,780,703
104000299,345,990,-645
104900001,61,288,-227
104900002,14,56,-42
104900003,25,301,-276
104900004,49,313,-264
104900005,107,123,-16
104900006,80,63,17
104900007,103,196,-93
104900009,69,414,-345
104900010,19,5,14
104900011,3,3,0
104900012,83,8,75
104900013,30,9,21
104900014,3534,228,3306
104900015,91,2,89
104900016,63,241,-178
104900017,59,137,-78
104900018,3,141,-138
104900019,190,876,-686
104900020,20,228,-208
104900021,0,264,-264
104900022,15,127,-112
104900023,0,141,-141
104900024,9,89,-80
104900025,38,296,-258
104900026,0,113,-113
104900027,173,152,21
104900028,14,85,-71
104900029,36,66,-30
104900030,220,104,116
104900031,129,175,-46
104900032,21,131,-110
104900033,67,113,-46
104900034,145,48,97
104900035,96,53,43
104900036,82,37,45
104900037,77,204,-127
104900038,334,140,194
104900039,636,141,495
104900040,145,49,96
104900041,118,104,14
104900042,53,311,-258
104900043,8,39,-31
104900044,213,136,77
104900045,185,42,143
104900046,43,70,-27
104900047,106,72,34
104900048,114,58,56
104900049,14,1,13
104900050,62,41,21
104900051,98,18,80
104900052,21,0,21
104900053,173,27,146
104900054,55,18,37
104900055,36,0,36
104900056,46,5,41
104900057,11,0,11
104900058,149,106,43
104900059,9,49,-40
104900060,0,286,-286
104900061,207,552,-345
104900063,0,76,-76
104900064,0,63,-63
104900065,1,105,-104
104900066,4,155,-151
104900067,1,183,-182
104900068,12,218,-206
104900070,62,295,-233
104900071,1,631,-630
104900072,25,200,-175
104900073,8,173,-165
104900074,45,245,-200
104900075,17,31,-14
104900076,41,402,-361
104900077,774,40,734
104900078,139,724,-585
104900079,57,161,-104
104900080,27,421,-394
104900082,5,232,-227
104900085,1,248,-247
104900087,188,1,187
104900089,77,0,77
104900090,224,401,-177
104900091,269,793,-524
104900093,145,430,-285
104900097,2160,837,1323
104900098,24,40,-16
104900099,309,310,-1
104900100,597,91,506
104900102,14,173,-159
104900103,296,55,241
104900104,2516,672,1844
104900106,17,86,-69
104900107,48,239,-191
104900108,5,257,-252
104900109,23,68,-45
104900110,3,30,-27
104900111,77,70,7
104900112,107,786,-679
104900113,331,366,-35
104900114,123,604,-481
104900115,269,443,-174
104900116,69,275,-206
104900118,12,43,-31
104900119,1,23,-22
104900120,129,37,92
104900121,1,113,-112
104900122,2,74,-72
104900123,6,2,4
104900124,8,0,8
104900125,221,1,220
104900126,60,38,22
104900127,14,12,2
104900128,35,129,-94
104900129,1831,573,1258
105000001,1625,1471,154
105000002,1289,1421,-132
105000003,1947,3180,-1233
105000004,319,829,-510
105000005,353,949,-596
105000006,674,1207,-533
105000007,565,999,-434
105000008,421,1194,-773
105000009,906,2017,-1111
105000010,2375,1972,403
105000011,1110,1452,-342
105000012,3059,2571,488
105000013,427,731,-304
105000014,791,1299,-508
105000015,4800,3425,1375
105000016,2314,1248,1066
105000017,1370,862,508
105000018,991,642,349
105000019,1263,809,454
105000020,93,185,-92
105000021,176,110,66
105000022,83,19,64
105000023,224,192,32
105000028,47,122,-75
105000029,183,556,-373
105000030,2891,2865,26
105000031,0,9,-9
105000033,780,1717,-937
105000034,43,322,-279
105000037,406,408,-2
105000038,900,802,98
105000039,2641,1360,1281
105000040,248,472,-224
105000041,329,963,-634
105000042,1280,749,531
105000043,1479,1556,-77
105000044,199,236,-37
105000045,160,690,-530
105000046,416,240,176
105000047,285,1132,-847
105000048,302,143,159
105000049,200,570,-370
105000050,248,303,-55
105000051,180,407,-227
105000052,170,713,-543
105000053,101,140,-39
105000054,101,697,-596
105000055,214,300,-86
105000056,409,1862,-1453
105000057,744,789,-45
105000058,945,1104,-159
105000059,360,318,42
105000060,299,496,-197
105000061,268,310,-42
105000062,535,963,-428
105000063,242,555,-313
105000064,523,410,113
105000065,304,841,-537
105000066,608,1740,-1132
105000067,474,334,140
105000068,315,697,-382
105000069,2228,451,1777
105000070,636,576,60
105000071,116,332,-216
105000072,617,812,-195
105000073,404,346,58
105000074,628,758,-130
105000075,363,708,-345
105000076,972,900,72
105000077,1256,551,705
105000078,1207,818,389
105000079,1354,1383,-29
105000080,1166,562,604
105000081,700,484,216
105000082,376,365,11
105000083,587,401,186
105000084,340,890,-550
105000085,734,625,109
105000086,491,704,-213
105000087,1789,1421,368
105000088,969,993,-24
105000089,2341,1796,545
105000090,808,753,55
105000091,1752,1566,186
105000092,438,877,-439
105000093,218,142,76
105000094,175,118,57
105000095,27,317,-290
105000096,729,513,216
105000097,888,535,353
105000098,450,349,101
105000099,584,730,-146
105000100,447,943,-496
105000101,1065,1561,-496
105000102,696,1168,-472
105000103,796,1648,-852
105000104,789,697,92
105000105,546,1294,-748
105000106,530,993,-463
105000107,451,695,-244
105000108,626,1474,-848
105000109,611,1098,-487
105000110,466,703,-237
105000111,321,450,-129
105000112,761,625,136
105000113,294,375,-81
105000114,2772,732,2040
105000115,222,512,-290
105000116,303,334,-31
105000117,442,1229,-787
105000118,152,258,-106
105000119,230,1023,-793
105000120,307,427,-120
105000121,449,915,-466
105000122,173,340,-167
105000123,775,1193,-418
105000124,840,770,70
105000125,376,1299,-923
105000126,1158,1805,-647
105000127,1329,1439,-110
105000128,217,1173,-956
105000129,411,252,159
105000130,31,552,-521
105000131,350,261,89
105000132,312,244,68
105000133,198,966,-768
105000134,183,413,-230
105000135,257,572,-315
105000136,89,271,-182
105000137,208,164,44
105000138,231,318,-87
105000139,558,800,-242
105000140,141,402,-261
105000141,135,453,-318
105000142,39,432,-393
105000143,93,516,-423
105000144,192,514,-322
105000145,286,425,-139
105000146,401,508,-107
105000147,274,214,60
105000148,790,472,318
105000149,1126,1257,-131
105000150,1844,952,892
105000151,242,210,32
105000152,141,511,-370
105000153,307,281,26
105000154,530,774,-244
105000155,144,357,-213
105000156,588,732,-144
105000157,809,1514,-705
105000158,1187,599,588
105000159,258,1039,-781
105000160,847,407,440
105000161,434,1572,-1138
105000162,240,937,-697
105000163,975,1009,-34
105000164,161,214,-53
105000165,1028,2326,-1298
105000166,6259,237,6022
105000167,2009,860,1149
105000168,152,692,-540
105000169,162,391,-229
105000170,65,869,-804
105000171,807,196,611
105000172,34,35,-1
105000173,30,17,13
105000174,21,17,4
105000175,48,74,-26
105000176,40,63,-23
105000177,50,93,-43
105000178,53,494,-441
105000179,81,90,-9
105000180,54,83,-29
105000181,19,395,-376
105000182,17,40,-23
105000183,1876,900,976
105000184,986,487,499
105000185,667,400,267
105000186,290,710,-420
105000187,354,194,160
105000188,109,56,53
105000189,133,433,-300
105000190,110,249,-139
105000191,152,355,-203
105000192,59,81,-22
105000193,43,89,-46
105000194,145,67,78
105000195,152,816,-664
105000196,23,51,-28
105000197,153,562,-409
105000198,330,170,160
105000199,143,117,26
105000200,49,156,-107
105000201,48,17,31
105000203,13,261,-248
105000204,51,73,-22
105000205,66,219,-153
105000207,551,218,333
105000208,166,230,-64
105000209,142,328,-186
105000211,20,3,17
105000212,580,1047,-467
105000213,162,97,65
105000214,32,121,-89
105000215,77,185,-108
105000216,33,244,-211
105000217,121,300,-179
105000218,392,809,-417
105000221,82,181,-99
105000222,31,35,-4
105000223,76,158,-82
105000226,13,332,-319
105000227,11,159,-148
105000228,113,427,-314
105000229,27,173,-146
105000231,106,199,-93
105000233,381,416,-35
105000234,316,873,-557
105000235,176,323,-147
105000237,320,37,283
105000243,18,26,-8
105000248,65,27,38
105000262,138,1448,-1310
105000269,49,125,-76
105000270,124,80,44
105000271,0,217,-217
105000282,78,29,49
105000287,216,97,119
105000288,167,291,-124
105000289,526,529,-3
105000290,5,1,4
105000402,3574,962,2612
105000426,244,394,-150
105000438,382,354,28
105000440,2,14,-12
105000446,8712,3257,5455
105000447,4909,2023,2886
105000454,93,771,-678
105000455,224,167,57
105000474,8,1,7
105000477,121,247,-126
105000478,673,1221,-548
105000479,56,110,-54
105000480,1046,1319,-273
105000481,1338,1408,-70
105000482,3259,2127,1132
105000483,715,849,-134
105000484,1741,2063,-322
105000485,718,946,-228
105000486,2532,1592,940
105000488,2002,1936,66
105000489,371,481,-110
105000549,11,99,-88
105000550,381,876,-495
105000551,13,76,-63
105000552,2747,1410,1337
105000555,495,528,-33
105000556,17,9,8
105000557,8,163,-155
105900001,9,703,-694
105900002,1213,225,988
105900003,7,77,-70
105900004,224,95,129
105900005,5,136,-131
105900006,16,27,-11
105900007,10,2,8
105900008,42,591,-549
105900009,3,8,-5
105900011,36,30,6
105900012,131,127,4
105900013,1,5,-4
105900014,2,71,-69
105900015,59,238,-179
105900016,112,609,-497
105900017,326,31,295
105900018,133,240,-107
105900019,29,441,-412
105900020,13,47,-34
105900021,7,218,-211
105900022,88,237,-149
105900023,4,78,-74
105900024,0,89,-89
105900025,24,30,-6
105900026,102,26,76
105900027,3076,1546,1530
105900028,17,87,-70
105900029,1428,182,1246
105900030,89,219,-130
105900031,281,148,133
105900032,51,104,-53
105900033,52,90,-38
105900034,70,143,-73
105900035,87,126,-39
105900036,22,103,-81
105900037,55,62,-7
105900038,71,179,-108
105900039,60,154,-94
105900040,53,80,-27
105900041,162,282,-120
105900042,22,83,-61
105900043,1285,38,1247
105900044,1,77,-76
105900045,2,383,-381
105900046,0,138,-138
105900047,1,11,-10
105900048,27,294,-267
105900050,943,234,709
105900051,4,846,-842
105900052,205,39,166
105900053,2781,777,2004
105900054,140,186,-46
105900056,674,98,576
105900057,4,87,-83
105900058,11,23,-12
105900059,0,23,-23
106000001,2811,839,1972
106000002,2015,2908,-893
106000003,2112,1653,459
106000004,1976,1865,111
106000005,1588,3593,-2005
106000006,4260,3716,544
106000007,366,380,-14
106000008,293,230,63
106000009,281,221,60
106000010,300,472,-172
106000011,437,631,-194
106000012,418,1379,-961
106000013,1003,1176,-173
106000014,1373,1572,-199
106000015,771,725,46
106000016,776,2044,-1268
106000017,519,602,-83
106000018,413,521,-108
106000019,217,279,-62
106000020,173,408,-235
106000021,215,318,-103
106000022,172,318,-146
106000023,360,283,77
106000024,322,699,-377
106000025,75,125,-50
106000026,131,265,-134
106000027,507,1010,-503
106000028,357,688,-331
106000029,643,1268,-625
106000030,794,220,574
106000034,96,487,-391
106000035,503,711,-208
106000036,288,237,51
106000037,1189,1283,-94
106000038,354,73,281
106000039,137,30,107
106000040,120,527,-407
106000041,550,179,371
106000043,387,63,324
106000046,219,20,199
106000047,25,274,-249
106000049,345,76,269
106000050,184,627,-443
106000051,294,254,40
106000052,21,540,-519
106000053,92,61,31
106000054,248,375,-127
106000055,376,539,-163
106000056,172,480,-308
106000057,124,188,-64
106000058,118,146,-28
106000059,115,182,-67
106000060,361,516,-155
106000061,118,242,-124
106000062,112,499,-387
106000063,333,278,55
106000064,32,288,-256
106000065,143,134,9
106000066,55,298,-243
106000067,118,83,35
106000068,39,477,-438
106000069,105,65,40
106000070,202,586,-384
106000071,410,209,201
106000072,3516,1070,2446
106000073,1424,1476,-52
106000074,174,502,-328
106000075,202,808,-606
106000076,1026,1176,-150
106000077,2332,959,1373
106000078,399,757,-358
106000079,420,869,-449
106000080,658,615,43
106000081,286,811,-525
106000082,1641,797,844
106000083,225,813,-588
106000084,743,517,226
106000085,1088,821,267
106000086,480,483,-3
106000087,576,394,182
106000088,341,488,-147
106000089,453,397,56
106000090,137,447,-310
106000091,183,516,-333
106000092,391,176,215
106000093,141,48,93
106000094,55,325,-270
106000095,311,1023,-712
106000096,398,519,-121
106000097,403,1270,-867
106000098,247,700,-453
106000099,149,729,-580
106000100,424,241,183
106000101,366,252,114
106000102,84,361,-277
106000103,131,491,-360
106000104,381,312,69
106000105,234,830,-596
106000106,279,324,-45
106000107,48,541,-493
106000108,104,257,-153
106000109,48,411,-363
106000110,85,235,-150
106000111,95,595,-500
106000112,77,263,-186
106000113,898,607,291
106000114,261,272,-11
106000115,143,528,-385
106000116,104,189,-85
106000117,650,723,-73
106000118,705,761,-56
106000119,1970,870,1100
106000120,456,577,-121
106000121,80,161,-81
106000122,41,234,-193
106000123,133,213,-80
106000124,16,295,-279
106000125,12,296,-284
106000126,64,192,-128
106000127,351,857,-506
106000128,314,314,0
106000129,214,688,-474
106000130,305,334,-29
106000131,70,492,-422
106000132,701,79,622
106000133,3369,700,2669
106000134,612,473,139
106000135,159,727,-568
106000136,386,270,116
106000137,64,1334,-1270
106000138,323,40,283
106000139,21,113,-92
106000140,22,73,-51
106000141,19,142,-123
106000142,42,66,-24
106000143,10,145,-135
106000144,9,73,-64
106000145,99,290,-191
106000146,150,135,15
106000147,255,370,-115
106000148,483,522,-39
106000149,342,335,7
106000150,282,1380,-1098
106000151,3689,589,3100
106000152,1222,676,546
106000153,59,1028,-969
106000154,1124,160,964
106000155,52,125,-73
106000156,386,213,173
106000157,346,1247,-901
106000158,2549,523,2026
106000159,3758,837,2921
106000160,109,1207,-1098
106000161,975,375,600
106000162,92,508,-416
106000163,96,459,-363
106000164,117,233,-116
106000165,129,540,-411
106000166,203,155,48
106000167,169,1269,-1100
106000168,75,190,-115
106000169,90,720,-630
106000170,239,175,64
106000171,47,701,-654
106000172,1887,590,1297
106000173,596,2032,-1436
106000174,703,226,477
106000175,210,802,-592
106000176,610,354,256
106000177,284,1776,-1492
106000178,1808,872,936
106000179,776,1590,-814
106000180,581,1469,-888
106000181,278,1589,-1311
106000182,279,487,-208
106000183,408,821,-413
106000184,377,850,-473
106000185,289,674,-385
106000186,522,105,417
106000187,121,621,-500
106000188,0,0,0
106000189,1,32,-31
106000190,1,0,1
106000191,301,109,192
106000192,1,11,-10
106000193,152,96,56
106000194,71,221,-150
106000195,87,60,27
106000196,32,203,-171
106000197,101,171,-70
106000198,52,198,-146
106000199,566,282,284
106000200,326,95,231
106000201,297,717,-420
106000202,5205,451,4754
106000203,169,163,6
106000204,17,5,12
106000205,9,139,-130
106000206,27,9,18
106000207,36,670,-634
106000208,371,61,310
106000209,640,153,487
106000210,178,1131,-953
106000211,271,1381,-1110
106000212,293,112,181
106000213,619,979,-360
106000214,1832,335,1497
106000215,119,362,-243
106000216,243,214,29
106000217,216,435,-219
106000218,292,221,71
106000219,59,224,-165
106000220,238,157,81
106000221,70,251,-181
106000222,26,117,-91
106000223,67,79,-12
106000224,92,325,-233
106000225,43,62,-19
106000226,74,280,-206
106000228,9,86,-77
106000229,52,749,-697
106000231,283,68,215
106000232,52,420,-368
106000233,189,107,82
106000234,12,209,-197
106000235,96,46,50
106000236,43,30,13
106000237,0,2,-2
106000238,4,1,3
106000239,2,39,-37
106000240,13,0,13
106000241,13,617,-604
106000242,105,8,97
106000249,37,59,-22
106000250,15,310,-295
106000251,14,11,3
106000252,8,81,-73
106000253,5,20,-15
106000254,39,42,-3
106000255,14,50,-36
106000256,63,67,-4
106000257,96,212,-116
106000258,61,8,53
106000259,0,22,-22
106000260,7,0,7
106000261,1,36,-35
106000262,10,18,-8
106000263,1,41,-40
106000264,146,6,140
106000265,2,102,-100
106000266,61,8,53
106000267,9,90,-81
106000268,338,9,329
106000269,47,46,1
106000270,123,273,-150
106000271,29,135,-106
106000272,69,43,26
106000273,11,158,-147
106000274,110,24,86
106000275,70,102,-32
106000276,80,42,38
106000277,60,90,-30
106000278,116,36,80
106000279,18,59,-41
106000280,16,150,-134
106000281,65,69,-4
106000282,52,53,-1
106000283,39,82,-43
106000284,40,92,-52
106000285,79,106,-27
106000286,45,131,-86
106000287,53,53,0
106000288,67,155,-88
106000289,36,37,-1
106000290,43,81,-38
106000291,25,69,-44
106000292,58,133,-75
106000293,33,73,-40
106000294,74,127,-53
106000295,19,23,-4
106000296,40,94,-54
106000297,46,143,-97
106000298,134,33,101
106000299,44,84,-40
106000300,40,81,-41
106000301,30,73,-43
106000303,16,46,-30
106000304,50,17,33
106000305,9,21,-12
106000306,37,66,-29
106000307,12,10,2
106000308,12,133,-121
106000309,16,58,-42
106000310,98,487,-389
106000311,150,77,73
106000312,52,151,-99
106000313,106,161,-55
106000318,135,126,9
106000319,257,28,229
106000320,0,35,-35
106000321,134,38,96
106000322,50,161,-111
106000324,3,128,-125
106000325,682,685,-3
106000326,577,1513,-936
106000327,46,141,-95
106000328,0,60,-60
106000329,27,164,-137
106000330,16,39,-23
106000428,19,175,-156
106000429,67,443,-376
106000430,192,1333,-1141
106000431,580,302,278
106000432,1226,2071,-845
106000433,931,668,263
106000434,1856,586,1270
106000435,1657,1993,-336
106000436,14,262,-248
106000437,80,32,48
106000438,113,80,33
106000439,27,515,-488
106000440,117,460,-343
106000441,0,0,0
106000442,105,3,102
106000443,32,533,-501
106000450,6,167,-161
106000451,24,19,5
106000454,1,47,-46
106000455,10,120,-110
106000456,123,24,99
106000457,6,869,-863
106000458,178,188,-10
106000459,42,335,-293
106000460,378,31,347
106000461,26,1467,-1441
106000462,0,8,-8
106000463,1,28,-27
106000464,1,471,-470
106000465,101,1,100
106000466,1,647,-646
106000467,431,406,25
106000468,44,171,-127
106000469,237,0,237
106000470,148,1082,-934
106000471,24,507,-483
106000472,46,0,46
106000473,14,15,-1
106000474,174,612,-438
106000475,139,103,36
106000476,149,124,25
106000477,23,150,-127
106000480,0,75,-75
106900001,0,9,-9
106900002,1,503,-502
106900003,173,648,-475
106900004,1,39,-38
106900006,0,19,-19
106900007,0,14,-14
106900008,77,252,-175
106900009,60,336,-276
106900010,131,268,-137
106900012,1434,752,682
106900013,144,12,132
106900014,16,0,16
106900015,5,0,5
106900016,56,0,56
106900017,2,0,2
106900018,2,0,2
106900019,20,1,19
106900020,2130,444,1686
106900021,17,25,-8
106900022,143,0,143
106900023,11,257,-246
106900024,131,12,119
106900025,27,463,-436
106900026,1,728,-727
106900027,168,1,167
107000001,1328,1147,181
107000002,2011,2751,-740
107000003,2395,3254,-859
107000004,3766,4715,-949
107000005,1147,2455,-1308
107000006,2352,5300,-2948
107000007,3176,3632,-456
107000008,15333,8817,6516
107000009,3110,3121,-11
107000010,8274,9422,-1148
107000011,865,904,-39
107000012,3189,2892,297
107000013,43,120,-77
107000014,7,218,-211
107000015,325,759,-434
107000016,251,1062,-811
107000017,1343,624,719
107000018,3,215,-212
107000020,713,262,451
107000021,523,713,-190
107000022,413,983,-570
107000023,822,281,541
107000024,254,1666,-1412
107000025,82,283,-201
107000026,114,640,-526
107000027,798,597,201
107000028,866,1322,-456
107000029,1042,1039,3
107000030,2342,2520,-178
107000031,1623,1146,477
107000032,167,725,-558
107000033,2646,2504,142
107000034,3602,1547,2055
107000035,292,121,171
107000036,260,743,-483
107000037,50,436,-386
107000038,147,207,-60
107000039,303,338,-35
107000040,71,290,-219
107000041,865,363,502
107000042,534,1201,-667
107000043,2156,551,1605
107000044,517,353,164
107000045,81,267,-186
107000046,301,239,62
107000047,199,746,-547
107000048,277,288,-11
107000049,365,651,-286
107000050,440,402,38
107000051,334,189,145
107000052,878,514,364
107000053,227,102,125
107000054,32,250,-218
107000055,217,122,95
107000056,409,643,-234
107000057,1475,142,1333
107000058,1143,1361,-218
107000059,1628,2431,-803
107000060,2037,3149,-1112
107000061,4039,2972,1067
107000062,1778,2002,-224
107000063,2806,4993,-2187
107000064,1913,1265,648
107000065,2399,4620,-2221
107000066,855,1401,-546
107000067,490,725,-235
107000068,1110,447,663
107000069,381,282,99
107000070,157,1,156
107000071,914,19,895
107000072,31,3251,-3220
107000073,204,125,79
107000074,74,719,-645
107000075,604,164,440
107000076,523,1523,-1000
107000077,1344,395,949
107000078,1265,2720,-1455
107000079,1103,315,788
107000080,711,2622,-1911
107000081,576,356,220
107000082,341,2350,-2009
107000083,500,199,301
107000084,330,2013,-1683
107000085,1988,2111,-123
107000086,3311,1960,1351
107000087,1778,1325,453
107000088,1902,2184,-282
107000089,892,1231,-339
107000090,667,869,-202
107000091,604,732,-128
107000092,465,899,-434
107000093,589,627,-38
107000094,616,1170,-554
107000095,321,477,-156
107000096,353,779,-426
107000097,301,231,70
107000098,255,714,-459
107000099,209,205,4
107000100,187,264,-77
107000101,46,114,-68
107000102,235,281,-46
107000103,264,120,144
107000104,198,276,-78
107000105,158,65,93
107000106,126,317,-191
107000107,208,134,74
107000108,70,831,-761
107000109,249,88,161
107000110,46,425,-379
107000111,90,21,69
107000112,22,335,-313
107000113,221,67,154
107000114,54,607,-553
107000115,177,58,119
107000116,58,874,-816
107000117,121,147,-26
107000118,167,203,-36
107000119,1507,689,818
107000120,2122,272,1850
107000121,279,599,-320
107000122,749,743,6
107000123,189,776,-587
107000124,295,700,-405
107000125,298,769,-471
107000126,411,943,-532
107000129,102,873,-771
107000130,149,123,26
107000131,196,645,-449
107000132,261,238,23
107000133,557,89,468
107000134,183,0,183
107000135,4,142,-138
107000136,361,3,358
107000137,9,304,-295
107000138,319,14,305
107000139,12,252,-240
107000140,396,31,365
107000141,91,527,-436
107000142,222,43,179
107000143,32,754,-722
107000144,222,240,-18
107000145,90,486,-396
107000146,107,176,-69
107000147,3349,853,2496
107000150,678,919,-241
107000151,11,29,-18
107000152,374,320,54
107000153,268,219,49
107000154,139,52,87
107000155,231,8,223
107000156,468,5,463
107000157,13,2100,-2087
107000158,261,8,253
107000159,32,1310,-1278
107000160,319,35,284
107000161,38,1677,-1639
107000162,58,114,-56
107000163,10,0,10
107000164,82,0,82
107000165,213,0,213
107000166,40,1112,-1072
107000167,227,206,21
107000168,383,172,211
107000169,789,902,-113
107000170,550,361,189
107000171,368,2516,-2148
107000172,363,445,-82
107000173,558,970,-412
107000174,654,1246,-592
107000175,8568,1266,7302
107000176,2,1,1
107000177,1,0,1
107000178,6,29,-23
107000179,156,2983,-2827
107000180,431,265,166
107000181,173,1263,-1090
107000182,615,680,-65
107000183,70,826,-756
107000184,418,610,-192
107000185,170,1104,-934
107000186,320,237,83
107000187,780,902,-122
107000188,347,286,61
107000189,199,576,-377
107000190,261,503,-242
107000191,397,904,-507
107000192,800,779,21
107000193,235,231,4
107000194,753,547,206
107000197,335,173,162
107000198,119,669,-550
107000199,400,608,-208
107000200,765,359,406
107000201,266,187,79
107000202,150,334,-184
107000203,460,346,114
107000204,414,533,-119
107000205,2005,836,1169
107000206,580,601,-21
107000207,537,656,-119
107000208,1058,241,817
107000209,1602,405,1197
107000210,1142,165,977
107000211,8,2,6
107000212,11,186,-175
107000213,26,16,10
107000214,2,113,-111
107000215,142,356,-214
107000216,104,332,-228
107000217,70,97,-27
107000219,31,134,-103
107000220,53,260,-207
107000222,191,501,-310
107000224,207,25,182
107000225,135,599,-464
107000226,93,42,51
107000227,75,434,-359
107000228,54,108,-54
107000229,173,74,99
107000230,757,460,297
107000231,550,261,289
107000232,43,45,-2
107000233,475,184,291
107000234,0,15,-15
107000235,15,2,13
107000236,23,232,-209
107000237,2,0,2
107000238,14,1,13
107000239,4154,252,3902
107000240,14,945,-931
107000243,2,41,-39
107000244,7,62,-55
107000246,3,919,-916
107000249,9,698,-689
107000251,1,184,-183
107000252,2,985,-983
107000255,535,58,477
107000257,1,492,-491
107000258,0,140,-140
107000259,4,213,-209
107000260,169,2,167
107000262,5,787,-782
107000263,146,0,146
107000266,3,3,0
107000267,44,144,-100
107000268,141,154,-13
107000269,100,40,60
107000270,0,4,-4
107000271,6,845,-839
107000272,5,195,-190
107000273,2,229,-227
107000274,199,145,54
107000275,29,360,-331
107000280,216,14,202
107000281,15,924,-909
107000282,14,1187,-1173
107000290,2,26,-24
107000291,9,4,5
107000292,2,25,-23
107000293,25,0,25
107000294,0,25,-25
107000295,7,1,6
107000296,0,11,-11
107000444,86,3,83
107000496,0,8,-8
107000497,903,2843,-1940
107000500,197,240,-43
107000501,24,171,-147
107000502,123,357,-234
107000505,483,634,-151
107000506,0,16,-16
107000508,3,641,-638
107000509,122,498,-376
107000510,9,18,-9
107000514,14,171,-157
107000515,9,277,-268
107000516,106,124,-18
107000518,397,322,75
107000519,2953,875,2078
107000520,18,3,15
107000521,230,384,-154
107000522,274,570,-296
107900001,10,211,-201
107900002,22,1,21
107900003,24,5,19
107900004,0,1,-1
107900005,229,1,228
107900006,18,1,17
107900007,97,5,92
107900008,30,28,2
107900009,47,1,46
107900010,3,1,2
107900012,181,5,176
107900013,184,39,145
107900014,2,4,-2
107900015,165,1,164
107900016,357,55,302
107900017,2,0,2
107900018,26,34,-8
107900019,7,57,-50
107900020,34,3,31
107900021,6,131,-125
107900023,0,0,0
107900024,0,20,-20
107900025,189,293,-104
107900026,13,77,-64
107900027,1,14,-13
107900028,14,71,-57
107900030,122,8,114
107900031,49,207,-158
107900032,4,1,3
107900033,6,1,5
107900034,92,2,90
107900035,259,5,254
107900036,5,2,3
107900037,0,33,-33
107900038,102,42,60
107900039,1,39,-38
107900040,37,15,22
107900041,0,0,0
107900043,19,104,-85
107900044,0,3,-3
107900045,14,17,-3
107900046,43,26,17
107900047,8,61,-53
107900048,34,5,29
107900049,197,168,29
107900050,85,276,-191
107900051,31,61,-30
107900052,1,2,-1
107900053,8,57,-49
107900055,247,101,146
107900056,32,7,25
107900057,1,0,1
107900058,10,592,-582
107900060,0,28,-28
107900061,18,1,17
107900063,47,94,-47
107900064,180,29,151
107900065,33,6,27
107900066,3,2,1
107900067,0,0,0
107900068,71,223,-152
107900069,10,393,-383
107900070,30,18,12
107900071,11,815,-804
107900072,15,171,-156
107900073,21,103,-82
107900074,804,71,733
107900076,58,53,5
107900077,12,0,12
107900079,2,7,-5
107900080,62,124,-62
107900081,14,71,-57
107900082,17,7,10
107900083,98,90,8
107900084,35,71,-36
107900086,31,68,-37
107900087,210,31,179
107900088,2,2,0
107900089,207,572,-365
107900090,264,544,-280
107900091,94,355,-261
107900093,28,35,-7
107900095,2354,728,1626
107900097,10,49,-39
107900098,35,118,-83
107900100,711,341,370
107900101,887,107,780
107900102,24,6,18
107900103,17,131,-114
107900104,54,0,54
107900105,0,410,-410
107900106,3,1468,-1465
107900107,774,136,638
107900108,221,39,182
107900109,304,0,304
107900110,10,73,-63
107900111,5,1030,-1025
107900112,66,193,-127
107900113,72,67,5
107900114,50,216,-166
107900115,0,45,-45
107900116,30,210,-180
107900117,136,313,-177
107900118,48,94,-46
107900119,14,44,-30
107900120,34,5,29
107900121,0,103,-103
107900122,7,39,-32
107900123,1,5,-4
107900124,5,17,-12
107900125,16,112,-96
107900126,1,14,-13
107900127,314,77,237
107900128,75,26,49
107900129,11,32,-21
107900130,14,16,-2
107900131,183,20,163
107900132,68,333,-265
107900133,0,63,-63
107900134,15,17,-2
107900135,1,136,-135
107900136,31,15,16
107900137,35,54,-19
107900138,14,20,-6
107900139,4,28,-24
107900141,67,6,61
107900142,25,743,-718
107900143,12,13,-1
107900144,2,141,-139
107900145,3,76,-73
107900146,15,77,-62
107900147,20,14,6
107900148,80,117,-37
107900149,1372,82,1290
107900150,34,532,-498
107900151,7,99,-92
107900152,0,229,-229
107900153,86,97,-11
107900154,12,8,4
107900155,15,19,-4
107900156,1,323,-322
107900157,24,66,-42
107900158,151,5,146
107900159,29,809,-780
107900160,19,131,-112
107900161,2,171,-169
107900162,0,39,-39
107900163,31,14,17
107900164,1,9,-8
107900165,15,33,-18
107900166,3,213,-210
107900167,8,3,5
107900168,5,26,-21
107900169,0,141,-141
107900171,3,1415,-1412
107900172,0,238,-238
107900173,1,183,-182
107900174,37,2,35
107900175,0,3,-3
107900176,5,16,-11
107900177,0,22,-22
107900178,1,179,-178
107900179,6,88,-82
107900180,693,134,559
107900181,190,435,-245
107900182,5,1186,-1181
107900183,15,296,-281
107900184,32,190,-158
107900185,25,4,21
107900186,6,21,-15
107900187,0,53,-53
107900188,684,53,631
107900189,5,87,-82
107900190,99,15,84
107900191,25,147,-122
107900193,7,20,-13
107900194,155,2,153
107900195,3286,294,2992
107900196,20,37,-17
107900197,229,56,173
107900199,2,1088,-1086
107900201,43,139,-96
107900203,37,59,-22
107900204,167,153,14
107900206,154,129,25
107900207,1,435,-434
107900208,6,762,-756
107900209,213,81,132
107900210,32,69,-37
107900213,167,242,-75
107900214,1,109,-108
107900215,121,207,-86
107900216,75,44,31
107900217,14,32,-18
107900218,4,1284,-1280
107900219,8,88,-80
107900220,116,123,-7
107900221,101,178,-77
107900223,41,433,-392
107900224,74,176,-102
107900225,4,597,-593
107900226,19,102,-83
107900227,84,391,-307
107900228,1,90,-89
107900229,5,223,-218
107900230,1,96,-95
107900231,7,175,-168
107900232,5,206,-201
107900233,10,97,-87
107900234,31,154,-123
107900235,28,65,-37
107900236,41,83,-42
107900237,89,433,-344
107900238,3,101,-98
107900239,1015,288,727
107900240,9,126,-117
107900241,11,51,-40
107900242,2,359,-357
107900243,3,28,-25
107900244,76,4,72
107900245,98,16,82
107900246,43,6,37
107900248,93,432,-339
107900249,171,3,168
107900250,1,432,-431
107900251,20,951,-931
107900252,223,3,220
107900253,44,1,43
107900254,48,70,-22
107900255,335,39,296
107900256,179,335,-156
107900257,37,19,18
107900258,43,173,-130
107900259,46,397,-351
107900261,2,360,-358
107900262,19,94,-75
107900264,52,2,50
107900265,25,153,-128
107900267,49,10,39
107900268,42,5,37
107900269,0,8,-8
107900270,0,0,0
107900271,1,4,-3
107900272,73,4,69
107900273,5,41,-36
107900274,8,0,8
107900275,4,0,4
107900276,0,46,-46
107900277,0,161,-161
107900278,79,235,-156
107900279,103,48,55
107900280,1339,575,764
107900281,2305,589,1716
107900282,20,100,-80
107900283,913,285,628
107900284,92,684,-592
107900285,34,110,-76
107900286,80,49,31
107900287,64,65,-1
107900290,3,36,-33
107900291,212,3,209
107900292,73,199,-126
107900293,31,454,-423
107900295,23,134,-111
107900297,0,155,-155
107900298,551,675,-124
107900299,3282,1021,2261
107900301,246,184,62
107900302,84,8,76
107900303,22,181,-159
107900304,67,472,-405
107900305,124,9,115
107900306,6,5,1
107900307,36,262,-226
107900308,129,18,111
107900309,4,0,4
107900310,0,0,0
107900311,107,60,47
107900312,0,0,0
107900313,0,53,-53
107900314,0,24,-24
107900315,1,28,-27
107900316,8,1,7
107900317,30,0,30
107900318,0,83,-83
107900319,1,189,-188
107900320,3,111,-108
107900321,29,2,27
107900322,4,169,-165
107900323,3,95,-92
107900324,72,0,72
107900325,28,0,28
107900326,89,314,-225
107900327,0,0,0
107900328,0,0,0
107900329,0,0,0
107900330,1,311,-310
107900331,49,36,13
107900332,49,25,24
107900333,18,4,14
107900334,14,205,-191
107900335,28,35,-7
107900336,6,19,-13
107900337,1002,301,701
107900338,2,87,-85
107900339,0,13,-13
107900340,2,30,-28
107900341,11,0,11
107900342,77,75,2
107900343,10,0,10
107900344,2,120,-118
107900345,22,10,12
107900346,10,1,9
107900347,11,1,10
107900348,1,1,0
107900349,19,2,17
107900350,22,233,-211
107900351,6,181,-175
107900352,1,38,-37
107900353,6,8,-2
107900354,4,69,-65
108000001,1602,2043,-441
108000002,1887,2758,-871
108000003,1929,1046,883
108000004,13705,12876,829
108000005,3059,2071,988
108000006,3840,4557,-717
108000007,2567,2282,285
108000008,3595,4760,-1165
108000009,1627,2097,-470
108000010,1675,4043,-2368
108000011,7008,5042,1966
108000012,14110,13055,1055
108000014,471,363,108
108000015,317,247,70
108000016,134,621,-487
108000017,414,276,138
108000018,709,281,428
108000019,880,424,456
108000020,691,303,388
108000021,350,1290,-940
108000022,422,1141,-719
108000023,618,85,533
108000024,110,594,-484
108000025,84,153,-69
108000026,177,533,-356
108000027,178,501,-323
108000028,191,253,-62
108000029,186,885,-699
108000030,177,191,-14
108000031,124,434,-310
108000032,588,324,264
108000033,298,1084,-786
108000034,697,222,475
108000035,584,2150,-1566
108000036,217,1155,-938
108000037,886,243,643
108000038,1074,246,828
108000039,315,2190,-1875
108000040,759,357,402
108000041,559,2423,-1864
108000042,68,221,-153
108000043,71,194,-123
108000044,120,137,-17
108000045,106,650,-544
108000046,526,168,358
108000047,213,870,-657
108000048,60,410,-350
108000049,270,112,158
108000050,141,659,-518
108000051,113,52,61
108000052,237,668,-431
108000053,118,81,37
108000054,302,721,-419
108000055,525,200,325
108000056,861,857,4
108000057,365,462,-97
108000058,1418,1598,-180
108000059,3025,1510,1515
108000060,89,354,-265
108000061,235,519,-284
108000062,274,250,24
108000063,257,526,-269
108000064,96,166,-70
108000065,266,478,-212
108000066,1113,550,563
108000067,801,277,524
108000068,342,251,91
108000069,135,1057,-922
108000070,664,440,224
108000071,407,1669,-1262
108000072,687,633,54
108000073,1113,1716,-603
108000074,137,228,-91
108000075,196,682,-486
108000076,276,286,-10
108000077,561,637,-76
108000078,1039,795,244
108000079,778,1569,-791
108000080,340,321,19
108000081,254,2319,-2065
108000082,763,1334,-571
108000083,848,478,370
108000084,310,1042,-732
108000085,262,189,73
108000086,665,710,-45
108000087,110,797,-687
108000088,355,111,244
108000089,150,137,13
108000091,55,500,-445
108000092,61,59,2
108000093,59,715,-656
108000094,322,69,253
108000095,80,381,-301
108000096,107,104,3
108000097,89,479,-390
108000098,483,1006,-523
108000099,462,222,240
108000100,35,246,-211
108000101,497,538,-41
108000102,680,1246,-566
108000106,424,1,423
108000107,2,603,-601
108000108,370,18,352
108000109,1,641,-640
108000110,64,139,-75
108000111,83,541,-458
108000112,34,78,-44
108000113,444,224,220
108000115,378,239,139
108000117,556,176,380
108000118,282,587,-305
108000119,637,426,211
108000120,65,355,-290
108000121,178,435,-257
108000122,148,165,-17
108000123,209,253,-44
108000124,141,429,-288
108000125,85,310,-225
108000126,56,607,-551
108000127,118,340,-222
108000128,188,769,-581
108000129,100,1444,-1344
108000130,72,279,-207
108000131,566,143,423
108000132,1238,1031,207
108000133,376,340,36
108000134,552,586,-34
108000135,342,215,127
108000136,609,866,-257
108000137,109,290,-181
108000138,138,814,-676
108000139,88,317,-229
108000140,10,21,-11
108000141,7,176,-169
108000142,28,95,-67
108000143,16,538,-522
108000144,178,105,73
108000145,14,12,2
108000146,158,31,127
108000147,13,41,-28
108000148,84,61,23
108000149,12,12,0
108000150,18,6,12
108000151,159,37,122
108000152,50,521,-471
108000153,122,62,60
108000154,42,15,27
108000155,17,7,10
108000156,679,301,378
108000157,60,292,-232
108000158,61,326,-265
108000159,601,76,525
108000160,4149,492,3657
108000161,3409,851,2558
108000165,6,78,-72
108000172,3,109,-106
108000173,2363,746,1617
108000175,198,61,137
108000178,251,259,-8
108000179,147,402,-255
108000181,63,52,11
108000182,342,70,272
108000183,42,305,-263
108000184,911,906,5
108000185,51,554,-503
108000186,82,490,-408
108000187,29,665,-636
108000188,144,177,-33
108000189,1346,1919,-573
108000190,22,84,-62
108000192,55,568,-513
108000193,484,17,467
108000194,17,7,10
108000195,2,1040,-1038
108000196,61,92,-31
108000198,302,359,-57
108000199,0,125,-125
108000200,104,594,-490
108000203,28,860,-832
108000204,35,13,22
108000205,289,422,-133
108000339,1136,198,938
108000364,324,311,13
108000365,35,346,-311
108000367,93,253,-160
108000368,9,29,-20
108000369,1306,51,1255
108000371,7,569,-562
108000372,283,2,281
108000373,64,140,-76
108000376,52,9,43
108000377,155,248,-93
108000378,6842,5297,1545
108000379,25,120,-95
108000381,25,9,16
108000382,73,0,73
108000383,0,111,-111
108900001,50,870,-820
108900002,112,37,75
108900003,234,797,-563
108900004,1881,189,1692
108900007,33,112,-79
108900008,31,114,-83
108900009,11,70,-59
108900010,52,103,-51
108900011,155,286,-131
108900012,83,409,-326
108900013,36,212,-176
108900014,0,50,-50
108900015,0,6,-6
108900016,2,158,-156
108900017,63,112,-49
108900018,34,471,-437
108900019,6,987,-981
108900020,18,268,-250
108900021,38,216,-178
108900022,30,4,26
108900023,1,22,-21
108900024,1,140,-139
108900025,21,82,-61
108900026,3,73,-70
108900027,0,103,-103
108900028,21,453,-432
108900029,24,229,-205
108900030,0,110,-110
108900031,25,543,-518
108900032,6,194,-188
108900033,0,59,-59
108900034,3,213,-210
108900035,84,1650,-1566
108900038,0,317,-317
108900039,0,514,-514
108900040,4,84,-80
108900041,4582,1235,3347
108900042,2,146,-144
108900043,42,370,-328
108900044,0,629,-629
108900045,11,477,-466
108900046,36,946,-910
108900047,1,53,-52
108900048,40,931,-891
108900049,4321,428,3893
108900050,0,310,-310
108900051,0,209,-209
108900052,15,274,-259
108900053,60,53,7
108900054,17,170,-153
108900055,31,346,-315
108900056,1,175,-174
108900057,1,137,-136
108900058,16,434,-418
108900059,92,10,82
108900060,23,44,-21
108900061,16,20,-4
108900062,3,307,-304
108900063,5,336,-331
108900064,43,45,-2
108900065,2,289,-287
108900066,91,59,32
108900067,7,190,-183
108900068,1,221,-220
108900069,21,91,-70
108900070,10,168,-158
108900071,47,40,7
108900072,2033,183,1850
108900073,7,437,-430
108900074,42,358,-316
108900075,31,72,-41
108900076,82,49,33
108900077,151,539,-388
108900078,4,172,-168
108900079,625,187,438
108900080,17,227,-210
108900081,50,207,-157
108900082,28,72,-44
108900083,14,100,-86
108900085,1757,91,1666
108900086,30,367,-337
108900087,89,149,-60
108900088,287,151,136
108900089,5,60,-55
108900090,6,372,-366
108900091,128,94,34
108900092,150,128,22
108900093,39,26,13
108900094,92,55,37
108900095,33,623,-590
108900096,404,18,386
108900097,124,154,-30
108900098,2573,206,2367
108900099,152,283,-131
108900100,18,106,-88
108900101,89,42,47
108900102,67,318,-251
108900103,31,37,-6
108900105,4,329,-325
108900106,87,532,-445
108900108,147,29,118
108900109,85,21,64
108900110,58,400,-342
108900111,84,525,-441
108900113,11,17,-6
108900114,34,14,20
108900115,28,41,-13
108900116,8,8,0
108900117,32,5,27
108900118,176,1,175
108900119,90,36,54
108900120,130,58,72
108900121,116,17,99
108900122,28,15,13
108900123,38,24,14
108900124,199,80,119
108900125,69,2,67
108900126,33,0,33
108900127,31,8,23
108900128,35,5,30
108900129,274,45,229
108900130,82,0,82
108900131,141,5,136
108900132,138,54,84
108900133,80,38,42
108900134,92,179,-87
108900135,26,1,25
108900136,2,0,2
108900137,33,0,33
108900138,201,8,193
108900140,77,182,-105
108900141,69,4,65
108900142,15,0,15
108900143,7,0,7
108900144,10,1,9
108900145,94,5,89
108900146,11,0,11
108900147,37,0,37
108900148,77,20,57
108900150,90,2,88
108900151,10,1,9
108900152,27,11,16
108900153,42,404,-362
108900154,1897,280,1617
108900156,21,1,20
108900157,7,468,-461
108900158,48,20,28
108900159,5,294,-289
108900160,4,210,-206
108900161,1,391,-390
108900162,26,1,25
108900163,9,103,-94
108900164,27,72,-45
108900168,9081,1267,7814
108900169,38,117,-79
108900171,4715,827,3888
108900172,137,27,110
108900173,156,287,-131
108900174,222,341,-119
108900176,99,526,-427
108900177,6917,1305,5612
108900178,4285,1104,3181
108900180,43,105,-62
108900183,65,133,-68
108900184,127,106,21
108900185,10,213,-203
108900186,7,246,-239
108900189,76,124,-48
108900190,22,2535,-2513
108900192,29,206,-177
108900195,37,288,-251
108900196,9,473,-464
108900199,87,235,-148
108900200,227,264,-37
108900201,140,837,-697
108900203,172,6,166
108900204,134,2,132
108900205,74,12,62
108900206,92,9,83
108900207,85,28,57
108900208,16,270,-254
108900209,162,423,-261
108900210,65,123,-58
108900211,80,193,-113
108900212,557,463,94
108900215,63,532,-469
108900216,323,43,280
108900217,25,0,25
108900218,25,3,22
108900221,18,46,-28
108900224,15,72,-57
108900225,0,132,-132
108900227,32,55,-23
108900230,364,243,121
108900232,2,333,-331
108900233,112,10,102
108900234,160,23,137
108900235,114,585,-471
108900236,21,359,-338
108900240,35,55,-20
108900241,10,17,-7
108900245,0,402,-402
108900250,88,83,5
108900258,16,225,-209
108900259,22,48,-26
108900260,8,126,-118
108900261,92,107,-15
108900262,231,93,138
108900263,59,251,-192
108900264,286,191,95
108900265,1097,165,932
108900266,867,171,696
108900267,2,76,-74
108900268,1,4,-3
108900269,19,5,14
108900270,22,3,19
108900271,5,1,4
108900272,40,3,37
108900273,809,231,578
108900274,15,50,-35
109000001,2136,698,1438
109000002,2865,1151,1714
109000003,1473,453,1020
109000004,377,2323,-1946
109000005,1184,599,585
109000006,507,1837,-1330
109000007,558,583,-25
109000008,330,1647,-1317
109000009,2009,698,1311
109000010,1107,3253,-2146
109000011,1317,1018,299
109000012,1245,3618,-2373
109000013,1498,1105,393
109000014,879,2893,-2014
109000015,2208,2590,-382
109000016,8435,3340,5095
109000017,1137,766,371
109000018,502,2842,-2340
109000019,1367,892,475
109000020,960,1909,-949
109000023,93,8,85
109000024,2,112,-110
109000025,256,181,75
109000026,478,168,310
109000027,53,194,-141
109000028,72,75,-3
109000029,125,55,70
109000030,63,533,-470
109000031,58,67,-9
109000032,40,456,-416
109000033,137,69,68
109000034,39,30,9
109000035,22,52,-30
109000036,44,306,-262
109000037,174,433,-259
109000038,292,198,94
109000039,404,181,223
109000040,4181,2219,1962
109000041,4000,757,3243
109000042,663,731,-68
109000044,137,41,96
109000045,52,321,-269
109000046,116,44,72
109000047,65,287,-222
109000048,527,51,476
109000049,161,379,-218
109000050,204,80,124
109000051,211,262,-51
109000052,227,1386,-1159
109000053,54,31,23
109000054,53,459,-406
109000055,57,100,-43
109000056,106,428,-322
109000057,131,126,5
109000058,439,131,308
109000059,317,635,-318
109000060,257,155,102
109000061,1091,248,843
109000062,73,157,-84
109000063,110,144,-34
109000064,51,121,-70
109000065,29,237,-208
109000066,154,75,79
109000067,19,253,-234
109000068,209,5,204
109000069,384,7,377
109000070,7,652,-645
109000071,168,68,100
109000072,45,245,-200
109000073,32,48,-16
109000074,20,170,-150
109000075,45,314,-269
109000076,59,106,-47
109000077,243,243,0
109000078,17,59,-42
109000079,89,215,-126
109000080,65,68,-3
109000081,32,515,-483
109000082,172,253,-81
109000083,117,724,-607
109000088,49,323,-274
109000089,95,6,89
109000090,118,389,-271
109000091,136,54,82
109000092,274,448,-174
109000093,135,108,27
109000094,102,0,102
109000095,50,577,-527
109000096,265,61,204
109000097,63,75,-12
109000098,32,53,-21
109000099,457,184,273
109000100,90,450,-360
109000101,407,576,-169
109000102,165,649,-484
109000103,115,422,-307
109000104,608,459,149
109000105,236,1179,-943
109000106,759,393,366
109000107,281,1578,-1297
109000108,660,372,288
109000109,343,1638,-1295
109000110,662,300,362
109000111,603,1807,-1204
109000112,154,111,43
109000113,82,125,-43
109000114,58,248,-190
109000115,696,80,616
109000116,12,151,-139
109000117,39,85,-46
109000118,6,274,-268
109000119,267,297,-30
109000120,61,918,-857
109000121,107,38,69
109000122,35,849,-814
109000123,11,62,-51
109000124,210,244,-34
109000125,237,238,-1
109000126,182,675,-493
109000127,272,150,122
109000128,267,1972,-1705
109000129,759,235,524
109000130,419,2164,-1745
109000131,352,142,210
109000132,355,1310,-955
109000133,192,858,-666
109000134,499,1225,-726
109000135,619,892,-273
109000136,149,297,-148
109000137,128,178,-50
109000138,213,328,-115
109000139,213,300,-87
109000140,29,387,-358
109000141,141,317,-176
109000142,60,371,-311
109000143,35,46,-11
109000145,47,136,-89
109000146,74,58,16
109000148,3078,368,2710
109000149,15,17,-2
109000150,59,92,-33
109000155,177,363,-186
109000156,715,714,1
109000158,23,210,-187
109000159,23,491,-468
109000160,327,251,76
109000161,140,1195,-1055
109000162,839,744,95
109000163,440,1332,-892
109000164,702,2112,-1410
109000165,578,521,57
109000166,340,95,245
109000167,54,757,-703
109000170,35,37,-2
109000171,39,29,10
109000172,28,26,2
109000173,6,38,-32
109000174,18,57,-39
109000175,11,76,-65
109000176,91,252,-161
109000177,9,103,-94
109000178,265,370,-105
109000179,5823,1645,4178
109000180,3566,1872,1694
109000181,2,31,-29
109000182,26,41,-15
109000183,8,16,-8
109000184,21,15,6
109000185,15,40,-25
109000188,226,2284,-2058
109000189,962,616,346
109000190,267,439,-172
109000191,125,534,-409
109000192,116,205,-89
109000193,65,345,-280
109000194,57,97,-40
109000195,60,333,-273
109000196,85,55,30
109000197,72,406,-334
109000198,101,41,60
109000199,51,466,-415
109000206,91,26,65
109000207,38,34,4
109000208,60,37,23
109000209,109,80,29
109000210,134,367,-233
109000211,141,217,-76
109000214,133,523,-390
109000215,52,59,-7
109000216,140,82,58
109000217,72,40,32
109000218,120,63,57
109000221,166,838,-672
109000222,388,47,341
109000223,148,128,20
109000224,23,363,-340
109000225,44,32,12
109000226,42,255,-213
109000227,489,1106,-617
109000228,3,216,-213
109000231,2,367,-365
109000232,97,473,-376
109000236,116,656,-540
109000241,951,1373,-422
109000242,739,899,-160
109000293,8,26,-18
109000361,39,215,-176
109000364,67,522,-455
109000396,6,747,-741
109000397,168,1,167
109000399,121,469,-348
109000400,20,280,-260
109000403,20,170,-150
109000406,166,9,157
109000407,80,179,-99
109000408,3,524,-521
109000410,398,116,282
109000411,42,11,31
109900001,35,0,35
109900002,199,2,197
109900003,41,1,40
109900004,344,147,197
109900005,6,3,3
109900006,116,218,-102
109900007,201,754,-553
109900008,0,38,-38
109900009,62,662,-600
109900010,156,11,145
109900011,23,22,1
109900012,90,87,3
109900013,138,58,80
109900014,89,17,72
109900015,235,53,182
109900016,26,26,0
109900017,38,42,-4
109900018,77,93,-16
109900019,22,42,-20
109900020,2,23,-21
109900021,3,5,-2
109900022,74,332,-258
109900023,2,1,1
109900024,5,0,5
109900025,3,67,-64
109900026,3,162,-159
109900027,19,3,16
109900028,2037,236,1801
109900029,2,393,-391
109900030,2,0,2
109900031,0,27,-27
109900032,3,231,-228
109900033,1,409,-408
109900034,10,0,10
109900035,5,17,-12
109900036,4,70,-66
109900037,3,446,-443
109900038,24,221,-197
109900039,3,0,3
109900040,15,563,-548
109900041,20,364,-344
109900042,7,340,-333
109900044,34,250,-216
109900045,42,20,22
109900046,12,37,-25
109900047,211,279,-68
109900048,0,55,-55
109900049,4,14,-10
109900050,0,299,-299
109900051,0,41,-41
109900052,18,148,-130
109900053,2,413,-411
109900054,246,73,173
109900055,27,177,-150
109900056,17,68,-51
109900057,4,191,-187
109900058,0,96,-96
109900059,172,69,103
109900060,182,96,86
109900061,50,221,-171
109900062,0,242,-242
109900063,2,314,-312
109900064,163,187,-24
109900065,43,77,-34
109900066,114,805,-691
109900067,1,462,-461
109900068,10,0,10
109900069,1,34,-33
109900070,28,230,-202
109900071,2,17,-15
109900072,2,99,-97
109900073,66,608,-542
109900074,3,59,-56
109900075,7,11,-4
109900076,12,455,-443
109900077,19,47,-28
109900078,58,235,-177
109900080,62,252,-190
109900081,10,49,-39
109900082,23,298,-275
109900083,16,15,1
109900084,22,109,-87
109900085,106,1114,-1008
109900086,74,107,-33
109900087,160,202,-42
109900089,190,60,130
109900090,352,979,-627
109900091,96,33,63
109900092,160,9,151
109900093,226,52,174
109900094,17,56,-39
109900095,86,188,-102
109900096,3,0,3
109900097,51,0,51
109900098,123,7,116
109900099,66,1,65
109900100,15,0,15
109900101,102,3,99
109900102,162,5,157
109900103,2,27,-25
109900104,127,981,-854
109900105,153,8,145
109900106,56,52,4
109900107,105,32,73
109900108,49,394,-345
109900109,18,137,-119
109900110,26,324,-298
109900111,169,993,-824
109900112,299,848,-549
109900113,262,146,116
109900114,298,215,83
109900115,62,52,10
109900117,190,76,114
109900118,155,287,-132
109900119,352,158,194
109900120,16,4,12
109900121,212,78,134
109900122,123,0,123
109900123,5,144,-139
109900124,24,677,-653
109900125,0,190,-190
109900126,31,123,-92
109900128,50,39,11
109900130,9612,690,8922
109900131,37,142,-105
109900132,28,176,-148
109900133,34,322,-288
109900134,34,27,7
109900135,350,38,312
109900136,17,81,-64
109900137,34,344,-310
109900140,63,249,-186
109900142,278,135,143
109900145,0,67,-67
109900146,195,17,178
109900148,20,61,-41
109900149,30,40,-10
109900150,2,60,-58
109900151,1,59,-58
109900152,1,20,-19
109900153,0,40,-40
109900154,0,0,0
109900155,10,4,6
109900157,18,181,-163
109900158,34,109,-75
109900159,54,27,27
109900160,53,25,28
109900161,105,24,81
109900162,63,13,50
109900163,424,169,255
109900164,37,189,-152
109900165,50,2,48
109900166,1,150,-149
109900167,55,414,-359
109900168,55,423,-368
109900169,41,101,-60
109900170,150,318,-168
109900171,53,56,-3
109900172,54,169,-115
109900173,3364,678,2686
109900174,16,113,-97
109900175,13,52,-39
109900176,26,120,-94
109900177,20,238,-218
109900178,2,61,-59
109900179,1,33,-32
109900180,1,6,-5
110000001,429,431,-2
110000002,417,291,126
110000003,597,463,134
110000004,451,330,121
110000005,643,781,-138
110000006,495,252,243
110000007,75,102,-27
110000008,3,35,-32
110000009,13,36,-23
110000010,12,35,-23
110000011,12,59,-47
110000012,490,317,173
110000013,30,243,-213
110000014,466,298,168
110000015,257,333,-76
110000016,273,646,-373
110000017,3334,163,3171
110000018,2668,356,2312
110000019,15,135,-120
110000020,440,176,264
110000021,264,224,40
110000022,364,79,285
110000023,10,122,-112
110000024,481,249,232
110000025,85,11,74
110000026,6,394,-388
110000027,277,259,18
110000028,444,428,16
110000029,395,774,-379
110000030,133,183,-50
110000031,137,495,-358
110000032,400,256,144
110000033,60,67,-7
110000034,119,648,-529
110000035,209,802,-593
110000036,217,515,-298
110000037,56,497,-441
110000038,108,364,-256
110000039,342,921,-579
110000040,175,353,-178
110000041,103,574,-471
110000042,55,244,-189
110000043,271,124,147
110000044,38,57,-19
110000045,146,45,101
110000046,0,8,-8
110000047,0,5,-5
110000048,9,5,4
110000049,9,0,9
110000050,7,13,-6
110000051,4,0,4
110000052,20,38,-18
110000053,15,3,12
110000054,79,157,-78
110000055,159,19,140
110000056,246,60,186
110000057,180,584,-404
110000058,461,423,38
110000059,378,434,-56
110000060,280,518,-238
110000061,693,687,6
110000062,594,518,76
110000063,11,65,-54
110000064,32,105,-73
110000065,19,62,-43
110000066,32,30,2
110000067,24,219,-195
110000068,94,387,-293
110000069,55,74,-19
110000071,52,105,-53
110000073,3,16,-13
110000075,6,81,-75
110000076,263,105,158
110000077,394,220,174
110000078,14,29,-15
110000080,140,489,-349
110000081,13,173,-160
110000082,12,138,-126
110000083,129,390,-261
110000084,405,270,135
110000085,2478,1152,1326
110000086,1036,603,433
110000087,2,54,-52
110000088,7,189,-182
110000089,92,120,-28
110000090,15,229,-214
110000091,1293,229,1064
110000092,13,66,-53
110000093,33,8,25
110000094,301,183,118
110000095,49,261,-212
110000096,3285,1324,1961
110000097,656,771,-115
110000098,1121,348,773
110000099,704,1077,-373
110000100,203,728,-525
110000101,6,475,-469
110000102,24,28,-4
110000104,49,63,-14
110000105,18,251,-233
110000106,230,142,88
110000107,270,357,-87
110000108,145,35,110
110000109,183,215,-32
110000110,3787,2014,1773
110000111,6383,1257,5126
110000112,877,193,684
110000113,622,636,-14
110000114,54,236,-182
110000115,113,186,-73
110000116,18,26,-8
110000117,89,441,-352
110000118,149,183,-34
110000119,91,307,-216
110000120,131,129,2
110000121,57,142,-85
110000122,169,370,-201
110000123,186,245,-59
110000124,2,634,-632
110000125,498,4,494
110000126,101,12,89
110000127,319,14,305
110000128,16,1363,-1347
110000129,2,471,-469
110000130,104,74,30
110000131,82,326,-244
110000132,4,620,-616
110000133,16,148,-132
110000134,32,187,-155
110000135,129,10,119
110000136,21,214,-193
110000137,206,540,-334
110000138,266,750,-484
110000139,345,1105,-760
110000140,553,246,307
110000143,500,215,285
110000144,3274,679,2595
110000145,865,344,521
110000146,952,392,560
110000147,134,457,-323
110000148,229,296,-67
110000151,689,426,263
110000152,559,215,344
110000153,12,70,-58
110000154,2,6,-4
110000155,821,1191,-370
110000156,513,828,-315
110000157,614,989,-375
110000160,243,315,-72
110000161,120,368,-248
110000166,115,113,2
110000167,408,371,37
110000168,409,201,208
110000169,222,189,33
110000170,63,57,6
110000171,292,119,173
110000172,127,671,-544
110000173,817,1039,-222
110000174,36,1143,-1107
110000175,160,39,121
110000176,18,146,-128
110000177,109,496,-387
110000178,315,486,-171
110000179,1091,266,825
110000180,72,301,-229
110000181,146,268,-122
110000182,287,195,92
110000183,8867,3137,5730
110000184,384,1075,-691
110000185,493,517,-24
110000186,456,327,129
110000191,171,322,-151
110000192,120,3,117
110000193,181,0,181
110000194,5,1005,-1000
110000195,93,271,-178
110000196,119,317,-198
110000197,30,176,-146
110000198,51,55,-4
110000199,27,77,-50
110000200,868,450,418
110000201,186,328,-142
110000202,604,277,327
110000203,387,593,-206
110000204,2,210,-208
110000205,21,53,-32
110000206,346,1237,-891
110000207,269,212,57
110000208,36,117,-81
110000209,67,602,-535
110000210,232,410,-178
110000211,272,510,-238
110000212,165,526,-361
110000213,36,33,3
110000214,53,97,-44
110000215,33,511,-478
110000216,30,552,-522
110000217,89,212,-123
110000218,55,406,-351
110000219,76,53,23
110000220,23,328,-305
110000221,98,50,48
110000222,25,291,-266
110000223,3,49,-46
110000224,35,2,33
110000225,64,445,-381
110000226,131,39,92
110000227,313,334,-21
110000228,205,253,-48
110000229,2,171,-169
110000230,240,429,-189
110000231,78,74,4
110000232,60,161,-101
110000233,87,198,-111
110000234,348,241,107
110000235,828,557,271
110000236,165,806,-641
110000237,757,879,-122
110000238,514,950,-436
110000239,735,1080,-345
110000240,0,121,-121
110000242,0,10,-10
110000243,26,153,-127
110000244,71,278,-207
110000245,45,351,-306
110000246,230,493,-263
110000247,1470,2529,-1059
110000248,2424,890,1534
110000249,58,3,55
110000250,3,162,-159
110000251,42,305,-263
110000252,85,220,-135
110000253,681,281,400
110000254,533,934,-401
110000255,158,892,-734
110000256,256,97,159
110000257,513,267,246
110000258,5,392,-387
110000259,38,22,16
110000260,7,350,-343
110000263,510,53,457
110000264,106,508,-402
110000265,599,959,-360
110000266,1219,1421,-202
110000267,3,128,-125
110000268,145,341,-196
110000269,1,63,-62
110000270,20,0,20
110000271,1655,181,1474
110000272,433,605,-172
110000273,2111,846,1265
110000274,83,549,-466
110000275,2363,349,2014
110000276,82,150,-68
110000277,60,319,-259
110000278,136,605,-469
110000279,409,585,-176
110000280,125,298,-173
110000281,12,93,-81
110000282,162,26,136
110000283,48,24,24
110000284,28,10,18
110000285,0,122,-122
110000286,10,0,10
110000287,20,5,15
110000288,0,44,-44
110000289,271,854,-583
110000290,1059,427,632
110000291,4530,931,3599
110000292,748,2581,-1833
110000293,184,779,-595
110000294,327,556,-229
110000295,45,588,-543
110000296,115,237,-122
110000297,2373,194,2179
110000298,290,284,6
110000299,693,21,672
110000301,53,4,49
110000302,127,966,-839
110000303,171,1,170
110000304,57,231,-174
110000305,336,7,329
110000306,44,1596,-1552
110000307,383,1,382
110000308,218,8,210
110000309,5,1028,-1023
110000310,282,62,220
110000311,7,651,-644
110000312,510,21,489
110000313,3488,1200,2288
110000314,3,203,-200
110000315,2278,1116,1162
110000316,298,881,-583
110000317,358,158,200
110000318,1,66,-65
110000319,3,13,-10
110000320,10,45,-35
110000321,19,35,-16
110000322,89,388,-299
110000323,150,200,-50
110000324,3821,836,2985
110000325,1461,1552,-91
110000327,393,144,249
110000328,144,374,-230
110000333,313,319,-6
110000334,285,1042,-757
110000335,632,361,271
110000336,222,1038,-816
110000337,362,332,30
110000338,126,195,-69
110000339,53,213,-160
110000340,4,130,-126
110000341,143,447,-304
110000342,289,2,287
110000343,0,8,-8
110000344,13,145,-132
110000345,39,46,-7
110000346,1691,901,790
110000347,696,511,185
110000348,0,14,-14
110000349,5,26,-21
110000350,26,4,22
110000351,286,641,-355
110000352,268,1091,-823
110000353,2354,607,1747
110000354,451,1154,-703
110000355,30,44,-14
110000356,342,2,340
110000357,143,8,135
110000361,1,91,-90
110000362,18,59,-41
110000363,106,109,-3
110000364,76,277,-201
110000365,90,1,89
110000366,0,98,-98
110000367,144,248,-104
110000368,0,44,-44
110000369,12,0,12
110000373,2,269,-267
110000374,14,1,13
110000375,73,470,-397
110000376,23,108,-85
110000377,43,179,-136
110000378,9,235,-226
110000379,2850,617,2233
110000380,15,4,11
110000383,0,454,-454
110000384,1449,300,1149
110000385,0,127,-127
110000387,49,17,32
110000388,16,197,-181
110000389,217,4,213
110000391,106,261,-155
110000396,42,116,-74
110000397,28,163,-135
110000398,5,27,-22
110000399,94,0,94
110000587,28,20,8
110000589,79,124,-45
110000640,58,83,-25
110000652,7,87,-80
110000653,112,373,-261
110000654,4,12,-8
110000656,1,517,-516
110000674,14,5,9
110000675,0,4,-4
110000676,1,21,-20
110000679,469,304,165
110000682,85,75,10
110000683,282,397,-115
110000684,0,35,-35
110000685,8,6,2
110000686,3,21,-18
110000687,8,0,8
110000688,51,345,-294
110000689,25,48,-23
110000692,44,187,-143
110000693,59,164,-105
110000694,0,89,-89
110000695,47,476,-429
110000696,88,60,28
110900001,83,7,76
110900002,140,210,-70
110900003,159,810,-651
110900004,121,178,-57
110900005,3159,636,2523
110900006,28,8,20
110900007,21,8,13
110900008,6,46,-40
110900009,143,19,124
110900010,3,29,-26
110900011,6,93,-87
110900012,1,79,-78
110900013,288,94,194
110900014,77,3,74
110900015,643,196,447
110900016,6,141,-135
110900017,113,33,80
110900018,195,53,142
110900019,44,9,35
110900020,27,329,-302
110900021,18,434,-416
110900022,24,328,-304
110900023,45,342,-297
110900024,15,461,-446
110900025,0,29,-29
110900027,16,228,-212
110900028,7,160,-153
110900029,42,378,-336
110900030,11,326,-315
110900031,0,106,-106
110900032,2,65,-63
110900033,14,236,-222
110900035,13,295,-282
110900036,19,13,6
110900037,12,12,0
110900038,1034,143,891
110900039,4,180,-176
110900040,71,23,48
110900041,1,136,-135
110900042,17,32,-15
110900043,5,126,-121
110900044,181,24,157
110900045,24,517,-493
110900046,108,275,-167
110900047,665,52,613
110900049,13,21,-8
110900050,2,0,2
110900051,20,96,-76
110900052,2,175,-173
110900053,17,51,-34
110900054,11,252,-241
110900055,9,0,9
110900056,33,58,-25
110900057,3,183,-180
110900058,35,204,-169
110900059,310,611,-301
110900060,182,59,123
110900061,13,27,-14
110900062,34,234,-200
110900063,8,47,-39
110900064,5,0,5
110900065,302,65,237
110900066,1,45,-44
110900067,453,328,125
110900068,142,182,-40
110900069,0,21,-21
110900070,58,31,27
110900071,216,174,42
110900073,0,14,-14
110900074,125,76,49
110900075,123,43,80
110900077,163,273,-110
110900078,6,68,-62
110900079,1702,391,1311
110900080,23,40,-17
110900081,2,68,-66
110900082,23,174,-151
110900083,30,23,7
110900084,5,80,-75
110900085,11,204,-193
110900086,46,80,-34
110900087,94,41,53
110900088,1,0,1
110900090,12,9,3
110900091,0,54,-54
110900093,108,70,38
110900095,16,35,-19
110900097,5,14,-9
110900098,3,90,-87
110900099,24,370,-346
110900100,0,21,-21
110900102,4,10,-6
110900105,290,275,15
110900108,2,66,-64
110900111,124,35,89
110900112,253,1,252
110900113,400,26,374
110900115,3,71,-68
110900116,162,2200,-2038
110900118,98,795,-697
110900119,4831,204,4627
110900120,4,248,-244
110900121,56,0,56
110900122,84,118,-34
110900125,139,133,6
110900127,324,417,-93
110900128,220,179,41
110900129,119,187,-68
110900130,707,157,550
110900131,39,44,-5
110900132,150,27,123
110900133,23,258,-235
110900135,30,306,-276
110900136,79,8,71
110900138,0,0,0
110900139,13,1,12
110900140,2,0,2
110900141,144,78,66
110900142,29,139,-110
110900143,40,69,-29
110900144,1,545,-544
110900145,49,7,42
110900146,247,49,198
110900147,146,198,-52
110900148,0,219,-219
110900149,1,35,-34
110900150,2,7,-5
110900151,4,30,-26
110900152,6,272,-266
110900153,30,15,15
111000001,169,296,-127
111000002,469,501,-32
111000003,300,324,-24
111000004,322,910,-588
111000005,632,527,105
111000006,581,833,-252
111000007,2934,1152,1782
111000008,2642,2601,41
111000009,223,673,-450
111000010,380,242,138
111000011,351,641,-290
111000012,498,276,222
111000013,188,1117,-929
111000014,653,524,129
111000017,99,344,-245
111000018,113,248,-135
111000020,1844,1533,311
111000021,58,94,-36
111000023,111,149,-38
111000025,5409,1202,4207
111000029,30,87,-57
111000030,26,46,-20
111000031,1543,453,1090
111000032,427,140,287
111000033,228,100,128
111000034,173,118,55
111000037,2421,995,1426
111000038,2242,1737,505
111000039,832,1722,-890
111000040,1029,1977,-948
111000041,1324,1234,90
111000042,4941,1984,2957
111000043,1163,1031,132
111000044,849,411,438
111000045,837,1129,-292
111000046,609,675,-66
111000047,1035,1288,-253
111000049,212,426,-214
111000050,1417,1443,-26
111000051,274,893,-619
111000052,357,1092,-735
111000053,305,820,-515
111000054,190,811,-621
111000055,892,1729,-837
111000056,57,623,-566
111000057,60,751,-691
111000058,96,92,4
111000059,117,265,-148
111000060,1664,866,798
111000061,224,258,-34
111000062,456,207,249
111000063,1254,615,639
111000064,273,424,-151
111000065,573,542,31
111000066,149,160,-11
111000067,189,535,-346
111000068,142,514,-372
111000069,1174,1509,-335
111000070,1953,988,965
111000071,189,602,-413
111000072,473,251,222
111000073,114,426,-312
111000074,979,862,117
111000075,404,478,-74
111000076,198,615,-417
111000077,783,929,-146
111000078,1267,853,414
111000079,944,560,384
111000080,264,548,-284
111000081,1623,2075,-452
111000082,387,497,-110
111000084,345,374,-29
111000085,539,1381,-842
111000086,2419,1151,1268
111000087,640,804,-164
111000088,4743,1292,3451
111000089,494,817,-323
111000090,1036,1217,-181
111000091,518,723,-205
111000092,642,1109,-467
111000093,275,642,-367
111000094,858,632,226
111000095,639,1303,-664
111000096,2472,4446,-1974
111000097,4719,798,3921
111000098,330,1159,-829
111000099,306,2195,-1889
111000100,153,2197,-2044
111000101,278,666,-388
111000102,52,658,-606
111000104,97,139,-42
111000107,34,598,-564
111000109,86,145,-59
111000110,432,411,21
111000111,595,358,237
111000112,746,199,547
111000113,505,308,197
111000114,996,741,255
111000115,6651,570,6081
111000116,704,505,199
111000117,436,600,-164
111000118,1117,756,361
111000119,656,1377,-721
111000120,222,463,-241
111000121,149,387,-238
111000122,256,779,-523
111000123,456,2685,-2229
111000124,258,3265,-3007
111000125,134,1816,-1682
111000126,54,853,-799
111000127,347,152,195
111000128,516,280,236
111000129,759,374,385
111000130,689,486,203
111000131,435,450,-15
111000132,389,262,127
111000133,81,88,-7
111000134,64,84,-20
111000135,26,92,-66
111000136,137,246,-109
111000138,3,12,-9
111000140,3,1,2
111000141,88,193,-105
111000142,32,108,-76
111000143,2,71,-69
111000144,4,79,-75
111000145,179,4,175
111000146,11,3,8
111000147,259,10,249
111000148,55,51,4
111000149,0,14,-14
111000150,9,3,6
111000151,3,19,-16
111000153,452,411,41
111000154,579,178,401
111000155,72,97,-25
111000156,292,267,25
111000157,96,298,-202
111000158,692,403,289
111000159,2079,467,1612
111000160,153,406,-253
111000161,16,173,-157
111000162,4,128,-124
111000163,235,522,-287
111000164,663,1424,-761
111000165,1144,355,789
111000166,963,228,735
111000167,141,436,-295
111000168,169,331,-162
111000169,229,385,-156
111000170,293,273,20
111000171,285,842,-557
111000172,60,509,-449
111000173,126,1160,-1034
111000174,51,426,-375
111000175,24,218,-194
111000176,86,142,-56
111000177,51,244,-193
111000178,399,310,89
111000179,52,189,-137
111000180,90,214,-124
111000181,314,210,104
111000182,81,145,-64
111000183,124,250,-126
111000184,203,184,19
111000185,229,470,-241
111000186,130,321,-191
111000187,95,263,-168
111000188,58,479,-421
111000189,1278,466,812
111000190,130,455,-325
111000191,87,388,-301
111000192,149,602,-453
111000193,324,270,54
111000194,8,340,-332
111000195,67,403,-336
111000196,16,326,-310
111000197,99,194,-95
111000198,166,105,61
111000199,39,127,-88
111000200,53,217,-164
111000201,164,140,24
111000202,122,122,0
111000203,137,141,-4
111000204,203,225,-22
111000213,110,285,-175
111000214,795,1366,-571
111000215,464,1091,-627
111000217,693,746,-53
111000218,663,751,-88
111000219,267,187,80
111000220,2095,338,1757
111000221,489,82,407
111000224,97,276,-179
111000225,146,99,47
111000226,72,1,71
111000227,32,7,25
111000228,1,138,-137
111000229,20,189,-169
111000230,89,349,-260
111000231,336,1153,-817
111000232,138,759,-621
111000233,144,547,-403
111000234,22,109,-87
111000239,172,127,45
111000240,10,42,-32
111000241,20,363,-343
111000242,24,28,-4
111000243,50,772,-722
111000244,90,43,47
111000245,263,423,-160
111000246,142,524,-382
111000247,81,976,-895
111000248,194,272,-78
111000249,315,811,-496
111000250,16,133,-117
111000251,23,101,-78
111000253,6,7,-1
111000255,11,6,5
111000257,17,29,-12
111000260,29,980,-951
111000261,260,52,208
111000271,38,257,-219
111000273,5014,977,4037
111000274,796,1293,-497
111000275,57,51,6
111000276,180,1954,-1774
111000277,62,409,-347
111000278,305,207,98
111000291,297,1818,-1521
111000298,161,202,-41
111000299,414,50,364
111000300,37,486,-449
111000302,138,55,83
111000303,57,190,-133
111000312,55,42,13
111000315,10,166,-156
111000320,260,505,-245
111000321,146,29,117
111000322,87,476,-389
111000323,55,16,39
111000324,277,261,16
111000325,6,58,-52
111000326,30,313,-283
111000327,253,528,-275
111000328,91,289,-198
111000329,0,22,-22
111000330,22,5,17
111000331,8,3,5
111000332,208,819,-611
111000334,235,1412,-1177
111000335,155,90,65
111000337,246,287,-41
111000338,9,75,-66
111000339,68,471,-403
111000340,44,811,-767
111000341,444,158,286
111000342,77,152,-75
111000344,414,583,-169
111000345,235,28,207
111000346,15,72,-57
111000347,19,2,17
111000350,145,98,47
111000351,61,231,-170
111000352,72,102,-30
111000353,27,179,-152
111000354,97,116,-19
111000355,120,506,-386
111000358,55,1604,-1549
111000360,52,903,-851
111000361,22,289,-267
111000546,107,546,-439
111000547,156,567,-411
111000548,30,127,-97
111000549,75,265,-190
111000550,52,190,-138
111000551,429,63,366
111000552,334,50,284
111000907,97,7,90
111000908,7,0,7
111000916,428,161,267
111000917,20,270,-250
111000918,58,876,-818
111000920,148,12,136
111000921,1,309,-308
111000922,108,193,-85
111000924,12,748,-736
111000925,934,1309,-375
111000926,728,2211,-1483
111000927,2177,2560,-383
111000928,4848,3113,1735
111000929,416,661,-245
111000930,336,1807,-1471
111000931,844,1129,-285
111000932,2674,1931,743
111000933,2068,1201,867
111000934,1615,2023,-408
111000935,479,693,-214
111000936,564,1875,-1311
111000937,437,692,-255
111000938,1084,2002,-918
111000939,147,68,79
111000940,175,175,0
111000941,77,476,-399
111000943,118,202,-84
111000944,40,494,-454
111000945,14,1785,-1771
111001109,201,76,125
111001110,144,640,-496
111001111,7,15,-8
111001112,55,1,54
111001113,25,75,-50
111001114,859,73,786
111001115,131,225,-94
111001116,4102,1078,3024
111001117,510,458,52
111001120,67,285,-218
111001121,105,271,-166
111001122,129,596,-467
111001123,56,93,-37
111001124,46,363,-317
111001125,0,9,-9
111001126,5,78,-73
111900001,0,125,-125
111900002,3,642,-639
111900003,3,291,-288
111900004,19,128,-109
111900006,5,9,-4
111900007,31,13,18
111900008,25,1,24
111900009,18,44,-26
111900010,159,459,-300
111900012,66,77,-11
111900013,4,55,-51
111900014,6227,1071,5156
111900015,0,56,-56
111900016,0,141,-141
111900017,1,114,-113
111900018,73,2,71
111900019,3,42,-39
111900020,1,29,-28
111900021,13,47,-34
111900022,3,40,-37
111900023,84,63,21
111900024,3,86,-83
111900025,0,34,-34
111900026,0,54,-54
111900027,2,181,-179
111900028,2,338,-336
111900029,2,100,-98
111900030,33,278,-245
111900031,0,13,-13
111900032,2,395,-393
111900033,3,90,-87
111900034,145,503,-358
111900035,4,143,-139
111900036,1,365,-364
111900038,276,486,-210
111900039,16,312,-296
111900040,7,739,-732
111900042,30,44,-14
111900043,4,422,-418
111900044,164,207,-43
111900046,33,158,-125
111900048,40,801,-761
111900049,22,229,-207
111900050,22,7,15
111900051,2,238,-236
111900052,380,486,-106
111900053,1031,170,861
111900054,32,1,31
111900055,26,553,-527
111900056,123,52,71
111900057,31,20,11
111900058,94,682,-588
111900059,1766,134,1632
111900060,97,3,94
111900061,5,228,-223
111900062,6,35,-29
111900063,91,151,-60
111900064,76,168,-92
111900065,15,9,6
111900066,49,83,-34
111900067,0,246,-246
111900068,10,28,-18
111900069,27,1,26
111900070,43,101,-58
111900071,1,222,-221
111900072,11,8,3
111900073,171,49,122
111900074,5,134,-129
111900075,20,2,18
111900076,21,10,11
111900077,2,1,1
111900078,54,6,48
111900079,7,6,1
111900080,146,50,96
111900082,28,3,25
111900083,14,5,9
111900084,28,5,23
111900085,6,16,-10
111900086,15,2,13
111900087,5,0,5
111900088,130,2,128
111900089,15,3,12
111900090,50,9,41
111900091,38,2,36
111900092,14,1,13
111900093,75,0,75
111900094,12,0,12
111900095,60,2,58
111900096,61,1,60
111900097,10,0,10
111900098,13,0,13
111900099,4,0,4
111900100,13,0,13
111900101,54,8,46
111900102,96,592,-496
111900103,43,20,23
111900104,56,38,18
111900105,112,68,44
111900106,1162,28,1134
111900110,2972,140,2832
111900111,14,135,-121
111900112,531,568,-37
111900113,315,52,263
111900118,88,15,73
111900119,85,22,63
111900122,16,19,-3
111900123,11,9,2
111900124,16,90,-74
111900125,89,5,84
111900126,61,0,61
111900127,0,652,-652
111900128,1,491,-490
111900129,76,24,52
111900130,38,3,35
111900131,80,0,80
111900132,11,964,-953
111900133,1,321,-320
111900134,5,276,-271
111900135,3,3,0
111900136,27,70,-43
111900137,48,29,19
111900138,9,57,-48
111900139,3,131,-128
111900140,20,14,6
111900141,11,4,7
111900142,11,15,-4
111900143,7,177,-170
111900144,1,125,-124
111900145,1,659,-658
111900146,4,374,-370
111900147,135,476,-341
111900148,33,829,-796
111900149,6,403,-397
111900150,13,212,-199
111900151,0,35,-35
111900152,92,28,64
111900153,1373,126,1247
111900154,12,83,-71
111900155,48,9,39
111900156,16,14,2
111900157,16,3,13
111900158,73,4,69
111900159,73,9,64
111900160,48,0,48
111900161,24,10,14
111900162,100,59,41
111900163,34,176,-142
111900164,41,24,17
111901113,45,245,-200
111901114,17,338,-321
111901115,14,1,13
111901116,8,1,7
111901117,6,3,3
111901118,66,29,37
111901119,1070,37,1033
111901121,143,195,-52
111901122,1,466,-465
111901123,45,398,-353
111901124,55,1,54
111901125,89,177,-88
111901127,714,133,581
111901128,5,72,-67
111901129,3,89,-86
111901130,6,171,-165
111901131,1,212,-211
111901132,20,6,14
111901133,10,0,10
111901134,10,1,9
111901135,10,1,9
111901136,4,5,-1
111901137,1,2,-1
111901138,25,19,6
111901139,11,47,-36
111901140,0,104,-104
111901141,2,185,-183
111901142,4,110,-106
111901143,4,91,-87
111901144,19,26,-7
111901145,103,83,20
111901146,145,6,139
111901147,632,45,587
111901148,4,13,-9
111901149,2,5,-3
112000001,849,542,307
112000002,548,1959,-1411
112000003,358,517,-159
112000004,323,1226,-903
112000005,997,853,144
112000006,866,1559,-693
112000007,973,874,99
112000008,1511,2245,-734
112000009,3356,2794,562
112000010,1275,1560,-285
112000011,1377,1761,-384
112000012,4613,1508,3105
112000013,5052,2377,2675
112000014,1671,605,1066
112000015,1915,1595,320
112000016,2039,632,1407
112000017,917,906,11
112000024,1433,462,971
112000026,3699,4137,-438
112000027,595,255,340
112000028,1380,1386,-6
112000029,159,342,-183
112000030,140,54,86
112000031,936,1624,-688
112000032,354,33,321
112000033,1331,582,749
112000034,149,14,135
112000035,43,141,-98
112000036,595,381,214
112000037,476,712,-236
112000038,423,625,-202
112000039,18,71,-53
112000040,100,230,-130
112000041,368,362,6
112000042,608,170,438
112000050,394,873,-479
112000051,379,529,-150
112000054,1237,1965,-728
112000057,400,195,205
112000058,208,274,-66
112000059,585,356,229
112000061,5120,1027,4093
112000062,2658,363,2295
112000063,1655,508,1147
112000064,4199,4320,-121
112000065,2144,2087,57
112000066,2381,610,1771
112000067,588,521,67
112000068,1534,798,736
112000069,520,1806,-1286
112000070,983,324,659
112000071,388,2437,-2049
112000072,538,516,22
112000073,906,1283,-377
112000074,689,544,145
112000075,609,714,-105
112000076,2230,2053,177
112000077,190,554,-364
112000078,600,569,31
112000079,723,1058,-335
112000080,308,794,-486
112000081,649,1538,-889
112000082,690,449,241
112000083,363,1269,-906
112000084,539,534,5
112000085,589,1147,-558
112000086,802,1256,-454
112000087,152,404,-252
112000088,155,521,-366
112000089,65,232,-167
112000090,93,341,-248
112000091,484,1018,-534
112000092,705,581,124
112000093,985,959,26
112000094,296,529,-233
112000095,308,570,-262
112000096,211,572,-361
112000097,360,344,16
112000098,481,1237,-756
112000099,348,374,-26
112000100,626,618,8
112000101,193,709,-516
112000102,288,354,-66
112000103,132,1075,-943
112000105,239,1905,-1666
112000106,446,291,155
112000107,20,110,-90
112000108,169,1419,-1250
112000109,66,62,4
112000110,769,328,441
112000111,990,3296,-2306
112000112,1577,331,1246
112000113,629,1751,-1122
112000114,938,528,410
112000115,110,471,-361
112000116,127,739,-612
112000117,331,453,-122
112000118,568,650,-82
112000119,260,819,-559
112000120,66,298,-232
112000121,39,597,-558
112000122,108,118,-10
112000123,234,116,118
112000124,102,75,27
112000125,72,78,-6
112000126,103,617,-514
112000127,1757,773,984
112000128,843,253,590
112000129,71,91,-20
112000130,33,39,-6
112000131,14,340,-326
112000132,33,301,-268
112000133,110,211,-101
112000134,237,340,-103
112000135,365,442,-77
112000136,522,941,-419
112000137,601,877,-276
112000138,831,1044,-213
112000139,635,162,473
112000140,801,834,-33
112000141,180,149,31
112000142,74,734,-660
112000143,359,146,213
112000144,148,1432,-1284
112000145,1019,545,474
112000146,437,1883,-1446
112000147,912,1070,-158
112000148,1178,1844,-666
112000149,102,622,-520
112000150,57,484,-427
112000151,216,457,-241
112000152,158,318,-160
112000153,132,228,-96
112000154,82,97,-15
112000155,72,44,28
112000157,434,326,108
112000158,116,460,-344
112000159,118,219,-101
112000167,78,28,50
112000169,233,199,34
112000173,267,205,62
112000175,114,268,-154
112000176,4446,1327,3119
112000177,142,84,58
112000178,34,415,-381
112000179,89,140,-51
112000180,179,184,-5
112000181,810,1564,-754
112000182,335,1612,-1277
112000183,33,37,-4
112000184,86,506,-420
112000185,104,438,-334
112000187,1596,1590,6
112000195,65,0,65
112000196,48,0,48
112000197,36,68,-32
112000198,26,317,-291
112000199,522,688,-166
112000202,97,1,96
112000216,36,85,-49
112000230,16,0,16
112000231,1,336,-335
112000256,11,75,-64
112000313,53,127,-74
112000314,5,7,-2
112000337,101,380,-279
112000352,203,88,115
112000392,1590,820,770
112000398,396,490,-94
112000399,1847,866,981
112000400,1213,3413,-2200
112000401,1731,2151,-420
112000402,859,1344,-485
112000403,1324,1194,130
112000404,203,376,-173
112000405,796,1590,-794
112000406,2378,2504,-126
112000407,2734,3820,-1086
112000408,6695,5099,1596
112000409,1220,3803,-2583
112000410,159,81,78
112000411,3890,425,3465
112000412,694,146,548
112000413,7558,1289,6269
112000414,46,76,-30
112000415,60,24,36
112000416,1042,819,223
112000417,105,73,32
112000421,11,93,-82
112000422,179,369,-190
112000424,1800,914,886
112000425,181,1037,-856
112000426,36,157,-121
112000427,0,6,-6
112000428,54,303,-249
112000429,1270,2170,-900
112000430,1154,2266,-1112
112000431,30,71,-41
112000432,345,1825,-1480
112000433,425,405,20
112000437,26,303,-277
112900001,29,0,29
112900002,81,1053,-972
112900003,10,225,-215
112900004,11,351,-340
112900005,45,189,-144
112900006,5,357,-352
112900007,10,154,-144
112900008,17,3,14
112900009,195,57,138
112900010,91,551,-460
112900011,230,224,6
112900012,0,32,-32
112900013,2,83,-81
112900014,0,258,-258
112900015,289,640,-351
112900016,0,236,-236
112900017,13,139,-126
112900018,0,360,-360
112900019,48,152,-104
112900020,292,1091,-799
112900021,1,253,-252
112900022,0,59,-59
112900023,1,298,-297
112900024,8,155,-147
112900025,30,144,-114
112900026,5,188,-183
112900027,4,1213,-1209
112900028,10,102,-92
112900029,6,550,-544
112900030,224,103,121
112900031,3,460,-457
112900032,63,161,-98
112900034,2,40,-38
112900035,2,403,-401
112900036,9,68,-59
112900037,107,59,48
112900038,103,49,54
112900039,9,271,-262
112900040,1,211,-210
112900041,919,382,537
112900042,26,322,-296
112900043,7,35,-28
112900044,327,252,75
112900045,428,226,202
112900046,165,34,131
112900047,14,11,3
112900049,43,60,-17
112900050,51,576,-525
112900051,169,491,-322
112900052,7,878,-871
112900053,264,81,183
112900054,193,10,183
112900055,68,3,65
112900056,128,75,53
112900057,4,449,-445
112900058,194,66,128
112900059,72,74,-2
112900060,2,146,-144
112900061,66,106,-40
112900062,20,120,-100
112900063,51,2,49
112900064,126,122,4
112900065,32,4,28
112900066,74,40,34
112900067,364,80,284
112900068,12,12,0
112900069,2134,182,1952
112900071,15,2,13
112900072,117,343,-226
112900073,92,16,76
112900074,15,83,-68
112900075,1712,256,1456
112900076,26,2,24
112900078,72,123,-51
112900079,55,7,48
112900080,11,0,11
112900081,32,63,-31
112900082,149,11,138
112900083,11,13,-2
112900084,61,27,34
112900086,9,0,9
112900087,168,27,141
112900088,20,6,14
112900089,349,15,334
112900090,8,2,6
112900091,36,0,36
112900092,67,85,-18
112900093,280,2,278
112900095,3,0,3
112900096,158,30,128
112900097,25,305,-280
112900098,11,0,11
112900099,209,5,204
112900100,14,0,14
112900101,41,0,41
112900102,28,1,27
112900103,43,1,42
112900104,8,0,8
112900105,0,0,0
112900106,174,39,135
112900107,1,0,1
112900108,48,0,48
112900109,16,0,16
112900110,273,4,269
112900111,162,0,162
112900112,81,0,81
112900113,0,10,-10
112900114,23,13,10
112900115,232,3,229
112900116,26,37,-11
112900117,64,77,-13
112900118,20,45,-25
112900119,35,0,35
112900120,497,97,400
112900121,124,143,-19
112900122,14,111,-97
112900123,82,3,79
112900124,3,127,-124
112900125,26,112,-86
112900126,64,206,-142
112900127,94,25,69
112900128,352,539,-187
112900129,2,821,-819
112900130,73,37,36
112900131,29,168,-139
112900132,27,326,-299
112900133,10,1072,-1062
112900134,0,193,-193
112900135,24,10,14
112900137,2,700,-698
112900138,0,453,-453
112900139,123,1001,-878
112900141,186,11,175
112900142,45,26,19
112900143,42,541,-499
112900144,4,283,-279
112900145,19,386,-367
112900146,5,1155,-1150
112900147,5,2088,-2083
112900148,17,0,17
112900149,92,348,-256
112900151,8,31,-23
112900152,4062,802,3260
112900153,1112,532,580
112900154,1,73,-72
112900155,27,9,18
112900156,56,1483,-1427
112900157,78,146,-68
112900158,7,6,1
112900159,99,26,73
112900160,12,214,-202
112900161,27,12,15
112900162,27,1,26
112900163,108,9,99
112900164,22,42,-20
112900165,44,26,18
112900166,1,27,-26
112900167,0,10,-10
112900168,2,3,-1
112900169,6,4,2
112900170,22,58,-36
112900172,56,3,53
112900173,182,65,117
112900174,86,25,61
112900175,97,33,64
112900176,7,14,-7
112900177,68,11,57
112900178,285,473,-188
112900179,20,489,-469
112900180,449,1662,-1213
112900181,119,10,109
112900182,17,1262,-1245
112900183,58,120,-62
112900184,213,179,34
112900185,113,176,-63
112900186,1072,318,754
112900187,28,140,-112
112900188,499,150,349
112900189,0,14,-14
112900190,0,50,-50
112900192,301,114,187
112900193,710,165,545
112900194,12,68,-56
112900195,248,6,242
112900196,157,344,-187
112900197,85,255,-170
112900199,121,523,-402
112900200,85,218,-133
112900201,36,49,-13
112900202,98,722,-624
112900203,52,212,-160
112900204,471,198,273
112900205,4,6,-2
112900206,2,37,-35
112900207,1,0,1
112900208,30,44,-14
112900209,219,299,-80
112900210,1,10,-9
112900211,14,8,6
112900212,0,41,-41
112900213,15,1,14
112900214,22,6,16
112900215,2,170,-168
112900216,11,39,-28
112900217,0,64,-64
112900218,10,18,-8
112900219,13,55,-42
112900220,1,0,1
112900221,7,87,-80
112900222,0,9,-9
112900223,244,4,240
112900224,81,593,-512
112900225,182,388,-206
112900226,155,111,44
112900227,105,1351,-1246
112900228,20,8,12
112900229,34,45,-11
112900230,5978,1695,4283
112900232,98,91,7
112900233,48,142,-94
112900234,5,86,-81
112900235,14,8,6
112900236,40,12,28
112900237,23,304,-281
112900238,0,41,-41
112900239,287,184,103
112900240,0,129,-129
112900241,3,148,-145
112900242,3,143,-140
112900243,4,121,-117
112900244,0,63,-63
112900245,0,49,-49
112900246,0,9,-9
112900247,63,10,53
112900248,22,0,22
112900249,13,8,5
112900250,27,12,15
112900251,9,16,-7
112900252,11,4,7
112900253,2,8,-6
112900254,3,3,0
112900255,1,26,-25
112900256,0,13,-13
112900257,5,6,-1
112900258,0,0,0
113000001,3329,3227,102
113000002,2755,2413,342
113000003,1393,1215,178
113000004,1523,1426,97
113000005,879,770,109
113000006,738,968,-230
113000007,874,975,-101
113000008,852,1362,-510
113000009,413,687,-274
113000010,488,1165,-677
113000011,421,1303,-882
113000012,590,530,60
113000013,740,328,412
113000014,1425,1058,367
113000015,510,201,309
113000016,181,179,2
113000017,4,175,-171
113000018,116,23,93
113000019,14,197,-183
113000020,33,10,23
113000021,582,439,143
113000022,228,936,-708
113000025,41,176,-135
113000026,134,237,-103
113000027,431,216,215
113000028,587,209,378
113000029,609,462,147
113000030,465,416,49
113000031,310,169,141
113000032,199,134,65
113000033,275,219,56
113000034,405,209,196
113000035,9,10,-1
113000036,11,42,-31
113000037,40,13,27
113000038,13,55,-42
113000039,45,265,-220
113000040,31,41,-10
113000042,617,505,112
113000051,477,1164,-687
113000052,1764,803,961
113000053,184,445,-261
113000054,121,573,-452
113000055,565,723,-158
113000056,378,1231,-853
113000058,562,761,-199
113000059,919,527,392
113000060,52,507,-455
113000061,477,612,-135
113000062,930,144,786
113000063,68,171,-103
113000064,8,328,-320
113000065,115,916,-801
113000066,263,75,188
113000067,727,797,-70
113000068,241,1694,-1453
113000069,285,1167,-882
113000070,604,561,43
113000071,209,546,-337
113000072,169,267,-98
113000073,312,1251,-939
113000074,688,214,474
113000075,1668,356,1312
113000076,1034,1202,-168
113000077,1239,263,976
113000078,916,1040,-124
113000079,517,465,52
113000080,531,354,177
113000081,603,493,110
113000082,749,539,210
113000083,422,510,-88
113000084,1086,792,294
113000085,656,419,237
113000086,781,707,74
113000087,984,592,392
113000088,1617,802,815
113000089,687,1059,-372
113000090,168,211,-43
113000091,611,153,458
113000094,419,111,308
113000095,161,750,-589
113000096,168,651,-483
113000097,356,171,185
113000098,23,11,12
113000099,801,157,644
113000100,96,277,-181
113000101,255,375,-120
113000102,301,148,153
113000103,2159,492,1667
113000104,243,1692,-1449
113000105,245,398,-153
113000106,193,478,-285
113000107,345,642,-297
113000108,754,1353,-599
113000109,419,1965,-1546
113000110,1087,327,760
113000111,83,370,-287
113000112,201,255,-54
113000113,1567,274,1293
113000114,291,643,-352
113000116,438,186,252
113000117,517,103,414
113000118,111,151,-40
113000119,141,259,-118
113000120,38,168,-130
113000121,190,577,-387
113000124,93,88,5
113000125,19,378,-359
113000127,2794,383,2411
113000128,299,296,3
113000129,363,855,-492
113000133,2677,485,2192
113000134,3,411,-408
113000135,2099,1502,597
113000137,1856,1033,823
113000139,269,84,185
113000140,131,147,-16
113000141,242,64,178
113000142,500,448,52
113000143,175,124,51
113000144,257,354,-97
113000145,37,109,-72
113000146,60,46,14
113000147,68,77,-9
113000148,51,108,-57
113000149,62,143,-81
113000150,342,267,75
113000151,106,33,73
113000152,31,122,-91
113000153,1540,303,1237
113000154,409,799,-390
113000155,163,182,-19
113000156,100,287,-187
113000157,202,566,-364
113000158,304,152,152
113000159,483,393,90
113000160,389,925,-536
113000161,109,504,-395
113000162,352,309,43
113000163,36,22,14
113000164,30,76,-46
113000166,52,40,12
113000167,24,170,-146
113000168,41,182,-141
113000169,82,30,52
113000170,58,43,15
113000171,62,78,-16
113000172,131,59,72
113000173,27,5,22
113000174,97,468,-371
113000175,255,84,171
113000176,320,70,250
113000177,119,323,-204
113000178,151,352,-201
113000179,174,75,99
113000180,271,1021,-750
113000181,572,766,-194
113000182,92,178,-86
113000183,161,423,-262
113000184,9,79,-70
113000189,359,371,-12
113000190,1129,224,905
113000192,2255,832,1423
113000193,3684,659,3025
113000194,1525,754,771
113000195,1955,355,1600
113000196,44,59,-15
113000197,723,515,208
113000198,15,188,-173
113000199,338,278,60
113000201,263,170,93
113000202,2308,1152,1156
113000203,412,63,349
113000204,1451,821,630
113000205,16,20,-4
113000206,3,23,-20
113000207,18,13,5
113000208,19,33,-14
113000209,16,19,-3
113000210,4,36,-32
113000211,245,121,124
113000212,225,19,206
113000213,16,89,-73
113000214,41,155,-114
113000234,100,1083,-983
113000410,25,78,-53
113000411,1846,2836,-990
113000412,10049,1317,8732
113000413,3474,1225,2249
113000414,9721,5522,4199
113000415,2094,1381,713
113000416,7737,2225,5512
113000417,3161,1618,1543
113000418,2239,1695,544
113000419,1498,995,503
113000420,2979,2089,890
113000421,3078,2966,112
113000422,13135,4458,8677
113000423,1964,1987,-23
113000424,3786,4916,-1130
113000425,5,66,-61
113000428,232,25,207
113000430,27,23,4
113000432,797,61,736
113000433,87,698,-611
113000434,11,330,-319
113000435,4,744,-740
113000436,34,1230,-1196
113000437,194,23,171
113000438,90,11,79
113000439,8,149,-141
113000440,46,12,34
113000441,89,191,-102
113000442,95,247,-152
113000443,46,265,-219
113000444,50,284,-234
113000445,43,105,-62
113000446,14,83,-69
113000448,150,88,62
113000449,248,683,-435
113000450,384,1444,-1060
113000451,1294,104,1190
113000452,306,268,38
113000453,120,212,-92
113000454,784,39,745
113000455,76,79,-3
113000456,2514,1120,1394
113000468,2161,186,1975
113000469,198,31,167
113000470,381,56,325
113000471,5,284,-279
113000472,39,224,-185
113000474,214,534,-320
113000475,1008,1305,-297
113000476,518,1428,-910
113000477,1180,1584,-404
113000478,2295,4594,-2299
113000479,18,265,-247
113000485,0,0,0
113000486,0,0,0
113000487,0,0,0
113000488,0,0,0
113000489,0,0,0
113000490,0,0,0
113000491,0,0,0
113000492,0,0,0
113000493,0,0,0
113000495,127,232,-105
113000496,47,82,-35
113000497,0,0,0
113000499,0,0,0
113900001,0,77,-77
113900002,1,80,-79
113900003,1,38,-37
113900004,0,13,-13
113900005,0,11,-11
113900006,0,7,-7
113900007,36,7,29
113900008,47,0,47
113900009,251,0,251
113900010,123,0,123
113900011,16,0,16
113900012,3,0,3
113900013,383,4,379
113900014,441,1,440
113900015,0,22,-22
113900016,11,1,10
113900017,2,57,-55
113900018,262,26,236
113900019,32,41,-9
113900020,35,0,35
113900022,5,0,5
113900023,1,0,1
113900024,29,64,-35
113900025,231,2,229
113900026,35,0,35
113900027,9,54,-45
113900028,8,372,-364
113900029,16,231,-215
113900030,64,1,63
113900031,5,0,5
113900032,4,0,4
113900033,30,46,-16
113900035,25,0,25
113900036,12,78,-66
113900037,30,540,-510
113900038,57,32,25
113900039,37,1,36
113900040,4,5,-1
113900041,0,3,-3
113900042,35,25,10
113900043,117,62,55
113900044,121,29,92
113900045,30,2,28
113900046,239,608,-369
113900047,4,117,-113
113900048,223,20,203
113900049,673,110,563
113900050,99,231,-132
113900051,122,248,-126
113900052,142,95,47
113900053,223,103,120
113900054,6,0,6
113900055,115,412,-297
113900056,61,131,-70
113900057,5,88,-83
113900058,35,154,-119
113900059,75,242,-167
113900060,85,194,-109
113900061,668,37,631
113900062,22,7,15
113900063,49,91,-42
113900064,9,103,-94
113900065,307,7,300
113900066,89,318,-229
113900067,27,207,-180
113900068,275,227,48
113900069,98,5,93
113900070,170,332,-162
113900071,42,34,8
113900072,19,137,-118
113900073,94,288,-194
113900074,21,422,-401
113900075,571,653,-82
113900076,82,5,77
113900077,21,218,-197
113900078,35,42,-7
113900079,0,35,-35
113900080,211,104,107
113900081,15,151,-136
113900082,93,142,-49
113900083,59,588,-529
113900084,108,56,52
113900085,19,269,-250
113900086,8,9,-1
113900087,11,159,-148
113900088,15,47,-32
113900089,239,32,207
113900090,275,164,111
113900091,13,22,-9
113900092,30,33,-3
113900093,68,325,-257
113900094,84,321,-237
113900095,28,57,-29
113900096,84,35,49
113900097,3,113,-110
113900098,268,38,230
113900099,1,53,-52
113900100,0,0,0
113900101,8,23,-15
113900102,44,60,-16
113900103,150,142,8
113900104,48,85,-37
113900105,9,267,-258
113900106,1,47,-46
113900107,0,11,-11
113900108,131,82,49
113900109,199,42,157
113900110,14,16,-2
113900111,29,51,-22
113900112,35,69,-34
113900113,274,242,32
113900114,0,57,-57
113900115,0,58,-58
113900116,42,61,-19
113900117,51,6,45
113900118,85,129,-44
113900119,180,158,22
113900120,6,28,-22
113900121,15,62,-47
113900122,161,918,-757
113900123,159,105,54
113900124,0,59,-59
113900125,1053,109,944
113900126,77,25,52
113900127,85,264,-179
113900128,108,33,75
113900129,3,41,-38
113900130,0,11,-11
113900131,35,51,-16
113900132,33,33,0
113900133,7,23,-16
113900135,97,306,-209
113900136,41,53,-12
113900137,196,122,74
113900138,33,116,-83
113900139,329,55,274
113900140,305,71,234
113900141,134,360,-226
113900142,41,73,-32
113900143,10,13,-3
113900144,229,95,134
113900145,76,153,-77
113900146,29,33,-4
113900148,62,140,-78
113900149,78,25,53
113900150,1023,368,655
113900151,94,128,-34
113900152,9,48,-39
113900153,342,305,37
113900154,4,72,-68
113900155,165,31,134
113900156,165,467,-302
113900157,32,207,-175
113900158,204,83,121
113900159,8,145,-137
113900160,209,489,-280
113900161,21,127,-106
113900162,384,216,168
113900163,176,127,49
113900164,114,42,72
113900165,399,474,-75
113900166,204,48,156
113900167,149,18,131
113900168,73,45,28
113900169,121,323,-202
113900171,43,19,24
113900172,2,127,-125
113900173,29,569,-540
113900174,193,560,-367
113900175,149,51,98
113900176,100,560,-460
113900177,112,125,-13
113900178,109,81,28
113900179,11,556,-545
113900180,75,69,6
113900181,315,83,232
113900182,243,716,-473
113900183,28,37,-9
113900184,21,490,-469
113900185,113,54,59
113900186,8,14,-6
113900187,19,142,-123
113900188,10,101,-91
113900189,135,50,85
113900190,241,80,161
113900191,50,106,-56
113900192,0,162,-162
113900193,16,200,-184
113900194,1605,664,941
113900195,265,331,-66
113900196,0,112,-112
113900197,0,236,-236
113900198,11,77,-66
113900199,124,463,-339
113900200,1,152,-151
113900201,3,204,-201
113900202,29,160,-131
113900203,0,169,-169
113900204,26,461,-435
113900205,5,81,-76
113900206,5,78,-73
113900207,0,29,-29
113900208,0,42,-42
113900209,0,48,-48
113900210,325,310,15
113900211,69,12,57
113900212,49,508,-459
113900214,346,233,113
113900215,13,77,-64
113900216,12,1026,-1014
113900217,16,238,-222
113900218,37,12,25
113900219,77,389,-312
113900220,73,25,48
113900221,172,44,128
113900222,218,132,86
113900223,35,760,-725
113900224,93,35,58
113900225,528,114,414
113900226,167,104,63
113900227,267,73,194
113900228,259,173,86
113900229,18,264,-246
113900230,3125,709,2416
113900231,64,134,-70
113900232,37,72,-35
113900233,17,33,-16
113900234,75,229,-154
113900235,39,25,14
113900236,20,270,-250
113900237,63,3,60
113900238,121,219,-98
113900239,40,43,-3
113900240,2,62,-60
113900241,72,36,36
113900242,43,132,-89
113900243,82,250,-168
113900244,346,101,245
113900245,999,174,825
113900246,9,4,5
113900247,82,114,-32
113900248,3046,528,2518
113900249,792,115,677
113900250,34,67,-33
113900251,199,176,23
113900252,247,6,241
113900253,324,20,304
113900254,239,49,190
113900255,223,10,213
113900256,189,8,181
113900257,27,640,-613
113900258,17,461,-444
113900259,147,183,-36
113900260,46,35,11
113900261,5,106,-101
113900262,72,642,-570
113900263,41,351,-310
113900264,3,459,-456
113900265,119,187,-68
113900266,14,207,-193
113900267,46,359,-313
113900268,99,172,-73
113900269,34,83,-49
113900270,187,212,-25
113900271,266,1112,-846
113900273,7,5,2
113900274,19,8,11
113900275,8,17,-9
113900276,0,287,-287
113900277,44,0,44
113900278,181,130,51
113900279,94,68,26
113900280,663,382,281
113900281,176,583,-407
113900282,511,239,272
113900283,205,225,-20
113900284,413,62,351
113900285,44,8,36
113900286,11,83,-72
113900287,5,27,-22
113900288,0,49,-49
113900289,1047,43,1004
113900290,304,39,265
113900291,153,165,-12
113900292,1,1,0
113900293,1,153,-152
113900294,198,14,184
113900295,175,167,8
113900296,2186,297,1889
113900297,400,11,389
113900298,4,1080,-1076
113900299,16,119,-103
113900300,4793,1532,3261
113900301,633,247,386
113900302,1927,408,1519
113900303,435,92,343
113900304,1,117,-116
113900305,33,1,32
113900306,2,0,2
113900307,11,0,11
113900308,50,64,-14
113900309,5,592,-587
113900310,0,15,-15
113900311,3,0,3
113900312,60,82,-22
113900313,14,5,9
114000001,725,2729,-2004
114000002,73,376,-303
114000003,28,238,-210
114000004,163,332,-169
114000005,125,229,-104
114000006,2452,1386,1066
114000007,247,1041,-794
114000008,750,629,121
114000009,176,98,78
114000011,1617,2573,-956
114000012,988,2389,-1401
114000013,725,1673,-948
114000014,292,304,-12
114000015,390,357,33
114000016,144,274,-130
114000017,49,108,-59
114000018,228,54,174
114000026,526,1376,-850
114000027,1039,1561,-522
114000028,1146,1342,-196
114000038,39,119,-80
114000039,32,57,-25
114000040,61,98,-37
114000042,70,163,-93
114000043,15,154,-139
114000044,41,38,3
114000045,14,77,-63
114000046,1591,3367,-1776
114000047,5,53,-48
114000048,21,45,-24
114000049,829,596,233
114000050,1290,710,580
114000051,2600,878,1722
114000052,1809,807,1002
114000053,24,362,-338
114000054,44,1096,-1052
114000055,99,17,82
114000056,943,398,545
114000057,6832,1775,5057
114000058,368,298,70
114000059,130,92,38
114000060,297,496,-199
114000061,2527,787,1740
114000062,1667,354,1313
114000063,3411,1135,2276
114000064,6660,1741,4919
114000065,1445,1466,-21
114000066,215,466,-251
114000067,15,227,-212
114000068,287,248,39
114000069,560,234,326
114000070,1945,834,1111
114000071,300,388,-88
114000072,92,270,-178
114000073,7,93,-86
114000074,6,18,-12
114000075,20,154,-134
114000076,8,147,-139
114000077,0,39,-39
114000078,62,1025,-963
114000079,36,24,12
114000080,48,77,-29
114000081,32,56,-24
114000082,23,457,-434
114000083,13,215,-202
114000084,52,54,-2
114000085,113,622,-509
114000086,83,480,-397
114000087,13,168,-155
114000088,54,80,-26
114000089,1073,376,697
114000090,459,338,121
114000091,1069,261,808
114000092,621,165,456
114000093,462,327,135
114000094,229,291,-62
114000095,50,53,-3
114000096,53,498,-445
114000097,72,854,-782
114000098,194,34,160
114000099,149,836,-687
114000100,380,564,-184
114000101,190,1099,-909
114000102,129,249,-120
114000103,78,411,-333
114000104,5,203,-198
114000105,10,45,-35
114000106,518,248,270
114000107,51,86,-35
114000108,1869,1041,828
114000109,180,323,-143
114000110,306,1476,-1170
114000111,451,321,130
114000112,195,1629,-1434
114000113,358,265,93
114000114,844,1301,-457
114000115,734,295,439
114000116,202,562,-360
114000117,783,258,525
114000118,827,230,597
114000119,606,184,422
114000120,345,983,-638
114000121,232,405,-173
114000122,229,200,29
114000123,517,166,351
114000124,226,175,51
114000125,499,1448,-949
114000126,433,122,311
114000127,57,135,-78
114000128,409,372,37
114000130,195,325,-130
114000131,75,16,59
114000132,406,527,-121
114000133,684,957,-273
114000134,23,162,-139
114000138,29,161,-132
114000139,215,80,135
114000144,341,198,143
114000145,40,133,-93
114000146,38,236,-198
114000147,627,541,86
114000148,1739,801,938
114000149,201,118,83
114000150,822,341,481
114000151,449,568,-119
114000152,71,10,61
114000153,793,776,17
114000154,403,355,48
114000155,769,920,-151
114000156,532,275,257
114000157,181,548,-367
114000158,1861,432,1429
114000159,143,252,-109
114000160,103,124,-21
114000161,1043,624,419
114000162,638,586,52
114000163,7,100,-93
114000165,121,104,17
114000166,407,123,284
114000167,3849,825,3024
114000168,669,487,182
114000169,1345,426,919
114000170,650,417,233
114000171,473,810,-337
114000174,114,291,-177
114000176,439,234,205
114000177,1705,641,1064
114000178,14,68,-54
114000179,981,454,527
114000180,237,441,-204
114000181,994,1506,-512
114000182,4218,1729,2489
114000183,804,796,8
114000184,5531,1399,4132
114000185,518,619,-101
114000189,214,48,166
114000190,921,81,840
114000191,18,22,-4
114000192,257,1354,-1097
114000193,826,2574,-1748
114000194,792,1041,-249
114000195,24,3,21
114000196,2,259,-257
114000197,366,46,320
114000198,866,253,613
114000199,1407,752,655
114000200,385,1946,-1561
114000201,96,941,-845
114000202,473,712,-239
114000203,292,845,-553
114000204,57,283,-226
114000205,135,1476,-1341
114000206,248,1032,-784
114000207,361,1850,-1489
114000208,258,2666,-2408
114000209,519,2826,-2307
114000210,298,1460,-1162
114000211,572,1252,-680
114000212,319,713,-394
114000213,667,450,217
114000214,43,187,-144
114000215,66,63,3
114000216,463,163,300
114000217,41,248,-207
114000218,50,280,-230
114000219,481,195,286
114000220,6,1380,-1374
114000221,227,107,120
114000222,132,1025,-893
114000223,211,23,188
114000224,103,588,-485
114000225,66,422,-356
114000226,42,209,-167
114000227,457,386,71
114000228,379,737,-358
114000229,408,1001,-593
114000230,985,1273,-288
114000231,450,1001,-551
114000232,225,68,157
114000233,849,106,743
114000234,685,837,-152
114000235,480,1371,-891
114000236,1,408,-407
114000237,54,985,-931
114000238,26,133,-107
114000239,88,1214,-1126
114000240,409,536,-127
114000241,210,994,-784
114000242,715,802,-87
114000243,566,549,17
114000244,284,260,24
114000245,216,504,-288
114000246,100,36,64
114000247,308,590,-282
114000248,380,447,-67
114000249,209,384,-175
114000250,214,361,-147
114000251,71,328,-257
114000252,26,100,-74
114000253,30,198,-168
114000254,7,61,-54
114000255,306,100,206
114000256,1352,286,1066
114000257,426,1617,-1191
114000258,77,392,-315
114000259,34,253,-219
114000260,0,22,-22
114000261,22,10,12
114000262,18,117,-99
114000263,4,1,3
114000264,186,416,-230
114000265,0,0,0
114000267,5,868,-863
114000268,1,1777,-1776
114000270,52,10,42
114000271,224,54,170
114000283,282,415,-133
114000285,30,232,-202
114000288,31,378,-347
114000289,578,102,476
114000293,51,344,-293
114000294,137,233,-96
114000395,620,56,564
114000396,121,219,-98
114000402,209,234,-25
114000403,148,501,-353
114000405,65,544,-479
114000423,72,455,-383
114000424,75,207,-132
114000425,126,541,-415
114000426,124,355,-231
114000427,61,83,-22
114000428,176,34,142
114000429,5,163,-158
114000432,26,99,-73
114000434,25,101,-76
114000435,0,89,-89
114900001,181,1236,-1055
114900002,189,33,156
114900003,171,1692,-1521
114900004,65,135,-70
114900005,108,830,-722
114900006,16,17,-1
114900007,35,4,31
114900008,37,17,20
114900010,2114,1093,1021
114900011,28,56,-28
114900013,59,44,15
114900015,25,145,-120
114900018,478,33,445
114900020,32,30,2
114900022,16,440,-424
114900024,51,109,-58
114900025,125,150,-25
114900026,34,40,-6
114900027,139,179,-40
114900029,23,21,2
114900030,91,148,-57
114900031,94,19,75
114900032,74,23,51
114900033,917,165,752
114900034,27,191,-164
114900035,99,172,-73
114900036,115,897,-782
114900037,47,202,-155
114900038,102,967,-865
114900039,298,659,-361
114900040,23,193,-170
114900041,201,615,-414
114900042,311,807,-496
114900043,637,217,420
114900044,30,8,22
114900046,22,132,-110
114900047,135,830,-695
114900048,28,169,-141
114900049,19,211,-192
114900050,17,434,-417
114900051,15,469,-454
114900052,66,116,-50
114900053,16,206,-190
114900054,28,108,-80
114900057,161,1,160
114900058,0,62,-62
114900059,24,23,1
114900060,1228,206,1022
114900061,72,103,-31
114900062,171,185,-14
114900063,24,235,-211
114900064,416,617,-201
114900065,138,478,-340
114900067,18,294,-276
114900068,49,160,-111
114900069,135,129,6
114900070,119,509,-390
114900072,5,205,-200
114900073,1,164,-163
114900074,112,736,-624
114900075,88,1,87
114900076,4,249,-245
114900080,2608,254,2354
114900082,3001,1020,1981
114900083,356,554,-198
114900090,92,90,2
114900091,156,150,6
114900095,295,72,223
114900096,407,361,46
114900097,25,3,22
114900098,0,174,-174
114900099,58,1,57
115000001,7621,5462,2159
115000002,2111,2277,-166
115000003,3002,3828,-826
115000004,1620,2981,-1361
115000005,846,2606,-1760
115000006,329,956,-627
115000007,53,99,-46
115000008,287,363,-76
115000009,81,233,-152
115000010,140,106,34
115000013,52,121,-69
115000015,113,162,-49
115000016,44,121,-77
115000019,6,247,-241
115000020,111,177,-66
115000021,151,309,-158
115000022,298,226,72
115000023,178,276,-98
115000024,851,413,438
115000025,448,335,113
115000026,84,299,-215
115000027,92,204,-112
115000028,68,489,-421
115000029,247,77,170
115000030,161,550,-389
115000031,492,128,364
115000032,6,243,-237
115000033,76,8,68
115000034,98,799,-701
115000035,474,19,455
115000036,0,347,-347
115000037,172,4,168
115000038,44,116,-72
115000039,2436,1209,1227
115000040,5244,2632,2612
115000041,616,1727,-1111
115000042,423,477,-54
115000043,2096,2039,57
115000044,2548,3770,-1222
115000045,1512,2366,-854
115000046,810,1877,-1067
115000047,1071,1604,-533
115000048,994,2680,-1686
115000049,1114,2343,-1229
115000050,1696,1380,316
115000051,1638,984,654
115000052,2822,1585,1237
115000053,947,923,24
115000054,660,1197,-537
115000055,69,349,-280
115000056,188,195,-7
115000057,232,550,-318
115000058,110,117,-7
115000059,139,205,-66
115000061,100,62,38
115000062,65,270,-205
115000063,76,277,-201
115000064,130,116,14
115000065,13,161,-148
115000067,203,42,161
115000069,26,153,-127
115000070,38,420,-382
115000071,68,7,61
115000072,16,50,-34
115000073,1221,25,1196
115000075,19,31,-12
115000076,2432,2700,-268
115000077,818,3012,-2194
115000078,412,1703,-1291
115000079,552,1998,-1446
115000080,1050,2386,-1336
115000081,282,751,-469
115000082,1890,2067,-177
115000083,1043,2869,-1826
115000084,633,887,-254
115000085,279,975,-696
115000086,428,816,-388
115000087,378,1253,-875
115000088,1117,457,660
115000089,1462,1278,184
115000090,607,356,251
115000091,173,997,-824
115000092,253,280,-27
115000093,286,2,284
115000094,6206,3460,2746
115000095,5418,3072,2346
115000096,432,1808,-1376
115000097,284,704,-420
115000098,411,725,-314
115000099,994,2783,-1789
115000100,333,413,-80
115000101,259,1372,-1113
115000102,223,126,97
115000103,226,733,-507
115000105,36,154,-118
115000106,207,205,2
115000107,74,566,-492
115000108,3258,2553,705
115000109,4383,1642,2741
115000110,815,564,251
115000111,438,1078,-640
115000112,242,279,-37
115000113,345,580,-235
115000114,1282,583,699
115000116,2149,838,1311
115000117,2629,1126,1503
115000118,1047,978,69
115000119,1194,1139,55
115000120,317,477,-160
115000121,1452,650,802
115000122,3389,515,2874
115000123,1463,739,724
115000124,516,472,44
115000125,194,437,-243
115000126,73,230,-157
115000127,238,100,138
115000128,804,640,164
115000129,190,131,59
115000130,200,882,-682
115000131,223,180,43
115000132,68,424,-356
115000133,126,265,-139
115000134,56,147,-91
115000135,48,193,-145
115000136,42,169,-127
115000137,45,139,-94
115000138,83,191,-108
115000139,122,228,-106
115000140,115,142,-27
115000141,80,281,-201
115000142,57,289,-232
115000143,241,340,-99
115000144,242,76,166
115000145,148,495,-347
115000146,117,135,-18
115000147,190,462,-272
115000148,253,1266,-1013
115000149,219,184,35
115000150,463,1048,-585
115000151,295,270,25
115000152,355,1392,-1037
115000153,359,228,131
115000154,337,197,140
115000155,278,1062,-784
115000156,616,360,256
115000157,645,730,-85
115000158,413,255,158
115000159,533,265,268
115000160,381,182,199
115000161,111,451,-340
115000162,459,384,75
115000163,431,467,-36
115000164,437,432,5
115000165,283,230,53
115000167,81,49,32
115000168,497,160,337
115000169,466,274,192
115000170,92,112,-20
115000171,160,119,41
115000172,1367,360,1007
115000173,139,161,-22
115000174,39,146,-107
115000175,96,42,54
115000176,26,37,-11
115000177,36,54,-18
115000178,4,197,-193
115000179,19,11,8
115000180,37,443,-406
115000181,185,90,95
115000182,277,288,-11
115000183,110,866,-756
115000186,371,199,172
115000187,83,538,-455
115000188,306,363,-57
115000189,163,366,-203
115000190,354,347,7
115000191,141,304,-163
115000194,121,93,28
115000195,172,117,55
115000196,34,78,-44
115000197,79,346,-267
115000198,89,171,-82
115000199,86,269,-183
115000200,133,106,27
115000201,49,294,-245
115000206,100,32,68
115000207,21,218,-197
115000208,402,491,-89
115000209,207,101,106
115000210,50,64,-14
115000211,94,110,-16
115000212,1147,216,931
115000224,107,45,62
115000225,52,55,-3
115000229,202,100,102
115000230,45,279,-234
115000231,239,2378,-2139
115000232,562,287,275
115000233,39,173,-134
115000234,10,186,-176
115000241,29,233,-204
115000242,31,260,-229
115000243,28,218,-190
115000244,2,66,-64
115000246,14,10,4
115000247,17,6,11
115000248,14,7,7
115000249,43,5,38
115000250,112,30,82
115000251,89,104,-15
115000252,15,96,-81
115000253,13,143,-130
115000258,78,156,-78
115000259,186,99,87
115000261,7,22,-15
115000262,3,21,-18
115000263,6,44,-38
115000264,19,21,-2
115000267,18,85,-67
115000268,21,68,-47
115000269,76,80,-4
115000270,0,9,-9
115000272,12,94,-82
115000273,104,39,65
115000280,1827,36,1791
115000281,467,79,388
115000282,538,208,330
115000284,232,51,181
115000296,383,18,365
115000297,44,34,10
115000298,16,77,-61
115000300,67,185,-118
115000302,109,149,-40
115000303,229,100,129
115000304,231,55,176
115000305,30,816,-786
115000306,40,476,-436
115000307,22,271,-249
115000308,38,14,24
115000309,8,19,-11
115000310,392,1329,-937
115000311,255,1113,-858
115000313,57,617,-560
115000314,122,37,85
115000315,1188,261,927
115000316,33,52,-19
115000317,82,426,-344
115000318,403,171,232
115000319,59,252,-193
115000320,16,100,-84
115000321,282,2,280
115000322,28,195,-167
115000449,175,89,86
115000557,1,341,-340
115000558,118,40,78
115000587,187,154,33
115000588,1581,3428,-1847
115000589,1905,2203,-298
115000590,422,1229,-807
115000591,705,516,189
115000592,506,1138,-632
115000593,806,351,455
115000594,769,1115,-346
115000609,129,142,-13
115000617,1275,864,411
115000624,101,81,20
115000633,275,1355,-1080
115000634,1680,487,1193
115000635,180,80,100
115000638,919,636,283
115000641,59,69,-10
115000642,254,188,66
115000643,60,338,-278
115000644,105,376,-271
115000646,419,630,-211
115000647,94,268,-174
115000648,680,1212,-532
115000893,3434,684,2750
115000894,52,884,-832
115000895,306,579,-273
115000896,798,216,582
115000897,301,50,251
115000898,516,106,410
115000899,830,753,77
115000900,74,231,-157
115000901,83,36,47
115000912,80,44,36
115000913,0,30,-30
115000915,12,1,11
115000916,2,0,2
115000917,0,3,-3
115000918,59,118,-59
115000919,13,4,9
115000920,9,24,-15
115000921,907,41,866
115000922,1153,296,857
115000923,403,558,-155
115000925,43,34,9
115000927,6,33,-27
115000933,247,77,170
115000934,65,166,-101
115000935,18,82,-64
115000936,55,177,-122
115000937,811,72,739
115000938,194,82,112
115000939,199,99,100
115000940,3,8,-5
115000941,1,5,-4
115000942,33,35,-2
115000943,48,9,39
115000944,4,5,-1
115900001,12,44,-32
115900002,97,116,-19
115900003,59,79,-20
115900004,1,42,-41
115900005,44,5,39
115900006,26,304,-278
115900008,14,7,7
115900009,37,261,-224
115900010,92,180,-88
115900011,88,230,-142
115900012,34,66,-32
115900013,211,105,106
115900014,38,128,-90
115900015,26,97,-71
115900016,31,18,13
115900017,1,0,1
115900018,106,53,53
115900019,278,13,265
115900020,3,0,3
115900021,1527,58,1469
115900022,1804,5,1799
115900023,4,0,4
115900025,41,110,-69
115900026,707,333,374
115900027,0,322,-322
115900028,454,32,422
115900029,3,453,-450
115900030,25,2,23
115900031,447,110,337
115900032,175,568,-393
115900033,0,36,-36
115900034,10,456,-446
115900035,44,87,-43
115900036,127,176,-49
115900037,18,464,-446
115900038,9,7,2
115900039,81,229,-148
115900041,253,210,43
115900042,4,2,2
115900043,26,104,-78
115900044,120,193,-73
115900046,108,258,-150
115900047,33,29,4
115900049,60,193,-133
115900051,1,59,-58
115900052,13,315,-302
115900053,44,236,-192
115900054,73,48,25
115900055,18,141,-123
115900056,68,290,-222
115900057,3,2,1
115900058,40,67,-27
115900060,23,100,-77
115900061,82,1,81
115900062,12,285,-273
115900063,37,9,28
115900064,141,214,-73
115900065,15,86,-71
115900066,112,133,-21
115900067,1,709,-708
115900068,3463,89,3374
115900069,31,216,-185
115900070,83,230,-147
115900071,0,547,-547
115900072,63,161,-98
115900073,16,15,1
115900074,2,316,-314
115900075,15,234,-219
115900076,2,106,-104
115900077,5,300,-295
115900078,17,116,-99
115900079,58,11,47
115900080,275,123,152
115900081,1,58,-57
115900082,137,80,57
115900084,73,33,40
115900085,45,27,18
115900086,1133,258,875
115900088,24,26,-2
115900089,77,723,-646
115900090,89,23,66
115900091,1,6,-5
115900092,25,220,-195
115900093,2,44,-42
115900094,5,444,-439
115900096,1,14,-13
115900097,4,511,-507
115900098,55,352,-297
115900099,5,64,-59
115900100,5,423,-418
115900101,88,380,-292
115900102,15,38,-23
115900103,81,171,-90
115900104,13,148,-135
115900105,32,503,-471
115900106,7,24,-17
115900107,10,161,-151
115900108,21,38,-17
115900109,42,359,-317
115900110,1,7,-6
115900111,2,64,-62
115900112,16,773,-757
115900113,3,14,-11
115900114,2,136,-134
115900115,19,121,-102
115900116,119,778,-659
115900117,28,7,21
115900118,2,409,-407
115900119,45,39,6
115900120,12,268,-256
115900121,67,142,-75
115900124,108,258,-150
115900125,134,15,119
115900126,280,48,232
115900127,243,18,225
115900128,2,57,-55
115900129,324,26,298
115900130,19,154,-135
115900131,92,11,81
115900132,129,3,126
115900134,116,10,106
115900135,493,360,133
115900137,2,4,-2
115900139,48,51,-3
115900140,100,4,96
115900141,3,43,-40
115900142,2,13,-11
115900143,37,171,-134
115900144,14,145,-131
115900146,0,150,-150
115900147,124,179,-55
115900148,13,15,-2
115900149,28,25,3
115900150,12,48,-36
115900151,8,31,-23
115900152,33,311,-278
115900153,15,175,-160
115900154,411,234,177
115900155,0,67,-67
115900156,274,514,-240
115900157,45,330,-285
115900158,23,5,18
115900159,15,174,-159
115900160,4,1,3
115900161,5,142,-137
115900163,59,73,-14
115900164,116,13,103
115900166,90,167,-77
115900168,13,120,-107
115900171,41,254,-213
115900172,20,96,-76
115900173,129,149,-20
115900174,226,161,65
115900175,35,104,-69
115900178,7,615,-608
115900179,100,22,78
115900180,12,294,-282
115900181,44,253,-209
115900182,155,301,-146
115900183,41,13,28
115900184,1515,6,1509
115900187,3,104,-101
115900189,0,55,-55
115900190,140,314,-174
115900191,25,358,-333
115900192,2,45,-43
115900193,61,23,38
115900194,181,22,159
115900195,301,615,-314
115900198,108,167,-59
115900199,131,161,-30
115900200,167,198,-31
115900201,241,124,117
115900202,0,0,0
115900203,4,2,2
115900204,0,1,-1
115900205,8,10,-2
115900206,33,102,-69
115900207,17,24,-7
115900208,47,258,-211
115900209,1,122,-121
115900210,2,154,-152
115900211,4,117,-113
115900212,42,182,-140
115900213,14,20,-6
115900214,89,253,-164
115900215,14,25,-11
115900216,3,93,-90
115900217,4,48,-44
115900218,2,37,-35
115900219,11,2,9
115900220,32,8,24
115900221,13,13,0
115900222,18,6,12
115900223,3,52,-49
115900224,1246,228,1018
115900225,65,13,52
115900226,9,17,-8
115900227,2,21,-19
115900228,1,21,-20
115900229,1,26,-25
115900230,42,58,-16
115900231,46,1,45
115900232,9,0,9
115900233,56,4,52
115900234,25,16,9
115900235,0,18,-18
115900236,2,6,-4
115900237,2,9,-7
115900238,2,9,-7
115900239,3,18,-15
115900240,1,42,-41
115900241,63,42,21
115900242,160,120,40
115900243,4,5,-1
115900244,2,6,-4
115900245,30,18,12
115900246,3,0,3
115900247,4,2,2
115900248,3,2,1
115900249,1,1,0
115900250,1,8,-7
115900251,0,8,-8
115900252,0,0,0
115900253,4,5,-1
115900254,11,7,4
115900255,16,14,2
115900256,9,6,3
115900257,1,0,1
115900258,1,3,-2
115900259,0,6,-6
115900260,1,0,1
115900261,7,1,6
115900262,1,0,1
115900263,1,1,0
115900264,2,1,1
115900265,0,2,-2
115900266,2,0,2
115900267,0,1,-1
115900268,2,3,-1
115900269,121,287,-166
115900270,113,539,-426
115900271,27,1,26
115900272,5,1,4
115900273,2,5,-3
115900274,0,9,-9
115900275,0,23,-23
115900276,1,46,-45
115900277,0,135,-135
115900278,10,81,-71
115900279,7,106,-99
115900280,22,99,-77
115900281,423,79,344
115900282,20,4,16
115900283,0,4,-4
115900284,4,12,-8
116000001,15109,3915,11194
116000002,2781,2959,-178
116000003,985,1427,-442
116000004,893,1116,-223
116000005,1983,2749,-766
116000006,1109,725,384
116000007,2372,3326,-954
116000008,1626,1265,361
116000009,1442,2389,-947
116000010,1000,664,336
116000011,530,1622,-1092
116000012,452,359,93
116000013,13356,3211,10145
116000014,16598,4440,12158
116000015,344,431,-87
116000016,6288,1061,5227
116000017,32,246,-214
116000018,537,292,245
116000019,280,210,70
116000020,214,920,-706
116000021,99,189,-90
116000022,184,368,-184
116000023,404,369,35
116000024,500,1243,-743
116000025,467,394,73
116000026,1090,1628,-538
116000027,210,307,-97
116000028,160,334,-174
116000029,744,427,317
116000030,184,180,4
116000031,72,136,-64
116000032,179,234,-55
116000033,171,364,-193
116000034,199,685,-486
116000035,239,341,-102
116000036,1538,353,1185
116000037,466,298,168
116000038,379,224,155
116000039,489,168,321
116000040,563,109,454
116000041,188,330,-142
116000042,261,150,111
116000043,28,342,-314
116000044,5,102,-97
116000045,758,732,26
116000046,732,651,81
116000047,1313,1251,62
116000048,1177,1057,120
116000049,478,1194,-716
116000050,733,958,-225
116000051,1349,1172,177
116000052,1645,2486,-841
116000053,807,712,95
116000054,366,1797,-1431
116000055,212,1270,-1058
116000056,343,608,-265
116000057,2050,1660,390
116000058,1713,1252,461
116000059,1458,2569,-1111
116000060,2233,572,1661
116000061,342,618,-276
116000062,374,183,191
116000063,429,857,-428
116000066,100,222,-122
116000067,181,424,-243
116000068,77,141,-64
116000069,179,332,-153
116000078,128,702,-574
116000080,677,786,-109
116000082,3,89,-86
116000083,701,211,490
116000084,1472,3367,-1895
116000085,1187,633,554
116000086,1714,1308,406
116000087,778,625,153
116000088,433,922,-489
116000089,71,70,1
116000090,63,109,-46
116000091,99,84,15
116000093,740,309,431
116000094,244,514,-270
116000095,330,419,-89
116000096,333,830,-497
116000097,206,585,-379
116000098,170,2506,-2336
116000099,7275,238,7037
116000100,52,9,43
116000101,199,1259,-1060
116000102,117,1131,-1014
116000103,187,164,23
116000104,96,1366,-1270
116000105,312,180,132
116000106,138,1015,-877
116000107,400,390,10
116000108,10,137,-127
116000111,30,11,19
116000113,64,21,43
116000114,29,116,-87
116000115,68,28,40
116000116,116,387,-271
116000117,588,1481,-893
116000118,776,1266,-490
116000119,1146,1281,-135
116000120,1720,4212,-2492
116000121,341,254,87
116000122,1022,2239,-1217
116000123,203,305,-102
116000124,181,1005,-824
116000125,897,315,582
116000126,107,1282,-1175
116000127,697,1366,-669
116000128,726,485,241
116000129,304,157,147
116000130,168,150,18
116000133,220,778,-558
116000134,848,2346,-1498
116000135,713,961,-248
116000136,722,2158,-1436
116000137,374,404,-30
116000138,1021,340,681
116000139,1251,1667,-416
116000140,60,208,-148
116000141,231,936,-705
116000142,3186,3426,-240
116000143,1628,1051,577
116000144,780,2541,-1761
116000145,1007,1113,-106
116000146,135,313,-178
116000147,133,73,60
116000148,177,262,-85
116000149,218,340,-122
116000151,398,913,-515
116000153,31,296,-265
116000155,159,171,-12
116000156,1020,751,269
116000157,34,19,15
116000158,171,261,-90
116000159,5,5,0
116000160,16,77,-61
116000161,19,66,-47
116000162,33,28,5
116000163,8,3,5
116000164,2,5,-3
116000177,23,86,-63
116000194,40,224,-184
116000195,892,484,408
116000196,1,1,0
116000197,3,8,-5
116000198,1984,696,1288
116000200,509,140,369
116000201,345,437,-92
116000202,3,234,-231
116000203,0,65,-65
116000204,5,22,-17
116000205,0,120,-120
116000206,10,45,-35
116000207,1,25,-24
116000233,101,704,-603
116000287,34,464,-430
116000288,42,222,-180
116000292,17,88,-71
116000296,9,211,-202
116000297,43,24,19
116000304,14,67,-53
116000305,3,83,-80
116000346,49,154,-105
116000352,49,28,21
116000354,18,2,16
116000357,1,2,-1
116000358,101,14,87
116000361,479,5,474
116000372,7996,1626,6370
116000381,52,1,51
116000388,0,20,-20
116000389,341,417,-76
116000445,84,699,-615
116000446,148,855,-707
116000447,8,392,-384
116000448,405,227,178
116000563,590,339,251
116000565,43,354,-311
116000568,54,88,-34
116000579,20,103,-83
116000583,3,3,0
116000584,10,7,3
116000585,3,9,-6
116000586,133,50,83
116000587,143,353,-210
116000589,13,71,-58
116000590,34,28,6
116000591,40,195,-155
116000592,10,131,-121
116000593,0,26,-26
116000594,136,508,-372
116000595,239,128,111
116000596,18,4,14
116000597,81,29,52
116000598,8,145,-137
116000605,124,86,38
116000606,23,142,-119
116000607,10,46,-36
116000609,104,422,-318
116000611,79,489,-410
116000612,438,1518,-1080
116000613,174,233,-59
116000614,395,698,-303
116000615,1,81,-80
116000616,13,102,-89
116000617,30,79,-49
116000618,0,105,-105
116000619,3,31,-28
116000620,27,19,8
116000621,3,27,-24
116000622,19,76,-57
116000624,15,50,-35
116000627,22,69,-47
116000628,18,983,-965
116000629,14,492,-478
116000630,162,49,113
116000631,75,46,29
116000632,191,126,65
116000633,39,281,-242
116000634,82,293,-211
116000635,2523,1086,1437
116000636,1217,621,596
116000637,146,120,26
116000638,38,489,-451
116000640,8,5,3
116000641,60,149,-89
116000644,12,1180,-1168
116900001,131,105,26
116900002,155,2,153
116900003,11,43,-32
116900004,10,15,-5
116900005,75,45,30
116900006,95,84,11
116900007,79,127,-48
116900008,89,372,-283
116900009,11,4,7
116900010,5,1416,-1411
116900011,9,34,-25
116900012,37,165,-128
116900013,8,184,-176
116900014,20,335,-315
116900015,69,66,3
116900016,28,0,28
116900017,1,667,-666
116900018,16,24,-8
116900019,1,281,-280
116900020,1242,146,1096
116900023,16,6,10
116900024,208,65,143
116900025,229,752,-523
116900026,111,621,-510
116900027,6,37,-31
116900028,2,89,-87
116900029,3,14,-11
116900031,0,7,-7
116900032,1,246,-245
116900033,1,9,-8
116900034,1,60,-59
116900035,48,148,-100
116900036,0,97,-97
116900038,5,4,1
116900041,57,22,35
116900042,786,173,613
116900043,4,66,-62
116900047,75,23,52
116900049,39,238,-199
116900050,29,303,-274
116900051,20,187,-167
116900052,129,64,65
116900055,0,1,-1
116900057,15,212,-197
116900058,12,309,-297
116900059,1,157,-156
116900060,105,183,-78
116900062,0,1,-1
116900064,28,808,-780
116900065,17,58,-41
116900067,40,89,-49
116900068,99,411,-312
116900070,0,0,0
116900072,17,355,-338
116900073,6,168,-162
116900074,2,20,-18
116900076,7,10,-3
116900077,23,178,-155
116900078,164,84,80
116900079,14,288,-274
116900080,4,15,-11
116900081,147,1171,-1024
116900082,89,863,-774
116900083,17,55,-38
116900084,114,38,76
116900085,15,137,-122
116900086,10,164,-154
116900088,311,38,273
116900090,63,58,5
116900091,71,45,26
116900092,36,703,-667
116900093,1303,1244,59
116900094,5430,1434,3996
116900095,91,190,-99
116900096,46,76,-30
116900097,3101,1042,2059
116900098,837,135,702
116900099,335,241,94
116900100,311,14,297
116900101,206,598,-392
116900103,3,1,2
116900104,18,42,-24
116900105,200,30,170
116900106,475,413,62
116900107,3411,771,2640
116900110,7,0,7
116900111,114,1038,-924
116900112,80,723,-643
116900113,2301,674,1627
116900116,92,195,-103
116900117,23,52,-29
116900118,1094,402,692
116900120,70,82,-12
116900121,31,40,-9
116900122,143,819,-676
116900123,34,792,-758
116900124,94,601,-507
116900125,57,164,-107
116900126,164,347,-183
116900128,0,38,-38
116900129,1,218,-217
116900130,795,1230,-435
116900131,32,139,-107
116900132,7,45,-38
116900133,49,57,-8
116900134,96,200,-104
116900136,38,112,-74
116900137,114,152,-38
116900138,106,194,-88
116900139,37,312,-275
116900140,75,115,-40
116900141,206,234,-28
116900142,1,17,-16
116900143,91,374,-283
116900144,5,24,-19
116900145,45,276,-231
116900147,445,145,300
116900148,0,26,-26
116900149,7,56,-49
116900150,2,0,2
116900151,45,7,38
116900153,28,35,-7
116900154,416,98,318
116900155,34,24,10
116900157,97,177,-80
116900158,41,62,-21
116900159,22,149,-127
116900160,314,162,152
116900161,6766,2213,4553
116900162,18,143,-125
116900163,43,121,-78
116900164,11,22,-11
116900165,90,81,9
116900166,8,65,-57
116900167,125,34,91
116900168,75,52,23
116900169,407,104,303
116900170,64,163,-99
116900171,14,162,-148
116900172,137,38,99
116900173,60,42,18
116900174,9,22,-13
116900175,102,74,28
116900178,10,151,-141
116900179,70,57,13
116900180,85,17,68
116900182,160,144,16
116900183,83,50,33
116900185,4,10,-6
116900186,35,306,-271
116900187,9,10,-1
116900188,75,4,71
116900189,3,1,2
116900191,141,192,-51
116900192,126,95,31
116900194,39,299,-260
116900195,9,5,4
116900196,23,121,-98
116900197,15,2,13
116900198,228,109,119
116900200,9,33,-24
116900201,12,2,10
116900202,142,39,103
116900203,21,0,21
116900204,16,43,-27
116900206,3,43,-40
116900207,4,14,-10
116900208,9,107,-98
116900209,3,109,-106
116900210,185,126,59
116900211,121,11,110
116900212,5,55,-50
116900213,100,158,-58
116900214,62,117,-55
116900215,8,77,-69
116900216,112,322,-210
116900218,9,275,-266
116900219,484,233,251
116900220,29,121,-92
116900221,51,178,-127
116900222,259,158,101
116900223,49,101,-52
116900226,30,52,-22
116900227,62,46,16
116900228,109,249,-140
116900230,37,382,-345
116900231,11,478,-467
116900232,10,458,-448
116900233,54,71,-17
116900234,25,1,24
116900235,105,262,-157
116900238,967,290,677
116900239,13,543,-530
116900240,4857,1649,3208
116900241,17,101,-84
116900242,1388,146,1242
116900243,0,35,-35
116900245,39,15,24
116900246,20,20,0
116900247,99,3,96
116900248,17,13,4
116900249,62,115,-53
116900250,60,28,32
116900251,313,83,230
116900252,29,736,-707
116900253,23,41,-18
116900254,3,63,-60
116900255,58,19,39
116900256,43,44,-1
116900257,1,522,-521
116900258,5,294,-289
116900259,28,5,23
116900260,0,118,-118
116900261,3,0,3
116900262,37,163,-126
116900263,0,3,-3
116900264,12,24,-12
116900265,7,0,7
116900266,3,26,-23
116900267,0,0,0
116900268,11,1,10
116900269,179,366,-187
116900271,1477,51,1426
116900272,376,429,-53
116900273,195,28,167
116900274,26,46,-20
116900275,51,112,-61
116900276,426,19,407
116900277,355,4,351
116900278,2,8,-6
116900279,0,10,-10
116900280,5,22,-17
116900281,6635,1409,5226
116900282,1,99,-98
116900283,11,118,-107
116900284,17,142,-125
116900285,281,95,186
116900286,124,1,123
116900287,1,47,-46
116900288,18,112,-94
116900289,3,39,-36
116900290,1,28,-27
116900291,0,6,-6
116900292,0,2,-2
116900293,10,57,-47
116900294,14,82,-68
116900295,91,22,69
116900296,30,55,-25
116900297,3,40,-37
116900298,96,23,73
116900299,38,24,14
116900300,2,96,-94
116900301,66,55,11
116900302,35,26,9
116900303,427,20,407
116900304,0,94,-94
116900305,11,34,-23
116900306,33,91,-58
116900307,7,0,7
116900308,0,214,-214
116900309,9,166,-157
117000001,728,877,-149
117000002,1114,3152,-2038
117000003,4586,1904,2682
117000004,3264,4252,-988
117000005,927,1049,-122
117000006,705,3739,-3034
117000007,1652,1038,614
117000008,946,3609,-2663
117000009,3111,1145,1966
117000010,2117,3530,-1413
117000011,832,1676,-844
117000012,846,1502,-656
117000013,790,1214,-424
117000014,662,2205,-1543
117000015,2215,995,1220
117000016,384,49,335
117000017,403,134,269
117000018,97,167,-70
117000019,122,15,107
117000020,721,659,62
117000021,3123,474,2649
117000022,433,34,399
117000023,447,111,336
117000024,360,43,317
117000025,740,420,320
117000026,2417,590,1827
117000027,2530,754,1776
117000028,2675,339,2336
117000030,753,455,298
117000031,268,135,133
117000032,1533,1123,410
117000033,799,535,264
117000034,206,286,-80
117000035,168,154,14
117000036,307,219,88
117000037,215,140,75
117000038,216,330,-114
117000039,259,223,36
117000040,100,1262,-1162
117000041,334,131,203
117000044,16,1152,-1136
117000045,237,57,180
117000046,335,718,-383
117000047,412,387,25
117000048,1571,1082,489
117000049,74,288,-214
117000050,54,2390,-2336
117000051,1025,165,860
117000052,8,581,-573
117000053,103,63,40
117000054,779,2,777
117000055,10,3054,-3044
117000056,242,6,236
117000057,614,1624,-1010
117000060,283,1662,-1379
117000061,685,438,247
117000062,152,485,-333
117000063,780,509,271
117000064,682,638,44
117000066,708,501,207
117000067,111,216,-105
117000074,151,132,19
117000076,53,44,9
117000077,84,72,12
117000078,54,510,-456
117000079,115,149,-34
117000080,1,374,-373
117000081,545,108,437
117000082,14,49,-35
117000083,81,5,76
117000084,215,3,212
117000085,85,369,-284
117000086,1114,582,532
117000087,68,393,-325
117000088,152,155,-3
117000089,734,247,487
117000090,169,1301,-1132
117000091,301,317,-16
117000092,251,1572,-1321
117000093,445,469,-24
117000094,392,2331,-1939
117000095,1120,608,512
117000096,313,2175,-1862
117000097,527,941,-414
117000098,2180,5046,-2866
117000099,1135,486,649
117000100,68,120,-52
117000101,140,1173,-1033
117000102,613,389,224
117000103,648,1541,-893
117000104,582,355,227
117000105,533,1881,-1348
117000106,504,491,13
117000107,247,2318,-2071
117000108,683,619,64
117000109,1333,2571,-1238
117000110,832,440,392
117000111,2633,3865,-1232
117000112,1368,1418,-50
117000113,40,308,-268
117000114,74,101,-27
117000115,39,137,-98
117000116,44,170,-126
117000117,934,298,636
117000118,149,116,33
117000119,191,29,162
117000120,318,43,275
117000121,127,272,-145
117000122,484,571,-87
117000123,1494,20,1474
117000124,452,4,448
117000125,395,31,364
117000126,53,44,9
117000127,118,250,-132
117000128,342,398,-56
117000129,543,273,270
117000130,56,7,49
117000131,0,242,-242
117000132,687,9,678
117000133,306,59,247
117000134,0,42,-42
117000135,3,33,-30
117000136,0,43,-43
117000137,24,28,-4
117000138,0,430,-430
117000140,319,1592,-1273
117000141,642,416,226
117000181,892,315,577
117000182,233,132,101
117000195,160,1226,-1066
117000196,56,27,29
117000225,143,0,143
117000226,12,100,-88
117000276,62,5,57
117000277,1,456,-455
117000310,1965,2228,-263
117000315,20,489,-469
117000320,50,0,50
117000906,84,6,78
117000907,7,385,-378
117000909,111,28,83
117000910,159,91,68
117000911,68,185,-117
117000915,8,540,-532
117000916,21,0,21
117000917,380,6,374
117000918,9,29,-20
117000919,12,147,-135
117000920,2,1375,-1373
117000921,7,2069,-2062
117000922,28,83,-55
117000924,168,550,-382
117000926,1202,62,1140
117000927,1565,182,1383
117000928,1,255,-254
117000929,100,409,-309
117000930,61,18,43
117000931,571,48,523
117900002,68,308,-240
117900003,649,208,441
117900005,3,5,-2
117900006,0,51,-51
117900007,21,183,-162
117900008,1,28,-27
117900010,140,121,19
117900011,34,20,14
117900012,38,183,-145
117900013,1,245,-244
117900014,341,201,140
117900015,10,204,-194
117900016,1026,251,775
117900017,242,528,-286
117900018,226,36,190
117900019,242,595,-353
117900020,48,207,-159
117900021,19,97,-78
117900022,7,2,5
117900023,628,84,544
117900024,101,130,-29
117900025,26,7,19
117900026,96,375,-279
117900028,20,2,18
117900029,100,894,-794
117900030,112,138,-26
117900031,103,84,19
117900032,341,245,96
117900033,86,964,-878
117900034,43,35,8
117900035,70,38,32
117900036,85,600,-515
117900037,24,123,-99
117900038,17,332,-315
117900039,6,88,-82
117900040,46,529,-483
117900041,2,59,-57
117900042,4073,278,3795
117900043,18,35,-17
117900044,19,1779,-1760
117900045,100,52,48
117900048,66,284,-218
117900049,49,731,-682
117900050,13,30,-17
117900051,24,3,21
117900052,34,134,-100
117900053,511,551,-40
117900054,1,5,-4
117900055,83,108,-25
117900056,309,24,285
117900057,639,1203,-564
117900058,63,9,54
117900059,158,52,106
117900060,352,4485,-4133
117900061,6,191,-185
117900063,80,203,-123
117900065,553,916,-363
117900066,16,20,-4
117900067,218,305,-87
117900069,255,507,-252
117900070,214,1,213
117900071,95,86,9
117900073,127,407,-280
117900074,82,8,74
117900075,49,66,-17
117900076,13,41,-28
117900077,119,46,73
117900078,171,262,-91
117900080,117,60,57
117900081,458,349,109
117900082,136,198,-62
117900083,164,691,-527
117900086,65,57,8
117900087,24,38,-14
117900088,2143,1311,832
117900089,700,182,518
117900090,141,757,-616
117900091,147,124,23
117900092,18,40,-22
117900093,17,52,-35
117900094,9,4,5
117900095,208,627,-419
117900096,30,215,-185
117900097,34,50,-16
117900098,6,2,4
117900099,85,416,-331
117900100,86,0,86
117900101,265,638,-373
117900102,19,30,-11
117900103,7,1,6
117900104,5,117,-112
117900105,131,179,-48
117900106,44,18,26
117900107,5,0,5
117900109,132,213,-81
117900110,39,0,39
117900111,130,4,126
117900112,32,9,23
117900113,3164,1095,2069
117900114,1,0,1
117900115,163,13,150
117900116,665,534,131
117900117,178,188,-10
117900118,10,0,10
117900119,19,256,-237
117900120,48,105,-57
117900121,44,27,17
117900122,767,1026,-259
117900123,405,773,-368
117900124,277,393,-116
117900125,750,531,219
117900126,240,501,-261
117900127,162,579,-417
117900128,99,782,-683
117900129,14,0,14
117900130,476,209,267
117900131,0,103,-103
117900132,3,89,-86
117900133,1,113,-112
117900134,31,176,-145
117900135,5,206,-201
117900136,0,68,-68
117900137,18,334,-316
117900138,0,34,-34
117900139,23,103,-80
117900140,4842,187,4655
117900141,169,251,-82
117900142,16,2,14
117900144,43,65,-22
117900145,43,6,37
117900146,85,50,35
117900147,19,49,-30
117900148,2419,672,1747
117900149,16,134,-118
117900150,17,56,-39
117900151,17,135,-118
117900152,58,111,-53
117900153,15,79,-64
117900154,318,551,-233
117900156,608,475,133
117900157,27,377,-350
117900158,63,29,34
117900160,229,172,57
117900161,1846,2069,-223
117900162,114,316,-202
117900163,47,6,41
117900165,0,3,-3
117900166,49,187,-138
117900168,28,152,-124
117900169,0,93,-93
117900170,2,31,-29
117900171,5,11,-6
117900172,13,46,-33
117900173,112,42,70
117900174,8,40,-32
117900175,4,19,-15
117900176,8,42,-34
117900177,2,46,-44
117900178,70,32,38
117900180,193,24,169
117900181,101,82,19
117900182,0,12,-12
117900183,6,70,-64
117900184,1,35,-34
117900185,14,11,3
117900186,16,15,1
117900187,1,4,-3
117900188,92,5,87
117900189,13,1,12
117900190,5,0,5
117900191,11,0,11
117900192,64,1,63
117900193,3,25,-22
117900194,5,9,-4
117900195,5,13,-8
117900196,11,28,-17
117900207,66,30,36
117900208,11,41,-30
117900209,139,124,15
117900210,149,110,39
117900211,4,106,-102
117900212,65,118,-53
117900213,5,4,1
117900214,1,31,-30
117900215,1,45,-44
117900216,40,2,38
117900217,98,31,67
117900218,220,122,98
117900219,1,18,-17
117900220,58,55,3
117900222,157,172,-15
117900223,90,123,-33
118000001,590,314,276
118000002,1137,1324,-187
118000003,1253,820,433
118000004,2685,1823,862
118000005,4771,1218,3553
118000006,6815,5159,1656
118000007,4853,1514,3339
118000008,4707,2064,2643
118000009,1526,1752,-226
118000010,1487,2902,-1415
118000011,484,2033,-1549
118000012,761,2306,-1545
118000013,2545,2330,215
118000014,1571,2855,-1284
118000016,202,493,-291
118000017,111,304,-193
118000018,186,568,-382
118000019,1310,985,325
118000020,769,855,-86
118000021,540,1159,-619
118000022,1462,363,1099
118000023,929,217,712
118000024,1219,474,745
118000027,15022,3798,11224
118000029,1038,437,601
118000032,1328,991,337
118000033,2158,1720,438
118000034,3899,1382,2517
118000035,1164,1189,-25
118000036,882,753,129
118000037,359,651,-292
118000038,57,100,-43
118000039,55,326,-271
118000040,1369,1813,-444
118000041,1440,1099,341
118000045,632,92,540
118000046,1546,383,1163
118000047,1284,360,924
118000048,3162,788,2374
118000051,1373,388,985
118000052,710,179,531
118000053,277,259,18
118000054,1548,746,802
118000055,1122,806,316
118000056,234,160,74
118000057,186,175,11
118000058,2221,777,1444
118000059,1100,524,576
118000060,455,505,-50
118000061,408,870,-462
118000062,311,131,180
118000063,205,272,-67
118000064,669,786,-117
118000065,4576,1034,3542
118000066,552,685,-133
118000067,1197,749,448
118000068,1430,2212,-782
118000069,3159,951,2208
118000070,7074,1063,6011
118000071,3230,2850,380
118000072,1447,739,708
118000073,2757,355,2402
118000074,258,350,-92
118000075,654,163,491
118000076,955,871,84
118000077,1018,956,62
118000078,1318,1343,-25
118000079,220,229,-9
118000080,898,584,314
118000081,1087,853,234
118000082,251,474,-223
118000083,1858,734,1124
118000084,2222,1011,1211
118000086,138,404,-266
118000087,5510,1911,3599
118000088,1694,1394,300
118000089,3249,1911,1338
118000090,1942,1697,245
118000091,1008,1223,-215
118000092,1071,301,770
118000093,90,510,-420
118000096,348,356,-8
118000097,367,354,13
118000098,209,148,61
118000099,151,785,-634
118000101,454,244,210
118000102,229,1421,-1192
118000107,2747,314,2433
118000108,384,621,-237
118000110,0,12,-12
118000111,3,491,-488
118000112,131,2,129
118000113,6,829,-823
118000114,95,3,92
118000115,15,7,8
118000116,56,1,55
118000117,961,729,232
118000118,587,572,15
118000119,426,772,-346
118000120,1080,1161,-81
118000121,54,395,-341
118000122,913,142,771
118000123,29,210,-181
118000125,1339,850,489
118000126,482,1094,-612
118000127,1344,528,816
118000128,615,808,-193
118000129,615,218,397
118000130,2362,3507,-1145
118000131,513,954,-441
118000132,1656,1249,407
118000133,254,342,-88
118000135,244,222,22
118000136,77,475,-398
118000137,480,53,427
118000138,164,613,-449
118000139,96,80,16
118000140,1410,2090,-680
118000141,1056,1905,-849
118000142,693,1760,-1067
118000143,715,679,36
118000144,1262,942,320
118000145,822,2599,-1777
118000146,681,1395,-714
118000147,465,1613,-1148
118000148,231,1103,-872
118000149,346,1041,-695
118000150,86,215,-129
118000151,177,340,-163
118000153,449,930,-481
118000154,485,1183,-698
118000155,419,1039,-620
118000156,1766,1587,179
118000157,230,326,-96
118000158,120,373,-253
118000159,3,28,-25
118000160,153,296,-143
118000161,213,804,-591
118000162,412,549,-137
118000163,247,451,-204
118000164,1740,782,958
118000168,1024,97,927
118000169,649,1385,-736
118000170,2759,5468,-2709
118000171,114,570,-456
118000172,95,213,-118
118000173,410,873,-463
118000175,120,207,-87
118000176,156,351,-195
118000177,83,385,-302
118000178,27,21,6
118000179,1116,382,734
118000180,516,531,-15
118000181,368,297,71
118000182,176,237,-61
118000183,121,152,-31
118000184,246,943,-697
118000185,553,566,-13
118000186,296,571,-275
118000187,537,827,-290
118000188,193,232,-39
118000189,115,743,-628
118000190,3,3,0
118000191,15,25,-10
118000192,136,127,9
118000193,58,166,-108
118000194,1479,785,694
118000195,1007,325,682
118000196,388,71,317
118000197,154,47,107
118000198,503,244,259
118000199,518,175,343
118000200,41,144,-103
118000201,336,170,166
118000202,31,25,6
118000203,1576,270,1306
118000204,195,133,62
118000205,358,205,153
118000206,146,174,-28
118000207,0,81,-81
118000208,789,1161,-372
118000209,938,1491,-553
118000210,11,18,-7
118000211,13,19,-6
118000213,522,411,111
118000214,508,184,324
118000215,128,303,-175
118000216,794,2528,-1734
118000217,16,156,-140
118000218,51,80,-29
118000219,352,301,51
118000220,0,9,-9
118000221,46,192,-146
118000222,62,28,34
118000223,9,9,0
118000224,164,109,55
118000225,61,693,-632
118000226,455,59,396
118000227,859,231,628
118000228,99,69,30
118000229,237,19,218
118000230,50,218,-168
118000231,69,134,-65
118000232,308,806,-498
118000233,413,596,-183
118000234,126,270,-144
118000236,132,348,-216
118000237,32,559,-527
118000238,65,235,-170
118000239,170,207,-37
118000240,403,51,352
118000241,33,251,-218
118000242,183,619,-436
118000243,59,138,-79
118000244,19,152,-133
118000246,0,2,-2
118000255,54,176,-122
118000256,75,207,-132
118000259,3,32,-29
118000260,55,84,-29
118000261,9,61,-52
118000263,56,148,-92
118000266,40,328,-288
118000267,0,70,-70
118000268,150,2,148
118000270,12,37,-25
118000271,79,171,-92
118000272,41,52,-11
118000273,65,47,18
118000274,52,294,-242
118000276,120,195,-75
118000295,2,48,-46
118000298,100,399,-299
118000299,27,170,-143
118000301,0,48,-48
118000302,47,79,-32
118000311,82,121,-39
118000312,65,182,-117
118000313,6,92,-86
118000314,15,63,-48
118000315,7,52,-45
118000316,245,374,-129
118000325,15,58,-43
118000326,8,35,-27
118000331,3,38,-35
118000332,19,48,-29
118000333,9,41,-32
118000335,74,0,74
118000336,2,369,-367
118000407,50,65,-15
118000457,2,25,-23
118000465,3171,1896,1275
118000480,13,133,-120
118000489,66,79,-13
118000490,64,429,-365
118000492,147,128,19
118000510,46,6,40
118000514,93,238,-145
118000515,346,238,108
118000517,360,113,247
118000524,599,145,454
118000525,587,791,-204
118000530,6,107,-101
118000531,82,198,-116
118000532,75,264,-189
118000533,212,98,114
118000534,299,306,-7
118000535,62,74,-12
118000536,635,197,438
118000537,8,45,-37
118000538,15,63,-48
118000539,7,59,-52
118000540,188,164,24
118000541,94,83,11
118000542,51,121,-70
118000543,92,104,-12
118000546,10,27,-17
118000553,0,2,-2
118000557,0,0,0
118000560,2854,490,2364
118000562,6,316,-310
118000563,1438,1310,128
118000576,121,235,-114
118000577,101,138,-37
118000578,115,116,-1
118000579,594,627,-33
118000583,0,0,0
118000595,76,42,34
118000596,1,59,-58
118000597,65,126,-61
118000598,2,0,2
118000599,17,26,-9
118000600,3,7,-4
118000601,0,0,0
118000602,2,5,-3
118000603,0,37,-37
118000605,42,640,-598
118900001,871,495,376
118900002,921,344,577
118900003,89,8,81
118900004,28,41,-13
118900005,34,3,31
118900006,40,3,37
118900007,9,3,6
118900008,595,28,567
118900009,9,5,4
118900010,19,2,17
118900011,87,7,80
118900012,134,153,-19
118900013,554,20,534
118900015,50,8,42
118900016,4,36,-32
118900017,95,98,-3
118900018,944,16,928
118900019,31,7,24
118900020,154,66,88
118900021,82,267,-185
118900022,66,145,-79
118900023,42,75,-33
118900024,25,137,-112
118900025,12,23,-11
118900026,10,105,-95
118900027,239,189,50
118900028,30,143,-113
118900029,117,395,-278
118900030,46,39,7
118900031,43,115,-72
118900032,49,210,-161
118900033,181,647,-466
118900034,47,2,45
118900035,57,232,-175
118900036,374,450,-76
118900037,123,285,-162
118900038,119,276,-157
118900039,131,228,-97
118900040,98,121,-23
118900041,63,142,-79
118900042,83,77,6
118900045,54,122,-68
118900046,623,118,505
118900047,628,164,464
118900048,84,163,-79
118900049,39,21,18
118900050,1,107,-106
118900051,43,39,4
118900052,66,197,-131
118900053,11,65,-54
118900054,26,72,-46
118900055,15,125,-110
118900056,99,67,32
118900057,164,180,-16
118900058,184,370,-186
118900059,3,32,-29
118900060,10,115,-105
118900062,77,151,-74
118900064,468,213,255
118900065,17,93,-76
118900066,24,85,-61
118900067,5543,1497,4046
118900068,5,89,-84
118900069,106,210,-104
118900071,0,52,-52
118900072,141,287,-146
118900073,43,81,-38
118900074,56,124,-68
118900075,15,54,-39
118900076,112,48,64
118900077,183,150,33
118900078,11,1,10
118900079,35,121,-86
118900080,7,62,-55
118900081,40,23,17
118900082,254,111,143
118900083,2,11,-9
118900084,15,23,-8
118900085,344,897,-553
118900086,14,32,-18
118900087,25,86,-61
118900088,0,15,-15
118900089,21,6,15
118900090,226,342,-116
118900091,139,69,70
118900092,37,69,-32
118900093,65,9,56
118900096,42,47,-5
118900097,110,657,-547
118900099,12,228,-216
118900100,101,164,-63
118900101,12,376,-364
118900102,5,58,-53
118900103,15,21,-6
118900104,30,113,-83
118900105,70,56,14
118900107,126,57,69
118900108,23,51,-28
118900110,1200,263,937
118900111,98,556,-458
118900112,29,86,-57
118900113,97,414,-317
118900114,11,71,-60
118900115,54,195,-141
118900116,29,112,-83
118900117,38,111,-73
118900118,130,398,-268
118900119,38,217,-179
118900120,62,202,-140
118900121,9,220,-211
118900122,1,259,-258
118900123,53,168,-115
118900124,34,102,-68
118900126,12,186,-174
118900129,113,120,-7
118900130,40,41,-1
118900131,52,191,-139
118900132,195,102,93
118900133,7,34,-27
118900135,54,205,-151
118900136,162,667,-505
118900137,1,13,-12
118900139,45,446,-401
118900140,210,703,-493
118900141,29,279,-250
118900144,97,524,-427
118900145,19,115,-96
118900146,83,563,-480
118900147,96,171,-75
118900148,9,44,-35
118900150,92,278,-186
118900152,164,865,-701
118900157,70,66,4
118900158,13,116,-103
118900159,0,173,-173
118900161,62,6,56
118900163,154,47,107
118900164,1,98,-97
118900165,12,203,-191
118900166,14,2,12
118900167,25,153,-128
118900168,2,47,-45
118900169,36,339,-303
118900170,11,61,-50
118900171,3,20,-17
118900174,10,36,-26
118900175,113,251,-138
118900176,29,86,-57
118900177,13,30,-17
118900178,3,49,-46
118900179,0,16,-16
118900181,23,52,-29
118900182,24,20,4
118900183,5,40,-35
118900184,63,10,53
118900185,12,109,-97
118900186,65,73,-8
118900187,77,227,-150
118900188,83,218,-135
118900189,4,325,-321
118900190,3,582,-579
118900191,45,27,18
118900192,49,26,23
118900193,78,8,70
118900195,334,698,-364
118900196,9,116,-107
118900197,69,96,-27
118900198,3,29,-26
118900199,12,53,-41
118900200,10,4,6
118900201,9,7,2
118900202,4,62,-58
118900203,13,26,-13
118900204,4,29,-25
118900205,1,15,-14
118900206,1,34,-33
119000001,566,683,-117
119000002,1137,1779,-642
119000003,610,1228,-618
119000004,1005,921,84
119000005,950,1180,-230
119000006,1002,1180,-178
119000007,1754,2092,-338
119000008,1052,1716,-664
119000009,2733,1773,960
119000010,7020,2804,4216
119000011,4697,1411,3286
119000012,4794,2266,2528
119000013,1694,892,802
119000014,1742,2714,-972
119000019,107,142,-35
119000020,651,1070,-419
119000021,1489,1353,136
119000022,2251,889,1362
119000023,249,100,149
119000024,1679,4032,-2353
119000025,10273,982,9291
119000026,330,143,187
119000027,503,307,196
119000028,1509,921,588
119000029,103,170,-67
119000030,258,946,-688
119000031,431,594,-163
119000032,1523,1600,-77
119000033,1281,1410,-129
119000034,671,711,-40
119000035,21,286,-265
119000036,533,999,-466
119000037,649,1957,-1308
119000038,63,940,-877
119000039,79,267,-188
119000040,742,345,397
119000041,678,752,-74
119000048,3065,3418,-353
119000049,759,3204,-2445
119000050,996,1912,-916
119000051,1208,755,453
119000052,1688,2451,-763
119000053,1259,886,373
119000054,1934,3158,-1224
119000055,1605,2951,-1346
119000056,1155,1673,-518
119000057,966,2174,-1208
119000058,1070,1841,-771
119000059,592,1278,-686
119000060,597,662,-65
119000061,406,667,-261
119000062,647,1098,-451
119000063,187,202,-15
119000064,899,1305,-406
119000065,1334,2583,-1249
119000066,871,761,110
119000067,1237,2163,-926
119000068,718,759,-41
119000069,911,2018,-1107
119000070,991,945,46
119000071,301,683,-382
119000072,5004,2803,2201
119000073,3280,3674,-394
119000074,493,3014,-2521
119000075,559,1890,-1331
119000076,345,628,-283
119000077,351,335,16
119000078,145,244,-99
119000079,35,550,-515
119000080,118,178,-60
119000081,86,330,-244
119000082,180,165,15
119000083,169,215,-46
119000084,198,444,-246
119000085,433,283,150
119000086,142,252,-110
119000087,1366,782,584
119000088,200,173,27
119000089,30,109,-79
119000090,130,127,3
119000091,91,190,-99
119000092,524,212,312
119000093,3287,3257,30
119000094,1471,4089,-2618
119000095,762,2597,-1835
119000097,2594,1349,1245
119000098,499,1166,-667
119000099,1477,1438,39
119000100,1716,1676,40
119000101,1608,1489,119
119000102,457,396,61
119000103,865,373,492
119000104,2619,1216,1403
119000105,422,560,-138
119000106,162,1741,-1579
119000107,236,372,-136
119000108,203,1305,-1102
119000109,50,253,-203
119000110,259,264,-5
119000111,16,393,-377
119000112,117,75,42
119000113,2187,175,2012
119000114,431,306,125
119000115,100,93,7
119000116,63,52,11
119000117,40,220,-180
119000118,0,0,0
119000123,1707,495,1212
119000124,161,205,-44
119000125,1002,1084,-82
119000126,355,1039,-684
119000127,169,760,-591
119000128,25,7,18
119000131,326,895,-569
119000132,2,2,0
119000133,0,5,-5
119000134,2308,465,1843
119000135,40,203,-163
119000136,62,248,-186
119000137,53,558,-505
119000138,92,443,-351
119000139,91,234,-143
119000140,71,150,-79
119000284,1193,2252,-1059
119000285,1994,1834,160
119000286,5128,3633,1495
119000287,972,1560,-588
119000288,1213,1410,-197
119000289,1956,3339,-1383
119000290,73,458,-385
119000291,2,263,-261
119000293,32,121,-89
119000294,18,18,0
119000295,1597,391,1206
119000296,90,93,-3
119000302,4164,1074,3090
119000303,9,96,-87
119000304,0,0,0
119000310,0,0,0
119000314,1338,3501,-2163
119000315,1,554,-553
119000316,31,95,-64
119000317,39,502,-463
119900001,74,415,-341
119900002,36,242,-206
119900003,35,1244,-1209
119900004,244,238,6
119900005,34,144,-110
119900006,90,208,-118
119900007,411,49,362
119900008,4,15,-11
119900009,250,411,-161
119900010,560,819,-259
119900011,10,29,-19
119900012,4,20,-16
119900013,852,377,475
119900014,364,117,247
119900015,41,8,33
119900016,11,88,-77
119900017,7,22,-15
119900018,881,123,758
119900019,9,7,2
119900020,32,84,-52
119900021,70,15,55
119900022,82,161,-79
119900023,656,335,321
119900025,46,18,28
119900026,799,37,762
119900027,4,20,-16
119900028,123,18,105
119900029,3,4,-1
119900030,281,254,27
119900031,11,124,-113
119900033,1645,113,1532
119900034,68,88,-20
119900037,35,23,12
119900038,20,80,-60
119900039,20,3,17
119900040,21,7,14
119900041,38,28,10
119900042,27,141,-114
119900043,20,131,-111
119900044,127,212,-85
119900046,21,54,-33
119900047,60,69,-9
119900048,21,47,-26
119900049,14,7,7
119900050,21,36,-15
119900051,197,5,192
119900052,15,40,-25
119900053,46,187,-141
119900054,29,2,27
119900055,377,197,180
119900057,62,32,30
119900058,53,2,51
119900059,58,31,27
119900060,55,3,52
119900061,37,3,34
119900062,13,12,1
119900063,5,16,-11
119900065,84,8,76
119900066,0,0,0
119900067,30,12,18
119900068,97,3,94
119900069,29,3,26
119900070,155,1,154
119900071,111,4,107
119900073,1229,240,989
119900074,17,7,10
119900075,4871,1188,3683
119900076,105,461,-356
119900077,197,1238,-1041
119900078,167,732,-565
119900079,362,321,41
119900080,140,226,-86
119900081,86,127,-41
119900082,351,279,72
119900083,282,63,219
119900084,358,89,269
119900085,134,18,116
119900086,119,853,-734
119900087,96,110,-14
119900088,35,44,-9
119900089,5,433,-428
119900090,168,42,126
119900091,13,876,-863
119900092,1,254,-253
119900093,471,51,420
119900094,16,140,-124
119900095,79,63,16
119900096,16,76,-60
119900097,231,108,123
119900098,12,37,-25
119900099,18,217,-199
119900100,2017,1099,918
119900101,150,600,-450
119900102,13,269,-256
119900103,7,419,-412
119900104,13,216,-203
119900105,272,809,-537
119900106,3,189,-186
119900107,231,3335,-3104
119900108,1283,549,734
119900109,6,224,-218
119900110,345,573,-228
119900111,22,292,-270
119900112,2698,274,2424
119900113,36,483,-447
119900114,69,1583,-1514
119900115,53,1224,-1171
119900116,61,179,-118
119900117,110,713,-603
119900118,26,1171,-1145
119900119,47,168,-121
119900120,470,556,-86
119900121,106,1382,-1276
119900122,182,295,-113
119900123,101,164,-63
119900124,36,811,-775
119900125,43,412,-369
119900126,4501,158,4343
119900127,2210,585,1625
119900128,142,579,-437
119900129,34,633,-599
119900130,29,238,-209
119900131,11,286,-275
119900132,1,288,-287
119900133,5,15,-10
119900134,1748,202,1546
119900135,0,415,-415
119900136,78,501,-423
119900138,335,529,-194
119900139,2,52,-50
119900140,2,177,-175
119900141,91,238,-147
119900142,2,12,-10
119900143,2,160,-158
119900144,2133,181,1952
119900145,27,212,-185
119900146,73,80,-7
119900147,3,79,-76
119900148,43,28,15
119900149,1334,1246,88
119900150,116,158,-42
119900151,854,446,408
119900152,34,387,-353
119900153,42,33,9
119900154,0,517,-517
119900155,15,9,6
119900156,4,0,4
119900157,21,218,-197
119900158,34,49,-15
119900159,4,1523,-1519
119900160,9,204,-195
119900161,73,253,-180
119900162,345,450,-105
119900163,91,85,6
119900164,0,0,0
119900165,30,241,-211
119900166,13,9,4
119900167,41,91,-50
119900168,220,288,-68
119900169,92,158,-66
119900170,85,112,-27
119900171,316,453,-137
119900172,26,17,9
119900173,4,499,-495
119900174,6,196,-190
119900175,362,488,-126
119900177,8,230,-222
119900178,1,128,-127
119900179,17,147,-130
119900180,446,502,-56
119900181,23,13,10
119900182,5,351,-346
119900183,92,874,-782
119900184,2218,344,1874
119900185,16,66,-50
119900186,16,222,-206
119900187,11,421,-410
119900188,21,322,-301
119900189,230,116,114
119900190,30,48,-18
119900191,138,46,92
119900192,9,190,-181
119900193,76,119,-43
119900194,7,26,-19
119900195,6,126,-120
119900196,1292,299,993
119900197,48,71,-23
119900198,15,455,-440
119900199,90,17,73
119900200,142,409,-267
119900201,312,120,192
119900202,129,52,77
119900203,75,133,-58
119900204,59,244,-185
119900205,153,556,-403
119900206,26,118,-92
119900208,34,83,-49
119900209,152,372,-220
119900210,26,23,3
119900211,40,11,29
119900212,41,264,-223
119900213,4,33,-29
119900214,7,83,-76
119900215,13,83,-70
119900216,4,76,-72
119900217,5,55,-50
119900218,7,56,-49
119900219,5,92,-87
119900220,3,147,-144
119900221,11,428,-417
119900222,13,265,-252
119900223,15,78,-63
119900224,14,34,-20
119900225,1174,28,1146
119900226,872,732,140
119900227,1278,266,1012
119900228,5,212,-207
119900229,170,318,-148
119900230,917,417,500
119900231,44,189,-145
119900232,120,32,88
119900233,11,2,9
119900234,7,19,-12
119900235,2,15,-13
119900236,8,154,-146
119900237,23,334,-311
119900238,1,61,-60
119900240,11,159,-148
119900241,71,186,-115
119900242,1067,507,560
119900244,517,756,-239
119900245,21,81,-60
119900246,212,134,78
119900247,4,24,-20
119900248,11,32,-21
119900249,88,47,41
119900253,3091,182,2909
119900254,25,154,-129
119900255,47,401,-354
119900256,86,1092,-1006
119900257,18,0,18
119900258,31,2,29
119900259,4,188,-184
119900260,21,1,20
119900261,63,152,-89
119900262,1,237,-236
119900263,766,338,428
119900264,29,217,-188
119900265,72,236,-164
119900266,91,261,-170
119900267,48,276,-228
119900268,45,238,-193
119900269,195,943,-748
119900271,10,49,-39
119900272,44,24,20
119900275,31,2,29
119900276,17,1,16
119900277,3,3,0
119900278,104,17,87
119900279,65,74,-9
119900280,851,173,678
119900281,0,49,-49
119900282,39,16,23
119900283,5,326,-321
119900284,25,175,-150
119900285,9,20,-11
119900286,1,6,-5
119900288,0,39,-39
119900289,0,51,-51
119900290,5,27,-22
119900291,2,13,-11
119900292,11,5,6
119900293,6,30,-24
119900294,7,38,-31
119900295,9,50,-41
119900296,6,165,-159
119900297,0,21,-21
119900298,1,7,-6
119900299,7,198,-191
119900300,34,173,-139
119900301,18,4,14
119900302,7,18,-11
119900303,69,236,-167
119900304,11,10,1
119900305,20,73,-53
119900306,9,0,9
119900307,3,105,-102
119900308,6,14,-8
119900309,9,48,-39
119900310,204,257,-53
119900311,12,158,-146
119900312,20,76,-56
119900313,80,325,-245
119900314,42,177,-135
119900315,262,1999,-1737
119900318,5,15,-10
119900319,2,296,-294
119900320,25,673,-648
119900321,36,2,34
120000001,5976,6256,-280
120000002,1671,2914,-1243
120000003,3059,1848,1211
120000004,2664,2214,450
120000005,4688,1980,2708
120000006,991,1152,-161
120000007,3064,1854,1210
120000008,905,1264,-359
120000009,4542,844,3698
120000010,1221,2935,-1714
120000011,712,1897,-1185
120000012,1278,2814,-1536
120000013,1581,2441,-860
120000014,355,1433,-1078
120000015,1886,1276,610
120000016,2426,2044,382
120000017,1272,1427,-155
120000018,4553,5339,-786
120000019,635,731,-96
120000020,2218,1730,488
120000021,1430,1396,34
120000022,2512,2516,-4
120000023,764,1376,-612
120000024,1180,1863,-683
120000025,1284,2068,-784
120000026,617,1633,-1016
120000027,969,1538,-569
120000028,365,273,92
120000029,1941,316,1625
120000030,78,487,-409
120000031,1494,3686,-2192
120000032,8694,2787,5907
120000033,1794,1382,412
120000034,818,2072,-1254
120000035,934,2185,-1251
120000036,1437,3000,-1563
120000037,394,638,-244
120000038,9094,2427,6667
120000039,345,847,-502
120000040,21,70,-49
120000041,260,1674,-1414
120000042,986,3899,-2913
120000043,3348,2409,939
120000044,2103,977,1126
120000045,2148,903,1245
120000046,1166,1263,-97
120000047,1653,1971,-318
120000048,7725,2810,4915
120000049,1847,2282,-435
120000050,1992,4064,-2072
120000051,3347,3355,-8
120000052,13358,2257,11101
120000053,772,4259,-3487
120000054,1055,6317,-5262
120000055,745,4030,-3285
120000056,2498,4291,-1793
120000057,991,735,256
120000058,234,158,76
120000059,55,939,-884
120000061,58,516,-458
120000062,268,210,58
120000063,1652,2727,-1075
120000064,136,1461,-1325
120000065,269,1691,-1422
120000066,83,389,-306
120000067,36,511,-475
120000068,94,1039,-945
120000069,324,1528,-1204
120000070,17,897,-880
120000071,93,158,-65
120000072,143,459,-316
120000073,184,59,125
120000074,43,74,-31
120000075,117,166,-49
120000076,511,247,264
120000077,613,351,262
120000078,2481,494,1987
120000079,115,433,-318
120000080,69,261,-192
120000081,174,154,20
120000082,135,201,-66
120000083,92,276,-184
120000084,383,558,-175
120000085,337,407,-70
120000086,179,642,-463
120000087,114,1142,-1028
120000088,435,1131,-696
120000089,673,424,249
120000090,287,324,-37
120000091,417,611,-194
120000092,592,408,184
120000093,137,414,-277
120000094,99,338,-239
120000095,435,583,-148
120000096,133,974,-841
120000098,354,948,-594
120000099,157,647,-490
120000100,359,945,-586
120000101,266,467,-201
120000102,278,420,-142
120000103,709,294,415
120000104,845,160,685
120000105,930,184,746
120000106,765,213,552
120000107,1241,296,945
120000108,408,83,325
120000109,420,51,369
120000110,49,905,-856
120000111,73,1350,-1277
120000112,497,4209,-3712
120000113,324,2828,-2504
120000114,458,2333,-1875
120000115,244,2193,-1949
120000116,567,2018,-1451
120000117,965,1429,-464
120000118,25,11,14
120000119,20,29,-9
120000120,33,35,-2
120000121,26,42,-16
120000122,189,217,-28
120000123,6030,2130,3900
120000124,262,440,-178
120000125,163,584,-421
120000126,205,528,-323
120000127,923,437,486
120000128,2457,1376,1081
120000129,202,196,6
120000130,467,577,-110
120000131,142,333,-191
120000134,184,1265,-1081
120000135,91,217,-126
120000137,59,2084,-2025
120000138,151,365,-214
120000139,97,916,-819
120000140,175,526,-351
120000141,57,561,-504
120000142,108,537,-429
120000143,1,118,-117
120000144,13,1,12
120000145,106,3,103
120000146,1904,567,1337
120000149,409,785,-376
120000150,4946,5877,-931
120000151,317,386,-69
120000152,93,213,-120
120000153,60,663,-603
120000154,368,326,42
120000155,85,141,-56
120000156,1412,289,1123
120000157,664,574,90
120000158,488,900,-412
120000159,1512,2263,-751
120000160,1592,1005,587
120000161,785,2328,-1543
120000162,46,202,-156
120000163,165,1317,-1152
120000164,175,375,-200
120000165,152,808,-656
120000166,346,542,-196
120000167,10,23,-13
120000168,2,41,-39
120000169,156,112,44
120000170,147,83,64
120000171,10,11,-1
120000172,27,20,7
120000173,1818,98,1720
120000174,281,4,277
120000175,490,8,482
120000176,178,66,112
120000177,981,354,627
120000178,50,5,45
120000179,229,5,224
120000180,263,13,250
120000181,19,35,-16
120000182,42,26,16
120000183,2,109,-107
120000184,61,1035,-974
120000186,70,61,9
120000187,84,26,58
120000188,187,21,166
120000190,804,4,800
120000191,1639,14,1625
120000192,1882,5,1877
120000193,524,4,520
120000195,87,0,87
120000196,133,22,111
120000197,47,90,-43
120000198,65,179,-114
120000199,58,0,58
120000200,54,1,53
120000201,7,17,-10
120000202,3,64,-61
120000203,12,411,-399
120000207,1,70,-69
120000208,8,343,-335
120000209,8,149,-141
120000210,152,67,85
120000211,23,1,22
120000212,51,0,51
120000213,31,495,-464
120000214,1,443,-442
120000215,0,154,-154
120000216,24,3,21
120000217,675,1267,-592
120000218,243,1545,-1302
120000219,7,755,-748
120000220,11,3023,-3012
120000225,460,0,460
120000226,157,0,157
120000227,590,16,574
120000228,7106,1253,5853
120000230,97,7,90
120000231,327,2125,-1798
120000233,50,11,39
120000235,83,742,-659
120000236,358,4,354
120000237,3,2234,-2231
120000238,0,79,-79
120000241,870,2619,-1749
120000412,1770,6,1764
120000413,72,541,-469
120000414,25,9,16
120000415,0,185,-185
120000416,11,6,5
120000417,4,94,-90
120000418,23,9,14
120000419,13,492,-479
120000420,94,20,74
120000421,14555,5387,9168
120000422,205,296,-91
120000423,2,28,-26
120000424,17,220,-203
120000436,118,277,-159
120000437,146,166,-20
120000438,4557,310,4247
120000439,104,185,-81
120000443,56,0,56
120000444,464,552,-88
120000445,1155,1087,68
120000446,819,277,542
120000447,54,0,54
120000449,44,9,35
120000450,4,446,-442
120000451,26,190,-164
120000452,42,2,40
120000453,0,319,-319
120000454,45,10,35
120000455,43,55,-12
120000456,2691,1835,856
120000457,1098,914,184
120000458,331,582,-251
120000459,40,56,-16
120000665,486,124,362
120000668,56,99,-43
120000669,51,397,-346
120000670,195,286,-91
120000671,365,212,153
120000672,70,361,-291
120900001,22,24,-2
120900002,141,112,29
120900003,83,25,58
120900004,0,27,-27
120900005,37,1280,-1243
120900006,99,133,-34
120900007,65,135,-70
120900008,49,1087,-1038
120900009,306,54,252
120900010,167,29,138
120900011,211,58,153
120900012,876,478,398
120900013,200,17,183
120900014,4,676,-672
120900015,128,43,85
120900016,311,34,277
120900017,2882,59,2823
120900018,24,419,-395
120900019,237,75,162
120900020,445,388,57
120900021,215,53,162
120900022,90,387,-297
120900023,65,25,40
120900024,969,301,668
120900025,1959,631,1328
120900026,22,102,-80
120900027,408,93,315
120900028,96,32,64
120900029,47,137,-90
120900030,445,326,119
120900031,78,18,60
120900032,264,136,128
120900033,374,12,362
120900034,12,1255,-1243
120900035,10,53,-43
120900037,39,4,35
120900038,16,98,-82
120900039,35,18,17
120900040,70,1,69
120900041,68,9,59
120900042,78,74,4
120900043,16,8,8
120900044,5,379,-374
120900045,71,75,-4
120900046,109,3,106
120900047,58,24,34
120900048,39,9,30
120900049,90,1,89
120900050,3323,595,2728
120900051,61,89,-28
120900052,164,1,163
120900053,78,57,21
120900054,951,653,298
120900055,88,0,88
120900056,110,6,104
120900057,43,13,30
120900058,180,0,180
120900059,22,4,18
120900060,8,22,-14
120900061,180,249,-69
120900062,59,0,59
120900063,132,1,131
120900064,117,0,117
120900065,114,0,114
120900066,69,325,-256
120900067,187,67,120
120900068,50,0,50
120900069,65,66,-1
120900071,4,5,-1
120900072,199,1,198
120900073,85,210,-125
120900074,77,5,72
120900076,70,0,70
120900077,3092,231,2861
120900078,208,556,-348
120900079,182,43,139
120900080,178,2425,-2247
120900081,233,1036,-803
120900082,464,190,274
120900083,29,1,28
120900084,80,158,-78
120900085,121,64,57
120900086,158,137,21
120900087,195,49,146
120900088,84,134,-50
120900089,4519,794,3725
120900090,36,188,-152
120900091,253,170,83
120900092,635,744,-109
120900093,4654,217,4437
120900094,327,161,166
120900095,85,12,73
120900096,8,88,-80
120900097,513,1249,-736
120900098,240,189,51
120900099,24,83,-59
120900100,40,471,-431
120900101,343,370,-27
120900102,13,111,-98
120900103,19,111,-92
120900104,21,31,-10
120900105,15,1078,-1063
120900106,1169,531,638
120900107,389,166,223
120900108,2,1125,-1123
120900109,18,759,-741
120900110,2,516,-514
120900111,71,349,-278
120900112,4,1534,-1530
120900113,11,1133,-1122
120900114,21,243,-222
120900115,127,112,15
120900116,56,524,-468
120900117,1,640,-639
120900118,6,931,-925
120900119,3164,2924,240
120900120,18,846,-828
120900121,53,440,-387
120900122,71,634,-563
120900123,5,583,-578
120900124,3,741,-738
120900125,7,1086,-1079
120900126,944,663,281
120900127,2,618,-616
120900128,708,826,-118
120900129,55,488,-433
120900130,0,453,-453
120900131,6,38,-32
120900132,163,329,-166
120900133,203,1137,-934
120900134,248,416,-168
120900135,3,775,-772
120900136,25,9,16
120900137,43,67,-24
120900138,20,265,-245
120900139,5,844,-839
120900140,2,36,-34
120900141,31,41,-10
120900142,16,955,-939
120900143,5,1054,-1049
120900144,1,235,-234
120900145,35,855,-820
120900146,3,1199,-1196
120900147,0,281,-281
120900148,55,90,-35
120900149,0,402,-402
120900150,8,578,-570
120900151,2,705,-703
120900152,0,48,-48
120900153,0,58,-58
120900154,1,281,-280
120900155,64,1127,-1063
120900156,4,361,-357
120900157,5,241,-236
120900158,17,552,-535
120900159,28,582,-554
120900160,6,312,-306
120900161,6,926,-920
120900162,17,966,-949
120900163,11,66,-55
120900164,0,1,-1
120900165,1,1,0
120900166,31,80,-49
120900167,71,33,38
120900169,29,499,-470
120900170,2392,976,1416
120900171,1142,428,714
120900172,1228,67,1161
120900173,0,47,-47
120900174,3,79,-76
120900175,173,161,12
120900176,3,151,-148
120900177,1,260,-259
120900178,0,122,-122
120900179,613,359,254
120900180,90,56,34
120900181,25,81,-56
120900182,5,348,-343
120900183,492,112,380
120900184,117,43,74
120900185,2,250,-248
120900186,2,519,-517
120900187,139,338,-199
120900188,46,8,38
120900189,72,249,-177
120900190,12,4,8
120900191,3,12,-9
120900192,14286,1629,12657
120900194,30,49,-19
120900195,62,286,-224
120900196,340,34,306
120900197,235,25,210
120900198,123,555,-432
120900199,148,144,4
120900200,86,46,40
120900201,613,123,490
120900202,4,266,-262
120900203,11,28,-17
120900204,244,378,-134
120900205,73,123,-50
120900206,5,12,-7
120900207,34,1098,-1064
121000001,884,843,41
121000002,1491,787,704
121000003,3333,1507,1826
121000004,1807,2414,-607
121000005,1758,1986,-228
121000006,2310,999,1311
121000007,2486,2350,136
121000008,3986,1933,2053
121000009,6937,4061,2876
121000010,8362,2412,5950
121000011,10017,7499,2518
121000012,15068,4868,10200
121000013,4643,4772,-129
121000014,5962,4493,1469
121000015,3500,4408,-908
121000016,3992,2565,1427
121000017,1152,2713,-1561
121000018,1556,1244,312
121000019,13575,5798,7777
121000020,8186,5148,3038
121000021,2093,2079,14
121000022,956,961,-5
121000023,3216,2217,999
121000024,1824,2063,-239
121000025,451,469,-18
121000026,229,114,115
121000027,1071,606,465
121000028,423,310,113
121000029,457,497,-40
121000030,278,251,27
121000031,293,406,-113
121000032,99,51,48
121000034,284,83,201
121000035,105,35,70
121000036,911,559,352
121000037,386,453,-67
121000038,421,340,81
121000039,180,214,-34
121000041,179,283,-104
121000042,106,156,-50
121000043,666,430,236
121000044,1529,470,1059
121000045,173,228,-55
121000046,170,417,-247
121000047,6,49,-43
121000049,1554,496,1058
121000050,216,771,-555
121000051,315,245,70
121000052,141,370,-229
121000053,277,42,235
121000054,19,159,-140
121000055,1327,772,555
121000056,732,799,-67
121000057,103,184,-81
121000058,352,64,288
121000059,1411,500,911
121000060,352,673,-321
121000061,79,99,-20
121000062,126,182,-56
121000063,522,372,150
121000064,311,463,-152
121000065,312,270,42
121000066,470,311,159
121000067,810,268,542
121000068,301,198,103
121000069,157,142,15
121000070,1289,1008,281
121000071,628,551,77
121000072,750,546,204
121000073,587,501,86
121000074,63,78,-15
121000075,16,23,-7
121000076,593,217,376
121000077,189,62,127
121000078,56,93,-37
121000080,2387,455,1932
121000081,1922,1365,557
121000082,148,170,-22
121000083,225,93,132
121000084,176,105,71
121000085,285,327,-42
121000086,126,626,-500
121000087,38,181,-143
121000088,219,334,-115
121000089,384,157,227
121000090,203,177,26
121000091,1638,449,1189
121000092,93,67,26
121000093,120,110,10
121000094,298,222,76
121000095,160,339,-179
121000096,1953,1737,216
121000097,1078,1264,-186
121000098,229,962,-733
121000099,298,645,-347
121000100,297,446,-149
121000101,92,174,-82
121000102,53,324,-271
121000103,52,186,-134
121000104,83,132,-49
121000105,139,234,-95
121000106,128,243,-115
121000107,1696,3064,-1368
121000109,1238,869,369
121000110,282,303,-21
121000114,2102,1857,245
121000115,614,701,-87
121000116,448,636,-188
121000117,1023,200,823
121000118,800,150,650
121000119,165,184,-19
121000120,122,367,-245
121000121,337,672,-335
121000123,904,433,471
121000127,50,87,-37
121000128,325,561,-236
121000129,181,341,-160
121000130,232,746,-514
121000131,2159,710,1449
121000132,919,664,255
121000135,273,121,152
121000136,581,397,184
121000137,352,110,242
121000138,459,691,-232
121000139,277,91,186
121000141,125,97,28
121000142,657,299,358
121000143,98,11,87
121000144,732,519,213
121000145,211,896,-685
121000146,712,540,172
121000147,397,316,81
121000148,522,639,-117
121000149,1226,845,381
121000152,233,350,-117
121000153,1201,382,819
121000154,465,319,146
121000155,779,707,72
121000156,297,675,-378
121000157,1135,1435,-300
121000158,334,448,-114
121000159,83,485,-402
121000160,168,554,-386
121000161,42,326,-284
121000162,9,266,-257
121000165,1411,1224,187
121000166,46,477,-431
121000168,97,200,-103
121000169,23,118,-95
121000170,77,49,28
121000171,40,130,-90
121000172,280,351,-71
121000173,705,518,187
121000174,118,274,-156
121000175,344,379,-35
121000176,244,234,10
121000177,444,495,-51
121000178,55,39,16
121000179,63,35,28
121000181,297,211,86
121000182,45,115,-70
121000183,26,47,-21
121000184,17,72,-55
121000185,5,129,-124
121000186,111,243,-132
121000187,108,209,-101
121000188,29,216,-187
121000192,349,205,144
121000193,505,219,286
121000194,2151,1630,521
121000195,410,865,-455
121000196,768,141,627
121000197,168,534,-366
121000198,129,51,78
121000199,57,272,-215
121000200,108,66,42
121000201,0,112,-112
121000202,364,54,310
121000203,471,2082,-1611
121000204,1067,434,633
121000205,106,241,-135
121000206,67,24,43
121000207,1184,374,810
121000208,12,283,-271
121000209,98,385,-287
121000210,152,419,-267
121000211,80,97,-17
121000212,162,774,-612
121000213,7051,1680,5371
121000214,621,1220,-599
121000215,1002,497,505
121000216,291,395,-104
121000217,3621,1791,1830
121000218,458,1429,-971
121000219,953,216,737
121000220,254,64,190
121000221,104,179,-75
121000222,2305,1822,483
121000223,476,269,207
121000224,228,106,122
121000225,1038,703,335
121000226,1561,582,979
121000227,8,190,-182
121000228,12,722,-710
121000229,46,368,-322
121000230,51,1674,-1623
121000231,255,18,237
121000232,302,142,160
121000233,382,250,132
121000234,7,33,-26
121000235,35,57,-22
121000236,2,27,-25
121000237,26,7,19
121000238,0,66,-66
121000239,4,8,-4
121000240,3,190,-187
121000241,73,8,65
121000242,28,135,-107
121000243,295,52,243
121000244,3,70,-67
121000245,16,9,7
121000246,5,57,-52
121000247,14,3,11
121000248,522,499,23
121000249,31,170,-139
121000250,93,93,0
121000251,7,578,-571
121000252,33,23,10
121000253,146,481,-335
121000254,285,206,79
121000255,99,101,-2
121000256,152,106,46
121000257,81,50,31
121000258,58,72,-14
121000259,21,33,-12
121000260,27,82,-55
121000261,7,23,-16
121000262,837,399,438
121000263,233,432,-199
121000271,147,1288,-1141
121000273,49,4,45
121000274,2,30,-28
121000275,1,25,-24
121000276,1,6,-5
121000278,30,41,-11
121000279,25,8,17
121000280,25,30,-5
121000289,130,25,105
121000290,800,548,252
121000294,34,133,-99
121000297,665,432,233
121000299,105,196,-91
121000300,440,322,118
121000302,101,435,-334
121000303,356,154,202
121000304,320,26,294
121000305,66,24,42
121000306,38,85,-47
121000308,104,234,-130
121000309,331,467,-136
121000310,46,309,-263
121000311,79,592,-513
121000312,170,117,53
121000313,402,378,24
121000314,155,58,97
121000315,89,67,22
121000530,587,1036,-449
121000531,712,1077,-365
121000532,3663,2808,855
121000533,1651,1602,49
121000918,8,224,-216
121000919,5,26,-21
121000938,493,160,333
121000939,646,139,507
121000956,306,1092,-786
121000957,0,5,-5
121000958,56,22,34
121000959,157,866,-709
121000960,1378,1705,-327
121000961,97,21,76
121000962,308,594,-286
121000963,0,0,0
121000973,2,249,-247
121000976,9,120,-111
121000979,185,26,159
121000981,340,63,277
121000982,127,171,-44
121000983,192,315,-123
121000984,7,32,-25
121000985,216,622,-406
121000986,34,314,-280
121000987,70,1290,-1220
121000988,232,69,163
121001302,412,57,355
121001308,5,10,-5
121001309,150,36,114
121001313,79,365,-286
121001314,3365,3345,20
121001315,3155,1040,2115
121001326,27,35,-8
121900001,68,121,-53
121900002,37,11,26
121900003,189,4,185
121900004,98,227,-129
121900005,5,3,2
121900006,47,12,35
121900007,1283,1803,-520
121900008,147,33,114
121900009,350,12,338
121900010,181,6,175
121900011,72,216,-144
121900012,0,0,0
121900013,769,8,761
121900014,716,257,459
121900015,55,101,-46
121900016,3,12,-9
121900017,181,355,-174
121900018,194,6,188
121900019,128,143,-15
121900020,16,0,16
121900021,502,6,496
121900022,100,95,5
121900023,27,231,-204
121900024,254,45,209
121900025,335,164,171
121900026,132,19,113
121900027,74,60,14
121900028,170,10,160
121900029,25,94,-69
121900030,408,333,75
121900031,602,2898,-2296
121900032,40,39,1
121900033,103,73,30
121900034,153,75,78
121900035,1547,1165,382
121900036,21,171,-150
121900037,87,391,-304
121900038,9,81,-72
121900039,294,17,277
121900040,17,58,-41
121900041,82,81,1
121900042,167,65,102
121900043,0,4,-4
121900044,234,16,218
121900046,70,77,-7
121900047,69,41,28
121900048,10,97,-87
121900050,8,22,-14
121900051,32,95,-63
121900052,40,12,28
121900053,139,143,-4
121900054,317,482,-165
121900055,3,8,-5
121900058,55,132,-77
121900059,171,74,97
121900060,51,249,-198
121900061,53,58,-5
121900062,62,39,23
121900063,277,171,106
121900064,112,502,-390
121900066,9,12,-3
121900067,8,5,3
121900069,156,86,70
121900070,103,54,49
121900071,44,187,-143
121900072,10,88,-78
121900073,164,104,60
121900074,274,293,-19
121900075,440,191,249
121900076,172,383,-211
121900077,0,10,-10
121900078,7,23,-16
121900079,1,0,1
121900080,235,303,-68
121900082,15,74,-59
121900084,3,212,-209
121900085,1,8,-7
121900086,3,31,-28
121900087,177,82,95
121900088,1752,1040,712
121900089,28,210,-182
121900090,5,69,-64
121900091,4,77,-73
121900092,13,54,-41
121900093,57,45,12
121900094,13,5,8
121900095,113,74,39
121900096,1166,188,978
121900097,105,51,54
121900098,0,1,-1
121900099,62,34,28
121900100,96,82,14
121900101,30,46,-16
121900102,3,48,-45
121900103,346,99,247
121900104,457,156,301
121900105,45,35,10
121900106,5,0,5
121900107,6,6,0
121900108,0,0,0
121900109,301,103,198
121900110,89,923,-834
121900111,432,89,343
121900112,178,61,117
121900113,31,125,-94
121900117,47,16,31
121900118,1479,181,1298
121900119,52,83,-31
121900120,17,1240,-1223
121900121,407,42,365
121900122,10,12,-2
121900123,97,258,-161
121900124,62,202,-140
121900125,554,824,-270
121900127,8,38,-30
121900128,31,93,-62
121900129,972,46,926
121900130,58,114,-56
121900131,85,63,22
121900132,11,101,-90
121900133,71,138,-67
121900134,6,88,-82
121900135,1493,141,1352
121900136,90,423,-333
121900137,16,194,-178
121900138,22,182,-160
121900139,283,316,-33
121900140,11,84,-73
121900141,15,11,4
121900142,49,76,-27
121900143,7,86,-79
121900144,177,241,-64
121900145,58,101,-43
121900146,430,496,-66
121900147,52,144,-92
121900148,89,172,-83
121900149,238,545,-307
121900150,44,84,-40
121900151,41,115,-74
121900152,30,108,-78
121900153,45,256,-211
121900154,5,92,-87
121900155,1,51,-50
121900156,87,70,17
121900157,1,295,-294
121900158,25,47,-22
121900159,3,130,-127
121900160,18,143,-125
121900161,397,202,195
121900162,53,61,-8
121900163,24,496,-472
121900164,311,99,212
121900165,42,116,-74
121900166,55,92,-37
121900167,109,38,71
121900168,208,50,158
121900169,4,227,-223
121900170,2,152,-150
121900171,305,363,-58
121900172,133,173,-40
121900173,618,165,453
121900174,12,17,-5
121900175,45,112,-67
121900176,409,1266,-857
121900177,90,17,73
121900178,30,40,-10
121900179,126,94,32
121900180,4267,1657,2610
121900182,366,209,157
121900183,177,491,-314
121900184,22,326,-304
121900186,7,231,-224
121900187,13,69,-56
121900188,420,205,215
121900189,12,58,-46
121900190,121,322,-201
121900191,39,71,-32
121900192,303,310,-7
121900193,12,131,-119
121900194,3,97,-94
121900195,57,43,14
121900196,479,410,69
121900197,178,1474,-1296
121900198,669,623,46
121900199,3,24,-21
121900200,45,113,-68
121900201,529,359,170
121900202,63,223,-160
121900203,128,488,-360
121900204,809,478,331
121900205,4,79,-75
121900206,4,3,1
121900207,108,10,98
121900208,98,166,-68
121900209,18,16,2
121900210,606,764,-158
121900211,115,278,-163
121900212,58,78,-20
121900213,52,54,-2
121900214,3,246,-243
121900215,12,18,-6
121900216,10,72,-62
121900217,138,50,88
121900218,238,284,-46
121900220,67,6,61
121900221,115,458,-343
121900222,42,102,-60
121900223,54,46,8
121900224,26,31,-5
121900225,118,41,77
121900226,109,76,33
121900227,56,238,-182
121900228,97,115,-18
121900230,59,34,25
121900231,105,151,-46
121900232,65,249,-184
121900233,182,168,14
121900234,110,203,-93
121900235,168,137,31
121900236,168,94,74
121900237,95,124,-29
121900238,102,128,-26
121900239,47,26,21
121900240,85,102,-17
121900241,28,24,4
121900242,2,16,-14
121900245,112,112,0
121900246,859,335,524
121900247,113,121,-8
121900248,724,465,259
121900250,253,148,105
121900251,179,11,168
121900252,700,94,606
121900253,119,672,-553
121900254,618,134,484
121900255,71,38,33
121900258,1542,1247,295
121900259,228,296,-68
121900260,23,105,-82
121900261,50,198,-148
121900262,271,346,-75
121900263,57,178,-121
121900264,1582,614,968
121900265,73,195,-122
121900266,80,147,-67
121900267,22,13,9
121900269,62,188,-126
121900270,2,79,-77
121900271,16,81,-65
121900273,251,916,-665
121900274,106,140,-34
121900277,164,923,-759
121900278,18,519,-501
121900279,88,238,-150
121900280,106,196,-90
121900281,142,51,91
121900284,29,6,23
121900286,38,97,-59
121900287,12,7,5
121900288,0,0,0
121900290,102,113,-11
121900291,315,364,-49
121900292,171,77,94
121900293,708,2223,-1515
121900294,185,2,183
121900295,41,186,-145
121900296,15,12,3
121900298,178,304,-126
121900299,0,0,0
121900300,1,0,1
121900301,26,0,26
121900302,0,61,-61
121900303,76,438,-362
121900304,0,3,-3
121900305,0,1,-1
121900306,31,0,31
121900307,13,5,8
121900308,7,310,-303
121900309,17,212,-195
121900310,12,414,-402
121900311,97,11,86
121900312,56,6,50
121900313,136,13,123
121900314,0,31,-31
121900315,3,0,3
121900316,0,2,-2
121900317,0,0,0
121900318,0,2,-2
121900319,3,30,-27
121900320,34,68,-34
121900321,1,2,-1
121900322,0,18,-18
121900323,17,8,9
121900324,2,14,-12
121900325,1,0,1
121900326,0,22,-22
121900327,1,38,-37
121900328,0,26,-26
121900329,1,150,-149
121900330,0,27,-27
121900331,15,1,14
121900332,46,15,31
121900333,12,2,10
121900334,50,18,32
122000001,1963,1905,58
122000002,4241,683,3558
122000003,1666,865,801
122000004,2194,625,1569
122000005,2200,652,1548
122000006,1505,336,1169
122000007,890,673,217
122000008,5464,2390,3074
122000009,477,125,352
122000010,1654,1437,217
122000011,2709,506,2203
122000012,936,554,382
122000013,1516,889,627
122000014,1087,1531,-444
122000015,1025,675,350
122000016,288,518,-230
122000017,882,892,-10
122000018,985,837,148
122000019,494,992,-498
122000020,147,131,16
122000021,455,299,156
122000022,942,1119,-177
122000023,400,2008,-1608
122000024,1073,518,555
122000025,1702,695,1007
122000026,1979,578,1401
122000027,483,3514,-3031
122000028,564,277,287
122000029,266,185,81
122000030,326,48,278
122000031,97,147,-50
122000032,1066,2127,-1061
122000033,631,407,224
122000034,352,344,8
122000035,280,415,-135
122000036,260,476,-216
122000037,230,172,58
122000038,220,249,-29
122000039,456,378,78
122000040,298,177,121
122000041,310,360,-50
122000042,155,296,-141
122000043,75,85,-10
122000044,74,103,-29
122000045,1113,400,713
122000046,478,656,-178
122000047,221,123,98
122000048,1968,2235,-267
122000049,3091,1526,1565
122000050,1121,356,765
122000051,252,302,-50
122000052,330,126,204
122000053,114,343,-229
122000054,1848,1082,766
122000055,2017,1504,513
122000056,3867,2157,1710
122000057,2614,1558,1056
122000058,3502,880,2622
122000059,2581,978,1603
122000060,1011,329,682
122000061,722,128,594
122000062,934,196,738
122000063,879,355,524
122000064,2805,2233,572
122000065,4403,2288,2115
122000066,1114,719,395
122000067,1157,1051,106
122000068,503,953,-450
122000069,360,464,-104
122000070,333,2185,-1852
122000071,558,1070,-512
122000072,283,222,61
122000073,370,273,97
122000074,1481,862,619
122000075,327,850,-523
122000076,1126,815,311
122000077,898,470,428
122000078,2352,1139,1213
122000079,1008,424,584
122000080,618,214,404
122000081,123,161,-38
122000082,1092,550,542
122000083,769,2956,-2187
122000084,523,530,-7
122000085,161,1178,-1017
122000086,1369,2807,-1438
122000087,271,88,183
122000088,202,113,89
122000089,4612,2099,2513
122000090,137,204,-67
122000091,285,61,224
122000092,130,11,119
122000093,1393,867,526
122000094,5213,1054,4159
122000095,2590,1023,1567
122000096,1829,834,995
122000098,2113,976,1137
122000099,1948,425,1523
122000100,1358,387,971
122000101,182,510,-328
122000102,1053,800,253
122000103,1270,892,378
122000104,194,126,68
122000105,154,178,-24
122000106,646,352,294
122000107,650,341,309
122000108,272,624,-352
122000109,218,239,-21
122000110,202,366,-164
122000111,1796,708,1088
122000112,426,917,-491
122000113,334,381,-47
122000114,2197,1071,1126
122000115,1321,735,586
122000116,302,281,21
122000117,595,184,411
122000118,217,236,-19
122000119,1981,843,1138
122000120,2826,1387,1439
122000121,2977,1299,1678
122000122,449,721,-272
122000123,1479,808,671
122000124,756,249,507
122000125,361,417,-56
122000126,441,414,27
122000127,1103,579,524
122000128,349,517,-168
122000129,191,402,-211
122000130,1345,316,1029
122000131,1785,361,1424
122000132,855,281,574
122000133,818,1333,-515
122000134,301,358,-57
122000135,469,563,-94
122000136,250,154,96
122000137,607,440,167
122000139,1040,2084,-1044
122000140,836,315,521
122000141,3944,528,3416
122000142,405,391,14
122000143,411,120,291
122000144,1663,423,1240
122000145,1402,503,899
122000146,840,607,233
122000147,606,235,371
122000148,2094,939,1155
122000149,1504,540,964
122000150,855,508,347
122000151,316,235,81
122000152,457,234,223
122000153,389,186,203
122000154,300,101,199
122000155,1236,1275,-39
122000156,2198,1344,854
122000157,1625,950,675
122000158,179,331,-152
122000159,915,928,-13
122000160,3884,571,3313
122000161,1262,392,870
122000162,1365,790,575
122000163,236,35,201
122000164,28,31,-3
122000165,565,585,-20
122000166,702,731,-29
122000167,142,157,-15
122000168,136,356,-220
122000169,397,107,290
122000170,134,178,-44
122000171,14,62,-48
122000172,1064,1126,-62
122000173,1126,1417,-291
122000174,1414,548,866
122000175,937,216,721
122000176,253,491,-238
122000177,1195,827,368
122000178,2280,1666,614
122000179,1527,1758,-231
122000180,1455,593,862
122000181,1513,1647,-134
122000182,2010,568,1442
122000183,1247,612,635
122000184,2931,1176,1755
122000185,1303,775,528
122000186,448,685,-237
122000187,1219,841,378
122000188,395,161,234
122000189,220,199,21
122000190,907,697,210
122000191,775,372,403
122000192,825,251,574
122000193,303,587,-284
122000194,359,95,264
122000195,113,315,-202
122000196,576,347,229
122000197,372,394,-22
122000198,337,753,-416
122000199,266,234,32
122000200,911,354,557
122000201,1024,1215,-191
122000202,853,842,11
122000203,1930,966,964
122000204,873,1228,-355
122000205,886,623,263
122000206,1433,637,796
122000207,727,739,-12
122000208,1481,962,519
122000209,1739,281,1458
122000210,1031,1576,-545
122000211,762,1034,-272
122000212,386,335,51
122000213,759,882,-123
122000214,1134,1161,-27
122000215,1433,1015,418
122000217,1441,1059,382
122000218,548,55,493
122000219,1128,816,312
122000220,226,532,-306
122000221,70,243,-173
122000222,478,61,417
122000223,556,350,206
122000225,428,143,285
122000226,662,1275,-613
122000227,141,1182,-1041
122000228,195,351,-156
122000229,21,267,-246
122000230,51,617,-566
122000231,126,512,-386
122000232,396,638,-242
122000233,2,86,-84
122000234,97,138,-41
122000235,243,96,147
122000236,289,110,179
122000237,63,50,13
122000238,72,136,-64
122000239,244,43,201
122000240,603,261,342
122000241,422,279,143
122000242,161,63,98
122000243,57,49,8
122000244,22,408,-386
122000245,37,262,-225
122000246,116,125,-9
122000247,278,711,-433
122000248,956,1609,-653
122000249,265,338,-73
122000250,863,354,509
122000251,153,259,-106
122000252,435,48,387
122000253,8,169,-161
122000254,70,52,18
122000255,345,1376,-1031
122000256,242,1102,-860
122000257,62,277,-215
122000258,37,158,-121
122000259,8,483,-475
122000260,2,78,-76
122000261,3,132,-129
122000262,1,50,-49
122000263,35,64,-29
122000264,347,322,25
122000265,1448,541,907
122000266,3523,395,3128
122000267,37,79,-42
122000268,61,228,-167
122000269,451,198,253
122000270,447,67,380
122000271,226,824,-598
122000272,152,728,-576
122000273,219,283,-64
122000274,78,126,-48
122000275,11,100,-89
122000276,256,433,-177
122000277,398,1052,-654
122000278,356,584,-228
122000279,65,452,-387
122000280,366,542,-176
122000281,315,469,-154
122000282,60,249,-189
122000283,132,33,99
122000284,45,71,-26
122000285,275,71,204
122000286,47,161,-114
122000287,364,1061,-697
122000288,142,142,0
122000291,544,311,233
122000293,252,257,-5
122000294,60,101,-41
122000295,903,148,755
122000296,48,399,-351
122000297,2208,1446,762
122000299,238,320,-82
122000300,566,372,194
122000301,10470,1680,8790
122000302,857,552,305
122000303,3468,845,2623
122000304,26,107,-81
122000305,479,170,309
122000306,13,733,-720
122000307,198,109,89
122000309,32,39,-7
122000310,53,10,43
122000311,40,28,12
122000312,89,35,54
122000313,16,25,-9
122000314,56,169,-113
122000315,96,17,79
122000316,181,156,25
122000317,657,156,501
122000318,358,329,29
122000319,284,389,-105
122000320,302,1800,-1498
122000321,41,215,-174
122000322,2062,1559,503
122000323,1118,1040,78
122000324,1226,939,287
122000325,712,665,47
122000326,5,95,-90
122000327,179,323,-144
122000328,832,717,115
122000330,1233,459,774
122000332,107,224,-117
122000333,14,175,-161
122000337,362,1626,-1264
122000338,131,307,-176
122000340,299,189,110
122000342,1816,731,1085
122000343,209,1116,-907
122000344,18,16,2
122000345,8,30,-22
122000346,159,423,-264
122000348,218,625,-407
122000349,52,494,-442
122000351,79,143,-64
122000352,212,50,162
122000353,23,77,-54
122000355,57,159,-102
122000356,1231,596,635
122000357,14,4,10
122000358,0,51,-51
122000359,0,29,-29
122000360,0,45,-45
122000362,6,67,-61
122000364,58,371,-313
122000365,0,14,-14
122000366,2,6,-4
122000368,333,686,-353
122000370,9,73,-64
122000371,0,0,0
122000372,0,0,0
122000381,27,261,-234
122000382,30,139,-109
122000384,3544,1676,1868
122000385,8,0,8
122000386,336,629,-293
122000387,237,397,-160
122000388,1322,217,1105
122000389,137,665,-528
122000390,213,171,42
122000391,159,104,55
122000392,152,156,-4
122000393,4,155,-151
122000394,227,230,-3
122000395,45,131,-86
122000396,180,88,92
122000397,18,51,-33
122000398,3,53,-50
122000399,50,76,-26
122000400,133,240,-107
122000401,57,48,9
122000402,94,57,37
122000403,238,974,-736
122000404,88,267,-179
122000408,704,875,-171
122000503,12,58,-46
122000524,153,63,90
122000544,25,1316,-1291
122000616,748,5,743
122000640,45,142,-97
122000641,34,353,-319
122000642,568,990,-422
122000643,15,73,-58
122000644,126,26,100
122000645,67,122,-55
122000651,1637,494,1143
122000664,63,25,38
122000665,767,391,376
122000666,357,747,-390
122000673,24,340,-316
122000674,76,42,34
122000675,787,869,-82
122000686,183,899,-716
122000687,497,323,174
122000688,97,569,-472
122000689,206,467,-261
122000690,383,610,-227
122000691,165,2226,-2061
122000692,459,215,244
122000693,205,1233,-1028
122000695,103,367,-264
122000696,84,262,-178
122000698,85,824,-739
122000699,95,33,62
122000701,788,296,492
122000702,438,1910,-1472
122000703,126,33,93
122000712,0,0,0
122000717,122,38,84
122000718,301,259,42
122000719,66,37,29
122000720,75,198,-123
122000724,165,209,-44
122900001,8,1,7
122900002,796,1292,-496
122900003,177,16,161
122900004,698,17,681
122900005,22,42,-20
122900006,184,344,-160
122900007,60,11,49
122900008,297,101,196
122900009,535,161,374
122900010,130,94,36
122900012,261,276,-15
122900014,62,171,-109
122900015,1447,179,1268
122900016,32,186,-154
122900017,366,449,-83
122900018,119,9,110
122900019,4,121,-117
122900020,166,322,-156
122900021,21,416,-395
122900022,247,870,-623
122900023,196,278,-82
122900024,69,60,9
122900025,12,101,-89
122900026,80,238,-158
122900027,18,539,-521
122900028,46,82,-36
122900029,3352,1438,1914
122900030,1002,241,761
122900031,66,105,-39
122900032,70,154,-84
122900033,77,168,-91
122900034,2401,2846,-445
122900035,0,4,-4
122900036,13,90,-77
122900037,253,83,170
122900038,85,1028,-943
122900039,104,338,-234
122900040,108,334,-226
122900041,108,208,-100
122900042,59,218,-159
122900043,278,132,146
122900044,52,242,-190
122900045,71,91,-20
122900046,39,104,-65
122900047,200,84,116
122900048,44,127,-83
122900049,1269,68,1201
122900051,60,69,-9
122900052,61,100,-39
122900053,9,4,5
122900055,160,53,107
122900057,183,10,173
122900061,303,62,241
122900062,241,277,-36
122900063,136,313,-177
122900064,554,531,23
122900065,138,78,60
122900066,200,162,38
122900067,1186,621,565
122900068,46,84,-38
122900069,88,421,-333
122900070,129,28,101
122900071,69,317,-248
122900072,3,481,-478
122900073,34,193,-159
122900074,138,588,-450
122900075,0,42,-42
122900076,8,106,-98
122900077,1,131,-130
122900078,17,92,-75
122900080,30,14,16
122900081,92,87,5
122900082,448,113,335
122900083,124,69,55
122900084,3,176,-173
122900086,2,33,-31
122900087,54,480,-426
122900088,60,51,9
122900089,4,210,-206
122900090,6,414,-408
122900091,46,0,46
122900092,0,197,-197
122900093,0,310,-310
122900094,7,188,-181
122900095,52,0,52
122900096,45,169,-124
122900097,6,10,-4
122900098,36,60,-24
122900099,2,6,-4
122900100,83,88,-5
122900101,608,101,507
122900102,2,12,-10
122900103,16,4,12
122900104,22,1,21
122900105,2,2,0
122900106,1,67,-66
122900107,3,160,-157
122900108,2,188,-186
123000001,1688,265,1423
123000002,5010,1790,3220
123000003,3289,1826,1463
123000004,3295,3833,-538
123000005,1740,1844,-104
123000006,2670,2430,240
123000007,2369,1749,620
123000008,2382,3397,-1015
123000009,3476,2572,904
123000010,2953,3402,-449
123000011,2552,847,1705
123000012,1087,2014,-927
123000013,2625,817,1808
123000014,1123,3133,-2010
123000015,3583,556,3027
123000016,5314,1817,3497
123000017,2860,1386,1474
123000018,79,45,34
123000019,83,297,-214
123000020,73,97,-24
123000021,58,115,-57
123000022,306,768,-462
123000023,995,956,39
123000024,718,426,292
123000025,80,55,25
123000026,7,113,-106
123000027,249,343,-94
123000028,414,625,-211
123000029,438,437,1
123000030,83,652,-569
123000031,138,312,-174
123000032,180,253,-73
123000033,94,42,52
123000034,480,356,124
123000035,122,144,-22
123000036,178,348,-170
123000037,118,235,-117
123000038,68,224,-156
123000039,525,651,-126
123000040,934,240,694
123000041,778,374,404
123000042,775,335,440
123000043,2968,3296,-328
123000044,5214,1495,3719
123000045,9060,1060,8000
123000046,744,467,277
123000047,2426,755,1671
123000048,24,285,-261
123000049,5389,2447,2942
123000050,573,747,-174
123000051,87,111,-24
123000052,379,1399,-1020
123000053,1978,1733,245
123000054,982,788,194
123000055,463,763,-300
123000056,902,1394,-492
123000057,13043,3441,9602
123000058,354,407,-53
123000059,252,264,-12
123000060,436,222,214
123000061,61,452,-391
123000063,639,485,154
123000064,497,147,350
123000065,5308,2450,2858
123000066,844,548,296
123000067,294,477,-183
123000068,2285,2357,-72
123000069,7578,2670,4908
123000070,228,645,-417
123000071,375,1005,-630
123000072,716,1237,-521
123000073,475,732,-257
123000074,654,1736,-1082
123000075,322,566,-244
123000076,265,913,-648
123000077,1704,3117,-1413
123000078,670,1519,-849
123000079,665,1838,-1173
123000080,1445,2219,-774
123000081,158,473,-315
123000082,338,845,-507
123000083,641,81,560
123000084,205,602,-397
123000085,70,104,-34
123000086,126,370,-244
123000087,40,431,-391
123000088,530,1125,-595
123000089,327,1068,-741
123000090,1002,1116,-114
123000091,1435,1110,325
123000092,1011,949,62
123000094,244,155,89
123000095,194,448,-254
123000096,221,357,-136
123000097,183,1017,-834
123000098,343,439,-96
123000099,355,713,-358
123000100,376,400,-24
123000101,517,302,215
123000102,500,463,37
123000104,266,252,14
123000105,437,495,-58
123000106,586,236,350
123000107,476,524,-48
123000108,1076,958,118
123000111,343,175,168
123000112,396,381,15
123000113,505,1524,-1019
123000114,274,328,-54
123000115,88,221,-133
123000116,36,154,-118
123000117,947,1712,-765
123000118,291,709,-418
123000119,119,825,-706
123000120,279,694,-415
123000121,292,490,-198
123000122,356,230,126
123000123,390,453,-63
123000124,621,570,51
123000125,1156,544,612
123000126,1828,1290,538
123000127,1651,735,916
123000128,247,372,-125
123000129,209,122,87
123000130,232,40,192
123000131,372,388,-16
123000132,339,458,-119
123000133,416,314,102
123000134,514,180,334
123000135,884,809,75
123000136,130,1222,-1092
123000137,56,340,-284
123000138,54,350,-296
123000139,214,57,157
123000140,139,545,-406
123000141,636,38,598
123000142,788,907,-119
123000143,884,2258,-1374
123000144,9,13,-4
123000145,137,74,63
123000146,19,80,-61
123000147,59,93,-34
123000149,199,217,-18
123000150,169,163,6
123000151,204,312,-108
123000152,27,240,-213
123000153,79,298,-219
123000154,1502,1036,466
123000155,1807,642,1165
123000156,25,65,-40
123000157,344,752,-408
123000158,589,371,218
123000159,1986,1089,897
123000160,322,347,-25
123000161,718,552,166
123000162,288,874,-586
123000163,118,21,97
123000164,523,210,313
123000165,223,1617,-1394
123000166,25,124,-99
123000167,92,237,-145
123000168,133,281,-148
123000169,272,43,229
123000170,40,243,-203
123000171,124,26,98
123000172,175,622,-447
123000173,275,104,171
123000174,417,101,316
123000175,718,1185,-467
123000176,303,75,228
123000177,194,864,-670
123000178,357,44,313
123000179,40,598,-558
123000180,861,214,647
123000181,249,1243,-994
123000182,65,357,-292
123000183,100,136,-36
123000184,24,757,-733
123000185,133,289,-156
123000186,8,561,-553
123000187,303,2,301
123000188,143,1,142
123000189,88,172,-84
123000190,21,43,-22
123000192,14,322,-308
123000193,24,490,-466
123000194,376,201,175
123000195,155,5,150
123000196,153,9,144
123000197,17,88,-71
123000198,11,177,-166
123000199,6,375,-369
123000200,209,3,206
123000201,370,6,364
123000202,16,1157,-1141
123000203,347,32,315
123000204,41,1052,-1011
123000205,209,1885,-1676
123000206,877,73,804
123000207,44,925,-881
123000208,160,60,100
123000209,893,195,698
123000210,277,1502,-1225
123000211,448,2338,-1890
123000212,1190,263,927
123000213,210,39,171
123000215,100,78,22
123000216,139,231,-92
123000217,117,34,83
123000218,55,222,-167
123000219,681,10,671
123000220,326,41,285
123000221,77,80,-3
123000222,158,392,-234
123000223,92,523,-431
123000224,254,626,-372
123000225,145,53,92
123000226,71,343,-272
123000227,43,357,-314
123000228,87,47,40
123000229,811,1594,-783
123000232,40,545,-505
123000233,378,62,316
123000234,77,540,-463
123000235,222,182,40
123000236,93,744,-651
123000237,110,24,86
123000238,33,541,-508
123000239,371,1664,-1293
123000240,24,174,-150
123000241,777,76,701
123000242,38,146,-108
123000243,319,899,-580
123000244,530,435,95
123000245,59,106,-47
123000249,477,563,-86
123000252,493,83,410
123000253,385,246,139
123000254,256,742,-486
123000255,466,513,-47
123000256,14,218,-204
123000257,2544,1997,547
123000258,701,1079,-378
123000259,113,300,-187
123000260,229,527,-298
123000261,62,128,-66
123000262,85,225,-140
123000263,230,81,149
123000264,152,50,102
123000265,47,131,-84
123000266,283,510,-227
123000267,117,168,-51
123000268,14,46,-32
123000269,30,48,-18
123000270,12,33,-21
123000271,20,100,-80
123000272,591,256,335
123000273,151,391,-240
123000274,779,251,528
123000275,270,875,-605
123000278,2398,1932,466
123000279,38,53,-15
123000280,148,228,-80
123000281,129,56,73
123000282,54,206,-152
123000283,76,25,51
123000284,53,108,-55
123000286,272,183,89
123000287,479,155,324
123000288,718,399,319
123000289,278,539,-261
123000291,262,650,-388
123000294,152,281,-129
123000295,694,1225,-531
123000296,171,663,-492
123000297,172,719,-547
123000298,245,639,-394
123000299,27,273,-246
123000300,443,433,10
123000301,40,126,-86
123000302,52,162,-110
123000303,15,147,-132
123000305,778,679,99
123000306,26,198,-172
123000309,35,71,-36
123000310,63,19,44
123000311,0,139,-139
123000312,686,924,-238
123000313,107,161,-54
123000315,124,243,-119
123000316,1374,111,1263
123000317,105,32,73
123000318,48,206,-158
123000329,12,9,3
123000337,138,207,-69
123000338,292,70,222
123000339,76,190,-114
123000340,120,340,-220
123000342,11,147,-136
123000343,62,5,57
123000344,808,320,488
123000345,287,383,-96
123000346,151,54,97
123000352,1521,717,804
123000353,25,126,-101
123000354,100,3,97
123000355,0,331,-331
123000356,80,2,78
123000357,2,284,-282
123000359,0,223,-223
123000360,117,8,109
123000361,487,241,246
123000362,76,76,0
123000363,78,157,-79
123000364,378,229,149
123000365,14,129,-115
123000366,197,924,-727
123000367,183,843,-660
123000370,8,208,-200
123000371,58,6,52
123000372,89,13,76
123000373,3,350,-347
123000374,13,165,-152
123000375,89,4,85
123000376,460,512,-52
123000377,169,12,157
123000378,6,339,-333
123000379,2,132,-130
123000380,50,150,-100
123000381,114,32,82
123000382,850,23,827
123000383,137,535,-398
123000384,409,77,332
123000385,391,508,-117
123000436,30,520,-490
123000507,144,263,-119
123000508,138,288,-150
123000517,315,17,298
123000518,44,153,-109
123000519,87,51,36
123000520,42,173,-131
123000521,193,74,119
123000522,135,479,-344
123000541,2,0,2
123000542,0,27,-27
123000565,183,13,170
123000566,43,658,-615
123000567,91,231,-140
123000573,19,781,-762
123000574,263,37,226
123000575,984,960,24
123000576,374,1429,-1055
123000577,63,359,-296
123000578,517,68,449
123000579,4657,1997,2660
123000580,69,14,55
123000582,192,22,170
123000583,17,345,-328
123000584,111,177,-66
123000585,1,78,-77
123000586,16,0,16
123000596,92,117,-25
123000597,51,55,-4
123000602,8,0,8
123000603,188,666,-478
123000604,258,994,-736
123000605,469,94,375
123000606,0,185,-185
123000609,11,295,-284
123000610,63,78,-15
123000613,44,100,-56
123000614,195,38,157
123000615,67,228,-161
123000616,221,38,183
123000617,22,333,-311
123000618,38,534,-496
123000619,446,17,429
123000620,5,437,-432
123000622,204,24,180
123000624,132,68,64
123000630,414,328,86
123000631,125,1826,-1701
123000632,900,1054,-154
123000633,0,119,-119
123000634,53,24,29
123000635,184,126,58
123000636,8,566,-558
123000637,172,19,153
123000638,269,71,198
123000639,683,1686,-1003
123000640,41,957,-916
123000648,102,44,58
123000649,34,646,-612
123900001,1243,32,1211
123900002,11,634,-623
123900003,246,481,-235
123900005,119,71,48
123900006,137,14,123
124000001,1115,96,1019
124000002,105,1406,-1301
124000003,285,81,204
124000004,54,564,-510
124000005,421,183,238
124000006,185,1314,-1129
124000007,393,60,333
124000008,10,418,-408
124000009,231,208,23
124000010,70,509,-439
124000011,508,191,317
124000012,160,908,-748
124000017,55,74,-19
124000018,63,107,-44
124000019,65,68,-3
124000020,39,221,-182
124000021,63,50,13
124000022,111,245,-134
124000023,710,858,-148
124000024,825,619,206
124000025,776,848,-72
124000026,887,760,127
124000027,4490,2534,1956
124000028,2556,3033,-477
124000030,2903,979,1924
124000031,594,878,-284
124000032,4881,969,3912
124000033,435,186,249
124000034,1231,978,253
124000035,90,51,39
124000036,110,544,-434
124000037,141,280,-139
124000038,16,97,-81
124000039,810,195,615
124000040,462,326,136
124000041,113,42,71
124000042,22,213,-191
124000043,73,69,4
124000044,86,228,-142
124000045,306,374,-68
124000046,109,769,-660
124000047,504,524,-20
124000048,363,1592,-1229
124000049,610,503,107
124000050,353,2068,-1715
124000051,289,330,-41
124000052,317,1302,-985
124000053,375,643,-268
124000054,601,655,-54
124000055,853,784,69
124000056,3017,1201,1816
124000057,481,285,196
124000058,287,1365,-1078
124000059,302,424,-122
124000060,893,788,105
124000061,926,1984,-1058
124000062,7611,1669,5942
124000063,1249,1471,-222
124000064,2244,1715,529
124000065,113,176,-63
124000066,233,50,183
124000067,31,162,-131
124000068,27,75,-48
124000069,199,214,-15
124000070,87,452,-365
124000071,39,76,-37
124000072,105,478,-373
124000073,444,58,386
124000074,131,814,-683
124000075,69,30,39
124000076,5,217,-212
124000077,1301,514,787
124000078,1910,295,1615
124000079,571,690,-119
124000080,141,61,80
124000081,100,790,-690
124000082,32,76,-44
124000083,56,138,-82
124000084,55,196,-141
124000085,66,30,36
124000086,28,85,-57
124000087,54,34,20
124000088,73,184,-111
124000089,242,238,4
124000090,91,387,-296
124000091,253,113,140
124000092,109,673,-564
124000093,82,54,28
124000094,71,269,-198
124000095,38,53,-15
124000096,43,240,-197
124000097,44,61,-17
124000098,49,126,-77
124000099,103,67,36
124000100,22,123,-101
124000101,36,108,-72
124000102,95,80,15
124000103,42,79,-37
124000104,55,62,-7
124000105,18,52,-34
124000106,134,80,54
124000107,10,63,-53
124000108,48,27,21
124000109,84,46,38
124000110,159,87,72
124000111,153,101,52
124000112,341,583,-242
124000113,30,55,-25
124000114,160,559,-399
124000115,190,665,-475
124000116,52,64,-12
124000117,49,48,1
124000118,31,60,-29
124000119,695,411,284
124000120,348,392,-44
124000121,2243,556,1687
124000122,468,837,-369
124000123,677,304,373
124000124,435,686,-251
124000125,248,280,-32
124000126,322,446,-124
124000127,404,248,156
124000128,428,832,-404
124000129,991,823,168
124000130,623,509,114
124000131,683,381,302
124000132,669,615,54
124000133,427,570,-143
124000134,543,664,-121
124000135,984,967,17
124000136,685,925,-240
124000137,884,328,556
124000138,1076,731,345
124000139,360,31,329
124000140,22,265,-243
124000141,152,31,121
124000142,20,304,-284
124000143,27,9,18
124000144,6,160,-154
124000145,40,25,15
124000146,4,88,-84
124000148,5,33,-28
124000149,535,149,386
124000150,276,468,-192
124000151,377,195,182
124000152,543,856,-313
124000153,328,307,21
124000154,312,652,-340
124000155,862,451,411
124000156,1053,762,291
124000169,221,271,-50
124000170,497,371,126
124000171,178,166,12
124000172,315,532,-217
124000173,164,188,-24
124000174,221,652,-431
124000175,7,114,-107
124000176,9,7,2
124000177,15,38,-23
124000178,7,10,-3
124000190,170,28,142
124000191,381,120,261
124000192,1757,181,1576
124000193,369,1056,-687
124000194,318,439,-121
124000195,169,395,-226
124000196,766,1019,-253
124000197,47,37,10
124000198,13,32,-19
124000201,116,866,-750
124000202,314,100,214
124000203,76,940,-864
124000204,206,393,-187
124000205,33,518,-485
124000206,134,354,-220
124000207,0,35,-35
124000209,113,568,-455
124000210,88,175,-87
124000211,88,0,88
124000212,1,500,-499
124000213,91,361,-270
124000214,112,598,-486
124000215,79,5,74
124000216,0,496,-496
124000329,54,1934,-1880
124000338,15,1006,-991
124000339,242,50,192
124000341,332,30,302
124000344,11,5,6
124000357,588,1347,-759
124000358,508,908,-400
124000359,570,433,137
124000360,422,304,118
124000361,1110,581,529
124000362,1361,2010,-649
124000363,227,466,-239
124000364,439,853,-414
124000365,559,1034,-475
124000366,1722,828,894
124000367,60,542,-482
124000368,127,155,-28
124000369,102,94,8
124000370,61,585,-524
124000402,20,4,16
124000403,23,4,19
124000404,2,86,-84
124000405,707,494,213
124000406,743,632,111
124000407,3,32,-29
124000411,7,346,-339
124000412,142,23,119
124000413,241,37,204
124000414,35,93,-58
124000415,18,175,-157
124000416,72,274,-202
124000417,63,108,-45
124000418,41,89,-48
124000419,54,148,-94
124000420,19,63,-44
124000421,11,306,-295
124000422,17,9,8
124000423,64,16,48
124000424,4,160,-156
124000425,32,7,25
124000426,1,226,-225
124000427,25,1,24
124000428,9,29,-20
124000429,20,85,-65
124000430,303,489,-186
124000431,197,557,-360
124000432,70,686,-616
124000439,1,3,-2
124000443,0,7,-7
124000445,151,478,-327
124000446,2329,121,2208
124000447,3,50,-47
124900001,232,159,73
124900002,51,404,-353
124900003,369,492,-123
124900004,199,311,-112
124900005,151,190,-39
124900006,227,324,-97
124900008,813,419,394
124900009,155,84,71
124900010,63,20,43
124900011,109,82,27
124900012,222,45,177
124900013,161,65,96
124900014,93,58,35
124900015,98,99,-1
124900016,11,39,-28
124900017,326,190,136
124900018,4,6,-2
124900020,40,25,15
124900021,70,19,51
124900022,8,5,3
124900024,96,5,91
124900026,92,48,44
124900027,14,133,-119
124900028,492,98,394
124900029,7,284,-277
124900030,1,99,-98
124900031,4,320,-316
124900032,229,115,114
124900033,28,291,-263
124900034,2,114,-112
124900035,59,263,-204
124900036,0,47,-47
124900037,85,245,-160
124900038,256,423,-167
124900039,0,24,-24
124900040,28,89,-61
124900041,216,1340,-1124
124900042,40,0,40
124900043,237,1154,-917
124900044,50,0,50
124900045,371,676,-305
124900047,68,125,-57
124900048,67,115,-48
124900050,107,276,-169
124900052,60,273,-213
124900053,19,296,-277
124900054,2322,244,2078
124900055,1,91,-90
124900057,4,53,-49
124900060,26,148,-122
124900061,16,2,14
124900062,25,3,22
124900066,0,9,-9
124900067,2,129,-127
124900068,159,151,8
124900070,16,15,1
124900072,52,8,44
124900075,72,171,-99
124900076,36,321,-285
124900077,23,103,-80
124900078,35,10,25
124900079,500,41,459
124900080,116,701,-585
124900081,404,185,219
124900082,222,1013,-791
124900083,116,504,-388
124900085,1123,190,933
124900086,38,487,-449
124900087,523,52,471
124900088,609,62,547
124900089,1204,14,1190
124900090,81,141,-60
124900091,166,484,-318
124900092,124,381,-257
124900093,104,101,3
124900094,102,129,-27
124900095,48,261,-213
124900096,369,75,294
124900097,105,22,83
124900098,65,314,-249
124900099,338,232,106
124900100,91,19,72
124900101,9,359,-350
124900102,101,2,99
124900103,78,201,-123
124900104,17,168,-151
124900105,36,151,-115
124900106,148,16,132
124900107,28,6,22
124900108,140,32,108
124900111,0,40,-40
124900112,32,588,-556
124900113,83,77,6
124900114,262,39,223
124900115,26,22,4
124900116,47,86,-39
124900117,469,133,336
124900118,39,74,-35
124900119,161,41,120
124900120,10,294,-284
124900121,71,97,-26
124900122,399,164,235
124900123,440,42,398
124900124,134,127,7
204000001,29,16,13
204000002,8,7,1
204000003,10,1,9
204000004,7,2,5
204000005,359,224,135
204000006,665,697,-32
204000011,5,45,-40
204000012,24,108,-84
204000019,395,408,-13
204000020,291,670,-379
204000021,1571,670,901
204000022,272,366,-94
204000023,238,1177,-939
204000031,74,24,50
204000032,455,29,426
204000034,21,221,-200
204000035,0,2,-2
204000036,4,10,-6
204000037,2,5,-3
204000038,0,18,-18
204000039,9,57,-48
204000040,3,40,-37
204000041,6,34,-28
204000042,8,12,-4
204000043,14,1,13
204000044,16,1,15
204000045,20,7,13
204000046,10,2,8
204000057,2,27,-25
204000062,12,141,-129
204000068,18,111,-93
204000069,8,107,-99
204000070,41,84,-43
204000080,17,43,-26
204000085,872,1462,-590
204000086,2434,1919,515
204000087,55,18,37
204000088,0,96,-96
204000090,11,338,-327
204000093,143,46,97
204000096,418,507,-89
204000097,131,24,107
204000099,615,1017,-402
204000100,447,632,-185
204000105,1386,1409,-23
204000110,522,1079,-557
204000111,270,704,-434
204000112,419,885,-466
204000113,355,796,-441
204000114,380,323,57
204000115,320,305,15
204000116,338,424,-86
204000119,1144,1144,0
204000132,213,133,80
204000133,344,197,147
204000134,109,81,28
204000135,201,92,109
204000136,128,156,-28
204000138,95,128,-33
204000140,83,72,11
204000141,78,36,42
204000144,2,22,-20
204000145,538,17,521
204000146,21,280,-259
204000147,38,105,-67
204000148,264,11,253
204000154,1,0,1
204000155,4,8,-4
204000177,65,59,6
204000179,17,8,9
204000180,0,43,-43
204000222,3,5,-2
204000235,11,5,6
204000236,95,237,-142
204000238,29,5,24
204000240,326,46,280
204000263,305,1196,-891
204000268,668,268,400
204000308,93,10,83
204000317,19,72,-53
204000322,1,22,-21
204000323,23,2,21
204000328,137,62,75
204000329,114,95,19
204000330,136,70,66
204000331,33,156,-123
205000001,910,1038,-128
205000013,9,76,-67
205000014,14,131,-117
205000015,29,221,-192
205000016,16,159,-143
205000017,21,87,-66
205000022,257,501,-244
205000025,1108,780,328
205000029,122,9,113
205000045,37,159,-122
205000046,49,429,-380
205000047,23,418,-395
205000048,93,827,-734
205000049,73,547,-474
205000050,955,233,722
205000059,1,254,-253
205000060,0,43,-43
205000061,3,21,-18
205000062,1,39,-38
205000063,18,71,-53
205000064,11,98,-87
205000065,35,607,-572
205000066,60,740,-680
205000067,36,931,-895
205000069,204,11,193
205000082,88,125,-37
205000110,44,191,-147
205000111,88,237,-149
205000112,55,89,-34
205000113,183,186,-3
205000121,82,49,33
205000123,54,135,-81
205000126,321,75,246
205000127,456,132,324
205000128,375,77,298
205000129,272,63,209
205000130,166,60,106
205000131,152,17,135
205000132,325,1,324
205000133,214,2,212
205000134,131,0,131
205000137,68,115,-47
205000138,193,222,-29
205000139,16,71,-55
205000144,44,31,13
205000145,133,71,62
205000151,52,15,37
205000152,70,6,64
205000153,76,25,51
205000154,20,33,-13
205000155,33,11,22
205000207,11,143,-132
205000233,13,2,11
205000234,0,1,-1
205000243,0,0,0
205000244,0,3,-3
205000245,12,221,-209
205000249,0,24,-24
205000250,2,0,2
205000264,1,72,-71
206000027,4,2,2
206000028,8,1,7
206000043,6,100,-94
206000053,2,13,-11
206000054,8,18,-10
206000055,1,20,-19
206000075,6,3,3
206000076,20,15,5
206000077,14,5,9
206000078,6,5,1
206000079,11,2,9
206000082,319,20,299
206000100,37,526,-489
206000103,8,23,-15
206000104,9,14,-5
206000105,9,25,-16
206000106,15,25,-10
206000125,41,0,41
206000157,100,740,-640
206000170,0,207,-207
206000171,5,208,-203
206000172,3,926,-923
206000173,1,362,-361
206000174,2,144,-142
206000175,5,199,-194
206000176,6,386,-380
206000177,3,237,-234
206000178,1,178,-177
206000179,0,85,-85
206000180,30,211,-181
206000181,5,339,-334
206000182,27,347,-320
206000183,17,960,-943
206000184,3,440,-437
206000185,9,358,-349
206000186,95,1567,-1472
206000223,2,310,-308
206000226,12,2,10
206000227,28,0,28
206000237,18,377,-359
206000238,32,758,-726
206000239,451,2521,-2070
206000240,0,45,-45
206000241,0,130,-130
206000242,12,516,-504
206000243,12,415,-403
206000244,41,985,-944
206000245,205,39,166
206000246,44,8,36
206000247,59,10,49
206000248,116,5,111
206000252,47,19,28
206000258,25,52,-27
206000315,20,1,19
206000317,200,57,143
206000318,106,44,62
206000319,407,39,368
206000320,23,29,-6
206000321,54,4,50
206000322,167,10,157
206000323,77,7,70
206000324,23,5,18
206000325,65,12,53
206000326,50,10,40
206000327,93,4,89
206000328,44,1,43
206000329,70,8,62
206000330,25,7,18
206000331,67,4,63
206000332,17,3,14
206000333,165,0,165
206000334,81,1,80
206000335,0,16,-16
206000361,5,163,-158
206000392,3,26,-23
206000405,104,0,104
206000441,9,7,2
206000498,26,3,23
206000515,90,11,79
206000530,80,19,61
206000531,117,42,75
206000532,1878,53,1825
206000535,229,2122,-1893
206000536,25,290,-265
206000537,4,164,-160
206000613,964,104,860
206000784,437,21,416
207000001,134,387,-253
207000002,39,282,-243
207000003,139,232,-93
207000007,394,203,191
207000008,35,3,32
207000009,69,44,25
207000010,409,584,-175
207000012,166,143,23
207000015,319,1722,-1403
207000019,126,70,56
207000021,382,168,214
207000022,53,82,-29
207000023,85,44,41
207000024,1,11,-10
207000025,23,47,-24
207000026,107,62,45
207000027,10,77,-67
207000028,33,242,-209
207000029,189,387,-198
207000033,157,191,-34
207000034,183,51,132
207000039,170,92,78
207000040,117,89,28
207000041,16,28,-12
207000042,106,57,49
207000043,129,165,-36
207000051,76,319,-243
207000052,3,184,-181
207000053,368,651,-283
207000054,51,137,-86
207000055,62,177,-115
207000056,175,451,-276
207000057,144,301,-157
207000058,72,569,-497
207000059,37,1118,-1081
207000060,45,305,-260
207000061,84,130,-46
207000062,116,41,75
207000063,124,149,-25
207000064,269,173,96
207000065,238,210,28
207000066,77,152,-75
207000067,27,73,-46
207000068,81,42,39
207000069,541,298,243
207000082,27,369,-342
207000083,52,403,-351
207000084,97,152,-55
207000085,130,9,121
207000086,63,4,59
207000106,15,35,-20
207000107,23,16,7
207000108,18,8,10
207000109,26,13,13
207000110,27,38,-11
207000111,47,32,15
207000112,133,200,-67
207000114,17,27,-10
207000115,4,88,-84
207000116,11,212,-201
207000117,3,79,-76
207000118,2,83,-81
207000119,16,104,-88
207000123,144,19,125
207000124,57,10,47
207000125,38,23,15
207000126,53,25,28
207000134,56,221,-165
207000135,29,287,-258
207000148,44,108,-64
207000149,51,37,14
207000152,141,387,-246
207000153,891,905,-14
207000154,260,109,151
207000159,39,286,-247
207000160,77,658,-581
207000238,0,57,-57
207000242,1,167,-166
207000248,19,15,4
207000249,120,67,53
207000250,484,36,448
207000251,55,47,8
207000252,36,52,-16
207000278,48,53,-5
207000279,12,246,-234
207000280,167,53,114
207000281,56,1379,-1323
207000282,166,45,121
207000283,177,167,10
207000284,79,101,-22
207000285,166,43,123
207000291,11,94,-83
207000304,97,42,55
207000306,53,390,-337
207000310,25,62,-37
207000353,145,4,141
207000356,8,18,-10
207000357,8,5,3
207000358,11,9,2
207000415,7,131,-124
207000417,11,8,3
207000418,122,187,-65
207000438,0,3,-3
207000439,1107,238,869
207000446,114,8,106
207000460,9,5,4
207000466,156,196,-40
207000467,85,70,15
207000468,15,530,-515
207000476,0,53,-53
207000477,149,94,55
207000478,0,6,-6
207000523,0,24,-24
207000524,30,0,30
207000527,64,118,-54
207000530,144,9,135
207000531,157,8,149
207000532,60,7,53
207000534,543,19,524
207000535,34,134,-100
207000537,29,66,-37
207000540,5,143,-138
207000541,2,244,-242
207000548,4,234,-230
207000549,88,9,79
207000561,76,68,8
207000562,24,127,-103
207000567,110,268,-158
207000568,30,90,-60
207000569,80,1003,-923
207000584,325,94,231
207000585,56,139,-83
207000587,14,22,-8
207000616,1,207,-206
207000617,42,0,42
207000624,51,17,34
207000631,4,36,-32
207900008,52,191,-139
208000001,289,513,-224
208000002,181,417,-236
208000003,512,424,88
208000004,630,685,-55
208000005,18,9,9
208000019,385,733,-348
208000020,143,350,-207
208000021,67,399,-332
208000022,497,722,-225
208000028,938,582,356
208000033,289,494,-205
208000034,724,1374,-650
208000037,326,35,291
208000040,83,151,-68
208000041,1240,353,887
208000042,694,427,267
208000047,62,281,-219
208000064,2282,1228,1054
208000066,1054,640,414
208000070,188,363,-175
208000071,206,724,-518
208000072,247,977,-730
208000080,83,340,-257
208000081,124,167,-43
208000082,124,298,-174
208000083,83,389,-306
208000084,21,18,3
208000085,677,520,157
208000086,398,770,-372
208000087,165,630,-465
208000089,446,646,-200
208000090,323,924,-601
208000093,123,73,50
208000094,239,450,-211
208000095,446,308,138
208000104,693,818,-125
208000105,415,1096,-681
208000114,48,131,-83
208000115,338,242,96
208000116,176,776,-600
208000117,76,87,-11
208000118,50,79,-29
208000155,346,817,-471
208000158,1406,1793,-387
208000186,2457,1381,1076
208000204,223,747,-524
208000205,629,1109,-480
208000282,2794,959,1835
209000004,77,119,-42
209000005,12,16,-4
209000006,392,97,295
209000007,174,128,46
209000010,375,108,267
209000011,92,167,-75
209000012,97,200,-103
209000013,111,504,-393
209000014,607,1341,-734
209000025,162,32,130
209000026,390,53,337
209000027,170,848,-678
209000028,230,861,-631
209000029,572,903,-331
209000030,395,1399,-1004
209000031,3476,2280,1196
209000034,99,174,-75
209000035,75,113,-38
209000036,88,90,-2
209000037,98,198,-100
209000038,88,154,-66
209000039,46,147,-101
209000040,224,446,-222
209000041,129,393,-264
209000042,142,276,-134
209000043,532,479,53
209000044,134,464,-330
209000045,826,330,496
209000046,215,295,-80
209000047,249,139,110
209000048,308,241,67
209000049,88,146,-58
209000050,191,253,-62
209000051,203,321,-118
209000052,96,360,-264
209000062,39,202,-163
209000063,32,145,-113
209000064,6,117,-111
209000065,13,28,-15
209000066,21,31,-10
209000067,33,72,-39
209000080,13,97,-84
209000082,54,29,25
209000091,30,86,-56
209000093,102,26,76
209000094,178,126,52
209000110,26,48,-22
209000111,278,912,-634
209000112,395,436,-41
209000113,840,381,459
209000114,147,176,-29
209000115,75,174,-99
209000116,817,480,337
209000118,14,38,-24
209000119,10,5,5
209000121,144,698,-554
209000135,55,60,-5
209000142,574,616,-42
209000143,107,52,55
209000144,37,51,-14
209000229,70,131,-61
209000240,27,369,-342
209000259,209,130,79
209000260,38,816,-778
209000261,5,545,-540
209000262,1,383,-382
209000263,0,69,-69
209000264,0,23,-23
209000265,469,5,464
209000266,44,11,33
209000267,240,18,222
209000268,469,19,450
210000037,29,12,17
210000047,53,16,37
210000048,31,25,6
210000049,42,22,20
210000052,24,137,-113
210000053,8,83,-75
210000054,31,61,-30
210000070,48,2,46
210000071,17,0,17
210000072,8,0,8
210000073,0,18,-18
210000074,1,100,-99
210000075,2,52,-50
210000076,3,143,-140
210000077,33,22,11
210000078,36,33,3
210000079,32,5,27
210000080,109,48,61
210000081,106,3,103
210000082,78,0,78
210000083,48,0,48
210000084,12,0,12
210000085,0,79,-79
210000086,4,137,-133
210000099,48,227,-179
210000100,19,297,-278
210000101,49,236,-187
210000105,36,226,-190
210000159,0,99,-99
210000163,145,211,-66
210000164,295,64,231
210000168,94,3,91
210000187,0,8,-8
210000188,0,14,-14
210000214,11,0,11
210000219,7,51,-44
210000220,42,121,-79
210000232,2,28,-26
210000233,17,39,-22
210000234,31,158,-127
210000235,27,127,-100
210000245,0,24,-24
210000246,7,2,5
210000258,11,84,-73
210000259,185,13,172
210000282,31,171,-140
210000285,0,86,-86
210000286,6,163,-157
210000290,1,7,-6
210000295,29,150,-121
210000296,48,53,-5
210000320,59,153,-94
210000321,27,35,-8
210000338,86,67,19
210000339,566,745,-179
210000340,94,145,-51
210000341,112,191,-79
210000342,108,193,-85
210000343,119,183,-64
210000344,181,103,78
210000345,189,114,75
210000346,66,83,-17
210000347,113,20,93
210000348,59,23,36
210000349,68,29,39
210000350,50,56,-6
210000351,72,83,-11
210000352,56,77,-21
210000353,21,81,-60
210000354,24,104,-80
210000355,46,115,-69
210000356,77,77,0
210000357,66,38,28
210000358,392,89,303
210000359,66,60,6
210000360,172,101,71
210000361,113,163,-50
210000362,187,141,46
210000363,951,121,830
210000364,92,87,5
210000365,43,42,1
210000366,74,31,43
210000367,39,22,17
210000368,98,19,79
210000369,16,41,-25
210000370,52,47,5
210000372,36,47,-11
210000373,52,14,38
210000374,30,16,14
210000375,22,84,-62
210000376,48,130,-82
210000404,79,116,-37
210000439,15,44,-29
210000472,47,6,41
210000482,61,47,14
210000564,541,118,423
210000567,1,23,-22
210000568,482,0,482
211000092,13,51,-38
211000094,43,9,34
211000169,219,4,215
211000172,14,174,-160
211000209,2,5,-3
211000226,11,23,-12
211000270,6,10,-4
211000275,15,13,2
211000276,57,24,33
211000279,5,60,-55
211000281,40,60,-20
211000302,6,46,-40
211507980,0,13,-13
211977296,6,4,2
212000003,78,60,18
212000004,97,18,79
212000005,12,19,-7
212000006,20,80,-60
212000008,78,220,-142
212000009,8,144,-136
212000012,41,61,-20
212000013,8,39,-31
212000014,166,123,43
212000015,158,193,-35
212000016,300,451,-151
212000027,305,495,-190
212000028,171,433,-262
212000029,112,245,-133
212000030,20,20,0
212000031,34,58,-24
212000048,17,76,-59
212000049,7,57,-50
212000050,8,11,-3
212000051,113,204,-91
212000052,126,365,-239
212000053,202,463,-261
212000054,104,105,-1
212000055,93,238,-145
212000056,4,37,-33
212000057,3,34,-31
212000058,325,39,286
212000070,73,258,-185
212000077,39,613,-574
212000099,146,210,-64
212000108,124,130,-6
212000111,81,124,-43
212000120,109,116,-7
212000138,46,12,34
212000156,7,98,-91
212000158,17,10,7
212000159,175,58,117
212000160,297,182,115
212000161,21,16,5
212000310,17,12,5
212000311,4,60,-56
212000374,16,10,6
213000001,20,442,-422
213000005,222,64,158
213000006,793,102,691
213000007,39,5,34
213000009,430,132,298
213000010,119,153,-34
213000011,143,76,67
213000012,96,365,-269
213000014,27,6,21
213000015,161,5,156
213000016,143,3,140
213000017,14,0,14
213000018,1,151,-150
213000019,2,118,-116
213000020,108,218,-110
213000021,1,85,-84
213000023,152,143,9
213000033,192,555,-363
213000034,305,232,73
213000035,82,91,-9
213000045,91,233,-142
213000046,90,152,-62
213000047,344,487,-143
213000056,21,35,-14
213000069,45,5,40
213000073,1,17,-16
213000074,140,404,-264
213000075,350,13,337
213000076,7,0,7
213000085,1,23,-22
213000086,7,229,-222
213000091,40,5,35
213000092,30,6,24
213000099,111,674,-563
213000100,1217,180,1037
213000101,127,157,-30
213000102,145,373,-228
213000103,522,627,-105
213000104,28,328,-300
213000105,1,84,-83
213000106,6,186,-180
213000107,93,681,-588
213000108,15,486,-471
213000109,3,254,-251
213000110,6,79,-73
213000111,11,23,-12
213000112,177,168,9
213000115,22,12,10
213000116,93,560,-467
213000117,8,698,-690
213000118,162,199,-37
213000119,40,710,-670
213000120,50,687,-637
213000122,242,856,-614
213000123,641,1466,-825
213000124,44,1367,-1323
213000125,96,11,85
213000126,12,64,-52
213000127,112,101,11
213000128,634,468,166
213000129,438,318,120
213000130,216,146,70
213000132,119,101,18
213000133,143,64,79
213000134,439,36,403
213000136,148,17,131
213000137,363,64,299
213000139,490,4,486
213000147,27,1,26
213000148,7,13,-6
213000149,17,6,11
213000150,2,45,-43
213000151,1,44,-43
213000152,0,37,-37
213000153,1,35,-34
213000154,6,203,-197
213000155,13,327,-314
213000156,34,639,-605
213000157,677,602,75
213000158,215,582,-367
213000159,241,515,-274
213000163,189,67,122
213000165,488,125,363
213000171,2,129,-127
213000172,0,330,-330
213000173,5,300,-295
213000174,1,215,-214
213000175,7,137,-130
213000176,20,12,8
213000177,5,2,3
213000178,26,1,25
213000179,65,1,64
213000180,28,0,28
213000184,42,367,-325
213000188,173,64,109
213000189,139,23,116
213000190,604,576,28
213000191,107,496,-389
213000192,92,629,-537
213000193,1231,158,1073
213000194,3,17,-14
213000195,17,468,-451
213000196,82,822,-740
213000197,214,194,20
213000198,21,1,20
213000200,96,933,-837
213000201,122,55,67
213000202,8,618,-610
213000203,2324,245,2079
213000204,341,23,318
213000205,120,38,82
213000206,153,38,115
213000207,20,13,7
213000208,85,0,85
213000209,41,2,39
213000210,171,3,168
213000211,1,9,-8
213000212,12,24,-12
213000213,16,11,5
213000218,91,816,-725
213000219,334,9,325
213000220,327,6,321
213000223,186,96,90
213000224,59,42,17
213000225,8,0,8
213000226,21,3,18
213000227,405,173,232
213000228,101,53,48
213000229,607,12,595
213000230,306,19,287
213000232,64,419,-355
213000233,4,21,-17
213000234,2,19,-17
213000293,1,46,-45
213000294,48,6,42
213000295,8,57,-49
213000296,89,15,74
213000297,6,69,-63
213000298,10,89,-79
213000299,31,35,-4
213000300,47,4,43
213000303,4,24,-20
213000304,1,2,-1
213000305,2,12,-10
213000306,77,27,50
213000307,232,76,156
213000308,96,242,-146
213000309,80,42,38
213000310,128,105,23
213000311,364,508,-144
213000315,47,102,-55
213000316,20,58,-38
213000322,45,129,-84
213000323,18,55,-37
213000324,21,35,-14
213000325,5,63,-58
213000326,2,14,-12
213000327,4,48,-44
213000328,5,67,-62
213000329,18,33,-15
213000340,75,857,-782
213000341,150,82,68
213000346,81,98,-17
213000347,912,130,782
213000348,70,170,-100
213000349,176,17,159
213000350,188,1163,-975
213000366,19,239,-220
213000367,93,34,59
213000379,180,233,-53
213000386,2,196,-194
213000406,91,300,-209
213000417,624,279,345
213000425,58,62,-4
213000426,37,63,-26
213000427,18,268,-250
213000428,28,213,-185
213000429,55,0,55
213000430,36,811,-775
213000431,85,1,84
213000432,1,5,-4
213000433,12,98,-86
213000434,28,87,-59
213000435,39,74,-35
213000436,7,73,-66
213000437,0,24,-24
213000438,66,85,-19
213000439,29,6,23
213000440,1,168,-167
213000441,0,0,0
213000442,0,50,-50
213000443,402,266,136
213000444,19,54,-35
213000445,1,82,-81
213000446,0,8,-8
213000447,2,59,-57
213000448,4,34,-30
213000449,66,4,62
213000450,6,34,-28
213000451,56,60,-4
213000452,49,17,32
213000453,45,281,-236
213000455,654,2,652
213000456,0,431,-431
213000481,12,5,7
213000482,87,4,83
213000489,329,33,296
213000491,0,75,-75
213000492,159,26,133
213000493,0,31,-31
213000494,88,101,-13
213000495,0,111,-111
213000496,129,186,-57
213000497,16,305,-289
213000498,41,229,-188
213000499,79,576,-497
213000500,173,63,110
213000501,35,22,13
213000502,62,38,24
213000503,1,50,-49
213000504,7,161,-154
213000505,1,14,-13
213000506,0,8,-8
213000507,0,141,-141
213900244,4,1,3
213900245,0,20,-20
218000003,20,16,4
218000004,19,10,9
218000005,16,33,-17
218000006,55,23,32
218000007,7,8,-1
218000012,232,127,105
218000013,31,142,-111
218000014,456,385,71
218000019,873,368,505
218000020,224,293,-69
218000021,15,71,-56
218000022,5,51,-46
218000023,1,35,-34
218000024,3,16,-13
218000025,18,23,-5
218000026,1,66,-65
218000027,3,15,-12
218000028,3,3,0
218000029,2,6,-4
218000030,4,28,-24
218000031,2,50,-48
218000032,2,29,-27
218000040,2,1,1
218000046,24,150,-126
218000047,7,181,-174
218000048,43,232,-189
218000049,105,146,-41
218000050,231,270,-39
218000051,35,277,-242
218000052,4,67,-63
218000053,2,11,-9
218000054,29,24,5
218000055,6,9,-3
218000056,13,37,-24
218000057,0,30,-30
218000064,1,6,-5
218000065,25,63,-38
218000066,13,69,-56
218000067,25,94,-69
218000068,59,104,-45
218000069,96,145,-49
218000070,49,260,-211
218000071,142,226,-84
218000072,249,184,65
218000078,402,1212,-810
218000079,19,48,-29
218000080,54,55,-1
218000081,169,247,-78
218000082,8,109,-101
218000083,32,54,-22
218000084,58,186,-128
218000085,83,405,-322
218000086,28,142,-114
218000087,125,191,-66
218000090,4,55,-51
218000091,571,390,181
218000092,46,139,-93
218000093,62,107,-45
218000094,392,755,-363
218000099,224,388,-164
218000100,196,285,-89
218000101,100,177,-77
218000102,135,323,-188
218000103,25,169,-144
218000104,27,53,-26
218000105,22,7,15
218000106,15,11,4
218000107,44,94,-50
218000108,1,58,-57
218000112,45,15,30
218000117,22,42,-20
218000134,353,695,-342
218000135,10,79,-69
218000136,95,31,64
218000137,83,121,-38
218000138,4,45,-41
218000139,77,348,-271
218000140,118,182,-64
218000141,21,84,-63
218000142,73,122,-49
218000143,28,101,-73
218000144,11,49,-38
218000145,191,323,-132
218000146,36,126,-90
218000151,6,26,-20
218000152,43,65,-22
218000153,0,7,-7
218000154,4,1,3
218000155,7,1,6
218000156,42,28,14
218000157,8,23,-15
218000158,1,5,-4
218000159,0,2,-2
218000160,4,1,3
218000161,12,5,7
218000162,9,4,5
218000163,3,2,1
218000164,15,10,5
218000165,30,19,11
218000170,2,55,-53
218000171,31,14,17
218000172,11,5,6
218000173,52,11,41
218000174,18,5,13
218000176,47,6,41
218000177,206,55,151
218000178,33,81,-48
218000179,40,28,12
218000180,16,14,2
218000181,73,30,43
218000187,8,9,-1
218000188,22,51,-29
218000189,12,49,-37
218000190,6,20,-14
218000191,68,86,-18
218000192,121,424,-303
218000193,235,574,-339
218000194,46,427,-381
218000195,105,64,41
218000196,168,237,-69
218000197,99,263,-164
218000198,3,137,-134
218000199,21,21,0
218000200,52,35,17
218000201,5,6,-1
218000202,101,174,-73
218000207,6,40,-34
218000208,23,65,-42
218000211,38,9,29
218000212,3,4,-1
218000213,63,54,9
218000214,2,15,-13
218000215,28,70,-42
218000217,4,109,-105
218000218,157,57,100
218000219,13,6,7
218000220,76,216,-140
218000221,435,131,304
218000222,57,17,40
218000223,24,74,-50
218000224,2,44,-42
218000225,135,21,114
218000226,49,42,7
218000230,0,0,0
218000232,33,38,-5
218000239,33,2,31
218000240,17,1,16
218000241,4,0,4
218000242,22,1,21
218000243,55,0,55
218000244,5,0,5
218000245,3,5,-2
218000246,1,2,-1
218000247,0,0,0
218000248,0,32,-32
218000249,0,2,-2
218000250,7,9,-2
218000251,1,16,-15
218000252,1,37,-36
218000253,4,5,-1
218000254,0,7,-7
218000255,0,9,-9
218000256,4,30,-26
218000267,749,1183,-434
218000268,6,62,-56
218000269,7,11,-4
218000270,43,64,-21
218000271,34,65,-31
218000273,6,9,-3
218000274,9,4,5
218000275,9,23,-14
218000276,3,33,-30
218000278,6,34,-28
218000279,25,75,-50
218000280,43,59,-16
218000281,35,15,20
218000282,346,163,183
218000284,44,6,38
218000301,37,88,-51
218000302,51,34,17
218000303,56,52,4
218000316,460,1134,-674
218000317,463,1143,-680
218000318,190,820,-630
218000319,532,1431,-899
218000320,444,680,-236
218000338,37,14,23
218000345,82,37,45
218000346,38,136,-98
218000459,56,225,-169
218000490,65,57,8
218000501,26,18,8
218000502,22,95,-73
218000503,35,24,11
218000504,98,13,85
218000505,35,202,-167
218000506,22,203,-181
218000508,53,2,51
218000510,180,9,171
218000520,86,84,2
218000521,4,75,-71
218000522,2,122,-120
218000523,64,16,48
218000524,61,84,-23
218000525,63,8,55
218000526,125,47,78
218000529,29,238,-209
218000530,0,3,-3
218000531,0,21,-21
218000532,7,19,-12
218000534,61,16,45
218000537,12,66,-54
218000538,82,123,-41
218000540,198,49,149
218000543,43,38,5
218000544,26,89,-63
218000545,14,48,-34
218000546,38,77,-39
218000547,27,85,-58
218000548,37,156,-119
218000549,419,64,355
218000550,357,381,-24
218000551,280,203,77
218000552,796,20,776
218000553,77,73,4
218000554,7,25,-18
218000555,12,54,-42
218000556,39,372,-333
218000557,94,142,-48
218000558,94,0,94
218000559,0,21,-21
218000560,0,9,-9
218000561,20,0,20
218000562,16,161,-145
218000563,119,18,101
218000564,10,74,-64
218000565,330,23,307
218000566,1053,20,1033
218000567,8,64,-56
218000568,6,1,5
218000569,17,72,-55
218000570,243,2,241
218000571,2,69,-67
218000572,44,0,44
218000573,18,56,-38
218000574,156,54,102
218000575,52,2,50
218000576,2,58,-56
218000577,15,0,15
218000578,2,78,-76
218000579,22,2,20
218000581,2,58,-56
218000582,5,1,4
218000583,5,0,5
218000584,1,27,-26
218000585,5,0,5
218000586,3,29,-26
218000587,0,1,-1
218000588,0,0,0
218000589,1,1,0
218000590,0,0,0
218000591,0,2,-2
218000592,0,0,0
218000593,2,1,1
218000594,0,0,0
218000597,0,0,0
218000598,0,0,0
218000599,0,0,0
218000600,0,0,0
218000601,0,0,0
218000602,0,0,0
218000603,0,2,-2
218000604,7,5,2
218000605,0,16,-16
218000606,16,0,16
218000607,8,23,-15
218000608,18,6,12
218000609,4,33,-29
218000610,13,1,12
218000611,6,0,6
218000612,1,39,-38
218000613,4,0,4
218000614,0,40,-40
218000615,29,2,27
218000616,0,96,-96
218000617,2,0,2
218000618,0,18,-18
218000619,6,15,-9
218000620,0,14,-14
218000621,0,1,-1
218000622,0,1,-1
218000623,5,0,5
218000624,0,9,-9
218000625,1,1,0
218000626,0,10,-10
218000628,83,32,51
218000631,13,15,-2
218000632,1,50,-49
218000633,14,1,13
218000634,24,17,7
218000635,43,6,37
218000636,398,1396,-998
218000637,517,567,-50
218000638,66,33,33
218000639,7,228,-221
218000640,53,17,36
218000641,31,367,-336
218000652,81,97,-16
218000653,103,38,65
218000663,4,75,-71
218000675,93,39,54
218000676,1,38,-37
218000677,3,8,-5
218000680,180,421,-241
218000681,344,97,247
218000691,87,338,-251
218000693,49,76,-27
218000703,2,36,-34
218000718,932,217,715
218000719,1209,33,1176
218000720,5,45,-40
218000721,24,13,11
218000725,2,5,-3
218001147,4,211,-207
218001214,14,17,-3
218001258,27,2,25
218001329,128,85,43
218001330,225,100,125
218001351,32,16,16
218001352,0,17,-17
218001353,15,5,10
218001354,0,25,-25
218001355,24,445,-421
218001356,124,3,121
218001357,25,257,-232
218001358,80,5,75
218001361,49,6,43
218001362,0,306,-306
219000001,18,43,-25
219000002,21,55,-34
219000003,45,20,25
219000004,24,42,-18
219000017,61,18,43
219000020,49,11,38
219000022,106,1,105
219000023,56,0,56
219000029,1,70,-69
219000034,12,10,2
219000039,12,49,-37
219000040,12,47,-35
219000041,48,29,19
219000051,0,36,-36
219000052,0,9,-9
219000053,2,202,-200
219000054,9,150,-141
219000055,42,0,42
219000056,7,0,7
219000057,32,0,32
219000062,8,229,-221
219000063,37,6,31
219000064,3,29,-26
219000110,166,29,137
219000111,94,27,67
219000112,179,48,131
219000113,111,29,82
219000114,219,21,198
219000116,49,22,27
219000117,119,65,54
219000118,41,50,-9
219000123,167,51,116
219000124,37,24,13
219000125,8,19,-11
219000126,34,96,-62
219000127,2,1,1
219000128,15,77,-62
219000129,20,89,-69
219000130,890,607,283
219000131,852,680,172
219000133,46,13,33
219000134,13,18,-5
219000135,14,40,-26
219000136,72,107,-35
219000138,51,13,38
219000139,19,44,-25
219000140,22,0,22
219000141,17,146,-129
219000142,13,71,-58
219000143,9,105,-96
219000145,10,43,-33
219000146,10,90,-80
219000147,1,72,-71
219000148,2,47,-45
219000149,30,236,-206
219000150,3,159,-156
219000151,2,92,-90
219000157,169,112,57
219000158,65,180,-115
219000161,99,11,88
219000163,1367,382,985
219000166,79,163,-84
219000167,85,225,-140
219000168,332,67,265
219000174,198,59,139
219000175,30,1,29
219000176,43,1,42
219000177,31,3,28
219000178,14,1,13
219000179,6,3,3
219000180,22,22,0
219000182,57,19,38
219000183,24,23,1
219000184,20,2,18
219000185,2,97,-95
219000186,7,47,-40
219000187,9,188,-179
219000189,83,101,-18
219000190,106,189,-83
219000191,1544,627,917
219000192,134,68,66
219000193,428,143,285
219000195,1,59,-58
219000196,2,77,-75
219000198,10,139,-129
219000199,72,138,-66
219000200,22,187,-165
219000201,57,168,-111
219000203,19,74,-55
219000204,62,136,-74
219000205,54,160,-106
219000207,164,182,-18
219000209,12,99,-87
219000210,43,116,-73
219000213,6,225,-219
219000239,108,181,-73
219000240,176,277,-101
219000241,86,170,-84
219000242,55,215,-160
219000243,63,338,-275
219000244,10,108,-98
219000245,22,26,-4
219000246,28,13,15
219000247,53,24,29
219000248,315,164,151
219000249,111,66,45
219000250,113,48,65
219000251,310,106,204
219000252,115,103,12
219000253,116,19,97
219000255,45,52,-7
219000256,54,50,4
219000257,69,0,69
219000262,65,281,-216
219000263,35,217,-182
219000267,1,116,-115
219000268,5,8,-3
219000269,8,1,7
219000270,6,1,5
219000271,55,13,42
219000278,0,19,-19
219000279,0,7,-7
219000283,0,1,-1
219000295,0,108,-108
219000296,31,532,-501
219000297,4,144,-140
219000298,11,218,-207
219000299,317,30,287
219000300,10,279,-269
219000301,126,265,-139
219000302,27,170,-143
219000307,17,63,-46
219000308,25,23,2
219000311,49,29,20
219000312,191,29,162
219000313,116,16,100
219000314,77,501,-424
219000315,62,24,38
219000316,183,11,172
219000317,35,15,20
219000320,3,57,-54
219000321,0,15,-15
219000323,1,85,-84
219000325,0,31,-31
219000326,76,95,-19
219000327,25,18,7
219000328,24,41,-17
219000329,198,77,121
219000330,31,34,-3
219000331,30,43,-13
219000332,52,56,-4
219000333,2,3,-1
219000335,32,2,30
219000337,7,0,7
219000338,46,1,45
219000344,18,56,-38
219000345,43,119,-76
219000346,22,132,-110
219000348,48,129,-81
219000349,21,215,-194
219000350,15,89,-74
219000351,0,3,-3
219000352,100,39,61
219000353,55,45,10
219000354,92,79,13
219000355,64,33,31
219000356,1523,329,1194
219000363,181,22,159
219000364,80,12,68
219000365,78,5,73
219000366,241,102,139
219000368,378,293,85
219000370,822,165,657
219000371,4,13,-9
219000382,7,15,-8
219000383,733,545,188
219000385,473,393,80
219000386,965,1099,-134
219000387,0,2,-2
219000390,0,0,0
219000391,5,0,5
219000397,51,72,-21
219000398,58,30,28
219000401,12,80,-68
219000402,27,84,-57
219000403,40,178,-138
219000404,11,68,-57
219000407,2,31,-29
219000409,24,45,-21
219000410,28,13,15
219000411,29,8,21
219000446,164,342,-178
219000447,0,13,-13
219000448,5,8,-3
219000452,108,38,70
219000453,59,83,-24
219000454,253,145,108
219000556,83,48,35
219000558,80,264,-184
219000590,7,167,-160
219000591,33,37,-4
219000592,80,349,-269
219000595,0,22,-22
219000635,38,16,22
219000636,11,93,-82
219000657,27,6,21
219000658,9,30,-21
219000673,0,13,-13
219000676,3,2,1
219000679,17,6,11
219000684,26,2,24
219000685,0,75,-75
219000686,3,2,1
219000688,0,87,-87
219000689,38,163,-125
219000690,205,24,181
219000691,65,86,-21
219000692,158,18,140
219000693,0,16,-16
219000694,9,0,9
219000695,2,1,1
219000698,7,0,7
219000699,0,8,-8
219000727,0,158,-158
219000728,17,1,16
219000770,18,0,18
219000771,0,24,-24
219000788,250,189,61
219001150,0,7,-7
219001151,1,2,-1
219001166,23,1,22
219001167,0,50,-50
219001178,13,0,13
220000001,5,36,-31
220000002,7,120,-113
220000003,218,240,-22
220000004,451,493,-42
220000005,1251,942,309
220000006,76,606,-530
220000007,260,725,-465
220000008,168,1022,-854
220000009,154,432,-278
220000010,138,79,59
220000011,460,1665,-1205
220000012,206,242,-36
220000014,55,50,5
220000015,33,116,-83
220000017,27,265,-238
220000018,4008,960,3048
220000019,58,163,-105
220000020,176,163,13
220000021,268,129,139
220000022,279,337,-58
220000023,90,93,-3
220000024,1001,209,792
220000025,378,307,71
220000026,142,148,-6
220000027,10,56,-46
220000028,27,22,5
220000029,63,111,-48
220000030,105,76,29
220000031,69,247,-178
220000064,17,681,-664
221000046,5,0,5
221000047,0,0,0
221000048,0,1,-1
221000049,1,9,-8
221000050,6,0,6
221000055,24,55,-31
221000057,32,11,21
221000068,249,66,183
221000069,197,41,156
221000070,113,19,94
221000071,35,8,27
221000072,110,15,95
221000073,110,67,43
221000074,0,16,-16
221000075,57,19,38
221000076,6,19,-13
221000077,24,40,-16
221000081,6,9,-3
221000082,27,2,25
221000083,104,5,99
221000084,5,2,3
221000085,13,62,-49
221000086,5,109,-104
221000087,7,135,-128
221000088,16,112,-96
221000089,22,183,-161
221000090,96,332,-236
221000098,99,18,81
221000099,85,8,77
221000100,56,5,51
221000101,197,15,182
221000102,61,9,52
221000109,4,64,-60
221000110,12,101,-89
221000111,11,122,-111
221000112,3,131,-128
221000113,14,151,-137
221000114,10,143,-133
221000120,7,30,-23
221000121,2,11,-9
221000122,5,12,-7
221000123,10,49,-39
221000124,14,214,-200
221000155,50,10,40
221000156,18,25,-7
221000175,0,4,-4
221000176,1,4,-3
221000182,18,6,12
221000241,530,153,377
221000242,180,308,-128
221000243,371,60,311
221000244,170,367,-197
221000245,68,119,-51
221000246,16,242,-226
221000247,20,154,-134
221000248,29,128,-99
221000267,48,510,-462
221000325,62,34,28
221000331,3,66,-63
221000338,2,10,-8
221000378,95,24,71
221000381,46,111,-65
222000282,2,0,2
222000296,2,18,-16
222000568,191,5,186
222000569,73,14,59
222000570,70,7,63
222000571,101,16,85
222000577,6,204,-198
222000578,14,207,-193
222000579,35,110,-75
222000580,109,815,-706
222000599,1,127,-126
222000600,2,270,-268
222000601,1,691,-690
222000603,31,20,11
222000604,51,36,15
222000605,3,21,-18
222000606,1,5,-4
222000607,1,0,1
222000608,9,15,-6
222000609,34,287,-253
222000616,75,21,54
222000617,4,8,-4
222000618,2,4,-2
222000620,47,7,40
222000621,58,11,47
222000623,300,4,296
222000624,161,1,160
222000625,216,28,188
222000636,17,1,16
222000686,36,16,20
222000687,14,20,-6
222001066,148,1,147
222001067,3,4,-1
222001068,6,27,-21
222001069,12,36,-24
222001082,1,40,-39
222001083,3,71,-68
222001084,0,45,-45
222001085,1,77,-76
222001111,10,225,-215
222001112,20,24,-4
222001313,5,5,0
222001314,0,74,-74
222001464,80,33,47
222001465,36,224,-188
222001484,49,50,-1
222001485,21,62,-41
222001494,103,83,20
222001495,125,440,-315
222001496,64,35,29
222001497,82,541,-459
222001502,20,119,-99
222001503,38,20,18
222001504,9,204,-195
222001505,97,6,91
222001506,24,168,-144
222001507,126,12,114
222001510,132,11,121
222001511,17,345,-328
222001514,359,72,287
222001515,180,568,-388
222001518,70,32,38
222001519,32,366,-334
222001527,154,28,126
222001528,35,140,-105
222001529,65,21,44
222001530,21,190,-169
222001533,98,320,-222
222001534,66,26,40
222001535,46,105,-59
222001536,47,284,-237
222001537,120,14,106
222001538,32,406,-374
222001563,147,65,82
222001564,28,670,-642
222001568,162,84,78
222001576,0,1,-1
222001579,0,3,-3
222001583,21,184,-163
222001584,37,24,13
222001596,337,1109,-772
222001597,622,116,506
222001626,0,174,-174
222001650,72,58,14
222001651,95,82,13
222001914,181,21,160
222001915,36,141,-105
222001968,517,176,341
222001969,491,690,-199
222001970,95,126,-31
222001971,7,18,-11
222001972,0,25,-25
225000001,186,64,122
225000002,229,65,164
225000003,186,56,130
225000004,123,129,-6
225000005,17,39,-22
225000006,0,110,-110
225000007,2739,833,1906
225000010,162,1,161
225000011,413,560,-147
225000012,65,281,-216
225000013,36,150,-114
225000014,318,85,233
225000015,68,226,-158
225000021,463,130,333
225000027,207,386,-179
225000032,401,130,271
225000042,36,551,-515
225000049,14,50,-36
225000050,25,7,18
225000053,0,105,-105
225000058,443,108,335
225000067,130,193,-63
225000068,72,480,-408
225000069,157,460,-303
225000070,46,471,-425
225000071,18,282,-264
225000075,17,593,-576
225000076,48,122,-74
225000078,52,10,42
225000085,26,50,-24
225000086,61,20,41
225000087,135,14,121
225000088,8,140,-132
225000089,376,473,-97
225000090,18,290,-272
225000091,55,204,-149
225000092,8,57,-49
225000093,90,413,-323
225000094,3,466,-463
225000095,279,506,-227
225000096,109,308,-199
225000098,249,76,173
225000099,120,65,55
225000100,80,69,11
225000104,29,339,-310
225000110,3,362,-359
225000111,162,985,-823
225000112,180,846,-666
225000113,71,569,-498
225000114,21,266,-245
225000115,2540,506,2034
225000116,841,57,784
225000117,634,193,441
225000118,467,155,312
225000119,67,36,31
225000120,410,22,388
225000121,126,9,117
225000123,568,12,556
225000125,162,278,-116
225000126,843,164,679
225000127,869,414,455
225000128,281,295,-14
225000132,146,13,133
225000133,151,28,123
225000134,280,58,222
225000135,14,11,3
225000136,75,15,60
225000137,45,38,7
225000138,166,18,148
225000143,47,142,-95
225000144,1,293,-292
225000145,13,30,-17
225000146,27,77,-50
225000147,31,290,-259
225000148,3,196,-193
225000149,34,299,-265
225000151,35,234,-199
225000155,178,234,-56
225000156,145,520,-375
225000157,75,326,-251
225000158,39,350,-311
225000171,1,134,-133
225000180,44,20,24
225000181,1,34,-33
225000182,94,3,91
225000185,1,220,-219
225000187,32,318,-286
225000191,79,2,77
225000194,0,6,-6
225000208,0,38,-38
225000209,19,13,6
225000210,2,150,-148
225000217,0,18,-18
225000218,2,1,1
225000223,0,40,-40
225000224,97,0,97
225000225,0,15,-15
225000226,26,1,25
225000227,17,67,-50
225000228,5,0,5
225000229,0,64,-64
225000230,1,0,1
225000231,0,81,-81
225000232,22,0,22
225000241,96,1,95
225000242,0,26,-26
225000249,4,0,4
225000250,18,797,-779
225000251,202,14,188
226000042,322,336,-14
226000043,47,230,-183
226000044,116,622,-506
226000045,44,429,-385
226000046,293,48,245
226000047,199,50,149
226000048,246,33,213
226000049,145,65,80
226000070,0,51,-51
226000071,0,51,-51
226000072,0,7,-7
226000073,0,10,-10
226000074,0,12,-12
226000084,4,43,-39
226000085,3,4,-1
226000086,18,3,15
226000087,0,11,-11
226000088,7,12,-5
226000090,38,17,21
226000091,9,6,3
226000092,4,0,4
226000093,104,1,103
226000094,9,3,6
226000095,11,1,10
226000105,0,0,0
226000106,6,0,6
226000107,4,1,3
226000108,16,1,15
226000109,43,0,43
226000124,85,35,50
226000134,243,279,-36
226000135,472,443,29
226000136,129,222,-93
226000137,4,368,-364
226000138,6,219,-213
226000139,0,1,-1
226000156,42,1,41
226000157,56,7,49
226000163,38,46,-8
226000202,7,379,-372
226000231,97,5,92
226000232,13,5,8
227000033,270,39,231
227000036,184,19,165
227000037,86,20,66
227000038,159,32,127
227000049,0,6,-6
227000050,3,45,-42
227000055,27,1,26
227000056,9,1,8
227000084,1,55,-54
227000085,0,38,-38
227000088,44,3,41
227000089,61,0,61
227000090,20,0,20
227000091,5,2,3
227000093,26,0,26
227000094,9,1,8
227000130,27,55,-28
227000131,7,260,-253
227000132,16,244,-228
227000133,8,292,-284
227000134,13,455,-442
227000152,0,2,-2
227000153,0,32,-32
227000155,0,10,-10
227000156,0,21,-21
227000165,1,16,-15
227000196,80,286,-206
227000199,50,514,-464
227000230,15,447,-432
227000232,162,4,158
227000242,54,424,-370
227000243,467,54,413
227000245,16,396,-380
227000246,70,454,-384
227000247,168,53,115
227000248,59,23,36
227000249,15,234,-219
227000250,340,118,222
227000251,180,351,-171
227000252,10,364,-354
227000253,62,24,38
227000262,329,15,314
227000266,322,7,315
227000267,54,1926,-1872
227000282,10,223,-213
227000284,148,12,136
227000286,2,67,-65
227000287,10,124,-114
227000291,21,524,-503
227000484,276,19,257
227000485,19,638,-619
227000655,37,9,28
227000656,518,15,503
227000657,27,13,14
227000661,132,6,126
227000680,73,20,53
229000265,9,32,-23
229000296,0,9,-9
229000297,8,33,-25
229000298,2,137,-135
229000320,3,4,-1
229000321,1,1,0
229000412,12,22,-10
229000414,3,55,-52
229000415,4,1,3
229000416,0,2,-2
229000417,9,8,1
229000419,88,162,-74
229000440,117,44,73
229000442,4,3,1
229000443,0,3,-3
229000444,0,41,-41
229000445,26,3,23
229000446,28,8,20
229000491,1,16,-15
229000492,8,86,-78
229000493,0,75,-75
229000494,5,3,2
229000495,51,4,47
229000496,10,1,9
229000507,0,13,-13
229000508,1,19,-18
229000509,0,40,-40
229000510,0,8,-8
229000511,0,24,-24
229000512,1,30,-29
229000513,0,0,0
229000514,0,0,0
229000517,0,8,-8
229000518,0,21,-21
229000519,3,12,-9
229000520,1,31,-30
229000521,5,8,-3
229000522,2,3,-1
229000523,5,9,-4
229000524,2,5,-3
229000527,3,0,3
229000528,0,0,0
229000529,0,0,0
229000530,24,2,22
229000531,9,3,6
229000532,13,0,13
229000533,64,0,64
229000534,37,0,37
229000564,25,0,25
229000565,6,0,6
229000566,0,13,-13
229000567,0,34,-34
229000582,68,0,68
229000583,2,1,1
229000584,0,21,-21
229000585,1,16,-15
229000718,0,1,-1
229000719,0,0,0
229000720,0,9,-9
229000721,0,8,-8
229000722,0,25,-25
229000723,0,31,-31
229000724,0,5,-5
229000725,0,2,-2
229000738,1,0,1
229000739,1,0,1
229000740,0,0,0
229000741,4,0,4
229000742,5,0,5
229000743,3,0,3
229000744,0,0,0
229000745,2,0,2
229000746,10,0,10
229000847,8,0,8
229000848,6,0,6
229000849,27,0,27
229000851,7,0,7
229000854,0,45,-45
229000856,5,127,-122
229000857,0,37,-37
229000858,0,96,-96
229000919,12,73,-61
229000930,5,105,-100
229000937,36,14,22
229000966,35,17,18
229000981,11,36,-25
229000985,4,27,-23
229000986,0,1,-1
229000987,0,0,0
229000988,0,0,0
229000989,1,1,0
229000990,0,0,0
229000991,1,0,1
229000992,4,5,-1
229000993,96,5,91
229000998,9,41,-32
229000999,23,7,16
229001034,0,7,-7
229001035,1,0,1
229001037,19,15,4
229001042,8,13,-5
229001047,0,42,-42
229001050,16,53,-37
229001168,0,1,-1
229001200,2,1,1
229001338,18,12,6
229001394,133,5,128
229001422,83,17,66
229001423,48,110,-62
229001431,33,27,6
229001432,24,50,-26
229001444,79,31,48
229001445,26,135,-109
229001479,5,2,3
229001503,86,83,3
229001504,38,160,-122
229001505,68,39,29
229001506,26,122,-96
229001509,28,17,11
229001545,47,14,33
229001546,3,64,-61
229001553,33,6,27
229001554,4,64,-60
229001559,1,16,-15
229001560,4,7,-3
229001630,22,7,15
229001631,1,28,-27
229001635,0,5,-5
229001636,1,0,1
229001658,1,71,-70
229001659,58,0,58
229001660,0,0,0
229001661,0,18,-18
229001662,16,0,16
229001663,0,27,-27
229002584,112,64,48
229002831,127,76,51
229002841,2,13,-11
229002842,3,10,-7
229002843,9,12,-3
229002844,12,31,-19
229002845,19,30,-11
229002846,3,4,-1
229002847,4,5,-1
229002848,1,4,-3
229002849,1,49,-48
229002850,3,0,3
229002851,25,75,-50
229002852,40,7,33
229002853,16,17,-1
229002854,16,33,-17
229002855,8,26,-18
229002856,22,7,15
229002857,1,20,-19
229002858,2,1,1
229002859,3,7,-4
229002860,10,2,8
229002861,5,18,-13
229002862,7,28,-21
229002863,2,19,-17
229002864,7,14,-7
229002865,20,5,15
229002866,7,13,-6
229002867,11,15,-4
229002868,0,6,-6
229002869,5,100,-95
229002870,20,6,14
235000066,309,38,271
235000067,108,59,49
235000072,18,24,-6
235000073,42,175,-133
235000074,15,77,-62
235000080,11,56,-45
235000081,51,154,-103
235000082,79,79,0
235000083,52,83,-31
235000084,29,51,-22
235000085,52,97,-45
235000089,17,19,-2
235000092,5,112,-107
235000093,5,3,2
235000097,1,5,-4
235000098,35,14,21
235000099,12,10,2
235000116,28,14,14
235000117,674,16,658
235000133,1,162,-161
235000134,1,77,-76
235000206,7,2,5
235000207,0,4,-4
235000208,2,0,2
235000209,1,2,-1
235000210,0,0,0
235000212,4,16,-12
235000213,0,4,-4
235000220,0,2,-2
235000221,30,5,25
235000238,1,14,-13
235000239,1,1,0
235000242,139,150,-11
235000245,864,133,731
235000246,7,33,-26
235000284,1,96,-95
235000295,96,3,93
235000305,51,12,39
235000306,29,8,21
235000307,8,7,1
235000308,32,1,31
235000309,14,0,14
235000310,17,1,16
235000311,23,5,18
235000322,0,38,-38
235000323,2,44,-42
235000324,2,18,-16
235000325,0,7,-7
235000326,12,224,-212
235000351,1,65,-64
235000352,31,29,2
235000353,1,19,-18
235000354,0,28,-28
235000355,7,56,-49
235000356,20,21,-1
235000357,3,17,-14
235000358,28,15,13
235000359,3,2,1
235000360,6,3,3
235000361,26,1,25
235000381,27,240,-213
235000382,67,33,34
235000390,11,0,11
235000391,52,16,36
235000392,46,113,-67
235000393,61,78,-17
235000395,34,28,6
235000396,174,37,137
235000400,85,76,9
235000401,14,156,-142
235000405,84,293,-209
235000406,29,204,-175
235000407,41,97,-56
235000409,153,109,44
235000410,26,176,-150
235000411,1,58,-57
235000485,0,4,-4
235000486,1,0,1
235000549,21,68,-47
235000550,44,170,-126
235000599,29,79,-50
235000600,7,11,-4
235000601,16,59,-43
235000602,23,156,-133
235000614,0,4,-4
235000648,0,19,-19
235000649,10,0,10
235000685,0,0,0
235000815,5,14,-9
235000834,0,6,-6
235000855,14,46,-32
235000862,15,167,-152
235000891,0,4,-4
235000892,5,0,5
235000901,32,66,-34
235000907,0,5,-5
235001010,6,62,-56
235001029,418,280,138
235001030,328,121,207
235001078,71,85,-14
235001079,50,98,-48
235001147,60,41,19
235001166,3,84,-81
235001167,7,23,-16
235001169,24,236,-212
235001188,0,2,-2
235001189,1,0,1
235001197,38,17,21
235001200,23,28,-5
235001207,184,15,169
235001210,92,167,-75
235001215,39,172,-133
235001239,1,29,-28
235001244,0,4,-4
235016267,0,19,-19
277101746,0,0,0
277102712,0,0,0
277103813,0,0,0
277103814,0,0,0
277103898,0,1,-1
277104249,0,10,-10
277104250,0,1,-1
277104251,0,5,-5
277104252,0,2,-2
990011530,2,239,-237
990014944,1,439,-438
990015176,38,16,22
990015618,3,94,-91
990016032,0,227,-227
990032570,0,22,-22
990070001,27,1,26
990070103,0,1,-1
990070601,0,20,-20
990070751,147,0,147
990070766,2,697,-695
990071180,216,166,50
990071343,10,0,10
990071387,0,5,-5
990071823,106,2,104
990072600,2,487,-485
990072964,1,420,-419
990073285,0,2,-2
990074393,2,966,-964
990074870,252,1,251
990075106,260,5,255
990075746,55,5,50
990076437,235,25,210
990076458,5,1013,-1008
997000007,83,3,80
997000041,0,96,-96
997000058,13,0,13
997000062,16,2,14
997000069,0,11,-11
997000070,0,65,-65
997000100,2,0,2
997000141,0,101,-101
997000198,664,321,343
998000475,0,7,-7
998000736,1,264,-263
998000965,0,7,-7
998001031,0,58,-58
998001700,0,16,-16
998001899,0,0,0
998001900,0,2,-2
998003073,263,7,256
998101900,0,0,0
998102850,1,53,-52
998501927,326,291,35
998501929,73,0,73
998501930,57,0,57
998501931,49,5,44
998501932,4,0,4
998501933,23,3,20
998501937,2,1,1
998501944,4,1,3
998501950,0,6,-6
998501970,18,0,18
998501971,0,41,-41
998501973,0,54,-54
998501974,1,277,-276
998501975,100,2,98
998501976,40,0,40
998501977,0,12,-12
998501978,26,0,26
998501979,0,11,-11
998501980,60,14,46
998501981,13,5,8
998501982,0,72,-72
998501983,0,0,0
998502024,0,4,-4
998502032,0,1,-1
998502062,5,0,5
998502063,0,0,0
998502173,25,0,25
998502269,0,4,-4
998502546,0,91,-91
998502578,1,0,1
998502599,162,129,33
998601159,0,215,-215
998601292,1,8,-7
999033574,2,499,-497
999800001,10,1,9
999800002,0,2,-2
999800003,0,5,-5
999800004,0,2,-2
999800005,0,5,-5
