ID,insum,outsum,diff
100000001,748,841,-93
100000002,3359,2448,911
100000003,3607,4105,-498
100000004,680,1197,-517
100000005,1909,3943,-2034
100000006,565,190,375
100000007,1911,636,1275
100000008,239,496,-257
100000009,605,234,371
100000010,120,93,27
100000011,578,142,436
100000012,82,744,-662
100000013,153,209,-56
100000014,480,296,184
100000015,1302,1944,-642
100000016,569,1131,-562
100000017,592,690,-98
100000018,845,469,376
100000019,2679,1981,698
100000020,1289,4857,-3568
100000021,3448,2251,1197
100000022,830,2537,-1707
100000023,3571,1561,2010
100000025,631,1515,-884
100000028,854,1006,-152
100000029,113,441,-328
100000030,114,45,69
100000031,2746,5858,-3112
100000032,1498,3407,-1909
100000033,1026,2359,-1333
100000034,178,822,-644
100000035,966,1403,-437
100000036,964,1477,-513
100000037,608,401,207
100000038,2093,841,1252
100000039,290,188,102
100000040,188,142,46
100000041,1371,508,863
100000042,883,413,470
100000043,586,455,131
100000044,225,604,-379
100000045,321,852,-531
100000046,463,593,-130
100000047,178,353,-175
100000048,253,422,-169
100000049,1212,1100,112
100000051,417,593,-176
100000053,137,10,127
100000054,337,39,298
100000055,699,300,399
100000056,522,478,44
100000057,1859,562,1297
100000058,670,828,-158
100000059,19,160,-141
100000060,427,252,175
100000061,2115,370,1745
100000062,1551,495,1056
100000063,941,292,649
100000064,1178,322,856
100000065,230,666,-436
100000066,157,524,-367
100000067,310,539,-229
100000068,327,1062,-735
100000069,225,821,-596
100000072,210,370,-160
100000073,827,851,-24
100000075,604,233,371
100000076,1501,3003,-1502
100000077,148,434,-286
100000078,21,48,-27
100000079,25,52,-27
100000080,21,43,-22
100000081,101,221,-120
100000102,2761,3253,-492
100000103,1412,1432,-20
100000104,2178,2600,-422
100000105,1543,1923,-380
100000106,1659,3093,-1434
100000107,285,1346,-1061
100000108,438,691,-253
100000109,1479,1148,331
100000116,784,881,-97
100000117,57,176,-119
100000118,899,1546,-647
100000119,569,998,-429
100000121,211,421,-210
100000122,1934,1077,857
100000123,1588,2872,-1284
100000124,3318,4867,-1549
100000125,3124,1563,1561
100000126,529,520,9
100000127,1320,416,904
100000128,1586,1724,-138
100000129,425,613,-188
100000130,423,263,160
100000131,1248,1925,-677
100000132,802,1957,-1155
100000133,2314,1821,493
100000135,644,1364,-720
100000139,288,584,-296
100000140,218,343,-125
100000142,509,466,43
100000143,1121,465,656
100000144,2341,684,1657
100000147,1267,3239,-1972
100000150,49,462,-413
100000151,715,1610,-895
100000153,289,467,-178
100000154,78,277,-199
100000155,22,69,-47
100000156,386,502,-116
100000157,382,219,163
100000158,306,171,135
100000159,329,552,-223
100000165,790,748,42
100000169,113,1111,-998
100000174,365,1032,-667
100000179,112,459,-347
100000180,808,1789,-981
100000181,387,248,139
100000188,49,128,-79
100000189,861,341,520
100000190,599,1300,-701
100000191,675,719,-44
100000192,48,108,-60
100000193,282,178,104
100000330,689,918,-229
100000355,123,586,-463
100000362,3085,1773,1312
100000363,4493,4300,193
100000364,129,235,-106
100000365,5123,8746,-3623
100000366,2968,2198,770
100000367,4373,6555,-2182
100000368,2741,1094,1647
100000369,612,2121,-1509
100000370,149,921,-772
100000376,111,178,-67
100000379,1580,1377,203
100000380,4432,4833,-401
100000384,4757,6455,-1698
100000385,2315,3594,-1279
100000386,4647,6428,-1781
100000387,3190,5620,-2430
100000388,3655,6590,-2935
100000389,4421,6536,-2115
100000390,6039,6892,-853
100000391,4001,8578,-4577
100000392,2260,4445,-2185
100000393,2027,5278,-3251
100000394,4927,9085,-4158
100000395,3275,5356,-2081
100000396,5431,4267,1164
100000397,3669,8433,-4764
100000398,7676,6263,1413
100000413,12,9,3
100900002,12,10,2
100900003,340,177,163
100900004,17,653,-636
100900005,97,27,70
100900006,31,52,-21
100900007,193,6,187
100900008,8,299,-291
100900009,56,161,-105
100900010,85,47,38
100900011,163,231,-68
100900012,20,149,-129
100900013,828,10,818
100900014,2,4,-2
100900015,61,64,-3
100900016,13,37,-24
100900017,784,63,721
100900018,1,21,-20
100900019,26,69,-43
100900020,234,7,227
100900021,350,2,348
100900022,11,40,-29
100900023,0,20,-20
100900024,346,3,343
100900025,11,13,-2
100900026,110,101,9
100900027,368,2153,-1785
100900028,106,218,-112
100900029,43,8,35
100900030,38,90,-52
100900031,678,33,645
100900032,280,0,280
100900033,191,228,-37
100900034,522,3,519
100900035,280,1,279
100900036,7,0,7
100900037,147,115,32
100900038,112,46,66
100900039,153,345,-192
100900040,508,384,124
100900041,1068,457,611
100900042,1649,1233,416
100900043,0,11,-11
100900044,1203,580,623
100900045,89,0,89
100900046,902,15,887
100900047,503,212,291
100900048,120,139,-19
100900049,63,108,-45
100900050,2,13,-11
100900051,18,59,-41
100900052,253,45,208
100900053,555,20,535
100900054,16,49,-33
100900055,189,635,-446
100900056,51,85,-34
100900057,1014,1245,-231
100900058,267,52,215
100900059,108,8,100
100900060,225,6,219
100900061,301,173,128
100900062,8,21,-13
100900063,257,744,-487
100900064,624,22,602
100900065,71,140,-69
100900066,138,250,-112
100900067,2,10,-8
100900068,79,117,-38
100900069,1045,7,1038
100900070,427,15,412
100900071,483,164,319
100900072,3,52,-49
100900073,129,230,-101
100900074,11,3,8
100900075,1189,191,998
100900076,7,35,-28
100900077,47,56,-9
100900078,60,289,-229
100900079,13,22,-9
100900080,56,104,-48
100900081,31,182,-151
100900082,195,317,-122
100900083,12,23,-11
100900085,32,279,-247
100900086,142,691,-549
100900088,115,274,-159
100900089,6,16,-10
100900090,86,423,-337
100900091,1,20,-19
100900092,122,298,-176
100900093,269,225,44
100900094,138,229,-91
100900095,6,20,-14
100900096,42,72,-30
100900097,2,7,-5
100900098,16,26,-10
100900099,26,497,-471
100900100,9,649,-640
100900101,252,67,185
100900102,79,62,17
100900103,3,12,-9
100900104,12,144,-132
100900105,17,507,-490
100900106,59,11,48
100900107,1240,704,536
100900108,3,18,-15
100900109,21,39,-18
100900110,4,7,-3
100900111,20,161,-141
100900112,3,16,-13
100900113,24,10,14
100900114,19,10,9
100900115,3,11,-8
100900116,649,473,176
100900117,251,952,-701
100900118,13,26,-13
100900119,15,8,7
100900120,10,5,5
100900121,215,386,-171
100900122,104,140,-36
100900123,79,152,-73
100900124,7,10,-3
100900125,18,62,-44
100900126,220,149,71
100900127,5,9,-4
100900128,72,130,-58
100900129,3,232,-229
100900131,52,197,-145
100900133,51,49,2
100900134,0,7,-7
100900135,0,188,-188
100900137,261,157,104
100900138,362,407,-45
100900139,6,12,-6
100900140,3,393,-390
100900141,1,560,-559
100900142,1,8,-7
100900143,519,374,145
100900144,11,6,5
100900145,90,130,-40
100900146,7,47,-40
100900147,19,311,-292
100900148,38,409,-371
100900149,61,264,-203
100900150,3,25,-22
100900151,103,317,-214
100900152,131,7,124
100900153,8,148,-140
100900154,8,81,-73
100900155,17,7,10
100900156,10,0,10
100900157,6,298,-292
100900159,3,24,-21
100900160,25,8,17
100900161,47,5,42
100900162,10,331,-321
100900163,117,137,-20
100900164,58,21,37
100900165,18,19,-1
100900166,22,0,22
100900167,20,38,-18
100900168,34,141,-107
100900169,86,750,-664
100900170,15,1,14
100900171,11,373,-362
100900172,0,17,-17
100900173,5,186,-181
100900174,105,15,90
100900176,1810,171,1639
100900177,590,231,359
100900178,167,114,53
100900179,229,361,-132
100900180,3,4,-1
100900181,46,88,-42
100900182,44,32,12
100900184,24,133,-109
100900186,371,328,43
100900187,13,46,-33
100900188,28,8,20
100900189,1319,242,1077
100900191,698,1110,-412
100900192,228,466,-238
100900195,164,97,67
100900197,5,15,-10
100900198,26,144,-118
100900199,1,4,-3
100900200,554,329,225
100900201,49,436,-387
100900202,43,0,43
100900203,2,152,-150
100900204,116,463,-347
100900205,142,537,-395
100900206,231,97,134
100900207,264,135,129
100900210,49,334,-285
100900211,394,183,211
100900213,94,67,27
100900214,441,129,312
100900215,18,57,-39
100900217,100,125,-25
101000001,2073,1947,126
101000002,5438,6039,-601
101000003,340,806,-466
101000004,5058,4836,222
101000005,2491,3737,-1246
101000006,4889,5659,-770
101000007,2601,3513,-912
101000008,2127,1875,252
101000009,1901,800,1101
101000010,722,649,73
101000011,867,419,448
101000012,727,645,82
101000013,559,889,-330
101000014,381,439,-58
101000015,1259,715,544
101000016,326,403,-77
101000017,423,389,34
101000018,1956,2082,-126
101000020,1808,777,1031
101000021,776,287,489
101000022,95,93,2
101000023,1005,557,448
101000025,327,377,-50
101000026,261,30,231
101000027,2114,3121,-1007
101000028,791,288,503
101000029,225,1727,-1502
101000030,1139,214,925
101000031,481,1088,-607
101000032,4293,4939,-646
101000033,1974,3750,-1776
101000034,1439,1881,-442
101000035,622,345,277
101000036,1746,1184,562
101000037,1716,2119,-403
101000039,1714,3172,-1458
101000040,2343,4608,-2265
101000041,3933,7806,-3873
101000042,267,1068,-801
101000043,3844,7832,-3988
101000045,780,1206,-426
101000046,2080,2280,-200
101000047,1411,5012,-3601
101000048,533,456,77
101000049,559,2091,-1532
101000050,1044,1760,-716
101000051,1056,2520,-1464
101000052,1250,964,286
101000053,648,1133,-485
101000054,1579,846,733
101000055,919,1236,-317
101000056,50,123,-73
101000057,1337,1322,15
101000058,777,1176,-399
101000059,2116,2210,-94
101000060,1682,798,884
101000061,594,1586,-992
101000062,451,820,-369
101000063,401,1173,-772
101000064,883,1170,-287
101000065,314,669,-355
101000066,747,1121,-374
101000067,780,1064,-284
101000068,233,556,-323
101000069,165,88,77
101000070,766,995,-229
101000071,1640,932,708
101000072,508,2797,-2289
101000073,765,1121,-356
101000074,3652,3848,-196
101000075,2804,5416,-2612
101000077,1410,1293,117
101000078,772,1439,-667
101000079,1688,728,960
101000080,1252,914,338
101000081,1542,1537,5
101000082,2269,2531,-262
101000083,2522,2143,379
101000084,936,691,245
101000085,1273,1157,116
101000086,1045,1030,15
101000087,736,790,-54
101000088,1135,1215,-80
101000089,885,1518,-633
101000090,1544,987,557
101000091,413,485,-72
101000092,1003,720,283
101000093,1281,646,635
101000094,824,819,5
101000095,449,459,-10
101000096,393,415,-22
101000097,343,392,-49
101000098,344,504,-160
101000099,587,884,-297
101000100,785,817,-32
101000101,221,372,-151
101000102,588,523,65
101000103,562,575,-13
101000104,281,583,-302
101000105,299,489,-190
101000106,502,1114,-612
101000107,296,426,-130
101000108,509,227,282
101000109,521,77,444
101000110,42,266,-224
101000111,130,173,-43
101000113,284,527,-243
101000114,5467,9793,-4326
101000115,126,52,74
101000116,64,40,24
101000117,1323,239,1084
101000119,129,84,45
101000120,161,63,98
101000121,71,91,-20
101000122,114,192,-78
101000123,57,134,-77
101000124,1409,476,933
101000125,172,402,-230
101000128,252,702,-450
101000130,153,240,-87
101000131,995,370,625
101000132,744,532,212
101000135,31,54,-23
101000136,354,275,79
101000137,38,344,-306
101000141,957,3707,-2750
101000147,795,394,401
101000148,562,12,550
101000149,209,373,-164
101000150,117,423,-306
101000151,333,52,281
101000152,255,309,-54
101000153,423,176,247
101000154,261,611,-350
101000155,417,137,280
101000156,17,269,-252
101000157,34,21,13
101000160,58,35,23
101000163,150,419,-269
101000164,350,235,115
101000165,203,352,-149
101000166,193,226,-33
101000168,833,463,370
101000252,2001,848,1153
101000254,101,126,-25
101000258,62,14,48
101000261,234,80,154
101000262,1568,2557,-989
101000263,270,1212,-942
101000265,101,800,-699
101000266,249,238,11
101000269,27,12,15
101000290,779,2111,-1332
101000293,37,43,-6
101000294,501,368,133
101000295,138,319,-181
101000301,432,486,-54
101000304,2067,2291,-224
101000305,2801,1019,1782
101000328,125,372,-247
101900001,14,64,-50
101900002,0,13,-13
101900003,52,103,-51
101900004,4,87,-83
101900005,2047,2479,-432
101900006,1231,73,1158
101900007,668,217,451
101900008,45,204,-159
101900009,41,304,-263
101900010,663,623,40
101900011,144,777,-633
101900012,261,85,176
101900013,507,170,337
101900017,15,121,-106
101900018,825,227,598
101900019,263,130,133
101900020,62,37,25
101900021,1,39,-38
101900022,155,742,-587
101900023,94,129,-35
101900026,87,23,64
101900027,35,93,-58
102000001,3211,4384,-1173
102000002,2286,853,1433
102000003,2268,6502,-4234
102000004,3269,2240,1029
102000005,1235,2390,-1155
102000006,768,1644,-876
102000007,1432,3956,-2524
102000008,2616,1392,1224
102000009,6011,7593,-1582
102000010,3459,2671,788
102000011,3261,2714,547
102000012,2551,2432,119
102000018,2042,2299,-257
102000019,1748,1378,370
102000026,179,491,-312
102000029,169,191,-22
102000030,169,255,-86
102000031,68,117,-49
102000032,498,215,283
102000033,266,273,-7
102000034,356,335,21
102000035,820,564,256
102000036,15,171,-156
102000037,124,45,79
102000038,152,300,-148
102000039,122,63,59
102000040,274,228,46
102000041,141,409,-268
102000042,154,312,-158
102000043,124,176,-52
102000044,364,385,-21
102000045,541,658,-117
102000046,1025,650,375
102000047,586,706,-120
102000048,330,613,-283
102000049,935,778,157
102000050,809,998,-189
102000051,363,610,-247
102000052,928,552,376
102000053,786,768,18
102000054,694,1017,-323
102000055,1327,389,938
102000056,867,471,396
102000057,1186,425,761
102000058,879,786,93
102000059,1200,1050,150
102000060,881,781,100
102000061,1530,1275,255
102000062,1629,881,748
102000063,1035,1169,-134
102000064,541,587,-46
102000065,39,212,-173
102000066,833,667,166
102000067,1885,2417,-532
102000068,7985,2428,5557
102000069,81,2434,-2353
102000070,1167,44,1123
102000071,5934,7685,-1751
102000072,2434,3501,-1067
102000073,873,607,266
102000074,451,595,-144
102000075,91,168,-77
102000076,258,220,38
102000077,536,511,25
102000078,868,442,426
102000079,130,199,-69
102000080,221,209,12
102000081,263,797,-534
102000082,633,321,312
102000083,607,197,410
102000084,392,213,179
102000085,1547,769,778
102000086,1025,793,232
102000087,612,1023,-411
102000088,312,220,92
102000089,1251,328,923
102000090,363,829,-466
102000091,1132,454,678
102000092,211,442,-231
102000093,732,617,115
102000094,661,559,102
102000095,765,901,-136
102000096,351,643,-292
102000097,475,524,-49
102000098,423,522,-99
102000099,581,934,-353
102000100,308,1119,-811
102000101,461,785,-324
102000102,320,1015,-695
102000103,1310,303,1007
102000104,540,313,227
102000105,260,436,-176
102000106,794,430,364
102000107,1425,399,1026
102000108,574,167,407
102000109,577,378,199
102000110,1083,673,410
102000111,3,228,-225
102000112,164,114,50
102000113,23,24,-1
102000114,594,286,308
102000115,171,332,-161
102000116,263,513,-250
102000117,172,639,-467
102000118,775,1317,-542
102000119,1139,984,155
102000120,218,433,-215
102000121,980,469,511
102000122,654,851,-197
102000123,942,881,61
102000124,1158,1077,81
102000125,616,762,-146
102000126,627,590,37
102000127,1166,571,595
102000128,742,755,-13
102000129,1316,567,749
102000130,783,676,107
102000131,1152,529,623
102000132,384,824,-440
102000133,2036,1275,761
102000134,833,576,257
102000135,613,708,-95
102000136,740,482,258
102000137,529,833,-304
102000138,234,329,-95
102000139,60,370,-310
102000140,162,680,-518
102000141,157,239,-82
102000142,282,267,15
102000143,174,249,-75
102000144,401,265,136
102000145,376,295,81
102000146,396,247,149
102000147,415,318,97
102000148,156,381,-225
102000149,165,171,-6
102000150,467,101,366
102000151,101,149,-48
102000152,185,114,71
102000153,952,534,418
102000154,258,477,-219
102000155,77,339,-262
102000156,223,153,70
102000157,94,415,-321
102000158,350,457,-107
102000159,619,620,-1
102000161,1714,1628,86
102000162,159,128,31
102000163,85,480,-395
102000164,649,940,-291
102000165,229,134,95
102000166,70,153,-83
102000167,279,216,63
102000168,315,131,184
102000169,78,426,-348
102000170,396,148,248
102000171,117,122,-5
102000172,74,317,-243
102000173,389,238,151
102000174,68,79,-11
102000175,144,59,85
102000176,84,14,70
102000178,267,216,51
102000179,407,189,218
102000180,1026,310,716
102000181,753,359,394
102000182,569,373,196
102000183,1617,1147,470
102000184,1901,543,1358
102000185,2832,905,1927
102000186,1237,1058,179
102000187,879,945,-66
102000188,1186,1150,36
102000189,1313,491,822
102000190,399,1987,-1588
102000191,1121,354,767
102000192,1309,1404,-95
102000193,65,95,-30
102000194,51,109,-58
102000195,348,278,70
102000196,225,235,-10
102000197,866,216,650
102000198,184,367,-183
102000199,1118,179,939
102000200,267,615,-348
102000201,1193,338,855
102000202,6,74,-68
102000203,326,149,177
102000204,486,429,57
102000205,1011,272,739
102000206,638,351,287
102000207,611,371,240
102000208,348,305,43
102000209,62,43,19
102000210,357,229,128
102000211,562,183,379
102000212,318,8,310
102000213,4,163,-159
102000214,303,15,288
102000215,3,177,-174
102000216,77,76,1
102000217,6,67,-61
102000218,300,192,108
102000219,271,194,77
102000225,516,463,53
102000226,819,788,31
102000227,150,3,147
102000228,7,76,-69
102000229,29,61,-32
102000230,288,299,-11
102000231,260,306,-46
102000232,49,155,-106
102000233,362,449,-87
102000234,97,870,-773
102000236,142,58,84
102000237,399,98,301
102000238,134,190,-56
102000240,444,639,-195
102000241,110,110,0
102000243,25,36,-11
102000245,17,111,-94
102000246,8,35,-27
102000247,373,630,-257
102000248,330,835,-505
102000249,84,89,-5
102000250,63,229,-166
102000254,136,159,-23
102000266,18,377,-359
102000271,20,1,19
102000286,290,277,13
102000297,1596,763,833
102000301,0,0,0
102000303,0,1,-1
102000305,0,0,0
102000307,0,9,-9
102900001,960,522,438
102900002,473,30,443
102900003,79,137,-58
102900005,429,195,234
102900006,472,83,389
102900007,448,35,413
102900008,200,21,179
102900009,496,240,256
102900010,320,842,-522
102900011,1137,297,840
102900012,362,75,287
102900013,44,57,-13
102900015,516,438,78
102900016,69,83,-14
102900017,192,375,-183
102900018,38,84,-46
102900019,293,246,47
102900020,136,32,104
102900021,63,64,-1
102900022,474,170,304
102900023,9,25,-16
102900024,37,36,1
102900025,192,83,109
102900026,248,1753,-1505
102900027,86,53,33
102900028,152,609,-457
102900029,153,212,-59
102900030,358,263,95
102900031,244,85,159
102900032,93,57,36
102900033,71,135,-64
102900034,431,37,394
102900035,163,202,-39
102900036,304,245,59
102900037,311,263,48
102900038,447,267,180
102900039,13,464,-451
102900040,130,219,-89
102900041,69,130,-61
102900042,181,221,-40
102900043,174,149,25
102900044,401,1215,-814
102900045,147,325,-178
102900046,154,166,-12
102900047,130,526,-396
102900048,466,382,84
102900049,91,250,-159
102900050,184,218,-34
102900051,173,151,22
102900053,326,424,-98
102900054,281,794,-513
102900055,74,188,-114
102900056,111,264,-153
102900057,15,44,-29
102900058,350,75,275
102900059,24,72,-48
102900060,133,361,-228
102900061,175,281,-106
102900062,312,504,-192
102900063,1128,281,847
102900064,74,330,-256
102900065,706,189,517
102900066,287,8,279
102900068,97,89,8
102900070,169,310,-141
102900072,22,62,-40
102900073,111,6,105
102900075,18,63,-45
102900076,86,133,-47
102900077,33,32,1
102900078,24,55,-31
102900079,177,7,170
102900080,400,40,360
102900081,89,204,-115
102900082,12,171,-159
102900083,122,9,113
102900084,9,32,-23
102900085,316,131,185
102900086,18,67,-49
102900087,143,86,57
102900088,44,26,18
102900089,165,115,50
102900090,1,163,-162
102900091,149,8,141
102900092,453,534,-81
102900094,0,141,-141
102900095,97,3,94
102900096,70,13,57
102900097,9,79,-70
103000001,1835,1910,-75
103000002,1783,2095,-312
103000003,2531,2235,296
103000004,769,624,145
103000005,1569,2721,-1152
103000006,729,1303,-574
103000007,342,495,-153
103000008,857,432,425
103000009,1378,826,552
103000010,168,111,57
103000011,1391,968,423
103000012,1339,1234,105
103000013,2213,1244,969
103000014,1119,2147,-1028
103000015,1025,555,470
103000016,599,1309,-710
103000017,189,304,-115
103000018,514,280,234
103000019,305,238,67
103000020,1713,1078,635
103000021,1615,1705,-90
103000022,605,834,-229
103000023,698,1648,-950
103000024,49,129,-80
103000025,119,586,-467
103000026,726,106,620
103000027,270,453,-183
103000028,257,313,-56
103000029,165,232,-67
103000030,1172,890,282
103000031,890,1560,-670
103000032,1787,1166,621
103000033,2378,2232,146
103000034,1043,834,209
103000035,352,1061,-709
103000036,370,374,-4
103000037,453,446,7
103000038,454,737,-283
103000039,413,215,198
103000040,489,537,-48
103000041,1295,1133,162
103000042,1170,300,870
103000043,649,555,94
103000044,275,117,158
103000046,346,328,18
103000047,566,389,177
103000048,194,154,40
103000049,118,126,-8
103000050,720,259,461
103000051,581,381,200
103000052,624,277,347
103000053,183,457,-274
103000054,2183,1148,1035
103000055,1775,1669,106
103000056,689,825,-136
103000057,810,168,642
103000058,501,637,-136
103000059,515,621,-106
103000060,660,349,311
103000061,396,740,-344
103000062,861,405,456
103000063,773,765,8
103000064,182,143,39
103000065,4,266,-262
103000066,254,15,239
103000069,338,233,105
103000070,899,543,356
103000071,1226,424,802
103000072,128,444,-316
103000073,605,95,510
103000074,506,105,401
103000075,81,458,-377
103000076,267,365,-98
103000077,26,239,-213
103000078,677,617,60
103000079,456,534,-78
103000080,498,395,103
103000081,339,1081,-742
103000082,375,200,175
103000083,75,252,-177
103000084,132,11,121
103000085,2,120,-118
103000086,332,321,11
103000087,95,588,-493
103000088,196,264,-68
103000089,200,409,-209
103000090,2107,904,1203
103000091,507,441,66
103000092,220,186,34
103000093,348,335,13
103000094,180,75,105
103000095,59,334,-275
103000096,504,52,452
103000097,93,713,-620
103000098,575,197,378
103000099,213,758,-545
103000100,120,486,-366
103000101,810,90,720
103000102,89,387,-298
103000103,631,134,497
103000104,57,109,-52
103000105,164,106,58
103000106,16,116,-100
103000107,192,51,141
103000108,890,504,386
103000109,384,367,17
103000110,435,429,6
103000111,283,371,-88
103000112,289,211,78
103000113,516,553,-37
103000114,1152,456,696
103000115,527,375,152
103000116,627,283,344
103000117,390,323,67
103000118,397,411,-14
103000119,791,343,448
103000120,38,83,-45
103000121,164,371,-207
103000122,323,436,-113
103000125,26,106,-80
103000126,595,7,588
103000127,1,100,-99
103000128,165,2,163
103000129,0,69,-69
103000130,61,27,34
103000131,78,91,-13
103000132,86,125,-39
103000133,24,57,-33
103000134,276,721,-445
103000135,460,229,231
103000136,538,396,142
103000137,367,543,-176
103000138,467,579,-112
103000139,1,57,-56
103000140,143,23,120
103000141,28,130,-102
103000142,57,61,-4
103000143,32,179,-147
103000144,117,57,60
103000145,16,65,-49
103000150,109,46,63
103000152,175,212,-37
103000153,212,140,72
103000156,13,223,-210
103000157,430,6,424
103000159,114,21,93
103000162,69,32,37
103000163,10,32,-22
103000164,20,8,12
103000165,63,140,-77
103000166,196,234,-38
103000167,195,84,111
103000168,135,117,18
103000169,180,407,-227
103000170,815,257,558
103000171,59,65,-6
103000172,493,227,266
103000173,593,267,326
103000174,200,283,-83
103000175,299,150,149
103000176,794,629,165
103000177,383,286,97
103000178,139,238,-99
103000179,262,32,230
103000183,159,12,147
103000185,114,49,65
103000186,158,122,36
103000187,667,178,489
103000188,28,76,-48
103000189,628,489,139
103000191,313,376,-63
103000292,746,1502,-756
103000293,577,1935,-1358
103000295,73,92,-19
103000296,163,1,162
103000297,4,12,-8
103000504,68,13,55
103000505,9,39,-30
103000506,3,124,-121
103000507,196,1,195
103000508,70,57,13
103000509,226,482,-256
103900001,17,107,-90
103900002,762,103,659
103900003,877,229,648
103900004,136,0,136
103900005,1,88,-87
103900006,7,2,5
103900007,128,4,124
103900008,19,3,16
103900009,302,389,-87
103900010,117,265,-148
103900011,424,77,347
103900012,9,15,-6
103900013,87,40,47
103900014,76,14,62
103900015,63,9,54
103900016,249,149,100
103900017,39,67,-28
103900018,471,159,312
103900019,75,396,-321
103900020,221,429,-208
103900021,260,58,202
103900022,900,574,326
103900023,149,1,148
103900024,59,235,-176
103900025,25,33,-8
103900026,20,0,20
103900027,775,188,587
103900028,21,236,-215
103900029,1041,183,858
103900030,319,103,216
103900031,38,1,37
103900032,110,87,23
103900033,130,35,95
103900034,42,78,-36
103900035,20,29,-9
103900036,28,51,-23
103900037,67,47,20
103900038,84,253,-169
103900039,63,172,-109
103900040,29,87,-58
103900041,65,62,3
103900042,72,199,-127
103900043,246,51,195
103900044,59,211,-152
103900045,315,171,144
103900047,109,16,93
103900048,18,33,-15
103900049,176,781,-605
103900050,11,142,-131
103900051,1,33,-32
103900052,198,219,-21
103900053,234,324,-90
103900054,114,228,-114
103900055,418,197,221
103900056,55,41,14
103900057,44,101,-57
103900058,302,328,-26
103900059,0,51,-51
103900060,65,124,-59
103900061,195,23,172
103900062,324,118,206
103900063,7,1,6
103900064,146,6,140
103900065,596,320,276
103900066,171,25,146
103900067,147,9,138
103900068,7,1,6
103900069,83,37,46
103900070,119,156,-37
103900071,25,66,-41
103900072,27,112,-85
103900073,46,57,-11
103900074,90,75,15
103900075,255,53,202
103900076,615,320,295
103900077,30,107,-77
103900078,218,116,102
103900079,145,138,7
103900080,21,33,-12
103900081,74,72,2
103900082,28,140,-112
103900083,814,1137,-323
103900084,27,78,-51
103900085,73,136,-63
103900086,709,326,383
103900088,256,451,-195
103900089,70,107,-37
103900090,3,83,-80
103900091,960,190,770
103900092,684,304,380
103900093,60,206,-146
103900094,9,65,-56
103900095,225,196,29
103900096,28,84,-56
103900097,6,310,-304
103900098,210,112,98
103900099,78,89,-11
103900100,245,199,46
103900101,196,818,-622
103900102,0,30,-30
103900104,5,23,-18
103900105,88,151,-63
103900106,0,227,-227
103900107,148,123,25
103900108,79,184,-105
103900109,148,49,99
103900110,198,25,173
103900111,119,383,-264
103900112,45,52,-7
103900113,133,215,-82
103900114,236,204,32
103900115,248,184,64
103900116,2698,2637,61
103900117,88,40,48
103900119,29,92,-63
103900120,78,59,19
103900122,178,124,54
103900123,991,605,386
103900124,65,322,-257
103900125,122,54,68
103900126,561,245,316
103900127,228,239,-11
103900128,128,141,-13
103900131,48,81,-33
103900133,825,19,806
103900134,2,8,-6
103900135,3,6,-3
103900137,0,9,-9
103900138,187,138,49
103900139,216,2019,-1803
103900140,5,238,-233
103900141,252,49,203
103900142,284,119,165
103900143,67,2,65
103900144,2,38,-36
103900145,150,186,-36
103900146,211,152,59
103900147,383,88,295
103900148,281,198,83
103900149,375,331,44
103900150,3402,3903,-501
103900151,32,82,-50
103900152,591,220,371
103900153,1,0,1
103900154,438,1540,-1102
103900155,58,139,-81
103900156,115,105,10
103900157,80,125,-45
103900158,136,76,60
103900159,196,42,154
103900160,50,48,2
103900161,98,137,-39
103900162,94,96,-2
103900163,9,326,-317
103900167,15,122,-107
103900168,127,40,87
103900169,36,40,-4
103900170,1,71,-70
103900171,3,25,-22
103900172,0,26,-26
103900173,6,17,-11
103900174,210,55,155
103900175,41,84,-43
103900176,3,45,-42
103900177,20,76,-56
103900178,50,50,0
103900179,82,64,18
103900180,17,39,-22
103900181,52,30,22
103900182,48,13,35
103900184,279,133,146
103900185,99,485,-386
103900187,6,76,-70
103900188,76,32,44
103900189,160,13,147
103900190,89,34,55
103900191,34,50,-16
103900192,21,157,-136
103900193,87,142,-55
103900194,61,143,-82
103900195,6,106,-100
103900196,33,37,-4
103900197,13,11,2
103900198,12,38,-26
103900199,137,62,75
103900200,152,72,80
103900201,123,121,2
103900202,11,44,-33
103900203,28,25,3
103900204,0,50,-50
103900207,0,33,-33
103900208,95,0,95
103900209,8,63,-55
103900210,56,35,21
103900211,535,173,362
103900212,99,210,-111
103900213,41,197,-156
103900214,201,210,-9
103900215,155,311,-156
103900216,15,241,-226
103900217,324,56,268
103900218,0,199,-199
103900219,138,105,33
103900233,54,7,47
103900235,22,24,-2
103900236,5,12,-7
103900242,5,6,-1
103900243,7,2,5
103900244,133,128,5
103900245,100,108,-8
103900246,41,39,2
103900247,19,71,-52
103900248,3,73,-70
103900249,6,51,-45
103900250,23,39,-16
103900251,5,18,-13
103900253,11,58,-47
103900254,0,20,-20
103900255,3,16,-13
103900256,9,17,-8
103900257,72,75,-3
103900258,12,5,7
103900259,44,5,39
103900261,19,2,17
103900262,10,5,5
103900263,30,43,-13
103900264,20,19,1
103900265,47,4,43
103900266,3,115,-112
103900267,5,77,-72
103900268,21,36,-15
103900269,134,25,109
103900270,51,86,-35
103900271,83,59,24
103900272,58,29,29
103900273,19,17,2
103900274,111,7,104
103900275,50,6,44
103900276,5,29,-24
103900277,4,35,-31
103900278,5,22,-17
103900279,3,13,-10
103900280,0,40,-40
104000001,1949,1390,559
104000002,1289,1674,-385
104000003,1861,1461,400
104000004,2218,1882,336
104000005,1307,1431,-124
104000006,2448,1946,502
104000007,3048,3516,-468
104000008,154,148,6
104000009,172,98,74
104000010,155,240,-85
104000011,326,164,162
104000012,114,222,-108
104000013,198,181,17
104000014,182,441,-259
104000015,237,114,123
104000016,492,313,179
104000018,836,156,680
104000019,601,217,384
104000020,101,291,-190
104000021,291,302,-11
104000022,113,224,-111
104000023,976,279,697
104000024,216,243,-27
104000026,65,251,-186
104000027,208,162,46
104000028,322,150,172
104000029,374,200,174
104000030,271,176,95
104000031,1104,329,775
104000032,182,147,35
104000033,624,442,182
104000034,266,174,92
104000035,906,300,606
104000036,690,328,362
104000037,258,125,133
104000038,562,249,313
104000039,214,133,81
104000040,210,281,-71
104000041,702,267,435
104000042,136,224,-88
104000043,197,250,-53
104000044,190,348,-158
104000045,738,556,182
104000046,738,1023,-285
104000047,600,653,-53
104000048,743,743,0
104000049,517,215,302
104000050,117,421,-304
104000051,128,392,-264
104000052,1319,1212,107
104000053,825,410,415
104000054,367,157,210
104000055,2397,1563,834
104000056,752,285,467
104000057,227,324,-97
104000058,722,575,147
104000059,414,761,-347
104000060,957,1011,-54
104000061,902,709,193
104000062,480,116,364
104000064,437,217,220
104000065,176,555,-379
104000069,567,1077,-510
104000070,68,410,-342
104000071,166,335,-169
104000072,463,197,266
104000075,59,194,-135
104000076,371,59,312
104000082,1903,2432,-529
104000083,622,186,436
104000084,99,442,-343
104000085,326,262,64
104000086,168,334,-166
104000087,361,1433,-1072
104000090,751,755,-4
104000092,1133,1187,-54
104000094,619,974,-355
104000095,1628,1075,553
104000096,1338,86,1252
104000097,1454,468,986
104000098,2218,484,1734
104000100,1497,444,1053
104000101,936,958,-22
104000106,89,573,-484
104000107,515,262,253
104000108,194,311,-117
104000109,257,97,160
104000110,665,746,-81
104000111,1870,1923,-53
104000112,985,476,509
104000116,2,520,-518
104000117,155,338,-183
104000118,690,144,546
104000119,603,187,416
104000120,214,377,-163
104000121,155,540,-385
104000122,653,692,-39
104000123,608,595,13
104000124,439,1053,-614
104000125,2105,3693,-1588
104000126,294,306,-12
104000127,877,1294,-417
104000128,450,261,189
104000129,356,11,345
104000130,3,146,-143
104000131,320,371,-51
104000132,294,285,9
104000133,1275,634,641
104000134,823,1180,-357
104000135,353,1415,-1062
104000136,538,2845,-2307
104000137,1351,374,977
104000138,593,243,350
104000139,2966,1897,1069
104000141,786,689,97
104000142,506,329,177
104000143,528,284,244
104000144,83,178,-95
104000145,408,178,230
104000146,230,442,-212
104000147,141,249,-108
104000148,319,125,194
104000149,176,207,-31
104000150,844,317,527
104000151,260,213,47
104000152,490,344,146
104000153,515,493,22
104000154,677,392,285
104000155,396,530,-134
104000157,726,841,-115
104000158,220,282,-62
104000159,803,384,419
104000160,1363,1542,-179
104000161,112,205,-93
104000162,71,133,-62
104000165,676,697,-21
104000167,676,1107,-431
104000168,525,6,519
104000169,82,17,65
104000170,284,378,-94
104000248,264,397,-133
104000251,44,147,-103
104000272,0,0,0
104000273,0,0,0
104000274,0,0,0
104000275,0,0,0
104000279,614,326,288
104000290,75,183,-108
104000291,499,865,-366
104000293,735,642,93
104000294,41,0,41
104000295,422,556,-134
104000296,428,537,-109
104000297,435,1380,-945
104000298,1540,687,853
104000299,572,1125,-553
104000302,78,54,24
104000303,99,86,13
104900001,112,237,-125
104900002,72,133,-61
104900003,77,235,-158
104900004,75,175,-100
104900005,293,221,72
104900006,300,65,235
104900007,312,152,160
104900009,127,208,-81
104900010,53,57,-4
104900011,16,12,4
104900012,215,29,186
104900013,102,21,81
104900014,1539,248,1291
104900015,68,3,65
104900016,189,129,60
104900017,163,114,49
104900018,19,112,-93
104900019,211,2836,-2625
104900020,41,201,-160
104900021,0,95,-95
104900022,8,91,-83
104900023,0,37,-37
104900024,19,62,-43
104900025,44,106,-62
104900026,2,57,-55
104900027,433,255,178
104900028,26,59,-33
104900029,43,33,10
104900030,380,189,191
104900031,61,139,-78
104900032,30,75,-45
104900033,153,183,-30
104900034,276,138,138
104900035,375,169,206
104900036,227,71,156
104900037,146,132,14
104900038,248,815,-567
104900039,421,370,51
104900040,447,68,379
104900041,243,95,148
104900042,133,152,-19
104900043,29,174,-145
104900044,602,142,460
104900045,338,56,282
104900046,204,65,139
104900047,283,73,210
104900048,329,38,291
104900049,28,26,2
104900050,257,39,218
104900051,247,28,219
104900052,58,1,57
104900053,353,71,282
104900054,167,19,148
104900055,169,1,168
104900056,183,17,166
104900057,64,4,60
104900058,439,187,252
104900059,130,193,-63
104900060,0,214,-214
104900061,138,272,-134
104900063,1,92,-91
104900064,0,64,-64
104900065,0,136,-136
104900066,2,83,-81
104900067,5,218,-213
104900068,23,118,-95
104900070,128,198,-70
104900071,4,300,-296
104900072,29,186,-157
104900073,38,93,-55
104900074,23,137,-114
104900075,32,23,9
104900076,76,136,-60
104900077,378,236,142
104900078,166,213,-47
104900079,63,407,-344
104900080,80,360,-280
104900082,12,285,-273
104900085,3,123,-120
104900087,293,6,287
104900089,235,1,234
104900090,879,547,332
104900091,639,354,285
104900093,149,317,-168
104900097,1384,1713,-329
104900098,112,32,80
104900099,133,429,-296
104900100,216,155,61
104900102,32,64,-32
104900103,318,29,289
104900104,1660,1582,78
104900106,98,62,36
104900107,88,89,-1
104900108,25,129,-104
104900109,82,120,-38
104900110,17,38,-21
104900111,157,58,99
104900112,250,349,-99
104900113,605,230,375
104900114,352,219,133
104900115,562,210,352
104900116,227,95,132
104900118,12,25,-13
104900119,2,35,-33
104900120,35,232,-197
104900121,0,42,-42
104900122,2,25,-23
104900123,57,11,46
104900124,71,0,71
104900125,278,3,275
104900126,39,35,4
104900127,18,59,-41
104900128,98,104,-6
104900129,731,1915,-1184
105000001,2354,1231,1123
105000002,1986,1121,865
105000003,2710,2673,37
105000004,551,566,-15
105000005,802,931,-129
105000006,1210,1383,-173
105000007,1224,1560,-336
105000008,1234,3096,-1862
105000009,2340,2480,-140
105000010,2545,1286,1259
105000011,3414,2103,1311
105000012,3042,1799,1243
105000013,877,854,23
105000014,1915,2284,-369
105000015,8011,13419,-5408
105000016,1507,1455,52
105000017,1202,621,581
105000018,996,1330,-334
105000019,1128,720,408
105000020,146,474,-328
105000021,266,86,180
105000022,197,101,96
105000023,457,262,195
105000028,62,73,-11
105000029,540,1152,-612
105000030,2833,1775,1058
105000031,9,17,-8
105000033,714,1138,-424
105000034,108,799,-691
105000037,547,199,348
105000038,1110,1288,-178
105000039,1601,1015,586
105000040,911,944,-33
105000041,515,746,-231
105000042,2056,1302,754
105000043,1166,1313,-147
105000044,534,393,141
105000045,271,420,-149
105000046,930,231,699
105000047,478,826,-348
105000048,492,187,305
105000049,192,374,-182
105000050,611,292,319
105000051,138,267,-129
105000052,642,739,-97
105000053,98,116,-18
105000054,470,637,-167
105000055,883,301,582
105000056,1733,1397,336
105000057,1483,510,973
105000058,1027,806,221
105000059,698,532,166
105000060,442,440,2
105000061,728,422,306
105000062,443,523,-80
105000063,274,267,7
105000064,1422,654,768
105000065,348,350,-2
105000066,887,808,79
105000067,1291,684,607
105000068,289,586,-297
105000069,1260,1789,-529
105000070,469,844,-375
105000071,176,818,-642
105000072,949,2114,-1165
105000073,802,478,324
105000074,768,447,321
105000075,410,549,-139
105000076,922,689,233
105000077,1629,901,728
105000078,852,1172,-320
105000079,1029,2791,-1762
105000080,1401,1241,160
105000081,2732,1259,1473
105000082,754,1801,-1047
105000083,3637,3700,-63
105000084,546,579,-33
105000085,1566,2087,-521
105000086,542,650,-108
105000087,983,1392,-409
105000088,1117,1383,-266
105000089,1792,1512,280
105000090,853,533,320
105000091,914,1102,-188
105000092,625,630,-5
105000093,300,293,7
105000094,275,189,86
105000095,100,474,-374
105000096,1254,1078,176
105000097,943,655,288
105000098,891,514,377
105000099,566,550,16
105000100,1136,938,198
105000101,1713,1298,415
105000102,1254,1047,207
105000103,959,1617,-658
105000104,2238,1064,1174
105000105,1064,1664,-600
105000106,1261,1085,176
105000107,1488,707,781
105000108,1519,956,563
105000109,1528,1052,476
105000110,738,398,340
105000111,782,524,258
105000112,1066,451,615
105000113,377,623,-246
105000114,1629,1093,536
105000115,354,1112,-758
105000116,753,438,315
105000117,721,565,156
105000118,482,371,111
105000119,564,480,84
105000120,920,446,474
105000121,661,612,49
105000122,384,653,-269
105000123,981,758,223
105000124,1729,566,1163
105000125,782,1271,-489
105000126,1830,1004,826
105000127,2069,1306,763
105000128,461,690,-229
105000129,653,225,428
105000130,306,2691,-2385
105000131,587,228,359
105000132,865,622,243
105000133,527,668,-141
105000134,787,542,245
105000135,393,381,12
105000136,103,193,-90
105000137,582,146,436
105000138,191,252,-61
105000139,728,676,52
105000140,468,379,89
105000141,378,382,-4
105000142,237,352,-115
105000143,179,368,-189
105000144,224,537,-313
105000145,676,246,430
105000146,334,614,-280
105000147,623,276,347
105000148,956,546,410
105000149,2027,1612,415
105000150,1448,967,481
105000151,428,298,130
105000152,153,308,-155
105000153,509,489,20
105000154,492,320,172
105000155,319,667,-348
105000156,551,473,78
105000157,671,981,-310
105000158,1711,603,1108
105000159,265,632,-367
105000160,1983,595,1388
105000161,563,640,-77
105000162,473,1610,-1137
105000163,758,588,170
105000164,222,242,-20
105000165,516,4740,-4224
105000166,3128,1010,2118
105000167,1071,1518,-447
105000168,388,443,-55
105000169,563,191,372
105000170,222,1175,-953
105000171,873,162,711
105000172,129,21,108
105000173,243,116,127
105000174,99,50,49
105000175,79,89,-10
105000176,408,91,317
105000177,301,201,100
105000178,229,250,-21
105000179,754,135,619
105000180,176,70,106
105000181,134,136,-2
105000182,53,48,5
105000183,1478,1772,-294
105000184,1196,802,394
105000185,998,952,46
105000186,405,588,-183
105000187,650,193,457
105000188,209,119,90
105000189,125,361,-236
105000190,272,259,13
105000191,308,244,64
105000192,361,60,301
105000193,50,78,-28
105000194,547,161,386
105000195,231,452,-221
105000196,109,356,-247
105000197,236,420,-184
105000198,387,236,151
105000199,240,711,-471
105000200,147,267,-120
105000201,99,25,74
105000203,16,124,-108
105000204,122,55,67
105000205,65,146,-81
105000207,281,153,128
105000208,129,390,-261
105000209,185,256,-71
105000211,308,10,298
105000212,1060,732,328
105000213,115,168,-53
105000214,176,165,11
105000215,307,117,190
105000216,193,210,-17
105000217,127,175,-48
105000218,1495,865,630
105000221,152,135,17
105000222,776,223,553
105000223,426,227,199
105000226,95,96,-1
105000227,99,92,7
105000228,159,1751,-1592
105000229,137,382,-245
105000231,337,207,130
105000233,806,529,277
105000234,452,806,-354
105000235,329,509,-180
105000237,642,59,583
105000243,39,40,-1
105000248,52,62,-10
105000262,347,705,-358
105000269,176,179,-3
105000270,464,35,429
105000271,0,137,-137
105000282,53,32,21
105000287,322,59,263
105000288,632,676,-44
105000289,2169,1782,387
105000290,23,10,13
105000402,2286,3437,-1151
105000426,373,465,-92
105000438,3362,1586,1776
105000440,40,9,31
105000446,6025,4320,1705
105000447,3290,1968,1322
105000454,539,431,108
105000455,209,111,98
105000474,31,1,30
105000477,431,497,-66
105000478,1626,4269,-2643
105000479,73,124,-51
105000480,7633,6787,846
105000481,3970,3040,930
105000482,3451,6050,-2599
105000483,1606,1864,-258
105000484,1558,2406,-848
105000485,1245,2695,-1450
105000486,2742,2003,739
105000488,7800,3764,4036
105000489,731,663,68
105000549,137,120,17
105000550,397,1058,-661
105000551,32,79,-47
105000552,1888,1127,761
105000555,972,959,13
105000556,70,20,50
105000557,64,115,-51
105900001,9,1217,-1208
105900002,764,642,122
105900003,20,58,-38
105900004,152,109,43
105900005,15,179,-164
105900006,13,98,-85
105900007,70,25,45
105900008,53,341,-288
105900009,21,11,10
105900011,100,19,81
105900012,438,60,378
105900013,3,28,-25
105900014,14,51,-37
105900015,130,235,-105
105900016,485,329,156
105900017,1427,28,1399
105900018,178,116,62
105900019,80,167,-87
105900020,53,51,2
105900021,25,163,-138
105900022,242,114,128
105900023,5,67,-62
105900024,3,137,-134
105900025,247,19,228
105900026,170,6,164
105900027,5764,6071,-307
105900028,688,592,96
105900029,1172,268,904
105900030,186,206,-20
105900031,298,125,173
105900032,77,104,-27
105900033,72,96,-24
105900034,232,132,100
105900035,144,112,32
105900036,130,80,50
105900037,65,66,-1
105900038,182,205,-23
105900039,98,79,19
105900040,58,80,-22
105900041,156,126,30
105900042,89,112,-23
105900043,816,59,757
105900044,5,188,-183
105900045,5,572,-567
105900046,8,246,-238
105900047,10,60,-50
105900048,64,318,-254
105900050,5185,3066,2119
105900051,44,758,-714
105900052,464,290,174
105900053,2005,2665,-660
105900054,322,123,199
105900056,382,338,44
105900057,3,62,-59
105900058,35,12,23
105900059,1,31,-30
106000001,2828,2204,624
106000002,1265,3703,-2438
106000003,2223,2968,-745
106000004,1244,2107,-863
106000005,3012,4088,-1076
106000006,4240,2240,2000
106000007,443,448,-5
106000008,371,235,136
106000009,527,328,199
106000010,435,445,-10
106000011,1052,922,130
106000012,716,797,-81
106000013,1631,1616,15
106000014,1212,1004,208
106000015,1621,1069,552
106000016,950,1186,-236
106000017,490,600,-110
106000018,476,288,188
106000019,402,350,52
106000020,314,227,87
106000021,294,365,-71
106000022,257,144,113
106000023,547,266,281
106000024,417,332,85
106000025,101,195,-94
106000026,78,154,-76
106000027,1373,998,375
106000028,554,251,303
106000029,567,674,-107
106000030,356,411,-55
106000034,194,377,-183
106000035,928,1875,-947
106000036,131,364,-233
106000037,1591,1093,498
106000038,171,100,71
106000039,63,78,-15
106000040,115,753,-638
106000041,582,436,146
106000043,539,203,336
106000046,308,62,246
106000047,60,393,-333
106000049,937,176,761
106000050,283,467,-184
106000051,579,381,198
106000052,123,305,-182
106000053,339,90,249
106000054,243,226,17
106000055,914,599,315
106000056,261,226,35
106000057,394,214,180
106000058,118,109,9
106000059,313,213,100
106000060,221,372,-151
106000061,214,492,-278
106000062,153,343,-190
106000063,749,490,259
106000064,41,200,-159
106000065,320,264,56
106000066,86,210,-124
106000067,345,117,228
106000068,64,434,-370
106000069,294,54,240
106000070,414,568,-154
106000071,1026,222,804
106000072,1828,1282,546
106000073,1131,2600,-1469
106000074,561,527,34
106000075,348,1170,-822
106000076,1433,1413,20
106000077,2377,1049,1328
106000078,857,665,192
106000079,696,610,86
106000080,1164,469,695
106000081,639,866,-227
106000082,1759,578,1181
106000083,374,1224,-850
106000084,966,491,475
106000085,1117,1228,-111
106000086,473,658,-185
106000087,737,430,307
106000088,275,553,-278
106000089,892,242,650
106000090,240,400,-160
106000091,252,317,-65
106000092,447,213,234
106000093,303,117,186
106000094,87,173,-86
106000095,785,574,211
106000096,793,485,308
106000097,985,508,477
106000098,608,702,-94
106000099,195,487,-292
106000100,1119,158,961
106000101,734,205,529
106000102,182,380,-198
106000103,243,334,-91
106000104,786,298,488
106000105,428,404,24
106000106,687,281,406
106000107,163,184,-21
106000108,369,239,130
106000109,175,161,14
106000110,262,215,47
106000111,209,247,-38
106000112,237,495,-258
106000113,461,421,40
106000114,350,642,-292
106000115,174,240,-66
106000116,283,155,128
106000117,742,427,315
106000118,943,1205,-262
106000119,893,512,381
106000120,670,1144,-474
106000121,215,137,78
106000122,132,99,33
106000123,519,74,445
106000124,63,112,-49
106000125,29,137,-108
106000126,271,67,204
106000127,887,535,352
106000128,665,131,534
106000129,430,412,18
106000130,759,252,507
106000131,130,588,-458
106000132,486,137,349
106000133,1054,1006,48
106000134,431,1626,-1195
106000135,169,396,-227
106000136,545,914,-369
106000137,58,417,-359
106000138,1027,100,927
106000139,39,69,-30
106000140,56,22,34
106000141,116,31,85
106000142,100,48,52
106000143,22,27,-5
106000144,27,29,-2
106000145,247,123,124
106000146,360,153,207
106000147,305,302,3
106000148,431,543,-112
106000149,553,262,291
106000150,386,1688,-1302
106000151,2396,641,1755
106000152,869,1617,-748
106000153,83,1393,-1310
106000154,952,154,798
106000155,127,236,-109
106000156,684,186,498
106000157,454,1207,-753
106000158,1454,730,724
106000159,1731,1499,232
106000160,383,2158,-1775
106000161,967,221,746
106000162,293,811,-518
106000163,322,200,122
106000164,396,179,217
106000165,207,285,-78
106000166,674,185,489
106000167,302,531,-229
106000168,572,206,366
106000169,227,369,-142
106000170,765,179,586
106000171,235,919,-684
106000172,2086,1007,1079
106000173,898,1555,-657
106000174,1017,288,729
106000175,256,500,-244
106000176,1468,758,710
106000177,562,1499,-937
106000178,2442,1330,1112
106000179,699,1374,-675
106000180,661,819,-158
106000181,767,1041,-274
106000182,1394,510,884
106000183,1288,359,929
106000184,1708,428,1280
106000185,1029,801,228
106000186,632,88,544
106000187,185,834,-649
106000188,0,0,0
106000189,8,35,-27
106000190,21,0,21
106000191,565,148,417
106000192,0,14,-14
106000193,307,167,140
106000194,129,245,-116
106000195,332,90,242
106000196,98,240,-142
106000197,501,181,320
106000198,146,151,-5
106000199,665,698,-33
106000200,147,202,-55
106000201,340,2369,-2029
106000202,1962,505,1457
106000203,11,162,-151
106000204,84,14,70
106000205,16,89,-73
106000206,74,19,55
106000207,37,312,-275
106000208,1271,132,1139
106000209,1412,297,1115
106000210,199,533,-334
106000211,235,749,-514
106000212,823,439,384
106000213,373,1380,-1007
106000214,1473,439,1034
106000215,284,304,-20
106000216,346,268,78
106000217,241,271,-30
106000218,389,274,115
106000219,180,251,-71
106000220,344,167,177
106000221,219,153,66
106000222,65,46,19
106000223,216,100,116
106000224,213,140,73
106000225,109,119,-10
106000226,93,170,-77
106000228,56,53,3
106000229,95,535,-440
106000231,956,98,858
106000232,118,271,-153
106000233,466,87,379
106000234,92,161,-69
106000235,520,160,360
106000236,281,86,195
106000237,7,11,-4
106000238,111,26,85
106000239,0,108,-108
106000240,35,5,30
106000241,12,373,-361
106000242,216,26,190
106000249,41,48,-7
106000250,71,390,-319
106000251,109,25,84
106000252,26,42,-16
106000253,47,37,10
106000254,32,29,3
106000255,14,91,-77
106000256,43,27,16
106000257,151,132,19
106000258,244,20,224
106000259,4,59,-55
106000260,41,17,24
106000261,9,32,-23
106000262,64,15,49
106000263,33,70,-37
106000264,203,4,199
106000265,5,124,-119
106000266,68,39,29
106000267,0,63,-63
106000268,313,58,255
106000269,69,31,38
106000270,90,299,-209
106000271,67,137,-70
106000272,158,39,119
106000273,8,168,-160
106000274,130,32,98
106000275,133,210,-77
106000276,112,32,80
106000277,96,235,-139
106000278,130,16,114
106000279,7,17,-10
106000280,43,37,6
106000281,104,48,56
106000282,69,53,16
106000283,89,56,33
106000284,73,92,-19
106000285,76,66,10
106000286,91,85,6
106000287,138,58,80
106000288,86,119,-33
106000289,77,59,18
106000290,53,63,-10
106000291,98,65,33
106000292,86,90,-4
106000293,106,89,17
106000294,113,69,44
106000295,32,51,-19
106000296,38,88,-50
106000297,64,190,-126
106000298,88,75,13
106000299,65,117,-52
106000300,65,68,-3
106000301,66,93,-27
106000303,28,64,-36
106000304,33,34,-1
106000305,49,37,12
106000306,32,48,-16
106000307,41,15,26
106000308,23,59,-36
106000309,26,49,-23
106000310,262,320,-58
106000311,296,142,154
106000312,102,83,19
106000313,207,143,64
106000318,56,370,-314
106000319,868,239,629
106000320,2,67,-65
106000321,191,99,92
106000322,167,116,51
106000324,4,74,-70
106000325,1471,821,650
106000326,766,1079,-313
106000327,218,74,144
106000328,30,88,-58
106000329,129,167,-38
106000330,61,64,-3
106000428,110,170,-60
106000429,160,299,-139
106000430,304,1007,-703
106000431,2393,408,1985
106000432,1306,2012,-706
106000433,2370,1355,1015
106000434,2850,1372,1478
106000435,975,1821,-846
106000436,7,132,-125
106000437,186,24,162
106000438,412,163,249
106000439,56,273,-217
106000440,188,367,-179
106000441,2,0,2
106000442,243,0,243
106000443,175,157,18
106000450,3,96,-93
106000451,17,56,-39
106000454,2,210,-208
106000455,6,129,-123
106000456,90,21,69
106000457,31,516,-485
106000458,897,61,836
106000459,172,206,-34
106000460,1427,33,1394
106000461,123,606,-483
106000462,0,29,-29
106000463,3,7,-4
106000464,3,269,-266
106000465,667,3,664
106000466,11,288,-277
106000467,218,351,-133
106000468,75,87,-12
106000469,102,2,100
106000470,221,1482,-1261
106000471,22,327,-305
106000472,164,34,130
106000473,29,15,14
106000474,231,262,-31
106000475,348,147,201
106000476,106,228,-122
106000477,66,67,-1
106000480,0,301,-301
106900001,0,11,-11
106900002,3,279,-276
106900003,144,620,-476
106900004,0,20,-20
106900006,0,18,-18
106900007,0,5,-5
106900008,317,106,211
106900009,376,156,220
106900010,211,191,20
106900012,816,2007,-1191
106900013,499,174,325
106900014,42,1,41
106900015,16,8,8
106900016,267,9,258
106900017,6,0,6
106900018,3,0,3
106900019,58,2,56
106900020,1444,1433,11
106900021,163,113,50
106900022,822,5,817
106900023,67,180,-113
106900024,582,60,522
106900025,33,414,-381
106900026,0,294,-294
106900027,704,2,702
107000001,3053,3439,-386
107000002,1871,3032,-1161
107000003,5318,5424,-106
107000004,3157,2407,750
107000005,5732,5064,668
107000006,3339,2067,1272
107000007,4900,8203,-3303
107000008,5866,4422,1444
107000009,7599,7034,565
107000010,5843,5069,774
107000011,820,924,-104
107000012,2960,1862,1098
107000013,70,52,18
107000014,51,144,-93
107000015,442,536,-94
107000016,742,504,238
107000017,974,1404,-430
107000018,8,1200,-1192
107000020,868,1398,-530
107000021,1039,311,728
107000022,647,1194,-547
107000023,1542,170,1372
107000024,479,992,-513
107000025,195,288,-93
107000026,214,289,-75
107000027,1396,728,668
107000028,1204,859,345
107000029,3213,2671,542
107000030,2173,2035,138
107000031,4254,2029,2225
107000032,411,748,-337
107000033,2120,2613,-493
107000034,2410,993,1417
107000035,298,161,137
107000036,329,922,-593
107000037,70,636,-566
107000038,168,198,-30
107000039,705,646,59
107000040,221,232,-11
107000041,1091,622,469
107000042,542,1682,-1140
107000043,1685,1013,672
107000044,353,264,89
107000045,80,215,-135
107000046,767,414,353
107000047,408,696,-288
107000048,585,252,333
107000049,643,551,92
107000050,967,509,458
107000051,211,302,-91
107000052,1014,1104,-90
107000053,322,194,128
107000054,60,219,-159
107000055,341,139,202
107000056,461,610,-149
107000057,1398,254,1144
107000058,1834,2151,-317
107000059,1430,2443,-1013
107000060,4379,4343,36
107000061,3697,2426,1271
107000062,4788,2359,2429
107000063,3574,2927,647
107000064,4460,2096,2364
107000065,2765,3143,-378
107000066,1515,2335,-820
107000067,1220,1235,-15
107000068,1167,807,360
107000069,1003,491,512
107000070,972,7,965
107000071,3481,62,3419
107000072,42,1635,-1593
107000073,826,444,382
107000074,115,609,-494
107000075,1727,509,1218
107000076,460,851,-391
107000077,3425,1368,2057
107000078,2057,2070,-13
107000079,2635,1032,1603
107000080,858,1997,-1139
107000081,2003,524,1479
107000082,496,937,-441
107000083,1216,442,774
107000084,244,927,-683
107000085,2488,2846,-358
107000086,2780,2630,150
107000087,2565,1771,794
107000088,2630,2739,-109
107000089,1657,1465,192
107000090,917,832,85
107000091,1580,780,800
107000092,789,688,101
107000093,1240,796,444
107000094,815,799,16
107000095,926,508,418
107000096,404,503,-99
107000097,741,229,512
107000098,429,405,24
107000099,297,185,112
107000100,210,226,-16
107000101,63,151,-88
107000102,132,210,-78
107000103,257,170,87
107000104,155,216,-61
107000105,394,94,300
107000106,275,188,87
107000107,543,113,430
107000108,106,410,-304
107000109,620,128,492
107000110,54,307,-253
107000111,314,42,272
107000112,46,214,-168
107000113,622,113,509
107000114,94,312,-218
107000115,660,187,473
107000116,112,491,-379
107000117,111,764,-653
107000118,128,126,2
107000119,1133,1469,-336
107000120,722,498,224
107000121,858,566,292
107000122,1167,673,494
107000123,521,420,101
107000124,586,540,46
107000125,973,460,513
107000126,1056,562,494
107000129,183,392,-209
107000130,615,238,377
107000131,261,393,-132
107000132,533,339,194
107000133,387,138,249
107000134,197,2,195
107000135,1,305,-304
107000136,543,4,539
107000137,16,409,-393
107000138,159,26,133
107000139,24,526,-502
107000140,1205,83,1122
107000141,143,636,-493
107000142,430,88,342
107000143,64,516,-452
107000144,626,446,180
107000145,119,390,-271
107000146,165,206,-41
107000147,3639,1005,2634
107000150,418,2065,-1647
107000151,16,78,-62
107000152,382,1354,-972
107000153,76,256,-180
107000154,181,249,-68
107000155,727,17,710
107000156,1023,10,1013
107000157,48,758,-710
107000158,758,26,732
107000159,34,548,-514
107000160,1284,126,1158
107000161,50,765,-715
107000162,218,436,-218
107000163,131,4,127
107000164,884,4,880
107000165,1266,6,1260
107000166,44,569,-525
107000167,723,181,542
107000168,982,514,468
107000169,504,513,-9
107000170,2515,665,1850
107000171,558,1038,-480
107000172,1231,1467,-236
107000173,496,478,18
107000174,1164,5016,-3852
107000175,3865,969,2896
107000176,0,1,-1
107000177,1,2,-1
107000178,36,22,14
107000179,263,1210,-947
107000180,1275,187,1088
107000181,417,662,-245
107000182,1882,632,1250
107000183,112,480,-368
107000184,1144,456,688
107000185,451,760,-309
107000186,1149,352,797
107000187,1301,870,431
107000188,670,460,210
107000189,463,820,-357
107000190,628,501,127
107000191,797,868,-71
107000192,1588,567,1021
107000193,299,359,-60
107000194,770,528,242
107000197,843,283,560
107000198,321,550,-229
107000199,689,486,203
107000200,478,495,-17
107000201,392,296,96
107000202,370,345,25
107000203,1017,890,127
107000204,1044,1061,-17
107000205,1505,750,755
107000206,556,1345,-789
107000207,570,923,-353
107000208,688,511,177
107000209,1248,1278,-30
107000210,357,187,170
107000211,6,46,-40
107000212,21,325,-304
107000213,4,20,-16
107000214,36,126,-90
107000215,347,263,84
107000216,468,265,203
107000217,180,85,95
107000219,76,176,-100
107000220,277,96,181
107000222,253,413,-160
107000224,401,94,307
107000225,217,208,9
107000226,534,149,385
107000227,115,119,-4
107000228,134,411,-277
107000229,88,120,-32
107000230,873,370,503
107000231,1096,1698,-602
107000232,126,24,102
107000233,758,884,-126
107000234,7,60,-53
107000235,74,12,62
107000236,17,354,-337
107000237,28,0,28
107000238,42,3,39
107000239,1673,374,1299
107000240,114,510,-396
107000243,0,27,-27
107000244,2,68,-66
107000246,1,872,-871
107000249,2,1041,-1039
107000251,1,372,-371
107000252,6,558,-552
107000255,256,128,128
107000257,4,362,-358
107000258,1,164,-163
107000259,3,83,-80
107000260,1631,29,1602
107000262,5,276,-271
107000263,344,6,338
107000266,7,13,-6
107000267,44,94,-50
107000268,74,94,-20
107000269,106,5,101
107000270,169,44,125
107000271,9,72,-63
107000272,92,12,80
107000273,7,153,-146
107000274,666,219,447
107000275,92,869,-777
107000280,926,13,913
107000281,29,470,-441
107000282,30,469,-439
107000290,8,45,-37
107000291,21,9,12
107000292,2,183,-181
107000293,67,4,63
107000294,0,73,-73
107000295,40,4,36
107000296,0,10,-10
107000444,255,4,251
107000496,1,9,-8
107000497,1130,1418,-288
107000500,281,212,69
107000501,96,130,-34
107000502,152,196,-44
107000505,258,608,-350
107000506,0,1,-1
107000508,6,315,-309
107000509,192,500,-308
107000510,47,17,30
107000514,43,487,-444
107000515,4,107,-103
107000516,442,236,206
107000518,1157,1655,-498
107000519,1016,577,439
107000520,118,44,74
107000521,680,227,453
107000522,1073,424,649
107900001,75,94,-19
107900002,44,14,30
107900003,439,16,423
107900004,24,0,24
107900005,1505,5,1500
107900006,194,7,187
107900007,394,49,345
107900008,71,18,53
107900009,97,5,92
107900010,52,6,46
107900012,244,51,193
107900013,164,15,149
107900014,54,3,51
107900015,1046,12,1034
107900016,266,61,205
107900017,28,1,27
107900018,87,191,-104
107900019,21,20,1
107900020,31,13,18
107900021,69,67,2
107900023,1,5,-4
107900024,0,4,-4
107900025,177,180,-3
107900026,53,27,26
107900027,29,25,4
107900028,128,39,89
107900030,204,31,173
107900031,41,74,-33
107900032,14,1,13
107900033,20,11,9
107900034,323,26,297
107900035,891,45,846
107900036,68,32,36
107900037,0,5,-5
107900038,67,250,-183
107900039,44,27,17
107900040,13,122,-109
107900041,2,4,-2
107900043,67,75,-8
107900044,12,13,-1
107900045,128,49,79
107900046,159,183,-24
107900047,25,9,16
107900048,227,13,214
107900049,257,738,-481
107900050,94,168,-74
107900051,127,44,83
107900052,13,54,-41
107900053,48,68,-20
107900055,442,241,201
107900056,98,57,41
107900057,4,0,4
107900058,22,360,-338
107900060,20,39,-19
107900061,5,12,-7
107900063,102,138,-36
107900064,253,151,102
107900065,225,8,217
107900066,36,4,32
107900067,0,0,0
107900068,128,474,-346
107900069,50,2158,-2108
107900070,196,55,141
107900071,21,513,-492
107900072,103,116,-13
107900073,193,76,117
107900074,519,359,160
107900076,123,31,92
107900077,106,3,103
107900079,9,23,-14
107900080,261,500,-239
107900081,64,91,-27
107900082,14,6,8
107900083,268,130,138
107900084,89,67,22
107900086,66,199,-133
107900087,411,162,249
107900088,57,6,51
107900089,182,631,-449
107900090,434,2069,-1635
107900091,152,197,-45
107900093,76,43,33
107900095,2333,2095,238
107900097,47,39,8
107900098,53,108,-55
107900100,694,1236,-542
107900101,638,142,496
107900102,28,8,20
107900103,39,130,-91
107900104,168,4,164
107900105,0,190,-190
107900106,4,594,-590
107900107,893,456,437
107900108,145,114,31
107900109,1607,38,1569
107900110,104,61,43
107900111,3,377,-374
107900112,82,376,-294
107900113,277,71,206
107900114,244,105,139
107900115,0,27,-27
107900116,218,68,150
107900117,279,204,75
107900118,61,76,-15
107900119,89,214,-125
107900120,35,47,-12
107900121,2,142,-140
107900122,0,86,-86
107900123,4,52,-48
107900124,18,25,-7
107900125,16,138,-122
107900126,29,64,-35
107900127,399,395,4
107900128,67,70,-3
107900129,98,28,70
107900130,99,15,84
107900131,377,286,91
107900132,85,233,-148
107900133,0,47,-47
107900134,28,98,-70
107900135,6,87,-81
107900136,28,38,-10
107900137,87,120,-33
107900138,59,32,27
107900139,47,40,7
107900141,37,28,9
107900142,46,457,-411
107900143,47,24,23
107900144,5,130,-125
107900145,6,54,-48
107900146,57,146,-89
107900147,42,35,7
107900148,115,61,54
107900149,440,141,299
107900150,80,384,-304
107900151,35,62,-27
107900152,6,71,-65
107900153,94,308,-214
107900154,59,35,24
107900155,83,74,9
107900156,4,184,-180
107900157,41,36,5
107900158,849,25,824
107900159,36,463,-427
107900160,124,136,-12
107900161,33,91,-58
107900162,2,43,-41
107900163,15,27,-12
107900164,16,48,-32
107900165,38,131,-93
107900166,29,94,-65
107900167,66,37,29
107900168,64,22,42
107900169,0,133,-133
107900171,8,591,-583
107900172,0,160,-160
107900173,17,57,-40
107900174,170,2,168
107900175,28,37,-9
107900176,39,29,10
107900177,2,65,-63
107900178,0,113,-113
107900179,16,89,-73
107900180,358,684,-326
107900181,283,180,103
107900182,2,617,-615
107900183,59,148,-89
107900184,103,138,-35
107900185,150,5,145
107900186,17,27,-10
107900187,0,80,-80
107900188,352,141,211
107900189,17,112,-95
107900190,40,143,-103
107900191,50,116,-66
107900193,6,63,-57
107900194,218,17,201
107900195,1129,269,860
107900196,65,66,-1
107900197,412,400,12
107900199,2,542,-540
107900201,58,86,-28
107900203,38,69,-31
107900204,174,191,-17
107900206,907,244,663
107900207,1,228,-227
107900208,3,275,-272
107900209,377,145,232
107900210,54,66,-12
107900213,381,370,11
107900214,23,45,-22
107900215,135,234,-99
107900216,112,41,71
107900217,27,78,-51
107900218,18,1058,-1040
107900219,45,64,-19
107900220,134,229,-95
107900221,106,130,-24
107900223,140,352,-212
107900224,77,339,-262
107900225,0,326,-326
107900226,91,68,23
107900227,77,241,-164
107900228,43,63,-20
107900229,0,177,-177
107900230,14,67,-53
107900231,20,145,-125
107900232,81,80,1
107900233,12,44,-32
107900234,124,85,39
107900235,16,88,-72
107900236,188,50,138
107900237,31,218,-187
107900238,30,76,-46
107900239,468,458,10
107900240,19,71,-52
107900241,7,46,-39
107900242,25,108,-83
107900243,1,50,-49
107900244,318,9,309
107900245,707,26,681
107900246,251,21,230
107900248,305,219,86
107900249,863,42,821
107900250,1,227,-226
107900251,60,634,-574
107900252,770,30,740
107900253,235,7,228
107900254,60,169,-109
107900255,232,95,137
107900256,712,880,-168
107900257,173,85,88
107900258,88,154,-66
107900259,108,2404,-2296
107900261,8,244,-236
107900262,31,91,-60
107900264,419,8,411
107900265,224,77,147
107900267,309,13,296
107900268,2,1,1
107900269,0,1,-1
107900270,0,0,0
107900271,0,9,-9
107900272,32,21,11
107900273,51,61,-10
107900274,96,0,96
107900275,39,0,39
107900276,0,62,-62
107900277,0,106,-106
107900278,304,243,61
107900279,35,119,-84
107900280,1498,1841,-343
107900281,654,2976,-2322
107900282,51,438,-387
107900283,574,467,107
107900284,563,309,254
107900285,129,41,88
107900286,106,79,27
107900287,250,129,121
107900290,0,190,-190
107900291,476,42,434
107900292,94,124,-30
107900293,68,246,-178
107900295,65,37,28
107900297,1,214,-213
107900298,517,527,-10
107900299,1957,2215,-258
107900301,766,623,143
107900302,90,33,57
107900303,198,195,3
107900304,377,238,139
107900305,284,11,273
107900306,5,36,-31
107900307,48,236,-188
107900308,194,125,69
107900309,76,0,76
107900310,285,3,282
107900311,9,381,-372
107900312,71,2,69
107900313,2,103,-101
107900314,1,29,-28
107900315,1,20,-19
107900316,43,4,39
107900317,75,10,65
107900318,3,92,-89
107900319,4,89,-85
107900320,0,74,-74
107900321,157,4,153
107900322,1,53,-52
107900323,12,91,-79
107900324,91,1,90
107900325,138,2,136
107900326,381,130,251
107900327,4,45,-41
107900328,64,2,62
107900329,52,58,-6
107900330,3,135,-132
107900331,303,18,285
107900332,353,12,341
107900333,87,16,71
107900334,11,105,-94
107900335,52,38,14
107900336,32,42,-10
107900337,577,848,-271
107900338,7,122,-115
107900339,0,16,-16
107900340,1,43,-42
107900341,92,0,92
107900342,121,110,11
107900343,27,2,25
107900344,18,47,-29
107900345,120,34,86
107900346,21,2,19
107900347,16,3,13
107900348,5,5,0
107900349,20,15,5
107900350,22,155,-133
107900351,10,148,-138
107900352,1,16,-15
107900353,18,4,14
107900354,8,26,-18
108000001,2867,3145,-278
108000002,1622,1663,-41
108000003,2999,3066,-67
108000004,9226,9946,-720
108000005,6793,5848,945
108000006,5981,5119,862
108000007,4383,3349,1034
108000008,3293,4101,-808
108000009,3557,4031,-474
108000010,2812,3001,-189
108000011,10752,10221,531
108000012,10560,10593,-33
108000014,575,926,-351
108000015,884,219,665
108000016,267,925,-658
108000017,964,289,675
108000018,1672,527,1145
108000019,1386,655,731
108000020,1104,482,622
108000021,251,1318,-1067
108000022,332,1003,-671
108000023,1086,202,884
108000024,277,372,-95
108000025,339,238,101
108000026,811,300,511
108000027,808,403,405
108000028,855,176,679
108000029,595,599,-4
108000030,461,180,281
108000031,176,421,-245
108000032,1573,532,1041
108000033,652,711,-59
108000034,1567,440,1127
108000035,611,1301,-690
108000036,377,711,-334
108000037,1602,378,1224
108000038,2393,486,1907
108000039,372,1274,-902
108000040,1799,836,963
108000041,583,1415,-832
108000042,355,143,212
108000043,270,181,89
108000044,626,110,516
108000045,283,330,-47
108000046,1392,261,1131
108000047,350,582,-232
108000048,172,227,-55
108000049,891,185,706
108000050,105,459,-354
108000051,341,147,194
108000052,154,398,-244
108000053,364,245,119
108000054,436,767,-331
108000055,950,530,420
108000056,1198,1065,133
108000057,606,1219,-613
108000058,1633,3204,-1571
108000059,2458,1587,871
108000060,233,634,-401
108000061,295,343,-48
108000062,912,564,348
108000063,508,346,162
108000064,246,218,28
108000065,397,318,79
108000066,1212,608,604
108000067,1843,598,1245
108000068,689,341,348
108000069,209,539,-330
108000070,1828,666,1162
108000071,541,942,-401
108000072,1670,899,771
108000073,914,1091,-177
108000074,545,271,274
108000075,292,515,-223
108000076,727,433,294
108000077,507,432,75
108000078,2229,1034,1195
108000079,714,856,-142
108000080,1454,434,1020
108000081,454,942,-488
108000082,758,1225,-467
108000083,1870,911,959
108000084,430,706,-276
108000085,855,494,361
108000086,612,468,144
108000087,130,2076,-1946
108000088,811,176,635
108000089,246,269,-23
108000091,244,355,-111
108000092,148,85,63
108000093,204,278,-74
108000094,579,111,468
108000095,148,187,-39
108000096,314,121,193
108000097,177,236,-59
108000098,1750,961,789
108000099,986,211,775
108000100,171,402,-231
108000101,1519,1389,130
108000102,1467,3393,-1926
108000106,734,2,732
108000107,1,658,-657
108000108,484,38,446
108000109,4,701,-697
108000110,215,275,-60
108000111,121,353,-232
108000112,52,155,-103
108000113,292,158,134
108000115,169,256,-87
108000117,490,310,180
108000118,499,1674,-1175
108000119,430,277,153
108000120,178,693,-515
108000121,134,315,-181
108000122,557,264,293
108000123,755,125,630
108000124,388,373,15
108000125,457,183,274
108000126,194,238,-44
108000127,569,249,320
108000128,595,287,308
108000129,339,560,-221
108000130,651,184,467
108000131,1015,581,434
108000132,1449,898,551
108000133,1068,470,598
108000134,451,383,68
108000135,1119,393,726
108000136,200,550,-350
108000137,547,189,358
108000138,406,569,-163
108000139,503,193,310
108000140,121,31,90
108000141,29,36,-7
108000142,49,46,3
108000143,47,284,-237
108000144,511,61,450
108000145,43,6,37
108000146,727,73,654
108000147,21,16,5
108000148,648,83,565
108000149,21,2,19
108000150,50,7,43
108000151,117,56,61
108000152,104,266,-162
108000153,682,102,580
108000154,44,8,36
108000155,29,17,12
108000156,499,297,202
108000157,129,1127,-998
108000158,73,834,-761
108000159,301,137,164
108000160,1755,960,795
108000161,1452,2413,-961
108000165,9,168,-159
108000172,10,210,-200
108000173,922,1812,-890
108000175,583,114,469
108000178,318,215,103
108000179,101,745,-644
108000181,47,28,19
108000182,192,63,129
108000183,23,273,-250
108000184,615,2144,-1529
108000185,225,256,-31
108000186,388,277,111
108000187,156,290,-134
108000188,655,170,485
108000189,1168,8321,-7153
108000190,22,71,-49
108000192,192,346,-154
108000193,395,19,376
108000194,32,15,17
108000195,2,691,-689
108000196,345,116,229
108000198,804,205,599
108000199,5,398,-393
108000200,454,264,190
108000203,113,330,-217
108000204,159,68,91
108000205,178,273,-95
108000339,733,343,390
108000364,198,565,-367
108000365,63,207,-144
108000367,125,239,-114
108000368,7,44,-37
108000369,368,191,177
108000371,10,536,-526
108000372,493,14,479
108000373,242,119,123
108000376,87,44,43
108000377,487,191,296
108000378,7522,8949,-1427
108000379,37,168,-131
108000381,91,13,78
108000382,122,2,120
108000383,0,202,-202
108900001,83,526,-443
108900002,133,64,69
108900003,258,393,-135
108900004,655,524,131
108900007,335,160,175
108900008,148,100,48
108900009,85,100,-15
108900010,317,119,198
108900011,699,359,340
108900012,415,377,38
108900013,197,280,-83
108900014,15,77,-62
108900015,1,260,-259
108900016,0,213,-213
108900017,266,399,-133
108900018,181,203,-22
108900019,34,320,-286
108900020,53,103,-50
108900021,133,168,-35
108900022,79,15,64
108900023,12,30,-18
108900024,25,66,-41
108900025,181,66,115
108900026,16,100,-84
108900027,0,60,-60
108900028,117,134,-17
108900029,30,128,-98
108900030,0,61,-61
108900031,150,223,-73
108900032,5,111,-106
108900033,0,104,-104
108900034,0,127,-127
108900035,246,702,-456
108900038,0,193,-193
108900039,1,268,-267
108900040,10,92,-82
108900041,3218,2806,412
108900042,10,357,-347
108900043,67,294,-227
108900044,9,290,-281
108900045,86,243,-157
108900046,34,436,-402
108900047,1,133,-132
108900048,91,522,-431
108900049,1534,1579,-45
108900050,3,102,-99
108900051,0,81,-81
108900052,20,134,-114
108900053,74,219,-145
108900054,62,152,-90
108900055,56,234,-178
108900056,1,77,-76
108900057,0,86,-86
108900058,18,197,-179
108900059,486,60,426
108900060,77,108,-31
108900061,90,24,66
108900062,3,164,-161
108900063,12,165,-153
108900064,286,29,257
108900065,10,91,-81
108900066,411,123,288
108900067,10,106,-96
108900068,7,64,-57
108900069,70,32,38
108900070,38,55,-17
108900071,96,63,33
108900072,1469,438,1031
108900073,39,185,-146
108900074,235,133,102
108900075,36,54,-18
108900076,405,57,348
108900077,85,268,-183
108900078,61,74,-13
108900079,442,128,314
108900080,37,570,-533
108900081,35,194,-159
108900082,138,79,59
108900083,10,203,-193
108900085,1287,145,1142
108900086,156,116,40
108900087,45,124,-79
108900088,827,434,393
108900089,23,110,-87
108900090,66,132,-66
108900091,103,35,68
108900092,466,257,209
108900093,105,63,42
108900094,197,77,120
108900095,35,195,-160
108900096,219,12,207
108900097,302,166,136
108900098,1147,734,413
108900099,394,133,261
108900100,69,89,-20
108900101,177,202,-25
108900102,73,1076,-1003
108900103,83,144,-61
108900105,8,1235,-1227
108900106,557,177,380
108900108,313,39,274
108900109,462,77,385
108900110,275,274,1
108900111,424,308,116
108900113,45,76,-31
108900114,99,22,77
108900115,108,100,8
108900116,41,19,22
108900117,193,17,176
108900118,592,14,578
108900119,276,18,258
108900120,327,157,170
108900121,279,127,152
108900122,153,18,135
108900123,162,109,53
108900124,526,212,314
108900125,479,7,472
108900126,111,46,65
108900127,196,18,178
108900128,124,35,89
108900129,770,123,647
108900130,331,5,326
108900131,344,9,335
108900132,493,61,432
108900133,288,45,243
108900134,421,158,263
108900135,216,21,195
108900136,32,3,29
108900137,158,4,154
108900138,881,69,812
108900140,452,149,303
108900141,381,17,364
108900142,95,5,90
108900143,82,0,82
108900144,141,0,141
108900145,278,17,261
108900146,84,1,83
108900147,201,0,201
108900148,67,32,35
108900150,222,18,204
108900151,125,12,113
108900152,342,26,316
108900153,248,197,51
108900154,4095,461,3634
108900156,66,7,59
108900157,26,223,-197
108900158,393,19,374
108900159,8,120,-112
108900160,17,148,-131
108900161,8,200,-192
108900162,119,0,119
108900163,5,255,-250
108900164,51,60,-9
108900168,4405,2246,2159
108900169,75,94,-19
108900171,3165,2928,237
108900172,177,35,142
108900173,93,234,-141
108900174,914,531,383
108900176,128,318,-190
108900177,2668,4854,-2186
108900178,2427,3294,-867
108900180,100,256,-156
108900183,171,161,10
108900184,456,201,255
108900185,98,213,-115
108900186,53,204,-151
108900189,368,111,257
108900190,41,1519,-1478
108900192,103,174,-71
108900195,104,133,-29
108900196,22,186,-164
108900199,240,282,-42
108900200,564,265,299
108900201,444,1025,-581
108900203,478,133,345
108900204,359,17,342
108900205,205,31,174
108900206,424,80,344
108900207,207,102,105
108900208,12,220,-208
108900209,182,322,-140
108900210,167,169,-2
108900211,171,454,-283
108900212,394,1243,-849
108900215,49,270,-221
108900216,276,335,-59
108900217,156,1,155
108900218,64,16,48
108900221,45,167,-122
108900224,42,120,-78
108900225,1,165,-164
108900227,80,316,-236
108900230,202,181,21
108900232,0,174,-174
108900233,289,88,201
108900234,222,114,108
108900235,174,343,-169
108900236,33,204,-171
108900240,105,106,-1
108900241,29,41,-12
108900245,10,1223,-1213
108900250,227,81,146
108900258,9,133,-124
108900259,36,42,-6
108900260,3,61,-58
108900261,39,64,-25
108900262,89,132,-43
108900263,17,105,-88
108900264,364,219,145
108900265,583,420,163
108900266,502,761,-259
108900267,1,124,-123
108900268,7,11,-4
108900269,84,14,70
108900270,105,7,98
108900271,36,12,24
108900272,263,12,251
108900273,554,762,-208
108900274,71,45,26
109000001,1914,1729,185
109000002,828,1707,-879
109000003,2273,373,1900
109000004,496,1480,-984
109000005,2403,520,1883
109000006,621,1482,-861
109000007,1368,520,848
109000008,522,1257,-735
109000009,3083,1053,2030
109000010,1007,2667,-1660
109000011,3165,1698,1467
109000012,1544,1972,-428
109000013,3636,2830,806
109000014,1632,1692,-60
109000015,3185,7390,-4205
109000016,4256,2102,2154
109000017,2280,1033,1247
109000018,790,1653,-863
109000019,2355,1227,1128
109000020,934,1319,-385
109000023,249,21,228
109000024,17,175,-158
109000025,320,416,-96
109000026,482,286,196
109000027,78,363,-285
109000028,114,50,64
109000029,99,173,-74
109000030,82,421,-339
109000031,165,186,-21
109000032,128,316,-188
109000033,308,149,159
109000034,48,55,-7
109000035,21,37,-16
109000036,152,319,-167
109000037,259,1544,-1285
109000038,319,256,63
109000039,809,730,79
109000040,2560,9440,-6880
109000041,1512,1608,-96
109000042,433,1083,-650
109000044,424,60,364
109000045,101,287,-186
109000046,349,47,302
109000047,59,331,-272
109000048,658,134,524
109000049,227,433,-206
109000050,293,191,102
109000051,181,154,27
109000052,422,472,-50
109000053,202,46,156
109000054,336,231,105
109000055,182,152,30
109000056,282,245,37
109000057,694,358,336
109000058,605,174,431
109000059,544,1360,-816
109000060,288,428,-140
109000061,589,810,-221
109000062,114,292,-178
109000063,167,117,50
109000064,377,112,265
109000065,111,107,4
109000066,348,54,294
109000067,61,191,-130
109000068,1205,8,1197
109000069,676,41,635
109000070,18,1811,-1793
109000071,317,53,264
109000072,88,277,-189
109000073,70,88,-18
109000074,28,122,-94
109000075,57,241,-184
109000076,122,227,-105
109000077,247,171,76
109000078,85,163,-78
109000079,138,123,15
109000080,184,110,74
109000081,166,276,-110
109000082,661,137,524
109000083,272,415,-143
109000088,141,318,-177
109000089,271,71,200
109000090,107,275,-168
109000091,340,144,196
109000092,285,266,19
109000093,304,158,146
109000094,627,1,626
109000095,151,228,-77
109000096,650,291,359
109000097,106,121,-15
109000098,45,129,-84
109000099,695,198,497
109000100,280,663,-383
109000101,1402,378,1024
109000102,360,616,-256
109000103,453,411,42
109000104,1657,369,1288
109000105,395,704,-309
109000106,1563,593,970
109000107,517,1057,-540
109000108,1644,415,1229
109000109,372,1026,-654
109000110,990,411,579
109000111,640,1121,-481
109000112,324,77,247
109000113,293,84,209
109000114,127,238,-111
109000115,807,79,728
109000116,16,196,-180
109000117,340,80,260
109000118,13,201,-188
109000119,1534,179,1355
109000120,230,429,-199
109000121,542,38,504
109000122,151,399,-248
109000123,38,42,-4
109000124,724,264,460
109000125,846,267,579
109000126,370,437,-67
109000127,936,148,788
109000128,477,735,-258
109000129,2404,589,1815
109000130,506,863,-357
109000131,742,673,69
109000132,586,1053,-467
109000133,260,614,-354
109000134,572,878,-306
109000135,708,1190,-482
109000136,204,232,-28
109000137,248,284,-36
109000138,416,185,231
109000139,424,309,115
109000140,146,173,-27
109000141,476,319,157
109000142,127,364,-237
109000143,98,77,21
109000145,109,301,-192
109000146,91,97,-6
109000148,1719,1293,426
109000149,15,83,-68
109000150,222,214,8
109000155,918,613,305
109000156,677,361,316
109000158,102,202,-100
109000159,85,234,-149
109000160,986,152,834
109000161,356,612,-256
109000162,1766,493,1273
109000163,1008,1173,-165
109000164,1179,1782,-603
109000165,1207,414,793
109000166,711,100,611
109000167,85,286,-201
109000170,25,32,-7
109000171,43,64,-21
109000172,30,56,-26
109000173,27,93,-66
109000174,120,44,76
109000175,64,46,18
109000176,291,119,172
109000177,21,60,-39
109000178,870,263,607
109000179,2425,4597,-2172
109000180,2855,2946,-91
109000181,36,12,24
109000182,32,22,10
109000183,58,11,47
109000184,28,10,18
109000185,27,16,11
109000188,401,983,-582
109000189,2268,689,1579
109000190,594,267,327
109000191,383,257,126
109000192,446,126,320
109000193,199,175,24
109000194,276,82,194
109000195,138,194,-56
109000196,291,96,195
109000197,179,205,-26
109000198,376,80,296
109000199,94,331,-237
109000206,199,40,159
109000207,101,27,74
109000208,81,68,13
109000209,132,119,13
109000210,166,350,-184
109000211,722,264,458
109000214,377,175,202
109000215,152,52,100
109000216,275,212,63
109000217,224,101,123
109000218,361,234,127
109000221,438,682,-244
109000222,903,246,657
109000223,352,295,57
109000224,43,63,-20
109000225,104,41,63
109000226,71,151,-80
109000227,1189,542,647
109000228,3,2125,-2122
109000231,1,152,-151
109000232,393,171,222
109000236,199,621,-422
109000241,1780,1381,399
109000242,1668,970,698
109000293,31,65,-34
109000361,186,207,-21
109000364,134,344,-210
109000396,1,274,-273
109000397,587,9,578
109000399,112,274,-162
109000400,84,206,-122
109000403,72,748,-676
109000406,360,49,311
109000407,169,118,51
109000408,1,322,-321
109000410,883,171,712
109000411,217,48,169
109900001,117,0,117
109900002,1023,31,992
109900003,262,1,261
109900004,613,73,540
109900005,33,5,28
109900006,379,111,268
109900007,847,253,594
109900008,0,29,-29
109900009,122,273,-151
109900010,572,18,554
109900011,97,39,58
109900012,301,146,155
109900013,329,124,205
109900014,348,53,295
109900015,347,204,143
109900016,147,14,133
109900017,177,227,-50
109900018,204,28,176
109900019,258,34,224
109900020,25,63,-38
109900021,38,11,27
109900022,121,175,-54
109900023,16,4,12
109900024,23,4,19
109900025,14,41,-27
109900026,1,100,-99
109900027,34,35,-1
109900028,584,1130,-546
109900029,5,171,-166
109900030,53,2,51
109900031,1,117,-116
109900032,6,218,-212
109900033,2,344,-342
109900034,42,7,35
109900035,19,18,1
109900036,18,70,-52
109900037,26,287,-261
109900038,76,180,-104
109900039,25,0,25
109900040,32,290,-258
109900041,46,247,-201
109900042,42,340,-298
109900044,113,242,-129
109900045,183,177,6
109900046,134,66,68
109900047,217,243,-26
109900048,3,49,-46
109900049,10,30,-20
109900050,1,74,-73
109900051,1,25,-24
109900052,49,179,-130
109900053,0,140,-140
109900054,841,173,668
109900055,78,177,-99
109900056,36,182,-146
109900057,3,108,-105
109900058,0,55,-55
109900059,935,78,857
109900060,539,102,437
109900061,50,170,-120
109900062,0,56,-56
109900063,7,332,-325
109900064,485,145,340
109900065,42,112,-70
109900066,246,418,-172
109900067,0,88,-88
109900068,60,7,53
109900069,11,33,-22
109900070,26,233,-207
109900071,3,14,-11
109900072,16,103,-87
109900073,306,208,98
109900074,9,26,-17
109900075,17,37,-20
109900076,21,200,-179
109900077,57,47,10
109900078,89,157,-68
109900080,117,168,-51
109900081,23,209,-186
109900082,35,168,-133
109900083,25,56,-31
109900084,54,71,-17
109900085,210,387,-177
109900086,127,397,-270
109900087,217,328,-111
109900089,668,199,469
109900090,374,686,-312
109900091,366,44,322
109900092,338,21,317
109900093,900,148,752
109900094,60,81,-21
109900095,186,166,20
109900096,50,3,47
109900097,109,1,108
109900098,523,37,486
109900099,239,6,233
109900100,36,0,36
109900101,568,6,562
109900102,451,17,434
109900103,28,31,-3
109900104,648,352,296
109900105,458,19,439
109900106,284,39,245
109900107,420,71,349
109900108,115,124,-9
109900109,48,74,-26
109900110,55,171,-116
109900111,204,509,-305
109900112,202,266,-64
109900113,771,549,222
109900114,1037,744,293
109900115,170,55,115
109900117,1025,82,943
109900118,134,262,-128
109900119,443,204,239
109900120,79,47,32
109900121,275,422,-147
109900122,467,13,454
109900123,11,92,-81
109900124,32,297,-265
109900125,1,106,-105
109900126,307,58,249
109900128,323,30,293
109900130,3451,2679,772
109900131,17,143,-126
109900132,28,123,-95
109900133,100,183,-83
109900134,86,63,23
109900135,295,46,249
109900136,64,91,-27
109900137,120,179,-59
109900140,186,94,92
109900142,1242,168,1074
109900145,5,429,-424
109900146,347,43,304
109900148,57,68,-11
109900149,45,43,2
109900150,11,76,-65
109900151,13,43,-30
109900152,0,49,-49
109900153,0,57,-57
109900154,49,0,49
109900155,54,19,35
109900157,54,123,-69
109900158,59,69,-10
109900159,139,33,106
109900160,138,52,86
109900161,186,75,111
109900162,187,134,53
109900163,346,212,134
109900164,45,159,-114
109900165,239,4,235
109900166,5,100,-95
109900167,100,307,-207
109900168,203,394,-191
109900169,193,122,71
109900170,217,928,-711
109900171,173,62,111
109900172,185,187,-2
109900173,1482,2043,-561
109900174,53,87,-34
109900175,65,93,-28
109900176,98,147,-49
109900177,27,172,-145
109900178,9,127,-118
109900179,49,15,34
109900180,4,10,-6
110000001,740,433,307
110000002,494,592,-98
110000003,601,623,-22
110000004,403,589,-186
110000005,328,1645,-1317
110000006,212,247,-35
110000007,101,70,31
110000008,17,79,-62
110000009,50,26,24
110000010,34,62,-28
110000011,35,34,1
110000012,468,204,264
110000013,40,541,-501
110000014,495,316,179
110000015,203,664,-461
110000016,225,1429,-1204
110000017,2122,241,1881
110000018,1887,267,1620
110000019,6,62,-56
110000020,298,160,138
110000021,381,301,80
110000022,705,174,531
110000023,8,84,-76
110000024,548,228,320
110000025,464,11,453
110000026,6,172,-166
110000027,1140,684,456
110000028,964,532,432
110000029,368,404,-36
110000030,244,391,-147
110000031,229,304,-75
110000032,721,284,437
110000033,267,182,85
110000034,548,432,116
110000035,538,362,176
110000036,768,463,305
110000037,122,278,-156
110000038,212,505,-293
110000039,724,3082,-2358
110000040,286,201,85
110000041,257,1302,-1045
110000042,60,305,-245
110000043,721,212,509
110000044,65,303,-238
110000045,349,129,220
110000046,3,35,-32
110000047,20,27,-7
110000048,9,15,-6
110000049,19,11,8
110000050,9,9,0
110000051,11,9,2
110000052,25,28,-3
110000053,53,8,45
110000054,261,369,-108
110000055,459,74,385
110000056,85,76,9
110000057,301,409,-108
110000058,751,344,407
110000059,836,413,423
110000060,847,758,89
110000061,597,577,20
110000062,591,718,-127
110000063,63,140,-77
110000064,56,54,2
110000065,91,78,13
110000066,64,32,32
110000067,62,100,-38
110000068,208,98,110
110000069,310,35,275
110000071,209,65,144
110000073,29,21,8
110000075,12,59,-47
110000076,284,329,-45
110000077,231,915,-684
110000078,49,30,19
110000080,240,437,-197
110000081,90,144,-54
110000082,32,283,-251
110000083,229,438,-209
110000084,1228,714,514
110000085,1100,1213,-113
110000086,914,1707,-793
110000087,15,52,-37
110000088,101,197,-96
110000089,207,60,147
110000090,72,179,-107
110000091,657,186,471
110000092,23,60,-37
110000093,60,29,31
110000094,382,180,202
110000095,160,495,-335
110000096,1081,1687,-606
110000097,901,1345,-444
110000098,1558,545,1013
110000099,625,1414,-789
110000100,1007,258,749
110000101,39,145,-106
110000102,97,47,50
110000104,435,150,285
110000105,59,256,-197
110000106,601,497,104
110000107,199,265,-66
110000108,149,130,19
110000109,191,223,-32
110000110,1438,3878,-2440
110000111,3221,2453,768
110000112,696,1221,-525
110000113,238,2097,-1859
110000114,206,543,-337
110000115,425,205,220
110000116,68,61,7
110000117,193,166,27
110000118,467,99,368
110000119,277,173,104
110000120,301,121,180
110000121,69,302,-233
110000122,372,437,-65
110000123,594,607,-13
110000124,1,789,-788
110000125,791,7,784
110000126,253,25,228
110000127,1029,44,985
110000128,35,728,-693
110000129,7,447,-440
110000130,242,150,92
110000131,71,299,-228
110000132,1,401,-400
110000133,43,351,-308
110000134,19,268,-249
110000135,150,22,128
110000136,41,245,-204
110000137,546,394,152
110000138,749,448,301
110000139,811,645,166
110000140,654,648,6
110000143,433,299,134
110000144,4182,1533,2649
110000145,1912,818,1094
110000146,1298,535,763
110000147,370,473,-103
110000148,516,173,343
110000151,852,948,-96
110000152,636,414,222
110000153,107,18,89
110000154,11,28,-17
110000155,1032,3296,-2264
110000156,1079,2012,-933
110000157,1579,1752,-173
110000160,340,231,109
110000161,147,119,28
110000166,588,77,511
110000167,721,460,261
110000168,859,475,384
110000169,772,310,462
110000170,168,36,132
110000171,485,120,365
110000172,126,516,-390
110000173,752,687,65
110000174,121,513,-392
110000175,631,46,585
110000176,55,279,-224
110000177,180,787,-607
110000178,361,1291,-930
110000179,746,235,511
110000180,199,145,54
110000181,561,287,274
110000182,206,92,114
110000183,5109,6252,-1143
110000184,253,2025,-1772
110000185,424,511,-87
110000186,575,609,-34
110000191,1152,154,998
110000192,617,11,606
110000193,1186,9,1177
110000194,11,539,-528
110000195,493,204,289
110000196,429,174,255
110000197,98,121,-23
110000198,98,45,53
110000199,83,138,-55
110000200,911,374,537
110000201,749,939,-190
110000202,1165,603,562
110000203,483,469,14
110000204,6,126,-120
110000205,173,61,112
110000206,472,814,-342
110000207,1337,285,1052
110000208,200,207,-7
110000209,81,606,-525
110000210,1349,324,1025
110000211,667,395,272
110000212,365,817,-452
110000213,239,56,183
110000214,373,77,296
110000215,179,195,-16
110000216,119,166,-47
110000217,392,79,313
110000218,184,170,14
110000219,311,39,272
110000220,81,152,-71
110000221,324,41,283
110000222,46,140,-94
110000223,12,154,-142
110000224,29,9,20
110000225,258,612,-354
110000226,199,58,141
110000227,752,794,-42
110000228,214,110,104
110000229,2,153,-151
110000230,375,384,-9
110000231,136,143,-7
110000232,247,171,76
110000233,190,165,25
110000234,386,507,-121
110000235,674,700,-26
110000236,625,422,203
110000237,1632,1006,626
110000238,1231,1018,213
110000239,1657,846,811
110000240,0,46,-46
110000242,0,7,-7
110000243,122,91,31
110000244,122,270,-148
110000245,21,262,-241
110000246,737,298,439
110000247,805,2398,-1593
110000248,1267,799,468
110000249,65,3,62
110000250,19,71,-52
110000251,311,219,92
110000252,292,143,149
110000253,1252,431,821
110000254,459,596,-137
110000255,180,575,-395
110000256,418,248,170
110000257,480,305,175
110000258,12,216,-204
110000259,150,19,131
110000260,41,129,-88
110000263,436,40,396
110000264,316,216,100
110000265,913,1437,-524
110000266,1181,2050,-869
110000267,21,98,-77
110000268,207,330,-123
110000269,2,50,-48
110000270,74,1,73
110000271,845,181,664
110000272,966,755,211
110000273,1639,1046,593
110000274,150,1346,-1196
110000275,1034,417,617
110000276,232,277,-45
110000277,297,261,36
110000278,275,524,-249
110000279,721,587,134
110000280,427,257,170
110000281,64,235,-171
110000282,151,28,123
110000283,54,88,-34
110000284,28,49,-21
110000285,6,362,-356
110000286,15,1,14
110000287,61,2,59
110000288,4,83,-79
110000289,420,1699,-1279
110000290,545,524,21
110000291,2565,1038,1527
110000292,1089,4000,-2911
110000293,576,494,82
110000294,1121,893,228
110000295,120,519,-399
110000296,494,202,292
110000297,2109,284,1825
110000298,143,401,-258
110000299,121,68,53
110000301,425,17,408
110000302,609,659,-50
110000303,461,7,454
110000304,172,142,30
110000305,1068,12,1056
110000306,144,785,-641
110000307,1550,4,1546
110000308,319,7,312
110000309,2,398,-396
110000310,612,47,565
110000311,16,421,-405
110000312,348,80,268
110000313,1798,1943,-145
110000314,1,136,-135
110000315,2156,2033,123
110000316,430,1100,-670
110000317,251,520,-269
110000318,5,31,-26
110000319,27,19,8
110000320,32,37,-5
110000321,19,37,-18
110000322,226,187,39
110000323,453,109,344
110000324,2055,1223,832
110000325,2010,2628,-618
110000327,343,200,143
110000328,141,256,-115
110000333,784,566,218
110000334,594,922,-328
110000335,719,315,404
110000336,626,680,-54
110000337,1318,357,961
110000338,517,140,377
110000339,248,168,80
110000340,41,194,-153
110000341,432,385,47
110000342,158,2,156
110000343,0,13,-13
110000344,523,218,305
110000345,661,183,478
110000346,1723,1553,170
110000347,1016,651,365
110000348,12,10,2
110000349,9,15,-6
110000350,52,7,45
110000351,974,544,430
110000352,514,1196,-682
110000353,1804,485,1319
110000354,777,2378,-1601
110000355,112,45,67
110000356,531,13,518
110000357,387,15,372
110000361,21,28,-7
110000362,128,7,121
110000363,414,86,328
110000364,226,178,48
110000365,155,2,153
110000366,1,90,-89
110000367,290,89,201
110000368,2,36,-34
110000369,98,2,96
110000373,0,211,-211
110000374,155,14,141
110000375,110,766,-656
110000376,22,63,-41
110000377,84,311,-227
110000378,18,279,-261
110000379,1801,1713,88
110000380,55,5,50
110000383,4,1421,-1417
110000384,1219,1081,138
110000385,1,166,-165
110000387,79,5,74
110000388,34,147,-113
110000389,719,5,714
110000391,732,195,537
110000396,188,91,97
110000397,170,88,82
110000398,11,21,-10
110000399,125,0,125
110000587,156,93,63
110000589,211,75,136
110000640,141,24,117
110000652,17,136,-119
110000653,278,300,-22
110000654,81,890,-809
110000656,0,299,-299
110000674,21,19,2
110000675,6,14,-8
110000676,0,48,-48
110000679,219,1114,-895
110000682,90,156,-66
110000683,248,422,-174
110000684,2,21,-19
110000685,2,7,-5
110000686,1,20,-19
110000687,20,1,19
110000688,46,985,-939
110000689,42,24,18
110000692,23,84,-61
110000693,68,165,-97
110000694,1,112,-111
110000695,147,397,-250
110000696,48,64,-16
110900001,227,17,210
110900002,367,119,248
110900003,774,245,529
110900004,413,93,320
110900005,1455,2183,-728
110900006,44,12,32
110900007,108,50,58
110900008,12,38,-26
110900009,378,162,216
110900010,11,51,-40
110900011,17,57,-40
110900012,24,71,-47
110900013,880,162,718
110900014,199,11,188
110900015,288,601,-313
110900016,59,92,-33
110900017,433,17,416
110900018,350,43,307
110900019,305,15,290
110900020,142,143,-1
110900021,72,269,-197
110900022,67,169,-102
110900023,55,283,-228
110900024,17,188,-171
110900025,1,33,-32
110900027,37,161,-124
110900028,30,55,-25
110900029,18,166,-148
110900030,57,115,-58
110900031,2,151,-149
110900032,0,55,-55
110900033,46,120,-74
110900035,37,405,-368
110900036,113,21,92
110900037,100,10,90
110900038,518,197,321
110900039,7,206,-199
110900040,201,20,181
110900041,24,48,-24
110900042,123,59,64
110900043,1,49,-48
110900044,170,14,156
110900045,53,190,-137
110900046,16,132,-116
110900047,262,295,-33
110900049,73,80,-7
110900050,29,4,25
110900051,29,136,-107
110900052,2,93,-91
110900053,110,35,75
110900054,42,102,-60
110900055,29,6,23
110900056,29,96,-67
110900057,0,70,-70
110900058,238,106,132
110900059,404,256,148
110900060,458,103,355
110900061,12,34,-22
110900062,190,151,39
110900063,36,168,-132
110900064,11,0,11
110900065,214,113,101
110900066,5,85,-80
110900067,182,563,-381
110900068,190,164,26
110900069,10,16,-6
110900070,117,59,58
110900071,227,576,-349
110900073,1,12,-11
110900074,444,72,372
110900075,348,59,289
110900077,793,403,390
110900078,42,30,12
110900079,1726,1242,484
110900080,129,52,77
110900081,7,27,-20
110900082,141,70,71
110900083,102,51,51
110900084,66,37,29
110900085,36,176,-140
110900086,53,354,-301
110900087,280,53,227
110900088,9,0,9
110900090,38,72,-34
110900091,0,27,-27
110900093,232,92,140
110900095,70,31,39
110900097,23,13,10
110900098,26,61,-35
110900099,56,232,-176
110900100,0,23,-23
110900102,62,22,40
110900105,472,147,325
110900108,32,40,-8
110900111,407,190,217
110900112,830,10,820
110900113,313,64,249
110900115,8,38,-30
110900116,813,754,59
110900118,73,2892,-2819
110900119,1709,195,1514
110900120,18,75,-57
110900121,126,2,124
110900122,384,133,251
110900125,428,385,43
110900127,437,1238,-801
110900128,357,487,-130
110900129,267,829,-562
110900130,723,615,108
110900131,211,22,189
110900132,382,64,318
110900133,46,91,-45
110900135,62,173,-111
110900136,339,14,325
110900139,12,0,12
110900140,0,0,0
110900141,251,193,58
110900142,74,102,-28
110900143,139,68,71
110900144,0,364,-364
110900145,158,59,99
110900146,123,215,-92
110900147,79,222,-143
110900148,2,198,-196
110900149,2,60,-58
110900150,67,5,62
110900151,23,51,-28
110900152,59,147,-88
110900153,180,50,130
111000001,591,446,145
111000002,605,469,136
111000003,1241,576,665
111000004,398,670,-272
111000005,1109,1069,40
111000006,704,1325,-621
111000007,3459,2576,883
111000008,1234,2490,-1256
111000009,385,704,-319
111000010,728,230,498
111000011,235,950,-715
111000012,640,370,270
111000013,509,822,-313
111000014,1497,515,982
111000017,122,729,-607
111000018,202,288,-86
111000020,769,1554,-785
111000021,49,107,-58
111000023,82,97,-15
111000025,3789,3652,137
111000029,95,112,-17
111000030,35,105,-70
111000031,1604,962,642
111000032,587,358,229
111000033,212,228,-16
111000034,73,240,-167
111000037,978,578,400
111000038,2554,1375,1179
111000039,1621,1419,202
111000040,1571,1643,-72
111000041,1233,1077,156
111000042,1951,1734,217
111000043,1549,3329,-1780
111000044,1745,1175,570
111000045,2512,2141,371
111000046,1584,1508,76
111000047,2429,3992,-1563
111000049,375,351,24
111000050,1021,892,129
111000051,501,817,-316
111000052,576,1294,-718
111000053,366,616,-250
111000054,323,587,-264
111000055,1065,1388,-323
111000056,201,380,-179
111000057,131,361,-230
111000058,502,58,444
111000059,872,250,622
111000060,4117,854,3263
111000061,561,315,246
111000062,843,344,499
111000063,1733,920,813
111000064,786,508,278
111000065,1084,836,248
111000066,564,331,233
111000067,585,420,165
111000068,673,721,-48
111000069,1630,1665,-35
111000070,911,710,201
111000071,295,452,-157
111000072,1379,509,870
111000073,314,1007,-693
111000074,1384,1504,-120
111000075,864,486,378
111000076,498,405,93
111000077,1054,979,75
111000078,2568,1184,1384
111000079,993,528,465
111000080,560,532,28
111000081,1297,3425,-2128
111000082,633,562,71
111000084,643,430,213
111000085,772,795,-23
111000086,1574,730,844
111000087,605,369,236
111000088,3105,2138,967
111000089,717,648,69
111000090,634,1198,-564
111000091,605,304,301
111000092,1270,728,542
111000093,700,1027,-327
111000094,1717,843,874
111000095,662,1959,-1297
111000096,1244,6413,-5169
111000097,3929,1294,2635
111000098,754,808,-54
111000099,461,1134,-673
111000100,372,960,-588
111000101,336,508,-172
111000102,258,353,-95
111000104,632,126,506
111000107,104,547,-443
111000109,682,149,533
111000110,1399,598,801
111000111,2588,375,2213
111000112,1995,513,1482
111000113,860,1432,-572
111000114,1905,3379,-1474
111000115,3644,1092,2552
111000116,882,804,78
111000117,331,709,-378
111000118,1281,643,638
111000119,1111,757,354
111000120,536,456,80
111000121,298,645,-347
111000122,530,895,-365
111000123,996,1608,-612
111000124,431,1333,-902
111000125,280,854,-574
111000126,92,547,-455
111000127,1060,130,930
111000128,2178,290,1888
111000129,2718,426,2292
111000130,2158,558,1600
111000131,1941,559,1382
111000132,1655,828,827
111000133,209,67,142
111000134,109,79,30
111000135,62,148,-86
111000136,381,242,139
111000138,14,5,9
111000140,0,3,-3
111000141,196,325,-129
111000142,25,272,-247
111000143,7,447,-440
111000144,54,1897,-1843
111000145,562,8,554
111000146,125,7,118
111000147,175,32,143
111000148,167,89,78
111000149,3,12,-9
111000150,20,5,15
111000151,5,7,-2
111000153,493,690,-197
111000154,595,226,369
111000155,103,174,-71
111000156,420,567,-147
111000157,215,759,-544
111000158,660,660,0
111000159,2405,813,1592
111000160,437,432,5
111000161,15,326,-311
111000162,37,101,-64
111000163,679,580,99
111000164,519,2059,-1540
111000165,754,370,384
111000166,1085,287,798
111000167,136,318,-182
111000168,178,350,-172
111000169,324,471,-147
111000170,354,308,46
111000171,443,378,65
111000172,207,239,-32
111000173,404,470,-66
111000174,231,195,36
111000175,43,206,-163
111000176,395,93,302
111000177,428,145,283
111000178,1412,231,1181
111000179,291,108,183
111000180,254,440,-186
111000181,1488,159,1329
111000182,272,140,132
111000183,519,201,318
111000184,311,172,139
111000185,326,246,80
111000186,444,158,286
111000187,103,129,-26
111000188,299,352,-53
111000189,672,400,272
111000190,193,220,-27
111000191,162,191,-29
111000192,193,346,-153
111000193,295,203,92
111000194,58,223,-165
111000195,206,241,-35
111000196,92,117,-25
111000197,464,134,330
111000198,763,94,669
111000199,246,116,130
111000200,533,267,266
111000201,780,207,573
111000202,338,178,160
111000203,417,247,170
111000204,373,1330,-957
111000213,183,378,-195
111000214,1319,921,398
111000215,1132,855,277
111000217,1637,794,843
111000218,1397,949,448
111000219,385,154,231
111000220,892,443,449
111000221,418,95,323
111000224,33,213,-180
111000225,354,219,135
111000226,78,1,77
111000227,42,14,28
111000228,28,450,-422
111000229,40,912,-872
111000230,195,210,-15
111000231,1153,453,700
111000232,591,642,-51
111000233,1168,557,611
111000234,127,387,-260
111000239,82,103,-21
111000240,56,183,-127
111000241,27,256,-229
111000242,226,84,142
111000243,160,351,-191
111000244,603,105,498
111000245,1169,226,943
111000246,653,180,473
111000247,351,498,-147
111000248,621,368,253
111000249,433,444,-11
111000250,44,60,-16
111000251,34,41,-7
111000253,8,24,-16
111000255,39,26,13
111000257,64,25,39
111000260,61,939,-878
111000261,1357,75,1282
111000271,62,222,-160
111000273,1903,906,997
111000274,1184,1901,-717
111000275,177,51,126
111000276,313,898,-585
111000277,219,299,-80
111000278,542,218,324
111000291,909,5844,-4935
111000298,525,166,359
111000299,694,117,577
111000300,110,412,-302
111000302,295,48,247
111000303,53,126,-73
111000312,49,60,-11
111000315,12,117,-105
111000320,218,440,-222
111000321,315,121,194
111000322,282,319,-37
111000323,293,20,273
111000324,395,162,233
111000325,63,49,14
111000326,222,206,16
111000327,411,199,212
111000328,255,450,-195
111000329,1,32,-31
111000330,41,11,30
111000331,23,2,21
111000332,726,1376,-650
111000334,338,911,-573
111000335,1033,186,847
111000337,1447,230,1217
111000338,55,59,-4
111000339,566,112,454
111000340,134,381,-247
111000341,1314,603,711
111000342,121,1578,-1457
111000344,986,581,405
111000345,165,180,-15
111000346,43,215,-172
111000347,122,3,119
111000350,233,88,145
111000351,146,269,-123
111000352,223,60,163
111000353,143,185,-42
111000354,453,103,350
111000355,279,333,-54
111000358,160,577,-417
111000360,213,345,-132
111000361,167,164,3
111000546,869,424,445
111000547,473,256,217
111000548,155,231,-76
111000549,311,198,113
111000550,94,809,-715
111000551,637,188,449
111000552,736,237,499
111000907,424,13,411
111000908,48,5,43
111000916,1925,189,1736
111000917,34,276,-242
111000918,216,359,-143
111000920,604,12,592
111000921,27,143,-116
111000922,555,192,363
111000924,37,392,-355
111000925,2784,1598,1186
111000926,918,1070,-152
111000927,2566,3575,-1009
111000928,3431,1996,1435
111000929,1579,1140,439
111000930,786,1561,-775
111000931,1892,2196,-304
111000932,3042,1437,1605
111000933,2895,2247,648
111000934,1475,2075,-600
111000935,1763,748,1015
111000936,1130,1423,-293
111000937,1040,1165,-125
111000938,1162,975,187
111000939,631,37,594
111000940,476,83,393
111000941,512,279,233
111000943,621,226,395
111000944,171,209,-38
111000945,78,765,-687
111001109,449,531,-82
111001110,230,364,-134
111001111,73,5,68
111001112,70,2,68
111001113,3,108,-105
111001114,587,167,420
111001115,49,774,-725
111001116,2764,3704,-940
111001117,395,2464,-2069
111001120,163,151,12
111001121,138,147,-9
111001122,235,214,21
111001123,374,84,290
111001124,112,89,23
111001125,0,129,-129
111001126,10,0,10
111001127,1,23,-22
111900001,3,131,-128
111900002,2,372,-370
111900003,2,155,-153
111900004,18,56,-38
111900006,5,43,-38
111900007,106,5,101
111900008,248,3,245
111900009,155,1,154
111900010,265,263,2
111900012,51,53,-2
111900013,14,21,-7
111900014,2501,4102,-1601
111900015,0,34,-34
111900016,0,53,-53
111900017,0,40,-40
111900018,156,2,154
111900019,3,75,-72
111900020,4,36,-32
111900021,35,66,-31
111900022,7,33,-26
111900023,61,41,20
111900024,12,93,-81
111900025,0,20,-20
111900026,0,34,-34
111900027,4,98,-94
111900028,1,195,-194
111900029,4,41,-37
111900030,18,213,-195
111900031,5,23,-18
111900032,1,200,-199
111900033,16,49,-33
111900034,233,349,-116
111900035,96,100,-4
111900036,0,143,-143
111900038,199,317,-118
111900039,44,273,-229
111900040,0,214,-214
111900042,7,109,-102
111900043,2,168,-166
111900044,247,125,122
111900046,34,92,-58
111900048,257,315,-58
111900049,41,136,-95
111900050,102,26,76
111900051,3,157,-154
111900052,306,249,57
111900053,532,1659,-1127
111900054,118,2,116
111900055,15,187,-172
111900056,123,341,-218
111900057,102,50,52
111900058,537,345,192
111900059,1098,613,485
111900060,350,4,346
111900061,8,76,-68
111900062,41,74,-33
111900063,232,247,-15
111900064,69,117,-48
111900065,132,17,115
111900066,112,138,-26
111900067,6,315,-309
111900068,32,38,-6
111900069,92,21,71
111900070,156,87,69
111900071,1,204,-203
111900072,34,19,15
111900073,953,156,797
111900074,12,172,-160
111900075,67,9,58
111900076,203,63,140
111900077,25,3,22
111900078,264,24,240
111900079,40,28,12
111900080,152,254,-102
111900082,171,34,137
111900083,192,13,179
111900084,127,9,118
111900085,30,163,-133
111900086,61,6,55
111900087,68,2,66
111900088,644,11,633
111900089,107,11,96
111900090,68,48,20
111900091,280,4,276
111900092,103,3,100
111900093,469,18,451
111900094,144,1,143
111900095,320,29,291
111900096,191,1,190
111900097,69,0,69
111900098,272,7,265
111900099,93,3,90
111900100,184,5,179
111900101,92,26,66
111900102,732,215,517
111900103,60,65,-5
111900104,120,42,78
111900105,231,177,54
111900106,459,28,431
111900110,908,315,593
111900111,188,95,93
111900112,342,3175,-2833
111900113,244,96,148
111900118,334,84,250
111900119,282,156,126
111900122,128,91,37
111900123,20,37,-17
111900124,12,59,-47
111900125,488,47,441
111900126,309,2,307
111900127,3,398,-395
111900128,1,270,-269
111900129,251,4,247
111900130,207,46,161
111900131,542,0,542
111900132,17,510,-493
111900133,1,230,-229
111900134,6,130,-124
111900135,12,31,-19
111900136,94,145,-51
111900137,48,31,17
111900138,7,47,-40
111900139,11,48,-37
111900140,83,22,61
111900141,69,5,64
111900142,110,25,85
111900143,90,126,-36
111900144,0,35,-35
111900145,2,243,-241
111900146,1,102,-101
111900147,97,211,-114
111900148,21,388,-367
111900149,2,148,-146
111900150,7,89,-82
111900151,6,13,-7
111900152,79,90,-11
111900153,830,712,118
111900154,17,362,-345
111900155,47,84,-37
111900156,72,88,-16
111900157,190,37,153
111900158,536,93,443
111900159,322,30,292
111900160,378,5,373
111900161,229,0,229
111900162,117,165,-48
111900163,17,142,-125
111900164,112,43,69
111901113,555,68,487
111901114,250,229,21
111901115,70,5,65
111901116,82,0,82
111901117,35,27,8
111901118,26,212,-186
111901119,339,33,306
111901121,101,108,-7
111901122,1,280,-279
111901123,266,193,73
111901124,234,1,233
111901125,532,202,330
111901127,232,386,-154
111901128,4,40,-36
111901129,3,67,-64
111901130,2,59,-57
111901131,10,173,-163
111901132,78,9,69
111901133,45,2,43
111901134,120,2,118
111901135,22,10,12
111901136,4,41,-37
111901138,179,37,142
111901139,18,10,8
111901140,18,73,-55
111901141,2,103,-101
111901142,1,73,-72
111901143,1,64,-63
111901144,75,47,28
111901145,99,281,-182
111901146,259,18,241
111901147,250,265,-15
111901148,11,68,-57
111901149,8,3,5
111901150,16,1,15
112000001,1776,576,1200
112000002,480,1484,-1004
112000003,1531,978,553
112000004,626,433,193
112000005,3358,3350,8
112000006,1586,1001,585
112000007,3408,2167,1241
112000008,2228,3648,-1420
112000009,2200,1858,342
112000010,2642,3170,-528
112000011,1205,1024,181
112000012,3103,4004,-901
112000013,2477,2356,121
112000014,1901,2231,-330
112000015,3077,2719,358
112000016,2968,1691,1277
112000017,1152,2558,-1406
112000024,1714,633,1081
112000026,1944,2335,-391
112000027,670,719,-49
112000028,692,902,-210
112000029,481,613,-132
112000030,117,41,76
112000031,1080,4016,-2936
112000032,175,35,140
112000033,1447,1948,-501
112000034,191,47,144
112000035,56,442,-386
112000036,487,776,-289
112000037,717,627,90
112000038,1090,960,130
112000039,122,45,77
112000040,33,134,-101
112000041,311,298,13
112000042,725,299,426
112000050,1164,1039,125
112000051,987,1256,-269
112000054,1269,1073,196
112000057,438,263,175
112000058,181,362,-181
112000059,381,607,-226
112000061,1847,1283,564
112000062,1010,822,188
112000063,670,2288,-1618
112000064,2045,3446,-1401
112000065,1277,1835,-558
112000066,3143,1473,1670
112000067,456,582,-126
112000068,2900,2598,302
112000069,419,1336,-917
112000070,1895,1010,885
112000071,848,1458,-610
112000072,2407,750,1657
112000073,1169,1423,-254
112000074,1485,913,572
112000075,1531,1081,450
112000076,2668,1853,815
112000077,871,337,534
112000078,1819,504,1315
112000079,1237,997,240
112000080,724,547,177
112000081,1114,1769,-655
112000082,1201,550,651
112000083,555,752,-197
112000084,1222,579,643
112000085,1262,511,751
112000086,1324,741,583
112000087,514,251,263
112000088,863,257,606
112000089,326,223,103
112000090,148,192,-44
112000091,559,606,-47
112000092,1791,594,1197
112000093,1256,625,631
112000094,669,658,11
112000095,610,638,-28
112000096,919,929,-10
112000097,1376,595,781
112000098,719,544,175
112000099,747,1707,-960
112000100,1830,710,1120
112000101,453,513,-60
112000102,1440,483,957
112000103,350,544,-194
112000105,546,934,-388
112000106,2086,380,1706
112000107,137,136,1
112000108,337,912,-575
112000109,266,88,178
112000110,1819,618,1201
112000111,568,1759,-1191
112000112,2305,428,1877
112000113,600,1089,-489
112000114,2008,695,1313
112000115,361,302,59
112000116,616,547,69
112000117,781,631,150
112000118,865,669,196
112000119,404,414,-10
112000120,71,236,-165
112000121,135,264,-129
112000122,276,159,117
112000123,805,145,660
112000124,430,61,369
112000125,227,186,41
112000126,324,242,82
112000127,1359,2038,-679
112000128,443,457,-14
112000129,126,69,57
112000130,247,103,144
112000131,57,178,-121
112000132,165,212,-47
112000133,457,125,332
112000134,341,283,58
112000135,1321,519,802
112000136,978,800,178
112000137,1292,1176,116
112000138,1012,859,153
112000139,677,690,-13
112000140,669,990,-321
112000141,839,370,469
112000142,133,311,-178
112000143,1224,194,1030
112000144,231,666,-435
112000145,2511,488,2023
112000146,529,1248,-719
112000147,2678,1515,1163
112000148,1262,1245,17
112000149,442,410,32
112000150,284,361,-77
112000151,374,215,159
112000152,423,244,179
112000153,143,190,-47
112000154,97,180,-83
112000155,137,100,37
112000157,465,500,-35
112000158,307,248,59
112000159,493,202,291
112000167,290,112,178
112000169,382,397,-15
112000173,724,190,534
112000175,414,223,191
112000176,1245,1378,-133
112000177,753,260,493
112000178,70,216,-146
112000179,261,90,171
112000180,307,524,-217
112000181,1108,1188,-80
112000182,1304,755,549
112000183,31,28,3
112000184,425,216,209
112000185,637,327,310
112000187,3271,2047,1224
112000195,124,12,112
112000196,197,0,197
112000197,114,159,-45
112000198,51,210,-159
112000199,667,619,48
112000202,411,0,411
112000216,46,166,-120
112000230,100,3,97
112000231,2,135,-133
112000256,58,212,-154
112000313,48,78,-30
112000314,74,58,16
112000337,159,447,-288
112000352,185,361,-176
112000392,1139,1065,74
112000398,1461,735,726
112000399,1497,2068,-571
112000400,1172,1422,-250
112000401,2251,1328,923
112000402,3073,3127,-54
112000403,1408,2952,-1544
112000404,1135,768,367
112000405,2107,2478,-371
112000406,2384,1349,1035
112000407,7234,7318,-84
112000408,5301,3512,1789
112000409,1454,2577,-1123
112000410,354,365,-11
112000411,2435,1595,840
112000412,1146,524,622
112000413,4796,5933,-1137
112000414,71,62,9
112000415,115,25,90
112000416,2851,1174,1677
112000417,256,61,195
112000421,63,57,6
112000422,276,170,106
112000424,1304,2580,-1276
112000425,368,478,-110
112000426,330,374,-44
112000427,0,11,-11
112000428,278,198,80
112000429,1737,1566,171
112000430,2475,2283,192
112000431,128,106,22
112000432,444,572,-128
112000433,280,604,-324
112000437,57,126,-69
112900001,80,3,77
112900002,574,568,6
112900003,65,260,-195
112900004,58,172,-114
112900005,285,123,162
112900006,10,193,-183
112900007,54,156,-102
112900008,0,55,-55
112900009,396,136,260
112900010,487,611,-124
112900011,80,142,-62
112900012,2,40,-38
112900013,0,102,-102
112900014,4,153,-149
112900015,261,479,-218
112900016,3,154,-151
112900017,24,102,-78
112900018,0,127,-127
112900019,27,116,-89
112900020,287,757,-470
112900021,1,150,-149
112900022,7,51,-44
112900023,1,68,-67
112900024,24,147,-123
112900025,56,195,-139
112900026,18,106,-88
112900027,10,462,-452
112900028,23,69,-46
112900029,9,361,-352
112900030,53,90,-37
112900031,5,268,-263
112900032,158,189,-31
112900034,0,22,-22
112900035,6,229,-223
112900036,40,100,-60
112900037,165,178,-13
112900038,761,91,670
112900039,14,197,-183
112900040,7,237,-230
112900041,454,1029,-575
112900042,86,211,-125
112900043,55,32,23
112900044,368,328,40
112900045,149,238,-89
112900046,113,63,50
112900047,11,27,-16
112900049,306,73,233
112900050,24,360,-336
112900051,179,404,-225
112900052,6,506,-500
112900053,174,95,79
112900054,118,37,81
112900055,122,45,77
112900056,329,195,134
112900057,30,354,-324
112900058,278,364,-86
112900059,100,130,-30
112900060,51,156,-105
112900061,98,52,46
112900062,62,71,-9
112900063,103,17,86
112900064,86,204,-118
112900065,36,34,2
112900066,171,221,-50
112900067,230,113,117
112900068,42,57,-15
112900069,1021,756,265
112900071,47,4,43
112900072,68,2374,-2306
112900073,397,102,295
112900074,56,293,-237
112900075,685,907,-222
112900076,64,42,22
112900078,309,418,-109
112900079,166,34,132
112900080,83,4,79
112900081,42,211,-169
112900082,550,18,532
112900083,148,157,-9
112900084,211,154,57
112900086,77,0,77
112900087,824,131,693
112900088,150,8,142
112900089,791,34,757
112900090,66,36,30
112900091,259,12,247
112900092,70,407,-337
112900093,1033,35,998
112900095,50,0,50
112900096,507,152,355
112900097,67,156,-89
112900098,72,2,70
112900099,792,16,776
112900100,95,1,94
112900101,435,5,430
112900102,67,15,52
112900103,223,4,219
112900104,118,1,117
112900105,17,0,17
112900106,384,94,290
112900107,7,2,5
112900108,16,2,14
112900109,186,8,178
112900110,1508,23,1485
112900111,648,4,644
112900112,403,4,399
112900113,0,17,-17
112900114,192,18,174
112900115,1484,1,1483
112900116,120,26,94
112900117,53,39,14
112900118,30,90,-60
112900119,205,15,190
112900120,624,230,394
112900121,35,107,-72
112900122,7,64,-57
112900123,98,15,83
112900124,24,51,-27
112900125,27,339,-312
112900126,125,122,3
112900127,368,132,236
112900128,175,512,-337
112900129,1,420,-419
112900130,197,115,82
112900131,22,174,-152
112900132,78,225,-147
112900133,26,591,-565
112900134,0,113,-113
112900135,62,41,21
112900137,1,304,-303
112900138,11,106,-95
112900139,137,753,-616
112900141,678,60,618
112900142,58,206,-148
112900143,19,256,-237
112900144,1,164,-163
112900145,26,288,-262
112900146,5,678,-673
112900147,2,843,-841
112900148,53,2,51
112900149,314,404,-90
112900151,14,56,-42
112900152,2178,517,1661
112900153,1180,2134,-954
112900154,0,69,-69
112900155,205,13,192
112900156,331,595,-264
112900157,476,50,426
112900158,90,11,79
112900159,170,126,44
112900160,64,178,-114
112900161,172,48,124
112900162,49,19,30
112900163,69,54,15
112900164,46,202,-156
112900165,117,16,101
112900166,11,69,-58
112900167,11,101,-90
112900168,2,6,-4
112900169,22,17,5
112900170,271,228,43
112900172,41,19,22
112900173,147,70,77
112900174,230,58,172
112900175,99,138,-39
112900176,53,71,-18
112900177,201,69,132
112900178,675,2262,-1587
112900179,20,262,-242
112900180,1692,834,858
112900181,695,10,685
112900182,47,474,-427
112900183,91,256,-165
112900184,405,398,7
112900185,142,494,-352
112900186,773,859,-86
112900187,84,471,-387
112900188,638,922,-284
112900189,6,5,1
112900190,7,17,-10
112900192,600,650,-50
112900193,1109,342,767
112900194,69,43,26
112900195,870,45,825
112900196,236,231,5
112900197,124,259,-135
112900199,682,326,356
112900200,469,169,300
112900201,192,81,111
112900202,465,499,-34
112900203,264,206,58
112900204,735,537,198
112900205,4,5,-1
112900206,25,89,-64
112900207,12,1,11
112900208,103,309,-206
112900209,367,249,118
112900210,0,14,-14
112900211,90,11,79
112900212,0,75,-75
112900213,62,3,59
112900214,20,18,2
112900215,34,126,-92
112900216,21,41,-20
112900217,0,49,-49
112900218,67,17,50
112900219,126,12,114
112900220,19,0,19
112900221,21,58,-37
112900222,0,26,-26
112900223,974,23,951
112900224,391,250,141
112900225,396,206,190
112900226,158,312,-154
112900227,758,573,185
112900228,70,32,38
112900229,298,30,268
112900230,4482,2948,1534
112900232,226,279,-53
112900233,58,89,-31
112900234,15,38,-23
112900235,72,25,47
112900236,343,8,335
112900237,252,151,101
112900238,13,12,1
112900239,461,385,76
112900240,2,34,-32
112900241,5,48,-43
112900242,10,68,-58
112900243,7,61,-54
112900244,9,32,-23
112900245,0,19,-19
112900246,1,13,-12
112900247,132,30,102
112900248,8,0,8
112900249,15,7,8
112900250,69,17,52
112900251,72,8,64
112900252,87,23,64
112900253,64,8,56
112900254,9,5,4
112900255,5,53,-48
112900256,2,51,-49
112900257,9,41,-32
112900258,38,6,32
113000001,5706,4604,1102
113000002,3008,3005,3
113000003,1703,1394,309
113000004,1218,2062,-844
113000005,1664,990,674
113000006,1015,1184,-169
113000007,2103,952,1151
113000008,1524,1425,99
113000009,1097,569,528
113000010,1006,952,54
113000011,550,892,-342
113000012,1629,523,1106
113000013,856,548,308
113000014,1006,1118,-112
113000015,215,124,91
113000016,219,557,-338
113000017,47,249,-202
113000018,372,29,343
113000019,186,266,-80
113000020,555,77,478
113000021,1080,480,600
113000022,659,785,-126
113000025,108,257,-149
113000026,461,340,121
113000027,568,511,57
113000028,473,536,-63
113000029,748,598,150
113000030,207,448,-241
113000031,173,280,-107
113000032,149,276,-127
113000033,186,415,-229
113000034,220,256,-36
113000035,27,19,8
113000036,10,38,-28
113000037,56,23,33
113000038,12,40,-28
113000039,51,291,-240
113000040,47,77,-30
113000042,597,511,86
113000051,728,1973,-1245
113000052,1627,599,1028
113000053,430,255,175
113000054,388,517,-129
113000055,1122,346,776
113000056,1006,694,312
113000058,513,686,-173
113000059,875,445,430
113000060,294,420,-126
113000061,458,716,-258
113000062,580,299,281
113000063,258,77,181
113000064,58,165,-107
113000065,181,413,-232
113000066,694,74,620
113000067,2137,781,1356
113000068,332,689,-357
113000069,540,643,-103
113000070,2308,725,1583
113000071,424,406,18
113000072,892,379,513
113000073,224,1014,-790
113000074,839,335,504
113000075,1502,804,698
113000076,479,1799,-1320
113000077,850,683,167
113000078,530,1824,-1294
113000079,418,816,-398
113000080,558,625,-67
113000081,607,630,-23
113000082,918,581,337
113000083,538,810,-272
113000084,1116,872,244
113000085,698,743,-45
113000086,1054,995,59
113000087,935,856,79
113000088,1662,960,702
113000089,827,1470,-643
113000090,198,650,-452
113000091,342,381,-39
113000094,1076,181,895
113000095,216,531,-315
113000096,104,500,-396
113000097,935,299,636
113000098,76,31,45
113000099,843,357,486
113000100,74,283,-209
113000101,274,412,-138
113000102,584,495,89
113000103,1408,262,1146
113000104,431,1836,-1405
113000105,782,334,448
113000106,308,255,53
113000107,761,601,160
113000108,528,645,-117
113000109,561,1325,-764
113000110,1586,353,1233
113000111,210,470,-260
113000112,338,299,39
113000113,850,297,553
113000114,326,1248,-922
113000116,461,242,219
113000117,641,97,544
113000118,65,338,-273
113000119,354,294,60
113000120,64,271,-207
113000121,373,610,-237
113000124,265,119,146
113000125,51,673,-622
113000127,1659,205,1454
113000128,394,281,113
113000129,406,544,-138
113000133,1354,1031,323
113000134,1,1112,-1111
113000135,3462,4039,-577
113000137,1249,3187,-1938
113000139,242,193,49
113000140,82,154,-72
113000141,117,140,-23
113000142,243,678,-435
113000143,186,158,28
113000144,215,410,-195
113000145,63,109,-46
113000146,130,37,93
113000147,154,69,85
113000148,205,83,122
113000149,136,94,42
113000150,461,269,192
113000151,47,34,13
113000152,31,83,-52
113000153,787,367,420
113000154,555,1237,-682
113000155,258,587,-329
113000156,98,285,-187
113000157,213,555,-342
113000158,592,235,357
113000159,715,471,244
113000160,528,613,-85
113000161,227,189,38
113000162,718,221,497
113000163,113,58,55
113000164,32,48,-16
113000166,180,81,99
113000167,43,75,-32
113000168,60,80,-20
113000169,238,49,189
113000170,81,96,-15
113000171,35,77,-42
113000172,269,46,223
113000173,85,21,64
113000174,97,316,-219
113000175,349,105,244
113000176,440,138,302
113000177,147,351,-204
113000178,139,197,-58
113000179,298,140,158
113000180,498,783,-285
113000181,1101,613,488
113000182,79,381,-302
113000183,82,349,-267
113000184,16,78,-62
113000189,340,510,-170
113000190,418,399,19
113000192,648,2648,-2000
113000193,1789,2178,-389
113000194,840,952,-112
113000195,1195,1147,48
113000196,215,95,120
113000197,1087,1077,10
113000198,72,157,-85
113000199,1144,230,914
113000201,235,328,-93
113000202,3219,612,2607
113000203,130,139,-9
113000204,676,2318,-1642
113000205,7,20,-13
113000206,5,12,-7
113000207,123,11,112
113000208,40,39,1
113000209,18,15,3
113000210,8,20,-12
113000211,138,266,-128
113000212,80,22,58
113000213,10,103,-93
113000214,155,248,-93
113000234,106,546,-440
113000410,92,198,-106
113000411,1506,2948,-1442
113000412,3703,1851,1852
113000413,1252,2550,-1298
113000414,3184,10187,-7003
113000415,1549,1815,-266
113000416,4209,2598,1611
113000417,1958,2108,-150
113000418,3894,2910,984
113000419,1460,1812,-352
113000420,3385,5290,-1905
113000421,3518,5686,-2168
113000422,7594,8290,-696
113000423,1405,4451,-3046
113000424,1789,8448,-6659
113000425,1,79,-78
113000428,40,6,34
113000430,2,26,-24
113000432,2078,154,1924
113000433,70,464,-394
113000434,61,83,-22
113000435,33,222,-189
113000436,10,511,-501
113000437,1153,15,1138
113000438,311,4,307
113000439,18,57,-39
113000440,164,25,139
113000441,242,139,103
113000442,161,124,37
113000443,278,124,154
113000444,216,105,111
113000445,118,77,41
113000446,25,82,-57
113000448,158,160,-2
113000449,152,700,-548
113000450,360,1598,-1238
113000451,1251,202,1049
113000452,159,421,-262
113000453,62,402,-340
113000454,338,93,245
113000455,15,330,-315
113000456,2201,2089,112
113000468,819,90,729
113000469,49,94,-45
113000470,320,25,295
113000471,17,345,-328
113000472,93,192,-99
113000474,821,518,303
113000475,1084,1124,-40
113000476,1326,1490,-164
113000477,3158,1487,1671
113000478,2771,3432,-661
113000479,62,126,-64
113000484,0,0,0
113000485,0,0,0
113000486,0,0,0
113000487,0,4,-4
113000488,0,0,0
113000489,0,0,0
113000490,0,0,0
113000491,1,0,1
113000492,1,0,1
113000493,0,0,0
113000495,125,123,2
113000496,138,74,64
113900001,2,279,-277
113900002,1,47,-46
113900003,0,60,-60
113900004,3,67,-64
113900005,4,59,-55
113900006,1,31,-30
113900007,10,1,9
113900008,13,1,12
113900009,38,4,34
113900010,37,1,36
113900011,92,0,92
113900012,45,2,43
113900013,84,2,82
113900014,527,2,525
113900015,0,29,-29
113900016,19,0,19
113900017,3,36,-33
113900018,313,246,67
113900019,227,34,193
113900020,177,1,176
113900022,42,1,41
113900023,23,0,23
113900024,93,26,67
113900025,208,17,191
113900026,64,0,64
113900027,5,30,-25
113900028,20,358,-338
113900029,93,84,9
113900030,281,4,277
113900031,22,1,21
113900032,51,0,51
113900033,107,53,54
113900035,72,0,72
113900036,10,60,-50
113900037,149,268,-119
113900038,44,117,-73
113900039,127,13,114
113900040,15,13,2
113900041,7,6,1
113900042,58,23,35
113900043,99,84,15
113900044,196,322,-126
113900045,62,2,60
113900046,156,396,-240
113900047,34,102,-68
113900048,98,103,-5
113900049,303,296,7
113900050,205,234,-29
113900051,231,223,8
113900052,105,110,-5
113900053,504,560,-56
113900054,22,1,21
113900055,85,268,-183
113900056,41,125,-84
113900057,13,29,-16
113900058,65,87,-22
113900059,288,234,54
113900060,91,145,-54
113900061,435,266,169
113900062,96,10,86
113900063,74,84,-10
113900064,20,60,-40
113900065,373,10,363
113900066,377,177,200
113900067,164,150,14
113900068,378,500,-122
113900069,28,23,5
113900070,115,271,-156
113900071,39,55,-16
113900072,43,136,-93
113900073,302,236,66
113900074,108,229,-121
113900075,982,1254,-272
113900076,145,7,138
113900077,51,120,-69
113900078,24,76,-52
113900079,4,15,-11
113900080,418,166,252
113900081,61,153,-92
113900082,120,143,-23
113900083,366,200,166
113900084,213,107,106
113900085,32,175,-143
113900086,37,7,30
113900087,72,81,-9
113900088,92,66,26
113900089,280,36,244
113900090,516,272,244
113900091,24,20,4
113900092,28,72,-44
113900093,52,737,-685
113900094,454,177,277
113900095,125,132,-7
113900096,230,50,180
113900097,13,57,-44
113900098,662,103,559
113900099,1,40,-39
113900100,0,1,-1
113900101,30,69,-39
113900102,95,190,-95
113900103,336,201,135
113900104,95,216,-121
113900105,129,104,25
113900106,3,40,-37
113900107,2,13,-11
113900108,181,222,-41
113900109,286,249,37
113900110,59,23,36
113900111,175,91,84
113900112,140,37,103
113900113,743,348,395
113900114,1,30,-29
113900115,0,46,-46
113900116,88,129,-41
113900117,67,39,28
113900118,220,393,-173
113900119,122,402,-280
113900120,70,52,18
113900121,64,71,-7
113900122,264,2002,-1738
113900123,420,124,296
113900124,1,36,-35
113900125,476,107,369
113900126,111,44,67
113900127,331,672,-341
113900128,99,70,29
113900129,18,148,-130
113900130,8,58,-50
113900131,207,74,133
113900132,56,60,-4
113900133,9,74,-65
113900135,297,258,39
113900136,105,61,44
113900137,275,243,32
113900138,47,150,-103
113900139,179,210,-31
113900140,110,221,-111
113900141,506,170,336
113900142,162,39,123
113900143,21,38,-17
113900144,130,195,-65
113900145,357,82,275
113900146,142,43,99
113900148,85,299,-214
113900149,128,78,50
113900150,202,282,-80
113900151,420,130,290
113900152,44,32,12
113900153,152,473,-321
113900154,1,83,-82
113900155,165,176,-11
113900156,161,248,-87
113900157,47,264,-217
113900158,176,337,-161
113900159,18,221,-203
113900160,269,290,-21
113900161,52,225,-173
113900162,187,571,-384
113900163,159,210,-51
113900164,275,46,229
113900165,361,284,77
113900166,58,112,-54
113900167,311,36,275
113900168,55,70,-15
113900169,147,205,-58
113900171,192,39,153
113900172,4,106,-102
113900173,11,257,-246
113900174,379,365,14
113900175,257,119,138
113900176,252,248,4
113900177,265,141,124
113900178,317,109,208
113900179,15,223,-208
113900180,114,61,53
113900181,576,114,462
113900182,582,596,-14
113900183,56,41,15
113900184,6,202,-196
113900185,146,38,108
113900186,34,29,5
113900187,25,74,-49
113900188,52,93,-41
113900189,262,109,153
113900190,212,87,125
113900191,112,125,-13
113900192,6,427,-421
113900193,12,91,-79
113900194,964,643,321
113900195,246,267,-21
113900196,10,102,-92
113900197,0,84,-84
113900198,29,222,-193
113900199,50,457,-407
113900200,26,174,-148
113900201,0,62,-62
113900202,45,206,-161
113900203,0,40,-40
113900204,26,322,-296
113900205,1,117,-116
113900206,5,124,-119
113900207,1,48,-47
113900208,2,38,-36
113900209,1,67,-66
113900210,382,496,-114
113900211,154,53,101
113900212,168,264,-96
113900214,177,272,-95
113900215,126,88,38
113900216,126,432,-306
113900217,98,126,-28
113900218,124,87,37
113900219,121,227,-106
113900220,150,110,40
113900221,299,216,83
113900222,135,484,-349
113900223,177,439,-262
113900224,52,56,-4
113900225,339,159,180
113900226,296,73,223
113900227,314,216,98
113900228,200,342,-142
113900229,48,620,-572
113900230,2389,3024,-635
113900231,147,105,42
113900232,163,71,92
113900233,71,49,22
113900234,329,349,-20
113900235,105,24,81
113900236,233,206,27
113900237,154,10,144
113900238,210,507,-297
113900239,35,92,-57
113900240,1,225,-224
113900241,108,39,69
113900242,31,127,-96
113900243,71,252,-181
113900244,145,166,-21
113900245,751,229,522
113900246,9,13,-4
113900247,118,496,-378
113900248,1539,1434,105
113900249,563,482,81
113900250,29,129,-100
113900251,751,83,668
113900252,508,10,498
113900253,492,45,447
113900254,693,131,562
113900255,492,14,478
113900256,320,27,293
113900257,24,340,-316
113900258,18,186,-168
113900259,576,82,494
113900260,169,1,168
113900261,30,50,-20
113900262,108,327,-219
113900263,94,448,-354
113900264,1,271,-270
113900265,118,317,-199
113900266,35,112,-77
113900267,83,340,-257
113900268,256,267,-11
113900269,65,89,-24
113900270,190,426,-236
113900271,529,509,20
113900273,23,6,17
113900274,60,33,27
113900275,17,71,-54
113900276,1,63,-62
113900277,136,6,130
113900278,188,154,34
113900279,45,60,-15
113900280,1346,473,873
113900281,428,1052,-624
113900282,512,487,25
113900283,419,481,-62
113900284,638,106,532
113900285,116,28,88
113900286,20,51,-31
113900287,94,51,43
113900288,1,96,-95
113900289,440,93,347
113900290,152,282,-130
113900291,60,136,-76
113900292,3,1,2
113900293,14,148,-134
113900294,479,15,464
113900295,302,248,54
113900296,1159,350,809
113900297,2307,36,2271
113900298,20,1139,-1119
113900299,137,71,66
113900300,2923,2921,2
113900301,718,280,438
113900302,1563,814,749
113900303,260,463,-203
113900304,1,60,-59
113900305,114,2,112
113900306,67,2,65
113900307,18,0,18
113900308,49,77,-28
113900309,1,317,-316
113900310,0,9,-9
113900311,15,1,14
113900312,223,231,-8
113900313,4,4,0
113900314,0,4,-4
113900315,35,1,34
114000001,786,1646,-860
114000002,260,209,51
114000003,209,535,-326
114000004,328,296,32
114000005,256,153,103
114000006,1452,1138,314
114000007,505,718,-213
114000008,1025,1547,-522
114000009,787,195,592
114000011,2462,1676,786
114000012,2503,1134,1369
114000013,1596,968,628
114000014,508,237,271
114000015,1825,203,1622
114000016,194,115,79
114000017,89,329,-240
114000018,117,27,90
114000026,1870,722,1148
114000027,3432,1467,1965
114000028,1964,2283,-319
114000038,222,105,117
114000039,165,107,58
114000040,103,183,-80
114000042,144,74,70
114000043,307,203,104
114000044,330,125,205
114000045,41,44,-3
114000046,2122,2802,-680
114000047,2,43,-41
114000048,107,79,28
114000049,1208,1018,190
114000050,1353,1278,75
114000051,2274,1378,896
114000052,3275,1401,1874
114000053,127,451,-324
114000054,147,561,-414
114000055,173,17,156
114000056,411,906,-495
114000057,3246,1569,1677
114000058,179,1279,-1100
114000059,85,284,-199
114000060,412,719,-307
114000061,1713,2775,-1062
114000062,855,1292,-437
114000063,1352,1155,197
114000064,2565,3014,-449
114000065,1209,1602,-393
114000066,391,403,-12
114000067,31,687,-656
114000068,420,624,-204
114000069,830,463,367
114000070,1770,1594,176
114000071,597,304,293
114000072,506,197,309
114000073,24,44,-20
114000074,55,14,41
114000075,28,45,-17
114000076,13,36,-23
114000077,7,18,-11
114000078,553,305,248
114000079,215,25,190
114000080,44,66,-22
114000081,73,49,24
114000082,25,251,-226
114000083,51,107,-56
114000084,302,67,235
114000085,83,368,-285
114000086,200,181,19
114000087,176,93,83
114000088,32,26,6
114000089,344,232,112
114000090,714,690,24
114000091,955,580,375
114000092,661,327,334
114000093,1046,535,511
114000094,304,261,43
114000095,206,166,40
114000096,71,225,-154
114000097,108,270,-162
114000098,559,74,485
114000099,655,302,353
114000100,1384,300,1084
114000101,443,306,137
114000102,631,287,344
114000103,108,174,-66
114000104,60,141,-81
114000105,179,52,127
114000106,561,1115,-554
114000107,478,84,394
114000108,1248,926,322
114000109,723,1682,-959
114000110,455,819,-364
114000111,1702,796,906
114000112,510,1467,-957
114000113,1619,467,1152
114000114,945,889,56
114000115,2240,1030,1210
114000116,736,1975,-1239
114000117,3016,502,2514
114000118,2558,388,2170
114000119,1814,441,1373
114000120,561,498,63
114000121,400,637,-237
114000122,334,241,93
114000123,1793,345,1448
114000124,909,203,706
114000125,774,712,62
114000126,1767,200,1567
114000127,299,87,212
114000128,817,228,589
114000130,411,329,82
114000131,293,87,206
114000132,534,315,219
114000133,599,812,-213
114000134,78,47,31
114000138,54,112,-58
114000139,411,297,114
114000144,743,582,161
114000145,59,56,3
114000146,96,142,-46
114000147,1247,2066,-819
114000148,1373,1629,-256
114000149,287,249,38
114000150,890,1151,-261
114000151,1002,2303,-1301
114000152,64,35,29
114000153,669,1616,-947
114000154,639,561,78
114000155,1145,2006,-861
114000156,793,462,331
114000157,232,811,-579
114000158,942,592,350
114000159,140,283,-143
114000160,80,277,-197
114000161,889,2494,-1605
114000162,864,2279,-1415
114000163,21,43,-22
114000165,660,358,302
114000166,597,334,263
114000167,2020,1209,811
114000168,507,477,30
114000169,1079,1199,-120
114000170,1040,1115,-75
114000171,1126,4086,-2960
114000174,164,333,-169
114000176,382,399,-17
114000177,1148,563,585
114000178,40,58,-18
114000179,1026,714,312
114000180,327,474,-147
114000181,1460,3184,-1724
114000182,1337,1778,-441
114000183,602,680,-78
114000184,1655,611,1044
114000185,1040,652,388
114000189,962,135,827
114000190,2814,411,2403
114000191,60,106,-46
114000192,133,775,-642
114000193,371,1254,-883
114000194,1476,689,787
114000195,262,34,228
114000196,1,84,-83
114000197,1396,37,1359
114000198,594,238,356
114000199,1469,1765,-296
114000200,420,1012,-592
114000201,118,443,-325
114000202,822,335,487
114000203,676,416,260
114000204,141,309,-168
114000205,158,768,-610
114000206,456,922,-466
114000207,370,834,-464
114000208,461,1273,-812
114000209,390,1217,-827
114000210,173,689,-516
114000211,985,1067,-82
114000212,675,701,-26
114000213,1110,426,684
114000214,90,114,-24
114000215,183,41,142
114000216,1314,284,1030
114000217,358,182,176
114000218,137,112,25
114000219,1114,132,982
114000220,12,420,-408
114000221,756,119,637
114000222,110,544,-434
114000223,483,114,369
114000224,55,372,-317
114000225,272,387,-115
114000226,144,171,-27
114000227,801,436,365
114000228,665,463,202
114000229,1081,821,260
114000230,1470,769,701
114000231,937,1009,-72
114000232,670,138,532
114000233,1828,99,1729
114000234,933,636,297
114000235,1038,982,56
114000236,0,295,-295
114000237,88,528,-440
114000238,115,198,-83
114000239,158,642,-484
114000240,611,1308,-697
114000241,205,533,-328
114000242,527,555,-28
114000243,1416,769,647
114000244,630,282,348
114000245,330,739,-409
114000246,102,60,42
114000247,796,440,356
114000248,1281,447,834
114000249,425,408,17
114000250,574,450,124
114000251,376,183,193
114000252,58,43,15
114000253,32,64,-32
114000254,59,30,29
114000255,422,160,262
114000256,579,1778,-1199
114000257,498,756,-258
114000258,374,215,159
114000259,136,174,-38
114000260,0,24,-24
114000261,63,28,35
114000262,264,118,146
114000263,4,1,3
114000264,1197,310,887
114000265,7,0,7
114000267,4,1340,-1336
114000268,0,710,-710
114000270,167,9,158
114000271,301,33,268
114000283,1240,306,934
114000285,11,126,-115
114000288,73,182,-109
114000289,1270,164,1106
114000293,209,377,-168
114000294,161,223,-62
114000395,1223,27,1196
114000396,638,554,84
114000402,531,253,278
114000403,254,192,62
114000405,197,255,-58
114000423,395,200,195
114000424,463,64,399
114000425,890,200,690
114000426,267,749,-482
114000427,42,65,-23
114000428,154,192,-38
114000429,7,98,-91
114000432,102,66,36
114000434,25,49,-24
114000435,2,103,-101
114900001,591,429,162
114900002,502,106,396
114900003,582,603,-21
114900004,240,296,-56
114900005,528,408,120
114900006,68,47,21
114900007,241,39,202
114900008,168,109,59
114900010,1005,1314,-309
114900011,190,132,58
114900013,226,132,94
114900018,1231,42,1189
114900020,184,65,119
114900022,10,629,-619
114900025,476,107,369
114900026,77,105,-28
114900029,142,23,119
114900030,290,143,147
114900031,395,33,362
114900032,384,30,354
114900034,21,110,-89
114900035,96,187,-91
114900036,121,334,-213
114900039,421,207,214
114900040,63,56,7
114900041,736,176,560
114900042,865,303,562
114900044,146,36,110
114900047,192,1906,-1714
114900048,155,209,-54
114900049,14,141,-127
114900050,60,188,-128
114900051,27,232,-205
114900052,57,222,-165
114900053,153,223,-70
114900054,51,66,-15
114900057,203,20,183
114900058,1,85,-84
114900059,105,51,54
114900063,95,81,14
114900064,1582,199,1383
114900065,503,480,23
114900067,49,299,-250
114900068,67,127,-60
114900069,151,87,64
114900070,461,236,225
114900072,4,257,-253
114900073,1,109,-108
114900074,652,344,308
114900075,278,7,271
114900076,4,218,-214
114900080,970,220,750
114900082,2078,2296,-218
114900083,650,771,-121
114900090,344,146,198
114900091,92,158,-66
114900097,154,1,153
114900098,6,109,-103
114900099,180,7,173
115000001,3306,1949,1357
115000002,3344,4143,-799
115000003,3631,1675,1956
115000004,3831,5188,-1357
115000005,1375,1474,-99
115000006,1105,1213,-108
115000007,194,189,5
115000008,386,506,-120
115000009,187,203,-16
115000010,241,171,70
115000013,50,206,-156
115000015,63,342,-279
115000016,40,174,-134
115000019,43,367,-324
115000020,91,763,-672
115000021,194,357,-163
115000022,435,391,44
115000023,356,530,-174
115000024,793,354,439
115000025,764,635,129
115000026,123,291,-168
115000027,248,284,-36
115000028,175,601,-426
115000029,565,60,505
115000030,649,906,-257
115000031,1197,224,973
115000032,9,215,-206
115000033,208,31,177
115000034,45,923,-878
115000035,968,66,902
115000036,1,284,-283
115000037,533,17,516
115000038,42,139,-97
115000039,2455,3099,-644
115000040,3376,2150,1226
115000041,1282,3168,-1886
115000042,537,493,44
115000043,3939,2234,1705
115000044,3540,2505,1035
115000045,2087,956,1131
115000046,2404,1896,508
115000047,2100,1076,1024
115000048,1479,1351,128
115000049,1339,2080,-741
115000050,2782,1317,1465
115000051,1320,2713,-1393
115000052,1320,1261,59
115000053,1602,1575,27
115000054,469,744,-275
115000055,205,684,-479
115000056,166,436,-270
115000057,643,843,-200
115000058,577,295,282
115000059,136,116,20
115000061,135,137,-2
115000062,215,192,23
115000063,390,237,153
115000064,248,53,195
115000065,41,519,-478
115000067,169,24,145
115000069,100,246,-146
115000070,25,690,-665
115000071,75,13,62
115000072,14,42,-28
115000073,1112,53,1059
115000075,103,68,35
115000076,2081,1748,333
115000077,1660,1213,447
115000078,1172,762,410
115000079,1003,1038,-35
115000080,1941,1253,688
115000081,372,530,-158
115000082,3609,3052,557
115000083,1587,1069,518
115000084,2252,843,1409
115000085,761,542,219
115000086,1051,514,537
115000087,412,1011,-599
115000088,1399,537,862
115000089,1083,890,193
115000090,383,754,-371
115000091,174,606,-432
115000092,721,371,350
115000093,463,7,456
115000094,4514,5188,-674
115000095,3069,5139,-2070
115000096,822,833,-11
115000097,1138,789,349
115000098,966,444,522
115000099,2297,1733,564
115000100,995,274,721
115000101,416,1015,-599
115000102,412,173,239
115000103,220,454,-234
115000105,89,96,-7
115000106,607,240,367
115000107,145,262,-117
115000108,1887,1607,280
115000109,2830,4051,-1221
115000110,1047,1379,-332
115000111,498,1031,-533
115000112,612,606,6
115000113,491,562,-71
115000114,1481,472,1009
115000116,2935,1905,1030
115000117,2395,2152,243
115000118,1674,1458,216
115000119,1369,1596,-227
115000120,492,1245,-753
115000121,928,673,255
115000122,1384,1290,94
115000123,767,1806,-1039
115000124,518,855,-337
115000125,264,426,-162
115000126,111,268,-157
115000127,271,95,176
115000128,325,625,-300
115000129,244,357,-113
115000130,352,387,-35
115000131,860,205,655
115000132,287,206,81
115000133,550,168,382
115000134,348,159,189
115000135,319,113,206
115000136,259,224,35
115000137,96,104,-8
115000138,373,247,126
115000139,218,163,55
115000140,376,225,151
115000141,167,112,55
115000142,178,134,44
115000143,771,524,247
115000144,449,54,395
115000145,237,183,54
115000146,469,316,153
115000147,297,317,-20
115000148,179,493,-314
115000149,520,207,313
115000150,519,437,82
115000151,968,377,591
115000152,505,413,92
115000153,951,360,591
115000154,826,220,606
115000155,543,538,5
115000156,852,603,249
115000157,490,580,-90
115000158,319,409,-90
115000159,513,504,9
115000160,413,299,114
115000161,105,408,-303
115000162,516,676,-160
115000163,427,588,-161
115000164,695,542,153
115000165,274,448,-174
115000167,179,62,117
115000168,349,246,103
115000169,352,342,10
115000170,78,141,-63
115000171,245,269,-24
115000172,607,541,66
115000173,250,588,-338
115000174,65,275,-210
115000175,137,43,94
115000176,76,40,36
115000177,46,64,-18
115000178,5,114,-109
115000179,10,13,-3
115000180,72,318,-246
115000181,516,135,381
115000182,877,199,678
115000183,401,453,-52
115000186,574,185,389
115000187,175,503,-328
115000188,342,356,-14
115000189,164,366,-202
115000190,560,353,207
115000191,98,416,-318
115000194,82,103,-21
115000195,248,226,22
115000196,203,87,116
115000197,227,149,78
115000198,314,105,209
115000199,376,100,276
115000200,375,93,282
115000201,147,210,-63
115000206,429,44,385
115000207,160,219,-59
115000208,240,409,-169
115000209,661,269,392
115000210,119,88,31
115000211,181,181,0
115000212,888,296,592
115000224,316,65,251
115000225,48,68,-20
115000229,133,68,65
115000230,81,226,-145
115000231,220,794,-574
115000232,1661,246,1415
115000233,103,121,-18
115000234,19,228,-209
115000241,106,153,-47
115000242,105,140,-35
115000243,35,159,-124
115000244,20,86,-66
115000246,41,21,20
115000247,27,16,11
115000248,39,17,22
115000249,15,11,4
115000250,243,25,218
115000251,237,68,169
115000252,94,163,-69
115000253,16,320,-304
115000258,286,71,215
115000259,298,107,191
115000261,26,14,12
115000262,25,30,-5
115000263,24,30,-6
115000264,59,27,32
115000267,77,51,26
115000268,39,78,-39
115000269,100,74,26
115000270,9,15,-6
115000272,45,93,-48
115000273,371,23,348
115000280,2465,191,2274
115000281,291,864,-573
115000282,417,484,-67
115000284,233,120,113
115000296,886,9,877
115000297,140,152,-12
115000298,65,436,-371
115000300,192,107,85
115000302,598,58,540
115000303,667,68,599
115000304,733,49,684
115000305,98,311,-213
115000306,130,129,1
115000307,80,96,-16
115000308,25,11,14
115000309,1,47,-46
115000310,1056,438,618
115000311,1009,852,157
115000313,79,314,-235
115000314,463,136,327
115000315,625,609,16
115000316,93,113,-20
115000317,123,304,-181
115000318,620,261,359
115000319,55,206,-151
115000320,11,298,-287
115000321,185,7,178
115000322,73,160,-87
115000449,130,133,-3
115000557,0,1288,-1288
115000558,403,77,326
115000587,585,254,331
115000588,1766,1909,-143
115000589,3203,1826,1377
115000590,969,1221,-252
115000591,1338,651,687
115000592,377,1372,-995
115000593,1065,537,528
115000594,505,2374,-1869
115000609,175,167,8
115000617,757,2820,-2063
115000624,280,54,226
115000633,325,1358,-1033
115000634,2323,702,1621
115000635,598,112,486
115000638,338,395,-57
115000641,40,167,-127
115000642,267,157,110
115000643,80,285,-205
115000644,136,240,-104
115000646,831,1311,-480
115000647,182,371,-189
115000648,1840,1137,703
115000893,1864,1339,525
115000894,141,728,-587
115000895,298,781,-483
115000896,1074,451,623
115000897,440,125,315
115000898,382,150,232
115000899,292,942,-650
115000900,62,329,-267
115000901,46,107,-61
115000912,359,72,287
115000913,2,13,-11
115000915,17,1,16
115000916,39,34,5
115000917,0,12,-12
115000918,39,342,-303
115000919,2,6,-4
115000920,21,48,-27
115000921,312,73,239
115000922,672,778,-106
115000923,249,1286,-1037
115000925,127,66,61
115000927,54,44,10
115000933,178,300,-122
115000934,164,150,14
115000935,113,64,49
115000936,18,682,-664
115000937,589,169,420
115000938,104,274,-170
115000939,160,203,-43
115000940,11,8,3
115000941,13,39,-26
115000942,15,136,-121
115000943,12,30,-18
115000944,4,7,-3
115900001,122,29,93
115900002,85,68,17
115900003,214,50,164
115900004,5,28,-23
115900005,215,10,205
115900006,142,158,-16
115900008,68,11,57
115900009,77,151,-74
115900010,335,99,236
115900011,329,133,196
115900012,200,32,168
115900013,255,90,165
115900014,100,101,-1
115900015,161,45,116
115900016,94,22,72
115900017,23,12,11
115900018,141,35,106
115900019,57,4,53
115900020,119,5,114
115900021,711,247,464
115900022,743,7,736
115900023,14,8,6
115900025,29,198,-169
115900026,460,99,361
115900027,1,156,-155
115900028,433,48,385
115900029,16,180,-164
115900030,34,32,2
115900031,217,287,-70
115900032,451,442,9
115900033,0,29,-29
115900034,25,199,-174
115900035,40,22,18
115900036,52,922,-870
115900037,24,207,-183
115900038,57,8,49
115900039,130,102,28
115900041,347,619,-272
115900042,50,6,44
115900043,57,50,7
115900044,128,202,-74
115900046,267,156,111
115900047,152,199,-47
115900049,131,150,-19
115900051,1,30,-29
115900052,10,107,-97
115900053,243,115,128
115900054,275,19,256
115900055,20,74,-54
115900056,136,105,31
115900057,16,10,6
115900058,20,39,-19
115900060,46,54,-8
115900061,273,7,266
115900062,31,143,-112
115900063,71,3,68
115900064,181,205,-24
115900065,127,34,93
115900066,113,72,41
115900067,5,286,-281
115900068,1778,992,786
115900069,49,132,-83
115900070,161,91,70
115900071,1,196,-195
115900072,32,117,-85
115900073,88,77,11
115900074,0,171,-171
115900075,21,119,-98
115900076,4,42,-38
115900077,7,123,-116
115900078,45,66,-21
115900079,219,16,203
115900080,299,138,161
115900081,12,42,-30
115900082,79,98,-19
115900084,561,10,551
115900085,25,56,-31
115900086,867,399,468
115900088,4,48,-44
115900089,373,431,-58
115900090,532,9,523
115900091,4,11,-7
115900092,50,62,-12
115900093,9,15,-6
115900094,3,140,-137
115900096,3,8,-5
115900097,8,184,-176
115900098,240,194,46
115900099,65,28,37
115900100,8,251,-243
115900101,128,144,-16
115900102,82,38,44
115900103,229,100,129
115900104,73,66,7
115900105,350,257,93
115900106,87,34,53
115900107,71,60,11
115900108,172,31,141
115900109,42,231,-189
115900110,5,10,-5
115900111,0,62,-62
115900112,32,378,-346
115900113,62,16,46
115900114,2,103,-101
115900115,62,121,-59
115900116,73,428,-355
115900117,84,22,62
115900118,6,162,-156
115900119,101,78,23
115900120,13,143,-130
115900121,204,151,53
115900124,322,624,-302
115900125,360,50,310
115900126,702,63,639
115900127,658,36,622
115900128,12,31,-19
115900129,580,66,514
115900130,22,192,-170
115900131,205,22,183
115900132,599,7,592
115900134,287,22,265
115900135,282,918,-636
115900137,44,2,42
115900139,31,69,-38
115900140,268,34,234
115900141,11,36,-25
115900142,4,27,-23
115900143,202,240,-38
115900144,146,130,16
115900146,9,54,-45
115900147,214,249,-35
115900148,86,4,82
115900149,113,12,101
115900150,91,18,73
115900151,17,76,-59
115900152,131,195,-64
115900153,119,109,10
115900154,332,281,51
115900155,0,21,-21
115900156,608,659,-51
115900157,226,402,-176
115900158,14,3,11
115900159,128,151,-23
115900160,4,7,-3
115900161,36,70,-34
115900163,181,73,108
115900164,638,37,601
115900166,177,104,73
115900168,112,105,7
115900171,74,304,-230
115900172,49,89,-40
115900173,225,94,131
115900174,168,194,-26
115900175,116,139,-23
115900178,8,292,-284
115900179,327,7,320
115900180,18,115,-97
115900181,252,118,134
115900182,368,102,266
115900183,48,69,-21
115900184,798,9,789
115900187,8,100,-92
115900189,1,211,-210
115900190,110,1032,-922
115900191,23,172,-149
115900192,7,91,-84
115900193,77,86,-9
115900194,583,74,509
115900195,347,1825,-1478
115900198,170,238,-68
115900199,212,129,83
115900200,193,234,-41
115900201,396,308,88
115900202,0,76,-76
115900203,4,14,-10
115900204,0,7,-7
115900205,86,15,71
115900206,201,110,91
115900207,64,13,51
115900208,64,81,-17
115900209,4,118,-114
115900210,1,90,-89
115900211,0,99,-99
115900212,179,151,28
115900213,47,104,-57
115900214,501,138,363
115900215,28,156,-128
115900216,0,98,-98
115900217,2,33,-31
115900218,1,21,-20
115900219,162,3,159
115900220,191,6,185
115900221,99,6,93
115900222,58,28,30
115900223,7,445,-438
115900224,525,1133,-608
115900225,60,30,30
115900226,17,32,-15
115900227,8,44,-36
115900228,8,20,-12
115900229,25,36,-11
115900230,51,93,-42
115900231,108,6,102
115900232,43,2,41
115900233,78,15,63
115900234,59,21,38
115900235,35,21,14
115900236,40,24,16
115900237,32,17,15
115900238,43,10,33
115900239,21,32,-11
115900240,16,30,-14
115900241,169,49,120
115900242,218,370,-152
115900243,3,6,-3
115900244,12,9,3
115900245,62,7,55
115900246,22,19,3
115900247,27,15,12
115900248,14,3,11
115900249,10,7,3
115900250,19,18,1
115900251,1,7,-6
115900252,7,6,1
115900253,5,14,-9
115900254,4,24,-20
115900255,1,14,-13
115900256,4,21,-17
115900257,15,11,4
115900258,0,0,0
115900259,3,1,2
115900260,2,1,1
115900261,1,0,1
115900262,1,2,-1
115900263,18,1,17
115900264,13,0,13
115900265,9,8,1
115900266,2,22,-20
115900267,12,31,-19
115900268,4,6,-2
115900269,489,201,288
115900270,384,154,230
115900271,158,1,157
115900272,33,4,29
115900273,10,35,-25
115900274,1,4,-3
115900275,1,9,-8
115900276,1,13,-12
115900277,0,45,-45
115900278,29,69,-40
115900279,13,169,-156
115900280,17,433,-416
115900281,203,319,-116
115900282,6,15,-9
115900283,18,9,9
115900284,29,3,26
116000001,5106,2741,2365
116000002,3968,10648,-6680
116000003,1033,1073,-40
116000004,2444,3421,-977
116000005,1453,2234,-781
116000006,2224,2433,-209
116000007,1887,2030,-143
116000008,3256,1983,1273
116000009,1048,1285,-237
116000010,2220,1412,808
116000011,716,1178,-462
116000012,1511,1028,483
116000013,4774,3003,1771
116000014,6377,10834,-4457
116000015,133,1289,-1156
116000016,3368,3330,38
116000017,28,790,-762
116000018,517,190,327
116000019,1034,235,799
116000020,617,582,35
116000021,469,237,232
116000022,295,240,55
116000023,1038,637,401
116000024,480,549,-69
116000025,685,679,6
116000026,1471,2143,-672
116000027,500,588,-88
116000028,414,942,-528
116000029,431,652,-221
116000030,739,563,176
116000031,127,254,-127
116000032,320,173,147
116000033,382,444,-62
116000034,754,688,66
116000035,314,564,-250
116000036,1067,1380,-313
116000037,531,422,109
116000038,249,519,-270
116000039,387,469,-82
116000040,512,449,63
116000041,106,340,-234
116000042,566,274,292
116000043,105,469,-364
116000044,14,65,-51
116000045,1606,1152,454
116000046,885,1378,-493
116000047,1355,1956,-601
116000048,1593,1598,-5
116000049,1197,2749,-1552
116000050,1373,1131,242
116000051,5711,2423,3288
116000052,5510,3947,1563
116000053,1812,721,1091
116000054,838,1995,-1157
116000055,760,674,86
116000056,1062,930,132
116000057,2106,1047,1059
116000058,2310,1797,513
116000059,1878,3240,-1362
116000060,1336,974,362
116000061,529,807,-278
116000062,459,160,299
116000063,467,1001,-534
116000066,227,583,-356
116000067,177,331,-154
116000068,207,263,-56
116000069,180,235,-55
116000078,523,953,-430
116000080,1571,649,922
116000082,3,24,-21
116000083,1667,368,1299
116000084,1561,2217,-656
116000085,1863,1829,34
116000086,1275,794,481
116000087,2146,1536,610
116000088,679,581,98
116000089,152,86,66
116000090,85,142,-57
116000091,273,368,-95
116000093,537,264,273
116000094,645,422,223
116000095,781,318,463
116000096,659,1236,-577
116000097,874,411,463
116000098,68,5296,-5228
116000099,3791,270,3521
116000100,264,20,244
116000101,912,440,472
116000102,229,649,-420
116000103,473,233,240
116000104,195,852,-657
116000105,1118,122,996
116000106,669,1361,-692
116000107,2925,394,2531
116000108,253,165,88
116000111,148,38,110
116000113,139,73,66
116000114,63,103,-40
116000115,287,100,187
116000116,319,266,53
116000117,1410,1557,-147
116000118,1452,842,610
116000119,3256,1637,1619
116000120,2611,2560,51
116000121,965,504,461
116000122,921,899,22
116000123,990,346,644
116000124,336,537,-201
116000125,2602,716,1886
116000126,276,834,-558
116000127,781,759,22
116000128,1613,696,917
116000129,1282,213,1069
116000130,646,499,147
116000133,1157,643,514
116000134,1499,1056,443
116000135,2399,1220,1179
116000136,785,1233,-448
116000137,1114,563,551
116000138,624,604,20
116000139,1334,1762,-428
116000140,119,104,15
116000141,283,363,-80
116000142,2414,1795,619
116000143,1645,1474,171
116000144,1255,1222,33
116000145,1629,868,761
116000146,659,129,530
116000147,173,131,42
116000148,571,543,28
116000149,632,520,112
116000151,487,349,138
116000153,76,272,-196
116000155,131,206,-75
116000156,306,608,-302
116000157,121,12,109
116000158,367,304,63
116000159,6,11,-5
116000160,8,37,-29
116000161,8,33,-25
116000162,59,84,-25
116000163,59,12,47
116000164,7,31,-24
116000177,266,103,163
116000194,72,242,-170
116000195,1179,506,673
116000196,13,4,9
116000197,5,24,-19
116000198,1800,824,976
116000200,466,472,-6
116000201,524,563,-39
116000202,11,191,-180
116000203,2,46,-44
116000204,23,57,-34
116000205,2,126,-124
116000206,2,141,-139
116000207,9,76,-67
116000233,181,306,-125
116000287,165,255,-90
116000288,346,186,160
116000292,40,55,-15
116000296,17,172,-155
116000297,97,14,83
116000304,142,54,88
116000305,21,66,-45
116000346,84,45,39
116000352,111,28,83
116000354,25,7,18
116000357,4,22,-18
116000358,383,58,325
116000361,196,5,191
116000372,2595,4221,-1626
116000381,89,0,89
116000388,1,43,-42
116000389,695,439,256
116000445,465,291,174
116000446,697,322,375
116000447,29,465,-436
116000448,429,143,286
116000563,523,651,-128
116000565,39,254,-215
116000568,36,332,-296
116000579,17,118,-101
116000583,127,52,75
116000584,22,2,20
116000585,40,18,22
116000586,64,50,14
116000587,535,581,-46
116000589,43,32,11
116000590,66,45,21
116000591,282,164,118
116000592,7,55,-48
116000593,0,19,-19
116000594,647,281,366
116000595,570,90,480
116000596,87,4,83
116000597,376,120,256
116000598,23,91,-68
116000605,190,109,81
116000606,85,236,-151
116000607,1,18,-17
116000609,120,832,-712
116000611,153,270,-117
116000612,835,1670,-835
116000613,643,295,348
116000614,320,353,-33
116000615,1,319,-318
116000616,21,65,-44
116000617,106,26,80
116000618,1,32,-31
116000619,37,48,-11
116000620,156,117,39
116000621,75,87,-12
116000622,76,118,-42
116000624,270,87,183
116000627,122,46,76
116000628,45,222,-177
116000629,42,155,-113
116000630,374,23,351
116000631,194,23,171
116000632,922,58,864
116000633,178,132,46
116000634,362,94,268
116000635,1676,2049,-373
116000636,528,1163,-635
116000637,473,33,440
116000638,172,202,-30
116000639,54,7,47
116000640,19,22,-3
116000641,20,67,-47
116000643,1,112,-111
116000644,30,203,-173
116000645,16,7,9
116900001,213,133,80
116900002,171,4,167
116900003,30,33,-3
116900004,34,59,-25
116900005,247,48,199
116900006,76,121,-45
116900007,59,133,-74
116900008,360,132,228
116900009,27,7,20
116900010,0,632,-632
116900011,8,14,-6
116900012,294,150,144
116900013,3,84,-81
116900014,162,117,45
116900016,207,2,205
116900017,2,258,-256
116900018,57,42,15
116900019,2,182,-180
116900020,548,1072,-524
116900023,124,14,110
116900025,1160,449,711
116900026,97,360,-263
116900027,30,43,-13
116900028,6,61,-55
116900029,1,49,-48
116900031,2,3,-1
116900032,2,166,-164
116900033,13,17,-4
116900034,3,46,-43
116900035,123,121,2
116900036,0,77,-77
116900038,20,3,17
116900041,41,7,34
116900042,358,232,126
116900043,18,38,-20
116900047,24,203,-179
116900049,24,157,-133
116900050,122,251,-129
116900051,169,84,85
116900052,119,65,54
116900055,1,7,-6
116900057,12,111,-99
116900058,29,227,-198
116900059,1,95,-94
116900060,155,147,8
116900062,3,44,-41
116900064,59,297,-238
116900065,20,80,-60
116900067,96,47,49
116900068,89,124,-35
116900070,2,3,-1
116900072,30,213,-183
116900073,17,64,-47
116900074,7,43,-36
116900076,32,50,-18
116900077,10,68,-58
116900078,185,68,117
116900079,48,87,-39
116900080,18,24,-6
116900081,303,742,-439
116900082,386,648,-262
116900083,37,22,15
116900084,82,46,36
116900085,46,90,-44
116900086,34,126,-92
116900088,245,89,156
116900090,83,28,55
116900091,415,14,401
116900092,102,520,-418
116900093,1648,1317,331
116900094,2410,3444,-1034
116900095,175,75,100
116900096,67,378,-311
116900097,1558,2725,-1167
116900098,665,363,302
116900099,356,625,-269
116900100,795,36,759
116900101,218,298,-80
116900103,11,0,11
116900104,73,93,-20
116900105,280,132,148
116900106,2037,166,1871
116900107,1875,2138,-263
116900110,13,2,11
116900111,516,299,217
116900112,225,587,-362
116900113,983,1559,-576
116900116,88,725,-637
116900117,130,68,62
116900118,513,778,-265
116900120,434,51,383
116900121,134,10,124
116900122,818,370,448
116900123,238,443,-205
116900124,173,646,-473
116900125,404,115,289
116900126,73,518,-445
116900128,0,38,-38
116900129,6,184,-178
116900130,355,3196,-2841
116900131,51,243,-192
116900132,45,96,-51
116900133,155,78,77
116900134,194,181,13
116900136,292,133,159
116900137,205,98,107
116900138,119,105,14
116900139,149,267,-118
116900140,117,114,3
116900141,535,331,204
116900142,2,63,-61
116900143,213,225,-12
116900144,30,82,-52
116900145,37,124,-87
116900147,297,763,-466
116900148,5,40,-35
116900149,54,237,-183
116900150,10,10,0
116900151,34,17,17
116900153,196,69,127
116900154,264,560,-296
116900155,84,54,30
116900157,545,155,390
116900158,130,255,-125
116900159,50,240,-190
116900160,700,758,-58
116900161,3398,5975,-2577
116900162,7,53,-46
116900163,191,70,121
116900164,72,68,4
116900165,276,212,64
116900166,44,36,8
116900167,383,41,342
116900168,353,43,310
116900169,322,665,-343
116900170,273,477,-204
116900171,68,82,-14
116900172,137,399,-262
116900173,217,30,187
116900174,73,82,-9
116900175,195,190,5
116900178,41,57,-16
116900179,78,348,-270
116900180,79,20,59
116900182,513,180,333
116900183,155,78,77
116900185,27,57,-30
116900186,74,113,-39
116900187,38,66,-28
116900188,95,32,63
116900189,53,0,53
116900191,358,479,-121
116900192,281,86,195
116900194,158,1339,-1181
116900195,39,26,13
116900196,10,55,-45
116900197,98,10,88
116900198,121,233,-112
116900200,89,21,68
116900201,116,15,101
116900202,97,25,72
116900203,133,11,122
116900204,63,99,-36
116900206,30,7,23
116900207,42,25,17
116900208,8,73,-65
116900209,28,56,-28
116900210,513,277,236
116900211,162,2,160
116900212,62,37,25
116900213,185,93,92
116900214,222,99,123
116900215,31,40,-9
116900216,224,144,80
116900218,0,97,-97
116900219,1240,296,944
116900220,107,195,-88
116900221,109,222,-113
116900222,372,321,51
116900223,97,210,-113
116900226,59,29,30
116900227,196,42,154
116900228,303,97,206
116900230,130,320,-190
116900233,699,117,582
116900234,20,5,15
116900235,128,157,-29
116900238,1114,215,899
116900239,15,724,-709
116900240,3263,2987,276
116900241,95,74,21
116900242,634,642,-8
116900243,0,14,-14
116900245,35,40,-5
116900246,70,15,55
116900247,964,25,939
116900248,79,31,48
116900249,359,79,280
116900250,359,47,312
116900251,344,442,-98
116900252,116,591,-475
116900254,30,65,-35
116900255,93,62,31
116900256,380,91,289
116900257,16,250,-234
116900258,2,90,-88
116900259,256,10,246
116900260,1,58,-57
116900261,83,2,81
116900262,215,136,79
116900263,0,6,-6
116900264,113,25,88
116900265,62,0,62
116900266,30,11,19
116900267,3,1,2
116900268,140,63,77
116900269,256,519,-263
116900271,549,281,268
116900272,289,196,93
116900273,96,84,12
116900274,107,39,68
116900275,118,68,50
116900276,293,182,111
116900277,309,22,287
116900278,2,5,-3
116900279,0,17,-17
116900280,23,21,2
116900281,3019,4094,-1075
116900282,3,61,-58
116900283,13,52,-39
116900284,11,105,-94
116900285,138,186,-48
116900286,134,11,123
116900287,5,26,-21
116900288,78,83,-5
116900289,19,12,7
116900290,6,9,-3
116900291,42,10,32
116900292,0,18,-18
116900293,60,22,38
116900294,21,71,-50
116900295,85,60,25
116900296,56,91,-35
116900297,4,95,-91
116900298,84,78,6
116900299,21,67,-46
116900300,1,62,-61
116900301,32,120,-88
116900302,19,40,-21
116900303,126,86,40
116900304,0,148,-148
116900305,9,24,-15
116900306,290,70,220
116900307,82,3,79
116900308,3,64,-61
116900309,83,41,42
116900310,14,34,-20
117000001,1877,1503,374
117000002,1785,3118,-1333
117000003,5283,2731,2552
117000004,2494,3667,-1173
117000005,2287,1593,694
117000006,1000,2230,-1230
117000007,3950,1102,2848
117000008,775,2380,-1605
117000009,3927,1705,2222
117000010,1953,2550,-597
117000011,2284,1268,1016
117000012,1168,929,239
117000013,1643,714,929
117000014,986,1726,-740
117000015,1956,1038,918
117000016,264,190,74
117000017,128,136,-8
117000018,87,595,-508
117000019,51,33,18
117000020,319,1379,-1060
117000021,1006,631,375
117000022,231,195,36
117000023,104,351,-247
117000024,135,258,-123
117000025,295,1105,-810
117000026,1503,1510,-7
117000027,1055,3599,-2544
117000028,1211,1680,-469
117000030,240,361,-121
117000031,324,344,-20
117000032,1103,1067,36
117000033,1074,669,405
117000034,430,256,174
117000035,376,357,19
117000036,431,278,153
117000037,250,158,92
117000038,164,506,-342
117000039,392,251,141
117000040,257,634,-377
117000041,1056,142,914
117000044,11,464,-453
117000045,506,82,424
117000046,393,668,-275
117000047,910,525,385
117000048,1281,592,689
117000049,100,421,-321
117000050,150,1120,-970
117000051,2248,54,2194
117000052,58,217,-159
117000053,559,22,537
117000054,1500,10,1490
117000055,47,1766,-1719
117000056,572,22,550
117000057,415,1579,-1164
117000060,434,805,-371
117000061,1655,854,801
117000062,228,435,-207
117000063,1645,984,661
117000064,469,445,24
117000066,583,614,-31
117000067,112,544,-432
117000074,88,162,-74
117000076,39,31,8
117000077,124,178,-54
117000078,118,551,-433
117000079,411,181,230
117000080,1,276,-275
117000081,1026,104,922
117000082,15,77,-62
117000083,190,5,185
117000084,122,2,120
117000085,301,694,-393
117000086,740,216,524
117000087,95,453,-358
117000088,228,122,106
117000089,1544,191,1353
117000090,279,872,-593
117000091,834,275,559
117000092,349,851,-502
117000093,1254,703,551
117000094,1156,1745,-589
117000095,3563,760,2803
117000096,665,1589,-924
117000097,1445,773,672
117000098,1890,2521,-631
117000099,3492,1116,2376
117000100,188,290,-102
117000101,174,681,-507
117000102,1687,657,1030
117000103,500,986,-486
117000104,1277,474,803
117000105,718,933,-215
117000106,1231,630,601
117000107,441,1145,-704
117000108,1738,852,886
117000109,925,1732,-807
117000110,1547,1015,532
117000111,2813,3108,-295
117000112,2830,1213,1617
117000113,117,148,-31
117000114,203,91,112
117000115,106,70,36
117000116,118,132,-14
117000117,1190,1014,176
117000118,266,134,132
117000119,116,156,-40
117000120,96,515,-419
117000121,30,830,-800
117000122,289,680,-391
117000123,1124,52,1072
117000124,192,122,70
117000125,119,119,0
117000126,35,15,20
117000127,140,184,-44
117000128,284,613,-329
117000129,246,1009,-763
117000130,159,1,158
117000131,1,74,-73
117000132,2994,17,2977
117000133,2046,29,2017
117000134,0,82,-82
117000135,2,106,-104
117000136,0,16,-16
117000137,94,120,-26
117000138,5,510,-505
117000140,319,1050,-731
117000141,1620,483,1137
117000181,362,137,225
117000182,540,662,-122
117000195,108,506,-398
117000196,227,129,98
117000225,114,39,75
117000226,2,105,-103
117000276,288,18,270
117000277,0,177,-177
117000310,1057,1780,-723
117000315,75,611,-536
117000320,93,0,93
117000906,389,16,373
117000907,16,227,-211
117000909,42,27,15
117000910,150,171,-21
117000911,84,123,-39
117000915,7,272,-265
117000916,67,2,65
117000917,1170,35,1135
117000918,81,57,24
117000919,11,37,-26
117000920,0,731,-731
117000921,0,540,-540
117000922,19,50,-31
117000924,443,639,-196
117000926,406,115,291
117000927,530,861,-331
117000928,0,102,-102
117000929,296,261,35
117000930,329,17,312
117000931,105,150,-45
117900002,74,369,-295
117900003,454,355,99
117900005,5,69,-64
117900006,0,52,-52
117900007,114,56,58
117900008,0,20,-20
117900010,265,43,222
117900011,25,136,-111
117900012,43,42,1
117900013,0,96,-96
117900014,513,125,388
117900015,31,86,-55
117900016,942,709,233
117900017,486,263,223
117900018,141,159,-18
117900019,550,171,379
117900020,54,424,-370
117900021,22,36,-14
117900023,677,72,605
117900024,54,38,16
117900025,51,7,44
117900026,344,177,167
117900028,34,2,32
117900029,212,334,-122
117900030,486,206,280
117900031,103,91,12
117900032,887,781,106
117900033,327,313,14
117900034,77,17,60
117900035,244,135,109
117900036,214,175,39
117900037,213,75,138
117900038,33,160,-127
117900039,0,37,-37
117900040,79,203,-124
117900041,1,21,-20
117900042,2387,243,2144
117900043,40,30,10
117900044,36,2689,-2653
117900045,121,133,-12
117900048,408,174,234
117900049,201,270,-69
117900050,6,107,-101
117900051,23,4,19
117900052,41,365,-324
117900053,1628,348,1280
117900054,2,20,-18
117900055,329,182,147
117900056,51,45,6
117900057,883,1025,-142
117900058,47,32,15
117900059,182,94,88
117900060,2680,3296,-616
117900061,18,225,-207
117900063,318,126,192
117900065,669,867,-198
117900066,6,60,-54
117900067,447,106,341
117900069,539,156,383
117900070,120,75,45
117900071,71,136,-65
117900073,526,165,361
117900074,94,91,3
117900075,43,57,-14
117900076,30,34,-4
117900077,483,141,342
117900078,291,659,-368
117900080,131,30,101
117900081,347,285,62
117900082,394,351,43
117900083,322,246,76
117900086,173,21,152
117900087,120,28,92
117900088,2199,1386,813
117900089,1975,617,1358
117900090,416,280,136
117900091,68,164,-96
117900092,63,29,34
117900093,113,48,65
117900094,44,48,-4
117900095,294,393,-99
117900096,108,184,-76
117900097,351,87,264
117900098,49,22,27
117900099,118,114,4
117900100,348,2,346
117900101,490,1676,-1186
117900102,61,31,30
117900103,44,1,43
117900104,13,82,-69
117900105,81,168,-87
117900106,75,29,46
117900107,39,2,37
117900109,593,310,283
117900110,174,3,171
117900111,395,22,373
117900112,42,13,29
117900113,1378,1411,-33
117900114,22,0,22
117900115,150,58,92
117900116,675,604,71
117900117,505,194,311
117900118,80,0,80
117900119,142,80,62
117900120,245,47,198
117900121,77,30,47
117900122,1079,3260,-2181
117900123,550,275,275
117900124,703,546,157
117900125,1383,1731,-348
117900126,172,380,-208
117900127,390,261,129
117900128,277,317,-40
117900129,62,1,61
117900130,743,305,438
117900131,6,85,-79
117900132,21,81,-60
117900133,10,78,-68
117900134,59,195,-136
117900135,17,126,-109
117900136,0,27,-27
117900137,24,178,-154
117900138,0,30,-30
117900139,124,73,51
117900140,2088,293,1795
117900141,91,148,-57
117900142,135,67,68
117900144,48,338,-290
117900145,17,46,-29
117900146,121,203,-82
117900147,72,36,36
117900148,1629,1461,168
117900149,103,125,-22
117900150,22,22,0
117900151,44,50,-6
117900152,73,38,35
117900153,24,83,-59
117900154,360,398,-38
117900156,715,637,78
117900157,56,494,-438
117900158,283,148,135
117900160,598,621,-23
117900161,1863,1311,552
117900162,443,342,101
117900163,22,213,-191
117900165,0,8,-8
117900166,92,501,-409
117900168,28,153,-125
117900169,3,105,-102
117900170,4,20,-16
117900171,1,13,-12
117900172,25,15,10
117900173,109,112,-3
117900174,24,58,-34
117900175,15,23,-8
117900176,8,19,-11
117900177,20,21,-1
117900178,112,27,85
117900180,255,30,225
117900181,29,329,-300
117900182,1,35,-34
117900183,60,160,-100
117900184,20,51,-31
117900185,36,50,-14
117900186,45,24,21
117900187,22,9,13
117900188,199,61,138
117900189,61,24,37
117900190,23,2,21
117900191,60,1,59
117900192,271,6,265
117900193,14,33,-19
117900194,12,8,4
117900195,41,50,-9
117900196,12,38,-26
117900207,132,137,-5
117900208,28,23,5
117900209,170,149,21
117900210,113,199,-86
117900211,4,123,-119
117900212,100,90,10
117900213,25,15,10
117900214,3,19,-16
117900215,31,55,-24
117900216,35,20,15
117900217,43,240,-197
117900218,89,138,-49
117900219,16,100,-84
117900220,64,98,-34
117900222,187,153,34
117900223,100,246,-146
118000001,475,1016,-541
118000002,411,1264,-853
118000003,1928,3241,-1313
118000004,2113,1804,309
118000005,2434,4420,-1986
118000006,2567,6991,-4424
118000007,4545,4107,438
118000008,2762,2978,-216
118000009,1294,1902,-608
118000010,4725,2627,2098
118000011,1309,1118,191
118000012,710,1103,-393
118000013,1618,1617,1
118000014,1602,1477,125
118000016,164,217,-53
118000017,416,304,112
118000018,295,235,60
118000019,1491,1341,150
118000020,947,2604,-1657
118000021,569,2600,-2031
118000022,1140,745,395
118000023,543,236,307
118000024,806,932,-126
118000027,7544,9625,-2081
118000029,481,742,-261
118000032,440,2915,-2475
118000033,2263,4943,-2680
118000034,3622,2302,1320
118000035,1645,2444,-799
118000036,751,1094,-343
118000037,542,685,-143
118000038,221,73,148
118000039,65,142,-77
118000040,1466,1008,458
118000041,2156,1032,1124
118000045,444,155,289
118000046,1029,593,436
118000047,609,986,-377
118000048,1823,1736,87
118000051,2115,1206,909
118000052,1778,759,1019
118000053,271,316,-45
118000054,1105,717,388
118000055,880,1025,-145
118000056,230,376,-146
118000057,200,329,-129
118000058,2887,1543,1344
118000059,1486,1225,261
118000060,1120,385,735
118000061,1010,974,36
118000062,499,329,170
118000063,334,732,-398
118000064,616,997,-381
118000065,2005,1938,67
118000066,740,1562,-822
118000067,540,553,-13
118000068,1228,4516,-3288
118000069,1868,956,912
118000070,3726,1595,2131
118000071,2166,6565,-4399
118000072,1211,1263,-52
118000073,762,695,67
118000074,380,500,-120
118000075,511,255,256
118000076,1600,2536,-936
118000077,904,1077,-173
118000078,1506,1984,-478
118000079,140,365,-225
118000080,835,901,-66
118000081,1619,1276,343
118000082,265,978,-713
118000083,1113,1421,-308
118000084,2229,1398,831
118000086,234,448,-214
118000087,2904,2087,817
118000088,1321,1349,-28
118000089,2671,1884,787
118000090,900,2300,-1400
118000091,805,2229,-1424
118000092,813,493,320
118000093,58,614,-556
118000096,454,506,-52
118000097,764,576,188
118000098,251,199,52
118000099,651,499,152
118000101,1041,298,743
118000102,476,832,-356
118000107,964,415,549
118000108,440,1943,-1503
118000110,0,31,-31
118000111,2,163,-161
118000112,628,1,627
118000113,6,268,-262
118000114,430,11,419
118000115,9,9,0
118000116,43,0,43
118000117,632,612,20
118000118,758,1116,-358
118000119,755,1086,-331
118000120,1099,824,275
118000121,88,533,-445
118000122,1006,298,708
118000123,39,253,-214
118000125,1041,670,371
118000126,628,1322,-694
118000127,1115,562,553
118000128,403,1025,-622
118000129,878,384,494
118000130,1489,1916,-427
118000131,301,488,-187
118000132,2447,1902,545
118000133,1088,441,647
118000135,423,459,-36
118000136,108,417,-309
118000137,520,74,446
118000138,384,376,8
118000139,420,85,335
118000140,2017,4289,-2272
118000141,1903,1244,659
118000142,1593,990,603
118000143,1987,970,1017
118000144,837,514,323
118000145,1463,953,510
118000146,1131,532,599
118000147,825,867,-42
118000148,488,924,-436
118000149,996,748,248
118000150,457,287,170
118000151,492,355,137
118000153,1200,922,278
118000154,1251,1264,-13
118000155,1346,1125,221
118000156,1151,1749,-598
118000157,525,442,83
118000158,239,356,-117
118000159,14,90,-76
118000160,516,382,134
118000161,538,585,-47
118000162,1356,640,716
118000163,700,673,27
118000164,1448,1156,292
118000168,612,503,109
118000169,716,637,79
118000170,2378,2867,-489
118000171,270,462,-192
118000172,78,186,-108
118000173,776,763,13
118000175,254,338,-84
118000176,258,545,-287
118000177,211,575,-364
118000178,36,51,-15
118000179,964,1422,-458
118000180,636,628,8
118000181,739,268,471
118000182,260,207,53
118000183,174,301,-127
118000184,908,561,347
118000185,861,1226,-365
118000186,761,1070,-309
118000187,1311,470,841
118000188,586,59,527
118000189,623,292,331
118000190,8,7,1
118000191,12,7,5
118000192,52,101,-49
118000193,60,279,-219
118000194,893,673,220
118000195,324,1175,-851
118000196,255,189,66
118000197,99,145,-46
118000198,473,700,-227
118000199,449,328,121
118000200,47,275,-228
118000201,300,595,-295
118000202,40,63,-23
118000203,473,601,-128
118000204,60,414,-354
118000205,107,276,-169
118000206,238,149,89
118000207,0,49,-49
118000208,1013,1066,-53
118000209,1772,1026,746
118000210,72,35,37
118000211,27,28,-1
118000213,1029,1653,-624
118000214,362,499,-137
118000215,333,137,196
118000216,2094,949,1145
118000217,23,98,-75
118000218,114,61,53
118000219,331,172,159
118000220,3,45,-42
118000221,284,275,9
118000222,57,7,50
118000223,21,47,-26
118000224,81,95,-14
118000225,113,516,-403
118000226,768,202,566
118000227,461,290,171
118000228,96,201,-105
118000229,82,112,-30
118000230,86,119,-33
118000231,58,172,-114
118000232,766,410,356
118000233,1025,552,473
118000234,381,105,276
118000236,286,231,55
118000237,89,145,-56
118000238,227,114,113
118000239,224,173,51
118000240,204,136,68
118000241,141,106,35
118000242,305,273,32
118000243,226,140,86
118000244,41,69,-28
118000246,0,20,-20
118000255,85,256,-171
118000256,161,195,-34
118000259,9,44,-35
118000260,153,67,86
118000261,23,20,3
118000263,55,104,-49
118000266,103,162,-59
118000267,0,110,-110
118000268,195,0,195
118000270,104,11,93
118000271,211,158,53
118000272,64,33,31
118000273,101,47,54
118000274,71,151,-80
118000276,402,226,176
118000295,6,105,-99
118000298,78,138,-60
118000299,84,92,-8
118000301,0,63,-63
118000302,87,45,42
118000311,651,78,573
118000312,245,126,119
118000313,33,56,-23
118000314,131,39,92
118000315,25,28,-3
118000316,562,341,221
118000325,46,17,29
118000326,21,10,11
118000331,48,20,28
118000332,3,17,-14
118000333,22,31,-9
118000335,350,0,350
118000336,0,83,-83
118000407,150,50,100
118000457,10,33,-23
118000465,1275,3103,-1828
118000480,24,29,-5
118000489,15,383,-368
118000490,12,141,-129
118000492,277,148,129
118000510,36,15,21
118000514,88,232,-144
118000515,633,633,0
118000517,182,183,-1
118000524,161,284,-123
118000525,527,486,41
118000530,11,53,-42
118000531,268,206,62
118000532,227,191,36
118000533,287,130,157
118000534,509,309,200
118000535,316,129,187
118000536,233,1139,-906
118000537,24,130,-106
118000538,55,77,-22
118000539,11,93,-82
118000540,215,77,138
118000541,146,29,117
118000542,90,113,-23
118000543,122,210,-88
118000546,28,18,10
118000553,0,2,-2
118000557,0,0,0
118000560,1227,1703,-476
118000562,33,71,-38
118000563,1033,855,178
118000576,268,84,184
118000577,175,145,30
118000578,204,87,117
118000579,446,993,-547
118000583,0,0,0
118000595,194,92,102
118000596,0,59,-59
118000597,155,94,61
118000598,6,2,4
118000599,96,39,57
118000600,6,3,3
118000601,3,0,3
118000602,0,10,-10
118000603,1,12,-11
118000605,94,127,-33
118000606,14,45,-31
118900001,432,1305,-873
118900002,515,715,-200
118900003,452,17,435
118900004,45,31,14
118900005,63,4,59
118900006,127,1,126
118900007,29,3,26
118900008,1098,46,1052
118900009,47,61,-14
118900010,40,1,39
118900011,158,29,129
118900012,306,191,115
118900013,450,213,237
118900015,261,55,206
118900016,14,7,7
118900017,165,266,-101
118900018,900,28,872
118900019,38,24,14
118900020,140,135,5
118900021,145,222,-77
118900022,98,85,13
118900023,133,93,40
118900024,94,145,-51
118900025,44,12,32
118900026,62,62,0
118900027,360,179,181
118900028,213,82,131
118900029,363,413,-50
118900030,406,34,372
118900031,163,78,85
118900032,213,148,65
118900033,323,382,-59
118900034,155,24,131
118900035,105,110,-5
118900036,992,486,506
118900037,315,269,46
118900038,357,81,276
118900039,413,113,300
118900040,180,172,8
118900041,430,129,301
118900042,153,78,75
118900045,277,123,154
118900046,662,454,208
118900047,292,217,75
118900048,133,236,-103
118900049,51,43,8
118900050,80,60,20
118900051,102,128,-26
118900052,188,216,-28
118900053,24,98,-74
118900054,135,43,92
118900055,75,48,27
118900056,65,347,-282
118900057,571,392,179
118900058,384,248,136
118900059,23,116,-93
118900060,48,146,-98
118900062,638,143,495
118900064,289,560,-271
118900065,49,82,-33
118900066,73,52,21
118900067,2343,3282,-939
118900068,11,181,-170
118900069,402,163,239
118900071,18,53,-35
118900072,374,269,105
118900073,181,101,80
118900074,171,79,92
118900075,60,54,6
118900076,232,92,140
118900077,190,109,81
118900078,25,1,24
118900079,47,147,-100
118900080,25,70,-45
118900081,94,38,56
118900082,769,118,651
118900083,19,3,16
118900084,15,18,-3
118900085,581,441,140
118900086,28,86,-58
118900087,29,269,-240
118900088,0,1,-1
118900089,47,17,30
118900090,442,201,241
118900091,121,201,-80
118900092,134,45,89
118900093,95,27,68
118900096,69,102,-33
118900097,250,286,-36
118900099,43,102,-59
118900100,110,151,-41
118900101,56,128,-72
118900102,45,48,-3
118900103,25,51,-26
118900104,55,19,36
118900105,122,71,51
118900107,90,60,30
118900108,112,76,36
118900110,934,719,215
118900111,427,294,133
118900112,77,143,-66
118900113,95,232,-137
118900114,33,72,-39
118900115,64,254,-190
118900116,148,189,-41
118900117,90,146,-56
118900118,279,195,84
118900119,114,132,-18
118900120,59,236,-177
118900121,35,101,-66
118900122,13,895,-882
118900123,114,130,-16
118900124,98,103,-5
118900126,22,295,-273
118900129,229,225,4
118900130,69,193,-124
118900131,203,173,30
118900132,245,229,16
118900133,12,90,-78
118900135,157,173,-16
118900136,185,326,-141
118900137,9,31,-22
118900139,186,136,50
118900140,437,362,75
118900141,70,80,-10
118900144,126,187,-61
118900145,89,96,-7
118900146,361,493,-132
118900147,231,123,108
118900148,74,45,29
118900150,141,437,-296
118900152,499,463,36
118900157,54,141,-87
118900158,85,25,60
118900159,2,144,-142
118900161,45,8,37
118900163,39,70,-31
118900164,1,75,-74
118900165,38,69,-31
118900166,72,1,71
118900167,65,142,-77
118900168,9,122,-113
118900169,112,112,0
118900170,137,56,81
118900171,15,38,-23
118900174,75,51,24
118900175,364,402,-38
118900176,164,180,-16
118900177,51,61,-10
118900178,48,123,-75
118900179,1,6,-5
118900181,51,63,-12
118900182,50,39,11
118900183,50,78,-28
118900184,222,77,145
118900185,77,54,23
118900186,107,83,24
118900187,173,226,-53
118900188,260,220,40
118900189,40,641,-601
118900190,28,122,-94
118900191,187,19,168
118900192,203,12,191
118900193,523,3,520
118900195,152,347,-195
118900196,28,78,-50
118900197,135,37,98
118900198,12,9,3
118900199,70,25,45
118900200,17,12,5
118900201,16,24,-8
118900202,11,32,-21
118900203,26,12,14
118900204,19,10,9
118900205,0,6,-6
118900206,2,13,-11
119000001,1004,1382,-378
119000002,3445,2144,1301
119000003,2488,643,1845
119000004,2132,1021,1111
119000005,1510,1471,39
119000006,3191,1281,1910
119000007,2729,2362,367
119000008,1583,1106,477
119000009,2588,4021,-1433
119000010,3826,3147,679
119000011,2264,2315,-51
119000012,1523,2485,-962
119000013,2595,1455,1140
119000014,1231,1805,-574
119000019,213,91,122
119000020,2432,1226,1206
119000021,3893,2128,1765
119000022,1042,2270,-1228
119000023,279,194,85
119000024,1252,9914,-8662
119000025,3228,878,2350
119000026,70,349,-279
119000027,166,253,-87
119000028,1257,485,772
119000029,74,235,-161
119000030,464,686,-222
119000031,708,553,155
119000032,1606,1702,-96
119000033,1929,979,950
119000034,847,573,274
119000035,29,223,-194
119000036,1827,630,1197
119000037,1089,914,175
119000038,148,473,-325
119000039,365,241,124
119000040,592,521,71
119000041,517,877,-360
119000048,2102,1524,578
119000049,1769,1203,566
119000050,1447,1418,29
119000051,1668,751,917
119000052,1247,2106,-859
119000053,1522,846,676
119000054,2823,1685,1138
119000055,4027,2147,1880
119000056,2536,1564,972
119000057,1302,1133,169
119000058,1465,1131,334
119000059,1012,963,49
119000060,1388,837,551
119000061,910,503,407
119000062,922,952,-30
119000063,612,381,231
119000064,705,709,-4
119000065,1414,2296,-882
119000066,1913,989,924
119000067,1510,1243,267
119000068,1600,747,853
119000069,1381,1410,-29
119000070,2423,606,1817
119000071,453,464,-11
119000072,3124,1916,1208
119000073,3081,5536,-2455
119000074,1104,1268,-164
119000075,2417,1552,865
119000076,198,816,-618
119000077,463,500,-37
119000078,345,193,152
119000079,226,508,-282
119000080,548,118,430
119000081,290,275,15
119000082,754,161,593
119000083,546,264,282
119000084,236,329,-93
119000085,428,144,284
119000086,290,348,-58
119000087,1068,513,555
119000088,295,181,114
119000089,64,130,-66
119000090,108,85,23
119000091,96,301,-205
119000092,328,169,159
119000093,2613,1622,991
119000094,3120,3782,-662
119000095,1652,1859,-207
119000097,1512,883,629
119000098,768,2493,-1725
119000099,2012,1064,948
119000100,3485,2451,1034
119000101,3351,1229,2122
119000102,635,1032,-397
119000103,1279,414,865
119000104,1444,845,599
119000105,825,1839,-1014
119000106,300,617,-317
119000107,841,433,408
119000108,335,530,-195
119000109,120,445,-325
119000110,285,369,-84
119000111,34,465,-431
119000112,162,84,78
119000113,1213,230,983
119000114,855,964,-109
119000115,166,110,56
119000116,102,89,13
119000117,126,259,-133
119000118,3,1,2
119000123,3501,1365,2136
119000124,739,138,601
119000125,3613,486,3127
119000126,1260,514,746
119000127,491,261,230
119000128,9,3,6
119000131,857,321,536
119000132,1,0,1
119000133,1,3,-2
119000134,1213,454,759
119000135,184,174,10
119000136,307,100,207
119000137,240,161,79
119000138,477,184,293
119000139,224,123,101
119000140,293,275,18
119000284,869,1937,-1068
119000285,1503,1365,138
119000286,4185,3392,793
119000287,907,1272,-365
119000288,1692,691,1001
119000289,1070,1562,-492
119000290,148,233,-85
119000291,9,163,-154
119000293,166,102,64
119000294,77,22,55
119000295,819,212,607
119000296,245,129,116
119000297,0,0,0
119000299,0,0,0
119000302,1263,972,291
119000303,43,148,-105
119000304,0,0,0
119000310,0,0,0
119000314,983,8223,-7240
119000315,5,238,-233
119000316,206,95,111
119000317,107,182,-75
119900001,208,1327,-1119
119900002,98,173,-75
119900003,29,560,-531
119900004,245,1304,-1059
119900005,208,76,132
119900006,162,335,-173
119900007,929,240,689
119900008,78,31,47
119900009,614,539,75
119900010,532,696,-164
119900011,28,120,-92
119900012,19,98,-79
119900013,1681,1020,661
119900014,402,136,266
119900015,127,32,95
119900016,27,40,-13
119900017,53,35,18
119900018,1337,917,420
119900019,49,6,43
119900020,134,139,-5
119900021,177,60,117
119900022,84,814,-730
119900023,399,1676,-1277
119900025,230,24,206
119900026,449,166,283
119900027,36,17,19
119900028,232,131,101
119900029,8,3,5
119900030,482,290,192
119900031,52,418,-366
119900033,1583,268,1315
119900034,509,75,434
119900037,263,31,232
119900038,21,309,-288
119900039,69,3,66
119900040,147,13,134
119900041,116,17,99
119900042,175,145,30
119900043,107,116,-9
119900044,203,910,-707
119900046,169,31,138
119900047,332,102,230
119900048,177,27,150
119900049,141,10,131
119900050,85,92,-7
119900051,1021,20,1001
119900052,34,13,21
119900053,253,93,160
119900054,201,10,191
119900055,1282,448,834
119900057,258,35,223
119900058,234,6,228
119900059,97,42,55
119900060,274,25,249
119900061,230,4,226
119900062,61,25,36
119900063,13,55,-42
119900065,241,12,229
119900067,81,16,65
119900068,547,3,544
119900069,175,11,164
119900070,962,5,957
119900071,731,26,705
119900073,1106,536,570
119900074,35,41,-6
119900075,2254,2048,206
119900076,510,165,345
119900077,842,476,366
119900078,668,684,-16
119900079,491,107,384
119900080,273,184,89
119900081,676,84,592
119900082,1806,214,1592
119900083,286,90,196
119900084,431,232,199
119900085,64,40,24
119900086,454,595,-141
119900087,691,426,265
119900088,32,33,-1
119900089,17,248,-231
119900090,141,23,118
119900091,30,503,-473
119900092,54,277,-223
119900093,984,160,824
119900094,41,149,-108
119900095,240,103,137
119900096,38,114,-76
119900097,414,159,255
119900098,48,39,9
119900099,26,123,-97
119900100,1277,2098,-821
119900101,133,959,-826
119900102,38,145,-107
119900103,42,174,-132
119900104,32,91,-59
119900105,595,2046,-1451
119900106,26,95,-69
119900107,318,1427,-1109
119900108,2303,500,1803
119900109,17,101,-84
119900110,567,334,233
119900111,103,192,-89
119900112,787,446,341
119900113,60,193,-133
119900114,238,598,-360
119900115,351,606,-255
119900116,122,308,-186
119900117,343,334,9
119900118,127,553,-426
119900119,246,88,158
119900120,538,274,264
119900121,465,450,15
119900122,476,309,167
119900123,197,189,8
119900124,203,431,-228
119900125,42,210,-168
119900126,2199,189,2010
119900127,1455,787,668
119900128,417,306,111
119900129,207,277,-70
119900130,19,154,-135
119900131,46,159,-113
119900132,1,122,-121
119900133,54,87,-33
119900134,820,154,666
119900135,0,221,-221
119900136,170,210,-40
119900138,216,401,-185
119900139,21,104,-83
119900140,2,76,-74
119900141,72,529,-457
119900142,1,34,-33
119900143,16,158,-142
119900144,977,192,785
119900145,85,90,-5
119900146,106,158,-52
119900147,1,102,-101
119900148,243,45,198
119900149,600,3816,-3216
119900150,122,79,43
119900151,981,550,431
119900152,102,139,-37
119900153,248,65,183
119900154,21,306,-285
119900155,35,29,6
119900156,60,46,14
119900157,125,111,14
119900158,212,45,167
119900159,1,630,-629
119900160,8,60,-52
119900161,117,126,-9
119900162,842,808,34
119900163,76,153,-77
119900164,0,2,-2
119900165,131,88,43
119900166,113,62,51
119900167,73,53,20
119900168,972,417,555
119900169,62,272,-210
119900170,208,237,-29
119900171,796,214,582
119900172,117,21,96
119900173,7,215,-208
119900174,1,78,-77
119900175,1264,443,821
119900177,21,112,-91
119900178,1,65,-64
119900179,92,458,-366
119900180,909,618,291
119900181,51,100,-49
119900182,3,175,-172
119900183,103,367,-264
119900184,1135,331,804
119900185,51,184,-133
119900186,34,898,-864
119900187,5,187,-182
119900188,72,209,-137
119900189,326,334,-8
119900190,71,232,-161
119900191,217,214,3
119900192,43,119,-76
119900193,379,170,209
119900194,24,60,-36
119900195,83,90,-7
119900196,619,258,361
119900197,204,106,98
119900198,126,179,-53
119900199,142,24,118
119900200,530,441,89
119900201,198,110,88
119900202,69,264,-195
119900203,150,465,-315
119900204,289,165,124
119900205,715,362,353
119900206,244,105,139
119900208,182,142,40
119900209,501,1213,-712
119900210,27,42,-15
119900211,76,6,70
119900212,269,200,69
119900213,3,65,-62
119900214,29,77,-48
119900215,50,57,-7
119900216,12,37,-25
119900217,9,53,-44
119900218,6,69,-63
119900219,13,65,-52
119900220,4,59,-55
119900221,19,126,-107
119900222,12,116,-104
119900223,13,35,-22
119900224,9,13,-4
119900225,570,42,528
119900226,309,1534,-1225
119900227,532,188,344
119900228,78,148,-70
119900229,341,328,13
119900230,795,332,463
119900231,321,150,171
119900232,139,118,21
119900233,54,11,43
119900234,86,30,56
119900235,9,42,-33
119900236,46,109,-63
119900237,52,259,-207
119900238,4,52,-48
119900240,118,91,27
119900241,179,179,0
119900242,746,1249,-503
119900244,426,875,-449
119900245,120,160,-40
119900246,226,557,-331
119900247,21,128,-107
119900248,60,183,-123
119900249,219,163,56
119900253,1201,370,831
119900254,106,756,-650
119900255,83,519,-436
119900256,710,504,206
119900257,118,14,104
119900258,136,11,125
119900259,10,66,-56
119900260,127,10,117
119900261,272,102,170
119900262,2,109,-107
119900263,1032,221,811
119900264,90,100,-10
119900265,502,196,306
119900266,381,144,237
119900267,231,281,-50
119900268,166,72,94
119900269,871,576,295
119900271,41,91,-50
119900272,424,184,240
119900275,187,98,89
119900276,74,6,68
119900277,14,19,-5
119900278,112,106,6
119900279,105,285,-180
119900280,456,81,375
119900281,0,159,-159
119900282,40,107,-67
119900283,11,146,-135
119900284,26,128,-102
119900285,17,52,-35
119900286,1,9,-8
119900288,2,8,-6
119900289,2,16,-14
119900290,9,17,-8
119900291,0,49,-49
119900292,62,75,-13
119900293,27,71,-44
119900294,28,65,-37
119900295,60,69,-9
119900296,80,123,-43
119900297,2,31,-29
119900298,3,2,1
119900299,109,95,14
119900300,302,83,219
119900301,35,25,10
119900302,32,37,-5
119900303,331,101,230
119900304,274,22,252
119900305,10,73,-63
119900306,25,10,15
119900307,71,48,23
119900308,3,24,-21
119900309,44,117,-73
119900310,174,183,-9
119900311,105,55,50
119900312,78,40,38
119900313,226,153,73
119900314,169,290,-121
119900315,1787,1199,588
119900318,12,34,-22
119900319,0,142,-142
119900320,154,245,-91
119900321,83,3,80
120000001,4444,14628,-10184
120000002,2297,1827,470
120000003,2182,1244,938
120000004,1984,1316,668
120000005,2554,1499,1055
120000006,950,869,81
120000007,2242,2804,-562
120000008,839,1023,-184
120000009,1548,790,758
120000010,1712,1684,28
120000011,820,1112,-292
120000012,1338,1540,-202
120000013,2739,2071,668
120000014,658,1045,-387
120000015,1987,1194,793
120000016,3279,1750,1529
120000017,2622,2165,457
120000018,2683,9779,-7096
120000019,1003,1263,-260
120000020,2472,2812,-340
120000021,1729,1908,-179
120000022,2291,3628,-1337
120000023,1027,1541,-514
120000024,1160,2159,-999
120000025,2399,1504,895
120000026,2134,1433,701
120000027,2107,1868,239
120000028,660,1898,-1238
120000029,1189,1056,133
120000030,353,786,-433
120000031,1625,4266,-2641
120000032,5042,2864,2178
120000033,4438,1404,3034
120000034,1958,1177,781
120000035,2065,1270,795
120000036,2738,4133,-1395
120000037,528,1294,-766
120000038,3294,2824,470
120000039,678,771,-93
120000040,147,510,-363
120000041,866,904,-38
120000042,1613,1349,264
120000043,3472,1089,2383
120000044,4610,1274,3336
120000045,5517,852,4665
120000046,3571,2206,1365
120000047,523,4874,-4351
120000048,4753,3525,1228
120000049,3157,2107,1050
120000050,3377,2862,515
120000051,2264,3267,-1003
120000052,5320,1596,3724
120000053,1401,1486,-85
120000054,1386,2375,-989
120000055,1641,2974,-1333
120000056,3534,2741,793
120000057,3120,1208,1912
120000058,1784,1664,120
120000059,6,1309,-1303
120000061,108,382,-274
120000062,136,245,-109
120000063,1090,1704,-614
120000064,189,781,-592
120000065,552,1133,-581
120000066,188,344,-156
120000067,40,399,-359
120000068,219,465,-246
120000069,563,539,24
120000070,70,443,-373
120000071,577,88,489
120000072,800,426,374
120000073,880,73,807
120000074,102,122,-20
120000075,888,248,640
120000076,2096,415,1681
120000077,1901,539,1362
120000078,2798,1112,1686
120000079,520,299,221
120000080,302,216,86
120000081,423,151,272
120000082,399,287,112
120000083,139,786,-647
120000084,365,293,72
120000085,239,291,-52
120000086,275,360,-85
120000087,248,303,-55
120000088,721,693,28
120000089,1061,498,563
120000090,742,362,380
120000091,1005,795,210
120000092,1027,482,545
120000093,522,394,128
120000094,190,647,-457
120000095,830,283,547
120000096,214,459,-245
120000098,760,513,247
120000099,330,501,-171
120000100,608,614,-6
120000101,480,282,198
120000102,522,811,-289
120000103,1333,831,502
120000104,1672,370,1302
120000105,2985,591,2394
120000106,2296,573,1723
120000107,3918,533,3385
120000108,1373,124,1249
120000109,1089,49,1040
120000110,62,624,-562
120000111,153,655,-502
120000112,677,1573,-896
120000113,557,1256,-699
120000114,894,1542,-648
120000115,221,1368,-1147
120000116,592,1221,-629
120000117,781,955,-174
120000118,70,39,31
120000119,25,65,-40
120000120,76,92,-16
120000121,21,29,-8
120000122,194,440,-246
120000123,2697,5934,-3237
120000124,364,276,88
120000125,672,448,224
120000126,392,799,-407
120000127,1632,880,752
120000128,2149,3107,-958
120000129,226,252,-26
120000130,665,348,317
120000131,292,519,-227
120000134,346,551,-205
120000135,672,371,301
120000137,207,598,-391
120000138,1100,306,794
120000139,244,282,-38
120000140,928,367,561
120000141,423,318,105
120000142,755,520,235
120000143,2,82,-80
120000144,119,1,118
120000145,417,2,415
120000146,826,777,49
120000149,524,789,-265
120000150,1791,9712,-7921
120000151,366,418,-52
120000152,528,169,359
120000153,169,309,-140
120000154,463,381,82
120000155,141,255,-114
120000156,563,1100,-537
120000157,869,473,396
120000158,756,605,151
120000159,1718,1562,156
120000160,2189,1479,710
120000161,2338,1736,602
120000162,59,244,-185
120000163,695,725,-30
120000164,633,310,323
120000165,629,410,219
120000166,1302,316,986
120000167,131,143,-12
120000168,14,411,-397
120000169,55,1410,-1355
120000170,21,1384,-1363
120000171,16,650,-634
120000172,15,532,-517
120000173,984,2013,-1029
120000174,162,74,88
120000175,207,30,177
120000176,192,44,148
120000177,903,92,811
120000178,40,15,25
120000179,133,54,79
120000180,349,84,265
120000181,85,1198,-1113
120000182,55,586,-531
120000183,9,305,-296
120000184,161,816,-655
120000186,74,934,-860
120000187,22,380,-358
120000188,99,605,-506
120000190,318,65,253
120000191,441,77,364
120000192,388,18,370
120000193,84,2,82
120000195,33,3,30
120000196,93,14,79
120000197,35,54,-19
120000198,172,42,130
120000199,118,0,118
120000200,146,2,144
120000201,10,36,-26
120000202,2,45,-43
120000203,61,117,-56
120000207,1,45,-44
120000208,9,158,-149
120000209,6,54,-48
120000210,42,55,-13
120000211,177,2,175
120000212,272,0,272
120000213,155,157,-2
120000214,1,177,-176
120000215,1,94,-93
120000216,123,33,90
120000217,485,798,-313
120000218,106,536,-430
120000219,7,260,-253
120000220,4,787,-783
120000225,1654,3,1651
120000226,410,4,406
120000227,979,51,928
120000228,8839,3453,5386
120000230,459,10,449
120000231,1450,1383,67
120000233,309,8,301
120000235,348,424,-76
120000236,811,1,810
120000237,0,707,-707
120000238,0,1127,-1127
120000241,1080,2764,-1684
120000412,451,10,441
120000413,321,131,190
120000414,157,1,156
120000415,2,72,-70
120000416,117,7,110
120000417,10,98,-88
120000418,211,11,200
120000419,8,133,-125
120000420,35,12,23
120000421,6023,3999,2024
120000422,63,1179,-1116
120000423,3,68,-65
120000424,119,120,-1
120000436,100,551,-451
120000437,106,82,24
120000438,1418,214,1204
120000439,225,516,-291
120000443,185,5,180
120000444,1396,295,1101
120000445,1520,908,612
120000446,515,163,352
120000447,201,1,200
120000449,142,1,141
120000450,1,102,-101
120000451,97,119,-22
120000452,78,2,76
120000453,0,134,-134
120000454,54,47,7
120000455,90,33,57
120000456,1964,3406,-1442
120000457,548,367,181
120000458,431,445,-14
120000459,116,57,59
120000665,731,247,484
120000668,143,959,-816
120000669,79,126,-47
120000670,127,852,-725
120000671,1450,555,895
120000672,78,423,-345
120900001,55,93,-38
120900002,269,573,-304
120900003,127,20,107
120900004,15,85,-70
120900005,11,654,-643
120900006,520,198,322
120900007,160,56,104
120900008,332,795,-463
120900009,697,30,667
120900010,482,102,380
120900011,133,190,-57
120900012,114,1008,-894
120900013,304,75,229
120900014,0,273,-273
120900015,1001,64,937
120900016,794,42,752
120900017,1458,56,1402
120900018,122,283,-161
120900019,536,405,131
120900020,643,1181,-538
120900021,766,183,583
120900022,26,180,-154
120900023,305,25,280
120900024,1357,416,941
120900025,1136,870,266
120900026,158,134,24
120900027,917,10,907
120900028,473,101,372
120900029,87,548,-461
120900030,1349,628,721
120900031,260,113,147
120900032,1156,95,1061
120900033,930,75,855
120900034,16,2373,-2357
120900035,17,68,-51
120900037,211,13,198
120900038,57,347,-290
120900039,173,63,110
120900040,320,7,313
120900041,124,31,93
120900042,711,35,676
120900043,161,41,120
120900044,11,255,-244
120900045,168,67,101
120900046,427,3,424
120900047,208,130,78
120900048,181,30,151
120900049,460,4,456
120900050,1132,1552,-420
120900051,360,62,298
120900052,687,3,684
120900053,387,69,318
120900054,1358,461,897
120900055,465,5,460
120900056,587,22,565
120900057,174,12,162
120900058,573,2,571
120900059,105,5,100
120900060,69,22,47
120900061,219,157,62
120900062,255,7,248
120900063,599,7,592
120900064,704,0,704
120900065,659,1,658
120900066,395,184,211
120900067,172,57,115
120900068,308,0,308
120900069,358,19,339
120900071,27,0,27
120900072,822,10,812
120900073,628,101,527
120900074,605,11,594
120900076,363,0,363
120900077,1657,263,1394
120900078,830,595,235
120900079,873,103,770
120900080,972,928,44
120900081,1319,349,970
120900082,409,342,67
120900083,97,9,88
120900084,463,487,-24
120900085,94,150,-56
120900086,73,289,-216
120900087,456,383,73
120900088,140,459,-319
120900089,1721,2826,-1105
120900090,342,59,283
120900091,632,883,-251
120900092,884,330,554
120900093,1123,128,995
120900094,336,175,161
120900095,309,9,300
120900096,61,170,-109
120900097,498,431,67
120900098,228,159,69
120900099,53,59,-6
120900100,87,127,-40
120900101,420,183,237
120900102,44,83,-39
120900103,30,151,-121
120900104,17,33,-16
120900105,36,289,-253
120900106,919,324,595
120900107,186,117,69
120900108,19,273,-254
120900109,32,316,-284
120900110,6,406,-400
120900111,149,269,-120
120900112,6,418,-412
120900113,15,519,-504
120900114,24,120,-96
120900115,111,244,-133
120900116,418,203,215
120900117,1,232,-231
120900118,25,397,-372
120900119,5131,3312,1819
120900120,61,297,-236
120900121,42,290,-248
120900122,639,281,358
120900123,4,177,-173
120900124,2,305,-303
120900125,2,274,-272
120900126,1269,680,589
120900127,18,261,-243
120900128,1074,993,81
120900129,46,177,-131
120900130,7,235,-228
120900131,137,48,89
120900132,1082,138,944
120900133,64,431,-367
120900134,697,284,413
120900135,2,374,-372
120900136,57,72,-15
120900137,218,33,185
120900138,9,166,-157
120900139,1,432,-431
120900140,2,65,-63
120900141,112,132,-20
120900142,20,206,-186
120900143,2,507,-505
120900144,0,66,-66
120900145,201,559,-358
120900146,4,607,-603
120900147,3,286,-283
120900148,113,120,-7
120900149,0,139,-139
120900150,44,345,-301
120900151,2,391,-389
120900152,4,17,-13
120900153,94,67,27
120900154,0,96,-96
120900155,203,622,-419
120900156,82,279,-197
120900157,73,212,-139
120900158,56,396,-340
120900159,232,326,-94
120900160,37,596,-559
120900161,34,281,-247
120900162,91,408,-317
120900163,172,621,-449
120900164,0,116,-116
120900165,6,573,-567
120900166,152,458,-306
120900167,217,138,79
120900169,84,257,-173
120900170,547,2833,-2286
120900171,583,169,414
120900172,321,1058,-737
120900173,0,47,-47
120900174,15,111,-96
120900175,186,88,98
120900176,12,252,-240
120900177,2,1054,-1052
120900178,0,387,-387
120900179,641,284,357
120900180,67,149,-82
120900181,117,31,86
120900182,37,309,-272
120900183,455,35,420
120900184,217,51,166
120900185,28,271,-243
120900186,0,226,-226
120900187,474,841,-367
120900188,244,4,240
120900189,74,1489,-1415
120900190,118,7,111
120900191,10,17,-7
120900192,5147,8187,-3040
120900194,59,104,-45
120900195,81,222,-141
120900196,839,32,807
120900197,645,101,544
120900198,154,444,-290
120900199,324,431,-107
120900200,36,158,-122
120900201,373,82,291
120900202,2,81,-79
120900203,31,71,-40
120900204,102,158,-56
120900205,44,28,16
120900206,34,34,0
120900207,63,712,-649
121000001,466,865,-399
121000002,1858,1267,591
121000003,2071,1393,678
121000004,2062,2749,-687
121000005,1422,2114,-692
121000006,2644,2089,555
121000007,1769,2494,-725
121000008,4127,3775,352
121000009,3317,4918,-1601
121000010,6006,5251,755
121000011,5123,8708,-3585
121000012,10549,7946,2603
121000013,4214,5416,-1202
121000014,4644,4224,420
121000015,3299,6041,-2742
121000016,3428,2822,606
121000017,1695,2790,-1095
121000018,2333,1512,821
121000019,9116,9025,91
121000020,9674,15618,-5944
121000021,1868,1788,80
121000022,2374,2698,-324
121000023,2547,1489,1058
121000024,4185,3999,186
121000025,423,1268,-845
121000026,343,151,192
121000027,1342,1146,196
121000028,803,481,322
121000029,733,576,157
121000030,657,345,312
121000031,567,503,64
121000032,211,135,76
121000034,293,212,81
121000035,153,149,4
121000036,853,689,164
121000037,536,459,77
121000038,427,860,-433
121000039,261,279,-18
121000041,428,370,58
121000042,289,320,-31
121000043,549,527,22
121000044,1046,911,135
121000045,318,219,99
121000046,635,688,-53
121000047,24,91,-67
121000049,986,500,486
121000050,277,1090,-813
121000051,499,239,260
121000052,305,579,-274
121000053,304,101,203
121000054,50,311,-261
121000055,861,1159,-298
121000056,691,896,-205
121000057,408,414,-6
121000058,271,257,14
121000059,1740,1077,663
121000060,502,1002,-500
121000061,129,249,-120
121000062,179,344,-165
121000063,770,860,-90
121000064,613,743,-130
121000065,222,445,-223
121000066,501,546,-45
121000067,364,471,-107
121000068,519,329,190
121000069,205,790,-585
121000070,1331,956,375
121000071,1330,1145,185
121000072,895,646,249
121000073,948,1097,-149
121000074,85,196,-111
121000075,25,298,-273
121000076,363,283,80
121000077,140,183,-43
121000078,94,133,-39
121000080,1358,543,815
121000081,2663,2865,-202
121000082,85,221,-136
121000083,144,106,38
121000084,163,153,10
121000085,246,408,-162
121000086,336,455,-119
121000087,100,235,-135
121000088,451,427,24
121000089,266,352,-86
121000090,304,362,-58
121000091,989,820,169
121000092,168,70,98
121000093,173,193,-20
121000094,385,612,-227
121000095,348,577,-229
121000096,2510,1904,606
121000097,494,1862,-1368
121000098,554,548,6
121000099,772,519,253
121000100,867,259,608
121000101,388,182,206
121000102,291,147,144
121000103,176,171,5
121000104,256,82,174
121000105,404,126,278
121000106,326,222,104
121000107,1559,2296,-737
121000109,814,868,-54
121000110,213,628,-415
121000114,2533,1861,672
121000115,1059,554,505
121000116,272,595,-323
121000117,360,192,168
121000118,1497,202,1295
121000119,293,338,-45
121000120,234,327,-93
121000121,493,1004,-511
121000123,976,539,437
121000127,110,64,46
121000128,904,219,685
121000129,1014,412,602
121000130,645,460,185
121000131,1365,1531,-166
121000132,1010,1597,-587
121000135,236,326,-90
121000136,1059,764,295
121000137,334,312,22
121000138,729,913,-184
121000139,510,339,171
121000141,204,93,111
121000142,579,748,-169
121000143,141,35,106
121000144,548,1533,-985
121000145,489,615,-126
121000146,1215,885,330
121000147,947,442,505
121000148,775,730,45
121000149,1796,1151,645
121000152,402,351,51
121000153,1469,428,1041
121000154,926,422,504
121000155,1240,899,341
121000156,373,793,-420
121000157,611,1001,-390
121000158,388,336,52
121000159,206,302,-96
121000160,294,252,42
121000161,235,213,22
121000162,112,102,10
121000165,904,1900,-996
121000166,32,382,-350
121000168,393,167,226
121000169,82,78,4
121000170,286,71,215
121000171,44,132,-88
121000172,621,412,209
121000173,968,977,-9
121000174,368,389,-21
121000175,1015,272,743
121000176,350,228,122
121000177,656,387,269
121000178,87,26,61
121000179,52,35,17
121000181,453,362,91
121000182,98,256,-158
121000183,90,53,37
121000184,27,113,-86
121000185,67,212,-145
121000186,237,513,-276
121000187,166,107,59
121000188,145,81,64
121000192,766,329,437
121000193,514,407,107
121000194,1591,1747,-156
121000195,183,856,-673
121000196,477,237,240
121000197,112,499,-387
121000198,194,162,32
121000199,114,186,-72
121000200,579,76,503
121000201,12,116,-104
121000202,827,112,715
121000203,701,1446,-745
121000204,2760,671,2089
121000205,115,167,-52
121000206,151,34,117
121000207,1778,729,1049
121000208,4,273,-269
121000209,382,119,263
121000210,615,259,356
121000211,324,82,242
121000212,566,243,323
121000213,8069,2198,5871
121000214,630,1707,-1077
121000215,734,946,-212
121000216,483,570,-87
121000217,2861,2676,185
121000218,294,1243,-949
121000219,1190,590,600
121000220,117,48,69
121000221,113,291,-178
121000222,1822,1837,-15
121000223,269,518,-249
121000224,192,260,-68
121000225,807,1706,-899
121000226,2913,1035,1878
121000227,8,119,-111
121000228,16,360,-344
121000229,285,327,-42
121000230,53,1231,-1178
121000231,1102,31,1071
121000232,401,258,143
121000233,516,272,244
121000234,21,53,-32
121000235,56,87,-31
121000236,11,61,-50
121000237,31,26,5
121000238,7,68,-61
121000239,59,11,48
121000240,10,126,-116
121000241,108,11,97
121000242,65,625,-560
121000243,301,73,228
121000244,29,96,-67
121000245,50,12,38
121000246,4,97,-93
121000247,131,6,125
121000248,501,956,-455
121000249,73,171,-98
121000250,486,239,247
121000251,14,270,-256
121000252,163,71,92
121000253,255,207,48
121000254,679,177,502
121000255,122,149,-27
121000256,256,186,70
121000257,27,74,-47
121000258,64,85,-21
121000259,52,59,-7
121000260,91,69,22
121000261,71,76,-5
121000262,681,409,272
121000263,440,291,149
121000271,321,1000,-679
121000273,15,2,13
121000274,6,68,-62
121000275,1,12,-11
121000276,9,14,-5
121000278,58,20,38
121000279,26,22,4
121000280,29,52,-23
121000289,231,22,209
121000290,845,828,17
121000294,191,64,127
121000297,503,994,-491
121000299,96,387,-291
121000300,604,405,199
121000302,38,722,-684
121000303,460,219,241
121000304,440,93,347
121000305,148,33,115
121000306,142,93,49
121000308,141,237,-96
121000309,260,279,-19
121000310,89,215,-126
121000311,72,451,-379
121000312,246,194,52
121000313,221,290,-69
121000314,88,116,-28
121000315,44,123,-79
121000530,1380,1007,373
121000531,1468,1119,349
121000532,5075,6244,-1169
121000533,2744,3151,-407
121000918,33,75,-42
121000919,52,78,-26
121000938,82,153,-71
121000939,46,265,-219
121000956,1366,976,390
121000957,2,9,-7
121000958,31,29,2
121000959,795,466,329
121000960,1164,1408,-244
121000961,269,67,202
121000962,574,432,142
121000973,3,165,-162
121000976,10,162,-152
121000979,409,113,296
121000981,231,93,138
121000982,327,127,200
121000983,384,202,182
121000984,26,30,-4
121000985,715,222,493
121000986,355,100,255
121000987,223,445,-222
121000988,828,89,739
121001302,174,80,94
121001308,0,22,-22
121001309,29,365,-336
121001311,0,0,0
121001313,156,80,76
121001314,1142,1606,-464
121001315,4519,2747,1772
121001326,391,296,95
121900001,97,132,-35
121900002,48,23,25
121900003,395,9,386
121900004,60,172,-112
121900005,10,9,1
121900006,86,24,62
121900007,1415,1428,-13
121900008,275,402,-127
121900009,432,11,421
121900010,185,2,183
121900011,162,138,24
121900012,10,0,10
121900013,833,129,704
121900014,1095,344,751
121900015,185,191,-6
121900016,3,37,-34
121900017,682,341,341
121900018,382,7,375
121900019,470,133,337
121900020,23,3,20
121900021,814,13,801
121900022,280,233,47
121900023,153,198,-45
121900024,264,76,188
121900025,550,392,158
121900026,256,26,230
121900027,325,77,248
121900028,191,9,182
121900029,100,230,-130
121900030,344,471,-127
121900031,734,5292,-4558
121900032,54,39,15
121900033,166,257,-91
121900034,232,63,169
121900035,1973,1766,207
121900036,72,257,-185
121900037,132,962,-830
121900038,30,89,-59
121900039,294,47,247
121900040,70,84,-14
121900041,91,192,-101
121900042,317,132,185
121900043,1,5,-4
121900044,94,53,41
121900046,220,269,-49
121900047,151,72,79
121900048,44,71,-27
121900050,30,47,-17
121900051,168,144,24
121900052,154,28,126
121900053,427,266,161
121900054,341,971,-630
121900055,5,13,-8
121900058,253,113,140
121900059,303,148,155
121900060,100,316,-216
121900061,153,125,28
121900062,150,92,58
121900063,1354,337,1017
121900064,239,413,-174
121900066,81,27,54
121900067,47,25,22
121900069,148,92,56
121900070,174,107,67
121900071,445,216,229
121900072,76,93,-17
121900073,213,226,-13
121900074,451,907,-456
121900075,388,534,-146
121900076,558,348,210
121900078,51,35,16
121900079,2,0,2
121900080,628,276,352
121900082,69,73,-4
121900084,30,85,-55
121900086,20,70,-50
121900087,113,115,-2
121900088,1288,2241,-953
121900089,249,242,7
121900090,71,55,16
121900091,73,83,-10
121900092,60,111,-51
121900093,76,83,-7
121900094,50,10,40
121900095,314,134,180
121900096,897,643,254
121900097,649,206,443
121900098,5,0,5
121900099,225,41,184
121900100,115,410,-295
121900101,99,100,-1
121900102,3,94,-91
121900103,366,227,139
121900104,1488,298,1190
121900105,239,178,61
121900106,19,3,16
121900107,53,20,33
121900108,0,26,-26
121900109,201,128,73
121900110,483,433,50
121900111,646,150,496
121900112,182,107,75
121900113,71,420,-349
121900114,65,68,-3
121900117,156,74,82
121900118,1348,605,743
121900119,140,85,55
121900120,44,892,-848
121900121,370,24,346
121900122,27,56,-29
121900123,140,300,-160
121900124,147,141,6
121900125,1198,722,476
121900127,10,77,-67
121900128,71,58,13
121900129,233,136,97
121900130,92,150,-58
121900131,245,90,155
121900132,83,50,33
121900133,67,1084,-1017
121900134,41,173,-132
121900135,2529,386,2143
121900136,382,253,129
121900137,29,291,-262
121900138,75,97,-22
121900139,234,831,-597
121900140,70,101,-31
121900141,79,19,60
121900142,103,91,12
121900143,6,90,-84
121900144,118,193,-75
121900145,190,228,-38
121900146,425,545,-120
121900147,87,180,-93
121900148,160,222,-62
121900149,251,365,-114
121900150,49,155,-106
121900151,55,242,-187
121900152,94,81,13
121900153,50,557,-507
121900154,15,295,-280
121900155,0,152,-152
121900156,128,113,15
121900157,1,221,-220
121900158,111,78,33
121900159,0,181,-181
121900160,65,229,-164
121900161,243,342,-99
121900162,77,147,-70
121900163,322,370,-48
121900164,275,160,115
121900165,231,110,121
121900166,145,116,29
121900167,52,122,-70
121900168,97,202,-105
121900169,1,145,-144
121900170,13,139,-126
121900171,733,412,321
121900172,558,156,402
121900173,589,230,359
121900174,55,61,-6
121900175,162,150,12
121900176,387,1145,-758
121900177,127,60,67
121900178,77,32,45
121900179,339,197,142
121900180,1748,4165,-2417
121900182,635,416,219
121900183,687,911,-224
121900184,90,467,-377
121900186,12,313,-301
121900187,24,171,-147
121900188,357,260,97
121900189,16,89,-73
121900190,206,383,-177
121900191,80,327,-247
121900192,275,954,-679
121900193,72,163,-91
121900194,6,211,-205
121900195,31,46,-15
121900196,630,740,-110
121900197,320,934,-614
121900198,1050,897,153
121900199,4,20,-16
121900200,80,249,-169
121900201,499,647,-148
121900202,101,603,-502
121900203,93,962,-869
121900204,520,1223,-703
121900205,13,67,-54
121900206,33,37,-4
121900207,78,29,49
121900208,108,280,-172
121900209,40,41,-1
121900210,1234,918,316
121900211,486,354,132
121900212,126,81,45
121900213,214,32,182
121900214,11,360,-349
121900215,50,114,-64
121900216,48,148,-100
121900217,183,119,64
121900218,156,331,-175
121900220,92,12,80
121900221,222,448,-226
121900222,212,85,127
121900223,184,33,151
121900224,62,27,35
121900225,87,128,-41
121900226,240,104,136
121900227,263,380,-117
121900228,183,184,-1
121900230,68,244,-176
121900231,121,1323,-1202
121900232,111,238,-127
121900233,190,179,11
121900234,273,124,149
121900235,419,100,319
121900236,232,132,100
121900237,159,202,-43
121900238,164,232,-68
121900239,206,34,172
121900240,256,121,135
121900241,70,36,34
121900242,17,1,16
121900243,7,0,7
121900244,28,4,24
121900245,160,66,94
121900246,2555,138,2417
121900248,846,928,-82
121900250,193,295,-102
121900251,373,44,329
121900252,368,116,252
121900253,103,694,-591
121900254,397,269,128
121900255,383,63,320
121900258,2823,1470,1353
121900259,310,509,-199
121900260,77,72,5
121900261,187,575,-388
121900262,335,825,-490
121900263,297,161,136
121900264,952,874,78
121900265,300,179,121
121900266,528,141,387
121900267,69,35,34
121900269,178,671,-493
121900270,47,149,-102
121900271,49,96,-47
121900273,377,1467,-1090
121900274,293,195,98
121900277,310,762,-452
121900278,103,570,-467
121900279,131,155,-24
121900280,74,330,-256
121900281,177,406,-229
121900284,65,9,56
121900286,164,85,79
121900287,6,26,-20
121900288,0,2,-2
121900290,175,396,-221
121900291,395,673,-278
121900292,122,119,3
121900293,794,2310,-1516
121900294,267,6,261
121900295,177,133,44
121900296,71,168,-97
121900298,212,737,-525
121900299,0,14,-14
121900300,83,10,73
121900301,86,0,86
121900302,5,56,-51
121900303,388,211,177
121900304,1,22,-21
121900305,2,7,-5
121900306,300,2,298
121900307,77,9,68
121900308,18,150,-132
121900309,2,133,-131
121900310,18,247,-229
121900311,438,32,406
121900312,287,13,274
121900313,350,16,334
121900314,5,39,-34
121900315,26,2,24
121900316,0,20,-20
121900317,18,4,14
121900318,0,7,-7
121900319,47,160,-113
121900320,36,40,-4
121900321,9,0,9
121900322,1,6,-5
121900323,21,13,8
121900324,4,44,-40
121900325,14,1,13
121900326,0,21,-21
121900327,3,39,-36
121900328,1,19,-18
121900329,0,127,-127
121900330,1,82,-81
121900331,5,8,-3
121900332,72,22,50
121900333,31,0,31
121900334,49,44,5
122000001,1154,4482,-3328
122000002,2181,1010,1171
122000003,1136,2581,-1445
122000004,1777,1253,524
122000005,2443,1920,523
122000006,1074,976,98
122000007,685,1471,-786
122000008,1400,3102,-1702
122000009,378,385,-7
122000010,1887,2328,-441
122000011,3129,1558,1571
122000012,797,1966,-1169
122000013,701,1036,-335
122000014,1776,1000,776
122000015,1006,881,125
122000016,423,743,-320
122000017,937,835,102
122000018,1312,1316,-4
122000019,801,982,-181
122000020,212,203,9
122000021,184,299,-115
122000022,975,876,99
122000023,676,1195,-519
122000024,484,1570,-1086
122000025,681,1989,-1308
122000026,520,1375,-855
122000027,567,1097,-530
122000028,874,504,370
122000029,368,451,-83
122000030,161,161,0
122000031,134,264,-130
122000032,1993,1544,449
122000033,369,1548,-1179
122000034,410,590,-180
122000035,198,643,-445
122000036,435,371,64
122000037,364,218,146
122000038,190,309,-119
122000039,500,510,-10
122000040,181,226,-45
122000041,460,578,-118
122000042,275,402,-127
122000043,73,107,-34
122000044,100,114,-14
122000045,1210,477,733
122000046,683,632,51
122000047,181,193,-12
122000048,2625,3320,-695
122000049,4336,2988,1348
122000050,961,739,222
122000051,175,401,-226
122000052,365,517,-152
122000053,145,899,-754
122000054,1663,1463,200
122000055,1731,3156,-1425
122000056,2774,2649,125
122000057,2144,3395,-1251
122000058,1183,1471,-288
122000059,1253,2699,-1446
122000060,378,760,-382
122000061,284,659,-375
122000062,497,256,241
122000063,636,704,-68
122000064,2438,2985,-547
122000065,2258,1782,476
122000066,396,504,-108
122000067,1189,1043,146
122000068,994,794,200
122000069,850,788,62
122000070,628,869,-241
122000071,1537,856,681
122000072,428,487,-59
122000073,249,850,-601
122000074,2853,1376,1477
122000075,650,1007,-357
122000076,3461,1176,2285
122000077,753,1157,-404
122000078,1008,3156,-2148
122000079,540,1354,-814
122000080,507,424,83
122000081,147,226,-79
122000082,355,1048,-693
122000083,1629,953,676
122000084,1669,779,890
122000085,248,637,-389
122000086,1679,4220,-2541
122000087,272,317,-45
122000088,214,398,-184
122000089,3460,1711,1749
122000090,133,450,-317
122000091,118,133,-15
122000092,64,13,51
122000093,1488,2246,-758
122000094,3628,2468,1160
122000095,997,3151,-2154
122000096,528,1291,-763
122000098,1939,2746,-807
122000099,1073,795,278
122000100,683,461,222
122000101,279,453,-174
122000102,1665,909,756
122000103,1587,1340,247
122000104,479,132,347
122000105,342,253,89
122000106,375,704,-329
122000107,954,413,541
122000108,470,755,-285
122000109,378,259,119
122000110,455,464,-9
122000111,2500,1320,1180
122000112,958,1129,-171
122000113,588,607,-19
122000114,2030,1654,376
122000115,1582,1017,565
122000116,424,465,-41
122000117,938,357,581
122000118,517,637,-120
122000119,1927,1731,196
122000120,941,2508,-1567
122000121,864,2024,-1160
122000122,487,1096,-609
122000123,1223,1338,-115
122000124,790,461,329
122000125,490,593,-103
122000126,417,671,-254
122000127,646,771,-125
122000128,237,396,-159
122000129,557,1449,-892
122000130,2153,1227,926
122000131,830,657,173
122000132,221,304,-83
122000133,573,574,-1
122000134,900,670,230
122000135,584,506,78
122000136,740,542,198
122000137,1219,560,659
122000139,823,2943,-2120
122000140,556,554,2
122000141,2105,910,1195
122000142,189,810,-621
122000143,330,349,-19
122000144,977,734,243
122000145,534,620,-86
122000146,499,856,-357
122000147,451,427,24
122000148,975,1886,-911
122000149,1564,1230,334
122000150,1025,802,223
122000151,126,330,-204
122000152,277,277,0
122000153,317,283,34
122000154,230,207,23
122000155,1305,2020,-715
122000156,2292,2494,-202
122000157,929,2427,-1498
122000158,271,469,-198
122000159,391,896,-505
122000160,1809,1637,172
122000161,865,913,-48
122000162,1128,1483,-355
122000163,234,117,117
122000164,60,105,-45
122000165,696,574,122
122000166,680,961,-281
122000167,296,260,36
122000168,167,638,-471
122000169,275,185,90
122000170,335,244,91
122000171,52,116,-64
122000172,1251,1094,157
122000173,1064,2022,-958
122000174,1926,915,1011
122000175,764,297,467
122000176,313,738,-425
122000177,1243,1447,-204
122000178,2485,2005,480
122000179,1327,2071,-744
122000180,1236,1306,-70
122000181,1241,2620,-1379
122000182,1144,1143,1
122000183,1666,915,751
122000184,2264,2391,-127
122000185,1065,1842,-777
122000186,384,830,-446
122000187,1582,766,816
122000188,309,175,134
122000189,206,337,-131
122000190,668,1097,-429
122000191,764,619,145
122000192,976,348,628
122000193,429,584,-155
122000194,456,171,285
122000195,131,411,-280
122000196,944,548,396
122000197,453,523,-70
122000198,495,923,-428
122000199,240,344,-104
122000200,743,600,143
122000201,1104,1458,-354
122000202,991,1444,-453
122000203,2174,1131,1043
122000204,940,1439,-499
122000205,862,1098,-236
122000206,2088,745,1343
122000207,1852,984,868
122000208,1912,1139,773
122000209,1464,382,1082
122000210,1664,1228,436
122000211,1111,1004,107
122000212,793,623,170
122000213,951,1249,-298
122000214,1681,1546,135
122000215,1764,1594,170
122000217,1413,1218,195
122000218,620,85,535
122000219,746,761,-15
122000220,304,518,-214
122000221,64,352,-288
122000222,517,172,345
122000223,982,439,543
122000225,792,282,510
122000226,1514,1236,278
122000227,163,1671,-1508
122000228,255,279,-24
122000229,26,400,-374
122000230,71,283,-212
122000231,319,553,-234
122000232,511,567,-56
122000233,0,89,-89
122000234,345,59,286
122000235,370,83,287
122000236,1188,52,1136
122000237,94,71,23
122000238,281,303,-22
122000239,677,171,506
122000240,1181,473,708
122000241,1769,402,1367
122000242,519,122,397
122000243,314,61,253
122000244,88,216,-128
122000245,101,128,-27
122000246,485,200,285
122000247,483,436,47
122000248,702,949,-247
122000249,1254,879,375
122000250,1604,1054,550
122000251,164,419,-255
122000252,364,125,239
122000253,33,202,-169
122000254,303,82,221
122000255,634,900,-266
122000256,305,544,-239
122000257,208,248,-40
122000258,191,151,40
122000259,28,250,-222
122000260,10,30,-20
122000261,6,263,-257
122000262,0,49,-49
122000263,310,345,-35
122000264,1104,279,825
122000265,1857,846,1011
122000266,3167,557,2610
122000267,137,98,39
122000268,158,268,-110
122000269,780,271,509
122000270,481,131,350
122000271,174,742,-568
122000272,311,710,-399
122000273,321,259,62
122000274,170,131,39
122000275,54,118,-64
122000276,688,360,328
122000277,1074,1231,-157
122000278,1712,510,1202
122000279,188,280,-92
122000280,737,451,286
122000281,733,623,110
122000282,263,297,-34
122000283,249,136,113
122000284,219,96,123
122000285,299,62,237
122000286,61,135,-74
122000287,406,284,122
122000288,904,823,81
122000291,2121,664,1457
122000293,220,161,59
122000294,128,252,-124
122000295,1065,371,694
122000296,36,425,-389
122000297,1235,3133,-1898
122000299,604,362,242
122000300,459,581,-122
122000301,3769,2284,1485
122000302,402,1518,-1116
122000303,2074,944,1130
122000304,19,58,-39
122000305,1114,167,947
122000306,59,375,-316
122000307,62,135,-73
122000309,41,55,-14
122000310,12,105,-93
122000311,132,95,37
122000312,114,172,-58
122000313,110,75,35
122000314,124,149,-25
122000315,240,60,180
122000316,853,172,681
122000317,1580,273,1307
122000318,231,474,-243
122000319,1504,622,882
122000320,196,399,-203
122000321,70,112,-42
122000322,1389,1854,-465
122000323,793,2274,-1481
122000324,986,1089,-103
122000325,719,1960,-1241
122000326,101,73,28
122000327,382,587,-205
122000328,501,339,162
122000330,1221,677,544
122000332,145,260,-115
122000333,13,69,-56
122000337,1125,677,448
122000338,318,239,79
122000340,260,620,-360
122000342,985,697,288
122000343,395,551,-156
122000344,101,15,86
122000345,4,19,-15
122000346,268,251,17
122000348,601,498,103
122000349,52,356,-304
122000351,114,193,-79
122000352,327,145,182
122000353,108,54,54
122000355,183,258,-75
122000356,795,1058,-263
122000357,81,33,48
122000358,0,33,-33
122000359,0,18,-18
122000360,0,16,-16
122000362,8,39,-31
122000364,193,227,-34
122000365,3,28,-25
122000366,2,2,0
122000368,401,474,-73
122000370,19,28,-9
122000371,41,2,39
122000372,13,1,12
122000381,129,278,-149
122000382,115,181,-66
122000384,1509,844,665
122000385,67,1,66
122000386,202,933,-731
122000387,347,608,-261
122000388,1386,813,573
122000389,189,715,-526
122000390,262,274,-12
122000391,245,308,-63
122000392,150,132,18
122000393,59,107,-48
122000394,509,179,330
122000395,128,106,22
122000396,222,86,136
122000397,24,18,6
122000398,32,41,-9
122000399,150,70,80
122000400,67,592,-525
122000401,111,56,55
122000402,329,143,186
122000403,369,430,-61
122000404,146,93,53
122000408,552,793,-241
122000503,15,81,-66
122000524,140,108,32
122000544,63,1683,-1620
122000614,201,258,-57
122000616,187,0,187
122000640,70,73,-3
122000641,134,184,-50
122000642,917,712,205
122000643,73,140,-67
122000644,79,27,52
122000645,125,233,-108
122000651,757,1154,-397
122000664,115,16,99
122000665,859,491,368
122000666,564,910,-346
122000673,17,114,-97
122000674,206,87,119
122000675,1689,535,1154
122000686,307,669,-362
122000687,1182,216,966
122000688,216,315,-99
122000689,900,292,608
122000690,2182,289,1893
122000691,739,871,-132
122000692,1256,265,991
122000693,332,942,-610
122000695,305,283,22
122000696,443,133,310
122000698,415,371,44
122000699,192,33,159
122000701,1292,252,1040
122000702,409,597,-188
122000703,196,43,153
122000717,70,48,22
122000718,413,978,-565
122000719,140,84,56
122000720,658,105,553
122000724,282,225,57
122900001,38,8,30
122900002,796,2842,-2046
122900003,330,30,300
122900004,983,52,931
122900005,110,64,46
122900006,438,451,-13
122900007,434,1150,-716
122900008,295,93,202
122900009,444,334,110
122900010,153,119,34
122900012,183,293,-110
122900014,137,145,-8
122900015,677,833,-156
122900016,146,162,-16
122900017,1034,659,375
122900018,137,22,115
122900019,4,105,-101
122900020,69,110,-41
122900021,316,390,-74
122900022,921,593,328
122900023,268,128,140
122900024,105,93,12
122900025,13,221,-208
122900026,37,202,-165
122900027,87,640,-553
122900028,123,117,6
122900029,3419,2295,1124
122900030,923,466,457
122900031,115,345,-230
122900032,88,371,-283
122900033,266,138,128
122900034,3126,4126,-1000
122900035,27,16,11
122900036,46,46,0
122900037,267,97,170
122900038,139,2613,-2474
122900039,97,436,-339
122900040,221,359,-138
122900041,333,272,61
122900042,124,227,-103
122900043,259,198,61
122900044,84,304,-220
122900045,98,101,-3
122900046,173,242,-69
122900047,152,212,-60
122900048,44,189,-145
122900049,1112,120,992
122900051,75,153,-78
122900052,133,99,34
122900053,33,30,3
122900055,302,66,236
122900057,189,54,135
122900061,405,176,229
122900062,532,560,-28
122900063,170,147,23
122900064,752,540,212
122900065,565,197,368
122900066,618,298,320
122900067,677,464,213
122900069,298,1076,-778
122900070,309,40,269
122900071,209,513,-304
122900073,4,22,-18
122900074,671,302,369
122900076,8,146,-138
122900077,4,155,-151
122900078,138,39,99
122900080,85,37,48
122900081,127,117,10
122900082,958,138,820
122900083,129,80,49
122900084,16,108,-92
122900086,44,1113,-1069
122900087,239,309,-70
122900088,41,284,-243
122900089,27,234,-207
122900090,21,589,-568
122900091,257,5,252
122900092,0,58,-58
122900093,0,98,-98
122900094,1,108,-107
122900095,162,19,143
122900096,383,72,311
122900097,51,77,-26
122900098,80,113,-33
122900099,104,19,85
122900100,113,327,-214
122900101,366,274,92
122900102,20,16,4
122900103,154,5,149
122900104,187,3,184
122900105,17,14,3
122900106,13,35,-22
122900107,2,45,-43
122900108,3,171,-168
122900109,193,55,138
123000001,992,486,506
123000002,2355,4771,-2416
123000003,3334,3767,-433
123000004,2383,3214,-831
123000005,2235,2534,-299
123000006,1798,1646,152
123000007,3756,2228,1528
123000008,2132,2191,-59
123000009,3816,2251,1565
123000010,2869,2591,278
123000011,1637,830,807
123000012,570,1844,-1274
123000013,2885,765,2120
123000014,676,2682,-2006
123000015,1821,894,927
123000016,2219,3088,-869
123000017,2797,1632,1165
123000018,54,106,-52
123000019,434,75,359
123000020,298,47,251
123000021,202,176,26
123000022,275,1558,-1283
123000023,1395,1487,-92
123000024,1508,577,931
123000025,355,135,220
123000026,44,105,-61
123000027,111,639,-528
123000028,1442,811,631
123000029,819,1128,-309
123000030,223,154,69
123000031,201,165,36
123000032,412,95,317
123000033,264,63,201
123000034,935,662,273
123000035,373,334,39
123000036,221,850,-629
123000037,188,226,-38
123000038,67,157,-90
123000039,366,1450,-1084
123000040,563,248,315
123000041,955,1135,-180
123000042,808,661,147
123000043,1823,9222,-7399
123000044,2658,1946,712
123000045,3402,2188,1214
123000046,489,1305,-816
123000047,1095,878,217
123000048,68,790,-722
123000049,4137,7848,-3711
123000050,1341,1215,126
123000051,92,179,-87
123000052,749,2711,-1962
123000053,2116,2579,-463
123000054,1504,1244,260
123000055,1364,2583,-1219
123000056,940,1159,-219
123000057,4727,4860,-133
123000058,572,884,-312
123000059,285,404,-119
123000060,748,329,419
123000061,263,523,-260
123000063,678,813,-135
123000064,948,218,730
123000065,2853,1740,1113
123000066,403,416,-13
123000067,729,376,353
123000068,2029,1955,74
123000069,4361,1933,2428
123000070,166,439,-273
123000071,1087,606,481
123000072,866,466,400
123000073,1413,535,878
123000074,883,604,279
123000075,294,1049,-755
123000076,704,377,327
123000077,1657,1504,153
123000078,1721,1278,443
123000079,1390,1272,118
123000080,1643,944,699
123000081,139,238,-99
123000082,270,650,-380
123000083,828,281,547
123000084,574,361,213
123000085,324,42,282
123000086,540,85,455
123000087,332,147,185
123000088,945,448,497
123000089,545,839,-294
123000090,1040,608,432
123000091,1238,1110,128
123000092,777,918,-141
123000094,413,191,222
123000095,556,486,70
123000096,656,311,345
123000097,451,397,54
123000098,762,358,404
123000099,639,500,139
123000100,449,607,-158
123000101,426,503,-77
123000102,494,651,-157
123000104,384,466,-82
123000105,314,390,-76
123000106,385,425,-40
123000107,251,419,-168
123000108,329,836,-507
123000111,801,298,503
123000112,1133,386,747
123000113,388,670,-282
123000114,324,546,-222
123000115,245,221,24
123000116,47,90,-43
123000117,1510,966,544
123000118,336,549,-213
123000119,197,578,-381
123000120,305,516,-211
123000121,458,383,75
123000122,268,230,38
123000123,466,414,52
123000124,304,369,-65
123000125,937,1161,-224
123000126,987,3324,-2337
123000127,533,480,53
123000128,213,202,11
123000129,705,182,523
123000130,607,86,521
123000131,871,787,84
123000132,234,409,-175
123000133,138,149,-11
123000134,206,133,73
123000135,2312,794,1518
123000136,186,428,-242
123000137,63,149,-86
123000138,67,199,-132
123000139,527,78,449
123000140,61,364,-303
123000141,586,119,467
123000142,709,625,84
123000143,992,1230,-238
123000144,27,29,-2
123000145,129,260,-131
123000146,11,63,-52
123000147,67,88,-21
123000149,300,281,19
123000150,99,184,-85
123000151,182,410,-228
123000152,54,317,-263
123000153,234,672,-438
123000154,1023,1581,-558
123000155,1524,1001,523
123000156,16,97,-81
123000157,446,659,-213
123000158,431,634,-203
123000159,2516,2261,255
123000160,956,628,328
123000161,1408,951,457
123000162,1025,1280,-255
123000163,495,94,401
123000164,1375,263,1112
123000165,341,939,-598
123000166,54,97,-43
123000167,133,182,-49
123000168,260,149,111
123000169,900,127,773
123000170,125,69,56
123000171,766,14,752
123000172,133,294,-161
123000173,429,270,159
123000174,890,370,520
123000175,387,671,-284
123000176,886,193,693
123000177,238,499,-261
123000178,745,136,609
123000179,46,364,-318
123000180,1442,337,1105
123000181,254,815,-561
123000182,236,202,34
123000183,147,619,-472
123000184,97,276,-179
123000185,688,233,455
123000186,5,366,-361
123000187,543,8,535
123000188,194,0,194
123000189,222,129,93
123000190,55,79,-24
123000192,20,283,-263
123000193,62,594,-532
123000194,387,222,165
123000195,315,49,266
123000196,325,24,301
123000197,84,102,-18
123000198,25,757,-732
123000199,10,535,-525
123000200,573,4,569
123000201,1095,21,1074
123000202,25,508,-483
123000203,873,59,814
123000204,63,646,-583
123000205,414,904,-490
123000206,2030,260,1770
123000207,63,551,-488
123000208,528,174,354
123000209,1911,722,1189
123000210,423,1250,-827
123000211,440,1206,-766
123000212,2826,361,2465
123000213,498,69,429
123000215,44,182,-138
123000216,117,656,-539
123000217,125,39,86
123000218,44,491,-447
123000219,638,85,553
123000220,481,81,400
123000221,173,56,117
123000222,324,187,137
123000223,304,165,139
123000224,359,255,104
123000225,269,43,226
123000226,92,408,-316
123000227,64,279,-215
123000228,213,41,172
123000229,680,934,-254
123000232,174,453,-279
123000233,616,128,488
123000234,87,427,-340
123000235,1161,210,951
123000236,182,415,-233
123000237,231,88,143
123000238,68,241,-173
123000239,320,587,-267
123000240,45,424,-379
123000241,289,56,233
123000242,129,145,-16
123000243,657,665,-8
123000244,819,611,208
123000245,20,116,-96
123000249,271,372,-101
123000252,745,291,454
123000253,1183,381,802
123000254,635,545,90
123000255,993,773,220
123000256,24,138,-114
123000257,1827,1224,603
123000258,778,433,345
123000259,454,366,88
123000260,409,213,196
123000261,201,74,127
123000262,95,111,-16
123000263,457,78,379
123000264,201,80,121
123000265,44,96,-52
123000266,537,456,81
123000267,577,279,298
123000268,47,52,-5
123000269,49,75,-26
123000270,24,50,-26
123000271,59,69,-10
123000272,675,268,407
123000273,232,617,-385
123000274,934,515,419
123000275,251,541,-290
123000278,1709,1944,-235
123000279,116,81,35
123000280,315,263,52
123000281,240,97,143
123000282,121,278,-157
123000283,120,58,62
123000284,46,76,-30
123000286,171,313,-142
123000287,438,266,172
123000288,1261,991,270
123000289,354,1078,-724
123000291,235,765,-530
123000294,156,192,-36
123000295,863,807,56
123000296,625,415,210
123000297,738,339,399
123000298,748,260,488
123000299,80,135,-55
123000300,969,655,314
123000301,106,234,-128
123000302,67,118,-51
123000303,81,159,-78
123000305,618,645,-27
123000306,163,69,94
123000309,38,62,-24
123000310,65,23,42
123000311,0,69,-69
123000312,341,401,-60
123000313,567,271,296
123000315,158,160,-2
123000316,531,339,192
123000317,203,69,134
123000318,43,160,-117
123000329,19,7,12
123000337,534,538,-4
123000338,264,181,83
123000339,277,96,181
123000340,118,174,-56
123000342,35,86,-51
123000343,32,6,26
123000344,696,280,416
123000345,367,427,-60
123000346,360,50,310
123000352,1158,710,448
123000353,45,88,-43
123000354,158,8,150
123000355,0,181,-181
123000356,451,4,447
123000357,1,71,-70
123000359,9,93,-84
123000360,281,64,217
123000361,159,179,-20
123000362,332,75,257
123000363,68,151,-83
123000364,369,378,-9
123000365,14,318,-304
123000366,307,1768,-1461
123000367,191,598,-407
123000370,35,626,-591
123000371,692,73,619
123000372,276,45,231
123000373,7,162,-155
123000374,20,103,-83
123000375,313,43,270
123000376,850,583,267
123000377,396,7,389
123000378,8,158,-150
123000379,1,132,-131
123000380,28,347,-319
123000381,99,85,14
123000382,472,118,354
123000383,82,1000,-918
123000384,422,78,344
123000385,110,401,-291
123000436,35,899,-864
123000507,118,162,-44
123000508,154,968,-814
123000517,255,41,214
123000518,13,242,-229
123000519,133,80,53
123000520,35,204,-169
123000521,360,98,262
123000522,140,250,-110
123000541,3,1,2
123000542,0,5,-5
123000565,1121,40,1081
123000566,325,331,-6
123000567,74,150,-76
123000573,46,409,-363
123000574,547,55,492
123000575,1195,571,624
123000576,771,819,-48
123000577,58,452,-394
123000578,337,68,269
123000579,973,4876,-3903
123000580,129,50,79
123000582,338,22,316
123000583,14,193,-179
123000584,131,206,-75
123000585,1,70,-69
123000586,73,2,71
123000596,68,77,-9
123000597,43,146,-103
123000602,59,14,45
123000603,829,356,473
123000604,483,312,171
123000605,602,26,576
123000606,0,310,-310
123000609,21,243,-222
123000610,172,104,68
123000613,44,173,-129
123000614,219,44,175
123000615,51,100,-49
123000616,696,54,642
123000617,90,150,-60
123000618,61,378,-317
123000619,475,41,434
123000620,19,214,-195
123000622,420,20,400
123000624,203,57,146
123000630,1401,351,1050
123000631,171,570,-399
123000632,479,455,24
123000633,0,198,-198
123000634,30,164,-134
123000635,62,75,-13
123000636,32,305,-273
123000637,177,33,144
123000638,504,17,487
123000639,586,3897,-3311
123000640,31,329,-298
123000648,475,81,394
123000649,56,244,-188
123900001,790,50,740
123900002,41,1000,-959
123900003,167,249,-82
123900005,233,153,80
123900006,286,31,255
124000001,1589,154,1435
124000002,61,904,-843
124000003,869,129,740
124000004,73,278,-205
124000005,1007,637,370
124000006,175,603,-428
124000007,384,83,301
124000008,16,312,-296
124000009,692,178,514
124000010,186,247,-61
124000011,893,238,655
124000012,175,268,-93
124000017,176,123,53
124000018,119,50,69
124000019,116,131,-15
124000020,29,72,-43
124000021,102,74,28
124000022,88,123,-35
124000023,1177,1157,20
124000024,910,352,558
124000025,1025,1446,-421
124000026,825,749,76
124000027,3454,3970,-516
124000028,1216,2819,-1603
124000030,1763,1083,680
124000031,1469,3794,-2325
124000032,1603,646,957
124000033,981,581,400
124000034,563,797,-234
124000035,332,169,163
124000036,154,470,-316
124000037,351,964,-613
124000038,34,90,-56
124000039,608,398,210
124000040,400,819,-419
124000041,369,118,251
124000042,181,381,-200
124000043,89,91,-2
124000044,72,143,-71
124000045,777,395,382
124000046,244,477,-233
124000047,1767,659,1108
124000048,888,629,259
124000049,1712,522,1190
124000050,781,965,-184
124000051,1056,505,551
124000052,468,500,-32
124000053,442,1557,-1115
124000054,649,347,302
124000055,1118,2536,-1418
124000056,1302,937,365
124000057,1062,501,561
124000058,403,797,-394
124000059,575,1089,-514
124000060,676,404,272
124000061,1215,5218,-4003
124000062,3011,1185,1826
124000063,987,1067,-80
124000064,1244,786,458
124000065,89,443,-354
124000066,239,106,133
124000067,168,151,17
124000068,67,127,-60
124000069,577,118,459
124000070,214,384,-170
124000071,454,145,309
124000072,193,473,-280
124000073,809,121,688
124000074,182,522,-340
124000075,356,17,339
124000076,10,103,-93
124000077,1233,629,604
124000078,2114,1126,988
124000079,199,761,-562
124000080,604,208,396
124000081,206,276,-70
124000082,74,182,-108
124000083,50,81,-31
124000084,106,477,-371
124000085,77,49,28
124000086,22,136,-114
124000087,159,223,-64
124000088,155,422,-267
124000089,727,228,499
124000090,118,208,-90
124000091,475,87,388
124000092,144,430,-286
124000093,95,114,-19
124000094,82,382,-300
124000095,98,97,1
124000096,119,109,10
124000097,82,120,-38
124000098,53,84,-31
124000099,248,91,157
124000100,59,100,-41
124000101,101,113,-12
124000102,102,25,77
124000103,115,101,14
124000104,56,28,28
124000105,96,122,-26
124000106,119,37,82
124000107,16,177,-161
124000108,48,19,29
124000109,120,79,41
124000110,101,91,10
124000111,197,137,60
124000112,665,407,258
124000113,95,80,15
124000114,221,240,-19
124000115,295,379,-84
124000116,100,161,-61
124000117,53,101,-48
124000118,45,76,-31
124000119,649,391,258
124000120,348,390,-42
124000121,1443,789,654
124000122,409,1003,-594
124000123,781,434,347
124000124,292,701,-409
124000125,370,447,-77
124000126,314,415,-101
124000127,785,299,486
124000128,390,544,-154
124000129,1693,1233,460
124000130,610,420,190
124000131,799,530,269
124000132,629,499,130
124000133,882,682,200
124000134,632,431,201
124000135,1442,1592,-150
124000136,517,697,-180
124000137,874,820,54
124000138,758,917,-159
124000139,617,77,540
124000140,54,413,-359
124000141,877,37,840
124000142,106,329,-223
124000143,99,11,88
124000144,13,115,-102
124000145,75,55,20
124000146,42,53,-11
124000148,18,96,-78
124000149,994,382,612
124000150,242,396,-154
124000151,844,395,449
124000152,696,863,-167
124000153,661,799,-138
124000154,284,520,-236
124000155,1188,875,313
124000156,1101,838,263
124000169,146,401,-255
124000170,382,357,25
124000171,247,201,46
124000172,254,353,-99
124000173,476,115,361
124000174,380,370,10
124000175,10,63,-53
124000176,65,25,40
124000177,11,29,-18
124000178,54,71,-17
124000185,65,13,52
124000186,4,30,-26
124000187,7,52,-45
124000188,61,12,49
124000190,79,71,8
124000191,91,183,-92
124000192,809,318,491
124000193,256,554,-298
124000194,301,303,-2
124000195,270,544,-274
124000196,725,589,136
124000197,33,43,-10
124000198,59,43,16
124000201,296,506,-210
124000202,526,290,236
124000203,481,288,193
124000204,901,220,681
124000205,118,253,-135
124000206,858,277,581
124000207,0,35,-35
124000209,209,242,-33
124000210,469,151,318
124000211,665,0,665
124000212,0,265,-265
124000213,531,155,376
124000214,362,315,47
124000215,405,22,383
124000216,4,197,-193
124000329,106,926,-820
124000338,114,429,-315
124000339,1125,92,1033
124000341,1393,79,1314
124000344,96,30,66
124000357,1029,2173,-1144
124000358,841,1445,-604
124000359,1062,555,507
124000360,928,387,541
124000361,1537,866,671
124000362,800,967,-167
124000363,218,260,-42
124000364,405,428,-23
124000365,549,736,-187
124000366,1222,641,581
124000367,77,325,-248
124000368,436,558,-122
124000369,90,88,2
124000370,46,312,-266
124000402,26,29,-3
124000403,153,19,134
124000404,20,54,-34
124000405,741,636,105
124000406,615,527,88
124000407,1,29,-28
124000411,3,179,-176
124000412,311,6,305
124000413,115,28,87
124000414,46,123,-77
124000415,39,56,-17
124000416,116,92,24
124000417,198,104,94
124000418,260,86,174
124000419,106,85,21
124000420,101,48,53
124000421,60,81,-21
124000422,12,13,-1
124000423,109,22,87
124000424,2,92,-90
124000425,145,2,143
124000426,4,122,-118
124000427,180,9,171
124000428,15,79,-64
124000429,73,62,11
124000430,622,297,325
124000431,294,271,23
124000432,296,484,-188
124000439,11,3,8
124000443,1,12,-11
124000445,336,1199,-863
124000446,702,193,509
124000447,26,150,-124
124000448,102,9,93
124000449,172,15,157
124000450,17,69,-52
124000451,4,39,-35
124900001,665,436,229
124900002,122,155,-33
124900003,1018,509,509
124900004,760,276,484
124900005,173,60,113
124900006,814,252,562
124900008,995,470,525
124900009,211,375,-164
124900010,229,244,-15
124900011,463,246,217
124900012,401,122,279
124900013,515,161,354
124900014,259,39,220
124900015,85,306,-221
124900016,82,90,-8
124900017,474,1757,-1283
124900018,70,9,61
124900020,67,49,18
124900021,303,24,279
124900022,41,5,36
124900024,303,10,293
124900026,222,33,189
124900027,123,388,-265
124900028,248,69,179
124900029,12,443,-431
124900030,6,53,-47
124900031,40,177,-137
124900032,133,271,-138
124900033,83,178,-95
124900034,2,62,-60
124900035,122,263,-141
124900036,2,69,-67
124900037,141,165,-24
124900038,196,224,-28
124900039,0,40,-40
124900040,154,52,102
124900041,218,593,-375
124900042,88,3,85
124900043,394,569,-175
124900044,120,5,115
124900045,454,820,-366
124900047,115,146,-31
124900048,148,67,81
124900050,134,171,-37
124900052,143,217,-74
124900053,168,197,-29
124900054,1045,468,577
124900055,0,104,-104
124900057,6,70,-64
124900060,61,164,-103
124900061,91,11,80
124900062,205,28,177
124900066,0,13,-13
124900067,7,74,-67
124900068,212,405,-193
124900070,34,20,14
124900072,127,63,64
124900075,297,164,133
124900076,23,1353,-1330
124900077,24,99,-75
124900078,54,16,38
124900079,366,178,188
124900080,239,342,-103
124900081,1016,297,719
124900082,383,561,-178
124900083,398,306,92
124900085,601,543,58
124900086,65,1008,-943
124900087,360,75,285
124900088,315,88,227
124900089,725,25,700
124900090,376,226,150
124900091,287,177,110
124900092,180,126,54
124900093,329,130,199
124900094,465,203,262
124900095,67,404,-337
124900096,415,190,225
124900097,370,49,321
124900098,94,200,-106
124900099,325,353,-28
124900100,335,84,251
124900101,112,214,-102
124900102,293,20,273
124900103,108,116,-8
124900104,62,89,-27
124900105,96,58,38
124900106,361,39,322
124900107,92,23,69
124900108,154,76,78
124900111,0,110,-110
124900112,96,202,-106
124900113,74,215,-141
124900114,120,114,6
124900115,38,36,2
124900116,238,171,67
124900117,200,85,115
124900118,175,490,-315
124900119,399,172,227
124900120,33,223,-190
124900121,89,410,-321
124900122,302,155,147
124900123,317,102,215
124900124,172,300,-128
204000001,153,6,147
204000002,19,5,14
204000003,15,3,12
204000004,3,1,2
204000005,621,505,116
204000006,1066,1098,-32
204000011,16,23,-7
204000012,33,99,-66
204000019,698,368,330
204000020,648,392,256
204000021,1145,648,497
204000022,577,310,267
204000023,522,491,31
204000031,59,12,47
204000032,330,12,318
204000034,65,96,-31
204000035,1,0,1
204000036,9,13,-4
204000037,2,24,-22
204000038,1,22,-21
204000039,1,13,-12
204000040,3,22,-19
204000041,10,14,-4
204000042,13,6,7
204000043,43,1,42
204000044,23,3,20
204000045,34,3,31
204000046,10,0,10
204000057,3,7,-4
204000062,19,46,-27
204000068,37,211,-174
204000069,72,334,-262
204000070,91,57,34
204000080,60,61,-1
204000085,1564,1054,510
204000086,1824,1222,602
204000087,62,8,54
204000088,9,64,-55
204000090,107,221,-114
204000093,410,73,337
204000096,986,822,164
204000097,428,12,416
204000099,772,1297,-525
204000100,1207,1632,-425
204000105,1837,858,979
204000110,421,764,-343
204000111,468,395,73
204000112,635,459,176
204000113,291,473,-182
204000114,642,571,71
204000115,671,207,464
204000116,673,449,224
204000119,1665,2172,-507
204000132,707,332,375
204000133,869,181,688
204000134,261,72,189
204000135,641,37,604
204000136,514,182,332
204000138,436,512,-76
204000140,165,137,28
204000141,142,60,82
204000144,4,21,-17
204000145,426,44,382
204000146,16,171,-155
204000147,32,114,-82
204000148,233,24,209
204000154,7,2,5
204000155,0,9,-9
204000177,62,33,29
204000179,42,5,37
204000180,0,42,-42
204000222,1,5,-4
204000235,15,11,4
204000236,35,147,-112
204000238,20,11,9
204000240,266,48,218
204000263,603,694,-91
204000268,716,557,159
204000308,71,17,54
204000317,16,47,-31
204000322,12,22,-10
204000323,10,3,7
204000328,174,57,117
204000329,74,150,-76
204000330,225,32,193
204000331,121,77,44
205000001,654,1155,-501
205000013,2,55,-53
205000014,14,55,-41
205000015,30,132,-102
205000016,17,107,-90
205000017,22,78,-56
205000022,305,575,-270
205000025,1203,827,376
205000029,220,4,216
205000045,131,607,-476
205000046,129,553,-424
205000047,35,382,-347
205000048,374,636,-262
205000049,154,585,-431
205000050,592,229,363
205000059,1,153,-152
205000060,0,74,-74
205000061,3,87,-84
205000062,0,85,-85
205000063,27,118,-91
205000064,20,71,-51
205000065,43,407,-364
205000066,105,471,-366
205000067,49,644,-595
205000069,201,16,185
205000082,131,142,-11
205000110,90,225,-135
205000111,135,149,-14
205000112,145,150,-5
205000113,176,282,-106
205000121,239,30,209
205000123,29,200,-171
205000126,413,59,354
205000127,842,132,710
205000128,329,50,279
205000129,709,81,628
205000130,113,23,90
205000131,61,6,55
205000132,80,5,75
205000133,78,1,77
205000134,303,1,302
205000137,45,113,-68
205000138,108,192,-84
205000139,16,76,-60
205000144,92,83,9
205000145,249,143,106
205000151,126,18,108
205000152,191,19,172
205000153,223,20,203
205000154,85,28,57
205000155,117,13,104
205000207,13,101,-88
205000233,30,0,30
205000234,0,0,0
205000243,0,1,-1
205000244,0,2,-2
205000245,11,99,-88
205000249,0,15,-15
205000250,6,1,5
205000264,6,64,-58
206000027,3,5,-2
206000028,0,1,-1
206000043,5,28,-23
206000053,1,4,-3
206000054,1,12,-11
206000055,1,11,-10
206000075,6,16,-10
206000076,10,8,2
206000077,12,10,2
206000078,30,5,25
206000079,31,7,24
206000082,313,46,267
206000100,23,236,-213
206000103,7,10,-3
206000104,18,10,8
206000105,3,5,-2
206000106,1,11,-10
206000125,69,0,69
206000157,23,304,-281
206000170,1,75,-74
206000171,2,148,-146
206000172,5,153,-148
206000173,2,105,-103
206000174,10,35,-25
206000175,1,36,-35
206000176,7,54,-47
206000177,0,39,-39
206000178,0,106,-106
206000179,3,39,-36
206000180,12,51,-39
206000181,10,36,-26
206000182,4,51,-47
206000183,11,142,-131
206000184,5,127,-122
206000185,2,60,-58
206000186,87,352,-265
206000223,9,109,-100
206000226,3,1,2
206000227,12,2,10
206000237,49,143,-94
206000238,20,242,-222
206000239,173,879,-706
206000240,1,79,-78
206000241,0,52,-52
206000242,6,111,-105
206000243,29,53,-24
206000244,24,200,-176
206000245,852,70,782
206000246,388,9,379
206000247,311,8,303
206000248,437,24,413
206000252,65,34,31
206000258,37,29,8
206000315,32,0,32
206000317,590,95,495
206000318,717,68,649
206000319,1964,82,1882
206000320,290,41,249
206000321,316,6,310
206000322,540,15,525
206000323,211,8,203
206000324,246,4,242
206000325,169,23,146
206000326,169,13,156
206000327,124,8,116
206000328,180,4,176
206000329,322,6,316
206000330,53,7,46
206000331,222,2,220
206000332,71,1,70
206000333,747,5,742
206000334,355,2,353
206000335,0,8,-8
206000361,2,133,-131
206000392,1,3,-2
206000405,137,0,137
206000441,45,19,26
206000498,37,2,35
206000515,55,45,10
206000530,393,64,329
206000531,273,290,-17
206000532,1651,335,1316
206000535,100,1348,-1248
206000536,13,73,-60
206000537,36,83,-47
206000613,1585,214,1371
206000784,473,45,428
207000001,116,511,-395
207000002,74,271,-197
207000003,107,109,-2
207000007,1126,251,875
207000008,103,15,88
207000009,65,59,6
207000010,222,227,-5
207000012,392,199,193
207000015,174,523,-349
207000019,170,74,96
207000021,469,147,322
207000022,212,133,79
207000023,218,50,168
207000024,5,4,1
207000025,15,68,-53
207000026,109,37,72
207000027,9,56,-47
207000028,38,112,-74
207000029,149,263,-114
207000033,158,465,-307
207000034,261,113,148
207000039,490,76,414
207000040,549,59,490
207000041,81,15,66
207000042,197,48,149
207000043,182,133,49
207000051,122,126,-4
207000052,92,91,1
207000053,270,373,-103
207000054,44,57,-13
207000055,180,73,107
207000056,248,245,3
207000057,121,246,-125
207000058,147,201,-54
207000059,90,277,-187
207000060,79,144,-65
207000061,154,631,-477
207000062,434,33,401
207000063,442,75,367
207000064,324,73,251
207000065,318,144,174
207000066,362,109,253
207000067,53,51,2
207000068,123,31,92
207000069,699,212,487
207000082,4,107,-103
207000083,67,155,-88
207000084,277,210,67
207000085,231,25,206
207000086,283,6,277
207000106,41,39,2
207000107,76,13,63
207000108,56,12,44
207000109,47,8,39
207000110,63,63,0
207000111,88,64,24
207000112,133,569,-436
207000114,26,24,2
207000115,43,34,9
207000116,30,302,-272
207000117,6,85,-79
207000118,6,41,-35
207000119,26,43,-17
207000123,161,26,135
207000124,78,26,52
207000125,83,39,44
207000126,57,56,1
207000134,117,94,23
207000135,29,102,-73
207000148,94,255,-161
207000149,73,25,48
207000152,98,309,-211
207000153,490,891,-401
207000154,287,144,143
207000159,78,104,-26
207000160,136,183,-47
207000238,1,134,-133
207000242,6,112,-106
207000248,27,13,14
207000249,106,26,80
207000250,381,81,300
207000251,82,76,6
207000252,43,47,-4
207000278,87,94,-7
207000279,41,60,-19
207000280,696,67,629
207000281,91,415,-324
207000282,114,151,-37
207000283,42,187,-145
207000284,35,278,-243
207000285,64,63,1
207000291,20,86,-66
207000304,59,70,-11
207000306,62,270,-208
207000310,102,67,35
207000353,261,2,259
207000356,14,28,-14
207000357,6,19,-13
207000358,2,9,-7
207000415,1,101,-100
207000417,38,4,34
207000418,101,107,-6
207000438,0,0,0
207000439,545,564,-19
207000446,177,11,166
207000460,38,8,30
207000466,91,93,-2
207000467,300,71,229
207000468,47,144,-97
207000476,7,39,-32
207000477,643,55,588
207000478,0,38,-38
207000523,0,17,-17
207000524,61,0,61
207000527,109,127,-18
207000530,464,6,458
207000531,348,14,334
207000532,57,26,31
207000534,235,34,201
207000535,31,257,-226
207000537,12,43,-31
207000540,4,105,-101
207000541,3,181,-178
207000548,15,160,-145
207000549,253,18,235
207000561,153,189,-36
207000562,31,111,-80
207000567,119,141,-22
207000568,189,27,162
207000569,532,275,257
207000584,193,162,31
207000585,25,252,-227
207000587,190,13,177
207000616,0,92,-92
207000617,188,4,184
207000624,48,50,-2
207000631,17,61,-44
207900008,289,54,235
208000001,541,1077,-536
208000002,852,447,405
208000003,1150,303,847
208000004,961,638,323
208000005,5,10,-5
208000019,620,745,-125
208000020,167,413,-246
208000021,258,241,17
208000022,984,342,642
208000028,628,1037,-409
208000033,542,427,115
208000034,836,1127,-291
208000037,207,6,201
208000040,174,108,66
208000041,646,478,168
208000042,661,574,87
208000047,132,174,-42
208000064,1702,1223,479
208000066,1367,2199,-832
208000070,428,297,131
208000071,546,513,33
208000072,451,838,-387
208000080,337,348,-11
208000081,382,129,253
208000082,336,175,161
208000083,172,273,-101
208000084,12,14,-2
208000085,665,484,181
208000086,457,899,-442
208000087,433,638,-205
208000089,1001,229,772
208000090,1026,397,629
208000093,177,135,42
208000094,471,315,156
208000095,695,367,328
208000104,874,692,182
208000105,665,733,-68
208000114,105,275,-170
208000115,446,236,210
208000116,544,915,-371
208000117,225,101,124
208000118,135,131,4
208000155,573,848,-275
208000158,1114,2830,-1716
208000186,2419,3361,-942
208000204,653,811,-158
208000205,1167,709,458
208000282,3508,2532,976
209000004,428,149,279
209000005,37,34,3
209000006,364,159,205
209000007,235,270,-35
209000010,262,88,174
209000011,132,202,-70
209000012,93,121,-28
209000013,164,132,32
209000014,303,455,-152
209000025,334,65,269
209000026,641,71,570
209000027,273,440,-167
209000028,256,334,-78
209000029,305,468,-163
209000030,310,657,-347
209000031,1471,988,483
209000034,158,217,-59
209000035,129,146,-17
209000036,185,82,103
209000037,302,173,129
209000038,154,132,22
209000039,101,115,-14
209000040,234,384,-150
209000041,164,322,-158
209000042,267,318,-51
209000043,586,772,-186
209000044,225,838,-613
209000045,1101,347,754
209000046,507,382,125
209000047,382,165,217
209000048,525,233,292
209000049,82,62,20
209000050,206,71,135
209000051,312,148,164
209000052,127,147,-20
209000062,63,74,-11
209000063,65,34,31
209000064,65,30,35
209000065,90,33,57
209000066,89,26,63
209000067,93,17,76
209000080,18,142,-124
209000082,90,29,61
209000091,17,102,-85
209000093,61,33,28
209000094,109,154,-45
209000110,40,145,-105
209000111,421,1251,-830
209000112,1010,418,592
209000113,1441,397,1044
209000114,709,376,333
209000115,58,74,-16
209000116,418,244,174
209000118,32,37,-5
209000119,7,9,-2
209000121,78,300,-222
209000135,41,199,-158
209000142,557,1412,-855
209000143,25,35,-10
209000144,35,129,-94
209000229,231,133,98
209000240,33,150,-117
209000259,63,71,-8
209000260,54,597,-543
209000261,3,276,-273
209000262,4,220,-216
209000263,1,219,-218
209000264,0,257,-257
209000265,296,13,283
209000266,84,4,80
209000267,877,9,868
209000268,435,56,379
210000037,63,19,44
210000047,71,16,55
210000048,81,11,70
210000049,57,3,54
210000052,68,43,25
210000053,40,35,5
210000054,71,60,11
210000070,132,8,124
210000071,90,1,89
210000072,39,0,39
210000073,0,31,-31
210000074,1,94,-93
210000075,3,101,-98
210000076,7,125,-118
210000077,7,39,-32
210000078,26,37,-11
210000079,15,18,-3
210000080,63,51,12
210000081,181,34,147
210000082,154,7,147
210000083,70,9,61
210000084,40,1,39
210000085,2,31,-29
210000086,1,72,-71
210000099,26,219,-193
210000100,43,136,-93
210000101,81,138,-57
210000105,50,163,-113
210000159,1,181,-180
210000163,90,162,-72
210000164,235,187,48
210000168,102,45,57
210000187,0,13,-13
210000188,1,13,-12
210000214,15,0,15
210000219,46,31,15
210000220,103,19,84
210000232,3,13,-10
210000233,19,49,-30
210000234,44,88,-44
210000235,78,63,15
210000245,1,22,-21
210000246,39,14,25
210000258,14,63,-49
210000259,342,62,280
210000282,69,223,-154
210000285,4,112,-108
210000286,10,133,-123
210000290,2,9,-7
210000295,40,85,-45
210000296,44,31,13
210000320,159,40,119
210000321,109,29,80
210000338,56,59,-3
210000339,175,913,-738
210000340,109,331,-222
210000341,208,288,-80
210000342,218,183,35
210000343,186,185,1
210000344,132,109,23
210000345,131,184,-53
210000346,55,97,-42
210000347,28,40,-12
210000348,82,14,68
210000349,42,27,15
210000350,147,50,97
210000351,151,68,83
210000352,58,53,5
210000353,49,59,-10
210000354,78,51,27
210000355,42,69,-27
210000356,10,47,-37
210000357,38,27,11
210000358,206,84,122
210000359,57,60,-3
210000360,123,105,18
210000361,167,122,45
210000362,218,187,31
210000363,438,249,189
210000364,76,116,-40
210000365,124,61,63
210000366,122,64,58
210000367,74,38,36
210000368,131,31,100
210000369,26,14,12
210000370,47,23,24
210000372,13,20,-7
210000373,17,17,0
210000374,42,25,17
210000375,33,47,-14
210000376,65,108,-43
210000404,41,87,-46
210000439,21,22,-1
210000472,58,2,56
210000482,51,74,-23
210000564,158,278,-120
210000567,0,34,-34
210000568,181,2,179
211000092,77,17,60
211000094,27,12,15
211000169,233,18,215
211000172,15,161,-146
211000209,0,22,-22
211000226,19,29,-10
211000270,59,20,39
211000275,21,16,5
211000276,72,6,66
211000279,25,14,11
211000281,75,37,38
211000302,40,41,-1
211507980,3,41,-38
211977296,68,8,60
212000003,105,46,59
212000004,14,32,-18
212000005,31,22,9
212000006,34,59,-25
212000008,176,127,49
212000009,35,89,-54
212000012,75,69,6
212000013,27,60,-33
212000014,220,108,112
212000015,327,188,139
212000016,485,378,107
212000027,498,235,263
212000028,331,269,62
212000029,184,148,36
212000030,38,17,21
212000031,50,43,7
212000048,34,149,-115
212000049,23,160,-137
212000050,27,8,19
212000051,147,96,51
212000052,163,163,0
212000053,330,299,31
212000054,364,57,307
212000055,301,150,151
212000056,16,13,3
212000057,12,12,0
212000058,107,27,80
212000070,82,96,-14
212000077,111,347,-236
212000099,218,191,27
212000108,208,117,91
212000111,221,78,143
212000120,78,48,30
212000138,140,23,117
212000156,2,103,-101
212000158,9,10,-1
212000159,435,42,393
212000160,711,176,535
212000161,64,5,59
212000310,49,8,41
212000311,24,24,0
212000374,66,12,54
213000001,47,247,-200
213000005,340,120,220
213000006,780,329,451
213000007,85,19,66
213000009,498,497,1
213000010,219,312,-93
213000011,180,114,66
213000012,148,222,-74
213000014,109,14,95
213000015,265,4,261
213000016,408,1,407
213000017,71,0,71
213000018,3,104,-101
213000019,1,107,-106
213000020,110,279,-169
213000021,2,95,-93
213000023,325,173,152
213000033,296,1444,-1148
213000034,545,200,345
213000035,102,152,-50
213000045,142,229,-87
213000046,181,142,39
213000047,477,1191,-714
213000056,115,20,95
213000069,88,3,85
213000073,4,60,-56
213000074,110,347,-237
213000075,497,2,495
213000076,26,2,24
213000085,8,46,-38
213000086,20,115,-95
213000091,206,14,192
213000092,51,5,46
213000099,154,1045,-891
213000100,1067,262,805
213000101,374,91,283
213000102,456,143,313
213000103,648,587,61
213000104,76,261,-185
213000105,12,271,-259
213000106,60,77,-17
213000107,169,317,-148
213000108,31,283,-252
213000109,9,166,-157
213000110,17,55,-38
213000111,15,51,-36
213000112,112,84,28
213000115,60,7,53
213000116,49,258,-209
213000117,13,396,-383
213000118,556,201,355
213000119,44,411,-367
213000120,91,271,-180
213000122,146,314,-168
213000123,255,670,-415
213000124,126,770,-644
213000125,151,17,134
213000126,44,71,-27
213000127,72,182,-110
213000128,287,799,-512
213000129,256,812,-556
213000130,663,305,358
213000132,425,70,355
213000133,658,83,575
213000134,914,24,890
213000136,491,24,467
213000137,613,74,539
213000139,279,16,263
213000147,50,16,34
213000148,26,12,14
213000149,18,3,15
213000150,0,147,-147
213000151,3,107,-104
213000152,1,99,-98
213000153,3,92,-89
213000154,49,149,-100
213000155,27,153,-126
213000156,91,313,-222
213000157,453,270,183
213000158,358,708,-350
213000159,489,397,92
213000163,972,96,876
213000165,766,219,547
213000171,1,44,-43
213000172,2,101,-99
213000173,3,100,-97
213000174,2,80,-78
213000175,11,33,-22
213000176,36,52,-16
213000177,88,3,85
213000178,192,2,190
213000179,268,2,266
213000180,206,0,206
213000184,97,309,-212
213000188,282,106,176
213000189,333,44,289
213000190,716,543,173
213000191,352,286,66
213000192,252,207,45
213000193,507,194,313
213000194,2,78,-76
213000195,17,322,-305
213000196,231,1068,-837
213000197,407,437,-30
213000198,48,1,47
213000200,121,595,-474
213000201,49,45,4
213000202,31,405,-374
213000203,2231,553,1678
213000204,772,72,700
213000205,258,60,198
213000206,457,35,422
213000207,84,10,74
213000208,51,4,47
213000209,136,3,133
213000210,226,7,219
213000211,4,13,-9
213000212,12,21,-9
213000213,15,58,-43
213000218,225,284,-59
213000219,468,28,440
213000220,378,9,369
213000223,199,223,-24
213000224,21,61,-40
213000225,51,12,39
213000226,63,13,50
213000227,885,213,672
213000228,452,78,374
213000229,88,30,58
213000230,495,21,474
213000232,52,705,-653
213000233,5,79,-74
213000234,3,49,-46
213000293,8,71,-63
213000294,94,38,56
213000295,9,100,-91
213000296,43,11,32
213000297,14,58,-44
213000298,15,76,-61
213000299,49,33,16
213000300,14,5,9
213000303,7,31,-24
213000304,0,13,-13
213000305,1,21,-20
213000306,51,33,18
213000307,75,38,37
213000308,89,103,-14
213000309,139,56,83
213000310,402,136,266
213000311,211,653,-442
213000315,61,78,-17
213000316,165,44,121
213000322,90,79,11
213000323,118,56,62
213000324,64,16,48
213000325,42,41,1
213000326,8,10,-2
213000327,12,12,0
213000328,26,121,-95
213000329,76,9,67
213000340,179,317,-138
213000341,545,69,476
213000346,241,245,-4
213000347,613,495,118
213000348,10,257,-247
213000349,22,10,12
213000350,308,599,-291
213000366,77,178,-101
213000367,304,26,278
213000379,54,77,-23
213000386,12,258,-246
213000406,76,254,-178
213000417,1126,394,732
213000425,191,37,154
213000426,131,30,101
213000427,59,99,-40
213000428,35,95,-60
213000429,5,6,-1
213000430,67,330,-263
213000431,23,0,23
213000432,1,21,-20
213000433,14,87,-73
213000434,104,83,21
213000435,95,57,38
213000436,50,25,25
213000437,0,3,-3
213000438,137,32,105
213000439,37,11,26
213000440,4,239,-235
213000441,0,1,-1
213000442,1,25,-24
213000443,325,190,135
213000444,30,21,9
213000445,1,52,-51
213000446,2,23,-21
213000447,4,43,-39
213000448,14,125,-111
213000449,487,4,483
213000450,21,27,-6
213000451,231,46,185
213000452,15,19,-4
213000453,23,167,-144
213000455,205,2,203
213000456,0,362,-362
213000481,21,2,19
213000482,49,5,44
213000489,261,54,207
213000491,1,144,-143
213000492,125,2,123
213000493,0,127,-127
213000494,265,92,173
213000495,0,39,-39
213000496,340,129,211
213000497,48,206,-158
213000498,119,95,24
213000499,170,202,-32
213000500,543,68,475
213000501,146,29,117
213000502,156,100,56
213000503,0,32,-32
213000504,33,50,-17
213000505,21,17,4
213000506,0,15,-15
213000507,2,60,-58
213900244,55,0,55
213900245,0,12,-12
218000003,34,31,3
218000004,15,35,-20
218000005,28,35,-7
218000006,47,28,19
218000007,8,26,-18
218000012,125,124,1
218000013,149,122,27
218000014,334,285,49
218000019,538,430,108
218000020,263,278,-15
218000021,4,0,4
218000022,0,7,-7
218000023,0,3,-3
218000024,0,0,0
218000025,0,0,0
218000026,0,3,-3
218000027,0,2,-2
218000028,0,0,0
218000029,1,3,-2
218000030,7,3,4
218000031,1,1,0
218000032,1,3,-2
218000040,7,2,5
218000046,74,39,35
218000047,7,63,-56
218000048,46,41,5
218000049,63,61,2
218000050,219,124,95
218000051,82,125,-43
218000052,0,59,-59
218000053,0,10,-10
218000054,3,55,-52
218000055,1,12,-11
218000056,9,28,-19
218000057,4,17,-13
218000064,2,5,-3
218000065,90,13,77
218000066,9,18,-9
218000067,73,52,21
218000068,72,38,34
218000069,274,57,217
218000070,223,125,98
218000071,147,130,17
218000072,153,171,-18
218000078,750,406,344
218000079,124,67,57
218000080,102,63,39
218000081,425,183,242
218000082,65,84,-19
218000083,63,38,25
218000084,140,61,79
218000085,145,200,-55
218000086,50,74,-24
218000087,165,85,80
218000090,12,103,-91
218000091,999,441,558
218000092,108,142,-34
218000093,69,65,4
218000094,354,406,-52
218000099,253,568,-315
218000100,284,220,64
218000101,285,89,196
218000102,359,125,234
218000103,70,64,6
218000104,80,29,51
218000105,23,20,3
218000106,10,8,2
218000107,66,28,38
218000108,6,27,-21
218000112,31,13,18
218000117,29,55,-26
218000134,400,377,23
218000135,17,71,-54
218000136,154,141,13
218000137,148,117,31
218000138,30,91,-61
218000139,157,218,-61
218000140,454,233,221
218000141,89,54,35
218000142,200,130,70
218000143,81,193,-112
218000144,41,99,-58
218000145,437,251,186
218000146,83,160,-77
218000151,4,9,-5
218000152,89,33,56
218000153,3,0,3
218000154,0,1,-1
218000155,4,0,4
218000156,7,2,5
218000157,6,0,6
218000158,1,0,1
218000159,0,0,0
218000160,0,0,0
218000161,6,0,6
218000162,6,1,5
218000163,2,0,2
218000164,6,1,5
218000165,7,1,6
218000170,12,18,-6
218000171,34,8,26
218000172,6,9,-3
218000173,8,17,-9
218000174,13,10,3
218000176,191,37,154
218000177,278,158,120
218000178,75,144,-69
218000179,142,47,95
218000180,86,19,67
218000181,158,31,127
218000187,11,23,-12
218000188,24,45,-21
218000189,17,54,-37
218000190,21,18,3
218000191,167,34,133
218000192,170,79,91
218000193,389,205,184
218000194,86,178,-92
218000195,103,54,49
218000196,374,207,167
218000197,457,231,226
218000198,31,87,-56
218000199,36,21,15
218000200,64,52,12
218000201,27,7,20
218000202,116,275,-159
218000207,9,32,-23
218000208,15,22,-7
218000211,27,21,6
218000212,0,3,-3
218000213,75,64,11
218000214,3,12,-9
218000215,18,40,-22
218000217,3,73,-70
218000218,126,38,88
218000219,5,19,-14
218000220,35,230,-195
218000221,342,146,196
218000222,6,54,-48
218000223,27,235,-208
218000224,4,85,-81
218000225,159,12,147
218000226,116,36,80
218000230,0,0,0
218000232,29,31,-2
218000239,120,9,111
218000240,8,5,3
218000241,35,5,30
218000242,21,4,17
218000243,24,7,17
218000244,24,6,18
218000245,6,7,-1
218000246,3,1,2
218000247,1,0,1
218000248,2,25,-23
218000249,0,7,-7
218000250,3,5,-2
218000251,8,92,-84
218000252,2,337,-335
218000253,7,304,-297
218000254,1,94,-93
218000255,2,47,-45
218000256,10,138,-128
218000267,328,695,-367
218000268,7,34,-27
218000269,1,3,-2
218000270,95,29,66
218000271,8,27,-19
218000273,27,1,26
218000274,21,1,20
218000275,32,45,-13
218000276,15,23,-8
218000278,22,30,-8
218000279,128,18,110
218000280,2,22,-20
218000281,15,17,-2
218000282,488,567,-79
218000284,48,4,44
218000301,64,111,-47
218000302,103,35,68
218000303,20,73,-53
218000316,684,691,-7
218000317,1274,618,656
218000318,767,408,359
218000319,979,467,512
218000320,797,354,443
218000338,47,20,27
218000345,54,72,-18
218000346,30,138,-108
218000459,34,123,-89
218000490,22,53,-31
218000501,96,28,68
218000502,83,34,49
218000503,50,17,33
218000504,212,27,185
218000505,29,99,-70
218000506,28,219,-191
218000508,1,8,-7
218000510,149,16,133
218000520,96,100,-4
218000521,19,22,-3
218000522,1,118,-117
218000523,124,9,115
218000524,5,355,-350
218000525,87,26,61
218000526,25,225,-200
218000529,59,68,-9
218000530,1,0,1
218000531,11,10,1
218000532,23,10,13
218000534,184,16,168
218000537,37,52,-15
218000538,124,202,-78
218000540,166,67,99
218000543,151,28,123
218000544,18,54,-36
218000545,86,42,44
218000546,45,31,14
218000547,93,203,-110
218000548,79,73,6
218000549,429,414,15
218000550,127,180,-53
218000551,69,677,-608
218000552,222,49,173
218000553,35,126,-91
218000554,12,46,-34
218000555,42,62,-20
218000556,173,137,36
218000557,279,102,177
218000558,110,26,84
218000559,0,25,-25
218000560,0,29,-29
218000561,11,1,10
218000562,28,152,-124
218000563,173,30,143
218000564,2,103,-101
218000565,86,59,27
218000566,116,36,80
218000567,2,105,-103
218000568,34,3,31
218000569,7,267,-260
218000570,83,17,66
218000571,1,124,-123
218000572,128,3,125
218000573,12,249,-237
218000574,34,30,4
218000575,124,0,124
218000576,0,77,-77
218000577,71,0,71
218000578,1,100,-99
218000579,31,12,19
218000581,6,27,-21
218000582,41,6,35
218000583,11,0,11
218000584,0,13,-13
218000585,46,3,43
218000586,7,54,-47
218000587,1,3,-2
218000588,0,4,-4
218000589,0,10,-10
218000590,3,5,-2
218000591,0,2,-2
218000592,5,5,0
218000593,2,4,-2
218000594,1,3,-2
218000596,0,0,0
218000597,0,3,-3
218000598,0,2,-2
218000599,1,3,-2
218000600,0,0,0
218000601,0,3,-3
218000602,1,1,0
218000603,0,7,-7
218000604,6,0,6
218000605,0,58,-58
218000606,82,3,79
218000607,6,30,-24
218000608,31,30,1
218000609,10,42,-32
218000610,67,5,62
218000611,22,1,21
218000612,2,23,-21
218000613,34,0,34
218000614,2,29,-27
218000615,135,2,133
218000616,5,72,-67
218000617,16,0,16
218000618,1,25,-24
218000619,37,12,25
218000620,9,12,-3
218000621,0,0,0
218000622,0,33,-33
218000623,18,0,18
218000624,0,28,-28
218000625,15,0,15
218000626,0,9,-9
218000628,142,37,105
218000631,50,24,26
218000632,0,125,-125
218000633,61,0,61
218000634,8,16,-8
218000635,3,17,-14
218000636,624,653,-29
218000637,991,337,654
218000638,243,19,224
218000639,12,73,-61
218000640,330,28,302
218000641,88,124,-36
218000652,31,42,-11
218000653,182,28,154
218000663,19,188,-169
218000675,55,48,7
218000676,0,0,0
218000677,1,0,1
218000680,162,229,-67
218000681,314,106,208
218000691,168,101,67
218000693,264,102,162
218000703,1,4,-3
218000718,107,769,-662
218000719,166,444,-278
218000720,6,244,-238
218000721,59,17,42
218000725,3,1,2
218001147,3,68,-65
218001214,4,63,-59
218001258,250,7,243
218001329,121,98,23
218001330,102,50,52
218001351,33,16,17
218001352,1,23,-22
218001353,17,7,10
218001354,12,27,-15
218001355,12,106,-94
218001356,374,17,357
218001357,29,97,-68
218001358,274,20,254
218001361,377,3,374
218001362,0,54,-54
219000001,47,28,19
219000002,33,38,-5
219000003,66,30,36
219000004,64,56,8
219000017,89,28,61
219000020,147,65,82
219000022,141,5,136
219000023,142,3,139
219000029,0,43,-43
219000034,41,29,12
219000039,72,73,-1
219000040,54,54,0
219000041,124,14,110
219000051,1,26,-25
219000052,1,17,-16
219000053,0,47,-47
219000054,17,41,-24
219000055,238,1,237
219000056,11,0,11
219000057,67,0,67
219000062,16,15,1
219000063,79,6,73
219000064,0,49,-49
219000110,360,76,284
219000111,69,58,11
219000112,159,61,98
219000113,129,58,71
219000114,140,97,43
219000116,90,42,48
219000117,113,56,57
219000118,189,45,144
219000123,152,83,69
219000124,66,50,16
219000125,21,7,14
219000126,97,113,-16
219000127,0,7,-7
219000128,3,89,-86
219000129,30,112,-82
219000130,270,377,-107
219000131,555,780,-225
219000133,53,68,-15
219000134,12,28,-16
219000135,27,67,-40
219000136,112,200,-88
219000138,44,15,29
219000139,37,32,5
219000140,59,6,53
219000141,44,70,-26
219000142,3,40,-37
219000143,8,49,-41
219000145,22,39,-17
219000146,3,21,-18
219000147,3,13,-10
219000148,2,5,-3
219000149,8,48,-40
219000150,3,40,-37
219000151,1,19,-18
219000157,234,76,158
219000158,138,168,-30
219000161,91,3,88
219000163,849,403,446
219000166,107,129,-22
219000167,120,95,25
219000168,204,83,121
219000174,388,113,275
219000175,116,4,112
219000176,109,10,99
219000177,51,3,48
219000178,60,1,59
219000179,17,2,15
219000180,18,39,-21
219000182,140,15,125
219000183,45,19,26
219000184,99,16,83
219000185,2,22,-20
219000186,81,14,67
219000187,27,38,-11
219000189,56,192,-136
219000190,77,249,-172
219000191,386,1054,-668
219000192,164,125,39
219000193,128,123,5
219000195,1,28,-27
219000196,5,70,-65
219000198,21,51,-30
219000199,23,139,-116
219000200,36,98,-62
219000201,42,97,-55
219000203,15,98,-83
219000204,59,236,-177
219000205,47,172,-125
219000207,83,163,-80
219000209,30,38,-8
219000210,38,72,-34
219000213,21,65,-44
219000239,167,179,-12
219000240,195,253,-58
219000241,110,83,27
219000242,41,107,-66
219000243,51,149,-98
219000244,19,54,-35
219000245,30,84,-54
219000246,37,51,-14
219000247,224,43,181
219000248,422,361,61
219000249,209,120,89
219000250,206,60,146
219000251,551,265,286
219000252,212,182,30
219000253,460,106,354
219000255,147,71,76
219000256,284,56,228
219000257,120,0,120
219000262,162,84,78
219000263,32,89,-57
219000267,2,64,-62
219000268,0,3,-3
219000269,4,0,4
219000270,16,0,16
219000271,125,17,108
219000278,1,5,-4
219000279,0,5,-5
219000283,0,7,-7
219000295,8,67,-59
219000296,49,287,-238
219000297,11,82,-71
219000298,7,57,-50
219000299,367,61,306
219000300,35,104,-69
219000301,202,315,-113
219000302,34,181,-147
219000307,36,37,-1
219000308,46,59,-13
219000311,140,62,78
219000312,498,146,352
219000313,331,50,281
219000314,47,177,-130
219000315,296,31,265
219000316,469,53,416
219000317,111,9,102
219000320,1,72,-71
219000321,0,25,-25
219000323,6,36,-30
219000325,2,11,-9
219000326,72,50,22
219000327,55,31,24
219000328,25,67,-42
219000329,284,114,170
219000330,29,13,16
219000331,35,25,10
219000332,160,99,61
219000333,32,3,29
219000335,95,2,93
219000337,22,0,22
219000338,33,0,33
219000344,27,46,-19
219000345,33,41,-8
219000346,17,59,-42
219000348,119,56,63
219000349,59,96,-37
219000350,120,202,-82
219000351,2,11,-9
219000352,413,59,354
219000353,114,48,66
219000354,148,72,76
219000355,169,41,128
219000356,572,1356,-784
219000363,162,75,87
219000364,105,57,48
219000365,124,7,117
219000366,207,412,-205
219000368,251,507,-256
219000370,806,530,276
219000371,6,22,-16
219000382,9,22,-13
219000383,363,957,-594
219000385,328,407,-79
219000386,518,1145,-627
219000387,3,13,-10
219000390,8,1,7
219000391,1,2,-1
219000397,31,50,-19
219000398,61,52,9
219000401,8,62,-54
219000402,33,41,-8
219000403,144,272,-128
219000404,15,123,-108
219000407,4,29,-25
219000409,51,46,5
219000410,72,39,33
219000411,79,12,67
219000446,103,326,-223
219000447,2,16,-14
219000448,9,4,5
219000452,83,65,18
219000453,39,162,-123
219000454,127,280,-153
219000556,233,89,144
219000558,83,108,-25
219000590,21,108,-87
219000591,124,89,35
219000592,80,225,-145
219000595,1,13,-12
219000635,129,31,98
219000636,32,53,-21
219000657,16,16,0
219000658,42,59,-17
219000673,0,21,-21
219000676,7,2,5
219000679,32,9,23
219000684,89,3,86
219000685,0,0,0
219000686,1,3,-2
219000688,1,41,-40
219000689,31,124,-93
219000690,187,20,167
219000691,47,140,-93
219000692,147,28,119
219000693,0,16,-16
219000694,15,1,14
219000695,61,2,59
219000698,21,0,21
219000699,0,4,-4
219000727,8,101,-93
219000728,115,0,115
219000770,32,1,31
219000771,3,31,-28
219000788,317,199,118
219001150,1,35,-34
219001151,0,8,-8
219001166,51,43,8
219001167,4,48,-44
219001178,41,0,41
220000001,43,81,-38
220000002,12,74,-62
220000003,239,118,121
220000004,254,271,-17
220000005,604,1058,-454
220000006,184,456,-272
220000007,349,235,114
220000008,271,390,-119
220000009,250,271,-21
220000010,141,73,68
220000011,330,2043,-1713
220000012,40,198,-158
220000014,100,57,43
220000015,71,258,-187
220000017,28,124,-96
220000018,2997,1481,1516
220000019,66,262,-196
220000020,325,182,143
220000021,693,141,552
220000022,885,249,636
220000023,392,93,299
220000024,1258,359,899
220000025,563,956,-393
220000026,258,287,-29
220000027,15,73,-58
220000028,45,65,-20
220000029,39,72,-33
220000030,46,57,-11
220000031,452,228,224
220000064,13,711,-698
221000046,2,0,2
221000047,0,1,-1
221000048,0,0,0
221000049,0,7,-7
221000050,14,0,14
221000055,28,46,-18
221000057,72,10,62
221000068,281,138,143
221000069,260,79,181
221000070,162,26,136
221000071,127,9,118
221000072,211,9,202
221000073,174,37,137
221000074,2,20,-18
221000075,5,26,-21
221000076,8,18,-10
221000077,25,56,-31
221000081,14,11,3
221000082,87,2,85
221000083,17,2,15
221000084,7,2,5
221000085,19,30,-11
221000086,6,67,-61
221000087,3,86,-83
221000088,8,130,-122
221000089,53,186,-133
221000090,95,358,-263
221000098,119,9,110
221000099,167,10,157
221000100,97,5,92
221000101,171,8,163
221000102,196,29,167
221000109,11,98,-87
221000110,6,58,-52
221000111,25,124,-99
221000112,7,97,-90
221000113,17,105,-88
221000114,11,94,-83
221000120,60,13,47
221000121,26,38,-12
221000122,30,41,-11
221000123,17,21,-4
221000124,23,95,-72
221000155,68,19,49
221000156,84,27,57
221000175,4,9,-5
221000176,1,2,-1
221000182,72,4,68
221000241,590,254,336
221000242,158,328,-170
221000243,599,150,449
221000244,309,419,-110
221000245,152,131,21
221000246,47,230,-183
221000247,135,132,3
221000248,128,119,9
221000267,51,536,-485
221000325,89,53,36
221000331,9,33,-24
221000338,16,24,-8
221000378,172,43,129
221000381,48,32,16
222000282,27,10,17
222000296,7,18,-11
222000568,342,7,335
222000569,161,51,110
222000570,134,23,111
222000571,424,17,407
222000577,6,99,-93
222000578,26,144,-118
222000579,41,116,-75
222000580,61,536,-475
222000599,0,75,-75
222000600,3,187,-184
222000601,4,547,-543
222000603,16,31,-15
222000604,0,44,-44
222000605,20,27,-7
222000606,1,14,-13
222000607,5,9,-4
222000608,24,15,9
222000609,33,80,-47
222000616,453,31,422
222000617,8,16,-8
222000618,5,11,-6
222000620,5,13,-8
222000621,17,15,2
222000623,544,11,533
222000624,398,3,395
222000625,593,12,581
222000636,46,2,44
222000686,22,31,-9
222000687,61,17,44
222001066,202,2,200
222001067,12,0,12
222001068,59,15,44
222001069,56,16,40
222001082,38,37,1
222001083,30,20,10
222001084,0,58,-58
222001085,2,120,-118
222001111,64,115,-51
222001112,188,17,171
222001313,18,8,10
222001314,11,146,-135
222001464,253,24,229
222001465,14,60,-46
222001484,121,44,77
222001485,36,50,-14
222001494,517,136,381
222001495,58,158,-100
222001496,386,79,307
222001497,77,221,-144
222001502,19,77,-58
222001503,110,26,84
222001504,41,233,-192
222001505,342,18,324
222001506,52,276,-224
222001507,299,19,280
222001510,543,30,513
222001511,40,180,-140
222001514,574,149,425
222001515,167,285,-118
222001518,388,37,351
222001519,48,114,-66
222001527,137,44,93
222001528,34,80,-46
222001529,282,41,241
222001530,101,119,-18
222001533,85,133,-48
222001534,373,56,317
222001535,291,238,53
222001536,51,118,-67
222001537,357,49,308
222001538,74,270,-196
222001563,847,79,768
222001564,60,279,-219
222001568,185,177,8
222001576,0,3,-3
222001579,0,15,-15
222001583,10,62,-52
222001584,76,9,67
222001596,486,1062,-576
222001597,1307,338,969
222001626,0,104,-104
222001650,11,122,-111
222001651,36,506,-470
222001914,143,54,89
222001915,41,123,-82
222001968,476,267,209
222001969,389,392,-3
222001970,141,199,-58
222001971,24,4,20
222001972,3,12,-9
225000001,367,160,207
225000002,498,135,363
225000003,626,54,572
225000004,350,120,230
225000005,64,27,37
225000006,0,135,-135
225000007,819,965,-146
225000010,224,9,215
225000011,223,844,-621
225000012,213,492,-279
225000013,44,81,-37
225000014,544,60,484
225000015,84,98,-14
225000021,627,133,494
225000027,160,282,-122
225000032,551,93,458
225000042,58,396,-338
225000049,60,54,6
225000050,102,10,92
225000053,10,189,-179
225000058,566,161,405
225000067,69,95,-26
225000068,61,194,-133
225000069,95,323,-228
225000070,82,228,-146
225000071,28,78,-50
225000075,11,356,-345
225000076,69,151,-82
225000078,46,40,6
225000085,106,124,-18
225000086,212,66,146
225000087,110,14,96
225000088,6,150,-144
225000089,159,780,-621
225000090,40,312,-272
225000091,172,84,88
225000092,25,49,-24
225000093,215,183,32
225000094,12,153,-141
225000095,338,277,61
225000096,267,295,-28
225000098,709,243,466
225000099,335,131,204
225000100,357,110,247
225000104,102,305,-203
225000110,5,249,-244
225000111,143,614,-471
225000112,223,658,-435
225000113,200,418,-218
225000114,69,132,-63
225000115,717,419,298
225000116,671,143,528
225000117,603,207,396
225000118,861,207,654
225000119,152,70,82
225000120,571,20,551
225000121,127,9,118
225000123,413,17,396
225000125,416,109,307
225000126,548,168,380
225000127,499,1174,-675
225000128,424,754,-330
225000132,329,30,299
225000133,195,36,159
225000134,510,111,399
225000135,53,17,36
225000136,299,5,294
225000137,221,44,177
225000138,332,79,253
225000143,38,107,-69
225000144,1,235,-234
225000145,31,14,17
225000146,35,52,-17
225000147,24,120,-96
225000148,10,108,-98
225000149,59,244,-185
225000151,29,90,-61
225000155,387,263,124
225000156,114,692,-578
225000157,206,227,-21
225000158,31,111,-80
225000171,1,110,-109
225000180,21,2,19
225000181,0,56,-56
225000182,74,6,68
225000185,2,298,-296
225000187,29,240,-211
225000191,86,3,83
225000194,0,8,-8
225000208,0,31,-31
225000209,94,6,88
225000210,10,113,-103
225000217,1,16,-15
225000218,10,0,10
225000223,0,70,-70
225000224,47,1,46
225000225,0,16,-16
225000226,30,2,28
225000227,34,49,-15
225000228,21,5,16
225000229,0,42,-42
225000230,18,1,17
225000231,0,49,-49
225000232,139,0,139
225000241,54,3,51
225000242,0,48,-48
225000249,10,0,10
225000250,35,292,-257
225000251,365,16,349
226000042,204,252,-48
226000043,49,188,-139
226000044,73,220,-147
226000045,37,170,-133
226000046,385,54,331
226000047,383,94,289
226000048,287,82,205
226000049,245,152,93
226000070,0,22,-22
226000071,1,55,-54
226000072,0,11,-11
226000073,0,1,-1
226000074,0,10,-10
226000084,1,25,-24
226000085,2,6,-4
226000086,4,12,-8
226000087,0,9,-9
226000088,28,13,15
226000090,91,85,6
226000091,9,28,-19
226000092,8,4,4
226000093,23,6,17
226000094,2,3,-1
226000095,8,3,5
226000105,11,7,4
226000106,8,0,8
226000107,9,0,9
226000108,26,1,25
226000109,96,0,96
226000124,82,50,32
226000134,681,315,366
226000135,1414,414,1000
226000136,499,375,124
226000137,17,169,-152
226000138,17,77,-60
226000139,0,19,-19
226000156,174,4,170
226000157,204,12,192
226000163,76,43,33
226000202,0,140,-140
226000231,419,10,409
226000232,34,19,15
227000033,350,58,292
227000036,460,38,422
227000037,389,38,351
227000038,143,31,112
227000049,0,36,-36
227000050,1,39,-38
227000055,70,0,70
227000056,28,2,26
227000084,0,74,-74
227000085,0,52,-52
227000088,46,1,45
227000089,104,2,102
227000090,28,4,24
227000091,35,2,33
227000093,90,0,90
227000094,11,0,11
227000130,20,106,-86
227000131,34,122,-88
227000132,6,123,-117
227000133,12,120,-108
227000134,14,203,-189
227000152,0,6,-6
227000153,0,84,-84
227000155,1,18,-17
227000156,1,5,-4
227000165,2,81,-79
227000196,305,133,172
227000199,373,274,99
227000230,21,221,-200
227000232,496,23,473
227000242,71,330,-259
227000243,388,69,319
227000245,15,227,-212
227000246,91,267,-176
227000247,422,56,366
227000248,192,42,150
227000249,25,107,-82
227000250,324,193,131
227000251,82,207,-125
227000252,29,157,-128
227000253,202,28,174
227000262,456,61,395
227000266,1246,39,1207
227000267,22,860,-838
227000282,7,81,-74
227000284,599,15,584
227000286,2,31,-29
227000287,11,62,-51
227000291,15,252,-237
227000484,239,5,234
227000485,25,497,-472
227000655,155,4,151
227000656,512,28,484
227000657,80,8,72
227000661,288,18,270
227000680,120,35,85
229000265,11,13,-2
229000296,5,13,-8
229000297,2,34,-32
229000298,8,53,-45
229000320,13,1,12
229000321,24,2,22
229000412,29,26,3
229000414,5,28,-23
229000415,24,0,24
229000416,1,9,-8
229000417,1,5,-4
229000419,38,208,-170
229000440,235,54,181
229000442,21,0,21
229000443,2,3,-1
229000444,0,33,-33
229000445,46,4,42
229000446,56,21,35
229000491,0,0,0
229000492,0,1,-1
229000493,0,0,0
229000494,11,0,11
229000495,48,0,48
229000496,21,5,16
229000507,0,6,-6
229000508,0,0,0
229000509,0,0,0
229000510,0,0,0
229000511,0,0,0
229000512,0,0,0
229000513,0,0,0
229000514,0,0,0
229000517,0,0,0
229000518,3,1,2
229000519,0,1,-1
229000520,0,1,-1
229000521,9,0,9
229000522,1,0,1
229000523,4,0,4
229000524,0,0,0
229000527,0,0,0
229000528,0,0,0
229000529,1,0,1
229000530,15,0,15
229000531,11,0,11
229000532,1,0,1
229000533,14,0,14
229000534,12,0,12
229000564,5,0,5
229000565,7,0,7
229000566,0,0,0
229000567,0,0,0
229000582,22,0,22
229000583,0,1,-1
229000584,0,1,-1
229000585,0,2,-2
229000718,0,0,0
229000719,0,2,-2
229000720,0,8,-8
229000721,0,1,-1
229000722,0,1,-1
229000723,0,0,0
229000724,0,0,0
229000725,1,0,1
229000738,0,0,0
229000739,0,0,0
229000740,1,0,1
229000741,5,0,5
229000742,18,0,18
229000743,7,0,7
229000744,0,0,0
229000745,0,0,0
229000746,6,0,6
229000847,86,0,86
229000848,36,0,36
229000849,99,0,99
229000851,27,0,27
229000854,0,8,-8
229000856,0,22,-22
229000857,0,8,-8
229000858,0,25,-25
229000919,9,33,-24
229000930,3,152,-149
229000937,85,11,74
229000966,74,19,55
229000981,21,20,1
229000985,4,10,-6
229000986,1,4,-3
229000987,0,0,0
229000988,1,4,-3
229000989,11,6,5
229000990,0,4,-4
229000991,0,1,-1
229000992,15,8,7
229000993,121,10,111
229000998,7,31,-24
229000999,71,7,64
229001034,0,8,-8
229001035,4,2,2
229001037,15,5,10
229001042,7,8,-1
229001047,7,23,-16
229001050,22,25,-3
229001168,0,6,-6
229001200,21,2,19
229001338,2,11,-9
229001394,153,6,147
229001422,99,22,77
229001423,31,87,-56
229001431,21,43,-22
229001432,22,43,-21
229001444,155,46,109
229001445,18,69,-51
229001479,14,3,11
229001503,302,62,240
229001504,126,88,38
229001505,125,14,111
229001506,52,87,-35
229001509,28,13,15
229001545,103,5,98
229001546,11,49,-38
229001553,78,16,62
229001554,14,51,-37
229001559,2,12,-10
229001560,1,30,-29
229001630,43,4,39
229001631,5,17,-12
229001635,0,7,-7
229001636,1,1,0
229001658,2,59,-57
229001659,57,3,54
229001660,16,4,12
229001661,2,44,-42
229001662,8,0,8
229001663,0,12,-12
229002584,135,98,37
229002831,82,90,-8
229002841,4,9,-5
229002842,16,15,1
229002843,36,14,22
229002844,9,28,-19
229002845,7,66,-59
229002846,20,16,4
229002847,1,11,-10
229002848,6,11,-5
229002849,3,64,-61
229002850,9,0,9
229002851,24,114,-90
229002852,98,9,89
229002853,97,5,92
229002854,31,67,-36
229002855,10,26,-16
229002856,28,17,11
229002857,14,98,-84
229002858,15,15,0
229002859,31,68,-37
229002860,95,7,88
229002861,35,12,23
229002862,15,14,1
229002863,27,13,14
229002864,17,26,-9
229002865,5,7,-2
229002866,9,13,-4
229002867,3,13,-10
229002868,5,4,1
229002869,18,101,-83
229002870,42,14,28
235000066,246,38,208
235000067,87,54,33
235000072,27,62,-35
235000073,72,246,-174
235000074,30,17,13
235000080,18,56,-38
235000081,106,64,42
235000082,208,33,175
235000083,201,61,140
235000084,44,28,16
235000085,174,33,141
235000089,26,22,4
235000092,22,131,-109
235000093,11,26,-15
235000097,3,3,0
235000098,58,15,43
235000099,23,20,3
235000116,43,8,35
235000117,330,16,314
235000133,6,481,-475
235000134,16,160,-144
235000206,5,4,1
235000207,4,5,-1
235000208,0,1,-1
235000209,2,0,2
235000210,8,3,5
235000212,6,26,-20
235000213,1,7,-6
235000220,0,4,-4
235000221,51,7,44
235000238,6,98,-92
235000239,2,24,-22
235000242,272,752,-480
235000245,441,106,335
235000246,13,49,-36
235000284,4,154,-150
235000295,67,5,62
235000305,226,21,205
235000306,246,8,238
235000307,17,2,15
235000308,5,2,3
235000309,33,2,31
235000310,30,0,30
235000311,58,20,38
235000322,0,19,-19
235000323,0,37,-37
235000324,0,12,-12
235000325,0,9,-9
235000326,6,80,-74
235000351,5,60,-55
235000352,10,24,-14
235000353,5,32,-27
235000354,8,48,-40
235000355,6,70,-64
235000356,62,0,62
235000357,37,8,29
235000358,59,9,50
235000359,35,5,30
235000360,29,7,22
235000361,72,1,71
235000381,81,78,3
235000382,141,27,114
235000390,9,4,5
235000391,151,27,124
235000392,188,223,-35
235000393,145,196,-51
235000395,145,39,106
235000396,443,86,357
235000400,64,95,-31
235000401,7,92,-85
235000405,109,151,-42
235000406,50,135,-85
235000407,42,49,-7
235000409,169,76,93
235000410,34,118,-84
235000411,2,27,-25
235000485,0,5,-5
235000486,12,0,12
235000549,154,52,102
235000550,96,93,3
235000599,143,32,111
235000600,7,15,-8
235000601,5,31,-26
235000602,60,36,24
235000614,2,8,-6
235000648,0,7,-7
235000649,26,0,26
235000685,2,5,-3
235000815,31,144,-113
235000834,0,6,-6
235000855,109,41,68
235000862,41,73,-32
235000891,0,3,-3
235000892,16,11,5
235000901,96,63,33
235000907,9,10,-1
235001010,76,29,47
235001029,287,210,77
235001030,251,147,104
235001078,55,101,-46
235001079,48,59,-11
235001147,34,42,-8
235001166,24,47,-23
235001167,52,19,33
235001169,18,366,-348
235001188,0,5,-5
235001189,7,3,4
235001197,5,22,-17
235001200,51,44,7
235001207,405,73,332
235001210,80,120,-40
235001215,13,140,-127
235001239,0,25,-25
235001244,0,8,-8
235016267,1,37,-36
277101746,0,0,0
277102712,0,0,0
277103813,0,0,0
277103814,0,0,0
277103898,0,0,0
277104249,0,0,0
277104250,0,5,-5
277104251,0,5,-5
277104252,0,2,-2
990011530,1,83,-82
990014944,2,228,-226
990015176,35,38,-3
990015618,1,47,-46
990016032,0,113,-113
990032570,0,24,-24
990070001,54,4,50
990070103,0,1,-1
990070601,1,39,-38
990070751,1151,3,1148
990070766,1,240,-239
990071180,371,127,244
990071343,22,2,20
990071387,0,18,-18
990071823,316,4,312
990072600,2,1141,-1139
990072964,0,252,-252
990073285,0,2,-2
990074393,0,368,-368
990074870,1313,9,1304
990075106,850,7,843
990075746,465,2,463
990076437,1396,4,1392
990076458,0,279,-279
997000007,464,22,442
997000041,0,141,-141
997000058,45,0,45
997000062,27,0,27
997000069,0,6,-6
997000070,1,11,-10
997000100,30,0,30
997000141,3,684,-681
997000198,113,767,-654
998000475,0,2,-2
998000736,0,74,-74
998000965,0,8,-8
998001031,0,51,-51
998001700,0,5,-5
998001899,0,1,-1
998001900,6,1,5
998003073,709,1,708
998101900,0,0,0
998102850,3,247,-244
998501927,588,850,-262
998501929,91,2,89
998501930,20,0,20
998501931,114,9,105
998501932,7,0,7
998501933,70,1,69
998501937,16,0,16
998501944,13,1,12
998501950,0,10,-10
998501970,54,2,52
998501971,0,54,-54
998501973,1,25,-24
998501974,2,157,-155
998501975,106,4,102
998501976,282,45,237
998501977,0,14,-14
998501978,12,0,12
998501979,0,8,-8
998501980,42,0,42
998501981,34,1,33
998501982,0,121,-121
998501983,0,3,-3
998502006,0,0,0
998502024,0,5,-5
998502032,0,0,0
998502062,10,2,8
998502063,0,0,0
998502173,26,0,26
998502269,0,1,-1
998502546,0,127,-127
998502578,4,5,-1
998502599,50,263,-213
998502621,1,0,1
998601159,0,49,-49
998601292,0,19,-19
999033574,0,190,-190
999800001,34,1,33
999800002,0,1,-1
999800003,0,0,0
999800004,0,3,-3
999800005,0,7,-7
