ID,insum,outsum,diff
100000001,497,687,-190
100000002,3272,3466,-194
100000003,2994,4246,-1252
100000004,338,888,-550
100000005,1799,3541,-1742
100000006,315,162,153
100000007,1379,587,792
100000008,81,408,-327
100000009,287,228,59
100000010,21,72,-51
100000011,394,166,228
100000012,65,1102,-1037
100000013,24,296,-272
100000014,140,288,-148
100000015,1021,1388,-367
100000016,408,963,-555
100000017,309,732,-423
100000018,660,508,152
100000019,2328,1712,616
100000020,897,3908,-3011
100000021,4058,1459,2599
100000022,552,1955,-1403
100000023,2602,933,1669
100000025,345,1202,-857
100000028,467,874,-407
100000029,71,375,-304
100000030,57,28,29
100000031,1499,4170,-2671
100000032,1158,3017,-1859
100000033,746,2184,-1438
100000034,84,804,-720
100000035,535,938,-403
100000036,600,1332,-732
100000037,525,353,172
100000038,1891,858,1033
100000039,264,214,50
100000040,151,117,34
100000041,1199,462,737
100000042,767,378,389
100000043,520,551,-31
100000044,207,548,-341
100000045,262,577,-315
100000046,363,445,-82
100000047,143,320,-177
100000048,228,422,-194
100000049,1151,885,266
100000051,365,413,-48
100000053,59,2,57
100000054,231,17,214
100000055,478,527,-49
100000056,413,681,-268
100000057,1540,439,1101
100000058,519,654,-135
100000059,8,287,-279
100000060,375,230,145
100000061,1691,394,1297
100000062,1178,471,707
100000063,784,216,568
100000064,883,329,554
100000065,169,550,-381
100000066,107,403,-296
100000067,198,355,-157
100000068,238,886,-648
100000069,189,762,-573
100000072,156,500,-344
100000073,683,565,118
100000075,578,175,403
100000076,944,3245,-2301
100000077,72,384,-312
100000078,7,32,-25
100000079,13,54,-41
100000080,15,89,-74
100000081,75,217,-142
100000102,2374,4204,-1830
100000103,982,1286,-304
100000104,1845,1913,-68
100000105,1010,1475,-465
100000106,887,2565,-1678
100000107,94,1091,-997
100000108,199,627,-428
100000109,823,1127,-304
100000116,599,629,-30
100000117,81,199,-118
100000118,631,1246,-615
100000119,430,1010,-580
100000121,147,347,-200
100000122,399,1152,-753
100000123,943,2053,-1110
100000124,2392,2507,-115
100000125,3052,1370,1682
100000126,370,439,-69
100000127,732,452,280
100000128,1151,2153,-1002
100000129,224,654,-430
100000130,456,206,250
100000131,790,1276,-486
100000132,517,1435,-918
100000133,1513,891,622
100000135,425,1100,-675
100000139,190,617,-427
100000140,177,299,-122
100000142,513,366,147
100000143,995,316,679
100000144,1454,430,1024
100000147,1110,3003,-1893
100000150,40,697,-657
100000151,583,2151,-1568
100000153,77,482,-405
100000154,15,257,-242
100000155,11,52,-41
100000156,311,485,-174
100000157,380,200,180
100000158,226,192,34
100000159,89,551,-462
100000165,581,608,-27
100000169,58,921,-863
100000174,150,689,-539
100000179,80,452,-372
100000180,449,1783,-1334
100000181,219,517,-298
100000188,53,115,-62
100000189,783,347,436
100000190,548,1483,-935
100000191,589,575,14
100000192,26,84,-58
100000193,212,214,-2
100000330,442,647,-205
100000355,139,770,-631
100000362,2296,1244,1052
100000363,4059,4249,-190
100000364,71,221,-150
100000365,5170,8991,-3821
100000366,1990,1502,488
100000367,3942,6064,-2122
100000368,2336,786,1550
100000369,336,1672,-1336
100000370,100,884,-784
100000376,54,143,-89
100000379,754,1245,-491
100000380,2900,4162,-1262
100000384,3971,4793,-822
100000385,1160,2726,-1566
100000386,2822,4990,-2168
100000387,2018,4608,-2590
100000388,2127,5082,-2955
100000389,2619,5567,-2948
100000390,3081,5303,-2222
100000391,2315,7910,-5595
100000392,1290,3978,-2688
100000393,1208,5640,-4432
100000394,3302,7337,-4035
100000395,2163,5993,-3830
100000396,3913,3428,485
100000397,2630,8224,-5594
100000398,6161,4816,1345
100000413,3,1,2
100900002,3,6,-3
100900003,235,219,16
100900004,7,395,-388
100900005,77,12,65
100900006,16,44,-28
100900007,110,11,99
100900008,4,222,-218
100900009,30,151,-121
100900010,66,14,52
100900011,131,105,26
100900012,4,75,-71
100900013,645,21,624
100900014,7,8,-1
100900015,34,53,-19
100900016,4,20,-16
100900017,541,58,483
100900018,1,13,-12
100900019,21,70,-49
100900020,234,4,230
100900021,305,1,304
100900022,11,23,-12
100900023,1,18,-17
100900024,224,6,218
100900025,4,13,-9
100900026,109,50,59
100900027,285,1656,-1371
100900028,105,192,-87
100900029,39,12,27
100900030,0,145,-145
100900031,496,23,473
100900032,334,2,332
100900033,96,151,-55
100900034,485,0,485
100900035,122,0,122
100900036,9,0,9
100900037,82,92,-10
100900038,71,40,31
100900039,175,238,-63
100900040,400,315,85
100900041,938,281,657
100900042,1032,1480,-448
100900043,0,11,-11
100900044,783,281,502
100900045,5,1,4
100900046,822,15,807
100900047,538,142,396
100900048,85,61,24
100900049,58,76,-18
100900050,4,2,2
100900051,14,82,-68
100900052,214,31,183
100900053,486,17,469
100900054,10,29,-19
100900055,129,595,-466
100900056,12,40,-28
100900057,1435,870,565
100900058,75,27,48
100900059,90,2,88
100900060,175,3,172
100900061,157,106,51
100900062,10,34,-24
100900063,212,547,-335
100900064,398,30,368
100900065,52,73,-21
100900066,161,184,-23
100900067,3,7,-4
100900068,38,61,-23
100900069,107,4,103
100900070,388,7,381
100900071,269,105,164
100900072,6,21,-15
100900073,79,168,-89
100900074,2,6,-4
100900075,1027,115,912
100900076,0,17,-17
100900077,44,14,30
100900078,57,156,-99
100900079,4,16,-12
100900080,42,74,-32
100900081,39,73,-34
100900082,145,191,-46
100900083,10,12,-2
100900085,8,419,-411
100900086,52,203,-151
100900088,97,164,-67
100900089,1,39,-38
100900090,73,333,-260
100900091,3,8,-5
100900092,73,99,-26
100900093,231,204,27
100900094,133,146,-13
100900095,3,18,-15
100900096,12,122,-110
100900097,0,2,-2
100900098,10,46,-36
100900099,15,260,-245
100900100,8,530,-522
100900101,183,23,160
100900102,3,22,-19
100900103,7,35,-28
100900104,3,89,-86
100900105,7,463,-456
100900106,13,10,3
100900107,1052,592,460
100900108,4,7,-3
100900109,4,17,-13
100900110,1,25,-24
100900111,16,131,-115
100900112,2,15,-13
100900113,7,15,-8
100900114,13,21,-8
100900115,4,31,-27
100900116,469,269,200
100900117,196,1016,-820
100900118,11,31,-20
100900119,7,37,-30
100900120,26,6,20
100900121,199,253,-54
100900122,66,99,-33
100900123,72,69,3
100900124,1,14,-13
100900125,4,31,-27
100900126,119,61,58
100900127,5,3,2
100900128,42,152,-110
100900129,0,227,-227
100900131,28,129,-101
100900133,52,26,26
100900134,0,3,-3
100900135,2,253,-251
100900137,226,110,116
100900138,242,306,-64
100900139,2,6,-4
100900140,3,221,-218
100900141,0,501,-501
100900142,3,10,-7
100900143,303,302,1
100900144,5,2,3
100900145,28,106,-78
100900146,7,23,-16
100900147,6,368,-362
100900148,42,174,-132
100900149,49,182,-133
100900150,1,20,-19
100900151,89,265,-176
100900152,153,4,149
100900153,4,108,-104
100900154,1,117,-116
100900155,9,3,6
100900156,12,4,8
100900157,3,274,-271
100900159,1,30,-29
100900160,17,2,15
100900161,26,8,18
100900162,8,185,-177
100900163,78,114,-36
100900164,45,19,26
100900165,7,10,-3
100900166,15,1,14
100900167,16,60,-44
100900168,28,124,-96
100900169,86,479,-393
100900170,32,3,29
100900171,7,254,-247
100900172,0,35,-35
100900173,6,100,-94
100900174,20,18,2
100900176,1143,90,1053
100900177,408,120,288
100900178,119,158,-39
100900179,154,193,-39
100900180,7,1,6
100900181,44,50,-6
100900182,30,32,-2
100900184,16,92,-76
100900186,265,215,50
100900187,6,38,-32
100900188,17,12,5
100900189,1351,169,1182
100900191,384,1102,-718
100900192,162,438,-276
100900195,120,102,18
100900197,18,55,-37
100900198,16,58,-42
100900199,3,10,-7
100900200,430,241,189
100900201,19,325,-306
100900202,50,0,50
100900203,6,392,-386
100900204,47,435,-388
100900205,98,506,-408
100900206,203,85,118
100900207,230,97,133
100900210,32,149,-117
100900211,264,81,183
100900213,83,28,55
100900214,289,84,205
100900215,24,37,-13
100900217,50,81,-31
101000001,1328,1362,-34
101000002,4442,5019,-577
101000003,220,570,-350
101000004,3657,4046,-389
101000005,2676,3362,-686
101000006,3201,5033,-1832
101000007,1669,3075,-1406
101000008,1341,1579,-238
101000009,1546,525,1021
101000010,518,407,111
101000011,665,231,434
101000012,365,522,-157
101000013,517,768,-251
101000014,287,323,-36
101000015,1257,690,567
101000016,130,336,-206
101000017,280,363,-83
101000018,1162,1839,-677
101000020,1030,508,522
101000021,408,269,139
101000022,74,170,-96
101000023,685,474,211
101000025,179,343,-164
101000026,206,9,197
101000027,1510,2990,-1480
101000028,647,290,357
101000029,75,1191,-1116
101000030,687,145,542
101000031,167,747,-580
101000032,2171,3920,-1749
101000033,896,2649,-1753
101000034,723,1657,-934
101000035,398,234,164
101000036,811,1026,-215
101000037,907,1777,-870
101000039,1077,2032,-955
101000040,1654,3447,-1793
101000041,1820,5945,-4125
101000042,135,944,-809
101000043,2187,5164,-2977
101000045,336,664,-328
101000046,1005,2383,-1378
101000047,937,4515,-3578
101000048,324,277,47
101000049,327,1618,-1291
101000050,570,1482,-912
101000051,561,2028,-1467
101000052,788,1138,-350
101000053,597,1044,-447
101000054,1399,696,703
101000055,947,1220,-273
101000056,22,109,-87
101000057,710,1064,-354
101000058,521,920,-399
101000059,1155,1791,-636
101000060,1353,739,614
101000061,394,1292,-898
101000062,305,644,-339
101000063,284,1094,-810
101000064,508,1049,-541
101000065,300,763,-463
101000066,519,1080,-561
101000067,614,1059,-445
101000068,105,460,-355
101000069,142,44,98
101000070,485,704,-219
101000071,1422,796,626
101000072,399,2144,-1745
101000073,547,1050,-503
101000074,2317,3107,-790
101000075,1547,3774,-2227
101000077,1158,990,168
101000078,467,1068,-601
101000079,1014,925,89
101000080,869,1051,-182
101000081,1319,1210,109
101000082,1697,1824,-127
101000083,2528,1932,596
101000084,771,451,320
101000085,1013,905,108
101000086,692,861,-169
101000087,658,630,28
101000088,955,904,51
101000089,909,1234,-325
101000090,1293,724,569
101000091,352,374,-22
101000092,1278,458,820
101000093,1112,488,624
101000094,778,627,151
101000095,443,317,126
101000096,429,308,121
101000097,281,451,-170
101000098,265,365,-100
101000099,463,685,-222
101000100,505,718,-213
101000101,136,237,-101
101000102,342,606,-264
101000103,442,536,-94
101000104,142,641,-499
101000105,126,497,-371
101000106,283,968,-685
101000107,250,291,-41
101000108,401,121,280
101000109,384,67,317
101000110,41,148,-107
101000111,40,79,-39
101000113,122,493,-371
101000114,3351,8276,-4925
101000115,67,39,28
101000116,35,23,12
101000117,1394,145,1249
101000119,36,50,-14
101000120,70,49,21
101000121,31,54,-23
101000122,92,79,13
101000123,50,107,-57
101000124,871,419,452
101000125,86,235,-149
101000128,146,687,-541
101000130,123,197,-74
101000131,890,317,573
101000132,725,473,252
101000135,19,53,-34
101000136,255,219,36
101000137,37,360,-323
101000141,585,2833,-2248
101000147,705,272,433
101000148,554,9,545
101000149,115,375,-260
101000150,69,231,-162
101000151,209,22,187
101000152,213,241,-28
101000153,204,146,58
101000154,239,393,-154
101000155,290,127,163
101000156,16,230,-214
101000157,49,13,36
101000160,9,19,-10
101000163,93,441,-348
101000164,196,144,52
101000165,199,257,-58
101000166,128,148,-20
101000168,563,378,185
101000252,1836,864,972
101000254,46,67,-21
101000258,90,6,84
101000261,126,83,43
101000262,806,2935,-2129
101000263,123,823,-700
101000265,37,520,-483
101000266,120,140,-20
101000269,10,7,3
101000290,367,1747,-1380
101000293,11,29,-18
101000294,469,310,159
101000295,192,217,-25
101000301,214,326,-112
101000304,1534,2049,-515
101000305,2027,675,1352
101000328,119,274,-155
101900001,31,55,-24
101900002,0,6,-6
101900003,37,60,-23
101900004,1,49,-48
101900005,1294,2298,-1004
101900006,1117,32,1085
101900007,358,168,190
101900008,49,125,-76
101900009,16,246,-230
101900010,499,570,-71
101900011,82,609,-527
101900012,192,44,148
101900013,270,103,167
101900017,6,105,-99
101900018,534,159,375
101900019,132,123,9
101900020,26,23,3
101900021,0,27,-27
101900022,127,363,-236
101900023,117,51,66
101900026,139,20,119
101900027,14,99,-85
102000001,2002,3657,-1655
102000002,1558,672,886
102000003,1590,4745,-3155
102000004,2201,1611,590
102000005,791,2198,-1407
102000006,477,1093,-616
102000007,997,3451,-2454
102000008,2382,971,1411
102000009,4814,6202,-1388
102000010,2501,2023,478
102000011,2944,2428,516
102000012,2238,1751,487
102000018,1463,1791,-328
102000019,1364,1073,291
102000026,189,247,-58
102000029,137,111,26
102000030,121,218,-97
102000031,46,76,-30
102000032,457,218,239
102000033,199,264,-65
102000034,280,207,73
102000035,687,385,302
102000036,16,140,-124
102000037,130,18,112
102000038,104,360,-256
102000039,82,114,-32
102000040,217,288,-71
102000041,57,457,-400
102000042,86,349,-263
102000043,71,265,-194
102000044,225,588,-363
102000045,296,455,-159
102000046,742,417,325
102000047,448,546,-98
102000048,301,401,-100
102000049,775,610,165
102000050,710,855,-145
102000051,300,565,-265
102000052,784,604,180
102000053,599,856,-257
102000054,630,757,-127
102000055,1051,243,808
102000056,854,327,527
102000057,994,330,664
102000058,841,765,76
102000059,856,886,-30
102000060,751,595,156
102000061,1226,897,329
102000062,1422,633,789
102000063,539,732,-193
102000064,393,475,-82
102000065,51,97,-46
102000066,571,557,14
102000067,1964,2104,-140
102000068,6375,2177,4198
102000069,49,2058,-2009
102000070,1119,48,1071
102000071,4930,6530,-1600
102000072,1848,2771,-923
102000073,445,536,-91
102000074,486,433,53
102000075,86,166,-80
102000076,238,183,55
102000077,615,402,213
102000078,952,321,631
102000079,107,117,-10
102000080,205,166,39
102000081,154,612,-458
102000082,446,252,194
102000083,507,123,384
102000084,401,121,280
102000085,1352,571,781
102000086,999,480,519
102000087,539,760,-221
102000088,314,150,164
102000089,954,206,748
102000090,198,661,-463
102000091,993,343,650
102000092,232,314,-82
102000093,469,513,-44
102000094,502,390,112
102000095,612,818,-206
102000096,303,453,-150
102000097,371,403,-32
102000098,286,634,-348
102000099,584,829,-245
102000100,156,983,-827
102000101,343,433,-90
102000102,217,618,-401
102000103,1502,250,1252
102000104,361,197,164
102000105,208,361,-153
102000106,580,245,335
102000107,1263,228,1035
102000108,467,84,383
102000109,452,310,142
102000110,1065,412,653
102000111,6,150,-144
102000112,71,108,-37
102000113,16,21,-5
102000114,470,276,194
102000115,177,246,-69
102000116,109,389,-280
102000117,77,563,-486
102000118,492,1062,-570
102000119,919,974,-55
102000120,127,292,-165
102000121,659,222,437
102000122,434,656,-222
102000123,789,524,265
102000124,801,902,-101
102000125,394,442,-48
102000126,326,502,-176
102000127,733,316,417
102000128,471,584,-113
102000129,839,312,527
102000130,469,379,90
102000131,669,271,398
102000132,277,395,-118
102000133,2146,1147,999
102000134,724,485,239
102000135,435,505,-70
102000136,653,396,257
102000137,334,565,-231
102000138,110,174,-64
102000139,27,316,-289
102000140,90,702,-612
102000141,117,218,-101
102000142,200,134,66
102000143,209,159,50
102000144,234,126,108
102000145,250,228,22
102000146,286,200,86
102000147,278,244,34
102000148,195,279,-84
102000149,106,138,-32
102000150,399,48,351
102000151,77,81,-4
102000152,144,81,63
102000153,704,430,274
102000154,117,302,-185
102000155,27,273,-246
102000156,195,133,62
102000157,51,434,-383
102000158,294,412,-118
102000159,665,543,122
102000161,1080,1264,-184
102000162,79,131,-52
102000163,61,327,-266
102000164,393,672,-279
102000165,176,98,78
102000166,42,115,-73
102000167,128,113,15
102000168,149,121,28
102000169,55,323,-268
102000170,208,62,146
102000171,63,35,28
102000172,20,175,-155
102000173,228,175,53
102000174,62,40,22
102000175,40,55,-15
102000176,34,17,17
102000178,185,156,29
102000179,359,120,239
102000180,754,175,579
102000181,718,273,445
102000182,325,300,25
102000183,1478,829,649
102000184,1596,376,1220
102000185,2364,651,1713
102000186,1249,800,449
102000187,730,635,95
102000188,961,768,193
102000189,1087,253,834
102000190,376,1790,-1414
102000191,774,242,532
102000192,1084,1112,-28
102000193,50,45,5
102000194,37,80,-43
102000195,332,205,127
102000196,179,146,33
102000197,700,175,525
102000198,146,273,-127
102000199,1002,148,854
102000200,203,336,-133
102000201,899,232,667
102000202,8,33,-25
102000203,272,97,175
102000204,391,306,85
102000205,899,221,678
102000206,413,187,226
102000207,426,297,129
102000208,228,235,-7
102000209,41,26,15
102000210,354,154,200
102000211,359,101,258
102000212,308,3,305
102000213,2,112,-110
102000214,257,15,242
102000215,3,158,-155
102000216,36,49,-13
102000217,1,44,-43
102000218,231,134,97
102000219,168,109,59
102000225,280,372,-92
102000226,388,697,-309
102000227,109,1,108
102000228,1,38,-37
102000229,27,34,-7
102000230,177,246,-69
102000231,142,231,-89
102000232,29,113,-84
102000233,355,258,97
102000234,52,651,-599
102000236,159,54,105
102000237,413,161,252
102000238,107,163,-56
102000240,310,550,-240
102000241,119,67,52
102000243,9,17,-8
102000245,9,87,-78
102000246,2,32,-30
102000247,285,398,-113
102000248,266,713,-447
102000249,106,63,43
102000250,54,169,-115
102000254,150,112,38
102000266,7,360,-353
102000271,27,1,26
102000286,207,221,-14
102000297,1178,616,562
102000299,0,0,0
102000301,0,0,0
102000303,0,0,0
102000305,0,0,0
102000307,0,6,-6
102900001,950,536,414
102900002,219,27,192
102900003,55,104,-49
102900005,305,161,144
102900006,459,46,413
102900007,352,12,340
102900008,175,17,158
102900009,421,261,160
102900010,129,905,-776
102900011,897,248,649
102900012,382,66,316
102900013,30,34,-4
102900015,347,366,-19
102900016,53,40,13
102900017,185,192,-7
102900018,26,46,-20
102900019,222,156,66
102900020,129,18,111
102900021,23,34,-11
102900022,222,110,112
102900023,12,31,-19
102900024,29,18,11
102900025,98,67,31
102900026,162,1298,-1136
102900027,50,59,-9
102900028,91,616,-525
102900029,110,170,-60
102900030,315,235,80
102900031,145,90,55
102900032,93,31,62
102900033,49,97,-48
102900034,447,41,406
102900035,122,159,-37
102900036,205,134,71
102900037,204,147,57
102900038,295,145,150
102900039,14,419,-405
102900040,122,205,-83
102900041,55,105,-50
102900042,169,135,34
102900043,120,114,6
102900044,389,1000,-611
102900045,193,278,-85
102900046,155,97,58
102900047,112,273,-161
102900048,434,228,206
102900049,82,292,-210
102900050,140,155,-15
102900051,158,115,43
102900053,179,331,-152
102900054,220,765,-545
102900055,113,170,-57
102900056,84,203,-119
102900057,9,41,-32
102900058,289,55,234
102900059,31,37,-6
102900060,99,282,-183
102900061,121,195,-74
102900062,253,352,-99
102900063,934,213,721
102900064,55,223,-168
102900065,683,197,486
102900066,236,12,224
102900068,73,74,-1
102900070,159,275,-116
102900072,5,31,-26
102900073,65,4,61
102900075,10,54,-44
102900076,53,113,-60
102900077,30,27,3
102900078,15,31,-16
102900079,154,3,151
102900080,317,31,286
102900081,69,213,-144
102900082,9,110,-101
102900083,91,41,50
102900084,0,20,-20
102900085,260,95,165
102900086,25,66,-41
102900087,123,55,68
102900088,40,17,23
102900089,141,81,60
102900090,0,90,-90
102900091,107,2,105
102900092,358,213,145
102900094,6,73,-67
102900095,72,0,72
102900096,42,7,35
102900097,2,40,-38
103000001,1825,1675,150
103000002,1668,1796,-128
103000003,2258,1939,319
103000004,593,463,130
103000005,1520,2476,-956
103000006,777,1304,-527
103000007,323,428,-105
103000008,668,403,265
103000009,1330,898,432
103000010,97,38,59
103000011,998,653,345
103000012,1048,1195,-147
103000013,1925,1049,876
103000014,988,1989,-1001
103000015,990,436,554
103000016,422,1068,-646
103000017,210,399,-189
103000018,380,159,221
103000019,224,254,-30
103000020,1338,1055,283
103000021,1246,1834,-588
103000022,527,642,-115
103000023,583,1530,-947
103000024,57,82,-25
103000025,85,581,-496
103000026,410,74,336
103000027,171,459,-288
103000028,158,217,-59
103000029,91,192,-101
103000030,845,896,-51
103000031,585,1597,-1012
103000032,1604,864,740
103000033,2101,1789,312
103000034,870,627,243
103000035,249,841,-592
103000036,181,319,-138
103000037,325,314,11
103000038,383,661,-278
103000039,450,203,247
103000040,471,362,109
103000041,1270,894,376
103000042,1112,238,874
103000043,534,393,141
103000044,216,97,119
103000046,388,288,100
103000047,567,242,325
103000048,202,126,76
103000049,66,80,-14
103000050,510,166,344
103000051,463,286,177
103000052,592,184,408
103000053,161,299,-138
103000054,1817,827,990
103000055,1367,1391,-24
103000056,641,694,-53
103000057,1070,103,967
103000058,467,423,44
103000059,394,399,-5
103000060,488,208,280
103000061,390,500,-110
103000062,666,274,392
103000063,557,509,48
103000064,99,89,10
103000065,5,166,-161
103000066,120,10,110
103000069,364,142,222
103000070,577,384,193
103000071,906,321,585
103000072,103,372,-269
103000073,476,95,381
103000074,556,81,475
103000075,111,343,-232
103000076,243,389,-146
103000077,25,175,-150
103000078,545,663,-118
103000079,295,494,-199
103000080,369,278,91
103000081,212,772,-560
103000082,283,119,164
103000083,74,206,-132
103000084,57,10,47
103000085,2,82,-80
103000086,245,359,-114
103000087,94,471,-377
103000088,198,279,-81
103000089,197,466,-269
103000090,2390,822,1568
103000091,743,352,391
103000092,148,210,-62
103000093,188,336,-148
103000094,132,70,62
103000095,56,233,-177
103000096,406,35,371
103000097,53,456,-403
103000098,480,98,382
103000099,157,484,-327
103000100,111,335,-224
103000101,664,85,579
103000102,66,242,-176
103000103,594,99,495
103000104,49,63,-14
103000105,162,75,87
103000106,6,104,-98
103000107,162,59,103
103000108,849,520,329
103000109,441,397,44
103000110,589,404,185
103000111,291,366,-75
103000112,220,225,-5
103000113,341,543,-202
103000114,1044,458,586
103000115,505,400,105
103000116,617,250,367
103000117,423,330,93
103000118,293,341,-48
103000119,575,259,316
103000120,53,76,-23
103000121,94,262,-168
103000122,256,361,-105
103000125,16,49,-33
103000126,491,0,491
103000127,12,55,-43
103000128,106,1,105
103000129,2,45,-43
103000130,58,18,40
103000131,50,68,-18
103000132,75,106,-31
103000133,22,32,-10
103000134,172,592,-420
103000135,399,193,206
103000136,376,394,-18
103000137,248,492,-244
103000138,419,515,-96
103000139,2,50,-48
103000140,118,27,91
103000141,41,106,-65
103000142,94,65,29
103000143,32,142,-110
103000144,134,50,84
103000145,9,61,-52
103000150,61,38,23
103000152,146,220,-74
103000153,176,226,-50
103000156,8,115,-107
103000157,354,0,354
103000159,136,51,85
103000162,30,23,7
103000163,5,28,-23
103000164,4,8,-4
103000165,58,141,-83
103000166,198,283,-85
103000167,228,101,127
103000168,96,87,9
103000169,154,331,-177
103000170,842,201,641
103000171,14,60,-46
103000172,511,141,370
103000173,686,145,541
103000174,192,112,80
103000175,313,101,212
103000176,456,456,0
103000177,218,287,-69
103000178,83,179,-96
103000179,129,28,101
103000183,143,7,136
103000185,139,38,101
103000186,142,56,86
103000187,571,93,478
103000188,7,57,-50
103000189,571,352,219
103000191,386,369,17
103000292,371,1056,-685
103000293,344,1853,-1509
103000295,47,97,-50
103000296,72,0,72
103000297,2,57,-55
103000504,27,14,13
103000505,2,27,-25
103000506,0,87,-87
103000507,205,2,203
103000508,50,41,9
103000509,177,368,-191
103900001,8,49,-41
103900002,517,108,409
103900003,720,151,569
103900004,114,1,113
103900005,16,77,-61
103900006,2,0,2
103900007,86,2,84
103900008,2,0,2
103900009,305,314,-9
103900010,108,159,-51
103900011,361,35,326
103900012,5,15,-10
103900013,53,29,24
103900014,66,9,57
103900015,75,3,72
103900016,129,60,69
103900017,27,24,3
103900018,267,62,205
103900019,27,260,-233
103900020,160,378,-218
103900021,130,33,97
103900022,660,392,268
103900023,181,1,180
103900024,41,158,-117
103900025,23,27,-4
103900026,19,0,19
103900027,453,139,314
103900028,23,213,-190
103900029,865,114,751
103900030,244,105,139
103900031,28,0,28
103900032,75,62,13
103900033,63,21,42
103900034,32,35,-3
103900035,38,16,22
103900036,20,67,-47
103900037,83,50,33
103900038,74,159,-85
103900039,113,90,23
103900040,21,69,-48
103900041,40,23,17
103900042,70,97,-27
103900043,174,23,151
103900044,67,295,-228
103900045,230,88,142
103900047,105,5,100
103900048,14,14,0
103900049,72,754,-682
103900050,13,107,-94
103900051,0,32,-32
103900052,151,166,-15
103900053,315,205,110
103900054,106,116,-10
103900055,348,153,195
103900056,47,24,23
103900057,48,61,-13
103900058,275,250,25
103900059,0,20,-20
103900060,61,66,-5
103900061,180,23,157
103900062,329,87,242
103900063,2,0,2
103900064,131,1,130
103900065,331,262,69
103900066,170,41,129
103900067,179,6,173
103900068,0,0,0
103900069,47,10,37
103900070,76,113,-37
103900071,9,53,-44
103900072,24,68,-44
103900073,26,37,-11
103900074,77,28,49
103900075,208,18,190
103900076,512,159,353
103900077,39,158,-119
103900078,174,51,123
103900079,97,88,9
103900080,5,28,-23
103900081,15,20,-5
103900082,28,102,-74
103900083,694,1064,-370
103900084,47,70,-23
103900085,47,90,-43
103900086,549,219,330
103900088,164,332,-168
103900089,42,77,-35
103900090,1,24,-23
103900091,699,131,568
103900092,437,181,256
103900093,42,168,-126
103900094,6,32,-26
103900095,134,125,9
103900096,43,87,-44
103900097,11,292,-281
103900098,180,93,87
103900099,114,59,55
103900100,183,145,38
103900101,108,708,-600
103900102,0,24,-24
103900104,3,12,-9
103900105,46,82,-36
103900106,0,59,-59
103900107,156,75,81
103900108,51,90,-39
103900109,139,27,112
103900110,135,15,120
103900111,143,165,-22
103900112,46,41,5
103900113,59,170,-111
103900114,189,144,45
103900115,159,164,-5
103900116,1208,1617,-409
103900117,110,21,89
103900119,22,82,-60
103900120,44,70,-26
103900122,121,57,64
103900123,487,425,62
103900124,33,162,-129
103900125,98,42,56
103900126,433,185,248
103900127,150,173,-23
103900128,172,40,132
103900131,22,28,-6
103900133,738,24,714
103900134,4,6,-2
103900135,6,5,1
103900137,3,5,-2
103900138,121,62,59
103900139,146,2033,-1887
103900140,11,167,-156
103900141,161,33,128
103900142,174,33,141
103900143,120,1,119
103900144,0,8,-8
103900145,83,161,-78
103900146,195,169,26
103900147,281,63,218
103900148,213,92,121
103900149,232,162,70
103900150,2384,3362,-978
103900151,17,89,-72
103900152,671,145,526
103900153,9,2,7
103900154,279,1367,-1088
103900155,61,122,-61
103900156,128,60,68
103900157,45,41,4
103900158,101,32,69
103900159,137,16,121
103900160,50,30,20
103900161,79,120,-41
103900162,36,59,-23
103900163,7,288,-281
103900167,9,69,-60
103900168,105,44,61
103900169,12,37,-25
103900170,0,36,-36
103900171,0,18,-18
103900172,8,18,-10
103900173,11,15,-4
103900174,125,39,86
103900175,22,71,-49
103900176,5,41,-36
103900177,18,37,-19
103900178,68,14,54
103900179,70,24,46
103900180,11,30,-19
103900181,30,23,7
103900182,14,8,6
103900184,169,122,47
103900185,50,324,-274
103900187,6,70,-64
103900188,33,35,-2
103900189,139,10,129
103900190,76,38,38
103900191,22,26,-4
103900192,9,39,-30
103900193,51,67,-16
103900194,52,92,-40
103900195,3,120,-117
103900196,27,35,-8
103900197,5,14,-9
103900198,8,15,-7
103900199,86,29,57
103900200,157,44,113
103900201,84,87,-3
103900202,12,34,-22
103900203,27,26,1
103900204,0,17,-17
103900207,0,21,-21
103900208,121,0,121
103900209,6,73,-67
103900210,37,19,18
103900211,515,150,365
103900212,130,107,23
103900213,14,131,-117
103900214,159,180,-21
103900215,136,252,-116
103900216,10,121,-111
103900217,216,47,169
103900218,0,152,-152
103900219,130,58,72
103900233,34,3,31
103900235,13,48,-35
103900236,7,9,-2
103900242,3,2,1
103900243,4,3,1
103900244,106,100,6
103900245,69,94,-25
103900246,18,33,-15
103900247,26,46,-20
103900248,0,54,-54
103900249,1,27,-26
103900250,5,14,-9
103900251,1,17,-16
103900253,2,27,-25
103900254,1,11,-10
103900255,3,7,-4
103900256,5,6,-1
103900257,83,66,17
103900258,7,9,-2
103900259,24,6,18
103900261,9,0,9
103900262,10,2,8
103900263,12,14,-2
103900264,9,6,3
103900265,21,4,17
103900266,0,52,-52
103900267,5,37,-32
103900268,17,27,-10
103900269,126,10,116
103900270,58,53,5
103900271,3,35,-32
103900272,32,16,16
103900273,30,7,23
103900274,68,1,67
103900275,30,4,26
103900276,0,28,-28
103900277,5,14,-9
103900278,1,9,-8
103900279,3,16,-13
103900280,2,11,-9
104000001,2178,1408,770
104000002,1282,1539,-257
104000003,1663,1350,313
104000004,1771,1637,134
104000005,1564,1358,206
104000006,2465,2030,435
104000007,2793,3527,-734
104000008,143,137,6
104000009,210,91,119
104000010,168,260,-92
104000011,243,150,93
104000012,114,166,-52
104000013,211,198,13
104000014,197,301,-104
104000015,256,121,135
104000016,341,192,149
104000018,719,159,560
104000019,541,151,390
104000020,79,251,-172
104000021,167,293,-126
104000022,130,175,-45
104000023,670,290,380
104000024,171,195,-24
104000026,36,226,-190
104000027,214,118,96
104000028,388,148,240
104000029,333,120,213
104000030,244,177,67
104000031,1059,264,795
104000032,151,138,13
104000033,524,358,166
104000034,260,131,129
104000035,953,274,679
104000036,754,304,450
104000037,239,111,128
104000038,480,237,243
104000039,172,78,94
104000040,130,177,-47
104000041,389,250,139
104000042,113,153,-40
104000043,120,180,-60
104000044,131,248,-117
104000045,663,447,216
104000046,495,765,-270
104000047,413,648,-235
104000048,591,650,-59
104000049,367,194,173
104000050,73,380,-307
104000051,95,386,-291
104000052,1217,1167,50
104000053,699,311,388
104000054,414,158,256
104000055,2296,1383,913
104000056,548,198,350
104000057,119,178,-59
104000058,514,481,33
104000059,387,813,-426
104000060,767,994,-227
104000061,734,588,146
104000062,256,84,172
104000064,430,164,266
104000065,88,463,-375
104000069,452,999,-547
104000070,42,332,-290
104000071,103,181,-78
104000072,296,95,201
104000075,12,112,-100
104000076,302,25,277
104000082,1506,2453,-947
104000083,485,172,313
104000084,98,300,-202
104000085,289,179,110
104000086,139,268,-129
104000087,222,971,-749
104000090,639,464,175
104000092,1064,854,210
104000094,531,619,-88
104000095,1479,902,577
104000096,1202,57,1145
104000097,1516,392,1124
104000098,2086,357,1729
104000100,1419,381,1038
104000101,900,827,73
104000106,16,382,-366
104000107,420,198,222
104000108,167,166,1
104000109,214,94,120
104000110,432,567,-135
104000111,1452,1604,-152
104000112,634,276,358
104000116,1,330,-329
104000117,193,207,-14
104000118,653,94,559
104000119,440,174,266
104000120,168,248,-80
104000121,137,351,-214
104000122,651,496,155
104000123,536,477,59
104000124,349,826,-477
104000125,1369,3453,-2084
104000126,307,314,-7
104000127,846,1102,-256
104000128,426,153,273
104000129,367,12,355
104000130,8,123,-115
104000131,296,227,69
104000132,225,303,-78
104000133,1063,539,524
104000134,813,1132,-319
104000135,363,1162,-799
104000136,562,2381,-1819
104000137,1270,228,1042
104000138,696,245,451
104000139,2461,1447,1014
104000141,590,507,83
104000142,387,306,81
104000143,487,215,272
104000144,93,159,-66
104000145,260,160,100
104000146,175,325,-150
104000147,108,233,-125
104000148,334,132,202
104000149,146,106,40
104000150,670,292,378
104000151,204,174,30
104000152,380,271,109
104000153,421,355,66
104000154,468,260,208
104000155,321,525,-204
104000157,671,629,42
104000158,115,350,-235
104000159,670,348,322
104000160,1152,1459,-307
104000161,112,121,-9
104000162,87,116,-29
104000165,460,627,-167
104000167,481,1082,-601
104000168,401,8,393
104000169,136,36,100
104000170,177,291,-114
104000248,264,280,-16
104000251,33,113,-80
104000272,0,0,0
104000273,0,0,0
104000274,0,0,0
104000275,0,0,0
104000279,445,298,147
104000290,62,133,-71
104000291,376,691,-315
104000293,758,553,205
104000294,56,0,56
104000295,529,534,-5
104000296,421,483,-62
104000297,472,1384,-912
104000298,1415,889,526
104000299,523,1049,-526
104900001,132,168,-36
104900002,44,154,-110
104900003,58,217,-159
104900004,55,106,-51
104900005,289,174,115
104900006,285,51,234
104900007,231,95,136
104900009,109,160,-51
104900010,37,35,2
104900011,4,9,-5
104900012,165,11,154
104900013,100,9,91
104900014,1226,200,1026
104900015,87,1,86
104900016,186,142,44
104900017,96,121,-25
104900018,2,78,-76
104900019,164,2995,-2831
104900020,31,114,-83
104900021,7,85,-78
104900022,6,57,-51
104900023,2,17,-15
104900024,19,64,-45
104900025,63,104,-41
104900026,0,24,-24
104900027,369,216,153
104900028,9,68,-59
104900029,23,32,-9
104900030,364,152,212
104900031,34,189,-155
104900032,30,35,-5
104900033,124,185,-61
104900034,295,132,163
104900035,372,165,207
104900036,227,50,177
104900037,101,80,21
104900038,132,596,-464
104900039,386,298,88
104900040,333,78,255
104900041,220,106,114
104900042,126,93,33
104900043,21,163,-142
104900044,626,135,491
104900045,327,51,276
104900046,162,49,113
104900047,334,87,247
104900048,279,23,256
104900049,44,23,21
104900050,199,30,169
104900051,193,15,178
104900052,88,5,83
104900053,335,89,246
104900054,186,21,165
104900055,120,0,120
104900056,157,47,110
104900057,30,0,30
104900058,298,74,224
104900059,114,108,6
104900060,0,235,-235
104900061,162,209,-47
104900063,0,63,-63
104900064,0,87,-87
104900065,2,146,-144
104900066,0,52,-52
104900067,3,189,-186
104900068,20,112,-92
104900070,130,136,-6
104900071,0,251,-251
104900072,44,144,-100
104900073,27,47,-20
104900074,41,98,-57
104900075,12,10,2
104900076,79,84,-5
104900077,232,137,95
104900078,124,219,-95
104900079,26,405,-379
104900080,73,523,-450
104900082,6,198,-192
104900085,2,126,-124
104900087,185,2,183
104900089,162,0,162
104900090,753,564,189
104900091,338,269,69
104900093,139,221,-82
104900097,1105,1733,-628
104900098,124,31,93
104900099,101,470,-369
104900100,195,114,81
104900102,34,42,-8
104900103,255,22,233
104900104,1230,1283,-53
104900106,121,44,77
104900107,74,121,-47
104900108,13,72,-59
104900109,63,97,-34
104900110,20,51,-31
104900111,132,42,90
104900112,181,235,-54
104900113,543,201,342
104900114,267,170,97
104900115,601,134,467
104900116,329,57,272
104900118,12,19,-7
104900119,0,28,-28
104900120,40,275,-235
104900121,0,28,-28
104900122,7,12,-5
104900123,66,20,46
104900124,36,0,36
104900125,401,0,401
104900126,20,17,3
104900127,19,40,-21
104900128,73,70,3
104900129,596,1785,-1189
105000001,2223,1098,1125
105000002,1883,1113,770
105000003,2274,2407,-133
105000004,514,464,50
105000005,902,846,56
105000006,1083,1285,-202
105000007,1185,1445,-260
105000008,896,3048,-2152
105000009,2292,2627,-335
105000010,1861,1003,858
105000011,3170,2580,590
105000012,2194,1382,812
105000013,975,946,29
105000014,1905,2554,-649
105000015,6807,11498,-4691
105000016,1010,1033,-23
105000017,1127,503,624
105000018,635,1192,-557
105000019,768,752,16
105000020,82,391,-309
105000021,144,133,11
105000022,127,100,27
105000023,382,222,160
105000028,36,61,-25
105000029,447,1068,-621
105000030,2110,1345,765
105000031,2,6,-4
105000033,535,900,-365
105000034,103,738,-635
105000037,399,177,222
105000038,926,1313,-387
105000039,1115,648,467
105000040,667,931,-264
105000041,195,587,-392
105000042,1626,1144,482
105000043,782,760,22
105000044,485,310,175
105000045,271,308,-37
105000046,1020,336,684
105000047,366,508,-142
105000048,462,147,315
105000049,172,243,-71
105000050,589,302,287
105000051,104,221,-117
105000052,413,479,-66
105000053,77,81,-4
105000054,293,498,-205
105000055,552,178,374
105000056,1039,1064,-25
105000057,855,331,524
105000058,848,569,279
105000059,543,401,142
105000060,370,298,72
105000061,667,375,292
105000062,353,416,-63
105000063,234,199,35
105000064,1469,474,995
105000065,259,301,-42
105000066,635,744,-109
105000067,1165,536,629
105000068,232,504,-272
105000069,961,1629,-668
105000070,281,862,-581
105000071,182,781,-599
105000072,764,2049,-1285
105000073,738,452,286
105000074,490,380,110
105000075,404,448,-44
105000076,823,570,253
105000077,1358,738,620
105000078,682,917,-235
105000079,818,2580,-1762
105000080,1220,1087,133
105000081,1964,1105,859
105000082,587,1974,-1387
105000083,2480,3314,-834
105000084,421,457,-36
105000085,1384,1969,-585
105000086,526,561,-35
105000087,876,1056,-180
105000088,1061,1241,-180
105000089,1250,974,276
105000090,625,400,225
105000091,596,901,-305
105000092,432,587,-155
105000093,200,215,-15
105000094,134,117,17
105000095,65,342,-277
105000096,904,1084,-180
105000097,496,562,-66
105000098,806,518,288
105000099,497,492,5
105000100,1187,750,437
105000101,1423,885,538
105000102,996,894,102
105000103,792,1194,-402
105000104,1800,595,1205
105000105,685,1001,-316
105000106,963,812,151
105000107,1140,574,566
105000108,1394,863,531
105000109,1412,755,657
105000110,602,289,313
105000111,813,327,486
105000112,840,265,575
105000113,415,491,-76
105000114,1178,977,201
105000115,301,969,-668
105000116,722,372,350
105000117,752,379,373
105000118,464,232,232
105000119,358,340,18
105000120,975,285,690
105000121,549,379,170
105000122,390,463,-73
105000123,659,544,115
105000124,1586,470,1116
105000125,623,787,-164
105000126,1584,736,848
105000127,1944,1008,936
105000128,467,594,-127
105000129,766,162,604
105000130,203,2546,-2343
105000131,353,169,184
105000132,874,522,352
105000133,416,513,-97
105000134,796,326,470
105000135,221,229,-8
105000136,124,159,-35
105000137,479,144,335
105000138,120,194,-74
105000139,673,426,247
105000140,361,321,40
105000141,263,256,7
105000142,217,345,-128
105000143,142,315,-173
105000144,197,411,-214
105000145,709,214,495
105000146,333,479,-146
105000147,580,278,302
105000148,906,493,413
105000149,2098,1664,434
105000150,972,668,304
105000151,391,209,182
105000152,117,249,-132
105000153,539,411,128
105000154,389,319,70
105000155,339,478,-139
105000156,391,383,8
105000157,544,841,-297
105000158,1310,477,833
105000159,201,586,-385
105000160,1756,446,1310
105000161,513,605,-92
105000162,540,1329,-789
105000163,644,509,135
105000164,145,199,-54
105000165,499,4962,-4463
105000166,2672,809,1863
105000167,863,1577,-714
105000168,355,242,113
105000169,510,127,383
105000170,238,796,-558
105000171,823,139,684
105000172,90,9,81
105000173,223,27,196
105000174,73,16,57
105000175,91,48,43
105000176,333,56,277
105000177,288,145,143
105000178,160,149,11
105000179,691,57,634
105000180,151,57,94
105000181,101,91,10
105000182,29,26,3
105000183,1009,1662,-653
105000184,787,619,168
105000185,676,810,-134
105000186,272,392,-120
105000187,580,144,436
105000188,107,105,2
105000189,82,315,-233
105000190,222,197,25
105000191,229,183,46
105000192,236,38,198
105000193,72,63,9
105000194,461,88,373
105000195,209,417,-208
105000196,52,209,-157
105000197,197,344,-147
105000198,269,166,103
105000199,113,426,-313
105000200,96,275,-179
105000201,58,19,39
105000203,9,97,-88
105000204,67,32,35
105000205,79,121,-42
105000207,184,114,70
105000208,134,395,-261
105000209,144,183,-39
105000211,105,3,102
105000212,892,440,452
105000213,74,140,-66
105000214,139,123,16
105000215,251,108,143
105000216,167,86,81
105000217,143,116,27
105000218,1292,753,539
105000221,126,95,31
105000222,430,117,313
105000223,245,103,142
105000226,53,88,-35
105000227,46,55,-9
105000228,92,1609,-1517
105000229,138,314,-176
105000231,320,255,65
105000233,721,484,237
105000234,333,526,-193
105000235,283,378,-95
105000237,654,62,592
105000243,20,18,2
105000248,27,33,-6
105000262,296,443,-147
105000269,70,99,-29
105000270,420,26,394
105000271,0,120,-120
105000282,57,12,45
105000287,238,79,159
105000288,419,257,162
105000289,1379,1608,-229
105000290,7,9,-2
105000402,1616,3012,-1396
105000426,223,330,-107
105000438,2149,1296,853
105000440,8,5,3
105000446,4468,3361,1107
105000447,2187,1246,941
105000454,511,200,311
105000455,153,85,68
105000474,68,2,66
105000477,381,351,30
105000478,1582,4110,-2528
105000479,72,97,-25
105000480,5909,7111,-1202
105000481,3829,2891,938
105000482,2421,4493,-2072
105000483,1405,2030,-625
105000484,1189,1912,-723
105000485,1048,2687,-1639
105000486,1380,1661,-281
105000488,5140,2605,2535
105000489,736,486,250
105000549,93,93,0
105000550,297,798,-501
105000551,31,75,-44
105000552,1251,819,432
105000555,586,838,-252
105000556,21,6,15
105000557,13,61,-48
105900001,6,1254,-1248
105900002,474,583,-109
105900003,20,54,-34
105900004,124,72,52
105900005,10,139,-129
105900006,7,59,-52
105900007,23,15,8
105900008,64,253,-189
105900009,15,10,5
105900011,83,14,69
105900012,260,50,210
105900013,2,23,-21
105900014,4,33,-29
105900015,68,276,-208
105900016,313,137,176
105900017,1005,20,985
105900018,195,135,60
105900019,26,70,-44
105900020,44,57,-13
105900021,8,83,-75
105900022,115,87,28
105900023,3,35,-32
105900024,3,117,-114
105900025,155,7,148
105900026,102,4,98
105900027,6234,3652,2582
105900028,373,277,96
105900029,1165,231,934
105900030,121,175,-54
105900031,216,157,59
105900032,108,95,13
105900033,69,74,-5
105900034,180,73,107
105900035,115,88,27
105900036,113,63,50
105900037,94,48,46
105900038,122,112,10
105900039,120,38,82
105900040,60,92,-32
105900041,100,67,33
105900042,59,121,-62
105900043,692,40,652
105900044,4,187,-183
105900045,1,601,-600
105900046,9,157,-148
105900047,7,20,-13
105900048,85,285,-200
105900050,2956,3877,-921
105900051,40,652,-612
105900052,345,179,166
105900053,1268,2125,-857
105900054,147,103,44
105900056,258,261,-3
105900057,5,52,-47
105900058,12,9,3
105900059,0,36,-36
106000001,2150,1498,652
106000002,739,2788,-2049
106000003,2116,2485,-369
106000004,1039,1636,-597
106000005,3422,3212,210
106000006,3287,1583,1704
106000007,404,347,57
106000008,315,182,133
106000009,475,267,208
106000010,315,337,-22
106000011,1141,751,390
106000012,674,665,9
106000013,1515,1206,309
106000014,1060,762,298
106000015,1743,866,877
106000016,748,1008,-260
106000017,502,543,-41
106000018,391,327,64
106000019,289,318,-29
106000020,344,233,111
106000021,248,381,-133
106000022,291,119,172
106000023,511,209,302
106000024,371,214,157
106000025,103,125,-22
106000026,65,103,-38
106000027,1355,968,387
106000028,484,239,245
106000029,544,460,84
106000030,218,423,-205
106000034,98,312,-214
106000035,624,1537,-913
106000036,101,303,-202
106000037,943,830,113
106000038,94,75,19
106000039,83,68,15
106000040,63,653,-590
106000041,467,358,109
106000043,363,205,158
106000046,180,38,142
106000047,26,297,-271
106000049,865,155,710
106000050,199,327,-128
106000051,603,379,224
106000052,57,219,-162
106000053,359,125,234
106000054,205,175,30
106000055,875,534,341
106000056,197,151,46
106000057,443,154,289
106000058,93,67,26
106000059,262,191,71
106000060,183,238,-55
106000061,177,402,-225
106000062,112,238,-126
106000063,743,451,292
106000064,15,145,-130
106000065,309,189,120
106000066,70,172,-102
106000067,257,45,212
106000068,53,361,-308
106000069,225,38,187
106000070,319,357,-38
106000071,765,240,525
106000072,1582,1000,582
106000073,1000,2507,-1507
106000074,508,539,-31
106000075,271,847,-576
106000076,1319,1141,178
106000077,1990,812,1178
106000078,897,547,350
106000079,628,480,148
106000080,821,344,477
106000081,594,669,-75
106000082,1471,557,914
106000083,385,1022,-637
106000084,756,469,287
106000085,936,1035,-99
106000086,408,552,-144
106000087,612,355,257
106000088,307,471,-164
106000089,798,212,586
106000090,277,388,-111
106000091,165,269,-104
106000092,537,129,408
106000093,289,90,199
106000094,73,188,-115
106000095,719,455,264
106000096,739,298,441
106000097,929,400,529
106000098,611,390,221
106000099,178,399,-221
106000100,940,106,834
106000101,502,132,370
106000102,76,243,-167
106000103,191,263,-72
106000104,574,205,369
106000105,333,367,-34
106000106,658,231,427
106000107,147,161,-14
106000108,339,133,206
106000109,173,139,34
106000110,309,128,181
106000111,125,156,-31
106000112,253,355,-102
106000113,348,329,19
106000114,354,492,-138
106000115,178,218,-40
106000116,279,164,115
106000117,533,311,222
106000118,900,920,-20
106000119,617,374,243
106000120,675,1037,-362
106000121,181,97,84
106000122,133,62,71
106000123,415,68,347
106000124,74,79,-5
106000125,40,137,-97
106000126,219,49,170
106000127,766,354,412
106000128,872,101,771
106000129,465,263,202
106000130,692,211,481
106000131,124,574,-450
106000132,454,155,299
106000133,851,912,-61
106000134,288,1476,-1188
106000135,115,323,-208
106000136,509,806,-297
106000137,23,349,-326
106000138,948,67,881
106000139,19,48,-29
106000140,28,29,-1
106000141,129,34,95
106000142,70,45,25
106000143,19,16,3
106000144,40,50,-10
106000145,238,78,160
106000146,376,82,294
106000147,248,182,66
106000148,296,364,-68
106000149,475,185,290
106000150,416,1468,-1052
106000151,1786,514,1272
106000152,591,1476,-885
106000153,59,1072,-1013
106000154,683,146,537
106000155,100,192,-92
106000156,804,122,682
106000157,412,999,-587
106000158,1013,621,392
106000159,1265,1402,-137
106000160,378,2215,-1837
106000161,768,177,591
106000162,264,784,-520
106000163,229,184,45
106000164,420,162,258
106000165,158,258,-100
106000166,651,183,468
106000167,317,424,-107
106000168,549,146,403
106000169,196,241,-45
106000170,793,115,678
106000171,174,687,-513
106000172,1809,830,979
106000173,681,1324,-643
106000174,914,240,674
106000175,183,372,-189
106000176,1223,509,714
106000177,509,1107,-598
106000178,2223,905,1318
106000179,595,911,-316
106000180,422,461,-39
106000181,676,772,-96
106000182,1222,370,852
106000183,1387,296,1091
106000184,1314,322,992
106000185,780,660,120
106000186,411,55,356
106000187,83,625,-542
106000188,1,3,-2
106000189,5,19,-14
106000190,21,1,20
106000191,425,69,356
106000192,1,11,-10
106000193,240,102,138
106000194,70,163,-93
106000195,164,49,115
106000196,58,185,-127
106000197,449,108,341
106000198,140,85,55
106000199,365,502,-137
106000200,155,124,31
106000201,260,2378,-2118
106000202,1468,355,1113
106000203,14,102,-88
106000204,60,2,58
106000205,3,79,-76
106000206,77,13,64
106000207,22,218,-196
106000208,1024,149,875
106000209,1374,346,1028
106000210,203,372,-169
106000211,159,622,-463
106000212,730,362,368
106000213,228,944,-716
106000214,1123,333,790
106000215,248,273,-25
106000216,313,210,103
106000217,165,199,-34
106000218,381,182,199
106000219,102,157,-55
106000220,392,110,282
106000221,165,95,70
106000222,51,61,-10
106000223,292,82,210
106000224,244,81,163
106000225,88,77,11
106000226,74,119,-45
106000228,51,58,-7
106000229,60,507,-447
106000231,740,80,660
106000232,74,149,-75
106000233,483,54,429
106000234,34,146,-112
106000235,179,71,108
106000236,48,78,-30
106000237,0,4,-4
106000238,9,21,-12
106000239,0,64,-64
106000240,26,11,15
106000241,11,335,-324
106000242,209,22,187
106000249,74,26,48
106000250,49,393,-344
106000251,73,18,55
106000252,12,23,-11
106000253,22,63,-41
106000254,39,15,24
106000255,13,77,-64
106000256,25,17,8
106000257,107,112,-5
106000258,89,17,72
106000259,0,22,-22
106000260,13,3,10
106000261,1,38,-37
106000262,34,2,32
106000263,4,33,-29
106000264,77,5,72
106000265,2,33,-31
106000266,75,5,70
106000267,4,56,-52
106000268,193,30,163
106000269,21,18,3
106000270,81,231,-150
106000271,50,66,-16
106000272,138,20,118
106000273,5,113,-108
106000274,74,21,53
106000275,78,142,-64
106000276,61,24,37
106000277,60,118,-58
106000278,80,17,63
106000279,12,12,0
106000280,69,30,39
106000281,59,34,25
106000282,36,29,7
106000283,126,34,92
106000284,78,36,42
106000285,112,46,66
106000286,62,70,-8
106000287,98,57,41
106000288,68,75,-7
106000289,57,89,-32
106000290,35,44,-9
106000291,81,80,1
106000292,42,29,13
106000293,98,87,11
106000294,70,43,27
106000295,46,43,3
106000296,22,59,-37
106000297,43,129,-86
106000298,51,50,1
106000299,30,86,-56
106000300,39,73,-34
106000301,36,84,-48
106000303,31,46,-15
106000304,33,18,15
106000305,22,21,1
106000306,41,18,23
106000307,70,13,57
106000308,36,51,-15
106000309,11,19,-8
106000310,212,206,6
106000311,277,119,158
106000312,107,65,42
106000313,277,134,143
106000318,31,259,-228
106000319,859,220,639
106000320,4,48,-44
106000321,128,87,41
106000322,163,67,96
106000324,10,101,-91
106000325,1509,646,863
106000326,667,844,-177
106000327,202,47,155
106000328,30,53,-23
106000329,37,120,-83
106000330,14,55,-41
106000428,80,119,-39
106000429,146,337,-191
106000430,277,714,-437
106000431,1661,276,1385
106000432,1042,1749,-707
106000433,2187,1113,1074
106000434,2457,899,1558
106000435,753,1417,-664
106000436,11,51,-40
106000437,224,46,178
106000438,278,143,135
106000439,45,214,-169
106000440,165,232,-67
106000441,0,0,0
106000442,89,6,83
106000443,208,111,97
106000450,0,47,-47
106000451,21,74,-53
106000454,1,44,-43
106000455,3,93,-90
106000456,95,28,67
106000457,13,287,-274
106000458,849,31,818
106000459,140,104,36
106000460,1204,14,1190
106000461,154,258,-104
106000462,1,15,-14
106000463,3,6,-3
106000464,2,93,-91
106000465,635,2,633
106000466,5,159,-154
106000467,82,168,-86
106000468,66,78,-12
106000469,51,1,50
106000470,214,1287,-1073
106000471,6,224,-218
106000472,122,6,116
106000473,24,18,6
106000474,199,231,-32
106000475,251,80,171
106000476,84,214,-130
106000477,24,55,-31
106000480,0,303,-303
106900001,0,9,-9
106900002,2,151,-149
106900003,79,495,-416
106900004,0,17,-17
106900006,0,3,-3
106900007,0,5,-5
106900008,402,60,342
106900009,290,111,179
106900010,185,146,39
106900012,794,1766,-972
106900013,320,146,174
106900014,29,1,28
106900015,9,1,8
106900016,292,9,283
106900017,6,0,6
106900018,3,0,3
106900019,59,3,56
106900020,1076,1147,-71
106900021,230,231,-1
106900022,766,0,766
106900023,24,222,-198
106900024,450,77,373
106900025,22,257,-235
106900026,0,168,-168
106900027,619,3,616
107000001,2499,3193,-694
107000002,1237,2212,-975
107000003,5427,4685,742
107000004,2640,1538,1102
107000005,4786,4394,392
107000006,2476,1246,1230
107000007,4323,6804,-2481
107000008,3888,3035,853
107000009,6474,5927,547
107000010,4361,3698,663
107000011,544,643,-99
107000012,2200,1458,742
107000013,96,42,54
107000014,24,93,-69
107000015,307,362,-55
107000016,524,336,188
107000017,636,1563,-927
107000018,8,1103,-1095
107000020,489,1544,-1055
107000021,659,285,374
107000022,500,1186,-686
107000023,1165,157,1008
107000024,480,847,-367
107000025,120,233,-113
107000026,294,254,40
107000027,1213,698,515
107000028,1033,560,473
107000029,2606,2355,251
107000030,1478,1145,333
107000031,3591,1734,1857
107000032,277,489,-212
107000033,1657,2038,-381
107000034,2677,750,1927
107000035,298,137,161
107000036,304,858,-554
107000037,112,507,-395
107000038,95,106,-11
107000039,718,572,146
107000040,151,149,2
107000041,961,405,556
107000042,391,1347,-956
107000043,1311,706,605
107000044,258,165,93
107000045,33,144,-111
107000046,540,288,252
107000047,357,405,-48
107000048,525,183,342
107000049,392,468,-76
107000050,807,383,424
107000051,172,230,-58
107000052,839,848,-9
107000053,271,203,68
107000054,44,184,-140
107000055,335,118,217
107000056,363,445,-82
107000057,890,197,693
107000058,1574,1697,-123
107000059,1264,1896,-632
107000060,4097,3946,151
107000061,3025,1678,1347
107000062,4554,2110,2444
107000063,3193,2225,968
107000064,4105,1644,2461
107000065,2018,2344,-326
107000066,1360,2160,-800
107000067,882,1186,-304
107000068,725,787,-62
107000069,871,510,361
107000070,851,12,839
107000071,3256,58,3198
107000072,35,1247,-1212
107000073,960,406,554
107000074,161,511,-350
107000075,1517,403,1114
107000076,331,601,-270
107000077,2919,1138,1781
107000078,1543,1447,96
107000079,2149,881,1268
107000080,697,1430,-733
107000081,1916,486,1430
107000082,527,636,-109
107000083,1077,372,705
107000084,221,653,-432
107000085,2363,2261,102
107000086,2036,1885,151
107000087,2205,1488,717
107000088,2053,2014,39
107000089,1567,1179,388
107000090,802,524,278
107000091,1318,669,649
107000092,661,630,31
107000093,1045,660,385
107000094,643,666,-23
107000095,752,397,355
107000096,343,383,-40
107000097,636,177,459
107000098,281,249,32
107000099,271,247,24
107000100,170,126,44
107000101,84,141,-57
107000102,128,118,10
107000103,260,152,108
107000104,133,177,-44
107000105,301,76,225
107000106,126,128,-2
107000107,361,91,270
107000108,93,246,-153
107000109,590,93,497
107000110,32,239,-207
107000111,406,27,379
107000112,52,170,-118
107000113,652,80,572
107000114,70,235,-165
107000115,649,209,440
107000116,60,380,-320
107000117,150,800,-650
107000118,83,117,-34
107000119,953,1222,-269
107000120,521,475,46
107000121,783,492,291
107000122,830,430,400
107000123,498,389,109
107000124,438,379,59
107000125,1014,366,648
107000126,857,268,589
107000129,159,280,-121
107000130,528,203,325
107000131,221,296,-75
107000132,476,212,264
107000133,229,137,92
107000134,202,2,200
107000135,1,254,-253
107000136,416,2,414
107000137,10,299,-289
107000138,134,35,99
107000139,32,406,-374
107000140,1120,82,1038
107000141,127,445,-318
107000142,353,85,268
107000143,68,395,-327
107000144,549,387,162
107000145,121,260,-139
107000146,150,164,-14
107000147,2973,706,2267
107000150,333,2025,-1692
107000151,13,59,-46
107000152,495,1167,-672
107000153,93,189,-96
107000154,59,218,-159
107000155,689,5,684
107000156,969,13,956
107000157,19,427,-408
107000158,690,11,679
107000159,11,314,-303
107000160,1136,124,1012
107000161,50,374,-324
107000162,220,375,-155
107000163,182,19,163
107000164,574,1,573
107000165,1026,3,1023
107000166,31,451,-420
107000167,529,131,398
107000168,866,378,488
107000169,398,359,39
107000170,2333,482,1851
107000171,542,645,-103
107000172,1051,1270,-219
107000173,428,398,30
107000174,863,4166,-3303
107000175,2712,766,1946
107000176,0,0,0
107000177,3,0,3
107000178,17,5,12
107000179,231,882,-651
107000180,1313,149,1164
107000181,368,509,-141
107000182,1966,545,1421
107000183,142,384,-242
107000184,1103,387,716
107000185,361,709,-348
107000186,1009,329,680
107000187,979,1003,-24
107000188,520,354,166
107000189,378,534,-156
107000190,485,449,36
107000191,689,660,29
107000192,1244,339,905
107000193,346,298,48
107000194,633,396,237
107000197,795,241,554
107000198,242,356,-114
107000199,818,448,370
107000200,321,462,-141
107000201,433,301,132
107000202,234,365,-131
107000203,671,1227,-556
107000204,683,1296,-613
107000205,1085,528,557
107000206,354,1362,-1008
107000207,368,927,-559
107000208,408,413,-5
107000209,748,950,-202
107000210,194,155,39
107000211,2,43,-41
107000212,9,134,-125
107000213,3,22,-19
107000214,9,77,-68
107000215,396,169,227
107000216,356,179,177
107000217,164,82,82
107000219,82,195,-113
107000220,142,95,47
107000222,180,274,-94
107000224,341,70,271
107000225,109,172,-63
107000226,469,70,399
107000227,65,104,-39
107000228,197,369,-172
107000229,88,62,26
107000230,775,298,477
107000231,541,1261,-720
107000232,130,18,112
107000233,367,684,-317
107000234,7,45,-38
107000235,59,13,46
107000236,16,232,-216
107000237,39,1,38
107000238,29,3,26
107000239,1247,324,923
107000240,92,305,-213
107000243,0,24,-24
107000244,5,46,-41
107000246,3,1466,-1463
107000249,4,1459,-1455
107000251,3,422,-419
107000252,2,389,-387
107000255,179,89,90
107000257,1,307,-306
107000258,0,106,-106
107000259,0,99,-99
107000260,1431,31,1400
107000262,5,179,-174
107000263,339,2,337
107000266,5,13,-8
107000267,45,68,-23
107000268,74,46,28
107000269,63,8,55
107000270,77,25,52
107000271,2,0,2
107000272,51,1,50
107000273,1,145,-144
107000274,266,121,145
107000275,7,592,-585
107000280,785,28,757
107000281,28,310,-282
107000282,24,246,-222
107000290,8,28,-20
107000291,20,8,12
107000292,2,172,-170
107000293,35,5,30
107000294,0,46,-46
107000295,9,0,9
107000296,0,13,-13
107000444,274,2,272
107000496,1,5,-4
107000497,1022,937,85
107000500,243,131,112
107000501,78,117,-39
107000502,120,152,-32
107000505,181,473,-292
107000506,0,0,0
107000508,3,206,-203
107000509,148,364,-216
107000510,24,28,-4
107000514,29,277,-248
107000515,18,64,-46
107000516,416,217,199
107000518,957,1211,-254
107000519,832,455,377
107000520,63,28,35
107000521,589,138,451
107000522,788,258,530
107900001,59,75,-16
107900002,55,14,41
107900003,248,7,241
107900004,43,0,43
107900005,1298,7,1291
107900006,145,0,145
107900007,310,27,283
107900008,32,3,29
107900009,76,7,69
107900010,57,4,53
107900012,238,55,183
107900013,136,15,121
107900014,27,2,25
107900015,865,10,855
107900016,195,67,128
107900017,15,0,15
107900018,65,172,-107
107900019,19,10,9
107900020,37,12,25
107900021,109,51,58
107900023,3,3,0
107900024,0,6,-6
107900025,132,113,19
107900026,41,17,24
107900027,13,19,-6
107900028,100,18,82
107900030,162,37,125
107900031,51,51,0
107900032,10,4,6
107900033,17,3,14
107900034,249,19,230
107900035,913,33,880
107900036,67,17,50
107900037,0,10,-10
107900038,53,234,-181
107900039,17,21,-4
107900040,7,131,-124
107900041,1,1,0
107900043,38,51,-13
107900044,16,6,10
107900045,59,44,15
107900046,103,89,14
107900047,38,16,22
107900048,177,12,165
107900049,208,546,-338
107900050,67,116,-49
107900051,76,19,57
107900052,10,74,-64
107900053,37,27,10
107900055,434,178,256
107900056,80,51,29
107900057,2,0,2
107900058,10,309,-299
107900060,2,27,-25
107900061,4,18,-14
107900063,105,119,-14
107900064,185,171,14
107900065,206,6,200
107900066,22,3,19
107900067,1,0,1
107900068,72,753,-681
107900069,17,1777,-1760
107900070,96,47,49
107900071,20,228,-208
107900072,107,59,48
107900073,88,44,44
107900074,319,248,71
107900076,141,30,111
107900077,96,2,94
107900079,7,26,-19
107900080,194,757,-563
107900081,53,38,15
107900082,7,3,4
107900083,313,140,173
107900084,93,62,31
107900086,37,133,-96
107900087,206,113,93
107900088,33,10,23
107900089,141,494,-353
107900090,260,1432,-1172
107900091,82,108,-26
107900093,60,20,40
107900095,1363,1458,-95
107900097,17,31,-14
107900098,61,117,-56
107900100,509,951,-442
107900101,382,45,337
107900102,15,8,7
107900103,44,73,-29
107900104,142,2,140
107900105,4,71,-67
107900106,1,365,-364
107900107,459,369,90
107900108,78,60,18
107900109,1352,44,1308
107900110,54,28,26
107900111,15,210,-195
107900112,64,321,-257
107900113,133,23,110
107900114,228,50,178
107900115,1,16,-15
107900116,137,53,84
107900117,165,118,47
107900118,30,50,-20
107900119,55,143,-88
107900120,31,33,-2
107900121,2,58,-56
107900122,3,30,-27
107900123,1,27,-26
107900124,2,10,-8
107900125,10,117,-107
107900126,10,24,-14
107900127,184,264,-80
107900128,57,57,0
107900129,38,11,27
107900130,57,2,55
107900131,148,346,-198
107900132,48,94,-46
107900133,1,28,-27
107900134,30,91,-61
107900135,4,125,-121
107900136,15,13,2
107900137,72,72,0
107900138,35,11,24
107900139,32,14,18
107900141,16,23,-7
107900142,27,277,-250
107900143,18,3,15
107900144,2,103,-101
107900145,5,35,-30
107900146,29,59,-30
107900147,24,38,-14
107900148,110,55,55
107900149,336,96,240
107900150,28,193,-165
107900151,30,33,-3
107900152,2,49,-47
107900153,61,181,-120
107900154,36,27,9
107900155,56,39,17
107900156,5,142,-137
107900157,24,18,6
107900158,742,23,719
107900159,15,175,-160
107900160,150,121,29
107900161,49,34,15
107900162,0,30,-30
107900163,6,31,-25
107900164,8,22,-14
107900165,18,84,-66
107900166,19,55,-36
107900167,28,32,-4
107900168,51,11,40
107900169,6,70,-64
107900171,3,299,-296
107900172,0,115,-115
107900173,25,61,-36
107900174,168,2,166
107900175,8,39,-31
107900176,23,11,12
107900177,0,50,-50
107900178,1,57,-56
107900179,22,74,-52
107900180,285,595,-310
107900181,165,148,17
107900182,0,185,-185
107900183,39,78,-39
107900184,83,66,17
107900185,176,5,171
107900186,29,20,9
107900187,7,121,-114
107900188,250,88,162
107900189,19,40,-21
107900190,25,114,-89
107900191,28,38,-10
107900193,1,37,-36
107900194,201,11,190
107900195,596,192,404
107900196,64,27,37
107900197,195,235,-40
107900199,1,331,-330
107900201,65,39,26
107900203,20,31,-11
107900204,109,169,-60
107900206,754,315,439
107900207,23,291,-268
107900208,6,142,-136
107900209,132,97,35
107900210,36,34,2
107900213,229,262,-33
107900214,21,42,-21
107900215,79,289,-210
107900216,130,38,92
107900217,20,48,-28
107900218,11,653,-642
107900219,15,10,5
107900220,77,169,-92
107900221,77,90,-13
107900223,93,150,-57
107900224,56,260,-204
107900225,3,188,-185
107900226,56,39,17
107900227,54,184,-130
107900228,18,59,-41
107900229,1,46,-45
107900230,18,21,-3
107900231,15,72,-57
107900232,68,60,8
107900233,5,49,-44
107900234,74,54,20
107900235,5,70,-65
107900236,185,38,147
107900237,18,174,-156
107900238,22,31,-9
107900239,272,386,-114
107900240,18,26,-8
107900241,10,42,-32
107900242,12,47,-35
107900243,3,54,-51
107900244,320,2,318
107900245,696,33,663
107900246,174,30,144
107900248,422,43,379
107900249,604,22,582
107900250,4,143,-139
107900251,50,407,-357
107900252,639,26,613
107900253,135,3,132
107900254,27,91,-64
107900255,95,69,26
107900256,241,495,-254
107900257,204,76,128
107900258,73,59,14
107900259,54,1817,-1763
107900261,3,87,-84
107900262,16,55,-39
107900264,328,3,325
107900265,81,51,30
107900267,329,4,325
107900268,5,1,4
107900269,0,6,-6
107900270,1,0,1
107900271,0,12,-12
107900272,39,29,10
107900273,81,83,-2
107900274,84,0,84
107900275,29,1,28
107900276,1,48,-47
107900277,0,107,-107
107900278,316,161,155
107900279,62,116,-54
107900280,1612,1233,379
107900281,247,2741,-2494
107900282,26,410,-384
107900283,598,493,105
107900284,423,301,122
107900285,95,27,68
107900286,22,46,-24
107900287,292,154,138
107900290,1,151,-150
107900291,548,36,512
107900292,86,85,1
107900293,64,168,-104
107900295,51,22,29
107900297,2,177,-175
107900298,425,326,99
107900299,1414,2179,-765
107900301,393,593,-200
107900302,58,26,32
107900303,226,98,128
107900304,322,182,140
107900305,285,3,282
107900306,5,29,-24
107900307,29,185,-156
107900308,137,90,47
107900309,38,3,35
107900310,103,1,102
107900311,14,418,-404
107900312,33,0,33
107900313,0,130,-130
107900314,0,48,-48
107900315,1,38,-37
107900316,21,1,20
107900317,77,4,73
107900318,2,114,-112
107900319,3,46,-43
107900320,1,33,-32
107900321,103,2,101
107900322,2,41,-39
107900323,5,53,-48
107900324,111,1,110
107900325,116,3,113
107900326,308,86,222
107900327,0,131,-131
107900328,48,1,47
107900329,37,86,-49
107900330,2,81,-79
107900331,257,6,251
107900332,348,5,343
107900333,57,22,35
107900334,7,52,-45
107900335,28,17,11
107900336,22,40,-18
107900337,386,818,-432
107900338,2,64,-62
107900339,1,7,-6
107900340,3,46,-43
107900341,40,0,40
107900342,106,37,69
107900343,30,1,29
107900344,8,21,-13
107900345,48,10,38
107900346,8,1,7
107900347,11,3,8
107900348,0,1,-1
107900349,33,9,24
107900350,10,109,-99
107900351,2,52,-50
107900352,2,15,-13
107900353,6,6,0
107900354,11,14,-3
108000001,2663,3003,-340
108000002,1456,1169,287
108000003,2405,2611,-206
108000004,7814,8011,-197
108000005,5557,4992,565
108000006,4063,3772,291
108000007,3984,3074,910
108000008,2924,3186,-262
108000009,3335,3331,4
108000010,2023,2464,-441
108000011,9630,8340,1290
108000012,8427,7405,1022
108000014,492,1398,-906
108000015,782,176,606
108000016,258,1058,-800
108000017,955,327,628
108000018,1500,449,1051
108000019,861,587,274
108000020,1004,371,633
108000021,278,1124,-846
108000022,257,829,-572
108000023,1218,165,1053
108000024,279,230,49
108000025,242,141,101
108000026,830,146,684
108000027,602,297,305
108000028,941,114,827
108000029,538,412,126
108000030,441,86,355
108000031,105,321,-216
108000032,1625,455,1170
108000033,569,575,-6
108000034,1476,271,1205
108000035,478,1011,-533
108000036,247,522,-275
108000037,1470,248,1222
108000038,2195,346,1849
108000039,334,958,-624
108000040,1615,654,961
108000041,440,1202,-762
108000042,304,158,146
108000043,175,101,74
108000044,502,112,390
108000045,319,229,90
108000046,1231,172,1059
108000047,276,412,-136
108000048,101,212,-111
108000049,723,173,550
108000050,73,371,-298
108000051,367,149,218
108000052,111,316,-205
108000053,409,155,254
108000054,267,569,-302
108000055,746,438,308
108000056,684,775,-91
108000057,487,967,-480
108000058,1428,2790,-1362
108000059,1766,1186,580
108000060,229,644,-415
108000061,159,257,-98
108000062,745,431,314
108000063,365,241,124
108000064,173,171,2
108000065,447,241,206
108000066,1019,498,521
108000067,1720,571,1149
108000068,746,313,433
108000069,214,417,-203
108000070,1790,516,1274
108000071,459,705,-246
108000072,1638,697,941
108000073,813,853,-40
108000074,612,354,258
108000075,241,458,-217
108000076,668,445,223
108000077,473,339,134
108000078,2085,755,1330
108000079,515,651,-136
108000080,1287,317,970
108000081,392,567,-175
108000082,602,934,-332
108000083,1377,827,550
108000084,293,572,-279
108000085,790,356,434
108000086,369,349,20
108000087,108,1654,-1546
108000088,696,103,593
108000089,276,244,32
108000091,169,289,-120
108000092,114,81,33
108000093,207,199,8
108000094,613,126,487
108000095,133,147,-14
108000096,291,119,172
108000097,161,167,-6
108000098,1589,694,895
108000099,835,176,659
108000100,149,397,-248
108000101,1031,1153,-122
108000102,1331,2718,-1387
108000106,626,0,626
108000107,1,689,-688
108000108,494,41,453
108000109,5,557,-552
108000110,276,191,85
108000111,97,312,-215
108000112,47,106,-59
108000113,286,121,165
108000115,213,171,42
108000117,310,269,41
108000118,280,1499,-1219
108000119,407,173,234
108000120,121,593,-472
108000121,132,201,-69
108000122,512,223,289
108000123,535,77,458
108000124,222,284,-62
108000125,480,114,366
108000126,183,170,13
108000127,526,155,371
108000128,529,172,357
108000129,200,308,-108
108000130,353,140,213
108000131,669,423,246
108000132,878,595,283
108000133,731,333,398
108000134,315,260,55
108000135,911,401,510
108000136,156,402,-246
108000137,501,114,387
108000138,296,326,-30
108000139,478,176,302
108000140,180,12,168
108000141,43,16,27
108000142,52,32,20
108000143,21,170,-149
108000144,455,51,404
108000145,36,5,31
108000146,807,43,764
108000147,36,2,34
108000148,560,60,500
108000149,13,2,11
108000150,40,8,32
108000151,78,45,33
108000152,83,157,-74
108000153,547,100,447
108000154,35,3,32
108000155,48,17,31
108000156,448,234,214
108000157,158,1008,-850
108000158,56,687,-631
108000159,236,135,101
108000160,1080,842,238
108000161,1209,2293,-1084
108000165,4,172,-168
108000172,2,206,-204
108000173,589,1636,-1047
108000175,642,111,531
108000178,180,210,-30
108000179,97,764,-667
108000181,51,20,31
108000182,114,57,57
108000183,14,256,-242
108000184,461,1880,-1419
108000185,146,199,-53
108000186,314,162,152
108000187,125,180,-55
108000188,551,141,410
108000189,836,8304,-7468
108000190,23,85,-62
108000192,193,241,-48
108000193,350,7,343
108000194,18,8,10
108000195,0,439,-439
108000196,156,123,33
108000198,631,100,531
108000199,3,617,-614
108000200,381,125,256
108000203,128,186,-58
108000204,137,70,67
108000205,234,192,42
108000339,533,354,179
108000364,168,442,-274
108000365,34,190,-156
108000367,173,128,45
108000368,16,58,-42
108000369,373,168,205
108000371,9,455,-446
108000372,543,5,538
108000373,173,84,89
108000376,90,33,57
108000377,464,101,363
108000378,6652,8293,-1641
108000379,11,90,-79
108000381,72,2,70
108000382,93,0,93
108000383,0,290,-290
108900001,54,320,-266
108900002,121,40,81
108900003,190,300,-110
108900004,594,319,275
108900007,299,139,160
108900008,125,84,41
108900009,97,80,17
108900010,298,100,198
108900011,648,247,401
108900012,371,246,125
108900013,142,148,-6
108900014,14,78,-64
108900015,0,315,-315
108900016,2,227,-225
108900017,203,367,-164
108900018,126,130,-4
108900019,30,187,-157
108900020,67,72,-5
108900021,116,78,38
108900022,91,24,67
108900023,4,35,-31
108900024,22,34,-12
108900025,183,51,132
108900026,14,61,-47
108900027,0,25,-25
108900028,150,98,52
108900029,40,89,-49
108900030,0,22,-22
108900031,129,144,-15
108900032,8,71,-63
108900033,0,52,-52
108900034,0,91,-91
108900035,206,452,-246
108900038,0,127,-127
108900039,0,152,-152
108900040,2,45,-43
108900041,2226,2793,-567
108900042,7,403,-396
108900043,45,237,-192
108900044,1,172,-171
108900045,100,219,-119
108900046,18,236,-218
108900047,1,268,-267
108900048,51,407,-356
108900049,940,1337,-397
108900050,2,73,-71
108900051,1,75,-74
108900052,28,68,-40
108900053,33,170,-137
108900054,70,90,-20
108900055,34,230,-196
108900056,0,45,-45
108900057,3,53,-50
108900058,26,119,-93
108900059,467,47,420
108900060,75,111,-36
108900061,52,22,30
108900062,2,82,-80
108900063,9,68,-59
108900064,279,13,266
108900065,16,64,-48
108900066,429,106,323
108900067,12,81,-69
108900068,4,54,-50
108900069,68,30,38
108900070,54,45,9
108900071,96,39,57
108900072,1128,319,809
108900073,49,65,-16
108900074,232,89,143
108900075,29,28,1
108900076,363,45,318
108900077,106,157,-51
108900078,38,46,-8
108900079,399,121,278
108900080,25,584,-559
108900081,38,149,-111
108900082,95,50,45
108900083,6,214,-208
108900085,725,91,634
108900086,154,77,77
108900087,51,114,-63
108900088,797,313,484
108900089,30,98,-68
108900090,88,56,32
108900091,77,46,31
108900092,398,234,164
108900093,77,64,13
108900094,196,55,141
108900095,11,153,-142
108900096,140,7,133
108900097,187,93,94
108900098,942,623,319
108900099,354,94,260
108900100,56,79,-23
108900101,140,228,-88
108900102,36,834,-798
108900103,97,157,-60
108900105,6,1322,-1316
108900106,524,125,399
108900108,223,18,205
108900109,392,62,330
108900110,233,139,94
108900111,464,179,285
108900113,39,69,-30
108900114,41,6,35
108900115,96,47,49
108900116,43,15,28
108900117,144,9,135
108900118,585,38,547
108900119,331,17,314
108900120,208,166,42
108900121,212,127,85
108900122,146,8,138
108900123,163,146,17
108900124,475,148,327
108900125,596,0,596
108900126,172,26,146
108900127,200,32,168
108900128,151,46,105
108900129,656,149,507
108900130,414,4,410
108900131,338,1,337
108900132,458,61,397
108900133,297,32,265
108900134,522,113,409
108900135,166,5,161
108900136,17,2,15
108900137,155,2,153
108900138,749,50,699
108900140,370,104,266
108900141,359,11,348
108900142,66,4,62
108900143,137,0,137
108900144,75,1,74
108900145,211,27,184
108900146,82,0,82
108900147,262,0,262
108900148,47,15,32
108900150,199,5,194
108900151,75,27,48
108900152,150,31,119
108900153,194,108,86
108900154,3724,359,3365
108900156,95,4,91
108900157,14,173,-159
108900158,352,10,342
108900159,3,82,-79
108900160,3,112,-109
108900161,3,184,-181
108900162,109,1,108
108900163,7,271,-264
108900164,45,47,-2
108900168,3002,2008,994
108900169,83,79,4
108900171,1728,2334,-606
108900172,154,38,116
108900173,92,216,-124
108900174,982,438,544
108900176,67,184,-117
108900177,1886,4766,-2880
108900178,1794,2970,-1176
108900180,72,200,-128
108900183,122,139,-17
108900184,396,105,291
108900185,93,138,-45
108900186,34,176,-142
108900189,335,94,241
108900190,225,847,-622
108900192,80,105,-25
108900195,54,72,-18
108900196,17,150,-133
108900199,150,183,-33
108900200,444,247,197
108900201,308,686,-378
108900203,375,95,280
108900204,216,8,208
108900205,114,21,93
108900206,323,48,275
108900207,141,149,-8
108900208,21,195,-174
108900209,152,290,-138
108900210,126,130,-4
108900211,105,460,-355
108900212,250,1230,-980
108900215,75,169,-94
108900216,220,400,-180
108900217,42,0,42
108900218,42,11,31
108900221,51,157,-106
108900224,44,118,-74
108900225,1,162,-161
108900227,74,245,-171
108900230,79,150,-71
108900232,3,102,-99
108900233,299,67,232
108900234,205,106,99
108900235,107,231,-124
108900236,39,95,-56
108900240,100,99,1
108900241,18,49,-31
108900245,2,915,-913
108900250,125,112,13
108900258,13,91,-78
108900259,26,16,10
108900260,14,65,-51
108900261,19,50,-31
108900262,75,74,1
108900263,16,77,-61
108900264,235,168,67
108900265,361,328,33
108900266,326,747,-421
108900267,2,161,-159
108900268,5,7,-2
108900269,82,13,69
108900270,91,4,87
108900271,44,4,40
108900272,243,8,235
108900273,304,573,-269
108900274,49,29,20
109000001,2074,1850,224
109000002,747,2069,-1322
109000003,2377,338,2039
109000004,467,1514,-1047
109000005,2335,518,1817
109000006,741,1337,-596
109000007,1479,452,1027
109000008,472,1120,-648
109000009,2658,994,1664
109000010,926,2205,-1279
109000011,3066,1555,1511
109000012,1578,1784,-206
109000013,3353,2609,744
109000014,1582,1397,185
109000015,2825,6997,-4172
109000016,3874,1592,2282
109000017,2434,995,1439
109000018,1050,1444,-394
109000019,2340,1025,1315
109000020,753,1155,-402
109000023,151,19,132
109000024,6,129,-123
109000025,295,426,-131
109000026,471,274,197
109000027,94,301,-207
109000028,86,33,53
109000029,76,156,-80
109000030,49,317,-268
109000031,237,119,118
109000032,108,278,-170
109000033,300,157,143
109000034,29,36,-7
109000035,13,35,-22
109000036,45,189,-144
109000037,196,1362,-1166
109000038,257,215,42
109000039,835,629,206
109000040,2137,8705,-6568
109000041,1283,1556,-273
109000042,322,916,-594
109000044,321,48,273
109000045,111,235,-124
109000046,344,60,284
109000047,63,274,-211
109000048,478,177,301
109000049,111,331,-220
109000050,311,186,125
109000051,113,116,-3
109000052,441,279,162
109000053,154,36,118
109000054,79,162,-83
109000055,163,125,38
109000056,280,103,177
109000057,571,304,267
109000058,505,115,390
109000059,388,1066,-678
109000060,211,265,-54
109000061,338,718,-380
109000062,73,269,-196
109000063,126,44,82
109000064,186,105,81
109000065,131,65,66
109000066,310,24,286
109000067,36,131,-95
109000068,762,3,759
109000069,475,9,466
109000070,20,2068,-2048
109000071,308,47,261
109000072,50,198,-148
109000073,66,63,3
109000074,23,114,-91
109000075,62,215,-153
109000076,118,200,-82
109000077,179,124,55
109000078,78,111,-33
109000079,121,85,36
109000080,221,94,127
109000081,72,193,-121
109000082,721,123,598
109000083,236,253,-17
109000088,121,262,-141
109000089,228,49,179
109000090,93,231,-138
109000091,363,133,230
109000092,194,246,-52
109000093,256,113,143
109000094,638,2,636
109000095,95,180,-85
109000096,678,204,474
109000097,92,89,3
109000098,60,78,-18
109000099,598,230,368
109000100,224,577,-353
109000101,1220,347,873
109000102,377,486,-109
109000103,360,320,40
109000104,1541,364,1177
109000105,385,478,-93
109000106,1416,515,901
109000107,462,829,-367
109000108,1478,381,1097
109000109,426,729,-303
109000110,954,336,618
109000111,597,944,-347
109000112,204,83,121
109000113,261,93,168
109000114,119,151,-32
109000115,746,92,654
109000116,14,195,-181
109000117,224,35,189
109000118,13,186,-173
109000119,1154,79,1075
109000120,222,236,-14
109000121,501,10,491
109000122,116,206,-90
109000123,36,35,1
109000124,568,240,328
109000125,610,162,448
109000126,358,265,93
109000127,945,131,814
109000128,418,459,-41
109000129,1995,473,1522
109000130,282,498,-216
109000131,623,555,68
109000132,397,742,-345
109000133,221,510,-289
109000134,473,726,-253
109000135,565,839,-274
109000136,234,170,64
109000137,273,204,69
109000138,396,96,300
109000139,391,250,141
109000140,152,150,2
109000141,409,182,227
109000142,80,258,-178
109000143,66,54,12
109000145,65,286,-221
109000146,51,56,-5
109000148,1285,999,286
109000149,17,98,-81
109000150,84,208,-124
109000155,667,472,195
109000156,686,258,428
109000158,39,140,-101
109000159,43,194,-151
109000160,891,105,786
109000161,365,414,-49
109000162,1659,337,1322
109000163,936,907,29
109000164,1158,1345,-187
109000165,1092,306,786
109000166,688,62,626
109000167,132,243,-111
109000170,36,31,5
109000171,74,41,33
109000172,17,30,-13
109000173,10,74,-64
109000174,115,34,81
109000175,42,36,6
109000176,267,97,170
109000177,15,36,-21
109000178,632,153,479
109000179,1934,3812,-1878
109000180,2019,2081,-62
109000181,31,10,21
109000182,32,10,22
109000183,45,10,35
109000184,22,14,8
109000185,23,15,8
109000188,255,764,-509
109000189,1625,314,1311
109000190,460,286,174
109000191,211,194,17
109000192,367,110,257
109000193,151,87,64
109000194,224,31,193
109000195,100,128,-28
109000196,194,70,124
109000197,158,146,12
109000198,285,45,240
109000199,91,166,-75
109000206,158,32,126
109000207,107,23,84
109000208,80,46,34
109000209,106,76,30
109000210,107,245,-138
109000211,607,254,353
109000214,404,169,235
109000215,97,42,55
109000216,259,215,44
109000217,86,74,12
109000218,261,170,91
109000221,303,585,-282
109000222,664,164,500
109000223,400,271,129
109000224,24,55,-31
109000225,88,23,65
109000226,53,106,-53
109000227,1008,305,703
109000228,11,3693,-3682
109000231,2,73,-71
109000232,356,111,245
109000236,198,467,-269
109000241,1670,1040,630
109000242,1283,665,618
109000293,14,41,-27
109000361,91,165,-74
109000364,99,214,-115
109000396,2,237,-235
109000397,501,12,489
109000399,109,222,-113
109000400,74,133,-59
109000403,39,648,-609
109000406,355,5,350
109000407,331,108,223
109000408,0,204,-204
109000410,667,137,530
109000411,180,38,142
109900001,118,1,117
109900002,929,16,913
109900003,285,0,285
109900004,466,47,419
109900005,29,1,28
109900006,316,86,230
109900007,925,185,740
109900008,0,14,-14
109900009,104,157,-53
109900010,456,12,444
109900011,60,60,0
109900012,225,142,83
109900013,261,108,153
109900014,337,26,311
109900015,242,143,99
109900016,148,11,137
109900017,130,241,-111
109900018,162,21,141
109900019,249,23,226
109900020,30,28,2
109900021,19,14,5
109900022,115,141,-26
109900023,13,3,10
109900024,7,5,2
109900025,23,21,2
109900026,1,124,-123
109900027,31,25,6
109900028,398,1016,-618
109900029,2,92,-90
109900030,50,6,44
109900031,0,109,-109
109900032,8,150,-142
109900033,0,264,-264
109900034,45,2,43
109900035,13,22,-9
109900036,11,23,-12
109900037,20,233,-213
109900038,79,114,-35
109900039,15,0,15
109900040,32,245,-213
109900041,52,145,-93
109900042,14,363,-349
109900044,118,112,6
109900045,97,188,-91
109900046,70,55,15
109900047,107,166,-59
109900048,0,47,-47
109900049,15,17,-2
109900050,0,51,-51
109900051,0,23,-23
109900052,25,81,-56
109900053,0,80,-80
109900054,666,123,543
109900055,45,119,-74
109900056,13,185,-172
109900057,2,50,-48
109900058,0,39,-39
109900059,820,91,729
109900060,572,66,506
109900061,35,137,-102
109900062,0,79,-79
109900063,8,244,-236
109900064,457,125,332
109900065,44,80,-36
109900066,312,294,18
109900067,0,73,-73
109900068,71,3,68
109900069,0,44,-44
109900070,24,115,-91
109900071,8,24,-16
109900072,7,50,-43
109900073,287,120,167
109900074,13,23,-10
109900075,29,10,19
109900076,20,99,-79
109900077,46,25,21
109900078,82,144,-62
109900080,128,94,34
109900081,11,151,-140
109900082,53,108,-55
109900083,17,39,-22
109900084,50,77,-27
109900085,124,232,-108
109900086,76,331,-255
109900087,107,305,-198
109900089,613,212,401
109900090,253,450,-197
109900091,284,75,209
109900092,198,12,186
109900093,870,149,721
109900094,94,55,39
109900095,22,100,-78
109900096,36,3,33
109900097,101,2,99
109900098,592,27,565
109900099,237,1,236
109900100,64,0,64
109900101,501,6,495
109900102,298,10,288
109900103,20,18,2
109900104,719,207,512
109900105,482,11,471
109900106,185,26,159
109900107,416,25,391
109900108,83,83,0
109900109,36,69,-33
109900110,51,140,-89
109900111,107,222,-115
109900112,137,179,-42
109900113,637,393,244
109900114,585,1062,-477
109900115,130,42,88
109900117,824,72,752
109900118,134,194,-60
109900119,348,189,159
109900120,63,20,43
109900121,240,379,-139
109900122,452,8,444
109900123,23,65,-42
109900124,38,163,-125
109900125,0,107,-107
109900126,256,25,231
109900128,345,16,329
109900130,2283,2410,-127
109900131,23,91,-68
109900132,28,106,-78
109900133,67,112,-45
109900134,42,47,-5
109900135,146,33,113
109900136,23,61,-38
109900137,144,98,46
109900140,110,65,45
109900142,952,130,822
109900145,3,368,-365
109900146,184,27,157
109900148,29,40,-11
109900149,38,69,-31
109900150,19,59,-40
109900151,20,22,-2
109900152,4,32,-28
109900153,3,54,-51
109900154,33,0,33
109900155,65,16,49
109900157,33,114,-81
109900158,21,69,-48
109900159,116,25,91
109900160,130,35,95
109900161,164,64,100
109900162,187,142,45
109900163,219,125,94
109900164,45,140,-95
109900165,233,3,230
109900166,2,64,-62
109900167,132,170,-38
109900168,235,279,-44
109900169,133,85,48
109900170,159,783,-624
109900171,172,57,115
109900172,114,170,-56
109900173,852,1825,-973
109900174,28,40,-12
109900175,69,30,39
109900176,78,42,36
109900177,21,79,-58
109900178,8,128,-120
109900179,28,15,13
109900180,6,13,-7
110000001,526,283,243
110000002,399,502,-103
110000003,582,492,90
110000004,298,579,-281
110000005,280,1153,-873
110000006,176,261,-85
110000007,84,62,22
110000008,5,48,-43
110000009,19,14,5
110000010,16,45,-29
110000011,23,35,-12
110000012,302,142,160
110000013,29,480,-451
110000014,331,254,77
110000015,180,354,-174
110000016,130,1276,-1146
110000017,1652,141,1511
110000018,1242,188,1054
110000019,6,41,-35
110000020,333,109,224
110000021,158,226,-68
110000022,429,104,325
110000023,3,43,-40
110000024,381,220,161
110000025,342,8,334
110000026,10,127,-117
110000027,713,798,-85
110000028,768,330,438
110000029,284,355,-71
110000030,183,190,-7
110000031,175,191,-16
110000032,550,173,377
110000033,168,235,-67
110000034,299,306,-7
110000035,403,336,67
110000036,652,235,417
110000037,144,202,-58
110000038,173,341,-168
110000039,658,2397,-1739
110000040,210,102,108
110000041,221,1445,-1224
110000042,61,196,-135
110000043,426,208,218
110000044,29,345,-316
110000045,147,109,38
110000046,11,50,-39
110000047,7,29,-22
110000048,7,25,-18
110000049,14,8,6
110000050,3,30,-27
110000051,9,4,5
110000052,23,28,-5
110000053,37,7,30
110000054,85,283,-198
110000055,115,52,63
110000056,53,67,-14
110000057,259,311,-52
110000058,558,231,327
110000059,640,307,333
110000060,917,755,162
110000061,505,424,81
110000062,433,604,-171
110000063,35,114,-79
110000064,44,32,12
110000065,82,48,34
110000066,57,10,47
110000067,49,55,-6
110000068,213,63,150
110000069,300,33,267
110000071,148,23,125
110000073,27,8,19
110000075,7,34,-27
110000076,180,221,-41
110000077,127,530,-403
110000078,37,13,24
110000080,182,352,-170
110000081,22,161,-139
110000082,27,273,-246
110000083,208,334,-126
110000084,1058,697,361
110000085,751,936,-185
110000086,728,1613,-885
110000087,23,46,-23
110000088,88,106,-18
110000089,167,46,121
110000090,52,81,-29
110000091,408,149,259
110000092,10,29,-19
110000093,26,9,17
110000094,320,109,211
110000095,123,539,-416
110000096,1003,1375,-372
110000097,860,1177,-317
110000098,1376,464,912
110000099,435,1009,-574
110000100,785,171,614
110000101,18,90,-72
110000102,80,52,28
110000104,278,169,109
110000105,64,132,-68
110000106,431,453,-22
110000107,206,191,15
110000108,85,79,6
110000109,122,180,-58
110000110,881,2463,-1582
110000111,2010,2031,-21
110000112,321,858,-537
110000113,91,1590,-1499
110000114,186,465,-279
110000115,210,173,37
110000116,37,29,8
110000117,183,134,49
110000118,314,44,270
110000119,229,170,59
110000120,339,111,228
110000121,52,211,-159
110000122,243,332,-89
110000123,474,451,23
110000124,3,529,-526
110000125,654,7,647
110000126,217,25,192
110000127,793,32,761
110000128,40,488,-448
110000129,4,270,-266
110000130,268,140,128
110000131,70,210,-140
110000132,3,314,-311
110000133,27,282,-255
110000134,28,237,-209
110000135,138,13,125
110000136,58,227,-169
110000137,501,292,209
110000138,676,322,354
110000139,716,391,325
110000140,586,526,60
110000143,307,279,28
110000144,2618,1564,1054
110000145,1362,1037,325
110000146,1027,386,641
110000147,282,377,-95
110000148,385,110,275
110000151,568,757,-189
110000152,448,338,110
110000153,102,14,88
110000154,5,17,-12
110000155,650,2642,-1992
110000156,824,1916,-1092
110000157,1193,1783,-590
110000160,263,115,148
110000161,128,76,52
110000166,438,35,403
110000167,689,391,298
110000168,759,426,333
110000169,655,258,397
110000170,179,49,130
110000171,499,93,406
110000172,134,330,-196
110000173,562,517,45
110000174,74,314,-240
110000175,575,44,531
110000176,44,272,-228
110000177,159,685,-526
110000178,343,1060,-717
110000179,446,160,286
110000180,172,142,30
110000181,539,197,342
110000182,169,71,98
110000183,3636,4695,-1059
110000184,213,1654,-1441
110000185,309,440,-131
110000186,439,482,-43
110000191,1002,116,886
110000192,542,11,531
110000193,1018,20,998
110000194,12,404,-392
110000195,393,100,293
110000196,357,108,249
110000197,85,46,39
110000198,59,22,37
110000199,59,124,-65
110000200,563,228,335
110000201,568,776,-208
110000202,878,422,456
110000203,367,265,102
110000204,6,91,-85
110000205,108,38,70
110000206,340,450,-110
110000207,934,219,715
110000208,141,122,19
110000209,79,414,-335
110000210,1121,207,914
110000211,666,297,369
110000212,311,696,-385
110000213,219,37,182
110000214,286,29,257
110000215,103,82,21
110000216,83,103,-20
110000217,300,69,231
110000218,113,96,17
110000219,313,27,286
110000220,47,101,-54
110000221,328,16,312
110000222,39,106,-67
110000223,6,73,-67
110000224,18,7,11
110000225,147,437,-290
110000226,240,52,188
110000227,357,592,-235
110000228,181,69,112
110000229,1,106,-105
110000230,375,344,31
110000231,130,111,19
110000232,113,110,3
110000233,137,141,-4
110000234,314,444,-130
110000235,538,554,-16
110000236,375,234,141
110000237,1380,752,628
110000238,856,703,153
110000239,1445,630,815
110000240,0,14,-14
110000242,0,9,-9
110000243,118,40,78
110000244,115,152,-37
110000245,21,227,-206
110000246,564,224,340
110000247,535,1966,-1431
110000248,826,760,66
110000249,35,1,34
110000250,16,92,-76
110000251,270,180,90
110000252,221,86,135
110000253,1047,258,789
110000254,356,421,-65
110000255,99,480,-381
110000256,283,131,152
110000257,323,219,104
110000258,2,201,-199
110000259,90,8,82
110000260,21,79,-58
110000263,222,29,193
110000264,252,146,106
110000265,716,957,-241
110000266,948,1458,-510
110000267,15,80,-65
110000268,193,281,-88
110000269,2,38,-36
110000270,62,0,62
110000271,688,96,592
110000272,771,637,134
110000273,1193,774,419
110000274,98,1186,-1088
110000275,860,327,533
110000276,217,208,9
110000277,273,161,112
110000278,179,333,-154
110000279,627,413,214
110000280,447,231,216
110000281,74,152,-78
110000282,121,12,109
110000283,16,53,-37
110000284,11,10,1
110000285,4,303,-299
110000286,6,0,6
110000287,41,1,40
110000288,1,35,-34
110000289,435,1706,-1271
110000290,457,374,83
110000291,2070,707,1363
110000292,720,3234,-2514
110000293,507,336,171
110000294,843,629,214
110000295,70,329,-259
110000296,276,212,64
110000297,1265,193,1072
110000298,100,244,-144
110000299,61,74,-13
110000301,169,22,147
110000302,219,363,-144
110000303,333,7,326
110000304,106,100,6
110000305,806,21,785
110000306,154,466,-312
110000307,1246,5,1241
110000308,369,6,363
110000309,5,320,-315
110000310,554,41,513
110000311,7,305,-298
110000312,257,56,201
110000313,1078,1526,-448
110000314,1,141,-140
110000315,1517,1558,-41
110000316,324,761,-437
110000317,106,451,-345
110000318,3,20,-17
110000319,10,6,4
110000320,25,18,7
110000321,6,21,-15
110000322,184,143,41
110000323,274,86,188
110000324,1529,1143,386
110000325,1384,2178,-794
110000327,208,172,36
110000328,111,151,-40
110000333,579,477,102
110000334,394,653,-259
110000335,538,208,330
110000336,461,418,43
110000337,1250,297,953
110000338,456,111,345
110000339,248,97,151
110000340,26,95,-69
110000341,393,287,106
110000342,56,2,54
110000343,0,10,-10
110000344,49,107,-58
110000345,85,144,-59
110000346,1293,1182,111
110000347,953,477,476
110000348,16,6,10
110000349,4,3,1
110000350,32,4,28
110000351,851,377,474
110000352,624,999,-375
110000353,1408,347,1061
110000354,586,2222,-1636
110000355,76,40,36
110000356,388,6,382
110000357,342,17,325
110000361,11,17,-6
110000362,51,2,49
110000363,516,71,445
110000364,204,155,49
110000365,79,0,79
110000366,0,67,-67
110000367,266,92,174
110000368,6,23,-17
110000369,47,0,47
110000373,1,149,-148
110000374,71,15,56
110000375,49,516,-467
110000376,21,57,-36
110000377,62,275,-213
110000378,13,265,-252
110000379,1388,1412,-24
110000380,51,8,43
110000383,0,627,-627
110000384,557,316,241
110000385,0,108,-108
110000387,69,5,64
110000388,24,80,-56
110000389,676,5,671
110000391,664,101,563
110000396,129,53,76
110000397,108,30,78
110000398,6,25,-19
110000399,83,1,82
110000587,70,37,33
110000589,159,48,111
110000640,170,36,134
110000652,7,152,-145
110000653,258,165,93
110000654,32,1429,-1397
110000656,0,210,-210
110000674,13,7,6
110000675,5,4,1
110000676,0,20,-20
110000679,90,710,-620
110000682,80,118,-38
110000683,135,192,-57
110000684,0,22,-22
110000685,11,8,3
110000686,3,29,-26
110000687,8,4,4
110000688,50,881,-831
110000689,21,10,11
110000692,10,39,-29
110000693,10,208,-198
110000694,0,69,-69
110000695,98,255,-157
110000696,39,28,11
110900001,179,14,165
110900002,272,124,148
110900003,693,171,522
110900004,346,47,299
110900005,926,2047,-1121
110900006,50,12,38
110900007,102,31,71
110900008,8,20,-12
110900009,295,158,137
110900010,12,15,-3
110900011,12,48,-36
110900012,6,43,-37
110900013,856,76,780
110900014,105,7,98
110900015,204,480,-276
110900016,31,69,-38
110900017,403,26,377
110900018,354,43,311
110900019,138,13,125
110900020,64,96,-32
110900021,62,176,-114
110900022,41,105,-64
110900023,24,282,-258
110900024,19,112,-93
110900025,6,27,-21
110900027,31,153,-122
110900028,19,44,-25
110900029,9,95,-86
110900030,48,114,-66
110900031,1,54,-53
110900032,0,22,-22
110900033,37,57,-20
110900035,10,314,-304
110900036,74,5,69
110900037,63,10,53
110900038,332,138,194
110900039,4,190,-186
110900040,202,14,188
110900041,23,29,-6
110900042,94,59,35
110900043,4,18,-14
110900044,138,17,121
110900045,33,160,-127
110900046,9,90,-81
110900047,244,219,25
110900049,97,66,31
110900050,18,2,16
110900051,16,89,-73
110900052,1,51,-50
110900053,93,8,85
110900054,23,66,-43
110900055,30,1,29
110900056,19,62,-43
110900057,6,39,-33
110900058,192,86,106
110900059,284,156,128
110900060,231,113,118
110900061,21,34,-13
110900062,149,89,60
110900063,24,33,-9
110900064,14,0,14
110900065,100,92,8
110900066,5,32,-27
110900067,146,491,-345
110900068,145,115,30
110900069,1,12,-11
110900070,141,40,101
110900071,146,489,-343
110900073,0,17,-17
110900074,424,58,366
110900075,311,43,268
110900077,710,337,373
110900078,33,8,25
110900079,1095,977,118
110900080,130,47,83
110900081,0,9,-9
110900082,90,46,44
110900083,90,46,44
110900084,39,13,26
110900085,41,148,-107
110900086,66,251,-185
110900087,237,32,205
110900088,3,0,3
110900090,45,60,-15
110900091,0,16,-16
110900093,142,64,78
110900095,79,25,54
110900097,5,7,-2
110900098,6,31,-25
110900099,14,161,-147
110900100,0,6,-6
110900102,40,3,37
110900105,459,70,389
110900108,10,16,-6
110900111,298,60,238
110900112,551,4,547
110900113,239,25,214
110900115,1,20,-19
110900116,733,588,145
110900118,43,2413,-2370
110900119,957,119,838
110900120,21,50,-29
110900121,134,1,133
110900122,370,110,260
110900125,291,279,12
110900127,287,1050,-763
110900128,227,381,-154
110900129,134,693,-559
110900130,407,436,-29
110900131,144,13,131
110900132,329,39,290
110900133,31,54,-23
110900135,30,85,-55
110900136,294,9,285
110900138,0,0,0
110900139,9,0,9
110900140,0,0,0
110900141,261,252,9
110900142,59,58,1
110900143,131,50,81
110900144,0,241,-241
110900145,156,61,95
110900146,167,203,-36
110900147,69,167,-98
110900148,5,154,-149
110900149,3,28,-25
110900150,18,8,10
110900151,2,27,-25
110900152,20,73,-53
110900153,137,49,88
111000001,548,375,173
111000002,592,340,252
111000003,1084,618,466
111000004,370,497,-127
111000005,886,1029,-143
111000006,625,1195,-570
111000007,2788,2330,458
111000008,1231,1926,-695
111000009,315,575,-260
111000010,802,206,596
111000011,182,713,-531
111000012,416,332,84
111000013,317,706,-389
111000014,1091,378,713
111000017,124,771,-647
111000018,169,268,-99
111000020,987,1112,-125
111000021,39,60,-21
111000023,63,32,31
111000025,5676,2633,3043
111000029,57,70,-13
111000030,27,50,-23
111000031,1372,640,732
111000032,427,208,219
111000033,175,182,-7
111000034,60,198,-138
111000037,768,360,408
111000038,1850,1031,819
111000039,1102,1127,-25
111000040,1161,1228,-67
111000041,588,680,-92
111000042,1316,1283,33
111000043,1573,2731,-1158
111000044,1324,763,561
111000045,2236,1575,661
111000046,1494,1159,335
111000047,2103,3383,-1280
111000049,309,265,44
111000050,731,644,87
111000051,333,456,-123
111000052,370,721,-351
111000053,229,410,-181
111000054,267,443,-176
111000055,1053,972,81
111000056,163,238,-75
111000057,94,245,-151
111000058,410,35,375
111000059,403,215,188
111000060,2851,626,2225
111000061,522,218,304
111000062,737,262,475
111000063,1234,597,637
111000064,648,340,308
111000065,1040,580,460
111000066,479,223,256
111000067,433,324,109
111000068,447,529,-82
111000069,1000,1059,-59
111000070,634,421,213
111000071,121,282,-161
111000072,1173,484,689
111000073,251,809,-558
111000074,1190,1087,103
111000075,793,339,454
111000076,573,295,278
111000077,1119,996,123
111000078,1711,880,831
111000079,789,364,425
111000080,432,370,62
111000081,954,2820,-1866
111000082,548,373,175
111000084,637,330,307
111000085,628,668,-40
111000086,1200,561,639
111000087,541,299,242
111000088,2318,1801,517
111000089,529,394,135
111000090,485,770,-285
111000091,558,225,333
111000092,1375,492,883
111000093,633,817,-184
111000094,1265,641,624
111000095,415,1814,-1399
111000096,623,5956,-5333
111000097,3133,949,2184
111000098,509,602,-93
111000099,347,805,-458
111000100,317,672,-355
111000101,267,425,-158
111000102,200,192,8
111000104,659,97,562
111000107,72,356,-284
111000109,452,108,344
111000110,1142,436,706
111000111,2278,273,2005
111000112,1673,418,1255
111000113,624,1348,-724
111000114,1290,2632,-1342
111000115,2467,639,1828
111000116,679,523,156
111000117,276,533,-257
111000118,741,386,355
111000119,907,461,446
111000120,462,364,98
111000121,227,483,-256
111000122,469,588,-119
111000123,889,1012,-123
111000124,282,996,-714
111000125,217,459,-242
111000126,94,321,-227
111000127,955,91,864
111000128,1765,173,1592
111000129,2472,276,2196
111000130,1726,298,1428
111000131,1690,292,1398
111000132,1655,734,921
111000133,185,76,109
111000134,118,48,70
111000135,51,88,-37
111000136,307,188,119
111000138,26,6,20
111000140,0,3,-3
111000141,99,414,-315
111000142,31,535,-504
111000143,8,791,-783
111000144,191,4234,-4043
111000145,214,14,200
111000146,129,15,114
111000147,88,28,60
111000148,145,111,34
111000149,3,13,-10
111000150,33,5,28
111000151,2,10,-8
111000153,366,466,-100
111000154,358,148,210
111000155,82,101,-19
111000156,632,447,185
111000157,145,507,-362
111000158,619,489,130
111000159,3261,865,2396
111000160,411,464,-53
111000161,27,534,-507
111000162,21,174,-153
111000163,613,513,100
111000164,502,1791,-1289
111000165,483,195,288
111000166,606,146,460
111000167,123,160,-37
111000168,189,261,-72
111000169,236,376,-140
111000170,214,244,-30
111000171,342,259,83
111000172,134,169,-35
111000173,282,337,-55
111000174,158,106,52
111000175,47,129,-82
111000176,306,63,243
111000177,346,104,242
111000178,1285,145,1140
111000179,203,50,153
111000180,286,274,12
111000181,1272,151,1121
111000182,210,129,81
111000183,186,158,28
111000184,221,129,92
111000185,199,180,19
111000186,197,137,60
111000187,93,78,15
111000188,185,195,-10
111000189,434,330,104
111000190,139,163,-24
111000191,106,168,-62
111000192,112,230,-118
111000193,196,144,52
111000194,39,176,-137
111000195,98,128,-30
111000196,64,61,3
111000197,476,78,398
111000198,430,40,390
111000199,259,104,155
111000200,452,184,268
111000201,654,144,510
111000202,277,108,169
111000203,325,196,129
111000204,273,1030,-757
111000213,133,289,-156
111000214,902,724,178
111000215,785,650,135
111000217,1375,550,825
111000218,1123,679,444
111000219,263,120,143
111000220,543,372,171
111000221,337,45,292
111000224,25,163,-138
111000225,287,218,69
111000226,40,0,40
111000227,10,4,6
111000228,6,361,-355
111000229,21,883,-862
111000230,144,126,18
111000231,865,216,649
111000232,524,307,217
111000233,935,368,567
111000234,133,363,-230
111000239,66,70,-4
111000240,43,145,-102
111000241,21,123,-102
111000242,182,39,143
111000243,107,190,-83
111000244,439,46,393
111000245,711,160,551
111000246,467,119,348
111000247,362,208,154
111000248,597,306,291
111000249,369,193,176
111000250,49,32,17
111000251,30,41,-11
111000253,5,9,-4
111000255,48,4,44
111000257,64,6,58
111000260,34,865,-831
111000261,1044,54,990
111000271,24,152,-128
111000273,1639,621,1018
111000274,1174,1477,-303
111000275,135,24,111
111000276,228,634,-406
111000277,105,163,-58
111000278,465,133,332
111000291,671,6003,-5332
111000298,492,104,388
111000299,499,87,412
111000300,43,259,-216
111000302,249,45,204
111000303,55,81,-26
111000312,23,45,-22
111000315,3,63,-60
111000320,124,239,-115
111000321,343,100,243
111000322,232,206,26
111000323,299,24,275
111000324,224,128,96
111000325,38,25,13
111000326,192,134,58
111000327,312,164,148
111000328,226,284,-58
111000329,0,6,-6
111000330,50,13,37
111000331,24,5,19
111000332,380,778,-398
111000334,281,580,-299
111000335,799,128,671
111000337,1218,142,1076
111000338,47,33,14
111000339,603,68,535
111000340,86,158,-72
111000341,1035,394,641
111000342,70,1958,-1888
111000344,911,452,459
111000345,101,158,-57
111000346,49,302,-253
111000347,107,4,103
111000350,97,48,49
111000351,94,209,-115
111000352,168,38,130
111000353,107,102,5
111000354,307,64,243
111000355,193,165,28
111000358,102,326,-224
111000360,239,157,82
111000361,154,110,44
111000546,480,217,263
111000547,315,148,167
111000548,92,177,-85
111000549,256,90,166
111000550,51,606,-555
111000551,452,124,328
111000552,432,261,171
111000907,422,10,412
111000908,33,4,29
111000916,1368,115,1253
111000917,36,269,-233
111000918,174,223,-49
111000920,545,16,529
111000921,19,63,-44
111000922,364,113,251
111000924,27,240,-213
111000925,2469,1472,997
111000926,891,839,52
111000927,2080,3329,-1249
111000928,3297,1476,1821
111000929,1488,858,630
111000930,632,1088,-456
111000931,1796,1993,-197
111000932,2999,1028,1971
111000933,2634,1933,701
111000934,1594,1585,9
111000935,1498,684,814
111000936,859,1058,-199
111000937,1134,952,182
111000938,986,666,320
111000939,499,28,471
111000940,389,64,325
111000941,298,142,156
111000943,545,170,375
111000944,142,117,25
111000945,49,512,-463
111001109,436,417,19
111001110,135,254,-119
111001111,79,3,76
111001112,89,26,63
111001113,0,101,-101
111001114,304,156,148
111001115,22,951,-929
111001116,1739,2975,-1236
111001117,254,1829,-1575
111001120,69,76,-7
111001121,88,109,-21
111001122,244,139,105
111001123,334,61,273
111001124,94,51,43
111001125,6,122,-116
111001126,18,45,-27
111900001,6,33,-27
111900002,13,167,-154
111900003,1,150,-149
111900004,9,35,-26
111900006,12,50,-38
111900007,103,9,94
111900008,207,1,206
111900009,145,40,105
111900010,161,190,-29
111900012,20,39,-19
111900013,16,10,6
111900014,1770,3876,-2106
111900015,0,16,-16
111900016,0,45,-45
111900017,0,25,-25
111900018,145,1,144
111900019,2,34,-32
111900020,0,18,-18
111900021,8,39,-31
111900022,2,22,-20
111900023,17,36,-19
111900024,56,43,13
111900025,0,9,-9
111900026,0,26,-26
111900027,2,43,-41
111900028,0,82,-82
111900029,3,28,-25
111900030,14,159,-145
111900031,4,18,-14
111900032,1,120,-119
111900033,2,18,-16
111900034,129,222,-93
111900035,35,74,-39
111900036,0,76,-76
111900038,109,232,-123
111900039,22,110,-88
111900040,0,129,-129
111900042,6,65,-59
111900043,0,102,-102
111900044,109,109,0
111900046,25,65,-40
111900048,256,215,41
111900049,16,98,-82
111900050,72,34,38
111900051,0,92,-92
111900052,160,218,-58
111900053,346,1279,-933
111900054,80,7,73
111900055,4,105,-101
111900056,87,285,-198
111900057,112,5,107
111900058,517,154,363
111900059,838,580,258
111900060,236,1,235
111900061,7,44,-37
111900062,28,71,-43
111900063,299,357,-58
111900064,45,130,-85
111900065,71,23,48
111900066,94,124,-30
111900067,2,173,-171
111900068,58,48,10
111900069,60,30,30
111900070,217,50,167
111900071,0,110,-110
111900072,74,18,56
111900073,801,145,656
111900074,4,91,-87
111900075,77,10,67
111900076,164,67,97
111900077,37,1,36
111900078,252,34,218
111900079,41,32,9
111900080,127,192,-65
111900082,177,43,134
111900083,201,29,172
111900084,119,6,113
111900085,10,86,-76
111900086,53,5,48
111900087,71,1,70
111900088,529,16,513
111900089,138,2,136
111900090,50,67,-17
111900091,288,4,284
111900092,100,2,98
111900093,448,4,444
111900094,106,1,105
111900095,239,32,207
111900096,194,3,191
111900097,74,0,74
111900098,283,4,279
111900099,80,0,80
111900100,96,4,92
111900101,84,20,64
111900102,593,218,375
111900103,38,76,-38
111900104,99,39,60
111900105,173,152,21
111900106,341,14,327
111900110,712,228,484
111900111,109,27,82
111900112,256,2734,-2478
111900113,98,70,28
111900118,365,92,273
111900119,291,170,121
111900122,53,84,-31
111900123,12,19,-7
111900124,22,28,-6
111900125,391,60,331
111900126,193,5,188
111900127,4,217,-213
111900128,0,135,-135
111900129,218,12,206
111900130,183,51,132
111900131,533,1,532
111900132,22,202,-180
111900133,6,164,-158
111900134,1,82,-81
111900135,6,32,-26
111900136,43,95,-52
111900137,37,44,-7
111900138,7,39,-32
111900139,15,47,-32
111900140,106,13,93
111900141,108,7,101
111900142,108,48,60
111900143,18,62,-44
111900144,0,19,-19
111900145,0,110,-110
111900146,0,80,-80
111900147,37,123,-86
111900148,15,229,-214
111900149,2,109,-107
111900150,21,75,-54
111900151,2,21,-19
111900152,49,81,-32
111900153,382,543,-161
111900154,14,397,-383
111900155,70,94,-24
111900156,82,73,9
111900157,152,8,144
111900158,495,79,416
111900159,308,21,287
111900160,313,1,312
111900161,277,2,275
111900162,65,145,-80
111900163,10,86,-76
111900164,102,41,61
111901113,492,46,446
111901114,189,69,120
111901115,81,3,78
111901116,27,0,27
111901117,35,26,9
111901118,29,248,-219
111901119,182,31,151
111901121,78,71,7
111901122,1,163,-162
111901123,267,107,160
111901124,282,1,281
111901125,493,166,327
111901127,189,674,-485
111901128,8,57,-49
111901129,1,70,-69
111901130,2,33,-31
111901131,3,81,-78
111901132,57,11,46
111901133,44,2,42
111901134,107,3,104
111901135,18,10,8
111901136,17,44,-27
111901137,0,11,-11
111901138,84,20,64
111901139,8,10,-2
111901140,7,27,-20
111901141,2,43,-41
111901142,2,39,-37
111901143,0,31,-31
111901144,34,47,-13
111901145,87,291,-204
111901146,118,7,111
111901147,123,111,12
111901148,8,40,-32
111901149,2,2,0
112000001,1606,447,1159
112000002,469,1105,-636
112000003,1271,814,457
112000004,439,304,135
112000005,3001,3011,-10
112000006,1010,705,305
112000007,3431,2212,1219
112000008,2025,3647,-1622
112000009,1819,1168,651
112000010,2362,3638,-1276
112000011,970,741,229
112000012,2743,4822,-2079
112000013,1960,2403,-443
112000014,1511,2716,-1205
112000015,2211,2561,-350
112000016,1910,2017,-107
112000017,657,2414,-1757
112000024,1181,466,715
112000026,1430,1599,-169
112000027,491,498,-7
112000028,698,642,56
112000029,419,586,-167
112000030,152,40,112
112000031,978,3376,-2398
112000032,141,24,117
112000033,1108,2259,-1151
112000034,187,27,160
112000035,39,423,-384
112000036,275,837,-562
112000037,449,837,-388
112000038,740,1043,-303
112000039,94,39,55
112000040,24,93,-69
112000041,245,277,-32
112000042,579,237,342
112000050,1045,1006,39
112000051,793,1288,-495
112000054,916,797,119
112000057,433,249,184
112000058,177,285,-108
112000059,356,392,-36
112000061,1435,791,644
112000062,615,819,-204
112000063,317,1933,-1616
112000064,1755,2273,-518
112000065,940,1485,-545
112000066,2444,1130,1314
112000067,444,388,56
112000068,2445,2223,222
112000069,238,1092,-854
112000070,1240,619,621
112000071,689,1380,-691
112000072,1872,573,1299
112000073,984,1413,-429
112000074,926,809,117
112000075,1126,1012,114
112000076,2468,1616,852
112000077,712,260,452
112000078,1401,361,1040
112000079,1206,766,440
112000080,535,404,131
112000081,962,1524,-562
112000082,813,510,303
112000083,498,636,-138
112000084,978,471,507
112000085,1285,423,862
112000086,1395,556,839
112000087,515,235,280
112000088,670,215,455
112000089,236,185,51
112000090,171,160,11
112000091,496,427,69
112000092,2032,690,1342
112000093,1254,456,798
112000094,583,521,62
112000095,571,455,116
112000096,469,423,46
112000097,1225,553,672
112000098,420,323,97
112000099,482,1448,-966
112000100,1714,432,1282
112000101,468,383,85
112000102,1282,355,927
112000103,281,366,-85
112000105,441,497,-56
112000106,1456,287,1169
112000107,82,107,-25
112000108,306,684,-378
112000109,193,59,134
112000110,1517,431,1086
112000111,439,1223,-784
112000112,1718,348,1370
112000113,423,737,-314
112000114,1736,551,1185
112000115,307,158,149
112000116,369,367,2
112000117,769,539,230
112000118,684,495,189
112000119,267,321,-54
112000120,53,181,-128
112000121,111,205,-94
112000122,231,69,162
112000123,716,96,620
112000124,462,53,409
112000125,213,230,-17
112000126,246,162,84
112000127,1048,2013,-965
112000128,335,316,19
112000129,79,55,24
112000130,192,72,120
112000131,22,104,-82
112000132,147,131,16
112000133,318,62,256
112000134,381,198,183
112000135,838,416,422
112000136,522,574,-52
112000137,960,868,92
112000138,641,460,181
112000139,455,528,-73
112000140,322,580,-258
112000141,824,320,504
112000142,128,268,-140
112000143,1063,153,910
112000144,239,429,-190
112000145,2249,425,1824
112000146,451,775,-324
112000147,2204,1227,977
112000148,1003,880,123
112000149,258,210,48
112000150,249,181,68
112000151,283,114,169
112000152,449,215,234
112000153,145,162,-17
112000154,104,148,-44
112000155,152,83,69
112000157,300,454,-154
112000158,229,178,51
112000159,504,174,330
112000167,245,103,142
112000169,177,289,-112
112000173,747,144,603
112000175,370,162,208
112000176,917,1122,-205
112000177,610,163,447
112000178,58,108,-50
112000179,195,40,155
112000180,197,183,14
112000181,889,763,126
112000182,1375,502,873
112000183,33,11,22
112000184,422,127,295
112000185,526,203,323
112000187,2955,1765,1190
112000195,122,10,112
112000196,181,0,181
112000197,129,206,-77
112000198,57,244,-187
112000199,496,584,-88
112000202,368,2,366
112000216,46,168,-122
112000230,92,2,90
112000231,5,87,-82
112000256,64,261,-197
112000313,18,65,-47
112000314,49,23,26
112000337,162,342,-180
112000352,127,183,-56
112000392,1063,715,348
112000398,1360,552,808
112000399,777,2329,-1552
112000400,961,1023,-62
112000401,1555,965,590
112000402,2896,3450,-554
112000403,1040,3228,-2188
112000404,946,906,40
112000405,1852,2257,-405
112000406,1592,825,767
112000407,6850,6675,175
112000408,3909,2399,1510
112000409,1015,1684,-669
112000410,220,259,-39
112000411,1737,1256,481
112000412,648,328,320
112000413,2933,5639,-2706
112000414,89,24,65
112000415,61,17,44
112000416,2478,905,1573
112000417,269,50,219
112000421,66,33,33
112000422,240,100,140
112000424,799,2386,-1587
112000425,227,295,-68
112000426,94,222,-128
112000427,0,9,-9
112000428,229,153,76
112000429,1385,1245,140
112000430,1844,1929,-85
112000431,107,103,4
112000432,344,338,6
112000433,168,379,-211
112000437,33,72,-39
112900001,75,0,75
112900002,512,333,179
112900003,62,127,-65
112900004,46,100,-54
112900005,173,66,107
112900006,24,137,-113
112900007,54,109,-55
112900008,1,57,-56
112900009,318,81,237
112900010,400,359,41
112900011,59,98,-39
112900012,1,24,-23
112900013,2,52,-50
112900014,2,59,-57
112900015,180,278,-98
112900016,2,126,-124
112900017,23,69,-46
112900018,1,77,-76
112900019,9,76,-67
112900020,202,435,-233
112900021,5,85,-80
112900022,4,44,-40
112900023,0,37,-37
112900024,18,107,-89
112900025,75,91,-16
112900026,5,79,-74
112900027,2,338,-336
112900028,21,76,-55
112900029,9,193,-184
112900030,28,43,-15
112900031,5,134,-129
112900032,153,157,-4
112900034,0,17,-17
112900035,2,136,-134
112900036,26,76,-50
112900037,77,172,-95
112900038,554,73,481
112900039,13,128,-115
112900040,5,233,-228
112900041,211,684,-473
112900042,36,110,-74
112900043,36,29,7
112900044,202,229,-27
112900045,109,140,-31
112900046,58,39,19
112900047,2,9,-7
112900049,269,35,234
112900050,12,284,-272
112900051,106,201,-95
112900052,1,232,-231
112900053,111,65,46
112900054,81,38,43
112900055,78,22,56
112900056,251,201,50
112900057,24,245,-221
112900058,207,243,-36
112900059,115,138,-23
112900060,30,57,-27
112900061,85,74,11
112900062,58,73,-15
112900063,48,14,34
112900064,78,114,-36
112900065,21,23,-2
112900066,162,190,-28
112900067,138,62,76
112900068,26,24,2
112900069,915,690,225
112900071,54,4,50
112900072,74,1883,-1809
112900073,329,147,182
112900074,57,245,-188
112900075,509,861,-352
112900076,29,31,-2
112900078,271,291,-20
112900079,185,16,169
112900080,90,9,81
112900081,46,201,-155
112900082,667,31,636
112900083,130,107,23
112900084,231,132,99
112900086,90,1,89
112900087,644,117,527
112900088,166,14,152
112900089,842,63,779
112900090,76,36,40
112900091,266,5,261
112900092,57,362,-305
112900093,825,23,802
112900095,76,1,75
112900096,516,145,371
112900097,47,84,-37
112900098,49,0,49
112900099,818,33,785
112900100,63,0,63
112900101,340,4,336
112900102,86,24,62
112900103,191,6,185
112900104,75,2,73
112900105,22,0,22
112900106,331,85,246
112900107,5,0,5
112900108,9,0,9
112900109,130,0,130
112900110,1404,21,1383
112900111,707,2,705
112900112,280,2,278
112900113,0,17,-17
112900114,194,7,187
112900115,1476,1,1475
112900116,114,42,72
112900117,48,21,27
112900118,5,62,-57
112900119,134,5,129
112900120,314,138,176
112900121,16,55,-39
112900122,5,48,-43
112900123,87,16,71
112900124,11,59,-48
112900125,18,235,-217
112900126,101,70,31
112900127,344,109,235
112900128,68,271,-203
112900129,0,339,-339
112900130,138,37,101
112900131,8,87,-79
112900132,49,194,-145
112900133,16,402,-386
112900134,0,81,-81
112900135,100,39,61
112900137,0,188,-188
112900138,3,82,-79
112900139,103,379,-276
112900141,642,20,622
112900142,65,189,-124
112900143,11,190,-179
112900144,1,97,-96
112900145,43,239,-196
112900146,0,302,-302
112900147,5,432,-427
112900148,42,1,41
112900149,142,225,-83
112900151,4,20,-16
112900152,1729,353,1376
112900153,694,2019,-1325
112900154,0,38,-38
112900155,201,12,189
112900156,299,515,-216
112900157,436,41,395
112900158,84,4,80
112900159,110,119,-9
112900160,40,141,-101
112900161,93,37,56
112900162,8,13,-5
112900163,27,43,-16
112900164,30,96,-66
112900165,83,26,57
112900166,8,41,-33
112900167,2,61,-59
112900168,0,0,0
112900169,8,10,-2
112900170,59,18,41
112900172,32,13,19
112900173,77,63,14
112900174,192,39,153
112900175,79,117,-38
112900176,7,25,-18
112900177,126,35,91
112900178,538,1758,-1220
112900179,23,211,-188
112900180,1276,862,414
112900181,516,5,511
112900182,30,310,-280
112900183,51,131,-80
112900184,220,338,-118
112900185,66,363,-297
112900186,522,845,-323
112900187,55,455,-400
112900188,420,1587,-1167
112900189,5,3,2
112900190,6,2,4
112900192,461,458,3
112900193,758,254,504
112900194,47,20,27
112900195,526,45,481
112900196,252,183,69
112900197,82,188,-106
112900199,618,232,386
112900200,409,64,345
112900201,166,65,101
112900202,484,338,146
112900203,323,79,244
112900204,515,412,103
112900205,14,17,-3
112900206,20,118,-98
112900207,16,0,16
112900208,57,217,-160
112900209,210,215,-5
112900210,0,61,-61
112900211,70,6,64
112900212,0,41,-41
112900213,45,2,43
112900214,13,8,5
112900215,9,61,-52
112900216,7,22,-15
112900217,0,79,-79
112900218,75,20,55
112900219,94,6,88
112900220,2,0,2
112900221,49,73,-24
112900222,0,21,-21
112900223,746,29,717
112900224,289,153,136
112900225,389,147,242
112900226,114,136,-22
112900227,780,381,399
112900228,60,36,24
112900229,323,15,308
112900230,4162,1909,2253
112900232,273,246,27
112900233,72,72,0
112900234,9,15,-6
112900235,51,16,35
112900236,257,5,252
112900237,181,54,127
112900238,7,6,1
112900239,344,420,-76
112900240,3,9,-6
112900241,3,27,-24
112900242,4,30,-26
112900243,8,34,-26
112900244,8,27,-19
112900245,0,19,-19
112900246,0,3,-3
112900247,25,6,19
112900248,5,2,3
112900249,19,3,16
112900250,46,4,42
112900251,40,3,37
112900252,41,0,41
112900253,31,4,27
112900254,20,6,14
112900255,5,16,-11
112900256,2,31,-29
112900257,9,37,-28
112900258,0,1,-1
113000001,4407,3478,929
113000002,2465,2255,210
113000003,1243,1060,183
113000004,847,1337,-490
113000005,1295,853,442
113000006,744,916,-172
113000007,1893,839,1054
113000008,1298,1015,283
113000009,956,450,506
113000010,803,693,110
113000011,634,554,80
113000012,1231,408,823
113000013,717,470,247
113000014,608,837,-229
113000015,134,110,24
113000016,196,482,-286
113000017,26,204,-178
113000018,234,32,202
113000019,85,139,-54
113000020,333,46,287
113000021,884,389,495
113000022,546,859,-313
113000025,60,185,-125
113000026,349,385,-36
113000027,282,654,-372
113000028,325,767,-442
113000029,646,547,99
113000030,146,221,-75
113000031,96,166,-70
113000032,172,250,-78
113000033,100,310,-210
113000034,112,143,-31
113000035,15,21,-6
113000036,6,18,-12
113000037,35,17,18
113000038,16,29,-13
113000039,26,204,-178
113000040,28,62,-34
113000042,459,294,165
113000051,607,1432,-825
113000052,1566,439,1127
113000053,388,195,193
113000054,302,323,-21
113000055,1008,273,735
113000056,1088,649,439
113000058,428,586,-158
113000059,661,272,389
113000060,253,332,-79
113000061,386,523,-137
113000062,314,225,89
113000063,256,65,191
113000064,54,92,-38
113000065,125,288,-163
113000066,676,95,581
113000067,2131,653,1478
113000068,367,435,-68
113000069,381,396,-15
113000070,1999,615,1384
113000071,320,266,54
113000072,774,293,481
113000073,233,1019,-786
113000074,627,302,325
113000075,1168,606,562
113000076,436,2008,-1572
113000077,449,609,-160
113000078,346,1400,-1054
113000079,279,765,-486
113000080,378,578,-200
113000081,424,536,-112
113000082,533,460,73
113000083,365,571,-206
113000084,1123,649,474
113000085,611,458,153
113000086,604,630,-26
113000087,567,790,-223
113000088,1311,848,463
113000089,630,1220,-590
113000090,164,452,-288
113000091,202,292,-90
113000094,897,210,687
113000095,186,426,-240
113000096,61,538,-477
113000097,767,328,439
113000098,86,34,52
113000099,654,335,319
113000100,92,334,-242
113000101,163,459,-296
113000102,473,441,32
113000103,1192,255,937
113000104,472,1827,-1355
113000105,643,233,410
113000106,241,176,65
113000107,835,669,166
113000108,472,543,-71
113000109,455,847,-392
113000110,1663,299,1364
113000111,158,509,-351
113000112,267,202,65
113000113,748,257,491
113000114,153,975,-822
113000116,369,172,197
113000117,594,80,514
113000118,36,391,-355
113000119,241,182,59
113000120,54,287,-233
113000121,250,620,-370
113000124,171,67,104
113000125,35,619,-584
113000127,1133,150,983
113000128,670,204,466
113000129,314,414,-100
113000133,1314,512,802
113000134,3,778,-775
113000135,2809,3172,-363
113000137,736,2567,-1831
113000139,132,163,-31
113000140,25,95,-70
113000141,64,87,-23
113000142,135,509,-374
113000143,174,101,73
113000144,146,262,-116
113000145,107,78,29
113000146,62,24,38
113000147,105,57,48
113000148,192,42,150
113000149,101,113,-12
113000150,358,219,139
113000151,44,21,23
113000152,41,114,-73
113000153,604,214,390
113000154,407,981,-574
113000155,228,400,-172
113000156,117,176,-59
113000157,160,350,-190
113000158,469,173,296
113000159,590,412,178
113000160,394,366,28
113000161,260,163,97
113000162,651,222,429
113000163,75,19,56
113000164,21,35,-14
113000166,130,62,68
113000167,33,47,-14
113000168,71,60,11
113000169,240,39,201
113000170,74,66,8
113000171,26,41,-15
113000172,250,40,210
113000173,54,32,22
113000174,92,126,-34
113000175,354,57,297
113000176,330,62,268
113000177,108,149,-41
113000178,77,170,-93
113000179,212,113,99
113000180,427,806,-379
113000181,1029,607,422
113000182,98,211,-113
113000183,86,345,-259
113000184,3,48,-45
113000189,212,411,-199
113000190,153,212,-59
113000192,484,3337,-2853
113000193,1272,2696,-1424
113000194,474,1555,-1081
113000195,788,1796,-1008
113000196,209,49,160
113000197,711,1276,-565
113000198,68,169,-101
113000199,943,214,729
113000201,146,357,-211
113000202,4804,687,4117
113000203,66,179,-113
113000204,349,2976,-2627
113000205,5,9,-4
113000206,9,34,-25
113000207,39,6,33
113000208,32,26,6
113000209,7,10,-3
113000210,3,28,-25
113000211,91,256,-165
113000212,30,41,-11
113000213,23,125,-102
113000214,93,208,-115
113000234,130,475,-345
113000410,56,172,-116
113000411,1129,1982,-853
113000412,2847,1280,1567
113000413,702,2141,-1439
113000414,2202,7740,-5538
113000415,1082,1080,2
113000416,2480,1857,623
113000417,1006,1292,-286
113000418,3047,2843,204
113000419,870,1353,-483
113000420,2146,4042,-1896
113000421,2662,4769,-2107
113000422,5624,6554,-930
113000423,936,3820,-2884
113000424,1276,6956,-5680
113000425,3,56,-53
113000428,9,29,-20
113000430,3,77,-74
113000432,1705,120,1585
113000433,54,304,-250
113000434,26,59,-33
113000435,19,129,-110
113000436,10,348,-338
113000437,960,28,932
113000438,325,6,319
113000439,11,44,-33
113000440,103,28,75
113000441,213,115,98
113000442,107,45,62
113000443,234,66,168
113000444,189,45,144
113000445,65,59,6
113000446,48,57,-9
113000448,417,126,291
113000449,103,474,-371
113000450,381,1159,-778
113000451,1461,169,1292
113000452,60,318,-258
113000453,34,385,-351
113000454,194,88,106
113000455,30,777,-747
113000456,1488,1711,-223
113000468,684,63,621
113000469,29,54,-25
113000470,254,11,243
113000471,8,162,-154
113000472,54,144,-90
113000474,921,529,392
113000475,927,757,170
113000476,1303,1392,-89
113000477,2950,1241,1709
113000478,2332,2164,168
113000479,80,72,8
113000485,0,0,0
113000486,0,0,0
113000487,0,0,0
113000488,0,0,0
113000489,0,1,-1
113000490,0,0,0
113000491,3,2,1
113000492,1,0,1
113000493,0,0,0
113000495,157,74,83
113000496,117,66,51
113000497,0,0,0
113000499,0,0,0
113900001,6,418,-412
113900002,0,24,-24
113900003,0,43,-43
113900004,0,86,-86
113900005,2,152,-150
113900006,0,17,-17
113900007,39,25,14
113900008,17,0,17
113900009,32,0,32
113900010,23,0,23
113900011,71,0,71
113900012,20,2,18
113900013,39,2,37
113900014,390,1,389
113900015,0,19,-19
113900016,35,0,35
113900017,2,48,-46
113900018,140,186,-46
113900019,100,12,88
113900020,140,2,138
113900022,32,1,31
113900023,31,1,30
113900024,50,17,33
113900025,91,6,85
113900026,39,0,39
113900027,5,63,-58
113900028,37,217,-180
113900029,70,72,-2
113900030,253,5,248
113900031,15,1,14
113900032,33,0,33
113900033,70,21,49
113900035,39,0,39
113900036,15,80,-65
113900037,150,149,1
113900038,26,92,-66
113900039,134,17,117
113900040,11,26,-15
113900041,12,9,3
113900042,42,11,31
113900043,121,53,68
113900044,172,238,-66
113900045,34,1,33
113900046,189,483,-294
113900047,20,79,-59
113900048,53,85,-32
113900049,201,208,-7
113900050,179,218,-39
113900051,132,138,-6
113900052,49,49,0
113900053,516,481,35
113900054,6,0,6
113900055,63,237,-174
113900056,29,114,-85
113900057,3,33,-30
113900058,72,50,22
113900059,156,179,-23
113900060,35,60,-25
113900061,268,125,143
113900062,67,21,46
113900063,54,49,5
113900064,22,70,-48
113900065,332,10,322
113900066,329,96,233
113900067,125,43,82
113900068,328,402,-74
113900069,35,14,21
113900070,68,175,-107
113900071,38,22,16
113900072,40,57,-17
113900073,333,245,88
113900074,78,75,3
113900075,704,1124,-420
113900076,95,8,87
113900077,33,95,-62
113900078,13,23,-10
113900079,0,12,-12
113900080,416,122,294
113900081,50,69,-19
113900082,86,98,-12
113900083,338,98,240
113900084,185,83,102
113900085,37,118,-81
113900086,36,3,33
113900087,89,49,40
113900088,64,72,-8
113900089,254,33,221
113900090,403,218,185
113900091,23,8,15
113900092,14,49,-35
113900093,38,619,-581
113900094,330,124,206
113900095,76,106,-30
113900096,170,37,133
113900097,11,20,-9
113900098,732,71,661
113900099,3,15,-12
113900100,0,0,0
113900101,6,38,-32
113900102,52,103,-51
113900103,173,221,-48
113900104,106,222,-116
113900105,119,34,85
113900106,1,8,-7
113900107,2,6,-4
113900108,86,167,-81
113900109,187,194,-7
113900110,39,8,31
113900111,210,92,118
113900112,94,32,62
113900113,612,250,362
113900114,0,13,-13
113900115,0,21,-21
113900116,52,129,-77
113900117,25,12,13
113900118,115,190,-75
113900119,75,358,-283
113900120,79,29,50
113900121,60,28,32
113900122,245,1890,-1645
113900123,349,142,207
113900124,1,31,-30
113900125,416,73,343
113900126,57,46,11
113900127,223,512,-289
113900128,118,34,84
113900129,3,156,-153
113900130,0,86,-86
113900131,170,25,145
113900132,36,61,-25
113900133,4,18,-14
113900135,251,166,85
113900136,74,38,36
113900137,267,258,9
113900138,27,139,-112
113900139,115,124,-9
113900140,39,258,-219
113900141,380,98,282
113900142,75,21,54
113900143,4,18,-14
113900144,56,193,-137
113900145,239,77,162
113900146,132,18,114
113900148,62,218,-156
113900149,100,33,67
113900150,184,243,-59
113900151,231,81,150
113900152,20,23,-3
113900153,56,336,-280
113900154,0,66,-66
113900155,77,136,-59
113900156,184,211,-27
113900157,20,213,-193
113900158,101,207,-106
113900159,7,180,-173
113900160,207,227,-20
113900161,67,166,-99
113900162,118,372,-254
113900163,109,195,-86
113900164,306,24,282
113900165,379,203,176
113900166,32,81,-49
113900167,260,13,247
113900168,43,61,-18
113900169,103,199,-96
113900171,140,24,116
113900172,5,31,-26
113900173,14,227,-213
113900174,364,335,29
113900175,205,82,123
113900176,139,160,-21
113900177,244,98,146
113900178,155,97,58
113900179,23,174,-151
113900180,90,73,17
113900181,474,110,364
113900182,485,435,50
113900183,42,54,-12
113900184,7,196,-189
113900185,87,57,30
113900186,37,9,28
113900187,20,67,-47
113900188,20,64,-44
113900189,236,123,113
113900190,93,43,50
113900191,48,57,-9
113900192,1,296,-295
113900193,15,75,-60
113900194,626,376,250
113900195,142,235,-93
113900196,3,62,-59
113900197,0,53,-53
113900198,15,276,-261
113900199,43,314,-271
113900200,6,74,-68
113900201,0,58,-58
113900202,15,130,-115
113900203,0,25,-25
113900204,15,198,-183
113900205,1,91,-90
113900206,3,83,-80
113900207,0,17,-17
113900208,0,19,-19
113900209,0,25,-25
113900210,232,422,-190
113900211,93,36,57
113900212,147,182,-35
113900214,235,274,-39
113900215,117,39,78
113900216,88,206,-118
113900217,81,108,-27
113900218,91,57,34
113900219,73,341,-268
113900220,103,106,-3
113900221,172,150,22
113900222,80,339,-259
113900223,138,243,-105
113900224,31,37,-6
113900225,142,61,81
113900226,202,72,130
113900227,265,112,153
113900228,131,358,-227
113900229,21,559,-538
113900230,1329,2004,-675
113900231,94,71,23
113900232,97,30,67
113900233,65,32,33
113900234,278,244,34
113900235,74,24,50
113900236,264,149,115
113900237,143,13,130
113900238,155,366,-211
113900239,22,115,-93
113900240,8,171,-163
113900241,61,41,20
113900242,29,107,-78
113900243,32,224,-192
113900244,95,108,-13
113900245,455,203,252
113900246,9,22,-13
113900247,80,390,-310
113900248,1196,1089,107
113900249,278,333,-55
113900250,21,149,-128
113900251,646,87,559
113900252,449,9,440
113900253,476,29,447
113900254,503,79,424
113900255,367,6,361
113900256,230,18,212
113900257,10,242,-232
113900258,13,156,-143
113900259,496,64,432
113900260,192,14,178
113900261,11,30,-19
113900262,84,199,-115
113900263,51,271,-220
113900264,1,177,-176
113900265,51,208,-157
113900266,24,92,-68
113900267,73,464,-391
113900268,164,284,-120
113900269,68,76,-8
113900270,96,428,-332
113900271,492,352,140
113900273,19,7,12
113900274,32,24,8
113900275,13,35,-22
113900276,1,61,-60
113900277,149,1,148
113900278,132,118,14
113900279,20,23,-3
113900280,1028,410,618
113900281,263,965,-702
113900282,235,367,-132
113900283,293,351,-58
113900284,624,80,544
113900285,99,21,78
113900286,29,28,1
113900287,37,40,-3
113900288,0,68,-68
113900289,232,55,177
113900290,83,148,-65
113900291,41,74,-33
113900292,3,3,0
113900293,0,90,-90
113900294,411,14,397
113900295,240,219,21
113900296,943,277,666
113900297,1642,25,1617
113900298,16,663,-647
113900299,95,41,54
113900300,2276,2607,-331
113900301,445,225,220
113900302,1009,704,305
113900303,170,371,-201
113900304,1,69,-68
113900305,105,0,105
113900306,54,0,54
113900307,2,0,2
113900308,44,58,-14
113900309,1,145,-144
113900310,2,4,-2
113900311,6,1,5
113900312,124,165,-41
113900313,4,1,3
114000001,599,1191,-592
114000002,255,159,96
114000003,35,101,-66
114000004,255,128,127
114000005,147,64,83
114000006,832,817,15
114000007,362,578,-216
114000008,805,1265,-460
114000009,648,129,519
114000011,2194,1255,939
114000012,2339,856,1483
114000013,1260,719,541
114000014,287,72,215
114000015,1300,139,1161
114000016,160,89,71
114000017,77,240,-163
114000018,75,17,58
114000026,1811,533,1278
114000027,2999,1308,1691
114000028,1474,2026,-552
114000038,135,70,65
114000039,36,17,19
114000040,116,122,-6
114000042,113,86,27
114000043,35,26,9
114000044,239,11,228
114000045,17,18,-1
114000046,1301,2349,-1048
114000047,6,49,-43
114000048,52,36,16
114000049,891,809,82
114000050,941,986,-45
114000051,1649,1283,366
114000052,2341,1393,948
114000053,38,448,-410
114000054,80,387,-307
114000055,117,10,107
114000056,179,877,-698
114000057,2535,1377,1158
114000058,82,632,-550
114000059,37,252,-215
114000060,262,445,-183
114000061,1355,1908,-553
114000062,417,1279,-862
114000063,929,778,151
114000064,1452,1966,-514
114000065,792,1349,-557
114000066,309,416,-107
114000067,14,484,-470
114000068,236,419,-183
114000069,502,258,244
114000070,1375,1223,152
114000071,384,260,124
114000072,266,83,183
114000073,5,13,-8
114000074,68,22,46
114000075,61,25,36
114000076,14,16,-2
114000077,5,7,-2
114000078,149,169,-20
114000079,145,14,131
114000080,28,66,-38
114000081,47,40,7
114000082,26,140,-114
114000083,84,48,36
114000084,203,48,155
114000085,57,221,-164
114000086,114,92,22
114000087,96,35,61
114000088,17,23,-6
114000089,221,123,98
114000090,593,557,36
114000091,646,544,102
114000092,432,224,208
114000093,844,351,493
114000094,246,198,48
114000095,137,114,23
114000096,45,107,-62
114000097,91,197,-106
114000098,399,47,352
114000099,478,158,320
114000100,1294,313,981
114000101,303,212,91
114000102,501,201,300
114000103,91,126,-35
114000104,10,95,-85
114000105,91,66,25
114000106,439,944,-505
114000107,349,65,284
114000108,512,501,11
114000109,374,1001,-627
114000110,371,572,-201
114000111,1524,672,852
114000112,393,997,-604
114000113,1060,405,655
114000114,535,628,-93
114000115,1637,782,855
114000116,670,1905,-1235
114000117,2948,385,2563
114000118,2356,399,1957
114000119,1762,365,1397
114000120,401,436,-35
114000121,393,573,-180
114000122,322,201,121
114000123,1466,282,1184
114000124,659,206,453
114000125,687,600,87
114000126,1240,154,1086
114000127,189,75,114
114000128,582,161,421
114000130,348,348,0
114000131,219,38,181
114000132,326,213,113
114000133,296,466,-170
114000134,30,30,0
114000138,23,68,-45
114000139,244,279,-35
114000144,490,487,3
114000145,39,50,-11
114000146,51,61,-10
114000147,1089,1894,-805
114000148,982,1219,-237
114000149,189,188,1
114000150,173,335,-162
114000151,376,1251,-875
114000152,39,31,8
114000153,280,1004,-724
114000154,328,267,61
114000155,701,1645,-944
114000156,554,382,172
114000157,199,918,-719
114000158,590,444,146
114000159,89,250,-161
114000160,37,274,-237
114000161,682,1977,-1295
114000162,874,1966,-1092
114000163,6,13,-7
114000165,389,299,90
114000166,371,249,122
114000167,1444,866,578
114000168,298,276,22
114000169,801,1211,-410
114000170,766,997,-231
114000171,978,4164,-3186
114000174,109,227,-118
114000176,242,350,-108
114000177,752,403,349
114000178,50,22,28
114000179,664,577,87
114000180,194,346,-152
114000181,1227,3068,-1841
114000182,894,1479,-585
114000183,383,545,-162
114000184,1402,437,965
114000185,941,510,431
114000189,982,112,870
114000190,2649,342,2307
114000191,52,95,-43
114000192,63,648,-585
114000193,248,987,-739
114000194,1029,507,522
114000195,150,46,104
114000196,0,65,-65
114000197,1580,29,1551
114000198,414,228,186
114000199,1057,1392,-335
114000200,365,497,-132
114000201,96,307,-211
114000202,556,285,271
114000203,384,382,2
114000204,178,258,-80
114000205,103,604,-501
114000206,505,810,-305
114000207,316,617,-301
114000208,326,888,-562
114000209,256,895,-639
114000210,100,450,-350
114000211,991,810,181
114000212,536,528,8
114000213,1148,350,798
114000214,43,55,-12
114000215,125,36,89
114000216,1085,153,932
114000217,370,107,263
114000218,111,76,35
114000219,1004,93,911
114000220,20,294,-274
114000221,652,111,541
114000222,95,379,-284
114000223,469,91,378
114000224,29,248,-219
114000225,212,197,15
114000226,188,168,20
114000227,610,272,338
114000228,662,315,347
114000229,1078,652,426
114000230,1179,508,671
114000231,755,941,-186
114000232,660,112,548
114000233,2019,78,1941
114000234,889,487,402
114000235,830,789,41
114000236,0,181,-181
114000237,103,392,-289
114000238,73,189,-116
114000239,108,509,-401
114000240,547,590,-43
114000241,212,476,-264
114000242,476,374,102
114000243,1262,583,679
114000244,408,218,190
114000245,355,549,-194
114000246,88,32,56
114000247,401,302,99
114000248,944,429,515
114000249,353,235,118
114000250,441,240,201
114000251,338,123,215
114000252,37,16,21
114000253,29,30,-1
114000254,38,35,3
114000255,239,119,120
114000256,264,1456,-1192
114000257,196,507,-311
114000258,228,149,79
114000259,52,120,-68
114000260,0,19,-19
114000261,35,18,17
114000262,137,47,90
114000263,3,1,2
114000264,728,179,549
114000265,0,0,0
114000267,1,1015,-1014
114000268,1,431,-430
114000270,248,14,234
114000271,188,33,155
114000283,1006,217,789
114000285,14,64,-50
114000288,91,126,-35
114000289,1066,74,992
114000293,155,276,-121
114000294,149,152,-3
114000395,800,17,783
114000396,448,489,-41
114000402,540,133,407
114000403,257,136,121
114000405,168,174,-6
114000423,346,161,185
114000424,302,57,245
114000425,714,117,597
114000426,220,568,-348
114000427,74,34,40
114000428,91,147,-56
114000429,7,82,-75
114000432,63,35,28
114000434,8,35,-27
114000435,1,60,-59
114900001,408,274,134
114900002,248,64,184
114900003,567,340,227
114900004,146,283,-137
114900005,403,215,188
114900006,60,50,10
114900007,268,29,239
114900008,109,76,33
114900010,612,1203,-591
114900011,141,93,48
114900013,217,112,105
114900015,57,382,-325
114900018,690,35,655
114900020,120,30,90
114900022,17,285,-268
114900024,152,51,101
114900025,342,113,229
114900026,69,79,-10
114900027,110,88,22
114900029,89,11,78
114900030,151,95,56
114900031,279,24,255
114900032,329,7,322
114900033,352,709,-357
114900034,34,48,-14
114900035,88,144,-56
114900036,69,181,-112
114900037,63,40,23
114900038,113,175,-62
114900039,339,151,188
114900040,66,40,26
114900041,766,136,630
114900042,855,147,708
114900043,227,73,154
114900044,102,28,74
114900046,25,35,-10
114900047,152,1750,-1598
114900048,54,143,-89
114900049,18,102,-84
114900050,34,98,-64
114900051,9,102,-93
114900052,23,142,-119
114900053,37,170,-133
114900054,20,29,-9
114900057,162,17,145
114900058,0,39,-39
114900059,59,59,0
114900060,232,470,-238
114900061,56,24,32
114900062,94,144,-50
114900063,40,32,8
114900064,1353,106,1247
114900065,370,416,-46
114900067,17,184,-167
114900068,15,95,-80
114900069,109,66,43
114900070,372,130,242
114900072,3,131,-128
114900073,0,63,-63
114900074,543,177,366
114900075,236,1,235
114900076,2,131,-129
114900080,729,155,574
114900082,1458,1737,-279
114900083,385,555,-170
114900090,212,136,76
114900091,90,96,-6
114900095,142,36,106
114900096,199,241,-42
114900097,153,0,153
114900098,0,67,-67
114900099,164,6,158
115000001,2722,1428,1294
115000002,3092,3888,-796
115000003,2543,1182,1361
115000004,3699,4143,-444
115000005,1112,1133,-21
115000006,911,975,-64
115000007,271,142,129
115000008,292,336,-44
115000009,202,156,46
115000010,194,122,72
115000013,22,102,-80
115000015,22,200,-178
115000016,26,165,-139
115000019,33,303,-270
115000020,87,740,-653
115000021,161,286,-125
115000022,427,221,206
115000023,223,429,-206
115000024,594,241,353
115000025,606,451,155
115000026,136,201,-65
115000027,186,212,-26
115000028,103,369,-266
115000029,542,55,487
115000030,490,683,-193
115000031,825,145,680
115000032,9,157,-148
115000033,115,36,79
115000034,52,701,-649
115000035,748,32,716
115000036,3,225,-222
115000037,378,8,370
115000038,25,129,-104
115000039,2119,2184,-65
115000040,2204,1601,603
115000041,1172,2835,-1663
115000042,288,424,-136
115000043,3198,1957,1241
115000044,2353,1915,438
115000045,1504,627,877
115000046,2332,1683,649
115000047,1997,829,1168
115000048,1345,1027,318
115000049,861,1527,-666
115000050,2267,1039,1228
115000051,1237,2418,-1181
115000052,979,937,42
115000053,1609,1446,163
115000054,386,522,-136
115000055,147,711,-564
115000056,209,487,-278
115000057,448,805,-357
115000058,317,274,43
115000059,287,108,179
115000061,80,141,-61
115000062,128,175,-47
115000063,212,211,1
115000064,160,57,103
115000065,41,341,-300
115000067,140,12,128
115000069,61,159,-98
115000070,23,538,-515
115000071,65,8,57
115000072,20,32,-12
115000073,1093,35,1058
115000075,60,32,28
115000076,1630,1276,354
115000077,1544,896,648
115000078,1058,549,509
115000079,924,746,178
115000080,1811,963,848
115000081,321,468,-147
115000082,3137,2717,420
115000083,1467,898,569
115000084,2177,783,1394
115000085,602,426,176
115000086,865,368,497
115000087,395,847,-452
115000088,1357,435,922
115000089,963,668,295
115000090,264,491,-227
115000091,169,369,-200
115000092,610,317,293
115000093,540,2,538
115000094,3511,4178,-667
115000095,2725,4609,-1884
115000096,681,708,-27
115000097,1132,657,475
115000098,1100,384,716
115000099,2138,1327,811
115000100,1009,247,762
115000101,359,713,-354
115000102,433,191,242
115000103,208,313,-105
115000105,54,75,-21
115000106,604,247,357
115000107,171,186,-15
115000108,1401,1223,178
115000109,2277,3738,-1461
115000110,939,1256,-317
115000111,381,786,-405
115000112,541,537,4
115000113,402,443,-41
115000114,901,337,564
115000116,1749,1323,426
115000117,1580,1680,-100
115000118,1407,1299,108
115000119,1061,1339,-278
115000120,331,988,-657
115000121,612,592,20
115000122,808,1002,-194
115000123,544,1508,-964
115000124,506,749,-243
115000125,284,472,-188
115000126,74,193,-119
115000127,250,64,186
115000128,177,718,-541
115000129,161,279,-118
115000130,288,281,7
115000131,572,175,397
115000132,228,117,111
115000133,443,123,320
115000134,206,136,70
115000135,141,92,49
115000136,180,174,6
115000137,75,97,-22
115000138,385,177,208
115000139,194,102,92
115000140,386,131,255
115000141,161,93,68
115000142,150,101,49
115000143,859,416,443
115000144,413,53,360
115000145,238,173,65
115000146,421,283,138
115000147,208,194,14
115000148,189,389,-200
115000149,503,166,337
115000150,403,325,78
115000151,862,330,532
115000152,329,309,20
115000153,826,303,523
115000154,643,140,503
115000155,371,392,-21
115000156,634,492,142
115000157,224,487,-263
115000158,172,214,-42
115000159,334,412,-78
115000160,247,235,12
115000161,134,255,-121
115000162,398,573,-175
115000163,405,482,-77
115000164,497,524,-27
115000165,244,379,-135
115000167,96,39,57
115000168,280,285,-5
115000169,271,356,-85
115000170,47,130,-83
115000171,170,215,-45
115000172,448,455,-7
115000173,142,401,-259
115000174,47,227,-180
115000175,116,52,64
115000176,40,45,-5
115000177,38,53,-15
115000178,10,92,-82
115000179,12,11,1
115000180,75,223,-148
115000181,520,96,424
115000182,807,163,644
115000183,294,312,-18
115000186,500,141,359
115000187,162,406,-244
115000188,279,419,-140
115000189,135,332,-197
115000190,473,287,186
115000191,108,370,-262
115000194,69,64,5
115000195,134,215,-81
115000196,178,57,121
115000197,163,101,62
115000198,309,71,238
115000199,317,86,231
115000200,232,80,152
115000201,129,134,-5
115000206,298,21,277
115000207,155,147,8
115000208,167,382,-215
115000209,345,196,149
115000210,84,58,26
115000211,171,153,18
115000212,705,185,520
115000224,181,42,139
115000225,35,50,-15
115000229,110,50,60
115000230,53,221,-168
115000231,216,612,-396
115000232,1322,183,1139
115000233,54,83,-29
115000234,20,196,-176
115000241,64,110,-46
115000242,111,112,-1
115000243,37,67,-30
115000244,21,64,-43
115000246,86,11,75
115000247,15,13,2
115000248,33,19,14
115000249,14,4,10
115000250,212,20,192
115000251,210,28,182
115000252,72,105,-33
115000253,20,259,-239
115000258,223,45,178
115000259,203,71,132
115000261,56,13,43
115000262,8,18,-10
115000263,7,32,-25
115000264,34,26,8
115000267,43,63,-20
115000268,48,80,-32
115000269,59,30,29
115000270,9,30,-21
115000272,65,60,5
115000273,394,32,362
115000280,1185,126,1059
115000281,151,460,-309
115000282,436,389,47
115000284,116,93,23
115000296,956,6,950
115000297,36,100,-64
115000298,31,287,-256
115000300,193,111,82
115000302,467,55,412
115000303,617,48,569
115000304,477,44,433
115000305,48,200,-152
115000306,122,83,39
115000307,73,101,-28
115000308,12,10,2
115000309,12,53,-41
115000310,988,345,643
115000311,1062,798,264
115000313,50,186,-136
115000314,368,103,265
115000315,456,501,-45
115000316,107,90,17
115000317,109,305,-196
115000318,587,189,398
115000319,26,157,-131
115000320,17,231,-214
115000321,203,36,167
115000322,39,113,-74
115000449,83,86,-3
115000557,2,1032,-1030
115000558,311,53,258
115000587,478,155,323
115000588,1275,1350,-75
115000589,2602,1539,1063
115000590,689,777,-88
115000591,909,444,465
115000592,273,1166,-893
115000593,992,437,555
115000594,281,1899,-1618
115000609,183,133,50
115000617,364,1819,-1455
115000624,262,39,223
115000633,269,934,-665
115000634,2139,468,1671
115000635,409,118,291
115000638,291,276,15
115000641,25,123,-98
115000642,198,148,50
115000643,71,208,-137
115000644,95,180,-85
115000646,566,1152,-586
115000647,135,333,-198
115000648,1679,928,751
115000893,1188,971,217
115000894,96,618,-522
115000895,219,753,-534
115000896,823,396,427
115000897,302,71,231
115000898,219,178,41
115000899,175,1036,-861
115000900,45,211,-166
115000901,24,127,-103
115000912,242,47,195
115000913,4,11,-7
115000915,6,0,6
115000916,3,1,2
115000917,0,6,-6
115000918,26,374,-348
115000919,4,6,-2
115000920,7,55,-48
115000921,140,54,86
115000922,362,564,-202
115000923,105,1248,-1143
115000925,92,56,36
115000927,49,30,19
115000933,62,277,-215
115000934,198,103,95
115000935,103,38,65
115000936,17,449,-432
115000937,431,94,337
115000938,55,163,-108
115000939,57,135,-78
115000940,2,7,-5
115000941,1,17,-16
115000942,4,138,-134
115000943,20,27,-7
115000944,1,2,-1
115900001,124,17,107
115900002,62,44,18
115900003,197,29,168
115900004,2,15,-13
115900005,161,4,157
115900006,84,92,-8
115900008,53,5,48
115900009,29,98,-69
115900010,324,61,263
115900011,283,102,181
115900012,204,12,192
115900013,177,105,72
115900014,93,60,33
115900015,129,30,99
115900016,47,15,32
115900017,13,14,-1
115900018,91,20,71
115900019,79,5,74
115900020,85,7,78
115900021,414,138,276
115900022,438,2,436
115900023,12,11,1
115900025,36,119,-83
115900026,428,73,355
115900027,0,61,-61
115900028,278,36,242
115900029,4,176,-172
115900030,28,19,9
115900031,120,171,-51
115900032,280,357,-77
115900033,0,21,-21
115900034,39,76,-37
115900035,25,7,18
115900036,18,789,-771
115900037,27,124,-97
115900038,48,24,24
115900039,104,80,24
115900041,187,506,-319
115900042,21,8,13
115900043,93,27,66
115900044,104,161,-57
115900046,386,73,313
115900047,93,138,-45
115900049,90,90,0
115900051,5,18,-13
115900052,5,101,-96
115900053,208,54,154
115900054,281,6,275
115900055,19,64,-45
115900056,127,66,61
115900057,15,19,-4
115900058,18,35,-17
115900060,34,51,-17
115900061,146,1,145
115900062,24,110,-86
115900063,36,5,31
115900064,115,156,-41
115900065,114,32,82
115900066,60,38,22
115900067,8,165,-157
115900068,1158,747,411
115900069,34,113,-79
115900070,128,34,94
115900071,1,108,-107
115900072,31,57,-26
115900073,79,106,-27
115900074,3,114,-111
115900075,24,94,-70
115900076,1,23,-22
115900077,5,69,-64
115900078,21,72,-51
115900079,188,11,177
115900080,131,74,57
115900081,12,29,-17
115900082,58,66,-8
115900084,364,8,356
115900085,20,37,-17
115900086,689,313,376
115900088,7,63,-56
115900089,377,233,144
115900090,368,4,364
115900091,1,16,-15
115900092,26,51,-25
115900093,15,6,9
115900094,3,76,-73
115900096,0,2,-2
115900097,3,103,-100
115900098,201,142,59
115900099,30,22,8
115900100,17,140,-123
115900101,145,77,68
115900102,59,26,33
115900103,241,81,160
115900104,74,36,38
115900105,184,157,27
115900106,69,10,59
115900107,62,43,19
115900108,119,22,97
115900109,16,104,-88
115900110,5,7,-2
115900111,2,55,-53
115900112,36,337,-301
115900113,62,10,52
115900114,1,62,-61
115900115,93,69,24
115900116,47,303,-256
115900117,62,3,59
115900118,2,90,-88
115900119,77,63,14
115900120,15,88,-73
115900121,139,68,71
115900124,168,494,-326
115900125,226,28,198
115900126,508,83,425
115900127,504,24,480
115900128,1,39,-38
115900129,369,51,318
115900130,13,176,-163
115900131,225,25,200
115900132,673,4,669
115900134,279,19,260
115900135,252,752,-500
115900137,74,10,64
115900139,11,51,-40
115900140,242,16,226
115900141,4,19,-15
115900142,4,20,-16
115900143,180,160,20
115900144,135,103,32
115900146,3,27,-24
115900147,165,190,-25
115900148,93,2,91
115900149,82,10,72
115900150,60,21,39
115900151,20,65,-45
115900152,118,146,-28
115900153,92,92,0
115900154,270,229,41
115900155,0,15,-15
115900156,405,543,-138
115900157,141,248,-107
115900158,7,6,1
115900159,111,68,43
115900160,4,5,-1
115900161,29,67,-38
115900163,124,58,66
115900164,381,1,380
115900166,99,47,52
115900168,90,69,21
115900171,69,193,-124
115900172,42,50,-8
115900173,173,58,115
115900174,117,106,11
115900175,123,128,-5
115900178,3,250,-247
115900179,287,2,285
115900180,27,57,-30
115900181,157,48,109
115900182,368,56,312
115900183,7,35,-28
115900184,414,8,406
115900187,9,116,-107
115900189,0,146,-146
115900190,117,770,-653
115900191,9,76,-67
115900192,3,81,-78
115900193,125,75,50
115900194,508,52,456
115900195,269,1649,-1380
115900198,158,165,-7
115900199,215,65,150
115900200,128,90,38
115900201,295,317,-22
115900202,0,31,-31
115900203,3,29,-26
115900204,0,13,-13
115900205,42,18,24
115900206,147,79,68
115900207,34,9,25
115900208,71,40,31
115900209,2,66,-64
115900210,1,79,-78
115900211,1,60,-59
115900212,133,57,76
115900213,61,71,-10
115900214,450,78,372
115900215,18,149,-131
115900216,3,72,-69
115900217,4,13,-9
115900218,3,4,-1
115900219,116,0,116
115900220,192,3,189
115900221,72,3,69
115900222,59,34,25
115900223,5,356,-351
115900224,341,1089,-748
115900225,41,25,16
115900226,18,37,-19
115900227,19,12,7
115900228,6,17,-11
115900229,2,17,-15
115900230,23,60,-37
115900231,89,1,88
115900232,48,3,45
115900233,44,6,38
115900234,34,17,17
115900235,22,40,-18
115900236,12,62,-50
115900237,11,10,1
115900238,24,11,13
115900239,13,17,-4
115900240,18,21,-3
115900241,198,32,166
115900242,152,249,-97
115900243,5,0,5
115900244,5,10,-5
115900245,94,9,85
115900246,2,4,-2
115900247,6,3,3
115900248,4,2,2
115900249,15,4,11
115900250,8,7,1
115900251,0,13,-13
115900252,3,15,-12
115900253,9,9,0
115900254,4,36,-32
115900255,3,19,-16
115900256,11,16,-5
115900257,8,8,0
115900258,0,1,-1
115900259,1,0,1
115900260,9,1,8
115900261,2,0,2
115900262,1,1,0
115900263,7,2,5
115900264,2,2,0
115900265,2,3,-1
115900266,2,5,-3
115900267,3,5,-2
115900268,3,6,-3
115900269,370,92,278
115900270,251,92,159
115900271,114,0,114
115900272,29,2,27
115900273,8,31,-23
115900274,1,1,0
115900275,0,9,-9
115900276,0,5,-5
115900277,1,19,-18
115900278,29,42,-13
115900279,11,124,-113
115900280,7,393,-386
115900281,145,299,-154
115900282,12,30,-18
115900283,24,3,21
115900284,18,3,15
116000001,3898,1770,2128
116000002,3236,9556,-6320
116000003,793,842,-49
116000004,2153,3365,-1212
116000005,771,1969,-1198
116000006,2005,2308,-303
116000007,1309,1291,18
116000008,2819,1926,893
116000009,687,960,-273
116000010,1942,1145,797
116000011,504,849,-345
116000012,1462,791,671
116000013,3554,2651,903
116000014,5426,11993,-6567
116000015,94,1007,-913
116000016,2749,2947,-198
116000017,15,586,-571
116000018,352,200,152
116000019,631,271,360
116000020,467,631,-164
116000021,524,178,346
116000022,285,160,125
116000023,867,612,255
116000024,377,469,-92
116000025,627,592,35
116000026,1145,1896,-751
116000027,416,481,-65
116000028,358,762,-404
116000029,270,464,-194
116000030,428,402,26
116000031,120,192,-72
116000032,225,94,131
116000033,272,304,-32
116000034,479,566,-87
116000035,254,399,-145
116000036,577,1509,-932
116000037,335,321,14
116000038,140,553,-413
116000039,216,549,-333
116000040,293,380,-87
116000041,62,434,-372
116000042,487,282,205
116000043,92,388,-296
116000044,4,27,-23
116000045,1226,1088,138
116000046,714,1131,-417
116000047,1166,1689,-523
116000048,1421,1267,154
116000049,1031,2453,-1422
116000050,1133,860,273
116000051,4106,2464,1642
116000052,4103,3226,877
116000053,1574,522,1052
116000054,732,1802,-1070
116000055,586,609,-23
116000056,707,617,90
116000057,1688,700,988
116000058,2256,1677,579
116000059,1562,2728,-1166
116000060,1220,778,442
116000061,480,773,-293
116000062,314,153,161
116000063,453,1052,-599
116000066,134,467,-333
116000067,148,247,-99
116000068,235,249,-14
116000069,185,190,-5
116000078,421,652,-231
116000080,1329,438,891
116000082,4,23,-19
116000083,1424,246,1178
116000084,883,1429,-546
116000085,1755,1370,385
116000086,820,545,275
116000087,2164,1399,765
116000088,552,434,118
116000089,141,41,100
116000090,116,100,16
116000091,184,306,-122
116000093,500,199,301
116000094,484,287,197
116000095,782,282,500
116000096,617,892,-275
116000097,639,389,250
116000098,69,4421,-4352
116000099,2545,178,2367
116000100,220,13,207
116000101,649,250,399
116000102,194,506,-312
116000103,338,163,175
116000104,148,432,-284
116000105,819,110,709
116000106,209,314,-105
116000107,1511,178,1333
116000108,76,142,-66
116000111,95,29,66
116000113,137,81,56
116000114,30,81,-51
116000115,279,92,187
116000116,162,199,-37
116000117,1251,1106,145
116000118,1196,614,582
116000119,2812,1123,1689
116000120,2093,1591,502
116000121,688,453,235
116000122,800,588,212
116000123,940,342,598
116000124,240,395,-155
116000125,2254,515,1739
116000126,206,656,-450
116000127,554,557,-3
116000128,1469,560,909
116000129,1088,172,916
116000130,546,379,167
116000133,899,603,296
116000134,1120,760,360
116000135,1932,815,1117
116000136,578,963,-385
116000137,917,452,465
116000138,693,559,134
116000139,1160,1711,-551
116000140,108,158,-50
116000141,256,216,40
116000142,1970,1541,429
116000143,1489,1269,220
116000144,1207,1030,177
116000145,1494,682,812
116000146,704,52,652
116000147,177,117,60
116000148,537,618,-81
116000149,472,392,80
116000151,352,313,39
116000153,58,195,-137
116000155,94,182,-88
116000156,293,373,-80
116000157,50,12,38
116000158,338,205,133
116000159,13,18,-5
116000160,12,17,-5
116000161,1,38,-37
116000162,65,83,-18
116000163,30,10,20
116000164,5,34,-29
116000177,102,74,28
116000194,72,299,-227
116000195,882,407,475
116000196,0,0,0
116000197,0,1,-1
116000198,1389,686,703
116000200,337,407,-70
116000201,385,365,20
116000202,6,101,-95
116000203,3,41,-38
116000204,13,41,-28
116000205,0,69,-69
116000206,1,58,-57
116000207,5,29,-24
116000233,132,244,-112
116000287,137,186,-49
116000288,275,118,157
116000292,129,87,42
116000296,7,89,-82
116000297,88,21,67
116000304,124,12,112
116000305,14,32,-18
116000346,0,0,0
116000352,0,0,0
116000354,0,0,0
116000357,0,0,0
116000358,258,51,207
116000361,144,2,142
116000372,2029,4029,-2000
116000381,60,0,60
116000388,3,24,-21
116000389,408,272,136
116000445,413,190,223
116000446,458,181,277
116000447,24,407,-383
116000448,313,88,225
116000563,410,630,-220
116000565,45,127,-82
116000568,43,283,-240
116000579,11,67,-56
116000583,9,5,4
116000584,23,4,19
116000585,16,12,4
116000586,48,43,5
116000587,317,317,0
116000589,29,30,-1
116000590,64,40,24
116000591,199,90,109
116000592,7,17,-10
116000593,0,15,-15
116000594,549,167,382
116000595,446,33,413
116000596,80,5,75
116000597,334,90,244
116000598,15,82,-67
116000605,110,72,38
116000606,49,201,-152
116000607,4,78,-74
116000609,91,792,-701
116000611,145,202,-57
116000612,811,1508,-697
116000613,626,223,403
116000614,267,230,37
116000615,1,354,-353
116000616,45,46,-1
116000617,60,16,44
116000618,4,43,-39
116000619,26,40,-14
116000620,141,69,72
116000621,53,86,-33
116000622,53,81,-28
116000624,158,47,111
116000627,100,12,88
116000628,40,135,-95
116000629,20,134,-114
116000630,421,3,418
116000631,244,15,229
116000632,924,34,890
116000633,128,80,48
116000634,345,33,312
116000635,1513,2134,-621
116000636,380,946,-566
116000637,432,33,399
116000638,98,121,-23
116000640,30,18,12
116000641,9,40,-31
116000644,26,154,-128
116900001,193,85,108
116900002,158,2,156
116900003,41,16,25
116900004,40,51,-11
116900005,249,29,220
116900006,37,75,-38
116900007,111,137,-26
116900008,393,112,281
116900009,10,8,2
116900010,1,354,-353
116900011,6,17,-11
116900012,203,143,60
116900013,4,43,-39
116900014,160,56,104
116900015,383,27,356
116900016,187,2,185
116900017,0,258,-258
116900018,51,25,26
116900019,0,83,-83
116900020,290,956,-666
116900023,33,13,20
116900024,529,21,508
116900025,892,300,592
116900026,53,302,-249
116900027,29,13,16
116900028,8,40,-32
116900029,0,43,-43
116900031,0,0,0
116900032,29,149,-120
116900033,16,3,13
116900034,3,33,-30
116900035,75,91,-16
116900036,3,48,-45
116900038,14,5,9
116900041,34,7,27
116900042,199,146,53
116900043,17,38,-21
116900047,14,131,-117
116900049,8,160,-152
116900050,69,150,-81
116900051,116,37,79
116900052,81,43,38
116900055,0,9,-9
116900057,9,68,-59
116900058,11,177,-166
116900059,0,53,-53
116900060,88,112,-24
116900062,0,17,-17
116900064,63,148,-85
116900065,20,78,-58
116900067,64,20,44
116900068,101,86,15
116900070,5,16,-11
116900072,26,102,-76
116900073,8,35,-27
116900074,2,16,-14
116900076,11,33,-22
116900077,18,56,-38
116900078,137,32,105
116900079,26,74,-48
116900080,9,9,0
116900081,172,583,-411
116900082,313,622,-309
116900083,18,13,5
116900084,56,30,26
116900085,62,95,-33
116900086,27,95,-68
116900088,199,29,170
116900090,34,24,10
116900091,214,10,204
116900092,77,353,-276
116900093,1720,1108,612
116900094,1971,2996,-1025
116900095,119,141,-22
116900096,32,174,-142
116900097,1133,2381,-1248
116900098,475,288,187
116900099,199,472,-273
116900100,775,26,749
116900101,160,302,-142
116900103,8,0,8
116900104,33,67,-34
116900105,203,108,95
116900106,1625,53,1572
116900107,1253,1690,-437
116900110,34,3,31
116900111,583,177,406
116900112,204,280,-76
116900113,536,1440,-904
116900116,64,581,-517
116900117,81,88,-7
116900118,556,800,-244
116900120,391,35,356
116900121,110,14,96
116900122,764,191,573
116900123,230,220,10
116900124,101,506,-405
116900125,328,61,267
116900126,46,365,-319
116900128,0,37,-37
116900129,1,122,-121
116900130,389,2380,-1991
116900131,35,186,-151
116900132,71,57,14
116900133,65,63,2
116900134,160,92,68
116900136,146,128,18
116900137,144,78,66
116900138,103,79,24
116900139,92,212,-120
116900140,108,93,15
116900141,425,225,200
116900142,6,51,-45
116900143,199,148,51
116900144,17,48,-31
116900145,66,122,-56
116900147,259,1028,-769
116900148,7,30,-23
116900149,46,170,-124
116900150,2,9,-7
116900151,45,22,23
116900153,85,58,27
116900154,109,352,-243
116900155,31,58,-27
116900157,417,96,321
116900158,45,192,-147
116900159,33,284,-251
116900160,507,841,-334
116900161,2235,5466,-3231
116900162,5,49,-44
116900163,157,47,110
116900164,50,49,1
116900165,279,359,-80
116900166,40,18,22
116900167,337,33,304
116900168,277,32,245
116900169,219,915,-696
116900170,258,540,-282
116900171,48,38,10
116900172,101,319,-218
116900173,139,19,120
116900174,34,55,-21
116900175,110,276,-166
116900178,26,40,-14
116900179,75,357,-282
116900180,72,25,47
116900182,581,187,394
116900183,129,39,90
116900185,50,115,-65
116900186,51,76,-25
116900187,40,73,-33
116900188,96,33,63
116900189,23,0,23
116900191,228,333,-105
116900192,227,63,164
116900194,107,1263,-1156
116900195,27,53,-26
116900196,5,26,-21
116900197,87,12,75
116900198,48,201,-153
116900200,49,6,43
116900201,75,5,70
116900202,46,20,26
116900203,131,5,126
116900204,23,68,-45
116900206,12,5,7
116900207,9,16,-7
116900208,12,45,-33
116900209,13,39,-26
116900210,487,227,260
116900211,200,5,195
116900212,52,16,36
116900213,163,37,126
116900214,199,72,127
116900215,28,55,-27
116900216,167,94,73
116900218,1,92,-91
116900219,774,187,587
116900220,100,156,-56
116900221,92,162,-70
116900222,390,290,100
116900223,89,169,-80
116900226,61,22,39
116900227,167,36,131
116900228,208,81,127
116900230,40,79,-39
116900231,38,144,-106
116900232,5,127,-122
116900233,182,61,121
116900234,13,6,7
116900235,82,107,-25
116900238,846,151,695
116900239,2,761,-759
116900240,2080,1779,301
116900241,60,28,32
116900242,270,508,-238
116900243,0,8,-8
116900245,26,24,2
116900246,109,7,102
116900247,650,20,630
116900248,59,8,51
116900249,376,30,346
116900250,323,11,312
116900251,192,390,-198
116900252,119,275,-156
116900253,86,29,57
116900254,27,29,-2
116900255,66,62,4
116900256,305,81,224
116900257,7,161,-154
116900258,3,47,-44
116900259,181,4,177
116900260,2,44,-42
116900261,61,4,57
116900262,173,74,99
116900263,1,14,-13
116900264,71,75,-4
116900265,44,1,43
116900266,29,12,17
116900267,4,0,4
116900268,39,43,-4
116900269,157,560,-403
116900271,292,213,79
116900272,214,169,45
116900273,34,132,-98
116900274,88,24,64
116900275,105,28,77
116900276,233,152,81
116900277,167,27,140
116900278,3,3,0
116900279,2,15,-13
116900280,34,15,19
116900281,2122,3623,-1501
116900282,3,17,-14
116900283,12,30,-18
116900284,21,75,-54
116900285,100,133,-33
116900286,84,18,66
116900287,4,8,-4
116900288,81,58,23
116900289,18,3,15
116900290,9,1,8
116900291,13,8,5
116900292,0,14,-14
116900293,39,5,34
116900294,13,68,-55
116900295,77,116,-39
116900296,22,132,-110
116900297,2,55,-53
116900298,59,138,-79
116900299,16,83,-67
116900300,0,81,-81
116900301,19,233,-214
116900302,10,88,-78
116900303,66,86,-20
116900304,1,195,-194
116900305,7,6,1
116900306,208,34,174
116900307,66,0,66
116900308,2,18,-16
116900309,85,44,41
117000001,1858,1403,455
117000002,1345,2456,-1111
117000003,4467,2396,2071
117000004,1963,3005,-1042
117000005,1913,1560,353
117000006,811,1664,-853
117000007,3642,757,2885
117000008,751,1757,-1006
117000009,3445,1264,2181
117000010,1449,1896,-447
117000011,1988,1004,984
117000012,1028,759,269
117000013,1618,621,997
117000014,972,1876,-904
117000015,1689,974,715
117000016,127,261,-134
117000017,105,189,-84
117000018,79,574,-495
117000019,41,48,-7
117000020,293,1314,-1021
117000021,740,512,228
117000022,180,194,-14
117000023,49,485,-436
117000024,72,340,-268
117000025,211,1367,-1156
117000026,1140,1696,-556
117000027,597,2767,-2170
117000028,624,1734,-1110
117000030,204,278,-74
117000031,319,220,99
117000032,917,852,65
117000033,1023,538,485
117000034,280,171,109
117000035,330,255,75
117000036,320,194,126
117000037,218,128,90
117000038,128,334,-206
117000039,276,177,99
117000040,172,349,-177
117000041,930,73,857
117000044,5,465,-460
117000045,496,59,437
117000046,284,608,-324
117000047,806,529,277
117000048,1033,445,588
117000049,50,345,-295
117000050,150,992,-842
117000051,2049,46,2003
117000052,45,206,-161
117000053,469,19,450
117000054,1304,1,1303
117000055,5,1196,-1191
117000056,526,21,505
117000057,320,1283,-963
117000060,300,662,-362
117000061,1645,706,939
117000062,134,362,-228
117000063,1432,816,616
117000064,379,412,-33
117000066,364,489,-125
117000067,83,482,-399
117000074,42,126,-84
117000076,17,30,-13
117000077,92,80,12
117000078,73,339,-266
117000079,305,187,118
117000080,1,251,-250
117000081,665,123,542
117000082,14,59,-45
117000083,145,6,139
117000084,145,0,145
117000085,249,568,-319
117000086,493,179,314
117000087,61,355,-294
117000088,269,100,169
117000089,1511,133,1378
117000090,197,683,-486
117000091,735,167,568
117000092,298,612,-314
117000093,1225,456,769
117000094,926,1424,-498
117000095,3066,479,2587
117000096,473,1180,-707
117000097,1538,632,906
117000098,1430,1935,-505
117000099,3355,855,2500
117000100,148,175,-27
117000101,65,584,-519
117000102,1826,589,1237
117000103,499,826,-327
117000104,1344,492,852
117000105,496,710,-214
117000106,1292,502,790
117000107,375,901,-526
117000108,1716,690,1026
117000109,799,1315,-516
117000110,1362,1054,308
117000111,2797,2644,153
117000112,2737,1042,1695
117000113,107,91,16
117000114,183,80,103
117000115,51,33,18
117000116,129,143,-14
117000117,957,746,211
117000118,235,111,124
117000119,80,315,-235
117000120,88,703,-615
117000121,17,664,-647
117000122,310,693,-383
117000123,1212,31,1181
117000124,91,92,-1
117000125,99,332,-233
117000126,32,16,16
117000127,85,198,-113
117000128,107,514,-407
117000129,207,1018,-811
117000130,109,15,94
117000131,0,75,-75
117000132,2209,18,2191
117000133,1768,12,1756
117000134,0,99,-99
117000135,2,102,-100
117000136,0,21,-21
117000137,130,93,37
117000138,3,469,-466
117000140,313,770,-457
117000141,1558,379,1179
117000181,183,165,18
117000182,882,506,376
117000195,56,353,-297
117000196,259,109,150
117000225,52,86,-34
117000226,5,175,-170
117000276,306,14,292
117000277,0,92,-92
117000310,1003,1722,-719
117000315,101,435,-334
117000320,54,0,54
117000906,452,11,441
117000907,12,132,-120
117000909,35,28,7
117000910,237,119,118
117000911,58,138,-80
117000915,4,202,-198
117000916,29,2,27
117000917,1037,24,1013
117000918,47,25,22
117000919,5,32,-27
117000920,1,483,-482
117000921,1,355,-354
117000922,21,27,-6
117000924,486,585,-99
117000926,346,153,193
117000927,241,568,-327
117000928,1,77,-76
117000929,191,131,60
117000930,257,3,254
117000931,73,104,-31
117900002,81,413,-332
117900003,156,235,-79
117900005,14,113,-99
117900006,0,7,-7
117900007,102,37,65
117900008,0,5,-5
117900010,307,65,242
117900011,28,258,-230
117900012,32,40,-8
117900013,2,91,-89
117900014,523,157,366
117900015,11,45,-34
117900016,515,487,28
117900017,460,311,149
117900018,168,285,-117
117900019,463,202,261
117900020,36,367,-331
117900021,29,46,-17
117900022,12,2,10
117900023,1025,71,954
117900024,68,54,14
117900025,32,9,23
117900026,386,119,267
117900028,26,9,17
117900029,188,243,-55
117900030,458,200,258
117900031,88,162,-74
117900032,740,407,333
117900033,259,262,-3
117900034,42,22,20
117900035,121,68,53
117900036,210,158,52
117900037,143,49,94
117900038,31,90,-59
117900039,2,13,-11
117900040,56,123,-67
117900041,1,19,-18
117900042,1769,163,1606
117900043,11,40,-29
117900044,6,2850,-2844
117900045,155,124,31
117900048,257,111,146
117900049,266,223,43
117900050,4,214,-210
117900051,10,5,5
117900052,41,289,-248
117900053,1246,181,1065
117900054,1,17,-16
117900055,573,141,432
117900056,18,56,-38
117900057,632,908,-276
117900058,26,50,-24
117900059,131,51,80
117900060,1881,1951,-70
117900061,11,218,-207
117900063,281,101,180
117900065,292,538,-246
117900066,1,42,-41
117900067,606,93,513
117900069,584,134,450
117900070,64,127,-63
117900071,110,57,53
117900073,553,141,412
117900074,56,184,-128
117900075,48,39,9
117900076,30,46,-16
117900077,354,83,271
117900078,239,520,-281
117900080,127,25,102
117900081,233,197,36
117900082,350,233,117
117900083,409,210,199
117900086,128,29,99
117900087,100,9,91
117900088,1407,982,425
117900089,1676,485,1191
117900090,405,183,222
117900091,49,67,-18
117900092,75,18,57
117900093,103,24,79
117900094,35,18,17
117900095,321,418,-97
117900096,81,176,-95
117900097,212,27,185
117900098,26,5,21
117900099,141,209,-68
117900100,234,2,232
117900101,415,1452,-1037
117900102,97,9,88
117900103,46,5,41
117900104,8,317,-309
117900105,78,93,-15
117900106,99,25,74
117900107,31,0,31
117900109,630,259,371
117900110,84,2,82
117900111,328,15,313
117900112,37,3,34
117900113,913,1360,-447
117900114,32,0,32
117900115,57,81,-24
117900116,474,489,-15
117900117,511,148,363
117900118,85,0,85
117900119,180,43,137
117900120,223,26,197
117900121,34,7,27
117900122,729,2835,-2106
117900123,549,256,293
117900124,342,381,-39
117900125,971,1300,-329
117900126,114,254,-140
117900127,365,167,198
117900128,233,227,6
117900129,102,3,99
117900130,417,220,197
117900131,7,46,-39
117900132,28,26,2
117900133,8,27,-19
117900134,32,85,-53
117900135,10,49,-39
117900136,0,12,-12
117900137,31,120,-89
117900138,0,11,-11
117900139,124,68,56
117900140,2296,228,2068
117900141,93,156,-63
117900142,36,143,-107
117900144,29,473,-444
117900145,13,110,-97
117900146,98,186,-88
117900147,66,34,32
117900148,1343,1503,-160
117900149,136,101,35
117900150,22,23,-1
117900151,39,51,-12
117900152,41,30,11
117900153,12,71,-59
117900154,311,267,44
117900156,426,379,47
117900157,38,349,-311
117900158,207,104,103
117900160,561,525,36
117900161,1214,916,298
117900162,453,220,233
117900163,17,244,-227
117900165,0,9,-9
117900166,45,424,-379
117900168,61,88,-27
117900169,1,46,-45
117900170,0,20,-20
117900171,2,11,-9
117900172,9,18,-9
117900173,70,84,-14
117900174,8,46,-38
117900175,3,15,-12
117900176,9,9,0
117900177,17,24,-7
117900178,49,16,33
117900180,164,30,134
117900181,27,400,-373
117900182,3,45,-42
117900183,46,133,-87
117900184,10,37,-27
117900185,41,37,4
117900186,41,4,37
117900187,18,2,16
117900188,116,37,79
117900189,36,14,22
117900190,22,1,21
117900191,106,2,104
117900192,177,0,177
117900193,2,7,-5
117900194,8,9,-1
117900195,2,36,-34
117900196,7,23,-16
117900207,114,92,22
117900208,14,10,4
117900209,102,90,12
117900210,73,82,-9
117900211,1,69,-68
117900212,93,83,10
117900213,20,10,10
117900214,2,16,-14
117900215,36,28,8
117900216,13,31,-18
117900217,22,203,-181
117900218,80,63,17
117900219,2,93,-91
117900220,35,177,-142
117900222,132,105,27
117900223,109,202,-93
118000001,417,957,-540
118000002,288,1044,-756
118000003,1761,2786,-1025
118000004,1281,2018,-737
118000005,2053,3207,-1154
118000006,1853,4484,-2631
118000007,3008,3342,-334
118000008,1011,2254,-1243
118000009,1071,1740,-669
118000010,3961,2304,1657
118000011,1078,800,278
118000012,677,714,-37
118000013,1257,1107,150
118000014,1157,887,270
118000016,203,166,37
118000017,478,245,233
118000018,338,205,133
118000019,1278,1431,-153
118000020,637,2111,-1474
118000021,475,2220,-1745
118000022,860,525,335
118000023,408,168,240
118000024,544,696,-152
118000027,5368,7080,-1712
118000029,323,532,-209
118000032,250,2151,-1901
118000033,1787,4129,-2342
118000034,2532,2231,301
118000035,1599,2081,-482
118000036,502,919,-417
118000037,539,642,-103
118000038,186,79,107
118000039,60,41,19
118000040,951,760,191
118000041,1752,733,1019
118000045,152,135,17
118000046,535,644,-109
118000047,348,1099,-751
118000048,991,1679,-688
118000051,720,1687,-967
118000052,394,580,-186
118000053,131,221,-90
118000054,895,345,550
118000055,765,671,94
118000056,35,182,-147
118000057,106,218,-112
118000058,1179,1690,-511
118000059,944,1450,-506
118000060,868,359,509
118000061,725,777,-52
118000062,291,164,127
118000063,240,630,-390
118000064,523,903,-380
118000065,1148,966,182
118000066,773,1942,-1169
118000067,316,491,-175
118000068,648,4296,-3648
118000069,1082,754,328
118000070,2569,1119,1450
118000071,1585,4811,-3226
118000072,544,1354,-810
118000073,453,554,-101
118000074,255,315,-60
118000075,292,139,153
118000076,1022,2598,-1576
118000077,718,1072,-354
118000078,1196,1869,-673
118000079,95,331,-236
118000080,585,737,-152
118000081,1165,1233,-68
118000082,228,877,-649
118000083,856,1150,-294
118000084,1636,1130,506
118000086,194,372,-178
118000087,2150,1579,571
118000088,865,1136,-271
118000089,2266,1705,561
118000090,750,2012,-1262
118000091,635,2169,-1534
118000092,628,378,250
118000093,43,511,-468
118000096,347,445,-98
118000097,536,595,-59
118000098,202,144,58
118000099,689,353,336
118000101,919,213,706
118000102,318,463,-145
118000107,788,306,482
118000108,322,1899,-1577
118000110,1,37,-36
118000111,0,81,-81
118000112,485,3,482
118000113,1,128,-127
118000114,307,3,304
118000115,2,4,-2
118000116,6,0,6
118000117,549,579,-30
118000118,637,1050,-413
118000119,636,960,-324
118000120,946,778,168
118000121,36,574,-538
118000122,660,219,441
118000123,42,172,-130
118000125,734,593,141
118000126,331,1086,-755
118000127,975,546,429
118000128,263,822,-559
118000129,749,383,366
118000130,1200,1704,-504
118000131,212,361,-149
118000132,2240,1645,595
118000133,866,415,451
118000135,322,482,-160
118000136,134,348,-214
118000137,316,81,235
118000138,227,230,-3
118000139,344,37,307
118000140,1916,4410,-2494
118000141,1810,1169,641
118000142,1450,1020,430
118000143,2029,935,1094
118000144,597,405,192
118000145,1156,763,393
118000146,1011,317,694
118000147,765,788,-23
118000148,446,664,-218
118000149,815,400,415
118000150,378,195,183
118000151,504,216,288
118000153,1180,757,423
118000154,1159,1023,136
118000155,1452,935,517
118000156,1180,1653,-473
118000157,470,223,247
118000158,186,293,-107
118000159,43,59,-16
118000160,456,232,224
118000161,425,289,136
118000162,1015,721,294
118000163,625,565,60
118000164,1269,1045,224
118000168,369,421,-52
118000169,582,600,-18
118000170,1847,1779,68
118000171,347,235,112
118000172,114,127,-13
118000173,792,831,-39
118000175,193,326,-133
118000176,225,448,-223
118000177,188,426,-238
118000178,34,23,11
118000179,608,875,-267
118000180,475,448,27
118000181,554,135,419
118000182,242,138,104
118000183,205,220,-15
118000184,836,405,431
118000185,629,1019,-390
118000186,538,777,-239
118000187,1224,314,910
118000188,342,71,271
118000189,517,231,286
118000190,5,9,-4
118000191,23,17,6
118000192,45,175,-130
118000193,23,157,-134
118000194,908,663,245
118000195,177,1144,-967
118000196,95,208,-113
118000197,36,83,-47
118000198,355,640,-285
118000199,204,333,-129
118000200,59,242,-183
118000201,188,493,-305
118000202,32,38,-6
118000203,194,506,-312
118000204,40,299,-259
118000205,59,203,-144
118000206,144,128,16
118000207,0,22,-22
118000208,998,889,109
118000209,1647,777,870
118000210,87,13,74
118000211,32,34,-2
118000213,331,1599,-1268
118000214,229,439,-210
118000215,250,61,189
118000216,1860,700,1160
118000217,14,48,-34
118000218,83,54,29
118000219,230,142,88
118000220,4,42,-38
118000221,234,185,49
118000222,37,4,33
118000223,30,25,5
118000224,69,46,23
118000225,74,449,-375
118000226,648,112,536
118000227,369,231,138
118000228,51,142,-91
118000229,40,145,-105
118000230,95,123,-28
118000231,25,137,-112
118000232,593,295,298
118000233,871,416,455
118000234,334,82,252
118000236,222,149,73
118000237,75,159,-84
118000238,142,53,89
118000239,244,122,122
118000240,160,69,91
118000241,128,42,86
118000242,294,139,155
118000243,166,76,90
118000244,35,39,-4
118000246,0,28,-28
118000255,46,217,-171
118000256,150,181,-31
118000259,4,47,-43
118000260,146,39,107
118000261,25,11,14
118000263,64,68,-4
118000266,109,118,-9
118000267,0,97,-97
118000268,142,1,141
118000270,46,5,41
118000271,150,124,26
118000272,81,14,67
118000273,153,49,104
118000274,46,143,-97
118000276,394,154,240
118000295,9,107,-98
118000298,68,145,-77
118000299,55,44,11
118000301,0,67,-67
118000302,73,26,47
118000311,559,39,520
118000312,186,90,96
118000313,30,49,-19
118000314,95,19,76
118000315,12,6,6
118000316,575,329,246
118000325,32,6,26
118000326,38,14,24
118000331,24,11,13
118000332,0,11,-11
118000333,17,28,-11
118000335,329,1,328
118000336,0,95,-95
118000407,170,26,144
118000457,3,49,-46
118000465,740,2499,-1759
118000480,28,23,5
118000489,11,302,-291
118000490,12,115,-103
118000492,259,129,130
118000510,26,15,11
118000514,65,186,-121
118000515,382,522,-140
118000517,163,70,93
118000524,116,270,-154
118000525,358,409,-51
118000530,28,53,-25
118000531,306,148,158
118000532,243,136,107
118000533,177,71,106
118000534,396,244,152
118000535,215,82,133
118000536,73,489,-416
118000537,11,96,-85
118000538,12,34,-22
118000539,8,62,-54
118000540,128,55,73
118000541,104,32,72
118000542,64,108,-44
118000543,112,159,-47
118000546,19,21,-2
118000553,0,1,-1
118000557,0,0,0
118000560,800,1501,-701
118000562,24,54,-30
118000563,941,663,278
118000576,145,92,53
118000577,134,126,8
118000578,167,68,99
118000579,367,845,-478
118000583,0,0,0
118000595,188,82,106
118000596,0,153,-153
118000597,81,90,-9
118000598,11,0,11
118000599,75,19,56
118000600,0,3,-3
118000601,2,0,2
118000602,2,1,1
118000603,0,3,-3
118000605,31,121,-90
118900001,196,801,-605
118900002,550,632,-82
118900003,344,11,333
118900004,56,9,47
118900005,77,7,70
118900006,91,2,89
118900007,1,0,1
118900008,854,35,819
118900009,62,43,19
118900010,37,4,33
118900011,104,14,90
118900012,213,136,77
118900013,435,189,246
118900015,140,14,126
118900016,5,3,2
118900017,55,185,-130
118900018,770,47,723
118900019,8,8,0
118900020,71,130,-59
118900021,83,161,-78
118900022,90,41,49
118900023,58,46,12
118900024,78,108,-30
118900025,32,8,24
118900026,51,28,23
118900027,273,67,206
118900028,151,70,81
118900029,229,322,-93
118900030,319,23,296
118900031,112,32,80
118900032,202,72,130
118900033,205,444,-239
118900034,114,17,97
118900035,89,65,24
118900036,984,377,607
118900037,185,318,-133
118900038,293,55,238
118900039,368,70,298
118900040,175,105,70
118900041,372,102,270
118900042,146,42,104
118900045,185,73,112
118900046,453,316,137
118900047,247,137,110
118900048,100,277,-177
118900049,37,34,3
118900050,37,3,34
118900051,35,84,-49
118900052,158,199,-41
118900053,14,72,-58
118900054,100,20,80
118900055,63,29,34
118900056,34,187,-153
118900057,605,360,245
118900058,303,224,79
118900059,5,53,-48
118900060,29,72,-43
118900062,346,78,268
118900064,126,429,-303
118900065,37,96,-59
118900066,50,44,6
118900067,1703,2498,-795
118900068,7,141,-134
118900069,345,122,223
118900071,3,21,-18
118900072,328,167,161
118900073,115,50,65
118900074,154,29,125
118900075,41,18,23
118900076,127,54,73
118900077,166,106,60
118900078,5,9,-4
118900079,31,55,-24
118900080,20,79,-59
118900081,57,20,37
118900082,951,118,833
118900083,9,0,9
118900084,11,8,3
118900085,440,327,113
118900086,22,63,-41
118900087,24,176,-152
118900088,0,3,-3
118900089,21,21,0
118900090,366,182,184
118900091,62,138,-76
118900092,133,25,108
118900093,79,18,61
118900096,35,74,-39
118900097,232,177,55
118900099,47,87,-40
118900100,81,125,-44
118900101,98,154,-56
118900102,35,40,-5
118900103,27,78,-51
118900104,138,52,86
118900105,125,76,49
118900107,66,34,32
118900108,86,39,47
118900110,707,580,127
118900111,353,221,132
118900112,56,99,-43
118900113,58,138,-80
118900114,14,59,-45
118900115,49,220,-171
118900116,97,113,-16
118900117,119,116,3
118900118,244,174,70
118900119,101,95,6
118900120,99,181,-82
118900121,11,36,-25
118900122,6,742,-736
118900123,117,125,-8
118900124,72,77,-5
118900126,20,249,-229
118900129,185,153,32
118900130,41,167,-126
118900131,138,113,25
118900132,211,140,71
118900133,5,73,-68
118900135,113,116,-3
118900136,158,200,-42
118900137,7,28,-21
118900139,193,107,86
118900140,307,273,34
118900141,52,30,22
118900144,105,165,-60
118900145,13,24,-11
118900146,319,342,-23
118900147,81,184,-103
118900148,63,37,26
118900150,83,380,-297
118900152,441,313,128
118900157,22,95,-73
118900158,82,37,45
118900159,4,55,-51
118900161,26,7,19
118900163,31,38,-7
118900164,1,24,-23
118900165,23,42,-19
118900166,34,2,32
118900167,47,42,5
118900168,10,138,-128
118900169,78,110,-32
118900170,123,21,102
118900171,25,37,-12
118900174,49,21,28
118900175,383,335,48
118900176,166,196,-30
118900177,51,32,19
118900178,26,79,-53
118900179,5,13,-8
118900181,78,26,52
118900182,25,18,7
118900183,32,63,-31
118900184,163,47,116
118900185,57,22,35
118900186,44,59,-15
118900187,145,173,-28
118900188,218,157,61
118900189,55,596,-541
118900190,15,117,-102
118900191,189,22,167
118900192,211,5,206
118900193,458,5,453
118900195,127,286,-159
118900196,24,80,-56
118900197,160,16,144
118900198,22,1,21
118900199,58,12,46
118900200,15,17,-2
118900201,23,25,-2
118900202,10,29,-19
118900203,13,3,10
118900204,4,13,-9
118900205,0,4,-4
118900206,0,0,0
119000001,979,1455,-476
119000002,2793,2583,210
119000003,2224,464,1760
119000004,1493,915,578
119000005,1342,1401,-59
119000006,2772,988,1784
119000007,2429,2319,110
119000008,1386,974,412
119000009,2263,3855,-1592
119000010,3229,2732,497
119000011,1744,2022,-278
119000012,874,1822,-948
119000013,2139,1265,874
119000014,864,1372,-508
119000019,206,75,131
119000020,1708,931,777
119000021,3409,1937,1472
119000022,790,1965,-1175
119000023,243,159,84
119000024,1051,9947,-8896
119000025,2228,630,1598
119000026,45,365,-320
119000027,145,273,-128
119000028,999,352,647
119000029,61,204,-143
119000030,377,473,-96
119000031,639,361,278
119000032,1112,1331,-219
119000033,1517,776,741
119000034,746,349,397
119000035,31,153,-122
119000036,1741,326,1415
119000037,886,643,243
119000038,142,286,-144
119000039,367,228,139
119000040,560,489,71
119000041,474,851,-377
119000048,1824,1244,580
119000049,1628,937,691
119000050,992,1042,-50
119000051,1456,663,793
119000052,1418,1566,-148
119000053,1169,690,479
119000054,2605,1464,1141
119000055,3950,1729,2221
119000056,2549,1245,1304
119000057,1284,831,453
119000058,1280,758,522
119000059,882,747,135
119000060,1171,564,607
119000061,738,376,362
119000062,696,707,-11
119000063,571,301,270
119000064,681,581,100
119000065,1294,2004,-710
119000066,1539,716,823
119000067,1467,1094,373
119000068,1333,552,781
119000069,1217,1126,91
119000070,1927,418,1509
119000071,239,388,-149
119000072,2645,1673,972
119000073,2419,5035,-2616
119000074,1089,989,100
119000075,2378,1222,1156
119000076,154,783,-629
119000077,286,412,-126
119000078,311,163,148
119000079,90,335,-245
119000080,517,105,412
119000081,192,208,-16
119000082,535,146,389
119000083,518,286,232
119000084,182,212,-30
119000085,366,98,268
119000086,231,312,-81
119000087,691,273,418
119000088,262,165,97
119000089,48,161,-113
119000090,66,52,14
119000091,67,214,-147
119000092,204,100,104
119000093,2795,1500,1295
119000094,2776,3177,-401
119000095,1720,1886,-166
119000097,1266,678,588
119000098,911,2153,-1242
119000099,1693,738,955
119000100,3074,2259,815
119000101,2514,919,1595
119000102,410,1080,-670
119000103,1045,511,534
119000104,1002,553,449
119000105,575,1636,-1061
119000106,261,362,-101
119000107,766,313,453
119000108,278,375,-97
119000109,110,389,-279
119000110,207,309,-102
119000111,18,524,-506
119000112,113,91,22
119000113,894,170,724
119000114,1045,632,413
119000115,86,93,-7
119000116,99,53,46
119000117,91,245,-154
119000118,1,0,1
119000123,2580,1960,620
119000124,543,91,452
119000125,3228,355,2873
119000126,1131,312,819
119000127,586,210,376
119000128,1,0,1
119000131,936,256,680
119000132,2,2,0
119000133,1,3,-2
119000134,912,405,507
119000135,134,107,27
119000136,258,60,198
119000137,250,135,115
119000138,463,77,386
119000139,206,64,142
119000140,260,260,0
119000284,768,1440,-672
119000285,1074,996,78
119000286,2901,2296,605
119000287,801,910,-109
119000288,1398,530,868
119000289,771,1235,-464
119000290,116,134,-18
119000291,35,81,-46
119000293,111,77,34
119000294,51,33,18
119000295,613,144,469
119000296,259,123,136
119000302,975,762,213
119000303,29,139,-110
119000304,0,0,0
119000310,0,0,0
119000314,928,8188,-7260
119000315,0,83,-83
119000316,103,57,46
119000317,60,64,-4
119900001,143,1008,-865
119900002,107,111,-4
119900003,38,305,-267
119900004,136,1234,-1098
119900005,129,76,53
119900006,125,314,-189
119900007,614,195,419
119900008,7,30,-23
119900009,378,298,80
119900010,357,513,-156
119900011,28,120,-92
119900012,8,67,-59
119900013,1397,1005,392
119900014,264,156,108
119900015,142,23,119
119900016,31,51,-20
119900017,27,41,-14
119900018,916,644,272
119900019,28,4,24
119900020,194,189,5
119900021,106,24,82
119900022,47,595,-548
119900023,190,1614,-1424
119900025,290,15,275
119900026,384,116,268
119900027,11,17,-6
119900028,169,126,43
119900029,10,0,10
119900030,305,222,83
119900031,60,457,-397
119900033,1232,183,1049
119900034,396,37,359
119900037,238,10,228
119900038,25,269,-244
119900039,22,5,17
119900040,66,12,54
119900041,122,6,116
119900042,47,56,-9
119900043,74,60,14
119900044,114,596,-482
119900046,148,22,126
119900047,291,81,210
119900048,164,13,151
119900049,126,1,125
119900050,61,77,-16
119900051,712,10,702
119900052,59,16,43
119900053,206,83,123
119900054,152,9,143
119900055,1083,434,649
119900057,289,11,278
119900058,210,5,205
119900059,44,12,32
119900060,161,21,140
119900061,183,5,178
119900062,68,13,55
119900063,3,46,-43
119900065,144,15,129
119900066,1,0,1
119900067,61,3,58
119900068,534,6,528
119900069,99,2,97
119900070,799,4,795
119900071,514,17,497
119900073,803,314,489
119900074,37,12,25
119900075,1266,1481,-215
119900076,917,145,772
119900077,801,286,515
119900078,703,501,202
119900079,330,96,234
119900080,268,224,44
119900081,404,38,366
119900082,1288,115,1173
119900083,241,49,192
119900084,300,192,108
119900085,39,41,-2
119900086,329,347,-18
119900087,373,306,67
119900088,15,31,-16
119900089,23,148,-125
119900090,82,27,55
119900091,45,224,-179
119900092,14,169,-155
119900093,844,131,713
119900094,28,77,-49
119900095,100,71,29
119900096,18,62,-44
119900097,210,102,108
119900098,21,24,-3
119900099,34,84,-50
119900100,661,1916,-1255
119900101,57,975,-918
119900102,41,116,-75
119900103,44,102,-58
119900104,27,77,-50
119900105,325,1853,-1528
119900106,6,60,-54
119900107,135,961,-826
119900108,2075,330,1745
119900109,14,99,-85
119900110,513,226,287
119900111,78,119,-41
119900112,493,381,112
119900113,42,145,-103
119900114,161,410,-249
119900115,323,384,-61
119900116,70,261,-191
119900117,253,215,38
119900118,100,300,-200
119900119,117,75,42
119900120,381,232,149
119900121,391,264,127
119900122,202,163,39
119900123,95,145,-50
119900124,167,279,-112
119900125,36,108,-72
119900126,1691,132,1559
119900127,845,511,334
119900128,304,209,95
119900129,178,113,65
119900130,3,106,-103
119900131,55,62,-7
119900132,1,83,-82
119900133,34,36,-2
119900134,485,107,378
119900135,1,119,-118
119900136,91,176,-85
119900138,155,259,-104
119900139,4,65,-61
119900140,2,102,-100
119900141,48,556,-508
119900142,4,16,-12
119900143,19,162,-143
119900144,806,119,687
119900145,53,46,7
119900146,84,92,-8
119900147,0,107,-107
119900148,170,29,141
119900149,339,3130,-2791
119900150,97,51,46
119900151,921,479,442
119900152,78,129,-51
119900153,132,25,107
119900154,27,128,-101
119900155,57,19,38
119900156,11,5,6
119900157,139,103,36
119900158,139,25,114
119900159,1,376,-375
119900160,10,45,-35
119900161,96,58,38
119900162,697,588,109
119900163,33,91,-58
119900164,0,2,-2
119900165,144,70,74
119900166,59,37,22
119900167,47,51,-4
119900168,818,223,595
119900169,16,154,-138
119900170,81,161,-80
119900171,504,174,330
119900172,44,12,32
119900173,5,132,-127
119900174,0,28,-28
119900175,1062,299,763
119900177,14,82,-68
119900178,3,62,-59
119900179,56,370,-314
119900180,810,611,199
119900181,55,82,-27
119900182,2,85,-83
119900183,105,372,-267
119900184,525,205,320
119900185,51,186,-135
119900186,13,795,-782
119900187,20,111,-91
119900188,71,175,-104
119900189,208,250,-42
119900190,49,173,-124
119900191,101,198,-97
119900192,20,109,-89
119900193,321,71,250
119900194,19,71,-52
119900195,24,61,-37
119900196,208,123,85
119900197,175,119,56
119900198,101,90,11
119900199,95,15,80
119900200,417,298,119
119900201,157,91,66
119900202,25,191,-166
119900203,102,376,-274
119900204,263,142,121
119900205,686,193,493
119900206,220,71,149
119900208,88,98,-10
119900209,318,1001,-683
119900210,33,7,26
119900211,54,0,54
119900212,219,152,67
119900213,3,44,-41
119900214,31,33,-2
119900215,52,28,24
119900216,8,20,-12
119900217,16,30,-14
119900218,4,30,-26
119900219,9,31,-22
119900220,5,35,-30
119900221,16,58,-42
119900222,17,54,-37
119900223,11,21,-10
119900224,8,19,-11
119900225,294,28,266
119900226,197,1282,-1085
119900227,332,133,199
119900228,5,68,-63
119900229,212,253,-41
119900230,674,197,477
119900231,250,56,194
119900232,129,71,58
119900233,33,3,30
119900234,16,17,-1
119900235,4,13,-9
119900236,5,54,-49
119900237,27,165,-138
119900238,0,39,-39
119900240,70,63,7
119900241,110,88,22
119900242,563,894,-331
119900244,339,649,-310
119900245,66,83,-17
119900246,181,396,-215
119900247,18,101,-83
119900248,55,221,-166
119900249,150,78,72
119900253,769,188,581
119900254,31,651,-620
119900255,58,698,-640
119900256,518,179,339
119900257,66,1,65
119900258,145,5,140
119900259,10,39,-29
119900260,130,8,122
119900261,269,43,226
119900262,1,71,-70
119900263,838,175,663
119900264,123,43,80
119900265,280,155,125
119900266,297,93,204
119900267,245,277,-32
119900268,126,62,64
119900269,711,364,347
119900271,21,62,-41
119900272,208,281,-73
119900275,109,16,93
119900276,70,5,65
119900277,9,7,2
119900278,87,48,39
119900279,60,150,-90
119900280,331,67,264
119900281,1,161,-160
119900282,33,119,-86
119900283,16,106,-90
119900284,33,84,-51
119900285,3,72,-69
119900286,0,8,-8
119900288,5,11,-6
119900289,0,8,-8
119900290,0,2,-2
119900291,1,42,-41
119900292,51,96,-45
119900293,15,45,-30
119900294,21,41,-20
119900295,33,16,17
119900296,48,53,-5
119900297,0,13,-13
119900298,2,9,-7
119900299,40,35,5
119900300,138,51,87
119900301,20,36,-16
119900302,9,23,-14
119900303,207,40,167
119900304,95,29,66
119900305,6,42,-36
119900306,16,0,16
119900307,31,12,19
119900308,2,10,-8
119900309,40,105,-65
119900310,156,152,4
119900311,64,45,19
119900312,91,24,67
119900313,222,141,81
119900314,127,270,-143
119900315,1533,742,791
119900318,10,46,-36
119900319,4,70,-66
119900320,131,139,-8
119900321,59,7,52
120000001,3847,15259,-11412
120000002,1838,1675,163
120000003,1753,933,820
120000004,1846,957,889
120000005,1846,1193,653
120000006,842,742,100
120000007,1737,2366,-629
120000008,681,740,-59
120000009,1213,675,538
120000010,1472,1400,72
120000011,741,952,-211
120000012,1279,1260,19
120000013,2594,1756,838
120000014,539,921,-382
120000015,1986,1048,938
120000016,3025,1670,1355
120000017,2567,2079,488
120000018,2457,10387,-7930
120000019,987,1242,-255
120000020,2232,2977,-745
120000021,1515,1949,-434
120000022,1940,2875,-935
120000023,973,1259,-286
120000024,950,1860,-910
120000025,2127,1317,810
120000026,2128,1244,884
120000027,1718,1573,145
120000028,807,5182,-4375
120000029,672,1780,-1108
120000030,135,550,-415
120000031,1276,3065,-1789
120000032,3773,2373,1400
120000033,3247,1060,2187
120000034,1853,862,991
120000035,2122,1260,862
120000036,2582,3621,-1039
120000037,509,1073,-564
120000038,3006,2296,710
120000039,481,645,-164
120000040,83,581,-498
120000041,475,1129,-654
120000042,1299,946,353
120000043,3303,879,2424
120000044,4329,1080,3249
120000045,5593,691,4902
120000046,3883,1942,1941
120000047,415,4898,-4483
120000048,4662,3034,1628
120000049,2864,2203,661
120000050,3065,2894,171
120000051,2055,2547,-492
120000052,5899,1269,4630
120000053,1327,1148,179
120000054,1188,2009,-821
120000055,1545,2599,-1054
120000056,3346,2392,954
120000057,2670,2163,507
120000058,1056,4533,-3477
120000059,8,1341,-1333
120000061,92,288,-196
120000062,131,187,-56
120000063,738,1293,-555
120000064,184,491,-307
120000065,367,742,-375
120000066,158,396,-238
120000067,27,383,-356
120000068,167,412,-245
120000069,356,335,21
120000070,75,355,-280
120000071,464,48,416
120000072,796,279,517
120000073,753,89,664
120000074,132,139,-7
120000075,879,232,647
120000076,1893,287,1606
120000077,1659,549,1110
120000078,2381,1042,1339
120000079,408,206,202
120000080,202,176,26
120000081,334,164,170
120000082,414,259,155
120000083,93,640,-547
120000084,281,232,49
120000085,198,195,3
120000086,232,289,-57
120000087,188,211,-23
120000088,617,584,33
120000089,1039,348,691
120000090,602,303,299
120000091,756,509,247
120000092,1043,422,621
120000093,385,327,58
120000094,126,570,-444
120000095,615,224,391
120000096,213,287,-74
120000098,659,349,310
120000099,290,360,-70
120000100,569,437,132
120000101,446,274,172
120000102,498,773,-275
120000103,1186,756,430
120000104,1552,366,1186
120000105,2569,599,1970
120000106,2356,573,1783
120000107,3791,437,3354
120000108,1391,89,1302
120000109,1117,48,1069
120000110,44,598,-554
120000111,94,536,-442
120000112,480,1196,-716
120000113,509,986,-477
120000114,732,1207,-475
120000115,202,1076,-874
120000116,444,1089,-645
120000117,604,765,-161
120000118,32,24,8
120000119,17,51,-34
120000120,84,64,20
120000121,31,32,-1
120000122,170,402,-232
120000123,1954,6179,-4225
120000124,315,233,82
120000125,558,308,250
120000126,207,895,-688
120000127,1104,1305,-201
120000128,1530,3551,-2021
120000129,234,156,78
120000130,647,340,307
120000131,271,354,-83
120000134,254,332,-78
120000135,559,322,237
120000137,209,335,-126
120000138,1015,132,883
120000139,179,169,10
120000140,811,196,615
120000141,227,167,60
120000142,584,301,283
120000143,0,53,-53
120000144,115,3,112
120000145,403,2,401
120000146,670,770,-100
120000149,402,498,-96
120000150,1175,8172,-6997
120000151,312,330,-18
120000152,454,84,370
120000153,186,330,-144
120000154,346,348,-2
120000155,120,196,-76
120000156,327,1215,-888
120000157,741,314,427
120000158,599,432,167
120000159,1335,1215,120
120000160,1849,1332,517
120000161,2188,1524,664
120000162,64,229,-165
120000163,682,472,210
120000164,545,139,406
120000165,541,301,240
120000166,1082,198,884
120000167,220,119,101
120000168,5,364,-359
120000169,34,1616,-1582
120000170,13,1317,-1304
120000171,13,480,-467
120000172,17,592,-575
120000173,409,2025,-1616
120000174,59,29,30
120000175,68,87,-19
120000176,48,46,2
120000177,405,63,342
120000178,16,6,10
120000179,53,37,16
120000180,87,35,52
120000181,26,847,-821
120000182,9,575,-566
120000183,2,185,-183
120000184,138,817,-679
120000186,33,1416,-1383
120000187,12,479,-467
120000188,39,565,-526
120000190,115,53,62
120000191,138,86,52
120000192,138,23,115
120000193,55,4,51
120000195,12,0,12
120000196,47,7,40
120000197,16,18,-2
120000198,200,19,181
120000199,131,1,130
120000200,169,0,169
120000201,15,13,2
120000202,2,32,-30
120000203,56,109,-53
120000207,1,30,-29
120000208,10,74,-64
120000209,6,27,-21
120000210,41,28,13
120000211,179,1,178
120000212,223,1,222
120000213,156,107,49
120000214,0,102,-102
120000215,1,57,-56
120000216,121,13,108
120000217,214,587,-373
120000218,59,387,-328
120000219,2,270,-268
120000220,1,616,-615
120000225,1840,0,1840
120000226,395,4,391
120000227,674,62,612
120000228,11174,2811,8363
120000230,396,12,384
120000231,1395,851,544
120000233,354,10,344
120000235,272,312,-40
120000236,817,2,815
120000237,0,497,-497
120000238,2,722,-720
120000241,1046,2691,-1645
120000412,214,5,209
120000413,286,84,202
120000414,197,0,197
120000415,2,15,-13
120000416,103,2,101
120000417,3,42,-39
120000418,183,12,171
120000419,4,59,-55
120000420,25,11,14
120000421,4813,2992,1821
120000422,71,1017,-946
120000423,0,58,-58
120000424,84,72,12
120000436,64,502,-438
120000437,111,64,47
120000438,1172,172,1000
120000439,180,492,-312
120000443,145,0,145
120000444,1234,189,1045
120000445,1483,735,748
120000446,669,116,553
120000447,169,1,168
120000449,174,3,171
120000450,8,46,-38
120000451,117,103,14
120000452,243,5,238
120000453,0,63,-63
120000454,30,38,-8
120000455,68,29,39
120000456,2011,2748,-737
120000457,360,326,34
120000458,360,333,27
120000459,70,63,7
120000665,210,242,-32
120000668,115,1595,-1480
120000669,101,110,-9
120000670,79,2909,-2830
120000671,1386,439,947
120000672,94,317,-223
120900001,64,87,-23
120900002,103,458,-355
120900003,101,15,86
120900004,6,80,-74
120900005,126,260,-134
120900006,412,129,283
120900007,162,40,122
120900008,310,433,-123
120900009,302,16,286
120900010,344,121,223
120900011,56,188,-132
120900012,48,823,-775
120900013,330,76,254
120900014,51,233,-182
120900015,637,53,584
120900016,955,32,923
120900017,1070,44,1026
120900018,98,154,-56
120900019,471,389,82
120900020,557,984,-427
120900021,779,188,591
120900022,26,184,-158
120900023,279,13,266
120900024,1092,293,799
120900025,895,689,206
120900026,170,100,70
120900027,597,6,591
120900028,391,143,248
120900029,42,534,-492
120900030,1365,588,777
120900031,324,98,226
120900032,1154,63,1091
120900033,1115,76,1039
120900034,15,2167,-2152
120900035,14,39,-25
120900037,310,16,294
120900038,73,316,-243
120900039,98,43,55
120900040,376,4,372
120900041,49,26,23
120900042,553,24,529
120900043,48,39,9
120900044,10,245,-235
120900045,96,23,73
120900046,553,8,545
120900047,169,116,53
120900048,145,27,118
120900049,615,2,613
120900050,701,1307,-606
120900051,313,52,261
120900052,644,4,640
120900053,311,39,272
120900054,826,260,566
120900055,443,5,438
120900056,589,29,560
120900057,229,16,213
120900058,648,1,647
120900059,117,0,117
120900060,52,16,36
120900061,159,132,27
120900062,241,7,234
120900063,695,5,690
120900064,730,2,728
120900065,729,1,728
120900066,401,93,308
120900067,147,45,102
120900068,312,0,312
120900069,296,9,287
120900071,43,0,43
120900072,858,11,847
120900073,659,40,619
120900074,505,11,494
120900076,340,0,340
120900077,959,131,828
120900078,897,286,611
120900079,857,68,789
120900080,890,554,336
120900081,903,241,662
120900082,212,311,-99
120900083,81,3,78
120900084,425,499,-74
120900085,60,61,-1
120900086,41,327,-286
120900087,354,371,-17
120900088,128,620,-492
120900089,1148,2665,-1517
120900090,182,9,173
120900091,552,806,-254
120900092,502,192,310
120900093,704,73,631
120900094,238,108,130
120900095,139,4,135
120900096,36,134,-98
120900097,480,277,203
120900098,129,91,38
120900099,40,33,7
120900100,35,89,-54
120900101,278,101,177
120900102,41,44,-3
120900103,68,128,-60
120900104,11,40,-29
120900105,22,165,-143
120900106,596,225,371
120900107,107,81,26
120900108,23,152,-129
120900109,24,236,-212
120900110,14,196,-182
120900111,106,141,-35
120900112,26,274,-248
120900113,20,283,-263
120900114,16,90,-74
120900115,93,181,-88
120900116,384,108,276
120900117,2,139,-137
120900118,10,256,-246
120900119,6712,1820,4892
120900120,53,218,-165
120900121,22,213,-191
120900122,555,129,426
120900123,1,93,-92
120900124,0,233,-233
120900125,6,243,-237
120900126,916,485,431
120900127,4,133,-129
120900128,681,878,-197
120900129,24,122,-98
120900130,12,233,-221
120900131,98,59,39
120900132,881,106,775
120900133,42,307,-265
120900134,325,224,101
120900135,4,221,-217
120900136,34,90,-56
120900137,196,65,131
120900138,13,117,-104
120900139,0,269,-269
120900140,7,60,-53
120900141,183,138,45
120900142,3,133,-130
120900143,2,323,-321
120900144,1,42,-41
120900145,86,319,-233
120900146,0,328,-328
120900147,11,279,-268
120900148,80,81,-1
120900149,0,74,-74
120900150,59,209,-150
120900151,0,221,-221
120900152,9,13,-4
120900153,3,0,3
120900154,0,69,-69
120900155,197,368,-171
120900156,101,190,-89
120900157,2,3,-1
120900158,74,228,-154
120900159,2,18,-16
120900160,11,342,-331
120900161,16,216,-200
120900162,53,319,-266
120900163,93,691,-598
120900164,0,127,-127
120900165,17,1320,-1303
120900166,81,480,-399
120900167,141,55,86
120900169,36,145,-109
120900170,352,2671,-2319
120900171,341,149,192
120900172,138,1296,-1158
120900173,0,43,-43
120900174,1,66,-65
120900175,126,96,30
120900176,24,243,-219
120900177,3,913,-910
120900178,0,303,-303
120900179,407,232,175
120900180,30,171,-141
120900181,37,26,11
120900182,34,112,-78
120900183,245,37,208
120900184,184,39,145
120900185,497,1015,-518
120900186,0,168,-168
120900187,320,580,-260
120900188,203,4,199
120900189,51,1705,-1654
120900190,95,4,91
120900191,21,8,13
120900192,3714,8275,-4561
120900194,45,81,-36
120900195,95,115,-20
120900196,320,19,301
120900197,659,115,544
120900198,113,267,-154
120900199,297,435,-138
120900200,14,92,-78
120900201,238,87,151
120900202,2,42,-40
120900203,29,37,-8
120900204,82,136,-54
120900205,35,15,20
120900206,45,24,21
120900207,49,522,-473
121000001,367,820,-453
121000002,1531,1248,283
121000003,2212,1228,984
121000004,1690,2180,-490
121000005,1096,1870,-774
121000006,2056,1900,156
121000007,1286,3394,-2108
121000008,2998,3765,-767
121000009,2441,4705,-2264
121000010,4746,4278,468
121000011,3805,7800,-3995
121000012,7813,5613,2200
121000013,3776,4975,-1199
121000014,3937,4070,-133
121000015,3037,6167,-3130
121000016,2972,2836,136
121000017,1318,1872,-554
121000018,2091,1006,1085
121000019,6141,5466,675
121000020,7106,10874,-3768
121000021,1103,1188,-85
121000022,1531,1892,-361
121000023,1578,926,652
121000024,2775,3138,-363
121000025,235,898,-663
121000026,188,127,61
121000027,974,932,42
121000028,607,326,281
121000029,547,381,166
121000030,459,417,42
121000031,404,412,-8
121000032,127,99,28
121000034,231,245,-14
121000035,76,136,-60
121000036,574,710,-136
121000037,381,781,-400
121000038,264,698,-434
121000039,99,238,-139
121000041,318,422,-104
121000042,163,265,-102
121000043,276,553,-277
121000044,777,775,2
121000045,311,173,138
121000046,458,659,-201
121000047,19,53,-34
121000049,750,449,301
121000050,179,1341,-1162
121000051,446,264,182
121000052,254,780,-526
121000053,214,87,127
121000054,32,261,-229
121000055,631,1456,-825
121000056,744,839,-95
121000057,227,385,-158
121000058,138,207,-69
121000059,1869,956,913
121000060,461,977,-516
121000061,58,246,-188
121000062,106,399,-293
121000063,607,885,-278
121000064,406,680,-274
121000065,182,379,-197
121000066,439,573,-134
121000067,297,406,-109
121000068,357,394,-37
121000069,91,682,-591
121000070,855,771,84
121000071,942,1091,-149
121000072,508,498,10
121000073,657,787,-130
121000074,57,109,-52
121000075,12,120,-108
121000076,268,196,72
121000077,87,112,-25
121000078,34,101,-67
121000080,1152,407,745
121000081,1886,2395,-509
121000082,88,227,-139
121000083,99,93,6
121000084,111,131,-20
121000085,180,315,-135
121000086,363,451,-88
121000087,37,186,-149
121000088,339,331,8
121000089,183,293,-110
121000090,136,276,-140
121000091,777,679,98
121000092,127,46,81
121000093,124,160,-36
121000094,272,459,-187
121000095,173,602,-429
121000096,2629,1720,909
121000097,344,1715,-1371
121000098,407,380,27
121000099,564,392,172
121000100,616,110,506
121000101,201,120,81
121000102,188,86,102
121000103,153,88,65
121000104,167,40,127
121000105,294,54,240
121000106,190,127,63
121000107,1383,1819,-436
121000109,652,656,-4
121000110,136,564,-428
121000114,2538,1801,737
121000115,1590,612,978
121000116,249,675,-426
121000117,289,164,125
121000118,1115,169,946
121000119,180,245,-65
121000120,166,261,-95
121000121,242,850,-608
121000123,542,404,138
121000127,63,62,1
121000128,661,132,529
121000129,580,219,361
121000130,408,318,90
121000131,739,806,-67
121000132,605,757,-152
121000135,144,212,-68
121000136,757,847,-90
121000137,302,219,83
121000138,547,1089,-542
121000139,301,506,-205
121000141,110,65,45
121000142,360,571,-211
121000143,88,15,73
121000144,296,880,-584
121000145,367,539,-172
121000146,819,858,-39
121000147,711,298,413
121000148,477,604,-127
121000149,1326,1162,164
121000152,215,201,14
121000153,1007,276,731
121000154,871,328,543
121000155,1201,728,473
121000156,283,672,-389
121000157,460,741,-281
121000158,256,225,31
121000159,171,258,-87
121000160,252,180,72
121000161,203,174,29
121000162,89,72,17
121000165,615,1436,-821
121000166,6,344,-338
121000168,300,136,164
121000169,37,76,-39
121000170,171,36,135
121000171,26,105,-79
121000172,626,472,154
121000173,935,834,101
121000174,315,410,-95
121000175,976,275,701
121000176,255,272,-17
121000177,499,375,124
121000178,37,52,-15
121000179,24,36,-12
121000181,313,353,-40
121000182,72,269,-197
121000183,62,69,-7
121000184,32,83,-51
121000185,34,168,-134
121000186,169,355,-186
121000187,100,85,15
121000188,149,50,99
121000192,578,314,264
121000193,434,234,200
121000194,1296,1297,-1
121000195,160,823,-663
121000196,404,261,143
121000197,99,610,-511
121000198,147,107,40
121000199,78,158,-80
121000200,431,97,334
121000201,7,157,-150
121000202,545,96,449
121000203,560,1406,-846
121000204,2208,757,1451
121000205,65,229,-164
121000206,53,49,4
121000207,1309,881,428
121000208,3,290,-287
121000209,365,69,296
121000210,532,159,373
121000211,215,54,161
121000212,405,286,119
121000213,9122,1806,7316
121000214,478,1268,-790
121000215,682,977,-295
121000216,324,409,-85
121000217,2511,2276,235
121000218,325,1219,-894
121000219,1001,446,555
121000220,98,51,47
121000221,97,293,-196
121000222,2182,2005,177
121000223,155,775,-620
121000224,128,474,-346
121000225,623,2085,-1462
121000226,855,980,-125
121000227,9,114,-105
121000228,17,471,-454
121000229,216,266,-50
121000230,42,1380,-1338
121000231,851,21,830
121000232,265,248,17
121000233,360,239,121
121000234,31,63,-32
121000235,38,55,-17
121000236,8,105,-97
121000237,19,11,8
121000238,9,103,-94
121000239,48,8,40
121000240,8,141,-133
121000241,76,17,59
121000242,112,798,-686
121000243,192,72,120
121000244,23,173,-150
121000245,41,11,30
121000246,0,183,-183
121000247,144,11,133
121000248,406,1637,-1231
121000249,39,156,-117
121000250,359,194,165
121000251,12,213,-201
121000252,103,65,38
121000253,293,211,82
121000254,590,121,469
121000255,68,140,-72
121000256,200,158,42
121000257,29,103,-74
121000258,52,80,-28
121000259,36,90,-54
121000260,49,87,-38
121000261,46,100,-54
121000262,762,320,442
121000263,338,326,12
121000271,495,1123,-628
121000273,11,6,5
121000274,14,60,-46
121000275,19,13,6
121000276,12,25,-13
121000278,29,41,-12
121000279,35,13,22
121000280,10,20,-10
121000289,237,19,218
121000290,849,954,-105
121000294,147,43,104
121000297,422,826,-404
121000299,68,520,-452
121000300,593,342,251
121000302,11,546,-535
121000303,362,150,212
121000304,349,66,283
121000305,175,76,99
121000306,105,133,-28
121000308,92,167,-75
121000309,183,232,-49
121000310,61,141,-80
121000311,43,275,-232
121000312,248,213,35
121000313,115,167,-52
121000314,52,77,-25
121000315,16,79,-63
121000530,1216,1044,172
121000531,1127,1023,104
121000532,4135,5563,-1428
121000533,2473,2679,-206
121000918,44,60,-16
121000919,46,86,-40
121000938,34,209,-175
121000939,28,143,-115
121000956,1195,950,245
121000957,4,6,-2
121000958,9,41,-32
121000959,736,250,486
121000960,870,1329,-459
121000961,263,64,199
121000962,893,527,366
121000963,0,0,0
121000973,0,219,-219
121000976,6,79,-73
121000979,281,69,212
121000981,257,101,156
121000982,303,172,131
121000983,330,103,227
121000984,16,31,-15
121000985,638,197,441
121000986,397,88,309
121000987,171,388,-217
121000988,797,80,717
121001302,143,70,73
121001308,1,12,-11
121001309,14,425,-411
121001313,133,68,65
121001314,1027,1346,-319
121001315,4544,2674,1870
121001326,28,45,-17
121900001,74,112,-38
121900002,26,34,-8
121900003,280,6,274
121900004,40,161,-121
121900005,20,14,6
121900006,75,16,59
121900007,1238,1037,201
121900008,61,202,-141
121900009,426,20,406
121900010,146,1,145
121900011,114,94,20
121900012,12,2,10
121900013,346,132,214
121900014,920,253,667
121900015,102,95,7
121900016,1,25,-24
121900017,308,233,75
121900018,304,5,299
121900019,314,101,213
121900020,34,1,33
121900021,648,14,634
121900022,135,156,-21
121900023,61,131,-70
121900024,239,42,197
121900025,368,341,27
121900026,223,49,174
121900027,173,101,72
121900028,121,10,111
121900029,56,80,-24
121900030,246,368,-122
121900031,758,4309,-3551
121900032,98,39,59
121900033,102,236,-134
121900034,110,111,-1
121900035,2497,1578,919
121900036,78,347,-269
121900037,59,696,-637
121900038,25,61,-36
121900039,173,36,137
121900040,57,69,-12
121900041,52,205,-153
121900042,270,171,99
121900043,1,3,-2
121900044,49,24,25
121900046,86,150,-64
121900047,107,57,50
121900048,54,63,-9
121900050,29,37,-8
121900051,67,133,-66
121900052,90,18,72
121900053,216,159,57
121900054,188,703,-515
121900055,14,5,9
121900058,222,137,85
121900059,212,111,101
121900060,75,309,-234
121900061,81,80,1
121900062,73,69,4
121900063,921,206,715
121900064,194,274,-80
121900066,50,9,41
121900067,17,11,6
121900069,118,78,40
121900070,77,102,-25
121900071,284,154,130
121900072,58,72,-14
121900073,114,303,-189
121900074,237,423,-186
121900075,206,461,-255
121900076,264,298,-34
121900077,13,5,8
121900078,40,13,27
121900079,0,0,0
121900080,541,148,393
121900082,56,77,-21
121900084,14,35,-21
121900085,2,2,0
121900086,13,34,-21
121900087,54,105,-51
121900088,922,1468,-546
121900089,168,104,64
121900090,24,32,-8
121900091,68,19,49
121900092,52,50,2
121900093,70,48,22
121900094,3,6,-3
121900095,278,87,191
121900096,579,349,230
121900097,454,116,338
121900098,3,1,2
121900099,142,38,104
121900100,56,228,-172
121900101,76,98,-22
121900102,1,61,-60
121900103,192,177,15
121900104,1125,272,853
121900105,240,122,118
121900106,1,4,-3
121900107,29,18,11
121900108,0,5,-5
121900109,159,112,47
121900110,493,325,168
121900111,456,114,342
121900112,72,107,-35
121900113,50,272,-222
121900117,62,29,33
121900118,1227,427,800
121900119,98,22,76
121900120,36,554,-518
121900121,285,15,270
121900122,24,22,2
121900123,89,264,-175
121900124,131,161,-30
121900125,1145,680,465
121900127,8,72,-64
121900128,51,43,8
121900129,148,140,8
121900130,73,247,-174
121900131,165,71,94
121900132,20,50,-30
121900133,34,837,-803
121900134,16,173,-157
121900135,2441,253,2188
121900136,222,149,73
121900137,33,201,-168
121900138,34,71,-37
121900139,183,1956,-1773
121900140,19,56,-37
121900141,65,15,50
121900142,59,52,7
121900143,5,70,-65
121900144,46,286,-240
121900145,102,154,-52
121900146,291,352,-61
121900147,33,197,-164
121900148,114,227,-113
121900149,144,278,-134
121900150,27,154,-127
121900151,38,238,-200
121900152,57,47,10
121900153,19,268,-249
121900154,5,344,-339
121900155,1,86,-85
121900156,78,114,-36
121900157,3,208,-205
121900158,64,68,-4
121900159,0,150,-150
121900160,7,130,-123
121900161,209,363,-154
121900162,45,78,-33
121900163,217,159,58
121900164,163,227,-64
121900165,106,78,28
121900166,86,125,-39
121900167,47,85,-38
121900168,79,137,-58
121900169,3,135,-132
121900170,5,77,-72
121900171,467,368,99
121900172,441,153,288
121900173,386,172,214
121900174,42,16,26
121900175,45,143,-98
121900176,334,1293,-959
121900177,80,26,54
121900178,17,28,-11
121900179,267,257,10
121900180,1175,3166,-1991
121900182,339,754,-415
121900183,432,1082,-650
121900184,30,564,-534
121900186,14,257,-243
121900187,19,66,-47
121900188,319,122,197
121900189,22,36,-14
121900190,192,310,-118
121900191,31,183,-152
121900192,152,1417,-1265
121900193,26,199,-173
121900194,12,138,-126
121900195,12,31,-19
121900196,536,611,-75
121900197,245,622,-377
121900198,1660,1108,552
121900199,1,30,-29
121900200,21,110,-89
121900201,455,430,25
121900202,105,475,-370
121900203,61,829,-768
121900204,533,625,-92
121900205,6,53,-47
121900206,16,24,-8
121900207,56,18,38
121900208,66,328,-262
121900209,46,35,11
121900210,1576,940,636
121900211,341,176,165
121900212,42,106,-64
121900213,200,20,180
121900214,3,366,-363
121900215,29,92,-63
121900216,23,123,-100
121900217,121,151,-30
121900218,110,364,-254
121900220,49,8,41
121900221,297,344,-47
121900222,147,83,64
121900223,77,60,17
121900224,65,25,40
121900225,84,125,-41
121900226,186,33,153
121900227,203,485,-282
121900228,67,97,-30
121900230,27,227,-200
121900231,45,731,-686
121900232,66,277,-211
121900233,220,155,65
121900234,151,108,43
121900235,304,99,205
121900236,169,92,77
121900237,159,323,-164
121900238,88,145,-57
121900239,106,28,78
121900240,159,114,45
121900241,37,21,16
121900242,30,20,10
121900245,134,64,70
121900246,2971,187,2784
121900247,123,108,15
121900248,762,573,189
121900250,119,315,-196
121900251,321,18,303
121900252,214,89,125
121900253,82,809,-727
121900254,295,257,38
121900255,290,57,233
121900258,2786,1174,1612
121900259,148,351,-203
121900260,81,82,-1
121900261,124,425,-301
121900262,335,615,-280
121900263,226,118,108
121900264,680,538,142
121900265,305,99,206
121900266,369,59,310
121900267,61,32,29
121900269,149,493,-344
121900270,30,160,-130
121900271,19,89,-70
121900273,230,951,-721
121900274,187,230,-43
121900277,217,571,-354
121900278,49,903,-854
121900279,107,122,-15
121900280,53,394,-341
121900281,89,355,-266
121900284,47,4,43
121900286,97,52,45
121900287,7,28,-21
121900288,2,1,1
121900290,140,594,-454
121900291,279,580,-301
121900292,88,130,-42
121900293,572,2668,-2096
121900294,205,5,200
121900295,119,118,1
121900296,32,105,-73
121900298,117,667,-550
121900299,0,7,-7
121900300,65,13,52
121900301,68,4,64
121900302,2,107,-105
121900303,238,211,27
121900304,17,13,4
121900305,4,7,-3
121900306,214,0,214
121900307,92,6,86
121900308,7,109,-102
121900309,6,54,-48
121900310,13,163,-150
121900311,439,17,422
121900312,296,15,281
121900313,404,49,355
121900314,4,21,-17
121900315,1,1,0
121900316,0,5,-5
121900317,9,4,5
121900318,1,8,-7
121900319,36,88,-52
121900320,9,29,-20
121900321,12,0,12
121900322,1,6,-5
121900323,4,22,-18
121900324,2,44,-42
121900325,17,1,16
121900326,0,13,-13
121900327,2,28,-26
121900328,0,16,-16
121900329,1,57,-56
121900330,1,172,-171
121900331,21,18,3
121900332,44,20,24
121900333,49,1,48
121900334,25,27,-2
122000001,752,3865,-3113
122000002,1342,758,584
122000003,781,2053,-1272
122000004,1244,942,302
122000005,2703,1864,839
122000006,787,1133,-346
122000007,481,1455,-974
122000008,908,2352,-1444
122000009,448,357,91
122000010,2056,2162,-106
122000011,3890,1791,2099
122000012,523,2828,-2305
122000013,468,1336,-868
122000014,2592,1109,1483
122000015,814,754,60
122000016,339,561,-222
122000017,778,945,-167
122000018,1287,1251,36
122000019,616,1356,-740
122000020,122,290,-168
122000021,98,330,-232
122000022,804,1036,-232
122000023,658,1093,-435
122000024,443,2113,-1670
122000025,429,2358,-1929
122000026,351,1161,-810
122000027,424,816,-392
122000028,869,515,354
122000029,252,467,-215
122000030,128,168,-40
122000031,96,355,-259
122000032,2937,1812,1125
122000033,309,2510,-2201
122000034,288,658,-370
122000035,125,487,-362
122000036,325,356,-31
122000037,555,173,382
122000038,166,352,-186
122000039,372,558,-186
122000040,94,213,-119
122000041,472,695,-223
122000042,270,408,-138
122000043,67,114,-47
122000044,75,87,-12
122000045,1344,695,649
122000046,561,804,-243
122000047,104,143,-39
122000048,1598,2666,-1068
122000049,4310,2356,1954
122000050,611,965,-354
122000051,146,495,-349
122000052,268,361,-93
122000053,111,916,-805
122000054,1262,1328,-66
122000055,1223,3223,-2000
122000056,1962,2367,-405
122000057,2322,3416,-1094
122000058,729,1729,-1000
122000059,763,2734,-1971
122000060,253,675,-422
122000061,182,532,-350
122000062,388,205,183
122000063,345,1198,-853
122000064,2092,4757,-2665
122000065,1692,1978,-286
122000066,561,967,-406
122000067,739,1042,-303
122000068,1235,652,583
122000069,751,582,169
122000070,633,874,-241
122000071,2142,952,1190
122000072,669,712,-43
122000073,192,1235,-1043
122000074,1869,1043,826
122000075,531,695,-164
122000076,4682,1426,3256
122000077,505,1742,-1237
122000078,667,3275,-2608
122000079,224,2137,-1913
122000080,348,456,-108
122000081,89,165,-76
122000082,205,973,-768
122000083,2243,548,1695
122000084,2185,785,1400
122000085,210,420,-210
122000086,1534,3886,-2352
122000087,110,215,-105
122000088,135,202,-67
122000089,3355,1458,1897
122000090,106,477,-371
122000091,67,220,-153
122000092,45,30,15
122000093,1154,2235,-1081
122000094,3512,1868,1644
122000095,449,2412,-1963
122000096,293,1239,-946
122000098,1739,2555,-816
122000099,485,987,-502
122000100,493,474,19
122000101,236,265,-29
122000102,1544,754,790
122000103,964,1165,-201
122000104,706,137,569
122000105,248,319,-71
122000106,301,1070,-769
122000107,756,318,438
122000108,375,632,-257
122000109,346,202,144
122000110,462,462,0
122000111,2511,978,1533
122000112,1171,944,227
122000113,522,547,-25
122000114,1284,2164,-880
122000115,1143,914,229
122000116,217,263,-46
122000117,665,214,451
122000118,340,412,-72
122000119,1240,945,295
122000120,541,1529,-988
122000121,511,1172,-661
122000122,258,616,-358
122000123,764,936,-172
122000124,509,357,152
122000125,246,385,-139
122000126,230,416,-186
122000127,315,501,-186
122000128,161,249,-88
122000129,322,1093,-771
122000130,1465,866,599
122000131,549,496,53
122000132,183,233,-50
122000133,521,460,61
122000134,633,568,65
122000135,376,240,136
122000136,422,377,45
122000137,1066,539,527
122000139,512,1904,-1392
122000140,308,533,-225
122000141,1856,1077,779
122000142,79,850,-771
122000143,193,218,-25
122000144,725,629,96
122000145,356,514,-158
122000146,283,1217,-934
122000147,329,424,-95
122000148,530,1143,-613
122000149,1035,919,116
122000150,783,577,206
122000151,79,248,-169
122000152,202,243,-41
122000153,230,354,-124
122000154,179,143,36
122000155,858,1638,-780
122000156,3350,2747,603
122000157,511,3392,-2881
122000158,205,525,-320
122000159,354,695,-341
122000160,1051,1076,-25
122000161,590,595,-5
122000162,583,1058,-475
122000163,189,41,148
122000164,13,142,-129
122000165,474,720,-246
122000166,604,1246,-642
122000167,163,288,-125
122000168,141,628,-487
122000169,235,154,81
122000170,210,247,-37
122000171,25,73,-48
122000172,1233,1035,198
122000173,968,1817,-849
122000174,1162,874,288
122000175,471,223,248
122000176,206,851,-645
122000177,672,1150,-478
122000178,3111,1926,1185
122000179,1487,2258,-771
122000180,644,985,-341
122000181,804,1785,-981
122000182,1145,953,192
122000183,1472,684,788
122000184,1933,2359,-426
122000185,774,2141,-1367
122000186,289,1163,-874
122000187,1216,874,342
122000188,271,171,100
122000189,125,265,-140
122000190,552,1329,-777
122000191,571,620,-49
122000192,637,209,428
122000193,276,488,-212
122000194,267,150,117
122000195,51,496,-445
122000196,576,329,247
122000197,278,365,-87
122000198,242,1481,-1239
122000199,225,252,-27
122000200,705,422,283
122000201,917,1721,-804
122000202,583,1910,-1327
122000203,1296,847,449
122000204,621,979,-358
122000205,448,649,-201
122000206,2194,653,1541
122000207,1488,899,589
122000208,1447,1043,404
122000209,1213,371,842
122000210,1049,1103,-54
122000211,713,872,-159
122000212,453,341,112
122000213,661,895,-234
122000214,1238,1180,58
122000215,1481,1176,305
122000217,978,1356,-378
122000218,475,49,426
122000219,673,528,145
122000220,168,510,-342
122000221,36,204,-168
122000222,380,73,307
122000223,546,325,221
122000225,399,182,217
122000226,758,938,-180
122000227,99,925,-826
122000228,125,165,-40
122000229,14,224,-210
122000230,32,264,-232
122000231,177,485,-308
122000232,455,360,95
122000233,0,49,-49
122000234,368,40,328
122000235,396,61,335
122000236,724,33,691
122000237,74,83,-9
122000238,207,197,10
122000239,417,91,326
122000240,906,501,405
122000241,1305,367,938
122000242,438,44,394
122000243,191,34,157
122000244,64,113,-49
122000245,68,80,-12
122000246,305,109,196
122000247,342,222,120
122000248,424,626,-202
122000249,851,654,197
122000250,1197,752,445
122000251,83,263,-180
122000252,207,68,139
122000253,37,160,-123
122000254,158,45,113
122000255,476,528,-52
122000256,234,267,-33
122000257,138,94,44
122000258,201,193,8
122000259,20,204,-184
122000260,7,38,-31
122000261,8,159,-151
122000262,0,25,-25
122000263,148,342,-194
122000264,817,204,613
122000265,1637,648,989
122000266,2821,523,2298
122000267,73,54,19
122000268,83,182,-99
122000269,593,192,401
122000270,304,125,179
122000271,164,995,-831
122000272,231,773,-542
122000273,279,233,46
122000274,134,122,12
122000275,35,95,-60
122000276,472,297,175
122000277,632,997,-365
122000278,1096,376,720
122000279,116,165,-49
122000280,485,221,264
122000281,533,361,172
122000282,170,294,-124
122000283,219,171,48
122000284,163,30,133
122000285,215,38,177
122000286,40,127,-87
122000287,1100,968,132
122000288,332,196,136
122000291,1786,606,1180
122000293,132,82,50
122000294,106,214,-108
122000295,878,135,743
122000296,30,441,-411
122000297,1205,2576,-1371
122000299,380,228,152
122000300,308,271,37
122000301,3960,2326,1634
122000302,422,1490,-1068
122000303,1628,703,925
122000304,92,185,-93
122000305,1021,146,875
122000306,25,215,-190
122000307,97,76,21
122000309,48,29,19
122000310,16,110,-94
122000311,170,121,49
122000312,87,246,-159
122000313,127,80,47
122000314,128,221,-93
122000315,246,63,183
122000316,786,165,621
122000317,1262,172,1090
122000318,225,651,-426
122000319,101,190,-89
122000320,225,606,-381
122000321,89,103,-14
122000322,1212,1517,-305
122000323,656,1955,-1299
122000324,1057,1499,-442
122000325,511,2491,-1980
122000326,101,66,35
122000327,204,504,-300
122000328,282,203,79
122000330,1063,1041,22
122000332,153,225,-72
122000333,12,64,-52
122000337,700,403,297
122000338,259,119,140
122000340,128,1490,-1362
122000342,766,382,384
122000343,323,340,-17
122000344,66,15,51
122000345,10,16,-6
122000346,176,126,50
122000348,459,383,76
122000349,64,215,-151
122000351,101,204,-103
122000352,248,117,131
122000353,84,111,-27
122000355,119,251,-132
122000356,428,882,-454
122000357,51,16,35
122000358,0,15,-15
122000359,0,8,-8
122000360,1,16,-15
122000362,5,39,-34
122000364,144,181,-37
122000365,3,23,-20
122000366,5,4,1
122000368,374,495,-121
122000370,18,10,8
122000371,22,2,20
122000372,15,3,12
122000381,94,227,-133
122000382,64,110,-46
122000384,915,791,124
122000385,62,3,59
122000386,149,1080,-931
122000387,210,554,-344
122000388,599,602,-3
122000389,145,785,-640
122000390,173,314,-141
122000391,145,718,-573
122000392,108,115,-7
122000393,33,66,-33
122000394,411,71,340
122000395,67,50,17
122000396,175,82,93
122000397,22,31,-9
122000398,26,32,-6
122000399,107,55,52
122000400,42,645,-603
122000401,97,21,76
122000402,198,85,113
122000403,280,287,-7
122000404,111,98,13
122000408,449,736,-287
122000503,5,66,-61
122000524,34,167,-133
122000544,58,1261,-1203
122000616,142,0,142
122000640,83,41,42
122000641,139,107,32
122000642,859,424,435
122000643,48,93,-45
122000644,75,18,57
122000645,37,135,-98
122000651,475,1652,-1177
122000664,134,32,102
122000665,803,343,460
122000666,369,760,-391
122000673,20,112,-92
122000674,195,114,81
122000675,1435,428,1007
122000686,276,634,-358
122000687,1033,209,824
122000688,176,212,-36
122000689,534,121,413
122000690,2210,112,2098
122000691,684,520,164
122000692,669,156,513
122000693,223,463,-240
122000695,238,164,74
122000696,361,70,291
122000698,285,168,117
122000699,131,32,99
122000701,1057,263,794
122000702,269,620,-351
122000703,152,54,98
122000712,0,0,0
122000717,48,28,20
122000718,254,750,-496
122000719,164,87,77
122000720,420,65,355
122000724,137,98,39
122900001,32,7,25
122900002,674,4414,-3740
122900003,303,14,289
122900004,1288,57,1231
122900005,75,73,2
122900006,246,678,-432
122900007,58,86,-28
122900008,158,141,17
122900009,464,224,240
122900010,132,63,69
122900012,131,232,-101
122900014,100,117,-17
122900015,434,554,-120
122900016,105,121,-16
122900017,132,377,-245
122900018,89,12,77
122900019,12,65,-53
122900020,97,210,-113
122900021,30,227,-197
122900022,868,616,252
122900023,433,143,290
122900024,72,80,-8
122900025,11,182,-171
122900026,13,129,-116
122900027,24,398,-374
122900028,76,79,-3
122900029,3537,1591,1946
122900030,999,297,702
122900031,28,198,-170
122900032,98,219,-121
122900033,136,106,30
122900034,2062,2805,-743
122900035,14,8,6
122900036,45,27,18
122900037,230,63,167
122900038,45,1947,-1902
122900039,46,398,-352
122900040,93,508,-415
122900041,210,249,-39
122900042,117,265,-148
122900043,224,185,39
122900044,60,238,-178
122900045,80,114,-34
122900046,115,261,-146
122900047,85,108,-23
122900048,31,115,-84
122900049,1339,137,1202
122900051,31,160,-129
122900052,206,85,121
122900053,11,15,-4
122900055,136,51,85
122900057,118,43,75
122900061,298,59,239
122900062,368,437,-69
122900063,96,83,13
122900064,530,214,316
122900065,469,210,259
122900066,473,323,150
122900067,464,245,219
122900068,37,35,2
122900069,174,809,-635
122900070,212,28,184
122900071,106,223,-117
122900072,4,243,-239
122900073,9,75,-66
122900074,682,172,510
122900075,0,53,-53
122900076,2,114,-112
122900077,0,72,-72
122900078,152,19,133
122900080,12,27,-15
122900081,107,92,15
122900082,644,62,582
122900083,31,32,-1
122900084,4,74,-70
122900086,7,70,-63
122900087,238,259,-21
122900088,24,413,-389
122900089,8,148,-140
122900090,10,186,-176
122900091,217,0,217
122900092,0,50,-50
122900093,1,77,-76
122900094,0,55,-55
122900095,80,4,76
122900096,209,34,175
122900097,27,32,-5
122900098,23,68,-45
122900099,124,15,109
122900100,53,369,-316
122900101,280,148,132
122900102,21,21,0
122900103,119,1,118
122900104,178,8,170
122900105,15,8,7
122900106,0,53,-53
122900107,3,56,-53
122900108,2,70,-68
123000001,645,639,6
123000002,1678,4017,-2339
123000003,2958,2865,93
123000004,2020,2690,-670
123000005,2039,1920,119
123000006,1651,1482,169
123000007,2716,2072,644
123000008,1748,1779,-31
123000009,3531,2160,1371
123000010,2635,2710,-75
123000011,1347,955,392
123000012,392,1943,-1551
123000013,2605,908,1697
123000014,535,2610,-2075
123000015,1309,843,466
123000016,1841,2181,-340
123000017,2655,1446,1209
123000018,108,75,33
123000019,295,35,260
123000020,230,31,199
123000021,111,117,-6
123000022,189,1121,-932
123000023,1548,1580,-32
123000024,1299,542,757
123000025,298,81,217
123000026,20,67,-47
123000027,55,626,-571
123000028,876,879,-3
123000029,425,1107,-682
123000030,173,105,68
123000031,208,79,129
123000032,299,44,255
123000033,208,41,167
123000034,745,616,129
123000035,273,270,3
123000036,185,680,-495
123000037,184,112,72
123000038,42,204,-162
123000039,295,960,-665
123000040,277,127,150
123000041,524,1002,-478
123000042,436,730,-294
123000043,1159,7992,-6833
123000044,2059,1445,614
123000045,2643,1456,1187
123000046,260,873,-613
123000047,698,736,-38
123000048,35,774,-739
123000049,3475,5948,-2473
123000050,1229,1143,86
123000051,49,109,-60
123000052,514,2458,-1944
123000053,1601,2113,-512
123000054,1043,895,148
123000055,1230,2414,-1184
123000056,807,634,173
123000057,2765,3466,-701
123000058,495,908,-413
123000059,174,291,-117
123000060,673,303,370
123000061,185,392,-207
123000063,642,682,-40
123000064,708,152,556
123000065,1924,1413,511
123000066,287,289,-2
123000067,712,287,425
123000068,996,1318,-322
123000069,2609,1081,1528
123000070,97,309,-212
123000071,1223,538,685
123000072,952,371,581
123000073,1404,505,899
123000074,754,624,130
123000075,304,905,-601
123000076,465,173,292
123000077,1574,1059,515
123000078,1790,1114,676
123000079,1563,1266,297
123000080,1651,706,945
123000081,121,242,-121
123000082,183,439,-256
123000083,690,227,463
123000084,571,298,273
123000085,356,34,322
123000086,620,66,554
123000087,287,106,181
123000088,920,255,665
123000089,547,638,-91
123000090,1058,604,454
123000091,1074,908,166
123000092,638,846,-208
123000094,411,104,307
123000095,513,432,81
123000096,711,249,462
123000097,440,253,187
123000098,748,262,486
123000099,473,344,129
123000100,271,494,-223
123000101,366,396,-30
123000102,368,536,-168
123000104,265,274,-9
123000105,372,281,91
123000106,340,287,53
123000107,191,293,-102
123000108,336,728,-392
123000111,743,242,501
123000112,883,370,513
123000113,461,472,-11
123000114,225,336,-111
123000115,164,189,-25
123000116,28,56,-28
123000117,1140,692,448
123000118,320,381,-61
123000119,159,318,-159
123000120,145,321,-176
123000121,388,539,-151
123000122,227,169,58
123000123,340,407,-67
123000124,255,257,-2
123000125,922,738,184
123000126,726,2572,-1846
123000127,393,367,26
123000128,169,197,-28
123000129,635,132,503
123000130,595,45,550
123000131,851,681,170
123000132,186,327,-141
123000133,82,140,-58
123000134,130,53,77
123000135,1471,662,809
123000136,153,364,-211
123000137,60,96,-36
123000138,25,144,-119
123000139,437,75,362
123000140,36,331,-295
123000141,369,91,278
123000142,674,441,233
123000143,737,1110,-373
123000144,3,18,-15
123000145,111,115,-4
123000146,9,95,-86
123000147,69,111,-42
123000149,202,204,-2
123000150,67,173,-106
123000151,152,361,-209
123000152,15,185,-170
123000153,67,485,-418
123000154,874,1158,-284
123000155,1059,695,364
123000156,27,55,-28
123000157,334,490,-156
123000158,295,461,-166
123000159,1946,2215,-269
123000160,668,601,67
123000161,894,625,269
123000162,748,1121,-373
123000163,350,71,279
123000164,1357,196,1161
123000165,401,708,-307
123000166,33,72,-39
123000167,135,122,13
123000168,174,131,43
123000169,664,85,579
123000170,78,36,42
123000171,616,7,609
123000172,103,225,-122
123000173,303,238,65
123000174,602,328,274
123000175,305,483,-178
123000176,586,138,448
123000177,201,324,-123
123000178,592,90,502
123000179,51,251,-200
123000180,1167,258,909
123000181,156,648,-492
123000182,140,126,14
123000183,142,394,-252
123000184,106,180,-74
123000185,575,219,356
123000186,1,258,-257
123000187,477,4,473
123000188,142,0,142
123000189,182,119,63
123000190,43,113,-70
123000192,18,208,-190
123000193,82,453,-371
123000194,248,166,82
123000195,222,28,194
123000196,265,28,237
123000197,43,63,-20
123000198,44,1787,-1743
123000199,21,707,-686
123000200,565,5,560
123000201,1035,18,1017
123000202,22,375,-353
123000203,851,46,805
123000204,36,429,-393
123000205,264,692,-428
123000206,1759,157,1602
123000207,91,419,-328
123000208,300,163,137
123000209,1661,528,1133
123000210,328,1039,-711
123000211,484,924,-440
123000212,2589,307,2282
123000213,464,57,407
123000215,62,186,-124
123000216,135,515,-380
123000217,156,22,134
123000218,15,306,-291
123000219,370,40,330
123000220,407,75,332
123000221,110,38,72
123000222,235,165,70
123000223,327,123,204
123000224,361,153,208
123000225,179,30,149
123000226,54,191,-137
123000227,74,153,-79
123000228,207,49,158
123000229,558,915,-357
123000232,47,326,-279
123000233,656,98,558
123000234,96,294,-198
123000235,731,211,520
123000236,159,320,-161
123000237,270,68,202
123000238,31,247,-216
123000239,274,422,-148
123000240,28,423,-395
123000241,179,51,128
123000242,108,118,-10
123000243,647,632,15
123000244,720,459,261
123000245,27,107,-80
123000249,187,360,-173
123000252,587,205,382
123000253,1036,353,683
123000254,504,410,94
123000255,635,523,112
123000256,8,63,-55
123000257,1405,712,693
123000258,636,360,276
123000259,298,320,-22
123000260,454,250,204
123000261,200,91,109
123000262,102,70,32
123000263,413,69,344
123000264,142,99,43
123000265,22,96,-74
123000266,297,360,-63
123000267,333,224,109
123000268,34,31,3
123000269,40,57,-17
123000270,30,49,-19
123000271,62,42,20
123000272,512,240,272
123000273,204,539,-335
123000274,831,444,387
123000275,184,512,-328
123000278,1251,1571,-320
123000279,99,44,55
123000280,197,156,41
123000281,201,71,130
123000282,54,192,-138
123000283,101,81,20
123000284,60,46,14
123000286,107,387,-280
123000287,416,268,148
123000288,1074,700,374
123000289,210,869,-659
123000291,171,701,-530
123000294,131,192,-61
123000295,665,870,-205
123000296,600,415,185
123000297,509,256,253
123000298,694,174,520
123000299,80,98,-18
123000300,797,620,177
123000301,90,196,-106
123000302,62,84,-22
123000303,62,191,-129
123000305,562,592,-30
123000306,117,44,73
123000309,23,41,-18
123000310,47,39,8
123000311,0,31,-31
123000312,267,266,1
123000313,487,256,231
123000315,76,125,-49
123000316,426,185,241
123000317,170,63,107
123000318,76,154,-78
123000329,11,7,4
123000337,487,1042,-555
123000338,133,99,34
123000339,183,46,137
123000340,88,161,-73
123000342,7,36,-29
123000343,38,9,29
123000344,484,166,318
123000345,139,262,-123
123000346,356,29,327
123000352,635,604,31
123000353,38,68,-30
123000354,145,0,145
123000355,0,113,-113
123000356,239,2,237
123000357,5,52,-47
123000359,1,39,-38
123000360,189,42,147
123000361,90,128,-38
123000362,360,46,314
123000363,78,87,-9
123000364,291,377,-86
123000365,11,179,-168
123000366,213,1631,-1418
123000367,152,341,-189
123000370,23,74,-51
123000371,219,23,196
123000372,233,7,226
123000373,5,153,-148
123000374,8,63,-55
123000375,260,18,242
123000376,736,513,223
123000377,335,14,321
123000378,10,111,-101
123000379,2,58,-56
123000380,15,277,-262
123000381,53,89,-36
123000382,354,57,297
123000383,29,557,-528
123000384,328,78,250
123000385,88,374,-286
123000436,14,818,-804
123000507,84,145,-61
123000508,103,808,-705
123000517,187,25,162
123000518,13,94,-81
123000519,119,86,33
123000520,27,98,-71
123000521,312,77,235
123000522,82,133,-51
123000541,7,0,7
123000542,0,6,-6
123000565,770,18,752
123000566,197,139,58
123000567,54,91,-37
123000573,19,360,-341
123000574,423,30,393
123000575,1091,532,559
123000576,545,646,-101
123000577,28,409,-381
123000578,235,109,126
123000579,713,4351,-3638
123000580,99,20,79
123000582,275,21,254
123000583,4,180,-176
123000584,117,212,-95
123000585,0,25,-25
123000586,32,1,31
123000596,72,81,-9
123000597,30,165,-135
123000602,36,5,31
123000603,731,262,469
123000604,442,187,255
123000605,637,75,562
123000606,1,322,-321
123000609,24,241,-217
123000610,61,48,13
123000613,30,108,-78
123000614,186,24,162
123000615,32,90,-58
123000616,438,28,410
123000617,73,133,-60
123000618,50,325,-275
123000619,389,39,350
123000620,11,222,-211
123000622,313,16,297
123000624,145,66,79
123000630,1278,212,1066
123000631,183,382,-199
123000632,437,478,-41
123000633,0,129,-129
123000634,31,167,-136
123000635,43,51,-8
123000636,35,224,-189
123000637,111,23,88
123000638,354,15,339
123000639,400,3062,-2662
123000640,20,205,-185
123000648,353,67,286
123000649,21,225,-204
123900001,692,26,666
123900002,7,878,-871
123900003,158,214,-56
123900005,183,119,64
123900006,278,28,250
124000001,1555,132,1423
124000002,36,762,-726
124000003,863,105,758
124000004,37,241,-204
124000005,882,430,452
124000006,102,386,-284
124000007,339,68,271
124000008,11,228,-217
124000009,753,180,573
124000010,160,191,-31
124000011,809,254,555
124000012,162,268,-106
124000017,118,65,53
124000018,101,32,69
124000019,102,85,17
124000020,25,63,-38
124000021,94,60,34
124000022,60,85,-25
124000023,935,1101,-166
124000024,814,336,478
124000025,1026,1075,-49
124000026,772,726,46
124000027,3256,3152,104
124000028,816,2604,-1788
124000030,1439,956,483
124000031,1074,3395,-2321
124000032,1130,364,766
124000033,660,396,264
124000034,314,470,-156
124000035,280,83,197
124000036,85,277,-192
124000037,158,741,-583
124000038,10,50,-40
124000039,370,305,65
124000040,217,596,-379
124000041,317,42,275
124000042,77,205,-128
124000043,82,46,36
124000044,35,55,-20
124000045,690,231,459
124000046,200,320,-120
124000047,1331,388,943
124000048,522,406,116
124000049,1311,259,1052
124000050,506,741,-235
124000051,767,291,476
124000052,355,384,-29
124000053,406,1368,-962
124000054,532,277,255
124000055,902,2158,-1256
124000056,991,691,300
124000057,936,326,610
124000058,310,602,-292
124000059,617,822,-205
124000060,451,349,102
124000061,991,4707,-3716
124000062,2195,961,1234
124000063,857,827,30
124000064,1029,708,321
124000065,78,294,-216
124000066,127,69,58
124000067,146,85,61
124000068,67,68,-1
124000069,543,79,464
124000070,163,182,-19
124000071,186,95,91
124000072,149,230,-81
124000073,599,134,465
124000074,180,397,-217
124000075,225,11,214
124000076,9,46,-37
124000077,569,421,148
124000078,1309,879,430
124000079,127,812,-685
124000080,515,107,408
124000081,196,259,-63
124000082,33,134,-101
124000083,36,54,-18
124000084,61,521,-460
124000085,74,35,39
124000086,14,100,-86
124000087,64,101,-37
124000088,37,249,-212
124000089,573,151,422
124000090,117,175,-58
124000091,360,69,291
124000092,119,408,-289
124000093,87,60,27
124000094,59,247,-188
124000095,97,50,47
124000096,115,98,17
124000097,76,100,-24
124000098,48,37,11
124000099,162,65,97
124000100,58,94,-36
124000101,89,80,9
124000102,63,16,47
124000103,152,73,79
124000104,45,47,-2
124000105,79,77,2
124000106,67,27,40
124000107,16,187,-171
124000108,35,20,15
124000109,101,86,15
124000110,105,53,52
124000111,154,89,65
124000112,576,327,249
124000113,106,91,15
124000114,302,204,98
124000115,275,422,-147
124000116,96,158,-62
124000117,24,57,-33
124000118,36,52,-16
124000119,442,296,146
124000120,286,276,10
124000121,1143,565,578
124000122,295,759,-464
124000123,644,326,318
124000124,240,519,-279
124000125,289,243,46
124000126,141,328,-187
124000127,546,226,320
124000128,330,436,-106
124000129,1409,1033,376
124000130,432,339,93
124000131,600,446,154
124000132,452,430,22
124000133,712,520,192
124000134,483,314,169
124000135,1105,1146,-41
124000136,385,435,-50
124000137,535,491,44
124000138,505,730,-225
124000139,251,45,206
124000140,8,234,-226
124000141,365,22,343
124000142,38,138,-100
124000143,69,14,55
124000144,6,60,-54
124000145,82,28,54
124000146,15,26,-11
124000148,8,66,-58
124000149,651,252,399
124000150,157,412,-255
124000151,586,258,328
124000152,371,633,-262
124000153,519,473,46
124000154,235,283,-48
124000155,827,657,170
124000156,669,512,157
124000169,110,269,-159
124000170,291,319,-28
124000171,193,135,58
124000172,158,290,-132
124000173,330,134,196
124000174,272,269,3
124000175,4,31,-27
124000176,29,8,21
124000177,2,42,-40
124000178,37,44,-7
124000190,60,75,-15
124000191,54,220,-166
124000192,763,416,347
124000193,97,814,-717
124000194,174,243,-69
124000195,217,515,-298
124000196,528,496,32
124000197,19,24,-5
124000198,23,51,-28
124000201,179,360,-181
124000202,464,184,280
124000203,382,160,222
124000204,753,127,626
124000205,117,146,-29
124000206,782,146,636
124000207,0,12,-12
124000209,143,110,33
124000210,576,122,454
124000211,674,2,672
124000212,0,145,-145
124000213,537,110,427
124000214,383,162,221
124000215,339,22,317
124000216,1,120,-119
124000329,75,494,-419
124000338,72,203,-131
124000339,1000,45,955
124000341,1292,33,1259
124000344,18,14,4
124000357,1077,1875,-798
124000358,646,1244,-598
124000359,1014,628,386
124000360,714,410,304
124000361,1835,885,950
124000362,820,1141,-321
124000363,227,286,-59
124000364,371,369,2
124000365,534,654,-120
124000366,1097,557,540
124000367,59,148,-89
124000368,398,456,-58
124000369,123,79,44
124000370,64,468,-404
124000402,21,8,13
124000403,110,13,97
124000404,8,43,-35
124000405,622,445,177
124000406,383,307,76
124000407,1,15,-14
124000411,4,89,-85
124000412,263,2,261
124000413,57,24,33
124000414,120,60,60
124000415,27,37,-10
124000416,112,58,54
124000417,142,65,77
124000418,167,36,131
124000419,95,33,62
124000420,102,29,73
124000421,49,30,19
124000422,12,10,2
124000423,59,15,44
124000424,2,50,-48
124000425,87,0,87
124000426,11,41,-30
124000427,106,2,104
124000428,4,22,-18
124000429,59,37,22
124000430,537,251,286
124000431,186,145,41
124000432,153,382,-229
124000439,3,0,3
124000443,0,2,-2
124000445,243,1289,-1046
124000446,623,163,460
124000447,4,103,-99
124900001,695,280,415
124900002,114,130,-16
124900003,942,317,625
124900004,770,188,582
124900005,152,45,107
124900006,670,163,507
124900008,632,367,265
124900009,74,280,-206
124900010,101,120,-19
124900011,416,155,261
124900012,305,86,219
124900013,409,133,276
124900014,182,30,152
124900015,104,256,-152
124900016,67,80,-13
124900017,324,1619,-1295
124900018,83,6,77
124900020,63,23,40
124900021,234,23,211
124900022,36,3,33
124900024,217,3,214
124900026,61,20,41
124900027,125,343,-218
124900028,147,59,88
124900029,13,387,-374
124900030,3,32,-29
124900031,23,103,-80
124900032,114,145,-31
124900033,59,117,-58
124900034,13,72,-59
124900035,87,150,-63
124900036,1,44,-43
124900037,120,94,26
124900038,152,179,-27
124900039,2,46,-44
124900040,105,58,47
124900041,198,398,-200
124900042,45,1,44
124900043,306,416,-110
124900044,63,0,63
124900045,274,706,-432
124900047,61,54,7
124900048,184,50,134
124900050,160,84,76
124900052,56,214,-158
124900053,101,150,-49
124900054,587,272,315
124900055,1,93,-92
124900057,4,30,-26
124900060,30,111,-81
124900061,80,6,74
124900062,150,15,135
124900066,0,6,-6
124900067,4,48,-44
124900068,149,358,-209
124900070,32,24,8
124900072,103,43,60
124900075,234,144,90
124900076,13,985,-972
124900077,25,64,-39
124900078,46,20,26
124900079,201,86,115
124900080,288,241,47
124900081,1033,216,817
124900082,258,384,-126
124900083,202,203,-1
124900085,410,546,-136
124900086,31,865,-834
124900087,201,57,144
124900088,190,62,128
124900089,482,21,461
124900090,297,106,191
124900091,240,139,101
124900092,150,127,23
124900093,276,98,178
124900094,422,161,261
124900095,81,353,-272
124900096,276,112,164
124900097,277,20,257
124900098,86,155,-69
124900099,188,349,-161
124900100,193,23,170
124900101,38,157,-119
124900102,175,20,155
124900103,102,69,33
124900104,51,55,-4
124900105,55,55,0
124900106,260,11,249
124900107,66,17,49
124900108,82,65,17
124900111,3,149,-146
124900112,48,159,-111
124900113,44,191,-147
124900114,84,113,-29
124900115,10,26,-16
124900116,153,197,-44
124900117,125,163,-38
124900118,115,338,-223
124900119,294,95,199
124900120,38,162,-124
124900121,46,251,-205
124900122,146,106,40
124900123,144,80,64
124900124,67,142,-75
204000001,100,9,91
204000002,9,1,8
204000003,15,5,10
204000004,2,0,2
204000005,487,354,133
204000006,906,911,-5
204000011,11,19,-8
204000012,60,81,-21
204000019,718,297,421
204000020,586,345,241
204000021,825,520,305
204000022,709,322,387
204000023,498,412,86
204000031,22,11,11
204000032,190,18,172
204000034,22,54,-32
204000035,0,2,-2
204000036,4,23,-19
204000037,0,22,-22
204000038,0,10,-10
204000039,1,8,-7
204000040,2,14,-12
204000041,4,8,-4
204000042,20,8,12
204000043,17,1,16
204000044,20,0,20
204000045,16,2,14
204000046,6,1,5
204000057,2,4,-2
204000062,28,16,12
204000068,19,210,-191
204000069,75,267,-192
204000070,47,70,-23
204000080,51,47,4
204000085,1374,818,556
204000086,1431,1052,379
204000087,53,4,49
204000088,4,69,-65
204000090,35,106,-71
204000093,439,48,391
204000096,932,721,211
204000097,351,4,347
204000099,773,1262,-489
204000100,1310,1338,-28
204000105,1148,590,558
204000110,233,662,-429
204000111,404,399,5
204000112,309,350,-41
204000113,261,361,-100
204000114,678,530,148
204000115,504,204,300
204000116,359,376,-17
204000119,1561,1693,-132
204000132,496,274,222
204000133,703,83,620
204000134,113,39,74
204000135,507,25,482
204000136,410,150,260
204000138,313,427,-114
204000140,209,83,126
204000141,179,55,124
204000144,10,20,-10
204000145,314,68,246
204000146,6,157,-151
204000147,15,112,-97
204000148,160,33,127
204000154,15,2,13
204000155,4,1,3
204000177,38,28,10
204000179,123,14,109
204000180,0,20,-20
204000222,0,4,-4
204000235,25,10,15
204000236,17,109,-92
204000238,15,10,5
204000240,270,96,174
204000263,429,470,-41
204000268,563,351,212
204000308,109,32,77
204000317,11,28,-17
204000322,9,31,-22
204000323,7,3,4
204000328,142,57,85
204000329,38,80,-42
204000330,145,28,117
204000331,88,107,-19
205000001,694,855,-161
205000013,7,39,-32
205000014,26,54,-28
205000015,22,74,-52
205000016,16,66,-50
205000017,30,29,1
205000022,271,472,-201
205000025,863,553,310
205000029,210,4,206
205000045,78,905,-827
205000046,111,544,-433
205000047,25,269,-244
205000048,302,453,-151
205000049,145,411,-266
205000050,432,208,224
205000059,0,145,-145
205000060,0,102,-102
205000061,4,109,-105
205000062,2,209,-207
205000063,21,205,-184
205000064,28,63,-35
205000065,63,332,-269
205000066,99,327,-228
205000067,31,420,-389
205000069,176,11,165
205000082,106,108,-2
205000110,29,100,-71
205000111,157,133,24
205000112,89,132,-43
205000113,114,197,-83
205000121,168,39,129
205000123,32,122,-90
205000126,397,58,339
205000127,689,152,537
205000128,374,49,325
205000129,748,55,693
205000130,65,22,43
205000131,23,1,22
205000132,63,1,62
205000133,25,0,25
205000134,308,0,308
205000137,79,77,2
205000138,83,165,-82
205000139,16,40,-24
205000144,53,52,1
205000145,182,89,93
205000151,115,15,100
205000152,133,16,117
205000153,163,17,146
205000154,61,20,41
205000155,81,6,75
205000207,6,127,-121
205000233,41,5,36
205000234,0,2,-2
205000243,2,0,2
205000244,0,4,-4
205000245,6,78,-72
205000249,0,11,-11
205000250,5,1,4
205000264,2,50,-48
206000027,6,3,3
206000028,2,1,1
206000043,6,21,-15
206000053,2,6,-4
206000054,1,12,-11
206000055,1,9,-8
206000075,6,16,-10
206000076,14,23,-9
206000077,14,6,8
206000078,17,4,13
206000079,37,12,25
206000082,309,39,270
206000100,5,241,-236
206000103,3,5,-2
206000104,19,16,3
206000105,6,2,4
206000106,4,12,-8
206000125,103,0,103
206000157,20,239,-219
206000170,1,74,-73
206000171,1,124,-123
206000172,9,116,-107
206000173,3,84,-81
206000174,11,21,-10
206000175,2,39,-37
206000176,5,49,-44
206000177,1,44,-43
206000178,0,143,-143
206000179,0,41,-41
206000180,9,34,-25
206000181,4,25,-21
206000182,6,38,-32
206000183,0,110,-110
206000184,3,83,-80
206000185,5,25,-20
206000186,47,236,-189
206000223,0,107,-107
206000226,10,0,10
206000227,11,0,11
206000237,34,115,-81
206000238,12,185,-173
206000239,145,922,-777
206000240,0,36,-36
206000241,0,53,-53
206000242,8,75,-67
206000243,4,55,-51
206000244,54,146,-92
206000245,652,46,606
206000246,280,7,273
206000247,215,4,211
206000248,333,6,327
206000252,47,31,16
206000258,11,25,-14
206000315,48,7,41
206000317,459,67,392
206000318,813,65,748
206000319,1591,83,1508
206000320,294,34,260
206000321,263,4,259
206000322,477,19,458
206000323,242,5,237
206000324,279,4,275
206000325,143,20,123
206000326,128,9,119
206000327,49,7,42
206000328,170,3,167
206000329,212,2,210
206000330,54,8,46
206000331,236,2,234
206000332,59,0,59
206000333,657,1,656
206000334,249,1,248
206000335,0,13,-13
206000361,3,113,-110
206000392,2,7,-5
206000405,150,9,141
206000441,51,16,35
206000498,40,0,40
206000515,49,41,8
206000530,373,53,320
206000531,209,201,8
206000532,1226,259,967
206000535,69,1815,-1746
206000536,20,74,-54
206000537,14,56,-42
206000613,1439,159,1280
206000784,419,14,405
207000001,131,460,-329
207000002,82,345,-263
207000003,134,118,16
207000007,1150,161,989
207000008,86,7,79
207000009,47,24,23
207000010,198,157,41
207000012,433,112,321
207000015,168,453,-285
207000019,204,41,163
207000021,419,140,279
207000022,152,119,33
207000023,169,43,126
207000024,5,30,-25
207000025,12,52,-40
207000026,65,44,21
207000027,15,50,-35
207000028,57,104,-47
207000029,148,295,-147
207000033,170,362,-192
207000034,225,115,110
207000039,503,47,456
207000040,441,28,413
207000041,65,8,57
207000042,235,30,205
207000043,226,115,111
207000051,93,177,-84
207000052,25,107,-82
207000053,310,335,-25
207000054,49,49,0
207000055,146,54,92
207000056,261,161,100
207000057,91,157,-66
207000058,128,159,-31
207000059,80,191,-111
207000060,58,173,-115
207000061,100,750,-650
207000062,432,37,395
207000063,464,61,403
207000064,329,74,255
207000065,377,149,228
207000066,248,124,124
207000067,44,40,4
207000068,95,64,31
207000069,807,225,582
207000082,5,101,-96
207000083,72,167,-95
207000084,278,197,81
207000085,206,16,190
207000086,220,5,215
207000106,33,19,14
207000107,94,6,88
207000108,52,9,43
207000109,55,9,46
207000110,51,44,7
207000111,55,46,9
207000112,67,463,-396
207000114,9,39,-30
207000115,24,34,-10
207000116,25,288,-263
207000117,2,66,-64
207000118,5,52,-47
207000119,18,41,-23
207000123,120,8,112
207000124,84,12,72
207000125,64,15,49
207000126,55,33,22
207000134,111,66,45
207000135,34,117,-83
207000148,85,192,-107
207000149,38,14,24
207000152,85,374,-289
207000153,300,797,-497
207000154,266,153,113
207000159,77,101,-24
207000160,111,166,-55
207000238,1,108,-107
207000242,3,51,-48
207000248,24,20,4
207000249,57,17,40
207000250,257,52,205
207000251,61,46,15
207000252,21,20,1
207000278,92,73,19
207000279,11,68,-57
207000280,734,38,696
207000281,94,348,-254
207000282,46,101,-55
207000283,43,230,-187
207000284,33,314,-281
207000285,52,112,-60
207000291,10,67,-57
207000304,63,44,19
207000306,54,228,-174
207000310,116,61,55
207000353,163,1,162
207000356,9,30,-21
207000357,6,19,-13
207000358,3,23,-20
207000415,0,53,-53
207000417,32,6,26
207000418,86,87,-1
207000438,0,3,-3
207000439,487,410,77
207000446,177,5,172
207000460,32,6,26
207000466,117,121,-4
207000467,265,46,219
207000468,40,114,-74
207000476,4,38,-34
207000477,588,32,556
207000478,0,49,-49
207000523,0,16,-16
207000524,36,0,36
207000527,140,125,15
207000530,448,10,438
207000531,225,8,217
207000532,32,12,20
207000534,164,22,142
207000535,20,228,-208
207000537,8,57,-49
207000540,5,71,-66
207000541,3,118,-115
207000548,10,102,-92
207000549,134,9,125
207000561,163,155,8
207000562,31,66,-35
207000567,80,159,-79
207000568,190,22,168
207000569,428,160,268
207000584,71,95,-24
207000585,17,184,-167
207000587,119,15,104
207000616,0,60,-60
207000617,126,0,126
207000624,44,15,29
207000631,3,35,-32
207900008,218,44,174
208000001,464,957,-493
208000002,590,434,156
208000003,832,280,552
208000004,762,602,160
208000005,2,9,-7
208000019,529,613,-84
208000020,171,279,-108
208000021,217,188,29
208000022,810,283,527
208000028,502,1052,-550
208000033,475,400,75
208000034,757,1216,-459
208000037,222,12,210
208000040,178,87,91
208000041,625,356,269
208000042,628,456,172
208000047,94,121,-27
208000064,1411,1164,247
208000066,1198,1819,-621
208000070,374,213,161
208000071,490,374,116
208000072,398,631,-233
208000080,262,329,-67
208000081,350,104,246
208000082,300,104,196
208000083,131,171,-40
208000084,5,10,-5
208000085,492,351,141
208000086,407,696,-289
208000087,274,450,-176
208000089,876,205,671
208000090,868,301,567
208000093,133,173,-40
208000094,391,247,144
208000095,539,330,209
208000104,775,459,316
208000105,620,586,34
208000114,84,271,-187
208000115,389,234,155
208000116,552,837,-285
208000117,109,140,-31
208000118,87,158,-71
208000155,551,785,-234
208000158,943,2554,-1611
208000186,1613,2802,-1189
208000204,524,661,-137
208000205,920,554,366
208000282,2220,1805,415
209000004,332,154,178
209000005,23,35,-12
209000006,315,228,87
209000007,152,264,-112
209000010,243,95,148
209000011,58,203,-145
209000012,70,80,-10
209000013,163,118,45
209000014,240,367,-127
209000025,452,49,403
209000026,588,85,503
209000027,238,334,-96
209000028,179,257,-78
209000029,224,372,-148
209000030,266,579,-313
209000031,1604,795,809
209000034,155,192,-37
209000035,119,194,-75
209000036,230,78,152
209000037,281,144,137
209000038,108,112,-4
209000039,55,100,-45
209000040,231,323,-92
209000041,129,252,-123
209000042,243,207,36
209000043,387,499,-112
209000044,164,534,-370
209000045,774,272,502
209000046,440,312,128
209000047,337,95,242
209000048,472,249,223
209000049,89,60,29
209000050,135,59,76
209000051,186,96,90
209000052,122,101,21
209000062,47,26,21
209000063,37,19,18
209000064,9,20,-11
209000065,80,19,61
209000066,107,6,101
209000067,119,28,91
209000080,8,144,-136
209000082,52,16,36
209000091,15,35,-20
209000093,25,14,11
209000094,41,105,-64
209000110,53,113,-60
209000111,432,1185,-753
209000112,729,440,289
209000113,1159,513,646
209000114,591,391,200
209000115,64,46,18
209000116,323,153,170
209000118,12,32,-20
209000119,8,12,-4
209000121,85,255,-170
209000135,20,125,-105
209000142,428,1071,-643
209000143,41,28,13
209000144,13,91,-78
209000229,224,102,122
209000240,22,115,-93
209000259,25,37,-12
209000260,51,503,-452
209000261,5,181,-176
209000262,0,171,-171
209000263,0,199,-199
209000264,0,265,-265
209000265,292,3,289
209000266,81,3,78
209000267,806,2,804
209000268,445,53,392
210000037,60,8,52
210000047,73,9,64
210000048,104,11,93
210000049,46,2,44
210000052,29,36,-7
210000053,23,19,4
210000054,48,57,-9
210000070,132,2,130
210000071,90,1,89
210000072,18,0,18
210000073,0,24,-24
210000074,0,81,-81
210000075,0,106,-106
210000076,3,142,-139
210000077,8,38,-30
210000078,32,45,-13
210000079,27,13,14
210000080,31,50,-19
210000081,96,21,75
210000082,82,1,81
210000083,52,3,49
210000084,36,0,36
210000085,0,29,-29
210000086,1,45,-44
210000099,30,155,-125
210000100,46,85,-39
210000101,63,94,-31
210000105,21,125,-104
210000159,0,112,-112
210000163,49,126,-77
210000164,144,132,12
210000168,116,43,73
210000187,0,23,-23
210000188,0,16,-16
210000214,23,0,23
210000219,31,40,-9
210000220,80,32,48
210000232,1,5,-4
210000233,15,43,-28
210000234,22,82,-60
210000235,31,33,-2
210000245,0,11,-11
210000246,21,7,14
210000258,6,35,-29
210000259,252,51,201
210000282,32,134,-102
210000285,0,79,-79
210000286,8,68,-60
210000290,2,2,0
210000295,38,76,-38
210000296,30,14,16
210000320,161,27,134
210000321,95,23,72
210000338,22,35,-13
210000339,129,609,-480
210000340,70,203,-133
210000341,149,207,-58
210000342,189,144,45
210000343,118,136,-18
210000344,83,88,-5
210000345,71,146,-75
210000346,54,90,-36
210000347,23,56,-33
210000348,71,30,41
210000349,39,16,23
210000350,100,43,57
210000351,160,46,114
210000352,46,39,7
210000353,28,39,-11
210000354,51,69,-18
210000355,33,50,-17
210000356,13,33,-20
210000357,48,69,-21
210000358,166,119,47
210000359,65,73,-8
210000360,105,100,5
210000361,158,109,49
210000362,167,141,26
210000363,358,177,181
210000364,89,95,-6
210000365,115,57,58
210000366,93,47,46
210000367,78,11,67
210000368,114,36,78
210000369,14,11,3
210000370,36,23,13
210000372,5,21,-16
210000373,17,16,1
210000374,43,20,23
210000375,27,46,-19
210000376,36,73,-37
210000404,20,55,-35
210000439,21,10,11
210000472,47,3,44
210000482,32,85,-53
210000564,106,164,-58
210000567,2,25,-23
210000568,156,1,155
211000092,41,23,18
211000094,15,1,14
211000169,157,12,145
211000172,9,127,-118
211000209,1,31,-30
211000226,6,10,-4
211000270,20,7,13
211000275,12,15,-3
211000276,55,8,47
211000279,3,26,-23
211000281,40,11,29
211000302,24,14,10
211507980,0,77,-77
211977296,25,13,12
212000003,107,23,84
212000004,13,29,-16
212000005,2,51,-49
212000006,21,51,-30
212000008,126,91,35
212000009,23,73,-50
212000012,79,39,40
212000013,22,20,2
212000014,222,102,120
212000015,271,143,128
212000016,358,320,38
212000027,436,217,219
212000028,289,186,103
212000029,171,157,14
212000030,43,6,37
212000031,50,16,34
212000048,16,154,-138
212000049,16,181,-165
212000050,17,11,6
212000051,189,81,108
212000052,166,113,53
212000053,240,212,28
212000054,278,52,226
212000055,294,72,222
212000056,9,17,-8
212000057,12,13,-1
212000058,120,37,83
212000070,96,93,3
212000077,97,228,-131
212000099,219,164,55
212000108,126,75,51
212000111,197,50,147
212000120,117,44,73
212000138,116,15,101
212000156,6,57,-51
212000158,4,12,-8
212000159,400,25,375
212000160,614,126,488
212000161,51,0,51
212000310,47,19,28
212000311,8,41,-33
212000374,35,5,30
213000001,33,221,-188
213000005,296,113,183
213000006,552,223,329
213000007,51,8,43
213000009,288,252,36
213000010,146,224,-78
213000011,140,74,66
213000012,106,134,-28
213000014,63,7,56
213000015,249,3,246
213000016,232,1,231
213000017,54,0,54
213000018,2,31,-29
213000019,0,50,-50
213000020,91,176,-85
213000021,3,75,-72
213000023,257,155,102
213000033,290,1150,-860
213000034,374,128,246
213000035,112,160,-48
213000045,178,247,-69
213000046,151,118,33
213000047,378,891,-513
213000056,102,19,83
213000069,78,6,72
213000073,3,55,-52
213000074,78,234,-156
213000075,414,5,409
213000076,19,3,16
213000085,0,16,-16
213000086,6,123,-117
213000091,251,7,244
213000092,33,6,27
213000099,115,930,-815
213000100,691,230,461
213000101,457,62,395
213000102,483,113,370
213000103,562,466,96
213000104,44,203,-159
213000105,75,973,-898
213000106,51,83,-32
213000107,129,212,-83
213000108,43,192,-149
213000109,31,149,-118
213000110,9,61,-52
213000111,6,50,-44
213000112,96,85,11
213000115,30,3,27
213000116,32,256,-224
213000117,4,360,-356
213000118,562,178,384
213000119,31,388,-357
213000120,62,185,-123
213000122,73,220,-147
213000123,173,356,-183
213000124,114,507,-393
213000125,104,24,80
213000126,25,52,-27
213000127,43,147,-104
213000128,149,866,-717
213000129,170,572,-402
213000130,691,243,448
213000132,454,106,348
213000133,691,72,619
213000134,812,7,805
213000136,428,16,412
213000137,644,48,596
213000139,229,14,215
213000147,28,13,15
213000148,19,18,1
213000149,16,14,2
213000150,0,185,-185
213000151,2,170,-168
213000152,2,130,-128
213000153,2,168,-166
213000154,60,112,-52
213000155,64,115,-51
213000156,109,192,-83
213000157,525,261,264
213000158,311,638,-327
213000159,526,264,262
213000163,764,60,704
213000165,659,247,412
213000171,0,18,-18
213000172,2,120,-118
213000173,0,86,-86
213000174,0,52,-52
213000175,6,27,-21
213000176,32,28,4
213000177,64,1,63
213000178,180,1,179
213000179,223,1,222
213000180,156,0,156
213000184,49,271,-222
213000188,378,58,320
213000189,342,33,309
213000190,480,426,54
213000191,299,175,124
213000192,231,129,102
213000193,330,142,188
213000194,3,118,-115
213000195,11,237,-226
213000196,159,908,-749
213000197,430,342,88
213000198,30,2,28
213000200,88,414,-326
213000201,26,39,-13
213000202,4,276,-272
213000203,1607,384,1223
213000204,622,26,596
213000205,242,40,202
213000206,305,11,294
213000207,67,2,65
213000208,32,1,31
213000209,75,4,71
213000210,174,2,172
213000211,13,30,-17
213000212,7,36,-29
213000213,26,86,-60
213000218,185,256,-71
213000219,411,19,392
213000220,432,5,427
213000223,126,163,-37
213000224,22,43,-21
213000225,37,14,23
213000226,77,5,72
213000227,834,158,676
213000228,437,75,362
213000229,63,34,29
213000230,488,13,475
213000232,56,442,-386
213000233,18,104,-86
213000234,2,103,-101
213000293,20,70,-50
213000294,66,23,43
213000295,22,105,-83
213000296,38,13,25
213000297,8,43,-35
213000298,12,60,-48
213000299,44,17,27
213000300,1,8,-7
213000303,12,21,-9
213000304,1,8,-7
213000305,2,20,-18
213000306,30,46,-16
213000307,50,71,-21
213000308,59,66,-7
213000309,157,53,104
213000310,267,152,115
213000311,135,584,-449
213000315,89,75,14
213000316,103,31,72
213000322,70,56,14
213000323,116,46,70
213000324,60,11,49
213000325,55,34,21
213000326,15,16,-1
213000327,15,24,-9
213000328,27,94,-67
213000329,71,6,65
213000340,127,265,-138
213000341,539,78,461
213000346,133,219,-86
213000347,341,338,3
213000348,3,165,-162
213000349,7,21,-14
213000350,235,492,-257
213000366,55,109,-54
213000367,345,14,331
213000379,34,93,-59
213000386,32,127,-95
213000406,135,159,-24
213000417,973,350,623
213000425,248,30,218
213000426,199,22,177
213000427,31,80,-49
213000428,42,44,-2
213000429,1,1,0
213000430,51,183,-132
213000431,9,1,8
213000432,1,21,-20
213000433,12,80,-68
213000434,70,45,25
213000435,131,42,89
213000436,65,30,35
213000437,1,3,-2
213000438,153,9,144
213000439,31,11,20
213000440,6,183,-177
213000441,0,2,-2
213000442,3,30,-27
213000443,351,156,195
213000444,39,18,21
213000445,0,50,-50
213000446,1,18,-17
213000447,5,29,-24
213000448,9,102,-93
213000449,347,4,343
213000450,15,28,-13
213000451,185,32,153
213000452,14,10,4
213000453,21,147,-126
213000455,116,1,115
213000456,0,185,-185
213000481,4,7,-3
213000482,18,1,17
213000489,95,41,54
213000491,3,190,-187
213000492,137,28,109
213000493,6,178,-172
213000494,201,50,151
213000495,0,22,-22
213000496,368,77,291
213000497,29,146,-117
213000498,86,59,27
213000499,136,124,12
213000500,458,31,427
213000501,93,15,78
213000502,125,84,41
213000503,2,27,-25
213000504,6,28,-22
213000505,6,8,-2
213000506,0,16,-16
213000507,2,74,-72
213900244,71,0,71
213900245,0,7,-7
218000003,7,20,-13
218000004,22,18,4
218000005,19,30,-11
218000006,51,25,26
218000007,9,6,3
218000012,90,98,-8
218000013,105,120,-15
218000014,271,241,30
218000019,350,326,24
218000020,143,238,-95
218000021,18,20,-2
218000022,7,7,0
218000023,2,12,-10
218000024,2,11,-9
218000025,14,6,8
218000026,6,10,-4
218000027,1,3,-2
218000028,2,1,1
218000029,0,4,-4
218000030,15,7,8
218000031,5,11,-6
218000032,0,9,-9
218000040,5,0,5
218000046,64,32,32
218000047,10,59,-49
218000048,38,41,-3
218000049,58,49,9
218000050,279,134,145
218000051,49,85,-36
218000052,0,24,-24
218000053,5,21,-16
218000054,5,29,-24
218000055,5,8,-3
218000056,14,6,8
218000057,5,14,-9
218000064,1,5,-4
218000065,50,12,38
218000066,1,25,-24
218000067,80,36,44
218000068,95,40,55
218000069,270,43,227
218000070,197,120,77
218000071,208,98,110
218000072,162,111,51
218000078,826,337,489
218000079,145,49,96
218000080,112,25,87
218000081,468,126,342
218000082,65,52,13
218000083,51,29,22
218000084,108,53,55
218000085,118,154,-36
218000086,58,42,16
218000087,184,68,116
218000090,10,72,-62
218000091,877,409,468
218000092,72,81,-9
218000093,63,37,26
218000094,375,424,-49
218000099,166,462,-296
218000100,306,166,140
218000101,245,150,95
218000102,376,103,273
218000103,65,52,13
218000104,80,21,59
218000105,6,9,-3
218000106,6,10,-4
218000107,51,26,25
218000108,5,15,-10
218000112,64,19,45
218000117,39,50,-11
218000134,481,296,185
218000135,6,96,-90
218000136,112,123,-11
218000137,216,153,63
218000138,36,96,-60
218000139,134,207,-73
218000140,374,170,204
218000141,89,38,51
218000142,198,72,126
218000143,71,164,-93
218000144,40,80,-40
218000145,403,188,215
218000146,72,94,-22
218000151,1,12,-11
218000152,54,56,-2
218000153,3,5,-2
218000154,8,0,8
218000155,29,3,26
218000156,53,9,44
218000157,37,19,18
218000158,21,5,16
218000159,2,6,-4
218000160,7,13,-6
218000161,31,6,25
218000162,33,4,29
218000163,14,2,12
218000164,33,0,33
218000165,61,13,48
218000170,7,33,-26
218000171,39,13,26
218000172,14,7,7
218000173,20,14,6
218000174,20,9,11
218000176,205,56,149
218000177,278,130,148
218000178,70,138,-68
218000179,98,68,30
218000180,100,14,86
218000181,253,31,222
218000187,8,27,-19
218000188,11,42,-31
218000189,18,45,-27
218000190,9,9,0
218000191,124,16,108
218000192,150,77,73
218000193,335,183,152
218000194,88,175,-87
218000195,109,34,75
218000196,298,149,149
218000197,408,192,216
218000198,27,49,-22
218000199,32,18,14
218000200,49,23,26
218000201,16,22,-6
218000202,54,232,-178
218000207,3,14,-11
218000208,27,35,-8
218000211,28,25,3
218000212,0,4,-4
218000213,58,41,17
218000214,5,26,-21
218000215,24,12,12
218000217,7,55,-48
218000218,105,27,78
218000219,3,18,-15
218000220,20,326,-306
218000221,352,157,195
218000222,1,31,-30
218000223,27,263,-236
218000224,7,79,-72
218000225,222,20,202
218000226,144,48,96
218000230,0,5,-5
218000232,22,29,-7
218000239,118,20,98
218000240,9,1,8
218000241,29,2,27
218000242,5,0,5
218000243,19,0,19
218000244,22,3,19
218000245,13,1,12
218000246,0,0,0
218000247,0,0,0
218000248,2,35,-33
218000249,0,13,-13
218000250,8,19,-11
218000251,1,132,-131
218000252,3,569,-566
218000253,3,418,-415
218000254,0,121,-121
218000255,7,59,-52
218000256,13,149,-136
218000267,272,808,-536
218000268,6,33,-27
218000269,3,14,-11
218000270,113,33,80
218000271,5,41,-36
218000273,44,1,43
218000274,12,2,10
218000275,25,36,-11
218000276,14,15,-1
218000278,11,37,-26
218000279,97,18,79
218000280,7,29,-22
218000281,17,30,-13
218000282,379,476,-97
218000284,36,2,34
218000301,94,125,-31
218000302,84,43,41
218000303,11,62,-51
218000316,598,423,175
218000317,1257,475,782
218000318,817,337,480
218000319,1017,494,523
218000320,751,347,404
218000338,24,36,-12
218000345,64,40,24
218000346,13,107,-94
218000459,16,81,-65
218000490,15,41,-26
218000501,75,26,49
218000502,41,32,9
218000503,128,17,111
218000504,84,10,74
218000505,38,51,-13
218000506,15,149,-134
218000508,2,6,-4
218000510,96,10,86
218000520,74,82,-8
218000521,9,41,-32
218000522,1,121,-120
218000523,110,6,104
218000524,8,155,-147
218000525,104,19,85
218000526,18,198,-180
218000529,28,70,-42
218000530,9,5,4
218000531,8,9,-1
218000532,37,24,13
218000534,153,7,146
218000537,15,56,-41
218000538,102,219,-117
218000540,55,58,-3
218000543,109,67,42
218000544,40,39,1
218000545,86,92,-6
218000546,23,55,-32
218000547,124,154,-30
218000548,75,79,-4
218000549,514,262,252
218000550,123,190,-67
218000551,73,569,-496
218000552,182,268,-86
218000553,62,235,-173
218000554,31,63,-32
218000555,24,44,-20
218000556,205,128,77
218000557,311,170,141
218000558,57,0,57
218000559,1,50,-49
218000560,0,48,-48
218000561,10,0,10
218000562,23,168,-145
218000563,151,34,117
218000564,12,171,-159
218000565,92,20,72
218000566,125,27,98
218000567,4,159,-155
218000568,21,2,19
218000569,6,154,-148
218000570,52,31,21
218000571,1,102,-101
218000572,89,4,85
218000573,9,233,-224
218000574,35,19,16
218000575,83,1,82
218000576,1,79,-78
218000577,97,2,95
218000578,2,80,-78
218000579,12,10,2
218000581,4,53,-49
218000582,46,3,43
218000583,3,0,3
218000584,0,44,-44
218000585,45,7,38
218000586,2,23,-21
218000587,2,2,0
218000588,0,7,-7
218000589,0,12,-12
218000590,7,7,0
218000591,2,7,-5
218000592,3,0,3
218000593,0,1,-1
218000594,0,12,-12
218000597,0,2,-2
218000598,0,0,0
218000599,0,2,-2
218000600,0,0,0
218000601,0,0,0
218000602,0,0,0
218000603,0,4,-4
218000604,27,2,25
218000605,0,31,-31
218000606,76,1,75
218000607,12,34,-22
218000608,47,15,32
218000609,9,43,-34
218000610,60,9,51
218000611,12,0,12
218000612,1,37,-36
218000613,68,0,68
218000614,0,20,-20
218000615,126,1,125
218000616,12,71,-59
218000617,11,2,9
218000618,0,38,-38
218000619,7,11,-4
218000620,0,4,-4
218000621,0,1,-1
218000622,0,6,-6
218000623,32,0,32
218000624,0,16,-16
218000625,5,0,5
218000626,0,16,-16
218000628,205,43,162
218000631,25,17,8
218000632,0,85,-85
218000633,48,0,48
218000634,5,29,-24
218000635,9,18,-9
218000636,596,494,102
218000637,806,178,628
218000638,234,24,210
218000639,9,66,-57
218000640,375,17,358
218000641,52,104,-52
218000652,25,23,2
218000653,154,72,82
218000663,11,108,-97
218000675,169,45,124
218000676,2,6,-4
218000677,14,2,12
218000680,177,262,-85
218000681,347,132,215
218000691,274,92,182
218000693,276,102,174
218000703,1,15,-14
218000718,27,232,-205
218000719,45,297,-252
218000720,12,356,-344
218000721,82,33,49
218000725,14,2,12
218001147,1,55,-54
218001214,2,42,-40
218001258,142,2,140
218001329,90,123,-33
218001330,86,61,25
218001351,22,29,-7
218001352,10,59,-49
218001353,9,8,1
218001354,5,22,-17
218001355,8,69,-61
218001356,261,23,238
218001357,23,68,-45
218001358,240,21,219
218001361,328,5,323
218001362,0,21,-21
219000001,23,19,4
219000002,10,27,-17
219000003,38,16,22
219000004,25,50,-25
219000017,43,43,0
219000020,128,27,101
219000022,103,5,98
219000023,46,3,43
219000029,0,31,-31
219000034,25,20,5
219000039,60,128,-68
219000040,32,68,-36
219000041,104,11,93
219000051,0,38,-38
219000052,0,20,-20
219000053,2,31,-29
219000054,13,67,-54
219000055,209,0,209
219000056,6,0,6
219000057,53,1,52
219000062,17,41,-24
219000063,65,7,58
219000064,1,34,-33
219000110,256,73,183
219000111,62,32,30
219000112,173,57,116
219000113,98,37,61
219000114,106,36,70
219000116,80,35,45
219000117,115,70,45
219000118,113,58,55
219000123,111,42,69
219000124,39,46,-7
219000125,13,9,4
219000126,29,117,-88
219000127,0,2,-2
219000128,10,98,-88
219000129,11,100,-89
219000130,197,426,-229
219000131,473,685,-212
219000133,32,55,-23
219000134,5,25,-20
219000135,21,43,-22
219000136,51,116,-65
219000138,52,9,43
219000139,38,17,21
219000140,54,1,53
219000141,34,50,-16
219000142,9,37,-28
219000143,13,39,-26
219000145,9,24,-15
219000146,2,14,-12
219000147,3,20,-17
219000148,2,15,-13
219000149,10,22,-12
219000150,0,36,-36
219000151,1,6,-5
219000157,182,59,123
219000158,77,90,-13
219000161,97,4,93
219000163,632,330,302
219000166,76,139,-63
219000167,38,70,-32
219000168,121,55,66
219000174,375,71,304
219000175,71,6,65
219000176,129,6,123
219000177,44,0,44
219000178,50,0,50
219000179,37,5,32
219000180,24,15,9
219000182,124,32,92
219000183,52,14,38
219000184,62,3,59
219000185,1,13,-12
219000186,58,5,53
219000187,12,58,-46
219000189,26,129,-103
219000190,53,146,-93
219000191,187,1357,-1170
219000192,127,108,19
219000193,86,81,5
219000195,2,20,-18
219000196,3,47,-44
219000198,6,48,-42
219000199,21,107,-86
219000200,30,87,-57
219000201,44,103,-59
219000203,14,92,-78
219000204,52,308,-256
219000205,45,143,-98
219000207,86,172,-86
219000209,36,24,12
219000210,6,51,-45
219000213,3,78,-75
219000239,136,175,-39
219000240,178,227,-49
219000241,107,99,8
219000242,14,63,-49
219000243,100,186,-86
219000244,17,63,-46
219000245,19,36,-17
219000246,18,22,-4
219000247,155,30,125
219000248,344,318,26
219000249,126,74,52
219000250,112,94,18
219000251,395,162,233
219000252,172,114,58
219000253,388,80,308
219000255,118,80,38
219000256,200,46,154
219000257,80,0,80
219000262,62,52,10
219000263,61,71,-10
219000267,5,31,-26
219000268,2,2,0
219000269,5,1,4
219000270,6,0,6
219000271,161,4,157
219000278,1,3,-2
219000279,1,3,-2
219000283,0,5,-5
219000295,12,45,-33
219000296,35,184,-149
219000297,33,49,-16
219000298,11,32,-21
219000299,265,40,225
219000300,18,69,-51
219000301,97,249,-152
219000302,25,134,-109
219000307,31,13,18
219000308,36,30,6
219000311,168,38,130
219000312,344,94,250
219000313,300,34,266
219000314,27,155,-128
219000315,244,19,225
219000316,501,47,454
219000317,102,5,97
219000320,0,34,-34
219000321,1,29,-28
219000323,5,41,-36
219000325,6,6,0
219000326,43,36,7
219000327,35,21,14
219000328,18,22,-4
219000329,202,63,139
219000330,15,22,-7
219000331,16,16,0
219000332,122,45,77
219000333,35,3,32
219000335,56,1,55
219000337,14,0,14
219000338,40,1,39
219000344,13,46,-33
219000345,32,48,-16
219000346,24,45,-21
219000348,141,41,100
219000349,46,74,-28
219000350,74,329,-255
219000351,1,9,-8
219000352,331,66,265
219000353,80,34,46
219000354,195,63,132
219000355,141,32,109
219000356,466,1039,-573
219000363,122,87,35
219000364,84,36,48
219000365,86,18,68
219000366,162,255,-93
219000368,258,408,-150
219000370,603,529,74
219000371,7,20,-13
219000382,4,7,-3
219000383,270,867,-597
219000385,229,397,-168
219000386,408,1210,-802
219000387,0,6,-6
219000390,3,1,2
219000391,0,3,-3
219000397,28,27,1
219000398,28,36,-8
219000401,6,43,-37
219000402,18,45,-27
219000403,78,224,-146
219000404,17,93,-76
219000407,6,21,-15
219000409,54,40,14
219000410,108,49,59
219000411,58,19,39
219000446,56,275,-219
219000447,3,18,-15
219000448,7,7,0
219000452,65,73,-8
219000453,33,164,-131
219000454,118,229,-111
219000556,226,76,150
219000558,81,86,-5
219000590,13,108,-95
219000591,93,36,57
219000592,67,188,-121
219000595,0,7,-7
219000635,106,27,79
219000636,33,25,8
219000657,14,7,7
219000658,32,93,-61
219000673,1,4,-3
219000676,5,1,4
219000679,26,6,20
219000684,54,0,54
219000685,0,15,-15
219000686,0,4,-4
219000688,0,28,-28
219000689,7,150,-143
219000690,87,12,75
219000691,22,113,-91
219000692,86,18,68
219000693,1,10,-9
219000694,11,0,11
219000695,27,0,27
219000698,16,0,16
219000699,0,15,-15
219000727,3,57,-54
219000728,60,0,60
219000770,32,0,32
219000771,0,33,-33
219000788,224,167,57
219001150,0,29,-29
219001151,1,1,0
219001166,23,22,1
219001167,1,51,-50
219001178,30,0,30
220000001,22,64,-42
220000002,3,92,-89
220000003,184,75,109
220000004,187,163,24
220000005,365,779,-414
220000006,99,396,-297
220000007,285,185,100
220000008,208,352,-144
220000009,199,274,-75
220000010,107,65,42
220000011,233,1816,-1583
220000012,39,121,-82
220000014,95,68,27
220000015,56,281,-225
220000017,20,122,-102
220000018,3630,1171,2459
220000019,84,357,-273
220000020,317,160,157
220000021,610,79,531
220000022,757,235,522
220000023,333,105,228
220000024,894,309,585
220000025,529,959,-430
220000026,216,272,-56
220000027,29,54,-25
220000028,38,36,2
220000029,24,53,-29
220000030,33,51,-18
220000031,473,193,280
220000064,18,686,-668
221000046,0,0,0
221000047,0,0,0
221000048,0,3,-3
221000049,0,4,-4
221000050,5,0,5
221000055,21,43,-22
221000057,75,10,65
221000068,227,92,135
221000069,199,37,162
221000070,142,21,121
221000071,84,10,74
221000072,164,4,160
221000073,84,21,63
221000074,1,7,-6
221000075,5,17,-12
221000076,11,9,2
221000077,5,62,-57
221000081,17,2,15
221000082,65,2,63
221000083,12,2,10
221000084,24,3,21
221000085,6,31,-25
221000086,14,60,-46
221000087,6,86,-80
221000088,24,94,-70
221000089,34,171,-137
221000090,74,361,-287
221000098,81,12,69
221000099,194,9,185
221000100,105,4,101
221000101,235,13,222
221000102,145,13,132
221000109,8,76,-68
221000110,4,36,-32
221000111,7,134,-127
221000112,2,99,-97
221000113,14,81,-67
221000114,12,104,-92
221000120,37,21,16
221000121,0,22,-22
221000122,34,35,-1
221000123,13,16,-3
221000124,24,130,-106
221000155,84,20,64
221000156,67,37,30
221000175,2,6,-4
221000176,0,2,-2
221000182,40,3,37
221000241,492,264,228
221000242,110,268,-158
221000243,479,153,326
221000244,201,409,-208
221000245,83,84,-1
221000246,23,216,-193
221000247,134,77,57
221000248,125,124,1
221000267,37,299,-262
221000325,19,25,-6
221000331,14,34,-20
221000338,19,49,-30
221000378,187,43,144
221000381,35,77,-42
222000282,20,3,17
222000296,3,9,-6
222000568,221,10,211
222000569,189,37,152
222000570,114,16,98
222000571,286,26,260
222000577,4,77,-73
222000578,16,113,-97
222000579,17,60,-43
222000580,58,409,-351
222000599,2,108,-106
222000600,1,133,-132
222000601,4,385,-381
222000603,1,32,-31
222000604,1,35,-34
222000605,19,34,-15
222000606,2,15,-13
222000607,2,12,-10
222000608,21,29,-8
222000609,40,93,-53
222000616,391,18,373
222000617,5,18,-13
222000618,4,5,-1
222000620,21,36,-15
222000621,35,13,22
222000623,457,7,450
222000624,312,4,308
222000625,424,15,409
222000636,29,5,24
222000686,11,29,-18
222000687,36,23,13
222001066,209,2,207
222001067,14,0,14
222001068,59,5,54
222001069,57,19,38
222001082,10,9,1
222001083,18,8,10
222001084,0,26,-26
222001085,1,74,-73
222001111,26,40,-14
222001112,160,18,142
222001313,26,9,17
222001314,14,64,-50
222001464,272,46,226
222001465,18,58,-40
222001484,148,24,124
222001485,18,48,-30
222001494,534,106,428
222001495,91,85,6
222001496,274,64,210
222001497,71,176,-105
222001502,17,33,-16
222001503,93,15,78
222001504,28,120,-92
222001505,295,10,285
222001506,40,195,-155
222001507,199,18,181
222001510,439,16,423
222001511,44,106,-62
222001514,488,134,354
222001515,93,195,-102
222001518,324,46,278
222001519,39,66,-27
222001527,127,19,108
222001528,13,67,-54
222001529,270,16,254
222001530,50,79,-29
222001533,99,107,-8
222001534,289,27,262
222001535,215,178,37
222001536,33,100,-67
222001537,288,40,248
222001538,40,179,-139
222001563,788,46,742
222001564,64,167,-103
222001568,197,181,16
222001576,0,2,-2
222001579,0,11,-11
222001583,14,51,-37
222001584,115,24,91
222001596,245,576,-331
222001597,878,223,655
222001626,0,81,-81
222001650,35,76,-41
222001651,28,216,-188
222001914,118,14,104
222001915,15,83,-68
222001968,402,200,202
222001969,208,278,-70
222001970,112,293,-181
222001971,20,4,16
222001972,3,4,-1
225000001,278,142,136
225000002,494,126,368
225000003,581,46,535
225000004,336,147,189
225000005,115,35,80
225000006,0,88,-88
225000007,605,809,-204
225000010,162,12,150
225000011,154,659,-505
225000012,189,418,-229
225000013,68,57,11
225000014,482,65,417
225000015,64,77,-13
225000021,598,92,506
225000027,114,201,-87
225000032,520,90,430
225000042,45,288,-243
225000049,35,37,-2
225000050,116,3,113
225000053,9,172,-163
225000058,418,129,289
225000067,113,107,6
225000068,53,112,-59
225000069,46,190,-144
225000070,75,140,-65
225000071,31,54,-23
225000075,6,322,-316
225000076,33,83,-50
225000078,40,17,23
225000085,71,73,-2
225000086,180,31,149
225000087,101,9,92
225000088,6,71,-65
225000089,58,634,-576
225000090,15,227,-212
225000091,77,66,11
225000092,14,39,-25
225000093,130,121,9
225000094,6,98,-92
225000095,122,161,-39
225000096,141,232,-91
225000098,499,164,335
225000099,286,108,178
225000100,315,94,221
225000104,65,228,-163
225000110,6,186,-180
225000111,134,476,-342
225000112,132,541,-409
225000113,97,416,-319
225000114,80,137,-57
225000115,785,377,408
225000116,474,121,353
225000117,498,181,317
225000118,822,179,643
225000119,205,61,144
225000120,579,26,553
225000121,156,19,137
225000123,357,3,354
225000125,429,72,357
225000126,591,126,465
225000127,476,887,-411
225000128,338,608,-270
225000132,351,28,323
225000133,156,19,137
225000134,539,100,439
225000135,34,10,24
225000136,266,8,258
225000137,184,31,153
225000138,361,55,306
225000143,30,127,-97
225000144,2,203,-201
225000145,27,17,10
225000146,25,38,-13
225000147,32,70,-38
225000148,6,88,-82
225000149,23,141,-118
225000151,22,63,-41
225000155,242,235,7
225000156,96,563,-467
225000157,289,227,62
225000158,49,116,-67
225000171,4,66,-62
225000180,20,1,19
225000181,0,43,-43
225000182,78,3,75
225000185,0,269,-269
225000187,20,201,-181
225000191,34,1,33
225000194,0,10,-10
225000208,1,15,-14
225000209,81,10,71
225000210,2,125,-123
225000217,0,6,-6
225000218,10,1,9
225000223,0,44,-44
225000224,33,0,33
225000225,0,22,-22
225000226,23,1,22
225000227,16,47,-31
225000228,3,1,2
225000229,0,33,-33
225000230,6,1,5
225000231,0,30,-30
225000232,116,0,116
225000241,38,0,38
225000242,1,26,-25
225000249,7,0,7
225000250,47,258,-211
225000251,344,28,316
226000042,106,176,-70
226000043,25,201,-176
226000044,46,180,-134
226000045,41,128,-87
226000046,415,57,358
226000047,395,74,321
226000048,352,95,257
226000049,233,159,74
226000070,0,17,-17
226000071,0,16,-16
226000072,0,9,-9
226000073,0,6,-6
226000074,0,6,-6
226000084,0,12,-12
226000085,0,6,-6
226000086,2,10,-8
226000087,0,16,-16
226000088,4,4,0
226000090,40,80,-40
226000091,9,29,-20
226000092,2,11,-9
226000093,12,4,8
226000094,3,3,0
226000095,7,4,3
226000105,11,0,11
226000106,8,0,8
226000107,16,0,16
226000108,27,5,22
226000109,87,0,87
226000124,97,69,28
226000134,607,390,217
226000135,1096,374,722
226000136,463,269,194
226000137,3,112,-109
226000138,10,56,-46
226000139,0,24,-24
226000156,207,2,205
226000157,182,5,177
226000163,11,42,-31
226000202,8,83,-75
226000231,444,4,440
226000232,20,7,13
227000033,402,74,328
227000036,378,36,342
227000037,371,24,347
227000038,160,38,122
227000049,0,53,-53
227000050,0,60,-60
227000055,60,1,59
227000056,41,0,41
227000084,2,118,-116
227000085,0,57,-57
227000088,34,9,25
227000089,84,0,84
227000090,39,5,34
227000091,12,1,11
227000093,102,0,102
227000094,9,0,9
227000130,37,230,-193
227000131,21,117,-96
227000132,15,116,-101
227000133,12,98,-86
227000134,26,212,-186
227000152,0,11,-11
227000153,1,112,-111
227000155,4,24,-20
227000156,0,5,-5
227000165,9,218,-209
227000196,290,66,224
227000199,371,179,192
227000230,11,143,-132
227000232,518,30,488
227000242,50,347,-297
227000243,380,67,313
227000245,32,199,-167
227000246,119,185,-66
227000247,428,67,361
227000248,150,52,98
227000249,20,113,-93
227000250,280,177,103
227000251,76,265,-189
227000252,52,138,-86
227000253,169,16,153
227000262,371,37,334
227000266,1102,16,1086
227000267,24,573,-549
227000282,5,59,-54
227000284,383,10,373
227000286,0,16,-16
227000287,9,42,-33
227000291,6,185,-179
227000484,194,5,189
227000485,7,483,-476
227000655,84,8,76
227000656,400,16,384
227000657,43,3,40
227000661,224,8,216
227000680,91,44,47
229000265,15,7,8
229000296,2,3,-1
229000297,3,7,-4
229000298,3,73,-70
229000320,4,7,-3
229000321,8,6,2
229000412,9,46,-37
229000414,4,54,-50
229000415,14,5,9
229000416,4,12,-8
229000417,1,5,-4
229000419,55,227,-172
229000440,244,64,180
229000442,14,5,9
229000443,1,5,-4
229000444,1,29,-28
229000445,58,5,53
229000446,52,9,43
229000491,3,4,-1
229000492,4,24,-20
229000493,5,29,-24
229000494,40,0,40
229000495,96,3,93
229000496,49,4,45
229000507,0,25,-25
229000508,0,30,-30
229000509,0,40,-40
229000510,0,13,-13
229000511,0,20,-20
229000512,0,18,-18
229000513,1,3,-2
229000514,1,0,1
229000517,1,4,-3
229000518,5,7,-2
229000519,0,0,0
229000520,5,21,-16
229000521,32,12,20
229000522,6,1,5
229000523,4,2,2
229000524,1,2,-1
229000527,0,1,-1
229000528,2,0,2
229000529,11,0,11
229000530,31,0,31
229000531,24,0,24
229000532,14,0,14
229000533,28,0,28
229000534,21,0,21
229000564,32,0,32
229000565,20,0,20
229000566,0,1,-1
229000567,0,12,-12
229000582,55,0,55
229000583,1,0,1
229000584,0,14,-14
229000585,0,56,-56
229000718,0,3,-3
229000719,0,7,-7
229000720,0,4,-4
229000721,0,0,0
229000722,0,3,-3
229000723,0,1,-1
229000724,0,0,0
229000725,0,2,-2
229000738,0,0,0
229000739,2,0,2
229000740,0,0,0
229000741,14,0,14
229000742,6,0,6
229000743,15,0,15
229000744,0,0,0
229000745,0,0,0
229000746,6,0,6
229000847,52,0,52
229000848,17,0,17
229000849,78,1,77
229000851,42,1,41
229000854,0,2,-2
229000856,1,22,-21
229000857,0,19,-19
229000858,0,14,-14
229000919,0,33,-33
229000930,2,108,-106
229000937,61,7,54
229000966,27,34,-7
229000981,8,8,0
229000985,4,22,-18
229000986,3,3,0
229000987,0,5,-5
229000988,0,6,-6
229000989,12,1,11
229000990,1,1,0
229000991,3,0,3
229000992,15,4,11
229000993,129,10,119
229000998,7,58,-51
229000999,73,9,64
229001034,0,6,-6
229001035,3,4,-1
229001037,22,5,17
229001042,16,16,0
229001047,10,28,-18
229001050,28,27,1
229001168,0,7,-7
229001200,6,9,-3
229001338,4,4,0
229001394,168,2,166
229001422,83,26,57
229001423,23,62,-39
229001431,13,23,-10
229001432,12,22,-10
229001444,159,36,123
229001445,35,96,-61
229001479,12,3,9
229001503,193,32,161
229001504,90,61,29
229001505,100,33,67
229001506,52,67,-15
229001509,37,16,21
229001545,86,2,84
229001546,6,40,-34
229001553,48,17,31
229001554,19,42,-23
229001559,5,5,0
229001560,8,25,-17
229001630,35,1,34
229001631,10,8,2
229001635,0,33,-33
229001636,2,0,2
229001658,1,51,-50
229001659,48,0,48
229001660,6,6,0
229001661,5,17,-12
229001662,5,1,4
229001663,0,11,-11
229002584,141,107,34
229002831,94,72,22
229002841,9,23,-14
229002842,25,10,15
229002843,29,39,-10
229002844,16,45,-29
229002845,6,78,-72
229002846,14,13,1
229002847,1,6,-5
229002848,3,7,-4
229002849,7,66,-59
229002850,5,0,5
229002851,20,115,-95
229002852,127,9,118
229002853,120,7,113
229002854,34,55,-21
229002855,9,28,-19
229002856,20,9,11
229002857,19,140,-121
229002858,9,10,-1
229002859,20,81,-61
229002860,77,10,67
229002861,22,25,-3
229002862,21,59,-38
229002863,18,18,0
229002864,32,27,5
229002865,9,18,-9
229002866,12,18,-6
229002867,0,21,-21
229002868,7,11,-4
229002869,25,103,-78
229002870,50,24,26
235000066,181,20,161
235000067,67,67,0
235000072,27,60,-33
235000073,53,178,-125
235000074,32,22,10
235000080,17,66,-49
235000081,69,58,11
235000082,181,19,162
235000083,222,24,198
235000084,50,20,30
235000085,136,30,106
235000089,28,11,17
235000092,24,52,-28
235000093,11,5,6
235000097,0,12,-12
235000098,34,5,29
235000099,9,10,-1
235000116,42,11,31
235000117,351,14,337
235000133,9,344,-335
235000134,14,115,-101
235000206,6,4,2
235000207,3,7,-4
235000208,1,3,-2
235000209,2,14,-12
235000210,2,12,-10
235000212,5,8,-3
235000213,2,12,-10
235000220,0,1,-1
235000221,59,33,26
235000238,18,137,-119
235000239,1,55,-54
235000242,220,633,-413
235000245,282,190,92
235000246,9,59,-50
235000284,7,196,-189
235000295,83,13,70
235000305,235,31,204
235000306,290,9,281
235000307,22,3,19
235000308,7,1,6
235000309,57,1,56
235000310,21,0,21
235000311,97,37,60
235000322,0,12,-12
235000323,0,44,-44
235000324,1,29,-28
235000325,1,1,0
235000326,9,52,-43
235000351,12,70,-58
235000352,3,43,-40
235000353,6,28,-22
235000354,11,76,-65
235000355,26,78,-52
235000356,56,6,50
235000357,58,9,49
235000358,21,14,7
235000359,9,9,0
235000360,20,12,8
235000361,62,2,60
235000381,98,61,37
235000382,126,24,102
235000390,8,0,8
235000391,168,10,158
235000392,163,249,-86
235000393,105,113,-8
235000395,109,27,82
235000396,454,29,425
235000400,52,40,12
235000401,8,85,-77
235000405,47,90,-43
235000406,33,96,-63
235000407,35,51,-16
235000409,84,44,40
235000410,31,126,-95
235000411,0,22,-22
235000485,0,13,-13
235000486,18,0,18
235000549,83,38,45
235000550,86,58,28
235000599,96,33,63
235000600,15,18,-3
235000601,17,26,-9
235000602,85,64,21
235000614,1,10,-9
235000648,1,10,-9
235000649,17,3,14
235000685,6,12,-6
235000815,25,270,-245
235000834,0,17,-17
235000855,23,36,-13
235000862,31,62,-31
235000891,0,11,-11
235000892,8,1,7
235000901,23,24,-1
235000907,3,13,-10
235001010,85,31,54
235001029,196,186,10
235001030,310,127,183
235001078,61,59,2
235001079,41,37,4
235001147,28,34,-6
235001166,11,38,-27
235001167,43,14,29
235001169,40,486,-446
235001188,1,14,-13
235001189,2,4,-2
235001197,4,38,-34
235001200,41,31,10
235001207,236,53,183
235001210,56,69,-13
235001215,31,111,-80
235001239,1,24,-23
235001244,1,21,-20
235016267,0,65,-65
277101746,0,0,0
277102712,6,1,5
277103813,0,0,0
277103814,0,0,0
277103898,0,1,-1
277104249,0,0,0
277104250,0,6,-6
277104251,0,7,-7
277104252,0,1,-1
990011530,0,120,-120
990014944,0,172,-172
990015176,58,24,34
990015618,2,125,-123
990016032,0,102,-102
990032570,1,14,-13
990070001,51,0,51
990070103,0,5,-5
990070601,0,31,-31
990070751,975,5,970
990070766,1,113,-112
990071180,348,129,219
990071343,17,0,17
990071387,0,2,-2
990071823,254,1,253
990072600,4,1623,-1619
990072964,0,246,-246
990073285,0,0,0
990074393,0,331,-331
990074870,1177,13,1164
990075106,674,6,668
990075746,568,2,566
990076437,1365,1,1364
990076458,4,207,-203
997000007,287,52,235
997000041,0,174,-174
997000058,52,2,50
997000062,32,18,14
997000069,0,0,0
997000070,0,10,-10
997000100,44,0,44
997000141,0,517,-517
997000198,68,878,-810
998000475,0,0,0
998000736,0,59,-59
998000965,0,6,-6
998001031,0,50,-50
998001700,0,30,-30
998001899,0,0,0
998001900,8,3,5
998003073,696,2,694
998101900,0,0,0
998102850,1,295,-294
998501927,493,1203,-710
998501929,86,5,81
998501930,45,0,45
998501931,86,0,86
998501932,3,0,3
998501933,39,0,39
998501937,18,1,17
998501944,1,1,0
998501950,2,22,-20
998501970,54,0,54
998501971,0,52,-52
998501973,0,16,-16
998501974,1,191,-190
998501975,33,2,31
998501976,148,0,148
998501977,0,17,-17
998501978,5,0,5
998501979,0,4,-4
998501980,24,1,23
998501981,18,0,18
998501982,1,64,-63
998501983,0,7,-7
998502024,0,2,-2
998502032,0,3,-3
998502062,5,4,1
998502063,0,0,0
998502173,35,0,35
998502269,0,3,-3
998502546,0,82,-82
998502578,1,1,0
998502599,23,122,-99
998601159,0,22,-22
998601292,0,10,-10
999033574,0,164,-164
999800001,26,1,25
999800002,0,5,-5
999800003,0,0,0
999800004,0,2,-2
999800005,0,6,-6
