ID,insum,outsum,diff
100000001,157,190,-33
100000002,41,60,-19
100000003,413,180,233
100000004,82,19,63
100000005,130,270,-140
100000006,2,0,2
100000007,6,0,6
100000008,5,53,-48
100000009,0,0,0
100000010,0,0,0
100000011,0,0,0
100000012,2,88,-86
100000013,0,21,-21
100000014,8,45,-37
100000015,10,5,5
100000016,35,145,-110
100000017,23,144,-121
100000018,90,56,34
100000019,454,226,228
100000020,15,9,6
100000021,462,135,327
100000022,36,43,-7
100000023,322,52,270
100000025,601,191,410
100000028,316,244,72
100000029,43,45,-2
100000030,0,0,0
100000031,306,200,106
100000032,469,238,231
100000033,46,246,-200
100000034,415,355,60
100000035,43,35,8
100000036,103,167,-64
100000037,1,2,-1
100000038,3,2,1
100000039,4,5,-1
100000040,3,0,3
100000041,2,0,2
100000042,0,0,0
100000043,0,0,0
100000044,9,84,-75
100000045,49,157,-108
100000046,43,158,-115
100000047,18,197,-179
100000048,58,276,-218
100000049,238,529,-291
100000051,63,196,-133
100000053,0,2,-2
100000054,2,3,-1
100000055,92,79,13
100000056,0,0,0
100000057,6,1,5
100000058,143,285,-142
100000059,0,15,-15
100000060,14,30,-16
100000061,60,62,-2
100000062,89,57,32
100000063,46,39,7
100000064,65,59,6
100000065,74,184,-110
100000066,31,166,-135
100000067,25,144,-119
100000068,54,152,-98
100000069,57,232,-175
100000072,32,85,-53
100000073,204,412,-208
100000075,44,95,-51
100000076,48,121,-73
100000077,0,0,0
100000078,0,0,0
100000079,0,0,0
100000080,0,0,0
100000081,0,0,0
100000102,36,95,-59
100000103,385,85,300
100000104,400,118,282
100000105,540,73,467
100000106,48,38,10
100000107,23,12,11
100000108,195,363,-168
100000109,947,473,474
100000116,189,59,130
100000117,0,0,0
100000118,552,964,-412
100000119,40,299,-259
100000121,0,0,0
100000122,27,141,-114
100000123,420,533,-113
100000124,1895,905,990
100000125,229,10,219
100000126,31,20,11
100000127,59,28,31
100000128,92,126,-34
100000129,25,93,-68
100000130,0,0,0
100000131,1163,461,702
100000132,200,45,155
100000133,3238,1128,2110
100000135,5,0,5
100000139,0,0,0
100000140,78,152,-74
100000142,0,0,0
100000143,215,263,-48
100000144,500,158,342
100000147,35,111,-76
100000150,0,64,-64
100000151,0,0,0
100000153,0,0,0
100000154,4,90,-86
100000155,0,0,0
100000156,0,0,0
100000157,0,0,0
100000158,0,0,0
100000159,24,32,-8
100000165,210,126,84
100000169,0,0,0
100000174,25,13,12
100000179,0,0,0
100000180,1,22,-21
100000181,9,41,-32
100000188,0,0,0
100000189,0,0,0
100000190,184,57,127
100000191,23,15,8
100000192,0,0,0
100000193,0,0,0
100000330,151,64,87
100000355,24,74,-50
100000362,890,669,221
100000363,121,177,-56
100000364,19,45,-26
100000365,1133,1104,29
100000366,1668,928,740
100000367,661,902,-241
100000368,585,550,35
100000369,3,5,-2
100000370,1,9,-8
100000376,1,9,-8
100000379,148,105,43
100000380,320,379,-59
100000384,1728,660,1068
100000385,831,706,125
100000386,1200,668,532
100000387,1295,593,702
100000388,4730,1206,3524
100000389,3028,767,2261
100000390,3883,1137,2746
100000391,2147,679,1468
100000392,904,298,606
100000393,215,222,-7
100000394,1409,978,431
100000395,688,269,419
100000396,957,624,333
100000397,806,313,493
100000398,3973,2645,1328
100000413,0,0,0
100900002,0,0,0
100900003,0,0,0
100900004,3,93,-90
100900005,0,0,0
100900006,0,0,0
100900007,0,0,0
100900008,0,57,-57
100900009,0,0,0
100900010,0,0,0
100900011,0,0,0
100900012,0,21,-21
100900013,0,0,0
100900014,0,0,0
100900015,0,0,0
100900016,0,0,0
100900017,0,0,0
100900018,0,0,0
100900019,0,0,0
100900020,0,0,0
100900021,0,0,0
100900022,0,0,0
100900023,0,0,0
100900024,0,0,0
100900025,0,0,0
100900026,0,0,0
100900027,0,0,0
100900028,0,0,0
100900029,0,0,0
100900030,0,0,0
100900031,0,0,0
100900032,0,0,0
100900033,0,0,0
100900034,0,0,0
100900035,0,0,0
100900036,0,0,0
100900037,0,0,0
100900038,0,0,0
100900039,17,28,-11
100900040,0,124,-124
100900041,0,42,-42
100900042,0,0,0
100900043,0,0,0
100900044,0,0,0
100900045,0,0,0
100900046,0,0,0
100900047,0,0,0
100900048,0,0,0
100900049,0,0,0
100900050,0,0,0
100900051,0,0,0
100900052,0,0,0
100900053,0,0,0
100900054,0,0,0
100900055,0,0,0
100900056,0,0,0
100900057,0,0,0
100900058,0,0,0
100900059,0,0,0
100900060,0,0,0
100900061,0,0,0
100900062,0,0,0
100900063,0,0,0
100900064,0,0,0
100900065,0,0,0
100900066,0,0,0
100900067,0,0,0
100900068,0,0,0
100900069,0,0,0
100900070,0,0,0
100900071,0,0,0
100900072,0,0,0
100900073,0,0,0
100900074,0,0,0
100900075,167,7,160
100900076,0,0,0
100900077,0,0,0
100900078,0,0,0
100900079,0,0,0
100900080,0,0,0
100900081,0,0,0
100900082,0,0,0
100900083,0,0,0
100900085,0,0,0
100900086,0,0,0
100900088,0,0,0
100900089,0,0,0
100900090,0,0,0
100900091,0,0,0
100900092,0,0,0
100900093,2,0,2
100900094,0,0,0
100900095,0,0,0
100900096,0,0,0
100900097,0,0,0
100900098,0,0,0
100900099,0,15,-15
100900100,0,0,0
100900101,0,0,0
100900102,0,0,0
100900103,0,0,0
100900104,0,1,-1
100900105,0,0,0
100900106,0,0,0
100900107,0,0,0
100900108,0,0,0
100900109,0,0,0
100900110,0,0,0
100900111,0,0,0
100900112,0,0,0
100900113,0,0,0
100900114,0,0,0
100900115,0,0,0
100900116,0,0,0
100900117,0,0,0
100900118,0,0,0
100900119,0,0,0
100900120,0,0,0
100900121,0,0,0
100900122,7,10,-3
100900123,0,0,0
100900124,0,0,0
100900125,0,0,0
100900126,0,0,0
100900127,0,0,0
100900128,1,1,0
100900129,0,0,0
100900131,0,0,0
100900133,0,0,0
100900134,0,0,0
100900135,0,0,0
100900137,0,0,0
100900138,0,0,0
100900139,0,0,0
100900140,0,36,-36
100900141,0,0,0
100900142,0,0,0
100900143,0,0,0
100900144,0,0,0
100900145,0,0,0
100900146,0,0,0
100900147,0,0,0
100900148,0,54,-54
100900149,0,0,0
100900150,0,0,0
100900151,0,33,-33
100900152,0,0,0
100900153,0,0,0
100900154,0,0,0
100900155,0,0,0
100900156,0,0,0
100900157,0,0,0
100900159,0,0,0
100900160,0,0,0
100900161,0,0,0
100900162,0,0,0
100900163,9,21,-12
100900164,0,0,0
100900165,0,0,0
100900166,0,0,0
100900167,0,0,0
100900168,0,0,0
100900169,19,114,-95
100900170,0,0,0
100900171,2,61,-59
100900172,0,0,0
100900173,4,42,-38
100900174,0,0,0
100900176,0,0,0
100900177,0,0,0
100900178,0,0,0
100900179,0,0,0
100900180,0,0,0
100900181,0,0,0
100900182,0,0,0
100900184,0,0,0
100900186,0,0,0
100900187,0,0,0
100900188,0,0,0
100900189,0,0,0
100900191,0,0,0
100900192,0,0,0
100900195,0,0,0
100900197,0,0,0
100900198,0,0,0
100900199,0,0,0
100900200,23,12,11
100900201,0,79,-79
100900202,0,0,0
100900203,0,0,0
100900204,0,0,0
100900205,0,0,0
100900206,0,0,0
100900207,0,0,0
100900210,2,38,-36
100900211,0,0,0
100900213,0,0,0
100900214,85,10,75
100900215,0,0,0
100900217,0,0,0
101000001,419,115,304
101000002,656,236,420
101000003,96,46,50
101000004,2094,230,1864
101000005,659,238,421
101000006,1042,689,353
101000007,1163,659,504
101000008,758,317,441
101000009,115,303,-188
101000010,41,117,-76
101000011,311,16,295
101000012,0,0,0
101000013,150,42,108
101000014,37,9,28
101000015,122,98,24
101000016,8,9,-1
101000017,92,76,16
101000018,397,374,23
101000020,564,110,454
101000021,25,7,18
101000022,342,67,275
101000023,345,402,-57
101000025,0,0,0
101000026,14,0,14
101000027,316,110,206
101000028,202,64,138
101000029,2,53,-51
101000030,114,11,103
101000031,24,4,20
101000032,407,332,75
101000033,478,274,204
101000034,428,222,206
101000035,181,22,159
101000036,203,108,95
101000037,391,75,316
101000039,260,127,133
101000040,740,214,526
101000041,398,108,290
101000042,4,70,-66
101000043,1191,341,850
101000045,84,37,47
101000046,262,103,159
101000047,39,50,-11
101000048,56,65,-9
101000049,35,69,-34
101000050,67,45,22
101000051,700,110,590
101000052,231,41,190
101000053,58,18,40
101000054,136,19,117
101000055,245,48,197
101000056,9,5,4
101000057,781,135,646
101000058,247,13,234
101000059,98,22,76
101000060,254,36,218
101000061,30,12,18
101000062,536,92,444
101000063,8,10,-2
101000064,285,88,197
101000065,8,4,4
101000066,4,2,2
101000067,168,117,51
101000068,51,30,21
101000069,114,10,104
101000070,457,309,148
101000071,505,180,325
101000072,269,209,60
101000073,27,23,4
101000074,1280,348,932
101000075,2782,645,2137
101000077,229,178,51
101000078,112,112,0
101000079,80,134,-54
101000080,320,285,35
101000081,116,83,33
101000082,333,171,162
101000083,104,87,17
101000084,205,190,15
101000085,58,12,46
101000086,462,222,240
101000087,198,194,4
101000088,32,6,26
101000089,30,28,2
101000090,551,158,393
101000091,7,78,-71
101000092,135,80,55
101000093,104,35,69
101000094,163,228,-65
101000095,47,172,-125
101000096,10,32,-22
101000097,28,31,-3
101000098,6,47,-41
101000099,141,79,62
101000100,152,144,8
101000101,9,23,-14
101000102,140,49,91
101000103,42,37,5
101000104,36,44,-8
101000105,0,0,0
101000106,12,28,-16
101000107,5,39,-34
101000108,0,0,0
101000109,6,7,-1
101000110,0,0,0
101000111,1,21,-20
101000113,0,0,0
101000114,501,214,287
101000115,0,0,0
101000116,0,0,0
101000117,0,0,0
101000119,31,3,28
101000120,57,4,53
101000121,32,2,30
101000122,20,13,7
101000123,13,11,2
101000124,203,136,67
101000125,28,90,-62
101000128,129,90,39
101000130,151,29,122
101000131,46,32,14
101000132,51,276,-225
101000135,33,7,26
101000136,85,50,35
101000137,3,28,-25
101000141,145,91,54
101000147,267,177,90
101000148,168,3,165
101000149,0,0,0
101000150,0,0,0
101000151,1,7,-6
101000152,19,31,-12
101000153,37,27,10
101000154,8,163,-155
101000155,36,49,-13
101000156,7,67,-60
101000157,0,0,0
101000160,0,0,0
101000163,0,0,0
101000164,30,63,-33
101000165,62,34,28
101000166,12,12,0
101000168,29,39,-10
101000252,62,129,-67
101000254,156,10,146
101000258,0,0,0
101000261,0,0,0
101000262,23,74,-51
101000263,2,7,-5
101000265,4,62,-58
101000266,72,47,25
101000269,148,23,125
101000290,118,14,104
101000293,0,0,0
101000294,98,60,38
101000295,7,41,-34
101000301,102,38,64
101000304,464,629,-165
101000305,339,321,18
101000328,11,42,-31
101900001,0,0,0
101900002,0,0,0
101900003,6,2,4
101900004,0,0,0
101900005,267,23,244
101900006,0,0,0
101900007,0,0,0
101900008,0,0,0
101900009,0,0,0
101900010,0,0,0
101900011,0,0,0
101900012,0,0,0
101900013,19,0,19
101900017,0,0,0
101900018,0,0,0
101900019,0,0,0
101900020,0,0,0
101900021,0,0,0
101900022,0,0,0
101900023,0,0,0
101900026,0,0,0
101900027,0,0,0
102000001,243,472,-229
102000002,124,116,8
102000003,915,509,406
102000004,801,166,635
102000005,331,363,-32
102000006,205,171,34
102000007,488,589,-101
102000008,649,234,415
102000009,1046,990,56
102000010,1124,503,621
102000011,569,467,102
102000012,280,408,-128
102000018,177,49,128
102000019,24,23,1
102000026,0,0,0
102000029,0,0,0
102000030,1,2,-1
102000031,0,0,0
102000032,2,6,-4
102000033,0,1,-1
102000034,5,10,-5
102000035,0,0,0
102000036,0,0,0
102000037,6,9,-3
102000038,0,1,-1
102000039,0,0,0
102000040,15,2,13
102000041,0,0,0
102000042,0,0,0
102000043,1,8,-7
102000044,0,0,0
102000045,40,49,-9
102000046,32,9,23
102000047,33,82,-49
102000048,7,13,-6
102000049,19,7,12
102000050,42,83,-41
102000051,35,13,22
102000052,40,80,-40
102000053,23,36,-13
102000054,29,126,-97
102000055,98,148,-50
102000056,45,129,-84
102000057,85,17,68
102000058,134,191,-57
102000059,165,276,-111
102000060,45,47,-2
102000061,106,420,-314
102000062,38,62,-24
102000063,196,209,-13
102000064,65,109,-44
102000065,10,19,-9
102000066,301,182,119
102000067,275,342,-67
102000068,584,270,314
102000069,0,0,0
102000070,206,5,201
102000071,1241,1496,-255
102000072,779,1286,-507
102000073,9,101,-92
102000074,15,201,-186
102000075,3,58,-55
102000076,11,162,-151
102000077,13,351,-338
102000078,78,419,-341
102000079,1,71,-70
102000080,36,47,-11
102000081,35,192,-157
102000082,87,84,3
102000083,18,73,-55
102000084,0,0,0
102000085,97,155,-58
102000086,87,56,31
102000087,62,222,-160
102000088,15,13,2
102000089,0,0,0
102000090,66,71,-5
102000091,316,87,229
102000092,111,96,15
102000093,27,65,-38
102000094,0,0,0
102000095,120,322,-202
102000096,0,0,0
102000097,489,432,57
102000098,13,46,-33
102000099,189,80,109
102000100,21,15,6
102000101,86,36,50
102000102,42,4,38
102000103,109,33,76
102000104,65,11,54
102000105,1,28,-27
102000106,16,48,-32
102000107,0,0,0
102000108,8,19,-11
102000109,0,0,0
102000110,0,0,0
102000111,0,0,0
102000112,6,4,2
102000113,0,0,0
102000114,0,0,0
102000115,22,12,10
102000116,3,12,-9
102000117,13,72,-59
102000118,15,58,-43
102000119,421,52,369
102000120,11,3,8
102000121,48,53,-5
102000122,21,6,15
102000123,77,64,13
102000124,58,10,48
102000125,40,29,11
102000126,28,17,11
102000127,63,20,43
102000128,31,33,-2
102000129,38,50,-12
102000130,33,31,2
102000131,49,27,22
102000132,19,20,-1
102000133,116,327,-211
102000134,59,48,11
102000135,0,0,0
102000136,3,2,1
102000137,59,17,42
102000138,0,0,0
102000139,0,0,0
102000140,5,23,-18
102000141,0,12,-12
102000142,12,33,-21
102000143,3,26,-23
102000144,7,27,-20
102000145,6,21,-15
102000146,0,0,0
102000147,8,16,-8
102000148,0,0,0
102000149,0,0,0
102000150,2,0,2
102000151,0,0,0
102000152,0,0,0
102000153,0,0,0
102000154,8,15,-7
102000155,13,18,-5
102000156,43,6,37
102000157,0,8,-8
102000158,21,7,14
102000159,87,2,85
102000161,382,147,235
102000162,23,21,2
102000163,0,0,0
102000164,0,0,0
102000165,82,47,35
102000166,7,17,-10
102000167,21,65,-44
102000168,33,25,8
102000169,39,97,-58
102000170,211,56,155
102000171,16,22,-6
102000172,3,26,-23
102000173,35,22,13
102000174,11,12,-1
102000175,3,0,3
102000176,1,3,-2
102000178,10,95,-85
102000179,3,35,-32
102000180,35,86,-51
102000181,5,104,-99
102000182,113,118,-5
102000183,146,143,3
102000184,144,360,-216
102000185,70,97,-27
102000186,78,609,-531
102000187,79,415,-336
102000188,16,117,-101
102000189,867,209,658
102000190,125,232,-107
102000191,149,20,129
102000192,121,207,-86
102000193,0,0,0
102000194,0,0,0
102000195,9,29,-20
102000196,0,0,0
102000197,6,33,-27
102000198,0,0,0
102000199,5,25,-20
102000200,0,0,0
102000201,16,33,-17
102000202,0,0,0
102000203,23,47,-24
102000204,0,0,0
102000205,1,0,1
102000206,77,120,-43
102000207,0,0,0
102000208,21,70,-49
102000209,3,9,-6
102000210,0,164,-164
102000211,4,52,-48
102000212,0,0,0
102000213,2,20,-18
102000214,0,0,0
102000215,0,77,-77
102000216,0,0,0
102000217,0,34,-34
102000218,0,0,0
102000219,28,36,-8
102000225,0,0,0
102000226,0,0,0
102000227,0,0,0
102000228,0,18,-18
102000229,4,1,3
102000230,6,44,-38
102000231,30,4,26
102000232,0,0,0
102000233,28,20,8
102000234,0,0,0
102000236,7,6,1
102000237,11,4,7
102000238,4,3,1
102000240,190,341,-151
102000241,42,18,24
102000243,0,2,-2
102000245,3,14,-11
102000246,0,0,0
102000247,29,92,-63
102000248,48,85,-37
102000249,5,29,-24
102000250,6,80,-74
102000254,0,0,0
102000266,0,1,-1
102000271,0,0,0
102000286,0,0,0
102000297,24,8,16
102000301,0,0,0
102000303,0,0,0
102000307,0,3,-3
102900001,0,0,0
102900002,0,0,0
102900003,1,8,-7
102900005,0,0,0
102900006,0,0,0
102900007,0,0,0
102900008,0,0,0
102900009,0,0,0
102900010,0,0,0
102900011,0,0,0
102900012,0,0,0
102900013,0,0,0
102900015,0,0,0
102900016,0,0,0
102900017,0,0,0
102900018,0,0,0
102900019,0,0,0
102900020,0,0,0
102900021,0,0,0
102900022,21,8,13
102900023,0,0,0
102900024,0,0,0
102900025,0,0,0
102900026,0,0,0
102900027,0,0,0
102900028,0,0,0
102900029,0,3,-3
102900030,0,0,0
102900031,0,0,0
102900032,0,13,-13
102900033,0,0,0
102900034,0,0,0
102900035,0,32,-32
102900036,0,0,0
102900037,0,0,0
102900038,0,0,0
102900039,0,0,0
102900040,0,0,0
102900041,0,0,0
102900042,0,0,0
102900043,0,0,0
102900044,0,0,0
102900045,0,0,0
102900046,0,0,0
102900047,0,0,0
102900048,0,0,0
102900049,0,0,0
102900050,0,0,0
102900051,0,0,0
102900052,0,0,0
102900053,0,0,0
102900054,0,0,0
102900055,0,0,0
102900056,0,0,0
102900057,0,0,0
102900058,0,0,0
102900059,0,0,0
102900060,0,0,0
102900061,0,0,0
102900062,0,0,0
102900063,0,0,0
102900064,0,0,0
102900065,0,0,0
102900066,0,0,0
102900068,0,0,0
102900070,1,44,-43
102900072,1,6,-5
102900073,5,0,5
102900075,0,0,0
102900076,0,0,0
102900077,0,0,0
102900078,0,0,0
102900079,0,0,0
102900080,0,0,0
102900081,0,0,0
102900082,0,0,0
102900083,0,0,0
102900084,0,0,0
102900085,0,0,0
102900086,0,0,0
102900087,0,0,0
102900088,0,0,0
102900089,0,0,0
102900090,0,68,-68
102900091,0,0,0
102900092,3,83,-80
102900093,0,0,0
102900094,0,0,0
102900095,0,0,0
102900096,0,0,0
102900097,10,56,-46
102900098,6,0,6
103000001,467,401,66
103000002,166,281,-115
103000003,460,432,28
103000004,152,169,-17
103000005,87,98,-11
103000006,31,89,-58
103000007,19,54,-35
103000008,52,300,-248
103000009,13,14,-1
103000010,1,4,-3
103000011,290,168,122
103000012,146,62,84
103000013,1496,309,1187
103000014,16,23,-7
103000015,674,242,432
103000016,47,7,40
103000017,0,0,0
103000018,0,0,0
103000019,0,0,0
103000020,187,314,-127
103000021,35,26,9
103000022,117,260,-143
103000023,10,30,-20
103000024,0,0,0
103000025,0,0,0
103000026,0,0,0
103000027,0,0,0
103000028,0,0,0
103000029,36,2,34
103000030,636,106,530
103000031,41,50,-9
103000032,247,253,-6
103000033,117,37,80
103000034,480,227,253
103000035,128,69,59
103000036,58,27,31
103000037,192,88,104
103000038,88,50,38
103000039,26,123,-97
103000040,7,53,-46
103000041,312,569,-257
103000042,153,164,-11
103000043,5,50,-45
103000044,10,5,5
103000046,39,20,19
103000047,0,0,0
103000048,11,8,3
103000049,0,0,0
103000050,9,8,1
103000051,18,16,2
103000052,9,5,4
103000053,3,9,-6
103000054,315,147,168
103000055,48,44,4
103000056,101,123,-22
103000057,23,38,-15
103000058,49,112,-63
103000059,23,36,-13
103000060,128,171,-43
103000061,13,21,-8
103000062,167,159,8
103000063,33,43,-10
103000064,68,65,3
103000065,0,0,0
103000066,2,0,2
103000069,0,1,-1
103000070,48,174,-126
103000071,21,3,18
103000072,8,227,-219
103000073,0,0,0
103000074,0,0,0
103000075,54,202,-148
103000076,0,0,0
103000077,8,95,-87
103000078,0,0,0
103000079,216,48,168
103000080,1,1,0
103000081,47,68,-21
103000082,1,1,0
103000083,6,59,-53
103000084,0,0,0
103000085,0,16,-16
103000086,18,10,8
103000087,28,77,-49
103000088,50,39,11
103000089,5,7,-2
103000090,283,178,105
103000091,53,62,-9
103000092,6,1,5
103000093,33,124,-91
103000094,1,0,1
103000095,5,60,-55
103000096,3,1,2
103000097,8,85,-77
103000098,1,1,0
103000099,15,64,-49
103000100,6,218,-212
103000101,0,0,0
103000102,14,195,-181
103000103,0,15,-15
103000104,4,45,-41
103000105,0,16,-16
103000106,0,54,-54
103000107,10,19,-9
103000108,25,48,-23
103000109,85,34,51
103000110,172,85,87
103000111,171,90,81
103000112,7,7,0
103000113,61,125,-64
103000114,31,5,26
103000115,11,26,-15
103000116,29,32,-3
103000117,13,41,-28
103000118,129,186,-57
103000119,540,177,363
103000120,10,24,-14
103000121,31,73,-42
103000122,2,1,1
103000125,0,0,0
103000126,0,0,0
103000127,0,0,0
103000128,0,0,0
103000129,0,0,0
103000130,0,1,-1
103000131,0,0,0
103000132,5,0,5
103000133,0,0,0
103000134,127,45,82
103000135,154,31,123
103000136,156,62,94
103000137,75,61,14
103000138,158,57,101
103000139,0,7,-7
103000140,0,0,0
103000141,3,18,-15
103000142,0,0,0
103000143,6,44,-38
103000144,0,0,0
103000145,0,0,0
103000150,1,1,0
103000152,28,48,-20
103000153,4,11,-7
103000156,0,0,0
103000157,1,1,0
103000159,27,40,-13
103000162,0,0,0
103000163,0,0,0
103000164,0,0,0
103000165,0,0,0
103000166,0,0,0
103000167,2,7,-5
103000168,13,19,-6
103000169,0,0,0
103000170,79,48,31
103000171,0,0,0
103000172,0,0,0
103000173,20,159,-139
103000174,0,0,0
103000175,67,272,-205
103000176,0,0,0
103000177,157,79,78
103000178,191,98,93
103000179,5,1,4
103000183,0,10,-10
103000185,0,14,-14
103000186,0,0,0
103000187,30,135,-105
103000188,2,21,-19
103000189,77,272,-195
103000191,18,50,-32
103000292,261,11,250
103000293,0,0,0
103000295,0,0,0
103000296,0,0,0
103000297,0,0,0
103000504,0,0,0
103000505,0,0,0
103000506,0,1,-1
103000507,4,0,4
103000508,2,4,-2
103000509,25,99,-74
103900001,0,0,0
103900002,0,0,0
103900003,0,5,-5
103900004,0,0,0
103900005,0,0,0
103900006,0,0,0
103900007,0,0,0
103900008,0,0,0
103900009,4,40,-36
103900010,1,21,-20
103900011,2,41,-39
103900012,0,0,0
103900013,0,21,-21
103900014,0,0,0
103900015,0,0,0
103900016,21,30,-9
103900017,1,9,-8
103900018,43,7,36
103900019,0,0,0
103900020,0,0,0
103900021,0,0,0
103900022,1,50,-49
103900023,0,0,0
103900024,0,0,0
103900025,0,0,0
103900026,0,0,0
103900027,0,0,0
103900028,1,57,-56
103900029,5,20,-15
103900030,0,0,0
103900031,0,0,0
103900032,0,0,0
103900033,0,0,0
103900034,0,20,-20
103900035,2,3,-1
103900036,0,0,0
103900037,0,0,0
103900038,0,0,0
103900039,1,60,-59
103900040,0,3,-3
103900041,0,0,0
103900042,1,58,-57
103900043,0,0,0
103900044,0,0,0
103900045,0,0,0
103900047,0,7,-7
103900048,0,0,0
103900049,0,0,0
103900050,0,17,-17
103900051,0,6,-6
103900052,3,22,-19
103900053,2,76,-74
103900054,0,0,0
103900055,7,8,-1
103900056,0,7,-7
103900057,0,0,0
103900058,4,59,-55
103900059,0,0,0
103900060,0,3,-3
103900061,0,0,0
103900062,3,6,-3
103900063,0,0,0
103900064,0,0,0
103900065,64,25,39
103900066,0,0,0
103900067,0,0,0
103900068,0,0,0
103900069,0,0,0
103900070,0,0,0
103900071,1,13,-12
103900072,0,41,-41
103900073,0,0,0
103900074,0,0,0
103900075,0,0,0
103900076,6,23,-17
103900077,0,0,0
103900078,0,0,0
103900079,0,0,0
103900080,0,0,0
103900081,0,0,0
103900082,0,0,0
103900083,0,0,0
103900084,0,0,0
103900085,0,0,0
103900086,0,0,0
103900088,0,0,0
103900089,0,0,0
103900090,0,0,0
103900091,0,0,0
103900092,3,23,-20
103900093,0,0,0
103900094,0,0,0
103900095,4,3,1
103900096,0,0,0
103900097,0,0,0
103900098,1,2,-1
103900099,0,0,0
103900100,6,48,-42
103900101,0,0,0
103900102,0,0,0
103900104,0,0,0
103900105,2,9,-7
103900106,0,0,0
103900107,0,0,0
103900108,9,97,-88
103900109,0,0,0
103900110,21,5,16
103900111,1,62,-61
103900112,0,0,0
103900113,2,1,1
103900114,21,9,12
103900115,44,3,41
103900116,281,3,278
103900117,15,24,-9
103900119,0,0,0
103900120,0,0,0
103900122,1,65,-64
103900123,9,20,-11
103900124,0,67,-67
103900125,4,10,-6
103900126,0,0,0
103900127,8,74,-66
103900128,2,48,-46
103900131,1,22,-21
103900133,0,0,0
103900134,0,0,0
103900135,0,0,0
103900137,0,0,0
103900138,0,0,0
103900139,0,41,-41
103900140,0,0,0
103900141,0,0,0
103900142,0,0,0
103900143,0,0,0
103900144,0,0,0
103900145,0,0,0
103900146,0,0,0
103900147,8,11,-3
103900148,6,38,-32
103900149,0,0,0
103900150,0,72,-72
103900151,0,0,0
103900152,0,0,0
103900153,0,0,0
103900154,65,4,61
103900155,0,0,0
103900156,0,0,0
103900157,0,0,0
103900158,0,0,0
103900159,0,0,0
103900160,0,0,0
103900161,0,0,0
103900162,6,19,-13
103900163,0,0,0
103900167,0,0,0
103900168,0,0,0
103900169,0,0,0
103900170,0,0,0
103900171,0,0,0
103900172,0,0,0
103900173,0,0,0
103900174,0,0,0
103900175,0,0,0
103900176,1,2,-1
103900177,0,0,0
103900178,0,0,0
103900179,0,2,-2
103900180,0,0,0
103900181,0,0,0
103900182,0,0,0
103900184,0,0,0
103900185,0,0,0
103900187,0,1,-1
103900188,0,0,0
103900189,5,0,5
103900190,0,0,0
103900191,0,0,0
103900192,0,0,0
103900193,0,0,0
103900194,0,0,0
103900195,0,0,0
103900196,0,0,0
103900197,0,0,0
103900198,0,0,0
103900199,0,0,0
103900200,0,0,0
103900201,0,0,0
103900202,0,0,0
103900203,0,0,0
103900204,0,0,0
103900207,0,0,0
103900208,0,0,0
103900209,0,0,0
103900210,0,0,0
103900211,1,1,0
103900212,10,80,-70
103900213,30,146,-116
103900214,17,6,11
103900215,585,126,459
103900216,0,3,-3
103900217,0,0,0
103900218,0,0,0
103900219,0,0,0
103900233,0,0,0
103900235,0,0,0
103900236,0,0,0
103900242,0,0,0
103900243,0,0,0
103900244,0,0,0
103900245,0,0,0
103900246,0,3,-3
103900247,0,0,0
103900248,0,0,0
103900249,0,0,0
103900250,0,0,0
103900251,0,0,0
103900253,0,0,0
103900254,0,0,0
103900255,0,0,0
103900256,0,0,0
103900257,0,0,0
103900258,0,0,0
103900259,0,0,0
103900261,0,0,0
103900262,0,0,0
103900263,0,0,0
103900264,0,0,0
103900265,0,0,0
103900266,0,0,0
103900267,0,3,-3
103900268,0,3,-3
103900269,0,0,0
103900270,0,5,-5
103900271,1,5,-4
103900272,0,0,0
103900273,0,0,0
103900274,0,0,0
103900275,0,0,0
103900276,0,0,0
103900277,0,0,0
103900278,0,0,0
103900279,0,0,0
103900280,0,0,0
104000001,311,376,-65
104000002,341,520,-179
104000003,375,487,-112
104000004,1043,490,553
104000005,85,308,-223
104000006,418,654,-236
104000007,807,712,95
104000008,200,276,-76
104000009,16,49,-33
104000010,0,0,0
104000011,269,307,-38
104000012,43,237,-194
104000013,0,0,0
104000014,121,343,-222
104000015,0,0,0
104000016,73,174,-101
104000018,21,5,16
104000019,28,7,21
104000020,1,2,-1
104000021,22,8,14
104000022,8,13,-5
104000023,71,45,26
104000024,5,1,4
104000026,2,1,1
104000027,59,234,-175
104000028,37,36,1
104000029,117,305,-188
104000030,24,55,-31
104000031,8,3,5
104000032,36,141,-105
104000033,4,6,-2
104000034,55,236,-181
104000035,3,13,-10
104000036,10,13,-3
104000037,52,121,-69
104000038,40,36,4
104000039,2,8,-6
104000040,19,13,6
104000041,46,35,11
104000042,21,76,-55
104000043,31,34,-3
104000044,42,112,-70
104000045,106,110,-4
104000046,112,149,-37
104000047,13,35,-22
104000048,33,50,-17
104000049,7,17,-10
104000050,1,37,-36
104000051,17,221,-204
104000052,141,312,-171
104000053,121,132,-11
104000054,11,60,-49
104000055,501,262,239
104000056,38,12,26
104000057,5,120,-115
104000058,179,177,2
104000059,26,223,-197
104000060,60,195,-135
104000061,110,146,-36
104000062,0,0,0
104000064,62,25,37
104000065,1,22,-21
104000069,189,36,153
104000070,2,6,-4
104000071,16,83,-67
104000072,0,0,0
104000075,0,0,0
104000076,0,0,0
104000082,349,494,-145
104000083,100,18,82
104000084,15,63,-48
104000085,11,19,-8
104000086,10,80,-70
104000087,20,32,-12
104000090,32,263,-231
104000092,57,403,-346
104000094,39,364,-325
104000095,318,364,-46
104000096,1,55,-54
104000097,0,0,0
104000098,0,0,0
104000100,0,0,0
104000101,64,229,-165
104000106,2,21,-19
104000107,33,102,-69
104000108,41,48,-7
104000109,0,0,0
104000110,69,79,-10
104000111,110,103,7
104000112,143,47,96
104000116,1,559,-558
104000117,3,204,-201
104000118,5,22,-17
104000119,3,35,-32
104000120,3,121,-118
104000121,13,41,-28
104000122,66,80,-14
104000123,185,166,19
104000124,341,334,7
104000125,682,254,428
104000126,23,92,-69
104000127,356,667,-311
104000128,21,50,-29
104000129,24,8,16
104000130,2,52,-50
104000131,607,363,244
104000132,331,492,-161
104000133,258,167,91
104000134,165,115,50
104000135,66,88,-22
104000136,359,214,145
104000137,624,54,570
104000138,354,95,259
104000139,1960,342,1618
104000141,174,305,-131
104000142,81,361,-280
104000143,85,337,-252
104000144,0,0,0
104000145,0,0,0
104000146,174,299,-125
104000147,41,134,-93
104000148,0,0,0
104000149,58,168,-110
104000150,0,0,0
104000151,85,275,-190
104000152,39,379,-340
104000153,0,0,0
104000154,362,279,83
104000155,0,0,0
104000157,114,289,-175
104000158,31,23,8
104000159,44,28,16
104000160,434,162,272
104000161,0,0,0
104000162,0,0,0
104000165,0,0,0
104000167,20,63,-43
104000168,0,0,0
104000169,0,0,0
104000170,170,37,133
104000248,0,90,-90
104000251,28,92,-64
104000272,3,0,3
104000273,9,1,8
104000274,4,1,3
104000275,12,0,12
104000279,108,64,44
104000290,26,88,-62
104000291,75,125,-50
104000293,6,8,-2
104000294,0,0,0
104000295,63,225,-162
104000296,24,118,-94
104000297,299,404,-105
104000298,330,121,209
104000299,81,267,-186
104900001,0,0,0
104900002,0,0,0
104900003,0,0,0
104900004,0,0,0
104900005,1,5,-4
104900006,0,0,0
104900007,3,7,-4
104900009,0,0,0
104900010,0,0,0
104900011,0,0,0
104900012,0,0,0
104900013,0,0,0
104900014,0,0,0
104900015,0,0,0
104900016,0,0,0
104900017,0,0,0
104900018,0,0,0
104900019,0,0,0
104900020,0,0,0
104900021,0,0,0
104900022,0,0,0
104900023,0,0,0
104900024,0,0,0
104900025,0,0,0
104900026,0,0,0
104900027,0,0,0
104900028,0,0,0
104900029,0,0,0
104900030,0,0,0
104900031,0,0,0
104900032,0,0,0
104900033,0,0,0
104900034,0,0,0
104900035,0,0,0
104900036,0,0,0
104900037,0,0,0
104900038,0,0,0
104900039,0,0,0
104900040,0,0,0
104900041,0,0,0
104900042,0,0,0
104900043,0,0,0
104900044,0,0,0
104900045,0,0,0
104900046,0,0,0
104900047,0,0,0
104900048,0,0,0
104900049,0,0,0
104900050,0,0,0
104900051,0,0,0
104900052,0,0,0
104900053,0,0,0
104900054,0,0,0
104900055,0,0,0
104900056,0,0,0
104900057,0,0,0
104900058,0,0,0
104900059,0,0,0
104900060,0,3,-3
104900061,0,0,0
104900063,0,0,0
104900064,0,0,0
104900065,0,0,0
104900066,0,0,0
104900067,0,0,0
104900068,0,0,0
104900070,0,0,0
104900071,1,82,-81
104900072,0,0,0
104900073,0,0,0
104900074,0,0,0
104900075,0,0,0
104900076,0,0,0
104900077,0,0,0
104900078,0,0,0
104900079,0,0,0
104900080,0,0,0
104900082,0,0,0
104900085,0,0,0
104900087,0,0,0
104900089,0,0,0
104900090,0,0,0
104900091,0,0,0
104900093,0,0,0
104900097,0,0,0
104900098,0,0,0
104900099,0,0,0
104900100,0,0,0
104900102,0,0,0
104900103,0,0,0
104900104,0,0,0
104900106,0,0,0
104900107,0,0,0
104900108,0,0,0
104900109,0,0,0
104900110,0,0,0
104900111,0,0,0
104900112,0,0,0
104900113,4,13,-9
104900114,0,0,0
104900115,3,18,-15
104900116,0,0,0
104900118,0,0,0
104900119,0,0,0
104900120,0,0,0
104900121,0,0,0
104900122,0,0,0
104900123,0,0,0
104900124,0,0,0
104900125,0,0,0
104900126,0,0,0
104900127,0,0,0
104900128,0,0,0
104900129,0,0,0
105000001,409,513,-104
105000002,123,289,-166
105000003,267,494,-227
105000004,66,200,-134
105000005,120,213,-93
105000006,77,159,-82
105000007,39,171,-132
105000008,45,238,-193
105000009,107,208,-101
105000010,652,863,-211
105000011,179,185,-6
105000012,1063,1424,-361
105000013,98,118,-20
105000014,136,99,37
105000015,884,305,579
105000016,1022,426,596
105000017,198,127,71
105000018,116,147,-31
105000019,12,1,11
105000020,5,105,-100
105000021,0,1,-1
105000022,0,0,0
105000023,0,0,0
105000028,11,47,-36
105000029,87,106,-19
105000030,954,1283,-329
105000033,318,995,-677
105000034,0,4,-4
105000037,20,45,-25
105000038,75,73,2
105000039,1022,1093,-71
105000040,14,39,-25
105000041,129,615,-486
105000042,126,84,42
105000043,607,1050,-443
105000044,36,18,18
105000045,38,304,-266
105000046,36,13,23
105000047,58,530,-472
105000048,6,8,-2
105000049,73,225,-152
105000050,0,0,0
105000051,54,165,-111
105000052,6,33,-27
105000053,18,93,-75
105000054,5,61,-56
105000055,12,67,-55
105000056,16,162,-146
105000057,94,198,-104
105000058,110,223,-113
105000059,21,32,-11
105000060,51,118,-67
105000061,8,20,-12
105000062,94,279,-185
105000063,58,183,-125
105000064,58,77,-19
105000065,34,193,-159
105000066,154,347,-193
105000067,60,56,4
105000068,76,129,-53
105000069,292,85,207
105000070,36,61,-25
105000071,0,0,0
105000072,51,22,29
105000073,14,6,8
105000074,91,210,-119
105000075,56,118,-62
105000076,233,227,6
105000077,557,202,355
105000078,165,92,73
105000079,368,565,-197
105000080,41,46,-5
105000081,227,164,63
105000082,21,67,-46
105000083,14,6,8
105000084,71,251,-180
105000085,53,39,14
105000086,69,163,-94
105000087,515,365,150
105000088,18,2,16
105000089,600,770,-170
105000090,278,354,-76
105000091,635,628,7
105000092,137,291,-154
105000093,34,28,6
105000094,9,6,3
105000095,4,42,-38
105000096,2,2,0
105000097,93,155,-62
105000098,0,0,0
105000099,88,203,-115
105000100,127,177,-50
105000101,170,218,-48
105000102,126,305,-179
105000103,86,272,-186
105000104,110,126,-16
105000105,33,215,-182
105000106,52,194,-142
105000107,56,26,30
105000108,105,66,39
105000109,78,166,-88
105000110,29,10,19
105000111,11,68,-57
105000112,175,48,127
105000113,9,27,-18
105000114,0,0,0
105000115,33,29,4
105000116,6,13,-7
105000117,65,132,-67
105000118,3,10,-7
105000119,48,136,-88
105000120,7,7,0
105000121,73,112,-39
105000122,11,63,-52
105000123,120,176,-56
105000124,73,197,-124
105000125,49,280,-231
105000126,233,437,-204
105000127,161,254,-93
105000128,23,254,-231
105000129,47,89,-42
105000130,0,2,-2
105000131,62,67,-5
105000132,0,0,0
105000133,54,217,-163
105000134,0,0,0
105000135,51,121,-70
105000136,7,103,-96
105000137,0,0,0
105000138,63,87,-24
105000139,139,212,-73
105000140,0,0,0
105000141,43,136,-93
105000142,0,0,0
105000143,14,148,-134
105000144,85,176,-91
105000145,0,0,0
105000146,67,232,-165
105000147,0,0,0
105000148,0,0,0
105000149,0,0,0
105000150,359,305,54
105000151,24,17,7
105000152,8,147,-139
105000153,16,19,-3
105000154,15,186,-171
105000155,5,32,-27
105000156,40,226,-186
105000157,114,449,-335
105000158,74,57,17
105000159,37,337,-300
105000160,53,40,13
105000161,48,478,-430
105000162,14,63,-49
105000163,130,228,-98
105000164,64,30,34
105000165,68,161,-93
105000166,1407,37,1370
105000167,171,184,-13
105000168,13,192,-179
105000169,52,167,-115
105000170,0,0,0
105000171,76,17,59
105000172,0,0,0
105000173,0,0,0
105000174,0,0,0
105000175,5,30,-25
105000176,5,7,-2
105000177,11,19,-8
105000178,0,0,0
105000179,12,22,-10
105000180,5,23,-18
105000181,0,0,0
105000182,10,20,-10
105000183,30,8,22
105000184,509,303,206
105000185,167,121,46
105000186,67,439,-372
105000187,85,34,51
105000188,8,22,-14
105000189,12,196,-184
105000190,0,0,0
105000191,49,210,-161
105000192,8,52,-44
105000193,13,57,-44
105000194,41,31,10
105000195,30,226,-196
105000196,6,37,-31
105000197,34,153,-119
105000198,141,64,77
105000199,37,56,-19
105000200,3,20,-17
105000201,8,9,-1
105000203,0,16,-16
105000204,33,23,10
105000205,5,12,-7
105000207,166,89,77
105000208,0,0,0
105000209,30,173,-143
105000212,81,178,-97
105000213,0,0,0
105000214,0,0,0
105000215,5,61,-56
105000216,23,184,-161
105000217,14,218,-204
105000218,21,157,-136
105000221,4,21,-17
105000222,3,8,-5
105000223,5,33,-28
105000226,0,0,0
105000227,0,0,0
105000228,1,39,-38
105000229,0,0,0
105000231,0,0,0
105000233,33,35,-2
105000234,167,596,-429
105000235,4,11,-7
105000237,0,0,0
105000243,2,6,-4
105000248,27,32,-5
105000262,25,271,-246
105000269,3,10,-7
105000270,9,27,-18
105000271,0,5,-5
105000282,0,6,-6
105000287,7,2,5
105000288,16,70,-54
105000289,134,184,-50
105000290,0,0,0
105000402,434,106,328
105000426,53,22,31
105000438,116,63,53
105000446,1377,908,469
105000447,1447,578,869
105000454,1,27,-26
105000455,0,0,0
105000474,0,0,0
105000477,0,1,-1
105000478,94,132,-38
105000479,2,17,-15
105000480,256,304,-48
105000481,412,258,154
105000482,1151,874,277
105000483,214,338,-124
105000484,414,798,-384
105000485,547,616,-69
105000486,950,766,184
105000488,539,618,-79
105000489,38,83,-45
105000549,0,0,0
105000550,130,341,-211
105000551,0,0,0
105000552,1384,625,759
105000555,32,20,12
105900001,0,0,0
105900002,2,10,-8
105900003,0,10,-10
105900004,62,9,53
105900005,0,39,-39
105900006,0,0,0
105900007,0,0,0
105900008,4,154,-150
105900009,0,0,0
105900011,0,0,0
105900012,0,0,0
105900013,0,0,0
105900014,0,0,0
105900015,6,42,-36
105900016,0,0,0
105900017,0,0,0
105900018,25,16,9
105900019,0,0,0
105900020,1,6,-5
105900021,0,0,0
105900022,2,22,-20
105900023,0,0,0
105900024,0,0,0
105900025,0,0,0
105900026,5,2,3
105900027,0,0,0
105900028,0,25,-25
105900029,11,31,-20
105900030,11,23,-12
105900031,10,38,-28
105900032,6,24,-18
105900033,0,15,-15
105900034,6,34,-28
105900035,24,23,1
105900036,0,11,-11
105900037,19,9,10
105900038,4,18,-14
105900039,1,17,-16
105900040,5,23,-18
105900041,6,12,-6
105900042,2,15,-13
105900043,41,1,40
105900044,1,15,-14
105900045,1,46,-45
105900046,0,47,-47
105900047,0,3,-3
105900048,2,44,-42
105900050,0,0,0
105900051,0,0,0
105900052,0,0,0
105900053,192,2,190
105900054,8,15,-7
105900056,0,0,0
105900057,0,0,0
105900058,0,2,-2
105900059,0,0,0
106000001,259,167,92
106000002,665,1005,-340
106000003,561,360,201
106000004,796,603,193
106000005,373,411,-38
106000006,1385,1225,160
106000007,107,38,69
106000008,176,144,32
106000009,47,32,15
106000010,147,178,-31
106000011,26,43,-17
106000012,127,488,-361
106000013,142,128,14
106000014,502,544,-42
106000015,50,96,-46
106000016,293,624,-331
106000017,192,109,83
106000018,229,274,-45
106000019,28,37,-9
106000020,36,191,-155
106000021,52,46,6
106000022,73,136,-63
106000023,55,21,34
106000024,124,266,-142
106000025,41,27,14
106000026,110,162,-52
106000027,46,57,-11
106000028,186,384,-198
106000029,283,540,-257
106000030,78,38,40
106000034,148,196,-48
106000035,64,93,-29
106000036,83,77,6
106000037,282,442,-160
106000038,0,0,0
106000039,0,0,0
106000040,34,201,-167
106000041,60,52,8
106000043,0,0,0
106000046,0,0,0
106000047,7,28,-21
106000049,27,7,20
106000050,49,417,-368
106000051,1,12,-11
106000052,28,366,-338
106000053,0,0,0
106000054,72,234,-162
106000055,0,0,0
106000056,110,289,-179
106000057,0,0,0
106000058,15,84,-69
106000059,0,5,-5
106000060,181,379,-198
106000061,0,7,-7
106000062,64,266,-202
106000063,3,8,-5
106000064,15,180,-165
106000065,4,6,-2
106000066,24,108,-84
106000067,8,5,3
106000068,5,228,-223
106000069,6,8,-2
106000070,50,261,-211
106000071,5,16,-11
106000072,909,333,576
106000073,393,255,138
106000074,51,147,-96
106000075,37,187,-150
106000076,101,360,-259
106000077,415,283,132
106000078,118,255,-137
106000079,78,223,-145
106000080,140,273,-133
106000081,36,189,-153
106000082,563,286,277
106000083,21,292,-271
106000084,81,227,-146
106000085,89,262,-173
106000086,43,177,-134
106000087,37,175,-138
106000088,7,230,-223
106000089,65,175,-110
106000090,1,230,-229
106000091,96,126,-30
106000092,0,18,-18
106000093,0,0,0
106000094,37,80,-43
106000095,26,210,-184
106000096,7,165,-158
106000097,61,381,-320
106000098,5,269,-264
106000099,7,367,-360
106000100,7,28,-21
106000101,13,23,-10
106000102,2,173,-171
106000103,11,59,-48
106000104,111,44,67
106000105,33,102,-69
106000106,29,43,-14
106000107,16,68,-52
106000108,41,37,4
106000109,7,74,-67
106000110,12,25,-13
106000111,15,80,-65
106000112,22,50,-28
106000113,121,70,51
106000114,87,40,47
106000115,20,52,-32
106000116,17,38,-21
106000117,148,174,-26
106000118,56,77,-21
106000119,582,251,331
106000120,0,1,-1
106000121,3,6,-3
106000122,2,45,-43
106000123,6,5,1
106000124,0,36,-36
106000125,1,62,-61
106000126,1,5,-4
106000127,10,74,-64
106000128,1,4,-3
106000129,59,112,-53
106000130,0,0,0
106000131,16,96,-80
106000132,0,0,0
106000133,1211,161,1050
106000134,0,0,0
106000135,34,267,-233
106000136,0,0,0
106000137,14,564,-550
106000138,0,0,0
106000139,0,0,0
106000140,2,69,-67
106000141,5,74,-69
106000142,0,0,0
106000143,5,81,-76
106000144,0,0,0
106000145,12,225,-213
106000146,0,0,0
106000147,56,103,-47
106000148,33,158,-125
106000149,63,72,-9
106000150,41,229,-188
106000151,767,115,652
106000152,81,112,-31
106000153,22,143,-121
106000154,150,24,126
106000155,0,9,-9
106000156,49,42,7
106000157,111,357,-246
106000158,501,114,387
106000159,1126,280,846
106000160,11,222,-211
106000161,237,126,111
106000162,6,87,-81
106000163,45,144,-99
106000164,18,47,-29
106000165,26,202,-176
106000166,68,66,2
106000167,42,469,-427
106000168,17,57,-40
106000169,9,237,-228
106000170,38,58,-20
106000171,5,216,-211
106000172,305,200,105
106000173,52,592,-540
106000174,19,86,-67
106000175,42,322,-280
106000176,31,52,-21
106000177,52,653,-601
106000178,119,155,-36
106000179,173,519,-346
106000180,143,514,-371
106000181,39,527,-488
106000182,39,177,-138
106000183,37,256,-219
106000184,77,161,-84
106000185,36,185,-149
106000186,77,27,50
106000187,16,191,-175
106000188,0,1,-1
106000189,0,0,0
106000190,0,0,0
106000191,23,54,-31
106000192,1,14,-13
106000193,30,31,-1
106000194,19,73,-54
106000195,13,19,-6
106000196,1,59,-58
106000197,11,40,-29
106000198,8,73,-65
106000199,110,37,73
106000200,158,34,124
106000201,24,43,-19
106000202,1504,73,1431
106000203,10,92,-82
106000204,0,0,0
106000205,18,93,-75
106000206,0,0,0
106000207,7,287,-280
106000208,16,0,16
106000209,8,21,-13
106000210,37,387,-350
106000211,97,638,-541
106000212,2,1,1
106000213,62,248,-186
106000214,153,14,139
106000215,14,38,-24
106000216,26,40,-14
106000217,11,34,-23
106000218,32,35,-3
106000219,8,39,-31
106000220,26,38,-12
106000221,4,96,-92
106000222,0,0,0
106000223,0,0,0
106000224,17,71,-54
106000225,0,0,0
106000226,25,135,-110
106000228,5,68,-63
106000229,2,273,-271
106000231,9,1,8
106000232,5,150,-145
106000233,0,3,-3
106000234,10,82,-72
106000235,3,1,2
106000236,12,13,-1
106000237,0,2,-2
106000238,0,0,0
106000239,1,12,-11
106000240,0,0,0
106000241,5,272,-267
106000242,6,0,6
106000249,0,0,0
106000250,3,83,-80
106000251,0,0,0
106000252,4,34,-30
106000253,0,0,0
106000254,7,18,-11
106000255,0,0,0
106000256,22,25,-3
106000257,14,60,-46
106000258,0,0,0
106000259,0,9,-9
106000260,0,0,0
106000261,0,13,-13
106000262,0,0,0
106000263,0,12,-12
106000264,0,0,0
106000265,1,32,-31
106000266,0,0,0
106000267,2,32,-30
106000268,0,0,0
106000269,12,13,-1
106000270,34,147,-113
106000271,0,0,0
106000272,5,5,0
106000273,0,0,0
106000274,44,6,38
106000275,0,0,0
106000276,9,8,1
106000277,0,1,-1
106000278,20,6,14
106000279,16,8,8
106000280,1,10,-9
106000281,7,4,3
106000282,5,9,-4
106000283,5,4,1
106000284,6,16,-10
106000285,1,12,-11
106000286,4,30,-26
106000287,8,10,-2
106000288,1,26,-25
106000289,7,9,-2
106000290,3,12,-9
106000291,1,2,-1
106000292,0,14,-14
106000293,2,9,-7
106000294,29,19,10
106000295,1,6,-5
106000296,9,13,-4
106000297,10,13,-3
106000298,14,11,3
106000299,3,7,-4
106000300,5,7,-2
106000301,3,12,-9
106000303,0,0,0
106000304,0,6,-6
106000305,0,0,0
106000306,3,13,-10
106000307,0,0,0
106000308,2,26,-24
106000309,0,17,-17
106000310,15,96,-81
106000311,15,14,1
106000312,19,26,-7
106000313,12,25,-13
106000318,18,32,-14
106000319,37,0,37
106000320,0,0,0
106000321,0,0,0
106000322,9,52,-43
106000324,0,0,0
106000325,39,33,6
106000326,201,535,-334
106000327,0,0,0
106000328,0,0,0
106000329,0,30,-30
106000330,5,19,-14
106000428,24,37,-13
106000429,25,130,-105
106000430,69,299,-230
106000431,45,71,-26
106000432,261,636,-375
106000433,146,139,7
106000434,151,75,76
106000435,641,891,-250
106000436,5,136,-131
106000437,1,0,1
106000438,0,0,0
106000439,7,118,-111
106000440,38,25,13
106000441,0,0,0
106000442,0,0,0
106000443,2,25,-23
106000450,2,91,-89
106000451,0,0,0
106000454,1,12,-11
106000455,1,90,-89
106000456,0,0,0
106000457,1,377,-376
106000458,0,0,0
106000459,5,173,-168
106000460,0,0,0
106000461,6,690,-684
106000462,0,7,-7
106000463,0,0,0
106000464,3,171,-168
106000465,0,0,0
106000466,0,221,-221
106000467,197,158,39
106000468,0,4,-4
106000469,0,0,0
106000470,68,172,-104
106000471,0,172,-172
106000472,0,0,0
106000473,6,8,-2
106000474,86,267,-181
106000475,17,22,-5
106000476,13,23,-10
106000477,19,73,-54
106000480,1,37,-36
106900001,0,0,0
106900002,0,0,0
106900003,0,0,0
106900004,0,0,0
106900006,0,0,0
106900007,0,0,0
106900008,0,0,0
106900009,0,0,0
106900010,0,0,0
106900012,0,0,0
106900013,0,0,0
106900014,0,0,0
106900015,0,0,0
106900016,0,0,0
106900017,0,0,0
106900018,0,0,0
106900019,0,0,0
106900020,0,0,0
106900021,0,0,0
106900022,0,0,0
106900023,0,0,0
106900024,0,0,0
106900025,0,0,0
106900026,0,0,0
106900027,0,0,0
107000001,274,405,-131
107000002,807,1352,-545
107000003,540,737,-197
107000004,1700,2002,-302
107000005,180,366,-186
107000006,849,2218,-1369
107000007,537,600,-63
107000008,6968,4672,2296
107000009,288,413,-125
107000010,4116,3364,752
107000011,337,317,20
107000012,668,728,-60
107000013,11,100,-89
107000014,9,119,-110
107000015,95,401,-306
107000016,90,514,-424
107000017,223,99,124
107000018,2,75,-73
107000020,67,49,18
107000021,182,262,-80
107000022,71,365,-294
107000023,218,142,76
107000024,60,722,-662
107000025,27,101,-74
107000026,37,213,-176
107000027,220,121,99
107000028,188,327,-139
107000029,162,117,45
107000030,270,790,-520
107000031,152,175,-23
107000032,14,68,-54
107000033,653,821,-168
107000034,1563,472,1091
107000035,3,9,-6
107000036,33,129,-96
107000037,2,21,-19
107000038,79,109,-30
107000039,0,0,0
107000040,51,133,-82
107000041,197,81,116
107000042,80,282,-202
107000043,293,109,184
107000044,142,134,8
107000045,14,100,-86
107000046,45,43,2
107000047,41,201,-160
107000048,21,42,-21
107000049,38,147,-109
107000050,38,44,-6
107000051,72,95,-23
107000052,173,44,129
107000053,3,13,-10
107000054,18,100,-82
107000055,42,31,11
107000056,125,185,-60
107000057,282,51,231
107000058,0,0,0
107000059,282,826,-544
107000060,31,67,-36
107000061,942,1150,-208
107000062,25,37,-12
107000063,673,1592,-919
107000064,24,52,-28
107000065,626,1661,-1035
107000066,20,42,-22
107000067,21,35,-14
107000068,0,0,0
107000069,0,0,0
107000070,0,0,0
107000071,0,0,0
107000072,11,1157,-1146
107000073,0,0,0
107000074,39,332,-293
107000075,0,0,0
107000076,167,832,-665
107000077,0,0,0
107000078,229,1059,-830
107000079,0,0,0
107000080,244,1020,-776
107000081,15,8,7
107000082,65,911,-846
107000083,5,14,-9
107000084,57,768,-711
107000085,413,384,29
107000086,335,465,-130
107000087,271,309,-38
107000088,220,541,-321
107000089,90,134,-44
107000090,222,290,-68
107000091,79,140,-61
107000092,159,306,-147
107000093,60,104,-44
107000094,181,321,-140
107000095,0,0,0
107000096,226,421,-195
107000097,0,0,0
107000098,96,277,-181
107000099,0,0,0
107000100,73,147,-74
107000101,0,0,0
107000102,114,121,-7
107000103,0,0,0
107000104,43,106,-63
107000105,11,0,11
107000106,27,90,-63
107000107,6,5,1
107000108,49,265,-216
107000109,0,0,0
107000110,15,162,-147
107000111,0,0,0
107000112,0,141,-141
107000113,0,0,0
107000114,20,199,-179
107000115,0,0,0
107000116,13,362,-349
107000117,0,0,0
107000118,23,108,-85
107000119,95,24,71
107000120,664,182,482
107000121,14,13,1
107000122,136,230,-94
107000123,15,13,2
107000124,76,287,-211
107000125,38,27,11
107000126,79,450,-371
107000129,28,355,-327
107000130,0,0,0
107000131,108,185,-77
107000132,0,0,0
107000133,9,8,1
107000134,0,0,0
107000135,0,22,-22
107000136,4,0,4
107000137,1,15,-14
107000138,11,0,11
107000139,2,29,-27
107000140,60,3,57
107000141,32,52,-20
107000142,4,0,4
107000143,2,63,-61
107000144,9,3,6
107000145,11,27,-16
107000146,0,2,-2
107000147,255,19,236
107000150,12,10,2
107000151,0,12,-12
107000152,6,49,-43
107000153,49,33,16
107000154,4,1,3
107000155,28,1,27
107000156,51,1,50
107000157,1,305,-304
107000158,14,2,12
107000159,2,168,-166
107000160,12,5,7
107000161,5,155,-150
107000162,34,9,25
107000163,0,0,0
107000164,0,0,0
107000165,0,0,0
107000166,5,332,-327
107000167,22,27,-5
107000168,55,13,42
107000169,102,357,-255
107000170,59,8,51
107000171,42,986,-944
107000172,26,25,1
107000173,120,255,-135
107000174,107,139,-32
107000175,1834,332,1502
107000176,0,0,0
107000177,0,0,0
107000178,0,0,0
107000179,39,976,-937
107000180,0,0,0
107000181,41,366,-325
107000182,9,84,-75
107000183,32,273,-241
107000184,18,92,-74
107000185,20,392,-372
107000186,0,0,0
107000187,63,110,-47
107000188,56,63,-7
107000189,15,55,-40
107000190,40,159,-119
107000191,1,7,-6
107000192,153,148,5
107000193,2,3,-1
107000194,143,153,-10
107000197,0,0,0
107000198,52,250,-198
107000199,145,245,-100
107000200,0,0,0
107000201,58,90,-32
107000202,0,0,0
107000203,100,132,-32
107000204,7,5,2
107000205,840,416,424
107000206,0,0,0
107000207,17,13,4
107000208,31,4,27
107000209,51,6,45
107000210,176,24,152
107000211,0,0,0
107000212,0,42,-42
107000213,0,0,0
107000214,0,6,-6
107000215,8,23,-15
107000216,0,40,-40
107000217,1,4,-3
107000219,0,4,-4
107000220,1,34,-33
107000222,26,119,-93
107000224,0,0,0
107000225,29,130,-101
107000226,0,0,0
107000227,14,121,-107
107000228,8,26,-18
107000229,4,8,-4
107000230,259,141,118
107000231,5,19,-14
107000232,0,0,0
107000233,21,27,-6
107000234,0,0,0
107000235,0,1,-1
107000236,7,186,-179
107000237,0,0,0
107000238,0,0,0
107000239,117,13,104
107000240,2,256,-254
107000243,1,35,-34
107000244,3,69,-66
107000246,3,474,-471
107000249,0,197,-197
107000251,0,77,-77
107000252,3,384,-381
107000255,48,15,33
107000257,0,52,-52
107000258,0,11,-11
107000259,0,21,-21
107000260,0,0,0
107000262,1,67,-66
107000263,0,0,0
107000266,0,0,0
107000267,1,11,-10
107000268,3,15,-12
107000269,0,0,0
107000270,0,0,0
107000271,1,144,-143
107000272,0,49,-49
107000273,0,20,-20
107000274,12,11,1
107000275,1,48,-47
107000280,13,2,11
107000281,1,88,-87
107000282,0,166,-166
107000290,1,6,-5
107000291,0,0,0
107000292,1,9,-8
107000293,0,0,0
107000294,0,10,-10
107000295,0,0,0
107000296,0,0,0
107000444,5,0,5
107000496,0,0,0
107000497,227,1086,-859
107000500,0,0,0
107000501,0,0,0
107000502,0,0,0
107000505,135,198,-63
107000506,0,1,-1
107000508,0,159,-159
107000509,11,14,-3
107000510,0,0,0
107000514,0,17,-17
107000515,2,39,-37
107000516,1,2,-1
107000518,0,0,0
107000519,625,462,163
107000520,0,0,0
107000521,116,193,-77
107000522,0,93,-93
107900001,0,0,0
107900002,0,0,0
107900003,0,1,-1
107900004,0,0,0
107900005,21,1,20
107900006,0,0,0
107900007,0,0,0
107900008,17,6,11
107900009,0,0,0
107900010,0,0,0
107900012,18,0,18
107900013,15,2,13
107900014,1,0,1
107900015,25,0,25
107900016,9,6,3
107900017,1,0,1
107900018,2,0,2
107900019,0,19,-19
107900020,0,0,0
107900021,0,9,-9
107900023,0,0,0
107900024,0,0,0
107900025,9,19,-10
107900026,0,11,-11
107900027,0,0,0
107900028,0,12,-12
107900030,5,2,3
107900031,3,46,-43
107900032,0,0,0
107900033,0,0,0
107900034,8,0,8
107900035,29,0,29
107900036,0,0,0
107900037,0,0,0
107900038,6,4,2
107900039,0,7,-7
107900040,0,0,0
107900041,0,0,0
107900043,0,14,-14
107900044,0,0,0
107900045,4,1,3
107900046,13,2,11
107900047,0,0,0
107900048,4,0,4
107900049,18,12,6
107900050,31,39,-8
107900051,2,8,-6
107900052,0,0,0
107900053,0,16,-16
107900055,10,21,-11
107900056,1,0,1
107900057,0,0,0
107900058,0,108,-108
107900060,0,0,0
107900061,0,0,0
107900063,6,10,-4
107900064,2,0,2
107900065,4,2,2
107900066,0,0,0
107900067,0,0,0
107900068,2,5,-3
107900069,0,6,-6
107900070,0,0,0
107900071,1,184,-183
107900072,0,11,-11
107900073,0,0,0
107900074,0,0,0
107900076,6,4,2
107900077,0,0,0
107900078,20,0,20
107900079,0,0,0
107900080,3,4,-1
107900081,0,0,0
107900082,0,0,0
107900083,13,23,-10
107900084,0,6,-6
107900086,9,6,3
107900087,46,7,39
107900088,0,0,0
107900089,26,23,3
107900090,13,26,-13
107900091,4,46,-42
107900092,314,36,278
107900093,0,0,0
107900095,152,53,99
107900097,1,5,-4
107900098,5,2,3
107900100,141,30,111
107900101,166,25,141
107900102,0,0,0
107900103,3,16,-13
107900104,0,0,0
107900105,1,92,-91
107900106,1,384,-383
107900107,179,22,157
107900108,3,3,0
107900109,0,0,0
107900110,1,9,-8
107900111,1,210,-209
107900112,5,65,-60
107900113,0,0,0
107900114,4,29,-25
107900115,0,0,0
107900116,1,12,-11
107900117,14,47,-33
107900118,13,23,-10
107900119,2,4,-2
107900120,0,0,0
107900121,0,0,0
107900122,0,0,0
107900123,0,10,-10
107900124,0,0,0
107900125,0,36,-36
107900126,0,3,-3
107900127,72,7,65
107900128,4,1,3
107900129,0,9,-9
107900130,0,0,0
107900131,6,3,3
107900132,9,65,-56
107900133,0,12,-12
107900134,0,0,0
107900135,0,57,-57
107900136,4,2,2
107900137,3,4,-1
107900138,2,5,-3
107900139,0,0,0
107900141,4,3,1
107900142,10,192,-182
107900143,2,3,-1
107900144,0,38,-38
107900145,1,12,-11
107900146,3,2,1
107900147,1,1,0
107900148,9,19,-10
107900149,374,12,362
107900150,8,102,-94
107900151,0,24,-24
107900152,1,24,-23
107900153,2,0,2
107900154,1,0,1
107900155,0,0,0
107900156,0,0,0
107900157,0,20,-20
107900158,18,0,18
107900159,5,227,-222
107900160,3,25,-22
107900161,0,61,-61
107900162,0,10,-10
107900163,0,0,0
107900164,0,11,-11
107900165,1,4,-3
107900166,0,80,-80
107900167,0,0,0
107900168,0,11,-11
107900169,0,32,-32
107900171,2,349,-347
107900172,0,83,-83
107900173,0,51,-51
107900174,0,0,0
107900175,0,0,0
107900176,0,11,-11
107900177,0,23,-23
107900178,0,54,-54
107900179,0,32,-32
107900180,74,5,69
107900181,109,78,31
107900182,2,334,-332
107900183,0,99,-99
107900184,0,0,0
107900185,0,2,-2
107900186,0,4,-4
107900187,0,39,-39
107900188,63,4,59
107900189,1,24,-23
107900190,7,1,6
107900191,7,24,-17
107900193,0,14,-14
107900194,3,0,3
107900195,408,24,384
107900196,0,0,0
107900197,13,1,12
107900199,0,98,-98
107900201,17,23,-6
107900203,0,21,-21
107900204,58,46,12
107900205,17,107,-90
107900206,6,2,4
107900207,0,206,-206
107900208,0,121,-121
107900209,32,26,6
107900210,24,30,-6
107900213,56,66,-10
107900214,1,34,-33
107900215,24,104,-80
107900216,4,10,-6
107900217,0,0,0
107900218,0,130,-130
107900219,0,34,-34
107900220,44,14,30
107900221,37,52,-15
107900223,0,0,0
107900224,17,69,-52
107900225,0,57,-57
107900226,4,23,-19
107900227,8,90,-82
107900228,1,30,-29
107900229,0,101,-101
107900230,0,14,-14
107900231,0,0,0
107900232,1,58,-57
107900233,0,34,-34
107900234,8,30,-22
107900235,6,43,-37
107900236,1,20,-19
107900237,17,147,-130
107900238,0,0,0
107900239,193,95,98
107900240,0,20,-20
107900241,0,9,-9
107900242,0,91,-91
107900243,0,3,-3
107900244,0,0,0
107900245,1,1,0
107900246,0,1,-1
107900248,8,116,-108
107900249,1,0,1
107900250,2,85,-83
107900251,4,179,-175
107900252,0,0,0
107900253,0,0,0
107900254,4,3,1
107900255,66,16,50
107900256,1,45,-44
107900257,8,0,8
107900258,1,19,-18
107900259,0,6,-6
107900261,1,91,-90
107900262,0,0,0
107900264,0,0,0
107900265,1,9,-8
107900267,0,1,-1
107900268,0,0,0
107900269,0,0,0
107900270,0,0,0
107900271,0,0,0
107900272,0,0,0
107900273,0,13,-13
107900274,0,0,0
107900275,0,0,0
107900276,0,11,-11
107900277,0,47,-47
107900278,0,55,-55
107900279,13,5,8
107900280,0,29,-29
107900281,394,75,319
107900282,9,14,-5
107900283,60,11,49
107900284,3,191,-188
107900285,0,13,-13
107900286,6,4,2
107900287,1,8,-7
107900290,0,12,-12
107900291,27,2,25
107900292,5,32,-27
107900293,3,45,-42
107900295,1,24,-23
107900297,1,60,-59
107900298,63,80,-17
107900299,580,91,489
107900300,1,23,-22
107900301,12,34,-22
107900302,9,1,8
107900303,0,46,-46
107900304,9,103,-94
107900305,17,0,17
107900306,0,0,0
107900307,10,107,-97
107900308,22,4,18
107900309,0,0,0
107900310,0,0,0
107900311,2,1,1
107900312,0,0,0
107900313,0,4,-4
107900314,0,5,-5
107900315,0,3,-3
107900316,0,0,0
107900317,3,0,3
107900318,0,11,-11
107900319,1,48,-47
107900320,0,28,-28
107900321,0,0,0
107900322,0,35,-35
107900323,0,27,-27
107900324,5,0,5
107900325,0,0,0
107900326,0,129,-129
107900327,0,0,0
107900328,0,0,0
107900329,0,0,0
107900330,0,57,-57
107900331,2,2,0
107900332,10,1,9
107900333,6,0,6
107900334,1,44,-43
107900335,9,8,1
107900336,2,5,-3
107900337,173,36,137
107900338,0,48,-48
107900339,0,8,-8
107900340,0,3,-3
107900341,1,0,1
107900342,10,13,-3
107900343,2,0,2
107900344,0,20,-20
107900345,0,1,-1
107900346,0,0,0
107900347,0,0,0
107900348,0,0,0
107900349,0,0,0
107900350,11,69,-58
107900351,1,35,-34
107900352,0,6,-6
107900353,1,0,1
107900354,0,12,-12
108000001,342,448,-106
108000002,1118,1519,-401
108000003,327,260,67
108000004,6860,5329,1531
108000005,271,319,-48
108000006,1012,2317,-1305
108000007,311,424,-113
108000008,1194,2128,-934
108000009,174,437,-263
108000010,626,1983,-1357
108000011,1178,812,366
108000012,6338,5040,1298
108000014,4,35,-31
108000015,1,51,-50
108000016,67,314,-247
108000017,4,34,-30
108000018,5,21,-16
108000019,4,48,-44
108000020,0,0,0
108000021,119,688,-569
108000022,108,438,-330
108000023,0,0,0
108000024,7,164,-157
108000025,11,75,-64
108000026,20,176,-156
108000027,13,199,-186
108000028,5,112,-107
108000029,5,252,-247
108000030,3,53,-50
108000031,11,293,-282
108000032,0,0,0
108000033,160,453,-293
108000034,0,0,0
108000035,201,881,-680
108000036,70,508,-438
108000037,62,24,38
108000038,46,24,22
108000039,90,840,-750
108000040,25,10,15
108000041,210,1023,-813
108000042,1,100,-99
108000043,8,178,-170
108000044,1,59,-58
108000045,29,425,-396
108000046,0,0,0
108000047,83,400,-317
108000048,25,289,-264
108000049,24,10,14
108000050,17,171,-154
108000051,23,3,20
108000052,93,220,-127
108000053,37,15,22
108000054,68,184,-116
108000055,30,16,14
108000056,194,301,-107
108000057,14,70,-56
108000058,19,178,-159
108000059,808,362,446
108000060,1,10,-9
108000061,39,107,-68
108000062,10,8,2
108000063,31,167,-136
108000064,0,0,0
108000065,49,156,-107
108000066,296,58,238
108000067,43,41,2
108000068,0,0,0
108000069,32,446,-414
108000070,0,0,0
108000071,112,621,-509
108000072,0,0,0
108000073,212,600,-388
108000074,0,0,0
108000075,39,256,-217
108000076,0,0,0
108000077,141,359,-218
108000078,23,30,-7
108000079,316,600,-284
108000080,0,10,-10
108000081,57,756,-699
108000082,208,532,-324
108000083,14,5,9
108000084,58,330,-272
108000085,1,3,-2
108000086,104,225,-121
108000087,0,18,-18
108000088,0,0,0
108000089,25,36,-11
108000090,15,0,15
108000091,13,250,-237
108000092,1,1,0
108000093,45,274,-229
108000094,0,0,0
108000095,72,202,-130
108000096,0,0,0
108000097,39,245,-206
108000098,28,106,-78
108000099,0,0,0
108000100,0,0,0
108000101,0,0,0
108000102,49,157,-108
108000106,0,0,0
108000107,1,252,-251
108000108,0,0,0
108000109,2,236,-234
108000110,10,40,-30
108000111,56,400,-344
108000112,0,0,0
108000113,24,15,9
108000115,72,41,31
108000117,59,40,19
108000118,2,71,-69
108000119,69,160,-91
108000120,4,76,-72
108000121,5,191,-186
108000122,5,52,-47
108000123,9,0,9
108000124,13,285,-272
108000125,3,0,3
108000126,7,311,-304
108000127,1,0,1
108000128,37,349,-312
108000129,19,640,-621
108000130,1,0,1
108000131,0,0,0
108000132,195,276,-81
108000133,0,0,0
108000134,138,362,-224
108000135,17,3,14
108000136,174,566,-392
108000137,0,0,0
108000138,14,99,-85
108000139,0,6,-6
108000140,14,1,13
108000141,6,50,-44
108000142,18,111,-93
108000143,11,24,-13
108000144,3,2,1
108000145,10,98,-88
108000146,10,2,8
108000147,4,78,-74
108000148,7,1,6
108000149,0,39,-39
108000150,3,0,3
108000151,3,2,1
108000152,17,88,-71
108000153,2,10,-8
108000154,11,22,-11
108000155,3,2,1
108000156,71,13,58
108000157,8,14,-6
108000158,50,81,-31
108000159,34,1,33
108000160,652,141,511
108000161,458,119,339
108000165,0,4,-4
108000172,0,0,0
108000173,406,25,381
108000175,0,39,-39
108000178,95,122,-27
108000179,0,0,0
108000181,4,4,0
108000182,6,0,6
108000183,0,17,-17
108000184,144,174,-30
108000185,6,152,-146
108000186,1,5,-4
108000187,3,119,-116
108000188,6,19,-13
108000189,16,32,-16
108000190,7,52,-45
108000192,15,141,-126
108000193,127,11,116
108000194,0,0,0
108000195,2,785,-783
108000196,1,27,-26
108000198,60,90,-30
108000199,0,64,-64
108000200,5,63,-58
108000203,7,220,-213
108000204,16,4,12
108000205,62,54,8
108000339,49,31,18
108000364,5,10,-5
108000365,0,19,-19
108000367,14,26,-12
108000368,2,26,-24
108000369,352,20,332
108000371,0,228,-228
108000372,0,0,0
108000373,0,0,0
108000376,13,1,12
108000377,9,2,7
108000378,1590,871,719
108000379,2,66,-64
108000381,0,0,0
108000382,0,0,0
108000383,0,20,-20
108900001,11,20,-9
108900002,7,4,3
108900003,46,85,-39
108900004,84,40,44
108900005,1,16,-15
108900006,37,30,7
108900007,4,21,-17
108900008,1,14,-13
108900009,3,15,-12
108900010,3,18,-15
108900011,6,59,-53
108900012,10,97,-87
108900013,3,45,-42
108900014,0,14,-14
108900015,0,1,-1
108900016,0,32,-32
108900017,3,14,-11
108900018,5,77,-72
108900019,0,165,-165
108900020,5,29,-24
108900021,4,23,-19
108900022,0,0,0
108900023,0,7,-7
108900024,3,16,-13
108900025,0,0,0
108900026,0,10,-10
108900027,0,21,-21
108900028,1,71,-70
108900029,0,18,-18
108900030,0,34,-34
108900031,0,80,-80
108900032,0,9,-9
108900033,0,20,-20
108900034,0,12,-12
108900035,7,264,-257
108900036,19,38,-19
108900037,1,33,-32
108900038,2,45,-43
108900039,0,15,-15
108900040,0,22,-22
108900041,444,72,372
108900042,0,43,-43
108900043,2,29,-27
108900044,2,90,-88
108900045,0,47,-47
108900046,2,73,-71
108900047,0,11,-11
108900048,4,68,-64
108900049,373,25,348
108900050,0,16,-16
108900051,0,32,-32
108900052,0,25,-25
108900053,10,2,8
108900054,5,11,-6
108900055,7,49,-42
108900056,0,49,-49
108900057,0,19,-19
108900058,7,66,-59
108900059,12,1,11
108900060,0,0,0
108900061,3,0,3
108900062,0,64,-64
108900063,0,20,-20
108900064,3,0,3
108900065,0,14,-14
108900066,0,0,0
108900067,1,42,-41
108900068,2,19,-17
108900069,4,4,0
108900070,0,6,-6
108900071,0,0,0
108900072,5,0,5
108900073,3,27,-24
108900074,0,29,-29
108900075,3,0,3
108900076,0,0,0
108900077,1,50,-49
108900078,0,14,-14
108900079,8,6,2
108900080,0,0,0
108900081,5,48,-43
108900082,0,3,-3
108900083,0,0,0
108900084,27,13,14
108900085,148,5,143
108900086,0,18,-18
108900087,0,11,-11
108900088,0,0,0
108900089,0,0,0
108900090,1,27,-26
108900091,12,5,7
108900092,0,3,-3
108900093,0,0,0
108900094,5,3,2
108900095,1,32,-31
108900096,19,1,18
108900097,1,95,-94
108900098,10,1,9
108900099,0,62,-62
108900100,5,3,2
108900101,0,0,0
108900102,2,8,-6
108900103,0,0,0
108900104,33,29,4
108900105,0,0,0
108900106,0,104,-104
108900108,0,0,0
108900109,0,0,0
108900110,0,61,-61
108900111,1,96,-95
108900112,0,0,0
108900113,0,0,0
108900114,0,0,0
108900115,0,0,0
108900116,0,0,0
108900117,0,0,0
108900118,0,0,0
108900119,0,0,0
108900120,0,0,0
108900121,0,0,0
108900122,0,0,0
108900123,0,0,0
108900124,0,1,-1
108900125,0,0,0
108900126,0,0,0
108900127,0,0,0
108900128,0,0,0
108900129,0,0,0
108900130,0,0,0
108900131,10,0,10
108900132,0,0,0
108900133,0,0,0
108900134,0,0,0
108900135,0,0,0
108900136,0,0,0
108900137,1,0,1
108900138,0,0,0
108900139,0,0,0
108900140,0,0,0
108900141,0,0,0
108900142,0,0,0
108900143,0,0,0
108900144,0,0,0
108900145,0,0,0
108900146,0,0,0
108900147,2,0,2
108900148,2,0,2
108900149,54,28,26
108900150,0,0,0
108900151,0,0,0
108900152,0,0,0
108900153,0,27,-27
108900154,0,1,-1
108900155,0,7,-7
108900156,0,0,0
108900157,0,15,-15
108900158,0,0,0
108900159,0,12,-12
108900160,0,22,-22
108900161,1,33,-32
108900162,0,0,0
108900163,0,0,0
108900164,3,12,-9
108900165,12,5,7
108900167,79,19,60
108900168,607,33,574
108900169,5,13,-8
108900171,302,114,188
108900172,0,0,0
108900173,5,12,-7
108900174,0,0,0
108900176,8,86,-78
108900177,688,67,621
108900178,197,31,166
108900179,5,14,-9
108900180,0,0,0
108900182,0,1,-1
108900183,8,19,-11
108900184,0,1,-1
108900185,9,39,-30
108900186,1,24,-23
108900187,0,0,0
108900188,0,0,0
108900189,0,0,0
108900190,2,370,-368
108900191,0,0,0
108900192,0,36,-36
108900193,0,0,0
108900194,2,46,-44
108900195,2,43,-41
108900196,0,76,-76
108900198,1,62,-61
108900199,9,53,-44
108900200,33,44,-11
108900201,6,115,-109
108900203,1,0,1
108900204,3,0,3
108900205,1,0,1
108900206,0,0,0
108900207,0,0,0
108900208,4,44,-40
108900209,20,70,-50
108900210,5,4,1
108900211,0,1,-1
108900212,22,9,13
108900215,4,77,-73
108900216,0,2,-2
108900217,0,0,0
108900218,0,0,0
108900219,0,0,0
108900220,0,0,0
108900221,2,4,-2
108900222,0,0,0
108900223,0,5,-5
108900224,1,5,-4
108900225,0,9,-9
108900226,0,0,0
108900227,1,0,1
108900230,14,21,-7
108900231,2,16,-14
108900232,0,30,-30
108900233,0,0,0
108900234,0,0,0
108900235,13,24,-11
108900236,1,19,-18
108900237,2,20,-18
108900240,0,7,-7
108900241,0,0,0
108900245,0,0,0
108900249,0,0,0
108900250,0,15,-15
108900257,1,55,-54
108900258,0,4,-4
108900259,0,1,-1
108900260,0,3,-3
108900261,1,3,-2
108900262,0,0,0
108900263,0,0,0
108900264,0,0,0
108900265,0,0,0
108900266,0,0,0
108900267,0,0,0
108900268,0,0,0
108900269,0,0,0
108900270,0,0,0
108900271,0,0,0
108900272,0,0,0
108900273,0,0,0
108900274,5,10,-5
109000001,343,85,258
109000002,2780,507,2273
109000003,258,79,179
109000004,250,1290,-1040
109000005,120,109,11
109000006,226,1081,-855
109000007,114,104,10
109000008,169,874,-705
109000009,401,159,242
109000010,569,1912,-1343
109000011,293,209,84
109000012,667,1649,-982
109000013,431,193,238
109000014,386,1663,-1277
109000015,407,289,118
109000016,3851,1987,1864
109000017,201,201,0
109000018,299,1585,-1286
109000019,225,140,85
109000020,465,948,-483
109000023,0,0,0
109000024,1,13,-12
109000025,101,31,70
109000026,76,48,28
109000027,21,42,-21
109000028,3,27,-24
109000029,37,51,-14
109000030,16,122,-106
109000031,0,0,0
109000032,5,140,-135
109000033,0,0,0
109000034,2,2,0
109000035,0,0,0
109000036,27,99,-72
109000037,7,37,-30
109000038,264,84,180
109000039,63,12,51
109000040,545,97,448
109000041,2418,221,2197
109000042,47,134,-87
109000044,2,7,-5
109000045,16,204,-188
109000046,0,14,-14
109000047,22,276,-254
109000048,7,4,3
109000049,64,445,-381
109000050,0,1,-1
109000051,117,230,-113
109000052,21,334,-313
109000053,2,2,0
109000054,9,112,-103
109000055,8,11,-3
109000056,12,91,-79
109000057,28,19,9
109000058,74,15,59
109000059,9,75,-66
109000060,31,2,29
109000061,240,33,207
109000062,4,3,1
109000063,29,53,-24
109000064,1,1,0
109000065,8,80,-72
109000066,5,0,5
109000067,6,87,-81
109000068,0,2,-2
109000069,0,0,0
109000070,1,203,-202
109000071,102,8,94
109000072,5,47,-42
109000073,10,35,-25
109000074,3,35,-32
109000075,24,349,-325
109000076,4,23,-19
109000077,47,51,-4
109000078,2,11,-9
109000079,4,55,-51
109000080,6,23,-17
109000081,0,115,-115
109000082,7,68,-61
109000083,16,179,-163
109000088,9,65,-56
109000089,4,4,0
109000090,32,102,-70
109000091,28,11,17
109000092,91,166,-75
109000093,19,3,16
109000094,14,0,14
109000095,9,157,-148
109000096,34,0,34
109000097,4,15,-11
109000098,0,0,0
109000099,44,72,-28
109000100,7,169,-162
109000101,79,98,-19
109000102,19,367,-348
109000103,31,102,-71
109000104,91,53,38
109000105,44,689,-645
109000106,162,72,90
109000107,39,563,-524
109000108,120,55,65
109000109,94,653,-559
109000110,107,91,16
109000111,207,706,-499
109000112,20,30,-10
109000113,29,101,-72
109000114,1,57,-56
109000115,25,3,22
109000116,2,81,-79
109000117,4,7,-3
109000118,1,98,-97
109000119,21,11,10
109000120,5,477,-472
109000121,6,9,-3
109000122,6,613,-607
109000123,1,15,-14
109000124,35,74,-39
109000125,41,75,-34
109000126,37,767,-730
109000127,34,34,0
109000128,39,936,-897
109000129,17,17,0
109000130,157,1233,-1076
109000131,84,43,41
109000132,224,604,-380
109000133,29,379,-350
109000134,97,652,-555
109000135,120,440,-320
109000136,5,12,-7
109000137,25,42,-17
109000138,2,23,-21
109000139,30,49,-19
109000140,0,28,-28
109000141,21,172,-151
109000142,3,85,-82
109000143,3,3,0
109000145,21,23,-2
109000146,0,1,-1
109000148,1176,67,1109
109000149,11,13,-2
109000150,1,0,1
109000155,24,112,-88
109000156,243,237,6
109000158,1,59,-58
109000159,9,124,-115
109000160,87,63,24
109000161,12,286,-274
109000162,197,252,-55
109000163,34,196,-162
109000164,116,487,-371
109000165,85,134,-49
109000166,40,41,-1
109000167,7,159,-152
109000170,0,0,0
109000171,1,0,1
109000172,0,0,0
109000173,1,3,-2
109000174,0,0,0
109000175,0,0,0
109000176,15,142,-127
109000177,0,0,0
109000178,13,44,-31
109000179,955,173,782
109000180,819,425,394
109000181,4,7,-3
109000182,1,21,-20
109000183,2,5,-3
109000184,4,8,-4
109000185,1,4,-3
109000188,8,94,-86
109000189,57,181,-124
109000190,73,177,-104
109000191,0,0,0
109000192,4,9,-5
109000193,13,92,-79
109000194,0,3,-3
109000195,3,87,-84
109000196,0,4,-4
109000197,11,111,-100
109000198,6,1,5
109000199,9,137,-128
109000206,29,21,8
109000207,4,9,-5
109000208,33,14,19
109000209,8,19,-11
109000210,26,85,-59
109000211,8,9,-1
109000214,17,35,-18
109000215,0,1,-1
109000216,16,19,-3
109000217,13,9,4
109000218,29,10,19
109000221,14,177,-163
109000222,20,4,16
109000223,30,44,-14
109000224,7,23,-16
109000225,0,7,-7
109000226,5,38,-33
109000227,46,216,-170
109000228,0,124,-124
109000231,0,109,-109
109000232,5,78,-73
109000236,29,336,-307
109000241,179,308,-129
109000242,45,139,-94
109000293,0,0,0
109000361,7,33,-26
109000364,10,78,-68
109000396,1,203,-202
109000397,26,0,26
109000399,32,143,-111
109000400,6,121,-115
109000403,2,33,-31
109000406,9,2,7
109000407,12,30,-18
109000408,2,94,-92
109000410,128,75,53
109000411,0,0,0
109900001,0,0,0
109900002,0,0,0
109900003,0,0,0
109900004,7,20,-13
109900005,0,0,0
109900006,1,14,-13
109900007,0,132,-132
109900008,0,7,-7
109900009,5,117,-112
109900010,0,0,0
109900011,6,2,4
109900012,12,8,4
109900013,13,17,-4
109900014,8,5,3
109900015,12,16,-4
109900016,6,9,-3
109900017,2,7,-5
109900018,5,25,-20
109900019,12,18,-6
109900020,0,0,0
109900021,0,0,0
109900022,0,22,-22
109900023,5,0,5
109900024,0,0,0
109900025,1,5,-4
109900026,0,11,-11
109900027,2,0,2
109900028,185,24,161
109900029,1,31,-30
109900030,1,0,1
109900031,0,1,-1
109900032,2,31,-29
109900033,0,0,0
109900034,0,0,0
109900035,0,0,0
109900036,1,11,-10
109900037,1,74,-73
109900038,0,0,0
109900039,0,0,0
109900040,0,106,-106
109900041,1,51,-50
109900042,0,65,-65
109900044,1,21,-20
109900045,0,3,-3
109900046,0,0,0
109900047,5,21,-16
109900048,0,13,-13
109900049,2,5,-3
109900050,0,49,-49
109900051,0,5,-5
109900052,0,46,-46
109900053,1,77,-76
109900054,0,0,0
109900055,1,48,-47
109900056,0,0,0
109900057,0,17,-17
109900058,0,10,-10
109900059,0,0,0
109900060,0,0,0
109900061,18,80,-62
109900062,0,23,-23
109900063,0,12,-12
109900064,8,8,0
109900065,11,10,1
109900066,25,106,-81
109900067,0,58,-58
109900068,0,0,0
109900069,0,4,-4
109900070,17,60,-43
109900071,1,4,-3
109900072,2,30,-28
109900073,0,41,-41
109900074,0,17,-17
109900075,0,0,0
109900076,0,10,-10
109900077,1,11,-10
109900078,4,38,-34
109900080,3,19,-16
109900081,0,3,-3
109900082,2,41,-39
109900083,0,8,-8
109900084,0,18,-18
109900085,0,53,-53
109900086,0,0,0
109900087,3,59,-56
109900089,0,0,0
109900090,18,41,-23
109900091,0,0,0
109900092,0,0,0
109900093,0,0,0
109900094,0,10,-10
109900095,0,0,0
109900096,0,0,0
109900097,0,0,0
109900098,0,0,0
109900099,0,0,0
109900100,0,0,0
109900101,0,0,0
109900102,0,0,0
109900103,0,4,-4
109900104,1,252,-251
109900105,0,0,0
109900106,0,0,0
109900107,0,0,0
109900108,5,81,-76
109900109,0,25,-25
109900110,0,15,-15
109900111,5,41,-36
109900112,11,47,-36
109900113,0,0,0
109900114,1,0,1
109900115,0,0,0
109900117,0,0,0
109900118,12,69,-57
109900119,48,46,2
109900120,1,0,1
109900121,12,6,6
109900122,0,0,0
109900123,0,15,-15
109900124,1,42,-41
109900125,0,17,-17
109900126,0,11,-11
109900128,0,0,0
109900130,179,5,174
109900131,0,0,0
109900132,0,0,0
109900133,0,0,0
109900134,0,0,0
109900135,24,8,16
109900136,1,12,-11
109900137,0,0,0
109900140,7,64,-57
109900142,33,21,12
109900145,0,10,-10
109900146,2,1,1
109900148,3,21,-18
109900149,39,3,36
109900150,0,4,-4
109900151,1,11,-10
109900152,0,2,-2
109900153,0,39,-39
109900154,0,0,0
109900155,0,0,0
109900157,2,41,-39
109900158,13,25,-12
109900159,2,2,0
109900160,7,0,7
109900161,0,3,-3
109900162,10,11,-1
109900163,13,2,11
109900164,6,53,-47
109900165,6,0,6
109900166,1,16,-15
109900167,14,89,-75
109900168,5,72,-67
109900169,12,27,-15
109900170,13,49,-36
109900171,5,7,-2
109900172,6,17,-11
109900173,632,65,567
109900174,4,8,-4
109900175,3,27,-24
109900176,16,80,-64
109900177,13,123,-110
109900178,0,11,-11
109900179,0,0,0
109900180,0,0,0
110000001,130,275,-145
110000002,61,57,4
110000003,672,244,428
110000004,144,97,47
110000005,330,166,164
110000006,65,112,-47
110000007,2,13,-11
110000008,2,10,-8
110000009,0,0,0
110000010,5,21,-16
110000011,0,8,-8
110000012,265,128,137
110000013,2,31,-29
110000014,131,21,110
110000015,0,16,-16
110000016,66,63,3
110000017,49,14,35
110000018,553,38,515
110000019,1,50,-49
110000020,84,60,24
110000021,5,5,0
110000022,38,11,27
110000023,6,37,-31
110000024,187,148,39
110000025,15,0,15
110000026,1,111,-110
110000027,67,37,30
110000028,15,32,-17
110000029,91,266,-175
110000030,4,8,-4
110000031,38,182,-144
110000032,16,24,-8
110000033,8,8,0
110000034,71,234,-163
110000035,13,100,-87
110000036,58,195,-137
110000037,2,69,-67
110000038,42,110,-68
110000039,67,109,-42
110000040,26,51,-25
110000041,0,0,0
110000042,5,65,-60
110000043,0,0,0
110000044,2,0,2
110000045,0,0,0
110000046,0,0,0
110000047,0,0,0
110000048,0,0,0
110000049,0,0,0
110000050,0,1,-1
110000051,0,0,0
110000052,0,0,0
110000053,0,0,0
110000054,4,19,-15
110000055,0,0,0
110000056,0,0,0
110000057,102,284,-182
110000058,32,24,8
110000059,153,281,-128
110000060,53,71,-18
110000061,380,412,-32
110000062,189,118,71
110000063,9,26,-17
110000064,0,0,0
110000065,5,25,-20
110000066,3,24,-21
110000067,0,0,0
110000068,0,2,-2
110000069,11,28,-17
110000071,1,31,-30
110000073,0,4,-4
110000075,0,33,-33
110000076,19,11,8
110000077,34,17,17
110000078,0,33,-33
110000080,47,209,-162
110000081,2,51,-49
110000082,2,56,-54
110000083,43,176,-133
110000084,49,83,-34
110000085,1288,327,961
110000086,76,199,-123
110000087,0,32,-32
110000088,2,105,-103
110000089,0,16,-16
110000090,4,48,-44
110000091,330,64,266
110000092,2,9,-7
110000093,33,0,33
110000094,111,200,-89
110000095,9,107,-98
110000096,826,468,358
110000097,197,174,23
110000098,116,67,49
110000099,111,403,-292
110000100,3,108,-105
110000101,4,90,-86
110000102,17,5,12
110000104,8,7,1
110000105,2,38,-36
110000106,26,12,14
110000107,34,62,-28
110000108,60,0,60
110000109,19,157,-138
110000110,654,187,467
110000111,2387,547,1840
110000112,157,24,133
110000113,116,69,47
110000114,2,35,-33
110000115,8,19,-11
110000116,16,8,8
110000117,9,151,-142
110000118,32,29,3
110000119,18,147,-129
110000120,53,28,25
110000121,6,52,-46
110000122,35,142,-107
110000123,22,36,-14
110000124,1,304,-303
110000125,0,0,0
110000126,0,0,0
110000127,0,0,0
110000128,10,567,-557
110000129,2,212,-210
110000130,0,0,0
110000131,24,209,-185
110000132,2,286,-284
110000133,20,45,-25
110000134,4,61,-57
110000135,0,0,0
110000136,4,67,-63
110000137,7,74,-67
110000138,31,196,-165
110000139,20,121,-101
110000140,0,0,0
110000143,46,32,14
110000144,763,213,550
110000145,225,99,126
110000146,389,133,256
110000147,18,160,-142
110000148,0,0,0
110000151,32,23,9
110000152,77,77,0
110000153,1,22,-21
110000154,0,0,0
110000155,409,635,-226
110000156,113,336,-223
110000157,321,418,-97
110000160,41,94,-53
110000161,30,103,-73
110000166,7,6,1
110000167,56,65,-9
110000168,97,56,41
110000169,17,26,-9
110000170,4,10,-6
110000171,15,8,7
110000172,27,345,-318
110000173,195,342,-147
110000174,6,316,-310
110000175,0,0,0
110000176,0,0,0
110000177,0,29,-29
110000178,346,154,192
110000179,231,95,136
110000180,12,89,-77
110000181,24,105,-81
110000182,109,103,6
110000183,858,524,334
110000184,68,124,-56
110000185,86,205,-119
110000186,127,91,36
110000191,6,102,-96
110000192,12,0,12
110000193,11,0,11
110000194,1,345,-344
110000195,7,17,-10
110000196,14,120,-106
110000197,3,14,-11
110000198,1,3,-2
110000199,12,51,-39
110000200,73,167,-94
110000201,27,58,-31
110000202,104,72,32
110000203,26,232,-206
110000204,0,60,-60
110000205,2,9,-7
110000206,17,332,-315
110000207,26,88,-62
110000208,6,9,-3
110000209,43,297,-254
110000210,0,0,0
110000211,0,0,0
110000212,19,77,-58
110000213,4,8,-4
110000214,6,19,-13
110000215,12,158,-146
110000216,4,154,-150
110000217,6,25,-19
110000218,9,182,-173
110000219,5,4,1
110000220,4,117,-113
110000221,7,12,-5
110000222,4,64,-60
110000223,0,9,-9
110000224,7,0,7
110000225,15,152,-137
110000226,3,7,-4
110000227,42,62,-20
110000228,20,5,15
110000229,2,85,-83
110000230,48,68,-20
110000231,15,13,2
110000232,12,84,-72
110000233,2,63,-61
110000234,9,36,-27
110000235,65,125,-60
110000236,103,384,-281
110000237,283,295,-12
110000238,38,214,-176
110000239,104,369,-265
110000240,0,42,-42
110000242,0,36,-36
110000243,11,62,-51
110000244,7,108,-101
110000245,8,172,-164
110000246,25,126,-101
110000247,152,789,-637
110000248,8,291,-283
110000249,0,0,0
110000250,0,27,-27
110000251,3,38,-35
110000252,20,89,-69
110000253,26,9,17
110000254,90,334,-244
110000255,11,366,-355
110000256,11,6,5
110000257,58,181,-123
110000258,1,34,-33
110000259,6,2,4
110000260,11,41,-30
110000263,71,21,50
110000264,14,66,-52
110000265,237,303,-66
110000266,294,420,-126
110000267,3,57,-54
110000268,8,29,-21
110000269,0,35,-35
110000270,0,0,0
110000271,12,18,-6
110000272,81,277,-196
110000273,297,309,-12
110000274,24,148,-124
110000275,493,112,381
110000276,24,72,-48
110000277,18,46,-28
110000278,30,207,-177
110000279,6,128,-122
110000280,3,80,-77
110000281,3,68,-65
110000282,6,12,-6
110000283,0,3,-3
110000284,1,2,-1
110000285,1,78,-77
110000286,0,0,0
110000287,0,0,0
110000288,1,20,-19
110000289,37,247,-210
110000290,402,278,124
110000291,1064,324,740
110000292,252,435,-183
110000293,23,235,-212
110000294,41,174,-133
110000295,6,178,-172
110000296,9,125,-116
110000297,335,146,189
110000298,44,107,-63
110000299,0,0,0
110000301,0,0,0
110000302,27,315,-288
110000303,0,0,0
110000304,16,76,-60
110000305,4,0,4
110000306,17,759,-742
110000307,11,0,11
110000308,1,1,0
110000309,2,499,-497
110000310,16,10,6
110000311,1,294,-293
110000312,25,3,22
110000313,308,583,-275
110000314,0,86,-86
110000315,589,346,243
110000316,172,408,-236
110000317,130,56,74
110000318,0,21,-21
110000319,0,0,0
110000320,6,22,-16
110000321,1,4,-3
110000322,8,22,-14
110000323,18,105,-87
110000324,1383,637,746
110000325,9,41,-32
110000327,0,44,-44
110000328,50,220,-170
110000333,3,8,-5
110000334,44,394,-350
110000335,20,85,-65
110000336,50,406,-356
110000337,25,59,-34
110000338,7,23,-16
110000339,11,42,-31
110000340,0,37,-37
110000341,33,189,-156
110000342,0,0,0
110000343,0,13,-13
110000344,1,46,-45
110000345,2,0,2
110000346,504,377,127
110000347,187,27,160
110000348,0,6,-6
110000349,1,7,-6
110000350,0,0,0
110000351,38,221,-183
110000352,34,517,-483
110000353,436,211,225
110000354,79,482,-403
110000355,1,19,-18
110000356,0,0,0
110000357,20,2,18
110000361,2,29,-27
110000362,0,0,0
110000363,12,8,4
110000364,0,66,-66
110000365,0,0,0
110000366,1,29,-28
110000367,37,73,-36
110000368,0,16,-16
110000369,0,0,0
110000373,2,107,-105
110000374,3,0,3
110000375,12,259,-247
110000376,7,43,-36
110000377,0,0,0
110000378,7,125,-118
110000379,594,241,353
110000380,3,11,-8
110000383,0,118,-118
110000384,0,27,-27
110000385,0,77,-77
110000387,0,8,-8
110000388,10,87,-77
110000389,0,1,-1
110000391,2,73,-71
110000396,1,49,-48
110000397,1,15,-14
110000398,3,2,1
110000399,0,1,-1
110000587,3,1,2
110000589,0,1,-1
110000640,12,12,0
110000652,0,1,-1
110000653,23,177,-154
110000654,0,0,0
110000656,0,147,-147
110000674,2,2,0
110000675,0,5,-5
110000676,0,11,-11
110000679,464,138,326
110000682,0,0,0
110000683,10,9,1
110000684,0,20,-20
110000685,0,0,0
110000686,1,6,-5
110000687,0,0,0
110000688,19,6,13
110000689,1,7,-6
110000692,3,13,-10
110000693,5,64,-59
110000694,1,110,-109
110000695,26,251,-225
110000696,0,0,0
110900001,0,3,-3
110900002,0,17,-17
110900003,2,193,-191
110900004,0,53,-53
110900005,249,20,229
110900006,0,0,0
110900007,0,0,0
110900008,0,0,0
110900009,0,0,0
110900010,0,7,-7
110900011,0,8,-8
110900012,0,7,-7
110900013,0,0,0
110900014,0,0,0
110900015,0,0,0
110900016,0,26,-26
110900017,0,0,0
110900018,0,0,0
110900019,0,0,0
110900020,1,76,-75
110900021,3,113,-110
110900022,5,64,-59
110900023,2,64,-62
110900024,7,67,-60
110900025,0,6,-6
110900027,3,23,-20
110900028,1,11,-10
110900029,6,76,-70
110900030,1,22,-21
110900031,0,14,-14
110900032,0,20,-20
110900033,0,42,-42
110900035,3,46,-43
110900036,3,1,2
110900037,0,0,0
110900038,34,3,31
110900039,0,26,-26
110900040,8,0,8
110900041,1,37,-36
110900042,0,0,0
110900043,0,20,-20
110900044,0,0,0
110900045,4,91,-87
110900046,25,39,-14
110900047,0,0,0
110900049,1,2,-1
110900050,0,0,0
110900051,2,8,-6
110900052,0,25,-25
110900053,0,0,0
110900054,5,39,-34
110900055,1,0,1
110900056,9,7,2
110900057,1,18,-17
110900058,0,0,0
110900059,53,138,-85
110900060,4,1,3
110900061,1,4,-3
110900062,0,0,0
110900063,0,6,-6
110900064,0,0,0
110900065,21,2,19
110900066,0,10,-10
110900067,0,0,0
110900068,13,34,-21
110900069,0,6,-6
110900070,1,2,-1
110900071,0,0,0
110900073,1,0,1
110900074,1,3,-2
110900075,4,4,0
110900077,1,0,1
110900078,0,21,-21
110900079,34,7,27
110900080,0,0,0
110900081,0,26,-26
110900082,0,0,0
110900083,0,0,0
110900084,2,16,-14
110900085,7,48,-41
110900086,0,0,0
110900087,0,0,0
110900088,0,0,0
110900090,0,0,0
110900091,0,0,0
110900093,0,0,0
110900095,2,6,-4
110900097,0,0,0
110900098,0,9,-9
110900099,4,74,-70
110900100,0,2,-2
110900102,0,2,-2
110900105,97,44,53
110900108,0,8,-8
110900111,13,5,8
110900112,0,0,0
110900113,0,0,0
110900115,0,0,0
110900116,11,450,-439
110900118,5,22,-17
110900119,848,20,828
110900120,0,21,-21
110900121,0,0,0
110900122,0,3,-3
110900125,1,5,-4
110900127,51,117,-66
110900128,10,4,6
110900129,0,0,0
110900130,28,4,24
110900131,0,0,0
110900132,4,0,4
110900133,3,43,-40
110900135,5,56,-51
110900136,0,0,0
110900137,0,0,0
110900138,1,71,-70
110900139,0,3,-3
110900140,0,0,0
110900141,0,8,-8
110900142,0,27,-27
110900143,0,0,0
110900144,1,194,-193
110900145,2,0,2
110900146,6,1,5
110900147,48,87,-39
110900148,1,79,-78
110900149,0,9,-9
110900150,2,0,2
110900151,0,14,-14
110900152,1,67,-66
110900153,0,0,0
111000001,335,129,206
111000002,294,323,-29
111000003,75,96,-21
111000004,178,474,-296
111000005,88,147,-59
111000006,285,529,-244
111000007,445,371,74
111000008,1408,627,781
111000009,176,446,-270
111000010,168,101,67
111000011,419,403,16
111000012,245,104,141
111000013,115,468,-353
111000014,157,132,25
111000017,25,118,-93
111000018,46,103,-57
111000020,699,864,-165
111000021,0,0,0
111000023,0,0,0
111000025,1353,410,943
111000029,2,31,-29
111000030,4,18,-14
111000031,92,39,53
111000032,30,16,14
111000033,0,0,0
111000034,36,150,-114
111000037,366,157,209
111000038,286,388,-102
111000039,119,358,-239
111000040,200,419,-219
111000041,102,154,-52
111000042,1266,284,982
111000043,0,0,0
111000044,0,0,0
111000045,26,30,-4
111000046,5,22,-17
111000047,89,109,-20
111000049,65,163,-98
111000050,436,581,-145
111000051,85,334,-249
111000052,149,463,-314
111000053,78,280,-202
111000054,60,319,-259
111000055,168,639,-471
111000056,37,162,-125
111000057,12,204,-192
111000058,12,29,-17
111000059,25,38,-13
111000060,47,71,-24
111000061,41,45,-4
111000062,28,49,-21
111000063,83,76,7
111000064,51,59,-8
111000065,38,77,-39
111000066,34,81,-47
111000067,57,193,-136
111000068,48,149,-101
111000069,447,504,-57
111000070,765,370,395
111000071,36,290,-254
111000072,0,0,0
111000073,0,0,0
111000074,0,0,0
111000075,0,0,0
111000076,0,0,0
111000077,108,97,11
111000078,339,403,-64
111000079,175,147,28
111000080,50,115,-65
111000081,616,465,151
111000082,107,155,-48
111000084,77,159,-82
111000085,47,144,-97
111000086,92,126,-34
111000087,62,96,-34
111000088,77,141,-64
111000089,55,169,-114
111000090,378,282,96
111000091,144,171,-27
111000092,183,235,-52
111000093,29,136,-107
111000094,112,187,-75
111000095,35,358,-323
111000096,448,1502,-1054
111000097,1872,234,1638
111000098,157,367,-210
111000099,51,801,-750
111000100,60,709,-649
111000101,65,235,-170
111000102,20,289,-269
111000104,0,0,0
111000107,11,281,-270
111000109,0,0,0
111000110,14,5,9
111000111,19,2,17
111000112,20,0,20
111000113,14,6,8
111000114,19,21,-2
111000115,1016,107,909
111000116,27,66,-39
111000117,53,148,-95
111000118,156,104,52
111000119,79,174,-95
111000120,28,64,-36
111000121,13,64,-51
111000122,70,301,-231
111000123,62,724,-662
111000124,67,1042,-975
111000125,30,554,-524
111000126,8,262,-254
111000127,0,0,0
111000128,0,0,0
111000129,0,0,0
111000130,24,82,-58
111000131,40,55,-15
111000132,0,0,0
111000133,9,5,4
111000134,6,16,-10
111000135,8,36,-28
111000136,15,38,-23
111000138,0,1,-1
111000140,0,3,-3
111000141,23,110,-87
111000142,2,38,-36
111000143,0,28,-28
111000144,0,48,-48
111000145,0,0,0
111000146,0,0,0
111000147,0,0,0
111000148,1,18,-17
111000149,3,17,-14
111000150,0,0,0
111000151,1,9,-8
111000153,58,87,-29
111000154,26,62,-36
111000155,3,47,-44
111000156,0,0,0
111000157,0,0,0
111000158,0,0,0
111000159,0,0,0
111000160,0,0,0
111000161,0,0,0
111000162,0,25,-25
111000163,52,174,-122
111000164,218,398,-180
111000165,227,117,110
111000166,184,56,128
111000167,30,106,-76
111000168,19,55,-36
111000169,19,46,-27
111000170,29,30,-1
111000171,51,154,-103
111000172,6,87,-81
111000173,15,214,-199
111000174,3,100,-97
111000175,1,47,-46
111000176,5,30,-25
111000177,4,60,-56
111000178,45,102,-57
111000179,3,40,-37
111000180,41,49,-8
111000181,42,36,6
111000182,6,29,-23
111000183,10,25,-15
111000184,16,23,-7
111000185,37,140,-103
111000186,24,103,-79
111000187,6,77,-71
111000188,4,121,-117
111000189,375,86,289
111000190,60,165,-105
111000191,27,129,-102
111000192,44,199,-155
111000193,97,117,-20
111000194,6,113,-107
111000195,5,120,-115
111000196,3,91,-88
111000197,0,0,0
111000198,0,0,0
111000199,0,0,0
111000200,0,0,0
111000201,0,0,0
111000202,0,0,0
111000203,0,0,0
111000204,0,0,0
111000213,1,13,-12
111000214,59,202,-143
111000215,88,271,-183
111000217,64,151,-87
111000218,104,196,-92
111000219,65,125,-60
111000220,17,170,-153
111000221,0,0,0
111000224,139,116,23
111000225,19,39,-20
111000226,0,0,0
111000227,0,0,0
111000228,8,49,-41
111000229,7,69,-62
111000230,0,0,0
111000231,0,0,0
111000232,40,288,-248
111000233,42,276,-234
111000234,6,82,-76
111000239,65,71,-6
111000240,0,0,0
111000241,10,158,-148
111000242,0,0,0
111000243,13,441,-428
111000244,0,0,0
111000245,0,2,-2
111000246,2,4,-2
111000247,37,494,-457
111000248,7,5,2
111000249,101,305,-204
111000250,4,13,-9
111000251,1,17,-16
111000253,0,0,0
111000255,0,0,0
111000257,0,0,0
111000260,23,409,-386
111000261,24,1,23
111000271,5,82,-77
111000273,926,110,816
111000274,226,304,-78
111000275,0,0,0
111000276,42,420,-378
111000277,22,106,-84
111000278,46,34,12
111000291,18,134,-116
111000298,12,8,4
111000299,0,0,0
111000300,3,103,-100
111000302,7,6,1
111000303,8,52,-44
111000312,5,12,-7
111000315,7,164,-157
111000320,27,55,-28
111000321,9,7,2
111000322,7,64,-57
111000323,2,2,0
111000324,0,0,0
111000325,0,29,-29
111000326,4,53,-49
111000327,18,59,-41
111000328,16,80,-64
111000329,2,17,-15
111000330,1,1,0
111000331,0,0,0
111000332,42,190,-148
111000334,105,501,-396
111000335,50,26,24
111000337,62,222,-160
111000338,0,35,-35
111000339,25,206,-181
111000340,14,257,-243
111000341,55,50,5
111000342,4,67,-63
111000344,103,109,-6
111000345,1,0,1
111000346,6,16,-10
111000347,2,1,1
111000350,2,0,2
111000351,14,38,-24
111000352,1,0,1
111000353,5,32,-27
111000354,1,0,1
111000355,30,107,-77
111000358,10,463,-453
111000360,2,278,-276
111000361,2,87,-85
111000546,53,293,-240
111000547,1,101,-100
111000548,24,67,-43
111000549,1,48,-47
111000550,11,108,-97
111000551,60,7,53
111000552,4,0,4
111000907,0,4,-4
111000908,0,0,0
111000916,71,101,-30
111000917,16,85,-69
111000918,14,282,-268
111000920,0,0,0
111000921,2,215,-213
111000922,44,228,-184
111000924,6,315,-309
111000925,152,359,-207
111000926,324,1046,-722
111000927,947,780,167
111000928,2709,1214,1495
111000929,100,187,-87
111000930,172,850,-678
111000931,152,352,-200
111000932,1097,787,310
111000933,278,166,112
111000934,656,877,-221
111000935,60,126,-66
111000936,168,650,-482
111000937,69,73,-4
111000938,303,845,-542
111000939,0,0,0
111000940,16,55,-39
111000941,2,87,-85
111000943,8,39,-31
111000944,1,71,-70
111000945,3,780,-777
111001109,3,1,2
111001110,60,314,-254
111001111,0,1,-1
111001112,25,0,25
111001113,0,56,-56
111001114,0,0,0
111001115,19,95,-76
111001116,422,45,377
111001117,275,255,20
111001120,3,105,-102
111001121,22,78,-56
111001122,14,145,-131
111001123,0,0,0
111001124,1,34,-33
111001125,0,2,-2
111900001,0,9,-9
111900002,0,33,-33
111900003,0,17,-17
111900004,2,6,-4
111900006,0,0,0
111900007,0,0,0
111900008,0,0,0
111900009,1,9,-8
111900010,34,58,-24
111900012,15,4,11
111900013,0,3,-3
111900014,596,41,555
111900015,1,11,-10
111900016,0,29,-29
111900017,0,21,-21
111900018,0,0,0
111900019,0,6,-6
111900020,1,6,-5
111900021,1,6,-5
111900022,1,4,-3
111900023,10,2,8
111900024,0,31,-31
111900025,0,3,-3
111900026,0,5,-5
111900027,1,14,-13
111900028,0,68,-68
111900029,0,6,-6
111900030,0,0,0
111900031,0,1,-1
111900032,0,65,-65
111900033,0,3,-3
111900034,0,0,0
111900035,0,18,-18
111900036,0,49,-49
111900038,0,0,0
111900039,3,21,-18
111900040,0,112,-112
111900042,0,0,0
111900043,0,72,-72
111900044,0,0,0
111900046,3,38,-35
111900048,2,166,-164
111900049,2,41,-39
111900050,0,0,0
111900051,0,40,-40
111900052,42,91,-49
111900053,0,0,0
111900054,0,0,0
111900055,4,113,-109
111900056,0,0,0
111900057,0,2,-2
111900058,4,146,-142
111900059,0,0,0
111900060,0,0,0
111900061,3,43,-40
111900062,0,0,0
111900063,0,23,-23
111900064,19,50,-31
111900065,0,0,0
111900066,0,0,0
111900067,0,47,-47
111900068,0,0,0
111900069,0,0,0
111900070,0,0,0
111900071,0,39,-39
111900072,0,0,0
111900073,3,2,1
111900074,0,22,-22
111900075,0,0,0
111900076,0,0,0
111900077,0,0,0
111900078,1,0,1
111900079,0,0,0
111900080,0,0,0
111900082,2,0,2
111900083,1,0,1
111900084,0,0,0
111900085,0,0,0
111900086,0,0,0
111900087,0,0,0
111900088,0,0,0
111900089,0,0,0
111900090,3,0,3
111900091,1,0,1
111900092,0,0,0
111900093,0,0,0
111900094,0,0,0
111900095,1,0,1
111900096,1,0,1
111900097,0,0,0
111900098,0,0,0
111900099,0,0,0
111900100,0,0,0
111900101,0,0,0
111900102,1,99,-98
111900103,0,0,0
111900104,0,0,0
111900105,0,0,0
111900106,64,2,62
111900110,173,1,172
111900111,0,15,-15
111900112,16,1,15
111900113,0,0,0
111900118,0,0,0
111900119,0,0,0
111900122,0,0,0
111900123,0,0,0
111900124,0,0,0
111900125,0,0,0
111900126,0,0,0
111900127,0,0,0
111900128,0,0,0
111900129,0,0,0
111900130,0,0,0
111900131,0,0,0
111900132,0,0,0
111900133,0,0,0
111900134,3,43,-40
111900135,0,0,0
111900136,0,0,0
111900137,9,1,8
111900138,2,25,-23
111900139,1,39,-38
111900140,0,0,0
111900141,0,0,0
111900142,0,0,0
111900143,0,21,-21
111900144,0,16,-16
111900145,0,46,-46
111900146,1,29,-28
111900147,4,40,-36
111900148,0,56,-56
111900149,0,27,-27
111900150,0,6,-6
111900151,0,4,-4
111900152,7,0,7
111900153,1,0,1
111900154,0,0,0
111900155,0,0,0
111900156,0,0,0
111900157,0,0,0
111900158,0,0,0
111900159,0,0,0
111900160,0,0,0
111900161,0,2,-2
111900162,0,0,0
111900163,0,0,0
111900164,0,0,0
111901113,1,23,-22
111901114,0,5,-5
111901115,0,0,0
111901116,0,0,0
111901117,0,0,0
111901118,0,0,0
111901119,0,0,0
111901121,15,18,-3
111901122,0,59,-59
111901123,0,40,-40
111901124,0,0,0
111901125,0,0,0
111901127,0,0,0
111901128,0,0,0
111901129,0,0,0
111901130,0,0,0
111901131,0,18,-18
111901132,0,0,0
111901133,0,0,0
111901134,0,0,0
111901135,0,0,0
111901136,0,0,0
111901137,0,0,0
111901138,0,0,0
111901139,0,0,0
111901140,0,0,0
111901141,0,0,0
111901142,0,0,0
111901143,0,0,0
111901144,0,0,0
111901145,0,0,0
111901146,1,0,1
111901147,8,0,8
111901148,0,0,0
112000001,183,166,17
112000002,223,694,-471
112000003,111,164,-53
112000004,129,487,-358
112000005,247,227,20
112000006,235,618,-383
112000007,115,139,-24
112000008,195,362,-167
112000009,615,766,-151
112000010,143,249,-106
112000011,293,610,-317
112000012,276,332,-56
112000013,1862,805,1057
112000014,83,71,12
112000015,346,474,-128
112000016,71,86,-15
112000017,177,307,-130
112000024,490,192,298
112000026,1035,1514,-479
112000027,7,10,-3
112000028,398,727,-329
112000029,16,25,-9
112000030,57,28,29
112000031,297,207,90
112000032,294,19,275
112000033,383,61,322
112000034,84,11,73
112000035,3,25,-22
112000036,41,26,15
112000037,15,141,-126
112000038,39,68,-29
112000039,0,0,0
112000040,8,50,-42
112000041,19,49,-30
112000042,80,81,-1
112000050,0,0,0
112000051,17,44,-27
112000054,444,328,116
112000057,68,57,11
112000058,37,50,-13
112000059,0,0,0
112000061,1347,381,966
112000062,777,45,732
112000063,79,82,-3
112000064,1726,1621,105
112000065,571,643,-72
112000066,3,0,3
112000067,108,178,-70
112000068,0,0,0
112000069,60,747,-687
112000070,33,10,23
112000071,137,881,-744
112000072,29,18,11
112000073,137,375,-238
112000074,7,63,-56
112000075,14,58,-44
112000076,227,408,-181
112000077,28,208,-180
112000078,49,104,-55
112000079,123,290,-167
112000080,25,171,-146
112000081,414,405,9
112000082,23,19,4
112000083,143,344,-201
112000084,19,9,10
112000085,99,320,-221
112000086,34,16,18
112000087,21,188,-167
112000088,2,4,-2
112000089,9,133,-124
112000090,1,3,-2
112000091,121,454,-333
112000092,66,69,-3
112000093,277,415,-138
112000094,21,52,-31
112000095,74,283,-209
112000096,16,59,-43
112000097,6,6,0
112000098,161,445,-284
112000099,8,5,3
112000100,43,16,27
112000101,61,323,-262
112000102,10,8,2
112000103,32,440,-408
112000105,82,605,-523
112000106,21,10,11
112000107,0,0,0
112000108,16,196,-180
112000109,0,0,0
112000110,48,21,27
112000111,222,1639,-1417
112000112,76,22,54
112000113,282,878,-596
112000114,41,17,24
112000115,4,92,-88
112000116,6,90,-84
112000117,2,50,-48
112000118,65,228,-163
112000119,51,250,-199
112000120,16,121,-105
112000121,0,0,0
112000122,0,0,0
112000123,0,0,0
112000124,0,0,0
112000125,0,0,0
112000126,0,0,0
112000127,233,71,162
112000128,140,47,93
112000129,0,25,-25
112000130,11,26,-15
112000131,0,72,-72
112000132,8,135,-127
112000133,0,58,-58
112000134,17,127,-110
112000135,22,1,21
112000136,107,326,-219
112000137,16,7,9
112000138,167,393,-226
112000139,0,0,0
112000140,78,278,-200
112000141,0,0,0
112000142,18,212,-194
112000143,0,0,0
112000144,29,517,-488
112000145,0,0,0
112000146,104,777,-673
112000147,0,0,0
112000148,133,621,-488
112000149,0,0,0
112000150,14,88,-74
112000151,1,3,-2
112000152,21,45,-24
112000153,2,12,-10
112000154,7,22,-15
112000155,4,4,0
112000157,60,70,-10
112000158,7,29,-22
112000159,23,55,-32
112000167,8,0,8
112000169,13,25,-12
112000173,2,33,-31
112000175,6,16,-10
112000176,1058,403,655
112000177,0,6,-6
112000178,2,6,-4
112000179,2,12,-10
112000180,35,58,-23
112000181,170,582,-412
112000182,18,302,-284
112000183,0,0,0
112000184,0,0,0
112000185,27,112,-85
112000187,259,472,-213
112000195,0,0,0
112000196,0,0,0
112000197,0,0,0
112000198,0,7,-7
112000199,62,11,51
112000202,0,0,0
112000216,9,20,-11
112000230,0,0,0
112000231,0,4,-4
112000256,0,0,0
112000313,13,27,-14
112000314,0,1,-1
112000337,13,133,-120
112000352,6,7,-1
112000392,276,119,157
112000398,61,53,8
112000399,10,21,-11
112000400,328,812,-484
112000401,880,638,242
112000402,114,206,-92
112000403,18,62,-44
112000404,55,76,-21
112000405,61,123,-62
112000406,563,834,-271
112000407,394,363,31
112000408,2172,1567,605
112000409,255,1272,-1017
112000410,0,0,0
112000411,276,16,260
112000412,121,25,96
112000413,163,12,151
112000414,7,15,-8
112000415,0,0,0
112000416,140,115,25
112000417,0,0,0
112000421,2,21,-19
112000422,6,40,-34
112000424,175,181,-6
112000425,74,368,-294
112000426,6,76,-70
112000427,0,0,0
112000428,0,26,-26
112000429,243,608,-365
112000430,424,842,-418
112000431,0,0,0
112000432,92,562,-470
112000433,78,36,42
112000437,2,29,-27
112900001,0,0,0
112900002,0,0,0
112900003,1,24,-23
112900004,0,50,-50
112900005,0,20,-20
112900006,0,67,-67
112900007,0,0,0
112900008,0,0,0
112900009,0,0,0
112900010,1,26,-25
112900011,8,14,-6
112900012,0,14,-14
112900013,0,0,0
112900014,0,29,-29
112900015,49,304,-255
112900016,0,48,-48
112900017,0,0,0
112900018,1,44,-43
112900019,0,2,-2
112900020,142,443,-301
112900021,1,56,-55
112900022,0,0,0
112900023,0,22,-22
112900024,2,16,-14
112900025,0,0,0
112900026,2,40,-38
112900027,0,0,0
112900028,2,7,-5
112900029,0,0,0
112900030,19,38,-19
112900031,0,0,0
112900032,0,12,-12
112900034,0,0,0
112900035,0,0,0
112900036,8,6,2
112900037,0,0,0
112900038,1,13,-12
112900039,0,0,0
112900040,0,10,-10
112900041,99,55,44
112900042,4,48,-44
112900043,0,3,-3
112900044,26,49,-23
112900045,0,0,0
112900046,12,6,6
112900047,1,1,0
112900049,0,5,-5
112900050,14,122,-108
112900051,61,138,-77
112900052,0,137,-137
112900053,10,38,-28
112900054,4,1,3
112900055,0,0,0
112900056,0,0,0
112900057,2,93,-91
112900058,3,3,0
112900059,3,5,-2
112900060,0,40,-40
112900061,3,5,-2
112900062,5,8,-3
112900063,0,0,0
112900064,7,7,0
112900065,0,0,0
112900066,2,1,1
112900067,36,9,27
112900068,0,0,0
112900069,134,12,122
112900071,0,0,0
112900072,7,18,-11
112900073,6,0,6
112900074,0,0,0
112900075,0,0,0
112900076,0,0,0
112900078,0,0,0
112900079,0,0,0
112900080,0,0,0
112900081,0,5,-5
112900082,3,2,1
112900083,0,0,0
112900084,0,0,0
112900086,0,0,0
112900087,5,0,5
112900088,0,0,0
112900089,6,0,6
112900090,0,0,0
112900091,0,0,0
112900092,0,0,0
112900093,0,0,0
112900095,0,0,0
112900096,6,2,4
112900097,1,24,-23
112900098,0,0,0
112900099,9,0,9
112900100,1,0,1
112900101,0,0,0
112900102,0,0,0
112900103,0,0,0
112900104,0,0,0
112900105,0,0,0
112900106,9,0,9
112900107,0,0,0
112900108,0,0,0
112900109,1,0,1
112900110,0,0,0
112900111,0,0,0
112900112,0,0,0
112900113,0,3,-3
112900114,0,1,-1
112900115,12,0,12
112900116,2,3,-1
112900117,5,5,0
112900118,1,4,-3
112900119,0,1,-1
112900120,112,31,81
112900121,4,8,-4
112900122,1,20,-19
112900123,0,0,0
112900124,0,13,-13
112900125,0,5,-5
112900126,9,27,-18
112900127,0,0,0
112900128,63,227,-164
112900129,0,236,-236
112900130,0,0,0
112900131,10,53,-43
112900132,3,78,-75
112900133,1,150,-149
112900134,0,72,-72
112900135,0,0,0
112900137,1,109,-108
112900138,0,156,-156
112900139,61,287,-226
112900141,8,3,5
112900142,0,0,0
112900143,3,154,-151
112900144,0,48,-48
112900145,8,99,-91
112900146,0,77,-77
112900147,3,725,-722
112900148,4,0,4
112900149,2,36,-34
112900151,0,0,0
112900152,434,56,378
112900153,2,0,2
112900154,0,0,0
112900155,0,0,0
112900156,1,119,-118
112900157,9,4,5
112900158,0,0,0
112900159,0,2,-2
112900160,1,29,-28
112900161,0,0,0
112900162,4,1,3
112900163,0,0,0
112900164,0,0,0
112900165,1,49,-48
112900166,0,0,0
112900167,0,0,0
112900168,0,0,0
112900169,0,0,0
112900170,0,0,0
112900172,0,0,0
112900173,14,4,10
112900174,0,0,0
112900175,0,0,0
112900176,0,0,0
112900177,0,0,0
112900178,0,0,0
112900179,3,62,-59
112900180,2,271,-269
112900181,0,0,0
112900182,0,32,-32
112900183,1,0,1
112900184,45,53,-8
112900185,0,3,-3
112900186,101,51,50
112900187,0,0,0
112900188,183,48,135
112900189,0,0,0
112900190,0,2,-2
112900192,24,18,6
112900193,82,23,59
112900194,0,0,0
112900195,15,2,13
112900196,45,190,-145
112900197,18,123,-105
112900199,0,0,0
112900200,0,0,0
112900201,0,0,0
112900202,1,69,-68
112900203,0,0,0
112900204,26,6,20
112900205,0,1,-1
112900206,0,10,-10
112900207,0,0,0
112900208,1,1,0
112900209,23,67,-44
112900210,0,0,0
112900211,0,0,0
112900212,0,0,0
112900213,0,0,0
112900214,0,4,-4
112900215,1,27,-26
112900216,3,4,-1
112900217,1,19,-18
112900218,0,0,0
112900219,0,0,0
112900220,0,0,0
112900221,0,0,0
112900222,0,0,0
112900223,41,0,41
112900224,0,132,-132
112900225,2,142,-140
112900226,5,4,1
112900227,3,265,-262
112900228,0,0,0
112900229,0,0,0
112900230,1273,188,1085
112900232,5,12,-7
112900233,1,38,-37
112900234,0,4,-4
112900235,0,0,0
112900236,0,4,-4
112900237,0,42,-42
112900238,0,1,-1
112900239,34,39,-5
112900240,0,2,-2
112900241,0,3,-3
112900242,0,7,-7
112900243,0,4,-4
112900244,0,2,-2
112900245,0,3,-3
112900246,0,0,0
112900247,0,1,-1
112900248,0,0,0
112900249,0,0,0
112900250,0,0,0
112900251,0,0,0
112900252,1,0,1
112900253,0,0,0
112900254,0,0,0
112900255,0,0,0
112900256,0,0,0
112900257,0,0,0
113000001,842,833,9
113000002,361,203,158
113000003,539,256,283
113000004,525,188,337
113000005,139,153,-14
113000006,64,80,-16
113000007,190,222,-32
113000008,177,106,71
113000009,154,252,-98
113000010,146,91,55
113000011,107,487,-380
113000012,167,127,40
113000013,181,102,79
113000014,113,214,-101
113000015,11,34,-23
113000016,45,105,-60
113000017,1,92,-91
113000018,4,0,4
113000019,7,129,-122
113000020,0,0,0
113000021,60,195,-135
113000022,50,431,-381
113000025,6,37,-31
113000026,5,26,-21
113000027,22,26,-4
113000028,84,60,24
113000029,0,0,0
113000030,356,225,131
113000031,269,92,177
113000032,0,0,0
113000033,0,0,0
113000034,246,141,105
113000035,3,17,-14
113000036,0,0,0
113000037,14,9,5
113000038,0,0,0
113000039,19,36,-17
113000040,32,5,27
113000042,99,29,70
113000051,99,95,4
113000052,452,84,368
113000053,15,106,-91
113000054,29,38,-9
113000055,44,106,-62
113000056,58,278,-220
113000058,150,191,-41
113000059,0,0,0
113000060,3,93,-90
113000061,52,58,-6
113000062,61,0,61
113000063,0,0,0
113000064,0,0,0
113000065,28,307,-279
113000066,21,22,-1
113000067,40,80,-40
113000068,52,496,-444
113000069,41,325,-284
113000070,36,46,-10
113000071,27,178,-151
113000072,29,19,10
113000073,150,340,-190
113000074,55,35,20
113000075,82,40,42
113000076,404,368,36
113000077,0,0,0
113000078,122,367,-245
113000079,173,114,59
113000080,6,7,-1
113000081,0,0,0
113000082,209,137,72
113000083,0,0,0
113000084,235,187,48
113000085,27,35,-8
113000086,95,195,-100
113000087,21,19,2
113000088,461,227,234
113000089,23,40,-17
113000090,0,36,-36
113000091,329,72,257
113000094,18,7,11
113000095,60,402,-342
113000096,35,276,-241
113000097,15,8,7
113000098,0,0,0
113000099,39,15,24
113000100,38,190,-152
113000101,74,127,-53
113000102,5,10,-5
113000103,267,185,82
113000104,0,6,-6
113000105,1,1,0
113000106,26,129,-103
113000107,44,29,15
113000108,147,279,-132
113000109,81,157,-76
113000110,2,1,1
113000111,17,38,-21
113000112,3,1,2
113000113,0,0,0
113000114,98,109,-11
113000116,66,2,64
113000117,27,6,21
113000118,0,8,-8
113000119,6,17,-11
113000120,0,3,-3
113000121,10,55,-45
113000124,0,0,0
113000125,0,0,0
113000127,698,110,588
113000128,0,0,0
113000129,517,225,292
113000133,1150,215,935
113000134,6,97,-91
113000135,33,39,-6
113000137,0,0,0
113000139,0,0,0
113000140,112,119,-7
113000141,0,0,0
113000142,120,165,-45
113000143,0,0,0
113000144,119,63,56
113000145,0,0,0
113000146,18,39,-21
113000147,27,44,-17
113000148,0,0,0
113000149,0,0,0
113000150,92,78,14
113000151,85,27,58
113000152,1,2,-1
113000153,228,24,204
113000154,76,160,-84
113000155,66,59,7
113000156,21,50,-29
113000157,48,87,-39
113000158,199,72,127
113000159,227,108,119
113000160,129,185,-56
113000161,6,26,-20
113000162,203,117,86
113000163,0,0,0
113000164,23,64,-41
113000166,0,0,0
113000167,10,132,-122
113000168,9,174,-165
113000169,0,0,0
113000170,0,0,0
113000171,44,92,-48
113000172,0,0,0
113000173,0,0,0
113000174,40,365,-325
113000175,0,0,0
113000176,0,0,0
113000177,28,301,-273
113000178,21,243,-222
113000179,0,0,0
113000180,55,167,-112
113000181,112,271,-159
113000182,28,17,11
113000183,57,158,-101
113000184,5,56,-51
113000189,56,60,-4
113000190,189,24,165
113000192,584,233,351
113000193,387,183,204
113000194,291,234,57
113000195,149,51,98
113000196,10,25,-15
113000197,74,50,24
113000198,3,26,-23
113000199,5,5,0
113000201,9,27,-18
113000202,522,104,418
113000203,0,0,0
113000204,296,209,87
113000205,1,6,-5
113000206,0,0,0
113000207,9,7,2
113000208,0,0,0
113000209,10,4,6
113000210,0,0,0
113000211,36,5,31
113000212,29,1,28
113000213,1,12,-11
113000214,7,47,-40
113000234,27,359,-332
113000410,9,7,2
113000411,470,772,-302
113000412,2335,484,1851
113000413,1028,508,520
113000414,2239,564,1675
113000415,816,863,-47
113000416,3057,926,2131
113000417,619,618,1
113000418,535,565,-30
113000419,277,352,-75
113000420,1435,704,731
113000421,529,405,124
113000422,4965,711,4254
113000423,1508,603,905
113000424,1301,759,542
113000425,6,47,-41
113000428,1,8,-7
113000430,7,1,6
113000432,26,3,23
113000433,47,281,-234
113000434,5,194,-189
113000435,9,281,-272
113000436,15,349,-334
113000437,0,0,0
113000438,0,0,0
113000439,4,71,-67
113000440,0,0,0
113000441,0,0,0
113000442,14,114,-100
113000443,0,0,0
113000444,23,95,-72
113000445,0,0,0
113000446,4,30,-26
113000448,88,31,57
113000449,0,0,0
113000450,20,8,12
113000451,324,37,287
113000452,0,0,0
113000453,57,79,-22
113000454,0,0,0
113000455,48,35,13
113000456,168,144,24
113000468,95,13,82
113000469,22,3,19
113000470,0,0,0
113000471,0,0,0
113000472,0,1,-1
113000474,33,147,-114
113000475,195,295,-100
113000476,147,546,-399
113000477,324,719,-395
113000478,525,905,-380
113000479,1,116,-115
113000483,0,0,0
113000484,0,0,0
113000485,0,0,0
113000486,0,0,0
113000487,0,0,0
113000488,0,0,0
113000489,0,0,0
113000490,0,0,0
113000491,0,0,0
113000492,0,0,0
113000493,0,0,0
113000495,36,87,-51
113000496,0,0,0
113000497,0,0,0
113000499,0,0,0
113900001,0,0,0
113900002,0,0,0
113900003,0,0,0
113900004,0,0,0
113900005,0,0,0
113900006,0,0,0
113900007,0,0,0
113900008,0,0,0
113900009,0,0,0
113900010,0,0,0
113900011,0,0,0
113900012,0,0,0
113900013,0,0,0
113900014,0,0,0
113900015,0,5,-5
113900016,0,0,0
113900017,0,0,0
113900018,17,2,15
113900019,3,0,3
113900020,0,0,0
113900022,0,0,0
113900023,0,0,0
113900024,1,1,0
113900025,0,0,0
113900026,0,0,0
113900027,0,0,0
113900028,0,0,0
113900029,0,25,-25
113900030,0,0,0
113900031,0,0,0
113900032,0,0,0
113900033,1,4,-3
113900035,0,0,0
113900036,0,0,0
113900037,0,0,0
113900038,1,2,-1
113900039,0,0,0
113900040,0,0,0
113900041,0,0,0
113900042,3,2,1
113900043,5,7,-2
113900044,0,0,0
113900045,0,0,0
113900046,44,75,-31
113900047,0,0,0
113900048,34,3,31
113900049,54,3,51
113900050,17,13,4
113900051,12,37,-25
113900052,0,0,0
113900053,0,0,0
113900054,0,0,0
113900055,1,63,-62
113900056,0,0,0
113900057,0,3,-3
113900058,1,27,-26
113900059,0,42,-42
113900060,0,0,0
113900061,0,0,0
113900062,0,0,0
113900063,0,0,0
113900064,0,21,-21
113900065,0,0,0
113900066,7,35,-28
113900067,0,0,0
113900068,0,0,0
113900069,0,0,0
113900070,7,61,-54
113900071,0,0,0
113900072,3,16,-13
113900073,4,37,-33
113900074,0,0,0
113900075,0,0,0
113900076,0,0,0
113900077,2,34,-32
113900078,0,0,0
113900079,0,3,-3
113900080,0,0,0
113900081,1,22,-21
113900082,1,33,-32
113900083,0,0,0
113900084,0,0,0
113900085,0,61,-61
113900086,0,0,0
113900087,0,0,0
113900088,0,0,0
113900089,0,0,0
113900090,0,1,-1
113900091,0,0,0
113900092,0,6,-6
113900093,0,34,-34
113900094,0,0,0
113900095,0,0,0
113900096,0,0,0
113900097,0,6,-6
113900098,0,0,0
113900099,0,0,0
113900100,0,0,0
113900101,0,6,-6
113900102,0,5,-5
113900103,0,0,0
113900104,0,0,0
113900105,0,37,-37
113900106,0,0,0
113900107,0,0,0
113900108,0,21,-21
113900109,0,5,-5
113900110,0,0,0
113900111,0,0,0
113900112,5,4,1
113900113,5,8,-3
113900114,0,0,0
113900115,0,0,0
113900116,0,19,-19
113900117,0,1,-1
113900118,0,0,0
113900119,0,0,0
113900120,0,0,0
113900121,0,0,0
113900122,0,0,0
113900123,4,2,2
113900124,0,0,0
113900125,20,11,9
113900126,5,2,3
113900127,2,14,-12
113900128,0,0,0
113900129,0,0,0
113900130,0,0,0
113900131,0,4,-4
113900132,0,0,0
113900133,0,4,-4
113900135,18,72,-54
113900136,8,5,3
113900137,4,3,1
113900138,0,0,0
113900139,95,5,90
113900140,0,0,0
113900141,4,34,-30
113900142,2,8,-6
113900143,1,0,1
113900144,0,0,0
113900145,3,9,-6
113900146,1,2,-1
113900148,6,2,4
113900149,0,0,0
113900150,223,65,158
113900151,4,10,-6
113900152,0,3,-3
113900153,70,39,31
113900154,0,0,0
113900155,28,10,18
113900156,43,117,-74
113900157,0,2,-2
113900158,47,5,42
113900159,0,0,0
113900160,52,133,-81
113900161,0,10,-10
113900162,46,35,11
113900163,12,18,-6
113900164,0,0,0
113900165,98,90,8
113900166,1,2,-1
113900167,0,0,0
113900168,16,6,10
113900169,18,100,-82
113900171,0,0,0
113900172,0,24,-24
113900173,5,56,-51
113900174,13,181,-168
113900175,0,0,0
113900176,33,153,-120
113900177,12,7,5
113900178,0,0,0
113900179,0,81,-81
113900180,7,14,-7
113900181,0,0,0
113900182,35,186,-151
113900183,3,11,-8
113900184,3,71,-68
113900185,12,11,1
113900186,2,2,0
113900187,2,21,-19
113900188,0,10,-10
113900189,0,0,0
113900190,47,15,32
113900191,3,12,-9
113900192,0,0,0
113900193,2,37,-35
113900194,162,72,90
113900195,47,86,-39
113900196,1,4,-3
113900197,0,29,-29
113900198,2,11,-9
113900199,18,77,-59
113900200,3,10,-7
113900201,0,23,-23
113900202,0,13,-13
113900203,0,23,-23
113900204,0,70,-70
113900205,6,8,-2
113900206,0,7,-7
113900207,0,2,-2
113900208,0,6,-6
113900209,0,6,-6
113900210,52,27,25
113900211,1,0,1
113900212,0,85,-85
113900214,72,26,46
113900215,0,29,-29
113900216,0,66,-66
113900217,0,0,0
113900218,0,0,0
113900219,3,37,-34
113900220,0,0,0
113900221,0,0,0
113900222,0,5,-5
113900223,1,52,-51
113900224,17,1,16
113900225,0,0,0
113900226,0,1,-1
113900227,1,1,0
113900228,17,1,16
113900229,0,0,0
113900230,174,25,149
113900231,1,17,-16
113900232,1,14,-13
113900233,0,1,-1
113900234,5,9,-4
113900235,0,0,0
113900236,0,0,0
113900237,0,0,0
113900238,2,4,-2
113900239,0,1,-1
113900240,0,4,-4
113900241,5,3,2
113900242,1,8,-7
113900243,15,31,-16
113900244,89,20,69
113900245,148,11,137
113900246,0,0,0
113900247,0,0,0
113900248,237,27,210
113900249,0,0,0
113900250,0,0,0
113900251,1,7,-6
113900252,0,0,0
113900253,0,0,0
113900254,0,0,0
113900255,0,0,0
113900256,0,0,0
113900257,8,81,-73
113900258,1,61,-60
113900259,2,27,-25
113900260,0,6,-6
113900261,0,28,-28
113900262,1,83,-82
113900263,2,44,-42
113900264,1,89,-88
113900265,25,39,-14
113900266,2,67,-65
113900267,6,45,-39
113900268,0,0,0
113900269,3,19,-16
113900270,8,56,-48
113900271,23,270,-247
113900273,0,0,0
113900274,0,0,0
113900275,1,3,-2
113900276,1,23,-22
113900277,0,0,0
113900278,14,12,2
113900279,3,11,-8
113900280,45,30,15
113900281,2,66,-64
113900282,27,11,16
113900283,0,0,0
113900284,0,5,-5
113900285,0,3,-3
113900286,0,0,0
113900287,0,1,-1
113900288,1,11,-10
113900289,106,0,106
113900290,31,1,30
113900291,3,28,-25
113900292,0,0,0
113900293,0,39,-39
113900294,0,0,0
113900295,18,6,12
113900296,2,0,2
113900297,0,0,0
113900298,0,274,-274
113900299,0,0,0
113900300,291,2,289
113900301,0,0,0
113900302,0,1,-1
113900303,19,7,12
113900304,0,28,-28
113900305,0,0,0
113900306,0,0,0
113900307,0,0,0
113900308,6,16,-10
113900309,0,114,-114
113900310,0,0,0
113900311,0,0,0
113900312,0,0,0
113900313,0,0,0
114000001,235,660,-425
114000002,0,3,-3
114000003,0,1,-1
114000004,4,36,-32
114000005,3,2,1
114000006,315,397,-82
114000007,58,230,-172
114000008,175,182,-7
114000009,3,3,0
114000011,456,580,-124
114000012,229,611,-382
114000013,169,509,-340
114000014,72,146,-74
114000015,77,134,-57
114000016,27,94,-67
114000017,15,33,-18
114000018,80,2,78
114000026,102,381,-279
114000027,178,493,-315
114000028,285,408,-123
114000038,0,9,-9
114000039,22,31,-9
114000040,9,21,-12
114000042,16,47,-31
114000043,4,17,-13
114000044,3,7,-4
114000045,5,32,-27
114000046,301,823,-522
114000047,1,6,-5
114000048,2,6,-4
114000049,31,63,-32
114000050,7,66,-59
114000051,137,131,6
114000052,102,68,34
114000053,4,6,-2
114000054,1,4,-3
114000055,1,5,-4
114000056,145,126,19
114000057,1634,450,1184
114000058,33,25,8
114000059,27,29,-2
114000060,92,255,-163
114000061,204,18,186
114000062,78,22,56
114000063,552,548,4
114000064,1898,405,1493
114000065,390,526,-136
114000066,29,143,-114
114000067,0,0,0
114000068,16,17,-1
114000069,54,25,29
114000070,66,16,50
114000071,17,28,-11
114000072,15,52,-37
114000073,0,0,0
114000074,4,9,-5
114000075,0,0,0
114000076,0,0,0
114000077,0,0,0
114000078,1,61,-60
114000079,7,5,2
114000080,3,1,2
114000081,0,0,0
114000082,25,178,-153
114000083,16,81,-65
114000084,3,4,-1
114000085,24,217,-193
114000086,21,213,-192
114000087,3,44,-41
114000088,0,0,0
114000089,116,80,36
114000090,17,17,0
114000091,113,47,66
114000092,105,70,35
114000093,17,94,-77
114000094,22,42,-20
114000095,0,0,0
114000096,1,148,-147
114000097,7,121,-114
114000098,0,0,0
114000099,10,72,-62
114000100,15,88,-73
114000101,29,280,-251
114000102,0,0,0
114000103,4,58,-54
114000104,0,19,-19
114000105,1,13,-12
114000106,93,55,38
114000107,17,19,-2
114000108,731,332,399
114000109,0,0,0
114000110,48,380,-332
114000111,0,0,0
114000112,52,529,-477
114000113,0,0,0
114000114,177,480,-303
114000115,0,0,0
114000116,37,33,4
114000117,56,10,46
114000118,74,10,64
114000119,46,3,43
114000120,131,240,-109
114000121,88,120,-32
114000122,82,84,-2
114000123,8,5,3
114000124,6,5,1
114000125,148,546,-398
114000126,7,3,4
114000127,1,65,-64
114000128,28,99,-71
114000130,0,0,0
114000131,0,0,0
114000132,119,219,-100
114000133,111,217,-106
114000134,4,20,-16
114000138,13,37,-24
114000139,0,0,0
114000144,0,0,0
114000145,9,24,-15
114000146,4,31,-27
114000147,0,0,0
114000148,46,2,44
114000149,4,21,-17
114000150,144,115,29
114000151,10,3,7
114000152,1,9,-8
114000153,205,197,8
114000154,67,114,-47
114000155,34,77,-43
114000156,17,58,-41
114000157,20,98,-78
114000158,459,110,349
114000159,38,51,-13
114000160,16,37,-21
114000161,45,21,24
114000162,3,4,-1
114000163,1,17,-16
114000165,0,0,0
114000166,70,15,55
114000167,612,281,331
114000168,120,226,-106
114000169,202,63,139
114000170,60,56,4
114000171,64,66,-2
114000174,37,107,-70
114000176,80,119,-39
114000177,411,202,209
114000178,0,0,0
114000179,24,2,22
114000180,85,164,-79
114000181,154,256,-102
114000182,970,704,266
114000183,347,331,16
114000184,1359,630,729
114000185,23,19,4
114000189,0,0,0
114000190,0,0,0
114000191,0,0,0
114000192,116,420,-304
114000193,289,1084,-795
114000194,250,281,-31
114000195,0,0,0
114000196,1,114,-113
114000197,0,16,-16
114000198,177,86,91
114000199,254,133,121
114000200,37,537,-500
114000201,11,253,-242
114000202,134,192,-58
114000203,50,197,-147
114000204,16,71,-55
114000205,8,363,-355
114000206,73,398,-325
114000207,198,766,-568
114000208,62,848,-786
114000209,127,1119,-992
114000210,96,610,-514
114000211,48,183,-135
114000212,85,189,-104
114000213,232,67,165
114000214,10,32,-22
114000215,1,12,-11
114000216,60,1,59
114000217,2,62,-60
114000218,1,42,-41
114000219,35,108,-73
114000220,7,497,-490
114000221,33,34,-1
114000222,28,385,-357
114000223,0,0,0
114000224,33,233,-200
114000225,30,241,-211
114000226,7,102,-95
114000227,58,117,-59
114000228,19,124,-105
114000229,84,247,-163
114000230,67,154,-87
114000231,119,324,-205
114000232,16,20,-4
114000233,31,9,22
114000234,29,80,-51
114000235,125,393,-268
114000236,0,365,-365
114000237,17,340,-323
114000238,2,4,-2
114000239,5,364,-359
114000240,172,199,-27
114000241,41,449,-408
114000242,193,290,-97
114000243,104,92,12
114000244,0,0,0
114000245,58,358,-300
114000246,75,9,66
114000247,51,81,-30
114000248,62,68,-6
114000249,42,80,-38
114000250,88,129,-41
114000251,12,96,-84
114000252,19,14,5
114000253,0,0,0
114000254,2,9,-7
114000255,60,35,25
114000256,24,8,16
114000257,110,711,-601
114000258,23,87,-64
114000259,10,125,-115
114000260,0,41,-41
114000261,15,0,15
114000262,0,58,-58
114000263,0,0,0
114000264,7,63,-56
114000265,0,4,-4
114000267,3,438,-435
114000268,1,677,-676
114000270,0,0,0
114000271,33,20,13
114000283,54,95,-41
114000285,27,117,-90
114000288,4,157,-153
114000289,71,26,45
114000293,20,154,-134
114000294,2,14,-12
114000395,40,5,35
114000396,0,0,0
114000402,11,24,-13
114000403,13,37,-24
114000405,13,225,-212
114000423,5,181,-176
114000424,20,37,-17
114000425,21,203,-182
114000426,0,0,0
114000427,3,67,-64
114000428,0,0,0
114000429,0,46,-46
114000432,0,0,0
114000434,8,36,-28
114000435,0,36,-36
114900001,0,0,0
114900002,0,0,0
114900003,0,0,0
114900004,0,0,0
114900005,0,0,0
114900006,0,0,0
114900007,0,0,0
114900008,0,0,0
114900010,5,1,4
114900011,0,0,0
114900013,0,0,0
114900015,0,0,0
114900018,0,0,0
114900020,0,0,0
114900022,0,10,-10
114900024,0,0,0
114900025,0,0,0
114900026,0,0,0
114900027,0,0,0
114900029,0,0,0
114900030,0,0,0
114900031,0,0,0
114900032,0,0,0
114900033,0,0,0
114900034,3,43,-40
114900035,2,12,-10
114900036,11,128,-117
114900037,6,27,-21
114900038,5,124,-119
114900039,26,123,-97
114900040,0,6,-6
114900041,14,135,-121
114900042,23,119,-96
114900043,37,9,28
114900044,0,0,0
114900046,0,13,-13
114900047,1,71,-70
114900048,1,14,-13
114900049,0,26,-26
114900050,0,69,-69
114900051,0,56,-56
114900052,16,18,-2
114900053,2,14,-12
114900054,5,15,-10
114900057,0,0,0
114900058,0,21,-21
114900059,0,0,0
114900060,19,11,8
114900061,12,39,-27
114900062,4,12,-8
114900063,9,31,-22
114900064,15,73,-58
114900065,7,83,-76
114900067,0,52,-52
114900068,4,22,-18
114900069,5,9,-4
114900070,0,0,0
114900072,2,22,-20
114900073,0,44,-44
114900074,0,0,0
114900075,0,0,0
114900076,0,53,-53
114900080,0,0,0
114900082,0,73,-73
114900083,0,62,-62
114900090,0,0,0
114900091,9,5,4
114900095,24,5,19
114900096,15,27,-12
114900097,0,0,0
114900098,0,0,0
114900099,0,0,0
115000001,2139,2114,25
115000002,358,197,161
115000003,667,1402,-735
115000004,243,292,-49
115000005,356,1224,-868
115000006,63,161,-98
115000007,1,3,-2
115000008,56,48,8
115000009,17,20,-3
115000010,0,0,0
115000013,15,61,-46
115000015,53,69,-16
115000016,116,37,79
115000019,0,38,-38
115000020,0,0,0
115000021,65,112,-47
115000022,115,133,-18
115000023,44,4,40
115000024,267,205,62
115000025,25,4,21
115000026,42,147,-105
115000027,9,1,8
115000028,14,221,-207
115000029,17,1,16
115000030,39,262,-223
115000031,47,2,45
115000032,1,116,-115
115000033,0,0,0
115000034,5,209,-204
115000035,0,0,0
115000036,3,129,-126
115000037,0,0,0
115000038,0,0,0
115000039,124,115,9
115000040,736,358,378
115000041,65,221,-156
115000042,47,111,-64
115000043,174,624,-450
115000044,1112,1373,-261
115000045,321,882,-561
115000046,55,330,-275
115000047,133,256,-123
115000048,330,1192,-862
115000049,392,824,-432
115000050,305,185,120
115000051,527,153,374
115000052,1198,572,626
115000053,201,135,66
115000054,171,316,-145
115000055,14,158,-144
115000056,0,17,-17
115000057,13,129,-116
115000058,1,20,-19
115000059,0,85,-85
115000061,0,0,0
115000062,4,71,-67
115000063,17,101,-84
115000064,0,0,0
115000065,31,42,-11
115000067,0,0,0
115000069,1,62,-61
115000070,3,79,-76
115000071,0,0,0
115000072,14,5,9
115000073,99,2,97
115000075,0,5,-5
115000076,533,455,78
115000077,105,581,-476
115000078,51,437,-386
115000079,76,445,-369
115000080,139,683,-544
115000081,46,116,-70
115000082,301,452,-151
115000083,243,718,-475
115000084,0,0,0
115000085,76,265,-189
115000086,0,0,0
115000087,77,284,-207
115000088,0,0,0
115000089,503,477,26
115000090,37,37,0
115000091,46,255,-209
115000092,8,84,-76
115000093,0,0,0
115000094,1336,646,690
115000095,908,969,-61
115000096,33,426,-393
115000097,23,198,-175
115000098,71,324,-253
115000099,77,589,-512
115000100,16,23,-7
115000101,99,522,-423
115000102,25,41,-16
115000103,106,283,-177
115000105,0,0,0
115000106,13,18,-5
115000107,11,237,-226
115000108,961,981,-20
115000109,249,98,151
115000110,330,119,211
115000111,98,259,-161
115000112,71,103,-32
115000113,75,132,-57
115000114,245,179,66
115000116,246,171,75
115000117,109,177,-68
115000118,73,269,-196
115000119,230,185,45
115000120,48,165,-117
115000121,542,182,360
115000122,568,198,370
115000123,274,137,137
115000124,53,165,-112
115000125,45,67,-22
115000126,3,61,-58
115000127,33,46,-13
115000128,83,134,-51
115000129,5,14,-9
115000130,10,181,-171
115000131,9,40,-31
115000132,3,78,-75
115000133,1,55,-54
115000134,10,52,-42
115000135,5,36,-31
115000136,0,0,0
115000137,13,50,-37
115000138,0,0,0
115000139,30,75,-45
115000140,0,2,-2
115000141,18,68,-50
115000142,9,76,-67
115000143,0,0,0
115000144,4,4,0
115000145,14,155,-141
115000146,0,0,0
115000147,7,102,-95
115000148,41,184,-143
115000149,9,4,5
115000150,95,202,-107
115000151,14,10,4
115000152,79,250,-171
115000153,14,5,9
115000154,12,1,11
115000155,52,186,-134
115000156,13,1,12
115000157,70,93,-23
115000158,20,11,9
115000159,13,0,13
115000160,0,0,0
115000161,29,55,-26
115000162,0,0,0
115000163,153,195,-42
115000164,167,125,42
115000165,0,0,0
115000167,0,0,0
115000168,0,0,0
115000169,116,196,-80
115000170,25,66,-41
115000171,0,0,0
115000172,155,54,101
115000173,0,0,0
115000174,0,0,0
115000175,17,39,-22
115000176,0,0,0
115000177,0,16,-16
115000178,2,53,-51
115000179,0,0,0
115000180,3,149,-146
115000181,0,0,0
115000182,0,0,0
115000183,31,230,-199
115000186,33,41,-8
115000187,7,188,-181
115000188,109,48,61
115000189,33,122,-89
115000190,64,38,26
115000191,32,83,-51
115000194,28,51,-23
115000195,0,0,0
115000196,0,0,0
115000197,6,62,-56
115000198,0,0,0
115000199,3,54,-51
115000200,0,0,0
115000201,9,100,-91
115000206,0,0,0
115000207,1,102,-101
115000208,97,215,-118
115000209,42,45,-3
115000210,4,11,-7
115000211,43,68,-25
115000212,278,100,178
115000224,0,0,0
115000225,0,0,0
115000229,0,0,0
115000230,0,0,0
115000231,26,725,-699
115000232,35,60,-25
115000233,6,114,-108
115000234,0,0,0
115000241,0,0,0
115000242,0,0,0
115000243,0,0,0
115000244,0,0,0
115000246,0,0,0
115000247,0,0,0
115000248,0,0,0
115000249,0,0,0
115000250,3,2,1
115000251,0,0,0
115000252,0,0,0
115000253,0,0,0
115000258,0,0,0
115000259,0,0,0
115000261,0,0,0
115000262,0,0,0
115000263,0,0,0
115000264,0,0,0
115000267,0,0,0
115000268,1,4,-3
115000269,0,0,0
115000270,0,0,0
115000272,0,0,0
115000273,0,0,0
115000280,0,0,0
115000281,103,19,84
115000282,88,13,75
115000284,105,39,66
115000296,0,0,0
115000297,0,0,0
115000298,11,7,4
115000300,0,60,-60
115000302,0,0,0
115000303,0,0,0
115000304,0,0,0
115000305,8,223,-215
115000306,7,147,-140
115000307,5,78,-73
115000308,0,0,0
115000309,0,0,0
115000310,89,304,-215
115000311,0,0,0
115000313,40,110,-70
115000314,0,0,0
115000315,386,107,279
115000316,0,0,0
115000317,14,194,-180
115000318,53,31,22
115000319,2,86,-84
115000320,5,56,-51
115000321,58,0,58
115000322,7,116,-109
115000449,0,0,0
115000557,0,9,-9
115000558,0,0,0
115000587,7,8,-1
115000588,896,1637,-741
115000589,627,424,203
115000590,144,601,-457
115000591,76,63,13
115000592,122,608,-486
115000593,143,44,99
115000594,280,566,-286
115000609,3,3,0
115000617,171,42,129
115000624,0,0,0
115000633,36,631,-595
115000634,526,106,420
115000635,18,10,8
115000638,0,0,0
115000641,0,0,0
115000642,25,34,-9
115000643,16,108,-92
115000644,4,109,-105
115000646,128,143,-15
115000647,20,98,-78
115000648,61,463,-402
115000893,337,109,228
115000894,36,534,-498
115000895,113,464,-351
115000896,127,16,111
115000897,59,1,58
115000898,102,20,82
115000899,159,127,32
115000900,9,23,-14
115000901,15,38,-23
115000912,14,0,14
115000913,0,0,0
115000915,0,0,0
115000916,0,0,0
115000917,0,0,0
115000918,0,0,0
115000919,0,0,0
115000920,1,1,0
115000921,102,6,96
115000922,81,54,27
115000923,106,283,-177
115000925,6,21,-15
115000927,0,0,0
115000933,42,21,21
115000934,0,0,0
115000935,0,0,0
115000936,0,0,0
115000937,144,7,137
115000938,22,9,13
115000939,16,26,-10
115000940,0,0,0
115000941,0,0,0
115000942,0,0,0
115000943,8,9,-1
115000944,1,6,-5
115900001,0,0,0
115900002,0,0,0
115900003,0,0,0
115900004,0,0,0
115900005,0,0,0
115900006,0,0,0
115900008,0,0,0
115900009,0,0,0
115900010,0,0,0
115900011,1,11,-10
115900012,0,0,0
115900013,0,0,0
115900014,5,10,-5
115900015,0,0,0
115900016,0,0,0
115900017,0,0,0
115900018,29,6,23
115900019,0,0,0
115900020,0,0,0
115900021,80,3,77
115900022,0,0,0
115900023,0,0,0
115900025,0,0,0
115900026,0,0,0
115900027,0,6,-6
115900028,27,2,25
115900029,0,56,-56
115900030,0,0,0
115900031,0,0,0
115900032,0,0,0
115900033,0,1,-1
115900034,1,42,-41
115900035,0,0,0
115900036,2,2,0
115900037,4,36,-32
115900038,0,0,0
115900039,0,0,0
115900041,2,5,-3
115900042,0,0,0
115900043,0,0,0
115900044,0,0,0
115900046,2,7,-5
115900047,0,0,0
115900049,0,0,0
115900051,0,16,-16
115900052,0,32,-32
115900053,0,0,0
115900054,0,12,-12
115900055,1,16,-15
115900056,0,0,0
115900057,0,0,0
115900058,5,2,3
115900060,0,0,0
115900061,0,0,0
115900062,2,74,-72
115900063,7,0,7
115900064,0,0,0
115900065,0,0,0
115900066,26,4,22
115900067,0,129,-129
115900068,362,2,360
115900069,0,0,0
115900070,0,0,0
115900071,0,23,-23
115900072,16,7,9
115900073,0,0,0
115900074,1,75,-74
115900075,0,0,0
115900076,0,0,0
115900077,0,68,-68
115900078,0,0,0
115900079,0,1,-1
115900080,0,0,0
115900081,1,12,-11
115900082,0,0,0
115900084,0,0,0
115900085,0,1,-1
115900086,0,0,0
115900088,0,0,0
115900089,0,61,-61
115900090,0,0,0
115900091,0,1,-1
115900092,0,13,-13
115900093,0,2,-2
115900094,0,26,-26
115900096,0,0,0
115900097,0,46,-46
115900098,0,26,-26
115900099,0,0,0
115900100,0,0,0
115900101,3,23,-20
115900102,0,0,0
115900103,3,11,-8
115900104,0,0,0
115900105,0,0,0
115900106,0,0,0
115900107,0,0,0
115900108,0,0,0
115900109,0,0,0
115900110,0,0,0
115900111,0,9,-9
115900112,0,0,0
115900113,0,0,0
115900114,0,34,-34
115900115,0,2,-2
115900116,0,0,0
115900117,0,0,0
115900118,0,50,-50
115900119,0,1,-1
115900120,0,0,0
115900121,0,0,0
115900124,0,0,0
115900125,0,0,0
115900126,0,0,0
115900127,0,0,0
115900128,0,1,-1
115900129,0,0,0
115900130,0,1,-1
115900131,0,0,0
115900132,0,0,0
115900134,0,0,0
115900135,0,0,0
115900137,0,0,0
115900139,0,3,-3
115900140,0,0,0
115900141,0,0,0
115900142,0,0,0
115900143,0,16,-16
115900144,0,16,-16
115900146,0,0,0
115900147,0,0,0
115900148,0,0,0
115900149,0,5,-5
115900150,0,0,0
115900151,0,0,0
115900152,0,0,0
115900153,0,0,0
115900154,0,0,0
115900155,0,0,0
115900156,0,0,0
115900157,0,0,0
115900158,0,0,0
115900159,0,0,0
115900160,0,0,0
115900161,0,0,0
115900163,0,0,0
115900164,0,0,0
115900166,0,0,0
115900168,0,2,-2
115900171,0,0,0
115900172,0,0,0
115900173,0,0,0
115900174,0,0,0
115900175,4,5,-1
115900178,0,117,-117
115900179,0,0,0
115900180,0,0,0
115900181,0,17,-17
115900182,8,17,-9
115900183,0,0,0
115900184,0,0,0
115900187,0,1,-1
115900189,0,0,0
115900190,0,0,0
115900191,0,0,0
115900192,0,0,0
115900193,0,0,0
115900194,0,0,0
115900195,0,0,0
115900198,0,0,0
115900199,0,0,0
115900200,0,0,0
115900201,0,0,0
115900202,0,0,0
115900203,0,0,0
115900204,0,0,0
115900205,0,0,0
115900206,0,4,-4
115900207,0,0,0
115900208,0,0,0
115900209,0,0,0
115900210,0,0,0
115900211,0,0,0
115900212,2,1,1
115900213,0,0,0
115900214,0,24,-24
115900215,0,0,0
115900216,0,30,-30
115900217,0,25,-25
115900218,0,15,-15
115900219,0,0,0
115900220,0,0,0
115900221,0,0,0
115900222,0,0,0
115900223,0,0,0
115900224,0,0,0
115900225,0,0,0
115900226,0,0,0
115900227,0,0,0
115900228,0,0,0
115900229,0,0,0
115900230,0,0,0
115900231,0,0,0
115900232,0,0,0
115900233,0,0,0
115900234,0,0,0
115900235,0,1,-1
115900236,0,2,-2
115900237,0,22,-22
115900238,0,9,-9
115900239,0,11,-11
115900240,0,15,-15
115900241,0,1,-1
115900242,1,0,1
115900243,0,0,0
115900244,0,0,0
115900245,0,0,0
115900246,0,0,0
115900247,0,0,0
115900248,0,0,0
115900249,0,0,0
115900250,0,0,0
115900251,0,0,0
115900252,0,0,0
115900253,0,0,0
115900254,0,0,0
115900255,0,0,0
115900256,0,0,0
115900257,0,0,0
115900258,0,0,0
115900259,0,0,0
115900260,0,0,0
115900261,0,0,0
115900262,0,0,0
115900263,0,0,0
115900264,0,0,0
115900265,0,0,0
115900266,0,0,0
115900267,0,0,0
115900268,0,0,0
115900269,1,14,-13
115900270,0,0,0
115900271,0,0,0
115900272,0,0,0
115900273,0,0,0
115900274,0,0,0
115900275,0,0,0
115900276,0,0,0
115900277,0,0,0
115900278,0,7,-7
115900279,0,7,-7
115900280,0,7,-7
115900281,1,7,-6
115900282,0,0,0
115900283,0,0,0
115900284,0,0,0
116000001,5833,989,4844
116000002,705,290,415
116000003,452,473,-21
116000004,481,112,369
116000005,318,587,-269
116000006,214,166,48
116000007,832,809,23
116000008,416,364,52
116000009,208,516,-308
116000010,118,73,45
116000011,98,144,-46
116000012,100,121,-21
116000013,5315,916,4399
116000014,752,138,614
116000015,82,208,-126
116000016,324,63,261
116000017,5,107,-102
116000018,59,20,39
116000019,46,69,-23
116000020,16,55,-39
116000021,13,95,-82
116000022,12,14,-2
116000023,12,55,-43
116000024,45,95,-50
116000025,48,77,-29
116000026,93,345,-252
116000027,33,102,-69
116000028,0,0,0
116000029,178,78,100
116000030,0,0,0
116000031,47,49,-2
116000032,16,107,-91
116000033,3,97,-94
116000034,11,164,-153
116000035,77,138,-61
116000036,91,28,63
116000037,0,0,0
116000038,0,0,0
116000039,56,51,5
116000040,0,0,0
116000041,12,117,-105
116000042,0,0,0
116000043,6,130,-124
116000044,7,19,-12
116000045,0,0,0
116000046,207,299,-92
116000047,244,388,-144
116000048,62,55,7
116000049,40,85,-45
116000050,170,277,-107
116000051,68,82,-14
116000052,295,517,-222
116000053,0,0,0
116000054,86,449,-363
116000055,49,203,-154
116000056,0,0,0
116000057,612,361,251
116000058,355,216,139
116000059,174,64,110
116000060,544,86,458
116000061,80,57,23
116000062,59,69,-10
116000063,32,98,-66
116000066,0,0,0
116000067,61,133,-72
116000068,0,0,0
116000069,61,98,-37
116000078,0,0,0
116000080,200,257,-57
116000082,7,36,-29
116000083,103,55,48
116000084,78,265,-187
116000085,242,75,167
116000086,109,113,-4
116000087,147,77,70
116000088,169,133,36
116000089,7,20,-13
116000090,0,0,0
116000091,12,46,-34
116000093,91,34,57
116000094,10,189,-179
116000095,24,57,-33
116000096,26,186,-160
116000097,45,109,-64
116000098,4,323,-319
116000099,896,39,857
116000100,2,1,1
116000101,10,42,-32
116000102,16,189,-173
116000103,6,31,-25
116000104,2,190,-188
116000105,18,32,-14
116000106,10,188,-178
116000107,23,105,-82
116000108,2,37,-35
116000111,0,0,0
116000113,0,0,0
116000114,3,2,1
116000115,0,0,0
116000116,7,25,-18
116000117,14,30,-16
116000118,90,406,-316
116000119,1,48,-47
116000120,334,1119,-785
116000121,0,0,0
116000122,252,983,-731
116000123,0,0,0
116000124,68,553,-485
116000125,6,2,4
116000126,57,639,-582
116000127,196,509,-313
116000128,17,2,15
116000129,9,4,5
116000130,0,10,-10
116000133,115,243,-128
116000134,127,757,-630
116000135,97,177,-80
116000136,95,634,-539
116000137,29,81,-52
116000138,273,57,216
116000139,135,455,-320
116000140,28,67,-39
116000141,45,123,-78
116000142,685,983,-298
116000143,349,78,271
116000144,199,819,-620
116000145,233,197,36
116000146,16,54,-38
116000147,48,7,41
116000148,6,45,-39
116000149,4,38,-34
116000151,69,284,-215
116000153,0,0,0
116000155,0,0,0
116000156,59,162,-103
116000157,0,0,0
116000158,9,120,-111
116000159,0,0,0
116000160,7,20,-13
116000161,1,16,-15
116000162,52,2,50
116000163,7,3,4
116000164,0,7,-7
116000177,0,27,-27
116000194,1,87,-86
116000195,83,74,9
116000196,0,0,0
116000197,3,2,1
116000198,86,81,5
116000200,0,0,0
116000201,52,102,-50
116000202,0,0,0
116000203,0,9,-9
116000204,0,5,-5
116000205,0,20,-20
116000206,0,12,-12
116000207,0,9,-9
116000233,5,50,-45
116000287,7,125,-118
116000288,0,0,0
116000292,0,21,-21
116000296,0,0,0
116000297,3,14,-11
116000304,0,0,0
116000305,0,0,0
116000346,10,39,-29
116000352,2,13,-11
116000354,0,3,-3
116000357,0,0,0
116000358,0,0,0
116000361,0,0,0
116000372,1444,445,999
116000381,0,0,0
116000388,0,14,-14
116000389,37,25,12
116000445,26,303,-277
116000446,0,0,0
116000447,4,167,-163
116000448,0,0,0
116000563,0,0,0
116000565,41,39,2
116000568,3,2,1
116000579,1,16,-15
116000584,0,9,-9
116000585,3,3,0
116000586,28,17,11
116000587,1,62,-61
116000589,2,15,-13
116000590,0,0,0
116000591,0,0,0
116000592,0,0,0
116000593,0,0,0
116000594,8,106,-98
116000595,7,29,-22
116000596,0,1,-1
116000597,0,0,0
116000598,1,34,-33
116000602,0,8,-8
116000605,0,5,-5
116000606,0,0,0
116000607,0,8,-8
116000609,2,41,-39
116000611,2,159,-157
116000612,110,228,-118
116000613,0,0,0
116000614,98,285,-187
116000615,0,90,-90
116000616,1,37,-36
116000617,3,26,-23
116000618,0,35,-35
116000619,1,2,-1
116000620,0,0,0
116000621,0,0,0
116000622,0,0,0
116000624,2,1,1
116000627,0,0,0
116000628,0,0,0
116000629,0,0,0
116000630,0,0,0
116000631,0,0,0
116000632,1,2,-1
116000633,0,0,0
116000634,11,137,-126
116000635,128,125,3
116000636,208,131,77
116000637,17,48,-31
116000638,0,0,0
116000640,0,0,0
116000641,62,63,-1
116000644,33,463,-430
116900001,0,0,0
116900002,0,0,0
116900003,0,0,0
116900004,0,0,0
116900005,0,3,-3
116900006,0,0,0
116900007,0,0,0
116900008,0,108,-108
116900009,0,0,0
116900010,0,167,-167
116900011,0,0,0
116900012,0,0,0
116900013,0,36,-36
116900014,0,0,0
116900015,0,0,0
116900016,0,0,0
116900017,0,55,-55
116900018,0,0,0
116900019,0,56,-56
116900020,20,3,17
116900023,0,0,0
116900024,0,0,0
116900025,0,51,-51
116900026,3,38,-35
116900027,0,0,0
116900028,2,11,-9
116900029,0,1,-1
116900031,0,0,0
116900032,1,16,-15
116900033,0,0,0
116900034,1,11,-10
116900035,5,3,2
116900036,0,7,-7
116900038,0,0,0
116900041,0,0,0
116900042,94,7,87
116900043,0,4,-4
116900047,0,0,0
116900049,0,23,-23
116900050,0,12,-12
116900051,0,0,0
116900052,0,0,0
116900055,0,0,0
116900057,0,39,-39
116900058,2,22,-20
116900059,0,0,0
116900060,3,24,-21
116900062,0,0,0
116900064,3,148,-145
116900065,0,5,-5
116900067,0,0,0
116900068,4,25,-21
116900070,0,0,0
116900072,0,55,-55
116900073,0,5,-5
116900074,0,0,0
116900076,0,0,0
116900077,0,10,-10
116900078,18,9,9
116900079,0,12,-12
116900080,0,0,0
116900081,1,63,-62
116900082,8,64,-56
116900083,0,0,0
116900084,3,1,2
116900085,0,6,-6
116900086,2,16,-14
116900088,0,0,0
116900090,0,0,0
116900091,0,16,-16
116900092,0,53,-53
116900093,5,3,2
116900094,219,25,194
116900095,0,35,-35
116900096,1,2,-1
116900097,17,1,16
116900098,57,5,52
116900099,16,12,4
116900100,0,0,0
116900101,14,42,-28
116900103,0,0,0
116900104,4,0,4
116900105,0,0,0
116900106,1,42,-41
116900107,30,5,25
116900110,0,0,0
116900111,0,0,0
116900112,0,0,0
116900113,0,0,0
116900116,0,0,0
116900117,0,9,-9
116900118,4,129,-125
116900120,0,0,0
116900121,0,0,0
116900122,3,168,-165
116900123,5,123,-118
116900124,1,48,-47
116900125,0,5,-5
116900126,4,53,-49
116900128,0,9,-9
116900129,1,65,-64
116900130,161,155,6
116900131,7,27,-20
116900132,0,6,-6
116900133,0,23,-23
116900134,7,18,-11
116900136,1,19,-18
116900137,4,16,-12
116900138,10,31,-21
116900139,4,31,-27
116900140,11,12,-1
116900141,10,15,-5
116900142,0,0,0
116900143,1,18,-17
116900144,0,2,-2
116900145,0,25,-25
116900147,5,7,-2
116900148,0,0,0
116900149,0,0,0
116900150,0,2,-2
116900151,0,0,0
116900153,0,0,0
116900154,1,6,-5
116900155,1,5,-4
116900157,0,0,0
116900158,0,2,-2
116900159,0,24,-24
116900160,0,0,0
116900161,549,113,436
116900162,0,0,0
116900163,0,0,0
116900164,0,6,-6
116900165,0,0,0
116900166,0,0,0
116900167,0,0,0
116900168,1,5,-4
116900169,0,0,0
116900170,0,0,0
116900171,0,0,0
116900172,0,0,0
116900173,1,4,-3
116900174,1,5,-4
116900175,0,0,0
116900178,0,0,0
116900179,0,0,0
116900180,0,1,-1
116900182,0,0,0
116900183,0,0,0
116900185,0,0,0
116900186,0,0,0
116900187,0,0,0
116900188,0,1,-1
116900189,0,0,0
116900191,0,0,0
116900192,0,0,0
116900194,0,0,0
116900195,0,0,0
116900196,0,0,0
116900197,0,0,0
116900198,18,7,11
116900200,0,0,0
116900201,0,0,0
116900202,0,0,0
116900203,0,0,0
116900204,0,2,-2
116900206,0,0,0
116900207,0,0,0
116900208,0,0,0
116900209,0,0,0
116900210,0,1,-1
116900211,0,0,0
116900212,0,0,0
116900213,0,0,0
116900214,3,16,-13
116900215,0,0,0
116900216,3,4,-1
116900218,0,78,-78
116900219,67,28,39
116900220,0,0,0
116900221,3,24,-21
116900222,0,0,0
116900223,0,0,0
116900226,0,5,-5
116900227,0,3,-3
116900228,3,19,-16
116900230,0,6,-6
116900231,0,14,-14
116900232,1,27,-26
116900233,0,0,0
116900234,0,0,0
116900235,12,103,-91
116900238,12,18,-6
116900239,0,7,-7
116900240,124,23,101
116900241,1,0,1
116900242,22,10,12
116900243,0,0,0
116900245,0,0,0
116900246,1,6,-5
116900247,0,0,0
116900248,5,3,2
116900249,0,0,0
116900250,2,4,-2
116900251,0,0,0
116900252,0,0,0
116900253,0,0,0
116900254,0,0,0
116900255,5,1,4
116900256,9,4,5
116900257,1,82,-81
116900258,0,51,-51
116900259,0,0,0
116900260,0,19,-19
116900261,0,0,0
116900262,0,20,-20
116900263,0,0,0
116900264,0,0,0
116900265,0,0,0
116900266,0,6,-6
116900267,0,0,0
116900268,0,0,0
116900269,0,9,-9
116900271,0,0,0
116900272,25,26,-1
116900273,2,2,0
116900274,0,0,0
116900275,0,0,0
116900276,0,0,0
116900277,0,0,0
116900278,0,0,0
116900279,0,0,0
116900280,0,0,0
116900281,56,16,40
116900282,0,9,-9
116900283,2,11,-9
116900284,0,2,-2
116900285,0,0,0
116900286,0,0,0
116900287,0,0,0
116900288,0,0,0
116900289,0,0,0
116900290,0,0,0
116900291,0,0,0
116900292,0,0,0
116900293,0,0,0
116900294,4,7,-3
116900295,0,0,0
116900296,0,0,0
116900297,0,0,0
116900298,0,0,0
116900299,0,0,0
116900300,0,0,0
116900301,0,0,0
116900302,0,5,-5
116900303,0,4,-4
116900304,0,33,-33
116900305,0,0,0
116900306,0,0,0
116900307,0,0,0
116900308,0,0,0
116900309,0,1,-1
117000001,96,143,-47
117000002,327,983,-656
117000003,324,128,196
117000004,844,1118,-274
117000005,72,58,14
117000006,187,1200,-1013
117000007,114,13,101
117000008,201,1063,-862
117000009,6,1,5
117000010,523,1159,-636
117000011,0,0,0
117000012,179,686,-507
117000013,0,0,0
117000014,123,737,-614
117000015,0,0,0
117000016,5,12,-7
117000017,27,27,0
117000018,6,68,-62
117000019,0,4,-4
117000020,59,243,-184
117000021,419,59,360
117000022,12,2,10
117000023,33,48,-15
117000024,30,69,-39
117000025,149,164,-15
117000026,68,15,53
117000027,331,473,-142
117000028,0,0,0
117000030,16,73,-57
117000031,0,0,0
117000032,236,180,56
117000033,129,114,15
117000034,31,32,-1
117000035,0,0,0
117000036,33,39,-6
117000037,0,0,0
117000038,7,59,-52
117000039,1,7,-6
117000040,14,308,-294
117000041,0,0,0
117000044,5,207,-202
117000045,0,0,0
117000046,54,207,-153
117000047,0,1,-1
117000048,302,221,81
117000049,22,35,-13
117000050,6,519,-513
117000051,80,27,53
117000052,0,23,-23
117000053,10,7,3
117000054,39,0,39
117000055,9,849,-840
117000056,24,0,24
117000057,62,383,-321
117000060,23,192,-169
117000061,2,11,-9
117000062,13,58,-45
117000063,0,0,0
117000064,95,162,-67
117000066,140,70,70
117000067,1,46,-45
117000074,0,0,0
117000076,0,0,0
117000077,12,23,-11
117000078,3,90,-87
117000079,2,10,-8
117000080,3,154,-151
117000081,8,5,3
117000082,6,17,-11
117000083,0,0,0
117000084,0,0,0
117000085,19,79,-60
117000086,18,150,-132
117000087,22,160,-138
117000088,0,0,0
117000089,30,22,8
117000090,47,552,-505
117000091,11,7,4
117000092,63,589,-526
117000093,7,10,-3
117000094,89,687,-598
117000095,10,11,-1
117000096,98,1070,-972
117000097,18,55,-37
117000098,404,1470,-1066
117000099,25,22,3
117000100,5,21,-16
117000101,23,176,-153
117000102,0,0,0
117000103,313,560,-247
117000104,0,0,0
117000105,108,592,-484
117000106,0,0,0
117000107,113,752,-639
117000108,0,0,0
117000109,516,936,-420
117000110,0,0,0
117000111,332,300,32
117000112,85,141,-56
117000113,9,63,-54
117000114,0,0,0
117000115,11,21,-10
117000116,0,15,-15
117000117,53,13,40
117000118,3,19,-16
117000119,1,1,0
117000120,0,3,-3
117000121,0,5,-5
117000122,0,0,0
117000123,0,0,0
117000124,0,0,0
117000125,0,0,0
117000126,0,0,0
117000127,1,4,-3
117000128,11,20,-9
117000129,0,0,0
117000130,1,3,-2
117000131,0,68,-68
117000132,99,59,40
117000133,1,57,-56
117000134,0,28,-28
117000135,1,16,-15
117000136,0,11,-11
117000137,0,0,0
117000138,3,152,-149
117000140,87,449,-362
117000141,0,0,0
117000181,45,12,33
117000182,0,0,0
117000195,17,156,-139
117000196,0,0,0
117000225,0,0,0
117000226,0,3,-3
117000276,0,0,0
117000277,0,57,-57
117000310,286,528,-242
117000315,0,0,0
117000320,0,0,0
117000906,0,0,0
117000907,1,109,-108
117000909,8,5,3
117000910,39,48,-9
117000911,8,24,-16
117000915,1,81,-80
117000916,0,0,0
117000917,0,0,0
117000918,0,0,0
117000919,1,6,-5
117000920,1,595,-594
117000921,1,236,-235
117000922,0,0,0
117000924,18,19,-1
117000926,168,23,145
117000927,6,40,-34
117000928,0,72,-72
117000929,12,41,-29
117000930,4,4,0
117000931,34,8,26
117900002,10,36,-26
117900003,41,10,31
117900005,0,1,-1
117900006,0,12,-12
117900007,1,15,-14
117900008,0,6,-6
117900010,1,15,-14
117900011,0,0,0
117900012,1,20,-19
117900013,0,20,-20
117900014,3,30,-27
117900015,2,25,-23
117900016,68,21,47
117900017,2,52,-50
117900018,6,2,4
117900019,6,53,-47
117900020,1,7,-6
117900021,1,10,-9
117900022,1,1,0
117900023,0,0,0
117900024,2,14,-12
117900025,0,1,-1
117900026,1,33,-32
117900028,0,0,0
117900029,4,69,-65
117900030,0,11,-11
117900031,0,0,0
117900032,14,14,0
117900033,0,41,-41
117900034,0,0,0
117900035,13,1,12
117900036,3,49,-46
117900037,0,0,0
117900038,1,39,-38
117900039,0,14,-14
117900040,5,64,-59
117900041,1,22,-21
117900042,12,6,6
117900043,2,20,-18
117900044,0,21,-21
117900045,0,0,0
117900048,12,46,-34
117900049,3,33,-30
117900050,0,0,0
117900051,0,0,0
117900052,0,0,0
117900053,44,87,-43
117900054,0,0,0
117900055,0,0,0
117900056,0,0,0
117900057,33,131,-98
117900058,0,0,0
117900059,0,0,0
117900060,10,403,-393
117900061,0,0,0
117900063,0,22,-22
117900065,40,56,-16
117900066,0,0,0
117900067,0,20,-20
117900069,4,23,-19
117900070,0,0,0
117900071,0,0,0
117900073,3,41,-38
117900074,0,0,0
117900075,0,0,0
117900076,1,10,-9
117900077,0,0,0
117900078,2,40,-38
117900080,0,0,0
117900081,48,8,40
117900082,9,18,-9
117900083,0,47,-47
117900086,0,0,0
117900087,0,0,0
117900088,110,42,68
117900089,48,13,35
117900090,2,68,-66
117900091,20,5,15
117900092,0,0,0
117900093,0,0,0
117900094,0,0,0
117900095,4,32,-28
117900096,0,0,0
117900097,0,0,0
117900098,0,0,0
117900099,3,20,-17
117900100,0,0,0
117900101,34,27,7
117900102,0,0,0
117900103,0,0,0
117900104,0,3,-3
117900105,5,11,-6
117900106,0,0,0
117900107,0,0,0
117900109,3,32,-29
117900110,0,0,0
117900111,0,0,0
117900112,0,0,0
117900113,0,1,-1
117900114,0,0,0
117900115,14,1,13
117900116,23,22,1
117900117,18,38,-20
117900118,0,0,0
117900119,0,41,-41
117900120,0,6,-6
117900121,0,6,-6
117900122,14,9,5
117900123,29,65,-36
117900124,7,38,-31
117900125,214,74,140
117900126,9,32,-23
117900127,1,32,-31
117900128,0,47,-47
117900129,0,0,0
117900130,0,23,-23
117900131,0,12,-12
117900132,0,18,-18
117900133,0,21,-21
117900134,5,38,-33
117900135,1,41,-40
117900136,0,9,-9
117900137,0,39,-39
117900138,0,12,-12
117900139,0,8,-8
117900140,6,1,5
117900141,25,23,2
117900142,0,0,0
117900144,0,0,0
117900145,0,1,-1
117900146,0,0,0
117900147,0,0,0
117900148,60,87,-27
117900149,0,7,-7
117900150,1,12,-11
117900151,0,16,-16
117900152,1,4,-3
117900153,3,7,-4
117900154,4,23,-19
117900156,20,30,-10
117900157,2,8,-6
117900158,0,0,0
117900160,24,28,-4
117900161,159,154,5
117900162,0,23,-23
117900163,2,2,0
117900165,0,0,0
117900166,2,3,-1
117900168,7,29,-22
117900169,0,40,-40
117900170,0,1,-1
117900171,0,3,-3
117900172,1,8,-7
117900173,31,8,23
117900174,0,5,-5
117900175,0,0,0
117900176,0,0,0
117900177,0,0,0
117900178,0,0,0
117900180,0,0,0
117900181,0,0,0
117900182,0,0,0
117900183,0,0,0
117900184,0,0,0
117900185,0,0,0
117900186,0,0,0
117900187,0,0,0
117900188,0,0,0
117900189,0,0,0
117900190,0,0,0
117900191,0,0,0
117900192,0,0,0
117900193,0,7,-7
117900194,0,0,0
117900195,0,0,0
117900196,0,0,0
117900207,0,0,0
117900208,0,1,-1
117900209,0,2,-2
117900210,0,0,0
117900211,0,0,0
117900212,9,12,-3
117900213,0,0,0
117900214,0,0,0
117900215,0,0,0
117900216,0,0,0
117900217,1,15,-14
117900218,0,0,0
117900219,0,12,-12
117900220,0,0,0
117900222,6,41,-35
117900223,1,3,-2
118000001,70,68,2
118000002,196,314,-118
118000003,78,195,-117
118000004,313,222,91
118000005,690,504,186
118000006,1359,912,447
118000007,443,241,202
118000008,405,316,89
118000009,264,426,-162
118000010,292,492,-200
118000011,85,373,-288
118000012,116,386,-270
118000013,505,403,102
118000014,143,480,-337
118000016,31,66,-35
118000017,0,0,0
118000018,44,85,-41
118000019,638,142,496
118000020,329,273,56
118000021,218,337,-119
118000022,183,13,170
118000023,71,126,-55
118000024,118,117,1
118000027,2383,418,1965
118000029,76,25,51
118000032,34,48,-14
118000033,117,94,23
118000034,727,234,493
118000035,52,332,-280
118000036,33,184,-151
118000037,105,167,-62
118000038,0,0,0
118000039,12,18,-6
118000040,64,449,-385
118000041,201,240,-39
118000045,10,2,8
118000046,71,17,54
118000047,76,30,46
118000048,137,109,28
118000051,24,20,4
118000052,10,21,-11
118000053,3,5,-2
118000054,66,33,33
118000055,56,42,14
118000056,2,4,-2
118000057,4,8,-4
118000058,46,18,28
118000059,33,48,-15
118000060,2,32,-30
118000061,8,22,-14
118000062,14,6,8
118000063,10,15,-5
118000064,26,38,-12
118000065,224,34,190
118000066,24,19,5
118000067,155,87,68
118000068,91,168,-77
118000069,170,61,109
118000070,669,51,618
118000071,304,179,125
118000072,150,109,41
118000073,90,24,66
118000074,7,9,-2
118000075,33,33,0
118000076,109,139,-30
118000077,338,176,162
118000078,80,65,15
118000079,33,80,-47
118000080,221,195,26
118000081,73,52,21
118000082,9,13,-4
118000083,33,24,9
118000084,196,107,89
118000086,22,44,-22
118000087,1558,410,1148
118000088,88,100,-12
118000089,555,855,-300
118000090,1035,256,779
118000091,673,467,206
118000092,108,22,86
118000093,8,17,-9
118000096,9,17,-8
118000097,33,18,15
118000098,0,0,0
118000099,23,126,-103
118000101,64,81,-17
118000102,21,129,-108
118000107,560,77,483
118000108,1,33,-32
118000110,0,5,-5
118000111,0,211,-211
118000112,0,0,0
118000113,2,353,-351
118000114,0,0,0
118000115,0,0,0
118000116,0,0,0
118000117,265,167,98
118000118,16,22,-6
118000119,19,45,-26
118000120,316,372,-56
118000121,0,57,-57
118000122,77,13,64
118000123,5,38,-33
118000125,170,206,-36
118000126,4,24,-20
118000127,20,10,10
118000128,107,248,-141
118000129,40,30,10
118000130,652,931,-279
118000131,80,278,-198
118000132,35,42,-7
118000133,24,39,-15
118000135,0,0,0
118000136,7,46,-39
118000137,83,19,64
118000138,2,43,-41
118000139,12,23,-11
118000140,310,250,60
118000141,92,125,-33
118000142,149,364,-215
118000143,21,34,-13
118000144,30,34,-4
118000145,299,562,-263
118000146,141,261,-120
118000147,128,406,-278
118000148,35,184,-149
118000149,30,133,-103
118000150,8,10,-2
118000151,3,7,-4
118000153,9,51,-42
118000154,12,85,-73
118000155,13,58,-45
118000156,251,251,0
118000157,17,10,7
118000158,4,63,-59
118000159,0,0,0
118000160,0,0,0
118000161,42,148,-106
118000162,8,45,-37
118000163,6,27,-21
118000164,69,58,11
118000168,5,26,-21
118000169,179,486,-307
118000170,334,527,-193
118000171,0,0,0
118000172,0,0,0
118000173,62,118,-56
118000175,29,31,-2
118000176,8,32,-24
118000177,1,10,-9
118000178,3,4,-1
118000179,0,0,0
118000180,0,0,0
118000181,138,93,45
118000182,27,86,-59
118000183,24,75,-51
118000184,0,0,0
118000185,241,120,121
118000186,118,133,-15
118000187,82,143,-61
118000188,5,47,-42
118000189,10,120,-110
118000190,1,3,-2
118000191,1,10,-9
118000192,0,23,-23
118000193,0,30,-30
118000194,240,16,224
118000195,5,0,5
118000196,0,0,0
118000197,13,18,-5
118000198,8,5,3
118000199,25,42,-17
118000200,0,0,0
118000201,15,7,8
118000202,0,0,0
118000203,69,18,51
118000204,56,36,20
118000205,29,20,9
118000206,1,1,0
118000207,0,7,-7
118000208,55,68,-13
118000209,167,322,-155
118000210,0,0,0
118000211,0,0,0
118000213,5,11,-6
118000214,156,24,132
118000215,35,112,-77
118000216,0,0,0
118000217,2,10,-8
118000218,0,1,-1
118000219,1,12,-11
118000220,0,0,0
118000221,4,22,-18
118000222,74,5,69
118000223,0,0,0
118000224,0,2,-2
118000225,1,201,-200
118000226,0,0,0
118000227,100,18,82
118000228,74,29,45
118000229,0,0,0
118000230,1,14,-13
118000231,0,12,-12
118000232,55,165,-110
118000233,24,19,5
118000234,5,11,-6
118000236,9,59,-50
118000237,0,0,0
118000238,5,36,-31
118000239,1,3,-2
118000240,34,6,28
118000241,1,12,-11
118000242,10,121,-111
118000243,4,11,-7
118000244,0,16,-16
118000246,0,2,-2
118000255,0,11,-11
118000256,1,9,-8
118000259,0,5,-5
118000260,0,0,0
118000261,0,5,-5
118000263,2,29,-27
118000266,14,29,-15
118000267,0,26,-26
118000268,0,2,-2
118000270,0,0,0
118000271,1,14,-13
118000272,0,0,0
118000273,2,17,-15
118000274,9,64,-55
118000276,3,13,-10
118000295,1,11,-10
118000298,15,116,-101
118000299,12,78,-66
118000301,0,16,-16
118000302,0,3,-3
118000311,6,26,-20
118000312,6,31,-25
118000313,2,14,-12
118000314,1,4,-3
118000315,0,6,-6
118000316,4,42,-38
118000325,0,7,-7
118000326,0,0,0
118000331,0,6,-6
118000332,1,1,0
118000333,1,6,-5
118000335,0,0,0
118000336,0,121,-121
118000407,0,0,0
118000457,1,23,-22
118000465,504,179,325
118000480,2,7,-5
118000489,0,0,0
118000490,3,111,-108
118000492,9,11,-2
118000510,14,6,8
118000514,14,108,-94
118000515,0,21,-21
118000517,74,23,51
118000524,525,135,390
118000525,180,236,-56
118000530,0,0,0
118000531,0,1,-1
118000532,55,78,-23
118000533,71,69,2
118000534,42,119,-77
118000535,0,5,-5
118000536,22,14,8
118000537,3,14,-11
118000538,2,22,-20
118000539,0,0,0
118000540,4,34,-30
118000541,7,29,-22
118000542,0,0,0
118000543,0,0,0
118000546,4,6,-2
118000553,0,2,-2
118000560,424,59,365
118000562,0,0,0
118000563,115,44,71
118000576,10,33,-23
118000577,19,15,4
118000578,23,18,5
118000579,61,85,-24
118000583,0,0,0
118000595,0,0,0
118000596,0,8,-8
118000597,9,16,-7
118000598,0,0,0
118000599,0,0,0
118000600,0,0,0
118000601,0,0,0
118000602,0,0,0
118000603,1,45,-44
118000605,0,3,-3
118900001,0,0,0
118900002,1,15,-14
118900003,0,0,0
118900004,0,0,0
118900005,0,0,0
118900006,0,0,0
118900007,0,0,0
118900008,0,0,0
118900009,0,0,0
118900010,0,0,0
118900011,7,0,7
118900012,2,0,2
118900013,0,0,0
118900015,3,2,1
118900016,0,0,0
118900017,0,0,0
118900018,0,0,0
118900019,8,0,8
118900020,0,0,0
118900021,0,0,0
118900022,6,3,3
118900023,0,0,0
118900024,0,0,0
118900025,0,0,0
118900026,0,4,-4
118900027,0,0,0
118900028,0,0,0
118900029,0,0,0
118900030,0,0,0
118900031,7,9,-2
118900032,0,0,0
118900033,0,0,0
118900034,0,0,0
118900035,4,28,-24
118900036,21,51,-30
118900037,0,0,0
118900038,2,27,-25
118900039,0,0,0
118900040,2,4,-2
118900041,0,0,0
118900042,0,6,-6
118900045,2,14,-12
118900046,26,8,18
118900047,28,6,22
118900048,0,0,0
118900049,0,0,0
118900050,0,50,-50
118900051,0,0,0
118900052,0,0,0
118900053,0,0,0
118900054,0,4,-4
118900055,5,19,-14
118900056,0,0,0
118900057,6,20,-14
118900058,0,0,0
118900059,0,0,0
118900060,0,11,-11
118900062,0,0,0
118900064,0,0,0
118900065,0,0,0
118900066,0,0,0
118900067,13,2,11
118900068,0,0,0
118900069,0,31,-31
118900071,0,0,0
118900072,0,0,0
118900073,0,8,-8
118900074,0,0,0
118900075,0,0,0
118900076,0,0,0
118900077,2,6,-4
118900078,0,0,0
118900079,0,0,0
118900080,0,0,0
118900081,0,0,0
118900082,0,5,-5
118900083,1,0,1
118900084,0,0,0
118900085,10,58,-48
118900086,0,0,0
118900087,1,7,-6
118900088,0,3,-3
118900089,0,0,0
118900090,12,19,-7
118900091,0,0,0
118900092,1,13,-12
118900093,0,0,0
118900096,7,11,-4
118900097,7,70,-63
118900099,2,26,-24
118900100,0,0,0
118900101,0,59,-59
118900102,0,10,-10
118900103,2,7,-5
118900104,0,24,-24
118900105,26,9,17
118900107,8,4,4
118900108,1,11,-10
118900110,0,0,0
118900111,0,0,0
118900112,0,0,0
118900113,0,0,0
118900114,0,0,0
118900115,0,0,0
118900116,4,36,-32
118900117,6,23,-17
118900118,4,60,-56
118900119,2,39,-37
118900120,16,30,-14
118900121,0,0,0
118900122,0,29,-29
118900123,12,34,-22
118900124,0,0,0
118900126,0,25,-25
118900129,2,16,-14
118900130,0,0,0
118900131,4,48,-44
118900132,16,11,5
118900133,0,0,0
118900135,6,23,-17
118900136,11,111,-100
118900137,0,0,0
118900139,0,0,0
118900140,22,109,-87
118900141,0,0,0
118900144,5,122,-117
118900145,0,0,0
118900146,9,62,-53
118900147,0,0,0
118900148,0,0,0
118900150,0,0,0
118900152,14,81,-67
118900157,0,0,0
118900158,0,0,0
118900159,0,0,0
118900161,0,0,0
118900163,0,0,0
118900164,0,0,0
118900165,1,24,-23
118900166,16,1,15
118900167,1,12,-11
118900168,0,11,-11
118900169,5,42,-37
118900170,0,9,-9
118900171,0,8,-8
118900174,0,7,-7
118900175,0,13,-13
118900176,0,4,-4
118900177,1,6,-5
118900178,0,5,-5
118900179,0,5,-5
118900181,2,6,-4
118900182,2,6,-4
118900183,0,3,-3
118900184,0,0,0
118900185,1,6,-5
118900186,2,16,-14
118900187,0,0,0
118900188,0,0,0
118900189,0,17,-17
118900190,0,0,0
118900191,0,0,0
118900192,0,0,0
118900193,0,0,0
118900195,0,0,0
118900196,4,27,-23
118900197,0,0,0
118900198,0,8,-8
118900199,1,5,-4
118900200,1,1,0
118900201,0,0,0
118900202,3,9,-6
118900203,0,10,-10
118900204,0,5,-5
118900205,0,2,-2
118900206,0,8,-8
119000001,57,74,-17
119000002,98,264,-166
119000003,66,305,-239
119000004,82,191,-109
119000005,131,189,-58
119000006,112,168,-56
119000007,142,219,-77
119000008,216,645,-429
119000009,375,400,-25
119000010,1706,1050,656
119000011,909,303,606
119000012,1198,619,579
119000013,537,280,257
119000014,325,671,-346
119000019,5,17,-12
119000020,99,123,-24
119000021,147,163,-16
119000022,59,115,-56
119000023,0,0,0
119000024,166,314,-148
119000025,1770,224,1546
119000026,0,0,0
119000027,38,67,-29
119000028,163,219,-56
119000029,0,0,0
119000030,50,120,-70
119000031,74,125,-51
119000032,168,187,-19
119000033,358,279,79
119000034,101,190,-89
119000035,1,117,-116
119000036,105,257,-152
119000037,50,388,-338
119000038,22,180,-158
119000039,24,88,-64
119000040,230,35,195
119000041,367,92,275
119000048,886,430,456
119000049,90,475,-385
119000050,63,50,13
119000051,59,61,-2
119000052,67,74,-7
119000053,141,68,73
119000054,111,444,-333
119000055,316,405,-89
119000056,147,313,-166
119000057,59,342,-283
119000058,93,302,-209
119000059,18,24,-6
119000060,52,145,-93
119000061,19,9,10
119000062,85,227,-142
119000063,42,56,-14
119000064,33,60,-27
119000065,26,117,-91
119000066,119,129,-10
119000067,36,82,-46
119000068,104,207,-103
119000069,20,99,-79
119000070,138,236,-98
119000071,0,0,0
119000072,490,209,281
119000073,297,459,-162
119000074,40,345,-305
119000075,89,739,-650
119000076,0,0,0
119000077,0,0,0
119000078,0,0,0
119000079,0,0,0
119000080,0,0,0
119000081,0,0,0
119000082,0,0,0
119000083,0,0,0
119000084,0,0,0
119000085,0,0,0
119000086,0,0,0
119000087,33,32,1
119000088,0,0,0
119000089,0,0,0
119000090,0,0,0
119000091,1,1,0
119000092,0,0,0
119000093,384,381,3
119000094,348,687,-339
119000095,59,275,-216
119000097,429,194,235
119000098,136,224,-88
119000099,161,306,-145
119000100,269,311,-42
119000101,370,461,-91
119000102,14,18,-4
119000103,51,3,48
119000104,585,583,2
119000105,0,0,0
119000106,24,557,-533
119000107,0,0,0
119000108,58,527,-469
119000109,0,0,0
119000110,35,63,-28
119000111,0,7,-7
119000112,14,19,-5
119000113,129,13,116
119000114,0,16,-16
119000115,30,19,11
119000116,0,0,0
119000117,8,16,-8
119000118,0,4,-4
119000123,41,6,35
119000124,0,0,0
119000125,0,0,0
119000126,0,0,0
119000127,59,268,-209
119000128,15,5,10
119000131,76,440,-364
119000132,1,3,-2
119000133,0,0,0
119000134,0,0,0
119000135,0,0,0
119000136,6,30,-24
119000137,0,0,0
119000138,3,53,-50
119000139,0,0,0
119000140,6,29,-23
119000284,445,806,-361
119000285,675,760,-85
119000286,1065,752,313
119000287,169,482,-313
119000288,167,406,-239
119000289,211,655,-444
119000290,1,15,-14
119000291,3,69,-66
119000293,30,50,-20
119000294,0,0,0
119000295,262,88,174
119000296,0,0,0
119000302,704,97,607
119000303,0,0,0
119000310,0,1,-1
119000314,259,349,-90
119000315,0,0,0
119000316,4,15,-11
119000317,0,0,0
119900001,5,32,-27
119900002,0,0,0
119900003,0,49,-49
119900004,0,1,-1
119900005,0,0,0
119900006,5,18,-13
119900007,0,0,0
119900008,0,0,0
119900009,0,48,-48
119900010,6,96,-90
119900011,0,0,0
119900012,0,0,0
119900013,62,56,6
119900014,11,14,-3
119900015,0,0,0
119900016,0,0,0
119900017,0,0,0
119900018,0,0,0
119900019,0,0,0
119900020,0,0,0
119900021,2,3,-1
119900022,0,0,0
119900023,0,0,0
119900025,0,0,0
119900026,0,0,0
119900027,0,0,0
119900028,0,0,0
119900029,0,0,0
119900030,0,5,-5
119900031,0,0,0
119900033,92,0,92
119900034,0,0,0
119900037,0,0,0
119900038,0,0,0
119900039,0,0,0
119900040,0,0,0
119900041,0,0,0
119900042,0,0,0
119900043,0,0,0
119900044,0,0,0
119900046,0,0,0
119900047,0,0,0
119900048,0,1,-1
119900049,4,4,0
119900050,0,0,0
119900051,0,0,0
119900052,0,0,0
119900053,0,0,0
119900054,0,0,0
119900055,2,8,-6
119900057,0,0,0
119900058,0,0,0
119900059,0,0,0
119900060,0,0,0
119900062,0,0,0
119900063,0,0,0
119900065,0,0,0
119900066,0,0,0
119900067,0,0,0
119900068,0,0,0
119900069,0,0,0
119900070,0,0,0
119900071,0,0,0
119900073,0,13,-13
119900074,0,0,0
119900075,372,101,271
119900076,0,18,-18
119900077,1,138,-137
119900078,0,0,0
119900079,0,0,0
119900080,0,171,-171
119900081,0,9,-9
119900082,0,10,-10
119900083,0,0,0
119900084,4,3,1
119900085,22,2,20
119900087,0,2,-2
119900088,5,3,2
119900089,0,119,-119
119900090,12,8,4
119900091,0,171,-171
119900092,0,69,-69
119900093,9,1,8
119900094,3,40,-37
119900095,0,1,-1
119900096,0,6,-6
119900097,41,15,26
119900098,0,1,-1
119900099,0,30,-30
119900100,393,109,284
119900101,19,95,-76
119900102,0,19,-19
119900103,2,22,-20
119900104,3,18,-15
119900105,21,193,-172
119900106,0,19,-19
119900107,7,155,-148
119900108,200,145,55
119900109,0,6,-6
119900110,11,93,-82
119900111,0,0,0
119900112,102,6,96
119900113,0,0,0
119900114,4,213,-209
119900115,0,0,0
119900116,1,4,-3
119900117,13,89,-76
119900118,0,0,0
119900119,0,10,-10
119900120,50,46,4
119900121,0,38,-38
119900122,0,0,0
119900123,3,6,-3
119900124,0,34,-34
119900125,0,0,0
119900126,303,18,285
119900127,0,0,0
119900128,1,33,-32
119900129,2,18,-16
119900130,0,0,0
119900131,0,7,-7
119900132,0,0,0
119900133,0,1,-1
119900134,47,3,44
119900135,0,0,0
119900136,0,0,0
119900138,0,0,0
119900139,1,4,-3
119900140,0,0,0
119900141,0,0,0
119900142,0,0,0
119900143,0,0,0
119900144,0,0,0
119900145,3,21,-18
119900146,5,10,-5
119900147,0,0,0
119900148,0,0,0
119900149,0,5,-5
119900150,2,9,-7
119900151,18,16,2
119900152,0,0,0
119900153,0,0,0
119900154,1,58,-57
119900155,0,5,-5
119900156,0,0,0
119900157,0,0,0
119900158,0,0,0
119900159,0,263,-263
119900160,0,16,-16
119900161,0,0,0
119900162,0,0,0
119900163,4,1,3
119900164,0,0,0
119900165,0,0,0
119900166,0,0,0
119900167,1,6,-5
119900168,0,0,0
119900169,1,4,-3
119900170,2,5,-3
119900171,4,30,-26
119900172,0,0,0
119900173,1,94,-93
119900174,0,3,-3
119900175,0,0,0
119900177,4,34,-30
119900178,0,0,0
119900179,0,0,0
119900180,0,0,0
119900181,0,0,0
119900182,2,42,-40
119900183,0,104,-104
119900184,12,1,11
119900185,0,0,0
119900186,0,0,0
119900187,0,58,-58
119900188,1,18,-17
119900189,3,2,1
119900190,0,0,0
119900191,0,0,0
119900192,0,15,-15
119900193,0,0,0
119900194,0,0,0
119900195,1,15,-14
119900196,0,0,0
119900197,0,0,0
119900198,0,45,-45
119900199,0,0,0
119900200,0,0,0
119900201,19,11,8
119900202,0,0,0
119900203,0,0,0
119900204,0,0,0
119900205,0,0,0
119900206,0,0,0
119900208,0,0,0
119900209,9,28,-19
119900210,0,0,0
119900211,0,0,0
119900212,0,19,-19
119900213,1,10,-9
119900214,0,29,-29
119900215,1,18,-17
119900216,0,12,-12
119900217,0,12,-12
119900218,0,3,-3
119900219,0,1,-1
119900220,0,0,0
119900221,0,0,0
119900222,0,0,0
119900223,0,0,0
119900224,0,0,0
119900225,0,0,0
119900226,0,3,-3
119900227,191,20,171
119900228,0,8,-8
119900229,0,0,0
119900230,18,13,5
119900231,0,0,0
119900232,0,0,0
119900233,0,0,0
119900234,0,6,-6
119900235,0,0,0
119900236,0,0,0
119900237,0,0,0
119900238,0,10,-10
119900240,0,17,-17
119900241,2,38,-36
119900242,0,9,-9
119900244,0,0,0
119900245,2,3,-1
119900246,0,0,0
119900247,0,0,0
119900248,0,1,-1
119900249,0,0,0
119900253,0,0,0
119900254,0,0,0
119900255,2,73,-71
119900256,0,72,-72
119900257,0,0,0
119900258,0,0,0
119900259,0,13,-13
119900260,0,0,0
119900261,0,0,0
119900262,0,33,-33
119900263,27,48,-21
119900264,0,0,0
119900265,0,0,0
119900266,0,0,0
119900267,0,15,-15
119900268,0,7,-7
119900269,4,45,-41
119900271,0,0,0
119900272,0,0,0
119900275,0,0,0
119900276,0,0,0
119900277,0,0,0
119900278,14,0,14
119900279,1,1,0
119900280,34,18,16
119900281,0,14,-14
119900282,0,0,0
119900283,0,0,0
119900284,2,94,-92
119900285,0,0,0
119900286,0,1,-1
119900288,1,13,-12
119900289,0,7,-7
119900290,0,4,-4
119900291,0,6,-6
119900292,0,1,-1
119900293,0,0,0
119900294,0,0,0
119900295,0,0,0
119900296,1,1,0
119900299,0,0,0
119900300,0,0,0
119900301,0,0,0
119900302,0,8,-8
119900303,2,14,-12
119900304,0,0,0
119900305,0,0,0
119900306,0,0,0
119900307,0,0,0
119900308,0,0,0
119900309,0,0,0
119900310,4,9,-5
119900311,0,0,0
119900312,0,0,0
119900313,1,17,-16
119900314,0,0,0
119900315,3,210,-207
119900318,0,0,0
119900319,0,42,-42
119900320,0,155,-155
119900321,0,0,0
119900322,10,15,-5
119900323,0,28,-28
119900324,0,5,-5
119900325,1,131,-130
119900326,65,9,56
120000001,983,385,598
120000002,306,476,-170
120000003,468,371,97
120000004,536,486,50
120000005,1802,583,1219
120000006,271,306,-35
120000007,586,675,-89
120000008,202,491,-289
120000009,1138,301,837
120000010,203,970,-767
120000011,127,650,-523
120000012,351,1053,-702
120000013,242,813,-571
120000014,54,477,-423
120000015,291,546,-255
120000016,191,47,144
120000017,39,41,-2
120000018,336,251,85
120000019,68,91,-23
120000020,328,215,113
120000021,213,263,-50
120000022,1037,256,781
120000023,113,214,-101
120000024,196,263,-67
120000025,194,355,-161
120000026,47,398,-351
120000027,222,408,-186
120000028,61,231,-170
120000029,156,85,71
120000030,2,32,-30
120000031,243,177,66
120000032,1896,287,1609
120000033,136,282,-146
120000034,80,464,-384
120000035,79,173,-94
120000036,84,214,-130
120000037,0,0,0
120000038,1406,170,1236
120000039,31,94,-63
120000040,0,16,-16
120000041,14,159,-145
120000042,51,584,-533
120000043,143,252,-109
120000044,227,106,121
120000045,276,132,144
120000046,155,193,-38
120000047,199,304,-105
120000048,1441,289,1152
120000049,243,432,-189
120000050,152,550,-398
120000051,832,660,172
120000052,3350,185,3165
120000053,56,647,-591
120000054,132,1539,-1407
120000055,120,960,-840
120000056,77,843,-766
120000057,35,277,-242
120000058,4,50,-46
120000059,1,12,-11
120000061,28,252,-224
120000062,7,21,-14
120000063,445,1093,-648
120000064,53,475,-422
120000065,25,449,-424
120000066,11,95,-84
120000067,0,104,-104
120000068,14,384,-370
120000069,57,459,-402
120000070,3,191,-188
120000071,8,20,-12
120000072,71,122,-51
120000073,27,23,4
120000074,7,15,-8
120000075,18,40,-22
120000076,72,92,-20
120000077,116,101,15
120000078,408,109,299
120000079,1,5,-4
120000080,0,2,-2
120000081,0,4,-4
120000082,1,1,0
120000083,1,1,0
120000084,50,52,-2
120000085,27,65,-38
120000086,28,115,-87
120000087,1,266,-265
120000088,25,110,-85
120000089,0,0,0
120000090,0,0,0
120000091,0,0,0
120000092,0,0,0
120000093,0,0,0
120000094,0,0,0
120000095,36,61,-25
120000096,11,128,-117
120000098,33,97,-64
120000099,10,63,-53
120000100,58,83,-25
120000101,13,80,-67
120000102,15,26,-11
120000103,62,48,14
120000104,71,22,49
120000105,52,20,32
120000106,48,26,22
120000107,77,44,33
120000108,19,10,9
120000109,89,3,86
120000110,22,254,-232
120000111,13,441,-428
120000112,111,1110,-999
120000113,91,827,-736
120000114,75,632,-557
120000115,65,627,-562
120000116,94,680,-586
120000117,350,480,-130
120000118,0,0,0
120000119,0,0,0
120000120,0,0,0
120000121,0,0,0
120000122,0,0,0
120000123,209,47,162
120000124,35,33,2
120000125,9,63,-54
120000126,2,53,-51
120000127,36,37,-1
120000128,96,105,-9
120000129,1,8,-7
120000130,0,0,0
120000131,27,77,-50
120000134,0,0,0
120000135,2,50,-48
120000137,0,0,0
120000138,5,33,-28
120000139,0,0,0
120000140,8,52,-44
120000141,0,0,0
120000142,1,24,-23
120000143,0,0,0
120000144,1,0,1
120000145,0,0,0
120000146,230,71,159
120000149,29,70,-41
120000150,25,98,-73
120000151,2,4,-2
120000152,11,14,-3
120000153,31,195,-164
120000154,68,210,-142
120000155,0,0,0
120000156,4,0,4
120000157,0,0,0
120000158,80,292,-212
120000159,240,1024,-784
120000160,286,112,174
120000161,92,486,-394
120000162,4,20,-16
120000163,11,371,-360
120000164,38,140,-102
120000165,25,343,-318
120000166,33,187,-154
120000167,0,3,-3
120000168,1,9,-8
120000169,47,13,34
120000170,88,4,84
120000171,22,3,19
120000172,4,3,1
120000173,162,4,158
120000174,31,2,29
120000175,22,2,20
120000176,4,47,-43
120000177,92,211,-119
120000178,1,1,0
120000179,18,7,11
120000180,52,12,40
120000181,3,16,-13
120000182,7,3,4
120000183,0,27,-27
120000184,4,779,-775
120000186,0,8,-8
120000187,0,4,-4
120000188,0,1,-1
120000190,0,0,0
120000191,0,0,0
120000192,0,0,0
120000193,0,0,0
120000195,0,0,0
120000196,0,0,0
120000197,0,0,0
120000198,0,20,-20
120000199,0,0,0
120000200,0,0,0
120000201,0,0,0
120000202,2,10,-8
120000203,1,44,-43
120000207,0,0,0
120000208,0,0,0
120000209,0,0,0
120000210,0,0,0
120000211,0,0,0
120000212,0,0,0
120000213,0,0,0
120000214,0,0,0
120000215,0,0,0
120000216,0,0,0
120000217,62,151,-89
120000218,34,215,-181
120000219,2,144,-142
120000220,3,374,-371
120000225,0,0,0
120000226,0,0,0
120000227,0,0,0
120000228,840,177,663
120000230,0,0,0
120000231,0,0,0
120000233,0,0,0
120000235,56,242,-186
120000236,0,0,0
120000237,1,235,-234
120000238,0,14,-14
120000241,0,0,0
120000412,0,0,0
120000413,0,0,0
120000414,0,0,0
120000415,0,0,0
120000416,0,0,0
120000417,0,0,0
120000418,0,0,0
120000419,0,0,0
120000420,0,0,0
120000421,4492,2110,2382
120000422,76,56,20
120000423,0,7,-7
120000424,1,17,-16
120000436,15,25,-10
120000437,74,55,19
120000438,945,70,875
120000439,16,63,-47
120000443,0,0,0
120000444,25,191,-166
120000445,34,40,-6
120000446,71,13,58
120000447,0,0,0
120000449,0,0,0
120000450,0,0,0
120000451,1,29,-28
120000452,0,1,-1
120000453,2,203,-201
120000454,0,0,0
120000455,5,12,-7
120000456,340,245,95
120000457,130,116,14
120000458,108,214,-106
120000459,0,0,0
120000665,32,1,31
120000668,3,35,-32
120000669,0,0,0
120000670,7,9,-2
120000671,60,70,-10
120000672,15,163,-148
120900001,0,0,0
120900002,0,0,0
120900003,0,0,0
120900004,0,1,-1
120900005,0,0,0
120900006,0,1,-1
120900007,4,10,-6
120900008,0,10,-10
120900009,0,0,0
120900010,5,0,5
120900011,0,0,0
120900012,17,7,10
120900013,0,0,0
120900014,0,0,0
120900015,0,0,0
120900016,0,0,0
120900017,159,13,146
120900018,0,2,-2
120900019,4,1,3
120900020,1,5,-4
120900021,0,0,0
120900022,0,0,0
120900023,0,0,0
120900024,64,39,25
120900025,4,0,4
120900026,0,0,0
120900027,0,0,0
120900028,3,0,3
120900029,0,0,0
120900030,2,3,-1
120900031,0,0,0
120900032,0,0,0
120900033,0,0,0
120900034,0,0,0
120900035,0,0,0
120900037,0,0,0
120900038,0,0,0
120900039,0,0,0
120900040,0,0,0
120900041,0,0,0
120900042,0,0,0
120900043,0,0,0
120900044,0,0,0
120900045,0,0,0
120900046,3,0,3
120900047,0,0,0
120900048,0,0,0
120900049,0,0,0
120900050,0,0,0
120900051,0,0,0
120900052,0,0,0
120900053,0,0,0
120900054,0,0,0
120900055,4,0,4
120900056,0,0,0
120900057,0,0,0
120900058,0,0,0
120900059,0,0,0
120900060,0,0,0
120900061,0,0,0
120900062,0,0,0
120900063,0,0,0
120900064,0,0,0
120900065,0,0,0
120900066,0,44,-44
120900067,0,0,0
120900068,0,0,0
120900069,0,0,0
120900071,0,4,-4
120900072,0,0,0
120900073,0,0,0
120900074,0,0,0
120900076,0,0,0
120900077,0,0,0
120900078,0,91,-91
120900079,0,4,-4
120900080,2,134,-132
120900081,0,0,0
120900082,0,22,-22
120900083,0,1,-1
120900084,0,0,0
120900085,0,0,0
120900086,6,4,2
120900087,0,0,0
120900088,0,1,-1
120900089,329,41,288
120900090,3,3,0
120900091,0,0,0
120900092,6,49,-43
120900093,0,0,0
120900094,32,19,13
120900095,0,0,0
120900096,0,0,0
120900097,21,104,-83
120900098,0,0,0
120900099,1,12,-11
120900100,0,12,-12
120900101,0,0,0
120900102,0,0,0
120900103,0,1,-1
120900104,0,5,-5
120900105,0,0,0
120900106,111,64,47
120900107,42,13,29
120900108,0,0,0
120900109,5,133,-128
120900110,0,0,0
120900111,1,25,-24
120900112,0,1,-1
120900113,1,148,-147
120900114,3,27,-24
120900115,22,26,-4
120900116,0,13,-13
120900117,0,2,-2
120900118,2,131,-129
120900119,0,0,0
120900120,1,80,-79
120900121,20,52,-32
120900122,0,23,-23
120900123,0,3,-3
120900124,0,132,-132
120900125,0,86,-86
120900126,94,67,27
120900127,0,3,-3
120900128,95,132,-37
120900129,3,64,-61
120900130,0,107,-107
120900131,0,0,0
120900132,1,1,0
120900133,29,172,-143
120900134,45,42,3
120900135,2,122,-120
120900136,0,0,0
120900137,0,0,0
120900138,0,25,-25
120900139,1,135,-134
120900140,0,1,-1
120900141,0,0,0
120900142,1,123,-122
120900143,0,125,-125
120900144,1,56,-55
120900145,1,114,-113
120900146,0,160,-160
120900147,0,9,-9
120900148,0,3,-3
120900149,0,77,-77
120900150,2,64,-62
120900151,0,147,-147
120900152,0,0,0
120900153,0,0,0
120900154,0,50,-50
120900155,4,244,-240
120900156,0,72,-72
120900157,0,1,-1
120900158,1,132,-131
120900159,0,19,-19
120900160,1,75,-74
120900161,0,70,-70
120900162,1,61,-60
120900163,0,0,0
120900164,0,0,0
120900165,0,0,0
120900166,0,5,-5
120900167,0,7,-7
120900169,3,69,-66
120900170,38,20,18
120900171,96,20,76
120900172,0,0,0
120900173,0,14,-14
120900174,1,18,-17
120900175,0,0,0
120900176,1,5,-4
120900177,0,7,-7
120900178,0,7,-7
120900179,49,34,15
120900180,0,0,0
120900181,0,0,0
120900182,0,0,0
120900183,0,0,0
120900184,0,0,0
120900185,0,5,-5
120900186,1,94,-93
120900187,1,15,-14
120900188,0,0,0
120900189,0,0,0
120900190,0,0,0
120900191,0,0,0
120900192,596,26,570
120900194,0,0,0
120900195,5,24,-19
120900196,0,0,0
120900197,0,0,0
120900198,11,88,-77
120900199,0,0,0
120900200,0,0,0
120900201,61,12,49
120900202,0,38,-38
120900203,0,0,0
120900204,97,107,-10
120900205,0,0,0
120900206,0,0,0
120900207,5,126,-121
121000001,195,430,-235
121000002,221,160,61
121000003,2184,726,1458
121000004,500,244,256
121000005,761,595,166
121000006,679,289,390
121000007,1024,1034,-10
121000008,884,407,477
121000009,3131,1467,1664
121000010,2593,699,1894
121000011,5548,1366,4182
121000012,4645,867,3778
121000013,2731,1714,1017
121000014,2555,1497,1058
121000015,1181,1893,-712
121000016,2023,1790,233
121000017,244,629,-385
121000018,524,285,239
121000019,2782,1036,1746
121000020,2332,980,1352
121000021,406,679,-273
121000022,439,361,78
121000023,827,714,113
121000024,495,927,-432
121000025,88,36,52
121000026,26,23,3
121000027,677,145,532
121000028,105,77,28
121000029,8,45,-37
121000030,28,49,-21
121000031,30,69,-39
121000032,28,29,-1
121000034,0,0,0
121000035,7,15,-8
121000036,47,82,-35
121000037,119,131,-12
121000038,91,93,-2
121000039,7,39,-32
121000041,6,27,-21
121000042,0,0,0
121000043,31,13,18
121000044,92,68,24
121000045,10,37,-27
121000046,18,70,-52
121000047,0,9,-9
121000049,209,136,73
121000050,46,339,-293
121000051,37,34,3
121000052,42,119,-77
121000053,0,0,0
121000054,6,52,-46
121000055,382,147,235
121000056,194,171,23
121000057,30,36,-6
121000058,86,36,50
121000059,48,30,18
121000060,73,71,2
121000061,1,6,-5
121000062,10,3,7
121000063,106,215,-109
121000064,35,40,-5
121000065,16,43,-27
121000066,40,55,-15
121000067,96,45,51
121000068,0,1,-1
121000069,0,0,0
121000070,90,155,-65
121000071,77,186,-109
121000072,73,83,-10
121000073,154,195,-41
121000074,15,20,-5
121000075,12,13,-1
121000076,45,18,27
121000077,0,0,0
121000078,17,41,-24
121000080,359,134,225
121000081,242,286,-44
121000082,53,85,-32
121000083,0,0,0
121000084,39,41,-2
121000085,214,106,108
121000086,0,0,0
121000087,0,0,0
121000088,97,179,-82
121000089,0,0,0
121000090,35,148,-113
121000091,520,356,164
121000092,34,11,23
121000093,14,36,-22
121000094,95,39,56
121000095,0,0,0
121000096,1269,661,608
121000097,414,332,82
121000098,79,207,-128
121000099,97,234,-137
121000100,36,171,-135
121000101,0,0,0
121000102,12,92,-80
121000103,0,0,0
121000104,11,48,-37
121000105,27,71,-44
121000106,0,0,0
121000107,517,800,-283
121000109,399,465,-66
121000110,33,74,-41
121000114,693,829,-136
121000115,227,305,-78
121000116,95,227,-132
121000117,2,2,0
121000118,48,5,43
121000119,5,4,1
121000120,0,0,0
121000121,0,0,0
121000123,0,0,0
121000127,0,5,-5
121000128,23,173,-150
121000129,27,79,-52
121000130,83,195,-112
121000131,135,120,15
121000132,186,112,74
121000135,5,13,-8
121000136,75,21,54
121000137,26,1,25
121000138,45,36,9
121000139,52,41,11
121000141,14,30,-16
121000142,98,74,24
121000143,0,0,0
121000144,15,32,-17
121000145,39,126,-87
121000146,99,93,6
121000147,49,73,-24
121000148,57,83,-26
121000149,244,292,-48
121000152,51,42,9
121000153,286,85,201
121000154,121,19,102
121000155,165,94,71
121000156,119,126,-7
121000157,163,90,73
121000158,64,50,14
121000159,6,54,-48
121000160,5,66,-61
121000161,0,0,0
121000162,0,0,0
121000165,0,0,0
121000166,5,24,-19
121000168,17,50,-33
121000169,8,78,-70
121000170,50,22,28
121000171,21,54,-33
121000172,80,92,-12
121000173,313,118,195
121000174,35,116,-81
121000175,53,97,-44
121000176,179,59,120
121000177,41,77,-36
121000178,5,3,2
121000179,1,7,-6
121000181,43,53,-10
121000182,56,24,32
121000183,6,10,-4
121000184,3,5,-2
121000185,0,0,0
121000186,2,68,-66
121000187,0,0,0
121000188,0,0,0
121000192,80,61,19
121000193,51,63,-12
121000194,1077,506,571
121000195,75,268,-193
121000196,0,0,0
121000197,33,157,-124
121000198,6,38,-32
121000199,14,305,-291
121000200,49,42,7
121000201,0,36,-36
121000202,5,2,3
121000203,8,138,-130
121000204,43,20,23
121000205,42,253,-211
121000206,5,29,-24
121000207,67,92,-25
121000208,0,67,-67
121000209,20,301,-281
121000210,50,160,-110
121000211,8,38,-30
121000212,58,181,-123
121000213,176,179,-3
121000214,76,102,-26
121000215,221,178,43
121000216,29,100,-71
121000217,590,172,418
121000218,84,639,-555
121000219,124,62,62
121000220,105,59,46
121000221,13,15,-2
121000222,543,836,-293
121000223,45,99,-54
121000224,0,0,0
121000225,81,87,-6
121000226,72,54,18
121000227,3,48,-45
121000228,6,601,-595
121000229,1,289,-288
121000230,48,1148,-1100
121000231,0,0,0
121000232,0,0,0
121000233,13,11,2
121000234,0,0,0
121000235,1,0,1
121000236,0,0,0
121000237,0,0,0
121000238,0,0,0
121000239,0,0,0
121000240,0,0,0
121000241,2,1,1
121000242,0,0,0
121000243,1,1,0
121000244,0,1,-1
121000245,0,0,0
121000246,0,2,-2
121000247,2,0,2
121000248,1,4,-3
121000249,10,56,-46
121000250,23,10,13
121000251,5,180,-175
121000252,5,1,4
121000253,37,397,-360
121000254,77,33,44
121000255,12,31,-19
121000256,6,10,-4
121000257,1,22,-21
121000258,5,10,-5
121000259,2,6,-4
121000260,18,45,-27
121000261,4,4,0
121000262,264,183,81
121000263,95,140,-45
121000271,85,215,-130
121000273,1,9,-8
121000274,0,2,-2
121000275,3,26,-23
121000276,0,0,0
121000278,0,4,-4
121000279,6,8,-2
121000280,0,0,0
121000289,4,1,3
121000290,200,149,51
121000294,9,34,-25
121000297,93,90,3
121000299,10,100,-90
121000300,102,53,49
121000302,6,61,-55
121000303,87,34,53
121000304,0,0,0
121000305,0,0,0
121000306,0,0,0
121000308,46,68,-22
121000309,141,163,-22
121000310,6,150,-144
121000311,6,279,-273
121000312,0,0,0
121000313,184,129,55
121000314,33,17,16
121000315,35,14,21
121000530,106,288,-182
121000531,102,259,-157
121000532,930,325,605
121000533,579,299,280
121000918,2,52,-50
121000919,0,0,0
121000938,5,16,-11
121000939,4,3,1
121000956,68,299,-231
121000957,3,69,-66
121000958,7,97,-90
121000959,68,407,-339
121000960,99,499,-400
121000961,6,0,6
121000962,0,0,0
121000973,1,71,-70
121000976,0,0,0
121000979,0,0,0
121000981,10,0,10
121000982,0,0,0
121000983,18,151,-133
121000984,1,4,-3
121000985,41,120,-79
121000986,0,22,-22
121000987,24,579,-555
121000988,97,11,86
121001302,109,52,57
121001308,0,4,-4
121001309,3,6,-3
121001313,11,98,-87
121001314,2807,1268,1539
121001315,980,658,322
121900001,0,0,0
121900002,0,1,-1
121900003,0,0,0
121900004,0,0,0
121900005,0,0,0
121900006,0,0,0
121900007,0,0,0
121900008,0,0,0
121900009,0,0,0
121900010,0,0,0
121900011,0,0,0
121900012,0,0,0
121900013,0,0,0
121900014,0,0,0
121900015,0,0,0
121900016,0,0,0
121900017,0,0,0
121900018,0,0,0
121900019,0,0,0
121900020,0,0,0
121900021,0,0,0
121900022,0,0,0
121900023,0,0,0
121900024,0,0,0
121900025,0,0,0
121900026,0,0,0
121900027,0,0,0
121900028,0,0,0
121900029,0,0,0
121900030,0,0,0
121900031,0,0,0
121900032,0,0,0
121900033,0,0,0
121900034,0,0,0
121900035,0,0,0
121900036,0,0,0
121900037,0,0,0
121900038,0,0,0
121900039,0,0,0
121900040,0,0,0
121900041,0,0,0
121900042,0,0,0
121900043,0,0,0
121900044,0,0,0
121900046,0,0,0
121900047,0,0,0
121900048,0,0,0
121900050,0,0,0
121900051,0,0,0
121900052,0,0,0
121900053,11,38,-27
121900054,0,0,0
121900055,0,0,0
121900058,0,0,0
121900059,0,0,0
121900060,0,0,0
121900061,0,0,0
121900062,0,0,0
121900063,0,0,0
121900064,0,0,0
121900066,0,0,0
121900067,0,0,0
121900069,0,0,0
121900070,0,0,0
121900071,0,0,0
121900072,0,0,0
121900073,0,0,0
121900074,0,0,0
121900075,0,0,0
121900076,0,0,0
121900077,0,0,0
121900078,0,0,0
121900079,0,0,0
121900080,0,0,0
121900082,0,0,0
121900084,0,0,0
121900085,0,0,0
121900086,0,0,0
121900087,0,0,0
121900088,0,0,0
121900089,0,0,0
121900090,0,0,0
121900091,0,0,0
121900092,0,0,0
121900093,0,0,0
121900094,0,0,0
121900095,0,0,0
121900096,0,0,0
121900097,0,0,0
121900098,0,0,0
121900099,0,0,0
121900100,0,0,0
121900101,0,0,0
121900102,0,0,0
121900103,0,0,0
121900104,0,0,0
121900105,0,0,0
121900106,0,0,0
121900107,0,0,0
121900108,0,0,0
121900109,0,0,0
121900110,0,0,0
121900111,0,0,0
121900112,0,0,0
121900113,0,0,0
121900114,0,0,0
121900117,0,0,0
121900118,0,0,0
121900119,0,0,0
121900120,0,0,0
121900121,0,0,0
121900122,0,0,0
121900123,0,0,0
121900124,0,0,0
121900125,0,0,0
121900127,0,0,0
121900128,0,0,0
121900129,0,0,0
121900130,0,0,0
121900131,0,0,0
121900132,0,0,0
121900133,0,0,0
121900134,0,0,0
121900135,0,0,0
121900136,0,0,0
121900137,0,0,0
121900138,0,0,0
121900139,0,0,0
121900140,0,0,0
121900141,0,0,0
121900142,0,0,0
121900143,0,0,0
121900144,0,0,0
121900145,0,0,0
121900146,0,0,0
121900147,0,0,0
121900148,0,0,0
121900149,0,0,0
121900150,0,0,0
121900151,0,0,0
121900152,0,0,0
121900153,0,0,0
121900154,0,0,0
121900155,0,0,0
121900156,0,0,0
121900157,0,0,0
121900158,0,0,0
121900159,0,0,0
121900160,0,0,0
121900161,0,0,0
121900162,1,4,-3
121900163,0,0,0
121900164,0,0,0
121900165,0,0,0
121900166,0,0,0
121900167,0,0,0
121900168,0,0,0
121900169,0,36,-36
121900170,0,0,0
121900171,0,0,0
121900172,0,0,0
121900173,0,0,0
121900174,0,0,0
121900175,0,0,0
121900176,10,86,-76
121900177,0,1,-1
121900178,0,0,0
121900179,0,0,0
121900180,1,0,1
121900182,0,0,0
121900183,0,0,0
121900184,0,0,0
121900186,0,0,0
121900187,0,0,0
121900188,0,0,0
121900189,0,0,0
121900190,0,0,0
121900191,0,0,0
121900192,0,0,0
121900193,0,0,0
121900194,0,0,0
121900195,0,0,0
121900196,0,0,0
121900197,3,34,-31
121900198,0,0,0
121900199,0,0,0
121900200,0,0,0
121900201,0,0,0
121900202,1,2,-1
121900203,0,0,0
121900204,0,0,0
121900205,0,0,0
121900206,0,0,0
121900207,0,0,0
121900208,0,0,0
121900209,0,0,0
121900210,0,0,0
121900211,0,0,0
121900212,0,0,0
121900213,0,0,0
121900214,0,0,0
121900215,0,0,0
121900216,0,0,0
121900217,0,0,0
121900218,0,0,0
121900220,0,0,0
121900221,0,0,0
121900222,0,0,0
121900223,0,0,0
121900224,0,0,0
121900225,0,0,0
121900226,0,0,0
121900227,0,0,0
121900228,0,0,0
121900230,0,0,0
121900231,0,0,0
121900232,0,0,0
121900233,0,0,0
121900234,0,0,0
121900235,0,0,0
121900236,0,0,0
121900237,0,0,0
121900238,0,0,0
121900239,0,0,0
121900240,0,0,0
121900241,0,0,0
121900242,0,0,0
121900243,0,0,0
121900244,0,0,0
121900245,0,0,0
121900246,0,0,0
121900247,0,0,0
121900248,0,0,0
121900250,0,0,0
121900251,0,0,0
121900252,0,0,0
121900253,2,20,-18
121900254,0,0,0
121900255,0,0,0
121900258,0,0,0
121900259,0,0,0
121900260,0,0,0
121900261,0,0,0
121900262,0,0,0
121900263,0,0,0
121900264,0,0,0
121900265,0,0,0
121900266,0,0,0
121900267,0,0,0
121900269,0,0,0
121900270,0,0,0
121900271,0,0,0
121900273,0,0,0
121900274,0,0,0
121900277,0,0,0
121900278,0,0,0
121900279,0,0,0
121900280,0,0,0
121900281,0,0,0
121900284,0,0,0
121900286,0,25,-25
121900287,0,0,0
121900288,0,0,0
121900290,0,0,0
121900291,5,15,-10
121900292,0,0,0
121900293,23,217,-194
121900294,0,0,0
121900295,0,0,0
121900296,0,0,0
121900298,0,0,0
121900299,0,0,0
121900300,0,0,0
121900301,0,0,0
121900302,0,0,0
121900303,0,0,0
121900304,0,0,0
121900305,0,0,0
121900306,0,0,0
121900307,0,0,0
121900308,1,35,-34
121900309,0,13,-13
121900310,0,51,-51
121900311,0,0,0
121900312,0,0,0
121900313,0,0,0
121900314,0,0,0
121900315,0,0,0
121900316,0,0,0
121900317,0,0,0
121900318,0,0,0
121900319,0,0,0
121900320,0,0,0
121900321,0,0,0
121900322,0,0,0
121900323,0,0,0
121900324,0,0,0
121900325,0,0,0
121900326,0,0,0
121900327,0,0,0
121900328,0,0,0
121900329,0,0,0
121900330,0,0,0
121900331,0,0,0
121900332,0,0,0
121900333,0,0,0
121900334,0,0,0
122000001,389,450,-61
122000002,383,224,159
122000003,334,218,116
122000004,345,157,188
122000005,209,101,108
122000006,63,50,13
122000007,86,112,-26
122000008,561,365,196
122000009,85,25,60
122000010,258,243,15
122000011,210,96,114
122000012,111,187,-76
122000013,154,149,5
122000014,200,120,80
122000015,63,54,9
122000016,65,69,-4
122000017,163,197,-34
122000018,199,292,-93
122000019,125,343,-218
122000020,29,23,6
122000021,173,51,122
122000022,115,51,64
122000023,41,59,-18
122000024,66,128,-62
122000025,67,124,-57
122000026,48,23,25
122000027,249,385,-136
122000028,0,0,0
122000029,0,0,0
122000030,52,50,2
122000031,0,0,0
122000032,27,26,1
122000033,27,32,-5
122000034,126,119,7
122000035,121,115,6
122000036,78,177,-99
122000037,43,34,9
122000038,38,33,5
122000039,86,100,-14
122000040,81,80,1
122000041,0,0,0
122000042,0,0,0
122000043,0,0,0
122000044,0,0,0
122000045,2,2,0
122000046,9,10,-1
122000047,81,41,40
122000048,414,260,154
122000049,883,453,430
122000050,145,174,-29
122000051,0,0,0
122000052,8,8,0
122000053,23,104,-81
122000054,196,230,-34
122000055,309,402,-93
122000056,431,478,-47
122000057,903,596,307
122000058,626,524,102
122000059,506,474,32
122000060,159,145,14
122000061,97,24,73
122000062,181,64,117
122000063,46,91,-45
122000064,594,701,-107
122000065,849,668,181
122000066,278,293,-15
122000067,186,345,-159
122000068,156,129,27
122000069,273,197,76
122000070,12,36,-24
122000071,27,33,-6
122000072,69,50,19
122000073,57,89,-32
122000074,15,3,12
122000075,0,4,-4
122000076,97,90,7
122000077,134,207,-73
122000078,271,498,-227
122000079,98,191,-93
122000080,57,79,-22
122000081,10,13,-3
122000082,0,0,0
122000083,169,319,-150
122000084,153,145,8
122000085,69,251,-182
122000086,270,376,-106
122000087,5,6,-1
122000088,22,90,-68
122000089,702,306,396
122000090,16,23,-7
122000091,15,14,1
122000092,5,0,5
122000093,118,396,-278
122000094,972,187,785
122000095,445,256,189
122000096,122,21,101
122000098,688,514,174
122000099,73,133,-60
122000100,96,51,45
122000101,4,27,-23
122000102,318,153,165
122000103,134,157,-23
122000104,34,18,16
122000105,9,22,-13
122000106,63,47,16
122000107,15,11,4
122000108,72,129,-57
122000109,5,7,-2
122000110,59,115,-56
122000111,267,72,195
122000112,45,85,-40
122000113,35,69,-34
122000114,537,806,-269
122000115,519,301,218
122000116,179,47,132
122000117,79,15,64
122000118,30,28,2
122000119,449,375,74
122000120,519,583,-64
122000121,574,335,239
122000122,89,220,-131
122000123,283,49,234
122000124,80,44,36
122000125,251,173,78
122000126,90,129,-39
122000127,251,269,-18
122000128,71,170,-99
122000129,44,11,33
122000130,52,11,41
122000131,45,10,35
122000132,320,102,218
122000133,93,395,-302
122000134,116,86,30
122000135,66,337,-271
122000136,4,9,-5
122000137,12,16,-4
122000139,254,235,19
122000140,215,61,154
122000141,814,105,709
122000142,60,211,-151
122000143,22,16,6
122000144,47,39,8
122000145,80,98,-18
122000146,0,0,0
122000147,43,9,34
122000148,697,301,396
122000149,226,60,166
122000150,67,43,24
122000151,52,74,-22
122000152,77,77,0
122000153,0,0,0
122000154,0,0,0
122000155,103,81,22
122000156,1161,870,291
122000157,576,564,12
122000158,23,65,-42
122000159,47,35,12
122000160,181,45,136
122000161,82,20,62
122000162,85,37,48
122000163,2,1,1
122000164,0,3,-3
122000165,62,60,2
122000166,6,3,3
122000167,63,66,-3
122000168,1,7,-6
122000169,76,65,11
122000170,40,66,-26
122000171,15,36,-21
122000172,242,299,-57
122000173,212,373,-161
122000174,293,306,-13
122000175,259,66,193
122000176,5,12,-7
122000177,301,542,-241
122000178,15,8,7
122000179,268,337,-69
122000180,216,415,-199
122000181,440,951,-511
122000182,180,25,155
122000183,224,25,199
122000184,3163,584,2579
122000185,707,459,248
122000186,76,106,-30
122000187,63,98,-35
122000188,81,37,44
122000189,0,0,0
122000190,22,133,-111
122000191,76,40,36
122000192,88,3,85
122000193,3,10,-7
122000194,56,9,47
122000195,1,7,-6
122000196,26,17,9
122000197,14,31,-17
122000198,89,72,17
122000199,36,17,19
122000200,65,16,49
122000201,793,1012,-219
122000202,464,431,33
122000203,579,351,228
122000204,157,466,-309
122000205,141,250,-109
122000206,83,26,57
122000207,33,75,-42
122000208,28,97,-69
122000209,0,0,0
122000210,145,528,-383
122000211,160,326,-166
122000212,101,63,38
122000213,120,132,-12
122000214,154,216,-62
122000215,212,193,19
122000217,253,456,-203
122000218,0,0,0
122000219,509,407,102
122000220,60,266,-206
122000221,14,22,-8
122000222,57,8,49
122000223,114,174,-60
122000225,140,51,89
122000226,141,447,-306
122000227,30,286,-256
122000228,38,163,-125
122000229,8,141,-133
122000230,3,234,-231
122000231,11,184,-173
122000232,14,215,-201
122000233,0,0,0
122000234,5,11,-6
122000235,5,8,-3
122000236,23,8,15
122000237,6,7,-1
122000238,18,2,16
122000239,4,11,-7
122000240,8,4,4
122000241,1,0,1
122000242,1,4,-3
122000243,0,3,-3
122000244,2,104,-102
122000245,39,80,-41
122000246,15,16,-1
122000247,98,263,-165
122000248,285,377,-92
122000249,17,19,-2
122000250,62,15,47
122000251,61,88,-27
122000252,19,2,17
122000253,4,88,-84
122000254,3,2,1
122000255,18,21,-3
122000256,107,777,-670
122000257,50,204,-154
122000258,46,26,20
122000259,3,132,-129
122000260,1,39,-38
122000261,0,8,-8
122000262,0,32,-32
122000263,9,56,-47
122000264,0,0,0
122000265,0,0,0
122000266,0,0,0
122000267,0,0,0
122000268,0,0,0
122000269,0,0,0
122000270,0,0,0
122000271,0,0,0
122000272,0,0,0
122000273,7,7,0
122000274,3,1,2
122000275,1,2,-1
122000276,17,58,-41
122000277,81,164,-83
122000278,71,49,22
122000279,31,172,-141
122000280,194,285,-91
122000281,75,266,-191
122000282,2,30,-28
122000283,169,24,145
122000284,15,28,-13
122000285,122,108,14
122000286,42,92,-50
122000287,16,3,13
122000288,24,5,19
122000291,81,27,54
122000293,18,6,12
122000294,0,0,0
122000295,1,0,1
122000296,7,76,-69
122000297,314,125,189
122000299,16,39,-23
122000300,101,180,-79
122000301,1759,163,1596
122000302,66,44,22
122000303,1304,384,920
122000304,1,49,-48
122000305,120,45,75
122000306,10,296,-286
122000307,52,36,16
122000309,20,136,-116
122000310,7,2,5
122000311,10,22,-12
122000312,8,5,3
122000313,2,8,-6
122000314,6,31,-25
122000315,3,1,2
122000316,39,14,25
122000317,46,10,36
122000318,6,12,-6
122000319,22,129,-107
122000320,39,561,-522
122000321,14,254,-240
122000322,278,104,174
122000323,161,112,49
122000324,173,176,-3
122000325,30,106,-76
122000326,0,0,0
122000327,18,75,-57
122000328,131,210,-79
122000330,123,19,104
122000332,4,82,-78
122000333,1,66,-65
122000337,130,703,-573
122000338,36,164,-128
122000340,30,35,-5
122000342,345,261,84
122000343,34,395,-361
122000344,0,0,0
122000345,4,1,3
122000346,21,14,7
122000348,41,101,-60
122000349,7,169,-162
122000351,0,2,-2
122000352,43,6,37
122000353,3,63,-60
122000355,0,2,-2
122000356,537,227,310
122000357,0,0,0
122000358,0,0,0
122000359,0,0,0
122000360,0,0,0
122000362,5,35,-30
122000364,8,60,-52
122000365,0,0,0
122000366,2,3,-1
122000368,73,119,-46
122000370,0,21,-21
122000371,0,0,0
122000372,0,0,0
122000381,23,64,-41
122000382,5,20,-15
122000384,365,303,62
122000385,0,0,0
122000386,15,39,-24
122000387,32,47,-15
122000388,53,16,37
122000389,96,224,-128
122000390,11,50,-39
122000391,0,0,0
122000392,12,24,-12
122000393,2,5,-3
122000394,9,33,-24
122000395,7,26,-19
122000396,6,11,-5
122000397,6,24,-18
122000398,0,0,0
122000399,2,4,-2
122000400,0,0,0
122000401,10,24,-14
122000402,0,0,0
122000403,87,768,-681
122000404,15,7,8
122000408,133,220,-87
122000503,0,0,0
122000524,0,0,0
122000544,0,0,0
122000616,367,1,366
122000640,0,0,0
122000641,0,0,0
122000642,1,2,-1
122000643,0,0,0
122000644,38,34,4
122000645,70,123,-53
122000651,128,126,2
122000664,17,11,6
122000665,246,167,79
122000666,58,106,-48
122000673,27,173,-146
122000674,63,13,50
122000675,157,331,-174
122000686,0,0,0
122000687,27,140,-113
122000688,0,0,0
122000689,55,276,-221
122000690,101,370,-269
122000691,0,0,0
122000692,94,176,-82
122000693,0,0,0
122000695,47,200,-153
122000696,5,17,-12
122000698,26,380,-354
122000699,32,1,31
122000701,97,73,24
122000702,0,0,0
122000703,0,0,0
122000712,0,0,0
122000717,53,26,27
122000718,5,1,4
122000719,0,4,-4
122000720,2,23,-21
122000724,59,11,48
122900001,0,0,0
122900002,0,0,0
122900003,0,0,0
122900004,0,0,0
122900005,0,0,0
122900006,0,0,0
122900007,0,0,0
122900008,0,0,0
122900009,0,0,0
122900010,0,0,0
122900012,0,0,0
122900014,0,0,0
122900015,0,0,0
122900016,0,0,0
122900017,0,0,0
122900018,0,0,0
122900019,0,9,-9
122900020,0,0,0
122900021,0,0,0
122900022,4,53,-49
122900023,23,13,10
122900024,4,9,-5
122900025,0,0,0
122900026,0,0,0
122900027,2,22,-20
122900028,0,0,0
122900029,0,0,0
122900030,179,11,168
122900031,0,0,0
122900032,4,14,-10
122900033,0,0,0
122900034,0,0,0
122900035,0,0,0
122900036,0,0,0
122900037,0,0,0
122900038,0,27,-27
122900039,0,0,0
122900040,0,0,0
122900041,0,0,0
122900042,0,0,0
122900043,0,0,0
122900044,0,0,0
122900045,0,0,0
122900046,0,0,0
122900047,0,0,0
122900048,0,0,0
122900049,0,0,0
122900051,0,0,0
122900052,0,9,-9
122900053,0,0,0
122900055,0,0,0
122900057,0,0,0
122900061,0,0,0
122900062,10,6,4
122900063,0,0,0
122900064,0,0,0
122900065,2,3,-1
122900066,2,15,-13
122900067,0,0,0
122900068,0,0,0
122900069,2,11,-9
122900070,10,0,10
122900071,2,7,-5
122900072,0,43,-43
122900073,0,0,0
122900074,0,0,0
122900075,0,6,-6
122900076,0,5,-5
122900077,0,37,-37
122900078,0,38,-38
122900080,0,0,0
122900081,0,0,0
122900082,0,0,0
122900083,0,0,0
122900084,0,0,0
122900086,0,0,0
122900087,0,0,0
122900088,0,0,0
122900089,0,0,0
122900090,0,33,-33
122900091,0,0,0
122900092,0,0,0
122900093,0,0,0
122900094,0,0,0
122900095,0,0,0
122900096,0,0,0
122900097,0,0,0
122900098,0,0,0
122900099,0,0,0
122900100,0,0,0
122900101,0,0,0
122900102,0,0,0
122900103,0,0,0
122900104,0,0,0
122900105,0,0,0
122900106,0,0,0
122900107,0,0,0
122900108,0,0,0
123000001,275,180,95
123000002,1337,472,865
123000003,814,536,278
123000004,1152,1303,-151
123000005,220,306,-86
123000006,978,1009,-31
123000007,240,258,-18
123000008,715,1548,-833
123000009,775,594,181
123000010,2095,2394,-299
123000011,289,263,26
123000012,362,1112,-750
123000013,467,130,337
123000014,662,1486,-824
123000015,1032,192,840
123000016,2181,1172,1009
123000017,291,119,172
123000018,1,28,-27
123000019,0,4,-4
123000020,0,0,0
123000021,0,0,0
123000022,0,0,0
123000023,65,98,-33
123000024,54,40,14
123000025,2,2,0
123000026,1,17,-16
123000027,11,55,-44
123000028,15,2,13
123000029,55,68,-13
123000030,4,237,-233
123000031,5,12,-7
123000032,2,5,-3
123000033,2,1,1
123000034,42,43,-1
123000035,10,6,4
123000036,23,11,12
123000037,40,72,-32
123000038,12,87,-75
123000039,127,189,-62
123000040,369,166,203
123000041,29,12,17
123000042,107,168,-61
123000043,163,211,-48
123000044,939,471,468
123000045,2055,553,1502
123000046,4,7,-3
123000047,619,183,436
123000048,0,0,0
123000049,656,141,515
123000050,92,70,22
123000051,3,11,-8
123000052,65,180,-115
123000053,657,342,315
123000054,268,174,94
123000055,72,107,-35
123000056,213,537,-324
123000057,3052,853,2199
123000058,46,77,-31
123000059,19,28,-9
123000060,76,67,9
123000061,18,42,-24
123000063,94,166,-72
123000064,87,75,12
123000065,1596,747,849
123000066,231,145,86
123000067,45,70,-25
123000068,818,965,-147
123000069,3693,1037,2656
123000070,51,72,-21
123000071,8,34,-26
123000072,271,436,-165
123000073,13,21,-8
123000074,183,505,-322
123000075,29,51,-22
123000076,60,205,-145
123000077,724,794,-70
123000078,16,46,-30
123000079,27,22,5
123000080,353,670,-317
123000081,35,70,-35
123000082,82,155,-73
123000083,54,16,38
123000084,49,223,-174
123000085,1,16,-15
123000086,6,37,-31
123000087,4,47,-43
123000088,116,218,-102
123000089,0,1,-1
123000090,357,523,-166
123000091,1,0,1
123000092,210,315,-105
123000094,25,23,2
123000095,5,12,-7
123000096,8,10,-2
123000097,71,291,-220
123000098,6,6,0
123000099,100,263,-163
123000100,106,105,1
123000101,3,6,-3
123000102,39,98,-59
123000104,22,72,-50
123000105,157,129,28
123000106,34,69,-35
123000107,63,170,-107
123000108,198,224,-26
123000111,37,4,33
123000112,29,31,-2
123000113,76,389,-313
123000114,7,10,-3
123000115,23,63,-40
123000116,6,21,-15
123000117,136,427,-291
123000118,85,216,-131
123000119,40,218,-178
123000120,70,119,-49
123000121,54,36,18
123000122,234,110,124
123000123,49,27,22
123000124,222,179,43
123000125,63,16,47
123000126,46,54,-8
123000127,1006,426,580
123000128,49,136,-87
123000129,0,0,0
123000130,0,0,0
123000131,19,156,-137
123000132,83,183,-100
123000133,66,129,-63
123000134,160,36,124
123000135,66,135,-69
123000136,55,408,-353
123000137,13,127,-114
123000138,5,164,-159
123000139,0,0,0
123000140,22,200,-178
123000141,0,0,0
123000142,266,333,-67
123000143,243,808,-565
123000144,1,3,-2
123000145,13,13,0
123000146,2,8,-6
123000147,7,13,-6
123000149,0,0,0
123000150,0,0,0
123000151,44,42,2
123000152,15,122,-107
123000153,42,46,-4
123000154,229,115,114
123000155,436,119,317
123000156,14,19,-5
123000157,130,188,-58
123000158,0,0,0
123000159,267,177,90
123000160,79,24,55
123000161,191,28,163
123000162,43,36,7
123000163,0,0,0
123000164,0,0,0
123000165,58,446,-388
123000166,7,50,-43
123000167,4,106,-102
123000168,39,100,-61
123000169,0,0,0
123000170,0,124,-124
123000171,0,9,-9
123000172,44,244,-200
123000173,0,0,0
123000174,0,0,0
123000175,269,407,-138
123000176,0,0,0
123000177,42,219,-177
123000178,0,0,0
123000179,5,223,-218
123000180,167,14,153
123000181,44,425,-381
123000182,9,104,-95
123000183,37,16,21
123000184,23,190,-167
123000185,0,0,0
123000186,1,299,-298
123000187,0,0,0
123000188,0,0,0
123000189,5,79,-74
123000190,0,28,-28
123000192,2,134,-132
123000193,10,125,-115
123000194,105,68,37
123000195,0,0,0
123000196,0,0,0
123000197,0,45,-45
123000198,1,67,-66
123000199,0,137,-137
123000200,0,0,0
123000201,0,0,0
123000202,5,458,-453
123000203,0,0,0
123000204,12,447,-435
123000205,55,605,-550
123000206,45,2,43
123000207,13,247,-234
123000208,16,3,13
123000209,95,18,77
123000210,125,406,-281
123000211,138,769,-631
123000212,0,0,0
123000213,0,0,0
123000215,429,52,377
123000216,0,0,0
123000217,0,0,0
123000218,41,70,-29
123000219,0,0,0
123000220,0,0,0
123000221,0,0,0
123000222,7,10,-3
123000223,7,10,-3
123000224,15,54,-39
123000225,10,30,-20
123000226,5,180,-175
123000227,6,99,-93
123000228,2,21,-19
123000229,259,600,-341
123000232,30,187,-157
123000233,0,0,0
123000234,29,229,-200
123000235,0,0,0
123000236,24,267,-243
123000237,0,0,0
123000238,12,207,-195
123000239,114,707,-593
123000240,2,55,-53
123000241,0,0,0
123000242,8,55,-47
123000243,160,417,-257
123000244,245,234,11
123000245,18,111,-93
123000249,705,302,403
123000252,0,0,0
123000253,0,0,0
123000254,28,276,-248
123000255,39,48,-9
123000256,12,84,-72
123000257,605,687,-82
123000258,138,427,-289
123000259,33,66,-33
123000260,25,147,-122
123000261,28,71,-43
123000262,12,83,-71
123000263,12,9,3
123000264,5,1,4
123000265,19,24,-5
123000266,42,153,-111
123000267,0,0,0
123000268,3,8,-5
123000269,0,0,0
123000270,0,0,0
123000271,5,20,-15
123000272,0,0,0
123000273,0,0,0
123000274,0,0,0
123000275,53,394,-341
123000278,458,414,44
123000279,0,0,0
123000280,6,65,-59
123000281,0,0,0
123000282,15,56,-41
123000283,0,0,0
123000284,8,45,-37
123000286,63,36,27
123000287,36,36,0
123000288,0,0,0
123000289,0,0,0
123000291,71,332,-261
123000294,12,38,-26
123000295,100,30,70
123000296,13,11,2
123000297,2,7,-5
123000298,17,52,-35
123000299,0,0,0
123000300,28,130,-102
123000301,11,60,-49
123000302,0,6,-6
123000303,0,6,-6
123000305,245,173,72
123000306,1,94,-93
123000309,10,28,-18
123000310,0,0,0
123000311,0,118,-118
123000312,117,204,-87
123000313,0,0,0
123000315,4,11,-7
123000316,40,41,-1
123000317,0,0,0
123000318,6,51,-45
123000329,150,37,113
123000337,0,59,-59
123000338,6,5,1
123000339,2,228,-226
123000340,3,19,-16
123000342,0,40,-40
123000343,0,0,0
123000344,106,83,23
123000345,52,129,-77
123000346,0,0,0
123000352,464,281,183
123000353,6,41,-35
123000354,6,1,5
123000355,0,95,-95
123000356,1,0,1
123000357,1,90,-89
123000359,0,88,-88
123000360,0,0,0
123000361,117,78,39
123000362,7,45,-38
123000363,2,87,-85
123000364,21,21,0
123000365,4,65,-61
123000366,94,153,-59
123000367,62,233,-171
123000370,1,102,-101
123000371,0,0,0
123000372,0,0,0
123000373,2,124,-122
123000374,1,47,-46
123000375,7,0,7
123000376,33,45,-12
123000377,0,0,0
123000378,0,132,-132
123000379,1,64,-63
123000380,1,70,-69
123000381,8,0,8
123000382,74,4,70
123000383,39,143,-104
123000384,20,1,19
123000385,33,167,-134
123000436,13,183,-170
123000507,16,15,1
123000508,4,71,-67
123000517,141,9,132
123000518,14,35,-21
123000519,100,43,57
123000520,12,50,-38
123000521,64,61,3
123000522,19,105,-86
123000541,0,0,0
123000542,0,10,-10
123000565,26,2,24
123000566,11,206,-195
123000567,27,61,-34
123000573,30,437,-407
123000574,0,3,-3
123000575,65,505,-440
123000576,19,692,-673
123000577,33,251,-218
123000578,0,0,0
123000579,263,57,206
123000580,63,1,62
123000582,0,0,0
123000583,1,198,-197
123000584,0,0,0
123000585,0,32,-32
123000586,0,0,0
123000596,27,37,-10
123000597,0,0,0
123000602,0,0,0
123000603,18,136,-118
123000604,19,417,-398
123000605,290,26,264
123000606,1,698,-697
123000609,3,223,-220
123000610,2,0,2
123000613,72,97,-25
123000614,0,0,0
123000615,55,124,-69
123000616,0,0,0
123000617,30,242,-212
123000618,27,231,-204
123000619,0,0,0
123000620,43,203,-160
123000622,0,0,0
123000624,0,0,0
123000630,12,44,-32
123000631,41,558,-517
123000632,299,300,-1
123000633,0,34,-34
123000634,0,0,0
123000635,68,40,28
123000636,9,142,-133
123000637,0,0,0
123000638,0,0,0
123000639,0,0,0
123000640,0,395,-395
123000648,0,0,0
123000649,13,132,-119
123900001,13,2,11
123900002,0,0,0
123900003,0,0,0
123900005,0,0,0
123900006,0,0,0
124000001,196,2,194
124000002,75,513,-438
124000003,10,3,7
124000004,19,260,-241
124000005,12,0,12
124000006,93,614,-521
124000007,11,3,8
124000008,1,158,-157
124000009,6,2,4
124000010,28,193,-165
124000011,8,5,3
124000012,62,379,-317
124000017,0,0,0
124000018,57,55,2
124000019,0,0,0
124000020,22,98,-76
124000021,0,0,0
124000022,40,114,-74
124000023,213,99,114
124000024,213,237,-24
124000025,127,94,33
124000026,246,229,17
124000027,797,250,547
124000028,1220,1104,116
124000030,1123,355,768
124000031,30,2,28
124000032,1378,292,1086
124000033,62,5,57
124000034,669,282,387
124000035,11,3,8
124000036,38,291,-253
124000037,15,2,13
124000038,4,39,-35
124000039,115,32,83
124000040,110,259,-149
124000041,42,10,32
124000042,23,159,-136
124000043,12,8,4
124000044,13,150,-137
124000045,0,0,0
124000046,43,432,-389
124000047,0,0,0
124000048,111,697,-586
124000049,0,0,0
124000050,131,938,-807
124000051,0,0,0
124000052,79,547,-468
124000053,0,0,0
124000054,230,282,-52
124000055,0,0,0
124000056,1050,695,355
124000057,0,0,0
124000058,107,644,-537
124000059,15,37,-22
124000060,410,319,91
124000061,24,75,-51
124000062,2464,533,1931
124000063,483,624,-141
124000064,580,719,-139
124000065,9,49,-40
124000066,0,0,0
124000067,0,0,0
124000068,7,26,-19
124000069,0,0,0
124000070,21,143,-122
124000071,0,0,0
124000072,31,108,-77
124000073,0,0,0
124000074,47,236,-189
124000075,0,0,0
124000076,3,94,-91
124000077,300,177,123
124000078,15,1,14
124000079,159,232,-73
124000080,0,0,0
124000081,14,232,-218
124000082,0,0,0
124000083,5,38,-33
124000084,0,3,-3
124000085,10,26,-16
124000086,0,0,0
124000087,0,0,0
124000088,0,5,-5
124000089,17,5,12
124000090,10,162,-152
124000091,12,15,-3
124000092,15,322,-307
124000093,0,0,0
124000094,3,37,-34
124000095,0,0,0
124000096,7,39,-32
124000097,0,0,0
124000098,5,65,-60
124000099,1,3,-2
124000100,2,65,-63
124000101,2,9,-7
124000102,30,46,-16
124000103,3,6,-3
124000104,12,56,-44
124000105,1,2,-1
124000106,19,47,-28
124000107,0,7,-7
124000108,7,17,-10
124000109,0,0,0
124000110,14,39,-25
124000111,6,25,-19
124000112,18,74,-56
124000113,0,0,0
124000114,14,50,-36
124000115,55,79,-24
124000116,0,0,0
124000117,27,23,4
124000118,2,1,1
124000119,58,128,-70
124000120,2,5,-3
124000121,118,21,97
124000122,404,325,79
124000123,82,39,43
124000124,84,232,-148
124000125,39,48,-9
124000126,112,205,-93
124000127,57,44,13
124000128,131,483,-352
124000129,145,268,-123
124000130,345,169,176
124000131,89,99,-10
124000132,372,357,15
124000133,34,66,-32
124000134,163,220,-57
124000135,111,103,8
124000136,184,298,-114
124000137,49,46,3
124000138,227,197,30
124000139,0,0,0
124000140,4,96,-92
124000141,0,0,0
124000142,9,105,-96
124000143,0,0,0
124000144,1,31,-30
124000145,0,0,0
124000146,3,36,-33
124000148,0,0,0
124000149,9,5,4
124000150,79,206,-127
124000151,13,5,8
124000152,99,254,-155
124000153,7,11,-4
124000154,55,311,-256
124000155,22,9,13
124000156,312,294,18
124000169,4,9,-5
124000170,121,88,33
124000171,5,4,1
124000172,29,142,-113
124000173,6,9,-3
124000174,33,171,-138
124000175,12,69,-57
124000176,0,0,0
124000177,14,16,-2
124000178,0,0,0
124000190,17,1,16
124000191,33,24,9
124000192,12,2,10
124000193,74,424,-350
124000194,101,212,-111
124000195,33,96,-63
124000196,280,477,-197
124000197,17,17,0
124000198,0,2,-2
124000201,8,336,-328
124000202,0,10,-10
124000203,14,321,-307
124000204,7,79,-72
124000205,4,222,-218
124000206,1,73,-72
124000207,2,64,-62
124000209,26,239,-213
124000210,3,111,-108
124000211,0,0,0
124000212,4,223,-219
124000213,6,160,-154
124000214,5,168,-163
124000215,0,0,0
124000216,0,227,-227
124000329,28,801,-773
124000338,18,389,-371
124000339,6,2,4
124000341,14,0,14
124000344,2,12,-10
124000357,45,44,1
124000358,105,60,45
124000359,25,12,13
124000360,15,26,-11
124000361,20,12,8
124000362,413,1000,-587
124000363,94,395,-301
124000364,238,659,-421
124000365,439,916,-477
124000366,1182,697,485
124000367,48,246,-198
124000368,2,0,2
124000369,6,4,2
124000370,21,301,-280
124000402,0,0,0
124000403,0,0,0
124000404,4,31,-27
124000405,125,77,48
124000406,237,305,-68
124000407,4,13,-9
124000411,3,94,-91
124000412,0,0,0
124000413,0,0,0
124000414,7,19,-12
124000415,6,78,-72
124000416,19,96,-77
124000417,7,30,-23
124000418,5,24,-19
124000419,2,74,-72
124000420,0,12,-12
124000421,8,104,-96
124000422,1,3,-2
124000423,3,7,-4
124000424,1,50,-49
124000425,0,0,0
124000426,0,86,-86
124000427,0,0,0
124000428,3,12,-9
124000429,0,175,-175
124000430,28,94,-66
124000431,22,134,-112
124000432,35,173,-138
124000439,0,0,0
124000443,5,9,-4
124000445,7,5,2
124000446,487,17,470
124900001,0,0,0
124900002,0,0,0
124900003,0,0,0
124900004,0,0,0
124900005,0,0,0
124900006,0,0,0
124900008,0,0,0
124900009,0,0,0
124900010,0,0,0
124900011,0,0,0
124900012,0,0,0
124900013,0,0,0
124900014,0,0,0
124900015,0,0,0
124900016,0,0,0
124900017,0,0,0
124900018,0,0,0
124900020,0,0,0
124900021,0,0,0
124900022,0,0,0
124900024,0,0,0
124900026,0,3,-3
124900027,0,0,0
124900028,0,0,0
124900029,0,0,0
124900030,0,0,0
124900031,0,0,0
124900032,0,0,0
124900033,1,1,0
124900034,0,0,0
124900035,1,4,-3
124900036,0,0,0
124900037,3,4,-1
124900038,0,0,0
124900039,0,0,0
124900040,0,0,0
124900041,1,32,-31
124900042,0,0,0
124900043,19,85,-66
124900044,0,0,0
124900045,21,36,-15
124900046,20,12,8
124900047,5,11,-6
124900048,6,12,-6
124900050,4,16,-12
124900052,4,32,-28
124900053,1,55,-54
124900054,396,45,351
124900055,1,10,-9
124900057,0,13,-13
124900060,7,47,-40
124900061,0,0,0
124900062,0,0,0
124900066,0,5,-5
124900067,0,30,-30
124900068,0,0,0
124900070,0,0,0
124900072,0,0,0
124900075,0,0,0
124900076,0,0,0
124900077,0,0,0
124900078,0,0,0
124900079,5,0,5
124900080,7,54,-47
124900081,0,0,0
124900082,0,3,-3
124900083,15,34,-19
124900085,0,0,0
124900086,0,0,0
124900087,0,0,0
124900088,0,0,0
124900089,73,3,70
124900090,0,0,0
124900091,0,0,0
124900092,0,0,0
124900093,0,0,0
124900094,0,0,0
124900095,0,0,0
124900096,0,0,0
124900097,0,0,0
124900098,0,0,0
124900099,0,0,0
124900100,0,0,0
124900101,0,0,0
124900102,0,0,0
124900103,1,3,-2
124900104,0,5,-5
124900105,1,5,-4
124900106,0,0,0
124900107,0,0,0
124900108,0,0,0
124900111,0,8,-8
124900112,6,70,-64
124900113,0,6,-6
124900114,0,1,-1
124900115,0,0,0
124900116,0,0,0
124900117,0,0,0
124900118,0,0,0
124900119,0,0,0
124900120,2,39,-37
124900121,0,0,0
124900122,82,24,58
124900123,0,0,0
124900124,9,8,1
204000001,0,0,0
204000002,0,0,0
204000003,0,0,0
204000004,0,0,0
204000005,0,0,0
204000006,0,0,0
204000011,35,65,-30
204000012,3,143,-140
204000019,168,131,37
204000020,60,137,-77
204000021,172,104,68
204000022,61,91,-30
204000023,211,757,-546
204000031,0,0,0
204000032,0,0,0
204000034,51,366,-315
204000035,2,8,-6
204000036,15,23,-8
204000037,6,10,-4
204000038,1,13,-12
204000039,4,25,-21
204000040,4,22,-18
204000041,1,27,-26
204000042,0,0,0
204000043,0,0,0
204000044,0,0,0
204000045,0,0,0
204000046,0,0,0
204000057,0,36,-36
204000062,26,123,-97
204000068,52,102,-50
204000069,10,42,-32
204000070,0,0,0
204000080,20,67,-47
204000085,369,576,-207
204000086,1087,749,338
204000087,64,122,-58
204000088,28,65,-37
204000090,46,377,-331
204000093,0,0,0
204000096,4,6,-2
204000097,0,0,0
204000099,19,27,-8
204000100,14,7,7
204000105,549,531,18
204000110,271,567,-296
204000111,175,312,-137
204000112,120,412,-292
204000113,88,298,-210
204000114,39,67,-28
204000115,28,47,-19
204000116,52,61,-9
204000119,4,1,3
204000132,0,0,0
204000133,0,0,0
204000134,0,0,0
204000135,0,0,0
204000136,0,0,0
204000138,0,0,0
204000140,0,0,0
204000141,0,0,0
204000144,0,0,0
204000145,0,0,0
204000146,122,229,-107
204000147,18,90,-72
204000148,0,0,0
204000154,0,0,0
204000155,9,10,-1
204000177,0,0,0
204000179,0,0,0
204000180,0,85,-85
204000222,4,6,-2
204000235,16,15,1
204000236,24,196,-172
204000238,0,0,0
204000240,26,44,-18
204000263,243,448,-205
204000268,0,0,0
204000308,0,0,0
204000317,34,44,-10
204000322,10,28,-18
204000323,0,0,0
204000328,0,0,0
204000329,87,117,-30
204000330,0,0,0
204000331,74,119,-45
205000001,828,419,409
205000013,3,53,-50
205000014,12,114,-102
205000015,21,225,-204
205000016,5,141,-136
205000017,34,52,-18
205000022,148,298,-150
205000025,1038,563,475
205000029,50,22,28
205000045,19,135,-116
205000046,11,286,-275
205000047,25,307,-282
205000048,78,615,-537
205000049,52,481,-429
205000050,678,232,446
205000059,0,224,-224
205000060,0,23,-23
205000061,0,9,-9
205000062,0,34,-34
205000063,2,36,-34
205000064,10,80,-70
205000065,18,337,-319
205000066,31,504,-473
205000067,21,763,-742
205000069,354,226,128
205000082,0,0,0
205000110,34,168,-134
205000111,82,205,-123
205000112,0,0,0
205000113,131,87,44
205000121,0,0,0
205000123,103,94,9
205000126,0,0,0
205000127,0,0,0
205000128,0,0,0
205000129,0,0,0
205000130,0,0,0
205000131,0,0,0
205000132,0,0,0
205000133,0,0,0
205000134,0,0,0
205000137,75,76,-1
205000138,96,155,-59
205000139,7,44,-37
205000144,0,0,0
205000145,0,0,0
205000151,0,0,0
205000152,0,0,0
205000153,0,0,0
205000154,0,0,0
205000155,0,0,0
205000207,207,113,94
205000233,0,1,-1
205000234,0,0,0
205000243,0,0,0
205000244,1,5,-4
205000245,10,208,-198
205000249,0,12,-12
205000250,0,0,0
205000264,1,60,-59
206000027,0,0,0
206000028,0,0,0
206000043,11,106,-95
206000053,11,20,-9
206000054,16,28,-12
206000055,1,37,-36
206000075,5,12,-7
206000076,17,40,-23
206000077,19,21,-2
206000078,16,17,-1
206000079,23,10,13
206000082,0,0,0
206000100,45,458,-413
206000103,9,33,-24
206000104,15,25,-10
206000105,7,33,-26
206000106,26,67,-41
206000108,530,127,403
206000125,0,0,0
206000157,255,594,-339
206000170,3,298,-295
206000171,7,192,-185
206000172,7,649,-642
206000173,1,208,-207
206000174,3,141,-138
206000175,8,192,-184
206000176,28,245,-217
206000177,2,213,-211
206000178,1,170,-169
206000179,9,103,-94
206000180,25,146,-121
206000181,11,203,-192
206000182,60,226,-166
206000183,19,494,-475
206000184,8,255,-247
206000185,16,226,-210
206000186,75,690,-615
206000223,13,196,-183
206000226,0,0,0
206000227,0,0,0
206000237,10,212,-202
206000238,36,269,-233
206000239,549,686,-137
206000240,1,45,-44
206000241,0,217,-217
206000242,23,322,-299
206000243,5,289,-284
206000244,85,632,-547
206000245,54,6,48
206000246,3,2,1
206000247,24,3,21
206000248,12,1,11
206000252,22,80,-58
206000258,27,57,-30
206000315,33,7,26
206000317,43,11,32
206000318,28,7,21
206000319,69,11,58
206000320,12,6,6
206000321,12,0,12
206000322,0,0,0
206000323,0,0,0
206000324,0,0,0
206000325,0,0,0
206000326,0,0,0
206000327,2,1,1
206000328,6,0,6
206000329,17,0,17
206000330,2,0,2
206000331,7,0,7
206000332,0,0,0
206000333,14,0,14
206000334,11,0,11
206000335,0,35,-35
206000361,15,241,-226
206000392,2,45,-43
206000405,28,0,28
206000441,0,0,0
206000498,6,8,-2
206000515,352,32,320
206000530,0,0,0
206000531,0,0,0
206000532,0,0,0
206000535,136,295,-159
206000536,9,89,-80
206000537,8,68,-60
206000613,0,0,0
207000001,99,364,-265
207000002,23,295,-272
207000003,34,269,-235
207000007,57,8,49
207000008,1,0,1
207000009,9,2,7
207000010,192,207,-15
207000012,0,0,0
207000015,241,524,-283
207000019,40,12,28
207000021,41,26,15
207000022,4,12,-8
207000023,20,16,4
207000024,1,4,-3
207000025,3,5,-2
207000026,43,92,-49
207000027,18,82,-64
207000028,11,166,-155
207000029,113,304,-191
207000033,55,60,-5
207000034,28,9,19
207000039,0,0,0
207000040,0,0,0
207000041,0,0,0
207000042,0,0,0
207000043,0,0,0
207000051,38,252,-214
207000052,6,198,-192
207000053,282,623,-341
207000054,11,99,-88
207000055,52,171,-119
207000056,132,309,-177
207000057,127,252,-125
207000058,60,416,-356
207000059,47,627,-580
207000060,17,145,-128
207000061,2,12,-10
207000062,25,17,8
207000063,24,59,-35
207000064,100,82,18
207000065,39,99,-60
207000066,23,80,-57
207000067,6,54,-48
207000068,17,19,-2
207000069,206,155,51
207000082,2,4,-2
207000083,27,136,-109
207000084,8,4,4
207000085,14,1,13
207000086,7,2,5
207000106,0,0,0
207000107,0,0,0
207000108,0,0,0
207000109,0,0,0
207000110,0,0,0
207000111,0,0,0
207000112,0,0,0
207000114,9,30,-21
207000115,9,75,-66
207000116,14,206,-192
207000117,5,73,-68
207000118,2,98,-96
207000119,7,117,-110
207000123,0,0,0
207000124,0,0,0
207000125,0,0,0
207000126,0,0,0
207000134,0,20,-20
207000135,3,18,-15
207000148,0,0,0
207000149,35,32,3
207000152,86,274,-188
207000153,1253,725,528
207000154,71,24,47
207000159,23,182,-159
207000160,68,411,-343
207000238,0,34,-34
207000242,1,84,-83
207000248,18,5,13
207000249,55,54,1
207000250,174,46,128
207000251,32,35,-3
207000252,30,42,-12
207000278,0,0,0
207000279,31,151,-120
207000280,16,3,13
207000281,34,416,-382
207000282,2,1,1
207000283,35,64,-29
207000284,6,12,-6
207000285,0,0,0
207000291,9,101,-92
207000304,13,20,-7
207000306,28,335,-307
207000310,0,0,0
207000353,0,0,0
207000356,8,18,-10
207000357,0,0,0
207000358,0,0,0
207000415,6,97,-91
207000417,0,0,0
207000418,13,74,-61
207000438,0,4,-4
207000439,286,82,204
207000446,0,0,0
207000460,1,3,-2
207000466,99,167,-68
207000467,0,0,0
207000468,15,301,-286
207000476,1,13,-12
207000477,7,8,-1
207000478,1,5,-4
207000523,0,9,-9
207000524,0,0,0
207000527,15,35,-20
207000530,0,0,0
207000531,0,0,0
207000532,0,0,0
207000534,0,0,0
207000535,24,118,-94
207000537,9,63,-54
207000540,2,101,-99
207000541,3,184,-181
207000548,2,162,-160
207000549,0,0,0
207000561,0,0,0
207000562,8,82,-74
207000567,151,200,-49
207000568,8,21,-13
207000569,10,281,-271
207000584,190,89,101
207000585,0,0,0
207000587,0,0,0
207000616,1,196,-195
207000617,0,0,0
207000624,0,0,0
207000631,0,0,0
207900008,7,23,-16
208000001,22,71,-49
208000002,18,60,-42
208000003,42,75,-33
208000004,43,103,-60
208000005,1,35,-34
208000019,0,0,0
208000020,0,0,0
208000021,24,169,-145
208000022,161,184,-23
208000028,52,6,46
208000033,62,199,-137
208000034,183,378,-195
208000037,0,0,0
208000040,0,0,0
208000041,0,0,0
208000042,0,0,0
208000047,20,142,-122
208000064,0,0,0
208000066,0,0,0
208000070,0,0,0
208000071,0,0,0
208000072,0,0,0
208000080,13,42,-29
208000081,4,27,-23
208000082,32,87,-55
208000083,43,215,-172
208000084,0,0,0
208000085,215,294,-79
208000086,197,453,-256
208000087,77,349,-272
208000089,185,205,-20
208000090,140,395,-255
208000093,18,46,-28
208000094,121,244,-123
208000095,232,162,70
208000104,0,0,0
208000105,0,0,0
208000114,0,0,0
208000115,42,143,-101
208000116,0,0,0
208000117,0,0,0
208000118,0,0,0
208000155,115,420,-305
208000158,806,924,-118
208000186,0,0,0
208000204,83,332,-249
208000205,225,420,-195
208000282,1668,378,1290
209000004,30,46,-16
209000005,7,10,-3
209000006,88,101,-13
209000007,76,81,-5
209000010,92,82,10
209000011,42,95,-53
209000012,33,181,-148
209000013,38,348,-310
209000014,189,920,-731
209000025,31,36,-5
209000026,166,32,134
209000027,81,651,-570
209000028,81,663,-582
209000029,198,587,-389
209000030,116,969,-853
209000031,2610,1334,1276
209000034,65,202,-137
209000035,56,110,-54
209000036,44,86,-42
209000037,37,94,-57
209000038,75,137,-62
209000039,37,73,-36
209000040,111,317,-206
209000041,132,319,-187
209000042,104,254,-150
209000043,145,221,-76
209000044,177,205,-28
209000045,45,144,-99
209000046,32,186,-154
209000047,25,73,-48
209000048,29,91,-62
209000049,37,144,-107
209000050,103,244,-141
209000051,102,282,-180
209000052,65,263,-198
209000062,4,66,-62
209000063,11,60,-49
209000064,6,76,-70
209000065,0,0,0
209000066,0,0,0
209000067,0,0,0
209000080,11,52,-41
209000082,0,0,0
209000091,11,49,-38
209000093,32,26,6
209000094,139,73,66
209000110,0,0,0
209000111,109,502,-393
209000112,135,140,-5
209000113,153,123,30
209000114,77,95,-18
209000115,81,129,-48
209000116,1189,307,882
209000118,0,0,0
209000119,21,8,13
209000121,83,350,-267
209000135,0,0,0
209000142,438,303,135
209000143,8,20,-12
209000144,11,26,-15
209000229,21,94,-73
209000240,11,217,-206
209000259,60,117,-57
209000260,8,511,-503
209000261,1,215,-214
209000262,1,160,-159
209000263,1,45,-44
209000264,1,5,-4
209000265,0,0,0
209000266,0,0,0
209000267,0,0,0
209000268,0,0,0
210000037,0,0,0
210000047,0,0,0
210000048,0,0,0
210000049,0,0,0
210000052,4,64,-60
210000053,4,18,-14
210000054,19,29,-10
210000070,0,0,0
210000071,0,0,0
210000072,0,0,0
210000073,0,25,-25
210000074,0,80,-80
210000075,2,46,-44
210000076,1,66,-65
210000077,4,13,-9
210000078,3,12,-9
210000079,0,0,0
210000080,0,0,0
210000081,0,0,0
210000082,0,0,0
210000083,0,0,0
210000084,0,0,0
210000085,2,41,-39
210000086,4,63,-59
210000099,33,189,-156
210000100,23,141,-118
210000101,29,231,-202
210000105,29,50,-21
210000159,0,35,-35
210000163,101,97,4
210000164,0,0,0
210000168,0,0,0
210000187,0,5,-5
210000188,0,17,-17
210000214,0,0,0
210000219,0,0,0
210000220,0,0,0
210000232,1,9,-8
210000233,0,10,-10
210000234,4,46,-42
210000235,21,54,-33
210000245,1,17,-16
210000246,0,1,-1
210000258,5,84,-79
210000259,0,0,0
210000282,13,103,-90
210000285,1,33,-32
210000286,9,66,-57
210000290,0,0,0
210000295,2,29,-27
210000296,3,19,-16
210000320,0,0,0
210000321,0,0,0
210000338,17,64,-47
210000339,371,320,51
210000340,54,98,-44
210000341,64,100,-36
210000342,53,96,-43
210000343,52,119,-67
210000344,53,60,-7
210000345,109,65,44
210000346,5,47,-42
210000347,12,10,2
210000348,17,4,13
210000349,11,20,-9
210000350,23,34,-11
210000351,36,62,-26
210000352,0,0,0
210000353,0,0,0
210000354,0,0,0
210000355,0,0,0
210000356,0,0,0
210000357,0,0,0
210000358,0,0,0
210000359,0,0,0
210000360,0,0,0
210000361,0,0,0
210000362,0,0,0
210000363,0,0,0
210000364,0,0,0
210000365,0,0,0
210000366,0,0,0
210000367,0,0,0
210000368,0,0,0
210000369,0,0,0
210000370,0,0,0
210000372,0,0,0
210000373,0,0,0
210000374,0,0,0
210000375,0,0,0
210000376,0,0,0
210000404,69,99,-30
210000439,0,0,0
210000472,0,0,0
210000482,0,0,0
210000564,0,0,0
210000567,1,2,-1
210000568,0,0,0
211000092,0,0,0
211000094,0,0,0
211000169,0,0,0
211000172,0,0,0
211000209,0,0,0
211000226,0,0,0
211000270,0,0,0
211000275,0,0,0
211000276,0,0,0
211000279,0,0,0
211000281,0,0,0
211507980,0,0,0
211977296,0,0,0
212000003,0,0,0
212000004,0,17,-17
212000005,9,20,-11
212000006,9,28,-19
212000008,65,174,-109
212000009,9,100,-91
212000012,25,46,-21
212000013,6,37,-31
212000014,123,104,19
212000015,96,119,-23
212000016,271,301,-30
212000027,0,0,0
212000028,0,0,0
212000029,0,0,0
212000030,0,0,0
212000031,0,0,0
212000048,6,29,-23
212000049,6,10,-4
212000050,13,5,8
212000051,56,134,-78
212000052,63,201,-138
212000053,189,336,-147
212000054,0,2,-2
212000055,0,0,0
212000056,0,0,0
212000057,0,0,0
212000058,0,0,0
212000070,28,119,-91
212000077,53,378,-325
212000099,1,2,-1
212000108,0,0,0
212000111,0,0,0
212000120,41,74,-33
212000138,23,21,2
212000156,3,64,-61
212000158,0,1,-1
212000159,0,1,-1
212000160,1,2,-1
212000161,0,0,0
212000310,6,19,-13
212000311,0,0,0
212000374,4,7,-3
213000001,6,165,-159
213000005,28,11,17
213000006,20,13,7
213000007,0,0,0
213000009,0,0,0
213000010,0,0,0
213000011,0,0,0
213000012,39,97,-58
213000014,0,0,0
213000015,0,0,0
213000016,0,0,0
213000017,0,0,0
213000018,1,95,-94
213000019,1,61,-60
213000020,4,72,-68
213000021,1,57,-56
213000023,0,0,0
213000033,38,209,-171
213000034,0,0,0
213000035,0,0,0
213000045,31,43,-12
213000046,34,18,16
213000047,169,75,94
213000056,0,0,0
213000069,0,0,0
213000073,1,4,-3
213000074,35,241,-206
213000075,0,0,0
213000076,0,0,0
213000085,2,25,-23
213000086,2,162,-160
213000091,0,0,0
213000092,0,0,0
213000099,69,244,-175
213000100,0,0,0
213000101,2,61,-59
213000102,3,143,-140
213000103,38,152,-114
213000104,23,107,-84
213000105,1,31,-30
213000106,7,76,-69
213000107,47,247,-200
213000108,3,238,-235
213000109,1,94,-93
213000110,4,26,-22
213000111,3,12,-9
213000112,67,40,27
213000115,0,0,0
213000116,12,83,-71
213000117,0,160,-160
213000118,55,58,-3
213000119,28,383,-355
213000120,50,421,-371
213000122,78,251,-173
213000123,343,257,86
213000124,18,410,-392
213000125,0,0,0
213000126,5,29,-24
213000127,19,62,-43
213000128,215,143,72
213000129,0,0,0
213000130,0,0,0
213000132,0,0,0
213000133,0,0,0
213000134,0,0,0
213000136,0,0,0
213000137,0,0,0
213000139,0,0,0
213000147,0,0,0
213000148,0,0,0
213000149,0,0,0
213000150,0,53,-53
213000151,1,48,-47
213000152,0,28,-28
213000153,0,12,-12
213000154,9,80,-71
213000155,15,182,-167
213000156,15,185,-170
213000157,240,266,-26
213000158,39,259,-220
213000159,0,0,0
213000163,0,0,0
213000165,0,0,0
213000171,0,79,-79
213000172,2,142,-140
213000173,0,104,-104
213000174,1,102,-101
213000175,1,49,-48
213000176,0,0,0
213000177,0,0,0
213000178,0,0,0
213000179,0,0,0
213000180,0,0,0
213000184,14,113,-99
213000188,0,0,0
213000189,0,0,0
213000190,22,271,-249
213000191,6,292,-286
213000192,21,247,-226
213000193,1114,69,1045
213000194,0,8,-8
213000195,4,161,-157
213000196,27,360,-333
213000197,0,0,0
213000198,0,0,0
213000200,54,403,-349
213000201,16,14,2
213000202,1,443,-442
213000203,0,0,0
213000204,0,0,0
213000205,0,0,0
213000206,0,0,0
213000207,0,0,0
213000208,0,0,0
213000209,0,0,0
213000210,0,0,0
213000211,1,4,-3
213000212,0,2,-2
213000213,0,8,-8
213000218,33,265,-232
213000219,0,0,0
213000220,0,0,0
213000223,0,1,-1
213000224,0,0,0
213000225,0,0,0
213000226,0,0,0
213000227,0,0,0
213000228,0,0,0
213000229,0,0,0
213000230,0,0,0
213000232,9,202,-193
213000233,3,14,-11
213000234,0,38,-38
213000293,2,36,-34
213000294,0,0,0
213000295,2,23,-21
213000296,0,0,0
213000297,7,16,-9
213000298,12,24,-12
213000299,0,0,0
213000300,0,0,0
213000303,8,13,-5
213000304,1,4,-3
213000305,0,0,0
213000306,12,9,3
213000307,0,0,0
213000308,24,78,-54
213000309,0,0,0
213000310,0,0,0
213000311,99,161,-62
213000315,9,42,-33
213000316,0,0,0
213000322,6,14,-8
213000323,0,0,0
213000324,0,41,-41
213000325,0,0,0
213000326,2,4,-2
213000327,0,0,0
213000328,1,19,-18
213000329,0,0,0
213000340,41,618,-577
213000341,0,0,0
213000346,0,0,0
213000347,0,0,0
213000348,0,44,-44
213000349,2,1,1
213000350,33,522,-489
213000366,9,106,-97
213000367,1,0,1
213000379,6,39,-33
213000386,1,95,-94
213000406,33,138,-105
213000417,44,15,29
213000425,0,0,0
213000426,0,0,0
213000427,3,59,-56
213000428,0,51,-51
213000429,0,0,0
213000430,0,44,-44
213000431,8,0,8
213000432,0,2,-2
213000433,0,25,-25
213000434,0,0,0
213000435,0,0,0
213000436,0,0,0
213000437,0,0,0
213000438,0,0,0
213000439,2,0,2
213000440,1,27,-26
213000441,0,0,0
213000442,0,1,-1
213000443,2,19,-17
213000444,2,21,-19
213000445,0,13,-13
213000446,0,0,0
213000447,0,0,0
213000448,0,0,0
213000449,0,0,0
213000450,0,0,0
213000451,0,0,0
213000452,0,0,0
213000453,18,90,-72
213000455,0,1,-1
213000456,0,13,-13
213000481,0,0,0
213000482,0,0,0
213000489,0,0,0
213000491,0,16,-16
213000492,0,0,0
213000493,0,8,-8
213000494,0,0,0
213000495,0,57,-57
213000496,0,0,0
213000497,6,130,-124
213000498,11,77,-66
213000499,19,175,-156
213000500,0,0,0
213000501,0,0,0
213000502,0,0,0
213000503,0,33,-33
213000504,22,92,-70
213000505,0,4,-4
213000506,0,6,-6
213000507,2,132,-130
213900244,0,0,0
213900245,0,17,-17
218000003,1,11,-10
218000004,1,11,-10
218000005,0,0,0
218000006,4,46,-42
218000007,0,8,-8
218000012,119,22,97
218000013,27,93,-66
218000014,232,170,62
218000019,740,250,490
218000020,227,219,8
218000021,13,89,-76
218000022,12,64,-52
218000023,2,47,-45
218000024,0,11,-11
218000025,1,33,-32
218000026,4,72,-68
218000027,0,23,-23
218000028,2,14,-12
218000029,1,12,-11
218000030,12,43,-31
218000031,2,48,-46
218000032,0,29,-29
218000040,2,0,2
218000046,19,111,-92
218000047,4,94,-90
218000048,17,133,-116
218000049,29,82,-53
218000050,64,158,-94
218000051,25,152,-127
218000052,0,22,-22
218000053,0,5,-5
218000054,1,18,-17
218000055,0,10,-10
218000056,5,13,-8
218000057,0,16,-16
218000064,0,0,0
218000065,2,1,1
218000066,0,0,0
218000067,10,60,-50
218000068,19,82,-63
218000069,51,261,-210
218000070,34,241,-207
218000071,137,178,-41
218000072,291,124,167
218000078,240,578,-338
218000079,28,59,-31
218000080,36,72,-36
218000081,95,119,-24
218000082,11,46,-35
218000083,5,49,-44
218000084,46,140,-94
218000085,106,269,-163
218000086,18,94,-76
218000087,89,125,-36
218000090,11,48,-37
218000091,219,144,75
218000092,35,155,-120
218000093,65,77,-12
218000094,209,473,-264
218000099,123,224,-101
218000100,73,146,-73
218000101,39,60,-21
218000102,60,126,-66
218000103,18,110,-92
218000104,9,29,-20
218000105,11,10,1
218000106,13,15,-2
218000107,10,139,-129
218000108,0,63,-63
218000112,15,6,9
218000117,2,0,2
218000134,175,337,-162
218000135,9,34,-25
218000136,37,21,16
218000137,24,91,-67
218000138,1,33,-32
218000139,11,162,-151
218000140,45,61,-16
218000141,5,15,-10
218000142,27,107,-80
218000143,18,72,-54
218000144,3,15,-12
218000145,47,150,-103
218000146,35,115,-80
218000151,8,17,-9
218000152,27,50,-23
218000153,3,13,-10
218000154,2,3,-1
218000155,5,3,2
218000156,72,42,30
218000157,7,35,-28
218000158,2,8,-6
218000159,12,8,4
218000160,6,5,1
218000161,16,13,3
218000162,35,17,18
218000163,3,7,-4
218000164,54,17,37
218000165,59,36,23
218000170,1,27,-26
218000171,19,6,13
218000172,2,5,-3
218000173,2,4,-2
218000174,4,3,1
218000176,45,19,26
218000177,212,37,175
218000178,58,19,39
218000179,62,13,49
218000180,51,3,48
218000181,58,2,56
218000187,2,7,-5
218000188,4,12,-8
218000189,4,15,-11
218000190,3,8,-5
218000191,46,56,-10
218000192,58,249,-191
218000193,271,215,56
218000194,19,302,-283
218000195,69,60,9
218000196,100,209,-109
218000197,60,189,-129
218000198,2,88,-86
218000199,18,13,5
218000200,6,18,-12
218000201,1,3,-2
218000202,79,42,37
218000207,3,31,-28
218000208,14,15,-1
218000211,5,17,-12
218000212,1,5,-4
218000213,41,27,14
218000214,6,7,-1
218000215,18,92,-74
218000217,4,65,-61
218000218,226,52,174
218000219,2,5,-3
218000220,55,138,-83
218000221,46,82,-36
218000222,14,30,-16
218000223,135,76,59
218000224,1,71,-70
218000225,138,43,95
218000226,52,42,10
218000230,0,2,-2
218000232,41,38,3
218000239,0,0,0
218000240,0,0,0
218000241,0,0,0
218000242,0,0,0
218000243,0,0,0
218000244,0,0,0
218000245,0,0,0
218000246,0,0,0
218000247,0,0,0
218000248,1,12,-11
218000249,0,1,-1
218000250,0,9,-9
218000251,0,6,-6
218000252,0,18,-18
218000253,0,2,-2
218000254,0,6,-6
218000255,0,2,-2
218000256,0,12,-12
218000267,259,301,-42
218000268,4,26,-22
218000269,1,12,-11
218000270,18,67,-49
218000271,47,123,-76
218000273,0,0,0
218000274,0,0,0
218000275,12,31,-19
218000276,17,70,-53
218000278,19,24,-5
218000279,13,44,-31
218000280,1,21,-20
218000281,0,11,-11
218000282,45,36,9
218000284,0,0,0
218000301,14,66,-52
218000302,6,15,-9
218000303,8,23,-15
218000316,350,323,27
218000317,183,404,-221
218000318,93,327,-234
218000319,278,784,-506
218000320,216,416,-200
218000338,4,8,-4
218000345,14,48,-34
218000346,0,0,0
218000459,39,184,-145
218000490,3,13,-10
218000501,2,1,1
218000502,6,87,-81
218000503,8,3,5
218000504,18,2,16
218000505,15,102,-87
218000506,45,76,-31
218000508,0,0,0
218000510,48,5,43
218000520,69,83,-14
218000521,0,6,-6
218000522,1,44,-43
218000523,1,0,1
218000524,5,20,-15
218000525,1,1,0
218000526,3,27,-24
218000529,3,23,-20
218000530,12,8,4
218000531,0,0,0
218000532,4,23,-19
218000534,0,0,0
218000537,0,0,0
218000538,21,26,-5
218000540,98,42,56
218000543,46,30,16
218000544,32,138,-106
218000545,16,40,-24
218000546,24,86,-62
218000547,23,41,-18
218000548,46,100,-54
218000549,46,42,4
218000550,114,296,-182
218000551,120,119,1
218000552,42,17,25
218000553,3,22,-19
218000554,2,7,-5
218000555,4,17,-13
218000556,56,209,-153
218000557,87,38,49
218000558,0,0,0
218000559,0,2,-2
218000560,0,0,0
218000561,0,0,0
218000562,10,55,-45
218000563,17,10,7
218000564,1,25,-24
218000565,9,1,8
218000566,18,1,17
218000567,0,12,-12
218000568,0,0,0
218000569,3,5,-2
218000570,2,1,1
218000571,0,11,-11
218000572,0,0,0
218000573,1,14,-13
218000574,1,8,-7
218000575,0,0,0
218000576,0,6,-6
218000577,0,0,0
218000578,0,8,-8
218000579,4,1,3
218000581,2,40,-38
218000582,2,0,2
218000583,0,0,0
218000584,0,10,-10
218000585,2,0,2
218000586,1,13,-12
218000587,0,0,0
218000588,0,1,-1
218000589,0,6,-6
218000590,0,0,0
218000591,0,8,-8
218000592,0,0,0
218000593,0,0,0
218000594,0,0,0
218000597,0,0,0
218000598,0,0,0
218000599,0,0,0
218000600,0,0,0
218000601,0,0,0
218000602,0,0,0
218000603,0,1,-1
218000604,0,0,0
218000605,0,7,-7
218000606,0,0,0
218000607,3,7,-4
218000608,1,0,1
218000609,0,19,-19
218000610,4,0,4
218000611,0,0,0
218000612,0,18,-18
218000613,2,0,2
218000614,1,14,-13
218000615,2,0,2
218000616,0,56,-56
218000617,0,0,0
218000618,0,10,-10
218000619,4,2,2
218000620,0,11,-11
218000621,0,2,-2
218000622,0,1,-1
218000623,0,0,0
218000624,1,1,0
218000625,0,0,0
218000626,0,1,-1
218000628,9,12,-3
218000631,0,0,0
218000632,0,17,-17
218000633,0,0,0
218000634,2,9,-7
218000635,3,6,-3
218000636,277,568,-291
218000637,178,225,-47
218000638,0,0,0
218000639,4,215,-211
218000640,0,0,0
218000641,5,200,-195
218000652,50,96,-46
218000653,138,117,21
218000663,0,11,-11
218000675,5,4,1
218000676,0,39,-39
218000677,8,5,3
218000680,23,59,-36
218000681,0,0,0
218000691,14,76,-62
218000693,0,0,0
218000703,9,82,-73
218000718,34,80,-46
218000719,8,12,-4
218000720,2,6,-4
218000721,2,0,2
218000725,2,14,-12
218001147,3,132,-129
218001214,3,3,0
218001258,0,0,0
218001329,0,0,0
218001330,34,11,23
218001351,0,0,0
218001352,0,1,-1
218001353,0,0,0
218001354,0,1,-1
218001355,32,226,-194
218001356,0,1,-1
218001357,0,169,-169
218001358,0,0,0
218001361,0,1,-1
218001362,4,220,-216
219000001,6,53,-47
219000002,22,78,-56
219000003,145,38,107
219000004,152,75,77
219000017,21,21,0
219000020,33,8,25
219000022,23,1,22
219000023,34,3,31
219000029,1,37,-36
219000034,0,0,0
219000039,8,26,-18
219000040,3,30,-27
219000041,31,40,-9
219000051,1,78,-77
219000052,0,24,-24
219000053,0,126,-126
219000054,19,79,-60
219000055,16,5,11
219000056,2,0,2
219000057,21,0,21
219000062,1,110,-109
219000063,44,14,30
219000064,0,10,-10
219000110,43,4,39
219000111,51,15,36
219000112,74,18,56
219000113,43,28,15
219000114,69,19,50
219000116,42,57,-15
219000117,115,100,15
219000118,57,135,-78
219000123,156,79,77
219000124,35,57,-22
219000125,6,25,-19
219000126,19,45,-26
219000127,0,11,-11
219000128,20,126,-106
219000129,25,124,-99
219000130,1484,584,900
219000131,1393,1016,377
219000133,9,54,-45
219000134,19,22,-3
219000135,121,65,56
219000136,232,183,49
219000138,7,20,-13
219000139,7,28,-21
219000140,0,0,0
219000141,3,65,-62
219000142,3,41,-38
219000143,2,57,-55
219000145,3,8,-5
219000146,10,36,-26
219000147,1,20,-19
219000148,2,11,-9
219000149,23,121,-98
219000150,4,67,-63
219000151,3,61,-58
219000157,128,56,72
219000158,49,181,-132
219000161,90,37,53
219000163,659,178,481
219000166,52,93,-41
219000167,57,168,-111
219000168,113,11,102
219000174,0,0,0
219000175,0,0,0
219000176,0,0,0
219000177,0,0,0
219000178,0,0,0
219000179,0,0,0
219000180,5,29,-24
219000182,0,0,0
219000183,0,15,-15
219000184,0,0,0
219000185,1,91,-90
219000186,0,18,-18
219000187,8,67,-59
219000189,87,130,-43
219000190,129,149,-20
219000191,871,392,479
219000192,158,313,-155
219000193,344,225,119
219000195,1,28,-27
219000196,2,41,-39
219000198,8,85,-77
219000199,20,103,-83
219000200,13,89,-76
219000201,28,83,-55
219000203,5,81,-76
219000204,14,88,-74
219000205,22,104,-82
219000207,51,123,-72
219000209,12,39,-27
219000210,17,62,-45
219000213,7,120,-113
219000239,59,80,-21
219000240,34,94,-60
219000241,17,84,-67
219000242,22,60,-38
219000243,35,163,-128
219000244,2,52,-50
219000245,8,22,-14
219000246,0,0,0
219000247,0,0,0
219000248,0,0,0
219000249,0,0,0
219000250,0,0,0
219000251,0,0,0
219000252,0,0,0
219000253,0,0,0
219000255,0,0,0
219000256,0,0,0
219000257,0,0,0
219000262,43,180,-137
219000263,25,125,-100
219000267,3,87,-84
219000268,5,8,-3
219000269,0,0,0
219000270,0,0,0
219000271,81,5,76
219000278,0,5,-5
219000279,2,9,-7
219000283,0,2,-2
219000295,8,94,-86
219000296,42,311,-269
219000297,4,94,-90
219000298,10,149,-139
219000299,0,0,0
219000300,14,225,-211
219000301,35,210,-175
219000302,8,112,-104
219000307,20,71,-51
219000308,41,55,-14
219000311,0,0,0
219000312,0,0,0
219000313,0,0,0
219000314,86,318,-232
219000315,0,0,0
219000316,0,0,0
219000317,0,0,0
219000320,0,14,-14
219000321,0,11,-11
219000323,5,46,-41
219000325,0,42,-42
219000326,37,78,-41
219000327,26,29,-3
219000328,20,24,-4
219000329,304,152,152
219000330,13,54,-41
219000331,25,38,-13
219000332,0,0,0
219000333,0,0,0
219000335,0,0,0
219000337,0,0,0
219000338,0,0,0
219000344,33,43,-10
219000345,91,111,-20
219000346,14,115,-101
219000348,46,104,-58
219000349,12,131,-119
219000350,16,51,-35
219000351,1,5,-4
219000352,82,34,48
219000353,38,66,-28
219000354,76,153,-77
219000355,33,5,28
219000356,601,345,256
219000363,187,54,133
219000364,81,49,32
219000365,71,10,61
219000366,289,149,140
219000368,158,64,94
219000370,300,132,168
219000371,6,13,-7
219000382,8,31,-23
219000383,485,312,173
219000385,414,272,142
219000386,447,545,-98
219000387,0,7,-7
219000390,0,0,0
219000391,0,0,0
219000397,58,84,-26
219000398,48,37,11
219000401,2,28,-26
219000402,5,22,-17
219000403,16,48,-32
219000404,2,15,-13
219000407,2,14,-12
219000409,0,0,0
219000410,0,0,0
219000411,0,0,0
219000446,148,297,-149
219000447,0,24,-24
219000448,0,0,0
219000452,0,0,0
219000453,26,49,-23
219000454,74,107,-33
219000556,0,0,0
219000558,56,136,-80
219000590,9,68,-59
219000591,0,0,0
219000592,59,324,-265
219000595,1,13,-12
219000635,0,0,0
219000636,8,83,-75
219000657,11,17,-6
219000658,6,22,-16
219000673,0,15,-15
219000676,3,11,-8
219000679,9,21,-12
219000684,15,0,15
219000685,0,57,-57
219000686,3,1,2
219000688,1,130,-129
219000689,67,85,-18
219000690,0,0,0
219000691,19,22,-3
219000692,0,27,-27
219000693,0,16,-16
219000694,0,0,0
219000695,0,0,0
219000698,0,0,0
219000699,0,3,-3
219000727,0,123,-123
219000728,34,2,32
219000770,0,0,0
219000771,0,17,-17
219000788,87,64,23
219001150,2,1,1
219001151,1,4,-3
219001166,0,0,0
219001167,1,38,-37
219001178,17,0,17
220000001,2,11,-9
220000002,2,50,-48
220000003,132,138,-6
220000004,188,239,-51
220000005,560,565,-5
220000006,51,304,-253
220000007,129,394,-265
220000008,105,492,-387
220000009,168,273,-105
220000010,17,33,-16
220000011,95,85,10
220000012,6,16,-10
220000014,2,6,-4
220000015,0,0,0
220000017,3,70,-67
220000018,655,76,579
220000019,11,73,-62
220000020,57,94,-37
220000021,136,84,52
220000022,178,278,-100
220000023,39,116,-77
220000024,556,227,329
220000025,198,256,-58
220000026,125,67,58
220000027,6,36,-30
220000028,11,32,-21
220000029,31,64,-33
220000030,17,45,-28
220000031,26,68,-42
220000064,0,0,0
221000046,9,2,7
221000047,0,0,0
221000048,0,0,0
221000049,0,6,-6
221000050,3,0,3
221000055,22,32,-10
221000057,13,1,12
221000068,77,28,49
221000069,36,11,25
221000070,38,4,34
221000071,1,1,0
221000072,20,2,18
221000073,12,28,-16
221000074,0,17,-17
221000075,4,20,-16
221000076,11,54,-43
221000077,9,78,-69
221000081,2,0,2
221000082,3,0,3
221000083,0,0,0
221000084,0,1,-1
221000085,4,49,-45
221000086,22,129,-107
221000087,3,104,-101
221000088,11,93,-82
221000089,35,124,-89
221000090,242,237,5
221000098,12,1,11
221000099,30,4,26
221000100,7,1,6
221000101,35,11,24
221000102,16,1,15
221000109,11,66,-55
221000110,3,117,-114
221000111,11,104,-93
221000112,2,113,-111
221000113,11,156,-145
221000114,13,166,-153
221000120,0,3,-3
221000121,0,0,0
221000122,0,0,0
221000123,1,1,0
221000124,0,34,-34
221000155,0,0,0
221000156,0,0,0
221000175,0,0,0
221000176,0,0,0
221000182,30,0,30
221000241,321,51,270
221000242,325,183,142
221000243,101,28,73
221000244,74,200,-126
221000245,13,67,-54
221000246,25,108,-83
221000247,15,50,-35
221000248,19,74,-55
221000267,1,169,-168
221000325,1,4,-3
221000331,0,7,-7
221000338,0,0,0
221000378,0,0,0
221000381,2,13,-11
222000282,0,0,0
222000296,0,3,-3
222000568,0,0,0
222000569,0,0,0
222000570,0,0,0
222000571,0,0,0
222000577,0,30,-30
222000578,0,20,-20
222000579,6,16,-10
222000580,10,68,-58
222000599,0,15,-15
222000600,1,11,-10
222000601,1,36,-35
222000603,0,0,0
222000604,0,2,-2
222000605,0,0,0
222000606,0,0,0
222000607,0,0,0
222000608,0,0,0
222000609,0,0,0
222000616,0,0,0
222000617,0,0,0
222000618,0,0,0
222000620,0,0,0
222000621,0,0,0
222000623,0,0,0
222000624,0,0,0
222000625,0,5,-5
222000636,0,0,0
222000686,0,0,0
222000687,0,0,0
222001066,0,1,-1
222001067,0,0,0
222001068,0,0,0
222001069,0,0,0
222001082,0,9,-9
222001083,0,9,-9
222001084,0,6,-6
222001085,0,24,-24
222001111,0,38,-38
222001112,0,0,0
222001313,0,0,0
222001314,0,2,-2
222001464,0,0,0
222001465,0,0,0
222001484,0,0,0
222001485,0,0,0
222001494,0,0,0
222001495,0,0,0
222001496,0,0,0
222001497,0,0,0
222001502,14,108,-94
222001503,0,0,0
222001504,3,125,-122
222001505,0,0,0
222001506,7,155,-148
222001507,0,0,0
222001510,0,0,0
222001511,10,132,-122
222001514,0,0,0
222001515,47,253,-206
222001518,0,0,0
222001519,11,146,-135
222001527,0,0,0
222001528,28,68,-40
222001529,0,0,0
222001530,11,53,-42
222001533,79,275,-196
222001534,0,0,0
222001535,0,0,0
222001536,0,0,0
222001537,0,0,0
222001538,21,162,-141
222001563,0,0,0
222001564,17,326,-309
222001568,0,19,-19
222001576,0,0,0
222001579,0,0,0
222001583,0,0,0
222001584,0,0,0
222001596,22,376,-354
222001597,0,0,0
222001626,0,10,-10
222001650,0,16,-16
222001651,0,1,-1
222001914,0,0,0
222001915,21,63,-42
222001968,0,0,0
222001969,0,0,0
222001970,0,0,0
222001971,0,0,0
222001972,0,10,-10
225000001,16,0,16
225000002,15,1,14
225000003,25,0,25
225000004,17,12,5
225000005,1,5,-4
225000006,0,71,-71
225000007,1690,330,1360
225000010,51,0,51
225000011,0,0,0
225000012,0,0,0
225000013,0,0,0
225000014,0,0,0
225000015,34,108,-74
225000021,0,0,0
225000027,81,291,-210
225000032,0,0,0
225000042,21,403,-382
225000049,18,35,-17
225000050,13,5,8
225000053,0,51,-51
225000058,0,0,0
225000067,32,141,-109
225000068,36,300,-264
225000069,32,273,-241
225000070,55,257,-202
225000071,17,178,-161
225000075,16,406,-390
225000076,33,53,-20
225000078,0,0,0
225000085,0,0,0
225000086,0,0,0
225000087,0,0,0
225000088,3,61,-58
225000089,529,240,289
225000090,12,149,-137
225000091,13,133,-120
225000092,6,51,-45
225000093,48,246,-198
225000094,8,269,-261
225000095,179,371,-192
225000096,49,227,-178
225000098,30,5,25
225000099,14,1,13
225000100,16,1,15
225000104,14,231,-217
225000110,5,187,-182
225000111,52,527,-475
225000112,60,521,-461
225000113,31,289,-258
225000114,15,137,-122
225000115,1383,158,1225
225000116,0,0,0
225000117,0,0,0
225000118,0,0,0
225000119,0,0,0
225000120,0,0,0
225000121,0,0,0
225000123,0,0,0
225000125,17,36,-19
225000126,193,12,181
225000127,284,25,259
225000128,12,5,7
225000132,49,10,39
225000133,36,19,17
225000134,176,13,163
225000135,35,6,29
225000136,39,5,34
225000137,15,6,9
225000138,81,3,78
225000143,44,74,-30
225000144,2,161,-159
225000145,0,0,0
225000146,3,67,-64
225000147,5,156,-151
225000148,3,94,-91
225000149,56,199,-143
225000151,32,71,-39
225000155,84,141,-57
225000156,30,172,-142
225000157,41,131,-90
225000158,18,212,-194
225000171,2,73,-71
225000180,8,1,7
225000181,0,12,-12
225000182,0,0,0
225000185,5,121,-116
225000187,23,178,-155
225000191,0,1,-1
225000194,0,21,-21
225000208,0,21,-21
225000209,0,0,0
225000210,2,47,-45
225000217,2,19,-17
225000218,0,0,0
225000223,1,27,-26
225000224,0,0,0
225000225,0,6,-6
225000226,0,0,0
225000227,33,40,-7
225000228,0,0,0
225000229,0,42,-42
225000230,0,0,0
225000231,0,64,-64
225000232,0,0,0
225000241,0,0,0
225000242,1,29,-28
225000249,0,1,-1
225000250,33,285,-252
225000251,92,6,86
225000256,0,0,0
225000257,0,0,0
226000042,87,165,-78
226000043,10,110,-100
226000044,37,383,-346
226000045,29,298,-269
226000046,57,16,41
226000047,82,23,59
226000048,93,27,66
226000049,64,32,32
226000070,1,37,-36
226000071,0,25,-25
226000072,0,4,-4
226000073,0,4,-4
226000074,0,3,-3
226000084,2,27,-25
226000085,0,2,-2
226000086,1,9,-8
226000087,0,6,-6
226000088,1,5,-4
226000090,5,1,4
226000091,1,0,1
226000092,0,0,0
226000093,1,0,1
226000094,3,0,3
226000095,5,1,4
226000105,0,0,0
226000106,1,0,1
226000107,0,0,0
226000108,3,0,3
226000109,8,1,7
226000124,65,15,50
226000134,152,87,65
226000135,258,188,70
226000136,69,86,-17
226000137,3,188,-185
226000138,6,107,-101
226000139,0,13,-13
226000156,8,0,8
226000157,32,1,31
226000163,8,31,-23
226000202,4,176,-172
226000231,28,2,26
226000232,3,1,2
227000033,0,0,0
227000036,0,0,0
227000037,0,0,0
227000038,0,0,0
227000084,1,27,-26
227000085,0,21,-21
227000088,0,0,0
227000089,0,0,0
227000090,0,0,0
227000091,0,0,0
227000092,0,0,0
227000093,0,0,0
227000094,0,0,0
227000130,5,55,-50
227000131,2,195,-193
227000132,2,184,-182
227000133,5,195,-190
227000134,11,245,-234
227000152,0,0,0
227000153,0,21,-21
227000154,1,16,-15
227000155,0,14,-14
227000156,0,13,-13
227000165,1,21,-20
227000196,24,124,-100
227000199,9,226,-217
227000230,28,228,-200
227000232,0,0,0
227000242,53,271,-218
227000243,0,0,0
227000245,29,341,-312
227000246,36,400,-364
227000247,0,0,0
227000248,0,0,0
227000249,24,247,-223
227000250,12,2,10
227000251,130,303,-173
227000252,28,381,-353
227000253,0,0,0
227000262,0,0,0
227000266,0,0,0
227000267,27,876,-849
227000282,31,106,-75
227000284,0,0,0
227000286,22,52,-30
227000287,20,68,-48
227000291,43,255,-212
227000484,0,0,0
227000485,27,387,-360
227000655,0,0,0
227000656,0,0,0
227000657,0,0,0
227000661,0,0,0
227000680,0,0,0
229000265,1,16,-15
229000296,2,3,-1
229000297,0,4,-4
229000298,9,31,-22
229000320,0,0,0
229000321,1,5,-4
229000412,2,12,-10
229000414,0,12,-12
229000415,0,0,0
229000416,0,2,-2
229000417,0,1,-1
229000419,13,69,-56
229000440,41,6,35
229000442,0,0,0
229000443,0,0,0
229000444,0,8,-8
229000445,0,0,0
229000446,0,3,-3
229000491,4,22,-18
229000492,7,78,-71
229000493,1,51,-50
229000494,20,33,-13
229000495,111,83,28
229000496,12,85,-73
229000507,0,12,-12
229000508,2,10,-8
229000509,0,20,-20
229000510,5,21,-16
229000511,12,34,-22
229000512,0,26,-26
229000513,0,5,-5
229000514,0,6,-6
229000517,0,6,-6
229000518,4,34,-30
229000519,0,8,-8
229000520,2,22,-20
229000521,18,34,-16
229000522,4,13,-9
229000523,4,19,-15
229000524,0,24,-24
229000527,3,7,-4
229000528,0,0,0
229000529,6,0,6
229000530,34,32,2
229000531,18,34,-16
229000532,21,20,1
229000533,156,66,90
229000534,54,34,20
229000564,48,9,39
229000565,11,20,-9
229000566,1,13,-12
229000567,0,64,-64
229000582,229,13,216
229000583,6,4,2
229000584,0,30,-30
229000585,7,38,-31
229000718,0,0,0
229000719,0,0,0
229000720,0,17,-17
229000721,0,13,-13
229000722,0,30,-30
229000723,0,11,-11
229000724,0,2,-2
229000725,0,13,-13
229000738,3,3,0
229000739,2,1,1
229000740,1,0,1
229000741,41,3,38
229000742,11,1,10
229000743,63,2,61
229000744,6,1,5
229000745,6,0,6
229000746,70,0,70
229000847,35,0,35
229000848,43,2,41
229000849,283,2,281
229000851,23,0,23
229000854,0,30,-30
229000856,2,56,-54
229000857,0,28,-28
229000858,1,81,-80
229000919,3,64,-61
229000930,4,95,-91
229000937,208,32,176
229000966,66,19,47
229000981,7,28,-21
229000985,0,5,-5
229000986,0,2,-2
229000987,0,1,-1
229000988,0,3,-3
229000989,0,1,-1
229000990,0,0,0
229000991,0,0,0
229000992,0,0,0
229000993,12,0,12
229000998,12,5,7
229000999,1,0,1
229001034,0,9,-9
229001035,0,1,-1
229001037,4,16,-12
229001042,3,1,2
229001047,0,5,-5
229001050,5,25,-20
229001168,0,9,-9
229001200,1,0,1
229001338,0,15,-15
229001394,229,7,222
229001422,273,27,246
229001423,13,107,-94
229001431,203,47,156
229001432,17,53,-36
229001444,6,4,2
229001445,9,80,-71
229001479,9,12,-3
229001503,208,72,136
229001504,31,75,-44
229001505,345,58,287
229001506,32,125,-93
229001509,5,16,-11
229001545,81,14,67
229001546,4,46,-42
229001553,54,8,46
229001554,2,74,-72
229001559,0,1,-1
229001560,0,0,0
229001630,7,1,6
229001631,1,4,-3
229001635,0,2,-2
229001636,0,0,0
229001658,3,35,-32
229001659,126,3,123
229001660,0,1,-1
229001661,0,8,-8
229001662,12,0,12
229001663,0,5,-5
229002584,21,14,7
229002831,34,36,-2
229002841,0,12,-12
229002842,0,1,-1
229002843,3,1,2
229002844,4,25,-21
229002845,2,36,-34
229002846,0,6,-6
229002847,1,1,0
229002848,0,0,0
229002849,0,17,-17
229002850,0,0,0
229002851,2,20,-18
229002852,5,6,-1
229002853,3,6,-3
229002854,0,21,-21
229002855,2,13,-11
229002856,0,1,-1
229002857,3,31,-28
229002858,0,1,-1
229002859,3,10,-7
229002860,3,3,0
229002861,1,7,-6
229002862,0,5,-5
229002863,1,16,-15
229002864,0,2,-2
229002865,0,6,-6
229002866,1,5,-4
229002867,0,5,-5
229002868,0,0,0
229002869,1,20,-19
229002870,0,1,-1
235000066,0,0,0
235000067,0,0,0
235000072,12,44,-32
235000073,36,205,-169
235000074,17,65,-48
235000080,1,36,-35
235000081,33,75,-42
235000082,0,0,0
235000083,0,0,0
235000084,0,0,0
235000085,0,0,0
235000089,0,0,0
235000092,7,107,-100
235000093,2,1,1
235000097,0,0,0
235000098,0,0,0
235000099,0,0,0
235000116,0,0,0
235000117,0,0,0
235000133,4,113,-109
235000134,3,46,-43
235000206,0,0,0
235000207,0,0,0
235000208,0,0,0
235000209,0,0,0
235000210,0,0,0
235000212,1,5,-4
235000213,0,2,-2
235000220,0,1,-1
235000221,16,8,8
235000238,0,0,0
235000239,0,0,0
235000242,15,3,12
235000245,446,166,280
235000246,5,45,-40
235000284,0,19,-19
235000295,0,0,0
235000305,0,0,0
235000306,0,0,0
235000307,0,0,0
235000308,0,0,0
235000309,0,0,0
235000310,0,0,0
235000311,0,3,-3
235000322,0,8,-8
235000323,0,23,-23
235000324,0,4,-4
235000325,0,2,-2
235000326,7,90,-83
235000351,0,18,-18
235000352,4,21,-17
235000353,1,13,-12
235000354,0,10,-10
235000355,1,26,-25
235000356,0,0,0
235000357,0,0,0
235000358,0,0,0
235000359,0,0,0
235000360,0,0,0
235000361,0,0,0
235000381,13,148,-135
235000382,0,0,0
235000390,0,0,0
235000391,0,0,0
235000392,0,0,0
235000393,0,0,0
235000395,0,0,0
235000396,0,0,0
235000400,0,0,0
235000401,7,103,-96
235000405,44,212,-168
235000406,7,130,-123
235000407,30,61,-31
235000409,88,94,-6
235000410,7,104,-97
235000411,0,45,-45
235000485,0,11,-11
235000486,0,0,0
235000549,0,0,0
235000550,49,122,-73
235000599,56,58,-2
235000600,5,8,-3
235000601,0,0,0
235000602,0,0,0
235000614,0,1,-1
235000648,0,47,-47
235000649,0,0,0
235000685,0,0,0
235000815,0,26,-26
235000834,0,1,-1
235000855,0,0,0
235000862,6,85,-79
235000891,0,6,-6
235000892,0,1,-1
235000901,76,67,9
235000907,0,4,-4
235001010,0,0,0
235001029,415,193,222
235001030,0,0,0
235001078,0,0,0
235001079,17,55,-38
235001147,0,0,0
235001166,0,0,0
235001167,5,52,-47
235001169,0,102,-102
235001188,0,2,-2
235001189,0,0,0
235001197,3,11,-8
235001200,11,37,-26
235001207,0,0,0
235001210,10,53,-43
235001215,15,58,-43
235001239,0,36,-36
235001244,0,0,0
235016267,0,6,-6
277101746,0,46,-46
277102712,0,0,0
277103813,1,0,1
277103898,0,1,-1
277104249,0,3,-3
277104250,0,0,0
277104251,0,4,-4
277104252,0,0,0
990011530,0,133,-133
990014944,2,222,-220
990015176,0,0,0
990015618,1,48,-47
990016032,0,107,-107
990032570,3,16,-13
990070001,0,1,-1
990070103,0,4,-4
990070601,0,9,-9
990070751,0,0,0
990070766,1,120,-119
990071180,0,54,-54
990071343,0,0,0
990071387,0,4,-4
990071823,0,0,0
990072600,2,240,-238
990072964,0,166,-166
990073285,0,3,-3
990074393,1,233,-232
990074870,0,1,-1
990075106,0,0,0
990075746,5,5,0
990076437,0,1,-1
990076458,0,433,-433
997000007,0,10,-10
997000041,1,80,-79
997000058,0,0,0
997000062,0,0,0
997000069,0,5,-5
997000070,0,44,-44
997000100,0,0,0
997000141,0,0,0
997000198,0,0,0
998000475,0,13,-13
998000736,2,57,-55
998000965,0,0,0
998001031,0,28,-28
998001700,0,16,-16
998001899,0,0,0
998001900,13,0,13
998003073,0,0,0
998101900,0,0,0
998102850,0,3,-3
998501927,0,119,-119
998501929,14,1,13
998501930,11,0,11
998501931,2,2,0
998501932,2,0,2
998501933,0,0,0
998501937,0,0,0
998501944,0,1,-1
998501950,0,37,-37
998501970,0,3,-3
998501971,1,69,-68
998501973,0,20,-20
998501974,0,103,-103
998501975,0,0,0
998501976,1,0,1
998501977,0,10,-10
998501978,0,2,-2
998501979,0,13,-13
998501980,0,0,0
998501981,0,1,-1
998501982,1,72,-71
998501983,0,13,-13
998502006,0,0,0
998502024,0,0,0
998502032,0,0,0
998502062,0,0,0
998502063,0,0,0
998502173,0,0,0
998502269,0,1,-1
998502546,0,18,-18
998502578,0,0,0
998502599,0,7,-7
998601159,0,52,-52
998601292,0,3,-3
999033574,1,266,-265
999800001,0,0,0
999800002,0,0,0
999800003,0,1,-1
999800004,0,6,-6
999800005,0,9,-9
