ID,insum,outsum,diff
100000001,550,799,-249
100000002,1874,558,1316
100000003,4570,2285,2285
100000004,1417,778,639
100000005,1477,3470,-1993
100000006,344,98,246
100000007,1434,483,951
100000008,201,624,-423
100000009,296,141,155
100000010,64,35,29
100000011,643,75,568
100000012,97,1004,-907
100000013,41,209,-168
100000014,351,310,41
100000015,1520,1455,65
100000016,1246,1640,-394
100000017,753,957,-204
100000018,1449,490,959
100000019,5187,1881,3306
100000020,1545,3696,-2151
100000021,6543,2541,4002
100000022,1798,912,886
100000023,6222,1024,5198
100000025,2497,568,1929
100000028,1884,843,1041
100000029,296,166,130
100000030,540,58,482
100000031,5111,4923,188
100000032,2351,2833,-482
100000033,737,1987,-1250
100000034,695,284,411
100000035,1901,843,1058
100000036,2656,913,1743
100000037,468,427,41
100000038,1430,872,558
100000039,720,167,553
100000040,132,138,-6
100000041,669,343,326
100000042,673,342,331
100000043,1016,380,636
100000044,438,870,-432
100000045,611,1597,-986
100000046,874,1473,-599
100000047,363,771,-408
100000048,517,635,-118
100000049,1771,2919,-1148
100000051,574,1233,-659
100000053,67,2,65
100000054,236,29,207
100000055,735,211,524
100000056,333,675,-342
100000057,1487,886,601
100000058,742,1553,-811
100000059,4,117,-113
100000060,325,324,1
100000061,1740,490,1250
100000062,1362,496,866
100000063,439,229,210
100000064,1017,418,599
100000065,399,1200,-801
100000066,263,1111,-848
100000067,359,1025,-666
100000068,470,1990,-1520
100000069,350,2117,-1767
100000072,496,972,-476
100000073,1001,1419,-418
100000075,632,395,237
100000076,2218,1755,463
100000077,609,143,466
100000078,63,32,31
100000079,36,40,-4
100000080,31,23,8
100000081,92,58,34
100000102,3795,1057,2738
100000103,3859,720,3139
100000104,4861,1454,3407
100000105,3256,785,2471
100000106,2398,1363,1035
100000107,798,453,345
100000108,1071,1137,-66
100000109,4226,1189,3037
100000116,1408,629,779
100000117,41,50,-9
100000118,1126,801,325
100000119,717,459,258
100000121,203,579,-376
100000122,1502,805,697
100000123,2978,4968,-1990
100000124,5080,7527,-2447
100000125,2693,862,1831
100000126,755,284,471
100000127,2060,326,1734
100000128,957,1121,-164
100000129,471,308,163
100000130,358,648,-290
100000131,2804,3110,-306
100000132,1147,2293,-1146
100000133,6571,2915,3656
100000135,432,700,-268
100000139,331,236,95
100000140,322,220,102
100000142,291,529,-238
100000143,1779,816,963
100000144,4912,978,3934
100000147,1023,2144,-1121
100000150,21,577,-556
100000151,688,567,121
100000153,474,187,287
100000154,141,66,75
100000155,15,46,-31
100000156,89,77,12
100000157,36,327,-291
100000158,115,164,-49
100000159,647,366,281
100000165,1354,712,642
100000169,820,444,376
100000174,1693,511,1182
100000179,81,466,-385
100000180,1523,1373,150
100000181,130,315,-185
100000188,89,508,-419
100000189,710,300,410
100000190,621,398,223
100000191,620,386,234
100000192,49,102,-53
100000193,98,167,-69
100000330,1850,583,1267
100000355,192,523,-331
100000362,5447,3575,1872
100000363,2331,3599,-1268
100000364,490,138,352
100000365,3413,8598,-5185
100000366,5255,2379,2876
100000367,3132,4201,-1069
100000368,1862,1707,155
100000369,1069,1344,-275
100000370,124,396,-272
100000376,80,92,-12
100000379,3222,1156,2066
100000380,4537,1778,2759
100000384,5042,2769,2273
100000385,5478,2890,2588
100000386,8728,3684,5044
100000387,7307,3659,3648
100000388,8630,4832,3798
100000389,8340,4848,3492
100000390,9089,3512,5577
100000391,6588,4917,1671
100000392,4915,1517,3398
100000393,2419,1857,562
100000394,8404,3683,4721
100000395,4639,1494,3145
100000396,6355,1885,4470
100000397,3361,1791,1570
100000398,11115,7460,3655
100000413,14,8,6
100900002,1,90,-89
100900003,199,66,133
100900004,29,641,-612
100900005,88,16,72
100900006,18,278,-260
100900007,589,2,587
100900008,7,448,-441
100900009,34,49,-15
100900010,43,184,-141
100900011,53,367,-314
100900012,1,225,-224
100900013,417,6,411
100900014,1,18,-17
100900015,111,131,-20
100900016,3,54,-51
100900017,470,52,418
100900018,0,18,-18
100900019,21,92,-71
100900020,283,4,279
100900021,294,1,293
100900022,5,9,-4
100900023,0,17,-17
100900024,788,5,783
100900025,15,11,4
100900026,73,123,-50
100900027,405,1985,-1580
100900028,96,161,-65
100900029,91,23,68
100900030,0,13,-13
100900031,301,79,222
100900032,168,0,168
100900033,187,152,35
100900034,275,1,274
100900035,455,1,454
100900036,16,1,15
100900037,72,319,-247
100900038,102,7,95
100900039,391,836,-445
100900040,223,874,-651
100900041,347,1155,-808
100900042,538,209,329
100900043,1,24,-23
100900044,2692,341,2351
100900045,41,0,41
100900046,745,7,738
100900047,722,118,604
100900048,138,15,123
100900049,75,204,-129
100900050,0,15,-15
100900051,64,29,35
100900052,179,19,160
100900053,270,28,242
100900054,6,119,-113
100900055,168,355,-187
100900056,68,214,-146
100900057,414,807,-393
100900058,254,25,229
100900059,92,2,90
100900060,115,25,90
100900061,384,257,127
100900062,0,63,-63
100900063,116,392,-276
100900064,408,6,402
100900065,103,49,54
100900066,51,80,-29
100900067,2,12,-10
100900068,72,140,-68
100900069,393,0,393
100900070,183,4,179
100900071,676,303,373
100900072,1,43,-42
100900073,72,603,-531
100900074,3,6,-3
100900075,1963,328,1635
100900076,24,65,-41
100900077,10,158,-148
100900078,54,282,-228
100900079,3,37,-34
100900080,9,216,-207
100900081,19,101,-82
100900082,72,972,-900
100900083,2,28,-26
100900085,3,50,-47
100900086,130,503,-373
100900088,62,835,-773
100900089,2,26,-24
100900090,82,445,-363
100900091,0,22,-22
100900092,191,134,57
100900093,206,160,46
100900094,78,770,-692
100900095,2,30,-28
100900096,30,96,-66
100900097,1,4,-3
100900098,21,16,5
100900099,44,750,-706
100900100,14,346,-332
100900101,340,44,296
100900102,40,48,-8
100900103,3,15,-12
100900104,6,204,-198
100900105,6,123,-117
100900106,62,5,57
100900107,1846,504,1342
100900108,6,5,1
100900109,3,36,-33
100900110,6,58,-52
100900111,38,230,-192
100900112,1,9,-8
100900113,12,29,-17
100900114,8,15,-7
100900115,0,22,-22
100900116,636,572,64
100900117,222,679,-457
100900118,7,49,-42
100900119,4,26,-22
100900120,5,6,-1
100900121,219,420,-201
100900122,160,180,-20
100900123,53,107,-54
100900124,6,5,1
100900125,18,92,-74
100900126,62,235,-173
100900127,3,13,-10
100900128,66,134,-68
100900129,3,113,-110
100900131,76,182,-106
100900133,33,36,-3
100900134,2,2,0
100900135,0,114,-114
100900137,394,171,223
100900138,445,325,120
100900139,6,3,3
100900140,4,910,-906
100900141,3,446,-443
100900142,1,5,-4
100900143,834,342,492
100900144,16,5,11
100900145,62,134,-72
100900146,11,24,-13
100900147,6,241,-235
100900148,36,1256,-1220
100900149,12,66,-54
100900150,3,22,-19
100900151,119,538,-419
100900152,120,4,116
100900153,3,126,-123
100900154,2,16,-14
100900155,5,6,-1
100900156,15,0,15
100900157,1,118,-117
100900159,2,26,-24
100900160,13,17,-4
100900161,121,1,120
100900162,9,149,-140
100900163,164,229,-65
100900164,27,42,-15
100900165,19,62,-43
100900166,23,1,22
100900167,5,120,-115
100900168,34,146,-112
100900169,192,922,-730
100900170,28,20,8
100900171,29,649,-620
100900172,0,15,-15
100900173,10,741,-731
100900174,323,43,280
100900176,1361,107,1254
100900177,883,288,595
100900178,302,121,181
100900179,97,68,29
100900180,5,3,2
100900181,121,34,87
100900182,15,13,2
100900184,10,132,-122
100900186,1066,639,427
100900187,11,153,-142
100900188,38,21,17
100900189,728,134,594
100900191,1354,643,711
100900192,376,159,217
100900195,94,91,3
100900197,37,184,-147
100900198,10,356,-346
100900199,15,25,-10
100900200,506,390,116
100900201,27,688,-661
100900202,23,1,22
100900203,0,80,-80
100900204,141,159,-18
100900205,93,343,-250
100900206,134,34,100
100900207,116,84,32
100900210,103,845,-742
100900211,306,91,215
100900213,59,36,23
100900214,1081,116,965
100900215,7,47,-40
100900217,180,39,141
101000001,4030,1869,2161
101000002,3676,4331,-655
101000003,863,1515,-652
101000004,8695,7033,1662
101000005,4578,4271,307
101000006,7217,6463,754
101000007,2120,2487,-367
101000008,4314,2472,1842
101000009,1673,2213,-540
101000010,859,1725,-866
101000011,2242,721,1521
101000012,2252,572,1680
101000013,405,865,-460
101000014,589,704,-115
101000015,839,799,40
101000016,570,394,176
101000017,595,541,54
101000018,4265,2523,1742
101000020,4272,922,3350
101000021,1574,235,1339
101000022,259,57,202
101000023,1598,624,974
101000025,158,269,-111
101000026,487,25,462
101000027,1774,1142,632
101000028,1012,135,877
101000029,84,660,-576
101000030,1106,52,1054
101000031,427,109,318
101000032,5822,1700,4122
101000033,2551,1875,676
101000034,2941,1033,1908
101000035,1230,300,930
101000036,1834,346,1488
101000037,4717,1064,3653
101000039,3207,1474,1733
101000040,4139,3176,963
101000041,11675,3866,7809
101000042,774,488,286
101000043,8238,3166,5072
101000045,1650,429,1221
101000046,2042,515,1527
101000047,1188,979,209
101000048,872,766,106
101000049,892,879,13
101000050,1881,867,1014
101000051,2339,1155,1184
101000052,1781,547,1234
101000053,1114,1197,-83
101000054,1607,1065,542
101000055,1209,1128,81
101000056,68,85,-17
101000057,2500,575,1925
101000058,1922,802,1120
101000059,4151,1530,2621
101000060,1939,338,1601
101000061,1231,1063,168
101000062,1225,542,683
101000063,686,645,41
101000064,1610,396,1214
101000065,261,234,27
101000066,501,252,249
101000067,1080,405,675
101000068,402,216,186
101000069,462,56,406
101000070,1471,997,474
101000071,1828,823,1005
101000072,946,3424,-2478
101000073,631,521,110
101000074,4375,3226,1149
101000075,5272,3560,1712
101000077,906,1909,-1003
101000078,967,1883,-916
101000079,412,937,-525
101000080,504,532,-28
101000081,1162,1612,-450
101000082,3831,2923,908
101000083,2033,1837,196
101000084,1411,1176,235
101000085,1628,1085,543
101000086,1251,1446,-195
101000087,1029,1534,-505
101000088,1005,1113,-108
101000089,811,1537,-726
101000090,2514,1767,747
101000091,302,1947,-1645
101000092,640,1078,-438
101000093,1372,889,483
101000094,696,1485,-789
101000095,280,910,-630
101000096,244,644,-400
101000097,367,261,106
101000098,529,513,16
101000099,941,1385,-444
101000100,911,544,367
101000101,432,311,121
101000102,1322,248,1074
101000103,843,343,500
101000104,411,425,-14
101000105,1185,260,925
101000106,844,424,420
101000107,150,422,-272
101000108,1613,333,1280
101000109,191,86,105
101000110,35,920,-885
101000111,77,235,-158
101000113,106,463,-357
101000114,3483,1380,2103
101000115,110,176,-66
101000116,212,189,23
101000117,803,304,499
101000119,128,46,82
101000120,206,17,189
101000121,87,21,66
101000122,137,22,115
101000123,69,50,19
101000124,166,209,-43
101000125,214,552,-338
101000128,816,298,518
101000130,222,304,-82
101000131,453,745,-292
101000132,447,2177,-1730
101000135,125,22,103
101000136,279,105,174
101000137,20,249,-229
101000141,2018,1740,278
101000147,892,599,293
101000148,2322,34,2288
101000149,140,106,34
101000150,52,1332,-1280
101000151,138,66,72
101000152,397,258,139
101000153,621,476,145
101000154,123,2059,-1936
101000155,131,208,-77
101000156,13,277,-264
101000157,72,26,46
101000160,61,43,18
101000163,204,93,111
101000164,501,454,47
101000165,221,490,-269
101000166,259,390,-131
101000168,655,300,355
101000252,1269,1033,236
101000254,453,47,406
101000258,48,39,9
101000261,62,259,-197
101000262,803,873,-70
101000263,176,507,-331
101000265,71,516,-445
101000266,334,264,70
101000269,119,14,105
101000290,1684,2130,-446
101000293,17,81,-64
101000294,474,435,39
101000295,134,529,-395
101000301,794,212,582
101000304,1899,2565,-666
101000305,2218,1612,606
101000328,77,359,-282
101900001,18,107,-89
101900002,0,19,-19
101900003,115,91,24
101900004,3,27,-24
101900005,6364,1389,4975
101900006,831,34,797
101900007,583,48,535
101900008,184,237,-53
101900009,45,427,-382
101900010,1299,658,641
101900011,368,1277,-909
101900012,125,335,-210
101900013,1450,141,1309
101900017,25,148,-123
101900018,2109,180,1929
101900019,373,118,255
101900020,48,72,-24
101900021,0,44,-44
101900022,77,1551,-1474
101900023,30,258,-228
101900026,84,38,46
101900027,4,98,-94
102000001,2684,3736,-1052
102000002,2781,1613,1168
102000003,3241,4693,-1452
102000004,7636,2946,4690
102000005,1517,2178,-661
102000006,1614,1903,-289
102000007,1391,4046,-2655
102000008,5297,2059,3238
102000009,4692,7228,-2536
102000010,5121,4075,1046
102000011,2463,2181,282
102000012,3384,3513,-129
102000018,3632,2787,845
102000019,2913,1682,1231
102000026,259,886,-627
102000029,390,261,129
102000030,76,316,-240
102000031,26,244,-218
102000032,288,475,-187
102000033,141,514,-373
102000034,494,590,-96
102000035,989,660,329
102000036,9,526,-517
102000037,144,118,26
102000038,351,143,208
102000039,438,68,370
102000040,824,112,712
102000041,309,320,-11
102000042,319,153,166
102000043,489,216,273
102000044,760,757,3
102000045,679,1305,-626
102000046,1011,543,468
102000047,538,1514,-976
102000048,212,958,-746
102000049,1157,800,357
102000050,1221,1232,-11
102000051,447,669,-222
102000052,1483,947,536
102000053,997,960,37
102000054,327,911,-584
102000055,700,1438,-738
102000056,554,1682,-1128
102000057,1030,515,515
102000058,916,2412,-1496
102000059,1023,1570,-547
102000060,1034,1025,9
102000061,1049,2909,-1860
102000062,1091,1425,-334
102000063,1364,1658,-294
102000064,542,666,-124
102000065,40,142,-102
102000066,904,1700,-796
102000067,2212,3009,-797
102000068,11515,3554,7961
102000069,32,2407,-2375
102000070,2021,75,1946
102000071,7982,9864,-1882
102000072,3076,6701,-3625
102000073,735,1341,-606
102000074,581,981,-400
102000075,170,374,-204
102000076,145,533,-388
102000077,310,1594,-1284
102000078,554,1112,-558
102000079,156,356,-200
102000080,232,268,-36
102000081,202,880,-678
102000082,707,318,389
102000083,365,563,-198
102000084,140,490,-350
102000085,1653,1440,213
102000086,901,1186,-285
102000087,746,2053,-1307
102000088,190,313,-123
102000089,781,554,227
102000090,439,1234,-795
102000091,1244,448,796
102000092,335,789,-454
102000093,651,740,-89
102000094,845,477,368
102000095,834,834,0
102000096,691,630,61
102000097,694,777,-83
102000098,469,696,-227
102000099,788,466,322
102000100,860,829,31
102000101,1070,395,675
102000102,310,3111,-2801
102000103,1238,296,942
102000104,1163,375,788
102000105,262,1048,-786
102000106,478,1106,-628
102000107,781,710,71
102000108,463,392,71
102000109,285,709,-424
102000110,513,2132,-1619
102000111,8,448,-440
102000112,162,66,96
102000113,12,42,-30
102000114,1385,523,862
102000115,215,168,47
102000116,634,317,317
102000117,323,518,-195
102000118,1864,1065,799
102000119,2918,630,2288
102000120,146,656,-510
102000121,847,616,231
102000122,395,899,-504
102000123,1558,930,628
102000124,1072,1046,26
102000125,895,926,-31
102000126,567,715,-148
102000127,894,772,122
102000128,538,1176,-638
102000129,908,1032,-124
102000130,359,784,-425
102000131,1177,705,472
102000132,377,705,-328
102000133,1040,2630,-1590
102000134,432,792,-360
102000135,1064,1234,-170
102000136,1231,633,598
102000137,927,849,78
102000138,195,418,-223
102000139,66,327,-261
102000140,293,239,54
102000141,116,504,-388
102000142,183,468,-285
102000143,89,607,-518
102000144,139,527,-388
102000145,233,490,-257
102000146,244,314,-70
102000147,315,353,-38
102000148,259,314,-55
102000149,168,792,-624
102000150,148,363,-215
102000151,151,482,-331
102000152,110,219,-109
102000153,978,370,608
102000154,573,769,-196
102000155,71,292,-221
102000156,475,55,420
102000157,241,152,89
102000158,681,391,290
102000159,1918,346,1572
102000161,4674,1708,2966
102000162,167,179,-12
102000163,80,426,-346
102000164,1060,725,335
102000165,229,123,106
102000166,23,100,-77
102000167,161,176,-15
102000168,174,110,64
102000169,78,603,-525
102000170,751,135,616
102000171,170,85,85
102000172,75,249,-174
102000173,506,240,266
102000174,30,51,-21
102000175,143,195,-52
102000176,24,40,-16
102000178,235,705,-470
102000179,296,282,14
102000180,502,803,-301
102000181,413,796,-383
102000182,408,845,-437
102000183,1173,2484,-1311
102000184,1242,995,247
102000185,1407,2085,-678
102000186,839,2222,-1383
102000187,512,1947,-1435
102000188,623,1543,-920
102000189,2839,931,1908
102000190,476,1900,-1424
102000191,1298,634,664
102000192,906,1229,-323
102000193,66,220,-154
102000194,71,167,-96
102000195,448,683,-235
102000196,145,774,-629
102000197,394,630,-236
102000198,161,1178,-1017
102000199,510,466,44
102000200,279,1719,-1440
102000201,519,594,-75
102000202,4,175,-171
102000203,245,383,-138
102000204,255,1210,-955
102000205,823,699,124
102000206,665,817,-152
102000207,929,478,451
102000208,441,629,-188
102000209,40,61,-21
102000210,272,664,-392
102000211,444,632,-188
102000212,170,6,164
102000213,1,532,-531
102000214,137,15,122
102000215,5,760,-755
102000216,48,58,-10
102000217,12,233,-221
102000218,173,102,71
102000219,582,460,122
102000225,807,903,-96
102000226,2499,1066,1433
102000227,165,4,161
102000228,2,155,-153
102000229,15,24,-9
102000230,258,842,-584
102000231,285,477,-192
102000232,14,317,-303
102000233,361,837,-476
102000234,101,1216,-1115
102000236,235,102,133
102000237,769,211,558
102000238,157,409,-252
102000240,627,497,130
102000241,170,132,38
102000243,14,69,-55
102000245,36,75,-39
102000246,34,41,-7
102000247,1437,1135,302
102000248,731,846,-115
102000249,91,189,-98
102000250,72,590,-518
102000254,63,454,-391
102000266,57,192,-135
102000271,37,1,36
102000286,495,413,82
102000297,1695,1080,615
102000299,0,0,0
102000301,0,0,0
102000303,0,0,0
102000305,0,0,0
102000307,0,7,-7
102900001,920,1234,-314
102900002,269,21,248
102900003,41,364,-323
102900005,247,381,-134
102900006,472,266,206
102900007,413,33,380
102900008,242,121,121
102900009,473,197,276
102900010,447,450,-3
102900011,1930,397,1533
102900012,314,112,202
102900013,20,66,-46
102900015,769,343,426
102900016,20,96,-76
102900017,77,619,-542
102900018,34,144,-110
102900019,435,601,-166
102900020,64,56,8
102900021,15,134,-119
102900022,546,96,450
102900023,19,75,-56
102900024,24,49,-25
102900025,250,112,138
102900026,704,1279,-575
102900027,55,68,-13
102900028,93,522,-429
102900029,187,181,6
102900030,237,308,-71
102900031,110,204,-94
102900032,50,154,-104
102900033,59,148,-89
102900034,252,133,119
102900035,91,536,-445
102900036,185,743,-558
102900037,226,881,-655
102900038,421,696,-275
102900039,58,349,-291
102900040,103,190,-87
102900041,58,233,-175
102900042,110,398,-288
102900043,90,229,-139
102900044,518,2291,-1773
102900045,78,613,-535
102900046,84,362,-278
102900047,85,711,-626
102900048,530,808,-278
102900049,103,392,-289
102900050,238,377,-139
102900051,137,214,-77
102900053,345,806,-461
102900054,872,743,129
102900055,71,89,-18
102900056,109,569,-460
102900057,3,24,-21
102900058,284,55,229
102900059,10,32,-22
102900060,102,541,-439
102900061,93,616,-523
102900062,199,1678,-1479
102900063,768,517,251
102900064,93,396,-303
102900065,2049,568,1481
102900066,333,32,301
102900068,77,111,-34
102900070,149,925,-776
102900072,14,27,-13
102900073,158,13,145
102900075,36,25,11
102900076,316,62,254
102900077,41,33,8
102900078,47,89,-42
102900079,250,15,235
102900080,356,32,324
102900081,63,354,-291
102900082,11,262,-251
102900083,291,5,286
102900084,3,15,-12
102900085,163,63,100
102900086,7,45,-38
102900087,60,153,-93
102900088,47,42,5
102900089,248,141,107
102900090,2,555,-553
102900091,113,1,112
102900092,212,1065,-853
102900094,0,50,-50
102900095,137,3,134
102900096,23,7,16
102900097,141,412,-271
103000001,2463,3388,-925
103000002,2544,2653,-109
103000003,3896,3186,710
103000004,1135,758,377
103000005,2622,2988,-366
103000006,849,1701,-852
103000007,420,1063,-643
103000008,1024,1224,-200
103000009,996,1081,-85
103000010,139,135,4
103000011,1772,1234,538
103000012,1262,1559,-297
103000013,6496,2146,4350
103000014,1340,2194,-854
103000015,3069,902,2167
103000016,626,1223,-597
103000017,168,353,-185
103000018,1403,478,925
103000019,218,201,17
103000020,2254,1686,568
103000021,1768,1600,168
103000022,1544,1177,367
103000023,648,1544,-896
103000024,132,178,-46
103000025,67,402,-335
103000026,1840,150,1690
103000027,252,504,-252
103000028,592,429,163
103000029,327,198,129
103000030,1895,681,1214
103000031,1623,1758,-135
103000032,1793,1838,-45
103000033,2438,2871,-433
103000034,1414,969,445
103000035,519,1292,-773
103000036,410,562,-152
103000037,596,483,113
103000038,497,1066,-569
103000039,243,594,-351
103000040,272,1481,-1209
103000041,1654,3338,-1684
103000042,851,976,-125
103000043,321,1469,-1148
103000044,174,324,-150
103000046,272,434,-162
103000047,665,743,-78
103000048,215,166,49
103000049,75,221,-146
103000050,720,925,-205
103000051,289,600,-311
103000052,746,570,176
103000053,186,624,-438
103000054,2201,1396,805
103000055,1500,2075,-575
103000056,680,2854,-2174
103000057,333,348,-15
103000058,417,1168,-751
103000059,234,877,-643
103000060,778,1120,-342
103000061,232,1036,-804
103000062,1012,972,40
103000063,587,738,-151
103000064,136,352,-216
103000065,1,362,-361
103000066,91,5,86
103000069,181,404,-223
103000070,808,1448,-640
103000071,751,422,329
103000072,136,1098,-962
103000073,472,184,288
103000074,589,90,499
103000075,153,1064,-911
103000076,283,251,32
103000077,70,493,-423
103000078,1858,494,1364
103000079,1826,620,1206
103000080,1397,388,1009
103000081,649,947,-298
103000082,482,238,244
103000083,104,414,-310
103000084,158,6,152
103000085,4,103,-99
103000086,1010,409,601
103000087,183,509,-326
103000088,499,393,106
103000089,338,459,-121
103000090,1744,1029,715
103000091,433,495,-62
103000092,302,315,-13
103000093,313,625,-312
103000094,124,120,4
103000095,39,464,-425
103000096,781,131,650
103000097,67,849,-782
103000098,941,183,758
103000099,355,723,-368
103000100,101,1173,-1072
103000101,563,176,387
103000102,103,989,-886
103000103,528,334,194
103000104,59,149,-90
103000105,125,220,-95
103000106,24,101,-77
103000107,324,59,265
103000108,623,581,42
103000109,418,323,95
103000110,435,481,-46
103000111,594,385,209
103000112,291,283,8
103000113,769,736,33
103000114,1221,433,788
103000115,401,678,-277
103000116,386,778,-392
103000117,234,707,-473
103000118,1936,1192,744
103000119,2478,649,1829
103000120,59,95,-36
103000121,692,856,-164
103000122,612,373,239
103000125,1,544,-543
103000126,344,6,338
103000127,4,259,-255
103000128,131,1,130
103000129,3,180,-177
103000130,33,26,7
103000131,177,81,96
103000132,58,119,-61
103000133,4,119,-115
103000134,843,756,87
103000135,1016,295,721
103000136,917,391,526
103000137,823,596,227
103000138,1025,833,192
103000139,0,53,-53
103000140,241,35,206
103000141,29,158,-129
103000142,117,86,31
103000143,78,279,-201
103000144,194,129,65
103000145,13,20,-7
103000150,80,79,1
103000152,433,254,179
103000153,350,206,144
103000156,3,534,-531
103000157,234,3,231
103000159,178,154,24
103000162,160,32,128
103000163,16,42,-26
103000164,43,22,21
103000165,374,548,-174
103000166,199,225,-26
103000167,209,107,102
103000168,70,197,-127
103000169,180,386,-206
103000170,403,595,-192
103000171,51,55,-4
103000172,235,393,-158
103000173,286,1097,-811
103000174,159,400,-241
103000175,176,518,-342
103000176,934,401,533
103000177,842,439,403
103000178,330,424,-94
103000179,104,43,61
103000183,86,27,59
103000185,58,133,-75
103000186,82,211,-129
103000187,241,908,-667
103000188,13,69,-56
103000189,889,1256,-367
103000191,614,974,-360
103000292,2864,924,1940
103000293,1352,1394,-42
103000295,91,70,21
103000296,166,1,165
103000297,31,12,19
103000504,206,24,182
103000505,10,10,0
103000506,2,221,-219
103000507,139,1,138
103000508,62,25,37
103000509,358,610,-252
103900001,4,500,-496
103900002,2062,225,1837
103900003,2184,103,2081
103900004,45,15,30
103900005,9,322,-313
103900006,0,1,-1
103900007,39,3,36
103900008,29,0,29
103900009,205,385,-180
103900010,153,288,-135
103900011,163,318,-155
103900012,8,8,0
103900013,31,103,-72
103900014,20,28,-8
103900015,26,25,1
103900016,348,323,25
103900017,29,94,-65
103900018,844,240,604
103900019,44,261,-217
103900020,206,457,-251
103900021,909,58,851
103900022,1076,639,437
103900023,90,3,87
103900024,98,757,-659
103900025,10,57,-47
103900026,10,1,9
103900027,565,367,198
103900028,35,240,-205
103900029,954,179,775
103900030,315,32,283
103900031,9,0,9
103900032,59,42,17
103900033,61,9,52
103900034,32,337,-305
103900035,37,79,-42
103900036,38,35,3
103900037,36,42,-6
103900038,50,182,-132
103900039,33,608,-575
103900040,18,355,-337
103900041,21,46,-25
103900042,30,594,-564
103900043,128,176,-48
103900044,225,186,39
103900045,208,197,11
103900047,38,34,4
103900048,56,14,42
103900049,211,1662,-1451
103900050,6,90,-84
103900051,1,20,-19
103900052,186,707,-521
103900053,137,1457,-1320
103900054,89,745,-656
103900055,426,267,159
103900056,12,30,-18
103900057,22,363,-341
103900058,128,916,-788
103900059,0,6,-6
103900060,43,345,-302
103900061,80,77,3
103900062,199,61,138
103900063,2,0,2
103900064,51,4,47
103900065,814,456,358
103900066,95,10,85
103900067,81,3,78
103900068,3,0,3
103900069,82,10,72
103900070,158,351,-193
103900071,10,235,-225
103900072,8,374,-366
103900073,31,23,8
103900074,39,166,-127
103900075,151,123,28
103900076,308,947,-639
103900077,54,89,-35
103900078,112,155,-43
103900079,182,268,-86
103900080,12,30,-18
103900081,103,16,87
103900082,9,137,-128
103900083,1924,631,1293
103900084,30,162,-132
103900085,74,115,-41
103900086,377,299,78
103900088,361,268,93
103900089,43,230,-187
103900090,2,336,-334
103900091,961,323,638
103900092,617,632,-15
103900093,88,421,-333
103900094,21,157,-136
103900095,644,168,476
103900096,13,401,-388
103900097,11,620,-609
103900098,216,115,101
103900099,49,306,-257
103900100,155,510,-355
103900101,81,1170,-1089
103900102,1,55,-54
103900104,1,34,-33
103900105,115,245,-130
103900106,0,21,-21
103900107,92,365,-273
103900108,39,502,-463
103900109,41,130,-89
103900110,176,51,125
103900111,63,1034,-971
103900112,17,72,-55
103900113,167,219,-52
103900114,570,450,120
103900115,272,148,124
103900116,8230,2086,6144
103900117,311,187,124
103900119,24,47,-23
103900120,56,113,-57
103900122,31,458,-427
103900123,1946,541,1405
103900124,46,738,-692
103900125,75,100,-25
103900126,368,835,-467
103900127,74,1097,-1023
103900128,43,249,-206
103900131,15,179,-164
103900133,1069,18,1051
103900134,0,5,-5
103900135,6,6,0
103900137,0,52,-52
103900138,58,544,-486
103900139,299,1228,-929
103900140,3,56,-53
103900141,251,93,158
103900142,55,238,-183
103900143,30,8,22
103900144,1,76,-75
103900145,135,419,-284
103900146,222,425,-203
103900147,296,129,167
103900148,139,242,-103
103900149,177,903,-726
103900150,9052,2663,6389
103900151,38,187,-149
103900152,311,761,-450
103900153,8,0,8
103900154,1398,1638,-240
103900155,19,250,-231
103900156,15,243,-228
103900157,11,334,-323
103900158,49,292,-243
103900159,59,87,-28
103900160,44,29,15
103900161,101,202,-101
103900162,51,309,-258
103900163,5,501,-496
103900167,12,90,-78
103900168,80,159,-79
103900169,19,42,-23
103900170,1,127,-126
103900171,4,135,-131
103900172,8,47,-39
103900173,8,20,-12
103900174,73,75,-2
103900175,93,44,49
103900176,8,24,-16
103900177,3,44,-41
103900178,21,153,-132
103900179,21,389,-368
103900180,5,217,-212
103900181,99,83,16
103900182,37,25,12
103900184,780,52,728
103900185,557,155,402
103900187,101,66,35
103900188,46,21,25
103900189,99,14,85
103900190,55,58,-3
103900191,46,49,-3
103900192,28,101,-73
103900193,133,200,-67
103900194,71,427,-356
103900195,5,32,-27
103900196,23,20,3
103900197,16,30,-14
103900198,15,66,-51
103900199,151,94,57
103900200,165,179,-14
103900201,79,207,-128
103900202,5,78,-73
103900203,20,15,5
103900204,2,188,-186
103900207,1,209,-208
103900208,37,1,36
103900209,11,118,-107
103900210,22,24,-2
103900211,371,749,-378
103900212,65,589,-524
103900213,140,291,-151
103900214,428,171,257
103900215,722,285,437
103900216,5,534,-529
103900217,370,81,289
103900218,0,384,-384
103900219,123,483,-360
103900233,66,3,63
103900235,37,29,8
103900236,45,3,42
103900242,1,21,-20
103900243,14,12,2
103900244,89,355,-266
103900245,67,238,-171
103900246,96,35,61
103900247,48,136,-88
103900248,28,43,-15
103900249,28,31,-3
103900250,64,21,43
103900251,1,54,-53
103900253,36,61,-25
103900254,12,35,-23
103900255,24,24,0
103900256,18,38,-20
103900257,192,179,13
103900258,53,7,46
103900259,65,5,60
103900261,8,4,4
103900262,33,11,22
103900263,73,74,-1
103900264,90,45,45
103900265,109,38,71
103900266,2,42,-40
103900267,4,87,-83
103900268,13,204,-191
103900269,99,47,52
103900270,53,198,-145
103900271,39,257,-218
103900272,76,111,-35
103900273,17,122,-105
103900274,39,10,29
103900275,19,16,3
103900276,6,175,-169
103900277,5,135,-130
103900278,5,70,-65
103900279,0,18,-18
103900280,2,280,-278
104000001,2146,2462,-316
104000002,1826,3788,-1962
104000003,2088,2373,-285
104000004,3313,3536,-223
104000005,1377,2014,-637
104000006,3070,3406,-336
104000007,4257,4883,-626
104000008,278,480,-202
104000009,120,97,23
104000010,178,237,-59
104000011,1048,442,606
104000012,196,622,-426
104000013,204,165,39
104000014,279,924,-645
104000015,272,229,43
104000016,600,513,87
104000018,598,211,387
104000019,462,175,287
104000020,236,1018,-782
104000021,313,946,-633
104000022,134,364,-230
104000023,455,437,18
104000024,232,549,-317
104000026,54,426,-372
104000027,381,620,-239
104000028,339,403,-64
104000029,473,694,-221
104000030,209,333,-124
104000031,903,421,482
104000032,226,418,-192
104000033,588,584,4
104000034,334,500,-166
104000035,724,591,133
104000036,697,784,-87
104000037,350,372,-22
104000038,371,358,13
104000039,226,452,-226
104000040,653,540,113
104000041,348,377,-29
104000042,209,562,-353
104000043,298,579,-281
104000044,290,968,-678
104000045,1138,1718,-580
104000046,1801,2039,-238
104000047,773,1732,-959
104000048,1234,2286,-1052
104000049,427,414,13
104000050,161,778,-617
104000051,102,952,-850
104000052,1005,1826,-821
104000053,668,833,-165
104000054,547,646,-99
104000055,4421,3460,961
104000056,1827,225,1602
104000057,146,593,-447
104000058,622,937,-315
104000059,537,1517,-980
104000060,893,1404,-511
104000061,1221,1645,-424
104000062,234,271,-37
104000064,699,424,275
104000065,127,588,-461
104000069,2066,914,1152
104000070,91,373,-282
104000071,103,463,-360
104000072,464,279,185
104000075,69,367,-298
104000076,515,47,468
104000082,2216,3136,-920
104000083,722,281,441
104000084,104,552,-448
104000085,256,300,-44
104000086,171,475,-304
104000087,384,1156,-772
104000090,705,2137,-1432
104000092,811,3643,-2832
104000094,817,2574,-1757
104000095,1565,1834,-269
104000096,1162,566,596
104000097,1417,1578,-161
104000098,1491,1783,-292
104000100,1189,814,375
104000101,898,3384,-2486
104000106,65,610,-545
104000107,662,826,-164
104000108,421,769,-348
104000109,269,63,206
104000110,1009,1173,-164
104000111,6322,2133,4189
104000112,2739,681,2058
104000116,7,1582,-1575
104000117,105,1535,-1430
104000118,352,342,10
104000119,345,255,90
104000120,189,1487,-1298
104000121,213,849,-636
104000122,576,827,-251
104000123,1035,1568,-533
104000124,1278,3543,-2265
104000125,6231,3363,2868
104000126,354,480,-126
104000127,1648,4134,-2486
104000128,882,615,267
104000129,569,37,532
104000130,20,396,-376
104000131,1090,843,247
104000132,700,926,-226
104000133,1076,1051,25
104000134,735,1645,-910
104000135,350,1547,-1197
104000136,845,3157,-2312
104000137,1452,335,1117
104000138,1415,484,931
104000139,9264,3624,5640
104000141,1211,2369,-1158
104000142,777,1206,-429
104000143,623,925,-302
104000144,101,263,-162
104000145,381,236,145
104000146,400,699,-299
104000147,145,419,-274
104000148,232,164,68
104000149,175,509,-334
104000150,654,539,115
104000151,329,739,-410
104000152,524,776,-252
104000153,441,528,-87
104000154,1154,802,352
104000155,449,552,-103
104000157,1080,2371,-1291
104000158,314,379,-65
104000159,540,403,137
104000160,1603,1864,-261
104000161,266,193,73
104000162,52,162,-110
104000165,2007,1385,622
104000167,494,763,-269
104000168,405,4,401
104000169,55,86,-31
104000170,735,509,226
104000248,356,1441,-1085
104000251,65,385,-320
104000272,0,0,0
104000273,0,0,0
104000274,0,0,0
104000275,0,0,0
104000279,742,560,182
104000290,70,431,-361
104000291,683,1550,-867
104000293,660,935,-275
104000294,16,0,16
104000295,532,896,-364
104000296,387,740,-353
104000297,787,1618,-831
104000298,1868,835,1033
104000299,665,2002,-1337
104900001,144,577,-433
104900002,23,111,-88
104900003,62,433,-371
104900004,86,390,-304
104900005,138,161,-23
104900006,119,84,35
104900007,165,307,-142
104900009,105,627,-522
104900010,27,36,-9
104900011,18,5,13
104900012,166,4,162
104900013,104,8,96
104900014,4367,347,4020
104900015,128,1,127
104900016,177,407,-230
104900017,84,238,-154
104900018,9,206,-197
104900019,366,1789,-1423
104900020,84,310,-226
104900021,2,476,-474
104900022,9,151,-142
104900023,0,171,-171
104900024,14,124,-110
104900025,28,611,-583
104900026,3,183,-180
104900027,294,281,13
104900028,16,137,-121
104900029,47,157,-110
104900030,444,206,238
104900031,173,228,-55
104900032,35,192,-157
104900033,109,248,-139
104900034,274,107,167
104900035,227,121,106
104900036,175,83,92
104900037,120,478,-358
104900038,612,327,285
104900039,1229,165,1064
104900040,255,81,174
104900041,207,197,10
104900042,98,543,-445
104900043,13,94,-81
104900044,365,235,130
104900045,360,54,306
104900046,98,152,-54
104900047,274,182,92
104900048,206,120,86
104900049,11,10,1
104900050,138,75,63
104900051,213,52,161
104900052,23,0,23
104900053,294,85,209
104900054,68,44,24
104900055,34,0,34
104900056,188,14,174
104900057,15,0,15
104900058,353,176,177
104900059,52,44,8
104900060,6,485,-479
104900061,334,757,-423
104900063,1,198,-197
104900064,1,213,-212
104900065,0,185,-185
104900066,1,313,-312
104900067,6,335,-329
104900068,12,274,-262
104900070,160,348,-188
104900071,5,1057,-1052
104900072,43,245,-202
104900073,29,502,-473
104900074,51,254,-203
104900075,41,112,-71
104900076,79,513,-434
104900077,1756,115,1641
104900078,167,893,-726
104900079,98,293,-195
104900080,63,651,-588
104900082,4,442,-438
104900085,22,383,-361
104900087,384,14,370
104900089,92,1,91
104900090,455,658,-203
104900091,406,1009,-603
104900093,218,757,-539
104900097,3470,1367,2103
104900098,46,47,-1
104900099,601,747,-146
104900100,1012,256,756
104900102,33,352,-319
104900103,421,122,299
104900104,3631,1375,2256
104900106,52,161,-109
104900107,70,412,-342
104900108,26,472,-446
104900109,66,134,-68
104900110,6,51,-45
104900111,116,111,5
104900112,235,1256,-1021
104900113,489,632,-143
104900114,278,974,-696
104900115,472,693,-221
104900116,136,339,-203
104900118,14,123,-109
104900119,2,17,-15
104900120,141,116,25
104900121,1,164,-163
104900122,6,115,-109
104900123,18,7,11
104900124,28,0,28
104900125,495,32,463
104900126,70,95,-25
104900127,39,58,-19
104900128,71,128,-57
104900129,3223,1330,1893
105000001,2728,2043,685
105000002,2540,2109,431
105000003,3270,4409,-1139
105000004,482,1511,-1029
105000005,685,1411,-726
105000006,1192,1948,-756
105000007,1196,1644,-448
105000008,1286,2445,-1159
105000009,1388,3286,-1898
105000010,3621,3668,-47
105000011,1983,2595,-612
105000012,3907,3741,166
105000013,690,1151,-461
105000014,1118,2283,-1165
105000015,8610,7007,1603
105000016,4362,1922,2440
105000017,2071,1262,809
105000018,1506,1021,485
105000019,1655,1031,624
105000020,238,356,-118
105000021,308,157,151
105000022,163,47,116
105000023,401,217,184
105000028,94,226,-132
105000029,428,1129,-701
105000030,4492,4456,36
105000031,3,31,-28
105000033,959,2688,-1729
105000034,192,596,-404
105000037,696,796,-100
105000038,1308,1610,-302
105000039,2705,1877,828
105000040,575,949,-374
105000041,390,1491,-1101
105000042,1798,1391,407
105000043,1932,2206,-274
105000044,355,423,-68
105000045,319,1087,-768
105000046,755,415,340
105000047,543,1807,-1264
105000048,561,226,335
105000049,294,883,-589
105000050,530,535,-5
105000051,268,675,-407
105000052,484,1450,-966
105000053,200,234,-34
105000054,264,1329,-1065
105000055,368,775,-407
105000056,879,3898,-3019
105000057,1042,1372,-330
105000058,1534,1888,-354
105000059,574,705,-131
105000060,656,1011,-355
105000061,408,666,-258
105000062,1241,1750,-509
105000063,364,1038,-674
105000064,1056,794,262
105000065,470,1413,-943
105000066,1250,2926,-1676
105000067,883,661,222
105000068,823,1193,-370
105000069,4656,1050,3606
105000070,1095,783,312
105000071,409,641,-232
105000072,1337,1549,-212
105000073,882,638,244
105000074,952,1125,-173
105000075,821,1018,-197
105000076,1594,1197,397
105000077,1938,820,1118
105000078,1612,1438,174
105000079,2010,1896,114
105000080,1693,988,705
105000081,1998,816,1182
105000082,820,540,280
105000083,1457,831,626
105000084,686,1336,-650
105000085,1331,1050,281
105000086,728,1131,-403
105000087,4087,2408,1679
105000088,1330,1636,-306
105000089,2980,2574,406
105000090,846,978,-132
105000091,1540,2103,-563
105000092,649,1182,-533
105000093,352,229,123
105000094,252,247,5
105000095,99,411,-312
105000096,1249,728,521
105000097,1350,964,386
105000098,843,621,222
105000099,1139,1189,-50
105000100,855,1540,-685
105000101,1871,2564,-693
105000102,1084,2015,-931
105000103,1271,2992,-1721
105000104,1575,1379,196
105000105,946,2745,-1799
105000106,1125,2055,-930
105000107,886,1558,-672
105000108,1024,2898,-1874
105000109,1287,2317,-1030
105000110,733,1273,-540
105000111,643,916,-273
105000112,1130,1089,41
105000113,459,754,-295
105000114,6034,1350,4684
105000115,366,949,-583
105000116,608,506,102
105000117,909,2009,-1100
105000118,245,392,-147
105000119,451,1827,-1376
105000120,585,742,-157
105000121,874,1979,-1105
105000122,294,636,-342
105000123,1330,2171,-841
105000124,1396,1330,66
105000125,704,2807,-2103
105000126,1893,3370,-1477
105000127,2414,2509,-95
105000128,608,2156,-1548
105000129,843,450,393
105000130,171,1549,-1378
105000131,743,456,287
105000132,645,539,106
105000133,348,1350,-1002
105000134,625,612,13
105000135,443,810,-367
105000136,161,465,-304
105000137,266,282,-16
105000138,272,477,-205
105000139,1050,1298,-248
105000140,280,658,-378
105000141,225,915,-690
105000142,135,625,-490
105000143,241,1138,-897
105000144,310,968,-658
105000145,614,595,19
105000146,779,1162,-383
105000147,622,508,114
105000148,1147,1056,91
105000149,1906,2551,-645
105000150,2358,2046,312
105000151,457,433,24
105000152,188,967,-779
105000153,629,655,-26
105000154,713,1513,-800
105000155,243,780,-537
105000156,1043,1413,-370
105000157,908,3554,-2646
105000158,1884,976,908
105000159,305,2134,-1829
105000160,1506,702,804
105000161,863,2431,-1568
105000162,739,1634,-895
105000163,2339,1557,782
105000164,202,372,-170
105000165,2538,4586,-2048
105000166,9755,399,9356
105000167,4518,1481,3037
105000168,254,1337,-1083
105000169,332,448,-116
105000170,94,1600,-1506
105000171,1247,599,648
105000172,69,82,-13
105000173,78,86,-8
105000174,38,32,6
105000175,45,162,-117
105000176,152,79,73
105000177,227,155,72
105000178,104,1109,-1005
105000179,232,120,112
105000180,73,122,-49
105000181,68,729,-661
105000182,48,42,6
105000183,3593,2075,1518
105000184,1042,948,94
105000185,896,785,111
105000186,331,982,-651
105000187,529,178,351
105000188,215,70,145
105000189,116,621,-505
105000190,210,300,-90
105000191,392,454,-62
105000192,157,82,75
105000193,84,166,-82
105000194,402,80,322
105000195,276,1221,-945
105000196,44,161,-117
105000197,207,858,-651
105000198,740,331,409
105000199,367,385,-18
105000200,73,226,-153
105000201,100,15,85
105000203,11,461,-450
105000204,51,96,-45
105000205,83,288,-205
105000207,516,219,297
105000208,220,490,-270
105000209,262,335,-73
105000211,75,11,64
105000212,1011,2242,-1231
105000213,179,188,-9
105000214,43,341,-298
105000215,174,358,-184
105000216,74,329,-255
105000217,111,311,-200
105000218,765,1466,-701
105000221,318,398,-80
105000222,104,67,37
105000223,105,203,-98
105000226,64,557,-493
105000227,39,297,-258
105000228,435,1004,-569
105000229,102,255,-153
105000231,277,469,-192
105000233,609,695,-86
105000234,527,1531,-1004
105000235,306,677,-371
105000237,717,83,634
105000243,25,63,-38
105000248,83,57,26
105000262,185,2590,-2405
105000269,85,239,-154
105000270,323,130,193
105000271,0,456,-456
105000282,207,57,150
105000287,333,243,90
105000288,298,747,-449
105000289,1988,958,1030
105000290,6,3,3
105000402,5495,1977,3518
105000426,349,533,-184
105000438,1962,767,1195
105000440,11,16,-5
105000446,16849,5819,11030
105000447,9599,3309,6290
105000454,307,1205,-898
105000455,246,309,-63
105000474,11,4,7
105000477,264,407,-143
105000478,1464,2338,-874
105000479,157,142,15
105000480,3565,2338,1227
105000481,2719,2256,463
105000482,5154,3495,1659
105000483,1507,1401,106
105000484,2540,2950,-410
105000485,1133,1670,-537
105000486,3485,2724,761
105000488,5166,3612,1554
105000489,756,1010,-254
105000549,62,189,-127
105000550,550,1775,-1225
105000551,24,115,-91
105000552,4168,2294,1874
105000555,1022,674,348
105000556,39,38,1
105000557,22,243,-221
105900001,9,1077,-1068
105900002,2145,485,1660
105900003,8,108,-100
105900004,214,131,83
105900005,8,216,-208
105900006,10,42,-32
105900007,33,11,22
105900008,34,988,-954
105900009,10,8,2
105900011,76,46,30
105900012,266,126,140
105900013,4,20,-16
105900014,5,90,-85
105900015,108,467,-359
105900016,208,728,-520
105900017,626,36,590
105900018,250,418,-168
105900019,26,523,-497
105900020,47,73,-26
105900021,27,243,-216
105900022,177,476,-299
105900023,2,115,-113
105900024,4,100,-96
105900025,51,58,-7
105900026,303,64,239
105900027,4612,2615,1997
105900028,115,156,-41
105900029,2250,315,1935
105900030,194,247,-53
105900031,509,165,344
105900032,67,194,-127
105900033,81,101,-20
105900034,116,229,-113
105900035,143,178,-35
105900036,56,170,-114
105900037,90,76,14
105900038,172,429,-257
105900039,98,211,-113
105900040,53,65,-12
105900041,163,647,-484
105900042,44,104,-60
105900043,2422,58,2364
105900044,2,160,-158
105900045,3,625,-622
105900046,7,213,-206
105900047,5,33,-28
105900048,53,616,-563
105900050,1509,543,966
105900051,9,1513,-1504
105900052,264,43,221
105900053,4585,1515,3070
105900054,342,343,-1
105900056,751,187,564
105900057,18,100,-82
105900058,19,52,-33
105900059,0,34,-34
106000001,3859,1837,2022
106000002,3329,5692,-2363
106000003,3454,3300,154
106000004,2985,3361,-376
106000005,2758,5966,-3208
106000006,6653,6434,219
106000007,365,526,-161
106000008,377,418,-41
106000009,457,342,115
106000010,500,635,-135
106000011,690,1002,-312
106000012,834,1918,-1084
106000013,1711,1847,-136
106000014,1907,2279,-372
106000015,1166,1197,-31
106000016,1275,3145,-1870
106000017,789,882,-93
106000018,655,722,-67
106000019,266,459,-193
106000020,292,564,-272
106000021,306,537,-231
106000022,353,381,-28
106000023,679,527,152
106000024,743,1025,-282
106000025,144,264,-120
106000026,128,300,-172
106000027,988,1639,-651
106000028,627,757,-130
106000029,1015,1633,-618
106000030,940,439,501
106000034,219,797,-578
106000035,1042,1450,-408
106000036,483,452,31
106000037,2174,2109,65
106000038,499,103,396
106000039,155,59,96
106000040,152,916,-764
106000041,1028,319,709
106000043,659,135,524
106000046,423,52,371
106000047,68,499,-431
106000049,594,182,412
106000050,370,1290,-920
106000051,508,507,1
106000052,132,782,-650
106000053,184,110,74
106000054,517,623,-106
106000055,843,1369,-526
106000056,312,621,-309
106000057,231,304,-73
106000058,171,281,-110
106000059,275,272,3
106000060,614,865,-251
106000061,253,568,-315
106000062,134,774,-640
106000063,680,731,-51
106000064,38,566,-528
106000065,332,243,89
106000066,158,533,-375
106000067,296,137,159
106000068,59,925,-866
106000069,206,151,55
106000070,517,1186,-669
106000071,941,505,436
106000072,6699,2104,4595
106000073,2315,2737,-422
106000074,447,931,-484
106000075,337,1522,-1185
106000076,2024,2133,-109
106000077,4272,1763,2509
106000078,881,1357,-476
106000079,572,1261,-689
106000080,1328,1058,270
106000081,872,1332,-460
106000082,2601,1211,1390
106000083,462,1800,-1338
106000084,1020,946,74
106000085,2072,1577,495
106000086,668,1026,-358
106000087,898,826,72
106000088,435,928,-493
106000089,996,583,413
106000090,308,673,-365
106000091,298,1013,-715
106000092,714,311,403
106000093,402,116,286
106000094,90,622,-532
106000095,733,2133,-1400
106000096,1016,857,159
106000097,816,1990,-1174
106000098,618,1160,-542
106000099,210,1220,-1010
106000100,781,365,416
106000101,732,455,277
106000102,147,864,-717
106000103,332,891,-559
106000104,623,615,8
106000105,509,1333,-824
106000106,600,524,76
106000107,126,680,-554
106000108,263,459,-196
106000109,172,589,-417
106000110,163,388,-225
106000111,178,909,-731
106000112,187,514,-327
106000113,1656,746,910
106000114,433,513,-80
106000115,329,749,-420
106000116,238,338,-100
106000117,906,1207,-301
106000118,1040,1145,-105
106000119,3318,1628,1690
106000120,632,820,-188
106000121,152,323,-171
106000122,176,478,-302
106000123,232,470,-238
106000124,58,506,-448
106000125,48,436,-388
106000126,162,299,-137
106000127,715,1221,-506
106000128,745,548,197
106000129,527,949,-422
106000130,697,681,16
106000131,218,1224,-1006
106000132,1183,213,970
106000133,5744,1476,4268
106000134,1277,1276,1
106000135,336,1431,-1095
106000136,770,821,-51
106000137,116,2219,-2103
106000138,868,99,769
106000139,67,152,-85
106000140,64,165,-101
106000141,68,157,-89
106000142,78,84,-6
106000143,20,139,-119
106000144,29,70,-41
106000145,202,386,-184
106000146,226,226,0
106000147,454,765,-311
106000148,682,1029,-347
106000149,574,552,22
106000150,550,2423,-1873
106000151,6784,1010,5774
106000152,1736,1809,-73
106000153,118,2075,-1957
106000154,1946,374,1572
106000155,53,310,-257
106000156,635,398,237
106000157,709,2432,-1723
106000158,4232,1039,3193
106000159,6791,1617,5174
106000160,344,2103,-1759
106000161,1956,789,1167
106000162,228,793,-565
106000163,325,835,-510
106000164,281,382,-101
106000165,221,1052,-831
106000166,606,294,312
106000167,340,1922,-1582
106000168,276,278,-2
106000169,115,1126,-1011
106000170,411,336,75
106000171,125,1497,-1372
106000172,2283,1151,1132
106000173,769,4420,-3651
106000174,1028,350,678
106000175,355,1559,-1204
106000176,1073,993,80
106000177,642,3159,-2517
106000178,2523,2433,90
106000179,1203,2958,-1755
106000180,688,2372,-1684
106000181,490,2501,-2011
106000182,708,1064,-356
106000183,755,1565,-810
106000184,640,1546,-906
106000185,564,1029,-465
106000186,936,171,765
106000187,188,926,-738
106000188,0,1,-1
106000189,8,74,-66
106000190,6,3,3
106000191,648,239,409
106000192,0,19,-19
106000193,345,143,202
106000194,131,284,-153
106000195,140,105,35
106000196,64,389,-325
106000197,276,425,-149
106000198,103,291,-188
106000199,984,436,548
106000200,709,136,573
106000201,506,1579,-1073
106000202,9869,768,9101
106000203,249,269,-20
106000204,71,11,60
106000205,17,187,-170
106000206,69,19,50
106000207,57,1068,-1011
106000208,762,134,628
106000209,1031,444,587
106000210,287,2040,-1753
106000211,376,1944,-1568
106000212,643,248,395
106000213,691,1595,-904
106000214,2785,502,2283
106000215,330,717,-387
106000216,364,424,-60
106000217,360,677,-317
106000218,548,382,166
106000219,191,390,-199
106000220,440,321,119
106000221,146,390,-244
106000222,38,173,-135
106000223,157,150,7
106000224,228,408,-180
106000225,92,77,15
106000226,134,467,-333
106000228,47,231,-184
106000229,118,1046,-928
106000231,923,221,702
106000232,74,653,-579
106000233,345,203,142
106000234,58,245,-187
106000235,241,111,130
106000236,153,59,94
106000237,3,14,-11
106000238,10,12,-2
106000239,2,134,-132
106000240,22,7,15
106000241,11,907,-896
106000242,202,29,173
106000249,130,105,25
106000250,41,410,-369
106000251,40,45,-5
106000252,18,158,-140
106000253,20,39,-19
106000254,29,79,-50
106000255,17,103,-86
106000256,85,116,-31
106000257,105,313,-208
106000258,139,16,123
106000259,3,50,-47
106000260,15,13,2
106000261,3,71,-68
106000262,48,10,38
106000263,11,79,-68
106000264,159,29,130
106000265,7,111,-104
106000266,75,19,56
106000267,8,105,-97
106000268,530,24,506
106000269,91,71,20
106000270,149,452,-303
106000271,46,192,-146
106000272,113,56,57
106000273,8,251,-243
106000274,200,34,166
106000275,194,245,-51
106000276,142,75,67
106000277,170,167,3
106000278,206,44,162
106000279,26,96,-70
106000280,42,231,-189
106000281,84,149,-65
106000282,81,86,-5
106000283,101,154,-53
106000284,80,162,-82
106000285,148,231,-83
106000286,77,199,-122
106000287,110,183,-73
106000288,132,207,-75
106000289,99,122,-23
106000290,86,118,-32
106000291,109,181,-72
106000292,74,159,-85
106000293,120,153,-33
106000294,135,171,-36
106000295,55,72,-17
106000296,51,150,-99
106000297,87,340,-253
106000298,204,76,128
106000299,103,264,-161
106000300,83,154,-71
106000301,94,153,-59
106000303,6,112,-106
106000304,18,66,-48
106000305,21,68,-47
106000306,28,112,-84
106000307,31,23,8
106000308,22,274,-252
106000309,9,77,-68
106000310,263,826,-563
106000311,321,144,177
106000312,86,302,-216
106000313,200,236,-36
106000318,190,246,-56
106000319,754,105,649
106000320,2,36,-34
106000321,394,73,321
106000322,150,248,-98
106000324,5,210,-205
106000325,1240,761,479
106000326,1061,2503,-1442
106000327,110,178,-68
106000328,9,65,-56
106000329,56,400,-344
106000330,33,52,-19
106000428,54,243,-189
106000429,150,805,-655
106000430,524,1964,-1440
106000431,1600,398,1202
106000432,2331,4243,-1912
106000433,1760,1190,570
106000434,2926,1160,1766
106000435,2514,3994,-1480
106000436,7,468,-461
106000437,193,27,166
106000438,130,76,54
106000439,24,605,-581
106000440,219,641,-422
106000441,2,0,2
106000442,247,8,239
106000443,99,631,-532
106000450,7,315,-308
106000451,33,27,6
106000454,7,137,-130
106000455,26,182,-156
106000456,127,30,97
106000457,8,1503,-1495
106000458,331,382,-51
106000459,146,619,-473
106000460,714,79,635
106000461,84,2665,-2581
106000462,1,26,-25
106000463,3,55,-52
106000464,6,920,-914
106000465,241,1,240
106000466,0,1031,-1031
106000467,741,680,61
106000468,103,306,-203
106000469,505,7,498
106000470,252,1672,-1420
106000471,45,952,-907
106000472,101,9,92
106000473,28,35,-7
106000474,306,903,-597
106000475,208,188,20
106000476,230,238,-8
106000477,27,208,-181
106000480,1,221,-220
106900001,0,43,-43
106900002,5,932,-927
106900003,286,1286,-1000
106900004,3,144,-141
106900006,0,37,-37
106900007,0,39,-39
106900008,218,470,-252
106900009,229,680,-451
106900010,237,491,-254
106900012,3026,1809,1217
106900013,464,87,377
106900014,27,0,27
106900015,10,1,9
106900016,184,5,179
106900017,4,0,4
106900018,2,0,2
106900019,26,4,22
106900020,3849,1199,2650
106900021,57,148,-91
106900022,331,2,329
106900023,25,365,-340
106900024,305,33,272
106900025,52,893,-841
106900026,4,1122,-1118
106900027,402,6,396
107000001,3037,2170,867
107000002,3560,4596,-1036
107000003,3799,5034,-1235
107000004,5366,6595,-1229
107000005,2230,4268,-2038
107000006,4083,7982,-3899
107000007,4061,8204,-4143
107000008,16460,12971,3489
107000009,4239,5388,-1149
107000010,10199,12688,-2489
107000011,1253,1472,-219
107000012,5228,4774,454
107000013,59,165,-106
107000014,27,340,-313
107000015,530,1082,-552
107000016,564,1577,-1013
107000017,1953,1038,915
107000018,5,279,-274
107000020,876,405,471
107000021,816,924,-108
107000022,654,1191,-537
107000023,1445,425,1020
107000024,377,2133,-1756
107000025,177,439,-262
107000026,157,904,-747
107000027,1014,1049,-35
107000028,1122,2376,-1254
107000029,1949,1902,47
107000030,3378,4090,-712
107000031,2835,1943,892
107000032,427,1102,-675
107000033,4365,4428,-63
107000034,5857,2529,3328
107000035,317,173,144
107000036,453,1335,-882
107000037,60,703,-643
107000038,261,342,-81
107000039,694,722,-28
107000040,225,390,-165
107000041,1669,767,902
107000042,968,1966,-998
107000043,3567,1117,2450
107000044,838,394,444
107000045,171,383,-212
107000046,667,479,188
107000047,529,1122,-593
107000048,906,400,506
107000049,587,945,-358
107000050,1115,701,414
107000051,858,500,358
107000052,1248,1121,127
107000053,451,256,195
107000054,77,402,-325
107000055,431,229,202
107000056,604,1025,-421
107000057,2911,302,2609
107000058,1794,2492,-698
107000059,2769,4309,-1540
107000060,3128,5490,-2362
107000061,6147,5450,697
107000062,3109,3059,50
107000063,4655,8791,-4136
107000064,3313,1944,1369
107000065,4292,7520,-3228
107000066,1308,2012,-704
107000067,816,1072,-256
107000068,1410,640,770
107000069,705,443,262
107000070,614,4,610
107000071,1946,33,1913
107000072,65,4837,-4772
107000073,411,224,187
107000074,170,1181,-1011
107000075,1180,463,717
107000076,1056,1970,-914
107000077,2458,1102,1356
107000078,2419,4029,-1610
107000079,1808,755,1053
107000080,1359,4089,-2730
107000081,902,561,341
107000082,582,3230,-2648
107000083,788,312,476
107000084,506,2860,-2354
107000085,2697,3365,-668
107000086,3613,3759,-146
107000087,2193,1894,299
107000088,2610,4112,-1502
107000089,1529,1716,-187
107000090,1158,1394,-236
107000091,1080,1044,36
107000092,746,1566,-820
107000093,947,891,56
107000094,958,1688,-730
107000095,567,894,-327
107000096,659,1395,-736
107000097,563,467,96
107000098,531,1383,-852
107000099,443,309,134
107000100,376,436,-60
107000101,76,230,-154
107000102,608,506,102
107000103,535,251,284
107000104,352,646,-294
107000105,442,160,282
107000106,190,481,-291
107000107,561,254,307
107000108,213,1127,-914
107000109,533,166,367
107000110,83,1024,-941
107000111,211,39,172
107000112,33,690,-657
107000113,592,151,441
107000114,115,1361,-1246
107000115,599,138,461
107000116,141,1513,-1372
107000117,128,454,-326
107000118,224,399,-175
107000119,2629,1335,1294
107000120,4253,547,3706
107000121,533,954,-421
107000122,1319,1055,264
107000123,376,1253,-877
107000124,624,1193,-569
107000125,735,1342,-607
107000126,742,1340,-598
107000129,252,1771,-1519
107000130,399,278,121
107000131,559,1090,-531
107000132,625,372,253
107000133,506,90,416
107000134,176,2,174
107000135,5,272,-267
107000136,467,3,464
107000137,14,565,-551
107000138,200,10,190
107000139,13,463,-450
107000140,1070,70,1000
107000141,159,924,-765
107000142,346,54,292
107000143,76,1105,-1029
107000144,290,361,-71
107000145,181,606,-425
107000146,135,235,-100
107000147,5285,1303,3982
107000150,916,1889,-973
107000151,34,65,-31
107000152,720,707,13
107000153,649,488,161
107000154,258,132,126
107000155,532,18,514
107000156,921,13,908
107000157,16,2750,-2734
107000158,397,27,370
107000159,45,2062,-2017
107000160,618,98,520
107000161,99,2615,-2516
107000162,177,280,-103
107000163,78,1,77
107000164,288,3,285
107000165,493,3,490
107000166,38,1950,-1912
107000167,397,356,41
107000168,645,357,288
107000169,1277,1082,195
107000170,1045,539,506
107000171,383,3334,-2951
107000172,715,941,-226
107000173,872,1607,-735
107000174,745,3123,-2378
107000175,11289,2078,9211
107000176,3,1,2
107000177,3,0,3
107000178,6,60,-54
107000179,241,4089,-3848
107000180,1086,387,699
107000181,498,1991,-1493
107000182,1510,1224,286
107000183,145,1123,-978
107000184,975,1179,-204
107000185,579,1597,-1018
107000186,1064,385,679
107000187,1027,1640,-613
107000188,370,563,-193
107000189,358,1163,-805
107000190,477,1143,-666
107000191,666,1605,-939
107000192,1409,1429,-20
107000193,321,463,-142
107000194,1114,1018,96
107000197,771,243,528
107000198,476,1011,-535
107000199,643,650,-7
107000200,1261,694,567
107000201,308,188,120
107000202,231,426,-195
107000203,733,509,224
107000204,1096,579,517
107000205,2044,1151,893
107000206,811,963,-152
107000207,823,1267,-444
107000208,1239,436,803
107000209,2461,1119,1342
107000210,1267,513,754
107000211,13,42,-29
107000212,8,403,-395
107000213,11,38,-27
107000214,19,210,-191
107000215,255,586,-331
107000216,196,672,-476
107000217,106,158,-52
107000219,65,118,-53
107000220,135,381,-246
107000222,231,840,-609
107000224,278,73,205
107000225,156,758,-602
107000226,167,91,76
107000227,77,531,-454
107000228,88,205,-117
107000229,527,127,400
107000230,1276,653,623
107000231,1663,870,793
107000232,112,155,-43
107000233,1387,688,699
107000234,0,23,-23
107000235,76,2,74
107000236,13,369,-356
107000237,6,2,4
107000238,18,0,18
107000239,6911,592,6319
107000240,90,1650,-1560
107000243,0,71,-71
107000244,7,55,-48
107000246,4,1296,-1292
107000249,3,1497,-1494
107000251,3,365,-362
107000252,9,1798,-1789
107000255,1164,126,1038
107000257,2,857,-855
107000258,2,274,-272
107000259,1,336,-335
107000260,360,8,352
107000262,10,1028,-1018
107000263,211,4,207
107000266,14,2,12
107000267,75,230,-155
107000268,129,222,-93
107000269,355,39,316
107000270,0,5,-5
107000271,16,1329,-1313
107000272,6,257,-251
107000273,1,317,-316
107000274,706,230,476
107000275,72,732,-660
107000280,496,26,470
107000281,40,1672,-1632
107000282,13,1472,-1459
107000290,1,31,-30
107000291,24,14,10
107000292,0,27,-27
107000293,55,11,44
107000294,0,43,-43
107000295,34,6,28
107000296,0,12,-12
107000444,200,5,195
107000496,0,21,-21
107000497,1438,3831,-2393
107000500,267,417,-150
107000501,131,254,-123
107000502,278,485,-207
107000505,1284,1040,244
107000506,0,11,-11
107000508,8,849,-841
107000509,200,605,-405
107000510,17,16,1
107000514,26,271,-245
107000515,22,361,-339
107000516,307,283,24
107000518,939,813,126
107000519,5351,1258,4093
107000520,79,8,71
107000521,599,599,0
107000522,587,1380,-793
107900001,34,326,-292
107900002,31,6,25
107900003,128,14,114
107900004,5,0,5
107900005,604,4,600
107900006,68,0,68
107900007,192,14,178
107900008,43,55,-12
107900009,96,2,94
107900010,15,1,14
107900012,388,29,359
107900013,381,122,259
107900014,13,7,6
107900015,587,11,576
107900016,455,89,366
107900017,15,0,15
107900018,57,75,-18
107900019,14,95,-81
107900020,49,4,45
107900021,48,231,-183
107900023,0,0,0
107900024,1,37,-36
107900025,207,362,-155
107900026,44,188,-144
107900027,88,33,55
107900028,29,82,-53
107900030,221,17,204
107900031,87,446,-359
107900032,2,5,-3
107900033,15,9,6
107900034,321,13,308
107900035,461,23,438
107900036,36,2,34
107900037,1,56,-55
107900038,180,143,37
107900039,7,139,-132
107900040,23,58,-35
107900041,0,0,0
107900043,98,360,-262
107900044,5,8,-3
107900045,53,30,23
107900046,87,130,-43
107900047,19,131,-112
107900048,130,7,123
107900049,349,321,28
107900050,121,416,-295
107900051,73,129,-56
107900052,13,8,5
107900053,15,74,-59
107900055,767,320,447
107900056,108,23,85
107900057,0,0,0
107900058,27,953,-926
107900060,18,42,-24
107900061,27,5,22
107900063,188,154,34
107900064,417,70,347
107900065,126,15,111
107900066,11,18,-7
107900067,0,0,0
107900068,187,225,-38
107900069,33,956,-923
107900070,64,9,55
107900071,20,1293,-1273
107900072,39,293,-254
107900073,25,168,-143
107900074,1160,157,1003
107900076,218,86,132
107900077,50,4,46
107900079,1,12,-11
107900080,113,215,-102
107900081,16,125,-109
107900082,32,19,13
107900083,301,165,136
107900084,193,141,52
107900086,67,121,-54
107900087,484,87,397
107900088,20,7,13
107900089,279,950,-671
107900090,572,1279,-707
107900091,211,696,-485
107900093,41,73,-32
107900095,3464,1489,1975
107900097,27,82,-55
107900098,47,221,-174
107900100,1132,878,254
107900101,1348,198,1150
107900102,23,8,15
107900103,45,167,-122
107900104,151,1,150
107900105,0,778,-778
107900106,5,1977,-1972
107900107,1147,256,891
107900108,388,128,260
107900109,790,6,784
107900110,10,190,-180
107900111,5,1449,-1444
107900112,200,534,-334
107900113,103,140,-37
107900114,69,296,-227
107900115,1,54,-53
107900116,91,323,-232
107900117,239,596,-357
107900118,67,186,-119
107900119,36,105,-69
107900120,20,25,-5
107900121,2,87,-85
107900122,1,35,-34
107900123,1,32,-31
107900124,7,20,-13
107900125,43,226,-183
107900126,2,36,-34
107900127,350,140,210
107900128,115,85,30
107900129,30,79,-49
107900130,32,27,5
107900131,531,140,391
107900132,105,527,-422
107900133,1,109,-108
107900134,21,17,4
107900135,7,260,-253
107900136,36,25,11
107900137,150,76,74
107900138,29,39,-10
107900139,22,50,-28
107900141,42,66,-24
107900142,65,1529,-1464
107900143,26,25,1
107900144,1,200,-199
107900145,11,110,-99
107900146,17,164,-147
107900147,54,47,7
107900148,214,203,11
107900149,2222,204,2018
107900150,87,1190,-1103
107900151,12,110,-98
107900152,14,309,-295
107900153,189,293,-104
107900154,34,10,24
107900155,49,17,32
107900156,0,477,-477
107900157,32,90,-58
107900158,462,50,412
107900159,40,1466,-1426
107900160,74,245,-171
107900161,38,295,-257
107900162,0,70,-70
107900163,28,25,3
107900164,6,33,-27
107900165,65,67,-2
107900166,22,412,-390
107900167,13,16,-3
107900168,15,46,-31
107900169,5,187,-182
107900171,22,2794,-2772
107900172,0,331,-331
107900173,14,297,-283
107900174,84,3,81
107900175,13,13,0
107900176,27,50,-23
107900177,0,43,-43
107900178,6,301,-295
107900179,10,199,-189
107900180,1156,301,855
107900181,304,612,-308
107900182,10,2086,-2076
107900183,39,477,-438
107900184,81,268,-187
107900185,70,11,59
107900186,12,53,-41
107900187,1,133,-132
107900188,1017,147,870
107900189,13,140,-127
107900190,95,70,25
107900191,96,215,-119
107900193,17,45,-28
107900194,105,9,96
107900195,5371,580,4791
107900196,32,73,-41
107900197,685,157,528
107900199,0,1375,-1375
107900201,119,188,-69
107900203,45,74,-29
107900204,305,313,-8
107900206,476,200,276
107900207,0,690,-690
107900208,4,1134,-1130
107900209,365,143,222
107900210,75,221,-146
107900213,502,490,12
107900214,4,233,-229
107900215,190,337,-147
107900216,126,93,33
107900217,24,62,-38
107900218,17,1824,-1807
107900219,23,195,-172
107900220,163,173,-10
107900221,216,224,-8
107900223,67,840,-773
107900224,202,303,-101
107900225,15,1099,-1084
107900226,51,113,-62
107900227,160,523,-363
107900228,24,96,-72
107900229,2,452,-450
107900230,23,186,-163
107900231,10,301,-291
107900232,67,286,-219
107900233,9,120,-111
107900234,69,206,-137
107900235,31,108,-77
107900236,70,90,-20
107900237,109,673,-564
107900238,10,146,-136
107900239,1827,408,1419
107900240,10,191,-181
107900241,19,92,-73
107900242,18,566,-548
107900243,1,60,-59
107900244,225,4,221
107900245,312,38,274
107900246,82,16,66
107900248,195,619,-424
107900249,304,8,296
107900250,1,719,-718
107900251,68,1861,-1793
107900252,524,12,512
107900253,81,2,79
107900254,57,98,-41
107900255,315,86,229
107900256,283,397,-114
107900257,103,59,44
107900258,72,297,-225
107900259,73,1102,-1029
107900261,5,586,-581
107900262,32,169,-137
107900264,159,2,157
107900265,41,230,-189
107900267,140,14,126
107900268,65,8,57
107900269,0,11,-11
107900270,0,0,0
107900271,4,11,-7
107900272,163,8,155
107900273,16,109,-93
107900274,16,0,16
107900275,11,1,10
107900276,2,98,-96
107900277,1,227,-226
107900278,193,378,-185
107900279,151,146,5
107900280,1713,1450,263
107900281,4573,1397,3176
107900282,103,239,-136
107900283,1636,418,1218
107900284,322,976,-654
107900285,55,193,-138
107900286,139,100,39
107900287,103,232,-129
107900290,0,108,-108
107900291,559,23,536
107900292,114,376,-262
107900293,50,777,-727
107900295,64,211,-147
107900297,5,304,-299
107900298,1007,1211,-204
107900299,5235,2870,2365
107900301,508,486,22
107900302,89,23,66
107900303,105,481,-376
107900304,236,676,-440
107900305,268,15,253
107900306,25,12,13
107900307,31,387,-356
107900308,246,55,191
107900309,37,0,37
107900310,33,0,33
107900311,323,123,200
107900312,7,0,7
107900313,0,83,-83
107900314,0,56,-56
107900315,0,52,-52
107900316,36,4,32
107900317,84,11,73
107900318,6,168,-162
107900319,6,327,-321
107900320,1,231,-230
107900321,94,5,89
107900322,8,269,-261
107900323,3,219,-216
107900324,118,0,118
107900325,86,0,86
107900326,169,545,-376
107900327,0,3,-3
107900328,9,1,8
107900329,5,0,5
107900330,6,623,-617
107900331,115,36,79
107900332,171,38,133
107900333,37,19,18
107900334,16,437,-421
107900335,64,92,-28
107900336,26,56,-30
107900337,1787,683,1104
107900338,3,163,-160
107900339,0,37,-37
107900340,0,68,-68
107900341,26,0,26
107900342,158,149,9
107900343,63,4,59
107900344,3,173,-170
107900345,119,30,89
107900346,54,5,49
107900347,44,3,41
107900348,2,1,1
107900349,53,11,42
107900350,33,315,-282
107900351,4,354,-350
107900352,0,91,-91
107900353,11,12,-1
107900354,5,75,-70
108000001,2248,3808,-1560
108000002,2388,3999,-1611
108000003,2818,2433,385
108000004,18880,18846,34
108000005,6003,4075,1928
108000006,8133,8371,-238
108000007,4213,3804,409
108000008,6157,7196,-1039
108000009,3289,3778,-489
108000010,3606,5942,-2336
108000011,10402,10446,-44
108000012,21642,19457,2185
108000014,991,719,272
108000015,629,393,236
108000016,249,845,-596
108000017,727,410,317
108000018,1212,561,651
108000019,1349,729,620
108000020,1210,451,759
108000021,453,2181,-1728
108000022,548,1987,-1439
108000023,1102,191,911
108000024,192,935,-743
108000025,198,345,-147
108000026,469,818,-349
108000027,571,880,-309
108000028,366,295,71
108000029,327,1260,-933
108000030,356,242,114
108000031,220,640,-420
108000032,977,564,413
108000033,582,1735,-1153
108000034,1296,397,899
108000035,939,3147,-2208
108000036,422,1844,-1422
108000037,1463,355,1108
108000038,1942,461,1481
108000039,549,3736,-3187
108000040,1270,739,531
108000041,744,3524,-2780
108000042,178,291,-113
108000043,190,326,-136
108000044,331,188,143
108000045,247,853,-606
108000046,946,297,649
108000047,379,1374,-995
108000048,139,504,-365
108000049,450,230,220
108000050,162,967,-805
108000051,191,91,100
108000052,349,826,-477
108000053,316,118,198
108000054,546,1170,-624
108000055,1146,361,785
108000056,1219,1476,-257
108000057,542,866,-324
108000058,2088,3049,-961
108000059,4446,2620,1826
108000060,214,694,-480
108000061,403,660,-257
108000062,607,529,78
108000063,394,703,-309
108000064,176,298,-122
108000065,453,788,-335
108000066,1973,939,1034
108000067,1618,541,1077
108000068,614,262,352
108000069,273,1307,-1034
108000070,1498,662,836
108000071,750,2040,-1290
108000072,1157,926,231
108000073,1642,2287,-645
108000074,370,365,5
108000075,440,958,-518
108000076,821,543,278
108000077,917,771,146
108000078,1442,1700,-258
108000079,979,2465,-1486
108000080,713,704,9
108000081,402,3386,-2984
108000082,1110,2572,-1462
108000083,1720,996,724
108000084,468,1654,-1186
108000085,554,468,86
108000086,931,915,16
108000087,162,1657,-1495
108000088,638,193,445
108000089,274,288,-14
108000091,106,892,-786
108000092,99,120,-21
108000093,116,1257,-1141
108000094,687,163,524
108000095,168,780,-612
108000096,254,185,69
108000097,181,938,-757
108000098,898,1684,-786
108000099,1120,378,742
108000100,102,524,-422
108000101,751,1399,-648
108000102,1480,2829,-1349
108000106,719,0,719
108000107,4,969,-965
108000108,540,36,504
108000109,10,1122,-1112
108000110,213,301,-88
108000111,148,1105,-957
108000112,53,150,-97
108000113,559,341,218
108000115,494,581,-87
108000117,863,395,468
108000118,544,1175,-631
108000119,880,617,263
108000120,117,795,-678
108000121,197,752,-555
108000122,365,427,-62
108000123,502,377,125
108000124,232,628,-396
108000125,219,491,-272
108000126,117,753,-636
108000127,378,401,-23
108000128,417,840,-423
108000129,233,1730,-1497
108000130,274,319,-45
108000131,805,441,364
108000132,2200,1749,451
108000133,598,583,15
108000134,806,795,11
108000135,820,319,501
108000136,1046,1234,-188
108000137,261,501,-240
108000138,345,1443,-1098
108000139,296,452,-156
108000140,58,17,41
108000141,35,262,-227
108000142,35,317,-282
108000143,26,1069,-1043
108000144,301,115,186
108000145,35,125,-90
108000146,339,52,287
108000147,14,118,-104
108000148,261,63,198
108000149,54,72,-18
108000150,15,9,6
108000151,339,74,265
108000152,181,937,-756
108000153,307,165,142
108000154,81,41,40
108000155,20,16,4
108000156,1066,698,368
108000157,155,624,-469
108000158,87,646,-559
108000159,813,153,660
108000160,6926,936,5990
108000161,5820,1608,4212
108000165,1,90,-89
108000172,9,265,-256
108000173,3599,1740,1859
108000175,349,123,226
108000178,370,450,-80
108000179,253,685,-432
108000181,83,61,22
108000182,401,119,282
108000183,92,542,-450
108000184,1381,1797,-416
108000185,163,725,-562
108000186,224,853,-629
108000187,59,1049,-990
108000188,322,344,-22
108000189,3238,4461,-1223
108000190,49,160,-111
108000192,145,833,-688
108000193,1115,50,1065
108000194,24,31,-7
108000195,4,1674,-1670
108000196,113,177,-64
108000198,625,473,152
108000199,0,177,-177
108000200,146,991,-845
108000203,84,1167,-1083
108000204,82,31,51
108000205,364,793,-429
108000339,1712,375,1337
108000364,382,887,-505
108000365,48,488,-440
108000367,205,479,-274
108000368,9,56,-47
108000369,1890,158,1732
108000371,13,830,-817
108000372,543,6,537
108000373,115,231,-116
108000376,66,21,45
108000377,303,461,-158
108000378,8224,9633,-1409
108000379,35,226,-191
108000381,47,17,30
108000382,167,3,164
108000383,2,202,-200
108900001,117,1661,-1544
108900002,209,99,110
108900003,345,1375,-1030
108900004,2231,398,1833
108900007,117,174,-57
108900008,49,141,-92
108900009,58,102,-44
108900010,116,183,-67
108900011,288,433,-145
108900012,301,545,-244
108900013,126,287,-161
108900014,8,108,-100
108900015,0,25,-25
108900016,0,246,-246
108900017,170,229,-59
108900018,85,654,-569
108900019,11,1697,-1686
108900020,37,353,-316
108900021,71,328,-257
108900022,75,5,70
108900023,4,20,-16
108900024,11,173,-162
108900025,59,156,-97
108900026,11,124,-113
108900027,2,99,-97
108900028,35,618,-583
108900029,48,219,-171
108900030,0,115,-115
108900031,53,828,-775
108900032,5,398,-393
108900033,0,109,-109
108900034,0,335,-335
108900035,255,2066,-1811
108900038,3,499,-496
108900039,4,779,-775
108900040,8,195,-187
108900041,6186,2629,3557
108900042,8,337,-329
108900043,50,587,-537
108900044,1,862,-861
108900045,38,961,-923
108900046,63,1539,-1476
108900047,0,67,-67
108900048,94,1447,-1353
108900049,7128,1038,6090
108900050,1,334,-333
108900051,0,255,-255
108900052,12,300,-288
108900053,129,175,-46
108900054,68,254,-186
108900055,59,563,-504
108900056,0,212,-212
108900057,0,254,-254
108900058,21,477,-456
108900059,350,19,331
108900060,33,111,-78
108900061,66,25,41
108900062,6,387,-381
108900063,5,476,-471
108900064,108,61,47
108900065,16,386,-370
108900066,226,115,111
108900067,13,258,-245
108900068,2,343,-341
108900069,62,157,-95
108900070,11,206,-195
108900071,63,59,4
108900072,2663,298,2365
108900073,21,757,-736
108900074,113,639,-526
108900075,51,75,-24
108900076,167,66,101
108900077,176,776,-600
108900078,16,233,-217
108900079,967,315,652
108900080,28,485,-457
108900081,54,350,-296
108900082,28,166,-138
108900083,12,190,-178
108900085,3030,232,2798
108900086,61,536,-475
108900087,98,273,-175
108900088,663,284,379
108900089,26,123,-97
108900090,18,556,-538
108900091,141,134,7
108900092,338,280,58
108900093,62,52,10
108900094,239,102,137
108900095,73,799,-726
108900096,524,33,491
108900097,415,228,187
108900098,4015,477,3538
108900099,341,341,0
108900100,58,215,-157
108900101,213,118,95
108900102,90,788,-698
108900103,49,115,-66
108900105,6,867,-861
108900106,275,714,-439
108900108,187,30,157
108900109,216,42,174
108900110,128,783,-655
108900111,308,1084,-776
108900113,98,34,64
108900114,69,10,59
108900115,67,96,-29
108900116,34,13,21
108900117,119,22,97
108900118,452,8,444
108900119,138,48,90
108900120,163,225,-62
108900121,291,41,250
108900122,81,34,47
108900123,84,62,22
108900124,358,175,183
108900125,195,1,194
108900126,92,12,80
108900127,137,32,105
108900128,86,37,49
108900129,589,112,477
108900130,205,0,205
108900131,276,0,276
108900132,314,67,247
108900133,142,66,76
108900134,222,332,-110
108900135,79,5,74
108900136,21,0,21
108900137,90,0,90
108900138,423,33,390
108900140,201,321,-120
108900141,204,11,193
108900142,58,2,56
108900143,22,0,22
108900144,53,0,53
108900145,78,5,73
108900146,39,0,39
108900147,151,0,151
108900148,77,23,54
108900150,212,3,209
108900151,56,3,53
108900152,44,10,34
108900153,96,597,-501
108900154,3957,785,3172
108900156,61,14,47
108900157,7,778,-771
108900158,380,140,240
108900159,6,467,-461
108900160,4,315,-311
108900161,12,638,-626
108900162,64,0,64
108900163,3,242,-239
108900164,66,79,-13
108900168,12093,2320,9773
108900169,33,206,-173
108900171,8939,1978,6961
108900172,218,38,180
108900173,186,466,-280
108900174,504,541,-37
108900176,182,779,-597
108900177,10736,2984,7752
108900178,6436,2645,3791
108900180,41,221,-180
108900183,162,231,-69
108900184,347,153,194
108900185,30,292,-262
108900186,32,404,-372
108900189,136,127,9
108900190,71,4813,-4742
108900192,76,283,-207
108900195,72,554,-482
108900196,28,766,-738
108900199,164,347,-183
108900200,476,323,153
108900201,353,1389,-1036
108900203,477,38,439
108900204,350,19,331
108900205,194,24,170
108900206,240,36,204
108900207,152,59,93
108900208,25,460,-435
108900209,224,783,-559
108900210,124,241,-117
108900211,77,358,-281
108900212,910,990,-80
108900215,105,803,-698
108900216,468,121,347
108900217,83,0,83
108900218,73,8,65
108900221,48,124,-76
108900224,25,149,-124
108900225,0,181,-181
108900227,119,193,-74
108900230,612,418,194
108900232,4,567,-563
108900233,190,49,141
108900234,192,68,124
108900235,273,748,-475
108900236,45,395,-350
108900240,56,91,-35
108900241,19,39,-20
108900245,4,856,-852
108900250,168,107,61
108900258,22,389,-367
108900259,50,103,-53
108900260,4,167,-163
108900261,200,185,15
108900262,251,148,103
108900263,43,350,-307
108900264,664,335,329
108900265,1626,272,1354
108900266,1874,477,1397
108900267,9,107,-98
108900268,14,4,10
108900269,63,8,55
108900270,54,10,44
108900271,34,5,29
108900272,154,7,147
108900273,1151,585,566
108900274,33,104,-71
109000001,5133,1333,3800
109000002,3946,1750,2196
109000003,2107,828,1279
109000004,584,3368,-2784
109000005,2159,1193,966
109000006,737,2806,-2069
109000007,1274,925,349
109000008,523,2490,-1967
109000009,3132,1520,1612
109000010,1637,5503,-3866
109000011,2403,1982,421
109000012,1660,5376,-3716
109000013,2507,2400,107
109000014,1465,4755,-3290
109000015,3042,5526,-2484
109000016,14338,5248,9090
109000017,2057,1381,676
109000018,1008,4377,-3369
109000019,2568,1638,930
109000020,1608,2980,-1372
109000023,203,21,182
109000024,7,158,-151
109000025,445,429,16
109000026,1082,374,708
109000027,80,434,-354
109000028,172,113,59
109000029,154,193,-39
109000030,90,745,-655
109000031,99,88,11
109000032,80,646,-566
109000033,280,136,144
109000034,49,76,-27
109000035,11,43,-32
109000036,58,439,-381
109000037,195,841,-646
109000038,476,466,10
109000039,553,513,40
109000040,7483,4764,2719
109000041,6823,1340,5483
109000042,1267,1300,-33
109000044,232,69,163
109000045,84,588,-504
109000046,239,94,145
109000047,66,506,-440
109000048,548,140,408
109000049,215,651,-436
109000050,248,223,25
109000051,389,285,104
109000052,435,2435,-2000
109000053,112,55,57
109000054,61,927,-866
109000055,143,171,-28
109000056,176,727,-551
109000057,266,224,42
109000058,981,323,658
109000059,727,1042,-315
109000060,390,334,56
109000061,1760,655,1105
109000062,127,264,-137
109000063,152,206,-54
109000064,116,274,-158
109000065,81,401,-320
109000066,224,181,43
109000067,40,458,-418
109000068,1429,13,1416
109000069,812,32,780
109000070,4,1111,-1107
109000071,403,97,306
109000072,57,406,-349
109000073,55,126,-71
109000074,18,308,-290
109000075,50,459,-409
109000076,115,212,-97
109000077,515,364,151
109000078,84,133,-49
109000079,140,339,-199
109000080,115,134,-19
109000081,75,838,-763
109000082,489,323,166
109000083,267,1128,-861
109000088,142,819,-677
109000089,197,48,149
109000090,147,736,-589
109000091,174,127,47
109000092,385,1049,-664
109000093,165,179,-14
109000094,298,3,295
109000095,112,864,-752
109000096,543,275,268
109000097,92,191,-99
109000098,72,112,-40
109000099,740,553,187
109000100,221,706,-485
109000101,807,1104,-297
109000102,220,976,-756
109000103,285,724,-439
109000104,901,762,139
109000105,455,1775,-1320
109000106,1339,828,511
109000107,525,2792,-2267
109000108,1325,654,671
109000109,386,2568,-2182
109000110,1091,529,562
109000111,1030,2991,-1961
109000112,306,173,133
109000113,197,184,13
109000114,140,420,-280
109000115,1237,117,1120
109000116,13,203,-190
109000117,149,115,34
109000118,11,408,-397
109000119,743,658,85
109000120,140,1430,-1290
109000121,221,73,148
109000122,86,1357,-1271
109000123,31,95,-64
109000124,504,392,112
109000125,461,357,104
109000126,324,1107,-783
109000127,473,219,254
109000128,456,3202,-2746
109000129,1385,662,723
109000130,611,3408,-2797
109000131,548,357,191
109000132,543,2621,-2078
109000133,283,1217,-934
109000134,869,1651,-782
109000135,1068,1497,-429
109000136,309,506,-197
109000137,193,426,-233
109000138,378,570,-192
109000139,401,559,-158
109000140,78,636,-558
109000141,328,533,-205
109000142,88,696,-608
109000143,50,71,-21
109000145,87,290,-203
109000146,131,90,41
109000148,4788,878,3910
109000149,23,39,-16
109000150,162,199,-37
109000155,469,709,-240
109000156,1757,1087,670
109000158,45,279,-234
109000159,69,956,-887
109000160,780,297,483
109000161,254,2073,-1819
109000162,1500,1153,347
109000163,852,2660,-1808
109000164,942,3483,-2541
109000165,1115,773,342
109000166,518,166,352
109000167,98,1174,-1076
109000170,46,79,-33
109000171,41,51,-10
109000172,49,71,-22
109000173,22,69,-47
109000174,83,68,15
109000175,40,132,-92
109000176,191,265,-74
109000177,23,198,-175
109000178,426,729,-303
109000179,9637,2994,6643
109000180,5508,2689,2819
109000181,7,64,-57
109000182,43,47,-4
109000183,39,53,-14
109000184,37,16,21
109000185,46,97,-51
109000188,272,4105,-3833
109000189,1528,1096,432
109000190,454,541,-87
109000191,217,858,-641
109000192,305,277,28
109000193,166,678,-512
109000194,109,153,-44
109000195,92,596,-504
109000196,199,97,102
109000197,132,685,-553
109000198,206,57,149
109000199,92,851,-759
109000206,284,19,265
109000207,104,27,77
109000208,102,80,22
109000209,124,148,-24
109000210,189,758,-569
109000211,338,394,-56
109000214,270,801,-531
109000215,122,76,46
109000216,290,175,115
109000217,159,80,79
109000218,196,115,81
109000221,443,1580,-1137
109000222,829,317,512
109000223,218,272,-54
109000224,50,418,-368
109000225,56,34,22
109000226,52,434,-382
109000227,736,1964,-1228
109000228,0,425,-425
109000231,1,685,-684
109000232,228,536,-308
109000236,204,1059,-855
109000241,2003,2887,-884
109000242,1517,2146,-629
109000293,7,41,-34
109000361,121,417,-296
109000364,159,800,-641
109000396,4,1180,-1176
109000397,402,9,393
109000399,148,811,-663
109000400,84,437,-353
109000403,63,436,-373
109000406,522,13,509
109000407,231,316,-85
109000408,1,996,-995
109000410,667,226,441
109000411,112,61,51
109900001,101,0,101
109900002,585,16,569
109900003,207,1,206
109900004,747,277,470
109900005,17,9,8
109900006,166,419,-253
109900007,524,1162,-638
109900008,1,60,-59
109900009,118,1049,-931
109900010,394,15,379
109900011,68,35,33
109900012,134,140,-6
109900013,263,115,148
109900014,276,70,206
109900015,359,175,184
109900016,72,56,16
109900017,83,145,-62
109900018,112,159,-47
109900019,105,97,8
109900020,13,35,-22
109900021,21,8,13
109900022,80,519,-439
109900023,16,3,13
109900024,19,3,16
109900025,21,86,-65
109900026,2,275,-273
109900027,26,31,-5
109900028,3452,651,2801
109900029,5,904,-899
109900030,18,10,8
109900031,0,64,-64
109900032,0,395,-395
109900033,6,710,-704
109900034,22,4,18
109900035,13,10,3
109900036,17,138,-121
109900037,45,721,-676
109900038,37,279,-242
109900039,8,4,4
109900040,33,862,-829
109900041,56,598,-542
109900042,17,500,-483
109900044,84,339,-255
109900045,129,71,58
109900046,54,111,-57
109900047,310,408,-98
109900048,0,124,-124
109900049,6,31,-25
109900050,2,468,-466
109900051,0,42,-42
109900052,37,329,-292
109900053,2,761,-759
109900054,417,169,248
109900055,41,318,-277
109900056,33,164,-131
109900057,8,306,-298
109900058,0,179,-179
109900059,396,105,291
109900060,428,191,237
109900061,101,367,-266
109900062,2,398,-396
109900063,11,371,-360
109900064,418,366,52
109900065,197,132,65
109900066,296,1362,-1066
109900067,1,597,-596
109900068,29,1,28
109900069,2,40,-38
109900070,40,315,-275
109900071,1,23,-22
109900072,32,186,-154
109900073,215,1090,-875
109900074,10,42,-32
109900075,11,33,-22
109900076,20,679,-659
109900077,34,69,-35
109900078,109,428,-319
109900080,107,435,-328
109900081,23,109,-86
109900082,52,667,-615
109900083,13,68,-55
109900084,33,202,-169
109900085,212,1742,-1530
109900086,121,266,-145
109900087,292,500,-208
109900089,438,136,302
109900090,414,1924,-1510
109900091,157,86,71
109900092,274,15,259
109900093,454,110,344
109900094,70,133,-63
109900095,94,311,-217
109900096,16,1,15
109900097,84,1,83
109900098,223,18,205
109900099,109,0,109
109900100,30,0,30
109900101,209,8,201
109900102,326,11,315
109900103,14,51,-37
109900104,312,1605,-1293
109900105,469,57,412
109900106,163,85,78
109900107,213,89,124
109900108,74,551,-477
109900109,22,208,-186
109900110,58,759,-701
109900111,348,2229,-1881
109900112,372,1464,-1092
109900113,457,418,39
109900114,569,377,192
109900115,85,69,16
109900117,539,137,402
109900118,276,529,-253
109900119,501,420,81
109900120,62,27,35
109900121,259,354,-95
109900122,246,8,238
109900123,7,238,-231
109900124,30,1104,-1074
109900125,2,316,-314
109900126,152,270,-118
109900128,167,59,108
109900130,17108,1543,15565
109900131,78,199,-121
109900132,23,196,-173
109900133,67,488,-421
109900134,55,51,4
109900135,562,69,493
109900136,28,151,-123
109900137,63,588,-525
109900140,137,579,-442
109900142,686,247,439
109900145,5,205,-200
109900146,328,29,299
109900148,38,77,-39
109900149,41,63,-22
109900150,4,62,-58
109900151,3,58,-55
109900152,0,13,-13
109900153,1,75,-74
109900154,55,0,55
109900155,21,17,4
109900157,97,402,-305
109900158,67,174,-107
109900159,137,19,118
109900160,108,66,42
109900161,208,74,134
109900162,143,85,58
109900163,697,401,296
109900164,40,299,-259
109900165,167,4,163
109900166,3,179,-176
109900167,177,874,-697
109900168,90,708,-618
109900169,106,188,-82
109900170,295,683,-388
109900171,114,123,-9
109900172,144,170,-26
109900173,5235,1697,3538
109900174,54,171,-117
109900175,31,47,-16
109900176,92,281,-189
109900177,29,369,-340
109900178,10,139,-129
109900179,24,37,-13
109900180,6,12,-6
110000001,839,711,128
110000002,730,550,180
110000003,893,691,202
110000004,589,646,-57
110000005,802,1999,-1197
110000006,812,466,346
110000007,123,203,-80
110000008,24,48,-24
110000009,35,82,-47
110000010,36,58,-22
110000011,18,171,-153
110000012,954,695,259
110000013,43,463,-420
110000014,731,382,349
110000015,311,395,-84
110000016,307,1168,-861
110000017,4651,309,4342
110000018,4918,508,4410
110000019,10,261,-251
110000020,878,311,567
110000021,419,393,26
110000022,459,165,294
110000023,9,279,-270
110000024,550,529,21
110000025,144,5,139
110000026,9,1112,-1103
110000027,547,500,47
110000028,720,736,-16
110000029,538,1458,-920
110000030,219,306,-87
110000031,208,936,-728
110000032,606,431,175
110000033,200,88,112
110000034,179,664,-485
110000035,481,1320,-839
110000036,431,658,-227
110000037,144,841,-697
110000038,207,510,-303
110000039,590,1771,-1181
110000040,327,502,-175
110000041,222,1001,-779
110000042,96,250,-154
110000043,360,249,111
110000044,81,75,6
110000045,336,75,261
110000046,5,14,-9
110000047,15,21,-6
110000048,12,46,-34
110000049,50,11,39
110000050,14,31,-17
110000051,36,8,28
110000052,36,37,-1
110000053,53,3,50
110000054,142,392,-250
110000055,285,72,213
110000056,170,76,94
110000057,276,1309,-1033
110000058,765,722,43
110000059,659,538,121
110000060,389,813,-424
110000061,825,982,-157
110000062,738,854,-116
110000063,32,89,-57
110000064,40,170,-130
110000065,42,74,-32
110000066,69,41,28
110000067,73,478,-405
110000068,138,935,-797
110000069,112,89,23
110000071,43,133,-90
110000073,3,22,-19
110000075,5,119,-114
110000076,294,195,99
110000077,545,455,90
110000078,15,42,-27
110000080,305,702,-397
110000081,29,219,-190
110000082,31,296,-265
110000083,247,664,-417
110000084,691,548,143
110000085,2980,1770,1210
110000086,1080,1375,-295
110000087,7,65,-58
110000088,51,250,-199
110000089,155,212,-57
110000090,58,452,-394
110000091,2562,382,2180
110000092,18,143,-125
110000093,46,16,30
110000094,593,296,297
110000095,97,605,-508
110000096,4927,1915,3012
110000097,982,1210,-228
110000098,1639,674,965
110000099,827,1813,-986
110000100,510,1165,-655
110000101,26,662,-636
110000102,40,43,-3
110000104,148,76,72
110000105,46,367,-321
110000106,504,310,194
110000107,416,581,-165
110000108,146,62,84
110000109,290,382,-92
110000110,4854,3948,906
110000111,9111,2340,6771
110000112,1539,600,939
110000113,781,1364,-583
110000114,116,411,-295
110000115,180,260,-80
110000116,34,56,-22
110000117,100,837,-737
110000118,193,324,-131
110000119,170,599,-429
110000120,205,206,-1
110000121,144,430,-286
110000122,320,707,-387
110000123,364,562,-198
110000124,2,844,-842
110000125,855,3,852
110000126,285,24,261
110000127,662,36,626
110000128,35,1593,-1558
110000129,6,758,-752
110000130,174,143,31
110000131,75,533,-458
110000132,6,708,-702
110000133,67,380,-313
110000134,44,387,-343
110000135,210,35,175
110000136,57,347,-290
110000137,422,808,-386
110000138,485,1129,-644
110000139,680,1972,-1292
110000140,1056,517,539
110000143,773,368,405
110000144,4477,1265,3212
110000145,1262,676,586
110000146,1564,698,866
110000147,254,736,-482
110000148,277,446,-169
110000151,636,474,162
110000152,620,388,232
110000153,63,118,-55
110000154,3,20,-17
110000155,1464,2908,-1444
110000156,901,1798,-897
110000157,1113,1661,-548
110000160,300,439,-139
110000161,121,605,-484
110000166,296,207,89
110000167,620,518,102
110000168,759,339,420
110000169,604,329,275
110000170,76,93,-17
110000171,557,184,373
110000172,141,975,-834
110000173,1425,1347,78
110000174,111,1919,-1808
110000175,350,76,274
110000176,36,250,-214
110000177,146,677,-531
110000178,507,804,-297
110000179,2077,490,1587
110000180,126,407,-281
110000181,249,478,-229
110000182,422,431,-9
110000183,14766,5803,8963
110000184,1516,1873,-357
110000185,679,768,-89
110000186,701,774,-73
110000191,453,433,20
110000192,223,2,221
110000193,521,3,518
110000194,12,1762,-1750
110000195,352,475,-123
110000196,214,759,-545
110000197,38,242,-204
110000198,86,98,-12
110000199,61,144,-83
110000200,1322,586,736
110000201,490,649,-159
110000202,1059,537,522
110000203,726,1178,-452
110000204,1,477,-476
110000205,92,56,36
110000206,729,2278,-1549
110000207,597,342,255
110000208,108,120,-12
110000209,117,1250,-1133
110000210,598,860,-262
110000211,419,897,-478
110000212,457,872,-415
110000213,103,61,42
110000214,92,109,-17
110000215,103,788,-685
110000216,59,847,-788
110000217,159,275,-116
110000218,128,629,-501
110000219,170,79,91
110000220,36,615,-579
110000221,240,75,165
110000222,38,479,-441
110000223,8,124,-116
110000224,64,23,41
110000225,172,655,-483
110000226,170,58,112
110000227,632,504,128
110000228,407,337,70
110000229,2,309,-307
110000230,408,821,-413
110000231,171,206,-35
110000232,111,207,-96
110000233,154,394,-240
110000234,469,374,95
110000235,1627,1051,576
110000236,331,1089,-758
110000237,1209,1184,25
110000238,946,1527,-581
110000239,1197,1541,-344
110000240,1,162,-161
110000242,0,14,-14
110000243,77,299,-222
110000244,115,709,-594
110000245,34,775,-741
110000246,463,817,-354
110000247,1396,5549,-4153
110000248,1949,1886,63
110000249,62,9,53
110000250,12,327,-315
110000251,151,676,-525
110000252,158,349,-191
110000253,930,590,340
110000254,601,1953,-1352
110000255,175,1607,-1432
110000256,401,211,190
110000257,600,498,102
110000258,6,731,-725
110000259,56,16,40
110000260,11,665,-654
110000263,527,99,428
110000264,170,925,-755
110000265,780,1306,-526
110000266,1859,2171,-312
110000267,6,218,-212
110000268,282,684,-402
110000269,7,78,-71
110000270,72,4,68
110000271,3066,320,2746
110000272,970,985,-15
110000273,2758,1351,1407
110000274,167,823,-656
110000275,4341,490,3851
110000276,99,236,-137
110000277,179,614,-435
110000278,193,1164,-971
110000279,525,717,-192
110000280,241,451,-210
110000281,16,208,-192
110000282,287,61,226
110000283,44,83,-39
110000284,53,56,-3
110000285,2,225,-223
110000286,26,0,26
110000287,40,2,38
110000288,2,111,-109
110000289,595,1427,-832
110000290,1479,695,784
110000291,8367,1529,6838
110000292,1285,3383,-2098
110000293,400,1165,-765
110000294,582,798,-216
110000295,87,1325,-1238
110000296,198,346,-148
110000297,2383,313,2070
110000298,367,704,-337
110000299,568,32,536
110000301,157,18,139
110000302,249,2056,-1807
110000303,243,2,241
110000304,101,460,-359
110000305,629,14,615
110000306,96,2790,-2694
110000307,859,7,852
110000308,324,5,319
110000309,12,1684,-1672
110000310,445,112,333
110000311,20,1154,-1134
110000312,428,65,363
110000313,2561,2914,-353
110000314,4,540,-536
110000315,3746,1889,1857
110000316,749,1168,-419
110000317,339,318,21
110000318,3,151,-148
110000319,4,24,-20
110000320,38,80,-42
110000321,18,44,-26
110000322,183,776,-593
110000323,262,243,19
110000324,7072,1204,5868
110000325,2399,1784,615
110000327,428,292,136
110000328,163,552,-389
110000333,423,394,29
110000334,631,1660,-1029
110000335,622,539,83
110000336,366,1534,-1168
110000337,846,559,287
110000338,191,337,-146
110000339,173,279,-106
110000340,24,231,-207
110000341,261,717,-456
110000342,435,3,432
110000343,0,11,-11
110000344,73,207,-134
110000345,73,86,-13
110000346,2548,1252,1296
110000347,908,710,198
110000348,12,27,-15
110000349,8,23,-15
110000350,38,7,31
110000351,548,885,-337
110000352,406,1483,-1077
110000353,4324,701,3623
110000354,1096,1921,-825
110000355,70,69,1
110000356,881,27,854
110000357,191,14,177
110000361,17,148,-131
110000362,40,91,-51
110000363,198,137,61
110000364,108,627,-519
110000365,125,0,125
110000366,0,118,-118
110000367,227,299,-72
110000368,1,81,-80
110000369,38,1,37
110000373,13,375,-362
110000374,59,2,57
110000375,168,1063,-895
110000376,25,123,-98
110000377,73,369,-296
110000378,17,334,-317
110000379,5169,1175,3994
110000380,33,24,9
110000383,3,1116,-1113
110000384,1971,867,1104
110000385,0,222,-222
110000387,51,6,45
110000388,30,285,-255
110000389,524,3,521
110000391,357,368,-11
110000396,81,150,-69
110000397,65,345,-280
110000398,8,35,-27
110000399,170,3,167
110000587,91,27,64
110000589,155,202,-47
110000640,144,123,21
110000652,8,153,-145
110000653,202,618,-416
110000654,38,22,16
110000656,2,761,-759
110000674,23,34,-11
110000675,7,23,-16
110000676,9,64,-55
110000679,555,841,-286
110000682,112,143,-31
110000683,309,555,-246
110000684,0,43,-43
110000685,19,22,-3
110000686,1,26,-25
110000687,25,1,24
110000688,32,659,-627
110000689,40,59,-19
110000692,91,389,-298
110000693,117,248,-131
110000694,2,159,-157
110000695,154,922,-768
110000696,173,214,-41
110900001,184,6,178
110900002,101,295,-194
110900003,344,1223,-879
110900004,226,215,11
110900005,5677,1515,4162
110900006,34,6,28
110900007,104,12,92
110900008,4,65,-61
110900009,301,51,250
110900010,2,80,-78
110900011,10,166,-156
110900012,9,141,-132
110900013,642,180,462
110900014,105,14,91
110900015,1293,461,832
110900016,9,231,-222
110900017,271,59,212
110900018,369,50,319
110900019,86,31,55
110900020,47,627,-580
110900021,74,774,-700
110900022,100,533,-433
110900023,70,821,-751
110900024,27,675,-648
110900025,5,66,-61
110900027,31,404,-373
110900028,23,260,-237
110900029,37,533,-496
110900030,16,558,-542
110900031,2,187,-185
110900032,0,134,-134
110900033,39,398,-359
110900035,23,716,-693
110900036,125,24,101
110900037,55,27,28
110900038,1918,252,1666
110900039,4,284,-280
110900040,188,49,139
110900041,5,239,-234
110900042,101,82,19
110900043,3,189,-186
110900044,287,23,264
110900045,52,853,-801
110900046,155,403,-248
110900047,1065,153,912
110900049,41,40,1
110900050,9,3,6
110900051,47,244,-197
110900052,6,268,-262
110900053,67,54,13
110900054,32,396,-364
110900055,13,0,13
110900056,37,103,-66
110900057,2,328,-326
110900058,104,312,-208
110900059,660,1044,-384
110900060,419,103,316
110900061,20,34,-14
110900062,105,384,-279
110900063,51,84,-33
110900064,9,0,9
110900065,413,151,262
110900066,18,76,-58
110900067,652,594,58
110900068,227,297,-70
110900069,3,36,-33
110900070,109,64,45
110900071,324,373,-49
110900073,1,28,-27
110900074,250,146,104
110900075,272,72,200
110900077,501,545,-44
110900078,17,188,-171
110900079,2673,720,1953
110900080,106,56,50
110900081,2,156,-154
110900082,62,408,-346
110900083,84,25,59
110900084,48,346,-298
110900085,40,588,-548
110900086,39,229,-190
110900087,183,84,99
110900088,15,0,15
110900090,39,28,11
110900091,1,75,-74
110900093,249,87,162
110900095,34,58,-24
110900097,5,17,-12
110900098,12,172,-160
110900099,47,827,-780
110900100,0,31,-31
110900102,35,28,7
110900105,741,582,159
110900108,8,190,-182
110900111,314,87,227
110900112,591,5,586
110900113,623,62,561
110900115,13,147,-134
110900116,334,3584,-3250
110900118,105,1817,-1712
110900119,6982,319,6663
110900120,4,289,-285
110900121,50,1,49
110900122,217,162,55
110900125,254,272,-18
110900127,332,840,-508
110900128,439,316,123
110900129,269,410,-141
110900130,1381,408,973
110900131,119,64,55
110900132,203,34,169
110900133,47,366,-319
110900135,80,661,-581
110900136,203,12,191
110900139,7,0,7
110900140,0,0,0
110900141,214,96,118
110900142,52,272,-220
110900143,70,62,8
110900144,2,893,-891
110900145,86,26,60
110900146,325,76,249
110900147,338,318,20
110900148,3,415,-412
110900149,0,82,-82
110900150,18,31,-13
110900151,3,82,-79
110900152,30,595,-565
110900153,83,40,43
111000001,403,520,-117
111000002,785,921,-136
111000003,937,805,132
111000004,597,1476,-879
111000005,1100,921,179
111000006,1227,1616,-389
111000007,5585,2521,3064
111000008,4946,3675,1271
111000009,360,989,-629
111000010,628,323,305
111000011,374,1112,-738
111000012,547,388,159
111000013,283,1420,-1137
111000014,788,704,84
111000017,157,622,-465
111000018,240,423,-183
111000020,3009,2733,276
111000021,181,164,17
111000023,95,194,-99
111000025,9131,2731,6400
111000029,58,99,-41
111000030,42,101,-59
111000031,1917,1016,901
111000032,583,209,374
111000033,322,205,117
111000034,452,232,220
111000037,4112,1299,2813
111000038,3086,3047,39
111000039,1223,3262,-2039
111000040,1482,3685,-2203
111000041,1568,2084,-516
111000042,6933,2804,4129
111000043,2232,1887,345
111000044,1232,944,288
111000045,1479,2089,-610
111000046,845,1575,-730
111000047,1538,2242,-704
111000049,286,646,-360
111000050,2497,2140,357
111000051,429,1401,-972
111000052,509,1756,-1247
111000053,342,1399,-1057
111000054,235,1642,-1407
111000055,1322,2257,-935
111000056,128,845,-717
111000057,60,1042,-982
111000058,232,131,101
111000059,225,363,-138
111000060,2650,835,1815
111000061,395,347,48
111000062,638,230,408
111000063,1456,935,521
111000064,376,664,-288
111000065,905,856,49
111000066,274,317,-43
111000067,450,796,-346
111000068,322,923,-601
111000069,1704,2142,-438
111000070,2939,1283,1656
111000071,278,1102,-824
111000072,587,460,127
111000073,235,710,-475
111000074,1349,1667,-318
111000075,780,906,-126
111000076,338,1080,-742
111000077,1253,1583,-330
111000078,2146,1343,803
111000079,1326,829,497
111000080,406,735,-329
111000081,2419,3390,-971
111000082,550,817,-267
111000084,552,634,-82
111000085,938,1734,-796
111000086,4309,1528,2781
111000087,741,930,-189
111000088,8445,2046,6399
111000089,656,1047,-391
111000090,1412,1539,-127
111000091,662,826,-164
111000092,1011,1324,-313
111000093,433,832,-399
111000094,1510,978,532
111000095,799,2256,-1457
111000096,3117,6884,-3767
111000097,7573,1169,6404
111000098,731,1713,-982
111000099,556,3062,-2506
111000100,307,3052,-2745
111000101,366,1054,-688
111000102,137,1129,-992
111000104,306,271,35
111000107,92,1100,-1008
111000109,201,236,-35
111000110,778,473,305
111000111,1280,468,812
111000112,1146,390,756
111000113,821,844,-23
111000114,2120,2099,21
111000115,9041,1183,7858
111000116,880,1098,-218
111000117,472,941,-469
111000118,1382,1215,167
111000119,811,1972,-1161
111000120,341,680,-339
111000121,238,613,-375
111000122,622,1117,-495
111000123,873,3621,-2748
111000124,502,4485,-3983
111000125,219,2585,-2366
111000126,110,1296,-1186
111000127,606,156,450
111000128,954,383,571
111000129,1469,446,1023
111000130,1171,763,408
111000131,940,554,386
111000132,654,441,213
111000133,116,177,-61
111000134,125,156,-31
111000135,36,123,-87
111000136,298,293,5
111000138,4,23,-19
111000140,2,3,-1
111000141,172,441,-269
111000142,29,154,-125
111000143,11,128,-117
111000144,34,142,-108
111000145,1130,9,1121
111000146,45,7,38
111000147,215,28,187
111000148,139,110,29
111000149,8,33,-25
111000150,10,3,7
111000151,4,25,-21
111000153,583,605,-22
111000154,755,246,509
111000155,115,187,-72
111000156,425,507,-82
111000157,166,699,-533
111000158,946,546,400
111000159,3072,714,2358
111000160,272,472,-200
111000161,14,306,-292
111000162,40,214,-174
111000163,414,898,-484
111000164,846,2951,-2105
111000165,1496,566,930
111000166,1798,407,1391
111000167,220,600,-380
111000168,222,511,-289
111000169,304,659,-355
111000170,425,465,-40
111000171,379,1232,-853
111000172,141,974,-833
111000173,225,2240,-2015
111000174,158,1106,-948
111000175,59,360,-301
111000176,148,215,-67
111000177,179,387,-208
111000178,559,340,219
111000179,89,247,-158
111000180,139,345,-206
111000181,665,349,316
111000182,146,226,-80
111000183,207,267,-60
111000184,285,248,37
111000185,338,586,-248
111000186,265,384,-119
111000187,97,303,-206
111000188,120,547,-427
111000189,1748,606,1142
111000190,196,605,-409
111000191,130,590,-460
111000192,257,768,-511
111000193,646,419,227
111000194,31,534,-503
111000195,92,594,-502
111000196,49,483,-434
111000197,254,174,80
111000198,376,110,266
111000199,147,167,-20
111000200,179,343,-164
111000201,347,264,83
111000202,162,225,-63
111000203,194,238,-44
111000204,359,637,-278
111000213,153,408,-255
111000214,1326,2442,-1116
111000215,871,1864,-993
111000217,1095,1475,-380
111000218,798,1201,-403
111000219,449,268,181
111000220,3388,458,2930
111000221,840,140,700
111000224,129,465,-336
111000225,307,225,82
111000226,193,3,190
111000227,35,8,27
111000228,11,159,-148
111000229,25,418,-393
111000230,238,803,-565
111000231,661,1761,-1100
111000232,350,937,-587
111000233,322,796,-474
111000234,82,239,-157
111000239,109,237,-128
111000240,27,155,-128
111000241,26,544,-518
111000242,71,64,7
111000243,81,1029,-948
111000244,247,135,112
111000245,659,775,-116
111000246,239,832,-593
111000247,131,1331,-1200
111000248,491,538,-47
111000249,376,984,-608
111000250,31,182,-151
111000251,31,167,-136
111000253,11,9,2
111000255,9,5,4
111000257,12,8,4
111000260,73,1505,-1432
111000261,623,69,554
111000271,49,372,-323
111000273,9300,1487,7813
111000274,1296,1831,-535
111000275,114,70,44
111000276,323,2445,-2122
111000277,110,549,-439
111000278,537,250,287
111000291,512,2892,-2380
111000298,394,356,38
111000299,578,176,402
111000300,99,857,-758
111000302,238,100,138
111000303,73,346,-273
111000312,36,59,-23
111000315,32,466,-434
111000320,341,894,-553
111000321,198,67,131
111000322,243,655,-412
111000323,143,12,131
111000324,293,347,-54
111000325,31,69,-38
111000326,134,362,-228
111000327,359,674,-315
111000328,184,484,-300
111000329,0,19,-19
111000330,31,11,20
111000331,7,3,4
111000332,359,1573,-1214
111000334,404,2206,-1802
111000335,400,169,231
111000337,574,433,141
111000338,23,173,-150
111000339,227,792,-565
111000340,97,1163,-1066
111000341,749,460,289
111000342,202,306,-104
111000344,668,960,-292
111000345,239,49,190
111000346,35,131,-96
111000347,50,3,47
111000350,119,182,-63
111000351,99,203,-104
111000352,145,347,-202
111000353,69,273,-204
111000354,226,679,-453
111000355,248,1271,-1023
111000358,106,2448,-2342
111000360,87,1320,-1233
111000361,102,674,-572
111000546,347,936,-589
111000547,212,1157,-945
111000548,57,233,-176
111000549,138,647,-509
111000550,69,461,-392
111000551,688,230,458
111000552,1097,88,1009
111000907,402,53,349
111000908,21,1,20
111000916,921,294,627
111000917,36,461,-425
111000918,142,1567,-1425
111000920,284,12,272
111000921,0,587,-587
111000922,246,362,-116
111000924,37,1562,-1525
111000925,1399,1944,-545
111000926,870,3476,-2606
111000927,2738,4391,-1653
111000928,6993,4856,2137
111000929,866,1008,-142
111000930,718,3099,-2381
111000931,1499,2104,-605
111000932,4416,2920,1496
111000933,3191,1778,1413
111000934,2496,3119,-623
111000935,819,929,-110
111000936,999,2628,-1629
111000937,702,1192,-490
111000938,1939,2669,-730
111000939,225,49,176
111000940,229,208,21
111000941,155,962,-807
111000943,220,298,-78
111000944,144,882,-738
111000945,49,3108,-3059
111001109,357,240,117
111001110,192,717,-525
111001111,37,7,30
111001112,74,7,67
111001113,2,114,-112
111001114,1173,88,1085
111001115,135,369,-234
111001116,6307,2552,3755
111001117,677,986,-309
111001120,79,503,-424
111001121,157,423,-266
111001122,175,962,-787
111001123,99,176,-77
111001124,52,470,-418
111001125,0,36,-36
111001126,10,111,-101
111900001,5,255,-250
111900002,7,1074,-1067
111900003,5,513,-508
111900004,26,164,-138
111900006,6,22,-16
111900007,46,2,44
111900008,58,0,58
111900009,50,17,33
111900010,384,806,-422
111900012,103,154,-51
111900013,12,69,-57
111900014,9536,2357,7179
111900015,1,113,-112
111900016,0,257,-257
111900017,1,179,-178
111900018,70,2,68
111900019,2,101,-99
111900020,4,50,-46
111900021,36,132,-96
111900022,10,80,-70
111900023,158,73,85
111900024,7,82,-75
111900025,0,37,-37
111900026,0,143,-143
111900027,6,233,-227
111900028,1,513,-512
111900029,1,153,-152
111900030,57,600,-543
111900031,1,25,-24
111900032,3,562,-559
111900033,7,137,-130
111900034,423,1103,-680
111900035,13,319,-306
111900036,2,497,-495
111900038,364,1016,-652
111900039,30,597,-567
111900040,3,931,-928
111900042,31,162,-131
111900043,2,648,-646
111900044,274,398,-124
111900046,47,267,-220
111900048,143,1324,-1181
111900049,33,381,-348
111900050,55,22,33
111900051,0,455,-455
111900052,506,868,-362
111900053,1547,527,1020
111900054,82,4,78
111900055,16,850,-834
111900056,208,114,94
111900057,27,53,-26
111900058,235,1058,-823
111900059,4349,334,4015
111900060,280,5,275
111900061,18,324,-306
111900062,30,38,-8
111900063,140,274,-134
111900064,142,320,-178
111900065,48,23,25
111900066,92,117,-25
111900067,2,434,-432
111900068,30,17,13
111900069,43,30,13
111900070,93,131,-38
111900071,1,443,-442
111900072,39,19,20
111900073,409,72,337
111900074,13,282,-269
111900075,55,1,54
111900076,88,37,51
111900077,19,0,19
111900078,146,18,128
111900079,39,14,25
111900080,188,199,-11
111900082,79,26,53
111900083,58,12,46
111900084,50,3,47
111900085,25,80,-55
111900086,32,13,19
111900087,21,1,20
111900088,287,4,283
111900089,116,5,111
111900090,34,16,18
111900091,131,4,127
111900092,27,0,27
111900093,219,0,219
111900094,61,0,61
111900095,115,13,102
111900096,67,0,67
111900097,20,0,20
111900098,84,1,83
111900099,39,0,39
111900100,32,7,25
111900101,53,28,25
111900102,184,1132,-948
111900103,46,58,-12
111900104,78,46,32
111900105,220,112,108
111900106,1646,60,1586
111900110,3393,298,3095
111900111,58,238,-180
111900112,1085,1292,-207
111900113,350,83,267
111900118,225,57,168
111900119,174,97,77
111900122,58,24,34
111900123,11,31,-20
111900124,16,188,-172
111900125,272,21,251
111900126,176,4,172
111900127,5,954,-949
111900128,4,830,-826
111900129,167,5,162
111900130,120,17,103
111900131,268,1,267
111900132,29,2068,-2039
111900133,5,549,-544
111900134,16,432,-416
111900135,5,19,-14
111900136,53,140,-87
111900137,69,72,-3
111900138,9,196,-187
111900139,23,282,-259
111900140,48,32,16
111900141,66,6,60
111900142,82,27,55
111900143,6,267,-261
111900144,17,175,-158
111900145,1,838,-837
111900146,4,457,-453
111900147,159,698,-539
111900148,37,1331,-1294
111900149,2,511,-509
111900150,17,250,-233
111900151,2,21,-19
111900152,88,66,22
111900153,2257,298,1959
111900154,7,188,-181
111900155,31,41,-10
111900156,27,48,-21
111900157,49,10,39
111900158,256,16,240
111900159,162,5,157
111900160,158,0,158
111900161,87,24,63
111900162,110,155,-45
111900163,35,486,-451
111900164,74,33,41
111901113,239,468,-229
111901114,128,459,-331
111901115,33,1,32
111901116,32,1,31
111901117,17,23,-6
111901118,237,137,100
111901119,2239,188,2051
111901121,209,680,-471
111901122,4,866,-862
111901123,99,535,-436
111901124,99,3,96
111901125,241,264,-23
111901127,1249,317,932
111901128,6,162,-156
111901129,2,281,-279
111901130,9,344,-335
111901131,1,371,-370
111901132,36,6,30
111901133,24,0,24
111901134,59,0,59
111901135,8,3,5
111901136,2,16,-14
111901138,104,54,50
111901139,27,63,-36
111901140,5,170,-165
111901141,6,413,-407
111901142,8,360,-352
111901143,4,214,-210
111901144,36,38,-2
111901145,162,178,-16
111901146,479,23,456
111901147,1216,81,1135
111901148,19,38,-19
111901149,3,0,3
112000001,1446,982,464
112000002,703,2741,-2038
112000003,518,1098,-580
112000004,626,2169,-1543
112000005,1898,1948,-50
112000006,1885,2827,-942
112000007,1674,1281,393
112000008,2101,3864,-1763
112000009,4550,4805,-255
112000010,1964,2634,-670
112000011,1867,2885,-1018
112000012,3849,2099,1750
112000013,5117,3377,1740
112000014,2232,664,1568
112000015,2523,2654,-131
112000016,3290,634,2656
112000017,1458,1255,203
112000024,2809,892,1917
112000026,5438,6286,-848
112000027,820,482,338
112000028,2182,2052,130
112000029,300,465,-165
112000030,225,111,114
112000031,1168,2790,-1622
112000032,505,54,451
112000033,1416,782,634
112000034,248,52,196
112000035,64,265,-201
112000036,619,621,-2
112000037,805,659,146
112000038,964,873,91
112000039,46,102,-56
112000040,142,269,-127
112000041,556,532,24
112000042,1234,329,905
112000050,868,1435,-567
112000051,689,949,-260
112000054,1754,2942,-1188
112000057,469,422,47
112000058,278,584,-306
112000059,609,641,-32
112000061,4980,2024,2956
112000062,2062,609,1453
112000063,1687,1004,683
112000064,4942,6572,-1630
112000065,2400,3419,-1019
112000066,3169,1032,2137
112000067,860,832,28
112000068,2102,1593,509
112000069,754,2532,-1778
112000070,1461,716,745
112000071,625,3448,-2823
112000072,1146,1071,75
112000073,1087,1929,-842
112000074,834,938,-104
112000075,987,1237,-250
112000076,3172,3206,-34
112000077,447,810,-363
112000078,928,712,216
112000079,906,1425,-519
112000080,487,983,-496
112000081,1393,2215,-822
112000082,1145,867,278
112000083,533,1725,-1192
112000084,945,842,103
112000085,842,1599,-757
112000086,1189,2034,-845
112000087,282,645,-363
112000088,350,933,-583
112000089,174,333,-159
112000090,129,457,-328
112000091,614,1417,-803
112000092,1250,1021,229
112000093,1469,1280,189
112000094,411,931,-520
112000095,489,902,-413
112000096,313,763,-450
112000097,740,550,190
112000098,937,1936,-999
112000099,481,798,-317
112000100,933,1179,-246
112000101,367,1185,-818
112000102,599,814,-215
112000103,306,1499,-1193
112000105,535,2924,-2389
112000106,950,701,249
112000107,34,145,-111
112000108,194,2763,-2569
112000109,97,134,-37
112000110,1105,615,490
112000111,1243,4604,-3361
112000112,2084,761,1323
112000113,848,2358,-1510
112000114,1652,1322,330
112000115,230,706,-476
112000116,334,1302,-968
112000117,699,946,-247
112000118,988,1017,-29
112000119,388,1271,-883
112000120,60,480,-420
112000121,75,1048,-973
112000122,167,143,24
112000123,344,160,184
112000124,230,63,167
112000125,98,154,-56
112000126,120,1196,-1076
112000127,2023,1402,621
112000128,1178,754,424
112000129,97,103,-6
112000130,136,64,72
112000131,18,590,-572
112000132,79,326,-247
112000133,219,528,-309
112000134,275,390,-115
112000135,591,837,-246
112000136,967,1228,-261
112000137,928,1734,-806
112000138,959,1179,-220
112000139,907,392,515
112000140,1021,1288,-267
112000141,462,253,209
112000142,163,1149,-986
112000143,785,253,532
112000144,238,2509,-2271
112000145,1447,706,741
112000146,670,3315,-2645
112000147,1371,2025,-654
112000148,1601,3281,-1680
112000149,249,1264,-1015
112000150,139,750,-611
112000151,396,903,-507
112000152,173,416,-243
112000153,264,383,-119
112000154,85,137,-52
112000155,116,131,-15
112000157,679,468,211
112000158,215,1150,-935
112000159,289,295,-6
112000167,236,47,189
112000169,458,382,76
112000173,439,243,196
112000175,280,604,-324
112000176,4176,2195,1981
112000177,324,82,242
112000178,70,817,-747
112000179,118,190,-72
112000180,194,316,-122
112000181,1043,2419,-1376
112000182,604,2414,-1810
112000183,36,61,-25
112000184,264,904,-640
112000185,285,616,-331
112000187,2963,2284,679
112000195,129,16,113
112000196,104,1,103
112000197,113,114,-1
112000198,28,403,-375
112000199,1356,1148,208
112000202,213,1,212
112000216,49,228,-179
112000230,32,2,30
112000231,3,416,-413
112000256,20,159,-139
112000313,203,183,20
112000314,33,18,15
112000337,193,589,-396
112000352,283,245,38
112000392,1855,1397,458
112000398,783,833,-50
112000399,3204,1368,1836
112000400,2012,4753,-2741
112000401,2739,3115,-376
112000402,1435,2432,-997
112000403,1681,1781,-100
112000404,374,597,-223
112000405,1271,2375,-1104
112000406,3717,3805,-88
112000407,4078,5859,-1781
112000408,9092,8217,875
112000409,1707,6061,-4354
112000410,406,136,270
112000411,6478,816,5662
112000412,1353,433,920
112000413,12514,3042,9472
112000414,67,169,-102
112000415,68,70,-2
112000416,1416,1425,-9
112000417,200,73,127
112000421,24,229,-205
112000422,251,738,-487
112000424,3602,1819,1783
112000425,395,2265,-1870
112000426,79,280,-201
112000427,0,22,-22
112000428,120,747,-627
112000429,2003,3046,-1043
112000430,2316,3009,-693
112000431,76,136,-60
112000432,560,3199,-2639
112000433,489,799,-310
112000437,54,389,-335
112900001,29,3,26
112900002,172,1577,-1405
112900003,41,399,-358
112900004,22,329,-307
112900005,126,224,-98
112900006,5,520,-515
112900007,29,303,-274
112900008,2,39,-37
112900009,261,59,202
112900010,203,921,-718
112900011,365,383,-18
112900012,1,62,-61
112900013,3,178,-175
112900014,1,349,-348
112900015,353,1209,-856
112900016,5,380,-375
112900017,37,326,-289
112900018,3,452,-449
112900019,66,191,-125
112900020,412,1757,-1345
112900021,3,337,-334
112900022,3,96,-93
112900023,0,395,-395
112900024,28,255,-227
112900025,75,343,-268
112900026,10,415,-405
112900027,6,1629,-1623
112900028,13,163,-150
112900029,10,923,-913
112900030,284,230,54
112900031,5,750,-745
112900032,87,285,-198
112900034,2,79,-77
112900035,5,607,-602
112900036,32,146,-114
112900037,112,170,-58
112900038,313,127,186
112900039,18,417,-399
112900040,8,430,-422
112900041,1647,840,807
112900042,55,669,-614
112900043,26,42,-16
112900044,995,499,496
112900045,608,448,160
112900046,221,83,138
112900047,13,28,-15
112900049,78,83,-5
112900050,82,672,-590
112900051,273,890,-617
112900052,8,1697,-1689
112900053,419,179,240
112900054,318,24,294
112900055,121,26,95
112900056,352,133,219
112900057,7,1003,-996
112900058,234,199,35
112900059,112,146,-34
112900060,7,377,-370
112900061,62,165,-103
112900062,45,134,-89
112900063,125,10,115
112900064,154,297,-143
112900065,22,14,8
112900066,148,72,76
112900067,590,165,425
112900068,23,32,-9
112900069,2711,502,2209
112900071,14,11,3
112900072,476,991,-515
112900073,206,70,136
112900074,60,93,-33
112900075,2496,607,1889
112900076,120,18,102
112900078,177,212,-35
112900079,145,22,123
112900080,15,6,9
112900081,20,120,-100
112900082,254,28,226
112900083,87,49,38
112900084,92,57,35
112900086,60,1,59
112900087,342,91,251
112900088,58,9,49
112900089,565,29,536
112900090,17,8,9
112900091,111,3,108
112900092,135,200,-65
112900093,786,4,782
112900095,36,0,36
112900096,222,104,118
112900097,55,502,-447
112900098,33,0,33
112900099,416,7,409
112900100,32,0,32
112900101,184,0,184
112900102,54,7,47
112900103,121,0,121
112900104,67,1,66
112900105,20,0,20
112900106,269,75,194
112900107,6,0,6
112900108,18,0,18
112900109,45,1,44
112900110,564,4,560
112900111,393,1,392
112900112,127,0,127
112900113,0,16,-16
112900114,61,28,33
112900115,551,0,551
112900116,62,58,4
112900117,137,139,-2
112900118,35,101,-66
112900119,121,2,119
112900120,863,263,600
112900121,275,231,44
112900122,22,192,-170
112900123,152,9,143
112900124,5,162,-157
112900125,31,323,-292
112900126,125,236,-111
112900127,263,71,192
112900128,468,1032,-564
112900129,3,1136,-1133
112900130,187,61,126
112900131,39,408,-369
112900132,57,523,-466
112900133,24,1131,-1107
112900134,0,351,-351
112900135,46,36,10
112900137,2,840,-838
112900138,10,611,-601
112900139,291,1353,-1062
112900141,341,29,312
112900142,51,153,-102
112900143,58,861,-803
112900144,3,447,-444
112900145,46,572,-526
112900146,15,2042,-2027
112900147,5,3164,-3159
112900148,37,2,35
112900149,172,629,-457
112900151,26,50,-24
112900152,5128,982,4146
112900153,2097,1201,896
112900154,2,131,-129
112900155,115,4,111
112900156,168,2054,-1886
112900157,184,168,16
112900158,28,16,12
112900159,119,51,68
112900160,52,387,-335
112900161,85,22,63
112900162,35,8,27
112900163,150,18,132
112900164,41,101,-60
112900165,57,49,8
112900166,28,44,-16
112900167,10,22,-12
112900168,4,2,2
112900169,16,16,0
112900170,38,131,-93
112900172,83,15,68
112900173,238,106,132
112900174,261,33,228
112900175,149,109,40
112900176,17,18,-1
112900177,201,30,171
112900178,568,1322,-754
112900179,54,534,-480
112900180,907,2149,-1242
112900181,332,3,329
112900182,45,1707,-1662
112900183,119,240,-121
112900184,466,331,135
112900185,258,389,-131
112900186,1317,594,723
112900187,61,349,-288
112900188,652,239,413
112900189,4,24,-20
112900190,1,65,-64
112900192,367,341,26
112900193,948,295,653
112900194,24,188,-164
112900195,463,38,425
112900196,217,557,-340
112900197,162,437,-275
112900199,328,766,-438
112900200,313,338,-25
112900201,49,87,-38
112900202,250,1221,-971
112900203,128,437,-309
112900204,949,406,543
112900205,7,3,4
112900206,20,115,-95
112900207,8,0,8
112900208,66,138,-72
112900209,539,478,61
112900210,0,34,-34
112900211,54,25,29
112900212,0,114,-114
112900213,22,11,11
112900214,40,6,34
112900215,6,240,-234
112900216,34,107,-73
112900217,0,59,-59
112900218,18,43,-25
112900219,38,63,-25
112900220,2,0,2
112900221,14,234,-220
112900222,0,34,-34
112900223,524,2,522
112900224,129,1080,-951
112900225,251,802,-551
112900226,154,265,-111
112900227,267,1874,-1607
112900228,32,25,7
112900229,76,60,16
112900230,8359,3113,5246
112900232,139,131,8
112900233,73,296,-223
112900234,8,197,-189
112900235,56,14,42
112900236,128,13,115
112900237,86,621,-535
112900238,0,46,-46
112900239,717,377,340
112900240,3,199,-196
112900241,7,226,-219
112900242,5,422,-417
112900243,7,288,-281
112900244,2,112,-110
112900245,3,53,-50
112900246,0,11,-11
112900247,84,21,63
112900248,20,0,20
112900249,30,7,23
112900250,36,22,14
112900251,29,22,7
112900252,24,15,9
112900253,16,5,11
112900254,3,6,-3
112900255,2,25,-23
112900256,5,22,-17
112900257,12,24,-12
112900258,5,10,-5
113000001,4719,6751,-2032
113000002,3229,4192,-963
113000003,1966,2656,-690
113000004,2000,2989,-989
113000005,1227,1329,-102
113000006,1067,1572,-505
113000007,1269,1590,-321
113000008,1377,2427,-1050
113000009,859,1037,-178
113000010,1093,1996,-903
113000011,806,1625,-819
113000012,970,1152,-182
113000013,1100,631,469
113000014,1796,1314,482
113000015,613,259,354
113000016,317,346,-29
113000017,28,273,-245
113000018,339,67,272
113000019,39,223,-184
113000020,153,19,134
113000021,1526,599,927
113000022,550,1717,-1167
113000025,127,331,-204
113000026,227,435,-208
113000027,1427,444,983
113000028,1154,319,835
113000029,840,693,147
113000030,530,609,-79
113000031,299,349,-50
113000032,267,310,-43
113000033,298,453,-155
113000034,498,447,51
113000035,21,42,-21
113000036,21,57,-36
113000037,78,36,42
113000038,9,56,-47
113000039,55,744,-689
113000040,44,97,-53
113000042,842,650,192
113000051,768,2457,-1689
113000052,2457,1304,1153
113000053,326,693,-367
113000054,228,984,-756
113000055,984,1278,-294
113000056,740,1607,-867
113000058,715,863,-148
113000059,1306,741,565
113000060,185,601,-416
113000061,720,889,-169
113000062,1479,287,1192
113000063,72,377,-305
113000064,22,635,-613
113000065,145,1587,-1442
113000066,515,109,406
113000067,1267,1634,-367
113000068,379,2749,-2370
113000069,498,1831,-1333
113000070,1388,1073,315
113000071,337,933,-596
113000072,513,573,-60
113000073,543,1838,-1295
113000074,795,428,367
113000075,2112,758,1354
113000076,1529,2203,-674
113000077,1223,505,718
113000078,775,2152,-1377
113000079,700,831,-131
113000080,620,573,47
113000081,682,776,-94
113000082,958,780,178
113000083,542,870,-328
113000084,1536,1209,327
113000085,824,720,104
113000086,985,1696,-711
113000087,955,797,158
113000088,2400,1468,932
113000089,921,1352,-431
113000090,242,528,-286
113000091,638,293,345
113000094,956,214,742
113000095,204,1357,-1153
113000096,192,1011,-819
113000097,893,386,507
113000098,100,40,60
113000099,1061,301,760
113000100,151,531,-380
113000101,395,597,-202
113000102,495,325,170
113000103,2909,630,2279
113000104,324,3421,-3097
113000105,397,590,-193
113000106,271,585,-314
113000107,666,1295,-629
113000108,1089,1951,-862
113000109,531,4902,-4371
113000110,1647,574,1073
113000111,190,951,-761
113000112,377,493,-116
113000113,1785,561,1224
113000114,372,1581,-1209
113000116,640,295,345
113000117,880,111,769
113000118,133,348,-215
113000119,262,313,-51
113000120,29,215,-186
113000121,354,837,-483
113000124,214,140,74
113000125,42,645,-603
113000127,4176,545,3631
113000128,521,470,51
113000129,528,1464,-936
113000133,4850,1274,3576
113000134,4,1138,-1134
113000135,2824,3208,-384
113000137,1984,2274,-290
113000139,279,143,136
113000140,131,296,-165
113000141,205,126,79
113000142,508,940,-432
113000143,215,188,27
113000144,288,770,-482
113000145,35,147,-112
113000146,116,81,35
113000147,116,152,-36
113000148,121,173,-52
113000149,62,173,-111
113000150,501,522,-21
113000151,69,74,-5
113000152,37,213,-176
113000153,1825,533,1292
113000154,612,1437,-825
113000155,305,490,-185
113000156,166,458,-292
113000157,312,940,-628
113000158,579,213,366
113000159,655,783,-128
113000160,664,1368,-704
113000161,256,610,-354
113000162,527,472,55
113000163,59,72,-13
113000164,14,70,-56
113000166,84,105,-21
113000167,16,207,-191
113000168,41,216,-175
113000169,108,93,15
113000170,129,121,8
113000171,48,110,-62
113000172,274,101,173
113000173,34,16,18
113000174,117,617,-500
113000175,375,160,215
113000176,397,233,164
113000177,234,601,-367
113000178,148,521,-373
113000179,260,174,86
113000180,612,2001,-1389
113000181,919,1275,-356
113000182,256,423,-167
113000183,198,702,-504
113000184,16,104,-88
113000189,524,747,-223
113000190,1272,515,757
113000192,3318,1357,1961
113000193,6364,1146,5218
113000194,2416,1110,1306
113000195,2780,599,2181
113000196,166,107,59
113000197,1436,1052,384
113000198,84,414,-330
113000199,717,402,315
113000201,1009,205,804
113000202,4446,3484,962
113000203,558,266,292
113000204,2169,1615,554
113000205,40,21,19
113000206,6,47,-41
113000207,63,14,49
113000208,41,58,-17
113000209,24,21,3
113000210,4,33,-29
113000211,321,236,85
113000212,303,40,263
113000213,28,190,-162
113000214,156,335,-179
113000234,136,1543,-1407
113000410,242,134,108
113000411,2566,4629,-2063
113000412,10681,2724,7957
113000413,3799,2578,1221
113000414,8704,9685,-981
113000415,2509,2944,-435
113000416,9391,4171,5220
113000417,3208,3014,194
113000418,3077,2623,454
113000419,1364,1740,-376
113000420,3327,4084,-757
113000421,3579,5257,-1678
113000422,15110,9243,5867
113000423,2123,3806,-1683
113000424,4418,9490,-5072
113000425,6,89,-83
113000428,249,80,169
113000430,43,172,-129
113000432,1648,140,1508
113000433,138,1232,-1094
113000434,18,381,-363
113000435,22,1212,-1190
113000436,63,1956,-1893
113000437,506,18,488
113000438,188,32,156
113000439,21,228,-207
113000440,91,23,68
113000441,169,402,-233
113000442,138,395,-257
113000443,160,511,-351
113000444,112,517,-405
113000445,75,203,-128
113000446,40,87,-47
113000448,488,188,300
113000449,343,1114,-771
113000450,803,4055,-3252
113000451,2505,193,2312
113000452,517,531,-14
113000453,168,303,-135
113000454,1853,45,1808
113000455,96,173,-77
113000456,3451,2103,1348
113000468,3473,271,3202
113000469,396,94,302
113000470,794,108,686
113000471,15,657,-642
113000472,76,337,-261
113000474,319,697,-378
113000475,1502,2229,-727
113000476,832,1940,-1108
113000477,1825,2000,-175
113000478,3857,6698,-2841
113000479,23,310,-287
113000484,0,0,0
113000485,6,0,6
113000486,2,0,2
113000487,0,1,-1
113000488,0,0,0
113000489,3,1,2
113000490,0,6,-6
113000491,2,9,-7
113000492,1,4,-3
113000493,0,0,0
113000495,264,333,-69
113000496,145,151,-6
113000499,0,0,0
113900001,1,283,-282
113900002,2,288,-286
113900003,0,295,-295
113900004,0,63,-63
113900005,2,78,-76
113900006,1,30,-29
113900007,116,16,100
113900008,171,1,170
113900009,691,0,691
113900010,294,1,293
113900011,80,0,80
113900012,28,0,28
113900013,1765,11,1754
113900014,912,3,909
113900015,0,43,-43
113900016,24,0,24
113900017,5,74,-69
113900018,475,120,355
113900019,68,42,26
113900020,68,1,67
113900022,9,0,9
113900023,24,0,24
113900024,55,107,-52
113900025,307,17,290
113900026,35,0,35
113900027,2,116,-114
113900028,22,629,-607
113900029,34,392,-358
113900030,117,1,116
113900031,9,0,9
113900032,6,0,6
113900033,70,95,-25
113900035,69,0,69
113900036,22,158,-136
113900037,51,727,-676
113900038,102,122,-20
113900039,109,6,103
113900040,8,2,6
113900041,2,2,0
113900042,57,46,11
113900043,203,101,102
113900044,227,99,128
113900045,59,1,58
113900046,196,746,-550
113900047,35,172,-137
113900048,265,84,181
113900049,995,278,717
113900050,150,403,-253
113900051,225,466,-241
113900052,140,126,14
113900053,461,249,212
113900054,26,35,-9
113900055,69,485,-416
113900056,59,193,-134
113900057,13,146,-133
113900058,39,230,-191
113900059,215,365,-150
113900060,73,246,-173
113900061,976,210,766
113900062,88,14,74
113900063,55,176,-121
113900064,26,155,-129
113900065,686,25,661
113900066,251,539,-288
113900067,62,362,-300
113900068,388,421,-33
113900069,93,33,60
113900070,143,440,-297
113900071,68,106,-38
113900072,73,182,-109
113900073,143,436,-293
113900074,37,460,-423
113900075,1126,1122,4
113900076,112,8,104
113900077,37,265,-228
113900078,72,92,-20
113900079,1,85,-84
113900080,348,158,190
113900081,20,207,-187
113900082,56,268,-212
113900083,122,828,-706
113900084,265,144,121
113900085,52,425,-373
113900086,43,17,26
113900087,27,216,-189
113900088,63,65,-2
113900089,359,52,307
113900090,448,318,130
113900091,33,36,-3
113900092,46,62,-16
113900093,102,617,-515
113900094,229,455,-226
113900095,111,88,23
113900096,152,69,83
113900097,6,170,-164
113900098,473,84,389
113900099,0,129,-129
113900100,0,8,-8
113900101,16,77,-61
113900102,126,96,30
113900103,232,236,-4
113900104,111,223,-112
113900105,42,477,-435
113900106,2,158,-156
113900107,0,40,-40
113900108,299,165,134
113900109,298,118,180
113900110,41,32,9
113900111,69,107,-38
113900112,152,76,76
113900113,721,451,270
113900114,1,161,-160
113900115,1,121,-120
113900116,75,107,-32
113900117,68,18,50
113900118,175,193,-18
113900119,256,409,-153
113900120,32,33,-1
113900121,29,94,-65
113900122,251,1850,-1599
113900123,358,228,130
113900124,1,108,-107
113900125,1588,143,1445
113900126,161,43,118
113900127,175,530,-355
113900128,88,60,28
113900129,25,99,-74
113900130,1,17,-16
113900131,171,73,98
113900132,47,42,5
113900133,16,37,-21
113900135,233,645,-412
113900136,101,99,2
113900137,382,256,126
113900138,64,164,-100
113900139,500,135,365
113900140,376,220,156
113900141,278,668,-390
113900142,78,99,-21
113900143,9,14,-5
113900144,297,163,134
113900145,281,255,26
113900146,112,46,66
113900148,163,185,-22
113900149,129,42,87
113900150,797,607,190
113900151,231,290,-59
113900152,12,52,-40
113900153,357,473,-116
113900154,1,115,-114
113900155,221,118,103
113900156,335,632,-297
113900157,24,190,-166
113900158,254,182,72
113900159,14,221,-207
113900160,438,810,-372
113900161,58,228,-170
113900162,448,459,-11
113900163,207,298,-91
113900164,253,48,205
113900165,513,550,-37
113900166,214,115,99
113900167,207,36,171
113900168,125,105,20
113900169,257,438,-181
113900171,101,59,42
113900172,9,207,-198
113900173,53,891,-838
113900174,369,703,-334
113900175,286,91,195
113900176,244,774,-530
113900177,286,171,115
113900178,170,104,66
113900179,13,915,-902
113900180,160,117,43
113900181,459,97,362
113900182,469,990,-521
113900183,50,98,-48
113900184,15,832,-817
113900185,190,87,103
113900186,25,57,-32
113900187,34,138,-104
113900188,33,185,-152
113900189,269,71,198
113900190,400,121,279
113900191,101,224,-123
113900192,4,303,-299
113900193,35,360,-325
113900194,2614,971,1643
113900195,377,561,-184
113900196,3,99,-96
113900197,5,399,-394
113900198,16,162,-146
113900199,192,744,-552
113900200,25,254,-229
113900201,1,319,-318
113900202,42,319,-277
113900203,0,193,-193
113900204,56,695,-639
113900205,14,133,-119
113900206,9,149,-140
113900207,0,75,-75
113900208,0,57,-57
113900209,0,79,-79
113900210,665,656,9
113900211,114,65,49
113900212,134,765,-631
113900214,415,387,28
113900215,67,194,-127
113900216,45,1553,-1508
113900217,51,408,-357
113900218,80,47,33
113900219,147,660,-513
113900220,106,79,27
113900221,302,126,176
113900222,408,376,32
113900223,105,1334,-1229
113900224,136,68,68
113900225,837,192,645
113900226,299,127,172
113900227,229,198,31
113900228,296,328,-32
113900229,53,430,-377
113900230,4476,2029,2447
113900231,139,282,-143
113900232,83,113,-30
113900233,42,73,-31
113900234,205,448,-243
113900235,36,45,-9
113900236,77,573,-496
113900237,109,1,108
113900238,202,475,-273
113900239,63,69,-6
113900240,7,92,-85
113900241,73,91,-18
113900242,29,184,-155
113900243,138,416,-278
113900244,487,230,257
113900245,1259,249,1010
113900246,16,15,1
113900247,192,312,-120
113900248,3978,1535,2443
113900249,1529,302,1227
113900250,44,168,-124
113900251,538,244,294
113900252,328,9,319
113900253,520,37,483
113900254,609,156,453
113900255,340,19,321
113900256,377,40,337
113900257,57,1064,-1007
113900258,11,764,-753
113900259,395,282,113
113900260,146,42,104
113900261,7,128,-121
113900262,192,956,-764
113900263,192,617,-425
113900264,11,738,-727
113900265,145,262,-117
113900266,52,297,-245
113900267,90,530,-440
113900268,214,328,-114
113900269,79,149,-70
113900270,379,369,10
113900271,496,1654,-1158
113900273,131,0,131
113900274,41,8,33
113900275,20,47,-27
113900276,2,313,-311
113900277,88,3,85
113900278,227,139,88
113900279,110,120,-10
113900280,1141,744,397
113900281,466,989,-523
113900282,945,510,435
113900283,252,480,-228
113900284,795,187,608
113900285,125,33,92
113900286,12,118,-106
113900287,21,66,-45
113900288,1,113,-112
113900289,1560,105,1455
113900290,480,153,327
113900291,87,150,-63
113900292,12,7,5
113900293,44,323,-279
113900294,370,26,344
113900295,367,357,10
113900296,2907,343,2564
113900297,888,47,841
113900298,24,1985,-1961
113900299,24,248,-224
113900300,6626,2643,3983
113900301,1054,382,672
113900302,3008,712,2296
113900303,663,325,338
113900304,0,150,-150
113900305,63,0,63
113900306,19,0,19
113900307,39,0,39
113900308,80,101,-21
113900309,7,1338,-1331
113900310,0,18,-18
113900311,2,1,1
113900312,171,106,65
113900313,19,28,-9
114000001,1130,4662,-3532
114000002,174,643,-469
114000003,22,422,-400
114000004,280,431,-151
114000005,152,272,-120
114000006,2609,2793,-184
114000007,512,1657,-1145
114000008,1290,1258,32
114000009,427,202,225
114000011,2450,4697,-2247
114000012,1463,3660,-2197
114000013,1236,2878,-1642
114000014,315,537,-222
114000015,1108,714,394
114000016,202,551,-349
114000017,83,182,-99
114000018,738,75,663
114000026,959,2114,-1155
114000027,1832,2531,-699
114000028,2202,2560,-358
114000038,104,114,-10
114000039,69,152,-83
114000040,83,196,-113
114000042,121,232,-111
114000043,66,209,-143
114000044,85,78,7
114000045,48,139,-91
114000046,2287,5950,-3663
114000047,12,86,-74
114000048,101,50,51
114000049,1238,1557,-319
114000050,1621,1704,-83
114000051,3060,1785,1275
114000052,2547,1090,1457
114000053,62,637,-575
114000054,123,2144,-2021
114000055,231,18,213
114000056,977,685,292
114000057,12334,2553,9781
114000058,567,1114,-547
114000059,353,252,101
114000060,469,775,-306
114000061,3685,1967,1718
114000062,2428,1023,1405
114000063,3223,1758,1465
114000064,7704,3100,4604
114000065,1966,2697,-731
114000066,365,717,-352
114000067,26,404,-378
114000068,362,511,-149
114000069,675,488,187
114000070,2103,1599,504
114000071,446,582,-136
114000072,217,621,-404
114000073,22,191,-169
114000074,18,15,3
114000075,38,288,-250
114000076,18,256,-238
114000077,12,94,-82
114000078,124,1085,-961
114000079,55,32,23
114000080,103,98,5
114000081,25,89,-64
114000082,66,833,-767
114000083,57,385,-328
114000084,204,53,151
114000085,115,898,-783
114000086,178,792,-614
114000087,30,266,-236
114000088,53,84,-31
114000089,1987,580,1407
114000090,500,605,-105
114000091,1177,601,576
114000092,732,309,423
114000093,840,717,123
114000094,340,505,-165
114000095,98,87,11
114000096,126,620,-494
114000097,149,1031,-882
114000098,250,63,187
114000099,291,1294,-1003
114000100,692,1020,-328
114000101,327,1210,-883
114000102,281,339,-58
114000103,116,581,-465
114000104,4,483,-479
114000105,37,53,-16
114000106,1491,483,1008
114000107,170,129,41
114000108,4349,1451,2898
114000109,316,699,-383
114000110,560,2585,-2025
114000111,923,591,332
114000112,439,3630,-3191
114000113,848,461,387
114000114,1120,2660,-1540
114000115,1454,788,666
114000116,418,1011,-593
114000117,1577,373,1204
114000118,1622,410,1212
114000119,1033,390,643
114000120,520,1199,-679
114000121,472,794,-322
114000122,330,296,34
114000123,970,320,650
114000124,675,294,381
114000125,833,2351,-1518
114000126,1041,212,829
114000127,130,210,-80
114000128,785,768,17
114000130,423,571,-148
114000131,142,72,70
114000132,627,849,-222
114000133,817,1628,-811
114000134,52,200,-148
114000138,40,220,-180
114000139,259,136,123
114000144,577,416,161
114000145,61,185,-124
114000146,75,391,-316
114000147,997,1341,-344
114000148,2842,1507,1335
114000149,243,238,5
114000150,735,624,111
114000151,1015,1032,-17
114000152,106,25,81
114000153,781,1239,-458
114000154,584,543,41
114000155,1081,1982,-901
114000156,811,492,319
114000157,273,986,-713
114000158,2671,717,1954
114000159,175,477,-302
114000160,87,227,-140
114000161,1245,1853,-608
114000162,811,1336,-525
114000163,11,148,-137
114000165,201,166,35
114000166,563,287,276
114000167,6058,1285,4773
114000168,733,706,27
114000169,1923,741,1182
114000170,936,831,105
114000171,740,1972,-1232
114000174,173,498,-325
114000176,629,440,189
114000177,3277,824,2453
114000178,21,61,-40
114000179,1276,824,452
114000180,603,683,-80
114000181,1629,2752,-1123
114000182,7863,2820,5043
114000183,974,1135,-161
114000184,8816,1806,7010
114000185,720,799,-79
114000189,386,123,263
114000190,1582,234,1348
114000191,19,51,-32
114000192,353,2566,-2213
114000193,1059,4983,-3924
114000194,1208,1677,-469
114000195,100,15,85
114000196,3,499,-496
114000197,925,128,797
114000198,1642,431,1211
114000199,2419,1376,1043
114000200,562,3344,-2782
114000201,142,1542,-1400
114000202,751,1080,-329
114000203,456,1359,-903
114000204,127,647,-520
114000205,217,2446,-2229
114000206,486,1581,-1095
114000207,813,2892,-2079
114000208,498,4728,-4230
114000209,647,4814,-4167
114000210,347,2373,-2026
114000211,977,1991,-1014
114000212,473,874,-401
114000213,1037,795,242
114000214,88,260,-172
114000215,140,105,35
114000216,1005,441,564
114000217,190,506,-316
114000218,125,420,-295
114000219,840,334,506
114000220,17,2656,-2639
114000221,538,153,385
114000222,238,1932,-1694
114000223,387,110,277
114000224,119,1289,-1170
114000225,174,838,-664
114000226,85,321,-236
114000227,699,583,116
114000228,639,1491,-852
114000229,911,1466,-555
114000230,1469,2132,-663
114000231,838,1518,-680
114000232,474,134,340
114000233,1378,141,1237
114000234,1002,1398,-396
114000235,914,2101,-1187
114000236,1,710,-709
114000237,76,1455,-1379
114000238,42,317,-275
114000239,154,1914,-1760
114000240,653,747,-94
114000241,277,1543,-1266
114000242,1054,1354,-300
114000243,1248,1031,217
114000244,644,426,218
114000245,411,692,-281
114000246,207,58,149
114000247,537,859,-322
114000248,652,738,-86
114000249,515,709,-194
114000250,329,893,-564
114000251,226,540,-314
114000252,79,108,-29
114000253,36,388,-352
114000254,25,116,-91
114000255,822,195,627
114000256,1904,1075,829
114000257,502,2251,-1749
114000258,141,558,-417
114000259,48,412,-364
114000260,0,34,-34
114000261,37,35,2
114000262,54,164,-110
114000263,16,1,15
114000264,553,751,-198
114000265,0,2,-2
114000267,3,1667,-1664
114000268,2,2533,-2531
114000270,88,1,87
114000271,518,124,394
114000283,645,519,126
114000285,48,440,-392
114000288,62,579,-517
114000289,888,228,660
114000293,92,573,-481
114000294,147,243,-96
114000395,1228,80,1148
114000396,332,472,-140
114000402,301,421,-120
114000403,253,926,-673
114000405,72,815,-743
114000423,201,635,-434
114000424,130,239,-109
114000425,392,771,-379
114000426,287,800,-513
114000427,26,142,-116
114000428,309,122,187
114000429,22,252,-230
114000432,64,245,-181
114000434,16,103,-87
114000435,0,148,-148
114900001,370,2116,-1746
114900002,351,93,258
114900003,303,2647,-2344
114900004,186,218,-32
114900005,347,1057,-710
114900006,40,35,5
114900007,114,20,94
114900008,84,90,-6
114900010,2672,1720,952
114900011,76,99,-23
114900013,131,117,14
114900015,48,325,-277
114900018,917,85,832
114900020,172,61,111
114900022,24,967,-943
114900024,235,122,113
114900025,248,309,-61
114900026,54,109,-55
114900027,115,296,-181
114900029,85,34,51
114900030,171,346,-175
114900031,217,39,178
114900032,200,55,145
114900033,1692,382,1310
114900034,48,283,-235
114900035,106,314,-208
114900036,242,1385,-1143
114900037,89,267,-178
114900038,148,1258,-1110
114900039,416,747,-331
114900040,84,414,-330
114900041,428,719,-291
114900042,577,890,-313
114900043,1403,383,1020
114900044,95,29,66
114900046,42,161,-119
114900047,274,1346,-1072
114900048,77,487,-410
114900049,31,521,-490
114900050,21,805,-784
114900051,17,683,-666
114900052,53,260,-207
114900053,56,384,-328
114900054,45,146,-101
114900057,190,7,183
114900058,0,76,-76
114900059,59,42,17
114900060,1247,556,691
114900061,135,203,-68
114900062,243,306,-63
114900063,46,288,-242
114900064,757,695,62
114900065,269,608,-339
114900067,34,395,-361
114900068,78,487,-409
114900069,195,209,-14
114900070,338,939,-601
114900072,9,314,-305
114900073,2,200,-198
114900074,348,1592,-1244
114900075,130,1,129
114900076,2,362,-360
114900080,4186,453,3733
114900082,3869,1564,2305
114900083,1129,1027,102
114900090,203,215,-12
114900091,223,222,1
114900095,427,148,279
114900096,442,560,-118
114900097,87,2,85
114900098,7,304,-297
114900099,112,0,112
115000001,11473,7164,4309
115000002,3079,3333,-254
115000003,4638,5423,-785
115000004,2682,4595,-1913
115000005,1574,3600,-2026
115000006,598,1532,-934
115000007,89,201,-112
115000008,514,647,-133
115000009,169,617,-448
115000010,281,142,139
115000013,62,182,-120
115000015,86,321,-235
115000016,73,165,-92
115000019,34,367,-333
115000020,222,420,-198
115000021,341,429,-88
115000022,499,343,156
115000023,324,434,-110
115000024,1243,519,724
115000025,690,490,200
115000026,132,450,-318
115000027,210,236,-26
115000028,119,915,-796
115000029,338,159,179
115000030,444,1021,-577
115000031,920,266,654
115000032,14,350,-336
115000033,155,34,121
115000034,172,1074,-902
115000035,1017,60,957
115000036,1,384,-383
115000037,345,2,343
115000038,40,241,-201
115000039,3704,2328,1376
115000040,7565,4545,3020
115000041,1102,2685,-1583
115000042,546,811,-265
115000043,2819,3193,-374
115000044,2928,5705,-2777
115000045,2144,3231,-1087
115000046,1470,3420,-1950
115000047,1448,2336,-888
115000048,1287,3374,-2087
115000049,1522,3650,-2128
115000050,3183,2319,864
115000051,2326,2132,194
115000052,4601,2186,2415
115000053,1328,1518,-190
115000054,813,1832,-1019
115000055,90,473,-383
115000056,173,278,-105
115000057,406,617,-211
115000058,106,106,0
115000059,180,99,81
115000061,187,132,55
115000062,182,403,-221
115000063,208,554,-346
115000064,181,205,-24
115000065,45,317,-272
115000067,331,29,302
115000069,91,327,-236
115000070,37,749,-712
115000071,106,8,98
115000072,18,75,-57
115000073,1382,34,1348
115000075,68,76,-8
115000076,4452,4221,231
115000077,1302,4476,-3174
115000078,799,2408,-1609
115000079,993,3062,-2069
115000080,1675,3701,-2026
115000081,437,1090,-653
115000082,2725,3790,-1065
115000083,2085,3953,-1868
115000084,1281,1621,-340
115000085,515,1170,-655
115000086,769,1293,-524
115000087,535,1723,-1188
115000088,1894,796,1098
115000089,1770,1743,27
115000090,825,926,-101
115000091,478,1422,-944
115000092,346,410,-64
115000093,488,6,482
115000094,11245,5336,5909
115000095,8160,4955,3205
115000096,562,2759,-2197
115000097,621,891,-270
115000098,694,957,-263
115000099,1840,5477,-3637
115000100,629,739,-110
115000101,438,1825,-1387
115000102,383,211,172
115000103,426,1148,-722
115000105,61,261,-200
115000106,265,317,-52
115000107,127,663,-536
115000108,4976,2907,2069
115000109,7049,3200,3849
115000110,1335,975,360
115000111,742,1671,-929
115000112,526,507,19
115000113,605,760,-155
115000114,1502,726,776
115000116,4019,1628,2391
115000117,4708,2240,2468
115000118,1668,1726,-58
115000119,1735,2009,-274
115000120,575,999,-424
115000121,1529,959,570
115000122,3681,1620,2061
115000123,1758,1726,32
115000124,722,850,-128
115000125,370,567,-197
115000126,140,248,-108
115000127,380,147,233
115000128,1386,907,479
115000129,370,217,153
115000130,273,1282,-1009
115000131,553,293,260
115000132,109,832,-723
115000133,336,393,-57
115000134,105,253,-148
115000135,127,320,-193
115000136,132,225,-93
115000137,107,246,-139
115000138,249,280,-31
115000139,213,324,-111
115000140,216,231,-15
115000141,151,375,-224
115000142,155,398,-243
115000143,452,594,-142
115000144,343,120,223
115000145,194,571,-377
115000146,233,268,-35
115000147,412,614,-202
115000148,292,1870,-1578
115000149,464,217,247
115000150,671,1878,-1207
115000151,653,520,133
115000152,524,2246,-1722
115000153,841,504,337
115000154,442,393,49
115000155,592,1603,-1011
115000156,1179,590,589
115000157,910,1050,-140
115000158,539,356,183
115000159,894,416,478
115000160,695,295,400
115000161,175,691,-516
115000162,734,528,206
115000163,732,667,65
115000164,664,636,28
115000165,317,387,-70
115000167,165,115,50
115000168,573,267,306
115000169,610,289,321
115000170,161,139,22
115000171,262,193,69
115000172,2262,642,1620
115000173,285,310,-25
115000174,98,220,-122
115000175,167,57,110
115000176,131,76,55
115000177,110,56,54
115000178,22,282,-260
115000179,32,35,-3
115000180,44,820,-776
115000181,417,130,287
115000182,426,539,-113
115000183,218,1375,-1157
115000186,606,330,276
115000187,186,979,-793
115000188,393,632,-239
115000189,200,450,-250
115000190,906,566,340
115000191,254,456,-202
115000194,175,170,5
115000195,260,316,-56
115000196,56,144,-88
115000197,118,447,-329
115000198,143,330,-187
115000199,206,337,-131
115000200,231,125,106
115000201,125,521,-396
115000206,202,124,78
115000207,46,419,-373
115000208,744,884,-140
115000209,377,182,195
115000210,86,89,-3
115000211,192,260,-68
115000212,1843,259,1584
115000224,307,86,221
115000225,49,80,-31
115000229,305,193,112
115000230,96,825,-729
115000231,286,3308,-3022
115000232,1021,378,643
115000233,118,240,-122
115000234,18,308,-290
115000241,42,334,-292
115000242,55,407,-352
115000243,23,333,-310
115000244,5,97,-92
115000246,47,19,28
115000247,24,14,10
115000248,13,23,-10
115000249,44,26,18
115000250,270,47,223
115000251,146,168,-22
115000252,82,193,-111
115000253,12,315,-303
115000258,236,287,-51
115000259,395,176,219
115000261,10,41,-31
115000262,10,44,-34
115000263,9,52,-43
115000264,14,50,-36
115000267,62,104,-42
115000268,26,154,-128
115000269,158,96,62
115000270,25,30,-5
115000272,29,202,-173
115000273,282,28,254
115000280,2253,99,2154
115000281,470,224,246
115000282,966,369,597
115000284,296,123,173
115000296,746,7,739
115000297,183,68,115
115000298,44,164,-120
115000300,128,220,-92
115000302,297,205,92
115000303,510,163,347
115000304,463,108,355
115000305,73,1391,-1318
115000306,115,849,-734
115000307,74,420,-346
115000308,108,19,89
115000309,22,21,1
115000310,745,1276,-531
115000311,512,1907,-1395
115000313,158,906,-748
115000314,304,97,207
115000315,1370,505,865
115000316,38,61,-23
115000317,125,806,-681
115000318,540,273,267
115000319,40,377,-337
115000320,5,238,-233
115000321,446,12,434
115000322,49,316,-267
115000449,416,181,235
115000557,1,782,-781
115000558,245,92,153
115000587,333,347,-14
115000588,2497,5165,-2668
115000589,2606,3308,-702
115000590,648,2070,-1422
115000591,828,829,-1
115000592,482,2230,-1748
115000593,1161,698,463
115000594,924,2154,-1230
115000609,151,253,-102
115000617,2292,1935,357
115000624,143,96,47
115000633,308,1761,-1453
115000634,2702,759,1943
115000635,374,109,265
115000638,1778,847,931
115000641,98,110,-12
115000642,272,248,24
115000643,82,715,-633
115000644,137,484,-347
115000646,729,1233,-504
115000647,126,515,-389
115000648,1223,2066,-843
115000893,3797,1507,2290
115000894,95,1181,-1086
115000895,398,913,-515
115000896,1451,383,1068
115000897,471,143,328
115000898,577,240,337
115000899,1112,1255,-143
115000900,141,450,-309
115000901,70,134,-64
115000912,192,121,71
115000913,0,54,-54
115000915,35,0,35
115000916,3,0,3
115000917,0,4,-4
115000918,60,227,-167
115000919,19,17,2
115000920,40,62,-22
115000921,1547,145,1402
115000922,1578,693,885
115000923,471,1018,-547
115000925,120,91,29
115000927,49,52,-3
115000933,501,186,315
115000934,107,223,-116
115000935,56,84,-28
115000936,59,357,-298
115000937,1431,153,1278
115000938,165,187,-22
115000939,262,205,57
115000940,8,5,3
115000941,12,25,-13
115000942,84,97,-13
115000943,72,15,57
115000944,8,9,-1
115900001,45,95,-50
115900002,133,250,-117
115900003,109,181,-72
115900004,3,73,-70
115900005,66,8,58
115900006,87,738,-651
115900008,50,17,33
115900009,58,565,-507
115900010,160,259,-99
115900011,234,321,-87
115900012,82,122,-40
115900013,252,152,100
115900014,96,231,-135
115900015,67,177,-110
115900016,45,22,23
115900017,3,1,2
115900018,179,101,78
115900019,109,25,84
115900020,14,1,13
115900021,1661,145,1516
115900022,3821,13,3808
115900023,5,2,3
115900025,36,247,-211
115900026,754,444,310
115900027,0,466,-466
115900028,653,59,594
115900029,8,664,-656
115900030,13,41,-28
115900031,370,220,150
115900032,263,990,-727
115900033,2,37,-35
115900034,26,696,-670
115900035,18,116,-98
115900036,433,431,2
115900037,25,612,-587
115900038,32,4,28
115900039,110,440,-330
115900041,530,430,100
115900042,11,2,9
115900043,82,193,-111
115900044,382,202,180
115900046,140,337,-197
115900047,120,68,52
115900049,90,332,-242
115900051,2,85,-83
115900052,2,287,-285
115900053,122,358,-236
115900054,117,67,50
115900055,18,153,-135
115900056,87,437,-350
115900057,21,4,17
115900058,17,52,-35
115900060,36,197,-161
115900061,114,0,114
115900062,23,342,-319
115900063,40,10,30
115900064,140,292,-152
115900065,79,162,-83
115900066,257,220,37
115900067,4,1287,-1283
115900068,3955,315,3640
115900069,29,248,-219
115900070,169,328,-159
115900071,1,848,-847
115900072,61,249,-188
115900073,44,47,-3
115900074,5,399,-394
115900075,15,355,-340
115900076,4,97,-93
115900077,2,415,-413
115900078,40,147,-107
115900079,145,13,132
115900080,648,373,275
115900081,14,98,-84
115900082,128,133,-5
115900084,172,30,142
115900085,57,64,-7
115900086,2057,532,1525
115900088,29,49,-20
115900089,192,883,-691
115900090,179,18,161
115900091,2,23,-21
115900092,32,317,-285
115900093,12,20,-8
115900094,6,484,-478
115900096,3,11,-8
115900097,11,547,-536
115900098,109,710,-601
115900099,16,85,-69
115900100,10,806,-796
115900101,98,549,-451
115900102,51,147,-96
115900103,258,390,-132
115900104,39,225,-186
115900105,105,935,-830
115900106,38,28,10
115900107,27,217,-190
115900108,54,49,5
115900109,39,543,-504
115900110,5,21,-16
115900111,1,81,-80
115900112,47,1327,-1280
115900113,14,35,-21
115900114,1,179,-178
115900115,33,170,-137
115900116,51,1350,-1299
115900117,27,20,7
115900118,7,420,-413
115900119,101,81,20
115900120,26,516,-490
115900121,90,301,-211
115900124,137,425,-288
115900125,186,35,151
115900126,367,68,299
115900127,429,43,386
115900128,14,98,-84
115900129,513,26,487
115900130,22,238,-216
115900131,120,33,87
115900132,252,6,246
115900134,218,17,201
115900135,732,845,-113
115900137,25,1,24
115900139,30,49,-19
115900140,120,20,100
115900141,8,29,-21
115900142,15,18,-3
115900143,134,345,-211
115900144,63,257,-194
115900146,2,203,-201
115900147,270,202,68
115900148,20,2,18
115900149,40,31,9
115900150,32,73,-41
115900151,15,80,-65
115900152,82,567,-485
115900153,83,326,-243
115900154,1009,330,679
115900155,0,126,-126
115900156,515,700,-185
115900157,100,456,-356
115900158,51,18,33
115900159,44,340,-296
115900160,3,5,-2
115900161,38,254,-216
115900163,85,149,-64
115900164,290,66,224
115900166,178,450,-272
115900168,44,192,-148
115900171,82,570,-488
115900172,51,143,-92
115900173,148,176,-28
115900174,403,221,182
115900175,58,184,-126
115900178,3,1053,-1050
115900179,166,16,150
115900180,58,552,-494
115900181,122,345,-223
115900182,249,352,-103
115900183,56,20,36
115900184,1742,12,1730
115900187,8,155,-147
115900189,0,157,-157
115900190,353,1034,-681
115900191,54,667,-613
115900192,5,100,-95
115900193,56,107,-51
115900194,364,47,317
115900195,583,955,-372
115900198,148,309,-161
115900199,173,329,-156
115900200,276,359,-83
115900201,297,262,35
115900202,0,7,-7
115900203,5,0,5
115900204,0,4,-4
115900205,30,12,18
115900206,118,165,-47
115900207,7,50,-43
115900208,105,580,-475
115900209,4,206,-202
115900210,1,152,-151
115900211,1,318,-317
115900212,111,277,-166
115900213,62,38,24
115900214,223,334,-111
115900215,29,45,-16
115900216,3,82,-79
115900217,6,132,-126
115900218,3,42,-39
115900219,68,1,67
115900220,65,13,52
115900221,22,23,-1
115900222,22,19,3
115900223,6,111,-105
115900224,2048,441,1607
115900225,73,44,29
115900226,15,66,-51
115900227,9,47,-38
115900228,17,56,-39
115900229,11,55,-44
115900230,41,118,-77
115900231,87,2,85
115900232,41,1,40
115900233,58,8,50
115900234,26,25,1
115900235,9,16,-7
115900236,16,14,2
115900237,5,56,-51
115900238,13,25,-12
115900239,7,38,-31
115900240,10,39,-29
115900241,122,107,15
115900242,291,264,27
115900243,5,8,-3
115900244,1,18,-17
115900245,34,26,8
115900246,2,4,-2
115900247,5,20,-15
115900248,8,8,0
115900249,2,7,-5
115900250,1,19,-18
115900251,0,7,-7
115900252,0,0,0
115900253,3,3,0
115900254,15,29,-14
115900255,5,17,-12
115900256,5,19,-14
115900257,5,2,3
115900258,0,0,0
115900259,0,2,-2
115900260,9,0,9
115900261,5,1,4
115900262,1,0,1
115900263,1,2,-1
115900264,4,8,-4
115900265,2,2,0
115900266,0,2,-2
115900267,3,4,-1
115900268,6,5,1
115900269,260,451,-191
115900270,277,1177,-900
115900271,37,0,37
115900272,19,1,18
115900273,4,8,-4
115900274,1,27,-26
115900275,1,67,-66
115900276,3,127,-124
115900277,0,268,-268
115900278,19,160,-141
115900279,7,191,-184
115900280,11,262,-251
115900281,699,166,533
115900282,18,10,8
115900283,5,4,1
115900284,3,13,-10
116000001,18269,6397,11872
116000002,3860,6609,-2749
116000003,1590,2504,-914
116000004,2445,2128,317
116000005,3086,4429,-1343
116000006,2058,1236,822
116000007,3610,5724,-2114
116000008,2231,1815,416
116000009,1997,3240,-1243
116000010,1436,1132,304
116000011,910,2283,-1373
116000012,674,752,-78
116000013,21405,5455,15950
116000014,23514,10200,13314
116000015,583,939,-356
116000016,9459,2557,6902
116000017,23,625,-602
116000018,794,479,315
116000019,505,375,130
116000020,425,1552,-1127
116000021,359,366,-7
116000022,195,650,-455
116000023,797,615,182
116000024,596,1669,-1073
116000025,708,562,146
116000026,1458,2390,-932
116000027,491,622,-131
116000028,386,654,-268
116000029,830,587,243
116000030,485,418,67
116000031,96,186,-90
116000032,396,180,216
116000033,326,620,-294
116000034,652,1037,-385
116000035,388,558,-170
116000036,2159,591,1568
116000037,878,623,255
116000038,700,380,320
116000039,585,264,321
116000040,1075,200,875
116000041,197,524,-327
116000042,460,163,297
116000043,49,514,-465
116000044,32,333,-301
116000045,1840,1145,695
116000046,1370,1140,230
116000047,2143,2010,133
116000048,2047,1630,417
116000049,926,1942,-1016
116000050,1371,1435,-64
116000051,3846,1894,1952
116000052,3542,3800,-258
116000053,1452,1196,256
116000054,726,2159,-1433
116000055,523,1349,-826
116000056,569,1098,-529
116000057,2699,2103,596
116000058,2604,1705,899
116000059,2201,4274,-2073
116000060,2492,882,1610
116000061,669,850,-181
116000062,860,251,609
116000063,640,1241,-601
116000066,209,534,-325
116000067,193,740,-547
116000068,232,283,-51
116000069,270,429,-159
116000078,263,1060,-797
116000080,1382,1161,221
116000082,5,132,-127
116000083,916,365,551
116000084,2625,4822,-2197
116000085,1526,1145,381
116000086,3376,1742,1634
116000087,994,1214,-220
116000088,860,1470,-610
116000089,143,156,-13
116000090,138,195,-57
116000091,158,121,37
116000093,451,1503,-1052
116000094,352,813,-461
116000095,469,1186,-717
116000096,536,1102,-566
116000097,481,1262,-781
116000098,332,3627,-3295
116000099,14619,562,14057
116000100,87,10,77
116000101,345,2289,-1944
116000102,230,2066,-1836
116000103,275,245,30
116000104,150,2483,-2333
116000105,761,222,539
116000106,225,1762,-1537
116000107,848,614,234
116000108,59,262,-203
116000111,116,27,89
116000113,61,61,0
116000114,16,150,-134
116000115,279,276,3
116000116,219,632,-413
116000117,1166,2801,-1635
116000118,1035,1933,-898
116000119,1878,2260,-382
116000120,2737,5625,-2888
116000121,499,445,54
116000122,1390,3099,-1709
116000123,446,652,-206
116000124,326,1384,-1058
116000125,1831,752,1079
116000126,266,1737,-1471
116000127,1163,2117,-954
116000128,1152,933,219
116000129,784,189,595
116000130,320,297,23
116000133,479,1445,-966
116000134,1481,4057,-2576
116000135,1232,1794,-562
116000136,959,3518,-2559
116000137,541,760,-219
116000138,870,471,399
116000139,1299,2792,-1493
116000140,155,314,-159
116000141,431,1272,-841
116000142,4855,4414,441
116000143,1990,1688,302
116000144,1093,3569,-2476
116000145,1401,1913,-512
116000146,242,471,-229
116000147,373,167,206
116000148,408,458,-50
116000149,333,577,-244
116000151,571,1274,-703
116000153,83,607,-524
116000155,236,241,-5
116000156,413,1716,-1303
116000157,20,38,-18
116000158,382,313,69
116000159,14,10,4
116000160,15,166,-151
116000161,6,127,-121
116000162,53,73,-20
116000163,9,3,6
116000164,5,24,-19
116000177,58,163,-105
116000194,68,360,-292
116000195,2023,748,1275
116000196,6,3,3
116000197,6,7,-1
116000198,2209,993,1216
116000200,903,243,660
116000201,613,805,-192
116000202,3,483,-480
116000203,2,114,-112
116000204,9,100,-91
116000205,0,162,-162
116000206,1,136,-135
116000207,4,40,-36
116000233,176,1145,-969
116000287,109,766,-657
116000288,148,385,-237
116000292,40,173,-133
116000296,43,358,-315
116000297,69,33,36
116000304,49,65,-16
116000305,12,113,-101
116000346,158,203,-45
116000352,38,43,-5
116000354,40,21,19
116000357,8,10,-2
116000358,178,36,142
116000361,782,17,765
116000372,13596,3098,10498
116000381,86,1,85
116000388,1,35,-34
116000389,453,631,-178
116000445,214,909,-695
116000446,372,1694,-1322
116000447,13,558,-545
116000448,712,439,273
116000563,852,733,119
116000565,124,526,-402
116000568,41,178,-137
116000579,19,144,-125
116000583,72,132,-60
116000584,29,5,24
116000585,27,15,12
116000586,212,96,116
116000587,395,671,-276
116000589,117,128,-11
116000590,63,178,-115
116000591,129,393,-264
116000592,14,124,-110
116000593,2,121,-119
116000594,351,589,-238
116000595,440,187,253
116000596,78,6,72
116000597,176,79,97
116000598,12,232,-220
116000605,342,217,125
116000606,59,165,-106
116000607,1,82,-81
116000609,253,875,-622
116000611,126,677,-551
116000612,531,2043,-1512
116000613,387,477,-90
116000614,456,1066,-610
116000615,2,181,-179
116000616,49,171,-122
116000617,66,144,-78
116000618,4,246,-242
116000619,13,43,-30
116000620,37,49,-12
116000621,28,160,-132
116000622,31,203,-172
116000624,71,112,-41
116000627,50,251,-201
116000628,108,2220,-2112
116000629,32,1209,-1177
116000630,210,84,126
116000631,89,110,-21
116000632,376,350,26
116000633,100,768,-668
116000634,178,321,-143
116000635,3734,1844,1890
116000636,2376,1128,1248
116000637,214,159,55
116000638,87,818,-731
116000640,6,11,-5
116000641,1,7,-6
116000644,16,1722,-1706
116900001,153,143,10
116900002,327,5,322
116900003,13,93,-80
116900004,31,63,-32
116900005,160,60,100
116900006,289,184,105
116900007,97,206,-109
116900008,206,675,-469
116900009,11,5,6
116900010,6,2135,-2129
116900011,8,41,-33
116900012,109,219,-110
116900013,3,226,-223
116900014,71,427,-356
116900015,173,109,64
116900016,108,9,99
116900017,9,1086,-1077
116900018,37,40,-3
116900019,3,501,-498
116900020,2277,423,1854
116900023,22,9,13
116900024,270,105,165
116900025,460,1301,-841
116900026,173,1045,-872
116900027,12,64,-52
116900028,4,169,-165
116900029,3,13,-10
116900031,1,18,-17
116900032,12,564,-552
116900033,7,15,-8
116900034,5,104,-99
116900035,99,373,-274
116900036,4,114,-110
116900038,13,1,12
116900041,14,17,-3
116900042,1103,272,831
116900043,7,136,-129
116900047,171,45,126
116900049,40,447,-407
116900050,65,783,-718
116900051,41,444,-403
116900052,185,56,129
116900055,0,2,-2
116900057,12,470,-458
116900058,16,713,-697
116900059,1,310,-309
116900060,261,321,-60
116900062,0,14,-14
116900064,51,1521,-1470
116900065,18,185,-167
116900067,95,130,-35
116900068,104,329,-225
116900070,1,7,-6
116900072,4,580,-576
116900073,9,371,-362
116900074,9,47,-38
116900076,4,49,-45
116900077,7,277,-270
116900078,292,177,115
116900079,27,634,-607
116900080,4,13,-9
116900081,307,2500,-2193
116900082,199,842,-643
116900083,56,112,-56
116900084,244,57,187
116900085,16,125,-109
116900086,31,333,-302
116900088,182,105,77
116900090,104,95,9
116900091,148,80,68
116900092,60,1198,-1138
116900093,1489,2120,-631
116900094,6110,2666,3444
116900095,311,317,-6
116900096,82,184,-102
116900097,6094,2222,3872
116900098,856,186,670
116900099,531,694,-163
116900100,579,24,555
116900101,275,707,-432
116900103,4,0,4
116900104,32,91,-59
116900105,239,83,156
116900106,1075,972,103
116900107,6277,1757,4520
116900110,12,0,12
116900111,267,1679,-1412
116900112,118,1827,-1709
116900113,4785,1101,3684
116900116,103,304,-201
116900117,31,109,-78
116900118,1065,769,296
116900120,143,153,-10
116900121,39,63,-24
116900122,358,1083,-725
116900123,103,1196,-1093
116900124,121,1554,-1433
116900125,209,384,-175
116900126,373,682,-309
116900128,1,48,-47
116900129,2,291,-289
116900130,1374,2065,-691
116900131,13,65,-52
116900132,33,109,-76
116900133,95,108,-13
116900134,127,197,-70
116900136,103,172,-69
116900137,267,208,59
116900138,92,312,-220
116900139,62,516,-454
116900140,115,156,-41
116900141,442,286,156
116900142,4,58,-54
116900143,182,475,-293
116900144,13,71,-58
116900145,93,436,-343
116900147,669,298,371
116900148,1,40,-39
116900149,19,178,-159
116900150,15,5,10
116900151,78,10,68
116900153,71,55,16
116900154,435,320,115
116900155,83,59,24
116900157,365,409,-44
116900158,142,161,-19
116900159,20,230,-210
116900160,667,297,370
116900161,10434,4096,6338
116900162,8,190,-182
116900163,98,215,-117
116900164,60,36,24
116900165,174,141,33
116900166,16,155,-139
116900167,291,63,228
116900168,170,110,60
116900169,670,221,449
116900170,149,296,-147
116900171,23,282,-259
116900172,287,180,107
116900173,83,61,22
116900174,13,22,-9
116900175,194,86,108
116900178,20,221,-201
116900179,96,139,-43
116900180,73,33,40
116900182,293,168,125
116900183,101,97,4
116900185,8,13,-5
116900186,69,416,-347
116900187,20,17,3
116900188,88,24,64
116900189,45,1,44
116900191,302,387,-85
116900192,144,285,-141
116900194,93,738,-645
116900195,30,14,16
116900196,11,156,-145
116900197,48,7,41
116900198,234,189,45
116900200,19,33,-14
116900201,63,12,51
116900202,120,85,35
116900203,72,2,70
116900204,29,73,-44
116900206,7,52,-45
116900207,23,26,-3
116900208,7,181,-174
116900209,21,197,-176
116900210,287,205,82
116900211,227,11,216
116900212,9,96,-87
116900213,139,236,-97
116900214,96,113,-17
116900215,7,30,-23
116900216,287,289,-2
116900218,6,407,-401
116900219,863,270,593
116900220,63,164,-101
116900221,37,238,-201
116900222,389,324,65
116900223,115,172,-57
116900226,37,81,-44
116900227,103,91,12
116900228,249,359,-110
116900230,42,567,-525
116900231,30,784,-754
116900232,21,960,-939
116900233,209,96,113
116900234,29,10,19
116900235,172,374,-202
116900238,1545,523,1022
116900239,64,867,-803
116900240,9168,2789,6379
116900241,41,186,-145
116900242,2255,275,1980
116900243,1,52,-51
116900245,28,18,10
116900246,68,32,36
116900247,419,17,402
116900248,66,37,29
116900249,164,137,27
116900250,212,61,151
116900251,595,216,379
116900252,57,1550,-1493
116900254,8,119,-111
116900255,83,47,36
116900256,178,85,93
116900257,13,870,-857
116900258,2,420,-418
116900259,63,10,53
116900260,3,159,-156
116900261,36,2,34
116900262,120,142,-22
116900263,0,10,-10
116900264,0,15,-15
116900265,24,1,23
116900266,15,125,-110
116900267,1,2,-1
116900268,28,6,22
116900269,227,633,-406
116900271,1421,87,1334
116900272,430,684,-254
116900273,425,79,346
116900274,78,138,-60
116900275,65,183,-118
116900276,1299,71,1228
116900277,724,20,704
116900278,4,8,-4
116900279,0,34,-34
116900280,6,58,-52
116900281,10462,2677,7785
116900282,13,510,-497
116900283,20,309,-289
116900284,12,264,-252
116900285,457,300,157
116900286,258,52,206
116900287,9,114,-105
116900288,28,207,-179
116900289,11,49,-38
116900290,1,57,-56
116900291,6,10,-4
116900292,0,22,-22
116900293,37,111,-74
116900294,16,165,-149
116900295,310,39,271
116900296,100,70,30
116900297,5,93,-88
116900298,184,56,128
116900299,69,41,28
116900300,6,119,-113
116900301,77,141,-64
116900302,89,46,43
116900303,751,85,666
116900304,2,204,-202
116900305,44,41,3
116900306,72,281,-209
116900307,36,4,32
116900308,1,393,-392
116900309,59,269,-210
117000001,1742,1659,83
117000002,2616,6301,-3685
117000003,8731,2868,5863
117000004,5518,8173,-2655
117000005,1904,1662,242
117000006,1505,6924,-5419
117000007,2932,1294,1638
117000008,1641,7656,-6015
117000009,4317,2104,2213
117000010,3175,7500,-4325
117000011,1444,2540,-1096
117000012,1511,2748,-1237
117000013,1378,1512,-134
117000014,1144,3568,-2424
117000015,4334,1520,2814
117000016,810,44,766
117000017,755,256,499
117000018,239,332,-93
117000019,337,14,323
117000020,788,1016,-228
117000021,3918,802,3116
117000022,780,60,720
117000023,1090,209,881
117000024,835,108,727
117000025,1671,532,1139
117000026,5097,775,4322
117000027,2912,1870,1042
117000028,4503,1000,3503
117000030,943,907,36
117000031,374,268,106
117000032,2454,1647,807
117000033,1516,1058,458
117000034,362,554,-192
117000035,310,265,45
117000036,473,575,-102
117000037,396,222,174
117000038,432,789,-357
117000039,473,356,117
117000040,144,1917,-1773
117000041,461,177,284
117000044,40,1992,-1952
117000045,380,65,315
117000046,672,1160,-488
117000047,859,524,335
117000048,3022,2799,223
117000049,108,513,-405
117000050,144,3841,-3697
117000051,1690,197,1493
117000052,27,884,-857
117000053,258,119,139
117000054,1209,7,1202
117000055,101,5078,-4977
117000056,458,30,428
117000057,765,3009,-2244
117000060,422,2152,-1730
117000061,1690,1107,583
117000062,197,820,-623
117000063,1736,902,834
117000064,1130,1435,-305
117000066,1241,903,338
117000067,199,356,-157
117000074,147,247,-100
117000076,98,69,29
117000077,145,120,25
117000078,201,893,-692
117000079,258,221,37
117000080,1,551,-550
117000081,839,159,680
117000082,35,94,-59
117000083,150,14,136
117000084,348,3,345
117000085,214,654,-440
117000086,1289,905,384
117000087,101,726,-625
117000088,298,275,23
117000089,1279,376,903
117000090,305,2309,-2004
117000091,522,319,203
117000092,382,2485,-2103
117000093,920,768,152
117000094,1100,3958,-2858
117000095,2598,928,1670
117000096,548,4121,-3573
117000097,1101,1441,-340
117000098,3183,7972,-4789
117000099,2505,1092,1413
117000100,250,276,-26
117000101,236,1813,-1577
117000102,1517,728,789
117000103,891,2747,-1856
117000104,1249,620,629
117000105,1023,2583,-1560
117000106,1119,983,136
117000107,682,2821,-2139
117000108,1385,1076,309
117000109,2583,3605,-1022
117000110,1174,918,256
117000111,4538,6821,-2283
117000112,2685,2806,-121
117000113,123,481,-358
117000114,161,312,-151
117000115,80,211,-131
117000116,127,315,-188
117000117,1897,533,1364
117000118,459,171,288
117000119,827,183,644
117000120,405,351,54
117000121,175,1068,-893
117000122,777,1261,-484
117000123,2605,27,2578
117000124,1050,47,1003
117000125,807,90,717
117000126,106,44,62
117000127,252,409,-157
117000128,579,777,-198
117000129,1180,501,679
117000130,121,2,119
117000131,0,330,-330
117000132,1235,13,1222
117000133,849,224,625
117000134,4,71,-67
117000135,5,16,-11
117000136,2,44,-42
117000137,87,74,13
117000138,2,629,-627
117000140,625,2243,-1618
117000141,1620,664,956
117000181,1326,576,750
117000182,288,239,49
117000195,174,1817,-1643
117000196,133,67,66
117000225,360,6,354
117000226,16,114,-98
117000276,141,2,139
117000277,6,966,-960
117000310,2856,3906,-1050
117000315,57,1286,-1229
117000320,85,1,84
117000906,203,16,187
117000907,9,699,-690
117000909,46,56,-10
117000910,179,184,-5
117000911,110,272,-162
117000915,10,1081,-1071
117000916,9,0,9
117000917,729,20,709
117000918,32,90,-58
117000919,6,248,-242
117000920,8,2273,-2265
117000921,9,2998,-2989
117000922,96,226,-130
117000924,517,934,-417
117000926,1467,118,1349
117000927,2310,595,1715
117000928,1,481,-480
117000929,110,1147,-1037
117000930,126,26,100
117000931,534,140,394
117900002,291,475,-184
117900003,955,489,466
117900005,8,36,-28
117900006,3,38,-35
117900007,146,218,-72
117900008,1,86,-85
117900010,451,180,271
117900011,26,28,-2
117900012,60,214,-154
117900013,5,508,-503
117900014,939,355,584
117900015,27,373,-346
117900016,2061,542,1519
117900017,762,811,-49
117900018,360,44,316
117900019,297,790,-493
117900020,64,331,-267
117900021,36,145,-109
117900023,771,294,477
117900024,63,217,-154
117900025,27,12,15
117900026,293,916,-623
117900028,86,3,83
117900029,191,1858,-1667
117900030,355,210,145
117900031,241,143,98
117900032,560,510,50
117900033,167,1440,-1273
117900034,77,81,-4
117900035,162,48,114
117900036,228,989,-761
117900037,57,143,-86
117900038,30,584,-554
117900039,10,141,-131
117900040,82,907,-825
117900041,6,87,-81
117900042,6046,550,5496
117900043,55,84,-29
117900044,65,4217,-4152
117900045,150,155,-5
117900048,171,408,-237
117900049,164,1356,-1192
117900050,15,65,-50
117900051,61,6,55
117900052,59,294,-235
117900053,1023,903,120
117900054,1,21,-20
117900055,169,284,-115
117900056,463,47,416
117900057,972,1736,-764
117900058,149,14,135
117900059,545,76,469
117900060,1135,7971,-6836
117900061,18,242,-224
117900063,361,379,-18
117900065,776,1501,-725
117900066,7,61,-54
117900067,411,457,-46
117900069,482,673,-191
117900070,345,5,340
117900071,107,140,-33
117900073,274,678,-404
117900074,268,13,255
117900075,71,107,-36
117900076,23,50,-27
117900077,203,114,89
117900078,203,592,-389
117900080,238,50,188
117900081,576,646,-70
117900082,277,293,-16
117900083,273,1287,-1014
117900086,131,36,95
117900087,48,72,-24
117900088,3274,2781,493
117900089,1313,497,816
117900090,558,1428,-870
117900091,294,183,111
117900092,50,41,9
117900093,30,96,-66
117900094,24,4,20
117900095,458,1029,-571
117900096,85,299,-214
117900097,78,85,-7
117900098,11,4,7
117900099,198,538,-340
117900100,104,0,104
117900101,458,1138,-680
117900102,31,44,-13
117900103,21,0,21
117900104,42,154,-112
117900105,156,403,-247
117900106,56,68,-12
117900107,33,0,33
117900109,331,336,-5
117900110,24,0,24
117900111,259,9,250
117900112,52,9,43
117900113,6182,2239,3943
117900114,16,0,16
117900115,474,71,403
117900116,1017,1154,-137
117900117,270,428,-158
117900118,30,1,29
117900119,85,414,-329
117900120,74,222,-148
117900121,38,26,12
117900122,1422,1634,-212
117900123,919,1136,-217
117900124,621,864,-243
117900125,1268,1386,-118
117900126,380,848,-468
117900127,443,957,-514
117900128,241,1433,-1192
117900129,26,0,26
117900130,776,551,225
117900131,3,110,-107
117900132,11,99,-88
117900133,4,162,-158
117900134,50,240,-190
117900135,36,241,-205
117900136,0,71,-71
117900137,73,477,-404
117900138,0,56,-56
117900139,51,196,-145
117900140,7261,459,6802
117900141,306,426,-120
117900142,119,20,99
117900144,130,131,-1
117900145,32,7,25
117900146,350,96,254
117900147,81,105,-24
117900148,3679,974,2705
117900149,47,217,-170
117900150,49,130,-81
117900151,50,162,-112
117900152,116,99,17
117900153,56,140,-84
117900154,454,1149,-695
117900156,988,1265,-277
117900157,99,513,-414
117900158,84,77,7
117900160,408,364,44
117900161,3018,3543,-525
117900162,334,604,-270
117900163,158,33,125
117900165,1,15,-14
117900166,72,261,-189
117900168,31,181,-150
117900169,5,169,-164
117900170,0,56,-56
117900171,1,28,-27
117900172,15,74,-59
117900173,170,59,111
117900174,22,63,-41
117900175,2,54,-52
117900176,7,65,-58
117900177,6,87,-81
117900178,104,52,52
117900180,365,46,319
117900181,255,318,-63
117900182,0,32,-32
117900183,50,186,-136
117900184,10,46,-36
117900185,15,30,-15
117900186,52,12,40
117900187,9,18,-9
117900188,158,34,124
117900189,45,16,29
117900190,13,1,12
117900191,70,0,70
117900192,158,1,157
117900193,5,67,-62
117900194,10,5,5
117900195,6,24,-18
117900196,21,19,2
117900207,173,124,49
117900208,14,28,-14
117900209,219,211,8
117900210,146,199,-53
117900211,3,268,-265
117900212,68,198,-130
117900213,21,12,9
117900214,1,36,-35
117900215,20,96,-76
117900216,40,21,19
117900217,188,164,24
117900218,385,279,106
117900219,8,72,-64
117900220,188,96,92
117900222,192,343,-151
117900223,186,309,-123
118000001,843,673,170
118000002,1245,2092,-847
118000003,2800,1856,944
118000004,3474,2107,1367
118000005,5819,3643,2176
118000006,7410,9397,-1987
118000007,7461,2465,4996
118000008,5926,3210,2716
118000009,3035,2863,172
118000010,2908,4295,-1387
118000011,929,3303,-2374
118000012,1183,3609,-2426
118000013,3877,3976,-99
118000014,2022,4714,-2692
118000016,211,489,-278
118000017,239,470,-231
118000018,321,594,-273
118000019,2154,1474,680
118000020,1308,1733,-425
118000021,826,2285,-1459
118000022,1841,783,1058
118000023,1112,330,782
118000024,1589,918,671
118000027,18617,9198,9419
118000029,1116,714,402
118000032,1591,3287,-1696
118000033,2547,2986,-439
118000034,5336,2333,3003
118000035,1344,2082,-738
118000036,1350,1009,341
118000037,680,1015,-335
118000038,109,173,-64
118000039,82,500,-418
118000040,1333,2728,-1395
118000041,1793,1774,19
118000045,728,94,634
118000046,2407,547,1860
118000047,2479,576,1903
118000048,4379,1249,3130
118000051,2143,1420,723
118000052,1734,792,942
118000053,1091,670,421
118000054,2907,2474,433
118000055,2789,2797,-8
118000056,284,412,-128
118000057,274,489,-215
118000058,3567,1309,2258
118000059,2716,715,2001
118000060,899,770,129
118000061,650,1961,-1311
118000062,526,353,173
118000063,325,440,-115
118000064,1054,1386,-332
118000065,4965,1903,3062
118000066,1058,1273,-215
118000067,1263,740,523
118000068,1685,4068,-2383
118000069,3728,1142,2586
118000070,8025,1654,6371
118000071,3503,6189,-2686
118000072,2409,983,1426
118000073,2903,509,2394
118000074,553,824,-271
118000075,1088,266,822
118000076,1619,1301,318
118000077,1367,1464,-97
118000078,1961,1675,286
118000079,291,328,-37
118000080,1306,1102,204
118000081,2120,913,1207
118000082,379,848,-469
118000083,2560,1215,1345
118000084,2695,1632,1063
118000086,257,573,-316
118000087,7689,3124,4565
118000088,1919,2283,-364
118000089,4956,2576,2380
118000090,2587,2945,-358
118000091,2207,2397,-190
118000092,1535,588,947
118000093,150,757,-607
118000096,532,645,-113
118000097,722,728,-6
118000098,280,258,22
118000099,324,988,-664
118000101,840,449,391
118000102,336,1665,-1329
118000107,5102,630,4472
118000108,728,1361,-633
118000110,0,27,-27
118000111,2,993,-991
118000112,232,25,207
118000113,5,1620,-1615
118000114,188,22,166
118000115,11,8,3
118000116,61,1,60
118000117,1614,1268,346
118000118,1033,708,325
118000119,702,1324,-622
118000120,1675,2029,-354
118000121,143,625,-482
118000122,1430,344,1086
118000123,68,340,-272
118000125,2353,1306,1047
118000126,900,1345,-445
118000127,2385,731,1654
118000128,792,1327,-535
118000129,1286,363,923
118000130,3222,4839,-1617
118000131,1073,1459,-386
118000132,2181,1603,578
118000133,818,480,338
118000135,634,370,264
118000136,122,763,-641
118000137,862,113,749
118000138,315,1215,-900
118000139,208,138,70
118000140,2258,3344,-1086
118000141,1553,2188,-635
118000142,1204,2287,-1083
118000143,1464,1220,244
118000144,1482,1084,398
118000145,1491,2899,-1408
118000146,996,1276,-280
118000147,672,2128,-1456
118000148,428,1940,-1512
118000149,674,1682,-1008
118000150,238,471,-233
118000151,250,434,-184
118000153,812,1555,-743
118000154,799,2158,-1359
118000155,775,1702,-927
118000156,2687,2777,-90
118000157,503,542,-39
118000158,174,512,-338
118000159,18,78,-60
118000160,379,462,-83
118000161,332,874,-542
118000162,772,939,-167
118000163,549,788,-239
118000164,2759,1576,1183
118000168,1698,319,1379
118000169,1048,2004,-956
118000170,3695,7676,-3981
118000171,169,765,-596
118000172,128,470,-342
118000173,819,1217,-398
118000175,193,365,-172
118000176,202,381,-179
118000177,139,560,-421
118000178,188,62,126
118000179,1420,944,476
118000180,740,732,8
118000181,813,346,467
118000182,340,298,42
118000183,239,274,-35
118000184,565,1166,-601
118000185,904,883,21
118000186,494,748,-254
118000187,1092,802,290
118000188,487,277,210
118000189,341,1146,-805
118000190,8,34,-26
118000191,20,54,-34
118000192,298,281,17
118000193,279,362,-83
118000194,2562,1110,1452
118000195,843,718,125
118000196,572,121,451
118000197,279,107,172
118000198,665,441,224
118000199,1050,384,666
118000200,39,231,-192
118000201,520,435,85
118000202,33,45,-12
118000203,1399,319,1080
118000204,191,306,-115
118000205,298,415,-117
118000206,197,251,-54
118000207,0,213,-213
118000208,985,1670,-685
118000209,1561,2585,-1024
118000210,40,26,14
118000211,21,36,-15
118000213,1043,1391,-348
118000214,779,527,252
118000215,163,402,-239
118000216,1569,3651,-2082
118000217,18,157,-139
118000218,48,137,-89
118000219,434,533,-99
118000220,1,47,-46
118000221,97,271,-174
118000222,62,34,28
118000223,31,33,-2
118000224,330,92,238
118000225,97,1464,-1367
118000226,888,196,692
118000227,1042,285,757
118000228,128,116,12
118000229,252,31,221
118000230,85,282,-197
118000231,55,312,-257
118000232,610,1191,-581
118000233,734,1037,-303
118000234,275,304,-29
118000236,314,565,-251
118000237,71,826,-755
118000238,140,437,-297
118000239,235,374,-139
118000240,706,87,619
118000241,85,372,-287
118000242,246,847,-601
118000243,128,257,-129
118000244,24,195,-171
118000246,0,7,-7
118000255,96,352,-256
118000256,178,337,-159
118000259,6,63,-57
118000260,132,183,-51
118000261,49,129,-80
118000263,75,328,-253
118000266,98,474,-376
118000267,0,74,-74
118000268,391,3,388
118000270,43,52,-9
118000271,198,401,-203
118000272,75,21,54
118000273,94,112,-18
118000274,96,406,-310
118000276,250,499,-249
118000295,3,105,-102
118000298,79,544,-465
118000299,68,234,-166
118000301,1,78,-77
118000302,74,123,-49
118000311,193,164,29
118000312,175,177,-2
118000313,27,217,-190
118000314,48,108,-60
118000315,15,105,-90
118000316,491,799,-308
118000325,39,82,-43
118000326,22,36,-14
118000331,15,63,-48
118000332,33,38,-5
118000333,42,62,-20
118000335,176,1,175
118000336,1,449,-448
118000407,90,78,12
118000457,13,35,-22
118000465,3922,3504,418
118000480,44,213,-169
118000489,104,232,-128
118000490,150,634,-484
118000492,200,274,-74
118000510,68,11,57
118000514,187,475,-288
118000515,689,497,192
118000517,524,230,294
118000524,984,264,720
118000525,724,977,-253
118000530,8,113,-105
118000531,192,372,-180
118000532,156,311,-155
118000533,402,171,231
118000534,593,419,174
118000535,184,158,26
118000536,962,1110,-148
118000537,28,83,-55
118000538,41,167,-126
118000539,5,66,-61
118000540,282,275,7
118000541,186,126,60
118000542,68,195,-127
118000543,235,247,-12
118000546,33,26,7
118000553,0,2,-2
118000557,0,0,0
118000560,3610,1093,2517
118000562,25,654,-629
118000563,2335,1483,852
118000576,152,323,-171
118000577,214,158,56
118000578,188,170,18
118000579,995,1319,-324
118000583,0,0,0
118000595,117,90,27
118000596,0,122,-122
118000597,174,258,-84
118000598,2,0,2
118000599,39,74,-35
118000600,3,10,-7
118000601,0,0,0
118000602,1,7,-6
118000603,0,71,-71
118000605,66,1148,-1082
118900001,1443,1112,331
118900002,1174,677,497
118900003,182,18,164
118900004,24,79,-55
118900005,34,0,34
118900006,62,2,60
118900007,6,7,-1
118900008,1241,50,1191
118900009,9,25,-16
118900010,39,3,36
118900011,182,16,166
118900012,302,218,84
118900013,744,36,708
118900015,95,37,58
118900016,4,28,-24
118900017,232,242,-10
118900018,1429,15,1414
118900019,38,11,27
118900020,174,131,43
118900021,164,401,-237
118900022,126,83,43
118900023,111,161,-50
118900024,83,217,-134
118900025,37,16,21
118900026,29,78,-49
118900027,651,311,340
118900028,115,210,-95
118900029,153,619,-466
118900030,208,85,123
118900031,136,157,-21
118900032,187,276,-89
118900033,385,934,-549
118900034,54,14,40
118900035,106,335,-229
118900036,772,887,-115
118900037,320,348,-28
118900038,339,404,-65
118900039,271,338,-67
118900040,143,186,-43
118900041,261,284,-23
118900042,145,124,21
118900045,233,208,25
118900046,865,284,581
118900047,999,345,654
118900048,337,250,87
118900049,54,40,14
118900050,3,112,-109
118900051,105,81,24
118900052,279,279,0
118900053,25,97,-72
118900054,103,118,-15
118900055,16,166,-150
118900056,98,273,-175
118900057,422,349,73
118900058,294,522,-228
118900059,19,77,-58
118900060,36,275,-239
118900062,76,245,-169
118900064,710,595,115
118900065,30,174,-144
118900066,62,131,-69
118900067,6560,2558,4002
118900068,10,356,-346
118900069,340,381,-41
118900071,3,75,-72
118900072,456,449,7
118900073,64,149,-85
118900074,83,216,-133
118900075,19,75,-56
118900076,196,73,123
118900077,96,200,-104
118900078,40,2,38
118900079,41,207,-166
118900080,15,92,-77
118900081,54,21,33
118900082,403,190,213
118900083,11,7,4
118900084,10,30,-20
118900085,498,1082,-584
118900086,31,79,-48
118900087,19,174,-155
118900088,0,14,-14
118900089,28,7,21
118900090,320,463,-143
118900091,189,180,9
118900092,67,98,-31
118900093,152,9,143
118900096,81,101,-20
118900097,182,942,-760
118900099,38,422,-384
118900100,123,301,-178
118900101,69,721,-652
118900102,20,99,-79
118900103,31,76,-45
118900104,84,277,-193
118900105,173,99,74
118900107,190,133,57
118900108,49,108,-59
118900110,2058,622,1436
118900111,242,806,-564
118900112,48,148,-100
118900113,72,829,-757
118900114,29,109,-80
118900115,55,354,-299
118900116,122,182,-60
118900117,67,146,-79
118900118,235,653,-418
118900119,91,320,-229
118900120,76,280,-204
118900121,13,321,-308
118900122,8,616,-608
118900123,149,224,-75
118900124,84,196,-112
118900126,15,249,-234
118900129,358,219,139
118900130,67,148,-81
118900131,110,344,-234
118900132,270,201,69
118900133,19,75,-56
118900135,130,277,-147
118900136,168,843,-675
118900137,1,21,-20
118900139,111,1065,-954
118900140,302,896,-594
118900141,52,393,-341
118900144,162,653,-491
118900145,13,235,-222
118900146,263,1064,-801
118900147,201,111,90
118900148,60,84,-24
118900150,141,453,-312
118900152,343,1046,-703
118900157,157,195,-38
118900158,31,147,-116
118900159,1,270,-269
118900161,128,6,122
118900163,339,79,260
118900164,14,125,-111
118900165,25,272,-247
118900166,60,3,57
118900167,57,160,-103
118900168,9,57,-48
118900169,65,417,-352
118900170,63,141,-78
118900171,14,27,-13
118900174,54,101,-47
118900175,280,406,-126
118900176,126,235,-109
118900177,31,72,-41
118900178,40,119,-79
118900179,3,49,-46
118900181,58,137,-79
118900182,73,41,32
118900183,24,100,-76
118900184,150,35,115
118900185,76,148,-72
118900186,91,107,-16
118900187,213,396,-183
118900188,155,387,-232
118900189,30,465,-435
118900190,12,760,-748
118900191,164,65,99
118900192,115,31,84
118900193,233,16,217
118900195,356,1318,-962
118900196,16,222,-206
118900197,111,114,-3
118900198,7,38,-31
118900199,21,48,-27
118900200,9,4,5
118900201,12,16,-4
118900202,7,64,-57
118900203,8,53,-45
118900204,16,34,-18
118900205,13,15,-2
118900206,3,33,-30
119000001,1011,1481,-470
119000002,2058,3115,-1057
119000003,1383,2030,-647
119000004,1461,1864,-403
119000005,1821,2389,-568
119000006,1826,1750,76
119000007,2907,3379,-472
119000008,1621,2392,-771
119000009,3523,3149,374
119000010,9008,3909,5099
119000011,6071,2581,3490
119000012,4330,3325,1005
119000013,2041,1394,647
119000014,2258,3592,-1334
119000019,202,247,-45
119000020,1207,1570,-363
119000021,2562,2056,506
119000022,3800,1856,1944
119000023,253,226,27
119000024,2161,6764,-4603
119000025,14810,1292,13518
119000026,239,345,-106
119000027,572,428,144
119000028,2473,1481,992
119000029,150,306,-156
119000030,454,1496,-1042
119000031,729,792,-63
119000032,2251,2770,-519
119000033,1980,2401,-421
119000034,813,1324,-511
119000035,28,539,-511
119000036,928,1622,-694
119000037,837,3003,-2166
119000038,105,1507,-1402
119000039,163,416,-253
119000040,1366,508,858
119000041,1310,1371,-61
119000048,3618,4999,-1381
119000049,1368,4596,-3228
119000050,1536,3397,-1861
119000051,1788,1260,528
119000052,2829,4187,-1358
119000053,1764,1362,402
119000054,2541,5725,-3184
119000055,2425,4307,-1882
119000056,1598,2625,-1027
119000057,1373,3709,-2336
119000058,1787,3026,-1239
119000059,963,2423,-1460
119000060,982,957,25
119000061,784,1124,-340
119000062,960,1438,-478
119000063,370,433,-63
119000064,1898,2334,-436
119000065,1750,3056,-1306
119000066,1332,1065,267
119000067,1940,3732,-1792
119000068,1286,1191,95
119000069,1482,3760,-2278
119000070,1535,1360,175
119000071,576,1284,-708
119000072,8802,4753,4049
119000073,5131,6023,-892
119000074,876,5653,-4777
119000075,1077,2955,-1878
119000076,401,1025,-624
119000077,498,615,-117
119000078,282,428,-146
119000079,115,1034,-919
119000080,297,357,-60
119000081,150,479,-329
119000082,497,301,196
119000083,365,348,17
119000084,318,720,-402
119000085,719,418,301
119000086,227,366,-139
119000087,2189,1251,938
119000088,249,266,-17
119000089,59,207,-148
119000090,175,249,-74
119000091,155,348,-193
119000092,651,328,323
119000093,4967,5043,-76
119000094,2038,6419,-4381
119000095,1203,4335,-3132
119000097,3031,1954,1077
119000098,655,1775,-1120
119000099,2469,2405,64
119000100,2412,2377,35
119000101,1980,2320,-340
119000102,551,782,-231
119000103,1187,532,655
119000104,4240,1969,2271
119000105,663,1261,-598
119000106,262,2634,-2372
119000107,451,624,-173
119000108,242,1892,-1650
119000109,47,305,-258
119000110,367,363,4
119000111,31,625,-594
119000112,131,95,36
119000113,2142,281,1861
119000114,789,645,144
119000115,157,190,-33
119000116,71,97,-26
119000117,110,264,-154
119000118,1,3,-2
119000123,3477,680,2797
119000124,358,318,40
119000125,1932,1354,578
119000126,612,1429,-817
119000127,433,1271,-838
119000128,23,7,16
119000131,673,1411,-738
119000132,3,7,-4
119000133,3,11,-8
119000134,3565,657,2908
119000135,120,234,-114
119000136,136,357,-221
119000137,98,658,-560
119000138,171,644,-473
119000139,216,373,-157
119000140,167,306,-139
119000284,1471,3835,-2364
119000285,2665,2780,-115
119000286,7823,6340,1483
119000287,1573,2953,-1380
119000288,1949,2160,-211
119000289,2988,5170,-2182
119000290,172,724,-552
119000291,6,513,-507
119000293,86,244,-158
119000294,28,48,-20
119000295,3020,689,2331
119000296,163,123,40
119000297,0,0,0
119000299,0,0,0
119000302,5011,1572,3439
119000303,41,257,-216
119000314,1352,6192,-4840
119000315,13,945,-932
119000316,94,178,-84
119000317,53,651,-598
119900001,230,912,-682
119900002,125,316,-191
119900003,81,1586,-1505
119900004,375,554,-179
119900005,83,197,-114
119900006,251,387,-136
119900007,728,81,647
119900008,23,29,-6
119900009,388,649,-261
119900010,702,1038,-336
119900011,15,75,-60
119900012,13,59,-46
119900013,1453,582,871
119900014,449,214,235
119900015,82,20,62
119900016,50,128,-78
119900017,15,47,-32
119900018,1978,380,1598
119900019,16,5,11
119900020,79,178,-99
119900021,83,105,-22
119900022,146,260,-114
119900023,1104,768,336
119900025,84,32,52
119900026,1041,111,930
119900027,13,32,-19
119900028,211,69,142
119900029,4,7,-3
119900030,417,691,-274
119900031,31,199,-168
119900033,1845,168,1677
119900034,210,194,16
119900037,140,58,82
119900038,24,203,-179
119900039,35,10,25
119900040,66,9,57
119900041,51,51,0
119900042,48,249,-201
119900043,53,225,-172
119900044,184,474,-290
119900046,38,64,-26
119900047,192,42,150
119900048,78,98,-20
119900049,74,9,65
119900050,44,56,-12
119900051,474,11,463
119900052,23,56,-33
119900053,96,217,-121
119900054,83,3,80
119900055,715,378,337
119900057,80,80,0
119900058,141,2,139
119900059,167,84,83
119900060,111,4,107
119900061,128,4,124
119900062,24,31,-7
119900063,12,34,-22
119900065,170,7,163
119900067,38,36,2
119900068,282,1,281
119900069,62,16,46
119900070,463,7,456
119900071,305,9,296
119900073,2253,542,1711
119900074,30,14,16
119900075,7806,2459,5347
119900076,231,672,-441
119900077,545,1807,-1262
119900078,381,1154,-773
119900079,568,465,103
119900080,191,419,-228
119900081,267,282,-15
119900082,821,636,185
119900083,319,75,244
119900084,651,289,362
119900085,248,82,166
119900086,294,1543,-1249
119900087,480,362,118
119900088,79,41,38
119900089,23,851,-828
119900090,190,76,114
119900091,39,1812,-1773
119900092,33,549,-516
119900093,817,175,642
119900094,47,244,-197
119900095,173,114,59
119900096,37,130,-93
119900097,694,178,516
119900098,28,83,-55
119900099,48,351,-303
119900100,3657,1928,1729
119900101,204,1017,-813
119900102,24,482,-458
119900103,19,822,-803
119900104,16,319,-303
119900105,488,1187,-699
119900106,20,336,-316
119900107,459,5800,-5341
119900108,2432,796,1636
119900109,13,464,-451
119900110,451,986,-535
119900111,46,528,-482
119900112,4568,621,3947
119900113,83,634,-551
119900114,161,2519,-2358
119900115,192,1988,-1796
119900116,135,519,-384
119900117,162,1199,-1037
119900118,29,1771,-1742
119900119,175,347,-172
119900120,600,789,-189
119900121,188,2090,-1902
119900122,507,529,-22
119900123,205,347,-142
119900124,111,1447,-1336
119900125,36,555,-519
119900126,6381,321,6060
119900127,3505,1106,2399
119900128,286,1225,-939
119900129,154,1224,-1070
119900130,46,395,-349
119900131,24,445,-421
119900132,4,672,-668
119900133,17,27,-10
119900134,3137,325,2812
119900135,3,870,-867
119900136,174,714,-540
119900138,446,938,-492
119900139,6,90,-84
119900140,3,252,-249
119900141,179,525,-346
119900142,4,27,-23
119900143,4,287,-283
119900144,3004,281,2723
119900145,67,282,-215
119900146,111,160,-49
119900147,11,158,-147
119900148,126,56,70
119900149,2222,2096,126
119900150,222,195,27
119900151,1782,767,1015
119900152,78,639,-561
119900153,81,68,13
119900154,12,1195,-1183
119900155,26,34,-8
119900156,4,2,2
119900157,53,309,-256
119900158,67,69,-2
119900159,13,2835,-2822
119900160,10,282,-272
119900161,196,407,-211
119900162,641,857,-216
119900163,125,169,-44
119900164,1,1,0
119900165,99,361,-262
119900166,58,35,23
119900167,157,160,-3
119900168,399,441,-42
119900169,175,252,-77
119900170,136,161,-25
119900171,664,616,48
119900172,90,28,62
119900173,8,664,-656
119900174,43,339,-296
119900175,694,835,-141
119900177,30,278,-248
119900178,76,314,-238
119900179,47,228,-181
119900180,748,702,46
119900181,58,95,-37
119900182,3,833,-830
119900183,113,1259,-1146
119900184,3985,601,3384
119900185,21,119,-98
119900186,103,472,-369
119900187,14,858,-844
119900188,51,376,-325
119900189,381,293,88
119900190,48,136,-88
119900191,303,120,183
119900192,10,276,-266
119900193,181,318,-137
119900194,12,57,-45
119900195,12,269,-257
119900196,1927,472,1455
119900197,94,121,-27
119900198,52,545,-493
119900199,138,35,103
119900200,352,626,-274
119900201,465,208,257
119900202,245,115,130
119900203,103,362,-259
119900204,171,396,-225
119900205,306,843,-537
119900206,69,145,-76
119900208,112,149,-37
119900209,349,817,-468
119900210,33,38,-5
119900211,104,13,91
119900212,108,455,-347
119900213,1,51,-50
119900214,14,154,-140
119900215,57,184,-127
119900216,10,120,-110
119900217,9,95,-86
119900218,20,80,-60
119900219,8,212,-204
119900220,4,178,-174
119900221,12,606,-594
119900222,15,375,-360
119900223,22,132,-110
119900224,16,46,-30
119900225,1677,59,1618
119900226,1052,1379,-327
119900227,1410,403,1007
119900228,16,303,-287
119900229,303,561,-258
119900230,1872,813,1059
119900231,151,275,-124
119900232,138,78,60
119900233,19,1,18
119900234,19,34,-15
119900235,12,33,-21
119900236,41,315,-274
119900237,12,770,-758
119900238,0,137,-137
119900240,36,180,-144
119900241,154,323,-169
119900242,1932,1411,521
119900244,927,1080,-153
119900245,73,143,-70
119900246,242,392,-150
119900247,27,108,-81
119900248,48,78,-30
119900249,163,59,104
119900253,5465,346,5119
119900254,78,336,-258
119900255,43,555,-512
119900256,243,1538,-1295
119900257,24,0,24
119900258,53,23,30
119900259,7,253,-246
119900260,47,1,46
119900261,166,280,-114
119900262,0,429,-429
119900263,1094,461,633
119900264,44,372,-328
119900265,179,413,-234
119900266,178,347,-169
119900267,219,459,-240
119900268,91,273,-182
119900269,488,1659,-1171
119900271,10,96,-86
119900272,167,45,122
119900275,71,0,71
119900276,21,0,21
119900277,5,3,2
119900278,244,74,170
119900279,125,171,-46
119900280,1575,270,1305
119900281,0,106,-106
119900282,45,27,18
119900283,12,547,-535
119900284,49,186,-137
119900285,19,59,-40
119900286,5,19,-14
119900288,5,57,-52
119900289,1,47,-46
119900290,3,54,-51
119900291,1,54,-53
119900292,34,39,-5
119900293,19,76,-57
119900294,18,116,-98
119900295,27,82,-55
119900296,17,349,-332
119900297,2,25,-23
119900298,3,9,-6
119900299,38,354,-316
119900300,123,274,-151
119900301,49,37,12
119900302,27,51,-24
119900303,133,294,-161
119900304,86,32,54
119900305,27,106,-79
119900306,12,2,10
119900307,20,182,-162
119900308,3,15,-12
119900309,14,65,-51
119900310,269,424,-155
119900311,26,235,-209
119900312,56,93,-37
119900313,168,501,-333
119900314,93,308,-215
119900315,583,3550,-2967
119900318,5,27,-22
119900319,13,413,-400
119900320,46,1023,-977
119900321,20,0,20
120000001,9175,12406,-3231
120000002,2232,4381,-2149
120000003,3612,2587,1025
120000004,3067,3158,-91
120000005,5013,2526,2487
120000006,1237,1609,-372
120000007,4055,2971,1084
120000008,1082,1808,-726
120000009,6421,1112,5309
120000010,1884,3879,-1995
120000011,1255,2868,-1613
120000012,1327,3994,-2667
120000013,2322,3594,-1272
120000014,613,2003,-1390
120000015,2811,1915,896
120000016,3360,3654,-294
120000017,2591,2792,-201
120000018,6648,10397,-3749
120000019,881,1554,-673
120000020,3437,3159,278
120000021,2268,2425,-157
120000022,2848,4187,-1339
120000023,883,2254,-1371
120000024,1436,2887,-1451
120000025,2261,2737,-476
120000026,893,2419,-1526
120000027,1237,2227,-990
120000028,842,550,292
120000029,2557,570,1987
120000030,100,740,-640
120000031,1549,6785,-5236
120000032,12864,4115,8749
120000033,3805,2427,1378
120000034,1503,3083,-1580
120000035,1757,3703,-1946
120000036,2902,5655,-2753
120000037,607,1367,-760
120000038,13840,3977,9863
120000039,472,1235,-763
120000040,54,159,-105
120000041,701,2490,-1789
120000042,1419,5283,-3864
120000043,4134,3915,219
120000044,3698,1645,2053
120000045,3631,1117,2514
120000046,1848,1967,-119
120000047,2767,3952,-1185
120000048,10156,4708,5448
120000049,3663,3618,45
120000050,3263,7400,-4137
120000051,4346,5711,-1365
120000052,19543,3536,16007
120000053,1197,6186,-4989
120000054,1411,9338,-7927
120000055,1509,7913,-6404
120000056,2812,7112,-4300
120000057,1723,931,792
120000058,1076,262,814
120000059,37,1205,-1168
120000061,139,1084,-945
120000062,243,390,-147
120000063,2302,4145,-1843
120000064,268,2250,-1982
120000065,453,2735,-2282
120000066,167,677,-510
120000067,34,804,-770
120000068,197,1912,-1715
120000069,687,2430,-1743
120000070,47,1468,-1421
120000071,277,288,-11
120000072,327,753,-426
120000073,439,96,343
120000074,50,95,-45
120000075,463,365,98
120000076,1111,544,567
120000077,1088,747,341
120000078,2982,1042,1940
120000079,281,879,-598
120000080,130,324,-194
120000081,190,213,-23
120000082,211,312,-101
120000083,119,529,-410
120000084,553,679,-126
120000085,329,585,-256
120000086,400,927,-527
120000087,209,1887,-1678
120000088,708,1951,-1243
120000089,1003,967,36
120000090,377,706,-329
120000091,628,1250,-622
120000092,1030,782,248
120000093,355,644,-289
120000094,198,640,-442
120000095,800,913,-113
120000096,218,1565,-1347
120000098,715,1380,-665
120000099,290,950,-660
120000100,696,1157,-461
120000101,394,620,-226
120000102,427,688,-261
120000103,842,595,247
120000104,1234,384,850
120000105,1959,530,1429
120000106,1535,521,1014
120000107,2154,600,1554
120000108,764,127,637
120000109,849,51,798
120000110,102,1621,-1519
120000111,167,2207,-2040
120000112,852,6354,-5502
120000113,666,4772,-4106
120000114,1011,4903,-3892
120000115,451,4005,-3554
120000116,679,3191,-2512
120000117,2123,2166,-43
120000118,42,39,3
120000119,43,95,-52
120000120,55,44,11
120000121,46,122,-76
120000122,346,336,10
120000123,8790,3986,4804
120000124,368,671,-303
120000125,424,880,-456
120000126,364,1159,-795
120000127,2377,1115,1262
120000128,4363,3334,1029
120000129,357,387,-30
120000130,754,1033,-279
120000131,315,613,-298
120000134,439,2073,-1634
120000135,252,423,-171
120000137,185,3410,-3225
120000138,404,605,-201
120000139,150,1821,-1671
120000140,370,894,-524
120000141,181,829,-648
120000142,259,840,-581
120000143,0,127,-127
120000144,42,0,42
120000145,196,3,193
120000146,3230,1106,2124
120000149,495,1204,-709
120000150,6470,9379,-2909
120000151,360,747,-387
120000152,249,371,-122
120000153,109,1433,-1324
120000154,502,608,-106
120000155,94,321,-227
120000156,2358,704,1654
120000157,779,856,-77
120000158,733,1685,-952
120000159,1751,3023,-1272
120000160,2037,1727,310
120000161,1253,3161,-1908
120000162,140,334,-194
120000163,401,2706,-2305
120000164,341,728,-387
120000165,300,1513,-1213
120000166,867,981,-114
120000167,32,40,-8
120000168,8,92,-84
120000169,52,380,-328
120000170,94,214,-120
120000171,21,67,-46
120000172,39,35,4
120000173,2908,238,2670
120000174,645,11,634
120000175,905,15,890
120000176,389,42,347
120000177,1598,245,1353
120000178,82,5,77
120000179,399,24,375
120000180,530,52,478
120000181,80,223,-143
120000182,60,102,-42
120000183,6,120,-114
120000184,102,807,-705
120000186,110,83,27
120000187,69,39,30
120000188,342,78,264
120000190,1226,17,1209
120000191,2154,24,2130
120000192,2182,9,2173
120000193,646,1,645
120000195,134,2,132
120000196,240,32,208
120000197,102,138,-36
120000198,126,185,-59
120000199,61,1,60
120000200,58,1,57
120000201,15,16,-1
120000202,3,92,-89
120000203,41,538,-497
120000207,3,125,-122
120000208,21,491,-470
120000209,3,155,-152
120000210,228,86,142
120000211,55,1,54
120000212,90,0,90
120000213,76,566,-490
120000214,2,649,-647
120000215,7,175,-168
120000216,29,8,21
120000217,944,1886,-942
120000218,294,1697,-1403
120000219,15,1032,-1017
120000220,13,3596,-3583
120000225,695,1,694
120000226,174,0,174
120000227,543,26,517
120000228,8013,2543,5470
120000230,240,11,229
120000231,798,3503,-2705
120000233,173,97,76
120000235,160,1252,-1092
120000236,537,0,537
120000237,5,3240,-3235
120000238,4,147,-143
120000241,1133,4859,-3726
120000412,2565,26,2539
120000413,179,757,-578
120000414,84,2,82
120000415,4,300,-296
120000416,37,13,24
120000417,2,152,-150
120000418,78,12,66
120000419,16,844,-828
120000420,82,51,31
120000421,17411,7095,10316
120000422,285,658,-373
120000423,5,49,-44
120000424,98,281,-183
120000436,179,473,-294
120000437,234,246,-12
120000438,6527,491,6036
120000439,106,341,-235
120000443,126,0,126
120000444,838,1164,-326
120000445,1599,1741,-142
120000446,1520,412,1108
120000447,106,5,101
120000449,70,29,41
120000450,9,595,-586
120000451,100,375,-275
120000452,85,5,80
120000453,0,587,-587
120000454,116,33,83
120000455,139,79,60
120000456,3754,3579,175
120000457,1543,1304,239
120000458,805,1087,-282
120000459,43,103,-60
120000665,969,157,812
120000668,94,241,-147
120000669,73,597,-524
120000670,253,525,-272
120000671,931,365,566
120000672,136,636,-500
120900001,69,42,27
120900002,382,368,14
120900003,208,32,176
120900004,6,81,-75
120900005,10,2010,-2000
120900006,207,253,-46
120900007,107,246,-139
120900008,165,1679,-1514
120900009,552,61,491
120900010,252,56,196
120900011,474,152,322
120900012,1622,986,636
120900013,184,60,124
120900014,88,1252,-1164
120900015,289,101,188
120900016,458,61,397
120900017,4388,92,4296
120900018,51,622,-571
120900019,551,207,344
120900020,1103,891,212
120900021,501,104,397
120900022,20,611,-591
120900023,178,44,134
120900024,1541,500,1041
120900025,2386,1258,1128
120900026,118,262,-144
120900027,785,48,737
120900028,194,67,127
120900029,167,272,-105
120900030,773,609,164
120900031,147,37,110
120900032,579,255,324
120900033,781,47,734
120900034,23,2274,-2251
120900035,37,99,-62
120900037,151,8,143
120900038,48,167,-119
120900039,69,44,25
120900040,237,3,234
120900041,167,42,125
120900042,230,89,141
120900043,39,28,11
120900044,7,544,-537
120900045,118,190,-72
120900046,301,7,294
120900047,105,36,69
120900048,75,19,56
120900049,231,2,229
120900050,5178,1289,3889
120900051,211,129,82
120900052,341,6,335
120900053,119,88,31
120900054,1631,1221,410
120900055,209,1,208
120900056,282,18,264
120900057,116,20,96
120900058,311,1,310
120900059,61,4,57
120900060,35,51,-16
120900061,222,602,-380
120900062,147,3,144
120900063,382,2,380
120900064,242,3,239
120900065,257,1,256
120900066,143,415,-272
120900067,187,46,141
120900068,164,1,163
120900069,129,93,36
120900071,12,0,12
120900072,418,2,416
120900073,245,302,-57
120900074,308,3,305
120900076,198,3,195
120900077,5215,307,4908
120900078,464,968,-504
120900079,377,110,267
120900080,420,3890,-3470
120900081,641,1707,-1066
120900082,855,262,593
120900083,61,9,52
120900084,195,313,-118
120900085,164,163,1
120900086,229,240,-11
120900087,303,139,164
120900088,251,314,-63
120900089,6452,1639,4813
120900090,71,260,-189
120900091,528,382,146
120900092,1309,1078,231
120900093,5707,357,5350
120900094,628,329,299
120900095,194,36,158
120900096,32,165,-133
120900097,713,1446,-733
120900098,263,218,45
120900099,46,57,-11
120900100,48,550,-502
120900101,715,446,269
120900102,11,196,-185
120900103,48,218,-170
120900104,21,55,-34
120900105,27,1194,-1167
120900106,1612,821,791
120900107,430,180,250
120900108,7,1441,-1434
120900109,43,1045,-1002
120900110,11,1015,-1004
120900111,110,570,-460
120900112,10,2174,-2164
120900113,16,1572,-1556
120900114,54,203,-149
120900115,170,257,-87
120900116,171,1069,-898
120900117,2,813,-811
120900118,13,1399,-1386
120900119,3130,4668,-1538
120900120,35,1083,-1048
120900121,69,657,-588
120900122,197,1175,-978
120900123,3,807,-804
120900124,4,1170,-1166
120900125,8,1918,-1910
120900126,1670,1196,474
120900127,7,839,-832
120900128,1107,1529,-422
120900129,69,555,-486
120900130,1,614,-613
120900131,23,64,-41
120900132,517,448,69
120900133,198,1768,-1570
120900134,734,615,119
120900135,5,978,-973
120900136,25,35,-10
120900137,126,194,-68
120900138,18,301,-283
120900139,4,1362,-1358
120900140,4,58,-54
120900141,73,146,-73
120900142,22,1639,-1617
120900143,8,1578,-1570
120900144,0,376,-376
120900145,47,1256,-1209
120900146,5,1530,-1525
120900147,1,403,-402
120900148,90,224,-134
120900149,1,723,-722
120900150,28,1031,-1003
120900151,4,1220,-1216
120900152,0,58,-58
120900153,8,49,-41
120900154,1,654,-653
120900155,103,1899,-1796
120900156,34,468,-434
120900157,24,298,-274
120900158,38,836,-798
120900159,51,518,-467
120900160,19,576,-557
120900161,31,743,-712
120900162,19,763,-744
120900163,17,159,-142
120900164,8,5,3
120900165,0,5,-5
120900166,68,205,-137
120900167,284,108,176
120900169,42,933,-891
120900170,4078,1862,2216
120900171,1342,510,832
120900172,1093,156,937
120900173,0,97,-97
120900174,5,175,-170
120900175,289,317,-28
120900176,19,294,-275
120900177,0,623,-623
120900178,0,276,-276
120900179,1104,705,399
120900180,107,94,13
120900181,44,55,-11
120900182,11,690,-679
120900183,389,154,235
120900184,149,80,69
120900185,1,378,-377
120900186,1,860,-859
120900187,337,1023,-686
120900188,84,13,71
120900189,199,567,-368
120900190,37,10,27
120900191,0,21,-21
120900192,18714,3346,15368
120900194,24,75,-51
120900195,115,268,-153
120900196,696,47,649
120900197,384,70,314
120900198,264,823,-559
120900199,224,258,-34
120900200,123,213,-90
120900201,731,149,582
120900202,0,372,-372
120900203,23,59,-36
120900204,256,512,-256
120900205,59,159,-100
120900206,9,24,-15
120900207,68,1984,-1916
121000001,1215,1548,-333
121000002,2822,1833,989
121000003,4791,2356,2435
121000004,2953,5816,-2863
121000005,2292,3199,-907
121000006,3193,1666,1527
121000007,3606,3384,222
121000008,7781,3365,4416
121000009,7139,7436,-297
121000010,10440,6162,4278
121000011,10111,16290,-6179
121000012,15967,11455,4512
121000013,6223,9412,-3189
121000014,8002,8232,-230
121000015,6007,8062,-2055
121000016,5686,5398,288
121000017,2099,4312,-2213
121000018,2231,2077,154
121000019,23536,11587,11949
121000020,14661,11728,2933
121000021,3453,3996,-543
121000022,1758,2130,-372
121000023,4693,4070,623
121000024,3444,4182,-738
121000025,745,1420,-675
121000026,313,185,128
121000027,1591,1217,374
121000028,785,492,293
121000029,879,881,-2
121000030,600,468,132
121000031,718,760,-42
121000032,159,63,96
121000034,540,212,328
121000035,225,125,100
121000036,1334,1017,317
121000037,768,720,48
121000038,701,712,-11
121000039,419,329,90
121000041,414,493,-79
121000042,234,375,-141
121000043,779,758,21
121000044,2022,730,1292
121000045,325,376,-51
121000046,336,908,-572
121000047,47,47,0
121000049,2284,649,1635
121000050,286,1112,-826
121000051,705,358,347
121000052,391,725,-334
121000053,491,148,343
121000054,42,271,-229
121000055,1557,1585,-28
121000056,873,1273,-400
121000057,154,424,-270
121000058,388,150,238
121000059,2258,1227,1031
121000060,404,1071,-667
121000061,151,128,23
121000062,154,327,-173
121000063,673,689,-16
121000064,626,780,-154
121000065,528,488,40
121000066,628,532,96
121000067,939,335,604
121000068,533,307,226
121000069,497,372,125
121000070,2011,1443,568
121000071,1081,1063,18
121000072,1260,956,304
121000073,1189,818,371
121000074,99,164,-65
121000075,65,92,-27
121000076,1152,378,774
121000077,137,118,19
121000078,97,106,-9
121000080,2809,775,2034
121000081,2760,2743,17
121000082,91,258,-167
121000083,213,192,21
121000084,186,132,54
121000085,279,581,-302
121000086,152,904,-752
121000087,81,324,-243
121000088,363,834,-471
121000089,433,332,101
121000090,430,388,42
121000091,1918,1003,915
121000092,180,122,58
121000093,123,257,-134
121000094,436,608,-172
121000095,262,491,-229
121000096,2217,3373,-1156
121000097,1188,2282,-1094
121000098,484,1784,-1300
121000099,509,1153,-644
121000100,768,742,26
121000101,198,317,-119
121000102,178,477,-299
121000103,150,421,-271
121000104,170,191,-21
121000105,289,276,13
121000106,233,516,-283
121000107,2629,4491,-1862
121000109,1531,1286,245
121000110,368,765,-397
121000114,2738,2545,193
121000115,976,1001,-25
121000116,552,1004,-452
121000117,1169,416,753
121000118,1379,381,998
121000119,337,431,-94
121000120,222,531,-309
121000121,435,1084,-649
121000123,1658,665,993
121000127,145,120,25
121000128,882,647,235
121000129,525,524,1
121000130,409,1435,-1026
121000131,2438,1775,663
121000132,1556,1755,-199
121000135,374,254,120
121000136,889,602,287
121000137,472,254,218
121000138,826,666,160
121000139,402,100,302
121000141,258,139,119
121000142,924,643,281
121000143,189,20,169
121000144,1132,1154,-22
121000145,528,1824,-1296
121000146,1107,1105,2
121000147,766,558,208
121000148,812,1319,-507
121000149,2185,1418,767
121000152,518,815,-297
121000153,1913,800,1113
121000154,765,790,-25
121000155,1364,1422,-58
121000156,390,1322,-932
121000157,1493,2935,-1442
121000158,356,958,-602
121000159,143,800,-657
121000160,302,861,-559
121000161,158,454,-296
121000162,73,343,-270
121000165,1862,1697,165
121000166,32,814,-782
121000168,280,364,-84
121000169,54,192,-138
121000170,211,184,27
121000171,42,188,-146
121000172,581,523,58
121000173,1102,948,154
121000174,182,491,-309
121000175,678,492,186
121000176,326,296,30
121000177,814,790,24
121000178,124,86,38
121000179,116,93,23
121000181,511,402,109
121000182,88,139,-51
121000183,43,64,-21
121000184,66,75,-9
121000185,27,172,-145
121000186,146,321,-175
121000187,144,396,-252
121000188,128,269,-141
121000192,570,495,75
121000193,538,552,-14
121000194,3001,2470,531
121000195,455,1251,-796
121000196,1376,269,1107
121000197,375,915,-540
121000198,413,132,281
121000199,123,639,-516
121000200,351,106,245
121000201,11,309,-298
121000202,976,132,844
121000203,641,3010,-2369
121000204,2059,809,1250
121000205,171,439,-268
121000206,167,31,136
121000207,1645,579,1066
121000208,10,621,-611
121000209,238,600,-362
121000210,377,950,-573
121000211,321,164,157
121000212,281,1310,-1029
121000213,11241,2948,8293
121000214,889,2531,-1642
121000215,1566,1022,544
121000216,468,669,-201
121000217,4573,3316,1257
121000218,617,2380,-1763
121000219,1661,504,1157
121000220,349,85,264
121000221,146,283,-137
121000222,3198,3106,92
121000223,745,395,350
121000224,377,155,222
121000225,2641,1248,1393
121000226,5072,915,4157
121000227,8,495,-487
121000228,21,1050,-1029
121000229,158,667,-509
121000230,63,2462,-2399
121000231,636,45,591
121000232,421,242,179
121000233,496,336,160
121000234,25,40,-15
121000235,88,54,34
121000236,9,87,-78
121000237,36,12,24
121000238,12,103,-91
121000239,56,1,55
121000240,21,329,-308
121000241,90,5,85
121000242,70,208,-138
121000243,449,99,350
121000244,12,57,-45
121000245,70,9,61
121000246,1,127,-126
121000247,89,2,87
121000248,1019,908,111
121000249,117,273,-156
121000250,429,119,310
121000251,23,891,-868
121000252,64,36,28
121000253,370,817,-447
121000254,673,378,295
121000255,184,204,-20
121000256,291,187,104
121000257,84,106,-22
121000258,112,65,47
121000259,75,40,35
121000260,140,233,-93
121000261,92,40,52
121000262,995,1030,-35
121000263,313,531,-218
121000271,259,2183,-1924
121000273,168,14,154
121000274,10,46,-36
121000275,5,47,-42
121000276,5,16,-11
121000278,72,69,3
121000279,48,20,28
121000280,44,72,-28
121000289,316,40,276
121000290,1396,766,630
121000294,77,285,-208
121000297,1033,1189,-156
121000299,299,437,-138
121000300,702,613,89
121000302,219,1341,-1122
121000303,687,668,19
121000304,417,65,352
121000305,128,47,81
121000306,94,142,-48
121000308,158,514,-356
121000309,437,699,-262
121000310,76,499,-423
121000311,84,995,-911
121000312,298,246,52
121000313,559,606,-47
121000314,241,110,131
121000315,98,189,-91
121000530,1008,1845,-837
121000531,1137,1837,-700
121000532,6227,5967,260
121000533,2684,3177,-493
121000918,50,236,-186
121000919,22,76,-54
121000938,577,665,-88
121000939,1025,497,528
121000956,723,2302,-1579
121000957,6,16,-10
121000958,176,65,111
121000959,467,1276,-809
121000960,1758,3247,-1489
121000961,163,120,43
121000962,499,1294,-795
121000973,1,418,-417
121000976,19,177,-158
121000979,420,88,332
121000981,296,201,95
121000982,257,414,-157
121000983,529,677,-148
121000984,32,75,-43
121000985,462,1317,-855
121000986,242,832,-590
121000987,302,2272,-1970
121000988,647,198,449
121001302,328,129,199
121001308,3,10,-7
121001309,122,61,61
121001311,0,0,0
121001313,180,393,-213
121001314,3667,4529,-862
121001315,4954,2218,2736
121001326,336,466,-130
121900001,76,211,-135
121900002,52,17,35
121900003,324,15,309
121900004,137,479,-342
121900005,19,3,16
121900006,96,14,82
121900007,2396,2055,341
121900008,682,167,515
121900009,596,16,580
121900010,232,3,229
121900011,162,461,-299
121900012,5,1,4
121900013,1114,36,1078
121900014,1298,265,1033
121900015,140,209,-69
121900016,1,49,-48
121900017,255,596,-341
121900018,233,8,225
121900019,311,338,-27
121900020,36,1,35
121900021,733,13,720
121900022,157,193,-36
121900023,71,392,-321
121900024,428,80,348
121900025,356,364,-8
121900026,328,40,288
121900027,220,113,107
121900028,280,18,262
121900029,74,214,-140
121900030,554,565,-11
121900031,1654,6289,-4635
121900032,69,88,-19
121900033,112,180,-68
121900034,338,93,245
121900035,2435,1690,745
121900036,64,488,-424
121900037,131,639,-508
121900038,24,191,-167
121900039,310,29,281
121900040,49,91,-42
121900041,76,182,-106
121900042,231,119,112
121900043,0,6,-6
121900044,288,81,207
121900046,195,217,-22
121900047,128,105,23
121900048,23,150,-127
121900050,13,31,-18
121900051,124,243,-119
121900052,76,39,37
121900053,315,280,35
121900054,566,856,-290
121900055,7,10,-3
121900058,203,249,-46
121900059,219,101,118
121900060,168,363,-195
121900061,170,138,32
121900062,114,81,33
121900063,808,306,502
121900064,182,737,-555
121900066,33,28,5
121900067,26,45,-19
121900069,205,153,52
121900070,197,99,98
121900071,162,267,-105
121900072,11,235,-224
121900073,223,234,-11
121900074,764,662,102
121900075,837,394,443
121900076,304,651,-347
121900077,6,48,-42
121900078,43,56,-13
121900079,1,1,0
121900080,529,424,105
121900082,39,107,-68
121900084,11,249,-238
121900085,1,11,-10
121900086,27,46,-19
121900087,130,96,34
121900088,1773,2763,-990
121900089,150,444,-294
121900090,17,108,-91
121900091,19,114,-95
121900092,60,99,-39
121900093,31,91,-60
121900094,28,13,15
121900095,157,109,48
121900096,1259,580,679
121900097,302,133,169
121900098,6,4,2
121900099,187,90,97
121900100,220,242,-22
121900101,103,118,-15
121900102,6,112,-106
121900103,482,249,233
121900104,1133,354,779
121900105,145,89,56
121900106,3,5,-2
121900107,50,31,19
121900108,0,16,-16
121900109,282,148,134
121900110,263,1458,-1195
121900111,779,103,676
121900112,90,153,-63
121900113,75,262,-187
121900114,10,45,-35
121900117,83,17,66
121900118,2502,427,2075
121900119,93,182,-89
121900120,29,1500,-1471
121900121,508,51,457
121900122,12,45,-33
121900123,243,404,-161
121900124,74,214,-140
121900125,897,1144,-247
121900127,10,69,-59
121900128,54,109,-55
121900129,821,163,658
121900130,134,298,-164
121900131,239,126,113
121900132,27,120,-93
121900133,89,435,-346
121900134,29,128,-99
121900135,2248,280,1968
121900136,184,562,-378
121900137,49,275,-226
121900138,83,267,-184
121900139,440,550,-110
121900140,92,208,-116
121900141,43,6,37
121900142,84,136,-52
121900143,5,142,-137
121900144,155,325,-170
121900145,186,175,11
121900146,481,817,-336
121900147,48,262,-214
121900148,134,274,-140
121900149,338,782,-444
121900150,66,192,-126
121900151,45,226,-181
121900152,62,131,-69
121900153,120,573,-453
121900154,12,236,-224
121900155,3,111,-108
121900156,155,100,55
121900157,4,553,-549
121900158,64,104,-40
121900159,4,256,-252
121900160,15,238,-223
121900161,405,395,10
121900162,108,140,-32
121900163,124,923,-799
121900164,371,243,128
121900165,220,193,27
121900166,181,249,-68
121900167,140,105,35
121900168,209,162,47
121900169,8,383,-375
121900170,1,191,-190
121900171,452,608,-156
121900172,347,289,58
121900173,877,236,641
121900174,25,48,-23
121900175,147,164,-17
121900176,493,2341,-1848
121900177,165,72,93
121900178,41,85,-44
121900179,260,96,164
121900180,5893,3047,2846
121900182,1130,311,819
121900183,292,527,-235
121900184,30,518,-488
121900186,7,317,-310
121900187,27,132,-105
121900188,631,560,71
121900189,42,121,-79
121900190,179,549,-370
121900191,61,123,-62
121900192,415,772,-357
121900193,38,192,-154
121900194,7,139,-132
121900195,115,93,22
121900196,828,814,14
121900197,342,2401,-2059
121900198,1050,1401,-351
121900199,3,22,-19
121900200,70,243,-173
121900201,1337,535,802
121900202,135,458,-323
121900203,188,997,-809
121900204,1136,942,194
121900205,15,92,-77
121900206,7,13,-6
121900207,157,22,135
121900208,364,333,31
121900209,42,28,14
121900210,1570,1248,322
121900211,190,741,-551
121900212,143,147,-4
121900213,136,131,5
121900214,3,524,-521
121900215,30,52,-22
121900216,37,72,-35
121900217,188,94,94
121900218,284,494,-210
121900220,136,9,127
121900221,273,656,-383
121900222,122,183,-61
121900223,133,75,58
121900224,62,78,-16
121900225,151,80,71
121900226,267,360,-93
121900227,144,392,-248
121900228,190,320,-130
121900230,79,120,-41
121900231,299,615,-316
121900232,211,309,-98
121900233,275,276,-1
121900234,234,362,-128
121900235,307,279,28
121900236,282,179,103
121900237,169,213,-44
121900238,119,143,-24
121900239,99,45,54
121900240,148,104,44
121900241,26,67,-41
121900242,7,18,-11
121900243,0,0,0
121900244,2,1,1
121900245,128,131,-3
121900246,1682,383,1299
121900248,1676,1094,582
121900250,223,308,-85
121900251,353,47,306
121900252,447,130,317
121900253,188,1416,-1228
121900254,497,291,206
121900255,145,87,58
121900258,2947,1952,995
121900259,396,553,-157
121900260,97,240,-143
121900261,166,474,-308
121900262,406,898,-492
121900263,119,354,-235
121900264,2120,1457,663
121900265,157,371,-214
121900266,192,194,-2
121900267,51,29,22
121900269,103,362,-259
121900270,10,183,-173
121900271,19,189,-170
121900273,476,1521,-1045
121900274,164,247,-83
121900277,263,1503,-1240
121900278,115,1066,-951
121900279,109,307,-198
121900280,202,388,-186
121900281,401,122,279
121900284,42,7,35
121900286,85,177,-92
121900287,16,24,-8
121900288,12,1,11
121900290,218,281,-63
121900291,463,680,-217
121900292,281,131,150
121900293,908,3781,-2873
121900294,201,0,201
121900295,76,276,-200
121900296,53,48,5
121900298,488,499,-11
121900299,0,0,0
121900300,20,2,18
121900301,31,2,29
121900302,0,25,-25
121900303,391,417,-26
121900304,1,2,-1
121900305,0,7,-7
121900306,81,7,74
121900307,14,29,-15
121900308,16,401,-385
121900309,19,288,-269
121900310,69,449,-380
121900311,225,21,204
121900312,148,23,125
121900313,252,22,230
121900314,4,78,-74
121900315,15,1,14
121900316,1,43,-42
121900317,5,1,4
121900318,2,11,-9
121900319,11,83,-72
121900320,67,110,-43
121900321,4,1,3
121900322,1,32,-31
121900323,22,17,5
121900324,6,68,-62
121900325,6,0,6
121900326,0,18,-18
121900327,10,93,-83
121900328,0,43,-43
121900329,2,289,-287
121900330,0,18,-18
121900331,21,2,19
121900332,71,11,60
121900333,37,2,35
121900334,198,48,150
122000001,2623,4602,-1979
122000002,5956,1959,3997
122000003,2162,2017,145
122000004,3402,1702,1700
122000005,3348,1445,1903
122000006,3088,667,2421
122000007,1689,1982,-293
122000008,7151,6453,698
122000009,622,406,216
122000010,2357,3631,-1274
122000011,3290,1488,1802
122000012,1614,1229,385
122000013,3249,1539,1710
122000014,1832,3124,-1292
122000015,1753,1082,671
122000016,680,972,-292
122000017,1148,1163,-15
122000018,1420,1260,160
122000019,1001,1719,-718
122000020,171,199,-28
122000021,465,547,-82
122000022,1596,1721,-125
122000023,571,3423,-2852
122000024,1121,1007,114
122000025,2312,1386,926
122000026,2148,996,1152
122000027,697,6447,-5750
122000028,881,424,457
122000029,409,286,123
122000030,288,152,136
122000031,155,319,-164
122000032,1831,4101,-2270
122000033,1302,905,397
122000034,810,708,102
122000035,345,990,-645
122000036,456,614,-158
122000037,340,354,-14
122000038,296,378,-82
122000039,639,482,157
122000040,380,453,-73
122000041,485,506,-21
122000042,544,531,13
122000043,137,178,-41
122000044,130,188,-58
122000045,1682,473,1209
122000046,990,1140,-150
122000047,308,270,38
122000048,3181,5767,-2586
122000049,5374,2713,2661
122000050,2469,770,1699
122000051,553,403,150
122000052,645,260,385
122000053,199,542,-343
122000054,2725,2097,628
122000055,2981,2706,275
122000056,6283,4456,1827
122000057,4569,3283,1286
122000058,5484,1228,4256
122000059,4153,1681,2472
122000060,918,598,320
122000061,619,447,172
122000062,1557,379,1178
122000063,2007,621,1386
122000064,4303,2889,1414
122000065,6504,3035,3469
122000066,1459,968,491
122000067,2263,1328,935
122000068,1215,1740,-525
122000069,589,717,-128
122000070,643,4995,-4352
122000071,1057,2260,-1203
122000072,447,443,4
122000073,674,588,86
122000074,1936,1559,377
122000075,526,1580,-1054
122000076,1868,1149,719
122000077,1916,657,1259
122000078,3322,2159,1163
122000079,3075,925,2150
122000080,1766,389,1377
122000081,247,414,-167
122000082,1329,746,583
122000083,1308,4883,-3575
122000084,1142,874,268
122000085,261,2103,-1842
122000086,2445,6382,-3937
122000087,434,143,291
122000088,304,317,-13
122000089,6922,3704,3218
122000090,216,438,-222
122000091,344,72,272
122000092,200,15,185
122000093,2281,940,1341
122000094,8975,1668,7307
122000095,3721,2794,927
122000096,2834,2130,704
122000098,3703,1528,2175
122000099,4564,622,3942
122000100,1334,797,537
122000101,259,1189,-930
122000102,1718,1132,586
122000103,1326,1418,-92
122000104,338,194,144
122000105,327,243,84
122000106,491,535,-44
122000107,1030,531,499
122000108,340,871,-531
122000109,345,520,-175
122000110,314,513,-199
122000111,2689,1072,1617
122000112,864,1379,-515
122000113,565,692,-127
122000114,5352,1626,3726
122000115,1753,2521,-768
122000116,459,485,-26
122000117,1165,373,792
122000118,373,635,-262
122000119,3009,1749,1260
122000120,2574,2975,-401
122000121,3141,2374,767
122000122,855,1372,-517
122000123,2751,1722,1029
122000124,1398,594,804
122000125,550,685,-135
122000126,776,1076,-300
122000127,1792,1083,709
122000128,716,954,-238
122000129,380,836,-456
122000130,2770,783,1987
122000131,1289,762,527
122000132,769,427,342
122000133,1150,2128,-978
122000134,565,567,-2
122000135,728,824,-96
122000136,479,444,35
122000137,1213,800,413
122000139,1917,2922,-1005
122000140,1883,546,1337
122000141,5508,1182,4326
122000142,738,780,-42
122000143,406,332,74
122000144,1319,1040,279
122000145,1674,652,1022
122000146,639,957,-318
122000147,1098,416,682
122000148,3355,1149,2206
122000149,1846,1328,518
122000150,1034,1012,22
122000151,240,323,-83
122000152,521,316,205
122000153,465,342,123
122000154,320,271,49
122000155,1333,2007,-674
122000156,1660,1827,-167
122000157,1948,1349,599
122000158,383,544,-161
122000159,1208,1765,-557
122000160,4155,1511,2644
122000161,954,731,223
122000162,2059,1625,434
122000163,282,99,183
122000164,36,81,-45
122000165,666,715,-49
122000166,1128,1331,-203
122000167,187,193,-6
122000168,194,600,-406
122000169,604,179,425
122000170,210,301,-91
122000171,24,54,-30
122000172,1658,1745,-87
122000173,1462,2800,-1338
122000174,2760,848,1912
122000175,1408,333,1075
122000176,320,751,-431
122000177,1738,1518,220
122000178,2935,3596,-661
122000179,2078,3455,-1377
122000180,1832,1181,651
122000181,1668,3656,-1988
122000182,2111,1592,519
122000183,1670,1421,249
122000184,2553,2056,497
122000185,1226,1272,-46
122000186,615,1096,-481
122000187,2154,1320,834
122000188,492,227,265
122000189,280,416,-136
122000190,1257,1108,149
122000191,1317,704,613
122000192,864,428,436
122000193,331,698,-367
122000194,786,184,602
122000195,224,577,-353
122000196,741,719,22
122000197,459,719,-260
122000198,576,1181,-605
122000199,479,363,116
122000200,1815,765,1050
122000201,1162,1538,-376
122000202,1010,1146,-136
122000203,2306,1645,661
122000204,1235,2126,-891
122000205,1588,1466,122
122000206,2625,892,1733
122000207,1378,1374,4
122000208,2412,1788,624
122000209,3044,478,2566
122000210,2054,2251,-197
122000211,1608,1245,363
122000212,820,480,340
122000213,1003,1366,-363
122000214,1838,1927,-89
122000215,2107,1599,508
122000217,2464,1557,907
122000218,980,72,908
122000219,1591,1079,512
122000220,335,754,-419
122000221,151,481,-330
122000222,586,118,468
122000223,1147,418,729
122000225,846,304,542
122000226,1363,2149,-786
122000227,463,3090,-2627
122000228,372,442,-70
122000229,34,556,-522
122000230,68,772,-704
122000231,257,951,-694
122000232,591,1375,-784
122000233,0,124,-124
122000234,204,254,-50
122000235,542,309,233
122000236,532,172,360
122000237,124,67,57
122000238,205,252,-47
122000239,421,118,303
122000240,811,441,370
122000241,923,623,300
122000242,405,119,286
122000243,175,86,89
122000244,48,742,-694
122000245,107,385,-278
122000246,166,194,-28
122000247,480,1014,-534
122000248,1747,2440,-693
122000249,570,665,-95
122000250,1433,859,574
122000251,184,502,-318
122000252,553,135,418
122000253,31,265,-234
122000254,160,72,88
122000255,660,2068,-1408
122000256,374,1771,-1397
122000257,149,431,-282
122000258,127,259,-132
122000259,18,820,-802
122000260,23,171,-148
122000261,8,324,-316
122000262,0,106,-106
122000263,132,151,-19
122000264,1011,546,465
122000265,2558,957,1601
122000266,5015,661,4354
122000267,67,123,-56
122000268,132,400,-268
122000269,970,372,598
122000270,1258,141,1117
122000271,342,1414,-1072
122000272,276,1416,-1140
122000273,312,512,-200
122000274,113,163,-50
122000275,41,255,-214
122000276,444,659,-215
122000277,868,1441,-573
122000278,895,1005,-110
122000279,165,610,-445
122000280,924,838,86
122000281,578,897,-319
122000282,154,129,25
122000283,313,64,249
122000284,116,93,23
122000285,344,116,228
122000286,89,190,-101
122000287,686,1550,-864
122000288,329,335,-6
122000291,948,497,451
122000293,488,326,162
122000294,94,222,-128
122000295,1563,282,1281
122000296,62,572,-510
122000297,3864,2781,1083
122000299,326,523,-197
122000300,593,692,-99
122000301,18638,2844,15794
122000302,1075,839,236
122000303,5100,1392,3708
122000304,20,248,-228
122000305,821,324,497
122000306,35,1153,-1118
122000307,114,176,-62
122000309,94,125,-31
122000310,40,48,-8
122000311,172,117,55
122000312,172,79,93
122000313,103,63,40
122000314,188,296,-108
122000315,243,30,213
122000316,412,303,109
122000317,970,304,666
122000318,216,561,-345
122000319,263,808,-545
122000320,351,3454,-3103
122000321,89,372,-283
122000322,2661,4398,-1737
122000323,1877,2493,-616
122000324,1764,1784,-20
122000325,1163,1414,-251
122000326,30,176,-146
122000327,461,712,-251
122000328,1522,1049,473
122000330,2363,717,1646
122000332,243,382,-139
122000333,9,295,-286
122000337,790,2124,-1334
122000338,353,530,-177
122000340,567,424,143
122000342,3689,1232,2457
122000343,518,2318,-1800
122000344,47,27,20
122000345,20,56,-36
122000346,271,698,-427
122000348,369,935,-566
122000349,101,804,-703
122000351,158,370,-212
122000352,273,128,145
122000353,48,216,-168
122000355,168,155,13
122000356,2741,878,1863
122000357,39,10,29
122000358,0,100,-100
122000359,0,49,-49
122000360,1,63,-62
122000362,20,121,-101
122000364,115,477,-362
122000365,3,16,-13
122000366,12,7,5
122000368,433,837,-404
122000370,13,80,-67
122000371,8,0,8
122000372,5,0,5
122000381,56,555,-499
122000382,67,259,-192
122000384,5529,2539,2990
122000385,61,4,57
122000386,953,931,22
122000387,701,631,70
122000388,2506,488,2018
122000389,242,917,-675
122000390,573,297,276
122000391,428,146,282
122000392,174,249,-75
122000393,34,232,-198
122000394,455,365,90
122000395,142,232,-90
122000396,249,131,118
122000397,27,100,-73
122000398,9,52,-43
122000399,123,87,36
122000400,217,326,-109
122000401,98,136,-38
122000402,212,115,97
122000403,556,1521,-965
122000404,98,481,-383
122000408,1046,1614,-568
122000503,12,120,-108
122000524,216,105,111
122000544,36,3305,-3269
122000616,436,1,435
122000640,45,237,-192
122000641,60,564,-504
122000642,833,1544,-711
122000643,25,129,-104
122000644,231,33,198
122000645,96,262,-166
122000651,2780,773,2007
122000664,198,37,161
122000665,945,661,284
122000666,664,1102,-438
122000673,23,572,-549
122000674,121,66,55
122000675,1638,1752,-114
122000686,317,1704,-1387
122000687,1137,417,720
122000688,140,1215,-1075
122000689,578,816,-238
122000690,737,813,-76
122000691,353,3703,-3350
122000692,930,445,485
122000693,367,2239,-1872
122000695,195,653,-458
122000696,280,437,-157
122000698,191,1274,-1083
122000699,105,79,26
122000701,1165,453,712
122000702,571,2997,-2426
122000703,121,82,39
122000712,0,0,0
122000717,233,61,172
122000718,657,867,-210
122000719,55,83,-28
122000720,208,359,-151
122000724,212,392,-180
122900001,34,2,32
122900002,1417,3336,-1919
122900003,282,53,229
122900004,487,15,472
122900005,35,12,23
122900006,467,199,268
122900007,175,52,123
122900008,573,57,516
122900009,819,388,431
122900010,233,206,27
122900012,221,343,-122
122900014,127,319,-192
122900015,2386,471,1915
122900016,108,403,-295
122900017,527,893,-366
122900018,199,9,190
122900019,9,152,-143
122900020,394,392,2
122900021,56,699,-643
122900022,367,1101,-734
122900023,266,422,-156
122900024,108,118,-10
122900025,24,159,-135
122900026,158,356,-198
122900027,111,948,-837
122900028,118,207,-89
122900029,5264,2323,2941
122900030,1867,499,1368
122900031,165,167,-2
122900032,73,199,-126
122900033,170,196,-26
122900034,4415,5322,-907
122900035,77,10,67
122900036,25,216,-191
122900037,343,112,231
122900038,150,2211,-2061
122900039,85,490,-405
122900040,269,431,-162
122900041,185,193,-8
122900042,148,269,-121
122900043,377,275,102
122900044,115,382,-267
122900045,61,125,-64
122900046,94,100,-6
122900047,425,165,260
122900048,44,226,-182
122900049,1951,156,1795
122900051,100,121,-21
122900052,88,184,-96
122900053,20,12,8
122900055,279,109,170
122900057,283,43,240
122900061,322,188,134
122900062,355,409,-54
122900063,134,476,-342
122900064,888,662,226
122900065,436,152,284
122900066,426,250,176
122900067,1822,901,921
122900069,173,1040,-867
122900070,239,37,202
122900071,154,541,-387
122900072,21,884,-863
122900073,36,487,-451
122900074,239,957,-718
122900075,1,100,-99
122900076,9,288,-279
122900077,4,238,-234
122900078,89,181,-92
122900080,82,33,49
122900081,150,183,-33
122900082,714,226,488
122900083,169,118,51
122900084,4,308,-304
122900086,8,25,-17
122900087,160,559,-399
122900088,54,105,-51
122900089,6,186,-180
122900090,16,1085,-1069
122900091,122,4,118
122900092,1,334,-333
122900093,3,480,-477
122900094,0,316,-316
122900095,150,4,146
122900096,159,421,-262
122900097,18,21,-3
122900098,86,129,-43
122900099,17,4,13
122900100,255,200,55
122900101,972,255,717
122900102,22,9,13
122900103,89,6,83
122900104,48,6,42
122900105,3,9,-6
122900106,3,108,-105
122900107,2,309,-307
122900108,2,348,-346
123000001,2302,438,1864
123000002,7362,3304,4058
123000003,3766,3363,403
123000004,3725,5653,-1928
123000005,2777,2932,-155
123000006,3364,3729,-365
123000007,3169,2877,292
123000008,2874,4745,-1871
123000009,4621,3329,1292
123000010,3808,4636,-828
123000011,4407,957,3450
123000012,1317,3219,-1902
123000013,3542,1003,2539
123000014,1671,4923,-3252
123000015,5431,946,4485
123000016,8617,3376,5241
123000017,3601,1356,2245
123000018,45,122,-77
123000019,119,349,-230
123000020,95,131,-36
123000021,33,162,-129
123000022,521,1518,-997
123000023,1273,1313,-40
123000024,1227,632,595
123000025,122,131,-9
123000026,18,167,-149
123000027,235,366,-131
123000028,967,211,756
123000029,1080,447,633
123000030,226,877,-651
123000031,74,560,-486
123000032,230,353,-123
123000033,260,91,169
123000034,961,701,260
123000035,276,314,-38
123000036,294,676,-382
123000037,246,313,-67
123000038,127,224,-97
123000039,512,1133,-621
123000040,1285,387,898
123000041,1545,667,878
123000042,1240,471,769
123000043,4309,5341,-1032
123000044,6628,2269,4359
123000045,12517,2463,10054
123000046,941,904,37
123000047,2250,1641,609
123000048,83,464,-381
123000049,8133,5225,2908
123000050,906,1432,-526
123000051,95,204,-109
123000052,560,3316,-2756
123000053,2104,3782,-1678
123000054,1074,1346,-272
123000055,965,1380,-415
123000056,1393,2157,-764
123000057,20435,6495,13940
123000058,783,709,74
123000059,470,547,-77
123000060,671,339,332
123000061,166,922,-756
123000063,612,831,-219
123000064,736,221,515
123000065,8597,3622,4975
123000066,1186,1102,84
123000067,548,558,-10
123000068,3268,4586,-1318
123000069,8022,4679,3343
123000070,280,1112,-832
123000071,663,1315,-652
123000072,939,2047,-1108
123000073,868,1019,-151
123000074,892,2850,-1958
123000075,343,1089,-746
123000076,579,1546,-967
123000077,2603,4810,-2207
123000078,1207,2155,-948
123000079,1165,2294,-1129
123000080,2066,3463,-1397
123000081,196,794,-598
123000082,424,1619,-1195
123000083,822,200,622
123000084,496,1133,-637
123000085,142,134,8
123000086,260,641,-381
123000087,171,706,-535
123000088,988,1629,-641
123000089,494,1651,-1157
123000090,1167,1449,-282
123000091,1683,1686,-3
123000092,1327,1336,-9
123000094,364,376,-12
123000095,383,678,-295
123000096,435,531,-96
123000097,322,1600,-1278
123000098,537,728,-191
123000099,498,1273,-775
123000100,507,655,-148
123000101,640,598,42
123000102,656,577,79
123000104,307,342,-35
123000105,481,645,-164
123000106,440,446,-6
123000107,341,796,-455
123000108,961,2041,-1080
123000111,556,286,270
123000112,623,781,-158
123000113,544,2394,-1850
123000114,544,506,38
123000115,245,334,-89
123000116,27,200,-173
123000117,1229,3009,-1780
123000118,316,1302,-986
123000119,222,1594,-1372
123000120,420,1291,-871
123000121,420,728,-308
123000122,429,284,145
123000123,444,730,-286
123000124,530,693,-163
123000125,1083,1128,-45
123000126,1557,2806,-1249
123000127,1127,1037,90
123000128,331,528,-197
123000129,372,247,125
123000130,345,69,276
123000131,687,623,64
123000132,395,725,-330
123000133,390,490,-100
123000134,604,224,380
123000135,1372,1733,-361
123000136,210,1791,-1581
123000137,103,511,-408
123000138,77,548,-471
123000139,358,130,228
123000140,149,763,-614
123000141,685,100,585
123000142,1087,1171,-84
123000143,1481,3211,-1730
123000144,20,20,0
123000145,274,133,141
123000146,79,123,-44
123000147,170,146,24
123000149,413,385,28
123000150,178,274,-96
123000151,350,429,-79
123000152,51,548,-497
123000153,145,504,-359
123000154,2185,1640,545
123000155,3165,857,2308
123000156,47,92,-45
123000157,679,846,-167
123000158,711,686,25
123000159,4083,2107,1976
123000160,638,592,46
123000161,1203,964,239
123000162,495,1570,-1075
123000163,245,49,196
123000164,1051,324,727
123000165,401,2577,-2176
123000166,35,202,-167
123000167,119,383,-264
123000168,143,411,-268
123000169,392,103,289
123000170,68,529,-461
123000171,280,102,178
123000172,174,837,-663
123000173,426,205,221
123000174,794,262,532
123000175,1102,1399,-297
123000176,588,162,426
123000177,340,1367,-1027
123000178,653,173,480
123000179,43,1089,-1046
123000180,1142,392,750
123000181,361,1831,-1470
123000182,94,671,-577
123000183,115,375,-260
123000184,61,1066,-1005
123000185,411,608,-197
123000186,11,732,-721
123000187,294,5,289
123000188,133,3,130
123000189,145,217,-72
123000190,40,83,-43
123000192,22,423,-401
123000193,62,813,-751
123000194,582,391,191
123000195,233,17,216
123000196,274,61,213
123000197,56,110,-54
123000198,12,235,-223
123000199,8,595,-587
123000200,319,11,308
123000201,701,14,687
123000202,28,1554,-1526
123000203,718,48,670
123000204,79,1402,-1323
123000205,551,2573,-2022
123000206,1564,163,1401
123000207,142,1270,-1128
123000208,359,154,205
123000209,1533,433,1100
123000210,462,2113,-1651
123000211,529,3504,-2975
123000212,1955,375,1580
123000213,534,42,492
123000215,171,157,14
123000216,223,506,-283
123000217,187,54,133
123000218,68,400,-332
123000219,1350,57,1293
123000220,454,73,381
123000221,153,204,-51
123000222,281,651,-370
123000223,126,763,-637
123000224,380,920,-540
123000225,142,151,-9
123000226,43,532,-489
123000227,60,468,-408
123000228,186,71,115
123000229,1352,2745,-1393
123000232,128,712,-584
123000233,450,201,249
123000234,154,825,-671
123000235,420,446,-26
123000236,207,1059,-852
123000237,224,61,163
123000238,69,844,-775
123000239,477,2621,-2144
123000240,45,337,-292
123000241,1020,154,866
123000242,84,252,-168
123000243,721,1183,-462
123000244,839,646,193
123000245,93,199,-106
123000249,615,959,-344
123000252,523,214,309
123000253,586,445,141
123000254,420,1273,-853
123000255,699,863,-164
123000256,44,292,-248
123000257,4315,2944,1371
123000258,951,1387,-436
123000259,186,469,-283
123000260,326,805,-479
123000261,94,260,-166
123000262,93,377,-284
123000263,307,143,164
123000264,153,69,84
123000265,60,221,-161
123000266,446,867,-421
123000267,351,376,-25
123000268,38,91,-53
123000269,27,48,-21
123000270,26,36,-10
123000271,83,96,-13
123000272,767,290,477
123000273,229,490,-261
123000274,1053,555,498
123000275,264,1135,-871
123000278,3805,2694,1111
123000279,95,117,-22
123000280,279,354,-75
123000281,216,80,136
123000282,123,283,-160
123000283,78,46,32
123000284,46,161,-115
123000286,269,268,1
123000287,523,288,235
123000288,966,528,438
123000289,507,606,-99
123000291,312,893,-581
123000294,364,327,37
123000295,829,858,-29
123000296,397,399,-2
123000297,295,1304,-1009
123000298,343,884,-541
123000299,40,367,-327
123000300,668,869,-201
123000301,60,238,-178
123000302,39,273,-234
123000303,111,77,34
123000305,1058,1036,22
123000306,62,334,-272
123000309,50,76,-26
123000310,43,26,17
123000311,0,158,-158
123000312,1250,1099,151
123000313,265,359,-94
123000315,34,504,-470
123000316,2686,162,2524
123000317,280,79,201
123000318,64,439,-375
123000329,12,15,-3
123000337,369,273,96
123000338,466,85,381
123000339,126,301,-175
123000340,164,514,-350
123000342,30,264,-234
123000343,125,7,118
123000344,1455,554,901
123000345,375,858,-483
123000346,278,99,179
123000352,2559,875,1684
123000353,17,258,-241
123000354,252,4,248
123000355,0,694,-694
123000356,172,6,166
123000357,1,352,-351
123000359,7,226,-219
123000360,219,36,183
123000361,828,327,501
123000362,170,212,-42
123000363,57,219,-162
123000364,482,319,163
123000365,35,293,-258
123000366,317,1538,-1221
123000367,262,1446,-1184
123000370,24,473,-449
123000371,141,56,85
123000372,172,20,152
123000373,2,540,-538
123000374,7,315,-308
123000375,213,20,193
123000376,848,770,78
123000377,210,20,190
123000378,9,638,-629
123000379,3,249,-246
123000380,44,245,-201
123000381,225,25,200
123000382,1434,61,1373
123000383,371,783,-412
123000384,487,109,378
123000385,332,993,-661
123000436,97,921,-824
123000507,230,507,-277
123000508,228,521,-293
123000517,256,28,228
123000518,50,370,-320
123000519,120,65,55
123000520,54,341,-287
123000521,280,108,172
123000522,183,816,-633
123000541,5,0,5
123000542,0,55,-55
123000565,418,40,378
123000566,88,1217,-1129
123000567,120,367,-247
123000573,33,1279,-1246
123000574,421,61,360
123000575,1109,1515,-406
123000576,566,3535,-2969
123000577,89,840,-751
123000578,700,62,638
123000579,5630,3733,1897
123000580,80,18,62
123000582,273,31,242
123000583,20,730,-710
123000584,95,257,-162
123000585,1,136,-135
123000586,98,1,97
123000596,126,173,-47
123000597,34,82,-48
123000602,24,0,24
123000603,377,1159,-782
123000604,446,1805,-1359
123000605,968,52,916
123000606,2,249,-247
123000609,18,335,-317
123000610,150,134,16
123000613,46,279,-233
123000614,127,56,71
123000615,54,408,-354
123000616,343,69,274
123000617,87,618,-531
123000618,62,842,-780
123000619,515,35,480
123000620,9,854,-845
123000622,234,8,226
123000624,94,192,-98
123000630,611,425,186
123000631,331,3330,-2999
123000632,1369,1743,-374
123000633,1,449,-448
123000634,125,53,72
123000635,297,97,200
123000636,17,967,-950
123000637,158,79,79
123000638,400,187,213
123000639,1067,2460,-1393
123000640,64,1690,-1626
123000648,244,87,157
123000649,49,996,-947
123900001,1531,61,1470
123900002,25,1021,-996
123900003,343,926,-583
123900005,207,128,79
123900006,213,26,187
124000001,1401,141,1260
124000002,92,2788,-2696
124000003,509,141,368
124000004,74,1044,-970
124000005,786,302,484
124000006,335,1763,-1428
124000007,969,94,875
124000008,37,551,-514
124000009,389,395,-6
124000010,133,764,-631
124000011,877,446,431
124000012,294,1311,-1017
124000017,110,122,-12
124000018,115,118,-3
124000019,132,101,31
124000020,79,270,-191
124000021,125,70,55
124000022,97,273,-176
124000023,1233,1307,-74
124000024,1090,802,288
124000025,928,1420,-492
124000026,1306,1133,173
124000027,3933,4204,-271
124000028,3230,4728,-1498
124000030,3218,1209,2009
124000031,1242,1486,-244
124000032,9450,1512,7938
124000033,834,494,340
124000034,4129,1556,2573
124000035,161,140,21
124000036,168,859,-691
124000037,242,738,-496
124000038,76,151,-75
124000039,909,398,511
124000040,616,751,-135
124000041,175,67,108
124000042,82,407,-325
124000043,99,75,24
124000044,55,330,-275
124000045,459,646,-187
124000046,276,1123,-847
124000047,1009,1127,-118
124000048,763,2736,-1973
124000049,1096,744,352
124000050,650,3548,-2898
124000051,476,535,-59
124000052,627,1831,-1204
124000053,507,1110,-603
124000054,994,851,143
124000055,1186,1500,-314
124000056,5478,1862,3616
124000057,706,580,126
124000058,444,1964,-1520
124000059,413,840,-427
124000060,1240,1254,-14
124000061,1269,3687,-2418
124000062,10460,2210,8250
124000063,1423,2122,-699
124000064,2761,2000,761
124000065,612,332,280
124000066,491,77,414
124000067,96,278,-182
124000068,42,135,-93
124000069,484,309,175
124000070,201,712,-511
124000071,79,117,-38
124000072,182,628,-446
124000073,650,121,529
124000074,226,1012,-786
124000075,106,36,70
124000076,7,281,-274
124000077,2540,807,1733
124000078,1821,861,960
124000079,639,1110,-471
124000080,247,130,117
124000081,165,1045,-880
124000082,22,111,-89
124000083,53,250,-197
124000084,67,328,-261
124000085,57,87,-30
124000086,58,129,-71
124000087,98,65,33
124000088,116,620,-504
124000089,484,489,-5
124000090,141,494,-353
124000091,685,215,470
124000092,206,892,-686
124000093,85,87,-2
124000094,155,497,-342
124000095,53,80,-27
124000096,105,470,-365
124000097,62,115,-53
124000098,54,172,-118
124000099,145,101,44
124000100,78,135,-57
124000101,51,90,-39
124000102,91,134,-43
124000103,47,76,-29
124000104,112,158,-46
124000105,61,95,-34
124000106,162,167,-5
124000107,12,149,-137
124000108,58,79,-21
124000109,83,90,-7
124000110,240,194,46
124000111,230,161,69
124000112,447,891,-444
124000113,57,97,-40
124000114,184,694,-510
124000115,345,961,-616
124000116,89,73,16
124000117,103,134,-31
124000118,38,73,-35
124000119,960,695,265
124000120,469,736,-267
124000121,3812,817,2995
124000122,858,1334,-476
124000123,932,496,436
124000124,571,970,-399
124000125,301,410,-109
124000126,351,687,-336
124000127,636,354,282
124000128,624,1110,-486
124000129,1740,1367,373
124000130,785,757,28
124000131,873,487,386
124000132,823,984,-161
124000133,767,724,43
124000134,802,938,-136
124000135,1678,1610,68
124000136,1047,1281,-234
124000137,1096,710,386
124000138,1234,1449,-215
124000139,414,29,385
124000140,23,441,-418
124000141,326,16,310
124000142,44,645,-601
124000143,67,9,58
124000144,5,258,-253
124000145,62,13,49
124000146,11,121,-110
124000148,10,55,-45
124000149,834,298,536
124000150,354,750,-396
124000151,537,423,114
124000152,846,1516,-670
124000153,434,631,-197
124000154,414,1055,-641
124000155,1097,870,227
124000156,1956,1174,782
124000169,264,383,-119
124000170,817,515,302
124000171,205,273,-68
124000172,274,674,-400
124000173,342,377,-35
124000174,255,893,-638
124000175,10,137,-127
124000176,20,5,15
124000177,12,33,-21
124000178,18,32,-14
124000190,232,42,190
124000191,1384,107,1277
124000192,2268,344,1924
124000193,548,1663,-1115
124000194,398,601,-203
124000195,256,629,-373
124000196,953,1372,-419
124000197,40,85,-45
124000198,26,46,-20
124000201,238,1471,-1233
124000202,408,147,261
124000203,173,1585,-1412
124000204,378,978,-600
124000205,34,951,-917
124000206,283,688,-405
124000207,1,50,-49
124000209,418,1046,-628
124000210,251,259,-8
124000211,293,5,288
124000212,3,809,-806
124000213,176,606,-430
124000214,145,1367,-1222
124000215,228,11,217
124000216,1,791,-790
124000329,73,3809,-3736
124000338,41,2224,-2183
124000339,435,63,372
124000341,576,80,496
124000344,41,5,36
124000357,775,2490,-1715
124000358,611,1450,-839
124000359,678,739,-61
124000360,389,440,-51
124000361,1747,798,949
124000362,1785,3213,-1428
124000363,302,514,-212
124000364,594,1109,-515
124000365,598,1248,-650
124000366,2367,841,1526
124000367,177,1283,-1106
124000368,290,219,71
124000369,152,107,45
124000370,102,1185,-1083
124000402,7,8,-1
124000403,60,10,50
124000404,18,169,-151
124000405,831,693,138
124000406,1007,855,152
124000407,8,68,-60
124000411,7,434,-427
124000412,220,13,207
124000413,346,47,299
124000414,38,96,-58
124000415,31,293,-262
124000416,138,512,-374
124000417,85,143,-58
124000418,96,105,-9
124000419,71,317,-246
124000420,37,75,-38
124000421,45,420,-375
124000422,21,8,13
124000423,127,36,91
124000424,3,200,-197
124000425,70,4,66
124000426,3,354,-351
124000427,97,7,90
124000428,21,43,-22
124000429,37,57,-20
124000430,668,884,-216
124000431,249,944,-695
124000432,128,1151,-1023
124000439,3,33,-30
124000443,0,9,-9
124000445,327,1000,-673
124000446,3713,139,3574
124000447,20,95,-75
124900001,342,260,82
124900002,118,570,-452
124900003,683,631,52
124900004,425,358,67
124900005,272,331,-59
124900006,483,422,61
124900008,1245,569,676
124900009,107,181,-74
124900010,59,33,26
124900011,297,201,96
124900012,346,74,272
124900013,310,145,165
124900014,176,111,65
124900015,132,256,-124
124900016,63,88,-25
124900017,592,508,84
124900018,33,5,28
124900020,49,54,-5
124900021,150,42,108
124900022,72,15,57
124900024,166,50,116
124900026,138,19,119
124900027,58,276,-218
124900028,827,177,650
124900029,6,423,-417
124900030,3,181,-178
124900031,29,458,-429
124900032,229,227,2
124900033,96,492,-396
124900034,2,132,-130
124900035,162,619,-457
124900036,0,31,-31
124900037,169,608,-439
124900038,268,454,-186
124900039,1,26,-25
124900040,101,93,8
124900041,356,1692,-1336
124900042,78,0,78
124900043,447,1543,-1096
124900044,51,5,46
124900045,645,1065,-420
124900047,139,252,-113
124900048,179,209,-30
124900050,188,433,-245
124900052,116,434,-318
124900053,72,474,-402
124900054,4949,421,4528
124900055,3,130,-127
124900057,20,105,-85
124900060,73,447,-374
124900061,46,16,30
124900062,70,8,62
124900066,0,22,-22
124900067,5,349,-344
124900068,174,333,-159
124900070,43,22,21
124900072,59,27,32
124900075,149,252,-103
124900076,19,632,-613
124900077,25,121,-96
124900078,71,12,59
124900079,1001,98,903
124900080,318,1092,-774
124900081,643,236,407
124900082,492,1389,-897
124900083,214,812,-598
124900085,983,206,777
124900086,66,1084,-1018
124900087,679,81,598
124900088,675,142,533
124900089,1962,28,1934
124900090,201,245,-44
124900091,246,763,-517
124900092,257,574,-317
124900093,173,169,4
124900094,232,288,-56
124900095,72,395,-323
124900096,523,251,272
124900097,175,63,112
124900098,82,508,-426
124900099,737,490,247
124900100,224,64,160
124900101,44,287,-243
124900102,174,44,130
124900103,163,469,-306
124900104,73,312,-239
124900105,74,220,-146
124900106,324,57,267
124900107,56,19,37
124900108,220,49,171
124900111,2,81,-79
124900112,46,1071,-1025
124900113,130,289,-159
124900114,219,118,101
124900115,28,31,-3
124900116,174,141,33
124900117,1164,146,1018
124900118,163,150,13
124900119,335,118,217
124900120,40,579,-539
124900121,99,218,-119
124900122,647,284,363
124900123,424,90,334
124900124,156,280,-124
204000001,50,30,20
204000002,21,12,9
204000003,24,2,22
204000004,3,0,3
204000005,497,602,-105
204000006,1119,2040,-921
204000011,11,74,-63
204000012,45,133,-88
204000019,585,621,-36
204000020,520,1212,-692
204000021,2545,1001,1544
204000022,556,570,-14
204000023,471,1327,-856
204000031,89,21,68
204000032,499,32,467
204000034,22,276,-254
204000035,3,2,1
204000036,12,33,-21
204000037,6,12,-6
204000038,3,41,-38
204000039,6,54,-48
204000040,3,51,-48
204000041,8,55,-47
204000042,16,15,1
204000043,18,6,12
204000044,22,0,22
204000045,32,1,31
204000046,16,4,12
204000057,7,31,-24
204000062,37,212,-175
204000068,19,216,-197
204000069,30,278,-248
204000070,74,135,-61
204000080,38,71,-33
204000085,1445,1907,-462
204000086,3371,2580,791
204000087,48,27,21
204000088,13,153,-140
204000090,25,502,-477
204000093,153,153,0
204000096,642,1276,-634
204000097,198,117,81
204000099,977,1565,-588
204000100,1086,1468,-382
204000105,1898,2259,-361
204000110,890,1359,-469
204000111,375,943,-568
204000112,446,1177,-731
204000113,392,1143,-751
204000114,560,519,41
204000115,392,499,-107
204000116,562,913,-351
204000119,1688,2561,-873
204000132,485,228,257
204000133,613,291,322
204000134,161,143,18
204000135,439,157,282
204000136,330,326,4
204000138,276,288,-12
204000140,178,122,56
204000141,143,82,61
204000144,9,38,-29
204000145,500,35,465
204000146,20,504,-484
204000147,36,156,-120
204000148,310,67,243
204000154,7,3,4
204000155,6,4,2
204000177,85,95,-10
204000179,10,19,-9
204000180,0,42,-42
204000222,1,8,-7
204000235,4,17,-13
204000236,73,377,-304
204000238,18,60,-42
204000240,273,85,188
204000263,590,1647,-1057
204000268,1144,960,184
204000308,215,39,176
204000317,10,90,-80
204000322,6,45,-39
204000323,50,31,19
204000328,204,199,5
204000329,92,222,-130
204000330,299,229,70
204000331,63,192,-129
205000001,1241,1670,-429
205000013,13,55,-42
205000014,23,84,-61
205000015,28,213,-185
205000016,20,162,-142
205000017,30,105,-75
205000022,347,753,-406
205000025,2116,1224,892
205000029,137,3,134
205000045,95,316,-221
205000046,95,728,-633
205000047,50,606,-556
205000048,246,1420,-1174
205000049,182,884,-702
205000050,1520,355,1165
205000059,0,398,-398
205000060,1,122,-121
205000061,8,44,-36
205000062,6,62,-56
205000063,24,70,-46
205000064,15,117,-102
205000065,75,730,-655
205000066,105,1204,-1099
205000067,58,1444,-1386
205000069,206,32,174
205000082,137,416,-279
205000110,114,231,-117
205000111,203,294,-91
205000112,121,199,-78
205000113,183,296,-113
205000121,212,91,121
205000123,46,202,-156
205000126,566,230,336
205000127,766,327,439
205000128,613,172,441
205000129,736,204,532
205000130,955,60,895
205000131,578,8,570
205000132,709,1,708
205000133,400,0,400
205000134,233,0,233
205000137,69,146,-77
205000138,174,235,-61
205000139,20,87,-67
205000144,81,103,-22
205000145,265,260,5
205000151,170,89,81
205000152,168,68,100
205000153,152,98,54
205000154,51,89,-38
205000155,116,24,92
205000207,4,234,-230
205000233,22,1,21
205000234,0,1,-1
205000243,1,0,1
205000244,0,7,-7
205000245,12,435,-423
205000249,0,52,-52
205000250,1,0,1
205000264,6,107,-101
206000027,10,2,8
206000028,6,4,2
206000043,9,147,-138
206000053,1,10,-9
206000054,6,43,-37
206000055,1,31,-30
206000075,2,12,-10
206000076,18,15,3
206000077,22,11,11
206000078,15,11,4
206000079,8,4,4
206000082,385,30,355
206000100,92,1002,-910
206000103,4,20,-16
206000104,13,20,-7
206000105,6,21,-15
206000106,15,50,-35
206000125,34,0,34
206000157,81,1046,-965
206000170,1,219,-218
206000171,2,269,-267
206000172,5,1173,-1168
206000173,2,359,-357
206000174,10,163,-153
206000175,0,235,-235
206000176,12,387,-375
206000177,1,290,-289
206000178,1,214,-213
206000179,7,118,-111
206000180,12,301,-289
206000181,9,513,-504
206000182,19,489,-470
206000183,20,1502,-1482
206000184,7,528,-521
206000185,7,539,-532
206000186,93,2564,-2471
206000223,7,295,-288
206000226,13,7,6
206000227,23,1,22
206000237,27,649,-622
206000238,33,1007,-974
206000239,827,3415,-2588
206000240,2,65,-63
206000241,0,247,-247
206000242,12,524,-512
206000243,6,580,-574
206000244,61,1287,-1226
206000245,324,55,269
206000246,57,17,40
206000247,91,24,67
206000248,231,23,208
206000252,63,28,35
206000258,13,51,-38
206000315,34,2,32
206000317,328,82,246
206000318,272,64,208
206000319,429,60,369
206000320,32,44,-12
206000321,52,8,44
206000322,170,13,157
206000323,90,5,85
206000324,56,13,43
206000325,123,18,105
206000326,114,4,110
206000327,213,7,206
206000328,85,4,81
206000329,86,13,73
206000330,18,2,16
206000331,55,2,53
206000332,15,3,12
206000333,263,6,257
206000334,124,0,124
206000335,0,26,-26
206000361,14,286,-272
206000392,2,61,-59
206000405,117,1,116
206000441,15,16,-1
206000498,31,3,28
206000515,111,28,83
206000530,105,34,71
206000531,131,93,38
206000532,3202,148,3054
206000535,462,3634,-3172
206000536,17,438,-421
206000537,19,280,-261
206000613,1241,131,1110
206000784,468,35,433
207000001,173,686,-513
207000002,137,470,-333
207000003,187,291,-104
207000007,509,259,250
207000008,30,8,22
207000009,45,30,15
207000010,471,805,-334
207000012,279,248,31
207000015,330,2469,-2139
207000019,232,91,141
207000021,448,173,275
207000022,136,97,39
207000023,169,56,113
207000024,2,5,-3
207000025,42,78,-36
207000026,138,64,74
207000027,27,87,-60
207000028,106,275,-169
207000029,276,527,-251
207000033,242,325,-83
207000034,205,102,103
207000039,206,143,63
207000040,177,135,42
207000041,51,23,28
207000042,169,66,103
207000043,187,150,37
207000051,118,402,-284
207000052,10,237,-227
207000053,441,955,-514
207000054,35,194,-159
207000055,133,270,-137
207000056,291,636,-345
207000057,141,457,-316
207000058,117,663,-546
207000059,97,1294,-1197
207000060,66,433,-367
207000061,165,262,-97
207000062,220,75,145
207000063,173,162,11
207000064,341,217,124
207000065,286,299,-13
207000066,117,224,-107
207000067,42,140,-98
207000068,113,87,26
207000069,756,411,345
207000082,38,458,-420
207000083,74,597,-523
207000084,156,229,-73
207000085,142,13,129
207000086,104,3,101
207000106,28,14,14
207000107,41,25,16
207000108,24,10,14
207000109,45,19,26
207000110,30,62,-32
207000111,54,73,-19
207000112,169,384,-215
207000114,16,38,-22
207000115,24,79,-55
207000116,14,407,-393
207000117,8,144,-136
207000118,9,100,-91
207000119,44,110,-66
207000123,136,17,119
207000124,63,20,43
207000125,66,46,20
207000126,51,46,5
207000134,26,400,-374
207000135,21,403,-382
207000148,20,207,-187
207000149,76,53,23
207000152,217,447,-230
207000153,1070,1417,-347
207000154,497,181,316
207000159,96,382,-286
207000160,163,898,-735
207000238,0,157,-157
207000242,3,275,-272
207000248,21,14,7
207000249,186,45,141
207000250,941,64,877
207000251,121,74,47
207000252,46,93,-47
207000278,71,100,-29
207000279,26,348,-322
207000280,313,75,238
207000281,103,1885,-1782
207000282,257,75,182
207000283,154,382,-228
207000284,81,113,-32
207000285,197,70,127
207000291,10,158,-148
207000304,121,54,67
207000306,66,522,-456
207000310,39,54,-15
207000353,361,1,360
207000356,9,43,-34
207000357,15,14,1
207000358,4,26,-22
207000415,10,260,-250
207000417,33,9,24
207000418,109,200,-91
207000438,0,5,-5
207000439,1340,541,799
207000446,149,10,139
207000460,16,18,-2
207000466,248,253,-5
207000467,131,96,35
207000468,52,776,-724
207000476,1,91,-90
207000477,436,126,310
207000478,1,21,-20
207000523,0,43,-43
207000524,42,0,42
207000527,116,202,-86
207000530,277,24,253
207000531,237,5,232
207000532,45,12,33
207000534,610,35,575
207000535,55,359,-304
207000537,39,117,-78
207000540,12,183,-171
207000541,4,374,-370
207000548,6,334,-328
207000549,226,8,218
207000561,95,177,-82
207000562,37,227,-190
207000567,183,377,-194
207000568,114,139,-25
207000569,270,1380,-1110
207000584,384,171,213
207000585,67,345,-278
207000587,60,21,39
207000616,0,243,-243
207000617,106,0,106
207000624,65,56,9
207000631,7,71,-64
207900008,132,358,-226
208000001,381,898,-517
208000002,449,617,-168
208000003,879,786,93
208000004,1052,946,106
208000005,30,17,13
208000019,433,1063,-630
208000020,160,535,-375
208000021,157,849,-692
208000022,759,909,-150
208000028,1683,877,806
208000033,435,1058,-623
208000034,1364,2602,-1238
208000037,601,68,533
208000040,86,204,-118
208000041,816,543,273
208000042,988,613,375
208000047,145,641,-496
208000064,2586,1682,904
208000066,1511,1590,-79
208000070,306,495,-189
208000071,313,1069,-756
208000072,311,1557,-1246
208000080,192,445,-253
208000081,246,263,-17
208000082,294,380,-86
208000083,141,550,-409
208000084,19,21,-2
208000085,926,732,194
208000086,481,1084,-603
208000087,271,800,-529
208000089,846,1064,-218
208000090,712,1626,-914
208000093,134,160,-26
208000094,495,795,-300
208000095,611,517,94
208000104,849,1195,-346
208000105,586,1259,-673
208000114,50,197,-147
208000115,460,493,-33
208000116,337,1116,-779
208000117,98,153,-55
208000118,156,107,49
208000155,598,1119,-521
208000158,1721,3754,-2033
208000186,3351,3451,-100
208000204,504,1431,-927
208000205,1103,2002,-899
208000282,4726,2470,2256
209000004,141,257,-116
209000005,41,27,14
209000006,554,119,435
209000007,436,272,164
209000010,492,124,368
209000011,202,219,-17
209000012,128,282,-154
209000013,189,806,-617
209000014,655,2130,-1475
209000025,266,58,208
209000026,579,97,482
209000027,434,1449,-1015
209000028,229,1181,-952
209000029,767,1286,-519
209000030,550,2449,-1899
209000031,5705,3303,2402
209000034,157,224,-67
209000035,150,209,-59
209000036,190,128,62
209000037,215,316,-101
209000038,111,235,-124
209000039,53,260,-207
209000040,332,588,-256
209000041,194,522,-328
209000042,305,494,-189
209000043,775,818,-43
209000044,200,853,-653
209000045,1134,452,682
209000046,408,551,-143
209000047,324,289,35
209000048,391,253,138
209000049,74,248,-174
209000050,203,330,-127
209000051,340,733,-393
209000052,187,626,-439
209000062,59,282,-223
209000063,50,250,-200
209000064,31,262,-231
209000065,41,52,-11
209000066,41,63,-22
209000067,36,76,-40
209000080,49,241,-192
209000082,65,42,23
209000091,30,142,-112
209000093,96,72,24
209000094,247,251,-4
209000110,29,77,-48
209000111,318,1369,-1051
209000112,553,625,-72
209000113,1413,468,945
209000114,229,388,-159
209000115,69,259,-190
209000116,1210,934,276
209000118,37,47,-10
209000119,55,20,35
209000121,174,861,-687
209000135,75,130,-55
209000142,698,1167,-469
209000143,150,103,47
209000144,62,89,-27
209000229,161,246,-85
209000240,30,528,-498
209000259,134,202,-68
209000260,50,1218,-1168
209000261,3,707,-704
209000262,0,671,-671
209000263,1,189,-188
209000264,0,90,-90
209000265,297,5,292
209000266,86,1,85
209000267,489,10,479
209000268,486,30,456
210000037,44,35,9
210000047,59,34,25
210000048,50,43,7
210000049,34,52,-18
210000052,36,152,-116
210000053,19,119,-100
210000054,31,114,-83
210000070,103,0,103
210000071,39,0,39
210000072,12,0,12
210000073,1,53,-52
210000074,1,138,-137
210000075,0,66,-66
210000076,9,131,-122
210000077,53,47,6
210000078,65,40,25
210000079,64,15,49
210000080,155,63,92
210000081,135,15,120
210000082,55,3,52
210000083,102,0,102
210000084,31,0,31
210000085,0,125,-125
210000086,5,137,-132
210000099,30,317,-287
210000100,74,311,-237
210000101,95,299,-204
210000105,44,288,-244
210000159,1,178,-177
210000163,170,295,-125
210000164,328,131,197
210000168,188,23,165
210000187,0,45,-45
210000188,0,19,-19
210000214,23,0,23
210000219,19,101,-82
210000220,57,152,-95
210000232,1,22,-21
210000233,34,58,-24
210000234,43,172,-129
210000235,63,145,-82
210000245,0,195,-195
210000246,24,6,18
210000258,15,70,-55
210000259,266,30,236
210000282,86,226,-140
210000285,0,99,-99
210000286,14,141,-127
210000290,5,5,0
210000295,22,202,-180
210000296,50,99,-49
210000320,119,210,-91
210000321,99,123,-24
210000338,75,162,-87
210000339,596,1185,-589
210000340,74,392,-318
210000341,148,349,-201
210000342,185,282,-97
210000343,129,236,-107
210000344,285,155,130
210000345,244,182,62
210000346,80,123,-43
210000347,145,45,100
210000348,151,9,142
210000349,119,16,103
210000350,78,72,6
210000351,80,147,-67
210000352,61,151,-90
210000353,41,199,-158
210000354,54,162,-108
210000355,53,164,-111
210000356,105,101,4
210000357,98,89,9
210000358,521,138,383
210000359,240,72,168
210000360,150,148,2
210000361,146,199,-53
210000362,225,208,17
210000363,1061,188,873
210000364,130,165,-35
210000365,130,54,76
210000366,104,69,35
210000367,64,37,27
210000368,164,28,136
210000369,20,44,-24
210000370,45,97,-52
210000372,82,73,9
210000373,118,36,82
210000374,61,15,46
210000375,32,145,-113
210000376,90,225,-135
210000404,81,181,-100
210000439,35,76,-41
210000472,94,2,92
210000482,82,52,30
210000564,689,294,395
210000567,0,20,-20
210000568,615,2,613
211000092,32,94,-62
211000094,34,6,28
211000169,251,9,242
211000172,24,436,-412
211000209,2,30,-28
211000226,19,59,-40
211000270,36,13,23
211000275,42,40,2
211000276,64,43,21
211000279,10,90,-80
211000281,29,113,-84
211000302,8,135,-127
211507980,3,39,-36
211977296,41,8,33
212000003,123,53,70
212000004,102,16,86
212000005,26,36,-10
212000006,29,165,-136
212000008,109,335,-226
212000009,23,272,-249
212000012,54,109,-55
212000013,17,68,-51
212000014,215,199,16
212000015,238,361,-123
212000016,451,837,-386
212000027,424,776,-352
212000028,285,679,-394
212000029,156,417,-261
212000030,27,24,3
212000031,51,94,-43
212000048,30,135,-105
212000049,26,111,-85
212000050,17,10,7
212000051,157,335,-178
212000052,97,539,-442
212000053,327,722,-395
212000054,98,204,-106
212000055,201,406,-205
212000056,5,44,-39
212000057,15,36,-21
212000058,594,55,539
212000070,99,408,-309
212000077,105,1014,-909
212000099,217,409,-192
212000108,326,262,64
212000111,190,162,28
212000120,201,182,19
212000138,85,36,49
212000156,7,172,-165
212000158,18,15,3
212000159,252,94,158
212000160,437,348,89
212000161,42,12,30
212000310,23,26,-3
212000311,9,103,-94
212000374,20,8,12
213000001,31,779,-748
213000005,281,137,144
213000006,907,179,728
213000007,192,15,177
213000009,609,385,224
213000010,165,264,-99
213000011,184,113,71
213000012,186,366,-180
213000014,44,10,34
213000015,206,5,201
213000016,353,1,352
213000017,75,23,52
213000018,1,213,-212
213000019,1,225,-224
213000020,100,431,-331
213000021,3,171,-168
213000023,245,219,26
213000033,257,1355,-1098
213000034,704,386,318
213000035,99,272,-173
213000045,132,282,-150
213000046,219,252,-33
213000047,708,845,-137
213000056,57,57,0
213000069,103,4,99
213000073,2,21,-19
213000074,201,735,-534
213000075,378,9,369
213000076,39,0,39
213000085,4,43,-39
213000086,13,327,-314
213000091,83,11,72
213000092,69,6,63
213000099,201,1135,-934
213000100,1207,268,939
213000101,178,141,37
213000102,233,413,-180
213000103,665,1007,-342
213000104,51,694,-643
213000105,1,139,-138
213000106,17,241,-224
213000107,142,986,-844
213000108,17,748,-731
213000109,5,355,-350
213000110,9,86,-77
213000111,11,96,-85
213000112,169,169,0
213000115,13,4,9
213000116,126,1301,-1175
213000117,8,1757,-1749
213000118,256,417,-161
213000119,55,1198,-1143
213000120,114,1155,-1041
213000122,476,1046,-570
213000123,1004,1624,-620
213000124,96,1419,-1323
213000125,177,8,169
213000126,42,104,-62
213000127,177,159,18
213000128,909,914,-5
213000129,548,449,99
213000130,253,278,-25
213000132,169,78,91
213000133,227,88,139
213000134,683,16,667
213000136,326,14,312
213000137,495,96,399
213000139,462,40,422
213000147,93,3,90
213000148,67,13,54
213000149,29,2,27
213000150,0,97,-97
213000151,1,129,-128
213000152,4,81,-77
213000153,0,75,-75
213000154,12,372,-360
213000155,42,491,-449
213000156,96,1125,-1029
213000157,1253,687,566
213000158,274,955,-681
213000159,419,880,-461
213000163,363,67,296
213000165,470,214,256
213000171,0,181,-181
213000172,3,461,-458
213000173,1,364,-363
213000174,1,248,-247
213000175,8,151,-143
213000176,10,26,-16
213000177,23,4,19
213000178,66,2,64
213000179,101,1,100
213000180,76,1,75
213000184,64,770,-706
213000188,222,96,126
213000189,203,32,171
213000190,738,1112,-374
213000191,140,645,-505
213000192,122,826,-704
213000193,2652,246,2406
213000194,1,47,-46
213000195,17,650,-633
213000196,224,1215,-991
213000197,251,625,-374
213000198,80,1,79
213000200,120,1349,-1229
213000201,99,78,21
213000202,8,1224,-1216
213000203,4270,578,3692
213000204,452,87,365
213000205,142,133,9
213000206,283,48,235
213000207,229,12,217
213000208,119,0,119
213000209,193,1,192
213000210,397,2,395
213000211,12,7,5
213000212,25,13,12
213000213,16,34,-18
213000218,181,1120,-939
213000219,372,9,363
213000220,404,4,400
213000223,230,199,31
213000224,37,71,-34
213000225,37,15,22
213000226,58,27,31
213000227,576,238,338
213000228,206,95,111
213000229,423,50,373
213000230,402,51,351
213000232,97,778,-681
213000233,11,32,-21
213000234,12,20,-8
213000293,7,119,-112
213000294,176,8,168
213000295,8,88,-80
213000296,62,45,17
213000297,6,122,-116
213000298,22,139,-117
213000299,47,65,-18
213000300,21,2,19
213000303,1,39,-38
213000304,8,9,-1
213000305,4,14,-10
213000306,68,39,29
213000307,415,89,326
213000308,87,407,-320
213000309,121,68,53
213000310,152,72,80
213000311,298,931,-633
213000315,81,213,-132
213000316,78,66,12
213000322,103,232,-129
213000323,56,132,-76
213000324,33,50,-17
213000325,13,141,-128
213000326,9,21,-12
213000327,11,61,-50
213000328,8,123,-115
213000329,57,72,-15
213000340,112,1268,-1156
213000341,213,91,122
213000346,120,166,-46
213000347,876,243,633
213000348,9,234,-225
213000349,23,16,7
213000350,325,2003,-1678
213000366,41,564,-523
213000367,108,64,44
213000379,95,250,-155
213000386,18,241,-223
213000406,130,427,-297
213000417,937,371,566
213000425,75,55,20
213000426,61,119,-58
213000427,48,485,-437
213000428,23,341,-318
213000429,8,8,0
213000430,98,1509,-1411
213000431,21,1,20
213000432,0,25,-25
213000433,9,154,-145
213000434,51,100,-49
213000435,42,124,-82
213000436,10,118,-108
213000437,0,17,-17
213000438,82,91,-9
213000439,77,15,62
213000440,7,284,-277
213000441,0,0,0
213000442,0,41,-41
213000443,400,761,-361
213000444,26,65,-39
213000445,0,152,-152
213000446,0,16,-16
213000447,13,34,-21
213000448,4,98,-94
213000449,178,0,178
213000450,47,57,-10
213000451,116,90,26
213000452,5,26,-21
213000453,78,489,-411
213000455,458,28,430
213000456,2,211,-209
213000481,19,9,10
213000482,37,4,33
213000489,501,67,434
213000491,3,137,-134
213000492,317,1,316
213000493,0,77,-77
213000494,100,173,-73
213000495,0,150,-150
213000496,191,290,-99
213000497,55,366,-311
213000498,62,282,-220
213000499,117,713,-596
213000500,259,120,139
213000501,84,39,45
213000502,215,85,130
213000503,2,69,-67
213000504,4,190,-186
213000505,3,11,-8
213000506,1,12,-11
213000507,3,127,-124
213900244,15,0,15
213900245,0,48,-48
218000003,44,14,30
218000004,25,30,-5
218000005,28,39,-11
218000006,75,39,36
218000007,13,8,5
218000012,477,161,316
218000013,78,165,-87
218000014,413,475,-62
218000019,661,647,14
218000020,291,615,-324
218000021,4,13,-9
218000022,2,12,-10
218000023,2,9,-7
218000024,1,6,-5
218000025,0,7,-7
218000026,1,14,-13
218000027,0,4,-4
218000028,0,1,-1
218000029,0,0,0
218000030,1,1,0
218000031,0,4,-4
218000032,1,2,-1
218000040,9,5,4
218000046,40,164,-124
218000047,25,278,-253
218000048,69,321,-252
218000049,106,285,-179
218000050,325,447,-122
218000051,52,558,-506
218000052,4,206,-202
218000053,12,13,-1
218000054,29,43,-14
218000055,8,27,-19
218000056,15,31,-16
218000057,2,48,-46
218000064,1,8,-7
218000065,41,60,-19
218000066,6,55,-49
218000067,36,133,-97
218000068,49,76,-27
218000069,133,265,-132
218000070,93,361,-268
218000071,148,290,-142
218000072,267,308,-41
218000078,660,1799,-1139
218000079,55,82,-27
218000080,47,116,-69
218000081,214,392,-178
218000082,18,185,-167
218000083,41,81,-40
218000084,61,264,-203
218000085,90,542,-452
218000086,31,210,-179
218000087,151,322,-171
218000090,3,66,-63
218000091,818,515,303
218000092,65,228,-163
218000093,58,110,-52
218000094,374,944,-570
218000099,210,572,-362
218000100,167,350,-183
218000101,166,188,-22
218000102,213,345,-132
218000103,42,191,-149
218000104,54,54,0
218000105,35,11,24
218000106,16,7,9
218000107,29,101,-72
218000108,1,61,-60
218000112,77,15,62
218000117,31,45,-14
218000134,454,1233,-779
218000135,41,173,-132
218000136,338,96,242
218000137,161,131,30
218000138,23,126,-103
218000139,105,434,-329
218000140,270,261,9
218000141,48,74,-26
218000142,139,122,17
218000143,142,184,-42
218000144,103,69,34
218000145,242,460,-218
218000146,70,173,-103
218000151,10,36,-26
218000152,74,83,-9
218000153,4,4,0
218000154,1,7,-6
218000155,4,3,1
218000156,10,22,-12
218000157,6,14,-8
218000158,1,13,-12
218000159,4,3,1
218000160,2,2,0
218000161,10,5,5
218000162,12,14,-2
218000163,1,0,1
218000164,14,24,-10
218000165,9,19,-10
218000170,2,35,-33
218000171,44,13,31
218000172,10,14,-4
218000173,44,18,26
218000174,54,10,44
218000176,140,32,108
218000177,227,195,32
218000178,53,179,-126
218000179,84,81,3
218000180,69,22,47
218000181,93,87,6
218000187,6,19,-13
218000188,25,52,-27
218000189,19,47,-28
218000190,9,23,-14
218000191,64,101,-37
218000192,104,554,-450
218000193,325,722,-397
218000194,59,680,-621
218000195,116,113,3
218000196,229,363,-134
218000197,116,397,-281
218000198,11,177,-166
218000199,49,36,13
218000200,75,69,6
218000201,8,15,-7
218000202,319,249,70
218000207,14,100,-86
218000208,34,99,-65
218000211,49,24,25
218000212,0,0,0
218000213,104,118,-14
218000214,6,42,-36
218000215,40,105,-65
218000217,4,186,-182
218000218,215,111,104
218000219,62,18,44
218000220,191,358,-167
218000221,1161,195,966
218000222,41,28,13
218000223,45,202,-157
218000224,10,99,-89
218000225,130,31,99
218000226,72,108,-36
218000230,0,6,-6
218000232,41,103,-62
218000239,144,4,140
218000240,16,0,16
218000241,42,0,42
218000242,115,2,113
218000243,71,1,70
218000244,15,1,14
218000245,4,1,3
218000246,0,1,-1
218000247,4,0,4
218000248,0,30,-30
218000249,0,4,-4
218000250,4,47,-43
218000251,9,28,-19
218000252,0,18,-18
218000253,2,18,-16
218000254,2,31,-29
218000255,3,6,-3
218000256,4,67,-63
218000267,1147,1233,-86
218000268,17,62,-45
218000269,3,15,-12
218000270,56,66,-10
218000271,20,109,-89
218000273,7,17,-10
218000274,11,4,7
218000275,8,49,-41
218000276,1,48,-47
218000278,41,34,7
218000279,54,71,-17
218000280,5,45,-40
218000281,11,9,2
218000282,678,325,353
218000284,160,24,136
218000301,61,119,-58
218000302,70,47,23
218000303,64,78,-14
218000316,661,1322,-661
218000317,666,1341,-675
218000318,327,1136,-809
218000319,697,2352,-1655
218000320,630,994,-364
218000338,78,25,53
218000345,126,45,81
218000346,52,164,-112
218000459,68,362,-294
218000490,31,49,-18
218000501,49,52,-3
218000502,34,124,-90
218000503,111,40,71
218000504,150,34,116
218000505,65,199,-134
218000506,25,289,-264
218000508,1,6,-5
218000510,201,8,193
218000520,162,100,62
218000521,5,136,-131
218000522,1,168,-167
218000523,106,8,98
218000524,43,216,-173
218000525,88,13,75
218000526,27,134,-107
218000529,34,606,-572
218000530,2,5,-3
218000531,13,31,-18
218000532,14,33,-19
218000534,96,28,68
218000537,61,63,-2
218000538,99,115,-16
218000540,253,53,200
218000543,70,43,27
218000544,32,158,-126
218000545,47,76,-29
218000546,34,146,-112
218000547,102,93,9
218000548,153,335,-182
218000549,310,200,110
218000550,259,629,-370
218000551,205,575,-370
218000552,491,37,454
218000553,42,118,-76
218000554,18,32,-14
218000555,33,62,-29
218000556,128,623,-495
218000557,222,214,8
218000558,121,1,120
218000559,0,30,-30
218000560,0,15,-15
218000561,16,1,15
218000562,35,260,-225
218000563,210,29,181
218000564,18,123,-105
218000565,187,26,161
218000566,405,54,351
218000567,3,58,-55
218000568,42,5,37
218000569,14,214,-200
218000570,258,8,250
218000571,1,139,-138
218000572,127,2,125
218000573,28,136,-108
218000574,185,54,131
218000575,75,0,75
218000576,1,50,-49
218000577,151,0,151
218000578,0,93,-93
218000579,31,9,22
218000581,13,78,-65
218000582,34,10,24
218000583,6,0,6
218000584,2,28,-26
218000585,14,4,10
218000586,3,49,-46
218000587,1,3,-2
218000588,2,4,-2
218000589,2,3,-1
218000590,0,2,-2
218000591,5,3,2
218000592,10,2,8
218000593,1,0,1
218000594,0,1,-1
218000597,1,2,-1
218000598,0,0,0
218000599,0,0,0
218000600,1,0,1
218000601,0,1,-1
218000602,0,8,-8
218000603,0,0,0
218000604,19,14,5
218000605,0,23,-23
218000606,85,3,82
218000607,9,49,-40
218000608,38,17,21
218000609,1,62,-61
218000610,91,1,90
218000611,24,0,24
218000612,0,22,-22
218000613,15,9,6
218000614,1,43,-42
218000615,83,1,82
218000616,7,168,-161
218000617,21,0,21
218000618,0,29,-29
218000619,17,32,-15
218000620,2,16,-14
218000621,0,0,0
218000622,0,7,-7
218000623,17,1,16
218000624,0,8,-8
218000625,49,4,45
218000626,0,11,-11
218000628,98,37,61
218000631,64,23,41
218000632,1,87,-86
218000633,54,3,51
218000634,6,22,-16
218000635,10,18,-8
218000636,718,2256,-1538
218000637,552,729,-177
218000638,112,83,29
218000639,11,226,-215
218000640,96,31,65
218000641,37,369,-332
218000652,55,144,-89
218000653,150,95,55
218000663,10,273,-263
218000675,81,94,-13
218000676,1,4,-3
218000677,9,18,-9
218000680,192,941,-749
218000681,362,182,180
218000691,121,710,-589
218000693,112,163,-51
218000703,1,4,-3
218000718,851,692,159
218000719,1220,212,1008
218000720,20,124,-104
218000721,101,11,90
218000725,0,0,0
218001147,6,556,-550
218001214,13,35,-22
218001258,91,4,87
218001329,144,151,-7
218001330,113,163,-50
218001351,51,27,24
218001352,15,19,-4
218001353,22,10,12
218001354,5,17,-12
218001355,48,697,-649
218001356,128,9,119
218001357,70,515,-445
218001358,116,7,109
218001361,97,19,78
218001362,1,567,-566
219000001,24,96,-72
219000002,64,96,-32
219000003,29,33,-4
219000004,76,60,16
219000017,146,21,125
219000020,65,30,35
219000022,100,2,98
219000023,71,1,70
219000029,1,91,-90
219000034,14,21,-7
219000039,18,54,-36
219000040,22,22,0
219000041,87,36,51
219000051,0,50,-50
219000052,0,15,-15
219000053,2,313,-311
219000054,13,157,-144
219000055,97,2,95
219000056,15,1,14
219000057,68,0,68
219000062,25,330,-305
219000063,72,17,55
219000064,4,77,-73
219000110,194,51,143
219000111,79,32,47
219000112,115,71,44
219000113,84,41,43
219000114,220,45,175
219000116,66,39,27
219000117,162,178,-16
219000118,127,90,37
219000123,553,126,427
219000124,62,82,-20
219000125,13,14,-1
219000126,93,82,11
219000127,1,8,-7
219000128,16,139,-123
219000129,33,193,-160
219000130,725,1022,-297
219000131,648,965,-317
219000133,72,48,24
219000134,18,25,-7
219000135,30,81,-51
219000136,178,204,-26
219000138,40,25,15
219000139,19,75,-56
219000140,35,9,26
219000141,5,118,-113
219000142,10,126,-116
219000143,13,123,-110
219000145,9,117,-108
219000146,6,61,-55
219000147,1,72,-71
219000148,1,81,-80
219000149,9,198,-189
219000150,3,117,-114
219000151,2,97,-95
219000157,94,106,-12
219000158,118,224,-106
219000161,147,10,137
219000163,1554,448,1106
219000166,61,214,-153
219000167,77,275,-198
219000168,202,107,95
219000174,293,109,184
219000175,33,1,32
219000176,61,5,56
219000177,17,2,15
219000178,15,5,10
219000179,7,7,0
219000180,28,43,-15
219000182,83,10,73
219000183,38,43,-5
219000184,54,6,48
219000185,0,80,-80
219000186,72,68,4
219000187,15,139,-124
219000189,170,234,-64
219000190,150,352,-202
219000191,1253,1235,18
219000192,190,151,39
219000193,671,239,432
219000195,1,97,-96
219000196,6,169,-163
219000198,15,150,-135
219000199,109,201,-92
219000200,29,197,-168
219000201,83,266,-183
219000203,32,154,-122
219000204,60,203,-143
219000205,46,214,-168
219000207,132,282,-150
219000209,22,102,-80
219000210,68,121,-53
219000213,9,463,-454
219000239,189,272,-83
219000240,182,439,-257
219000241,63,378,-315
219000242,39,278,-239
219000243,110,535,-425
219000244,33,187,-154
219000245,77,71,6
219000246,103,37,66
219000247,100,28,72
219000248,418,244,174
219000249,82,72,10
219000250,124,76,48
219000251,346,160,186
219000252,219,114,105
219000253,169,59,110
219000255,71,90,-19
219000256,113,64,49
219000257,90,2,88
219000262,57,251,-194
219000263,43,280,-237
219000267,1,294,-293
219000268,11,12,-1
219000269,6,3,3
219000270,7,0,7
219000271,91,5,86
219000278,0,19,-19
219000279,3,4,-1
219000283,0,17,-17
219000295,19,117,-98
219000296,80,671,-591
219000297,19,188,-169
219000298,21,265,-244
219000299,413,109,304
219000300,21,316,-295
219000301,286,350,-64
219000302,37,211,-174
219000307,24,58,-34
219000308,38,30,8
219000311,141,44,97
219000312,384,63,321
219000313,206,44,162
219000314,80,629,-549
219000315,144,49,95
219000316,393,49,344
219000317,69,34,35
219000320,0,47,-47
219000321,0,10,-10
219000323,2,96,-94
219000325,0,25,-25
219000326,74,132,-58
219000327,40,41,-1
219000328,31,48,-17
219000329,233,119,114
219000330,25,32,-7
219000331,33,34,-1
219000332,56,73,-17
219000333,5,0,5
219000335,50,5,45
219000337,6,1,5
219000338,79,19,60
219000344,25,66,-41
219000345,67,122,-55
219000346,20,146,-126
219000348,107,256,-149
219000349,33,416,-383
219000350,37,97,-60
219000351,22,4,18
219000352,179,47,132
219000353,72,59,13
219000354,78,156,-78
219000355,127,63,64
219000356,1625,728,897
219000363,232,53,179
219000364,94,26,68
219000365,105,25,80
219000366,261,185,76
219000368,331,394,-63
219000370,1039,274,765
219000371,9,17,-8
219000382,8,18,-10
219000383,701,933,-232
219000385,487,655,-168
219000386,1039,1747,-708
219000387,1,3,-2
219000390,8,2,6
219000391,2,0,2
219000397,68,66,2
219000398,59,40,19
219000401,12,153,-141
219000402,36,113,-77
219000403,181,204,-23
219000404,15,77,-62
219000407,4,36,-32
219000409,38,42,-4
219000410,51,20,31
219000411,77,18,59
219000446,232,596,-364
219000447,1,24,-23
219000448,14,9,5
219000452,95,68,27
219000453,87,176,-89
219000454,284,200,84
219000556,138,75,63
219000558,101,424,-323
219000590,27,221,-194
219000591,17,143,-126
219000592,115,457,-342
219000595,1,48,-47
219000635,65,47,18
219000636,30,144,-114
219000657,23,10,13
219000658,11,47,-36
219000673,0,12,-12
219000676,24,1,23
219000679,33,9,24
219000684,50,4,46
219000685,4,107,-103
219000686,2,0,2
219000688,0,107,-107
219000689,30,339,-309
219000690,162,45,117
219000691,100,199,-99
219000692,150,26,124
219000693,0,36,-36
219000694,2,0,2
219000695,9,5,4
219000698,98,0,98
219000699,0,8,-8
219000727,1,298,-297
219000728,46,1,45
219000770,25,4,21
219000771,1,32,-31
219000788,221,249,-28
219001150,0,20,-20
219001151,1,3,-2
219001166,32,11,21
219001167,4,121,-117
219001178,31,2,29
220000001,50,44,6
220000002,9,235,-226
220000003,441,311,130
220000004,576,727,-151
220000005,1477,1705,-228
220000006,168,1035,-867
220000007,295,806,-511
220000008,387,1570,-1183
220000009,226,790,-564
220000010,238,268,-30
220000011,908,3087,-2179
220000012,151,433,-282
220000014,85,64,21
220000015,74,270,-196
220000017,67,538,-471
220000018,7605,2315,5290
220000019,99,286,-187
220000020,312,278,34
220000021,473,191,282
220000022,401,551,-150
220000023,145,210,-65
220000024,1504,402,1102
220000025,647,719,-72
220000026,218,148,70
220000027,14,83,-69
220000028,30,37,-7
220000029,83,265,-182
220000030,105,108,-3
220000031,230,332,-102
220000064,24,1259,-1235
221000046,12,0,12
221000047,0,2,-2
221000048,0,1,-1
221000049,0,20,-20
221000050,9,0,9
221000055,56,59,-3
221000057,32,19,13
221000068,265,184,81
221000069,306,93,213
221000070,222,29,193
221000071,86,7,79
221000072,191,34,157
221000073,180,63,117
221000074,0,17,-17
221000075,18,16,2
221000076,10,28,-18
221000077,34,85,-51
221000081,61,14,47
221000082,69,5,64
221000083,56,7,49
221000084,5,2,3
221000085,18,81,-63
221000086,10,147,-137
221000087,7,236,-229
221000088,21,228,-207
221000089,39,311,-272
221000090,126,591,-465
221000098,104,14,90
221000099,159,13,146
221000100,68,7,61
221000101,220,15,205
221000102,107,23,84
221000109,3,73,-70
221000110,18,112,-94
221000111,22,210,-188
221000112,4,197,-193
221000113,18,197,-179
221000114,14,210,-196
221000120,13,46,-33
221000121,5,20,-15
221000122,45,42,3
221000123,16,29,-13
221000124,33,345,-312
221000155,80,17,63
221000156,31,35,-4
221000175,5,6,-1
221000176,3,4,-1
221000182,46,8,38
221000241,686,190,496
221000242,217,545,-328
221000243,515,106,409
221000244,181,631,-450
221000245,65,149,-84
221000246,30,432,-402
221000247,105,180,-75
221000248,134,288,-154
221000267,58,1208,-1150
221000325,52,74,-22
221000331,7,143,-136
221000338,27,41,-14
221000378,160,43,117
221000381,91,138,-47
222000282,9,2,7
222000296,4,28,-24
222000568,295,10,285
222000569,135,19,116
222000570,82,13,69
222000571,284,12,272
222000577,12,362,-350
222000578,20,294,-274
222000579,30,211,-181
222000580,142,1025,-883
222000599,2,167,-165
222000600,3,306,-303
222000601,11,1030,-1019
222000603,14,35,-21
222000604,5,76,-71
222000605,19,11,8
222000606,4,10,-6
222000607,1,4,-3
222000608,13,11,2
222000609,50,519,-469
222000616,158,58,100
222000617,30,14,16
222000618,8,4,4
222000620,75,19,56
222000621,60,7,53
222000623,464,5,459
222000624,260,5,255
222000625,319,20,299
222000636,57,2,55
222000686,32,10,22
222000687,16,40,-24
222001066,456,1,455
222001067,7,11,-4
222001068,34,159,-125
222001069,15,109,-94
222001082,2,42,-40
222001083,7,55,-48
222001084,0,38,-38
222001085,2,86,-84
222001111,12,227,-215
222001112,80,65,15
222001313,51,3,48
222001314,3,87,-84
222001464,126,61,65
222001465,48,426,-378
222001484,88,56,32
222001485,24,82,-58
222001494,225,158,67
222001495,69,738,-669
222001496,202,86,116
222001497,83,882,-799
222001502,21,103,-82
222001503,54,40,14
222001504,35,307,-272
222001505,182,15,167
222001506,30,313,-283
222001507,185,19,166
222001510,232,22,210
222001511,45,447,-402
222001514,447,110,337
222001515,212,865,-653
222001518,120,66,54
222001519,45,488,-443
222001527,138,44,94
222001528,65,261,-196
222001529,84,30,54
222001530,45,358,-313
222001533,132,465,-333
222001534,154,58,96
222001535,164,205,-41
222001536,66,643,-577
222001537,155,19,136
222001538,47,729,-682
222001563,288,102,186
222001564,35,1040,-1005
222001568,1344,140,1204
222001576,1,1,0
222001579,0,4,-4
222001583,22,337,-315
222001584,47,34,13
222001596,659,2128,-1469
222001597,1150,244,906
222001626,0,187,-187
222001650,46,81,-35
222001651,29,168,-139
222001914,104,34,70
222001915,66,316,-250
222001968,347,215,132
222001969,365,1453,-1088
222001970,148,388,-240
222001971,16,67,-51
222001972,0,22,-22
225000001,366,192,174
225000002,322,137,185
225000003,293,93,200
225000004,167,277,-110
225000005,31,74,-43
225000006,0,172,-172
225000007,4196,1323,2873
225000010,171,5,166
225000011,584,941,-357
225000012,165,601,-436
225000013,100,204,-104
225000014,603,69,534
225000015,103,277,-174
225000021,585,278,307
225000027,269,692,-423
225000032,581,159,422
225000042,86,1044,-958
225000049,45,69,-24
225000050,46,25,21
225000053,3,218,-215
225000058,603,160,443
225000067,132,243,-111
225000068,92,693,-601
225000069,152,732,-580
225000070,55,788,-733
225000071,27,410,-383
225000075,26,1392,-1366
225000076,72,178,-106
225000078,65,48,17
225000085,29,96,-67
225000086,216,53,163
225000087,214,44,170
225000088,17,186,-169
225000089,333,874,-541
225000090,20,506,-486
225000091,130,256,-126
225000092,34,93,-59
225000093,163,517,-354
225000094,17,631,-614
225000095,306,664,-358
225000096,363,620,-257
225000098,436,194,242
225000099,181,159,22
225000100,143,103,40
225000104,56,507,-451
225000110,6,599,-593
225000111,214,1476,-1262
225000112,434,1232,-798
225000113,103,703,-600
225000114,68,392,-324
225000115,3491,718,2773
225000116,839,144,695
225000117,927,322,605
225000118,707,301,406
225000119,181,131,50
225000120,439,52,387
225000121,226,24,202
225000123,1292,13,1279
225000125,275,407,-132
225000126,1444,187,1257
225000127,967,654,313
225000128,470,585,-115
225000132,209,37,172
225000133,228,26,202
225000134,562,110,452
225000135,49,6,43
225000136,189,13,176
225000137,171,73,98
225000138,306,42,264
225000143,116,169,-53
225000144,7,347,-340
225000145,34,70,-36
225000146,71,157,-86
225000147,13,455,-442
225000148,6,314,-308
225000149,57,552,-495
225000151,22,336,-314
225000155,353,515,-162
225000156,292,812,-520
225000157,219,456,-237
225000158,108,491,-383
225000171,4,206,-202
225000180,26,1,25
225000181,0,75,-75
225000182,110,5,105
225000185,4,525,-521
225000187,57,560,-503
225000191,78,1,77
225000194,0,14,-14
225000208,4,48,-44
225000209,89,16,73
225000210,3,335,-332
225000217,1,25,-24
225000218,11,3,8
225000223,0,156,-156
225000224,446,1,445
225000225,0,61,-61
225000226,159,1,158
225000227,50,79,-29
225000228,20,12,8
225000229,0,95,-95
225000230,7,1,6
225000231,0,120,-120
225000232,55,0,55
225000241,88,1,87
225000242,1,37,-36
225000249,10,0,10
225000250,44,992,-948
225000251,314,46,268
226000042,605,557,48
226000043,59,324,-265
226000044,165,962,-797
226000045,100,623,-523
226000046,384,53,331
226000047,278,103,175
226000048,280,106,174
226000049,176,128,48
226000070,0,108,-108
226000071,0,104,-104
226000072,0,17,-17
226000073,0,9,-9
226000074,0,16,-16
226000084,2,76,-74
226000085,3,60,-57
226000086,6,23,-17
226000087,0,10,-10
226000088,23,14,9
226000090,30,42,-12
226000091,4,8,-4
226000092,1,0,1
226000093,36,1,35
226000094,24,2,22
226000095,23,4,19
226000105,4,0,4
226000106,3,2,1
226000107,5,0,5
226000108,24,0,24
226000109,74,0,74
226000124,172,49,123
226000134,259,459,-200
226000135,623,656,-33
226000136,222,417,-195
226000137,5,797,-792
226000138,16,585,-569
226000139,0,29,-29
226000156,114,7,107
226000157,169,3,166
226000163,52,34,18
226000202,6,714,-708
226000231,236,11,225
226000232,20,6,14
227000033,226,78,148
227000036,148,40,108
227000037,150,22,128
227000038,152,46,106
227000049,0,8,-8
227000050,1,53,-52
227000055,22,1,21
227000056,40,1,39
227000084,0,56,-56
227000085,0,58,-58
227000088,79,3,76
227000089,107,1,106
227000090,37,1,36
227000091,18,4,14
227000093,114,1,113
227000094,15,0,15
227000130,48,90,-42
227000131,11,331,-320
227000132,14,246,-232
227000133,17,311,-294
227000134,19,458,-439
227000152,0,0,0
227000153,0,32,-32
227000155,1,14,-13
227000156,1,18,-17
227000165,6,21,-15
227000196,125,571,-446
227000199,128,1045,-917
227000230,20,1347,-1327
227000232,223,32,191
227000242,32,503,-471
227000243,241,63,178
227000245,13,517,-504
227000246,72,600,-528
227000247,186,91,95
227000248,209,34,175
227000249,23,277,-254
227000250,448,162,286
227000251,140,409,-269
227000252,17,506,-489
227000253,65,28,37
227000262,201,32,169
227000266,517,15,502
227000267,61,4723,-4662
227000282,7,517,-510
227000284,169,29,140
227000286,2,113,-111
227000287,5,190,-185
227000291,16,1180,-1164
227000484,240,12,228
227000485,18,1666,-1648
227000655,83,81,2
227000656,487,35,452
227000657,34,34,0
227000661,244,16,228
227000680,236,48,188
229000265,9,54,-45
229000296,2,39,-37
229000297,5,68,-63
229000298,15,156,-141
229000320,9,9,0
229000321,16,8,8
229000412,15,45,-30
229000414,12,85,-73
229000415,11,0,11
229000416,5,3,2
229000417,3,13,-10
229000419,107,317,-210
229000440,258,58,200
229000442,30,3,27
229000443,3,8,-5
229000444,5,41,-36
229000445,21,10,11
229000446,35,25,10
229000491,1,11,-10
229000492,1,81,-80
229000493,0,41,-41
229000494,13,3,10
229000495,42,2,40
229000496,18,4,14
229000507,0,17,-17
229000508,0,14,-14
229000509,0,18,-18
229000510,1,9,-8
229000511,0,11,-11
229000512,0,13,-13
229000513,0,3,-3
229000514,0,1,-1
229000517,0,1,-1
229000518,1,15,-14
229000519,0,7,-7
229000520,3,6,-3
229000521,5,7,-2
229000522,3,3,0
229000523,1,7,-6
229000524,0,0,0
229000527,0,0,0
229000528,2,0,2
229000529,3,0,3
229000530,23,0,23
229000531,14,0,14
229000532,9,0,9
229000533,31,0,31
229000534,18,2,16
229000564,2,0,2
229000565,1,0,1
229000566,0,4,-4
229000567,2,20,-18
229000582,52,4,48
229000583,0,3,-3
229000584,0,13,-13
229000585,3,22,-19
229000718,0,0,0
229000719,0,0,0
229000720,0,6,-6
229000721,0,6,-6
229000722,0,12,-12
229000723,0,5,-5
229000724,0,0,0
229000725,0,3,-3
229000738,0,0,0
229000739,0,0,0
229000740,0,0,0
229000741,1,0,1
229000742,0,0,0
229000743,0,0,0
229000744,0,0,0
229000745,1,0,1
229000746,5,0,5
229000847,35,2,33
229000848,8,0,8
229000849,92,0,92
229000851,21,1,20
229000854,2,56,-54
229000856,0,269,-269
229000857,0,53,-53
229000858,1,155,-154
229000919,9,112,-103
229000930,2,329,-327
229000937,52,14,38
229000966,30,19,11
229000981,11,105,-94
229000985,6,53,-47
229000986,6,6,0
229000987,0,1,-1
229000988,5,3,2
229000989,7,1,6
229000990,0,1,-1
229000991,0,0,0
229000992,13,10,3
229000993,186,16,170
229000998,7,71,-64
229000999,37,12,25
229001034,1,14,-13
229001035,14,1,13
229001037,46,2,44
229001042,10,16,-6
229001047,10,74,-64
229001050,51,61,-10
229001168,0,5,-5
229001200,6,2,4
229001338,5,19,-14
229001394,143,5,138
229001422,67,13,54
229001423,47,185,-138
229001431,29,38,-9
229001432,46,100,-54
229001444,138,50,88
229001445,39,201,-162
229001479,1,1,0
229001503,180,69,111
229001504,87,382,-295
229001505,74,48,26
229001506,45,336,-291
229001509,40,33,7
229001545,70,5,65
229001546,7,130,-123
229001553,30,18,12
229001554,12,131,-119
229001559,7,4,3
229001560,0,24,-24
229001630,48,10,38
229001631,8,55,-47
229001635,0,7,-7
229001636,0,0,0
229001658,0,163,-163
229001659,42,8,34
229001660,7,1,6
229001661,1,26,-25
229001662,84,0,84
229001663,0,18,-18
229002584,168,167,1
229002831,177,141,36
229002841,4,13,-9
229002842,3,23,-20
229002843,67,20,47
229002844,30,38,-8
229002845,7,58,-51
229002846,20,16,4
229002847,1,8,-7
229002848,10,9,1
229002849,4,52,-48
229002850,11,1,10
229002851,38,103,-65
229002852,78,29,49
229002853,79,24,55
229002854,33,69,-36
229002855,14,22,-8
229002856,20,20,0
229002857,1,56,-55
229002858,5,7,-2
229002859,24,34,-10
229002860,44,10,34
229002861,47,15,32
229002862,24,17,7
229002863,26,24,2
229002864,13,24,-11
229002865,45,10,35
229002866,14,18,-4
229002867,1,23,-22
229002868,10,15,-5
229002869,5,118,-113
229002870,52,9,43
235000066,293,57,236
235000067,88,100,-12
235000072,26,69,-43
235000073,56,329,-273
235000074,11,83,-72
235000080,42,91,-49
235000081,49,172,-123
235000082,128,72,56
235000083,93,121,-28
235000084,69,51,18
235000085,79,71,8
235000089,13,24,-11
235000092,8,170,-162
235000093,0,9,-9
235000097,5,14,-9
235000098,47,9,38
235000099,16,26,-10
235000116,66,19,47
235000117,799,14,785
235000133,12,271,-259
235000134,6,141,-135
235000206,5,3,2
235000207,8,9,-1
235000208,7,0,7
235000209,10,1,9
235000210,4,1,3
235000212,8,30,-22
235000213,1,15,-14
235000220,1,6,-5
235000221,46,13,33
235000238,7,31,-24
235000239,0,7,-7
235000242,252,294,-42
235000245,1192,165,1027
235000246,17,77,-60
235000284,3,109,-106
235000295,102,5,97
235000305,141,16,125
235000306,82,4,78
235000307,5,1,4
235000308,21,4,17
235000309,22,0,22
235000310,16,1,15
235000311,54,1,53
235000322,0,27,-27
235000323,0,52,-52
235000324,0,20,-20
235000325,0,17,-17
235000326,11,372,-361
235000351,3,107,-104
235000352,9,70,-61
235000353,4,34,-30
235000354,4,59,-55
235000355,13,82,-69
235000356,62,23,39
235000357,11,12,-1
235000358,53,13,40
235000359,7,7,0
235000360,40,15,25
235000361,66,7,59
235000381,79,367,-288
235000382,94,52,42
235000390,11,6,5
235000391,67,16,51
235000392,74,212,-138
235000393,50,111,-61
235000395,63,19,44
235000396,229,63,166
235000400,141,91,50
235000401,58,199,-141
235000405,98,288,-190
235000406,41,288,-247
235000407,41,141,-100
235000409,212,216,-4
235000410,44,281,-237
235000411,0,115,-115
235000485,0,6,-6
235000486,1,0,1
235000549,17,77,-60
235000550,73,223,-150
235000599,65,92,-27
235000600,16,17,-1
235000601,18,33,-15
235000602,51,139,-88
235000614,0,0,0
235000648,0,17,-17
235000649,22,5,17
235000685,0,4,-4
235000815,7,43,-36
235000834,0,7,-7
235000855,24,57,-33
235000862,30,233,-203
235000891,0,8,-8
235000892,17,1,16
235000901,67,95,-28
235000907,7,13,-6
235001010,27,59,-32
235001029,549,520,29
235001030,275,231,44
235001078,55,49,6
235001079,57,120,-63
235001147,26,38,-12
235001166,5,102,-97
235001167,20,71,-51
235001169,26,360,-334
235001188,3,7,-4
235001189,6,0,6
235001197,20,39,-19
235001200,17,46,-29
235001207,205,60,145
235001210,68,417,-349
235001215,34,301,-267
235001239,3,50,-47
235001244,0,4,-4
235016267,1,20,-19
277101746,0,0,0
277102712,0,0,0
277103813,0,0,0
277103814,0,0,0
277103898,0,0,0
277104249,0,4,-4
277104250,0,23,-23
277104251,0,7,-7
277104252,0,4,-4
990011530,1,275,-274
990014944,0,422,-422
990015176,55,36,19
990015618,1,134,-133
990016032,0,656,-656
990032570,6,103,-97
990070001,56,1,55
990070103,0,9,-9
990070601,0,56,-56
990070751,258,1,257
990070766,0,942,-942
990071180,868,247,621
990071343,60,1,59
990071387,17,9,8
990071823,219,2,217
990072600,9,723,-714
990072964,1,506,-505
990073285,0,1,-1
990074393,4,1706,-1702
990074870,702,8,694
990075106,790,5,785
990075746,303,2,301
990076437,570,2,568
990076458,1,1628,-1627
997000007,224,7,217
997000041,0,120,-120
997000058,36,0,36
997000062,68,3,65
997000069,0,4,-4
997000070,0,184,-184
997000100,22,17,5
997000141,0,494,-494
997000198,600,1049,-449
998000475,8,16,-8
998000736,1,372,-371
998000965,0,16,-16
998001031,0,57,-57
998001700,1,26,-25
998001899,0,0,0
998001900,3,2,1
998003073,713,15,698
998101900,0,0,0
998102850,0,104,-104
998501927,808,351,457
998501929,65,2,63
998501930,63,1,62
998501931,162,73,89
998501932,5,1,4
998501933,46,3,43
998501937,11,0,11
998501944,0,0,0
998501950,0,6,-6
998501970,19,2,17
998501971,0,79,-79
998501973,0,112,-112
998501974,1,299,-298
998501975,237,0,237
998501976,100,1,99
998501977,0,8,-8
998501978,18,0,18
998501979,0,12,-12
998501980,108,0,108
998501981,21,58,-37
998501982,0,102,-102
998501983,0,0,0
998502006,0,0,0
998502024,1,3,-2
998502032,0,5,-5
998502062,12,3,9
998502063,0,0,0
998502173,65,0,65
998502269,0,3,-3
998502546,2,174,-172
998502578,0,3,-3
998502599,277,260,17
998601159,3,413,-410
998601292,1,19,-18
999033574,3,1385,-1382
999800001,40,5,35
999800002,0,5,-5
999800003,10,4,6
999800004,0,3,-3
999800005,0,6,-6
