ID,insum,outsum,diff
100000001,523,658,-135
100000002,3156,3286,-130
100000003,3270,4308,-1038
100000004,378,975,-597
100000005,2016,3707,-1691
100000006,458,175,283
100000007,1748,574,1174
100000008,94,352,-258
100000009,284,279,5
100000010,37,98,-61
100000011,374,101,273
100000012,53,455,-402
100000013,64,165,-101
100000014,160,354,-194
100000015,1062,1462,-400
100000016,475,1071,-596
100000017,328,883,-555
100000018,601,491,110
100000019,2242,1636,606
100000020,881,4212,-3331
100000021,3242,1609,1633
100000022,569,1813,-1244
100000023,2451,1148,1303
100000025,377,1083,-706
100000028,614,964,-350
100000029,86,396,-310
100000030,36,29,7
100000031,1767,4530,-2763
100000032,1108,2761,-1653
100000033,938,1969,-1031
100000034,96,746,-650
100000035,802,1091,-289
100000036,630,1283,-653
100000037,539,351,188
100000038,1773,663,1110
100000039,315,200,115
100000040,190,126,64
100000041,1169,423,746
100000042,702,343,359
100000043,513,409,104
100000044,155,584,-429
100000045,275,524,-249
100000046,348,406,-58
100000047,148,292,-144
100000048,150,274,-124
100000049,1005,865,140
100000051,393,461,-68
100000053,45,2,43
100000054,255,17,238
100000055,435,274,161
100000056,375,506,-131
100000057,1623,469,1154
100000058,539,516,23
100000059,36,173,-137
100000060,323,245,78
100000061,1785,410,1375
100000062,1276,456,820
100000063,817,211,606
100000064,1015,381,634
100000065,238,588,-350
100000066,136,418,-282
100000067,236,434,-198
100000068,190,920,-730
100000069,181,780,-599
100000072,176,359,-183
100000073,692,596,96
100000075,624,166,458
100000076,1043,3210,-2167
100000077,94,389,-295
100000078,11,26,-15
100000079,14,44,-30
100000080,11,51,-40
100000081,63,233,-170
100000102,2450,3969,-1519
100000103,1259,1123,136
100000104,2054,1985,69
100000105,990,1474,-484
100000106,863,2556,-1693
100000107,125,1091,-966
100000108,237,749,-512
100000109,671,1043,-372
100000116,590,583,7
100000117,39,169,-130
100000118,614,859,-245
100000119,589,1005,-416
100000121,165,424,-259
100000122,479,1155,-676
100000123,1000,2321,-1321
100000124,2654,2924,-270
100000125,3327,1596,1731
100000126,353,559,-206
100000127,910,499,411
100000128,1153,1909,-756
100000129,259,833,-574
100000130,480,226,254
100000131,858,1394,-536
100000132,682,1581,-899
100000133,1736,1143,593
100000135,498,1256,-758
100000139,162,563,-401
100000140,109,208,-99
100000142,506,409,97
100000143,947,307,640
100000144,1919,586,1333
100000147,1128,2867,-1739
100000150,77,416,-339
100000151,474,1909,-1435
100000153,116,454,-338
100000154,17,231,-214
100000155,11,48,-37
100000156,339,356,-17
100000157,225,188,37
100000158,194,155,39
100000159,164,734,-570
100000165,546,518,28
100000169,56,1026,-970
100000174,227,693,-466
100000179,87,426,-339
100000180,458,1563,-1105
100000181,284,274,10
100000188,64,115,-51
100000189,699,334,365
100000190,417,1278,-861
100000191,572,554,18
100000192,25,72,-47
100000193,204,182,22
100000330,484,710,-226
100000355,113,593,-480
100000362,2223,1237,986
100000363,4204,4358,-154
100000364,58,245,-187
100000365,4571,7824,-3253
100000366,2054,1440,614
100000367,3863,5432,-1569
100000368,2318,758,1560
100000369,405,1761,-1356
100000370,183,1068,-885
100000376,73,155,-82
100000379,874,1209,-335
100000380,2991,4359,-1368
100000384,3914,4755,-841
100000385,1119,2756,-1637
100000386,2787,4860,-2073
100000387,2098,4785,-2687
100000388,2220,5326,-3106
100000389,2823,5416,-2593
100000390,3715,5088,-1373
100000391,2417,8419,-6002
100000392,1287,3685,-2398
100000393,1107,5273,-4166
100000394,3182,6619,-3437
100000395,2009,5675,-3666
100000396,3341,3012,329
100000397,2398,7476,-5078
100000398,5761,4454,1307
100000413,9,4,5
100900002,10,7,3
100900003,307,243,64
100900004,14,665,-651
100900005,104,12,92
100900006,20,55,-35
100900007,164,22,142
100900008,2,298,-296
100900009,42,161,-119
100900010,79,25,54
100900011,171,155,16
100900012,1,69,-68
100900013,822,18,804
100900014,7,4,3
100900015,38,69,-31
100900016,7,22,-15
100900017,617,54,563
100900018,0,11,-11
100900019,17,52,-35
100900020,278,8,270
100900021,340,0,340
100900022,11,26,-15
100900023,0,13,-13
100900024,193,6,187
100900025,9,8,1
100900026,161,83,78
100900027,339,1906,-1567
100900028,88,211,-123
100900029,52,4,48
100900030,6,177,-171
100900031,571,37,534
100900032,283,1,282
100900033,101,197,-96
100900034,954,5,949
100900035,175,1,174
100900036,10,0,10
100900037,138,96,42
100900038,76,64,12
100900039,204,243,-39
100900040,362,337,25
100900041,616,327,289
100900042,1260,1623,-363
100900043,0,11,-11
100900044,931,498,433
100900045,1,0,1
100900046,917,10,907
100900047,503,114,389
100900048,100,48,52
100900049,68,78,-10
100900050,4,5,-1
100900051,10,58,-48
100900052,262,36,226
100900053,527,36,491
100900054,9,46,-37
100900055,124,729,-605
100900056,14,57,-43
100900057,1444,1005,439
100900058,129,76,53
100900059,114,1,113
100900060,220,3,217
100900061,202,134,68
100900062,11,47,-36
100900063,207,634,-427
100900064,538,33,505
100900065,65,103,-38
100900066,177,208,-31
100900067,0,6,-6
100900068,141,137,4
100900069,110,5,105
100900070,346,10,336
100900071,350,161,189
100900072,2,38,-36
100900073,138,180,-42
100900074,3,7,-4
100900075,1515,180,1335
100900076,2,20,-18
100900077,36,22,14
100900078,64,212,-148
100900079,14,21,-7
100900080,53,71,-18
100900081,34,112,-78
100900082,188,240,-52
100900083,2,16,-14
100900085,33,467,-434
100900086,63,373,-310
100900088,167,191,-24
100900089,2,35,-33
100900090,91,414,-323
100900091,0,10,-10
100900092,102,98,4
100900093,264,244,20
100900094,207,194,13
100900095,4,18,-14
100900096,36,119,-83
100900097,1,0,1
100900098,17,51,-34
100900099,10,365,-355
100900100,3,546,-543
100900101,213,44,169
100900102,9,83,-74
100900103,8,13,-5
100900104,6,116,-110
100900105,19,423,-404
100900106,40,7,33
100900107,1239,652,587
100900108,4,17,-13
100900109,15,9,6
100900110,2,31,-29
100900111,28,130,-102
100900112,7,22,-15
100900113,23,10,13
100900114,8,61,-53
100900115,10,48,-38
100900116,643,335,308
100900117,189,973,-784
100900118,17,28,-11
100900119,15,14,1
100900120,29,4,25
100900121,173,308,-135
100900122,79,104,-25
100900123,91,110,-19
100900124,1,7,-6
100900125,10,43,-33
100900126,175,78,97
100900127,3,9,-6
100900128,92,190,-98
100900129,1,306,-305
100900131,27,121,-94
100900133,65,30,35
100900134,2,4,-2
100900135,1,348,-347
100900137,240,156,84
100900138,282,437,-155
100900139,2,14,-12
100900140,1,282,-281
100900141,4,604,-600
100900142,4,13,-9
100900143,358,346,12
100900144,2,1,1
100900145,66,161,-95
100900146,3,17,-14
100900147,8,416,-408
100900148,51,267,-216
100900149,78,254,-176
100900150,2,11,-9
100900151,121,401,-280
100900152,143,12,131
100900153,3,133,-130
100900154,19,97,-78
100900155,11,7,4
100900156,33,0,33
100900157,6,545,-539
100900159,1,49,-48
100900160,26,0,26
100900161,41,4,37
100900162,10,319,-309
100900163,122,134,-12
100900164,60,25,35
100900165,21,23,-2
100900166,12,0,12
100900167,12,44,-32
100900168,17,167,-150
100900169,95,670,-575
100900170,9,3,6
100900171,21,342,-321
100900172,0,18,-18
100900173,17,134,-117
100900174,40,16,24
100900176,1337,105,1232
100900177,586,130,456
100900178,194,160,34
100900179,243,235,8
100900180,1,5,-4
100900181,28,61,-33
100900182,33,30,3
100900184,24,96,-72
100900186,348,234,114
100900187,17,60,-43
100900188,21,15,6
100900189,1461,234,1227
100900191,486,1079,-593
100900192,172,401,-229
100900195,121,167,-46
100900197,11,56,-45
100900198,41,107,-66
100900199,2,11,-9
100900200,513,265,248
100900201,48,487,-439
100900202,46,0,46
100900203,0,80,-80
100900204,62,443,-381
100900205,134,545,-411
100900206,211,68,143
100900207,218,168,50
100900210,58,182,-124
100900211,289,127,162
100900213,80,37,43
100900214,374,82,292
100900215,19,29,-10
100900217,90,94,-4
101000001,1461,1581,-120
101000002,4911,4947,-36
101000003,240,685,-445
101000004,6063,7384,-1321
101000006,4147,5719,-1572
101000007,1757,3178,-1421
101000008,1389,1648,-259
101000009,1732,539,1193
101000010,712,497,215
101000011,822,287,535
101000012,465,486,-21
101000013,463,835,-372
101000014,227,326,-99
101000015,1321,728,593
101000016,210,362,-152
101000017,294,344,-50
101000018,1111,1821,-710
101000020,1203,565,638
101000021,407,314,93
101000022,58,65,-7
101000023,702,490,212
101000025,222,416,-194
101000026,186,16,170
101000027,1508,2745,-1237
101000028,824,277,547
101000029,101,1014,-913
101000030,624,169,455
101000031,171,659,-488
101000032,1933,3205,-1272
101000033,1117,2777,-1660
101000034,797,1460,-663
101000035,432,228,204
101000036,880,1091,-211
101000037,1050,1775,-725
101000039,1177,2092,-915
101000040,1650,3614,-1964
101000041,1947,5391,-3444
101000042,142,876,-734
101000043,2377,5552,-3175
101000045,351,777,-426
101000046,823,1606,-783
101000047,837,3614,-2777
101000048,353,256,97
101000049,350,1519,-1169
101000050,589,1504,-915
101000051,568,1885,-1317
101000052,797,1022,-225
101000053,500,917,-417
101000054,1193,716,477
101000055,753,1245,-492
101000056,28,84,-56
101000057,714,1260,-546
101000058,577,982,-405
101000059,1234,1778,-544
101000060,1362,645,717
101000061,392,1372,-980
101000062,256,507,-251
101000063,250,1228,-978
101000064,551,1012,-461
101000065,189,640,-451
101000066,457,1090,-633
101000067,615,870,-255
101000068,135,429,-294
101000069,147,49,98
101000070,564,672,-108
101000071,1503,771,732
101000072,400,2103,-1703
101000073,609,1087,-478
101000074,2000,3156,-1156
101000075,1658,3522,-1864
101000077,1144,1091,53
101000078,515,980,-465
101000079,895,711,184
101000080,654,878,-224
101000081,1319,1324,-5
101000082,1659,1799,-140
101000083,2462,1970,492
101000084,866,533,333
101000085,1168,955,213
101000086,686,924,-238
101000087,668,650,18
101000088,1044,934,110
101000089,876,1222,-346
101000090,1457,731,726
101000091,409,333,76
101000092,1227,542,685
101000093,1144,559,585
101000094,854,664,190
101000095,491,329,162
101000096,450,376,74
101000097,287,444,-157
101000098,257,341,-84
101000099,461,726,-265
101000100,590,591,-1
101000101,156,296,-140
101000102,358,554,-196
101000103,362,533,-171
101000104,271,622,-351
101000105,158,458,-300
101000106,248,936,-688
101000107,223,314,-91
101000108,422,144,278
101000109,467,72,395
101000110,21,197,-176
101000111,62,98,-36
101000113,138,580,-442
101000114,2752,6656,-3904
101000115,108,32,76
101000116,71,22,49
101000117,969,114,855
101000119,35,69,-34
101000120,106,83,23
101000121,52,67,-15
101000122,91,71,20
101000123,40,113,-73
101000124,727,354,373
101000125,111,238,-127
101000128,176,426,-250
101000130,103,189,-86
101000131,1014,377,637
101000132,735,415,320
101000135,22,39,-17
101000136,203,179,24
101000137,23,339,-316
101000141,551,3080,-2529
101000147,723,313,410
101000148,422,10,412
101000149,115,281,-166
101000150,101,318,-217
101000151,315,43,272
101000152,224,264,-40
101000153,310,152,158
101000154,379,493,-114
101000155,379,146,233
101000156,25,320,-295
101000157,40,23,17
101000160,21,19,2
101000163,87,469,-382
101000164,225,165,60
101000165,215,301,-86
101000166,162,179,-17
101000168,687,432,255
101000252,2073,831,1242
101000254,75,50,25
101000258,50,15,35
101000261,96,51,45
101000262,903,3034,-2131
101000263,157,793,-636
101000265,53,476,-423
101000266,239,194,45
101000269,10,15,-5
101000290,404,1848,-1444
101000293,10,55,-45
101000294,493,409,84
101000295,231,193,38
101000301,311,383,-72
101000304,1497,1971,-474
101000305,2235,719,1516
101000328,101,320,-219
101900001,15,39,-24
101900002,0,10,-10
101900003,31,93,-62
101900004,1,95,-94
101900005,1550,2542,-992
101900006,1121,32,1089
101900007,393,127,266
101900008,48,136,-88
101900009,15,256,-241
101900010,526,594,-68
101900011,82,670,-588
101900012,201,62,139
101900013,343,139,204
101900017,13,111,-98
101900018,632,263,369
101900019,158,145,13
101900020,46,38,8
101900021,1,44,-43
101900022,128,509,-381
101900023,184,88,96
101900026,164,41,123
101900027,19,104,-85
102000001,2105,3927,-1822
102000002,1634,723,911
102000003,1834,5335,-3501
102000004,2487,1958,529
102000005,788,1967,-1179
102000006,604,1217,-613
102000007,1008,3211,-2203
102000008,2332,1051,1281
102000009,4796,6158,-1362
102000010,2916,2040,876
102000011,3174,2374,800
102000012,2350,1911,439
102000018,1732,2129,-397
102000019,1637,1290,347
102000026,215,340,-125
102000029,168,149,19
102000030,145,261,-116
102000031,71,81,-10
102000032,531,303,228
102000033,262,259,3
102000034,350,288,62
102000035,932,438,494
102000036,12,171,-159
102000037,163,32,131
102000038,86,415,-329
102000039,86,126,-40
102000040,187,277,-90
102000041,62,562,-500
102000042,86,358,-272
102000043,95,271,-176
102000044,294,534,-240
102000045,464,509,-45
102000046,808,514,294
102000047,519,633,-114
102000048,301,495,-194
102000049,794,805,-11
102000050,789,899,-110
102000051,276,617,-341
102000052,793,619,174
102000053,565,887,-322
102000054,657,731,-74
102000055,1147,276,871
102000056,845,301,544
102000057,1251,439,812
102000058,984,771,213
102000059,950,1000,-50
102000060,767,759,8
102000061,1265,1138,127
102000062,1538,676,862
102000063,827,945,-118
102000064,456,514,-58
102000065,51,92,-41
102000066,658,667,-9
102000067,1948,2236,-288
102000068,6950,2426,4524
102000069,76,2135,-2059
102000070,1190,51,1139
102000071,5585,7563,-1978
102000072,1988,2980,-992
102000073,574,481,93
102000074,470,678,-208
102000075,110,218,-108
102000076,210,157,53
102000077,587,458,129
102000078,1108,305,803
102000079,95,92,3
102000080,242,126,116
102000081,147,626,-479
102000082,488,292,196
102000083,560,154,406
102000084,391,199,192
102000085,1835,608,1227
102000086,1024,622,402
102000087,605,927,-322
102000088,267,188,79
102000089,1065,232,833
102000090,262,791,-529
102000091,905,348,557
102000092,222,355,-133
102000093,694,560,134
102000094,511,547,-36
102000095,710,726,-16
102000096,288,547,-259
102000097,553,405,148
102000098,328,613,-285
102000099,646,1007,-361
102000100,186,1166,-980
102000101,352,554,-202
102000102,373,704,-331
102000103,1709,316,1393
102000104,584,219,365
102000105,283,477,-194
102000106,740,358,382
102000107,1514,311,1203
102000108,569,109,460
102000109,443,395,48
102000110,1197,463,734
102000111,15,270,-255
102000112,151,104,47
102000113,9,21,-12
102000114,602,265,337
102000115,199,316,-117
102000116,231,446,-215
102000117,94,572,-478
102000118,603,1200,-597
102000119,994,976,18
102000120,175,294,-119
102000121,755,370,385
102000122,562,730,-168
102000123,843,741,102
102000124,1090,993,97
102000125,480,572,-92
102000126,440,696,-256
102000127,969,446,523
102000128,600,662,-62
102000129,1249,476,773
102000130,699,647,52
102000131,1128,452,676
102000132,406,609,-203
102000133,2204,1292,912
102000134,804,531,273
102000135,593,530,63
102000136,938,434,504
102000137,430,694,-264
102000138,185,212,-27
102000139,34,559,-525
102000140,97,1207,-1110
102000141,128,193,-65
102000142,214,183,31
102000143,217,224,-7
102000144,366,221,145
102000145,275,265,10
102000146,334,287,47
102000147,329,263,66
102000148,192,375,-183
102000149,210,174,36
102000150,429,68,361
102000151,96,102,-6
102000152,169,135,34
102000153,802,547,255
102000154,173,330,-157
102000155,63,318,-255
102000156,207,197,10
102000157,42,440,-398
102000158,313,417,-104
102000159,750,665,85
102000161,1318,1541,-223
102000162,119,161,-42
102000163,67,381,-314
102000164,386,739,-353
102000165,234,151,83
102000166,67,144,-77
102000167,179,165,14
102000168,221,178,43
102000169,61,376,-315
102000170,336,129,207
102000171,72,115,-43
102000172,30,253,-223
102000173,232,230,2
102000174,57,38,19
102000175,86,56,30
102000176,63,12,51
102000178,224,229,-5
102000179,382,133,249
102000180,1075,203,872
102000181,820,301,519
102000182,470,326,144
102000183,1732,941,791
102000184,1841,432,1409
102000185,2510,832,1678
102000186,1398,992,406
102000187,800,847,-47
102000188,1082,873,209
102000189,1224,351,873
102000190,433,1823,-1390
102000191,882,273,609
102000192,1199,1392,-193
102000193,41,38,3
102000194,51,91,-40
102000195,370,244,126
102000196,193,179,14
102000197,750,188,562
102000198,204,328,-124
102000199,1155,170,985
102000200,234,428,-194
102000201,1135,326,809
102000202,5,57,-52
102000203,370,119,251
102000204,462,293,169
102000205,890,211,679
102000206,476,213,263
102000207,583,298,285
102000208,281,242,39
102000209,64,45,19
102000210,416,241,175
102000211,495,138,357
102000212,347,16,331
102000213,2,142,-140
102000214,397,19,378
102000215,5,180,-175
102000216,58,63,-5
102000217,14,45,-31
102000218,262,195,67
102000219,213,121,92
102000225,396,381,15
102000226,276,498,-222
102000227,160,3,157
102000228,1,44,-43
102000229,36,50,-14
102000230,269,283,-14
102000231,225,281,-56
102000232,32,103,-71
102000233,398,316,82
102000234,88,655,-567
102000236,164,63,101
102000237,335,173,162
102000238,144,187,-43
102000240,363,728,-365
102000241,179,70,109
102000243,9,25,-16
102000245,14,125,-111
102000246,8,28,-20
102000247,418,543,-125
102000248,241,635,-394
102000249,131,75,56
102000250,48,185,-137
102000254,170,104,66
102000266,14,542,-528
102000271,45,3,42
102000286,203,243,-40
102000297,1342,756,586
102000299,0,0,0
102000301,0,0,0
102000305,0,0,0
102000307,0,4,-4
102900001,1023,627,396
102900002,361,61,300
102900003,64,122,-58
102900005,350,202,148
102900006,497,82,415
102900007,553,17,536
102900008,200,26,174
102900009,400,334,66
102900010,221,998,-777
102900011,977,315,662
102900012,383,85,298
102900013,43,50,-7
102900015,440,383,57
102900016,70,49,21
102900017,246,257,-11
102900018,36,63,-27
102900019,293,237,56
102900020,134,14,120
102900021,35,55,-20
102900022,326,148,178
102900023,14,57,-43
102900024,23,31,-8
102900025,128,56,72
102900026,193,1672,-1479
102900027,74,55,19
102900028,167,696,-529
102900029,140,166,-26
102900030,299,264,35
102900031,262,104,158
102900032,78,60,18
102900033,87,112,-25
102900034,464,32,432
102900035,93,194,-101
102900036,308,235,73
102900037,290,181,109
102900038,335,182,153
102900039,24,536,-512
102900040,175,230,-55
102900041,85,90,-5
102900042,210,181,29
102900043,169,149,20
102900044,423,1094,-671
102900045,174,280,-106
102900046,119,135,-16
102900047,115,452,-337
102900048,494,250,244
102900049,89,291,-202
102900050,177,232,-55
102900051,152,171,-19
102900053,279,423,-144
102900054,250,887,-637
102900055,161,184,-23
102900056,94,301,-207
102900057,6,55,-49
102900058,324,37,287
102900059,40,40,0
102900060,121,344,-223
102900061,131,250,-119
102900062,263,357,-94
102900063,1108,325,783
102900064,74,387,-313
102900065,758,164,594
102900066,304,10,294
102900068,84,110,-26
102900070,173,321,-148
102900072,8,54,-46
102900073,89,5,84
102900075,24,132,-108
102900076,65,122,-57
102900077,46,33,13
102900078,24,32,-8
102900079,187,8,179
102900080,334,35,299
102900081,77,183,-106
102900082,17,213,-196
102900083,152,13,139
102900084,1,48,-47
102900085,293,114,179
102900086,18,97,-79
102900087,104,127,-23
102900088,36,23,13
102900089,166,115,51
102900090,1,165,-164
102900091,138,3,135
102900092,449,360,89
102900094,3,153,-150
102900095,88,1,87
102900096,74,12,62
102900097,37,81,-44
103000001,1661,1588,73
103000002,1651,1827,-176
103000003,2180,2056,124
103000004,604,517,87
103000005,1485,2733,-1248
103000006,743,1313,-570
103000007,367,429,-62
103000008,791,372,419
103000009,1297,876,421
103000010,173,93,80
103000011,1156,699,457
103000012,1051,1397,-346
103000013,1790,1114,676
103000014,1011,1897,-886
103000015,904,517,387
103000016,509,1297,-788
103000017,268,300,-32
103000018,435,207,228
103000019,314,299,15
103000020,1401,1010,391
103000021,1504,1790,-286
103000022,520,708,-188
103000023,594,1560,-966
103000024,83,101,-18
103000025,115,638,-523
103000026,472,93,379
103000027,249,536,-287
103000028,161,249,-88
103000029,122,226,-104
103000030,1078,888,190
103000031,580,1637,-1057
103000032,1727,926,801
103000033,2309,1978,331
103000034,877,639,238
103000035,270,953,-683
103000036,186,354,-168
103000037,411,421,-10
103000038,359,803,-444
103000039,521,211,310
103000040,486,435,51
103000041,1374,1040,334
103000042,1152,234,918
103000043,534,469,65
103000044,249,154,95
103000046,370,361,9
103000047,689,297,392
103000048,203,135,68
103000049,112,62,50
103000050,625,234,391
103000051,439,345,94
103000052,558,210,348
103000053,194,299,-105
103000054,1992,1050,942
103000055,1494,1459,35
103000056,675,698,-23
103000057,921,147,774
103000058,459,527,-68
103000059,512,462,50
103000060,497,320,177
103000061,423,596,-173
103000062,761,337,424
103000063,669,620,49
103000064,135,101,34
103000065,4,195,-191
103000066,207,15,192
103000069,391,173,218
103000070,681,394,287
103000071,1070,405,665
103000072,122,399,-277
103000073,648,109,539
103000074,572,103,469
103000075,94,431,-337
103000076,276,407,-131
103000077,33,207,-174
103000078,560,718,-158
103000079,381,531,-150
103000080,416,335,81
103000081,281,1006,-725
103000082,342,164,178
103000083,69,290,-221
103000084,98,6,92
103000085,1,102,-101
103000086,290,319,-29
103000087,74,402,-328
103000088,185,271,-86
103000089,218,453,-235
103000090,2399,893,1506
103000091,709,407,302
103000092,229,202,27
103000093,294,374,-80
103000094,165,82,83
103000095,81,361,-280
103000096,393,58,335
103000097,51,672,-621
103000098,497,135,362
103000099,161,553,-392
103000100,122,439,-317
103000101,752,87,665
103000102,110,346,-236
103000103,650,156,494
103000104,71,69,2
103000105,197,91,106
103000106,20,124,-104
103000107,178,70,108
103000108,834,681,153
103000109,474,376,98
103000110,536,435,101
103000111,322,386,-64
103000112,221,232,-11
103000113,317,619,-302
103000114,1041,515,526
103000115,593,411,182
103000116,589,277,312
103000117,448,325,123
103000118,376,318,58
103000119,647,317,330
103000120,64,86,-22
103000121,125,188,-63
103000122,269,305,-36
103000125,12,94,-82
103000126,718,2,716
103000127,16,89,-73
103000128,216,4,212
103000129,2,58,-56
103000130,59,42,17
103000131,87,73,14
103000132,119,166,-47
103000133,20,55,-35
103000134,187,715,-528
103000135,443,200,243
103000136,448,411,37
103000137,315,464,-149
103000138,518,597,-79
103000139,1,51,-50
103000140,125,41,84
103000141,30,155,-125
103000142,104,77,27
103000143,47,226,-179
103000144,135,89,46
103000145,6,103,-97
103000150,121,42,79
103000152,143,234,-91
103000153,207,246,-39
103000156,6,146,-140
103000157,506,2,504
103000159,75,14,61
103000162,21,12,9
103000163,6,21,-15
103000164,2,15,-13
103000165,59,179,-120
103000166,214,281,-67
103000167,183,112,71
103000168,124,91,33
103000169,193,377,-184
103000170,908,199,709
103000171,54,50,4
103000172,648,196,452
103000173,707,200,507
103000174,247,176,71
103000175,303,138,165
103000176,681,582,99
103000177,283,309,-26
103000178,147,199,-52
103000179,134,26,108
103000183,194,8,186
103000185,148,80,68
103000186,126,84,42
103000187,667,138,529
103000188,21,71,-50
103000189,626,588,38
103000191,279,282,-3
103000292,478,1532,-1054
103000293,511,1998,-1487
103000295,66,108,-42
103000296,117,3,114
103000297,1,23,-22
103000504,23,7,16
103000505,3,32,-29
103000506,3,114,-111
103000507,225,1,224
103000508,88,57,31
103000509,229,447,-218
103900001,4,57,-53
103900002,545,113,432
103900003,805,232,573
103900004,121,1,120
103900005,3,51,-48
103900006,21,12,9
103900007,192,7,185
103900008,33,2,31
103900009,362,365,-3
103900010,155,187,-32
103900011,379,63,316
103900012,16,29,-13
103900013,49,33,16
103900014,130,7,123
103900015,85,9,76
103900016,156,63,93
103900017,19,41,-22
103900018,425,82,343
103900019,59,344,-285
103900020,165,457,-292
103900021,172,26,146
103900022,749,528,221
103900023,193,1,192
103900024,79,194,-115
103900025,18,19,-1
103900026,29,0,29
103900027,528,191,337
103900028,24,287,-263
103900029,1199,161,1038
103900030,276,152,124
103900031,34,0,34
103900032,116,112,4
103900033,51,30,21
103900034,62,54,8
103900035,28,24,4
103900036,28,33,-5
103900037,73,48,25
103900038,85,171,-86
103900039,137,145,-8
103900040,3,77,-74
103900041,69,29,40
103900042,96,130,-34
103900043,290,39,251
103900044,42,363,-321
103900045,293,116,177
103900047,112,12,100
103900048,20,40,-20
103900049,111,976,-865
103900050,11,144,-133
103900051,0,37,-37
103900052,251,162,89
103900053,314,270,44
103900054,165,153,12
103900055,377,158,219
103900056,60,53,7
103900057,66,66,0
103900058,290,243,47
103900059,0,26,-26
103900060,63,89,-26
103900061,173,36,137
103900062,394,111,283
103900063,22,0,22
103900064,178,4,174
103900065,525,281,244
103900066,227,43,184
103900067,191,13,178
103900068,2,0,2
103900069,92,50,42
103900070,91,134,-43
103900071,13,85,-72
103900072,15,93,-78
103900073,36,36,0
103900074,99,25,74
103900075,216,36,180
103900076,571,258,313
103900077,52,151,-99
103900078,216,44,172
103900079,132,122,10
103900080,6,16,-10
103900081,64,66,-2
103900082,35,124,-89
103900083,900,1134,-234
103900084,52,110,-58
103900085,37,103,-66
103900086,704,325,379
103900088,294,498,-204
103900089,56,107,-51
103900090,3,57,-54
103900091,793,126,667
103900092,623,297,326
103900093,51,213,-162
103900094,11,61,-50
103900095,150,131,19
103900096,51,77,-26
103900097,14,265,-251
103900098,257,108,149
103900099,83,57,26
103900100,183,156,27
103900101,114,742,-628
103900102,0,24,-24
103900104,1,18,-17
103900105,73,97,-24
103900106,0,86,-86
103900107,176,68,108
103900108,71,123,-52
103900109,155,39,116
103900110,179,32,147
103900111,123,235,-112
103900112,34,62,-28
103900113,99,232,-133
103900114,269,214,55
103900115,213,207,6
103900116,1595,2486,-891
103900117,96,29,67
103900119,37,74,-37
103900120,76,70,6
103900122,149,105,44
103900123,737,548,189
103900124,61,247,-186
103900125,120,50,70
103900126,514,183,331
103900127,143,180,-37
103900128,156,38,118
103900131,47,86,-39
103900133,797,32,765
103900134,10,13,-3
103900135,3,4,-1
103900137,1,15,-14
103900138,96,115,-19
103900139,209,2329,-2120
103900140,4,212,-208
103900141,207,57,150
103900142,219,52,167
103900143,157,5,152
103900144,1,25,-24
103900145,113,175,-62
103900146,187,145,42
103900147,302,60,242
103900148,252,126,126
103900149,329,214,115
103900150,2994,3585,-591
103900151,18,121,-103
103900152,745,167,578
103900153,9,10,-1
103900154,346,1658,-1312
103900155,44,145,-101
103900156,145,89,56
103900157,75,56,19
103900158,118,44,74
103900159,140,31,109
103900160,61,37,24
103900161,56,135,-79
103900162,53,80,-27
103900163,12,310,-298
103900167,10,101,-91
103900168,127,30,97
103900169,35,46,-11
103900170,0,51,-51
103900171,2,16,-14
103900172,1,10,-9
103900173,10,35,-25
103900174,266,38,228
103900175,45,85,-40
103900176,3,68,-65
103900177,21,51,-30
103900178,108,27,81
103900179,67,43,24
103900180,20,35,-15
103900181,48,38,10
103900182,26,13,13
103900184,257,131,126
103900185,65,388,-323
103900187,12,102,-90
103900188,42,34,8
103900189,129,7,122
103900190,85,43,42
103900191,22,28,-6
103900192,34,71,-37
103900193,82,115,-33
103900194,77,133,-56
103900195,6,103,-97
103900196,27,25,2
103900197,17,27,-10
103900198,17,25,-8
103900199,108,37,71
103900200,135,46,89
103900201,109,75,34
103900202,22,32,-10
103900203,42,26,16
103900204,0,46,-46
103900207,0,32,-32
103900208,126,0,126
103900209,7,77,-70
103900210,60,36,24
103900211,533,224,309
103900212,143,123,20
103900213,34,183,-149
103900214,167,214,-47
103900215,133,266,-133
103900216,34,170,-136
103900217,219,39,180
103900218,0,204,-204
103900219,165,107,58
103900233,73,8,65
103900235,7,52,-45
103900236,7,8,-1
103900242,2,4,-2
103900243,1,4,-3
103900244,98,88,10
103900245,77,105,-28
103900246,28,40,-12
103900247,32,54,-22
103900248,1,54,-53
103900249,2,25,-23
103900250,35,22,13
103900251,2,28,-26
103900253,8,53,-45
103900254,1,18,-17
103900255,0,11,-11
103900256,30,8,22
103900257,97,126,-29
103900258,6,9,-3
103900259,28,4,24
103900261,11,3,8
103900262,23,1,22
103900263,20,26,-6
103900264,33,8,25
103900265,26,6,20
103900266,7,75,-68
103900267,4,55,-51
103900268,22,27,-5
103900269,154,11,143
103900270,76,57,19
103900271,116,76,40
103900272,42,19,23
103900273,26,7,19
103900274,112,2,110
103900275,65,6,59
103900276,6,33,-27
103900277,3,11,-8
103900278,4,13,-9
103900279,2,24,-22
103900280,0,13,-13
104000001,2017,1306,711
104000002,1399,1522,-123
104000003,1763,1509,254
104000004,1747,1681,66
104000005,1434,1352,82
104000006,2279,1688,591
104000007,2626,2939,-313
104000008,138,174,-36
104000009,193,87,106
104000010,153,240,-87
104000011,345,163,182
104000012,99,202,-103
104000013,247,180,67
104000014,194,370,-176
104000015,314,126,188
104000016,406,197,209
104000018,710,161,549
104000019,593,218,375
104000020,85,260,-175
104000021,199,331,-132
104000022,126,180,-54
104000023,823,278,545
104000024,229,207,22
104000026,32,216,-184
104000027,204,141,63
104000028,338,167,171
104000029,346,182,164
104000030,295,152,143
104000031,1037,351,686
104000032,152,190,-38
104000033,525,409,116
104000034,228,168,60
104000035,936,292,644
104000036,824,369,455
104000037,287,128,159
104000038,526,255,271
104000039,208,100,108
104000040,123,238,-115
104000041,431,235,196
104000042,129,147,-18
104000043,90,217,-127
104000044,198,325,-127
104000045,669,527,142
104000046,536,733,-197
104000047,465,670,-205
104000048,693,690,3
104000049,440,178,262
104000050,101,421,-320
104000051,150,492,-342
104000052,1270,1140,130
104000053,784,351,433
104000054,229,112,117
104000055,2016,1418,598
104000056,792,348,444
104000057,262,261,1
104000058,620,427,193
104000059,441,781,-340
104000060,793,1033,-240
104000061,804,632,172
104000062,448,106,342
104000064,399,213,186
104000065,108,451,-343
104000069,465,1051,-586
104000070,58,365,-307
104000071,256,308,-52
104000072,432,167,265
104000075,63,194,-131
104000076,380,54,326
104000082,1634,2618,-984
104000083,565,162,403
104000084,147,378,-231
104000085,317,215,102
104000086,177,332,-155
104000087,309,1345,-1036
104000090,725,663,62
104000092,1231,927,304
104000094,708,670,38
104000095,1466,989,477
104000096,1354,48,1306
104000097,1548,393,1155
104000098,2056,375,1681
104000100,1550,458,1092
104000101,979,794,185
104000106,78,540,-462
104000107,579,239,340
104000108,136,226,-90
104000109,264,91,173
104000110,564,679,-115
104000111,1483,1771,-288
104000112,658,393,265
104000116,0,473,-473
104000117,211,253,-42
104000118,795,122,673
104000119,483,205,278
104000120,167,278,-111
104000121,203,462,-259
104000122,714,618,96
104000123,566,552,14
104000124,361,849,-488
104000125,1674,3666,-1992
104000126,295,376,-81
104000127,886,1164,-278
104000128,468,202,266
104000129,387,12,375
104000130,7,164,-157
104000131,271,313,-42
104000132,315,352,-37
104000133,1258,651,607
104000134,797,1267,-470
104000135,357,1281,-924
104000136,472,2481,-2009
104000137,1256,283,973
104000138,681,231,450
104000139,2621,1555,1066
104000141,595,632,-37
104000142,429,352,77
104000143,457,240,217
104000144,94,119,-25
104000145,372,187,185
104000146,193,350,-157
104000147,132,210,-78
104000148,335,149,186
104000149,157,124,33
104000150,820,432,388
104000151,267,186,81
104000152,421,277,144
104000153,462,467,-5
104000154,525,272,253
104000155,408,562,-154
104000157,657,789,-132
104000158,136,309,-173
104000159,733,490,243
104000160,1301,1684,-383
104000161,135,142,-7
104000162,66,148,-82
104000165,617,640,-23
104000167,550,1022,-472
104000168,451,3,448
104000169,157,51,106
104000170,228,292,-64
104000248,276,334,-58
104000251,55,125,-70
104000272,0,0,0
104000273,0,0,0
104000274,0,0,0
104000275,0,0,0
104000279,518,308,210
104000290,68,189,-121
104000291,427,735,-308
104000293,695,631,64
104000294,76,0,76
104000295,451,470,-19
104000296,418,365,53
104000297,437,1264,-827
104000298,1234,597,637
104000299,574,796,-222
104000302,79,80,-1
104000303,116,104,12
104900001,129,199,-70
104900002,67,132,-65
104900003,76,123,-47
104900004,67,101,-34
104900005,275,200,75
104900006,293,68,225
104900007,275,150,125
104900009,106,122,-16
104900010,58,32,26
104900011,9,13,-4
104900012,219,37,182
104900013,97,9,88
104900014,978,170,808
104900015,78,0,78
104900016,215,151,64
104900017,104,105,-1
104900018,8,103,-95
104900019,156,3122,-2966
104900020,36,149,-113
104900021,1,53,-52
104900022,11,106,-95
104900023,0,25,-25
104900024,15,173,-158
104900025,76,111,-35
104900026,0,32,-32
104900027,462,256,206
104900028,41,92,-51
104900029,49,29,20
104900030,402,191,211
104900031,46,186,-140
104900032,49,62,-13
104900033,168,217,-49
104900034,335,143,192
104900035,360,186,174
104900036,198,58,140
104900037,96,109,-13
104900038,141,653,-512
104900039,373,358,15
104900040,386,91,295
104900041,266,133,133
104900042,184,107,77
104900043,23,211,-188
104900044,717,125,592
104900045,297,39,258
104900046,181,71,110
104900047,352,75,277
104900048,270,41,229
104900049,60,37,23
104900050,223,41,182
104900051,257,33,224
104900052,94,2,92
104900053,447,100,347
104900054,172,23,149
104900055,135,2,133
104900056,152,13,139
104900057,54,0,54
104900058,399,179,220
104900059,115,137,-22
104900060,0,209,-209
104900061,115,162,-47
104900063,0,156,-156
104900064,0,78,-78
104900065,1,132,-131
104900066,2,78,-76
104900067,7,183,-176
104900068,16,129,-113
104900070,101,142,-41
104900071,0,273,-273
104900072,38,167,-129
104900073,49,61,-12
104900074,48,105,-57
104900075,39,12,27
104900076,80,116,-36
104900077,320,249,71
104900078,149,147,2
104900079,42,439,-397
104900080,89,237,-148
104900082,14,248,-234
104900085,3,148,-145
104900087,242,6,236
104900089,241,1,240
104900090,778,596,182
104900091,386,286,100
104900093,173,223,-50
104900097,1164,1863,-699
104900098,169,31,138
104900099,138,581,-443
104900100,200,150,50
104900102,35,49,-14
104900103,224,32,192
104900104,1133,1390,-257
104900106,146,44,102
104900107,73,78,-5
104900108,31,94,-63
104900109,104,135,-31
104900110,13,46,-33
104900111,193,46,147
104900112,260,249,11
104900113,658,169,489
104900114,330,205,125
104900115,658,165,493
104900116,357,79,278
104900118,27,19,8
104900119,1,28,-27
104900120,18,309,-291
104900121,1,35,-34
104900122,5,18,-13
104900123,88,36,52
104900124,34,0,34
104900125,333,2,331
104900126,31,20,11
104900127,27,52,-25
104900128,62,98,-36
104900129,700,1761,-1061
105000001,2202,1152,1050
105000002,1782,1078,704
105000003,2336,2234,102
105000004,503,538,-35
105000005,902,758,144
105000006,1093,1315,-222
105000007,1331,1443,-112
105000008,883,2798,-1915
105000009,2286,2829,-543
105000010,2187,1028,1159
105000011,3364,2479,885
105000012,2556,1566,990
105000013,927,936,-9
105000014,2150,2575,-425
105000015,6512,11889,-5377
105000016,943,1073,-130
105000017,1023,535,488
105000018,786,1188,-402
105000019,621,803,-182
105000020,95,387,-292
105000021,159,124,35
105000022,135,130,5
105000023,497,219,278
105000028,39,56,-17
105000029,535,1198,-663
105000030,2330,1507,823
105000031,8,21,-13
105000033,695,1062,-367
105000034,126,915,-789
105000037,493,230,263
105000038,1053,1429,-376
105000039,1391,810,581
105000040,776,1002,-226
105000041,319,720,-401
105000042,1953,1352,601
105000043,855,1136,-281
105000044,574,429,145
105000045,230,297,-67
105000046,905,291,614
105000047,452,543,-91
105000048,419,169,250
105000049,173,259,-86
105000050,641,372,269
105000051,121,245,-124
105000052,629,531,98
105000053,80,109,-29
105000054,411,555,-144
105000055,669,267,402
105000056,1252,1372,-120
105000057,1071,418,653
105000058,863,644,219
105000059,631,386,245
105000060,412,352,60
105000061,681,395,286
105000062,449,432,17
105000063,254,260,-6
105000064,1493,572,921
105000065,321,360,-39
105000066,756,819,-63
105000067,1154,643,511
105000068,244,523,-279
105000069,1072,1655,-583
105000070,281,823,-542
105000071,156,795,-639
105000072,813,2254,-1441
105000073,828,495,333
105000074,580,447,133
105000075,310,469,-159
105000076,870,570,300
105000077,1446,665,781
105000078,721,949,-228
105000079,785,2449,-1664
105000080,1326,1063,263
105000081,1945,1198,747
105000082,583,1787,-1204
105000083,2536,3227,-691
105000084,445,559,-114
105000085,1677,2001,-324
105000086,595,620,-25
105000087,962,1117,-155
105000088,1100,1318,-218
105000089,1518,1154,364
105000090,688,466,222
105000091,743,857,-114
105000092,413,608,-195
105000093,195,283,-88
105000094,269,142,127
105000095,87,418,-331
105000096,1136,1196,-60
105000097,747,649,98
105000098,800,490,310
105000099,574,554,20
105000100,1346,884,462
105000101,1657,1152,505
105000102,1203,1093,110
105000103,1009,1307,-298
105000104,1939,687,1252
105000105,858,1067,-209
105000106,1161,940,221
105000107,1206,668,538
105000108,1452,864,588
105000109,1478,831,647
105000110,740,362,378
105000111,713,488,225
105000112,933,420,513
105000113,399,541,-142
105000114,1354,1014,340
105000115,297,1034,-737
105000116,779,443,336
105000117,738,452,286
105000118,462,277,185
105000119,418,407,11
105000120,949,384,565
105000121,671,467,204
105000122,407,571,-164
105000123,698,606,92
105000124,1731,535,1196
105000125,630,864,-234
105000126,1745,873,872
105000127,1810,1182,628
105000128,511,714,-203
105000129,697,222,475
105000130,190,2545,-2355
105000131,426,211,215
105000132,898,590,308
105000133,436,599,-163
105000134,800,406,394
105000135,324,279,45
105000136,117,193,-76
105000137,612,153,459
105000138,139,214,-75
105000139,648,470,178
105000140,395,304,91
105000141,349,296,53
105000142,277,329,-52
105000143,125,361,-236
105000144,210,430,-220
105000145,603,219,384
105000146,333,468,-135
105000147,533,244,289
105000148,876,485,391
105000149,2032,1777,255
105000150,1068,737,331
105000151,452,259,193
105000152,116,307,-191
105000153,559,497,62
105000154,462,342,120
105000155,339,674,-335
105000156,438,374,64
105000157,580,944,-364
105000158,1461,606,855
105000159,284,628,-344
105000160,2041,567,1474
105000161,480,995,-515
105000162,518,1633,-1115
105000163,633,669,-36
105000164,144,246,-102
105000165,573,5047,-4474
105000166,3252,990,2262
105000167,839,1617,-778
105000168,399,364,35
105000169,611,123,488
105000170,223,848,-625
105000171,978,117,861
105000172,106,28,78
105000173,223,65,158
105000174,82,37,45
105000175,80,79,1
105000176,406,47,359
105000177,329,187,142
105000178,211,156,55
105000179,662,82,580
105000180,174,67,107
105000181,146,123,23
105000182,52,30,22
105000183,1299,1614,-315
105000184,1058,937,121
105000185,764,996,-232
105000186,414,505,-91
105000187,655,195,460
105000188,133,111,22
105000189,113,381,-268
105000190,256,223,33
105000191,255,244,11
105000192,299,48,251
105000193,80,84,-4
105000194,586,148,438
105000195,226,444,-218
105000196,98,319,-221
105000197,178,448,-270
105000198,329,198,131
105000199,166,680,-514
105000200,78,311,-233
105000201,64,33,31
105000203,26,136,-110
105000204,76,58,18
105000205,79,131,-52
105000207,201,105,96
105000208,177,434,-257
105000209,170,180,-10
105000211,327,12,315
105000212,903,566,337
105000213,98,213,-115
105000214,225,165,60
105000215,323,122,201
105000216,148,152,-4
105000217,150,133,17
105000218,1495,844,651
105000221,118,127,-9
105000222,559,182,377
105000223,270,139,131
105000226,104,110,-6
105000227,78,79,-1
105000228,147,1705,-1558
105000229,153,392,-239
105000231,343,272,71
105000233,802,550,252
105000234,488,733,-245
105000235,375,420,-45
105000237,666,44,622
105000243,46,22,24
105000248,48,60,-12
105000262,301,542,-241
105000269,139,174,-35
105000270,465,32,433
105000271,0,94,-94
105000282,53,37,16
105000287,227,79,148
105000288,608,332,276
105000289,1457,1618,-161
105000290,15,7,8
105000402,1958,3083,-1125
105000426,218,289,-71
105000438,2357,1367,990
105000440,35,34,1
105000446,4766,3512,1254
105000447,2389,1486,903
105000454,653,303,350
105000455,177,101,76
105000474,109,3,106
105000477,472,520,-48
105000478,1604,4175,-2571
105000479,77,104,-27
105000480,5829,6888,-1059
105000481,3634,3068,566
105000482,2610,4459,-1849
105000483,1519,2016,-497
105000484,1300,1837,-537
105000485,908,2459,-1551
105000486,1406,1584,-178
105000488,5589,2750,2839
105000489,751,574,177
105000549,103,125,-22
105000550,296,964,-668
105000551,33,111,-78
105000552,1488,806,682
105000555,736,888,-152
105000556,45,15,30
105000557,46,127,-81
105900001,5,1680,-1675
105900002,580,629,-49
105900003,22,80,-58
105900004,106,91,15
105900005,9,210,-201
105900006,20,83,-63
105900007,25,15,10
105900008,90,361,-271
105900009,16,17,-1
105900011,82,28,54
105900012,336,74,262
105900013,4,33,-29
105900014,1,31,-30
105900015,88,288,-200
105900016,320,185,135
105900017,1362,49,1313
105900018,217,140,77
105900019,61,153,-92
105900020,49,39,10
105900021,17,177,-160
105900022,209,96,113
105900023,11,56,-45
105900024,8,165,-157
105900025,222,14,208
105900026,131,13,118
105900027,7852,4933,2919
105900028,511,430,81
105900029,1321,251,1070
105900030,165,210,-45
105900031,290,163,127
105900032,79,93,-14
105900033,47,79,-32
105900034,172,116,56
105900035,141,131,10
105900036,141,98,43
105900037,88,54,34
105900038,157,173,-16
105900039,144,65,79
105900040,49,78,-29
105900041,157,84,73
105900042,73,127,-54
105900043,717,32,685
105900044,8,192,-184
105900045,3,538,-535
105900046,1,239,-238
105900047,2,30,-28
105900048,61,349,-288
105900050,4002,4696,-694
105900051,61,869,-808
105900052,467,221,246
105900053,1706,2560,-854
105900054,257,151,106
105900056,369,330,39
105900057,15,93,-78
105900058,27,10,17
105900059,0,43,-43
106000001,2035,1902,133
106000002,911,3162,-2251
106000003,2094,2894,-800
106000004,1015,1716,-701
106000005,2983,3539,-556
106000006,3598,1693,1905
106000007,428,440,-12
106000008,310,213,97
106000009,514,279,235
106000010,352,289,63
106000011,1207,812,395
106000012,674,706,-32
106000013,1565,1338,227
106000014,1078,864,214
106000015,1576,983,593
106000016,923,1128,-205
106000017,519,550,-31
106000018,422,351,71
106000019,343,370,-27
106000020,344,230,114
106000021,260,366,-106
106000022,290,171,119
106000023,565,241,324
106000024,367,275,92
106000025,111,116,-5
106000026,71,144,-73
106000027,1373,1057,316
106000028,562,278,284
106000029,523,527,-4
106000030,276,507,-231
106000034,165,321,-156
106000035,925,1774,-849
106000036,133,329,-196
106000037,1144,1011,133
106000038,111,82,29
106000039,50,93,-43
106000040,109,671,-562
106000041,513,347,166
106000043,347,196,151
106000046,233,48,185
106000047,19,374,-355
106000049,994,142,852
106000050,186,321,-135
106000051,619,437,182
106000052,104,242,-138
106000053,406,133,273
106000054,209,192,17
106000055,819,617,202
106000056,238,183,55
106000057,447,224,223
106000058,104,73,31
106000059,288,230,58
106000060,245,297,-52
106000061,181,493,-312
106000062,141,265,-124
106000063,766,519,247
106000064,21,175,-154
106000065,302,217,85
106000066,91,212,-121
106000067,399,65,334
106000068,73,412,-339
106000069,282,62,220
106000070,398,395,3
106000071,728,244,484
106000072,1674,1093,581
106000073,1181,3015,-1834
106000074,640,553,87
106000075,342,1053,-711
106000076,1325,1347,-22
106000077,2088,899,1189
106000078,975,611,364
106000079,649,567,82
106000080,1008,381,627
106000081,664,744,-80
106000082,1448,557,891
106000083,381,1058,-677
106000084,888,480,408
106000085,969,1113,-144
106000086,594,687,-93
106000087,718,358,360
106000088,303,556,-253
106000089,861,233,628
106000090,296,472,-176
106000091,214,387,-173
106000092,572,186,386
106000093,306,126,180
106000094,111,139,-28
106000095,764,522,242
106000096,942,430,512
106000097,1123,454,669
106000098,694,512,182
106000099,170,459,-289
106000100,1049,106,943
106000101,540,191,349
106000102,94,386,-292
106000103,240,381,-141
106000104,700,296,404
106000105,332,338,-6
106000106,639,276,363
106000107,166,198,-32
106000108,340,191,149
106000109,235,134,101
106000110,267,148,119
106000111,235,146,89
106000112,251,430,-179
106000113,441,335,106
106000114,365,621,-256
106000115,188,195,-7
106000116,303,151,152
106000117,642,421,221
106000118,1039,1012,27
106000119,757,465,292
106000120,736,1082,-346
106000121,170,140,30
106000122,145,105,40
106000123,508,89,419
106000124,85,106,-21
106000125,24,139,-115
106000126,262,49,213
106000127,887,477,410
106000128,784,132,652
106000129,407,259,148
106000130,730,276,454
106000131,151,530,-379
106000132,490,157,333
106000133,1055,926,129
106000134,360,1646,-1286
106000135,158,379,-221
106000136,552,909,-357
106000137,50,424,-374
106000138,1214,140,1074
106000139,27,49,-22
106000140,43,28,15
106000141,89,22,67
106000142,72,34,38
106000143,30,38,-8
106000144,54,46,8
106000145,302,141,161
106000146,402,85,317
106000147,430,349,81
106000148,517,461,56
106000149,534,325,209
106000150,449,1478,-1029
106000151,2182,608,1574
106000152,695,1667,-972
106000153,67,1112,-1045
106000154,694,162,532
106000155,124,186,-62
106000156,768,143,625
106000157,429,1123,-694
106000158,1221,752,469
106000159,1439,1489,-50
106000160,391,2355,-1964
106000161,856,168,688
106000162,310,758,-448
106000163,343,196,147
106000164,439,200,239
106000165,187,278,-91
106000166,753,204,549
106000167,403,466,-63
106000168,608,183,425
106000169,223,319,-96
106000170,895,179,716
106000171,233,759,-526
106000172,2016,1010,1006
106000173,1046,1505,-459
106000174,972,300,672
106000175,237,385,-148
106000176,1506,742,764
106000177,713,1251,-538
106000178,2434,1051,1383
106000179,621,1124,-503
106000180,539,641,-102
106000181,803,978,-175
106000182,1246,456,790
106000183,1467,314,1153
106000184,1665,399,1266
106000185,879,877,2
106000186,458,90,368
106000187,144,718,-574
106000188,0,1,-1
106000189,12,32,-20
106000190,11,0,11
106000191,558,138,420
106000192,2,14,-12
106000193,307,125,182
106000194,94,194,-100
106000195,312,89,223
106000196,98,320,-222
106000197,577,187,390
106000198,170,147,23
106000199,544,542,2
106000200,123,173,-50
106000201,298,2490,-2192
106000202,1661,421,1240
106000203,19,108,-89
106000204,83,4,79
106000205,20,101,-81
106000206,90,23,67
106000207,27,265,-238
106000208,1199,128,1071
106000209,1398,337,1061
106000210,218,384,-166
106000211,187,609,-422
106000212,630,372,258
106000213,248,1105,-857
106000214,1142,439,703
106000215,229,314,-85
106000216,409,295,114
106000217,202,261,-59
106000218,297,280,17
106000219,122,192,-70
106000220,371,143,228
106000221,205,113,92
106000222,56,61,-5
106000223,312,101,211
106000224,274,82,192
106000225,53,108,-55
106000226,96,131,-35
106000228,54,74,-20
106000229,69,469,-400
106000231,955,122,833
106000232,77,216,-139
106000233,515,41,474
106000234,40,303,-263
106000235,622,204,418
106000236,196,205,-9
106000237,11,9,2
106000238,133,41,92
106000239,2,113,-111
106000240,25,1,24
106000241,23,399,-376
106000242,229,37,192
106000249,54,25,29
106000250,88,427,-339
106000251,91,21,70
106000252,14,28,-14
106000253,32,53,-21
106000254,53,32,21
106000255,15,118,-103
106000256,35,22,13
106000257,135,139,-4
106000258,304,49,255
106000259,5,130,-125
106000260,42,11,31
106000261,2,97,-95
106000262,53,6,47
106000263,16,41,-25
106000264,84,7,77
106000265,9,82,-73
106000266,131,34,97
106000267,8,55,-47
106000268,246,61,185
106000269,67,29,38
106000270,88,264,-176
106000271,51,102,-51
106000272,169,35,134
106000273,12,178,-166
106000274,137,27,110
106000275,121,128,-7
106000276,69,28,41
106000277,71,176,-105
106000278,107,17,90
106000279,9,13,-4
106000280,79,31,48
106000281,88,38,50
106000282,51,38,13
106000283,118,44,74
106000284,80,49,31
106000285,110,47,63
106000286,73,53,20
106000287,101,76,25
106000288,76,96,-20
106000289,60,87,-27
106000290,60,53,7
106000291,91,100,-9
106000292,63,68,-5
106000293,128,80,48
106000294,73,71,2
106000295,35,37,-2
106000296,23,85,-62
106000297,37,223,-186
106000298,90,78,12
106000299,57,106,-49
106000300,69,94,-25
106000301,48,82,-34
106000303,33,55,-22
106000304,31,21,10
106000305,42,31,11
106000306,64,26,38
106000307,61,31,30
106000308,27,49,-22
106000309,20,20,0
106000310,230,255,-25
106000311,349,145,204
106000312,142,77,65
106000313,271,167,104
106000318,41,358,-317
106000319,941,277,664
106000320,1,96,-95
106000321,214,186,28
106000322,193,73,120
106000324,22,95,-73
106000325,1535,750,785
106000326,827,961,-134
106000327,255,63,192
106000328,22,71,-49
106000329,98,177,-79
106000330,42,62,-20
106000428,101,153,-52
106000429,153,297,-144
106000430,310,749,-439
106000431,1840,304,1536
106000432,1163,1827,-664
106000433,2198,1221,977
106000434,2544,1199,1345
106000435,785,1596,-811
106000436,22,88,-66
106000437,188,43,145
106000438,353,144,209
106000439,55,287,-232
106000440,193,261,-68
106000441,1,2,-1
106000442,245,12,233
106000443,210,122,88
106000450,0,62,-62
106000451,12,69,-57
106000454,2,118,-116
106000455,10,135,-125
106000456,94,49,45
106000457,15,351,-336
106000458,895,32,863
106000459,162,103,59
106000460,1262,23,1239
106000461,138,394,-256
106000462,2,38,-36
106000463,2,9,-7
106000464,11,242,-231
106000465,690,3,687
106000466,0,229,-229
106000467,182,219,-37
106000468,88,91,-3
106000469,64,1,63
106000470,189,1349,-1160
106000471,19,291,-272
106000472,106,8,98
106000473,28,9,19
106000474,278,252,26
106000475,393,142,251
106000476,98,253,-155
106000477,54,63,-9
106000480,1,299,-298
106900001,0,16,-16
106900002,0,186,-186
106900003,124,617,-493
106900004,0,15,-15
106900006,0,3,-3
106900007,0,15,-15
106900008,320,76,244
106900009,343,150,193
106900010,187,202,-15
106900012,1018,1902,-884
106900013,383,188,195
106900014,32,2,30
106900015,16,1,15
106900016,325,18,307
106900017,17,1,16
106900018,4,2,2
106900019,74,2,72
106900020,1211,1357,-146
106900021,246,122,124
106900022,838,4,834
106900023,30,159,-129
106900024,478,92,386
106900025,23,332,-309
106900026,1,234,-233
106900027,758,9,749
107000001,2344,3446,-1102
107000002,1521,2321,-800
107000003,5232,4963,269
107000004,2636,1734,902
107000005,5183,4643,540
107000006,2575,1474,1101
107000007,4122,6807,-2685
107000008,3870,3172,698
107000009,6764,6139,625
107000010,4796,4095,701
107000011,669,723,-54
107000012,2180,1596,584
107000013,115,33,82
107000014,51,107,-56
107000015,378,327,51
107000016,595,355,240
107000017,668,1891,-1223
107000018,10,1441,-1431
107000020,541,1895,-1354
107000021,824,372,452
107000022,561,1328,-767
107000023,1352,132,1220
107000024,538,886,-348
107000025,147,264,-117
107000026,305,268,37
107000027,1232,625,607
107000028,932,608,324
107000029,2890,2359,531
107000030,1640,1385,255
107000031,3793,1821,1972
107000032,286,536,-250
107000033,1614,2101,-487
107000034,2693,815,1878
107000035,314,124,190
107000036,247,835,-588
107000037,89,576,-487
107000038,157,111,46
107000039,796,656,140
107000040,221,176,45
107000041,1128,559,569
107000042,440,1476,-1036
107000043,1528,819,709
107000044,302,177,125
107000045,54,142,-88
107000046,643,332,311
107000047,312,446,-134
107000048,589,258,331
107000049,473,433,40
107000050,865,373,492
107000051,147,214,-67
107000052,814,898,-84
107000053,314,224,90
107000054,47,186,-139
107000055,288,160,128
107000056,313,540,-227
107000057,1150,174,976
107000058,1640,1939,-299
107000059,1327,1938,-611
107000060,3958,4042,-84
107000061,2975,1965,1010
107000062,4346,2243,2103
107000063,3191,2446,745
107000064,4354,1950,2404
107000065,2517,2473,44
107000066,1372,2262,-890
107000067,1026,1347,-321
107000068,876,946,-70
107000069,805,454,351
107000070,907,10,897
107000071,3365,60,3305
107000072,29,1301,-1272
107000073,789,396,393
107000074,90,554,-464
107000075,1593,555,1038
107000076,439,687,-248
107000077,3208,1391,1817
107000078,1785,1560,225
107000079,2391,970,1421
107000080,714,1608,-894
107000081,1834,498,1336
107000082,490,645,-155
107000083,1147,435,712
107000084,223,726,-503
107000085,2483,2452,31
107000086,2289,2095,194
107000087,2457,1672,785
107000088,2282,2068,214
107000089,1504,1273,231
107000090,811,592,219
107000091,1413,744,669
107000092,759,619,140
107000093,1142,605,537
107000094,586,705,-119
107000095,747,458,289
107000096,365,409,-44
107000097,620,211,409
107000098,335,317,18
107000099,276,199,77
107000100,143,166,-23
107000101,71,98,-27
107000102,165,150,15
107000103,249,140,109
107000104,121,146,-25
107000105,253,75,178
107000106,156,155,1
107000107,515,100,415
107000108,102,257,-155
107000109,601,79,522
107000110,73,218,-145
107000111,327,34,293
107000112,40,149,-109
107000113,717,114,603
107000114,100,255,-155
107000115,600,232,368
107000116,83,349,-266
107000117,84,745,-661
107000118,85,112,-27
107000119,991,1408,-417
107000120,654,480,174
107000121,890,580,310
107000122,893,503,390
107000123,549,368,181
107000124,497,434,63
107000125,927,356,571
107000126,876,314,562
107000129,166,317,-151
107000130,576,189,387
107000131,285,334,-49
107000132,457,228,229
107000133,282,85,197
107000134,204,2,202
107000135,1,306,-305
107000136,497,10,487
107000137,6,423,-417
107000138,167,39,128
107000139,20,424,-404
107000140,1554,66,1488
107000141,156,486,-330
107000142,483,78,405
107000143,66,455,-389
107000144,508,435,73
107000145,130,271,-141
107000146,141,224,-83
107000147,3019,734,2285
107000150,335,2033,-1698
107000151,9,78,-69
107000152,584,1324,-740
107000153,93,218,-125
107000154,71,303,-232
107000155,642,35,607
107000156,940,11,929
107000157,45,451,-406
107000158,773,21,752
107000159,19,357,-338
107000160,1250,136,1114
107000161,60,479,-419
107000162,254,476,-222
107000163,153,2,151
107000164,678,5,673
107000165,1051,5,1046
107000166,33,484,-451
107000167,563,158,405
107000168,884,469,415
107000169,414,387,27
107000170,2304,632,1672
107000171,505,707,-202
107000172,1181,1360,-179
107000173,380,437,-57
107000174,957,4464,-3507
107000175,2885,970,1915
107000176,0,0,0
107000177,1,0,1
107000178,18,8,10
107000179,264,961,-697
107000180,1332,196,1136
107000181,368,557,-189
107000182,1799,531,1268
107000183,139,395,-256
107000184,1070,403,667
107000185,348,663,-315
107000186,1053,324,729
107000187,969,996,-27
107000188,523,482,41
107000189,470,661,-191
107000190,520,501,19
107000191,774,688,86
107000192,1401,457,944
107000193,367,310,57
107000194,649,508,141
107000197,687,215,472
107000198,299,390,-91
107000199,891,407,484
107000200,326,443,-117
107000201,372,308,64
107000202,261,329,-68
107000203,758,1232,-474
107000204,642,1336,-694
107000205,1201,624,577
107000206,396,1325,-929
107000207,442,1061,-619
107000208,507,510,-3
107000209,951,1146,-195
107000210,219,182,37
107000211,2,50,-48
107000212,17,173,-156
107000213,7,24,-17
107000214,18,76,-58
107000215,425,197,228
107000216,412,196,216
107000217,213,85,128
107000219,113,174,-61
107000220,195,93,102
107000222,262,303,-41
107000224,457,54,403
107000225,136,190,-54
107000226,532,70,462
107000227,93,113,-20
107000228,267,384,-117
107000229,71,134,-63
107000230,850,310,540
107000231,588,1592,-1004
107000232,153,16,137
107000233,391,926,-535
107000234,8,52,-44
107000235,68,13,55
107000236,15,250,-235
107000237,44,0,44
107000238,47,3,44
107000239,1242,386,856
107000240,86,385,-299
107000243,0,46,-46
107000244,3,54,-51
107000246,1,715,-714
107000249,4,879,-875
107000251,3,223,-220
107000252,3,285,-282
107000255,159,102,57
107000257,2,362,-360
107000258,2,139,-137
107000259,3,90,-87
107000260,1525,30,1495
107000262,7,183,-176
107000263,364,6,358
107000266,14,9,5
107000267,21,63,-42
107000268,87,53,34
107000269,70,4,66
107000270,221,62,159
107000271,3,0,3
107000272,138,1,137
107000273,1,92,-91
107000274,270,26,244
107000275,145,889,-744
107000280,1060,22,1038
107000281,16,290,-274
107000282,56,304,-248
107000290,12,46,-34
107000291,33,8,25
107000292,1,285,-284
107000293,29,11,18
107000294,0,60,-60
107000295,25,6,19
107000296,0,7,-7
107000444,204,4,200
107000496,3,1,2
107000497,918,944,-26
107000500,260,149,111
107000501,71,110,-39
107000502,159,163,-4
107000505,192,424,-232
107000506,0,0,0
107000508,2,279,-277
107000509,148,461,-313
107000510,23,22,1
107000514,51,286,-235
107000515,13,108,-95
107000516,513,242,271
107000518,1021,1354,-333
107000519,886,495,391
107000520,55,39,16
107000521,666,186,480
107000522,908,349,559
107900001,91,76,15
107900002,53,18,35
107900003,607,17,590
107900004,9,3,6
107900005,1548,6,1542
107900006,161,4,157
107900007,357,34,323
107900008,59,6,53
107900009,98,10,88
107900010,42,5,37
107900012,208,50,158
107900013,118,13,105
107900014,44,2,42
107900015,992,12,980
107900016,223,101,122
107900017,19,0,19
107900018,63,224,-161
107900019,19,14,5
107900020,42,11,31
107900021,109,47,62
107900023,2,1,1
107900024,0,9,-9
107900025,236,172,64
107900026,62,7,55
107900027,21,40,-19
107900028,127,46,81
107900030,196,44,152
107900031,68,43,25
107900032,5,2,3
107900033,20,4,16
107900034,305,13,292
107900035,1024,31,993
107900036,54,24,30
107900037,0,13,-13
107900038,67,251,-184
107900039,45,27,18
107900040,12,181,-169
107900041,1,0,1
107900043,77,39,38
107900044,29,8,21
107900045,87,33,54
107900046,214,194,20
107900047,65,19,46
107900048,215,10,205
107900049,203,627,-424
107900050,92,127,-35
107900051,69,30,39
107900052,28,41,-13
107900053,42,28,14
107900055,403,194,209
107900056,81,74,7
107900057,4,0,4
107900058,23,348,-325
107900060,26,33,-7
107900061,11,8,3
107900063,106,106,0
107900064,144,232,-88
107900065,278,8,270
107900066,26,6,20
107900067,0,0,0
107900068,101,750,-649
107900069,41,2016,-1975
107900070,141,70,71
107900071,20,323,-303
107900072,146,85,61
107900073,125,34,91
107900074,311,269,42
107900076,147,27,120
107900077,103,5,98
107900079,8,26,-18
107900080,214,668,-454
107900081,83,57,26
107900082,11,7,4
107900083,310,123,187
107900084,89,69,20
107900086,48,151,-103
107900087,314,154,160
107900088,54,21,33
107900089,151,653,-502
107900090,353,1724,-1371
107900091,83,130,-47
107900093,50,35,15
107900095,1605,1809,-204
107900097,30,59,-29
107900098,66,101,-35
107900100,639,1184,-545
107900101,467,63,404
107900102,32,3,29
107900103,37,115,-78
107900104,162,2,160
107900105,16,104,-88
107900106,1,372,-371
107900107,733,413,320
107900108,122,102,20
107900109,1618,44,1574
107900110,74,33,41
107900111,7,273,-266
107900112,84,360,-276
107900113,237,25,212
107900114,318,78,240
107900115,1,23,-22
107900116,174,34,140
107900117,155,97,58
107900118,39,67,-28
107900119,57,208,-151
107900120,18,43,-25
107900121,1,62,-61
107900122,2,61,-59
107900123,3,32,-29
107900124,20,35,-15
107900125,13,157,-144
107900126,17,40,-23
107900127,328,348,-20
107900128,75,52,23
107900129,75,21,54
107900130,92,8,84
107900131,168,466,-298
107900132,62,146,-84
107900133,0,51,-51
107900134,27,103,-76
107900135,6,79,-73
107900136,34,19,15
107900137,74,119,-45
107900138,52,33,19
107900139,74,22,52
107900141,22,30,-8
107900142,41,333,-292
107900143,43,12,31
107900144,0,91,-91
107900145,14,55,-41
107900146,40,91,-51
107900147,21,63,-42
107900148,108,52,56
107900149,366,94,272
107900150,51,244,-193
107900151,30,36,-6
107900152,9,72,-63
107900153,70,221,-151
107900154,63,19,44
107900155,69,58,11
107900156,2,112,-110
107900157,33,33,0
107900158,781,19,762
107900159,18,270,-252
107900160,150,100,50
107900161,71,47,24
107900162,0,40,-40
107900163,10,58,-48
107900164,9,23,-14
107900165,29,148,-119
107900166,29,65,-36
107900167,10,43,-33
107900168,64,19,45
107900169,0,449,-449
107900171,0,359,-359
107900172,1,150,-149
107900173,30,69,-39
107900174,173,2,171
107900175,9,37,-28
107900176,29,19,10
107900177,0,61,-61
107900178,0,88,-88
107900179,9,63,-54
107900180,349,783,-434
107900181,148,121,27
107900182,0,413,-413
107900183,52,73,-21
107900184,74,88,-14
107900185,164,9,155
107900186,24,35,-11
107900187,0,49,-49
107900188,285,121,164
107900189,35,107,-72
107900190,39,180,-141
107900191,43,53,-10
107900193,7,55,-48
107900194,208,17,191
107900195,814,207,607
107900196,52,44,8
107900197,232,306,-74
107900199,0,426,-426
107900201,62,56,6
107900203,42,32,10
107900204,138,157,-19
107900206,737,353,384
107900207,0,222,-222
107900208,15,170,-155
107900209,217,118,99
107900210,44,59,-15
107900213,232,271,-39
107900214,6,35,-29
107900215,81,264,-183
107900216,159,56,103
107900217,27,50,-23
107900218,9,852,-843
107900219,19,30,-11
107900220,86,232,-146
107900221,99,106,-7
107900223,89,218,-129
107900224,57,329,-272
107900225,2,292,-290
107900226,92,58,34
107900227,69,180,-111
107900228,20,75,-55
107900229,0,68,-68
107900230,20,30,-10
107900231,18,87,-69
107900232,80,47,33
107900233,6,66,-60
107900234,108,61,47
107900235,13,71,-58
107900236,215,29,186
107900237,8,145,-137
107900238,28,50,-22
107900239,328,434,-106
107900240,27,43,-16
107900241,15,37,-22
107900242,20,53,-33
107900243,3,65,-62
107900244,333,4,329
107900245,565,17,548
107900246,273,18,255
107900248,228,101,127
107900249,789,48,741
107900250,3,171,-168
107900251,63,448,-385
107900252,745,22,723
107900253,164,10,154
107900254,49,171,-122
107900255,131,106,25
107900256,608,841,-233
107900257,204,105,99
107900258,113,79,34
107900259,57,2108,-2051
107900261,4,119,-115
107900262,23,72,-49
107900264,380,16,364
107900265,112,68,44
107900267,271,7,264
107900268,17,6,11
107900269,0,14,-14
107900270,1,1,0
107900271,5,35,-30
107900272,52,34,18
107900273,70,86,-16
107900274,86,0,86
107900275,29,0,29
107900276,0,52,-52
107900277,0,102,-102
107900278,395,213,182
107900279,56,149,-93
107900280,1688,1381,307
107900281,453,3152,-2699
107900282,24,518,-494
107900283,537,545,-8
107900284,596,295,301
107900285,152,46,106
107900286,56,73,-17
107900287,264,124,140
107900290,0,176,-176
107900291,473,28,445
107900292,83,71,12
107900293,64,158,-94
107900295,45,25,20
107900297,2,192,-190
107900298,430,321,109
107900299,1402,2174,-772
107900301,497,718,-221
107900302,102,20,82
107900303,267,124,143
107900304,328,140,188
107900305,303,14,289
107900306,6,48,-42
107900307,51,229,-178
107900308,198,128,70
107900309,58,0,58
107900310,68,1,67
107900311,2,278,-276
107900312,65,0,65
107900313,1,105,-104
107900314,0,53,-53
107900315,0,81,-81
107900316,25,8,17
107900317,77,13,64
107900318,10,153,-143
107900319,2,60,-58
107900320,1,54,-53
107900321,138,2,136
107900322,0,54,-54
107900323,3,70,-67
107900324,100,6,94
107900325,143,0,143
107900326,380,108,272
107900327,2,101,-99
107900328,61,0,61
107900329,34,91,-57
107900330,2,71,-69
107900331,356,13,343
107900332,436,10,426
107900333,76,38,38
107900334,5,64,-59
107900335,32,22,10
107900336,33,68,-35
107900337,429,818,-389
107900338,1,56,-55
107900339,0,10,-10
107900340,0,64,-64
107900341,50,1,49
107900342,150,90,60
107900343,33,2,31
107900344,12,27,-15
107900345,92,27,65
107900346,17,3,14
107900347,10,8,2
107900348,0,6,-6
107900349,24,13,11
107900350,8,151,-143
107900351,2,77,-75
107900352,6,13,-7
107900353,16,1,15
107900354,8,26,-18
108000001,2863,3123,-260
108000002,1376,1413,-37
108000003,2583,2963,-380
108000004,7505,8116,-611
108000005,5925,5182,743
108000006,4394,4016,378
108000007,3792,3331,461
108000008,2915,3145,-230
108000009,3343,3667,-324
108000010,1893,2384,-491
108000011,9562,9018,544
108000012,8150,7487,663
108000014,506,824,-318
108000015,667,187,480
108000016,237,655,-418
108000017,878,318,560
108000018,1541,467,1074
108000019,953,614,339
108000020,1024,406,618
108000021,213,1072,-859
108000022,285,841,-556
108000023,1088,169,919
108000024,288,309,-21
108000025,274,114,160
108000026,886,206,680
108000027,649,339,310
108000028,878,126,752
108000029,538,432,106
108000030,424,129,295
108000031,135,241,-106
108000032,1684,442,1242
108000033,625,615,10
108000034,1332,313,1019
108000035,508,1181,-673
108000036,297,650,-353
108000037,1621,273,1348
108000038,2382,430,1952
108000039,334,957,-623
108000040,1727,739,988
108000041,575,1294,-719
108000042,322,133,189
108000043,219,108,111
108000044,583,102,481
108000045,317,246,71
108000046,1543,241,1302
108000047,318,468,-150
108000048,75,214,-139
108000049,739,205,534
108000050,81,368,-287
108000051,392,144,248
108000052,135,332,-197
108000053,418,230,188
108000054,313,633,-320
108000055,916,581,335
108000056,848,976,-128
108000057,535,1188,-653
108000058,1490,3015,-1525
108000059,1806,1317,489
108000060,262,548,-286
108000061,206,341,-135
108000062,919,493,426
108000063,371,290,81
108000064,204,151,53
108000065,439,269,170
108000066,1099,604,495
108000067,1755,638,1117
108000068,745,316,429
108000069,183,470,-287
108000070,1746,582,1164
108000071,517,787,-270
108000072,1608,700,908
108000073,857,871,-14
108000074,700,330,370
108000075,221,418,-197
108000076,603,441,162
108000077,484,398,86
108000078,2154,839,1315
108000079,570,667,-97
108000080,1320,403,917
108000081,534,679,-145
108000082,673,1070,-397
108000083,1555,894,661
108000084,346,648,-302
108000085,778,443,335
108000086,445,399,46
108000087,136,1865,-1729
108000088,635,174,461
108000089,241,285,-44
108000091,236,267,-31
108000092,159,112,47
108000093,168,197,-29
108000094,509,85,424
108000095,194,151,43
108000096,295,131,164
108000097,145,176,-31
108000098,1687,752,935
108000099,795,207,588
108000100,187,420,-233
108000101,1080,1175,-95
108000102,1434,2871,-1437
108000106,663,1,662
108000107,1,455,-454
108000108,525,33,492
108000109,6,451,-445
108000110,283,230,53
108000111,129,270,-141
108000112,67,125,-58
108000113,281,170,111
108000115,222,208,14
108000117,395,280,115
108000118,400,1770,-1370
108000119,352,206,146
108000120,135,690,-555
108000121,121,248,-127
108000122,682,291,391
108000123,601,78,523
108000124,279,284,-5
108000125,477,110,367
108000126,160,187,-27
108000127,463,153,310
108000128,664,183,481
108000129,403,435,-32
108000130,554,118,436
108000131,830,506,324
108000132,1037,673,364
108000133,926,464,462
108000134,360,274,86
108000135,1047,423,624
108000136,238,396,-158
108000137,563,138,425
108000138,418,430,-12
108000139,468,153,315
108000140,154,16,138
108000141,49,26,23
108000142,54,47,7
108000143,66,187,-121
108000144,503,39,464
108000145,44,6,38
108000146,927,44,883
108000147,59,10,49
108000148,618,66,552
108000149,29,12,17
108000150,52,8,44
108000151,59,28,31
108000152,96,162,-66
108000153,647,101,546
108000154,29,3,26
108000155,50,16,34
108000156,491,288,203
108000157,216,1306,-1090
108000158,53,773,-720
108000159,267,190,77
108000160,1359,985,374
108000161,982,2387,-1405
108000165,8,208,-200
108000172,3,213,-210
108000173,651,1622,-971
108000175,734,117,617
108000178,267,225,42
108000179,146,697,-551
108000181,52,19,33
108000182,160,66,94
108000183,11,218,-207
108000184,547,2126,-1579
108000185,154,210,-56
108000186,347,183,164
108000187,207,232,-25
108000188,603,135,468
108000189,918,8678,-7760
108000190,21,73,-52
108000192,163,257,-94
108000193,263,9,254
108000194,26,9,17
108000195,1,529,-528
108000196,138,80,58
108000198,622,136,486
108000199,0,291,-291
108000200,337,197,140
108000203,124,223,-99
108000204,157,75,82
108000205,153,213,-60
108000339,601,353,248
108000364,183,527,-344
108000365,38,180,-142
108000367,145,172,-27
108000368,4,50,-46
108000369,422,198,224
108000371,13,472,-459
108000372,602,6,596
108000373,187,58,129
108000376,88,37,51
108000377,507,150,357
108000378,6571,8566,-1995
108000379,14,142,-128
108000381,88,6,82
108000382,80,1,79
108000383,1,243,-242
108900001,83,373,-290
108900002,145,59,86
108900003,227,362,-135
108900004,454,406,48
108900007,283,129,154
108900008,126,74,52
108900009,93,91,2
108900010,240,100,140
108900011,645,247,398
108900012,429,343,86
108900013,188,178,10
108900014,13,70,-57
108900015,1,181,-180
108900016,1,202,-201
108900017,212,325,-113
108900018,154,199,-45
108900019,33,216,-183
108900020,31,97,-66
108900021,149,104,45
108900022,103,14,89
108900023,0,15,-15
108900024,51,43,8
108900025,206,56,150
108900026,23,50,-27
108900027,1,31,-30
108900028,93,130,-37
108900029,55,126,-71
108900030,0,31,-31
108900031,119,122,-3
108900032,10,107,-97
108900033,0,59,-59
108900034,0,130,-130
108900035,239,507,-268
108900038,1,123,-122
108900039,1,227,-226
108900040,10,53,-43
108900041,2527,2713,-186
108900042,14,363,-349
108900043,68,278,-210
108900044,0,143,-143
108900045,105,187,-82
108900046,26,308,-282
108900047,2,112,-110
108900048,89,343,-254
108900049,960,1437,-477
108900050,1,80,-79
108900051,1,75,-74
108900052,31,79,-48
108900053,50,201,-151
108900054,37,132,-95
108900055,27,254,-227
108900056,4,45,-41
108900057,0,63,-63
108900058,29,143,-114
108900059,587,61,526
108900060,107,149,-42
108900061,65,21,44
108900062,1,90,-89
108900063,8,116,-108
108900064,312,18,294
108900065,9,81,-72
108900066,465,140,325
108900067,4,106,-102
108900068,3,69,-66
108900069,69,30,39
108900070,22,59,-37
108900071,84,57,27
108900072,1096,368,728
108900073,34,110,-76
108900074,235,108,127
108900075,26,33,-7
108900076,414,35,379
108900077,81,220,-139
108900078,38,56,-18
108900079,377,146,231
108900080,22,585,-563
108900081,18,160,-142
108900082,107,67,40
108900083,22,181,-159
108900085,958,133,825
108900086,150,82,68
108900087,55,135,-80
108900088,767,392,375
108900089,34,154,-120
108900090,94,93,1
108900091,86,49,37
108900092,436,243,193
108900093,123,124,-1
108900094,177,62,115
108900095,24,152,-128
108900096,182,11,171
108900097,241,100,141
108900098,985,793,192
108900099,403,94,309
108900100,83,59,24
108900101,160,232,-72
108900102,66,1065,-999
108900103,86,118,-32
108900105,7,1376,-1369
108900106,492,122,370
108900108,211,16,195
108900109,518,73,445
108900110,230,156,74
108900111,458,194,264
108900113,35,77,-42
108900114,69,7,62
108900115,140,87,53
108900116,43,25,18
108900117,215,8,207
108900118,749,31,718
108900119,344,18,326
108900120,322,163,159
108900121,191,113,78
108900122,167,19,148
108900123,122,124,-2
108900124,597,252,345
108900125,531,1,530
108900126,185,23,162
108900127,206,31,175
108900128,187,36,151
108900129,694,160,534
108900130,404,4,400
108900131,390,7,383
108900132,522,81,441
108900133,303,39,264
108900134,522,156,366
108900135,216,12,204
108900136,31,2,29
108900137,194,2,192
108900138,881,59,822
108900140,408,134,274
108900141,342,9,333
108900142,87,7,80
108900143,119,3,116
108900144,143,1,142
108900145,315,19,296
108900146,77,1,76
108900147,286,1,285
108900148,61,12,49
108900150,221,6,215
108900151,75,5,70
108900152,193,9,184
108900153,226,164,62
108900154,3817,396,3421
108900156,78,4,74
108900157,18,213,-195
108900158,473,19,454
108900159,4,77,-73
108900160,13,143,-130
108900161,12,137,-125
108900162,156,0,156
108900163,7,261,-254
108900164,62,57,5
108900168,3435,2274,1161
108900169,45,69,-24
108900171,1888,2412,-524
108900172,124,35,89
108900173,102,241,-139
108900174,985,407,578
108900176,85,189,-104
108900177,2098,5187,-3089
108900178,1823,3198,-1375
108900180,112,256,-144
108900183,140,125,15
108900184,404,208,196
108900185,80,182,-102
108900186,39,196,-157
108900189,314,100,214
108900190,97,1022,-925
108900192,81,115,-34
108900195,62,65,-3
108900196,52,196,-144
108900199,174,258,-84
108900200,509,260,249
108900201,438,785,-347
108900203,397,140,257
108900204,303,32,271
108900205,187,40,147
108900206,276,33,243
108900207,176,112,64
108900208,12,224,-212
108900209,125,317,-192
108900210,163,172,-9
108900211,165,548,-383
108900212,289,1355,-1066
108900215,68,214,-146
108900216,263,282,-19
108900217,67,2,65
108900218,54,4,50
108900221,38,113,-75
108900224,27,135,-108
108900225,2,138,-136
108900227,94,374,-280
108900230,120,129,-9
108900232,2,111,-109
108900233,321,79,242
108900234,255,102,153
108900235,142,277,-135
108900236,25,113,-88
108900240,92,71,21
108900241,36,51,-15
108900245,6,980,-974
108900250,180,85,95
108900258,12,116,-104
108900259,30,46,-16
108900260,15,53,-38
108900261,44,73,-29
108900262,78,125,-47
108900263,16,98,-82
108900264,333,241,92
108900265,555,454,101
108900266,363,851,-488
108900267,0,182,-182
108900268,6,10,-4
108900269,100,22,78
108900270,131,11,120
108900271,64,13,51
108900272,238,14,224
108900273,408,761,-353
108900274,50,38,12
109000001,1839,1589,250
109000002,776,1584,-808
109000003,2394,338,2056
109000004,413,1288,-875
109000005,2044,542,1502
109000006,651,1393,-742
109000007,1449,462,987
109000008,441,1179,-738
109000009,2629,1063,1566
109000010,846,2282,-1436
109000011,3096,1539,1557
109000012,1418,1833,-415
109000013,3681,2860,821
109000014,1528,1527,1
109000015,3033,7366,-4333
109000016,3718,1663,2055
109000017,2333,987,1346
109000018,827,1490,-663
109000019,2172,1159,1013
109000020,741,1241,-500
109000023,177,17,160
109000024,7,170,-163
109000025,288,502,-214
109000026,500,264,236
109000027,86,298,-212
109000028,109,46,63
109000029,92,164,-72
109000030,58,355,-297
109000031,200,165,35
109000032,127,303,-176
109000033,319,142,177
109000034,54,51,3
109000035,22,25,-3
109000036,60,233,-173
109000037,272,1548,-1276
109000038,342,244,98
109000039,822,775,47
109000040,2611,8982,-6371
109000041,1424,1841,-417
109000042,375,1051,-676
109000044,333,59,274
109000045,115,257,-142
109000046,321,59,262
109000047,50,343,-293
109000048,444,223,221
109000049,131,382,-251
109000050,334,204,130
109000051,178,122,56
109000052,426,366,60
109000053,200,70,130
109000054,331,288,43
109000055,263,475,-212
109000056,261,202,59
109000057,749,340,409
109000058,544,144,400
109000059,376,1228,-852
109000060,224,349,-125
109000061,419,781,-362
109000062,144,347,-203
109000063,141,77,64
109000064,279,119,160
109000065,153,110,43
109000066,316,40,276
109000067,42,140,-98
109000068,751,5,746
109000069,541,20,521
109000070,25,1351,-1326
109000071,337,61,276
109000072,78,230,-152
109000073,89,71,18
109000074,26,109,-83
109000075,59,222,-163
109000076,113,242,-129
109000077,222,132,90
109000078,95,132,-37
109000079,145,89,56
109000080,282,115,167
109000081,117,211,-94
109000082,754,128,626
109000083,268,349,-81
109000088,125,310,-185
109000089,236,60,176
109000090,117,274,-157
109000091,394,169,225
109000092,242,263,-21
109000093,322,158,164
109000094,658,8,650
109000095,99,224,-125
109000096,676,243,433
109000097,117,105,12
109000098,78,111,-33
109000099,574,183,391
109000100,282,425,-143
109000101,1451,339,1112
109000102,300,419,-119
109000103,391,423,-32
109000104,1749,352,1397
109000105,327,538,-211
109000106,1623,493,1130
109000107,499,1020,-521
109000108,1728,411,1317
109000109,392,876,-484
109000110,1052,368,684
109000111,591,992,-401
109000112,247,83,164
109000113,254,86,168
109000114,97,245,-148
109000115,849,48,801
109000116,7,193,-186
109000117,289,37,252
109000118,9,205,-196
109000119,1306,133,1173
109000120,199,307,-108
109000121,578,27,551
109000122,149,270,-121
109000123,52,47,5
109000124,614,283,331
109000125,767,199,568
109000126,361,273,88
109000127,1025,130,895
109000128,529,521,8
109000129,2337,649,1688
109000130,383,724,-341
109000131,857,687,170
109000132,532,847,-315
109000133,271,470,-199
109000134,464,700,-236
109000135,578,1019,-441
109000136,222,179,43
109000137,248,267,-19
109000138,411,141,270
109000139,430,261,169
109000140,129,148,-19
109000141,475,269,206
109000142,109,375,-266
109000143,133,57,76
109000145,134,343,-209
109000146,48,39,9
109000148,1470,1304,166
109000149,26,103,-77
109000150,125,212,-87
109000155,840,485,355
109000156,696,311,385
109000158,66,144,-78
109000159,76,258,-182
109000160,974,138,836
109000161,353,529,-176
109000162,1627,451,1176
109000163,995,968,27
109000164,1167,1621,-454
109000165,1208,393,815
109000166,730,85,645
109000167,116,251,-135
109000170,65,39,26
109000171,71,58,13
109000172,26,68,-42
109000173,23,112,-89
109000174,145,57,88
109000175,59,42,17
109000176,319,155,164
109000177,35,68,-33
109000178,830,194,636
109000179,2190,4211,-2021
109000180,2381,2308,73
109000181,31,22,9
109000182,49,19,30
109000183,35,11,24
109000184,46,18,28
109000185,17,9,8
109000188,408,795,-387
109000189,1936,466,1470
109000190,694,265,429
109000191,332,247,85
109000192,449,158,291
109000193,156,125,31
109000194,275,48,227
109000195,125,142,-17
109000196,242,86,156
109000197,205,218,-13
109000198,328,56,272
109000199,99,233,-134
109000206,167,30,137
109000207,101,44,57
109000208,102,88,14
109000209,138,75,63
109000210,130,350,-220
109000211,599,308,291
109000214,401,197,204
109000215,113,53,60
109000216,258,257,1
109000217,145,133,12
109000218,333,198,135
109000221,391,690,-299
109000222,749,221,528
109000223,324,293,31
109000224,42,59,-17
109000225,127,25,102
109000226,71,100,-29
109000227,1171,470,701
109000228,6,1857,-1851
109000231,2,130,-128
109000232,451,152,299
109000236,243,393,-150
109000241,1783,1308,475
109000242,1532,793,739
109000293,12,69,-57
109000361,124,221,-97
109000364,105,278,-173
109000396,1,260,-259
109000397,644,12,632
109000399,172,278,-106
109000400,68,135,-67
109000403,52,738,-686
109000406,494,71,423
109000407,277,125,152
109000408,0,256,-256
109000410,813,153,660
109000411,231,18,213
109900001,140,0,140
109900002,852,12,840
109900003,295,2,293
109900004,519,70,449
109900005,47,1,46
109900006,420,82,338
109900007,1056,258,798
109900008,0,28,-28
109900009,120,178,-58
109900010,525,19,506
109900011,64,54,10
109900012,228,143,85
109900013,301,142,159
109900014,382,42,340
109900015,256,180,76
109900016,154,9,145
109900017,151,201,-50
109900018,191,27,164
109900019,271,30,241
109900020,73,56,17
109900021,16,8,8
109900022,123,114,9
109900023,24,2,22
109900024,24,4,20
109900025,8,42,-34
109900026,1,141,-140
109900027,42,56,-14
109900028,476,1332,-856
109900029,7,129,-122
109900030,59,12,47
109900031,1,157,-156
109900032,10,178,-168
109900033,2,332,-330
109900034,56,2,54
109900035,16,21,-5
109900036,38,40,-2
109900037,31,262,-231
109900038,104,158,-54
109900039,22,1,21
109900040,31,269,-238
109900041,35,209,-174
109900042,43,470,-427
109900044,105,142,-37
109900045,163,125,38
109900046,102,58,44
109900047,164,223,-59
109900048,1,58,-57
109900049,18,29,-11
109900050,1,67,-66
109900051,2,15,-13
109900052,52,143,-91
109900053,0,100,-100
109900054,674,138,536
109900055,61,139,-78
109900056,53,246,-193
109900057,2,67,-65
109900058,0,63,-63
109900059,783,109,674
109900060,549,83,466
109900061,40,93,-53
109900062,1,80,-79
109900063,4,258,-254
109900064,587,170,417
109900065,58,91,-33
109900066,253,327,-74
109900067,0,76,-76
109900068,51,5,46
109900069,5,34,-29
109900070,26,145,-119
109900071,1,23,-22
109900072,5,88,-83
109900073,430,184,246
109900074,12,28,-16
109900075,16,21,-5
109900076,32,132,-100
109900077,31,36,-5
109900078,77,126,-49
109900080,96,138,-42
109900081,13,198,-185
109900082,45,136,-91
109900083,18,43,-25
109900084,57,88,-31
109900085,124,250,-126
109900086,138,423,-285
109900087,169,292,-123
109900089,607,208,399
109900090,354,565,-211
109900091,347,63,284
109900092,416,32,384
109900093,1100,137,963
109900094,96,77,19
109900095,83,119,-36
109900096,56,8,48
109900097,116,2,114
109900098,494,30,464
109900099,289,8,281
109900100,99,1,98
109900101,532,7,525
109900102,392,20,372
109900103,53,34,19
109900104,759,232,527
109900105,480,17,463
109900106,273,27,246
109900107,446,36,410
109900108,112,80,32
109900109,31,57,-26
109900110,64,146,-82
109900111,175,324,-149
109900112,145,291,-146
109900113,655,544,111
109900114,880,1142,-262
109900115,173,56,117
109900117,939,55,884
109900118,104,277,-173
109900119,351,221,130
109900120,118,23,95
109900121,226,413,-187
109900122,415,8,407
109900123,22,80,-58
109900124,24,199,-175
109900125,0,100,-100
109900126,324,36,288
109900128,311,23,288
109900130,2690,2619,71
109900131,41,102,-61
109900132,31,95,-64
109900133,109,193,-84
109900134,51,79,-28
109900135,152,42,110
109900136,41,87,-46
109900137,126,133,-7
109900140,156,73,83
109900142,1185,208,977
109900145,4,398,-394
109900146,272,40,232
109900148,35,69,-34
109900149,41,49,-8
109900150,11,45,-34
109900151,15,26,-11
109900152,1,14,-13
109900153,0,65,-65
109900154,53,0,53
109900155,65,27,38
109900157,45,145,-100
109900158,29,88,-59
109900159,146,33,113
109900160,157,47,110
109900161,187,84,103
109900162,216,133,83
109900163,293,195,98
109900164,44,165,-121
109900165,313,6,307
109900166,1,87,-86
109900167,118,215,-97
109900168,173,332,-159
109900169,192,70,122
109900170,227,835,-608
109900171,217,80,137
109900172,183,236,-53
109900173,1111,2090,-979
109900174,64,85,-21
109900175,77,44,33
109900176,77,75,2
109900177,36,86,-50
109900178,8,133,-125
109900179,16,13,3
109900180,9,13,-4
110000001,503,349,154
110000002,438,589,-151
110000003,561,571,-10
110000004,338,584,-246
110000005,276,1429,-1153
110000006,239,289,-50
110000007,109,64,45
110000008,21,48,-27
110000009,18,11,7
110000010,26,61,-35
110000011,14,26,-12
110000012,407,215,192
110000013,29,484,-455
110000014,357,272,85
110000015,172,429,-257
110000016,171,1296,-1125
110000017,1489,192,1297
110000018,1363,214,1149
110000019,3,62,-59
110000020,490,147,343
110000021,228,289,-61
110000022,516,106,410
110000023,10,104,-94
110000024,397,259,138
110000025,472,24,448
110000026,25,197,-172
110000027,825,957,-132
110000028,815,466,349
110000029,374,397,-23
110000030,241,218,23
110000031,195,208,-13
110000032,613,262,351
110000033,212,106,106
110000034,398,392,6
110000035,500,310,190
110000036,807,310,497
110000037,159,235,-76
110000038,220,421,-201
110000039,616,2627,-2011
110000040,185,143,42
110000041,292,1329,-1037
110000042,73,212,-139
110000043,478,196,282
110000044,21,336,-315
110000045,167,47,120
110000046,3,26,-23
110000047,9,38,-29
110000048,2,11,-9
110000049,15,8,7
110000050,2,22,-20
110000051,37,8,29
110000052,31,23,8
110000053,23,6,17
110000054,57,248,-191
110000055,170,82,88
110000056,45,56,-11
110000057,305,384,-79
110000058,642,269,373
110000059,711,358,353
110000060,1083,869,214
110000061,431,439,-8
110000062,532,684,-152
110000063,46,142,-96
110000064,44,25,19
110000065,78,82,-4
110000066,87,30,57
110000067,52,78,-26
110000068,241,81,160
110000069,310,53,257
110000071,241,40,201
110000073,13,6,7
110000075,5,60,-55
110000076,206,274,-68
110000077,231,792,-561
110000078,61,18,43
110000080,207,336,-129
110000081,43,161,-118
110000082,43,295,-252
110000083,191,378,-187
110000084,1140,705,435
110000085,722,1065,-343
110000086,836,1756,-920
110000087,10,41,-31
110000088,139,135,4
110000089,247,72,175
110000090,257,160,97
110000091,597,133,464
110000092,18,41,-23
110000093,37,17,20
110000094,366,127,239
110000095,97,494,-397
110000096,1162,1635,-473
110000097,884,1168,-284
110000098,1433,544,889
110000099,568,1092,-524
110000100,903,244,659
110000101,29,147,-118
110000102,80,59,21
110000104,435,171,264
110000105,65,240,-175
110000106,536,536,0
110000107,175,234,-59
110000108,126,75,51
110000109,178,183,-5
110000110,1164,3090,-1926
110000111,2471,2470,1
110000112,395,1068,-673
110000113,120,1982,-1862
110000114,229,514,-285
110000115,333,236,97
110000116,46,45,1
110000117,202,171,31
110000118,374,101,273
110000119,306,181,125
110000120,255,132,123
110000121,78,265,-187
110000122,272,364,-92
110000123,639,536,103
110000124,1,601,-600
110000125,757,12,745
110000126,255,19,236
110000127,1008,63,945
110000128,29,621,-592
110000129,3,320,-317
110000130,330,161,169
110000131,82,311,-229
110000132,0,354,-354
110000133,32,349,-317
110000134,17,310,-293
110000135,135,30,105
110000136,35,265,-230
110000137,444,302,142
110000138,673,420,253
110000139,781,482,299
110000140,760,722,38
110000143,388,319,69
110000144,3052,1895,1157
110000145,1568,1160,408
110000146,1198,472,726
110000147,392,461,-69
110000148,422,123,299
110000151,561,974,-413
110000152,596,410,186
110000153,149,15,134
110000154,11,37,-26
110000155,676,2842,-2166
110000156,982,2088,-1106
110000157,1390,1831,-441
110000160,293,194,99
110000161,133,142,-9
110000166,509,67,442
110000167,706,474,232
110000168,853,493,360
110000169,751,285,466
110000170,160,40,120
110000171,501,87,414
110000172,161,419,-258
110000173,663,587,76
110000174,128,426,-298
110000175,685,45,640
110000176,276,341,-65
110000177,156,736,-580
110000178,379,1453,-1074
110000179,747,216,531
110000180,183,149,34
110000181,502,286,216
110000182,262,64,198
110000183,3920,5218,-1298
110000184,253,1800,-1547
110000185,402,496,-94
110000186,438,542,-104
110000191,1195,158,1037
110000192,703,15,688
110000193,1160,13,1147
110000194,7,468,-461
110000195,427,193,234
110000196,323,126,197
110000197,92,86,6
110000198,68,40,28
110000199,50,105,-55
110000200,803,377,426
110000201,889,980,-91
110000202,944,474,470
110000203,495,413,82
110000204,7,117,-110
110000205,163,35,128
110000206,518,606,-88
110000207,1169,207,962
110000208,149,169,-20
110000209,101,466,-365
110000210,1171,272,899
110000211,738,398,340
110000212,361,787,-426
110000213,341,40,301
110000214,300,34,266
110000215,226,117,109
110000216,108,113,-5
110000217,413,79,334
110000218,181,126,55
110000219,362,37,325
110000220,68,100,-32
110000221,424,30,394
110000222,75,141,-66
110000223,5,119,-114
110000224,7,2,5
110000225,216,524,-308
110000226,261,60,201
110000227,622,577,45
110000228,223,60,163
110000229,1,134,-133
110000230,417,300,117
110000231,224,163,61
110000232,188,127,61
110000233,171,111,60
110000234,332,576,-244
110000235,619,697,-78
110000236,498,325,173
110000237,1576,919,657
110000238,838,895,-57
110000239,1727,765,962
110000240,2,46,-44
110000242,1,17,-16
110000243,148,52,96
110000244,129,220,-91
110000245,26,256,-230
110000246,692,347,345
110000247,743,2328,-1585
110000248,936,863,73
110000249,70,6,64
110000250,43,112,-69
110000251,305,219,86
110000252,281,108,173
110000253,1157,389,768
110000254,400,492,-92
110000255,108,456,-348
110000256,382,204,178
110000257,357,229,128
110000258,7,221,-214
110000259,129,10,119
110000260,32,124,-92
110000263,290,57,233
110000264,338,181,157
110000265,841,1269,-428
110000266,920,1644,-724
110000267,26,113,-87
110000268,225,285,-60
110000269,5,51,-46
110000270,56,3,53
110000271,760,176,584
110000272,918,698,220
110000273,1216,862,354
110000274,217,1425,-1208
110000275,919,393,526
110000276,315,237,78
110000277,322,219,103
110000278,333,445,-112
110000279,666,501,165
110000280,408,271,137
110000281,88,154,-66
110000282,118,7,111
110000283,27,59,-32
110000284,13,22,-9
110000285,3,336,-333
110000286,8,0,8
110000287,80,1,79
110000288,10,36,-26
110000289,460,1693,-1233
110000290,544,447,97
110000291,2246,911,1335
110000292,918,3686,-2768
110000293,570,360,210
110000294,1074,785,289
110000295,71,441,-370
110000296,384,194,190
110000297,1618,269,1349
110000298,129,350,-221
110000299,115,74,41
110000301,246,22,224
110000302,350,534,-184
110000303,516,10,506
110000304,156,162,-6
110000305,1065,13,1052
110000306,88,528,-440
110000307,1442,4,1438
110000308,383,20,363
110000309,5,359,-354
110000310,574,32,542
110000311,11,362,-351
110000312,334,82,252
110000313,1275,1715,-440
110000314,0,116,-116
110000315,1654,1709,-55
110000316,376,834,-458
110000317,127,580,-453
110000318,2,44,-42
110000319,23,10,13
110000320,45,23,22
110000321,11,16,-5
110000322,243,144,99
110000323,366,108,258
110000324,1932,1228,704
110000325,1506,2584,-1078
110000327,220,197,23
110000328,135,259,-124
110000333,885,625,260
110000334,539,781,-242
110000335,572,280,292
110000336,634,574,60
110000337,1544,410,1134
110000338,464,156,308
110000339,274,127,147
110000340,202,95,107
110000341,408,298,110
110000342,75,1,74
110000343,0,6,-6
110000344,187,94,93
110000345,309,146,163
110000346,1317,1206,111
110000347,952,544,408
110000348,7,14,-7
110000349,4,6,-2
110000350,46,5,41
110000351,916,522,394
110000352,647,1199,-552
110000353,1566,389,1177
110000354,676,2448,-1772
110000355,109,51,58
110000356,533,11,522
110000357,330,25,305
110000361,17,23,-6
110000362,82,6,76
110000363,601,48,553
110000364,195,142,53
110000365,109,3,106
110000366,1,85,-84
110000367,223,94,129
110000368,1,42,-41
110000369,74,1,73
110000373,2,172,-170
110000374,110,14,96
110000375,110,774,-664
110000376,35,77,-42
110000377,67,260,-193
110000378,17,309,-292
110000379,1656,1676,-20
110000380,31,6,25
110000383,0,1011,-1011
110000384,638,790,-152
110000385,0,120,-120
110000387,68,7,61
110000388,33,107,-74
110000389,825,88,737
110000391,819,163,656
110000396,166,60,106
110000397,136,73,63
110000398,7,23,-16
110000399,105,2,103
110000587,106,69,37
110000589,221,106,115
110000640,191,40,151
110000652,9,148,-139
110000653,294,171,123
110000654,36,737,-701
110000656,2,206,-204
110000674,14,13,1
110000675,10,20,-10
110000676,1,35,-34
110000679,153,997,-844
110000682,73,151,-78
110000683,146,280,-134
110000684,2,19,-17
110000685,6,7,-1
110000686,0,27,-27
110000687,9,2,7
110000688,37,1057,-1020
110000689,32,17,15
110000692,13,99,-86
110000693,22,205,-183
110000694,2,107,-105
110000695,220,335,-115
110000696,33,41,-8
110900001,241,25,216
110900002,361,181,180
110900003,788,167,621
110900004,418,71,347
110900005,1079,2270,-1191
110900006,60,18,42
110900007,110,47,63
110900008,6,34,-28
110900009,333,167,166
110900010,19,39,-20
110900011,21,54,-33
110900012,20,45,-25
110900013,775,97,678
110900014,308,18,290
110900015,280,514,-234
110900016,53,57,-4
110900017,400,37,363
110900018,287,50,237
110900019,279,9,270
110900020,108,84,24
110900021,85,187,-102
110900022,90,135,-45
110900023,46,336,-290
110900024,31,130,-99
110900025,6,39,-33
110900027,30,133,-103
110900028,24,76,-52
110900029,9,113,-104
110900030,40,120,-80
110900031,1,89,-88
110900032,2,33,-31
110900033,25,90,-65
110900035,15,403,-388
110900036,98,8,90
110900037,82,16,66
110900038,388,141,247
110900039,8,182,-174
110900040,206,30,176
110900041,20,35,-15
110900042,111,59,52
110900043,2,27,-25
110900044,208,16,192
110900045,42,136,-94
110900046,13,96,-83
110900047,240,363,-123
110900049,76,87,-11
110900050,51,5,46
110900051,56,109,-53
110900052,7,136,-129
110900053,136,12,124
110900054,44,96,-52
110900055,24,3,21
110900056,52,96,-44
110900057,2,80,-78
110900058,237,87,150
110900059,368,204,164
110900060,414,119,295
110900061,10,42,-32
110900062,211,97,114
110900063,23,58,-35
110900064,19,0,19
110900065,143,111,32
110900066,6,50,-44
110900067,149,494,-345
110900068,169,141,28
110900069,8,21,-13
110900070,115,57,58
110900071,190,530,-340
110900073,1,14,-13
110900074,461,74,387
110900075,363,52,311
110900077,932,317,615
110900078,70,22,48
110900079,1399,1227,172
110900080,155,41,114
110900081,7,21,-14
110900082,92,53,39
110900083,124,52,72
110900084,67,23,44
110900085,48,174,-126
110900086,66,276,-210
110900087,290,66,224
110900088,6,1,5
110900090,32,55,-23
110900091,3,31,-28
110900093,226,69,157
110900095,64,15,49
110900097,18,16,2
110900098,11,49,-38
110900099,15,200,-185
110900100,2,11,-9
110900102,82,5,77
110900105,677,104,573
110900108,21,28,-7
110900111,314,107,207
110900112,667,21,646
110900113,247,35,212
110900115,7,29,-22
110900116,836,628,208
110900118,53,2954,-2901
110900119,1206,158,1048
110900120,26,38,-12
110900121,123,3,120
110900122,346,165,181
110900125,362,349,13
110900127,482,1240,-758
110900128,357,517,-160
110900129,203,838,-635
110900130,448,581,-133
110900131,231,43,188
110900132,423,64,359
110900133,84,90,-6
110900135,51,108,-57
110900136,448,21,427
110900138,0,0,0
110900139,11,0,11
110900140,0,0,0
110900141,308,423,-115
110900142,59,101,-42
110900143,154,75,79
110900144,0,284,-284
110900145,186,83,103
110900146,243,220,23
110900147,64,216,-152
110900148,0,130,-130
110900149,1,61,-60
110900150,33,21,12
110900151,2,42,-40
110900152,30,113,-83
110900153,128,63,65
111000001,601,353,248
111000002,515,309,206
111000003,1410,635,775
111000004,405,620,-215
111000005,1119,1055,64
111000006,652,1215,-563
111000007,3090,2507,583
111000008,1307,2067,-760
111000009,296,392,-96
111000010,786,180,606
111000011,158,667,-509
111000012,436,257,179
111000013,297,856,-559
111000014,1193,481,712
111000017,156,723,-567
111000018,174,343,-169
111000020,770,1140,-370
111000021,55,56,-1
111000023,78,56,22
111000025,3278,2959,319
111000029,50,107,-57
111000030,36,115,-79
111000031,1458,803,655
111000032,410,272,138
111000033,153,206,-53
111000034,76,211,-135
111000037,839,425,414
111000038,1695,858,837
111000039,1257,1177,80
111000040,1309,1326,-17
111000041,759,802,-43
111000042,1412,1419,-7
111000043,1403,3206,-1803
111000044,1303,988,315
111000045,1315,1340,-25
111000046,1527,1575,-48
111000047,2293,3733,-1440
111000049,328,308,20
111000050,715,486,229
111000051,445,616,-171
111000052,537,996,-459
111000053,296,500,-204
111000054,266,499,-233
111000055,785,1001,-216
111000056,156,240,-84
111000057,75,278,-203
111000058,507,55,452
111000059,548,208,340
111000060,3331,707,2624
111000061,544,228,316
111000062,727,289,438
111000063,1460,801,659
111000064,727,456,271
111000065,1145,713,432
111000066,560,274,286
111000067,513,322,191
111000068,480,592,-112
111000069,1012,987,25
111000070,621,544,77
111000071,180,350,-170
111000072,1380,480,900
111000073,282,1148,-866
111000074,1293,1300,-7
111000075,870,517,353
111000076,496,522,-26
111000077,1043,850,193
111000078,2101,982,1119
111000079,834,439,395
111000080,420,423,-3
111000081,1096,2991,-1895
111000082,714,465,249
111000084,594,285,309
111000085,732,769,-37
111000086,1438,643,795
111000087,547,312,235
111000088,2798,2139,659
111000089,569,463,106
111000090,515,850,-335
111000091,576,254,322
111000092,1269,546,723
111000093,707,939,-232
111000094,1453,773,680
111000095,636,1704,-1068
111000096,799,5802,-5003
111000097,3140,1203,1937
111000098,655,648,7
111000099,391,906,-515
111000100,388,664,-276
111000101,244,443,-199
111000102,232,287,-55
111000104,644,115,529
111000107,109,409,-300
111000109,516,164,352
111000110,1204,439,765
111000111,2378,296,2082
111000112,1853,486,1367
111000113,797,1460,-663
111000114,1487,3126,-1639
111000115,2627,856,1771
111000116,843,669,174
111000117,337,682,-345
111000118,936,460,476
111000119,1096,560,536
111000120,530,439,91
111000121,313,582,-269
111000122,507,701,-194
111000123,887,1303,-416
111000124,373,1103,-730
111000125,244,619,-375
111000126,88,394,-306
111000127,1032,122,910
111000128,2091,256,1835
111000129,2687,364,2323
111000130,2123,364,1759
111000131,1909,457,1452
111000132,1598,735,863
111000133,185,89,96
111000134,125,68,57
111000135,78,113,-35
111000136,344,231,113
111000138,12,5,7
111000140,1,2,-1
111000141,119,353,-234
111000142,12,222,-210
111000143,3,318,-315
111000144,49,1631,-1582
111000145,183,8,175
111000146,98,15,83
111000147,103,25,78
111000148,131,54,77
111000149,2,14,-12
111000150,34,3,31
111000151,4,24,-20
111000153,341,544,-203
111000154,413,201,212
111000155,54,116,-62
111000156,481,402,79
111000157,177,634,-457
111000158,457,528,-71
111000159,2451,703,1748
111000160,447,380,67
111000161,12,360,-348
111000162,26,131,-105
111000163,672,424,248
111000164,461,1799,-1338
111000165,578,275,303
111000166,669,187,482
111000167,130,212,-82
111000168,209,321,-112
111000169,266,463,-197
111000170,209,276,-67
111000171,387,310,77
111000172,147,223,-76
111000173,306,411,-105
111000174,198,150,48
111000175,38,165,-127
111000176,332,71,261
111000177,443,101,342
111000178,1336,170,1166
111000179,371,87,284
111000180,282,383,-101
111000181,1384,166,1218
111000182,192,157,35
111000183,285,244,41
111000184,310,183,127
111000185,301,239,62
111000186,291,142,149
111000187,136,115,21
111000188,256,219,37
111000189,499,294,205
111000190,159,186,-27
111000191,144,180,-36
111000192,112,233,-121
111000193,279,149,130
111000194,73,164,-91
111000195,145,157,-12
111000196,69,89,-20
111000197,464,91,373
111000198,521,50,471
111000199,279,110,169
111000200,469,264,205
111000201,750,136,614
111000202,232,152,80
111000203,382,309,73
111000204,282,1317,-1035
111000213,166,345,-179
111000214,1160,745,415
111000215,1027,706,321
111000217,1501,694,807
111000218,959,843,116
111000219,583,383,200
111000220,610,390,220
111000221,386,60,326
111000224,32,164,-132
111000225,321,220,101
111000226,80,6,74
111000227,27,4,23
111000228,13,387,-374
111000229,40,860,-820
111000230,165,135,30
111000231,891,336,555
111000232,501,476,25
111000233,988,376,612
111000234,192,390,-198
111000239,50,65,-15
111000240,68,187,-119
111000241,27,207,-180
111000242,210,45,165
111000243,110,212,-102
111000244,547,49,498
111000245,860,212,648
111000246,616,122,494
111000247,376,335,41
111000248,660,291,369
111000249,381,294,87
111000250,36,51,-15
111000251,30,62,-32
111000253,14,15,-1
111000255,51,2,49
111000257,81,10,71
111000260,65,728,-663
111000261,1225,50,1175
111000271,28,148,-120
111000273,1489,752,737
111000274,1183,1708,-525
111000275,176,39,137
111000276,235,738,-503
111000277,154,164,-10
111000278,549,175,374
111000291,950,5867,-4917
111000298,545,150,395
111000299,576,139,437
111000300,89,330,-241
111000302,320,52,268
111000303,65,110,-45
111000312,38,69,-31
111000315,2,73,-71
111000320,128,273,-145
111000321,397,125,272
111000322,335,221,114
111000323,347,46,301
111000324,323,165,158
111000325,46,52,-6
111000326,224,236,-12
111000327,319,216,103
111000328,536,553,-17
111000329,0,25,-25
111000330,83,6,77
111000331,15,2,13
111000332,968,1453,-485
111000334,235,698,-463
111000335,1005,196,809
111000337,1388,188,1200
111000338,53,56,-3
111000339,605,102,503
111000340,151,406,-255
111000341,1244,501,743
111000342,79,1419,-1340
111000344,873,510,363
111000345,80,110,-30
111000346,25,231,-206
111000347,146,3,143
111000350,129,78,51
111000351,127,272,-145
111000352,153,48,105
111000353,168,118,50
111000354,406,68,338
111000355,284,262,22
111000358,130,427,-297
111000360,192,191,1
111000361,172,99,73
111000546,565,279,286
111000547,355,272,83
111000548,153,227,-74
111000549,271,161,110
111000550,66,761,-695
111000551,539,155,384
111000552,483,180,303
111000907,375,5,370
111000908,30,2,28
111000916,1559,163,1396
111000917,24,292,-268
111000918,218,287,-69
111000920,594,16,578
111000921,6,108,-102
111000922,577,120,457
111000924,44,260,-216
111000925,2835,1536,1299
111000926,936,1317,-381
111000927,2103,3327,-1224
111000928,2836,1599,1237
111000929,1314,977,337
111000930,694,1182,-488
111000931,1876,1994,-118
111000932,2407,1125,1282
111000933,2610,2050,560
111000934,1302,1534,-232
111000935,1597,721,876
111000936,1002,1065,-63
111000937,1142,882,260
111000938,1002,721,281
111000939,593,16,577
111000940,454,63,391
111000941,338,197,141
111000943,606,235,371
111000944,160,184,-24
111000945,69,668,-599
111001109,513,572,-59
111001110,167,256,-89
111001111,110,3,107
111001112,71,5,66
111001113,2,114,-112
111001114,394,209,185
111001115,24,929,-905
111001116,2006,3304,-1298
111001117,253,2224,-1971
111001120,97,178,-81
111001121,155,144,11
111001122,230,170,60
111001123,398,77,321
111001124,113,55,58
111001125,3,152,-149
111001126,5,0,5
111001127,0,27,-27
111001128,942,608,334
111900001,1,93,-92
111900002,2,267,-265
111900003,1,123,-122
111900004,17,41,-24
111900006,17,58,-41
111900007,151,4,147
111900008,289,0,289
111900009,195,1,194
111900010,203,230,-27
111900012,47,42,5
111900013,26,32,-6
111900014,2062,4770,-2708
111900015,0,24,-24
111900016,0,16,-16
111900017,0,36,-36
111900018,171,5,166
111900019,2,51,-49
111900020,3,24,-21
111900021,27,68,-41
111900022,1,30,-29
111900023,42,41,1
111900024,57,40,17
111900025,0,16,-16
111900026,0,38,-38
111900027,4,63,-59
111900028,7,97,-90
111900029,2,37,-35
111900030,11,174,-163
111900031,1,12,-11
111900032,1,137,-136
111900033,4,41,-37
111900034,176,270,-94
111900035,115,115,0
111900036,1,84,-83
111900038,132,252,-120
111900039,33,202,-169
111900040,0,166,-166
111900042,1,118,-117
111900043,1,141,-140
111900044,102,104,-2
111900046,17,101,-84
111900048,309,230,79
111900049,13,134,-121
111900050,107,31,76
111900051,3,106,-103
111900052,239,271,-32
111900053,408,1473,-1065
111900054,128,5,123
111900055,3,139,-136
111900056,110,329,-219
111900057,115,33,82
111900058,583,194,389
111900059,938,734,204
111900060,274,4,270
111900061,9,77,-68
111900062,66,79,-13
111900063,282,263,19
111900064,66,111,-45
111900065,125,13,112
111900066,133,106,27
111900067,1,187,-186
111900068,73,76,-3
111900069,81,32,49
111900070,219,70,149
111900071,0,119,-119
111900072,57,32,25
111900073,902,165,737
111900074,21,108,-87
111900075,77,10,67
111900076,169,89,80
111900077,42,3,39
111900078,340,37,303
111900079,60,44,16
111900080,161,238,-77
111900082,210,43,167
111900083,251,33,218
111900084,140,8,132
111900085,13,123,-110
111900086,63,4,59
111900087,77,6,71
111900088,744,20,724
111900089,129,6,123
111900090,43,42,1
111900091,432,3,429
111900092,135,0,135
111900093,527,10,517
111900094,143,1,142
111900095,306,32,274
111900096,241,10,231
111900097,79,1,78
111900098,360,5,355
111900099,62,0,62
111900100,155,7,148
111900101,100,31,69
111900102,662,207,455
111900103,36,67,-31
111900104,115,33,82
111900105,229,198,31
111900106,364,28,336
111900110,819,239,580
111900111,207,63,144
111900112,266,3167,-2901
111900113,145,88,57
111900118,400,85,315
111900119,302,146,156
111900122,124,87,37
111900123,30,34,-4
111900124,29,34,-5
111900125,536,32,504
111900126,251,2,249
111900127,0,232,-232
111900128,1,206,-205
111900129,243,4,239
111900130,136,24,112
111900131,637,2,635
111900132,14,335,-321
111900133,3,166,-163
111900134,17,103,-86
111900135,8,39,-31
111900136,85,139,-54
111900137,43,30,13
111900138,10,56,-46
111900139,15,71,-56
111900140,143,42,101
111900141,109,15,94
111900142,116,54,62
111900143,14,88,-74
111900144,0,35,-35
111900145,0,158,-158
111900146,0,88,-88
111900147,71,170,-99
111900148,13,248,-235
111900149,2,127,-125
111900150,5,94,-89
111900151,3,13,-10
111900152,71,87,-16
111900153,539,658,-119
111900154,24,384,-360
111900155,66,114,-48
111900156,74,97,-23
111900157,171,17,154
111900158,512,105,407
111900159,419,36,383
111900160,367,1,366
111900161,306,0,306
111900162,87,182,-95
111900163,6,128,-122
111900164,101,56,45
111901113,580,56,524
111901114,229,213,16
111901115,89,0,89
111901116,54,5,49
111901117,21,32,-11
111901118,33,275,-242
111901119,214,33,181
111901121,83,80,3
111901122,1,190,-189
111901123,293,131,162
111901124,279,0,279
111901125,582,182,400
111901127,274,530,-256
111901128,5,43,-38
111901129,2,50,-48
111901130,5,55,-50
111901131,4,105,-101
111901132,139,41,98
111901133,42,0,42
111901134,107,9,98
111901135,29,13,16
111901136,9,53,-44
111901138,166,30,136
111901139,24,6,18
111901140,4,43,-39
111901141,1,73,-72
111901142,10,61,-51
111901143,0,51,-51
111901144,50,57,-7
111901145,107,264,-157
111901146,151,20,131
111901147,210,294,-84
111901148,10,63,-53
111901149,7,2,5
111901150,29,0,29
111901151,0,0,0
112000001,1652,492,1160
112000002,482,1384,-902
112000003,1492,897,595
112000004,510,301,209
112000005,2921,3301,-380
112000006,1125,805,320
112000007,3453,2316,1137
112000008,1936,3608,-1672
112000009,1932,1256,676
112000010,2508,3591,-1083
112000011,1065,788,277
112000012,2743,4479,-1736
112000013,1778,2459,-681
112000014,1338,2564,-1226
112000015,2371,2665,-294
112000016,1971,1903,68
112000017,734,2538,-1804
112000024,1359,489,870
112000026,1768,1869,-101
112000027,495,562,-67
112000028,660,675,-15
112000029,540,661,-121
112000030,169,34,135
112000031,1057,3478,-2421
112000032,161,17,144
112000033,1234,2550,-1316
112000034,147,15,132
112000035,31,479,-448
112000036,300,847,-547
112000037,425,758,-333
112000038,943,1064,-121
112000039,90,38,52
112000040,32,115,-83
112000041,145,126,19
112000042,610,310,300
112000050,1082,924,158
112000051,975,1502,-527
112000054,1021,785,236
112000057,424,267,157
112000058,199,377,-178
112000059,333,534,-201
112000061,1450,878,572
112000062,635,890,-255
112000063,362,1967,-1605
112000064,1838,2522,-684
112000065,1018,1528,-510
112000066,2661,1235,1426
112000067,452,382,70
112000068,2612,2494,118
112000069,418,1051,-633
112000070,1346,875,471
112000071,754,1203,-449
112000072,2168,541,1627
112000073,1088,1294,-206
112000074,1183,801,382
112000075,1228,981,247
112000076,2540,1802,738
112000077,703,275,428
112000078,1488,351,1137
112000079,1378,953,425
112000080,743,433,310
112000081,705,1096,-391
112000082,891,561,330
112000083,501,792,-291
112000084,949,448,501
112000085,1191,584,607
112000086,1314,655,659
112000087,521,182,339
112000088,969,288,681
112000089,288,480,-192
112000090,305,178,127
112000091,497,522,-25
112000092,1872,611,1261
112000093,1383,500,883
112000094,635,688,-53
112000095,653,538,115
112000096,726,662,64
112000097,1336,600,736
112000098,502,401,101
112000099,577,1639,-1062
112000100,1837,561,1276
112000101,494,427,67
112000102,1420,450,970
112000103,344,463,-119
112000105,510,697,-187
112000106,1894,296,1598
112000107,132,131,1
112000108,306,793,-487
112000109,242,85,157
112000110,1688,503,1185
112000111,517,1474,-957
112000112,1985,436,1549
112000113,568,903,-335
112000114,1971,699,1272
112000115,355,261,94
112000116,553,517,36
112000117,957,516,441
112000118,732,502,230
112000119,320,403,-83
112000120,51,253,-202
112000121,127,196,-69
112000122,310,120,190
112000123,866,117,749
112000124,508,57,451
112000125,255,196,59
112000126,356,167,189
112000127,1157,2141,-984
112000128,357,422,-65
112000129,128,76,52
112000130,231,71,160
112000131,50,136,-86
112000132,155,161,-6
112000133,390,100,290
112000134,407,221,186
112000135,1194,459,735
112000136,594,765,-171
112000137,1314,1161,153
112000138,754,696,58
112000139,591,686,-95
112000140,380,760,-380
112000141,823,434,389
112000142,144,267,-123
112000143,1220,232,988
112000144,279,563,-284
112000145,2408,537,1871
112000146,445,915,-470
112000147,2300,1450,850
112000148,1106,1091,15
112000149,376,304,72
112000150,229,274,-45
112000151,342,188,154
112000152,561,221,340
112000153,128,186,-58
112000154,122,203,-81
112000155,129,96,33
112000157,390,514,-124
112000158,251,225,26
112000159,523,167,356
112000167,288,125,163
112000169,212,275,-63
112000173,775,192,583
112000175,352,223,129
112000176,843,1149,-306
112000177,722,218,504
112000178,78,162,-84
112000179,218,69,149
112000180,360,357,3
112000181,1030,949,81
112000182,1388,502,886
112000183,31,18,13
112000184,548,151,397
112000185,709,261,448
112000187,2874,1869,1005
112000195,111,12,99
112000196,144,3,141
112000197,124,157,-33
112000198,27,284,-257
112000199,616,555,61
112000202,388,0,388
112000216,51,199,-148
112000230,103,5,98
112000231,6,85,-79
112000256,66,218,-152
112000313,43,57,-14
112000314,44,37,7
112000337,181,417,-236
112000352,145,312,-167
112000392,1111,749,362
112000398,1416,662,754
112000399,936,2690,-1754
112000400,992,944,48
112000401,1703,1010,693
112000402,2900,3467,-567
112000403,1073,3430,-2357
112000404,1231,975,256
112000405,2052,2934,-882
112000406,2183,1143,1040
112000407,7350,6914,436
112000408,3961,2565,1396
112000409,1272,1940,-668
112000410,378,364,14
112000411,1766,1656,110
112000412,832,427,405
112000413,3715,6245,-2530
112000414,98,33,65
112000415,95,35,60
112000416,2762,1122,1640
112000417,227,58,169
112000421,109,28,81
112000422,303,159,144
112000424,890,2588,-1698
112000425,470,393,77
112000426,187,480,-293
112000427,0,12,-12
112000428,326,175,151
112000429,1541,1369,172
112000430,1863,1962,-99
112000431,108,70,38
112000432,446,491,-45
112000433,176,474,-298
112000437,55,99,-44
112900001,103,3,100
112900002,607,317,290
112900003,92,156,-64
112900004,64,171,-107
112900005,238,78,160
112900006,35,184,-149
112900007,82,119,-37
112900008,0,56,-56
112900009,358,154,204
112900010,598,419,179
112900011,81,74,7
112900012,0,25,-25
112900013,2,67,-65
112900014,4,96,-92
112900015,171,362,-191
112900016,5,164,-159
112900017,40,78,-38
112900018,174,165,9
112900019,29,92,-63
112900020,251,501,-250
112900021,1,106,-105
112900022,13,27,-14
112900023,1,62,-61
112900024,13,118,-105
112900025,70,119,-49
112900026,6,83,-77
112900027,2,380,-378
112900028,17,85,-68
112900029,8,269,-261
112900030,35,56,-21
112900031,1,175,-174
112900032,102,190,-88
112900034,0,15,-15
112900035,3,179,-176
112900036,15,98,-83
112900037,122,195,-73
112900038,627,116,511
112900039,4,145,-141
112900040,11,319,-308
112900041,317,914,-597
112900042,69,148,-79
112900043,48,66,-18
112900044,310,204,106
112900045,97,165,-68
112900046,97,39,58
112900047,11,14,-3
112900049,363,53,310
112900050,18,284,-266
112900051,161,282,-121
112900052,4,300,-296
112900053,140,100,40
112900054,126,64,62
112900055,78,33,45
112900056,263,198,65
112900057,12,225,-213
112900058,234,297,-63
112900059,136,117,19
112900060,51,95,-44
112900061,83,82,1
112900062,91,78,13
112900063,69,25,44
112900064,87,153,-66
112900065,27,37,-10
112900066,190,250,-60
112900067,242,90,152
112900068,20,28,-8
112900069,951,775,176
112900071,43,10,33
112900072,78,2302,-2224
112900073,433,190,243
112900074,73,276,-203
112900075,557,884,-327
112900076,29,41,-12
112900078,332,493,-161
112900079,270,28,242
112900080,119,5,114
112900081,78,250,-172
112900082,634,52,582
112900083,145,188,-43
112900084,235,128,107
112900086,162,1,161
112900087,831,150,681
112900088,156,13,143
112900089,798,42,756
112900090,127,82,45
112900091,320,6,314
112900092,61,498,-437
112900093,1144,30,1114
112900095,93,2,91
112900096,523,149,374
112900097,46,110,-64
112900098,112,0,112
112900099,1014,42,972
112900100,64,2,62
112900101,386,4,382
112900102,92,26,66
112900103,280,11,269
112900104,232,3,229
112900105,29,0,29
112900106,369,92,277
112900107,2,4,-2
112900108,2,1,1
112900109,130,1,129
112900110,1416,20,1396
112900111,859,9,850
112900112,358,6,352
112900113,0,3,-3
112900114,198,20,178
112900115,1729,4,1725
112900116,123,14,109
112900117,67,18,49
112900118,9,63,-54
112900119,197,4,193
112900120,424,154,270
112900121,39,99,-60
112900122,7,72,-65
112900123,103,12,91
112900124,16,79,-63
112900125,27,266,-239
112900126,119,117,2
112900127,371,213,158
112900128,89,333,-244
112900129,0,304,-304
112900130,162,104,58
112900131,19,167,-148
112900132,130,290,-160
112900133,17,620,-603
112900134,0,128,-128
112900135,114,58,56
112900137,0,236,-236
112900138,2,96,-94
112900139,120,522,-402
112900141,655,18,637
112900142,65,203,-138
112900143,18,200,-182
112900144,2,243,-241
112900145,26,198,-172
112900146,1,468,-467
112900147,3,572,-569
112900148,100,1,99
112900149,340,329,11
112900151,12,34,-22
112900152,2182,477,1705
112900153,912,2345,-1433
112900154,0,41,-41
112900155,158,19,139
112900156,316,417,-101
112900157,552,68,484
112900158,114,5,109
112900159,184,199,-15
112900160,50,149,-99
112900161,125,44,81
112900162,24,11,13
112900163,62,57,5
112900164,24,153,-129
112900165,67,23,44
112900166,5,65,-60
112900167,3,99,-96
112900168,6,3,3
112900169,9,18,-9
112900170,153,155,-2
112900172,14,9,5
112900173,113,85,28
112900174,247,54,193
112900175,87,169,-82
112900176,32,77,-45
112900177,202,62,140
112900178,686,2247,-1561
112900179,21,254,-233
112900180,1613,859,754
112900181,631,6,625
112900182,61,397,-336
112900183,78,271,-193
112900184,318,373,-55
112900185,109,558,-449
112900186,652,901,-249
112900187,60,510,-450
112900188,445,1583,-1138
112900189,8,7,1
112900190,8,7,1
112900192,563,511,52
112900193,931,296,635
112900194,75,18,57
112900195,698,47,651
112900196,201,245,-44
112900197,80,232,-152
112900199,711,273,438
112900200,547,95,452
112900201,196,69,127
112900202,531,432,99
112900203,331,99,232
112900204,543,605,-62
112900205,10,4,6
112900206,19,95,-76
112900207,32,0,32
112900208,89,263,-174
112900209,281,233,48
112900210,0,35,-35
112900211,86,12,74
112900212,4,73,-69
112900213,74,8,66
112900214,15,21,-6
112900215,27,101,-74
112900216,16,21,-5
112900217,0,34,-34
112900218,68,14,54
112900219,128,13,115
112900220,2,0,2
112900221,21,99,-78
112900222,1,16,-15
112900223,794,24,770
112900224,384,186,198
112900225,437,187,250
112900226,147,259,-112
112900227,887,351,536
112900228,80,49,31
112900229,331,16,315
112900230,4661,2443,2218
112900232,272,304,-32
112900233,51,68,-17
112900234,31,24,7
112900235,67,23,44
112900236,415,9,406
112900237,291,103,188
112900238,10,6,4
112900239,372,474,-102
112900240,3,20,-17
112900241,10,40,-30
112900242,10,58,-48
112900243,12,46,-34
112900244,7,28,-21
112900245,2,26,-24
112900246,5,4,1
112900247,62,23,39
112900248,5,0,5
112900249,26,3,23
112900250,77,7,70
112900251,69,8,61
112900252,82,11,71
112900253,89,5,84
112900254,14,1,13
112900255,7,33,-26
112900256,1,45,-44
112900257,6,55,-49
112900258,47,10,37
113000001,4460,3572,888
113000002,2903,2344,559
113000003,1277,1121,156
113000004,937,1478,-541
113000005,1205,816,389
113000006,816,975,-159
113000007,1598,933,665
113000008,1294,1115,179
113000009,986,453,533
113000010,936,646,290
113000011,723,728,-5
113000012,1363,502,861
113000013,728,528,200
113000014,748,936,-188
113000015,166,126,40
113000016,162,472,-310
113000017,22,265,-243
113000018,284,26,258
113000019,119,194,-75
113000020,400,78,322
113000021,938,452,486
113000022,581,1042,-461
113000025,88,226,-138
113000026,488,380,108
113000027,302,671,-369
113000028,395,868,-473
113000029,894,703,191
113000030,164,368,-204
113000031,123,197,-74
113000032,156,341,-185
113000033,156,372,-216
113000034,172,144,28
113000035,22,22,0
113000036,13,52,-39
113000037,52,24,28
113000038,8,42,-34
113000039,43,272,-229
113000040,62,93,-31
113000042,489,387,102
113000051,650,1582,-932
113000052,1574,525,1049
113000053,395,228,167
113000054,319,420,-101
113000055,1301,273,1028
113000056,1134,644,490
113000058,430,598,-168
113000059,729,316,413
113000060,303,377,-74
113000061,401,653,-252
113000062,356,279,77
113000063,241,66,175
113000064,73,124,-51
113000065,171,315,-144
113000066,723,69,654
113000067,2128,659,1469
113000068,425,498,-73
113000069,538,512,26
113000070,2287,684,1603
113000071,486,322,164
113000072,862,342,520
113000073,225,821,-596
113000074,665,293,372
113000075,1173,595,578
113000076,378,2165,-1787
113000077,564,816,-252
113000078,428,1439,-1011
113000079,300,894,-594
113000080,457,652,-195
113000081,540,505,35
113000082,683,477,206
113000083,412,629,-217
113000084,1166,747,419
113000085,665,564,101
113000086,640,755,-115
113000087,645,938,-293
113000088,1273,891,382
113000089,571,1367,-796
113000090,155,493,-338
113000091,310,347,-37
113000094,912,239,673
113000095,213,509,-296
113000096,114,666,-552
113000097,796,345,451
113000098,92,46,46
113000099,792,391,401
113000100,121,310,-189
113000101,208,509,-301
113000102,514,453,61
113000103,1357,222,1135
113000104,441,1564,-1123
113000105,779,299,480
113000106,263,240,23
113000107,662,626,36
113000108,629,583,46
113000109,484,934,-450
113000110,2034,416,1618
113000111,200,475,-275
113000112,299,231,68
113000113,744,307,437
113000114,244,930,-686
113000116,490,234,256
113000117,664,73,591
113000118,55,373,-318
113000119,358,314,44
113000120,45,252,-207
113000121,343,777,-434
113000124,254,78,176
113000125,38,755,-717
113000127,1178,146,1032
113000128,594,190,404
113000129,270,392,-122
113000133,1503,623,880
113000134,4,967,-963
113000135,3453,3752,-299
113000137,773,2650,-1877
113000139,207,184,23
113000140,60,119,-59
113000141,59,182,-123
113000142,138,589,-451
113000143,136,164,-28
113000144,153,360,-207
113000145,130,85,45
113000146,114,29,85
113000147,135,45,90
113000148,207,67,140
113000149,101,119,-18
113000150,347,253,94
113000151,32,24,8
113000152,33,121,-88
113000153,574,261,313
113000154,409,1059,-650
113000155,243,515,-272
113000156,115,179,-64
113000157,154,431,-277
113000158,481,163,318
113000159,718,454,264
113000160,454,396,58
113000161,253,170,83
113000162,620,227,393
113000163,150,47,103
113000164,25,61,-36
113000166,171,79,92
113000167,34,46,-12
113000168,84,79,5
113000169,223,42,181
113000170,96,69,27
113000171,35,84,-49
113000172,240,52,188
113000173,67,24,43
113000174,116,134,-18
113000175,415,71,344
113000176,415,98,317
113000177,130,172,-42
113000178,122,165,-43
113000179,298,131,167
113000180,418,757,-339
113000181,918,573,345
113000182,114,217,-103
113000183,155,409,-254
113000184,30,55,-25
113000189,255,555,-300
113000190,260,332,-72
113000192,549,3620,-3071
113000193,1170,2649,-1479
113000194,505,1241,-736
113000195,849,1636,-787
113000196,180,69,111
113000197,834,1267,-433
113000198,90,199,-109
113000199,1038,277,761
113000201,178,496,-318
113000202,5051,912,4139
113000203,51,371,-320
113000204,521,3317,-2796
113000205,15,11,4
113000206,6,52,-46
113000207,55,13,42
113000208,26,50,-24
113000209,12,14,-2
113000210,6,32,-26
113000211,112,245,-133
113000212,67,53,14
113000213,17,65,-48
113000214,130,194,-64
113000234,168,487,-319
113000410,49,130,-81
113000411,1290,2301,-1011
113000412,2985,1422,1563
113000413,806,2382,-1576
113000414,2542,9076,-6534
113000415,1261,1325,-64
113000416,2729,1932,797
113000417,1198,1364,-166
113000418,3275,2811,464
113000419,1030,1747,-717
113000420,2058,4382,-2324
113000421,3034,4991,-1957
113000422,6085,6643,-558
113000423,981,3761,-2780
113000424,1345,7145,-5800
113000425,2,58,-56
113000428,8,1,7
113000430,1,19,-18
113000432,1983,144,1839
113000433,52,331,-279
113000434,9,74,-65
113000435,24,109,-85
113000436,48,613,-565
113000437,1180,27,1153
113000438,425,16,409
113000439,15,63,-48
113000440,175,29,146
113000441,286,153,133
113000442,122,51,71
113000443,316,119,197
113000444,224,79,145
113000445,115,73,42
113000446,47,65,-18
113000448,362,134,228
113000449,131,586,-455
113000450,419,1463,-1044
113000451,1940,178,1762
113000452,91,405,-314
113000453,64,489,-425
113000454,240,103,137
113000455,14,746,-732
113000456,1832,1880,-48
113000468,645,71,574
113000469,26,64,-38
113000470,383,17,366
113000471,7,282,-275
113000472,63,202,-139
113000474,980,480,500
113000475,987,857,130
113000476,1235,1439,-204
113000477,3079,1385,1694
113000478,2275,2398,-123
113000479,108,96,12
113000485,1,0,1
113000486,0,0,0
113000487,0,0,0
113000488,0,0,0
113000489,0,0,0
113000490,0,0,0
113000491,2,0,2
113000492,0,1,-1
113000495,212,101,111
113000496,148,99,49
113000497,0,0,0
113000499,0,0,0
113900001,5,682,-677
113900002,0,32,-32
113900003,3,95,-92
113900004,1,161,-160
113900005,1,204,-203
113900006,0,49,-49
113900007,9,2,7
113900008,16,3,13
113900009,10,0,10
113900010,16,2,14
113900011,39,0,39
113900012,72,0,72
113900013,53,5,48
113900014,469,4,465
113900015,0,22,-22
113900016,19,0,19
113900017,1,30,-29
113900018,211,223,-12
113900019,128,43,85
113900020,177,2,175
113900022,40,2,38
113900023,40,0,40
113900024,66,14,52
113900025,114,13,101
113900026,41,0,41
113900027,4,53,-49
113900028,23,210,-187
113900029,84,89,-5
113900030,288,8,280
113900031,27,1,26
113900032,38,1,37
113900033,79,41,38
113900035,43,0,43
113900036,25,78,-53
113900037,211,210,1
113900038,38,102,-64
113900039,149,26,123
113900040,11,35,-24
113900041,9,5,4
113900042,54,27,27
113900043,171,66,105
113900044,225,265,-40
113900045,48,0,48
113900046,191,556,-365
113900047,63,96,-33
113900048,80,144,-64
113900049,251,253,-2
113900050,216,260,-44
113900051,208,195,13
113900052,97,58,39
113900053,497,581,-84
113900054,22,1,21
113900055,109,368,-259
113900056,35,152,-117
113900057,8,35,-27
113900058,63,42,21
113900059,188,222,-34
113900060,69,133,-64
113900061,350,168,182
113900062,113,5,108
113900063,50,98,-48
113900064,19,70,-51
113900065,383,18,365
113900066,385,138,247
113900067,230,85,145
113900068,293,471,-178
113900069,17,25,-8
113900070,91,286,-195
113900071,59,30,29
113900072,37,67,-30
113900073,277,230,47
113900074,126,111,15
113900075,826,1205,-379
113900076,159,22,137
113900077,58,93,-35
113900078,25,33,-8
113900079,1,14,-13
113900080,505,170,335
113900081,69,106,-37
113900082,101,110,-9
113900083,462,167,295
113900084,239,96,143
113900085,47,114,-67
113900086,31,8,23
113900087,93,80,13
113900088,89,95,-6
113900089,262,48,214
113900090,450,281,169
113900091,16,12,4
113900092,22,66,-44
113900093,62,707,-645
113900094,336,149,187
113900095,116,115,1
113900096,226,53,173
113900097,16,45,-29
113900098,659,65,594
113900099,2,34,-32
113900100,0,0,0
113900101,2,52,-50
113900102,71,131,-60
113900103,229,277,-48
113900104,66,187,-121
113900105,140,46,94
113900106,0,27,-27
113900107,0,11,-11
113900108,124,186,-62
113900109,186,215,-29
113900110,46,14,32
113900111,166,84,82
113900112,94,40,54
113900113,783,320,463
113900114,0,27,-27
113900115,1,21,-20
113900116,66,151,-85
113900117,53,15,38
113900118,130,314,-184
113900119,112,496,-384
113900120,70,39,31
113900121,68,43,25
113900122,339,2043,-1704
113900123,356,138,218
113900124,2,42,-40
113900125,569,101,468
113900126,71,43,28
113900127,333,645,-312
113900128,134,40,94
113900129,12,133,-121
113900130,1,134,-133
113900131,222,42,180
113900132,46,85,-39
113900133,10,23,-13
113900135,316,264,52
113900136,80,41,39
113900137,267,267,0
113900138,25,180,-155
113900139,107,155,-48
113900140,56,351,-295
113900141,518,134,384
113900142,94,42,52
113900143,22,34,-12
113900144,48,192,-144
113900145,256,86,170
113900146,181,30,151
113900148,58,308,-250
113900149,89,85,4
113900150,185,219,-34
113900151,283,107,176
113900152,36,30,6
113900153,62,357,-295
113900154,3,79,-76
113900155,113,184,-71
113900156,112,210,-98
113900157,33,269,-236
113900158,118,291,-173
113900159,15,167,-152
113900160,472,355,117
113900161,83,194,-111
113900162,147,499,-352
113900163,169,178,-9
113900164,349,43,306
113900165,468,228,240
113900166,51,104,-53
113900167,298,31,267
113900168,45,39,6
113900169,108,194,-86
113900171,177,54,123
113900172,2,65,-63
113900173,19,305,-286
113900174,372,279,93
113900175,220,93,127
113900176,212,211,1
113900177,296,105,191
113900178,220,152,68
113900179,13,140,-127
113900180,124,67,57
113900181,638,125,513
113900182,530,511,19
113900183,74,51,23
113900184,5,152,-147
113900185,103,67,36
113900186,27,21,6
113900187,17,105,-88
113900188,30,72,-42
113900189,222,130,92
113900190,138,67,71
113900191,68,73,-5
113900192,3,402,-399
113900193,4,47,-43
113900194,756,428,328
113900195,144,199,-55
113900196,1,88,-87
113900197,0,65,-65
113900198,17,259,-242
113900199,80,356,-276
113900200,4,124,-120
113900201,0,62,-62
113900202,9,131,-122
113900203,0,35,-35
113900204,18,192,-174
113900205,2,62,-60
113900206,1,72,-71
113900207,1,30,-29
113900208,0,24,-24
113900209,0,21,-21
113900210,382,480,-98
113900211,163,62,101
113900212,162,236,-74
113900214,205,355,-150
113900215,76,74,2
113900216,133,214,-81
113900217,99,123,-24
113900218,146,104,42
113900219,70,371,-301
113900220,95,129,-34
113900221,217,233,-16
113900222,81,346,-265
113900223,176,271,-95
113900224,48,52,-4
113900225,250,108,142
113900226,309,95,214
113900227,291,125,166
113900228,198,405,-207
113900229,46,589,-543
113900230,1544,2498,-954
113900231,105,60,45
113900232,107,63,44
113900233,97,37,60
113900234,262,330,-68
113900235,76,17,59
113900236,310,146,164
113900237,166,8,158
113900238,124,444,-320
113900239,26,137,-111
113900240,8,214,-206
113900241,80,49,31
113900242,28,124,-96
113900243,36,240,-204
113900244,103,105,-2
113900245,643,243,400
113900246,9,9,0
113900247,70,488,-418
113900248,1251,1079,172
113900249,482,458,24
113900250,29,115,-86
113900251,699,59,640
113900252,540,12,528
113900253,457,47,410
113900254,544,127,417
113900255,506,17,489
113900256,279,29,250
113900257,16,232,-216
113900258,19,161,-142
113900259,516,59,457
113900260,220,5,215
113900261,35,39,-4
113900262,111,318,-207
113900263,85,398,-313
113900264,2,187,-185
113900265,132,312,-180
113900266,35,119,-84
113900267,83,489,-406
113900268,213,379,-166
113900269,65,87,-22
113900270,151,457,-306
113900271,484,402,82
113900273,16,9,7
113900274,46,22,24
113900275,13,70,-57
113900276,2,82,-80
113900277,143,1,142
113900278,161,127,34
113900279,39,49,-10
113900280,1287,515,772
113900281,356,1049,-693
113900282,242,384,-142
113900283,404,428,-24
113900284,700,98,602
113900285,110,22,88
113900286,33,50,-17
113900287,68,20,48
113900288,4,70,-66
113900289,349,115,234
113900290,186,231,-45
113900291,70,105,-35
113900292,9,2,7
113900293,10,143,-133
113900294,458,9,449
113900295,319,299,20
113900296,1207,301,906
113900297,1970,40,1930
113900298,31,940,-909
113900299,149,47,102
113900300,2588,2955,-367
113900301,537,298,239
113900302,1322,804,518
113900303,175,496,-321
113900304,0,49,-49
113900305,131,0,131
113900306,73,0,73
113900307,4,0,4
113900308,44,61,-17
113900309,0,226,-226
113900310,0,1,-1
113900311,13,0,13
113900312,163,211,-48
113900313,12,0,12
113900314,1,16,-15
113900315,34,3,31
114000001,640,1379,-739
114000002,313,209,104
114000003,176,389,-213
114000004,383,235,148
114000005,224,120,104
114000006,1123,939,184
114000007,462,658,-196
114000008,1063,1520,-457
114000009,804,194,610
114000011,2164,1632,532
114000012,2409,971,1438
114000013,1466,713,753
114000014,457,263,194
114000015,1859,179,1680
114000016,172,103,69
114000017,66,373,-307
114000018,108,12,96
114000026,2091,590,1501
114000027,3249,1381,1868
114000028,1581,2313,-732
114000038,246,98,148
114000039,158,85,73
114000040,104,178,-74
114000042,170,85,85
114000043,296,103,193
114000044,338,79,259
114000045,36,40,-4
114000046,1832,2730,-898
114000047,16,41,-25
114000048,93,103,-10
114000049,1008,1090,-82
114000050,1130,1315,-185
114000051,1876,1601,275
114000052,2889,1677,1212
114000053,71,451,-380
114000054,131,445,-314
114000055,151,22,129
114000056,187,806,-619
114000057,2876,1642,1234
114000058,89,948,-859
114000059,35,306,-271
114000060,372,607,-235
114000061,1642,2230,-588
114000062,492,1471,-979
114000063,940,1005,-65
114000064,1648,2420,-772
114000065,956,1439,-483
114000066,347,427,-80
114000067,36,661,-625
114000068,476,585,-109
114000069,636,370,266
114000070,1382,1483,-101
114000071,507,335,172
114000072,325,120,205
114000073,14,21,-7
114000074,63,13,50
114000075,38,27,11
114000076,23,30,-7
114000077,4,5,-1
114000078,214,228,-14
114000079,195,14,181
114000080,38,48,-10
114000081,62,60,2
114000082,36,168,-132
114000083,50,95,-45
114000084,220,64,156
114000085,84,280,-196
114000086,201,125,76
114000087,95,58,37
114000088,35,15,20
114000089,333,166,167
114000090,685,629,56
114000091,810,632,178
114000092,579,371,208
114000093,1051,506,545
114000094,289,200,89
114000095,164,123,41
114000096,41,113,-72
114000097,86,171,-85
114000098,464,63,401
114000099,640,227,413
114000100,1386,338,1048
114000101,304,263,41
114000102,564,196,368
114000103,89,186,-97
114000104,24,149,-125
114000105,128,63,65
114000106,501,1158,-657
114000107,446,84,362
114000108,986,721,265
114000109,497,1600,-1103
114000110,446,702,-256
114000111,1729,803,926
114000112,445,1146,-701
114000113,1573,484,1089
114000114,774,799,-25
114000115,2068,1091,977
114000116,725,2020,-1295
114000117,3227,470,2757
114000118,2603,408,2195
114000119,1750,441,1309
114000120,407,490,-83
114000121,381,602,-221
114000122,403,257,146
114000123,1877,375,1502
114000124,840,222,618
114000125,772,740,32
114000126,1537,197,1340
114000127,242,117,125
114000128,698,214,484
114000130,399,302,97
114000131,253,95,158
114000132,419,299,120
114000133,396,784,-388
114000134,56,22,34
114000138,9,97,-88
114000139,325,333,-8
114000144,677,564,113
114000145,34,54,-20
114000146,94,87,7
114000147,1097,2277,-1180
114000148,1128,1522,-394
114000149,226,269,-43
114000150,532,1035,-503
114000151,915,2342,-1427
114000152,71,27,44
114000153,516,1564,-1048
114000154,599,523,76
114000155,1131,1922,-791
114000156,583,440,143
114000157,239,934,-695
114000158,882,477,405
114000159,121,370,-249
114000160,49,460,-411
114000161,728,2344,-1616
114000162,976,2177,-1201
114000163,24,40,-16
114000165,510,330,180
114000166,488,273,215
114000167,1764,1092,672
114000168,368,348,20
114000169,859,1277,-418
114000170,921,1100,-179
114000171,1088,4344,-3256
114000174,137,313,-176
114000176,275,409,-134
114000177,888,489,399
114000178,57,39,18
114000179,807,613,194
114000180,228,406,-178
114000181,1322,3363,-2041
114000182,966,1675,-709
114000183,539,600,-61
114000184,1527,458,1069
114000185,958,608,350
114000189,987,132,855
114000190,2744,438,2306
114000191,66,102,-36
114000192,95,716,-621
114000193,297,1027,-730
114000194,1157,546,611
114000195,217,63,154
114000196,2,82,-80
114000197,1682,24,1658
114000198,560,251,309
114000199,1326,1621,-295
114000200,361,618,-257
114000201,119,363,-244
114000202,603,287,316
114000203,591,460,131
114000204,120,262,-142
114000205,121,613,-492
114000206,524,876,-352
114000207,309,687,-378
114000208,340,925,-585
114000209,291,893,-602
114000210,140,468,-328
114000211,942,924,18
114000212,494,512,-18
114000213,1084,348,736
114000214,76,65,11
114000215,151,53,98
114000216,1269,211,1058
114000217,371,170,201
114000218,128,107,21
114000219,1061,87,974
114000220,12,330,-318
114000221,782,142,640
114000222,113,407,-294
114000223,471,120,351
114000224,37,303,-266
114000225,262,285,-23
114000226,160,175,-15
114000227,705,307,398
114000228,672,403,269
114000229,1088,753,335
114000230,1191,579,612
114000231,777,996,-219
114000232,818,157,661
114000233,2107,93,2014
114000234,813,501,312
114000235,942,746,196
114000236,1,263,-262
114000237,110,483,-373
114000238,88,160,-72
114000239,118,517,-399
114000240,712,651,61
114000241,206,512,-306
114000242,497,456,41
114000243,1367,693,674
114000244,482,247,235
114000245,340,543,-203
114000246,80,49,31
114000247,600,394,206
114000248,1105,383,722
114000249,388,284,104
114000250,559,350,209
114000251,307,140,167
114000252,57,30,27
114000253,30,50,-20
114000254,29,16,13
114000255,339,109,230
114000256,337,1835,-1498
114000257,361,592,-231
114000258,354,196,158
114000259,113,142,-29
114000260,1,39,-38
114000261,25,24,1
114000262,202,74,128
114000263,5,1,4
114000264,870,218,652
114000265,0,0,0
114000267,2,1350,-1348
114000268,1,520,-519
114000270,242,2,240
114000271,265,37,228
114000283,1318,286,1032
114000285,15,91,-76
114000288,82,182,-100
114000289,1169,144,1025
114000293,116,358,-242
114000294,148,192,-44
114000395,1116,15,1101
114000396,569,541,28
114000402,697,174,523
114000403,240,170,70
114000405,189,195,-6
114000423,405,201,204
114000424,376,95,281
114000425,807,158,649
114000426,211,675,-464
114000427,30,55,-25
114000428,89,166,-77
114000429,7,86,-79
114000432,93,39,54
114000434,14,28,-14
114000435,0,90,-90
114900001,613,390,223
114900002,378,64,314
114900003,620,531,89
114900004,260,314,-54
114900005,539,377,162
114900006,83,61,22
114900007,326,24,302
114900008,191,94,97
114900010,797,1504,-707
114900011,140,119,21
114900013,252,123,129
114900018,1356,67,1289
114900020,155,55,100
114900022,10,469,-459
114900025,428,105,323
114900026,102,110,-8
114900029,160,23,137
114900030,256,124,132
114900031,424,21,403
114900032,380,20,360
114900034,25,79,-54
114900035,122,181,-59
114900036,144,222,-78
114900039,384,190,194
114900040,84,52,32
114900041,801,167,634
114900042,962,182,780
114900044,152,33,119
114900047,197,2211,-2014
114900048,75,146,-71
114900049,23,105,-82
114900050,39,132,-93
114900051,22,149,-127
114900052,48,145,-97
114900053,67,158,-91
114900054,24,49,-25
114900057,159,14,145
114900058,0,42,-42
114900059,81,85,-4
114900063,64,49,15
114900064,1745,153,1592
114900065,457,454,3
114900067,36,237,-201
114900068,38,112,-74
114900069,116,78,38
114900070,446,156,290
114900072,1,144,-143
114900073,1,59,-58
114900074,707,234,473
114900075,270,14,256
114900076,9,179,-170
114900080,906,200,706
114900082,1868,2106,-238
114900083,433,724,-291
114900090,335,215,120
114900091,55,114,-59
114900097,198,1,197
114900098,3,98,-95
114900099,214,6,208
115000001,2932,1581,1351
115000002,3017,4008,-991
115000003,3069,1297,1772
115000004,3651,4837,-1186
115000005,1312,1185,127
115000006,905,1165,-260
115000007,259,140,119
115000008,355,384,-29
115000009,254,178,76
115000010,182,129,53
115000013,39,131,-92
115000015,33,280,-247
115000016,29,143,-114
115000019,60,384,-324
115000020,111,762,-651
115000021,192,270,-78
115000022,497,262,235
115000023,240,471,-231
115000024,754,287,467
115000025,658,528,130
115000026,139,269,-130
115000027,224,251,-27
115000028,130,523,-393
115000029,580,81,499
115000030,492,823,-331
115000031,959,175,784
115000032,5,172,-167
115000033,160,52,108
115000034,33,789,-756
115000035,852,52,800
115000036,0,244,-244
115000037,488,14,474
115000038,33,108,-75
115000039,2338,2732,-394
115000040,2539,1753,786
115000041,1453,3461,-2008
115000042,561,530,31
115000043,3679,2207,1472
115000044,2932,2348,584
115000045,1986,727,1259
115000046,2369,1964,405
115000047,2108,970,1138
115000048,1401,1105,296
115000049,1119,1919,-800
115000050,2426,1117,1309
115000051,1285,2672,-1387
115000052,1112,1142,-30
115000053,1766,1562,204
115000054,438,635,-197
115000055,203,817,-614
115000056,196,497,-301
115000057,586,932,-346
115000058,387,363,24
115000059,225,122,103
115000061,110,149,-39
115000062,193,211,-18
115000063,317,222,95
115000064,236,84,152
115000065,56,382,-326
115000067,126,22,104
115000069,107,191,-84
115000070,25,544,-519
115000071,48,14,34
115000072,15,38,-23
115000073,1128,38,1090
115000075,123,36,87
115000076,1680,1525,155
115000077,1675,1143,532
115000078,1125,685,440
115000079,1017,871,146
115000080,2197,1100,1097
115000081,386,537,-151
115000082,3558,3048,510
115000083,1570,990,580
115000084,2310,770,1540
115000085,811,492,319
115000086,1095,418,677
115000087,371,996,-625
115000088,1440,445,995
115000089,947,770,177
115000090,375,597,-222
115000091,175,513,-338
115000092,658,382,276
115000093,516,5,511
115000094,3601,4953,-1352
115000095,3043,5290,-2247
115000096,802,748,54
115000097,1197,778,419
115000098,1111,428,683
115000099,2349,1311,1038
115000100,1039,272,767
115000101,488,882,-394
115000102,474,218,256
115000103,251,404,-153
115000105,58,88,-30
115000106,590,295,295
115000107,213,196,17
115000108,1537,1457,80
115000109,2768,4205,-1437
115000110,927,1487,-560
115000111,425,837,-412
115000112,637,595,42
115000113,384,532,-148
115000114,1034,432,602
115000116,2199,1982,217
115000117,1939,1992,-53
115000118,1651,1728,-77
115000119,1491,1879,-388
115000120,477,1041,-564
115000121,703,696,7
115000122,958,1211,-253
115000123,589,1491,-902
115000124,661,891,-230
115000125,321,421,-100
115000126,98,219,-121
115000127,306,73,233
115000128,233,624,-391
115000129,193,313,-120
115000130,396,332,64
115000131,747,185,562
115000132,388,185,203
115000133,661,164,497
115000134,340,179,161
115000135,160,121,39
115000136,278,191,87
115000137,71,130,-59
115000138,402,235,167
115000139,246,130,116
115000140,451,163,288
115000141,168,104,64
115000142,176,107,69
115000143,872,439,433
115000144,533,73,460
115000145,218,139,79
115000146,493,297,196
115000147,256,274,-18
115000148,279,400,-121
115000149,521,165,356
115000150,495,374,121
115000151,837,346,491
115000152,491,338,153
115000153,967,399,568
115000154,721,251,470
115000155,413,487,-74
115000156,614,588,26
115000157,299,621,-322
115000158,179,287,-108
115000159,385,476,-91
115000160,266,273,-7
115000161,97,342,-245
115000162,357,615,-258
115000163,487,612,-125
115000164,551,615,-64
115000165,186,454,-268
115000167,101,70,31
115000168,277,223,54
115000169,309,436,-127
115000170,65,155,-90
115000171,179,223,-44
115000172,416,426,-10
115000173,196,506,-310
115000174,46,240,-194
115000175,143,60,83
115000176,39,42,-3
115000177,42,63,-21
115000178,6,117,-111
115000179,20,25,-5
115000180,91,221,-130
115000181,567,146,421
115000182,859,200,659
115000183,339,317,22
115000186,557,155,402
115000187,145,380,-235
115000188,347,420,-73
115000189,136,326,-190
115000190,489,352,137
115000191,92,371,-279
115000194,95,92,3
115000195,165,214,-49
115000196,220,70,150
115000197,187,138,49
115000198,399,94,305
115000199,416,116,300
115000200,332,63,269
115000201,193,171,22
115000206,369,27,342
115000207,226,187,39
115000208,177,453,-276
115000209,452,257,195
115000210,141,103,38
115000211,185,166,19
115000212,776,247,529
115000224,224,51,173
115000225,56,56,0
115000229,133,64,69
115000230,113,429,-316
115000231,232,688,-456
115000232,1673,216,1457
115000233,124,88,36
115000234,19,225,-206
115000241,94,153,-59
115000242,119,120,-1
115000243,39,94,-55
115000244,22,100,-78
115000246,55,24,31
115000247,40,27,13
115000248,39,24,15
115000249,13,14,-1
115000250,259,28,231
115000251,283,39,244
115000252,62,144,-82
115000253,11,380,-369
115000258,241,75,166
115000259,265,92,173
115000261,25,10,15
115000262,24,20,4
115000263,24,39,-15
115000264,44,20,24
115000267,70,79,-9
115000268,41,107,-66
115000269,84,43,41
115000270,5,12,-7
115000272,72,82,-10
115000273,497,32,465
115000280,1789,194,1595
115000281,234,758,-524
115000282,508,426,82
115000284,188,160,28
115000296,1090,18,1072
115000297,63,118,-55
115000298,37,405,-368
115000300,157,126,31
115000302,543,77,466
115000303,650,50,600
115000304,635,48,587
115000305,63,273,-210
115000306,122,104,18
115000307,93,121,-28
115000308,25,12,13
115000309,0,6,-6
115000310,1127,315,812
115000311,1083,808,275
115000313,122,249,-127
115000314,444,177,267
115000315,592,753,-161
115000316,106,110,-4
115000317,129,278,-149
115000318,610,200,410
115000319,40,215,-175
115000320,14,255,-241
115000321,200,11,189
115000322,69,142,-73
115000449,124,100,24
115000557,1,1099,-1098
115000558,349,62,287
115000587,498,231,267
115000588,1554,1655,-101
115000589,2762,1731,1031
115000590,844,1142,-298
115000591,1323,604,719
115000592,338,1160,-822
115000593,1015,547,468
115000594,362,2012,-1650
115000609,143,123,20
115000617,486,2015,-1529
115000624,231,41,190
115000633,260,1046,-786
115000634,2295,536,1759
115000635,602,116,486
115000638,309,337,-28
115000641,38,233,-195
115000642,191,173,18
115000643,93,246,-153
115000644,127,232,-105
115000646,679,1443,-764
115000647,143,382,-239
115000648,1965,1018,947
115000893,1321,1038,283
115000894,119,650,-531
115000895,225,916,-691
115000896,850,449,401
115000897,359,108,251
115000898,334,188,146
115000899,243,1160,-917
115000900,27,329,-302
115000901,36,137,-101
115000912,411,64,347
115000913,3,16,-13
115000915,9,0,9
115000916,3,0,3
115000917,0,3,-3
115000918,25,426,-401
115000919,2,9,-7
115000920,9,53,-44
115000921,170,64,106
115000922,384,669,-285
115000923,168,1390,-1222
115000925,113,87,26
115000927,62,72,-10
115000933,134,385,-251
115000934,127,124,3
115000935,160,50,110
115000936,5,560,-555
115000937,590,170,420
115000938,78,263,-185
115000939,77,185,-108
115000940,5,13,-8
115000941,6,21,-15
115000942,13,147,-134
115000943,19,54,-35
115000944,0,2,-2
115900001,106,18,88
115900002,68,80,-12
115900003,168,32,136
115900004,4,11,-7
115900005,205,8,197
115900006,84,102,-18
115900008,68,13,55
115900009,39,117,-78
115900010,403,82,321
115900011,317,103,214
115900012,179,35,144
115900013,223,122,101
115900014,93,80,13
115900015,171,34,137
115900016,105,22,83
115900017,36,20,16
115900018,124,39,85
115900019,35,8,27
115900020,146,8,138
115900021,468,220,248
115900022,630,11,619
115900023,8,13,-5
115900025,21,138,-117
115900026,470,84,386
115900027,0,119,-119
115900028,293,45,248
115900029,6,174,-168
115900030,28,17,11
115900031,185,259,-74
115900032,389,504,-115
115900033,0,23,-23
115900034,20,150,-130
115900035,40,34,6
115900036,31,1145,-1114
115900037,35,144,-109
115900038,58,26,32
115900039,143,96,47
115900041,209,621,-412
115900042,29,7,22
115900043,102,32,70
115900044,152,201,-49
115900046,336,120,216
115900047,100,156,-56
115900049,178,116,62
115900051,14,27,-13
115900052,10,158,-148
115900053,255,101,154
115900054,300,21,279
115900055,28,92,-64
115900056,159,105,54
115900057,33,27,6
115900058,34,30,4
115900060,54,47,7
115900061,247,1,246
115900062,32,110,-78
115900063,69,4,65
115900064,124,163,-39
115900065,134,19,115
115900066,75,55,20
115900067,25,175,-150
115900068,1548,958,590
115900069,88,99,-11
115900070,153,49,104
115900071,0,128,-128
115900072,30,70,-40
115900073,102,98,4
115900074,2,153,-151
115900075,45,105,-60
115900076,5,36,-31
115900077,3,88,-85
115900078,55,149,-94
115900079,296,8,288
115900080,231,151,80
115900081,24,32,-8
115900082,86,126,-40
115900084,508,17,491
115900085,14,32,-18
115900086,776,343,433
115900088,8,80,-72
115900089,386,340,46
115900090,469,8,461
115900091,3,27,-24
115900092,36,65,-29
115900093,4,8,-4
115900094,5,97,-92
115900096,8,4,4
115900097,14,169,-155
115900098,228,184,44
115900099,44,29,15
115900100,10,199,-189
115900101,182,106,76
115900102,119,47,72
115900103,259,75,184
115900104,61,56,5
115900105,323,203,120
115900106,132,7,125
115900107,92,49,43
115900108,193,26,167
115900109,46,167,-121
115900110,0,9,-9
115900111,1,69,-68
115900112,37,360,-323
115900113,68,12,56
115900114,7,127,-120
115900115,60,128,-68
115900116,71,336,-265
115900117,84,17,67
115900118,5,119,-114
115900119,115,100,15
115900120,28,138,-110
115900121,147,97,50
115900124,174,608,-434
115900125,326,52,274
115900126,682,46,636
115900127,590,51,539
115900128,1,40,-39
115900129,477,58,419
115900130,14,232,-218
115900131,351,28,323
115900132,802,10,792
115900134,326,15,311
115900135,234,805,-571
115900137,31,5,26
115900139,18,52,-34
115900140,333,28,305
115900141,5,23,-18
115900142,2,18,-16
115900143,207,244,-37
115900144,150,140,10
115900146,15,46,-31
115900147,192,220,-28
115900148,87,9,78
115900149,127,10,117
115900150,88,23,65
115900151,10,98,-88
115900152,151,181,-30
115900153,123,124,-1
115900154,325,231,94
115900155,0,13,-13
115900156,532,664,-132
115900157,212,304,-92
115900158,9,5,4
115900159,123,107,16
115900160,3,4,-1
115900161,26,73,-47
115900163,175,54,121
115900164,641,16,625
115900166,132,74,58
115900168,114,73,41
115900171,80,243,-163
115900172,37,68,-31
115900173,202,73,129
115900174,141,173,-32
115900175,150,128,22
115900178,5,237,-232
115900179,347,7,340
115900180,41,78,-37
115900181,191,68,123
115900182,492,90,402
115900183,10,56,-46
115900184,577,7,570
115900187,4,133,-129
115900189,1,222,-221
115900190,78,842,-764
115900191,29,132,-103
115900192,12,88,-76
115900193,212,101,111
115900194,665,50,615
115900195,309,1904,-1595
115900198,223,251,-28
115900199,192,115,77
115900200,183,144,39
115900201,238,287,-49
115900202,0,70,-70
115900203,5,25,-20
115900204,0,7,-7
115900205,49,20,29
115900206,218,88,130
115900207,53,9,44
115900208,103,48,55
115900209,5,72,-67
115900210,5,194,-189
115900211,1,119,-118
115900212,164,111,53
115900213,104,137,-33
115900214,571,133,438
115900215,36,169,-133
115900216,2,95,-93
115900217,4,23,-19
115900218,2,27,-25
115900219,103,0,103
115900220,226,12,214
115900221,112,4,108
115900222,86,47,39
115900223,9,445,-436
115900224,435,1313,-878
115900225,47,37,10
115900226,36,37,-1
115900227,36,34,2
115900228,8,30,-22
115900229,4,26,-22
115900230,35,71,-36
115900231,107,6,101
115900232,51,0,51
115900233,67,10,57
115900234,43,20,23
115900235,17,34,-17
115900236,13,40,-27
115900237,12,8,4
115900238,34,14,20
115900239,13,24,-11
115900240,8,30,-22
115900241,191,57,134
115900242,186,334,-148
115900243,10,5,5
115900244,13,14,-1
115900245,61,11,50
115900246,12,13,-1
115900247,14,6,8
115900248,11,3,8
115900249,11,6,5
115900250,8,8,0
115900251,3,3,0
115900252,2,1,1
115900253,12,12,0
115900254,6,37,-31
115900255,0,17,-17
115900256,8,81,-73
115900257,4,5,-1
115900258,0,3,-3
115900259,6,1,5
115900260,10,0,10
115900261,8,2,6
115900262,3,0,3
115900263,9,0,9
115900264,6,6,0
115900265,3,7,-4
115900266,3,12,-9
115900267,1,19,-18
115900268,2,5,-3
115900269,482,150,332
115900270,303,122,181
115900271,183,0,183
115900272,26,8,18
115900273,6,32,-26
115900274,3,3,0
115900275,4,13,-9
115900276,0,20,-20
115900277,1,45,-44
115900278,42,52,-10
115900279,37,165,-128
115900280,15,470,-455
115900281,162,289,-127
115900282,22,20,2
115900283,21,14,7
115900284,24,5,19
116000001,4265,1981,2284
116000002,3587,10620,-7033
116000003,787,901,-114
116000004,2263,3568,-1305
116000005,938,2180,-1242
116000006,1981,2472,-491
116000007,1590,1580,10
116000008,3240,2227,1013
116000009,744,1068,-324
116000010,2182,1233,949
116000011,605,971,-366
116000012,1694,976,718
116000013,3827,2785,1042
116000014,6072,12544,-6472
116000015,117,1186,-1069
116000016,3291,3337,-46
116000017,13,722,-709
116000018,463,235,228
116000019,660,278,382
116000020,513,864,-351
116000021,510,242,268
116000022,319,267,52
116000023,953,607,346
116000024,481,661,-180
116000025,533,550,-17
116000026,1295,2113,-818
116000027,465,557,-92
116000028,427,811,-384
116000029,378,615,-237
116000030,603,506,97
116000031,135,221,-86
116000032,306,139,167
116000033,353,347,6
116000034,680,667,13
116000035,419,593,-174
116000036,707,1679,-972
116000037,326,373,-47
116000038,161,674,-513
116000039,221,667,-446
116000040,367,497,-130
116000041,83,540,-457
116000042,646,304,342
116000043,84,453,-369
116000044,12,37,-25
116000045,1630,1218,412
116000046,802,1377,-575
116000047,1345,2006,-661
116000048,1735,1401,334
116000049,1230,3027,-1797
116000050,1308,985,323
116000051,4663,2771,1892
116000052,4809,4182,627
116000053,1904,638,1266
116000054,898,2074,-1176
116000055,812,722,90
116000056,872,889,-17
116000057,1999,955,1044
116000058,2603,2005,598
116000059,1790,3171,-1381
116000060,1408,876,532
116000061,514,895,-381
116000062,355,262,93
116000063,445,1133,-688
116000066,190,533,-343
116000067,148,285,-137
116000068,131,263,-132
116000069,209,188,21
116000078,485,743,-258
116000080,1513,552,961
116000082,6,18,-12
116000083,1595,396,1199
116000084,1148,1588,-440
116000085,1883,1760,123
116000086,1117,584,533
116000087,2187,1641,546
116000088,686,518,168
116000089,168,70,98
116000090,110,108,2
116000091,281,306,-25
116000093,567,237,330
116000094,673,364,309
116000095,857,419,438
116000096,679,1109,-430
116000097,966,389,577
116000098,64,5238,-5174
116000099,3151,213,2938
116000100,231,15,216
116000101,931,354,577
116000102,220,562,-342
116000103,508,227,281
116000104,165,628,-463
116000105,885,121,764
116000106,389,683,-294
116000107,2068,255,1813
116000108,409,154,255
116000111,135,49,86
116000113,167,102,65
116000114,27,87,-60
116000115,320,129,191
116000116,214,199,15
116000117,1361,1156,205
116000118,1360,857,503
116000119,2792,1277,1515
116000120,2099,2069,30
116000121,754,449,305
116000122,896,769,127
116000123,1105,375,730
116000124,320,430,-110
116000125,2626,662,1964
116000126,232,693,-461
116000127,701,656,45
116000128,1752,775,977
116000129,1340,195,1145
116000130,751,502,249
116000133,1096,596,500
116000134,1358,911,447
116000135,2280,1052,1228
116000136,669,1009,-340
116000137,1042,535,507
116000138,872,630,242
116000139,1314,1868,-554
116000140,99,160,-61
116000141,348,266,82
116000142,2040,1486,554
116000143,1413,1344,69
116000144,1238,1115,123
116000145,1536,763,773
116000146,674,79,595
116000147,172,105,67
116000148,639,636,3
116000149,641,587,54
116000151,403,307,96
116000153,91,273,-182
116000155,125,192,-67
116000156,441,481,-40
116000157,101,13,88
116000158,338,299,39
116000159,17,14,3
116000160,21,18,3
116000161,17,58,-41
116000162,63,108,-45
116000163,38,5,33
116000164,4,37,-33
116000177,426,122,304
116000194,75,338,-263
116000195,1000,458,542
116000196,19,3,16
116000197,5,19,-14
116000198,1556,871,685
116000200,494,507,-13
116000201,514,549,-35
116000202,14,143,-129
116000203,1,54,-53
116000204,27,43,-16
116000205,0,125,-125
116000206,5,265,-260
116000207,6,55,-49
116000233,146,277,-131
116000287,181,152,29
116000288,312,119,193
116000292,48,67,-19
116000296,13,95,-82
116000297,114,8,106
116000304,144,20,124
116000305,21,44,-23
116000346,171,82,89
116000352,83,38,45
116000354,37,16,21
116000357,11,22,-11
116000358,354,59,295
116000361,136,4,132
116000372,2354,4436,-2082
116000381,102,0,102
116000388,6,35,-29
116000389,599,403,196
116000445,406,230,176
116000446,539,214,325
116000447,23,481,-458
116000448,397,162,235
116000563,570,687,-117
116000565,37,153,-116
116000568,56,306,-250
116000579,14,86,-72
116000583,108,56,52
116000584,24,5,19
116000585,43,24,19
116000586,40,71,-31
116000587,485,449,36
116000589,25,32,-7
116000590,77,61,16
116000591,304,181,123
116000592,6,25,-19
116000593,0,12,-12
116000594,774,170,604
116000595,536,52,484
116000596,154,7,147
116000597,396,118,278
116000598,12,82,-70
116000605,174,77,97
116000606,60,265,-205
116000607,0,60,-60
116000609,62,682,-620
116000611,175,184,-9
116000612,930,1538,-608
116000613,697,260,437
116000614,359,264,95
116000615,3,322,-319
116000616,96,59,37
116000617,99,33,66
116000618,4,37,-33
116000619,38,73,-35
116000620,153,86,67
116000621,81,67,14
116000622,68,126,-58
116000624,377,68,309
116000627,106,21,85
116000628,52,133,-81
116000629,15,83,-68
116000630,339,12,327
116000631,151,27,124
116000632,859,37,822
116000633,174,123,51
116000634,353,76,277
116000635,1650,2108,-458
116000636,464,1152,-688
116000637,450,44,406
116000638,137,156,-19
116000639,80,3,77
116000640,33,18,15
116000641,23,59,-36
116000643,1,67,-66
116000644,36,154,-118
116000645,27,2,25
116900001,257,130,127
116900002,212,0,212
116900003,54,19,35
116900004,36,54,-18
116900005,286,35,251
116900006,82,109,-27
116900007,145,183,-38
116900008,454,123,331
116900009,27,11,16
116900010,1,519,-518
116900011,7,25,-18
116900012,311,177,134
116900013,2,57,-55
116900014,208,60,148
116900016,226,3,223
116900017,0,273,-273
116900018,86,32,54
116900019,3,119,-116
116900020,362,1139,-777
116900023,124,12,112
116900025,1071,360,711
116900026,77,335,-258
116900027,18,31,-13
116900028,2,54,-52
116900029,0,48,-48
116900031,4,0,4
116900032,3,185,-182
116900033,26,3,23
116900034,13,25,-12
116900035,121,105,16
116900036,3,59,-56
116900038,46,3,43
116900041,36,4,32
116900042,241,150,91
116900043,18,47,-29
116900047,17,184,-167
116900049,30,176,-146
116900050,104,247,-143
116900051,174,50,124
116900052,118,41,77
116900055,9,13,-4
116900057,31,90,-59
116900058,53,194,-141
116900059,1,63,-62
116900060,141,146,-5
116900062,2,42,-40
116900064,86,230,-144
116900065,23,59,-36
116900067,75,39,36
116900068,132,107,25
116900070,3,4,-1
116900072,38,134,-96
116900073,20,50,-30
116900074,1,16,-15
116900076,10,53,-43
116900077,8,50,-42
116900078,164,47,117
116900079,40,95,-55
116900080,1,12,-11
116900081,241,714,-473
116900082,293,765,-472
116900083,26,26,0
116900084,83,59,24
116900085,25,106,-81
116900086,50,124,-74
116900088,232,46,186
116900090,59,25,34
116900091,324,13,311
116900092,72,434,-362
116900093,1959,1206,753
116900094,2464,3441,-977
116900095,135,145,-10
116900096,69,388,-319
116900097,1327,2584,-1257
116900098,568,420,148
116900099,281,492,-211
116900100,908,43,865
116900101,176,360,-184
116900103,12,0,12
116900104,52,97,-45
116900105,237,150,87
116900106,1925,119,1806
116900107,1437,2118,-681
116900110,31,8,23
116900111,692,266,426
116900112,299,399,-100
116900113,711,1421,-710
116900116,49,808,-759
116900117,145,160,-15
116900118,723,804,-81
116900120,333,40,293
116900121,144,17,127
116900122,903,292,611
116900123,223,274,-51
116900124,126,552,-426
116900125,472,89,383
116900126,85,485,-400
116900128,0,36,-36
116900129,2,164,-162
116900130,482,2614,-2132
116900131,64,231,-167
116900132,53,107,-54
116900133,127,88,39
116900134,138,151,-13
116900136,202,167,35
116900137,220,68,152
116900138,129,107,22
116900139,87,238,-151
116900140,170,86,84
116900141,595,262,333
116900142,0,77,-77
116900143,251,184,67
116900144,22,86,-64
116900145,50,131,-81
116900147,255,1201,-946
116900148,3,27,-24
116900149,77,264,-187
116900150,9,9,0
116900151,64,21,43
116900153,130,55,75
116900154,157,479,-322
116900155,41,58,-17
116900157,671,109,562
116900158,88,251,-163
116900159,53,286,-233
116900160,533,595,-62
116900161,3087,6550,-3463
116900162,18,47,-29
116900163,198,65,133
116900164,60,71,-11
116900165,320,275,45
116900166,55,31,24
116900167,411,38,373
116900168,399,36,363
116900169,248,937,-689
116900170,341,507,-166
116900171,45,71,-26
116900172,112,468,-356
116900173,186,31,155
116900174,46,47,-1
116900175,132,283,-151
116900178,41,56,-15
116900179,63,390,-327
116900180,69,22,47
116900182,730,215,515
116900183,195,62,133
116900185,46,56,-10
116900186,52,102,-50
116900187,45,46,-1
116900188,114,26,88
116900189,23,2,21
116900191,294,447,-153
116900192,308,62,246
116900194,137,1500,-1363
116900195,45,31,14
116900196,18,42,-24
116900197,113,14,99
116900198,67,259,-192
116900200,93,9,84
116900201,152,10,142
116900202,57,21,36
116900203,122,4,118
116900204,43,113,-70
116900206,28,10,18
116900207,18,26,-8
116900208,16,30,-14
116900209,30,58,-28
116900210,552,276,276
116900211,218,0,218
116900212,113,32,81
116900213,165,94,71
116900214,193,110,83
116900215,43,45,-2
116900216,213,126,87
116900218,3,102,-99
116900219,761,230,531
116900220,138,171,-33
116900221,120,209,-89
116900222,379,343,36
116900223,135,258,-123
116900226,82,21,61
116900227,179,48,131
116900228,284,75,209
116900230,114,301,-187
116900233,760,122,638
116900234,17,10,7
116900235,117,157,-40
116900238,1080,245,835
116900239,21,654,-633
116900240,2549,3034,-485
116900241,119,53,66
116900242,374,720,-346
116900243,0,6,-6
116900245,33,44,-11
116900246,92,6,86
116900247,880,25,855
116900248,78,32,46
116900249,354,46,308
116900250,386,35,351
116900251,311,497,-186
116900252,162,375,-213
116900254,18,68,-50
116900255,110,70,40
116900256,385,72,313
116900257,21,205,-184
116900258,2,87,-85
116900259,279,5,274
116900260,6,45,-39
116900261,112,3,109
116900262,146,106,40
116900263,0,27,-27
116900264,100,35,65
116900265,64,0,64
116900266,24,11,13
116900267,8,8,0
116900268,146,123,23
116900269,265,621,-356
116900271,455,245,210
116900272,239,204,35
116900273,42,171,-129
116900274,115,53,62
116900275,171,57,114
116900276,221,185,36
116900277,235,38,197
116900278,2,5,-3
116900279,1,10,-9
116900280,37,13,24
116900281,2165,3613,-1448
116900282,2,41,-39
116900283,7,53,-46
116900284,5,99,-94
116900285,122,200,-78
116900286,100,19,81
116900287,10,13,-3
116900288,90,54,36
116900289,21,5,16
116900290,30,2,28
116900291,32,15,17
116900292,0,25,-25
116900293,97,21,76
116900294,25,103,-78
116900295,86,123,-37
116900296,35,141,-106
116900297,0,89,-89
116900298,95,221,-126
116900299,15,87,-72
116900300,2,84,-82
116900301,26,305,-279
116900302,22,87,-65
116900303,85,75,10
116900304,2,148,-146
116900305,8,21,-13
116900306,205,54,151
116900307,72,0,72
116900308,0,42,-42
116900309,106,25,81
116900310,21,29,-8
117000001,2002,1640,362
117000002,1656,2916,-1260
117000003,4702,2648,2054
117000004,2031,3213,-1182
117000005,2336,1776,560
117000006,959,1859,-900
117000007,4120,936,3184
117000008,747,1988,-1241
117000009,3588,1448,2140
117000010,1415,2083,-668
117000011,2069,1147,922
117000012,956,824,132
117000013,1705,674,1031
117000014,948,1532,-584
117000015,1862,974,888
117000016,123,223,-100
117000017,108,261,-153
117000018,52,701,-649
117000019,64,47,17
117000020,362,1234,-872
117000021,905,548,357
117000022,183,229,-46
117000023,66,517,-451
117000024,93,446,-353
117000025,208,1400,-1192
117000026,1224,1964,-740
117000027,615,2738,-2123
117000028,694,1767,-1073
117000030,310,363,-53
117000031,400,325,75
117000032,1092,1044,48
117000033,1142,638,504
117000034,420,245,175
117000035,349,346,3
117000036,424,227,197
117000037,298,179,119
117000038,174,438,-264
117000039,376,179,197
117000040,259,432,-173
117000041,889,116,773
117000044,5,398,-393
117000045,431,88,343
117000046,336,652,-316
117000047,911,566,345
117000048,1080,568,512
117000049,65,355,-290
117000050,133,931,-798
117000051,2021,61,1960
117000052,23,180,-157
117000053,523,22,501
117000054,1493,5,1488
117000055,43,1411,-1368
117000056,590,32,558
117000057,413,1529,-1116
117000060,357,829,-472
117000061,1840,827,1013
117000062,199,449,-250
117000063,1866,1042,824
117000064,448,494,-46
117000066,403,614,-211
117000067,78,521,-443
117000074,44,151,-107
117000076,49,41,8
117000077,114,162,-48
117000078,89,482,-393
117000079,369,165,204
117000080,2,199,-197
117000081,920,84,836
117000082,6,36,-30
117000083,166,4,162
117000084,143,1,142
117000085,233,626,-393
117000086,460,252,208
117000087,96,398,-302
117000088,267,92,175
117000089,1629,175,1454
117000090,242,738,-496
117000091,797,234,563
117000092,323,757,-434
117000093,1265,595,670
117000094,1040,1484,-444
117000095,3297,604,2693
117000096,597,1337,-740
117000097,1539,672,867
117000098,1608,2273,-665
117000099,3717,1013,2704
117000100,188,298,-110
117000101,145,633,-488
117000102,1941,699,1242
117000103,545,949,-404
117000104,1512,549,963
117000105,607,935,-328
117000106,1434,628,806
117000107,367,1063,-696
117000108,1984,736,1248
117000109,830,1431,-601
117000110,1661,1104,557
117000111,2825,2834,-9
117000112,2918,1135,1783
117000113,127,113,14
117000114,260,142,118
117000115,87,79,8
117000116,139,163,-24
117000117,1070,977,93
117000118,255,167,88
117000119,116,285,-169
117000120,85,777,-692
117000121,20,784,-764
117000122,378,869,-491
117000123,1393,29,1364
117000124,133,139,-6
117000125,81,378,-297
117000126,55,14,41
117000127,104,282,-178
117000128,129,679,-550
117000129,263,1059,-796
117000130,128,1,127
117000131,0,86,-86
117000132,2573,13,2560
117000133,1893,27,1866
117000134,0,118,-118
117000135,6,104,-98
117000136,0,27,-27
117000137,152,134,18
117000138,3,553,-550
117000140,414,997,-583
117000141,1795,428,1367
117000181,239,114,125
117000182,871,624,247
117000195,107,417,-310
117000196,228,132,96
117000225,46,94,-48
117000226,6,181,-175
117000276,328,18,310
117000277,0,138,-138
117000310,1088,1390,-302
117000315,111,459,-348
117000320,48,1,47
117000906,424,17,407
117000907,13,178,-165
117000909,64,49,15
117000910,246,138,108
117000911,69,117,-48
117000915,1,209,-208
117000916,73,2,71
117000917,1135,38,1097
117000918,106,104,2
117000919,21,25,-4
117000920,2,516,-514
117000921,0,466,-466
117000922,20,47,-27
117000924,425,569,-144
117000926,384,165,219
117000927,250,577,-327
117000928,0,61,-61
117000929,244,170,74
117000930,326,11,315
117000931,66,96,-30
117900002,41,380,-339
117900003,278,279,-1
117900005,6,120,-114
117900006,0,42,-42
117900007,127,59,68
117900008,0,9,-9
117900010,286,44,242
117900011,14,266,-252
117900012,55,57,-2
117900013,0,120,-120
117900014,635,107,528
117900015,17,71,-54
117900016,716,679,37
117900017,542,391,151
117900018,172,361,-189
117900019,499,227,272
117900020,59,451,-392
117900021,40,45,-5
117900023,1090,76,1014
117900024,52,64,-12
117900025,48,9,39
117900026,384,145,239
117900028,43,10,33
117900029,245,312,-67
117900030,567,192,375
117900031,108,209,-101
117900032,741,668,73
117900033,330,318,12
117900034,45,22,23
117900035,146,142,4
117900036,249,223,26
117900037,172,70,102
117900038,32,88,-56
117900039,0,32,-32
117900040,109,180,-71
117900041,1,20,-19
117900042,2224,197,2027
117900043,21,33,-12
117900044,44,2877,-2833
117900045,222,113,109
117900048,368,193,175
117900049,278,217,61
117900050,5,218,-213
117900051,7,3,4
117900052,51,322,-271
117900053,1491,310,1181
117900054,19,30,-11
117900055,592,168,424
117900056,33,65,-32
117900057,751,784,-33
117900058,31,54,-23
117900059,144,111,33
117900060,2533,2527,6
117900061,20,277,-257
117900063,294,124,170
117900065,420,692,-272
117900066,7,71,-64
117900067,607,102,505
117900069,719,162,557
117900070,55,103,-48
117900071,103,97,6
117900073,576,168,408
117900074,38,238,-200
117900075,60,47,13
117900076,53,65,-12
117900077,414,155,259
117900078,352,626,-274
117900080,149,37,112
117900081,207,234,-27
117900082,405,252,153
117900083,359,219,140
117900086,171,37,134
117900087,125,48,77
117900088,1700,1285,415
117900089,1955,585,1370
117900090,483,231,252
117900091,53,81,-28
117900092,65,35,30
117900093,128,38,90
117900094,36,28,8
117900095,353,733,-380
117900096,148,203,-55
117900097,365,42,323
117900098,37,9,28
117900099,161,250,-89
117900100,251,0,251
117900101,435,1700,-1265
117900102,113,27,86
117900103,40,5,35
117900104,4,254,-250
117900105,66,101,-35
117900106,136,50,86
117900107,41,2,39
117900109,722,288,434
117900110,129,0,129
117900111,330,30,300
117900112,39,6,33
117900113,1095,1417,-322
117900114,24,0,24
117900115,62,128,-66
117900116,556,552,4
117900117,570,132,438
117900118,107,0,107
117900119,246,49,197
117900120,293,48,245
117900121,82,25,57
117900122,929,3393,-2464
117900123,482,284,198
117900124,486,435,51
117900125,1314,1531,-217
117900126,119,313,-194
117900127,439,167,272
117900128,280,273,7
117900129,91,2,89
117900130,610,299,311
117900131,0,37,-37
117900132,35,67,-32
117900133,9,41,-32
117900134,29,195,-166
117900135,15,93,-78
117900136,0,30,-30
117900137,26,128,-102
117900138,0,16,-16
117900139,111,71,40
117900140,2861,446,2415
117900141,112,141,-29
117900142,37,123,-86
117900144,31,546,-515
117900145,7,79,-72
117900146,318,203,115
117900147,68,37,31
117900148,1682,1491,191
117900149,113,106,7
117900150,29,20,9
117900151,30,63,-33
117900152,60,59,1
117900153,10,76,-66
117900154,368,399,-31
117900156,509,493,16
117900157,47,405,-358
117900158,242,164,78
117900160,601,645,-44
117900161,1457,1086,371
117900162,451,306,145
117900163,13,323,-310
117900165,0,7,-7
117900166,90,494,-404
117900168,62,119,-57
117900169,1,69,-68
117900170,5,20,-15
117900171,2,23,-21
117900172,13,19,-6
117900173,85,81,4
117900174,20,47,-27
117900175,1,33,-32
117900176,11,29,-18
117900177,25,27,-2
117900178,127,47,80
117900180,226,46,180
117900181,33,320,-287
117900182,1,29,-28
117900183,68,149,-81
117900184,18,56,-38
117900185,58,49,9
117900186,51,21,30
117900187,15,8,7
117900188,149,44,105
117900189,71,27,44
117900190,43,1,42
117900191,78,0,78
117900192,225,0,225
117900193,14,31,-17
117900194,8,5,3
117900195,13,80,-67
117900196,20,33,-13
117900207,133,141,-8
117900208,21,14,7
117900209,148,104,44
117900210,81,119,-38
117900211,4,97,-93
117900212,130,130,0
117900213,26,9,17
117900214,5,10,-5
117900215,34,57,-23
117900216,36,34,2
117900217,42,169,-127
117900218,89,177,-88
117900219,6,110,-104
117900220,35,122,-87
117900222,133,110,23
117900223,79,225,-146
118000001,452,1135,-683
118000002,336,1064,-728
118000003,1789,2998,-1209
118000004,1384,2006,-622
118000005,1954,3575,-1621
118000006,1972,5004,-3032
118000007,2970,3661,-691
118000008,1464,2370,-906
118000009,1230,2138,-908
118000010,4406,2724,1682
118000011,1260,998,262
118000012,698,914,-216
118000013,1564,1208,356
118000014,1333,1127,206
118000016,157,224,-67
118000017,513,260,253
118000018,312,251,61
118000019,1214,1613,-399
118000020,748,2250,-1502
118000021,490,2255,-1765
118000022,900,568,332
118000023,458,197,261
118000024,579,760,-181
118000027,6142,7667,-1525
118000029,342,593,-251
118000032,255,2434,-2179
118000033,1877,4427,-2550
118000034,2679,2285,394
118000035,1736,2399,-663
118000036,652,1034,-382
118000037,506,755,-249
118000038,201,61,140
118000039,61,86,-25
118000040,1230,968,262
118000041,1985,1007,978
118000045,211,154,57
118000046,655,701,-46
118000047,434,1078,-644
118000048,1084,1721,-637
118000051,1487,2427,-940
118000052,928,1150,-222
118000053,119,237,-118
118000054,1490,517,973
118000055,1032,931,101
118000056,225,369,-144
118000057,173,288,-115
118000058,1370,2296,-926
118000059,1155,1675,-520
118000060,962,480,482
118000061,1267,755,512
118000062,449,217,232
118000063,252,729,-477
118000064,418,1175,-757
118000065,1365,1180,185
118000066,905,2031,-1126
118000067,342,514,-172
118000068,785,4801,-4016
118000069,1273,833,440
118000070,2814,1283,1531
118000071,1673,5403,-3730
118000072,537,1499,-962
118000073,485,688,-203
118000074,390,349,41
118000075,547,181,366
118000076,1032,2590,-1558
118000077,867,1179,-312
118000078,1415,2173,-758
118000079,183,356,-173
118000080,600,768,-168
118000081,1325,1413,-88
118000082,225,955,-730
118000083,952,1460,-508
118000084,1913,1411,502
118000086,156,474,-318
118000087,2437,1711,726
118000088,1011,1303,-292
118000089,2439,1790,649
118000090,731,2028,-1297
118000091,703,2204,-1501
118000092,654,434,220
118000093,64,557,-493
118000096,466,529,-63
118000097,605,699,-94
118000098,190,153,37
118000099,858,408,450
118000101,1087,250,837
118000102,450,629,-179
118000107,1029,337,692
118000108,512,2281,-1769
118000110,3,35,-32
118000111,0,117,-117
118000112,650,5,645
118000113,5,241,-236
118000114,413,13,400
118000115,11,7,4
118000116,20,0,20
118000117,648,557,91
118000118,748,1220,-472
118000119,756,1104,-348
118000120,1093,788,305
118000121,50,652,-602
118000122,652,262,390
118000123,63,232,-169
118000125,855,640,215
118000126,418,1323,-905
118000127,915,572,343
118000128,307,1002,-695
118000129,742,308,434
118000130,1232,1686,-454
118000131,197,358,-161
118000132,2330,1659,671
118000133,1006,408,598
118000135,456,481,-25
118000136,142,389,-247
118000137,323,54,269
118000138,363,257,106
118000139,389,67,322
118000140,2210,4667,-2457
118000141,1867,1174,693
118000142,1596,1083,513
118000143,2209,1214,995
118000144,893,456,437
118000145,1457,996,461
118000146,1185,425,760
118000147,901,992,-91
118000148,483,783,-300
118000149,1088,592,496
118000150,394,306,88
118000151,588,302,286
118000153,1307,812,495
118000154,1223,1290,-67
118000155,1585,1056,529
118000156,1276,1959,-683
118000157,508,315,193
118000158,279,391,-112
118000159,12,71,-59
118000160,486,362,124
118000161,573,455,118
118000162,1226,845,381
118000163,763,579,184
118000164,1489,1133,356
118000168,417,463,-46
118000169,677,687,-10
118000170,2038,1956,82
118000171,279,228,51
118000172,96,126,-30
118000173,817,974,-157
118000175,231,379,-148
118000176,281,642,-361
118000177,240,603,-363
118000178,33,55,-22
118000179,781,1252,-471
118000180,662,661,1
118000181,589,256,333
118000182,256,233,23
118000183,207,256,-49
118000184,798,516,282
118000185,856,1272,-416
118000186,647,1037,-390
118000187,1498,396,1102
118000188,463,65,398
118000189,620,239,381
118000190,7,5,2
118000191,37,25,12
118000192,38,66,-28
118000193,22,155,-133
118000194,755,555,200
118000195,232,1306,-1074
118000196,96,209,-113
118000197,54,129,-75
118000198,331,601,-270
118000199,192,405,-213
118000200,53,205,-152
118000201,205,539,-334
118000202,31,66,-35
118000203,294,641,-347
118000204,47,291,-244
118000205,122,268,-146
118000206,166,188,-22
118000207,0,18,-18
118000208,923,894,29
118000209,1993,929,1064
118000210,80,36,44
118000211,38,24,14
118000213,608,2260,-1652
118000214,242,530,-288
118000215,246,86,160
118000216,2205,827,1378
118000217,19,58,-39
118000218,79,60,19
118000219,222,154,68
118000220,6,24,-18
118000221,326,294,32
118000222,64,2,62
118000223,34,33,1
118000224,83,63,20
118000225,109,508,-399
118000226,720,198,522
118000227,554,382,172
118000228,52,194,-142
118000229,39,153,-114
118000230,87,119,-32
118000231,42,133,-91
118000232,745,343,402
118000233,1035,501,534
118000234,414,110,304
118000236,224,163,61
118000237,102,137,-35
118000238,234,83,151
118000239,348,178,170
118000240,163,95,68
118000241,198,88,110
118000242,333,172,161
118000243,237,111,126
118000244,52,49,3
118000246,1,21,-20
118000255,42,176,-134
118000256,80,142,-62
118000259,2,46,-44
118000260,180,46,134
118000261,35,15,20
118000263,44,84,-40
118000266,113,145,-32
118000267,0,149,-149
118000268,146,1,145
118000270,83,7,76
118000271,179,185,-6
118000272,106,33,73
118000273,183,69,114
118000274,65,219,-154
118000276,393,178,215
118000295,15,122,-107
118000298,115,163,-48
118000299,71,92,-21
118000301,0,114,-114
118000302,140,58,82
118000311,685,64,621
118000312,254,102,152
118000313,43,50,-7
118000314,128,17,111
118000315,13,9,4
118000316,602,337,265
118000325,31,14,17
118000326,33,14,19
118000331,65,16,49
118000332,7,14,-7
118000333,23,18,5
118000335,371,2,369
118000336,0,113,-113
118000407,174,29,145
118000457,7,41,-34
118000465,758,2635,-1877
118000480,46,39,7
118000489,19,288,-269
118000490,10,107,-97
118000492,287,122,165
118000510,28,19,9
118000514,65,258,-193
118000515,449,654,-205
118000517,180,132,48
118000524,119,218,-99
118000525,466,462,4
118000530,19,66,-47
118000531,299,206,93
118000532,254,179,75
118000533,270,117,153
118000534,480,281,199
118000535,252,156,96
118000536,104,748,-644
118000537,32,113,-81
118000538,47,76,-29
118000539,1,57,-56
118000540,161,81,80
118000541,136,42,94
118000542,61,121,-60
118000543,108,174,-66
118000546,29,15,14
118000553,0,0,0
118000560,995,1851,-856
118000562,24,54,-30
118000563,1001,832,169
118000576,199,66,133
118000577,241,166,75
118000578,104,32,72
118000579,600,1138,-538
118000583,0,0,0
118000595,214,125,89
118000596,0,209,-209
118000597,176,134,42
118000598,3,0,3
118000599,70,40,30
118000600,3,6,-3
118000601,8,1,7
118000602,0,13,-13
118000603,0,16,-16
118000605,55,105,-50
118000606,26,26,0
118900001,290,1152,-862
118900002,639,703,-64
118900003,403,8,395
118900004,35,20,15
118900005,74,14,60
118900006,164,4,160
118900007,1,0,1
118900008,1046,49,997
118900009,88,52,36
118900010,65,12,53
118900011,110,18,92
118900012,264,188,76
118900013,570,160,410
118900015,211,49,162
118900016,10,2,8
118900017,97,250,-153
118900018,754,41,713
118900019,17,9,8
118900020,97,171,-74
118900021,112,244,-132
118900022,94,95,-1
118900023,83,75,8
118900024,74,124,-50
118900025,32,30,2
118900026,52,43,9
118900027,258,104,154
118900028,149,91,58
118900029,260,375,-115
118900030,413,37,376
118900031,171,44,127
118900032,232,81,151
118900033,305,485,-180
118900034,134,32,102
118900035,102,65,37
118900036,1048,482,566
118900037,233,354,-121
118900038,374,73,301
118900039,501,96,405
118900040,202,125,77
118900041,462,108,354
118900042,173,72,101
118900045,299,139,160
118900046,532,344,188
118900047,275,189,86
118900048,65,295,-230
118900049,50,31,19
118900050,71,24,47
118900051,64,115,-51
118900052,190,310,-120
118900053,32,84,-52
118900054,141,30,111
118900055,102,47,55
118900056,54,249,-195
118900057,602,424,178
118900058,368,256,112
118900059,17,65,-48
118900060,38,107,-69
118900062,498,152,346
118900064,178,459,-281
118900065,65,68,-3
118900066,101,58,43
118900067,1902,2921,-1019
118900068,13,150,-137
118900069,482,176,306
118900071,12,31,-19
118900072,373,271,102
118900073,135,99,36
118900074,148,48,100
118900075,62,27,35
118900076,170,149,21
118900077,231,142,89
118900078,13,3,10
118900079,36,97,-61
118900080,17,56,-39
118900081,66,38,28
118900082,1180,122,1058
118900083,26,8,18
118900084,29,16,13
118900085,519,443,76
118900086,26,81,-55
118900087,28,259,-231
118900088,0,1,-1
118900089,16,31,-15
118900090,504,184,320
118900091,112,151,-39
118900092,134,32,102
118900093,70,16,54
118900096,78,128,-50
118900097,297,287,10
118900099,76,170,-94
118900100,67,130,-63
118900101,125,147,-22
118900102,24,49,-25
118900103,24,77,-53
118900104,65,22,43
118900105,143,72,71
118900107,80,44,36
118900108,65,61,4
118900110,842,700,142
118900111,488,279,209
118900112,64,124,-60
118900113,69,190,-121
118900114,3,47,-44
118900115,49,318,-269
118900116,135,184,-49
118900117,136,175,-39
118900118,223,193,30
118900119,151,135,16
118900120,72,239,-167
118900121,15,39,-24
118900122,8,877,-869
118900123,121,134,-13
118900124,87,95,-8
118900126,31,336,-305
118900129,169,182,-13
118900130,52,185,-133
118900131,173,116,57
118900132,209,162,47
118900133,7,90,-83
118900135,145,108,37
118900136,236,294,-58
118900137,14,46,-32
118900139,215,110,105
118900140,373,345,28
118900141,39,48,-9
118900144,158,199,-41
118900145,11,51,-40
118900146,340,432,-92
118900147,105,198,-93
118900148,73,44,29
118900150,95,376,-281
118900152,548,353,195
118900157,47,157,-110
118900158,138,26,112
118900159,1,102,-101
118900161,56,5,51
118900163,53,51,2
118900164,1,33,-32
118900165,37,39,-2
118900166,54,2,52
118900167,69,46,23
118900168,18,137,-119
118900169,105,97,8
118900170,149,37,112
118900171,26,39,-13
118900174,36,62,-26
118900175,344,298,46
118900176,158,222,-64
118900177,64,38,26
118900178,61,103,-42
118900179,1,2,-1
118900181,80,42,38
118900182,49,25,24
118900183,34,66,-32
118900184,222,52,170
118900185,123,58,65
118900186,71,92,-21
118900187,186,232,-46
118900188,228,159,69
118900189,49,805,-756
118900190,24,132,-108
118900191,199,27,172
118900192,213,8,205
118900193,680,10,670
118900195,139,321,-182
118900196,43,133,-90
118900197,130,22,108
118900198,18,8,10
118900199,81,21,60
118900200,23,22,1
118900201,26,43,-17
118900202,8,31,-23
118900203,21,5,16
118900204,12,9,3
118900205,1,5,-4
118900206,1,7,-6
119000001,1058,1722,-664
119000002,3306,2728,578
119000003,2373,565,1808
119000004,1781,1021,760
119000005,1530,1614,-84
119000006,2996,1205,1791
119000007,2598,2421,177
119000008,1507,1040,467
119000009,2462,4234,-1772
119000010,3465,3165,300
119000011,1965,2249,-284
119000012,1091,2302,-1211
119000013,2276,1394,882
119000014,1046,1592,-546
119000019,216,107,109
119000020,2169,1051,1118
119000021,3954,2379,1575
119000022,1048,2223,-1175
119000023,295,178,117
119000024,1109,10529,-9420
119000025,2458,633,1825
119000026,59,474,-415
119000027,185,220,-35
119000028,1211,337,874
119000029,65,214,-149
119000030,445,547,-102
119000031,713,458,255
119000032,1319,1428,-109
119000033,1702,908,794
119000034,762,452,310
119000035,29,180,-151
119000036,1788,515,1273
119000037,1073,722,351
119000038,164,347,-183
119000039,444,257,187
119000040,582,487,95
119000041,506,1046,-540
119000048,1765,1325,440
119000049,1837,1056,781
119000050,1081,1067,14
119000051,1622,729,893
119000052,1564,1899,-335
119000053,1340,854,486
119000054,2741,1586,1155
119000055,4113,2095,2018
119000056,2639,1417,1222
119000057,1354,1027,327
119000058,1248,960,288
119000059,928,841,87
119000060,1193,730,463
119000061,782,448,334
119000062,806,819,-13
119000063,545,372,173
119000064,603,631,-28
119000065,1429,2295,-866
119000066,1617,961,656
119000067,1611,1144,467
119000068,1365,727,638
119000069,1478,1346,132
119000070,2251,563,1688
119000071,340,416,-76
119000072,3064,1963,1101
119000073,2571,5426,-2855
119000074,1169,1145,24
119000075,2679,1512,1167
119000076,213,973,-760
119000077,405,487,-82
119000078,386,226,160
119000079,122,465,-343
119000080,643,112,531
119000081,154,212,-58
119000082,659,166,493
119000083,576,394,182
119000084,266,208,58
119000085,320,125,195
119000086,279,339,-60
119000087,835,404,431
119000088,298,192,106
119000089,64,159,-95
119000090,88,87,1
119000091,48,281,-233
119000092,250,132,118
119000093,2539,1625,914
119000094,3053,3754,-701
119000095,1750,1996,-246
119000097,1349,819,530
119000098,838,2440,-1602
119000099,1918,814,1104
119000100,3230,2422,808
119000101,2830,1106,1724
119000102,591,1187,-596
119000103,1083,554,529
119000104,1338,751,587
119000105,728,2071,-1343
119000106,285,539,-254
119000107,914,390,524
119000108,376,484,-108
119000109,99,507,-408
119000110,220,399,-179
119000111,23,618,-595
119000112,104,116,-12
119000113,1041,260,781
119000114,1139,826,313
119000115,171,94,77
119000116,69,99,-30
119000117,133,278,-145
119000118,3,0,3
119000123,2993,2200,793
119000124,699,120,579
119000125,3850,459,3391
119000126,1280,345,935
119000127,546,273,273
119000128,7,5,2
119000131,888,276,612
119000132,1,4,-3
119000133,0,6,-6
119000134,934,384,550
119000135,147,135,12
119000136,274,67,207
119000137,304,142,162
119000138,603,117,486
119000139,173,69,104
119000140,265,274,-9
119000284,874,1481,-607
119000285,1343,1217,126
119000286,3241,2844,397
119000287,963,1198,-235
119000288,1599,617,982
119000289,999,1440,-441
119000290,206,196,10
119000291,11,91,-80
119000293,115,132,-17
119000294,38,37,1
119000295,688,179,509
119000296,299,125,174
119000302,1077,820,257
119000303,148,118,30
119000304,0,0,0
119000314,973,9593,-8620
119000315,0,138,-138
119000316,195,55,140
119000317,109,124,-15
119900001,193,1342,-1149
119900002,158,162,-4
119900003,20,423,-403
119900004,184,1671,-1487
119900005,228,59,169
119900006,177,389,-212
119900007,857,321,536
119900008,192,25,167
119900009,518,421,97
119900010,427,766,-339
119900011,14,156,-142
119900012,15,100,-85
119900013,1770,1225,545
119900014,361,172,189
119900015,184,41,143
119900016,46,40,6
119900017,60,80,-20
119900018,1141,791,350
119900019,46,12,34
119900020,119,131,-12
119900021,170,47,123
119900022,51,769,-718
119900023,265,1913,-1648
119900025,391,24,367
119900026,419,166,253
119900027,25,16,9
119900028,199,130,69
119900029,5,2,3
119900030,388,278,110
119900031,54,487,-433
119900033,1516,252,1264
119900034,600,74,526
119900037,217,13,204
119900038,81,351,-270
119900039,29,10,19
119900040,95,19,76
119900041,160,17,143
119900042,89,136,-47
119900043,105,129,-24
119900044,122,869,-747
119900046,183,28,155
119900047,327,107,220
119900048,231,13,218
119900049,168,1,167
119900050,59,128,-69
119900051,879,15,864
119900052,62,14,48
119900053,209,102,107
119900054,224,6,218
119900055,1244,508,736
119900057,277,27,250
119900058,281,7,274
119900059,87,30,57
119900060,327,30,297
119900061,255,4,251
119900062,86,14,72
119900063,8,39,-31
119900065,149,11,138
119900067,101,12,89
119900068,576,1,575
119900069,94,5,89
119900070,894,3,891
119900071,655,21,634
119900073,970,515,455
119900074,31,36,-5
119900075,1696,1920,-224
119900076,853,172,681
119900077,882,336,546
119900078,709,611,98
119900079,389,93,296
119900080,308,168,140
119900081,737,72,665
119900082,1229,129,1100
119900083,244,93,151
119900084,374,201,173
119900085,68,38,30
119900086,362,468,-106
119900087,507,372,135
119900088,24,22,2
119900089,26,197,-171
119900090,85,40,45
119900091,49,328,-279
119900092,22,214,-192
119900093,970,159,811
119900094,55,127,-72
119900095,156,89,67
119900096,35,106,-71
119900097,209,109,100
119900098,32,33,-1
119900099,33,119,-86
119900100,941,2164,-1223
119900101,100,1078,-978
119900102,68,140,-72
119900103,37,142,-105
119900104,36,86,-50
119900105,488,2516,-2028
119900106,7,114,-107
119900107,216,1062,-846
119900108,2820,475,2345
119900109,13,101,-88
119900110,570,325,245
119900111,112,123,-11
119900112,664,477,187
119900113,61,172,-111
119900114,230,493,-263
119900115,419,547,-128
119900116,109,406,-297
119900117,297,301,-4
119900118,137,417,-280
119900119,185,122,63
119900120,416,297,119
119900121,460,348,112
119900122,237,195,42
119900123,131,209,-78
119900124,172,381,-209
119900125,39,180,-141
119900126,2176,189,1987
119900127,1312,799,513
119900128,378,289,89
119900129,226,206,20
119900130,17,168,-151
119900131,61,112,-51
119900132,27,122,-95
119900133,42,65,-23
119900134,684,151,533
119900135,1,194,-193
119900136,179,231,-52
119900138,220,285,-65
119900139,40,71,-31
119900140,2,98,-96
119900141,42,624,-582
119900142,1,15,-14
119900143,26,181,-155
119900144,961,164,797
119900145,66,76,-10
119900146,95,106,-11
119900147,2,90,-88
119900148,196,35,161
119900149,371,3719,-3348
119900150,102,75,27
119900151,1053,697,356
119900152,154,143,11
119900153,217,39,178
119900154,23,222,-199
119900155,26,29,-3
119900156,19,5,14
119900157,115,100,15
119900158,185,46,139
119900159,9,451,-442
119900160,27,57,-30
119900161,116,77,39
119900162,964,773,191
119900163,77,106,-29
119900164,5,0,5
119900165,108,65,43
119900166,81,31,50
119900167,59,49,10
119900168,914,385,529
119900169,58,222,-164
119900170,144,206,-62
119900171,781,244,537
119900172,66,22,44
119900173,4,155,-151
119900174,0,92,-92
119900175,1354,370,984
119900177,12,97,-85
119900178,26,100,-74
119900179,94,512,-418
119900180,939,701,238
119900181,42,104,-62
119900182,4,126,-122
119900183,89,463,-374
119900184,716,276,440
119900185,89,254,-165
119900186,19,1071,-1052
119900187,4,144,-140
119900188,98,180,-82
119900189,236,268,-32
119900190,92,260,-168
119900191,133,294,-161
119900192,60,109,-49
119900193,411,106,305
119900194,31,67,-36
119900195,47,102,-55
119900196,334,151,183
119900197,242,130,112
119900198,316,183,133
119900199,101,15,86
119900200,590,411,179
119900201,177,134,43
119900202,76,241,-165
119900203,155,444,-289
119900204,285,150,135
119900205,788,270,518
119900206,247,96,151
119900208,131,174,-43
119900209,480,1364,-884
119900210,43,39,4
119900211,72,2,70
119900212,371,253,118
119900213,11,52,-41
119900214,58,55,3
119900215,79,54,25
119900216,21,22,-1
119900217,13,24,-11
119900218,10,56,-46
119900219,10,51,-41
119900220,18,57,-39
119900221,44,126,-82
119900222,47,72,-25
119900223,12,38,-26
119900224,16,12,4
119900225,432,60,372
119900226,235,1518,-1283
119900227,370,201,169
119900228,219,143,76
119900229,339,291,48
119900230,889,245,644
119900231,309,96,213
119900232,180,137,43
119900233,69,12,57
119900234,18,25,-7
119900235,7,23,-16
119900236,13,92,-79
119900237,41,183,-142
119900238,1,55,-54
119900240,95,100,-5
119900241,142,135,7
119900242,764,993,-229
119900244,420,779,-359
119900245,115,155,-40
119900246,246,519,-273
119900247,21,151,-130
119900248,52,243,-191
119900249,218,141,77
119900253,874,266,608
119900254,62,841,-779
119900255,107,714,-607
119900256,763,322,441
119900257,55,2,53
119900258,166,4,162
119900259,17,47,-30
119900260,123,11,112
119900261,400,287,113
119900262,0,106,-106
119900263,1035,232,803
119900264,126,72,54
119900265,513,234,279
119900266,430,130,300
119900267,188,301,-113
119900268,169,66,103
119900269,1033,438,595
119900271,22,67,-45
119900272,341,319,22
119900275,193,42,151
119900276,70,6,64
119900277,11,5,6
119900278,98,73,25
119900279,61,202,-141
119900280,409,77,332
119900281,3,254,-251
119900282,38,151,-113
119900283,31,116,-85
119900284,32,105,-73
119900285,12,86,-74
119900286,0,12,-12
119900288,3,7,-4
119900289,0,8,-8
119900290,2,9,-7
119900291,0,48,-48
119900292,50,77,-27
119900293,42,46,-4
119900294,50,76,-26
119900295,36,36,0
119900296,91,104,-13
119900297,1,23,-22
119900298,3,7,-4
119900299,42,85,-43
119900300,197,94,103
119900301,24,45,-21
119900302,14,13,1
119900303,253,87,166
119900304,124,22,102
119900305,2,83,-81
119900306,21,9,12
119900307,51,14,37
119900308,5,19,-14
119900309,32,145,-113
119900310,241,234,7
119900311,133,49,84
119900312,104,34,70
119900313,246,171,75
119900314,174,305,-131
119900315,1931,818,1113
119900318,10,58,-48
119900319,0,109,-109
119900320,216,229,-13
119900321,126,5,121
120000001,4395,16225,-11830
120000002,2046,1643,403
120000003,2081,1176,905
120000004,1933,1160,773
120000005,2002,1343,659
120000006,969,921,48
120000007,2127,2697,-570
120000008,740,985,-245
120000009,1453,786,667
120000010,1640,1877,-237
120000011,848,946,-98
120000012,1333,1397,-64
120000013,2753,2025,728
120000014,538,1024,-486
120000015,2024,1113,911
120000016,3150,1741,1409
120000017,3073,2183,890
120000018,2443,10805,-8362
120000019,982,1231,-249
120000020,2336,3101,-765
120000021,1640,2028,-388
120000022,2137,3274,-1137
120000023,1109,1363,-254
120000024,1093,2196,-1103
120000025,2315,1489,826
120000026,2420,1304,1116
120000027,2038,1670,368
120000028,729,2943,-2214
120000029,624,1394,-770
120000030,694,602,92
120000031,1471,3389,-1918
120000032,4106,2671,1435
120000033,3889,1307,2582
120000034,1994,1106,888
120000035,2312,1398,914
120000036,3026,4327,-1301
120000037,472,1264,-792
120000038,3172,2587,585
120000039,600,674,-74
120000040,154,611,-457
120000041,510,866,-356
120000042,1435,1086,349
120000043,3265,927,2338
120000044,4744,1145,3599
120000045,6203,822,5381
120000046,4231,2163,2068
120000047,409,5124,-4715
120000048,4954,3436,1518
120000049,3022,2475,547
120000050,2969,2991,-22
120000051,2171,3017,-846
120000052,5272,1445,3827
120000053,1469,1199,270
120000054,1360,2234,-874
120000055,1630,2788,-1158
120000056,4071,2564,1507
120000057,4078,1373,2705
120000058,1172,1972,-800
120000059,6,1338,-1332
120000061,91,317,-226
120000062,116,270,-154
120000063,847,1505,-658
120000064,296,639,-343
120000065,559,944,-385
120000066,198,382,-184
120000067,39,303,-264
120000068,186,395,-209
120000069,461,376,85
120000070,63,354,-291
120000071,547,79,468
120000072,877,372,505
120000073,860,89,771
120000074,100,115,-15
120000075,821,308,513
120000076,2413,486,1927
120000077,1914,638,1276
120000078,2399,1069,1330
120000079,581,300,281
120000080,397,264,133
120000081,467,188,279
120000082,441,296,145
120000083,141,782,-641
120000084,272,294,-22
120000085,272,352,-80
120000086,282,345,-63
120000087,211,292,-81
120000088,721,706,15
120000089,1030,341,689
120000090,726,358,368
120000091,861,634,227
120000092,1253,484,769
120000093,590,364,226
120000094,219,616,-397
120000095,762,283,479
120000096,268,432,-164
120000098,565,415,150
120000099,242,453,-211
120000100,576,625,-49
120000101,654,366,288
120000102,563,791,-228
120000103,1435,797,638
120000104,1797,492,1305
120000105,2910,674,2236
120000106,2514,652,1862
120000107,3860,596,3264
120000108,1557,129,1428
120000109,1292,85,1207
120000110,96,690,-594
120000111,114,689,-575
120000112,653,1554,-901
120000113,585,1273,-688
120000114,819,1513,-694
120000115,284,1177,-893
120000116,555,1277,-722
120000117,692,961,-269
120000118,92,35,57
120000119,16,65,-49
120000120,104,70,34
120000121,37,40,-3
120000122,209,222,-13
120000123,2151,6371,-4220
120000124,389,510,-121
120000125,617,352,265
120000126,202,680,-478
120000127,1183,1260,-77
120000128,1711,3817,-2106
120000129,204,345,-141
120000130,781,602,179
120000131,417,487,-70
120000134,289,420,-131
120000135,702,411,291
120000137,241,438,-197
120000138,1194,195,999
120000139,276,290,-14
120000140,1032,254,778
120000141,379,320,59
120000142,845,415,430
120000143,1,76,-75
120000144,147,6,141
120000145,422,3,419
120000146,728,831,-103
120000149,490,631,-141
120000150,1581,8993,-7412
120000151,333,339,-6
120000152,458,118,340
120000153,226,384,-158
120000154,453,413,40
120000155,189,301,-112
120000156,511,1405,-894
120000157,752,461,291
120000158,753,511,242
120000159,1775,1584,191
120000160,2103,1659,444
120000161,2381,1564,817
120000162,85,230,-145
120000163,891,648,243
120000164,717,215,502
120000165,587,465,122
120000166,1259,289,970
120000167,295,157,138
120000168,7,585,-578
120000169,65,2269,-2204
120000170,33,2700,-2667
120000171,26,957,-931
120000172,27,713,-686
120000173,414,3279,-2865
120000174,49,79,-30
120000175,58,108,-50
120000176,59,45,14
120000177,595,99,496
120000178,14,27,-13
120000179,45,74,-29
120000180,123,57,66
120000181,37,1154,-1117
120000182,43,869,-826
120000183,8,277,-269
120000184,271,918,-647
120000186,47,1843,-1796
120000187,38,695,-657
120000188,48,908,-860
120000190,172,85,87
120000191,186,217,-31
120000192,181,61,120
120000193,95,8,87
120000195,10,2,8
120000196,43,9,34
120000197,16,29,-13
120000198,235,25,210
120000199,127,0,127
120000200,188,2,186
120000201,16,41,-25
120000202,1,35,-34
120000203,62,108,-46
120000207,0,35,-35
120000208,11,129,-118
120000209,14,49,-35
120000210,208,224,-16
120000211,118,3,115
120000212,176,1,175
120000213,110,89,21
120000214,1,75,-74
120000215,2,44,-42
120000216,77,10,67
120000217,315,707,-392
120000218,87,426,-339
120000219,1,282,-281
120000220,7,749,-742
120000225,2109,18,2091
120000226,415,2,413
120000227,737,45,692
120000228,9980,3162,6818
120000230,499,19,480
120000231,1521,1106,415
120000233,333,3,330
120000235,329,362,-33
120000236,924,0,924
120000237,0,646,-646
120000238,4,1815,-1811
120000241,1077,2715,-1638
120000412,253,6,247
120000413,293,88,205
120000414,229,0,229
120000415,0,41,-41
120000416,85,3,82
120000417,10,78,-68
120000418,230,16,214
120000419,13,93,-80
120000420,127,63,64
120000421,5101,3317,1784
120000422,66,1097,-1031
120000423,3,58,-55
120000424,143,59,84
120000436,86,601,-515
120000437,124,109,15
120000438,1342,190,1152
120000439,227,577,-350
120000443,84,1,83
120000444,1446,297,1149
120000445,1921,887,1034
120000446,804,272,532
120000447,195,3,192
120000449,200,4,196
120000450,10,59,-49
120000451,114,103,11
120000452,101,4,97
120000453,0,74,-74
120000454,80,131,-51
120000455,98,42,56
120000456,2231,3423,-1192
120000457,424,343,81
120000458,390,379,11
120000459,65,56,9
120000665,307,217,90
120000668,150,1275,-1125
120000669,144,153,-9
120000670,83,1186,-1103
120000671,1508,514,994
120000672,102,429,-327
120900001,89,114,-25
120900002,91,511,-420
120900003,142,9,133
120900004,16,101,-85
120900005,18,460,-442
120900006,506,190,316
120900007,187,55,132
120900008,330,584,-254
120900009,434,10,424
120900010,534,127,407
120900011,100,226,-126
120900012,75,1082,-1007
120900013,330,84,246
120900014,2,245,-243
120900015,994,84,910
120900016,1080,55,1025
120900017,1192,42,1150
120900018,95,266,-171
120900019,624,463,161
120900020,731,1117,-386
120900021,827,217,610
120900022,21,248,-227
120900023,450,258,192
120900024,1265,451,814
120900025,1199,936,263
120900026,82,86,-4
120900027,666,11,655
120900028,446,148,298
120900029,88,672,-584
120900030,1503,643,860
120900031,267,121,146
120900032,1334,98,1236
120900033,1007,84,923
120900034,28,2410,-2382
120900035,17,40,-23
120900037,294,13,281
120900038,91,409,-318
120900039,118,60,58
120900040,460,6,454
120900041,67,32,35
120900042,801,41,760
120900043,52,35,17
120900044,16,290,-274
120900045,174,40,134
120900046,650,6,644
120900047,231,151,80
120900048,181,39,142
120900049,636,1,635
120900050,1040,1756,-716
120900051,471,82,389
120900052,641,4,637
120900053,433,27,406
120900054,1076,314,762
120900055,557,5,552
120900056,810,33,777
120900057,207,20,187
120900058,810,5,805
120900059,162,0,162
120900060,62,20,42
120900061,193,141,52
120900062,284,0,284
120900063,919,23,896
120900064,810,0,810
120900065,744,1,743
120900066,488,158,330
120900067,195,65,130
120900068,307,3,304
120900069,385,21,364
120900071,39,0,39
120900072,1102,6,1096
120900073,775,98,677
120900074,819,27,792
120900076,427,1,426
120900077,1241,250,991
120900078,911,496,415
120900079,899,78,821
120900080,1132,698,434
120900081,1201,303,898
120900082,336,433,-97
120900083,71,3,68
120900084,449,638,-189
120900085,54,114,-60
120900086,71,381,-310
120900087,427,482,-55
120900088,157,609,-452
120900089,1472,3181,-1709
120900090,206,17,189
120900091,574,1044,-470
120900092,619,218,401
120900093,1015,120,895
120900094,233,126,107
120900095,279,9,270
120900096,41,146,-105
120900097,570,338,232
120900098,151,138,13
120900099,82,50,32
120900100,48,141,-93
120900101,327,142,185
120900102,75,73,2
120900103,71,177,-106
120900104,32,44,-12
120900105,35,230,-195
120900106,753,267,486
120900107,149,90,59
120900108,25,240,-215
120900109,26,283,-257
120900110,14,235,-221
120900111,152,205,-53
120900112,7,358,-351
120900113,9,374,-365
120900114,22,95,-73
120900115,103,194,-91
120900116,483,133,350
120900117,6,209,-203
120900118,25,329,-304
120900119,7066,2235,4831
120900120,72,277,-205
120900121,68,273,-205
120900122,731,153,578
120900123,6,132,-126
120900124,2,243,-241
120900125,1,275,-274
120900126,1270,545,725
120900127,20,190,-170
120900128,946,992,-46
120900129,30,191,-161
120900130,5,188,-183
120900131,183,93,90
120900132,1139,116,1023
120900133,64,357,-293
120900134,501,213,288
120900135,7,273,-266
120900136,56,55,1
120900137,246,53,193
120900138,15,144,-129
120900139,0,360,-360
120900140,2,79,-77
120900141,122,144,-22
120900142,8,133,-125
120900143,1,389,-388
120900144,0,49,-49
120900145,409,666,-257
120900146,1,471,-470
120900147,0,437,-437
120900148,81,93,-12
120900149,0,93,-93
120900150,49,305,-256
120900151,0,287,-287
120900152,3,24,-21
120900153,1,0,1
120900154,1,91,-90
120900155,186,522,-336
120900156,93,283,-190
120900157,0,2,-2
120900158,70,321,-251
120900159,1,30,-29
120900160,38,451,-413
120900161,44,265,-221
120900162,95,435,-340
120900163,297,786,-489
120900164,0,131,-131
120900165,5,748,-743
120900166,87,574,-487
120900167,151,72,79
120900169,68,156,-88
120900170,418,3091,-2673
120900171,393,154,239
120900172,136,1489,-1353
120900173,10,34,-24
120900174,10,77,-67
120900175,128,98,30
120900176,10,220,-210
120900177,2,1041,-1039
120900178,0,305,-305
120900179,552,280,272
120900180,36,160,-124
120900181,29,29,0
120900182,26,123,-97
120900183,515,47,468
120900184,262,68,194
120900185,751,1051,-300
120900186,2,232,-230
120900187,357,825,-468
120900188,251,13,238
120900189,59,1993,-1934
120900190,146,4,142
120900191,27,31,-4
120900192,4410,9160,-4750
120900194,58,79,-21
120900195,54,169,-115
120900196,528,27,501
120900197,781,129,652
120900198,199,342,-143
120900199,291,511,-220
120900200,59,88,-29
120900201,254,99,155
120900202,2,63,-61
120900203,49,95,-46
120900204,68,178,-110
120900205,63,10,53
120900206,67,36,31
120900207,59,605,-546
121000001,344,818,-474
121000002,1496,1217,279
121000003,2129,1041,1088
121000004,1714,2293,-579
121000005,1133,1816,-683
121000006,2161,2018,143
121000007,1483,3440,-1957
121000008,3179,3826,-647
121000009,2656,4681,-2025
121000010,4666,4781,-115
121000011,4134,7912,-3778
121000012,7937,6372,1565
121000013,3991,5134,-1143
121000014,4121,4062,59
121000015,3001,5931,-2930
121000016,2830,2699,131
121000017,1409,1895,-486
121000018,2155,1127,1028
121000019,6397,6727,-330
121000020,7521,12380,-4859
121000021,1423,1404,19
121000022,1771,2250,-479
121000023,1961,1072,889
121000024,3612,3432,180
121000025,315,1097,-782
121000026,293,145,148
121000027,1076,1018,58
121000028,662,449,213
121000029,661,521,140
121000030,517,367,150
121000031,421,509,-88
121000032,103,138,-35
121000034,273,290,-17
121000035,84,158,-74
121000036,690,708,-18
121000037,352,604,-252
121000038,277,768,-491
121000039,155,318,-163
121000041,423,398,25
121000042,205,329,-124
121000043,391,565,-174
121000044,825,925,-100
121000045,363,239,124
121000046,636,762,-126
121000047,10,63,-53
121000049,724,520,204
121000050,245,1387,-1142
121000051,473,219,254
121000052,298,759,-461
121000053,226,102,124
121000054,41,264,-223
121000055,702,1474,-772
121000056,665,794,-129
121000057,254,445,-191
121000058,197,236,-39
121000059,1999,952,1047
121000060,477,847,-370
121000061,45,309,-264
121000062,149,380,-231
121000063,651,932,-281
121000064,484,714,-230
121000065,170,432,-262
121000066,502,795,-293
121000067,234,473,-239
121000068,365,384,-19
121000069,102,693,-591
121000070,1131,842,289
121000071,1150,1223,-73
121000072,759,531,228
121000073,810,1064,-254
121000074,95,127,-32
121000075,8,259,-251
121000076,248,216,32
121000077,101,168,-67
121000078,74,152,-78
121000080,1280,489,791
121000081,2612,2839,-227
121000082,81,293,-212
121000083,129,123,6
121000084,196,181,15
121000085,235,380,-145
121000086,480,548,-68
121000087,65,279,-214
121000088,414,387,27
121000089,192,332,-140
121000090,239,382,-143
121000091,768,682,86
121000092,165,49,116
121000093,158,170,-12
121000094,308,582,-274
121000095,204,732,-528
121000096,2835,1805,1030
121000097,413,1719,-1306
121000098,577,477,100
121000099,590,487,103
121000100,776,195,581
121000101,290,118,172
121000102,242,133,109
121000103,169,123,46
121000104,209,63,146
121000105,301,99,202
121000106,290,177,113
121000107,1328,1967,-639
121000109,685,621,64
121000110,140,496,-356
121000114,2598,1699,899
121000115,1438,617,821
121000116,236,733,-497
121000117,304,243,61
121000118,1231,192,1039
121000119,204,237,-33
121000120,271,317,-46
121000121,374,1048,-674
121000123,824,583,241
121000127,106,83,23
121000128,795,183,612
121000129,722,310,412
121000130,620,462,158
121000131,900,1082,-182
121000132,730,910,-180
121000135,146,205,-59
121000136,757,883,-126
121000137,389,285,104
121000138,511,1275,-764
121000139,348,537,-189
121000141,215,114,101
121000142,422,827,-405
121000143,91,27,64
121000144,339,998,-659
121000145,408,648,-240
121000146,997,1093,-96
121000147,765,409,356
121000148,676,666,10
121000149,1610,1555,55
121000152,324,256,68
121000153,1239,424,815
121000154,893,446,447
121000155,1373,908,465
121000156,306,819,-513
121000157,575,908,-333
121000158,299,261,38
121000159,223,266,-43
121000160,246,248,-2
121000161,240,223,17
121000162,112,65,47
121000165,750,1496,-746
121000166,27,317,-290
121000168,318,177,141
121000169,40,105,-65
121000170,283,38,245
121000171,38,108,-70
121000172,739,579,160
121000173,1076,958,118
121000174,439,415,24
121000175,1061,307,754
121000176,273,287,-14
121000177,608,427,181
121000178,82,32,50
121000179,33,39,-6
121000181,420,370,50
121000182,106,275,-169
121000183,87,100,-13
121000184,38,131,-93
121000185,34,236,-202
121000186,180,454,-274
121000187,160,77,83
121000188,172,80,92
121000192,611,405,206
121000193,531,302,229
121000194,1416,1366,50
121000195,195,790,-595
121000196,460,250,210
121000197,133,703,-570
121000198,169,121,48
121000199,107,146,-39
121000200,476,86,390
121000201,8,134,-126
121000202,543,148,395
121000203,680,1487,-807
121000204,2421,722,1699
121000205,69,213,-144
121000206,57,28,29
121000207,1581,837,744
121000208,6,271,-265
121000209,413,74,339
121000210,598,192,406
121000211,291,121,170
121000212,539,310,229
121000213,9399,2016,7383
121000214,599,1484,-885
121000215,680,1048,-368
121000216,401,419,-18
121000217,2476,2210,266
121000218,278,1099,-821
121000219,1113,453,660
121000220,74,27,47
121000221,68,278,-210
121000222,1892,1725,167
121000223,183,798,-615
121000224,121,362,-241
121000225,545,2169,-1624
121000226,1004,962,42
121000227,9,128,-119
121000228,25,388,-363
121000229,245,437,-192
121000230,53,1374,-1321
121000231,1069,26,1043
121000232,396,292,104
121000233,443,312,131
121000234,14,53,-39
121000235,51,45,6
121000236,18,26,-8
121000237,32,14,18
121000238,4,65,-61
121000239,72,3,69
121000240,7,142,-135
121000241,77,13,64
121000242,50,400,-350
121000243,215,57,158
121000244,12,101,-89
121000245,67,6,61
121000246,0,127,-127
121000247,103,4,99
121000248,364,990,-626
121000249,60,165,-105
121000250,448,219,229
121000251,16,181,-165
121000252,144,68,76
121000253,241,190,51
121000254,716,114,602
121000255,108,112,-4
121000256,238,157,81
121000257,14,74,-60
121000258,87,67,20
121000259,20,51,-31
121000260,46,88,-42
121000261,54,95,-41
121000262,991,322,669
121000263,446,388,58
121000271,650,1123,-473
121000273,18,5,13
121000274,11,79,-68
121000275,22,10,12
121000276,7,19,-12
121000278,53,26,27
121000279,57,19,38
121000280,24,11,13
121000289,252,20,232
121000290,969,865,104
121000294,208,57,151
121000297,354,946,-592
121000299,75,580,-505
121000300,754,389,365
121000302,13,515,-502
121000303,377,167,210
121000304,404,56,348
121000305,145,44,101
121000306,138,141,-3
121000308,115,205,-90
121000309,212,303,-91
121000310,113,191,-78
121000311,28,356,-328
121000312,262,223,39
121000313,192,246,-54
121000314,50,85,-35
121000315,17,68,-51
121000530,1499,1150,349
121000531,1502,1297,205
121000532,4301,6314,-2013
121000533,2624,2987,-363
121000918,13,54,-41
121000919,27,48,-21
121000938,25,91,-66
121000939,10,106,-96
121000956,1354,1095,259
121000957,2,3,-1
121000958,10,26,-16
121000959,820,388,432
121000960,973,1551,-578
121000961,292,56,236
121000962,677,376,301
121000963,0,0,0
121000973,0,116,-116
121000976,12,110,-98
121000979,383,102,281
121000981,233,89,144
121000982,330,116,214
121000983,360,181,179
121000984,11,34,-23
121000985,727,207,520
121000986,388,58,330
121000987,179,324,-145
121000988,843,83,760
121001302,186,74,112
121001308,1,9,-8
121001309,15,473,-458
121001313,154,56,98
121001314,999,1334,-335
121001315,4941,2622,2319
121001326,278,284,-6
121900001,114,145,-31
121900002,38,38,0
121900003,327,10,317
121900004,52,211,-159
121900005,18,5,13
121900006,88,29,59
121900007,1676,1273,403
121900008,80,356,-276
121900009,555,19,536
121900010,199,2,197
121900011,169,141,28
121900012,4,0,4
121900013,359,95,264
121900014,1002,288,714
121900015,175,130,45
121900016,2,15,-13
121900017,493,395,98
121900018,394,5,389
121900019,429,147,282
121900020,51,1,50
121900021,677,14,663
121900022,222,232,-10
121900023,121,239,-118
121900024,280,83,197
121900025,437,425,12
121900026,260,48,212
121900027,284,114,170
121900028,141,4,137
121900029,97,220,-123
121900030,309,449,-140
121900031,846,4768,-3922
121900032,79,24,55
121900033,159,234,-75
121900034,182,126,56
121900035,2704,1801,903
121900036,94,472,-378
121900037,110,930,-820
121900038,23,50,-27
121900039,240,31,209
121900040,55,77,-22
121900041,75,215,-140
121900042,319,162,157
121900043,5,1,4
121900044,72,23,49
121900046,116,220,-104
121900047,152,83,69
121900048,48,59,-11
121900050,16,30,-14
121900051,88,143,-55
121900052,152,34,118
121900053,355,272,83
121900054,247,784,-537
121900055,1,9,-8
121900058,230,130,100
121900059,236,168,68
121900060,123,343,-220
121900061,98,93,5
121900062,93,80,13
121900063,1130,282,848
121900064,223,361,-138
121900066,75,23,52
121900067,61,36,25
121900069,125,96,29
121900070,76,88,-12
121900071,413,173,240
121900072,64,92,-28
121900073,147,296,-149
121900074,275,614,-339
121900075,307,504,-197
121900076,332,393,-61
121900078,48,12,36
121900079,1,0,1
121900080,585,234,351
121900082,61,67,-6
121900084,14,43,-29
121900086,11,26,-15
121900087,82,97,-15
121900088,952,1929,-977
121900089,215,187,28
121900090,27,41,-14
121900091,114,66,48
121900092,64,73,-9
121900093,67,46,21
121900094,16,11,5
121900095,290,129,161
121900096,720,513,207
121900097,541,150,391
121900098,3,0,3
121900099,184,45,139
121900100,57,281,-224
121900101,66,103,-37
121900102,3,110,-107
121900103,249,194,55
121900104,1324,349,975
121900105,260,165,95
121900106,6,4,2
121900107,63,15,48
121900108,0,37,-37
121900109,191,111,80
121900110,611,392,219
121900111,525,174,351
121900112,118,135,-17
121900113,74,366,-292
121900114,84,33,51
121900117,91,40,51
121900118,1492,610,882
121900119,108,44,64
121900120,43,643,-600
121900121,247,17,230
121900122,35,55,-20
121900123,143,267,-124
121900124,157,141,16
121900125,1427,732,695
121900127,11,78,-67
121900128,44,60,-16
121900129,189,126,63
121900130,94,227,-133
121900131,233,65,168
121900132,48,70,-22
121900133,33,1262,-1229
121900134,28,209,-181
121900135,2824,344,2480
121900136,303,159,144
121900137,29,209,-180
121900138,61,69,-8
121900139,276,1882,-1606
121900140,47,48,-1
121900141,86,32,54
121900142,92,62,30
121900143,10,103,-93
121900144,104,270,-166
121900145,137,226,-89
121900146,369,493,-124
121900147,50,263,-213
121900148,169,300,-131
121900149,179,389,-210
121900150,28,158,-130
121900151,53,226,-173
121900152,89,83,6
121900153,26,356,-330
121900154,12,383,-371
121900155,6,118,-112
121900156,103,120,-17
121900157,4,209,-205
121900158,58,82,-24
121900159,0,125,-125
121900160,65,225,-160
121900161,187,517,-330
121900162,90,131,-41
121900163,250,186,64
121900164,182,264,-82
121900165,141,77,64
121900166,98,125,-27
121900167,71,85,-14
121900168,89,152,-63
121900169,10,153,-143
121900170,9,130,-121
121900171,577,397,180
121900172,476,172,304
121900173,446,198,248
121900174,53,42,11
121900175,50,210,-160
121900176,325,1349,-1024
121900177,104,67,37
121900178,41,42,-1
121900179,369,220,149
121900180,1483,3579,-2096
121900182,446,871,-425
121900183,475,1163,-688
121900184,29,676,-647
121900186,10,339,-329
121900187,13,87,-74
121900188,414,148,266
121900189,22,74,-52
121900190,220,283,-63
121900191,44,321,-277
121900192,198,1716,-1518
121900193,43,232,-189
121900194,5,191,-186
121900195,21,61,-40
121900196,622,636,-14
121900197,277,756,-479
121900198,1918,1270,648
121900199,2,23,-21
121900200,30,140,-110
121900201,441,573,-132
121900202,82,447,-365
121900203,54,900,-846
121900204,571,770,-199
121900205,12,108,-96
121900206,19,24,-5
121900207,60,35,25
121900208,78,347,-269
121900209,41,47,-6
121900210,1736,1158,578
121900211,504,329,175
121900212,47,130,-83
121900213,276,29,247
121900214,6,397,-391
121900215,53,87,-34
121900216,26,171,-145
121900217,125,130,-5
121900218,138,508,-370
121900220,105,20,85
121900221,330,385,-55
121900222,208,83,125
121900223,115,65,50
121900224,87,33,54
121900225,56,119,-63
121900226,216,60,156
121900227,306,631,-325
121900228,121,109,12
121900230,50,262,-212
121900231,68,1287,-1219
121900232,114,287,-173
121900233,195,140,55
121900234,196,94,102
121900235,455,75,380
121900236,185,111,74
121900237,204,330,-126
121900238,94,243,-149
121900239,129,31,98
121900240,220,99,121
121900241,70,30,40
121900242,16,1,15
121900243,11,0,11
121900244,21,0,21
121900245,153,106,47
121900246,3422,301,3121
121900248,942,741,201
121900250,126,309,-183
121900251,387,27,360
121900252,290,98,192
121900253,153,807,-654
121900254,340,290,50
121900255,414,74,340
121900258,2966,1269,1697
121900259,216,389,-173
121900260,81,71,10
121900261,161,496,-335
121900262,438,766,-328
121900263,234,162,72
121900264,781,705,76
121900265,355,107,248
121900266,366,101,265
121900267,54,33,21
121900269,156,631,-475
121900270,26,129,-103
121900271,41,120,-79
121900273,311,1240,-929
121900274,270,233,37
121900277,257,610,-353
121900278,102,761,-659
121900279,128,143,-15
121900280,48,384,-336
121900281,96,495,-399
121900284,37,5,32
121900286,116,68,48
121900287,22,55,-33
121900288,2,2,0
121900290,205,651,-446
121900291,297,655,-358
121900292,76,163,-87
121900293,659,2777,-2118
121900294,254,4,250
121900295,132,126,6
121900296,45,131,-86
121900298,142,754,-612
121900299,0,15,-15
121900300,93,5,88
121900301,65,1,64
121900302,2,72,-70
121900303,265,233,32
121900304,5,20,-15
121900305,5,16,-11
121900306,263,3,260
121900307,107,4,103
121900308,9,102,-93
121900309,5,75,-70
121900310,19,155,-136
121900311,578,18,560
121900312,355,8,347
121900313,392,36,356
121900314,3,15,-12
121900315,15,0,15
121900316,0,13,-13
121900317,27,9,18
121900318,0,6,-6
121900319,36,117,-81
121900320,14,15,-1
121900321,14,4,10
121900322,2,4,-2
121900323,41,19,22
121900324,3,15,-12
121900325,25,2,23
121900326,2,8,-6
121900327,7,32,-25
121900328,0,13,-13
121900329,1,83,-82
121900330,2,202,-200
121900331,9,88,-79
121900332,51,15,36
121900333,59,1,58
121900334,56,51,5
122000001,950,4455,-3505
122000002,1655,1004,651
122000003,1140,2282,-1142
122000004,1625,1060,565
122000005,3025,1997,1028
122000006,839,1141,-302
122000007,563,1468,-905
122000008,951,2441,-1490
122000009,524,417,107
122000010,1959,2314,-355
122000011,3975,1786,2189
122000012,583,3026,-2443
122000013,545,1373,-828
122000014,2678,1078,1600
122000015,857,771,86
122000016,373,683,-310
122000017,947,1010,-63
122000018,1407,1331,76
122000019,684,1319,-635
122000020,162,358,-196
122000021,134,356,-222
122000022,840,1118,-278
122000023,691,1125,-434
122000024,463,2114,-1651
122000025,456,2392,-1936
122000026,363,1265,-902
122000027,483,925,-442
122000028,934,557,377
122000029,287,498,-211
122000030,127,154,-27
122000031,108,328,-220
122000032,3063,1887,1176
122000033,322,2633,-2311
122000034,320,689,-369
122000035,134,586,-452
122000036,368,347,21
122000037,508,209,299
122000038,168,310,-142
122000039,534,550,-16
122000040,181,276,-95
122000041,423,725,-302
122000042,277,488,-211
122000043,77,115,-38
122000044,99,107,-8
122000045,1409,794,615
122000046,588,852,-264
122000047,96,134,-38
122000048,1795,2757,-962
122000049,4612,2680,1932
122000050,606,925,-319
122000051,133,486,-353
122000052,304,387,-83
122000053,190,831,-641
122000054,1302,1612,-310
122000055,1428,3437,-2009
122000056,2213,2334,-121
122000057,2673,3579,-906
122000058,737,1864,-1127
122000059,839,3081,-2242
122000060,293,838,-545
122000061,177,604,-427
122000062,355,204,151
122000063,342,1109,-767
122000064,2183,4145,-1962
122000065,1951,2070,-119
122000066,271,492,-221
122000067,825,1139,-314
122000068,1214,740,474
122000069,870,844,26
122000070,599,916,-317
122000071,2150,978,1172
122000072,683,706,-23
122000073,206,1263,-1057
122000074,2101,1126,975
122000075,609,864,-255
122000076,5247,1572,3675
122000077,503,1727,-1224
122000078,684,3726,-3042
122000079,317,2239,-1922
122000080,359,618,-259
122000081,114,228,-114
122000082,256,1011,-755
122000083,2189,702,1487
122000084,2440,764,1676
122000085,194,461,-267
122000086,1641,4420,-2779
122000087,199,242,-43
122000088,110,261,-151
122000089,3480,1706,1774
122000090,125,577,-452
122000091,87,227,-140
122000092,33,33,0
122000093,1256,2527,-1271
122000094,3744,2389,1355
122000095,491,2723,-2232
122000096,336,1269,-933
122000098,1797,2544,-747
122000099,642,1022,-380
122000100,628,379,249
122000101,254,365,-111
122000102,1794,812,982
122000103,1242,1202,40
122000104,759,109,650
122000105,348,296,52
122000106,379,1103,-724
122000107,826,397,429
122000108,454,697,-243
122000109,403,205,198
122000110,471,545,-74
122000111,2595,1131,1464
122000112,1266,1147,119
122000113,557,529,28
122000114,1249,2140,-891
122000115,1174,953,221
122000116,313,371,-58
122000117,1177,340,837
122000118,490,546,-56
122000119,1636,1432,204
122000120,863,2331,-1468
122000121,668,1649,-981
122000122,339,829,-490
122000123,976,1234,-258
122000124,637,492,145
122000125,396,504,-108
122000126,280,570,-290
122000127,436,705,-269
122000128,220,300,-80
122000129,425,1206,-781
122000130,1907,1158,749
122000131,720,811,-91
122000132,172,350,-178
122000133,620,513,107
122000134,864,600,264
122000135,417,350,67
122000136,668,471,197
122000137,1469,613,856
122000139,644,2372,-1728
122000140,366,565,-199
122000141,2311,1167,1144
122000142,139,1050,-911
122000143,246,371,-125
122000144,837,868,-31
122000145,495,698,-203
122000146,349,1331,-982
122000147,393,477,-84
122000148,525,1274,-749
122000149,1467,1228,239
122000150,862,801,61
122000151,94,264,-170
122000152,228,307,-79
122000153,254,353,-99
122000154,212,194,18
122000155,946,1911,-965
122000156,3026,2475,551
122000157,697,3205,-2508
122000158,237,578,-341
122000159,423,994,-571
122000160,1503,1608,-105
122000161,782,844,-62
122000162,707,1331,-624
122000163,273,96,177
122000164,54,162,-108
122000165,639,725,-86
122000166,640,1314,-674
122000167,245,299,-54
122000168,130,688,-558
122000169,341,162,179
122000170,232,229,3
122000171,30,75,-45
122000172,1454,1013,441
122000173,1111,1874,-763
122000174,1188,962,226
122000175,576,291,285
122000176,217,805,-588
122000177,785,1156,-371
122000178,3243,2004,1239
122000179,1673,2422,-749
122000180,789,1010,-221
122000181,851,1683,-832
122000182,1303,982,321
122000183,1743,881,862
122000184,1888,2358,-470
122000185,782,2385,-1603
122000186,368,1391,-1023
122000187,1306,922,384
122000188,293,273,20
122000189,168,340,-172
122000190,517,1361,-844
122000191,701,567,134
122000192,771,256,515
122000193,320,532,-212
122000194,306,166,140
122000195,109,445,-336
122000196,721,451,270
122000197,310,520,-210
122000198,373,1438,-1065
122000199,259,291,-32
122000200,583,487,96
122000201,921,1721,-800
122000202,699,1764,-1065
122000203,1697,1028,669
122000204,934,1263,-329
122000205,545,788,-243
122000206,2607,798,1809
122000207,1679,1196,483
122000208,1419,1418,1
122000209,1266,472,794
122000210,1426,1424,2
122000211,872,1086,-214
122000212,534,466,68
122000213,900,1107,-207
122000214,1411,1420,-9
122000215,1683,1353,330
122000217,1047,1477,-430
122000218,570,63,507
122000219,829,530,299
122000220,232,567,-335
122000221,63,238,-175
122000222,407,139,268
122000223,810,392,418
122000225,553,278,275
122000226,1174,999,175
122000227,148,1379,-1231
122000228,225,223,2
122000229,51,344,-293
122000230,46,295,-249
122000231,194,581,-387
122000232,497,572,-75
122000233,0,48,-48
122000234,365,50,315
122000235,409,61,348
122000236,1079,28,1051
122000237,66,70,-4
122000238,247,234,13
122000239,504,135,369
122000240,1020,517,503
122000241,1532,425,1107
122000242,573,92,481
122000243,274,31,243
122000244,80,239,-159
122000245,96,93,3
122000246,326,148,178
122000247,392,261,131
122000248,609,741,-132
122000249,1186,766,420
122000250,1558,905,653
122000251,104,369,-265
122000252,330,104,226
122000253,56,174,-118
122000254,238,57,181
122000255,438,640,-202
122000256,195,342,-147
122000257,100,125,-25
122000258,234,213,21
122000259,21,260,-239
122000260,2,54,-52
122000261,13,220,-207
122000262,1,56,-55
122000263,211,492,-281
122000264,983,247,736
122000265,1885,830,1055
122000266,2802,611,2191
122000267,123,75,48
122000268,108,219,-111
122000269,727,269,458
122000270,385,187,198
122000271,182,908,-726
122000272,276,893,-617
122000273,361,328,33
122000274,220,147,73
122000275,70,142,-72
122000276,607,268,339
122000277,805,1087,-282
122000278,1316,371,945
122000279,157,187,-30
122000280,562,307,255
122000281,596,469,127
122000282,199,322,-123
122000283,214,192,22
122000284,166,91,75
122000285,274,62,212
122000286,35,128,-93
122000287,1031,1136,-105
122000288,390,200,190
122000291,1799,620,1179
122000293,170,127,43
122000294,116,218,-102
122000295,1097,171,926
122000296,45,420,-375
122000297,1436,2776,-1340
122000299,416,262,154
122000300,350,344,6
122000301,4593,2542,2051
122000302,346,1537,-1191
122000303,1808,848,960
122000304,46,129,-83
122000305,979,413,566
122000306,40,252,-212
122000307,134,126,8
122000309,44,34,10
122000310,15,107,-92
122000311,143,134,9
122000312,97,252,-155
122000313,164,77,87
122000314,111,261,-150
122000315,251,53,198
122000316,724,165,559
122000317,1447,208,1239
122000318,241,436,-195
122000319,162,224,-62
122000320,232,556,-324
122000321,54,93,-39
122000322,1401,1578,-177
122000323,682,2233,-1551
122000324,1129,1480,-351
122000325,516,2823,-2307
122000326,90,51,39
122000327,356,519,-163
122000328,336,243,93
122000330,1079,969,110
122000332,187,254,-67
122000333,18,65,-47
122000337,801,432,369
122000338,348,236,112
122000340,172,1336,-1164
122000342,1086,496,590
122000343,449,456,-7
122000344,44,9,35
122000345,9,11,-2
122000346,205,196,9
122000348,538,485,53
122000349,90,362,-272
122000351,98,181,-83
122000352,244,173,71
122000353,91,117,-26
122000355,141,227,-86
122000356,500,1062,-562
122000357,69,11,58
122000358,0,23,-23
122000359,0,5,-5
122000360,0,8,-8
122000362,10,32,-22
122000364,167,231,-64
122000365,0,21,-21
122000366,3,9,-6
122000368,448,519,-71
122000370,13,20,-7
122000371,24,0,24
122000372,14,5,9
122000381,112,259,-147
122000382,74,138,-64
122000384,1047,919,128
122000385,66,0,66
122000386,158,1116,-958
122000387,249,675,-426
122000388,753,663,90
122000389,109,1045,-936
122000390,228,252,-24
122000391,120,590,-470
122000392,130,109,21
122000393,43,123,-80
122000394,502,124,378
122000395,84,106,-22
122000396,201,76,125
122000397,10,27,-17
122000398,14,23,-9
122000399,124,44,80
122000400,56,647,-591
122000401,98,52,46
122000402,260,134,126
122000403,373,370,3
122000404,111,100,11
122000408,413,651,-238
122000503,17,81,-64
122000524,86,190,-104
122000544,71,1571,-1500
122000614,272,246,26
122000616,122,1,121
122000640,79,50,29
122000641,162,162,0
122000642,882,504,378
122000643,68,99,-31
122000644,72,14,58
122000645,74,138,-64
122000651,452,1648,-1196
122000664,146,29,117
122000665,738,384,354
122000666,468,877,-409
122000673,29,104,-75
122000674,190,103,87
122000675,1472,415,1057
122000686,322,884,-562
122000687,1062,247,815
122000688,234,225,9
122000689,680,156,524
122000690,2058,159,1899
122000691,662,625,37
122000692,977,163,814
122000693,265,732,-467
122000695,300,233,67
122000696,458,93,365
122000698,403,227,176
122000699,161,13,148
122000701,1263,236,1027
122000702,351,585,-234
122000703,174,62,112
122000712,0,0,0
122000717,75,46,29
122000718,746,1567,-821
122000719,92,60,32
122000720,572,69,503
122000724,233,200,33
122900001,28,8,20
122900002,786,4164,-3378
122900003,303,26,277
122900004,1613,55,1558
122900005,85,100,-15
122900006,409,796,-387
122900007,98,99,-1
122900008,187,162,25
122900009,442,262,180
122900010,129,85,44
122900012,179,341,-162
122900014,141,144,-3
122900015,509,904,-395
122900016,107,142,-35
122900017,128,606,-478
122900018,121,18,103
122900019,5,114,-109
122900020,100,215,-115
122900021,38,220,-182
122900022,902,595,307
122900023,293,104,189
122900024,127,93,34
122900025,11,226,-215
122900026,22,153,-131
122900027,42,384,-342
122900028,71,96,-25
122900029,3701,1852,1849
122900030,1046,353,693
122900031,39,257,-218
122900032,143,237,-94
122900033,172,106,66
122900034,2799,3326,-527
122900035,47,33,14
122900036,43,35,8
122900037,260,114,146
122900038,55,2170,-2115
122900039,76,383,-307
122900040,156,530,-374
122900041,280,269,11
122900042,114,247,-133
122900043,204,200,4
122900044,84,256,-172
122900045,93,139,-46
122900046,121,264,-143
122900047,111,158,-47
122900048,39,141,-102
122900049,1439,135,1304
122900051,28,206,-178
122900052,170,99,71
122900053,21,25,-4
122900055,211,41,170
122900057,146,32,114
122900061,398,110,288
122900062,403,474,-71
122900063,111,143,-32
122900064,566,301,265
122900065,500,235,265
122900066,540,327,213
122900067,617,296,321
122900069,250,977,-727
122900070,330,49,281
122900071,133,190,-57
122900073,12,106,-94
122900074,883,199,684
122900075,0,54,-54
122900076,1,160,-159
122900077,0,60,-60
122900078,171,26,145
122900080,29,28,1
122900081,112,59,53
122900082,749,71,678
122900083,89,70,19
122900084,8,88,-80
122900086,9,55,-46
122900087,254,336,-82
122900088,29,409,-380
122900089,13,173,-160
122900090,13,244,-231
122900091,268,4,264
122900092,4,62,-58
122900093,0,89,-89
122900094,1,92,-91
122900095,151,23,128
122900096,367,149,218
122900097,53,69,-16
122900098,32,124,-92
122900099,132,14,118
122900100,62,514,-452
122900101,278,184,94
122900102,19,33,-14
122900103,188,16,172
122900104,226,4,222
122900105,25,9,16
122900106,3,29,-26
122900107,13,82,-69
122900108,2,96,-94
122900109,260,93,167
123000001,605,600,5
123000002,1823,4330,-2507
123000003,3302,3256,46
123000004,2122,2770,-648
123000005,2107,2201,-94
123000006,1605,1513,92
123000007,2859,2124,735
123000008,1861,1956,-95
123000009,3574,2310,1264
123000010,2542,2642,-100
123000011,1280,1049,231
123000012,398,2161,-1763
123000013,2630,942,1688
123000014,584,2586,-2002
123000015,1470,961,509
123000016,1804,2210,-406
123000017,2802,1647,1155
123000018,138,80,58
123000019,397,53,344
123000020,283,39,244
123000021,170,147,23
123000022,316,1396,-1080
123000023,1574,1529,45
123000024,1382,557,825
123000025,311,125,186
123000026,23,97,-74
123000027,68,652,-584
123000028,1123,1154,-31
123000029,574,1218,-644
123000030,196,79,117
123000031,281,123,158
123000032,389,62,327
123000033,186,46,140
123000034,956,644,312
123000035,354,356,-2
123000036,178,858,-680
123000037,222,138,84
123000038,38,222,-184
123000039,334,1117,-783
123000040,386,142,244
123000041,658,1153,-495
123000042,457,840,-383
123000043,1239,6424,-5185
123000044,2148,1721,427
123000045,2328,1700,628
123000046,254,942,-688
123000047,777,823,-46
123000048,44,772,-728
123000049,3596,6725,-3129
123000050,1510,1219,291
123000051,54,154,-100
123000052,579,2798,-2219
123000053,1735,2557,-822
123000054,1409,1078,331
123000055,1263,2587,-1324
123000056,803,828,-25
123000057,3601,3846,-245
123000058,526,853,-327
123000059,252,295,-43
123000060,773,346,427
123000061,224,458,-234
123000063,658,707,-49
123000064,816,204,612
123000065,2520,1760,760
123000066,337,396,-59
123000067,787,315,472
123000068,1402,1506,-104
123000069,3127,1360,1767
123000070,147,448,-301
123000071,1118,665,453
123000072,917,482,435
123000073,1600,654,946
123000074,921,779,142
123000075,292,1027,-735
123000076,541,258,283
123000077,1616,1195,421
123000078,1805,1238,567
123000079,1583,1250,333
123000080,1715,694,1021
123000081,164,238,-74
123000082,218,672,-454
123000083,732,232,500
123000084,535,353,182
123000085,330,75,255
123000086,626,75,551
123000087,298,126,172
123000088,1166,401,765
123000089,562,703,-141
123000090,1153,658,495
123000091,1100,910,190
123000092,835,906,-71
123000094,517,180,337
123000095,605,664,-59
123000096,852,342,510
123000097,476,325,151
123000098,793,478,315
123000099,657,428,229
123000100,301,591,-290
123000101,416,510,-94
123000102,421,624,-203
123000104,300,374,-74
123000105,351,345,6
123000106,337,350,-13
123000107,193,230,-37
123000108,433,727,-294
123000111,937,306,631
123000112,1096,428,668
123000113,329,433,-104
123000114,322,496,-174
123000115,255,219,36
123000116,76,58,18
123000117,1205,842,363
123000118,393,505,-112
123000119,183,507,-324
123000120,302,446,-144
123000121,418,429,-11
123000122,217,218,-1
123000123,388,430,-42
123000124,265,301,-36
123000125,888,740,148
123000126,998,4825,-3827
123000127,521,407,114
123000128,226,185,41
123000129,685,181,504
123000130,704,62,642
123000131,945,751,194
123000132,212,356,-144
123000133,126,172,-46
123000134,187,83,104
123000135,1409,617,792
123000136,175,307,-132
123000137,77,131,-54
123000138,84,219,-135
123000139,471,91,380
123000140,62,337,-275
123000141,503,145,358
123000142,673,470,203
123000143,776,1241,-465
123000144,4,14,-10
123000145,114,86,28
123000146,14,77,-63
123000147,85,99,-14
123000149,196,215,-19
123000150,63,189,-126
123000151,139,379,-240
123000152,36,288,-252
123000153,68,495,-427
123000154,844,1343,-499
123000155,1297,907,390
123000156,32,103,-71
123000157,507,579,-72
123000158,414,578,-164
123000159,2296,2562,-266
123000160,1036,852,184
123000161,1075,835,240
123000162,908,1290,-382
123000163,440,120,320
123000164,1513,250,1263
123000165,398,821,-423
123000166,43,57,-14
123000167,120,208,-88
123000168,249,133,116
123000169,680,140,540
123000170,84,40,44
123000171,677,13,664
123000172,136,269,-133
123000173,397,373,24
123000174,801,423,378
123000175,362,665,-303
123000176,813,184,629
123000177,229,513,-284
123000178,777,138,639
123000179,32,309,-277
123000180,1032,362,670
123000181,144,508,-364
123000183,181,544,-363
123000184,77,314,-237
123000186,2,264,-262
123000187,553,9,544
123000188,273,3,270
123000189,250,146,104
123000190,108,107,1
123000192,14,301,-287
123000193,78,549,-471
123000194,317,249,68
123000195,332,34,298
123000196,249,18,231
123000197,45,81,-36
123000198,27,708,-681
123000199,19,548,-529
123000200,505,4,501
123000201,1086,16,1070
123000202,19,425,-406
123000203,988,57,931
123000204,47,525,-478
123000205,289,826,-537
123000206,2263,249,2014
123000207,75,503,-428
123000208,464,230,234
123000209,1866,688,1178
123000210,387,1268,-881
123000211,360,1208,-848
123000212,2961,452,2509
123000213,562,82,480
123000215,59,167,-108
123000216,110,497,-387
123000217,175,37,138
123000218,35,346,-311
123000219,453,35,418
123000220,399,99,300
123000221,234,64,170
123000222,256,182,74
123000223,352,127,225
123000224,396,234,162
123000225,264,40,224
123000226,71,238,-167
123000227,51,170,-119
123000228,195,28,167
123000229,545,946,-401
123000232,99,396,-297
123000233,701,107,594
123000234,94,436,-342
123000235,902,209,693
123000236,221,418,-197
123000237,319,105,214
123000238,59,232,-173
123000239,349,508,-159
123000240,56,483,-427
123000241,262,54,208
123000242,92,143,-51
123000243,677,658,19
123000244,637,522,115
123000245,34,83,-49
123000249,161,372,-211
123000252,731,260,471
123000253,1127,542,585
123000254,560,508,52
123000255,812,710,102
123000256,25,124,-99
123000257,1464,769,695
123000258,864,643,221
123000259,372,347,25
123000260,447,253,194
123000261,198,133,65
123000262,69,112,-43
123000263,443,64,379
123000264,144,56,88
123000265,20,137,-117
123000266,392,392,0
123000267,417,283,134
123000268,33,49,-16
123000269,36,45,-9
123000270,36,48,-12
123000271,60,38,22
123000272,558,283,275
123000273,210,583,-373
123000274,835,529,306
123000275,220,584,-364
123000278,1901,1823,78
123000279,85,67,18
123000280,259,217,42
123000281,238,76,162
123000282,84,271,-187
123000283,153,81,72
123000284,64,65,-1
123000286,185,398,-213
123000287,438,272,166
123000288,1083,911,172
123000289,280,997,-717
123000291,196,650,-454
123000294,131,238,-107
123000295,601,759,-158
123000296,555,327,228
123000297,692,275,417
123000298,719,193,526
123000299,72,124,-52
123000300,1162,915,247
123000301,85,220,-135
123000302,83,122,-39
123000303,66,265,-199
123000305,616,677,-61
123000306,145,74,71
123000309,29,43,-14
123000310,60,28,32
123000311,0,60,-60
123000312,458,550,-92
123000313,1104,397,707
123000315,97,167,-70
123000316,484,284,200
123000317,195,51,144
123000318,90,159,-69
123000329,6,8,-2
123000337,355,542,-187
123000338,202,150,52
123000339,270,61,209
123000340,110,246,-136
123000342,17,54,-37
123000343,39,10,29
123000344,621,214,407
123000345,224,353,-129
123000346,413,33,380
123000352,758,635,123
123000353,77,86,-9
123000354,205,2,203
123000355,1,155,-154
123000356,287,5,282
123000357,0,51,-51
123000359,4,57,-53
123000360,173,47,126
123000361,95,144,-49
123000362,238,54,184
123000363,74,78,-4
123000364,413,405,8
123000365,11,276,-265
123000366,239,1712,-1473
123000367,474,561,-87
123000370,33,223,-190
123000371,312,46,266
123000372,260,24,236
123000373,11,154,-143
123000374,14,80,-66
123000375,371,71,300
123000376,656,523,133
123000377,319,14,305
123000378,6,144,-138
123000379,3,105,-102
123000380,17,223,-206
123000381,55,131,-76
123000382,404,78,326
123000383,48,805,-757
123000384,382,113,269
123000385,96,412,-316
123000436,21,459,-438
123000507,101,155,-54
123000508,135,791,-656
123000517,242,17,225
123000518,23,104,-81
123000519,99,86,13
123000520,33,132,-99
123000521,355,83,272
123000522,153,230,-77
123000541,10,0,10
123000542,0,7,-7
123000565,878,19,859
123000566,317,231,86
123000567,73,118,-45
123000573,35,321,-286
123000574,506,52,454
123000575,1001,641,360
123000576,711,735,-24
123000577,46,436,-390
123000578,225,98,127
123000579,690,4479,-3789
123000580,113,46,67
123000582,332,21,311
123000583,13,153,-140
123000584,120,196,-76
123000585,0,51,-51
123000586,55,0,55
123000596,46,94,-48
123000597,38,173,-135
123000602,52,0,52
123000603,840,409,431
123000604,453,230,223
123000605,515,10,505
123000606,1,249,-248
123000609,21,206,-185
123000610,125,71,54
123000613,50,151,-101
123000614,196,27,169
123000615,37,99,-62
123000616,531,44,487
123000617,88,107,-19
123000618,38,332,-294
123000619,338,42,296
123000620,43,205,-162
123000622,327,13,314
123000624,151,57,94
123000630,1323,171,1152
123000631,175,424,-249
123000632,577,618,-41
123000633,22,165,-143
123000634,51,164,-113
123000635,68,80,-12
123000636,151,406,-255
123000637,165,34,131
123000638,370,15,355
123000639,396,3392,-2996
123000640,24,282,-258
123000648,432,92,340
123000649,41,258,-217
123000650,554,189,365
123000651,51,226,-175
123900001,664,22,642
123900002,21,871,-850
123900003,169,258,-89
123900005,142,121,21
123900006,289,29,260
124000001,1298,101,1197
124000002,27,783,-756
124000003,955,127,828
124000004,53,227,-174
124000005,970,472,498
124000006,139,488,-349
124000007,347,95,252
124000008,21,293,-272
124000009,729,202,527
124000010,188,240,-52
124000011,776,222,554
124000012,167,199,-32
124000017,192,136,56
124000018,112,49,63
124000019,126,115,11
124000020,26,79,-53
124000021,85,104,-19
124000022,55,101,-46
124000023,954,1224,-270
124000024,812,367,445
124000025,870,1295,-425
124000026,782,625,157
124000027,2683,3321,-638
124000028,877,2542,-1665
124000030,949,544,405
124000031,1128,3028,-1900
124000032,1001,488,513
124000033,763,511,252
124000034,374,514,-140
124000035,350,148,202
124000036,98,282,-184
124000037,302,887,-585
124000038,29,78,-49
124000039,463,339,124
124000040,199,749,-550
124000041,308,82,226
124000042,116,254,-138
124000043,86,177,-91
124000044,59,89,-30
124000045,726,336,390
124000046,179,421,-242
124000047,1431,513,918
124000048,709,448,261
124000049,1394,373,1021
124000050,653,802,-149
124000051,918,319,599
124000052,478,452,26
124000053,464,1446,-982
124000054,540,316,224
124000055,972,2397,-1425
124000056,1101,803,298
124000057,939,373,566
124000058,401,673,-272
124000059,646,935,-289
124000060,548,459,89
124000061,1010,4644,-3634
124000062,1443,931,512
124000063,962,811,151
124000064,1182,735,447
124000065,45,188,-143
124000066,217,70,147
124000067,203,92,111
124000068,76,199,-123
124000069,778,125,653
124000070,212,269,-57
124000071,466,205,261
124000072,173,166,7
124000073,684,161,523
124000074,179,425,-246
124000075,288,23,265
124000076,7,50,-43
124000077,712,522,190
124000078,1670,1092,578
124000079,210,908,-698
124000080,553,158,395
124000081,195,300,-105
124000082,43,139,-96
124000083,33,72,-39
124000084,78,553,-475
124000085,70,40,30
124000086,32,76,-44
124000087,81,90,-9
124000088,56,305,-249
124000089,776,176,600
124000090,124,156,-32
124000091,443,100,343
124000092,180,370,-190
124000093,97,97,0
124000094,164,397,-233
124000095,88,73,15
124000096,120,177,-57
124000097,122,105,17
124000098,66,73,-7
124000099,220,70,150
124000100,29,87,-58
124000101,101,119,-18
124000102,88,16,72
124000103,152,111,41
124000104,73,24,49
124000105,109,94,15
124000106,121,43,78
124000107,12,230,-218
124000108,48,19,29
124000109,145,80,65
124000110,129,97,32
124000111,185,96,89
124000112,627,356,271
124000113,99,99,0
124000114,354,203,151
124000115,291,388,-97
124000116,107,177,-70
124000117,36,58,-22
124000118,45,92,-47
124000119,575,446,129
124000120,323,373,-50
124000121,881,631,250
124000122,314,943,-629
124000123,654,327,327
124000124,307,597,-290
124000125,372,404,-32
124000126,194,375,-181
124000127,704,303,401
124000128,437,516,-79
124000129,1415,1136,279
124000130,554,434,120
124000131,570,444,126
124000132,605,527,78
124000133,822,622,200
124000134,548,331,217
124000135,1093,1433,-340
124000136,472,531,-59
124000137,641,569,72
124000138,608,814,-206
124000139,446,132,314
124000140,18,247,-229
124000141,774,36,738
124000142,51,299,-248
124000143,90,12,78
124000144,3,96,-93
124000145,107,56,51
124000146,37,80,-43
124000148,61,61,0
124000149,985,345,640
124000150,238,457,-219
124000151,822,350,472
124000152,547,766,-219
124000153,817,682,135
124000154,453,396,57
124000155,1019,759,260
124000156,814,756,58
124000169,179,386,-207
124000170,387,345,42
124000171,261,182,79
124000172,260,346,-86
124000173,500,146,354
124000174,307,395,-88
124000175,2,46,-44
124000176,45,34,11
124000177,1,27,-26
124000178,32,39,-7
124000185,44,9,35
124000186,7,28,-21
124000187,3,39,-36
124000188,97,12,85
124000190,93,75,18
124000191,106,261,-155
124000192,807,278,529
124000193,139,703,-564
124000194,255,299,-44
124000195,257,558,-301
124000196,555,568,-13
124000197,37,39,-2
124000198,44,52,-8
124000201,249,456,-207
124000202,499,48,451
124000203,476,155,321
124000204,808,101,707
124000205,120,205,-85
124000206,821,39,782
124000207,0,21,-21
124000209,199,142,57
124000210,573,170,403
124000211,729,1,728
124000212,0,146,-146
124000213,490,136,354
124000214,414,306,108
124000215,379,28,351
124000216,0,126,-126
124000329,15,267,-252
124000338,176,506,-330
124000339,1021,92,929
124000341,1317,86,1231
124000344,102,31,71
124000357,872,1834,-962
124000358,633,1255,-622
124000359,958,579,379
124000360,760,431,329
124000361,1209,661,548
124000362,665,866,-201
124000363,218,233,-15
124000364,424,371,53
124000365,468,661,-193
124000366,1023,538,485
124000367,58,214,-156
124000368,454,441,13
124000369,72,63,9
124000370,30,224,-194
124000402,35,20,15
124000403,129,29,100
124000404,1,55,-54
124000405,659,566,93
124000406,423,491,-68
124000407,1,12,-11
124000411,8,117,-109
124000412,403,16,387
124000413,80,32,48
124000414,125,83,42
124000415,59,51,8
124000416,149,124,25
124000417,217,88,129
124000418,196,58,138
124000419,146,74,72
124000420,86,49,37
124000421,55,63,-8
124000422,17,9,8
124000423,81,20,61
124000424,4,39,-35
124000425,167,4,163
124000426,5,75,-70
124000427,223,6,217
124000428,4,62,-58
124000429,76,33,43
124000430,339,112,227
124000431,492,223,269
124000432,237,350,-113
124000439,8,8,0
124000443,0,13,-13
124000445,239,1359,-1120
124000446,569,248,321
124000447,22,143,-121
124000448,97,12,85
124000449,145,26,119
124000450,45,57,-12
124000451,3,29,-26
124900001,659,404,255
124900002,173,136,37
124900003,1045,427,618
124900004,809,271,538
124900005,164,75,89
124900006,720,274,446
124900008,741,415,326
124900009,127,282,-155
124900010,179,241,-62
124900011,476,264,212
124900012,331,76,255
124900013,499,153,346
124900014,391,60,331
124900015,108,282,-174
124900016,76,94,-18
124900017,406,1590,-1184
124900018,90,18,72
124900020,74,53,21
124900021,385,31,354
124900022,43,5,38
124900024,267,8,259
124900026,130,81,49
124900027,104,375,-271
124900028,164,48,116
124900029,15,451,-436
124900030,6,67,-61
124900031,32,93,-61
124900032,102,219,-117
124900033,107,156,-49
124900034,5,76,-71
124900035,111,216,-105
124900036,3,48,-45
124900037,170,115,55
124900039,5,44,-39
124900040,122,110,12
124900042,91,0,91
124900043,458,593,-135
124900044,72,4,68
124900045,382,685,-303
124900047,349,247,102
124900048,176,59,117
124900050,182,135,47
124900052,88,183,-95
124900053,267,308,-41
124900054,431,336,95
124900055,10,214,-204
124900057,8,34,-26
124900060,331,416,-85
124900061,109,11,98
124900062,220,23,197
124900066,0,128,-128
124900067,6,59,-53
124900068,159,409,-250
124900070,53,13,40
124900072,130,43,87
124900075,312,151,161
124900076,21,1227,-1206
124900077,15,85,-70
124900078,67,37,30
124900079,252,116,136
124900080,358,352,6
124900081,979,278,701
124900082,565,775,-210
124900083,359,545,-186
124900085,1062,996,66
124900086,38,875,-837
124900087,681,75,606
124900088,396,201,195
124900089,616,30,586
124900090,460,190,270
124900091,304,207,97
124900092,192,171,21
124900093,326,138,188
124900094,488,217,271
124900095,84,426,-342
124900096,311,169,142
124900097,248,66,182
124900098,93,200,-107
124900099,200,374,-174
124900100,282,40,242
124900101,95,335,-240
124900102,224,16,208
124900103,180,94,86
124900104,48,74,-26
124900105,133,82,51
124900106,312,28,284
124900107,94,30,64
124900108,138,98,40
124900111,1,114,-113
124900112,179,314,-135
124900113,44,227,-183
124900114,101,122,-21
124900115,82,35,47
124900116,197,162,35
124900117,177,171,6
124900118,130,422,-292
124900119,330,191,139
124900120,31,219,-188
124900121,63,373,-310
124900122,228,158,70
124900123,241,96,145
124900124,93,300,-207
204000001,142,7,135
204000002,40,10,30
204000003,12,3,9
204000004,3,0,3
204000005,568,440,128
204000006,961,1023,-62
204000011,11,31,-20
204000012,40,97,-57
204000019,678,334,344
204000020,649,360,289
204000021,888,555,333
204000022,704,336,368
204000023,593,406,187
204000031,32,12,20
204000032,201,25,176
204000034,64,66,-2
204000035,1,7,-6
204000036,7,19,-12
204000037,0,19,-19
204000038,1,2,-1
204000039,8,5,3
204000040,0,6,-6
204000041,4,12,-8
204000042,16,19,-3
204000043,49,5,44
204000044,31,3,28
204000045,26,3,23
204000046,8,1,7
204000057,2,10,-8
204000062,27,21,6
204000068,18,237,-219
204000069,72,364,-292
204000070,73,54,19
204000080,56,45,11
204000085,1376,1004,372
204000086,1566,1116,450
204000087,54,6,48
204000088,2,60,-58
204000090,78,141,-63
204000093,364,52,312
204000096,1010,861,149
204000097,340,15,325
204000099,831,1211,-380
204000100,1233,1478,-245
204000105,1352,700,652
204000110,272,640,-368
204000111,483,333,150
204000112,509,297,212
204000113,262,452,-190
204000114,760,629,131
204000115,629,258,371
204000116,399,431,-32
204000119,1603,2077,-474
204000132,613,319,294
204000133,750,123,627
204000134,181,42,139
204000135,560,43,517
204000136,490,127,363
204000138,271,410,-139
204000140,228,123,105
204000141,160,77,83
204000144,3,30,-27
204000145,396,56,340
204000146,11,175,-164
204000147,7,177,-170
204000148,192,23,169
204000154,8,0,8
204000155,1,7,-6
204000177,67,20,47
204000179,102,14,88
204000180,0,35,-35
204000222,2,4,-2
204000235,14,8,6
204000236,30,177,-147
204000238,14,19,-5
204000240,261,74,187
204000263,456,638,-182
204000268,639,472,167
204000308,142,32,110
204000317,12,48,-36
204000322,4,40,-36
204000323,3,6,-3
204000328,146,58,88
204000329,63,128,-65
204000330,133,34,99
204000331,128,118,10
205000001,592,918,-326
205000013,10,28,-18
205000014,20,39,-19
205000015,34,68,-34
205000016,18,84,-66
205000017,23,52,-29
205000022,285,484,-199
205000025,933,572,361
205000029,233,12,221
205000045,92,570,-478
205000046,120,421,-301
205000047,44,216,-172
205000048,325,492,-167
205000049,167,524,-357
205000050,376,262,114
205000059,0,117,-117
205000060,0,73,-73
205000061,1,125,-124
205000062,2,192,-190
205000063,29,153,-124
205000064,16,53,-37
205000065,66,359,-293
205000066,105,392,-287
205000067,27,527,-500
205000069,185,16,169
205000082,129,100,29
205000110,111,145,-34
205000111,155,116,39
205000112,141,157,-16
205000113,120,254,-134
205000121,190,60,130
205000123,17,161,-144
205000126,379,60,319
205000127,744,116,628
205000128,382,59,323
205000129,762,50,712
205000130,84,25,59
205000131,46,5,41
205000132,71,4,67
205000133,42,1,41
205000134,256,0,256
205000137,76,128,-52
205000138,101,208,-107
205000139,19,81,-62
205000144,90,98,-8
205000145,244,125,119
205000151,169,19,150
205000152,154,11,143
205000153,222,16,206
205000154,72,23,49
205000155,110,13,97
205000207,5,94,-89
205000233,30,0,30
205000234,0,1,-1
205000243,1,0,1
205000244,0,3,-3
205000245,6,81,-75
205000249,0,9,-9
205000250,5,1,4
205000264,5,44,-39
206000027,3,2,1
206000028,2,4,-2
206000043,2,34,-32
206000053,2,4,-2
206000054,1,25,-24
206000055,0,14,-14
206000075,3,20,-17
206000076,10,17,-7
206000077,20,4,16
206000078,28,11,17
206000079,25,5,20
206000082,223,40,183
206000100,12,271,-259
206000103,8,10,-2
206000104,15,10,5
206000105,4,5,-1
206000106,3,10,-7
206000125,98,0,98
206000157,23,258,-235
206000170,0,88,-88
206000171,2,127,-125
206000172,13,115,-102
206000173,1,95,-94
206000174,18,18,0
206000175,1,33,-32
206000176,14,47,-33
206000177,3,57,-54
206000178,2,111,-109
206000179,3,59,-56
206000180,4,38,-34
206000181,9,31,-22
206000182,11,34,-23
206000183,4,125,-121
206000184,5,113,-108
206000185,1,49,-48
206000186,80,260,-180
206000223,4,133,-129
206000226,6,1,5
206000227,17,0,17
206000237,47,92,-45
206000238,9,170,-161
206000239,155,872,-717
206000240,1,61,-60
206000241,0,42,-42
206000242,4,72,-68
206000243,3,57,-54
206000244,46,136,-90
206000245,804,50,754
206000246,307,13,294
206000247,273,8,265
206000248,355,22,333
206000252,64,39,25
206000258,23,30,-7
206000315,46,9,37
206000317,476,92,384
206000318,722,70,652
206000319,1660,80,1580
206000320,304,30,274
206000321,267,9,258
206000322,539,11,528
206000323,237,7,230
206000324,233,4,229
206000325,141,7,134
206000326,176,5,171
206000327,66,11,55
206000328,222,3,219
206000329,301,10,291
206000330,74,7,67
206000331,253,1,252
206000332,64,1,63
206000333,664,2,662
206000334,269,2,267
206000335,0,9,-9
206000361,3,101,-98
206000392,0,12,-12
206000405,143,0,143
206000441,60,8,52
206000498,48,3,45
206000515,40,28,12
206000530,386,56,330
206000531,210,219,-9
206000532,1265,287,978
206000535,76,1788,-1712
206000536,5,83,-78
206000537,10,101,-91
206000613,1243,193,1050
206000784,366,27,339
207000001,137,434,-297
207000002,66,351,-285
207000003,131,110,21
207000007,1206,158,1048
207000008,117,6,111
207000009,77,31,46
207000010,300,204,96
207000012,358,129,229
207000015,169,526,-357
207000019,211,63,148
207000021,428,178,250
207000022,154,129,25
207000023,230,45,185
207000024,3,15,-12
207000025,23,63,-40
207000026,58,16,42
207000027,12,44,-32
207000028,52,97,-45
207000029,129,308,-179
207000033,165,410,-245
207000034,212,116,96
207000039,436,85,351
207000040,453,41,412
207000041,24,31,-7
207000042,134,36,98
207000043,184,104,80
207000051,89,153,-64
207000052,5,90,-85
207000053,300,311,-11
207000054,56,59,-3
207000055,210,74,136
207000056,239,228,11
207000057,74,162,-88
207000058,179,208,-29
207000059,98,185,-87
207000060,70,121,-51
207000061,127,645,-518
207000062,414,39,375
207000063,508,57,451
207000064,316,87,229
207000065,323,185,138
207000066,329,136,193
207000067,36,43,-7
207000068,101,49,52
207000069,707,243,464
207000082,4,107,-103
207000083,78,153,-75
207000084,318,216,102
207000085,212,23,189
207000086,275,12,263
207000106,42,28,14
207000107,114,11,103
207000108,81,19,62
207000109,43,9,34
207000110,96,48,48
207000111,62,90,-28
207000112,84,547,-463
207000114,18,31,-13
207000115,14,29,-15
207000116,20,268,-248
207000117,6,61,-55
207000118,10,45,-35
207000119,23,39,-16
207000123,164,17,147
207000124,84,18,66
207000125,73,25,48
207000126,35,46,-11
207000134,133,72,61
207000135,32,109,-77
207000148,102,201,-99
207000149,56,18,38
207000152,74,320,-246
207000153,317,787,-470
207000154,313,170,143
207000159,74,75,-1
207000160,99,180,-81
207000238,0,148,-148
207000242,4,74,-70
207000248,36,21,15
207000249,97,13,84
207000250,238,55,183
207000251,123,62,61
207000252,20,28,-8
207000278,73,71,2
207000279,16,89,-73
207000280,716,51,665
207000281,123,370,-247
207000282,83,133,-50
207000283,28,184,-156
207000284,36,370,-334
207000285,67,88,-21
207000291,13,58,-45
207000304,66,38,28
207000306,30,208,-178
207000310,113,58,55
207000353,133,0,133
207000356,3,19,-16
207000357,5,28,-23
207000358,0,10,-10
207000415,4,58,-54
207000417,42,1,41
207000418,86,91,-5
207000438,0,3,-3
207000439,455,414,41
207000446,195,6,189
207000460,40,7,33
207000466,106,96,10
207000467,218,40,178
207000468,37,143,-106
207000476,5,52,-47
207000477,623,66,557
207000478,0,41,-41
207000523,0,21,-21
207000524,64,1,63
207000527,132,108,24
207000530,466,5,461
207000531,239,5,234
207000532,60,19,41
207000534,203,53,150
207000535,32,213,-181
207000537,22,52,-30
207000540,6,58,-52
207000541,4,175,-171
207000548,11,122,-111
207000549,223,12,211
207000561,167,146,21
207000562,22,62,-40
207000567,101,163,-62
207000568,315,34,281
207000569,582,221,361
207000584,112,127,-15
207000585,25,179,-154
207000587,142,28,114
207000616,0,68,-68
207000617,159,1,158
207000624,49,22,27
207000631,27,54,-27
207900008,272,64,208
208000001,562,1055,-493
208000002,654,435,219
208000003,1015,399,616
208000004,810,601,209
208000005,2,18,-16
208000019,578,574,4
208000020,148,341,-193
208000021,251,215,36
208000022,889,385,504
208000028,484,964,-480
208000033,541,382,159
208000034,906,995,-89
208000037,222,5,217
208000040,125,67,58
208000041,560,427,133
208000042,586,397,189
208000047,184,128,56
208000064,1606,1188,418
208000066,1227,1840,-613
208000070,377,260,117
208000071,583,434,149
208000072,394,728,-334
208000080,265,245,20
208000081,428,130,298
208000082,292,143,149
208000083,179,225,-46
208000084,4,16,-12
208000085,561,377,184
208000086,406,833,-427
208000087,275,602,-327
208000089,1005,238,767
208000090,956,355,601
208000093,136,207,-71
208000094,397,242,155
208000095,639,367,272
208000104,936,557,379
208000105,590,727,-137
208000114,92,265,-173
208000115,415,221,194
208000116,561,751,-190
208000117,118,170,-52
208000118,100,158,-58
208000155,480,941,-461
208000158,1019,2664,-1645
208000186,1954,3264,-1310
208000204,602,849,-247
208000205,1102,721,381
208000282,2496,2148,348
209000004,370,197,173
209000005,31,32,-1
209000006,301,221,80
209000007,161,293,-132
209000010,245,106,139
209000011,70,233,-163
209000012,93,76,17
209000013,132,116,16
209000014,310,398,-88
209000025,388,51,337
209000026,565,83,482
209000027,227,367,-140
209000028,255,266,-11
209000029,185,352,-167
209000030,264,709,-445
209000031,1515,856,659
209000034,131,258,-127
209000035,100,213,-113
209000036,199,115,84
209000037,350,160,190
209000038,129,133,-4
209000039,58,122,-64
209000040,208,358,-150
209000041,143,253,-110
209000042,225,233,-8
209000043,406,541,-135
209000044,184,598,-414
209000045,785,323,462
209000046,466,316,150
209000047,294,125,169
209000048,490,277,213
209000049,88,75,13
209000050,167,61,106
209000051,215,135,80
209000052,169,120,49
209000062,48,56,-8
209000063,48,41,7
209000064,39,30,9
209000065,88,21,67
209000066,113,15,98
209000067,103,34,69
209000080,20,165,-145
209000082,67,53,14
209000091,24,78,-54
209000093,38,8,30
209000094,56,123,-67
209000110,35,120,-85
209000111,436,1190,-754
209000112,884,376,508
209000113,1255,480,775
209000114,683,378,305
209000115,71,71,0
209000116,359,142,217
209000118,6,34,-28
209000119,10,12,-2
209000121,73,338,-265
209000135,28,150,-122
209000142,418,1155,-737
209000143,34,51,-17
209000144,16,88,-72
209000229,198,105,93
209000240,26,118,-92
209000259,44,74,-30
209000260,58,469,-411
209000261,8,226,-218
209000262,0,184,-184
209000263,0,176,-176
209000264,3,221,-218
209000265,299,1,298
209000266,92,1,91
209000267,901,2,899
209000268,439,66,373
210000037,63,20,43
210000047,51,10,41
210000048,94,10,84
210000049,52,6,46
210000052,39,45,-6
210000053,30,22,8
210000054,36,54,-18
210000070,159,0,159
210000071,74,0,74
210000072,33,0,33
210000073,0,9,-9
210000074,0,85,-85
210000075,0,101,-101
210000076,7,121,-114
210000077,3,50,-47
210000078,35,43,-8
210000079,31,19,12
210000080,35,52,-17
210000081,103,22,81
210000082,85,9,76
210000083,80,10,70
210000084,48,1,47
210000085,0,51,-51
210000086,3,47,-44
210000099,24,148,-124
210000100,57,87,-30
210000101,50,127,-77
210000105,33,149,-116
210000159,1,158,-157
210000163,80,131,-51
210000164,176,154,22
210000168,65,23,42
210000187,0,15,-15
210000188,0,25,-25
210000214,28,1,27
210000219,24,26,-2
210000220,72,27,45
210000232,6,16,-10
210000233,28,37,-9
210000234,22,74,-52
210000235,50,38,12
210000245,0,31,-31
210000246,76,36,40
210000258,12,71,-59
210000259,226,54,172
210000282,60,162,-102
210000285,3,68,-65
210000286,19,73,-54
210000290,7,6,1
210000295,44,75,-31
210000296,34,18,16
210000320,190,40,150
210000321,85,30,55
210000338,29,42,-13
210000339,113,713,-600
210000340,107,272,-165
210000341,185,209,-24
210000342,138,159,-21
210000343,140,155,-15
210000344,92,104,-12
210000345,110,177,-67
210000346,48,104,-56
210000347,27,63,-36
210000348,92,43,49
210000349,41,18,23
210000350,138,40,98
210000351,169,78,91
210000352,66,42,24
210000353,41,26,15
210000354,57,45,12
210000355,20,47,-27
210000356,16,44,-28
210000357,27,47,-20
210000358,170,133,37
210000359,75,72,3
210000360,100,119,-19
210000361,158,112,46
210000362,192,141,51
210000363,307,163,144
210000364,89,134,-45
210000365,160,60,100
210000366,102,65,37
210000367,67,17,50
210000368,127,36,91
210000369,16,17,-1
210000370,34,24,10
210000372,3,12,-9
210000373,19,12,7
210000374,37,25,12
210000375,31,39,-8
210000376,41,57,-16
210000404,34,88,-54
210000439,20,15,5
210000472,49,0,49
210000482,37,109,-72
210000564,141,181,-40
210000567,4,37,-33
210000568,166,3,163
211000092,60,20,40
211000094,36,2,34
211000169,158,20,138
211000172,26,112,-86
211000209,0,18,-18
211000226,9,57,-48
211000270,25,19,6
211000275,29,21,8
211000276,64,4,60
211000279,25,28,-3
211000281,63,18,45
211000302,30,24,6
211507980,1,57,-56
211977296,19,21,-2
212000003,114,25,89
212000004,11,31,-20
212000005,6,58,-52
212000006,30,43,-13
212000008,147,93,54
212000009,41,83,-42
212000012,100,56,44
212000013,18,36,-18
212000014,290,100,190
212000015,304,170,134
212000016,383,373,10
212000027,478,192,286
212000028,280,242,38
212000029,165,152,13
212000030,39,20,19
212000031,53,37,16
212000048,40,143,-103
212000049,10,193,-183
212000050,13,27,-14
212000051,204,86,118
212000052,188,104,84
212000053,292,205,87
212000054,302,82,220
212000055,274,117,157
212000056,16,9,7
212000057,10,12,-2
212000058,117,37,80
212000070,93,78,15
212000077,91,265,-174
212000099,230,166,64
212000108,159,95,64
212000111,208,49,159
212000120,92,40,52
212000138,153,30,123
212000156,9,52,-43
212000158,6,10,-4
212000159,334,30,304
212000160,537,152,385
212000161,51,1,50
212000310,37,8,29
212000311,7,28,-21
212000374,23,9,14
213000001,44,206,-162
213000005,303,104,199
213000006,672,241,431
213000007,57,16,41
213000009,326,448,-122
213000010,178,231,-53
213000011,172,80,92
213000012,162,199,-37
213000014,88,11,77
213000015,298,8,290
213000016,436,1,435
213000017,103,0,103
213000018,2,50,-48
213000019,0,76,-76
213000020,129,170,-41
213000021,8,82,-74
213000023,304,201,103
213000033,283,1240,-957
213000034,367,165,202
213000035,106,187,-81
213000045,255,242,13
213000046,177,116,61
213000047,415,940,-525
213000056,86,17,69
213000069,80,3,77
213000073,4,50,-46
213000074,100,336,-236
213000075,433,2,431
213000076,16,3,13
213000085,5,35,-30
213000086,13,109,-96
213000091,249,12,237
213000092,28,11,17
213000099,163,962,-799
213000100,741,250,491
213000101,499,79,420
213000102,569,133,436
213000103,637,538,99
213000104,47,230,-183
213000105,76,1003,-927
213000106,28,100,-72
213000107,163,242,-79
213000108,55,250,-195
213000109,30,140,-110
213000110,43,87,-44
213000111,22,52,-30
213000112,124,69,55
213000115,36,5,31
213000116,39,310,-271
213000117,5,450,-445
213000118,528,192,336
213000119,49,438,-389
213000120,94,228,-134
213000122,84,252,-168
213000123,248,436,-188
213000124,141,569,-428
213000125,97,20,77
213000126,42,93,-51
213000127,78,185,-107
213000128,204,909,-705
213000129,196,595,-399
213000130,828,266,562
213000132,478,89,389
213000133,771,73,698
213000134,771,25,746
213000136,403,20,383
213000137,542,72,470
213000139,202,16,186
213000147,47,19,28
213000148,18,8,10
213000149,20,8,12
213000150,0,188,-188
213000151,2,113,-111
213000152,0,119,-119
213000153,4,116,-112
213000154,37,125,-88
213000155,41,102,-61
213000156,104,253,-149
213000157,469,286,183
213000158,299,658,-359
213000159,460,361,99
213000163,952,101,851
213000165,620,282,338
213000171,1,35,-34
213000172,6,131,-125
213000173,3,85,-82
213000174,1,51,-50
213000175,195,174,21
213000176,30,29,1
213000177,86,0,86
213000178,171,1,170
213000179,179,0,179
213000180,196,0,196
213000184,83,317,-234
213000188,307,94,213
213000189,337,31,306
213000190,593,449,144
213000191,389,223,166
213000192,242,167,75
213000193,515,272,243
213000194,1,81,-80
213000195,20,326,-306
213000196,169,1037,-868
213000197,414,449,-35
213000198,29,1,28
213000200,114,473,-359
213000201,33,34,-1
213000202,2,358,-356
213000203,1709,538,1171
213000204,644,42,602
213000205,258,45,213
213000206,432,15,417
213000207,75,8,67
213000208,43,3,40
213000209,108,4,104
213000210,200,6,194
213000211,5,13,-8
213000212,14,39,-25
213000213,34,53,-19
213000218,215,272,-57
213000219,462,11,451
213000220,346,8,338
213000223,163,180,-17
213000224,16,49,-33
213000225,113,26,87
213000226,84,23,61
213000227,867,165,702
213000228,471,71,400
213000229,63,34,29
213000230,507,20,487
213000232,65,457,-392
213000233,10,73,-63
213000234,2,63,-61
213000293,23,57,-34
213000294,123,26,97
213000295,13,82,-69
213000296,44,28,16
213000297,7,56,-49
213000298,16,50,-34
213000299,26,31,-5
213000300,10,7,3
213000303,2,22,-20
213000304,5,10,-5
213000305,1,34,-33
213000306,27,50,-23
213000307,57,52,5
213000308,56,106,-50
213000309,150,41,109
213000310,412,218,194
213000311,152,729,-577
213000315,54,74,-20
213000316,143,36,107
213000322,155,86,69
213000323,134,187,-53
213000324,86,93,-7
213000325,53,158,-105
213000326,25,92,-67
213000327,137,101,36
213000328,147,74,73
213000329,165,271,-106
213000340,138,257,-119
213000341,650,78,572
213000346,163,297,-134
213000347,358,580,-222
213000348,3,182,-179
213000349,20,20,0
213000350,306,606,-300
213000366,64,107,-43
213000367,297,18,279
213000379,34,106,-72
213000386,26,145,-119
213000406,116,206,-90
213000417,1041,400,641
213000425,454,259,195
213000426,331,205,126
213000427,57,78,-21
213000428,42,77,-35
213000429,4,4,0
213000430,91,221,-130
213000431,8,1,7
213000432,0,17,-17
213000433,17,69,-52
213000434,99,65,34
213000435,249,159,90
213000436,46,27,19
213000437,89,88,1
213000438,140,95,45
213000439,31,7,24
213000440,153,249,-96
213000441,16,1,15
213000442,206,211,-5
213000443,281,163,118
213000444,64,153,-89
213000445,0,25,-25
213000446,3,13,-10
213000447,4,51,-47
213000448,13,139,-126
213000449,454,7,447
213000450,12,28,-16
213000451,259,42,217
213000452,4,11,-7
213000453,27,169,-142
213000455,149,23,126
213000456,0,170,-170
213000481,8,1,7
213000482,27,0,27
213000489,151,40,111
213000491,5,175,-170
213000492,133,1,132
213000493,1,116,-115
213000494,324,82,242
213000495,1,21,-20
213000496,355,104,251
213000497,39,152,-113
213000498,157,61,96
213000499,208,157,51
213000500,581,50,531
213000501,109,29,80
213000502,143,122,21
213000503,0,31,-31
213000504,16,27,-11
213000505,42,50,-8
213000506,0,12,-12
213000507,2,55,-53
213900244,55,0,55
213900245,0,8,-8
218000003,19,18,1
218000004,15,35,-20
218000005,22,15,7
218000006,50,25,25
218000007,12,6,6
218000012,82,117,-35
218000013,127,109,18
218000014,241,284,-43
218000019,376,404,-28
218000020,189,273,-84
218000040,1,4,-3
218000046,52,33,19
218000047,2,50,-48
218000048,35,42,-7
218000049,50,59,-9
218000050,221,124,97
218000051,47,78,-31
218000052,0,35,-35
218000053,0,16,-16
218000054,3,52,-49
218000055,2,10,-8
218000056,9,26,-17
218000057,3,19,-16
218000064,1,7,-6
218000065,70,21,49
218000066,13,17,-4
218000067,73,63,10
218000068,113,44,69
218000069,235,56,179
218000070,217,156,61
218000071,185,146,39
218000072,129,111,18
218000078,892,322,570
218000079,135,61,74
218000080,83,43,40
218000081,424,97,327
218000082,70,59,11
218000083,61,32,29
218000084,147,61,86
218000085,116,171,-55
218000086,66,60,6
218000087,184,79,105
218000090,12,96,-84
218000091,945,391,554
218000092,86,113,-27
218000093,79,40,39
218000094,326,438,-112
218000099,184,422,-238
218000100,280,217,63
218000101,277,142,135
218000102,414,136,278
218000103,102,64,38
218000104,65,24,41
218000105,14,24,-10
218000106,12,7,5
218000107,31,17,14
218000108,3,19,-16
218000112,85,21,64
218000117,40,58,-18
218000134,505,240,265
218000135,18,57,-39
218000136,108,63,45
218000137,147,117,30
218000138,34,77,-43
218000139,167,196,-29
218000140,396,165,231
218000141,56,50,6
218000142,150,111,39
218000143,70,217,-147
218000144,31,87,-56
218000145,385,186,199
218000146,66,129,-63
218000151,8,13,-5
218000152,45,25,20
218000170,3,35,-32
218000171,31,5,26
218000172,11,3,8
218000173,15,6,9
218000174,22,2,20
218000176,195,50,145
218000177,286,153,133
218000178,75,110,-35
218000179,119,34,85
218000180,100,29,71
218000181,268,50,218
218000187,4,41,-37
218000188,24,62,-38
218000189,18,52,-34
218000190,2,5,-3
218000191,202,39,163
218000192,185,82,103
218000193,365,291,74
218000194,108,153,-45
218000195,125,34,91
218000196,305,162,143
218000197,344,196,148
218000198,25,80,-55
218000199,50,21,29
218000200,52,32,20
218000201,30,14,16
218000202,109,308,-199
218000207,5,10,-5
218000208,49,34,15
218000211,20,28,-8
218000213,62,37,25
218000214,3,22,-19
218000215,14,19,-5
218000217,1,43,-42
218000218,82,16,66
218000219,3,9,-6
218000220,21,215,-194
218000221,341,185,156
218000222,4,32,-28
218000223,19,211,-192
218000224,3,56,-53
218000225,174,25,149
218000226,145,40,105
218000232,28,39,-11
218000239,108,23,85
218000240,6,1,5
218000241,23,0,23
218000242,7,3,4
218000243,24,2,22
218000244,23,14,9
218000245,14,5,9
218000246,2,3,-1
218000247,4,0,4
218000248,0,18,-18
218000249,0,8,-8
218000250,0,17,-17
218000251,5,73,-68
218000252,3,303,-300
218000253,3,221,-218
218000254,2,116,-114
218000255,5,54,-49
218000256,16,70,-54
218000267,354,742,-388
218000268,5,25,-20
218000269,5,19,-14
218000270,123,33,90
218000271,8,24,-16
218000273,36,5,31
218000274,14,0,14
218000275,41,43,-2
218000276,18,17,1
218000278,7,41,-34
218000279,59,23,36
218000280,4,32,-28
218000281,7,23,-16
218000282,344,446,-102
218000284,35,3,32
218000301,96,120,-24
218000302,91,34,57
218000303,11,46,-35
218000316,603,479,124
218000317,1134,454,680
218000318,764,372,392
218000319,1035,497,538
218000320,733,336,397
218000338,34,33,1
218000345,69,60,9
218000346,24,126,-102
218000459,11,112,-101
218000490,30,48,-18
218000501,76,19,57
218000502,57,35,22
218000503,68,12,56
218000504,119,13,106
218000505,29,72,-43
218000506,14,179,-165
218000508,4,5,-1
218000510,116,16,100
218000520,83,96,-13
218000521,4,21,-17
218000522,1,93,-92
218000523,138,2,136
218000524,22,191,-169
218000525,120,32,88
218000526,13,133,-120
218000529,27,72,-45
218000531,19,14,5
218000532,16,28,-12
218000534,139,23,116
218000537,20,50,-30
218000538,98,257,-159
218000540,72,64,8
218000543,131,52,79
218000544,14,70,-56
218000545,64,100,-36
218000546,32,55,-23
218000547,96,153,-57
218000548,108,68,40
218000549,413,290,123
218000550,141,138,3
218000551,70,450,-380
218000552,147,58,89
218000553,37,113,-76
218000554,19,45,-26
218000555,18,63,-45
218000556,188,115,73
218000557,239,151,88
218000558,36,0,36
218000559,0,22,-22
218000560,0,32,-32
218000561,19,1,18
218000562,19,112,-93
218000563,147,44,103
218000564,4,98,-94
218000565,91,35,56
218000566,90,9,81
218000567,1,99,-98
218000568,24,2,22
218000569,3,103,-100
218000570,56,15,41
218000571,4,125,-121
218000572,129,1,128
218000573,4,171,-167
218000574,31,31,0
218000575,105,2,103
218000576,2,58,-56
218000577,97,0,97
218000578,1,69,-68
218000579,15,9,6
218000581,3,73,-70
218000582,32,3,29
218000583,6,0,6
218000584,0,33,-33
218000585,37,2,35
218000586,5,23,-18
218000587,2,1,1
218000588,0,2,-2
218000589,0,6,-6
218000590,4,2,2
218000591,1,4,-3
218000592,8,6,2
218000593,2,0,2
218000594,2,5,-3
218000597,0,6,-6
218000598,0,0,0
218000599,3,1,2
218000600,4,0,4
218000601,0,2,-2
218000602,0,6,-6
218000603,0,3,-3
218000604,17,0,17
218000605,0,48,-48
218000606,98,1,97
218000607,13,38,-25
218000608,38,19,19
218000609,7,43,-36
218000610,66,10,56
218000611,12,0,12
218000612,0,30,-30
218000613,52,2,50
218000614,2,19,-17
218000615,137,4,133
218000616,5,65,-60
218000617,13,0,13
218000618,0,27,-27
218000619,31,12,19
218000620,2,17,-15
218000621,0,2,-2
218000622,0,14,-14
218000623,36,1,35
218000624,3,26,-23
218000625,13,1,12
218000626,0,8,-8
218000628,173,47,126
218000631,31,29,2
218000632,1,149,-148
218000633,82,0,82
218000634,3,27,-24
218000635,6,19,-13
218000636,670,429,241
218000637,916,208,708
218000638,215,9,206
218000639,14,64,-50
218000640,273,20,253
218000641,80,116,-36
218000652,17,22,-5
218000653,159,53,106
218000663,8,124,-116
218000675,52,45,7
218000680,118,192,-74
218000681,339,94,245
218000691,155,62,93
218000693,263,139,124
218000718,65,494,-429
218000719,80,253,-173
218000720,11,156,-145
218000721,45,23,22
218001147,3,89,-86
218001214,11,37,-26
218001258,176,6,170
218001329,109,69,40
218001330,69,76,-7
218001351,19,17,2
218001352,9,12,-3
218001353,15,1,14
218001354,10,29,-19
218001355,8,79,-71
218001356,373,30,343
218001357,32,70,-38
218001358,205,28,177
218001361,297,8,289
218001362,0,62,-62
219000001,39,26,13
219000002,6,44,-38
219000003,51,24,27
219000004,28,40,-12
219000017,58,48,10
219000020,143,38,105
219000022,134,3,131
219000023,49,1,48
219000029,0,27,-27
219000034,30,20,10
219000039,92,174,-82
219000040,19,69,-50
219000041,121,18,103
219000051,0,29,-29
219000052,0,18,-18
219000053,1,43,-42
219000054,1,5,-4
219000055,282,0,282
219000056,15,0,15
219000057,39,0,39
219000062,24,53,-29
219000063,50,9,41
219000064,0,43,-43
219000110,249,73,176
219000111,85,32,53
219000112,158,52,106
219000113,120,61,59
219000114,100,55,45
219000116,113,60,53
219000117,129,79,50
219000118,151,50,101
219000123,125,36,89
219000124,46,47,-1
219000125,7,15,-8
219000126,41,109,-68
219000127,0,2,-2
219000128,4,106,-102
219000129,22,119,-97
219000130,229,451,-222
219000131,481,729,-248
219000133,39,56,-17
219000134,14,42,-28
219000135,37,53,-16
219000136,70,139,-69
219000138,49,9,40
219000139,50,35,15
219000140,79,1,78
219000141,36,66,-30
219000142,10,45,-35
219000143,8,24,-16
219000145,9,31,-22
219000146,1,16,-15
219000147,3,11,-8
219000148,2,6,-4
219000149,2,37,-35
219000150,0,37,-37
219000151,0,26,-26
219000157,210,91,119
219000158,136,119,17
219000161,109,7,102
219000163,621,332,289
219000166,88,162,-74
219000167,116,129,-13
219000168,146,86,60
219000174,401,85,316
219000175,52,5,47
219000176,123,6,117
219000177,41,4,37
219000178,68,2,66
219000179,15,1,14
219000180,25,26,-1
219000182,153,17,136
219000183,47,25,22
219000184,84,10,74
219000185,0,27,-27
219000186,90,10,80
219000187,8,40,-32
219000189,39,164,-125
219000190,66,159,-93
219000191,189,1199,-1010
219000192,149,131,18
219000193,127,102,25
219000195,2,37,-35
219000196,9,64,-55
219000198,13,62,-49
219000199,27,141,-114
219000200,43,119,-76
219000201,61,121,-60
219000203,15,115,-100
219000204,71,236,-165
219000205,73,167,-94
219000207,127,239,-112
219000209,41,43,-2
219000210,18,77,-59
219000213,10,76,-66
219000239,157,169,-12
219000240,211,308,-97
219000241,157,95,62
219000242,34,84,-50
219000243,69,172,-103
219000244,20,47,-27
219000245,31,50,-19
219000246,20,18,2
219000247,123,33,90
219000248,320,280,40
219000249,102,84,18
219000250,139,90,49
219000251,384,188,196
219000252,254,125,129
219000253,352,64,288
219000255,135,81,54
219000256,248,59,189
219000257,90,0,90
219000262,62,77,-15
219000263,40,77,-37
219000267,4,40,-36
219000268,1,6,-5
219000269,5,10,-5
219000270,23,0,23
219000271,131,2,129
219000278,0,4,-4
219000279,0,4,-4
219000283,1,6,-5
219000295,8,68,-60
219000296,39,186,-147
219000297,29,43,-14
219000298,18,48,-30
219000299,304,46,258
219000300,18,68,-50
219000301,107,204,-97
219000302,25,144,-119
219000307,15,27,-12
219000308,39,39,0
219000311,167,52,115
219000312,354,102,252
219000313,314,40,274
219000314,36,138,-102
219000315,248,26,222
219000316,456,42,414
219000317,125,8,117
219000320,0,25,-25
219000321,1,19,-18
219000323,1,25,-24
219000325,2,7,-5
219000326,37,43,-6
219000327,38,17,21
219000328,9,42,-33
219000329,244,105,139
219000330,17,31,-14
219000331,21,25,-4
219000332,109,96,13
219000333,35,2,33
219000335,68,0,68
219000337,16,0,16
219000338,38,1,37
219000344,17,60,-43
219000345,23,79,-56
219000346,35,57,-22
219000348,196,37,159
219000349,51,83,-32
219000350,81,344,-263
219000351,0,7,-7
219000352,322,59,263
219000353,111,53,58
219000354,182,84,98
219000355,132,28,104
219000356,384,1183,-799
219000363,124,68,56
219000364,98,55,43
219000365,96,29,67
219000366,174,338,-164
219000368,244,420,-176
219000370,634,498,136
219000371,3,34,-31
219000382,6,33,-27
219000383,270,897,-627
219000385,253,398,-145
219000386,490,1308,-818
219000387,1,16,-15
219000390,3,1,2
219000391,0,1,-1
219000397,30,29,1
219000398,53,27,26
219000401,15,63,-48
219000402,23,49,-26
219000403,109,252,-143
219000404,23,124,-101
219000407,8,23,-15
219000409,64,40,24
219000410,96,44,52
219000411,55,9,46
219000446,59,273,-214
219000447,1,19,-18
219000448,10,9,1
219000452,67,79,-12
219000453,47,180,-133
219000454,107,285,-178
219000556,230,65,165
219000558,68,58,10
219000590,14,117,-103
219000591,74,46,28
219000592,92,177,-85
219000595,1,6,-5
219000635,139,14,125
219000636,24,41,-17
219000657,8,10,-2
219000658,11,97,-86
219000673,0,15,-15
219000676,2,1,1
219000679,22,9,13
219000684,71,3,68
219000685,0,14,-14
219000686,0,6,-6
219000688,1,49,-48
219000689,10,131,-121
219000690,108,12,96
219000691,37,108,-71
219000692,74,18,56
219000693,0,11,-11
219000694,9,1,8
219000695,36,2,34
219000698,11,0,11
219000699,0,15,-15
219000727,0,70,-70
219000728,158,1,157
219000770,14,2,12
219000771,0,29,-29
219000788,269,230,39
219001150,0,53,-53
219001151,1,2,-1
219001166,15,34,-19
219001167,1,45,-44
219001178,40,1,39
220000001,34,86,-52
220000002,4,103,-99
220000003,179,99,80
220000004,203,210,-7
220000005,489,873,-384
220000006,116,435,-319
220000007,378,152,226
220000008,274,328,-54
220000009,223,235,-12
220000010,95,49,46
220000011,279,2076,-1797
220000012,35,161,-126
220000014,89,40,49
220000015,70,285,-215
220000017,23,153,-130
220000018,3424,1234,2190
220000019,54,355,-301
220000020,297,114,183
220000021,630,134,496
220000022,816,237,579
220000023,385,117,268
220000024,1077,346,731
220000025,510,923,-413
220000026,252,319,-67
220000027,27,93,-66
220000028,36,37,-1
220000029,34,51,-17
220000030,24,48,-24
220000031,441,191,250
220000064,37,900,-863
221000046,3,0,3
221000047,0,0,0
221000048,0,0,0
221000049,0,7,-7
221000050,13,0,13
221000055,52,36,16
221000057,79,11,68
221000068,204,103,101
221000069,242,67,175
221000070,153,19,134
221000071,93,12,81
221000072,176,4,172
221000073,127,22,105
221000074,2,13,-11
221000075,8,27,-19
221000076,9,28,-19
221000077,7,73,-66
221000081,12,6,6
221000082,83,3,80
221000083,14,8,6
221000084,31,3,28
221000085,16,27,-11
221000086,15,77,-62
221000087,2,106,-104
221000088,12,96,-84
221000089,38,169,-131
221000090,103,387,-284
221000098,124,15,109
221000099,166,11,155
221000100,103,8,95
221000101,157,19,138
221000102,127,15,112
221000109,9,67,-58
221000110,15,44,-29
221000111,21,129,-108
221000112,2,79,-77
221000113,17,112,-95
221000114,7,74,-67
221000120,41,31,10
221000121,2,34,-32
221000122,37,34,3
221000123,29,21,8
221000124,25,105,-80
221000155,48,13,35
221000156,66,37,29
221000175,2,17,-15
221000176,0,2,-2
221000182,35,3,32
221000241,384,252,132
221000242,154,275,-121
221000243,452,204,248
221000244,263,373,-110
221000245,96,54,42
221000246,63,231,-168
221000247,149,72,77
221000248,158,90,68
221000267,31,299,-268
221000325,38,26,12
221000331,4,30,-26
221000338,17,26,-9
221000378,193,37,156
221000381,48,64,-16
222000282,24,6,18
222000296,7,15,-8
222000568,250,14,236
222000569,170,49,121
222000570,88,43,45
222000571,299,19,280
222000577,7,78,-71
222000578,35,86,-51
222000579,25,77,-52
222000580,60,387,-327
222000599,0,100,-100
222000600,1,135,-134
222000601,3,390,-387
222000603,8,23,-15
222000604,1,33,-32
222000605,14,26,-12
222000606,0,13,-13
222000607,5,5,0
222000608,21,11,10
222000609,17,54,-37
222000616,386,21,365
222000617,4,17,-13
222000618,1,4,-3
222000620,13,26,-13
222000621,33,11,22
222000623,485,4,481
222000624,303,3,300
222000625,457,21,436
222000636,40,4,36
222000686,15,11,4
222000687,30,18,12
222001066,230,2,228
222001067,24,1,23
222001068,54,11,43
222001069,60,11,49
222001082,6,16,-10
222001083,23,17,6
222001084,0,58,-58
222001085,0,65,-65
222001111,49,60,-11
222001112,197,25,172
222001313,17,6,11
222001314,4,81,-77
222001464,278,43,235
222001465,11,74,-63
222001484,162,20,142
222001485,17,41,-24
222001494,554,112,442
222001495,63,109,-46
222001496,327,54,273
222001497,65,179,-114
222001502,12,41,-29
222001503,73,27,46
222001504,40,181,-141
222001505,299,12,287
222001506,69,260,-191
222001507,251,27,224
222001510,470,20,450
222001511,43,105,-62
222001514,510,96,414
222001515,128,214,-86
222001518,359,53,306
222001519,51,90,-39
222001527,143,41,102
222001528,15,53,-38
222001529,277,35,242
222001530,85,119,-34
222001533,92,112,-20
222001534,281,46,235
222001535,226,224,2
222001536,50,89,-39
222001537,298,37,261
222001538,52,174,-122
222001563,744,66,678
222001564,75,164,-89
222001568,183,207,-24
222001576,0,3,-3
222001579,0,11,-11
222001583,12,44,-32
222001584,98,16,82
222001596,318,648,-330
222001597,899,231,668
222001626,0,73,-73
222001650,18,91,-73
222001651,20,198,-178
222001914,156,41,115
222001915,26,135,-109
222001968,402,225,177
222001969,276,267,9
222001970,119,157,-38
222001971,21,4,17
222001972,1,10,-9
225000001,288,127,161
225000002,533,132,401
225000003,606,57,549
225000004,307,130,177
225000005,97,32,65
225000006,1,111,-110
225000007,701,845,-144
225000010,177,6,171
225000011,177,782,-605
225000012,217,424,-207
225000013,60,58,2
225000014,475,100,375
225000015,75,88,-13
225000021,563,109,454
225000027,141,221,-80
225000032,555,88,467
225000042,49,286,-237
225000049,46,42,4
225000050,90,10,80
225000053,4,134,-130
225000058,522,144,378
225000067,145,46,99
225000068,66,138,-72
225000069,51,240,-189
225000070,68,171,-103
225000071,17,66,-49
225000075,6,381,-375
225000076,45,84,-39
225000078,73,47,26
225000085,64,77,-13
225000086,190,47,143
225000087,122,8,114
225000088,6,104,-98
225000089,90,648,-558
225000090,37,359,-322
225000091,106,78,28
225000092,16,28,-12
225000093,154,133,21
225000094,9,98,-89
225000095,202,200,2
225000096,160,242,-82
225000098,542,212,330
225000099,267,131,136
225000100,351,121,230
225000104,96,241,-145
225000110,5,187,-182
225000111,166,480,-314
225000112,187,598,-411
225000113,159,435,-276
225000114,73,207,-134
225000115,748,365,383
225000116,566,135,431
225000117,583,197,386
225000118,885,209,676
225000119,222,78,144
225000120,562,39,523
225000121,125,11,114
225000123,390,17,373
225000125,459,79,380
225000126,560,156,404
225000127,445,927,-482
225000128,412,610,-198
225000132,388,33,355
225000133,236,21,215
225000134,580,116,464
225000135,49,8,41
225000136,313,7,306
225000137,238,30,208
225000138,369,46,323
225000143,20,118,-98
225000144,0,201,-201
225000145,31,16,15
225000146,29,30,-1
225000147,32,77,-45
225000148,3,60,-57
225000149,23,142,-119
225000151,22,81,-59
225000155,281,209,72
225000156,111,498,-387
225000157,261,204,57
225000158,39,138,-99
225000171,4,71,-67
225000180,40,18,22
225000181,0,42,-42
225000182,38,14,24
225000185,4,270,-266
225000187,46,262,-216
225000191,54,0,54
225000194,0,7,-7
225000208,1,24,-23
225000209,76,3,73
225000210,0,97,-97
225000217,0,12,-12
225000218,10,1,9
225000223,0,55,-55
225000224,27,1,26
225000225,0,27,-27
225000226,26,0,26
225000227,32,68,-36
225000228,5,4,1
225000229,0,72,-72
225000230,69,0,69
225000231,0,31,-31
225000232,149,0,149
225000241,62,1,61
225000242,0,22,-22
225000249,7,0,7
225000250,29,252,-223
225000251,344,26,318
226000042,169,181,-12
226000043,50,163,-113
226000044,74,205,-131
226000045,30,113,-83
226000046,340,61,279
226000047,328,84,244
226000048,311,82,229
226000049,211,137,74
226000070,0,14,-14
226000071,0,29,-29
226000072,0,7,-7
226000073,0,6,-6
226000074,0,8,-8
226000084,1,18,-17
226000085,2,6,-4
226000086,5,1,4
226000087,1,17,-16
226000088,10,12,-2
226000090,98,90,8
226000091,19,32,-13
226000092,0,6,-6
226000093,8,2,6
226000094,1,2,-1
226000095,13,2,11
226000105,9,0,9
226000106,6,0,6
226000107,10,0,10
226000108,11,4,7
226000109,84,0,84
226000124,71,64,7
226000134,632,373,259
226000135,1176,350,826
226000136,497,306,191
226000137,6,149,-143
226000138,15,99,-84
226000139,0,21,-21
226000156,221,6,215
226000157,159,9,150
226000163,81,68,13
226000202,11,135,-124
226000231,457,14,443
226000232,22,1,21
227000033,298,59,239
227000036,359,21,338
227000037,373,14,359
227000038,124,18,106
227000049,0,49,-49
227000050,1,51,-50
227000055,47,2,45
227000056,29,1,28
227000084,1,65,-64
227000085,1,58,-57
227000088,22,2,20
227000089,63,3,60
227000090,17,2,15
227000091,9,3,6
227000093,67,0,67
227000094,10,0,10
227000130,20,144,-124
227000131,36,91,-55
227000132,18,84,-66
227000133,22,73,-51
227000134,20,187,-167
227000152,0,3,-3
227000153,0,56,-56
227000155,3,19,-16
227000156,1,8,-7
227000165,3,100,-97
227000196,263,83,180
227000199,386,149,237
227000230,4,98,-94
227000232,349,38,311
227000242,54,258,-204
227000243,298,53,245
227000245,18,177,-159
227000246,67,173,-106
227000247,359,41,318
227000248,163,41,122
227000249,26,133,-107
227000250,268,169,99
227000251,63,246,-183
227000252,24,121,-97
227000253,162,15,147
227000262,317,31,286
227000266,1015,20,995
227000267,15,552,-537
227000282,17,52,-35
227000284,403,10,393
227000286,2,18,-16
227000287,20,51,-31
227000291,8,173,-165
227000484,112,11,101
227000485,8,337,-329
227000655,144,8,136
227000656,333,18,315
227000657,50,5,45
227000661,102,25,77
227000680,79,49,30
229000265,17,15,2
229000296,3,9,-6
229000297,1,20,-19
229000298,4,71,-67
229000320,5,4,1
229000321,16,5,11
229000412,6,23,-17
229000414,8,44,-36
229000415,11,0,11
229000416,1,5,-4
229000417,2,11,-9
229000419,51,183,-132
229000440,243,62,181
229000442,12,0,12
229000443,18,3,15
229000444,0,12,-12
229000445,51,4,47
229000446,48,19,29
229000847,34,0,34
229000848,16,1,15
229000849,71,2,69
229000851,57,0,57
229000854,0,5,-5
229000856,0,25,-25
229000857,0,11,-11
229000858,0,12,-12
229000919,4,41,-37
229000930,1,114,-113
229000937,80,9,71
229000966,30,24,6
229000981,10,11,-1
229000985,10,14,-4
229000986,1,1,0
229000987,0,0,0
229000988,3,5,-2
229000989,11,1,10
229000990,0,2,-2
229000991,1,0,1
229000992,11,6,5
229000993,105,8,97
229000998,10,29,-19
229000999,53,8,45
229001034,0,6,-6
229001035,4,1,3
229001037,47,2,45
229001042,10,3,7
229001047,11,27,-16
229001050,38,21,17
229001200,21,8,13
229001338,1,9,-8
229001394,162,4,158
229001422,91,30,61
229001423,13,69,-56
229001431,33,20,13
229001432,7,38,-31
229001444,187,34,153
229001445,17,57,-40
229001503,202,38,164
229001504,102,56,46
229001505,108,25,83
229001506,41,44,-3
229001509,24,7,17
229001545,105,0,105
229001546,6,37,-31
229001553,67,7,60
229001554,17,29,-12
229001559,0,2,-2
229001560,7,10,-3
229001630,63,4,59
229001631,2,7,-5
229001635,2,3,-1
229001636,1,2,-1
229001658,1,53,-52
229001659,30,0,30
229001660,6,5,1
229001661,3,21,-18
229001662,15,1,14
229001663,0,11,-11
229002584,148,134,14
229002831,80,58,22
229002841,15,17,-2
229002842,19,15,4
229002843,38,43,-5
229002844,11,21,-10
229002845,2,49,-47
229002846,15,19,-4
229002847,0,10,-10
229002848,7,3,4
229002849,2,69,-67
229002850,7,0,7
229002851,11,83,-72
229002852,88,13,75
229002853,95,12,83
229002854,33,50,-17
229002855,8,11,-3
229002856,18,10,8
229002857,10,72,-62
229002858,24,4,20
229002859,17,48,-31
229002860,45,5,40
229002861,25,28,-3
229002862,9,19,-10
229002863,22,20,2
229002864,16,23,-7
229002865,4,8,-4
229002866,12,17,-5
229002867,1,5,-4
229002868,6,9,-3
229002869,15,64,-49
229002870,38,7,31
235000066,235,23,212
235000067,85,48,37
235000072,28,62,-34
235000073,61,208,-147
235000074,32,22,10
235000080,15,44,-29
235000081,58,67,-9
235000082,214,23,191
235000083,163,35,128
235000084,31,39,-8
235000085,121,31,90
235000089,15,16,-1
235000092,19,96,-77
235000093,11,0,11
235000097,0,4,-4
235000098,41,8,33
235000099,16,11,5
235000116,31,9,22
235000117,311,16,295
235000133,15,348,-333
235000134,16,130,-114
235000206,7,7,0
235000207,4,7,-3
235000208,2,8,-6
235000209,7,1,6
235000210,4,4,0
235000212,0,13,-13
235000213,1,5,-4
235000220,1,1,0
235000221,29,12,17
235000238,15,136,-121
235000239,1,41,-40
235000242,270,577,-307
235000245,214,121,93
235000246,4,42,-38
235000284,3,116,-113
235000295,84,13,71
235000305,214,21,193
235000306,327,14,313
235000307,32,3,29
235000308,6,0,6
235000309,39,1,38
235000310,26,0,26
235000311,49,7,42
235000322,1,27,-26
235000323,0,25,-25
235000324,0,15,-15
235000325,1,9,-8
235000326,6,52,-46
235000351,4,71,-67
235000352,6,30,-24
235000353,4,26,-22
235000354,14,24,-10
235000355,23,54,-31
235000356,42,2,40
235000357,36,13,23
235000358,29,4,25
235000359,11,11,0
235000360,20,4,16
235000361,62,0,62
235000381,64,53,11
235000382,100,21,79
235000390,5,2,3
235000391,156,7,149
235000392,190,240,-50
235000393,93,123,-30
235000395,100,16,84
235000396,373,50,323
235000400,44,48,-4
235000401,10,61,-51
235000405,58,122,-64
235000406,38,78,-40
235000407,27,69,-42
235000409,94,48,46
235000410,35,84,-49
235000411,0,20,-20
235000485,0,10,-10
235000486,2,0,2
235000549,98,48,50
235000550,79,47,32
235000599,122,15,107
235000600,5,20,-15
235000601,7,27,-20
235000602,68,37,31
235000614,1,6,-5
235000648,0,18,-18
235000649,30,1,29
235000685,1,2,-1
235000815,15,119,-104
235000834,0,19,-19
235000855,74,30,44
235000862,31,57,-26
235000891,0,12,-12
235000892,14,0,14
235000901,85,30,55
235000907,2,1,1
235001010,84,39,45
235001029,219,165,54
235001030,264,106,158
235001078,88,66,22
235001079,53,40,13
235001147,26,31,-5
235001166,8,50,-42
235001167,38,10,28
235001169,25,280,-255
235001188,1,4,-3
235001189,7,4,3
235001197,0,20,-20
235001200,57,42,15
235001207,400,31,369
235001210,77,87,-10
235001215,8,74,-66
235001239,0,14,-14
235001244,1,9,-8
235016267,0,39,-39
277102712,0,0,0
277103813,0,0,0
277103814,0,0,0
277104249,0,0,0
277104250,0,8,-8
277104251,0,7,-7
277104252,0,0,0
990011530,1,121,-120
990014944,0,192,-192
990015176,33,6,27
990015618,1,40,-39
990016032,0,125,-125
990032570,0,10,-10
990070001,38,1,37
990070103,0,0,0
990070601,1,25,-24
990070751,1005,6,999
990070766,0,184,-184
990071180,373,142,231
990071343,21,3,18
990071387,0,9,-9
990071823,208,2,206
990072600,3,967,-964
990072964,0,190,-190
990073285,0,2,-2
990074393,0,399,-399
990074870,1480,40,1440
990075106,655,2,653
990075746,532,7,525
990076437,1484,5,1479
990076458,0,228,-228
997000007,345,6,339
997000041,0,139,-139
997000058,47,0,47
997000062,48,0,48
997000069,0,5,-5
997000070,0,22,-22
997000100,34,0,34
997000141,1,431,-430
997000198,59,546,-487
998000475,0,1,-1
998000736,1,140,-139
998000965,0,3,-3
998001031,0,42,-42
998001700,0,19,-19
998001899,0,0,0
998001900,5,1,4
998003073,689,7,682
998101900,0,0,0
998102850,0,173,-173
998501927,510,864,-354
998501929,120,2,118
998501930,37,1,36
998501931,101,2,99
998501932,0,0,0
998501933,43,0,43
998501937,95,83,12
998501944,3,2,1
998501950,0,4,-4
998501970,54,0,54
998501971,3,59,-56
998501973,0,25,-25
998501974,0,162,-162
998501975,51,4,47
998501976,173,7,166
998501977,0,9,-9
998501978,3,0,3
998501979,0,4,-4
998501980,35,2,33
998501981,41,10,31
998501982,0,102,-102
998501983,0,1,-1
998502006,0,0,0
998502024,0,5,-5
998502032,0,1,-1
998502062,11,1,10
998502063,0,0,0
998502173,36,1,35
998502269,0,3,-3
998502546,0,133,-133
998502578,1,0,1
998502599,27,332,-305
998502621,0,0,0
998601159,4,43,-39
998601292,0,6,-6
999033574,2,182,-180
999800001,49,0,49
999800002,0,1,-1
999800003,3,2,1
999800004,0,2,-2
999800005,0,2,-2
