ID,insum,outsum,diff
100000001,473,508,-35
100000002,3175,3492,-317
100000003,2871,4115,-1244
100000004,306,708,-402
100000005,1784,3298,-1514
100000006,626,139,487
100000007,1469,548,921
100000008,211,448,-237
100000009,375,259,116
100000010,21,62,-41
100000011,296,170,126
100000012,28,1577,-1549
100000013,11,500,-489
100000014,404,329,75
100000015,972,1376,-404
100000016,457,1094,-637
100000017,471,749,-278
100000018,753,500,253
100000019,2098,1610,488
100000020,908,3797,-2889
100000021,4301,1356,2945
100000022,519,1888,-1369
100000023,2687,983,1704
100000025,330,976,-646
100000028,483,1039,-556
100000029,82,366,-284
100000030,68,34,34
100000031,1298,3496,-2198
100000032,1206,2563,-1357
100000033,730,2028,-1298
100000034,59,778,-719
100000035,612,828,-216
100000036,735,1119,-384
100000037,494,296,198
100000038,1648,719,929
100000039,255,247,8
100000040,178,137,41
100000041,944,430,514
100000042,755,316,439
100000043,474,481,-7
100000044,144,490,-346
100000045,254,530,-276
100000046,337,428,-91
100000047,144,296,-152
100000048,232,381,-149
100000049,922,827,95
100000051,347,430,-83
100000053,67,3,64
100000054,200,27,173
100000055,382,297,85
100000056,317,521,-204
100000057,1353,377,976
100000058,520,589,-69
100000059,3,189,-186
100000060,415,237,178
100000061,1618,392,1226
100000062,1383,400,983
100000063,649,180,469
100000064,778,310,468
100000065,247,607,-360
100000066,122,367,-245
100000067,231,430,-199
100000068,226,847,-621
100000069,245,738,-493
100000072,171,399,-228
100000073,660,588,72
100000075,621,182,439
100000076,1203,2860,-1657
100000077,82,314,-232
100000078,22,24,-2
100000079,8,39,-31
100000080,9,85,-76
100000081,72,225,-153
100000102,2258,3992,-1734
100000103,1640,989,651
100000104,2069,1696,373
100000105,1009,1155,-146
100000106,757,2065,-1308
100000107,106,980,-874
100000108,178,761,-583
100000109,784,1073,-289
100000116,526,528,-2
100000117,63,195,-132
100000118,584,1064,-480
100000119,462,849,-387
100000121,176,350,-174
100000122,363,1239,-876
100000123,966,2237,-1271
100000124,2593,2563,30
100000125,3078,1354,1724
100000126,360,533,-173
100000127,625,411,214
100000128,1282,1993,-711
100000129,198,629,-431
100000130,484,203,281
100000131,767,1343,-576
100000132,500,1235,-735
100000133,1614,957,657
100000135,452,1055,-603
100000139,167,636,-469
100000140,119,194,-75
100000142,499,387,112
100000143,916,330,586
100000144,1499,536,963
100000147,1034,2552,-1518
100000150,47,455,-408
100000151,508,2152,-1644
100000153,100,388,-288
100000154,17,247,-230
100000155,6,26,-20
100000156,260,350,-90
100000157,256,166,90
100000158,220,152,68
100000159,95,660,-565
100000165,482,535,-53
100000169,58,836,-778
100000174,180,601,-421
100000179,54,428,-374
100000180,765,1671,-906
100000181,220,316,-96
100000188,55,84,-29
100000189,714,320,394
100000190,409,1307,-898
100000191,516,455,61
100000192,16,65,-49
100000193,203,175,28
100000330,443,573,-130
100000355,104,591,-487
100000362,2216,1204,1012
100000363,4221,4545,-324
100000364,55,221,-166
100000365,4418,7970,-3552
100000366,1766,1321,445
100000367,3480,5503,-2023
100000368,2425,712,1713
100000369,476,1432,-956
100000370,155,677,-522
100000376,76,187,-111
100000379,957,1589,-632
100000380,3107,4248,-1141
100000384,3691,4381,-690
100000385,1219,2731,-1512
100000386,2601,4208,-1607
100000387,2151,4385,-2234
100000388,2040,3883,-1843
100000389,2412,4470,-2058
100000390,2828,4408,-1580
100000391,1997,5946,-3949
100000392,1274,3538,-2264
100000393,1058,4647,-3589
100000394,3005,6378,-3373
100000395,1870,5410,-3540
100000396,3420,3103,317
100000397,2267,7366,-5099
100000398,5676,4327,1349
100000413,2,6,-4
100000414,95,340,-245
100900002,3,4,-1
100900003,214,209,5
100900004,4,518,-514
100900005,68,11,57
100900006,32,33,-1
100900007,117,4,113
100900008,3,178,-175
100900009,28,109,-81
100900010,44,18,26
100900011,137,77,60
100900012,0,83,-83
100900013,709,6,703
100900014,2,3,-1
100900015,23,45,-22
100900016,4,33,-29
100900017,529,55,474
100900018,1,23,-22
100900019,13,47,-34
100900020,218,5,213
100900021,266,2,264
100900022,7,20,-13
100900023,0,28,-28
100900024,169,2,167
100900025,9,3,6
100900026,118,70,48
100900027,275,1502,-1227
100900028,91,189,-98
100900029,51,8,43
100900030,2,146,-144
100900031,417,46,371
100900032,282,0,282
100900033,73,181,-108
100900034,741,1,740
100900035,185,0,185
100900036,7,1,6
100900037,111,80,31
100900038,77,40,37
100900039,212,201,11
100900040,331,392,-61
100900041,514,266,248
100900042,1271,1559,-288
100900043,0,12,-12
100900044,664,168,496
100900045,7,1,6
100900046,727,8,719
100900047,432,102,330
100900048,100,34,66
100900049,59,77,-18
100900050,2,9,-7
100900051,13,46,-33
100900052,209,13,196
100900053,409,28,381
100900054,10,89,-79
100900055,139,540,-401
100900056,20,59,-39
100900057,1368,870,498
100900058,109,29,80
100900059,67,3,64
100900060,176,1,175
100900061,195,94,101
100900062,4,35,-31
100900063,223,547,-324
100900064,415,15,400
100900065,40,90,-50
100900066,159,184,-25
100900067,2,2,0
100900068,179,83,96
100900069,105,2,103
100900070,301,7,294
100900071,278,77,201
100900072,5,35,-30
100900073,64,174,-110
100900074,2,10,-8
100900075,1240,134,1106
100900076,1,27,-26
100900077,47,15,32
100900078,36,202,-166
100900079,0,24,-24
100900080,24,70,-46
100900081,15,115,-100
100900082,141,211,-70
100900083,8,17,-9
100900085,20,436,-416
100900086,69,291,-222
100900088,123,167,-44
100900089,1,23,-22
100900090,66,350,-284
100900091,1,9,-8
100900092,47,99,-52
100900093,228,182,46
100900094,147,134,13
100900095,3,15,-12
100900096,37,118,-81
100900097,9,2,7
100900098,23,72,-49
100900099,17,199,-182
100900100,1,385,-384
100900101,126,19,107
100900102,50,39,11
100900103,5,14,-9
100900104,9,85,-76
100900105,3,300,-297
100900106,18,8,10
100900107,1098,563,535
100900108,1,6,-5
100900109,9,21,-12
100900110,4,28,-24
100900111,13,103,-90
100900112,8,29,-21
100900113,10,14,-4
100900114,5,13,-8
100900115,16,27,-11
100900116,468,304,164
100900117,159,719,-560
100900118,8,28,-20
100900119,11,25,-14
100900120,26,3,23
100900121,141,260,-119
100900122,52,97,-45
100900123,50,113,-63
100900124,1,3,-2
100900125,10,29,-19
100900126,133,147,-14
100900127,1,3,-2
100900128,47,173,-126
100900129,0,258,-258
100900131,19,76,-57
100900133,23,14,9
100900134,1,11,-10
100900135,1,224,-223
100900137,201,118,83
100900138,217,305,-88
100900139,3,12,-9
100900140,8,188,-180
100900141,1,480,-479
100900142,0,3,-3
100900143,421,339,82
100900144,6,10,-4
100900145,135,249,-114
100900146,2,10,-8
100900147,12,425,-413
100900148,52,201,-149
100900149,37,69,-32
100900150,0,9,-9
100900151,62,319,-257
100900152,123,2,121
100900153,2,121,-119
100900154,94,185,-91
100900155,6,7,-1
100900156,19,3,16
100900157,9,274,-265
100900159,3,60,-57
100900160,13,5,8
100900161,17,11,6
100900162,12,265,-253
100900163,87,83,4
100900164,17,39,-22
100900165,7,15,-8
100900166,4,2,2
100900167,6,20,-14
100900168,26,125,-99
100900169,76,491,-415
100900170,22,9,13
100900171,4,302,-298
100900172,0,27,-27
100900173,1,132,-131
100900174,21,13,8
100900176,1012,69,943
100900177,390,59,331
100900178,168,141,27
100900179,209,182,27
100900180,0,5,-5
100900181,35,81,-46
100900182,37,20,17
100900184,13,46,-33
100900186,357,173,184
100900187,10,51,-41
100900188,13,13,0
100900189,1246,99,1147
100900191,378,935,-557
100900192,108,421,-313
100900195,84,114,-30
100900197,20,64,-44
100900198,18,99,-81
100900199,5,6,-1
100900200,442,279,163
100900201,32,337,-305
100900202,54,1,53
100900203,1,232,-231
100900204,166,492,-326
100900205,85,451,-366
100900206,193,55,138
100900207,199,116,83
100900210,40,125,-85
100900211,241,93,148
100900213,104,36,68
100900214,380,130,250
100900215,10,24,-14
100900217,43,94,-51
101000001,1318,1346,-28
101000002,4234,4472,-238
101000003,214,638,-424
101000004,3741,4168,-427
101000005,2126,3041,-915
101000006,2987,4689,-1702
101000007,1608,2677,-1069
101000009,1430,510,920
101000010,545,435,110
101000011,627,229,398
101000012,465,525,-60
101000013,468,681,-213
101000014,233,302,-69
101000015,1110,726,384
101000016,184,298,-114
101000017,202,340,-138
101000018,1105,1791,-686
101000020,1630,649,981
101000021,365,315,50
101000022,4,8,-4
101000023,656,574,82
101000025,175,344,-169
101000026,178,20,158
101000027,1395,2789,-1394
101000028,599,290,309
101000029,81,944,-863
101000030,630,160,470
101000031,157,594,-437
101000032,2053,3700,-1647
101000033,985,2559,-1574
101000034,830,1435,-605
101000035,424,172,252
101000036,900,1103,-203
101000037,1011,1598,-587
101000039,1186,1499,-313
101000040,1460,3111,-1651
101000041,1933,5379,-3446
101000042,127,897,-770
101000043,2178,5045,-2867
101000045,370,738,-368
101000046,898,1891,-993
101000047,750,3644,-2894
101000048,305,292,13
101000049,327,1485,-1158
101000050,558,1334,-776
101000051,507,1779,-1272
101000052,839,963,-124
101000053,435,932,-497
101000054,1094,566,528
101000055,762,1185,-423
101000056,24,106,-82
101000057,707,1030,-323
101000058,528,899,-371
101000059,1051,1699,-648
101000060,1323,607,716
101000061,315,1263,-948
101000062,294,532,-238
101000063,272,1065,-793
101000064,527,967,-440
101000065,203,631,-428
101000066,419,1096,-677
101000067,608,911,-303
101000068,138,359,-221
101000069,167,47,120
101000070,515,666,-151
101000071,1386,709,677
101000072,440,1996,-1556
101000073,517,1000,-483
101000074,2248,2948,-700
101000075,1588,3280,-1692
101000077,1124,1080,44
101000078,507,997,-490
101000079,1001,802,199
101000080,850,855,-5
101000081,1379,1134,245
101000082,1606,1763,-157
101000083,2195,1656,539
101000084,767,518,249
101000085,1057,926,131
101000086,655,845,-190
101000087,654,648,6
101000088,895,869,26
101000089,805,1218,-413
101000090,1349,721,628
101000091,380,309,71
101000092,1263,532,731
101000093,961,525,436
101000094,846,533,313
101000095,456,383,73
101000096,495,336,159
101000097,293,357,-64
101000098,323,307,16
101000099,374,602,-228
101000100,506,564,-58
101000101,142,272,-130
101000102,340,493,-153
101000103,364,512,-148
101000104,228,702,-474
101000105,145,428,-283
101000106,245,993,-748
101000107,196,262,-66
101000108,425,122,303
101000109,405,78,327
101000110,21,193,-172
101000111,39,104,-65
101000113,112,473,-361
101000114,2818,6872,-4054
101000115,58,36,22
101000116,20,9,11
101000117,1069,115,954
101000119,24,49,-25
101000120,85,57,28
101000121,46,51,-5
101000122,95,96,-1
101000123,44,98,-54
101000124,816,462,354
101000125,95,295,-200
101000128,138,435,-297
101000130,71,170,-99
101000131,808,377,431
101000132,561,394,167
101000135,13,37,-24
101000136,207,168,39
101000137,32,298,-266
101000141,512,2890,-2378
101000147,666,335,331
101000148,480,11,469
101000149,70,302,-232
101000150,62,277,-215
101000151,164,44,120
101000152,187,234,-47
101000153,255,89,166
101000154,226,416,-190
101000155,278,105,173
101000156,18,261,-243
101000157,40,24,16
101000160,19,10,9
101000163,116,445,-329
101000164,248,136,112
101000165,222,332,-110
101000166,128,155,-27
101000168,581,402,179
101000252,1863,732,1131
101000254,45,34,11
101000258,64,8,56
101000261,109,75,34
101000262,814,3109,-2295
101000263,159,687,-528
101000265,40,423,-383
101000266,156,144,12
101000269,12,7,5
101000290,207,1522,-1315
101000293,20,30,-10
101000294,390,351,39
101000295,188,220,-32
101000301,262,378,-116
101000304,1487,1978,-491
101000305,2149,729,1420
101000328,126,379,-253
101900001,44,48,-4
101900002,0,10,-10
101900003,20,47,-27
101900004,2,57,-55
101900005,1261,1870,-609
101900006,775,259,516
101900007,221,110,111
101900008,37,181,-144
101900009,26,285,-259
101900010,493,533,-40
101900011,32,560,-528
101900012,116,60,56
101900013,271,118,153
101900017,11,105,-94
101900018,740,176,564
101900019,118,148,-30
101900020,69,36,33
101900021,1,22,-21
101900022,72,614,-542
101900023,127,84,43
101900026,137,41,96
101900027,27,77,-50
102000001,1866,3258,-1392
102000002,1432,691,741
102000003,1721,4328,-2607
102000004,2074,1663,411
102000005,657,1907,-1250
102000006,488,982,-494
102000007,1053,3099,-2046
102000008,2135,963,1172
102000009,4238,5868,-1630
102000010,2901,1840,1061
102000011,2817,2326,491
102000012,2163,1701,462
102000018,1667,1871,-204
102000019,1417,1017,400
102000026,181,207,-26
102000029,161,152,9
102000030,114,215,-101
102000031,70,62,8
102000032,435,242,193
102000033,190,213,-23
102000034,283,198,85
102000035,643,318,325
102000036,20,140,-120
102000037,152,20,132
102000038,71,272,-201
102000039,85,93,-8
102000040,174,298,-124
102000041,51,429,-378
102000042,79,300,-221
102000043,77,277,-200
102000044,200,476,-276
102000045,336,447,-111
102000046,697,463,234
102000047,442,500,-58
102000048,288,498,-210
102000049,687,670,17
102000050,774,893,-119
102000051,217,535,-318
102000052,741,679,62
102000053,539,845,-306
102000054,640,609,31
102000055,1004,251,753
102000056,879,321,558
102000057,1144,282,862
102000058,847,602,245
102000059,775,821,-46
102000060,658,593,65
102000061,1123,914,209
102000062,1271,654,617
102000063,699,793,-94
102000064,392,412,-20
102000065,45,76,-31
102000066,569,529,40
102000067,2048,1968,80
102000068,6114,2065,4049
102000069,57,1838,-1781
102000070,967,22,945
102000071,4939,6784,-1845
102000072,1616,2570,-954
102000073,243,286,-43
102000074,386,513,-127
102000075,131,135,-4
102000076,194,113,81
102000077,492,387,105
102000078,1091,257,834
102000079,85,90,-5
102000080,223,100,123
102000081,155,594,-439
102000082,437,288,149
102000083,455,107,348
102000084,364,130,234
102000085,1385,491,894
102000086,1012,499,513
102000087,502,789,-287
102000088,222,184,38
102000089,994,214,780
102000090,252,644,-392
102000091,831,338,493
102000092,246,336,-90
102000093,564,458,106
102000094,422,441,-19
102000095,612,640,-28
102000096,273,529,-256
102000097,478,345,133
102000098,255,501,-246
102000099,534,751,-217
102000100,205,865,-660
102000101,286,506,-220
102000102,301,549,-248
102000103,1499,198,1301
102000104,462,201,261
102000105,197,376,-179
102000106,565,323,242
102000107,1242,216,1026
102000108,464,141,323
102000109,330,364,-34
102000110,1042,351,691
102000111,6,346,-340
102000112,99,97,2
102000113,7,26,-19
102000114,645,259,386
102000115,139,260,-121
102000116,224,392,-168
102000117,64,548,-484
102000118,482,1055,-573
102000119,987,1082,-95
102000120,135,269,-134
102000121,626,236,390
102000122,407,663,-256
102000123,754,615,139
102000124,867,916,-49
102000125,342,452,-110
102000126,388,524,-136
102000127,717,499,218
102000128,436,565,-129
102000129,939,403,536
102000130,454,520,-66
102000131,700,403,297
102000132,258,433,-175
102000133,2054,1159,895
102000134,751,491,260
102000135,505,571,-66
102000136,714,408,306
102000137,326,504,-178
102000138,130,172,-42
102000139,89,408,-319
102000140,110,894,-784
102000141,121,214,-93
102000142,230,170,60
102000143,140,171,-31
102000144,305,172,133
102000145,233,185,48
102000146,251,218,33
102000147,297,288,9
102000148,127,297,-170
102000149,118,143,-25
102000150,330,74,256
102000151,71,94,-23
102000152,184,127,57
102000153,797,592,205
102000154,171,334,-163
102000155,38,328,-290
102000156,201,127,74
102000157,45,483,-438
102000158,246,314,-68
102000159,662,547,115
102000161,1124,1296,-172
102000162,103,101,2
102000163,57,301,-244
102000164,384,747,-363
102000165,177,117,60
102000166,77,156,-79
102000167,144,113,31
102000168,133,131,2
102000169,55,360,-305
102000170,285,50,235
102000171,52,27,25
102000172,13,188,-175
102000173,237,191,46
102000174,37,49,-12
102000175,76,61,15
102000176,43,11,32
102000178,177,183,-6
102000179,367,121,246
102000180,876,172,704
102000181,806,238,568
102000182,481,332,149
102000183,1646,965,681
102000184,1674,370,1304
102000185,2178,652,1526
102000186,1373,904,469
102000187,834,876,-42
102000188,955,786,169
102000189,1291,360,931
102000190,338,1763,-1425
102000191,808,271,537
102000192,1052,1267,-215
102000193,34,54,-20
102000194,28,97,-69
102000195,306,200,106
102000196,134,215,-81
102000197,662,166,496
102000198,119,273,-154
102000199,1025,156,869
102000200,145,381,-236
102000201,875,264,611
102000202,4,31,-27
102000203,260,115,145
102000204,438,304,134
102000205,942,273,669
102000206,463,195,268
102000207,522,312,210
102000208,262,248,14
102000209,70,38,32
102000210,502,198,304
102000211,283,106,177
102000212,250,18,232
102000213,5,129,-124
102000214,296,10,286
102000215,6,192,-186
102000216,44,66,-22
102000217,12,63,-51
102000218,231,159,72
102000219,205,127,78
102000225,373,316,57
102000226,294,654,-360
102000227,113,1,112
102000228,0,33,-33
102000229,17,33,-16
102000230,280,240,40
102000231,203,200,3
102000232,23,101,-78
102000233,386,337,49
102000234,56,659,-603
102000236,211,47,164
102000237,270,130,140
102000238,96,146,-50
102000240,345,622,-277
102000241,163,47,116
102000243,6,26,-20
102000245,4,60,-56
102000246,1,14,-13
102000247,372,403,-31
102000248,189,521,-332
102000249,118,68,50
102000250,29,153,-124
102000254,130,106,24
102000266,9,451,-442
102000271,32,1,31
102000286,243,228,15
102000297,1294,682,612
102000305,0,0,0
102000307,0,6,-6
102000316,209,57,152
102900001,1012,464,548
102900002,270,26,244
102900003,78,114,-36
102900005,334,160,174
102900006,404,55,349
102900007,415,13,402
102900008,189,15,174
102900009,416,303,113
102900010,167,864,-697
102900011,922,201,721
102900012,379,61,318
102900013,33,43,-10
102900015,435,315,120
102900016,54,27,27
102900017,191,184,7
102900018,21,39,-18
102900019,224,240,-16
102900020,118,16,102
102900021,39,44,-5
102900022,219,147,72
102900023,20,54,-34
102900024,28,23,5
102900025,86,57,29
102900026,169,1500,-1331
102900027,63,41,22
102900028,119,586,-467
102900029,86,176,-90
102900030,228,218,10
102900031,180,68,112
102900032,72,37,35
102900033,60,94,-34
102900034,413,29,384
102900035,138,156,-18
102900036,260,185,75
102900037,326,167,159
102900038,316,171,145
102900039,3,444,-441
102900040,143,240,-97
102900041,59,106,-47
102900042,134,171,-37
102900043,185,153,32
102900044,406,917,-511
102900045,143,261,-118
102900046,141,101,40
102900047,140,356,-216
102900048,435,176,259
102900049,80,325,-245
102900050,201,269,-68
102900051,131,130,1
102900053,211,350,-139
102900054,200,882,-682
102900055,98,158,-60
102900056,75,246,-171
102900057,5,58,-53
102900058,329,86,243
102900059,33,29,4
102900060,96,253,-157
102900061,131,252,-121
102900062,262,348,-86
102900063,905,218,687
102900064,58,255,-197
102900065,601,123,478
102900066,265,11,254
102900068,56,83,-27
102900070,141,264,-123
102900072,7,45,-38
102900073,66,5,61
102900075,13,78,-65
102900076,53,98,-45
102900077,29,39,-10
102900078,23,43,-20
102900079,143,3,140
102900080,319,31,288
102900081,54,243,-189
102900082,10,211,-201
102900083,112,9,103
102900084,1,21,-20
102900085,242,96,146
102900086,25,53,-28
102900087,131,130,1
102900088,17,34,-17
102900089,134,73,61
102900090,0,100,-100
102900091,114,0,114
102900092,247,222,25
102900094,3,106,-103
102900095,66,0,66
102900096,56,23,33
102900097,3,34,-31
103000001,1645,1594,51
103000002,1527,1934,-407
103000003,2086,1914,172
103000004,532,408,124
103000005,1275,2494,-1219
103000006,629,1126,-497
103000007,219,452,-233
103000008,755,407,348
103000009,1008,753,255
103000010,150,50,100
103000011,1071,683,388
103000012,958,1130,-172
103000013,1805,1128,677
103000014,955,1751,-796
103000015,973,422,551
103000016,400,1028,-628
103000017,191,322,-131
103000018,394,228,166
103000019,260,276,-16
103000020,1232,892,340
103000021,1289,1755,-466
103000022,504,749,-245
103000023,600,1469,-869
103000024,52,103,-51
103000025,122,592,-470
103000026,564,85,479
103000027,217,470,-253
103000028,155,201,-46
103000029,101,170,-69
103000030,1171,828,343
103000031,685,1396,-711
103000032,1375,859,516
103000033,2066,1875,191
103000034,803,550,253
103000035,209,849,-640
103000036,195,269,-74
103000037,343,309,34
103000038,333,619,-286
103000039,403,156,247
103000040,431,426,5
103000041,1236,886,350
103000042,1085,236,849
103000043,535,423,112
103000044,232,61,171
103000046,322,267,55
103000047,539,291,248
103000048,222,88,134
103000049,81,81,0
103000050,464,215,249
103000051,408,288,120
103000052,462,142,320
103000053,125,259,-134
103000054,1665,863,802
103000055,1303,1286,17
103000056,526,570,-44
103000057,855,145,710
103000058,408,448,-40
103000059,471,491,-20
103000060,528,236,292
103000061,313,460,-147
103000062,618,307,311
103000063,569,586,-17
103000064,139,84,55
103000065,5,174,-169
103000066,156,10,146
103000069,325,191,134
103000070,611,421,190
103000071,951,287,664
103000072,102,405,-303
103000073,467,60,407
103000074,455,76,379
103000075,96,401,-305
103000076,164,354,-190
103000077,31,141,-110
103000078,486,577,-91
103000079,338,537,-199
103000080,343,268,75
103000081,251,839,-588
103000082,326,135,191
103000083,58,224,-166
103000084,70,9,61
103000085,6,101,-95
103000086,263,318,-55
103000087,73,414,-341
103000088,201,307,-106
103000089,173,422,-249
103000090,2303,774,1529
103000091,650,361,289
103000092,189,200,-11
103000093,249,354,-105
103000094,140,76,64
103000095,39,307,-268
103000096,359,46,313
103000097,31,554,-523
103000098,394,143,251
103000099,102,564,-462
103000100,83,383,-300
103000101,731,80,651
103000102,67,316,-249
103000103,506,91,415
103000104,52,70,-18
103000105,119,65,54
103000106,7,94,-87
103000107,170,70,100
103000108,899,772,127
103000109,422,388,34
103000110,451,418,33
103000111,234,314,-80
103000112,162,187,-25
103000113,293,599,-306
103000114,939,520,419
103000115,591,407,184
103000116,540,275,265
103000117,388,300,88
103000118,299,308,-9
103000119,556,301,255
103000120,27,115,-88
103000121,122,191,-69
103000122,263,289,-26
103000125,19,47,-28
103000126,535,9,526
103000127,16,81,-65
103000128,163,0,163
103000129,2,46,-44
103000130,47,39,8
103000131,64,61,3
103000132,66,102,-36
103000133,8,68,-60
103000134,156,552,-396
103000135,352,133,219
103000136,338,278,60
103000137,284,366,-82
103000138,335,382,-47
103000139,3,45,-42
103000140,152,22,130
103000141,22,96,-74
103000142,89,51,38
103000143,32,184,-152
103000144,131,38,93
103000145,4,88,-84
103000150,63,23,40
103000152,156,213,-57
103000153,184,190,-6
103000156,4,115,-111
103000157,359,0,359
103000159,55,12,43
103000162,33,6,27
103000163,5,16,-11
103000164,9,8,1
103000165,38,143,-105
103000166,195,254,-59
103000167,146,179,-33
103000168,88,110,-22
103000169,191,338,-147
103000170,882,178,704
103000171,61,48,13
103000172,279,147,132
103000173,574,133,441
103000174,196,150,46
103000175,247,119,128
103000176,456,342,114
103000177,256,220,36
103000178,120,194,-74
103000179,125,48,77
103000183,139,12,127
103000185,130,41,89
103000186,131,80,51
103000187,542,128,414
103000188,23,60,-37
103000189,507,593,-86
103000191,278,312,-34
103000292,605,1214,-609
103000293,362,1683,-1321
103000295,63,77,-14
103000296,80,2,78
103000297,4,11,-7
103000504,82,16,66
103000505,10,32,-22
103000506,1,113,-112
103000507,217,2,215
103000508,54,40,14
103000509,216,358,-142
103900001,6,50,-44
103900002,418,152,266
103900003,526,17,509
103900004,95,0,95
103900005,1,65,-64
103900006,3,4,-1
103900007,120,4,116
103900008,10,0,10
103900009,293,310,-17
103900010,119,172,-53
103900011,318,63,255
103900012,8,41,-33
103900013,62,29,33
103900014,62,5,57
103900015,64,5,59
103900016,129,61,68
103900017,46,46,0
103900018,257,106,151
103900019,34,203,-169
103900020,170,384,-214
103900021,137,17,120
103900022,611,355,256
103900023,152,3,149
103900024,45,130,-85
103900025,13,17,-4
103900026,20,0,20
103900027,450,151,299
103900028,14,190,-176
103900029,710,138,572
103900030,248,94,154
103900031,33,0,33
103900032,71,52,19
103900033,53,17,36
103900034,28,61,-33
103900035,46,30,16
103900036,30,40,-10
103900037,72,22,50
103900038,48,123,-75
103900039,149,94,55
103900040,6,35,-29
103900041,32,26,6
103900042,65,85,-20
103900043,188,57,131
103900044,40,328,-288
103900045,250,93,157
103900047,84,5,79
103900048,14,31,-17
103900049,74,729,-655
103900050,12,92,-80
103900051,0,39,-39
103900052,146,139,7
103900053,161,213,-52
103900054,93,128,-35
103900055,381,143,238
103900056,78,28,50
103900057,37,58,-21
103900058,264,197,67
103900059,0,25,-25
103900060,58,66,-8
103900061,155,11,144
103900062,244,60,184
103900063,1,0,1
103900064,140,3,137
103900065,355,282,73
103900066,174,35,139
103900067,145,9,136
103900068,3,0,3
103900069,66,12,54
103900070,81,114,-33
103900071,9,43,-34
103900072,28,73,-45
103900073,25,27,-2
103900074,85,38,47
103900075,153,22,131
103900076,548,213,335
103900077,33,124,-91
103900078,192,54,138
103900079,117,102,15
103900080,9,16,-7
103900081,36,59,-23
103900082,11,109,-98
103900083,1077,967,110
103900084,24,79,-55
103900085,50,119,-69
103900086,587,225,362
103900088,260,377,-117
103900089,36,84,-48
103900090,13,41,-28
103900091,594,128,466
103900092,488,213,275
103900093,40,219,-179
103900094,12,43,-31
103900095,125,139,-14
103900096,31,63,-32
103900097,8,173,-165
103900098,226,97,129
103900099,76,25,51
103900100,190,120,70
103900101,73,609,-536
103900102,2,10,-8
103900104,0,17,-17
103900105,39,60,-21
103900106,0,55,-55
103900107,132,40,92
103900108,78,87,-9
103900109,138,45,93
103900110,104,39,65
103900111,120,209,-89
103900112,35,52,-17
103900113,67,174,-107
103900114,207,163,44
103900115,175,137,38
103900116,976,1558,-582
103900117,66,15,51
103900119,17,76,-59
103900120,64,61,3
103900122,85,46,39
103900123,401,400,1
103900124,62,237,-175
103900125,85,42,43
103900126,392,162,230
103900127,130,125,5
103900128,83,32,51
103900131,31,67,-36
103900133,763,19,744
103900134,0,7,-7
103900135,2,3,-1
103900137,1,14,-13
103900138,79,53,26
103900139,266,1958,-1692
103900140,4,132,-128
103900141,136,43,93
103900142,150,37,113
103900143,152,1,151
103900144,0,6,-6
103900145,89,143,-54
103900146,174,113,61
103900147,213,52,161
103900148,219,86,133
103900149,265,188,77
103900150,2379,2906,-527
103900151,16,103,-87
103900152,606,117,489
103900153,5,10,-5
103900154,239,1239,-1000
103900155,47,97,-50
103900156,118,76,42
103900157,68,60,8
103900158,55,35,20
103900159,88,18,70
103900160,42,30,12
103900161,61,85,-24
103900162,34,61,-27
103900163,6,245,-239
103900167,6,85,-79
103900168,84,36,48
103900169,29,30,-1
103900170,0,52,-52
103900171,2,12,-10
103900172,1,10,-9
103900173,9,31,-22
103900174,186,19,167
103900175,24,60,-36
103900176,0,27,-27
103900177,20,42,-22
103900178,49,17,32
103900179,43,47,-4
103900180,8,33,-25
103900181,35,32,3
103900182,54,6,48
103900184,176,79,97
103900185,60,323,-263
103900187,7,93,-86
103900188,30,36,-6
103900189,153,5,148
103900190,51,39,12
103900191,14,32,-18
103900192,13,49,-36
103900193,71,72,-1
103900194,59,94,-35
103900195,5,97,-92
103900196,27,17,10
103900197,22,11,11
103900198,6,16,-10
103900199,87,18,69
103900200,127,50,77
103900201,84,67,17
103900202,6,29,-23
103900203,16,17,-1
103900204,0,32,-32
103900207,0,25,-25
103900208,74,1,73
103900209,2,63,-61
103900210,24,37,-13
103900211,505,163,342
103900212,112,108,4
103900213,17,147,-130
103900214,181,141,40
103900215,99,203,-104
103900216,24,25,-1
103900217,190,4,186
103900218,21,187,-166
103900219,142,55,87
103900233,40,6,34
103900235,8,64,-56
103900236,7,8,-1
103900242,4,0,4
103900243,2,0,2
103900244,83,83,0
103900245,80,78,2
103900246,26,26,0
103900247,20,41,-21
103900248,1,54,-53
103900249,1,33,-32
103900250,22,10,12
103900251,2,13,-11
103900253,4,68,-64
103900254,1,13,-12
103900255,1,7,-6
103900256,13,14,-1
103900257,145,136,9
103900258,6,4,2
103900259,17,2,15
103900261,14,1,13
103900262,20,0,20
103900263,16,22,-6
103900264,16,10,6
103900265,12,6,6
103900266,3,45,-42
103900267,7,54,-47
103900268,65,40,25
103900269,224,77,147
103900270,68,111,-43
103900271,124,100,24
103900272,21,10,11
103900273,23,10,13
103900274,69,0,69
103900275,33,1,32
103900277,2,12,-10
103900278,70,146,-76
103900279,37,42,-5
103900280,3,41,-38
103900281,51,35,16
103900282,130,6,124
103900283,169,9,160
103900284,15,24,-9
103900285,32,60,-28
103900286,15,57,-42
103900287,11,102,-91
103900288,42,172,-130
103900289,139,190,-51
103900290,121,22,99
103900291,20,11,9
103900292,83,26,57
103900293,3,25,-22
103900294,7,90,-83
104000001,2066,1314,752
104000002,1290,1456,-166
104000003,1611,1548,63
104000004,1583,1596,-13
104000005,1442,1423,19
104000006,2060,1713,347
104000007,2936,2887,49
104000008,129,137,-8
104000009,176,78,98
104000010,155,236,-81
104000011,199,164,35
104000012,91,162,-71
104000013,210,188,22
104000014,173,284,-111
104000015,291,113,178
104000016,331,177,154
104000018,663,115,548
104000019,506,165,341
104000020,87,192,-105
104000021,200,277,-77
104000022,114,201,-87
104000023,811,290,521
104000024,180,192,-12
104000026,39,223,-184
104000027,169,121,48
104000028,282,208,74
104000029,339,164,175
104000030,227,166,61
104000031,931,261,670
104000032,135,143,-8
104000033,510,341,169
104000034,252,141,111
104000035,779,232,547
104000036,635,329,306
104000037,206,104,102
104000038,549,335,214
104000039,128,80,48
104000040,100,206,-106
104000041,1077,232,845
104000042,119,130,-11
104000043,209,219,-10
104000044,190,411,-221
104000045,628,586,42
104000046,516,679,-163
104000047,431,592,-161
104000048,564,578,-14
104000049,412,161,251
104000050,137,391,-254
104000051,103,410,-307
104000052,1791,1715,76
104000053,824,317,507
104000054,200,106,94
104000055,2032,1228,804
104000056,588,256,332
104000057,186,264,-78
104000058,562,497,65
104000059,349,759,-410
104000060,748,1005,-257
104000061,758,522,236
104000062,408,103,305
104000064,366,165,201
104000065,89,418,-329
104000069,386,936,-550
104000070,34,260,-226
104000071,213,207,6
104000072,376,177,199
104000075,25,129,-104
104000076,286,22,264
104000082,1466,2275,-809
104000083,471,133,338
104000084,78,308,-230
104000085,212,205,7
104000086,181,259,-78
104000087,296,1054,-758
104000090,663,528,135
104000092,1039,800,239
104000094,644,643,1
104000095,1509,1050,459
104000096,1067,58,1009
104000097,1314,337,977
104000098,2056,306,1750
104000100,1340,425,915
104000101,921,848,73
104000106,80,439,-359
104000107,423,165,258
104000108,144,237,-93
104000109,182,79,103
104000110,409,487,-78
104000111,1254,1372,-118
104000112,575,317,258
104000116,1,351,-350
104000117,147,213,-66
104000118,531,99,432
104000119,399,248,151
104000120,191,352,-161
104000121,188,334,-146
104000122,711,603,108
104000123,478,460,18
104000124,344,686,-342
104000125,1493,2928,-1435
104000126,246,293,-47
104000127,725,1084,-359
104000128,408,158,250
104000129,242,12,230
104000130,4,158,-154
104000131,234,283,-49
104000132,247,409,-162
104000133,1002,454,548
104000134,615,984,-369
104000135,332,1071,-739
104000136,429,2121,-1692
104000137,1082,220,862
104000138,559,199,360
104000139,2447,1254,1193
104000141,538,555,-17
104000142,401,277,124
104000143,457,215,242
104000144,99,105,-6
104000145,251,100,151
104000146,124,302,-178
104000147,116,197,-81
104000148,225,102,123
104000149,114,92,22
104000150,650,339,311
104000151,213,145,68
104000152,413,240,173
104000153,388,415,-27
104000154,544,206,338
104000155,351,602,-251
104000157,668,801,-133
104000158,96,282,-186
104000159,534,365,169
104000160,1092,1328,-236
104000161,132,141,-9
104000162,98,110,-12
104000165,552,513,39
104000167,506,933,-427
104000168,409,1,408
104000169,167,26,141
104000170,184,272,-88
104000248,172,273,-101
104000251,40,102,-62
104000272,0,0,0
104000273,0,0,0
104000274,0,0,0
104000275,0,0,0
104000279,1340,1440,-100
104000290,62,139,-77
104000291,384,698,-314
104000293,672,690,-18
104000294,28,0,28
104000295,444,416,28
104000296,352,443,-91
104000297,507,1299,-792
104000298,1419,666,753
104000299,522,859,-337
104000302,87,43,44
104000303,142,134,8
104900001,115,154,-39
104900002,57,93,-36
104900003,72,149,-77
104900004,65,116,-51
104900005,225,130,95
104900006,218,66,152
104900007,217,129,88
104900009,112,88,24
104900010,67,24,43
104900011,2,8,-6
104900012,125,29,96
104900013,114,7,107
104900014,1139,162,977
104900015,71,3,68
104900016,135,115,20
104900017,121,69,52
104900018,5,53,-48
104900019,128,2503,-2375
104900020,37,107,-70
104900021,0,39,-39
104900022,2,124,-122
104900023,2,16,-14
104900024,11,382,-371
104900025,35,59,-24
104900026,1,31,-30
104900027,378,229,149
104900028,10,107,-97
104900029,27,41,-14
104900030,312,126,186
104900031,39,162,-123
104900032,27,38,-11
104900033,113,197,-84
104900034,195,102,93
104900035,297,159,138
104900036,138,62,76
104900037,97,66,31
104900038,91,627,-536
104900039,227,287,-60
104900040,286,79,207
104900041,196,93,103
104900042,92,90,2
104900043,9,180,-171
104900044,578,154,424
104900045,298,38,260
104900046,142,34,108
104900047,224,76,148
104900048,226,51,175
104900049,56,17,39
104900050,253,47,206
104900051,182,20,162
104900052,58,2,56
104900053,335,71,264
104900054,135,18,117
104900055,130,0,130
104900056,221,15,206
104900057,32,1,31
104900058,231,143,88
104900059,94,47,47
104900061,82,170,-88
104900063,25,105,-80
104900064,0,65,-65
104900065,5,117,-112
104900066,0,50,-50
104900067,3,167,-164
104900068,15,166,-151
104900070,83,132,-49
104900071,0,218,-218
104900072,47,127,-80
104900073,18,54,-36
104900074,41,101,-60
104900075,21,14,7
104900076,51,105,-54
104900077,235,193,42
104900078,153,191,-38
104900079,45,364,-319
104900080,83,303,-220
104900082,4,192,-188
104900085,4,99,-95
104900089,257,0,257
104900091,479,229,250
104900093,108,209,-101
104900097,945,1657,-712
104900098,105,36,69
104900099,30,279,-249
104900100,154,105,49
104900102,29,46,-17
104900103,227,12,215
104900106,96,41,55
104900107,74,80,-6
104900108,19,93,-74
104900109,67,85,-18
104900110,5,29,-24
104900111,158,24,134
104900112,224,196,28
104900113,470,137,333
104900114,291,244,47
104900115,555,188,367
104900116,293,83,210
104900118,14,19,-5
104900119,1,12,-11
104900120,8,276,-268
104900121,0,12,-12
104900122,1,20,-19
104900123,61,13,48
104900124,51,0,51
104900125,331,58,273
104900126,14,20,-6
104900127,14,24,-10
104900128,63,47,16
104900129,560,1406,-846
105000001,2106,1180,926
105000002,1872,1122,750
105000003,2308,2251,57
105000004,476,513,-37
105000005,793,838,-45
105000006,1001,1325,-324
105000007,1098,1328,-230
105000008,714,2641,-1927
105000009,2143,2593,-450
105000010,1975,944,1031
105000011,3160,2544,616
105000012,2466,1629,837
105000013,757,973,-216
105000014,1918,2469,-551
105000015,5739,10657,-4918
105000016,909,1022,-113
105000017,1066,459,607
105000018,660,1017,-357
105000019,705,707,-2
105000020,103,389,-286
105000021,168,122,46
105000022,123,104,19
105000023,416,180,236
105000028,26,79,-53
105000029,467,1094,-627
105000030,2190,1431,759
105000031,9,19,-10
105000033,702,899,-197
105000034,122,759,-637
105000037,422,198,224
105000038,1000,1349,-349
105000039,1341,684,657
105000040,797,1048,-251
105000041,313,663,-350
105000042,1590,1230,360
105000043,836,1032,-196
105000044,513,288,225
105000045,242,300,-58
105000046,850,256,594
105000047,361,539,-178
105000048,417,185,232
105000049,183,267,-84
105000050,502,314,188
105000051,127,217,-90
105000052,440,558,-118
105000053,76,98,-22
105000054,337,527,-190
105000055,516,238,278
105000056,1201,1138,63
105000057,1188,349,839
105000058,831,597,234
105000059,531,438,93
105000060,382,292,90
105000061,638,370,268
105000062,388,373,15
105000063,206,210,-4
105000064,1413,472,941
105000065,247,299,-52
105000066,648,796,-148
105000067,1053,604,449
105000068,238,515,-277
105000069,824,1440,-616
105000070,336,775,-439
105000071,157,860,-703
105000072,893,2034,-1141
105000073,660,468,192
105000074,606,435,171
105000075,324,414,-90
105000076,711,593,118
105000077,1369,648,721
105000078,642,864,-222
105000079,707,2463,-1756
105000080,1064,1004,60
105000081,1505,1121,384
105000082,492,1600,-1108
105000083,2033,2966,-933
105000084,425,509,-84
105000085,1537,1735,-198
105000086,548,527,21
105000087,904,1004,-100
105000088,960,1192,-232
105000089,1470,1015,455
105000090,608,409,199
105000091,621,794,-173
105000092,428,657,-229
105000093,188,268,-80
105000094,165,124,41
105000095,73,340,-267
105000096,900,1028,-128
105000097,495,537,-42
105000098,797,508,289
105000099,446,525,-79
105000100,1252,867,385
105000101,1568,1096,472
105000102,1299,988,311
105000103,812,1402,-590
105000104,1991,755,1236
105000105,830,1057,-227
105000106,1084,847,237
105000107,1067,660,407
105000108,1171,866,305
105000109,1337,822,515
105000110,712,365,347
105000111,693,409,284
105000112,798,388,410
105000113,353,476,-123
105000114,1263,832,431
105000115,257,985,-728
105000116,755,366,389
105000117,716,414,302
105000118,464,231,233
105000119,395,451,-56
105000120,902,395,507
105000121,601,433,168
105000122,311,447,-136
105000123,690,495,195
105000124,1613,457,1156
105000125,599,791,-192
105000126,1526,762,764
105000127,1714,1132,582
105000128,520,627,-107
105000129,738,170,568
105000130,181,2401,-2220
105000131,353,215,138
105000132,788,472,316
105000133,317,545,-228
105000134,752,388,364
105000135,263,265,-2
105000136,103,144,-41
105000137,527,151,376
105000138,126,199,-73
105000139,661,482,179
105000140,414,320,94
105000141,198,202,-4
105000142,219,264,-45
105000143,130,309,-179
105000144,218,404,-186
105000145,599,195,404
105000146,267,422,-155
105000147,496,186,310
105000148,822,500,322
105000149,1852,1502,350
105000150,811,666,145
105000151,451,268,183
105000152,123,299,-176
105000153,562,441,121
105000154,404,268,136
105000155,325,591,-266
105000156,361,306,55
105000157,498,807,-309
105000158,1286,508,778
105000159,250,620,-370
105000160,1918,505,1413
105000161,483,672,-189
105000162,499,1450,-951
105000163,585,551,34
105000164,130,146,-16
105000165,435,4727,-4292
105000166,2590,755,1835
105000167,828,1341,-513
105000168,282,289,-7
105000169,467,144,323
105000170,183,892,-709
105000171,797,117,680
105000172,114,18,96
105000173,205,40,165
105000174,37,29,8
105000175,78,66,12
105000176,310,63,247
105000177,288,174,114
105000178,195,157,38
105000179,612,104,508
105000180,150,49,101
105000181,142,112,30
105000182,60,26,34
105000183,1234,1502,-268
105000184,1036,734,302
105000185,736,998,-262
105000186,319,544,-225
105000187,507,148,359
105000188,145,93,52
105000189,105,343,-238
105000190,203,226,-23
105000191,254,206,48
105000192,224,33,191
105000193,49,47,2
105000194,476,139,337
105000195,189,364,-175
105000196,83,241,-158
105000197,189,355,-166
105000198,233,137,96
105000199,125,548,-423
105000200,62,226,-164
105000201,67,24,43
105000203,14,96,-82
105000204,88,49,39
105000205,78,112,-34
105000207,160,94,66
105000208,117,358,-241
105000209,121,154,-33
105000211,235,15,220
105000212,942,482,460
105000213,60,151,-91
105000214,131,135,-4
105000215,254,74,180
105000216,152,115,37
105000217,139,86,53
105000218,1180,707,473
105000221,108,96,12
105000222,411,98,313
105000223,234,122,112
105000226,82,76,6
105000227,71,53,18
105000228,67,1328,-1261
105000229,128,382,-254
105000231,292,229,63
105000233,724,547,177
105000234,355,613,-258
105000235,307,376,-69
105000237,691,29,662
105000243,23,12,11
105000248,44,57,-13
105000262,252,540,-288
105000269,105,137,-32
105000270,356,25,331
105000271,1,105,-104
105000282,41,25,16
105000287,251,75,176
105000288,448,348,100
105000289,1097,1657,-560
105000290,5,4,1
105000402,1601,2541,-940
105000426,162,286,-124
105000438,1830,1263,567
105000440,48,7,41
105000446,4751,3150,1601
105000447,2123,1189,934
105000454,633,306,327
105000455,196,117,79
105000474,50,1,49
105000477,385,423,-38
105000478,1410,3850,-2440
105000479,76,100,-24
105000480,5129,6442,-1313
105000481,3345,2843,502
105000482,2395,4009,-1614
105000483,1355,1895,-540
105000484,1162,1605,-443
105000485,939,2520,-1581
105000486,1562,1463,99
105000488,4964,2428,2536
105000489,704,559,145
105000549,112,97,15
105000550,284,780,-496
105000551,24,66,-42
105000552,1449,904,545
105000555,782,948,-166
105000556,36,11,25
105000557,47,131,-84
105900001,1,1476,-1475
105900002,451,531,-80
105900003,31,67,-36
105900004,125,37,88
105900005,6,170,-164
105900006,11,54,-43
105900007,47,25,22
105900008,57,235,-178
105900009,40,16,24
105900011,44,25,19
105900012,229,42,187
105900013,3,16,-13
105900014,5,34,-29
105900015,86,195,-109
105900016,276,134,142
105900017,1087,20,1067
105900018,171,125,46
105900019,20,129,-109
105900020,28,34,-6
105900021,9,161,-152
105900022,126,76,50
105900023,3,74,-71
105900024,0,151,-151
105900025,183,8,175
105900026,129,12,117
105900027,7409,4358,3051
105900028,403,291,112
105900029,1277,232,1045
105900030,118,184,-66
105900031,230,126,104
105900032,79,85,-6
105900033,63,90,-27
105900034,159,98,61
105900035,108,111,-3
105900036,88,90,-2
105900037,89,24,65
105900038,120,127,-7
105900039,88,35,53
105900040,64,49,15
105900041,141,78,63
105900042,74,131,-57
105900043,663,40,623
105900044,12,163,-151
105900045,2,544,-542
105900046,5,163,-158
105900047,4,41,-37
105900048,75,249,-174
105900050,3655,4586,-931
105900051,51,731,-680
105900052,338,199,139
105900053,1438,2254,-816
105900054,180,126,54
105900056,253,218,35
105900057,6,89,-83
105900058,14,8,6
105900059,1,47,-46
106000001,1891,1490,401
106000002,781,2889,-2108
106000003,1976,2280,-304
106000004,980,1495,-515
106000005,2884,3252,-368
106000006,3106,1482,1624
106000007,397,436,-39
106000008,284,189,95
106000009,466,214,252
106000010,270,292,-22
106000011,1028,697,331
106000012,568,583,-15
106000013,1532,1311,221
106000014,1048,753,295
106000015,1540,929,611
106000016,810,1042,-232
106000017,450,536,-86
106000018,357,309,48
106000019,319,322,-3
106000020,262,195,67
106000021,285,344,-59
106000022,174,118,56
106000023,543,268,275
106000024,320,293,27
106000025,95,129,-34
106000026,115,139,-24
106000027,1155,959,196
106000028,506,220,286
106000029,482,504,-22
106000030,225,408,-183
106000034,83,283,-200
106000035,800,1649,-849
106000036,103,270,-167
106000037,980,925,55
106000038,96,73,23
106000039,90,66,24
106000040,61,598,-537
106000041,487,306,181
106000043,330,180,150
106000046,197,30,167
106000047,28,308,-280
106000049,861,136,725
106000050,196,339,-143
106000051,590,361,229
106000052,80,204,-124
106000053,387,111,276
106000054,191,203,-12
106000055,462,100,362
106000056,170,178,-8
106000057,462,189,273
106000058,110,87,23
106000059,331,158,173
106000060,210,202,8
106000061,141,416,-275
106000062,87,233,-146
106000063,695,467,228
106000064,25,158,-133
106000065,255,152,103
106000066,54,187,-133
106000067,346,59,287
106000068,36,366,-330
106000069,241,47,194
106000070,332,363,-31
106000071,712,230,482
106000072,1434,833,601
106000073,915,2484,-1569
106000074,476,387,89
106000075,262,942,-680
106000076,1136,1092,44
106000077,1778,786,992
106000078,796,422,374
106000079,629,451,178
106000080,887,269,618
106000081,501,729,-228
106000082,1334,477,857
106000083,416,968,-552
106000084,816,365,451
106000085,953,966,-13
106000086,468,519,-51
106000087,603,272,331
106000088,284,443,-159
106000089,700,183,517
106000090,246,378,-132
106000091,155,231,-76
106000092,502,176,326
106000093,335,96,239
106000094,37,192,-155
106000095,643,413,230
106000096,755,369,386
106000097,912,434,478
106000098,589,431,158
106000099,182,470,-288
106000100,894,145,749
106000101,589,180,409
106000102,96,354,-258
106000103,201,257,-56
106000104,693,203,490
106000105,308,342,-34
106000106,595,224,371
106000107,136,138,-2
106000108,315,138,177
106000109,156,143,13
106000110,227,130,97
106000111,156,138,18
106000112,198,352,-154
106000113,331,324,7
106000114,343,501,-158
106000115,159,213,-54
106000116,255,112,143
106000117,550,355,195
106000118,962,953,9
106000119,691,376,315
106000120,737,990,-253
106000121,153,132,21
106000122,132,95,37
106000123,446,94,352
106000124,62,64,-2
106000125,39,98,-59
106000126,295,34,261
106000127,280,288,-8
106000128,722,125,597
106000129,370,286,84
106000130,649,254,395
106000131,127,506,-379
106000132,418,108,310
106000133,988,853,135
106000134,285,1535,-1250
106000135,124,390,-266
106000136,573,901,-328
106000137,40,377,-337
106000138,1064,86,978
106000139,39,63,-24
106000140,34,23,11
106000141,109,24,85
106000142,78,42,36
106000143,28,27,1
106000144,58,32,26
106000145,214,107,107
106000146,282,67,215
106000147,573,277,296
106000148,683,471,212
106000149,529,281,248
106000150,428,1476,-1048
106000151,1866,462,1404
106000152,592,1465,-873
106000153,82,1100,-1018
106000154,669,126,543
106000155,90,180,-90
106000156,693,118,575
106000157,339,959,-620
106000158,1107,661,446
106000159,1343,1362,-19
106000160,313,2151,-1838
106000161,789,117,672
106000162,229,724,-495
106000163,259,188,71
106000164,462,189,273
106000165,165,259,-94
106000166,605,195,410
106000167,330,439,-109
106000168,465,207,258
106000169,203,285,-82
106000170,735,160,575
106000171,184,624,-440
106000172,1789,965,824
106000173,901,1367,-466
106000174,789,215,574
106000175,154,350,-196
106000176,1226,651,575
106000177,470,1108,-638
106000178,2232,1015,1217
106000179,463,898,-435
106000180,480,504,-24
106000181,726,930,-204
106000182,1173,413,760
106000183,1206,252,954
106000184,1371,390,981
106000185,815,786,29
106000186,406,73,333
106000187,78,592,-514
106000188,1,1,0
106000189,5,46,-41
106000190,18,0,18
106000191,437,100,337
106000192,0,3,-3
106000193,246,95,151
106000194,69,185,-116
106000195,312,57,255
106000196,49,280,-231
106000197,528,210,318
106000198,157,158,-1
106000199,704,598,106
106000200,158,137,21
106000201,292,2101,-1809
106000202,1608,331,1277
106000203,10,132,-122
106000204,79,6,73
106000205,15,101,-86
106000206,60,13,47
106000207,9,199,-190
106000208,1075,101,974
106000209,1070,284,786
106000210,164,308,-144
106000211,155,554,-399
106000212,736,389,347
106000213,223,955,-732
106000214,1029,381,648
106000215,254,338,-84
106000216,350,300,50
106000217,191,201,-10
106000218,272,176,96
106000219,123,161,-38
106000220,332,131,201
106000221,157,120,37
106000222,83,40,43
106000223,263,88,175
106000224,244,94,150
106000225,79,86,-7
106000226,79,136,-57
106000228,50,59,-9
106000229,30,411,-381
106000231,742,87,655
106000232,48,136,-88
106000233,345,29,316
106000234,39,204,-165
106000235,499,117,382
106000236,142,77,65
106000237,14,10,4
106000238,71,33,38
106000239,2,74,-72
106000240,11,3,8
106000241,22,374,-352
106000242,176,23,153
106000249,62,18,44
106000250,77,335,-258
106000251,119,21,98
106000252,23,77,-54
106000253,28,61,-33
106000254,36,16,20
106000255,11,110,-99
106000256,23,14,9
106000257,114,124,-10
106000258,180,77,103
106000259,6,67,-61
106000260,31,1,30
106000261,1,66,-65
106000262,68,7,61
106000263,27,47,-20
106000264,90,12,78
106000265,4,67,-63
106000266,85,19,66
106000267,7,50,-43
106000268,191,43,148
106000269,40,31,9
106000270,103,211,-108
106000271,55,76,-21
106000272,157,29,128
106000273,7,127,-120
106000274,92,24,68
106000275,84,98,-14
106000276,46,21,25
106000277,54,158,-104
106000278,91,13,78
106000279,6,21,-15
106000280,56,31,25
106000281,74,23,51
106000282,39,40,-1
106000283,94,29,65
106000284,79,67,12
106000285,82,41,41
106000286,88,68,20
106000287,69,49,20
106000288,50,88,-38
106000289,77,54,23
106000290,69,35,34
106000291,65,109,-44
106000292,62,35,27
106000293,90,96,-6
106000294,79,83,-4
106000295,56,36,20
106000296,31,61,-30
106000297,43,156,-113
106000298,84,68,16
106000299,39,70,-31
106000300,49,59,-10
106000301,56,85,-29
106000303,32,56,-24
106000304,21,22,-1
106000305,34,25,9
106000306,66,35,31
106000307,51,19,32
106000308,36,37,-1
106000309,23,45,-22
106000310,222,177,45
106000311,301,104,197
106000312,154,83,71
106000313,250,97,153
106000318,36,271,-235
106000319,751,183,568
106000320,1,71,-70
106000321,161,120,41
106000322,174,52,122
106000324,7,97,-90
106000325,1493,658,835
106000326,666,835,-169
106000327,192,40,152
106000328,32,89,-57
106000329,179,197,-18
106000330,71,52,19
106000428,93,148,-55
106000429,111,249,-138
106000430,239,655,-416
106000431,1751,264,1487
106000432,957,1854,-897
106000433,1849,1038,811
106000434,2350,1058,1292
106000435,672,1347,-675
106000436,16,86,-70
106000437,184,34,150
106000438,311,152,159
106000439,80,292,-212
106000440,323,433,-110
106000441,0,0,0
106000442,192,6,186
106000443,203,137,66
106000450,0,41,-41
106000451,22,54,-32
106000454,5,95,-90
106000455,4,91,-87
106000456,90,18,72
106000457,13,311,-298
106000458,801,38,763
106000459,161,77,84
106000460,1014,9,1005
106000461,104,351,-247
106000462,0,31,-31
106000463,2,10,-8
106000464,0,196,-196
106000465,536,6,530
106000466,7,181,-174
106000467,145,192,-47
106000468,98,77,21
106000469,56,0,56
106000470,159,1465,-1306
106000471,5,213,-208
106000472,129,6,123
106000473,29,12,17
106000474,383,307,76
106000475,429,199,230
106000476,99,204,-105
106000477,50,51,-1
106000480,0,258,-258
106900001,0,11,-11
106900002,8,131,-123
106900003,6,55,-49
106900004,0,9,-9
106900006,0,8,-8
106900007,0,13,-13
106900008,412,585,-173
106900009,255,113,142
106900010,445,87,358
106900012,234,325,-91
106900013,648,1373,-725
106900014,28,0,28
106900015,6,0,6
106900016,271,12,259
106900017,8,1,7
106900018,7,0,7
106900019,57,2,55
106900020,1085,1005,80
106900021,184,230,-46
106900022,644,4,640
106900023,125,279,-154
106900024,307,38,269
106900025,89,281,-192
106900026,0,21,-21
106900027,600,1,599
106900028,2,1,1
106900029,325,109,216
106900030,1,169,-168
107000001,2293,3490,-1197
107000002,1254,2172,-918
107000003,4721,4666,55
107000004,2478,1693,785
107000005,4534,4420,114
107000006,2483,1477,1006
107000007,3689,6130,-2441
107000008,4015,3025,990
107000009,6009,5822,187
107000010,4905,3642,1263
107000011,578,680,-102
107000012,2055,1485,570
107000013,98,26,72
107000014,42,72,-30
107000015,352,309,43
107000016,566,361,205
107000017,881,1690,-809
107000018,8,1156,-1148
107000020,880,1738,-858
107000021,1079,384,695
107000022,489,1346,-857
107000023,1434,150,1284
107000024,426,954,-528
107000025,187,264,-77
107000026,238,206,32
107000027,1163,603,560
107000028,886,576,310
107000029,2354,2033,321
107000030,1636,1336,300
107000031,3461,1929,1532
107000032,260,498,-238
107000033,1520,2043,-523
107000034,2492,672,1820
107000035,259,159,100
107000036,284,698,-414
107000037,86,512,-426
107000038,144,146,-2
107000039,774,606,168
107000040,193,158,35
107000041,1055,508,547
107000042,355,1403,-1048
107000043,1347,765,582
107000044,263,181,82
107000045,73,155,-82
107000046,591,318,273
107000047,327,444,-117
107000048,565,220,345
107000049,449,456,-7
107000050,848,360,488
107000051,156,192,-36
107000052,771,736,35
107000053,262,207,55
107000054,33,173,-140
107000055,300,153,147
107000056,342,468,-126
107000057,1044,136,908
107000058,1534,1703,-169
107000059,1150,1825,-675
107000060,3932,4174,-242
107000061,2848,1699,1149
107000062,4352,2186,2166
107000063,2949,2182,767
107000064,3806,1793,2013
107000065,2129,2337,-208
107000066,1116,2094,-978
107000067,821,1198,-377
107000068,689,780,-91
107000069,886,531,355
107000070,958,10,948
107000071,3037,54,2983
107000072,34,1377,-1343
107000073,745,401,344
107000074,125,501,-376
107000075,1531,438,1093
107000076,304,680,-376
107000077,3000,1194,1806
107000078,1486,1387,99
107000079,2173,858,1315
107000080,680,1529,-849
107000081,1827,434,1393
107000082,407,599,-192
107000083,1033,423,610
107000084,205,721,-516
107000085,2340,2374,-34
107000086,2026,1772,254
107000087,2307,1950,357
107000088,2247,1948,299
107000089,1381,1251,130
107000090,755,509,246
107000091,1366,643,723
107000092,630,498,132
107000093,1058,643,415
107000094,588,622,-34
107000095,736,399,337
107000096,331,379,-48
107000097,652,270,382
107000098,322,326,-4
107000099,316,207,109
107000100,147,186,-39
107000101,42,135,-93
107000102,153,184,-31
107000103,222,143,79
107000104,115,183,-68
107000105,266,108,158
107000106,213,163,50
107000107,413,70,343
107000108,72,292,-220
107000109,508,76,432
107000110,55,208,-153
107000111,268,40,228
107000112,24,147,-123
107000113,815,67,748
107000114,77,251,-174
107000115,617,196,421
107000116,86,354,-268
107000117,113,714,-601
107000118,85,83,2
107000119,977,1169,-192
107000120,560,433,127
107000121,802,520,282
107000122,835,432,403
107000123,496,337,159
107000124,496,384,112
107000125,825,346,479
107000126,720,346,374
107000129,170,361,-191
107000130,477,177,300
107000131,227,263,-36
107000132,341,219,122
107000133,267,89,178
107000134,198,0,198
107000135,5,282,-277
107000136,434,10,424
107000137,6,388,-382
107000138,175,33,142
107000139,6,444,-438
107000140,1468,64,1404
107000141,129,478,-349
107000142,440,75,365
107000143,40,466,-426
107000144,493,398,95
107000145,125,301,-176
107000146,134,256,-122
107000147,2882,653,2229
107000150,292,1869,-1577
107000151,12,39,-27
107000152,590,1287,-697
107000153,71,143,-72
107000154,64,219,-155
107000155,611,18,593
107000156,980,15,965
107000157,38,425,-387
107000158,659,8,651
107000159,21,344,-323
107000160,1099,120,979
107000161,27,449,-422
107000162,236,352,-116
107000163,88,0,88
107000164,637,1,636
107000165,890,2,888
107000166,21,403,-382
107000167,505,152,353
107000168,812,426,386
107000169,391,446,-55
107000170,2146,523,1623
107000171,440,708,-268
107000172,971,1153,-182
107000173,433,378,55
107000174,906,3918,-3012
107000175,2620,686,1934
107000176,0,0,0
107000177,1,0,1
107000178,13,2,11
107000179,211,903,-692
107000180,1412,180,1232
107000181,378,458,-80
107000182,1768,452,1316
107000183,139,338,-199
107000184,952,414,538
107000185,283,663,-380
107000186,929,303,626
107000187,1027,1014,13
107000188,450,390,60
107000189,419,582,-163
107000190,600,476,124
107000191,794,719,75
107000192,1181,382,799
107000193,329,355,-26
107000194,550,407,143
107000197,778,231,547
107000198,229,403,-174
107000199,771,423,348
107000200,418,425,-7
107000201,426,311,115
107000202,317,327,-10
107000203,795,1093,-298
107000204,653,1302,-649
107000205,1190,552,638
107000206,360,1091,-731
107000207,386,977,-591
107000208,468,417,51
107000209,779,1038,-259
107000210,227,125,102
107000211,1,46,-45
107000212,12,179,-167
107000213,1,26,-25
107000214,7,54,-47
107000215,333,224,109
107000216,372,162,210
107000217,200,142,58
107000219,82,146,-64
107000220,155,80,75
107000222,171,260,-89
107000224,394,73,321
107000225,152,141,11
107000226,318,92,226
107000227,85,82,3
107000228,209,326,-117
107000229,101,80,21
107000230,600,300,300
107000231,533,1458,-925
107000232,108,19,89
107000233,386,836,-450
107000234,2,41,-39
107000235,66,13,53
107000236,7,297,-290
107000237,42,0,42
107000238,45,4,41
107000239,1521,307,1214
107000240,55,291,-236
107000243,0,31,-31
107000244,4,49,-45
107000246,3,986,-983
107000249,4,932,-928
107000251,0,186,-186
107000252,1,277,-276
107000255,167,104,63
107000257,0,430,-430
107000258,1,124,-123
107000259,2,90,-88
107000260,1365,14,1351
107000262,3,239,-236
107000263,277,4,273
107000266,4,6,-2
107000267,27,59,-32
107000268,124,70,54
107000269,60,0,60
107000270,105,32,73
107000271,2,0,2
107000272,98,2,96
107000273,3,112,-109
107000274,302,9,293
107000275,203,1170,-967
107000280,790,19,771
107000281,28,257,-229
107000282,40,285,-245
107000290,2,37,-35
107000291,31,9,22
107000292,3,200,-197
107000293,30,8,22
107000294,2,54,-52
107000295,33,5,28
107000296,1,5,-4
107000444,196,2,194
107000496,0,1,-1
107000497,824,1008,-184
107000500,223,207,16
107000501,58,112,-54
107000502,157,193,-36
107000505,187,467,-280
107000506,0,0,0
107000508,1,196,-195
107000509,117,470,-353
107000510,62,30,32
107000514,28,252,-224
107000515,4,74,-70
107000516,371,209,162
107000518,878,1284,-406
107000519,853,464,389
107000520,61,38,23
107000521,650,211,439
107000522,958,358,600
107900001,71,74,-3
107900002,41,11,30
107900003,250,44,206
107900004,0,0,0
107900005,1212,4,1208
107900006,150,1,149
107900007,275,20,255
107900008,26,4,22
107900009,77,7,70
107900010,33,5,28
107900012,222,56,166
107900013,119,21,98
107900014,30,1,29
107900015,834,9,825
107900016,266,59,207
107900017,8,0,8
107900018,52,142,-90
107900019,17,9,8
107900020,26,12,14
107900021,96,37,59
107900023,1,1,0
107900024,0,5,-5
107900025,216,133,83
107900026,56,15,41
107900027,15,23,-8
107900028,123,24,99
107900030,126,42,84
107900031,69,39,30
107900032,8,3,5
107900033,27,1,26
107900034,176,11,165
107900035,949,30,919
107900036,69,12,57
107900037,0,8,-8
107900038,50,170,-120
107900039,21,15,6
107900040,6,134,-128
107900041,2,1,1
107900043,54,43,11
107900044,7,8,-1
107900045,70,35,35
107900046,119,124,-5
107900047,38,17,21
107900048,182,12,170
107900049,157,486,-329
107900050,69,127,-58
107900051,44,27,17
107900052,16,29,-13
107900053,43,37,6
107900055,406,149,257
107900056,81,59,22
107900057,7,0,7
107900058,10,281,-271
107900060,6,27,-21
107900061,7,7,0
107900063,98,95,3
107900064,157,151,6
107900065,228,4,224
107900066,21,5,16
107900067,0,0,0
107900068,58,739,-681
107900069,11,1860,-1849
107900070,136,61,75
107900071,10,204,-194
107900072,120,51,69
107900073,89,48,41
107900074,287,238,49
107900076,117,19,98
107900077,81,3,78
107900079,9,22,-13
107900080,170,743,-573
107900081,51,34,17
107900082,8,6,2
107900083,264,123,141
107900084,64,72,-8
107900086,70,147,-77
107900087,298,94,204
107900088,24,18,6
107900089,161,533,-372
107900090,227,1521,-1294
107900091,83,125,-42
107900093,44,31,13
107900095,1467,1510,-43
107900097,13,26,-13
107900098,31,140,-109
107900100,526,890,-364
107900101,390,73,317
107900102,13,6,7
107900103,31,101,-70
107900104,142,0,142
107900105,2,159,-157
107900106,0,332,-332
107900107,763,422,341
107900108,79,87,-8
107900109,1351,55,1296
107900110,26,36,-10
107900111,2,273,-271
107900112,54,273,-219
107900113,141,23,118
107900114,237,41,196
107900115,3,30,-27
107900116,175,47,128
107900117,134,113,21
107900118,40,75,-35
107900119,60,157,-97
107900120,16,51,-35
107900121,0,60,-60
107900122,0,62,-62
107900123,3,31,-28
107900124,13,20,-7
107900125,12,120,-108
107900126,14,39,-25
107900127,320,255,65
107900128,49,61,-12
107900129,41,19,22
107900130,60,5,55
107900131,163,352,-189
107900132,48,147,-99
107900133,1,48,-47
107900134,15,100,-85
107900135,15,78,-63
107900136,21,15,6
107900137,117,47,70
107900138,55,16,39
107900139,76,18,58
107900141,34,11,23
107900142,33,254,-221
107900143,29,6,23
107900144,0,72,-72
107900145,11,43,-32
107900146,28,47,-19
107900147,16,28,-12
107900148,98,71,27
107900149,344,72,272
107900150,36,201,-165
107900151,48,38,10
107900152,7,62,-55
107900153,53,159,-106
107900154,61,26,35
107900155,48,50,-2
107900156,3,111,-108
107900157,22,27,-5
107900158,561,20,541
107900159,24,244,-220
107900160,111,103,8
107900161,39,54,-15
107900162,0,23,-23
107900163,6,21,-15
107900164,8,23,-15
107900165,48,151,-103
107900166,17,56,-39
107900167,13,27,-14
107900168,43,8,35
107900169,2,157,-155
107900171,9,426,-417
107900172,1,140,-139
107900173,12,34,-22
107900174,130,1,129
107900175,11,40,-29
107900176,26,13,13
107900177,1,52,-51
107900178,0,75,-75
107900179,13,77,-64
107900180,251,624,-373
107900181,192,134,58
107900182,1,316,-315
107900183,43,66,-23
107900184,101,91,10
107900185,128,2,126
107900186,12,23,-11
107900187,0,70,-70
107900188,232,89,143
107900189,22,148,-126
107900190,13,135,-122
107900191,31,59,-28
107900193,8,52,-44
107900194,164,7,157
107900195,770,147,623
107900196,51,32,19
107900197,209,226,-17
107900199,3,351,-348
107900201,53,49,4
107900203,18,26,-8
107900204,107,129,-22
107900206,739,312,427
107900207,1,244,-243
107900208,8,147,-139
107900209,249,137,112
107900210,31,40,-9
107900213,203,286,-83
107900214,19,36,-17
107900215,77,229,-152
107900216,96,42,54
107900217,4,66,-62
107900218,20,761,-741
107900219,12,26,-14
107900220,81,170,-89
107900221,71,121,-50
107900223,78,148,-70
107900224,35,251,-216
107900225,3,179,-176
107900226,85,47,38
107900227,70,161,-91
107900228,28,58,-30
107900229,0,71,-71
107900230,22,21,1
107900231,22,80,-58
107900232,93,45,48
107900233,5,42,-37
107900234,102,52,50
107900235,8,62,-54
107900236,174,37,137
107900237,13,153,-140
107900238,23,44,-21
107900239,273,415,-142
107900240,11,24,-13
107900241,7,28,-21
107900242,19,43,-24
107900243,0,55,-55
107900244,118,4,114
107900245,508,14,494
107900246,312,14,298
107900248,281,83,198
107900249,618,31,587
107900250,1,159,-158
107900251,48,474,-426
107900252,528,14,514
107900253,135,4,131
107900254,18,175,-157
107900255,102,55,47
107900256,522,815,-293
107900257,128,52,76
107900258,92,96,-4
107900259,45,1710,-1665
107900261,0,56,-56
107900262,27,51,-24
107900264,400,7,393
107900265,295,70,225
107900267,237,9,228
107900268,5,4,1
107900269,0,2,-2
107900270,0,0,0
107900271,2,24,-22
107900272,34,22,12
107900273,48,47,1
107900274,97,0,97
107900275,32,0,32
107900276,0,42,-42
107900277,1,92,-91
107900278,299,114,185
107900279,54,106,-52
107900280,1601,1463,138
107900281,425,2658,-2233
107900282,20,422,-402
107900283,476,490,-14
107900284,458,242,216
107900285,89,20,69
107900286,22,29,-7
107900287,217,112,105
107900290,0,193,-193
107900291,386,22,364
107900292,74,58,16
107900293,46,122,-76
107900295,36,21,15
107900297,2,188,-186
107900298,396,292,104
107900299,1444,1918,-474
107900301,528,576,-48
107900302,72,24,48
107900303,201,108,93
107900304,331,126,205
107900305,226,4,222
107900306,3,28,-25
107900307,48,199,-151
107900308,145,110,35
107900309,34,0,34
107900310,59,1,58
107900311,1,189,-188
107900312,51,0,51
107900313,1,69,-68
107900314,0,23,-23
107900315,3,41,-38
107900316,21,2,19
107900317,46,3,43
107900318,5,101,-96
107900319,2,66,-64
107900320,0,46,-46
107900321,96,2,94
107900322,2,73,-71
107900323,5,55,-50
107900324,78,2,76
107900325,104,1,103
107900326,302,102,200
107900327,1,51,-50
107900328,65,0,65
107900329,38,159,-121
107900330,1,86,-85
107900331,308,10,298
107900332,348,6,342
107900333,51,31,20
107900334,1,49,-48
107900335,22,25,-3
107900336,39,43,-4
107900337,405,677,-272
107900338,7,72,-65
107900339,2,7,-5
107900340,0,46,-46
107900341,34,0,34
107900342,77,55,22
107900343,21,2,19
107900344,7,37,-30
107900345,90,9,81
107900346,10,0,10
107900347,4,4,0
107900348,1,2,-1
107900349,20,9,11
107900350,9,157,-148
107900351,4,63,-59
107900352,7,9,-2
107900353,12,5,7
107900354,3,31,-28
108000001,2653,2681,-28
108000002,1400,1244,156
108000003,2712,2493,219
108000004,7215,7772,-557
108000005,5351,4759,592
108000006,3822,3670,152
108000007,3880,3104,776
108000008,2754,3171,-417
108000009,3196,3426,-230
108000010,1765,2337,-572
108000011,9380,8573,807
108000012,7988,7131,857
108000014,413,841,-428
108000015,739,204,535
108000016,184,665,-481
108000017,992,248,744
108000018,1429,391,1038
108000019,836,525,311
108000020,947,363,584
108000021,199,939,-740
108000022,230,618,-388
108000023,950,168,782
108000024,265,299,-34
108000025,196,102,94
108000026,809,241,568
108000027,537,359,178
108000028,616,117,499
108000029,438,414,24
108000030,375,82,293
108000031,163,252,-89
108000032,1646,435,1211
108000033,497,543,-46
108000034,1391,315,1076
108000035,443,1147,-704
108000036,240,503,-263
108000037,1542,264,1278
108000038,2327,383,1944
108000039,348,901,-553
108000040,1605,669,936
108000041,369,1227,-858
108000042,334,114,220
108000043,199,99,100
108000044,528,101,427
108000045,226,190,36
108000046,1303,232,1071
108000047,277,433,-156
108000048,124,160,-36
108000049,782,202,580
108000050,78,353,-275
108000051,334,153,181
108000052,111,302,-191
108000053,381,240,141
108000054,259,671,-412
108000055,890,560,330
108000056,667,844,-177
108000057,575,1027,-452
108000058,1318,2751,-1433
108000059,1608,1144,464
108000060,219,596,-377
108000061,198,321,-123
108000062,725,404,321
108000063,294,259,35
108000064,193,151,42
108000065,341,258,83
108000066,1079,615,464
108000067,1529,510,1019
108000068,733,309,424
108000069,146,412,-266
108000070,1637,560,1077
108000071,497,677,-180
108000072,1458,707,751
108000073,695,796,-101
108000074,591,293,298
108000075,232,359,-127
108000076,626,342,284
108000077,398,327,71
108000078,1968,700,1268
108000079,428,657,-229
108000080,1170,373,797
108000081,432,625,-193
108000082,579,988,-409
108000083,1354,755,599
108000084,313,609,-296
108000085,754,367,387
108000086,459,311,148
108000087,88,1649,-1561
108000088,641,216,425
108000089,237,204,33
108000091,220,269,-49
108000092,152,68,84
108000093,161,218,-57
108000094,502,81,421
108000095,132,187,-55
108000096,326,118,208
108000097,121,210,-89
108000098,1397,686,711
108000099,840,222,618
108000100,177,389,-212
108000101,1172,1222,-50
108000102,1336,2825,-1489
108000106,701,0,701
108000107,1,343,-342
108000108,390,44,346
108000109,3,398,-395
108000110,328,211,117
108000111,116,273,-157
108000112,67,88,-21
108000113,252,132,120
108000115,130,126,4
108000117,296,241,55
108000118,345,1821,-1476
108000119,384,210,174
108000120,130,614,-484
108000121,109,247,-138
108000122,594,230,364
108000123,775,164,611
108000124,389,275,114
108000125,544,144,400
108000126,150,201,-51
108000127,428,210,218
108000128,645,202,443
108000129,543,403,140
108000130,595,159,436
108000131,700,371,329
108000132,797,650,147
108000133,837,383,454
108000134,386,293,93
108000135,939,433,506
108000136,264,372,-108
108000137,456,200,256
108000138,272,413,-141
108000139,408,169,239
108000140,154,10,144
108000141,43,16,27
108000142,40,48,-8
108000143,35,174,-139
108000144,459,44,415
108000145,65,6,59
108000146,788,59,729
108000147,48,11,37
108000148,556,43,513
108000149,9,8,1
108000150,60,6,54
108000151,49,17,32
108000152,65,194,-129
108000153,559,88,471
108000154,38,6,32
108000155,66,10,56
108000156,426,221,205
108000157,123,1283,-1160
108000158,46,676,-630
108000159,251,150,101
108000160,1246,789,457
108000161,905,2282,-1377
108000165,4,167,-163
108000172,3,200,-197
108000173,613,1383,-770
108000175,633,94,539
108000178,250,176,74
108000179,92,672,-580
108000181,56,16,40
108000182,128,65,63
108000183,13,142,-129
108000184,544,1839,-1295
108000185,90,150,-60
108000186,321,160,161
108000187,150,187,-37
108000188,572,121,451
108000189,801,7733,-6932
108000190,19,56,-37
108000192,184,270,-86
108000193,224,5,219
108000194,9,9,0
108000195,1,408,-407
108000196,291,120,171
108000198,713,131,582
108000199,0,260,-260
108000200,311,190,121
108000203,93,218,-125
108000204,132,69,63
108000205,141,142,-1
108000339,620,275,345
108000364,142,407,-265
108000365,55,152,-97
108000367,92,156,-64
108000368,7,46,-39
108000369,561,177,384
108000371,2,361,-359
108000372,491,6,485
108000373,192,55,137
108000376,66,41,25
108000377,410,138,272
108000378,6127,7788,-1661
108000379,38,102,-64
108000381,66,19,47
108000382,59,0,59
108000383,0,182,-182
108900001,37,369,-332
108900002,142,46,96
108900003,179,294,-115
108900004,71,279,-208
108900007,306,130,176
108900008,117,90,27
108900009,73,82,-9
108900010,250,95,155
108900011,538,219,319
108900012,332,300,32
108900013,147,177,-30
108900014,38,91,-53
108900015,2,148,-146
108900016,1,93,-92
108900017,184,297,-113
108900018,182,145,37
108900019,25,209,-184
108900020,32,70,-38
108900021,102,73,29
108900022,68,1,67
108900023,26,35,-9
108900024,38,36,2
108900025,145,48,97
108900026,13,39,-26
108900027,0,17,-17
108900028,88,131,-43
108900029,45,174,-129
108900030,0,8,-8
108900031,138,127,11
108900032,2,80,-78
108900033,0,36,-36
108900034,5,80,-75
108900035,193,419,-226
108900038,0,131,-131
108900039,2,163,-161
108900040,3,59,-56
108900041,2643,2534,109
108900042,5,310,-305
108900043,23,185,-162
108900044,0,176,-176
108900045,107,154,-47
108900046,41,321,-280
108900047,15,125,-110
108900048,66,325,-259
108900049,920,1226,-306
108900050,0,84,-84
108900051,0,90,-90
108900052,32,75,-43
108900053,28,154,-126
108900054,35,101,-66
108900055,26,226,-200
108900056,1,61,-60
108900057,1,60,-59
108900058,26,106,-80
108900059,504,34,470
108900060,66,129,-63
108900061,59,16,43
108900062,1,69,-68
108900063,14,94,-80
108900064,204,19,185
108900065,4,83,-79
108900066,394,123,271
108900067,11,99,-88
108900068,5,50,-45
108900069,71,25,46
108900070,19,46,-27
108900071,91,41,50
108900072,830,269,561
108900073,28,107,-79
108900074,161,82,79
108900075,29,23,6
108900076,351,31,320
108900077,72,205,-133
108900078,32,71,-39
108900079,350,72,278
108900080,11,549,-538
108900081,41,166,-125
108900082,54,61,-7
108900083,13,176,-163
108900085,828,86,742
108900086,138,83,55
108900087,44,114,-70
108900088,709,392,317
108900089,13,104,-91
108900090,78,80,-2
108900091,93,46,47
108900092,416,207,209
108900093,114,108,6
108900094,201,74,127
108900095,11,113,-102
108900096,153,12,141
108900097,240,88,152
108900098,963,761,202
108900099,375,62,313
108900100,51,66,-15
108900101,167,190,-23
108900102,38,840,-802
108900103,61,129,-68
108900105,1,1308,-1307
108900106,452,93,359
108900108,181,29,152
108900109,342,66,276
108900110,196,142,54
108900111,432,124,308
108900113,24,62,-38
108900114,55,6,49
108900115,110,52,58
108900116,36,19,17
108900117,178,12,166
108900118,497,19,478
108900119,307,17,290
108900120,223,142,81
108900121,178,76,102
108900122,154,14,140
108900123,134,117,17
108900124,591,186,405
108900125,461,4,457
108900126,133,41,92
108900127,210,61,149
108900128,173,47,126
108900129,654,140,514
108900130,308,3,305
108900131,405,3,402
108900132,492,70,422
108900133,240,16,224
108900134,498,120,378
108900135,196,18,178
108900136,17,0,17
108900137,137,0,137
108900138,746,25,721
108900140,408,94,314
108900141,370,18,352
108900142,92,11,81
108900143,61,1,60
108900144,74,0,74
108900145,240,13,227
108900146,95,2,93
108900147,242,1,241
108900148,45,11,34
108900150,218,6,212
108900151,80,16,64
108900152,125,3,122
108900153,162,106,56
108900154,3502,280,3222
108900156,75,6,69
108900157,10,179,-169
108900158,419,31,388
108900159,0,46,-46
108900160,9,134,-125
108900161,10,140,-130
108900162,109,1,108
108900163,13,301,-288
108900164,53,37,16
108900168,3127,1756,1371
108900169,46,51,-5
108900171,1967,2277,-310
108900172,135,25,110
108900173,43,183,-140
108900174,796,350,446
108900176,62,167,-105
108900177,2016,4842,-2826
108900178,1893,2889,-996
108900180,102,214,-112
108900183,128,153,-25
108900184,507,160,347
108900185,97,234,-137
108900186,61,274,-213
108900189,325,83,242
108900190,109,1023,-914
108900192,61,98,-37
108900195,59,75,-16
108900196,18,122,-104
108900199,144,162,-18
108900200,421,248,173
108900201,376,769,-393
108900203,278,101,177
108900204,267,7,260
108900205,208,35,173
108900206,329,48,281
108900207,139,112,27
108900208,6,168,-162
108900209,124,338,-214
108900210,84,120,-36
108900211,173,467,-294
108900212,264,1095,-831
108900215,60,209,-149
108900216,210,258,-48
108900217,81,3,78
108900218,40,10,30
108900221,24,55,-31
108900224,22,62,-40
108900225,2,89,-87
108900227,95,196,-101
108900230,82,119,-37
108900232,0,114,-114
108900233,269,89,180
108900234,242,89,153
108900235,84,224,-140
108900236,14,117,-103
108900240,83,55,28
108900241,20,27,-7
108900245,7,820,-813
108900250,65,65,0
108900258,4,85,-81
108900259,20,25,-5
108900260,6,38,-32
108900261,45,64,-19
108900262,58,100,-42
108900263,13,81,-68
108900264,203,171,32
108900265,484,452,32
108900266,282,633,-351
108900267,5,142,-137
108900268,6,5,1
108900269,88,8,80
108900270,73,4,69
108900271,42,10,32
108900272,200,10,190
108900273,293,660,-367
108900274,58,26,32
109000001,1603,1523,80
109000002,745,1634,-889
109000003,2293,309,1984
109000004,357,1395,-1038
109000005,1851,484,1367
109000006,662,1315,-653
109000007,1303,500,803
109000008,379,1092,-713
109000009,2435,1092,1343
109000010,806,2136,-1330
109000011,3095,1493,1602
109000012,1446,1748,-302
109000013,3098,2605,493
109000014,1462,1398,64
109000015,3622,8466,-4844
109000016,3456,1575,1881
109000017,2173,919,1254
109000018,839,1412,-573
109000019,2030,1044,986
109000020,635,1165,-530
109000023,174,18,156
109000024,5,109,-104
109000025,221,376,-155
109000026,544,250,294
109000027,52,245,-193
109000028,98,55,43
109000029,98,182,-84
109000030,32,266,-234
109000031,181,162,19
109000032,102,219,-117
109000033,282,141,141
109000034,37,34,3
109000035,10,30,-20
109000036,118,227,-109
109000037,199,1695,-1496
109000038,284,200,84
109000039,861,657,204
109000040,1484,5990,-4506
109000041,1268,1599,-331
109000042,374,863,-489
109000044,393,129,264
109000045,161,285,-124
109000046,215,67,148
109000047,47,278,-231
109000048,588,380,208
109000049,144,280,-136
109000050,396,393,3
109000051,152,123,29
109000052,303,369,-66
109000053,1218,177,1041
109000054,419,288,131
109000055,218,427,-209
109000056,269,151,118
109000057,592,369,223
109000058,860,176,684
109000059,322,1041,-719
109000060,397,317,80
109000061,359,764,-405
109000062,127,263,-136
109000063,112,70,42
109000064,223,85,138
109000065,99,90,9
109000066,336,29,307
109000067,27,148,-121
109000068,732,26,706
109000069,673,25,648
109000070,8,1564,-1556
109000071,373,47,326
109000072,106,317,-211
109000073,85,67,18
109000074,26,127,-101
109000075,51,226,-175
109000076,179,241,-62
109000077,212,181,31
109000078,78,152,-74
109000079,92,71,21
109000080,202,78,124
109000081,141,228,-87
109000082,651,102,549
109000083,196,375,-179
109000088,103,226,-123
109000089,227,39,188
109000090,116,277,-161
109000091,316,118,198
109000092,209,191,18
109000093,231,174,57
109000094,553,1,552
109000095,93,198,-105
109000096,621,249,372
109000097,88,99,-11
109000098,42,92,-50
109000099,518,122,396
109000100,175,368,-193
109000101,1334,284,1050
109000102,238,384,-146
109000103,710,412,298
109000104,1515,285,1230
109000105,307,504,-197
109000106,1332,432,900
109000107,414,823,-409
109000108,1413,386,1027
109000109,350,820,-470
109000110,887,327,560
109000111,512,883,-371
109000112,262,72,190
109000113,238,89,149
109000114,143,293,-150
109000115,768,48,720
109000116,14,453,-439
109000117,230,32,198
109000118,5,197,-192
109000119,1182,106,1076
109000120,239,282,-43
109000121,730,58,672
109000122,121,246,-125
109000123,71,121,-50
109000124,539,209,330
109000125,648,174,474
109000126,356,273,83
109000127,1629,232,1397
109000128,397,487,-90
109000129,2075,489,1586
109000130,451,826,-375
109000131,1368,949,419
109000132,780,1395,-615
109000133,218,531,-313
109000134,425,610,-185
109000135,496,829,-333
109000136,203,170,33
109000137,272,263,9
109000138,318,139,179
109000139,374,222,152
109000140,213,311,-98
109000141,671,236,435
109000142,89,255,-166
109000143,86,47,39
109000145,99,308,-209
109000146,32,65,-33
109000148,1304,1154,150
109000149,15,73,-58
109000150,113,180,-67
109000155,663,431,232
109000156,695,295,400
109000158,45,157,-112
109000159,55,240,-185
109000160,844,110,734
109000161,322,556,-234
109000162,1545,419,1126
109000163,969,938,31
109000164,1049,1407,-358
109000165,1004,314,690
109000166,634,73,561
109000167,122,239,-117
109000170,41,30,11
109000171,71,42,29
109000172,35,69,-34
109000173,27,64,-37
109000174,114,23,91
109000175,107,138,-31
109000176,283,107,176
109000177,36,54,-18
109000178,700,142,558
109000179,2018,3696,-1678
109000180,2105,1987,118
109000181,24,17,7
109000182,28,11,17
109000183,37,8,29
109000184,37,11,26
109000185,56,14,42
109000188,429,749,-320
109000189,2228,474,1754
109000190,644,231,413
109000191,289,235,54
109000192,402,166,236
109000193,137,91,46
109000194,251,61,190
109000195,149,103,46
109000196,193,72,121
109000197,125,188,-63
109000198,243,48,195
109000199,171,171,0
109000206,148,15,133
109000207,134,41,93
109000208,96,64,32
109000209,88,84,4
109000210,96,235,-139
109000211,542,264,278
109000214,424,344,80
109000215,127,42,85
109000216,258,230,28
109000217,199,94,105
109000218,404,119,285
109000221,313,604,-291
109000222,715,205,510
109000223,334,265,69
109000224,25,44,-19
109000225,89,20,69
109000226,53,109,-56
109000227,927,335,592
109000228,9,2061,-2052
109000231,3,119,-116
109000232,402,157,245
109000236,220,430,-210
109000241,1472,1084,388
109000242,1157,685,472
109000293,96,113,-17
109000361,108,134,-26
109000364,109,321,-212
109000396,1,216,-215
109000397,528,13,515
109000399,109,215,-106
109000400,65,121,-56
109000403,52,963,-911
109000406,276,3,273
109000407,215,111,104
109000408,0,219,-219
109000410,694,106,588
109000411,175,10,165
109000412,3,38,-35
109900001,144,0,144
109900002,772,9,763
109900003,266,0,266
109900005,34,0,34
109900006,341,117,224
109900007,812,178,634
109900008,0,20,-20
109900009,64,175,-111
109900010,419,23,396
109900011,48,57,-9
109900012,283,115,168
109900013,301,100,201
109900014,360,35,325
109900015,153,109,44
109900016,147,11,136
109900017,156,181,-25
109900018,126,22,104
109900019,279,40,239
109900020,21,28,-7
109900021,15,6,9
109900022,124,109,15
109900023,8,4,4
109900024,12,1,11
109900025,11,7,4
109900027,28,18,10
109900028,429,1111,-682
109900029,2,87,-85
109900030,32,3,29
109900031,0,107,-107
109900032,6,135,-129
109900033,0,286,-286
109900034,34,5,29
109900035,9,23,-14
109900036,35,32,3
109900037,12,232,-220
109900038,92,137,-45
109900039,11,0,11
109900040,26,247,-221
109900041,62,212,-150
109900042,33,452,-419
109900044,162,85,77
109900045,53,68,-15
109900046,135,45,90
109900047,167,152,15
109900048,1,47,-46
109900049,21,29,-8
109900050,1,52,-51
109900051,0,15,-15
109900052,39,176,-137
109900053,0,84,-84
109900054,634,108,526
109900055,29,114,-85
109900056,30,193,-163
109900057,3,48,-45
109900058,0,54,-54
109900060,516,81,435
109900061,20,99,-79
109900062,0,76,-76
109900064,413,103,310
109900065,33,80,-47
109900066,193,360,-167
109900067,0,43,-43
109900068,52,1,51
109900069,2,41,-39
109900071,0,10,-10
109900072,7,64,-57
109900073,290,168,122
109900074,20,24,-4
109900075,37,25,12
109900076,26,91,-65
109900077,24,23,1
109900078,66,128,-62
109900080,75,134,-59
109900081,10,152,-142
109900082,24,132,-108
109900083,16,28,-12
109900084,35,54,-19
109900085,110,285,-175
109900086,99,568,-469
109900087,90,244,-154
109900089,582,149,433
109900092,365,26,339
109900093,889,132,757
109900094,74,59,15
109900095,133,133,0
109900096,65,5,60
109900097,109,2,107
109900098,479,21,458
109900099,258,0,258
109900100,60,0,60
109900101,426,9,417
109900102,336,12,324
109900103,21,15,6
109900104,573,182,391
109900105,416,16,400
109900106,223,35,188
109900107,412,44,368
109900108,95,105,-10
109900109,22,62,-40
109900111,106,324,-218
109900114,820,1101,-281
109900115,194,59,135
109900117,837,68,769
109900121,194,307,-113
109900123,17,76,-59
109900125,1,89,-88
109900126,273,33,240
109900130,2368,2092,276
109900131,22,103,-81
109900132,20,105,-85
109900134,72,67,5
109900135,147,29,118
109900137,89,124,-35
109900140,111,66,45
109900149,22,45,-23
109900150,15,62,-47
109900151,4,6,-2
109900152,0,20,-20
109900153,1,20,-19
109900154,49,0,49
109900155,42,25,17
109900157,54,113,-59
109900159,108,24,84
109900161,148,61,87
109900162,175,100,75
109900163,298,170,128
109900164,33,137,-104
109900165,331,3,328
109900166,0,127,-127
109900167,96,189,-93
109900168,149,305,-156
109900169,194,66,128
109900170,213,701,-488
109900171,165,46,119
109900172,140,175,-35
109900173,889,1690,-801
109900174,74,51,23
109900175,61,45,16
109900176,73,48,25
109900177,18,85,-67
109900178,5,131,-126
109900179,15,8,7
109900180,7,16,-9
110000001,575,309,266
110000002,440,538,-98
110000003,487,473,14
110000004,257,473,-216
110000005,263,1255,-992
110000006,198,227,-29
110000007,94,62,32
110000008,26,63,-37
110000009,14,10,4
110000010,21,62,-41
110000011,19,34,-15
110000012,336,207,129
110000013,28,577,-549
110000014,333,218,115
110000015,175,407,-232
110000016,169,1295,-1126
110000017,1520,107,1413
110000018,1407,202,1205
110000019,6,44,-38
110000020,368,117,251
110000021,301,278,23
110000022,512,90,422
110000023,6,75,-69
110000024,396,191,205
110000025,350,6,344
110000026,7,141,-134
110000027,810,907,-97
110000028,751,485,266
110000029,282,370,-88
110000030,241,259,-18
110000031,227,184,43
110000032,543,222,321
110000033,212,181,31
110000034,304,448,-144
110000035,440,295,145
110000036,692,434,258
110000037,149,229,-80
110000038,216,437,-221
110000039,594,2575,-1981
110000040,215,141,74
110000041,249,1365,-1116
110000042,72,256,-184
110000043,469,254,215
110000044,46,436,-390
110000045,320,83,237
110000046,6,16,-10
110000047,12,43,-31
110000048,2,14,-12
110000049,12,21,-9
110000050,6,24,-18
110000051,114,6,108
110000052,32,15,17
110000053,26,2,24
110000054,123,240,-117
110000055,236,57,179
110000056,46,84,-38
110000057,206,330,-124
110000058,659,298,361
110000059,634,362,272
110000060,896,845,51
110000061,454,404,50
110000062,386,598,-212
110000063,31,125,-94
110000064,35,16,19
110000065,63,56,7
110000066,51,16,35
110000067,55,73,-18
110000068,167,61,106
110000069,307,44,263
110000071,182,49,133
110000073,46,4,42
110000075,9,66,-57
110000076,189,215,-26
110000077,185,659,-474
110000078,66,21,45
110000080,199,329,-130
110000081,42,148,-106
110000082,26,230,-204
110000083,198,344,-146
110000084,1072,705,367
110000085,912,913,-1
110000086,935,1656,-721
110000087,25,53,-28
110000088,79,109,-30
110000089,216,57,159
110000090,224,135,89
110000091,511,134,377
110000092,12,15,-3
110000093,22,16,6
110000094,237,160,77
110000095,106,503,-397
110000096,985,1439,-454
110000097,782,1065,-283
110000098,1208,490,718
110000099,529,983,-454
110000100,720,236,484
110000101,19,91,-72
110000102,79,49,30
110000104,421,160,261
110000105,53,166,-113
110000106,411,442,-31
110000107,122,240,-118
110000108,63,59,4
110000109,132,161,-29
110000110,993,1963,-970
110000111,2144,1892,252
110000112,422,939,-517
110000113,97,1780,-1683
110000114,160,462,-302
110000115,340,211,129
110000116,29,31,-2
110000117,194,127,67
110000118,339,80,259
110000119,268,174,94
110000120,211,82,129
110000121,64,211,-147
110000122,202,203,-1
110000123,537,228,309
110000124,0,505,-505
110000125,620,11,609
110000126,229,24,205
110000127,789,35,754
110000128,35,593,-558
110000129,5,318,-313
110000130,235,128,107
110000131,62,287,-225
110000132,0,296,-296
110000133,27,347,-320
110000134,7,272,-265
110000135,138,21,117
110000136,37,189,-152
110000137,438,302,136
110000138,515,342,173
110000139,645,387,258
110000140,663,561,102
110000143,353,234,119
110000144,2826,1514,1312
110000145,1594,1116,478
110000146,1025,386,639
110000147,333,424,-91
110000148,352,122,230
110000151,576,938,-362
110000152,536,384,152
110000153,112,10,102
110000154,10,18,-8
110000155,609,2615,-2006
110000156,924,1640,-716
110000157,1277,1852,-575
110000160,267,176,91
110000161,134,113,21
110000166,430,39,391
110000167,588,404,184
110000168,720,410,310
110000169,711,290,421
110000170,172,60,112
110000171,469,93,376
110000172,137,312,-175
110000173,622,577,45
110000174,76,427,-351
110000175,560,44,516
110000176,266,287,-21
110000177,126,675,-549
110000178,226,1332,-1106
110000179,647,195,452
110000180,238,144,94
110000181,382,244,138
110000182,320,68,252
110000183,3387,4693,-1306
110000184,207,1734,-1527
110000185,547,447,100
110000186,452,456,-4
110000191,978,117,861
110000192,564,12,552
110000193,1182,10,1172
110000194,9,631,-622
110000195,365,120,245
110000196,330,91,239
110000197,66,71,-5
110000198,74,24,50
110000199,58,106,-48
110000200,831,406,425
110000201,932,1124,-192
110000202,877,456,421
110000203,430,300,130
110000204,6,95,-89
110000205,125,28,97
110000206,334,436,-102
110000207,909,202,707
110000208,118,157,-39
110000209,77,408,-331
110000210,1164,227,937
110000211,654,398,256
110000212,302,768,-466
110000213,254,35,219
110000214,284,29,255
110000215,140,112,28
110000216,78,100,-22
110000217,398,71,327
110000218,168,111,57
110000219,327,23,304
110000220,37,90,-53
110000221,273,28,245
110000222,35,105,-70
110000223,0,124,-124
110000224,4,4,0
110000225,169,411,-242
110000226,252,49,203
110000227,593,582,11
110000228,151,49,102
110000229,0,122,-122
110000230,351,353,-2
110000231,162,145,17
110000232,162,103,59
110000233,124,177,-53
110000234,446,764,-318
110000235,624,679,-55
110000236,417,322,95
110000237,1440,762,678
110000238,810,823,-13
110000239,1276,602,674
110000240,0,29,-29
110000242,0,4,-4
110000243,136,62,74
110000244,99,197,-98
110000245,35,210,-175
110000246,536,307,229
110000247,588,2067,-1479
110000248,855,695,160
110000249,38,6,32
110000250,52,194,-142
110000251,264,201,63
110000252,271,90,181
110000253,1076,340,736
110000254,390,419,-29
110000255,119,487,-368
110000256,272,176,96
110000257,323,268,55
110000258,5,143,-138
110000259,94,6,88
110000260,10,83,-73
110000263,234,20,214
110000264,249,125,124
110000265,852,998,-146
110000266,781,1402,-621
110000267,26,82,-56
110000268,166,256,-90
110000269,3,41,-38
110000270,66,0,66
110000271,681,141,540
110000272,850,681,169
110000273,1104,729,375
110000274,178,1159,-981
110000275,784,324,460
110000276,327,227,100
110000277,324,169,155
110000278,271,384,-113
110000279,648,435,213
110000280,423,278,145
110000281,79,138,-59
110000282,124,11,113
110000283,15,45,-30
110000284,12,8,4
110000285,1,233,-232
110000286,5,1,4
110000287,65,1,64
110000288,10,32,-22
110000289,295,1578,-1283
110000290,513,474,39
110000291,2143,786,1357
110000292,733,3317,-2584
110000293,564,340,224
110000294,943,716,227
110000295,124,388,-264
110000296,279,180,99
110000297,1538,170,1368
110000298,126,287,-161
110000299,110,49,61
110000301,356,26,330
110000302,447,706,-259
110000303,369,4,365
110000304,209,208,1
110000305,813,15,798
110000306,109,455,-346
110000307,1173,3,1170
110000308,334,4,330
110000309,1,372,-371
110000310,541,35,506
110000311,8,337,-329
110000312,335,46,289
110000313,1177,1547,-370
110000314,4,111,-107
110000315,1618,1413,205
110000316,356,729,-373
110000317,170,538,-368
110000318,4,65,-61
110000319,9,7,2
110000320,25,32,-7
110000321,8,31,-23
110000322,284,144,140
110000323,402,112,290
110000324,1777,1123,654
110000325,1267,2111,-844
110000327,205,129,76
110000328,110,179,-69
110000333,792,515,277
110000334,511,758,-247
110000335,528,255,273
110000336,793,559,234
110000337,1716,346,1370
110000338,468,169,299
110000339,262,138,124
110000340,152,114,38
110000341,318,287,31
110000342,75,4,71
110000343,0,8,-8
110000344,308,86,222
110000345,428,166,262
110000346,1118,1261,-143
110000347,993,599,394
110000348,6,13,-7
110000349,4,6,-2
110000350,44,2,42
110000351,775,436,339
110000352,587,941,-354
110000353,1366,302,1064
110000354,650,2199,-1549
110000355,60,45,15
110000356,605,3,602
110000357,293,3,290
110000361,18,21,-3
110000362,39,3,36
110000363,528,51,477
110000364,191,193,-2
110000365,109,2,107
110000366,1,57,-56
110000367,268,100,168
110000368,1,28,-27
110000369,51,4,47
110000373,0,158,-158
110000374,106,17,89
110000375,100,662,-562
110000376,28,58,-30
110000377,70,272,-202
110000378,16,295,-279
110000379,1282,1495,-213
110000380,34,5,29
110000383,3,987,-984
110000384,569,621,-52
110000385,0,88,-88
110000387,42,6,36
110000388,39,117,-78
110000389,723,4,719
110000391,666,194,472
110000396,138,44,94
110000397,100,43,57
110000398,3,16,-13
110000399,92,2,90
110000587,111,57,54
110000589,151,102,49
110000640,148,33,115
110000652,5,118,-113
110000653,270,241,29
110000654,20,1268,-1248
110000656,0,182,-182
110000674,12,5,7
110000675,3,6,-3
110000676,1,21,-20
110000679,124,790,-666
110000682,56,97,-41
110000683,170,290,-120
110000684,1,11,-10
110000685,7,7,0
110000686,3,13,-10
110000687,23,4,19
110000688,36,804,-768
110000689,17,20,-3
110000692,17,68,-51
110000693,45,221,-176
110000694,0,61,-61
110000695,188,366,-178
110000696,34,32,2
110000698,26,405,-379
110000699,43,217,-174
110900001,182,14,168
110900002,269,121,148
110900003,645,161,484
110900004,356,61,295
110900005,940,1971,-1031
110900006,55,13,42
110900007,99,35,64
110900008,4,34,-30
110900009,206,139,67
110900010,19,11,8
110900011,18,32,-14
110900012,21,29,-8
110900013,825,69,756
110900014,324,8,316
110900015,201,437,-236
110900016,33,68,-35
110900017,288,26,262
110900018,243,30,213
110900019,188,10,178
110900020,90,83,7
110900021,47,215,-168
110900022,70,79,-9
110900023,24,269,-245
110900024,28,127,-99
110900025,31,31,0
110900027,24,107,-83
110900028,19,46,-27
110900029,7,91,-84
110900030,38,103,-65
110900031,6,64,-58
110900032,0,29,-29
110900033,24,69,-45
110900035,3,343,-340
110900036,80,9,71
110900037,84,10,74
110900038,360,118,242
110900039,5,164,-159
110900040,147,9,138
110900041,43,29,14
110900042,109,33,76
110900043,1,36,-35
110900044,111,8,103
110900045,39,125,-86
110900046,6,92,-86
110900047,222,179,43
110900049,59,49,10
110900050,29,0,29
110900052,7,83,-76
110900053,45,3,42
110900054,17,83,-66
110900055,17,3,14
110900056,33,48,-15
110900057,8,73,-65
110900058,159,81,78
110900059,311,131,180
110900060,264,82,182
110900061,15,34,-19
110900062,111,88,23
110900063,9,81,-72
110900064,13,0,13
110900065,134,85,49
110900066,5,40,-35
110900067,106,336,-230
110900068,158,116,42
110900069,6,11,-5
110900070,127,33,94
110900071,140,490,-350
110900073,0,11,-11
110900074,411,67,344
110900075,318,36,282
110900077,779,327,452
110900078,33,15,18
110900079,1226,1097,129
110900080,128,29,99
110900081,7,16,-9
110900082,69,39,30
110900083,83,45,38
110900084,57,38,19
110900085,34,113,-79
110900086,45,254,-209
110900087,227,43,184
110900088,8,0,8
110900090,24,28,-4
110900091,2,22,-20
110900093,165,38,127
110900095,54,30,24
110900097,31,17,14
110900098,16,40,-24
110900099,21,194,-173
110900100,0,4,-4
110900102,78,5,73
110900105,458,77,381
110900108,15,14,1
110900111,239,74,165
110900112,534,12,522
110900113,179,34,145
110900115,2,37,-35
110900116,690,573,117
110900118,61,2679,-2618
110900119,1139,138,1001
110900120,15,36,-21
110900121,119,1,118
110900122,315,129,186
110900125,267,278,-11
110900127,452,1076,-624
110900128,255,418,-163
110900129,145,670,-525
110900130,458,485,-27
110900131,229,31,198
110900132,289,29,260
110900133,119,67,52
110900135,33,126,-93
110900136,406,14,392
110900139,1,0,1
110900140,0,0,0
110900141,212,188,24
110900142,37,67,-30
110900143,115,67,48
110900144,0,239,-239
110900145,216,72,144
110900146,160,172,-12
110900147,55,199,-144
110900148,3,148,-145
110900149,8,35,-27
110900150,21,4,17
110900151,2,23,-21
110900152,21,89,-68
110900153,93,35,58
111000001,569,307,262
111000002,574,367,207
111000003,1429,586,843
111000004,433,553,-120
111000005,1156,1002,154
111000006,656,1295,-639
111000007,2693,2283,410
111000008,1200,1802,-602
111000009,240,502,-262
111000010,654,218,436
111000011,201,819,-618
111000012,435,305,130
111000013,440,812,-372
111000014,1270,397,873
111000017,144,584,-440
111000018,196,305,-109
111000020,639,998,-359
111000021,53,59,-6
111000023,59,60,-1
111000025,3829,2487,1342
111000029,67,84,-17
111000030,37,61,-24
111000031,1273,639,634
111000032,574,255,319
111000033,142,179,-37
111000034,37,238,-201
111000037,812,372,440
111000038,2306,1124,1182
111000039,1095,1027,68
111000040,1102,1192,-90
111000041,562,690,-128
111000042,1300,1328,-28
111000043,1314,2756,-1442
111000044,1362,972,390
111000045,2044,1710,334
111000046,1434,1306,128
111000047,2215,3560,-1345
111000049,339,273,66
111000050,770,758,12
111000051,281,519,-238
111000052,469,876,-407
111000053,198,478,-280
111000054,224,382,-158
111000055,741,951,-210
111000056,161,225,-64
111000057,72,246,-174
111000058,408,32,376
111000059,499,212,287
111000060,3227,633,2594
111000061,530,188,342
111000062,618,260,358
111000063,1544,709,835
111000064,704,383,321
111000065,1134,613,521
111000066,454,298,156
111000067,583,291,292
111000068,424,576,-152
111000069,1198,1330,-132
111000070,642,444,198
111000071,135,295,-160
111000072,1113,463,650
111000073,252,973,-721
111000074,1284,1207,77
111000075,718,347,371
111000076,501,390,111
111000077,1122,1177,-55
111000078,1747,876,871
111000079,725,429,296
111000080,405,393,12
111000081,1093,3002,-1909
111000082,585,383,202
111000084,601,327,274
111000085,633,619,14
111000086,1311,640,671
111000087,478,304,174
111000088,2599,1853,746
111000089,571,428,143
111000090,453,731,-278
111000091,452,234,218
111000092,1071,418,653
111000093,658,807,-149
111000094,1500,632,868
111000095,508,1663,-1155
111000096,762,5336,-4574
111000097,2607,950,1657
111000098,482,651,-169
111000099,279,851,-572
111000100,343,681,-338
111000101,223,378,-155
111000102,156,225,-69
111000104,516,99,417
111000107,98,360,-262
111000109,515,123,392
111000110,1012,421,591
111000111,2131,304,1827
111000112,1711,438,1273
111000113,645,1227,-582
111000114,1288,2641,-1353
111000115,2539,629,1910
111000116,708,553,155
111000117,247,555,-308
111000118,935,448,487
111000119,936,468,468
111000120,462,366,96
111000121,276,504,-228
111000122,377,683,-306
111000123,744,1147,-403
111000124,205,922,-717
111000125,161,551,-390
111000126,62,372,-310
111000127,913,84,829
111000128,1932,187,1745
111000129,2533,288,2245
111000130,1881,457,1424
111000131,1759,346,1413
111000132,1405,631,774
111000133,195,66,129
111000134,85,79,6
111000135,73,89,-16
111000136,300,210,90
111000138,7,3,4
111000140,1,6,-5
111000141,98,322,-224
111000142,13,373,-360
111000143,5,575,-570
111000144,64,2106,-2042
111000145,153,18,135
111000146,115,10,105
111000147,120,22,98
111000148,100,60,40
111000149,0,11,-11
111000150,44,5,39
111000151,3,35,-32
111000153,314,570,-256
111000154,357,182,175
111000155,73,112,-39
111000156,467,383,84
111000157,120,517,-397
111000158,546,501,45
111000159,2645,791,1854
111000160,397,372,25
111000161,8,441,-433
111000162,30,88,-58
111000163,549,382,167
111000164,383,1711,-1328
111000165,505,216,289
111000166,525,133,392
111000167,91,165,-74
111000168,173,243,-70
111000169,265,376,-111
111000170,193,243,-50
111000171,297,339,-42
111000172,135,175,-40
111000173,275,432,-157
111000174,142,153,-11
111000175,38,228,-190
111000176,351,47,304
111000177,385,100,285
111000178,1295,188,1107
111000179,299,82,217
111000180,257,337,-80
111000181,1247,131,1116
111000182,178,139,39
111000183,310,226,84
111000184,223,128,95
111000185,297,163,134
111000186,253,112,141
111000187,100,70,30
111000188,215,211,4
111000189,493,299,194
111000190,143,163,-20
111000191,93,188,-95
111000192,98,277,-179
111000193,229,158,71
111000194,69,177,-108
111000195,145,211,-66
111000196,85,72,13
111000197,456,91,365
111000198,575,68,507
111000199,266,85,181
111000200,406,235,171
111000201,567,155,412
111000202,264,144,120
111000203,340,210,130
111000204,279,1108,-829
111000213,161,283,-122
111000214,969,708,261
111000215,907,708,199
111000217,1192,433,759
111000218,885,568,317
111000219,261,138,123
111000220,608,340,268
111000221,335,43,292
111000224,50,197,-147
111000225,368,207,161
111000226,68,1,67
111000227,24,5,19
111000228,12,375,-363
111000229,16,823,-807
111000230,127,122,5
111000231,894,298,596
111000232,597,594,3
111000233,749,381,368
111000234,161,319,-158
111000239,61,98,-37
111000240,55,148,-93
111000241,15,132,-117
111000242,145,52,93
111000243,134,225,-91
111000244,483,83,400
111000245,1015,218,797
111000246,521,118,403
111000247,323,334,-11
111000248,603,245,358
111000249,360,284,76
111000250,42,31,11
111000251,25,37,-12
111000253,7,13,-6
111000255,41,5,36
111000257,71,14,57
111000260,58,641,-583
111000261,870,62,808
111000271,38,147,-109
111000273,1622,684,938
111000274,1123,1633,-510
111000275,165,27,138
111000276,168,706,-538
111000277,156,167,-11
111000278,444,183,261
111000291,937,6132,-5195
111000298,418,163,255
111000299,531,95,436
111000300,69,270,-201
111000302,276,40,236
111000303,104,97,7
111000312,48,61,-13
111000315,7,76,-69
111000320,92,298,-206
111000321,330,116,214
111000322,170,209,-39
111000323,283,14,269
111000324,238,111,127
111000325,34,61,-27
111000326,162,157,5
111000327,276,212,64
111000328,269,335,-66
111000329,0,10,-10
111000330,70,9,61
111000331,16,3,13
111000332,344,837,-493
111000334,216,794,-578
111000335,889,244,645
111000337,1076,127,949
111000338,55,53,2
111000339,432,109,323
111000340,201,538,-337
111000341,1123,403,720
111000342,64,1108,-1044
111000344,872,379,493
111000345,112,114,-2
111000346,34,254,-220
111000347,113,4,109
111000350,141,46,95
111000351,87,264,-177
111000352,160,40,120
111000353,124,121,3
111000354,296,85,211
111000355,201,196,5
111000358,117,424,-307
111000360,181,193,-12
111000361,167,105,62
111000546,440,271,169
111000547,283,235,48
111000548,174,181,-7
111000549,241,124,117
111000550,69,574,-505
111000551,391,165,226
111000552,365,164,201
111000907,402,15,387
111000908,19,1,18
111000916,1279,130,1149
111000917,40,238,-198
111000918,163,242,-79
111000920,447,14,433
111000921,11,83,-72
111000922,426,108,318
111000924,35,277,-242
111000925,2865,1476,1389
111000926,877,973,-96
111000927,2109,3209,-1100
111000928,2679,1447,1232
111000929,2039,984,1055
111000930,795,1270,-475
111000931,1688,2007,-319
111000932,2186,1027,1159
111000933,2412,1782,630
111000934,1386,1506,-120
111000935,1551,726,825
111000936,901,1060,-159
111000937,926,1021,-95
111000938,1031,621,410
111000939,494,25,469
111000940,346,39,307
111000941,295,178,117
111000943,567,194,373
111000944,167,197,-30
111000945,52,661,-609
111001109,407,386,21
111001110,150,239,-89
111001111,54,2,52
111001112,47,3,44
111001113,4,137,-133
111001114,348,148,200
111001115,34,888,-854
111001116,1772,2562,-790
111001117,309,1853,-1544
111001120,68,132,-64
111001121,139,133,6
111001122,224,143,81
111001123,346,60,286
111001124,121,52,69
111001125,4,141,-137
111001126,0,0,0
111001127,0,27,-27
111001128,525,287,238
111900001,0,90,-90
111900002,0,163,-163
111900003,1,113,-112
111900004,7,29,-22
111900006,12,36,-24
111900007,86,0,86
111900008,189,1,188
111900009,85,1,84
111900010,141,218,-77
111900012,39,46,-7
111900013,0,4,-4
111900014,1676,4151,-2475
111900015,0,12,-12
111900016,0,26,-26
111900017,0,43,-43
111900018,96,4,92
111900019,1,43,-42
111900020,0,12,-12
111900021,19,30,-11
111900022,3,24,-21
111900023,35,57,-22
111900024,338,55,283
111900025,0,17,-17
111900026,0,26,-26
111900027,2,40,-38
111900028,20,96,-76
111900029,2,19,-17
111900030,18,162,-144
111900032,0,88,-88
111900033,1,23,-22
111900034,115,211,-96
111900035,103,78,25
111900036,0,78,-78
111900038,117,281,-164
111900039,36,104,-68
111900040,0,169,-169
111900042,4,68,-64
111900043,1,125,-124
111900044,110,103,7
111900046,26,60,-34
111900048,321,195,126
111900049,17,89,-72
111900050,70,14,56
111900051,1,99,-98
111900052,197,192,5
111900053,300,1128,-828
111900054,114,5,109
111900055,6,114,-108
111900056,111,293,-182
111900057,88,25,63
111900058,512,140,372
111900059,792,559,233
111900060,234,4,230
111900061,3,72,-69
111900062,39,48,-9
111900063,198,190,8
111900064,41,108,-67
111900065,90,9,81
111900066,113,79,34
111900067,1,186,-185
111900068,49,32,17
111900069,65,22,43
111900070,196,64,132
111900071,2,107,-105
111900072,35,17,18
111900073,611,146,465
111900074,7,95,-88
111900075,42,6,36
111900076,186,82,104
111900077,19,1,18
111900078,263,35,228
111900079,49,39,10
111900080,118,174,-56
111900082,223,51,172
111900083,161,25,136
111900084,159,5,154
111900085,16,104,-88
111900086,64,6,58
111900087,72,0,72
111900088,679,20,659
111900089,66,1,65
111900090,36,35,1
111900091,414,3,411
111900092,84,2,82
111900093,431,9,422
111900094,67,1,66
111900095,237,24,213
111900096,250,11,239
111900097,46,0,46
111900098,288,5,283
111900099,15,0,15
111900100,146,4,142
111900101,76,23,53
111900102,592,177,415
111900103,18,59,-41
111900104,60,24,36
111900105,184,137,47
111900106,292,14,278
111900110,681,178,503
111900111,46,9,37
111900112,243,2679,-2436
111900113,129,50,79
111900118,289,66,223
111900119,218,131,87
111900122,64,80,-16
111900123,17,23,-6
111900124,14,20,-6
111900125,416,31,385
111900126,211,0,211
111900127,1,198,-197
111900128,2,160,-158
111900129,168,0,168
111900130,124,10,114
111900131,520,1,519
111900132,9,356,-347
111900133,26,130,-104
111900134,4,76,-72
111900135,11,32,-21
111900136,68,136,-68
111900137,13,22,-9
111900138,13,50,-37
111900139,7,41,-34
111900140,135,29,106
111900141,89,7,82
111900142,90,32,58
111900143,46,37,9
111900144,2,29,-27
111900145,0,161,-161
111900146,1,73,-72
111900147,55,174,-119
111900148,9,232,-223
111900149,3,128,-125
111900150,6,58,-52
111900151,2,15,-13
111900152,88,68,20
111900153,502,672,-170
111900154,16,313,-297
111900155,34,86,-52
111900156,84,67,17
111900157,123,21,102
111900158,518,73,445
111900159,297,25,272
111900160,295,1,294
111900161,269,0,269
111900162,58,114,-56
111900163,19,92,-73
111900164,92,32,60
111901113,399,75,324
111901114,265,166,99
111901115,73,0,73
111901116,36,1,35
111901117,8,26,-18
111901118,10,208,-198
111901119,203,36,167
111901121,44,45,-1
111901122,5,140,-135
111901123,143,82,61
111901124,234,7,227
111901125,544,161,383
111901127,224,398,-174
111901128,8,34,-26
111901129,2,39,-37
111901130,1,36,-35
111901131,5,80,-75
111901132,88,36,52
111901133,52,2,50
111901134,71,1,70
111901135,26,10,16
111901138,104,25,79
111901139,13,14,-1
111901140,4,25,-21
111901141,3,46,-43
111901142,0,37,-37
111901143,0,29,-29
111901144,30,41,-11
111901145,78,189,-111
111901146,87,12,75
111901147,112,254,-142
111901148,8,26,-18
111901149,4,1,3
111901150,35,0,35
111901151,0,0,0
111901152,1,9,-8
112000001,1478,458,1020
112000002,439,1149,-710
112000003,1312,780,532
112000004,498,299,199
112000005,2717,3028,-311
112000006,1005,651,354
112000007,2753,1853,900
112000008,1781,3087,-1306
112000009,1796,1263,533
112000010,2112,3124,-1012
112000011,1007,877,130
112000012,2456,3855,-1399
112000013,1990,1865,125
112000014,1431,2641,-1210
112000015,2351,2338,13
112000016,1954,1980,-26
112000017,869,2321,-1452
112000024,1169,398,771
112000026,1346,1825,-479
112000027,459,469,-10
112000028,650,599,51
112000029,395,432,-37
112000030,119,19,100
112000031,887,2736,-1849
112000032,102,16,86
112000033,1226,1944,-718
112000034,118,52,66
112000035,30,443,-413
112000036,326,797,-471
112000037,1306,873,433
112000038,1450,1023,427
112000039,68,32,36
112000040,33,95,-62
112000041,188,243,-55
112000042,596,242,354
112000050,843,861,-18
112000051,729,1528,-799
112000054,807,742,65
112000057,344,222,122
112000058,167,228,-61
112000059,241,340,-99
112000061,1387,687,700
112000062,649,642,7
112000063,323,1764,-1441
112000064,1706,2287,-581
112000065,881,1296,-415
112000066,2169,1083,1086
112000067,424,331,93
112000068,2349,2329,20
112000069,372,959,-587
112000070,1063,557,506
112000071,606,1209,-603
112000072,1947,546,1401
112000073,918,1300,-382
112000074,974,756,218
112000075,1136,943,193
112000076,2137,1734,403
112000077,714,323,391
112000078,1446,365,1081
112000079,1282,804,478
112000080,573,430,143
112000081,815,1434,-619
112000082,763,459,304
112000083,428,672,-244
112000084,860,463,397
112000085,1186,501,685
112000086,1274,574,700
112000087,422,297,125
112000088,668,218,450
112000089,266,178,88
112000090,157,133,24
112000091,408,448,-40
112000092,1661,704,957
112000093,1305,452,853
112000094,527,569,-42
112000095,573,451,122
112000096,503,404,99
112000097,1092,495,597
112000098,376,302,74
112000099,444,1322,-878
112000100,1717,462,1255
112000101,451,411,40
112000102,1199,342,857
112000103,261,408,-147
112000105,438,627,-189
112000106,1655,272,1383
112000107,72,127,-55
112000108,331,641,-310
112000109,160,111,49
112000110,1455,538,917
112000111,428,1269,-841
112000112,1830,396,1434
112000113,564,767,-203
112000114,1676,540,1136
112000115,268,181,87
112000116,413,376,37
112000117,921,530,391
112000118,671,468,203
112000119,289,335,-46
112000120,42,184,-142
112000121,109,186,-77
112000122,302,85,217
112000123,712,108,604
112000124,483,57,426
112000125,257,185,72
112000126,275,187,88
112000127,1116,1790,-674
112000128,316,392,-76
112000129,92,64,28
112000130,164,62,102
112000131,56,151,-95
112000132,152,108,44
112000133,359,98,261
112000134,342,199,143
112000135,1428,508,920
112000136,976,870,106
112000137,1252,1356,-104
112000138,1011,770,241
112000139,480,526,-46
112000140,325,660,-335
112000141,777,351,426
112000142,149,266,-117
112000143,1027,160,867
112000144,251,540,-289
112000145,2156,377,1779
112000146,443,803,-360
112000147,2087,1340,747
112000148,939,937,2
112000149,357,212,145
112000150,240,292,-52
112000151,299,155,144
112000152,454,216,238
112000153,135,172,-37
112000154,123,151,-28
112000155,103,82,21
112000157,329,468,-139
112000158,204,216,-12
112000159,458,190,268
112000167,277,96,181
112000169,170,291,-121
112000173,600,108,492
112000175,281,206,75
112000176,701,852,-151
112000177,532,179,353
112000178,44,130,-86
112000179,213,47,166
112000180,179,256,-77
112000181,871,755,116
112000182,1105,425,680
112000183,27,27,0
112000184,424,110,314
112000185,544,288,256
112000187,2463,1619,844
112000195,95,9,86
112000196,103,0,103
112000197,59,83,-24
112000198,30,212,-182
112000199,673,607,66
112000202,332,1,331
112000216,42,159,-117
112000230,65,4,61
112000231,1,58,-57
112000256,59,225,-166
112000313,38,78,-40
112000314,37,48,-11
112000337,133,340,-207
112000352,124,236,-112
112000392,887,599,288
112000398,1375,552,823
112000399,995,2642,-1647
112000400,834,1180,-346
112000401,1657,962,695
112000402,2991,3365,-374
112000403,979,3556,-2577
112000404,929,770,159
112000405,1841,2330,-489
112000406,1611,805,806
112000407,6751,6536,215
112000408,3988,2763,1225
112000409,953,1769,-816
112000410,223,268,-45
112000411,1731,1194,537
112000412,657,366,291
112000413,3231,5480,-2249
112000414,74,24,50
112000415,58,23,35
112000416,2500,1039,1461
112000417,256,46,210
112000421,59,28,31
112000422,368,161,207
112000424,877,2327,-1450
112000425,259,386,-127
112000426,125,228,-103
112000427,0,1,-1
112000428,244,180,64
112000429,1341,1247,94
112000430,1642,1898,-256
112000431,83,101,-18
112000432,389,505,-116
112000433,167,293,-126
112000437,39,62,-23
112900001,60,2,58
112900002,477,329,148
112900003,69,131,-62
112900004,37,91,-54
112900005,184,89,95
112900007,29,87,-58
112900008,0,59,-59
112900009,256,95,161
112900010,429,393,36
112900011,66,100,-34
112900012,1,32,-31
112900013,2,77,-75
112900014,4,97,-93
112900015,131,329,-198
112900016,5,108,-103
112900017,29,76,-47
112900018,424,291,133
112900019,19,100,-81
112900020,212,591,-379
112900021,4,100,-96
112900022,6,22,-16
112900023,1,45,-44
112900024,28,109,-81
112900025,74,107,-33
112900026,1,53,-52
112900027,1,356,-355
112900028,17,64,-47
112900029,42,235,-193
112900030,43,44,-1
112900031,3,223,-220
112900032,159,138,21
112900034,0,12,-12
112900035,1,145,-144
112900036,23,99,-76
112900037,83,177,-94
112900038,555,73,482
112900039,2,136,-134
112900040,9,211,-202
112900041,281,568,-287
112900042,36,107,-71
112900043,31,29,2
112900044,208,194,14
112900045,123,118,5
112900046,64,38,26
112900047,4,12,-8
112900049,198,33,165
112900050,21,306,-285
112900051,125,241,-116
112900052,3,287,-284
112900053,258,103,155
112900054,88,40,48
112900055,40,27,13
112900056,192,135,57
112900057,12,260,-248
112900058,186,286,-100
112900059,120,156,-36
112900060,33,59,-26
112900061,69,106,-37
112900062,56,59,-3
112900063,48,8,40
112900064,37,85,-48
112900065,11,27,-16
112900066,173,193,-20
112900067,179,52,127
112900068,29,43,-14
112900069,868,705,163
112900071,25,7,18
112900072,81,1963,-1882
112900073,300,124,176
112900074,59,249,-190
112900075,522,807,-285
112900076,32,46,-14
112900078,227,344,-117
112900079,223,8,215
112900080,82,3,79
112900081,47,215,-168
112900082,487,15,472
112900083,143,113,30
112900084,215,140,75
112900086,95,0,95
112900087,706,138,568
112900088,90,8,82
112900089,721,20,701
112900090,71,50,21
112900091,232,5,227
112900092,61,400,-339
112900093,831,28,803
112900095,67,1,66
112900096,488,130,358
112900097,60,92,-32
112900098,57,2,55
112900099,815,14,801
112900100,50,6,44
112900101,303,4,299
112900102,127,39,88
112900103,174,2,172
112900104,573,5,568
112900105,26,0,26
112900106,290,104,186
112900107,4,0,4
112900108,6,0,6
112900109,148,0,148
112900110,1323,23,1300
112900111,665,5,660
112900112,279,0,279
112900113,0,16,-16
112900114,177,23,154
112900115,1492,1,1491
112900116,105,8,97
112900117,45,18,27
112900118,6,48,-42
112900119,185,4,181
112900120,349,164,185
112900121,25,87,-62
112900122,1,26,-25
112900123,129,17,112
112900124,9,47,-38
112900125,17,160,-143
112900126,96,84,12
112900127,366,118,248
112900128,112,278,-166
112900129,0,312,-312
112900130,173,86,87
112900131,12,110,-98
112900132,79,198,-119
112900133,18,500,-482
112900134,0,92,-92
112900135,119,47,72
112900137,47,238,-191
112900138,3,76,-73
112900139,75,460,-385
112900141,540,21,519
112900142,52,177,-125
112900143,7,191,-184
112900144,7,275,-268
112900145,15,201,-186
112900146,5,305,-300
112900147,0,539,-539
112900148,64,0,64
112900149,179,438,-259
112900151,6,38,-32
112900152,1904,356,1548
112900153,608,1797,-1189
112900154,1,41,-40
112900155,110,18,92
112900156,437,442,-5
112900157,173,18,155
112900158,59,9,50
112900159,146,151,-5
112900160,43,140,-97
112900161,102,42,60
112900162,17,8,9
112900163,43,33,10
112900164,16,171,-155
112900165,177,13,164
112900166,11,65,-54
112900167,6,189,-183
112900168,15,4,11
112900169,12,14,-2
112900170,134,87,47
112900172,21,16,5
112900173,76,45,31
112900174,246,34,212
112900175,78,116,-38
112900176,17,31,-14
112900177,154,44,110
112900178,523,2337,-1814
112900179,31,197,-166
112900180,1314,895,419
112900181,457,5,452
112900182,43,295,-252
112900183,68,158,-90
112900184,229,224,5
112900185,70,403,-333
112900186,542,807,-265
112900187,51,392,-341
112900188,434,965,-531
112900189,1,5,-4
112900190,3,8,-5
112900192,449,466,-17
112900193,694,266,428
112900194,39,11,28
112900195,579,63,516
112900196,184,226,-42
112900197,101,205,-104
112900199,381,137,244
112900200,393,109,284
112900201,187,70,117
112900202,478,373,105
112900203,338,84,254
112900204,467,414,53
112900205,9,37,-28
112900206,14,90,-76
112900207,31,1,30
112900208,63,305,-242
112900209,232,223,9
112900210,1,29,-28
112900211,51,5,46
112900212,1,36,-35
112900213,68,8,60
112900214,11,16,-5
112900215,13,70,-57
112900216,11,24,-13
112900217,1,52,-51
112900218,103,4,99
112900219,81,3,78
112900220,0,0,0
112900221,2,56,-54
112900222,0,44,-44
112900223,718,20,698
112900224,262,143,119
112900225,376,134,242
112900226,107,161,-54
112900227,361,148,213
112900228,58,26,32
112900229,282,26,256
112900230,3482,1917,1565
112900232,164,180,-16
112900233,36,63,-27
112900234,14,11,3
112900235,56,21,35
112900236,256,14,242
112900237,257,80,177
112900238,8,3,5
112900239,766,571,195
112900240,6,10,-4
112900241,15,20,-5
112900242,4,39,-35
112900243,10,35,-25
112900244,20,32,-12
112900245,1,28,-27
112900246,5,10,-5
112900247,127,34,93
112900248,5,0,5
112900249,29,0,29
112900250,66,7,59
112900251,37,2,35
112900252,52,6,46
112900253,68,5,63
112900254,19,1,18
112900255,3,44,-41
112900256,7,36,-29
112900257,11,49,-38
112900258,50,6,44
113000001,3996,3264,732
113000002,2471,2216,255
113000003,1161,1086,75
113000004,841,1324,-483
113000005,1195,771,424
113000006,721,861,-140
113000007,1506,748,758
113000008,1082,988,94
113000009,799,402,397
113000010,795,617,178
113000011,761,688,73
113000012,1143,460,683
113000013,611,485,126
113000014,600,781,-181
113000015,84,82,2
113000016,115,290,-175
113000017,25,288,-263
113000018,309,27,282
113000019,131,242,-111
113000020,437,104,333
113000021,884,445,439
113000022,548,899,-351
113000025,99,176,-77
113000026,412,396,16
113000027,246,652,-406
113000028,397,649,-252
113000029,663,603,60
113000030,146,303,-157
113000031,117,192,-75
113000032,103,216,-113
113000033,97,297,-200
113000034,162,107,55
113000035,17,8,9
113000036,13,35,-22
113000037,25,18,7
113000038,13,30,-17
113000039,22,229,-207
113000040,38,51,-13
113000042,412,341,71
113000051,538,1415,-877
113000052,1404,449,955
113000053,409,184,225
113000054,271,357,-86
113000055,1185,222,963
113000056,934,643,291
113000058,381,549,-168
113000059,586,316,270
113000060,207,303,-96
113000061,473,620,-147
113000062,280,253,27
113000063,237,32,205
113000064,78,112,-34
113000065,117,375,-258
113000066,659,69,590
113000067,1847,531,1316
113000068,309,548,-239
113000069,488,491,-3
113000070,1886,626,1260
113000071,301,283,18
113000072,667,333,334
113000073,222,869,-647
113000074,587,250,337
113000075,1097,582,515
113000076,308,2216,-1908
113000077,494,585,-91
113000078,308,1133,-825
113000079,229,657,-428
113000080,435,513,-78
113000081,559,467,92
113000082,647,419,228
113000083,368,613,-245
113000084,955,571,384
113000085,646,434,212
113000086,777,621,156
113000087,666,823,-157
113000088,1117,829,288
113000089,538,1305,-767
113000090,119,452,-333
113000091,298,275,23
113000094,852,243,609
113000095,172,525,-353
113000096,103,564,-461
113000097,734,244,490
113000098,82,45,37
113000099,638,381,257
113000100,97,296,-199
113000101,148,417,-269
113000102,423,433,-10
113000103,1233,216,1017
113000104,321,1526,-1205
113000105,655,207,448
113000106,283,150,133
113000107,682,642,40
113000108,507,617,-110
113000109,383,794,-411
113000110,1772,299,1473
113000111,229,395,-166
113000112,267,164,103
113000113,756,228,528
113000114,197,758,-561
113000116,375,207,168
113000117,608,81,527
113000118,45,297,-252
113000119,237,184,53
113000120,26,172,-146
113000121,256,684,-428
113000124,177,86,91
113000125,32,603,-571
113000127,1127,108,1019
113000128,723,137,586
113000129,221,420,-199
113000133,1410,657,753
113000134,3,865,-862
113000135,3006,3269,-263
113000137,656,2292,-1636
113000139,131,172,-41
113000140,33,121,-88
113000141,68,120,-52
113000142,202,481,-279
113000143,184,76,108
113000144,157,278,-121
113000145,110,57,53
113000146,66,23,43
113000147,111,23,88
113000148,166,39,127
113000149,68,118,-50
113000150,417,161,256
113000151,17,21,-4
113000152,32,108,-76
113000153,526,210,316
113000154,291,949,-658
113000155,181,431,-250
113000156,85,186,-101
113000157,133,346,-213
113000158,366,262,104
113000159,577,444,133
113000160,339,323,16
113000161,196,155,41
113000162,528,227,301
113000163,129,57,72
113000164,31,47,-16
113000166,127,80,47
113000167,45,47,-2
113000168,89,52,37
113000169,144,27,117
113000170,75,53,22
113000171,25,47,-22
113000172,170,48,122
113000173,59,23,36
113000174,132,116,16
113000175,342,63,279
113000176,345,80,265
113000177,126,137,-11
113000178,102,211,-109
113000179,233,129,104
113000180,300,675,-375
113000181,955,599,356
113000182,129,201,-72
113000183,84,438,-354
113000184,23,33,-10
113000189,256,488,-232
113000190,162,206,-44
113000192,442,3304,-2862
113000193,1106,2446,-1340
113000194,585,1738,-1153
113000195,826,1802,-976
113000196,133,40,93
113000197,1001,1299,-298
113000198,67,140,-73
113000199,839,198,641
113000201,143,414,-271
113000202,5013,610,4403
113000203,75,419,-344
113000204,352,3395,-3043
113000205,10,8,2
113000206,5,55,-50
113000207,67,14,53
113000208,18,27,-9
113000209,6,5,1
113000210,2,22,-20
113000211,106,233,-127
113000212,50,44,6
113000213,9,69,-60
113000214,128,206,-78
113000234,125,461,-336
113000410,32,137,-105
113000411,986,1896,-910
113000412,2795,1170,1625
113000413,675,1905,-1230
113000414,1996,7830,-5834
113000415,1099,1208,-109
113000416,2352,1625,727
113000417,814,1026,-212
113000418,2816,2729,87
113000419,903,1162,-259
113000420,1829,3349,-1520
113000421,2616,4049,-1433
113000422,5308,5708,-400
113000423,879,3456,-2577
113000424,1135,6426,-5291
113000425,5,62,-57
113000428,10,15,-5
113000430,3,19,-16
113000432,1913,128,1785
113000433,44,338,-294
113000434,21,70,-49
113000435,35,180,-145
113000436,12,446,-434
113000437,971,24,947
113000438,277,7,270
113000439,16,53,-37
113000440,132,27,105
113000441,213,156,57
113000442,96,44,52
113000443,206,110,96
113000444,144,78,66
113000445,90,67,23
113000446,47,49,-2
113000448,297,104,193
113000449,101,489,-388
113000450,457,1232,-775
113000451,1859,164,1695
113000452,97,334,-237
113000453,28,476,-448
113000454,182,69,113
113000455,25,684,-659
113000456,1399,1381,18
113000468,662,77,585
113000469,14,39,-25
113000470,271,14,257
113000471,10,185,-175
113000472,59,159,-100
113000474,821,442,379
113000475,836,787,49
113000476,1269,1383,-114
113000477,2793,1336,1457
113000478,2211,2227,-16
113000479,131,70,61
113000485,0,0,0
113000486,0,0,0
113000487,0,0,0
113000488,0,0,0
113000489,0,0,0
113000490,0,0,0
113000491,1,0,1
113000492,0,0,0
113000493,0,0,0
113000495,261,110,151
113000496,118,80,38
113900001,2,979,-977
113900002,1,27,-26
113900003,0,109,-109
113900004,0,153,-153
113900005,0,197,-197
113900006,1,29,-28
113900007,5,0,5
113900008,13,0,13
113900009,10,0,10
113900010,15,1,14
113900011,39,0,39
113900012,26,0,26
113900013,44,4,40
113900014,365,0,365
113900015,4,22,-18
113900016,12,0,12
113900017,2,44,-42
113900018,140,159,-19
113900019,100,37,63
113900020,123,2,121
113900022,37,1,36
113900023,29,0,29
113900024,62,16,46
113900025,73,2,71
113900026,38,0,38
113900027,10,40,-30
113900028,38,205,-167
113900029,74,66,8
113900030,186,1,185
113900031,13,2,11
113900032,13,0,13
113900033,69,32,37
113900035,16,0,16
113900036,15,68,-53
113900037,167,137,30
113900038,35,94,-59
113900039,116,13,103
113900040,5,33,-28
113900041,19,0,19
113900042,39,42,-3
113900043,132,49,83
113900044,170,232,-62
113900045,37,0,37
113900046,175,495,-320
113900047,48,82,-34
113900048,76,68,8
113900049,180,227,-47
113900050,194,168,26
113900051,153,176,-23
113900052,67,57,10
113900053,359,437,-78
113900054,26,0,26
113900055,73,285,-212
113900056,33,117,-84
113900057,7,18,-11
113900058,44,41,3
113900059,181,169,12
113900060,85,104,-19
113900061,205,117,88
113900062,45,8,37
113900063,54,70,-16
113900064,13,29,-16
113900065,253,8,245
113900066,333,118,215
113900067,166,41,125
113900068,256,341,-85
113900069,11,17,-6
113900070,60,223,-163
113900071,40,18,22
113900072,23,33,-10
113900073,213,243,-30
113900074,111,88,23
113900075,743,975,-232
113900076,74,3,71
113900077,26,100,-74
113900078,21,19,2
113900079,0,12,-12
113900080,327,90,237
113900081,36,63,-27
113900082,126,108,18
113900083,292,104,188
113900084,126,97,29
113900085,30,121,-91
113900086,22,5,17
113900087,69,51,18
113900088,57,82,-25
113900089,215,27,188
113900090,352,226,126
113900091,3,1,2
113900092,41,45,-4
113900093,48,616,-568
113900094,248,174,74
113900095,81,96,-15
113900096,160,35,125
113900097,13,17,-4
113900098,465,65,400
113900099,1,10,-9
113900100,0,3,-3
113900101,35,34,1
113900102,50,104,-54
113900103,182,292,-110
113900104,71,193,-122
113900105,129,44,85
113900106,0,15,-15
113900107,0,1,-1
113900108,89,174,-85
113900109,182,189,-7
113900110,18,8,10
113900111,124,42,82
113900112,114,29,85
113900113,561,282,279
113900114,0,5,-5
113900115,0,14,-14
113900116,67,121,-54
113900117,28,13,15
113900118,73,213,-140
113900119,100,298,-198
113900120,83,23,60
113900121,45,27,18
113900122,269,1671,-1402
113900123,309,116,193
113900124,1,54,-53
113900125,485,70,415
113900126,76,31,45
113900127,222,513,-291
113900128,96,35,61
113900129,9,128,-119
113900130,1,74,-73
113900131,177,28,149
113900132,24,64,-40
113900133,12,28,-16
113900135,224,197,27
113900136,47,26,21
113900137,174,216,-42
113900138,23,58,-35
113900139,107,94,13
113900140,36,187,-151
113900141,398,130,268
113900142,75,26,49
113900143,10,23,-13
113900144,73,258,-185
113900145,272,96,176
113900146,90,24,66
113900148,53,208,-155
113900149,69,63,6
113900150,162,179,-17
113900151,280,104,176
113900152,19,33,-14
113900153,64,261,-197
113900154,0,44,-44
113900155,69,140,-71
113900156,78,193,-115
113900157,24,172,-148
113900158,55,206,-151
113900159,18,182,-164
113900160,406,298,108
113900161,52,175,-123
113900162,141,479,-338
113900163,90,146,-56
113900164,243,30,213
113900165,492,206,286
113900166,26,84,-58
113900167,272,12,260
113900168,39,44,-5
113900169,100,174,-74
113900171,116,41,75
113900172,5,44,-39
113900173,12,205,-193
113900174,306,248,58
113900175,166,79,87
113900176,172,197,-25
113900177,227,91,136
113900178,167,124,43
113900179,15,157,-142
113900180,81,56,25
113900181,416,79,337
113900182,395,393,2
113900183,40,34,6
113900184,5,185,-180
113900185,82,33,49
113900186,19,4,15
113900187,8,90,-82
113900188,4,52,-48
113900189,140,158,-18
113900190,112,44,68
113900191,42,63,-21
113900192,1069,1196,-127
113900193,3,57,-54
113900194,649,391,258
113900195,167,236,-69
113900196,0,60,-60
113900197,0,47,-47
113900198,12,259,-247
113900199,57,243,-186
113900200,3,67,-64
113900201,5,49,-44
113900202,9,104,-95
113900203,13,36,-23
113900204,13,181,-168
113900205,5,36,-31
113900206,1,73,-72
113900207,0,24,-24
113900208,0,30,-30
113900209,0,28,-28
113900210,286,321,-35
113900211,132,63,69
113900212,138,190,-52
113900214,135,215,-80
113900215,17,45,-28
113900216,106,248,-142
113900217,78,87,-9
113900218,92,93,-1
113900219,65,287,-222
113900220,65,116,-51
113900221,155,184,-29
113900222,562,465,97
113900223,147,264,-117
113900224,22,25,-3
113900225,179,57,122
113900226,172,51,121
113900227,293,102,191
113900228,150,280,-130
113900229,25,497,-472
113900230,1239,1952,-713
113900231,69,60,9
113900232,92,25,67
113900233,46,27,19
113900234,244,265,-21
113900235,43,5,38
113900236,222,109,113
113900237,63,4,59
113900238,102,320,-218
113900239,24,120,-96
113900240,6,160,-154
113900241,67,36,31
113900242,27,78,-51
113900243,56,193,-137
113900244,80,110,-30
113900245,515,164,351
113900246,8,15,-7
113900247,74,288,-214
113900248,1119,928,191
113900249,311,295,16
113900250,8,78,-70
113900251,558,68,490
113900252,486,12,474
113900253,419,18,401
113900254,392,82,310
113900255,374,5,369
113900256,247,12,235
113900257,13,189,-176
113900258,8,162,-154
113900259,423,61,362
113900260,173,1,172
113900261,20,32,-12
113900262,85,207,-122
113900263,27,334,-307
113900264,2,169,-167
113900265,124,375,-251
113900266,19,58,-39
113900267,58,434,-376
113900268,172,408,-236
113900269,48,62,-14
113900270,92,342,-250
113900271,320,359,-39
113900273,16,4,12
113900274,41,23,18
113900275,9,57,-48
113900276,0,63,-63
113900277,100,5,95
113900278,111,103,8
113900279,35,46,-11
113900280,963,454,509
113900281,240,705,-465
113900282,163,267,-104
113900283,298,343,-45
113900284,560,63,497
113900285,66,18,48
113900286,7,29,-22
113900287,57,6,51
113900288,0,52,-52
113900289,262,90,172
113900290,125,164,-39
113900291,40,83,-43
113900292,4,1,3
113900293,15,98,-83
113900294,381,11,370
113900295,242,210,32
113900296,525,150,375
113900297,1830,21,1809
113900298,19,743,-724
113900299,83,27,56
113900300,1389,1122,267
113900301,443,283,160
113900302,996,559,437
113900303,160,406,-246
113900304,0,43,-43
113900305,94,0,94
113900306,27,0,27
113900307,3,1,2
113900308,46,64,-18
113900309,0,210,-210
113900310,0,2,-2
113900311,2,0,2
113900312,107,171,-64
113900313,5,3,2
113900314,0,10,-10
113900315,31,5,26
114000001,585,1183,-598
114000002,211,194,17
114000003,147,369,-222
114000004,316,155,161
114000005,168,139,29
114000006,914,702,212
114000007,368,505,-137
114000008,831,1061,-230
114000009,594,177,417
114000011,1984,1394,590
114000012,2152,858,1294
114000013,1442,797,645
114000014,360,232,128
114000015,1544,172,1372
114000016,152,90,62
114000017,69,231,-162
114000018,80,13,67
114000026,1593,655,938
114000027,2771,1471,1300
114000028,1477,1943,-466
114000038,124,103,21
114000039,114,48,66
114000040,83,157,-74
114000042,143,63,80
114000043,218,97,121
114000044,234,54,180
114000045,24,26,-2
114000046,2321,2330,-9
114000047,13,47,-34
114000048,90,88,2
114000049,800,900,-100
114000050,855,980,-125
114000051,1472,1394,78
114000052,3116,1879,1237
114000053,92,463,-371
114000054,94,378,-284
114000055,250,23,227
114000056,157,735,-578
114000057,2565,1357,1208
114000058,63,762,-699
114000059,39,253,-214
114000060,247,461,-214
114000061,1247,1820,-573
114000062,429,920,-491
114000063,874,762,112
114000064,1526,2209,-683
114000065,797,1187,-390
114000066,361,358,3
114000067,18,498,-480
114000068,349,440,-91
114000069,488,333,155
114000070,1315,1146,169
114000071,404,268,136
114000072,349,141,208
114000073,21,22,-1
114000074,43,10,33
114000075,53,27,26
114000076,10,12,-2
114000077,4,8,-4
114000078,299,206,93
114000079,173,20,153
114000080,40,52,-12
114000081,45,50,-5
114000082,38,150,-112
114000083,37,77,-40
114000084,190,67,123
114000085,60,259,-199
114000086,163,189,-26
114000087,80,44,36
114000088,41,23,18
114000089,270,159,111
114000090,604,624,-20
114000091,821,599,222
114000092,467,362,105
114000093,829,505,324
114000094,286,237,49
114000095,114,138,-24
114000096,33,83,-50
114000097,42,116,-74
114000098,489,93,396
114000099,546,152,394
114000100,1041,287,754
114000101,338,196,142
114000102,525,204,321
114000103,111,139,-28
114000104,108,106,2
114000105,109,82,27
114000106,475,917,-442
114000107,380,51,329
114000108,771,634,137
114000109,512,1502,-990
114000110,369,633,-264
114000111,1299,743,556
114000112,344,969,-625
114000113,1316,395,921
114000114,604,639,-35
114000115,1751,689,1062
114000116,721,1904,-1183
114000117,2620,368,2252
114000118,2094,360,1734
114000119,1539,337,1202
114000120,385,424,-39
114000121,337,448,-111
114000122,316,220,96
114000123,1490,299,1191
114000124,697,253,444
114000125,732,674,58
114000126,2465,179,2286
114000127,212,57,155
114000128,551,142,409
114000130,273,285,-12
114000131,191,94,97
114000132,361,244,117
114000133,446,520,-74
114000134,37,26,11
114000138,16,80,-64
114000139,253,295,-42
114000144,467,490,-23
114000145,41,91,-50
114000146,68,87,-19
114000147,900,1797,-897
114000148,914,1273,-359
114000149,203,266,-63
114000150,403,812,-409
114000151,664,1905,-1241
114000152,105,34,71
114000153,633,1516,-883
114000154,469,378,91
114000155,1383,1688,-305
114000156,577,535,42
114000157,244,857,-613
114000158,663,460,203
114000159,110,274,-164
114000160,68,313,-245
114000161,615,1897,-1282
114000162,741,1743,-1002
114000163,16,31,-15
114000165,391,336,55
114000166,373,207,166
114000167,1487,889,598
114000168,324,331,-7
114000169,911,1048,-137
114000170,991,1005,-14
114000171,1030,3829,-2799
114000174,97,260,-163
114000176,276,375,-99
114000177,776,382,394
114000178,36,36,0
114000179,767,538,229
114000180,193,372,-179
114000181,1133,2823,-1690
114000182,872,1466,-594
114000183,460,501,-41
114000184,1325,461,864
114000185,770,507,263
114000189,929,104,825
114000190,2501,390,2111
114000191,84,103,-19
114000192,73,595,-522
114000193,292,930,-638
114000194,1126,537,589
114000195,134,45,89
114000196,0,63,-63
114000197,1490,5,1485
114000198,467,173,294
114000199,1072,1241,-169
114000200,332,577,-245
114000201,102,341,-239
114000202,736,308,428
114000203,481,421,60
114000204,76,212,-136
114000205,129,909,-780
114000206,463,721,-258
114000207,289,645,-356
114000208,294,871,-577
114000209,227,817,-590
114000210,137,456,-319
114000211,856,1125,-269
114000212,419,555,-136
114000213,1045,378,667
114000214,50,65,-15
114000215,131,38,93
114000216,1302,237,1065
114000217,392,120,272
114000218,115,107,8
114000219,920,70,850
114000220,11,343,-332
114000221,680,135,545
114000222,66,404,-338
114000223,440,83,357
114000224,29,236,-207
114000225,210,233,-23
114000226,175,137,38
114000227,598,341,257
114000228,658,318,340
114000229,944,634,310
114000230,1244,473,771
114000231,646,793,-147
114000232,713,118,595
114000233,1830,88,1742
114000234,751,439,312
114000235,744,643,101
114000236,0,179,-179
114000237,122,343,-221
114000238,129,200,-71
114000239,103,509,-406
114000240,563,748,-185
114000241,208,476,-268
114000242,509,447,62
114000243,1446,590,856
114000244,785,201,584
114000245,308,530,-222
114000246,107,32,75
114000247,863,305,558
114000248,939,443,496
114000249,340,397,-57
114000250,412,254,158
114000251,335,123,212
114000252,24,20,4
114000253,43,45,-2
114000254,38,7,31
114000255,270,135,135
114000256,253,1155,-902
114000257,342,610,-268
114000258,241,147,94
114000259,144,154,-10
114000260,0,15,-15
114000261,27,17,10
114000262,248,69,179
114000263,6,0,6
114000264,704,214,490
114000265,0,2,-2
114000267,1,1269,-1268
114000268,0,504,-504
114000270,158,11,147
114000271,227,37,190
114000283,1047,210,837
114000285,18,92,-74
114000288,67,159,-92
114000289,1044,112,932
114000293,119,365,-246
114000294,117,138,-21
114000395,1007,27,980
114000396,476,478,-2
114000402,526,116,410
114000403,192,138,54
114000405,150,183,-33
114000423,299,176,123
114000424,318,73,245
114000425,621,119,502
114000426,224,641,-417
114000427,58,41,17
114000428,71,131,-60
114000429,16,87,-71
114000432,106,39,67
114000434,18,38,-20
114000435,1,106,-105
114900001,442,334,108
114900002,661,129,532
114900003,443,427,16
114900004,158,282,-124
114900005,338,256,82
114900006,54,31,23
114900007,267,17,250
114900008,109,87,22
114900010,803,1314,-511
114900011,142,101,41
114900013,145,73,72
114900018,623,32,591
114900020,103,39,64
114900022,0,326,-326
114900025,299,69,230
114900026,107,102,5
114900029,93,27,66
114900030,191,81,110
114900031,341,30,311
114900032,272,18,254
114900034,17,47,-30
114900035,82,141,-59
114900036,123,182,-59
114900039,300,140,160
114900040,48,29,19
114900041,754,172,582
114900042,922,192,730
114900044,117,25,92
114900047,131,1953,-1822
114900048,49,128,-79
114900049,21,64,-43
114900050,33,91,-58
114900051,13,113,-100
114900052,69,186,-117
114900053,178,182,-4
114900054,22,38,-16
114900057,135,13,122
114900058,0,40,-40
114900059,60,38,22
114900063,44,52,-8
114900064,1524,146,1378
114900065,381,350,31
114900067,43,233,-190
114900068,35,64,-29
114900069,108,42,66
114900070,365,150,215
114900072,2,134,-132
114900073,1,91,-90
114900074,528,183,345
114900075,191,4,187
114900076,1,137,-136
114900080,737,152,585
114900082,1599,1823,-224
114900083,486,601,-115
114900090,246,152,94
114900091,54,99,-45
114900097,187,2,185
114900098,3,61,-58
114900099,165,5,160
115000001,2592,1437,1155
115000002,2546,3620,-1074
115000003,2624,1111,1513
115000004,3117,4449,-1332
115000005,1333,1206,127
115000006,796,1141,-345
115000007,300,165,135
115000008,277,372,-95
115000009,193,191,2
115000010,178,149,29
115000013,28,105,-77
115000015,18,175,-157
115000016,13,190,-177
115000019,37,368,-331
115000020,79,609,-530
115000021,184,274,-90
115000022,360,183,177
115000023,201,430,-229
115000024,644,241,403
115000025,625,460,165
115000026,131,212,-81
115000027,195,220,-25
115000028,90,422,-332
115000029,456,40,416
115000030,380,689,-309
115000031,774,172,602
115000032,5,135,-130
115000033,147,36,111
115000034,27,620,-593
115000035,669,33,636
115000036,0,154,-154
115000037,394,10,384
115000038,35,102,-67
115000039,2126,2429,-303
115000040,2757,1729,1028
115000041,1327,2983,-1656
115000042,559,402,157
115000043,3274,1978,1296
115000044,2655,2061,594
115000045,1741,726,1015
115000046,2108,1950,158
115000047,1867,917,950
115000048,1243,1143,100
115000049,876,1800,-924
115000050,2366,1027,1339
115000051,1235,2697,-1462
115000052,1073,889,184
115000053,1551,1432,119
115000054,377,544,-167
115000055,194,820,-626
115000056,211,513,-302
115000057,557,1009,-452
115000058,446,373,73
115000059,254,131,123
115000061,85,122,-37
115000062,126,210,-84
115000063,262,167,95
115000064,165,64,101
115000065,51,365,-314
115000067,184,20,164
115000069,64,161,-97
115000070,24,419,-395
115000071,44,5,39
115000072,9,41,-32
115000073,943,25,918
115000075,73,24,49
115000076,1690,1302,388
115000077,1544,852,692
115000078,1135,616,519
115000079,1186,918,268
115000080,2011,956,1055
115000081,279,363,-84
115000082,2944,2548,396
115000083,1269,808,461
115000084,2010,838,1172
115000085,633,395,238
115000086,1006,368,638
115000087,320,862,-542
115000088,1289,461,828
115000089,856,771,85
115000090,375,531,-156
115000091,155,352,-197
115000092,539,272,267
115000093,469,1,468
115000094,3315,3952,-637
115000095,2526,4728,-2202
115000096,676,620,56
115000097,1063,685,378
115000098,1043,402,641
115000099,1664,1121,543
115000100,911,249,662
115000101,441,688,-247
115000102,421,173,248
115000103,179,289,-110
115000105,27,76,-49
115000106,501,221,280
115000107,176,207,-31
115000108,1430,1322,108
115000109,2117,3319,-1202
115000110,724,1215,-491
115000111,337,743,-406
115000112,427,508,-81
115000113,360,422,-62
115000114,1061,395,666
115000116,1848,1403,445
115000117,1612,1624,-12
115000118,1590,1466,124
115000119,1342,1450,-108
115000120,410,927,-517
115000121,625,545,80
115000122,618,880,-262
115000123,480,1068,-588
115000124,540,653,-113
115000125,313,491,-178
115000126,75,216,-141
115000127,247,76,171
115000128,197,538,-341
115000129,150,276,-126
115000130,275,319,-44
115000131,634,215,419
115000132,346,129,217
115000133,514,125,389
115000134,221,137,84
115000135,118,77,41
115000136,217,190,27
115000137,61,110,-49
115000138,300,203,97
115000139,229,137,92
115000140,321,143,178
115000141,147,73,74
115000142,164,75,89
115000143,764,368,396
115000144,471,38,433
115000145,227,129,98
115000146,486,265,221
115000147,311,244,67
115000148,164,407,-243
115000149,374,136,238
115000150,438,324,114
115000151,724,332,392
115000152,404,358,46
115000153,806,444,362
115000154,602,164,438
115000155,376,490,-114
115000156,563,556,7
115000157,277,563,-286
115000158,155,318,-163
115000159,342,396,-54
115000160,245,216,29
115000161,71,264,-193
115000162,321,564,-243
115000163,363,535,-172
115000164,452,466,-14
115000165,210,440,-230
115000167,75,53,22
115000168,264,285,-21
115000169,269,432,-163
115000170,65,161,-96
115000171,181,194,-13
115000172,407,409,-2
115000173,155,408,-253
115000174,45,200,-155
115000175,121,72,49
115000176,83,44,39
115000177,42,59,-17
115000178,11,120,-109
115000179,9,14,-5
115000180,60,207,-147
115000181,494,90,404
115000182,642,166,476
115000183,316,321,-5
115000186,413,117,296
115000187,132,358,-226
115000188,292,328,-36
115000189,128,314,-186
115000190,426,280,146
115000191,61,362,-301
115000194,64,63,1
115000195,129,229,-100
115000196,204,120,84
115000197,259,192,67
115000198,317,67,250
115000199,306,80,226
115000200,291,52,239
115000201,103,164,-61
115000206,267,16,251
115000207,148,139,9
115000208,163,403,-240
115000209,481,211,270
115000210,106,82,24
115000211,176,164,12
115000212,671,177,494
115000224,179,57,122
115000225,51,66,-15
115000229,104,53,51
115000230,72,221,-149
115000231,209,554,-345
115000232,1468,172,1296
115000233,53,97,-44
115000234,12,158,-146
115000241,50,95,-45
115000242,65,101,-36
115000243,45,64,-19
115000244,19,89,-70
115000246,33,12,21
115000247,19,13,6
115000248,37,11,26
115000249,4,27,-23
115000250,214,25,189
115000251,219,44,175
115000252,55,134,-79
115000253,18,269,-251
115000258,210,52,158
115000259,219,62,157
115000261,25,7,18
115000262,11,17,-6
115000263,10,22,-12
115000264,30,18,12
115000267,38,57,-19
115000268,20,74,-54
115000269,76,41,35
115000270,10,5,5
115000272,76,83,-7
115000273,310,22,288
115000280,1100,123,977
115000281,159,531,-372
115000282,412,314,98
115000284,105,109,-4
115000296,1024,4,1020
115000297,65,93,-28
115000298,22,322,-300
115000300,180,75,105
115000302,510,83,427
115000303,528,59,469
115000304,507,43,464
115000305,52,206,-154
115000306,93,83,10
115000307,57,99,-42
115000308,20,9,11
115000310,984,327,657
115000311,933,787,146
115000313,68,254,-186
115000314,269,151,118
115000315,551,533,18
115000316,86,96,-10
115000317,121,201,-80
115000318,511,181,330
115000319,49,194,-145
115000320,20,185,-165
115000321,132,6,126
115000322,46,97,-51
115000449,88,109,-21
115000557,13,887,-874
115000558,386,82,304
115000587,355,195,160
115000588,1542,1477,65
115000589,2517,1570,947
115000590,757,908,-151
115000591,1129,473,656
115000592,283,1054,-771
115000593,887,409,478
115000594,335,1727,-1392
115000609,136,95,41
115000617,457,1668,-1211
115000624,248,27,221
115000633,226,940,-714
115000634,2140,443,1697
115000635,436,137,299
115000638,222,227,-5
115000641,28,153,-125
115000642,173,155,18
115000643,78,237,-159
115000644,70,207,-137
115000646,578,1104,-526
115000647,123,343,-220
115000648,1622,934,688
115000893,1240,830,410
115000894,69,590,-521
115000895,175,890,-715
115000896,796,365,431
115000897,375,96,279
115000898,243,201,42
115000899,153,790,-637
115000900,27,334,-307
115000901,32,73,-41
115000912,342,59,283
115000913,1,8,-7
115000915,8,0,8
115000916,12,16,-4
115000917,0,5,-5
115000918,29,389,-360
115000919,3,9,-6
115000920,10,43,-33
115000921,167,65,102
115000922,319,620,-301
115000923,122,1534,-1412
115000925,84,47,37
115000927,52,67,-15
115000933,86,322,-236
115000934,155,95,60
115000935,107,35,72
115000936,15,487,-472
115000937,559,162,397
115000938,51,237,-186
115000939,80,152,-72
115000940,3,8,-5
115000941,0,35,-35
115000942,3,105,-102
115000943,22,41,-19
115000944,3,6,-3
115900001,108,12,96
115900002,44,56,-12
115900003,143,32,111
115900004,0,8,-8
115900005,160,4,156
115900006,59,101,-42
115900008,66,3,63
115900009,42,105,-63
115900010,254,46,208
115900011,286,84,202
115900012,143,10,133
115900013,142,99,43
115900014,84,57,27
115900015,128,26,102
115900016,76,17,59
115900017,12,14,-2
115900018,91,21,70
115900019,25,10,15
115900020,66,0,66
115900021,427,182,245
115900022,546,3,543
115900023,12,0,12
115900025,14,93,-79
115900026,443,97,346
115900027,0,95,-95
115900028,234,34,200
115900029,12,130,-118
115900030,24,20,4
115900031,78,191,-113
115900032,278,341,-63
115900033,0,18,-18
115900034,12,84,-72
115900035,30,15,15
115900036,26,882,-856
115900037,28,93,-65
115900038,50,16,34
115900039,99,53,46
115900041,139,478,-339
115900042,19,4,15
115900043,67,15,52
115900044,118,114,4
115900046,324,88,236
115900047,79,117,-38
115900049,143,121,22
115900051,9,18,-9
115900052,4,96,-92
115900053,219,102,117
115900054,189,24,165
115900055,22,52,-30
115900056,120,111,9
115900057,25,12,13
115900058,39,19,20
115900060,32,41,-9
115900061,237,5,232
115900062,27,116,-89
115900063,33,3,30
115900064,116,94,22
115900065,111,18,93
115900066,59,37,22
115900067,8,124,-116
115900068,1139,762,377
115900069,62,86,-24
115900070,129,32,97
115900071,3,113,-110
115900072,16,49,-33
115900073,85,58,27
115900074,1,129,-128
115900075,31,89,-58
115900076,1,17,-16
115900077,2,84,-82
115900078,95,116,-21
115900079,298,14,284
115900080,104,71,33
115900081,22,33,-11
115900082,54,146,-92
115900084,345,16,329
115900085,32,30,2
115900086,646,358,288
115900088,3,81,-78
115900089,310,284,26
115900090,447,5,442
115900091,2,13,-11
115900092,37,60,-23
115900093,10,4,6
115900094,6,70,-64
115900096,4,7,-3
115900097,4,106,-102
115900098,155,178,-23
115900099,67,37,30
115900100,6,145,-139
115900101,167,68,99
115900102,107,34,73
115900103,199,60,139
115900104,52,29,23
115900105,238,149,89
115900106,90,4,86
115900107,56,28,28
115900108,149,15,134
115900109,20,140,-120
115900110,5,7,-2
115900111,2,41,-39
115900112,35,249,-214
115900113,35,17,18
115900114,2,68,-66
115900115,51,105,-54
115900116,41,271,-230
115900117,71,7,64
115900118,2,98,-96
115900119,76,75,1
115900120,24,108,-84
115900121,169,94,75
115900124,181,446,-265
115900125,258,36,222
115900126,515,67,448
115900127,518,39,479
115900128,2,49,-47
115900129,360,48,312
115900130,16,173,-157
115900131,306,38,268
115900132,563,3,560
115900134,265,52,213
115900135,184,563,-379
115900137,39,3,36
115900139,11,37,-26
115900140,272,15,257
115900141,1,21,-20
115900142,0,18,-18
115900143,187,179,8
115900144,102,90,12
115900146,13,26,-13
115900147,136,154,-18
115900148,111,7,104
115900149,74,15,59
115900150,76,14,62
115900151,11,84,-73
115900152,152,133,19
115900153,73,106,-33
115900154,198,247,-49
115900155,0,11,-11
115900156,457,612,-155
115900157,210,285,-75
115900158,3,2,1
115900159,119,108,11
115900160,1,10,-9
115900161,18,62,-44
115900163,106,45,61
115900164,428,5,423
115900166,77,70,7
115900168,80,53,27
115900171,48,150,-102
115900172,49,81,-32
115900173,140,44,96
115900174,120,177,-57
115900175,67,123,-56
115900178,9,195,-186
115900179,272,4,268
115900180,48,41,7
115900181,146,53,93
115900182,316,77,239
115900183,3,26,-23
115900184,377,4,373
115900187,9,122,-113
115900189,0,118,-118
115900190,90,587,-497
115900191,13,129,-116
115900192,6,90,-84
115900193,312,80,232
115900194,539,46,493
115900195,295,1526,-1231
115900198,187,189,-2
115900199,189,132,57
115900200,199,158,41
115900201,212,262,-50
115900202,0,34,-34
115900203,5,18,-13
115900204,0,4,-4
115900205,56,18,38
115900206,138,90,48
115900207,42,6,36
115900208,77,40,37
115900209,7,82,-75
115900210,3,120,-117
115900211,0,70,-70
115900212,136,100,36
115900213,87,67,20
115900214,443,34,409
115900215,17,107,-90
115900216,2,58,-56
115900217,4,17,-13
115900218,0,14,-14
115900219,67,2,65
115900220,174,6,168
115900221,93,9,84
115900222,49,28,21
115900223,6,323,-317
115900224,339,1001,-662
115900225,32,16,16
115900226,13,12,1
115900227,8,24,-16
115900228,6,32,-26
115900229,1,23,-22
115900230,27,52,-25
115900231,97,1,96
115900232,42,2,40
115900233,77,5,72
115900234,33,13,20
115900235,14,18,-4
115900236,25,28,-3
115900237,15,16,-1
115900238,23,5,18
115900239,12,11,1
115900240,2,21,-19
115900241,137,52,85
115900242,153,293,-140
115900243,8,1,7
115900244,6,6,0
115900245,17,0,17
115900246,6,9,-3
115900247,5,2,3
115900248,5,0,5
115900249,8,6,2
115900250,5,12,-7
115900251,3,9,-6
115900252,1,2,-1
115900253,5,6,-1
115900254,6,22,-16
115900255,0,23,-23
115900256,17,112,-95
115900257,3,1,2
115900258,1,2,-1
115900259,8,5,3
115900260,5,3,2
115900261,11,2,9
115900262,8,1,7
115900263,24,0,24
115900264,7,1,6
115900265,1,4,-3
115900266,1,10,-9
115900267,2,9,-7
115900268,4,7,-3
115900269,392,147,245
115900270,230,129,101
115900271,118,0,118
115900272,20,5,15
115900273,3,20,-17
115900274,1,4,-3
115900275,0,1,-1
115900276,0,10,-10
115900277,0,43,-43
115900278,34,37,-3
115900279,22,121,-99
115900280,18,396,-378
115900281,113,285,-172
115900282,16,11,5
115900283,21,12,9
115900284,18,1,17
116000001,4082,1755,2327
116000002,3091,9032,-5941
116000003,685,816,-131
116000004,1967,3057,-1090
116000005,993,1912,-919
116000006,1773,2111,-338
116000007,1583,1586,-3
116000008,3120,2122,998
116000009,749,1038,-289
116000010,1885,1194,691
116000011,567,878,-311
116000012,1664,890,774
116000013,3448,2533,915
116000014,5674,11291,-5617
116000015,79,969,-890
116000016,2521,2798,-277
116000017,19,573,-554
116000018,467,146,321
116000019,459,210,249
116000020,417,783,-366
116000021,448,164,284
116000022,211,217,-6
116000023,774,582,192
116000024,353,510,-157
116000025,542,536,6
116000026,1156,2162,-1006
116000027,308,495,-187
116000028,333,783,-450
116000029,304,518,-214
116000030,462,418,44
116000031,97,214,-117
116000032,244,90,154
116000033,341,308,33
116000034,507,624,-117
116000035,357,393,-36
116000036,538,1464,-926
116000037,284,379,-95
116000038,158,577,-419
116000039,211,650,-439
116000040,255,571,-316
116000041,46,504,-458
116000042,623,319,304
116000043,36,361,-325
116000044,9,33,-24
116000045,1274,985,289
116000046,714,1168,-454
116000047,1171,1620,-449
116000048,1435,1291,144
116000049,1182,2685,-1503
116000050,1188,863,325
116000051,4271,2572,1699
116000052,4211,3869,342
116000053,1466,493,973
116000054,702,1839,-1137
116000055,651,655,-4
116000056,773,651,122
116000057,1816,911,905
116000058,2174,2029,145
116000059,1567,2764,-1197
116000060,1080,717,363
116000061,419,873,-454
116000062,328,266,62
116000063,417,1119,-702
116000066,194,426,-232
116000067,142,270,-128
116000068,97,252,-155
116000069,210,152,58
116000078,394,578,-184
116000080,1413,485,928
116000082,4,17,-13
116000083,1401,324,1077
116000084,926,1556,-630
116000085,1744,1532,212
116000086,1056,615,441
116000087,1966,1402,564
116000088,572,483,89
116000089,153,67,86
116000090,62,107,-45
116000091,185,255,-70
116000093,521,187,334
116000094,476,338,138
116000095,693,291,402
116000096,715,1151,-436
116000097,944,320,624
116000098,45,4819,-4774
116000099,2782,201,2581
116000100,195,16,179
116000101,685,274,411
116000102,177,532,-355
116000103,409,185,224
116000104,129,593,-464
116000105,915,89,826
116000106,458,611,-153
116000107,2157,252,1905
116000108,283,156,127
116000111,88,40,48
116000113,112,88,24
116000114,41,61,-20
116000115,262,89,173
116000116,135,161,-26
116000117,1054,908,146
116000118,1030,598,432
116000119,2415,1125,1290
116000120,2030,1791,239
116000121,690,391,299
116000122,859,708,151
116000123,852,398,454
116000124,252,379,-127
116000125,2235,481,1754
116000126,282,675,-393
116000127,640,542,98
116000128,1563,649,914
116000129,1128,188,940
116000130,602,442,160
116000133,969,535,434
116000134,1200,811,389
116000135,1998,928,1070
116000136,567,843,-276
116000137,821,400,421
116000138,795,459,336
116000139,946,1724,-778
116000140,96,176,-80
116000141,310,224,86
116000142,1952,1410,542
116000143,1497,1152,345
116000144,1126,1026,100
116000145,1539,642,897
116000146,647,60,587
116000147,113,108,5
116000148,531,569,-38
116000149,472,439,33
116000151,447,299,148
116000153,100,182,-82
116000155,91,183,-92
116000156,426,405,21
116000157,81,7,74
116000158,331,248,83
116000159,21,16,5
116000160,14,52,-38
116000161,5,52,-47
116000162,28,94,-66
116000163,25,9,16
116000164,3,49,-46
116000177,230,122,108
116000194,74,299,-225
116000195,989,404,585
116000196,15,1,14
116000197,7,14,-7
116000198,1449,701,748
116000200,407,420,-13
116000201,446,349,97
116000202,7,118,-111
116000203,2,44,-42
116000204,15,49,-34
116000205,0,98,-98
116000206,4,165,-161
116000207,6,38,-32
116000233,128,293,-165
116000287,108,208,-100
116000288,280,161,119
116000292,42,57,-15
116000296,18,78,-60
116000297,113,13,100
116000304,133,8,125
116000305,23,55,-32
116000346,121,57,64
116000352,94,33,61
116000354,25,11,14
116000357,4,12,-8
116000358,220,59,161
116000361,112,0,112
116000372,2209,3660,-1451
116000381,54,0,54
116000388,2,33,-31
116000389,471,254,217
116000445,449,239,210
116000446,581,198,383
116000447,26,432,-406
116000448,413,112,301
116000563,510,663,-153
116000565,17,172,-155
116000568,34,145,-111
116000579,11,74,-63
116000583,85,35,50
116000584,27,5,22
116000585,24,19,5
116000586,47,38,9
116000587,372,387,-15
116000589,17,29,-12
116000590,72,48,24
116000591,260,139,121
116000592,2,27,-25
116000593,0,12,-12
116000594,534,180,354
116000595,468,50,418
116000596,111,2,109
116000597,320,96,224
116000598,18,68,-50
116000605,111,75,36
116000606,57,241,-184
116000607,0,39,-39
116000609,88,766,-678
116000611,181,245,-64
116000612,940,1406,-466
116000613,534,226,308
116000614,283,216,67
116000615,3,296,-293
116000616,76,44,32
116000617,99,14,85
116000618,1,33,-32
116000619,32,51,-19
116000620,187,339,-152
116000621,66,43,23
116000622,44,106,-62
116000624,229,41,188
116000627,101,9,92
116000628,47,119,-72
116000629,17,90,-73
116000630,220,16,204
116000631,72,23,49
116000632,683,26,657
116000633,106,114,-8
116000634,281,52,229
116000635,1551,2201,-650
116000636,460,1162,-702
116000637,347,32,315
116000638,105,126,-21
116000639,115,2,113
116000640,31,11,20
116000641,17,56,-39
116000643,0,65,-65
116000644,19,166,-147
116000645,14,7,7
116900001,169,112,57
116900002,214,2,212
116900003,56,23,33
116900004,13,42,-29
116900005,229,36,193
116900006,61,67,-6
116900007,125,106,19
116900008,382,91,291
116900009,7,8,-1
116900010,706,509,197
116900011,16,7,9
116900012,302,190,112
116900013,3,54,-51
116900014,163,53,110
116900015,414,19,395
116900016,173,13,160
116900017,12,264,-252
116900018,45,28,17
116900019,2,87,-85
116900020,289,831,-542
116900023,77,5,72
116900024,447,20,427
116900025,894,332,562
116900026,39,357,-318
116900027,26,18,8
116900028,0,37,-37
116900029,1,38,-37
116900031,1,0,1
116900032,1,144,-143
116900033,18,2,16
116900034,4,24,-20
116900035,119,80,39
116900036,2,52,-50
116900038,46,0,46
116900041,16,1,15
116900042,278,128,150
116900043,15,30,-15
116900047,11,108,-97
116900049,35,146,-111
116900050,68,206,-138
116900051,117,38,79
116900052,108,27,81
116900055,0,2,-2
116900057,31,73,-42
116900058,16,191,-175
116900059,1,35,-34
116900060,101,141,-40
116900062,0,26,-26
116900064,74,206,-132
116900065,23,61,-38
116900067,66,26,40
116900068,85,126,-41
116900070,9,6,3
116900072,30,137,-107
116900073,18,44,-26
116900074,2,25,-23
116900076,6,35,-29
116900077,4,72,-68
116900078,144,34,110
116900079,45,83,-38
116900080,2,6,-4
116900081,213,617,-404
116900082,271,589,-318
116900083,21,23,-2
116900084,51,64,-13
116900085,38,62,-24
116900086,32,83,-51
116900088,184,26,158
116900090,43,15,28
116900091,189,14,175
116900092,76,295,-219
116900093,1328,913,415
116900094,1825,2740,-915
116900095,96,96,0
116900096,38,230,-192
116900097,1190,2359,-1169
116900098,454,312,142
116900099,293,501,-208
116900100,674,33,641
116900101,162,277,-115
116900103,4,0,4
116900104,39,64,-25
116900105,233,100,133
116900106,855,6,849
116900107,1095,1709,-614
116900110,18,5,13
116900111,562,196,366
116900112,214,314,-100
116900113,481,965,-484
116900116,56,697,-641
116900117,157,133,24
116900118,713,801,-88
116900120,286,32,254
116900121,169,12,157
116900122,811,291,520
116900123,144,204,-60
116900124,99,477,-378
116900125,288,86,202
116900126,54,312,-258
116900128,0,18,-18
116900129,1,135,-134
116900130,356,2099,-1743
116900131,47,155,-108
116900132,43,59,-16
116900133,89,45,44
116900134,118,86,32
116900136,208,279,-71
116900137,145,99,46
116900138,75,76,-1
116900139,81,190,-109
116900140,86,57,29
116900141,403,181,222
116900142,0,67,-67
116900143,253,116,137
116900144,24,59,-35
116900145,41,121,-80
116900147,185,815,-630
116900148,4,22,-18
116900149,46,267,-221
116900150,6,5,1
116900151,35,6,29
116900153,59,52,7
116900154,125,324,-199
116900155,53,41,12
116900157,405,85,320
116900158,63,203,-140
116900159,35,309,-274
116900160,561,720,-159
116900161,3111,5337,-2226
116900162,4,30,-26
116900163,184,44,140
116900164,52,60,-8
116900165,281,308,-27
116900166,30,22,8
116900167,296,29,267
116900168,292,30,262
116900169,213,711,-498
116900170,303,486,-183
116900171,17,61,-44
116900172,73,414,-341
116900173,174,23,151
116900174,74,30,44
116900175,115,199,-84
116900178,4,66,-62
116900179,45,303,-258
116900180,59,16,43
116900182,507,204,303
116900183,112,40,72
116900185,51,52,-1
116900186,39,79,-40
116900187,27,25,2
116900188,87,12,75
116900189,19,1,18
116900191,207,367,-160
116900192,254,54,200
116900194,116,1294,-1178
116900195,33,28,5
116900196,5,39,-34
116900197,102,6,96
116900198,66,230,-164
116900200,58,5,53
116900201,91,1,90
116900202,32,16,16
116900203,86,3,83
116900204,50,93,-43
116900206,42,9,33
116900207,15,15,0
116900208,12,21,-9
116900209,18,30,-12
116900210,431,217,214
116900211,154,1,153
116900212,84,20,64
116900213,119,34,85
116900214,101,51,50
116900215,20,29,-9
116900216,186,84,102
116900218,1,79,-78
116900219,726,166,560
116900220,124,107,17
116900221,58,141,-83
116900222,340,279,61
116900223,85,185,-100
116900226,68,47,21
116900227,143,23,120
116900228,210,88,122
116900230,49,95,-46
116900231,34,126,-92
116900232,25,166,-141
116900233,237,56,181
116900234,32,2,30
116900235,418,160,258
116900238,911,164,747
116900239,14,752,-738
116900240,2511,2108,403
116900241,84,49,35
116900242,356,496,-140
116900243,0,15,-15
116900245,24,18,6
116900246,118,7,111
116900247,896,37,859
116900248,73,24,49
116900249,252,24,228
116900250,307,24,283
116900251,222,469,-247
116900252,103,366,-263
116900254,22,73,-51
116900255,98,52,46
116900256,340,110,230
116900257,45,521,-476
116900258,7,86,-79
116900259,266,21,245
116900260,3,41,-38
116900261,64,2,62
116900262,175,116,59
116900263,0,19,-19
116900264,84,35,49
116900265,38,1,37
116900266,18,14,4
116900267,2,3,-1
116900268,40,14,26
116900269,273,635,-362
116900271,374,214,160
116900272,241,225,16
116900273,30,187,-157
116900274,103,37,66
116900275,114,50,64
116900276,206,120,86
116900277,153,29,124
116900278,4,6,-2
116900279,2,21,-19
116900280,26,6,20
116900281,2400,3414,-1014
116900282,3,26,-23
116900283,9,32,-23
116900284,8,85,-77
116900285,82,113,-31
116900286,70,14,56
116900287,2,26,-24
116900288,81,40,41
116900289,9,0,9
116900290,17,5,12
116900291,8,9,-1
116900292,0,19,-19
116900293,23,15,8
116900294,16,85,-69
116900295,90,126,-36
116900296,35,127,-92
116900297,4,118,-114
116900298,49,97,-48
116900299,9,58,-49
116900300,4,89,-85
116900301,20,339,-319
116900302,44,115,-71
116900303,55,84,-29
116900304,1,94,-93
116900305,10,15,-5
116900306,145,28,117
116900307,77,1,76
116900308,0,31,-31
116900309,50,16,34
116900310,12,40,-28
117000001,1673,1474,199
117000002,1399,2690,-1291
117000003,4108,2445,1663
117000004,1872,3125,-1253
117000005,1922,1496,426
117000006,770,1737,-967
117000007,3953,809,3144
117000008,575,1796,-1221
117000009,3504,1254,2250
117000010,1425,1830,-405
117000011,2031,1106,925
117000012,899,699,200
117000013,1559,632,927
117000014,925,1565,-640
117000015,1777,925,852
117000016,152,206,-54
117000017,127,307,-180
117000018,54,601,-547
117000019,65,33,32
117000020,344,1147,-803
117000021,891,510,381
117000022,174,217,-43
117000023,71,404,-333
117000024,84,338,-254
117000025,212,1560,-1348
117000026,1133,1724,-591
117000027,594,2624,-2030
117000028,770,1678,-908
117000030,289,351,-62
117000031,343,281,62
117000032,969,916,53
117000033,1041,523,518
117000034,311,212,99
117000035,297,311,-14
117000036,330,209,121
117000037,221,195,26
117000038,104,331,-227
117000039,305,164,141
117000040,210,383,-173
117000041,977,72,905
117000044,18,371,-353
117000045,441,69,372
117000046,281,683,-402
117000047,820,495,325
117000048,1102,501,601
117000049,53,306,-253
117000050,134,830,-696
117000051,1803,53,1750
117000052,40,210,-170
117000053,466,19,447
117000054,1428,10,1418
117000055,25,1194,-1169
117000056,539,18,521
117000057,380,1290,-910
117000060,350,682,-332
117000061,1515,743,772
117000062,173,438,-265
117000063,1414,804,610
117000064,408,467,-59
117000066,285,566,-281
117000067,39,475,-436
117000074,55,115,-60
117000076,109,34,75
117000077,66,101,-35
117000078,66,330,-264
117000079,254,150,104
117000080,1,210,-209
117000081,875,110,765
117000082,9,54,-45
117000083,631,205,426
117000084,134,7,127
117000085,228,522,-294
117000086,457,223,234
117000087,152,294,-142
117000088,243,80,163
117000089,1518,128,1390
117000090,161,559,-398
117000091,707,185,522
117000092,275,593,-318
117000093,1153,533,620
117000094,789,1288,-499
117000095,2786,568,2218
117000096,488,1253,-765
117000097,1408,665,743
117000098,1288,1868,-580
117000099,3326,803,2523
117000100,143,228,-85
117000101,88,479,-391
117000102,1722,635,1087
117000103,472,795,-323
117000104,1288,475,813
117000105,579,787,-208
117000106,1249,503,746
117000107,379,905,-526
117000108,1683,703,980
117000109,706,1229,-523
117000110,1292,931,361
117000111,2566,2533,33
117000112,2518,851,1667
117000113,104,87,17
117000114,190,146,44
117000115,73,47,26
117000116,155,176,-21
117000117,899,828,71
117000118,207,142,65
117000119,118,353,-235
117000120,61,729,-668
117000121,7,674,-667
117000122,322,735,-413
117000123,1446,40,1406
117000124,106,123,-17
117000125,86,458,-372
117000126,70,21,49
117000127,117,226,-109
117000128,85,591,-506
117000129,194,997,-803
117000130,121,0,121
117000131,0,92,-92
117000132,2220,25,2195
117000133,1646,48,1598
117000134,1,114,-113
117000135,8,91,-83
117000136,0,32,-32
117000137,159,96,63
117000138,1,453,-452
117000140,380,874,-494
117000141,1500,425,1075
117000181,210,149,61
117000182,870,575,295
117000195,105,367,-262
117000196,239,126,113
117000225,70,126,-56
117000226,6,200,-194
117000276,273,13,260
117000277,0,104,-104
117000310,783,1518,-735
117000315,86,489,-403
117000320,60,2,58
117000906,403,6,397
117000907,6,126,-120
117000909,41,29,12
117000910,183,85,98
117000911,65,93,-28
117000915,3,156,-153
117000916,59,2,57
117000917,986,22,964
117000918,118,54,64
117000919,0,11,-11
117000920,0,495,-495
117000921,0,456,-456
117000922,22,44,-22
117000924,361,513,-152
117000926,363,158,205
117000927,234,436,-202
117000928,0,107,-107
117000929,226,151,75
117000930,279,11,268
117000931,56,105,-49
117900002,38,318,-280
117900003,183,213,-30
117900005,24,142,-118
117900006,0,32,-32
117900007,77,38,39
117900008,0,13,-13
117900010,234,55,179
117900011,16,270,-254
117900012,59,36,23
117900013,1,99,-98
117900014,525,121,404
117900015,16,72,-56
117900016,537,565,-28
117900017,622,337,285
117900018,166,361,-195
117900019,462,141,321
117900020,33,374,-341
117900021,37,33,4
117900023,1212,75,1137
117900024,42,37,5
117900025,18,9,9
117900026,311,122,189
117900028,43,9,34
117900029,166,289,-123
117900031,89,226,-137
117900032,871,514,357
117900033,267,306,-39
117900034,46,22,24
117900035,350,118,232
117900036,225,158,67
117900037,161,78,83
117900038,35,93,-58
117900039,3,17,-14
117900040,122,135,-13
117900041,1,14,-13
117900042,1753,170,1583
117900043,6,12,-6
117900044,51,3108,-3057
117900045,72,75,-3
117900048,312,97,215
117900049,267,292,-25
117900050,10,206,-196
117900051,4,2,2
117900052,47,312,-265
117900053,1216,243,973
117900054,1,9,-8
117900055,534,137,397
117900056,28,84,-56
117900057,546,757,-211
117900058,33,62,-29
117900059,103,56,47
117900060,1867,2197,-330
117900061,25,226,-201
117900063,320,101,219
117900065,359,595,-236
117900066,4,50,-46
117900067,507,117,390
117900069,712,141,571
117900070,58,82,-24
117900071,61,67,-6
117900073,424,163,261
117900074,49,211,-162
117900075,43,57,-14
117900076,43,56,-13
117900077,348,168,180
117900078,245,591,-346
117900080,128,33,95
117900081,262,181,81
117900082,397,224,173
117900083,379,204,175
117900086,95,22,73
117900087,110,29,81
117900088,1521,925,596
117900089,1699,450,1249
117900090,436,226,210
117900091,93,61,32
117900092,39,35,4
117900093,124,22,102
117900094,26,27,-1
117900095,357,780,-423
117900096,121,140,-19
117900097,262,58,204
117900098,17,15,2
117900099,123,245,-122
117900100,286,4,282
117900101,473,1556,-1083
117900102,82,49,33
117900103,35,2,33
117900104,10,436,-426
117900105,86,71,15
117900106,70,28,42
117900107,26,0,26
117900109,597,268,329
117900110,116,0,116
117900111,428,27,401
117900112,56,9,47
117900113,914,1040,-126
117900114,18,0,18
117900115,77,175,-98
117900116,504,414,90
117900117,506,165,341
117900118,109,1,108
117900119,186,24,162
117900120,221,10,211
117900121,107,67,40
117900122,706,3016,-2310
117900123,545,171,374
117900124,422,304,118
117900125,1044,1357,-313
117900126,125,244,-119
117900127,357,157,200
117900128,241,185,56
117900129,48,0,48
117900130,704,294,410
117900131,0,62,-62
117900132,31,33,-2
117900133,10,31,-21
117900134,58,213,-155
117900135,12,83,-71
117900136,0,13,-13
117900137,12,106,-94
117900138,0,23,-23
117900139,97,57,40
117900140,3131,70,3061
117900141,97,128,-31
117900142,56,166,-110
117900144,35,426,-391
117900145,8,129,-121
117900146,89,104,-15
117900147,53,21,32
117900148,1507,1616,-109
117900149,109,87,22
117900150,29,15,14
117900151,29,55,-26
117900152,63,48,15
117900153,11,39,-28
117900154,371,381,-10
117900156,456,392,64
117900157,30,409,-379
117900158,179,149,30
117900160,614,610,4
117900161,1175,1000,175
117900162,413,302,111
117900163,14,407,-393
117900165,0,9,-9
117900166,57,383,-326
117900168,152,147,5
117900169,1,97,-96
117900170,0,19,-19
117900171,5,14,-9
117900172,14,8,6
117900173,95,75,20
117900174,27,47,-20
117900175,2,25,-23
117900176,1,11,-10
117900177,20,14,6
117900178,65,22,43
117900180,126,20,106
117900181,33,349,-316
117900182,3,28,-25
117900183,68,159,-91
117900184,33,71,-38
117900185,48,41,7
117900186,17,9,8
117900187,13,7,6
117900188,153,29,124
117900189,47,19,28
117900190,14,0,14
117900191,44,1,43
117900192,137,1,136
117900193,0,37,-37
117900194,2,5,-3
117900195,27,57,-30
117900196,23,20,3
117900207,64,92,-28
117900208,15,15,0
117900209,120,101,19
117900210,46,127,-81
117900211,1,59,-58
117900212,58,62,-4
117900213,31,9,22
117900214,10,15,-5
117900215,48,39,9
117900216,46,26,20
117900217,25,211,-186
117900218,70,99,-29
117900219,4,126,-122
117900220,52,119,-67
117900222,153,144,9
117900223,98,225,-127
118000001,450,1027,-577
118000002,294,1038,-744
118000003,1637,2542,-905
118000004,1279,1979,-700
118000005,1677,2782,-1105
118000006,1664,4377,-2713
118000007,2939,3509,-570
118000008,1174,2069,-895
118000009,1098,1760,-662
118000010,4343,2599,1744
118000011,1044,911,133
118000012,640,824,-184
118000013,1334,1206,128
118000014,1369,1168,201
118000016,188,239,-51
118000017,413,188,225
118000018,317,203,114
118000019,1082,1467,-385
118000020,559,1988,-1429
118000021,412,1908,-1496
118000022,724,404,320
118000023,420,214,206
118000024,448,674,-226
118000027,5526,6697,-1171
118000029,287,462,-175
118000032,237,2177,-1940
118000033,1670,4084,-2414
118000034,2435,2040,395
118000035,1498,2037,-539
118000036,536,901,-365
118000037,493,738,-245
118000038,168,50,118
118000039,60,119,-59
118000040,1029,836,193
118000041,1741,933,808
118000045,201,125,76
118000046,467,528,-61
118000047,348,1166,-818
118000048,855,1583,-728
118000051,800,1565,-765
118000052,446,744,-298
118000053,82,178,-96
118000054,1370,413,957
118000055,845,728,117
118000056,302,300,2
118000057,140,254,-114
118000058,1298,1972,-674
118000059,1077,1660,-583
118000060,844,496,348
118000061,1141,721,420
118000062,322,162,160
118000063,270,622,-352
118000064,391,969,-578
118000065,1163,962,201
118000066,807,1840,-1033
118000067,304,474,-170
118000068,599,4333,-3734
118000069,1121,753,368
118000070,2745,1134,1611
118000071,1409,4755,-3346
118000072,474,1252,-778
118000073,472,564,-92
118000074,292,334,-42
118000075,543,217,326
118000076,884,2501,-1617
118000077,807,1039,-232
118000078,1205,1897,-692
118000079,160,316,-156
118000080,514,727,-213
118000081,1143,1261,-118
118000082,203,925,-722
118000083,847,1324,-477
118000084,1777,1202,575
118000086,132,371,-239
118000087,2101,1495,606
118000088,877,1092,-215
118000089,2439,1708,731
118000090,676,1874,-1198
118000091,582,1967,-1385
118000092,661,357,304
118000093,37,554,-517
118000096,385,482,-97
118000097,549,628,-79
118000098,119,98,21
118000099,627,356,271
118000101,915,197,718
118000102,338,484,-146
118000107,921,261,660
118000108,313,1962,-1649
118000110,1,46,-45
118000111,1,98,-97
118000112,557,3,554
118000113,7,209,-202
118000114,376,4,372
118000115,2,7,-5
118000116,9,0,9
118000117,485,532,-47
118000118,555,1072,-517
118000119,631,933,-302
118000120,941,713,228
118000121,38,688,-650
118000122,547,310,237
118000123,40,213,-173
118000125,764,600,164
118000126,323,1172,-849
118000127,924,587,337
118000128,268,913,-645
118000129,726,286,440
118000130,1262,1556,-294
118000131,211,312,-101
118000132,2008,1532,476
118000133,963,362,601
118000135,330,405,-75
118000136,122,373,-251
118000137,385,46,339
118000138,289,285,4
118000139,304,37,267
118000140,2026,4285,-2259
118000141,1683,1169,514
118000142,1545,958,587
118000143,1904,989,915
118000144,715,405,310
118000145,1253,767,486
118000146,977,325,652
118000147,751,827,-76
118000148,583,684,-101
118000149,894,490,404
118000150,304,277,27
118000151,404,215,189
118000153,1105,700,405
118000154,1465,1150,315
118000155,1288,965,323
118000156,1153,1762,-609
118000157,362,223,139
118000158,194,303,-109
118000159,7,77,-70
118000160,398,327,71
118000161,487,349,138
118000162,1262,657,605
118000163,612,518,94
118000164,1291,1008,283
118000168,306,284,22
118000169,623,522,101
118000170,1797,1869,-72
118000171,261,242,19
118000172,63,132,-69
118000173,816,875,-59
118000175,190,301,-111
118000176,213,493,-280
118000177,183,532,-349
118000178,35,22,13
118000179,723,1074,-351
118000180,472,571,-99
118000181,491,203,288
118000182,230,205,25
118000183,205,235,-30
118000184,790,459,331
118000185,684,1069,-385
118000186,564,915,-351
118000187,1354,361,993
118000188,349,53,296
118000189,517,212,305
118000190,1,7,-6
118000191,12,5,7
118000192,21,60,-39
118000193,9,108,-99
118000194,762,499,263
118000195,165,1360,-1195
118000196,100,197,-97
118000197,79,99,-20
118000198,260,602,-342
118000199,199,370,-171
118000200,51,195,-144
118000201,178,454,-276
118000202,29,54,-25
118000203,285,656,-371
118000204,45,334,-289
118000205,153,217,-64
118000206,114,155,-41
118000207,0,27,-27
118000208,768,796,-28
118000209,1735,913,822
118000210,59,41,18
118000211,23,22,1
118000213,426,1675,-1249
118000214,206,410,-204
118000215,244,77,167
118000216,1829,724,1105
118000217,21,43,-22
118000218,83,29,54
118000219,182,143,39
118000220,3,27,-24
118000221,163,206,-43
118000222,22,5,17
118000223,21,32,-11
118000224,68,38,30
118000225,103,480,-377
118000226,569,126,443
118000227,467,299,168
118000228,41,178,-137
118000229,22,100,-78
118000230,77,132,-55
118000231,29,177,-148
118000232,591,285,306
118000233,911,428,483
118000234,327,80,247
118000236,188,155,33
118000237,94,129,-35
118000238,160,83,77
118000239,249,151,98
118000240,155,56,99
118000241,154,51,103
118000242,216,151,65
118000243,216,102,114
118000244,29,47,-18
118000246,2,29,-27
118000255,35,180,-145
118000256,94,125,-31
118000259,14,53,-39
118000260,149,57,92
118000261,28,7,21
118000263,35,68,-33
118000266,108,89,19
118000267,0,122,-122
118000268,127,0,127
118000270,61,4,57
118000271,176,136,40
118000272,84,17,67
118000273,133,43,90
118000274,58,129,-71
118000276,408,121,287
118000295,6,67,-61
118000298,95,117,-22
118000299,55,86,-31
118000301,0,84,-84
118000302,99,29,70
118000311,477,57,420
118000312,207,98,109
118000313,44,41,3
118000314,88,33,55
118000315,11,16,-5
118000316,624,272,352
118000325,42,9,33
118000326,15,17,-2
118000331,17,7,10
118000332,9,7,2
118000333,9,24,-15
118000335,279,0,279
118000336,0,104,-104
118000407,173,39,134
118000457,6,40,-34
118000465,698,2276,-1578
118000480,48,39,9
118000489,16,214,-198
118000490,9,81,-72
118000492,266,113,153
118000510,37,16,21
118000514,52,236,-184
118000515,348,496,-148
118000517,189,158,31
118000524,113,200,-87
118000525,363,425,-62
118000530,17,66,-49
118000531,275,133,142
118000532,227,110,117
118000533,209,83,126
118000534,340,200,140
118000535,253,117,136
118000536,67,527,-460
118000537,10,110,-100
118000538,29,56,-27
118000539,9,72,-63
118000540,117,68,49
118000541,107,30,77
118000542,69,123,-54
118000543,83,160,-77
118000546,33,17,16
118000553,0,0,0
118000560,667,1367,-700
118000562,38,76,-38
118000563,827,723,104
118000576,143,63,80
118000577,238,180,58
118000578,71,30,41
118000579,514,1005,-491
118000583,0,0,0
118000595,227,95,132
118000596,0,146,-146
118000597,128,142,-14
118000598,5,1,4
118000599,65,23,42
118000600,0,2,-2
118000601,2,0,2
118000602,2,3,-1
118000603,0,14,-14
118000605,30,64,-34
118000606,13,26,-13
118900001,224,724,-500
118900002,509,594,-85
118900003,204,17,187
118900004,45,15,30
118900005,47,5,42
118900006,91,1,90
118900007,7,0,7
118900008,732,23,709
118900009,48,20,28
118900010,47,3,44
118900011,95,21,74
118900012,270,131,139
118900013,380,128,252
118900015,118,23,95
118900016,3,3,0
118900017,71,236,-165
118900018,601,23,578
118900019,12,9,3
118900020,61,143,-82
118900021,90,205,-115
118900022,111,64,47
118900023,56,50,6
118900024,75,95,-20
118900025,29,20,9
118900026,50,27,23
118900027,272,88,184
118900028,153,60,93
118900029,199,305,-106
118900030,273,34,239
118900031,154,35,119
118900032,223,80,143
118900033,171,381,-210
118900034,100,23,77
118900035,94,68,26
118900036,879,342,537
118900037,213,282,-69
118900038,261,57,204
118900039,398,107,291
118900040,166,102,64
118900041,484,132,352
118900042,164,57,107
118900045,274,125,149
118900046,457,284,173
118900047,202,182,20
118900048,64,240,-176
118900049,45,33,12
118900050,22,10,12
118900051,26,90,-64
118900052,147,257,-110
118900053,13,75,-62
118900054,86,26,60
118900055,68,40,28
118900056,90,186,-96
118900057,533,319,214
118900058,223,171,52
118900059,16,47,-31
118900060,66,63,3
118900062,264,112,152
118900064,144,366,-222
118900065,30,77,-47
118900066,75,71,4
118900067,1635,2286,-651
118900068,1,113,-112
118900069,416,138,278
118900071,4,29,-25
118900072,295,202,93
118900073,122,64,58
118900074,91,37,54
118900075,53,8,45
118900076,133,70,63
118900077,156,110,46
118900078,5,2,3
118900079,29,58,-29
118900080,11,51,-40
118900081,50,20,30
118900082,955,121,834
118900083,7,7,0
118900084,7,7,0
118900085,481,372,109
118900086,25,55,-30
118900087,26,241,-215
118900088,4,3,1
118900089,14,11,3
118900090,446,158,288
118900091,80,138,-58
118900092,89,37,52
118900093,33,11,22
118900096,89,137,-48
118900097,184,216,-32
118900099,39,89,-50
118900100,54,100,-46
118900101,50,90,-40
118900102,17,67,-50
118900103,20,72,-52
118900104,116,40,76
118900105,77,34,43
118900107,56,36,20
118900108,65,28,37
118900110,560,433,127
118900111,451,244,207
118900112,57,136,-79
118900113,200,156,44
118900114,4,47,-43
118900115,38,229,-191
118900116,109,183,-74
118900117,108,182,-74
118900118,211,207,4
118900119,195,123,72
118900120,66,222,-156
118900121,5,51,-46
118900122,10,683,-673
118900123,170,136,34
118900124,57,117,-60
118900126,7,270,-263
118900129,204,105,99
118900130,27,120,-93
118900131,247,76,171
118900132,166,133,33
118900133,6,57,-51
118900135,126,118,8
118900136,177,244,-67
118900137,16,51,-35
118900139,261,107,154
118900140,399,312,87
118900141,36,33,3
118900144,119,154,-35
118900145,28,38,-10
118900146,266,307,-41
118900147,97,151,-54
118900148,47,20,27
118900150,259,399,-140
118900152,365,309,56
118900157,36,99,-63
118900158,96,20,76
118900159,6,69,-63
118900161,42,3,39
118900163,22,38,-16
118900164,2,31,-29
118900165,28,40,-12
118900166,44,1,43
118900167,32,47,-15
118900168,35,143,-108
118900169,75,100,-25
118900170,86,35,51
118900171,17,24,-7
118900174,35,21,14
118900175,361,302,59
118900176,138,202,-64
118900177,46,31,15
118900178,24,85,-61
118900179,42,12,30
118900181,56,36,20
118900182,19,15,4
118900183,20,59,-39
118900184,158,57,101
118900185,159,37,122
118900186,87,86,1
118900187,130,202,-72
118900188,168,200,-32
118900189,32,581,-549
118900190,10,167,-157
118900191,134,18,116
118900192,202,7,195
118900193,483,1,482
118900195,119,224,-105
118900196,20,105,-85
118900197,142,26,116
118900198,51,9,42
118900199,65,16,49
118900200,17,19,-2
118900201,9,24,-15
118900202,7,12,-5
118900203,12,4,8
118900204,2,6,-4
118900205,2,1,1
118900206,2,1,1
119000001,994,1600,-606
119000002,2655,2795,-140
119000003,2041,505,1536
119000004,1723,940,783
119000005,1333,1381,-48
119000006,2442,1142,1300
119000007,2298,2062,236
119000008,1284,1005,279
119000009,2220,3930,-1710
119000010,3139,2714,425
119000011,1665,1600,65
119000012,819,1674,-855
119000013,2009,1246,763
119000014,916,1352,-436
119000019,136,81,55
119000020,1613,990,623
119000021,3687,2161,1526
119000022,829,1821,-992
119000023,233,159,74
119000024,987,9114,-8127
119000025,2161,556,1605
119000026,37,252,-215
119000027,73,179,-106
119000028,1002,313,689
119000029,50,122,-72
119000030,362,458,-96
119000031,643,369,274
119000032,1165,1235,-70
119000033,1463,790,673
119000034,742,444,298
119000035,38,175,-137
119000036,1571,406,1165
119000037,1015,659,356
119000038,117,293,-176
119000039,311,157,154
119000040,454,359,95
119000041,383,780,-397
119000048,1564,1160,404
119000049,1605,894,711
119000050,961,984,-23
119000051,1595,709,886
119000052,1368,1653,-285
119000053,1135,676,459
119000054,2414,1467,947
119000055,3784,1911,1873
119000056,2259,1268,991
119000057,1089,877,212
119000058,1225,774,451
119000059,804,799,5
119000060,1100,622,478
119000061,708,457,251
119000062,730,792,-62
119000063,464,281,183
119000064,497,524,-27
119000065,1369,2021,-652
119000066,1284,807,477
119000067,1325,1030,295
119000068,1229,640,589
119000069,1331,1111,220
119000070,1781,502,1279
119000071,305,334,-29
119000072,2739,1726,1013
119000073,2190,4629,-2439
119000074,964,1013,-49
119000075,2269,1274,995
119000076,199,744,-545
119000077,361,425,-64
119000078,278,174,104
119000079,109,417,-308
119000080,415,86,329
119000081,146,178,-32
119000082,469,155,314
119000083,483,283,200
119000084,250,209,41
119000085,349,105,244
119000086,211,478,-267
119000087,658,311,347
119000088,179,181,-2
119000089,57,181,-124
119000090,78,37,41
119000091,69,235,-166
119000092,218,109,109
119000093,2409,1501,908
119000094,2806,3150,-344
119000095,1485,1842,-357
119000097,1200,659,541
119000098,903,2073,-1170
119000099,1674,824,850
119000100,2888,2235,653
119000101,2354,1022,1332
119000102,536,1227,-691
119000103,997,487,510
119000104,1061,673,388
119000105,582,1670,-1088
119000106,280,544,-264
119000107,737,344,393
119000108,260,353,-93
119000109,122,377,-255
119000110,194,308,-114
119000111,37,600,-563
119000112,112,88,24
119000113,923,195,728
119000114,843,644,199
119000115,128,94,34
119000116,72,60,12
119000117,110,216,-106
119000118,4,1,3
119000123,2666,1930,736
119000124,727,129,598
119000125,3508,334,3174
119000126,1201,376,825
119000127,531,250,281
119000128,7,2,5
119000131,754,255,499
119000132,0,0,0
119000133,0,0,0
119000134,996,328,668
119000135,189,116,73
119000136,245,63,182
119000137,294,132,162
119000138,539,114,425
119000139,136,70,66
119000140,185,263,-78
119000284,743,1298,-555
119000285,1124,1055,69
119000286,2765,2249,516
119000287,1094,1072,22
119000288,1310,550,760
119000289,810,1213,-403
119000290,137,180,-43
119000291,16,101,-85
119000293,119,93,26
119000294,40,17,23
119000295,644,121,523
119000296,241,116,125
119000302,1110,697,413
119000303,41,121,-80
119000314,883,8215,-7332
119000315,0,126,-126
119000316,150,49,101
119000317,87,101,-14
119000319,579,63,516
119900001,116,1012,-896
119900002,157,122,35
119900003,11,399,-388
119900004,162,1149,-987
119900005,175,58,117
119900006,134,229,-95
119900007,605,174,431
119900008,245,78,167
119900009,319,254,65
119900010,355,489,-134
119900011,12,106,-94
119900012,9,73,-64
119900013,1483,1051,432
119900014,244,117,127
119900015,127,21,106
119900016,27,48,-21
119900017,21,54,-33
119900018,950,690,260
119900019,39,5,34
119900020,106,142,-36
119900021,83,49,34
119900022,44,602,-558
119900023,204,1651,-1447
119900025,182,16,166
119900026,331,132,199
119900027,15,17,-2
119900028,155,83,72
119900029,3,2,1
119900030,279,286,-7
119900031,16,391,-375
119900033,1186,204,982
119900034,403,40,363
119900037,121,5,116
119900038,28,225,-197
119900039,25,4,21
119900040,84,11,73
119900041,136,10,126
119900042,158,229,-71
119900043,115,107,8
119900044,104,685,-581
119900046,108,25,83
119900047,346,69,277
119900049,100,5,95
119900050,37,99,-62
119900051,763,12,751
119900052,59,11,48
119900053,205,100,105
119900054,201,5,196
119900055,892,376,516
119900057,264,15,249
119900058,215,7,208
119900059,53,21,32
119900060,195,14,181
119900061,259,5,254
119900062,51,5,46
119900063,1,54,-53
119900065,156,8,148
119900067,99,8,91
119900068,458,6,452
119900069,50,7,43
119900070,690,7,683
119900071,416,13,403
119900073,1058,402,656
119900074,40,7,33
119900075,1425,1498,-73
119900076,56,19,37
119900077,737,268,469
119900078,477,393,84
119900079,336,75,261
119900080,243,135,108
119900081,587,15,572
119900082,819,88,731
119900083,225,37,188
119900084,309,220,89
119900085,16,13,3
119900086,268,417,-149
119900087,417,229,188
119900088,12,16,-4
119900089,31,160,-129
119900090,43,22,21
119900091,46,280,-234
119900092,24,190,-166
119900093,695,118,577
119900094,12,144,-132
119900095,120,74,46
119900096,28,56,-28
119900097,213,124,89
119900098,16,19,-3
119900099,12,58,-46
119900100,784,1988,-1204
119900101,100,858,-758
119900102,52,108,-56
119900103,26,107,-81
119900104,16,64,-48
119900105,366,1869,-1503
119900106,12,59,-47
119900107,132,941,-809
119900108,2262,371,1891
119900109,11,51,-40
119900110,511,225,286
119900111,206,170,36
119900112,513,449,64
119900113,28,120,-92
119900114,207,547,-340
119900115,221,470,-249
119900116,51,296,-245
119900117,227,251,-24
119900118,65,360,-295
119900119,168,115,53
119900120,297,238,59
119900121,408,341,67
119900122,177,158,19
119900123,117,230,-113
119900124,173,297,-124
119900125,23,115,-92
119900126,1643,101,1542
119900127,985,536,449
119900128,270,334,-64
119900129,204,177,27
119900130,9,114,-105
119900131,26,85,-59
119900132,11,128,-117
119900133,39,83,-44
119900134,513,90,423
119900135,0,143,-143
119900136,104,153,-49
119900138,205,240,-35
119900139,37,171,-134
119900140,0,79,-79
119900141,30,550,-520
119900142,0,15,-15
119900143,9,104,-95
119900144,753,111,642
119900145,63,73,-10
119900146,121,119,2
119900147,1,77,-76
119900148,141,35,106
119900149,322,2943,-2621
119900150,91,64,27
119900151,780,304,476
119900152,95,116,-21
119900153,124,30,94
119900154,30,190,-160
119900155,19,28,-9
119900156,21,5,16
119900157,103,82,21
119900158,149,37,112
119900159,2,357,-355
119900160,13,37,-24
119900161,101,48,53
119900162,617,539,78
119900163,57,95,-38
119900164,2,3,-1
119900165,110,54,56
119900166,35,34,1
119900167,22,20,2
119900168,844,203,641
119900169,29,130,-101
119900170,87,147,-60
119900171,962,291,671
119900172,48,18,30
119900173,4,101,-97
119900174,1,37,-36
119900175,1106,293,813
119900177,8,89,-81
119900178,3,52,-49
119900179,67,436,-369
119900180,821,652,169
119900181,22,81,-59
119900182,1,82,-81
119900183,61,365,-304
119900184,597,227,370
119900185,31,169,-138
119900186,10,791,-781
119900187,4,99,-95
119900188,82,181,-99
119900189,197,209,-12
119900190,72,219,-147
119900191,109,208,-99
119900192,34,112,-78
119900193,272,79,193
119900194,15,62,-47
119900195,8,67,-59
119900196,282,107,175
119900197,159,107,52
119900198,218,210,8
119900199,90,11,79
119900200,542,555,-13
119900201,102,83,19
119900202,69,199,-130
119900203,127,391,-264
119900204,253,165,88
119900205,593,232,361
119900206,186,123,63
119900208,173,170,3
119900209,355,881,-526
119900210,26,6,20
119900211,59,2,57
119900212,754,272,482
119900213,11,58,-47
119900214,24,33,-9
119900215,38,24,14
119900216,16,23,-7
119900217,19,19,0
119900218,27,66,-39
119900219,8,40,-32
119900220,6,36,-30
119900221,37,73,-36
119900222,4,62,-58
119900223,5,20,-15
119900224,21,12,9
119900225,262,18,244
119900226,134,1022,-888
119900227,265,133,132
119900228,300,185,115
119900229,192,162,30
119900230,752,227,525
119900231,275,76,199
119900232,96,85,11
119900233,37,5,32
119900234,11,34,-23
119900235,3,16,-13
119900236,47,69,-22
119900237,41,136,-95
119900238,3,32,-29
119900240,75,69,6
119900241,112,97,15
119900242,569,736,-167
119900244,300,796,-496
119900245,95,90,5
119900246,152,427,-275
119900247,12,111,-99
119900248,42,233,-191
119900249,168,66,102
119900253,682,241,441
119900254,59,622,-563
119900255,95,735,-640
119900256,577,258,319
119900257,71,2,69
119900258,131,3,128
119900259,17,43,-26
119900260,62,0,62
119900261,436,248,188
119900262,0,88,-88
119900263,884,200,684
119900264,115,60,55
119900265,453,252,201
119900266,320,107,213
119900267,177,245,-68
119900268,171,71,100
119900269,975,451,524
119900271,15,38,-23
119900272,247,269,-22
119900275,110,0,110
119900276,103,5,98
119900277,14,2,12
119900278,109,69,40
119900279,70,134,-64
119900280,265,73,192
119900281,2,187,-185
119900282,18,100,-82
119900283,30,99,-69
119900284,18,112,-94
119900285,7,65,-58
119900286,0,17,-17
119900288,1,10,-9
119900289,0,5,-5
119900290,6,0,6
119900291,0,35,-35
119900292,27,39,-12
119900293,19,51,-32
119900294,23,43,-20
119900295,27,29,-2
119900296,50,85,-35
119900297,1,12,-11
119900298,3,3,0
119900299,88,69,19
119900300,241,91,150
119900301,36,54,-18
119900302,18,38,-20
119900303,184,123,61
119900304,91,15,76
119900305,2,36,-34
119900306,17,1,16
119900307,28,14,14
119900308,1,6,-5
119900309,12,99,-87
119900310,154,168,-14
119900311,70,31,39
119900312,102,16,86
119900313,202,133,69
119900314,142,213,-71
119900315,1785,765,1020
119900318,10,43,-33
119900319,1,97,-96
119900320,127,201,-74
119900321,67,1,66
120000001,3936,14256,-10320
120000002,1967,1549,418
120000003,1651,1103,548
120000004,1758,990,768
120000005,1845,1104,741
120000006,841,762,79
120000007,1970,2360,-390
120000008,704,813,-109
120000009,1266,643,623
120000010,1578,1691,-113
120000011,807,1054,-247
120000012,1179,1191,-12
120000013,2330,1661,669
120000014,524,847,-323
120000015,1868,968,900
120000016,2922,1689,1233
120000017,3197,1996,1201
120000018,2043,9925,-7882
120000019,895,1037,-142
120000020,1972,2481,-509
120000021,1261,1797,-536
120000022,1906,3036,-1130
120000023,1091,1317,-226
120000024,800,1896,-1096
120000025,2043,1392,651
120000026,2102,1279,823
120000027,1729,1483,246
120000028,659,2527,-1868
120000029,754,1271,-517
120000030,810,561,249
120000031,1213,2834,-1621
120000032,3340,2333,1007
120000033,3228,1167,2061
120000034,1884,943,941
120000035,1919,1199,720
120000036,2881,3779,-898
120000037,478,1138,-660
120000038,2804,2382,422
120000039,523,688,-165
120000040,204,945,-741
120000041,473,822,-349
120000042,1456,990,466
120000043,3025,771,2254
120000044,4047,1010,3037
120000045,5448,724,4724
120000046,3708,1924,1784
120000047,371,4197,-3826
120000048,4507,2938,1569
120000049,2687,2421,266
120000050,2721,2693,28
120000051,1744,2432,-688
120000052,4804,1161,3643
120000053,1417,1191,226
120000054,1238,1994,-756
120000055,1247,2475,-1228
120000056,2949,2151,798
120000057,2694,1312,1382
120000058,939,2195,-1256
120000059,2,1112,-1110
120000061,105,260,-155
120000062,84,212,-128
120000063,630,1201,-571
120000064,163,527,-364
120000065,635,872,-237
120000066,145,286,-141
120000067,28,254,-226
120000068,207,341,-134
120000069,440,372,68
120000070,65,314,-249
120000071,453,67,386
120000072,693,346,347
120000073,752,89,663
120000074,88,89,-1
120000075,653,210,443
120000076,2123,394,1729
120000077,1546,517,1029
120000078,2083,956,1127
120000079,497,256,241
120000080,301,267,34
120000081,296,164,132
120000082,396,294,102
120000083,156,690,-534
120000084,269,225,44
120000085,225,252,-27
120000086,246,305,-59
120000087,191,253,-62
120000088,738,690,48
120000089,897,300,597
120000090,611,324,287
120000091,1026,581,445
120000092,1018,391,627
120000093,374,384,-10
120000094,152,560,-408
120000095,571,220,351
120000096,210,384,-174
120000098,651,321,330
120000099,271,375,-104
120000100,548,408,140
120000101,611,383,228
120000102,577,766,-189
120000103,1272,784,488
120000104,1736,409,1327
120000105,2652,635,2017
120000106,2270,661,1609
120000107,3664,530,3134
120000108,1420,97,1323
120000109,996,58,938
120000110,58,592,-534
120000111,114,576,-462
120000112,562,1256,-694
120000113,506,1066,-560
120000114,744,1246,-502
120000115,301,1114,-813
120000116,474,1114,-640
120000117,619,901,-282
120000118,58,36,22
120000119,24,55,-31
120000120,58,91,-33
120000121,42,40,2
120000122,176,387,-211
120000123,1693,5123,-3430
120000124,399,297,102
120000125,461,294,167
120000126,195,726,-531
120000127,1044,1356,-312
120000128,1731,3581,-1850
120000129,141,194,-53
120000130,691,449,242
120000131,324,442,-118
120000134,257,326,-69
120000135,548,385,163
120000137,175,368,-193
120000138,971,190,781
120000139,196,248,-52
120000140,832,208,624
120000141,304,323,-19
120000142,792,339,453
120000143,1,50,-49
120000144,111,3,108
120000145,390,5,385
120000146,648,720,-72
120000149,365,558,-193
120000150,1382,8059,-6677
120000151,346,220,126
120000152,427,102,325
120000153,160,223,-63
120000154,364,373,-9
120000155,157,265,-108
120000156,744,1019,-275
120000157,668,431,237
120000158,795,409,386
120000159,1602,1406,196
120000160,1731,1248,483
120000161,2089,1522,567
120000162,76,225,-149
120000163,685,584,101
120000164,588,192,396
120000165,492,348,144
120000166,1054,285,769
120000167,141,106,35
120000168,6,440,-434
120000169,34,1446,-1412
120000170,19,1627,-1608
120000171,17,606,-589
120000172,15,609,-594
120000173,461,2170,-1709
120000174,100,46,54
120000175,53,73,-20
120000176,39,32,7
120000177,475,67,408
120000178,37,16,21
120000179,48,37,11
120000180,190,37,153
120000181,43,847,-804
120000182,30,717,-687
120000183,3,322,-319
120000184,184,785,-601
120000186,30,1363,-1333
120000187,23,533,-510
120000188,44,682,-638
120000190,170,53,117
120000191,241,77,164
120000192,215,40,175
120000193,77,3,74
120000195,26,0,26
120000196,64,12,52
120000197,31,21,10
120000198,185,19,166
120000199,54,2,52
120000200,268,1,267
120000201,24,32,-8
120000202,6,21,-15
120000203,55,130,-75
120000207,2,27,-25
120000208,10,70,-60
120000209,6,44,-38
120000210,51,39,12
120000211,166,3,163
120000212,234,0,234
120000213,136,96,40
120000214,0,112,-112
120000215,1,55,-54
120000216,96,21,75
120000217,213,683,-470
120000218,54,457,-403
120000219,1,243,-242
120000220,2,660,-658
120000225,1796,2,1794
120000226,377,5,372
120000227,721,56,665
120000228,9114,2679,6435
120000230,397,14,383
120000231,1244,860,384
120000233,267,2,265
120000235,246,346,-100
120000236,786,0,786
120000237,1,527,-526
120000238,2,1179,-1177
120000241,810,2478,-1668
120000412,163,1,162
120000413,237,35,202
120000414,136,1,135
120000415,0,12,-12
120000416,146,3,143
120000417,5,174,-169
120000418,137,6,131
120000419,3,52,-49
120000420,202,57,145
120000421,4573,3015,1558
120000422,54,1349,-1295
120000423,3,65,-62
120000424,124,78,46
120000436,89,674,-585
120000437,80,78,2
120000438,1345,189,1156
120000439,215,464,-249
120000443,187,2,185
120000444,1304,246,1058
120000445,1851,927,924
120000446,869,346,523
120000447,151,1,150
120000449,95,0,95
120000450,1,74,-73
120000451,81,131,-50
120000452,172,2,170
120000453,0,41,-41
120000454,64,70,-6
120000455,67,28,39
120000456,1729,2810,-1081
120000457,358,285,73
120000458,349,376,-27
120000459,62,55,7
120000665,270,266,4
120000668,109,1225,-1116
120000669,109,172,-63
120000670,75,1123,-1048
120000671,1367,428,939
120000672,70,407,-337
120900001,70,95,-25
120900002,68,266,-198
120900003,122,6,116
120900004,7,69,-62
120900005,13,599,-586
120900006,391,125,266
120900007,162,42,120
120900008,242,468,-226
120900009,296,13,283
120900010,371,135,236
120900011,52,163,-111
120900012,55,802,-747
120900013,297,77,220
120900014,1,162,-161
120900015,859,103,756
120900016,901,31,870
120900017,1054,17,1037
120900018,90,230,-140
120900019,483,371,112
120900020,578,928,-350
120900021,641,142,499
120900022,20,245,-225
120900023,323,222,101
120900024,1033,333,700
120900025,1039,798,241
120900026,76,60,16
120900027,521,10,511
120900028,372,119,253
120900029,52,611,-559
120900030,1485,484,1001
120900031,250,127,123
120900032,1137,104,1033
120900033,885,107,778
120900034,23,2254,-2231
120900035,19,24,-5
120900037,251,7,244
120900038,84,359,-275
120900039,69,36,33
120900040,330,5,325
120900041,51,22,29
120900042,597,36,561
120900043,57,32,25
120900044,8,203,-195
120900045,154,40,114
120900046,568,2,566
120900047,170,96,74
120900048,110,27,83
120900049,437,0,437
120900050,873,1393,-520
120900051,393,50,343
120900052,617,6,611
120900053,244,15,229
120900054,947,258,689
120900055,404,0,404
120900056,655,30,625
120900057,179,12,167
120900058,607,2,605
120900059,99,3,96
120900060,43,10,33
120900061,187,110,77
120900062,211,5,206
120900063,851,5,846
120900064,711,1,710
120900065,631,3,628
120900066,185,126,59
120900067,129,38,91
120900068,325,1,324
120900069,329,24,305
120900071,11,0,11
120900072,922,3,919
120900073,632,24,608
120900074,428,9,419
120900076,292,0,292
120900077,1061,71,990
120900078,739,512,227
120900079,620,36,584
120900080,986,640,346
120900081,1146,92,1054
120900082,291,302,-11
120900083,70,6,64
120900084,334,529,-195
120900085,69,109,-40
120900086,62,298,-236
120900087,378,356,22
120900088,99,464,-365
120900089,1253,2436,-1183
120900090,158,14,144
120900091,398,855,-457
120900092,567,200,367
120900093,888,99,789
120900094,256,72,184
120900095,176,6,170
120900096,28,133,-105
120900097,431,257,174
120900098,140,86,54
120900099,50,46,4
120900100,31,140,-109
120900101,236,114,122
120900102,50,33,17
120900103,28,121,-93
120900104,8,31,-23
120900105,39,240,-201
120900106,626,217,409
120900107,120,79,41
120900108,4,198,-194
120900109,23,247,-224
120900110,18,164,-146
120900111,132,155,-23
120900112,10,311,-301
120900113,21,282,-261
120900114,20,81,-61
120900115,85,233,-148
120900116,294,99,195
120900117,6,183,-177
120900118,4,266,-262
120900119,5643,1808,3835
120900120,25,216,-191
120900121,42,213,-171
120900122,445,151,294
120900123,8,142,-134
120900124,0,221,-221
120900125,0,226,-226
120900126,886,470,416
120900127,4,197,-193
120900128,689,845,-156
120900129,34,179,-145
120900130,7,111,-104
120900131,109,64,45
120900132,1055,66,989
120900133,79,267,-188
120900134,324,222,102
120900135,7,279,-272
120900136,46,55,-9
120900137,194,40,154
120900138,18,79,-61
120900139,2,299,-297
120900140,3,49,-46
120900141,95,95,0
120900142,9,146,-137
120900143,0,325,-325
120900144,0,49,-49
120900145,324,562,-238
120900146,0,329,-329
120900147,52,296,-244
120900148,93,54,39
120900149,0,94,-94
120900150,37,277,-240
120900151,58,214,-156
120900152,232,6,226
120900153,0,0,0
120900154,0,98,-98
120900155,153,375,-222
120900156,242,196,46
120900157,0,0,0
120900158,64,185,-121
120900159,1,17,-16
120900160,18,364,-346
120900161,89,185,-96
120900162,89,381,-292
120900163,191,656,-465
120900164,0,126,-126
120900165,9,722,-713
120900166,61,507,-446
120900167,98,55,43
120900169,77,126,-49
120900170,350,2630,-2280
120900171,321,101,220
120900172,225,1377,-1152
120900173,1,25,-24
120900174,4,57,-53
120900175,104,92,12
120900176,8,214,-206
120900177,1,940,-939
120900178,1,354,-353
120900179,388,245,143
120900180,57,134,-77
120900181,59,31,28
120900182,15,98,-83
120900183,401,34,367
120900184,160,35,125
120900185,610,863,-253
120900186,0,179,-179
120900187,261,623,-362
120900188,145,3,142
120900189,72,1741,-1669
120900190,78,4,74
120900191,14,11,3
120900192,3752,7847,-4095
120900194,31,32,-1
120900195,88,102,-14
120900196,290,33,257
120900197,617,140,477
120900198,138,289,-151
120900199,272,348,-76
120900200,21,79,-58
120900201,226,83,143
120900202,0,54,-54
120900203,26,48,-22
120900204,74,171,-97
120900205,81,6,75
120900206,24,34,-10
120900207,41,507,-466
121000001,373,824,-451
121000002,1393,1075,318
121000003,2180,1025,1155
121000004,1483,2023,-540
121000005,1023,1703,-680
121000006,1960,1660,300
121000007,1407,3253,-1846
121000008,2776,3095,-319
121000009,2405,4208,-1803
121000010,4034,3678,356
121000011,3632,6567,-2935
121000012,7126,4629,2497
121000013,3528,4625,-1097
121000014,3823,3569,254
121000015,2693,5622,-2929
121000016,2707,2562,145
121000017,897,1488,-591
121000018,1459,979,480
121000019,6062,5522,540
121000020,6390,10617,-4227
121000021,1249,1201,48
121000022,1669,2032,-363
121000023,2111,967,1144
121000024,3150,3059,91
121000025,211,845,-634
121000026,204,138,66
121000027,902,796,106
121000028,517,364,153
121000029,484,354,130
121000030,403,266,137
121000031,396,548,-152
121000032,118,123,-5
121000034,215,265,-50
121000035,122,125,-3
121000036,656,663,-7
121000037,273,628,-355
121000038,231,563,-332
121000039,91,207,-116
121000041,336,259,77
121000042,165,266,-101
121000043,446,436,10
121000044,902,731,171
121000045,295,148,147
121000046,579,596,-17
121000047,227,170,57
121000049,774,474,300
121000050,183,1287,-1104
121000051,388,184,204
121000052,250,742,-492
121000053,267,86,181
121000054,27,251,-224
121000055,580,1363,-783
121000056,494,730,-236
121000057,191,404,-213
121000058,174,161,13
121000059,1861,911,950
121000060,394,730,-336
121000061,50,261,-211
121000062,113,345,-232
121000063,510,789,-279
121000064,435,732,-297
121000065,148,444,-296
121000066,437,568,-131
121000067,211,349,-138
121000068,302,257,45
121000069,89,527,-438
121000070,1008,840,168
121000071,1109,1132,-23
121000072,1042,594,448
121000073,870,908,-38
121000074,133,180,-47
121000075,15,98,-83
121000076,261,132,129
121000077,80,147,-67
121000078,67,99,-32
121000080,1145,401,744
121000081,1544,2460,-916
121000082,70,239,-169
121000083,92,95,-3
121000084,149,130,19
121000085,186,312,-126
121000086,387,467,-80
121000087,52,137,-85
121000088,360,334,26
121000089,135,227,-92
121000090,143,289,-146
121000091,692,509,183
121000092,136,63,73
121000093,121,142,-21
121000094,224,429,-205
121000095,181,604,-423
121000096,2636,1505,1131
121000097,346,1373,-1027
121000098,394,440,-46
121000099,518,431,87
121000100,640,232,408
121000101,232,115,117
121000102,141,142,-1
121000103,104,77,27
121000104,180,57,123
121000105,284,130,154
121000106,201,140,61
121000107,1124,1827,-703
121000109,620,562,58
121000110,110,548,-438
121000114,2416,1653,763
121000115,1441,683,758
121000116,166,657,-491
121000117,220,263,-43
121000118,1126,144,982
121000119,209,210,-1
121000120,174,374,-200
121000121,254,1061,-807
121000123,632,421,211
121000127,117,69,48
121000128,710,176,534
121000129,705,290,415
121000130,463,407,56
121000131,697,931,-234
121000132,569,808,-239
121000135,144,166,-22
121000136,730,763,-33
121000137,336,217,119
121000138,472,1062,-590
121000139,335,540,-205
121000141,151,118,33
121000142,400,617,-217
121000143,69,10,59
121000144,256,837,-581
121000145,390,669,-279
121000146,926,855,71
121000147,704,397,307
121000148,555,720,-165
121000149,1475,1152,323
121000152,298,290,8
121000153,1106,396,710
121000154,889,358,531
121000155,1143,768,375
121000156,274,618,-344
121000157,480,818,-338
121000158,291,259,32
121000159,131,272,-141
121000160,224,217,7
121000161,175,176,-1
121000162,86,72,14
121000165,619,1310,-691
121000166,14,253,-239
121000168,213,196,17
121000169,40,86,-46
121000170,273,59,214
121000171,56,113,-57
121000172,596,523,73
121000173,979,858,121
121000174,377,415,-38
121000175,913,269,644
121000176,324,220,104
121000177,488,371,117
121000178,52,49,3
121000179,26,65,-39
121000181,335,263,72
121000182,84,233,-149
121000183,91,82,9
121000184,19,73,-54
121000185,10,167,-157
121000186,139,368,-229
121000187,156,85,71
121000188,133,77,56
121000192,554,327,227
121000193,451,264,187
121000194,1168,1191,-23
121000195,149,624,-475
121000196,439,232,207
121000197,98,529,-431
121000198,131,120,11
121000199,73,176,-103
121000200,381,65,316
121000201,5,102,-97
121000202,493,81,412
121000203,420,1150,-730
121000204,1937,461,1476
121000205,49,153,-104
121000206,67,39,28
121000207,1297,857,440
121000208,1,209,-208
121000209,240,58,182
121000210,541,177,364
121000211,211,70,141
121000212,317,286,31
121000213,9165,1744,7421
121000214,592,1245,-653
121000215,671,987,-316
121000216,301,322,-21
121000217,2260,1990,270
121000218,263,1115,-852
121000219,1081,432,649
121000220,65,51,14
121000221,74,214,-140
121000222,1662,1591,71
121000223,172,585,-413
121000224,150,349,-199
121000225,437,1804,-1367
121000226,776,884,-108
121000227,16,139,-123
121000228,22,414,-392
121000229,217,326,-109
121000230,39,1251,-1212
121000231,926,12,914
121000232,254,214,40
121000233,383,233,150
121000234,15,18,-3
121000235,22,40,-18
121000236,8,59,-51
121000237,10,17,-7
121000238,6,76,-70
121000239,28,4,24
121000240,5,104,-99
121000241,36,8,28
121000242,43,430,-387
121000243,153,27,126
121000244,1,85,-84
121000245,33,8,25
121000246,1,97,-96
121000247,100,2,98
121000248,278,950,-672
121000249,60,105,-45
121000250,331,192,139
121000251,12,143,-131
121000252,122,92,30
121000253,287,197,90
121000254,569,86,483
121000255,96,116,-20
121000256,212,126,86
121000257,36,70,-34
121000258,56,44,12
121000259,20,49,-29
121000260,32,66,-34
121000261,37,62,-25
121000262,942,254,688
121000263,496,517,-21
121000271,491,1027,-536
121000273,11,2,9
121000274,7,49,-42
121000275,1,11,-10
121000276,6,18,-12
121000278,45,24,21
121000279,33,16,17
121000280,14,8,6
121000289,215,11,204
121000290,863,887,-24
121000294,134,35,99
121000297,365,713,-348
121000299,47,553,-506
121000300,661,356,305
121000302,11,437,-426
121000303,369,153,216
121000304,319,61,258
121000305,116,42,74
121000306,105,131,-26
121000308,113,192,-79
121000309,225,272,-47
121000310,120,160,-40
121000311,30,358,-328
121000312,182,164,18
121000313,166,222,-56
121000314,32,49,-17
121000315,14,25,-11
121000530,1242,1020,222
121000531,1330,1153,177
121000532,3794,5319,-1525
121000533,2179,2420,-241
121000918,35,58,-23
121000919,18,54,-36
121000938,36,154,-118
121000939,22,133,-111
121000956,1207,1060,147
121000957,1,4,-3
121000958,3,42,-39
121000959,691,383,308
121000960,823,1691,-868
121000961,230,31,199
121000962,578,366,212
121000973,1,160,-159
121000976,6,78,-72
121000979,358,75,283
121000981,205,52,153
121000982,271,97,174
121000983,271,150,121
121000984,2,19,-17
121000985,644,211,433
121000986,278,76,202
121000987,189,330,-141
121000988,615,67,548
121001302,131,63,68
121001308,1,8,-7
121001309,17,407,-390
121001313,91,62,29
121001314,949,1245,-296
121001315,4187,2551,1636
121001326,324,308,16
121900001,116,243,-127
121900002,41,19,22
121900003,340,5,335
121900004,33,225,-192
121900005,9,10,-1
121900006,72,13,59
121900007,1154,1085,69
121900008,66,99,-33
121900009,495,20,475
121900010,166,0,166
121900011,103,93,10
121900012,10,0,10
121900013,307,66,241
121900014,1025,334,691
121900015,103,74,29
121900016,3,16,-13
121900017,634,549,85
121900018,318,4,314
121900019,402,120,282
121900020,9,2,7
121900021,569,4,565
121900022,223,182,41
121900023,109,105,4
121900024,258,46,212
121900025,372,300,72
121900026,106,28,78
121900027,232,90,142
121900028,140,9,131
121900029,45,114,-69
121900030,281,391,-110
121900031,732,4174,-3442
121900032,60,28,32
121900033,119,234,-115
121900034,131,82,49
121900035,1900,1653,247
121900036,80,363,-283
121900037,67,801,-734
121900038,31,46,-15
121900039,235,35,200
121900040,38,75,-37
121900041,66,220,-154
121900042,291,105,186
121900043,0,2,-2
121900044,54,30,24
121900046,102,187,-85
121900047,129,66,63
121900048,29,53,-24
121900050,20,54,-34
121900051,103,144,-41
121900052,81,18,63
121900053,332,202,130
121900054,254,693,-439
121900055,0,12,-12
121900058,224,80,144
121900059,231,102,129
121900060,73,259,-186
121900062,78,104,-26
121900063,1003,272,731
121900064,184,244,-60
121900066,52,13,39
121900067,41,29,12
121900069,133,83,50
121900070,90,103,-13
121900071,310,181,129
121900072,37,92,-55
121900073,141,311,-170
121900074,206,508,-302
121900075,234,463,-229
121900076,232,397,-165
121900078,69,11,58
121900079,0,0,0
121900080,516,203,313
121900082,24,65,-41
121900084,11,21,-10
121900086,10,32,-22
121900087,76,91,-15
121900088,747,1243,-496
121900089,185,122,63
121900090,19,34,-15
121900091,100,30,70
121900092,39,62,-23
121900093,73,54,19
121900094,14,5,9
121900095,243,88,155
121900096,498,408,90
121900097,410,121,289
121900098,0,0,0
121900099,178,46,132
121900100,35,229,-194
121900101,72,136,-64
121900102,0,67,-67
121900103,198,226,-28
121900104,1158,264,894
121900105,211,117,94
121900106,2,8,-6
121900107,35,14,21
121900108,2,7,-5
121900109,188,90,98
121900110,416,281,135
121900111,489,140,349
121900112,86,110,-24
121900113,39,248,-209
121900114,33,27,6
121900117,79,49,30
121900118,1319,567,752
121900119,197,92,105
121900120,58,514,-456
121900121,200,21,179
121900122,29,32,-3
121900123,117,246,-129
121900124,175,136,39
121900125,1149,676,473
121900127,13,76,-63
121900128,36,48,-12
121900129,171,82,89
121900130,67,160,-93
121900131,194,69,125
121900132,27,66,-39
121900133,19,1160,-1141
121900134,5,230,-225
121900135,2712,247,2465
121900136,427,215,212
121900137,28,128,-100
121900138,28,59,-31
121900139,180,1589,-1409
121900140,39,50,-11
121900141,92,33,59
121900142,49,66,-17
121900143,4,74,-70
121900144,63,282,-219
121900145,175,261,-86
121900146,271,422,-151
121900147,34,213,-179
121900148,126,208,-82
121900149,149,279,-130
121900150,23,132,-109
121900151,42,219,-177
121900152,62,65,-3
121900153,13,266,-253
121900154,8,296,-288
121900155,0,80,-80
121900156,91,124,-33
121900157,0,204,-204
121900158,53,74,-21
121900159,0,121,-121
121900160,1,219,-218
121900161,150,388,-238
121900162,55,114,-59
121900163,220,233,-13
121900164,181,194,-13
121900165,136,108,28
121900166,80,119,-39
121900167,40,68,-28
121900168,92,174,-82
121900169,6,142,-136
121900170,4,102,-98
121900171,568,306,262
121900172,458,116,342
121900173,461,224,237
121900174,53,32,21
121900175,32,175,-143
121900176,322,1251,-929
121900177,82,50,32
121900178,20,39,-19
121900179,389,209,180
121900180,1412,3069,-1657
121900182,414,398,16
121900183,431,1170,-739
121900184,34,610,-576
121900186,8,298,-290
121900187,13,63,-50
121900188,371,174,197
121900189,20,42,-22
121900190,162,326,-164
121900191,68,310,-242
121900192,159,1453,-1294
121900193,27,188,-161
121900194,0,179,-179
121900195,9,36,-27
121900196,646,588,58
121900197,204,737,-533
121900198,1559,1092,467
121900199,3,15,-12
121900200,28,157,-129
121900201,472,450,22
121900202,78,438,-360
121900203,43,682,-639
121900204,473,771,-298
121900205,6,116,-110
121900206,11,19,-8
121900207,28,23,5
121900208,79,241,-162
121900209,37,29,8
121900210,1379,934,445
121900211,468,342,126
121900212,84,132,-48
121900213,197,28,169
121900214,5,280,-275
121900215,62,103,-41
121900216,21,157,-136
121900217,127,121,6
121900218,62,480,-418
121900220,66,12,54
121900221,188,343,-155
121900222,192,55,137
121900223,58,34,24
121900224,50,19,31
121900225,61,139,-78
121900226,132,27,105
121900227,284,637,-353
121900228,101,120,-19
121900230,68,169,-101
121900231,55,443,-388
121900232,81,281,-200
121900233,109,112,-3
121900234,139,84,55
121900235,328,81,247
121900236,219,107,112
121900237,151,290,-139
121900238,110,212,-102
121900239,121,11,110
121900240,167,66,101
121900241,51,36,15
121900242,16,0,16
121900243,7,0,7
121900244,12,0,12
121900245,133,51,82
121900246,2992,228,2764
121900248,812,611,201
121900250,104,311,-207
121900251,285,18,267
121900252,239,107,132
121900253,66,678,-612
121900254,272,269,3
121900255,334,56,278
121900258,2521,1110,1411
121900259,204,398,-194
121900260,51,78,-27
121900261,132,477,-345
121900262,348,677,-329
121900263,212,111,101
121900264,646,559,87
121900265,216,98,118
121900266,376,83,293
121900267,74,17,57
121900269,108,467,-359
121900270,28,119,-91
121900271,49,112,-63
121900273,283,966,-683
121900274,238,170,68
121900277,222,702,-480
121900278,106,692,-586
121900279,128,169,-41
121900280,43,404,-361
121900281,93,139,-46
121900284,32,4,28
121900286,66,49,17
121900287,9,21,-12
121900288,0,2,-2
121900290,185,741,-556
121900291,228,674,-446
121900292,60,144,-84
121900293,558,2620,-2062
121900294,186,3,183
121900295,95,94,1
121900296,31,66,-35
121900298,108,665,-557
121900299,0,6,-6
121900300,51,13,38
121900301,75,1,74
121900302,0,88,-88
121900303,206,254,-48
121900304,9,7,2
121900305,2,6,-4
121900306,199,1,198
121900307,57,0,57
121900308,6,109,-103
121900309,4,84,-80
121900310,9,148,-139
121900311,452,12,440
121900312,316,8,308
121900313,247,24,223
121900314,4,10,-6
121900315,9,0,9
121900316,0,9,-9
121900317,9,2,7
121900318,1,2,-1
121900319,10,72,-62
121900320,26,25,1
121900321,22,0,22
121900322,1,8,-7
121900323,23,22,1
121900324,2,19,-17
121900325,10,0,10
121900326,5,3,2
121900327,1,27,-26
121900328,0,12,-12
121900329,4,58,-54
121900330,0,153,-153
121900331,5,18,-13
121900332,33,12,21
121900333,43,0,43
121900334,82,30,52
122000001,706,4037,-3331
122000002,1643,966,677
122000003,1065,1956,-891
122000004,1547,1032,515
122000005,2868,1781,1087
122000006,743,979,-236
122000007,479,1511,-1032
122000008,908,2279,-1371
122000009,492,419,73
122000010,1936,2120,-184
122000011,3793,1564,2229
122000012,501,2732,-2231
122000013,476,1237,-761
122000014,2776,1044,1732
122000015,713,686,27
122000016,262,486,-224
122000017,718,754,-36
122000018,1240,1120,120
122000019,527,1231,-704
122000020,128,224,-96
122000021,127,259,-132
122000022,803,1087,-284
122000023,702,1118,-416
122000024,390,2073,-1683
122000025,382,2201,-1819
122000026,287,1097,-810
122000027,375,807,-432
122000028,677,410,267
122000029,217,364,-147
122000030,121,130,-9
122000031,102,344,-242
122000032,2717,1718,999
122000033,265,2501,-2236
122000034,257,608,-351
122000035,96,423,-327
122000036,322,389,-67
122000037,371,181,190
122000038,140,286,-146
122000039,505,413,92
122000040,125,215,-90
122000041,432,559,-127
122000042,275,402,-127
122000043,65,88,-23
122000044,57,101,-44
122000045,1202,768,434
122000046,601,811,-210
122000047,61,128,-67
122000048,1934,2656,-722
122000049,4264,2401,1863
122000050,561,816,-255
122000051,113,489,-376
122000052,227,415,-188
122000053,139,779,-640
122000054,1159,1536,-377
122000055,1121,3183,-2062
122000056,2075,2293,-218
122000057,2486,3164,-678
122000058,700,1634,-934
122000059,798,2991,-2193
122000060,206,780,-574
122000061,184,535,-351
122000062,337,149,188
122000063,321,1161,-840
122000064,1755,3983,-2228
122000065,1570,1873,-303
122000066,178,448,-270
122000067,705,944,-239
122000068,1187,658,529
122000069,800,775,25
122000070,623,846,-223
122000071,1931,1011,920
122000072,653,643,10
122000073,225,1154,-929
122000074,1869,1031,838
122000075,561,734,-173
122000076,5517,1440,4077
122000077,534,1507,-973
122000078,596,3439,-2843
122000079,336,2059,-1723
122000080,358,489,-131
122000081,76,144,-68
122000082,248,1029,-781
122000083,2066,624,1442
122000084,2151,694,1457
122000085,184,552,-368
122000086,1471,3854,-2383
122000087,118,162,-44
122000088,80,170,-90
122000089,3246,1459,1787
122000090,94,412,-318
122000091,75,170,-95
122000092,37,22,15
122000093,1139,2063,-924
122000094,3486,1991,1495
122000095,454,2555,-2101
122000096,320,1124,-804
122000098,1694,2593,-899
122000099,521,813,-292
122000100,501,392,109
122000101,211,392,-181
122000102,1559,746,813
122000103,1023,1090,-67
122000104,684,110,574
122000105,574,242,332
122000106,257,832,-575
122000107,822,341,481
122000108,355,562,-207
122000109,357,198,159
122000110,432,418,14
122000111,2460,972,1488
122000112,1075,1072,3
122000113,556,633,-77
122000114,1096,2039,-943
122000115,965,816,149
122000116,267,318,-51
122000117,1215,280,935
122000118,409,416,-7
122000119,1532,1038,494
122000120,697,1818,-1121
122000121,597,1467,-870
122000122,316,749,-433
122000123,749,1048,-299
122000124,509,412,97
122000125,355,396,-41
122000126,229,447,-218
122000127,318,596,-278
122000128,229,332,-103
122000129,381,1122,-741
122000130,1807,1049,758
122000131,705,765,-60
122000132,177,245,-68
122000133,484,493,-9
122000134,630,516,114
122000135,386,354,32
122000136,492,440,52
122000137,1097,568,529
122000139,593,1942,-1349
122000140,379,533,-154
122000141,2100,908,1192
122000142,107,987,-880
122000143,170,244,-74
122000144,744,643,101
122000145,627,883,-256
122000146,751,1410,-659
122000147,422,450,-28
122000148,582,1072,-490
122000149,1081,1015,66
122000150,729,677,52
122000151,87,193,-106
122000152,210,176,34
122000153,275,274,1
122000154,110,141,-31
122000155,1136,1525,-389
122000156,2692,2119,573
122000157,610,2852,-2242
122000158,204,552,-348
122000159,378,765,-387
122000160,1209,1161,48
122000161,601,655,-54
122000162,693,1042,-349
122000163,206,77,129
122000164,31,118,-87
122000165,465,694,-229
122000166,578,1270,-692
122000167,158,235,-77
122000168,140,566,-426
122000169,188,134,54
122000170,178,211,-33
122000171,40,57,-17
122000172,1322,791,531
122000173,1039,1614,-575
122000174,1055,805,250
122000175,466,219,247
122000176,183,737,-554
122000177,669,882,-213
122000178,3193,1893,1300
122000179,1516,2194,-678
122000180,659,804,-145
122000181,764,1434,-670
122000182,1174,758,416
122000183,1409,682,727
122000184,1581,1985,-404
122000185,718,2002,-1284
122000186,339,1234,-895
122000187,1110,824,286
122000188,240,217,23
122000189,191,248,-57
122000190,499,1167,-668
122000191,534,485,49
122000192,705,241,464
122000193,206,475,-269
122000194,255,166,89
122000195,83,417,-334
122000196,549,394,155
122000197,205,492,-287
122000198,252,1423,-1171
122000199,218,264,-46
122000200,550,418,132
122000201,653,1584,-931
122000202,603,1639,-1036
122000203,1624,975,649
122000204,735,1034,-299
122000205,476,693,-217
122000206,2349,810,1539
122000207,1321,1099,222
122000208,1315,1235,80
122000209,1224,397,827
122000210,1155,1352,-197
122000211,720,1024,-304
122000212,438,359,79
122000213,569,958,-389
122000214,1229,1199,30
122000215,1448,1090,358
122000217,993,1397,-404
122000218,555,66,489
122000219,614,572,42
122000220,212,491,-279
122000221,61,225,-164
122000222,361,122,239
122000223,693,357,336
122000225,461,222,239
122000226,893,973,-80
122000227,94,1041,-947
122000228,177,237,-60
122000229,61,381,-320
122000230,51,264,-213
122000231,365,573,-208
122000232,404,458,-54
122000233,0,33,-33
122000234,313,52,261
122000235,613,66,547
122000236,732,39,693
122000237,77,66,11
122000238,238,252,-14
122000239,650,188,462
122000240,857,485,372
122000241,1273,309,964
122000242,390,66,324
122000243,199,35,164
122000244,42,141,-99
122000245,98,119,-21
122000246,249,106,143
122000247,649,296,353
122000248,634,685,-51
122000249,1380,766,614
122000250,1443,775,668
122000251,74,341,-267
122000252,227,98,129
122000253,41,162,-121
122000254,149,82,67
122000255,478,591,-113
122000256,230,261,-31
122000257,133,101,32
122000258,178,192,-14
122000259,29,270,-241
122000260,224,445,-221
122000261,12,176,-164
122000262,2,35,-33
122000263,187,352,-165
122000264,908,270,638
122000265,1698,732,966
122000266,2698,573,2125
122000267,125,83,42
122000268,86,261,-175
122000269,559,195,364
122000270,345,132,213
122000271,150,1010,-860
122000272,168,703,-535
122000273,328,297,31
122000274,142,151,-9
122000275,214,131,83
122000276,481,326,155
122000277,650,1026,-376
122000278,1403,445,958
122000279,168,199,-31
122000280,492,305,187
122000281,494,466,28
122000282,255,380,-125
122000283,265,174,91
122000284,205,132,73
122000285,214,49,165
122000286,56,75,-19
122000287,950,1002,-52
122000288,306,240,66
122000291,1622,595,1027
122000293,160,105,55
122000294,115,171,-56
122000295,1030,157,873
122000296,39,417,-378
122000297,1364,2614,-1250
122000299,343,261,82
122000300,326,311,15
122000301,4568,2052,2516
122000302,331,1312,-981
122000303,1711,700,1011
122000304,31,106,-75
122000305,835,382,453
122000306,60,267,-207
122000307,127,104,23
122000309,46,31,15
122000310,11,77,-66
122000311,167,132,35
122000312,94,291,-197
122000313,131,82,49
122000314,117,280,-163
122000315,202,45,157
122000316,703,144,559
122000317,1183,145,1038
122000318,168,366,-198
122000319,104,161,-57
122000320,177,610,-433
122000321,70,87,-17
122000322,1289,1431,-142
122000323,711,1975,-1264
122000324,985,1371,-386
122000325,655,2565,-1910
122000326,89,69,20
122000327,229,408,-179
122000328,322,226,96
122000330,1118,846,272
122000333,8,54,-46
122000337,728,583,145
122000338,249,170,79
122000340,158,1361,-1203
122000342,1065,466,599
122000343,339,388,-49
122000344,57,10,47
122000345,161,20,141
122000346,251,148,103
122000348,376,394,-18
122000349,42,220,-178
122000351,141,163,-22
122000352,208,142,66
122000353,85,98,-13
122000355,156,172,-16
122000356,461,916,-455
122000357,60,12,48
122000358,0,21,-21
122000359,0,9,-9
122000360,0,24,-24
122000362,3,36,-33
122000364,152,157,-5
122000365,3,25,-22
122000366,3,3,0
122000368,319,485,-166
122000370,14,15,-1
122000371,9,1,8
122000372,10,1,9
122000381,110,203,-93
122000382,36,175,-139
122000384,1018,798,220
122000385,43,0,43
122000386,122,1000,-878
122000387,233,681,-448
122000388,566,575,-9
122000389,77,940,-863
122000390,184,218,-34
122000391,126,511,-385
122000392,144,135,9
122000393,225,201,24
122000394,346,99,247
122000395,105,83,22
122000396,154,90,64
122000397,19,17,2
122000398,5,30,-25
122000399,87,41,46
122000400,62,574,-512
122000401,94,47,47
122000402,216,115,101
122000403,253,390,-137
122000404,93,59,34
122000408,337,618,-281
122000503,5,63,-58
122000524,171,118,53
122000544,55,1565,-1510
122000614,284,289,-5
122000616,122,3,119
122000640,74,56,18
122000641,156,143,13
122000642,840,630,210
122000643,17,72,-55
122000644,86,25,61
122000645,45,104,-59
122000651,382,1740,-1358
122000664,102,21,81
122000665,824,368,456
122000666,427,779,-352
122000673,47,113,-66
122000674,147,68,79
122000675,1366,454,912
122000686,606,943,-337
122000687,1228,408,820
122000688,156,316,-160
122000689,715,148,567
122000690,2009,206,1803
122000691,695,631,64
122000692,847,168,679
122000693,204,644,-440
122000695,253,162,91
122000696,371,86,285
122000698,333,267,66
122000699,124,48,76
122000701,1092,169,923
122000702,242,603,-361
122000703,161,59,102
122000717,71,29,42
122000718,459,1439,-980
122000719,72,59,13
122000720,546,62,484
122000724,181,181,0
122900001,18,6,12
122900002,541,4047,-3506
122900003,275,24,251
122900004,1145,25,1120
122900005,127,73,54
122900006,302,521,-219
122900007,75,73,2
122900008,181,127,54
122900009,413,207,206
122900010,114,92,22
122900012,114,255,-141
122900014,104,151,-47
122900015,444,672,-228
122900016,70,148,-78
122900017,140,499,-359
122900018,101,8,93
122900020,78,204,-126
122900021,58,184,-126
122900022,798,604,194
122900023,246,91,155
122900024,78,94,-16
122900025,6,288,-282
122900026,24,144,-120
122900027,26,332,-306
122900028,96,70,26
122900029,3577,1682,1895
122900030,922,320,602
122900031,34,222,-188
122900032,99,206,-107
122900033,175,97,78
122900034,2486,2833,-347
122900035,7,15,-8
122900036,43,28,15
122900037,265,113,152
122900038,32,1821,-1789
122900039,56,343,-287
122900040,147,436,-289
122900041,205,238,-33
122900042,94,188,-94
122900043,137,170,-33
122900044,67,210,-143
122900045,80,134,-54
122900046,92,244,-152
122900047,87,143,-56
122900048,22,118,-96
122900049,1426,100,1326
122900051,58,166,-108
122900052,141,129,12
122900053,33,28,5
122900055,175,37,138
122900057,119,43,76
122900061,359,100,259
122900062,340,378,-38
122900063,129,144,-15
122900064,469,227,242
122900065,410,233,177
122900066,490,298,192
122900067,661,255,406
122900069,391,829,-438
122900070,255,39,216
122900071,65,194,-129
122900073,16,102,-86
122900074,679,166,513
122900075,1,45,-44
122900076,2,159,-157
122900077,7,47,-40
122900078,162,31,131
122900080,19,42,-23
122900081,84,90,-6
122900082,713,138,575
122900083,109,97,12
122900084,7,86,-79
122900086,11,83,-72
122900087,333,307,26
122900088,15,401,-386
122900089,103,159,-56
122900090,10,227,-217
122900091,244,9,235
122900092,0,42,-42
122900093,0,110,-110
122900094,1,78,-77
122900095,92,22,70
122900096,225,66,159
122900097,38,23,15
122900098,57,72,-15
122900099,154,10,144
122900100,48,414,-366
122900101,271,141,130
122900102,32,31,1
122900103,166,7,159
122900104,266,4,262
122900105,8,2,6
122900106,1,24,-23
122900107,2,64,-62
122900108,2,95,-93
122900109,224,81,143
123000001,587,513,74
123000002,1813,4132,-2319
123000003,2966,3015,-49
123000004,2097,2572,-475
123000005,1975,1897,78
123000006,1449,1493,-44
123000007,2993,2092,901
123000008,2001,1864,137
123000009,3197,2222,975
123000010,2574,2483,91
123000011,1175,907,268
123000012,486,2077,-1591
123000013,2371,860,1511
123000014,573,2598,-2025
123000015,1520,844,676
123000016,1942,2346,-404
123000017,2604,1492,1112
123000018,111,73,38
123000019,252,50,202
123000020,214,37,177
123000021,131,123,8
123000022,160,1224,-1064
123000023,1511,1450,61
123000024,1249,592,657
123000025,233,92,141
123000026,23,50,-27
123000027,60,548,-488
123000028,1021,1023,-2
123000029,612,1178,-566
123000030,213,121,92
123000031,207,98,109
123000032,371,62,309
123000033,229,41,188
123000034,864,611,253
123000035,297,309,-12
123000036,209,802,-593
123000037,237,134,103
123000038,24,178,-154
123000039,295,944,-649
123000040,322,155,167
123000041,555,1164,-609
123000042,426,624,-198
123000043,816,5040,-4224
123000044,2000,1353,647
123000045,1868,1080,788
123000046,269,912,-643
123000047,802,854,-52
123000048,22,618,-596
123000049,3196,6529,-3333
123000050,1240,1158,82
123000051,64,142,-78
123000052,551,2549,-1998
123000053,1398,2145,-747
123000054,1145,956,189
123000055,1113,2489,-1376
123000056,808,679,129
123000057,2870,2504,366
123000058,710,1319,-609
123000059,321,338,-17
123000060,673,511,162
123000061,219,385,-166
123000063,589,631,-42
123000064,761,163,598
123000065,2406,1481,925
123000066,357,315,42
123000067,671,234,437
123000068,1165,1402,-237
123000069,2725,1280,1445
123000070,126,312,-186
123000071,1027,512,515
123000072,868,412,456
123000073,1381,510,871
123000074,923,564,359
123000075,269,935,-666
123000076,575,200,375
123000077,1330,1139,191
123000078,1397,976,421
123000079,1364,1165,199
123000080,1523,718,805
123000081,132,165,-33
123000082,173,523,-350
123000083,467,209,258
123000084,547,254,293
123000085,437,140,297
123000086,400,82,318
123000087,508,87,421
123000088,1345,434,911
123000089,627,654,-27
123000090,972,588,384
123000091,887,829,58
123000092,667,815,-148
123000094,378,122,256
123000095,577,413,164
123000096,701,254,447
123000097,460,287,173
123000098,684,376,308
123000099,526,346,180
123000100,233,489,-256
123000101,381,424,-43
123000102,382,578,-196
123000104,259,327,-68
123000105,291,290,1
123000106,259,306,-47
123000107,161,313,-152
123000108,374,730,-356
123000111,731,276,455
123000112,852,291,561
123000113,252,342,-90
123000114,238,478,-240
123000115,196,211,-15
123000116,39,56,-17
123000117,1147,758,389
123000118,366,484,-118
123000119,200,378,-178
123000120,260,285,-25
123000121,310,495,-185
123000122,227,202,25
123000123,278,366,-88
123000124,325,328,-3
123000125,644,388,256
123000126,1078,4629,-3551
123000127,418,294,124
123000128,179,205,-26
123000129,551,140,411
123000130,622,38,584
123000131,862,757,105
123000132,170,292,-122
123000133,88,158,-70
123000134,125,102,23
123000135,985,567,418
123000136,94,316,-222
123000137,63,132,-69
123000138,53,156,-103
123000139,381,84,297
123000140,45,239,-194
123000141,421,87,334
123000142,627,546,81
123000143,623,936,-313
123000144,16,12,4
123000145,198,122,76
123000146,12,109,-97
123000147,69,101,-32
123000149,168,229,-61
123000150,76,171,-95
123000151,115,413,-298
123000152,48,295,-247
123000153,141,428,-287
123000154,853,1229,-376
123000155,1238,875,363
123000156,15,71,-56
123000157,379,424,-45
123000158,260,454,-194
123000159,1948,1784,164
123000160,879,1026,-147
123000161,994,574,420
123000162,837,984,-147
123000163,324,323,1
123000164,1154,211,943
123000165,343,704,-361
123000166,31,66,-35
123000167,71,133,-62
123000168,170,141,29
123000169,469,102,367
123000170,78,36,42
123000171,525,14,511
123000172,114,227,-113
123000173,315,269,46
123000174,538,283,255
123000175,326,479,-153
123000176,575,153,422
123000177,170,360,-190
123000178,668,75,593
123000179,34,261,-227
123000180,1224,278,946
123000181,195,592,-397
123000182,107,128,-21
123000183,166,444,-278
123000185,601,290,311
123000186,4,282,-278
123000187,476,5,471
123000188,291,2,289
123000189,33,117,-84
123000190,53,162,-109
123000192,27,164,-137
123000193,106,487,-381
123000194,204,213,-9
123000195,334,57,277
123000196,229,100,129
123000197,90,52,38
123000198,27,625,-598
123000199,30,648,-618
123000200,230,3,227
123000201,873,16,857
123000202,26,422,-396
123000203,821,49,772
123000204,37,471,-434
123000205,241,631,-390
123000206,1636,153,1483
123000207,127,480,-353
123000208,514,176,338
123000209,1444,529,915
123000210,223,1032,-809
123000211,316,1056,-740
123000212,2446,362,2084
123000213,434,99,335
123000215,62,120,-58
123000216,106,552,-446
123000217,145,30,115
123000218,54,378,-324
123000219,373,62,311
123000220,375,65,310
123000221,238,41,197
123000222,254,165,89
123000223,326,130,196
123000224,328,196,132
123000225,190,27,163
123000226,81,197,-116
123000227,31,146,-115
123000228,230,37,193
123000229,451,820,-369
123000232,91,279,-188
123000233,622,118,504
123000234,82,342,-260
123000235,721,185,536
123000236,149,342,-193
123000237,209,58,151
123000238,37,214,-177
123000239,253,458,-205
123000240,24,371,-347
123000241,212,38,174
123000242,66,119,-53
123000243,583,649,-66
123000244,635,415,220
123000245,12,110,-98
123000249,355,345,10
123000252,653,236,417
123000253,1028,413,615
123000254,445,436,9
123000255,645,488,157
123000256,12,77,-65
123000257,906,625,281
123000258,802,625,177
123000259,305,231,74
123000260,393,189,204
123000261,170,107,63
123000262,67,102,-35
123000263,326,49,277
123000264,87,49,38
123000265,32,110,-78
123000266,314,282,32
123000267,314,238,76
123000268,35,42,-7
123000269,33,30,3
123000270,23,50,-27
123000271,61,25,36
123000272,508,208,300
123000273,197,567,-370
123000274,765,473,292
123000275,189,474,-285
123000278,1547,1598,-51
123000279,94,40,54
123000280,314,176,138
123000281,193,68,125
123000282,48,193,-145
123000283,125,41,84
123000284,38,50,-12
123000286,102,325,-223
123000287,336,209,127
123000288,825,694,131
123000289,219,854,-635
123000291,144,524,-380
123000294,201,238,-37
123000295,542,750,-208
123000296,571,356,215
123000297,598,323,275
123000298,556,142,414
123000299,200,200,0
123000300,1217,886,331
123000301,98,209,-111
123000302,60,62,-2
123000303,52,227,-175
123000305,564,604,-40
123000306,97,53,44
123000309,23,29,-6
123000310,31,10,21
123000311,82,71,11
123000312,369,381,-12
123000313,401,318,83
123000315,101,132,-31
123000316,548,304,244
123000317,120,59,61
123000318,68,164,-96
123000329,6,14,-8
123000337,503,564,-61
123000338,156,197,-41
123000339,212,63,149
123000340,91,212,-121
123000342,20,55,-35
123000343,30,10,20
123000344,584,183,401
123000345,251,301,-50
123000346,349,30,319
123000352,564,504,60
123000353,64,84,-20
123000354,327,4,323
123000355,2,294,-292
123000356,236,3,233
123000357,3,58,-55
123000359,5,53,-48
123000360,178,34,144
123000361,84,166,-82
123000362,270,51,219
123000363,60,80,-20
123000364,290,412,-122
123000365,9,211,-202
123000366,199,1436,-1237
123000367,679,679,0
123000370,30,235,-205
123000371,607,31,576
123000372,195,20,175
123000373,13,165,-152
123000374,22,39,-17
123000375,316,25,291
123000376,603,467,136
123000377,221,5,216
123000378,6,145,-139
123000379,5,73,-68
123000380,17,220,-203
123000381,43,100,-57
123000382,381,102,279
123000383,39,554,-515
123000384,325,106,219
123000385,49,345,-296
123000436,37,812,-775
123000507,95,121,-26
123000508,100,660,-560
123000517,136,22,114
123000518,7,99,-92
123000519,72,81,-9
123000520,32,104,-72
123000521,311,89,222
123000522,85,179,-94
123000541,7,2,5
123000542,0,6,-6
123000565,736,16,720
123000566,250,148,102
123000567,55,85,-30
123000573,22,399,-377
123000574,406,30,376
123000575,924,577,347
123000576,466,739,-273
123000577,22,494,-472
123000578,209,75,134
123000579,589,4167,-3578
123000580,120,32,88
123000582,218,15,203
123000583,5,157,-152
123000584,127,184,-57
123000585,0,54,-54
123000586,79,10,69
123000596,46,66,-20
123000597,46,173,-127
123000602,38,5,33
123000603,793,282,511
123000604,429,246,183
123000605,579,6,573
123000606,0,325,-325
123000609,30,222,-192
123000610,60,63,-3
123000613,24,119,-95
123000614,156,16,140
123000615,22,105,-83
123000616,438,25,413
123000617,67,141,-74
123000618,29,340,-311
123000619,228,17,211
123000620,16,194,-178
123000622,283,7,276
123000624,86,32,54
123000630,1325,213,1112
123000631,135,431,-296
123000632,701,617,84
123000633,0,216,-216
123000634,35,125,-90
123000635,50,55,-5
123000636,31,255,-224
123000637,113,18,95
123000638,309,19,290
123000639,400,2824,-2424
123000640,29,178,-149
123000648,828,144,684
123000649,114,526,-412
123000650,82,53,29
123000651,33,132,-99
123000652,238,23,215
123000653,18,77,-59
123000654,35,68,-33
123900001,707,27,680
123900002,14,876,-862
123900003,122,245,-123
123900005,121,115,6
123900006,235,27,208
124000001,1292,110,1182
124000002,6,403,-397
124000003,811,140,671
124000004,32,203,-171
124000005,840,346,494
124000006,114,439,-325
124000007,341,72,269
124000008,12,273,-261
124000009,701,177,524
124000010,170,242,-72
124000011,711,245,466
124000012,166,168,-2
124000017,124,63,61
124000018,105,20,85
124000019,80,111,-31
124000020,23,69,-46
124000021,95,119,-24
124000022,54,105,-51
124000023,467,140,327
124000024,749,226,523
124000025,500,393,107
124000026,581,222,359
124000027,818,535,283
124000028,1020,349,671
124000031,943,2374,-1431
124000032,921,591,330
124000033,712,448,264
124000034,302,524,-222
124000035,321,131,190
124000036,96,258,-162
124000037,265,774,-509
124000038,41,64,-23
124000039,443,296,147
124000040,202,562,-360
124000041,312,139,173
124000042,124,214,-90
124000043,55,135,-80
124000044,52,90,-38
124000045,641,312,329
124000046,153,327,-174
124000047,1206,461,745
124000048,482,450,32
124000049,1426,356,1070
124000050,701,667,34
124000051,740,277,463
124000052,365,394,-29
124000053,452,1327,-875
124000054,451,250,201
124000055,918,2320,-1402
124000056,908,805,103
124000057,933,311,622
124000058,306,642,-336
124000059,612,751,-139
124000060,402,371,31
124000061,918,4494,-3576
124000062,2169,1019,1150
124000063,890,755,135
124000064,1206,657,549
124000065,63,348,-285
124000066,169,95,74
124000067,188,103,85
124000068,100,160,-60
124000069,489,110,379
124000070,209,293,-84
124000071,668,209,459
124000072,377,348,29
124000073,620,149,471
124000074,152,360,-208
124000075,220,30,190
124000076,9,75,-66
124000077,654,456,198
124000078,1577,845,732
124000079,203,817,-614
124000080,614,162,452
124000081,199,277,-78
124000082,27,126,-99
124000083,30,80,-50
124000084,64,471,-407
124000085,65,30,35
124000086,48,88,-40
124000087,189,77,112
124000088,52,215,-163
124000089,524,196,328
124000090,122,135,-13
124000091,458,93,365
124000092,154,412,-258
124000093,76,50,26
124000094,133,260,-127
124000095,67,60,7
124000096,85,96,-11
124000097,112,127,-15
124000098,63,64,-1
124000099,182,85,97
124000100,44,75,-31
124000101,82,95,-13
124000102,83,26,57
124000103,126,80,46
124000104,81,27,54
124000105,90,95,-5
124000106,117,32,85
124000107,17,173,-156
124000108,52,26,26
124000109,122,115,7
124000110,116,60,56
124000111,172,110,62
124000112,524,341,183
124000113,92,88,4
124000114,345,197,148
124000115,256,400,-144
124000116,74,127,-53
124000117,32,85,-53
124000118,26,63,-37
124000119,466,313,153
124000120,281,308,-27
124000121,1212,642,570
124000122,334,780,-446
124000123,689,345,344
124000124,232,465,-233
124000125,362,306,56
124000126,163,315,-152
124000127,635,245,390
124000128,340,446,-106
124000129,1169,1054,115
124000130,409,325,84
124000131,636,422,214
124000132,506,429,77
124000133,773,552,221
124000134,537,412,125
124000135,1093,1152,-59
124000136,370,482,-112
124000137,560,441,119
124000138,559,676,-117
124000139,574,124,450
124000140,66,353,-287
124000141,554,32,522
124000142,23,299,-276
124000143,106,16,90
124000144,6,89,-83
124000145,176,75,101
124000146,47,118,-71
124000148,21,77,-56
124000149,859,268,591
124000150,260,488,-228
124000151,676,344,332
124000152,472,588,-116
124000153,556,498,58
124000154,254,311,-57
124000155,867,618,249
124000156,664,524,140
124000169,158,295,-137
124000170,323,276,47
124000171,134,135,-1
124000172,211,270,-59
124000173,368,148,220
124000174,302,275,27
124000175,8,33,-25
124000176,26,18,8
124000177,1,23,-22
124000178,65,31,34
124000185,49,14,35
124000186,3,25,-22
124000187,3,58,-55
124000188,100,6,94
124000190,66,41,25
124000191,57,257,-200
124000192,773,409,364
124000193,205,546,-341
124000194,245,217,28
124000195,265,441,-176
124000196,531,481,50
124000197,35,31,4
124000198,35,40,-5
124000201,173,370,-197
124000202,493,221,272
124000203,370,186,184
124000204,687,180,507
124000205,161,207,-46
124000206,848,165,683
124000207,0,23,-23
124000209,85,108,-23
124000210,522,86,436
124000211,735,6,729
124000212,1,194,-193
124000213,421,138,283
124000214,316,213,103
124000215,518,54,464
124000216,6,197,-191
124000329,69,582,-513
124000338,51,260,-209
124000339,878,46,832
124000341,1174,49,1125
124000344,65,9,56
124000357,1282,2474,-1192
124000358,1105,2100,-995
124000359,954,639,315
124000360,711,401,310
124000361,1171,582,589
124000362,607,745,-138
124000363,236,252,-16
124000364,399,392,7
124000365,563,682,-119
124000366,1147,1033,114
124000367,61,201,-140
124000368,325,367,-42
124000369,46,71,-25
124000370,17,228,-211
124000402,32,18,14
124000403,155,40,115
124000404,11,44,-33
124000405,575,491,84
124000406,368,375,-7
124000407,4,14,-10
124000411,6,111,-105
124000412,298,6,292
124000413,50,16,34
124000414,132,109,23
124000415,92,35,57
124000416,106,108,-2
124000417,122,89,33
124000418,219,78,141
124000419,99,43,56
124000420,116,47,69
124000421,66,43,23
124000422,21,5,16
124000423,86,16,70
124000424,7,30,-23
124000425,77,11,66
124000426,7,69,-62
124000427,184,1,183
124000428,7,41,-34
124000429,40,29,11
124000430,567,272,295
124000431,489,258,231
124000432,169,406,-237
124000439,48,2,46
124000443,2,28,-26
124000445,271,1324,-1053
124000446,552,236,316
124000447,7,115,-108
124000448,94,12,82
124000449,157,22,135
124000450,3,62,-59
124000451,2,24,-22
124000452,269,72,197
124000453,1702,2396,-694
124000454,960,3098,-2138
124000455,6,446,-440
124000456,256,5,251
124000457,1,96,-95
124000458,1,90,-89
124000459,172,2,170
124000460,3,84,-81
124900001,578,284,294
124900002,115,128,-13
124900003,803,367,436
124900004,655,257,398
124900005,204,56,148
124900006,724,250,474
124900008,839,362,477
124900009,77,230,-153
124900010,76,231,-155
124900011,382,298,84
124900012,308,83,225
124900013,484,152,332
124900014,297,43,254
124900015,97,250,-153
124900016,58,75,-17
124900017,350,1550,-1200
124900018,63,11,52
124900020,54,20,34
124900021,246,26,220
124900022,43,13,30
124900024,172,1,171
124900026,45,2,43
124900027,127,305,-178
124900028,166,45,121
124900029,22,388,-366
124900030,2,40,-38
124900031,15,110,-95
124900032,96,146,-50
124900033,103,150,-47
124900034,4,76,-72
124900035,77,201,-124
124900036,0,33,-33
124900037,72,89,-17
124900038,101,169,-68
124900039,3,40,-37
124900040,75,75,0
124900041,236,406,-170
124900042,95,2,93
124900043,388,447,-59
124900044,61,1,60
124900045,274,705,-431
124900047,77,118,-41
124900048,174,61,113
124900050,129,88,41
124900052,73,219,-146
124900053,155,137,18
124900054,783,344,439
124900055,0,106,-106
124900057,8,168,-160
124900060,40,117,-77
124900061,80,6,74
124900062,211,10,201
124900066,0,7,-7
124900067,11,66,-55
124900068,108,311,-203
124900070,48,15,33
124900072,71,44,27
124900075,216,129,87
124900076,21,1025,-1004
124900077,20,85,-65
124900078,28,8,20
124900079,231,104,127
124900080,311,232,79
124900081,998,257,741
124900082,261,365,-104
124900083,228,184,44
124900085,466,309,157
124900086,32,951,-919
124900087,193,31,162
124900088,129,37,92
124900089,473,35,438
124900090,296,161,135
124900091,186,130,56
124900092,180,128,52
124900093,231,106,125
124900094,338,144,194
124900095,78,355,-277
124900096,250,125,125
124900097,192,29,163
124900098,87,170,-83
124900099,192,325,-133
124900100,220,21,199
124900101,88,313,-225
124900102,199,6,193
124900103,121,103,18
124900104,24,88,-64
124900105,80,49,31
124900106,246,24,222
124900107,84,9,75
124900108,108,53,55
124900111,1,68,-67
124900112,81,165,-84
124900113,39,167,-128
124900114,74,97,-23
124900115,92,30,62
124900116,126,136,-10
124900117,190,150,40
124900118,85,413,-328
124900119,302,124,178
124900120,40,187,-147
124900121,77,278,-201
124900122,207,134,73
124900123,148,87,61
124900124,62,222,-160
124900125,461,2,459
124900126,2,177,-175
204000001,110,4,106
204000002,16,7,9
204000003,14,0,14
204000004,3,1,2
204000005,537,446,91
204000006,1009,1071,-62
204000011,6,15,-9
204000012,34,90,-56
204000019,785,342,443
204000020,598,452,146
204000021,1198,587,611
204000022,647,333,314
204000023,560,373,187
204000031,34,15,19
204000032,160,25,135
204000034,52,68,-16
204000035,1,0,1
204000036,9,33,-24
204000037,3,29,-26
204000038,0,9,-9
204000039,0,4,-4
204000040,5,11,-6
204000041,10,12,-2
204000042,22,5,17
204000043,66,1,65
204000044,27,6,21
204000045,11,0,11
204000046,4,0,4
204000057,5,2,3
204000062,25,16,9
204000068,25,276,-251
204000069,85,352,-267
204000070,62,52,10
204000080,52,28,24
204000085,1280,955,325
204000086,1817,1078,739
204000087,46,7,39
204000088,2,37,-35
204000090,86,116,-30
204000093,393,46,347
204000096,909,838,71
204000097,326,7,319
204000099,807,1278,-471
204000100,1085,1430,-345
204000105,1277,714,563
204000110,239,796,-557
204000111,395,402,-7
204000112,467,532,-65
204000113,259,522,-263
204000114,618,631,-13
204000115,617,287,330
204000116,449,624,-175
204000119,1571,1839,-268
204000132,606,311,295
204000133,721,125,596
204000134,155,36,119
204000135,596,54,542
204000136,473,141,332
204000138,387,424,-37
204000140,190,105,85
204000141,127,69,58
204000144,7,19,-12
204000145,345,11,334
204000146,12,159,-147
204000147,31,155,-124
204000148,200,41,159
204000154,5,1,4
204000155,1,5,-4
204000177,59,26,33
204000179,36,19,17
204000180,0,41,-41
204000222,1,3,-2
204000235,23,7,16
204000236,28,106,-78
204000238,28,18,10
204000240,241,41,200
204000263,462,581,-119
204000268,686,479,207
204000308,110,36,74
204000317,16,50,-34
204000322,9,25,-16
204000323,5,6,-1
204000328,100,62,38
204000329,74,71,3
204000330,117,47,70
204000331,140,132,8
205000001,672,962,-290
205000013,6,41,-35
205000014,13,41,-28
205000015,50,80,-30
205000016,13,70,-57
205000017,24,54,-30
205000022,274,496,-222
205000025,886,580,306
205000029,205,9,196
205000045,144,629,-485
205000046,151,554,-403
205000047,35,232,-197
205000048,262,504,-242
205000049,143,473,-330
205000050,609,218,391
205000059,1,129,-128
205000060,0,65,-65
205000061,0,192,-192
205000062,4,214,-210
205000063,45,191,-146
205000064,23,90,-67
205000065,62,353,-291
205000066,81,387,-306
205000067,37,549,-512
205000069,156,7,149
205000082,126,103,23
205000110,48,131,-83
205000111,147,159,-12
205000112,124,118,6
205000113,123,196,-73
205000121,164,41,123
205000123,35,171,-136
205000126,347,52,295
205000127,712,118,594
205000128,380,41,339
205000129,804,49,755
205000130,111,20,91
205000131,30,10,20
205000132,79,3,76
205000133,53,0,53
205000134,252,0,252
205000137,86,103,-17
205000138,76,174,-98
205000139,31,62,-31
205000144,75,72,3
205000145,211,117,94
205000151,135,13,122
205000152,157,14,143
205000153,202,24,178
205000154,63,25,38
205000155,107,14,93
205000207,5,51,-46
205000233,23,0,23
205000234,0,3,-3
205000243,0,0,0
205000244,0,1,-1
205000245,8,59,-51
205000249,0,16,-16
205000250,16,2,14
205000264,5,73,-68
206000027,3,4,-1
206000028,3,3,0
206000043,6,36,-30
206000053,3,3,0
206000054,2,20,-18
206000055,0,14,-14
206000075,4,16,-12
206000076,15,13,2
206000077,16,10,6
206000078,16,6,10
206000079,28,4,24
206000082,200,38,162
206000100,26,212,-186
206000103,11,3,8
206000104,11,17,-6
206000105,0,3,-3
206000106,4,5,-1
206000125,68,0,68
206000157,14,206,-192
206000170,0,73,-73
206000171,4,104,-100
206000172,8,91,-83
206000173,4,108,-104
206000174,28,28,0
206000175,0,36,-36
206000176,8,50,-42
206000177,1,47,-46
206000178,3,129,-126
206000179,3,40,-37
206000180,5,23,-18
206000181,15,21,-6
206000182,9,37,-28
206000183,10,102,-92
206000184,8,90,-82
206000185,6,38,-32
206000186,83,223,-140
206000223,4,147,-143
206000226,8,1,7
206000227,26,1,25
206000237,40,109,-69
206000238,14,191,-177
206000239,144,778,-634
206000240,2,51,-49
206000241,0,34,-34
206000242,7,62,-55
206000243,2,38,-36
206000244,49,170,-121
206000245,610,38,572
206000246,196,3,193
206000247,271,10,261
206000248,335,7,328
206000252,54,35,19
206000258,15,31,-16
206000315,37,11,26
206000317,403,67,336
206000318,662,40,622
206000319,1376,32,1344
206000320,239,21,218
206000321,202,10,192
206000322,376,6,370
206000323,161,10,151
206000324,208,1,207
206000325,92,13,79
206000326,121,7,114
206000327,66,11,55
206000328,155,2,153
206000329,217,4,213
206000330,35,5,30
206000331,190,1,189
206000332,63,2,61
206000333,538,4,534
206000334,209,3,206
206000335,0,12,-12
206000361,2,85,-83
206000392,0,8,-8
206000405,93,1,92
206000441,38,4,34
206000498,40,4,36
206000515,37,28,9
206000530,335,35,300
206000531,185,206,-21
206000532,1012,308,704
206000535,70,1245,-1175
206000536,12,62,-50
206000537,9,115,-106
206000613,951,152,799
206000784,318,20,298
207000001,106,351,-245
207000002,46,327,-281
207000003,95,75,20
207000007,1228,179,1049
207000008,133,14,119
207000009,75,23,52
207000010,285,217,68
207000012,291,160,131
207000015,162,486,-324
207000019,170,40,130
207000021,361,138,223
207000022,157,116,41
207000023,208,56,152
207000024,1,22,-21
207000025,10,71,-61
207000026,48,32,16
207000027,14,31,-17
207000028,46,101,-55
207000029,111,258,-147
207000033,145,381,-236
207000034,180,120,60
207000039,429,65,364
207000040,425,37,388
207000041,40,15,25
207000042,164,45,119
207000043,147,91,56
207000051,93,124,-31
207000052,34,79,-45
207000053,257,281,-24
207000054,30,40,-10
207000055,162,42,120
207000056,211,179,32
207000057,82,121,-39
207000058,152,203,-51
207000059,118,162,-44
207000060,49,154,-105
207000061,140,611,-471
207000062,493,34,459
207000063,389,61,328
207000064,267,82,185
207000065,261,131,130
207000066,294,122,172
207000067,41,43,-2
207000068,108,58,50
207000069,593,191,402
207000082,11,120,-109
207000083,82,139,-57
207000084,273,175,98
207000085,238,17,221
207000086,262,5,257
207000106,32,21,11
207000107,81,15,66
207000108,47,11,36
207000109,69,8,61
207000110,78,26,52
207000111,63,66,-3
207000112,52,495,-443
207000114,8,38,-30
207000115,17,26,-9
207000116,22,252,-230
207000117,12,58,-46
207000118,2,56,-54
207000119,20,52,-32
207000123,112,9,103
207000124,72,22,50
207000125,61,23,38
207000126,22,32,-10
207000134,145,100,45
207000135,29,111,-82
207000148,69,204,-135
207000149,55,20,35
207000152,85,314,-229
207000153,278,651,-373
207000154,274,146,128
207000159,83,69,14
207000160,112,181,-69
207000238,0,157,-157
207000242,1,74,-73
207000248,45,14,31
207000249,84,26,58
207000250,289,64,225
207000251,113,77,36
207000252,40,35,5
207000278,101,62,39
207000279,15,63,-48
207000280,678,43,635
207000281,91,347,-256
207000282,54,127,-73
207000283,37,114,-77
207000284,24,380,-356
207000285,38,68,-30
207000291,12,76,-64
207000304,83,40,43
207000306,63,193,-130
207000310,58,40,18
207000353,159,5,154
207000356,3,17,-14
207000357,4,10,-6
207000358,3,7,-4
207000415,1,73,-72
207000417,49,1,48
207000418,74,95,-21
207000438,0,5,-5
207000439,381,407,-26
207000446,140,4,136
207000460,42,8,34
207000466,94,72,22
207000467,254,43,211
207000468,29,99,-70
207000476,12,45,-33
207000477,504,43,461
207000478,2,20,-18
207000523,0,2,-2
207000524,71,0,71
207000527,95,107,-12
207000530,371,2,369
207000531,233,8,225
207000532,42,14,28
207000534,193,27,166
207000535,30,214,-184
207000537,31,45,-14
207000540,6,66,-60
207000541,0,188,-188
207000548,6,103,-97
207000549,252,8,244
207000561,168,123,45
207000562,34,77,-43
207000567,92,145,-53
207000568,270,21,249
207000569,502,201,301
207000584,88,82,6
207000585,22,186,-164
207000587,208,16,192
207000616,1,66,-65
207000617,107,0,107
207000624,52,27,25
207000631,14,85,-71
207900008,260,62,198
208000001,481,949,-468
208000002,667,473,194
208000003,946,364,582
208000004,732,623,109
208000005,0,7,-7
208000019,525,505,20
208000020,111,288,-177
208000021,238,189,49
208000022,838,217,621
208000028,513,908,-395
208000033,460,264,196
208000034,714,854,-140
208000037,226,16,210
208000040,108,65,43
208000041,548,287,261
208000042,499,384,115
208000047,126,152,-26
208000064,1440,1126,314
208000066,1046,1696,-650
208000070,289,253,36
208000071,521,398,123
208000072,356,647,-291
208000080,220,259,-39
208000081,339,92,247
208000082,268,126,142
208000083,161,229,-68
208000084,3,9,-6
208000085,501,395,106
208000086,376,879,-503
208000087,294,527,-233
208000089,932,218,714
208000090,900,363,537
208000093,152,162,-10
208000094,409,216,193
208000095,506,344,162
208000104,788,433,355
208000105,489,600,-111
208000114,102,251,-149
208000115,344,210,134
208000116,504,640,-136
208000117,97,167,-70
208000118,91,137,-46
208000155,509,859,-350
208000158,1083,2345,-1262
208000186,1714,2722,-1008
208000204,632,714,-82
208000205,1047,574,473
208000282,2209,1962,247
209000004,301,211,90
209000005,37,31,6
209000006,330,245,85
209000007,184,251,-67
209000010,277,112,165
209000011,74,167,-93
209000012,47,79,-32
209000013,165,145,20
209000014,298,361,-63
209000025,491,29,462
209000026,543,84,459
209000027,247,333,-86
209000028,204,292,-88
209000029,212,343,-131
209000030,242,716,-474
209000031,1685,767,918
209000034,114,218,-104
209000035,94,187,-93
209000036,181,71,110
209000037,292,161,131
209000038,100,100,0
209000039,61,92,-31
209000040,162,320,-158
209000041,120,233,-113
209000042,186,207,-21
209000043,339,496,-157
209000044,157,549,-392
209000045,650,248,402
209000046,478,258,220
209000047,226,118,108
209000048,379,204,175
209000049,78,46,32
209000050,143,68,75
209000051,190,103,87
209000052,152,103,49
209000062,33,39,-6
209000063,47,34,13
209000064,19,25,-6
209000065,102,17,85
209000066,97,6,91
209000067,128,21,107
209000080,21,182,-161
209000082,34,25,9
209000091,12,33,-21
209000093,21,14,7
209000094,43,91,-48
209000110,28,93,-65
209000111,442,1137,-695
209000112,843,478,365
209000113,1192,567,625
209000114,571,378,193
209000115,61,75,-14
209000116,330,136,194
209000118,17,28,-11
209000119,3,8,-5
209000121,100,308,-208
209000135,35,123,-88
209000142,483,1131,-648
209000143,34,34,0
209000144,22,90,-68
209000229,144,73,71
209000240,28,161,-133
209000259,33,37,-4
209000260,30,403,-373
209000261,0,200,-200
209000262,1,168,-167
209000263,0,136,-136
209000264,3,164,-161
209000265,220,0,220
209000266,66,0,66
209000267,724,6,718
209000268,327,46,281
210000037,66,18,48
210000047,58,11,47
210000048,70,6,64
210000049,34,6,28
210000052,66,35,31
210000053,31,23,8
210000054,29,61,-32
210000070,120,3,117
210000071,70,0,70
210000072,19,0,19
210000073,0,19,-19
210000074,1,72,-71
210000075,1,92,-91
210000076,5,117,-112
210000077,10,39,-29
210000078,34,55,-21
210000079,29,20,9
210000080,56,55,1
210000081,84,23,61
210000082,95,2,93
210000083,64,0,64
210000084,33,1,32
210000085,1,42,-41
210000086,0,34,-34
210000099,17,118,-101
210000100,43,84,-41
210000101,59,134,-75
210000105,26,158,-132
210000159,0,151,-151
210000163,73,176,-103
210000164,160,161,-1
210000168,107,28,79
210000187,0,17,-17
210000188,0,17,-17
210000214,10,0,10
210000219,28,37,-9
210000220,68,30,38
210000232,3,13,-10
210000233,19,29,-10
210000234,12,47,-35
210000235,30,43,-13
210000245,0,27,-27
210000246,51,27,24
210000258,3,53,-50
210000259,206,43,163
210000282,43,160,-117
210000285,0,89,-89
210000286,14,81,-67
210000290,3,4,-1
210000295,28,98,-70
210000296,34,15,19
210000320,162,33,129
210000321,64,24,40
210000338,30,43,-13
210000339,116,687,-571
210000340,81,241,-160
210000341,145,205,-60
210000342,147,149,-2
210000343,142,169,-27
210000344,97,109,-12
210000345,108,180,-72
210000346,40,106,-66
210000347,30,39,-9
210000348,90,42,48
210000349,54,12,42
210000350,97,42,55
210000351,148,65,83
210000352,57,34,23
210000353,40,43,-3
210000354,60,40,20
210000355,43,41,2
210000356,13,42,-29
210000357,35,36,-1
210000358,131,160,-29
210000359,63,82,-19
210000360,118,118,0
210000361,140,112,28
210000362,169,150,19
210000363,344,147,197
210000364,98,124,-26
210000365,156,60,96
210000366,110,39,71
210000367,95,17,78
210000368,115,25,90
210000369,13,15,-2
210000370,17,27,-10
210000372,19,19,0
210000373,10,14,-4
210000374,47,21,26
210000375,35,29,6
210000376,45,65,-20
210000404,31,82,-51
210000439,33,17,16
210000472,55,2,53
210000482,38,107,-69
210000564,96,169,-73
210000567,0,45,-45
210000568,225,1,224
211000092,22,13,9
211000094,28,2,26
211000169,147,17,130
211000172,5,125,-120
211000209,0,15,-15
211000226,22,21,1
211000270,31,22,9
211000275,9,18,-9
211000276,50,17,33
211000279,6,14,-8
211000281,46,23,23
211000302,17,22,-5
211507980,2,47,-45
211977296,19,8,11
212000003,129,23,106
212000004,9,49,-40
212000005,15,51,-36
212000006,26,49,-23
212000008,158,97,61
212000009,31,51,-20
212000012,63,45,18
212000013,29,34,-5
212000014,222,88,134
212000015,331,193,138
212000016,338,363,-25
212000027,488,197,291
212000028,308,251,57
212000029,212,159,53
212000030,51,23,28
212000031,65,33,32
212000048,40,147,-107
212000049,9,183,-174
212000050,13,12,1
212000051,174,89,85
212000052,206,133,73
212000053,297,235,62
212000054,316,81,235
212000055,314,136,178
212000056,8,16,-8
212000057,8,5,3
212000058,121,45,76
212000070,128,101,27
212000077,138,292,-154
212000099,296,231,65
212000108,146,67,79
212000111,201,33,168
212000120,99,51,48
212000138,136,16,120
212000156,7,44,-37
212000158,21,20,1
212000159,478,33,445
212000160,704,167,537
212000161,47,3,44
212000310,29,4,25
212000311,7,42,-35
212000374,27,7,20
213000001,20,167,-147
213000005,240,79,161
213000006,524,209,315
213000007,49,5,44
213000009,345,279,66
213000010,153,172,-19
213000011,125,47,78
213000012,142,172,-30
213000014,75,11,64
213000015,176,3,173
213000016,291,2,289
213000017,61,1,60
213000018,2,40,-38
213000019,2,60,-58
213000020,101,170,-69
213000021,5,50,-45
213000023,291,140,151
213000033,241,1039,-798
213000034,249,149,100
213000035,100,116,-16
213000045,156,194,-38
213000046,117,128,-11
213000047,401,896,-495
213000056,65,17,48
213000069,81,4,77
213000073,6,21,-15
213000074,69,300,-231
213000075,378,3,375
213000076,10,1,9
213000085,3,33,-30
213000086,13,128,-115
213000091,239,10,229
213000092,46,7,39
213000099,114,906,-792
213000100,655,200,455
213000101,520,52,468
213000102,478,127,351
213000103,546,455,91
213000104,41,215,-174
213000105,76,842,-766
213000106,24,80,-56
213000107,148,273,-125
213000108,57,210,-153
213000109,10,157,-147
213000110,9,74,-65
213000111,10,59,-49
213000112,92,70,22
213000115,52,6,46
213000116,17,316,-299
213000117,6,374,-368
213000118,381,169,212
213000119,42,351,-309
213000120,88,205,-117
213000122,64,170,-106
213000123,273,426,-153
213000124,120,536,-416
213000125,119,14,105
213000126,24,63,-39
213000127,30,131,-101
213000128,156,738,-582
213000129,153,609,-456
213000130,707,291,416
213000132,363,99,264
213000133,657,68,589
213000134,802,9,793
213000136,411,17,394
213000137,442,52,390
213000139,211,14,197
213000147,16,14,2
213000148,15,16,-1
213000149,25,9,16
213000150,0,169,-169
213000151,1,127,-126
213000152,0,79,-79
213000153,2,98,-96
213000154,41,103,-62
213000155,24,65,-41
213000156,85,239,-154
213000157,377,224,153
213000158,213,523,-310
213000159,247,216,31
213000163,807,111,696
213000165,624,258,366
213000171,87,56,31
213000172,41,90,-49
213000173,15,85,-70
213000174,0,25,-25
213000175,28,14,14
213000176,4,77,-73
213000177,5,12,-7
213000178,47,9,38
213000179,137,38,99
213000180,191,52,139
213000184,81,251,-170
213000188,319,52,267
213000189,326,29,297
213000190,587,425,162
213000191,337,224,113
213000192,261,155,106
213000193,426,168,258
213000194,0,71,-71
213000195,9,260,-251
213000196,154,905,-751
213000197,318,325,-7
213000198,37,1,36
213000200,106,381,-275
213000201,41,30,11
213000202,4,327,-323
213000203,1429,394,1035
213000204,587,42,545
213000205,200,59,141
213000206,355,34,321
213000207,44,6,38
213000208,34,0,34
213000209,91,1,90
213000210,172,3,169
213000211,6,13,-7
213000212,16,14,2
213000213,16,35,-19
213000218,165,209,-44
213000219,376,11,365
213000220,346,3,343
213000223,136,159,-23
213000224,21,54,-33
213000225,70,10,60
213000226,61,10,51
213000227,720,139,581
213000228,390,74,316
213000229,39,23,16
213000230,434,22,412
213000232,58,544,-486
213000233,8,46,-38
213000234,11,79,-68
213000293,36,29,7
213000294,59,29,30
213000295,20,75,-55
213000296,44,14,30
213000297,6,38,-32
213000298,16,58,-42
213000299,31,18,13
213000300,20,2,18
213000303,4,24,-20
213000304,5,3,2
213000305,3,24,-21
213000306,38,67,-29
213000307,55,79,-24
213000308,47,102,-55
213000309,82,47,35
213000310,335,186,149
213000311,131,545,-414
213000315,78,80,-2
213000316,92,27,65
213000322,13,24,-11
213000323,18,21,-3
213000340,124,227,-103
213000341,483,77,406
213000346,142,186,-44
213000347,255,262,-7
213000348,3,144,-141
213000349,7,11,-4
213000350,254,554,-300
213000366,69,103,-34
213000367,319,23,296
213000379,23,93,-70
213000386,38,134,-96
213000406,101,159,-58
213000417,875,355,520
213000425,204,21,183
213000426,163,17,146
213000427,50,64,-14
213000428,23,62,-39
213000429,11,4,7
213000430,62,198,-136
213000431,58,2,56
213000432,0,14,-14
213000433,16,82,-66
213000434,93,58,35
213000435,114,70,44
213000439,31,7,24
213000441,4,2,2
213000443,243,223,20
213000445,1,33,-32
213000446,3,26,-23
213000447,5,47,-42
213000448,13,97,-84
213000449,419,3,416
213000450,21,48,-27
213000451,187,29,158
213000452,6,10,-4
213000453,20,147,-127
213000455,82,0,82
213000456,1,92,-91
213000481,11,4,7
213000482,52,2,50
213000489,97,48,49
213000491,3,211,-208
213000492,99,0,99
213000493,4,95,-91
213000494,127,49,78
213000495,1,17,-16
213000496,218,68,150
213000497,38,133,-95
213000498,80,56,24
213000499,103,113,-10
213000500,272,30,242
213000501,130,16,114
213000502,113,72,41
213000503,2,17,-15
213000504,17,14,3
213000505,6,6,0
213000506,0,2,-2
213000507,4,65,-61
213900244,59,0,59
213900245,0,7,-7
218000003,12,21,-9
218000004,13,13,0
218000005,20,18,2
218000006,53,24,29
218000007,14,16,-2
218000012,75,99,-24
218000013,108,131,-23
218000014,259,248,11
218000019,327,391,-64
218000020,192,207,-15
218000040,1,0,1
218000046,48,46,2
218000047,11,67,-56
218000048,16,43,-27
218000049,40,46,-6
218000050,250,123,127
218000051,55,72,-17
218000052,0,34,-34
218000053,0,5,-5
218000054,4,9,-5
218000055,2,5,-3
218000056,19,20,-1
218000057,3,22,-19
218000064,0,3,-3
218000065,53,11,42
218000066,7,12,-5
218000067,57,47,10
218000068,104,45,59
218000069,199,63,136
218000070,195,117,78
218000071,146,149,-3
218000072,124,134,-10
218000078,762,353,409
218000079,123,31,92
218000080,92,28,64
218000081,407,88,319
218000082,41,57,-16
218000083,59,39,20
218000084,97,71,26
218000085,116,155,-39
218000086,57,69,-12
218000087,202,101,101
218000090,10,94,-84
218000091,779,376,403
218000092,75,94,-19
218000093,59,31,28
218000094,332,394,-62
218000099,212,419,-207
218000100,260,203,57
218000101,236,114,122
218000102,394,102,292
218000103,78,51,27
218000104,73,12,61
218000105,12,21,-9
218000106,31,11,20
218000107,39,18,21
218000108,1,15,-14
218000112,42,28,14
218000117,41,59,-18
218000134,448,241,207
218000135,24,44,-20
218000136,122,63,59
218000137,150,100,50
218000138,33,80,-47
218000139,122,134,-12
218000140,424,193,231
218000141,95,37,58
218000142,153,96,57
218000143,53,217,-164
218000144,27,56,-29
218000145,291,165,126
218000146,75,110,-35
218000151,3,3,0
218000152,95,24,71
218000170,2,21,-19
218000171,44,5,39
218000172,8,10,-2
218000173,17,7,10
218000174,17,9,8
218000176,296,60,236
218000177,351,124,227
218000178,79,104,-25
218000179,139,24,115
218000180,85,24,61
218000181,266,27,239
218000187,25,18,7
218000188,23,44,-21
218000189,16,33,-17
218000190,2,2,0
218000191,175,40,135
218000192,132,84,48
218000193,347,168,179
218000194,111,171,-60
218000195,77,41,36
218000196,242,136,106
218000197,311,162,149
218000198,42,65,-23
218000199,29,17,12
218000200,37,21,16
218000201,19,5,14
218000202,49,217,-168
218000207,2,9,-7
218000208,19,36,-17
218000211,23,17,6
218000213,65,48,17
218000214,10,8,2
218000215,40,22,18
218000217,1,37,-36
218000218,80,31,49
218000219,1,15,-14
218000220,44,253,-209
218000221,337,122,215
218000222,2,20,-18
218000223,33,200,-167
218000224,5,70,-65
218000225,277,32,245
218000226,157,44,113
218000232,33,12,21
218000239,96,10,86
218000240,10,0,10
218000241,19,0,19
218000242,11,2,9
218000243,19,1,18
218000244,21,7,14
218000245,15,1,14
218000246,1,0,1
218000247,0,0,0
218000248,0,28,-28
218000249,1,6,-5
218000250,4,9,-5
218000251,3,73,-70
218000252,1,271,-270
218000253,2,209,-207
218000254,1,60,-59
218000255,1,24,-23
218000256,4,68,-64
218000267,300,696,-396
218000268,10,20,-10
218000269,5,6,-1
218000270,111,6,105
218000271,9,24,-15
218000273,36,0,36
218000274,19,2,17
218000275,25,36,-11
218000276,17,17,0
218000278,9,34,-25
218000279,90,28,62
218000280,5,19,-14
218000281,5,12,-7
218000282,364,460,-96
218000284,39,4,35
218000301,76,116,-40
218000302,69,24,45
218000303,9,64,-55
218000316,655,447,208
218000317,1177,442,735
218000318,742,366,376
218000319,966,470,496
218000320,615,249,366
218000338,41,31,10
218000345,41,79,-38
218000346,31,108,-77
218000459,12,100,-88
218000490,24,38,-14
218000501,89,22,67
218000502,62,28,34
218000503,84,15,69
218000504,101,14,87
218000505,33,67,-34
218000506,17,183,-166
218000508,1,7,-6
218000510,123,14,109
218000520,84,95,-11
218000521,13,39,-26
218000522,3,117,-114
218000523,109,2,107
218000524,5,135,-130
218000525,96,12,84
218000526,15,90,-75
218000529,26,95,-69
218000531,5,7,-2
218000532,26,14,12
218000534,116,13,103
218000537,23,46,-23
218000538,85,247,-162
218000540,97,52,45
218000543,107,48,59
218000544,19,43,-24
218000545,60,67,-7
218000546,27,36,-9
218000547,113,127,-14
218000548,75,58,17
218000549,429,286,143
218000550,109,170,-61
218000551,68,421,-353
218000552,195,57,138
218000553,30,94,-64
218000554,17,27,-10
218000555,20,78,-58
218000556,234,80,154
218000557,259,138,121
218000558,24,4,20
218000559,0,20,-20
218000560,0,20,-20
218000561,28,0,28
218000562,9,119,-110
218000563,131,30,101
218000564,5,99,-94
218000565,50,8,42
218000566,36,8,28
218000567,0,70,-70
218000568,8,1,7
218000569,2,59,-57
218000570,33,8,25
218000571,1,78,-77
218000572,106,2,104
218000573,6,136,-130
218000574,20,20,0
218000575,79,1,78
218000576,1,44,-43
218000577,78,0,78
218000578,0,60,-60
218000579,20,6,14
218000581,2,75,-73
218000582,27,5,22
218000583,7,1,6
218000584,0,50,-50
218000585,50,1,49
218000586,5,25,-20
218000587,1,5,-4
218000588,0,2,-2
218000589,1,9,-8
218000590,0,0,0
218000591,2,8,-6
218000592,2,6,-4
218000593,4,3,1
218000594,2,10,-8
218000597,0,2,-2
218000598,0,0,0
218000599,5,1,4
218000600,3,0,3
218000601,1,1,0
218000602,0,3,-3
218000603,0,3,-3
218000604,10,0,10
218000605,0,68,-68
218000606,94,0,94
218000607,11,27,-16
218000608,50,13,37
218000609,7,30,-23
218000610,41,7,34
218000611,13,1,12
218000612,2,8,-6
218000613,36,1,35
218000614,0,17,-17
218000615,117,1,116
218000616,1,61,-60
218000617,10,3,7
218000618,0,6,-6
218000619,10,7,3
218000620,3,11,-8
218000621,1,0,1
218000622,0,36,-36
218000623,19,3,16
218000624,0,14,-14
218000625,4,13,-9
218000626,0,18,-18
218000628,156,35,121
218000631,28,8,20
218000632,0,103,-103
218000633,97,1,96
218000634,0,5,-5
218000635,2,4,-2
218000636,627,504,123
218000637,809,251,558
218000638,220,15,205
218000639,8,73,-65
218000640,241,16,225
218000641,80,135,-55
218000652,17,11,6
218000653,165,54,111
218000663,14,113,-99
218000675,35,28,7
218000680,111,182,-71
218000681,329,129,200
218000691,222,83,139
218000693,299,97,202
218000718,37,412,-375
218000719,136,274,-138
218000720,8,149,-141
218000721,40,19,21
218001147,6,91,-85
218001214,29,40,-11
218001258,204,7,197
218001329,91,83,8
218001330,66,81,-15
218001351,4,16,-12
218001352,8,12,-4
218001353,15,4,11
218001354,24,17,7
218001355,26,100,-74
218001356,236,29,207
218001357,21,55,-34
218001358,208,17,191
218001361,454,5,449
218001362,0,78,-78
219000001,15,21,-6
219000002,19,33,-14
219000003,53,34,19
219000004,23,49,-26
219000017,51,66,-15
219000020,127,35,92
219000022,115,4,111
219000023,96,0,96
219000029,0,33,-33
219000034,26,14,12
219000039,58,148,-90
219000040,36,89,-53
219000041,119,11,108
219000051,0,28,-28
219000052,1,15,-14
219000053,1,68,-67
219000055,239,1,238
219000056,8,0,8
219000057,52,0,52
219000062,18,45,-27
219000063,74,13,61
219000064,0,50,-50
219000110,326,78,248
219000111,58,42,16
219000112,132,39,93
219000113,120,45,75
219000114,93,61,32
219000116,96,36,60
219000117,134,90,44
219000118,128,48,80
219000123,139,64,75
219000124,43,43,0
219000125,19,15,4
219000126,47,129,-82
219000127,2,10,-8
219000128,6,83,-77
219000129,8,158,-150
219000130,218,460,-242
219000131,512,695,-183
219000133,35,58,-23
219000134,13,36,-23
219000135,19,61,-42
219000136,62,180,-118
219000138,31,18,13
219000139,35,21,14
219000140,26,1,25
219000141,32,61,-29
219000142,4,36,-32
219000143,4,28,-24
219000145,16,27,-11
219000146,2,31,-29
219000147,3,11,-8
219000148,4,13,-9
219000149,2,23,-21
219000150,2,20,-18
219000151,5,20,-15
219000157,180,85,95
219000158,113,145,-32
219000161,116,6,110
219000163,740,383,357
219000166,98,135,-37
219000167,106,117,-11
219000168,140,77,63
219000174,337,88,249
219000175,77,5,72
219000176,118,3,115
219000177,29,4,25
219000178,44,0,44
219000179,23,4,19
219000180,15,11,4
219000182,121,17,104
219000183,55,20,35
219000184,87,3,84
219000185,2,20,-18
219000186,44,6,38
219000187,21,40,-19
219000189,28,129,-101
219000190,69,163,-94
219000191,233,1187,-954
219000192,134,114,20
219000193,161,88,73
219000195,2,63,-61
219000196,1,76,-75
219000198,18,50,-32
219000199,29,82,-53
219000200,48,97,-49
219000201,46,133,-87
219000203,24,79,-55
219000204,96,211,-115
219000205,39,181,-142
219000207,106,143,-37
219000209,33,27,6
219000210,17,64,-47
219000213,11,97,-86
219000239,178,131,47
219000240,212,216,-4
219000241,162,104,58
219000242,40,64,-24
219000243,53,126,-73
219000244,12,45,-33
219000245,31,27,4
219000246,32,28,4
219000247,153,29,124
219000248,347,322,25
219000249,94,87,7
219000250,74,83,-9
219000251,341,213,128
219000252,213,99,114
219000253,374,88,286
219000255,135,78,57
219000256,215,51,164
219000257,83,0,83
219000262,58,72,-14
219000263,49,90,-41
219000267,1,35,-34
219000268,1,1,0
219000269,0,7,-7
219000270,29,0,29
219000271,149,0,149
219000278,0,9,-9
219000279,1,4,-3
219000283,0,13,-13
219000295,7,47,-40
219000296,28,185,-157
219000297,16,46,-30
219000298,11,41,-30
219000299,260,28,232
219000300,17,58,-41
219000301,102,253,-151
219000302,28,135,-107
219000307,32,18,14
219000308,64,44,20
219000311,169,64,105
219000312,295,111,184
219000313,301,31,270
219000314,45,137,-92
219000315,246,30,216
219000316,398,27,371
219000317,110,3,107
219000320,0,45,-45
219000321,0,18,-18
219000323,1,18,-17
219000325,1,4,-3
219000326,30,37,-7
219000327,34,18,16
219000328,17,30,-13
219000329,203,90,113
219000330,17,17,0
219000331,38,26,12
219000332,115,62,53
219000333,27,2,25
219000335,72,1,71
219000337,28,0,28
219000338,49,0,49
219000344,20,60,-40
219000345,38,78,-40
219000346,17,50,-33
219000348,138,34,104
219000349,97,84,13
219000350,114,324,-210
219000351,3,9,-6
219000352,306,65,241
219000353,96,33,63
219000354,191,72,119
219000355,94,49,45
219000356,352,1103,-751
219000363,131,88,43
219000364,91,45,46
219000365,89,19,70
219000366,132,303,-171
219000368,212,412,-200
219000370,568,495,73
219000371,13,34,-21
219000382,8,5,3
219000383,272,853,-581
219000385,233,418,-185
219000386,461,1383,-922
219000387,0,5,-5
219000390,5,0,5
219000391,6,1,5
219000397,30,18,12
219000398,27,43,-16
219000401,8,65,-57
219000402,12,50,-38
219000403,79,293,-214
219000404,13,84,-71
219000407,5,13,-8
219000409,46,40,6
219000410,109,34,75
219000411,96,9,87
219000446,49,247,-198
219000447,0,17,-17
219000448,11,27,-16
219000452,70,93,-23
219000453,36,118,-82
219000454,94,266,-172
219000556,183,87,96
219000558,94,94,0
219000590,22,112,-90
219000591,74,51,23
219000592,58,162,-104
219000595,0,9,-9
219000635,134,18,116
219000636,27,25,2
219000657,3,12,-9
219000658,12,108,-96
219000673,0,9,-9
219000676,0,1,-1
219000679,14,9,5
219000684,76,5,71
219000685,0,35,-35
219000686,0,1,-1
219000688,0,31,-31
219000689,17,116,-99
219000690,114,13,101
219000691,26,98,-72
219000692,88,14,74
219000693,0,9,-9
219000694,10,1,9
219000695,47,4,43
219000698,9,0,9
219000699,0,9,-9
219000727,0,73,-73
219000728,100,0,100
219000770,10,4,6
219000771,3,25,-22
219000788,271,280,-9
219001150,1,27,-26
219001151,0,2,-2
219001166,28,39,-11
219001167,0,41,-41
219001178,61,0,61
220000001,23,57,-34
220000002,2,97,-95
220000003,204,101,103
220000004,169,160,9
220000005,524,714,-190
220000006,124,393,-269
220000007,340,139,201
220000008,233,282,-49
220000009,187,217,-30
220000010,92,33,59
220000011,265,1932,-1667
220000012,30,121,-91
220000014,91,25,66
220000015,44,334,-290
220000017,17,143,-126
220000018,3384,878,2506
220000019,52,272,-220
220000020,284,91,193
220000021,603,104,499
220000022,684,201,483
220000023,293,103,190
220000024,919,342,577
220000025,429,916,-487
220000026,184,307,-123
220000027,23,63,-40
220000028,15,52,-37
220000029,24,53,-29
220000030,28,53,-25
220000031,340,254,86
220000064,15,827,-812
221000046,2,0,2
221000047,0,0,0
221000048,0,1,-1
221000049,0,7,-7
221000050,6,1,5
221000055,34,35,-1
221000068,191,73,118
221000069,221,43,178
221000070,147,14,133
221000071,66,6,60
221000072,174,9,165
221000073,120,23,97
221000074,0,10,-10
221000075,12,23,-11
221000076,9,19,-10
221000077,6,27,-21
221000081,71,20,51
221000082,70,5,65
221000083,6,5,1
221000084,11,4,7
221000085,23,24,-1
221000086,10,55,-45
221000087,3,85,-82
221000088,12,80,-68
221000089,19,119,-100
221000090,53,345,-292
221000098,106,14,92
221000099,129,13,116
221000100,98,9,89
221000101,182,9,173
221000107,22,4,18
221000108,40,7,33
221000109,1,15,-14
221000110,2,16,-14
221000111,23,147,-124
221000112,8,95,-87
221000113,11,80,-69
221000114,9,73,-64
221000120,31,20,11
221000121,3,33,-30
221000122,18,19,-1
221000123,7,15,-8
221000124,19,76,-57
221000155,56,16,40
221000156,79,44,35
221000175,1,7,-6
221000176,0,2,-2
221000182,48,2,46
221000241,367,200,167
221000242,83,248,-165
221000243,440,178,262
221000244,241,316,-75
221000245,69,56,13
221000246,42,172,-130
221000247,123,65,58
221000248,143,79,64
221000267,20,310,-290
221000325,16,37,-21
221000331,13,29,-16
221000338,19,17,2
221000378,149,20,129
221000381,35,40,-5
222000282,14,4,10
222000296,3,7,-4
222000568,259,14,245
222000569,140,34,106
222000570,117,18,99
222000571,313,24,289
222000577,8,45,-37
222000578,15,66,-51
222000579,15,68,-53
222000580,41,300,-259
222000599,0,82,-82
222000600,1,168,-167
222000601,1,433,-432
222000603,9,27,-18
222000604,1,27,-26
222000605,18,17,1
222000606,1,16,-15
222000607,3,8,-5
222000608,12,8,4
222000609,26,49,-23
222000616,344,13,331
222000617,3,7,-4
222000618,1,2,-1
222000620,9,11,-2
222000621,14,10,4
222000623,394,6,388
222000624,343,0,343
222000625,451,12,439
222000636,21,3,18
222000686,10,3,7
222000687,14,13,1
222001066,188,0,188
222001067,14,2,12
222001068,31,10,21
222001069,35,14,21
222001082,5,13,-8
222001083,18,9,9
222001084,0,34,-34
222001085,1,56,-55
222001111,32,47,-15
222001112,157,9,148
222001313,20,7,13
222001314,3,50,-47
222001464,219,41,178
222001465,20,65,-45
222001484,142,35,107
222001485,17,18,-1
222001494,493,108,385
222001495,75,73,2
222001496,353,82,271
222001497,81,159,-78
222001502,15,36,-21
222001503,112,21,91
222001504,20,179,-159
222001505,297,14,283
222001506,46,177,-131
222001507,177,10,167
222001510,414,11,403
222001511,49,102,-53
222001514,435,90,345
222001515,98,241,-143
222001518,314,52,262
222001519,57,86,-29
222001527,175,20,155
222001528,4,85,-81
222001529,299,30,269
222001530,41,118,-77
222001533,94,91,3
222001534,351,35,316
222001535,201,178,23
222001536,40,88,-48
222001537,230,41,189
222001538,37,209,-172
222001563,817,73,744
222001564,61,164,-103
222001568,167,114,53
222001576,0,1,-1
222001579,0,7,-7
222001583,10,46,-36
222001584,86,10,76
222001596,349,671,-322
222001597,1034,251,783
222001626,3,64,-61
222001650,21,78,-57
222001651,36,232,-196
222001914,161,17,144
222001915,16,149,-133
222001968,360,168,192
222001969,203,260,-57
222001970,107,158,-51
222001971,17,1,16
222001972,0,4,-4
225000001,268,129,139
225000002,471,113,358
225000003,492,70,422
225000004,272,118,154
225000005,100,36,64
225000006,0,126,-126
225000007,750,762,-12
225000010,222,9,213
225000011,173,777,-604
225000012,192,432,-240
225000013,52,72,-20
225000014,459,95,364
225000015,63,63,0
225000021,502,106,396
225000027,102,215,-113
225000032,496,65,431
225000042,70,243,-173
225000049,47,30,17
225000050,61,3,58
225000053,3,117,-114
225000058,582,153,429
225000067,169,60,109
225000068,57,116,-59
225000069,68,234,-166
225000070,47,162,-115
225000071,20,63,-43
225000075,8,373,-365
225000076,37,72,-35
225000078,58,53,5
225000085,63,88,-25
225000086,196,47,149
225000087,150,11,139
225000088,12,79,-67
225000089,103,713,-610
225000090,44,303,-259
225000091,126,79,47
225000092,9,41,-32
225000093,112,151,-39
225000094,8,84,-76
225000095,157,161,-4
225000096,133,236,-103
225000098,491,201,290
225000099,247,123,124
225000100,255,116,139
225000104,79,180,-101
225000110,2,163,-161
225000111,152,442,-290
225000112,188,611,-423
225000113,118,434,-316
225000114,75,158,-83
225000115,705,328,377
225000116,482,168,314
225000117,608,183,425
225000118,685,198,487
225000119,251,59,192
225000120,568,35,533
225000121,182,7,175
225000123,441,19,422
225000125,425,108,317
225000126,526,126,400
225000127,383,821,-438
225000128,359,557,-198
225000132,402,42,360
225000133,268,34,234
225000134,529,103,426
225000135,41,10,31
225000136,263,14,249
225000137,257,30,227
225000138,351,52,299
225000143,41,149,-108
225000144,6,174,-168
225000145,26,29,-3
225000146,57,50,7
225000147,23,93,-70
225000148,5,63,-58
225000149,40,181,-141
225000151,20,74,-54
225000155,259,213,46
225000156,106,467,-361
225000157,247,209,38
225000158,62,126,-64
225000171,6,81,-75
225000180,21,0,21
225000181,0,41,-41
225000182,73,4,69
225000185,5,324,-319
225000187,33,228,-195
225000191,70,1,69
225000194,0,10,-10
225000208,1,36,-35
225000209,74,3,71
225000210,16,109,-93
225000217,0,6,-6
225000218,5,3,2
225000223,0,61,-61
225000224,28,1,27
225000225,0,25,-25
225000226,17,0,17
225000227,23,51,-28
225000228,4,9,-5
225000229,0,47,-47
225000230,21,0,21
225000231,0,25,-25
225000232,112,0,112
225000241,60,1,59
225000242,1,30,-29
225000249,22,15,7
225000250,34,292,-258
225000251,318,32,286
226000042,88,256,-168
226000043,50,169,-119
226000044,57,213,-156
226000045,38,165,-127
226000046,401,68,333
226000047,329,87,242
226000048,341,81,260
226000049,248,167,81
226000070,0,9,-9
226000071,0,30,-30
226000072,0,14,-14
226000073,0,3,-3
226000074,0,3,-3
226000084,2,11,-9
226000085,0,1,-1
226000086,1,1,0
226000087,1,10,-9
226000088,9,6,3
226000090,240,98,142
226000091,5,44,-39
226000092,0,9,-9
226000093,5,1,4
226000094,3,4,-1
226000095,11,2,9
226000105,2,9,-7
226000106,4,0,4
226000107,4,0,4
226000108,17,9,8
226000109,83,2,81
226000124,78,66,12
226000134,566,446,120
226000135,1030,454,576
226000136,393,314,79
226000137,1,145,-144
226000138,8,102,-94
226000139,1,14,-13
226000156,174,3,171
226000157,200,6,194
226000163,124,102,22
226000202,16,110,-94
226000231,472,9,463
226000232,25,4,21
227000033,28,12,16
227000037,312,22,290
227000038,136,28,108
227000049,1,45,-44
227000050,1,42,-41
227000055,56,0,56
227000056,32,0,32
227000084,6,78,-72
227000085,0,54,-54
227000088,26,2,24
227000089,67,2,65
227000090,36,1,35
227000091,23,1,22
227000093,61,0,61
227000094,11,9,2
227000130,18,201,-183
227000131,15,128,-113
227000132,17,86,-69
227000133,7,86,-79
227000134,25,147,-122
227000152,1,8,-7
227000153,0,81,-81
227000155,1,16,-15
227000156,0,8,-8
227000165,11,190,-179
227000196,18,93,-75
227000199,328,8,320
227000230,8,116,-108
227000232,263,14,249
227000241,411,24,387
227000242,46,306,-260
227000243,310,40,270
227000244,289,56,233
227000245,20,165,-145
227000246,60,191,-131
227000247,346,58,288
227000248,148,26,122
227000249,15,164,-149
227000250,17,10,7
227000251,74,254,-180
227000252,34,105,-71
227000253,151,8,143
227000262,365,31,334
227000266,816,25,791
227000267,15,427,-412
227000486,186,181,5
227000655,227,2,225
227000661,66,16,50
227000680,62,38,24
229000265,8,26,-18
229000296,2,15,-13
229000297,6,13,-7
229000298,2,66,-64
229000320,7,9,-2
229000321,9,2,7
229000412,8,32,-24
229000414,1,24,-23
229000415,8,1,7
229000416,0,7,-7
229000417,0,6,-6
229000419,42,159,-117
229000440,170,41,129
229000442,17,0,17
229000443,6,1,5
229000444,0,13,-13
229000445,49,7,42
229000446,33,9,24
229000847,37,0,37
229000848,10,0,10
229000849,76,0,76
229000851,62,0,62
229000854,0,10,-10
229000856,1,21,-20
229000857,0,9,-9
229000858,0,23,-23
229000919,1,36,-35
229000930,4,116,-112
229000937,103,6,97
229000966,43,24,19
229000981,16,7,9
229000985,4,22,-18
229000986,0,6,-6
229000987,0,0,0
229000988,4,3,1
229000989,6,0,6
229000990,0,1,-1
229000991,2,1,1
229000992,4,3,1
229000993,44,5,39
229000998,14,18,-4
229000999,58,24,34
229001034,0,6,-6
229001035,7,1,6
229001037,42,4,38
229001042,7,8,-1
229001047,13,17,-4
229001050,45,26,19
229001200,16,2,14
229001338,0,8,-8
229001394,194,3,191
229001422,80,5,75
229001423,21,54,-33
229001431,28,38,-10
229001432,15,17,-2
229001444,137,34,103
229001445,21,61,-40
229001503,200,67,133
229001504,73,68,5
229001505,104,42,62
229001506,47,63,-16
229001509,34,9,25
229001545,95,4,91
229001546,3,50,-47
229001553,43,4,39
229001554,6,32,-26
229001559,0,3,-3
229001560,7,20,-13
229001630,53,8,45
229001631,15,10,5
229001635,1,4,-3
229001636,0,0,0
229001658,0,38,-38
229001659,43,2,41
229001660,3,1,2
229001661,3,35,-32
229001662,13,0,13
229001663,0,17,-17
229002584,112,76,36
229002831,66,64,2
229002841,7,9,-2
229002842,16,7,9
229002843,27,30,-3
229002844,22,24,-2
229002845,6,69,-63
229002846,13,24,-11
229002847,1,11,-10
229002848,5,6,-1
229002849,2,38,-36
229002850,21,0,21
229002851,21,72,-51
229002852,70,9,61
229002853,68,5,63
229002854,30,17,13
229002855,5,7,-2
229002856,13,8,5
229002857,11,46,-35
229002858,14,5,9
229002859,12,39,-27
229002860,34,12,22
229002861,18,14,4
229002862,13,17,-4
229002863,11,14,-3
229002864,26,13,13
229002865,5,8,-3
229002866,7,13,-6
229002867,2,17,-15
229002868,6,2,4
229002869,13,63,-50
229002870,24,6,18
235000066,128,8,120
235000067,59,39,20
235000072,20,62,-42
235000073,56,273,-217
235000074,19,14,5
235000080,23,31,-8
235000081,88,78,10
235000082,237,17,220
235000083,174,23,151
235000084,30,32,-2
235000085,135,21,114
235000089,21,15,6
235000092,19,83,-64
235000093,3,0,3
235000097,2,14,-12
235000098,51,4,47
235000099,19,11,8
235000116,26,11,15
235000117,242,13,229
235000133,8,271,-263
235000134,12,125,-113
235000206,10,2,8
235000207,7,7,0
235000208,1,3,-2
235000209,7,2,5
235000210,5,1,4
235000212,1,11,-10
235000213,4,8,-4
235000220,0,4,-4
235000221,31,17,14
235000238,4,94,-90
235000239,3,30,-27
235000242,252,573,-321
235000245,202,118,84
235000246,2,48,-46
235000284,3,140,-137
235000295,56,8,48
235000305,224,33,191
235000306,258,12,246
235000307,26,0,26
235000308,14,2,12
235000309,57,1,56
235000310,32,0,32
235000311,43,22,21
235000322,0,11,-11
235000323,0,28,-28
235000324,0,13,-13
235000325,0,2,-2
235000326,10,80,-70
235000351,2,49,-47
235000352,2,35,-33
235000353,6,24,-18
235000354,3,67,-64
235000355,15,125,-110
235000356,41,6,35
235000357,17,5,12
235000358,15,5,10
235000359,11,2,9
235000360,15,7,8
235000361,58,1,57
235000381,44,46,-2
235000382,106,19,87
235000390,6,1,5
235000391,126,1,125
235000392,178,185,-7
235000393,119,123,-4
235000395,101,15,86
235000396,368,35,333
235000400,34,73,-39
235000401,7,83,-76
235000405,71,46,25
235000406,38,59,-21
235000407,37,40,-3
235000409,112,47,65
235000410,20,83,-63
235000411,0,19,-19
235000485,0,12,-12
235000486,3,0,3
235000549,61,26,35
235000550,71,32,39
235000599,90,14,76
235000600,11,9,2
235000601,21,13,8
235000602,63,25,38
235000614,1,8,-7
235000648,0,8,-8
235000649,22,4,18
235000685,0,3,-3
235000815,13,166,-153
235000834,0,11,-11
235000855,25,17,8
235000862,41,55,-14
235000891,0,15,-15
235000892,50,50,0
235000901,46,29,17
235000907,2,8,-6
235001010,78,27,51
235001029,166,106,60
235001030,259,127,132
235001078,68,90,-22
235001079,49,33,16
235001147,23,26,-3
235001166,5,15,-10
235001167,24,9,15
235001169,22,309,-287
235001188,0,4,-4
235001189,0,3,-3
235001197,5,4,1
235001200,60,20,40
235001207,356,25,331
235001210,63,61,2
235001215,9,55,-46
235001239,0,18,-18
235001244,0,4,-4
235016267,0,35,-35
277102712,9,1,8
277103813,0,0,0
277104249,0,2,-2
277104250,0,8,-8
277104251,0,7,-7
277104252,0,1,-1
990011530,1,138,-137
990014944,0,157,-157
990015176,49,6,43
990016032,0,112,-112
990032570,0,15,-15
990070001,53,1,52
990070103,0,2,-2
990070601,0,18,-18
990070751,855,2,853
990070766,0,129,-129
990071180,303,185,118
990071343,89,73,16
990071387,0,6,-6
990071823,7,1,6
990072600,0,975,-975
990072964,1,229,-228
990073285,0,3,-3
990074393,0,302,-302
990074870,1285,10,1275
990075106,593,5,588
990075746,493,4,489
990076437,1313,3,1310
990076458,1,185,-184
997000007,270,2,268
997000041,0,143,-143
997000058,45,0,45
997000062,16,0,16
997000069,0,2,-2
997000070,0,6,-6
997000100,48,0,48
997000141,0,395,-395
997000198,27,433,-406
998000475,0,0,0
998000736,0,169,-169
998000965,0,6,-6
998001031,0,62,-62
998001700,0,15,-15
998001899,0,1,-1
998001900,0,0,0
998003073,706,3,703
998101900,0,0,0
998102850,2,103,-101
998501927,483,908,-425
998501929,69,2,67
998501930,39,0,39
998501931,85,9,76
998501932,2,1,1
998501933,43,0,43
998501937,17,4,13
998501944,5,0,5
998501950,0,8,-8
998501970,36,2,34
998501971,0,46,-46
998501973,0,21,-21
998501974,1,132,-131
998501975,36,0,36
998501976,185,1,184
998501977,1,13,-12
998501978,11,0,11
998501979,0,3,-3
998501980,32,0,32
998501981,14,1,13
998501982,1,58,-57
998501983,1,1,0
998502006,0,0,0
998502024,0,4,-4
998502032,0,2,-2
998502062,7,0,7
998502063,0,0,0
998502173,63,0,63
998502269,1,2,-1
998502546,0,116,-116
998502578,1,1,0
998502599,3,257,-254
998502621,0,1,-1
998601159,1,24,-23
998601292,0,10,-10
999033574,2,155,-153
999800001,20,0,20
999800002,0,2,-2
999800003,3,0,3
999800004,0,5,-5
999800005,0,10,-10
