ID,insum,outsum,diff
100000001,596,807,-211
100000002,2763,2578,185
100000003,4354,4246,108
100000004,911,868,43
100000005,2152,4314,-2162
100000006,696,194,502
100000007,1666,744,922
100000008,287,669,-382
100000009,512,241,271
100000010,84,74,10
100000011,1139,138,1001
100000012,110,1243,-1133
100000013,69,362,-293
100000014,587,390,197
100000015,1245,2057,-812
100000016,786,1205,-419
100000017,582,831,-249
100000018,1239,598,641
100000019,2846,2148,698
100000020,1366,5326,-3960
100000021,4553,2214,2339
100000022,816,2448,-1632
100000023,3986,1473,2513
100000025,641,1036,-395
100000028,868,979,-111
100000029,139,313,-174
100000030,85,42,43
100000031,2523,5241,-2718
100000032,1545,3443,-1898
100000033,859,2691,-1832
100000034,184,727,-543
100000035,1164,1461,-297
100000036,1266,1318,-52
100000037,692,472,220
100000038,2163,959,1204
100000039,425,314,111
100000040,256,154,102
100000041,1232,497,735
100000042,1136,650,486
100000043,1079,634,445
100000044,340,1030,-690
100000045,446,1417,-971
100000046,571,717,-146
100000047,235,449,-214
100000048,313,496,-183
100000049,1203,1321,-118
100000051,497,706,-209
100000053,186,7,179
100000054,512,38,474
100000055,888,319,569
100000056,495,532,-37
100000057,1732,596,1136
100000058,792,823,-31
100000059,17,170,-153
100000060,436,302,134
100000061,2136,494,1642
100000062,1977,493,1484
100000063,792,226,566
100000064,1386,340,1046
100000065,283,700,-417
100000066,202,581,-379
100000067,395,552,-157
100000068,444,1075,-631
100000069,279,920,-641
100000072,270,604,-334
100000073,874,830,44
100000075,789,261,528
100000076,1459,2992,-1533
100000077,148,225,-77
100000078,15,21,-6
100000079,27,67,-40
100000080,23,57,-34
100000081,124,204,-80
100000102,2154,2692,-538
100000103,1983,1922,61
100000104,2762,2783,-21
100000105,1803,1760,43
100000106,1592,2203,-611
100000107,338,1157,-819
100000108,358,794,-436
100000109,1433,1046,387
100000116,876,865,11
100000117,73,130,-57
100000118,1027,1433,-406
100000119,526,761,-235
100000121,407,382,25
100000122,721,1176,-455
100000123,2261,3101,-840
100000124,3101,4952,-1851
100000125,2745,1372,1373
100000126,548,410,138
100000127,1229,437,792
100000128,1188,1976,-788
100000129,481,495,-14
100000130,397,411,-14
100000131,1443,2122,-679
100000132,895,2376,-1481
100000133,2782,1753,1029
100000135,515,1192,-677
100000139,367,501,-134
100000140,273,306,-33
100000142,484,491,-7
100000143,1099,475,624
100000144,3215,747,2468
100000147,931,3048,-2117
100000150,61,354,-293
100000151,859,1392,-533
100000153,152,382,-230
100000154,40,197,-157
100000155,12,58,-46
100000156,376,454,-78
100000157,330,152,178
100000158,263,109,154
100000159,267,573,-306
100000165,1082,834,248
100000169,144,965,-821
100000174,329,829,-500
100000179,121,472,-351
100000180,1216,2814,-1598
100000181,471,271,200
100000188,81,174,-93
100000189,1014,417,597
100000190,607,1005,-398
100000191,684,521,163
100000192,29,99,-70
100000193,286,182,104
100000330,927,682,245
100000355,197,653,-456
100000362,3266,2098,1168
100000363,4275,4248,27
100000364,159,274,-115
100000365,5322,7443,-2121
100000366,4273,2700,1573
100000367,4848,6741,-1893
100000368,2083,1026,1057
100000369,767,2075,-1308
100000370,185,995,-810
100000376,96,112,-16
100000379,1452,1467,-15
100000380,3820,4100,-280
100000384,3943,4668,-725
100000385,2193,3514,-1321
100000386,4537,4460,77
100000387,3360,4705,-1345
100000388,4109,5456,-1347
100000389,5107,5607,-500
100000390,5555,5792,-237
100000391,4170,6796,-2626
100000392,2545,4029,-1484
100000393,2116,4478,-2362
100000394,5423,7993,-2570
100000395,4036,4823,-787
100000396,5885,3740,2145
100000397,4218,6994,-2776
100000398,9804,7271,2533
100000413,8,10,-2
100900002,6,17,-11
100900003,345,171,174
100900004,19,623,-604
100900005,111,29,82
100900006,21,83,-62
100900007,210,6,204
100900008,4,322,-318
100900009,45,102,-57
100900010,48,45,3
100900011,150,114,36
100900012,2,155,-153
100900013,829,7,822
100900014,0,4,-4
100900015,62,61,1
100900016,1,24,-23
100900017,603,68,535
100900018,0,17,-17
100900019,14,54,-40
100900020,310,10,300
100900021,133,1,132
100900022,10,26,-16
100900023,0,9,-9
100900024,348,3,345
100900025,14,7,7
100900026,106,89,17
100900027,449,1983,-1534
100900028,97,162,-65
100900029,29,4,25
100900030,1,93,-92
100900031,524,38,486
100900032,136,0,136
100900033,181,177,4
100900034,651,3,648
100900035,304,3,301
100900036,26,1,25
100900037,90,121,-31
100900038,71,32,39
100900039,252,487,-235
100900040,1598,469,1129
100900041,627,463,164
100900042,1041,1093,-52
100900043,1,10,-9
100900044,1288,580,708
100900045,4,0,4
100900046,418,2,416
100900047,607,130,477
100900048,112,24,88
100900049,63,106,-43
100900050,6,2,4
100900051,24,70,-46
100900052,210,27,183
100900053,396,38,358
100900054,11,47,-36
100900055,198,592,-394
100900056,43,72,-29
100900057,1073,849,224
100900058,269,37,232
100900059,61,21,40
100900060,158,11,147
100900061,294,152,142
100900062,5,16,-11
100900063,228,596,-368
100900064,222,9,213
100900065,65,103,-38
100900066,146,163,-17
100900067,11,5,6
100900068,81,101,-20
100900069,207,10,197
100900070,392,7,385
100900071,606,202,404
100900072,2,37,-35
100900073,143,248,-105
100900074,1,4,-3
100900075,1254,228,1026
100900076,4,18,-14
100900077,37,44,-7
100900078,68,230,-162
100900079,10,14,-4
100900080,40,164,-124
100900081,30,101,-71
100900082,156,409,-253
100900083,7,17,-10
100900085,24,228,-204
100900086,72,477,-405
100900088,140,326,-186
100900089,2,10,-8
100900090,82,378,-296
100900091,1,23,-22
100900092,160,124,36
100900093,241,246,-5
100900094,119,241,-122
100900095,6,20,-14
100900096,57,80,-23
100900097,10,9,1
100900098,26,30,-4
100900099,15,357,-342
100900100,14,453,-439
100900101,186,45,141
100900102,33,91,-58
100900103,8,9,-1
100900104,5,162,-157
100900105,32,413,-381
100900106,38,8,30
100900107,1348,697,651
100900108,3,37,-34
100900109,13,12,1
100900110,4,21,-17
100900111,26,143,-117
100900112,13,20,-7
100900113,18,19,-1
100900114,20,17,3
100900115,5,14,-9
100900116,779,457,322
100900117,254,767,-513
100900118,13,32,-19
100900119,13,8,5
100900120,13,10,3
100900121,314,323,-9
100900122,227,127,100
100900123,99,110,-11
100900124,6,22,-16
100900125,13,46,-33
100900126,180,167,13
100900127,4,18,-14
100900128,87,123,-36
100900129,2,196,-194
100900131,99,193,-94
100900133,66,20,46
100900134,2,11,-9
100900135,0,236,-236
100900137,300,132,168
100900138,379,418,-39
100900139,5,2,3
100900140,5,313,-308
100900141,2,566,-564
100900142,5,6,-1
100900143,648,390,258
100900144,18,6,12
100900145,125,197,-72
100900146,8,45,-37
100900147,17,574,-557
100900148,49,405,-356
100900149,27,213,-186
100900150,1,20,-19
100900151,119,350,-231
100900152,161,5,156
100900153,4,171,-167
100900154,7,49,-42
100900155,19,7,12
100900156,34,1,33
100900157,21,141,-120
100900159,2,29,-27
100900160,22,6,16
100900161,35,3,32
100900162,49,234,-185
100900163,123,132,-9
100900164,38,27,11
100900165,12,19,-7
100900166,26,5,21
100900167,15,43,-28
100900168,47,128,-81
100900169,78,737,-659
100900170,23,6,17
100900171,19,388,-369
100900172,0,23,-23
100900173,2,246,-244
100900174,168,23,145
100900176,1588,172,1416
100900177,482,235,247
100900178,262,157,105
100900179,149,269,-120
100900180,3,3,0
100900181,76,87,-11
100900182,50,25,25
100900184,18,162,-144
100900186,462,315,147
100900187,15,74,-59
100900188,23,5,18
100900189,1282,217,1065
100900191,726,949,-223
100900192,201,418,-217
100900195,107,131,-24
100900197,15,39,-24
100900198,18,170,-152
100900199,7,25,-18
100900200,613,354,259
100900201,97,432,-335
100900202,61,0,61
100900203,0,239,-239
100900204,267,855,-588
100900205,180,566,-386
100900206,180,61,119
100900207,265,122,143
100900210,87,319,-232
100900211,514,125,389
100900213,209,50,159
100900214,482,123,359
100900215,16,34,-18
100900217,87,71,16
101000001,2502,2080,422
101000002,5338,5732,-394
101000003,418,1103,-685
101000004,5831,5244,587
101000005,3462,4075,-613
101000006,4992,5724,-732
101000007,3010,3577,-567
101000008,1926,2040,-114
101000009,2204,883,1321
101000010,757,743,14
101000011,1128,360,768
101000012,1013,672,341
101000013,650,954,-304
101000014,375,449,-74
101000015,1186,690,496
101000016,287,412,-125
101000017,395,339,56
101000018,1789,2112,-323
101000020,1767,878,889
101000021,568,325,243
101000022,87,42,45
101000023,867,490,377
101000025,247,431,-184
101000026,262,21,241
101000027,1587,2712,-1125
101000028,927,233,694
101000029,251,1761,-1510
101000030,1515,118,1397
101000031,615,907,-292
101000032,5204,4573,631
101000033,1730,3465,-1735
101000034,1486,1819,-333
101000035,567,325,242
101000036,1110,1023,87
101000037,1577,1742,-165
101000039,1655,2389,-734
101000040,2263,4076,-1813
101000041,5764,7540,-1776
101000042,260,1095,-835
101000043,4851,7268,-2417
101000045,1120,1113,7
101000046,2587,1983,604
101000047,1720,4165,-2445
101000048,585,484,101
101000049,542,2155,-1613
101000050,1161,1761,-600
101000051,1392,2709,-1317
101000052,1263,1060,203
101000053,1076,1444,-368
101000054,1932,946,986
101000055,1084,1106,-22
101000056,34,76,-42
101000057,1315,1171,144
101000058,773,1216,-443
101000059,1590,2178,-588
101000060,1372,607,765
101000061,525,1272,-747
101000062,441,703,-262
101000063,491,904,-413
101000064,911,1020,-109
101000065,342,464,-122
101000066,848,955,-107
101000067,999,1000,-1
101000068,233,474,-241
101000069,224,80,144
101000070,698,1031,-333
101000071,1930,753,1177
101000072,644,2800,-2156
101000073,734,1007,-273
101000074,4381,3608,773
101000075,3286,5131,-1845
101000077,1291,1176,115
101000078,705,1374,-669
101000079,1402,403,999
101000080,1241,565,676
101000081,1425,1580,-155
101000082,2650,2646,4
101000083,2390,2185,205
101000084,1093,762,331
101000085,1268,1098,170
101000086,834,1013,-179
101000087,759,749,10
101000088,1156,1142,14
101000089,957,1432,-475
101000090,1621,894,727
101000091,495,596,-101
101000092,1003,824,179
101000093,1180,652,528
101000094,875,840,35
101000095,419,395,24
101000096,413,385,28
101000097,434,402,32
101000098,348,453,-105
101000099,672,1027,-355
101000100,861,878,-17
101000101,222,306,-84
101000102,518,415,103
101000103,697,493,204
101000104,296,549,-253
101000105,355,574,-219
101000106,845,1131,-286
101000107,294,346,-52
101000108,674,166,508
101000109,442,63,379
101000110,47,319,-272
101000111,114,267,-153
101000113,171,567,-396
101000114,6565,7907,-1342
101000115,190,181,9
101000116,151,157,-6
101000117,1542,331,1211
101000119,49,45,4
101000120,127,41,86
101000121,55,73,-18
101000122,113,134,-21
101000123,51,139,-88
101000124,1270,294,976
101000125,245,447,-202
101000128,229,513,-284
101000130,193,263,-70
101000131,944,516,428
101000132,706,634,72
101000135,47,42,5
101000136,399,225,174
101000137,33,316,-283
101000141,849,2882,-2033
101000147,923,466,457
101000148,730,12,718
101000149,479,532,-53
101000150,90,508,-418
101000151,214,52,162
101000152,267,250,17
101000153,571,219,352
101000154,290,693,-403
101000155,251,132,119
101000156,17,303,-286
101000157,61,31,30
101000160,71,68,3
101000163,188,324,-136
101000164,306,263,43
101000165,207,345,-138
101000166,206,243,-37
101000168,868,389,479
101000252,2003,836,1167
101000254,179,123,56
101000258,50,10,40
101000261,175,52,123
101000262,1138,2618,-1480
101000263,370,1036,-666
101000265,85,831,-746
101000266,319,312,7
101000269,27,11,16
101000290,753,2190,-1437
101000293,47,58,-11
101000294,528,365,163
101000295,153,350,-197
101000301,484,508,-24
101000304,1737,2321,-584
101000305,2508,980,1528
101000328,142,401,-259
101900001,25,58,-33
101900002,0,9,-9
101900003,45,73,-28
101900004,3,78,-75
101900005,2380,2094,286
101900006,895,63,832
101900007,680,145,535
101900008,103,235,-132
101900009,57,338,-281
101900010,684,573,111
101900011,147,823,-676
101900012,217,127,90
101900013,635,168,467
101900017,13,131,-118
101900018,882,235,647
101900019,275,139,136
101900020,95,50,45
101900021,0,40,-40
101900022,105,891,-786
101900023,85,143,-58
101900026,146,40,106
101900027,28,98,-70
102000001,2135,4069,-1934
102000002,1926,982,944
102000003,2573,5811,-3238
102000004,3847,2478,1369
102000005,1110,2037,-927
102000006,825,1506,-681
102000007,1407,4311,-2904
102000008,3436,1341,2095
102000009,5907,7117,-1210
102000010,4292,2646,1646
102000011,3221,2632,589
102000012,2699,2567,132
102000018,2112,2262,-150
102000019,1805,1191,614
102000026,146,396,-250
102000029,173,170,3
102000030,113,341,-228
102000031,77,105,-28
102000032,504,283,221
102000033,235,332,-97
102000034,434,274,160
102000035,771,550,221
102000036,22,214,-192
102000037,104,56,48
102000038,136,242,-106
102000039,145,73,72
102000040,314,154,160
102000041,156,322,-166
102000042,156,264,-108
102000043,181,146,35
102000044,265,402,-137
102000045,553,615,-62
102000046,938,471,467
102000047,726,606,120
102000048,375,591,-216
102000049,845,684,161
102000050,828,861,-33
102000051,345,543,-198
102000052,968,604,364
102000053,706,743,-37
102000054,670,913,-243
102000055,1250,533,717
102000056,919,782,137
102000057,1225,453,772
102000058,928,1055,-127
102000059,1223,1259,-36
102000060,1051,915,136
102000061,1586,1480,106
102000062,1612,940,672
102000063,1125,1435,-310
102000064,687,735,-48
102000065,91,188,-97
102000066,866,858,8
102000067,1782,2633,-851
102000068,8069,2585,5484
102000069,108,2363,-2255
102000070,1369,61,1308
102000071,6188,7639,-1451
102000072,2454,3243,-789
102000073,1202,934,268
102000074,781,852,-71
102000075,153,331,-178
102000076,233,352,-119
102000077,595,625,-30
102000078,1036,625,411
102000079,214,239,-25
102000080,251,217,34
102000081,228,878,-650
102000082,596,409,187
102000083,718,214,504
102000084,459,251,208
102000085,1574,756,818
102000086,1141,816,325
102000087,763,1173,-410
102000088,358,234,124
102000089,1294,350,944
102000090,388,882,-494
102000091,1193,579,614
102000092,307,551,-244
102000093,700,750,-50
102000094,729,659,70
102000095,742,972,-230
102000096,467,710,-243
102000097,558,583,-25
102000098,457,539,-82
102000099,641,761,-120
102000100,515,1391,-876
102000101,583,829,-246
102000102,237,1322,-1085
102000103,1261,413,848
102000104,420,252,168
102000105,252,390,-138
102000106,810,426,384
102000107,1269,347,922
102000108,665,137,528
102000109,554,445,109
102000110,1189,795,394
102000111,10,230,-220
102000112,187,123,64
102000113,19,35,-16
102000114,603,308,295
102000115,254,270,-16
102000116,310,435,-125
102000117,138,399,-261
102000118,854,1109,-255
102000119,1214,782,432
102000120,204,350,-146
102000121,864,561,303
102000122,548,713,-165
102000123,1067,704,363
102000124,970,1015,-45
102000125,1145,844,301
102000126,889,707,182
102000127,1127,554,573
102000128,719,621,98
102000129,1293,558,735
102000130,785,571,214
102000131,1015,409,606
102000132,433,616,-183
102000133,2134,1719,415
102000134,714,683,31
102000135,645,720,-75
102000136,848,442,406
102000137,583,777,-194
102000138,215,303,-88
102000139,95,449,-354
102000140,303,555,-252
102000141,181,365,-184
102000142,242,282,-40
102000143,173,239,-66
102000144,295,314,-19
102000145,359,358,1
102000146,453,229,224
102000147,368,375,-7
102000148,230,429,-199
102000149,176,204,-28
102000150,378,62,316
102000151,87,154,-67
102000152,190,103,87
102000153,982,452,530
102000154,236,481,-245
102000155,71,240,-169
102000156,265,101,164
102000157,97,286,-189
102000158,472,434,38
102000159,586,475,111
102000161,2322,1809,513
102000162,135,133,2
102000163,102,488,-386
102000164,606,1019,-413
102000165,266,160,106
102000166,104,166,-62
102000167,219,185,34
102000168,219,165,54
102000169,101,474,-373
102000170,395,192,203
102000171,165,194,-29
102000172,124,402,-278
102000173,413,266,147
102000174,94,42,52
102000175,93,91,2
102000176,54,33,21
102000178,207,318,-111
102000179,355,244,111
102000180,916,334,582
102000181,632,473,159
102000182,560,454,106
102000183,1649,1238,411
102000184,1680,545,1135
102000185,2645,934,1711
102000186,1248,1242,6
102000187,891,1138,-247
102000188,1242,1191,51
102000189,1566,661,905
102000190,499,2270,-1771
102000191,1079,373,706
102000192,1110,1293,-183
102000193,73,113,-40
102000194,61,102,-41
102000195,352,322,30
102000196,197,247,-50
102000197,705,251,454
102000198,211,441,-230
102000199,990,254,736
102000200,308,739,-431
102000201,1027,325,702
102000202,10,88,-78
102000203,365,150,215
102000204,447,453,-6
102000205,1021,307,714
102000206,595,397,198
102000207,584,333,251
102000208,315,361,-46
102000209,72,36,36
102000210,474,272,202
102000211,269,182,87
102000212,309,10,299
102000213,8,204,-196
102000214,271,10,261
102000215,7,222,-215
102000216,67,44,23
102000217,12,79,-67
102000218,283,116,167
102000219,291,155,136
102000225,515,481,34
102000226,2175,1420,755
102000227,144,3,141
102000228,1,92,-91
102000229,35,42,-7
102000230,303,337,-34
102000231,217,309,-92
102000232,43,135,-92
102000233,406,541,-135
102000234,119,933,-814
102000236,200,56,144
102000237,355,101,254
102000238,167,178,-11
102000240,456,663,-207
102000241,112,93,19
102000243,48,63,-15
102000245,26,95,-69
102000246,15,50,-35
102000247,539,692,-153
102000248,522,1030,-508
102000249,140,134,6
102000250,83,312,-229
102000254,182,152,30
102000266,26,321,-295
102000271,28,2,26
102000286,363,307,56
102000297,1582,778,804
102000299,0,0,0
102000301,0,0,0
102000303,0,0,0
102000305,0,1,-1
102000307,0,3,-3
102900001,1011,496,515
102900002,366,33,333
102900003,52,159,-107
102900005,208,123,85
102900006,362,68,294
102900007,379,23,356
102900008,103,22,81
102900009,412,187,225
102900010,362,985,-623
102900011,1336,247,1089
102900012,374,94,280
102900013,34,76,-42
102900015,564,454,110
102900016,60,79,-19
102900017,186,383,-197
102900018,28,90,-62
102900019,281,276,5
102900020,156,34,122
102900021,34,66,-32
102900022,509,185,324
102900023,44,50,-6
102900024,26,47,-21
102900025,162,100,62
102900026,254,1770,-1516
102900027,104,39,65
102900028,117,603,-486
102900029,129,149,-20
102900030,374,255,119
102900031,243,109,134
102900032,97,70,27
102900033,86,153,-67
102900034,474,65,409
102900035,87,181,-94
102900036,291,329,-38
102900037,262,313,-51
102900038,527,297,230
102900039,30,419,-389
102900040,106,237,-131
102900041,66,168,-102
102900042,151,255,-104
102900043,148,221,-73
102900044,480,1406,-926
102900045,118,434,-316
102900046,125,202,-77
102900047,157,477,-320
102900048,556,372,184
102900049,150,286,-136
102900050,192,239,-47
102900051,140,164,-24
102900053,306,431,-125
102900054,314,917,-603
102900055,52,189,-137
102900056,120,313,-193
102900057,2,49,-47
102900058,339,75,264
102900059,17,67,-50
102900060,90,496,-406
102900061,124,380,-256
102900062,225,618,-393
102900063,978,267,711
102900064,88,365,-277
102900065,1447,465,982
102900066,207,8,199
102900068,92,65,27
102900070,171,421,-250
102900072,23,37,-14
102900073,102,9,93
102900075,49,84,-35
102900076,110,139,-29
102900077,27,25,2
102900078,20,34,-14
102900079,186,11,175
102900080,428,28,400
102900081,88,216,-128
102900082,22,193,-171
102900083,167,12,155
102900084,2,37,-35
102900085,323,117,206
102900086,17,77,-60
102900087,123,98,25
102900088,35,21,14
102900089,223,99,124
102900090,1,206,-205
102900091,137,5,132
102900092,277,540,-263
102900094,9,146,-137
102900095,76,0,76
102900096,108,24,84
102900097,5,82,-77
103000001,1995,2035,-40
103000002,1801,1883,-82
103000003,2728,2108,620
103000004,834,671,163
103000005,1569,2621,-1052
103000006,735,1254,-519
103000007,387,599,-212
103000008,858,469,389
103000009,1110,802,308
103000010,236,155,81
103000011,1344,1002,342
103000012,1320,1167,153
103000013,2669,1350,1319
103000014,1282,2133,-851
103000015,1205,526,679
103000016,563,1165,-602
103000017,190,342,-152
103000018,515,268,247
103000019,321,235,86
103000020,1806,1148,658
103000021,1565,1798,-233
103000022,591,724,-133
103000023,603,1726,-1123
103000024,83,107,-24
103000025,109,600,-491
103000026,633,96,537
103000027,261,457,-196
103000028,264,279,-15
103000029,185,239,-54
103000030,1104,1054,50
103000031,1014,1601,-587
103000032,1820,1276,544
103000033,2660,2605,55
103000034,1074,856,218
103000035,323,952,-629
103000036,327,456,-129
103000037,448,416,32
103000038,381,761,-380
103000039,399,257,142
103000040,427,671,-244
103000041,1418,1381,37
103000042,1112,342,770
103000043,615,748,-133
103000044,247,177,70
103000046,333,370,-37
103000047,611,478,133
103000048,187,187,0
103000049,107,123,-16
103000050,655,308,347
103000051,487,411,76
103000052,683,262,421
103000053,181,661,-480
103000054,2261,976,1285
103000055,1656,1545,111
103000056,786,1023,-237
103000057,779,225,554
103000058,534,668,-134
103000059,468,681,-213
103000060,680,542,138
103000061,339,828,-489
103000062,859,416,443
103000063,745,745,0
103000064,125,115,10
103000065,5,324,-319
103000066,221,10,211
103000069,349,273,76
103000070,890,634,256
103000071,1221,485,736
103000072,128,479,-351
103000073,649,78,571
103000074,566,67,499
103000075,117,440,-323
103000076,234,316,-82
103000077,34,253,-219
103000078,706,550,156
103000079,430,695,-265
103000080,683,339,344
103000081,366,1129,-763
103000082,481,169,312
103000083,86,283,-197
103000084,109,7,102
103000085,2,125,-123
103000086,386,315,71
103000087,77,490,-413
103000088,204,285,-81
103000089,200,429,-229
103000090,1977,824,1153
103000091,461,433,28
103000092,201,173,28
103000093,245,346,-101
103000094,176,82,94
103000095,57,294,-237
103000096,448,67,381
103000097,51,563,-512
103000098,691,136,555
103000099,200,512,-312
103000100,115,492,-377
103000101,801,78,723
103000102,86,377,-291
103000103,669,133,536
103000104,49,113,-64
103000105,148,87,61
103000106,12,85,-73
103000107,189,44,145
103000108,933,590,343
103000109,337,424,-87
103000110,452,370,82
103000111,326,319,7
103000112,214,147,67
103000113,344,469,-125
103000114,952,292,660
103000115,548,460,88
103000116,666,324,342
103000117,417,368,49
103000118,389,435,-46
103000119,742,341,401
103000120,66,73,-7
103000121,273,657,-384
103000122,419,672,-253
103000125,9,169,-160
103000126,713,1,712
103000127,1,114,-113
103000128,159,3,156
103000129,1,90,-89
103000130,48,36,12
103000131,121,92,29
103000132,69,138,-69
103000133,10,96,-86
103000134,301,788,-487
103000135,451,226,225
103000136,445,432,13
103000137,371,507,-136
103000138,547,646,-99
103000139,0,55,-55
103000140,124,21,103
103000141,54,139,-85
103000142,98,63,35
103000143,28,181,-153
103000144,128,43,85
103000145,15,154,-139
103000150,124,24,100
103000152,175,245,-70
103000153,159,141,18
103000156,5,220,-215
103000157,397,0,397
103000159,98,18,80
103000162,77,26,51
103000163,11,56,-45
103000164,19,20,-1
103000165,70,197,-127
103000166,212,296,-84
103000167,149,81,68
103000168,91,132,-41
103000169,192,343,-151
103000170,844,332,512
103000171,45,97,-52
103000172,511,311,200
103000173,527,312,215
103000174,217,289,-72
103000175,385,204,181
103000176,815,586,229
103000177,410,266,144
103000178,219,242,-23
103000179,244,27,217
103000183,120,18,102
103000185,128,32,96
103000186,158,127,31
103000187,531,235,296
103000188,14,70,-56
103000189,566,596,-30
103000191,337,381,-44
103000292,907,1375,-468
103000293,726,1933,-1207
103000295,59,110,-51
103000296,210,5,205
103000297,19,20,-1
103000504,43,9,34
103000505,7,12,-5
103000506,0,246,-246
103000507,176,1,175
103000508,54,38,16
103000509,261,492,-231
103900001,0,53,-53
103900002,714,131,583
103900003,925,455,470
103900004,97,0,97
103900005,3,183,-180
103900006,49,42,7
103900007,56,6,50
103900008,5,0,5
103900010,184,363,-179
103900012,14,31,-17
103900014,35,14,21
103900015,79,6,73
103900017,38,72,-34
103900018,547,129,418
103900019,60,351,-291
103900020,178,375,-197
103900021,313,177,136
103900022,1000,545,455
103900023,151,0,151
103900024,60,175,-115
103900025,13,40,-27
103900026,40,1,39
103900027,704,181,523
103900028,163,406,-243
103900029,985,128,857
103900030,236,74,162
103900031,35,12,23
103900032,109,74,35
103900033,59,9,50
103900034,39,118,-79
103900035,79,28,51
103900036,32,25,7
103900037,96,45,51
103900038,87,236,-149
103900039,102,260,-158
103900040,12,85,-73
103900041,49,64,-15
103900042,64,228,-164
103900043,172,40,132
103900044,69,233,-164
103900045,395,139,256
103900047,95,24,71
103900048,37,10,27
103900049,270,911,-641
103900050,8,120,-112
103900051,0,51,-51
103900053,234,329,-95
103900054,124,213,-89
103900055,173,64,109
103900056,57,39,18
103900057,30,87,-57
103900058,297,480,-183
103900059,0,27,-27
103900060,58,165,-107
103900061,175,25,150
103900062,284,83,201
103900063,5,0,5
103900064,119,2,117
103900065,529,250,279
103900066,170,31,139
103900067,168,23,145
103900068,8,1,7
103900069,69,29,40
103900070,124,162,-38
103900071,16,86,-70
103900072,21,119,-98
103900073,24,22,2
103900074,110,52,58
103900075,210,56,154
103900076,554,338,216
103900077,22,92,-70
103900078,383,91,292
103900079,121,126,-5
103900080,8,19,-11
103900081,86,22,64
103900082,7,145,-138
103900083,929,1016,-87
103900084,43,125,-82
103900085,79,129,-50
103900086,658,350,308
103900088,281,462,-181
103900089,55,100,-45
103900090,0,128,-128
103900091,957,154,803
103900092,483,360,123
103900093,51,187,-136
103900094,13,79,-66
103900095,483,415,68
103900096,16,121,-105
103900097,16,311,-295
103900098,292,139,153
103900099,61,57,4
103900100,261,250,11
103900101,103,928,-825
103900102,0,37,-37
103900104,1,28,-27
103900105,86,149,-63
103900106,0,61,-61
103900107,154,139,15
103900108,64,202,-138
103900109,131,64,67
103900110,179,20,159
103900111,95,391,-296
103900112,27,44,-17
103900113,66,87,-21
103900114,445,492,-47
103900115,217,125,92
103900116,3022,2699,323
103900117,127,49,78
103900119,40,90,-50
103900120,54,60,-6
103900122,128,207,-79
103900123,971,583,388
103900124,79,306,-227
103900125,94,66,28
103900126,525,293,232
103900127,227,240,-13
103900128,415,222,193
103900131,38,100,-62
103900133,800,22,778
103900134,3,4,-1
103900135,4,4,0
103900137,0,9,-9
103900138,89,83,6
103900139,296,1755,-1459
103900140,2,165,-163
103900141,210,35,175
103900142,220,75,145
103900143,125,3,122
103900144,0,12,-12
103900145,197,190,7
103900146,264,161,103
103900147,298,98,200
103900148,512,400,112
103900149,287,450,-163
103900150,3982,3515,467
103900151,103,177,-74
103900152,621,297,324
103900153,12,2,10
103900154,866,1681,-815
103900155,49,191,-142
103900156,67,118,-51
103900157,52,147,-95
103900158,131,88,43
103900159,145,43,102
103900160,53,42,11
103900161,83,137,-54
103900162,259,262,-3
103900163,10,334,-324
103900167,14,71,-57
103900168,128,74,54
103900169,32,39,-7
103900170,1,85,-84
103900171,0,19,-19
103900172,2,18,-16
103900173,19,9,10
103900174,197,35,162
103900175,27,73,-46
103900176,15,38,-23
103900177,30,74,-44
103900178,63,43,20
103900179,66,79,-13
103900180,7,59,-52
103900181,47,27,20
103900182,52,11,41
103900184,327,106,221
103900185,94,385,-291
103900187,33,66,-33
103900188,59,26,33
103900189,130,8,122
103900190,58,46,12
103900191,34,49,-15
103900192,26,62,-36
103900193,92,119,-27
103900194,61,194,-133
103900195,3,76,-73
103900196,39,32,7
103900197,18,27,-9
103900198,12,22,-10
103900199,143,20,123
103900200,143,69,74
103900201,90,138,-48
103900202,24,41,-17
103900203,33,12,21
103900204,1,67,-66
103900207,1,52,-51
103900208,70,1,69
103900209,5,112,-107
103900210,34,24,10
103900211,489,254,235
103900212,321,349,-28
103900213,36,171,-135
103900214,171,156,15
103900215,198,279,-81
103900216,9,253,-244
103900217,333,14,319
103900218,55,306,-251
103900219,168,175,-7
103900233,20,2,18
103900235,16,26,-10
103900236,18,3,15
103900242,6,8,-2
103900243,3,9,-6
103900244,89,127,-38
103900245,131,144,-13
103900246,46,20,26
103900247,43,102,-59
103900248,12,77,-65
103900249,10,69,-59
103900250,30,32,-2
103900251,5,61,-56
103900253,10,101,-91
103900254,6,29,-23
103900255,5,18,-13
103900256,11,25,-14
103900257,118,93,25
103900258,16,8,8
103900259,52,5,47
103900261,5,0,5
103900262,10,3,7
103900263,27,21,6
103900264,28,14,14
103900265,103,15,88
103900266,0,99,-99
103900267,17,52,-35
103900268,12,64,-52
103900269,180,21,159
103900270,54,115,-61
103900271,24,55,-31
103900272,52,50,2
103900273,26,23,3
103900274,72,5,67
103900275,53,5,48
103900276,5,30,-25
103900277,4,25,-21
103900278,1,27,-26
103900279,1,19,-18
103900280,1,40,-39
104000001,2234,1512,722
104000002,1449,1736,-287
104000003,1951,1668,283
104000004,2289,2113,176
104000005,1411,1381,30
104000006,2774,2435,339
104000007,3446,3841,-395
104000008,171,204,-33
104000009,200,94,106
104000010,144,279,-135
104000011,329,161,168
104000012,119,187,-68
104000013,189,157,32
104000014,208,441,-233
104000015,291,116,175
104000016,462,323,139
104000018,777,159,618
104000019,684,195,489
104000020,114,333,-219
104000021,230,340,-110
104000022,95,214,-119
104000023,891,348,543
104000024,215,234,-19
104000026,48,216,-168
104000027,211,138,73
104000028,386,204,182
104000029,252,238,14
104000030,245,184,61
104000031,1146,360,786
104000032,206,166,40
104000033,647,429,218
104000034,328,181,147
104000035,837,290,547
104000036,729,380,349
104000037,265,171,94
104000038,608,498,110
104000039,199,149,50
104000040,182,253,-71
104000041,715,265,450
104000042,201,266,-65
104000043,191,266,-75
104000044,233,422,-189
104000045,714,642,72
104000046,816,1070,-254
104000047,647,780,-133
104000048,848,861,-13
104000049,455,291,164
104000050,120,528,-408
104000051,122,409,-287
104000052,2046,1677,369
104000053,967,391,576
104000054,271,219,52
104000055,2478,1502,976
104000056,997,326,671
104000057,286,432,-146
104000058,789,599,190
104000059,434,882,-448
104000060,882,955,-73
104000061,1026,702,324
104000062,530,135,395
104000064,465,224,241
104000065,174,567,-393
104000069,663,1131,-468
104000070,61,411,-350
104000071,273,312,-39
104000072,662,277,385
104000075,37,226,-189
104000076,407,44,363
104000082,1767,2536,-769
104000083,700,199,501
104000084,136,331,-195
104000085,231,322,-91
104000086,169,274,-105
104000087,332,1405,-1073
104000090,682,860,-178
104000092,1096,1409,-313
104000094,745,854,-109
104000095,1704,1175,529
104000096,1235,98,1137
104000097,1687,520,1167
104000098,2052,579,1473
104000100,1483,455,1028
104000101,1075,1088,-13
104000106,87,574,-487
104000107,470,309,161
104000108,206,309,-103
104000109,272,75,197
104000110,693,732,-39
104000111,2069,1960,109
104000112,1211,409,802
104000116,2,709,-707
104000117,188,359,-171
104000118,612,168,444
104000119,597,231,366
104000120,244,432,-188
104000121,203,496,-293
104000122,586,547,39
104000123,558,660,-102
104000124,512,1180,-668
104000125,2091,3681,-1590
104000126,317,326,-9
104000127,1033,1539,-506
104000128,438,244,194
104000129,317,27,290
104000130,10,180,-170
104000131,336,357,-21
104000132,374,335,39
104000133,1198,704,494
104000134,910,1229,-319
104000135,352,1531,-1179
104000136,617,3237,-2620
104000137,1343,356,987
104000138,669,248,421
104000139,3264,1991,1273
104000141,832,905,-73
104000142,523,439,84
104000143,450,346,104
104000144,108,162,-54
104000145,356,195,161
104000146,242,325,-83
104000147,98,187,-89
104000148,356,122,234
104000149,147,172,-25
104000150,944,420,524
104000151,280,234,46
104000152,455,338,117
104000153,514,459,55
104000154,633,364,269
104000155,378,543,-165
104000157,819,890,-71
104000158,367,489,-122
104000159,773,454,319
104000160,1615,1569,46
104000161,160,150,10
104000162,55,134,-79
104000165,832,779,53
104000167,632,1012,-380
104000168,515,7,508
104000169,109,34,75
104000170,248,420,-172
104000248,295,411,-116
104000251,82,167,-85
104000272,0,0,0
104000273,0,0,0
104000274,0,0,0
104000275,0,0,0
104000279,2233,1672,561
104000290,61,164,-103
104000291,460,901,-441
104000293,713,533,180
104000294,26,0,26
104000295,520,737,-217
104000296,381,566,-185
104000297,665,1606,-941
104000298,1596,849,747
104000299,603,1142,-539
104000302,116,111,5
104000303,166,125,41
104900001,126,251,-125
104900002,47,150,-103
104900003,26,258,-232
104900004,86,145,-59
104900005,209,202,7
104900006,284,94,190
104900007,285,157,128
104900009,136,195,-59
104900010,94,31,63
104900011,78,188,-110
104900012,382,79,303
104900013,109,11,98
104900014,1558,173,1385
104900015,111,13,98
104900016,206,101,105
104900017,157,123,34
104900018,4,131,-127
104900019,144,2526,-2382
104900020,45,232,-187
104900021,1,117,-116
104900022,4,96,-92
104900023,0,24,-24
104900024,26,110,-84
104900025,80,133,-53
104900026,1,54,-53
104900027,437,236,201
104900028,19,100,-81
104900029,37,41,-4
104900030,386,178,208
104900031,71,131,-60
104900032,41,59,-18
104900033,132,223,-91
104900034,268,85,183
104900035,282,171,111
104900036,154,63,91
104900037,132,146,-14
104900038,225,778,-553
104900039,382,293,89
104900040,415,112,303
104900041,179,138,41
104900042,146,141,5
104900043,14,139,-125
104900044,635,193,442
104900045,371,44,327
104900046,215,92,123
104900047,291,108,183
104900048,280,56,224
104900049,26,21,5
104900050,279,40,239
104900051,265,26,239
104900052,56,3,53
104900053,384,78,306
104900054,118,9,109
104900055,105,1,104
104900056,167,4,163
104900057,21,1,20
104900058,352,180,172
104900059,205,103,102
104900061,155,297,-142
104900063,15,91,-76
104900064,1,47,-46
104900065,1,156,-155
104900066,0,85,-85
104900067,3,187,-184
104900068,21,110,-89
104900070,83,143,-60
104900071,0,300,-300
104900072,34,165,-131
104900073,48,90,-42
104900074,43,130,-87
104900075,52,24,28
104900076,70,174,-104
104900077,466,191,275
104900078,151,301,-150
104900079,67,456,-389
104900080,78,486,-408
104900082,19,322,-303
104900085,40,200,-160
104900089,217,0,217
104900091,392,324,68
104900093,169,308,-139
104900097,1615,1738,-123
104900098,107,20,87
104900099,62,367,-305
104900100,309,134,175
104900102,44,91,-47
104900103,335,46,289
104900106,118,76,42
104900107,109,150,-41
104900108,26,127,-101
104900109,94,109,-15
104900110,8,25,-17
104900111,117,63,54
104900112,165,352,-187
104900113,572,229,343
104900114,309,262,47
104900115,593,269,324
104900116,262,123,139
104900118,24,59,-35
104900119,28,137,-109
104900120,21,213,-192
104900121,0,53,-53
104900122,4,34,-30
104900123,64,12,52
104900124,53,0,53
104900125,234,0,234
104900126,57,43,14
104900127,29,43,-14
104900128,66,45,21
104900129,946,1711,-765
105000001,2388,1233,1155
105000002,1993,1242,751
105000003,2428,2507,-79
105000004,578,647,-69
105000005,887,947,-60
105000006,1147,1377,-230
105000007,996,1629,-633
105000008,1322,3372,-2050
105000009,2270,2693,-423
105000010,2359,1413,946
105000011,3377,2684,693
105000012,3617,2128,1489
105000013,892,1138,-246
105000014,2235,2219,16
105000015,7996,12835,-4839
105000016,1861,1570,291
105000017,1274,732,542
105000018,950,1382,-432
105000019,938,771,167
105000020,171,430,-259
105000021,296,100,196
105000022,240,110,130
105000023,493,305,188
105000028,70,98,-28
105000029,550,1182,-632
105000030,3278,1874,1404
105000031,2,30,-28
105000033,943,1304,-361
105000034,119,762,-643
105000037,531,194,337
105000038,1403,1413,-10
105000039,1870,1141,729
105000040,779,977,-198
105000041,456,890,-434
105000042,2496,1539,957
105000043,1186,1532,-346
105000044,584,432,152
105000045,290,448,-158
105000046,975,290,685
105000047,443,876,-433
105000048,655,228,427
105000049,224,382,-158
105000050,722,365,357
105000051,95,351,-256
105000052,705,693,12
105000053,149,125,24
105000054,544,709,-165
105000055,618,294,324
105000056,1317,1738,-421
105000057,1119,768,351
105000058,1101,839,262
105000059,676,651,25
105000060,433,500,-67
105000061,662,468,194
105000062,498,532,-34
105000063,268,297,-29
105000064,1491,666,825
105000065,369,369,0
105000066,857,816,41
105000067,1194,612,582
105000068,298,553,-255
105000069,1227,1782,-555
105000070,434,796,-362
105000071,207,721,-514
105000072,1175,2124,-949
105000073,859,513,346
105000074,681,501,180
105000075,432,576,-144
105000076,1025,785,240
105000077,2025,928,1097
105000078,829,1069,-240
105000079,1007,3037,-2030
105000080,1449,1163,286
105000081,3349,1340,2009
105000082,900,1728,-828
105000083,4345,3606,739
105000084,531,716,-185
105000085,1653,2142,-489
105000086,621,775,-154
105000087,1112,1460,-348
105000088,1280,1444,-164
105000089,2009,1575,434
105000090,871,577,294
105000091,875,1211,-336
105000092,488,656,-168
105000093,309,238,71
105000094,280,196,84
105000095,120,452,-332
105000096,1132,957,175
105000097,705,719,-14
105000098,905,523,382
105000099,608,642,-34
105000100,1304,874,430
105000101,1814,1590,224
105000102,1764,1205,559
105000103,1483,1754,-271
105000104,1926,757,1169
105000105,970,1379,-409
105000106,1138,1050,88
105000107,1361,623,738
105000108,1387,984,403
105000109,1510,1158,352
105000110,754,393,361
105000111,825,552,273
105000112,978,535,443
105000113,460,623,-163
105000114,1680,977,703
105000115,341,1128,-787
105000116,709,454,255
105000117,810,652,158
105000118,498,344,154
105000119,485,522,-37
105000120,924,417,507
105000121,740,607,133
105000122,389,514,-125
105000123,815,872,-57
105000124,1955,656,1299
105000125,801,1278,-477
105000126,1807,1150,657
105000127,2053,1379,674
105000128,537,788,-251
105000129,718,367,351
105000130,265,2761,-2496
105000131,544,231,313
105000132,806,560,246
105000133,396,669,-273
105000134,815,500,315
105000135,384,432,-48
105000136,112,239,-127
105000137,549,183,366
105000138,154,252,-98
105000139,852,673,179
105000140,486,370,116
105000141,319,359,-40
105000142,242,394,-152
105000143,185,424,-239
105000144,262,608,-346
105000145,700,339,361
105000146,357,661,-304
105000147,660,267,393
105000148,1002,468,534
105000149,2251,1788,463
105000150,1543,1072,471
105000151,353,324,29
105000152,182,330,-148
105000153,528,634,-106
105000154,573,335,238
105000155,307,716,-409
105000156,598,466,132
105000157,665,1020,-355
105000158,1686,609,1077
105000159,269,699,-430
105000160,1769,521,1248
105000161,552,653,-101
105000162,451,1393,-942
105000163,760,556,204
105000164,185,199,-14
105000165,549,4532,-3983
105000166,3403,962,2441
105000167,1177,1467,-290
105000168,404,445,-41
105000169,606,217,389
105000170,254,969,-715
105000171,929,155,774
105000172,165,44,121
105000173,214,63,151
105000174,69,55,14
105000175,68,118,-50
105000176,445,102,343
105000177,285,177,108
105000178,200,293,-93
105000179,637,159,478
105000180,149,74,75
105000181,120,176,-56
105000182,82,39,43
105000183,1550,1795,-245
105000184,1077,886,191
105000185,1000,862,138
105000186,443,595,-152
105000187,778,191,587
105000188,222,114,108
105000189,128,422,-294
105000190,263,313,-50
105000191,337,317,20
105000192,332,57,275
105000193,82,123,-41
105000194,557,100,457
105000195,293,480,-187
105000196,101,276,-175
105000197,217,419,-202
105000198,494,195,299
105000199,269,638,-369
105000200,122,238,-116
105000201,90,26,64
105000203,32,181,-149
105000204,81,76,5
105000205,106,187,-81
105000207,367,155,212
105000208,183,536,-353
105000209,210,331,-121
105000211,282,17,265
105000212,1121,780,341
105000213,122,168,-46
105000214,163,161,2
105000215,267,146,121
105000216,174,221,-47
105000217,131,201,-70
105000218,1273,870,403
105000221,164,130,34
105000222,588,282,306
105000223,360,246,114
105000226,91,145,-54
105000227,75,118,-43
105000228,174,1580,-1406
105000229,152,458,-306
105000231,350,223,127
105000233,766,602,164
105000234,449,891,-442
105000235,368,589,-221
105000237,581,52,529
105000243,28,14,14
105000248,47,48,-1
105000262,290,766,-476
105000269,140,141,-1
105000270,392,47,345
105000271,0,108,-108
105000282,82,50,32
105000287,338,72,266
105000288,713,293,420
105000289,2328,1821,507
105000290,29,17,12
105000402,2268,3304,-1036
105000426,350,493,-143
105000438,3755,1622,2133
105000440,35,20,15
105000446,7136,4432,2704
105000447,4124,1990,2134
105000454,491,510,-19
105000455,226,125,101
105000474,47,1,46
105000477,435,461,-26
105000478,1677,4181,-2504
105000479,65,134,-69
105000480,8571,6619,1952
105000481,4456,3103,1353
105000482,3800,6556,-2756
105000483,1608,1896,-288
105000484,1877,2610,-733
105000485,1351,3134,-1783
105000486,2492,2017,475
105000488,8447,3965,4482
105000489,773,647,126
105000549,169,162,7
105000550,349,1141,-792
105000551,22,104,-82
105000552,1904,1173,731
105000555,1206,930,276
105000556,70,24,46
105000557,81,203,-122
105900001,3,1297,-1294
105900002,741,657,84
105900003,9,70,-61
105900004,164,92,72
105900005,4,205,-201
105900006,13,91,-78
105900007,56,22,34
105900008,37,370,-333
105900009,20,23,-3
105900011,110,23,87
105900012,357,67,290
105900013,6,15,-9
105900014,10,48,-38
105900015,258,245,13
105900016,388,288,100
105900017,1451,34,1417
105900018,159,115,44
105900019,55,221,-166
105900020,48,52,-4
105900021,14,182,-168
105900022,202,128,74
105900023,2,72,-70
105900024,7,157,-150
105900025,205,15,190
105900026,181,25,156
105900027,6244,4583,1661
105900028,422,520,-98
105900029,1210,296,914
105900030,175,200,-25
105900031,251,160,91
105900032,52,99,-47
105900033,92,88,4
105900034,172,165,7
105900035,106,118,-12
105900036,125,80,45
105900037,84,58,26
105900038,139,167,-28
105900039,142,57,85
105900040,68,80,-12
105900041,138,122,16
105900042,46,124,-78
105900043,851,43,808
105900044,10,174,-164
105900045,5,591,-586
105900046,10,204,-194
105900047,17,32,-15
105900048,83,412,-329
105900050,3425,2539,886
105900051,50,745,-695
105900052,479,166,313
105900053,1931,2811,-880
105900054,296,139,157
105900056,432,379,53
105900057,59,84,-25
105900058,18,22,-4
105900059,0,49,-49
106000001,3353,2224,1129
106000002,1445,4147,-2702
106000003,2571,2964,-393
106000004,1339,2260,-921
106000005,3285,4199,-914
106000006,4402,2566,1836
106000007,533,535,-2
106000008,410,292,118
106000009,620,328,292
106000010,484,480,4
106000011,1126,859,267
106000012,765,879,-114
106000013,1685,1559,126
106000014,1602,1136,466
106000015,1751,1034,717
106000016,1117,1423,-306
106000017,585,500,85
106000018,548,329,219
106000019,437,357,80
106000020,275,239,36
106000021,298,371,-73
106000022,309,131,178
106000023,602,298,304
106000024,496,308,188
106000025,162,153,9
106000026,64,222,-158
106000027,1414,1144,270
106000028,523,334,189
106000029,525,656,-131
106000030,372,442,-70
106000034,154,485,-331
106000035,944,1611,-667
106000036,136,362,-226
106000037,1483,991,492
106000038,253,130,123
106000039,98,109,-11
106000040,111,729,-618
106000041,680,410,270
106000043,541,251,290
106000046,292,73,219
106000047,52,329,-277
106000049,952,154,798
106000050,221,421,-200
106000051,643,394,249
106000052,101,366,-265
106000053,386,94,292
106000054,305,246,59
106000055,916,661,255
106000056,218,232,-14
106000057,401,238,163
106000058,122,100,22
106000059,318,217,101
106000060,280,369,-89
106000061,184,424,-240
106000062,119,309,-190
106000063,793,497,296
106000064,32,211,-179
106000065,290,257,33
106000066,103,271,-168
106000067,308,75,233
106000068,61,421,-360
106000069,217,55,162
106000070,391,552,-161
106000071,997,214,783
106000072,1889,1209,680
106000073,1247,2740,-1493
106000074,608,492,116
106000075,312,1184,-872
106000076,1653,1704,-51
106000077,2571,1074,1497
106000078,904,713,191
106000079,638,678,-40
106000080,1117,446,671
106000081,745,888,-143
106000082,1827,680,1147
106000083,428,1198,-770
106000084,978,532,446
106000085,1208,1266,-58
106000086,523,706,-183
106000087,775,498,277
106000088,363,622,-259
106000089,933,241,692
106000090,263,497,-234
106000091,245,351,-106
106000092,562,225,337
106000093,284,109,175
106000094,95,200,-105
106000095,726,534,192
106000096,865,530,335
106000097,979,615,364
106000098,618,841,-223
106000099,202,782,-580
106000100,1243,192,1051
106000101,1330,395,935
106000102,268,813,-545
106000103,282,460,-178
106000104,952,372,580
106000105,465,497,-32
106000106,576,365,211
106000107,132,190,-58
106000108,318,231,87
106000109,181,181,0
106000110,265,251,14
106000111,183,250,-67
106000112,203,483,-280
106000113,591,441,150
106000114,463,566,-103
106000115,218,320,-102
106000116,281,155,126
106000117,901,516,385
106000118,1050,1130,-80
106000119,1136,636,500
106000120,767,1148,-381
106000121,180,103,77
106000122,109,118,-9
106000123,468,125,343
106000124,88,161,-73
106000125,16,147,-131
106000126,272,73,199
106000127,774,553,221
106000128,779,196,583
106000129,392,293,99
106000130,708,291,417
106000131,118,559,-441
106000132,542,174,368
106000133,1294,919,375
106000134,406,1702,-1296
106000135,180,402,-222
106000136,609,872,-263
106000137,57,510,-453
106000138,1026,106,920
106000139,49,66,-17
106000140,47,40,7
106000141,100,29,71
106000142,89,66,23
106000143,36,38,-2
106000144,52,65,-13
106000145,270,187,83
106000146,404,144,260
106000147,624,471,153
106000148,885,781,104
106000149,547,410,137
106000150,410,1616,-1206
106000151,2758,674,2084
106000152,951,1884,-933
106000153,103,1655,-1552
106000154,1228,173,1055
106000155,140,231,-91
106000156,778,189,589
106000157,511,1152,-641
106000158,1592,688,904
106000159,1711,1544,167
106000160,478,2207,-1729
106000161,1133,303,830
106000162,314,895,-581
106000163,392,304,88
106000164,418,215,203
106000165,186,348,-162
106000166,724,242,482
106000167,335,685,-350
106000168,578,220,358
106000169,237,400,-163
106000170,749,188,561
106000171,197,920,-723
106000172,2284,1034,1250
106000173,844,1702,-858
106000174,920,251,669
106000175,262,510,-248
106000176,1528,657,871
106000177,782,1551,-769
106000178,2586,1131,1455
106000179,782,1478,-696
106000180,617,793,-176
106000181,704,1017,-313
106000182,1373,497,876
106000183,1266,377,889
106000184,1158,392,766
106000185,978,796,182
106000186,575,128,447
106000187,153,828,-675
106000188,1,5,-4
106000189,22,28,-6
106000190,25,2,23
106000191,550,123,427
106000192,2,23,-21
106000193,268,158,110
106000194,112,334,-222
106000195,245,114,131
106000196,96,440,-344
106000197,488,260,228
106000198,127,172,-45
106000199,680,553,127
106000200,129,175,-46
106000201,440,2435,-1995
106000202,2160,424,1736
106000203,20,147,-127
106000204,80,9,71
106000205,23,103,-80
106000206,85,23,62
106000207,38,449,-411
106000208,1205,121,1084
106000209,1385,346,1039
106000210,269,668,-399
106000211,244,816,-572
106000212,843,339,504
106000213,412,1350,-938
106000214,1960,390,1570
106000215,228,364,-136
106000216,301,289,12
106000217,244,272,-28
106000218,366,288,78
106000219,141,238,-97
106000220,466,194,272
106000221,265,160,105
106000222,55,68,-13
106000223,234,87,147
106000224,218,130,88
106000225,93,105,-12
106000226,108,207,-99
106000228,48,82,-34
106000229,89,466,-377
106000231,807,83,724
106000232,131,213,-82
106000233,504,102,402
106000234,99,151,-52
106000235,1089,119,970
106000236,324,81,243
106000237,2,18,-16
106000238,113,25,88
106000239,2,109,-107
106000240,50,5,45
106000241,13,529,-516
106000242,242,21,221
106000249,97,62,35
106000250,42,537,-495
106000251,96,20,76
106000252,26,63,-37
106000253,60,56,4
106000254,44,26,18
106000255,12,144,-132
106000256,46,25,21
106000257,159,145,14
106000258,418,20,398
106000259,9,51,-42
106000260,46,2,44
106000261,2,35,-33
106000262,51,10,41
106000263,7,37,-30
106000264,146,10,136
106000265,10,96,-86
106000266,99,29,70
106000267,4,42,-38
106000268,379,44,335
106000269,42,29,13
106000270,76,327,-251
106000271,50,139,-89
106000272,145,47,98
106000273,5,157,-152
106000274,125,31,94
106000275,117,215,-98
106000276,101,29,72
106000277,107,226,-119
106000278,160,27,133
106000279,20,26,-6
106000280,95,57,38
106000281,95,44,51
106000282,39,55,-16
106000283,83,37,46
106000284,73,75,-2
106000285,97,57,40
106000286,120,104,16
106000287,121,48,73
106000288,92,104,-12
106000289,76,47,29
106000290,69,46,23
106000291,127,74,53
106000292,69,90,-21
106000293,123,69,54
106000294,98,96,2
106000295,34,36,-2
106000296,29,65,-36
106000297,53,194,-141
106000298,116,57,59
106000299,80,100,-20
106000300,53,95,-42
106000301,58,109,-51
106000303,24,66,-42
106000304,31,22,9
106000305,45,61,-16
106000306,32,37,-5
106000307,45,39,6
106000308,13,62,-49
106000309,16,45,-29
106000310,268,418,-150
106000311,331,112,219
106000312,93,129,-36
106000313,172,176,-4
106000318,57,393,-336
106000319,907,211,696
106000320,1,76,-75
106000321,177,149,28
106000322,176,110,66
106000324,26,99,-73
106000325,1484,797,687
106000326,902,1216,-314
106000327,139,96,43
106000328,66,129,-63
106000329,176,228,-52
106000330,81,49,32
106000428,122,147,-25
106000429,151,368,-217
106000430,314,879,-565
106000431,2026,375,1651
106000432,1608,2042,-434
106000433,2240,1265,975
106000434,2934,1443,1491
106000435,1186,1863,-677
106000436,9,112,-103
106000437,238,30,208
106000438,231,146,85
106000439,34,278,-244
106000440,221,566,-345
106000441,0,2,-2
106000442,176,3,173
106000443,165,219,-54
106000450,2,104,-102
106000451,31,42,-11
106000454,2,240,-238
106000455,7,145,-138
106000456,105,15,90
106000457,15,636,-621
106000458,818,116,702
106000459,161,276,-115
106000460,1444,29,1415
106000461,98,701,-603
106000462,0,20,-20
106000463,6,19,-13
106000464,9,333,-324
106000465,695,2,693
106000466,2,359,-357
106000467,318,400,-82
106000468,107,100,7
106000469,167,0,167
106000470,209,1549,-1340
106000471,31,336,-305
106000472,140,14,126
106000473,49,13,36
106000474,509,309,200
106000475,489,301,188
106000476,152,217,-65
106000477,32,88,-56
106000480,0,259,-259
106900001,0,9,-9
106900002,0,230,-230
106900003,168,1196,-1028
106900004,2,16,-14
106900006,0,11,-11
106900007,0,13,-13
106900008,347,113,234
106900009,351,195,156
106900010,218,166,52
106900012,833,1984,-1151
106900013,580,133,447
106900014,43,2,41
106900015,9,0,9
106900016,304,6,298
106900017,3,2,1
106900018,2,0,2
106900019,36,0,36
106900020,2127,1362,765
106900021,77,73,4
106900022,604,5,599
106900023,350,305,45
106900024,497,42,455
106900025,44,432,-388
106900026,0,310,-310
106900027,729,4,725
107000001,3522,3093,429
107000002,2088,3206,-1118
107000003,6142,5820,322
107000004,3511,2841,670
107000005,4840,5174,-334
107000006,3395,2626,769
107000007,5333,8681,-3348
107000008,7783,5317,2466
107000009,7383,7255,128
107000010,7186,5873,1313
107000011,1012,984,28
107000012,3358,2229,1129
107000013,115,97,18
107000014,70,179,-109
107000015,498,602,-104
107000016,702,591,111
107000017,1895,1956,-61
107000018,17,1478,-1461
107000020,1402,1943,-541
107000021,1079,384,695
107000022,824,1507,-683
107000023,1719,167,1552
107000024,620,1029,-409
107000025,201,260,-59
107000026,323,348,-25
107000027,1446,816,630
107000028,1293,988,305
107000029,3541,2960,581
107000030,2711,2131,580
107000031,3994,2078,1916
107000032,462,745,-283
107000033,2428,3304,-876
107000034,2983,1120,1863
107000035,416,223,193
107000036,340,938,-598
107000037,110,655,-545
107000038,269,196,73
107000039,732,679,53
107000040,175,275,-100
107000041,1006,528,478
107000042,645,1674,-1029
107000043,2000,883,1117
107000044,386,285,101
107000045,108,250,-142
107000046,865,404,461
107000047,380,741,-361
107000048,614,246,368
107000049,624,624,0
107000050,1016,496,520
107000051,280,314,-34
107000052,781,922,-141
107000053,265,193,72
107000054,90,244,-154
107000055,340,119,221
107000056,523,720,-197
107000057,1651,300,1351
107000058,1949,2060,-111
107000059,1456,2413,-957
107000060,4420,4486,-66
107000061,3777,2514,1263
107000062,4589,2388,2201
107000063,3528,3443,85
107000064,4631,2551,2080
107000065,3136,3305,-169
107000066,1614,2580,-966
107000067,1178,1170,8
107000068,1176,698,478
107000069,809,618,191
107000070,1087,10,1077
107000071,3261,31,3230
107000072,44,1942,-1898
107000073,750,386,364
107000074,196,624,-428
107000075,1832,444,1388
107000076,580,1036,-456
107000077,3641,1212,2429
107000078,2212,2280,-68
107000079,2868,1000,1868
107000080,897,2161,-1264
107000081,2043,627,1416
107000082,582,1207,-625
107000083,1242,471,771
107000084,307,1109,-802
107000085,2594,2802,-208
107000086,3000,2731,269
107000087,2567,1795,772
107000088,2772,3022,-250
107000089,1487,1508,-21
107000090,1012,870,142
107000091,1351,735,616
107000092,664,831,-167
107000093,999,766,233
107000094,736,888,-152
107000095,833,628,205
107000096,434,551,-117
107000097,826,348,478
107000098,482,455,27
107000099,493,278,215
107000100,196,266,-70
107000101,73,185,-112
107000102,164,263,-99
107000103,283,204,79
107000104,195,235,-40
107000105,420,131,289
107000106,207,197,10
107000107,750,161,589
107000108,162,414,-252
107000109,576,146,430
107000110,60,417,-357
107000111,311,36,275
107000112,31,226,-195
107000113,750,131,619
107000114,107,373,-266
107000115,572,189,383
107000116,80,550,-470
107000117,117,703,-586
107000118,119,118,1
107000119,1092,1428,-336
107000120,900,427,473
107000121,914,540,374
107000122,1104,675,429
107000123,572,490,82
107000124,508,649,-141
107000125,954,531,423
107000126,938,565,373
107000129,230,504,-274
107000130,570,186,384
107000131,304,398,-94
107000132,500,305,195
107000133,491,115,376
107000134,255,4,251
107000135,4,226,-222
107000136,676,9,667
107000137,9,486,-477
107000138,279,27,252
107000139,30,521,-491
107000140,1338,105,1233
107000141,128,710,-582
107000142,401,95,306
107000143,58,503,-445
107000144,511,423,88
107000145,161,338,-177
107000146,169,207,-38
107000147,4085,943,3142
107000150,499,2615,-2116
107000151,27,66,-39
107000152,340,1450,-1110
107000153,124,228,-104
107000154,212,228,-16
107000155,972,28,944
107000156,1071,32,1039
107000157,72,964,-892
107000158,687,27,660
107000159,61,682,-621
107000160,1105,134,971
107000161,99,818,-719
107000162,294,490,-196
107000163,216,1,215
107000164,936,1,935
107000165,1084,7,1077
107000166,38,700,-662
107000167,610,189,421
107000168,1022,530,492
107000169,697,698,-1
107000170,2166,748,1418
107000171,643,1278,-635
107000172,1216,1293,-77
107000173,608,591,17
107000174,1088,4627,-3539
107000175,4544,1156,3388
107000176,1,1,0
107000177,1,2,-1
107000178,29,31,-2
107000179,322,1363,-1041
107000180,1282,246,1036
107000181,425,735,-310
107000182,1818,713,1105
107000183,162,515,-353
107000184,1128,456,672
107000185,444,950,-506
107000186,1114,321,793
107000187,1260,1005,255
107000188,632,512,120
107000189,556,815,-259
107000190,554,507,47
107000191,897,929,-32
107000192,1533,517,1016
107000193,358,383,-25
107000194,810,515,295
107000197,959,242,717
107000198,259,592,-333
107000199,586,562,24
107000200,559,541,18
107000201,462,260,202
107000202,347,412,-65
107000203,922,779,143
107000204,780,1061,-281
107000205,1544,765,779
107000206,689,1246,-557
107000207,520,880,-360
107000208,800,515,285
107000209,1105,1134,-29
107000210,493,273,220
107000211,4,32,-28
107000212,15,317,-302
107000213,8,13,-5
107000214,11,132,-121
107000215,391,271,120
107000216,455,276,179
107000217,211,261,-50
107000219,102,123,-21
107000220,143,130,13
107000222,233,439,-206
107000224,470,70,400
107000225,372,250,122
107000226,450,76,374
107000227,109,150,-41
107000228,120,285,-165
107000229,108,120,-12
107000230,799,425,374
107000231,1158,1456,-298
107000232,90,30,60
107000233,849,796,53
107000234,6,52,-46
107000235,70,4,66
107000236,17,429,-412
107000237,36,3,33
107000238,34,4,30
107000239,2515,422,2093
107000240,147,605,-458
107000243,0,17,-17
107000244,9,53,-44
107000246,3,1041,-1038
107000249,2,1225,-1223
107000251,3,374,-371
107000252,0,775,-775
107000255,216,54,162
107000257,1,257,-256
107000258,0,89,-89
107000259,0,112,-112
107000260,820,1,819
107000262,12,326,-314
107000263,340,5,335
107000266,9,5,4
107000267,55,95,-40
107000268,131,100,31
107000269,548,58,490
107000270,6,24,-18
107000271,13,362,-349
107000272,28,73,-45
107000273,18,346,-328
107000274,1180,48,1132
107000275,704,1798,-1094
107000280,877,37,840
107000281,69,549,-480
107000282,73,597,-524
107000290,12,47,-35
107000291,28,9,19
107000292,0,134,-134
107000293,50,9,41
107000294,1,41,-40
107000295,34,4,30
107000296,0,30,-30
107000444,281,3,278
107000496,3,12,-9
107000497,1223,1612,-389
107000500,354,282,72
107000501,160,151,9
107000502,149,257,-108
107000505,274,605,-331
107000506,0,38,-38
107000508,2,426,-424
107000509,183,594,-411
107000510,33,40,-7
107000514,38,314,-276
107000515,13,128,-115
107000516,445,200,245
107000518,1098,1500,-402
107000519,1111,667,444
107000520,97,38,59
107000521,657,316,341
107000522,954,388,566
107900001,52,71,-19
107900002,40,2,38
107900003,137,34,103
107900004,1,1,0
107900005,1349,3,1346
107900006,143,1,142
107900007,300,33,267
107900008,126,17,109
107900009,118,11,107
107900010,36,5,31
107900012,271,35,236
107900013,161,25,136
107900014,26,7,19
107900015,772,10,762
107900016,264,68,196
107900017,7,0,7
107900018,59,140,-81
107900019,27,32,-5
107900020,64,14,50
107900021,110,77,33
107900023,2,4,-2
107900024,0,22,-22
107900025,165,143,22
107900026,53,30,23
107900027,31,46,-15
107900028,131,67,64
107900030,210,27,183
107900031,80,58,22
107900032,18,2,16
107900033,26,7,19
107900034,290,19,271
107900035,748,65,683
107900036,69,21,48
107900037,0,33,-33
107900038,116,183,-67
107900039,68,30,38
107900040,32,116,-84
107900041,5,0,5
107900043,25,79,-54
107900044,10,4,6
107900045,81,46,35
107900046,201,149,52
107900047,49,46,3
107900048,177,7,170
107900049,362,933,-571
107900050,118,246,-128
107900051,88,47,41
107900052,50,45,5
107900053,42,69,-27
107900055,427,167,260
107900056,86,46,40
107900057,3,0,3
107900058,32,417,-385
107900060,7,33,-26
107900061,19,3,16
107900063,68,98,-30
107900064,248,137,111
107900065,232,5,227
107900066,24,4,20
107900067,3,0,3
107900068,69,366,-297
107900069,23,2168,-2145
107900070,102,49,53
107900071,19,390,-371
107900072,129,109,20
107900073,134,84,50
107900074,451,282,169
107900076,143,44,99
107900077,85,1,84
107900079,11,21,-10
107900080,165,487,-322
107900081,49,107,-58
107900082,5,10,-5
107900083,275,129,146
107900084,125,105,20
107900086,74,147,-73
107900087,396,125,271
107900088,60,5,55
107900089,186,764,-578
107900090,565,2139,-1574
107900091,128,272,-144
107900093,80,73,7
107900095,2496,1904,592
107900097,22,64,-42
107900098,46,107,-61
107900100,663,1210,-547
107900101,684,140,544
107900102,20,7,13
107900103,54,91,-37
107900104,202,6,196
107900105,2,279,-277
107900106,1,633,-632
107900107,948,395,553
107900108,138,110,28
107900109,1372,17,1355
107900110,61,82,-21
107900111,7,447,-440
107900112,75,311,-236
107900113,158,82,76
107900114,186,109,77
107900115,2,24,-22
107900116,195,99,96
107900117,221,213,8
107900118,44,112,-68
107900119,102,214,-112
107900120,33,26,7
107900121,13,193,-180
107900122,1,86,-85
107900123,9,45,-36
107900124,16,38,-22
107900125,30,158,-128
107900126,19,69,-50
107900127,682,320,362
107900128,60,76,-16
107900129,102,31,71
107900130,73,31,42
107900131,440,243,197
107900132,64,234,-170
107900133,0,45,-45
107900134,35,67,-32
107900135,7,120,-113
107900136,48,15,33
107900137,113,84,29
107900138,45,48,-3
107900139,34,37,-3
107900141,29,24,5
107900142,40,510,-470
107900143,88,24,64
107900144,3,149,-146
107900145,20,49,-29
107900146,45,66,-21
107900147,43,22,21
107900148,141,65,76
107900149,533,157,376
107900150,59,363,-304
107900151,40,93,-53
107900152,10,84,-74
107900153,137,205,-68
107900154,49,15,34
107900155,109,53,56
107900156,1,161,-160
107900157,20,38,-18
107900158,644,19,625
107900159,24,479,-455
107900160,108,156,-48
107900161,44,126,-82
107900162,2,44,-42
107900163,18,20,-2
107900164,17,45,-28
107900165,37,155,-118
107900166,12,131,-119
107900167,38,40,-2
107900168,43,36,7
107900169,133,123,10
107900171,3,741,-738
107900172,0,204,-204
107900173,21,80,-59
107900174,153,8,145
107900175,61,60,1
107900176,37,45,-8
107900177,0,109,-109
107900178,1,111,-110
107900179,16,92,-76
107900180,395,686,-291
107900181,256,192,64
107900182,381,825,-444
107900183,62,168,-106
107900184,104,239,-135
107900185,123,3,120
107900186,24,40,-16
107900187,0,129,-129
107900188,444,117,327
107900189,18,108,-90
107900190,38,138,-100
107900191,50,75,-25
107900193,24,127,-103
107900194,173,5,168
107900195,1303,207,1096
107900196,79,96,-17
107900197,564,331,233
107900199,2,746,-744
107900201,74,62,12
107900203,27,65,-38
107900204,122,140,-18
107900206,694,262,432
107900207,4,487,-483
107900208,14,347,-333
107900209,307,85,222
107900210,77,68,9
107900213,413,286,127
107900214,30,123,-93
107900215,99,225,-126
107900216,117,50,67
107900217,43,75,-32
107900218,15,1289,-1274
107900219,39,48,-9
107900220,153,207,-54
107900221,135,203,-68
107900223,129,385,-256
107900224,83,358,-275
107900225,6,408,-402
107900226,109,68,41
107900227,103,289,-186
107900228,17,67,-50
107900229,1,162,-161
107900230,13,67,-54
107900231,29,145,-116
107900232,83,110,-27
107900233,11,74,-63
107900234,133,71,62
107900235,11,84,-73
107900236,167,34,133
107900237,32,243,-211
107900238,31,92,-61
107900239,649,398,251
107900240,37,75,-38
107900241,16,56,-40
107900242,19,129,-110
107900243,2,51,-49
107900244,296,2,294
107900245,726,35,691
107900246,314,6,308
107900248,519,208,311
107900249,701,41,660
107900250,0,325,-325
107900251,74,961,-887
107900252,807,15,792
107900253,186,1,185
107900254,67,301,-234
107900255,230,79,151
107900256,1129,1387,-258
107900257,143,86,57
107900258,118,171,-53
107900259,70,1853,-1783
107900261,2,163,-161
107900262,57,81,-24
107900264,513,3,510
107900265,241,155,86
107900267,284,11,273
107900268,26,1,25
107900269,0,5,-5
107900270,0,0,0
107900271,2,19,-17
107900272,98,37,61
107900273,63,82,-19
107900274,59,0,59
107900275,15,0,15
107900276,0,95,-95
107900277,1,179,-178
107900278,220,295,-75
107900279,74,188,-114
107900280,2002,1595,407
107900281,845,2697,-1852
107900282,32,387,-355
107900283,605,536,69
107900284,335,247,88
107900285,127,50,77
107900286,78,63,15
107900287,255,169,86
107900290,2,223,-221
107900291,465,20,445
107900292,148,127,21
107900293,55,340,-285
107900295,39,27,12
107900297,1,261,-260
107900298,527,595,-68
107900299,1679,2275,-596
107900301,488,638,-150
107900302,87,25,62
107900303,154,195,-41
107900304,268,199,69
107900305,244,9,235
107900306,10,25,-15
107900307,62,166,-104
107900308,214,81,133
107900309,72,1,71
107900310,480,4,476
107900311,4,678,-674
107900312,70,0,70
107900313,1,173,-172
107900314,0,34,-34
107900315,1,45,-44
107900316,30,2,28
107900317,58,18,40
107900318,12,114,-102
107900319,6,103,-97
107900320,0,84,-84
107900321,129,3,126
107900322,7,92,-85
107900323,5,82,-77
107900324,99,3,96
107900325,84,0,84
107900326,332,175,157
107900327,1,61,-60
107900328,90,0,90
107900329,88,87,1
107900330,4,235,-231
107900331,240,11,229
107900332,302,15,287
107900333,65,13,52
107900334,7,96,-89
107900335,80,22,58
107900336,50,68,-18
107900337,637,876,-239
107900338,3,118,-115
107900339,4,15,-11
107900340,2,36,-34
107900341,57,2,55
107900342,135,115,20
107900343,36,1,35
107900344,3,39,-36
107900345,82,24,58
107900346,16,1,15
107900347,18,1,17
107900348,1,0,1
107900349,10,6,4
107900350,17,136,-119
107900351,6,132,-126
107900352,1,21,-20
107900353,9,6,3
107900354,5,21,-16
108000001,2754,3125,-371
108000002,1654,1739,-85
108000003,3050,3015,35
108000004,9377,10420,-1043
108000005,7510,5726,1784
108000006,6423,5449,974
108000007,4946,3574,1372
108000008,3514,4398,-884
108000009,3345,3707,-362
108000010,2344,3070,-726
108000011,11164,10608,556
108000012,12192,10961,1231
108000014,853,1058,-205
108000015,857,222,635
108000016,269,922,-653
108000017,1053,320,733
108000018,1558,572,986
108000019,1901,828,1073
108000020,1209,463,746
108000021,297,1478,-1181
108000022,407,1109,-702
108000023,1135,203,932
108000024,321,404,-83
108000025,324,290,34
108000026,949,361,588
108000027,787,554,233
108000028,839,222,617
108000029,526,701,-175
108000030,465,198,267
108000031,195,445,-250
108000032,1686,503,1183
108000033,674,700,-26
108000034,1535,415,1120
108000035,629,1376,-747
108000036,338,693,-355
108000037,1708,430,1278
108000038,2410,473,1937
108000039,453,1346,-893
108000040,1665,706,959
108000041,671,1618,-947
108000042,392,214,178
108000043,251,239,12
108000044,589,159,430
108000045,334,360,-26
108000046,1468,286,1182
108000047,346,666,-320
108000048,215,246,-31
108000049,985,246,739
108000050,120,472,-352
108000051,336,139,197
108000052,166,421,-255
108000053,454,255,199
108000054,398,808,-410
108000055,926,448,478
108000056,955,880,75
108000057,576,1005,-429
108000058,1833,3224,-1391
108000059,2487,1451,1036
108000060,219,605,-386
108000061,307,388,-81
108000062,715,506,209
108000063,390,344,46
108000064,214,212,2
108000065,495,354,141
108000066,1405,657,748
108000067,1600,578,1022
108000068,716,321,395
108000069,229,738,-509
108000070,1995,628,1367
108000071,671,985,-314
108000072,1704,843,861
108000073,1025,1169,-144
108000074,666,392,274
108000075,348,532,-184
108000076,776,516,260
108000077,529,434,95
108000078,2325,1164,1161
108000079,769,1041,-272
108000080,1523,446,1077
108000081,619,1064,-445
108000082,803,1192,-389
108000083,1800,837,963
108000084,426,833,-407
108000085,788,418,370
108000086,645,480,165
108000087,148,1897,-1749
108000088,763,144,619
108000089,253,265,-12
108000091,159,334,-175
108000092,159,64,95
108000093,186,358,-172
108000094,561,105,456
108000095,161,238,-77
108000096,368,210,158
108000097,147,287,-140
108000098,1640,912,728
108000099,1011,316,695
108000100,165,390,-225
108000101,1198,1429,-231
108000102,1613,3268,-1655
108000106,1075,1,1074
108000107,4,795,-791
108000108,670,46,624
108000109,5,910,-905
108000110,176,214,-38
108000111,134,413,-279
108000112,35,142,-107
108000113,375,139,236
108000115,233,183,50
108000117,542,312,230
108000118,512,1732,-1220
108000119,468,292,176
108000120,146,624,-478
108000121,158,329,-171
108000122,535,279,256
108000123,918,124,794
108000124,407,402,5
108000125,428,219,209
108000126,163,292,-129
108000127,517,235,282
108000128,496,337,159
108000129,240,662,-422
108000130,518,167,351
108000131,915,472,443
108000132,1648,935,713
108000133,906,434,472
108000134,430,419,11
108000135,1132,429,703
108000136,246,657,-411
108000137,431,246,185
108000138,344,704,-360
108000139,550,292,258
108000140,143,16,127
108000141,35,35,0
108000142,40,60,-20
108000143,31,244,-213
108000144,475,46,429
108000145,24,16,8
108000146,799,84,715
108000147,25,19,6
108000148,678,84,594
108000149,14,12,2
108000150,35,20,15
108000151,210,108,102
108000152,142,368,-226
108000153,644,147,497
108000154,36,14,22
108000155,49,18,31
108000156,989,353,636
108000157,309,1117,-808
108000158,79,653,-574
108000159,405,190,215
108000160,1833,923,910
108000161,1602,2270,-668
108000165,4,141,-137
108000172,14,217,-203
108000173,1130,1714,-584
108000175,694,105,589
108000178,399,205,194
108000179,167,760,-593
108000181,72,30,42
108000182,244,76,168
108000183,54,420,-366
108000184,702,2115,-1413
108000185,243,282,-39
108000186,435,254,181
108000187,132,436,-304
108000188,623,180,443
108000189,1341,8418,-7077
108000190,47,102,-55
108000192,183,432,-249
108000193,595,22,573
108000194,32,9,23
108000195,1,699,-698
108000196,325,142,183
108000198,779,259,520
108000199,1,288,-287
108000200,422,303,119
108000203,114,437,-323
108000204,124,76,48
108000205,188,296,-108
108000339,949,334,615
108000364,255,541,-286
108000365,58,268,-210
108000367,124,169,-45
108000368,5,25,-20
108000369,629,250,379
108000371,19,772,-753
108000372,689,4,685
108000373,239,140,99
108000376,104,39,65
108000377,474,220,254
108000378,7892,8997,-1105
108000379,27,196,-169
108000381,58,11,47
108000382,189,1,188
108000383,0,236,-236
108900001,69,834,-765
108900002,175,58,117
108900003,244,498,-254
108900004,297,460,-163
108900007,294,178,116
108900008,138,147,-9
108900009,96,91,5
108900010,324,159,165
108900011,686,373,313
108900012,347,394,-47
108900013,166,224,-58
108900014,12,97,-85
108900015,14,141,-127
108900016,0,197,-197
108900017,189,345,-156
108900018,143,274,-131
108900019,29,438,-409
108900020,68,144,-76
108900021,144,191,-47
108900022,150,8,142
108900023,14,25,-11
108900024,42,90,-48
108900025,110,124,-14
108900026,14,112,-98
108900027,0,45,-45
108900028,60,222,-162
108900029,56,176,-120
108900030,0,61,-61
108900031,170,189,-19
108900032,13,137,-124
108900033,0,108,-108
108900034,0,199,-199
108900035,266,805,-539
108900038,1,181,-180
108900039,0,306,-306
108900040,3,82,-79
108900041,3729,2743,986
108900042,15,311,-296
108900043,63,325,-262
108900044,5,256,-251
108900045,50,310,-260
108900046,27,422,-395
108900047,18,154,-136
108900048,115,604,-489
108900049,1682,1228,454
108900050,0,105,-105
108900051,0,94,-94
108900052,28,162,-134
108900053,64,155,-91
108900054,87,179,-92
108900055,47,273,-226
108900056,0,104,-104
108900057,1,110,-109
108900058,39,249,-210
108900059,442,24,418
108900060,63,144,-81
108900061,72,22,50
108900062,5,161,-156
108900063,9,183,-174
108900064,245,30,215
108900065,9,114,-105
108900066,468,143,325
108900067,14,96,-82
108900068,3,99,-96
108900069,62,40,22
108900070,29,66,-37
108900071,88,73,15
108900072,1563,494,1069
108900073,34,251,-217
108900074,222,196,26
108900075,40,29,11
108900076,351,87,264
108900077,98,320,-222
108900078,25,95,-70
108900079,689,168,521
108900080,20,645,-625
108900081,61,177,-116
108900082,119,93,26
108900083,11,195,-184
108900085,1473,149,1324
108900086,121,143,-22
108900087,77,123,-46
108900088,878,355,523
108900089,12,92,-80
108900090,80,200,-120
108900091,113,32,81
108900092,458,221,237
108900093,84,97,-13
108900094,247,117,130
108900095,28,221,-193
108900096,260,9,251
108900097,284,162,122
108900098,1331,712,619
108900099,450,171,279
108900100,81,110,-29
108900101,168,189,-21
108900102,57,839,-782
108900103,86,182,-96
108900105,8,1222,-1214
108900106,493,238,255
108900108,238,56,182
108900109,372,52,320
108900110,185,243,-58
108900111,349,347,2
108900113,49,52,-3
108900114,100,12,88
108900115,66,55,11
108900116,67,12,55
108900117,204,8,196
108900118,517,15,502
108900119,252,13,239
108900120,319,158,161
108900121,243,120,123
108900122,155,26,129
108900123,129,116,13
108900124,419,152,267
108900125,436,3,433
108900126,112,40,72
108900127,176,35,141
108900128,160,46,114
108900129,722,114,608
108900130,368,1,367
108900131,419,10,409
108900132,517,51,466
108900133,246,71,175
108900134,412,245,167
108900135,172,19,153
108900136,60,4,56
108900137,147,1,146
108900138,740,57,683
108900140,348,229,119
108900141,367,13,354
108900142,75,2,73
108900143,66,0,66
108900144,133,0,133
108900145,279,22,257
108900146,79,0,79
108900147,223,0,223
108900148,58,33,25
108900150,204,22,182
108900151,125,13,112
108900152,227,5,222
108900153,249,247,2
108900154,4791,452,4339
108900156,117,1,116
108900157,18,303,-285
108900158,438,28,410
108900159,8,165,-157
108900160,9,191,-182
108900161,2,276,-274
108900162,116,0,116
108900163,5,246,-241
108900164,49,68,-19
108900168,4891,2077,2814
108900169,70,100,-30
108900171,3822,2726,1096
108900172,165,36,129
108900173,101,243,-142
108900174,823,580,243
108900176,110,280,-170
108900177,3272,4872,-1600
108900178,2583,3205,-622
108900180,83,208,-125
108900183,158,125,33
108900184,530,174,356
108900185,66,258,-192
108900186,38,271,-233
108900189,329,88,241
108900190,16,1707,-1691
108900192,71,197,-126
108900195,146,176,-30
108900196,34,193,-159
108900199,219,240,-21
108900200,556,319,237
108900201,422,1076,-654
108900203,396,144,252
108900204,306,30,276
108900205,107,20,87
108900206,464,74,390
108900207,185,86,99
108900208,9,215,-206
108900209,170,402,-232
108900210,206,176,30
108900211,148,508,-360
108900212,404,1211,-807
108900215,88,302,-214
108900216,478,432,46
108900217,94,0,94
108900218,104,13,91
108900221,46,256,-210
108900224,35,132,-97
108900225,2,148,-146
108900227,119,231,-112
108900230,136,182,-46
108900232,3,200,-197
108900233,335,72,263
108900234,267,141,126
108900235,161,387,-226
108900236,51,188,-137
108900240,88,84,4
108900241,22,34,-12
108900245,11,1272,-1261
108900250,165,63,102
108900258,16,152,-136
108900259,218,60,158
108900260,12,50,-38
108900261,91,100,-9
108900262,115,116,-1
108900263,32,125,-93
108900264,422,213,209
108900265,583,388,195
108900266,539,681,-142
108900267,16,140,-124
108900268,8,12,-4
108900269,72,23,49
108900270,93,12,81
108900271,51,19,32
108900272,222,22,200
108900273,671,752,-81
108900274,69,60,9
109000001,2352,1783,569
109000002,1150,2138,-988
109000003,2497,368,2129
109000004,484,1810,-1326
109000005,2033,512,1521
109000006,698,1600,-902
109000007,1418,470,948
109000008,517,1274,-757
109000009,3460,1103,2357
109000010,1197,2521,-1324
109000011,3212,1625,1587
109000012,1799,2121,-322
109000013,3316,2801,515
109000014,1703,1759,-56
109000015,4321,9286,-4965
109000016,4419,2411,2008
109000017,2412,1062,1350
109000018,950,1946,-996
109000019,2529,1235,1294
109000020,984,1379,-395
109000023,305,17,288
109000024,11,186,-175
109000025,375,478,-103
109000026,530,262,268
109000027,101,333,-232
109000028,118,56,62
109000029,82,181,-99
109000030,63,331,-268
109000031,189,173,16
109000032,144,352,-208
109000033,306,154,152
109000034,57,54,3
109000035,20,38,-18
109000036,102,298,-196
109000037,242,1475,-1233
109000038,340,264,76
109000039,880,608,272
109000040,1622,6438,-4816
109000041,1587,1618,-31
109000042,432,973,-541
109000044,412,167,245
109000045,89,238,-149
109000046,375,70,305
109000047,72,334,-262
109000048,1119,475,644
109000049,175,420,-245
109000050,532,551,-19
109000051,236,191,45
109000052,482,566,-84
109000053,950,147,803
109000054,358,300,58
109000055,489,207,282
109000056,359,319,40
109000057,614,418,196
109000058,1657,517,1140
109000059,581,1196,-615
109000060,584,339,245
109000061,673,786,-113
109000062,118,267,-149
109000063,208,137,71
109000064,338,114,224
109000065,110,176,-66
109000066,320,48,272
109000067,55,224,-169
109000068,1964,32,1932
109000069,720,22,698
109000070,8,1743,-1735
109000071,325,61,264
109000072,155,505,-350
109000073,64,70,-6
109000074,36,156,-120
109000075,49,227,-178
109000076,211,306,-95
109000077,330,268,62
109000078,112,142,-30
109000079,148,102,46
109000080,187,97,90
109000081,136,358,-222
109000082,796,172,624
109000083,258,503,-245
109000088,94,320,-226
109000089,240,58,182
109000090,114,260,-146
109000091,273,191,82
109000092,283,335,-52
109000093,196,148,48
109000094,539,1,538
109000095,106,279,-173
109000096,719,227,492
109000097,86,98,-12
109000098,71,126,-55
109000099,791,252,539
109000100,243,639,-396
109000101,1500,516,984
109000102,389,717,-328
109000103,991,529,462
109000104,1731,411,1320
109000105,468,876,-408
109000106,1687,663,1024
109000107,488,1251,-763
109000108,1564,419,1145
109000109,473,1197,-724
109000110,1069,408,661
109000111,807,1322,-515
109000112,380,99,281
109000113,495,88,407
109000114,142,243,-101
109000115,976,86,890
109000116,14,581,-567
109000117,284,58,226
109000118,20,210,-190
109000119,1240,193,1047
109000120,190,503,-313
109000121,791,62,729
109000122,153,407,-254
109000123,44,152,-108
109000124,611,420,191
109000125,714,315,399
109000126,447,510,-63
109000127,1620,268,1352
109000128,547,826,-279
109000129,2095,482,1613
109000130,619,1484,-865
109000131,1372,849,523
109000132,1025,1803,-778
109000133,277,718,-441
109000134,778,983,-205
109000135,1115,1459,-344
109000136,290,230,60
109000137,310,274,36
109000138,405,202,203
109000139,488,392,96
109000140,242,426,-184
109000141,813,415,398
109000142,127,331,-204
109000143,91,83,8
109000145,72,290,-218
109000146,58,59,-1
109000148,2246,1251,995
109000149,12,75,-63
109000150,124,188,-64
109000155,779,588,191
109000156,806,522,284
109000158,110,212,-102
109000159,171,387,-216
109000160,1003,149,854
109000161,354,738,-384
109000162,1809,513,1296
109000163,991,1304,-313
109000164,1271,1879,-608
109000165,1245,433,812
109000166,779,94,685
109000167,98,313,-215
109000170,47,54,-7
109000171,74,37,37
109000172,47,69,-22
109000173,18,76,-58
109000174,121,30,91
109000175,136,268,-132
109000176,328,183,145
109000177,32,78,-46
109000178,738,237,501
109000179,2668,3440,-772
109000180,3076,2604,472
109000181,8,22,-14
109000182,29,18,11
109000183,47,12,35
109000184,19,17,2
109000185,17,18,-1
109000188,337,1138,-801
109000189,2223,878,1345
109000190,519,408,111
109000191,346,389,-43
109000192,468,134,334
109000193,207,153,54
109000194,245,80,165
109000195,151,230,-79
109000196,225,80,145
109000197,197,247,-50
109000198,369,62,307
109000199,107,328,-221
109000206,175,30,145
109000207,125,29,96
109000208,96,68,28
109000209,121,113,8
109000210,182,367,-185
109000211,640,269,371
109000214,525,586,-61
109000215,143,53,90
109000216,281,251,30
109000217,330,117,213
109000218,269,118,151
109000221,426,698,-272
109000222,908,190,718
109000223,366,243,123
109000224,44,67,-23
109000225,79,29,50
109000226,48,146,-98
109000227,1062,619,443
109000228,11,2383,-2372
109000231,0,194,-194
109000232,304,209,95
109000236,260,727,-467
109000241,2006,1431,575
109000242,1739,966,773
109000293,138,144,-6
109000361,198,213,-15
109000364,371,387,-16
109000396,4,309,-305
109000397,541,13,528
109000399,143,269,-126
109000400,106,246,-140
109000403,236,1779,-1543
109000406,353,4,349
109000407,233,156,77
109000408,1,313,-312
109000410,835,174,661
109000411,239,29,210
109900001,97,0,97
109900002,732,8,724
109900003,275,1,274
109900005,35,4,31
109900006,347,130,217
109900007,820,231,589
109900008,0,21,-21
109900009,104,300,-196
109900010,468,33,435
109900011,111,52,59
109900012,398,163,235
109900013,338,190,148
109900015,327,194,133
109900017,36,30,6
109900018,135,19,116
109900019,230,27,203
109900020,23,55,-32
109900021,55,15,40
109900022,219,189,30
109900023,22,10,12
109900024,25,8,17
109900025,17,35,-18
109900027,39,51,-12
109900028,877,1303,-426
109900029,2,160,-158
109900030,40,5,35
109900031,0,112,-112
109900032,7,211,-204
109900033,2,326,-324
109900034,39,6,33
109900035,19,31,-12
109900036,15,59,-44
109900037,27,278,-251
109900038,55,222,-167
109900039,15,1,14
109900040,26,317,-291
109900041,34,252,-218
109900042,68,543,-475
109900044,81,174,-93
109900045,292,182,110
109900046,135,82,53
109900047,290,266,24
109900048,29,91,-62
109900049,11,47,-36
109900050,2,99,-97
109900051,3,41,-38
109900052,64,246,-182
109900053,2,170,-168
109900054,662,183,479
109900055,52,204,-152
109900056,24,222,-198
109900057,2,94,-92
109900058,0,69,-69
109900060,521,89,432
109900061,56,206,-150
109900062,0,104,-104
109900064,453,121,332
109900065,51,108,-57
109900066,226,551,-325
109900067,5,163,-158
109900068,55,5,50
109900069,8,30,-22
109900071,0,11,-11
109900072,12,115,-103
109900073,376,342,34
109900074,5,24,-19
109900075,26,37,-11
109900076,18,171,-153
109900077,52,44,8
109900078,80,176,-96
109900080,119,210,-91
109900081,13,217,-204
109900082,42,223,-181
109900083,18,81,-63
109900084,50,97,-47
109900085,160,427,-267
109900086,104,438,-334
109900087,263,358,-95
109900089,677,156,521
109900092,538,50,488
109900093,956,95,861
109900094,61,70,-9
109900095,249,145,104
109900096,24,3,21
109900097,141,1,140
109900098,404,37,367
109900099,184,1,183
109900100,54,0,54
109900101,584,8,576
109900102,357,25,332
109900103,252,68,184
109900104,578,431,147
109900105,475,27,448
109900106,318,43,275
109900107,610,77,533
109900108,114,177,-63
109900109,31,108,-77
109900111,200,490,-290
109900114,712,523,189
109900115,151,66,85
109900117,953,123,830
109900121,489,502,-13
109900123,13,91,-78
109900125,2,130,-128
109900126,265,70,195
109900130,3898,2250,1648
109900131,48,102,-54
109900132,27,119,-92
109900134,73,64,9
109900135,253,65,188
109900137,145,193,-48
109900140,138,112,26
109900149,31,55,-24
109900150,12,73,-61
109900151,18,43,-25
109900152,1,31,-30
109900153,0,63,-63
109900154,41,0,41
109900155,46,29,17
109900157,63,200,-137
109900159,253,79,174
109900161,176,55,121
109900162,346,178,168
109900163,484,212,272
109900164,79,219,-140
109900165,205,6,199
109900166,0,219,-219
109900167,135,299,-164
109900168,228,460,-232
109900169,236,109,127
109900170,160,927,-767
109900171,148,57,91
109900172,242,191,51
109900173,1574,1969,-395
109900174,48,97,-49
109900175,103,53,50
109900176,92,121,-29
109900177,39,165,-126
109900178,13,146,-133
109900179,27,17,10
109900180,7,12,-5
110000001,833,431,402
110000002,533,681,-148
110000003,646,641,5
110000004,455,521,-66
110000005,347,1543,-1196
110000006,254,253,1
110000007,131,79,52
110000008,19,66,-47
110000009,27,13,14
110000010,37,69,-32
110000011,33,41,-8
110000012,503,286,217
110000013,29,463,-434
110000014,656,416,240
110000015,191,586,-395
110000016,219,1551,-1332
110000017,2584,202,2382
110000018,2557,341,2216
110000019,8,83,-75
110000020,358,152,206
110000021,489,385,104
110000022,612,120,492
110000023,5,139,-134
110000024,524,416,108
110000025,373,12,361
110000026,5,177,-172
110000027,632,614,18
110000028,865,521,344
110000029,434,495,-61
110000030,243,334,-91
110000031,278,286,-8
110000032,629,262,367
110000033,245,101,144
110000034,434,565,-131
110000035,687,349,338
110000036,869,575,294
110000037,184,306,-122
110000038,184,531,-347
110000039,669,3100,-2431
110000040,341,291,50
110000041,282,1447,-1165
110000042,128,452,-324
110000043,773,307,466
110000044,86,575,-489
110000045,546,133,413
110000046,11,82,-71
110000047,34,56,-22
110000048,14,80,-66
110000049,52,29,23
110000050,27,23,4
110000051,24,16,8
110000052,120,24,96
110000053,67,6,61
110000054,229,800,-571
110000055,572,118,454
110000056,188,105,83
110000057,435,487,-52
110000058,1076,401,675
110000059,847,452,395
110000060,834,796,38
110000061,634,570,64
110000062,575,752,-177
110000063,30,93,-63
110000064,81,43,38
110000065,74,54,20
110000066,75,19,56
110000067,46,121,-75
110000068,314,121,193
110000069,211,39,172
110000071,200,63,137
110000073,11,12,-1
110000075,12,55,-43
110000076,274,257,17
110000077,268,773,-505
110000078,39,33,6
110000080,240,449,-209
110000081,67,184,-117
110000082,45,297,-252
110000083,192,536,-344
110000084,1244,937,307
110000085,1201,1422,-221
110000086,945,1961,-1016
110000087,12,49,-37
110000088,73,178,-105
110000089,229,49,180
110000090,144,230,-86
110000091,701,237,464
110000092,11,45,-34
110000093,45,13,32
110000094,409,164,245
110000095,162,470,-308
110000096,1335,1610,-275
110000097,1143,1391,-248
110000098,1755,568,1187
110000099,635,1337,-702
110000100,1015,336,679
110000101,57,187,-130
110000102,78,43,35
110000104,416,153,263
110000105,46,210,-164
110000106,545,500,45
110000107,206,289,-83
110000108,142,112,30
110000109,204,195,9
110000110,1876,3306,-1430
110000111,3880,2247,1633
110000112,824,1202,-378
110000113,218,1874,-1656
110000114,211,523,-312
110000115,397,232,165
110000116,56,43,13
110000117,249,211,38
110000118,470,108,362
110000119,198,157,41
110000120,290,121,169
110000121,87,286,-199
110000122,359,416,-57
110000123,482,538,-56
110000124,2,727,-725
110000125,816,3,813
110000126,247,12,235
110000127,973,50,923
110000128,23,835,-812
110000129,0,452,-452
110000130,313,161,152
110000131,106,299,-193
110000132,1,604,-603
110000133,24,407,-383
110000134,8,322,-314
110000135,202,31,171
110000136,72,192,-120
110000137,584,347,237
110000138,763,405,358
110000139,944,724,220
110000140,870,591,279
110000143,601,301,300
110000144,3862,1476,2386
110000145,1621,872,749
110000146,1258,573,685
110000147,344,565,-221
110000148,492,196,296
110000151,528,704,-176
110000152,595,329,266
110000153,95,28,67
110000154,8,23,-15
110000155,995,3251,-2256
110000156,960,1953,-993
110000157,1233,1675,-442
110000160,415,247,168
110000161,223,233,-10
110000166,539,90,449
110000167,754,455,299
110000168,960,487,473
110000169,849,380,469
110000170,133,61,72
110000171,522,116,406
110000172,118,549,-431
110000173,764,791,-27
110000174,123,498,-375
110000175,720,66,654
110000176,137,381,-244
110000177,219,894,-675
110000178,370,1453,-1083
110000179,821,266,555
110000180,187,173,14
110000181,427,312,115
110000182,234,107,127
110000183,5576,5891,-315
110000184,249,2162,-1913
110000185,930,543,387
110000186,654,672,-18
110000191,1122,192,930
110000192,630,12,618
110000193,968,4,964
110000194,13,624,-611
110000195,428,193,235
110000196,418,205,213
110000197,81,102,-21
110000198,93,50,43
110000199,81,125,-44
110000200,913,358,555
110000201,998,901,97
110000202,1107,477,630
110000203,472,496,-24
110000204,3,132,-129
110000205,142,31,111
110000206,401,764,-363
110000207,1082,353,729
110000208,193,182,11
110000209,95,692,-597
110000210,1193,477,716
110000211,887,592,295
110000212,364,837,-473
110000213,219,53,166
110000214,374,77,297
110000215,201,198,3
110000216,107,222,-115
110000217,335,97,238
110000218,159,183,-24
110000219,343,45,298
110000220,82,128,-46
110000221,343,57,286
110000222,61,125,-64
110000223,8,184,-176
110000224,23,16,7
110000225,268,559,-291
110000226,207,60,147
110000227,640,769,-129
110000228,238,125,113
110000229,2,194,-192
110000230,501,571,-70
110000231,203,182,21
110000232,317,162,155
110000233,184,196,-12
110000234,631,835,-204
110000235,730,886,-156
110000236,595,466,129
110000237,2120,1148,972
110000238,1039,1191,-152
110000239,1689,941,748
110000240,0,68,-68
110000242,0,19,-19
110000243,130,73,57
110000244,107,372,-265
110000245,45,374,-329
110000246,750,498,252
110000247,917,3288,-2371
110000248,1700,1201,499
110000249,89,9,80
110000250,36,105,-69
110000251,278,309,-31
110000252,232,127,105
110000253,1212,503,709
110000254,562,748,-186
110000255,151,640,-489
110000256,434,252,182
110000257,551,405,146
110000258,3,389,-386
110000259,124,28,96
110000260,34,126,-92
110000263,546,64,482
110000264,298,282,16
110000265,1055,1496,-441
110000266,1417,2270,-853
110000267,23,111,-88
110000268,209,272,-63
110000269,3,55,-52
110000270,76,1,75
110000271,1156,225,931
110000272,939,911,28
110000273,2261,1389,872
110000274,176,1592,-1416
110000275,1573,516,1057
110000276,298,319,-21
110000277,324,351,-27
110000278,323,547,-224
110000279,704,710,-6
110000280,433,387,46
110000281,35,302,-267
110000282,218,21,197
110000283,43,100,-57
110000284,61,24,37
110000285,2,402,-400
110000286,14,0,14
110000287,53,1,52
110000288,27,55,-28
110000289,362,1669,-1307
110000290,666,464,202
110000291,3248,972,2276
110000292,1157,4358,-3201
110000293,658,486,172
110000294,1050,938,112
110000295,147,497,-350
110000296,387,273,114
110000297,2031,255,1776
110000298,166,389,-223
110000299,206,60,146
110000301,376,14,362
110000302,571,532,39
110000303,521,8,513
110000304,219,164,55
110000305,1216,27,1189
110000306,174,730,-556
110000307,1617,7,1610
110000308,423,5,418
110000309,3,551,-548
110000310,612,57,555
110000311,14,453,-439
110000312,435,89,346
110000313,2151,2391,-240
110000314,3,154,-151
110000315,2313,2371,-58
110000316,457,1201,-744
110000317,299,723,-424
110000318,4,30,-26
110000319,23,14,9
110000320,33,16,17
110000321,8,38,-30
110000322,209,293,-84
110000323,481,181,300
110000324,2564,1467,1097
110000325,1973,2892,-919
110000327,377,226,151
110000328,157,349,-192
110000333,733,638,95
110000334,555,1006,-451
110000335,773,373,400
110000336,818,1203,-385
110000337,1789,579,1210
110000338,427,171,256
110000339,284,184,100
110000340,109,148,-39
110000341,345,415,-70
110000342,269,2,267
110000343,0,25,-25
110000344,249,132,117
110000345,415,159,256
110000346,1750,1731,19
110000347,1003,574,429
110000348,10,8,2
110000349,18,13,5
110000350,39,0,39
110000351,996,587,409
110000352,628,1311,-683
110000353,2215,629,1586
110000354,929,2836,-1907
110000355,96,41,55
110000356,640,8,632
110000357,543,22,521
110000361,14,33,-19
110000362,75,11,64
110000363,368,104,264
110000364,196,210,-14
110000365,133,1,132
110000366,0,105,-105
110000367,294,133,161
110000368,2,52,-50
110000369,54,4,50
110000373,2,222,-220
110000374,139,7,132
110000375,100,876,-776
110000376,28,79,-51
110000377,64,463,-399
110000378,20,331,-311
110000379,1923,1674,249
110000380,54,10,44
110000383,0,1099,-1099
110000384,1278,960,318
110000385,1,136,-135
110000387,84,5,79
110000388,34,141,-107
110000389,687,4,683
110000391,740,288,452
110000396,156,106,50
110000397,132,92,40
110000398,1,43,-42
110000399,108,0,108
110000587,130,46,84
110000589,197,136,61
110000640,187,26,161
110000652,11,266,-255
110000653,467,308,159
110000654,198,1144,-946
110000656,2,338,-336
110000674,14,16,-2
110000675,23,11,12
110000676,7,52,-45
110000679,271,1248,-977
110000682,101,138,-37
110000683,314,410,-96
110000684,4,23,-19
110000685,15,15,0
110000686,2,28,-26
110000687,21,5,16
110000688,34,773,-739
110000689,34,26,8
110000692,51,123,-72
110000693,87,244,-157
110000694,3,125,-122
110000695,109,547,-438
110000696,47,65,-18
110900001,126,3,123
110900002,332,130,202
110900003,688,250,438
110900004,335,118,217
110900005,1492,2001,-509
110900006,21,6,15
110900007,126,20,106
110900008,21,54,-33
110900009,392,117,275
110900010,12,53,-41
110900011,20,53,-33
110900012,25,68,-43
110900013,879,122,757
110900014,232,9,223
110900015,353,601,-248
110900016,61,108,-47
110900017,381,29,352
110900018,389,50,339
110900019,187,16,171
110900020,94,132,-38
110900021,79,279,-200
110900022,110,172,-62
110900023,43,504,-461
110900024,39,164,-125
110900025,11,52,-41
110900027,28,155,-127
110900028,24,82,-58
110900029,13,211,-198
110900030,37,127,-90
110900031,171,157,14
110900032,0,45,-45
110900033,38,112,-74
110900035,22,453,-431
110900036,69,30,39
110900037,89,22,67
110900038,636,144,492
110900039,34,237,-203
110900040,239,30,209
110900041,37,61,-24
110900042,133,34,99
110900043,8,48,-40
110900044,158,20,138
110900045,50,247,-197
110900046,19,90,-71
110900047,361,277,84
110900049,62,54,8
110900050,23,4,19
110900051,28,152,-124
110900052,1,106,-105
110900053,99,19,80
110900054,29,136,-107
110900055,23,0,23
110900056,51,61,-10
110900057,0,68,-68
110900058,249,130,119
110900059,471,354,117
110900060,409,94,315
110900061,35,43,-8
110900062,157,158,-1
110900063,24,65,-41
110900064,19,0,19
110900065,252,115,137
110900066,6,27,-21
110900067,187,569,-382
110900068,217,191,26
110900069,136,85,51
110900070,129,63,66
110900071,186,519,-333
110900073,0,16,-16
110900074,380,86,294
110900075,333,71,262
110900077,721,473,248
110900078,49,30,19
110900079,1713,1085,628
110900080,120,76,44
110900081,12,39,-27
110900082,134,71,63
110900083,89,49,40
110900084,49,39,10
110900085,48,193,-145
110900086,56,295,-239
110900087,340,51,289
110900088,8,0,8
110900090,45,52,-7
110900091,2,41,-39
110900093,242,110,132
110900095,40,25,15
110900097,21,19,2
110900098,25,71,-46
110900099,19,357,-338
110900100,0,15,-15
110900102,43,18,25
110900105,738,184,554
110900108,18,41,-23
110900111,245,98,147
110900112,875,4,871
110900113,266,38,228
110900115,7,38,-31
110900116,675,951,-276
110900118,92,2998,-2906
110900119,1875,164,1711
110900120,15,32,-17
110900121,111,0,111
110900122,399,135,264
110900125,391,390,1
110900127,343,980,-637
110900128,282,376,-94
110900129,252,742,-490
110900130,681,570,111
110900131,180,39,141
110900132,335,53,282
110900133,53,131,-78
110900135,57,152,-95
110900136,269,21,248
110900138,0,0,0
110900139,21,0,21
110900140,1,0,1
110900141,418,428,-10
110900142,59,126,-67
110900143,167,69,98
110900144,2,539,-537
110900145,179,66,113
110900146,267,195,72
110900147,131,274,-143
110900148,0,194,-194
110900149,1,57,-56
110900150,32,11,21
110900151,2,57,-55
110900152,31,127,-96
110900153,157,54,103
111000001,719,613,106
111000002,715,640,75
111000003,1363,610,753
111000004,435,806,-371
111000005,1300,997,303
111000006,804,1494,-690
111000007,3564,2895,669
111000008,1851,2415,-564
111000009,486,738,-252
111000010,892,214,678
111000011,434,1250,-816
111000012,626,351,275
111000013,476,948,-472
111000014,1398,476,922
111000017,182,811,-629
111000018,251,340,-89
111000020,701,1821,-1120
111000021,87,77,10
111000023,79,67,12
111000025,4219,3461,758
111000029,74,94,-20
111000030,30,80,-50
111000031,1949,1049,900
111000032,545,335,210
111000033,254,292,-38
111000034,121,300,-179
111000037,1116,731,385
111000038,2698,1501,1197
111000039,1393,1275,118
111000040,1583,1647,-64
111000041,1367,1204,163
111000042,2180,1738,442
111000043,1641,3341,-1700
111000044,1719,1041,678
111000045,2362,1762,600
111000046,1397,1388,9
111000047,2405,3593,-1188
111000049,360,352,8
111000050,1172,1003,169
111000051,437,778,-341
111000052,574,1425,-851
111000053,297,601,-304
111000054,336,615,-279
111000055,1131,1333,-202
111000056,257,382,-125
111000057,159,441,-282
111000058,517,57,460
111000059,676,242,434
111000060,4003,873,3130
111000061,579,313,266
111000062,892,317,575
111000063,1579,888,691
111000064,665,470,195
111000065,1043,811,232
111000066,470,327,143
111000067,526,473,53
111000068,612,753,-141
111000069,1556,1456,100
111000070,1036,840,196
111000071,224,466,-242
111000072,1312,513,799
111000073,333,1082,-749
111000074,1421,1439,-18
111000075,1097,540,557
111000076,537,487,50
111000077,1531,1365,166
111000078,2624,1224,1400
111000079,1102,591,511
111000080,561,528,33
111000081,1476,3749,-2273
111000082,716,512,204
111000084,775,506,269
111000085,779,875,-96
111000086,1801,796,1005
111000087,690,405,285
111000088,3205,1677,1528
111000089,665,644,21
111000090,746,1082,-336
111000091,785,382,403
111000092,1339,737,602
111000093,695,1001,-306
111000094,1767,943,824
111000095,613,2014,-1401
111000096,1287,7063,-5776
111000097,3861,1413,2448
111000098,688,995,-307
111000099,567,1239,-672
111000100,426,1047,-621
111000101,427,652,-225
111000102,235,375,-140
111000104,630,166,464
111000107,99,631,-532
111000109,629,185,444
111000110,1345,561,784
111000111,2459,448,2011
111000112,1905,523,1382
111000113,910,1459,-549
111000114,2018,3388,-1370
111000115,4024,949,3075
111000116,883,718,165
111000117,447,786,-339
111000118,1365,708,657
111000119,1181,749,432
111000120,561,552,9
111000121,375,631,-256
111000122,528,779,-251
111000123,1150,1711,-561
111000124,514,1647,-1133
111000125,280,1101,-821
111000126,106,649,-543
111000127,1009,147,862
111000128,2082,285,1797
111000129,2637,383,2254
111000130,2035,524,1511
111000131,1764,468,1296
111000132,1578,817,761
111000133,161,123,38
111000134,146,76,70
111000135,64,116,-52
111000136,373,304,69
111000138,24,10,14
111000140,1,8,-7
111000141,155,396,-241
111000142,30,271,-241
111000143,13,437,-424
111000144,84,2043,-1959
111000145,952,38,914
111000146,119,11,108
111000147,226,30,196
111000148,162,75,87
111000149,7,24,-17
111000150,27,6,21
111000151,2,44,-42
111000153,509,563,-54
111000154,672,175,497
111000155,115,152,-37
111000156,552,587,-35
111000157,253,907,-654
111000158,884,756,128
111000159,2555,798,1757
111000160,538,411,127
111000161,18,293,-275
111000162,78,136,-58
111000163,766,631,135
111000164,543,2658,-2115
111000165,802,374,428
111000166,1181,248,933
111000167,158,304,-146
111000168,234,331,-97
111000169,288,537,-249
111000170,404,363,41
111000171,466,429,37
111000172,144,360,-216
111000173,434,614,-180
111000174,235,228,7
111000175,44,234,-190
111000176,322,103,219
111000177,448,175,273
111000178,1322,265,1057
111000179,263,140,123
111000180,210,387,-177
111000181,1235,158,1077
111000182,183,141,42
111000183,283,355,-72
111000184,403,201,202
111000185,293,321,-28
111000186,220,255,-35
111000187,94,112,-18
111000188,226,245,-19
111000189,771,441,330
111000190,175,212,-37
111000191,163,163,0
111000192,189,349,-160
111000193,305,253,52
111000194,53,273,-220
111000195,214,256,-42
111000196,87,153,-66
111000197,448,132,316
111000198,712,79,633
111000199,279,135,144
111000200,412,285,127
111000201,727,242,485
111000202,317,170,147
111000203,364,257,107
111000204,472,1229,-757
111000213,226,380,-154
111000214,1281,1038,243
111000215,1111,956,155
111000217,1335,640,695
111000218,1054,815,239
111000219,383,201,182
111000220,948,521,427
111000221,450,65,385
111000224,58,192,-134
111000225,510,363,147
111000226,93,4,89
111000227,49,6,43
111000228,21,403,-382
111000229,37,888,-851
111000230,210,273,-63
111000231,994,504,490
111000232,822,661,161
111000233,1025,668,357
111000234,126,414,-288
111000239,91,86,5
111000240,77,153,-76
111000241,33,179,-146
111000242,155,56,99
111000243,228,371,-143
111000244,504,105,399
111000245,1169,270,899
111000246,522,228,294
111000247,401,578,-177
111000248,676,297,379
111000249,435,410,25
111000250,75,68,7
111000251,34,95,-61
111000253,17,8,9
111000255,55,18,37
111000257,56,26,30
111000260,80,1037,-957
111000261,1220,110,1110
111000271,81,259,-178
111000273,2211,1016,1195
111000274,1335,1994,-659
111000275,217,45,172
111000276,296,922,-626
111000277,148,228,-80
111000278,633,192,441
111000291,972,5990,-5018
111000298,481,177,304
111000299,686,120,566
111000300,114,454,-340
111000302,269,67,202
111000303,61,139,-78
111000312,58,54,4
111000315,10,88,-78
111000320,256,438,-182
111000321,351,107,244
111000322,289,302,-13
111000323,274,28,246
111000324,488,288,200
111000325,41,68,-27
111000326,148,250,-102
111000327,431,268,163
111000328,300,455,-155
111000329,3,29,-26
111000330,52,3,49
111000331,33,5,28
111000332,469,1106,-637
111000334,323,902,-579
111000335,1169,197,972
111000337,1268,322,946
111000338,87,72,15
111000339,673,163,510
111000340,163,416,-253
111000341,1190,543,647
111000342,267,1495,-1228
111000344,998,485,513
111000345,162,153,9
111000346,45,237,-192
111000347,119,20,99
111000350,208,87,121
111000351,112,310,-198
111000352,204,95,109
111000353,152,217,-65
111000354,428,103,325
111000355,299,451,-152
111000358,187,624,-437
111000360,195,355,-160
111000361,157,190,-33
111000546,692,460,232
111000547,375,345,30
111000548,96,203,-107
111000549,291,178,113
111000550,88,762,-674
111000551,625,159,466
111000552,1353,267,1086
111000907,495,25,470
111000908,40,0,40
111000916,1740,230,1510
111000917,27,337,-310
111000918,204,448,-244
111000920,591,17,574
111000921,16,158,-142
111000922,493,183,310
111000924,44,449,-405
111000925,2794,1566,1228
111000926,1162,1321,-159
111000927,2766,3553,-787
111000928,3999,2238,1761
111000929,1417,1096,321
111000930,665,1582,-917
111000931,2098,2253,-155
111000932,3603,1602,2001
111000933,3335,2190,1145
111000934,1634,2476,-842
111000935,1569,776,793
111000936,958,1538,-580
111000937,1210,1208,2
111000938,1444,1201,243
111000939,574,38,536
111000940,509,140,369
111000941,464,282,182
111000943,488,192,296
111000944,184,243,-59
111000945,86,989,-903
111001109,428,362,66
111001110,127,330,-203
111001111,68,3,65
111001112,83,16,67
111001113,2,147,-145
111001114,475,151,324
111001115,49,552,-503
111001116,3309,3633,-324
111001117,504,2195,-1691
111001120,121,178,-57
111001121,178,155,23
111001122,222,313,-91
111001123,342,71,271
111001124,154,103,51
111001125,6,154,-148
111001126,0,0,0
111001127,0,24,-24
111001128,543,392,151
111900001,3,124,-121
111900002,2,397,-395
111900003,2,179,-177
111900004,26,62,-36
111900006,12,31,-19
111900007,96,2,94
111900008,149,1,148
111900009,139,1,138
111900010,246,251,-5
111900012,69,39,30
111900013,2,18,-16
111900014,3036,3885,-849
111900015,0,36,-36
111900016,0,73,-73
111900017,0,69,-69
111900018,267,5,262
111900019,0,76,-76
111900020,3,33,-30
111900021,38,61,-23
111900022,27,35,-8
111900023,76,53,23
111900024,17,93,-76
111900025,0,48,-48
111900026,1,54,-53
111900027,2,93,-91
111900028,9,230,-221
111900029,2,52,-50
111900030,34,274,-240
111900032,1,193,-192
111900033,13,53,-40
111900034,234,368,-134
111900035,41,251,-210
111900036,1,172,-171
111900038,222,372,-150
111900039,33,280,-247
111900040,1,322,-321
111900042,43,101,-58
111900043,1,177,-176
111900044,286,147,139
111900046,27,88,-61
111900048,134,319,-185
111900049,29,163,-134
111900050,108,22,86
111900051,0,125,-125
111900052,314,288,26
111900053,627,1265,-638
111900054,121,2,119
111900055,2,168,-166
111900056,87,262,-175
111900057,109,33,76
111900058,461,308,153
111900059,1162,618,544
111900060,334,2,332
111900061,7,78,-71
111900062,18,64,-46
111900063,265,283,-18
111900064,89,88,1
111900065,94,22,72
111900066,136,104,32
111900067,4,259,-255
111900068,50,40,10
111900069,72,15,57
111900070,145,87,58
111900071,0,143,-143
111900072,67,19,48
111900073,1034,146,888
111900074,17,98,-81
111900075,83,8,75
111900076,170,58,112
111900077,43,0,43
111900078,307,21,286
111900079,69,21,48
111900080,181,205,-24
111900082,107,21,86
111900083,164,13,151
111900084,103,15,88
111900085,41,120,-79
111900086,25,7,18
111900087,70,1,69
111900088,544,12,532
111900089,117,1,116
111900090,70,33,37
111900091,224,1,223
111900092,95,1,94
111900093,401,16,385
111900094,126,0,126
111900095,229,15,214
111900096,112,1,111
111900097,61,1,60
111900098,268,2,266
111900099,72,0,72
111900100,164,2,162
111900101,72,23,49
111900102,490,302,188
111900103,43,88,-45
111900104,118,60,58
111900105,217,163,54
111900106,500,31,469
111900110,1090,304,786
111900111,199,68,131
111900112,334,2878,-2544
111900113,191,76,115
111900118,349,66,283
111900119,237,120,117
111900122,79,45,34
111900123,28,31,-3
111900124,14,44,-30
111900125,472,35,437
111900126,302,3,299
111900127,1,365,-364
111900128,0,386,-386
111900129,263,9,254
111900130,122,25,97
111900131,428,1,427
111900132,10,585,-575
111900133,19,244,-225
111900134,11,164,-153
111900135,10,36,-26
111900136,58,106,-48
111900137,51,41,10
111900138,7,50,-43
111900139,8,49,-41
111900140,111,18,93
111900141,64,5,59
111900142,106,59,47
111900143,85,116,-31
111900144,5,62,-57
111900145,0,266,-266
111900146,4,115,-111
111900147,108,264,-156
111900148,22,368,-346
111900149,4,161,-157
111900150,10,61,-51
111900151,4,16,-12
111900152,71,51,20
111900153,872,645,227
111900154,20,293,-273
111900155,33,69,-36
111900156,63,54,9
111900157,146,24,122
111900158,611,78,533
111900159,348,17,331
111900160,329,0,329
111900161,188,1,187
111900162,415,449,-34
111900163,22,153,-131
111900164,90,51,39
111901113,454,102,352
111901114,184,160,24
111901115,62,2,60
111901116,43,0,43
111901117,29,31,-2
111901118,54,247,-193
111901119,435,35,400
111901121,90,116,-26
111901122,2,304,-302
111901123,144,178,-34
111901124,170,2,168
111901125,544,165,379
111901127,275,364,-89
111901129,12,48,-36
111901130,28,167,-139
111901131,2,207,-205
111901132,125,37,88
111901133,24,2,22
111901134,67,8,59
111901135,29,6,23
111901136,40,47,-7
111901138,163,28,135
111901139,84,25,59
111901140,18,68,-50
111901141,6,91,-85
111901142,7,154,-147
111901143,5,178,-173
111901144,39,23,16
111901145,149,229,-80
111901146,253,10,243
111901147,357,252,105
111901148,20,78,-58
111901149,4,1,3
111901150,25,1,24
111901151,0,0,0
111901152,3,13,-10
112000001,1572,569,1003
112000002,569,1493,-924
112000003,1549,910,639
112000004,622,582,40
112000005,3398,3264,134
112000006,1651,1105,546
112000007,3368,2260,1108
112000008,2296,3901,-1605
112000009,2473,2081,392
112000010,2644,2963,-319
112000011,1220,1156,64
112000012,3245,4296,-1051
112000013,2623,2517,106
112000014,1814,2287,-473
112000015,2229,2829,-600
112000016,3071,1578,1493
112000017,1186,2798,-1612
112000024,1684,620,1064
112000026,2130,2501,-371
112000027,677,657,20
112000028,786,1062,-276
112000029,477,676,-199
112000030,97,64,33
112000031,1065,4042,-2977
112000032,162,18,144
112000033,1312,1776,-464
112000034,142,43,99
112000035,49,329,-280
112000036,502,909,-407
112000037,786,693,93
112000038,1029,1005,24
112000039,97,82,15
112000040,62,167,-105
112000041,394,398,-4
112000042,777,292,485
112000050,1216,1123,93
112000051,958,1329,-371
112000054,1228,1209,19
112000057,366,332,34
112000058,215,422,-207
112000059,386,550,-164
112000061,2178,1597,581
112000062,1199,797,402
112000063,641,1659,-1018
112000064,2746,3984,-1238
112000065,1338,1769,-431
112000066,3380,1527,1853
112000067,555,632,-77
112000068,3186,2725,461
112000069,515,1331,-816
112000070,1660,965,695
112000071,779,1816,-1037
112000072,2436,683,1753
112000073,1188,1569,-381
112000074,1334,895,439
112000075,1625,1060,565
112000076,2946,1924,1022
112000077,818,406,412
112000078,1841,494,1347
112000079,1384,1105,279
112000080,792,627,165
112000081,1179,1850,-671
112000082,1360,661,699
112000083,595,949,-354
112000084,1295,630,665
112000085,1147,786,361
112000086,1739,1015,724
112000087,599,531,68
112000088,816,359,457
112000089,263,229,34
112000090,253,207,46
112000091,598,669,-71
112000092,1917,870,1047
112000093,1455,691,764
112000094,650,760,-110
112000095,623,596,27
112000096,527,508,19
112000097,1301,572,729
112000098,684,701,-17
112000099,742,1421,-679
112000100,1755,639,1116
112000101,525,538,-13
112000102,1392,536,856
112000103,290,538,-248
112000105,613,999,-386
112000106,2018,430,1588
112000107,96,152,-56
112000108,405,1084,-679
112000109,212,95,117
112000110,1910,555,1355
112000111,800,2867,-2067
112000112,3104,601,2503
112000113,638,1100,-462
112000114,2067,812,1255
112000115,412,423,-11
112000116,559,709,-150
112000117,1128,756,372
112000118,766,610,156
112000119,324,516,-192
112000120,74,279,-205
112000121,109,282,-173
112000122,281,161,120
112000123,804,168,636
112000124,435,64,371
112000125,306,219,87
112000126,314,326,-12
112000127,1702,2034,-332
112000128,579,625,-46
112000129,117,105,12
112000130,183,101,82
112000131,51,255,-204
112000132,169,240,-71
112000133,402,127,275
112000134,443,297,146
112000135,1328,637,691
112000136,947,933,14
112000137,1748,1453,295
112000138,1333,1052,281
112000139,707,672,35
112000140,766,966,-200
112000141,855,381,474
112000142,131,392,-261
112000143,1138,218,920
112000144,318,754,-436
112000145,2631,512,2119
112000146,515,1233,-718
112000147,2946,1541,1405
112000148,1372,1679,-307
112000149,426,437,-11
112000150,243,397,-154
112000151,401,217,184
112000152,367,294,73
112000153,135,230,-95
112000154,191,180,11
112000155,135,151,-16
112000157,534,450,84
112000158,275,266,9
112000159,546,306,240
112000167,357,98,259
112000169,234,365,-131
112000173,741,189,552
112000175,330,271,59
112000176,1680,1605,75
112000177,718,182,536
112000178,74,256,-182
112000179,297,73,224
112000180,287,258,29
112000181,1118,1216,-98
112000182,1178,894,284
112000183,25,38,-13
112000184,393,272,121
112000185,589,356,233
112000187,3371,1963,1408
112000195,146,24,122
112000196,260,3,257
112000197,216,211,5
112000198,23,255,-232
112000199,724,594,130
112000202,454,1,453
112000216,50,211,-161
112000230,102,9,93
112000231,10,201,-191
112000256,58,247,-189
112000313,63,94,-31
112000314,75,31,44
112000337,331,525,-194
112000352,213,356,-143
112000392,1080,1076,4
112000398,1416,689,727
112000399,1216,2162,-946
112000400,1540,1710,-170
112000401,2150,1319,831
112000402,2897,3124,-227
112000403,1416,2827,-1411
112000404,1035,784,251
112000405,2039,2680,-641
112000406,2423,1377,1046
112000407,7482,7320,162
112000408,6087,3871,2216
112000409,1305,2760,-1455
112000410,409,382,27
112000411,2553,1382,1171
112000412,1200,443,757
112000413,5267,5604,-337
112000414,110,38,72
112000415,107,29,78
112000416,2806,1139,1667
112000417,268,72,196
112000421,47,110,-63
112000422,351,230,121
112000424,1501,2309,-808
112000425,383,579,-196
112000426,144,286,-142
112000427,0,11,-11
112000428,303,263,40
112000429,1737,1735,2
112000430,2128,2362,-234
112000431,111,128,-17
112000432,501,773,-272
112000433,290,570,-280
112000437,46,152,-106
112900001,54,2,52
112900002,507,613,-106
112900003,71,318,-247
112900004,32,175,-143
112900005,220,153,67
112900007,24,91,-67
112900008,0,40,-40
112900009,304,159,145
112900010,386,655,-269
112900011,133,146,-13
112900012,1,46,-45
112900013,10,156,-146
112900014,3,168,-165
112900015,265,492,-227
112900016,2,127,-125
112900017,37,141,-104
112900018,252,453,-201
112900019,15,118,-103
112900020,304,737,-433
112900021,5,180,-175
112900022,17,52,-35
112900023,0,82,-82
112900024,38,168,-130
112900025,70,183,-113
112900026,49,174,-125
112900027,3,720,-717
112900028,21,99,-78
112900029,23,393,-370
112900030,93,100,-7
112900031,2,278,-276
112900032,166,240,-74
112900034,1,31,-30
112900035,4,284,-280
112900036,28,110,-82
112900037,140,225,-85
112900038,595,99,496
112900039,12,183,-171
112900040,7,358,-351
112900041,501,806,-305
112900042,114,190,-76
112900043,26,34,-8
112900044,426,315,111
112900045,233,271,-38
112900046,110,41,69
112900047,11,27,-16
112900049,285,54,231
112900050,18,381,-363
112900051,215,390,-175
112900052,14,475,-461
112900053,248,125,123
112900054,179,60,119
112900055,107,37,70
112900056,296,186,110
112900057,29,321,-292
112900058,236,296,-60
112900059,114,99,15
112900060,34,111,-77
112900061,111,56,55
112900062,66,96,-30
112900063,169,16,153
112900064,130,173,-43
112900065,36,32,4
112900066,201,209,-8
112900067,248,122,126
112900068,30,59,-29
112900069,1234,801,433
112900071,47,11,36
112900072,105,1831,-1726
112900073,445,103,342
112900074,68,343,-275
112900075,832,870,-38
112900076,71,32,39
112900078,271,431,-160
112900079,251,42,209
112900080,63,3,60
112900081,53,197,-144
112900082,438,42,396
112900083,165,114,51
112900084,225,127,98
112900086,102,2,100
112900087,747,121,626
112900088,141,12,129
112900089,750,26,724
112900090,62,50,12
112900091,253,6,247
112900092,109,341,-232
112900093,1231,23,1208
112900095,35,0,35
112900096,436,128,308
112900097,88,242,-154
112900098,145,5,140
112900099,834,22,812
112900100,55,2,53
112900101,393,2,391
112900102,150,14,136
112900103,215,15,200
112900104,678,5,673
112900105,29,0,29
112900106,380,98,282
112900107,4,0,4
112900108,29,1,28
112900109,120,3,117
112900110,1369,12,1357
112900111,599,4,595
112900112,431,2,429
112900113,0,5,-5
112900114,178,24,154
112900115,1540,1,1539
112900116,124,32,92
112900117,101,56,45
112900118,40,80,-40
112900119,158,3,155
112900120,603,248,355
112900121,80,116,-36
112900122,4,71,-67
112900123,79,17,62
112900124,15,63,-48
112900125,43,359,-316
112900126,140,128,12
112900127,333,81,252
112900128,160,535,-375
112900129,1,457,-456
112900130,224,74,150
112900131,46,297,-251
112900132,125,400,-275
112900133,22,894,-872
112900134,0,168,-168
112900135,79,41,38
112900137,19,383,-364
112900138,8,115,-107
112900139,145,764,-619
112900141,654,39,615
112900142,38,167,-129
112900143,41,313,-272
112900144,6,495,-489
112900145,33,298,-265
112900146,6,768,-762
112900147,4,1054,-1050
112900148,47,1,46
112900149,187,366,-179
112900151,33,59,-26
112900152,3201,590,2611
112900153,1375,2085,-710
112900154,0,94,-94
112900155,147,28,119
112900156,399,771,-372
112900157,457,77,380
112900158,77,13,64
112900159,209,114,95
112900160,46,225,-179
112900161,96,39,57
112900162,27,18,9
112900163,73,51,22
112900164,29,176,-147
112900165,147,21,126
112900166,23,70,-47
112900167,0,59,-59
112900168,10,3,7
112900169,5,13,-8
112900170,201,91,110
112900172,41,24,17
112900173,112,74,38
112900174,222,33,189
112900175,108,143,-35
112900176,16,82,-66
112900177,295,59,236
112900178,670,2729,-2059
112900179,38,290,-252
112900180,1831,1093,738
112900181,521,5,516
112900182,42,600,-558
112900183,97,214,-117
112900184,413,328,85
112900185,196,572,-376
112900186,937,810,127
112900187,90,414,-324
112900188,473,724,-251
112900189,10,14,-4
112900190,25,48,-23
112900192,550,612,-62
112900193,1075,320,755
112900194,66,66,0
112900195,732,34,698
112900196,166,234,-68
112900197,118,283,-165
112900199,586,296,290
112900200,467,151,316
112900201,120,72,48
112900202,392,528,-136
112900203,204,157,47
112900204,693,529,164
112900205,44,57,-13
112900206,17,57,-40
112900207,25,0,25
112900208,104,313,-209
112900209,427,274,153
112900210,0,20,-20
112900211,66,22,44
112900212,1,99,-98
112900213,34,15,19
112900214,11,10,1
112900215,12,108,-96
112900216,19,28,-9
112900217,1,74,-73
112900218,61,5,56
112900219,98,6,92
112900220,1,0,1
112900221,87,88,-1
112900222,0,37,-37
112900223,910,28,882
112900224,381,262,119
112900225,382,232,150
112900226,159,243,-84
112900227,435,420,15
112900228,55,28,27
112900229,168,29,139
112900230,4744,3285,1459
112900232,279,214,65
112900233,54,109,-55
112900234,13,44,-31
112900235,82,27,55
112900236,243,10,233
112900237,244,183,61
112900238,4,8,-4
112900239,516,420,96
112900240,5,45,-40
112900241,14,69,-55
112900242,21,65,-44
112900243,3,83,-80
112900244,7,96,-89
112900245,1,26,-25
112900246,1,21,-20
112900247,151,18,133
112900248,6,0,6
112900249,37,0,37
112900250,104,19,85
112900251,60,11,49
112900252,86,16,70
112900253,27,4,23
112900254,13,5,8
112900255,2,42,-40
112900256,0,63,-63
112900257,18,43,-25
112900258,40,15,25
113000001,5246,3794,1452
113000002,3364,2864,500
113000003,1673,1230,443
113000004,1423,1744,-321
113000005,1491,751,740
113000006,1022,956,66
113000007,1646,845,801
113000008,1212,1236,-24
113000009,1060,608,452
113000010,1129,929,200
113000011,662,1074,-412
113000012,1564,519,1045
113000013,1107,728,379
113000014,1202,1517,-315
113000015,311,192,119
113000016,360,1014,-654
113000017,27,294,-267
113000018,366,50,316
113000019,69,270,-201
113000020,377,76,301
113000021,957,493,464
113000022,692,995,-303
113000025,175,452,-277
113000026,422,409,13
113000027,441,572,-131
113000028,429,487,-58
113000029,696,573,123
113000030,285,466,-181
113000031,188,220,-32
113000032,222,282,-60
113000033,222,365,-143
113000034,262,254,8
113000035,27,35,-8
113000036,17,43,-26
113000037,42,29,13
113000038,9,24,-15
113000039,55,315,-260
113000040,45,106,-61
113000042,616,444,172
113000051,901,1988,-1087
113000052,1808,601,1207
113000053,529,289,240
113000054,369,575,-206
113000055,1142,384,758
113000056,1026,816,210
113000058,752,805,-53
113000059,1111,422,689
113000060,259,468,-209
113000061,490,662,-172
113000062,531,249,282
113000063,247,70,177
113000064,67,200,-133
113000065,118,541,-423
113000066,853,85,768
113000067,2213,957,1256
113000068,340,865,-525
113000069,495,802,-307
113000070,2369,672,1697
113000071,365,415,-50
113000072,872,321,551
113000073,259,973,-714
113000074,805,313,492
113000075,1464,575,889
113000076,439,1926,-1487
113000077,873,579,294
113000078,526,1780,-1254
113000079,512,804,-292
113000080,666,743,-77
113000081,608,753,-145
113000082,815,623,192
113000083,565,842,-277
113000084,1313,907,406
113000085,745,628,117
113000086,1102,994,108
113000087,920,910,10
113000088,1703,996,707
113000089,910,1258,-348
113000090,199,473,-274
113000091,410,309,101
113000094,1128,183,945
113000095,196,641,-445
113000096,116,508,-392
113000097,875,304,571
113000098,102,50,52
113000099,890,336,554
113000100,115,266,-151
113000101,281,479,-198
113000102,498,436,62
113000103,1569,327,1242
113000104,563,2052,-1489
113000105,856,376,480
113000106,295,238,57
113000107,834,723,111
113000108,651,753,-102
113000109,597,1429,-832
113000110,1736,371,1365
113000111,241,494,-253
113000112,394,307,87
113000113,1022,342,680
113000114,338,1215,-877
113000116,528,308,220
113000117,671,116,555
113000118,82,416,-334
113000119,394,288,106
113000120,45,192,-147
113000121,456,714,-258
113000124,234,135,99
113000125,48,710,-662
113000127,1683,209,1474
113000128,611,306,305
113000129,385,539,-154
113000133,1611,1168,443
113000134,2,1038,-1036
113000135,3511,4445,-934
113000137,1177,3124,-1947
113000139,269,182,87
113000140,78,167,-89
113000141,193,187,6
113000142,335,814,-479
113000143,232,183,49
113000144,228,584,-356
113000145,72,96,-24
113000146,110,51,59
113000147,142,56,86
113000148,233,92,141
113000149,86,81,5
113000150,436,201,235
113000151,44,40,4
113000152,44,73,-29
113000153,974,350,624
113000154,542,1250,-708
113000155,289,566,-277
113000156,137,304,-167
113000157,263,613,-350
113000158,600,237,363
113000159,788,593,195
113000160,570,770,-200
113000161,244,260,-16
113000162,688,271,417
113000163,115,55,60
113000164,46,53,-7
113000166,213,75,138
113000167,21,79,-58
113000168,78,78,0
113000169,216,84,132
113000170,115,101,14
113000171,51,65,-14
113000172,262,61,201
113000173,71,26,45
113000174,120,310,-190
113000175,385,100,285
113000176,460,146,314
113000177,182,367,-185
113000178,150,229,-79
113000179,269,162,107
113000180,443,1025,-582
113000181,1153,744,409
113000182,172,311,-139
113000183,102,503,-401
113000184,12,55,-43
113000189,284,767,-483
113000190,585,381,204
113000192,770,2418,-1648
113000193,1900,2083,-183
113000194,839,1001,-162
113000195,1178,1156,22
113000196,190,57,133
113000197,1023,1048,-25
113000198,93,221,-128
113000199,1147,352,795
113000201,167,328,-161
113000202,3089,669,2420
113000203,183,137,46
113000204,713,2086,-1373
113000205,9,19,-10
113000206,17,30,-13
113000207,48,8,40
113000208,56,30,26
113000209,10,18,-8
113000210,4,17,-13
113000211,168,272,-104
113000212,57,38,19
113000213,44,113,-69
113000214,146,183,-37
113000234,199,585,-386
113000410,169,174,-5
113000411,1926,3456,-1530
113000412,4191,2267,1924
113000413,1545,2607,-1062
113000414,3900,11503,-7603
113000415,1691,2056,-365
113000416,5207,3042,2165
113000417,1719,1955,-236
113000418,4416,3255,1161
113000419,1324,1565,-241
113000420,3426,5044,-1618
113000421,3466,6103,-2637
113000422,9068,9189,-121
113000423,1446,4718,-3272
113000424,2191,9293,-7102
113000425,5,62,-57
113000428,80,32,48
113000430,21,123,-102
113000432,1978,179,1799
113000433,88,513,-425
113000434,26,126,-100
113000435,41,296,-255
113000436,28,643,-615
113000437,977,40,937
113000438,266,8,258
113000439,15,85,-70
113000440,132,29,103
113000441,204,165,39
113000442,142,114,28
113000443,282,143,139
113000444,192,112,80
113000445,133,81,52
113000446,47,83,-36
113000448,201,151,50
113000449,138,671,-533
113000450,449,1700,-1251
113000451,1169,218,951
113000452,211,368,-157
113000453,79,308,-229
113000454,357,99,258
113000455,46,310,-264
113000456,2761,1937,824
113000468,1088,119,969
113000469,45,78,-33
113000470,322,18,304
113000471,10,325,-315
113000472,114,225,-111
113000474,734,513,221
113000475,1319,1300,19
113000476,1556,1661,-105
113000477,3516,1757,1759
113000478,3268,3843,-575
113000479,76,134,-58
113000484,0,0,0
113000485,0,0,0
113000486,3,2,1
113000487,0,4,-4
113000488,0,4,-4
113000489,0,13,-13
113000490,0,4,-4
113000491,9,5,4
113000492,1,7,-6
113000493,3,0,3
113000495,147,118,29
113000496,135,103,32
113000499,0,0,0
113900001,4,209,-205
113900002,2,33,-31
113900003,2,38,-36
113900004,1,39,-38
113900005,0,37,-37
113900006,0,18,-18
113900007,12,0,12
113900008,12,1,11
113900009,26,0,26
113900010,19,0,19
113900011,34,1,33
113900012,29,0,29
113900013,113,1,112
113900014,412,0,412
113900015,1,41,-40
113900016,24,0,24
113900017,4,33,-29
113900018,303,154,149
113900019,108,40,68
113900020,128,2,126
113900022,22,0,22
113900023,17,0,17
113900024,39,16,23
113900025,160,3,157
113900026,35,0,35
113900027,4,27,-23
113900028,21,321,-300
113900029,63,104,-41
113900030,211,0,211
113900031,4,0,4
113900032,41,0,41
113900033,74,33,41
113900035,45,0,45
113900036,17,37,-20
113900037,186,481,-295
113900038,56,90,-34
113900039,130,17,113
113900040,4,11,-7
113900041,11,5,6
113900042,60,27,33
113900043,105,56,49
113900044,249,232,17
113900045,64,0,64
113900046,227,432,-205
113900047,47,106,-59
113900048,139,95,44
113900049,402,272,130
113900050,184,282,-98
113900051,211,213,-2
113900052,111,108,3
113900053,369,414,-45
113900054,13,1,12
113900055,73,281,-208
113900056,34,118,-84
113900057,11,35,-24
113900058,56,76,-20
113900059,206,205,1
113900060,122,141,-19
113900061,523,170,353
113900062,98,5,93
113900063,65,109,-44
113900064,10,75,-65
113900065,327,14,313
113900066,380,211,169
113900067,188,265,-77
113900068,349,350,-1
113900069,32,19,13
113900070,120,264,-144
113900071,55,56,-1
113900072,53,94,-41
113900073,237,254,-17
113900074,375,487,-112
113900075,946,1074,-128
113900076,153,7,146
113900077,44,129,-85
113900078,16,54,-38
113900079,1,12,-11
113900080,390,148,242
113900081,54,96,-42
113900082,91,153,-62
113900083,341,191,150
113900084,184,100,84
113900085,30,237,-207
113900086,37,12,25
113900087,72,151,-79
113900088,59,94,-35
113900089,293,28,265
113900090,476,263,213
113900091,17,12,5
113900092,31,73,-42
113900093,58,700,-642
113900094,409,225,184
113900095,130,96,34
113900096,311,49,262
113900097,29,72,-43
113900098,607,76,531
113900099,1,21,-20
113900100,0,0,0
113900101,19,61,-42
113900102,97,130,-33
113900103,237,229,8
113900104,102,169,-67
113900105,95,110,-15
113900106,0,27,-27
113900107,1,10,-9
113900108,152,171,-19
113900109,279,188,91
113900110,48,25,23
113900111,135,66,69
113900112,256,113,143
113900113,832,303,529
113900114,1,33,-32
113900115,1,42,-41
113900116,72,108,-36
113900117,78,16,62
113900118,162,364,-202
113900119,135,365,-230
113900120,66,77,-11
113900121,65,44,21
113900122,319,1918,-1599
113900123,380,164,216
113900124,0,40,-40
113900125,625,105,520
113900126,112,30,82
113900127,251,538,-287
113900128,127,58,69
113900129,9,129,-120
113900130,3,57,-54
113900131,189,52,137
113900132,72,58,14
113900133,24,84,-60
113900135,226,221,5
113900136,74,62,12
113900137,223,236,-13
113900138,35,106,-71
113900139,207,176,31
113900140,167,343,-176
113900141,468,198,270
113900142,145,52,93
113900143,20,28,-8
113900144,137,187,-50
113900145,316,134,182
113900146,111,62,49
113900148,135,243,-108
113900149,141,66,75
113900150,316,301,15
113900151,347,122,225
113900152,22,30,-8
113900153,115,337,-222
113900154,3,107,-104
113900155,127,195,-68
113900156,210,312,-102
113900157,19,233,-214
113900158,151,337,-186
113900159,15,273,-258
113900160,586,376,210
113900161,39,158,-119
113900162,259,567,-308
113900163,146,192,-46
113900164,265,48,217
113900165,642,260,382
113900166,100,146,-46
113900167,259,48,211
113900168,67,67,0
113900169,181,253,-72
113900171,161,60,101
113900172,7,108,-101
113900173,31,337,-306
113900174,349,439,-90
113900175,260,99,161
113900176,246,329,-83
113900177,298,130,168
113900178,261,100,161
113900179,27,266,-239
113900180,115,72,43
113900181,636,102,534
113900182,524,636,-112
113900183,22,50,-28
113900184,5,360,-355
113900185,171,73,98
113900186,22,24,-2
113900187,29,100,-71
113900188,17,92,-75
113900189,245,115,130
113900190,195,82,113
113900191,63,114,-51
113900192,905,1274,-369
113900193,12,121,-109
113900194,1065,719,346
113900195,251,266,-15
113900196,27,99,-72
113900197,0,90,-90
113900198,25,197,-172
113900199,82,462,-380
113900200,17,135,-118
113900201,3,121,-118
113900202,15,129,-114
113900203,5,70,-65
113900204,22,389,-367
113900205,7,87,-80
113900206,3,107,-104
113900207,0,42,-42
113900208,0,38,-38
113900209,0,50,-50
113900210,416,505,-89
113900211,130,36,94
113900212,182,274,-92
113900214,263,372,-109
113900215,38,75,-37
113900216,81,441,-360
113900217,55,165,-110
113900218,147,104,43
113900219,62,259,-197
113900220,95,94,1
113900221,279,275,4
113900222,733,559,174
113900223,202,569,-367
113900224,66,42,24
113900225,477,131,346
113900226,298,90,208
113900227,366,174,192
113900228,241,375,-134
113900229,31,705,-674
113900230,2392,2544,-152
113900231,115,111,4
113900232,73,47,26
113900233,65,34,31
113900234,207,317,-110
113900235,86,21,65
113900236,174,184,-10
113900237,191,7,184
113900238,174,393,-219
113900239,38,98,-60
113900240,5,138,-133
113900241,102,37,65
113900242,44,87,-43
113900243,62,330,-268
113900244,170,139,31
113900245,861,235,626
113900246,10,14,-4
113900247,133,364,-231
113900248,1559,1457,102
113900249,524,345,179
113900250,53,160,-107
113900251,629,119,510
113900252,478,8,470
113900253,534,35,499
113900254,589,94,495
113900255,447,13,434
113900256,337,23,314
113900257,21,369,-348
113900258,23,237,-214
113900259,475,115,360
113900260,160,7,153
113900261,31,66,-35
113900262,149,322,-173
113900263,76,444,-368
113900264,3,298,-295
113900265,144,198,-54
113900266,25,88,-63
113900267,89,326,-237
113900268,221,330,-109
113900269,84,87,-3
113900270,195,507,-312
113900271,454,657,-203
113900273,66,7,59
113900274,87,14,73
113900275,32,60,-28
113900276,1,90,-89
113900277,133,2,131
113900278,240,149,91
113900279,61,60,1
113900280,1242,404,838
113900281,398,892,-494
113900282,717,513,204
113900283,330,430,-100
113900284,659,175,484
113900285,99,40,59
113900286,21,73,-52
113900287,62,18,44
113900288,2,101,-99
113900289,516,87,429
113900290,183,256,-73
113900291,104,106,-2
113900292,7,2,5
113900293,6,149,-143
113900294,510,14,496
113900295,274,376,-102
113900296,765,207,558
113900297,1660,29,1631
113900298,10,1291,-1281
113900299,100,97,3
113900300,2003,1968,35
113900301,623,292,331
113900302,1849,732,1117
113900303,279,304,-25
113900304,0,68,-68
113900305,124,2,122
113900306,39,13,26
113900307,41,0,41
113900308,57,91,-34
113900309,0,405,-405
113900310,0,7,-7
113900311,4,18,-14
113900312,156,228,-72
113900313,13,4,9
113900314,2,4,-2
113900315,39,0,39
114000001,752,1532,-780
114000002,254,226,28
114000003,213,594,-381
114000004,363,339,24
114000005,326,183,143
114000006,1693,1511,182
114000007,585,864,-279
114000008,1050,1442,-392
114000009,766,246,520
114000011,2643,1816,827
114000012,2766,1402,1364
114000013,1634,1219,415
114000014,770,300,470
114000015,1710,319,1391
114000016,195,216,-21
114000017,154,301,-147
114000018,193,30,163
114000026,2072,897,1175
114000027,3089,1614,1475
114000028,2181,2256,-75
114000038,175,145,30
114000039,171,164,7
114000040,125,169,-44
114000042,166,115,51
114000043,315,215,100
114000044,329,103,226
114000045,54,48,6
114000046,2164,3431,-1267
114000047,2,70,-68
114000048,108,109,-1
114000049,1231,1202,29
114000050,1421,1492,-71
114000051,2524,1588,936
114000052,3170,1753,1417
114000053,62,641,-579
114000054,157,707,-550
114000055,194,34,160
114000056,529,854,-325
114000057,3411,1480,1931
114000058,264,1185,-921
114000059,153,305,-152
114000060,427,683,-256
114000061,2276,2390,-114
114000062,1194,1240,-46
114000063,1745,1113,632
114000064,3360,2894,466
114000065,1206,1699,-493
114000066,424,530,-106
114000067,18,650,-632
114000068,424,679,-255
114000069,707,465,242
114000070,1879,1491,388
114000071,647,345,302
114000072,449,180,269
114000073,16,27,-11
114000074,51,14,37
114000075,64,62,2
114000076,45,75,-30
114000077,14,7,7
114000078,277,406,-129
114000079,143,18,125
114000080,58,84,-26
114000081,88,76,12
114000082,41,278,-237
114000083,102,126,-24
114000084,236,73,163
114000085,100,354,-254
114000086,197,262,-65
114000087,110,101,9
114000088,54,39,15
114000089,430,260,170
114000090,798,806,-8
114000091,1028,717,311
114000092,775,375,400
114000093,1130,619,511
114000094,467,390,77
114000095,241,121,120
114000096,73,239,-166
114000097,146,359,-213
114000098,586,81,505
114000099,671,348,323
114000100,1579,432,1147
114000101,429,450,-21
114000102,692,254,438
114000103,197,209,-12
114000104,41,128,-87
114000105,123,74,49
114000106,549,1099,-550
114000107,439,100,339
114000108,1352,866,486
114000109,591,1481,-890
114000110,592,901,-309
114000111,1561,720,841
114000112,483,1532,-1049
114000113,1737,416,1321
114000114,1053,1006,47
114000115,2394,973,1421
114000116,815,1807,-992
114000117,2937,461,2476
114000118,2658,376,2282
114000119,1764,399,1365
114000120,526,521,5
114000121,428,572,-144
114000122,375,278,97
114000123,1938,329,1609
114000124,941,225,716
114000125,757,798,-41
114000126,1825,186,1639
114000127,233,158,75
114000128,774,235,539
114000130,613,431,182
114000131,329,86,243
114000132,548,380,168
114000133,612,880,-268
114000134,73,70,3
114000138,29,133,-104
114000139,443,299,144
114000144,803,437,366
114000145,56,110,-54
114000146,102,114,-12
114000147,1293,1892,-599
114000148,1545,1640,-95
114000149,448,297,151
114000150,1013,1024,-11
114000151,1192,2186,-994
114000152,75,43,32
114000153,642,1803,-1161
114000154,581,606,-25
114000155,973,2033,-1060
114000156,599,538,61
114000157,282,999,-717
114000158,969,545,424
114000159,188,282,-94
114000160,91,280,-189
114000161,1211,2597,-1386
114000162,1002,2188,-1186
114000163,14,59,-45
114000165,485,334,151
114000166,514,328,186
114000167,2063,1457,606
114000168,586,411,175
114000169,1192,1086,106
114000170,1163,940,223
114000171,1052,4203,-3151
114000174,169,289,-120
114000176,288,320,-32
114000177,1183,585,598
114000178,45,45,0
114000179,1101,739,362
114000180,306,479,-173
114000181,1404,3237,-1833
114000182,1420,1828,-408
114000183,691,694,-3
114000184,1913,727,1186
114000185,1039,751,288
114000189,1096,97,999
114000190,2938,359,2579
114000191,84,89,-5
114000192,128,829,-701
114000193,424,1455,-1031
114000194,1310,675,635
114000195,115,29,86
114000196,4,122,-118
114000197,1348,54,1294
114000198,632,283,349
114000199,1422,1440,-18
114000200,526,972,-446
114000201,141,551,-410
114000202,782,423,359
114000203,633,566,67
114000204,158,301,-143
114000205,187,1059,-872
114000206,619,974,-355
114000207,470,1016,-546
114000208,340,1418,-1078
114000209,564,1333,-769
114000210,195,761,-566
114000211,975,1442,-467
114000212,658,658,0
114000213,1535,559,976
114000214,86,134,-48
114000215,162,48,114
114000216,1246,393,853
114000217,381,170,211
114000218,166,179,-13
114000219,1237,154,1083
114000220,36,645,-609
114000221,828,125,703
114000222,127,737,-610
114000223,464,121,343
114000224,64,386,-322
114000225,243,350,-107
114000226,147,200,-53
114000227,956,519,437
114000228,786,512,274
114000229,1180,946,234
114000230,1591,826,765
114000231,866,1119,-253
114000232,752,139,613
114000233,1969,101,1868
114000234,1080,791,289
114000235,959,1098,-139
114000236,0,262,-262
114000237,123,635,-512
114000238,175,203,-28
114000239,188,739,-551
114000240,675,714,-39
114000241,229,644,-415
114000242,697,621,76
114000243,1478,665,813
114000244,757,223,534
114000245,361,728,-367
114000246,100,65,35
114000247,800,493,307
114000248,1083,424,659
114000249,585,494,91
114000250,505,430,75
114000251,366,177,189
114000252,65,46,19
114000253,63,53,10
114000254,62,36,26
114000255,559,157,402
114000256,708,1731,-1023
114000257,502,920,-418
114000258,287,304,-17
114000259,81,287,-206
114000260,0,36,-36
114000261,45,23,22
114000262,215,95,120
114000263,9,0,9
114000264,997,308,689
114000265,0,0,0
114000267,2,1441,-1439
114000268,0,850,-850
114000270,152,20,132
114000271,301,57,244
114000283,1215,308,907
114000285,18,95,-77
114000288,125,265,-140
114000289,1427,130,1297
114000293,234,342,-108
114000294,200,217,-17
114000395,1342,64,1278
114000396,627,481,146
114000402,510,220,290
114000403,273,202,71
114000405,194,262,-68
114000423,359,243,116
114000424,440,102,338
114000425,864,227,637
114000426,315,746,-431
114000427,57,82,-25
114000428,154,179,-25
114000429,8,146,-138
114000432,133,72,61
114000434,37,71,-34
114000435,1,127,-126
114900001,623,542,81
114900002,446,116,330
114900003,637,771,-134
114900004,204,287,-83
114900005,488,415,73
114900006,65,56,9
114900007,243,12,231
114900008,162,78,84
114900010,1265,1598,-333
114900011,178,114,64
114900013,162,77,85
114900018,659,22,637
114900020,129,71,58
114900022,4,438,-434
114900025,489,142,347
114900026,70,113,-43
114900029,151,27,124
114900030,337,172,165
114900031,309,37,272
114900032,290,20,270
114900034,56,112,-56
114900035,96,187,-91
114900036,164,364,-200
114900039,461,276,185
114900040,65,53,12
114900041,697,265,432
114900042,909,349,560
114900044,167,40,127
114900047,185,2004,-1819
114900048,89,202,-113
114900049,28,135,-107
114900050,64,268,-204
114900051,29,284,-255
114900052,41,277,-236
114900053,122,240,-118
114900054,24,75,-51
114900057,198,23,175
114900058,0,54,-54
114900059,58,48,10
114900063,81,108,-27
114900064,1454,268,1186
114900065,415,589,-174
114900067,56,287,-231
114900068,57,156,-99
114900069,170,60,110
114900070,486,223,263
114900072,4,204,-200
114900073,1,125,-124
114900074,585,393,192
114900075,190,5,185
114900076,5,230,-225
114900080,1089,254,835
114900082,2477,2007,470
114900083,740,802,-62
114900090,302,149,153
114900091,98,115,-17
114900097,187,0,187
114900098,3,157,-154
114900099,176,2,174
115000001,3805,2433,1372
115000002,3818,4142,-324
115000003,3590,2000,1590
115000004,4682,5595,-913
115000005,1379,1581,-202
115000006,1117,1410,-293
115000007,233,176,57
115000008,310,459,-149
115000009,217,185,32
115000010,255,191,64
115000013,65,211,-146
115000015,99,330,-231
115000016,43,226,-183
115000019,32,374,-342
115000020,77,482,-405
115000021,201,408,-207
115000022,436,299,137
115000023,288,525,-237
115000024,714,333,381
115000025,796,573,223
115000026,135,326,-191
115000027,270,217,53
115000028,189,587,-398
115000029,593,65,528
115000030,644,805,-161
115000031,1205,181,1024
115000032,9,281,-272
115000033,213,46,167
115000034,58,823,-765
115000035,856,58,798
115000036,0,328,-328
115000037,564,15,549
115000038,47,167,-120
115000039,2970,2810,160
115000040,3700,2219,1481
115000041,1269,2961,-1692
115000042,599,394,205
115000043,4090,2132,1958
115000044,3627,2454,1173
115000045,2297,1076,1221
115000046,2316,1995,321
115000047,2311,1143,1168
115000048,1525,1459,66
115000049,1382,2223,-841
115000050,2849,1484,1365
115000051,1478,2894,-1416
115000052,1539,1434,105
115000053,1766,1618,148
115000054,550,875,-325
115000055,240,992,-752
115000056,265,457,-192
115000057,393,1193,-800
115000058,265,389,-124
115000059,178,173,5
115000061,172,143,29
115000062,188,210,-22
115000063,395,220,175
115000064,228,85,143
115000065,79,451,-372
115000067,198,10,188
115000069,64,243,-179
115000070,22,690,-668
115000071,120,9,111
115000072,24,71,-47
115000073,1205,60,1145
115000075,78,59,19
115000076,2225,1846,379
115000077,1582,1439,143
115000078,1158,951,207
115000079,1195,1102,93
115000080,2423,1469,954
115000081,374,498,-124
115000082,3700,2857,843
115000083,1795,1202,593
115000084,2261,851,1410
115000085,711,592,119
115000086,1216,664,552
115000087,423,991,-568
115000088,1525,598,927
115000089,1258,986,272
115000090,393,777,-384
115000091,224,659,-435
115000092,677,331,346
115000093,461,4,457
115000094,4414,5007,-593
115000095,3447,5431,-1984
115000096,736,973,-237
115000097,1016,765,251
115000098,1142,520,622
115000099,2264,1759,505
115000100,1140,338,802
115000101,404,988,-584
115000102,535,219,316
115000103,239,482,-243
115000105,55,104,-49
115000106,625,242,383
115000107,185,333,-148
115000108,2300,1919,381
115000109,3075,3899,-824
115000110,1287,1318,-31
115000111,552,1141,-589
115000112,581,565,16
115000113,467,527,-60
115000114,1604,486,1118
115000116,2622,1476,1146
115000117,2611,2368,243
115000118,1765,1196,569
115000119,1649,1652,-3
115000120,454,1058,-604
115000121,1040,631,409
115000122,1912,1283,629
115000123,901,1810,-909
115000124,603,748,-145
115000125,478,607,-129
115000126,109,311,-202
115000127,259,90,169
115000128,480,889,-409
115000129,266,334,-68
115000130,351,532,-181
115000131,705,186,519
115000132,236,235,1
115000133,499,203,296
115000134,395,236,159
115000135,382,112,270
115000136,271,288,-17
115000137,117,142,-25
115000138,465,192,273
115000139,296,187,109
115000140,392,157,235
115000141,204,200,4
115000142,180,162,18
115000143,814,486,328
115000144,540,177,363
115000145,207,205,2
115000146,365,340,25
115000147,468,472,-4
115000148,258,541,-283
115000149,528,213,315
115000150,551,473,78
115000151,1087,342,745
115000152,629,539,90
115000153,1039,332,707
115000154,804,218,586
115000155,458,556,-98
115000156,940,461,479
115000157,448,598,-150
115000158,356,338,18
115000159,601,413,188
115000160,312,287,25
115000161,101,362,-261
115000162,562,672,-110
115000163,438,589,-151
115000164,668,526,142
115000165,304,352,-48
115000167,152,42,110
115000168,412,249,163
115000169,347,269,78
115000170,110,150,-40
115000171,304,235,69
115000172,998,580,418
115000173,273,469,-196
115000174,81,303,-222
115000175,187,76,111
115000176,94,55,39
115000177,67,73,-6
115000178,14,167,-153
115000179,87,33,54
115000180,95,369,-274
115000181,568,117,451
115000182,878,192,686
115000183,346,591,-245
115000186,586,207,379
115000187,182,470,-288
115000188,350,351,-1
115000189,193,350,-157
115000190,550,338,212
115000191,143,446,-303
115000194,94,99,-5
115000195,213,245,-32
115000196,194,66,128
115000197,138,267,-129
115000198,302,97,205
115000199,241,192,49
115000200,343,70,273
115000201,189,231,-42
115000206,391,43,348
115000207,105,244,-139
115000208,283,372,-89
115000209,720,271,449
115000210,89,115,-26
115000211,172,163,9
115000212,1001,258,743
115000224,346,66,280
115000225,41,69,-28
115000229,150,106,44
115000230,89,245,-156
115000231,296,940,-644
115000232,1789,241,1548
115000233,124,97,27
115000234,44,252,-208
115000241,58,176,-118
115000242,85,179,-94
115000243,47,156,-109
115000244,6,119,-113
115000246,90,55,35
115000247,2,4,-2
115000248,12,4,8
115000249,6,3,3
115000250,290,104,186
115000251,486,378,108
115000252,307,279,28
115000253,33,267,-234
115000258,303,245,58
115000259,247,118,129
115000261,3,5,-2
115000262,16,27,-11
115000263,13,46,-33
115000264,82,81,1
115000267,43,59,-16
115000268,40,106,-66
115000269,112,54,58
115000270,6,5,1
115000272,67,93,-26
115000273,307,40,267
115000280,1870,455,1415
115000281,301,1197,-896
115000282,435,517,-82
115000284,211,143,68
115000296,955,7,948
115000297,97,183,-86
115000298,43,533,-490
115000300,212,179,33
115000302,431,78,353
115000303,740,87,653
115000304,702,61,641
115000305,126,395,-269
115000306,180,232,-52
115000307,91,166,-75
115000308,32,22,10
115000310,945,506,439
115000311,959,868,91
115000313,127,344,-217
115000314,328,137,191
115000315,692,567,125
115000316,68,83,-15
115000317,168,329,-161
115000318,657,257,400
115000319,53,252,-199
115000320,6,267,-261
115000321,165,6,159
115000322,36,118,-82
115000449,152,140,12
115000557,2,1137,-1135
115000558,263,119,144
115000587,577,217,360
115000588,1788,1902,-114
115000589,3489,1843,1646
115000590,1015,1176,-161
115000591,1494,605,889
115000592,491,1551,-1060
115000593,1355,548,807
115000594,606,2457,-1851
115000609,198,154,44
115000617,954,2733,-1779
115000624,155,47,108
115000633,355,1570,-1215
115000634,2306,693,1613
115000635,534,156,378
115000638,485,505,-20
115000641,37,104,-67
115000642,372,272,100
115000643,157,385,-228
115000644,195,280,-85
115000646,778,1255,-477
115000647,162,391,-229
115000648,1775,1268,507
115000893,2288,1340,948
115000894,128,832,-704
115000895,347,895,-548
115000896,1067,374,693
115000897,436,140,296
115000898,305,198,107
115000899,393,941,-548
115000900,43,335,-292
115000901,58,119,-61
115000912,349,74,275
115000913,1,8,-7
115000915,15,0,15
115000916,45,33,12
115000917,0,14,-14
115000918,35,274,-239
115000919,6,8,-2
115000920,26,40,-14
115000921,378,82,296
115000922,757,733,24
115000923,289,1258,-969
115000925,93,76,17
115000927,126,119,7
115000933,177,293,-116
115000934,122,138,-16
115000935,108,60,48
115000936,25,577,-552
115000937,800,156,644
115000938,128,263,-135
115000939,153,192,-39
115000940,23,15,8
115000941,7,14,-7
115000942,15,125,-110
115000943,18,38,-20
115000944,4,12,-8
115900001,139,19,120
115900002,68,73,-5
115900003,96,81,15
115900004,0,27,-27
115900005,213,12,201
115900006,102,172,-70
115900008,70,2,68
115900009,83,94,-11
115900010,300,114,186
115900011,342,195,147
115900012,146,41,105
115900013,262,90,172
115900014,127,101,26
115900015,158,59,99
115900016,103,12,91
115900017,18,10,8
115900018,133,35,98
115900019,76,12,64
115900020,79,0,79
115900021,716,205,511
115900022,836,10,826
115900023,24,9,15
115900025,30,145,-115
115900026,631,123,508
115900027,1,296,-295
115900028,480,34,446
115900029,12,245,-233
115900030,27,19,8
115900031,236,202,34
115900032,455,461,-6
115900033,0,45,-45
115900034,21,226,-205
115900035,39,14,25
115900036,34,734,-700
115900037,75,226,-151
115900038,52,3,49
115900039,124,98,26
115900041,336,557,-221
115900042,28,10,18
115900043,80,38,42
115900044,189,248,-59
115900046,260,141,119
115900047,150,139,11
115900049,132,169,-37
115900051,7,54,-47
115900052,10,124,-114
115900053,169,116,53
115900054,306,27,279
115900055,8,60,-52
115900056,165,152,13
115900057,16,5,11
115900058,30,35,-5
115900060,60,75,-15
115900061,241,1,240
115900062,46,130,-84
115900063,62,9,53
115900064,173,185,-12
115900065,127,52,75
115900066,158,80,78
115900067,30,428,-398
115900068,2074,1055,1019
115900069,31,120,-89
115900070,183,94,89
115900071,1,298,-297
115900072,32,85,-53
115900073,90,83,7
115900074,1,248,-247
115900075,23,142,-119
115900076,1,38,-37
115900077,10,183,-173
115900078,80,129,-49
115900079,217,13,204
115900080,205,129,76
115900081,14,57,-43
115900082,79,115,-36
115900084,443,10,433
115900085,29,96,-67
115900086,1090,441,649
115900088,28,57,-29
115900089,354,443,-89
115900090,390,6,384
115900091,14,41,-27
115900092,47,80,-33
115900093,11,17,-6
115900094,2,157,-155
115900096,7,10,-3
115900097,5,230,-225
115900098,188,233,-45
115900099,265,58,207
115900100,10,325,-315
115900101,172,141,31
115900102,121,48,73
115900103,232,124,108
115900104,61,65,-4
115900105,294,307,-13
115900106,56,41,15
115900107,109,47,62
115900108,106,37,69
115900109,50,251,-201
115900110,2,2,0
115900111,2,52,-50
115900112,32,497,-465
115900113,54,22,32
115900114,1,95,-94
115900115,52,152,-100
115900116,42,496,-454
115900117,81,19,62
115900118,0,159,-159
115900119,102,104,-2
115900120,39,203,-164
115900121,176,138,38
115900124,303,525,-222
115900125,368,38,330
115900126,559,59,500
115900127,549,45,504
115900128,10,128,-118
115900129,481,54,427
115900130,19,196,-177
115900131,317,16,301
115900132,504,5,499
115900134,279,29,250
115900135,332,1016,-684
115900137,46,1,45
115900139,43,84,-41
115900140,266,18,248
115900141,2,54,-52
115900142,8,30,-22
115900143,233,238,-5
115900144,103,112,-9
115900146,11,36,-25
115900147,184,233,-49
115900148,58,5,53
115900149,77,17,60
115900150,66,20,46
115900151,11,123,-112
115900152,149,211,-62
115900153,84,100,-16
115900154,338,244,94
115900155,0,40,-40
115900156,566,703,-137
115900157,194,393,-199
115900158,18,5,13
115900159,137,164,-27
115900160,9,9,0
115900161,39,98,-59
115900163,186,109,77
115900164,422,45,377
115900166,153,79,74
115900168,101,100,1
115900171,80,287,-207
115900172,47,88,-41
115900173,221,82,139
115900174,173,165,8
115900175,114,133,-19
115900178,3,361,-358
115900179,238,10,228
115900180,34,76,-42
115900181,155,97,58
115900182,366,91,275
115900183,38,38,0
115900184,1001,7,994
115900187,4,105,-101
115900189,0,207,-207
115900190,122,991,-869
115900191,21,196,-175
115900192,12,131,-119
115900193,445,79,366
115900194,485,46,439
115900195,452,1777,-1325
115900198,154,230,-76
115900199,195,143,52
115900200,174,257,-83
115900201,408,427,-19
115900202,0,38,-38
115900203,10,21,-11
115900204,0,7,-7
115900205,48,17,31
115900206,190,114,76
115900207,41,10,31
115900208,91,82,9
115900209,6,109,-103
115900210,9,100,-91
115900211,1,141,-140
115900212,123,148,-25
115900213,71,82,-11
115900214,485,180,305
115900215,18,167,-149
115900216,2,60,-58
115900217,4,34,-30
115900218,2,31,-29
115900219,104,0,104
115900220,195,14,181
115900221,74,3,71
115900222,59,20,39
115900223,6,305,-299
115900224,609,1274,-665
115900225,45,37,8
115900226,9,25,-16
115900227,9,30,-21
115900228,13,21,-8
115900229,4,28,-24
115900230,45,72,-27
115900231,105,7,98
115900232,56,1,55
115900233,79,26,53
115900234,44,23,21
115900235,59,22,37
115900236,159,24,135
115900237,43,18,25
115900238,53,18,35
115900239,36,15,21
115900240,8,34,-26
115900241,190,69,121
115900242,215,312,-97
115900243,10,2,8
115900244,15,5,10
115900245,45,4,41
115900246,20,9,11
115900247,48,9,39
115900248,5,7,-2
115900249,15,13,2
115900250,5,24,-19
115900251,1,25,-24
115900252,1,6,-5
115900253,6,18,-12
115900254,6,32,-26
115900255,2,14,-12
115900256,22,69,-47
115900257,6,5,1
115900258,0,6,-6
115900259,5,1,4
115900260,8,1,7
115900261,6,2,4
115900262,5,2,3
115900263,9,1,8
115900264,22,1,21
115900265,2,1,1
115900266,0,13,-13
115900267,9,13,-4
115900268,7,8,-1
115900269,420,219,201
115900270,291,188,103
115900271,86,0,86
115900272,30,2,28
115900273,4,16,-12
115900274,3,6,-3
115900275,2,9,-7
115900276,0,14,-14
115900277,0,50,-50
115900278,41,90,-49
115900279,19,161,-142
115900280,28,361,-333
115900281,298,259,39
115900282,14,9,5
115900283,20,14,6
115900284,16,2,14
116000001,6819,3026,3793
116000002,4308,10383,-6075
116000003,1249,1372,-123
116000004,2575,3550,-975
116000005,2229,2541,-312
116000006,2628,2805,-177
116000007,2164,2759,-595
116000008,3915,2176,1739
116000009,997,1645,-648
116000010,2225,1430,795
116000011,826,1474,-648
116000012,1631,1115,516
116000013,5171,2817,2354
116000014,7059,11325,-4266
116000015,165,1089,-924
116000016,3269,2953,316
116000017,24,679,-655
116000018,478,165,313
116000019,728,216,512
116000020,538,538,0
116000021,388,244,144
116000022,331,282,49
116000023,862,524,338
116000024,604,553,51
116000025,624,610,14
116000026,1314,1739,-425
116000027,435,470,-35
116000028,435,852,-417
116000029,403,507,-104
116000030,747,388,359
116000031,139,277,-138
116000032,335,156,179
116000033,333,356,-23
116000034,592,734,-142
116000035,274,569,-295
116000036,1067,980,87
116000037,407,380,27
116000038,237,390,-153
116000039,327,405,-78
116000040,538,362,176
116000041,124,286,-162
116000042,563,269,294
116000043,70,528,-458
116000044,19,72,-53
116000045,1510,1140,370
116000046,880,1563,-683
116000047,1311,1892,-581
116000048,1586,1569,17
116000049,1205,2563,-1358
116000050,1346,1131,215
116000051,5616,2075,3541
116000052,5313,4159,1154
116000053,1700,592,1108
116000054,746,2007,-1261
116000055,694,719,-25
116000056,954,1046,-92
116000057,2345,1579,766
116000058,2445,2890,-445
116000059,2644,4286,-1642
116000060,1654,774,880
116000061,483,1092,-609
116000062,575,211,364
116000063,521,1075,-554
116000066,295,473,-178
116000067,201,309,-108
116000068,180,256,-76
116000069,198,283,-85
116000078,589,996,-407
116000080,1607,690,917
116000082,10,56,-46
116000083,1733,375,1358
116000084,1592,2702,-1110
116000085,2078,1677,401
116000086,1566,957,609
116000087,2145,1403,742
116000088,704,754,-50
116000089,184,87,97
116000090,91,155,-64
116000091,417,261,156
116000093,789,485,304
116000094,679,492,187
116000095,798,420,378
116000096,712,1253,-541
116000097,935,530,405
116000098,95,6425,-6330
116000099,4110,250,3860
116000100,229,15,214
116000101,892,445,447
116000102,258,712,-454
116000103,524,250,274
116000104,171,819,-648
116000105,1208,138,1070
116000106,582,750,-168
116000107,2694,271,2423
116000108,247,176,71
116000111,141,30,111
116000113,89,68,21
116000114,60,117,-57
116000115,342,105,237
116000116,266,291,-25
116000117,1304,1187,117
116000118,1071,766,305
116000119,3069,1605,1464
116000120,2597,2653,-56
116000121,909,524,385
116000122,1039,1070,-31
116000123,1130,410,720
116000124,322,590,-268
116000125,2940,696,2244
116000126,254,1027,-773
116000127,864,826,38
116000128,1706,746,960
116000129,1303,220,1083
116000130,544,416,128
116000133,1203,707,496
116000134,1613,1246,367
116000135,2593,1235,1358
116000136,805,1402,-597
116000137,1119,659,460
116000138,708,465,243
116000139,1376,2080,-704
116000140,126,161,-35
116000141,278,447,-169
116000142,2484,1916,568
116000143,1856,1748,108
116000144,1544,1622,-78
116000145,1785,934,851
116000146,629,140,489
116000147,158,141,17
116000148,509,430,79
116000149,501,516,-15
116000151,542,416,126
116000153,69,283,-214
116000155,142,147,-5
116000156,633,811,-178
116000157,136,14,122
116000158,308,287,21
116000159,24,18,6
116000160,14,35,-21
116000161,8,70,-62
116000162,75,77,-2
116000163,23,3,20
116000164,10,8,2
116000177,287,85,202
116000194,98,295,-197
116000195,1156,555,601
116000196,12,7,5
116000197,4,15,-11
116000198,1853,843,1010
116000200,556,565,-9
116000201,621,521,100
116000202,9,180,-171
116000203,4,80,-76
116000204,25,55,-30
116000205,0,118,-118
116000206,3,89,-86
116000207,14,42,-28
116000233,182,271,-89
116000287,175,344,-169
116000288,256,149,107
116000292,38,72,-34
116000296,26,273,-247
116000297,127,19,108
116000304,148,29,119
116000305,19,57,-38
116000346,156,33,123
116000352,77,15,62
116000354,20,15,5
116000357,6,45,-39
116000358,370,65,305
116000361,222,2,220
116000372,3244,4031,-787
116000381,103,1,102
116000388,1,37,-36
116000389,610,420,190
116000445,422,370,52
116000446,636,439,197
116000447,26,469,-443
116000448,494,148,346
116000563,780,880,-100
116000565,40,281,-241
116000568,48,191,-143
116000579,23,145,-122
116000583,94,37,57
116000584,27,5,22
116000585,27,16,11
116000586,72,92,-20
116000587,495,533,-38
116000589,37,36,1
116000590,54,55,-1
116000591,254,176,78
116000592,5,87,-82
116000593,0,27,-27
116000594,627,323,304
116000595,558,107,451
116000596,91,2,89
116000597,389,120,269
116000598,17,113,-96
116000605,159,85,74
116000606,60,212,-152
116000607,5,24,-19
116000609,147,767,-620
116000611,163,366,-203
116000612,873,1886,-1013
116000613,538,254,284
116000614,441,425,16
116000615,1,404,-403
116000616,32,60,-28
116000617,75,33,42
116000618,4,46,-42
116000619,60,77,-17
116000620,237,474,-237
116000621,60,89,-29
116000622,62,129,-67
116000624,270,79,191
116000627,115,35,80
116000628,49,214,-165
116000629,11,166,-155
116000630,281,17,264
116000631,132,21,111
116000632,840,49,791
116000633,177,194,-17
116000634,329,104,225
116000635,2092,2260,-168
116000636,657,1215,-558
116000637,434,50,384
116000638,160,209,-49
116000639,116,3,113
116000640,45,10,35
116000641,18,114,-96
116000643,0,128,-128
116000644,28,269,-241
116000645,31,5,26
116900001,194,125,69
116900002,165,1,164
116900003,30,50,-20
116900004,50,60,-10
116900005,260,41,219
116900006,162,322,-160
116900007,107,154,-47
116900008,282,225,57
116900009,14,5,9
116900010,289,754,-465
116900011,6,14,-8
116900012,410,165,245
116900013,0,72,-72
116900014,141,140,1
116900015,408,39,369
116900016,293,3,290
116900017,10,353,-343
116900018,63,57,6
116900019,1,192,-191
116900020,716,977,-261
116900023,64,14,50
116900024,560,28,532
116900025,1020,506,514
116900026,46,393,-347
116900027,15,51,-36
116900028,7,78,-71
116900029,0,45,-45
116900031,0,4,-4
116900032,3,231,-228
116900033,8,5,3
116900034,5,49,-44
116900035,142,110,32
116900036,5,78,-73
116900038,17,3,14
116900041,29,9,20
116900042,363,176,187
116900043,28,37,-9
116900047,27,179,-152
116900049,34,236,-202
116900050,96,294,-198
116900051,165,100,65
116900052,164,49,115
116900055,0,7,-7
116900057,24,149,-125
116900058,20,268,-248
116900059,5,111,-106
116900060,143,140,3
116900062,1,13,-12
116900064,78,444,-366
116900065,35,65,-30
116900067,89,47,42
116900068,80,129,-49
116900070,3,2,1
116900072,21,228,-207
116900073,14,75,-61
116900074,5,25,-20
116900076,7,43,-36
116900077,7,98,-91
116900078,146,66,80
116900079,36,133,-97
116900080,8,19,-11
116900081,345,853,-508
116900082,279,670,-391
116900083,40,15,25
116900084,79,55,24
116900085,38,93,-55
116900086,31,101,-70
116900088,246,56,190
116900090,133,40,93
116900091,354,19,335
116900092,97,413,-316
116900093,1312,1226,86
116900094,2377,3252,-875
116900095,194,82,112
116900096,67,255,-188
116900097,1772,2858,-1086
116900098,595,314,281
116900099,441,505,-64
116900100,817,29,788
116900101,224,285,-61
116900103,5,0,5
116900104,81,76,5
116900105,247,110,137
116900106,1321,82,1239
116900107,2090,2342,-252
116900110,13,0,13
116900111,544,367,177
116900112,224,614,-390
116900113,1118,1393,-275
116900116,66,471,-405
116900117,172,89,83
116900118,515,636,-121
116900120,310,37,273
116900121,178,13,165
116900122,851,432,419
116900123,198,491,-293
116900124,154,723,-569
116900125,368,137,231
116900126,73,449,-376
116900128,0,35,-35
116900129,4,255,-251
116900130,364,3134,-2770
116900131,69,242,-173
116900132,55,72,-17
116900133,113,120,-7
116900134,214,223,-9
116900136,337,177,160
116900137,244,122,122
116900138,165,127,38
116900139,112,257,-145
116900140,184,116,68
116900141,677,316,361
116900142,2,58,-56
116900143,243,230,13
116900144,33,54,-21
116900145,40,125,-85
116900147,333,360,-27
116900148,9,19,-10
116900149,47,277,-230
116900150,14,6,8
116900151,61,9,52
116900153,112,76,36
116900154,293,447,-154
116900155,61,48,13
116900157,579,178,401
116900158,98,195,-97
116900159,68,230,-162
116900160,691,462,229
116900161,3857,5918,-2061
116900162,10,91,-81
116900163,162,75,87
116900164,117,69,48
116900165,297,176,121
116900166,42,66,-24
116900167,433,40,393
116900168,335,65,270
116900169,263,437,-174
116900170,334,384,-50
116900171,30,145,-115
116900172,145,340,-195
116900173,162,26,136
116900174,49,77,-28
116900175,134,191,-57
116900178,27,84,-57
116900179,86,280,-194
116900180,70,19,51
116900182,318,254,64
116900183,147,87,60
116900185,32,33,-1
116900186,89,162,-73
116900187,55,34,21
116900188,136,27,109
116900189,55,0,55
116900191,341,598,-257
116900192,273,63,210
116900194,138,1222,-1084
116900195,40,15,25
116900196,14,81,-67
116900197,142,11,131
116900198,116,253,-137
116900200,57,19,38
116900201,84,7,77
116900202,65,30,35
116900203,126,10,116
116900204,38,86,-48
116900206,15,11,4
116900207,25,16,9
116900208,7,104,-97
116900209,27,66,-39
116900210,357,234,123
116900211,195,1,194
116900212,82,45,37
116900213,203,101,102
116900214,163,119,44
116900215,66,49,17
116900216,284,128,156
116900218,8,119,-111
116900219,1053,229,824
116900220,97,175,-78
116900221,71,281,-210
116900222,371,308,63
116900223,97,240,-143
116900226,96,30,66
116900227,159,74,85
116900228,353,125,228
116900230,55,165,-110
116900231,28,228,-200
116900232,11,301,-290
116900233,257,51,206
116900234,10,4,6
116900235,481,270,211
116900238,1184,236,948
116900239,5,666,-661
116900240,3433,3242,191
116900241,81,92,-11
116900242,558,546,12
116900243,0,18,-18
116900245,17,26,-9
116900246,107,36,71
116900247,882,21,861
116900248,94,27,67
116900249,315,56,259
116900250,329,27,302
116900251,290,546,-256
116900252,108,580,-472
116900254,20,81,-61
116900255,103,73,30
116900256,383,97,286
116900257,34,249,-215
116900258,4,148,-144
116900259,311,9,302
116900260,2,66,-64
116900261,54,6,48
116900262,216,135,81
116900263,0,12,-12
116900264,129,25,104
116900265,57,0,57
116900266,15,20,-5
116900267,4,0,4
116900268,76,91,-15
116900269,271,472,-201
116900271,719,237,482
116900272,306,176,130
116900273,88,65,23
116900274,102,33,69
116900275,168,82,86
116900276,339,154,185
116900277,309,27,282
116900278,3,6,-3
116900279,0,18,-18
116900280,20,15,5
116900281,3422,3754,-332
116900282,4,50,-46
116900283,21,48,-27
116900284,8,132,-124
116900285,164,180,-16
116900286,136,25,111
116900287,6,13,-7
116900288,88,102,-14
116900289,9,6,3
116900290,17,12,5
116900291,27,11,16
116900292,7,21,-14
116900293,60,29,31
116900294,25,94,-69
116900295,116,71,45
116900296,38,110,-72
116900297,5,89,-84
116900298,71,45,26
116900299,15,34,-19
116900300,5,57,-52
116900301,21,91,-70
116900302,23,70,-47
116900303,136,100,36
116900304,0,151,-151
116900305,11,17,-6
116900306,167,93,74
116900307,81,2,79
116900308,0,64,-64
116900309,67,75,-8
116900310,42,37,5
117000001,1829,1295,534
117000002,1791,3083,-1292
117000003,5426,2633,2793
117000004,2844,3798,-954
117000005,2078,1593,485
117000006,1064,2313,-1249
117000007,3707,1013,2694
117000008,855,2378,-1523
117000009,4348,1551,2797
117000010,2161,2834,-673
117000011,2151,1240,911
117000012,1202,1064,138
117000013,1650,650,1000
117000014,1033,1763,-730
117000015,1826,1114,712
117000016,180,127,53
117000017,147,91,56
117000018,75,562,-487
117000019,76,22,54
117000020,349,1284,-935
117000021,939,554,385
117000022,187,128,59
117000023,132,253,-121
117000024,110,282,-172
117000025,285,1048,-763
117000026,1427,1480,-53
117000027,1393,4700,-3307
117000028,2150,1936,214
117000030,353,384,-31
117000031,353,313,40
117000032,1283,959,324
117000033,1040,582,458
117000034,321,231,90
117000035,381,339,42
117000036,444,251,193
117000037,272,182,90
117000038,169,453,-284
117000039,397,165,232
117000040,195,717,-522
117000041,1006,183,823
117000044,12,725,-713
117000045,465,96,369
117000046,343,581,-238
117000047,920,592,328
117000048,1275,598,677
117000049,92,443,-351
117000050,176,1240,-1064
117000051,2279,94,2185
117000052,76,265,-189
117000053,612,34,578
117000054,1497,10,1487
117000055,67,1991,-1924
117000056,695,20,675
117000057,551,1904,-1353
117000060,402,834,-432
117000061,1470,768,702
117000062,266,500,-234
117000063,1719,834,885
117000064,522,555,-33
117000066,581,719,-138
117000067,84,467,-383
117000074,93,188,-95
117000076,80,43,37
117000077,147,125,22
117000078,132,563,-431
117000079,361,199,162
117000080,1,281,-280
117000081,943,85,858
117000082,23,87,-64
117000083,521,176,345
117000084,174,1,173
117000085,226,716,-490
117000086,749,341,408
117000087,100,445,-345
117000088,252,138,114
117000089,1539,199,1340
117000090,282,978,-696
117000091,929,227,702
117000092,383,979,-596
117000093,1248,627,621
117000094,1134,1884,-750
117000095,3429,656,2773
117000096,640,1682,-1042
117000097,1455,954,501
117000098,1933,2733,-800
117000099,3529,1170,2359
117000100,208,324,-116
117000101,132,688,-556
117000102,1887,603,1284
117000103,673,1108,-435
117000104,1442,529,913
117000105,716,983,-267
117000106,1271,617,654
117000107,528,1258,-730
117000108,1653,870,783
117000109,1050,1584,-534
117000110,1559,992,567
117000111,2936,3220,-284
117000112,2850,1247,1603
117000113,124,139,-15
117000114,311,108,203
117000115,69,63,6
117000116,134,215,-81
117000117,1237,844,393
117000118,252,141,111
117000119,189,199,-10
117000120,115,538,-423
117000121,53,984,-931
117000122,254,604,-350
117000123,1192,34,1158
117000124,364,87,277
117000125,167,113,54
117000126,45,16,29
117000127,109,263,-154
117000128,255,683,-428
117000129,334,892,-558
117000130,166,2,164
117000131,0,81,-81
117000132,2966,25,2941
117000133,1782,43,1739
117000134,0,56,-56
117000135,3,67,-64
117000136,3,24,-21
117000137,128,136,-8
117000138,2,577,-575
117000140,409,1047,-638
117000141,1731,571,1160
117000181,370,133,237
117000182,322,586,-264
117000195,136,639,-503
117000196,259,117,142
117000225,94,43,51
117000226,6,73,-67
117000276,376,16,360
117000277,0,221,-221
117000310,1106,1892,-786
117000315,37,508,-471
117000320,95,0,95
117000906,380,16,364
117000907,11,244,-233
117000909,61,45,16
117000910,193,151,42
117000911,92,133,-41
117000915,7,357,-350
117000916,47,1,46
117000917,1267,47,1220
117000918,88,79,9
117000919,4,53,-49
117000920,2,880,-878
117000921,1,840,-839
117000922,27,79,-52
117000924,411,692,-281
117000926,534,84,450
117000927,997,986,11
117000928,0,107,-107
117000929,284,282,2
117000930,285,14,271
117000931,252,172,80
117900002,73,421,-348
117900003,416,300,116
117900005,16,67,-51
117900006,0,28,-28
117900007,186,55,131
117900008,0,22,-22
117900010,247,72,175
117900011,17,99,-82
117900012,62,40,22
117900013,1,93,-92
117900014,705,111,594
117900015,30,95,-65
117900016,734,772,-38
117900017,644,301,343
117900018,122,165,-43
117900019,431,201,230
117900020,60,389,-329
117900021,29,40,-11
117900023,691,62,629
117900024,38,35,3
117900025,37,13,24
117900026,366,155,211
117900028,54,1,53
117900029,238,403,-165
117900031,82,80,2
117900032,907,568,339
117900033,290,342,-52
117900034,59,28,31
117900035,216,278,-62
117900036,211,231,-20
117900037,174,84,90
117900038,38,189,-151
117900039,1,45,-44
117900040,135,245,-110
117900041,3,26,-23
117900042,2537,250,2287
117900043,20,44,-24
117900044,13,3069,-3056
117900045,154,106,48
117900048,337,283,54
117900049,184,338,-154
117900050,24,46,-22
117900051,21,4,17
117900052,46,346,-300
117900053,1644,504,1140
117900054,6,64,-58
117900055,211,141,70
117900056,101,45,56
117900057,1012,1068,-56
117900058,31,24,7
117900059,194,74,120
117900060,2324,4018,-1694
117900061,21,176,-155
117900063,392,131,261
117900065,566,999,-433
117900066,7,60,-53
117900067,508,148,360
117900069,767,243,524
117900070,101,24,77
117900071,87,110,-23
117900073,421,174,247
117900074,79,40,39
117900075,71,60,11
117900076,55,62,-7
117900077,565,162,403
117900078,315,635,-320
117900080,125,41,84
117900081,379,254,125
117900082,386,298,88
117900083,358,289,69
117900086,173,23,150
117900087,144,49,95
117900088,2637,1329,1308
117900089,2161,682,1479
117900090,575,303,272
117900091,92,143,-51
117900092,52,33,19
117900093,72,36,36
117900094,40,32,8
117900095,339,520,-181
117900096,84,250,-166
117900097,218,67,151
117900098,62,12,50
117900099,140,164,-24
117900100,225,3,222
117900101,452,1769,-1317
117900102,75,14,61
117900103,80,5,75
117900104,12,74,-62
117900105,144,138,6
117900106,80,33,47
117900107,35,7,28
117900109,705,306,399
117900110,166,0,166
117900111,435,21,414
117900112,49,20,29
117900113,1659,1519,140
117900114,50,1,49
117900115,155,55,100
117900116,774,567,207
117900117,645,224,421
117900118,78,0,78
117900119,215,96,119
117900120,198,24,174
117900121,75,19,56
117900122,846,3515,-2669
117900123,639,311,328
117900124,551,656,-105
117900125,1544,1563,-19
117900126,210,393,-183
117900127,493,281,212
117900128,351,464,-113
117900129,78,1,77
117900130,818,274,544
117900131,9,110,-101
117900132,30,87,-57
117900133,18,65,-47
117900134,51,220,-169
117900135,14,116,-102
117900136,0,16,-16
117900137,42,205,-163
117900138,0,35,-35
117900139,130,80,50
117900140,2539,210,2329
117900141,74,157,-83
117900142,60,57,3
117900144,41,169,-128
117900145,19,49,-30
117900146,120,87,33
117900147,43,57,-14
117900148,1949,1605,344
117900149,294,152,142
117900150,38,22,16
117900151,38,72,-34
117900152,84,38,46
117900153,57,79,-22
117900154,419,410,9
117900156,704,510,194
117900157,70,537,-467
117900158,279,136,143
117900160,619,640,-21
117900161,2330,1407,923
117900162,406,310,96
117900163,16,143,-127
117900165,0,12,-12
117900166,109,348,-239
117900168,68,206,-138
117900169,3,96,-93
117900170,0,32,-32
117900171,2,13,-11
117900172,14,29,-15
117900173,131,60,71
117900174,28,64,-36
117900175,6,21,-15
117900176,15,20,-5
117900177,25,15,10
117900178,111,29,82
117900180,186,38,148
117900181,52,363,-311
117900182,4,31,-27
117900183,53,199,-146
117900184,24,90,-66
117900185,51,46,5
117900186,73,21,52
117900187,26,11,15
117900188,215,51,164
117900189,70,46,24
117900190,39,4,35
117900191,74,1,73
117900192,260,1,259
117900193,4,53,-49
117900194,7,13,-6
117900195,15,56,-41
117900196,41,31,10
117900207,119,139,-20
117900208,18,11,7
117900209,135,135,0
117900210,71,136,-65
117900211,4,105,-101
117900212,145,90,55
117900213,23,8,15
117900214,9,15,-6
117900215,40,29,11
117900216,41,10,31
117900217,70,330,-260
117900218,93,126,-33
117900219,7,116,-109
117900220,52,75,-23
117900222,198,177,21
117900223,165,309,-144
118000001,620,882,-262
118000002,559,1161,-602
118000003,1535,2858,-1323
118000004,1426,1591,-165
118000005,3620,4948,-1328
118000006,3235,7247,-4012
118000007,3758,3809,-51
118000008,2569,3451,-882
118000009,1310,2024,-714
118000010,3962,2658,1304
118000011,1311,1191,120
118000012,807,1335,-528
118000013,1692,1649,43
118000014,1612,1910,-298
118000016,168,203,-35
118000017,360,337,23
118000018,293,260,33
118000019,1653,1273,380
118000020,871,2519,-1648
118000021,546,2497,-1951
118000022,1241,669,572
118000023,773,268,505
118000024,955,942,13
118000027,8981,10311,-1330
118000029,676,787,-111
118000032,784,3312,-2528
118000033,2213,4837,-2624
118000034,3499,2110,1389
118000035,1536,2588,-1052
118000036,788,1006,-218
118000037,704,726,-22
118000038,226,90,136
118000039,86,123,-37
118000040,1317,1032,285
118000041,2323,1043,1280
118000045,250,152,98
118000046,995,578,417
118000047,691,823,-132
118000048,1575,1723,-148
118000051,1881,1433,448
118000052,1556,711,845
118000053,197,362,-165
118000054,966,865,101
118000055,933,1181,-248
118000056,318,300,18
118000057,251,277,-26
118000058,1642,1179,463
118000059,1302,842,460
118000060,1028,409,619
118000061,1356,945,411
118000062,532,224,308
118000063,344,571,-227
118000064,610,878,-268
118000065,2114,1209,905
118000066,591,1324,-733
118000067,567,627,-60
118000068,1047,3874,-2827
118000069,1703,806,897
118000070,3615,1315,2300
118000071,2095,5729,-3634
118000072,932,1366,-434
118000073,753,535,218
118000074,321,499,-178
118000075,627,260,367
118000076,1036,2622,-1586
118000077,962,1015,-53
118000078,1607,1872,-265
118000079,190,352,-162
118000080,637,693,-56
118000081,1505,1104,401
118000082,247,879,-632
118000083,1210,1126,84
118000084,2012,1348,664
118000086,206,428,-222
118000087,3234,2185,1049
118000088,1436,1416,20
118000089,2884,1909,975
118000090,1213,2251,-1038
118000091,872,2250,-1378
118000092,835,394,441
118000093,91,560,-469
118000096,435,502,-67
118000097,642,533,109
118000098,258,137,121
118000099,548,420,128
118000101,1090,324,766
118000102,407,743,-336
118000107,955,361,594
118000108,511,1907,-1396
118000110,1,12,-11
118000111,0,223,-223
118000112,620,2,618
118000113,9,268,-259
118000114,417,4,413
118000115,8,9,-1
118000116,23,0,23
118000117,684,567,117
118000118,764,896,-132
118000119,740,886,-146
118000120,1226,839,387
118000121,78,564,-486
118000122,1119,289,830
118000123,33,257,-224
118000125,1053,812,241
118000126,689,1450,-761
118000127,1342,569,773
118000128,451,881,-430
118000129,921,520,401
118000130,1578,2189,-611
118000131,434,645,-211
118000132,2678,2099,579
118000133,1005,447,558
118000135,480,372,108
118000136,132,399,-267
118000137,542,87,455
118000138,313,355,-42
118000139,473,64,409
118000140,2196,4333,-2137
118000141,2069,1384,685
118000142,1676,1148,528
118000143,2032,1180,852
118000144,1006,561,445
118000145,1550,1239,311
118000146,1169,558,611
118000147,863,998,-135
118000148,474,914,-440
118000149,987,660,327
118000150,399,268,131
118000151,491,322,169
118000153,1312,952,360
118000154,1516,1243,273
118000155,1307,1192,115
118000156,1338,2016,-678
118000157,548,337,211
118000158,226,325,-99
118000159,15,113,-98
118000160,483,354,129
118000161,466,490,-24
118000162,1451,685,766
118000163,787,700,87
118000164,1464,1069,395
118000168,579,509,70
118000169,809,722,87
118000170,2628,3173,-545
118000171,279,542,-263
118000172,103,254,-151
118000173,944,892,52
118000175,254,303,-49
118000176,270,394,-124
118000177,233,523,-290
118000178,42,34,8
118000179,999,1216,-217
118000180,706,590,116
118000181,614,233,381
118000182,323,203,120
118000183,173,244,-71
118000184,975,493,482
118000185,1004,1210,-206
118000186,678,919,-241
118000187,1339,484,855
118000188,543,102,441
118000189,549,332,217
118000190,2,5,-3
118000191,34,10,24
118000192,149,217,-68
118000193,93,361,-268
118000194,1065,748,317
118000195,321,1057,-736
118000196,187,225,-38
118000197,104,132,-28
118000198,332,763,-431
118000199,287,304,-17
118000200,67,214,-147
118000201,242,411,-169
118000202,38,45,-7
118000203,396,539,-143
118000204,84,406,-322
118000205,129,285,-156
118000206,206,211,-5
118000207,0,34,-34
118000208,1140,1209,-69
118000209,1779,1131,648
118000210,60,26,34
118000211,28,18,10
118000213,803,1384,-581
118000214,298,460,-162
118000215,338,90,248
118000216,1534,1283,251
118000217,28,77,-49
118000218,59,59,0
118000219,298,174,124
118000220,3,36,-33
118000221,220,259,-39
118000222,58,9,49
118000223,37,30,7
118000224,122,90,32
118000225,87,405,-318
118000226,820,147,673
118000227,607,344,263
118000228,92,194,-102
118000229,84,63,21
118000230,98,122,-24
118000231,88,146,-58
118000232,653,472,181
118000233,953,595,358
118000234,346,108,238
118000236,225,210,15
118000237,59,185,-126
118000238,232,135,97
118000239,270,215,55
118000240,243,138,105
118000241,149,98,51
118000242,297,272,25
118000243,230,86,144
118000244,42,98,-56
118000246,1,12,-11
118000255,74,206,-132
118000256,145,193,-48
118000259,8,40,-32
118000260,137,62,75
118000261,25,25,0
118000263,50,127,-77
118000266,106,131,-25
118000267,0,90,-90
118000268,187,3,184
118000270,55,15,40
118000271,215,222,-7
118000272,64,28,36
118000273,113,42,71
118000274,55,181,-126
118000276,425,244,181
118000295,10,79,-69
118000298,111,160,-49
118000299,66,78,-12
118000301,0,47,-47
118000302,94,33,61
118000311,494,75,419
118000312,221,115,106
118000313,40,71,-31
118000314,98,38,60
118000315,18,29,-11
118000316,609,332,277
118000325,38,29,9
118000326,17,23,-6
118000331,28,32,-4
118000332,8,36,-28
118000333,24,39,-15
118000335,296,0,296
118000336,0,152,-152
118000407,138,44,94
118000457,5,48,-43
118000465,1727,3268,-1541
118000480,47,55,-8
118000489,35,334,-299
118000490,18,251,-233
118000492,387,159,228
118000510,37,8,29
118000514,92,235,-143
118000515,582,571,11
118000517,225,159,66
118000524,251,291,-40
118000525,521,544,-23
118000530,12,91,-79
118000531,311,255,56
118000532,226,183,43
118000533,246,121,125
118000534,390,291,99
118000535,309,105,204
118000536,314,1198,-884
118000537,21,109,-88
118000538,40,47,-7
118000539,10,78,-68
118000540,184,91,93
118000541,152,92,60
118000542,68,121,-53
118000543,110,119,-9
118000546,32,38,-6
118000553,0,0,0
118000560,1270,1763,-493
118000562,32,98,-66
118000563,1108,1020,88
118000576,216,86,130
118000577,146,141,5
118000578,193,95,98
118000579,459,1064,-605
118000583,0,0,0
118000595,213,77,136
118000596,0,74,-74
118000597,148,74,74
118000598,1,0,1
118000599,68,45,23
118000600,2,3,-1
118000601,5,0,5
118000602,0,1,-1
118000603,0,21,-21
118000605,67,154,-87
118000606,27,38,-11
118900001,361,892,-531
118900002,561,807,-246
118900003,305,13,292
118900004,43,29,14
118900005,64,4,60
118900006,123,0,123
118900007,5,0,5
118900008,1345,51,1294
118900009,61,47,14
118900010,44,4,40
118900011,124,29,95
118900012,367,119,248
118900013,383,130,253
118900015,201,49,152
118900016,11,13,-2
118900017,173,221,-48
118900018,718,21,697
118900019,33,20,13
118900020,150,98,52
118900021,169,278,-109
118900022,125,79,46
118900023,98,99,-1
118900024,84,103,-19
118900025,25,19,6
118900026,61,44,17
118900027,357,152,205
118900028,135,99,36
118900029,182,348,-166
118900030,327,47,280
118900031,141,78,63
118900032,174,139,35
118900033,281,274,7
118900034,118,27,91
118900035,95,84,11
118900036,1193,496,697
118900037,367,235,132
118900038,415,116,299
118900039,432,118,314
118900040,172,151,21
118900041,502,149,353
118900042,171,75,96
118900045,274,145,129
118900046,611,335,276
118900047,319,244,75
118900048,138,167,-29
118900049,30,43,-13
118900050,36,41,-5
118900051,68,94,-26
118900052,203,115,88
118900053,18,78,-60
118900054,131,47,84
118900055,121,44,77
118900056,18,266,-248
118900057,658,385,273
118900058,298,195,103
118900059,19,76,-57
118900060,61,113,-52
118900062,214,215,-1
118900064,349,507,-158
118900065,48,101,-53
118900066,54,63,-9
118900067,3032,3414,-382
118900068,2,149,-147
118900069,429,207,222
118900071,4,44,-40
118900072,378,214,164
118900073,175,82,93
118900074,95,108,-13
118900075,63,49,14
118900076,120,65,55
118900077,250,144,106
118900078,32,5,27
118900079,42,115,-73
118900080,20,92,-72
118900081,51,18,33
118900082,834,108,726
118900083,30,6,24
118900084,14,18,-4
118900085,505,513,-8
118900086,20,79,-59
118900087,53,252,-199
118900088,0,3,-3
118900089,17,14,3
118900090,420,267,153
118900091,110,130,-20
118900092,121,42,79
118900093,63,20,43
118900096,77,73,4
118900097,222,301,-79
118900099,91,153,-62
118900100,67,131,-64
118900101,73,186,-113
118900102,26,60,-34
118900103,23,66,-43
118900104,153,90,63
118900105,135,74,61
118900107,68,44,24
118900108,77,75,2
118900110,797,566,231
118900111,327,225,102
118900112,86,136,-50
118900113,134,210,-76
118900114,12,48,-36
118900115,56,212,-156
118900116,92,213,-121
118900117,113,187,-74
118900118,234,226,8
118900119,145,148,-3
118900120,66,217,-151
118900121,14,99,-85
118900122,17,905,-888
118900123,144,155,-11
118900124,59,96,-37
118900126,24,298,-274
118900129,253,143,110
118900130,42,146,-104
118900131,177,162,15
118900132,298,150,148
118900133,12,77,-65
118900135,167,145,22
118900136,203,346,-143
118900137,5,18,-13
118900139,166,152,14
118900140,327,384,-57
118900141,47,87,-40
118900144,116,213,-97
118900145,35,78,-43
118900146,260,462,-202
118900147,130,150,-20
118900148,54,20,34
118900150,227,449,-222
118900152,431,419,12
118900157,45,113,-68
118900158,81,44,37
118900159,1,120,-119
118900161,67,6,61
118900163,74,45,29
118900164,1,68,-67
118900165,65,89,-24
118900166,37,1,36
118900167,70,71,-1
118900168,11,77,-66
118900169,95,120,-25
118900170,129,61,68
118900171,12,39,-27
118900174,56,62,-6
118900175,366,369,-3
118900176,150,221,-71
118900177,44,20,24
118900178,50,106,-56
118900179,4,23,-19
118900181,80,57,23
118900182,28,36,-8
118900183,33,109,-76
118900184,228,80,148
118900185,138,63,75
118900186,82,98,-16
118900187,189,221,-32
118900188,246,189,57
118900189,35,686,-651
118900190,9,203,-194
118900191,195,29,166
118900192,209,17,192
118900193,461,2,459
118900195,194,398,-204
118900196,24,72,-48
118900197,142,26,116
118900198,30,11,19
118900199,72,21,51
118900200,18,7,11
118900201,25,27,-2
118900202,7,44,-37
118900203,8,14,-6
118900204,8,13,-5
118900205,1,11,-10
118900206,3,14,-11
119000001,1126,1184,-58
119000002,3422,1985,1437
119000003,2367,836,1531
119000004,2090,1149,941
119000005,1589,1526,63
119000006,3035,1376,1659
119000007,2938,2717,221
119000008,1592,1209,383
119000009,2867,4369,-1502
119000010,4373,3580,793
119000011,2753,2623,130
119000012,1963,2840,-877
119000013,2483,1470,1013
119000014,1250,1811,-561
119000019,307,96,211
119000020,2219,1201,1018
119000021,4008,2031,1977
119000022,1371,2161,-790
119000023,215,225,-10
119000024,1611,10675,-9064
119000025,3964,846,3118
119000026,112,313,-201
119000027,183,314,-131
119000028,1196,629,567
119000029,116,262,-146
119000030,522,841,-319
119000031,841,538,303
119000032,1472,1791,-319
119000033,1948,1059,889
119000034,849,730,119
119000035,22,248,-226
119000036,1797,594,1203
119000037,1176,1187,-11
119000038,151,561,-410
119000039,341,227,114
119000040,642,551,91
119000041,557,1137,-580
119000048,2353,1934,419
119000049,1818,1399,419
119000050,1361,1411,-50
119000051,1942,858,1084
119000052,1349,2077,-728
119000053,1664,1091,573
119000054,2819,2008,811
119000055,4606,2288,2318
119000056,2588,1603,985
119000057,1326,1323,3
119000058,1676,1195,481
119000059,990,1043,-53
119000060,1222,825,397
119000061,1063,613,450
119000062,1051,1076,-25
119000063,602,466,136
119000064,834,767,67
119000065,1470,2374,-904
119000066,2025,966,1059
119000067,1744,1556,188
119000068,1630,859,771
119000069,1473,1669,-196
119000070,2551,723,1828
119000071,620,513,107
119000072,3739,2456,1283
119000073,3737,6559,-2822
119000074,1318,1462,-144
119000075,2398,1828,570
119000076,330,1121,-791
119000077,547,504,43
119000078,422,335,87
119000079,174,666,-492
119000080,400,162,238
119000081,261,356,-95
119000082,705,191,514
119000083,508,343,165
119000084,291,355,-64
119000085,545,176,369
119000086,326,524,-198
119000087,1373,644,729
119000088,470,216,254
119000089,60,168,-108
119000090,119,130,-11
119000091,112,324,-212
119000092,443,169,274
119000093,2854,1725,1129
119000094,3098,4042,-944
119000095,1518,1937,-419
119000097,1612,815,797
119000098,878,2614,-1736
119000099,2093,1011,1082
119000100,3518,2539,979
119000101,3345,1386,1959
119000102,589,885,-296
119000103,1143,469,674
119000104,1582,904,678
119000105,882,1815,-933
119000106,288,863,-575
119000107,931,386,545
119000108,316,607,-291
119000109,94,453,-359
119000110,309,332,-23
119000111,33,571,-538
119000112,176,78,98
119000113,1339,280,1059
119000114,795,808,-13
119000115,149,109,40
119000116,76,78,-2
119000117,104,202,-98
119000118,2,4,-2
119000123,2689,1480,1209
119000124,782,165,617
119000125,3683,466,3217
119000126,1312,516,796
119000127,528,345,183
119000128,10,2,8
119000131,845,436,409
119000132,0,1,-1
119000133,0,4,-4
119000134,1252,475,777
119000135,143,142,1
119000136,212,140,72
119000137,195,198,-3
119000138,380,155,225
119000139,247,133,114
119000140,204,235,-31
119000284,1008,2061,-1053
119000285,1638,1381,257
119000286,5080,3684,1396
119000287,1163,1975,-812
119000288,1486,931,555
119000289,1250,1816,-566
119000290,160,321,-161
119000291,11,192,-181
119000293,129,141,-12
119000294,63,45,18
119000295,904,243,661
119000296,316,148,168
119000297,0,0,0
119000302,1537,1020,517
119000303,23,87,-64
119000310,0,0,0
119000314,1141,8885,-7744
119000315,2,246,-244
119000316,150,79,71
119000317,127,200,-73
119000319,580,147,433
119900001,147,969,-822
119900002,122,163,-41
119900003,31,601,-570
119900004,235,1053,-818
119900005,239,83,156
119900006,174,309,-135
119900007,969,214,755
119900008,85,91,-6
119900009,492,457,35
119900010,703,765,-62
119900011,35,94,-59
119900012,10,61,-51
119900013,1696,1035,661
119900014,414,176,238
119900015,79,22,57
119900016,53,62,-9
119900017,30,43,-13
119900018,1337,861,476
119900019,24,8,16
119900020,134,161,-27
119900021,175,94,81
119900022,79,626,-547
119900023,408,1506,-1098
119900025,184,13,171
119900026,530,118,412
119900027,37,12,25
119900028,232,129,103
119900029,4,3,1
119900030,567,337,230
119900031,57,436,-379
119900033,1309,293,1016
119900034,363,73,290
119900037,163,15,148
119900038,37,279,-242
119900039,45,2,43
119900040,193,13,180
119900041,89,19,70
119900042,218,137,81
119900043,138,130,8
119900044,133,674,-541
119900046,132,32,100
119900047,227,51,176
119900049,131,9,122
119900050,117,93,24
119900051,948,13,935
119900052,46,31,15
119900053,215,133,82
119900054,140,8,132
119900055,1042,410,632
119900057,231,63,168
119900058,266,3,263
119900059,88,51,37
119900060,268,26,242
119900061,285,6,279
119900062,76,21,55
119900063,18,44,-26
119900065,213,5,208
119900067,97,15,82
119900068,450,4,446
119900069,141,23,118
119900070,781,8,773
119900071,610,26,584
119900073,1431,449,982
119900074,42,39,3
119900075,3040,1929,1111
119900076,662,219,443
119900077,710,571,139
119900078,616,722,-106
119900079,396,207,189
119900080,265,210,55
119900081,527,107,420
119900082,1408,285,1123
119900083,268,89,179
119900084,420,240,180
119900085,44,35,9
119900086,465,857,-392
119900087,363,306,57
119900088,41,30,11
119900089,31,315,-284
119900090,96,34,62
119900091,57,621,-564
119900092,285,370,-85
119900093,716,132,584
119900094,42,210,-168
119900095,145,77,68
119900096,47,82,-35
119900097,389,138,251
119900098,21,30,-9
119900099,17,120,-103
119900100,1367,1906,-539
119900101,161,1267,-1106
119900102,39,140,-101
119900103,42,162,-120
119900104,24,115,-91
119900105,570,1924,-1354
119900106,9,111,-102
119900107,218,1558,-1340
119900108,2441,540,1901
119900109,14,89,-75
119900110,662,337,325
119900111,94,237,-143
119900112,922,439,483
119900113,61,175,-114
119900114,212,792,-580
119900115,249,672,-423
119900116,94,293,-199
119900117,261,426,-165
119900118,104,540,-436
119900119,221,124,97
119900120,536,308,228
119900121,363,505,-142
119900122,421,250,171
119900123,136,237,-101
119900124,186,465,-279
119900125,50,202,-152
119900126,2426,247,2179
119900127,1544,723,821
119900128,378,382,-4
119900129,198,318,-120
119900130,3,141,-138
119900131,35,181,-146
119900132,1,169,-168
119900133,28,53,-25
119900134,821,130,691
119900135,1,207,-206
119900136,118,241,-123
119900138,287,351,-64
119900139,41,151,-110
119900140,2,101,-99
119900141,73,556,-483
119900142,6,16,-10
119900143,18,194,-176
119900144,1005,133,872
119900145,72,97,-25
119900146,143,163,-20
119900147,4,103,-99
119900148,184,37,147
119900149,622,3804,-3182
119900150,140,82,58
119900151,1068,533,535
119900152,120,265,-145
119900153,144,71,73
119900154,19,393,-374
119900155,33,24,9
119900156,16,3,13
119900157,115,145,-30
119900158,160,49,111
119900159,3,831,-828
119900160,30,87,-57
119900161,148,138,10
119900162,749,728,21
119900163,49,96,-47
119900164,2,1,1
119900165,143,124,19
119900166,58,47,11
119900167,59,39,20
119900168,844,364,480
119900169,64,219,-155
119900170,148,206,-58
119900171,955,273,682
119900172,95,17,78
119900173,2,214,-212
119900174,2,107,-105
119900175,1320,444,876
119900177,17,128,-111
119900178,3,121,-118
119900179,115,539,-424
119900180,931,673,258
119900181,62,92,-30
119900182,1,173,-172
119900183,135,451,-316
119900184,1267,333,934
119900185,47,202,-155
119900186,49,922,-873
119900187,24,213,-189
119900188,84,252,-168
119900189,327,304,23
119900190,41,291,-250
119900191,143,142,1
119900192,35,110,-75
119900193,385,150,235
119900194,29,48,-19
119900195,268,191,77
119900196,603,203,400
119900197,222,159,63
119900198,260,211,49
119900199,107,19,88
119900200,711,525,186
119900201,237,100,137
119900202,85,183,-98
119900203,135,443,-308
119900204,228,190,38
119900205,729,348,381
119900206,218,123,95
119900208,183,119,64
119900209,420,1108,-688
119900210,27,23,4
119900211,36,7,29
119900212,221,184,37
119900213,9,38,-29
119900214,15,58,-43
119900215,36,44,-8
119900216,12,22,-10
119900217,3,35,-32
119900218,9,39,-30
119900219,1,62,-61
119900220,8,64,-56
119900221,23,143,-120
119900222,20,110,-90
119900223,28,34,-6
119900224,12,7,5
119900225,475,29,446
119900226,333,1448,-1115
119900227,652,198,454
119900228,49,351,-302
119900229,299,259,40
119900230,900,359,541
119900231,251,162,89
119900232,109,81,28
119900233,63,9,54
119900234,21,45,-24
119900235,8,29,-21
119900236,20,114,-94
119900237,53,232,-179
119900238,3,49,-46
119900240,70,109,-39
119900241,121,115,6
119900242,805,1009,-204
119900244,434,877,-443
119900245,86,130,-44
119900246,245,510,-265
119900247,16,87,-71
119900248,63,179,-116
119900249,184,99,85
119900253,1568,294,1274
119900254,92,658,-566
119900255,107,581,-474
119900256,588,552,36
119900257,118,8,110
119900258,124,22,102
119900259,22,79,-57
119900260,75,5,70
119900261,337,167,170
119900262,1,144,-143
119900263,1125,282,843
119900264,93,101,-8
119900265,603,306,297
119900266,336,172,164
119900267,199,305,-106
119900268,119,101,18
119900269,1074,776,298
119900271,17,49,-32
119900272,219,120,99
119900275,151,62,89
119900276,59,2,57
119900277,11,3,8
119900278,106,66,40
119900279,89,213,-124
119900280,480,98,382
119900281,1,212,-211
119900282,55,103,-48
119900283,16,146,-130
119900284,19,134,-115
119900285,19,71,-52
119900286,5,10,-5
119900288,5,4,1
119900289,2,11,-9
119900290,2,13,-11
119900291,0,34,-34
119900292,40,54,-14
119900293,21,73,-52
119900294,16,58,-42
119900295,23,37,-14
119900296,44,123,-79
119900297,3,18,-15
119900298,2,5,-3
119900299,44,165,-121
119900300,188,94,94
119900301,46,22,24
119900302,32,22,10
119900303,216,145,71
119900304,186,41,145
119900305,4,80,-76
119900306,10,1,9
119900307,35,68,-33
119900308,12,15,-3
119900309,39,122,-83
119900310,221,185,36
119900311,111,62,49
119900312,99,48,51
119900313,211,183,28
119900314,166,348,-182
119900315,1659,1420,239
119900318,13,50,-37
119900319,22,161,-139
119900320,139,269,-130
119900321,66,3,63
120000001,4531,14549,-10018
120000002,2288,2100,188
120000003,2547,1329,1218
120000004,2300,1483,817
120000005,2833,1689,1144
120000006,1088,995,93
120000007,2619,2572,47
120000008,876,969,-93
120000009,1799,899,900
120000010,1784,1777,7
120000011,849,1071,-222
120000012,1386,1710,-324
120000013,2808,2224,584
120000014,764,1029,-265
120000015,2236,1160,1076
120000016,3292,1804,1488
120000017,2838,2256,582
120000018,3079,10892,-7813
120000019,1000,1256,-256
120000020,2714,2833,-119
120000021,1784,2011,-227
120000022,2474,3530,-1056
120000023,1087,1503,-416
120000024,1213,2329,-1116
120000025,2405,1601,804
120000026,2138,1464,674
120000027,1946,2040,-94
120000028,779,1967,-1188
120000029,1933,1265,668
120000030,705,990,-285
120000031,1639,5394,-3755
120000032,5822,2960,2862
120000033,4402,1399,3003
120000034,2071,1373,698
120000035,2199,1373,826
120000036,3036,4003,-967
120000037,568,1301,-733
120000038,4081,2983,1098
120000039,719,954,-235
120000040,192,1684,-1492
120000041,1250,1213,37
120000042,1872,1784,88
120000043,4228,1154,3074
120000044,4846,1271,3575
120000045,5630,858,4772
120000046,3378,2310,1068
120000047,672,4868,-4196
120000048,4999,3190,1809
120000049,3220,2285,935
120000050,2897,2896,1
120000051,2411,3104,-693
120000052,6301,1670,4631
120000053,1393,1598,-205
120000054,1351,2536,-1185
120000055,1642,3337,-1695
120000056,4187,2787,1400
120000057,3453,1364,2089
120000058,2791,1924,867
120000059,1,1458,-1457
120000061,91,568,-477
120000062,191,366,-175
120000063,1216,1801,-585
120000064,273,858,-585
120000065,483,1289,-806
120000066,616,429,187
120000067,58,418,-360
120000068,202,677,-475
120000069,578,830,-252
120000070,115,476,-361
120000071,561,126,435
120000072,835,477,358
120000073,801,76,725
120000074,175,68,107
120000075,973,229,744
120000076,2207,420,1787
120000077,2076,618,1458
120000078,3186,1178,2008
120000079,491,321,170
120000080,301,253,48
120000081,504,160,344
120000082,359,251,108
120000083,119,787,-668
120000084,267,223,44
120000085,293,271,22
120000086,290,371,-81
120000087,232,357,-125
120000088,815,821,-6
120000089,972,447,525
120000090,733,430,303
120000091,855,917,-62
120000092,1140,478,662
120000093,479,391,88
120000094,158,602,-444
120000095,994,331,663
120000096,322,515,-193
120000098,818,772,46
120000099,421,591,-170
120000100,678,720,-42
120000101,536,369,167
120000102,597,848,-251
120000103,1505,760,745
120000104,1883,444,1439
120000105,3226,646,2580
120000106,2511,618,1893
120000107,4152,555,3597
120000108,1377,114,1263
120000109,1110,64,1046
120000110,82,742,-660
120000111,143,769,-626
120000112,633,1755,-1122
120000113,681,1304,-623
120000114,897,1665,-768
120000115,306,1498,-1192
120000116,614,1348,-734
120000117,818,877,-59
120000118,65,37,28
120000119,25,50,-25
120000120,71,89,-18
120000121,33,53,-20
120000122,203,356,-153
120000123,2719,6031,-3312
120000124,370,345,25
120000125,580,481,99
120000126,383,936,-553
120000127,1696,834,862
120000128,2372,3475,-1103
120000129,235,232,3
120000130,748,399,349
120000131,308,618,-310
120000134,392,671,-279
120000135,560,449,111
120000137,198,692,-494
120000138,1086,346,740
120000139,267,466,-199
120000140,940,419,521
120000141,668,368,300
120000142,1232,527,705
120000143,1,75,-74
120000144,112,7,105
120000145,442,2,440
120000146,831,796,35
120000149,573,844,-271
120000150,2128,10359,-8231
120000151,450,333,117
120000152,496,150,346
120000153,201,301,-100
120000154,465,397,68
120000155,132,254,-122
120000156,674,977,-303
120000157,994,578,416
120000158,739,637,102
120000159,1934,1750,184
120000160,2230,1407,823
120000161,2298,1717,581
120000162,75,252,-177
120000163,682,977,-295
120000164,629,307,322
120000165,639,524,115
120000166,1501,417,1084
120000167,155,147,8
120000168,14,412,-398
120000169,55,1478,-1423
120000170,52,1273,-1221
120000171,12,441,-429
120000172,30,421,-391
120000173,2271,1712,559
120000174,371,64,307
120000175,157,32,125
120000176,208,54,154
120000177,1002,145,857
120000178,42,21,21
120000179,118,60,58
120000180,437,99,338
120000181,101,1332,-1231
120000182,77,657,-580
120000183,14,505,-491
120000184,207,1049,-842
120000186,29,627,-598
120000187,28,284,-256
120000188,78,537,-459
120000190,675,67,608
120000191,407,94,313
120000192,521,47,474
120000193,133,3,130
120000195,67,6,61
120000196,165,43,122
120000197,52,86,-34
120000198,188,52,136
120000199,119,1,118
120000200,97,0,97
120000201,12,25,-13
120000202,3,40,-37
120000203,94,137,-43
120000207,0,36,-36
120000208,14,167,-153
120000209,8,52,-44
120000210,60,39,21
120000211,188,17,171
120000212,234,0,234
120000213,161,189,-28
120000214,0,181,-181
120000215,7,114,-107
120000216,123,16,107
120000217,438,856,-418
120000218,120,515,-395
120000219,8,279,-271
120000220,4,929,-925
120000225,1628,2,1626
120000226,374,4,370
120000227,916,59,857
120000228,10228,2957,7271
120000230,351,16,335
120000231,1276,1569,-293
120000233,341,8,333
120000235,240,546,-306
120000236,1106,1,1105
120000237,3,820,-817
120000238,1,933,-932
120000241,1081,2776,-1695
120000412,381,15,366
120000413,223,123,100
120000414,113,1,112
120000415,1,45,-44
120000416,164,4,160
120000417,2,48,-46
120000418,142,17,125
120000419,5,115,-110
120000420,39,17,22
120000421,6727,4304,2423
120000422,99,1332,-1233
120000423,0,70,-70
120000424,97,95,2
120000436,122,654,-532
120000437,116,74,42
120000438,1700,209,1491
120000439,197,463,-266
120000443,236,1,235
120000444,1599,369,1230
120000445,1436,825,611
120000446,589,193,396
120000447,240,0,240
120000449,96,2,94
120000450,6,101,-95
120000451,117,188,-71
120000452,114,1,113
120000453,1,218,-217
120000454,87,36,51
120000455,73,41,32
120000456,1974,3310,-1336
120000457,657,343,314
120000458,401,529,-128
120000459,76,50,26
120000665,689,304,385
120000668,137,1173,-1036
120000669,111,175,-64
120000670,158,1218,-1060
120000671,1270,449,821
120000672,106,422,-316
120900001,81,104,-23
120900002,217,451,-234
120900003,160,22,138
120900004,12,95,-83
120900005,20,740,-720
120900006,436,172,264
120900007,161,71,90
120900008,297,921,-624
120900009,707,42,665
120900010,473,110,363
120900011,212,148,64
120900012,127,955,-828
120900013,292,103,189
120900014,7,353,-346
120900015,936,99,837
120900016,877,61,816
120900017,1604,54,1550
120900018,114,346,-232
120900019,537,351,186
120900020,697,1081,-384
120900021,785,182,603
120900022,40,216,-176
120900023,255,42,213
120900024,1520,441,1079
120900025,1252,846,406
120900026,360,105,255
120900027,991,31,960
120900028,449,104,345
120900029,122,513,-391
120900030,1321,631,690
120900031,250,111,139
120900032,1313,104,1209
120900033,1058,94,964
120900034,26,2470,-2444
120900035,30,47,-17
120900037,234,10,224
120900038,56,281,-225
120900039,91,36,55
120900040,324,5,319
120900041,133,19,114
120900042,486,39,447
120900043,70,58,12
120900044,19,324,-305
120900045,163,38,125
120900046,548,3,545
120900047,153,95,58
120900048,120,39,81
120900049,533,4,529
120900050,1311,1390,-79
120900051,361,119,242
120900052,685,6,679
120900053,298,37,261
120900054,1350,346,1004
120900055,462,1,461
120900056,484,18,466
120900057,158,10,148
120900058,599,0,599
120900059,110,2,108
120900060,65,18,47
120900061,215,102,113
120900062,246,1,245
120900063,711,4,707
120900064,644,0,644
120900065,509,5,504
120900066,359,216,143
120900067,164,43,121
120900068,313,0,313
120900069,274,15,259
120900071,7,2,5
120900072,760,5,755
120900073,591,44,547
120900074,553,3,550
120900076,379,1,378
120900077,1594,138,1456
120900078,839,669,170
120900079,809,78,731
120900080,968,1421,-453
120900081,1096,412,684
120900082,399,307,92
120900083,79,0,79
120900084,358,395,-37
120900085,57,136,-79
120900086,63,263,-200
120900087,472,334,138
120900088,143,388,-245
120900089,2071,2715,-644
120900090,315,109,206
120900091,624,908,-284
120900092,1023,290,733
120900093,1414,114,1300
120900094,420,135,285
120900095,316,8,308
120900096,36,161,-125
120900097,517,517,0
120900098,227,129,98
120900099,86,35,51
120900100,91,155,-64
120900101,419,155,264
120900102,59,98,-39
120900103,43,199,-156
120900104,34,34,0
120900105,65,303,-238
120900106,1265,397,868
120900107,183,90,93
120900108,9,332,-323
120900109,72,436,-364
120900110,18,836,-818
120900111,187,223,-36
120900112,5,520,-515
120900113,11,470,-459
120900114,43,79,-36
120900115,158,231,-73
120900116,409,260,149
120900117,1,320,-319
120900118,9,565,-556
120900119,6027,3794,2233
120900120,52,297,-245
120900121,241,328,-87
120900122,446,304,142
120900123,10,260,-250
120900124,1,432,-431
120900125,2,369,-367
120900126,1386,666,720
120900127,19,310,-291
120900128,1063,1078,-15
120900129,34,213,-179
120900130,8,380,-372
120900131,132,46,86
120900132,1017,133,884
120900133,217,527,-310
120900134,698,333,365
120900135,8,381,-373
120900136,56,57,-1
120900137,188,67,121
120900138,25,172,-147
120900139,5,424,-419
120900140,4,78,-74
120900141,114,186,-72
120900142,17,248,-231
120900143,2,555,-553
120900144,0,111,-111
120900145,126,651,-525
120900146,3,677,-674
120900147,8,404,-396
120900148,108,122,-14
120900149,2,210,-208
120900150,49,434,-385
120900151,27,446,-419
120900152,0,29,-29
120900153,60,158,-98
120900154,1,188,-187
120900155,182,722,-540
120900156,72,258,-186
120900157,81,346,-265
120900158,74,433,-359
120900159,277,495,-218
120900160,19,569,-550
120900161,133,454,-321
120900162,164,643,-479
120900163,141,711,-570
120900164,3,56,-53
120900165,32,325,-293
120900166,55,299,-244
120900167,248,99,149
120900169,83,219,-136
120900170,681,2572,-1891
120900171,604,170,434
120900172,482,1391,-909
120900173,5,39,-34
120900174,9,91,-82
120900175,240,101,139
120900176,14,377,-363
120900177,3,1369,-1366
120900178,2,363,-361
120900179,625,311,314
120900180,59,171,-112
120900181,129,25,104
120900182,15,457,-442
120900183,639,56,583
120900184,366,39,327
120900185,12,371,-359
120900186,2,336,-334
120900187,487,774,-287
120900188,225,6,219
120900189,90,1516,-1426
120900190,94,10,84
120900191,12,15,-3
120900192,5964,7532,-1568
120900194,49,78,-29
120900195,94,201,-107
120900196,926,38,888
120900197,645,141,504
120900198,197,441,-244
120900199,482,330,152
120900200,38,111,-73
120900201,414,91,323
120900202,2,88,-86
120900203,37,74,-37
120900204,127,158,-31
120900205,45,34,11
120900206,27,33,-6
120900207,54,741,-687
121000001,590,744,-154
121000002,1776,1067,709
121000003,2410,1347,1063
121000004,1838,2595,-757
121000005,1376,1996,-620
121000006,2327,1613,714
121000007,1951,2466,-515
121000008,3982,3043,939
121000009,4092,4708,-616
121000010,5964,4667,1297
121000011,5682,8829,-3147
121000012,11554,7956,3598
121000013,4004,5478,-1474
121000014,5074,4018,1056
121000015,3026,5850,-2824
121000016,3736,2660,1076
121000017,1693,3084,-1391
121000018,2217,1395,822
121000019,12486,10352,2134
121000020,11227,15006,-3779
121000021,2048,2082,-34
121000022,2064,2569,-505
121000023,2655,1990,665
121000024,4122,4119,3
121000025,555,1102,-547
121000026,356,168,188
121000027,1386,1040,346
121000028,747,422,325
121000029,823,528,295
121000030,476,312,164
121000031,544,482,62
121000032,166,121,45
121000034,344,194,150
121000035,165,192,-27
121000036,704,593,111
121000037,481,443,38
121000038,406,730,-324
121000039,255,310,-55
121000041,428,368,60
121000042,231,330,-99
121000043,556,504,52
121000044,1117,699,418
121000045,306,243,63
121000046,526,712,-186
121000047,186,233,-47
121000049,1016,460,556
121000050,298,977,-679
121000051,449,206,243
121000052,330,462,-132
121000053,235,110,125
121000054,40,332,-292
121000055,948,1143,-195
121000056,653,887,-234
121000057,211,390,-179
121000058,270,171,99
121000059,1716,914,802
121000060,471,851,-380
121000061,68,283,-215
121000062,94,364,-270
121000063,825,732,93
121000064,725,684,41
121000065,278,351,-73
121000066,579,405,174
121000067,418,465,-47
121000068,547,298,249
121000069,332,642,-310
121000070,1583,914,669
121000071,1360,1168,192
121000072,824,486,338
121000073,854,860,-6
121000074,108,186,-78
121000075,33,230,-197
121000076,554,296,258
121000077,105,159,-54
121000078,128,184,-56
121000080,1536,503,1033
121000081,2094,2416,-322
121000082,74,230,-156
121000083,118,118,0
121000084,153,174,-21
121000085,275,344,-69
121000086,332,521,-189
121000087,81,236,-155
121000088,465,443,22
121000089,321,346,-25
121000090,351,397,-46
121000091,930,823,107
121000092,179,62,117
121000093,163,168,-5
121000094,474,543,-69
121000095,322,534,-212
121000096,2430,1752,678
121000097,582,1635,-1053
121000098,524,876,-352
121000099,716,598,118
121000100,832,374,458
121000101,406,233,173
121000102,311,234,77
121000103,171,189,-18
121000104,214,112,102
121000105,362,190,172
121000106,286,279,7
121000107,1603,2113,-510
121000109,893,871,22
121000110,219,596,-377
121000114,2405,1705,700
121000115,832,531,301
121000116,257,655,-398
121000117,544,202,342
121000118,1529,205,1324
121000119,352,374,-22
121000120,267,515,-248
121000121,486,1131,-645
121000123,1091,652,439
121000127,102,91,11
121000128,907,365,542
121000129,1126,517,609
121000130,632,615,17
121000131,1808,1530,278
121000132,1250,1961,-711
121000135,246,386,-140
121000136,938,870,68
121000137,361,309,52
121000138,745,922,-177
121000139,377,362,15
121000141,187,92,95
121000142,544,798,-254
121000143,119,32,87
121000144,626,1542,-916
121000145,586,794,-208
121000146,1253,940,313
121000147,899,456,443
121000148,790,828,-38
121000149,1944,1174,770
121000152,324,391,-67
121000153,1544,480,1064
121000154,979,428,551
121000155,1251,892,359
121000156,405,838,-433
121000157,748,1035,-287
121000158,394,412,-18
121000159,206,299,-93
121000160,261,246,15
121000161,214,250,-36
121000162,77,113,-36
121000165,1102,1750,-648
121000166,9,391,-382
121000168,380,216,164
121000169,43,128,-85
121000170,321,56,265
121000171,52,144,-92
121000172,736,521,215
121000173,977,953,24
121000174,386,375,11
121000175,868,316,552
121000176,328,187,141
121000177,687,446,241
121000178,126,50,76
121000179,165,46,119
121000181,461,327,134
121000182,120,180,-60
121000183,77,102,-25
121000184,48,112,-64
121000185,24,218,-194
121000186,244,452,-208
121000187,142,113,29
121000188,188,120,68
121000192,846,316,530
121000193,583,359,224
121000194,1668,1604,64
121000195,186,648,-462
121000196,406,173,233
121000197,142,507,-365
121000198,147,126,21
121000199,113,240,-127
121000200,533,83,450
121000201,4,177,-173
121000202,682,95,587
121000203,826,1464,-638
121000204,2575,455,2120
121000205,74,173,-99
121000206,96,40,56
121000207,1712,353,1359
121000208,3,263,-260
121000209,396,143,253
121000210,587,298,289
121000211,297,102,195
121000212,406,389,17
121000213,7406,2127,5279
121000214,595,1634,-1039
121000215,847,749,98
121000216,433,466,-33
121000217,3333,2440,893
121000218,387,1295,-908
121000219,1120,382,738
121000220,110,46,64
121000221,147,256,-109
121000222,2016,1838,178
121000223,291,315,-24
121000224,214,265,-51
121000225,862,1949,-1087
121000226,1694,1136,558
121000227,6,158,-152
121000228,14,399,-385
121000229,306,274,32
121000230,76,1092,-1016
121000231,928,40,888
121000232,287,219,68
121000233,577,291,286
121000234,20,47,-27
121000235,81,84,-3
121000236,12,82,-70
121000237,41,25,16
121000238,7,71,-64
121000239,64,3,61
121000240,13,162,-149
121000241,80,13,67
121000242,106,722,-616
121000243,548,130,418
121000244,42,108,-66
121000245,107,25,82
121000246,0,118,-118
121000247,93,10,83
121000248,630,880,-250
121000249,117,215,-98
121000250,391,203,188
121000251,15,275,-260
121000252,112,81,31
121000253,245,272,-27
121000254,711,246,465
121000255,105,200,-95
121000256,206,220,-14
121000257,29,117,-88
121000258,116,97,19
121000259,41,52,-11
121000260,57,92,-35
121000261,68,77,-9
121000262,779,384,395
121000263,428,325,103
121000271,261,996,-735
121000273,31,7,24
121000274,13,68,-55
121000275,6,42,-36
121000276,5,24,-19
121000278,33,21,12
121000279,16,34,-18
121000280,25,32,-7
121000289,241,24,217
121000290,895,718,177
121000294,188,68,120
121000297,510,955,-445
121000299,90,517,-427
121000300,552,417,135
121000302,63,762,-699
121000303,483,299,184
121000304,429,34,395
121000305,161,28,133
121000306,112,143,-31
121000308,116,264,-148
121000309,241,379,-138
121000310,91,190,-99
121000311,69,520,-451
121000312,253,186,67
121000313,221,346,-125
121000314,99,123,-24
121000315,36,107,-71
121000530,1505,1018,487
121000531,1633,1386,247
121000532,5565,6288,-723
121000533,2683,2868,-185
121000918,48,103,-55
121000919,52,66,-14
121000938,94,221,-127
121000939,125,297,-172
121000956,1333,799,534
121000957,3,9,-6
121000958,32,27,5
121000959,797,587,210
121000960,1137,1401,-264
121000961,255,66,189
121000962,429,550,-121
121000963,0,0,0
121000973,2,174,-172
121000976,12,160,-148
121000979,440,124,316
121000981,375,109,266
121000982,395,134,261
121000983,461,260,201
121000984,12,58,-46
121000985,618,347,271
121000986,259,111,148
121000987,264,602,-338
121000988,786,139,647
121001302,199,86,113
121001308,5,13,-8
121001309,34,133,-99
121001311,0,0,0
121001313,135,125,10
121001314,1522,1898,-376
121001315,4530,2611,1919
121001326,313,345,-32
121900001,84,112,-28
121900002,35,32,3
121900003,341,8,333
121900004,45,288,-243
121900005,19,5,14
121900006,100,10,90
121900007,1467,1320,147
121900008,283,241,42
121900009,422,17,405
121900010,202,3,199
121900011,147,179,-32
121900012,22,1,21
121900013,849,84,765
121900014,904,277,627
121900015,131,121,10
121900016,4,44,-40
121900017,585,316,269
121900018,302,9,293
121900019,421,188,233
121900020,37,6,31
121900021,744,21,723
121900022,305,177,128
121900023,84,235,-151
121900024,270,80,190
121900025,505,339,166
121900026,230,26,204
121900027,304,113,191
121900028,168,12,156
121900029,92,181,-89
121900030,357,369,-12
121900031,729,5122,-4393
121900032,113,52,61
121900033,191,216,-25
121900034,250,53,197
121900035,1984,1643,341
121900036,65,231,-166
121900037,122,850,-728
121900038,32,84,-52
121900039,268,29,239
121900040,66,94,-28
121900041,80,198,-118
121900042,354,121,233
121900043,2,8,-6
121900044,94,43,51
121900046,161,178,-17
121900047,151,62,89
121900048,22,56,-34
121900050,27,47,-20
121900051,115,152,-37
121900052,137,33,104
121900053,404,252,152
121900054,381,737,-356
121900055,0,15,-15
121900058,185,129,56
121900059,245,116,129
121900060,116,287,-171
121900062,138,89,49
121900063,1392,345,1047
121900064,198,400,-202
121900066,80,19,61
121900067,51,22,29
121900069,172,99,73
121900070,143,122,21
121900071,311,210,101
121900072,49,132,-83
121900073,197,183,14
121900074,596,755,-159
121900075,356,438,-82
121900076,272,523,-251
121900078,65,19,46
121900079,0,0,0
121900080,596,264,332
121900082,100,105,-5
121900084,15,87,-72
121900086,13,52,-39
121900087,118,113,5
121900088,1208,1978,-770
121900089,192,188,4
121900090,33,53,-20
121900091,72,86,-14
121900092,68,114,-46
121900093,56,51,5
121900094,9,4,5
121900095,273,125,148
121900096,783,699,84
121900097,507,168,339
121900098,3,0,3
121900099,200,33,167
121900100,163,424,-261
121900101,114,124,-10
121900102,4,94,-90
121900103,284,264,20
121900104,1268,305,963
121900105,224,155,69
121900106,5,2,3
121900107,35,18,17
121900108,1,18,-17
121900109,176,160,16
121900110,446,490,-44
121900111,520,194,326
121900112,125,129,-4
121900113,57,356,-299
121900114,31,57,-26
121900117,109,98,11
121900118,1319,426,893
121900119,177,83,94
121900120,40,782,-742
121900121,338,38,300
121900122,23,44,-21
121900123,167,285,-118
121900124,122,146,-24
121900125,898,679,219
121900127,21,49,-28
121900128,52,51,1
121900129,362,145,217
121900130,88,163,-75
121900131,199,101,98
121900132,30,89,-59
121900133,63,963,-900
121900134,27,90,-63
121900135,2399,292,2107
121900136,379,231,148
121900137,25,260,-235
121900138,40,85,-45
121900139,255,554,-299
121900140,58,119,-61
121900141,71,34,37
121900142,119,86,33
121900143,16,125,-109
121900144,107,189,-82
121900145,170,225,-55
121900146,383,541,-158
121900147,51,123,-72
121900148,138,198,-60
121900149,202,404,-202
121900150,74,149,-75
121900151,60,187,-127
121900152,72,69,3
121900153,78,547,-469
121900154,9,229,-220
121900155,0,99,-99
121900156,115,97,18
121900157,4,303,-299
121900158,60,94,-34
121900159,0,167,-167
121900160,36,213,-177
121900161,223,306,-83
121900162,56,121,-65
121900163,267,324,-57
121900164,281,146,135
121900165,149,133,16
121900166,162,113,49
121900167,74,63,11
121900168,104,172,-68
121900169,7,154,-147
121900170,1,131,-130
121900171,604,365,239
121900172,417,157,260
121900173,462,168,294
121900174,41,56,-15
121900175,156,107,49
121900176,412,987,-575
121900177,165,62,103
121900178,35,39,-4
121900179,401,150,251
121900180,1959,3523,-1564
121900182,618,233,385
121900183,478,896,-418
121900184,42,422,-380
121900186,7,258,-251
121900187,26,112,-86
121900188,326,345,-19
121900189,13,86,-73
121900190,158,344,-186
121900191,108,245,-137
121900192,285,793,-508
121900193,54,156,-102
121900194,3,158,-155
121900195,53,51,2
121900196,487,619,-132
121900197,305,920,-615
121900198,966,791,175
121900199,6,48,-42
121900200,51,166,-115
121900201,641,579,62
121900202,96,454,-358
121900203,140,699,-559
121900204,536,1116,-580
121900205,6,82,-76
121900206,19,21,-2
121900207,106,32,74
121900208,151,224,-73
121900209,63,19,44
121900210,1079,804,275
121900211,396,422,-26
121900212,135,75,60
121900213,153,44,109
121900214,6,379,-373
121900215,57,107,-50
121900216,41,156,-115
121900217,161,133,28
121900218,145,361,-216
121900220,92,9,83
121900221,209,368,-159
121900222,133,116,17
121900223,110,34,76
121900224,72,22,50
121900225,90,142,-52
121900226,255,114,141
121900227,177,441,-264
121900228,120,185,-65
121900230,83,173,-90
121900231,159,725,-566
121900232,102,264,-162
121900233,163,163,0
121900234,220,144,76
121900235,315,104,211
121900236,265,111,154
121900237,139,216,-77
121900238,127,219,-92
121900239,153,26,127
121900240,219,115,104
121900241,57,64,-7
121900242,4,0,4
121900243,4,0,4
121900244,18,2,16
121900245,175,34,141
121900246,2344,289,2055
121900248,867,1005,-138
121900250,137,252,-115
121900251,438,38,400
121900252,356,95,261
121900253,124,707,-583
121900254,343,217,126
121900255,387,58,329
121900258,2679,1341,1338
121900259,355,436,-81
121900260,56,105,-49
121900261,160,435,-275
121900262,302,745,-443
121900263,203,183,20
121900264,1125,750,375
121900265,217,152,65
121900266,446,103,343
121900267,64,44,20
121900269,184,539,-355
121900270,19,147,-128
121900271,23,72,-49
121900273,335,1335,-1000
121900274,245,149,96
121900277,404,919,-515
121900278,91,708,-617
121900279,113,159,-46
121900280,70,277,-207
121900281,182,335,-153
121900284,66,4,62
121900286,126,87,39
121900287,12,27,-15
121900288,4,1,3
121900290,192,340,-148
121900291,283,487,-204
121900292,126,99,27
121900293,839,2071,-1232
121900294,249,2,247
121900295,101,133,-32
121900296,36,134,-98
121900298,192,691,-499
121900299,0,19,-19
121900300,64,5,59
121900301,77,1,76
121900302,3,53,-50
121900303,247,225,22
121900304,1,16,-15
121900305,2,24,-22
121900306,196,0,196
121900307,93,17,76
121900308,32,248,-216
121900309,4,159,-155
121900310,21,315,-294
121900311,417,15,402
121900312,260,36,224
121900313,350,15,335
121900314,1,43,-42
121900315,14,0,14
121900316,1,13,-12
121900317,26,1,25
121900318,1,23,-22
121900319,29,60,-31
121900320,47,52,-5
121900321,10,3,7
121900322,2,11,-9
121900323,11,12,-1
121900324,2,43,-41
121900325,10,2,8
121900326,3,17,-14
121900327,5,63,-58
121900328,0,21,-21
121900329,3,116,-113
121900330,0,87,-87
121900331,16,22,-6
121900332,69,14,55
121900333,16,0,16
121900334,91,62,29
122000001,1391,4473,-3082
122000002,3089,1280,1809
122000003,1269,2479,-1210
122000004,2225,1291,934
122000005,1921,1557,364
122000006,1148,883,265
122000007,715,1465,-750
122000008,1860,3287,-1427
122000009,305,395,-90
122000010,1759,2198,-439
122000011,2310,1272,1038
122000012,882,1399,-517
122000013,750,877,-127
122000014,1481,912,569
122000015,1098,895,203
122000016,492,741,-249
122000017,877,862,15
122000018,1126,1056,70
122000019,660,789,-129
122000020,176,222,-46
122000021,208,334,-126
122000022,975,716,259
122000023,564,1130,-566
122000024,467,1085,-618
122000025,574,1536,-962
122000026,535,1233,-698
122000027,546,1293,-747
122000028,695,319,376
122000029,342,371,-29
122000030,171,120,51
122000031,168,309,-141
122000032,1583,1342,241
122000033,417,1191,-774
122000034,442,473,-31
122000035,204,602,-398
122000036,502,468,34
122000037,297,168,129
122000038,220,274,-54
122000039,505,381,124
122000040,166,204,-38
122000041,445,506,-61
122000042,300,405,-105
122000043,100,98,2
122000044,125,143,-18
122000045,977,472,505
122000046,662,556,106
122000047,174,155,19
122000048,2993,3336,-343
122000049,4160,2819,1341
122000050,924,707,217
122000051,201,378,-177
122000052,345,460,-115
122000053,192,862,-670
122000054,1780,1465,315
122000055,1675,2912,-1237
122000056,3407,2874,533
122000057,2429,3223,-794
122000058,1564,1518,46
122000059,1613,2091,-478
122000060,406,649,-243
122000061,307,485,-178
122000062,630,242,388
122000063,708,665,43
122000064,2656,2960,-304
122000065,2479,1969,510
122000066,283,410,-127
122000067,1179,956,223
122000068,1191,766,425
122000069,780,662,118
122000070,760,937,-177
122000071,1401,767,634
122000072,348,397,-49
122000073,283,664,-381
122000074,2130,1199,931
122000075,679,937,-258
122000076,2655,1084,1571
122000077,793,1062,-269
122000078,1256,2936,-1680
122000079,665,1184,-519
122000080,568,345,223
122000081,163,200,-37
122000082,384,861,-477
122000083,1452,1201,251
122000084,1322,620,702
122000085,214,586,-372
122000086,1739,3901,-2162
122000087,263,180,83
122000088,248,336,-88
122000089,3461,1752,1709
122000090,119,444,-325
122000091,129,89,40
122000092,59,13,46
122000093,1252,1652,-400
122000094,3538,2128,1410
122000095,1265,2635,-1370
122000096,1108,1238,-130
122000098,2060,2168,-108
122000099,1141,641,500
122000100,680,425,255
122000101,287,429,-142
122000102,1513,843,670
122000103,1447,1114,333
122000104,478,138,340
122000105,528,235,293
122000106,332,574,-242
122000107,994,333,661
122000108,355,629,-274
122000109,400,243,157
122000110,369,434,-65
122000111,2401,1047,1354
122000112,939,1185,-246
122000113,679,563,116
122000114,1847,1281,566
122000115,1688,998,690
122000116,428,476,-48
122000117,1310,393,917
122000118,537,653,-116
122000119,2398,2010,388
122000120,1618,3426,-1808
122000121,1521,2682,-1161
122000122,602,1278,-676
122000123,1479,1299,180
122000124,792,457,335
122000125,500,603,-103
122000126,444,788,-344
122000127,839,937,-98
122000128,411,494,-83
122000129,600,1284,-684
122000130,2322,1092,1230
122000131,1183,892,291
122000132,405,397,8
122000133,753,972,-219
122000134,817,701,116
122000135,619,572,47
122000136,579,493,86
122000137,1508,742,766
122000139,865,2762,-1897
122000140,522,532,-10
122000141,2768,810,1958
122000142,188,679,-491
122000143,393,405,-12
122000144,1106,783,323
122000145,873,569,304
122000146,806,810,-4
122000147,513,403,110
122000148,1176,1547,-371
122000149,1778,1343,435
122000150,1008,948,60
122000151,129,340,-211
122000152,278,306,-28
122000153,296,268,28
122000154,229,213,16
122000155,1295,2416,-1121
122000156,1913,2302,-389
122000157,942,1717,-775
122000158,318,535,-217
122000159,548,1177,-629
122000160,3176,1873,1303
122000161,1191,873,318
122000162,1417,1637,-220
122000163,194,96,98
122000164,39,121,-82
122000165,615,538,77
122000166,807,844,-37
122000167,265,226,39
122000168,187,513,-326
122000169,276,183,93
122000170,319,190,129
122000171,53,78,-25
122000172,1468,1055,413
122000173,1151,1875,-724
122000174,1642,710,932
122000175,753,218,535
122000176,294,639,-345
122000177,1216,1137,79
122000178,2077,1799,278
122000179,1098,1861,-763
122000180,1274,1190,84
122000181,1096,2451,-1355
122000182,1312,1111,201
122000183,1616,756,860
122000184,2047,1967,80
122000185,1033,1539,-506
122000186,338,668,-330
122000187,1452,888,564
122000188,348,199,149
122000189,213,246,-33
122000190,678,1027,-349
122000191,564,463,101
122000192,888,340,548
122000193,349,569,-220
122000194,413,175,238
122000195,134,442,-308
122000196,851,608,243
122000197,413,554,-141
122000198,419,614,-195
122000199,247,252,-5
122000200,735,432,303
122000201,915,1276,-361
122000202,958,1239,-281
122000203,2763,1596,1167
122000204,1134,1583,-449
122000205,974,1076,-102
122000206,2223,884,1339
122000207,1573,1171,402
122000208,1651,1068,583
122000209,1480,282,1198
122000210,1712,1340,372
122000211,948,952,-4
122000212,757,489,268
122000213,911,1202,-291
122000214,1775,1537,238
122000215,1719,1506,213
122000217,1885,1149,736
122000218,584,68,516
122000219,839,724,115
122000220,282,597,-315
122000221,77,317,-240
122000222,475,117,358
122000223,1056,492,564
122000225,733,284,449
122000226,1341,1372,-31
122000227,202,1901,-1699
122000228,340,311,29
122000229,65,438,-373
122000230,119,372,-253
122000231,364,654,-290
122000232,481,592,-111
122000233,2,79,-77
122000234,362,70,292
122000235,593,97,496
122000236,1218,74,1144
122000237,96,69,27
122000238,286,288,-2
122000239,562,377,185
122000240,994,500,494
122000241,1704,479,1225
122000242,537,118,419
122000243,284,64,220
122000244,100,349,-249
122000245,106,217,-111
122000246,431,168,263
122000247,442,699,-257
122000248,833,1117,-284
122000249,1039,980,59
122000250,1670,915,755
122000251,175,399,-224
122000252,398,94,304
122000253,107,166,-59
122000254,233,68,165
122000255,519,1031,-512
122000256,283,579,-296
122000257,124,171,-47
122000258,234,200,34
122000259,32,327,-295
122000260,159,395,-236
122000261,9,193,-184
122000262,1,31,-30
122000263,281,147,134
122000264,1107,262,845
122000265,1852,664,1188
122000266,3098,550,2548
122000267,243,143,100
122000268,117,276,-159
122000269,762,257,505
122000270,461,129,332
122000271,254,718,-464
122000272,329,686,-357
122000273,399,334,65
122000274,200,169,31
122000275,176,140,36
122000276,682,413,269
122000277,1138,1406,-268
122000278,1775,552,1223
122000279,217,334,-117
122000280,772,434,338
122000281,750,589,161
122000282,240,327,-87
122000283,283,102,181
122000284,200,77,123
122000285,347,65,282
122000286,64,105,-41
122000287,1030,1064,-34
122000288,467,211,256
122000291,1806,631,1175
122000293,179,196,-17
122000294,139,230,-91
122000295,1089,204,885
122000296,46,521,-475
122000297,1758,3038,-1280
122000299,458,273,185
122000300,533,566,-33
122000301,6334,2955,3379
122000302,566,1447,-881
122000303,2417,1027,1390
122000304,53,181,-128
122000305,1093,515,578
122000306,52,447,-395
122000307,78,120,-42
122000309,62,53,9
122000310,24,83,-59
122000311,200,125,75
122000312,92,208,-116
122000313,139,76,63
122000314,106,213,-107
122000315,256,32,224
122000316,752,175,577
122000317,1344,223,1121
122000318,219,418,-199
122000319,217,283,-66
122000320,340,796,-456
122000321,117,135,-18
122000322,1519,1842,-323
122000323,909,1776,-867
122000324,876,1046,-170
122000325,742,1677,-935
122000326,90,81,9
122000327,355,621,-266
122000328,553,417,136
122000330,1354,667,687
122000333,12,96,-84
122000337,1166,992,174
122000338,464,226,238
122000340,229,490,-261
122000342,1082,776,306
122000343,412,737,-325
122000344,57,17,40
122000345,27,28,-1
122000346,314,300,14
122000348,629,483,146
122000349,98,470,-372
122000351,156,179,-23
122000352,258,153,105
122000353,89,60,29
122000355,134,272,-138
122000356,811,865,-54
122000357,57,16,41
122000358,0,37,-37
122000359,0,15,-15
122000360,0,21,-21
122000362,7,58,-51
122000364,149,238,-89
122000365,4,24,-20
122000366,8,6,2
122000368,371,507,-136
122000370,9,47,-38
122000371,26,0,26
122000372,6,3,3
122000381,101,233,-132
122000382,76,235,-159
122000384,1532,913,619
122000385,52,0,52
122000386,194,995,-801
122000387,347,514,-167
122000388,1009,498,511
122000389,165,543,-378
122000390,244,185,59
122000391,235,225,10
122000392,158,130,28
122000393,161,192,-31
122000394,444,181,263
122000395,100,94,6
122000396,263,90,173
122000397,33,35,-2
122000398,22,48,-26
122000399,136,61,75
122000400,73,437,-364
122000401,109,55,54
122000402,278,113,165
122000403,377,517,-140
122000404,171,144,27
122000408,744,936,-192
122000503,12,125,-113
122000524,150,132,18
122000544,104,1782,-1678
122000614,403,321,82
122000616,238,2,236
122000640,74,99,-25
122000641,138,159,-21
122000642,884,574,310
122000643,56,185,-129
122000644,107,40,67
122000645,81,173,-92
122000651,748,854,-106
122000664,124,31,93
122000665,1032,477,555
122000666,506,930,-424
122000673,45,165,-120
122000674,197,80,117
122000675,1554,648,906
122000686,808,760,48
122000687,1693,228,1465
122000688,205,527,-322
122000689,762,258,504
122000690,2173,279,1894
122000691,732,1093,-361
122000692,1271,198,1073
122000693,384,1208,-824
122000695,309,267,42
122000696,436,131,305
122000698,399,434,-35
122000699,123,46,77
122000701,1449,222,1227
122000702,427,757,-330
122000703,175,56,119
122000712,0,0,0
122000717,120,61,59
122000718,1032,1792,-760
122000719,130,68,62
122000720,494,105,389
122000724,225,202,23
122900001,42,9,33
122900002,836,4501,-3665
122900003,340,28,312
122900004,910,51,859
122900005,92,46,46
122900006,381,378,3
122900007,225,70,155
122900008,301,163,138
122900009,447,311,136
122900010,142,128,14
122900012,179,297,-118
122900014,157,149,8
122900015,965,794,171
122900016,97,136,-39
122900017,268,543,-275
122900018,152,30,122
122900020,176,350,-174
122900021,59,317,-258
122900022,816,603,213
122900023,282,104,178
122900024,114,81,33
122900025,6,180,-174
122900026,24,200,-176
122900027,34,516,-482
122900028,99,125,-26
122900029,3118,2004,1114
122900030,785,387,398
122900031,46,251,-205
122900032,84,226,-142
122900033,246,134,112
122900034,3935,3945,-10
122900035,11,22,-11
122900036,33,45,-12
122900037,279,106,173
122900038,86,2211,-2125
122900039,60,386,-326
122900040,189,364,-175
122900041,224,265,-41
122900042,115,233,-118
122900043,241,242,-1
122900044,81,242,-161
122900045,101,80,21
122900046,129,225,-96
122900047,88,171,-83
122900048,29,171,-142
122900049,1178,135,1043
122900051,52,113,-61
122900052,105,157,-52
122900053,31,34,-3
122900055,211,71,140
122900057,178,49,129
122900061,391,153,238
122900062,423,463,-40
122900063,143,142,1
122900064,633,298,335
122900065,460,203,257
122900066,663,248,415
122900067,685,512,173
122900069,237,981,-744
122900070,346,42,304
122900071,145,255,-110
122900073,36,152,-116
122900074,652,317,335
122900075,0,33,-33
122900076,5,158,-153
122900077,18,97,-79
122900078,139,37,102
122900080,38,51,-13
122900081,147,133,14
122900082,720,238,482
122900083,100,134,-34
122900084,13,156,-143
122900086,15,69,-54
122900087,304,346,-42
122900088,28,163,-135
122900089,171,256,-85
122900090,9,272,-263
122900091,218,3,215
122900092,128,147,-19
122900093,0,134,-134
122900094,1,101,-100
122900095,148,9,139
122900096,136,55,81
122900097,37,32,5
122900098,64,65,-1
122900099,77,18,59
122900100,102,189,-87
122900101,279,207,72
122900102,37,18,19
122900103,149,5,144
122900104,218,4,214
122900105,16,7,9
122900106,2,42,-40
122900107,0,109,-109
122900108,3,93,-90
122900109,175,97,78
123000001,1031,435,596
123000002,2646,4683,-2037
123000003,3174,3266,-92
123000004,2331,3202,-871
123000005,2319,2605,-286
123000006,1779,1839,-60
123000007,4019,2952,1067
123000008,2300,2860,-560
123000009,3935,2454,1481
123000010,2749,2818,-69
123000011,1648,777,871
123000012,548,1751,-1203
123000013,3107,874,2233
123000014,920,2616,-1696
123000015,2277,1119,1158
123000016,3004,3538,-534
123000017,2996,1608,1388
123000018,49,74,-25
123000019,322,103,219
123000020,213,42,171
123000021,152,130,22
123000022,288,1378,-1090
123000023,1728,1552,176
123000024,1418,626,792
123000025,273,94,179
123000026,27,52,-25
123000027,85,504,-419
123000028,960,771,189
123000029,555,1117,-562
123000030,276,170,106
123000031,252,179,73
123000032,334,118,216
123000033,301,80,221
123000034,906,630,276
123000035,311,348,-37
123000036,229,862,-633
123000037,260,210,50
123000038,74,185,-111
123000039,429,1361,-932
123000040,609,228,381
123000041,848,1124,-276
123000042,625,605,20
123000043,1287,5974,-4687
123000044,3310,2193,1117
123000045,3369,1950,1419
123000046,425,1332,-907
123000047,633,524,109
123000048,46,767,-721
123000049,3076,6730,-3654
123000050,1223,1229,-6
123000051,93,165,-72
123000052,677,2604,-1927
123000053,2164,2226,-62
123000054,1521,1240,281
123000055,1097,2249,-1152
123000056,1148,1354,-206
123000057,4228,3154,1074
123000058,324,260,64
123000059,125,146,-21
123000060,639,304,335
123000061,254,355,-101
123000063,782,641,141
123000064,1229,841,388
123000065,2821,1453,1368
123000066,368,416,-48
123000067,831,509,322
123000068,2044,1878,166
123000069,4692,2097,2595
123000070,120,106,14
123000071,1222,921,301
123000072,921,654,267
123000073,1146,580,566
123000074,844,584,260
123000075,501,863,-362
123000076,666,483,183
123000077,2182,2075,107
123000078,1333,1194,139
123000079,1585,1426,159
123000080,2015,1175,840
123000081,237,412,-175
123000082,485,1039,-554
123000083,618,352,266
123000084,1383,750,633
123000085,1226,1453,-227
123000086,800,539,261
123000087,552,335,217
123000088,1640,648,992
123000089,503,832,-329
123000090,1110,659,451
123000091,1259,1039,220
123000092,927,862,65
123000094,597,442,155
123000095,469,459,10
123000096,689,284,405
123000097,496,493,3
123000098,668,390,278
123000099,549,450,99
123000100,354,579,-225
123000101,390,503,-113
123000102,441,650,-209
123000104,392,393,-1
123000105,385,348,37
123000106,456,447,9
123000107,291,411,-120
123000108,443,948,-505
123000111,1035,1359,-324
123000112,768,634,134
123000113,634,911,-277
123000114,304,586,-282
123000115,243,242,1
123000116,74,117,-43
123000117,1436,964,472
123000118,408,480,-72
123000119,251,476,-225
123000120,628,823,-195
123000121,433,399,34
123000122,243,252,-9
123000123,435,509,-74
123000124,400,336,64
123000125,800,827,-27
123000126,842,2326,-1484
123000127,631,535,96
123000128,262,270,-8
123000129,783,176,607
123000130,674,55,619
123000131,721,530,191
123000132,236,483,-247
123000133,201,324,-123
123000134,298,136,162
123000135,1739,3119,-1380
123000136,154,434,-280
123000137,97,182,-85
123000138,84,246,-162
123000139,441,105,336
123000140,127,429,-302
123000141,578,132,446
123000142,936,845,91
123000143,960,1448,-488
123000144,17,41,-24
123000145,120,117,3
123000146,17,93,-76
123000147,73,75,-2
123000149,346,441,-95
123000150,171,201,-30
123000151,227,519,-292
123000152,52,249,-197
123000153,146,649,-503
123000154,1281,1636,-355
123000155,1534,1051,483
123000156,29,129,-100
123000157,580,736,-156
123000158,499,677,-178
123000159,2276,2611,-335
123000160,1193,975,218
123000161,1202,902,300
123000162,633,833,-200
123000163,698,191,507
123000164,1076,320,756
123000165,271,858,-587
123000166,26,111,-85
123000167,123,178,-55
123000168,234,168,66
123000169,668,95,573
123000170,138,101,37
123000171,557,16,541
123000172,156,333,-177
123000173,437,208,229
123000174,895,304,591
123000175,445,725,-280
123000176,791,259,532
123000177,254,663,-409
123000178,813,532,281
123000179,25,205,-180
123000180,1424,285,1139
123000181,248,819,-571
123000182,172,194,-22
123000183,175,467,-292
123000184,124,313,-189
123000185,690,263,427
123000186,6,314,-308
123000187,533,8,525
123000188,303,1,302
123000189,34,135,-101
123000190,5,70,-65
123000192,34,440,-406
123000193,68,683,-615
123000194,430,280,150
123000195,605,75,530
123000196,139,30,109
123000197,91,16,75
123000198,10,502,-492
123000199,2,393,-391
123000200,532,11,521
123000201,411,12,399
123000202,3,402,-399
123000203,862,54,808
123000204,43,408,-365
123000205,453,1169,-716
123000206,2650,399,2251
123000207,62,853,-791
123000208,619,594,25
123000209,2392,864,1528
123000210,324,1255,-931
123000211,361,1278,-917
123000212,3436,618,2818
123000213,838,107,731
123000215,98,251,-153
123000216,128,1138,-1010
123000217,206,41,165
123000218,33,551,-518
123000219,690,60,630
123000220,478,67,411
123000221,228,71,157
123000222,290,218,72
123000223,272,163,109
123000224,395,318,77
123000225,268,86,182
123000226,48,359,-311
123000227,78,224,-146
123000228,249,37,212
123000229,771,994,-223
123000232,110,369,-259
123000233,684,108,576
123000234,137,460,-323
123000235,1069,269,800
123000236,189,463,-274
123000237,267,62,205
123000238,77,284,-207
123000239,395,709,-314
123000240,40,417,-377
123000241,236,77,159
123000242,134,155,-21
123000243,736,763,-27
123000244,827,584,243
123000245,24,153,-129
123000249,734,454,280
123000252,818,228,590
123000253,1198,495,703
123000254,598,634,-36
123000255,923,769,154
123000256,119,384,-265
123000257,1528,1315,213
123000258,860,781,79
123000259,397,415,-18
123000260,511,254,257
123000261,203,67,136
123000262,98,140,-42
123000263,438,70,368
123000264,183,65,118
123000265,76,150,-74
123000266,497,501,-4
123000267,534,309,225
123000268,60,77,-17
123000269,50,41,9
123000270,19,33,-14
123000271,33,59,-26
123000272,708,308,400
123000273,306,539,-233
123000274,1087,464,623
123000275,212,567,-355
123000278,1876,2157,-281
123000279,141,85,56
123000280,337,234,103
123000281,304,69,235
123000282,102,216,-114
123000283,120,48,72
123000284,67,71,-4
123000286,162,351,-189
123000287,386,260,126
123000288,1100,808,292
123000289,346,1024,-678
123000291,194,738,-544
123000294,243,228,15
123000295,867,798,69
123000296,585,427,158
123000297,736,432,304
123000298,711,291,420
123000299,185,258,-73
123000300,1624,937,687
123000301,157,206,-49
123000302,79,103,-24
123000303,130,173,-43
123000305,616,871,-255
123000306,121,89,32
123000309,55,44,11
123000310,38,29,9
123000311,495,113,382
123000312,485,463,22
123000313,466,342,124
123000315,119,173,-54
123000316,738,391,347
123000317,163,46,117
123000318,58,146,-88
123000329,11,30,-19
123000337,1062,682,380
123000338,261,77,184
123000339,246,65,181
123000340,138,316,-178
123000342,29,80,-51
123000343,49,15,34
123000344,823,289,534
123000345,318,474,-156
123000346,412,58,354
123000352,1080,705,375
123000353,39,80,-41
123000354,345,11,334
123000355,0,234,-234
123000356,473,6,467
123000357,5,77,-72
123000359,2,93,-91
123000360,197,59,138
123000361,155,233,-78
123000362,315,79,236
123000363,86,158,-72
123000364,488,571,-83
123000365,24,289,-265
123000366,292,1468,-1176
123000367,356,925,-569
123000370,22,628,-606
123000371,788,66,722
123000372,309,37,272
123000373,13,206,-193
123000374,26,97,-71
123000375,379,31,348
123000376,840,582,258
123000377,263,8,255
123000378,10,216,-206
123000379,1,134,-133
123000380,23,330,-307
123000381,134,55,79
123000382,585,104,481
123000383,75,972,-897
123000384,384,90,294
123000385,88,403,-315
123000436,43,872,-829
123000507,160,207,-47
123000508,221,1017,-796
123000517,207,30,177
123000518,15,185,-170
123000519,104,70,34
123000520,36,175,-139
123000521,289,77,212
123000522,121,239,-118
123000541,10,0,10
123000542,0,13,-13
123000565,848,46,802
123000566,285,387,-102
123000567,66,164,-98
123000573,30,492,-462
123000574,638,45,593
123000575,1452,672,780
123000576,771,986,-215
123000577,50,511,-461
123000578,310,65,245
123000579,1487,5167,-3680
123000580,109,51,58
123000582,331,26,305
123000583,27,242,-215
123000584,179,274,-95
123000585,2,97,-95
123000586,119,20,99
123000596,67,81,-14
123000597,77,112,-35
123000602,59,17,42
123000603,795,484,311
123000604,484,428,56
123000605,717,22,695
123000606,2,334,-332
123000609,17,278,-261
123000610,133,69,64
123000613,37,164,-127
123000614,252,34,218
123000615,60,150,-90
123000616,711,33,678
123000617,75,252,-177
123000618,46,420,-374
123000619,393,37,356
123000620,24,364,-340
123000622,379,16,363
123000624,156,89,67
123000630,1328,410,918
123000631,206,750,-544
123000632,1160,874,286
123000633,1,258,-257
123000634,30,145,-115
123000635,73,83,-10
123000636,39,356,-317
123000637,242,30,212
123000638,480,21,459
123000639,667,4106,-3439
123000640,43,327,-284
123000648,1235,818,417
123000649,182,719,-537
123000650,120,54,66
123000651,29,106,-77
123000652,103,2,101
123000653,0,0,0
123900001,885,47,838
123900002,26,1025,-999
123900003,165,322,-157
123900005,193,131,62
123900006,249,33,216
124000001,1732,147,1585
124000002,58,969,-911
124000003,816,121,695
124000004,82,331,-249
124000005,944,328,616
124000006,176,589,-413
124000007,400,113,287
124000008,12,322,-310
124000009,617,171,446
124000010,178,340,-162
124000011,786,212,574
124000012,205,294,-89
124000017,186,118,68
124000018,93,73,20
124000019,139,90,49
124000020,30,108,-78
124000021,104,89,15
124000022,82,136,-54
124000023,607,157,450
124000024,806,307,499
124000025,617,434,183
124000026,651,231,420
124000027,1174,683,491
124000028,1586,538,1048
124000031,1326,2859,-1533
124000032,1291,733,558
124000033,1094,595,499
124000034,392,874,-482
124000035,335,184,151
124000036,133,450,-317
124000037,314,875,-561
124000038,45,104,-59
124000039,685,410,275
124000040,399,795,-396
124000041,346,70,276
124000042,75,332,-257
124000043,110,95,15
124000044,90,142,-52
124000045,864,443,421
124000046,219,535,-316
124000047,1566,590,976
124000048,760,868,-108
124000049,1686,479,1207
124000050,817,1047,-230
124000051,1013,451,562
124000052,461,537,-76
124000053,538,1378,-840
124000054,739,360,379
124000055,1323,2447,-1124
124000056,1482,941,541
124000057,1040,489,551
124000058,453,858,-405
124000059,663,1165,-502
124000060,797,457,340
124000061,1325,5406,-4081
124000062,3762,1249,2513
124000063,899,1206,-307
124000064,1376,962,414
124000065,112,492,-380
124000066,260,102,158
124000067,184,112,72
124000068,107,118,-11
124000069,596,182,414
124000070,183,394,-211
124000071,379,193,186
124000072,211,612,-401
124000073,831,127,704
124000074,265,547,-282
124000075,304,41,263
124000076,37,116,-79
124000077,1167,514,653
124000078,1918,1025,893
124000079,307,839,-532
124000080,643,221,422
124000081,166,442,-276
124000082,114,209,-95
124000083,93,113,-20
124000084,99,528,-429
124000085,98,42,56
124000086,34,90,-56
124000087,123,101,22
124000088,126,318,-192
124000089,811,259,552
124000090,174,295,-121
124000091,562,87,475
124000092,128,488,-360
124000093,98,101,-3
124000094,135,402,-267
124000095,112,109,3
124000096,178,149,29
124000097,116,154,-38
124000098,57,86,-29
124000099,187,85,102
124000100,37,127,-90
124000101,67,143,-76
124000102,76,40,36
124000103,137,82,55
124000104,89,40,49
124000105,105,74,31
124000106,97,49,48
124000107,26,177,-151
124000108,45,20,25
124000109,122,92,30
124000110,166,57,109
124000111,163,138,25
124000112,672,428,244
124000113,82,74,8
124000114,288,315,-27
124000115,334,449,-115
124000116,102,123,-21
124000117,69,59,10
124000118,35,89,-54
124000119,698,389,309
124000120,472,436,36
124000121,1700,838,862
124000122,450,1015,-565
124000123,912,358,554
124000124,360,712,-352
124000125,367,320,47
124000126,289,428,-139
124000127,738,258,480
124000128,546,597,-51
124000129,1932,1172,760
124000130,656,435,221
124000131,684,490,194
124000132,688,538,150
124000133,866,633,233
124000134,684,463,221
124000135,1393,1347,46
124000136,650,690,-40
124000137,806,560,246
124000138,864,947,-83
124000139,578,62,516
124000140,42,397,-355
124000141,745,23,722
124000142,72,336,-264
124000143,150,11,139
124000144,8,151,-143
124000145,180,36,144
124000146,49,61,-12
124000148,36,106,-70
124000149,1079,338,741
124000150,314,682,-368
124000151,883,339,544
124000152,693,1040,-347
124000153,723,592,131
124000154,448,545,-97
124000155,1076,757,319
124000156,1210,793,417
124000169,179,389,-210
124000170,404,338,66
124000171,231,209,22
124000172,213,338,-125
124000173,492,205,287
124000174,361,430,-69
124000175,17,60,-43
124000176,49,13,36
124000177,3,30,-27
124000178,44,35,9
124000185,50,10,40
124000186,6,32,-26
124000187,8,62,-54
124000188,88,14,74
124000190,119,63,56
124000191,125,169,-44
124000192,1166,326,840
124000193,164,695,-531
124000194,356,280,76
124000195,385,452,-67
124000196,721,635,86
124000197,35,40,-5
124000198,43,50,-7
124000201,194,608,-414
124000202,525,162,363
124000203,359,303,56
124000204,807,243,564
124000205,75,265,-190
124000206,750,249,501
124000207,0,30,-30
124000209,147,258,-111
124000210,526,124,402
124000211,652,4,648
124000212,1,207,-206
124000213,448,178,270
124000214,399,362,37
124000215,376,17,359
124000216,1,302,-301
124000329,93,842,-749
124000338,57,394,-337
124000339,984,72,912
124000341,1486,52,1434
124000344,20,23,-3
124000357,1634,3158,-1524
124000358,1435,2376,-941
124000359,1194,580,614
124000360,974,406,568
124000361,1500,869,631
124000362,910,1053,-143
124000363,280,301,-21
124000364,464,592,-128
124000365,548,820,-272
124000366,1363,1148,215
124000367,88,326,-238
124000368,422,322,100
124000369,150,82,68
124000370,61,335,-274
124000402,36,12,24
124000403,122,13,109
124000404,9,54,-45
124000405,843,586,257
124000406,524,566,-42
124000407,4,40,-36
124000411,5,205,-200
124000412,365,13,352
124000413,123,36,87
124000414,118,75,43
124000415,43,65,-22
124000416,125,134,-9
124000417,167,94,73
124000418,168,58,110
124000419,66,40,26
124000420,107,37,70
124000421,55,86,-31
124000422,20,11,9
124000423,101,21,80
124000424,11,104,-93
124000425,126,8,118
124000426,7,131,-124
124000427,158,4,154
124000428,9,51,-42
124000429,83,31,52
124000430,725,346,379
124000431,314,337,-23
124000432,216,658,-442
124000439,6,4,2
124000443,0,6,-6
124000445,340,1452,-1112
124000446,909,174,735
124000447,21,125,-104
124000448,103,8,95
124000449,209,13,196
124000450,32,104,-72
124000451,1,69,-68
124000452,232,73,159
124000453,2470,3115,-645
124000454,1743,4084,-2341
124900001,608,370,238
124900002,123,155,-32
124900003,1023,576,447
124900004,691,293,398
124900005,191,113,78
124900006,760,261,499
124900008,942,417,525
124900009,136,310,-174
124900010,163,120,43
124900011,578,259,319
124900012,405,124,281
124900013,457,114,343
124900014,201,66,135
124900015,97,288,-191
124900016,77,59,18
124900017,465,1680,-1215
124900018,86,19,67
124900020,85,46,39
124900021,306,29,277
124900022,42,12,30
124900024,257,2,255
124900026,98,10,88
124900027,148,359,-211
124900028,323,63,260
124900029,33,378,-345
124900030,3,61,-58
124900031,23,183,-160
124900032,172,203,-31
124900033,111,200,-89
124900034,5,87,-82
124900035,172,279,-107
124900036,1,54,-53
124900037,178,156,22
124900038,186,210,-24
124900039,1,98,-97
124900040,111,88,23
124900041,284,682,-398
124900042,160,1,159
124900043,474,631,-157
124900044,92,1,91
124900045,416,910,-494
124900047,170,134,36
124900048,228,57,171
124900050,138,168,-30
124900052,116,325,-209
124900053,91,253,-162
124900054,1063,335,728
124900055,1,105,-104
124900057,15,117,-102
124900060,41,135,-94
124900061,97,7,90
124900062,195,20,175
124900066,1,23,-22
124900067,8,98,-90
124900068,182,414,-232
124900070,89,171,-82
124900072,107,48,59
124900075,246,188,58
124900076,27,1170,-1143
124900077,28,97,-69
124900078,71,27,44
124900079,334,181,153
124900080,346,417,-71
124900081,958,262,696
124900082,332,535,-203
124900083,264,296,-32
124900085,753,392,361
124900086,58,1113,-1055
124900087,538,67,471
124900088,389,69,320
124900089,906,20,886
124900090,276,171,105
124900091,264,184,80
124900092,158,126,32
124900093,274,121,153
124900094,445,151,294
124900095,71,361,-290
124900096,295,168,127
124900097,309,62,247
124900098,103,188,-85
124900099,340,386,-46
124900100,285,40,245
124900101,87,192,-105
124900102,217,14,203
124900103,159,128,31
124900104,52,119,-67
124900105,113,66,47
124900106,298,23,275
124900107,116,14,102
124900108,150,86,64
124900111,1,199,-198
124900112,79,302,-223
124900113,76,242,-166
124900114,119,125,-6
124900115,94,58,36
124900116,201,186,15
124900117,235,171,64
124900118,148,451,-303
124900119,300,146,154
124900120,43,291,-248
124900121,78,273,-195
124900122,247,172,75
124900123,210,65,145
124900124,153,235,-82
124900125,149,1,148
124900126,0,131,-131
204000001,152,5,147
204000002,14,4,10
204000003,16,4,12
204000004,5,3,2
204000005,581,475,106
204000006,1253,1320,-67
204000011,20,34,-14
204000012,58,99,-41
204000019,761,436,325
204000020,656,829,-173
204000021,2283,858,1425
204000022,614,461,153
204000023,470,560,-90
204000031,85,32,53
204000032,328,26,302
204000034,40,107,-67
204000035,0,2,-2
204000036,5,19,-14
204000037,3,20,-17
204000038,0,11,-11
204000039,7,17,-10
204000040,2,22,-20
204000041,15,31,-16
204000042,56,9,47
204000043,41,5,36
204000044,30,5,25
204000045,48,3,45
204000046,11,6,5
204000057,2,8,-6
204000062,39,55,-16
204000068,19,235,-216
204000069,55,351,-296
204000070,101,95,6
204000080,85,53,32
204000085,1980,1075,905
204000086,2046,1292,754
204000087,52,9,43
204000088,2,92,-90
204000090,142,206,-64
204000093,411,87,324
204000096,943,898,45
204000097,442,20,422
204000099,1074,1395,-321
204000100,1413,1574,-161
204000105,1993,939,1054
204000110,569,1417,-848
204000111,402,719,-317
204000112,1215,1240,-25
204000113,310,810,-500
204000114,731,724,7
204000115,720,301,419
204000116,2309,1080,1229
204000119,1879,2430,-551
204000132,778,405,373
204000133,995,216,779
204000134,244,90,154
204000135,833,86,747
204000136,800,238,562
204000138,417,746,-329
204000140,211,152,59
204000141,189,82,107
204000144,12,25,-13
204000145,460,21,439
204000146,17,212,-195
204000147,18,132,-114
204000148,265,23,242
204000154,4,1,3
204000155,4,5,-1
204000177,79,57,22
204000179,73,8,65
204000180,0,43,-43
204000222,0,5,-5
204000235,33,11,22
204000236,37,185,-148
204000238,5,29,-24
204000240,428,44,384
204000263,605,748,-143
204000268,899,683,216
204000308,82,14,68
204000317,17,70,-53
204000322,15,21,-6
204000323,14,5,9
204000328,233,66,167
204000329,94,128,-34
204000330,149,29,120
204000331,133,89,44
205000001,866,1354,-488
205000013,4,63,-59
205000014,23,77,-54
205000015,40,141,-101
205000016,13,149,-136
205000017,19,74,-55
205000022,358,786,-428
205000025,1290,1030,260
205000029,260,3,257
205000045,131,629,-498
205000046,142,849,-707
205000047,36,500,-464
205000048,369,850,-481
205000049,181,711,-530
205000050,852,261,591
205000059,0,211,-211
205000060,0,108,-108
205000061,1,154,-153
205000062,3,126,-123
205000063,24,139,-115
205000064,23,51,-28
205000065,71,456,-385
205000066,119,548,-429
205000067,43,744,-701
205000069,271,26,245
205000082,149,136,13
205000110,70,235,-165
205000111,219,206,13
205000112,178,184,-6
205000113,176,307,-131
205000121,166,46,120
205000123,37,173,-136
205000126,419,66,353
205000127,944,136,808
205000128,471,41,430
205000129,795,59,736
205000130,108,21,87
205000131,62,3,59
205000132,121,7,114
205000133,55,0,55
205000134,223,1,222
205000137,48,96,-48
205000138,132,245,-113
205000139,27,129,-102
205000144,104,48,56
205000145,284,199,85
205000151,131,28,103
205000152,186,14,172
205000153,231,29,202
205000154,83,38,45
205000155,127,18,109
205000207,5,170,-165
205000233,33,0,33
205000234,0,1,-1
205000243,1,0,1
205000244,0,0,0
205000245,14,107,-93
205000249,0,11,-11
205000250,5,1,4
205000264,4,76,-72
206000027,6,2,4
206000028,4,2,2
206000043,5,23,-18
206000053,1,7,-6
206000054,1,31,-30
206000055,0,20,-20
206000075,11,15,-4
206000076,20,16,4
206000077,20,5,15
206000078,17,6,11
206000079,26,11,15
206000082,392,41,351
206000100,32,252,-220
206000103,12,10,2
206000104,23,26,-3
206000105,4,15,-11
206000106,3,16,-13
206000125,85,0,85
206000157,27,351,-324
206000170,0,97,-97
206000171,2,154,-152
206000172,7,207,-200
206000173,3,125,-122
206000174,14,43,-29
206000175,4,53,-49
206000176,13,99,-86
206000177,0,51,-51
206000178,4,134,-130
206000179,10,48,-38
206000180,4,73,-69
206000181,6,52,-46
206000182,6,77,-71
206000183,21,214,-193
206000184,33,164,-131
206000185,8,79,-71
206000186,94,457,-363
206000223,3,154,-151
206000226,10,2,8
206000227,16,0,16
206000237,23,195,-172
206000238,36,338,-302
206000239,223,1118,-895
206000240,3,44,-41
206000241,0,47,-47
206000242,9,114,-105
206000243,4,113,-109
206000244,48,287,-239
206000245,982,60,922
206000246,297,13,284
206000247,289,5,284
206000248,443,20,423
206000252,48,32,16
206000258,23,22,1
206000315,54,13,41
206000317,705,95,610
206000318,765,71,694
206000319,1944,81,1863
206000320,301,36,265
206000321,252,7,245
206000322,527,14,513
206000323,204,15,189
206000324,183,14,169
206000325,186,8,178
206000326,176,9,167
206000327,146,7,139
206000328,205,6,199
206000329,303,6,297
206000330,37,8,29
206000331,226,3,223
206000332,61,2,59
206000333,763,3,760
206000334,292,1,291
206000335,0,8,-8
206000361,10,141,-131
206000392,0,14,-14
206000405,141,1,140
206000441,39,16,23
206000498,38,2,36
206000515,97,51,46
206000530,417,82,335
206000531,280,185,95
206000532,1809,299,1510
206000535,132,1368,-1236
206000536,20,118,-98
206000537,10,98,-88
206000613,1732,223,1509
206000784,472,35,437
207000001,137,498,-361
207000002,93,298,-205
207000003,150,121,29
207000007,1166,256,910
207000008,145,8,137
207000009,63,51,12
207000010,333,264,69
207000012,417,217,200
207000015,259,728,-469
207000019,218,61,157
207000021,475,203,272
207000022,156,135,21
207000023,189,64,125
207000024,2,13,-11
207000025,22,80,-58
207000026,101,54,47
207000027,21,60,-39
207000028,69,111,-42
207000029,173,296,-123
207000033,205,438,-233
207000034,275,116,159
207000039,562,107,455
207000040,514,64,450
207000041,110,58,52
207000042,219,86,133
207000043,241,148,93
207000051,87,151,-64
207000052,68,106,-38
207000053,359,439,-80
207000054,43,104,-61
207000055,172,140,32
207000056,295,212,83
207000057,154,270,-116
207000058,158,270,-112
207000059,131,339,-208
207000060,74,171,-97
207000061,210,690,-480
207000062,391,49,342
207000063,439,106,333
207000064,390,111,279
207000065,356,203,153
207000066,173,157,16
207000067,49,75,-26
207000068,114,59,55
207000069,618,241,377
207000082,6,208,-202
207000083,74,160,-86
207000084,314,246,68
207000085,260,24,236
207000086,296,5,291
207000106,56,32,24
207000107,76,26,50
207000108,107,19,88
207000109,76,12,64
207000110,51,59,-8
207000111,69,86,-17
207000112,121,669,-548
207000114,19,24,-5
207000115,13,39,-26
207000116,19,283,-264
207000117,13,76,-63
207000118,6,77,-71
207000119,43,52,-9
207000123,191,38,153
207000124,81,32,49
207000125,80,32,48
207000126,70,37,33
207000134,141,137,4
207000135,38,172,-134
207000148,61,381,-320
207000149,73,26,47
207000152,131,336,-205
207000153,700,1059,-359
207000154,341,145,196
207000159,84,102,-18
207000160,160,201,-41
207000238,0,176,-176
207000242,7,121,-114
207000248,22,12,10
207000249,115,19,96
207000250,460,68,392
207000251,119,79,40
207000252,74,35,39
207000278,125,93,32
207000279,14,81,-67
207000280,803,103,700
207000281,133,663,-530
207000282,131,174,-43
207000283,68,278,-210
207000284,58,378,-320
207000285,116,110,6
207000291,25,88,-63
207000304,102,42,60
207000306,69,289,-220
207000310,80,82,-2
207000353,315,1,314
207000356,31,51,-20
207000357,17,19,-2
207000358,4,14,-10
207000415,3,125,-122
207000417,52,8,44
207000418,114,118,-4
207000438,0,0,0
207000439,645,663,-18
207000446,227,15,212
207000460,42,16,26
207000466,170,105,65
207000467,365,105,260
207000468,49,201,-152
207000476,9,37,-28
207000477,579,41,538
207000478,8,49,-41
207000523,0,25,-25
207000524,109,0,109
207000527,146,148,-2
207000530,589,13,576
207000531,394,21,373
207000532,112,28,84
207000534,286,60,226
207000535,39,278,-239
207000537,33,54,-21
207000540,7,149,-142
207000541,3,251,-248
207000548,11,176,-165
207000549,417,19,398
207000561,163,178,-15
207000562,26,148,-122
207000567,108,168,-60
207000568,493,57,436
207000569,699,593,106
207000584,221,142,79
207000585,46,326,-280
207000587,192,30,162
207000616,0,86,-86
207000617,170,0,170
207000624,86,47,39
207000631,44,109,-65
207900008,321,97,224
208000001,612,911,-299
208000002,720,379,341
208000003,1101,282,819
208000004,946,639,307
208000005,6,7,-1
208000019,571,967,-396
208000020,199,410,-211
208000021,286,253,33
208000022,860,376,484
208000028,792,1296,-504
208000033,526,540,-14
208000034,878,1110,-232
208000037,206,12,194
208000040,186,131,55
208000041,667,524,143
208000042,811,585,226
208000047,143,198,-55
208000064,1945,1333,612
208000066,1411,2190,-779
208000070,333,345,-12
208000071,471,594,-123
208000072,472,964,-492
208000080,311,305,6
208000081,389,109,280
208000082,311,186,125
208000083,159,325,-166
208000084,7,13,-6
208000085,594,506,88
208000086,491,833,-342
208000087,305,637,-332
208000089,992,261,731
208000090,1007,403,604
208000093,150,200,-50
208000094,457,358,99
208000095,650,329,321
208000104,951,726,225
208000105,691,815,-124
208000114,111,274,-163
208000115,413,256,157
208000116,570,910,-340
208000117,146,176,-30
208000118,94,150,-56
208000155,597,736,-139
208000158,1187,3195,-2008
208000186,2783,3692,-909
208000204,597,883,-286
208000205,1113,744,369
208000282,4069,2474,1595
209000004,344,156,188
209000005,34,49,-15
209000006,389,162,227
209000007,227,252,-25
209000010,325,76,249
209000011,164,145,19
209000012,97,130,-33
209000013,190,178,12
209000014,393,609,-216
209000025,380,66,314
209000026,761,95,666
209000027,346,548,-202
209000028,294,379,-85
209000029,317,385,-68
209000030,345,769,-424
209000031,1735,1279,456
209000034,201,224,-23
209000035,125,179,-54
209000036,263,124,139
209000037,347,193,154
209000038,173,182,-9
209000039,65,131,-66
209000040,275,359,-84
209000041,174,308,-134
209000042,217,290,-73
209000043,554,792,-238
209000044,189,615,-426
209000045,1164,302,862
209000046,505,312,193
209000047,362,155,207
209000048,471,278,193
209000049,67,68,-1
209000050,167,96,71
209000051,204,162,42
209000052,125,150,-25
209000062,48,65,-17
209000063,57,46,11
209000064,39,45,-6
209000065,93,25,68
209000066,86,20,66
209000067,102,30,72
209000080,23,135,-112
209000082,64,48,16
209000091,20,70,-50
209000093,33,14,19
209000094,146,126,20
209000110,45,133,-88
209000111,483,1400,-917
209000112,1083,540,543
209000113,1655,401,1254
209000114,608,316,292
209000115,96,64,32
209000116,361,269,92
209000118,13,30,-17
209000119,15,17,-2
209000121,107,308,-201
209000135,49,191,-142
209000142,702,1629,-927
209000143,46,42,4
209000144,27,77,-50
209000229,208,99,109
209000240,25,197,-172
209000259,75,53,22
209000260,40,644,-604
209000261,6,333,-327
209000262,5,280,-275
209000263,0,173,-173
209000264,1,259,-258
209000265,284,22,262
209000266,102,0,102
209000267,853,8,845
209000268,427,35,392
210000037,74,49,25
210000047,123,14,109
210000048,99,24,75
210000049,79,9,70
210000052,61,47,14
210000053,26,33,-7
210000054,47,61,-14
210000070,91,4,87
210000071,98,0,98
210000072,24,0,24
210000073,0,11,-11
210000074,1,80,-79
210000075,0,69,-69
210000076,3,131,-128
210000077,11,33,-22
210000078,20,33,-13
210000079,32,16,16
210000080,94,82,12
210000081,140,19,121
210000082,91,4,87
210000083,70,0,70
210000084,65,0,65
210000085,0,39,-39
210000086,2,56,-54
210000099,24,202,-178
210000100,26,125,-99
210000101,72,127,-55
210000105,26,165,-139
210000159,1,166,-165
210000163,117,204,-87
210000164,359,164,195
210000168,113,20,93
210000187,1,11,-10
210000188,0,13,-13
210000214,8,0,8
210000219,69,52,17
210000220,114,26,88
210000232,7,23,-16
210000233,34,51,-17
210000234,25,101,-76
210000235,58,51,7
210000245,1,31,-30
210000246,25,2,23
210000258,11,56,-45
210000259,343,49,294
210000282,54,179,-125
210000285,0,94,-94
210000286,15,118,-103
210000290,6,17,-11
210000295,42,110,-68
210000296,34,39,-5
210000320,160,43,117
210000321,152,53,99
210000338,38,72,-34
210000339,200,986,-786
210000340,80,317,-237
210000341,156,200,-44
210000342,207,184,23
210000343,177,148,29
210000344,138,123,15
210000345,128,206,-78
210000346,78,107,-29
210000347,46,39,7
210000348,105,28,77
210000349,62,21,41
210000350,156,51,105
210000351,143,67,76
210000352,58,50,8
210000353,42,81,-39
210000354,90,62,28
210000355,46,55,-9
210000356,13,54,-41
210000357,75,55,20
210000358,216,162,54
210000359,63,79,-16
210000360,158,109,49
210000361,140,104,36
210000362,252,134,118
210000363,611,189,422
210000364,139,125,14
210000365,148,66,82
210000366,122,46,76
210000367,69,33,36
210000368,146,33,113
210000369,35,33,2
210000370,47,38,9
210000372,30,24,6
210000373,36,18,18
210000374,57,34,23
210000375,38,60,-22
210000376,76,87,-11
210000404,38,93,-55
210000439,44,45,-1
210000472,81,5,76
210000482,65,83,-18
210000564,243,258,-15
210000567,2,41,-39
210000568,307,2,305
211000092,42,32,10
211000094,35,6,29
211000169,171,8,163
211000172,11,172,-161
211000209,2,16,-14
211000226,6,45,-39
211000270,68,10,58
211000275,23,15,8
211000276,78,14,64
211000279,9,12,-3
211000281,59,28,31
211000302,16,52,-36
211507980,0,78,-78
211977296,52,6,46
212000003,183,40,143
212000004,14,34,-20
212000005,23,35,-12
212000006,46,34,12
212000008,185,110,75
212000009,25,81,-56
212000012,93,56,37
212000013,43,45,-2
212000014,276,124,152
212000015,368,195,173
212000016,427,402,25
212000027,508,303,205
212000028,347,289,58
212000029,237,218,19
212000030,46,26,20
212000031,74,66,8
212000048,27,150,-123
212000049,15,132,-117
212000050,17,9,8
212000051,186,141,45
212000052,151,178,-27
212000053,364,372,-8
212000054,273,68,205
212000055,273,150,123
212000056,16,39,-23
212000057,11,18,-7
212000058,181,40,141
212000070,85,142,-57
212000077,158,412,-254
212000099,247,257,-10
212000108,198,168,30
212000111,323,94,229
212000120,76,43,33
212000138,138,32,106
212000156,13,68,-55
212000158,12,19,-7
212000159,554,49,505
212000160,698,214,484
212000161,100,18,82
212000310,46,18,28
212000311,18,63,-45
212000374,29,8,21
213000001,38,237,-199
213000005,355,149,206
213000006,891,299,592
213000007,95,14,81
213000009,539,479,60
213000010,201,298,-97
213000011,179,111,68
213000012,125,185,-60
213000014,96,24,72
213000015,222,6,216
213000016,453,3,450
213000017,46,1,45
213000018,0,105,-105
213000019,2,129,-127
213000020,85,269,-184
213000021,5,104,-99
213000023,324,159,165
213000033,292,1417,-1125
213000034,599,189,410
213000035,139,221,-82
213000045,135,217,-82
213000046,172,153,19
213000047,497,1209,-712
213000056,123,26,97
213000069,108,0,108
213000073,1,60,-59
213000074,81,368,-287
213000075,558,16,542
213000076,43,2,41
213000085,7,51,-44
213000086,31,147,-116
213000091,238,11,227
213000092,94,7,87
213000099,199,986,-787
213000100,1035,226,809
213000101,388,89,299
213000102,575,159,416
213000103,880,598,282
213000104,69,340,-271
213000105,2,203,-201
213000106,55,110,-55
213000107,162,309,-147
213000108,46,304,-258
213000109,14,171,-157
213000110,21,64,-43
213000111,12,57,-45
213000112,129,109,20
213000115,61,14,47
213000116,43,271,-228
213000117,13,497,-484
213000118,453,210,243
213000119,47,466,-419
213000120,107,359,-252
213000122,126,393,-267
213000123,296,704,-408
213000124,126,827,-701
213000125,113,18,95
213000126,45,93,-48
213000127,113,152,-39
213000128,327,830,-503
213000129,265,755,-490
213000130,630,304,326
213000132,460,81,379
213000133,628,117,511
213000134,906,26,880
213000136,440,25,415
213000137,647,70,577
213000139,339,14,325
213000147,51,16,35
213000148,32,17,15
213000149,49,10,39
213000150,1,114,-113
213000151,7,137,-130
213000152,9,127,-118
213000153,1,144,-143
213000154,47,209,-162
213000155,33,148,-115
213000156,111,310,-199
213000157,525,304,221
213000158,283,724,-441
213000159,409,341,68
213000163,1011,93,918
213000165,880,199,681
213000171,54,96,-42
213000172,53,179,-126
213000173,26,146,-120
213000174,6,79,-73
213000175,55,39,16
213000176,26,124,-98
213000177,79,17,62
213000178,176,27,149
213000179,240,63,177
213000180,222,62,160
213000184,90,270,-180
213000188,349,114,235
213000189,375,53,322
213000190,776,615,161
213000191,338,290,48
213000192,214,258,-44
213000193,717,219,498
213000194,0,111,-111
213000195,14,348,-334
213000196,235,1019,-784
213000197,450,466,-16
213000198,43,5,38
213000200,119,606,-487
213000201,55,40,15
213000202,19,440,-421
213000203,2546,537,2009
213000204,776,55,721
213000205,272,53,219
213000206,456,40,416
213000207,113,15,98
213000208,80,4,76
213000209,131,6,125
213000210,286,1,285
213000211,13,24,-11
213000212,21,41,-20
213000213,13,74,-61
213000218,261,389,-128
213000219,463,9,454
213000220,425,12,413
213000223,167,220,-53
213000224,46,57,-11
213000225,70,11,59
213000226,54,12,42
213000227,883,192,691
213000228,419,88,331
213000229,150,29,121
213000230,503,36,467
213000232,48,983,-935
213000233,10,111,-101
213000234,10,45,-35
213000293,16,102,-86
213000294,95,35,60
213000295,15,108,-93
213000296,45,13,32
213000297,7,40,-33
213000298,11,59,-48
213000299,33,39,-6
213000300,12,3,9
213000303,1,36,-35
213000304,6,22,-16
213000305,2,13,-11
213000306,58,32,26
213000307,96,60,36
213000308,103,122,-19
213000309,199,48,151
213000310,367,100,267
213000311,224,548,-324
213000315,140,69,71
213000316,142,36,106
213000322,54,37,17
213000323,39,46,-7
213000340,179,464,-285
213000341,620,94,526
213000346,200,205,-5
213000347,525,401,124
213000348,2,157,-155
213000349,37,8,29
213000350,357,609,-252
213000366,105,252,-147
213000367,273,24,249
213000379,76,79,-3
213000386,13,286,-273
213000406,68,387,-319
213000417,1172,387,785
213000425,202,31,171
213000426,136,48,88
213000427,49,121,-72
213000428,85,145,-60
213000429,6,1,5
213000430,123,429,-306
213000431,30,2,28
213000432,0,18,-18
213000433,8,101,-93
213000434,88,69,19
213000435,112,88,24
213000439,48,12,36
213000441,2,1,1
213000443,315,250,65
213000445,1,69,-68
213000446,0,34,-34
213000447,1,48,-47
213000448,10,138,-128
213000449,438,8,430
213000450,15,38,-23
213000451,271,52,219
213000452,23,4,19
213000453,37,191,-154
213000455,389,29,360
213000456,0,404,-404
213000481,13,8,5
213000482,51,3,48
213000489,212,45,167
213000491,0,204,-204
213000492,183,27,156
213000493,0,106,-106
213000494,232,68,164
213000495,0,66,-66
213000496,366,151,215
213000497,46,166,-120
213000498,115,117,-2
213000499,183,282,-99
213000500,453,64,389
213000501,201,26,175
213000502,134,92,42
213000503,0,61,-61
213000504,11,68,-57
213000505,15,10,5
213000506,0,5,-5
213000507,6,83,-77
213900244,49,0,49
213900245,0,21,-21
218000003,25,59,-34
218000004,27,68,-41
218000005,54,46,8
218000006,52,41,11
218000007,10,11,-1
218000012,152,136,16
218000013,117,145,-28
218000014,396,359,37
218000019,619,447,172
218000020,270,336,-66
218000040,9,9,0
218000046,75,124,-49
218000047,24,132,-108
218000048,78,120,-42
218000049,114,107,7
218000050,404,289,115
218000051,76,287,-211
218000052,0,108,-108
218000053,12,26,-14
218000054,10,126,-116
218000055,11,46,-35
218000056,27,46,-19
218000057,1,24,-23
218000064,1,14,-13
218000065,73,19,54
218000066,14,23,-9
218000067,57,73,-16
218000068,104,59,45
218000069,289,125,164
218000070,209,175,34
218000071,246,121,125
218000072,186,153,33
218000078,873,538,335
218000079,163,76,87
218000080,172,70,102
218000081,458,167,291
218000082,75,88,-13
218000083,51,52,-1
218000084,137,83,54
218000085,171,199,-28
218000086,109,101,8
218000087,155,119,36
218000090,15,145,-130
218000091,1136,463,673
218000092,84,109,-25
218000093,76,44,32
218000094,365,446,-81
218000099,253,615,-362
218000100,262,213,49
218000101,337,98,239
218000102,390,147,243
218000103,108,86,22
218000104,78,52,26
218000105,22,20,2
218000106,18,9,9
218000107,54,46,8
218000108,9,34,-25
218000112,59,27,32
218000117,37,48,-11
218000134,442,418,24
218000135,17,72,-55
218000136,148,149,-1
218000137,209,112,97
218000138,48,86,-38
218000139,157,265,-108
218000140,421,271,150
218000141,74,68,6
218000142,210,122,88
218000143,114,291,-177
218000144,48,88,-40
218000145,462,308,154
218000146,105,165,-60
218000151,2,16,-14
218000152,73,33,40
218000170,3,30,-27
218000171,30,9,21
218000172,4,6,-2
218000173,13,14,-1
218000174,31,13,18
218000176,201,35,166
218000177,277,134,143
218000178,75,154,-79
218000179,144,58,86
218000180,84,29,55
218000181,212,30,182
218000187,13,33,-20
218000188,30,37,-7
218000189,20,63,-43
218000190,1,10,-9
218000191,170,51,119
218000192,170,144,26
218000193,387,237,150
218000194,129,204,-75
218000195,103,40,63
218000196,349,203,146
218000197,403,184,219
218000198,34,100,-66
218000199,42,25,17
218000200,88,37,51
218000201,21,12,9
218000202,75,288,-213
218000207,5,23,-18
218000208,28,21,7
218000211,40,22,18
218000213,84,88,-4
218000214,6,16,-10
218000215,42,53,-11
218000217,3,82,-79
218000218,158,79,79
218000219,8,17,-9
218000220,68,376,-308
218000221,452,168,284
218000222,3,28,-25
218000223,21,293,-272
218000224,4,98,-94
218000225,130,12,118
218000226,102,37,65
218000232,30,29,1
218000239,142,15,127
218000240,11,6,5
218000241,25,1,24
218000242,25,3,22
218000243,76,10,66
218000244,63,8,55
218000245,39,8,31
218000246,8,2,6
218000247,1,0,1
218000248,0,24,-24
218000249,1,9,-8
218000250,1,14,-13
218000251,9,37,-28
218000252,7,255,-248
218000253,12,178,-166
218000254,1,65,-64
218000255,4,68,-64
218000256,5,95,-90
218000267,362,838,-476
218000268,20,30,-10
218000269,5,12,-7
218000270,96,39,57
218000271,17,43,-26
218000273,19,6,13
218000274,28,2,26
218000275,37,46,-9
218000276,18,38,-20
218000278,12,47,-35
218000279,119,37,82
218000280,11,36,-25
218000281,19,11,8
218000282,468,605,-137
218000284,65,5,60
218000301,81,107,-26
218000302,76,45,31
218000303,18,98,-80
218000316,816,741,75
218000317,1390,719,671
218000318,859,562,297
218000319,1006,606,400
218000320,905,406,499
218000338,41,54,-13
218000345,90,71,19
218000346,28,143,-115
218000459,42,263,-221
218000490,22,59,-37
218000501,199,39,160
218000502,50,66,-16
218000503,136,21,115
218000504,217,29,188
218000505,48,133,-85
218000506,44,249,-205
218000508,4,11,-7
218000510,177,25,152
218000520,79,116,-37
218000521,9,56,-47
218000522,0,90,-90
218000523,126,7,119
218000524,23,386,-363
218000525,127,40,87
218000526,25,196,-171
218000529,32,105,-73
218000531,11,11,0
218000532,16,17,-1
218000534,157,28,129
218000537,43,66,-23
218000538,114,257,-143
218000540,221,84,137
218000543,179,43,136
218000544,23,50,-27
218000545,64,53,11
218000546,30,49,-19
218000547,86,140,-54
218000548,96,101,-5
218000549,389,470,-81
218000550,203,197,6
218000551,90,1049,-959
218000552,244,93,151
218000553,30,108,-78
218000554,43,36,7
218000555,35,47,-12
218000556,236,177,59
218000557,299,160,139
218000558,48,2,46
218000559,0,39,-39
218000560,0,37,-37
218000561,22,0,22
218000562,29,184,-155
218000563,176,27,149
218000564,2,138,-136
218000565,97,49,48
218000566,178,78,100
218000567,0,114,-114
218000568,56,4,52
218000569,6,273,-267
218000570,125,12,113
218000571,1,128,-127
218000572,140,4,136
218000573,11,341,-330
218000574,87,26,61
218000575,124,2,122
218000576,5,77,-72
218000577,84,0,84
218000578,1,129,-128
218000579,39,15,24
218000581,3,39,-36
218000582,32,6,26
218000583,6,0,6
218000584,0,17,-17
218000585,70,2,68
218000586,14,38,-24
218000587,0,1,-1
218000588,2,4,-2
218000589,0,2,-2
218000590,1,1,0
218000591,4,9,-5
218000592,2,2,0
218000593,9,5,4
218000594,6,0,6
218000597,0,0,0
218000598,0,0,0
218000599,6,0,6
218000600,1,0,1
218000601,0,3,-3
218000602,0,3,-3
218000603,0,6,-6
218000604,7,3,4
218000605,0,56,-56
218000606,108,0,108
218000607,7,21,-14
218000608,61,25,36
218000609,9,32,-23
218000610,64,2,62
218000611,27,2,25
218000612,0,30,-30
218000613,46,0,46
218000614,0,48,-48
218000615,125,1,124
218000616,3,201,-198
218000617,20,3,17
218000618,1,19,-18
218000619,35,8,27
218000620,2,36,-34
218000621,0,2,-2
218000622,0,55,-55
218000623,28,0,28
218000624,2,90,-88
218000625,2,0,2
218000626,0,6,-6
218000628,176,50,126
218000631,53,33,20
218000632,4,122,-118
218000633,128,1,127
218000634,4,23,-19
218000635,30,4,26
218000636,752,692,60
218000637,1107,435,672
218000638,220,25,195
218000639,13,94,-81
218000640,242,15,227
218000641,120,169,-49
218000652,52,51,1
218000653,119,17,102
218000663,7,186,-179
218000675,61,56,5
218000680,267,318,-51
218000681,494,159,335
218000691,189,133,56
218000693,276,137,139
218000718,179,985,-806
218000719,369,679,-310
218000720,18,507,-489
218000721,150,46,104
218001147,7,123,-116
218001214,12,65,-53
218001258,314,8,306
218001329,151,110,41
218001330,114,98,16
218001351,22,14,8
218001352,21,37,-16
218001353,11,9,2
218001354,9,35,-26
218001355,22,149,-127
218001356,410,25,385
218001357,49,128,-79
218001358,323,16,307
218001361,377,10,367
218001362,0,121,-121
219000001,43,31,12
219000002,48,38,10
219000003,63,28,35
219000004,72,46,26
219000017,94,44,50
219000020,144,32,112
219000022,163,2,161
219000023,76,1,75
219000029,6,85,-79
219000034,41,28,13
219000039,52,78,-26
219000040,38,53,-15
219000041,144,32,112
219000051,1,42,-41
219000052,0,27,-27
219000053,1,71,-70
219000055,218,2,216
219000056,11,0,11
219000057,69,0,69
219000062,30,66,-36
219000063,88,9,79
219000064,0,73,-73
219000110,365,155,210
219000111,141,61,80
219000112,159,61,98
219000113,180,57,123
219000114,233,45,188
219000116,97,60,37
219000117,109,43,66
219000118,154,34,120
219000123,222,71,151
219000124,99,34,65
219000125,22,8,14
219000126,50,91,-41
219000127,2,7,-5
219000128,13,76,-63
219000129,20,94,-74
219000130,290,440,-150
219000131,498,769,-271
219000133,41,57,-16
219000134,16,37,-21
219000135,22,64,-42
219000136,95,210,-115
219000138,54,26,28
219000139,62,39,23
219000140,80,0,80
219000141,39,81,-42
219000142,20,39,-19
219000143,9,71,-62
219000145,18,34,-16
219000146,9,19,-10
219000147,3,18,-15
219000148,1,15,-14
219000149,5,32,-27
219000150,2,32,-30
219000151,2,15,-13
219000157,213,129,84
219000158,198,213,-15
219000161,109,11,98
219000163,944,442,502
219000166,122,157,-35
219000167,102,147,-45
219000168,283,118,165
219000174,470,89,381
219000175,110,1,109
219000176,133,4,129
219000177,63,0,63
219000178,56,1,55
219000179,29,9,20
219000180,42,35,7
219000182,115,13,102
219000183,63,21,42
219000184,116,12,104
219000185,0,23,-23
219000186,83,20,63
219000187,12,47,-35
219000189,66,154,-88
219000190,72,207,-135
219000191,520,1249,-729
219000192,197,148,49
219000193,237,123,114
219000195,0,97,-97
219000196,4,80,-76
219000198,30,58,-28
219000199,58,148,-90
219000200,64,142,-78
219000201,65,139,-74
219000203,38,109,-71
219000204,96,250,-154
219000205,43,151,-108
219000207,170,194,-24
219000209,24,52,-28
219000210,47,104,-57
219000213,6,113,-107
219000239,175,180,-5
219000240,231,255,-24
219000241,111,112,-1
219000242,42,93,-51
219000243,71,145,-74
219000244,10,50,-40
219000245,16,60,-44
219000246,35,48,-13
219000247,233,42,191
219000248,514,381,133
219000249,122,79,43
219000250,152,105,47
219000251,547,211,336
219000252,211,135,76
219000253,520,108,412
219000255,129,111,18
219000256,254,87,167
219000257,84,1,83
219000262,125,94,31
219000263,62,115,-53
219000267,0,64,-64
219000268,4,4,0
219000269,6,3,3
219000270,12,0,12
219000271,180,9,171
219000278,0,12,-12
219000279,2,0,2
219000283,0,10,-10
219000295,12,79,-67
219000296,76,277,-201
219000297,13,71,-58
219000298,14,64,-50
219000299,420,71,349
219000300,35,133,-98
219000301,206,297,-91
219000302,49,247,-198
219000307,21,41,-20
219000308,38,43,-5
219000311,186,49,137
219000312,510,162,348
219000313,347,85,262
219000314,71,232,-161
219000315,264,35,229
219000316,565,56,509
219000317,112,12,100
219000320,4,44,-40
219000321,0,31,-31
219000323,4,60,-56
219000325,2,13,-11
219000326,49,52,-3
219000327,59,28,31
219000328,29,55,-26
219000329,261,103,158
219000330,29,29,0
219000331,48,37,11
219000332,125,73,52
219000333,29,2,27
219000335,95,0,95
219000337,14,0,14
219000338,44,1,43
219000344,14,58,-44
219000345,27,37,-10
219000346,49,81,-32
219000348,123,36,87
219000349,44,130,-86
219000350,97,204,-107
219000351,3,5,-2
219000352,289,91,198
219000353,112,45,67
219000354,193,99,94
219000355,146,61,85
219000356,728,1297,-569
219000363,209,72,137
219000364,128,46,82
219000365,110,19,91
219000366,218,393,-175
219000368,286,524,-238
219000370,831,604,227
219000371,9,20,-11
219000382,7,25,-18
219000383,506,972,-466
219000385,379,397,-18
219000386,558,1355,-797
219000387,3,13,-10
219000390,4,1,3
219000391,5,0,5
219000397,30,50,-20
219000398,52,41,11
219000401,14,93,-79
219000402,36,102,-66
219000403,139,298,-159
219000404,14,129,-115
219000407,9,28,-19
219000409,78,47,31
219000410,121,55,66
219000411,77,18,59
219000446,100,294,-194
219000447,1,25,-24
219000448,13,8,5
219000452,90,66,24
219000453,82,172,-90
219000454,168,239,-71
219000556,290,82,208
219000558,213,81,132
219000590,35,108,-73
219000591,100,91,9
219000592,77,261,-184
219000595,0,14,-14
219000635,272,37,235
219000636,43,60,-17
219000657,24,10,14
219000658,22,85,-63
219000673,0,16,-16
219000676,12,7,5
219000679,59,10,49
219000684,96,4,92
219000685,2,27,-25
219000686,0,2,-2
219000688,0,62,-62
219000689,27,152,-125
219000690,127,20,107
219000691,65,162,-97
219000692,132,21,111
219000693,0,11,-11
219000694,6,0,6
219000695,36,8,28
219000698,12,1,11
219000699,0,42,-42
219000727,2,242,-240
219000728,253,1,252
219000770,58,2,56
219000771,1,37,-36
219000788,335,283,52
219001150,1,22,-21
219001151,2,1,1
219001166,49,29,20
219001167,1,69,-68
219001178,60,0,60
220000001,35,64,-29
220000002,6,72,-66
220000003,296,147,149
220000004,327,289,38
220000005,773,991,-218
220000006,194,491,-297
220000007,393,334,59
220000008,242,503,-261
220000009,209,293,-84
220000010,152,73,79
220000011,347,2850,-2503
220000012,85,237,-152
220000014,138,52,86
220000015,63,260,-197
220000017,60,167,-107
220000018,2906,677,2229
220000019,91,353,-262
220000020,384,216,168
220000021,745,179,566
220000022,862,373,489
220000023,450,165,285
220000024,1449,454,995
220000025,582,878,-296
220000026,306,325,-19
220000027,26,103,-77
220000028,48,56,-8
220000029,59,95,-36
220000030,78,80,-2
220000031,497,347,150
220000064,16,684,-668
221000046,9,0,9
221000047,0,5,-5
221000048,0,1,-1
221000049,0,9,-9
221000050,9,0,9
221000055,27,37,-10
221000068,311,111,200
221000069,313,44,269
221000070,163,22,141
221000071,115,6,109
221000072,238,12,226
221000073,147,51,96
221000074,2,19,-17
221000075,26,34,-8
221000076,10,35,-25
221000077,27,109,-82
221000081,50,13,37
221000082,75,5,70
221000083,28,3,25
221000084,8,2,6
221000085,14,49,-35
221000086,14,86,-72
221000087,0,88,-88
221000088,6,73,-67
221000089,37,181,-144
221000090,75,390,-315
221000098,93,22,71
221000099,185,10,175
221000100,119,9,110
221000101,290,22,268
221000103,5,27,-22
221000104,4,39,-35
221000107,53,4,49
221000108,45,18,27
221000111,32,141,-109
221000112,14,122,-108
221000113,19,117,-98
221000114,7,129,-122
221000120,23,22,1
221000121,5,51,-46
221000122,62,47,15
221000123,16,19,-3
221000124,23,122,-99
221000155,102,15,87
221000156,85,38,47
221000175,1,22,-21
221000176,0,2,-2
221000182,54,4,50
221000241,596,225,371
221000242,95,373,-278
221000243,640,154,486
221000244,239,409,-170
221000245,128,116,12
221000246,41,229,-188
221000247,166,127,39
221000248,134,142,-8
221000267,54,564,-510
221000325,48,67,-19
221000331,8,49,-41
221000338,18,35,-17
221000378,237,23,214
221000381,58,42,16
222000282,6,4,2
222000296,4,14,-10
222000568,323,23,300
222000569,229,29,200
222000570,139,17,122
222000571,345,6,339
222000577,5,89,-84
222000578,24,99,-75
222000579,37,97,-60
222000580,58,591,-533
222000599,1,116,-115
222000600,1,234,-233
222000601,3,663,-660
222000603,16,47,-31
222000604,3,53,-50
222000605,22,33,-11
222000606,1,20,-19
222000607,3,10,-7
222000608,16,16,0
222000609,44,106,-62
222000616,390,36,354
222000617,20,33,-13
222000618,18,4,14
222000620,25,9,16
222000621,33,8,25
222000623,518,3,515
222000624,351,3,348
222000625,533,13,520
222000636,48,4,44
222000686,56,12,44
222000687,42,20,22
222001066,206,2,204
222001067,16,1,15
222001068,51,13,38
222001069,50,19,31
222001082,13,22,-9
222001083,21,24,-3
222001084,0,48,-48
222001085,3,89,-86
222001111,33,116,-83
222001112,125,24,101
222001313,27,10,17
222001314,6,87,-81
222001464,217,49,168
222001465,24,91,-67
222001484,123,34,89
222001485,29,42,-13
222001494,587,113,474
222001495,91,177,-86
222001496,382,104,278
222001497,101,241,-140
222001502,14,54,-40
222001503,116,47,69
222001504,26,176,-150
222001505,308,20,288
222001506,34,260,-226
222001507,261,23,238
222001510,594,36,558
222001511,44,237,-193
222001514,602,99,503
222001515,145,405,-260
222001518,368,64,304
222001519,42,141,-99
222001527,199,67,132
222001528,24,101,-77
222001529,336,34,302
222001530,58,136,-78
222001533,113,205,-92
222001534,254,68,186
222001535,226,205,21
222001536,58,138,-80
222001537,344,39,305
222001538,46,299,-253
222001563,897,128,769
222001564,55,306,-251
222001568,258,154,104
222001576,2,5,-3
222001579,0,22,-22
222001583,8,82,-74
222001584,111,8,103
222001596,591,1383,-792
222001597,1762,423,1339
222001626,1,113,-112
222001650,43,120,-77
222001651,72,444,-372
222001914,177,56,121
222001915,63,191,-128
222001968,464,218,246
222001969,407,429,-22
222001970,163,203,-40
222001971,43,5,38
222001972,3,6,-3
225000001,400,136,264
225000002,541,125,416
225000003,606,68,538
225000004,325,174,151
225000005,72,63,9
225000006,0,165,-165
225000007,943,1037,-94
225000010,264,10,254
225000011,284,948,-664
225000012,212,510,-298
225000013,85,93,-8
225000014,669,67,602
225000015,83,115,-32
225000021,559,162,397
225000027,166,334,-168
225000032,571,114,457
225000042,74,439,-365
225000049,32,63,-31
225000050,97,12,85
225000053,7,207,-200
225000058,641,115,526
225000067,151,150,1
225000068,135,200,-65
225000069,124,364,-240
225000070,110,256,-146
225000071,38,88,-50
225000075,19,647,-628
225000076,93,87,6
225000078,66,40,26
225000085,100,149,-49
225000086,299,58,241
225000087,205,20,185
225000088,3,159,-156
225000089,227,799,-572
225000090,31,283,-252
225000091,158,105,53
225000092,30,64,-34
225000093,204,198,6
225000094,15,159,-144
225000095,277,207,70
225000096,270,276,-6
225000098,711,231,480
225000099,358,176,182
225000100,374,122,252
225000104,158,258,-100
225000110,19,292,-273
225000111,204,653,-449
225000112,330,762,-432
225000113,194,414,-220
225000114,55,178,-123
225000115,938,562,376
225000116,814,204,610
225000117,621,233,388
225000118,888,199,689
225000119,218,77,141
225000120,534,60,474
225000121,235,19,216
225000123,512,14,498
225000125,353,128,225
225000126,554,142,412
225000127,547,1279,-732
225000128,510,811,-301
225000132,290,13,277
225000133,167,25,142
225000134,613,131,482
225000135,50,17,33
225000136,291,8,283
225000137,250,60,190
225000138,368,55,313
225000143,47,158,-111
225000144,1,243,-242
225000145,57,48,9
225000146,51,76,-25
225000147,29,164,-135
225000148,19,135,-116
225000149,61,267,-206
225000151,28,113,-85
225000155,313,260,53
225000156,138,655,-517
225000157,191,273,-82
225000158,60,167,-107
225000171,4,135,-131
225000180,48,21,27
225000181,0,46,-46
225000182,46,6,40
225000185,8,334,-326
225000187,71,300,-229
225000191,68,0,68
225000194,0,54,-54
225000208,3,28,-25
225000209,97,14,83
225000210,9,132,-123
225000217,0,22,-22
225000218,10,1,9
225000223,1,77,-76
225000224,52,7,45
225000225,3,32,-29
225000226,47,0,47
225000227,54,113,-59
225000228,5,10,-5
225000229,0,140,-140
225000230,51,0,51
225000231,0,63,-63
225000232,176,0,176
225000241,94,2,92
225000242,2,51,-49
225000249,6,1,5
225000250,38,403,-365
225000251,285,14,271
226000042,227,336,-109
226000043,71,231,-160
226000044,121,309,-188
226000045,47,211,-164
226000046,451,72,379
226000047,385,115,270
226000048,337,100,237
226000049,222,185,37
226000070,0,25,-25
226000071,0,66,-66
226000072,0,6,-6
226000073,0,11,-11
226000074,0,17,-17
226000084,2,43,-41
226000085,4,8,-4
226000086,2,13,-11
226000087,2,19,-17
226000088,9,3,6
226000090,255,172,83
226000091,20,58,-38
226000092,2,6,-4
226000093,15,1,14
226000094,7,3,4
226000095,19,4,15
226000105,10,2,8
226000106,8,0,8
226000107,2,0,2
226000108,19,0,19
226000109,100,0,100
226000124,91,63,28
226000134,778,350,428
226000135,1408,519,889
226000136,577,387,190
226000137,21,220,-199
226000138,13,165,-152
226000139,0,28,-28
226000156,200,11,189
226000157,267,20,247
226000163,127,128,-1
226000202,12,232,-220
226000231,546,12,534
226000232,30,6,24
227000033,331,49,282
227000036,370,35,335
227000037,392,48,344
227000038,209,36,173
227000049,0,66,-66
227000050,3,75,-72
227000055,94,0,94
227000056,38,0,38
227000084,3,82,-79
227000085,1,49,-48
227000088,52,6,46
227000089,118,1,117
227000090,73,0,73
227000091,20,4,16
227000093,140,1,139
227000094,18,0,18
227000130,24,111,-87
227000131,23,137,-114
227000132,12,147,-135
227000133,11,160,-149
227000134,37,211,-174
227000152,1,10,-9
227000153,0,65,-65
227000155,6,21,-15
227000156,1,13,-12
227000165,6,84,-78
227000196,259,128,131
227000199,279,183,96
227000230,9,183,-174
227000232,301,21,280
227000242,79,306,-227
227000243,420,78,342
227000245,25,276,-251
227000246,115,285,-170
227000247,346,67,279
227000248,189,41,148
227000249,28,147,-119
227000250,339,179,160
227000251,153,199,-46
227000252,28,166,-138
227000253,172,18,154
227000262,381,39,342
227000266,1035,20,1015
227000267,22,673,-651
227000282,4,57,-53
227000284,388,10,378
227000286,1,44,-43
227000287,16,40,-24
227000291,4,198,-194
227000484,126,9,117
227000485,11,440,-429
227000655,100,7,93
227000656,395,26,369
227000657,67,7,60
227000661,71,13,58
227000680,142,42,100
229000265,8,22,-14
229000296,2,29,-27
229000297,3,25,-22
229000298,5,110,-105
229000320,5,5,0
229000321,33,2,31
229000412,23,41,-18
229000414,19,40,-21
229000415,25,4,21
229000416,1,7,-6
229000417,3,11,-8
229000419,76,273,-197
229000440,303,31,272
229000442,9,2,7
229000443,6,1,5
229000444,2,19,-17
229000445,40,2,38
229000446,40,22,18
229000847,56,1,55
229000848,22,0,22
229000849,144,1,143
229000851,42,0,42
229000854,0,7,-7
229000856,0,28,-28
229000857,0,18,-18
229000858,0,12,-12
229000919,14,58,-44
229000930,4,255,-251
229000937,74,20,54
229000966,59,28,31
229000981,25,29,-4
229000985,4,19,-15
229000986,0,3,-3
229000987,0,0,0
229000988,1,6,-5
229000989,5,6,-1
229000990,0,1,-1
229000991,1,0,1
229000992,18,4,14
229000993,80,19,61
229000998,10,42,-32
229000999,54,8,46
229001034,1,12,-11
229001035,5,4,1
229001037,43,12,31
229001042,10,15,-5
229001047,10,32,-22
229001050,27,28,-1
229001200,4,3,1
229001338,6,13,-7
229001394,243,6,237
229001422,117,18,99
229001423,15,119,-104
229001431,54,65,-11
229001432,39,61,-22
229001444,145,30,115
229001445,22,100,-78
229001503,253,77,176
229001504,130,102,28
229001505,148,24,124
229001506,75,88,-13
229001509,30,7,23
229001545,99,6,93
229001546,7,85,-78
229001553,62,12,50
229001554,10,73,-63
229001559,2,12,-10
229001560,4,19,-15
229001630,39,5,34
229001631,6,32,-26
229001635,0,19,-19
229001636,11,2,9
229001658,0,94,-94
229001659,76,0,76
229001660,32,8,24
229001661,7,29,-22
229001662,8,4,4
229001663,0,13,-13
229002584,152,114,38
229002831,126,156,-30
229002841,17,18,-1
229002842,16,20,-4
229002843,45,12,33
229002844,55,46,9
229002845,14,97,-83
229002846,32,11,21
229002847,0,12,-12
229002848,2,8,-6
229002849,2,94,-92
229002850,8,1,7
229002851,45,151,-106
229002852,165,29,136
229002853,125,8,117
229002854,51,55,-4
229002855,6,24,-18
229002856,32,11,21
229002857,8,199,-191
229002858,27,4,23
229002859,19,125,-106
229002860,207,13,194
229002861,18,22,-4
229002862,24,15,9
229002863,25,16,9
229002864,43,31,12
229002865,15,14,1
229002866,6,13,-7
229002867,3,30,-27
229002868,3,8,-5
229002869,27,89,-62
229002870,47,13,34
235000066,283,70,213
235000067,139,84,55
235000072,32,43,-11
235000073,101,289,-188
235000074,38,40,-2
235000080,19,76,-57
235000081,103,94,9
235000082,317,30,287
235000083,157,62,95
235000084,67,54,13
235000085,177,86,91
235000089,31,33,-2
235000092,29,124,-95
235000093,12,3,9
235000097,4,7,-3
235000098,80,11,69
235000099,16,20,-4
235000116,64,23,41
235000117,561,12,549
235000133,15,451,-436
235000134,23,200,-177
235000206,8,11,-3
235000207,11,2,9
235000208,3,3,0
235000209,7,0,7
235000210,2,0,2
235000212,1,22,-21
235000213,1,10,-9
235000220,6,7,-1
235000221,42,23,19
235000238,11,115,-104
235000239,3,20,-17
235000242,264,831,-567
235000245,490,138,352
235000246,20,53,-33
235000284,14,192,-178
235000295,85,6,79
235000305,215,18,197
235000306,235,9,226
235000307,9,3,6
235000308,15,2,13
235000309,40,0,40
235000310,31,1,30
235000311,65,15,50
235000322,0,21,-21
235000323,0,79,-79
235000324,2,25,-23
235000325,1,14,-13
235000326,6,111,-105
235000351,3,57,-54
235000352,7,43,-36
235000353,3,27,-24
235000354,26,48,-22
235000355,8,105,-97
235000356,42,3,39
235000357,43,11,32
235000358,159,26,133
235000359,12,4,8
235000360,28,7,21
235000361,52,4,48
235000381,85,113,-28
235000382,166,24,142
235000390,17,3,14
235000391,188,16,172
235000392,188,264,-76
235000393,149,185,-36
235000395,108,30,78
235000396,384,53,331
235000400,54,75,-21
235000401,17,91,-74
235000405,93,237,-144
235000406,34,210,-176
235000407,138,64,74
235000409,169,108,61
235000410,52,201,-149
235000411,4,57,-53
235000485,1,6,-5
235000486,17,0,17
235000549,99,71,28
235000550,96,126,-30
235000599,155,36,119
235000600,5,22,-17
235000601,14,26,-12
235000602,72,48,24
235000614,2,2,0
235000648,2,22,-20
235000649,46,4,42
235000685,1,6,-5
235000815,27,175,-148
235000834,0,9,-9
235000855,48,50,-2
235000862,30,86,-56
235000891,0,24,-24
235000892,17,2,15
235000901,55,53,2
235000907,5,26,-21
235001010,55,34,21
235001029,330,303,27
235001030,388,198,190
235001078,105,113,-8
235001079,94,74,20
235001147,34,48,-14
235001166,8,44,-36
235001167,52,33,19
235001169,30,292,-262
235001188,1,14,-13
235001189,13,3,10
235001197,7,28,-21
235001200,48,44,4
235001207,453,68,385
235001210,119,132,-13
235001215,27,120,-93
235001239,1,47,-46
235001244,0,11,-11
235016267,0,45,-45
277102712,0,1,-1
277103813,0,0,0
277103814,0,0,0
277104249,0,1,-1
277104250,0,16,-16
277104251,0,3,-3
277104252,0,5,-5
990011530,0,116,-116
990014944,2,322,-320
990015176,75,0,75
990015618,16,102,-86
990016032,0,200,-200
990032570,0,34,-34
990070001,61,3,58
990070103,0,5,-5
990070601,0,34,-34
990070751,1019,10,1009
990070766,2,261,-259
990071180,367,138,229
990071343,27,0,27
990071387,0,15,-15
990071823,18,0,18
990072600,2,1195,-1193
990072964,2,264,-262
990073285,0,0,0
990074393,1,477,-476
990074870,1396,42,1354
990075106,1183,10,1173
990075746,562,35,527
990076437,1305,5,1300
990076458,0,383,-383
997000007,722,47,675
997000041,0,183,-183
997000058,38,0,38
997000062,97,59,38
997000069,0,2,-2
997000070,0,14,-14
997000100,32,0,32
997000141,1,1496,-1495
997000198,231,1697,-1466
998000475,0,26,-26
998000736,0,116,-116
998000965,0,13,-13
998001031,0,70,-70
998001700,0,1,-1
998001899,0,0,0
998001900,14,2,12
998003073,750,7,743
998101900,0,0,0
998102850,8,273,-265
998501927,839,1006,-167
998501929,46,2,44
998501930,72,3,69
998501931,96,17,79
998501932,9,0,9
998501933,47,1,46
998501937,18,0,18
998501944,14,0,14
998501950,3,7,-4
998501970,65,3,62
998501971,0,48,-48
998501973,0,25,-25
998501974,0,174,-174
998501975,99,12,87
998501976,109,1,108
998501977,1,19,-18
998501978,13,0,13
998501979,0,9,-9
998501980,60,2,58
998501981,46,0,46
998501982,0,64,-64
998501983,0,1,-1
998502006,0,0,0
998502024,0,12,-12
998502032,0,0,0
998502062,12,0,12
998502063,0,0,0
998502173,39,1,38
998502269,0,2,-2
998502546,0,151,-151
998502578,2,3,-1
998502599,35,294,-259
998502621,1,1,0
998601159,0,66,-66
998601292,0,19,-19
999033574,0,252,-252
999800001,79,44,35
999800002,0,1,-1
999800003,2,3,-1
999800004,0,7,-7
999800005,0,5,-5
