ID,insum,outsum,diff
100000001,0,0,0
100000002,1356,2033,-677
100000003,2071,2882,-811
100000004,202,848,-646
100000005,1334,1832,-498
100000006,73,43,30
100000007,361,282,79
100000008,1,17,-16
100000009,37,117,-80
100000010,2,43,-41
100000011,54,55,-1
100000012,15,41,-26
100000013,0,9,-9
100000014,1,1,0
100000015,394,755,-361
100000016,83,164,-81
100000017,31,47,-16
100000018,179,157,22
100000019,344,863,-519
100000020,247,1052,-805
100000021,226,158,68
100000022,221,797,-576
100000023,500,544,-44
100000025,144,694,-550
100000028,353,455,-102
100000029,1,43,-42
100000030,54,3,51
100000031,548,2337,-1789
100000032,216,1147,-931
100000033,142,995,-853
100000034,12,248,-236
100000035,141,496,-355
100000036,155,308,-153
100000037,307,132,175
100000038,767,349,418
100000039,39,26,13
100000040,8,81,-73
100000041,293,116,177
100000042,208,59,149
100000043,96,90,6
100000044,35,18,17
100000045,12,98,-86
100000046,140,54,86
100000047,11,17,-6
100000048,51,99,-48
100000049,220,217,3
100000051,188,72,116
100000053,39,0,39
100000054,42,2,40
100000055,44,32,12
100000056,101,82,19
100000057,443,126,317
100000058,65,161,-96
100000059,3,69,-66
100000060,103,234,-131
100000061,449,215,234
100000062,285,186,99
100000063,198,121,77
100000064,236,163,73
100000065,83,81,2
100000066,72,22,50
100000067,73,103,-30
100000068,59,160,-101
100000069,29,164,-135
100000072,10,42,-32
100000073,173,202,-29
100000075,157,28,129
100000076,504,1663,-1159
100000077,77,211,-134
100000078,3,93,-90
100000079,3,41,-38
100000080,1,43,-42
100000081,3,25,-22
100000102,875,1756,-881
100000103,312,388,-76
100000104,322,311,11
100000105,115,282,-167
100000106,330,1755,-1425
100000107,38,485,-447
100000108,66,103,-37
100000109,541,332,209
100000116,375,502,-127
100000117,2,64,-62
100000118,1288,429,859
100000119,373,384,-11
100000121,12,212,-200
100000122,127,416,-289
100000123,1800,2057,-257
100000124,723,1052,-329
100000125,297,1628,-1331
100000126,140,282,-142
100000127,326,348,-22
100000128,36,442,-406
100000129,31,107,-76
100000130,327,256,71
100000131,100,226,-126
100000132,126,1141,-1015
100000133,619,244,375
100000135,133,217,-84
100000139,171,223,-52
100000140,0,0,0
100000142,139,81,58
100000143,73,71,2
100000144,527,27,500
100000147,779,3477,-2698
100000150,22,131,-109
100000151,113,853,-740
100000153,11,77,-66
100000154,1,100,-99
100000155,3,28,-25
100000156,42,78,-36
100000157,466,65,401
100000158,29,92,-63
100000159,35,323,-288
100000165,538,171,367
100000169,4,106,-102
100000174,34,94,-60
100000179,14,575,-561
100000180,29,54,-25
100000181,4,62,-58
100000188,6,33,-27
100000189,280,90,190
100000190,146,482,-336
100000191,23,162,-139
100000192,0,106,-106
100000193,38,53,-15
100000330,233,424,-191
100000355,65,37,28
100000362,871,452,419
100000363,2518,3417,-899
100000364,255,63,192
100000365,4529,3975,554
100000366,810,618,192
100000367,3058,3556,-498
100000368,52,62,-10
100000369,158,1316,-1158
100000370,21,476,-455
100000376,27,264,-237
100000379,390,1627,-1237
100000380,1535,2801,-1266
100000384,1669,2790,-1121
100000385,379,2433,-2054
100000386,1053,1970,-917
100000387,772,4158,-3386
100000388,1374,1233,141
100000389,1673,3489,-1816
100000390,765,738,27
100000391,1815,3913,-2098
100000392,251,632,-381
100000393,193,1836,-1643
100000394,792,1192,-400
100000395,477,1097,-620
100000396,891,533,358
100000397,469,1507,-1038
100000398,6239,1928,4311
100000413,0,0,0
100900002,0,0,0
100900003,17,56,-39
100900004,0,0,0
100900005,0,0,0
100900006,0,0,0
100900007,0,0,0
100900008,0,1,-1
100900009,0,0,0
100900010,0,0,0
100900011,0,0,0
100900012,0,0,0
100900013,0,0,0
100900014,0,0,0
100900015,0,0,0
100900016,0,0,0
100900017,33,4,29
100900018,0,0,0
100900019,0,0,0
100900020,0,0,0
100900021,21,0,21
100900022,0,0,0
100900023,0,0,0
100900024,0,0,0
100900025,0,1,-1
100900026,0,0,0
100900027,7,193,-186
100900028,0,2,-2
100900029,0,0,0
100900030,0,2,-2
100900031,166,19,147
100900032,37,0,37
100900033,0,0,0
100900034,0,0,0
100900035,0,0,0
100900036,0,0,0
100900037,0,0,0
100900038,0,0,0
100900039,39,0,39
100900040,75,4,71
100900041,97,0,97
100900042,36,58,-22
100900043,0,3,-3
100900044,35,0,35
100900045,0,0,0
100900046,63,0,63
100900047,75,6,69
100900048,0,0,0
100900049,0,0,0
100900050,0,0,0
100900051,0,2,-2
100900052,0,0,0
100900053,0,0,0
100900054,0,0,0
100900055,0,0,0
100900056,0,0,0
100900057,62,5,57
100900058,0,0,0
100900059,0,0,0
100900060,0,0,0
100900061,0,0,0
100900062,0,0,0
100900063,6,112,-106
100900064,27,1,26
100900065,0,0,0
100900066,2,0,2
100900067,0,0,0
100900068,0,0,0
100900069,0,0,0
100900070,0,0,0
100900071,0,0,0
100900072,0,0,0
100900073,0,0,0
100900074,0,0,0
100900075,0,0,0
100900076,0,1,-1
100900077,0,0,0
100900078,4,0,4
100900079,0,0,0
100900080,0,0,0
100900081,0,0,0
100900082,0,0,0
100900083,0,0,0
100900085,0,0,0
100900086,0,0,0
100900088,0,0,0
100900089,0,0,0
100900090,1,1,0
100900091,0,0,0
100900092,17,0,17
100900093,0,0,0
100900094,0,0,0
100900095,0,0,0
100900096,0,0,0
100900097,0,0,0
100900098,0,0,0
100900099,0,0,0
100900100,0,0,0
100900101,2,0,2
100900102,0,0,0
100900103,0,0,0
100900104,0,0,0
100900105,0,0,0
100900106,0,0,0
100900107,0,0,0
100900108,0,0,0
100900109,0,0,0
100900110,8,1,7
100900111,0,0,0
100900112,0,0,0
100900113,0,0,0
100900114,0,0,0
100900115,0,0,0
100900116,5,0,5
100900117,0,0,0
100900118,0,0,0
100900119,0,0,0
100900120,0,0,0
100900121,2,0,2
100900122,0,0,0
100900123,0,0,0
100900124,0,0,0
100900125,0,0,0
100900126,0,0,0
100900127,0,0,0
100900128,0,0,0
100900129,0,0,0
100900131,0,0,0
100900133,0,0,0
100900134,0,0,0
100900135,0,0,0
100900137,0,0,0
100900138,0,0,0
100900139,0,0,0
100900140,0,0,0
100900141,0,0,0
100900142,0,0,0
100900143,0,0,0
100900144,0,0,0
100900145,0,0,0
100900146,0,0,0
100900147,0,0,0
100900148,0,0,0
100900149,0,0,0
100900150,0,0,0
100900151,0,0,0
100900152,0,0,0
100900153,0,0,0
100900154,5,0,5
100900155,0,0,0
100900156,0,0,0
100900157,0,0,0
100900159,0,0,0
100900160,0,0,0
100900161,0,0,0
100900162,0,0,0
100900163,0,0,0
100900164,0,0,0
100900165,0,0,0
100900166,0,0,0
100900167,0,0,0
100900168,0,0,0
100900169,0,0,0
100900170,0,0,0
100900171,0,0,0
100900172,0,0,0
100900173,0,0,0
100900174,0,0,0
100900176,0,0,0
100900177,0,0,0
100900178,8,2,6
100900179,0,0,0
100900180,0,0,0
100900181,0,0,0
100900182,0,0,0
100900184,0,7,-7
100900186,0,0,0
100900187,0,0,0
100900188,0,0,0
100900189,0,0,0
100900191,0,0,0
100900192,0,0,0
100900195,8,1,7
100900197,113,86,27
100900198,0,1,-1
100900199,2,4,-2
100900200,0,0,0
100900201,0,0,0
100900202,0,0,0
100900203,0,0,0
100900204,2,0,2
100900205,0,0,0
100900206,0,0,0
100900207,0,0,0
100900210,0,0,0
100900211,0,0,0
100900213,0,0,0
100900214,0,0,0
100900215,0,0,0
100900217,0,1,-1
101000001,417,620,-203
101000002,155,542,-387
101000003,29,379,-350
101000004,2571,3771,-1200
101000005,1808,3053,-1245
101000006,2201,3329,-1128
101000007,428,2123,-1695
101000008,943,2254,-1311
101000009,907,250,657
101000010,148,232,-84
101000011,98,134,-36
101000012,9,12,-3
101000013,130,328,-198
101000014,203,506,-303
101000015,516,537,-21
101000016,17,300,-283
101000017,42,162,-120
101000018,467,641,-174
101000020,832,186,646
101000021,53,269,-216
101000022,0,0,0
101000023,167,248,-81
101000025,80,128,-48
101000026,64,1,63
101000027,826,1481,-655
101000028,273,124,149
101000029,20,615,-595
101000030,71,72,-1
101000031,65,639,-574
101000032,1152,2083,-931
101000033,229,1306,-1077
101000034,154,1141,-987
101000035,46,88,-42
101000036,271,480,-209
101000037,331,1377,-1046
101000039,247,728,-481
101000040,290,1097,-807
101000041,1619,3222,-1603
101000042,9,420,-411
101000043,900,1919,-1019
101000045,94,270,-176
101000046,712,1146,-434
101000047,693,1507,-814
101000048,74,138,-64
101000049,42,287,-245
101000050,135,906,-771
101000051,93,1397,-1304
101000052,384,1214,-830
101000053,146,384,-238
101000054,227,114,113
101000055,480,1200,-720
101000056,20,108,-88
101000057,121,362,-241
101000058,340,1362,-1022
101000059,767,1847,-1080
101000060,62,93,-31
101000061,160,1943,-1783
101000062,39,121,-82
101000063,143,1194,-1051
101000064,100,333,-233
101000065,37,706,-669
101000066,112,678,-566
101000067,120,80,40
101000068,176,468,-292
101000069,126,36,90
101000070,215,88,127
101000071,550,668,-118
101000072,1838,858,980
101000073,688,734,-46
101000074,2561,1793,768
101000075,3555,846,2709
101000077,1597,494,1103
101000078,764,657,107
101000079,1089,473,616
101000080,429,61,368
101000081,712,578,134
101000082,965,642,323
101000083,1113,792,321
101000084,174,148,26
101000085,1040,702,338
101000086,63,146,-83
101000087,94,114,-20
101000088,520,605,-85
101000089,312,664,-352
101000090,256,137,119
101000091,219,132,87
101000092,658,217,441
101000093,567,260,307
101000094,75,59,16
101000095,50,90,-40
101000096,307,273,34
101000097,84,72,12
101000098,82,246,-164
101000099,287,584,-297
101000100,221,522,-301
101000101,180,279,-99
101000102,68,301,-233
101000103,288,193,95
101000104,60,275,-215
101000105,12,86,-74
101000106,1,77,-76
101000107,24,22,2
101000108,114,71,43
101000109,52,14,38
101000110,7,60,-53
101000111,19,15,4
101000113,25,207,-182
101000114,739,1136,-397
101000115,0,0,0
101000116,0,0,0
101000117,0,0,0
101000119,2,41,-39
101000120,0,12,-12
101000121,0,8,-8
101000122,0,13,-13
101000123,2,7,-5
101000124,585,118,467
101000125,65,27,38
101000128,21,94,-73
101000130,491,75,416
101000131,360,318,42
101000132,35,118,-83
101000135,0,11,-11
101000136,10,10,0
101000137,7,325,-318
101000141,355,2929,-2574
101000147,187,37,150
101000148,51,1,50
101000149,0,0,0
101000150,23,78,-55
101000151,11,1,10
101000152,106,14,92
101000153,180,18,162
101000154,101,109,-8
101000155,2,0,2
101000156,0,0,0
101000157,1,2,-1
101000160,0,0,0
101000163,41,273,-232
101000164,50,54,-4
101000165,167,104,63
101000166,144,258,-114
101000168,5,5,0
101000252,854,174,680
101000254,0,0,0
101000258,304,10,294
101000261,400,28,372
101000262,303,1997,-1694
101000263,62,682,-620
101000265,4,194,-190
101000266,61,61,0
101000269,0,0,0
101000290,90,1395,-1305
101000293,0,0,0
101000294,166,139,27
101000295,51,66,-15
101000301,35,232,-197
101000304,498,1296,-798
101000305,1083,800,283
101000328,8,364,-356
101900001,0,0,0
101900002,0,0,0
101900003,0,0,0
101900004,0,0,0
101900005,0,0,0
101900006,0,0,0
101900007,0,0,0
101900008,0,0,0
101900009,0,0,0
101900010,0,0,0
101900011,0,0,0
101900012,0,0,0
101900013,0,0,0
101900017,0,0,0
101900018,3,0,3
101900019,1,0,1
101900020,4,0,4
101900021,0,0,0
101900022,3,1,2
101900023,0,0,0
101900026,0,0,0
101900027,0,0,0
102000001,578,1863,-1285
102000002,697,258,439
102000003,328,1494,-1166
102000004,406,1202,-796
102000005,127,1166,-1039
102000006,150,1171,-1021
102000007,185,1599,-1414
102000008,1057,781,276
102000009,2072,2796,-724
102000010,753,1018,-265
102000011,1257,2170,-913
102000012,1302,1201,101
102000018,401,404,-3
102000019,78,317,-239
102000026,0,62,-62
102000029,113,16,97
102000030,10,52,-42
102000031,1,49,-48
102000032,116,69,47
102000033,101,93,8
102000034,16,25,-9
102000035,82,51,31
102000036,4,64,-60
102000037,9,26,-17
102000038,20,21,-1
102000039,6,9,-3
102000040,49,30,19
102000041,10,74,-64
102000042,1,102,-101
102000043,0,16,-16
102000044,100,300,-200
102000045,96,333,-237
102000046,196,143,53
102000047,127,170,-43
102000048,87,153,-66
102000049,226,230,-4
102000050,195,323,-128
102000051,59,121,-62
102000052,377,281,96
102000053,449,315,134
102000054,97,125,-28
102000055,116,23,93
102000056,434,30,404
102000057,210,88,122
102000058,73,50,23
102000059,29,42,-13
102000060,411,490,-79
102000061,120,143,-23
102000062,629,459,170
102000063,55,279,-224
102000064,388,501,-113
102000065,9,55,-46
102000066,276,215,61
102000067,377,1436,-1059
102000068,1118,661,457
102000069,12,380,-368
102000070,420,2,418
102000071,2650,3449,-799
102000072,698,573,125
102000073,89,45,44
102000074,167,31,136
102000075,83,58,25
102000076,67,44,23
102000077,599,172,427
102000078,462,20,442
102000079,50,22,28
102000080,77,38,39
102000081,47,215,-168
102000082,57,92,-35
102000083,72,38,34
102000084,307,46,261
102000085,298,117,181
102000086,607,167,440
102000087,59,289,-230
102000088,126,49,77
102000089,401,128,273
102000090,173,308,-135
102000091,792,237,555
102000092,164,138,26
102000093,125,204,-79
102000094,226,76,150
102000095,100,267,-167
102000096,649,170,479
102000097,203,197,6
102000098,129,184,-55
102000099,290,167,123
102000100,50,192,-142
102000101,50,196,-146
102000102,87,232,-145
102000103,61,330,-269
102000104,66,121,-55
102000105,68,106,-38
102000106,149,72,77
102000107,549,31,518
102000108,153,26,127
102000109,76,66,10
102000110,473,124,349
102000111,3,23,-20
102000112,24,15,9
102000113,0,13,-13
102000114,78,107,-29
102000115,16,54,-38
102000116,39,213,-174
102000117,1,51,-50
102000118,196,608,-412
102000119,121,129,-8
102000120,44,130,-86
102000121,80,96,-16
102000122,54,214,-160
102000123,59,81,-22
102000124,92,267,-175
102000125,46,60,-14
102000126,83,177,-94
102000127,122,39,83
102000128,41,218,-177
102000129,115,92,23
102000130,184,402,-218
102000131,159,137,22
102000132,19,286,-267
102000133,976,264,712
102000134,181,166,15
102000135,42,207,-165
102000136,18,57,-39
102000137,21,31,-10
102000138,33,16,17
102000139,30,62,-32
102000140,5,5,0
102000141,20,42,-22
102000142,47,10,37
102000143,21,31,-10
102000144,105,20,85
102000145,46,8,38
102000146,126,11,115
102000147,33,12,21
102000148,5,129,-124
102000149,58,58,0
102000150,135,10,125
102000151,44,87,-43
102000152,60,63,-3
102000153,179,158,21
102000154,89,41,48
102000155,56,47,9
102000156,26,25,1
102000157,2,80,-78
102000158,10,139,-129
102000159,24,19,5
102000161,40,283,-243
102000162,10,9,1
102000163,2,176,-174
102000164,74,294,-220
102000165,0,0,0
102000166,2,41,-39
102000167,0,0,0
102000168,22,34,-12
102000169,17,98,-81
102000170,0,0,0
102000171,0,0,0
102000172,0,54,-54
102000173,90,86,4
102000174,1,3,-2
102000175,90,5,85
102000176,13,6,7
102000178,17,27,-10
102000179,83,83,0
102000180,156,60,96
102000181,253,96,157
102000182,162,86,76
102000183,636,167,469
102000184,146,60,86
102000185,840,109,731
102000186,337,70,267
102000187,130,92,38
102000188,350,331,19
102000189,293,58,235
102000190,225,628,-403
102000191,197,73,124
102000192,71,240,-169
102000193,17,6,11
102000194,7,23,-16
102000195,109,38,71
102000196,90,39,51
102000197,167,8,159
102000198,41,77,-36
102000199,276,10,266
102000200,84,156,-72
102000201,152,31,121
102000202,0,18,-18
102000203,53,3,50
102000204,107,110,-3
102000205,203,89,114
102000206,51,46,5
102000207,128,125,3
102000208,6,125,-119
102000209,7,2,5
102000210,64,7,57
102000211,12,0,12
102000212,265,17,248
102000213,0,0,0
102000214,139,0,139
102000215,0,1,-1
102000216,6,64,-58
102000217,0,0,0
102000218,85,45,40
102000219,3,19,-16
102000225,255,265,-10
102000226,0,0,0
102000227,61,2,59
102000228,0,0,0
102000229,1,2,-1
102000230,22,109,-87
102000231,40,148,-108
102000232,2,80,-78
102000233,94,134,-40
102000234,30,426,-396
102000236,24,5,19
102000237,86,13,73
102000238,1,3,-2
102000240,0,0,0
102000241,12,2,10
102000243,1,22,-21
102000245,0,0,0
102000246,3,41,-38
102000247,15,202,-187
102000248,149,312,-163
102000249,22,9,13
102000250,28,76,-48
102000254,55,38,17
102000266,0,11,-11
102000271,10,0,10
102000286,32,121,-89
102000297,111,153,-42
102000301,0,0,0
102000303,0,0,0
102000307,0,0,0
102900001,56,9,47
102900002,31,0,31
102900003,0,0,0
102900005,72,5,67
102900006,65,2,63
102900007,135,0,135
102900008,26,0,26
102900009,23,0,23
102900010,24,1,23
102900011,0,0,0
102900012,0,0,0
102900013,0,0,0
102900015,0,0,0
102900016,0,0,0
102900017,0,0,0
102900018,0,0,0
102900019,0,0,0
102900020,0,0,0
102900021,0,0,0
102900022,0,0,0
102900023,0,0,0
102900024,0,0,0
102900025,0,0,0
102900026,0,148,-148
102900027,0,0,0
102900028,0,34,-34
102900029,0,0,0
102900030,5,16,-11
102900031,29,23,6
102900032,0,0,0
102900033,0,0,0
102900034,106,0,106
102900035,0,0,0
102900036,137,10,127
102900037,31,10,21
102900038,5,5,0
102900039,1,0,1
102900040,0,0,0
102900041,0,0,0
102900042,0,0,0
102900043,0,0,0
102900044,0,0,0
102900045,0,0,0
102900046,0,0,0
102900047,0,0,0
102900048,0,0,0
102900049,0,0,0
102900050,0,0,0
102900051,0,0,0
102900052,0,0,0
102900053,0,0,0
102900054,1,0,1
102900055,0,0,0
102900056,0,0,0
102900057,0,0,0
102900058,0,0,0
102900059,0,0,0
102900060,1,31,-30
102900061,4,10,-6
102900062,45,8,37
102900063,56,2,54
102900064,0,66,-66
102900065,25,1,24
102900066,33,0,33
102900068,0,0,0
102900070,0,0,0
102900072,0,0,0
102900073,0,0,0
102900075,0,0,0
102900076,0,0,0
102900077,0,0,0
102900078,0,0,0
102900079,64,1,63
102900080,30,0,30
102900081,0,0,0
102900082,0,0,0
102900083,0,0,0
102900084,0,0,0
102900085,0,0,0
102900086,0,0,0
102900087,0,0,0
102900088,0,0,0
102900089,0,0,0
102900090,0,0,0
102900091,0,0,0
102900092,0,0,0
102900093,0,0,0
102900094,0,0,0
102900095,6,1,5
102900096,0,0,0
102900097,0,0,0
102900098,0,0,0
103000001,2162,1206,956
103000002,1227,1270,-43
103000003,1069,1150,-81
103000004,150,388,-238
103000005,925,1044,-119
103000006,538,567,-29
103000007,291,223,68
103000008,103,40,63
103000009,382,500,-118
103000010,89,19,70
103000011,361,615,-254
103000012,458,881,-423
103000013,323,402,-79
103000014,643,1616,-973
103000015,101,15,86
103000016,257,420,-163
103000017,69,223,-154
103000018,125,185,-60
103000019,181,135,46
103000020,348,501,-153
103000021,1921,1730,191
103000022,100,253,-153
103000023,457,1532,-1075
103000024,16,58,-42
103000025,20,308,-288
103000026,82,51,31
103000027,86,205,-119
103000028,183,245,-62
103000029,58,31,27
103000030,215,397,-182
103000031,341,873,-532
103000032,635,397,238
103000033,2431,2166,265
103000034,550,414,136
103000035,155,565,-410
103000036,95,151,-56
103000037,157,128,29
103000038,185,620,-435
103000039,130,99,31
103000040,111,336,-225
103000041,613,468,145
103000042,529,58,471
103000043,330,261,69
103000044,51,13,38
103000046,13,19,-6
103000047,71,113,-42
103000048,15,12,3
103000049,6,48,-42
103000050,53,7,46
103000051,16,52,-36
103000052,25,4,21
103000053,0,32,-32
103000054,840,89,751
103000055,926,406,520
103000056,244,262,-18
103000057,435,137,298
103000058,270,112,158
103000059,263,269,-6
103000060,230,76,154
103000061,251,289,-38
103000062,107,39,68
103000063,319,377,-58
103000064,29,20,9
103000065,3,7,-4
103000066,47,2,45
103000069,103,54,49
103000070,100,29,71
103000071,156,134,22
103000072,51,98,-47
103000073,361,40,321
103000074,199,14,185
103000075,3,58,-55
103000076,63,278,-215
103000077,1,59,-58
103000078,150,307,-157
103000079,95,253,-158
103000080,360,155,205
103000081,81,399,-318
103000082,364,31,333
103000083,1,72,-71
103000084,16,3,13
103000085,0,21,-21
103000086,442,226,216
103000087,55,338,-283
103000088,183,206,-23
103000089,123,303,-180
103000090,3028,2044,984
103000091,666,643,23
103000092,417,120,297
103000093,99,90,9
103000094,173,78,95
103000095,4,62,-58
103000096,260,9,251
103000097,4,69,-65
103000098,384,42,342
103000099,30,62,-32
103000100,82,90,-8
103000101,480,39,441
103000102,5,62,-57
103000103,288,24,264
103000104,60,26,34
103000105,104,8,96
103000106,6,43,-37
103000107,87,19,68
103000108,685,951,-266
103000109,156,460,-304
103000110,423,567,-144
103000111,98,132,-34
103000112,68,154,-86
103000113,49,409,-360
103000114,511,319,192
103000115,671,586,85
103000116,524,198,326
103000117,442,171,271
103000118,55,103,-48
103000119,56,83,-27
103000120,0,8,-8
103000121,44,39,5
103000122,641,929,-288
103000125,1,16,-15
103000126,292,3,289
103000127,0,49,-49
103000128,33,0,33
103000129,1,27,-26
103000130,33,11,22
103000131,27,76,-49
103000132,4,27,-23
103000133,1,27,-26
103000134,104,119,-15
103000135,126,83,43
103000136,100,38,62
103000137,57,263,-206
103000138,117,235,-118
103000139,0,21,-21
103000140,14,4,10
103000141,0,35,-35
103000142,41,14,27
103000143,19,8,11
103000144,49,18,31
103000145,0,18,-18
103000150,14,48,-34
103000152,62,140,-78
103000153,87,243,-156
103000156,0,40,-40
103000157,46,0,46
103000159,115,46,69
103000162,4,0,4
103000163,1,11,-10
103000164,1,2,-1
103000165,8,53,-45
103000166,78,210,-132
103000167,135,54,81
103000168,85,44,41
103000169,100,144,-44
103000170,677,214,463
103000171,9,20,-11
103000172,400,173,227
103000173,4,11,-7
103000174,562,176,386
103000175,43,24,19
103000176,215,185,30
103000177,60,15,45
103000178,27,17,10
103000179,34,2,32
103000183,88,0,88
103000185,101,5,96
103000186,137,40,97
103000187,5,2,3
103000188,2,52,-50
103000189,284,305,-21
103000191,148,137,11
103000292,50,163,-113
103000293,40,637,-597
103000295,39,38,1
103000296,23,0,23
103000297,1,0,1
103000504,0,1,-1
103000505,0,0,0
103000506,0,9,-9
103000507,85,0,85
103000508,45,37,8
103000509,139,85,54
103900001,0,0,0
103900002,0,0,0
103900003,51,8,43
103900004,0,0,0
103900005,0,0,0
103900006,0,0,0
103900007,0,0,0
103900008,0,0,0
103900009,69,14,55
103900010,36,0,36
103900011,0,0,0
103900012,0,4,-4
103900013,0,0,0
103900014,0,0,0
103900015,19,0,19
103900016,0,0,0
103900017,0,0,0
103900018,0,0,0
103900019,1,51,-50
103900020,0,0,0
103900021,9,0,9
103900022,80,1,79
103900023,34,0,34
103900024,0,3,-3
103900025,0,0,0
103900026,0,0,0
103900027,38,3,35
103900028,5,14,-9
103900029,144,2,142
103900030,22,4,18
103900031,8,0,8
103900032,4,2,2
103900033,1,0,1
103900034,0,3,-3
103900035,0,0,0
103900036,18,1,17
103900037,0,2,-2
103900038,0,38,-38
103900039,1,1,0
103900040,0,0,0
103900041,0,1,-1
103900042,0,0,0
103900043,0,0,0
103900044,0,58,-58
103900045,2,0,2
103900047,0,0,0
103900048,0,0,0
103900049,0,0,0
103900050,0,0,0
103900051,0,0,0
103900052,0,0,0
103900053,1,0,1
103900054,0,0,0
103900055,0,0,0
103900056,0,0,0
103900057,45,0,45
103900058,0,0,0
103900059,0,0,0
103900060,48,2,46
103900061,55,0,55
103900062,0,0,0
103900063,0,0,0
103900064,9,0,9
103900065,15,4,11
103900066,30,6,24
103900067,4,0,4
103900068,0,0,0
103900069,2,0,2
103900070,2,0,2
103900071,0,2,-2
103900072,0,0,0
103900073,0,30,-30
103900074,19,0,19
103900075,18,0,18
103900076,0,0,0
103900077,1,5,-4
103900078,0,0,0
103900079,0,0,0
103900080,0,0,0
103900081,0,0,0
103900082,0,0,0
103900083,37,152,-115
103900084,0,0,0
103900085,0,0,0
103900086,14,8,6
103900088,3,10,-7
103900089,0,3,-3
103900090,3,0,3
103900091,0,0,0
103900092,0,0,0
103900093,16,0,16
103900094,0,0,0
103900095,0,0,0
103900096,24,0,24
103900097,0,0,0
103900098,0,0,0
103900099,10,0,10
103900100,0,0,0
103900101,0,0,0
103900102,0,0,0
103900104,0,1,-1
103900105,1,0,1
103900106,0,0,0
103900107,51,1,50
103900108,10,6,4
103900109,1,0,1
103900110,0,0,0
103900111,0,0,0
103900112,0,1,-1
103900113,0,0,0
103900114,0,0,0
103900115,0,0,0
103900116,0,3,-3
103900117,8,1,7
103900119,0,77,-77
103900120,3,1,2
103900122,0,0,0
103900123,0,0,0
103900124,0,0,0
103900125,0,0,0
103900126,20,0,20
103900127,0,0,0
103900128,0,0,0
103900131,0,0,0
103900133,39,0,39
103900134,0,0,0
103900135,0,0,0
103900137,0,0,0
103900138,0,0,0
103900139,11,67,-56
103900140,0,0,0
103900141,1,1,0
103900142,27,0,27
103900143,0,0,0
103900144,0,0,0
103900145,2,16,-14
103900146,18,3,15
103900147,0,0,0
103900148,0,0,0
103900149,15,3,12
103900150,141,36,105
103900151,1,0,1
103900152,221,10,211
103900153,0,0,0
103900154,0,8,-8
103900155,3,0,3
103900156,0,0,0
103900157,0,0,0
103900158,7,0,7
103900159,0,0,0
103900160,0,0,0
103900161,0,5,-5
103900162,0,0,0
103900163,0,0,0
103900167,0,3,-3
103900168,6,1,5
103900169,3,2,1
103900170,0,0,0
103900171,0,0,0
103900172,0,0,0
103900173,0,11,-11
103900174,65,2,63
103900175,1,1,0
103900176,0,0,0
103900177,0,0,0
103900178,0,0,0
103900179,0,0,0
103900180,0,0,0
103900181,0,0,0
103900182,0,0,0
103900184,0,0,0
103900185,0,0,0
103900187,4,1,3
103900188,10,0,10
103900189,8,0,8
103900190,5,1,4
103900191,0,0,0
103900192,0,0,0
103900193,0,0,0
103900194,0,0,0
103900195,0,0,0
103900196,0,0,0
103900197,0,0,0
103900198,0,0,0
103900199,0,0,0
103900200,0,0,0
103900201,0,0,0
103900202,0,0,0
103900203,1,0,1
103900204,0,0,0
103900207,0,0,0
103900208,29,0,29
103900209,0,0,0
103900210,0,0,0
103900211,34,0,34
103900212,0,0,0
103900213,0,0,0
103900214,140,162,-22
103900215,0,0,0
103900216,1,0,1
103900217,29,0,29
103900218,0,0,0
103900219,0,0,0
103900233,0,0,0
103900235,0,0,0
103900236,0,0,0
103900242,0,0,0
103900243,0,0,0
103900244,2,1,1
103900245,0,0,0
103900246,0,0,0
103900247,0,0,0
103900248,0,0,0
103900249,0,0,0
103900250,0,0,0
103900251,0,0,0
103900253,0,0,0
103900254,0,0,0
103900255,0,0,0
103900256,0,0,0
103900257,0,0,0
103900258,0,0,0
103900259,0,0,0
103900261,0,0,0
103900262,0,0,0
103900263,0,0,0
103900264,0,0,0
103900265,0,0,0
103900266,0,0,0
103900267,0,0,0
103900268,0,4,-4
103900269,0,0,0
103900270,0,0,0
103900271,0,1,-1
103900272,13,0,13
103900273,0,0,0
103900274,0,0,0
103900275,0,0,0
103900276,0,0,0
103900277,0,0,0
103900278,0,0,0
103900279,0,0,0
103900280,0,0,0
104000001,825,651,174
104000002,897,1294,-397
104000003,1075,1022,53
104000004,1244,1278,-34
104000005,712,1220,-508
104000006,1108,724,384
104000007,2640,1476,1164
104000008,42,16,26
104000009,513,249,264
104000010,50,156,-106
104000011,14,13,1
104000012,14,28,-14
104000013,116,205,-89
104000014,69,25,44
104000015,197,57,140
104000016,24,28,-4
104000018,446,80,366
104000019,687,127,560
104000020,27,181,-154
104000021,109,232,-123
104000022,55,188,-133
104000023,497,97,400
104000024,28,21,7
104000026,30,7,23
104000027,5,17,-12
104000028,505,138,367
104000029,30,17,13
104000030,443,398,45
104000031,568,41,527
104000032,40,10,30
104000033,553,78,475
104000034,66,16,50
104000035,718,89,629
104000036,566,230,336
104000037,9,16,-7
104000038,373,121,252
104000039,304,193,111
104000040,106,227,-121
104000041,218,111,107
104000042,176,178,-2
104000043,49,95,-46
104000044,113,95,18
104000045,278,62,216
104000046,358,153,205
104000047,126,374,-248
104000048,406,695,-289
104000049,262,129,133
104000050,78,151,-73
104000051,1,39,-38
104000052,530,532,-2
104000053,457,87,370
104000054,194,30,164
104000055,1115,253,862
104000056,245,5,240
104000057,0,0,0
104000058,474,406,68
104000059,185,455,-270
104000060,263,378,-115
104000061,271,156,115
104000062,98,4,94
104000064,211,47,164
104000065,13,69,-56
104000069,274,493,-219
104000070,35,122,-87
104000071,0,0,0
104000072,87,14,73
104000075,0,0,0
104000076,0,0,0
104000082,427,745,-318
104000083,318,40,278
104000084,16,179,-163
104000085,247,36,211
104000086,111,77,34
104000087,32,132,-100
104000090,62,93,-31
104000092,86,116,-30
104000094,152,90,62
104000095,261,507,-246
104000096,839,1,838
104000097,845,88,757
104000098,1473,79,1394
104000100,1039,131,908
104000101,444,486,-42
104000106,39,99,-60
104000107,481,58,423
104000108,71,21,50
104000109,51,20,31
104000110,95,216,-121
104000111,232,408,-176
104000112,41,27,14
104000116,0,65,-65
104000117,152,73,79
104000118,293,71,222
104000119,77,73,4
104000120,98,96,2
104000121,86,124,-38
104000122,433,282,151
104000123,205,327,-122
104000124,200,657,-457
104000125,194,471,-277
104000126,221,307,-86
104000127,484,699,-215
104000128,472,59,413
104000129,54,4,50
104000130,2,66,-64
104000131,7,5,2
104000132,4,1,3
104000133,261,185,76
104000134,286,705,-419
104000135,85,938,-853
104000136,476,1428,-952
104000137,614,268,346
104000138,76,67,9
104000139,1010,1386,-376
104000141,286,310,-24
104000142,208,72,136
104000143,150,34,116
104000144,45,79,-34
104000145,120,60,60
104000146,26,102,-76
104000147,1,61,-60
104000148,125,62,63
104000149,8,24,-16
104000150,361,121,240
104000151,23,51,-28
104000152,162,119,43
104000153,360,269,91
104000154,176,194,-18
104000155,245,384,-139
104000157,544,392,152
104000158,36,163,-127
104000159,204,91,113
104000160,1010,1176,-166
104000161,18,32,-14
104000162,19,33,-14
104000165,333,126,207
104000167,317,655,-338
104000168,284,0,284
104000169,78,11,67
104000170,5,8,-3
104000248,0,47,-47
104000251,0,0,0
104000272,0,0,0
104000273,0,0,0
104000274,0,0,0
104000275,0,0,0
104000279,172,520,-348
104000290,2,71,-69
104000291,320,305,15
104000293,420,397,23
104000294,5,1,4
104000295,280,777,-497
104000296,96,208,-112
104000297,291,1240,-949
104000298,388,257,131
104000299,388,589,-201
104900001,0,0,0
104900002,0,0,0
104900003,0,0,0
104900004,0,0,0
104900005,0,0,0
104900006,0,0,0
104900007,0,0,0
104900009,0,0,0
104900010,0,0,0
104900011,0,0,0
104900012,0,0,0
104900013,0,0,0
104900014,0,0,0
104900015,0,0,0
104900016,0,0,0
104900017,0,0,0
104900018,0,0,0
104900019,0,0,0
104900020,0,0,0
104900021,0,0,0
104900022,2,0,2
104900023,0,0,0
104900024,0,0,0
104900025,0,0,0
104900026,0,0,0
104900027,0,0,0
104900028,0,0,0
104900029,0,0,0
104900030,0,0,0
104900031,0,0,0
104900032,0,0,0
104900033,0,0,0
104900034,0,0,0
104900035,0,0,0
104900036,2,0,2
104900037,0,0,0
104900038,0,0,0
104900039,0,0,0
104900040,1,0,1
104900041,0,0,0
104900042,0,0,0
104900043,0,0,0
104900044,64,1,63
104900045,0,0,0
104900046,0,0,0
104900047,66,0,66
104900048,39,1,38
104900049,0,0,0
104900050,0,0,0
104900051,5,0,5
104900052,0,0,0
104900053,34,2,32
104900054,3,0,3
104900055,0,0,0
104900056,24,0,24
104900057,0,0,0
104900058,18,0,18
104900059,41,3,38
104900060,0,0,0
104900061,0,0,0
104900063,0,0,0
104900064,0,0,0
104900065,0,0,0
104900066,0,0,0
104900067,0,0,0
104900068,0,0,0
104900070,0,0,0
104900071,0,0,0
104900072,0,0,0
104900073,0,0,0
104900074,0,0,0
104900075,0,0,0
104900076,0,0,0
104900077,0,0,0
104900078,0,0,0
104900079,0,0,0
104900080,0,0,0
104900082,0,0,0
104900085,1,0,1
104900087,65,0,65
104900089,0,0,0
104900090,0,0,0
104900091,0,0,0
104900093,0,0,0
104900097,0,0,0
104900098,0,0,0
104900099,0,0,0
104900100,0,0,0
104900102,0,0,0
104900103,0,0,0
104900104,0,0,0
104900106,0,0,0
104900107,0,0,0
104900108,0,0,0
104900109,0,0,0
104900110,0,0,0
104900111,0,0,0
104900112,0,0,0
104900113,0,0,0
104900114,0,0,0
104900115,0,0,0
104900116,0,0,0
104900118,0,0,0
104900119,0,0,0
104900120,0,0,0
104900121,0,0,0
104900122,0,0,0
104900123,0,0,0
104900124,0,0,0
104900125,30,0,30
104900126,0,0,0
104900127,0,0,0
104900128,28,0,28
104900129,0,0,0
105000001,874,432,442
105000002,631,577,54
105000003,832,1298,-466
105000004,237,463,-226
105000005,256,559,-303
105000006,461,994,-533
105000007,238,770,-532
105000008,307,1321,-1014
105000009,1732,1492,240
105000010,925,500,425
105000011,1060,1682,-622
105000012,441,585,-144
105000013,425,504,-79
105000014,1717,1064,653
105000015,3303,5214,-1911
105000016,1066,764,302
105000017,957,540,417
105000018,1035,467,568
105000019,672,906,-234
105000020,28,125,-97
105000021,78,6,72
105000022,31,14,17
105000023,157,107,50
105000028,7,124,-117
105000029,39,334,-295
105000030,1507,918,589
105000033,370,537,-167
105000034,49,232,-183
105000037,121,10,111
105000038,298,486,-188
105000039,120,259,-139
105000040,223,418,-195
105000041,30,171,-141
105000042,744,535,209
105000043,175,108,67
105000044,219,145,74
105000045,95,94,1
105000046,367,77,290
105000047,105,144,-39
105000048,548,209,339
105000049,133,53,80
105000050,440,177,263
105000051,94,64,30
105000052,139,239,-100
105000053,124,21,103
105000054,193,211,-18
105000055,252,37,215
105000056,586,279,307
105000057,905,103,802
105000058,464,386,78
105000059,498,180,318
105000060,257,95,162
105000061,493,119,374
105000062,222,102,120
105000063,33,72,-39
105000064,640,193,447
105000065,37,67,-30
105000066,208,141,67
105000067,790,309,481
105000068,48,168,-120
105000069,519,428,91
105000070,333,419,-86
105000071,184,909,-725
105000072,773,1075,-302
105000073,358,329,29
105000074,18,138,-120
105000075,94,204,-110
105000076,514,223,291
105000077,834,229,605
105000078,237,457,-220
105000079,82,216,-134
105000080,1013,976,37
105000081,183,85,98
105000082,360,754,-394
105000083,1548,978,570
105000084,59,137,-78
105000085,2202,1229,973
105000086,163,105,58
105000087,51,167,-116
105000088,1077,973,104
105000089,369,459,-90
105000090,187,124,63
105000091,195,78,117
105000092,140,87,53
105000093,62,133,-71
105000094,220,74,146
105000095,12,124,-112
105000096,532,617,-85
105000097,173,49,124
105000098,424,365,59
105000099,80,39,41
105000100,355,260,95
105000101,959,341,618
105000102,454,255,199
105000103,496,369,127
105000104,542,118,424
105000105,525,354,171
105000106,443,177,266
105000107,374,152,222
105000108,474,162,312
105000109,491,199,292
105000110,297,91,206
105000111,345,119,226
105000112,433,162,271
105000113,190,359,-169
105000114,562,736,-174
105000115,173,619,-446
105000116,461,147,314
105000117,184,101,83
105000118,128,95,33
105000119,81,127,-46
105000120,622,173,449
105000121,203,90,113
105000122,175,131,44
105000123,178,119,59
105000124,806,166,640
105000125,437,292,145
105000126,727,281,446
105000127,987,283,704
105000128,126,155,-29
105000129,195,79,116
105000130,57,1562,-1505
105000131,76,38,38
105000132,539,423,116
105000133,57,29,28
105000134,382,109,273
105000135,22,42,-20
105000136,0,0,0
105000137,273,14,259
105000138,0,0,0
105000139,165,95,70
105000140,391,62,329
105000141,144,44,100
105000142,250,91,159
105000143,100,111,-11
105000144,89,74,15
105000145,282,165,117
105000146,0,0,0
105000147,416,78,338
105000148,322,87,235
105000149,750,539,211
105000150,11,10,1
105000151,191,42,149
105000152,90,83,7
105000153,267,83,184
105000154,117,37,80
105000155,91,94,-3
105000156,38,88,-50
105000157,328,191,137
105000158,499,132,367
105000159,169,68,101
105000160,797,173,624
105000161,171,144,27
105000162,170,638,-468
105000163,260,153,107
105000164,11,62,-51
105000165,91,1697,-1606
105000166,191,236,-45
105000167,227,858,-631
105000168,65,130,-65
105000169,153,17,136
105000170,44,476,-432
105000171,391,35,356
105000172,34,0,34
105000173,86,17,69
105000174,7,13,-6
105000175,0,0,0
105000176,148,13,135
105000177,140,32,108
105000178,40,50,-10
105000179,177,6,171
105000180,0,0,0
105000181,38,34,4
105000182,0,0,0
105000183,481,1239,-758
105000184,3,3,0
105000185,154,307,-153
105000186,1,11,-10
105000187,175,108,67
105000188,32,84,-52
105000189,0,5,-5
105000190,82,141,-59
105000191,22,2,20
105000192,179,27,152
105000193,40,17,23
105000194,197,15,182
105000195,28,82,-54
105000196,52,167,-115
105000197,5,100,-95
105000198,19,40,-21
105000199,18,147,-129
105000200,48,117,-69
105000201,17,0,17
105000203,21,134,-113
105000204,7,43,-36
105000205,30,126,-96
105000207,0,0,0
105000208,52,136,-84
105000209,0,0,0
105000212,304,119,185
105000213,39,19,20
105000214,68,13,55
105000215,52,44,8
105000216,11,1,10
105000217,0,0,0
105000218,894,170,724
105000221,99,27,72
105000222,88,25,63
105000223,34,12,22
105000226,41,39,2
105000227,15,35,-20
105000228,32,451,-419
105000229,98,331,-233
105000231,181,41,140
105000233,261,264,-3
105000234,159,211,-52
105000235,210,188,22
105000237,276,11,265
105000243,35,12,23
105000248,9,26,-17
105000262,119,25,94
105000269,30,18,12
105000270,226,1,225
105000271,0,14,-14
105000282,13,13,0
105000287,126,18,108
105000288,119,133,-14
105000289,455,664,-209
105000290,3,60,-57
105000402,235,850,-615
105000426,25,194,-169
105000438,515,521,-6
105000446,1617,2533,-916
105000447,1424,299,1125
105000454,0,0,0
105000455,70,37,33
105000474,21,18,3
105000477,135,125,10
105000478,614,2257,-1643
105000479,40,34,6
105000480,1835,2527,-692
105000481,1259,869,390
105000482,641,1347,-706
105000483,377,857,-480
105000484,611,1115,-504
105000485,960,1390,-430
105000486,606,1420,-814
105000488,499,1349,-850
105000489,595,242,353
105000549,27,25,2
105000550,0,0,0
105000551,16,14,2
105000552,475,273,202
105000555,584,550,34
105000556,0,1,-1
105000557,1,2,-1
105900001,0,78,-78
105900002,93,15,78
105900003,0,0,0
105900004,0,0,0
105900005,0,0,0
105900006,17,10,7
105900007,0,2,-2
105900008,0,0,0
105900009,2,2,0
105900011,0,1,-1
105900012,7,14,-7
105900013,0,0,0
105900014,5,1,4
105900015,0,0,0
105900016,13,0,13
105900017,0,0,0
105900018,0,0,0
105900019,0,8,-8
105900020,0,0,0
105900021,0,16,-16
105900022,0,0,0
105900023,0,7,-7
105900024,0,5,-5
105900025,1,0,1
105900026,0,0,0
105900027,563,71,492
105900028,5,0,5
105900029,324,46,278
105900030,19,44,-25
105900031,0,0,0
105900032,0,0,0
105900033,0,0,0
105900034,0,0,0
105900035,0,0,0
105900036,0,0,0
105900037,0,0,0
105900038,0,0,0
105900039,0,0,0
105900040,0,0,0
105900041,0,0,0
105900042,0,0,0
105900043,25,0,25
105900044,0,0,0
105900045,0,0,0
105900046,0,0,0
105900047,0,0,0
105900048,30,22,8
105900050,6,83,-77
105900051,1,33,-32
105900052,7,0,7
105900053,0,0,0
105900054,0,0,0
105900056,23,3,20
105900057,11,2,9
105900058,0,0,0
105900059,0,0,0
106000001,861,723,138
106000002,69,540,-471
106000003,1048,1673,-625
106000004,387,1733,-1346
106000005,1914,2273,-359
106000006,1019,1029,-10
106000007,418,115,303
106000008,30,64,-34
106000009,352,179,173
106000010,41,75,-34
106000011,840,399,441
106000012,85,166,-81
106000013,1175,791,384
106000014,170,232,-62
106000015,1286,500,786
106000016,213,254,-41
106000017,854,183,671
106000018,63,125,-62
106000019,233,196,37
106000020,23,32,-9
106000021,466,184,282
106000022,64,24,40
106000023,781,116,665
106000024,48,39,9
106000025,228,258,-30
106000026,2,41,-39
106000027,1527,679,848
106000028,6,25,-19
106000029,30,15,15
106000030,0,0,0
106000034,0,0,0
106000035,345,518,-173
106000036,0,0,0
106000037,128,48,80
106000038,10,5,5
106000039,2,27,-25
106000040,0,37,-37
106000041,321,95,226
106000043,165,18,147
106000046,65,9,56
106000047,0,0,0
106000049,460,8,452
106000050,32,95,-63
106000051,457,185,272
106000052,0,0,0
106000053,311,55,256
106000054,0,0,0
106000055,393,19,374
106000056,0,0,0
106000057,268,32,236
106000058,0,0,0
106000059,239,135,104
106000060,0,0,0
106000061,81,421,-340
106000062,0,0,0
106000063,457,491,-34
106000064,0,0,0
106000065,435,62,373
106000066,16,42,-26
106000067,294,39,255
106000068,25,9,16
106000069,192,11,181
106000070,56,8,48
106000071,449,136,313
106000072,352,622,-270
106000073,469,1191,-722
106000074,272,403,-131
106000075,92,324,-232
106000076,475,270,205
106000077,772,253,519
106000078,516,133,383
106000079,581,124,457
106000080,756,116,640
106000081,352,125,227
106000082,595,60,535
106000083,263,287,-24
106000084,617,144,473
106000085,322,263,59
106000086,257,127,130
106000087,169,134,35
106000088,212,156,56
106000089,543,56,487
106000090,290,193,97
106000091,57,61,-4
106000092,215,148,67
106000093,419,32,387
106000094,0,0,0
106000095,392,97,295
106000096,745,87,658
106000097,368,94,274
106000098,658,40,618
106000099,85,54,31
106000100,729,54,675
106000101,502,22,480
106000102,9,81,-72
106000103,19,141,-122
106000104,458,75,383
106000105,48,128,-80
106000106,392,56,336
106000107,39,57,-18
106000108,233,45,188
106000109,9,38,-29
106000110,155,35,120
106000111,75,86,-11
106000112,150,143,7
106000113,77,226,-149
106000114,299,150,149
106000115,126,219,-93
106000116,245,166,79
106000117,52,36,16
106000118,496,297,199
106000119,19,127,-108
106000120,315,387,-72
106000121,127,78,49
106000122,110,67,43
106000123,200,38,162
106000124,155,26,129
106000125,32,36,-4
106000126,289,24,265
106000127,237,98,139
106000128,318,63,255
106000129,192,150,42
106000130,568,95,473
106000131,21,247,-226
106000132,301,37,264
106000133,95,526,-431
106000134,195,1213,-1018
106000135,3,91,-88
106000136,438,517,-79
106000137,0,100,-100
106000138,1016,18,998
106000139,72,38,34
106000140,0,0,0
106000141,0,0,0
106000142,42,17,25
106000143,0,0,0
106000144,56,30,26
106000145,0,0,0
106000146,306,84,222
106000147,155,59,96
106000148,145,216,-71
106000149,485,64,421
106000150,232,595,-363
106000151,689,178,511
106000152,469,574,-105
106000153,27,367,-340
106000154,292,84,208
106000155,37,74,-37
106000156,546,44,502
106000157,125,453,-328
106000158,441,392,49
106000159,298,530,-232
106000160,221,912,-691
106000161,150,72,78
106000162,161,427,-266
106000163,46,50,-4
106000164,294,39,255
106000165,35,98,-63
106000166,400,25,375
106000167,124,219,-95
106000168,229,50,179
106000169,61,112,-51
106000170,313,19,294
106000171,69,333,-264
106000172,674,88,586
106000173,446,516,-70
106000174,663,8,655
106000175,61,9,52
106000176,640,146,494
106000177,105,74,31
106000178,880,122,758
106000179,86,36,50
106000180,180,192,-12
106000181,348,302,46
106000182,877,108,769
106000183,723,58,665
106000184,396,84,312
106000185,228,189,39
106000186,81,8,73
106000187,13,208,-195
106000188,0,0,0
106000189,0,46,-46
106000190,1,0,1
106000191,151,2,149
106000192,0,0,0
106000193,20,56,-36
106000194,5,25,-20
106000195,15,18,-3
106000196,2,66,-64
106000197,118,28,90
106000198,20,20,0
106000199,123,119,4
106000200,31,159,-128
106000201,79,930,-851
106000202,208,121,87
106000203,0,0,0
106000204,4,3,1
106000205,0,0,0
106000206,10,1,9
106000207,0,3,-3
106000208,814,22,792
106000209,941,99,842
106000210,33,14,19
106000211,7,29,-22
106000212,722,77,645
106000213,4,42,-38
106000214,523,92,431
106000215,62,128,-66
106000216,468,111,357
106000217,15,133,-118
106000218,208,48,160
106000219,21,90,-69
106000220,271,33,238
106000221,97,46,51
106000222,48,22,26
106000223,162,41,121
106000224,55,53,2
106000225,28,91,-63
106000226,24,106,-82
106000228,0,0,0
106000229,0,0,0
106000231,317,6,311
106000232,0,0,0
106000233,86,15,71
106000234,0,0,0
106000235,38,24,14
106000236,0,0,0
106000237,0,0,0
106000238,0,16,-16
106000239,0,0,0
106000240,5,0,5
106000241,1,83,-82
106000242,50,5,45
106000249,86,9,77
106000250,4,133,-129
106000251,15,2,13
106000252,0,0,0
106000253,30,3,27
106000254,0,0,0
106000255,32,6,26
106000256,0,0,0
106000257,8,53,-45
106000258,12,2,10
106000259,0,0,0
106000260,3,0,3
106000261,0,0,0
106000262,3,0,3
106000263,0,0,0
106000264,50,0,50
106000265,0,0,0
106000266,50,0,50
106000267,0,0,0
106000268,95,0,95
106000269,0,0,0
106000270,31,8,23
106000271,1,26,-25
106000272,0,0,0
106000273,1,17,-16
106000274,0,0,0
106000275,7,9,-2
106000276,0,0,0
106000277,1,7,-6
106000278,0,0,0
106000279,0,0,0
106000280,0,0,0
106000281,0,0,0
106000282,0,0,0
106000283,0,0,0
106000284,0,0,0
106000285,0,0,0
106000286,0,0,0
106000287,0,0,0
106000288,0,0,0
106000289,0,0,0
106000290,0,0,0
106000291,0,0,0
106000292,0,0,0
106000293,0,0,0
106000294,0,0,0
106000295,0,0,0
106000296,0,0,0
106000297,0,0,0
106000298,0,0,0
106000299,0,0,0
106000300,0,0,0
106000301,0,0,0
106000303,4,1,3
106000304,0,0,0
106000305,8,0,8
106000306,0,0,0
106000307,51,0,51
106000308,0,0,0
106000309,0,0,0
106000310,144,52,92
106000311,45,5,40
106000312,33,31,2
106000313,30,7,23
106000318,0,0,0
106000319,343,43,300
106000320,0,28,-28
106000321,12,150,-138
106000322,113,47,66
106000324,29,22,7
106000325,1355,317,1038
106000326,88,202,-114
106000327,154,15,139
106000328,1,5,-4
106000329,5,11,-6
106000330,17,14,3
106000428,30,149,-119
106000429,12,181,-169
106000430,11,280,-269
106000431,1018,157,861
106000432,72,409,-337
106000433,1172,560,612
106000434,1626,569,1057
106000435,60,403,-343
106000436,0,25,-25
106000437,125,18,107
106000438,40,170,-130
106000439,0,29,-29
106000440,55,161,-106
106000441,0,0,0
106000442,25,0,25
106000443,231,270,-39
106000450,0,2,-2
106000451,23,26,-3
106000454,0,0,0
106000455,0,3,-3
106000456,33,1,32
106000457,0,0,0
106000458,501,75,426
106000459,0,0,0
106000460,436,6,430
106000461,0,0,0
106000462,0,0,0
106000463,0,2,-2
106000464,0,0,0
106000465,347,0,347
106000466,0,0,0
106000467,0,38,-38
106000468,53,52,1
106000469,93,0,93
106000470,0,23,-23
106000471,0,0,0
106000472,54,1,53
106000473,0,0,0
106000474,28,76,-48
106000475,163,89,74
106000476,92,216,-124
106000477,0,0,0
106000480,0,0,0
106900001,0,0,0
106900002,0,0,0
106900003,0,0,0
106900004,0,0,0
106900006,0,0,0
106900007,0,0,0
106900008,0,0,0
106900009,0,0,0
106900010,0,0,0
106900012,0,0,0
106900013,0,0,0
106900014,0,0,0
106900015,0,0,0
106900016,0,0,0
106900017,0,0,0
106900018,0,0,0
106900019,31,1,30
106900020,0,0,0
106900021,1,0,1
106900022,0,0,0
106900023,0,0,0
106900024,0,0,0
106900025,0,0,0
106900026,0,0,0
106900027,165,0,165
107000001,1365,2389,-1024
107000002,427,616,-189
107000003,3513,3628,-115
107000004,1150,598,552
107000005,3245,2603,642
107000006,1228,518,710
107000007,2145,2748,-603
107000008,1189,897,292
107000009,5350,5692,-342
107000010,1697,878,819
107000011,88,95,-7
107000012,539,217,322
107000013,0,0,0
107000014,0,0,0
107000015,0,0,0
107000016,0,0,0
107000017,82,94,-12
107000018,0,31,-31
107000020,76,311,-235
107000021,145,70,75
107000022,208,283,-75
107000023,501,69,432
107000024,126,441,-315
107000025,154,88,66
107000026,105,140,-35
107000027,459,171,288
107000028,405,237,168
107000029,1299,711,588
107000030,637,513,124
107000031,1421,675,746
107000032,62,364,-302
107000033,702,812,-110
107000034,346,150,196
107000035,93,94,-1
107000036,84,303,-219
107000037,48,397,-349
107000038,25,63,-38
107000039,316,489,-173
107000040,90,27,63
107000041,362,262,100
107000042,97,770,-673
107000043,320,198,122
107000044,65,109,-44
107000045,45,94,-49
107000046,354,176,178
107000047,124,196,-72
107000048,327,197,130
107000049,156,241,-85
107000050,300,230,70
107000051,215,248,-33
107000052,279,445,-166
107000053,198,162,36
107000054,17,131,-114
107000055,157,78,79
107000056,345,576,-231
107000057,536,213,323
107000058,1493,1563,-70
107000059,135,268,-133
107000060,3021,2937,84
107000061,773,567,206
107000062,2690,1240,1450
107000063,594,610,-16
107000064,2217,1669,548
107000065,447,615,-168
107000066,1270,1563,-293
107000067,354,354,0
107000068,246,361,-115
107000069,370,602,-232
107000070,328,5,323
107000071,1179,4,1175
107000072,0,101,-101
107000073,337,92,245
107000074,13,70,-57
107000075,1217,50,1167
107000076,12,117,-105
107000077,1241,165,1076
107000078,14,121,-107
107000079,1217,185,1032
107000080,64,143,-79
107000081,1162,242,920
107000082,265,234,31
107000083,619,280,339
107000084,58,250,-192
107000085,1070,1030,40
107000086,453,637,-184
107000087,844,779,65
107000088,373,499,-126
107000089,487,521,-34
107000090,152,178,-26
107000091,634,208,426
107000092,131,202,-71
107000093,332,525,-193
107000094,153,159,-6
107000095,656,355,301
107000096,73,118,-45
107000097,357,179,178
107000098,59,151,-92
107000099,320,303,17
107000100,70,111,-41
107000101,124,187,-63
107000102,175,189,-14
107000103,308,90,218
107000104,65,99,-34
107000105,471,51,420
107000106,27,37,-10
107000107,347,132,215
107000108,64,94,-30
107000109,284,49,235
107000110,0,0,0
107000111,223,9,214
107000112,0,0,0
107000113,446,41,405
107000114,0,0,0
107000115,407,73,334
107000116,0,0,0
107000117,40,368,-328
107000118,0,0,0
107000119,248,642,-394
107000120,0,0,0
107000121,592,182,410
107000122,256,107,149
107000123,330,226,104
107000124,147,95,52
107000125,512,89,423
107000126,230,108,122
107000129,43,69,-26
107000130,289,110,179
107000131,75,88,-13
107000132,120,83,37
107000133,96,1,95
107000134,131,0,131
107000135,0,61,-61
107000136,309,0,309
107000137,0,82,-82
107000138,13,0,13
107000139,0,84,-84
107000140,360,5,355
107000141,4,67,-63
107000142,60,9,51
107000143,1,89,-88
107000144,147,162,-15
107000145,3,58,-55
107000146,7,52,-45
107000147,400,228,172
107000150,228,917,-689
107000151,12,4,8
107000152,96,556,-460
107000153,19,21,-2
107000154,1,70,-69
107000155,340,15,325
107000156,457,4,453
107000157,0,152,-152
107000158,224,1,223
107000159,15,70,-55
107000160,672,41,631
107000161,13,106,-93
107000162,63,191,-128
107000163,56,0,56
107000164,241,1,240
107000165,524,30,494
107000166,3,76,-73
107000167,228,34,194
107000168,444,47,397
107000169,44,163,-119
107000170,813,179,634
107000171,73,165,-92
107000172,348,450,-102
107000173,93,38,55
107000174,322,1200,-878
107000175,521,166,355
107000176,5,0,5
107000177,0,0,0
107000178,2,6,-4
107000179,43,205,-162
107000180,1038,64,974
107000181,120,79,41
107000182,1091,68,1023
107000183,77,37,40
107000184,607,75,532
107000185,149,85,64
107000186,455,65,390
107000187,274,352,-78
107000188,59,39,20
107000189,268,158,110
107000190,158,69,89
107000191,378,403,-25
107000192,285,43,242
107000193,149,204,-55
107000194,114,108,6
107000197,456,55,401
107000198,100,97,3
107000199,149,89,60
107000200,91,222,-131
107000201,120,85,35
107000202,45,153,-108
107000203,69,263,-194
107000204,91,1190,-1099
107000205,171,92,79
107000206,42,712,-670
107000207,115,228,-113
107000208,84,116,-32
107000209,104,93,11
107000210,23,162,-139
107000211,2,24,-22
107000212,2,10,-8
107000213,1,0,1
107000214,0,3,-3
107000215,180,38,142
107000216,52,89,-37
107000217,24,6,18
107000219,3,47,-44
107000220,15,9,6
107000222,13,36,-23
107000224,142,9,133
107000225,59,62,-3
107000226,107,9,98
107000227,4,32,-28
107000228,6,22,-16
107000229,61,25,36
107000230,108,140,-32
107000231,287,397,-110
107000232,18,2,16
107000233,11,153,-142
107000234,0,64,-64
107000235,82,1,81
107000236,0,0,0
107000237,31,0,31
107000238,27,0,27
107000239,375,191,184
107000240,11,11,0
107000243,0,52,-52
107000244,16,1,15
107000246,0,55,-55
107000249,0,19,-19
107000251,0,3,-3
107000252,0,65,-65
107000255,24,0,24
107000257,0,112,-112
107000258,0,15,-15
107000259,0,28,-28
107000260,666,1,665
107000262,1,51,-50
107000263,269,4,265
107000266,0,12,-12
107000267,0,15,-15
107000268,29,6,23
107000269,5,3,2
107000270,85,34,51
107000271,1,0,1
107000272,43,1,42
107000273,0,26,-26
107000274,109,26,83
107000275,0,35,-35
107000280,461,9,452
107000281,3,83,-80
107000282,0,161,-161
107000290,0,1,-1
107000291,0,0,0
107000292,0,2,-2
107000293,0,0,0
107000294,0,5,-5
107000295,4,0,4
107000296,0,4,-4
107000444,97,1,96
107000496,0,1,-1
107000497,124,137,-13
107000500,118,44,74
107000501,11,62,-51
107000502,96,59,37
107000505,54,292,-238
107000506,0,0,0
107000508,0,47,-47
107000509,9,257,-248
107000510,6,18,-12
107000514,20,78,-58
107000515,1,39,-38
107000516,316,66,250
107000518,501,340,161
107000519,99,26,73
107000520,28,4,24
107000521,149,37,112
107000522,318,160,158
107900001,2,0,2
107900002,2,6,-4
107900003,13,0,13
107900004,2,0,2
107900005,490,1,489
107900006,28,0,28
107900007,74,2,72
107900008,25,0,25
107900009,8,0,8
107900010,0,0,0
107900012,44,0,44
107900013,8,0,8
107900014,11,0,11
107900015,269,1,268
107900016,24,11,13
107900017,0,0,0
107900018,6,34,-28
107900019,3,0,3
107900020,0,0,0
107900021,0,0,0
107900023,0,0,0
107900024,0,0,0
107900025,31,28,3
107900026,3,2,1
107900027,0,0,0
107900028,3,1,2
107900030,18,0,18
107900031,34,1,33
107900032,20,0,20
107900033,1,0,1
107900034,42,2,40
107900035,299,2,297
107900036,13,11,2
107900037,0,0,0
107900038,2,32,-30
107900039,1,0,1
107900040,0,0,0
107900041,0,0,0
107900043,14,0,14
107900044,1,0,1
107900045,40,32,8
107900046,33,4,29
107900047,0,0,0
107900048,37,1,36
107900049,3,11,-8
107900050,0,0,0
107900051,0,0,0
107900052,0,0,0
107900053,1,1,0
107900055,42,8,34
107900056,4,29,-25
107900057,0,0,0
107900058,0,11,-11
107900060,0,0,0
107900061,0,0,0
107900063,7,38,-31
107900064,69,74,-5
107900065,118,1,117
107900066,0,0,0
107900067,0,0,0
107900068,16,103,-87
107900069,1,420,-419
107900070,18,7,11
107900071,2,23,-21
107900072,64,2,62
107900073,0,0,0
107900074,0,0,0
107900076,26,0,26
107900077,0,0,0
107900079,10,1,9
107900080,2,27,-25
107900081,0,0,0
107900082,0,0,0
107900083,51,60,-9
107900084,0,11,-11
107900086,0,25,-25
107900087,2,1,1
107900088,4,0,4
107900089,10,69,-59
107900090,5,74,-69
107900091,52,29,23
107900092,5,0,5
107900093,0,0,0
107900095,164,155,9
107900097,20,11,9
107900098,25,7,18
107900100,53,462,-409
107900101,10,3,7
107900102,3,0,3
107900103,2,8,-6
107900104,0,0,0
107900105,0,43,-43
107900106,0,104,-104
107900107,0,0,0
107900108,16,0,16
107900109,511,7,504
107900110,34,1,33
107900111,0,91,-91
107900112,5,25,-20
107900113,0,0,0
107900114,56,14,42
107900115,0,0,0
107900116,58,18,40
107900117,28,41,-13
107900118,1,2,-1
107900119,19,19,0
107900120,6,0,6
107900121,0,0,0
107900122,0,0,0
107900123,1,0,1
107900124,0,0,0
107900125,0,9,-9
107900126,1,1,0
107900127,0,0,0
107900128,8,18,-10
107900129,8,0,8
107900130,0,0,0
107900131,0,21,-21
107900132,0,33,-33
107900133,0,1,-1
107900134,1,1,0
107900135,0,0,0
107900136,0,0,0
107900137,13,14,-1
107900138,4,7,-3
107900139,0,0,0
107900141,6,5,1
107900142,1,30,-29
107900143,1,0,1
107900144,0,5,-5
107900145,0,0,0
107900146,7,15,-8
107900147,0,1,-1
107900148,2,1,1
107900149,54,4,50
107900150,0,15,-15
107900151,0,1,-1
107900152,0,0,0
107900153,2,64,-62
107900154,5,1,4
107900155,0,0,0
107900156,0,0,0
107900157,7,7,0
107900158,120,2,118
107900159,0,26,-26
107900160,47,4,43
107900161,0,2,-2
107900162,0,0,0
107900163,0,0,0
107900164,1,0,1
107900165,2,60,-58
107900166,0,3,-3
107900167,0,0,0
107900168,1,2,-1
107900169,0,4,-4
107900171,0,40,-40
107900172,0,0,0
107900173,1,3,-2
107900174,0,0,0
107900175,0,0,0
107900176,1,0,1
107900177,0,0,0
107900178,3,4,-1
107900179,0,0,0
107900180,20,137,-117
107900181,0,0,0
107900182,0,21,-21
107900183,6,0,6
107900184,0,0,0
107900185,0,0,0
107900186,0,1,-1
107900187,0,7,-7
107900188,229,56,173
107900189,0,0,0
107900190,2,23,-21
107900191,0,0,0
107900193,0,0,0
107900194,0,0,0
107900195,89,6,83
107900196,0,0,0
107900197,3,20,-17
107900199,0,0,0
107900201,0,0,0
107900203,2,0,2
107900204,0,0,0
107900206,7,128,-121
107900207,0,31,-31
107900208,0,43,-43
107900209,0,0,0
107900210,1,0,1
107900213,0,0,0
107900214,0,23,-23
107900215,3,28,-25
107900216,0,0,0
107900217,0,0,0
107900218,0,0,0
107900219,0,0,0
107900220,0,0,0
107900221,0,1,-1
107900223,0,0,0
107900224,48,22,26
107900225,0,0,0
107900226,0,0,0
107900227,7,3,4
107900228,1,0,1
107900229,0,0,0
107900230,1,1,0
107900231,0,0,0
107900232,18,4,14
107900233,0,0,0
107900234,0,0,0
107900235,0,7,-7
107900236,0,0,0
107900237,0,0,0
107900238,0,0,0
107900239,5,30,-25
107900240,2,4,-2
107900241,0,0,0
107900242,0,5,-5
107900243,0,0,0
107900244,0,0,0
107900245,104,15,89
107900246,66,5,61
107900248,115,1,114
107900249,63,9,54
107900250,0,27,-27
107900251,0,45,-45
107900252,58,1,57
107900253,40,2,38
107900254,1,15,-14
107900255,18,8,10
107900256,4,0,4
107900257,35,6,29
107900258,4,3,1
107900259,2,324,-322
107900261,0,39,-39
107900262,0,0,0
107900264,27,0,27
107900265,25,34,-9
107900267,72,0,72
107900268,0,0,0
107900269,0,0,0
107900270,0,0,0
107900271,0,0,0
107900272,3,0,3
107900273,22,1,21
107900274,51,0,51
107900275,2,0,2
107900276,0,0,0
107900277,0,0,0
107900278,115,0,115
107900279,0,0,0
107900280,358,86,272
107900281,143,756,-613
107900282,6,135,-129
107900283,167,31,136
107900284,231,35,196
107900285,25,1,24
107900286,2,0,2
107900287,67,30,37
107900290,0,1,-1
107900291,54,0,54
107900292,93,26,67
107900293,23,89,-66
107900295,1,0,1
107900297,0,1,-1
107900298,53,103,-50
107900299,235,263,-28
107900300,83,45,38
107900301,50,101,-51
107900302,10,4,6
107900303,169,18,151
107900304,57,0,57
107900305,55,0,55
107900306,0,0,0
107900307,0,0,0
107900308,47,1,46
107900309,0,0,0
107900310,1,0,1
107900311,0,0,0
107900312,0,0,0
107900313,0,0,0
107900314,0,0,0
107900315,0,0,0
107900316,0,0,0
107900317,0,0,0
107900318,0,0,0
107900319,0,2,-2
107900320,0,2,-2
107900321,16,0,16
107900322,1,3,-2
107900323,0,4,-4
107900324,37,0,37
107900325,36,0,36
107900326,62,15,47
107900327,0,0,0
107900328,0,0,0
107900329,0,0,0
107900330,1,1,0
107900331,69,16,53
107900332,124,0,124
107900333,31,0,31
107900334,0,1,-1
107900335,0,0,0
107900336,2,0,2
107900337,75,180,-105
107900338,0,0,0
107900339,0,0,0
107900340,0,0,0
107900341,0,0,0
107900342,27,7,20
107900343,2,0,2
107900344,0,13,-13
107900345,43,3,40
107900346,0,0,0
107900347,12,0,12
107900348,0,4,-4
107900349,42,2,40
107900350,0,31,-31
107900351,0,1,-1
107900352,0,15,-15
107900353,1,2,-1
107900354,0,85,-85
108000001,2073,1104,969
108000002,70,194,-124
108000003,1894,989,905
108000004,1154,2635,-1481
108000005,5098,2055,3043
108000006,718,1040,-322
108000007,3507,1441,2066
108000008,816,747,69
108000009,2794,1666,1128
108000010,421,679,-258
108000011,7979,3841,4138
108000012,2419,1763,656
108000014,173,317,-144
108000015,453,47,406
108000016,6,36,-30
108000017,549,89,460
108000018,1212,105,1107
108000019,251,140,111
108000020,458,162,296
108000021,31,32,-1
108000022,126,214,-88
108000023,662,40,622
108000024,120,68,52
108000025,132,16,116
108000026,354,36,318
108000027,258,9,249
108000028,347,78,269
108000029,176,6,170
108000030,247,42,205
108000031,78,31,47
108000032,1038,125,913
108000033,47,168,-121
108000034,1236,108,1128
108000035,66,325,-259
108000036,24,71,-47
108000037,895,69,826
108000038,1623,89,1534
108000039,53,88,-35
108000040,945,178,767
108000041,44,150,-106
108000042,278,26,252
108000043,14,19,-5
108000044,702,30,672
108000045,40,7,33
108000046,1058,106,952
108000047,81,169,-88
108000048,0,0,0
108000049,548,73,475
108000050,1,22,-21
108000051,197,63,134
108000052,26,23,3
108000053,238,78,160
108000054,115,228,-113
108000055,450,190,260
108000056,171,162,9
108000057,283,707,-424
108000058,765,1328,-563
108000059,331,620,-289
108000060,109,157,-48
108000061,83,93,-10
108000062,406,131,275
108000063,238,128,110
108000064,142,160,-18
108000065,258,135,123
108000066,553,93,460
108000067,815,115,700
108000068,379,151,228
108000069,21,346,-325
108000070,1752,135,1617
108000071,104,376,-272
108000072,1242,160,1082
108000073,258,228,30
108000074,407,188,219
108000075,155,130,25
108000076,1024,127,897
108000077,96,91,5
108000078,1305,302,1003
108000079,140,307,-167
108000080,960,232,728
108000081,144,315,-171
108000082,151,174,-23
108000083,785,259,526
108000084,44,82,-38
108000085,407,165,242
108000086,108,28,80
108000087,142,1147,-1005
108000088,161,10,151
108000089,35,50,-15
108000090,123,5,118
108000091,5,135,-130
108000092,267,8,259
108000093,29,126,-97
108000094,700,12,688
108000095,25,50,-25
108000096,450,87,363
108000097,33,22,11
108000098,951,239,712
108000099,125,77,48
108000100,201,140,61
108000101,659,360,299
108000102,565,1079,-514
108000106,302,1,301
108000107,0,71,-71
108000108,251,4,247
108000109,3,115,-112
108000110,192,35,157
108000111,11,144,-133
108000112,17,120,-103
108000113,144,111,33
108000115,85,30,55
108000117,211,34,177
108000118,78,215,-137
108000119,251,21,230
108000120,47,208,-161
108000121,92,35,57
108000122,362,63,299
108000123,269,31,238
108000124,77,26,51
108000125,294,42,252
108000126,79,32,47
108000127,269,45,224
108000128,298,17,281
108000129,67,29,38
108000130,202,79,123
108000131,299,57,242
108000132,84,87,-3
108000133,820,69,751
108000134,176,51,125
108000135,735,69,666
108000136,26,70,-44
108000137,306,39,267
108000138,69,210,-141
108000139,296,82,214
108000140,356,1,355
108000141,1,23,-22
108000142,4,19,-15
108000143,23,20,3
108000144,612,5,607
108000145,32,16,16
108000146,426,4,422
108000147,12,1,11
108000148,192,9,183
108000149,1,0,1
108000150,38,27,11
108000151,1,23,-22
108000152,50,14,36
108000153,219,30,189
108000154,31,2,29
108000155,41,19,22
108000156,242,41,201
108000157,12,620,-608
108000158,14,160,-146
108000159,108,18,90
108000160,802,572,230
108000161,579,661,-82
108000165,1,105,-104
108000172,0,54,-54
108000173,763,520,243
108000175,311,38,273
108000178,162,202,-40
108000179,104,519,-415
108000181,29,3,26
108000182,87,8,79
108000183,0,15,-15
108000184,120,1069,-949
108000185,0,1,-1
108000186,44,1,43
108000187,0,18,-18
108000188,155,2,153
108000189,160,2105,-1945
108000190,0,0,0
108000192,98,107,-9
108000193,9,149,-140
108000194,15,1,14
108000195,0,10,-10
108000196,162,41,121
108000198,213,56,157
108000199,0,0,0
108000200,203,2,201
108000203,0,22,-22
108000204,30,18,12
108000205,33,6,27
108000339,550,283,267
108000364,55,84,-29
108000365,16,40,-24
108000367,53,8,45
108000368,0,0,0
108000369,66,2,64
108000371,0,120,-120
108000372,264,0,264
108000373,56,11,45
108000376,45,10,35
108000377,391,118,273
108000378,5759,4882,877
108000379,0,0,0
108000381,102,15,87
108000382,84,1,83
108000383,0,8,-8
108900001,0,12,-12
108900002,33,9,24
108900003,2,15,-13
108900004,301,103,198
108900005,2,62,-60
108900006,67,35,32
108900007,103,112,-9
108900008,30,26,4
108900009,49,28,21
108900010,77,36,41
108900011,422,23,399
108900012,113,55,58
108900013,125,41,84
108900014,0,7,-7
108900015,0,0,0
108900016,0,0,0
108900017,24,28,-4
108900018,20,30,-10
108900019,1,9,-8
108900020,38,15,23
108900021,7,52,-45
108900022,44,0,44
108900023,1,4,-3
108900024,0,6,-6
108900025,78,2,76
108900026,0,0,0
108900027,0,4,-4
108900028,2,35,-33
108900029,2,19,-17
108900030,0,1,-1
108900031,18,16,2
108900032,0,0,0
108900033,0,11,-11
108900034,0,7,-7
108900035,45,83,-38
108900036,26,11,15
108900037,0,0,0
108900038,0,26,-26
108900039,0,7,-7
108900040,0,11,-11
108900041,756,712,44
108900042,0,16,-16
108900043,0,0,0
108900044,0,36,-36
108900045,56,40,16
108900046,0,45,-45
108900047,0,2,-2
108900048,21,25,-4
108900049,57,270,-213
108900050,1,54,-53
108900051,0,1,-1
108900052,0,0,0
108900053,0,37,-37
108900054,0,1,-1
108900055,2,14,-12
108900056,0,18,-18
108900057,0,24,-24
108900058,1,38,-37
108900059,148,15,133
108900060,7,50,-43
108900061,2,0,2
108900062,1,7,-6
108900063,0,10,-10
108900064,7,4,3
108900065,0,9,-9
108900066,120,6,114
108900067,0,17,-17
108900068,1,19,-18
108900069,52,2,50
108900070,12,2,10
108900071,35,4,31
108900072,110,101,9
108900073,0,10,-10
108900074,49,4,45
108900075,7,5,2
108900076,162,25,137
108900077,7,8,-1
108900078,23,18,5
108900079,79,7,72
108900080,20,86,-66
108900081,1,28,-27
108900082,15,10,5
108900083,0,26,-26
108900084,15,6,9
108900085,77,1,76
108900086,6,6,0
108900087,31,20,11
108900088,136,24,112
108900089,0,8,-8
108900090,33,6,27
108900091,7,5,2
108900092,84,31,53
108900093,5,3,2
108900094,51,12,39
108900095,3,18,-15
108900096,19,1,18
108900097,48,10,38
108900098,255,224,31
108900099,67,13,54
108900100,27,19,8
108900101,15,22,-7
108900102,3,210,-207
108900103,39,24,15
108900104,2,8,-6
108900105,1,522,-521
108900106,95,32,63
108900108,52,2,50
108900109,91,8,83
108900110,15,46,-31
108900111,133,28,105
108900112,24,1,23
108900113,15,23,-8
108900114,26,0,26
108900115,53,10,43
108900116,3,1,2
108900117,45,0,45
108900118,94,5,89
108900119,162,3,159
108900120,92,23,69
108900121,23,6,17
108900122,64,1,63
108900123,22,17,5
108900124,32,6,26
108900125,149,0,149
108900126,49,6,43
108900127,83,2,81
108900128,122,5,117
108900129,83,3,80
108900130,75,1,74
108900131,246,14,232
108900132,69,1,68
108900133,99,4,95
108900134,359,3,356
108900135,91,0,91
108900136,11,1,10
108900137,44,3,41
108900138,185,7,178
108900139,86,0,86
108900140,234,8,226
108900141,145,0,145
108900142,2,0,2
108900143,13,0,13
108900144,64,0,64
108900145,86,4,82
108900146,6,0,6
108900147,193,0,193
108900148,2,3,-1
108900149,29,5,24
108900150,21,0,21
108900151,4,0,4
108900152,78,0,78
108900153,210,35,175
108900154,1455,124,1331
108900155,28,1,27
108900156,43,2,41
108900157,0,29,-29
108900158,97,13,84
108900159,1,26,-25
108900160,2,26,-24
108900161,1,20,-19
108900162,16,0,16
108900163,1,138,-137
108900164,32,8,24
108900165,24,2,22
108900167,36,1167,-1131
108900168,584,639,-55
108900169,2,4,-2
108900171,201,954,-753
108900172,58,5,53
108900173,16,35,-19
108900174,479,33,446
108900176,6,9,-3
108900177,179,738,-559
108900178,363,817,-454
108900179,19,177,-158
108900180,20,65,-45
108900182,0,49,-49
108900183,10,32,-22
108900184,156,18,138
108900185,3,68,-65
108900186,37,39,-2
108900187,129,2,127
108900188,146,1,145
108900189,92,11,81
108900190,0,45,-45
108900191,10,2,8
108900192,3,44,-41
108900193,0,3,-3
108900194,0,4,-4
108900195,18,16,2
108900196,4,6,-2
108900198,0,10,-10
108900199,54,34,20
108900200,144,110,34
108900201,14,146,-132
108900203,188,18,170
108900204,109,5,104
108900205,80,7,73
108900206,39,18,21
108900207,22,19,3
108900208,2,25,-23
108900209,13,31,-18
108900210,23,1,22
108900211,1,24,-23
108900212,8,126,-118
108900215,0,7,-7
108900216,30,34,-4
108900217,3,0,3
108900218,2,1,1
108900219,10,0,10
108900220,0,0,0
108900221,0,0,0
108900222,5,0,5
108900223,0,0,0
108900224,0,0,0
108900225,0,0,0
108900227,32,57,-25
108900230,16,28,-12
108900231,0,3,-3
108900232,0,24,-24
108900233,118,4,114
108900234,55,1,54
108900235,0,1,-1
108900236,0,0,0
108900237,0,0,0
108900240,4,2,2
108900241,2,2,0
108900245,0,114,-114
108900249,8,0,8
108900250,28,0,28
108900257,7,0,7
108900258,0,5,-5
108900259,0,0,0
108900260,1,0,1
108900261,9,2,7
108900262,7,3,4
108900263,3,22,-19
108900264,1,15,-14
108900265,33,90,-57
108900266,18,201,-183
108900267,0,57,-57
108900268,5,0,5
108900269,6,1,5
108900270,7,4,3
108900271,1,0,1
108900272,45,0,45
108900273,18,142,-124
108900274,0,2,-2
109000001,627,1996,-1369
109000002,0,163,-163
109000003,1117,226,891
109000004,3,113,-110
109000005,1056,275,781
109000006,2,85,-83
109000007,929,274,655
109000008,3,55,-52
109000009,1460,443,1017
109000010,6,137,-131
109000011,2011,666,1345
109000012,46,174,-128
109000013,2647,1448,1199
109000014,74,219,-145
109000015,2517,3726,-1209
109000016,83,210,-127
109000017,1690,351,1339
109000018,33,188,-155
109000019,1284,699,585
109000020,13,35,-22
109000023,47,1,46
109000024,0,35,-35
109000025,56,133,-77
109000026,292,218,74
109000027,18,110,-92
109000028,71,21,50
109000029,21,103,-82
109000030,0,0,0
109000031,216,26,190
109000032,0,5,-5
109000033,203,26,177
109000034,1,3,-2
109000035,0,6,-6
109000036,11,68,-57
109000037,67,757,-690
109000038,44,50,-6
109000039,137,398,-261
109000040,289,3141,-2852
109000041,172,654,-482
109000042,108,361,-253
109000044,176,10,166
109000045,20,1,19
109000046,134,11,123
109000047,2,2,0
109000048,289,32,257
109000049,14,2,12
109000050,127,69,58
109000051,6,28,-22
109000052,74,68,6
109000053,271,48,223
109000054,4,35,-31
109000055,3,81,-78
109000056,50,11,39
109000057,52,204,-152
109000058,90,5,85
109000059,0,243,-243
109000060,105,95,10
109000061,15,1002,-987
109000062,27,105,-78
109000063,10,13,-3
109000064,130,40,90
109000065,1,14,-13
109000066,93,3,90
109000067,1,49,-48
109000068,150,2,148
109000069,178,1,177
109000070,0,10,-10
109000071,112,23,89
109000072,40,234,-194
109000073,11,46,-35
109000074,10,136,-126
109000075,39,0,39
109000076,27,133,-106
109000077,47,88,-41
109000078,40,40,0
109000079,38,46,-8
109000080,87,3,84
109000081,32,67,-35
109000082,297,7,290
109000083,95,70,25
109000088,89,23,66
109000089,169,37,132
109000090,132,28,104
109000091,153,26,127
109000092,126,155,-29
109000093,198,34,164
109000094,405,1,404
109000095,12,44,-32
109000096,540,42,498
109000097,3,25,-22
109000098,42,39,3
109000099,330,20,310
109000100,24,71,-47
109000101,849,167,682
109000102,129,63,66
109000103,180,111,69
109000104,1083,139,944
109000105,65,137,-72
109000106,792,179,613
109000107,93,104,-11
109000108,945,199,746
109000109,115,64,51
109000110,496,304,192
109000111,138,175,-37
109000112,21,17,4
109000113,126,26,100
109000114,196,97,99
109000115,314,19,295
109000116,2,76,-74
109000117,95,3,92
109000118,0,31,-31
109000119,739,2,737
109000120,23,49,-26
109000121,385,2,383
109000122,5,28,-23
109000123,8,4,4
109000124,268,72,196
109000125,690,58,632
109000126,13,18,-5
109000127,818,58,760
109000128,28,20,8
109000129,1103,103,1000
109000130,13,35,-22
109000131,488,328,160
109000132,66,156,-90
109000133,4,60,-56
109000134,42,29,13
109000135,50,22,28
109000136,109,124,-15
109000137,254,57,197
109000138,156,80,76
109000139,221,16,205
109000140,83,74,9
109000141,101,39,62
109000142,12,42,-30
109000143,24,31,-7
109000145,17,132,-115
109000146,57,239,-182
109000148,15,40,-25
109000149,1,149,-148
109000150,61,132,-71
109000155,189,268,-79
109000156,246,33,213
109000158,4,218,-214
109000159,23,145,-122
109000160,469,43,426
109000161,214,122,92
109000162,606,120,486
109000163,510,91,419
109000164,757,447,310
109000165,471,225,246
109000166,331,22,309
109000167,104,95,9
109000170,8,6,2
109000171,20,2,18
109000172,0,7,-7
109000173,0,9,-9
109000174,12,0,12
109000175,60,33,27
109000176,111,84,27
109000177,3,2,1
109000178,156,54,102
109000179,443,778,-335
109000180,692,333,359
109000181,15,18,-3
109000182,65,28,37
109000183,28,3,25
109000184,43,61,-18
109000185,20,25,-5
109000188,157,198,-41
109000189,424,47,377
109000190,93,113,-20
109000191,190,113,77
109000192,212,25,187
109000193,120,17,103
109000194,69,2,67
109000195,16,7,9
109000196,86,0,86
109000197,79,11,68
109000198,146,6,140
109000199,24,6,18
109000206,87,17,70
109000207,64,8,56
109000208,92,46,46
109000209,34,18,16
109000210,3,13,-10
109000211,196,279,-83
109000214,159,139,20
109000215,102,18,84
109000216,131,192,-61
109000217,0,0,0
109000218,8,0,8
109000221,15,73,-58
109000222,328,50,278
109000223,105,83,22
109000224,172,27,145
109000225,58,20,38
109000226,105,68,37
109000227,542,79,463
109000228,0,0,0
109000231,0,33,-33
109000232,254,31,223
109000236,7,26,-19
109000241,511,185,326
109000242,388,105,283
109000293,6,28,-22
109000361,41,10,31
109000364,18,16,2
109000396,1,46,-45
109000397,508,1,507
109000399,47,145,-98
109000400,21,32,-11
109000403,0,489,-489
109000406,63,3,60
109000407,13,57,-44
109000408,0,48,-48
109000410,0,0,0
109000411,130,2,128
109900001,15,0,15
109900002,193,0,193
109900003,166,1,165
109900004,27,0,27
109900005,5,0,5
109900006,193,14,179
109900007,252,1,251
109900008,0,0,0
109900009,0,4,-4
109900010,0,0,0
109900011,21,31,-10
109900012,17,13,4
109900013,47,21,26
109900014,20,0,20
109900015,22,5,17
109900016,25,0,25
109900017,38,23,15
109900018,6,1,5
109900019,9,0,9
109900020,28,1,27
109900021,3,1,2
109900022,90,5,85
109900023,8,0,8
109900024,1,0,1
109900025,0,3,-3
109900026,0,4,-4
109900027,0,1,-1
109900028,12,127,-115
109900029,0,0,0
109900030,1,1,0
109900031,0,18,-18
109900032,0,0,0
109900033,0,15,-15
109900034,4,0,4
109900035,3,4,-1
109900036,0,0,0
109900037,0,0,0
109900038,1,2,-1
109900039,23,0,23
109900040,0,0,0
109900041,0,1,-1
109900042,0,0,0
109900044,15,0,15
109900045,25,14,11
109900046,1,11,-10
109900047,1,36,-35
109900048,2,2,0
109900049,4,0,4
109900050,0,2,-2
109900051,0,2,-2
109900052,3,4,-1
109900053,0,15,-15
109900054,297,12,285
109900055,21,8,13
109900056,0,0,0
109900057,0,5,-5
109900058,0,0,0
109900059,417,3,414
109900060,115,14,101
109900061,1,4,-3
109900062,0,0,0
109900063,0,10,-10
109900064,94,22,72
109900065,1,6,-5
109900066,0,12,-12
109900067,0,0,0
109900068,46,2,44
109900069,0,2,-2
109900070,2,17,-15
109900071,0,0,0
109900072,1,15,-14
109900073,114,3,111
109900074,0,5,-5
109900075,0,0,0
109900076,1,3,-2
109900077,2,41,-39
109900078,1,22,-21
109900080,0,6,-6
109900081,0,7,-7
109900082,1,10,-9
109900083,0,8,-8
109900084,0,0,0
109900085,14,42,-28
109900086,7,80,-73
109900087,9,30,-21
109900089,38,0,38
109900090,21,75,-54
109900091,180,3,177
109900092,0,0,0
109900093,57,1,56
109900094,0,0,0
109900095,0,16,-16
109900096,14,0,14
109900097,19,0,19
109900098,110,0,110
109900099,227,0,227
109900100,4,0,4
109900101,237,0,237
109900102,0,0,0
109900103,1,0,1
109900104,409,36,373
109900105,0,0,0
109900106,0,0,0
109900107,0,0,0
109900108,0,0,0
109900109,0,0,0
109900110,0,0,0
109900111,25,4,21
109900112,16,3,13
109900113,211,109,102
109900114,82,18,64
109900115,23,5,18
109900117,393,11,382
109900118,12,18,-6
109900119,22,34,-12
109900120,6,2,4
109900121,13,13,0
109900122,146,0,146
109900123,0,1,-1
109900124,0,0,0
109900125,0,15,-15
109900126,69,2,67
109900128,73,0,73
109900130,208,285,-77
109900131,0,8,-8
109900132,0,17,-17
109900133,14,20,-6
109900134,0,0,0
109900135,0,0,0
109900136,0,0,0
109900137,12,8,4
109900140,12,5,7
109900142,227,3,224
109900145,2,56,-54
109900146,4,0,4
109900148,23,13,10
109900149,0,12,-12
109900150,0,11,-11
109900151,0,0,0
109900152,0,4,-4
109900153,2,21,-19
109900154,0,1,-1
109900155,6,6,0
109900157,14,21,-7
109900158,1,4,-3
109900159,38,11,27
109900160,15,7,8
109900161,45,19,26
109900162,82,13,69
109900163,60,54,6
109900164,35,119,-84
109900165,18,0,18
109900166,10,67,-57
109900167,9,51,-42
109900168,41,38,3
109900169,0,0,0
109900170,3,274,-271
109900171,21,11,10
109900172,7,42,-35
109900173,49,238,-189
109900174,2,2,0
109900175,0,0,0
109900176,0,0,0
109900177,0,0,0
109900178,0,0,0
109900179,0,0,0
109900180,0,1,-1
110000001,76,86,-10
110000002,310,626,-316
110000003,99,202,-103
110000004,335,556,-221
110000005,179,757,-578
110000006,133,323,-190
110000007,36,4,32
110000008,15,9,6
110000009,2,16,-14
110000010,37,29,8
110000011,3,2,1
110000012,83,92,-9
110000013,22,232,-210
110000014,178,74,104
110000015,54,222,-168
110000016,198,572,-374
110000017,879,225,654
110000018,211,88,123
110000019,10,12,-2
110000020,158,51,107
110000021,61,33,28
110000022,204,7,197
110000023,1,36,-35
110000024,36,30,6
110000025,351,0,351
110000026,8,68,-60
110000027,128,257,-129
110000028,456,188,268
110000029,19,107,-88
110000030,78,147,-69
110000031,22,48,-26
110000032,263,112,151
110000033,30,21,9
110000034,100,148,-48
110000035,109,146,-37
110000036,261,207,54
110000037,43,161,-118
110000038,62,191,-129
110000039,358,1000,-642
110000040,120,67,53
110000041,217,945,-728
110000042,32,113,-81
110000043,238,187,51
110000044,3,31,-28
110000045,11,45,-34
110000046,2,6,-4
110000047,0,23,-23
110000048,0,7,-7
110000049,2,15,-13
110000050,1,7,-6
110000051,1,1,0
110000052,50,51,-1
110000053,1,7,-6
110000054,36,56,-20
110000055,43,75,-32
110000056,46,71,-25
110000057,78,61,17
110000058,295,262,33
110000059,57,99,-42
110000060,696,345,351
110000061,93,124,-31
110000062,538,252,286
110000063,32,36,-4
110000064,32,2,30
110000065,22,34,-12
110000066,28,2,26
110000067,19,19,0
110000068,12,19,-7
110000069,196,3,193
110000071,194,0,194
110000073,0,2,-2
110000075,3,0,3
110000076,135,59,76
110000077,67,131,-64
110000078,72,0,72
110000080,42,96,-54
110000081,6,50,-44
110000082,5,109,-104
110000083,70,118,-48
110000084,397,493,-96
110000085,515,287,228
110000086,429,775,-346
110000087,15,9,6
110000088,25,35,-10
110000089,76,16,60
110000090,8,9,-1
110000091,48,19,29
110000092,0,3,-3
110000093,48,30,18
110000094,147,16,131
110000095,35,253,-218
110000096,231,245,-14
110000097,393,554,-161
110000098,619,158,461
110000099,239,225,14
110000100,319,5,314
110000101,0,12,-12
110000102,29,15,14
110000104,159,65,94
110000105,52,33,19
110000106,114,198,-84
110000107,20,66,-46
110000108,51,119,-68
110000109,1,17,-16
110000110,981,1400,-419
110000111,903,931,-28
110000112,87,186,-99
110000113,25,455,-430
110000114,47,168,-121
110000115,120,83,37
110000116,32,11,21
110000117,99,39,60
110000118,148,18,130
110000119,55,38,17
110000120,117,26,91
110000121,23,89,-66
110000122,86,140,-54
110000123,352,197,155
110000124,0,173,-173
110000125,293,0,293
110000126,59,1,58
110000127,341,6,335
110000128,0,98,-98
110000129,0,17,-17
110000130,159,66,93
110000131,1,27,-26
110000132,0,74,-74
110000133,0,84,-84
110000134,3,26,-23
110000135,69,4,65
110000136,4,14,-10
110000137,325,11,314
110000138,68,35,33
110000139,532,29,503
110000140,537,135,402
110000143,171,57,114
110000144,934,318,616
110000145,281,154,127
110000146,482,174,308
110000147,25,299,-274
110000148,154,20,134
110000151,118,144,-26
110000152,130,556,-426
110000153,0,0,0
110000154,7,20,-13
110000155,529,380,149
110000156,84,287,-203
110000157,135,418,-283
110000160,182,54,128
110000161,19,66,-47
110000166,273,2,271
110000167,590,257,333
110000168,366,240,126
110000169,315,123,192
110000170,33,39,-6
110000171,166,18,148
110000172,53,127,-74
110000173,209,208,1
110000174,31,62,-31
110000175,267,27,240
110000176,45,291,-246
110000177,68,373,-305
110000178,182,740,-558
110000179,259,103,156
110000180,26,104,-78
110000181,123,69,54
110000182,97,11,86
110000183,1757,2443,-686
110000184,113,1008,-895
110000185,116,204,-88
110000186,57,221,-164
110000191,732,132,600
110000192,226,1,225
110000193,583,5,578
110000194,2,118,-116
110000195,234,6,228
110000196,151,13,138
110000197,20,20,0
110000198,22,11,11
110000199,9,26,-17
110000200,204,32,172
110000201,177,375,-198
110000202,343,176,167
110000203,56,38,18
110000204,2,32,-30
110000205,112,3,109
110000206,33,46,-13
110000207,654,19,635
110000208,16,96,-80
110000209,15,45,-30
110000210,825,109,716
110000211,443,178,265
110000212,119,428,-309
110000213,41,3,38
110000214,37,17,20
110000215,0,42,-42
110000216,20,76,-56
110000217,278,16,262
110000218,36,56,-20
110000219,107,22,85
110000220,0,13,-13
110000221,175,6,169
110000222,11,70,-59
110000223,5,7,-2
110000224,0,0,0
110000225,48,74,-26
110000226,43,15,28
110000227,13,123,-110
110000228,103,18,85
110000229,0,6,-6
110000230,244,229,15
110000231,58,67,-9
110000232,25,65,-40
110000233,77,60,17
110000234,110,124,-14
110000235,286,230,56
110000236,0,0,0
110000237,290,104,186
110000238,427,196,231
110000239,346,138,208
110000240,0,4,-4
110000242,0,3,-3
110000243,40,3,37
110000244,19,33,-14
110000245,1,87,-86
110000246,311,58,253
110000247,200,330,-130
110000248,150,149,1
110000249,24,0,24
110000250,0,26,-26
110000251,37,57,-20
110000252,110,12,98
110000253,468,104,364
110000254,192,50,142
110000255,30,51,-21
110000256,110,62,48
110000257,93,3,90
110000258,0,33,-33
110000259,27,2,25
110000260,21,29,-8
110000263,123,16,107
110000264,277,93,184
110000265,738,339,399
110000266,529,410,119
110000267,0,0,0
110000268,32,0,32
110000269,0,0,0
110000270,18,1,17
110000271,212,7,205
110000272,171,123,48
110000273,108,198,-90
110000274,102,564,-462
110000275,130,39,91
110000276,93,201,-108
110000277,137,21,116
110000278,119,119,0
110000279,509,81,428
110000280,247,63,184
110000281,20,5,15
110000282,30,1,29
110000283,0,22,-22
110000284,0,0,0
110000285,0,9,-9
110000286,2,0,2
110000287,34,0,34
110000288,0,0,0
110000289,114,1011,-897
110000290,53,71,-18
110000291,237,198,39
110000292,229,1370,-1141
110000293,326,102,224
110000294,493,220,273
110000295,12,94,-82
110000296,295,56,239
110000297,542,17,525
110000298,2,29,-27
110000299,24,9,15
110000301,253,3,250
110000302,107,82,25
110000303,255,4,251
110000304,7,13,-6
110000305,482,3,479
110000306,0,67,-67
110000307,483,1,482
110000308,236,0,236
110000309,0,80,-80
110000310,351,13,338
110000311,1,66,-65
110000312,122,4,118
110000313,371,87,284
110000314,0,41,-41
110000315,295,435,-140
110000316,13,193,-180
110000317,7,11,-4
110000318,0,11,-11
110000319,0,2,-2
110000320,0,2,-2
110000321,16,0,16
110000322,20,63,-43
110000323,172,61,111
110000324,130,43,87
110000325,847,946,-99
110000327,151,13,138
110000328,3,28,-25
110000333,228,364,-136
110000334,29,76,-47
110000335,88,115,-27
110000336,50,73,-23
110000337,712,84,628
110000338,130,71,59
110000339,191,17,174
110000340,4,9,-5
110000341,224,1,223
110000342,23,0,23
110000343,0,0,0
110000344,0,6,-6
110000345,21,27,-6
110000346,851,478,373
110000347,750,228,522
110000348,0,8,-8
110000349,26,0,26
110000350,32,1,31
110000351,559,180,379
110000352,168,401,-233
110000353,950,130,820
110000354,98,824,-726
110000355,1,0,1
110000356,192,3,189
110000357,208,15,193
110000361,0,0,0
110000362,44,7,37
110000363,193,5,188
110000364,88,78,10
110000365,35,0,35
110000366,0,7,-7
110000367,48,18,30
110000368,0,3,-3
110000369,38,0,38
110000373,0,36,-36
110000374,6,11,-5
110000375,25,75,-50
110000376,19,34,-15
110000377,9,182,-173
110000378,0,55,-55
110000379,882,1066,-184
110000380,122,3,119
110000383,1,77,-76
110000384,300,13,287
110000385,0,4,-4
110000387,11,0,11
110000388,3,23,-20
110000389,474,1,473
110000391,301,27,274
110000396,26,13,13
110000397,57,10,47
110000398,0,8,-8
110000399,66,0,66
110000587,58,5,53
110000589,94,7,87
110000640,79,7,72
110000652,1,22,-21
110000653,32,16,16
110000654,0,0,0
110000656,0,0,0
110000674,0,0,0
110000675,0,0,0
110000676,0,0,0
110000679,5,5,0
110000682,38,63,-25
110000683,104,136,-32
110000684,0,0,0
110000685,2,1,1
110000686,0,0,0
110000687,4,0,4
110000688,3,144,-141
110000689,11,1,10
110000692,4,25,-21
110000693,1,101,-100
110000694,0,0,0
110000695,1,19,-18
110000696,52,7,45
110900001,12,0,12
110900002,11,1,10
110900003,293,1,292
110900004,146,0,146
110900005,0,0,0
110900006,16,0,16
110900007,20,10,10
110900008,0,0,0
110900009,4,105,-101
110900010,0,0,0
110900011,1,3,-2
110900012,0,0,0
110900013,203,15,188
110900014,9,0,9
110900015,14,208,-194
110900016,0,0,0
110900017,114,1,113
110900018,17,0,17
110900019,4,0,4
110900020,0,0,0
110900021,0,0,0
110900022,0,0,0
110900023,3,48,-45
110900024,0,0,0
110900025,0,0,0
110900027,0,0,0
110900028,0,0,0
110900029,0,2,-2
110900030,0,0,0
110900031,0,0,0
110900032,0,0,0
110900033,0,0,0
110900035,0,0,0
110900036,15,2,13
110900037,5,0,5
110900038,0,0,0
110900039,0,0,0
110900040,44,1,43
110900041,0,0,0
110900042,0,0,0
110900043,0,0,0
110900044,0,0,0
110900045,0,0,0
110900046,0,0,0
110900047,0,0,0
110900049,19,6,13
110900050,2,0,2
110900051,0,0,0
110900052,0,0,0
110900053,0,0,0
110900054,0,1,-1
110900055,2,0,2
110900056,0,0,0
110900057,0,0,0
110900058,0,0,0
110900059,4,3,1
110900060,20,1,19
110900061,0,0,0
110900062,0,0,0
110900063,0,1,-1
110900064,1,0,1
110900065,16,20,-4
110900066,0,11,-11
110900067,0,0,0
110900068,0,0,0
110900069,0,0,0
110900070,0,0,0
110900071,0,0,0
110900073,0,0,0
110900074,78,0,78
110900075,44,1,43
110900077,136,32,104
110900078,0,0,0
110900079,158,165,-7
110900080,46,5,41
110900081,0,0,0
110900082,22,14,8
110900083,0,1,-1
110900084,0,0,0
110900085,2,19,-17
110900086,1,19,-18
110900087,32,26,6
110900088,1,0,1
110900090,0,0,0
110900091,0,0,0
110900093,0,0,0
110900095,3,5,-2
110900097,0,0,0
110900098,0,0,0
110900099,1,32,-31
110900100,0,1,-1
110900102,8,22,-14
110900105,35,16,19
110900108,8,0,8
110900111,2,0,2
110900112,183,2,181
110900113,4,0,4
110900115,0,3,-3
110900116,184,71,113
110900118,0,290,-290
110900119,37,2,35
110900120,0,0,0
110900121,2,2,0
110900122,26,2,24
110900125,91,89,2
110900127,0,0,0
110900128,16,25,-9
110900129,8,126,-118
110900130,5,126,-121
110900131,19,3,16
110900132,81,4,77
110900133,0,0,0
110900135,0,2,-2
110900136,13,0,13
110900139,1,0,1
110900140,1,0,1
110900141,14,8,6
110900142,0,0,0
110900143,42,0,42
110900144,0,0,0
110900145,25,6,19
110900146,48,28,20
110900147,0,0,0
110900148,0,0,0
110900149,0,0,0
110900150,1,11,-10
110900151,0,14,-14
110900152,1,3,-2
110900153,25,2,23
111000001,444,234,210
111000002,49,8,41
111000003,584,340,244
111000004,3,14,-11
111000005,403,600,-197
111000006,21,41,-20
111000007,996,1085,-89
111000008,49,58,-9
111000009,28,130,-102
111000010,415,246,169
111000011,16,195,-179
111000012,68,164,-96
111000013,42,307,-265
111000014,473,146,327
111000017,0,55,-55
111000018,1,5,-4
111000020,50,159,-109
111000021,29,37,-8
111000023,29,52,-23
111000025,204,271,-67
111000029,7,5,2
111000030,0,1,-1
111000031,762,280,482
111000032,324,67,257
111000033,47,22,25
111000034,8,60,-52
111000037,192,478,-286
111000038,500,290,210
111000039,435,397,38
111000040,349,296,53
111000041,100,158,-58
111000042,246,673,-427
111000043,852,912,-60
111000044,724,110,614
111000045,1130,568,562
111000046,542,485,57
111000047,1025,1942,-917
111000049,6,35,-29
111000050,128,64,64
111000051,29,47,-18
111000052,21,41,-20
111000053,57,51,6
111000054,52,33,19
111000055,163,198,-35
111000056,2,24,-22
111000057,9,40,-31
111000058,171,28,143
111000059,181,34,147
111000060,2373,199,2174
111000061,279,82,197
111000062,576,75,501
111000063,639,229,410
111000064,411,119,292
111000065,723,158,565
111000066,293,75,218
111000067,134,44,90
111000068,60,33,27
111000069,139,154,-15
111000070,90,52,38
111000071,3,36,-33
111000072,542,356,186
111000073,109,428,-319
111000074,792,433,359
111000075,251,75,176
111000076,490,130,360
111000077,639,251,388
111000078,358,115,243
111000079,255,115,140
111000080,148,132,16
111000081,253,851,-598
111000082,239,78,161
111000084,173,171,2
111000085,359,421,-62
111000086,456,299,157
111000087,473,193,280
111000088,482,356,126
111000089,212,192,20
111000090,209,194,15
111000091,157,118,39
111000092,622,192,430
111000093,259,272,-13
111000094,468,227,241
111000095,345,814,-469
111000096,361,2493,-2132
111000097,168,140,28
111000098,83,70,13
111000099,50,219,-169
111000100,47,118,-71
111000101,62,114,-52
111000102,1,46,-45
111000104,221,19,202
111000107,0,47,-47
111000109,146,5,141
111000110,303,109,194
111000111,1317,44,1273
111000112,971,51,920
111000113,356,694,-338
111000114,297,1057,-760
111000115,962,160,802
111000116,209,77,132
111000117,67,81,-14
111000118,175,39,136
111000119,457,72,385
111000120,216,114,102
111000121,141,86,55
111000122,127,112,15
111000123,276,338,-62
111000124,70,270,-200
111000125,12,101,-89
111000126,13,80,-67
111000127,356,10,346
111000128,1020,31,989
111000129,1200,97,1103
111000130,1500,153,1347
111000131,1268,95,1173
111000132,949,345,604
111000133,57,7,50
111000134,52,2,50
111000135,1,69,-68
111000136,270,58,212
111000138,7,10,-3
111000140,1,0,1
111000141,21,12,9
111000142,0,3,-3
111000143,0,3,-3
111000144,0,20,-20
111000145,37,7,30
111000146,28,0,28
111000147,36,1,35
111000148,10,6,4
111000149,0,83,-83
111000150,1,0,1
111000151,0,5,-5
111000153,118,21,97
111000154,25,30,-5
111000155,104,28,76
111000156,219,51,168
111000157,67,153,-86
111000158,343,314,29
111000159,538,398,140
111000160,163,18,145
111000161,1,80,-79
111000162,0,8,-8
111000163,48,65,-17
111000164,8,250,-242
111000165,114,49,65
111000166,32,12,20
111000167,3,19,-16
111000168,75,22,53
111000169,79,5,74
111000170,50,33,17
111000171,71,15,56
111000172,73,76,-3
111000173,138,184,-46
111000174,6,6,0
111000175,50,32,18
111000176,134,29,105
111000177,336,84,252
111000178,710,90,620
111000179,238,19,219
111000180,93,115,-22
111000181,224,48,176
111000182,81,7,74
111000183,43,50,-7
111000184,165,28,137
111000185,102,22,80
111000186,58,2,56
111000187,66,7,59
111000188,142,32,110
111000189,14,55,-41
111000190,17,13,4
111000191,5,24,-19
111000192,10,27,-17
111000193,37,10,27
111000194,3,2,1
111000195,4,47,-43
111000196,2,13,-11
111000197,235,11,224
111000198,176,4,172
111000199,115,21,94
111000200,325,150,175
111000201,242,18,224
111000202,205,16,189
111000203,163,31,132
111000204,81,392,-311
111000213,109,120,-11
111000214,363,128,235
111000215,336,120,216
111000217,750,114,636
111000218,469,223,246
111000219,74,17,57
111000220,235,8,227
111000221,67,11,56
111000224,0,0,0
111000225,339,340,-1
111000226,16,1,15
111000227,4,0,4
111000228,0,347,-347
111000229,2,441,-439
111000230,36,16,20
111000231,277,49,228
111000232,298,134,164
111000233,268,62,206
111000234,21,98,-77
111000239,0,0,0
111000240,26,62,-36
111000241,0,0,0
111000242,33,37,-4
111000243,0,0,0
111000244,325,17,308
111000245,272,35,237
111000246,242,59,183
111000247,192,99,93
111000248,383,62,321
111000249,219,51,168
111000250,43,11,32
111000251,65,19,46
111000253,1,0,1
111000255,9,0,9
111000257,19,0,19
111000260,0,41,-41
111000261,443,2,441
111000271,0,22,-22
111000273,458,418,40
111000274,465,309,156
111000275,9,6,3
111000276,43,220,-177
111000277,66,26,40
111000278,173,30,143
111000291,462,3288,-2826
111000298,179,84,95
111000299,64,25,39
111000300,16,21,-5
111000302,116,32,84
111000303,112,16,96
111000312,25,7,18
111000315,1,4,-3
111000320,75,68,7
111000321,226,47,179
111000322,112,51,61
111000323,103,10,93
111000324,114,59,55
111000325,0,17,-17
111000326,46,62,-16
111000327,124,174,-50
111000328,74,69,5
111000329,0,22,-22
111000330,16,2,14
111000331,14,41,-27
111000332,129,174,-45
111000334,33,96,-63
111000335,299,7,292
111000337,469,0,469
111000338,11,2,9
111000339,193,5,188
111000340,1,51,-50
111000341,450,103,347
111000342,0,11,-11
111000344,502,75,427
111000345,3,1,2
111000346,0,0,0
111000347,57,0,57
111000350,37,93,-56
111000351,4,69,-65
111000352,61,6,55
111000353,1,74,-73
111000354,70,29,41
111000355,18,74,-56
111000358,43,44,-1
111000360,71,13,58
111000361,53,6,47
111000546,72,0,72
111000547,155,28,127
111000548,5,9,-4
111000549,81,8,73
111000550,1,41,-40
111000551,11,15,-4
111000552,52,0,52
111000907,395,1,394
111000908,16,1,15
111000916,366,1,365
111000917,0,9,-9
111000918,46,28,18
111000920,83,0,83
111000921,0,14,-14
111000922,87,0,87
111000924,1,105,-104
111000925,2070,599,1471
111000926,468,259,209
111000927,1113,1419,-306
111000928,592,513,79
111000929,1152,233,919
111000930,237,483,-246
111000931,1140,496,644
111000932,565,428,137
111000933,1575,1033,542
111000934,359,405,-46
111000935,953,244,709
111000936,226,337,-111
111000937,651,484,167
111000938,396,280,116
111000939,400,6,394
111000940,299,10,289
111000941,79,23,56
111000943,333,82,251
111000944,27,19,8
111000945,154,1,153
111001109,148,108,40
111001110,21,0,21
111001111,5,0,5
111001112,137,1,136
111001113,0,19,-19
111001114,87,48,39
111001115,0,0,0
111001116,286,1668,-1382
111001117,31,86,-55
111001120,12,12,0
111001121,3,14,-11
111001122,26,15,11
111001123,131,16,115
111001124,9,13,-4
111001125,1,248,-247
111900001,5,0,5
111900002,1,14,-13
111900003,1,21,-20
111900004,0,13,-13
111900006,0,0,0
111900007,0,0,0
111900008,0,0,0
111900009,60,8,52
111900010,4,3,1
111900012,2,1,1
111900013,5,11,-6
111900014,270,1190,-920
111900015,0,1,-1
111900016,0,4,-4
111900017,0,3,-3
111900018,60,0,60
111900019,0,14,-14
111900020,0,4,-4
111900021,2,1,1
111900022,1,1,0
111900023,55,14,41
111900024,14,3,11
111900025,0,5,-5
111900026,0,6,-6
111900027,0,1,-1
111900028,0,0,0
111900029,0,2,-2
111900030,0,0,0
111900031,0,0,0
111900032,0,0,0
111900033,0,1,-1
111900034,0,0,0
111900035,0,0,0
111900036,0,0,0
111900038,0,0,0
111900039,0,0,0
111900040,0,0,0
111900042,0,0,0
111900043,0,0,0
111900044,0,0,0
111900046,0,0,0
111900048,71,39,32
111900049,0,0,0
111900050,0,0,0
111900051,0,8,-8
111900052,0,0,0
111900053,54,487,-433
111900054,0,0,0
111900055,0,21,-21
111900056,12,34,-22
111900057,37,6,31
111900058,205,5,200
111900059,50,53,-3
111900060,0,0,0
111900061,0,7,-7
111900062,41,12,29
111900063,97,0,97
111900064,5,19,-14
111900065,28,3,25
111900066,1,0,1
111900067,0,0,0
111900068,0,40,-40
111900069,32,0,32
111900070,34,0,34
111900071,0,0,0
111900072,23,11,12
111900073,52,5,47
111900074,0,0,0
111900075,86,3,83
111900076,7,0,7
111900077,44,0,44
111900078,29,0,29
111900079,33,5,28
111900080,0,0,0
111900082,223,17,206
111900083,11,0,11
111900084,66,0,66
111900085,0,0,0
111900086,179,8,171
111900087,46,0,46
111900088,80,0,80
111900089,79,2,77
111900090,0,0,0
111900091,379,3,376
111900092,92,0,92
111900093,61,1,60
111900094,61,0,61
111900095,0,0,0
111900096,172,2,170
111900097,52,0,52
111900098,70,0,70
111900099,19,0,19
111900100,0,0,0
111900101,18,0,18
111900102,69,0,69
111900103,0,0,0
111900104,1,0,1
111900105,10,3,7
111900106,56,16,40
111900110,0,0,0
111900111,39,14,25
111900112,0,0,0
111900113,28,3,25
111900118,55,1,54
111900119,0,12,-12
111900122,12,13,-1
111900123,0,5,-5
111900124,0,1,-1
111900125,22,0,22
111900126,27,0,27
111900127,0,0,0
111900128,0,0,0
111900129,33,3,30
111900130,3,3,0
111900131,37,0,37
111900132,0,0,0
111900133,0,0,0
111900134,0,0,0
111900135,0,0,0
111900136,0,0,0
111900137,6,0,6
111900138,0,20,-20
111900139,0,6,-6
111900140,7,12,-5
111900141,59,2,57
111900142,33,0,33
111900143,0,0,0
111900144,0,0,0
111900145,0,0,0
111900146,0,0,0
111900147,0,0,0
111900148,0,0,0
111900149,0,0,0
111900150,0,0,0
111900151,0,0,0
111900152,0,0,0
111900153,0,0,0
111900154,0,0,0
111900155,0,0,0
111900156,0,0,0
111900157,0,0,0
111900158,0,0,0
111900159,0,0,0
111900160,0,0,0
111900161,6,0,6
111900162,0,0,0
111900163,0,0,0
111900164,0,0,0
111901113,124,0,124
111901114,51,0,51
111901115,1,0,1
111901116,0,0,0
111901117,0,0,0
111901118,0,0,0
111901119,0,0,0
111901121,0,0,0
111901122,1,0,1
111901123,28,0,28
111901124,0,0,0
111901125,262,56,206
111901127,1,0,1
111901128,0,0,0
111901129,0,0,0
111901130,0,0,0
111901131,0,90,-90
111901132,0,0,0
111901133,0,0,0
111901134,0,0,0
111901135,0,0,0
111901136,0,0,0
111901137,0,0,0
111901138,0,0,0
111901139,0,0,0
111901140,0,0,0
111901141,0,0,0
111901142,0,0,0
111901143,0,0,0
111901144,0,0,0
111901145,1,0,1
111901146,0,0,0
111901147,2,0,2
111901148,0,0,0
112000001,1363,603,760
112000002,116,156,-40
112000003,642,306,336
112000004,62,91,-29
112000005,2620,1644,976
112000006,101,54,47
112000007,2033,1356,677
112000008,1384,2207,-823
112000009,1753,484,1269
112000010,897,2354,-1457
112000011,492,300,192
112000012,2122,4478,-2356
112000013,685,536,149
112000014,158,2863,-2705
112000015,208,673,-465
112000016,409,1128,-719
112000017,53,461,-408
112000024,48,62,-14
112000026,371,395,-24
112000027,273,483,-210
112000028,293,82,211
112000029,145,442,-297
112000030,4,0,4
112000031,212,1668,-1456
112000032,7,0,7
112000033,262,1408,-1146
112000034,4,2,2
112000035,0,20,-20
112000036,20,505,-485
112000037,20,107,-87
112000038,129,368,-239
112000039,52,15,37
112000040,10,38,-28
112000041,49,178,-129
112000042,341,24,317
112000050,601,627,-26
112000051,667,884,-217
112000054,319,495,-176
112000057,7,21,-14
112000058,31,174,-143
112000059,90,203,-113
112000061,526,228,298
112000062,170,425,-255
112000063,305,344,-39
112000064,562,439,123
112000065,309,162,147
112000066,644,567,77
112000067,63,64,-1
112000068,1007,826,181
112000069,42,173,-131
112000070,255,249,6
112000071,143,93,50
112000072,839,134,705
112000073,71,130,-59
112000074,404,203,201
112000075,705,349,356
112000076,653,221,432
112000077,827,183,644
112000078,740,182,558
112000079,1037,419,618
112000080,178,187,-9
112000081,183,405,-222
112000082,491,323,168
112000083,286,278,8
112000084,520,307,213
112000085,743,186,557
112000086,1300,401,899
112000087,242,60,182
112000088,376,141,235
112000089,67,79,-12
112000090,46,56,-10
112000091,131,73,58
112000092,989,71,918
112000093,215,48,167
112000094,448,81,367
112000095,261,64,197
112000096,550,142,408
112000097,965,203,762
112000098,12,29,-17
112000099,210,1034,-824
112000100,916,86,830
112000101,6,36,-30
112000102,450,56,394
112000103,47,50,-3
112000105,21,43,-22
112000106,879,49,830
112000107,30,11,19
112000108,151,218,-67
112000109,158,30,128
112000110,572,99,473
112000111,115,180,-65
112000112,759,79,680
112000113,63,109,-46
112000114,634,117,517
112000115,106,18,88
112000116,10,27,-17
112000117,17,41,-24
112000118,126,83,43
112000119,107,102,5
112000120,3,12,-9
112000121,96,54,42
112000122,199,32,167
112000123,364,23,341
112000124,212,3,209
112000125,120,19,101
112000126,199,88,111
112000127,660,751,-91
112000128,45,386,-341
112000129,88,25,63
112000130,22,8,14
112000131,16,4,12
112000132,1,7,-6
112000133,182,42,140
112000134,132,28,104
112000135,416,70,346
112000136,155,146,9
112000137,542,218,324
112000138,183,170,13
112000139,69,211,-142
112000140,33,65,-32
112000141,245,106,139
112000142,26,53,-27
112000143,637,50,587
112000144,43,111,-68
112000145,1380,115,1265
112000146,151,84,67
112000147,843,357,486
112000148,181,104,77
112000149,169,54,115
112000150,1,10,-9
112000151,163,36,127
112000152,31,19,12
112000153,19,13,6
112000154,61,0,61
112000155,22,20,2
112000157,45,275,-230
112000158,88,22,66
112000159,103,27,76
112000167,10,1,9
112000169,71,394,-323
112000173,170,3,167
112000175,61,54,7
112000176,471,258,213
112000177,54,8,46
112000178,16,31,-15
112000179,67,4,63
112000180,28,5,23
112000181,219,57,162
112000182,752,46,706
112000183,31,33,-2
112000184,155,25,130
112000185,9,34,-25
112000187,700,195,505
112000195,78,3,75
112000196,9,0,9
112000197,19,1,18
112000198,0,2,-2
112000199,1,65,-64
112000202,187,10,177
112000216,62,31,31
112000230,31,0,31
112000231,0,0,0
112000256,56,40,16
112000313,15,2,13
112000314,2,1,1
112000337,13,100,-87
112000352,3,33,-30
112000392,703,633,70
112000398,586,160,426
112000399,238,2361,-2123
112000400,250,376,-126
112000401,512,385,127
112000402,1627,2841,-1214
112000403,275,2137,-1862
112000404,216,611,-395
112000405,1519,1302,217
112000406,726,442,284
112000407,3241,2091,1150
112000408,1098,744,354
112000409,280,681,-401
112000410,0,0,0
112000411,141,24,117
112000412,3,0,3
112000413,54,291,-237
112000414,61,2,59
112000415,17,0,17
112000416,1305,391,914
112000417,86,40,46
112000421,3,4,-1
112000422,57,30,27
112000424,78,501,-423
112000425,12,27,-15
112000426,28,41,-13
112000427,0,0,0
112000428,27,30,-3
112000429,643,661,-18
112000430,795,1343,-548
112000431,55,68,-13
112000432,72,27,45
112000433,97,221,-124
112000437,40,94,-54
112900001,11,0,11
112900002,84,4,80
112900003,21,0,21
112900004,15,1,14
112900005,20,0,20
112900006,0,0,0
112900007,73,1,72
112900008,0,0,0
112900009,15,0,15
112900010,16,1,15
112900011,0,0,0
112900012,0,0,0
112900013,0,1,-1
112900014,0,0,0
112900015,0,3,-3
112900016,0,0,0
112900017,0,0,0
112900018,0,0,0
112900019,0,0,0
112900020,6,25,-19
112900021,0,0,0
112900022,0,1,-1
112900023,0,0,0
112900024,0,0,0
112900025,0,2,-2
112900026,0,0,0
112900027,0,0,0
112900028,0,0,0
112900029,41,8,33
112900030,0,0,0
112900031,0,0,0
112900032,0,0,0
112900034,2,0,2
112900035,0,0,0
112900036,0,0,0
112900037,0,0,0
112900038,45,0,45
112900039,0,0,0
112900040,0,0,0
112900041,2,33,-31
112900042,0,0,0
112900043,0,0,0
112900044,4,0,4
112900045,0,0,0
112900046,0,0,0
112900047,0,0,0
112900049,0,0,0
112900050,12,0,12
112900051,0,0,0
112900052,1,0,1
112900053,0,0,0
112900054,5,0,5
112900055,0,0,0
112900056,0,0,0
112900057,0,0,0
112900058,4,3,1
112900059,0,0,0
112900060,0,0,0
112900061,0,0,0
112900062,0,0,0
112900063,0,0,0
112900064,0,0,0
112900065,0,0,0
112900066,15,18,-3
112900067,0,0,0
112900068,0,0,0
112900069,2,0,2
112900071,0,0,0
112900072,2,29,-27
112900073,53,2,51
112900074,0,0,0
112900075,20,1,19
112900076,0,0,0
112900078,0,0,0
112900079,0,0,0
112900080,0,0,0
112900081,2,3,-1
112900082,58,0,58
112900083,12,3,9
112900084,0,0,0
112900086,0,0,0
112900087,33,0,33
112900088,37,0,37
112900089,148,2,146
112900090,3,2,1
112900091,0,0,0
112900092,0,0,0
112900093,0,0,0
112900095,0,0,0
112900096,25,5,20
112900097,3,2,1
112900098,1,0,1
112900099,167,6,161
112900100,2,0,2
112900101,0,0,0
112900102,0,0,0
112900103,0,0,0
112900104,0,0,0
112900105,0,0,0
112900106,2,3,-1
112900107,2,0,2
112900108,0,0,0
112900109,6,0,6
112900110,0,0,0
112900111,0,0,0
112900112,0,0,0
112900113,0,0,0
112900114,0,0,0
112900115,425,5,420
112900116,18,0,18
112900117,0,0,0
112900118,0,0,0
112900119,0,0,0
112900120,0,0,0
112900121,0,0,0
112900122,0,0,0
112900123,0,0,0
112900124,0,0,0
112900125,0,1,-1
112900126,2,2,0
112900127,0,0,0
112900128,0,0,0
112900129,0,8,-8
112900130,0,0,0
112900131,0,0,0
112900132,0,0,0
112900133,0,37,-37
112900134,0,16,-16
112900135,0,0,0
112900137,0,2,-2
112900138,0,6,-6
112900139,0,0,0
112900141,116,0,116
112900142,0,0,0
112900143,0,0,0
112900144,0,0,0
112900145,0,0,0
112900146,0,0,0
112900147,0,0,0
112900148,0,0,0
112900149,0,0,0
112900151,0,0,0
112900152,151,2,149
112900153,1,141,-140
112900154,0,0,0
112900155,20,0,20
112900156,9,0,9
112900157,123,2,121
112900158,2,0,2
112900159,0,0,0
112900160,0,0,0
112900161,0,0,0
112900162,0,0,0
112900163,0,0,0
112900164,0,0,0
112900165,0,0,0
112900166,0,0,0
112900167,0,0,0
112900168,0,0,0
112900169,0,0,0
112900170,0,0,0
112900172,0,0,0
112900173,0,0,0
112900174,0,0,0
112900175,0,0,0
112900176,0,0,0
112900177,0,0,0
112900178,3,3,0
112900179,0,32,-32
112900180,199,31,168
112900181,0,0,0
112900182,0,0,0
112900183,0,0,0
112900184,28,29,-1
112900185,0,22,-22
112900186,20,85,-65
112900187,0,0,0
112900188,18,33,-15
112900189,0,0,0
112900190,0,0,0
112900192,57,34,23
112900193,56,6,50
112900194,0,0,0
112900195,85,2,83
112900196,30,8,22
112900197,2,12,-10
112900199,46,1,45
112900200,16,0,16
112900201,31,1,30
112900202,0,8,-8
112900203,1,0,1
112900204,3,10,-7
112900205,1,0,1
112900206,2,0,2
112900207,0,0,0
112900208,0,6,-6
112900209,0,0,0
112900210,0,0,0
112900211,0,0,0
112900212,0,0,0
112900213,0,0,0
112900214,0,0,0
112900215,0,0,0
112900216,0,0,0
112900217,0,0,0
112900218,26,0,26
112900219,6,0,6
112900220,1,0,1
112900221,14,0,14
112900222,0,0,0
112900223,191,1,190
112900224,41,0,41
112900225,0,0,0
112900226,0,0,0
112900227,204,7,197
112900228,9,0,9
112900229,0,0,0
112900230,127,119,8
112900232,0,6,-6
112900233,0,0,0
112900234,0,0,0
112900235,0,0,0
112900236,0,0,0
112900237,44,1,43
112900238,0,0,0
112900239,0,0,0
112900240,0,0,0
112900241,0,0,0
112900242,0,0,0
112900243,0,0,0
112900244,0,0,0
112900245,0,0,0
112900246,0,0,0
112900247,0,0,0
112900248,0,0,0
112900249,0,0,0
112900250,0,0,0
112900251,0,0,0
112900252,0,0,0
112900253,0,0,0
112900254,0,0,0
112900255,0,0,0
112900256,0,0,0
112900257,0,0,0
113000001,1055,1140,-85
113000002,1149,1515,-366
113000003,319,753,-434
113000004,273,681,-408
113000005,239,302,-63
113000006,198,576,-378
113000007,467,264,203
113000008,267,468,-201
113000009,275,243,32
113000010,393,260,133
113000011,226,100,126
113000012,453,87,366
113000013,88,117,-29
113000014,81,270,-189
113000015,25,35,-10
113000016,18,57,-39
113000017,2,23,-21
113000018,28,4,24
113000019,0,0,0
113000020,254,39,215
113000021,452,77,375
113000022,187,215,-28
113000025,0,7,-7
113000026,145,237,-92
113000027,56,213,-157
113000028,5,143,-138
113000029,287,312,-25
113000030,0,0,0
113000031,0,0,0
113000032,44,107,-63
113000033,127,134,-7
113000034,1,0,1
113000035,0,0,0
113000036,3,37,-34
113000037,0,0,0
113000038,5,26,-21
113000039,0,28,-28
113000040,5,0,5
113000042,160,235,-75
113000051,261,847,-586
113000052,168,88,80
113000053,81,60,21
113000054,29,370,-341
113000055,520,116,404
113000056,474,150,324
113000058,113,245,-132
113000059,376,161,215
113000060,84,168,-84
113000061,185,178,7
113000062,109,61,48
113000063,97,24,73
113000064,56,62,-6
113000065,111,99,12
113000066,420,59,361
113000067,631,50,581
113000068,156,161,-5
113000069,124,172,-48
113000070,514,80,434
113000071,97,76,21
113000072,206,48,158
113000073,95,197,-102
113000074,268,59,209
113000075,512,140,372
113000076,108,551,-443
113000077,162,259,-97
113000078,85,251,-166
113000079,24,102,-78
113000080,87,111,-24
113000081,167,199,-32
113000082,137,32,105
113000083,256,379,-123
113000084,337,191,146
113000085,331,182,149
113000086,259,242,17
113000087,230,598,-368
113000088,196,200,-4
113000089,334,809,-475
113000090,23,172,-149
113000091,55,1,54
113000094,466,48,418
113000095,84,26,58
113000096,48,28,20
113000097,171,9,162
113000098,28,23,5
113000099,273,37,236
113000100,72,16,56
113000101,9,1,8
113000102,99,63,36
113000103,440,86,354
113000104,407,731,-324
113000105,340,75,265
113000106,143,53,90
113000107,464,378,86
113000108,370,266,104
113000109,85,264,-179
113000110,315,214,101
113000111,9,160,-151
113000112,73,181,-108
113000113,503,199,304
113000114,3,165,-162
113000116,41,45,-4
113000117,57,154,-97
113000118,9,192,-183
113000119,72,77,-5
113000120,29,367,-338
113000121,70,29,41
113000124,143,56,87
113000125,0,290,-290
113000127,110,17,93
113000128,85,227,-142
113000129,0,0,0
113000133,301,2,299
113000134,1,454,-453
113000135,1375,1566,-191
113000137,388,695,-307
113000139,141,58,83
113000140,0,0,0
113000141,60,40,20
113000142,52,85,-33
113000143,60,123,-63
113000144,1,48,-47
113000145,76,12,64
113000146,0,0,0
113000147,1,0,1
113000148,116,13,103
113000149,72,96,-24
113000150,0,0,0
113000151,0,1,-1
113000152,3,83,-80
113000153,143,110,33
113000154,54,306,-252
113000155,143,212,-69
113000156,40,66,-26
113000157,87,114,-27
113000158,109,5,104
113000159,252,7,245
113000160,137,111,26
113000161,86,108,-22
113000162,0,0,0
113000163,27,37,-10
113000164,0,0,0
113000166,96,8,88
113000167,0,0,0
113000168,0,0,0
113000169,148,0,148
113000170,84,23,61
113000171,0,0,0
113000172,190,21,169
113000173,60,7,53
113000174,0,0,0
113000175,215,15,200
113000176,199,11,188
113000177,0,0,0
113000178,0,0,0
113000179,121,22,99
113000180,272,608,-336
113000181,468,368,100
113000182,18,36,-18
113000183,42,180,-138
113000184,0,0,0
113000189,6,110,-104
113000190,87,90,-3
113000192,268,868,-600
113000193,510,670,-160
113000194,137,559,-422
113000195,272,724,-452
113000196,115,76,39
113000197,288,562,-274
113000198,10,109,-99
113000199,261,70,191
113000201,22,53,-31
113000202,683,87,596
113000203,22,18,4
113000204,85,876,-791
113000205,0,0,0
113000206,0,19,-19
113000207,0,0,0
113000208,9,38,-29
113000209,0,0,0
113000210,0,25,-25
113000211,83,16,67
113000212,10,7,3
113000213,26,13,13
113000214,2,9,-7
113000234,7,48,-41
113000410,5,53,-48
113000411,568,889,-321
113000412,619,393,226
113000413,646,730,-84
113000414,809,2989,-2180
113000415,236,389,-153
113000416,481,436,45
113000417,110,397,-287
113000418,1022,1190,-168
113000419,306,655,-349
113000420,943,1476,-533
113000421,1525,2504,-979
113000422,1898,2169,-271
113000423,399,1322,-923
113000424,736,2537,-1801
113000425,10,38,-28
113000428,0,1,-1
113000430,0,0,0
113000432,605,12,593
113000433,20,97,-77
113000434,4,4,0
113000435,1,2,-1
113000436,0,51,-51
113000437,352,4,348
113000438,19,0,19
113000439,0,0,0
113000440,28,1,27
113000441,60,17,43
113000442,0,0,0
113000443,57,7,50
113000444,0,0,0
113000445,23,5,18
113000446,0,0,0
113000448,0,0,0
113000449,6,403,-397
113000450,12,478,-466
113000451,6,0,6
113000452,29,104,-75
113000453,0,0,0
113000454,49,57,-8
113000455,0,0,0
113000456,73,21,52
113000468,149,18,131
113000469,14,16,-2
113000470,98,39,59
113000471,1,107,-106
113000472,18,16,2
113000474,531,502,29
113000475,362,482,-120
113000476,484,715,-231
113000477,1549,703,846
113000478,1091,1123,-32
113000479,8,15,-7
113000483,0,0,0
113000484,0,0,0
113000485,0,0,0
113000486,0,0,0
113000487,0,0,0
113000488,0,0,0
113000489,0,0,0
113000490,0,0,0
113000491,0,0,0
113000492,0,0,0
113000493,0,0,0
113000495,0,0,0
113000496,3,49,-46
113000499,0,0,0
113900001,0,0,0
113900002,0,0,0
113900003,0,0,0
113900004,0,0,0
113900005,0,0,0
113900006,0,0,0
113900007,0,0,0
113900008,0,0,0
113900009,0,0,0
113900010,0,0,0
113900011,0,0,0
113900012,0,0,0
113900013,0,0,0
113900014,176,2,174
113900015,0,0,0
113900016,0,0,0
113900017,2,0,2
113900018,0,0,0
113900019,0,0,0
113900020,61,0,61
113900022,2,0,2
113900023,0,0,0
113900024,0,0,0
113900025,21,5,16
113900026,0,0,0
113900027,0,0,0
113900028,0,0,0
113900029,0,0,0
113900030,34,0,34
113900031,3,1,2
113900032,0,0,0
113900033,0,0,0
113900035,0,0,0
113900036,13,0,13
113900037,0,0,0
113900038,0,0,0
113900039,41,7,34
113900040,1,4,-3
113900041,0,0,0
113900042,0,0,0
113900043,0,0,0
113900044,1,16,-15
113900045,0,0,0
113900046,0,0,0
113900047,0,0,0
113900048,0,0,0
113900049,0,0,0
113900050,4,22,-18
113900051,0,0,0
113900052,0,0,0
113900053,61,77,-16
113900054,0,0,0
113900055,0,0,0
113900056,0,0,0
113900057,0,0,0
113900058,0,0,0
113900059,0,0,0
113900060,1,3,-2
113900061,7,10,-3
113900062,0,0,0
113900063,0,0,0
113900064,0,0,0
113900065,152,7,145
113900066,0,0,0
113900067,7,1,6
113900068,84,108,-24
113900069,0,0,0
113900070,0,0,0
113900071,0,0,0
113900072,0,0,0
113900073,75,82,-7
113900074,28,19,9
113900075,111,277,-166
113900076,0,0,0
113900077,0,0,0
113900078,0,0,0
113900079,0,0,0
113900080,0,3,-3
113900081,0,0,0
113900082,0,0,0
113900083,32,14,18
113900084,8,7,1
113900085,0,0,0
113900086,0,0,0
113900087,0,0,0
113900088,0,0,0
113900089,83,6,77
113900090,0,10,-10
113900091,0,0,0
113900092,0,0,0
113900093,0,0,0
113900094,18,6,12
113900095,10,12,-2
113900096,0,0,0
113900097,0,0,0
113900098,168,15,153
113900099,0,0,0
113900100,0,0,0
113900101,0,0,0
113900102,0,0,0
113900103,2,12,-10
113900104,27,33,-6
113900105,0,0,0
113900106,0,0,0
113900107,0,0,0
113900108,0,0,0
113900109,0,0,0
113900110,0,0,0
113900111,0,0,0
113900112,7,0,7
113900113,22,1,21
113900114,0,0,0
113900115,0,0,0
113900116,0,0,0
113900117,1,0,1
113900118,0,2,-2
113900119,14,47,-33
113900120,0,0,0
113900121,0,0,0
113900122,11,841,-830
113900123,7,0,7
113900124,0,0,0
113900125,16,0,16
113900126,0,0,0
113900127,0,0,0
113900128,0,0,0
113900129,1,48,-47
113900130,0,0,0
113900131,0,0,0
113900132,0,0,0
113900133,0,0,0
113900135,0,0,0
113900136,0,0,0
113900137,0,0,0
113900138,0,0,0
113900139,0,0,0
113900140,14,15,-1
113900141,0,0,0
113900142,0,0,0
113900143,0,0,0
113900144,17,4,13
113900145,0,0,0
113900146,0,0,0
113900148,0,0,0
113900149,0,0,0
113900150,47,24,23
113900151,0,0,0
113900152,0,0,0
113900153,0,0,0
113900154,0,0,0
113900155,0,0,0
113900156,0,0,0
113900157,0,9,-9
113900158,0,0,0
113900159,0,0,0
113900160,0,0,0
113900161,0,0,0
113900162,1,16,-15
113900163,0,0,0
113900164,1,0,1
113900165,0,0,0
113900166,4,4,0
113900167,0,0,0
113900168,0,0,0
113900169,0,0,0
113900171,0,0,0
113900172,0,0,0
113900173,4,24,-20
113900174,0,0,0
113900175,60,1,59
113900176,0,0,0
113900177,1,0,1
113900178,0,0,0
113900179,0,25,-25
113900180,6,1,5
113900181,30,0,30
113900182,0,0,0
113900183,1,1,0
113900184,0,20,-20
113900185,2,2,0
113900186,0,0,0
113900187,0,6,-6
113900188,0,0,0
113900189,0,0,0
113900190,0,0,0
113900191,0,0,0
113900192,0,0,0
113900193,0,13,-13
113900194,39,14,25
113900195,0,0,0
113900196,0,0,0
113900197,3,2,1
113900198,0,0,0
113900199,1,10,-9
113900200,0,0,0
113900201,0,13,-13
113900202,0,0,0
113900203,0,9,-9
113900204,0,2,-2
113900205,0,0,0
113900206,0,0,0
113900207,0,0,0
113900208,0,0,0
113900209,0,0,0
113900210,0,0,0
113900211,0,0,0
113900212,98,1,97
113900214,3,11,-8
113900215,131,0,131
113900216,1,0,1
113900217,0,0,0
113900218,0,0,0
113900219,0,0,0
113900220,0,0,0
113900221,3,6,-3
113900222,0,0,0
113900223,0,0,0
113900224,0,0,0
113900225,5,2,3
113900226,4,4,0
113900227,1,8,-7
113900228,0,0,0
113900229,0,5,-5
113900230,74,13,61
113900231,0,0,0
113900232,0,0,0
113900233,0,0,0
113900234,0,0,0
113900235,0,0,0
113900236,72,2,70
113900237,0,0,0
113900238,6,38,-32
113900239,0,0,0
113900240,0,0,0
113900241,0,0,0
113900242,0,0,0
113900243,0,5,-5
113900244,3,5,-2
113900245,5,1,4
113900246,0,7,-7
113900247,22,78,-56
113900248,0,0,0
113900249,4,84,-80
113900250,0,23,-23
113900251,165,1,164
113900252,142,0,142
113900253,69,1,68
113900254,97,13,84
113900255,260,3,257
113900256,152,5,147
113900257,0,45,-45
113900258,0,10,-10
113900259,93,2,91
113900260,158,0,158
113900261,14,5,9
113900262,43,23,20
113900263,0,7,-7
113900264,0,0,0
113900265,1,0,1
113900266,5,0,5
113900267,0,0,0
113900268,0,22,-22
113900269,0,0,0
113900270,0,0,0
113900271,0,0,0
113900273,0,1,-1
113900274,7,1,6
113900275,0,0,0
113900276,0,12,-12
113900277,42,0,42
113900278,0,0,0
113900279,0,0,0
113900280,13,3,10
113900281,13,67,-54
113900282,0,0,0
113900283,0,0,0
113900284,260,72,188
113900285,0,0,0
113900286,0,0,0
113900287,0,0,0
113900288,0,0,0
113900289,0,0,0
113900290,0,0,0
113900291,0,0,0
113900292,0,0,0
113900293,2,0,2
113900294,181,3,178
113900295,30,47,-17
113900296,62,20,42
113900297,187,2,185
113900298,5,0,5
113900299,1,0,1
113900300,266,4,262
113900301,42,1,41
113900302,70,7,63
113900303,0,0,0
113900304,0,0,0
113900305,47,0,47
113900306,20,0,20
113900307,0,0,0
113900308,1,0,1
113900309,0,4,-4
113900310,0,0,0
113900311,3,0,3
113900312,0,0,0
113900313,0,0,0
114000001,314,327,-13
114000002,57,60,-3
114000003,3,19,-16
114000004,59,33,26
114000005,51,6,45
114000006,203,249,-46
114000007,192,121,71
114000008,175,204,-29
114000009,112,116,-4
114000011,1192,310,882
114000012,1454,203,1251
114000013,741,303,438
114000014,28,17,11
114000015,126,11,115
114000016,4,38,-34
114000017,12,113,-101
114000018,1,6,-5
114000026,854,235,619
114000027,1236,529,707
114000028,632,1106,-474
114000038,25,3,22
114000039,0,0,0
114000040,68,107,-39
114000042,6,60,-54
114000043,98,23,75
114000044,51,8,43
114000045,29,11,18
114000046,359,411,-52
114000047,17,24,-7
114000048,21,34,-13
114000049,363,338,25
114000050,208,325,-117
114000051,565,765,-200
114000052,529,771,-242
114000053,114,165,-51
114000054,49,291,-242
114000055,23,1,22
114000056,2,54,-52
114000057,617,500,117
114000058,0,19,-19
114000059,0,19,-19
114000060,26,138,-112
114000061,555,959,-404
114000062,66,384,-318
114000063,105,147,-42
114000064,217,286,-69
114000065,261,316,-55
114000066,223,388,-165
114000067,28,108,-80
114000068,37,68,-31
114000069,105,28,77
114000070,825,571,254
114000071,52,32,20
114000072,85,21,64
114000073,29,27,2
114000074,1,0,1
114000075,52,9,43
114000076,18,5,13
114000077,1,3,-2
114000078,9,28,-19
114000079,1,0,1
114000080,2,51,-49
114000081,5,64,-59
114000082,13,81,-68
114000083,0,0,0
114000084,92,39,53
114000085,18,2,16
114000086,6,9,-3
114000087,0,0,0
114000088,19,14,5
114000089,69,14,55
114000090,206,233,-27
114000091,155,258,-103
114000092,100,16,84
114000093,260,102,158
114000094,170,186,-16
114000095,25,121,-96
114000096,37,19,18
114000097,52,95,-43
114000098,269,37,232
114000099,232,47,185
114000100,1195,97,1098
114000101,145,49,96
114000102,141,45,96
114000103,33,46,-13
114000104,3,18,-15
114000105,31,10,21
114000106,150,240,-90
114000107,93,23,70
114000108,43,29,14
114000109,412,470,-58
114000110,12,11,1
114000111,713,251,462
114000112,2,17,-15
114000113,552,79,473
114000114,8,13,-5
114000115,759,222,537
114000116,656,1387,-731
114000117,1613,137,1476
114000118,1605,161,1444
114000119,1326,160,1166
114000120,210,192,18
114000121,0,0,0
114000122,113,23,90
114000123,646,77,569
114000124,365,58,307
114000125,202,281,-79
114000126,587,57,530
114000127,97,15,82
114000128,336,45,291
114000130,171,245,-74
114000131,71,8,63
114000132,55,59,-4
114000133,82,47,35
114000134,0,0,0
114000138,0,0,0
114000139,120,166,-46
114000144,194,161,33
114000145,0,0,0
114000146,0,0,0
114000147,717,1091,-374
114000148,212,470,-258
114000149,43,59,-16
114000150,4,10,-6
114000151,79,799,-720
114000152,1,0,1
114000153,59,337,-278
114000154,76,69,7
114000155,311,599,-288
114000156,301,423,-122
114000157,50,300,-250
114000158,89,42,47
114000159,12,25,-13
114000160,4,57,-53
114000161,199,616,-417
114000162,739,977,-238
114000163,0,0,0
114000165,84,175,-91
114000166,124,61,63
114000167,719,283,436
114000168,23,1,22
114000169,323,407,-84
114000170,592,216,376
114000171,568,2742,-2174
114000174,1,2,-1
114000176,15,1,14
114000177,11,5,6
114000178,103,26,77
114000179,398,319,79
114000180,11,10,1
114000181,290,1532,-1242
114000182,218,269,-51
114000183,139,34,105
114000184,106,65,41
114000185,680,433,247
114000189,751,78,673
114000190,1956,372,1584
114000191,52,116,-64
114000192,0,0,0
114000193,0,0,0
114000194,722,313,409
114000195,93,45,48
114000196,0,0,0
114000197,1100,3,1097
114000198,0,0,0
114000199,0,48,-48
114000200,117,90,27
114000201,16,88,-72
114000202,470,250,220
114000203,224,197,27
114000204,0,0,0
114000205,34,121,-87
114000206,51,203,-152
114000207,30,118,-88
114000208,46,45,1
114000209,23,64,-41
114000210,21,121,-100
114000211,1145,485,660
114000212,290,370,-80
114000213,1098,326,772
114000214,13,0,13
114000215,36,0,36
114000216,415,126,289
114000217,274,64,210
114000218,24,2,22
114000219,483,32,451
114000220,0,2,-2
114000221,383,28,355
114000222,11,67,-56
114000223,506,46,460
114000224,10,94,-84
114000225,58,22,36
114000226,167,15,152
114000227,748,249,499
114000228,590,124,466
114000229,446,217,229
114000230,1225,212,1013
114000231,455,333,122
114000232,590,94,496
114000233,1075,19,1056
114000234,723,450,273
114000235,518,344,174
114000236,0,0,0
114000237,117,146,-29
114000238,20,325,-305
114000239,38,184,-146
114000240,360,398,-38
114000241,86,127,-41
114000242,270,120,150
114000243,991,639,352
114000244,255,106,149
114000245,54,142,-88
114000246,0,0,0
114000247,309,201,108
114000248,864,484,380
114000249,621,183,438
114000250,195,18,177
114000251,201,22,179
114000252,0,19,-19
114000253,17,11,6
114000254,0,0,0
114000255,10,97,-87
114000256,69,127,-58
114000257,16,143,-127
114000258,78,62,16
114000259,0,0,0
114000260,0,0,0
114000261,19,12,7
114000262,0,0,0
114000263,6,1,5
114000264,152,59,93
114000265,0,0,0
114000267,1,330,-329
114000268,0,0,0
114000270,105,5,100
114000271,96,21,75
114000283,501,55,446
114000285,0,0,0
114000288,7,0,7
114000289,214,29,185
114000293,98,12,86
114000294,17,142,-125
114000395,445,48,397
114000396,141,86,55
114000402,366,155,211
114000403,229,70,159
114000405,68,49,19
114000423,154,47,107
114000424,184,128,56
114000425,390,107,283
114000426,128,542,-414
114000427,55,4,51
114000428,29,26,3
114000429,32,6,26
114000432,74,8,66
114000434,0,20,-20
114000435,0,0,0
114900001,168,64,104
114900002,26,1,25
114900003,152,32,120
114900004,28,29,-1
114900005,60,59,1
114900006,6,3,3
114900007,6,0,6
114900008,45,7,38
114900010,1,0,1
114900011,67,13,54
114900013,22,5,17
114900015,1,33,-32
114900018,30,0,30
114900020,2,3,-1
114900022,8,16,-8
114900024,19,0,19
114900025,90,1,89
114900026,27,4,23
114900027,28,13,15
114900029,0,1,-1
114900030,79,8,71
114900031,77,0,77
114900032,93,0,93
114900033,33,97,-64
114900034,0,0,0
114900035,1,4,-3
114900036,55,29,26
114900037,0,0,0
114900038,0,0,0
114900039,0,0,0
114900040,0,0,0
114900041,0,0,0
114900042,0,0,0
114900043,0,0,0
114900044,4,6,-2
114900046,0,0,0
114900047,0,0,0
114900048,0,0,0
114900049,0,0,0
114900050,0,0,0
114900051,0,0,0
114900052,0,0,0
114900053,0,0,0
114900054,0,0,0
114900057,4,3,1
114900058,0,0,0
114900059,2,2,0
114900060,3,18,-15
114900061,0,0,0
114900062,1,1,0
114900063,0,0,0
114900064,0,0,0
114900065,0,0,0
114900067,0,0,0
114900068,0,0,0
114900069,0,0,0
114900070,82,29,53
114900072,0,0,0
114900073,0,0,0
114900074,211,4,207
114900075,37,1,36
114900076,2,0,2
114900080,98,11,87
114900082,325,2,323
114900083,0,0,0
114900090,52,35,17
114900091,0,0,0
114900095,0,0,0
114900096,4,0,4
114900097,25,0,25
114900098,0,4,-4
114900099,11,1,10
115000001,438,550,-112
115000002,1635,2576,-941
115000003,481,217,264
115000004,1921,2704,-783
115000005,108,114,-6
115000006,351,786,-435
115000007,111,278,-167
115000008,160,95,65
115000009,212,230,-18
115000010,73,135,-62
115000013,0,0,0
115000015,0,0,0
115000016,2,251,-249
115000019,57,180,-123
115000020,24,130,-106
115000021,3,31,-28
115000022,1,23,-22
115000023,237,333,-96
115000024,0,6,-6
115000025,483,206,277
115000026,0,0,0
115000027,203,72,131
115000028,0,0,0
115000029,559,10,549
115000030,0,18,-18
115000031,390,33,357
115000032,0,0,0
115000033,140,12,128
115000034,0,0,0
115000035,358,6,352
115000036,0,0,0
115000037,215,4,211
115000038,27,293,-266
115000039,845,857,-12
115000040,809,690,119
115000041,358,1248,-890
115000042,254,102,152
115000043,1171,770,401
115000044,803,221,582
115000045,421,115,306
115000046,1507,815,692
115000047,1357,462,895
115000048,437,235,202
115000049,322,475,-153
115000050,1498,481,1017
115000051,750,1910,-1160
115000052,247,503,-256
115000053,894,1853,-959
115000054,174,178,-4
115000055,8,92,-84
115000056,48,72,-24
115000057,49,237,-188
115000058,34,104,-70
115000059,18,171,-153
115000061,46,76,-30
115000062,31,3,28
115000063,12,4,8
115000064,133,15,118
115000065,1,4,-3
115000067,52,3,49
115000069,12,6,6
115000070,1,55,-54
115000071,37,16,21
115000072,0,0,0
115000073,493,64,429
115000075,36,18,18
115000076,504,362,142
115000077,544,356,188
115000078,442,163,279
115000079,319,292,27
115000080,1278,319,959
115000081,26,17,9
115000082,1598,1346,252
115000083,510,162,348
115000084,1640,194,1446
115000085,184,225,-41
115000086,635,160,475
115000087,124,351,-227
115000088,760,249,511
115000089,126,94,32
115000090,217,171,46
115000091,264,145,119
115000092,361,182,179
115000093,308,1,307
115000094,1735,2872,-1137
115000095,823,2058,-1235
115000096,291,243,48
115000097,494,487,7
115000098,543,80,463
115000099,1099,416,683
115000100,787,208,579
115000101,29,45,-16
115000102,312,133,179
115000103,174,104,70
115000105,36,9,27
115000106,225,200,25
115000107,10,27,-17
115000108,324,248,76
115000109,1173,1812,-639
115000110,545,651,-106
115000111,125,502,-377
115000112,182,129,53
115000113,168,271,-103
115000114,182,108,74
115000116,370,291,79
115000117,402,250,152
115000118,260,649,-389
115000119,385,157,228
115000120,96,897,-801
115000121,173,81,92
115000122,212,177,35
115000123,150,1265,-1115
115000124,150,225,-75
115000125,108,353,-245
115000126,75,214,-139
115000127,82,11,71
115000128,40,283,-243
115000129,49,82,-33
115000130,161,53,108
115000131,227,37,190
115000132,116,33,83
115000133,137,33,104
115000134,68,18,50
115000135,27,5,22
115000136,25,72,-47
115000137,0,1,-1
115000138,190,30,160
115000139,6,0,6
115000140,244,51,193
115000141,22,0,22
115000142,29,11,18
115000143,642,224,418
115000144,143,12,131
115000145,34,17,17
115000146,158,107,51
115000147,100,42,58
115000148,94,168,-74
115000149,121,118,3
115000150,92,99,-7
115000151,371,144,227
115000152,168,111,57
115000153,405,152,253
115000154,304,88,216
115000155,97,75,22
115000156,124,331,-207
115000157,38,72,-34
115000158,9,82,-73
115000159,40,78,-38
115000160,170,73,97
115000161,41,194,-153
115000162,457,422,35
115000163,100,66,34
115000164,24,106,-82
115000165,176,319,-143
115000167,126,16,110
115000168,81,182,-101
115000169,1,5,-4
115000170,0,0,0
115000171,106,198,-92
115000172,27,17,10
115000173,51,140,-89
115000174,22,165,-143
115000175,1,2,-1
115000176,3,41,-38
115000177,0,22,-22
115000178,0,21,-21
115000179,3,9,-6
115000180,0,15,-15
115000181,357,35,322
115000182,487,52,435
115000183,8,12,-4
115000186,239,11,228
115000187,64,16,48
115000188,315,106,209
115000189,54,8,46
115000190,230,103,127
115000191,5,11,-6
115000194,0,0,0
115000195,60,22,38
115000196,60,17,43
115000197,82,82,0
115000198,296,11,285
115000199,41,59,-18
115000200,125,10,115
115000201,20,23,-3
115000206,384,1,383
115000207,0,0,0
115000208,26,10,16
115000209,406,65,341
115000210,54,32,22
115000211,56,34,22
115000212,127,13,114
115000224,35,4,31
115000225,27,10,17
115000229,19,6,13
115000230,10,19,-9
115000231,319,103,216
115000232,1019,127,892
115000233,4,3,1
115000234,1,8,-7
115000241,10,13,-3
115000242,69,7,62
115000243,9,10,-1
115000244,17,8,9
115000246,0,1,-1
115000247,0,0,0
115000248,4,1,3
115000249,0,0,0
115000250,109,0,109
115000251,79,1,78
115000252,3,31,-28
115000253,1,75,-74
115000258,97,14,83
115000259,51,3,48
115000261,20,0,20
115000262,1,7,-6
115000263,0,28,-28
115000264,0,17,-17
115000267,3,11,-8
115000268,0,0,0
115000269,35,6,29
115000270,4,18,-14
115000272,2,2,0
115000273,99,0,99
115000280,140,449,-309
115000281,0,0,0
115000282,111,632,-521
115000284,22,21,1
115000296,104,1,103
115000297,3,324,-321
115000298,0,0,0
115000300,109,6,103
115000302,193,55,138
115000303,282,22,260
115000304,237,16,221
115000305,7,14,-7
115000306,10,16,-6
115000307,29,20,9
115000308,0,1,-1
115000309,1,27,-26
115000310,275,128,147
115000311,744,228,516
115000313,0,19,-19
115000314,103,50,53
115000315,10,38,-28
115000316,9,18,-9
115000317,27,28,-1
115000318,477,27,450
115000319,0,17,-17
115000320,0,33,-33
115000321,43,0,43
115000322,0,9,-9
115000449,2,28,-26
115000557,0,0,0
115000558,89,25,64
115000587,156,110,46
115000588,113,107,6
115000589,1305,827,478
115000590,27,49,-22
115000591,279,275,4
115000592,19,24,-5
115000593,550,340,210
115000594,13,58,-45
115000609,46,129,-83
115000617,32,428,-396
115000624,38,4,34
115000633,263,238,25
115000634,1492,311,1181
115000635,232,66,166
115000638,5,56,-51
115000641,6,10,-4
115000642,137,4,133
115000643,2,0,2
115000644,1,3,-2
115000646,162,273,-111
115000647,45,45,0
115000648,888,76,812
115000893,741,396,345
115000894,0,11,-11
115000895,1,1,0
115000896,339,218,121
115000897,99,17,82
115000898,82,113,-31
115000899,3,36,-33
115000900,3,122,-119
115000901,0,0,0
115000912,114,34,80
115000913,0,3,-3
115000915,14,0,14
115000916,0,2,-2
115000917,0,20,-20
115000918,0,190,-190
115000919,0,1,-1
115000920,0,0,0
115000921,0,0,0
115000922,78,293,-215
115000923,1,31,-30
115000925,10,4,6
115000927,2,4,-2
115000933,0,5,-5
115000934,13,15,-2
115000935,24,1,23
115000936,0,243,-243
115000937,101,132,-31
115000938,3,24,-21
115000939,9,39,-30
115000940,2,26,-24
115000941,0,26,-26
115000942,2,75,-73
115000943,0,0,0
115000944,0,0,0
115900001,63,0,63
115900002,0,3,-3
115900003,5,7,-2
115900004,0,0,0
115900005,31,1,30
115900006,1,4,-3
115900008,14,1,13
115900009,5,0,5
115900010,172,7,165
115900011,28,4,24
115900012,35,0,35
115900013,94,15,79
115900014,24,1,23
115900015,22,0,22
115900016,9,3,6
115900017,1,2,-1
115900018,28,3,25
115900019,0,1,-1
115900020,62,21,41
115900021,21,1,20
115900022,36,0,36
115900023,2,0,2
115900025,1,1,0
115900026,95,4,91
115900027,0,0,0
115900028,39,5,34
115900029,0,5,-5
115900030,0,1,-1
115900031,0,9,-9
115900032,37,38,-1
115900033,0,0,0
115900034,0,41,-41
115900035,0,0,0
115900036,2,123,-121
115900037,0,5,-5
115900038,1,0,1
115900039,22,1,21
115900041,11,67,-56
115900042,1,0,1
115900043,6,2,4
115900044,28,54,-26
115900046,122,13,109
115900047,1,23,-22
115900049,22,4,18
115900051,0,0,0
115900052,0,0,0
115900053,63,2,61
115900054,74,0,74
115900055,0,0,0
115900056,3,7,-4
115900057,2,0,2
115900058,0,0,0
115900060,3,1,2
115900061,16,0,16
115900062,8,7,1
115900063,0,0,0
115900064,2,22,-20
115900065,35,1,34
115900066,1,1,0
115900067,0,4,-4
115900068,0,0,0
115900069,0,8,-8
115900070,30,0,30
115900071,0,0,0
115900072,1,7,-6
115900073,7,23,-16
115900074,0,0,0
115900075,9,1,8
115900076,0,3,-3
115900077,0,0,0
115900078,1,2,-1
115900079,142,0,142
115900080,15,6,9
115900081,20,6,14
115900082,18,17,1
115900084,123,0,123
115900085,1,0,1
115900086,203,16,187
115900088,0,0,0
115900089,234,7,227
115900090,63,0,63
115900091,0,0,0
115900092,0,0,0
115900093,0,0,0
115900094,0,0,0
115900096,0,0,0
115900097,0,0,0
115900098,0,0,0
115900099,0,0,0
115900100,0,11,-11
115900101,0,0,0
115900102,2,1,1
115900103,1,0,1
115900104,40,1,39
115900105,71,5,66
115900106,0,0,0
115900107,43,9,34
115900108,0,0,0
115900109,0,98,-98
115900110,0,0,0
115900111,0,0,0
115900112,2,126,-124
115900113,0,0,0
115900114,0,0,0
115900115,0,0,0
115900116,5,106,-101
115900117,0,0,0
115900118,0,0,0
115900119,0,0,0
115900120,0,17,-17
115900121,8,5,3
115900124,37,165,-128
115900125,26,1,25
115900126,121,5,116
115900127,201,3,198
115900128,0,0,0
115900129,57,16,41
115900130,0,8,-8
115900131,77,0,77
115900132,186,0,186
115900134,80,0,80
115900135,87,38,49
115900137,4,1,3
115900139,0,0,0
115900140,47,0,47
115900141,0,0,0
115900142,0,0,0
115900143,0,0,0
115900144,0,0,0
115900146,21,7,14
115900147,16,79,-63
115900148,3,0,3
115900149,8,0,8
115900150,28,0,28
115900151,0,1,-1
115900152,16,14,2
115900153,16,2,14
115900154,16,46,-30
115900155,0,0,0
115900156,41,81,-40
115900157,45,26,19
115900158,0,0,0
115900159,30,2,28
115900160,0,0,0
115900161,1,15,-14
115900163,71,1,70
115900164,186,0,186
115900166,14,1,13
115900168,0,0,0
115900171,3,19,-16
115900172,4,7,-3
115900173,50,30,20
115900174,0,21,-21
115900175,44,5,39
115900178,4,10,-6
115900179,17,0,17
115900180,2,3,-1
115900181,73,17,56
115900182,145,6,139
115900183,0,0,0
115900184,31,0,31
115900187,0,7,-7
115900189,0,13,-13
115900190,1,35,-34
115900191,0,26,-26
115900192,0,8,-8
115900193,15,9,6
115900194,125,2,123
115900195,12,346,-334
115900198,11,28,-17
115900199,16,11,5
115900200,18,6,12
115900201,65,11,54
115900202,0,31,-31
115900203,13,0,13
115900204,0,0,0
115900205,31,1,30
115900206,0,0,0
115900207,0,0,0
115900208,9,19,-10
115900209,1,12,-11
115900210,0,31,-31
115900211,0,5,-5
115900212,0,0,0
115900213,15,44,-29
115900214,151,14,137
115900215,0,14,-14
115900216,0,0,0
115900217,0,0,0
115900218,0,0,0
115900219,17,1,16
115900220,71,0,71
115900221,17,0,17
115900222,60,11,49
115900223,0,76,-76
115900224,42,240,-198
115900225,23,7,16
115900226,0,0,0
115900227,0,0,0
115900228,0,0,0
115900229,0,2,-2
115900230,0,33,-33
115900231,0,0,0
115900232,0,0,0
115900233,0,0,0
115900234,0,0,0
115900235,0,0,0
115900236,0,0,0
115900237,0,0,0
115900238,0,0,0
115900239,0,0,0
115900240,0,0,0
115900241,0,0,0
115900242,44,51,-7
115900243,0,0,0
115900244,4,0,4
115900245,47,0,47
115900246,0,0,0
115900247,0,0,0
115900248,0,0,0
115900249,1,0,1
115900250,2,12,-10
115900251,0,0,0
115900252,0,0,0
115900253,0,4,-4
115900254,0,7,-7
115900255,0,4,-4
115900256,0,0,0
115900257,0,0,0
115900258,0,0,0
115900259,0,0,0
115900260,0,0,0
115900261,0,0,0
115900262,0,0,0
115900263,0,0,0
115900264,0,0,0
115900265,0,0,0
115900266,0,0,0
115900267,0,0,0
115900268,0,0,0
115900269,0,0,0
115900270,32,2,30
115900271,46,0,46
115900272,0,6,-6
115900273,0,12,-12
115900274,0,0,0
115900275,0,0,0
115900276,0,0,0
115900277,0,1,-1
115900278,0,0,0
115900279,0,0,0
115900280,38,0,38
115900281,0,0,0
115900282,0,0,0
115900283,8,2,6
115900284,0,0,0
116000001,732,562,170
116000002,3044,9104,-6060
116000003,184,222,-38
116000004,866,3251,-2385
116000005,120,582,-462
116000006,270,627,-357
116000007,540,765,-225
116000008,1007,642,365
116000009,200,860,-660
116000010,946,688,258
116000011,412,488,-76
116000012,929,275,654
116000013,981,1001,-20
116000014,1473,6877,-5404
116000015,59,230,-171
116000016,639,2846,-2207
116000017,7,235,-228
116000018,79,76,3
116000019,479,47,432
116000020,252,77,175
116000021,213,76,137
116000022,157,144,13
116000023,208,180,28
116000024,258,44,214
116000025,116,225,-109
116000026,482,208,274
116000027,310,401,-91
116000028,600,1564,-964
116000029,146,158,-12
116000030,363,1018,-655
116000031,0,0,0
116000032,136,4,132
116000033,576,232,344
116000034,1623,845,778
116000035,196,135,61
116000036,37,100,-63
116000037,64,212,-148
116000038,131,308,-177
116000039,24,40,-16
116000040,189,353,-164
116000041,26,52,-26
116000042,563,449,114
116000043,81,107,-26
116000044,1,3,-2
116000045,2403,1991,412
116000046,460,465,-5
116000047,634,906,-272
116000048,3647,1256,2391
116000049,2173,1081,1092
116000050,689,340,349
116000051,2917,1028,1889
116000052,1194,536,658
116000053,2506,515,1991
116000054,451,375,76
116000055,335,192,143
116000056,1432,1403,29
116000057,439,76,363
116000058,376,647,-271
116000059,724,4639,-3915
116000060,204,291,-87
116000061,60,768,-708
116000062,100,67,33
116000063,162,863,-701
116000066,40,771,-731
116000067,42,28,14
116000068,46,184,-138
116000069,95,49,46
116000078,131,584,-453
116000080,407,96,311
116000082,0,20,-20
116000083,451,103,348
116000084,302,766,-464
116000085,540,285,255
116000086,176,206,-30
116000087,1050,756,294
116000088,200,110,90
116000089,49,22,27
116000090,43,31,12
116000091,10,34,-24
116000093,132,71,61
116000094,132,57,75
116000095,304,43,261
116000096,315,501,-186
116000097,170,31,139
116000098,30,2195,-2165
116000099,647,61,586
116000100,73,0,73
116000101,211,15,196
116000102,56,135,-79
116000103,235,34,201
116000104,142,85,57
116000105,578,5,573
116000106,229,31,198
116000107,919,17,902
116000108,0,27,-27
116000111,43,33,10
116000113,36,2,34
116000114,0,30,-30
116000115,186,11,175
116000116,9,93,-84
116000117,839,358,481
116000118,439,97,342
116000119,1611,538,1073
116000120,410,235,175
116000121,342,184,158
116000122,52,27,25
116000123,1014,68,946
116000124,44,67,-23
116000125,1349,82,1267
116000126,8,27,-19
116000127,164,26,138
116000128,907,105,802
116000129,263,16,247
116000130,169,82,87
116000133,238,27,211
116000134,354,101,253
116000135,1158,291,867
116000136,461,427,34
116000137,413,236,177
116000138,214,118,96
116000139,1342,2226,-884
116000140,65,141,-76
116000141,104,65,39
116000142,1097,1656,-559
116000143,887,929,-42
116000144,958,691,267
116000145,2030,484,1546
116000146,171,23,148
116000147,62,115,-53
116000148,139,275,-136
116000149,180,132,48
116000151,218,290,-72
116000153,94,545,-451
116000155,218,387,-169
116000156,86,58,28
116000157,72,0,72
116000158,195,8,187
116000159,13,0,13
116000160,4,7,-3
116000161,0,49,-49
116000162,1,103,-102
116000163,33,0,33
116000164,1,0,1
116000177,10,12,-2
116000194,45,50,-5
116000195,353,82,271
116000196,0,0,0
116000197,0,0,0
116000198,1206,837,369
116000200,94,366,-272
116000201,200,46,154
116000202,29,21,8
116000203,0,15,-15
116000204,0,2,-2
116000205,0,16,-16
116000206,0,2,-2
116000207,6,1,5
116000233,0,0,0
116000287,26,33,-7
116000288,98,73,25
116000292,0,0,0
116000296,0,25,-25
116000297,29,0,29
116000304,19,0,19
116000305,1,9,-8
116000346,0,0,0
116000352,0,0,0
116000354,0,0,0
116000357,0,0,0
116000358,4,0,4
116000361,6,1,5
116000372,1782,3437,-1655
116000381,21,0,21
116000388,0,2,-2
116000389,75,9,66
116000445,36,12,24
116000446,445,31,414
116000447,1,31,-30
116000448,192,59,133
116000563,281,1095,-814
116000565,6,57,-51
116000568,5,89,-84
116000579,0,10,-10
116000584,0,0,0
116000585,17,17,0
116000586,1,8,-7
116000587,476,100,376
116000589,20,8,12
116000590,24,7,17
116000591,206,27,179
116000592,0,27,-27
116000593,0,0,0
116000594,200,43,157
116000595,101,7,94
116000596,108,0,108
116000597,239,65,174
116000598,13,15,-2
116000605,14,2,12
116000606,29,73,-44
116000607,0,0,0
116000609,7,248,-241
116000611,4,8,-4
116000612,1280,1554,-274
116000613,367,134,233
116000614,35,22,13
116000615,0,0,0
116000616,88,1,87
116000617,73,1,72
116000618,0,1,-1
116000619,2,24,-22
116000620,188,33,155
116000621,15,60,-45
116000622,129,62,67
116000624,92,16,76
116000627,49,11,38
116000628,42,36,6
116000629,7,44,-37
116000630,398,1,397
116000631,189,1,188
116000632,302,2,300
116000633,64,20,44
116000634,47,0,47
116000635,1553,1410,143
116000636,222,599,-377
116000637,107,0,107
116000638,54,33,21
116000640,24,3,21
116000641,0,0,0
116000644,0,0,0
116900001,27,2,25
116900002,39,0,39
116900003,0,0,0
116900004,66,28,38
116900005,66,1,65
116900006,11,32,-21
116900007,10,2,8
116900008,37,10,27
116900009,14,2,12
116900010,0,52,-52
116900011,0,1,-1
116900012,5,5,0
116900013,1,15,-14
116900014,0,0,0
116900015,85,1,84
116900016,63,1,62
116900017,0,50,-50
116900018,0,0,0
116900019,0,0,0
116900020,28,61,-33
116900023,0,0,0
116900024,168,3,165
116900025,370,41,329
116900026,2,36,-34
116900027,0,0,0
116900028,0,0,0
116900029,0,4,-4
116900031,0,0,0
116900032,1,0,1
116900033,0,0,0
116900034,0,0,0
116900035,18,8,10
116900036,0,9,-9
116900038,0,0,0
116900041,3,0,3
116900042,0,0,0
116900043,6,15,-9
116900047,0,29,-29
116900049,0,0,0
116900050,29,8,21
116900051,19,0,19
116900052,9,9,0
116900055,0,1,-1
116900057,0,0,0
116900058,0,2,-2
116900059,1,2,-1
116900060,17,58,-41
116900062,0,6,-6
116900064,0,0,0
116900065,0,4,-4
116900067,3,1,2
116900068,87,31,56
116900070,0,0,0
116900072,0,0,0
116900073,0,1,-1
116900074,0,7,-7
116900076,0,2,-2
116900077,0,2,-2
116900078,0,0,0
116900079,0,8,-8
116900080,0,1,-1
116900081,9,18,-9
116900082,6,84,-78
116900083,0,3,-3
116900084,6,3,3
116900085,0,5,-5
116900086,3,50,-47
116900088,26,0,26
116900090,0,1,-1
116900091,4,1,3
116900092,4,9,-5
116900093,80,105,-25
116900094,632,670,-38
116900095,10,3,7
116900096,35,0,35
116900097,175,485,-310
116900098,21,11,10
116900099,1,47,-46
116900100,289,11,278
116900101,7,2,5
116900103,29,0,29
116900104,0,65,-65
116900105,57,18,39
116900106,785,7,778
116900107,314,762,-448
116900110,3,0,3
116900111,349,76,273
116900112,71,60,11
116900113,97,692,-595
116900116,1,3,-2
116900117,4,7,-3
116900118,82,25,57
116900120,69,9,60
116900121,63,8,55
116900122,244,32,212
116900123,68,25,43
116900124,9,11,-2
116900125,22,1,21
116900126,2,171,-169
116900128,0,0,0
116900129,0,1,-1
116900130,2,332,-330
116900131,0,0,0
116900132,1,0,1
116900133,0,0,0
116900134,0,0,0
116900136,0,0,0
116900137,0,0,0
116900138,0,0,0
116900139,0,0,0
116900140,0,0,0
116900141,0,0,0
116900142,1,1,0
116900143,0,0,0
116900144,0,0,0
116900145,0,0,0
116900147,0,0,0
116900148,0,0,0
116900149,0,2,-2
116900150,0,0,0
116900151,0,0,0
116900153,4,1,3
116900154,2,6,-4
116900155,0,0,0
116900157,52,1,51
116900158,1,1,0
116900159,6,9,-3
116900160,138,138,0
116900161,276,31,245
116900162,3,1,2
116900163,55,0,55
116900164,3,1,2
116900165,137,53,84
116900166,9,0,9
116900167,67,2,65
116900168,91,3,88
116900169,7,28,-21
116900170,215,21,194
116900171,2,0,2
116900172,2,38,-36
116900173,10,2,8
116900174,1,10,-9
116900175,10,13,-3
116900178,1,1,0
116900179,3,57,-54
116900180,6,0,6
116900182,72,11,61
116900183,46,18,28
116900185,56,0,56
116900186,0,1,-1
116900187,14,4,10
116900188,18,0,18
116900189,0,0,0
116900191,20,1,19
116900192,122,26,96
116900194,3,258,-255
116900195,4,1,3
116900196,0,3,-3
116900197,24,1,23
116900198,3,17,-14
116900200,0,0,0
116900201,23,1,22
116900202,2,1,1
116900203,6,1,5
116900204,1,9,-8
116900206,0,0,0
116900207,0,0,0
116900208,0,3,-3
116900209,0,0,0
116900210,17,3,14
116900211,27,1,26
116900212,0,0,0
116900213,40,7,33
116900214,0,0,0
116900215,0,13,-13
116900216,1,1,0
116900218,0,0,0
116900219,139,7,132
116900220,1,12,-11
116900221,0,0,0
116900222,245,137,108
116900223,20,4,16
116900226,44,2,42
116900227,44,2,42
116900228,86,1,85
116900230,1,19,-18
116900231,4,33,-29
116900232,0,3,-3
116900233,107,5,102
116900234,7,0,7
116900235,1,0,1
116900238,74,5,69
116900239,0,70,-70
116900240,758,78,680
116900241,0,1,-1
116900242,95,167,-72
116900243,0,0,0
116900245,7,2,5
116900246,4,0,4
116900247,167,4,163
116900248,7,1,6
116900249,78,0,78
116900250,59,5,54
116900251,5,64,-59
116900252,33,5,28
116900253,4,4,0
116900254,0,5,-5
116900255,0,0,0
116900256,0,0,0
116900257,0,0,0
116900258,0,0,0
116900259,0,0,0
116900260,0,0,0
116900261,17,11,6
116900262,44,3,41
116900263,0,0,0
116900264,30,4,26
116900265,0,0,0
116900266,0,0,0
116900267,0,0,0
116900268,0,0,0
116900269,223,126,97
116900271,0,0,0
116900272,66,27,39
116900273,0,0,0
116900274,79,4,75
116900275,1,2,-1
116900276,131,121,10
116900277,20,2,18
116900278,0,0,0
116900279,4,0,4
116900280,0,0,0
116900281,362,859,-497
116900282,0,1,-1
116900283,0,0,0
116900284,0,0,0
116900285,3,6,-3
116900286,7,0,7
116900287,1,2,-1
116900288,13,4,9
116900289,2,0,2
116900290,1,0,1
116900291,0,0,0
116900292,0,0,0
116900293,0,0,0
116900294,0,0,0
116900295,0,0,0
116900296,0,0,0
116900297,0,0,0
116900298,0,0,0
116900299,0,0,0
116900300,0,0,0
116900301,0,0,0
116900302,0,0,0
116900303,35,0,35
116900304,0,0,0
116900305,0,1,-1
116900306,174,12,162
116900307,0,0,0
116900308,0,1,-1
116900309,0,0,0
117000001,2334,1499,835
117000002,1395,692,703
117000003,3443,1355,2088
117000004,1351,1146,205
117000005,2349,762,1587
117000006,413,529,-116
117000007,3217,584,2633
117000008,252,732,-480
117000009,1978,551,1427
117000010,552,654,-102
117000011,1313,332,981
117000012,652,216,436
117000013,1324,306,1018
117000014,577,1121,-544
117000015,611,1045,-434
117000016,61,120,-59
117000017,81,95,-14
117000018,5,424,-419
117000019,4,51,-47
117000020,169,862,-693
117000021,1147,531,616
117000022,100,210,-110
117000023,62,447,-385
117000024,40,267,-227
117000025,4,175,-171
117000026,1397,1438,-41
117000027,165,193,-28
117000028,274,290,-16
117000030,231,167,64
117000031,355,129,226
117000032,709,679,30
117000033,406,218,188
117000034,457,154,303
117000035,472,97,375
117000036,151,179,-28
117000037,400,121,279
117000038,439,325,114
117000039,167,113,54
117000040,8,168,-160
117000041,670,11,659
117000044,1,77,-76
117000045,204,99,105
117000046,197,148,49
117000047,542,268,274
117000048,223,206,17
117000049,14,173,-159
117000050,78,199,-121
117000051,1399,13,1386
117000052,22,72,-50
117000053,282,0,282
117000054,1308,6,1302
117000055,1,266,-265
117000056,411,49,362
117000057,75,203,-128
117000060,137,61,76
117000061,1543,659,884
117000062,101,54,47
117000063,1354,329,1025
117000064,778,146,632
117000066,63,116,-53
117000067,167,377,-210
117000074,2,68,-66
117000076,6,12,-6
117000077,24,21,3
117000078,147,12,135
117000079,82,5,77
117000080,0,0,0
117000081,159,45,114
117000082,0,5,-5
117000083,19,0,19
117000084,22,0,22
117000085,119,71,48
117000086,177,80,97
117000087,0,203,-203
117000088,246,59,187
117000089,1382,121,1261
117000090,82,191,-109
117000091,1014,37,977
117000092,110,172,-62
117000093,1492,122,1370
117000094,176,183,-7
117000095,2789,113,2676
117000096,216,239,-23
117000097,1967,181,1786
117000098,399,357,42
117000099,3036,280,2756
117000100,72,35,37
117000101,80,29,51
117000102,1882,152,1730
117000103,113,208,-95
117000104,1344,208,1136
117000105,71,111,-40
117000106,1713,136,1577
117000107,146,126,20
117000108,1726,763,963
117000109,401,195,206
117000110,1898,1488,410
117000111,2085,1901,184
117000112,1280,788,492
117000113,54,30,24
117000114,105,46,59
117000115,17,11,6
117000116,42,24,18
117000117,377,118,259
117000118,73,41,32
117000119,11,101,-90
117000120,8,158,-150
117000121,2,255,-253
117000122,16,350,-334
117000123,221,144,77
117000124,8,13,-5
117000125,7,21,-14
117000126,5,12,-7
117000127,10,12,-2
117000128,22,3,19
117000129,223,523,-300
117000130,36,0,36
117000131,0,0,0
117000132,2079,56,2023
117000133,1840,10,1830
117000134,0,0,0
117000135,0,0,0
117000136,0,0,0
117000137,163,138,25
117000138,4,1,3
117000140,66,130,-64
117000141,1702,176,1526
117000181,25,8,17
117000182,399,376,23
117000195,1,38,-37
117000196,117,130,-13
117000225,16,10,6
117000226,0,19,-19
117000276,200,4,196
117000277,0,33,-33
117000310,202,1461,-1259
117000315,27,248,-221
117000320,33,0,33
117000906,233,19,214
117000907,0,30,-30
117000909,52,97,-45
117000910,238,49,189
117000911,38,60,-22
117000915,28,73,-45
117000916,10,1,9
117000917,1076,11,1065
117000918,81,168,-87
117000919,0,12,-12
117000920,0,129,-129
117000921,0,25,-25
117000922,7,12,-5
117000924,93,287,-194
117000926,193,78,115
117000927,163,421,-258
117000928,0,0,0
117000929,63,31,32
117000930,6,0,6
117000931,75,98,-23
117900002,32,404,-372
117900003,0,0,0
117900005,0,13,-13
117900006,0,0,0
117900007,69,6,63
117900008,0,0,0
117900010,47,10,37
117900011,0,40,-40
117900012,9,4,5
117900013,0,10,-10
117900014,155,19,136
117900015,1,21,-20
117900016,129,377,-248
117900017,289,29,260
117900018,66,27,39
117900019,263,24,239
117900020,0,33,-33
117900021,13,3,10
117900022,1,0,1
117900023,74,4,70
117900024,21,2,19
117900025,0,0,0
117900026,147,22,125
117900028,0,3,-3
117900029,113,42,71
117900030,27,154,-127
117900031,33,37,-4
117900032,196,68,128
117900033,226,38,188
117900034,0,0,0
117900035,48,10,38
117900036,145,33,112
117900037,55,10,45
117900038,0,0,0
117900039,0,0,0
117900040,0,0,0
117900041,0,0,0
117900042,142,75,67
117900043,0,0,0
117900044,1,1131,-1130
117900045,97,38,59
117900048,152,13,139
117900049,51,56,-5
117900050,0,80,-80
117900051,2,1,1
117900052,0,0,0
117900053,351,66,285
117900054,0,10,-10
117900055,109,71,38
117900056,2,21,-19
117900057,105,190,-85
117900058,0,0,0
117900059,0,0,0
117900060,703,342,361
117900061,1,90,-89
117900063,89,49,40
117900065,54,70,-16
117900066,0,31,-31
117900067,266,22,244
117900069,247,22,225
117900070,16,56,-40
117900071,172,55,117
117900073,256,4,252
117900074,2,74,-72
117900075,61,13,48
117900076,0,0,0
117900077,86,0,86
117900078,109,145,-36
117900080,64,33,31
117900081,52,13,39
117900082,149,91,58
117900083,292,15,277
117900086,77,17,60
117900087,5,17,-12
117900088,167,39,128
117900089,659,76,583
117900090,182,59,123
117900091,167,16,151
117900092,6,18,-12
117900093,69,0,69
117900094,72,28,44
117900095,139,40,99
117900096,70,46,24
117900097,1,1,0
117900098,58,1,57
117900099,60,124,-64
117900100,167,1,166
117900101,262,544,-282
117900102,31,16,15
117900103,16,0,16
117900104,0,68,-68
117900105,71,2,69
117900106,18,12,6
117900107,27,0,27
117900109,353,219,134
117900110,80,0,80
117900111,322,7,315
117900112,22,2,20
117900113,206,25,181
117900114,32,0,32
117900115,12,15,-3
117900116,267,105,162
117900117,132,27,105
117900118,61,0,61
117900119,147,4,143
117900120,312,0,312
117900121,91,20,71
117900122,65,827,-762
117900123,177,39,138
117900124,62,77,-15
117900125,303,159,144
117900126,31,63,-32
117900127,115,7,108
117900128,132,42,90
117900129,64,0,64
117900130,228,2,226
117900131,0,0,0
117900132,0,0,0
117900133,0,0,0
117900134,0,0,0
117900135,0,0,0
117900136,0,0,0
117900137,0,0,0
117900138,0,0,0
117900139,12,14,-2
117900140,758,178,580
117900141,3,133,-130
117900142,1,76,-75
117900144,0,47,-47
117900145,0,26,-26
117900146,2,70,-68
117900147,30,22,8
117900148,286,663,-377
117900149,19,15,4
117900150,2,9,-7
117900151,35,2,33
117900152,0,0,0
117900153,1,73,-72
117900154,161,45,116
117900156,130,26,104
117900157,50,36,14
117900158,48,1,47
117900160,127,100,27
117900161,158,28,130
117900162,265,119,146
117900163,15,37,-22
117900165,0,0,0
117900166,1,50,-49
117900168,112,0,112
117900169,0,5,-5
117900170,0,1,-1
117900171,0,0,0
117900172,0,0,0
117900173,3,7,-4
117900174,0,18,-18
117900175,0,0,0
117900176,5,2,3
117900177,1,0,1
117900178,19,0,19
117900180,10,1,9
117900181,10,222,-212
117900182,0,19,-19
117900183,10,60,-50
117900184,3,8,-5
117900185,50,1,49
117900186,43,8,35
117900187,41,0,41
117900188,16,1,15
117900189,18,3,15
117900190,1,0,1
117900191,29,0,29
117900192,31,0,31
117900193,110,34,76
117900194,5,0,5
117900195,26,1,25
117900196,18,1,17
117900207,31,17,14
117900208,13,6,7
117900209,81,5,76
117900210,0,0,0
117900211,0,0,0
117900212,192,39,153
117900213,22,0,22
117900214,0,0,0
117900215,0,0,0
117900216,0,0,0
117900217,0,0,0
117900218,0,0,0
117900219,0,0,0
117900220,0,36,-36
117900222,8,16,-8
117900223,17,131,-114
118000001,243,847,-604
118000002,70,321,-251
118000003,1631,2796,-1165
118000004,494,431,63
118000005,1053,1575,-522
118000006,1025,1773,-748
118000007,2720,5088,-2368
118000008,2355,1954,401
118000009,574,1065,-491
118000010,926,1002,-76
118000011,443,211,232
118000012,262,164,98
118000013,243,294,-51
118000014,294,283,11
118000016,92,18,74
118000017,635,562,73
118000018,105,36,69
118000019,364,657,-293
118000020,59,631,-572
118000021,58,903,-845
118000022,519,394,125
118000023,252,215,37
118000024,437,410,27
118000027,3058,4281,-1223
118000029,109,604,-495
118000032,153,1022,-869
118000033,1301,1891,-590
118000034,1055,1222,-167
118000035,275,622,-347
118000036,162,388,-226
118000037,208,373,-165
118000038,122,218,-96
118000039,47,23,24
118000040,454,462,-8
118000041,310,413,-103
118000045,44,200,-156
118000046,40,1055,-1015
118000047,34,372,-338
118000048,314,1457,-1143
118000051,240,676,-436
118000052,217,900,-683
118000053,244,487,-243
118000054,674,503,171
118000055,187,491,-304
118000056,18,207,-189
118000057,61,148,-87
118000058,326,394,-68
118000059,176,941,-765
118000060,268,190,78
118000061,249,211,38
118000062,90,31,59
118000063,68,616,-548
118000064,186,872,-686
118000065,773,263,510
118000066,260,1589,-1329
118000067,71,774,-703
118000068,201,2230,-2029
118000069,239,476,-237
118000070,521,1386,-865
118000071,371,2084,-1713
118000072,351,3134,-2783
118000073,128,1054,-926
118000074,61,353,-292
118000075,199,292,-93
118000076,2956,5667,-2711
118000077,642,660,-18
118000078,978,1215,-237
118000079,43,178,-135
118000080,111,236,-125
118000081,845,779,66
118000082,129,672,-543
118000083,362,930,-568
118000084,239,172,67
118000086,34,81,-47
118000087,1060,1301,-241
118000088,242,976,-734
118000089,670,800,-130
118000090,129,1114,-985
118000091,167,1286,-1119
118000092,158,70,88
118000093,16,598,-582
118000096,51,268,-217
118000097,123,180,-57
118000098,58,323,-265
118000099,0,0,0
118000101,581,150,431
118000102,253,142,111
118000107,12,10,2
118000108,57,350,-293
118000110,0,0,0
118000111,0,0,0
118000112,174,0,174
118000113,0,0,0
118000114,296,7,289
118000115,0,13,-13
118000116,1,7,-6
118000117,262,248,14
118000118,474,594,-120
118000119,479,548,-69
118000120,320,210,110
118000121,23,114,-91
118000122,38,55,-17
118000123,69,180,-111
118000125,35,260,-225
118000126,109,398,-289
118000127,456,594,-138
118000128,16,498,-482
118000129,130,251,-121
118000130,443,981,-538
118000131,60,155,-95
118000132,1510,1328,182
118000133,352,196,156
118000135,170,355,-185
118000136,19,209,-190
118000137,78,62,16
118000138,24,62,-38
118000139,74,7,67
118000140,959,4319,-3360
118000141,2227,1344,883
118000142,757,910,-153
118000143,2413,1272,1141
118000144,326,150,176
118000145,541,193,348
118000146,971,119,852
118000147,685,212,473
118000148,94,671,-577
118000149,213,104,109
118000150,721,138,583
118000151,448,69,379
118000153,1886,927,959
118000154,899,631,268
118000155,2078,958,1120
118000156,438,969,-531
118000157,219,67,152
118000158,43,120,-77
118000159,42,96,-54
118000160,491,122,369
118000161,132,119,13
118000162,384,302,82
118000163,804,886,-82
118000164,853,796,57
118000168,93,1,92
118000169,163,363,-200
118000170,906,854,52
118000171,97,101,-4
118000172,47,83,-36
118000173,387,281,106
118000175,137,242,-105
118000176,293,394,-101
118000177,269,333,-64
118000178,1,17,-16
118000179,477,660,-183
118000180,388,321,67
118000181,134,32,102
118000182,66,127,-61
118000183,83,67,16
118000184,765,220,545
118000185,71,353,-282
118000186,127,261,-134
118000187,732,165,567
118000188,83,3,80
118000189,20,11,9
118000190,1,0,1
118000191,0,3,-3
118000192,6,72,-66
118000193,0,146,-146
118000194,605,975,-370
118000195,88,906,-818
118000196,0,81,-81
118000197,104,286,-182
118000198,316,936,-620
118000199,409,684,-275
118000200,0,0,0
118000201,58,233,-175
118000202,0,0,0
118000203,32,148,-116
118000204,0,52,-52
118000205,38,30,8
118000206,274,83,191
118000207,0,53,-53
118000208,546,694,-148
118000209,971,228,743
118000210,75,6,69
118000211,68,26,42
118000213,87,541,-454
118000214,108,50,58
118000215,104,8,96
118000216,399,7,392
118000217,0,19,-19
118000218,6,4,2
118000219,89,28,61
118000220,2,38,-36
118000221,23,342,-319
118000222,16,1,15
118000223,59,15,44
118000224,70,8,62
118000225,0,0,0
118000226,123,17,106
118000227,32,114,-82
118000228,0,0,0
118000229,0,0,0
118000230,0,0,0
118000231,0,0,0
118000232,0,0,0
118000233,436,140,296
118000234,0,0,0
118000236,99,0,99
118000237,0,0,0
118000238,172,0,172
118000239,286,120,166
118000240,41,16,25
118000241,48,24,24
118000242,0,0,0
118000243,0,0,0
118000244,2,26,-24
118000246,0,0,0
118000255,32,250,-218
118000256,83,159,-76
118000259,0,2,-2
118000260,52,1,51
118000261,0,0,0
118000263,6,25,-19
118000266,34,21,13
118000267,0,0,0
118000268,43,0,43
118000270,0,0,0
118000271,59,44,15
118000272,19,0,19
118000273,0,0,0
118000274,0,0,0
118000276,87,7,80
118000295,0,0,0
118000298,4,0,4
118000299,0,0,0
118000301,0,0,0
118000302,3,8,-5
118000311,171,6,165
118000312,2,0,2
118000313,9,5,4
118000314,4,3,1
118000315,0,0,0
118000316,20,1,19
118000325,109,1,108
118000326,6,10,-4
118000331,175,2,173
118000332,62,0,62
118000333,111,2,109
118000335,118,0,118
118000336,0,0,0
118000407,94,9,85
118000457,0,1,-1
118000465,145,276,-131
118000480,1,2,-1
118000489,0,190,-190
118000490,0,32,-32
118000492,257,33,224
118000510,0,0,0
118000514,13,10,3
118000515,44,120,-76
118000517,131,50,81
118000524,10,28,-18
118000525,1,9,-8
118000530,5,33,-28
118000531,116,106,10
118000532,0,0,0
118000533,0,0,0
118000534,0,0,0
118000535,90,21,69
118000536,2,4,-2
118000537,0,1,-1
118000538,1,15,-14
118000539,19,74,-55
118000540,7,1,6
118000541,8,1,7
118000542,27,27,0
118000543,38,11,27
118000546,0,0,0
118000553,0,0,0
118000560,1,2,-1
118000562,0,0,0
118000563,629,825,-196
118000576,120,40,80
118000577,45,141,-96
118000578,65,22,43
118000579,62,254,-192
118000583,0,0,0
118000595,135,84,51
118000596,0,0,0
118000597,25,80,-55
118000598,1,1,0
118000599,247,1,246
118000600,0,0,0
118000601,0,0,0
118000602,0,0,0
118000603,0,4,-4
118000605,5,4,1
118900001,0,0,0
118900002,51,0,51
118900003,78,0,78
118900004,5,0,5
118900005,0,0,0
118900006,0,0,0
118900007,0,0,0
118900008,171,0,171
118900009,0,0,0
118900010,0,0,0
118900011,0,0,0
118900012,90,51,39
118900013,0,0,0
118900015,0,0,0
118900016,0,0,0
118900017,0,0,0
118900018,0,0,0
118900019,0,0,0
118900020,0,0,0
118900021,21,2,19
118900022,7,0,7
118900023,0,0,0
118900024,0,0,0
118900025,0,0,0
118900026,7,0,7
118900027,0,0,0
118900028,46,18,28
118900029,0,0,0
118900030,0,0,0
118900031,11,2,9
118900032,0,0,0
118900033,0,0,0
118900034,0,0,0
118900035,32,3,29
118900036,108,23,85
118900037,0,0,0
118900038,77,3,74
118900039,0,0,0
118900040,41,15,26
118900041,0,0,0
118900042,1,0,1
118900045,0,14,-14
118900046,5,5,0
118900047,3,13,-10
118900048,0,0,0
118900049,0,0,0
118900050,0,0,0
118900051,5,8,-3
118900052,0,0,0
118900053,0,0,0
118900054,7,2,5
118900055,0,0,0
118900056,1,1,0
118900057,56,39,17
118900058,0,0,0
118900059,0,0,0
118900060,33,7,26
118900062,0,0,0
118900064,0,0,0
118900065,0,0,0
118900066,0,0,0
118900067,22,108,-86
118900068,0,0,0
118900069,6,0,6
118900071,0,0,0
118900072,0,0,0
118900073,1,0,1
118900074,0,0,0
118900075,0,0,0
118900076,0,0,0
118900077,0,0,0
118900078,0,0,0
118900079,0,0,0
118900080,0,0,0
118900081,0,0,0
118900082,1,0,1
118900083,0,0,0
118900084,0,0,0
118900085,0,0,0
118900086,0,0,0
118900087,0,0,0
118900088,0,0,0
118900089,0,0,0
118900090,0,0,0
118900091,0,0,0
118900092,0,0,0
118900093,0,0,0
118900096,0,17,-17
118900097,32,36,-4
118900099,0,1,-1
118900100,0,0,0
118900101,0,0,0
118900102,0,0,0
118900103,0,0,0
118900104,8,0,8
118900105,0,0,0
118900107,0,0,0
118900108,0,0,0
118900110,37,1,36
118900111,0,0,0
118900112,0,0,0
118900113,0,0,0
118900114,0,0,0
118900115,1,23,-22
118900116,0,1,-1
118900117,18,14,4
118900118,10,2,8
118900119,23,3,20
118900120,2,2,0
118900121,0,0,0
118900122,0,0,0
118900123,61,0,61
118900124,0,0,0
118900126,0,0,0
118900129,0,0,0
118900130,0,0,0
118900131,63,12,51
118900132,0,0,0
118900133,0,0,0
118900135,0,0,0
118900136,120,16,104
118900137,0,0,0
118900139,0,0,0
118900140,97,27,70
118900141,0,0,0
118900144,34,24,10
118900145,0,0,0
118900146,24,21,3
118900147,0,0,0
118900148,0,0,0
118900150,0,0,0
118900152,0,0,0
118900157,0,0,0
118900158,0,0,0
118900159,0,0,0
118900161,0,0,0
118900163,0,0,0
118900164,0,0,0
118900165,0,0,0
118900166,0,0,0
118900167,0,0,0
118900168,0,0,0
118900169,0,0,0
118900170,0,0,0
118900171,0,0,0
118900174,0,0,0
118900175,81,33,48
118900176,25,29,-4
118900177,0,0,0
118900178,0,0,0
118900179,0,0,0
118900181,44,2,42
118900182,0,0,0
118900183,0,0,0
118900184,0,0,0
118900185,26,1,25
118900186,1,2,-1
118900187,8,10,-2
118900188,14,1,13
118900189,0,0,0
118900190,0,0,0
118900191,0,0,0
118900192,0,0,0
118900193,0,0,0
118900195,51,0,51
118900196,0,0,0
118900197,0,0,0
118900198,0,0,0
118900199,0,0,0
118900200,0,0,0
118900201,0,0,0
118900202,0,0,0
118900203,0,0,0
118900204,0,0,0
118900205,0,0,0
118900206,0,0,0
119000001,801,683,118
119000002,1718,726,992
119000003,784,252,532
119000004,451,1048,-597
119000005,937,1163,-226
119000006,901,503,398
119000007,1259,1521,-262
119000008,387,383,4
119000009,710,1951,-1241
119000010,924,1026,-102
119000011,906,759,147
119000012,551,936,-385
119000013,2299,1121,1178
119000014,655,1164,-509
119000019,10,8,2
119000020,455,677,-222
119000021,870,1114,-244
119000022,36,328,-292
119000023,49,141,-92
119000024,306,6733,-6427
119000025,1205,324,881
119000026,39,131,-92
119000027,23,185,-162
119000028,1136,315,821
119000029,11,49,-38
119000030,245,524,-279
119000031,207,397,-190
119000032,140,502,-362
119000033,1019,550,469
119000034,363,218,145
119000035,4,49,-45
119000036,999,151,848
119000037,399,295,104
119000038,14,109,-95
119000039,279,185,94
119000040,114,377,-263
119000041,224,747,-523
119000048,1541,433,1108
119000049,502,212,290
119000050,221,457,-236
119000051,248,219,29
119000052,316,410,-94
119000053,468,414,54
119000054,1151,484,667
119000055,2570,455,2115
119000056,1625,446,1179
119000057,570,428,142
119000058,498,373,125
119000059,644,327,317
119000060,474,99,375
119000061,146,287,-141
119000062,129,134,-5
119000063,269,173,96
119000064,118,116,2
119000065,116,228,-112
119000066,484,532,-48
119000067,492,350,142
119000068,613,179,434
119000069,480,266,214
119000070,640,210,430
119000071,15,128,-113
119000072,642,310,332
119000073,787,1889,-1102
119000074,1232,357,875
119000075,1132,729,403
119000076,20,218,-198
119000077,155,156,-1
119000078,64,17,47
119000079,8,130,-122
119000080,169,17,152
119000081,139,76,63
119000082,133,14,119
119000083,89,52,37
119000084,92,58,34
119000085,147,20,127
119000086,48,25,23
119000087,374,137,237
119000088,100,1,99
119000089,8,27,-19
119000090,33,67,-34
119000091,36,73,-37
119000092,136,83,53
119000093,842,666,176
119000094,1418,1147,271
119000095,615,460,155
119000097,517,426,91
119000098,402,1939,-1537
119000099,977,294,683
119000100,1686,708,978
119000101,676,543,133
119000102,38,196,-158
119000103,415,161,254
119000104,99,41,58
119000105,169,458,-289
119000106,60,58,2
119000107,496,247,249
119000108,98,77,21
119000109,1,45,-44
119000110,0,0,0
119000111,0,20,-20
119000112,0,0,0
119000113,94,8,86
119000114,21,118,-97
119000115,18,64,-46
119000116,5,75,-70
119000117,8,32,-24
119000118,1,0,1
119000123,231,617,-386
119000124,215,27,188
119000125,1696,161,1535
119000126,609,198,411
119000127,87,43,44
119000128,0,1,-1
119000131,326,39,287
119000132,0,0,0
119000133,0,10,-10
119000134,267,534,-267
119000135,29,16,13
119000136,0,0,0
119000137,19,1,18
119000138,0,0,0
119000139,10,0,10
119000140,0,0,0
119000284,247,471,-224
119000285,209,223,-14
119000286,937,712,225
119000287,485,327,158
119000288,346,170,176
119000289,223,527,-304
119000290,186,249,-63
119000291,4,39,-35
119000293,86,181,-95
119000294,61,41,20
119000295,132,146,-14
119000296,66,4,62
119000299,0,0,0
119000302,1041,807,234
119000303,6,12,-6
119000310,0,0,0
119000314,170,2073,-1903
119000315,0,1,-1
119000316,0,0,0
119000317,31,6,25
119900001,35,186,-151
119900002,29,32,-3
119900003,0,9,-9
119900004,1,0,1
119900005,0,0,0
119900006,26,27,-1
119900007,3,1,2
119900008,0,0,0
119900009,62,44,18
119900010,115,171,-56
119900011,0,0,0
119900012,0,0,0
119900013,133,156,-23
119900014,35,63,-28
119900015,0,0,0
119900016,0,0,0
119900017,3,17,-14
119900018,86,126,-40
119900019,0,0,0
119900020,0,0,0
119900021,0,0,0
119900022,12,136,-124
119900023,47,601,-554
119900025,2,1,1
119900026,0,0,0
119900027,2,4,-2
119900028,15,23,-8
119900029,0,0,0
119900030,0,0,0
119900031,2,200,-198
119900033,202,124,78
119900034,0,0,0
119900037,68,0,68
119900038,7,34,-27
119900039,0,0,0
119900040,102,3,99
119900041,3,1,2
119900042,0,0,0
119900043,71,11,60
119900044,3,101,-98
119900046,0,0,0
119900047,0,0,0
119900048,14,0,14
119900049,57,0,57
119900050,39,36,3
119900051,279,12,267
119900052,0,0,0
119900053,0,0,0
119900054,114,1,113
119900055,266,44,222
119900057,0,0,0
119900058,0,0,0
119900059,16,13,3
119900060,70,24,46
119900061,12,0,12
119900062,0,0,0
119900063,0,0,0
119900065,41,0,41
119900066,0,0,0
119900067,2,0,2
119900068,0,0,0
119900069,24,0,24
119900070,311,1,310
119900071,207,27,180
119900073,80,1,79
119900074,0,0,0
119900075,437,492,-55
119900076,0,0,0
119900077,216,62,154
119900078,157,5,152
119900079,35,0,35
119900080,154,49,105
119900081,70,40,30
119900082,948,208,740
119900083,133,110,23
119900084,0,0,0
119900085,0,0,0
119900086,68,22,46
119900087,0,0,0
119900088,0,0,0
119900089,0,0,0
119900090,0,0,0
119900091,0,0,0
119900092,0,0,0
119900093,0,0,0
119900094,0,0,0
119900095,0,0,0
119900096,0,0,0
119900097,1,0,1
119900098,0,0,0
119900099,0,0,0
119900100,16,91,-75
119900101,3,102,-99
119900102,0,0,0
119900103,0,0,0
119900104,0,0,0
119900105,23,19,4
119900106,0,0,0
119900107,0,0,0
119900108,385,127,258
119900109,0,0,0
119900110,23,14,9
119900111,14,0,14
119900112,0,0,0
119900113,0,7,-7
119900114,44,31,13
119900115,16,12,4
119900116,0,7,-7
119900117,19,8,11
119900118,30,16,14
119900119,2,3,-1
119900120,14,7,7
119900121,0,0,0
119900122,0,2,-2
119900123,3,0,3
119900124,1,10,-9
119900125,0,0,0
119900126,120,24,96
119900127,33,0,33
119900128,4,1,3
119900129,0,3,-3
119900130,0,0,0
119900131,0,3,-3
119900132,2,0,2
119900133,0,0,0
119900134,16,2,14
119900135,0,0,0
119900136,0,0,0
119900138,0,0,0
119900139,0,0,0
119900140,0,10,-10
119900141,0,0,0
119900142,0,1,-1
119900143,1,21,-20
119900144,0,0,0
119900145,0,0,0
119900146,0,0,0
119900147,0,0,0
119900148,14,1,13
119900149,1,616,-615
119900150,0,0,0
119900151,152,82,70
119900152,0,0,0
119900153,11,4,7
119900154,8,4,4
119900155,0,0,0
119900156,30,11,19
119900157,0,0,0
119900158,26,18,8
119900159,0,41,-41
119900160,0,0,0
119900161,25,7,18
119900162,64,22,42
119900163,0,0,0
119900164,0,0,0
119900165,0,0,0
119900166,25,19,6
119900167,0,0,0
119900168,167,4,163
119900169,0,0,0
119900170,0,0,0
119900171,4,0,4
119900172,9,25,-16
119900173,0,2,-2
119900174,0,0,0
119900175,180,24,156
119900177,0,6,-6
119900178,0,0,0
119900179,29,172,-143
119900180,119,10,109
119900181,1,18,-17
119900182,0,28,-28
119900183,31,61,-30
119900184,59,76,-17
119900185,1,68,-67
119900186,0,0,0
119900187,19,19,0
119900188,81,57,24
119900189,0,0,0
119900190,0,0,0
119900191,2,0,2
119900192,2,39,-37
119900193,57,9,48
119900194,3,17,-14
119900195,0,2,-2
119900196,0,0,0
119900197,2,0,2
119900198,1,6,-5
119900199,52,0,52
119900200,0,0,0
119900201,7,4,3
119900202,3,15,-12
119900203,2,0,2
119900204,22,11,11
119900205,232,11,221
119900206,0,0,0
119900208,0,0,0
119900209,91,160,-69
119900210,0,0,0
119900211,0,0,0
119900212,406,26,380
119900213,0,0,0
119900214,0,0,0
119900215,0,0,0
119900216,0,0,0
119900217,0,0,0
119900218,0,0,0
119900219,0,0,0
119900220,0,0,0
119900221,0,0,0
119900222,0,0,0
119900223,0,0,0
119900224,0,0,0
119900225,0,0,0
119900226,4,142,-138
119900227,20,10,10
119900228,0,0,0
119900229,0,0,0
119900230,9,0,9
119900231,33,3,30
119900232,0,0,0
119900233,0,0,0
119900234,0,0,0
119900235,0,0,0
119900236,0,1,-1
119900237,1,1,0
119900238,0,0,0
119900240,0,0,0
119900241,0,0,0
119900242,112,5,107
119900244,57,85,-28
119900245,0,0,0
119900246,0,0,0
119900247,1,19,-18
119900248,0,0,0
119900249,1,0,1
119900253,108,134,-26
119900254,4,233,-229
119900255,0,9,-9
119900256,162,17,145
119900257,0,0,0
119900258,2,1,1
119900259,0,0,0
119900260,7,1,6
119900261,72,19,53
119900262,0,0,0
119900263,333,27,306
119900264,0,0,0
119900265,35,10,25
119900266,0,0,0
119900267,0,6,-6
119900268,9,1,8
119900269,63,3,60
119900271,0,0,0
119900272,2,0,2
119900275,34,0,34
119900276,46,0,46
119900277,0,21,-21
119900278,0,0,0
119900279,0,0,0
119900280,65,10,55
119900281,0,0,0
119900282,0,0,0
119900283,3,8,-5
119900284,189,92,97
119900285,0,0,0
119900286,0,0,0
119900288,0,1,-1
119900289,0,0,0
119900290,0,0,0
119900291,0,0,0
119900292,21,2,19
119900293,5,1,4
119900294,1,1,0
119900295,35,0,35
119900296,109,4,105
119900297,0,2,-2
119900298,0,1,-1
119900299,1,0,1
119900300,0,0,0
119900301,0,0,0
119900302,0,0,0
119900303,0,0,0
119900304,0,0,0
119900305,0,0,0
119900306,0,0,0
119900307,0,0,0
119900308,0,0,0
119900309,3,54,-51
119900310,29,9,20
119900311,0,0,0
119900312,66,5,61
119900313,12,0,12
119900314,0,0,0
119900315,412,132,280
119900318,0,0,0
119900319,28,13,15
119900320,73,31,42
119900321,16,0,16
119900322,0,3,-3
119900323,2,4,-2
119900324,0,5,-5
119900325,36,6,30
119900326,3,1,2
120000001,4318,11860,-7542
120000002,775,483,292
120000003,425,486,-61
120000004,797,709,88
120000005,902,694,208
120000006,315,309,6
120000007,896,413,483
120000008,233,261,-28
120000009,422,249,173
120000010,568,337,231
120000011,199,190,9
120000012,249,403,-154
120000013,1054,563,491
120000014,359,498,-139
120000015,1094,685,409
120000016,3048,1914,1134
120000017,1581,1554,27
120000018,2096,5916,-3820
120000019,329,622,-293
120000020,1548,1239,309
120000021,749,1441,-692
120000022,3308,3498,-190
120000023,750,907,-157
120000024,645,803,-158
120000025,2042,682,1360
120000026,1224,1515,-291
120000027,1666,1570,96
120000028,381,186,195
120000029,134,480,-346
120000030,4,212,-208
120000031,453,1069,-616
120000032,1275,881,394
120000033,1055,249,806
120000034,1349,208,1141
120000035,1192,232,960
120000036,1461,2013,-552
120000037,488,1502,-1014
120000038,1056,2155,-1099
120000039,34,178,-144
120000040,15,135,-120
120000041,63,145,-82
120000042,407,371,36
120000043,1614,612,1002
120000044,3179,579,2600
120000045,3197,289,2908
120000046,1799,1364,435
120000047,187,2142,-1955
120000048,2107,1694,413
120000049,1412,641,771
120000050,935,1011,-76
120000051,816,1438,-622
120000052,1063,749,314
120000053,575,631,-56
120000054,411,506,-95
120000055,988,631,357
120000056,1828,1079,749
120000057,733,236,497
120000058,223,332,-109
120000059,251,1142,-891
120000061,4,176,-172
120000062,77,77,0
120000063,236,257,-21
120000064,168,191,-23
120000065,236,153,83
120000066,58,93,-35
120000067,0,111,-111
120000068,21,142,-121
120000069,248,152,96
120000070,85,182,-97
120000071,300,27,273
120000072,560,98,462
120000073,346,50,296
120000074,55,12,43
120000075,779,36,743
120000076,1320,72,1248
120000077,886,149,737
120000078,450,172,278
120000079,375,117,258
120000080,94,115,-21
120000081,204,59,145
120000082,179,187,-8
120000083,19,938,-919
120000084,74,46,28
120000085,84,34,50
120000086,32,41,-9
120000087,53,47,6
120000088,352,264,88
120000089,987,159,828
120000090,261,115,146
120000091,563,219,344
120000092,463,133,330
120000093,382,159,223
120000094,134,374,-240
120000095,305,62,243
120000096,90,128,-38
120000098,306,77,229
120000099,86,93,-7
120000100,290,141,149
120000101,227,115,112
120000102,345,924,-579
120000103,702,566,136
120000104,1821,177,1644
120000105,2804,138,2666
120000106,2552,88,2464
120000107,3653,85,3568
120000108,1247,15,1232
120000109,792,11,781
120000110,1,153,-152
120000111,6,151,-145
120000112,19,310,-291
120000113,34,231,-197
120000114,89,187,-98
120000115,64,190,-126
120000116,72,250,-178
120000117,265,157,108
120000118,3,24,-21
120000119,3,70,-67
120000120,32,90,-58
120000121,20,49,-29
120000122,75,251,-176
120000123,414,2705,-2291
120000124,206,155,51
120000125,235,86,149
120000126,162,228,-66
120000127,145,189,-44
120000128,501,765,-264
120000129,81,80,1
120000130,425,184,241
120000131,147,220,-73
120000134,72,12,60
120000135,33,276,-243
120000137,55,10,45
120000138,211,57,154
120000139,125,22,103
120000140,163,24,139
120000141,227,49,178
120000142,370,80,290
120000143,0,3,-3
120000144,54,0,54
120000145,61,0,61
120000146,455,669,-214
120000149,165,154,11
120000150,227,3383,-3156
120000151,185,67,118
120000152,351,57,294
120000153,43,68,-25
120000154,48,65,-17
120000155,81,120,-39
120000156,139,362,-223
120000157,410,141,269
120000158,86,61,25
120000159,546,636,-90
120000160,983,742,241
120000161,728,744,-16
120000162,8,144,-136
120000163,213,99,114
120000164,148,54,94
120000165,179,47,132
120000166,891,46,845
120000167,0,0,0
120000168,0,0,0
120000169,0,0,0
120000170,0,0,0
120000171,0,0,0
120000172,0,0,0
120000173,11,1,10
120000174,1,0,1
120000175,11,0,11
120000176,1,0,1
120000177,47,1,46
120000178,1,1,0
120000179,3,0,3
120000180,3,1,2
120000181,1,111,-110
120000182,0,113,-113
120000183,0,140,-140
120000184,29,308,-279
120000186,1,53,-52
120000187,0,22,-22
120000188,6,56,-50
120000190,15,103,-88
120000191,30,43,-13
120000192,20,38,-18
120000193,34,27,7
120000195,0,0,0
120000196,6,1,5
120000197,1,5,-4
120000198,20,0,20
120000199,0,0,0
120000200,0,0,0
120000201,0,0,0
120000202,0,0,0
120000203,0,0,0
120000207,0,0,0
120000208,0,0,0
120000209,0,0,0
120000210,0,0,0
120000211,0,0,0
120000212,0,0,0
120000213,0,0,0
120000214,0,0,0
120000215,0,0,0
120000216,0,0,0
120000217,0,0,0
120000218,0,0,0
120000219,0,0,0
120000220,0,0,0
120000225,864,1,863
120000226,130,0,130
120000227,222,11,211
120000228,0,0,0
120000230,71,12,59
120000231,228,23,205
120000233,316,13,303
120000235,11,82,-71
120000236,616,2,614
120000237,0,36,-36
120000238,0,0,0
120000241,728,1357,-629
120000412,75,1,74
120000413,99,9,90
120000414,99,0,99
120000415,0,3,-3
120000416,29,0,29
120000417,0,5,-5
120000418,118,0,118
120000419,1,0,1
120000420,34,26,8
120000421,1622,1147,475
120000422,5,319,-314
120000423,0,0,0
120000424,0,0,0
120000436,64,765,-701
120000437,9,8,1
120000438,140,101,39
120000439,170,279,-109
120000443,157,0,157
120000444,941,71,870
120000445,610,540,70
120000446,128,19,109
120000447,243,1,242
120000449,57,0,57
120000450,0,6,-6
120000451,41,56,-15
120000452,393,8,385
120000453,0,0,0
120000454,59,14,45
120000455,12,49,-37
120000456,74,537,-463
120000457,148,104,44
120000458,210,96,114
120000459,46,18,28
120000665,6,89,-83
120000668,7,234,-227
120000669,58,83,-25
120000670,3,177,-174
120000671,449,189,260
120000672,3,141,-138
120900001,37,5,32
120900002,0,9,-9
120900003,0,0,0
120900004,0,25,-25
120900005,74,62,12
120900006,229,14,215
120900007,2,3,-1
120900008,137,43,94
120900009,0,0,0
120900010,189,22,167
120900011,0,0,0
120900012,11,334,-323
120900013,0,0,0
120900014,6,20,-14
120900015,436,14,422
120900016,643,6,637
120900017,168,4,164
120900018,52,24,28
120900019,97,131,-34
120900020,74,180,-106
120900021,0,0,0
120900022,0,12,-12
120900023,332,5,327
120900024,325,6,319
120900025,194,64,130
120900026,4,17,-13
120900027,0,0,0
120900028,414,82,332
120900029,0,0,0
120900030,593,42,551
120900031,16,0,16
120900032,773,32,741
120900033,485,26,459
120900034,1,785,-784
120900035,13,1,12
120900037,88,2,86
120900038,0,0,0
120900039,0,0,0
120900040,0,0,0
120900041,0,1,-1
120900042,223,22,201
120900043,19,2,17
120900044,3,140,-137
120900045,6,1,5
120900046,301,1,300
120900047,0,0,0
120900048,0,0,0
120900049,0,0,0
120900050,125,417,-292
120900051,172,56,116
120900052,242,0,242
120900053,126,25,101
120900054,160,6,154
120900055,295,1,294
120900056,0,0,0
120900057,0,0,0
120900058,244,0,244
120900059,88,0,88
120900060,32,19,13
120900061,29,10,19
120900062,148,8,140
120900063,0,0,0
120900064,0,0,0
120900065,0,0,0
120900066,455,1,454
120900067,70,15,55
120900068,131,0,131
120900069,0,0,0
120900071,4,2,2
120900072,0,0,0
120900073,8,0,8
120900074,196,8,188
120900076,147,0,147
120900077,574,356,218
120900078,639,107,532
120900079,154,7,147
120900080,135,0,135
120900081,496,118,378
120900082,140,19,121
120900083,172,0,172
120900084,0,0,0
120900085,0,0,0
120900086,6,183,-177
120900087,186,43,143
120900088,0,0,0
120900089,299,1339,-1040
120900090,28,1,27
120900091,72,283,-211
120900092,11,18,-7
120900093,0,0,0
120900094,16,24,-8
120900095,0,0,0
120900096,0,6,-6
120900097,32,23,9
120900098,0,0,0
120900099,0,0,0
120900100,0,0,0
120900101,0,0,0
120900102,0,0,0
120900103,17,10,7
120900104,0,0,0
120900105,0,0,0
120900106,68,39,29
120900107,0,0,0
120900108,0,0,0
120900109,4,33,-29
120900110,0,0,0
120900111,11,9,2
120900112,0,0,0
120900113,1,23,-22
120900114,2,9,-7
120900115,61,68,-7
120900116,42,7,35
120900117,0,0,0
120900118,3,33,-30
120900119,648,331,317
120900120,1,20,-19
120900121,2,0,2
120900122,116,16,100
120900123,0,0,0
120900124,0,22,-22
120900125,0,34,-34
120900126,2,0,2
120900127,0,0,0
120900128,20,16,4
120900129,109,0,109
120900130,0,18,-18
120900131,0,0,0
120900132,452,14,438
120900133,1,29,-28
120900134,6,7,-1
120900135,60,3,57
120900136,0,0,0
120900137,109,21,88
120900138,1,10,-9
120900139,0,1,-1
120900140,0,0,0
120900141,56,15,41
120900142,0,16,-16
120900143,0,0,0
120900144,0,9,-9
120900145,15,28,-13
120900146,0,0,0
120900147,0,0,0
120900148,7,6,1
120900149,0,3,-3
120900150,0,19,-19
120900151,0,0,0
120900152,0,0,0
120900153,0,0,0
120900154,1,4,-3
120900155,9,3,6
120900156,42,0,42
120900157,0,0,0
120900158,0,3,-3
120900159,0,0,0
120900160,0,2,-2
120900161,0,0,0
120900162,0,0,0
120900163,0,0,0
120900164,0,0,0
120900165,0,0,0
120900166,0,0,0
120900167,0,0,0
120900169,0,0,0
120900170,21,1068,-1047
120900171,70,16,54
120900172,0,0,0
120900173,0,2,-2
120900174,0,0,0
120900175,38,0,38
120900176,0,105,-105
120900177,0,406,-406
120900178,0,132,-132
120900179,16,19,-3
120900180,7,0,7
120900181,0,0,0
120900182,0,0,0
120900183,0,0,0
120900184,0,0,0
120900185,0,0,0
120900186,1,18,-17
120900187,82,67,15
120900188,3,0,3
120900189,0,0,0
120900190,92,20,72
120900191,0,0,0
120900192,563,2133,-1570
120900194,16,2,14
120900195,0,0,0
120900196,0,0,0
120900197,343,16,327
120900198,1,37,-36
120900199,0,0,0
120900200,3,0,3
120900201,0,0,0
120900202,0,13,-13
120900203,20,5,15
120900204,7,9,-2
120900205,3,0,3
120900206,0,3,-3
120900207,1,30,-29
121000001,172,442,-270
121000002,356,876,-520
121000003,281,949,-668
121000004,312,1138,-826
121000005,1396,2723,-1327
121000006,691,1253,-562
121000007,268,1513,-1245
121000008,626,1420,-794
121000009,906,2862,-1956
121000010,798,1252,-454
121000011,1254,3081,-1827
121000012,1906,1403,503
121000013,1596,3348,-1752
121000014,1986,1415,571
121000015,2306,3956,-1650
121000016,696,524,172
121000017,360,1529,-1169
121000018,742,993,-251
121000019,1686,2592,-906
121000020,3686,6139,-2453
121000021,206,252,-46
121000022,314,1881,-1567
121000023,585,233,352
121000024,1319,1667,-348
121000025,59,286,-227
121000026,80,143,-63
121000027,143,597,-454
121000028,61,217,-156
121000029,107,167,-60
121000030,0,0,0
121000031,28,202,-174
121000032,0,0,0
121000034,28,62,-34
121000035,1,9,-8
121000036,117,228,-111
121000037,94,399,-305
121000038,620,595,25
121000039,72,54,18
121000041,65,177,-112
121000042,7,238,-231
121000043,310,379,-69
121000044,29,271,-242
121000045,51,162,-111
121000046,0,0,0
121000047,1,34,-33
121000049,433,313,120
121000050,41,1626,-1585
121000051,111,88,23
121000052,56,889,-833
121000053,19,65,-46
121000054,3,57,-54
121000055,193,598,-405
121000056,677,472,205
121000057,1,16,-15
121000058,41,46,-5
121000059,194,1105,-911
121000060,478,674,-196
121000061,6,446,-440
121000062,200,191,9
121000063,100,678,-578
121000064,156,592,-436
121000065,34,123,-89
121000066,23,33,-10
121000067,68,43,25
121000068,106,524,-418
121000069,4,604,-600
121000070,271,239,32
121000071,256,841,-585
121000072,95,47,48
121000073,84,458,-374
121000074,4,35,-31
121000075,1,3,-2
121000076,19,34,-15
121000077,19,62,-43
121000078,0,44,-44
121000080,129,121,8
121000081,349,1293,-944
121000082,0,13,-13
121000083,16,67,-51
121000084,0,0,0
121000085,20,9,11
121000086,27,272,-245
121000087,3,221,-218
121000088,168,84,84
121000089,5,264,-259
121000090,56,104,-48
121000091,395,857,-462
121000092,36,29,7
121000093,26,108,-82
121000094,50,126,-76
121000095,16,175,-159
121000096,535,197,338
121000097,95,620,-525
121000098,121,138,-17
121000099,149,133,16
121000100,225,138,87
121000101,40,86,-46
121000102,3,2,1
121000103,21,66,-45
121000104,8,1,7
121000105,2,1,1
121000106,21,78,-57
121000107,655,1508,-853
121000109,338,958,-620
121000110,25,644,-619
121000114,744,1244,-500
121000115,139,81,58
121000116,94,120,-26
121000117,146,28,118
121000118,139,49,90
121000119,31,39,-8
121000120,59,405,-346
121000121,55,85,-30
121000123,56,74,-18
121000127,2,23,-21
121000128,231,55,176
121000129,121,40,81
121000130,65,200,-135
121000131,40,135,-95
121000132,43,238,-195
121000135,91,151,-60
121000136,337,507,-170
121000137,41,79,-38
121000138,104,1096,-992
121000139,0,0,0
121000141,45,25,20
121000142,14,65,-51
121000143,1,16,-15
121000144,600,589,11
121000145,157,181,-24
121000146,150,51,99
121000147,91,26,65
121000148,82,96,-14
121000149,397,494,-97
121000152,103,71,32
121000153,114,66,48
121000154,192,55,137
121000155,319,280,39
121000156,118,185,-67
121000157,217,233,-16
121000158,502,251,251
121000159,189,156,33
121000160,229,91,138
121000161,124,227,-103
121000162,90,63,27
121000165,696,1783,-1087
121000166,35,267,-232
121000168,35,66,-31
121000169,1,7,-6
121000170,85,8,77
121000171,6,35,-29
121000172,146,302,-156
121000173,623,604,19
121000174,297,412,-115
121000175,280,112,168
121000176,131,195,-64
121000177,158,83,75
121000178,99,33,66
121000179,8,22,-14
121000181,109,55,54
121000182,217,274,-57
121000183,12,165,-153
121000184,23,312,-289
121000185,6,721,-715
121000186,136,797,-661
121000187,146,92,54
121000188,29,49,-20
121000192,161,34,127
121000193,53,52,1
121000194,457,873,-416
121000195,257,581,-324
121000196,40,113,-73
121000197,35,51,-16
121000198,44,187,-143
121000199,24,80,-56
121000200,113,98,15
121000201,0,82,-82
121000202,49,0,49
121000203,5,82,-77
121000204,534,24,510
121000205,122,95,27
121000206,127,176,-49
121000207,460,233,227
121000208,0,138,-138
121000209,315,11,304
121000210,348,146,202
121000211,23,4,19
121000212,46,102,-56
121000213,322,411,-89
121000214,154,804,-650
121000215,315,88,227
121000216,110,372,-262
121000217,958,1476,-518
121000218,54,383,-329
121000219,225,274,-49
121000220,20,1,19
121000221,9,98,-89
121000222,518,760,-242
121000223,0,0,0
121000224,197,152,45
121000225,63,903,-840
121000226,206,785,-579
121000227,14,104,-90
121000228,14,53,-39
121000229,19,19,0
121000230,15,143,-128
121000231,625,5,620
121000232,58,47,11
121000233,144,89,55
121000234,6,39,-33
121000235,1,19,-18
121000236,1,20,-19
121000237,0,7,-7
121000238,0,15,-15
121000239,2,1,1
121000240,0,19,-19
121000241,37,0,37
121000242,1,33,-32
121000243,73,5,68
121000244,1,2,-1
121000245,18,1,17
121000246,1,7,-6
121000247,11,0,11
121000248,55,26,29
121000249,2,43,-41
121000250,101,319,-218
121000251,3,46,-43
121000252,4,73,-69
121000253,67,89,-22
121000254,360,60,300
121000255,11,54,-43
121000256,43,187,-144
121000257,0,38,-38
121000258,52,147,-95
121000259,11,1,10
121000260,6,25,-19
121000261,6,153,-147
121000262,99,100,-1
121000263,350,47,303
121000271,46,1009,-963
121000273,2,0,2
121000274,9,27,-18
121000275,0,2,-2
121000276,1,34,-33
121000278,7,4,3
121000279,4,14,-10
121000280,2,23,-21
121000289,80,8,72
121000290,112,526,-414
121000294,115,12,103
121000297,190,294,-104
121000299,51,229,-178
121000300,85,102,-17
121000302,2,209,-207
121000303,48,35,13
121000304,389,88,301
121000305,37,45,-8
121000306,105,91,14
121000308,1,0,1
121000309,0,0,0
121000310,0,0,0
121000311,0,0,0
121000312,64,96,-32
121000313,0,2,-2
121000314,0,1,-1
121000315,1,10,-9
121000530,402,367,35
121000531,650,424,226
121000532,1456,1461,-5
121000533,2155,1304,851
121000918,0,0,0
121000919,6,148,-142
121000938,1,3,-2
121000939,38,116,-78
121000956,491,257,234
121000957,0,0,0
121000958,12,6,6
121000959,126,38,88
121000960,286,211,75
121000961,127,1,126
121000962,20,43,-23
121000963,0,0,0
121000973,0,0,0
121000976,0,0,0
121000979,0,0,0
121000981,67,9,58
121000982,324,60,264
121000983,65,2,63
121000984,0,14,-14
121000985,194,103,91
121000986,66,68,-2
121000987,19,76,-57
121000988,241,32,209
121001302,20,19,1
121001308,1,29,-28
121001309,1,106,-105
121001313,0,0,0
121001314,608,210,398
121001315,1502,143,1359
121900001,62,401,-339
121900002,0,0,0
121900003,0,0,0
121900004,0,0,0
121900005,1,0,1
121900006,0,0,0
121900007,283,8,275
121900008,2,0,2
121900009,3,3,0
121900010,0,0,0
121900011,11,1,10
121900012,1,0,1
121900013,47,1,46
121900014,0,0,0
121900015,134,1,133
121900016,0,0,0
121900017,0,0,0
121900018,0,0,0
121900019,0,0,0
121900020,2,0,2
121900021,83,0,83
121900022,0,0,0
121900023,0,0,0
121900024,0,0,0
121900025,0,0,0
121900026,0,0,0
121900027,0,0,0
121900028,0,0,0
121900029,0,0,0
121900030,0,0,0
121900031,0,28,-28
121900032,0,0,0
121900033,0,0,0
121900034,0,0,0
121900035,0,0,0
121900036,0,0,0
121900037,0,0,0
121900038,0,0,0
121900039,0,0,0
121900040,0,0,0
121900041,0,0,0
121900042,0,0,0
121900043,0,0,0
121900044,0,0,0
121900046,0,0,0
121900047,0,0,0
121900048,0,0,0
121900050,0,0,0
121900051,0,0,0
121900052,0,0,0
121900053,4,10,-6
121900054,0,0,0
121900055,0,0,0
121900058,0,0,0
121900059,0,0,0
121900060,0,0,0
121900061,0,0,0
121900062,0,0,0
121900063,9,6,3
121900064,0,0,0
121900066,0,0,0
121900067,0,0,0
121900069,0,0,0
121900070,3,0,3
121900071,0,0,0
121900072,0,0,0
121900073,0,0,0
121900074,10,0,10
121900075,1,10,-9
121900076,0,0,0
121900077,0,0,0
121900078,0,0,0
121900079,0,0,0
121900080,0,0,0
121900082,0,0,0
121900084,0,0,0
121900085,0,0,0
121900086,0,0,0
121900087,0,0,0
121900088,0,2,-2
121900089,0,0,0
121900090,0,0,0
121900091,0,0,0
121900092,0,0,0
121900093,0,0,0
121900094,0,0,0
121900095,0,0,0
121900096,0,0,0
121900097,0,0,0
121900098,0,0,0
121900099,0,0,0
121900100,0,0,0
121900101,0,0,0
121900102,0,0,0
121900103,0,0,0
121900104,71,49,22
121900105,0,0,0
121900106,0,0,0
121900107,0,0,0
121900108,0,0,0
121900109,0,0,0
121900110,0,0,0
121900111,0,0,0
121900112,0,0,0
121900113,0,0,0
121900114,0,0,0
121900117,0,0,0
121900118,0,0,0
121900119,0,0,0
121900120,0,0,0
121900121,0,0,0
121900122,0,0,0
121900123,0,0,0
121900124,2,0,2
121900125,2,1,1
121900127,0,0,0
121900128,0,0,0
121900129,0,0,0
121900130,0,0,0
121900131,1,0,1
121900132,0,0,0
121900133,0,0,0
121900134,0,0,0
121900135,191,26,165
121900136,0,0,0
121900137,0,0,0
121900138,0,0,0
121900139,0,0,0
121900140,0,0,0
121900141,5,1,4
121900142,0,0,0
121900143,0,0,0
121900144,0,0,0
121900145,0,0,0
121900146,1,0,1
121900147,0,0,0
121900148,0,0,0
121900149,0,0,0
121900150,0,0,0
121900151,0,0,0
121900152,0,0,0
121900153,0,0,0
121900154,0,0,0
121900155,0,0,0
121900156,0,0,0
121900157,0,0,0
121900158,0,0,0
121900159,0,0,0
121900160,0,0,0
121900161,0,0,0
121900162,0,0,0
121900163,0,0,0
121900164,0,0,0
121900165,0,0,0
121900166,0,0,0
121900167,0,0,0
121900168,0,0,0
121900169,0,0,0
121900170,0,0,0
121900171,0,0,0
121900172,0,0,0
121900173,0,0,0
121900174,0,0,0
121900175,0,0,0
121900176,0,0,0
121900177,0,0,0
121900178,0,0,0
121900179,0,0,0
121900180,152,639,-487
121900182,1,0,1
121900183,0,0,0
121900184,0,0,0
121900186,0,0,0
121900187,0,0,0
121900188,0,0,0
121900189,0,0,0
121900190,0,0,0
121900191,0,0,0
121900192,25,0,25
121900193,0,0,0
121900194,0,0,0
121900195,0,0,0
121900196,0,0,0
121900197,0,0,0
121900198,452,1,451
121900199,0,0,0
121900200,0,0,0
121900201,0,0,0
121900202,0,0,0
121900203,0,0,0
121900204,0,0,0
121900205,0,0,0
121900206,0,0,0
121900207,0,0,0
121900208,0,0,0
121900209,0,0,0
121900210,0,0,0
121900211,0,0,0
121900212,0,0,0
121900213,0,0,0
121900214,0,0,0
121900215,0,0,0
121900216,0,0,0
121900217,0,0,0
121900218,0,0,0
121900220,0,0,0
121900221,0,0,0
121900222,0,0,0
121900223,0,0,0
121900224,0,0,0
121900225,0,0,0
121900226,0,0,0
121900227,0,0,0
121900228,0,0,0
121900230,0,0,0
121900231,1,6,-5
121900232,0,0,0
121900233,0,0,0
121900234,0,0,0
121900235,0,0,0
121900236,0,0,0
121900237,0,0,0
121900238,0,0,0
121900239,0,0,0
121900240,0,0,0
121900241,0,0,0
121900242,0,0,0
121900243,0,0,0
121900244,0,0,0
121900245,0,0,0
121900246,19,0,19
121900247,0,0,0
121900248,0,0,0
121900250,0,0,0
121900251,0,0,0
121900252,0,0,0
121900253,10,98,-88
121900254,0,0,0
121900255,0,0,0
121900258,553,324,229
121900259,0,0,0
121900260,0,0,0
121900261,0,0,0
121900262,0,0,0
121900263,0,0,0
121900264,0,0,0
121900265,0,0,0
121900266,0,0,0
121900267,0,0,0
121900269,0,0,0
121900270,0,0,0
121900271,0,0,0
121900273,18,16,2
121900274,56,10,46
121900277,0,0,0
121900278,0,0,0
121900279,0,0,0
121900280,0,0,0
121900281,0,0,0
121900284,0,0,0
121900286,32,1,31
121900287,18,2,16
121900288,0,0,0
121900290,0,0,0
121900291,0,0,0
121900292,0,29,-29
121900293,0,0,0
121900294,0,0,0
121900295,0,0,0
121900296,0,0,0
121900298,1,3,-2
121900299,0,0,0
121900300,0,0,0
121900301,9,0,9
121900302,0,0,0
121900303,0,0,0
121900304,0,0,0
121900305,0,0,0
121900306,0,0,0
121900307,11,0,11
121900308,0,0,0
121900309,0,0,0
121900310,0,0,0
121900311,91,0,91
121900312,19,0,19
121900313,56,0,56
121900314,0,0,0
121900315,0,0,0
121900316,0,0,0
121900317,0,0,0
121900318,0,0,0
121900319,0,0,0
121900320,0,0,0
121900321,0,0,0
121900322,0,0,0
121900323,0,0,0
121900324,0,0,0
121900325,0,0,0
121900326,0,0,0
121900327,0,0,0
121900328,0,0,0
121900329,0,0,0
121900330,0,0,0
121900331,0,0,0
121900332,0,0,0
121900333,0,0,0
121900334,0,0,0
122000001,306,793,-487
122000002,322,312,10
122000003,358,594,-236
122000004,227,394,-167
122000005,985,2377,-1392
122000006,159,785,-626
122000007,235,848,-613
122000008,504,1097,-593
122000009,119,199,-80
122000010,1407,1261,146
122000011,272,459,-187
122000012,167,472,-305
122000013,234,920,-686
122000014,574,921,-347
122000015,316,533,-217
122000016,110,477,-367
122000017,302,753,-451
122000018,301,728,-427
122000019,129,726,-597
122000020,41,54,-13
122000021,12,100,-88
122000022,103,111,-8
122000023,92,80,12
122000024,446,463,-17
122000025,193,489,-296
122000026,406,418,-12
122000027,115,323,-208
122000028,176,351,-175
122000029,92,90,2
122000030,41,8,33
122000031,18,655,-637
122000032,178,295,-117
122000033,124,221,-97
122000034,16,56,-40
122000035,6,71,-65
122000036,86,86,0
122000037,33,74,-41
122000038,68,237,-169
122000039,72,54,18
122000040,28,31,-3
122000041,305,1141,-836
122000042,236,673,-437
122000043,33,141,-108
122000044,20,154,-134
122000045,191,90,101
122000046,196,211,-15
122000047,14,10,4
122000048,777,1991,-1214
122000049,1851,1093,758
122000050,216,320,-104
122000051,177,819,-642
122000052,115,493,-378
122000053,118,1485,-1367
122000054,360,652,-292
122000055,2451,2619,-168
122000056,759,1163,-404
122000057,1040,1200,-160
122000058,411,546,-135
122000059,461,1000,-539
122000060,59,75,-16
122000061,44,60,-16
122000062,242,57,185
122000063,51,362,-311
122000064,1486,2261,-775
122000065,1043,1005,38
122000066,105,200,-95
122000067,677,1992,-1315
122000068,206,1672,-1466
122000069,93,157,-64
122000070,681,444,237
122000071,168,379,-211
122000072,4,94,-90
122000073,11,124,-113
122000074,342,622,-280
122000075,187,503,-316
122000076,194,261,-67
122000077,121,354,-233
122000078,392,327,65
122000079,121,449,-328
122000080,99,300,-201
122000081,4,92,-88
122000082,100,283,-183
122000083,89,238,-149
122000084,68,88,-20
122000085,8,154,-146
122000086,781,2660,-1879
122000087,231,114,117
122000088,35,13,22
122000089,819,693,126
122000090,71,202,-131
122000091,63,58,5
122000092,7,10,-3
122000093,1038,2157,-1119
122000094,1462,1393,69
122000095,620,1675,-1055
122000096,133,1013,-880
122000098,1252,3391,-2139
122000099,126,409,-283
122000100,121,90,31
122000101,28,81,-53
122000102,20,150,-130
122000103,61,157,-96
122000104,64,103,-39
122000105,46,115,-69
122000106,98,203,-105
122000107,153,283,-130
122000108,4,13,-9
122000109,65,151,-86
122000110,67,83,-16
122000111,362,225,137
122000112,107,162,-55
122000113,119,94,25
122000114,329,2093,-1764
122000115,533,1588,-1055
122000116,51,190,-139
122000117,110,43,67
122000118,132,36,96
122000119,92,108,-16
122000120,66,139,-73
122000121,221,413,-192
122000122,76,354,-278
122000123,164,417,-253
122000124,45,219,-174
122000125,67,161,-94
122000126,21,175,-154
122000127,46,176,-130
122000128,95,104,-9
122000129,24,136,-112
122000130,334,302,32
122000131,73,85,-12
122000132,5,4,1
122000133,87,43,44
122000134,74,247,-173
122000135,165,131,34
122000136,40,105,-65
122000137,158,307,-149
122000139,156,535,-379
122000140,73,373,-300
122000141,237,270,-33
122000142,48,450,-402
122000143,22,73,-51
122000144,130,62,68
122000145,117,57,60
122000146,109,345,-236
122000147,142,156,-14
122000148,99,131,-32
122000149,206,66,140
122000150,139,112,27
122000151,2,1,1
122000152,4,0,4
122000153,90,147,-57
122000154,27,83,-56
122000155,361,216,145
122000156,1181,1541,-360
122000157,259,734,-475
122000158,76,86,-10
122000159,217,202,15
122000160,271,193,78
122000161,187,148,39
122000162,134,192,-58
122000163,20,0,20
122000164,4,3,1
122000165,38,535,-497
122000166,79,187,-108
122000167,1,5,-4
122000168,20,757,-737
122000169,44,22,22
122000170,61,243,-182
122000171,0,0,0
122000172,258,787,-529
122000173,157,824,-667
122000174,426,1220,-794
122000175,121,43,78
122000176,151,978,-827
122000177,587,1849,-1262
122000178,663,240,423
122000179,243,1158,-915
122000180,404,1478,-1074
122000181,328,1612,-1284
122000182,156,163,-7
122000183,57,51,6
122000184,899,1103,-204
122000185,325,710,-385
122000186,153,347,-194
122000187,424,236,188
122000188,0,0,0
122000189,56,29,27
122000190,273,315,-42
122000191,57,185,-128
122000192,75,26,49
122000193,69,274,-205
122000194,74,41,33
122000195,19,289,-270
122000196,60,84,-24
122000197,35,43,-8
122000198,49,348,-299
122000199,120,51,69
122000200,177,127,50
122000201,566,727,-161
122000202,197,485,-288
122000203,292,198,94
122000204,315,360,-45
122000205,91,184,-93
122000206,448,631,-183
122000207,252,724,-472
122000208,494,318,176
122000209,343,85,258
122000210,169,271,-102
122000211,53,233,-180
122000212,114,99,15
122000213,57,213,-156
122000214,297,749,-452
122000215,1319,623,696
122000217,234,374,-140
122000218,131,76,55
122000219,162,132,30
122000220,46,294,-248
122000221,17,303,-286
122000222,43,11,32
122000223,89,149,-60
122000225,104,82,22
122000226,29,278,-249
122000227,26,110,-84
122000228,15,73,-58
122000229,1,159,-158
122000230,2,92,-90
122000231,32,107,-75
122000232,94,113,-19
122000233,0,7,-7
122000234,111,30,81
122000235,84,11,73
122000236,271,3,268
122000237,5,1,4
122000238,50,96,-46
122000239,56,29,27
122000240,180,44,136
122000241,140,47,93
122000242,82,0,82
122000243,22,4,18
122000244,20,63,-43
122000245,1,0,1
122000246,76,137,-61
122000247,115,27,88
122000248,59,72,-13
122000249,135,130,5
122000250,135,163,-28
122000251,0,0,0
122000252,7,2,5
122000253,0,0,0
122000254,43,38,5
122000255,47,214,-167
122000256,2,40,-38
122000257,2,13,-11
122000258,36,135,-99
122000259,11,115,-104
122000260,10,97,-87
122000261,3,56,-53
122000262,0,0,0
122000263,24,0,24
122000264,327,52,275
122000265,465,95,370
122000266,596,67,529
122000267,2,10,-8
122000268,56,1,55
122000269,26,32,-6
122000270,9,8,1
122000271,0,0,0
122000272,0,0,0
122000273,15,0,15
122000274,3,8,-5
122000275,0,33,-33
122000276,131,172,-41
122000277,239,457,-218
122000278,328,57,271
122000279,41,16,25
122000280,111,23,88
122000281,47,38,9
122000282,4,317,-313
122000283,3,27,-24
122000284,4,9,-5
122000285,0,0,0
122000286,0,0,0
122000287,815,365,450
122000288,82,21,61
122000291,885,305,580
122000293,16,43,-27
122000294,11,149,-138
122000295,281,34,247
122000296,58,395,-337
122000297,680,1658,-978
122000299,162,48,114
122000300,31,42,-11
122000301,366,981,-615
122000302,141,747,-606
122000303,304,47,257
122000304,0,37,-37
122000305,572,96,476
122000306,23,116,-93
122000307,8,19,-11
122000309,0,0,0
122000310,0,20,-20
122000311,12,28,-16
122000312,20,56,-36
122000313,7,70,-63
122000314,115,197,-82
122000315,62,0,62
122000316,299,76,223
122000317,378,70,308
122000318,148,381,-233
122000319,15,131,-116
122000320,13,65,-52
122000321,41,39,2
122000322,503,374,129
122000323,208,233,-25
122000324,274,836,-562
122000325,149,335,-186
122000326,1,0,1
122000327,37,225,-188
122000328,76,186,-110
122000330,244,571,-327
122000332,23,109,-86
122000333,2,14,-12
122000337,84,121,-37
122000338,47,6,41
122000340,14,78,-64
122000342,91,214,-123
122000343,27,41,-14
122000344,23,0,23
122000345,41,8,33
122000346,4,1,3
122000348,182,87,95
122000349,1,9,-8
122000351,54,21,33
122000352,25,2,23
122000353,3,0,3
122000355,47,444,-397
122000356,64,131,-67
122000357,21,0,21
122000358,0,0,0
122000359,0,0,0
122000360,0,0,0
122000362,1,1,0
122000364,53,28,25
122000365,0,2,-2
122000366,5,0,5
122000368,29,49,-20
122000370,0,0,0
122000371,0,0,0
122000372,0,0,0
122000381,19,55,-36
122000382,3,21,-18
122000384,213,475,-262
122000385,21,0,21
122000386,20,514,-494
122000387,57,141,-84
122000388,76,373,-297
122000389,38,46,-8
122000390,43,194,-151
122000391,2,122,-120
122000392,32,32,0
122000393,0,44,-44
122000394,76,25,51
122000395,14,6,8
122000396,44,3,41
122000397,0,0,0
122000398,13,129,-116
122000399,35,3,32
122000400,18,97,-79
122000401,46,2,44
122000402,71,49,22
122000403,5,1,4
122000404,103,33,70
122000408,124,242,-118
122000503,0,20,-20
122000524,0,0,0
122000544,23,34,-11
122000616,0,0,0
122000640,3,29,-26
122000641,24,48,-24
122000642,239,97,142
122000643,13,155,-142
122000644,0,0,0
122000645,4,14,-10
122000651,171,584,-413
122000664,42,10,32
122000665,71,203,-132
122000666,36,184,-148
122000673,7,40,-33
122000674,55,94,-39
122000675,710,356,354
122000686,106,100,6
122000687,386,46,340
122000688,230,74,156
122000689,226,35,191
122000690,867,49,818
122000691,509,110,399
122000692,136,2,134
122000693,76,136,-60
122000695,3,0,3
122000696,161,28,133
122000698,3,1,2
122000699,113,14,99
122000701,181,77,104
122000702,110,282,-172
122000703,8,19,-11
122000712,0,0,0
122000717,1,50,-49
122000718,17,423,-406
122000719,2,35,-33
122000720,182,19,163
122000724,58,0,58
122900001,0,0,0
122900002,46,289,-243
122900003,11,0,11
122900004,0,0,0
122900005,0,0,0
122900006,0,0,0
122900007,0,0,0
122900008,0,0,0
122900009,0,0,0
122900010,11,8,3
122900012,5,27,-22
122900014,0,0,0
122900015,129,24,105
122900016,0,0,0
122900017,1,1,0
122900018,0,0,0
122900019,0,0,0
122900020,0,0,0
122900021,0,0,0
122900022,0,0,0
122900023,0,0,0
122900024,0,0,0
122900025,0,0,0
122900026,0,0,0
122900027,1,94,-93
122900028,0,0,0
122900029,0,0,0
122900030,0,0,0
122900031,1,22,-21
122900032,0,0,0
122900033,4,46,-42
122900034,74,82,-8
122900035,4,0,4
122900036,0,0,0
122900037,0,0,0
122900038,18,114,-96
122900039,0,9,-9
122900040,5,13,-8
122900041,6,40,-34
122900042,6,27,-21
122900043,12,48,-36
122900044,2,23,-21
122900045,0,34,-34
122900046,3,17,-14
122900047,1,0,1
122900048,0,0,0
122900049,0,0,0
122900051,0,0,0
122900052,17,0,17
122900053,0,2,-2
122900055,2,0,2
122900057,6,0,6
122900061,0,0,0
122900062,0,0,0
122900063,0,0,0
122900064,0,0,0
122900065,0,0,0
122900066,0,0,0
122900067,5,1,4
122900068,0,0,0
122900069,0,0,0
122900070,103,2,101
122900071,0,0,0
122900072,10,0,10
122900073,2,0,2
122900074,273,3,270
122900075,0,0,0
122900076,0,0,0
122900077,0,0,0
122900078,73,0,73
122900080,0,0,0
122900081,4,0,4
122900082,240,1,239
122900083,0,0,0
122900084,2,0,2
122900086,0,0,0
122900087,37,0,37
122900088,0,6,-6
122900089,0,0,0
122900090,0,0,0
122900091,0,0,0
122900092,0,0,0
122900093,0,0,0
122900094,0,0,0
122900095,0,0,0
122900096,17,0,17
122900097,0,0,0
122900098,0,0,0
122900099,0,0,0
122900100,0,0,0
122900101,0,0,0
122900102,0,0,0
122900103,0,0,0
122900104,0,0,0
122900105,0,0,0
122900106,0,0,0
122900107,0,0,0
122900108,0,0,0
123000001,426,132,294
123000002,513,2322,-1809
123000003,1139,1118,21
123000004,832,1149,-317
123000005,1179,881,298
123000006,717,1051,-334
123000007,930,620,310
123000008,300,455,-155
123000009,1623,1519,104
123000010,523,398,125
123000011,756,812,-56
123000012,21,110,-89
123000013,764,339,425
123000014,16,240,-224
123000015,899,459,440
123000016,62,163,-101
123000017,3915,1962,1953
123000018,131,73,58
123000019,134,4,130
123000020,93,1,92
123000021,94,72,22
123000022,692,164,528
123000023,1411,1025,386
123000024,499,314,185
123000025,28,81,-53
123000026,1,86,-85
123000027,5,244,-239
123000028,157,2068,-1911
123000029,6,289,-283
123000030,5,30,-25
123000031,269,47,222
123000032,344,88,256
123000033,22,43,-21
123000034,443,373,70
123000035,57,258,-201
123000036,73,534,-461
123000037,4,24,-20
123000038,3,157,-154
123000039,282,969,-687
123000040,31,23,8
123000041,124,595,-471
123000042,17,93,-76
123000043,742,3490,-2748
123000044,696,508,188
123000045,192,124,68
123000046,77,339,-262
123000047,223,85,138
123000048,9,838,-829
123000049,2894,2278,616
123000050,344,419,-75
123000051,6,27,-21
123000052,235,564,-329
123000053,849,882,-33
123000054,237,1045,-808
123000055,1259,1972,-713
123000056,121,330,-209
123000057,522,708,-186
123000058,66,200,-134
123000059,35,97,-62
123000060,198,115,83
123000061,22,113,-91
123000063,135,170,-35
123000064,219,42,177
123000065,445,491,-46
123000066,128,151,-23
123000067,261,189,72
123000068,428,342,86
123000069,911,230,681
123000070,69,64,5
123000071,412,260,152
123000072,66,28,38
123000073,547,223,324
123000074,249,16,233
123000075,140,439,-299
123000076,84,150,-66
123000077,400,204,196
123000078,816,426,390
123000079,934,454,480
123000080,413,91,322
123000081,4,1,3
123000082,60,127,-67
123000083,196,37,159
123000084,155,24,131
123000085,102,35,67
123000086,174,81,93
123000087,38,59,-21
123000088,522,95,427
123000089,285,273,12
123000090,0,0,0
123000091,353,262,91
123000092,0,0,0
123000094,108,4,104
123000095,191,151,40
123000096,237,54,183
123000097,210,80,130
123000098,145,67,78
123000099,181,98,83
123000100,57,405,-348
123000101,89,23,66
123000102,415,502,-87
123000104,99,120,-21
123000105,8,8,0
123000106,82,114,-32
123000107,5,4,1
123000108,208,32,176
123000111,146,41,105
123000112,175,130,45
123000113,165,53,112
123000114,87,153,-66
123000115,32,104,-72
123000116,1,33,-32
123000117,498,410,88
123000118,124,118,6
123000119,33,109,-76
123000120,77,125,-48
123000121,189,248,-59
123000122,0,0,0
123000123,380,141,239
123000124,0,0,0
123000125,455,484,-29
123000126,409,1360,-951
123000127,40,158,-118
123000128,0,0,0
123000129,306,32,274
123000130,339,13,326
123000131,485,165,320
123000132,0,0,0
123000133,0,0,0
123000134,50,30,20
123000135,317,170,147
123000136,0,2,-2
123000137,0,0,0
123000138,0,0,0
123000139,186,16,170
123000140,0,0,0
123000141,80,33,47
123000142,158,45,113
123000143,77,161,-84
123000144,0,1,-1
123000145,23,218,-195
123000146,17,69,-52
123000147,0,35,-35
123000149,57,121,-64
123000150,12,23,-11
123000151,38,183,-145
123000152,0,29,-29
123000153,5,261,-256
123000154,194,442,-248
123000155,136,340,-204
123000156,0,8,-8
123000157,52,115,-63
123000158,111,204,-93
123000159,433,1326,-893
123000160,254,449,-195
123000161,425,163,262
123000162,491,563,-72
123000163,399,49,350
123000164,818,25,793
123000165,34,223,-189
123000166,0,11,-11
123000167,70,17,53
123000168,73,25,48
123000169,324,49,275
123000170,22,0,22
123000171,281,1,280
123000172,0,20,-20
123000173,213,40,173
123000174,157,91,66
123000175,43,37,6
123000176,216,36,180
123000177,54,48,6
123000178,269,45,224
123000179,0,55,-55
123000180,508,143,365
123000181,103,185,-82
123000182,69,85,-16
123000183,90,71,19
123000184,42,21,21
123000185,322,228,94
123000186,0,0,0
123000187,304,5,299
123000188,129,1,128
123000189,121,74,47
123000190,82,48,34
123000192,0,43,-43
123000193,1,151,-150
123000194,32,45,-13
123000195,156,3,153
123000196,241,2,239
123000197,26,7,19
123000198,1,99,-98
123000199,0,61,-61
123000200,459,4,455
123000201,567,5,562
123000202,1,32,-31
123000203,581,19,562
123000204,30,90,-60
123000205,8,123,-115
123000206,1361,109,1252
123000207,8,129,-121
123000208,304,27,277
123000209,889,96,793
123000210,12,211,-199
123000211,89,332,-243
123000212,2083,122,1961
123000213,188,13,175
123000215,36,137,-101
123000216,33,287,-254
123000217,101,5,96
123000218,3,13,-10
123000219,200,57,143
123000220,155,11,144
123000221,28,8,20
123000222,123,106,17
123000223,241,72,169
123000224,159,39,120
123000225,120,2,118
123000226,78,1,77
123000227,25,5,20
123000228,103,17,86
123000229,103,71,32
123000232,4,23,-19
123000233,227,34,193
123000234,8,13,-5
123000235,190,63,127
123000236,15,44,-29
123000237,188,30,158
123000238,0,5,-5
123000239,77,96,-19
123000240,25,212,-187
123000241,99,70,29
123000242,3,66,-63
123000243,51,87,-36
123000244,100,47,53
123000245,0,0,0
123000249,0,0,0
123000252,308,59,249
123000253,324,241,83
123000254,89,115,-26
123000255,109,150,-41
123000256,0,1,-1
123000257,280,230,50
123000258,239,95,144
123000259,113,133,-20
123000260,262,115,147
123000261,104,49,55
123000262,3,11,-8
123000263,159,36,123
123000264,99,10,89
123000265,1,7,-6
123000266,135,139,-4
123000267,92,71,21
123000268,4,17,-13
123000269,11,61,-50
123000270,27,59,-32
123000271,14,4,10
123000272,288,62,226
123000273,88,543,-455
123000274,479,306,173
123000275,41,65,-24
123000278,183,632,-449
123000279,11,24,-13
123000280,105,53,52
123000281,76,48,28
123000282,41,203,-162
123000283,90,36,54
123000284,8,32,-24
123000286,53,312,-259
123000287,83,136,-53
123000288,268,455,-187
123000289,57,339,-282
123000291,32,19,13
123000294,62,331,-269
123000295,262,960,-698
123000296,567,799,-232
123000297,163,97,66
123000298,162,39,123
123000299,18,183,-165
123000300,435,152,283
123000301,51,51,0
123000302,153,15,138
123000303,6,538,-532
123000305,87,269,-182
123000306,36,7,29
123000309,22,13,9
123000310,22,7,15
123000311,1,0,1
123000312,77,145,-68
123000313,209,99,110
123000315,287,41,246
123000316,442,16,426
123000317,75,39,36
123000318,0,40,-40
123000329,3,4,-1
123000337,140,114,26
123000338,323,179,144
123000339,36,6,30
123000340,13,49,-36
123000342,0,23,-23
123000343,16,0,16
123000344,173,56,117
123000345,65,99,-34
123000346,350,35,315
123000352,70,119,-49
123000353,33,8,25
123000354,524,4,520
123000355,0,107,-107
123000356,62,1,61
123000357,0,9,-9
123000359,0,5,-5
123000360,97,120,-23
123000361,69,11,58
123000362,98,10,88
123000363,19,0,19
123000364,86,102,-16
123000365,0,33,-33
123000366,46,356,-310
123000367,21,133,-112
123000370,0,3,-3
123000371,103,3,100
123000372,36,2,34
123000373,0,3,-3
123000374,0,0,0
123000375,228,26,202
123000376,349,362,-13
123000377,202,0,202
123000378,2,5,-3
123000379,0,42,-42
123000380,0,0,0
123000381,0,27,-27
123000382,105,40,65
123000383,0,0,0
123000384,96,25,71
123000385,0,0,0
123000436,7,369,-362
123000507,8,105,-97
123000508,103,962,-859
123000517,44,2,42
123000518,2,76,-74
123000519,18,7,11
123000520,9,59,-50
123000521,51,17,34
123000522,69,77,-8
123000541,28,6,22
123000542,0,0,0
123000565,229,9,220
123000566,120,22,98
123000567,49,34,15
123000573,0,9,-9
123000574,216,5,211
123000575,471,1,470
123000576,91,0,91
123000577,0,0,0
123000578,146,40,106
123000579,522,1803,-1281
123000580,46,24,22
123000582,159,1,158
123000583,18,8,10
123000584,88,66,22
123000585,0,0,0
123000586,40,19,21
123000596,54,35,19
123000597,135,140,-5
123000602,32,3,29
123000603,357,41,316
123000604,139,46,93
123000605,188,53,135
123000606,0,0,0
123000609,10,45,-35
123000610,14,53,-39
123000613,7,22,-15
123000614,190,7,183
123000615,0,3,-3
123000616,204,25,179
123000617,0,0,0
123000618,0,0,0
123000619,87,0,87
123000620,0,0,0
123000622,65,1,64
123000624,51,21,30
123000630,883,203,680
123000631,56,66,-10
123000632,227,31,196
123000633,0,50,-50
123000634,3,59,-56
123000635,0,0,0
123000636,20,78,-58
123000637,8,2,6
123000638,101,132,-31
123000639,309,1229,-920
123000640,8,0,8
123000648,115,33,82
123000649,1,30,-29
123900001,0,0,0
123900002,0,0,0
123900003,0,0,0
123900005,1,0,1
123900006,0,0,0
124000001,498,100,398
124000002,0,262,-262
124000003,514,61,453
124000004,0,85,-85
124000005,458,307,151
124000006,1,38,-37
124000007,36,27,9
124000008,0,25,-25
124000009,378,42,336
124000010,16,44,-28
124000011,312,95,217
124000012,10,43,-33
124000017,33,21,12
124000018,0,0,0
124000019,85,23,62
124000020,0,0,0
124000021,41,30,11
124000022,0,0,0
124000023,376,803,-427
124000024,158,118,40
124000025,366,559,-193
124000026,375,752,-377
124000027,2345,1035,1310
124000028,139,3025,-2886
124000030,629,88,541
124000031,369,2007,-1638
124000032,1,24,-23
124000033,240,330,-90
124000034,27,80,-53
124000035,68,29,39
124000036,0,46,-46
124000037,56,172,-116
124000038,0,3,-3
124000039,71,12,59
124000040,46,77,-31
124000041,190,14,176
124000042,0,46,-46
124000043,65,15,50
124000044,4,11,-7
124000045,338,66,272
124000046,0,0,0
124000047,385,70,315
124000048,0,0,0
124000049,801,92,709
124000050,0,0,0
124000051,517,86,431
124000052,0,0,0
124000053,408,616,-208
124000054,0,0,0
124000055,723,673,50
124000056,4,0,4
124000057,646,203,443
124000058,3,2,1
124000059,469,626,-157
124000060,42,19,23
124000061,556,1423,-867
124000062,165,62,103
124000063,259,61,198
124000064,237,70,167
124000065,0,0,0
124000066,5,13,-8
124000067,8,21,-13
124000068,0,0,0
124000069,122,8,114
124000070,0,0,0
124000071,45,12,33
124000072,0,0,0
124000073,281,3,278
124000074,0,0,0
124000075,217,38,179
124000076,0,0,0
124000077,36,78,-42
124000078,285,253,32
124000079,0,88,-88
124000080,142,60,82
124000081,0,0,0
124000082,6,72,-66
124000083,0,0,0
124000084,20,217,-197
124000085,16,0,16
124000086,30,106,-76
124000087,29,38,-9
124000088,42,47,-5
124000089,173,6,167
124000090,10,10,0
124000091,193,10,183
124000092,120,87,33
124000093,34,27,7
124000094,30,53,-23
124000095,28,39,-11
124000096,7,23,-16
124000097,77,3,74
124000098,87,3,84
124000099,39,4,35
124000100,0,25,-25
124000101,94,30,64
124000102,34,48,-14
124000103,162,79,83
124000104,71,1,70
124000105,193,35,158
124000106,48,14,34
124000107,8,214,-206
124000108,0,5,-5
124000109,53,11,42
124000110,75,27,48
124000111,64,44,20
124000112,169,158,11
124000113,27,30,-3
124000114,88,150,-62
124000115,170,233,-63
124000116,41,32,9
124000117,22,42,-20
124000118,10,11,-1
124000119,230,52,178
124000120,237,68,169
124000121,531,167,364
124000122,32,158,-126
124000123,353,63,290
124000124,192,148,44
124000125,202,99,103
124000126,49,77,-28
124000127,708,65,643
124000128,204,94,110
124000129,826,473,353
124000130,123,19,104
124000131,264,203,61
124000132,199,38,161
124000133,414,208,206
124000134,186,296,-110
124000135,422,507,-85
124000136,60,172,-112
124000137,196,172,24
124000138,48,74,-26
124000139,120,2,118
124000140,32,106,-74
124000141,125,1,124
124000142,7,61,-54
124000143,4,2,2
124000144,0,5,-5
124000145,35,17,18
124000146,7,4,3
124000148,3,10,-7
124000149,237,101,136
124000150,48,44,4
124000151,127,74,53
124000152,49,65,-16
124000153,186,256,-70
124000154,15,17,-2
124000155,380,143,237
124000156,37,27,10
124000169,29,126,-97
124000170,50,95,-45
124000171,60,108,-48
124000172,99,39,60
124000173,143,32,111
124000174,120,62,58
124000175,0,0,0
124000176,7,35,-28
124000177,0,0,0
124000178,1,107,-106
124000190,1,16,-15
124000191,0,44,-44
124000192,283,232,51
124000193,8,136,-128
124000194,56,33,23
124000195,157,227,-70
124000196,130,91,39
124000197,43,17,26
124000198,70,12,58
124000201,10,0,10
124000202,227,25,202
124000203,25,0,25
124000204,395,18,377
124000205,57,0,57
124000206,674,193,481
124000207,0,0,0
124000209,157,5,152
124000210,400,103,297
124000211,457,0,457
124000212,0,0,0
124000213,49,0,49
124000214,177,7,170
124000215,277,15,262
124000216,0,0,0
124000329,0,51,-51
124000338,0,167,-167
124000339,486,11,475
124000341,425,4,421
124000344,40,36,4
124000357,754,998,-244
124000358,632,844,-212
124000359,843,245,598
124000360,321,223,98
124000361,1041,599,442
124000362,192,246,-54
124000363,0,0,0
124000364,1,0,1
124000365,8,85,-77
124000366,4,137,-133
124000367,16,12,4
124000368,74,190,-116
124000369,30,53,-23
124000370,1,64,-63
124000402,1,1,0
124000403,31,5,26
124000404,0,7,-7
124000405,606,119,487
124000406,134,101,33
124000407,0,15,-15
124000411,0,41,-41
124000412,88,0,88
124000413,2,19,-17
124000414,131,62,69
124000415,76,55,21
124000416,89,65,24
124000417,109,85,24
124000418,202,18,184
124000419,60,35,25
124000420,109,17,92
124000421,64,17,47
124000422,6,27,-21
124000423,38,19,19
124000424,0,3,-3
124000425,25,18,7
124000426,0,2,-2
124000427,74,0,74
124000428,0,15,-15
124000429,41,17,24
124000430,57,99,-42
124000431,27,55,-28
124000432,97,273,-176
124000439,6,1,5
124000443,0,0,0
124000445,7,281,-274
124000446,6,32,-26
124000447,0,0,0
124900001,0,0,0
124900002,0,0,0
124900003,0,0,0
124900004,0,0,0
124900005,0,0,0
124900006,0,0,0
124900008,0,0,0
124900009,0,0,0
124900010,0,0,0
124900011,0,0,0
124900012,0,0,0
124900013,0,0,0
124900014,0,0,0
124900015,3,32,-29
124900016,19,3,16
124900017,0,14,-14
124900018,1,0,1
124900020,15,0,15
124900021,69,9,60
124900022,13,0,13
124900024,72,0,72
124900026,4,0,4
124900027,0,0,0
124900028,0,0,0
124900029,0,0,0
124900030,0,0,0
124900031,0,0,0
124900032,0,0,0
124900033,0,0,0
124900034,0,0,0
124900035,0,0,0
124900036,0,0,0
124900037,0,0,0
124900038,0,0,0
124900039,0,0,0
124900040,0,0,0
124900041,0,0,0
124900042,0,0,0
124900043,0,0,0
124900044,0,0,0
124900045,0,0,0
124900047,0,0,0
124900048,0,0,0
124900050,0,0,0
124900052,0,0,0
124900053,0,0,0
124900054,0,0,0
124900055,0,0,0
124900057,0,0,0
124900060,0,0,0
124900061,4,0,4
124900062,3,1,2
124900066,0,0,0
124900067,0,0,0
124900068,0,0,0
124900070,0,0,0
124900072,0,0,0
124900075,0,0,0
124900076,0,0,0
124900077,0,0,0
124900078,0,0,0
124900079,0,0,0
124900080,0,0,0
124900081,0,0,0
124900082,0,0,0
124900083,0,0,0
124900085,0,0,0
124900086,0,0,0
124900087,0,0,0
124900088,0,0,0
124900089,0,0,0
124900090,57,1,56
124900091,0,0,0
124900092,0,0,0
124900093,47,0,47
124900094,55,1,54
124900095,0,35,-35
124900096,18,1,17
124900097,66,3,63
124900098,0,0,0
124900099,0,0,0
124900100,30,0,30
124900101,6,0,6
124900102,62,0,62
124900103,0,0,0
124900104,0,0,0
124900105,0,0,0
124900106,18,0,18
124900107,1,0,1
124900108,0,0,0
124900111,0,0,0
124900112,0,0,0
124900113,0,0,0
124900114,0,0,0
124900115,0,0,0
124900116,39,34,5
124900117,0,0,0
124900118,4,67,-63
124900119,0,0,0
124900120,0,0,0
124900121,0,0,0
124900122,0,0,0
124900123,0,0,0
124900124,0,0,0
204000001,42,6,36
204000002,0,22,-22
204000003,7,4,3
204000004,9,2,7
204000005,361,409,-48
204000006,1049,1413,-364
204000011,0,0,0
204000012,0,0,0
204000019,942,276,666
204000020,335,374,-39
204000021,340,311,29
204000022,678,253,425
204000023,0,0,0
204000031,25,7,18
204000032,97,3,94
204000034,1,1,0
204000035,0,0,0
204000036,0,0,0
204000037,0,0,0
204000038,0,0,0
204000039,0,0,0
204000040,0,0,0
204000041,0,0,0
204000042,12,2,10
204000043,2,12,-10
204000044,23,0,23
204000045,7,5,2
204000046,0,0,0
204000057,0,0,0
204000062,0,0,0
204000068,0,0,0
204000069,0,0,0
204000070,42,42,0
204000080,0,0,0
204000085,0,0,0
204000086,0,0,0
204000087,36,1,35
204000088,0,0,0
204000090,7,4,3
204000093,632,4,628
204000096,715,301,414
204000097,127,3,124
204000099,1273,1565,-292
204000100,1245,648,597
204000105,0,0,0
204000110,0,0,0
204000111,0,0,0
204000112,0,0,0
204000113,0,0,0
204000114,342,508,-166
204000115,226,103,123
204000116,102,251,-149
204000119,1402,627,775
204000132,539,236,303
204000133,814,29,785
204000134,143,24,119
204000135,608,28,580
204000136,277,109,168
204000138,84,553,-469
204000140,105,145,-40
204000141,135,27,108
204000144,0,4,-4
204000145,100,2,98
204000146,0,0,0
204000147,4,0,4
204000148,70,2,68
204000154,0,2,-2
204000155,0,0,0
204000177,83,4,79
204000179,2,0,2
204000180,0,2,-2
204000222,0,0,0
204000235,0,0,0
204000236,7,14,-7
204000238,31,4,27
204000240,80,0,80
204000263,0,0,0
204000268,528,186,342
204000308,5,5,0
204000317,0,0,0
204000322,0,0,0
204000323,17,2,15
204000328,225,20,205
204000329,5,4,1
204000330,35,1,34
204000331,7,2,5
205000001,0,0,0
205000013,0,0,0
205000014,0,0,0
205000015,0,0,0
205000016,0,0,0
205000017,0,0,0
205000022,0,0,0
205000025,0,0,0
205000029,113,42,71
205000045,0,0,0
205000046,0,0,0
205000047,0,0,0
205000048,0,0,0
205000049,0,0,0
205000050,0,0,0
205000059,0,0,0
205000060,0,0,0
205000061,0,0,0
205000062,0,0,0
205000063,0,0,0
205000064,0,0,0
205000065,0,0,0
205000066,0,0,0
205000067,0,0,0
205000069,78,24,54
205000082,88,106,-18
205000110,0,0,0
205000111,0,0,0
205000112,60,121,-61
205000113,0,0,0
205000121,122,26,96
205000123,0,0,0
205000126,519,87,432
205000127,689,66,623
205000128,346,38,308
205000129,568,41,527
205000130,328,13,315
205000131,24,7,17
205000132,52,9,43
205000133,18,0,18
205000134,168,0,168
205000137,0,0,0
205000138,0,0,0
205000139,0,0,0
205000144,38,45,-7
205000145,178,49,129
205000151,57,26,31
205000152,70,10,60
205000153,92,14,78
205000154,37,22,15
205000155,89,10,79
205000207,0,0,0
205000233,11,0,11
205000234,0,0,0
205000243,0,0,0
205000244,0,0,0
205000245,0,0,0
205000249,0,0,0
205000250,4,0,4
205000264,0,0,0
206000027,19,15,4
206000028,4,4,0
206000043,6,37,-31
206000053,0,0,0
206000054,0,0,0
206000055,0,0,0
206000075,0,15,-15
206000076,23,9,14
206000077,2,3,-1
206000078,1,1,0
206000079,5,1,4
206000082,122,36,86
206000100,3,170,-167
206000103,0,0,0
206000104,0,0,0
206000105,0,0,0
206000106,0,0,0
206000125,114,0,114
206000157,0,0,0
206000170,0,0,0
206000171,0,12,-12
206000172,0,4,-4
206000173,1,7,-6
206000174,0,2,-2
206000175,0,11,-11
206000176,0,4,-4
206000177,0,2,-2
206000178,0,9,-9
206000179,0,9,-9
206000180,8,5,3
206000181,5,11,-6
206000182,6,26,-20
206000183,14,60,-46
206000184,0,5,-5
206000185,0,2,-2
206000186,0,24,-24
206000223,0,1,-1
206000226,33,0,33
206000227,3,3,0
206000237,0,16,-16
206000238,0,7,-7
206000239,2,105,-103
206000240,0,0,0
206000241,0,48,-48
206000242,0,0,0
206000243,0,2,-2
206000244,0,8,-8
206000245,439,25,414
206000246,151,26,125
206000247,143,8,135
206000248,166,13,153
206000252,3,19,-16
206000258,0,0,0
206000315,10,3,7
206000317,365,66,299
206000318,178,7,171
206000319,651,16,635
206000320,149,8,141
206000321,191,5,186
206000322,194,4,190
206000323,82,15,67
206000324,116,5,111
206000325,45,2,43
206000326,56,11,45
206000327,4,65,-61
206000328,78,5,73
206000329,261,0,261
206000330,13,0,13
206000331,132,1,131
206000332,13,0,13
206000333,492,1,491
206000334,165,2,163
206000335,0,0,0
206000361,0,0,0
206000392,0,0,0
206000405,57,0,57
206000441,17,28,-11
206000498,18,0,18
206000515,26,12,14
206000530,100,86,14
206000531,114,98,16
206000532,199,91,108
206000535,4,128,-124
206000536,1,14,-13
206000537,0,10,-10
206000613,379,41,338
206000784,199,57,142
207000001,0,0,0
207000002,0,0,0
207000003,0,0,0
207000007,961,163,798
207000008,106,3,103
207000009,25,4,21
207000010,39,234,-195
207000012,312,60,252
207000015,63,227,-164
207000019,170,39,131
207000021,181,178,3
207000022,160,124,36
207000023,86,46,40
207000024,0,5,-5
207000025,2,23,-21
207000026,0,0,0
207000027,0,0,0
207000028,0,0,0
207000029,0,0,0
207000033,158,237,-79
207000034,79,37,42
207000039,385,83,302
207000040,309,13,296
207000041,91,1,90
207000042,249,9,240
207000043,140,137,3
207000051,0,0,0
207000052,0,0,0
207000053,0,0,0
207000054,0,0,0
207000055,0,0,0
207000056,0,0,0
207000057,0,0,0
207000058,0,0,0
207000059,0,0,0
207000060,0,0,0
207000061,76,1076,-1000
207000062,374,20,354
207000063,345,24,321
207000064,264,19,245
207000065,176,41,135
207000066,222,69,153
207000067,69,7,62
207000068,102,5,97
207000069,437,196,241
207000082,3,144,-141
207000083,26,146,-120
207000084,348,94,254
207000085,209,58,151
207000086,258,10,248
207000106,53,7,46
207000107,110,2,108
207000108,76,6,70
207000109,44,15,29
207000110,77,5,72
207000111,85,42,43
207000112,98,182,-84
207000114,0,0,0
207000115,0,0,0
207000116,0,0,0
207000117,0,0,0
207000118,0,0,0
207000119,0,0,0
207000123,119,2,117
207000124,95,24,71
207000125,37,3,34
207000126,40,3,37
207000134,154,76,78
207000135,15,366,-351
207000148,81,136,-55
207000149,0,0,0
207000152,0,0,0
207000153,0,0,0
207000154,222,68,154
207000159,0,0,0
207000160,0,0,0
207000238,0,0,0
207000242,0,0,0
207000248,0,0,0
207000249,0,0,0
207000250,0,0,0
207000251,0,0,0
207000252,0,0,0
207000278,90,110,-20
207000279,0,0,0
207000280,720,29,691
207000281,22,104,-82
207000282,4,191,-187
207000283,1,25,-24
207000284,24,323,-299
207000285,1,40,-39
207000291,0,0,0
207000304,96,12,84
207000306,0,0,0
207000310,77,49,28
207000353,58,3,55
207000356,0,0,0
207000357,1,76,-75
207000358,0,12,-12
207000415,0,0,0
207000417,5,0,5
207000418,46,24,22
207000438,0,0,0
207000439,272,85,187
207000446,65,3,62
207000460,31,2,29
207000466,0,0,0
207000467,127,30,97
207000468,0,0,0
207000476,8,3,5
207000477,182,20,162
207000478,0,0,0
207000523,0,0,0
207000524,13,0,13
207000527,117,59,58
207000530,255,4,251
207000531,104,0,104
207000532,9,3,6
207000534,98,61,37
207000535,0,0,0
207000537,0,0,0
207000540,0,0,0
207000541,0,0,0
207000548,0,0,0
207000549,43,1,42
207000561,146,32,114
207000562,0,0,0
207000567,0,0,0
207000568,21,2,19
207000569,218,9,209
207000584,0,0,0
207000585,1,8,-7
207000587,167,0,167
207000616,0,0,0
207000617,106,0,106
207000624,2,3,-1
207000631,1,11,-10
207900008,340,71,269
208000001,336,486,-150
208000002,297,486,-189
208000003,553,448,105
208000004,395,282,113
208000005,0,0,0
208000019,500,174,326
208000020,198,165,33
208000021,20,64,-44
208000022,148,51,97
208000028,84,672,-588
208000033,51,38,13
208000034,90,298,-208
208000037,84,3,81
208000040,80,45,35
208000041,101,211,-110
208000042,294,203,91
208000047,0,0,0
208000064,786,801,-15
208000066,580,1059,-479
208000070,191,231,-40
208000071,345,148,197
208000072,442,254,188
208000080,134,132,2
208000081,159,29,130
208000082,6,1,5
208000083,7,2,5
208000084,7,50,-43
208000085,31,4,27
208000086,19,7,12
208000087,60,158,-98
208000089,0,0,0
208000090,0,0,0
208000093,0,0,0
208000094,38,111,-73
208000095,213,108,105
208000104,1017,245,772
208000105,505,357,148
208000114,35,419,-384
208000115,171,375,-204
208000116,406,813,-407
208000117,3,77,-74
208000118,39,143,-104
208000155,68,103,-35
208000158,63,179,-116
208000186,505,992,-487
208000204,58,90,-32
208000205,127,64,63
208000282,31,93,-62
209000004,96,60,36
209000005,29,37,-8
209000006,275,42,233
209000007,147,163,-16
209000010,0,0,0
209000011,0,0,0
209000012,0,0,0
209000013,0,0,0
209000014,0,0,0
209000025,226,19,207
209000026,459,43,416
209000027,0,0,0
209000028,0,0,0
209000029,0,0,0
209000030,0,0,0
209000031,0,0,0
209000034,117,232,-115
209000035,181,190,-9
209000036,473,54,419
209000037,445,118,327
209000038,279,40,239
209000039,114,56,58
209000040,236,20,216
209000041,49,15,34
209000042,46,39,7
209000043,133,115,18
209000044,184,155,29
209000045,417,65,352
209000046,255,72,183
209000047,331,11,320
209000048,877,212,665
209000049,0,0,0
209000050,0,0,0
209000051,0,0,0
209000052,0,0,0
209000062,0,0,0
209000063,0,0,0
209000064,0,0,0
209000065,186,16,170
209000066,108,33,75
209000067,122,30,92
209000080,0,0,0
209000082,17,11,6
209000091,0,0,0
209000093,0,0,0
209000094,0,0,0
209000110,16,82,-66
209000111,139,419,-280
209000112,510,117,393
209000113,462,113,349
209000114,226,146,80
209000115,0,0,0
209000116,0,0,0
209000118,6,73,-67
209000119,0,0,0
209000121,0,0,0
209000135,26,23,3
209000142,470,288,182
209000143,0,0,0
209000144,11,128,-117
209000229,195,23,172
209000240,0,0,0
209000259,0,0,0
209000260,0,0,0
209000261,0,0,0
209000262,0,0,0
209000263,0,0,0
209000264,0,0,0
209000265,129,2,127
209000266,26,0,26
209000267,672,0,672
209000268,483,68,415
210000037,98,6,92
210000047,34,11,23
210000048,15,13,2
210000049,21,2,19
210000052,0,0,0
210000053,0,0,0
210000054,0,0,0
210000070,99,0,99
210000071,110,0,110
210000072,11,0,11
210000073,0,0,0
210000074,0,0,0
210000075,0,0,0
210000076,0,0,0
210000077,0,0,0
210000078,0,0,0
210000079,26,4,22
210000080,20,62,-42
210000081,42,2,40
210000082,6,0,6
210000083,28,0,28
210000084,90,0,90
210000085,0,0,0
210000086,0,0,0
210000099,0,0,0
210000100,0,0,0
210000101,0,0,0
210000105,0,0,0
210000159,0,0,0
210000163,0,0,0
210000164,168,76,92
210000168,48,14,34
210000187,0,0,0
210000188,0,0,0
210000214,3,0,3
210000219,22,26,-4
210000220,65,29,36
210000232,0,0,0
210000233,0,0,0
210000234,0,0,0
210000235,0,0,0
210000245,0,0,0
210000246,16,0,16
210000258,0,0,0
210000259,124,6,118
210000282,0,0,0
210000285,0,0,0
210000286,0,0,0
210000290,1,4,-3
210000295,0,0,0
210000296,0,0,0
210000320,145,14,131
210000321,47,4,43
210000338,0,0,0
210000339,0,0,0
210000340,0,0,0
210000341,0,0,0
210000342,0,0,0
210000343,0,0,0
210000344,0,0,0
210000345,0,0,0
210000346,0,0,0
210000347,0,0,0
210000348,0,0,0
210000349,0,0,0
210000350,0,0,0
210000351,0,0,0
210000352,45,7,38
210000353,44,15,29
210000354,37,12,25
210000355,3,43,-40
210000356,9,60,-51
210000357,108,96,12
210000358,52,109,-57
210000359,21,80,-59
210000360,127,42,85
210000361,113,65,48
210000362,150,58,92
210000363,385,94,291
210000364,124,61,63
210000365,151,15,136
210000366,153,16,137
210000367,37,1,36
210000368,75,16,59
210000369,14,29,-15
210000370,24,11,13
210000372,1,4,-3
210000373,5,29,-24
210000374,26,8,18
210000375,29,13,16
210000376,47,42,5
210000404,0,0,0
210000439,70,14,56
210000472,28,2,26
210000482,59,34,25
210000564,258,59,199
210000567,0,25,-25
210000568,157,0,157
211000092,42,9,33
211000094,8,0,8
211000169,71,0,71
211000172,17,60,-43
211000209,0,1,-1
211000226,26,0,26
211000270,6,13,-7
211000275,1,12,-11
211000276,85,0,85
211000279,1,14,-13
211000281,22,36,-14
211000302,0,0,0
211507980,0,25,-25
211977296,0,0,0
212000003,181,15,166
212000004,0,0,0
212000005,0,0,0
212000006,0,0,0
212000008,0,0,0
212000009,0,0,0
212000012,0,0,0
212000013,0,0,0
212000014,0,0,0
212000015,0,0,0
212000016,0,0,0
212000027,619,108,511
212000028,154,196,-42
212000029,124,206,-82
212000030,40,30,10
212000031,17,22,-5
212000048,0,0,0
212000049,0,0,0
212000050,0,0,0
212000051,0,0,0
212000052,0,0,0
212000053,0,0,0
212000054,452,27,425
212000055,373,77,296
212000056,0,26,-26
212000057,0,27,-27
212000058,15,3,12
212000070,0,0,0
212000077,0,0,0
212000099,236,89,147
212000108,261,89,172
212000111,361,17,344
212000120,0,0,0
212000138,0,0,0
212000156,0,0,0
212000158,3,28,-25
212000159,682,19,663
212000160,709,112,597
212000161,172,93,79
212000310,0,0,0
212000311,16,36,-20
212000374,0,0,0
213000001,1,240,-239
213000005,188,10,178
213000006,229,55,174
213000007,15,6,9
213000009,110,115,-5
213000010,322,35,287
213000011,100,30,70
213000012,0,0,0
213000014,60,11,49
213000015,240,2,238
213000016,174,4,170
213000017,75,0,75
213000018,0,2,-2
213000019,0,5,-5
213000020,12,6,6
213000021,0,10,-10
213000023,499,101,398
213000033,43,150,-107
213000034,345,68,277
213000035,182,198,-16
213000045,34,91,-57
213000046,13,14,-1
213000047,63,632,-569
213000056,61,2,59
213000069,8,0,8
213000073,0,1,-1
213000074,0,32,-32
213000075,320,0,320
213000076,3,0,3
213000085,0,0,0
213000086,0,0,0
213000091,149,0,149
213000092,2,1,1
213000099,0,223,-223
213000100,446,202,244
213000101,283,93,190
213000102,240,75,165
213000103,242,117,125
213000104,6,65,-59
213000105,0,42,-42
213000106,5,5,0
213000107,36,11,25
213000108,3,39,-36
213000109,0,23,-23
213000110,2,27,-25
213000111,0,27,-27
213000112,6,52,-46
213000115,19,0,19
213000116,4,78,-74
213000117,0,65,-65
213000118,548,230,318
213000119,0,3,-3
213000120,0,18,-18
213000122,1,40,-39
213000123,5,99,-94
213000124,10,41,-31
213000125,98,29,69
213000126,2,14,-12
213000127,1,22,-21
213000128,15,122,-107
213000129,92,643,-551
213000130,510,389,121
213000132,277,143,134
213000133,680,42,638
213000134,809,3,806
213000136,434,14,420
213000137,352,10,342
213000139,91,3,88
213000147,36,5,31
213000148,13,0,13
213000149,2,0,2
213000150,0,0,0
213000151,0,0,0
213000152,0,0,0
213000153,0,0,0
213000154,0,0,0
213000155,0,0,0
213000156,0,0,0
213000157,0,0,0
213000158,25,81,-56
213000159,772,59,713
213000163,573,100,473
213000165,346,64,282
213000171,0,0,0
213000172,0,0,0
213000173,0,0,0
213000174,0,0,0
213000175,0,0,0
213000176,81,36,45
213000177,121,1,120
213000178,228,1,227
213000179,162,1,161
213000180,123,0,123
213000184,3,53,-50
213000188,211,18,193
213000189,342,23,319
213000190,183,9,174
213000191,390,2,388
213000192,202,1,201
213000193,0,0,0
213000194,0,0,0
213000195,0,0,0
213000196,0,0,0
213000197,509,239,270
213000198,1,0,1
213000200,57,38,19
213000201,1,20,-19
213000202,0,25,-25
213000203,784,292,492
213000204,644,6,638
213000205,276,20,256
213000206,427,3,424
213000207,7,3,4
213000208,0,0,0
213000209,20,0,20
213000210,57,0,57
213000211,0,0,0
213000212,0,0,0
213000213,0,0,0
213000218,261,249,12
213000219,218,54,164
213000220,191,3,188
213000223,100,85,15
213000224,2,17,-15
213000225,23,2,21
213000226,84,10,74
213000227,645,43,602
213000228,304,28,276
213000229,25,2,23
213000230,172,1,171
213000232,1,299,-298
213000233,0,0,0
213000234,0,0,0
213000293,0,3,-3
213000294,57,5,52
213000295,0,2,-2
213000296,31,8,23
213000297,0,0,0
213000298,0,0,0
213000299,32,14,18
213000300,0,11,-11
213000303,0,0,0
213000304,0,0,0
213000305,1,16,-15
213000306,0,0,0
213000307,14,19,-5
213000308,0,0,0
213000309,49,11,38
213000310,80,40,40
213000311,2,142,-140
213000315,0,0,0
213000316,106,14,92
213000322,16,1,15
213000323,41,1,40
213000324,19,2,17
213000325,2,0,2
213000326,37,4,33
213000327,2,2,0
213000328,0,23,-23
213000329,8,0,8
213000340,0,11,-11
213000341,384,52,332
213000346,35,169,-134
213000347,89,191,-102
213000348,0,3,-3
213000349,0,0,0
213000350,20,148,-128
213000366,20,51,-31
213000367,258,26,232
213000379,0,5,-5
213000386,0,17,-17
213000406,0,27,-27
213000417,636,136,500
213000425,38,0,38
213000426,58,3,55
213000427,25,34,-9
213000428,40,9,31
213000429,0,0,0
213000430,7,13,-6
213000431,0,2,-2
213000432,0,306,-306
213000433,0,14,-14
213000434,11,21,-10
213000435,31,3,28
213000436,2,2,0
213000437,0,0,0
213000438,43,3,40
213000439,0,8,-8
213000440,0,17,-17
213000441,2,2,0
213000442,0,2,-2
213000443,310,191,119
213000444,4,0,4
213000445,0,41,-41
213000446,9,106,-97
213000447,0,21,-21
213000448,2,17,-15
213000449,367,3,364
213000450,0,0,0
213000451,1,2,-1
213000452,0,2,-2
213000453,0,0,0
213000455,18,18,0
213000456,0,0,0
213000481,9,2,7
213000482,18,0,18
213000489,21,7,14
213000491,0,0,0
213000492,10,0,10
213000493,0,0,0
213000494,146,36,110
213000495,0,0,0
213000496,422,65,357
213000497,0,1,-1
213000498,0,4,-4
213000499,10,12,-2
213000500,228,7,221
213000501,58,16,42
213000502,74,16,58
213000503,0,3,-3
213000504,0,1,-1
213000505,6,1,5
213000506,0,0,0
213000507,0,6,-6
213900244,14,0,14
213900245,0,0,0
218000003,0,0,0
218000004,0,0,0
218000005,13,22,-9
218000006,30,6,24
218000007,1,6,-5
218000012,9,47,-38
218000013,12,62,-50
218000014,31,50,-19
218000019,90,26,64
218000020,98,21,77
218000021,0,0,0
218000022,0,0,0
218000023,0,0,0
218000024,0,0,0
218000025,0,0,0
218000026,0,0,0
218000027,0,0,0
218000028,0,0,0
218000029,0,0,0
218000030,0,0,0
218000031,0,0,0
218000032,0,0,0
218000040,3,0,3
218000046,11,15,-4
218000047,0,36,-36
218000048,30,20,10
218000049,19,49,-30
218000050,126,49,77
218000051,13,63,-50
218000052,0,32,-32
218000053,0,1,-1
218000054,18,22,-4
218000055,0,4,-4
218000056,0,10,-10
218000057,0,19,-19
218000064,0,5,-5
218000065,69,7,62
218000066,1,35,-34
218000067,17,60,-43
218000068,19,4,15
218000069,45,6,39
218000070,65,16,49
218000071,58,18,40
218000072,38,35,3
218000078,37,36,1
218000079,111,24,87
218000080,136,27,109
218000081,412,48,364
218000082,103,44,59
218000083,0,0,0
218000084,0,0,0
218000085,0,0,0
218000086,0,0,0
218000087,0,0,0
218000090,3,45,-42
218000091,466,177,289
218000092,84,36,48
218000093,40,13,27
218000094,0,0,0
218000099,116,172,-56
218000100,32,132,-100
218000101,67,36,31
218000102,192,12,180
218000103,3,4,-1
218000104,27,1,26
218000105,0,0,0
218000106,0,0,0
218000107,0,0,0
218000108,0,0,0
218000112,0,0,0
218000117,1,75,-74
218000134,32,53,-21
218000135,1,6,-5
218000136,17,4,13
218000137,11,5,6
218000138,0,0,0
218000139,61,0,61
218000140,247,123,124
218000141,24,3,21
218000142,56,33,23
218000143,39,89,-50
218000144,2,37,-35
218000145,152,45,107
218000146,42,60,-18
218000151,3,13,-10
218000152,74,43,31
218000153,0,4,-4
218000154,2,0,2
218000155,15,2,13
218000156,114,7,107
218000157,37,4,33
218000158,3,0,3
218000159,5,1,4
218000160,11,3,8
218000161,66,0,66
218000162,67,2,65
218000163,35,0,35
218000164,61,0,61
218000165,149,12,137
218000170,0,36,-36
218000171,10,4,6
218000172,2,7,-5
218000173,9,2,7
218000174,4,0,4
218000176,143,4,139
218000177,293,69,224
218000178,127,27,100
218000179,177,1,176
218000180,32,0,32
218000181,211,3,208
218000187,0,0,0
218000188,0,0,0
218000189,0,0,0
218000190,0,0,0
218000191,0,0,0
218000192,0,0,0
218000193,0,0,0
218000194,0,0,0
218000195,110,50,60
218000196,269,39,230
218000197,393,28,365
218000198,67,72,-5
218000199,12,4,8
218000200,18,8,10
218000201,4,0,4
218000202,0,0,0
218000207,0,0,0
218000208,0,0,0
218000211,1,2,-1
218000212,0,0,0
218000213,77,78,-1
218000214,0,26,-26
218000215,12,18,-6
218000217,0,27,-27
218000218,105,176,-71
218000219,1,59,-58
218000220,17,140,-123
218000221,218,174,44
218000222,0,50,-50
218000223,34,242,-208
218000224,12,192,-180
218000225,125,34,91
218000226,131,20,111
218000230,0,0,0
218000232,1,2,-1
218000239,27,0,27
218000240,0,0,0
218000241,2,0,2
218000242,0,0,0
218000243,12,0,12
218000244,1,0,1
218000245,0,1,-1
218000246,0,0,0
218000247,0,0,0
218000248,0,0,0
218000249,0,0,0
218000250,0,0,0
218000251,0,0,0
218000252,0,0,0
218000253,0,0,0
218000254,0,0,0
218000255,0,0,0
218000256,0,1,-1
218000267,0,0,0
218000268,0,0,0
218000269,0,0,0
218000270,0,0,0
218000271,0,0,0
218000273,34,8,26
218000274,39,1,38
218000275,13,22,-9
218000276,8,26,-18
218000278,2,6,-4
218000279,13,5,8
218000280,0,6,-6
218000281,0,5,-5
218000282,55,232,-177
218000284,35,8,27
218000301,0,0,0
218000302,29,1,28
218000303,0,0,0
218000316,664,330,334
218000317,846,252,594
218000318,721,86,635
218000319,20,20,0
218000320,0,0,0
218000338,4,7,-3
218000345,0,0,0
218000346,63,64,-1
218000459,31,53,-22
218000490,0,0,0
218000501,45,24,21
218000502,0,0,0
218000503,43,4,39
218000504,88,7,81
218000505,0,0,0
218000506,0,0,0
218000508,0,0,0
218000510,44,19,25
218000520,114,76,38
218000521,0,3,-3
218000522,0,18,-18
218000523,43,6,37
218000524,0,65,-65
218000525,33,2,31
218000526,0,27,-27
218000529,22,2,20
218000530,4,1,3
218000531,13,6,7
218000532,0,0,0
218000534,88,5,83
218000537,12,25,-13
218000538,26,53,-27
218000540,0,0,0
218000543,25,10,15
218000544,0,0,0
218000545,10,5,5
218000546,0,0,0
218000547,7,31,-24
218000548,0,0,0
218000549,298,21,277
218000550,0,108,-108
218000551,3,66,-63
218000552,81,16,65
218000553,0,0,0
218000554,0,0,0
218000555,41,37,4
218000556,0,0,0
218000557,118,66,52
218000558,31,0,31
218000559,0,15,-15
218000560,0,9,-9
218000561,5,0,5
218000562,0,26,-26
218000563,91,5,86
218000564,0,34,-34
218000565,22,0,22
218000566,35,1,34
218000567,0,36,-36
218000568,0,0,0
218000569,0,57,-57
218000570,3,1,2
218000571,0,25,-25
218000572,28,0,28
218000573,0,34,-34
218000574,2,8,-6
218000575,54,0,54
218000576,0,41,-41
218000577,8,0,8
218000578,0,16,-16
218000579,0,0,0
218000581,0,0,0
218000582,30,0,30
218000583,0,0,0
218000584,0,0,0
218000585,36,0,36
218000586,32,0,32
218000587,0,0,0
218000588,0,0,0
218000589,0,0,0
218000590,0,0,0
218000591,0,0,0
218000592,0,0,0
218000593,0,0,0
218000594,0,0,0
218000597,0,2,-2
218000598,0,0,0
218000599,0,19,-19
218000600,0,0,0
218000601,0,6,-6
218000602,0,0,0
218000603,0,10,-10
218000604,0,0,0
218000605,0,25,-25
218000606,32,1,31
218000607,1,17,-16
218000608,22,1,21
218000609,0,2,-2
218000610,45,0,45
218000611,0,0,0
218000612,0,2,-2
218000613,23,0,23
218000614,0,2,-2
218000615,28,1,27
218000616,3,7,-4
218000617,15,0,15
218000618,0,0,0
218000619,15,2,13
218000620,0,0,0
218000621,0,0,0
218000622,0,20,-20
218000623,20,0,20
218000624,0,16,-16
218000625,0,0,0
218000626,1,14,-13
218000628,51,39,12
218000631,11,0,11
218000632,0,15,-15
218000633,2,0,2
218000634,0,0,0
218000635,1,4,-3
218000636,35,26,9
218000637,357,44,313
218000638,275,20,255
218000639,7,29,-22
218000640,175,2,173
218000641,14,39,-25
218000652,19,27,-8
218000653,126,7,119
218000663,0,2,-2
218000675,1,24,-23
218000676,0,0,0
218000677,1,0,1
218000680,14,16,-2
218000681,221,8,213
218000691,22,6,16
218000693,187,4,183
218000703,0,0,0
218000718,0,29,-29
218000719,8,30,-22
218000720,0,21,-21
218000721,3,3,0
218000725,0,0,0
218001147,0,0,0
218001214,0,0,0
218001258,177,2,175
218001329,32,54,-22
218001330,0,3,-3
218001351,9,30,-21
218001352,0,0,0
218001353,1,2,-1
218001354,1,1,0
218001355,0,0,0
218001356,267,37,230
218001357,0,0,0
218001358,229,1,228
218001361,641,29,612
218001362,0,0,0
219000001,0,0,0
219000002,0,0,0
219000003,12,28,-16
219000004,14,47,-33
219000017,10,54,-44
219000020,96,30,66
219000022,83,0,83
219000023,57,1,56
219000029,0,0,0
219000034,37,40,-3
219000039,0,0,0
219000040,1,23,-22
219000041,139,51,88
219000051,0,0,0
219000052,0,0,0
219000053,0,0,0
219000054,0,0,0
219000055,166,0,166
219000056,0,0,0
219000057,25,0,25
219000062,0,0,0
219000063,57,0,57
219000064,0,0,0
219000110,155,89,66
219000111,72,54,18
219000112,153,20,133
219000113,104,32,72
219000114,89,15,74
219000116,18,15,3
219000117,135,8,127
219000118,7,29,-22
219000123,99,0,99
219000124,5,0,5
219000125,0,0,0
219000126,0,0,0
219000127,0,0,0
219000128,0,0,0
219000129,0,0,0
219000130,0,0,0
219000131,530,906,-376
219000133,2,39,-37
219000134,10,30,-20
219000135,7,9,-2
219000136,17,64,-47
219000138,83,1,82
219000139,9,0,9
219000140,46,2,44
219000141,6,1,5
219000142,12,0,12
219000143,0,0,0
219000145,4,6,-2
219000146,0,0,0
219000147,0,0,0
219000148,0,0,0
219000149,0,0,0
219000150,0,0,0
219000151,0,0,0
219000157,168,51,117
219000158,44,40,4
219000161,44,4,40
219000163,142,255,-113
219000166,34,15,19
219000167,14,12,2
219000168,129,65,64
219000174,215,40,175
219000175,74,18,56
219000176,77,12,65
219000177,44,4,40
219000178,142,0,142
219000179,13,30,-17
219000180,3,4,-1
219000182,63,0,63
219000183,46,4,42
219000184,15,3,12
219000185,0,0,0
219000186,82,2,80
219000187,7,0,7
219000189,0,0,0
219000190,0,0,0
219000191,0,0,0
219000192,157,177,-20
219000193,0,0,0
219000195,0,0,0
219000196,0,0,0
219000198,0,0,0
219000199,0,0,0
219000200,0,0,0
219000201,0,0,0
219000203,0,0,0
219000204,0,0,0
219000205,0,0,0
219000207,0,0,0
219000209,0,0,0
219000210,0,0,0
219000213,0,0,0
219000239,0,0,0
219000240,0,0,0
219000241,0,0,0
219000242,0,0,0
219000243,0,0,0
219000244,0,0,0
219000245,0,0,0
219000246,24,10,14
219000247,160,82,78
219000248,271,171,100
219000249,59,66,-7
219000250,84,40,44
219000251,162,82,80
219000252,300,86,214
219000253,90,33,57
219000255,77,58,19
219000256,139,68,71
219000257,123,0,123
219000262,0,0,0
219000263,0,0,0
219000267,0,0,0
219000268,0,0,0
219000269,3,0,3
219000270,44,0,44
219000271,128,1,127
219000278,0,0,0
219000279,0,0,0
219000283,0,0,0
219000295,0,0,0
219000296,0,0,0
219000297,0,0,0
219000298,0,0,0
219000299,217,9,208
219000300,0,0,0
219000301,0,0,0
219000302,0,0,0
219000307,0,0,0
219000308,5,8,-3
219000311,141,16,125
219000312,274,39,235
219000313,278,6,272
219000314,0,0,0
219000315,263,3,260
219000316,305,36,269
219000317,27,12,15
219000320,0,0,0
219000321,0,0,0
219000323,0,0,0
219000325,0,0,0
219000326,0,0,0
219000327,0,0,0
219000328,0,0,0
219000329,94,69,25
219000330,0,19,-19
219000331,22,17,5
219000332,56,51,5
219000333,30,0,30
219000335,20,0,20
219000337,4,0,4
219000338,19,0,19
219000344,0,0,0
219000345,0,0,0
219000346,0,0,0
219000348,0,0,0
219000349,0,0,0
219000350,0,0,0
219000351,0,0,0
219000352,44,58,-14
219000353,115,64,51
219000354,145,60,85
219000355,72,43,29
219000356,232,665,-433
219000363,68,18,50
219000364,168,19,149
219000365,100,30,70
219000366,80,266,-186
219000368,102,434,-332
219000370,221,543,-322
219000371,0,0,0
219000382,0,7,-7
219000383,0,0,0
219000385,0,0,0
219000386,0,0,0
219000387,0,0,0
219000390,3,5,-2
219000391,2,5,-3
219000397,0,0,0
219000398,24,3,21
219000401,0,0,0
219000402,0,0,0
219000403,0,0,0
219000404,0,0,0
219000407,0,0,0
219000409,51,30,21
219000410,40,6,34
219000411,27,1,26
219000446,0,0,0
219000447,0,0,0
219000448,1,13,-12
219000452,18,32,-14
219000453,0,0,0
219000454,132,309,-177
219000556,160,22,138
219000558,0,0,0
219000590,0,0,0
219000591,51,33,18
219000592,0,0,0
219000595,0,0,0
219000635,160,17,143
219000636,0,0,0
219000657,1,2,-1
219000658,0,0,0
219000673,0,0,0
219000676,18,7,11
219000679,9,0,9
219000684,76,0,76
219000685,0,0,0
219000686,0,0,0
219000688,0,0,0
219000689,0,0,0
219000690,117,6,111
219000691,24,0,24
219000692,31,5,26
219000693,0,0,0
219000694,0,0,0
219000695,59,1,58
219000698,1,1,0
219000699,0,0,0
219000727,0,0,0
219000728,54,0,54
219000770,5,1,4
219000771,0,0,0
219000788,0,0,0
219001150,0,10,-10
219001151,0,0,0
219001166,7,11,-4
219001167,0,0,0
219001178,70,3,67
220000001,1,15,-14
220000002,0,46,-46
220000003,0,0,0
220000004,0,0,0
220000005,0,0,0
220000006,0,0,0
220000007,0,0,0
220000008,0,0,0
220000009,18,61,-43
220000010,2,1,1
220000011,14,255,-241
220000012,1,53,-52
220000014,0,0,0
220000015,23,183,-160
220000017,53,53,0
220000018,712,131,581
220000019,254,441,-187
220000020,85,31,54
220000021,154,70,84
220000022,373,119,254
220000023,51,58,-7
220000024,223,220,3
220000025,227,861,-634
220000026,40,551,-511
220000027,19,60,-41
220000028,64,60,4
220000029,0,0,0
220000030,0,0,0
220000031,101,147,-46
220000064,0,0,0
221000046,3,1,2
221000047,0,0,0
221000048,0,0,0
221000049,0,0,0
221000050,1,0,1
221000055,12,0,12
221000057,97,2,95
221000068,163,115,48
221000069,150,120,30
221000070,175,19,156
221000071,133,1,132
221000072,225,5,220
221000073,154,25,129
221000074,0,0,0
221000075,0,0,0
221000076,0,0,0
221000077,0,0,0
221000081,0,0,0
221000082,39,0,39
221000083,7,4,3
221000084,3,1,2
221000085,6,0,6
221000086,0,0,0
221000087,0,0,0
221000088,0,0,0
221000089,0,0,0
221000090,0,0,0
221000098,114,11,103
221000099,224,0,224
221000100,164,2,162
221000101,159,5,154
221000102,156,11,145
221000109,0,0,0
221000110,0,0,0
221000111,0,0,0
221000112,0,0,0
221000113,0,0,0
221000114,0,0,0
221000120,24,5,19
221000121,0,17,-17
221000122,22,5,17
221000123,2,60,-58
221000124,47,38,9
221000155,73,3,70
221000156,23,17,6
221000175,4,2,2
221000176,1,31,-30
221000182,20,0,20
221000241,453,280,173
221000242,0,0,0
221000243,322,80,242
221000244,0,0,0
221000245,93,39,54
221000246,0,0,0
221000247,234,37,197
221000248,0,0,0
221000267,4,128,-124
221000325,49,25,24
221000331,5,3,2
221000338,2,47,-45
221000378,244,10,234
221000381,16,7,9
222000282,0,8,-8
222000296,0,9,-9
222000568,309,17,292
222000569,62,71,-9
222000570,69,18,51
222000571,504,0,504
222000577,0,7,-7
222000578,1,38,-37
222000579,0,34,-34
222000580,5,230,-225
222000599,0,24,-24
222000600,0,29,-29
222000601,2,125,-123
222000603,5,3,2
222000604,0,3,-3
222000605,0,26,-26
222000606,0,2,-2
222000607,0,31,-31
222000608,0,1,-1
222000609,16,5,11
222000616,198,8,190
222000617,0,14,-14
222000618,0,7,-7
222000620,2,0,2
222000621,6,0,6
222000623,206,10,196
222000624,243,1,242
222000625,293,2,291
222000636,51,0,51
222000686,1,0,1
222000687,2,1,1
222001066,100,0,100
222001067,55,0,55
222001068,83,2,81
222001069,34,24,10
222001082,1,2,-1
222001083,4,16,-12
222001084,0,7,-7
222001085,1,17,-16
222001111,21,31,-10
222001112,91,2,89
222001313,1,1,0
222001314,0,43,-43
222001464,102,17,85
222001465,21,12,9
222001484,74,19,55
222001485,2,2,0
222001494,431,28,403
222001495,15,16,-1
222001496,340,8,332
222001497,30,53,-23
222001502,0,0,0
222001503,22,6,16
222001504,0,0,0
222001505,204,3,201
222001506,0,0,0
222001507,35,3,32
222001510,416,12,404
222001511,0,0,0
222001514,196,56,140
222001515,0,0,0
222001518,228,25,203
222001519,0,0,0
222001527,21,21,0
222001528,0,0,0
222001529,228,15,213
222001530,0,0,0
222001533,0,0,0
222001534,258,1,257
222001535,82,14,68
222001536,4,28,-24
222001537,59,7,52
222001538,0,0,0
222001563,545,2,543
222001564,0,0,0
222001568,72,11,61
222001576,0,0,0
222001579,0,1,-1
222001583,2,5,-3
222001584,26,4,22
222001596,64,69,-5
222001597,415,82,333
222001626,0,23,-23
222001650,0,13,-13
222001651,64,58,6
222001914,107,44,63
222001915,0,0,0
222001968,217,29,188
222001969,61,97,-36
222001970,24,22,2
222001971,70,1,69
222001972,2,6,-4
225000001,223,67,156
225000002,437,72,365
225000003,365,20,345
225000004,272,28,244
225000005,18,24,-6
225000006,0,0,0
225000007,0,0,0
225000010,59,1,58
225000011,64,756,-692
225000012,79,458,-379
225000013,74,51,23
225000014,410,61,349
225000015,1,3,-2
225000021,196,32,164
225000027,0,0,0
225000032,191,59,132
225000042,0,2,-2
225000049,0,0,0
225000050,20,1,19
225000053,0,0,0
225000058,299,61,238
225000067,0,0,0
225000068,0,0,0
225000069,0,0,0
225000070,0,0,0
225000071,0,0,0
225000075,0,1,-1
225000076,0,0,0
225000078,5,17,-12
225000085,63,16,47
225000086,132,2,130
225000087,38,3,35
225000088,0,0,0
225000089,0,0,0
225000090,0,0,0
225000091,0,0,0
225000092,0,0,0
225000093,0,0,0
225000094,0,0,0
225000095,0,0,0
225000096,0,0,0
225000098,205,96,109
225000099,443,60,383
225000100,457,83,374
225000104,0,1,-1
225000110,0,0,0
225000111,2,1,1
225000112,1,2,-1
225000113,1,3,-2
225000114,1,5,-4
225000115,12,6,6
225000116,228,59,169
225000117,366,253,113
225000118,670,165,505
225000119,48,7,41
225000120,222,15,207
225000121,57,22,35
225000123,788,4,784
225000125,245,60,185
225000126,602,98,504
225000127,546,1020,-474
225000128,211,712,-501
225000132,334,16,318
225000133,143,11,132
225000134,236,100,136
225000135,59,7,52
225000136,164,0,164
225000137,213,17,196
225000138,475,27,448
225000143,0,0,0
225000144,0,0,0
225000145,5,31,-26
225000146,0,0,0
225000147,0,0,0
225000148,0,0,0
225000149,0,0,0
225000151,0,0,0
225000155,0,0,0
225000156,0,10,-10
225000157,7,3,4
225000158,0,0,0
225000171,0,0,0
225000180,33,20,13
225000181,0,0,0
225000182,11,9,2
225000185,0,0,0
225000187,0,1,-1
225000191,3,0,3
225000194,0,0,0
225000208,0,0,0
225000209,81,3,78
225000210,0,0,0
225000217,0,0,0
225000218,5,0,5
225000223,0,0,0
225000224,36,0,36
225000225,0,0,0
225000226,111,5,106
225000227,0,0,0
225000228,1,26,-25
225000229,0,0,0
225000230,1,0,1
225000231,0,0,0
225000232,62,0,62
225000241,65,0,65
225000242,0,0,0
225000249,28,0,28
225000250,0,0,0
225000251,302,27,275
226000042,0,0,0
226000043,0,0,0
226000044,0,0,0
226000045,0,0,0
226000046,341,27,314
226000047,200,21,179
226000048,212,29,183
226000049,187,86,101
226000070,0,0,0
226000071,0,0,0
226000072,0,0,0
226000073,0,0,0
226000074,0,0,0
226000084,0,0,0
226000085,0,0,0
226000086,0,0,0
226000087,0,0,0
226000088,0,0,0
226000090,18,19,-1
226000091,2,2,0
226000092,0,0,0
226000093,0,0,0
226000094,2,0,2
226000095,7,23,-16
226000105,0,3,-3
226000106,15,0,15
226000107,10,0,10
226000108,10,0,10
226000109,36,0,36
226000124,78,37,41
226000134,163,216,-53
226000135,651,236,415
226000136,171,166,5
226000137,0,0,0
226000138,0,0,0
226000139,0,0,0
226000156,127,0,127
226000157,71,0,71
226000163,0,0,0
226000202,0,0,0
226000231,161,4,157
226000232,1,0,1
227000033,382,26,356
227000036,535,8,527
227000037,375,11,364
227000038,34,9,25
227000049,0,0,0
227000050,0,0,0
227000055,21,0,21
227000056,0,0,0
227000084,0,0,0
227000085,0,0,0
227000088,22,1,21
227000089,8,0,8
227000090,28,1,27
227000091,12,3,9
227000092,1,0,1
227000093,28,0,28
227000094,1,0,1
227000130,0,0,0
227000131,0,0,0
227000132,0,0,0
227000133,0,0,0
227000134,0,0,0
227000152,0,0,0
227000153,0,0,0
227000154,0,0,0
227000155,0,0,0
227000156,0,0,0
227000165,0,0,0
227000196,222,0,222
227000199,265,30,235
227000230,0,0,0
227000232,210,26,184
227000242,0,0,0
227000243,300,19,281
227000245,0,0,0
227000246,0,0,0
227000247,453,38,415
227000248,59,22,37
227000249,0,0,0
227000250,207,206,1
227000251,0,0,0
227000252,0,0,0
227000253,343,46,297
227000262,656,6,650
227000266,575,6,569
227000267,0,0,0
227000282,0,0,0
227000284,221,26,195
227000286,0,0,0
227000287,0,0,0
227000291,0,0,0
227000484,208,4,204
227000485,0,0,0
227000655,92,0,92
227000656,295,17,278
227000657,32,11,21
227000661,119,54,65
227000680,45,89,-44
229000265,3,1,2
229000296,0,8,-8
229000297,0,18,-18
229000298,3,41,-38
229000320,1,0,1
229000321,0,0,0
229000412,1,2,-1
229000414,1,5,-4
229000415,1,0,1
229000416,0,0,0
229000417,1,0,1
229000419,30,38,-8
229000440,114,1,113
229000442,3,0,3
229000443,0,0,0
229000444,1,7,-6
229000445,9,0,9
229000446,3,1,2
229000491,0,0,0
229000492,0,0,0
229000493,0,0,0
229000494,33,1,32
229000495,88,3,85
229000496,107,2,105
229000507,0,0,0
229000508,0,0,0
229000509,0,0,0
229000510,0,0,0
229000511,0,0,0
229000512,0,0,0
229000513,0,0,0
229000514,0,0,0
229000517,0,0,0
229000518,0,0,0
229000519,0,0,0
229000520,0,0,0
229000521,32,2,30
229000522,0,1,-1
229000523,0,2,-2
229000524,2,0,2
229000527,0,0,0
229000528,0,1,-1
229000529,32,0,32
229000530,49,0,49
229000531,19,1,18
229000532,11,0,11
229000533,24,2,22
229000534,10,13,-3
229000564,21,0,21
229000565,8,0,8
229000566,0,0,0
229000567,0,0,0
229000582,18,6,12
229000583,0,1,-1
229000584,0,0,0
229000585,0,0,0
229000718,0,0,0
229000719,0,0,0
229000720,0,0,0
229000721,0,0,0
229000722,0,0,0
229000723,0,0,0
229000724,0,0,0
229000725,0,0,0
229000738,0,0,0
229000739,0,0,0
229000740,0,0,0
229000741,22,0,22
229000742,2,0,2
229000743,1,0,1
229000744,0,1,-1
229000745,0,0,0
229000746,1,0,1
229000847,26,0,26
229000848,69,0,69
229000849,80,0,80
229000851,101,0,101
229000854,0,0,0
229000856,0,0,0
229000857,0,0,0
229000858,0,0,0
229000919,0,0,0
229000930,0,0,0
229000937,87,1,86
229000966,29,3,26
229000981,0,0,0
229000985,0,5,-5
229000986,1,1,0
229000987,0,0,0
229000988,0,0,0
229000989,0,0,0
229000990,0,0,0
229000991,0,0,0
229000992,8,0,8
229000993,33,7,26
229000998,1,3,-2
229000999,4,1,3
229001034,0,0,0
229001035,0,0,0
229001037,4,0,4
229001042,1,0,1
229001047,0,9,-9
229001050,24,5,19
229001168,0,0,0
229001200,22,0,22
229001338,0,0,0
229001394,47,0,47
229001422,139,5,134
229001423,0,0,0
229001431,14,8,6
229001432,0,0,0
229001444,31,3,28
229001445,15,9,6
229001479,3,1,2
229001503,111,5,106
229001504,0,0,0
229001505,52,3,49
229001506,0,0,0
229001509,2,0,2
229001545,10,0,10
229001546,0,0,0
229001553,37,0,37
229001554,0,0,0
229001559,7,0,7
229001560,0,0,0
229001630,19,0,19
229001631,0,7,-7
229001635,0,0,0
229001636,0,0,0
229001658,0,0,0
229001659,19,0,19
229001660,0,0,0
229001661,0,14,-14
229001662,16,0,16
229001663,0,0,0
229002584,37,5,32
229002831,20,25,-5
229002841,0,1,-1
229002842,3,1,2
229002843,3,5,-2
229002844,3,10,-7
229002845,0,11,-11
229002846,1,2,-1
229002847,0,0,0
229002848,8,0,8
229002849,0,7,-7
229002850,2,0,2
229002851,4,18,-14
229002852,33,1,32
229002853,34,1,33
229002854,0,1,-1
229002855,0,0,0
229002856,1,1,0
229002857,0,0,0
229002858,6,0,6
229002859,0,0,0
229002860,2,0,2
229002861,17,0,17
229002862,0,0,0
229002863,0,1,-1
229002864,11,44,-33
229002865,0,1,-1
229002866,31,8,23
229002867,0,3,-3
229002868,2,0,2
229002869,0,8,-8
229002870,2,0,2
235000066,41,5,36
235000067,45,25,20
235000072,0,0,0
235000073,0,0,0
235000074,0,0,0
235000080,0,0,0
235000081,0,0,0
235000082,90,2,88
235000083,72,7,65
235000084,23,4,19
235000085,171,7,164
235000089,4,4,0
235000092,0,0,0
235000093,0,0,0
235000097,0,0,0
235000098,27,4,23
235000099,1,3,-2
235000116,5,9,-4
235000117,117,4,113
235000133,0,0,0
235000134,0,0,0
235000206,2,2,0
235000207,0,2,-2
235000208,0,6,-6
235000209,3,0,3
235000210,3,1,2
235000212,0,0,0
235000213,0,0,0
235000220,0,0,0
235000221,0,0,0
235000238,2,209,-207
235000239,0,35,-35
235000242,157,667,-510
235000245,0,0,0
235000246,0,0,0
235000284,0,0,0
235000295,12,1,11
235000305,118,0,118
235000306,111,0,111
235000307,0,0,0
235000308,10,0,10
235000309,28,0,28
235000310,20,0,20
235000311,31,0,31
235000322,0,0,0
235000323,0,0,0
235000324,0,0,0
235000325,0,0,0
235000326,0,0,0
235000351,0,0,0
235000352,0,0,0
235000353,0,0,0
235000354,0,0,0
235000355,0,0,0
235000356,20,0,20
235000357,15,0,15
235000358,16,3,13
235000359,0,2,-2
235000360,1,0,1
235000361,44,0,44
235000381,0,0,0
235000382,73,0,73
235000390,0,0,0
235000391,127,0,127
235000392,151,23,128
235000393,124,57,67
235000395,84,7,77
235000396,313,6,307
235000400,7,2,5
235000401,0,0,0
235000405,0,0,0
235000406,0,0,0
235000407,0,0,0
235000409,0,0,0
235000410,0,0,0
235000411,0,0,0
235000485,0,0,0
235000486,0,0,0
235000549,49,15,34
235000550,0,0,0
235000599,0,0,0
235000600,0,0,0
235000601,18,0,18
235000602,70,3,67
235000614,0,0,0
235000648,0,0,0
235000649,11,0,11
235000685,0,0,0
235000815,0,0,0
235000834,0,0,0
235000855,12,8,4
235000862,0,0,0
235000891,0,0,0
235000892,14,4,10
235000901,0,0,0
235000907,0,0,0
235001010,7,20,-13
235001029,0,0,0
235001030,239,25,214
235001078,45,26,19
235001079,0,0,0
235001147,3,3,0
235001166,1,14,-13
235001167,0,0,0
235001169,0,0,0
235001188,0,0,0
235001189,1,4,-3
235001197,0,0,0
235001200,0,0,0
235001207,84,2,82
235001210,0,0,0
235001215,0,0,0
235001239,0,0,0
235001244,0,1,-1
235016267,0,0,0
277101746,0,3,-3
277102712,0,0,0
277103813,0,0,0
277103814,0,0,0
277103898,0,0,0
277104249,0,0,0
277104250,0,7,-7
277104251,0,0,0
277104252,0,4,-4
990011530,0,0,0
990014944,0,7,-7
990015176,37,1,36
990015618,0,0,0
990016032,0,0,0
990032570,0,11,-11
990070001,45,2,43
990070103,0,0,0
990070601,0,23,-23
990070751,654,12,642
990070766,0,0,0
990071180,583,1,582
990071343,7,1,6
990071387,0,0,0
990071823,61,1,60
990072600,0,26,-26
990072964,0,2,-2
990073285,0,0,0
990074393,1,84,-83
990074870,668,11,657
990075106,163,2,161
990075746,450,7,443
990076437,1239,2,1237
990076458,0,0,0
997000007,56,0,56
997000041,0,22,-22
997000058,66,22,44
997000062,42,1,41
997000069,0,0,0
997000070,0,0,0
997000100,93,0,93
997000141,0,0,0
997000198,0,0,0
998000475,0,0,0
998000736,0,3,-3
998000965,0,14,-14
998001031,0,4,-4
998001700,0,0,0
998001899,0,0,0
998001900,25,53,-28
998003073,406,28,378
998101900,0,2,-2
998102850,0,0,0
998501927,164,10,154
998501929,96,1,95
998501930,31,0,31
998501931,45,10,35
998501932,2,1,1
998501933,68,0,68
998501937,3,0,3
998501944,0,0,0
998501950,0,0,0
998501970,34,9,25
998501971,0,37,-37
998501973,0,0,0
998501974,0,21,-21
998501975,98,1,97
998501976,69,1,68
998501977,0,0,0
998501978,9,0,9
998501979,0,0,0
998501980,12,0,12
998501981,61,0,61
998501982,0,0,0
998501983,0,0,0
998502024,0,24,-24
998502032,0,0,0
998502062,4,0,4
998502063,0,0,0
998502173,12,0,12
998502269,0,0,0
998502546,0,34,-34
998502578,0,0,0
998502599,0,0,0
998601159,0,4,-4
998601292,0,0,0
999033574,0,0,0
999800001,25,1,24
999800002,0,0,0
999800003,0,2,-2
999800004,0,4,-4
999800005,0,0,0
