ID,insum,outsum,diff
100000001,431,679,-248
100000002,2847,3089,-242
100000003,2735,3783,-1048
100000004,294,808,-514
100000005,1624,3173,-1549
100000006,293,111,182
100000007,1330,555,775
100000008,51,303,-252
100000009,214,159,55
100000010,15,51,-36
100000011,311,94,217
100000012,38,690,-652
100000013,8,187,-179
100000014,142,260,-118
100000015,1040,1288,-248
100000016,411,897,-486
100000017,288,716,-428
100000018,625,449,176
100000019,2228,1506,722
100000020,845,3585,-2740
100000021,3144,1299,1845
100000022,476,1725,-1249
100000023,2179,839,1340
100000025,312,1085,-773
100000028,442,899,-457
100000029,77,354,-277
100000030,67,26,41
100000031,1386,3923,-2537
100000032,1015,2512,-1497
100000033,685,1835,-1150
100000034,97,737,-640
100000035,511,767,-256
100000036,512,1122,-610
100000037,439,269,170
100000038,1698,734,964
100000039,207,167,40
100000040,193,116,77
100000041,1150,415,735
100000042,650,296,354
100000043,440,384,56
100000044,164,367,-203
100000045,232,484,-252
100000046,335,380,-45
100000047,129,273,-144
100000048,190,327,-137
100000049,1016,750,266
100000051,332,426,-94
100000053,47,7,40
100000054,169,15,154
100000055,372,424,-52
100000056,361,562,-201
100000057,1334,382,952
100000058,444,614,-170
100000059,11,193,-182
100000060,333,211,122
100000061,1468,385,1083
100000062,908,372,536
100000063,720,193,527
100000064,844,290,554
100000065,199,512,-313
100000066,89,376,-287
100000067,183,358,-175
100000068,177,841,-664
100000069,159,656,-497
100000072,119,391,-272
100000073,634,503,131
100000075,500,142,358
100000076,810,2861,-2051
100000077,67,312,-245
100000078,7,26,-19
100000079,13,31,-18
100000080,13,76,-63
100000081,69,173,-104
100000102,2292,3915,-1623
100000103,1021,1106,-85
100000104,1650,1577,73
100000105,812,1229,-417
100000106,777,2227,-1450
100000107,67,882,-815
100000108,233,673,-440
100000109,767,1074,-307
100000116,520,563,-43
100000117,77,157,-80
100000118,601,1114,-513
100000119,403,958,-555
100000121,113,330,-217
100000122,359,1112,-753
100000123,748,1849,-1101
100000124,2335,2356,-21
100000125,2859,1386,1473
100000126,375,511,-136
100000127,681,395,286
100000128,1146,1872,-726
100000129,224,617,-393
100000130,425,161,264
100000131,785,1282,-497
100000132,520,1345,-825
100000133,1412,773,639
100000135,390,1113,-723
100000139,153,547,-394
100000140,124,249,-125
100000142,432,333,99
100000143,760,295,465
100000144,1384,362,1022
100000147,1092,2725,-1633
100000150,42,551,-509
100000151,532,2056,-1524
100000153,67,376,-309
100000154,11,286,-275
100000155,12,42,-30
100000156,296,440,-144
100000157,235,166,69
100000158,207,174,33
100000159,124,556,-432
100000165,506,553,-47
100000169,40,673,-633
100000174,133,583,-450
100000179,66,385,-319
100000180,399,1356,-957
100000181,170,381,-211
100000188,32,114,-82
100000189,606,287,319
100000190,441,1588,-1147
100000191,562,531,31
100000192,10,66,-56
100000193,196,207,-11
100000330,364,577,-213
100000355,131,725,-594
100000362,2147,1070,1077
100000363,3757,4109,-352
100000364,71,181,-110
100000365,4537,8058,-3521
100000366,1727,1255,472
100000367,3458,5143,-1685
100000368,2275,691,1584
100000369,303,1508,-1205
100000370,125,756,-631
100000376,63,136,-73
100000379,754,1168,-414
100000380,2624,4142,-1518
100000384,3715,4295,-580
100000385,1135,2687,-1552
100000386,2457,4309,-1852
100000387,1921,4231,-2310
100000388,2010,4491,-2481
100000389,2255,4758,-2503
100000390,3093,4824,-1731
100000391,2097,7356,-5259
100000392,1227,3691,-2464
100000393,1073,5085,-4012
100000394,3087,6600,-3513
100000395,1848,5611,-3763
100000396,3578,3008,570
100000397,2203,7732,-5529
100000398,5468,4184,1284
100000413,2,5,-3
100900002,7,10,-3
100900003,197,183,14
100900004,17,363,-346
100900005,80,18,62
100900006,24,36,-12
100900007,134,7,127
100900008,2,178,-176
100900009,24,152,-128
100900010,57,10,47
100900011,131,68,63
100900012,0,57,-57
100900013,611,14,597
100900014,2,1,1
100900015,42,65,-23
100900016,3,17,-14
100900017,457,35,422
100900018,1,15,-14
100900019,17,76,-59
100900020,212,3,209
100900021,259,0,259
100900022,6,18,-12
100900023,0,6,-6
100900024,158,3,155
100900025,5,8,-3
100900026,94,53,41
100900027,266,1435,-1169
100900028,141,207,-66
100900029,35,4,31
100900030,5,134,-129
100900031,504,21,483
100900032,297,2,295
100900033,78,152,-74
100900034,485,3,482
100900035,132,1,131
100900036,5,0,5
100900037,75,83,-8
100900038,61,53,8
100900039,145,177,-32
100900040,381,269,112
100900041,952,288,664
100900042,913,1248,-335
100900043,1,23,-22
100900044,813,312,501
100900045,4,0,4
100900046,623,10,613
100900047,431,127,304
100900048,87,44,43
100900049,59,54,5
100900050,2,4,-2
100900051,15,78,-63
100900052,192,16,176
100900053,425,16,409
100900054,13,26,-13
100900055,92,608,-516
100900056,9,48,-39
100900057,1189,761,428
100900058,66,21,45
100900059,67,0,67
100900060,185,3,182
100900061,159,104,55
100900062,6,42,-36
100900063,191,489,-298
100900064,426,24,402
100900065,46,94,-48
100900066,153,197,-44
100900067,0,4,-4
100900068,47,34,13
100900069,93,3,90
100900070,344,7,337
100900071,252,109,143
100900072,1,25,-24
100900073,90,162,-72
100900074,0,3,-3
100900075,832,140,692
100900076,2,18,-16
100900077,32,20,12
100900078,38,144,-106
100900079,6,14,-8
100900080,37,51,-14
100900081,36,95,-59
100900082,129,184,-55
100900083,12,7,5
100900085,18,311,-293
100900086,49,211,-162
100900088,102,172,-70
100900089,4,21,-17
100900090,48,389,-341
100900091,3,8,-5
100900092,56,83,-27
100900093,242,169,73
100900094,132,137,-5
100900095,2,23,-21
100900096,18,116,-98
100900097,1,1,0
100900098,12,42,-30
100900099,10,244,-234
100900100,11,487,-476
100900101,150,16,134
100900102,2,28,-26
100900103,3,16,-13
100900104,2,74,-72
100900105,5,306,-301
100900106,10,6,4
100900107,1041,591,450
100900108,0,4,-4
100900109,7,6,1
100900110,0,14,-14
100900111,12,123,-111
100900112,3,9,-6
100900113,10,21,-11
100900114,5,7,-2
100900115,6,25,-19
100900116,408,256,152
100900117,181,892,-711
100900118,9,45,-36
100900119,5,17,-12
100900120,28,6,22
100900121,145,179,-34
100900122,44,80,-36
100900123,73,87,-14
100900124,1,20,-19
100900125,6,29,-23
100900126,136,64,72
100900127,1,1,0
100900128,68,208,-140
100900129,0,246,-246
100900131,22,117,-95
100900133,50,27,23
100900134,1,4,-3
100900135,3,270,-267
100900137,232,90,142
100900138,254,272,-18
100900139,4,4,0
100900140,6,184,-178
100900141,3,445,-442
100900142,0,8,-8
100900143,201,338,-137
100900144,4,4,0
100900145,32,110,-78
100900146,11,19,-8
100900147,4,298,-294
100900148,16,204,-188
100900149,28,184,-156
100900150,1,24,-23
100900151,71,211,-140
100900152,79,9,70
100900153,1,87,-86
100900154,1,69,-68
100900155,3,2,1
100900156,11,3,8
100900157,1,142,-141
100900159,0,19,-19
100900160,17,1,16
100900161,19,2,17
100900162,6,157,-151
100900163,65,70,-5
100900164,43,11,32
100900165,10,33,-23
100900166,15,3,12
100900167,22,52,-30
100900168,21,118,-97
100900169,66,456,-390
100900170,53,0,53
100900171,5,263,-258
100900172,1,21,-20
100900173,6,119,-113
100900174,22,13,9
100900176,1035,63,972
100900177,399,103,296
100900178,86,118,-32
100900179,138,134,4
100900180,6,3,3
100900181,28,56,-28
100900182,27,25,2
100900184,13,54,-41
100900186,249,263,-14
100900187,10,46,-36
100900188,16,19,-3
100900189,949,132,817
100900191,398,1063,-665
100900192,165,389,-224
100900195,84,97,-13
100900197,9,40,-31
100900198,17,52,-35
100900199,3,11,-8
100900200,371,181,190
100900201,24,355,-331
100900202,43,1,42
100900203,0,239,-239
100900204,33,354,-321
100900205,73,471,-398
100900206,186,66,120
100900207,266,94,172
100900210,28,131,-103
100900211,207,102,105
100900213,52,21,31
100900214,282,93,189
100900215,14,35,-21
100900217,38,78,-40
101000001,1135,1196,-61
101000002,3847,4422,-575
101000003,180,496,-316
101000004,3308,3363,-55
101000005,2180,2784,-604
101000006,2760,4373,-1613
101000007,1462,2476,-1014
101000008,1253,1400,-147
101000009,1523,504,1019
101000010,556,435,121
101000011,663,208,455
101000012,435,392,43
101000013,445,647,-202
101000014,254,328,-74
101000015,1212,743,469
101000016,150,298,-148
101000017,223,309,-86
101000018,1048,1691,-643
101000020,861,545,316
101000021,350,256,94
101000022,52,120,-68
101000023,624,434,190
101000025,156,354,-198
101000026,150,21,129
101000027,1479,2622,-1143
101000028,555,304,251
101000029,81,971,-890
101000030,597,120,477
101000031,148,667,-519
101000032,1901,3296,-1395
101000033,861,2597,-1736
101000034,617,1522,-905
101000035,343,224,119
101000036,840,1069,-229
101000037,888,1658,-770
101000039,956,1794,-838
101000040,1360,3001,-1641
101000041,1669,5246,-3577
101000042,116,856,-740
101000043,2106,4768,-2662
101000045,252,646,-394
101000046,866,1858,-992
101000047,763,3865,-3102
101000048,283,309,-26
101000049,264,1250,-986
101000050,557,1347,-790
101000051,562,1946,-1384
101000052,662,1011,-349
101000053,507,976,-469
101000054,1161,562,599
101000055,714,1062,-348
101000056,38,128,-90
101000057,676,950,-274
101000058,497,846,-349
101000059,974,1572,-598
101000060,1225,680,545
101000061,350,1200,-850
101000062,266,636,-370
101000063,220,1062,-842
101000064,499,966,-467
101000065,194,714,-520
101000066,409,1078,-669
101000067,552,879,-327
101000068,86,401,-315
101000069,120,46,74
101000070,502,614,-112
101000071,1229,659,570
101000072,344,2008,-1664
101000073,535,1008,-473
101000074,2098,3240,-1142
101000075,1483,3154,-1671
101000077,1087,964,123
101000078,522,1014,-492
101000079,993,914,79
101000080,794,906,-112
101000081,1252,1195,57
101000082,1556,1731,-175
101000083,2364,1772,592
101000084,763,427,336
101000085,991,874,117
101000086,696,816,-120
101000087,643,613,30
101000088,864,777,87
101000089,768,1167,-399
101000090,1199,683,516
101000091,353,359,-6
101000092,1146,443,703
101000093,975,454,521
101000094,753,586,167
101000095,423,343,80
101000096,365,305,60
101000097,278,319,-41
101000098,250,328,-78
101000099,443,662,-219
101000100,517,574,-57
101000101,138,254,-116
101000102,318,522,-204
101000103,319,506,-187
101000104,186,625,-439
101000105,131,453,-322
101000106,269,879,-610
101000107,187,316,-129
101000108,368,112,256
101000109,393,57,336
101000110,31,149,-118
101000111,17,78,-61
101000113,114,507,-393
101000114,2824,7127,-4303
101000115,15,52,-37
101000116,22,15,7
101000117,1032,116,916
101000119,29,29,0
101000120,78,63,15
101000121,43,63,-20
101000122,77,94,-17
101000123,49,76,-27
101000124,876,403,473
101000125,75,219,-144
101000128,130,597,-467
101000130,112,194,-82
101000131,790,292,498
101000132,654,423,231
101000135,17,34,-17
101000136,244,196,48
101000137,31,342,-311
101000141,553,2539,-1986
101000147,667,246,421
101000148,392,6,386
101000149,53,177,-124
101000150,69,197,-128
101000151,190,11,179
101000152,177,260,-83
101000153,196,154,42
101000154,254,356,-102
101000155,330,134,196
101000156,13,229,-216
101000157,34,14,20
101000160,10,15,-5
101000163,85,425,-340
101000164,209,156,53
101000165,193,292,-99
101000166,153,127,26
101000168,530,353,177
101000252,1622,768,854
101000254,37,52,-15
101000258,79,12,67
101000261,126,49,77
101000262,765,2832,-2067
101000263,97,766,-669
101000265,35,459,-424
101000266,119,89,30
101000269,8,10,-2
101000290,293,1650,-1357
101000293,15,25,-10
101000294,438,282,156
101000295,194,211,-17
101000301,203,300,-97
101000304,1371,1965,-594
101000305,1874,649,1225
101000328,74,301,-227
101900001,21,35,-14
101900002,0,9,-9
101900003,26,57,-31
101900004,3,61,-58
101900005,1257,2266,-1009
101900006,886,27,859
101900007,312,159,153
101900008,30,127,-97
101900009,12,247,-235
101900010,446,533,-87
101900011,52,532,-480
101900012,187,41,146
101900013,281,104,177
101900017,4,105,-101
101900018,526,150,376
101900019,116,90,26
101900020,59,45,14
101900021,0,27,-27
101900022,116,393,-277
101900023,82,51,31
101900026,107,23,84
101900027,9,86,-77
102000001,1800,3265,-1465
102000002,1386,643,743
102000003,1355,4056,-2701
102000004,2036,1569,467
102000005,710,1958,-1248
102000006,407,1052,-645
102000007,944,3038,-2094
102000008,2234,844,1390
102000009,4426,5767,-1341
102000010,2413,1942,471
102000011,2641,2184,457
102000012,2115,1638,477
102000018,1541,1668,-127
102000019,1299,1102,197
102000026,168,233,-65
102000029,119,142,-23
102000030,119,200,-81
102000031,30,69,-39
102000032,430,237,193
102000033,192,226,-34
102000034,262,242,20
102000035,617,354,263
102000036,10,143,-133
102000037,133,18,115
102000038,86,324,-238
102000039,90,119,-29
102000040,184,344,-160
102000041,63,464,-401
102000042,57,336,-279
102000043,74,281,-207
102000044,226,566,-340
102000045,268,469,-201
102000046,710,384,326
102000047,434,562,-128
102000048,260,416,-156
102000049,754,661,93
102000050,657,874,-217
102000051,291,574,-283
102000052,724,562,162
102000053,557,855,-298
102000054,540,647,-107
102000055,1001,261,740
102000056,843,224,619
102000057,999,323,676
102000058,734,688,46
102000059,812,851,-39
102000060,576,510,66
102000061,1061,874,187
102000062,1185,528,657
102000063,541,669,-128
102000064,370,424,-54
102000065,23,91,-68
102000066,550,623,-73
102000067,1937,1786,151
102000068,5857,1900,3957
102000069,29,1737,-1708
102000070,926,34,892
102000071,4645,5626,-981
102000072,1679,2491,-812
102000073,447,355,92
102000074,428,331,97
102000075,62,116,-54
102000076,186,134,52
102000077,525,261,264
102000078,782,257,525
102000079,75,97,-22
102000080,187,122,65
102000081,138,527,-389
102000082,413,225,188
102000083,439,119,320
102000084,322,141,181
102000085,1336,501,835
102000086,965,483,482
102000087,499,681,-182
102000088,255,161,94
102000089,888,191,697
102000090,228,682,-454
102000091,862,282,580
102000092,219,313,-94
102000093,319,362,-43
102000094,437,412,25
102000095,609,831,-222
102000096,278,456,-178
102000097,450,395,55
102000098,213,615,-402
102000099,510,728,-218
102000100,143,921,-778
102000101,342,406,-64
102000102,232,624,-392
102000103,1388,248,1140
102000104,423,226,197
102000105,200,356,-156
102000106,587,284,303
102000107,1302,197,1105
102000108,386,87,299
102000109,366,335,31
102000110,1048,341,707
102000111,3,166,-163
102000112,88,80,8
102000113,9,17,-8
102000114,437,235,202
102000115,171,264,-93
102000116,144,360,-216
102000117,84,545,-461
102000118,478,1019,-541
102000119,843,1072,-229
102000120,107,280,-173
102000121,617,204,413
102000122,364,567,-203
102000123,699,485,214
102000124,700,793,-93
102000125,385,427,-42
102000126,299,505,-206
102000127,620,307,313
102000128,408,524,-116
102000129,790,274,516
102000130,453,410,43
102000131,557,271,286
102000132,201,343,-142
102000133,2077,1174,903
102000134,648,427,221
102000135,373,481,-108
102000136,572,369,203
102000137,300,543,-243
102000138,83,138,-55
102000139,16,353,-337
102000140,93,621,-528
102000141,93,203,-110
102000142,205,162,43
102000143,199,161,38
102000144,220,119,101
102000145,208,209,-1
102000146,305,200,105
102000147,295,213,82
102000148,129,252,-123
102000149,105,130,-25
102000150,346,64,282
102000151,83,79,4
102000152,155,97,58
102000153,676,449,227
102000154,154,300,-146
102000155,51,280,-229
102000156,175,141,34
102000157,39,510,-471
102000158,265,383,-118
102000159,733,530,203
102000161,1082,1118,-36
102000162,86,101,-15
102000163,51,293,-242
102000164,388,573,-185
102000165,119,90,29
102000166,39,104,-65
102000167,124,108,16
102000168,182,106,76
102000169,36,316,-280
102000170,212,57,155
102000171,72,33,39
102000172,13,148,-135
102000173,225,154,71
102000174,45,40,5
102000175,41,39,2
102000176,35,10,25
102000178,207,128,79
102000179,308,142,166
102000180,778,164,614
102000181,707,250,457
102000182,316,211,105
102000183,1253,781,472
102000184,1420,378,1042
102000185,2326,543,1783
102000186,1225,753,472
102000187,741,624,117
102000188,774,669,105
102000189,1096,270,826
102000190,330,1683,-1353
102000191,723,263,460
102000192,980,1001,-21
102000193,48,45,3
102000194,53,81,-28
102000195,296,224,72
102000196,130,154,-24
102000197,598,125,473
102000198,145,244,-99
102000199,896,142,754
102000200,161,335,-174
102000201,816,196,620
102000202,6,34,-28
102000203,277,116,161
102000204,371,284,87
102000205,752,215,537
102000206,403,172,231
102000207,402,339,63
102000208,267,202,65
102000209,40,46,-6
102000210,368,175,193
102000211,289,118,171
102000212,264,4,260
102000213,4,98,-94
102000214,284,14,270
102000215,2,157,-155
102000216,24,49,-25
102000217,3,37,-34
102000218,183,133,50
102000219,165,98,67
102000225,315,350,-35
102000226,249,532,-283
102000227,94,1,93
102000228,0,19,-19
102000229,25,33,-8
102000230,172,242,-70
102000231,120,169,-49
102000232,33,139,-106
102000233,358,249,109
102000234,41,669,-628
102000236,137,56,81
102000237,405,129,276
102000238,101,148,-47
102000240,295,526,-231
102000241,97,55,42
102000243,6,20,-14
102000245,5,106,-101
102000246,3,24,-21
102000247,248,396,-148
102000248,210,547,-337
102000249,98,56,42
102000250,28,158,-130
102000254,135,96,39
102000266,9,406,-397
102000271,30,0,30
102000286,195,192,3
102000297,1225,662,563
102000301,0,0,0
102000303,0,0,0
102000307,0,5,-5
102900001,859,489,370
102900002,237,29,208
102900003,61,110,-49
102900005,283,145,138
102900006,423,50,373
102900007,357,8,349
102900008,193,12,181
102900009,392,248,144
102900010,134,750,-616
102900011,874,205,669
102900012,375,60,315
102900013,25,36,-11
102900015,292,250,42
102900016,67,29,38
102900017,180,181,-1
102900018,30,31,-1
102900019,234,221,13
102900020,129,16,113
102900021,29,26,3
102900022,238,122,116
102900023,18,22,-4
102900024,19,19,0
102900025,87,49,38
102900026,184,1239,-1055
102900027,36,41,-5
102900028,109,611,-502
102900029,87,140,-53
102900030,273,223,50
102900031,153,88,65
102900032,82,32,50
102900033,48,95,-47
102900034,413,41,372
102900035,103,171,-68
102900036,204,168,36
102900037,193,150,43
102900038,256,158,98
102900039,12,366,-354
102900040,156,149,7
102900041,88,94,-6
102900042,162,159,3
102900043,121,126,-5
102900044,293,870,-577
102900045,202,228,-26
102900046,121,88,33
102900047,105,253,-148
102900048,347,224,123
102900049,90,257,-167
102900050,118,179,-61
102900051,132,116,16
102900052,19,74,-55
102900053,206,362,-156
102900054,255,798,-543
102900055,94,147,-53
102900056,81,263,-182
102900057,3,53,-50
102900058,253,35,218
102900059,23,15,8
102900060,74,239,-165
102900061,93,205,-112
102900062,221,259,-38
102900063,882,226,656
102900064,50,239,-189
102900065,672,193,479
102900066,205,14,191
102900068,84,63,21
102900070,170,236,-66
102900072,11,27,-16
102900073,46,1,45
102900075,7,68,-61
102900076,56,101,-45
102900077,29,19,10
102900078,13,31,-18
102900079,161,13,148
102900080,271,21,250
102900081,43,185,-142
102900082,11,129,-118
102900083,106,38,68
102900084,2,18,-16
102900085,175,77,98
102900086,7,49,-42
102900087,96,50,46
102900088,27,18,9
102900089,149,60,89
102900090,0,91,-91
102900091,129,2,127
102900092,288,215,73
102900093,133,97,36
102900094,4,88,-84
102900095,83,2,81
102900096,51,3,48
102900097,3,35,-32
102900098,16,8,8
103000001,1628,1445,183
103000002,1576,1743,-167
103000003,2014,1894,120
103000004,575,489,86
103000005,1476,2234,-758
103000006,640,1126,-486
103000007,270,465,-195
103000008,648,409,239
103000009,1284,849,435
103000010,66,42,24
103000011,973,635,338
103000012,978,1196,-218
103000013,1714,889,825
103000014,924,1839,-915
103000015,787,458,329
103000016,341,987,-646
103000017,200,345,-145
103000018,377,154,223
103000019,270,246,24
103000020,1189,896,293
103000021,1233,1745,-512
103000022,466,668,-202
103000023,581,1559,-978
103000024,64,59,5
103000025,98,641,-543
103000026,367,68,299
103000027,202,404,-202
103000028,149,195,-46
103000029,80,138,-58
103000030,865,820,45
103000031,526,1576,-1050
103000032,1339,797,542
103000033,1914,1669,245
103000034,750,588,162
103000035,206,812,-606
103000036,171,258,-87
103000037,344,364,-20
103000038,342,639,-297
103000039,432,180,252
103000040,522,417,105
103000041,1170,804,366
103000042,1017,264,753
103000043,539,374,165
103000044,239,66,173
103000046,367,290,77
103000047,504,266,238
103000048,170,100,70
103000049,77,81,-4
103000050,456,181,275
103000051,409,275,134
103000052,524,160,364
103000053,104,254,-150
103000054,1822,798,1024
103000055,1372,1352,20
103000056,539,633,-94
103000057,959,98,861
103000058,438,472,-34
103000059,347,364,-17
103000060,477,252,225
103000061,355,448,-93
103000062,576,202,374
103000063,567,543,24
103000064,75,100,-25
103000065,2,148,-146
103000066,111,10,101
103000069,299,116,183
103000070,554,353,201
103000071,895,324,571
103000072,95,319,-224
103000073,405,89,316
103000074,473,73,400
103000075,78,323,-245
103000076,204,369,-165
103000077,21,151,-130
103000078,461,614,-153
103000079,257,467,-210
103000080,370,296,74
103000081,191,719,-528
103000082,272,130,142
103000083,56,210,-154
103000084,83,7,76
103000085,3,77,-74
103000086,234,321,-87
103000087,104,420,-316
103000088,190,235,-45
103000089,190,475,-285
103000090,2280,817,1463
103000091,748,361,387
103000092,180,211,-31
103000093,226,318,-92
103000094,137,59,78
103000095,37,246,-209
103000096,375,27,348
103000097,48,473,-425
103000098,393,121,272
103000099,127,486,-359
103000100,136,368,-232
103000101,788,78,710
103000102,62,229,-167
103000103,549,117,432
103000104,58,44,14
103000105,183,83,100
103000106,5,104,-99
103000107,171,51,120
103000108,806,501,305
103000109,427,401,26
103000110,553,386,167
103000111,304,331,-27
103000112,220,228,-8
103000113,270,539,-269
103000114,949,485,464
103000115,519,328,191
103000116,558,230,328
103000117,404,307,97
103000118,283,282,1
103000119,558,221,337
103000120,18,82,-64
103000121,52,175,-123
103000122,211,303,-92
103000125,13,57,-44
103000126,483,0,483
103000127,13,55,-42
103000128,98,1,97
103000129,1,38,-37
103000130,44,14,30
103000131,43,46,-3
103000132,71,107,-36
103000133,11,30,-19
103000134,172,609,-437
103000135,346,171,175
103000136,337,355,-18
103000137,219,445,-226
103000138,377,508,-131
103000139,1,53,-52
103000140,96,26,70
103000141,29,117,-88
103000142,78,56,22
103000143,41,155,-114
103000144,104,35,69
103000145,9,74,-65
103000150,54,28,26
103000152,194,201,-7
103000153,192,172,20
103000156,3,109,-106
103000157,284,0,284
103000159,109,47,62
103000162,17,16,1
103000163,6,17,-11
103000164,5,7,-2
103000165,50,121,-71
103000166,132,252,-120
103000167,169,115,54
103000168,106,87,19
103000169,139,295,-156
103000170,835,202,633
103000171,14,64,-50
103000172,526,108,418
103000173,618,132,486
103000174,183,100,83
103000175,262,102,160
103000176,462,428,34
103000177,211,270,-59
103000178,73,178,-105
103000179,119,24,95
103000183,165,7,158
103000185,132,38,94
103000186,125,61,64
103000187,503,90,413
103000188,4,81,-77
103000189,561,366,195
103000191,391,437,-46
103000292,382,987,-605
103000293,308,1711,-1403
103000295,38,85,-47
103000296,55,2,53
103000297,2,45,-43
103000504,61,8,53
103000505,2,21,-19
103000506,2,116,-114
103000507,238,2,236
103000508,54,42,12
103000509,180,348,-168
103900001,7,45,-38
103900002,442,73,369
103900003,747,223,524
103900004,116,1,115
103900005,2,64,-62
103900006,4,2,2
103900007,80,5,75
103900008,4,0,4
103900009,306,378,-72
103900010,117,157,-40
103900011,345,45,300
103900012,3,22,-19
103900013,57,26,31
103900014,41,2,39
103900015,86,5,81
103900016,129,43,86
103900017,28,40,-12
103900018,246,62,184
103900019,17,194,-177
103900020,157,351,-194
103900021,173,33,140
103900022,573,409,164
103900023,171,2,169
103900024,47,199,-152
103900025,9,27,-18
103900026,6,1,5
103900027,388,159,229
103900028,19,159,-140
103900029,731,103,628
103900030,217,82,135
103900031,21,0,21
103900032,75,62,13
103900033,64,13,51
103900034,18,32,-14
103900035,35,9,26
103900036,18,44,-26
103900037,62,39,23
103900038,47,151,-104
103900039,140,104,36
103900040,4,98,-94
103900041,52,27,25
103900042,85,90,-5
103900043,177,22,155
103900044,52,245,-193
103900045,184,80,104
103900047,123,13,110
103900048,23,29,-6
103900049,84,684,-600
103900050,10,103,-93
103900051,1,27,-26
103900052,141,129,12
103900053,261,148,113
103900054,99,125,-26
103900055,351,127,224
103900056,52,17,35
103900057,40,70,-30
103900058,282,240,42
103900059,0,18,-18
103900060,66,78,-12
103900061,169,15,154
103900062,260,98,162
103900063,3,0,3
103900064,150,0,150
103900065,332,249,83
103900066,167,49,118
103900067,138,5,133
103900068,0,0,0
103900069,50,8,42
103900070,54,103,-49
103900071,14,36,-22
103900072,29,97,-68
103900073,30,30,0
103900074,92,28,64
103900075,181,31,150
103900076,525,176,349
103900077,40,150,-110
103900078,183,35,148
103900079,93,111,-18
103900080,1,28,-27
103900081,15,24,-9
103900082,38,95,-57
103900083,696,1006,-310
103900084,30,66,-36
103900085,50,73,-23
103900086,490,229,261
103900088,173,321,-148
103900089,49,66,-17
103900090,2,28,-26
103900091,663,114,549
103900092,361,159,202
103900093,54,178,-124
103900094,9,41,-32
103900095,120,112,8
103900096,37,97,-60
103900097,4,269,-265
103900098,195,90,105
103900099,70,28,42
103900100,176,143,33
103900101,64,627,-563
103900102,0,24,-24
103900104,0,12,-12
103900105,32,55,-23
103900106,0,34,-34
103900107,136,74,62
103900108,46,88,-42
103900109,132,35,97
103900110,130,17,113
103900111,132,154,-22
103900112,47,65,-18
103900113,67,172,-105
103900114,169,118,51
103900115,180,147,33
103900116,1127,1494,-367
103900117,94,27,67
103900119,32,78,-46
103900120,23,66,-43
103900122,134,79,55
103900123,516,448,68
103900124,48,159,-111
103900125,74,25,49
103900126,454,153,301
103900127,140,134,6
103900128,177,26,151
103900131,38,53,-15
103900133,755,16,739
103900134,0,5,-5
103900135,1,1,0
103900137,1,12,-11
103900138,101,59,42
103900139,111,1909,-1798
103900140,2,136,-134
103900141,124,39,85
103900142,163,24,139
103900143,122,0,122
103900144,0,7,-7
103900145,66,168,-102
103900146,150,134,16
103900147,262,72,190
103900148,163,62,101
103900149,206,170,36
103900150,2211,2951,-740
103900151,16,98,-82
103900152,642,141,501
103900153,5,8,-3
103900154,272,1300,-1028
103900155,41,96,-55
103900156,104,45,59
103900157,51,57,-6
103900158,93,22,71
103900159,115,17,98
103900160,47,28,19
103900161,42,101,-59
103900162,35,52,-17
103900163,3,246,-243
103900167,3,73,-70
103900168,63,37,26
103900169,5,19,-14
103900170,1,42,-41
103900171,0,13,-13
103900172,0,11,-11
103900173,16,16,0
103900174,145,30,115
103900175,17,40,-23
103900176,5,28,-23
103900177,10,31,-21
103900178,59,15,44
103900179,46,35,11
103900180,10,32,-22
103900181,36,15,21
103900182,8,10,-2
103900184,204,134,70
103900185,69,322,-253
103900187,19,65,-46
103900188,44,30,14
103900189,141,11,130
103900190,63,42,21
103900191,9,22,-13
103900192,11,25,-14
103900193,59,57,2
103900194,42,95,-53
103900195,2,93,-91
103900196,13,24,-11
103900197,7,6,1
103900198,10,11,-1
103900199,96,28,68
103900200,99,50,49
103900201,78,78,0
103900202,4,24,-20
103900203,21,24,-3
103900204,1,25,-24
103900207,0,19,-19
103900208,103,0,103
103900209,1,40,-39
103900210,25,13,12
103900211,425,184,241
103900212,145,76,69
103900213,21,156,-135
103900214,187,144,43
103900215,120,225,-105
103900216,6,144,-138
103900217,170,24,146
103900218,1,141,-140
103900219,111,39,72
103900233,27,4,23
103900235,14,47,-33
103900236,0,3,-3
103900242,0,0,0
103900243,2,2,0
103900244,80,108,-28
103900245,71,66,5
103900246,30,7,23
103900247,8,30,-22
103900248,3,37,-34
103900249,1,23,-22
103900250,4,24,-20
103900251,0,16,-16
103900253,4,24,-20
103900254,2,9,-7
103900255,1,13,-12
103900256,2,9,-7
103900257,80,62,18
103900258,11,6,5
103900259,13,6,7
103900261,6,2,4
103900262,13,0,13
103900263,25,18,7
103900264,10,11,-1
103900265,21,2,19
103900266,1,44,-43
103900267,2,24,-22
103900268,17,17,0
103900269,111,13,98
103900270,49,40,9
103900271,7,26,-19
103900272,24,11,13
103900273,42,12,30
103900274,60,1,59
103900275,44,2,42
103900276,4,15,-11
103900277,2,13,-11
103900278,1,15,-14
103900279,2,15,-13
103900280,0,9,-9
104000001,1860,1268,592
104000002,1180,1499,-319
104000003,1586,1220,366
104000004,1540,1509,31
104000005,1426,1223,203
104000006,2161,1800,361
104000007,2641,2876,-235
104000008,135,144,-9
104000009,181,88,93
104000010,134,218,-84
104000011,223,126,97
104000012,96,130,-34
104000013,206,170,36
104000014,173,289,-116
104000015,249,108,141
104000016,274,179,95
104000018,623,127,496
104000019,437,152,285
104000020,99,213,-114
104000021,132,269,-137
104000022,147,184,-37
104000023,574,255,319
104000024,138,136,2
104000026,33,170,-137
104000027,201,131,70
104000028,370,146,224
104000029,266,137,129
104000030,232,146,86
104000031,945,283,662
104000032,151,145,6
104000033,491,420,71
104000034,228,109,119
104000035,890,266,624
104000036,805,333,472
104000037,206,129,77
104000038,444,181,263
104000039,153,83,70
104000040,125,229,-104
104000041,397,222,175
104000042,98,140,-42
104000043,108,151,-43
104000044,137,263,-126
104000045,587,418,169
104000046,483,644,-161
104000047,347,582,-235
104000048,595,590,5
104000049,425,182,243
104000050,83,389,-306
104000051,112,365,-253
104000052,1231,1111,120
104000053,611,313,298
104000054,360,158,202
104000055,2052,1345,707
104000056,543,209,334
104000057,97,145,-48
104000058,472,453,19
104000059,394,792,-398
104000060,729,873,-144
104000061,695,526,169
104000062,242,73,169
104000064,462,170,292
104000065,93,409,-316
104000069,431,922,-491
104000070,28,275,-247
104000071,75,144,-69
104000072,239,79,160
104000075,8,115,-107
104000076,314,48,266
104000082,1525,2444,-919
104000083,438,149,289
104000084,112,310,-198
104000085,265,184,81
104000086,116,329,-213
104000087,217,1010,-793
104000090,635,490,145
104000092,1065,722,343
104000094,488,597,-109
104000095,1411,842,569
104000096,1145,57,1088
104000097,1507,373,1134
104000098,2184,392,1792
104000100,1445,388,1057
104000101,853,821,32
104000106,29,392,-363
104000107,431,172,259
104000108,149,164,-15
104000109,179,117,62
104000110,419,594,-175
104000111,1354,1498,-144
104000112,607,292,315
104000116,0,363,-363
104000117,158,197,-39
104000118,686,104,582
104000119,350,163,187
104000120,117,205,-88
104000121,139,344,-205
104000122,638,571,67
104000123,556,529,27
104000124,302,857,-555
104000125,1350,3278,-1928
104000126,288,322,-34
104000127,839,1010,-171
104000128,456,135,321
104000129,282,5,277
104000130,12,120,-108
104000131,303,220,83
104000132,244,276,-32
104000133,1043,437,606
104000134,653,1104,-451
104000135,371,1131,-760
104000136,491,2187,-1696
104000137,1267,238,1029
104000138,684,231,453
104000139,2295,1399,896
104000141,564,483,81
104000142,437,375,62
104000143,477,243,234
104000144,101,140,-39
104000145,234,134,100
104000146,154,305,-151
104000147,86,179,-93
104000148,250,144,106
104000149,137,117,20
104000150,727,271,456
104000151,196,149,47
104000152,392,253,139
104000153,445,369,76
104000154,440,221,219
104000155,340,561,-221
104000157,589,638,-49
104000158,81,268,-187
104000159,618,376,242
104000160,1133,1452,-319
104000161,105,143,-38
104000162,76,99,-23
104000165,430,519,-89
104000167,483,963,-480
104000168,414,2,412
104000169,114,30,84
104000170,178,272,-94
104000248,263,218,45
104000251,35,88,-53
104000272,0,0,0
104000273,0,0,0
104000274,0,0,0
104000275,0,0,0
104000279,417,263,154
104000290,51,141,-90
104000291,319,684,-365
104000293,688,527,161
104000294,55,0,55
104000295,452,511,-59
104000296,375,416,-41
104000297,492,1132,-640
104000298,1273,769,504
104000299,510,1025,-515
104900001,122,146,-24
104900002,36,131,-95
104900003,66,157,-91
104900004,52,94,-42
104900005,256,154,102
104900006,244,37,207
104900007,231,86,145
104900009,92,152,-60
104900010,49,31,18
104900011,4,11,-7
104900012,134,9,125
104900013,94,9,85
104900014,1109,221,888
104900015,70,3,67
104900016,187,137,50
104900017,78,103,-25
104900018,3,64,-61
104900019,115,2874,-2759
104900020,34,132,-98
104900021,0,64,-64
104900022,5,68,-63
104900023,0,12,-12
104900024,4,83,-79
104900025,63,80,-17
104900026,1,21,-20
104900027,421,219,202
104900028,9,67,-58
104900029,39,26,13
104900030,341,181,160
104900031,39,194,-155
104900032,22,48,-26
104900033,138,138,0
104900034,284,98,186
104900035,311,153,158
104900036,206,52,154
104900037,80,67,13
104900038,113,502,-389
104900039,234,222,12
104900040,304,55,249
104900041,253,110,143
104900042,126,66,60
104900043,10,150,-140
104900044,613,102,511
104900045,296,58,238
104900046,121,36,85
104900047,302,71,231
104900048,224,21,203
104900049,24,32,-8
104900050,159,20,139
104900051,209,22,187
104900052,76,2,74
104900053,281,64,217
104900054,153,15,138
104900055,99,0,99
104900056,134,23,111
104900057,18,0,18
104900058,324,92,232
104900059,141,133,8
104900060,2,182,-180
104900061,107,179,-72
104900063,0,59,-59
104900064,0,60,-60
104900065,1,135,-134
104900066,0,45,-45
104900067,2,159,-157
104900068,10,82,-72
104900070,97,116,-19
104900071,0,230,-230
104900072,36,134,-98
104900073,9,33,-24
104900074,34,69,-35
104900075,17,14,3
104900076,58,70,-12
104900077,187,169,18
104900078,121,214,-93
104900079,30,331,-301
104900080,79,422,-343
104900082,3,187,-184
104900085,5,86,-81
104900087,137,2,135
104900089,175,0,175
104900090,692,450,242
104900091,277,237,40
104900093,124,156,-32
104900097,947,1641,-694
104900098,104,20,84
104900099,63,390,-327
104900100,193,117,76
104900102,40,56,-16
104900103,212,26,186
104900104,1077,1196,-119
104900106,107,38,69
104900107,55,108,-53
104900108,7,70,-63
104900109,53,121,-68
104900110,3,69,-66
104900111,156,25,131
104900112,151,176,-25
104900113,584,118,466
104900114,288,169,119
104900115,533,124,409
104900116,330,38,292
104900118,17,20,-3
104900119,0,28,-28
104900120,9,252,-243
104900121,0,23,-23
104900122,4,14,-10
104900123,59,28,31
104900124,38,1,37
104900125,329,2,327
104900126,26,22,4
104900127,15,31,-16
104900128,55,87,-32
104900129,603,1497,-894
105000001,2045,986,1059
105000002,1757,963,794
105000003,2162,2314,-152
105000004,478,407,71
105000005,866,713,153
105000006,1052,1189,-137
105000007,1118,1417,-299
105000008,791,2734,-1943
105000009,2049,2368,-319
105000010,1709,874,835
105000011,2846,2214,632
105000012,2100,1338,762
105000013,819,855,-36
105000014,1644,2485,-841
105000015,5844,10114,-4270
105000016,926,1002,-76
105000017,941,463,478
105000018,624,1044,-420
105000019,679,727,-48
105000020,78,362,-284
105000021,152,111,41
105000022,137,105,32
105000023,370,161,209
105000028,30,55,-25
105000029,432,1025,-593
105000030,2034,1265,769
105000033,520,867,-347
105000034,61,606,-545
105000037,393,185,208
105000038,836,1072,-236
105000039,1075,559,516
105000040,657,777,-120
105000041,153,491,-338
105000042,1358,1027,331
105000043,620,794,-174
105000044,509,333,176
105000045,223,294,-71
105000046,789,299,490
105000047,363,492,-129
105000048,411,137,274
105000049,169,236,-67
105000050,491,250,241
105000051,98,231,-133
105000052,390,440,-50
105000053,57,79,-22
105000054,270,378,-108
105000055,425,174,251
105000056,951,947,4
105000057,783,271,512
105000058,682,516,166
105000059,548,424,124
105000060,304,329,-25
105000061,609,384,225
105000062,318,411,-93
105000063,238,177,61
105000064,1496,430,1066
105000065,291,317,-26
105000066,576,718,-142
105000067,974,541,433
105000068,207,481,-274
105000069,865,1338,-473
105000070,244,756,-512
105000071,198,730,-532
105000072,741,2075,-1334
105000073,626,442,184
105000074,475,361,114
105000075,321,470,-149
105000076,744,523,221
105000077,1253,688,565
105000078,695,803,-108
105000079,763,2056,-1293
105000080,1224,1008,216
105000081,1559,1035,524
105000082,575,1699,-1124
105000083,2189,2746,-557
105000084,320,454,-134
105000085,1386,1705,-319
105000086,494,490,4
105000087,835,979,-144
105000088,890,1149,-259
105000089,1174,1029,145
105000090,508,402,106
105000091,585,846,-261
105000092,461,591,-130
105000093,168,223,-55
105000094,116,110,6
105000095,77,289,-212
105000096,742,1021,-279
105000097,428,473,-45
105000098,719,526,193
105000099,511,471,40
105000100,1190,654,536
105000101,1358,820,538
105000102,948,893,55
105000103,787,1129,-342
105000104,1579,577,1002
105000105,631,977,-346
105000106,854,753,101
105000107,944,577,367
105000108,1286,862,424
105000109,1268,716,552
105000110,545,243,302
105000111,821,331,490
105000112,801,318,483
105000113,385,516,-131
105000114,1140,917,223
105000115,268,899,-631
105000116,592,336,256
105000117,646,390,256
105000118,407,197,210
105000119,291,323,-32
105000120,877,224,653
105000121,497,362,135
105000122,261,387,-126
105000123,643,454,189
105000124,1495,466,1029
105000125,539,768,-229
105000126,1419,583,836
105000127,1799,929,870
105000128,347,565,-218
105000129,688,127,561
105000130,161,2201,-2040
105000131,327,178,149
105000132,832,481,351
105000133,378,493,-115
105000134,712,267,445
105000135,206,200,6
105000136,79,135,-56
105000137,475,126,349
105000138,98,163,-65
105000139,567,384,183
105000140,361,304,57
105000141,257,219,38
105000142,178,280,-102
105000143,136,272,-136
105000144,225,353,-128
105000145,634,162,472
105000146,272,433,-161
105000147,479,268,211
105000148,735,452,283
105000149,1859,1656,203
105000150,799,560,239
105000151,416,230,186
105000152,108,224,-116
105000153,494,416,78
105000154,345,278,67
105000155,312,472,-160
105000156,319,372,-53
105000157,420,885,-465
105000158,1267,393,874
105000159,177,574,-397
105000160,1751,387,1364
105000161,469,510,-41
105000162,521,1220,-699
105000163,606,463,143
105000164,106,223,-117
105000165,425,4605,-4180
105000166,2486,639,1847
105000167,706,1482,-776
105000168,265,246,19
105000169,462,107,355
105000170,183,696,-513
105000171,704,106,598
105000172,66,12,54
105000173,161,28,133
105000174,51,25,26
105000175,87,50,37
105000176,262,38,224
105000177,275,137,138
105000178,187,149,38
105000179,580,43,537
105000180,152,46,106
105000181,116,113,3
105000182,10,18,-8
105000183,1026,1477,-451
105000184,682,522,160
105000185,590,757,-167
105000186,220,330,-110
105000187,615,107,508
105000188,98,95,3
105000189,78,296,-218
105000190,207,156,51
105000191,171,151,20
105000192,235,49,186
105000193,42,55,-13
105000194,363,94,269
105000195,208,408,-200
105000196,38,165,-127
105000197,152,294,-142
105000198,241,165,76
105000199,81,339,-258
105000200,111,249,-138
105000201,42,24,18
105000203,11,87,-76
105000204,79,48,31
105000205,83,95,-12
105000207,154,101,53
105000208,120,357,-237
105000209,150,150,0
105000212,880,374,506
105000213,66,148,-82
105000214,91,116,-25
105000215,217,93,124
105000216,149,77,72
105000217,152,99,53
105000218,1204,640,564
105000221,115,116,-1
105000222,205,33,172
105000223,149,53,96
105000226,55,68,-13
105000227,47,61,-14
105000228,80,1499,-1419
105000229,121,340,-219
105000231,271,211,60
105000233,605,382,223
105000234,311,519,-208
105000235,245,398,-153
105000237,630,47,583
105000243,26,21,5
105000248,16,39,-23
105000262,244,396,-152
105000269,94,121,-27
105000270,420,20,400
105000271,0,92,-92
105000282,35,17,18
105000287,219,87,132
105000288,401,219,182
105000289,1148,1419,-271
105000290,8,1,7
105000402,1520,2589,-1069
105000426,199,327,-128
105000438,1892,1140,752
105000446,4048,3119,929
105000447,1859,1199,660
105000454,553,205,348
105000455,142,79,63
105000474,40,1,39
105000477,358,354,4
105000478,1348,3906,-2558
105000479,58,99,-41
105000480,4951,6248,-1297
105000481,3398,2611,787
105000482,2208,3732,-1524
105000483,1278,1821,-543
105000484,1008,1626,-618
105000485,904,2266,-1362
105000486,1234,1621,-387
105000488,4457,2243,2214
105000489,655,416,239
105000549,35,66,-31
105000550,259,710,-451
105000551,15,76,-61
105000552,1123,695,428
105000555,555,790,-235
105000556,7,6,1
105000557,6,17,-11
105900001,1,1139,-1138
105900002,460,512,-52
105900003,14,62,-48
105900004,92,69,23
105900005,1,113,-112
105900006,9,58,-49
105900007,17,9,8
105900008,57,297,-240
105900009,9,8,1
105900011,55,12,43
105900012,221,46,175
105900013,2,21,-19
105900014,2,58,-56
105900015,69,203,-134
105900016,244,125,119
105900017,725,22,703
105900018,156,91,65
105900019,35,104,-69
105900020,27,36,-9
105900021,8,112,-104
105900022,158,54,104
105900023,1,35,-34
105900024,2,108,-106
105900025,117,6,111
105900026,99,7,92
105900027,5418,3052,2366
105900028,120,79,41
105900029,1187,255,932
105900030,110,169,-59
105900031,207,97,110
105900032,64,49,15
105900033,52,41,11
105900034,179,66,113
105900035,106,115,-9
105900036,112,61,51
105900037,72,38,34
105900038,107,104,3
105900039,93,64,29
105900040,53,64,-11
105900041,82,63,19
105900042,35,86,-51
105900043,549,24,525
105900044,2,184,-182
105900045,2,505,-503
105900046,4,140,-136
105900047,3,23,-20
105900048,63,229,-166
105900050,2310,3227,-917
105900051,33,633,-600
105900052,296,101,195
105900053,870,1436,-566
105900054,153,78,75
105900056,248,200,48
105900057,6,42,-36
105900058,7,3,4
105900059,0,43,-43
106000001,1957,1514,443
106000002,749,2744,-1995
106000003,1954,2468,-514
106000004,907,1473,-566
106000005,2955,2941,14
106000006,2891,1465,1426
106000007,358,360,-2
106000008,295,188,107
106000009,445,241,204
106000010,272,339,-67
106000011,1105,695,410
106000012,631,594,37
106000013,1359,1208,151
106000014,959,699,260
106000015,1529,771,758
106000016,686,904,-218
106000017,459,544,-85
106000018,384,287,97
106000019,266,337,-71
106000020,312,192,120
106000021,237,323,-86
106000022,246,128,118
106000023,442,178,264
106000024,355,252,103
106000025,63,147,-84
106000026,78,96,-18
106000027,1267,939,328
106000028,436,242,194
106000029,450,446,4
106000030,213,323,-110
106000034,149,285,-136
106000035,653,1377,-724
106000036,95,253,-158
106000037,933,747,186
106000038,73,56,17
106000039,61,67,-6
106000040,72,613,-541
106000041,426,285,141
106000043,300,159,141
106000046,173,40,133
106000047,18,244,-226
106000049,826,137,689
106000050,221,283,-62
106000051,566,372,194
106000052,55,213,-158
106000053,310,122,188
106000054,187,212,-25
106000055,776,479,297
106000056,190,184,6
106000057,391,145,246
106000058,73,72,1
106000059,271,204,67
106000060,188,225,-37
106000061,182,481,-299
106000062,114,241,-127
106000063,601,485,116
106000064,22,151,-129
106000065,321,182,139
106000066,58,126,-68
106000067,285,41,244
106000068,70,325,-255
106000069,236,52,184
106000070,283,344,-61
106000071,677,247,430
106000072,1464,951,513
106000073,953,2430,-1477
106000074,420,479,-59
106000075,230,881,-651
106000076,1241,1092,149
106000077,1841,768,1073
106000078,820,484,336
106000079,544,407,137
106000080,802,270,532
106000081,585,610,-25
106000082,1311,471,840
106000083,402,878,-476
106000084,740,418,322
106000085,889,955,-66
106000086,407,610,-203
106000087,606,353,253
106000088,285,482,-197
106000089,757,216,541
106000090,244,368,-124
106000091,158,256,-98
106000092,419,133,286
106000093,206,69,137
106000094,30,138,-108
106000095,742,412,330
106000096,669,338,331
106000097,926,394,532
106000098,634,432,202
106000099,177,404,-227
106000100,902,105,797
106000101,453,139,314
106000102,74,296,-222
106000103,192,216,-24
106000104,589,244,345
106000105,350,303,47
106000106,528,210,318
106000107,110,156,-46
106000108,309,135,174
106000109,176,126,50
106000110,279,151,128
106000111,128,132,-4
106000112,252,350,-98
106000113,317,325,-8
106000114,300,516,-216
106000115,148,201,-53
106000116,258,132,126
106000117,492,276,216
106000118,895,814,81
106000119,607,378,229
106000120,617,953,-336
106000121,163,93,70
106000122,136,75,61
106000123,348,47,301
106000124,100,65,35
106000125,29,104,-75
106000126,227,36,191
106000127,756,315,441
106000128,693,66,627
106000129,389,238,151
106000130,668,205,463
106000131,73,534,-461
106000132,397,140,257
106000133,900,835,65
106000134,262,1315,-1053
106000135,84,327,-243
106000136,421,729,-308
106000137,20,366,-346
106000138,970,60,910
106000139,27,41,-14
106000140,37,34,3
106000141,78,28,50
106000142,67,39,28
106000143,12,20,-8
106000144,45,36,9
106000145,215,89,126
106000146,384,63,321
106000147,220,168,52
106000148,269,362,-93
106000149,405,171,234
106000150,370,1292,-922
106000151,1681,440,1241
106000152,491,1227,-736
106000153,59,1056,-997
106000154,554,143,411
106000155,111,213,-102
106000156,812,124,688
106000157,330,935,-605
106000158,898,586,312
106000159,1180,1262,-82
106000160,334,2134,-1800
106000161,817,155,662
106000162,248,631,-383
106000163,232,153,79
106000164,372,132,240
106000165,155,241,-86
106000166,582,142,440
106000167,305,369,-64
106000168,550,130,420
106000169,139,238,-99
106000170,713,98,615
106000171,148,624,-476
106000172,1678,745,933
106000173,745,1175,-430
106000174,740,186,554
106000175,206,338,-132
106000176,1170,515,655
106000177,429,1071,-642
106000178,1966,938,1028
106000179,578,908,-330
106000180,450,493,-43
106000181,557,726,-169
106000182,1076,353,723
106000183,1250,311,939
106000184,1358,289,1069
106000185,736,711,25
106000186,390,53,337
106000187,86,537,-451
106000188,0,1,-1
106000189,2,13,-11
106000190,8,2,6
106000191,430,65,365
106000192,0,6,-6
106000193,226,120,106
106000194,42,135,-93
106000195,141,40,101
106000196,65,159,-94
106000197,417,109,308
106000198,157,82,75
106000199,330,400,-70
106000200,132,115,17
106000201,246,2277,-2031
106000202,1455,326,1129
106000203,10,92,-82
106000204,63,3,60
106000205,4,71,-67
106000206,52,6,46
106000207,10,207,-197
106000208,959,89,870
106000209,1213,318,895
106000210,121,369,-248
106000211,114,566,-452
106000212,664,428,236
106000213,184,905,-721
106000214,1053,282,771
106000215,201,257,-56
106000216,279,239,40
106000217,164,209,-45
106000218,314,171,143
106000219,117,162,-45
106000220,342,102,240
106000221,176,100,76
106000222,51,57,-6
106000223,276,58,218
106000224,233,65,168
106000225,65,106,-41
106000226,84,96,-12
106000228,34,87,-53
106000229,48,447,-399
106000231,647,93,554
106000232,60,126,-66
106000233,388,52,336
106000234,29,145,-116
106000235,142,72,70
106000236,41,56,-15
106000237,0,6,-6
106000238,6,16,-10
106000239,0,45,-45
106000240,17,2,15
106000241,6,314,-308
106000242,170,18,152
106000249,51,20,31
106000250,59,346,-287
106000251,62,15,47
106000252,5,23,-18
106000253,23,57,-34
106000254,50,15,35
106000255,3,73,-70
106000256,19,12,7
106000257,84,94,-10
106000258,87,11,76
106000259,7,24,-17
106000260,20,3,17
106000261,0,15,-15
106000262,35,3,32
106000263,7,26,-19
106000264,67,5,62
106000265,9,40,-31
106000266,74,15,59
106000267,2,40,-38
106000268,176,19,157
106000269,28,16,12
106000270,126,184,-58
106000271,50,66,-16
106000272,144,22,122
106000273,0,115,-115
106000274,56,20,36
106000275,52,136,-84
106000276,67,30,37
106000277,77,130,-53
106000278,75,12,63
106000279,7,9,-2
106000280,49,17,32
106000281,58,45,13
106000282,31,33,-2
106000283,100,46,54
106000284,80,48,32
106000285,80,41,39
106000286,54,53,1
106000287,68,46,22
106000288,45,89,-44
106000289,54,72,-18
106000290,27,26,1
106000291,60,79,-19
106000292,30,41,-11
106000293,60,58,2
106000294,95,55,40
106000295,34,35,-1
106000296,34,65,-31
106000297,42,100,-58
106000298,53,41,12
106000299,24,76,-52
106000300,29,50,-21
106000301,23,64,-41
106000303,37,33,4
106000304,17,8,9
106000305,13,30,-17
106000306,36,27,9
106000307,46,16,30
106000308,26,30,-4
106000309,12,19,-7
106000310,178,176,2
106000311,273,112,161
106000312,93,63,30
106000313,242,119,123
106000318,21,228,-207
106000319,838,223,615
106000320,0,44,-44
106000321,171,73,98
106000322,143,59,84
106000324,9,83,-74
106000325,1444,628,816
106000326,649,783,-134
106000327,181,44,137
106000328,6,37,-31
106000329,29,93,-64
106000330,17,74,-57
106000428,78,164,-86
106000429,169,248,-79
106000430,219,694,-475
106000431,1540,289,1251
106000432,993,1610,-617
106000433,1900,1036,864
106000434,2317,904,1413
106000435,738,1373,-635
106000436,7,63,-56
106000437,230,57,173
106000438,245,139,106
106000439,75,244,-169
106000440,148,217,-69
106000441,1,1,0
106000442,110,7,103
106000443,195,98,97
106000450,1,48,-47
106000451,18,73,-55
106000454,4,33,-29
106000455,2,81,-79
106000456,72,16,56
106000457,8,277,-269
106000458,738,22,716
106000459,162,71,91
106000460,1157,12,1145
106000461,97,262,-165
106000462,0,26,-26
106000463,7,4,3
106000464,2,116,-114
106000465,657,1,656
106000466,3,157,-154
106000467,92,124,-32
106000468,53,92,-39
106000469,44,1,43
106000470,172,1268,-1096
106000471,9,183,-174
106000472,107,12,95
106000473,35,8,27
106000474,148,221,-73
106000475,255,74,181
106000476,99,160,-61
106000477,21,31,-10
106000480,1,247,-246
106900001,0,11,-11
106900002,1,123,-122
106900003,78,610,-532
106900004,1,8,-7
106900006,0,7,-7
106900007,0,9,-9
106900008,437,40,397
106900009,245,148,97
106900010,154,181,-27
106900012,776,1641,-865
106900013,301,137,164
106900014,24,0,24
106900015,15,0,15
106900016,279,11,268
106900017,1,1,0
106900018,1,1,0
106900019,40,3,37
106900020,1078,1268,-190
106900021,183,175,8
106900022,752,4,748
106900023,29,182,-153
106900024,344,48,296
106900025,16,209,-193
106900026,0,151,-151
106900027,567,5,562
107000001,2158,2893,-735
107000002,1160,2005,-845
107000003,4903,4112,791
107000004,2330,1502,828
107000005,4469,3867,602
107000006,2307,1221,1086
107000007,3903,6372,-2469
107000008,3514,2846,668
107000009,6237,5713,524
107000010,4300,3650,650
107000011,490,613,-123
107000012,2002,1311,691
107000013,102,28,74
107000014,30,75,-45
107000015,324,270,54
107000016,512,355,157
107000017,560,1330,-770
107000018,1,910,-909
107000020,428,1518,-1090
107000021,632,264,368
107000022,401,1165,-764
107000023,956,108,848
107000024,419,748,-329
107000025,87,250,-163
107000026,244,202,42
107000027,1028,553,475
107000028,953,484,469
107000029,2181,1974,207
107000030,1362,1149,213
107000031,3401,1669,1732
107000032,251,448,-197
107000033,1551,1815,-264
107000034,2332,698,1634
107000035,257,113,144
107000036,326,786,-460
107000037,91,483,-392
107000038,81,103,-22
107000039,680,505,175
107000040,141,124,17
107000041,916,463,453
107000042,411,1297,-886
107000043,1307,711,596
107000044,248,155,93
107000045,32,139,-107
107000046,497,276,221
107000047,314,413,-99
107000048,506,186,320
107000049,404,501,-97
107000050,777,336,441
107000051,155,179,-24
107000052,746,791,-45
107000053,261,182,79
107000054,39,143,-104
107000055,280,96,184
107000056,318,407,-89
107000057,798,122,676
107000058,1425,1619,-194
107000059,1149,1801,-652
107000060,3694,3651,43
107000061,2984,1539,1445
107000062,3958,2063,1895
107000063,3013,2118,895
107000064,3818,1535,2283
107000065,1846,2045,-199
107000066,1209,1857,-648
107000067,764,1059,-295
107000068,698,743,-45
107000069,821,441,380
107000070,807,2,805
107000071,3286,39,3247
107000072,33,1161,-1128
107000073,669,407,262
107000074,98,459,-361
107000075,1517,394,1123
107000076,287,640,-353
107000077,2806,1172,1634
107000078,1326,1362,-36
107000079,2080,848,1232
107000080,638,1421,-783
107000081,1765,461,1304
107000082,490,604,-114
107000083,984,297,687
107000084,230,640,-410
107000085,2190,2207,-17
107000086,1818,1845,-27
107000087,2231,1564,667
107000088,1991,1781,210
107000089,1489,1128,361
107000090,775,458,317
107000091,1409,699,710
107000092,613,565,48
107000093,1032,679,353
107000094,583,591,-8
107000095,705,420,285
107000096,330,353,-23
107000097,516,201,315
107000098,284,239,45
107000099,259,193,66
107000100,156,121,35
107000101,47,103,-56
107000102,119,115,4
107000103,195,134,61
107000104,112,127,-15
107000105,291,100,191
107000106,123,125,-2
107000107,399,79,320
107000108,90,203,-113
107000109,530,64,466
107000110,35,207,-172
107000111,429,28,401
107000112,42,169,-127
107000113,695,81,614
107000114,72,206,-134
107000115,605,217,388
107000116,72,377,-305
107000117,136,708,-572
107000118,81,112,-31
107000119,892,1248,-356
107000120,599,503,96
107000121,667,505,162
107000122,758,377,381
107000123,495,359,136
107000124,416,317,99
107000125,882,311,571
107000126,721,291,430
107000129,146,272,-126
107000130,526,216,310
107000131,256,273,-17
107000132,451,223,228
107000133,242,137,105
107000134,197,0,197
107000135,0,295,-295
107000136,393,7,386
107000137,7,303,-296
107000138,147,38,109
107000139,7,387,-380
107000140,1189,63,1126
107000141,77,397,-320
107000142,381,58,323
107000143,51,372,-321
107000144,505,326,179
107000145,110,247,-137
107000146,126,190,-64
107000147,2643,634,2009
107000150,329,1768,-1439
107000151,12,62,-50
107000152,459,1144,-685
107000153,81,203,-122
107000154,57,232,-175
107000155,574,6,568
107000156,853,6,847
107000157,17,432,-415
107000158,648,18,630
107000159,16,298,-282
107000160,1129,98,1031
107000161,70,410,-340
107000162,174,379,-205
107000163,131,7,124
107000164,601,1,600
107000165,911,3,908
107000166,24,438,-414
107000167,466,114,352
107000168,863,342,521
107000169,366,319,47
107000170,2221,488,1733
107000171,506,567,-61
107000172,877,1142,-265
107000173,360,334,26
107000174,855,4119,-3264
107000175,2405,655,1750
107000176,1,0,1
107000177,1,0,1
107000178,17,6,11
107000179,201,860,-659
107000180,1267,129,1138
107000181,376,448,-72
107000182,1633,477,1156
107000183,115,386,-271
107000184,1014,404,610
107000185,290,757,-467
107000186,1049,327,722
107000187,797,862,-65
107000188,427,348,79
107000189,389,556,-167
107000190,462,382,80
107000191,672,643,29
107000192,1213,325,888
107000193,378,270,108
107000194,555,379,176
107000197,723,239,484
107000198,243,359,-116
107000199,880,430,450
107000200,322,449,-127
107000201,363,375,-12
107000202,223,241,-18
107000203,676,1179,-503
107000204,645,1262,-617
107000205,966,512,454
107000206,315,1233,-918
107000207,350,948,-598
107000208,422,415,7
107000209,645,903,-258
107000210,182,129,53
107000211,1,53,-52
107000212,5,174,-169
107000213,2,14,-12
107000214,10,62,-52
107000215,326,156,170
107000216,327,156,171
107000217,121,81,40
107000219,49,198,-149
107000220,162,72,90
107000222,189,239,-50
107000224,288,42,246
107000225,102,168,-66
107000226,440,43,397
107000227,70,99,-29
107000228,161,331,-170
107000229,49,57,-8
107000230,771,260,511
107000231,507,1274,-767
107000232,120,25,95
107000233,371,675,-304
107000234,1,33,-32
107000235,52,18,34
107000236,13,260,-247
107000237,39,1,38
107000238,24,4,20
107000239,1026,294,732
107000240,67,279,-212
107000243,0,40,-40
107000244,5,29,-24
107000246,5,1325,-1320
107000249,6,1226,-1220
107000251,1,403,-402
107000252,1,373,-372
107000255,173,108,65
107000257,1,269,-268
107000258,1,107,-106
107000259,3,90,-87
107000260,1267,10,1257
107000262,5,168,-163
107000263,238,5,233
107000266,6,10,-4
107000267,29,51,-22
107000268,70,38,32
107000269,63,31,32
107000270,206,52,154
107000271,4,0,4
107000272,161,0,161
107000273,1,93,-92
107000274,240,97,143
107000275,4,466,-462
107000280,743,30,713
107000281,32,258,-226
107000282,8,230,-222
107000290,9,20,-11
107000291,24,2,22
107000292,2,143,-141
107000293,22,2,20
107000294,0,24,-24
107000295,13,5,8
107000296,0,8,-8
107000444,243,1,242
107000496,4,1,3
107000497,935,826,109
107000500,255,135,120
107000501,58,118,-60
107000502,137,143,-6
107000505,159,533,-374
107000506,0,0,0
107000508,2,187,-185
107000509,122,429,-307
107000510,29,23,6
107000514,30,233,-203
107000515,7,65,-58
107000516,440,176,264
107000518,790,1101,-311
107000519,893,407,486
107000520,37,28,9
107000521,546,142,404
107000522,744,291,453
107900001,86,62,24
107900002,47,8,39
107900003,110,6,104
107900004,46,1,45
107900005,1339,8,1331
107900006,132,2,130
107900007,260,28,232
107900008,38,6,32
107900009,126,3,123
107900010,36,10,26
107900012,201,73,128
107900013,111,10,101
107900014,31,4,27
107900015,837,7,830
107900016,190,71,119
107900017,16,2,14
107900018,39,131,-92
107900019,10,11,-1
107900020,29,10,19
107900021,86,49,37
107900023,0,1,-1
107900024,0,9,-9
107900025,124,110,14
107900026,56,15,41
107900027,8,20,-12
107900028,98,17,81
107900030,162,27,135
107900031,71,51,20
107900032,11,2,9
107900033,14,7,7
107900034,212,15,197
107900035,758,26,732
107900036,48,23,25
107900037,0,6,-6
107900038,52,211,-159
107900039,20,12,8
107900040,3,128,-125
107900041,1,2,-1
107900043,22,47,-25
107900044,11,7,4
107900045,65,34,31
107900046,112,145,-33
107900047,47,12,35
107900048,155,14,141
107900049,163,461,-298
107900050,46,96,-50
107900051,50,11,39
107900052,2,50,-48
107900053,42,40,2
107900055,413,156,257
107900056,89,57,32
107900057,3,0,3
107900058,18,242,-224
107900060,12,22,-10
107900061,4,17,-13
107900063,90,110,-20
107900064,147,153,-6
107900065,184,12,172
107900066,23,5,18
107900067,0,0,0
107900068,56,663,-607
107900069,20,1750,-1730
107900070,100,57,43
107900071,16,180,-164
107900072,77,69,8
107900073,112,47,65
107900074,255,235,20
107900076,158,35,123
107900077,83,4,79
107900079,6,15,-9
107900080,169,672,-503
107900081,65,42,23
107900082,5,3,2
107900083,231,100,131
107900084,63,67,-4
107900086,30,150,-120
107900087,245,119,126
107900088,40,10,30
107900089,137,463,-326
107900090,236,1287,-1051
107900091,71,103,-32
107900092,8,0,8
107900093,37,37,0
107900095,1230,1362,-132
107900097,16,34,-18
107900098,41,100,-59
107900100,432,933,-501
107900101,410,57,353
107900102,25,8,17
107900103,34,65,-31
107900104,122,2,120
107900105,1,104,-103
107900106,1,399,-398
107900107,402,361,41
107900108,88,79,9
107900109,1525,36,1489
107900110,37,20,17
107900111,9,227,-218
107900112,65,330,-265
107900113,147,36,111
107900114,224,37,187
107900115,0,6,-6
107900116,104,36,68
107900117,99,83,16
107900118,33,51,-18
107900119,52,145,-93
107900120,24,53,-29
107900121,0,45,-45
107900122,0,44,-44
107900123,4,34,-30
107900124,6,33,-27
107900125,21,89,-68
107900126,26,35,-9
107900127,173,223,-50
107900128,65,58,7
107900129,49,6,43
107900130,62,6,56
107900131,126,269,-143
107900132,42,106,-64
107900133,4,31,-27
107900134,25,124,-99
107900135,2,82,-80
107900136,17,26,-9
107900137,42,69,-27
107900138,53,24,29
107900139,35,29,6
107900141,23,10,13
107900142,18,244,-226
107900143,14,8,6
107900144,1,85,-84
107900145,2,30,-28
107900146,30,56,-26
107900147,16,34,-18
107900148,98,50,48
107900149,284,76,208
107900150,33,172,-139
107900151,33,51,-18
107900152,1,37,-36
107900153,38,202,-164
107900154,43,24,19
107900155,50,41,9
107900156,5,104,-99
107900157,15,36,-21
107900158,731,19,712
107900159,17,194,-177
107900160,163,121,42
107900161,32,30,2
107900162,0,31,-31
107900163,9,25,-16
107900164,13,19,-6
107900165,12,80,-68
107900166,25,68,-43
107900167,20,39,-19
107900168,36,16,20
107900169,2,75,-73
107900171,4,290,-286
107900172,1,111,-110
107900173,10,61,-51
107900174,169,6,163
107900175,7,35,-28
107900176,21,9,12
107900177,6,43,-37
107900178,0,70,-70
107900179,18,70,-52
107900180,276,572,-296
107900181,136,133,3
107900182,1,248,-247
107900183,43,55,-12
107900184,85,69,16
107900185,121,3,118
107900186,11,24,-13
107900187,1,80,-79
107900188,195,86,109
107900189,8,42,-34
107900190,28,111,-83
107900191,51,30,21
107900193,1,71,-70
107900194,132,3,129
107900195,628,146,482
107900196,44,29,15
107900197,169,220,-51
107900199,0,272,-272
107900201,54,43,11
107900203,25,29,-4
107900204,98,170,-72
107900206,671,340,331
107900207,1,187,-186
107900208,5,140,-135
107900209,123,74,49
107900210,35,35,0
107900213,197,266,-69
107900214,12,40,-28
107900215,68,239,-171
107900216,120,54,66
107900217,20,40,-20
107900218,15,620,-605
107900219,17,13,4
107900220,72,155,-83
107900221,77,80,-3
107900223,112,115,-3
107900224,62,258,-196
107900225,1,175,-174
107900226,51,50,1
107900227,59,144,-85
107900228,15,61,-46
107900229,0,44,-44
107900230,12,20,-8
107900231,14,77,-63
107900232,75,51,24
107900233,8,49,-41
107900234,58,42,16
107900235,7,79,-72
107900236,183,37,146
107900237,25,161,-136
107900238,20,25,-5
107900239,300,341,-41
107900240,15,36,-21
107900241,17,29,-12
107900242,23,51,-28
107900243,2,30,-28
107900244,247,3,244
107900245,449,14,435
107900246,208,25,183
107900248,596,59,537
107900249,576,28,548
107900250,0,146,-146
107900251,63,465,-402
107900252,479,19,460
107900253,120,5,115
107900254,30,101,-71
107900255,114,62,52
107900256,206,301,-95
107900257,188,73,115
107900258,81,51,30
107900259,41,1706,-1665
107900261,0,67,-67
107900262,16,55,-39
107900264,161,3,158
107900265,68,40,28
107900267,304,12,292
107900268,11,4,7
107900269,0,1,-1
107900270,1,0,1
107900271,0,22,-22
107900272,36,31,5
107900273,70,73,-3
107900274,113,0,113
107900275,28,0,28
107900276,0,38,-38
107900277,1,102,-101
107900278,314,132,182
107900279,66,94,-28
107900280,1572,1170,402
107900281,273,2568,-2295
107900282,21,456,-435
107900283,527,500,27
107900284,437,261,176
107900285,81,17,64
107900286,26,44,-18
107900287,213,134,79
107900290,0,117,-117
107900291,433,47,386
107900292,51,78,-27
107900293,70,139,-69
107900295,50,40,10
107900297,3,123,-120
107900298,328,238,90
107900299,1357,1882,-525
107900300,45,124,-79
107900301,403,564,-161
107900302,53,20,33
107900303,200,87,113
107900304,309,134,175
107900305,229,5,224
107900306,5,37,-32
107900307,31,204,-173
107900308,127,91,36
107900309,31,0,31
107900310,59,0,59
107900311,0,208,-208
107900312,32,0,32
107900313,0,80,-80
107900314,1,45,-44
107900315,0,30,-30
107900316,22,1,21
107900317,56,3,53
107900318,2,58,-56
107900319,6,44,-38
107900320,0,50,-50
107900321,111,3,108
107900322,2,22,-20
107900323,2,51,-49
107900324,102,1,101
107900325,119,0,119
107900326,336,74,262
107900327,1,84,-83
107900328,43,0,43
107900329,26,63,-37
107900330,7,66,-59
107900331,273,11,262
107900332,357,17,340
107900333,74,30,44
107900334,3,39,-36
107900335,14,19,-5
107900336,29,51,-22
107900337,326,710,-384
107900338,2,67,-65
107900339,0,8,-8
107900340,0,72,-72
107900341,42,3,39
107900342,112,47,65
107900343,25,0,25
107900344,10,15,-5
107900345,39,9,30
107900346,17,0,17
107900347,12,1,11
107900348,1,1,0
107900349,25,6,19
107900350,10,109,-99
107900351,2,33,-31
107900352,1,10,-9
107900353,6,2,4
107900354,8,24,-16
108000001,2571,2699,-128
108000002,1375,1162,213
108000003,2282,2411,-129
108000004,7281,7495,-214
108000005,5284,4480,804
108000006,3506,3387,119
108000007,3659,2986,673
108000008,2839,2919,-80
108000009,2978,3284,-306
108000010,1906,2268,-362
108000011,8608,8071,537
108000012,7655,7208,447
108000014,454,1018,-564
108000015,657,177,480
108000016,236,880,-644
108000017,889,252,637
108000018,1481,382,1099
108000019,802,568,234
108000020,875,375,500
108000021,227,988,-761
108000022,251,706,-455
108000023,1054,143,911
108000024,248,193,55
108000025,209,144,65
108000026,648,113,535
108000027,561,211,350
108000028,670,131,539
108000029,424,285,139
108000030,360,83,277
108000031,125,247,-122
108000032,1593,461,1132
108000033,626,558,68
108000034,1248,242,1006
108000035,400,1026,-626
108000036,238,480,-242
108000037,1498,201,1297
108000038,2070,342,1728
108000039,319,923,-604
108000040,1505,660,845
108000041,417,1187,-770
108000042,276,146,130
108000043,127,70,57
108000044,529,91,438
108000045,249,176,73
108000046,1159,187,972
108000047,293,384,-91
108000048,73,189,-116
108000049,639,159,480
108000050,57,255,-198
108000051,359,98,261
108000052,92,292,-200
108000053,351,148,203
108000054,236,485,-249
108000055,747,454,293
108000056,550,802,-252
108000057,410,1004,-594
108000058,1447,2609,-1162
108000059,1636,1080,556
108000060,183,394,-211
108000061,110,186,-76
108000062,728,386,342
108000063,319,252,67
108000064,181,142,39
108000065,456,253,203
108000066,989,461,528
108000067,1579,536,1043
108000068,630,283,347
108000069,191,408,-217
108000070,1505,475,1030
108000071,398,644,-246
108000072,1465,590,875
108000073,745,811,-66
108000074,550,318,232
108000075,220,428,-208
108000076,570,438,132
108000077,436,298,138
108000078,1824,698,1126
108000079,483,580,-97
108000080,1001,291,710
108000081,340,563,-223
108000082,508,905,-397
108000083,1292,690,602
108000084,289,591,-302
108000085,727,334,393
108000086,367,281,86
108000087,93,1566,-1473
108000088,417,48,369
108000089,229,178,51
108000090,163,43,120
108000091,147,272,-125
108000092,114,84,30
108000093,180,150,30
108000094,550,93,457
108000095,134,125,9
108000096,286,90,196
108000097,126,145,-19
108000098,1341,563,778
108000099,538,102,436
108000100,96,264,-168
108000101,937,1153,-216
108000102,1193,2454,-1261
108000106,584,1,583
108000107,1,525,-524
108000108,412,37,375
108000109,4,467,-463
108000110,256,211,45
108000111,78,290,-212
108000112,51,96,-45
108000113,283,117,166
108000115,166,144,22
108000117,325,229,96
108000118,176,888,-712
108000119,389,149,240
108000120,105,544,-439
108000121,150,196,-46
108000122,523,240,283
108000123,494,89,405
108000124,260,198,62
108000125,495,107,388
108000126,145,162,-17
108000127,432,148,284
108000128,502,168,334
108000129,168,284,-116
108000130,308,126,182
108000131,643,368,275
108000132,788,551,237
108000133,786,369,417
108000134,281,236,45
108000135,978,414,564
108000136,140,355,-215
108000137,432,106,326
108000138,276,398,-122
108000139,428,147,281
108000140,131,12,119
108000141,31,13,18
108000142,53,35,18
108000143,23,78,-55
108000144,243,24,219
108000145,49,4,45
108000146,417,15,402
108000147,28,8,20
108000148,307,38,269
108000149,11,4,7
108000150,52,9,43
108000151,29,13,16
108000152,84,121,-37
108000153,515,86,429
108000154,27,8,19
108000155,37,10,27
108000156,313,146,167
108000157,115,973,-858
108000158,51,628,-577
108000159,214,145,69
108000160,1049,731,318
108000161,984,2203,-1219
108000165,4,163,-159
108000172,4,165,-161
108000173,507,1510,-1003
108000175,637,91,546
108000178,214,145,69
108000179,110,699,-589
108000181,51,16,35
108000182,96,27,69
108000183,6,91,-85
108000184,457,1867,-1410
108000185,141,132,9
108000186,242,60,182
108000187,124,164,-40
108000188,472,99,373
108000189,439,4683,-4244
108000190,18,49,-31
108000192,168,234,-66
108000193,275,16,259
108000194,21,5,16
108000195,2,409,-407
108000196,121,110,11
108000198,496,95,401
108000199,0,327,-327
108000200,341,110,231
108000203,126,157,-31
108000204,73,52,21
108000205,147,172,-25
108000339,566,296,270
108000364,103,268,-165
108000365,30,141,-111
108000367,108,124,-16
108000368,7,34,-27
108000369,327,101,226
108000371,7,426,-419
108000372,461,2,459
108000373,149,78,71
108000376,96,20,76
108000377,404,108,296
108000378,6009,7627,-1618
108000379,12,96,-84
108000381,74,6,68
108000382,67,0,67
108000383,0,206,-206
108900001,52,280,-228
108900002,117,45,72
108900003,200,293,-93
108900004,468,267,201
108900005,21,152,-131
108900006,309,67,242
108900007,274,105,169
108900008,140,64,76
108900009,58,76,-18
108900010,257,91,166
108900011,559,264,295
108900012,350,240,110
108900013,138,164,-26
108900014,16,68,-52
108900015,5,264,-259
108900016,3,173,-170
108900017,163,278,-115
108900018,113,138,-25
108900019,17,153,-136
108900020,76,86,-10
108900021,84,94,-10
108900022,78,4,74
108900023,1,10,-9
108900024,27,29,-2
108900025,153,43,110
108900026,15,47,-32
108900027,0,24,-24
108900028,72,85,-13
108900029,45,98,-53
108900030,0,19,-19
108900031,127,134,-7
108900032,4,81,-77
108900033,0,47,-47
108900034,0,74,-74
108900035,172,420,-248
108900036,37,47,-10
108900037,20,51,-31
108900038,1,117,-116
108900039,2,123,-121
108900040,7,41,-34
108900041,2208,2545,-337
108900042,2,362,-360
108900043,25,176,-151
108900044,0,167,-167
108900045,61,174,-113
108900046,13,242,-229
108900047,0,168,-168
108900048,66,404,-338
108900049,785,1344,-559
108900050,1,69,-68
108900051,0,77,-77
108900052,21,64,-43
108900053,23,187,-164
108900054,38,80,-42
108900055,21,190,-169
108900056,0,52,-52
108900057,0,52,-52
108900058,23,110,-87
108900059,546,41,505
108900060,72,95,-23
108900061,46,17,29
108900062,1,61,-60
108900063,6,61,-55
108900064,251,14,237
108900065,5,60,-55
108900066,338,103,235
108900067,5,70,-65
108900068,3,49,-46
108900069,67,26,41
108900070,41,45,-4
108900071,80,43,37
108900072,915,307,608
108900073,51,88,-37
108900074,223,76,147
108900075,32,18,14
108900076,336,51,285
108900077,53,175,-122
108900078,30,51,-21
108900079,306,98,208
108900080,25,617,-592
108900081,22,169,-147
108900082,85,53,32
108900083,8,140,-132
108900084,81,36,45
108900085,674,104,570
108900086,194,58,136
108900087,45,102,-57
108900088,756,290,466
108900089,8,78,-70
108900090,75,70,5
108900091,51,58,-7
108900092,427,168,259
108900093,82,59,23
108900094,152,40,112
108900095,10,156,-146
108900096,163,7,156
108900097,209,59,150
108900098,899,711,188
108900099,286,80,206
108900100,47,44,3
108900101,125,206,-81
108900102,36,852,-816
108900103,62,103,-41
108900104,47,87,-40
108900105,4,1251,-1247
108900106,480,128,352
108900108,188,16,172
108900109,408,37,371
108900110,201,122,79
108900111,373,206,167
108900112,125,7,118
108900113,30,62,-32
108900114,48,4,44
108900115,108,46,62
108900116,46,1,45
108900117,142,10,132
108900118,534,34,500
108900119,273,18,255
108900120,193,180,13
108900121,206,98,108
108900122,119,11,108
108900123,114,117,-3
108900124,433,126,307
108900125,505,2,503
108900126,169,17,152
108900127,156,30,126
108900128,131,28,103
108900129,656,133,523
108900130,401,2,399
108900131,344,2,342
108900132,405,76,329
108900133,272,23,249
108900134,468,95,373
108900135,195,15,180
108900136,15,2,13
108900137,116,1,115
108900138,703,31,672
108900139,239,34,205
108900140,338,95,243
108900141,322,5,317
108900142,54,15,39
108900143,104,0,104
108900144,83,1,82
108900145,186,17,169
108900146,89,0,89
108900147,234,0,234
108900148,44,12,32
108900149,130,42,88
108900150,165,1,164
108900151,70,19,51
108900152,167,10,157
108900153,161,109,52
108900154,3397,270,3127
108900155,114,13,101
108900156,61,2,59
108900157,12,158,-146
108900158,363,16,347
108900159,3,61,-58
108900160,10,141,-131
108900161,2,99,-97
108900162,93,0,93
108900163,4,247,-243
108900164,72,29,43
108900165,49,19,30
108900167,244,3058,-2814
108900168,2906,1782,1124
108900169,61,44,17
108900171,1587,2204,-617
108900172,152,21,131
108900173,58,210,-152
108900174,909,347,562
108900176,34,188,-154
108900177,1760,4698,-2938
108900178,1687,2695,-1008
108900179,121,553,-432
108900180,70,201,-131
108900182,9,107,-98
108900183,73,162,-89
108900184,307,96,211
108900185,87,140,-53
108900186,41,155,-114
108900187,154,9,145
108900188,309,16,293
108900189,283,65,218
108900190,137,812,-675
108900191,60,15,45
108900192,66,123,-57
108900193,16,8,8
108900194,4,74,-70
108900195,61,73,-12
108900196,17,122,-105
108900198,2,69,-67
108900199,138,136,2
108900200,414,218,196
108900201,261,622,-361
108900203,365,96,269
108900204,239,12,227
108900205,135,26,109
108900206,317,45,272
108900207,135,121,14
108900208,13,143,-130
108900209,145,280,-135
108900210,120,106,14
108900211,112,463,-351
108900212,260,1182,-922
108900215,83,133,-50
108900216,182,280,-98
108900217,52,1,51
108900218,44,6,38
108900219,22,3,19
108900220,12,6,6
108900221,63,86,-23
108900222,97,3,94
108900223,0,34,-34
108900224,44,94,-50
108900225,0,110,-110
108900227,73,288,-215
108900230,52,115,-63
108900231,4,38,-34
108900232,1,104,-103
108900233,268,85,183
108900234,222,90,132
108900235,103,215,-112
108900236,15,82,-67
108900237,16,35,-19
108900240,77,48,29
108900241,17,17,0
108900245,1,859,-858
108900249,37,11,26
108900250,121,106,15
108900257,76,41,35
108900258,6,84,-78
108900259,4,18,-14
108900260,3,51,-48
108900261,30,46,-16
108900262,74,73,1
108900263,21,115,-94
108900264,176,147,29
108900265,355,296,59
108900266,283,711,-428
108900267,0,183,-183
108900268,8,7,1
108900269,78,9,69
108900270,80,7,73
108900271,43,2,41
108900272,227,2,225
108900273,283,556,-273
108900274,74,35,39
109000001,1700,1627,73
109000002,685,1841,-1156
109000003,2324,344,1980
109000004,400,1359,-959
109000005,1846,451,1395
109000006,661,1231,-570
109000007,1362,469,893
109000008,487,1123,-636
109000009,2475,976,1499
109000010,791,2240,-1449
109000011,2872,1254,1618
109000012,1418,1761,-343
109000013,3188,2258,930
109000014,1539,1350,189
109000015,2627,6541,-3914
109000016,3803,1541,2262
109000017,2212,818,1394
109000018,908,1366,-458
109000019,2093,990,1103
109000020,770,1136,-366
109000023,123,13,110
109000024,11,100,-89
109000025,277,335,-58
109000026,412,257,155
109000027,73,259,-186
109000028,79,43,36
109000029,68,133,-65
109000030,49,253,-204
109000031,247,108,139
109000032,81,232,-151
109000033,299,131,168
109000034,25,28,-3
109000035,12,43,-31
109000036,37,208,-171
109000037,204,1349,-1145
109000038,261,222,39
109000039,796,574,222
109000040,2132,8128,-5996
109000041,1305,1520,-215
109000042,324,888,-564
109000044,345,54,291
109000045,97,237,-140
109000046,345,48,297
109000047,62,254,-192
109000048,419,163,256
109000049,150,350,-200
109000050,284,164,120
109000051,116,134,-18
109000052,341,327,14
109000053,151,34,117
109000054,72,143,-71
109000055,132,102,30
109000056,240,91,149
109000057,511,317,194
109000058,465,108,357
109000059,365,863,-498
109000060,187,246,-59
109000061,387,686,-299
109000062,71,266,-195
109000063,130,55,75
109000064,161,76,85
109000065,116,91,25
109000066,234,25,209
109000067,27,128,-101
109000068,727,0,727
109000069,517,19,498
109000070,30,1803,-1773
109000071,274,32,242
109000072,36,201,-165
109000073,75,58,17
109000074,22,113,-91
109000075,60,192,-132
109000076,98,156,-58
109000077,167,116,51
109000078,72,105,-33
109000079,97,70,27
109000080,181,84,97
109000081,90,178,-88
109000082,668,100,568
109000083,208,283,-75
109000088,108,270,-162
109000089,188,51,137
109000090,79,229,-150
109000091,342,140,202
109000092,178,212,-34
109000093,270,144,126
109000094,625,3,622
109000095,72,174,-102
109000096,625,192,433
109000097,88,100,-12
109000098,38,87,-49
109000099,575,180,395
109000100,209,441,-232
109000101,1275,344,931
109000102,269,451,-182
109000103,347,328,19
109000104,1380,332,1048
109000105,358,532,-174
109000106,1404,533,871
109000107,442,845,-403
109000108,1435,327,1108
109000109,293,675,-382
109000110,851,304,547
109000111,507,904,-397
109000112,199,60,139
109000113,255,101,154
109000114,109,134,-25
109000115,763,53,710
109000116,7,215,-208
109000117,204,24,180
109000118,9,158,-149
109000119,1090,85,1005
109000120,186,263,-77
109000121,451,25,426
109000122,126,203,-77
109000123,32,31,1
109000124,592,225,367
109000125,578,189,389
109000126,284,285,-1
109000127,851,118,733
109000128,351,486,-135
109000129,1871,480,1391
109000130,314,518,-204
109000131,740,489,251
109000132,410,733,-323
109000133,238,493,-255
109000134,454,679,-225
109000135,504,704,-200
109000136,160,150,10
109000137,254,212,42
109000138,382,102,280
109000139,340,264,76
109000140,117,154,-37
109000141,360,198,162
109000142,101,280,-179
109000143,74,46,28
109000145,55,219,-164
109000146,33,72,-39
109000148,1179,1035,144
109000149,21,93,-72
109000150,71,219,-148
109000155,633,434,199
109000156,637,255,382
109000158,19,139,-120
109000159,43,169,-126
109000160,819,93,726
109000161,310,457,-147
109000162,1444,328,1116
109000163,813,837,-24
109000164,1082,1296,-214
109000165,959,240,719
109000166,683,61,622
109000167,99,249,-150
109000170,35,16,19
109000171,80,43,37
109000172,17,28,-11
109000173,7,86,-79
109000174,110,29,81
109000175,45,27,18
109000176,273,105,168
109000177,11,41,-30
109000178,601,139,462
109000179,1719,3416,-1697
109000180,1918,1959,-41
109000181,23,6,17
109000182,35,11,24
109000183,61,8,53
109000184,23,14,9
109000185,25,13,12
109000188,276,723,-447
109000189,1519,348,1171
109000190,411,255,156
109000191,230,217,13
109000192,385,106,279
109000193,194,77,117
109000194,228,27,201
109000195,90,107,-17
109000196,225,42,183
109000197,103,150,-47
109000198,244,24,220
109000199,54,201,-147
109000206,112,26,86
109000207,95,20,75
109000208,87,59,28
109000209,126,71,55
109000210,85,232,-147
109000211,562,214,348
109000214,303,147,156
109000215,95,52,43
109000216,245,203,42
109000217,56,66,-10
109000218,204,100,104
109000221,257,540,-283
109000222,614,166,448
109000223,322,209,113
109000224,19,57,-38
109000225,74,23,51
109000226,49,79,-30
109000227,1054,307,747
109000228,9,3205,-3196
109000231,0,114,-114
109000232,384,111,273
109000236,225,435,-210
109000241,1514,928,586
109000242,1251,579,672
109000293,31,61,-30
109000361,65,151,-86
109000364,87,201,-114
109000396,1,225,-224
109000397,520,14,506
109000399,117,240,-123
109000400,69,118,-49
109000403,39,573,-534
109000406,228,5,223
109000407,229,68,161
109000408,0,163,-163
109000410,569,162,407
109000411,178,28,150
109900001,139,0,139
109900002,849,12,837
109900003,299,0,299
109900004,474,35,439
109900005,19,1,18
109900006,245,72,173
109900007,811,165,646
109900008,0,8,-8
109900009,97,145,-48
109900010,399,10,389
109900011,41,53,-12
109900012,224,121,103
109900013,234,93,141
109900014,278,32,246
109900015,253,121,132
109900016,107,4,103
109900017,111,161,-50
109900018,165,19,146
109900019,189,18,171
109900020,19,19,0
109900021,12,8,4
109900022,111,119,-8
109900023,11,1,10
109900024,16,3,13
109900025,8,11,-3
109900026,4,149,-145
109900027,31,18,13
109900028,331,865,-534
109900029,4,67,-63
109900030,40,2,38
109900031,0,132,-132
109900032,9,138,-129
109900033,0,247,-247
109900034,37,1,36
109900035,22,13,9
109900036,8,29,-21
109900037,20,172,-152
109900038,91,128,-37
109900039,17,0,17
109900040,31,208,-177
109900041,38,135,-97
109900042,14,296,-282
109900044,102,98,4
109900045,70,79,-9
109900046,30,35,-5
109900047,150,145,5
109900048,1,45,-44
109900049,7,18,-11
109900050,0,50,-50
109900051,0,23,-23
109900052,36,84,-48
109900053,2,100,-98
109900054,638,109,529
109900055,43,107,-64
109900056,17,153,-136
109900057,1,62,-61
109900058,0,51,-51
109900059,712,75,637
109900060,551,67,484
109900061,34,124,-90
109900062,0,81,-81
109900063,6,222,-216
109900064,400,94,306
109900065,46,69,-23
109900066,177,308,-131
109900067,0,81,-81
109900068,71,2,69
109900069,3,36,-33
109900070,14,114,-100
109900071,2,12,-10
109900072,3,63,-60
109900073,309,105,204
109900074,3,15,-12
109900075,18,12,6
109900076,5,55,-50
109900077,29,32,-3
109900078,37,119,-82
109900080,88,100,-12
109900081,14,142,-128
109900082,35,121,-86
109900083,33,29,4
109900084,49,62,-13
109900085,109,204,-95
109900086,70,294,-224
109900087,149,255,-106
109900089,588,136,452
109900090,285,419,-134
109900091,279,63,216
109900092,220,5,215
109900093,847,121,726
109900094,71,52,19
109900095,27,88,-61
109900096,51,4,47
109900097,103,3,100
109900098,487,20,467
109900099,239,4,235
109900100,71,0,71
109900101,532,2,530
109900102,264,11,253
109900103,21,20,1
109900104,689,271,418
109900105,353,7,346
109900106,205,22,183
109900107,374,31,343
109900108,85,117,-32
109900109,32,66,-34
109900110,39,122,-83
109900111,77,246,-169
109900112,142,181,-39
109900113,533,376,157
109900114,643,1018,-375
109900115,87,25,62
109900117,731,82,649
109900118,116,186,-70
109900119,288,180,108
109900120,36,16,20
109900121,204,325,-121
109900122,435,4,431
109900123,17,53,-36
109900124,15,119,-104
109900125,0,107,-107
109900126,221,26,195
109900128,266,10,256
109900130,2082,2257,-175
109900131,14,85,-71
109900132,15,83,-68
109900133,74,100,-26
109900134,29,34,-5
109900135,126,31,95
109900136,33,77,-44
109900137,134,108,26
109900140,108,48,60
109900142,965,126,839
109900145,3,373,-370
109900146,188,29,159
109900148,26,36,-10
109900149,11,71,-60
109900150,10,59,-49
109900151,2,26,-24
109900152,4,31,-27
109900153,1,40,-39
109900154,19,0,19
109900155,60,14,46
109900157,34,136,-102
109900158,30,78,-48
109900159,107,25,82
109900160,94,39,55
109900161,169,51,118
109900162,165,80,85
109900163,212,131,81
109900164,39,98,-59
109900165,179,10,169
109900166,0,55,-55
109900167,106,178,-72
109900168,209,236,-27
109900169,124,68,56
109900170,164,786,-622
109900171,212,67,145
109900172,109,176,-67
109900173,860,1766,-906
109900174,27,45,-18
109900175,43,25,18
109900176,49,45,4
109900177,27,81,-54
109900178,9,72,-63
109900179,9,9,0
109900180,11,13,-2
110000001,501,290,211
110000002,368,480,-112
110000003,533,476,57
110000004,276,588,-312
110000005,281,1091,-810
110000006,153,223,-70
110000007,52,67,-15
110000008,8,50,-42
110000009,25,20,5
110000010,13,34,-21
110000011,39,37,2
110000012,318,131,187
110000013,16,397,-381
110000014,286,234,52
110000015,194,336,-142
110000016,145,1188,-1043
110000017,1506,127,1379
110000018,984,163,821
110000019,3,48,-45
110000020,315,119,196
110000021,154,233,-79
110000022,394,84,310
110000023,9,54,-45
110000024,341,221,120
110000025,368,3,365
110000026,1,120,-119
110000027,642,748,-106
110000028,758,373,385
110000029,252,363,-111
110000030,197,178,19
110000031,173,213,-40
110000032,542,182,360
110000033,161,190,-29
110000034,292,253,39
110000035,382,375,7
110000036,669,199,470
110000037,144,163,-19
110000038,170,294,-124
110000039,540,2204,-1664
110000040,136,113,23
110000041,195,1208,-1013
110000042,64,146,-82
110000043,364,197,167
110000044,20,256,-236
110000045,99,66,33
110000046,8,11,-3
110000047,4,17,-13
110000048,2,23,-21
110000049,12,9,3
110000050,8,25,-17
110000051,13,4,9
110000052,24,8,16
110000053,18,3,15
110000054,80,206,-126
110000055,129,84,45
110000056,64,95,-31
110000057,218,312,-94
110000058,505,181,324
110000059,622,249,373
110000060,865,704,161
110000061,439,426,13
110000062,440,565,-125
110000063,45,99,-54
110000064,44,10,34
110000065,91,37,54
110000066,44,16,28
110000067,29,47,-18
110000068,181,55,126
110000069,242,26,216
110000071,139,25,114
110000073,21,7,14
110000075,11,32,-21
110000076,156,241,-85
110000077,119,493,-374
110000078,53,7,46
110000080,176,321,-145
110000081,20,173,-153
110000082,35,252,-217
110000083,181,338,-157
110000084,898,686,212
110000085,678,859,-181
110000086,710,1594,-884
110000087,24,34,-10
110000088,68,106,-38
110000089,156,27,129
110000090,52,102,-50
110000091,431,127,304
110000092,12,33,-21
110000093,18,10,8
110000094,323,70,253
110000095,101,477,-376
110000096,968,1247,-279
110000097,747,1110,-363
110000098,1319,417,902
110000099,396,971,-575
110000100,682,197,485
110000101,12,109,-97
110000102,51,44,7
110000104,287,122,165
110000105,46,143,-97
110000106,444,433,11
110000107,186,174,12
110000108,86,85,1
110000109,95,160,-65
110000110,877,2486,-1609
110000111,1919,1936,-17
110000112,325,789,-464
110000113,102,1530,-1428
110000114,179,425,-246
110000115,253,164,89
110000116,47,20,27
110000117,171,114,57
110000118,290,53,237
110000119,199,140,59
110000120,236,82,154
110000121,58,181,-123
110000122,218,274,-56
110000123,453,374,79
110000124,2,485,-483
110000125,591,5,586
110000126,203,24,179
110000127,741,42,699
110000128,36,478,-442
110000129,2,229,-227
110000130,235,155,80
110000131,47,207,-160
110000132,0,268,-268
110000133,28,233,-205
110000134,9,225,-216
110000135,111,19,92
110000136,49,161,-112
110000137,476,279,197
110000138,593,308,285
110000139,688,420,268
110000140,462,457,5
110000143,290,327,-37
110000144,2687,1458,1229
110000145,1328,871,457
110000146,934,355,579
110000147,283,315,-32
110000148,427,94,333
110000151,584,830,-246
110000152,471,395,76
110000153,117,4,113
110000154,11,13,-2
110000155,746,2462,-1716
110000156,727,1901,-1174
110000157,1117,1584,-467
110000160,230,79,151
110000161,134,94,40
110000166,431,45,386
110000167,563,404,159
110000168,760,400,360
110000169,612,266,346
110000170,149,33,116
110000171,514,70,444
110000172,108,333,-225
110000173,512,485,27
110000174,89,364,-275
110000175,509,27,482
110000176,48,283,-235
110000177,80,652,-572
110000178,186,1025,-839
110000179,360,144,216
110000180,143,124,19
110000181,380,184,196
110000182,169,46,123
110000183,3317,4172,-855
110000184,257,1573,-1316
110000185,281,441,-160
110000186,386,499,-113
110000191,975,103,872
110000192,443,15,428
110000193,830,9,821
110000194,8,315,-307
110000195,351,106,245
110000196,308,76,232
110000197,71,39,32
110000198,68,22,46
110000199,51,99,-48
110000200,436,169,267
110000201,536,715,-179
110000202,771,388,383
110000203,280,301,-21
110000204,1,84,-83
110000205,114,40,74
110000206,314,422,-108
110000207,777,190,587
110000208,138,132,6
110000209,76,349,-273
110000210,1005,216,789
110000211,524,307,217
110000212,294,703,-409
110000213,215,29,186
110000214,253,25,228
110000215,103,100,3
110000216,80,92,-12
110000217,283,63,220
110000218,101,91,10
110000219,337,25,312
110000220,42,75,-33
110000221,282,16,266
110000222,35,85,-50
110000223,1,53,-52
110000224,8,1,7
110000225,141,453,-312
110000226,205,47,158
110000227,330,442,-112
110000228,128,53,75
110000229,0,110,-110
110000230,400,303,97
110000231,101,116,-15
110000232,86,69,17
110000233,126,140,-14
110000234,369,473,-104
110000235,493,503,-10
110000236,385,267,118
110000237,1269,656,613
110000238,774,694,80
110000239,1367,562,805
110000240,0,26,-26
110000242,0,10,-10
110000243,122,32,90
110000244,85,148,-63
110000245,18,184,-166
110000246,457,231,226
110000247,521,1930,-1409
110000248,781,722,59
110000249,43,5,38
110000250,2,66,-64
110000251,231,169,62
110000252,187,76,111
110000253,969,261,708
110000254,306,451,-145
110000255,85,451,-366
110000256,223,115,108
110000257,349,204,145
110000258,18,180,-162
110000259,101,4,97
110000260,10,51,-41
110000263,211,22,189
110000264,285,161,124
110000265,624,891,-267
110000266,810,1190,-380
110000267,19,70,-51
110000268,169,200,-31
110000269,3,39,-36
110000270,40,1,39
110000271,618,90,528
110000272,750,514,236
110000273,1125,711,414
110000274,84,1098,-1014
110000275,759,324,435
110000276,158,206,-48
110000277,237,144,93
110000278,142,341,-199
110000279,549,362,187
110000280,399,240,159
110000281,63,158,-95
110000282,110,15,95
110000283,23,35,-12
110000284,8,22,-14
110000285,1,307,-306
110000286,2,0,2
110000287,41,0,41
110000288,2,29,-27
110000289,358,1632,-1274
110000290,375,365,10
110000291,2001,656,1345
110000292,656,2933,-2277
110000293,441,341,100
110000294,776,515,261
110000295,93,396,-303
110000296,270,140,130
110000297,1154,206,948
110000298,55,223,-168
110000299,56,58,-2
110000301,134,18,116
110000302,277,370,-93
110000303,296,7,289
110000304,86,80,6
110000305,790,17,773
110000306,129,422,-293
110000307,1123,5,1118
110000308,371,3,368
110000309,4,255,-251
110000310,418,28,390
110000311,9,316,-307
110000312,198,58,140
110000313,985,1484,-499
110000314,0,119,-119
110000315,1448,1364,84
110000316,258,636,-378
110000317,76,405,-329
110000318,4,22,-18
110000319,11,12,-1
110000320,32,19,13
110000321,12,27,-15
110000322,192,112,80
110000323,259,62,197
110000324,1506,966,540
110000325,1168,2126,-958
110000327,266,141,125
110000328,108,154,-46
110000333,521,442,79
110000334,399,661,-262
110000335,451,201,250
110000336,441,452,-11
110000337,1210,314,896
110000338,342,89,253
110000339,204,105,99
110000340,11,79,-68
110000341,293,291,2
110000342,62,0,62
110000343,0,4,-4
110000344,28,57,-29
110000345,61,111,-50
110000346,1065,943,122
110000347,902,425,477
110000348,13,11,2
110000349,4,8,-4
110000350,57,1,56
110000351,854,349,505
110000352,610,923,-313
110000353,1289,335,954
110000354,654,2022,-1368
110000355,80,35,45
110000356,397,8,389
110000357,316,26,290
110000361,15,27,-12
110000362,55,14,41
110000363,543,45,498
110000364,171,103,68
110000365,106,1,105
110000366,0,67,-67
110000367,249,75,174
110000368,10,37,-27
110000369,56,0,56
110000373,1,122,-121
110000374,48,11,37
110000375,57,510,-453
110000376,26,33,-7
110000377,52,230,-178
110000378,16,296,-280
110000379,1070,1260,-190
110000380,30,7,23
110000383,0,533,-533
110000384,510,308,202
110000385,1,98,-97
110000387,48,4,44
110000388,34,84,-50
110000389,607,3,604
110000391,553,89,464
110000396,163,41,122
110000397,137,34,103
110000398,7,13,-6
110000399,63,0,63
110000587,87,39,48
110000589,130,61,69
110000640,197,27,170
110000652,4,150,-146
110000653,225,183,42
110000654,36,1564,-1528
110000656,1,202,-201
110000674,11,11,0
110000675,5,7,-2
110000676,0,19,-19
110000679,56,717,-661
110000682,71,98,-27
110000683,95,190,-95
110000684,4,26,-22
110000685,4,4,0
110000686,5,47,-42
110000687,7,7,0
110000688,43,796,-753
110000689,22,9,13
110000692,19,64,-45
110000693,16,192,-176
110000694,1,59,-58
110000695,126,248,-122
110000696,22,23,-1
110900001,181,22,159
110900002,223,56,167
110900003,589,139,450
110900004,270,38,232
110900005,888,1932,-1044
110900006,41,16,25
110900007,65,29,36
110900008,9,16,-7
110900009,300,126,174
110900010,7,17,-10
110900011,9,64,-55
110900012,15,59,-44
110900013,717,60,657
110900014,124,3,121
110900015,188,414,-226
110900016,39,85,-46
110900017,440,19,421
110900018,272,23,249
110900019,179,20,159
110900020,66,87,-21
110900021,70,164,-94
110900022,46,96,-50
110900023,25,253,-228
110900024,20,110,-90
110900025,6,26,-20
110900027,24,125,-101
110900028,17,69,-52
110900029,6,113,-107
110900030,33,95,-62
110900031,1,72,-71
110900032,0,25,-25
110900033,32,55,-23
110900035,9,293,-284
110900036,71,2,69
110900037,57,7,50
110900038,254,111,143
110900039,6,180,-174
110900040,177,10,167
110900041,6,23,-17
110900042,85,47,38
110900043,1,17,-16
110900044,135,7,128
110900045,36,117,-81
110900046,5,64,-59
110900047,204,241,-37
110900049,60,57,3
110900050,11,2,9
110900051,26,84,-58
110900052,2,68,-66
110900053,62,5,57
110900054,10,55,-45
110900055,16,1,15
110900056,31,65,-34
110900057,0,41,-41
110900058,249,106,143
110900059,270,148,122
110900060,309,72,237
110900061,20,24,-4
110900062,90,88,2
110900063,30,39,-9
110900064,9,0,9
110900065,106,74,32
110900066,3,36,-33
110900067,176,397,-221
110900068,147,117,30
110900069,1,10,-9
110900070,98,38,60
110900071,141,386,-245
110900073,0,7,-7
110900074,406,57,349
110900075,258,41,217
110900077,666,284,382
110900078,27,14,13
110900079,885,897,-12
110900080,145,37,108
110900081,5,14,-9
110900082,85,35,50
110900083,59,42,17
110900084,43,29,14
110900085,23,143,-120
110900086,48,220,-172
110900087,232,39,193
110900088,4,1,3
110900090,24,52,-28
110900091,1,19,-18
110900093,134,33,101
110900095,68,10,58
110900097,9,7,2
110900098,11,36,-25
110900099,21,201,-180
110900100,0,7,-7
110900102,44,10,34
110900105,454,65,389
110900108,6,24,-18
110900111,213,48,165
110900112,518,4,514
110900113,181,41,140
110900115,3,31,-28
110900116,678,532,146
110900118,33,2218,-2185
110900119,918,109,809
110900120,31,26,5
110900121,116,0,116
110900122,370,147,223
110900125,249,257,-8
110900127,292,1115,-823
110900128,214,293,-79
110900129,145,671,-526
110900130,435,425,10
110900131,139,10,129
110900132,318,32,286
110900133,29,46,-17
110900135,30,80,-50
110900136,275,5,270
110900139,4,0,4
110900140,1,0,1
110900141,233,275,-42
110900142,43,61,-18
110900143,71,63,8
110900144,0,249,-249
110900145,152,65,87
110900146,142,184,-42
110900147,49,148,-99
110900148,6,119,-113
110900149,4,26,-22
110900150,22,10,12
110900151,1,17,-16
110900152,23,62,-39
110900153,132,33,99
111000001,437,287,150
111000002,419,302,117
111000003,1065,564,501
111000004,324,489,-165
111000005,799,1037,-238
111000006,567,1157,-590
111000007,2606,2427,179
111000008,1161,1728,-567
111000009,269,527,-258
111000010,669,190,479
111000011,136,538,-402
111000012,236,306,-70
111000013,326,540,-214
111000014,994,360,634
111000017,137,542,-405
111000018,119,220,-101
111000020,801,1057,-256
111000021,17,43,-26
111000023,54,41,13
111000025,4715,2323,2392
111000029,60,54,6
111000030,36,49,-13
111000031,1154,595,559
111000032,402,205,197
111000033,131,180,-49
111000034,39,194,-155
111000037,659,339,320
111000038,1588,956,632
111000039,1043,1147,-104
111000040,1187,1080,107
111000041,514,548,-34
111000042,1211,1219,-8
111000043,1297,2489,-1192
111000044,1119,701,418
111000045,2091,1627,464
111000046,1362,1112,250
111000047,1797,3121,-1324
111000049,287,273,14
111000050,637,603,34
111000051,311,443,-132
111000052,335,748,-413
111000053,233,373,-140
111000054,180,375,-195
111000055,836,832,4
111000056,124,181,-57
111000057,92,219,-127
111000058,387,38,349
111000059,367,228,139
111000060,2778,634,2144
111000061,522,202,320
111000062,734,198,536
111000063,1110,577,533
111000064,642,321,321
111000065,1027,520,507
111000066,520,236,284
111000067,387,288,99
111000068,337,457,-120
111000069,918,967,-49
111000070,543,434,109
111000071,137,246,-109
111000072,1068,429,639
111000073,291,798,-507
111000074,1034,1035,-1
111000075,682,323,359
111000076,497,329,168
111000077,1032,976,56
111000078,1660,864,796
111000079,722,429,293
111000080,403,315,88
111000081,840,2584,-1744
111000082,469,369,100
111000084,672,231,441
111000085,542,630,-88
111000086,1197,517,680
111000087,467,220,247
111000088,2109,1572,537
111000089,544,328,216
111000090,381,681,-300
111000091,468,212,256
111000092,1391,472,919
111000093,584,754,-170
111000094,1072,651,421
111000095,419,1650,-1231
111000096,627,5307,-4680
111000097,2844,843,2001
111000098,517,535,-18
111000099,324,754,-430
111000100,311,614,-303
111000101,221,350,-129
111000102,140,208,-68
111000104,548,75,473
111000107,58,371,-313
111000109,434,95,339
111000110,969,378,591
111000111,1951,253,1698
111000112,1620,323,1297
111000113,660,1178,-518
111000114,1228,2425,-1197
111000115,2437,619,1818
111000116,639,439,200
111000117,246,405,-159
111000118,592,372,220
111000119,976,440,536
111000120,376,342,34
111000121,243,443,-200
111000122,444,581,-137
111000123,760,987,-227
111000124,266,964,-698
111000125,142,461,-319
111000126,67,218,-151
111000127,816,72,744
111000128,1618,185,1433
111000129,2301,234,2067
111000130,1653,336,1317
111000131,1620,316,1304
111000132,1501,698,803
111000133,144,68,76
111000134,94,61,33
111000135,43,84,-41
111000136,284,165,119
111000138,17,1,16
111000140,1,1,0
111000141,82,327,-245
111000142,13,545,-532
111000143,14,668,-654
111000144,114,3145,-3031
111000145,170,24,146
111000146,89,9,80
111000147,81,20,61
111000148,89,83,6
111000149,0,15,-15
111000150,30,3,27
111000151,0,5,-5
111000153,331,445,-114
111000154,299,120,179
111000155,57,98,-41
111000156,507,355,152
111000157,161,482,-321
111000158,469,460,9
111000159,2671,767,1904
111000160,367,430,-63
111000161,13,495,-482
111000162,14,79,-65
111000163,462,399,63
111000164,383,1517,-1134
111000165,435,190,245
111000166,571,125,446
111000167,105,162,-57
111000168,153,265,-112
111000169,223,347,-124
111000170,265,211,54
111000171,319,230,89
111000172,121,160,-39
111000173,260,301,-41
111000174,132,95,37
111000175,29,108,-79
111000176,261,65,196
111000177,345,78,267
111000178,1050,128,922
111000179,202,49,153
111000180,252,275,-23
111000181,1168,124,1044
111000182,200,86,114
111000183,179,126,53
111000184,231,115,116
111000185,192,174,18
111000186,218,131,87
111000187,120,94,26
111000188,191,187,4
111000189,456,284,172
111000190,109,158,-49
111000191,90,150,-60
111000192,104,207,-103
111000193,191,137,54
111000194,38,154,-116
111000195,70,136,-66
111000196,55,59,-4
111000197,461,60,401
111000198,357,31,326
111000199,181,66,115
111000200,436,159,277
111000201,560,98,462
111000202,222,97,125
111000203,304,160,144
111000204,242,1015,-773
111000213,126,252,-126
111000214,838,643,195
111000215,805,635,170
111000217,1281,567,714
111000218,1001,675,326
111000219,254,102,152
111000220,503,309,194
111000221,296,51,245
111000224,29,136,-107
111000225,256,160,96
111000226,33,3,30
111000227,12,3,9
111000228,16,310,-294
111000229,22,737,-715
111000230,124,115,9
111000231,759,202,557
111000232,487,253,234
111000233,823,391,432
111000234,131,337,-206
111000239,47,73,-26
111000240,28,166,-138
111000241,31,134,-103
111000242,144,40,104
111000243,102,145,-43
111000244,440,36,404
111000245,649,145,504
111000246,419,77,342
111000247,362,188,174
111000248,542,212,330
111000249,349,195,154
111000250,40,42,-2
111000251,38,37,1
111000253,10,13,-3
111000255,35,6,29
111000257,81,14,67
111000260,25,637,-612
111000261,895,51,844
111000271,20,130,-110
111000273,1426,557,869
111000274,1185,1451,-266
111000275,115,19,96
111000276,182,536,-354
111000277,89,144,-55
111000278,394,122,272
111000291,602,5599,-4997
111000298,455,99,356
111000299,460,104,356
111000300,55,258,-203
111000302,227,42,185
111000303,39,72,-33
111000312,21,41,-20
111000315,6,33,-27
111000320,116,266,-150
111000321,350,104,246
111000322,294,190,104
111000323,316,12,304
111000324,222,112,110
111000325,56,32,24
111000326,165,140,25
111000327,258,215,43
111000328,194,271,-77
111000329,3,13,-10
111000330,40,11,29
111000331,39,3,36
111000332,368,724,-356
111000334,205,558,-353
111000335,732,77,655
111000337,1099,114,985
111000338,42,19,23
111000339,490,71,419
111000340,78,172,-94
111000341,935,338,597
111000342,47,1396,-1349
111000344,758,412,346
111000345,100,115,-15
111000346,21,353,-332
111000347,89,4,85
111000350,88,42,46
111000351,84,152,-68
111000352,140,29,111
111000353,99,95,4
111000354,280,55,225
111000355,172,187,-15
111000358,102,295,-193
111000360,193,187,6
111000361,120,85,35
111000546,431,245,186
111000547,288,128,160
111000548,122,182,-60
111000549,240,83,157
111000550,31,569,-538
111000551,303,92,211
111000552,304,139,165
111000907,366,5,361
111000908,33,0,33
111000916,1239,110,1129
111000917,21,216,-195
111000918,135,209,-74
111000920,483,10,473
111000921,14,54,-40
111000922,364,89,275
111000924,20,227,-207
111000925,2315,1311,1004
111000926,790,688,102
111000927,1864,3041,-1177
111000928,3000,1304,1696
111000929,1310,724,586
111000930,513,1006,-493
111000931,1567,1753,-186
111000932,2615,930,1685
111000933,2320,1796,524
111000934,1240,1353,-113
111000935,1301,600,701
111000936,797,950,-153
111000937,1111,817,294
111000938,779,561,218
111000939,494,17,477
111000940,361,41,320
111000941,271,133,138
111000943,483,168,315
111000944,102,86,16
111000945,72,554,-482
111001109,468,359,109
111001110,157,231,-74
111001111,74,3,71
111001112,56,1,55
111001113,2,86,-84
111001114,259,200,59
111001115,20,968,-948
111001116,1477,2892,-1415
111001117,296,1524,-1228
111001120,71,81,-10
111001121,92,136,-44
111001122,200,120,80
111001123,331,56,275
111001124,95,41,54
111001125,1,119,-118
111900001,4,40,-36
111900002,31,126,-95
111900003,1,89,-88
111900004,8,36,-28
111900006,9,48,-39
111900007,94,3,91
111900008,168,1,167
111900009,151,39,112
111900010,161,190,-29
111900012,39,33,6
111900013,21,12,9
111900014,1513,3715,-2202
111900015,0,12,-12
111900016,0,24,-24
111900017,2,22,-20
111900018,103,4,99
111900019,0,54,-54
111900020,1,18,-17
111900021,9,47,-38
111900022,2,25,-23
111900023,37,25,12
111900024,32,24,8
111900025,0,13,-13
111900026,0,11,-11
111900027,2,28,-26
111900028,0,89,-89
111900029,0,19,-19
111900030,8,128,-120
111900031,12,22,-10
111900032,0,104,-104
111900033,3,14,-11
111900034,123,188,-65
111900035,34,63,-29
111900036,0,75,-75
111900038,114,222,-108
111900039,28,157,-129
111900040,1,120,-119
111900042,2,76,-74
111900043,1,85,-84
111900044,94,81,13
111900046,10,33,-23
111900048,225,216,9
111900049,13,92,-79
111900050,66,20,46
111900051,1,77,-76
111900052,152,174,-22
111900053,281,1132,-851
111900054,91,2,89
111900055,9,100,-91
111900056,60,205,-145
111900057,67,1,66
111900058,499,155,344
111900059,717,548,169
111900060,219,3,216
111900061,5,67,-62
111900062,38,56,-18
111900063,249,367,-118
111900064,51,89,-38
111900065,74,22,52
111900066,92,100,-8
111900067,1,215,-214
111900068,67,45,22
111900069,43,17,26
111900070,204,50,154
111900071,0,115,-115
111900072,39,9,30
111900073,724,127,597
111900074,12,83,-71
111900075,68,6,62
111900076,168,64,104
111900077,30,2,28
111900078,252,29,223
111900079,32,31,1
111900080,138,152,-14
111900082,135,33,102
111900083,190,14,176
111900084,119,2,117
111900085,13,98,-85
111900086,33,6,27
111900087,34,0,34
111900088,488,10,478
111900089,109,2,107
111900090,34,44,-10
111900091,316,2,314
111900092,81,0,81
111900093,360,3,357
111900094,87,2,85
111900095,244,38,206
111900096,186,2,184
111900097,40,0,40
111900098,232,1,231
111900099,56,0,56
111900100,102,3,99
111900101,80,23,57
111900102,494,185,309
111900103,37,54,-17
111900104,96,41,55
111900105,136,163,-27
111900106,285,12,273
111900110,657,206,451
111900111,141,33,108
111900112,253,2490,-2237
111900113,119,52,67
111900118,278,75,203
111900119,240,122,118
111900122,45,69,-24
111900123,14,16,-2
111900124,14,27,-13
111900125,364,55,309
111900126,183,2,181
111900127,0,152,-152
111900128,2,173,-171
111900129,186,2,184
111900130,158,41,117
111900131,541,3,538
111900132,8,230,-222
111900133,1,89,-88
111900134,0,71,-71
111900135,13,34,-21
111900136,35,113,-78
111900137,24,40,-16
111900138,7,31,-24
111900139,5,46,-41
111900140,108,16,92
111900141,78,5,73
111900142,101,31,70
111900143,10,64,-54
111900144,0,24,-24
111900145,1,123,-122
111900146,0,58,-58
111900147,44,139,-95
111900148,10,193,-183
111900149,0,111,-111
111900150,9,76,-67
111900151,4,19,-15
111900152,46,67,-21
111900153,360,447,-87
111900154,11,350,-339
111900155,38,71,-33
111900156,38,62,-24
111900157,130,6,124
111900158,442,82,360
111900159,267,26,241
111900160,279,0,279
111900161,251,0,251
111900162,47,124,-77
111900163,12,98,-86
111900164,83,33,50
111901113,474,37,437
111901114,219,66,153
111901115,117,0,117
111901116,15,0,15
111901117,21,35,-14
111901118,13,296,-283
111901119,178,15,163
111901121,86,57,29
111901122,0,135,-135
111901123,258,116,142
111901124,254,2,252
111901125,450,158,292
111901127,157,673,-516
111901128,7,19,-12
111901129,1,37,-36
111901130,1,43,-42
111901131,1,86,-85
111901132,35,22,13
111901133,52,0,52
111901134,71,2,69
111901135,19,4,15
111901136,21,29,-8
111901137,0,17,-17
111901138,99,20,79
111901139,7,15,-8
111901140,0,33,-33
111901141,1,50,-49
111901142,3,40,-37
111901143,1,27,-26
111901144,28,40,-12
111901145,58,254,-196
111901146,92,6,86
111901147,93,102,-9
111901148,4,34,-30
112000001,1413,420,993
112000002,488,1153,-665
112000003,1209,804,405
112000004,379,297,82
112000005,2860,2794,66
112000006,1020,695,325
112000007,3113,1975,1138
112000008,1749,3225,-1476
112000009,1598,1076,522
112000010,2125,3456,-1331
112000011,1017,702,315
112000012,2524,4536,-2012
112000013,1870,2351,-481
112000014,1425,2452,-1027
112000015,2229,2422,-193
112000016,1686,1957,-271
112000017,638,2180,-1542
112000024,1184,464,720
112000026,1289,1568,-279
112000027,469,511,-42
112000028,634,609,25
112000029,390,569,-179
112000030,144,31,113
112000031,800,3096,-2296
112000032,130,17,113
112000033,1070,2068,-998
112000034,189,23,166
112000035,36,440,-404
112000036,269,758,-489
112000037,397,777,-380
112000038,732,1020,-288
112000039,108,33,75
112000040,20,98,-78
112000041,231,199,32
112000042,520,250,270
112000050,847,877,-30
112000051,703,1228,-525
112000054,821,641,180
112000057,418,215,203
112000058,167,266,-99
112000059,270,291,-21
112000061,1215,669,546
112000062,691,803,-112
112000063,321,1737,-1416
112000064,1581,2273,-692
112000065,776,1473,-697
112000066,2167,1062,1105
112000067,388,329,59
112000068,2120,2054,66
112000069,220,997,-777
112000070,1108,543,565
112000071,639,1123,-484
112000072,1932,512,1420
112000073,873,1235,-362
112000074,959,658,301
112000075,1058,868,190
112000076,2085,1449,636
112000077,648,220,428
112000078,1364,276,1088
112000079,1071,692,379
112000080,541,384,157
112000081,909,1389,-480
112000082,796,474,322
112000083,436,584,-148
112000084,811,420,391
112000085,1185,384,801
112000086,1307,472,835
112000087,492,198,294
112000088,685,216,469
112000089,180,162,18
112000090,199,127,72
112000091,375,432,-57
112000092,1917,649,1268
112000093,1216,412,804
112000094,486,590,-104
112000095,492,361,131
112000096,455,381,74
112000097,1047,514,533
112000098,421,361,60
112000099,400,1292,-892
112000100,1525,405,1120
112000101,397,357,40
112000102,1160,344,816
112000103,227,357,-130
112000105,358,465,-107
112000106,1397,261,1136
112000107,50,76,-26
112000108,290,660,-370
112000109,180,59,121
112000110,1429,444,985
112000111,391,1077,-686
112000112,1661,350,1311
112000113,434,729,-295
112000114,1558,496,1062
112000115,294,165,129
112000116,358,313,45
112000117,698,436,262
112000118,596,352,244
112000119,231,311,-80
112000120,31,197,-166
112000121,101,173,-72
112000122,250,108,142
112000123,653,80,573
112000124,397,36,361
112000125,219,140,79
112000126,225,148,77
112000127,1006,1949,-943
112000128,301,318,-17
112000129,74,48,26
112000130,194,71,123
112000131,35,110,-75
112000132,163,112,51
112000133,252,52,200
112000134,251,174,77
112000135,803,439,364
112000136,486,554,-68
112000137,898,914,-16
112000138,578,425,153
112000139,436,504,-68
112000140,340,567,-227
112000141,704,329,375
112000142,108,246,-138
112000143,981,168,813
112000144,262,449,-187
112000145,1955,270,1685
112000146,385,715,-330
112000147,1899,1054,845
112000148,917,817,100
112000149,285,225,60
112000150,188,186,2
112000151,240,104,136
112000152,441,187,254
112000153,108,162,-54
112000154,111,126,-15
112000155,136,74,62
112000157,296,491,-195
112000158,180,134,46
112000159,442,163,279
112000167,210,93,117
112000169,163,320,-157
112000173,701,105,596
112000175,336,169,167
112000176,816,1022,-206
112000177,536,152,384
112000178,54,126,-72
112000179,186,46,140
112000180,210,226,-16
112000181,750,682,68
112000182,1279,406,873
112000183,14,13,1
112000184,444,93,351
112000185,464,180,284
112000187,2700,1552,1148
112000195,104,7,97
112000196,149,1,148
112000197,87,133,-46
112000198,37,253,-216
112000199,444,586,-142
112000202,345,10,335
112000216,37,153,-116
112000230,68,5,63
112000231,4,81,-77
112000256,61,180,-119
112000313,30,52,-22
112000314,36,28,8
112000337,82,304,-222
112000352,132,226,-94
112000392,1015,658,357
112000398,1338,523,815
112000399,644,2076,-1432
112000400,921,946,-25
112000401,1284,833,451
112000402,2692,3138,-446
112000403,930,3126,-2196
112000404,806,724,82
112000405,1692,2084,-392
112000406,1494,752,742
112000407,6243,5700,543
112000408,3491,2247,1244
112000409,894,1555,-661
112000410,236,238,-2
112000411,1550,1123,427
112000412,622,298,324
112000413,2755,5299,-2544
112000414,71,18,53
112000415,42,16,26
112000416,2204,831,1373
112000417,245,47,198
112000421,61,25,36
112000422,270,104,166
112000424,729,2126,-1397
112000425,238,311,-73
112000426,108,203,-95
112000427,2,14,-12
112000428,201,155,46
112000429,1220,1223,-3
112000430,1564,1681,-117
112000431,85,81,4
112000432,338,375,-37
112000433,192,387,-195
112000437,64,62,2
112900001,69,0,69
112900002,503,297,206
112900003,68,118,-50
112900004,65,84,-19
112900005,177,69,108
112900006,21,96,-75
112900007,42,107,-65
112900008,0,48,-48
112900009,269,75,194
112900010,388,343,45
112900011,47,89,-42
112900012,4,29,-25
112900013,6,26,-20
112900014,1,45,-44
112900015,146,346,-200
112900016,3,123,-120
112900017,11,37,-26
112900018,1,75,-74
112900019,17,76,-59
112900020,189,492,-303
112900021,5,74,-69
112900022,4,19,-15
112900023,1,42,-41
112900024,13,95,-82
112900025,40,83,-43
112900026,1,57,-56
112900027,2,332,-330
112900028,19,63,-44
112900029,14,170,-156
112900030,28,42,-14
112900031,9,156,-147
112900032,126,134,-8
112900034,0,15,-15
112900035,1,130,-129
112900036,13,95,-82
112900037,96,125,-29
112900038,509,61,448
112900039,10,150,-140
112900040,3,173,-170
112900041,251,695,-444
112900042,46,127,-81
112900043,16,22,-6
112900044,227,201,26
112900045,107,120,-13
112900046,60,39,21
112900047,6,11,-5
112900049,183,33,150
112900050,19,307,-288
112900051,105,197,-92
112900052,3,242,-239
112900053,76,49,27
112900054,87,45,42
112900055,92,18,74
112900056,234,195,39
112900057,28,294,-266
112900058,191,237,-46
112900059,99,149,-50
112900060,17,47,-30
112900061,53,56,-3
112900062,49,50,-1
112900063,42,15,27
112900064,61,119,-58
112900065,16,25,-9
112900066,170,171,-1
112900067,114,56,58
112900068,19,36,-17
112900069,818,573,245
112900071,30,4,26
112900072,76,1816,-1740
112900073,285,106,179
112900074,44,268,-224
112900075,457,795,-338
112900076,20,25,-5
112900078,242,322,-80
112900079,153,6,147
112900080,66,8,58
112900081,57,202,-145
112900082,432,17,415
112900083,130,87,43
112900084,227,138,89
112900086,102,1,101
112900087,625,134,491
112900088,209,10,199
112900089,741,46,695
112900090,75,36,39
112900091,267,7,260
112900092,46,430,-384
112900093,880,25,855
112900095,56,0,56
112900096,461,103,358
112900097,29,98,-69
112900098,55,0,55
112900099,736,34,702
112900100,59,0,59
112900101,302,7,295
112900102,66,30,36
112900103,158,4,154
112900104,88,3,85
112900105,30,0,30
112900106,324,80,244
112900107,1,3,-2
112900108,4,0,4
112900109,111,1,110
112900110,1192,16,1176
112900111,678,3,675
112900112,263,1,262
112900113,0,10,-10
112900114,201,13,188
112900115,1380,3,1377
112900116,106,78,28
112900117,31,18,13
112900118,7,58,-51
112900119,163,10,153
112900120,293,136,157
112900121,21,56,-35
112900122,5,49,-44
112900123,47,21,26
112900124,10,28,-18
112900125,13,206,-193
112900126,62,83,-21
112900127,330,113,217
112900128,52,279,-227
112900129,0,335,-335
112900130,141,58,83
112900131,13,93,-80
112900132,44,171,-127
112900133,9,374,-365
112900134,0,71,-71
112900135,69,31,38
112900137,1,178,-177
112900138,2,86,-84
112900139,115,385,-270
112900141,540,13,527
112900142,63,163,-100
112900143,12,165,-153
112900144,2,96,-94
112900145,40,175,-135
112900146,0,267,-267
112900147,1,461,-460
112900148,51,3,48
112900149,156,180,-24
112900151,3,22,-19
112900152,1631,316,1315
112900153,663,1677,-1014
112900154,0,32,-32
112900155,119,5,114
112900156,287,495,-208
112900157,440,55,385
112900158,60,3,57
112900159,129,111,18
112900160,40,117,-77
112900161,73,38,35
112900162,8,16,-8
112900163,31,31,0
112900164,27,67,-40
112900165,39,22,17
112900166,4,59,-55
112900167,0,46,-46
112900168,2,0,2
112900169,7,6,1
112900170,107,68,39
112900172,24,10,14
112900173,52,49,3
112900174,172,27,145
112900175,103,94,9
112900176,15,33,-18
112900177,115,43,72
112900178,418,1685,-1267
112900179,14,207,-193
112900180,1248,823,425
112900181,533,6,527
112900182,46,302,-256
112900183,51,175,-124
112900184,210,321,-111
112900185,91,302,-211
112900186,440,841,-401
112900187,44,418,-374
112900188,423,1601,-1178
112900189,2,2,0
112900190,7,5,2
112900192,461,513,-52
112900193,762,264,498
112900194,61,6,55
112900195,594,38,556
112900196,226,212,14
112900197,104,190,-86
112900199,505,208,297
112900200,372,81,291
112900201,151,55,96
112900202,475,300,175
112900203,330,100,230
112900204,452,461,-9
112900205,12,6,6
112900206,23,91,-68
112900207,19,0,19
112900208,50,212,-162
112900209,202,180,22
112900210,1,26,-25
112900211,49,6,43
112900212,1,37,-36
112900213,56,4,52
112900214,8,20,-12
112900215,10,62,-52
112900216,14,45,-31
112900217,0,74,-74
112900218,60,7,53
112900219,72,0,72
112900220,2,0,2
112900221,50,29,21
112900222,0,17,-17
112900223,786,15,771
112900224,263,130,133
112900225,305,127,178
112900226,107,155,-48
112900227,826,319,507
112900228,52,22,30
112900229,315,6,309
112900230,4011,1739,2272
112900232,225,193,32
112900233,46,72,-26
112900234,9,13,-4
112900235,52,16,36
112900236,300,4,296
112900237,143,71,72
112900238,6,6,0
112900239,324,434,-110
112900240,6,10,-4
112900241,6,19,-13
112900242,3,21,-18
112900243,4,27,-23
112900244,6,28,-22
112900245,0,25,-25
112900246,0,4,-4
112900247,28,13,15
112900248,0,1,-1
112900249,22,1,21
112900250,28,3,25
112900251,32,2,30
112900252,27,1,26
112900253,26,1,25
112900254,13,3,10
112900255,3,19,-16
112900256,3,26,-23
112900257,7,19,-12
113000001,4022,3139,883
113000002,2284,2110,174
113000003,1183,989,194
113000004,860,1313,-453
113000005,1157,681,476
113000006,569,857,-288
113000007,1682,748,934
113000008,1209,1012,197
113000009,1010,412,598
113000010,683,641,42
113000011,634,617,17
113000012,1333,384,949
113000013,632,471,161
113000014,576,773,-197
113000015,134,133,1
113000016,168,418,-250
113000017,18,153,-135
113000018,228,15,213
113000019,92,122,-30
113000020,292,51,241
113000021,807,375,432
113000022,513,842,-329
113000025,73,155,-82
113000026,310,439,-129
113000027,282,657,-375
113000028,372,709,-337
113000029,664,530,134
113000030,122,232,-110
113000031,111,140,-29
113000032,150,266,-116
113000033,120,335,-215
113000034,142,123,19
113000035,9,17,-8
113000036,8,33,-25
113000037,37,17,20
113000038,3,34,-31
113000039,24,184,-160
113000040,33,50,-17
113000042,484,351,133
113000051,611,1497,-886
113000052,1472,415,1057
113000053,343,192,151
113000054,287,330,-43
113000055,1141,210,931
113000056,1059,610,449
113000058,353,600,-247
113000059,585,298,287
113000060,235,325,-90
113000061,310,498,-188
113000062,262,255,7
113000063,274,57,217
113000064,59,93,-34
113000065,119,270,-151
113000066,706,94,612
113000067,1808,568,1240
113000068,302,401,-99
113000069,421,347,74
113000070,2018,558,1460
113000071,297,256,41
113000072,709,284,425
113000073,254,846,-592
113000074,616,227,389
113000075,1103,620,483
113000076,336,2083,-1747
113000077,513,580,-67
113000078,304,1305,-1001
113000079,262,635,-373
113000080,338,502,-164
113000081,392,495,-103
113000082,501,437,64
113000083,370,616,-246
113000084,1098,627,471
113000085,571,426,145
113000086,545,651,-106
113000087,537,806,-269
113000088,1317,843,474
113000089,573,1217,-644
113000090,135,467,-332
113000091,223,282,-59
113000094,745,155,590
113000095,222,370,-148
113000096,73,559,-486
113000097,703,274,429
113000098,72,47,25
113000099,634,359,275
113000100,62,325,-263
113000101,177,539,-362
113000102,391,425,-34
113000103,1325,236,1089
113000104,474,1671,-1197
113000105,570,211,359
113000106,234,160,74
113000107,779,661,118
113000108,546,457,89
113000109,315,794,-479
113000110,1453,209,1244
113000111,139,448,-309
113000112,227,164,63
113000113,730,246,484
113000114,122,781,-659
113000116,330,166,164
113000117,618,75,543
113000118,46,365,-319
113000119,268,218,50
113000120,42,290,-248
113000121,258,600,-342
113000124,162,57,105
113000125,26,598,-572
113000127,1070,135,935
113000128,863,179,684
113000129,344,483,-139
113000133,1237,534,703
113000134,7,726,-719
113000135,2596,2981,-385
113000137,713,2480,-1767
113000139,148,201,-53
113000140,34,88,-54
113000141,84,99,-15
113000142,111,489,-378
113000143,127,80,47
113000144,135,198,-63
113000145,83,79,4
113000146,48,29,19
113000147,110,36,74
113000148,149,57,92
113000149,98,99,-1
113000150,305,230,75
113000151,35,23,12
113000152,34,108,-74
113000153,655,276,379
113000154,426,1001,-575
113000155,252,459,-207
113000156,105,268,-163
113000157,150,326,-176
113000158,445,189,256
113000159,626,367,259
113000160,429,361,68
113000161,254,164,90
113000162,618,200,418
113000163,69,28,41
113000164,17,37,-20
113000166,137,58,79
113000167,45,33,12
113000168,43,46,-3
113000169,213,21,192
113000170,62,65,-3
113000171,21,51,-30
113000172,196,56,140
113000173,51,24,27
113000174,107,141,-34
113000175,347,73,274
113000176,349,71,278
113000177,96,140,-44
113000178,80,144,-64
113000179,246,107,139
113000180,480,788,-308
113000181,941,536,405
113000182,87,215,-128
113000183,97,366,-269
113000184,5,48,-43
113000189,210,410,-200
113000190,147,206,-59
113000192,509,3586,-3077
113000193,1153,2984,-1831
113000194,469,1513,-1044
113000195,682,1901,-1219
113000196,177,44,133
113000197,732,1232,-500
113000198,62,141,-79
113000199,913,200,713
113000201,120,343,-223
113000202,5072,863,4209
113000203,48,187,-139
113000204,375,3363,-2988
113000205,6,9,-3
113000206,3,31,-28
113000207,39,6,33
113000208,26,22,4
113000209,7,9,-2
113000210,2,29,-27
113000211,72,257,-185
113000212,26,31,-5
113000213,17,103,-86
113000214,88,220,-132
113000234,156,463,-307
113000410,72,150,-78
113000411,1098,1832,-734
113000412,2672,1194,1478
113000413,598,2038,-1440
113000414,2149,7369,-5220
113000415,1014,1101,-87
113000416,2321,1799,522
113000417,908,1321,-413
113000418,2692,2650,42
113000419,869,1358,-489
113000420,1973,3954,-1981
113000421,2498,4450,-1952
113000422,4995,6140,-1145
113000423,843,3642,-2799
113000424,1189,6400,-5211
113000425,1,53,-52
113000428,15,14,1
113000430,0,61,-61
113000432,1558,122,1436
113000433,68,306,-238
113000434,24,60,-36
113000435,31,185,-154
113000436,5,325,-320
113000437,868,15,853
113000438,384,10,374
113000439,6,47,-41
113000440,122,25,97
113000441,195,117,78
113000442,96,59,37
113000443,228,69,159
113000444,120,42,78
113000445,67,51,16
113000446,57,60,-3
113000448,387,94,293
113000449,123,489,-366
113000450,389,1199,-810
113000451,1521,118,1403
113000452,70,285,-215
113000453,30,422,-392
113000454,219,93,126
113000455,8,834,-826
113000456,1488,1590,-102
113000468,604,74,530
113000469,28,41,-13
113000470,308,13,295
113000471,3,169,-166
113000472,57,134,-77
113000474,857,491,366
113000475,878,724,154
113000476,1194,1400,-206
113000477,2643,1072,1571
113000478,2139,1950,189
113000479,125,85,40
113000483,0,0,0
113000484,0,0,0
113000485,0,0,0
113000486,0,0,0
113000487,0,0,0
113000488,0,0,0
113000489,0,0,0
113000490,0,0,0
113000491,1,2,-1
113000492,0,0,0
113000493,0,0,0
113000495,173,86,87
113000496,140,56,84
113000499,0,0,0
113900001,3,323,-320
113900002,1,36,-35
113900003,3,49,-46
113900004,1,86,-85
113900005,2,152,-150
113900006,4,14,-10
113900007,40,25,15
113900008,16,1,15
113900009,28,0,28
113900010,24,1,23
113900011,49,0,49
113900012,17,0,17
113900013,45,0,45
113900014,412,1,411
113900015,0,20,-20
113900016,31,0,31
113900017,0,36,-36
113900018,162,173,-11
113900019,104,27,77
113900020,118,9,109
113900022,24,0,24
113900023,16,0,16
113900024,53,23,30
113900025,104,2,102
113900026,42,0,42
113900027,2,63,-61
113900028,10,181,-171
113900029,70,61,9
113900030,239,5,234
113900031,7,1,6
113900032,45,2,43
113900033,75,24,51
113900035,30,0,30
113900036,26,61,-35
113900037,159,187,-28
113900038,25,73,-48
113900039,128,10,118
113900040,19,31,-12
113900041,8,6,2
113900042,31,9,22
113900043,113,67,46
113900044,162,226,-64
113900045,56,2,54
113900046,186,533,-347
113900047,24,84,-60
113900048,61,89,-28
113900049,190,229,-39
113900050,182,236,-54
113900051,150,134,16
113900052,57,61,-4
113900053,367,450,-83
113900054,12,2,10
113900055,98,240,-142
113900056,26,107,-81
113900057,11,36,-25
113900058,64,36,28
113900059,169,152,17
113900060,95,120,-25
113900061,213,142,71
113900062,96,21,75
113900063,45,82,-37
113900064,15,58,-43
113900065,257,12,245
113900066,283,115,168
113900067,73,42,31
113900068,268,478,-210
113900069,32,8,24
113900070,75,189,-114
113900071,37,25,12
113900072,40,57,-17
113900073,284,178,106
113900074,57,48,9
113900075,743,1109,-366
113900076,94,2,92
113900077,37,92,-55
113900078,30,19,11
113900079,2,11,-9
113900080,301,142,159
113900081,44,78,-34
113900082,86,103,-17
113900083,225,74,151
113900084,172,76,96
113900085,38,107,-69
113900086,46,10,36
113900087,89,64,25
113900088,49,59,-10
113900089,254,27,227
113900090,425,220,205
113900091,15,5,10
113900092,12,43,-31
113900093,46,544,-498
113900094,218,120,98
113900095,70,128,-58
113900096,185,62,123
113900097,12,24,-12
113900098,579,63,516
113900099,2,17,-15
113900100,0,1,-1
113900101,1,50,-49
113900102,77,107,-30
113900103,132,163,-31
113900104,68,201,-133
113900105,128,36,92
113900106,2,19,-17
113900107,1,3,-2
113900108,91,170,-79
113900109,171,163,8
113900110,43,3,40
113900111,140,40,100
113900112,97,26,71
113900113,551,292,259
113900114,0,14,-14
113900115,0,15,-15
113900116,34,119,-85
113900117,29,19,10
113900118,69,125,-56
113900119,75,308,-233
113900120,73,37,36
113900121,50,37,13
113900122,212,1754,-1542
113900123,326,123,203
113900124,0,40,-40
113900125,387,81,306
113900126,68,44,24
113900127,253,464,-211
113900128,92,35,57
113900129,1,168,-167
113900130,3,110,-107
113900131,156,53,103
113900132,19,51,-32
113900133,5,27,-22
113900135,209,177,32
113900136,43,50,-7
113900137,210,208,2
113900138,18,105,-87
113900139,121,121,0
113900140,45,282,-237
113900141,367,90,277
113900142,99,29,70
113900143,6,26,-20
113900144,55,163,-108
113900145,236,77,159
113900146,120,25,95
113900148,44,276,-232
113900149,110,27,83
113900150,160,182,-22
113900151,246,81,165
113900152,22,30,-8
113900153,53,327,-274
113900154,1,104,-103
113900155,89,171,-82
113900156,168,253,-85
113900157,19,222,-203
113900158,99,193,-94
113900159,15,187,-172
113900160,208,219,-11
113900161,60,221,-161
113900162,87,383,-296
113900163,97,128,-31
113900164,327,24,303
113900165,333,195,138
113900166,29,93,-64
113900167,230,17,213
113900168,42,39,3
113900169,138,150,-12
113900171,162,43,119
113900172,2,36,-34
113900173,20,227,-207
113900174,333,272,61
113900175,211,86,125
113900176,176,167,9
113900177,208,117,91
113900178,120,117,3
113900179,23,153,-130
113900180,127,86,41
113900181,485,98,387
113900182,440,406,34
113900183,50,53,-3
113900184,8,157,-149
113900185,93,53,40
113900186,38,17,21
113900187,17,77,-60
113900188,27,70,-43
113900189,186,104,82
113900190,75,46,29
113900191,33,74,-41
113900192,1,307,-306
113900193,10,59,-49
113900194,721,410,311
113900195,145,242,-97
113900196,1,70,-69
113900197,0,51,-51
113900198,18,245,-227
113900199,47,311,-264
113900200,6,82,-76
113900201,0,39,-39
113900202,11,131,-120
113900203,0,31,-31
113900204,20,199,-179
113900205,5,75,-70
113900206,1,57,-56
113900207,0,11,-11
113900208,0,23,-23
113900209,0,19,-19
113900210,227,346,-119
113900211,112,44,68
113900212,142,239,-97
113900214,213,263,-50
113900215,150,43,107
113900216,97,167,-70
113900217,85,87,-2
113900218,94,52,42
113900219,83,400,-317
113900220,101,73,28
113900221,113,92,21
113900222,82,328,-246
113900223,150,287,-137
113900224,26,31,-5
113900225,138,92,46
113900226,229,77,152
113900227,211,91,120
113900228,138,322,-184
113900229,41,507,-466
113900230,1288,1921,-633
113900231,103,58,45
113900232,90,42,48
113900233,82,26,56
113900234,263,231,32
113900235,53,12,41
113900236,214,119,95
113900237,103,7,96
113900238,116,307,-191
113900239,27,102,-75
113900240,6,153,-147
113900241,64,52,12
113900242,30,144,-114
113900243,27,196,-169
113900244,120,75,45
113900245,447,191,256
113900246,11,14,-3
113900247,76,377,-301
113900248,1209,1009,200
113900249,317,319,-2
113900250,22,132,-110
113900251,651,74,577
113900252,486,8,478
113900253,509,48,461
113900254,468,123,345
113900255,424,13,411
113900256,236,12,224
113900257,29,220,-191
113900258,16,154,-138
113900259,440,44,396
113900260,171,9,162
113900261,33,68,-35
113900262,74,245,-171
113900263,81,269,-188
113900264,0,131,-131
113900265,48,175,-127
113900266,19,74,-55
113900267,74,444,-370
113900268,188,276,-88
113900269,55,68,-13
113900270,95,345,-250
113900271,365,355,10
113900273,4,8,-4
113900274,20,20,0
113900275,3,31,-28
113900276,1,64,-63
113900277,116,4,112
113900278,146,116,30
113900279,26,15,11
113900280,941,447,494
113900281,265,854,-589
113900282,205,331,-126
113900283,277,323,-46
113900284,672,72,600
113900285,74,25,49
113900286,15,28,-13
113900287,42,12,30
113900288,0,45,-45
113900289,234,63,171
113900290,84,139,-55
113900291,43,101,-58
113900292,4,1,3
113900293,3,113,-110
113900294,379,19,360
113900295,242,246,-4
113900296,1025,260,765
113900297,1625,40,1585
113900298,15,685,-670
113900299,113,35,78
113900300,2158,2376,-218
113900301,446,243,203
113900302,1020,667,353
113900303,153,339,-186
113900304,0,57,-57
113900305,141,0,141
113900306,53,0,53
113900307,1,0,1
113900308,43,97,-54
113900309,4,173,-169
113900310,0,3,-3
113900311,9,2,7
113900312,119,159,-40
113900313,8,1,7
114000001,568,1114,-546
114000002,250,140,110
114000003,38,128,-90
114000004,208,147,61
114000005,165,78,87
114000006,854,845,9
114000007,311,513,-202
114000008,639,1153,-514
114000009,552,122,430
114000011,2064,1176,888
114000012,2057,805,1252
114000013,1216,612,604
114000014,258,97,161
114000015,1241,140,1101
114000016,134,89,45
114000017,84,230,-146
114000018,67,10,57
114000026,1731,501,1230
114000027,2685,1078,1607
114000028,1416,1922,-506
114000038,135,61,74
114000039,44,15,29
114000040,122,110,12
114000042,144,69,75
114000043,41,31,10
114000044,181,10,171
114000045,30,30,0
114000046,1180,2241,-1061
114000047,7,52,-45
114000048,37,19,18
114000049,799,762,37
114000050,834,1037,-203
114000051,1355,1232,123
114000052,2229,1376,853
114000053,38,382,-344
114000054,89,383,-294
114000055,92,23,69
114000056,174,766,-592
114000057,2470,1294,1176
114000058,93,643,-550
114000059,31,199,-168
114000060,270,426,-156
114000061,1389,1785,-396
114000062,508,1023,-515
114000063,820,699,121
114000064,1483,1963,-480
114000065,747,1309,-562
114000066,269,412,-143
114000067,11,445,-434
114000068,243,347,-104
114000069,479,260,219
114000070,1370,1194,176
114000071,374,210,164
114000072,260,77,183
114000073,10,14,-4
114000074,34,8,26
114000075,63,34,29
114000076,18,32,-14
114000077,5,8,-3
114000078,136,162,-26
114000079,171,14,157
114000080,17,29,-12
114000081,43,54,-11
114000082,25,125,-100
114000083,59,51,8
114000084,163,52,111
114000085,59,261,-202
114000086,126,103,23
114000087,49,51,-2
114000088,20,28,-8
114000089,219,124,95
114000090,486,569,-83
114000091,745,597,148
114000092,380,301,79
114000093,754,314,440
114000094,236,180,56
114000095,133,124,9
114000096,36,115,-79
114000097,79,175,-96
114000098,382,77,305
114000099,533,111,422
114000100,1162,280,882
114000101,297,167,130
114000102,418,168,250
114000103,54,114,-60
114000104,1,87,-86
114000105,81,57,24
114000106,380,831,-451
114000107,345,57,288
114000108,537,502,35
114000109,388,941,-553
114000110,341,489,-148
114000111,1405,564,841
114000112,381,835,-454
114000113,845,406,439
114000114,537,571,-34
114000115,1292,684,608
114000116,635,1784,-1149
114000117,2878,342,2536
114000118,2086,350,1736
114000119,1547,345,1202
114000120,385,356,29
114000121,336,540,-204
114000122,276,169,107
114000123,1437,218,1219
114000124,584,180,404
114000125,616,569,47
114000126,1124,133,991
114000127,161,53,108
114000128,551,143,408
114000130,299,254,45
114000131,234,49,185
114000132,300,179,121
114000133,311,403,-92
114000134,18,31,-13
114000138,19,61,-42
114000139,248,244,4
114000144,490,481,9
114000145,33,76,-43
114000146,43,81,-38
114000147,1008,1637,-629
114000148,835,1110,-275
114000149,175,174,1
114000150,161,349,-188
114000151,283,1100,-817
114000152,39,20,19
114000153,287,1079,-792
114000154,405,262,143
114000155,649,1451,-802
114000156,484,372,112
114000157,178,817,-639
114000158,562,425,137
114000159,76,233,-157
114000160,27,276,-249
114000161,589,1882,-1293
114000162,769,1880,-1111
114000163,7,25,-18
114000165,396,269,127
114000166,388,295,93
114000167,1390,817,573
114000168,278,305,-27
114000169,718,1152,-434
114000170,684,851,-167
114000171,886,3558,-2672
114000174,113,261,-148
114000176,229,303,-74
114000177,722,412,310
114000178,30,18,12
114000179,603,523,80
114000180,201,331,-130
114000181,1046,2794,-1748
114000182,789,1387,-598
114000183,387,447,-60
114000184,1195,430,765
114000185,777,474,303
114000189,847,88,759
114000190,2385,358,2027
114000191,36,105,-69
114000192,60,631,-571
114000193,251,903,-652
114000194,959,355,604
114000195,154,52,102
114000196,0,46,-46
114000197,1412,21,1391
114000198,469,231,238
114000199,960,1168,-208
114000200,356,533,-177
114000201,98,298,-200
114000202,500,208,292
114000203,265,302,-37
114000204,107,195,-88
114000205,100,522,-422
114000206,428,750,-322
114000207,311,636,-325
114000208,277,789,-512
114000209,228,816,-588
114000210,114,374,-260
114000211,721,775,-54
114000212,529,467,62
114000213,1002,294,708
114000214,54,48,6
114000215,114,36,78
114000216,1003,132,871
114000217,302,121,181
114000218,86,78,8
114000219,919,85,834
114000220,15,328,-313
114000221,684,96,588
114000222,67,365,-298
114000223,439,81,358
114000224,34,241,-207
114000225,197,228,-31
114000226,176,145,31
114000227,538,277,261
114000228,565,326,239
114000229,951,570,381
114000230,1115,415,700
114000231,731,706,25
114000232,663,130,533
114000233,1837,76,1761
114000234,793,404,389
114000235,788,677,111
114000236,0,189,-189
114000237,70,367,-297
114000238,82,164,-82
114000239,110,411,-301
114000240,561,561,0
114000241,164,489,-325
114000242,500,381,119
114000243,1051,591,460
114000244,349,202,147
114000245,279,530,-251
114000246,93,37,56
114000247,334,275,59
114000248,892,431,461
114000249,339,230,109
114000250,428,285,143
114000251,296,113,183
114000252,33,8,25
114000253,24,19,5
114000254,19,19,0
114000255,244,96,148
114000256,268,1293,-1025
114000257,202,459,-257
114000258,177,147,30
114000259,63,110,-47
114000260,1,18,-17
114000261,38,28,10
114000262,112,58,54
114000263,7,1,6
114000264,754,193,561
114000265,0,1,-1
114000267,3,962,-959
114000268,1,417,-416
114000270,278,12,266
114000271,162,23,139
114000283,945,177,768
114000285,11,69,-58
114000288,93,106,-13
114000289,959,75,884
114000293,119,293,-174
114000294,145,119,26
114000395,755,9,746
114000396,409,443,-34
114000402,576,133,443
114000403,297,128,169
114000405,106,150,-44
114000423,272,104,168
114000424,258,52,206
114000425,644,95,549
114000426,206,530,-324
114000427,56,22,34
114000428,78,150,-72
114000429,5,87,-82
114000432,68,44,24
114000434,10,22,-12
114000435,2,48,-46
114900001,325,263,62
114900002,230,55,175
114900003,538,302,236
114900004,150,268,-118
114900005,340,218,122
114900006,32,48,-16
114900007,197,23,174
114900008,77,101,-24
114900010,652,998,-346
114900011,147,82,65
114900013,180,78,102
114900015,43,326,-283
114900018,653,30,623
114900020,82,41,41
114900022,26,302,-276
114900024,154,50,104
114900025,296,102,194
114900026,58,87,-29
114900027,97,86,11
114900029,26,10,16
114900030,157,83,74
114900031,255,11,244
114900032,273,7,266
114900033,341,588,-247
114900034,21,45,-24
114900035,74,134,-60
114900036,99,145,-46
114900037,41,34,7
114900038,82,187,-105
114900039,309,122,187
114900040,70,38,32
114900041,688,148,540
114900042,799,147,652
114900043,203,70,133
114900044,74,27,47
114900046,27,25,2
114900047,144,1645,-1501
114900048,49,112,-63
114900049,11,61,-50
114900050,26,60,-34
114900051,18,129,-111
114900052,29,123,-94
114900053,39,106,-67
114900054,26,34,-8
114900057,148,14,134
114900058,0,27,-27
114900059,48,40,8
114900060,238,430,-192
114900061,82,41,41
114900062,101,158,-57
114900063,30,55,-25
114900064,1233,108,1125
114900065,357,389,-32
114900067,12,179,-167
114900068,17,68,-51
114900069,89,35,54
114900070,396,143,253
114900072,5,133,-128
114900073,2,50,-48
114900074,497,153,344
114900075,194,2,192
114900076,3,118,-115
114900080,680,171,509
114900082,1377,1555,-178
114900083,347,527,-180
114900090,196,120,76
114900091,69,85,-16
114900095,133,61,72
114900096,133,175,-42
114900097,132,1,131
114900098,0,55,-55
114900099,142,8,134
115000001,2576,1484,1092
115000002,2817,3457,-640
115000003,2517,1173,1344
115000004,3115,3872,-757
115000005,1087,1106,-19
115000006,803,849,-46
115000007,268,110,158
115000008,288,373,-85
115000009,206,127,79
115000010,168,115,53
115000013,28,103,-75
115000015,27,153,-126
115000016,21,183,-162
115000019,19,309,-290
115000020,73,681,-608
115000021,180,270,-90
115000022,404,218,186
115000023,186,434,-248
115000024,662,244,418
115000025,607,474,133
115000026,197,210,-13
115000027,256,219,37
115000028,112,423,-311
115000029,453,48,405
115000030,458,727,-269
115000031,828,159,669
115000032,5,209,-204
115000033,99,34,65
115000034,55,731,-676
115000035,762,40,722
115000036,0,203,-203
115000037,334,8,326
115000038,47,108,-61
115000039,2200,2106,94
115000040,2162,1648,514
115000041,1075,2647,-1572
115000042,242,389,-147
115000043,2908,1724,1184
115000044,2242,1816,426
115000045,1482,591,891
115000046,2130,1675,455
115000047,1843,813,1030
115000048,1245,991,254
115000049,794,1595,-801
115000050,2162,1027,1135
115000051,1213,2385,-1172
115000052,888,876,12
115000053,1533,1296,237
115000054,340,475,-135
115000055,182,710,-528
115000056,235,517,-282
115000057,461,821,-360
115000058,333,241,92
115000059,299,113,186
115000061,72,111,-39
115000062,124,207,-83
115000063,258,185,73
115000064,128,59,69
115000065,41,375,-334
115000067,124,10,114
115000069,51,155,-104
115000070,26,530,-504
115000071,55,5,50
115000072,11,39,-28
115000073,1035,39,996
115000075,67,34,33
115000076,1513,1147,366
115000077,1418,764,654
115000078,940,587,353
115000079,721,693,28
115000080,1607,927,680
115000081,321,479,-158
115000082,2973,2454,519
115000083,1248,794,454
115000084,2022,697,1325
115000085,633,377,256
115000086,802,291,511
115000087,311,786,-475
115000088,1316,408,908
115000089,936,707,229
115000090,299,483,-184
115000091,158,400,-242
115000092,568,290,278
115000093,444,2,442
115000094,3395,4021,-626
115000095,2496,4268,-1772
115000096,760,693,67
115000097,1079,654,425
115000098,1024,359,665
115000099,2052,1213,839
115000100,917,199,718
115000101,382,722,-340
115000102,336,207,129
115000103,206,303,-97
115000105,46,77,-31
115000106,573,210,363
115000107,124,228,-104
115000108,1401,1223,178
115000109,2207,3744,-1537
115000110,920,1166,-246
115000111,388,679,-291
115000112,476,463,13
115000113,413,421,-8
115000114,835,340,495
115000116,1691,1323,368
115000117,1519,1587,-68
115000118,1261,1178,83
115000119,1085,1353,-268
115000120,329,889,-560
115000121,597,484,113
115000122,658,889,-231
115000123,534,1271,-737
115000124,465,724,-259
115000125,259,458,-199
115000126,67,208,-141
115000127,252,62,190
115000128,183,581,-398
115000129,127,265,-138
115000130,278,301,-23
115000131,531,159,372
115000132,203,108,95
115000133,445,115,330
115000134,174,126,48
115000135,96,81,15
115000136,158,166,-8
115000137,63,109,-46
115000138,359,143,216
115000139,209,106,103
115000140,360,98,262
115000141,164,77,87
115000142,138,82,56
115000143,777,382,395
115000144,348,31,317
115000145,199,153,46
115000146,408,321,87
115000147,178,204,-26
115000148,223,332,-109
115000149,440,120,320
115000150,387,336,51
115000151,802,303,499
115000152,358,343,15
115000153,710,273,437
115000154,579,135,444
115000155,400,445,-45
115000156,530,518,12
115000157,244,548,-304
115000158,170,209,-39
115000159,307,345,-38
115000160,230,248,-18
115000161,78,281,-203
115000162,340,518,-178
115000163,397,545,-148
115000164,492,525,-33
115000165,221,351,-130
115000167,86,53,33
115000168,245,249,-4
115000169,302,443,-141
115000170,49,159,-110
115000171,165,202,-37
115000172,421,449,-28
115000173,180,388,-208
115000174,43,238,-195
115000175,96,21,75
115000176,31,33,-2
115000177,32,35,-3
115000178,1,96,-95
115000179,11,14,-3
115000180,65,195,-130
115000181,539,107,432
115000182,724,152,572
115000183,309,325,-16
115000186,377,139,238
115000187,155,359,-204
115000188,272,378,-106
115000189,133,255,-122
115000190,454,260,194
115000191,127,346,-219
115000194,64,109,-45
115000195,102,199,-97
115000196,144,66,78
115000197,142,107,35
115000198,297,83,214
115000199,270,67,203
115000200,236,60,176
115000201,106,162,-56
115000206,262,24,238
115000207,196,141,55
115000208,143,329,-186
115000209,385,172,213
115000210,80,61,19
115000211,180,147,33
115000212,715,213,502
115000224,201,32,169
115000225,36,58,-22
115000229,90,63,27
115000230,78,161,-83
115000231,252,544,-292
115000232,1390,179,1211
115000233,61,56,5
115000234,19,203,-184
115000241,65,87,-22
115000242,88,106,-18
115000243,33,65,-32
115000244,10,82,-72
115000246,69,9,60
115000247,20,8,12
115000248,25,11,14
115000249,7,6,1
115000250,192,13,179
115000251,187,25,162
115000252,58,98,-40
115000253,4,222,-218
115000258,157,41,116
115000259,185,40,145
115000261,34,20,14
115000262,8,17,-9
115000263,18,38,-20
115000264,16,13,3
115000267,33,64,-31
115000268,27,69,-42
115000269,59,48,11
115000270,3,12,-9
115000272,35,55,-20
115000273,340,29,311
115000280,1067,154,913
115000281,160,435,-275
115000282,500,557,-57
115000284,147,105,42
115000296,965,5,960
115000297,66,123,-57
115000298,23,310,-287
115000300,173,90,83
115000302,481,56,425
115000303,543,46,497
115000304,503,36,467
115000305,56,196,-140
115000306,145,87,58
115000307,92,101,-9
115000308,22,12,10
115000309,6,50,-44
115000310,892,266,626
115000311,874,741,133
115000313,58,191,-133
115000314,362,105,257
115000315,485,466,19
115000316,75,73,2
115000317,112,269,-157
115000318,549,176,373
115000319,40,165,-125
115000320,12,206,-194
115000321,160,5,155
115000322,31,114,-83
115000449,94,74,20
115000557,0,901,-901
115000558,315,60,255
115000587,363,144,219
115000588,1316,1349,-33
115000589,2381,1452,929
115000590,560,751,-191
115000591,817,446,371
115000592,300,1056,-756
115000593,809,441,368
115000594,331,1779,-1448
115000609,152,127,25
115000617,390,1930,-1540
115000624,251,38,213
115000633,223,859,-636
115000634,2052,444,1608
115000635,411,103,308
115000638,243,213,30
115000641,27,126,-99
115000642,188,128,60
115000643,63,232,-169
115000644,87,160,-73
115000646,503,1116,-613
115000647,107,287,-180
115000648,1525,841,684
115000893,1109,874,235
115000894,113,619,-506
115000895,163,707,-544
115000896,728,398,330
115000897,333,90,243
115000898,251,173,78
115000899,162,1054,-892
115000900,24,205,-181
115000901,28,102,-74
115000912,288,49,239
115000913,1,4,-3
115000915,11,0,11
115000916,4,0,4
115000917,0,5,-5
115000918,11,380,-369
115000919,3,2,1
115000920,4,56,-52
115000921,149,51,98
115000922,354,637,-283
115000923,118,1150,-1032
115000925,74,76,-2
115000927,44,53,-9
115000933,75,292,-217
115000934,177,98,79
115000935,74,40,34
115000936,7,431,-424
115000937,392,116,276
115000938,32,221,-189
115000939,38,125,-87
115000940,5,9,-4
115000941,0,24,-24
115000942,3,98,-95
115000943,16,21,-5
115000944,2,3,-1
115900001,141,31,110
115900002,52,56,-4
115900003,172,32,140
115900004,0,12,-12
115900005,192,5,187
115900006,57,78,-21
115900008,56,8,48
115900009,38,72,-34
115900010,283,51,232
115900011,224,75,149
115900012,236,18,218
115900013,190,104,86
115900014,62,65,-3
115900015,118,14,104
115900016,66,21,45
115900017,8,8,0
115900018,86,16,70
115900019,65,4,61
115900020,84,3,81
115900021,374,142,232
115900022,413,4,409
115900023,12,5,7
115900025,27,98,-71
115900026,382,50,332
115900027,0,69,-69
115900028,264,46,218
115900029,7,152,-145
115900030,22,15,7
115900031,103,151,-48
115900032,297,402,-105
115900033,0,11,-11
115900034,14,99,-85
115900035,22,8,14
115900036,19,859,-840
115900037,16,107,-91
115900038,39,23,16
115900039,82,90,-8
115900041,208,465,-257
115900042,25,8,17
115900043,64,30,34
115900044,118,121,-3
115900046,347,101,246
115900047,75,169,-94
115900049,92,110,-18
115900051,2,13,-11
115900052,2,103,-101
115900053,208,57,151
115900054,264,25,239
115900055,18,66,-48
115900056,126,68,58
115900057,0,12,-12
115900058,24,34,-10
115900060,39,53,-14
115900061,135,1,134
115900062,39,89,-50
115900063,39,1,38
115900064,115,124,-9
115900065,126,22,104
115900066,57,40,17
115900067,4,134,-130
115900068,1076,728,348
115900069,44,105,-61
115900070,128,24,104
115900071,0,118,-118
115900072,33,61,-28
115900073,61,96,-35
115900074,3,103,-100
115900075,39,73,-34
115900076,0,28,-28
115900077,9,57,-48
115900078,14,40,-26
115900079,219,15,204
115900080,162,103,59
115900081,23,37,-14
115900082,95,54,41
115900084,323,8,315
115900085,19,39,-20
115900086,564,289,275
115900088,4,39,-35
115900089,339,262,77
115900090,358,5,353
115900091,2,14,-12
115900092,31,29,2
115900093,10,3,7
115900094,4,46,-42
115900096,3,3,0
115900097,9,100,-91
115900098,175,150,25
115900099,19,45,-26
115900100,8,123,-115
115900101,165,80,85
115900102,53,12,41
115900103,230,60,170
115900104,52,27,25
115900105,178,148,30
115900106,68,8,60
115900107,57,47,10
115900108,126,21,105
115900109,12,119,-107
115900110,1,8,-7
115900111,0,53,-53
115900112,27,327,-300
115900113,60,8,52
115900114,4,43,-39
115900115,81,92,-11
115900116,37,291,-254
115900117,45,4,41
115900118,1,86,-85
115900119,81,59,22
115900120,12,65,-53
115900121,112,70,42
115900124,165,519,-354
115900125,213,22,191
115900126,504,63,441
115900127,470,23,447
115900128,5,38,-33
115900129,376,40,336
115900130,12,206,-194
115900131,205,23,182
115900132,564,4,560
115900134,258,24,234
115900135,236,644,-408
115900137,41,22,19
115900139,6,44,-38
115900140,232,18,214
115900141,1,23,-22
115900142,2,10,-8
115900143,153,116,37
115900144,122,88,34
115900146,7,35,-28
115900147,158,183,-25
115900148,127,3,124
115900149,117,9,108
115900150,48,14,34
115900151,15,60,-45
115900152,75,138,-63
115900153,88,67,21
115900154,216,216,0
115900155,0,10,-10
115900156,414,441,-27
115900157,112,228,-116
115900158,4,0,4
115900159,118,83,35
115900160,3,12,-9
115900161,12,38,-26
115900163,92,58,34
115900164,412,8,404
115900166,65,52,13
115900168,69,58,11
115900171,52,186,-134
115900172,38,52,-14
115900173,158,55,103
115900174,108,145,-37
115900175,98,114,-16
115900178,1,204,-203
115900179,284,6,278
115900180,16,43,-27
115900181,195,57,138
115900182,384,52,332
115900183,16,41,-25
115900184,436,2,434
115900187,10,112,-102
115900189,1,125,-124
115900190,90,604,-514
115900191,13,93,-80
115900192,8,101,-93
115900193,88,55,33
115900194,501,42,459
115900195,198,1505,-1307
115900198,158,198,-40
115900199,167,86,81
115900200,136,103,33
115900201,247,245,2
115900202,1,26,-25
115900203,5,18,-13
115900204,0,6,-6
115900205,34,18,16
115900206,138,66,72
115900207,26,8,18
115900208,70,42,28
115900209,5,75,-70
115900210,0,79,-79
115900211,1,34,-33
115900212,104,75,29
115900213,61,86,-25
115900214,474,114,360
115900215,9,142,-133
115900216,1,76,-75
115900217,5,16,-11
115900218,2,13,-11
115900219,107,2,105
115900220,195,2,193
115900221,59,6,53
115900222,60,31,29
115900223,6,323,-317
115900224,317,1071,-754
115900225,40,22,18
115900226,32,32,0
115900227,15,14,1
115900228,3,6,-3
115900229,0,18,-18
115900230,21,51,-30
115900231,83,1,82
115900232,38,2,36
115900233,39,4,35
115900234,38,15,23
115900235,21,32,-11
115900236,9,40,-31
115900237,8,11,-3
115900238,11,9,2
115900239,6,10,-4
115900240,17,16,1
115900241,133,23,110
115900242,165,215,-50
115900243,6,9,-3
115900244,10,7,3
115900245,49,1,48
115900246,4,11,-7
115900247,6,8,-2
115900248,7,3,4
115900249,4,2,2
115900250,6,7,-1
115900251,1,8,-7
115900252,4,1,3
115900253,9,7,2
115900254,3,16,-13
115900255,4,20,-16
115900256,9,13,-4
115900257,1,7,-6
115900258,0,1,-1
115900259,2,2,0
115900260,2,1,1
115900261,4,1,3
115900262,1,0,1
115900263,10,0,10
115900264,6,1,5
115900265,2,4,-2
115900266,2,10,-8
115900267,6,17,-11
115900268,4,9,-5
115900269,336,72,264
115900270,220,103,117
115900271,136,1,135
115900272,36,3,33
115900273,4,26,-22
115900274,1,1,0
115900275,0,2,-2
115900276,0,12,-12
115900277,0,33,-33
115900278,36,43,-7
115900279,7,119,-112
115900280,4,381,-377
115900281,119,273,-154
115900282,11,19,-8
115900283,12,7,5
115900284,29,4,25
116000001,3703,1588,2115
116000002,3145,8914,-5769
116000003,621,729,-108
116000004,1687,2895,-1208
116000005,744,1953,-1209
116000006,1664,2045,-381
116000007,1227,1273,-46
116000008,2775,1822,953
116000009,590,922,-332
116000010,1821,990,831
116000011,474,829,-355
116000012,1383,768,615
116000013,3333,2459,874
116000014,5211,10849,-5638
116000015,75,943,-868
116000016,2321,2725,-404
116000017,9,506,-497
116000018,313,189,124
116000019,523,224,299
116000020,423,505,-82
116000021,497,179,318
116000022,263,183,80
116000023,842,517,325
116000024,322,471,-149
116000025,597,549,48
116000026,926,1743,-817
116000027,388,436,-48
116000028,303,679,-376
116000029,243,413,-170
116000030,388,359,29
116000031,90,147,-57
116000032,175,83,92
116000033,219,298,-79
116000034,490,501,-11
116000035,254,244,10
116000036,608,1493,-885
116000037,312,286,26
116000038,152,597,-445
116000039,189,746,-557
116000040,314,492,-178
116000041,57,499,-442
116000042,512,322,190
116000043,44,396,-352
116000044,2,41,-39
116000045,907,937,-30
116000046,638,986,-348
116000047,1020,1518,-498
116000048,1208,1048,160
116000049,941,2302,-1361
116000050,943,713,230
116000051,3604,2052,1552
116000052,3742,2803,939
116000053,1365,456,909
116000054,608,1607,-999
116000055,487,559,-72
116000056,666,504,162
116000057,1388,691,697
116000058,1926,1524,402
116000059,1457,2297,-840
116000060,1118,816,302
116000061,445,668,-223
116000062,297,184,113
116000063,371,990,-619
116000066,120,449,-329
116000067,127,220,-93
116000068,98,197,-99
116000069,196,183,13
116000078,408,681,-273
116000080,1170,473,697
116000082,1,17,-16
116000083,1395,228,1167
116000084,890,1380,-490
116000085,1509,1135,374
116000086,763,521,242
116000087,2043,1307,736
116000088,503,383,120
116000089,158,51,107
116000090,115,87,28
116000091,158,235,-77
116000093,472,231,241
116000094,401,245,156
116000095,707,301,406
116000096,507,872,-365
116000097,482,310,172
116000098,67,4091,-4024
116000099,2515,161,2354
116000100,197,8,189
116000101,573,307,266
116000102,190,471,-281
116000103,280,157,123
116000104,143,448,-305
116000105,817,90,727
116000106,237,255,-18
116000107,1419,116,1303
116000108,45,104,-59
116000111,102,34,68
116000113,142,68,74
116000114,24,52,-28
116000115,207,80,127
116000116,139,148,-9
116000117,1157,1106,51
116000118,1093,566,527
116000119,2626,1102,1524
116000120,1864,1435,429
116000121,636,424,212
116000122,595,523,72
116000123,870,307,563
116000124,261,382,-121
116000125,2079,422,1657
116000126,189,575,-386
116000127,606,525,81
116000128,1303,556,747
116000129,1020,136,884
116000130,477,363,114
116000133,824,509,315
116000134,1037,701,336
116000135,1849,911,938
116000136,542,891,-349
116000137,713,379,334
116000138,727,523,204
116000139,1017,1629,-612
116000140,101,149,-48
116000141,274,206,68
116000142,1702,1314,388
116000143,1473,1100,373
116000144,1122,920,202
116000145,1459,562,897
116000146,614,35,579
116000147,151,103,48
116000148,577,671,-94
116000149,451,371,80
116000151,315,288,27
116000153,59,177,-118
116000155,74,161,-87
116000156,297,431,-134
116000157,42,8,34
116000158,255,160,95
116000159,5,7,-2
116000160,3,14,-11
116000161,2,32,-30
116000162,25,73,-48
116000163,28,8,20
116000164,4,20,-16
116000177,53,59,-6
116000194,48,288,-240
116000195,869,402,467
116000196,4,2,2
116000197,8,9,-1
116000198,1206,584,622
116000200,335,342,-7
116000201,370,399,-29
116000202,9,117,-108
116000203,4,33,-29
116000204,3,36,-33
116000205,0,69,-69
116000206,1,37,-36
116000207,5,42,-37
116000233,109,230,-121
116000287,113,161,-48
116000288,238,107,131
116000292,38,51,-13
116000296,14,63,-49
116000297,90,13,77
116000304,75,12,63
116000305,5,18,-13
116000346,121,64,57
116000352,107,49,58
116000354,46,9,37
116000357,25,16,9
116000358,261,46,215
116000361,83,5,78
116000372,2121,3854,-1733
116000381,54,0,54
116000388,3,16,-13
116000389,364,289,75
116000445,357,171,186
116000446,405,176,229
116000447,22,389,-367
116000448,346,85,261
116000563,375,453,-78
116000565,42,116,-74
116000568,36,234,-198
116000579,12,60,-48
116000584,26,2,24
116000585,21,11,10
116000586,34,26,8
116000587,242,272,-30
116000589,16,40,-24
116000590,59,41,18
116000591,213,89,124
116000592,11,39,-28
116000593,0,11,-11
116000594,471,134,337
116000595,386,29,357
116000596,76,9,67
116000597,318,83,235
116000598,12,77,-65
116000605,72,67,5
116000606,55,157,-102
116000607,1,30,-29
116000609,72,710,-638
116000611,154,185,-31
116000612,913,1402,-489
116000613,555,203,352
116000614,304,230,74
116000615,1,350,-349
116000616,40,34,6
116000617,50,12,38
116000618,3,27,-24
116000619,22,54,-32
116000620,123,66,57
116000621,47,56,-9
116000622,22,72,-50
116000624,117,47,70
116000627,87,9,78
116000628,30,113,-83
116000629,24,116,-92
116000630,427,10,417
116000631,197,20,177
116000632,829,29,800
116000633,124,94,30
116000634,291,54,237
116000635,1294,1881,-587
116000636,318,957,-639
116000637,375,31,344
116000638,111,97,14
116000640,18,28,-10
116000641,22,25,-3
116000644,14,124,-110
116900001,136,73,63
116900002,168,1,167
116900003,36,3,33
116900004,25,43,-18
116900005,229,30,199
116900006,33,83,-50
116900007,92,115,-23
116900008,393,84,309
116900009,9,5,4
116900010,2,291,-289
116900011,5,14,-9
116900012,127,124,3
116900013,1,28,-27
116900014,126,42,84
116900015,342,20,322
116900016,137,1,136
116900017,1,190,-189
116900018,65,23,42
116900019,2,80,-78
116900020,279,894,-615
116900023,25,4,21
116900024,495,20,475
116900025,877,314,563
116900026,36,286,-250
116900027,17,18,-1
116900028,3,54,-51
116900029,0,37,-37
116900031,0,0,0
116900032,1,129,-128
116900033,14,6,8
116900034,4,24,-20
116900035,87,89,-2
116900036,0,54,-54
116900038,10,4,6
116900041,31,2,29
116900042,212,121,91
116900043,9,41,-32
116900047,5,65,-60
116900049,17,142,-125
116900050,49,106,-57
116900051,104,41,63
116900052,76,30,46
116900055,1,4,-3
116900057,4,78,-74
116900058,18,172,-154
116900059,0,44,-44
116900060,93,99,-6
116900062,0,9,-9
116900064,49,118,-69
116900065,11,75,-64
116900067,41,17,24
116900068,95,83,12
116900070,2,1,1
116900072,37,103,-66
116900073,10,40,-30
116900074,6,15,-9
116900076,7,16,-9
116900077,4,21,-17
116900078,150,30,120
116900079,30,73,-43
116900080,5,14,-9
116900081,184,546,-362
116900082,283,561,-278
116900083,11,13,-2
116900084,37,31,6
116900085,21,91,-70
116900086,22,92,-70
116900088,175,42,133
116900090,29,17,12
116900091,176,17,159
116900092,45,293,-248
116900093,1765,948,817
116900094,1711,2761,-1050
116900095,141,100,41
116900096,28,190,-162
116900097,1054,2061,-1007
116900098,505,290,215
116900099,132,416,-284
116900100,720,26,694
116900101,142,294,-152
116900103,4,0,4
116900104,37,91,-54
116900105,207,129,78
116900106,1542,79,1463
116900107,967,1476,-509
116900110,14,1,13
116900111,501,148,353
116900112,151,263,-112
116900113,533,1344,-811
116900116,43,469,-426
116900117,77,66,11
116900118,607,619,-12
116900120,326,41,285
116900121,112,8,104
116900122,630,223,407
116900123,168,248,-80
116900124,105,460,-355
116900125,284,59,225
116900126,69,297,-228
116900128,0,32,-32
116900129,1,98,-97
116900130,373,2093,-1720
116900131,46,177,-131
116900132,44,38,6
116900133,99,45,54
116900134,139,102,37
116900136,96,78,18
116900137,126,59,67
116900138,94,86,8
116900139,59,254,-195
116900140,103,74,29
116900141,336,182,154
116900142,2,68,-66
116900143,140,134,6
116900144,20,72,-52
116900145,48,123,-75
116900147,272,1148,-876
116900148,5,26,-21
116900149,34,172,-138
116900150,3,4,-1
116900151,43,34,9
116900153,68,73,-5
116900154,107,266,-159
116900155,29,47,-18
116900157,321,88,233
116900158,47,194,-147
116900159,30,279,-249
116900160,522,827,-305
116900161,1931,4821,-2890
116900162,7,40,-33
116900163,144,35,109
116900164,50,41,9
116900165,260,310,-50
116900166,35,9,26
116900167,259,43,216
116900168,287,30,257
116900169,209,905,-696
116900170,213,439,-226
116900171,46,37,9
116900172,72,264,-192
116900173,123,26,97
116900174,37,50,-13
116900175,148,274,-126
116900178,29,44,-15
116900179,48,313,-265
116900180,54,20,34
116900182,480,124,356
116900183,97,36,61
116900185,30,54,-24
116900186,60,75,-15
116900187,34,67,-33
116900188,62,27,35
116900189,36,0,36
116900191,213,241,-28
116900192,212,63,149
116900194,98,1160,-1062
116900195,24,24,0
116900196,6,32,-26
116900197,75,8,67
116900198,45,171,-126
116900200,49,6,43
116900201,81,1,80
116900202,46,15,31
116900203,109,6,103
116900204,19,91,-72
116900206,18,4,14
116900207,12,9,3
116900208,19,26,-7
116900209,14,39,-25
116900210,482,187,295
116900211,208,3,205
116900212,47,18,29
116900213,131,44,87
116900214,141,54,87
116900215,18,47,-29
116900216,150,99,51
116900218,0,95,-95
116900219,670,125,545
116900220,86,132,-46
116900221,68,138,-70
116900222,314,314,0
116900223,94,131,-37
116900226,57,17,40
116900227,127,28,99
116900228,223,86,137
116900230,26,123,-97
116900231,35,163,-128
116900232,7,128,-121
116900233,149,59,90
116900234,22,2,20
116900235,101,89,12
116900238,913,155,758
116900239,10,706,-696
116900240,1969,1368,601
116900241,46,36,10
116900242,288,399,-111
116900243,1,14,-13
116900245,23,17,6
116900246,94,5,89
116900247,497,17,480
116900248,52,18,34
116900249,323,26,297
116900250,257,8,249
116900251,220,382,-162
116900252,72,243,-171
116900253,96,33,63
116900254,28,42,-14
116900255,52,62,-10
116900256,279,66,213
116900257,7,133,-126
116900258,3,77,-74
116900259,187,5,182
116900260,1,30,-29
116900261,51,3,48
116900262,116,71,45
116900263,0,15,-15
116900264,66,51,15
116900265,28,0,28
116900266,10,21,-11
116900267,2,1,1
116900268,19,17,2
116900269,159,496,-337
116900271,368,206,162
116900272,259,161,98
116900273,40,221,-181
116900274,81,27,54
116900275,123,34,89
116900276,270,135,135
116900277,171,27,144
116900278,2,5,-3
116900279,1,20,-19
116900280,27,10,17
116900281,1896,3125,-1229
116900282,3,25,-22
116900283,8,18,-10
116900284,3,77,-74
116900285,79,140,-61
116900286,53,7,46
116900287,3,9,-6
116900288,74,44,30
116900289,27,0,27
116900290,10,6,4
116900291,7,12,-5
116900292,0,18,-18
116900293,52,11,41
116900294,7,57,-50
116900295,67,137,-70
116900296,29,103,-74
116900297,9,74,-65
116900298,37,166,-129
116900299,11,78,-67
116900300,3,149,-146
116900301,10,325,-315
116900302,17,88,-71
116900303,96,70,26
116900304,1,157,-156
116900305,7,22,-15
116900306,182,37,145
116900307,55,0,55
116900308,0,25,-25
116900309,79,28,51
117000001,1638,1323,315
117000002,1221,2267,-1046
117000003,4163,2381,1782
117000004,1728,2697,-969
117000005,1879,1371,508
117000006,701,1523,-822
117000007,3537,702,2835
117000008,670,1716,-1046
117000009,3239,1209,2030
117000010,1254,1809,-555
117000011,1838,1049,789
117000012,934,769,165
117000013,1603,675,928
117000014,870,1741,-871
117000015,1559,955,604
117000016,137,258,-121
117000017,85,191,-106
117000018,92,749,-657
117000019,33,40,-7
117000020,246,1201,-955
117000021,755,522,233
117000022,201,175,26
117000023,51,434,-383
117000024,87,302,-215
117000025,202,1419,-1217
117000026,1032,1614,-582
117000027,521,2767,-2246
117000028,599,1833,-1234
117000030,184,264,-80
117000031,371,220,151
117000032,870,851,19
117000033,964,490,474
117000034,260,169,91
117000035,241,261,-20
117000036,283,206,77
117000037,187,110,77
117000038,119,314,-195
117000039,262,158,104
117000040,157,353,-196
117000041,822,86,736
117000044,5,415,-410
117000045,525,80,445
117000046,289,548,-259
117000047,667,528,139
117000048,923,415,508
117000049,46,336,-290
117000050,114,792,-678
117000051,1891,47,1844
117000052,26,182,-156
117000053,446,10,436
117000054,1173,5,1168
117000055,4,1084,-1080
117000056,507,32,475
117000057,280,1105,-825
117000060,299,585,-286
117000061,1532,664,868
117000062,139,408,-269
117000063,1429,794,635
117000064,368,349,19
117000066,378,445,-67
117000067,78,511,-433
117000074,33,128,-95
117000076,23,28,-5
117000077,94,85,9
117000078,96,365,-269
117000079,240,171,69
117000080,1,258,-257
117000081,666,111,555
117000082,9,45,-36
117000083,119,2,117
117000084,97,0,97
117000085,247,553,-306
117000086,507,209,298
117000087,62,348,-286
117000088,268,102,166
117000089,1370,167,1203
117000090,246,560,-314
117000091,659,169,490
117000092,264,542,-278
117000093,1156,456,700
117000094,874,1202,-328
117000095,2657,445,2212
117000096,435,1191,-756
117000097,1335,537,798
117000098,1212,1857,-645
117000099,3076,700,2376
117000100,126,189,-63
117000101,74,545,-471
117000102,1641,463,1178
117000103,395,751,-356
117000104,1054,479,575
117000105,462,646,-184
117000106,1085,400,685
117000107,285,919,-634
117000108,1647,686,961
117000109,748,1215,-467
117000110,1242,976,266
117000111,2692,2523,169
117000112,2500,948,1552
117000113,68,83,-15
117000114,152,58,94
117000115,44,59,-15
117000116,103,118,-15
117000117,895,798,97
117000118,205,113,92
117000119,74,315,-241
117000120,89,692,-603
117000121,9,598,-589
117000122,323,738,-415
117000123,1289,21,1268
117000124,105,130,-25
117000125,100,413,-313
117000126,72,24,48
117000127,111,189,-78
117000128,134,584,-450
117000129,183,927,-744
117000130,84,0,84
117000131,0,61,-61
117000132,2072,38,2034
117000133,1629,16,1613
117000134,0,71,-71
117000135,1,89,-88
117000136,0,29,-29
117000137,112,110,2
117000138,0,468,-468
117000140,259,703,-444
117000141,1359,291,1068
117000181,166,138,28
117000182,850,414,436
117000195,54,380,-326
117000196,222,118,104
117000225,50,78,-28
117000226,2,158,-156
117000276,234,13,221
117000277,0,115,-115
117000310,870,1507,-637
117000315,114,436,-322
117000320,31,0,31
117000906,429,9,420
117000907,10,102,-92
117000909,20,25,-5
117000910,209,99,110
117000911,33,124,-91
117000915,5,183,-178
117000916,48,3,45
117000917,994,29,965
117000918,70,20,50
117000919,4,36,-32
117000920,0,428,-428
117000921,1,385,-384
117000922,23,22,1
117000924,390,492,-102
117000926,282,178,104
117000927,231,617,-386
117000928,1,53,-52
117000929,207,111,96
117000930,199,3,196
117000931,30,77,-47
117900002,40,298,-258
117900003,178,242,-64
117900005,5,141,-136
117900006,0,12,-12
117900007,82,48,34
117900008,0,6,-6
117900010,239,64,175
117900011,28,303,-275
117900012,32,42,-10
117900013,0,64,-64
117900014,451,112,339
117900015,8,38,-30
117900016,488,508,-20
117900017,416,258,158
117900018,156,347,-191
117900019,399,157,242
117900020,26,352,-326
117900021,16,40,-24
117900022,27,3,24
117900023,1072,59,1013
117900024,51,40,11
117900025,27,7,20
117900026,305,114,191
117900028,22,10,12
117900029,170,227,-57
117900030,393,182,211
117900031,118,199,-81
117900032,596,328,268
117900033,241,256,-15
117900034,30,16,14
117900035,129,44,85
117900036,167,171,-4
117900037,108,35,73
117900038,15,85,-70
117900039,0,18,-18
117900040,53,121,-68
117900041,2,13,-11
117900042,1390,130,1260
117900043,14,30,-16
117900044,17,2494,-2477
117900045,142,83,59
117900048,204,92,112
117900049,202,179,23
117900050,6,225,-219
117900051,8,8,0
117900052,20,261,-241
117900053,979,143,836
117900054,5,14,-9
117900055,605,136,469
117900056,16,60,-44
117900057,441,664,-223
117900058,24,56,-32
117900059,103,49,54
117900060,1536,1622,-86
117900061,15,212,-197
117900063,289,63,226
117900065,278,512,-234
117900066,4,45,-41
117900067,517,55,462
117900069,538,98,440
117900070,65,114,-49
117900071,99,41,58
117900073,452,107,345
117900074,48,170,-122
117900075,37,27,10
117900076,41,30,11
117900077,309,51,258
117900078,218,450,-232
117900080,122,33,89
117900081,194,158,36
117900082,278,187,91
117900083,298,216,82
117900086,158,22,136
117900087,90,15,75
117900088,1231,758,473
117900089,1451,462,989
117900090,336,202,134
117900091,71,72,-1
117900092,45,22,23
117900093,83,13,70
117900094,21,25,-4
117900095,277,296,-19
117900096,84,158,-74
117900097,135,28,107
117900098,26,5,21
117900099,121,164,-43
117900100,195,1,194
117900101,361,1216,-855
117900102,67,17,50
117900103,42,2,40
117900104,5,291,-286
117900105,89,92,-3
117900106,60,7,53
117900107,29,1,28
117900109,583,233,350
117900110,84,2,82
117900111,256,19,237
117900112,26,0,26
117900113,717,1048,-331
117900114,26,0,26
117900115,32,141,-109
117900116,436,372,64
117900117,499,128,371
117900118,67,0,67
117900119,150,62,88
117900120,253,22,231
117900121,31,8,23
117900122,623,2213,-1590
117900123,493,260,233
117900124,263,296,-33
117900125,748,1139,-391
117900126,86,253,-167
117900127,351,151,200
117900128,174,163,11
117900129,71,0,71
117900130,341,151,190
117900131,6,52,-46
117900132,22,26,-4
117900133,12,33,-21
117900134,16,80,-64
117900135,13,49,-36
117900136,0,19,-19
117900137,18,98,-80
117900138,0,14,-14
117900139,80,51,29
117900140,2144,209,1935
117900141,109,149,-40
117900142,20,120,-100
117900144,25,509,-484
117900145,12,83,-71
117900146,100,185,-85
117900147,62,26,36
117900148,1215,1238,-23
117900149,91,83,8
117900150,15,25,-10
117900151,29,54,-25
117900152,49,28,21
117900153,11,61,-50
117900154,295,252,43
117900156,422,406,16
117900157,36,375,-339
117900158,172,81,91
117900160,487,443,44
117900161,1001,787,214
117900162,376,242,134
117900163,14,240,-226
117900165,0,12,-12
117900166,63,384,-321
117900168,36,71,-35
117900169,0,45,-45
117900170,1,18,-17
117900171,0,8,-8
117900172,7,12,-5
117900173,52,71,-19
117900174,7,32,-25
117900175,2,7,-5
117900176,12,9,3
117900177,15,18,-3
117900178,28,21,7
117900180,156,18,138
117900181,21,339,-318
117900182,4,41,-37
117900183,71,141,-70
117900184,8,38,-30
117900185,61,16,45
117900186,32,10,22
117900187,15,3,12
117900188,96,35,61
117900189,50,20,30
117900190,36,0,36
117900191,64,0,64
117900192,184,1,183
117900193,1,14,-13
117900194,11,9,2
117900195,6,19,-13
117900196,15,19,-4
117900207,90,83,7
117900208,21,17,4
117900209,103,100,3
117900210,78,65,13
117900211,3,61,-58
117900212,89,72,17
117900213,17,6,11
117900214,5,6,-1
117900215,33,30,3
117900216,25,28,-3
117900217,22,189,-167
117900218,89,82,7
117900219,3,70,-67
117900220,56,170,-114
117900222,121,103,18
117900223,65,166,-101
118000001,405,1078,-673
118000002,274,916,-642
118000003,1659,2931,-1272
118000004,1276,1969,-693
118000005,1890,3043,-1153
118000006,1638,4304,-2666
118000007,2703,3380,-677
118000008,967,2030,-1063
118000009,977,1614,-637
118000010,3728,2025,1703
118000011,1020,740,280
118000012,530,631,-101
118000013,1225,1054,171
118000014,995,773,222
118000016,159,136,23
118000017,426,237,189
118000018,293,190,103
118000019,1198,1322,-124
118000020,532,2053,-1521
118000021,420,2011,-1591
118000022,839,465,374
118000023,357,137,220
118000024,584,718,-134
118000027,5216,6297,-1081
118000029,268,551,-283
118000032,259,1981,-1722
118000033,1734,3898,-2164
118000034,2414,2021,393
118000035,1616,1957,-341
118000036,493,795,-302
118000037,460,611,-151
118000038,228,51,177
118000039,54,46,8
118000040,859,741,118
118000041,1750,751,999
118000045,158,139,19
118000046,538,631,-93
118000047,341,1164,-823
118000048,977,1537,-560
118000051,463,1647,-1184
118000052,215,529,-314
118000053,148,207,-59
118000054,959,371,588
118000055,759,603,156
118000056,53,261,-208
118000057,96,178,-82
118000058,1198,1949,-751
118000059,909,1478,-569
118000060,747,291,456
118000061,631,736,-105
118000062,326,138,188
118000063,219,592,-373
118000064,412,931,-519
118000065,1131,995,136
118000066,729,1833,-1104
118000067,287,340,-53
118000068,581,3919,-3338
118000069,957,725,232
118000070,2504,1075,1429
118000071,1544,4606,-3062
118000072,515,1406,-891
118000073,400,651,-251
118000074,257,292,-35
118000075,277,142,135
118000076,964,2536,-1572
118000077,737,1023,-286
118000078,1109,1823,-714
118000079,123,336,-213
118000080,558,649,-91
118000081,1156,1285,-129
118000082,209,869,-660
118000083,821,1218,-397
118000084,1558,1109,449
118000086,176,372,-196
118000087,2104,1486,618
118000088,837,1168,-331
118000089,2138,1458,680
118000090,654,1818,-1164
118000091,603,1978,-1375
118000092,500,370,130
118000093,47,507,-460
118000096,375,436,-61
118000097,470,531,-61
118000098,198,128,70
118000099,565,290,275
118000101,862,219,643
118000102,316,474,-158
118000107,858,267,591
118000108,351,1703,-1352
118000110,2,34,-32
118000111,0,106,-106
118000112,397,3,394
118000113,1,161,-160
118000114,314,7,307
118000115,4,7,-3
118000116,7,1,6
118000117,558,561,-3
118000118,535,1071,-536
118000119,613,952,-339
118000120,976,686,290
118000121,38,585,-547
118000122,626,237,389
118000123,53,186,-133
118000125,771,654,117
118000126,322,1019,-697
118000127,901,524,377
118000128,236,761,-525
118000129,751,343,408
118000130,1166,1687,-521
118000131,194,280,-86
118000132,2101,1495,606
118000133,846,423,423
118000135,321,480,-159
118000136,160,329,-169
118000137,368,70,298
118000138,208,248,-40
118000139,297,56,241
118000140,1770,3806,-2036
118000141,1755,1110,645
118000142,1552,881,671
118000143,1938,783,1155
118000144,521,370,151
118000145,954,702,252
118000146,878,307,571
118000147,669,741,-72
118000148,361,534,-173
118000149,674,379,295
118000150,373,194,179
118000151,416,171,245
118000153,1044,612,432
118000154,980,891,89
118000155,1281,800,481
118000156,1004,1488,-484
118000157,428,186,242
118000158,149,296,-147
118000159,32,53,-21
118000160,442,207,235
118000161,395,267,128
118000162,890,631,259
118000163,600,515,85
118000164,1132,944,188
118000168,347,364,-17
118000169,587,539,48
118000170,1743,1621,122
118000171,303,203,100
118000172,106,129,-23
118000173,704,719,-15
118000175,166,284,-118
118000176,209,371,-162
118000177,156,399,-243
118000178,19,27,-8
118000179,518,660,-142
118000180,388,419,-31
118000181,483,129,354
118000182,228,127,101
118000183,177,173,4
118000184,735,360,375
118000185,427,866,-439
118000186,466,680,-214
118000187,956,232,724
118000188,359,72,287
118000189,393,180,213
118000190,1,6,-5
118000191,11,13,-2
118000192,33,93,-60
118000193,17,148,-131
118000194,778,489,289
118000195,187,1136,-949
118000196,77,213,-136
118000197,58,112,-54
118000198,228,618,-390
118000199,158,307,-149
118000200,70,271,-201
118000201,133,518,-385
118000202,24,48,-24
118000203,208,466,-258
118000204,58,338,-280
118000205,52,158,-106
118000206,121,128,-7
118000207,0,16,-16
118000208,831,863,-32
118000209,1502,671,831
118000210,94,16,78
118000211,32,18,14
118000213,182,1560,-1378
118000214,231,372,-141
118000215,247,65,182
118000216,1997,765,1232
118000217,13,35,-22
118000218,80,36,44
118000219,236,140,96
118000220,4,27,-23
118000221,201,180,21
118000222,30,0,30
118000223,27,25,2
118000224,76,68,8
118000225,65,431,-366
118000226,494,102,392
118000227,401,201,200
118000228,38,197,-159
118000229,35,144,-109
118000230,88,145,-57
118000231,34,96,-62
118000232,489,263,226
118000233,710,304,406
118000234,340,61,279
118000236,182,110,72
118000237,76,113,-37
118000238,141,46,95
118000239,250,114,136
118000240,106,57,49
118000241,115,53,62
118000242,217,132,85
118000243,187,79,108
118000244,35,25,10
118000246,0,29,-29
118000255,43,169,-126
118000256,165,171,-6
118000259,2,27,-25
118000260,147,32,115
118000261,31,19,12
118000263,55,67,-12
118000266,110,90,20
118000267,1,108,-107
118000268,144,0,144
118000270,47,4,43
118000271,78,104,-26
118000272,88,21,67
118000273,148,26,122
118000274,47,139,-92
118000276,357,141,216
118000295,4,104,-100
118000298,65,104,-39
118000299,56,44,12
118000301,0,81,-81
118000302,60,27,33
118000311,497,24,473
118000312,170,73,97
118000313,17,27,-10
118000314,86,8,78
118000315,25,13,12
118000316,514,310,204
118000325,21,13,8
118000326,19,21,-2
118000331,13,11,2
118000332,6,8,-2
118000333,17,23,-6
118000335,277,0,277
118000336,0,84,-84
118000407,204,36,168
118000457,5,30,-25
118000465,717,2307,-1590
118000480,29,24,5
118000489,13,277,-264
118000490,12,101,-89
118000492,237,107,130
118000510,23,16,7
118000514,60,195,-135
118000515,358,468,-110
118000517,178,116,62
118000524,91,222,-131
118000525,345,423,-78
118000530,21,47,-26
118000531,238,130,108
118000532,182,159,23
118000533,151,55,96
118000534,385,208,177
118000535,200,81,119
118000536,58,403,-345
118000537,14,81,-67
118000538,9,56,-47
118000539,19,75,-56
118000540,123,72,51
118000541,87,44,43
118000542,77,112,-35
118000543,88,128,-40
118000546,11,18,-7
118000553,0,1,-1
118000560,740,1382,-642
118000562,30,49,-19
118000563,848,640,208
118000576,131,86,45
118000577,107,121,-14
118000578,123,52,71
118000579,324,705,-381
118000583,0,0,0
118000595,177,85,92
118000596,1,185,-184
118000597,71,77,-6
118000598,4,0,4
118000599,67,21,46
118000600,0,3,-3
118000601,1,0,1
118000602,1,1,0
118000603,0,5,-5
118000605,25,61,-36
118900001,180,620,-440
118900002,471,497,-26
118900003,304,3,301
118900004,48,13,35
118900005,52,4,48
118900006,132,23,109
118900007,3,0,3
118900008,619,36,583
118900009,57,35,22
118900010,48,4,44
118900011,103,14,89
118900012,210,93,117
118900013,456,160,296
118900015,124,20,104
118900016,0,1,-1
118900017,70,221,-151
118900018,606,38,568
118900019,12,8,4
118900020,79,125,-46
118900021,70,183,-113
118900022,79,37,42
118900023,52,52,0
118900024,51,78,-27
118900025,51,10,41
118900026,50,34,16
118900027,257,93,164
118900028,133,76,57
118900029,137,180,-43
118900030,319,14,305
118900031,102,28,74
118900032,148,100,48
118900033,191,413,-222
118900034,85,20,65
118900035,78,62,16
118900036,757,319,438
118900037,162,327,-165
118900038,217,45,172
118900039,337,78,259
118900040,123,110,13
118900041,333,125,208
118900042,111,30,81
118900045,169,84,85
118900046,410,235,175
118900047,225,141,84
118900048,79,295,-216
118900049,28,32,-4
118900050,42,9,33
118900051,43,76,-33
118900052,142,237,-95
118900053,13,63,-50
118900054,69,30,39
118900055,65,31,34
118900056,36,159,-123
118900057,467,276,191
118900058,285,210,75
118900059,8,54,-46
118900060,22,43,-21
118900062,165,58,107
118900064,109,388,-279
118900065,38,71,-33
118900066,70,43,27
118900067,1579,2132,-553
118900068,7,117,-110
118900069,300,103,197
118900071,1,16,-15
118900072,347,142,205
118900073,87,52,35
118900074,142,39,103
118900075,29,21,8
118900076,105,80,25
118900077,212,81,131
118900078,7,1,6
118900079,26,68,-42
118900080,18,47,-29
118900081,83,33,50
118900082,857,102,755
118900083,6,1,5
118900084,13,6,7
118900085,339,302,37
118900086,13,77,-64
118900087,12,145,-133
118900088,0,4,-4
118900089,8,17,-9
118900090,242,154,88
118900091,54,153,-99
118900092,99,28,71
118900093,44,13,31
118900096,36,96,-60
118900097,184,167,17
118900099,46,83,-37
118900100,57,104,-47
118900101,95,125,-30
118900102,16,32,-16
118900103,17,83,-66
118900104,139,50,89
118900105,110,76,34
118900107,43,50,-7
118900108,63,33,30
118900110,797,601,196
118900111,372,186,186
118900112,58,102,-44
118900113,49,121,-72
118900114,8,45,-37
118900115,47,206,-159
118900116,98,97,1
118900117,112,108,4
118900118,236,163,73
118900119,63,82,-19
118900120,66,155,-89
118900121,3,33,-30
118900122,5,506,-501
118900123,118,112,6
118900124,60,68,-8
118900126,11,223,-212
118900129,141,126,15
118900130,36,176,-140
118900131,110,75,35
118900132,166,107,59
118900133,8,68,-60
118900135,89,76,13
118900136,127,162,-35
118900137,11,39,-28
118900139,150,76,74
118900140,267,252,15
118900141,45,31,14
118900144,97,154,-57
118900145,4,41,-37
118900146,312,316,-4
118900147,66,161,-95
118900148,62,40,22
118900150,85,322,-237
118900152,359,308,51
118900157,36,97,-61
118900158,61,16,45
118900159,1,54,-53
118900161,21,4,17
118900163,46,34,12
118900164,0,32,-32
118900165,32,56,-24
118900166,30,2,28
118900167,36,43,-7
118900168,7,138,-131
118900169,93,102,-9
118900170,127,21,106
118900171,19,52,-33
118900174,63,17,46
118900175,336,259,77
118900176,119,163,-44
118900177,54,35,19
118900178,26,69,-43
118900179,8,19,-11
118900181,74,31,43
118900182,26,27,-1
118900183,18,67,-49
118900184,179,37,142
118900185,46,31,15
118900186,46,48,-2
118900187,119,156,-37
118900188,147,125,22
118900189,34,443,-409
118900190,20,88,-68
118900191,170,21,149
118900192,150,2,148
118900193,456,4,452
118900195,134,268,-134
118900196,23,91,-68
118900197,137,14,123
118900198,30,1,29
118900199,74,10,64
118900200,11,20,-9
118900201,16,22,-6
118900202,8,37,-29
118900203,6,8,-2
118900204,8,5,3
118900205,0,3,-3
118900206,0,1,-1
119000001,885,1306,-421
119000002,2735,2259,476
119000003,1954,491,1463
119000004,1234,819,415
119000005,1375,1351,24
119000006,2261,952,1309
119000007,2129,2108,21
119000008,1273,864,409
119000009,2051,3429,-1378
119000010,2779,2571,208
119000011,1529,1705,-176
119000012,884,1778,-894
119000013,1864,1172,692
119000014,822,1258,-436
119000019,137,71,66
119000020,1333,925,408
119000021,3274,1822,1452
119000022,714,1680,-966
119000023,199,178,21
119000024,957,9076,-8119
119000025,2100,518,1582
119000026,49,344,-295
119000027,117,215,-98
119000028,992,290,702
119000029,49,200,-151
119000030,312,448,-136
119000031,579,329,250
119000032,1063,1176,-113
119000033,1318,789,529
119000034,624,355,269
119000035,32,138,-106
119000036,1552,352,1200
119000037,886,534,352
119000038,115,279,-164
119000039,315,195,120
119000040,540,416,124
119000041,425,884,-459
119000048,1742,1241,501
119000049,1535,912,623
119000050,904,922,-18
119000051,1254,677,577
119000052,1565,1409,156
119000053,1136,670,466
119000054,2319,1357,962
119000055,3680,1535,2145
119000056,2371,1235,1136
119000057,1116,712,404
119000058,1147,636,511
119000059,827,712,115
119000060,980,499,481
119000061,611,414,197
119000062,592,658,-66
119000063,472,281,191
119000064,521,483,38
119000065,1250,1836,-586
119000066,1364,745,619
119000067,1419,997,422
119000068,1182,551,631
119000069,1097,935,162
119000070,1718,436,1282
119000071,242,391,-149
119000072,2432,1557,875
119000073,2099,4611,-2512
119000074,903,930,-27
119000075,2088,1093,995
119000076,149,733,-584
119000077,279,462,-183
119000078,255,159,96
119000079,56,379,-323
119000080,432,114,318
119000081,142,146,-4
119000082,534,115,419
119000083,438,250,188
119000084,148,162,-14
119000085,330,97,233
119000086,213,288,-75
119000087,665,248,417
119000088,227,149,78
119000089,59,150,-91
119000090,54,54,0
119000091,68,197,-129
119000092,186,87,99
119000093,2664,1439,1225
119000094,2566,3035,-469
119000095,1603,1855,-252
119000097,1119,731,388
119000098,786,1906,-1120
119000099,1636,685,951
119000100,2761,1913,848
119000101,2230,831,1399
119000102,455,968,-513
119000103,908,442,466
119000104,907,498,409
119000105,497,1568,-1071
119000106,242,374,-132
119000107,684,306,378
119000108,273,304,-31
119000109,69,304,-235
119000110,156,275,-119
119000111,16,536,-520
119000112,88,68,20
119000113,838,175,663
119000114,1080,603,477
119000115,69,91,-22
119000116,96,55,41
119000117,80,224,-144
119000118,3,0,3
119000123,2473,1672,801
119000124,501,105,396
119000125,3071,340,2731
119000126,1074,312,762
119000127,568,192,376
119000128,10,0,10
119000131,859,229,630
119000132,1,1,0
119000133,0,3,-3
119000134,844,356,488
119000135,107,113,-6
119000136,228,79,149
119000137,242,121,121
119000138,478,87,391
119000139,152,62,90
119000140,229,187,42
119000284,661,1258,-597
119000285,1056,966,90
119000286,2703,2006,697
119000287,675,840,-165
119000288,1160,480,680
119000289,727,1100,-373
119000290,128,165,-37
119000291,18,87,-69
119000293,85,80,5
119000294,42,34,8
119000295,594,155,439
119000296,216,90,126
119000299,0,0,0
119000302,974,683,291
119000303,36,191,-155
119000310,0,0,0
119000314,948,7666,-6718
119000315,0,102,-102
119000316,124,41,83
119000317,48,84,-36
119900001,103,868,-765
119900002,111,106,5
119900003,23,311,-288
119900004,136,1114,-978
119900005,123,48,75
119900006,107,304,-197
119900007,538,185,353
119900008,9,24,-15
119900009,326,332,-6
119900010,294,424,-130
119900011,18,102,-84
119900012,3,71,-68
119900013,1289,957,332
119900014,174,96,78
119900015,159,16,143
119900016,35,33,2
119900017,29,31,-2
119900018,939,723,216
119900019,30,6,24
119900020,78,118,-40
119900021,91,18,73
119900022,48,623,-575
119900023,210,1598,-1388
119900025,251,10,241
119900026,319,104,215
119900027,20,15,5
119900028,132,136,-4
119900029,11,9,2
119900030,299,191,108
119900031,60,384,-324
119900033,1147,196,951
119900034,371,35,336
119900037,167,6,161
119900038,23,204,-181
119900039,21,13,8
119900040,84,15,69
119900041,107,12,95
119900042,57,52,5
119900043,50,48,2
119900044,109,576,-467
119900046,157,12,145
119900047,238,80,158
119900048,62,7,55
119900049,114,5,109
119900050,71,85,-14
119900051,769,6,763
119900052,77,9,68
119900053,205,55,150
119900054,196,7,189
119900055,920,369,551
119900057,248,15,233
119900058,180,9,171
119900059,21,19,2
119900060,170,11,159
119900061,91,1,90
119900062,75,6,69
119900063,5,28,-23
119900065,144,9,135
119900066,0,0,0
119900067,66,7,59
119900068,472,4,468
119900069,113,13,100
119900070,756,3,753
119900071,483,8,475
119900073,670,287,383
119900074,27,14,13
119900075,1237,1292,-55
119900076,615,145,470
119900077,615,271,344
119900078,593,377,216
119900079,281,84,197
119900080,312,171,141
119900081,402,67,335
119900082,1076,86,990
119900083,189,82,107
119900084,276,203,73
119900085,30,37,-7
119900086,273,353,-80
119900087,426,274,152
119900088,21,17,4
119900089,17,121,-104
119900090,60,22,38
119900091,16,175,-159
119900092,15,127,-112
119900093,799,133,666
119900094,23,49,-26
119900095,112,81,31
119900096,12,59,-47
119900097,192,101,91
119900098,20,33,-13
119900099,39,57,-18
119900100,685,1863,-1178
119900101,74,815,-741
119900102,82,126,-44
119900103,28,88,-60
119900104,19,56,-37
119900105,328,1648,-1320
119900106,8,55,-47
119900107,129,824,-695
119900108,2052,378,1674
119900109,15,73,-58
119900110,505,251,254
119900111,81,89,-8
119900112,464,361,103
119900113,32,134,-102
119900114,195,435,-240
119900115,258,326,-68
119900116,78,228,-150
119900117,214,233,-19
119900118,84,243,-159
119900119,143,73,70
119900120,387,224,163
119900121,390,215,175
119900122,181,199,-18
119900123,116,118,-2
119900124,155,231,-76
119900125,23,150,-127
119900126,1532,125,1407
119900127,759,472,287
119900128,242,170,72
119900129,133,134,-1
119900130,5,98,-93
119900131,29,82,-53
119900132,0,73,-73
119900133,19,49,-30
119900134,470,130,340
119900135,0,92,-92
119900136,77,118,-41
119900138,125,208,-83
119900139,4,62,-58
119900140,1,64,-63
119900141,39,474,-435
119900142,6,20,-14
119900143,18,135,-117
119900144,688,96,592
119900145,49,46,3
119900146,71,64,7
119900147,2,98,-96
119900148,149,39,110
119900149,302,2859,-2557
119900150,74,58,16
119900151,781,439,342
119900152,64,91,-27
119900153,125,27,98
119900154,33,103,-70
119900155,34,18,16
119900156,13,5,8
119900157,115,71,44
119900158,134,40,94
119900159,4,319,-315
119900160,22,62,-40
119900161,59,53,6
119900162,698,685,13
119900163,33,100,-67
119900164,2,2,0
119900165,94,44,50
119900166,46,49,-3
119900167,31,25,6
119900168,785,294,491
119900169,22,154,-132
119900170,92,148,-56
119900171,463,142,321
119900172,51,5,46
119900173,1,123,-122
119900174,1,26,-25
119900175,971,290,681
119900177,2,84,-82
119900178,2,72,-70
119900179,56,342,-286
119900180,724,479,245
119900181,45,76,-31
119900182,2,59,-57
119900183,92,354,-262
119900184,569,197,372
119900185,62,183,-121
119900186,10,794,-784
119900187,7,130,-123
119900188,88,179,-91
119900189,160,213,-53
119900190,53,169,-116
119900191,108,239,-131
119900192,19,107,-88
119900193,279,62,217
119900194,13,62,-49
119900195,9,59,-50
119900196,217,113,104
119900197,158,91,67
119900198,99,88,11
119900199,72,11,61
119900200,440,258,182
119900201,133,101,32
119900202,27,165,-138
119900203,127,315,-188
119900204,204,134,70
119900205,596,191,405
119900206,233,63,170
119900208,100,107,-7
119900209,286,908,-622
119900210,19,4,15
119900211,46,8,38
119900212,264,184,80
119900213,5,34,-29
119900214,28,23,5
119900215,52,16,36
119900216,9,17,-8
119900217,24,13,11
119900218,3,23,-20
119900219,13,28,-15
119900220,7,27,-20
119900221,21,69,-48
119900222,9,46,-37
119900223,4,16,-12
119900224,7,10,-3
119900225,242,34,208
119900226,183,1137,-954
119900227,333,168,165
119900228,12,68,-56
119900229,186,253,-67
119900230,589,203,386
119900231,236,57,179
119900232,108,70,38
119900233,34,4,30
119900234,19,27,-8
119900235,6,16,-10
119900236,11,66,-55
119900237,23,152,-129
119900238,0,33,-33
119900240,62,50,12
119900241,98,86,12
119900242,509,876,-367
119900244,372,612,-240
119900245,82,91,-9
119900246,159,357,-198
119900247,16,84,-68
119900248,42,196,-154
119900249,148,78,70
119900253,718,161,557
119900254,57,655,-598
119900255,59,770,-711
119900256,500,203,297
119900257,71,1,70
119900258,101,3,98
119900259,11,40,-29
119900260,89,2,87
119900261,286,29,257
119900262,0,65,-65
119900263,788,159,629
119900264,86,39,47
119900265,235,129,106
119900266,218,47,171
119900267,158,175,-17
119900268,111,54,57
119900269,687,323,364
119900271,16,52,-36
119900272,237,220,17
119900275,95,2,93
119900276,89,2,87
119900277,14,5,9
119900278,75,55,20
119900279,48,128,-80
119900280,267,57,210
119900281,0,182,-182
119900282,26,108,-82
119900283,7,104,-97
119900284,37,75,-38
119900285,8,65,-57
119900286,1,8,-7
119900288,0,8,-8
119900289,2,9,-7
119900290,4,4,0
119900291,1,32,-31
119900292,34,30,4
119900293,12,10,2
119900294,18,20,-2
119900295,9,7,2
119900296,12,15,-3
119900297,0,1,-1
119900298,4,0,4
119900299,29,42,-13
119900300,98,52,46
119900301,25,37,-12
119900302,12,13,-1
119900303,168,53,115
119900304,93,17,76
119900305,3,52,-49
119900306,11,3,8
119900307,32,16,16
119900308,1,9,-8
119900309,37,97,-60
119900310,140,128,12
119900311,52,42,10
119900312,92,17,75
119900313,229,138,91
119900314,113,283,-170
119900315,1601,727,874
119900318,11,37,-26
119900319,9,80,-71
119900320,112,167,-55
119900321,53,4,49
119900322,7,52,-45
119900323,0,40,-40
119900324,1,10,-9
119900325,108,66,42
119900326,15,23,-8
120000001,3585,15044,-11459
120000002,1714,1519,195
120000003,1684,888,796
120000004,1740,917,823
120000005,1702,1175,527
120000006,813,763,50
120000007,1655,2314,-659
120000008,661,772,-111
120000009,1296,633,663
120000010,1399,1384,15
120000011,741,896,-155
120000012,1204,1176,28
120000013,2519,1672,847
120000014,455,896,-441
120000015,1712,983,729
120000016,2895,1588,1307
120000017,2435,1952,483
120000018,2339,9550,-7211
120000019,814,1042,-228
120000020,2108,2714,-606
120000021,1258,1938,-680
120000022,1808,2715,-907
120000023,1063,1178,-115
120000024,747,1702,-955
120000025,1912,1164,748
120000026,2081,1060,1021
120000027,1581,1431,150
120000028,774,3270,-2496
120000029,499,1707,-1208
120000030,101,508,-407
120000031,1214,2845,-1631
120000032,3415,2160,1255
120000033,2974,985,1989
120000034,1769,775,994
120000035,2026,1176,850
120000036,2309,3412,-1103
120000037,409,991,-582
120000038,2707,2191,516
120000039,508,563,-55
120000040,51,549,-498
120000041,386,780,-394
120000042,1146,874,272
120000043,3089,772,2317
120000044,4015,938,3077
120000045,5304,606,4698
120000046,3656,1925,1731
120000047,380,4662,-4282
120000048,4573,3068,1505
120000049,2374,2182,192
120000050,2870,3005,-135
120000051,1972,2394,-422
120000052,5015,1104,3911
120000053,1362,1102,260
120000054,1175,1938,-763
120000055,1400,2338,-938
120000056,3085,2121,964
120000057,2743,1782,961
120000058,894,3014,-2120
120000059,9,1202,-1193
120000061,41,238,-197
120000062,89,189,-100
120000063,684,1199,-515
120000064,161,482,-321
120000065,347,625,-278
120000066,111,407,-296
120000067,31,349,-318
120000068,163,309,-146
120000069,299,304,-5
120000070,73,281,-208
120000071,451,53,398
120000072,761,269,492
120000073,676,73,603
120000074,103,93,10
120000075,762,231,531
120000076,1844,302,1542
120000077,1622,521,1101
120000078,2058,994,1064
120000079,380,178,202
120000080,167,184,-17
120000081,294,137,157
120000082,351,228,123
120000083,92,577,-485
120000084,225,222,3
120000085,158,190,-32
120000086,206,230,-24
120000087,180,179,1
120000088,657,594,63
120000089,996,338,658
120000090,536,265,271
120000091,616,474,142
120000092,874,383,491
120000093,338,302,36
120000094,125,569,-444
120000095,562,201,361
120000096,188,297,-109
120000098,667,323,344
120000099,235,343,-108
120000100,491,391,100
120000101,479,204,275
120000102,451,784,-333
120000103,1077,739,338
120000104,1494,346,1148
120000105,2559,549,2010
120000106,2100,550,1550
120000107,3484,420,3064
120000108,1331,66,1265
120000109,1049,35,1014
120000110,53,522,-469
120000111,117,515,-398
120000112,500,1085,-585
120000113,479,868,-389
120000114,637,1169,-532
120000115,174,1105,-931
120000116,440,1056,-616
120000117,512,751,-239
120000118,23,24,-1
120000119,15,47,-32
120000120,95,54,41
120000121,43,36,7
120000122,216,430,-214
120000123,1820,5531,-3711
120000124,294,192,102
120000125,528,303,225
120000126,205,1016,-811
120000127,1025,1542,-517
120000128,1463,3650,-2187
120000129,204,169,35
120000130,613,325,288
120000131,271,367,-96
120000134,194,252,-58
120000135,495,332,163
120000137,209,304,-95
120000138,932,147,785
120000139,143,171,-28
120000140,762,206,556
120000141,236,164,72
120000142,602,263,339
120000143,0,59,-59
120000144,95,6,89
120000145,421,1,420
120000146,885,769,116
120000149,322,473,-151
120000150,1140,7790,-6650
120000151,332,308,24
120000152,439,87,352
120000153,187,277,-90
120000154,396,307,89
120000155,113,180,-67
120000156,360,1193,-833
120000157,585,265,320
120000158,657,380,277
120000159,1440,1237,203
120000160,1849,1295,554
120000161,1890,1354,536
120000162,64,193,-129
120000163,700,448,252
120000164,462,148,314
120000165,478,255,223
120000166,974,179,795
120000167,284,122,162
120000168,8,492,-484
120000169,43,1826,-1783
120000170,13,1572,-1559
120000171,3,617,-614
120000172,16,610,-594
120000173,373,2172,-1799
120000174,57,38,19
120000175,50,71,-21
120000176,37,60,-23
120000177,396,82,314
120000178,12,12,0
120000179,35,24,11
120000180,76,29,47
120000181,18,845,-827
120000182,18,551,-533
120000183,4,207,-203
120000184,121,887,-766
120000186,22,1374,-1352
120000187,18,469,-451
120000188,26,625,-599
120000190,116,54,62
120000191,144,100,44
120000192,156,34,122
120000193,52,1,51
120000195,15,0,15
120000196,45,9,36
120000197,4,18,-14
120000198,186,18,168
120000199,145,0,145
120000200,126,0,126
120000201,20,33,-13
120000202,3,25,-22
120000203,67,89,-22
120000207,0,18,-18
120000208,5,72,-67
120000209,3,25,-22
120000210,40,36,4
120000211,171,4,167
120000212,224,0,224
120000213,164,105,59
120000214,1,79,-78
120000215,0,76,-76
120000216,145,28,117
120000217,197,587,-390
120000218,57,428,-371
120000219,1,243,-242
120000220,1,605,-604
120000225,1793,1,1792
120000226,411,2,409
120000227,756,66,690
120000228,9337,2764,6573
120000230,445,8,437
120000231,1185,755,430
120000233,336,27,309
120000235,286,313,-27
120000236,736,2,734
120000237,0,499,-499
120000238,1,895,-894
120000241,922,2664,-1742
120000412,208,9,199
120000413,307,75,232
120000414,173,1,172
120000415,1,19,-18
120000416,73,0,73
120000417,1,34,-33
120000418,195,8,187
120000419,2,75,-73
120000420,34,8,26
120000421,4500,3013,1487
120000422,64,994,-930
120000423,1,64,-63
120000424,104,60,44
120000436,94,496,-402
120000437,103,75,28
120000438,1072,172,900
120000439,183,501,-318
120000443,116,0,116
120000444,1156,188,968
120000445,1285,797,488
120000446,859,100,759
120000447,175,0,175
120000449,175,1,174
120000450,3,38,-35
120000451,115,104,11
120000452,363,4,359
120000453,1,48,-47
120000454,40,31,9
120000455,46,37,9
120000456,1926,2634,-708
120000457,344,314,30
120000458,348,332,16
120000459,67,58,9
120000665,186,227,-41
120000668,94,1314,-1220
120000669,129,105,24
120000670,55,1837,-1782
120000671,1182,394,788
120000672,82,339,-257
120900001,43,108,-65
120900002,79,526,-447
120900003,99,5,94
120900004,8,71,-63
120900005,80,310,-230
120900006,472,106,366
120900007,133,36,97
120900008,230,362,-132
120900009,264,17,247
120900010,351,97,254
120900011,40,130,-90
120900012,39,801,-762
120900013,251,86,165
120900014,49,127,-78
120900015,604,49,555
120900016,839,37,802
120900017,994,68,926
120900018,73,158,-85
120900019,467,378,89
120900020,479,914,-435
120900021,637,186,451
120900022,42,188,-146
120900023,281,23,258
120900024,962,304,658
120900025,806,625,181
120900026,69,70,-1
120900027,457,3,454
120900028,358,121,237
120900029,48,491,-443
120900030,1402,523,879
120900031,303,97,206
120900032,1054,51,1003
120900033,948,68,880
120900034,10,1929,-1919
120900035,12,32,-20
120900037,231,9,222
120900038,65,301,-236
120900039,51,27,24
120900040,368,7,361
120900041,25,21,4
120900042,571,22,549
120900043,44,39,5
120900044,8,261,-253
120900045,79,19,60
120900046,430,15,415
120900047,143,104,39
120900048,158,17,141
120900049,531,1,530
120900050,579,911,-332
120900051,317,47,270
120900052,526,2,524
120900053,360,24,336
120900054,773,244,529
120900055,472,4,468
120900056,549,18,531
120900057,248,16,232
120900058,642,1,641
120900059,109,3,106
120900060,47,10,37
120900061,176,143,33
120900062,219,3,216
120900063,716,4,712
120900064,662,1,661
120900065,630,0,630
120900066,319,94,225
120900067,158,103,55
120900068,324,1,323
120900069,296,6,290
120900071,10,1,9
120900072,761,6,755
120900073,633,45,588
120900074,394,33,361
120900076,331,1,330
120900077,958,174,784
120900078,917,256,661
120900079,757,47,710
120900080,785,527,258
120900081,796,348,448
120900082,178,312,-134
120900083,82,2,80
120900084,424,532,-108
120900085,51,67,-16
120900086,40,357,-317
120900087,278,299,-21
120900088,116,518,-402
120900089,1103,2503,-1400
120900090,176,11,165
120900091,418,743,-325
120900092,475,206,269
120900093,700,72,628
120900094,211,100,111
120900095,129,6,123
120900096,20,99,-79
120900097,391,269,122
120900098,127,106,21
120900099,51,33,18
120900100,35,87,-52
120900101,248,98,150
120900102,27,29,-2
120900103,52,117,-65
120900104,12,38,-26
120900105,14,154,-140
120900106,577,182,395
120900107,89,63,26
120900108,19,154,-135
120900109,29,192,-163
120900110,11,165,-154
120900111,90,144,-54
120900112,9,212,-203
120900113,44,288,-244
120900114,18,94,-76
120900115,83,166,-83
120900116,367,97,270
120900117,3,124,-121
120900118,10,273,-263
120900119,6001,1416,4585
120900120,74,207,-133
120900121,32,204,-172
120900122,482,111,371
120900123,5,70,-65
120900124,0,241,-241
120900125,5,196,-191
120900126,924,432,492
120900127,15,133,-118
120900128,601,761,-160
120900129,30,143,-113
120900130,4,247,-243
120900131,99,60,39
120900132,826,107,719
120900133,45,289,-244
120900134,263,197,66
120900135,12,205,-193
120900136,34,59,-25
120900137,175,53,122
120900138,14,116,-102
120900139,2,224,-222
120900140,2,53,-51
120900141,87,96,-9
120900142,7,105,-98
120900143,2,355,-353
120900144,1,37,-36
120900145,68,311,-243
120900146,1,374,-373
120900147,4,220,-216
120900148,74,83,-9
120900149,2,69,-67
120900150,35,212,-177
120900151,0,230,-230
120900152,0,13,-13
120900153,0,0,0
120900154,0,87,-87
120900155,173,393,-220
120900156,78,135,-57
120900157,0,1,-1
120900158,57,157,-100
120900159,0,23,-23
120900160,23,294,-271
120900161,19,186,-167
120900162,41,334,-293
120900163,91,659,-568
120900164,0,114,-114
120900165,9,970,-961
120900166,74,457,-383
120900167,129,66,63
120900169,65,99,-34
120900170,323,2537,-2214
120900171,286,148,138
120900172,101,1232,-1131
120900173,0,21,-21
120900174,6,70,-64
120900175,105,114,-9
120900176,27,232,-205
120900177,0,713,-713
120900178,1,294,-293
120900179,365,214,151
120900180,27,161,-134
120900181,25,16,9
120900182,14,88,-74
120900183,409,66,343
120900184,140,44,96
120900185,498,850,-352
120900186,2,166,-164
120900187,292,591,-299
120900188,154,8,146
120900189,46,1495,-1449
120900190,61,3,58
120900191,12,10,2
120900192,3495,7531,-4036
120900194,65,57,8
120900195,63,147,-84
120900196,307,16,291
120900197,596,107,489
120900198,111,238,-127
120900199,299,372,-73
120900200,12,132,-120
120900201,187,65,122
120900202,1,42,-41
120900203,10,32,-22
120900204,72,125,-53
120900205,22,11,11
120900206,41,27,14
120900207,43,432,-389
121000001,326,881,-555
121000002,1363,1084,279
121000003,2117,1138,979
121000004,1466,2031,-565
121000005,1093,1720,-627
121000006,1909,1887,22
121000007,1276,3370,-2094
121000008,2707,3459,-752
121000009,2407,4745,-2338
121000010,4159,4039,120
121000011,3695,7314,-3619
121000012,7305,5189,2116
121000013,3738,4747,-1009
121000014,3909,3816,93
121000015,3004,5871,-2867
121000016,2774,2549,225
121000017,1205,1550,-345
121000018,1887,904,983
121000019,5320,4794,526
121000020,6588,9630,-3042
121000021,1005,1042,-37
121000022,1174,1522,-348
121000023,1565,847,718
121000024,2638,2979,-341
121000025,231,977,-746
121000026,191,118,73
121000027,937,984,-47
121000028,542,311,231
121000029,579,446,133
121000030,394,414,-20
121000031,411,463,-52
121000032,128,102,26
121000034,202,195,7
121000035,70,108,-38
121000036,517,711,-194
121000037,355,794,-439
121000038,210,615,-405
121000039,108,236,-128
121000041,260,452,-192
121000042,137,242,-105
121000043,333,529,-196
121000044,746,783,-37
121000045,294,190,104
121000046,471,736,-265
121000047,14,58,-44
121000049,652,503,149
121000050,169,1342,-1173
121000051,353,233,120
121000052,274,801,-527
121000053,255,96,159
121000054,29,231,-202
121000055,562,1390,-828
121000056,577,681,-104
121000057,177,360,-183
121000058,172,185,-13
121000059,1736,962,774
121000060,497,851,-354
121000061,57,242,-185
121000062,93,335,-242
121000063,532,838,-306
121000064,396,607,-211
121000065,153,384,-231
121000066,398,574,-176
121000067,293,379,-86
121000068,371,342,29
121000069,91,641,-550
121000070,818,744,74
121000071,891,1010,-119
121000072,457,433,24
121000073,578,852,-274
121000074,31,89,-58
121000075,13,92,-79
121000076,220,162,58
121000077,40,113,-73
121000078,43,72,-29
121000080,1134,395,739
121000081,1800,2360,-560
121000082,94,233,-139
121000083,96,88,8
121000084,149,132,17
121000085,202,327,-125
121000086,403,484,-81
121000087,37,193,-156
121000088,343,315,28
121000089,151,240,-89
121000090,139,277,-138
121000091,763,535,228
121000092,119,48,71
121000093,93,158,-65
121000094,196,424,-228
121000095,140,497,-357
121000096,2354,1561,793
121000097,425,1647,-1222
121000098,395,349,46
121000099,483,356,127
121000100,590,123,467
121000101,154,98,56
121000102,161,80,81
121000103,119,101,18
121000104,131,36,95
121000105,233,61,172
121000106,168,131,37
121000107,1231,1795,-564
121000109,575,600,-25
121000110,116,571,-455
121000114,2410,1863,547
121000115,1503,552,951
121000116,208,673,-465
121000117,235,194,41
121000118,943,195,748
121000119,149,165,-16
121000120,201,290,-89
121000121,230,843,-613
121000123,428,400,28
121000127,70,68,2
121000128,561,101,460
121000129,473,251,222
121000130,347,246,101
121000131,613,697,-84
121000132,527,602,-75
121000135,117,199,-82
121000136,728,761,-33
121000137,321,187,134
121000138,501,1034,-533
121000139,279,391,-112
121000141,89,76,13
121000142,323,458,-135
121000143,77,20,57
121000144,260,798,-538
121000145,318,520,-202
121000146,722,921,-199
121000147,618,260,358
121000148,507,609,-102
121000149,1134,1092,42
121000152,198,197,1
121000153,964,277,687
121000154,820,296,524
121000155,1199,718,481
121000156,315,609,-294
121000157,456,687,-231
121000158,218,218,0
121000159,166,237,-71
121000160,268,194,74
121000161,188,143,45
121000162,92,55,37
121000165,562,1181,-619
121000166,12,260,-248
121000168,247,140,107
121000169,52,66,-14
121000170,164,38,126
121000171,24,102,-78
121000172,625,430,195
121000173,964,861,103
121000174,402,425,-23
121000175,925,376,549
121000176,238,252,-14
121000177,478,318,160
121000178,43,36,7
121000179,27,29,-2
121000181,269,263,6
121000182,84,231,-147
121000183,35,63,-28
121000184,17,60,-43
121000185,25,173,-148
121000186,138,326,-188
121000187,114,81,33
121000188,139,55,84
121000192,521,272,249
121000193,378,250,128
121000194,1083,1250,-167
121000195,156,788,-632
121000196,413,296,117
121000197,87,537,-450
121000198,113,106,7
121000199,79,101,-22
121000200,357,84,273
121000201,6,148,-142
121000202,368,69,299
121000203,459,1305,-846
121000204,1929,633,1296
121000205,43,190,-147
121000206,58,37,21
121000207,1174,905,269
121000208,7,281,-274
121000209,321,69,252
121000210,459,151,308
121000211,197,43,154
121000212,331,255,76
121000213,8447,1760,6687
121000214,419,1145,-726
121000215,643,974,-331
121000216,362,384,-22
121000217,2254,1925,329
121000218,304,1153,-849
121000219,957,479,478
121000220,93,60,33
121000221,105,264,-159
121000222,1975,1813,162
121000223,194,956,-762
121000224,118,435,-317
121000225,566,1917,-1351
121000226,836,957,-121
121000227,7,106,-99
121000228,10,463,-453
121000229,197,215,-18
121000230,30,1245,-1215
121000231,854,21,833
121000232,279,294,-15
121000233,367,244,123
121000234,19,50,-31
121000235,54,43,11
121000236,13,36,-23
121000237,21,19,2
121000238,2,57,-55
121000239,33,1,32
121000240,7,130,-123
121000241,79,11,68
121000242,87,610,-523
121000243,177,62,115
121000244,31,93,-62
121000245,25,23,2
121000246,0,180,-180
121000247,130,7,123
121000248,376,1336,-960
121000249,32,148,-116
121000250,293,184,109
121000251,12,211,-199
121000252,114,58,56
121000253,224,220,4
121000254,523,115,408
121000255,85,104,-19
121000256,173,124,49
121000257,25,85,-60
121000258,54,54,0
121000259,34,48,-14
121000260,39,68,-29
121000261,46,74,-28
121000262,741,274,467
121000263,302,287,15
121000271,557,1026,-469
121000273,15,3,12
121000274,11,57,-46
121000275,17,7,10
121000276,3,21,-18
121000278,26,35,-9
121000279,19,12,7
121000280,4,16,-12
121000289,252,10,242
121000290,983,997,-14
121000294,117,28,89
121000297,378,746,-368
121000299,36,775,-739
121000300,558,406,152
121000302,12,482,-470
121000303,336,125,211
121000304,305,73,232
121000305,178,47,131
121000306,113,101,12
121000308,65,163,-98
121000309,194,186,8
121000310,41,140,-99
121000311,49,242,-193
121000312,279,246,33
121000313,122,165,-43
121000314,29,40,-11
121000315,15,67,-52
121000530,1050,958,92
121000531,1020,1021,-1
121000532,3793,5249,-1456
121000533,2097,2341,-244
121000918,34,60,-26
121000919,34,69,-35
121000938,38,184,-146
121000939,37,142,-105
121000956,1043,944,99
121000957,2,3,-1
121000958,8,49,-41
121000959,601,210,391
121000960,864,1329,-465
121000961,231,40,191
121000962,744,468,276
121000963,0,0,0
121000973,0,190,-190
121000976,7,87,-80
121000979,251,61,190
121000981,244,88,156
121000982,243,121,122
121000983,284,93,191
121000984,35,28,7
121000985,563,185,378
121000986,309,66,243
121000987,109,441,-332
121000988,759,68,691
121001302,123,60,63
121001308,3,8,-5
121001309,9,501,-492
121001313,90,35,55
121001314,916,1197,-281
121001315,3978,2441,1537
121900001,76,130,-54
121900002,23,42,-19
121900003,212,5,207
121900004,37,171,-134
121900005,14,12,2
121900006,95,25,70
121900007,1406,1027,379
121900008,59,149,-90
121900009,432,15,417
121900010,156,0,156
121900011,94,73,21
121900012,20,0,20
121900013,390,126,264
121900014,903,254,649
121900015,119,89,30
121900016,2,21,-19
121900017,306,364,-58
121900018,306,6,300
121900019,332,101,231
121900020,27,2,25
121900021,644,9,635
121900022,155,185,-30
121900023,81,166,-85
121900024,247,50,197
121900025,339,370,-31
121900026,231,52,179
121900027,184,132,52
121900028,111,4,107
121900029,67,192,-125
121900030,279,381,-102
121900031,650,3849,-3199
121900032,88,30,58
121900033,128,238,-110
121900034,147,144,3
121900035,2316,1606,710
121900036,85,375,-290
121900037,46,601,-555
121900038,26,62,-36
121900039,176,61,115
121900040,53,43,10
121900041,57,181,-124
121900042,293,151,142
121900043,3,1,2
121900044,54,23,31
121900046,76,148,-72
121900047,114,43,71
121900048,55,67,-12
121900050,25,26,-1
121900051,53,148,-95
121900052,88,34,54
121900053,220,178,42
121900054,184,728,-544
121900055,5,9,-4
121900058,258,117,141
121900059,233,92,141
121900060,97,281,-184
121900061,83,108,-25
121900062,59,54,5
121900063,845,202,643
121900064,177,308,-131
121900066,47,9,38
121900067,21,28,-7
121900069,107,99,8
121900070,56,83,-27
121900071,362,124,238
121900072,33,54,-21
121900073,113,307,-194
121900074,231,399,-168
121900075,220,410,-190
121900076,203,329,-126
121900077,13,3,10
121900078,21,22,-1
121900079,1,0,1
121900080,576,187,389
121900082,72,72,0
121900084,16,31,-15
121900085,2,3,-1
121900086,11,31,-20
121900087,59,166,-107
121900088,831,1330,-499
121900089,152,98,54
121900090,19,37,-18
121900091,98,15,83
121900092,39,39,0
121900093,42,51,-9
121900094,7,11,-4
121900095,208,103,105
121900096,507,351,156
121900097,432,97,335
121900098,6,2,4
121900099,148,20,128
121900100,36,192,-156
121900101,61,97,-36
121900102,0,83,-83
121900103,151,155,-4
121900104,944,248,696
121900105,211,122,89
121900106,0,10,-10
121900107,31,14,17
121900108,1,10,-9
121900109,136,150,-14
121900110,484,334,150
121900111,417,88,329
121900112,66,107,-41
121900113,32,256,-224
121900114,6,3,3
121900117,57,27,30
121900118,1207,464,743
121900119,117,23,94
121900120,20,515,-495
121900121,266,18,248
121900122,17,28,-11
121900123,86,205,-119
121900124,125,108,17
121900125,1115,622,493
121900127,1,67,-66
121900128,40,44,-4
121900129,174,106,68
121900130,69,245,-176
121900131,185,93,92
121900132,13,57,-44
121900133,34,836,-802
121900134,12,162,-150
121900135,2425,282,2143
121900136,219,162,57
121900137,25,209,-184
121900138,34,65,-31
121900139,208,1810,-1602
121900140,35,41,-6
121900141,87,8,79
121900142,52,48,4
121900143,5,80,-75
121900144,65,248,-183
121900145,89,122,-33
121900146,276,424,-148
121900147,50,196,-146
121900148,142,194,-52
121900149,149,253,-104
121900150,26,148,-122
121900151,49,221,-172
121900152,46,51,-5
121900153,31,200,-169
121900154,6,345,-339
121900155,0,66,-66
121900156,89,132,-43
121900157,4,176,-172
121900158,45,61,-16
121900159,1,126,-125
121900160,47,165,-118
121900161,145,313,-168
121900162,55,77,-22
121900163,172,174,-2
121900164,122,171,-49
121900165,122,84,38
121900166,81,125,-44
121900167,33,46,-13
121900168,66,133,-67
121900169,6,117,-111
121900170,6,91,-85
121900171,486,387,99
121900172,418,184,234
121900173,435,179,256
121900174,23,26,-3
121900175,24,115,-91
121900176,307,1178,-871
121900177,103,37,66
121900178,25,30,-5
121900179,200,216,-16
121900180,1153,2864,-1711
121900182,296,457,-161
121900183,365,929,-564
121900184,24,568,-544
121900186,9,263,-254
121900187,13,74,-61
121900188,294,104,190
121900189,22,28,-6
121900190,198,305,-107
121900191,54,204,-150
121900192,165,1429,-1264
121900193,52,175,-123
121900194,1,137,-136
121900195,24,27,-3
121900196,545,549,-4
121900197,181,596,-415
121900198,1688,1166,522
121900199,1,17,-16
121900200,22,98,-76
121900201,421,375,46
121900202,88,435,-347
121900203,55,767,-712
121900204,615,593,22
121900205,4,102,-98
121900206,14,20,-6
121900207,49,34,15
121900208,57,232,-175
121900209,16,28,-12
121900210,1432,966,466
121900211,306,190,116
121900212,21,103,-82
121900213,213,17,196
121900214,4,293,-289
121900215,18,87,-69
121900216,9,117,-108
121900217,110,119,-9
121900218,88,391,-303
121900220,71,10,61
121900221,259,357,-98
121900222,116,64,52
121900223,73,66,7
121900224,51,35,16
121900225,52,146,-94
121900226,183,34,149
121900227,160,597,-437
121900228,77,100,-23
121900230,25,186,-161
121900231,57,602,-545
121900232,62,308,-246
121900233,128,132,-4
121900234,152,95,57
121900235,265,119,146
121900236,112,105,7
121900237,129,310,-181
121900238,93,153,-60
121900239,98,32,66
121900240,130,112,18
121900241,31,13,18
121900242,27,8,19
121900243,2,0,2
121900244,0,0,0
121900245,164,68,96
121900246,3236,250,2986
121900247,150,125,25
121900248,690,496,194
121900250,92,396,-304
121900251,287,21,266
121900252,201,86,115
121900253,106,793,-687
121900254,263,272,-9
121900255,307,64,243
121900258,2802,1081,1721
121900259,208,317,-109
121900260,110,70,40
121900261,141,454,-313
121900262,301,643,-342
121900263,205,113,92
121900264,668,525,143
121900265,242,99,143
121900266,289,78,211
121900267,58,27,31
121900269,122,442,-320
121900270,36,147,-111
121900271,22,62,-40
121900273,286,931,-645
121900274,246,200,46
121900277,143,459,-316
121900278,32,712,-680
121900279,114,137,-23
121900280,45,361,-316
121900281,82,269,-187
121900284,57,3,54
121900286,71,32,39
121900287,10,22,-12
121900288,1,2,-1
121900290,163,604,-441
121900291,256,586,-330
121900292,68,124,-56
121900293,587,2629,-2042
121900294,210,6,204
121900295,123,100,23
121900296,56,77,-21
121900298,78,639,-561
121900299,0,10,-10
121900300,55,10,45
121900301,80,10,70
121900302,3,68,-65
121900303,295,320,-25
121900304,7,9,-2
121900305,1,7,-6
121900306,200,0,200
121900307,93,8,85
121900308,4,60,-56
121900309,3,45,-42
121900310,10,172,-162
121900311,428,15,413
121900312,326,10,316
121900313,302,48,254
121900314,0,22,-22
121900315,4,0,4
121900316,0,3,-3
121900317,17,0,17
121900318,0,4,-4
121900319,25,84,-59
121900320,5,31,-26
121900321,6,1,5
121900322,0,7,-7
121900323,6,18,-12
121900324,0,23,-23
121900325,10,0,10
121900326,4,2,2
121900327,2,12,-10
121900328,0,8,-8
121900329,1,57,-56
121900330,5,166,-161
121900331,3,3,0
121900332,34,18,16
121900333,37,1,36
121900334,21,17,4
122000001,692,3684,-2992
122000002,1278,906,372
122000003,722,1830,-1108
122000004,1097,958,139
122000005,2660,1834,826
122000006,779,1109,-330
122000007,391,1517,-1126
122000008,893,2211,-1318
122000009,359,409,-50
122000010,1993,2260,-267
122000011,3979,1839,2140
122000012,545,2722,-2177
122000013,430,1290,-860
122000014,2690,1082,1608
122000015,730,778,-48
122000016,315,574,-259
122000017,821,922,-101
122000018,1307,1237,70
122000019,570,1346,-776
122000020,109,308,-199
122000021,133,367,-234
122000022,738,1040,-302
122000023,664,1145,-481
122000024,340,2208,-1868
122000025,450,2285,-1835
122000026,367,1213,-846
122000027,387,740,-353
122000028,935,534,401
122000029,203,491,-288
122000030,116,147,-31
122000031,108,393,-285
122000032,2935,1837,1098
122000033,272,2596,-2324
122000034,288,726,-438
122000035,126,536,-410
122000036,273,348,-75
122000037,526,194,332
122000038,151,314,-163
122000039,407,570,-163
122000040,132,248,-116
122000041,461,734,-273
122000042,303,429,-126
122000043,74,100,-26
122000044,83,81,2
122000045,1332,725,607
122000046,471,751,-280
122000047,86,136,-50
122000048,1501,2500,-999
122000049,3956,2138,1818
122000050,558,979,-421
122000051,172,441,-269
122000052,293,390,-97
122000053,134,861,-727
122000054,1128,1295,-167
122000055,1234,3125,-1891
122000056,1823,2194,-371
122000057,2324,3182,-858
122000058,688,1725,-1037
122000059,759,2862,-2103
122000060,203,632,-429
122000061,155,471,-316
122000062,357,162,195
122000063,327,1221,-894
122000064,1827,4467,-2640
122000065,1659,2111,-452
122000066,540,900,-360
122000067,649,1063,-414
122000068,1312,561,751
122000069,805,571,234
122000070,669,865,-196
122000071,2100,759,1341
122000072,653,667,-14
122000073,196,1174,-978
122000074,1757,951,806
122000075,473,671,-198
122000076,4769,1508,3261
122000077,423,1755,-1332
122000078,571,3351,-2780
122000079,216,1930,-1714
122000080,312,501,-189
122000081,103,147,-44
122000082,224,984,-760
122000083,2432,565,1867
122000084,2153,775,1378
122000085,182,442,-260
122000086,1447,3769,-2322
122000087,124,159,-35
122000088,67,162,-95
122000089,3255,1361,1894
122000090,109,492,-383
122000091,60,253,-193
122000092,40,20,20
122000093,1154,2453,-1299
122000094,3325,1814,1511
122000095,356,2413,-2057
122000096,278,1146,-868
122000098,1624,2624,-1000
122000099,474,870,-396
122000100,461,454,7
122000101,190,262,-72
122000102,1495,769,726
122000103,876,1108,-232
122000104,725,122,603
122000105,201,316,-115
122000106,302,1130,-828
122000107,690,273,417
122000108,408,617,-209
122000109,331,239,92
122000110,456,488,-32
122000111,2493,950,1543
122000112,1145,989,156
122000113,509,478,31
122000114,1154,2337,-1183
122000115,1272,858,414
122000116,188,264,-76
122000117,621,191,430
122000118,309,405,-96
122000119,1245,1044,201
122000120,563,1529,-966
122000121,468,1136,-668
122000122,230,572,-342
122000123,714,909,-195
122000124,444,343,101
122000125,260,405,-145
122000126,251,478,-227
122000127,254,466,-212
122000128,167,244,-77
122000129,298,963,-665
122000130,1457,868,589
122000131,509,497,12
122000132,158,188,-30
122000133,500,428,72
122000134,565,544,21
122000135,311,214,97
122000136,457,382,75
122000137,1066,468,598
122000139,534,1926,-1392
122000140,339,497,-158
122000141,1954,1266,688
122000142,84,944,-860
122000143,187,276,-89
122000144,670,669,1
122000145,323,533,-210
122000146,285,1374,-1089
122000147,273,470,-197
122000148,496,1179,-683
122000149,1089,886,203
122000150,683,572,111
122000151,52,240,-188
122000152,189,288,-99
122000153,183,335,-152
122000154,187,135,52
122000155,867,1498,-631
122000156,3537,2758,779
122000157,483,3652,-3169
122000158,227,519,-292
122000159,313,680,-367
122000160,1085,1159,-74
122000161,596,665,-69
122000162,645,1187,-542
122000163,227,58,169
122000164,27,115,-88
122000165,509,705,-196
122000166,483,1189,-706
122000167,170,328,-158
122000168,125,754,-629
122000169,273,171,102
122000170,196,261,-65
122000171,19,73,-54
122000172,1184,1059,125
122000173,916,1796,-880
122000174,1172,938,234
122000175,508,283,225
122000176,217,879,-662
122000177,647,1152,-505
122000178,3015,1790,1225
122000179,1487,2310,-823
122000180,661,893,-232
122000181,847,1625,-778
122000182,1245,882,363
122000183,1494,642,852
122000184,1900,2108,-208
122000185,794,2078,-1284
122000186,312,1217,-905
122000187,1056,666,390
122000188,219,203,16
122000189,177,260,-83
122000190,481,1237,-756
122000191,551,634,-83
122000192,670,205,465
122000193,269,452,-183
122000194,283,135,148
122000195,69,496,-427
122000196,516,348,168
122000197,261,406,-145
122000198,247,1361,-1114
122000199,201,259,-58
122000200,650,364,286
122000201,896,1758,-862
122000202,566,1593,-1027
122000203,1380,887,493
122000204,576,943,-367
122000205,442,645,-203
122000206,2111,633,1478
122000207,1271,930,341
122000208,1156,1111,45
122000209,1199,328,871
122000210,1062,1098,-36
122000211,677,837,-160
122000212,433,304,129
122000213,629,837,-208
122000214,1032,1048,-16
122000215,1499,1153,346
122000217,988,1409,-421
122000218,476,55,421
122000219,698,466,232
122000220,154,461,-307
122000221,45,237,-192
122000222,369,80,289
122000223,576,300,276
122000225,371,155,216
122000226,776,968,-192
122000227,101,957,-856
122000228,140,101,39
122000229,9,235,-226
122000230,25,261,-236
122000231,150,475,-325
122000232,356,358,-2
122000233,0,32,-32
122000234,296,44,252
122000235,389,61,328
122000236,683,32,651
122000237,103,67,36
122000238,211,227,-16
122000239,434,85,349
122000240,774,474,300
122000241,1156,307,849
122000242,357,27,330
122000243,167,27,140
122000244,61,131,-70
122000245,56,61,-5
122000246,230,115,115
122000247,323,175,148
122000248,434,615,-181
122000249,780,669,111
122000250,1138,708,430
122000251,75,276,-201
122000252,184,80,104
122000253,18,154,-136
122000254,176,58,118
122000255,409,552,-143
122000256,181,267,-86
122000257,136,94,42
122000258,194,183,11
122000259,19,187,-168
122000260,1,30,-29
122000261,5,146,-141
122000262,0,25,-25
122000263,103,200,-97
122000264,734,164,570
122000265,1543,617,926
122000266,2716,471,2245
122000267,66,77,-11
122000268,94,225,-131
122000269,492,174,318
122000270,283,100,183
122000271,168,970,-802
122000272,243,823,-580
122000273,322,266,56
122000274,116,114,2
122000275,21,80,-59
122000276,467,277,190
122000277,658,909,-251
122000278,1064,296,768
122000279,120,124,-4
122000280,454,238,216
122000281,471,310,161
122000282,158,308,-150
122000283,198,135,63
122000284,145,33,112
122000285,187,43,144
122000286,35,85,-50
122000287,1006,881,125
122000288,231,179,52
122000291,1633,555,1078
122000293,109,88,21
122000294,76,184,-108
122000295,742,102,640
122000296,17,374,-357
122000297,1151,2226,-1075
122000299,335,219,116
122000300,277,249,28
122000301,3917,2077,1840
122000302,322,1450,-1128
122000303,1392,596,796
122000304,47,146,-99
122000305,865,132,733
122000306,41,207,-166
122000307,87,104,-17
122000309,48,21,27
122000310,11,117,-106
122000311,128,132,-4
122000312,79,230,-151
122000313,161,55,106
122000314,90,198,-108
122000315,183,55,128
122000316,640,148,492
122000317,1144,145,999
122000318,200,629,-429
122000319,96,174,-78
122000320,189,553,-364
122000321,75,92,-17
122000322,1159,1341,-182
122000323,623,1964,-1341
122000324,1004,1490,-486
122000325,434,2311,-1877
122000326,54,58,-4
122000327,181,460,-279
122000328,271,195,76
122000330,1106,1024,82
122000332,149,188,-39
122000333,14,63,-49
122000337,623,362,261
122000338,275,142,133
122000340,91,1464,-1373
122000342,758,386,372
122000343,314,352,-38
122000344,70,8,62
122000345,16,9,7
122000346,175,142,33
122000348,388,331,57
122000349,42,170,-128
122000351,109,183,-74
122000352,180,123,57
122000353,86,99,-13
122000355,102,257,-155
122000356,407,865,-458
122000357,64,18,46
122000358,1,19,-18
122000359,0,12,-12
122000360,1,7,-6
122000362,5,30,-25
122000364,144,129,15
122000365,5,18,-13
122000366,2,1,1
122000368,336,519,-183
122000370,26,8,18
122000371,28,2,26
122000372,5,1,4
122000381,93,184,-91
122000382,56,110,-54
122000384,818,827,-9
122000385,60,1,59
122000386,126,1008,-882
122000387,237,552,-315
122000388,584,608,-24
122000389,93,877,-784
122000390,187,245,-58
122000391,116,481,-365
122000392,118,88,30
122000393,17,56,-39
122000394,377,103,274
122000395,78,59,19
122000396,200,59,141
122000397,13,29,-16
122000398,7,28,-21
122000399,77,63,14
122000400,33,742,-709
122000401,88,31,57
122000402,239,105,134
122000403,231,265,-34
122000404,79,73,6
122000408,376,577,-201
122000503,16,76,-60
122000524,54,169,-115
122000544,67,1047,-980
122000616,150,1,149
122000640,46,31,15
122000641,153,101,52
122000642,820,445,375
122000643,33,98,-65
122000644,75,15,60
122000645,57,153,-96
122000651,514,1519,-1005
122000664,129,29,100
122000665,746,378,368
122000666,390,792,-402
122000673,37,103,-66
122000674,189,128,61
122000675,1282,377,905
122000686,256,662,-406
122000687,1009,205,804
122000688,139,234,-95
122000689,488,112,376
122000690,1898,127,1771
122000691,642,476,166
122000692,659,163,496
122000693,229,473,-244
122000695,211,144,67
122000696,332,76,256
122000698,325,160,165
122000699,94,34,60
122000701,1075,185,890
122000702,255,551,-296
122000703,137,40,97
122000712,0,0,0
122000717,42,19,23
122000718,200,541,-341
122000719,109,38,71
122000720,414,65,349
122000724,64,14,50
122900001,26,6,20
122900002,563,3897,-3334
122900003,215,25,190
122900004,1236,43,1193
122900005,64,67,-3
122900006,252,574,-322
122900007,72,91,-19
122900008,154,120,34
122900009,451,220,231
122900010,104,73,31
122900012,139,244,-105
122900014,87,93,-6
122900015,414,548,-134
122900016,74,171,-97
122900017,130,348,-218
122900018,91,5,86
122900019,5,55,-50
122900020,82,230,-148
122900021,27,208,-181
122900022,810,600,210
122900023,455,107,348
122900024,64,53,11
122900025,5,161,-156
122900026,13,93,-80
122900027,37,382,-345
122900028,101,57,44
122900029,3509,1580,1929
122900030,834,273,561
122900031,29,189,-160
122900032,99,164,-65
122900033,123,96,27
122900034,1996,2774,-778
122900035,22,11,11
122900036,37,41,-4
122900037,235,70,165
122900038,36,1657,-1621
122900039,52,365,-313
122900040,112,562,-450
122900041,182,197,-15
122900042,113,230,-117
122900043,168,194,-26
122900044,59,225,-166
122900045,95,122,-27
122900046,96,253,-157
122900047,86,99,-13
122900048,36,106,-70
122900049,1272,104,1168
122900051,17,175,-158
122900052,156,75,81
122900053,6,22,-16
122900055,141,48,93
122900057,121,43,78
122900061,281,80,201
122900062,320,433,-113
122900063,125,116,9
122900064,473,228,245
122900065,404,175,229
122900066,364,243,121
122900067,489,229,260
122900068,111,127,-16
122900069,163,764,-601
122900070,211,47,164
122900071,105,203,-98
122900072,6,170,-164
122900073,16,76,-60
122900074,659,161,498
122900075,0,51,-51
122900076,2,112,-110
122900077,0,53,-53
122900078,167,26,141
122900080,11,39,-28
122900081,97,87,10
122900082,538,82,456
122900083,50,64,-14
122900084,16,74,-58
122900086,5,51,-46
122900087,170,228,-58
122900088,23,386,-363
122900089,8,224,-216
122900090,6,172,-166
122900091,231,0,231
122900092,0,52,-52
122900093,1,63,-62
122900094,3,51,-48
122900095,91,9,82
122900096,178,32,146
122900097,17,16,1
122900098,18,76,-58
122900099,130,13,117
122900100,49,427,-378
122900101,280,127,153
122900102,25,24,1
122900103,112,7,105
122900104,152,6,146
122900105,9,5,4
122900106,0,45,-45
122900107,2,45,-43
122900108,2,90,-88
123000001,609,666,-57
123000002,1534,4070,-2536
123000003,2869,2640,229
123000004,1802,2440,-638
123000005,1961,1807,154
123000006,1411,1328,83
123000007,2534,2006,528
123000008,1578,1802,-224
123000009,3318,1971,1347
123000010,2477,2463,14
123000011,1223,940,283
123000012,402,2075,-1673
123000013,2467,858,1609
123000014,503,2309,-1806
123000015,1182,853,329
123000016,1593,1873,-280
123000017,2619,1488,1131
123000018,80,67,13
123000019,264,41,223
123000020,202,27,175
123000021,116,141,-25
123000022,218,997,-779
123000023,1424,1525,-101
123000024,1285,526,759
123000025,216,82,134
123000026,26,59,-33
123000027,67,618,-551
123000028,836,976,-140
123000029,417,1183,-766
123000030,148,70,78
123000031,224,68,156
123000032,330,26,304
123000033,201,52,149
123000034,659,598,61
123000035,257,250,7
123000036,179,657,-478
123000037,191,107,84
123000038,24,239,-215
123000039,313,937,-624
123000040,266,127,139
123000041,480,922,-442
123000042,402,710,-308
123000043,1208,7507,-6299
123000044,2055,1406,649
123000045,2536,1356,1180
123000046,237,832,-595
123000047,702,764,-62
123000048,23,705,-682
123000049,3401,5371,-1970
123000050,1159,1101,58
123000051,38,120,-82
123000052,472,2414,-1942
123000053,1465,2081,-616
123000054,1045,880,165
123000055,1193,2361,-1168
123000056,650,626,24
123000057,2603,3311,-708
123000058,448,845,-397
123000059,172,294,-122
123000060,618,297,321
123000061,118,352,-234
123000063,705,662,43
123000064,666,167,499
123000065,1866,1250,616
123000066,284,282,2
123000067,638,275,363
123000068,999,1367,-368
123000069,2595,1037,1558
123000070,93,348,-255
123000071,1244,541,703
123000072,827,366,461
123000073,1496,472,1024
123000074,762,618,144
123000075,287,898,-611
123000076,460,180,280
123000077,1453,975,478
123000078,1599,981,618
123000079,1490,1257,233
123000080,1478,649,829
123000081,99,285,-186
123000082,233,490,-257
123000083,719,230,489
123000084,512,312,200
123000085,370,41,329
123000086,542,52,490
123000087,269,109,160
123000088,776,284,492
123000089,492,608,-116
123000090,1006,549,457
123000091,1138,878,260
123000092,537,773,-236
123000094,478,97,381
123000095,506,414,92
123000096,708,247,461
123000097,491,246,245
123000098,640,297,343
123000099,531,313,218
123000100,302,522,-220
123000101,386,375,11
123000102,305,513,-208
123000104,271,279,-8
123000105,349,274,75
123000106,349,255,94
123000107,161,238,-77
123000108,315,795,-480
123000111,752,222,530
123000112,834,371,463
123000113,442,474,-32
123000114,196,389,-193
123000115,211,176,35
123000116,26,54,-28
123000117,993,704,289
123000118,319,371,-52
123000119,136,288,-152
123000120,166,311,-145
123000121,382,591,-209
123000122,167,137,30
123000123,372,341,31
123000124,276,228,48
123000125,917,763,154
123000126,779,2510,-1731
123000127,371,359,12
123000128,169,159,10
123000129,631,131,500
123000130,613,43,570
123000131,895,688,207
123000132,166,316,-150
123000133,76,129,-53
123000134,148,72,76
123000135,1319,679,640
123000136,100,369,-269
123000137,50,115,-65
123000138,39,154,-115
123000139,428,75,353
123000140,46,345,-299
123000141,347,91,256
123000142,631,459,172
123000143,687,967,-280
123000144,8,27,-19
123000145,95,85,10
123000146,8,99,-91
123000147,62,129,-67
123000149,167,204,-37
123000150,64,142,-78
123000151,135,283,-148
123000152,20,210,-190
123000153,63,429,-366
123000154,803,1063,-260
123000155,982,702,280
123000156,22,59,-37
123000157,310,443,-133
123000158,261,441,-180
123000159,1776,2142,-366
123000160,641,575,66
123000161,934,591,343
123000162,712,1029,-317
123000163,318,94,224
123000164,1220,187,1033
123000165,343,626,-283
123000166,28,54,-26
123000167,110,95,15
123000168,167,106,61
123000169,659,100,559
123000170,77,38,39
123000171,520,10,510
123000172,111,202,-91
123000173,323,235,88
123000174,573,319,254
123000175,313,495,-182
123000176,512,138,374
123000177,152,308,-156
123000178,535,76,459
123000179,51,273,-222
123000180,1157,262,895
123000181,158,519,-361
123000182,133,113,20
123000183,118,358,-240
123000184,79,200,-121
123000185,543,213,330
123000186,1,267,-266
123000187,465,4,461
123000188,141,1,140
123000189,146,127,19
123000190,33,109,-76
123000192,26,207,-181
123000193,79,454,-375
123000194,223,158,65
123000195,244,32,212
123000196,260,13,247
123000197,44,69,-25
123000198,37,1544,-1507
123000199,16,682,-666
123000200,605,6,599
123000201,970,18,952
123000202,17,374,-357
123000203,938,37,901
123000204,43,404,-361
123000205,261,627,-366
123000206,1694,163,1531
123000207,61,376,-315
123000208,287,165,122
123000209,1566,541,1025
123000210,317,1038,-721
123000211,421,928,-507
123000212,2508,324,2184
123000213,436,66,370
123000215,51,139,-88
123000216,103,504,-401
123000217,193,13,180
123000218,26,279,-253
123000219,325,44,281
123000220,387,60,327
123000221,143,62,81
123000222,218,238,-20
123000223,309,113,196
123000224,325,187,138
123000225,174,25,149
123000226,38,146,-108
123000227,62,136,-74
123000228,200,39,161
123000229,522,876,-354
123000232,54,269,-215
123000233,578,88,490
123000234,90,256,-166
123000235,676,201,475
123000236,146,286,-140
123000237,227,56,171
123000238,29,208,-179
123000239,263,373,-110
123000240,33,495,-462
123000241,237,56,181
123000242,102,101,1
123000243,553,521,32
123000244,650,420,230
123000245,25,89,-64
123000249,156,352,-196
123000252,560,215,345
123000253,932,364,568
123000254,507,392,115
123000255,613,538,75
123000256,9,77,-68
123000257,1308,693,615
123000258,523,346,177
123000259,325,325,0
123000260,395,232,163
123000261,222,80,142
123000262,92,78,14
123000263,353,64,289
123000264,147,87,60
123000265,42,100,-58
123000266,291,314,-23
123000267,374,194,180
123000268,33,26,7
123000269,36,36,0
123000270,33,80,-47
123000271,67,37,30
123000272,428,193,235
123000273,225,544,-319
123000274,793,502,291
123000275,156,493,-337
123000278,1139,1424,-285
123000279,87,34,53
123000280,168,137,31
123000281,205,81,124
123000282,68,205,-137
123000283,105,119,-14
123000284,73,37,36
123000286,104,361,-257
123000287,430,225,205
123000288,1081,670,411
123000289,197,821,-624
123000291,136,703,-567
123000294,133,186,-53
123000295,641,800,-159
123000296,499,407,92
123000297,430,246,184
123000298,577,158,419
123000299,59,74,-15
123000300,670,662,8
123000301,78,201,-123
123000302,62,68,-6
123000303,51,192,-141
123000305,433,527,-94
123000306,127,44,83
123000309,31,33,-2
123000310,55,27,28
123000311,0,31,-31
123000312,265,241,24
123000313,463,192,271
123000315,107,123,-16
123000316,435,138,297
123000317,122,82,40
123000318,53,161,-108
123000329,10,10,0
123000337,398,884,-486
123000338,148,128,20
123000339,217,51,166
123000340,85,168,-83
123000342,6,75,-69
123000343,28,7,21
123000344,470,187,283
123000345,173,270,-97
123000346,338,32,306
123000352,634,605,29
123000353,42,35,7
123000354,126,0,126
123000355,0,109,-109
123000356,244,1,243
123000357,2,49,-47
123000359,0,53,-53
123000360,145,39,106
123000361,74,108,-34
123000362,263,52,211
123000363,70,66,4
123000364,295,326,-31
123000365,11,177,-166
123000366,211,1559,-1348
123000367,189,318,-129
123000370,2,64,-62
123000371,204,23,181
123000372,239,5,234
123000373,2,127,-125
123000374,7,46,-39
123000375,264,21,243
123000376,664,524,140
123000377,305,9,296
123000378,9,103,-94
123000379,1,57,-56
123000380,24,205,-181
123000381,40,122,-82
123000382,339,37,302
123000383,30,508,-478
123000384,277,63,214
123000385,70,366,-296
123000436,23,744,-721
123000507,86,141,-55
123000508,61,690,-629
123000517,209,19,190
123000518,9,114,-105
123000519,97,80,17
123000520,21,97,-76
123000521,318,57,261
123000522,82,166,-84
123000541,5,0,5
123000542,0,4,-4
123000565,593,14,579
123000566,224,142,82
123000567,49,123,-74
123000573,24,365,-341
123000574,351,40,311
123000575,917,557,360
123000576,469,573,-104
123000577,27,367,-340
123000578,221,73,148
123000579,655,4072,-3417
123000580,89,26,63
123000582,298,21,277
123000583,8,164,-156
123000584,109,190,-81
123000585,0,40,-40
123000586,44,0,44
123000596,65,55,10
123000597,50,189,-139
123000602,39,2,37
123000603,741,169,572
123000604,389,211,178
123000605,586,66,520
123000606,0,281,-281
123000609,30,198,-168
123000610,72,51,21
123000613,22,86,-64
123000614,193,30,163
123000615,38,56,-18
123000616,317,25,292
123000617,35,135,-100
123000618,43,311,-268
123000619,274,47,227
123000620,17,211,-194
123000622,264,7,257
123000624,79,61,18
123000630,1288,203,1085
123000631,157,297,-140
123000632,437,447,-10
123000633,0,127,-127
123000634,20,145,-125
123000635,34,48,-14
123000636,8,214,-206
123000637,91,18,73
123000638,239,10,229
123000639,357,2721,-2364
123000640,39,181,-142
123000648,318,63,255
123000649,25,194,-169
123900001,616,15,601
123900002,6,798,-792
123900003,129,251,-122
123900005,170,127,43
123900006,211,19,192
124000001,1294,125,1169
124000002,36,695,-659
124000003,815,94,721
124000004,41,236,-195
124000005,819,407,412
124000006,99,347,-248
124000007,308,55,253
124000008,2,200,-198
124000009,648,174,474
124000010,137,217,-80
124000011,743,245,498
124000012,137,217,-80
124000017,118,65,53
124000018,124,34,90
124000019,113,87,26
124000020,31,60,-29
124000021,90,50,40
124000022,40,78,-38
124000023,870,914,-44
124000024,784,329,455
124000025,927,1044,-117
124000026,732,794,-62
124000027,3108,2997,111
124000028,708,2443,-1735
124000030,1475,913,562
124000031,903,2941,-2038
124000032,981,340,641
124000033,591,440,151
124000034,344,425,-81
124000035,252,123,129
124000036,102,221,-119
124000037,166,716,-550
124000038,14,52,-38
124000039,322,266,56
124000040,161,587,-426
124000041,323,37,286
124000042,80,213,-133
124000043,62,28,34
124000044,41,64,-23
124000045,589,214,375
124000046,192,293,-101
124000047,1163,374,789
124000048,439,351,88
124000049,1362,236,1126
124000050,449,603,-154
124000051,719,214,505
124000052,273,393,-120
124000053,401,1201,-800
124000054,461,251,210
124000055,844,2041,-1197
124000056,859,696,163
124000057,754,320,434
124000058,246,610,-364
124000059,544,765,-221
124000060,419,282,137
124000061,979,4398,-3419
124000062,2056,918,1138
124000063,747,728,19
124000064,1000,693,307
124000065,66,279,-213
124000066,124,65,59
124000067,146,58,88
124000068,73,64,9
124000069,507,77,430
124000070,169,162,7
124000071,117,86,31
124000072,130,214,-84
124000073,578,102,476
124000074,188,313,-125
124000075,225,9,216
124000076,6,36,-30
124000077,507,369,138
124000078,1230,752,478
124000079,94,732,-638
124000080,416,120,296
124000081,157,268,-111
124000082,43,100,-57
124000083,23,53,-30
124000084,57,500,-443
124000085,92,30,62
124000086,11,85,-74
124000087,49,66,-17
124000088,38,220,-182
124000089,434,149,285
124000090,93,121,-28
124000091,285,72,213
124000092,114,344,-230
124000093,88,41,47
124000094,32,205,-173
124000095,86,49,37
124000096,82,68,14
124000097,66,78,-12
124000098,21,26,-5
124000099,211,67,144
124000100,26,56,-30
124000101,85,87,-2
124000102,63,21,42
124000103,119,70,49
124000104,51,19,32
124000105,83,81,2
124000106,72,25,47
124000107,12,188,-176
124000108,29,9,20
124000109,94,76,18
124000110,86,44,42
124000111,148,70,78
124000112,559,316,243
124000113,78,79,-1
124000114,237,202,35
124000115,218,424,-206
124000116,88,117,-29
124000117,18,45,-27
124000118,34,41,-7
124000119,426,263,163
124000120,239,206,33
124000121,1091,552,539
124000122,271,657,-386
124000123,530,313,217
124000124,207,465,-258
124000125,279,224,55
124000126,172,276,-104
124000127,478,205,273
124000128,293,355,-62
124000129,1221,933,288
124000130,393,342,51
124000131,529,398,131
124000132,408,425,-17
124000133,593,494,99
124000134,482,246,236
124000135,1113,1156,-43
124000136,421,442,-21
124000137,515,507,8
124000138,413,620,-207
124000139,258,22,236
124000140,7,143,-136
124000141,312,8,304
124000142,11,126,-115
124000143,74,4,70
124000144,5,24,-19
124000145,62,17,45
124000146,12,26,-14
124000148,3,58,-55
124000149,529,207,322
124000150,84,307,-223
124000151,514,215,299
124000152,323,567,-244
124000153,399,417,-18
124000154,103,285,-182
124000155,829,501,328
124000156,560,399,161
124000169,101,213,-112
124000170,294,337,-43
124000171,219,133,86
124000172,154,297,-143
124000173,340,133,207
124000174,243,252,-9
124000175,1,18,-17
124000176,20,6,14
124000177,3,30,-27
124000178,48,65,-17
124000190,38,30,8
124000191,31,166,-135
124000192,700,388,312
124000193,96,783,-687
124000194,213,246,-33
124000195,195,421,-226
124000196,548,396,152
124000197,18,15,3
124000198,44,27,17
124000201,133,310,-177
124000202,419,197,222
124000203,284,122,162
124000204,770,94,676
124000205,89,133,-44
124000206,698,135,563
124000207,0,19,-19
124000209,142,108,34
124000210,539,123,416
124000211,536,5,531
124000212,0,106,-106
124000213,431,91,340
124000214,331,158,173
124000215,315,19,296
124000216,1,97,-96
124000329,59,430,-371
124000338,78,187,-109
124000339,871,58,813
124000341,1179,29,1150
124000344,28,1,27
124000357,928,1718,-790
124000358,697,1187,-490
124000359,922,585,337
124000360,677,367,310
124000361,1622,832,790
124000362,773,1051,-278
124000363,207,217,-10
124000364,369,362,7
124000365,448,660,-212
124000366,1059,546,513
124000367,46,144,-98
124000368,288,387,-99
124000369,92,71,21
124000370,51,424,-373
124000402,18,3,15
124000403,79,6,73
124000404,2,29,-27
124000405,623,420,203
124000406,337,303,34
124000407,1,10,-9
124000411,7,86,-79
124000412,234,1,233
124000413,54,13,41
124000414,121,56,65
124000415,29,40,-11
124000416,134,70,64
124000417,134,47,87
124000418,210,31,179
124000419,81,36,45
124000420,83,27,56
124000421,34,33,1
124000422,16,14,2
124000423,85,28,57
124000424,2,39,-37
124000425,116,19,97
124000426,9,48,-39
124000427,99,7,92
124000428,4,27,-23
124000429,39,23,16
124000430,443,253,190
124000431,132,142,-10
124000432,142,302,-160
124000439,4,1,3
124000443,2,2,0
124000445,232,1201,-969
124000446,606,144,462
124000447,0,11,-11
124900001,692,309,383
124900002,116,114,2
124900003,925,304,621
124900004,777,168,609
124900005,154,50,104
124900006,692,145,547
124900008,609,381,228
124900009,97,245,-148
124900010,79,79,0
124900011,356,146,210
124900012,282,99,183
124900013,416,103,313
124900014,171,27,144
124900015,84,270,-186
124900016,46,64,-18
124900017,268,1375,-1107
124900018,73,7,66
124900020,40,23,17
124900021,191,11,180
124900022,39,3,36
124900024,225,1,224
124900026,50,21,29
124900027,115,396,-281
124900028,116,51,65
124900029,16,366,-350
124900030,0,37,-37
124900031,34,93,-59
124900032,84,137,-53
124900033,51,106,-55
124900034,1,42,-41
124900035,80,168,-88
124900036,0,34,-34
124900037,114,64,50
124900038,126,193,-67
124900039,0,35,-35
124900040,77,49,28
124900041,191,396,-205
124900042,22,0,22
124900043,324,438,-114
124900044,59,1,58
124900045,259,679,-420
124900047,53,62,-9
124900048,148,45,103
124900050,115,74,41
124900052,53,184,-131
124900053,77,159,-82
124900054,485,263,222
124900055,0,103,-103
124900057,4,16,-12
124900060,32,79,-47
124900061,63,0,63
124900062,152,8,144
124900066,0,7,-7
124900067,1,35,-34
124900068,159,348,-189
124900070,17,13,4
124900072,73,22,51
124900075,219,148,71
124900076,6,1028,-1022
124900077,12,53,-41
124900078,44,12,32
124900079,183,76,107
124900080,275,196,79
124900081,1015,208,807
124900082,251,414,-163
124900083,212,176,36
124900085,455,524,-69
124900086,36,834,-798
124900087,237,68,169
124900088,216,85,131
124900089,452,21,431
124900090,339,111,228
124900091,249,146,103
124900092,149,133,16
124900093,238,94,144
124900094,347,150,197
124900095,87,364,-277
124900096,247,122,125
124900097,222,23,199
124900098,56,172,-116
124900099,180,358,-178
124900100,155,20,135
124900101,23,145,-122
124900102,173,6,167
124900103,87,77,10
124900104,61,40,21
124900105,56,38,18
124900106,245,13,232
124900107,49,15,34
124900108,90,61,29
124900111,0,113,-113
124900112,25,159,-134
124900113,38,192,-154
124900114,57,109,-52
124900115,16,25,-9
124900116,185,169,16
124900117,102,172,-70
124900118,100,280,-180
124900119,270,112,158
124900120,40,148,-108
124900121,45,268,-223
124900122,174,102,72
124900123,149,59,90
124900124,73,184,-111
204000001,70,11,59
204000002,5,9,-4
204000003,12,3,9
204000004,0,0,0
204000005,461,377,84
204000006,883,800,83
204000011,9,21,-12
204000012,39,69,-30
204000019,774,218,556
204000020,582,352,230
204000021,737,512,225
204000022,615,292,323
204000023,439,381,58
204000031,29,12,17
204000032,191,25,166
204000034,36,46,-10
204000035,0,0,0
204000036,5,24,-19
204000037,0,10,-10
204000038,0,24,-24
204000039,0,10,-10
204000040,6,10,-4
204000041,5,8,-3
204000042,21,4,17
204000043,24,1,23
204000044,16,1,15
204000045,19,0,19
204000046,9,1,8
204000057,2,6,-4
204000062,28,27,1
204000068,25,240,-215
204000069,77,274,-197
204000070,45,41,4
204000080,52,43,9
204000085,1249,830,419
204000086,1397,909,488
204000087,44,11,33
204000088,15,54,-39
204000090,36,114,-78
204000093,434,43,391
204000096,871,629,242
204000097,305,4,301
204000099,754,1175,-421
204000100,1140,1206,-66
204000105,1098,579,519
204000110,205,613,-408
204000111,385,319,66
204000112,283,359,-76
204000113,226,342,-116
204000114,591,471,120
204000115,569,195,374
204000116,331,332,-1
204000119,1388,1674,-286
204000132,471,297,174
204000133,610,116,494
204000134,129,44,85
204000135,477,20,457
204000136,440,149,291
204000138,310,416,-106
204000140,187,93,94
204000141,164,45,119
204000144,0,31,-31
204000145,324,75,249
204000146,9,137,-128
204000147,18,104,-86
204000148,142,45,97
204000154,18,2,16
204000155,1,2,-1
204000177,45,38,7
204000179,102,5,97
204000180,0,13,-13
204000222,2,1,1
204000235,6,11,-5
204000236,19,116,-97
204000238,15,10,5
204000240,231,54,177
204000263,445,457,-12
204000268,523,366,157
204000308,89,33,56
204000317,7,20,-13
204000322,7,30,-23
204000323,2,2,0
204000328,174,54,120
204000329,32,74,-42
204000330,119,17,102
204000331,54,112,-58
205000001,616,770,-154
205000013,14,26,-12
205000014,21,31,-10
205000015,33,51,-18
205000016,13,70,-57
205000017,18,40,-22
205000022,280,413,-133
205000025,808,533,275
205000029,152,7,145
205000045,78,775,-697
205000046,123,513,-390
205000047,43,219,-176
205000048,294,426,-132
205000049,136,412,-276
205000050,455,193,262
205000059,0,133,-133
205000060,1,78,-77
205000061,2,136,-134
205000062,1,187,-186
205000063,24,191,-167
205000064,21,67,-46
205000065,59,308,-249
205000066,101,278,-177
205000067,59,396,-337
205000069,143,10,133
205000082,105,138,-33
205000110,29,102,-73
205000111,110,127,-17
205000112,107,142,-35
205000113,97,211,-114
205000121,170,31,139
205000123,26,96,-70
205000126,364,50,314
205000127,555,131,424
205000128,305,54,251
205000129,669,75,594
205000130,98,19,79
205000131,28,5,23
205000132,70,5,65
205000133,37,1,36
205000134,249,1,248
205000137,80,86,-6
205000138,61,189,-128
205000139,19,43,-24
205000144,39,76,-37
205000145,205,90,115
205000151,119,14,105
205000152,123,6,117
205000153,208,17,191
205000154,48,21,27
205000155,105,8,97
205000207,2,97,-95
205000233,61,12,49
205000234,0,2,-2
205000243,0,0,0
205000244,0,1,-1
205000245,7,81,-74
205000249,0,11,-11
205000250,2,3,-1
205000264,5,46,-41
206000027,2,1,1
206000028,1,0,1
206000043,3,7,-4
206000053,0,7,-7
206000054,1,9,-8
206000055,2,8,-6
206000075,3,19,-16
206000076,22,28,-6
206000077,8,2,6
206000078,6,0,6
206000079,20,16,4
206000082,256,29,227
206000100,8,212,-204
206000103,1,3,-2
206000104,3,6,-3
206000105,2,5,-3
206000106,3,7,-4
206000125,63,0,63
206000157,15,209,-194
206000170,1,84,-83
206000171,1,122,-121
206000172,7,89,-82
206000173,0,58,-58
206000174,21,19,2
206000175,1,18,-17
206000176,5,43,-38
206000177,0,46,-46
206000178,1,106,-105
206000179,1,30,-29
206000180,2,25,-23
206000181,9,12,-3
206000182,10,30,-20
206000183,7,95,-88
206000184,3,82,-79
206000185,4,42,-38
206000186,40,218,-178
206000223,3,111,-108
206000226,5,1,4
206000227,10,1,9
206000237,32,102,-70
206000238,10,168,-158
206000239,125,720,-595
206000240,1,33,-32
206000241,0,31,-31
206000242,2,43,-41
206000243,11,41,-30
206000244,42,136,-94
206000245,549,43,506
206000246,228,13,215
206000247,213,8,205
206000248,286,6,280
206000252,40,20,20
206000258,11,18,-7
206000315,32,9,23
206000317,411,72,339
206000318,610,62,548
206000319,1392,53,1339
206000320,277,30,247
206000321,224,6,218
206000322,437,8,429
206000323,233,10,223
206000324,227,12,215
206000325,117,21,96
206000326,156,9,147
206000327,68,0,68
206000328,170,0,170
206000329,186,5,181
206000330,49,6,43
206000331,180,0,180
206000332,46,1,45
206000333,534,2,532
206000334,239,1,238
206000335,0,8,-8
206000361,3,85,-82
206000392,2,10,-8
206000405,111,1,110
206000441,40,6,34
206000498,32,2,30
206000515,39,25,14
206000530,312,37,275
206000531,151,169,-18
206000532,1009,253,756
206000535,43,1245,-1202
206000536,23,89,-66
206000537,15,53,-38
206000613,1104,140,964
206000784,343,21,322
207000001,121,473,-352
207000002,64,373,-309
207000003,112,112,0
207000007,1052,144,908
207000008,69,9,60
207000009,40,18,22
207000010,226,165,61
207000012,311,92,219
207000015,171,438,-267
207000019,230,66,164
207000021,333,156,177
207000022,137,108,29
207000023,204,42,162
207000024,4,31,-27
207000025,16,45,-29
207000026,66,36,30
207000027,10,35,-25
207000028,35,93,-58
207000029,139,242,-103
207000033,179,377,-198
207000034,215,109,106
207000039,455,79,376
207000040,379,27,352
207000041,51,11,40
207000042,159,25,134
207000043,210,128,82
207000051,99,146,-47
207000052,11,118,-107
207000053,307,267,40
207000054,37,61,-24
207000055,152,60,92
207000056,236,166,70
207000057,78,154,-76
207000058,176,162,14
207000059,79,176,-97
207000060,45,133,-88
207000061,117,602,-485
207000062,462,32,430
207000063,476,43,433
207000064,265,70,195
207000065,331,158,173
207000066,252,134,118
207000067,33,37,-4
207000068,113,77,36
207000069,658,220,438
207000082,11,76,-65
207000083,92,129,-37
207000084,231,146,85
207000085,254,12,242
207000086,218,7,211
207000106,36,9,27
207000107,79,6,73
207000108,53,12,41
207000109,45,10,35
207000110,60,39,21
207000111,60,75,-15
207000112,52,508,-456
207000114,21,36,-15
207000115,27,28,-1
207000116,22,284,-262
207000117,5,69,-64
207000118,2,34,-32
207000119,14,33,-19
207000123,101,17,84
207000124,63,23,40
207000125,52,15,37
207000126,43,27,16
207000134,106,60,46
207000135,18,110,-92
207000148,73,224,-151
207000149,22,21,1
207000152,72,334,-262
207000153,283,814,-531
207000154,288,142,146
207000159,89,65,24
207000160,120,151,-31
207000238,0,120,-120
207000242,5,32,-27
207000248,11,22,-11
207000249,60,11,49
207000250,266,50,216
207000251,36,65,-29
207000252,33,19,14
207000278,100,53,47
207000279,11,80,-69
207000280,718,48,670
207000281,95,326,-231
207000282,33,90,-57
207000283,37,179,-142
207000284,25,320,-295
207000285,41,79,-38
207000291,7,46,-39
207000304,71,40,31
207000306,32,198,-166
207000310,119,76,43
207000353,189,1,188
207000356,14,30,-16
207000357,1,17,-16
207000358,2,19,-17
207000415,1,54,-53
207000417,42,10,32
207000418,75,101,-26
207000438,0,0,0
207000439,457,419,38
207000446,178,5,173
207000460,32,9,23
207000466,98,91,7
207000467,202,48,154
207000468,41,97,-56
207000476,9,26,-17
207000477,500,38,462
207000478,2,32,-30
207000523,0,16,-16
207000524,26,1,25
207000527,116,132,-16
207000530,478,2,476
207000531,258,6,252
207000532,29,19,10
207000534,166,29,137
207000535,34,188,-154
207000537,7,48,-41
207000540,0,51,-51
207000541,6,123,-117
207000548,2,70,-68
207000549,189,9,180
207000561,142,149,-7
207000562,20,69,-49
207000567,93,157,-64
207000568,185,18,167
207000569,372,172,200
207000584,82,100,-18
207000585,26,203,-177
207000587,89,9,80
207000616,0,47,-47
207000617,112,0,112
207000624,41,19,22
207000631,8,26,-18
207900008,236,49,187
208000001,445,957,-512
208000002,514,443,71
208000003,812,281,531
208000004,770,567,203
208000005,2,7,-5
208000019,556,512,44
208000020,181,279,-98
208000021,216,182,34
208000022,709,255,454
208000028,484,890,-406
208000033,437,356,81
208000034,736,962,-226
208000037,226,11,215
208000040,144,78,66
208000041,558,358,200
208000042,559,425,134
208000047,136,137,-1
208000064,1295,1058,237
208000066,1037,1680,-643
208000070,342,194,148
208000071,509,363,146
208000072,364,577,-213
208000080,227,216,11
208000081,321,123,198
208000082,242,128,114
208000083,127,186,-59
208000084,8,15,-7
208000085,447,304,143
208000086,340,715,-375
208000087,229,479,-250
208000089,857,199,658
208000090,692,298,394
208000093,161,199,-38
208000094,381,213,168
208000095,539,288,251
208000104,718,425,293
208000105,569,575,-6
208000114,66,258,-192
208000115,397,217,180
208000116,539,774,-235
208000117,108,132,-24
208000118,83,128,-45
208000155,499,727,-228
208000158,867,2220,-1353
208000186,1603,2741,-1138
208000204,563,669,-106
208000205,928,518,410
208000282,2211,1757,454
209000004,325,130,195
209000005,19,35,-16
209000006,269,212,57
209000007,160,232,-72
209000010,271,92,179
209000011,50,207,-157
209000012,65,72,-7
209000013,140,131,9
209000014,259,321,-62
209000025,341,52,289
209000026,483,90,393
209000027,215,263,-48
209000028,185,252,-67
209000029,252,393,-141
209000030,260,616,-356
209000031,1431,772,659
209000034,133,194,-61
209000035,97,184,-87
209000036,164,91,73
209000037,233,116,117
209000038,144,141,3
209000039,48,94,-46
209000040,198,353,-155
209000041,124,244,-120
209000042,191,219,-28
209000043,319,510,-191
209000044,190,525,-335
209000045,634,226,408
209000046,435,285,150
209000047,362,97,265
209000048,468,220,248
209000049,76,58,18
209000050,125,62,63
209000051,211,102,109
209000052,136,98,38
209000062,41,26,15
209000063,38,29,9
209000064,21,20,1
209000065,85,17,68
209000066,95,6,89
209000067,131,23,108
209000080,16,137,-121
209000082,52,22,30
209000091,13,58,-45
209000093,32,8,24
209000094,42,109,-67
209000110,29,132,-103
209000111,368,970,-602
209000112,740,379,361
209000113,935,433,502
209000114,516,340,176
209000115,64,56,8
209000116,313,126,187
209000118,10,25,-15
209000119,12,13,-1
209000121,99,234,-135
209000135,22,125,-103
209000142,406,861,-455
209000143,27,41,-14
209000144,20,103,-83
209000229,177,82,95
209000240,14,109,-95
209000259,37,34,3
209000260,42,439,-397
209000261,3,176,-173
209000262,1,166,-165
209000263,0,172,-172
209000264,0,181,-181
209000265,242,16,226
209000266,69,0,69
209000267,732,3,729
209000268,420,40,380
210000037,78,13,65
210000047,66,5,61
210000048,116,6,110
210000049,38,4,34
210000052,47,40,7
210000053,29,24,5
210000054,17,39,-22
210000070,126,4,122
210000071,79,0,79
210000072,14,0,14
210000073,0,19,-19
210000074,0,68,-68
210000075,3,82,-79
210000076,5,113,-108
210000077,5,52,-47
210000078,27,39,-12
210000079,24,19,5
210000080,50,37,13
210000081,84,15,69
210000082,114,4,110
210000083,54,6,48
210000084,39,1,38
210000085,3,30,-27
210000086,1,47,-46
210000099,30,123,-93
210000100,43,67,-24
210000101,38,122,-84
210000105,21,162,-141
210000159,0,131,-131
210000163,46,128,-82
210000164,188,162,26
210000168,85,27,58
210000187,0,14,-14
210000188,0,23,-23
210000214,11,0,11
210000219,30,45,-15
210000220,56,24,32
210000232,0,12,-12
210000233,25,22,3
210000234,19,52,-33
210000235,41,28,13
210000245,1,17,-16
210000246,19,0,19
210000258,7,45,-38
210000259,208,47,161
210000282,44,139,-95
210000285,0,80,-80
210000286,13,84,-71
210000290,1,7,-6
210000295,41,103,-62
210000296,50,24,26
210000320,147,35,112
210000321,83,16,67
210000338,18,55,-37
210000339,134,610,-476
210000340,89,217,-128
210000341,169,203,-34
210000342,161,142,19
210000343,115,141,-26
210000344,74,97,-23
210000345,89,132,-43
210000346,33,81,-48
210000347,21,40,-19
210000348,70,34,36
210000349,43,12,31
210000350,96,37,59
210000351,147,46,101
210000352,35,30,5
210000353,33,28,5
210000354,33,45,-12
210000355,18,32,-14
210000356,9,43,-34
210000357,34,62,-28
210000358,170,121,49
210000359,68,45,23
210000360,99,96,3
210000361,129,85,44
210000362,166,141,25
210000363,296,165,131
210000364,83,92,-9
210000365,117,51,66
210000366,93,50,43
210000367,53,15,38
210000368,95,38,57
210000369,16,11,5
210000370,21,17,4
210000372,9,26,-17
210000373,31,16,15
210000374,41,28,13
210000375,25,40,-15
210000376,28,56,-28
210000404,34,55,-21
210000439,15,11,4
210000472,57,0,57
210000482,15,82,-67
210000564,94,133,-39
210000567,0,14,-14
210000568,175,0,175
211000092,38,17,21
211000094,15,3,12
211000169,176,12,164
211000172,15,131,-116
211000209,0,28,-28
211000226,5,18,-13
211000270,13,7,6
211000275,15,18,-3
211000276,67,8,59
211000279,8,22,-14
211000281,62,21,41
211000302,1,3,-2
211507980,0,47,-47
211977296,18,19,-1
212000003,101,27,74
212000004,9,32,-23
212000005,9,57,-48
212000006,17,41,-24
212000008,125,89,36
212000009,32,71,-39
212000012,62,39,23
212000013,23,15,8
212000014,203,58,145
212000015,239,127,112
212000016,284,326,-42
212000027,390,188,202
212000028,244,194,50
212000029,170,138,32
212000030,37,17,20
212000031,45,22,23
212000048,18,160,-142
212000049,12,153,-141
212000050,17,21,-4
212000051,150,72,78
212000052,139,119,20
212000053,233,186,47
212000054,278,49,229
212000055,208,79,129
212000056,5,17,-12
212000057,3,18,-15
212000058,77,42,35
212000070,85,86,-1
212000077,82,190,-108
212000099,258,141,117
212000108,149,61,88
212000111,202,62,140
212000120,106,46,60
212000138,111,15,96
212000156,3,46,-43
212000158,4,18,-14
212000159,361,34,327
212000160,505,114,391
212000161,62,10,52
212000310,32,7,25
212000311,12,46,-34
212000374,34,7,27
213000001,28,173,-145
213000005,248,73,175
213000006,565,199,366
213000007,58,8,50
213000009,285,207,78
213000010,151,187,-36
213000011,132,69,63
213000012,136,143,-7
213000014,45,9,36
213000015,215,5,210
213000016,246,1,245
213000017,47,0,47
213000018,0,25,-25
213000019,0,52,-52
213000020,88,177,-89
213000021,5,78,-73
213000023,289,137,152
213000033,249,903,-654
213000034,370,140,230
213000035,102,162,-60
213000045,176,191,-15
213000046,136,102,34
213000047,304,848,-544
213000056,111,15,96
213000069,64,4,60
213000073,1,32,-31
213000074,79,231,-152
213000075,403,2,401
213000076,19,2,17
213000085,7,20,-13
213000086,7,129,-122
213000091,229,6,223
213000092,42,2,40
213000099,115,848,-733
213000100,670,232,438
213000101,355,77,278
213000102,405,106,299
213000103,550,430,120
213000104,49,203,-154
213000105,40,762,-722
213000106,30,87,-57
213000107,135,206,-71
213000108,38,208,-170
213000109,31,119,-88
213000110,22,81,-59
213000111,7,44,-37
213000112,96,83,13
213000115,25,1,24
213000116,34,241,-207
213000117,5,303,-298
213000118,532,171,361
213000119,34,282,-248
213000120,69,180,-111
213000122,74,219,-145
213000123,173,363,-190
213000124,111,454,-343
213000125,134,39,95
213000126,20,52,-32
213000127,34,132,-98
213000128,184,763,-579
213000129,149,598,-449
213000130,728,194,534
213000132,404,86,318
213000133,670,79,591
213000134,835,9,826
213000136,342,15,327
213000137,592,33,559
213000139,157,17,140
213000147,26,10,16
213000148,14,21,-7
213000149,21,11,10
213000150,1,145,-144
213000151,1,120,-119
213000152,1,99,-98
213000153,5,155,-150
213000154,37,91,-54
213000155,24,99,-75
213000156,86,246,-160
213000157,399,220,179
213000158,322,563,-241
213000159,487,254,233
213000163,754,74,680
213000165,561,188,373
213000171,1,31,-30
213000172,1,95,-94
213000173,2,98,-96
213000174,0,39,-39
213000175,5,31,-26
213000176,49,30,19
213000177,85,4,81
213000178,194,2,192
213000179,189,0,189
213000180,143,0,143
213000184,41,221,-180
213000188,343,84,259
213000189,359,21,338
213000190,500,453,47
213000191,259,164,95
213000192,207,97,110
213000193,306,129,177
213000194,2,88,-86
213000195,13,232,-219
213000196,200,810,-610
213000197,365,301,64
213000198,18,1,17
213000200,106,423,-317
213000201,22,27,-5
213000202,7,277,-270
213000203,1505,335,1170
213000204,600,39,561
213000205,231,52,179
213000206,300,19,281
213000207,61,2,59
213000208,24,1,23
213000209,72,3,69
213000210,173,0,173
213000211,11,18,-7
213000212,10,34,-24
213000213,32,53,-21
213000218,175,216,-41
213000219,441,22,419
213000220,455,7,448
213000223,154,170,-16
213000224,17,38,-21
213000225,39,10,29
213000226,59,5,54
213000227,700,112,588
213000228,345,46,299
213000229,45,11,34
213000230,340,18,322
213000232,77,414,-337
213000233,13,67,-54
213000234,2,89,-87
213000293,11,57,-46
213000294,49,26,23
213000295,14,119,-105
213000296,21,10,11
213000297,7,62,-55
213000298,6,50,-44
213000299,22,20,2
213000300,2,1,1
213000303,4,32,-28
213000304,2,5,-3
213000305,2,12,-10
213000306,22,38,-16
213000307,63,53,10
213000308,67,57,10
213000309,123,40,83
213000310,297,141,156
213000311,119,538,-419
213000315,70,92,-22
213000316,116,24,92
213000322,66,57,9
213000323,95,47,48
213000324,54,10,44
213000325,45,23,22
213000326,21,9,12
213000327,22,12,10
213000328,10,96,-86
213000329,111,6,105
213000340,109,223,-114
213000341,470,66,404
213000346,137,234,-97
213000347,339,355,-16
213000348,1,148,-147
213000349,9,22,-13
213000350,208,444,-236
213000366,70,78,-8
213000367,236,11,225
213000379,27,102,-75
213000386,22,81,-59
213000406,95,134,-39
213000417,837,315,522
213000425,241,23,218
213000426,163,19,144
213000427,45,79,-34
213000428,27,31,-4
213000429,9,2,7
213000430,64,164,-100
213000431,7,2,5
213000432,1,21,-20
213000433,22,66,-44
213000434,73,64,9
213000435,113,25,88
213000436,48,22,26
213000437,0,2,-2
213000438,151,18,133
213000439,35,9,26
213000440,4,163,-159
213000441,1,1,0
213000442,1,16,-15
213000443,345,166,179
213000444,26,12,14
213000445,0,50,-50
213000446,0,19,-19
213000447,1,40,-39
213000448,6,100,-94
213000449,342,1,341
213000450,13,33,-20
213000451,153,31,122
213000452,18,10,8
213000453,12,126,-114
213000455,77,0,77
213000456,0,119,-119
213000481,5,2,3
213000482,16,1,15
213000489,97,38,59
213000491,4,148,-144
213000492,107,15,92
213000493,1,155,-154
213000494,198,47,151
213000495,0,14,-14
213000496,418,77,341
213000497,31,169,-138
213000498,81,54,27
213000499,108,126,-18
213000500,480,40,440
213000501,93,13,80
213000502,116,79,37
213000503,3,24,-21
213000504,12,24,-12
213000505,5,5,0
213000506,0,9,-9
213000507,2,79,-77
213900244,34,0,34
213900245,0,9,-9
218000003,6,26,-20
218000004,9,19,-10
218000005,12,22,-10
218000006,53,15,38
218000007,11,3,8
218000012,95,78,17
218000013,141,95,46
218000014,217,256,-39
218000019,337,291,46
218000020,123,226,-103
218000021,19,20,-1
218000022,6,8,-2
218000023,2,9,-7
218000024,2,3,-1
218000025,1,11,-10
218000026,5,14,-9
218000027,0,2,-2
218000028,1,1,0
218000029,1,6,-5
218000030,4,8,-4
218000031,5,5,0
218000032,0,4,-4
218000040,2,0,2
218000046,53,35,18
218000047,17,44,-27
218000048,23,34,-11
218000049,53,37,16
218000050,208,119,89
218000051,36,66,-30
218000052,0,12,-12
218000053,2,13,-11
218000054,1,28,-27
218000055,2,6,-4
218000056,20,18,2
218000057,1,10,-9
218000064,0,4,-4
218000065,60,14,46
218000066,8,16,-8
218000067,63,27,36
218000068,95,40,55
218000069,277,49,228
218000070,174,89,85
218000071,203,115,88
218000072,126,104,22
218000078,838,262,576
218000079,122,62,60
218000080,111,29,82
218000081,365,90,275
218000082,27,51,-24
218000083,38,48,-10
218000084,128,52,76
218000085,143,149,-6
218000086,41,61,-20
218000087,167,66,101
218000090,12,43,-31
218000091,787,400,387
218000092,56,84,-28
218000093,55,27,28
218000094,328,383,-55
218000099,183,465,-282
218000100,328,154,174
218000101,228,128,100
218000102,360,111,249
218000103,59,48,11
218000104,91,14,77
218000105,5,12,-7
218000106,4,8,-4
218000107,35,16,19
218000108,5,17,-12
218000112,40,15,25
218000117,33,38,-5
218000134,411,244,167
218000135,6,52,-46
218000136,112,110,2
218000137,179,109,70
218000138,38,86,-48
218000139,117,156,-39
218000140,377,134,243
218000141,89,32,57
218000142,172,96,76
218000143,48,133,-85
218000144,28,74,-46
218000145,355,185,170
218000146,58,111,-53
218000151,3,7,-4
218000152,61,38,23
218000153,4,3,1
218000154,3,1,2
218000155,24,0,24
218000156,42,7,35
218000157,27,9,18
218000158,10,2,8
218000159,3,2,1
218000160,1,11,-10
218000161,21,0,21
218000162,24,1,23
218000163,2,0,2
218000164,35,0,35
218000165,64,10,54
218000170,10,17,-7
218000171,43,5,38
218000172,15,5,10
218000173,10,12,-2
218000174,21,5,16
218000176,206,68,138
218000177,266,132,134
218000178,68,135,-67
218000179,83,64,19
218000180,72,15,57
218000181,203,23,180
218000187,14,37,-23
218000188,12,47,-35
218000189,25,40,-15
218000190,13,9,4
218000191,120,13,107
218000192,160,81,79
218000193,360,152,208
218000194,99,179,-80
218000195,86,25,61
218000196,240,137,103
218000197,387,170,217
218000198,22,72,-50
218000199,44,23,21
218000200,54,34,20
218000201,19,8,11
218000202,40,169,-129
218000207,7,7,0
218000208,19,19,0
218000211,14,20,-6
218000212,1,1,0
218000213,52,44,8
218000214,3,13,-10
218000215,17,29,-12
218000217,5,33,-28
218000218,93,22,71
218000219,5,16,-11
218000220,29,373,-344
218000221,331,162,169
218000222,2,19,-17
218000223,30,138,-108
218000224,12,98,-86
218000225,210,22,188
218000226,136,44,92
218000230,0,8,-8
218000232,28,24,4
218000239,98,5,93
218000240,3,4,-1
218000241,24,1,23
218000242,12,0,12
218000243,13,5,8
218000244,25,6,19
218000245,13,1,12
218000246,0,1,-1
218000247,1,0,1
218000248,1,39,-38
218000249,0,0,0
218000250,5,6,-1
218000251,1,103,-102
218000252,3,469,-466
218000253,2,311,-309
218000254,2,69,-67
218000255,3,44,-41
218000256,8,94,-86
218000267,247,658,-411
218000268,2,18,-16
218000269,8,5,3
218000270,96,30,66
218000271,13,11,2
218000273,34,2,32
218000274,12,1,11
218000275,26,23,3
218000276,10,22,-12
218000278,4,23,-19
218000279,73,18,55
218000280,2,24,-22
218000281,6,37,-31
218000282,350,403,-53
218000284,38,4,34
218000301,95,106,-11
218000302,64,25,39
218000303,12,68,-56
218000316,507,414,93
218000317,1104,417,687
218000318,748,287,461
218000319,890,448,442
218000320,658,284,374
218000338,37,26,11
218000345,51,41,10
218000346,20,112,-92
218000459,15,85,-70
218000490,14,26,-12
218000501,71,28,43
218000502,47,25,22
218000503,86,9,77
218000504,78,26,52
218000505,45,71,-26
218000506,12,161,-149
218000508,2,1,1
218000510,86,9,77
218000520,84,82,2
218000521,3,39,-36
218000522,2,150,-148
218000523,115,3,112
218000524,1,144,-143
218000525,106,20,86
218000526,17,163,-146
218000529,26,65,-39
218000530,7,1,6
218000531,8,7,1
218000532,23,30,-7
218000534,121,8,113
218000537,16,48,-32
218000538,81,234,-153
218000540,46,42,4
218000543,96,49,47
218000544,24,26,-2
218000545,68,70,-2
218000546,30,48,-18
218000547,121,144,-23
218000548,65,64,1
218000549,430,229,201
218000550,113,144,-31
218000551,74,576,-502
218000552,159,227,-68
218000553,14,101,-87
218000554,12,31,-19
218000555,12,27,-15
218000556,187,87,100
218000557,275,130,145
218000558,61,0,61
218000559,1,40,-39
218000560,0,40,-40
218000561,16,0,16
218000562,21,131,-110
218000563,138,42,96
218000564,2,127,-125
218000565,104,24,80
218000566,113,26,87
218000567,0,68,-68
218000568,2,1,1
218000569,3,124,-121
218000570,42,30,12
218000571,0,93,-93
218000572,105,4,101
218000573,5,182,-177
218000574,30,18,12
218000575,60,1,59
218000576,0,63,-63
218000577,98,2,96
218000578,0,68,-68
218000579,9,8,1
218000581,7,34,-27
218000582,33,2,31
218000583,4,0,4
218000584,1,27,-26
218000585,43,2,41
218000586,5,18,-13
218000587,1,1,0
218000588,0,6,-6
218000589,0,2,-2
218000590,4,7,-3
218000591,0,3,-3
218000592,6,4,2
218000593,1,1,0
218000594,0,9,-9
218000597,0,2,-2
218000598,0,0,0
218000599,1,0,1
218000600,0,0,0
218000601,1,2,-1
218000602,0,0,0
218000603,0,1,-1
218000604,17,0,17
218000605,0,36,-36
218000606,91,0,91
218000607,22,41,-19
218000608,33,3,30
218000609,6,31,-25
218000610,59,7,52
218000611,16,2,14
218000612,0,40,-40
218000613,45,1,44
218000614,0,39,-39
218000615,102,0,102
218000616,3,97,-94
218000617,7,1,6
218000618,0,26,-26
218000619,1,7,-6
218000620,0,10,-10
218000621,0,4,-4
218000622,0,1,-1
218000623,30,0,30
218000624,1,8,-7
218000625,5,0,5
218000626,0,22,-22
218000628,179,31,148
218000631,23,5,18
218000632,0,96,-96
218000633,65,1,64
218000634,4,30,-26
218000635,4,20,-16
218000636,616,408,208
218000637,837,221,616
218000638,187,16,171
218000639,11,44,-33
218000640,291,13,278
218000641,32,115,-83
218000652,11,19,-8
218000653,151,65,86
218000663,12,70,-58
218000675,31,33,-2
218000676,0,10,-10
218000677,12,1,11
218000680,111,259,-148
218000681,310,130,180
218000691,168,74,94
218000693,259,96,163
218000703,3,8,-5
218000718,22,242,-220
218000719,32,272,-240
218000720,9,198,-189
218000721,37,41,-4
218000725,11,3,8
218001147,0,26,-26
218001214,6,31,-25
218001258,64,6,58
218001329,76,86,-10
218001330,69,33,36
218001351,20,23,-3
218001352,12,48,-36
218001353,13,7,6
218001354,5,21,-16
218001355,1,75,-74
218001356,283,7,276
218001357,12,43,-31
218001358,237,16,221
218001361,327,3,324
218001362,1,27,-26
219000001,11,19,-8
219000002,15,42,-27
219000003,27,19,8
219000004,26,36,-10
219000017,52,45,7
219000020,115,34,81
219000022,115,0,115
219000023,26,0,26
219000029,1,34,-33
219000034,34,9,25
219000039,75,131,-56
219000040,40,79,-39
219000041,94,16,78
219000051,0,32,-32
219000052,0,16,-16
219000053,0,42,-42
219000054,18,73,-55
219000055,166,2,164
219000056,6,1,5
219000057,35,0,35
219000062,25,43,-18
219000063,42,6,36
219000064,0,34,-34
219000110,238,47,191
219000111,39,20,19
219000112,183,55,128
219000113,123,38,85
219000114,115,33,82
219000116,108,23,85
219000117,109,59,50
219000118,85,42,43
219000123,59,40,19
219000124,59,46,13
219000125,10,7,3
219000126,35,111,-76
219000127,0,0,0
219000128,7,77,-70
219000129,16,99,-83
219000130,179,480,-301
219000131,528,707,-179
219000133,21,60,-39
219000134,3,22,-19
219000135,12,40,-28
219000136,52,88,-36
219000138,48,8,40
219000139,27,17,10
219000140,74,0,74
219000141,36,38,-2
219000142,5,40,-35
219000143,10,21,-11
219000145,5,23,-18
219000146,2,8,-6
219000147,5,20,-15
219000148,0,12,-12
219000149,2,24,-22
219000150,2,34,-32
219000151,2,10,-8
219000157,173,86,87
219000158,78,95,-17
219000161,66,8,58
219000163,601,332,269
219000166,88,103,-15
219000167,54,77,-23
219000168,144,74,70
219000174,376,72,304
219000175,67,3,64
219000176,97,8,89
219000177,42,1,41
219000178,62,0,62
219000179,31,3,28
219000180,22,15,7
219000182,130,27,103
219000183,73,12,61
219000184,70,6,64
219000185,0,24,-24
219000186,48,9,39
219000187,17,48,-31
219000189,39,100,-61
219000190,53,139,-86
219000191,164,1266,-1102
219000192,132,112,20
219000193,95,70,25
219000195,2,13,-11
219000196,2,53,-51
219000198,11,49,-38
219000199,20,136,-116
219000200,33,101,-68
219000201,66,95,-29
219000203,30,100,-70
219000204,64,254,-190
219000205,42,160,-118
219000207,113,192,-79
219000209,32,21,11
219000210,14,43,-29
219000213,4,96,-92
219000239,121,145,-24
219000240,148,213,-65
219000241,96,86,10
219000242,28,73,-45
219000243,83,146,-63
219000244,12,59,-47
219000245,17,26,-9
219000246,24,12,12
219000247,86,28,58
219000248,302,262,40
219000249,79,72,7
219000250,104,98,6
219000251,372,146,226
219000252,164,112,52
219000253,313,64,249
219000255,83,71,12
219000256,179,36,143
219000257,81,0,81
219000262,60,52,8
219000263,65,50,15
219000267,2,46,-44
219000268,0,4,-4
219000269,3,1,2
219000270,6,0,6
219000271,151,7,144
219000278,0,4,-4
219000279,1,1,0
219000283,0,2,-2
219000295,10,38,-28
219000296,37,160,-123
219000297,30,49,-19
219000298,5,49,-44
219000299,270,33,237
219000300,19,48,-29
219000301,83,221,-138
219000302,25,100,-75
219000307,23,11,12
219000308,45,34,11
219000311,134,60,74
219000312,399,83,316
219000313,291,24,267
219000314,36,136,-100
219000315,229,31,198
219000316,405,24,381
219000317,99,7,92
219000320,0,28,-28
219000321,0,18,-18
219000323,1,31,-30
219000325,2,6,-4
219000326,22,36,-14
219000327,21,13,8
219000328,14,40,-26
219000329,200,83,117
219000330,9,17,-8
219000331,15,26,-11
219000332,115,50,65
219000333,39,1,38
219000335,46,0,46
219000337,8,0,8
219000338,24,0,24
219000344,6,55,-49
219000345,39,57,-18
219000346,34,45,-11
219000348,129,36,93
219000349,35,69,-34
219000350,72,342,-270
219000351,4,5,-1
219000352,326,59,267
219000353,65,45,20
219000354,187,47,140
219000355,93,37,56
219000356,390,1162,-772
219000363,111,52,59
219000364,57,38,19
219000365,86,8,78
219000366,122,208,-86
219000368,244,370,-126
219000370,481,445,36
219000371,7,16,-9
219000382,12,15,-3
219000383,226,762,-536
219000385,254,396,-142
219000386,370,1283,-913
219000387,2,17,-15
219000390,2,0,2
219000391,2,0,2
219000397,26,22,4
219000398,13,42,-29
219000401,4,36,-32
219000402,13,45,-32
219000403,67,180,-113
219000404,22,104,-82
219000407,6,20,-14
219000409,47,31,16
219000410,98,28,70
219000411,57,12,45
219000446,47,230,-183
219000447,1,13,-12
219000448,7,2,5
219000452,56,66,-10
219000453,41,135,-94
219000454,118,245,-127
219000556,197,63,134
219000558,83,96,-13
219000590,5,116,-111
219000591,84,41,43
219000592,40,159,-119
219000595,0,8,-8
219000635,122,13,109
219000636,25,14,11
219000657,5,23,-18
219000658,20,122,-102
219000673,0,8,-8
219000676,5,3,2
219000679,24,3,21
219000684,47,3,44
219000685,1,30,-29
219000686,0,2,-2
219000688,0,41,-41
219000689,15,129,-114
219000690,111,13,98
219000691,21,121,-100
219000692,67,13,54
219000693,0,3,-3
219000694,16,0,16
219000695,32,0,32
219000698,7,0,7
219000699,0,15,-15
219000727,0,54,-54
219000728,29,0,29
219000770,14,0,14
219000771,0,23,-23
219000788,184,146,38
219001150,4,35,-31
219001151,0,1,-1
219001166,11,18,-7
219001167,2,43,-41
219001178,29,0,29
220000001,9,46,-37
220000002,6,76,-70
220000003,184,84,100
220000004,157,143,14
220000005,311,578,-267
220000006,80,294,-214
220000007,282,135,147
220000008,174,256,-82
220000009,172,228,-56
220000010,68,50,18
220000011,216,1692,-1476
220000012,30,127,-97
220000014,78,69,9
220000015,73,376,-303
220000017,13,131,-118
220000018,3547,1039,2508
220000019,60,307,-247
220000020,288,103,185
220000021,566,75,491
220000022,782,167,615
220000023,195,69,126
220000024,752,287,465
220000025,513,776,-263
220000026,185,236,-51
220000027,18,57,-39
220000028,22,32,-10
220000029,13,53,-40
220000030,30,35,-5
220000031,381,161,220
220000064,36,786,-750
221000046,2,0,2
221000047,0,0,0
221000048,0,1,-1
221000049,0,2,-2
221000050,8,0,8
221000055,18,32,-14
221000057,70,6,64
221000068,177,79,98
221000069,216,47,169
221000070,179,19,160
221000071,75,10,65
221000072,187,2,185
221000073,98,28,70
221000074,0,15,-15
221000075,6,8,-2
221000076,22,8,14
221000077,6,50,-44
221000081,6,3,3
221000082,58,3,55
221000083,13,2,11
221000084,12,1,11
221000085,6,39,-33
221000086,16,62,-46
221000087,1,75,-74
221000088,9,78,-69
221000089,11,145,-134
221000090,55,352,-297
221000098,109,9,100
221000099,162,19,143
221000100,120,5,115
221000101,209,12,197
221000102,102,9,93
221000109,2,54,-52
221000110,7,37,-30
221000111,10,114,-104
221000112,4,97,-93
221000113,11,89,-78
221000114,10,78,-68
221000120,38,25,13
221000121,3,31,-28
221000122,45,25,20
221000123,10,17,-7
221000124,26,121,-95
221000155,70,7,63
221000156,61,27,34
221000175,0,6,-6
221000176,0,2,-2
221000182,21,0,21
221000241,504,218,286
221000242,128,242,-114
221000243,426,183,243
221000244,228,368,-140
221000245,80,77,3
221000246,18,213,-195
221000247,101,96,5
221000248,188,115,73
221000267,18,244,-226
221000325,21,47,-26
221000331,15,41,-26
221000338,23,41,-18
221000378,189,39,150
221000381,28,46,-18
222000282,14,0,14
222000296,2,13,-11
222000568,221,16,205
222000569,114,28,86
222000570,105,17,88
222000571,271,29,242
222000577,10,60,-50
222000578,17,88,-71
222000579,22,52,-30
222000580,59,326,-267
222000599,1,96,-95
222000600,0,120,-120
222000601,3,381,-378
222000603,12,39,-27
222000604,3,36,-33
222000605,11,31,-20
222000606,0,16,-16
222000607,6,7,-1
222000608,18,23,-5
222000609,40,67,-27
222000616,362,23,339
222000617,3,17,-14
222000618,5,7,-2
222000620,11,32,-21
222000621,21,12,9
222000623,390,6,384
222000624,286,3,283
222000625,392,7,385
222000636,29,4,25
222000686,5,21,-16
222000687,82,24,58
222001066,194,8,186
222001067,15,1,14
222001068,36,2,34
222001069,27,17,10
222001082,16,15,1
222001083,28,10,18
222001084,0,27,-27
222001085,0,69,-69
222001111,19,48,-29
222001112,147,31,116
222001313,10,7,3
222001314,11,57,-46
222001464,173,46,127
222001465,16,65,-49
222001484,99,25,74
222001485,28,49,-21
222001494,534,103,431
222001495,75,85,-10
222001496,259,44,215
222001497,62,168,-106
222001502,8,37,-29
222001503,82,30,52
222001504,16,142,-126
222001505,235,3,232
222001506,41,203,-162
222001507,184,20,164
222001510,328,8,320
222001511,45,78,-33
222001514,410,120,290
222001515,104,154,-50
222001518,292,44,248
222001519,36,68,-32
222001527,116,30,86
222001528,9,57,-48
222001529,232,17,215
222001530,37,94,-57
222001533,101,78,23
222001534,314,30,284
222001535,148,226,-78
222001536,23,85,-62
222001537,256,29,227
222001538,20,129,-109
222001563,666,34,632
222001564,65,153,-88
222001568,181,171,10
222001576,0,2,-2
222001579,2,14,-12
222001583,7,37,-30
222001584,106,8,98
222001596,150,380,-230
222001597,707,144,563
222001626,0,64,-64
222001650,13,53,-40
222001651,21,162,-141
222001914,103,28,75
222001915,16,88,-72
222001968,365,185,180
222001969,261,255,6
222001970,100,335,-235
222001971,24,3,21
222001972,1,3,-2
225000001,287,113,174
225000002,483,129,354
225000003,464,34,430
225000004,262,127,135
225000005,81,27,54
225000006,0,82,-82
225000007,632,641,-9
225000010,143,9,134
225000011,159,661,-502
225000012,212,393,-181
225000013,49,38,11
225000014,444,85,359
225000015,59,73,-14
225000021,427,89,338
225000027,77,227,-150
225000032,415,66,349
225000042,39,291,-252
225000049,31,29,2
225000050,98,7,91
225000053,9,150,-141
225000058,425,117,308
225000067,124,76,48
225000068,38,121,-83
225000069,44,232,-188
225000070,64,143,-79
225000071,17,58,-41
225000075,10,329,-319
225000076,27,66,-39
225000078,46,17,29
225000085,63,62,1
225000086,145,36,109
225000087,115,16,99
225000088,10,111,-101
225000089,61,723,-662
225000090,30,229,-199
225000091,113,50,63
225000092,22,32,-10
225000093,163,126,37
225000094,15,79,-64
225000095,139,163,-24
225000096,126,204,-78
225000098,456,150,306
225000099,246,104,142
225000100,325,81,244
225000104,73,207,-134
225000110,9,174,-165
225000111,134,482,-348
225000112,156,571,-415
225000113,99,381,-282
225000114,59,162,-103
225000115,731,346,385
225000116,427,117,310
225000117,451,146,305
225000118,727,141,586
225000119,174,52,122
225000120,430,10,420
225000121,117,9,108
225000123,388,16,372
225000125,397,87,310
225000126,536,124,412
225000127,402,732,-330
225000128,380,509,-129
225000132,314,34,280
225000133,199,17,182
225000134,486,95,391
225000135,38,11,27
225000136,224,8,216
225000137,213,20,193
225000138,346,48,298
225000143,43,83,-40
225000144,5,206,-201
225000145,15,11,4
225000146,28,26,2
225000147,29,71,-42
225000148,5,77,-72
225000149,17,146,-129
225000151,27,76,-49
225000155,229,209,20
225000156,105,492,-387
225000157,252,192,60
225000158,52,99,-47
225000171,6,47,-41
225000180,18,1,17
225000181,0,35,-35
225000182,64,14,50
225000185,2,232,-230
225000187,21,209,-188
225000191,67,1,66
225000194,0,11,-11
225000208,0,28,-28
225000209,76,5,71
225000210,4,121,-117
225000217,0,4,-4
225000218,5,0,5
225000223,0,41,-41
225000224,41,1,40
225000225,1,31,-30
225000226,23,0,23
225000227,22,62,-40
225000228,1,2,-1
225000229,0,16,-16
225000230,16,0,16
225000231,0,18,-18
225000232,73,0,73
225000241,46,1,45
225000242,0,29,-29
225000249,3,0,3
225000250,54,277,-223
225000251,349,31,318
226000042,127,194,-67
226000043,58,138,-80
226000044,34,184,-150
226000045,24,107,-83
226000046,314,49,265
226000047,320,67,253
226000048,308,79,229
226000049,193,158,35
226000070,0,15,-15
226000071,0,32,-32
226000072,0,12,-12
226000073,0,4,-4
226000074,0,9,-9
226000084,0,15,-15
226000085,0,5,-5
226000086,1,1,0
226000087,1,21,-20
226000088,4,3,1
226000090,51,92,-41
226000091,11,19,-8
226000092,2,1,1
226000093,16,3,13
226000094,5,5,0
226000095,8,3,5
226000105,9,2,7
226000106,9,0,9
226000107,15,0,15
226000108,31,2,29
226000109,90,0,90
226000124,92,36,56
226000134,497,333,164
226000135,949,370,579
226000136,391,257,134
226000137,3,108,-105
226000138,20,44,-24
226000139,0,22,-22
226000156,184,0,184
226000157,166,5,161
226000163,12,42,-30
226000202,3,85,-82
226000231,324,6,318
226000232,14,5,9
227000033,359,74,285
227000036,411,43,368
227000037,397,26,371
227000038,198,32,166
227000049,0,41,-41
227000050,2,54,-52
227000055,33,0,33
227000056,20,0,20
227000084,0,82,-82
227000085,0,48,-48
227000088,25,5,20
227000089,101,1,100
227000090,30,2,28
227000091,15,3,12
227000092,4,0,4
227000093,128,0,128
227000094,16,0,16
227000130,24,243,-219
227000131,15,109,-94
227000132,8,109,-101
227000133,19,76,-57
227000134,25,239,-214
227000152,0,10,-10
227000153,0,78,-78
227000154,0,7,-7
227000155,10,15,-5
227000156,0,11,-11
227000165,3,219,-216
227000196,278,79,199
227000199,327,154,173
227000230,6,137,-131
227000232,416,29,387
227000242,46,348,-302
227000243,381,63,318
227000245,19,197,-178
227000246,83,182,-99
227000247,424,66,358
227000248,153,51,102
227000249,27,129,-102
227000250,327,222,105
227000251,79,231,-152
227000252,41,132,-91
227000253,197,13,184
227000262,432,49,383
227000266,932,12,920
227000267,16,540,-524
227000282,1,54,-53
227000284,385,17,368
227000286,0,14,-14
227000287,6,39,-33
227000291,2,164,-162
227000484,139,9,130
227000485,17,419,-402
227000655,65,5,60
227000656,373,16,357
227000657,39,3,36
227000661,192,10,182
227000680,86,48,38
229000265,9,11,-2
229000296,0,4,-4
229000297,0,23,-23
229000298,2,56,-54
229000320,7,5,2
229000321,7,4,3
229000412,9,34,-25
229000414,5,64,-59
229000415,6,3,3
229000416,0,24,-24
229000417,2,0,2
229000419,43,178,-135
229000440,209,57,152
229000442,14,3,11
229000443,1,6,-5
229000444,0,28,-28
229000445,59,3,56
229000446,60,6,54
229000491,2,3,-1
229000492,2,24,-22
229000493,5,38,-33
229000494,24,0,24
229000495,89,3,86
229000496,66,1,65
229000507,0,21,-21
229000508,0,19,-19
229000509,0,38,-38
229000510,1,15,-14
229000511,0,10,-10
229000512,0,13,-13
229000513,0,1,-1
229000514,0,0,0
229000517,2,4,-2
229000518,3,4,-1
229000519,0,2,-2
229000520,4,12,-8
229000521,31,5,26
229000522,5,1,4
229000523,7,0,7
229000524,1,1,0
229000527,0,0,0
229000528,0,0,0
229000529,5,0,5
229000530,33,0,33
229000531,23,0,23
229000532,2,0,2
229000533,34,1,33
229000534,16,0,16
229000564,30,0,30
229000565,21,0,21
229000566,0,4,-4
229000567,0,8,-8
229000582,36,1,35
229000583,1,4,-3
229000584,0,8,-8
229000585,1,29,-28
229000718,0,0,0
229000719,0,1,-1
229000720,0,6,-6
229000721,0,1,-1
229000722,0,6,-6
229000723,0,2,-2
229000724,0,0,0
229000725,0,1,-1
229000738,3,0,3
229000739,0,0,0
229000740,2,0,2
229000741,20,0,20
229000742,2,0,2
229000743,10,0,10
229000744,1,0,1
229000745,1,0,1
229000746,3,0,3
229000847,60,0,60
229000848,14,0,14
229000849,66,0,66
229000851,34,1,33
229000854,0,3,-3
229000856,1,20,-19
229000857,0,9,-9
229000858,0,19,-19
229000919,2,37,-35
229000930,1,122,-121
229000937,60,1,59
229000966,24,24,0
229000981,9,5,4
229000985,11,32,-21
229000986,1,5,-4
229000987,0,0,0
229000988,2,1,1
229000989,13,5,8
229000990,0,0,0
229000991,0,1,-1
229000992,13,6,7
229000993,100,13,87
229000998,3,53,-50
229000999,76,4,72
229001034,0,8,-8
229001035,2,0,2
229001037,38,4,34
229001042,18,6,12
229001047,6,27,-21
229001050,16,9,7
229001168,0,5,-5
229001200,7,5,2
229001338,1,4,-3
229001394,130,1,129
229001422,133,32,101
229001423,26,49,-23
229001431,18,23,-5
229001432,5,36,-31
229001444,134,25,109
229001445,33,70,-37
229001479,6,0,6
229001503,133,42,91
229001504,84,50,34
229001505,101,17,84
229001506,50,48,2
229001509,28,6,22
229001545,75,0,75
229001546,2,27,-25
229001553,33,1,32
229001554,21,31,-10
229001559,3,2,1
229001560,0,24,-24
229001630,47,2,45
229001631,1,12,-11
229001635,0,13,-13
229001636,0,0,0
229001658,0,46,-46
229001659,44,1,43
229001660,3,11,-8
229001661,3,15,-12
229001662,8,0,8
229001663,0,15,-15
229002584,116,104,12
229002831,98,55,43
229002841,8,18,-10
229002842,20,8,12
229002843,30,60,-30
229002844,23,25,-2
229002845,4,60,-56
229002846,9,9,0
229002847,0,9,-9
229002848,6,10,-4
229002849,0,40,-40
229002850,10,0,10
229002851,13,105,-92
229002852,103,9,94
229002853,98,14,84
229002854,22,48,-26
229002855,11,16,-5
229002856,17,18,-1
229002857,10,70,-60
229002858,22,5,17
229002859,15,36,-21
229002860,47,10,37
229002861,14,9,5
229002862,22,20,2
229002863,16,22,-6
229002864,33,30,3
229002865,7,10,-3
229002866,7,20,-13
229002867,0,23,-23
229002868,5,3,2
229002869,11,77,-66
229002870,25,10,15
235000066,189,21,168
235000067,77,56,21
235000072,22,74,-52
235000073,45,200,-155
235000074,15,11,4
235000080,15,49,-34
235000081,103,50,53
235000082,143,12,131
235000083,179,26,153
235000084,54,30,24
235000085,109,36,73
235000089,12,18,-6
235000092,33,61,-28
235000093,11,4,7
235000097,0,13,-13
235000098,42,3,39
235000099,10,9,1
235000116,34,13,21
235000117,282,7,275
235000133,6,306,-300
235000134,14,128,-114
235000206,11,7,4
235000207,1,5,-4
235000208,2,13,-11
235000209,8,8,0
235000210,3,7,-4
235000212,1,11,-10
235000213,0,7,-7
235000220,4,0,4
235000221,39,18,21
235000238,14,94,-80
235000239,1,57,-56
235000242,224,469,-245
235000245,244,121,123
235000246,12,58,-46
235000284,2,129,-127
235000295,50,6,44
235000305,235,30,205
235000306,312,11,301
235000307,19,0,19
235000308,8,0,8
235000309,43,2,41
235000310,17,0,17
235000311,49,14,35
235000322,0,18,-18
235000323,0,16,-16
235000324,0,14,-14
235000325,0,8,-8
235000326,4,45,-41
235000351,10,55,-45
235000352,5,76,-71
235000353,7,34,-27
235000354,9,43,-34
235000355,29,112,-83
235000356,20,4,16
235000357,37,3,34
235000358,20,17,3
235000359,12,2,10
235000360,19,8,11
235000361,35,2,33
235000381,106,69,37
235000382,111,28,83
235000390,6,3,3
235000391,147,7,140
235000392,145,201,-56
235000393,115,77,38
235000395,117,29,88
235000396,491,41,450
235000400,62,45,17
235000401,9,72,-63
235000405,46,86,-40
235000406,21,71,-50
235000407,16,58,-42
235000409,81,51,30
235000410,46,136,-90
235000411,0,22,-22
235000485,0,12,-12
235000486,9,0,9
235000549,70,56,14
235000550,78,57,21
235000599,127,30,97
235000600,6,21,-15
235000601,18,20,-2
235000602,97,50,47
235000614,1,15,-14
235000648,2,7,-5
235000649,36,2,34
235000685,2,2,0
235000815,12,182,-170
235000834,0,5,-5
235000855,24,29,-5
235000862,40,54,-14
235000891,0,11,-11
235000892,10,1,9
235000901,39,18,21
235000907,2,7,-5
235001010,82,27,55
235001029,214,142,72
235001030,293,168,125
235001078,75,69,6
235001079,24,34,-10
235001147,3,36,-33
235001166,8,31,-23
235001167,49,15,34
235001169,30,335,-305
235001188,0,8,-8
235001189,4,9,-5
235001197,4,36,-32
235001200,48,48,0
235001207,185,23,162
235001210,12,53,-41
235001215,23,90,-67
235001239,0,20,-20
235001244,1,14,-13
235016267,0,36,-36
277101746,0,0,0
277102712,0,0,0
277103813,0,0,0
277103814,0,0,0
277103898,0,1,-1
277104249,0,0,0
277104250,0,3,-3
277104251,0,12,-12
277104252,0,0,0
990011530,2,163,-161
990014944,0,149,-149
990015176,42,4,38
990015618,0,91,-91
990016032,0,117,-117
990032570,1,14,-13
990070001,52,1,51
990070103,0,0,0
990070601,1,22,-21
990070751,799,1,798
990070766,0,73,-73
990071180,309,97,212
990071343,6,1,5
990071387,0,8,-8
990071823,258,5,253
990072600,4,1187,-1183
990072964,2,203,-201
990073285,0,2,-2
990074393,1,290,-289
990074870,1168,6,1162
990075106,542,1,541
990075746,475,2,473
990076437,1323,8,1315
990076458,1,206,-205
997000007,256,9,247
997000041,1,135,-134
997000058,68,11,57
997000062,33,7,26
997000069,0,2,-2
997000070,0,4,-4
997000100,44,0,44
997000141,0,397,-397
997000198,56,530,-474
998000475,0,1,-1
998000736,0,64,-64
998000965,0,9,-9
998001031,0,41,-41
998001700,0,14,-14
998001899,0,2,-2
998001900,5,0,5
998003073,663,2,661
998101900,0,0,0
998102850,1,187,-186
998501927,363,1009,-646
998501929,68,3,65
998501930,42,2,40
998501931,126,34,92
998501932,0,0,0
998501933,32,2,30
998501937,17,0,17
998501944,4,1,3
998501950,0,14,-14
998501970,37,4,33
998501971,0,41,-41
998501973,0,15,-15
998501974,0,134,-134
998501975,52,2,50
998501976,179,1,178
998501977,0,5,-5
998501978,8,1,7
998501979,0,3,-3
998501980,97,3,94
998501981,21,0,21
998501982,0,77,-77
998501983,0,8,-8
998502024,0,4,-4
998502032,1,3,-2
998502062,6,0,6
998502063,0,0,0
998502173,25,0,25
998502269,1,2,-1
998502546,0,95,-95
998502578,0,0,0
998502599,12,334,-322
998601159,0,37,-37
998601292,0,5,-5
999033574,0,126,-126
999800001,41,11,30
999800002,0,8,-8
999800003,0,0,0
999800004,0,4,-4
999800005,0,5,-5
