ID,insum,outsum,diff
100000001,531,864,-333
100000002,2821,2467,354
100000003,4576,4223,353
100000004,1065,914,151
100000005,1991,4445,-2454
100000006,565,142,423
100000007,1560,737,823
100000008,246,578,-332
100000009,529,257,272
100000010,112,79,33
100000011,1245,124,1121
100000012,115,1128,-1013
100000013,164,272,-108
100000014,476,371,105
100000015,1738,2227,-489
100000016,1048,1272,-224
100000017,669,760,-91
100000018,1376,641,735
100000019,3494,2056,1438
100000020,1736,5470,-3734
100000021,4609,2138,2471
100000022,1391,2283,-892
100000023,5062,1602,3460
100000025,1326,1193,133
100000028,1400,1136,264
100000029,146,356,-210
100000030,240,59,181
100000031,3896,5738,-1842
100000032,2172,3183,-1011
100000033,810,2134,-1324
100000034,392,588,-196
100000035,1447,1528,-81
100000036,1683,1483,200
100000037,695,466,229
100000038,2145,945,1200
100000039,537,286,251
100000040,171,165,6
100000041,1174,486,688
100000042,1391,618,773
100000043,1440,619,821
100000044,502,1085,-583
100000045,637,1602,-965
100000046,737,733,4
100000047,280,518,-238
100000048,373,613,-240
100000049,1434,1682,-248
100000051,485,912,-427
100000053,272,11,261
100000054,608,51,557
100000055,1469,282,1187
100000056,617,448,169
100000057,1899,669,1230
100000058,898,1053,-155
100000059,14,137,-123
100000060,440,356,84
100000061,2175,533,1642
100000062,2088,579,1509
100000063,860,248,612
100000064,1499,326,1173
100000065,453,759,-306
100000066,183,553,-370
100000067,421,690,-269
100000068,454,1552,-1098
100000069,257,1167,-910
100000072,251,738,-487
100000073,962,958,4
100000075,749,308,441
100000076,1576,2623,-1047
100000077,222,228,-6
100000078,34,33,1
100000079,17,53,-36
100000080,42,70,-28
100000081,140,210,-70
100000102,2299,2298,1
100000103,2396,1695,701
100000104,3903,2819,1084
100000105,2496,1543,953
100000106,1996,2181,-185
100000107,596,999,-403
100000108,585,905,-320
100000109,2228,1185,1043
100000116,1452,1051,401
100000117,119,121,-2
100000118,1512,1527,-15
100000119,544,858,-314
100000121,259,453,-194
100000122,662,929,-267
100000123,2028,3761,-1733
100000124,4352,5987,-1635
100000125,3405,1782,1623
100000126,637,362,275
100000127,1289,337,952
100000128,1449,2453,-1004
100000129,366,424,-58
100000130,444,462,-18
100000131,1986,2310,-324
100000132,1072,2972,-1900
100000133,4029,2016,2013
100000135,597,1157,-560
100000139,463,411,52
100000140,467,350,117
100000142,550,580,-30
100000143,1324,489,835
100000144,2903,784,2119
100000147,1271,2916,-1645
100000150,37,384,-347
100000151,1129,1286,-157
100000153,170,370,-200
100000154,41,185,-144
100000155,25,49,-24
100000156,474,514,-40
100000157,146,159,-13
100000158,329,152,177
100000159,293,590,-297
100000165,1762,838,924
100000169,246,681,-435
100000174,679,576,103
100000179,122,547,-425
100000180,1307,1953,-646
100000181,676,211,465
100000188,81,223,-142
100000189,902,320,582
100000190,928,1222,-294
100000191,653,592,61
100000192,40,116,-76
100000193,326,219,107
100000330,1192,933,259
100000355,227,492,-265
100000362,4171,2777,1394
100000363,3983,4250,-267
100000364,352,306,46
100000365,5770,7670,-1900
100000366,6851,3199,3652
100000367,5721,6929,-1208
100000368,2472,1388,1084
100000369,921,1861,-940
100000370,187,894,-707
100000376,113,173,-60
100000379,1738,1373,365
100000380,3791,3758,33
100000384,4949,4750,199
100000385,3631,4010,-379
100000386,7391,5047,2344
100000387,4559,5357,-798
100000388,6334,5984,350
100000389,6639,6241,398
100000390,7565,6328,1237
100000391,5962,7702,-1740
100000392,4041,4183,-142
100000393,3033,4921,-1888
100000394,8217,8998,-781
100000395,5699,4503,1196
100000396,9305,4541,4764
100000397,6418,7961,-1543
100000398,10738,8254,2484
100000413,23,11,12
100900002,18,39,-21
100900003,302,195,107
100900004,13,600,-587
100900005,115,15,100
100900006,31,96,-65
100900007,367,10,357
100900008,2,365,-363
100900009,89,122,-33
100900010,98,77,21
100900011,100,156,-56
100900012,52,190,-138
100900013,637,20,617
100900014,2,13,-11
100900015,75,65,10
100900016,0,35,-35
100900017,585,61,524
100900018,3,17,-14
100900019,21,105,-84
100900020,221,15,206
100900021,355,2,353
100900022,16,28,-12
100900023,0,27,-27
100900024,667,0,667
100900025,14,16,-2
100900026,138,93,45
100900027,459,1888,-1429
100900028,136,132,4
100900029,43,7,36
100900030,4,77,-73
100900031,467,44,423
100900032,258,0,258
100900033,217,178,39
100900034,463,3,460
100900035,397,3,394
100900036,16,0,16
100900037,101,144,-43
100900038,96,53,43
100900039,232,524,-292
100900040,406,492,-86
100900041,819,710,109
100900042,1211,1439,-228
100900043,0,24,-24
100900044,1496,480,1016
100900045,24,0,24
100900046,869,14,855
100900047,766,206,560
100900048,165,36,129
100900049,68,115,-47
100900050,7,10,-3
100900051,41,93,-52
100900052,230,40,190
100900053,395,17,378
100900054,11,50,-39
100900055,246,572,-326
100900056,148,160,-12
100900057,1102,895,207
100900058,188,31,157
100900059,105,7,98
100900060,208,2,206
100900061,413,179,234
100900062,2,40,-38
100900063,229,563,-334
100900064,570,22,548
100900065,102,105,-3
100900066,168,178,-10
100900067,6,13,-7
100900068,70,57,13
100900069,274,5,269
100900070,301,6,295
100900071,708,191,517
100900072,2,21,-19
100900073,123,287,-164
100900074,6,7,-1
100900075,1291,293,998
100900076,3,16,-13
100900077,30,62,-32
100900078,80,219,-139
100900079,5,29,-24
100900080,39,134,-95
100900081,19,85,-66
100900082,145,425,-280
100900083,14,36,-22
100900085,12,368,-356
100900086,119,399,-280
100900088,117,355,-238
100900089,2,14,-12
100900090,90,356,-266
100900091,1,14,-13
100900092,202,160,42
100900093,223,197,26
100900094,157,345,-188
100900095,4,25,-21
100900096,34,102,-68
100900097,3,3,0
100900098,19,18,1
100900099,47,490,-443
100900100,8,636,-628
100900101,265,31,234
100900102,64,108,-44
100900103,14,32,-18
100900104,11,185,-174
100900105,20,494,-474
100900106,49,5,44
100900107,1465,764,701
100900108,4,50,-46
100900109,26,42,-16
100900110,2,21,-19
100900111,52,188,-136
100900112,2,13,-11
100900113,22,41,-19
100900114,15,17,-2
100900115,6,28,-22
100900116,676,516,160
100900117,272,780,-508
100900118,14,36,-22
100900119,19,11,8
100900120,10,7,3
100900121,282,397,-115
100900122,132,130,2
100900123,72,181,-109
100900124,25,16,9
100900125,13,48,-35
100900126,155,169,-14
100900127,6,6,0
100900128,56,105,-49
100900129,0,198,-198
100900131,88,191,-103
100900133,60,26,34
100900134,2,4,-2
100900135,1,168,-167
100900137,280,124,156
100900138,389,498,-109
100900139,4,5,-1
100900140,9,456,-447
100900141,4,585,-581
100900142,0,15,-15
100900143,589,294,295
100900144,15,5,10
100900145,99,183,-84
100900146,10,56,-46
100900147,9,381,-372
100900148,81,510,-429
100900149,34,222,-188
100900150,10,32,-22
100900151,123,323,-200
100900152,180,5,175
100900153,0,161,-161
100900154,15,69,-54
100900155,16,31,-15
100900156,33,11,22
100900157,13,194,-181
100900159,15,18,-3
100900160,24,5,19
100900161,60,8,52
100900162,29,310,-281
100900163,166,187,-21
100900164,31,46,-15
100900165,12,37,-25
100900166,16,7,9
100900167,11,57,-46
100900168,35,148,-113
100900169,99,748,-649
100900170,40,9,31
100900171,11,427,-416
100900172,0,26,-26
100900173,13,304,-291
100900174,241,38,203
100900176,1858,175,1683
100900177,563,291,272
100900178,187,130,57
100900179,208,333,-125
100900180,8,7,1
100900181,115,88,27
100900182,33,21,12
100900184,6,128,-122
100900186,455,362,93
100900187,16,67,-51
100900188,30,6,24
100900189,967,247,720
100900191,994,948,46
100900192,297,369,-72
100900195,108,93,15
100900197,83,46,37
100900198,29,143,-114
100900199,8,7,1
100900200,517,358,159
100900201,52,419,-367
100900202,109,0,109
100900203,1,238,-237
100900204,117,396,-279
100900205,137,518,-381
100900206,170,69,101
100900207,242,170,72
100900210,56,369,-313
100900211,433,149,284
100900213,96,38,58
100900214,541,126,415
100900215,13,48,-35
100900217,136,118,18
101000001,3236,1914,1322
101000002,4720,4787,-67
101000003,428,1205,-777
101000004,6157,5312,845
101000005,3180,4032,-852
101000006,4787,5658,-871
101000007,2007,3235,-1228
101000008,2734,2334,400
101000009,1619,1302,317
101000010,827,1055,-228
101000011,1346,520,826
101000012,1216,663,553
101000013,638,1067,-429
101000014,453,583,-130
101000015,1195,779,416
101000016,333,376,-43
101000017,551,428,123
101000018,2828,2019,809
101000020,2397,950,1447
101000021,823,413,410
101000022,143,56,87
101000023,1424,688,736
101000025,249,365,-116
101000026,314,31,283
101000027,1780,2523,-743
101000028,734,229,505
101000029,199,1854,-1655
101000030,2158,139,2019
101000031,1138,784,354
101000032,9128,5135,3993
101000033,2377,3290,-913
101000034,2255,1726,529
101000035,755,365,390
101000036,1628,960,668
101000037,2894,1683,1211
101000039,2274,2475,-201
101000040,3015,3754,-739
101000041,8253,7526,727
101000042,491,1101,-610
101000043,6305,6968,-663
101000045,1654,1025,629
101000046,4391,2028,2363
101000047,2623,4189,-1566
101000048,621,638,-17
101000049,806,1875,-1069
101000050,1787,1673,114
101000051,1762,2827,-1065
101000052,1570,985,585
101000053,1214,1415,-201
101000054,2001,1001,1000
101000055,1152,1202,-50
101000056,45,126,-81
101000057,2049,1187,862
101000058,1124,1070,54
101000059,1973,2173,-200
101000060,1664,669,995
101000061,941,1321,-380
101000062,872,756,116
101000063,577,1009,-432
101000064,1201,1157,44
101000065,475,517,-42
101000066,1275,1021,254
101000067,1589,1167,422
101000068,359,502,-143
101000069,333,117,216
101000070,1015,1031,-16
101000071,1553,911,642
101000072,764,2962,-2198
101000073,742,1236,-494
101000074,5739,3858,1881
101000075,4597,5601,-1004
101000077,1593,1179,414
101000078,1082,1879,-797
101000079,759,475,284
101000080,577,589,-12
101000081,1882,1602,280
101000082,3028,3040,-12
101000083,2626,2108,518
101000084,1273,822,451
101000085,1525,1179,346
101000086,1110,1139,-29
101000087,932,1010,-78
101000088,1228,1106,122
101000089,1110,1390,-280
101000090,1858,1221,637
101000091,429,760,-331
101000092,1086,870,216
101000093,1162,727,435
101000094,1030,949,81
101000095,403,497,-94
101000096,340,489,-149
101000097,424,424,0
101000098,374,413,-39
101000099,1149,899,250
101000100,857,783,74
101000101,250,386,-136
101000102,684,499,185
101000103,923,498,425
101000104,385,600,-215
101000105,595,480,115
101000106,627,773,-146
101000107,308,355,-47
101000108,782,289,493
101000109,346,71,275
101000110,36,410,-374
101000111,99,208,-109
101000113,197,501,-304
101000114,9577,7925,1652
101000115,137,152,-15
101000116,143,132,11
101000117,1318,297,1021
101000119,83,62,21
101000120,153,48,105
101000121,109,50,59
101000122,153,116,37
101000123,86,193,-107
101000124,720,267,453
101000125,269,480,-211
101000128,389,352,37
101000130,275,326,-51
101000131,772,438,334
101000132,632,701,-69
101000135,53,44,9
101000136,548,223,325
101000137,44,370,-326
101000141,1315,2764,-1449
101000147,831,393,438
101000148,1032,21,1011
101000149,242,456,-214
101000150,107,571,-464
101000151,207,41,166
101000152,266,233,33
101000153,502,287,215
101000154,254,785,-531
101000155,299,135,164
101000156,20,289,-269
101000157,39,21,18
101000160,83,57,26
101000163,227,297,-70
101000164,357,296,61
101000165,286,354,-68
101000166,236,294,-58
101000168,806,328,478
101000252,1843,960,883
101000254,444,90,354
101000258,35,12,23
101000261,141,44,97
101000262,1012,2123,-1111
101000263,226,1007,-781
101000265,99,760,-661
101000266,352,289,63
101000269,40,17,23
101000290,1188,2313,-1125
101000293,32,73,-41
101000294,715,456,259
101000295,171,413,-242
101000301,638,435,203
101000304,1753,2333,-580
101000305,2604,1302,1302
101000328,109,381,-272
101900001,40,74,-34
101900002,0,11,-11
101900003,68,67,1
101900004,8,74,-66
101900005,2899,2103,796
101900006,1145,51,1094
101900007,825,256,569
101900008,77,327,-250
101900009,35,379,-344
101900010,742,563,179
101900011,186,978,-792
101900012,242,166,76
101900013,784,191,593
101900017,14,139,-125
101900018,1107,217,890
101900019,249,184,65
101900020,51,44,7
101900021,0,50,-50
101900022,100,767,-667
101900023,96,162,-66
101900026,130,29,101
101900027,11,84,-73
102000001,2100,3793,-1693
102000002,2240,1103,1137
102000003,2931,6034,-3103
102000004,5053,2523,2530
102000005,1360,1749,-389
102000006,1135,1680,-545
102000007,1370,3671,-2301
102000008,3272,1509,1763
102000009,5781,7197,-1416
102000010,4759,3176,1583
102000011,2918,2300,618
102000012,2895,2734,161
102000018,2518,2396,122
102000019,1931,1258,673
102000026,205,508,-303
102000029,276,204,72
102000030,137,285,-148
102000031,58,130,-72
102000032,450,272,178
102000033,286,356,-70
102000034,465,341,124
102000035,966,627,339
102000036,14,217,-203
102000037,142,64,78
102000038,181,379,-198
102000039,230,69,161
102000040,485,222,263
102000041,232,375,-143
102000042,208,345,-137
102000043,301,225,76
102000044,358,352,6
102000045,709,712,-3
102000046,996,564,432
102000047,715,968,-253
102000048,301,579,-278
102000049,1033,667,366
102000050,989,1180,-191
102000051,408,634,-226
102000052,1051,688,363
102000053,797,821,-24
102000054,638,838,-200
102000055,1124,534,590
102000056,872,822,50
102000057,1280,515,765
102000058,1010,1200,-190
102000059,1248,1005,243
102000060,1054,908,146
102000061,1456,1554,-98
102000062,1663,1117,546
102000063,955,1176,-221
102000064,644,686,-42
102000065,59,173,-114
102000066,801,771,30
102000067,1785,2498,-713
102000068,7049,2398,4651
102000069,45,1690,-1645
102000070,1474,40,1434
102000071,6603,7884,-1281
102000072,2675,3602,-927
102000073,1086,884,202
102000074,560,818,-258
102000075,144,275,-131
102000076,190,464,-274
102000077,584,674,-90
102000078,810,726,84
102000079,215,220,-5
102000080,188,234,-46
102000081,346,687,-341
102000082,596,305,291
102000083,555,268,287
102000084,281,208,73
102000085,1606,856,750
102000086,1019,850,169
102000087,715,1309,-594
102000088,347,235,112
102000089,1034,309,725
102000090,421,892,-471
102000091,1097,480,617
102000092,362,560,-198
102000093,625,703,-78
102000094,772,512,260
102000095,828,866,-38
102000096,522,617,-95
102000097,557,483,74
102000098,479,471,8
102000099,688,641,47
102000100,514,978,-464
102000101,740,532,208
102000102,213,964,-751
102000103,1055,358,697
102000104,554,295,259
102000105,267,493,-226
102000106,789,578,211
102000107,1354,466,888
102000108,684,179,505
102000109,397,508,-111
102000110,1060,1118,-58
102000111,9,293,-284
102000112,159,104,55
102000113,26,31,-5
102000114,766,375,391
102000115,227,346,-119
102000116,283,391,-108
102000117,180,432,-252
102000118,1042,1070,-28
102000119,1443,647,796
102000120,172,386,-214
102000121,966,410,556
102000122,559,946,-387
102000123,1090,846,244
102000124,1049,1153,-104
102000125,732,748,-16
102000126,629,662,-33
102000127,1049,593,456
102000128,644,834,-190
102000129,1359,662,697
102000130,624,660,-36
102000131,1190,494,696
102000132,421,660,-239
102000133,1873,1514,359
102000134,678,620,58
102000135,635,735,-100
102000136,877,499,378
102000137,809,817,-8
102000138,259,396,-137
102000139,95,427,-332
102000140,287,484,-197
102000141,176,392,-216
102000142,264,341,-77
102000143,154,378,-224
102000144,295,297,-2
102000145,363,392,-29
102000146,386,267,119
102000147,424,337,87
102000148,230,372,-142
102000149,148,306,-158
102000150,366,81,285
102000151,103,241,-138
102000152,214,161,53
102000153,1083,506,577
102000154,260,622,-362
102000155,101,299,-198
102000156,349,123,226
102000157,124,360,-236
102000158,459,456,3
102000159,704,361,343
102000161,2857,1731,1126
102000162,207,139,68
102000163,89,497,-408
102000164,853,903,-50
102000165,280,169,111
102000166,63,134,-71
102000167,322,324,-2
102000168,364,250,114
102000169,115,420,-305
102000170,440,212,228
102000171,159,221,-62
102000172,125,345,-220
102000173,419,252,167
102000174,65,71,-6
102000175,121,117,4
102000176,34,27,7
102000178,237,409,-172
102000179,322,222,100
102000180,854,382,472
102000181,691,509,182
102000182,558,468,90
102000183,1606,1374,232
102000184,1708,693,1015
102000185,2326,1132,1194
102000186,1133,1543,-410
102000187,791,1177,-386
102000188,891,1074,-183
102000189,1791,627,1164
102000190,489,1886,-1397
102000191,934,432,502
102000192,948,1237,-289
102000193,62,115,-53
102000194,52,143,-91
102000195,475,348,127
102000196,195,329,-134
102000197,631,313,318
102000198,190,702,-512
102000199,899,299,600
102000200,302,916,-614
102000201,996,343,653
102000202,4,75,-71
102000203,372,173,199
102000204,389,501,-112
102000205,1022,318,704
102000206,602,489,113
102000207,520,402,118
102000208,376,382,-6
102000209,46,43,3
102000210,331,301,30
102000211,477,255,222
102000212,290,7,283
102000213,7,222,-215
102000214,211,13,198
102000215,8,314,-306
102000216,45,59,-14
102000217,14,101,-87
102000218,268,186,82
102000219,368,237,131
102000225,524,617,-93
102000226,2257,1246,1011
102000227,140,1,139
102000228,1,99,-98
102000229,20,43,-23
102000230,270,322,-52
102000231,208,341,-133
102000232,26,185,-159
102000233,354,611,-257
102000234,131,837,-706
102000236,199,89,110
102000237,456,118,338
102000238,172,219,-47
102000240,473,570,-97
102000241,200,145,55
102000243,20,44,-24
102000245,25,113,-88
102000246,13,36,-23
102000247,740,776,-36
102000248,496,1026,-530
102000249,109,112,-3
102000250,87,293,-206
102000254,105,230,-125
102000266,34,291,-257
102000271,45,25,20
102000286,397,326,71
102000297,1722,759,963
102000299,0,0,0
102000301,0,0,0
102000303,0,1,-1
102000305,0,0,0
102000307,0,2,-2
102900001,1120,674,446
102900002,361,32,329
102900003,47,215,-168
102900005,393,266,127
102900006,566,125,441
102900007,430,28,402
102900008,204,40,164
102900009,485,281,204
102900010,435,747,-312
102900011,1369,261,1108
102900012,362,73,289
102900013,22,65,-43
102900015,506,355,151
102900016,52,113,-61
102900017,181,416,-235
102900018,46,89,-43
102900019,299,331,-32
102900020,144,19,125
102900021,38,70,-32
102900022,589,200,389
102900023,21,49,-28
102900024,57,42,15
102900025,218,121,97
102900026,283,1713,-1430
102900027,72,62,10
102900028,131,707,-576
102900029,189,159,30
102900030,312,288,24
102900031,207,156,51
102900032,81,69,12
102900033,110,157,-47
102900034,476,75,401
102900035,155,243,-88
102900036,265,475,-210
102900037,268,467,-199
102900038,466,407,59
102900039,13,459,-446
102900040,119,233,-114
102900041,74,131,-57
102900042,192,256,-64
102900043,129,228,-99
102900044,477,1550,-1073
102900045,125,491,-366
102900046,131,238,-107
102900047,113,421,-308
102900048,590,409,181
102900049,138,296,-158
102900050,189,194,-5
102900051,251,162,89
102900053,395,531,-136
102900054,447,862,-415
102900055,58,175,-117
102900056,104,348,-244
102900057,9,47,-38
102900058,244,46,198
102900059,22,55,-33
102900060,141,445,-304
102900061,113,366,-253
102900062,193,782,-589
102900063,1096,354,742
102900064,93,275,-182
102900065,1089,329,760
102900066,347,28,319
102900068,91,55,36
102900070,163,464,-301
102900072,5,49,-44
102900073,125,4,121
102900075,23,50,-27
102900076,125,144,-19
102900077,49,35,14
102900078,44,54,-10
102900079,172,9,163
102900080,375,41,334
102900081,76,259,-183
102900082,12,159,-147
102900083,172,15,157
102900084,8,24,-16
102900085,350,99,251
102900086,20,49,-29
102900087,86,85,1
102900088,30,29,1
102900089,192,104,88
102900090,1,248,-247
102900091,142,0,142
102900092,345,584,-239
102900094,6,65,-59
102900095,95,0,95
102900096,60,10,50
102900097,2,66,-64
103000001,2257,2373,-116
103000002,2018,2225,-207
103000003,3129,2483,646
103000004,838,653,185
103000005,1584,2301,-717
103000006,722,1256,-534
103000007,362,671,-309
103000008,916,605,311
103000009,1166,954,212
103000010,128,87,41
103000011,1541,1270,271
103000012,1354,1390,-36
103000013,3355,1765,1590
103000014,1438,2221,-783
103000015,1435,628,807
103000016,469,1160,-691
103000017,220,331,-111
103000018,573,284,289
103000019,314,261,53
103000020,2234,1288,946
103000021,1762,1635,127
103000022,724,902,-178
103000023,576,1527,-951
103000024,102,126,-24
103000025,116,618,-502
103000026,830,102,728
103000027,303,567,-264
103000028,286,333,-47
103000029,211,236,-25
103000030,1294,1042,252
103000031,1150,1610,-460
103000032,2096,1545,551
103000033,2716,2501,215
103000034,1412,1148,264
103000035,417,1414,-997
103000036,396,501,-105
103000037,559,569,-10
103000038,484,935,-451
103000039,396,327,69
103000040,442,711,-269
103000041,1421,1814,-393
103000042,1144,440,704
103000043,505,760,-255
103000044,282,171,111
103000046,335,445,-110
103000047,562,702,-140
103000048,212,179,33
103000049,96,155,-59
103000050,713,375,338
103000051,420,416,4
103000052,837,351,486
103000053,201,649,-448
103000054,2741,1148,1593
103000055,1889,2076,-187
103000056,722,1237,-515
103000057,710,275,435
103000058,568,638,-70
103000059,448,669,-221
103000060,761,477,284
103000061,364,892,-528
103000062,987,473,514
103000063,681,792,-111
103000064,201,148,53
103000065,3,405,-402
103000066,215,19,196
103000069,388,319,69
103000070,900,690,210
103000071,1041,446,595
103000072,100,523,-423
103000073,576,114,462
103000074,569,93,476
103000075,123,594,-471
103000076,291,289,2
103000077,58,325,-267
103000078,905,556,349
103000079,590,732,-142
103000080,917,292,625
103000081,478,1102,-624
103000082,432,190,242
103000083,72,291,-219
103000084,102,6,96
103000085,0,131,-131
103000086,515,382,133
103000087,133,503,-370
103000088,254,274,-20
103000089,276,412,-136
103000090,1751,734,1017
103000091,498,430,68
103000092,226,233,-7
103000093,282,306,-24
103000094,177,76,101
103000095,56,273,-217
103000096,571,105,466
103000097,101,685,-584
103000098,698,170,528
103000099,278,583,-305
103000100,85,576,-491
103000101,802,109,693
103000102,87,474,-387
103000103,688,107,581
103000104,50,100,-50
103000105,150,67,83
103000106,14,118,-104
103000107,167,43,124
103000108,641,555,86
103000109,427,351,76
103000110,468,446,22
103000111,492,568,-76
103000112,268,186,82
103000113,863,703,160
103000114,1497,661,836
103000115,536,496,40
103000116,544,388,156
103000117,398,460,-62
103000118,565,593,-28
103000119,876,474,402
103000120,62,92,-30
103000121,315,954,-639
103000122,554,924,-370
103000125,15,163,-148
103000126,637,3,634
103000127,2,118,-116
103000128,147,4,143
103000129,0,93,-93
103000130,46,33,13
103000131,123,78,45
103000132,69,158,-89
103000133,14,70,-56
103000134,537,751,-214
103000135,467,357,110
103000136,651,432,219
103000137,434,579,-145
103000138,798,758,40
103000139,2,59,-57
103000140,164,28,136
103000141,62,144,-82
103000142,136,71,65
103000143,35,165,-130
103000144,167,73,94
103000145,18,100,-82
103000150,89,37,52
103000152,255,214,41
103000153,269,183,86
103000156,9,252,-243
103000157,407,0,407
103000159,159,46,113
103000162,78,44,34
103000163,15,77,-62
103000164,51,20,31
103000165,70,205,-135
103000166,233,301,-68
103000167,198,119,79
103000168,89,160,-71
103000169,237,376,-139
103000170,754,418,336
103000171,39,85,-46
103000172,483,288,195
103000173,550,384,166
103000174,161,255,-94
103000175,277,250,27
103000176,717,527,190
103000177,499,334,165
103000178,194,267,-73
103000179,201,50,151
103000183,112,15,97
103000185,88,42,46
103000186,117,160,-43
103000187,478,281,197
103000188,11,80,-69
103000189,683,718,-35
103000191,590,518,72
103000292,1129,1328,-199
103000293,753,1878,-1125
103000295,87,102,-15
103000296,199,4,195
103000297,22,35,-13
103000504,0,14,-14
103000505,4,12,-8
103000506,2,177,-175
103000507,172,1,171
103000508,66,56,10
103000509,205,548,-343
103900001,1,151,-150
103900002,886,152,734
103900003,1107,92,1015
103900004,104,1,103
103900005,2,151,-149
103900006,2,1,1
103900007,46,0,46
103900008,12,2,10
103900009,207,504,-297
103900010,130,316,-186
103900011,321,161,160
103900012,8,21,-13
103900013,82,69,13
103900014,57,11,46
103900015,59,9,50
103900016,298,164,134
103900017,32,61,-29
103900018,635,182,453
103900019,68,287,-219
103900020,198,467,-269
103900021,366,52,314
103900022,995,569,426
103900023,170,1,169
103900024,68,352,-284
103900025,13,42,-29
103900026,52,0,52
103900027,775,222,553
103900028,20,252,-232
103900029,989,179,810
103900030,283,127,156
103900031,34,0,34
103900032,86,65,21
103900033,153,16,137
103900034,52,97,-45
103900035,42,34,8
103900036,37,38,-1
103900037,38,54,-16
103900038,100,183,-83
103900039,73,248,-175
103900040,28,150,-122
103900041,65,53,12
103900042,65,288,-223
103900043,142,44,98
103900044,80,190,-110
103900045,272,124,148
103900047,85,20,65
103900048,30,16,14
103900049,217,1089,-872
103900050,9,114,-105
103900051,3,32,-29
103900052,191,364,-173
103900053,231,463,-232
103900054,120,290,-170
103900055,391,136,255
103900056,39,63,-24
103900057,36,156,-120
103900058,236,563,-327
103900059,0,4,-4
103900060,46,154,-108
103900061,162,52,110
103900062,237,70,167
103900063,9,0,9
103900064,115,2,113
103900065,803,375,428
103900066,119,27,92
103900067,159,8,151
103900068,6,0,6
103900069,62,9,53
103900070,140,198,-58
103900071,15,101,-86
103900072,11,132,-121
103900073,30,22,8
103900074,77,55,22
103900075,232,72,160
103900076,502,388,114
103900077,45,92,-47
103900078,227,86,141
103900079,128,173,-45
103900080,6,27,-21
103900081,56,21,35
103900082,10,123,-113
103900083,1088,972,116
103900084,49,103,-54
103900085,82,125,-43
103900086,519,278,241
103900088,267,541,-274
103900089,41,112,-71
103900090,0,101,-101
103900091,1061,218,843
103900092,479,385,94
103900093,104,226,-122
103900094,9,92,-83
103900095,252,254,-2
103900096,19,110,-91
103900097,9,384,-375
103900098,162,90,72
103900099,51,112,-61
103900100,190,293,-103
103900101,53,938,-885
103900102,4,23,-19
103900104,4,23,-19
103900105,86,154,-68
103900106,0,21,-21
103900107,142,131,11
103900108,51,224,-173
103900109,100,76,24
103900110,165,51,114
103900111,93,455,-362
103900112,56,66,-10
103900113,128,231,-103
103900114,368,257,111
103900115,271,172,99
103900116,3977,2408,1569
103900117,146,82,64
103900119,39,55,-16
103900120,72,89,-17
103900122,96,251,-155
103900123,1154,610,544
103900124,60,431,-371
103900125,129,73,56
103900126,472,307,165
103900127,163,292,-129
103900128,149,94,55
103900131,38,115,-77
103900133,830,44,786
103900134,0,6,-6
103900135,5,7,-2
103900137,0,16,-16
103900138,101,203,-102
103900139,218,1705,-1487
103900140,3,107,-104
103900141,237,76,161
103900142,199,127,72
103900143,44,1,43
103900144,1,48,-47
103900145,171,222,-51
103900146,263,158,105
103900147,292,155,137
103900148,184,278,-94
103900149,399,555,-156
103900150,4658,3228,1430
103900151,27,150,-123
103900152,514,337,177
103900153,8,2,6
103900154,633,1506,-873
103900155,48,216,-168
103900156,90,123,-33
103900157,59,121,-62
103900158,85,93,-8
103900159,159,40,119
103900160,57,54,3
103900161,81,125,-44
103900162,88,117,-29
103900163,17,374,-357
103900167,13,93,-80
103900168,69,113,-44
103900169,41,42,-1
103900170,2,60,-58
103900171,5,38,-33
103900172,10,8,2
103900173,7,19,-12
103900174,162,55,107
103900175,42,49,-7
103900176,9,28,-19
103900177,17,77,-60
103900178,48,57,-9
103900179,58,83,-25
103900180,2,37,-35
103900181,37,48,-11
103900182,45,20,25
103900184,342,98,244
103900185,156,334,-178
103900187,17,77,-60
103900188,33,11,22
103900189,110,17,93
103900190,71,72,-1
103900191,38,46,-8
103900192,10,62,-52
103900193,145,141,4
103900194,54,178,-124
103900195,10,128,-118
103900196,37,54,-17
103900197,13,17,-4
103900198,19,25,-6
103900199,104,53,51
103900200,174,92,82
103900201,101,151,-50
103900202,7,42,-35
103900203,40,22,18
103900204,1,63,-62
103900207,0,65,-65
103900208,99,2,97
103900209,10,75,-65
103900210,31,28,3
103900211,482,271,211
103900212,108,291,-183
103900213,60,263,-203
103900214,258,244,14
103900215,394,357,37
103900216,4,345,-341
103900217,486,30,456
103900218,1,260,-259
103900219,160,189,-29
103900233,44,4,40
103900235,30,5,25
103900236,20,3,17
103900242,14,36,-22
103900243,14,4,10
103900244,114,177,-63
103900245,89,139,-50
103900246,71,46,25
103900247,34,76,-42
103900248,27,109,-82
103900249,28,58,-30
103900250,53,27,26
103900251,1,27,-26
103900253,10,105,-95
103900254,4,19,-15
103900255,5,19,-14
103900256,18,45,-27
103900257,107,96,11
103900258,25,12,13
103900259,64,8,56
103900261,7,3,4
103900262,15,4,11
103900263,37,35,2
103900264,65,43,22
103900265,90,34,56
103900266,3,73,-70
103900267,3,79,-76
103900268,20,57,-37
103900269,146,23,123
103900270,68,137,-69
103900271,4,62,-58
103900272,58,50,8
103900273,29,46,-17
103900274,87,5,82
103900275,40,9,31
103900276,8,52,-44
103900277,7,56,-49
103900278,7,33,-26
103900279,1,36,-35
103900280,1,75,-74
104000001,2186,1461,725
104000002,1420,2177,-757
104000003,2030,1705,325
104000004,2369,2332,37
104000005,1482,1444,38
104000006,3229,2176,1053
104000007,3807,3947,-140
104000008,187,276,-89
104000009,180,108,72
104000010,212,241,-29
104000011,354,210,144
104000012,202,283,-81
104000013,251,172,79
104000014,223,512,-289
104000015,320,132,188
104000016,573,350,223
104000018,778,118,660
104000019,669,199,470
104000020,167,464,-297
104000021,249,437,-188
104000022,131,261,-130
104000023,682,314,368
104000024,222,302,-80
104000026,49,358,-309
104000027,209,175,34
104000028,378,241,137
104000029,270,315,-45
104000030,272,229,43
104000031,1134,374,760
104000032,262,223,39
104000033,614,448,166
104000034,350,228,122
104000035,856,367,489
104000036,744,491,253
104000037,291,193,98
104000038,506,231,275
104000039,250,220,30
104000040,239,308,-69
104000041,451,280,171
104000042,216,288,-72
104000043,187,259,-72
104000044,256,471,-215
104000045,924,851,73
104000046,925,1226,-301
104000047,709,883,-174
104000048,984,1262,-278
104000049,415,273,142
104000050,162,485,-323
104000051,85,531,-446
104000052,1314,1415,-101
104000053,640,452,188
104000054,504,340,164
104000055,3554,2003,1551
104000056,1016,166,850
104000057,118,371,-253
104000058,780,694,86
104000059,513,841,-328
104000060,856,1079,-223
104000061,1186,859,327
104000062,408,101,307
104000064,518,339,179
104000065,234,610,-376
104000069,983,1045,-62
104000070,76,396,-320
104000071,114,340,-226
104000072,503,172,331
104000075,51,205,-154
104000076,405,48,357
104000082,2099,2978,-879
104000083,784,198,586
104000084,102,503,-401
104000085,312,354,-42
104000086,161,396,-235
104000087,391,1823,-1432
104000090,743,976,-233
104000092,1133,1704,-571
104000094,759,1142,-383
104000095,1473,1240,233
104000096,1332,186,1146
104000097,1557,711,846
104000098,2117,777,1340
104000100,1416,539,877
104000101,998,1276,-278
104000106,26,477,-451
104000107,537,404,133
104000108,291,421,-130
104000109,291,63,228
104000110,734,931,-197
104000111,2990,1900,1090
104000112,1652,512,1140
104000116,2,829,-827
104000117,158,500,-342
104000118,545,188,357
104000119,514,226,288
104000120,269,539,-270
104000121,128,659,-531
104000122,569,736,-167
104000123,636,918,-282
104000124,743,1552,-809
104000125,2628,3766,-1138
104000126,326,319,7
104000127,1283,2436,-1153
104000128,563,409,154
104000129,363,29,334
104000130,10,275,-265
104000131,489,427,62
104000132,393,455,-62
104000133,1400,806,594
104000134,913,1509,-596
104000135,407,1881,-1474
104000136,729,3703,-2974
104000137,1533,394,1139
104000138,733,268,465
104000139,4671,2662,2009
104000141,952,1088,-136
104000142,544,523,21
104000143,529,434,95
104000144,97,157,-60
104000145,383,224,159
104000146,259,425,-166
104000147,123,182,-59
104000148,335,116,219
104000149,164,195,-31
104000150,925,374,551
104000151,311,347,-36
104000152,457,444,13
104000153,564,541,23
104000154,845,462,383
104000155,511,554,-43
104000157,940,1129,-189
104000158,332,662,-330
104000159,709,500,209
104000160,1563,1558,5
104000161,175,183,-8
104000162,77,138,-61
104000165,845,981,-136
104000167,702,913,-211
104000168,489,10,479
104000169,123,30,93
104000170,438,541,-103
104000248,214,518,-304
104000251,55,183,-128
104000272,0,0,0
104000273,0,0,0
104000274,0,0,0
104000275,0,0,0
104000279,637,344,293
104000290,75,286,-211
104000291,646,967,-321
104000293,660,843,-183
104000294,43,1,42
104000295,489,725,-236
104000296,310,481,-171
104000297,657,1409,-752
104000298,1538,570,968
104000299,630,1310,-680
104900001,181,259,-78
104900002,46,154,-108
104900003,39,232,-193
104900004,87,186,-99
104900005,222,199,23
104900006,280,87,193
104900007,258,206,52
104900009,156,270,-114
104900010,62,56,6
104900011,30,6,24
104900012,279,32,247
104900013,117,23,94
104900014,2074,297,1777
104900015,90,7,83
104900016,187,144,43
104900017,187,163,24
104900018,8,146,-138
104900019,305,2427,-2122
104900020,65,213,-148
104900021,1,129,-128
104900022,9,118,-109
104900023,1,56,-55
104900024,22,84,-62
104900025,42,181,-139
104900026,0,51,-51
104900027,399,263,136
104900028,26,84,-58
104900029,38,48,-10
104900030,475,212,263
104900031,64,176,-112
104900032,37,77,-40
104900033,133,223,-90
104900034,383,155,228
104900035,326,168,158
104900036,233,71,162
104900037,117,192,-75
104900038,337,711,-374
104900039,508,323,185
104900040,439,105,334
104900041,263,141,122
104900042,101,210,-109
104900043,22,150,-128
104900044,591,151,440
104900045,494,69,425
104900046,164,93,71
104900047,309,107,202
104900048,268,69,199
104900049,40,31,9
104900050,224,56,168
104900051,282,43,239
104900052,82,2,80
104900053,429,101,328
104900054,128,30,98
104900055,107,1,106
104900056,151,16,135
104900057,31,2,29
104900058,555,211,344
104900059,266,91,175
104900060,3,296,-293
104900061,196,457,-261
104900063,1,91,-90
104900064,2,59,-57
104900065,2,205,-203
104900066,1,91,-90
104900067,8,253,-245
104900068,19,164,-145
104900070,150,234,-84
104900071,4,395,-391
104900072,42,289,-247
104900073,59,104,-45
104900074,47,221,-174
104900075,50,29,21
104900076,92,235,-143
104900077,545,220,325
104900078,180,407,-227
104900079,89,429,-340
104900080,107,461,-354
104900082,12,392,-380
104900085,1,149,-148
104900087,224,3,221
104900089,206,1,205
104900090,707,715,-8
104900091,486,498,-12
104900093,219,491,-272
104900097,1826,1809,17
104900098,73,34,39
104900099,199,545,-346
104900100,343,186,157
104900102,32,97,-65
104900103,435,60,375
104900104,2454,1869,585
104900106,92,92,0
104900107,121,177,-56
104900108,23,194,-171
104900109,82,158,-76
104900110,8,31,-23
104900111,102,79,23
104900112,220,461,-241
104900113,662,276,386
104900114,290,355,-65
104900115,587,297,290
104900116,219,146,73
104900118,9,49,-40
104900119,1,37,-36
104900120,40,262,-222
104900121,0,78,-78
104900122,3,58,-55
104900123,58,11,47
104900124,49,1,48
104900125,462,11,451
104900126,50,31,19
104900127,28,62,-34
104900128,110,201,-91
104900129,1259,1781,-522
105000001,2442,1318,1124
105000002,2217,1426,791
105000003,2948,2778,170
105000004,576,759,-183
105000005,773,946,-173
105000006,1248,1532,-284
105000007,1191,1397,-206
105000008,1621,2875,-1254
105000009,2351,2743,-392
105000010,2594,1951,643
105000011,3012,2366,646
105000012,3230,2605,625
105000013,884,1016,-132
105000014,1834,2462,-628
105000015,8933,13028,-4095
105000016,2716,1961,755
105000017,1607,790,817
105000018,1100,1303,-203
105000019,967,739,228
105000020,174,369,-195
105000021,231,97,134
105000022,278,117,161
105000023,475,391,84
105000028,117,134,-17
105000029,484,1346,-862
105000030,3851,2462,1389
105000031,4,26,-22
105000033,886,1749,-863
105000034,117,768,-651
105000037,532,197,335
105000038,1632,1679,-47
105000039,1865,1364,501
105000040,833,1026,-193
105000041,405,1012,-607
105000042,2668,1603,1065
105000043,1405,1682,-277
105000044,541,430,111
105000045,290,593,-303
105000046,1162,307,855
105000047,457,1001,-544
105000048,548,220,328
105000049,222,412,-190
105000050,600,344,256
105000051,138,355,-217
105000052,495,830,-335
105000053,99,123,-24
105000054,325,666,-341
105000055,602,370,232
105000056,1225,1538,-313
105000057,1071,657,414
105000058,1177,1002,175
105000059,617,589,28
105000060,442,561,-119
105000061,569,426,143
105000062,667,707,-40
105000063,262,431,-169
105000064,1397,736,661
105000065,386,446,-60
105000066,1030,1085,-55
105000067,1349,734,615
105000068,358,719,-361
105000069,1465,1416,49
105000070,448,781,-333
105000071,231,688,-457
105000072,1056,1942,-886
105000073,830,558,272
105000074,931,648,283
105000075,464,753,-289
105000076,1104,901,203
105000077,2455,1087,1368
105000078,1221,1311,-90
105000079,1395,3146,-1751
105000080,1596,1269,327
105000081,3496,1297,2199
105000082,969,1819,-850
105000083,4358,3642,716
105000084,590,641,-51
105000085,1587,1833,-246
105000086,572,765,-193
105000087,1120,1481,-361
105000088,1282,1393,-111
105000089,2324,1748,576
105000090,902,758,144
105000091,1190,1316,-126
105000092,609,736,-127
105000093,292,240,52
105000094,270,185,85
105000095,131,503,-372
105000096,1119,988,131
105000097,925,873,52
105000098,799,642,157
105000099,788,628,160
105000100,1084,1011,73
105000101,1949,1602,347
105000102,1241,1210,31
105000103,1117,1853,-736
105000104,1826,922,904
105000105,901,1870,-969
105000106,1168,1338,-170
105000107,1361,824,537
105000108,1469,1223,246
105000109,1367,1364,3
105000110,782,470,312
105000111,720,633,87
105000112,1245,537,708
105000113,443,632,-189
105000114,2016,965,1051
105000115,295,1123,-828
105000116,748,500,248
105000117,800,795,5
105000118,495,365,130
105000119,513,668,-155
105000120,854,533,321
105000121,746,822,-76
105000122,436,646,-210
105000123,954,1015,-61
105000124,1729,729,1000
105000125,673,1475,-802
105000126,1983,1445,538
105000127,2166,1665,501
105000128,494,829,-335
105000129,656,270,386
105000130,440,2863,-2423
105000131,665,360,305
105000132,832,605,227
105000133,434,777,-343
105000134,623,618,5
105000135,401,513,-112
105000136,150,292,-142
105000137,471,215,256
105000138,256,319,-63
105000139,1032,813,219
105000140,447,558,-111
105000141,285,424,-139
105000142,282,403,-121
105000143,208,550,-342
105000144,293,747,-454
105000145,672,312,360
105000146,434,806,-372
105000147,638,309,329
105000148,1261,595,666
105000149,2196,1982,214
105000150,1782,1331,451
105000151,352,298,54
105000152,192,437,-245
105000153,478,566,-88
105000154,633,440,193
105000155,309,820,-511
105000156,785,569,216
105000157,732,1210,-478
105000158,1519,655,864
105000159,253,778,-525
105000160,1598,464,1134
105000161,678,727,-49
105000162,540,1324,-784
105000163,978,713,265
105000164,229,208,21
105000165,731,4309,-3578
105000166,3885,822,3063
105000167,1530,1225,305
105000168,431,456,-25
105000169,522,256,266
105000170,222,1042,-820
105000171,921,234,687
105000172,100,24,76
105000173,189,36,153
105000174,70,35,35
105000175,78,110,-32
105000176,343,71,272
105000177,323,158,165
105000178,114,366,-252
105000179,416,101,315
105000180,135,103,32
105000181,132,249,-117
105000182,54,44,10
105000183,1709,1735,-26
105000184,1149,943,206
105000185,1113,1011,102
105000186,404,689,-285
105000187,739,175,564
105000188,237,127,110
105000189,155,435,-280
105000190,270,287,-17
105000191,370,320,50
105000192,358,73,285
105000193,52,132,-80
105000194,480,163,317
105000195,250,673,-423
105000196,98,265,-167
105000197,246,524,-278
105000198,541,308,233
105000199,367,704,-337
105000200,129,193,-64
105000201,113,39,74
105000203,22,177,-155
105000204,92,68,24
105000205,77,192,-115
105000207,405,162,243
105000208,212,550,-338
105000209,245,250,-5
105000211,232,11,221
105000212,1097,943,154
105000213,180,149,31
105000214,141,177,-36
105000215,278,180,98
105000216,126,223,-97
105000217,129,201,-72
105000218,1316,1073,243
105000221,139,138,1
105000222,513,125,388
105000223,222,133,89
105000226,97,196,-99
105000227,91,169,-78
105000228,245,1683,-1438
105000229,130,411,-281
105000231,382,280,102
105000233,844,598,246
105000234,507,1038,-531
105000235,308,495,-187
105000237,632,71,561
105000243,17,25,-8
105000248,53,71,-18
105000262,322,962,-640
105000269,155,179,-24
105000270,365,36,329
105000271,1,155,-154
105000282,59,40,19
105000287,441,65,376
105000288,433,441,-8
105000289,2776,1991,785
105000290,19,8,11
105000402,3042,3405,-363
105000426,520,549,-29
105000438,3829,1649,2180
105000440,31,22,9
105000446,9346,5411,3935
105000447,5830,2510,3320
105000454,406,530,-124
105000455,298,131,167
105000474,41,0,41
105000477,303,501,-198
105000478,1763,4028,-2265
105000479,94,102,-8
105000480,8892,6604,2288
105000481,4854,3109,1745
105000482,4650,7535,-2885
105000483,1568,1901,-333
105000484,2064,3314,-1250
105000485,1524,3110,-1586
105000486,3193,2287,906
105000488,9400,5037,4363
105000489,855,745,110
105000549,92,148,-56
105000550,549,1386,-837
105000551,46,104,-58
105000552,2332,1370,962
105000555,1186,902,284
105000556,62,21,41
105000557,35,148,-113
105900001,9,1286,-1277
105900002,917,589,328
105900003,8,86,-78
105900004,159,106,53
105900005,2,128,-126
105900006,14,116,-102
105900007,58,28,30
105900008,84,448,-364
105900009,16,12,4
105900011,92,20,72
105900012,428,70,358
105900013,1,27,-26
105900014,7,36,-29
105900015,120,266,-146
105900016,325,382,-57
105900017,990,40,950
105900018,192,153,39
105900019,44,208,-164
105900020,25,56,-31
105900021,14,129,-115
105900022,196,135,61
105900023,4,36,-32
105900024,5,132,-127
105900025,150,16,134
105900026,208,20,188
105900027,6223,4589,1634
105900028,436,185,251
105900029,1210,252,958
105900030,168,206,-38
105900031,351,168,183
105900032,80,157,-77
105900033,89,108,-19
105900034,165,167,-2
105900035,134,147,-13
105900036,127,106,21
105900037,106,54,52
105900038,189,219,-30
105900039,130,97,33
105900040,73,88,-15
105900041,199,139,60
105900042,36,153,-117
105900043,979,43,936
105900044,3,161,-158
105900045,9,598,-589
105900046,2,244,-242
105900047,6,33,-27
105900048,87,380,-293
105900050,3770,3249,521
105900051,52,848,-796
105900052,406,204,202
105900053,1876,2014,-138
105900054,293,108,185
105900056,519,318,201
105900057,27,95,-68
105900058,15,18,-3
105900059,0,30,-30
106000001,3858,2286,1572
106000002,2104,4781,-2677
106000003,2575,3357,-782
106000004,1453,2450,-997
106000005,3196,4885,-1689
106000006,5295,3528,1767
106000007,550,526,24
106000008,512,314,198
106000009,549,346,203
106000010,604,522,82
106000011,1138,863,275
106000012,875,1119,-244
106000013,1520,1646,-126
106000014,1703,1412,291
106000015,1563,1068,495
106000016,1051,1696,-645
106000017,549,588,-39
106000018,573,446,127
106000019,349,331,18
106000020,325,288,37
106000021,276,370,-94
106000022,296,238,58
106000023,519,257,262
106000024,557,448,109
106000025,130,174,-44
106000026,99,173,-74
106000027,1216,1159,57
106000028,543,366,177
106000029,677,908,-231
106000030,573,465,108
106000034,203,478,-275
106000035,957,1869,-912
106000036,178,416,-238
106000037,1719,1310,409
106000038,362,163,199
106000039,103,82,21
106000040,115,748,-633
106000041,648,457,191
106000043,586,244,342
106000046,296,60,236
106000047,38,331,-293
106000049,1048,155,893
106000050,376,589,-213
106000051,652,582,70
106000052,108,445,-337
106000053,319,148,171
106000054,341,417,-76
106000055,933,863,70
106000056,252,350,-98
106000057,352,222,130
106000058,104,137,-33
106000059,264,219,45
106000060,259,408,-149
106000061,206,472,-266
106000062,169,416,-247
106000063,635,449,186
106000064,33,272,-239
106000065,344,262,82
106000066,100,237,-137
106000067,443,79,364
106000068,29,499,-470
106000069,198,46,152
106000070,393,670,-277
106000071,940,335,605
106000072,2355,1424,931
106000073,1575,2680,-1105
106000074,575,565,10
106000075,362,1315,-953
106000076,1722,1985,-263
106000077,3009,1245,1764
106000078,967,907,60
106000079,745,787,-42
106000080,1057,606,451
106000081,527,1083,-556
106000082,2094,808,1286
106000083,478,1413,-935
106000084,1240,678,562
106000085,1200,1390,-190
106000086,645,812,-167
106000087,883,518,365
106000088,450,725,-275
106000089,847,327,520
106000090,260,536,-276
106000091,274,453,-179
106000092,560,225,335
106000093,319,126,193
106000094,77,244,-167
106000095,666,672,-6
106000096,738,566,172
106000097,991,659,332
106000098,854,759,95
106000099,200,561,-361
106000100,949,196,753
106000101,660,303,357
106000102,170,509,-339
106000103,259,424,-165
106000104,629,425,204
106000105,398,496,-98
106000106,512,411,101
106000107,167,237,-70
106000108,271,294,-23
106000109,177,245,-68
106000110,233,275,-42
106000111,227,370,-143
106000112,223,492,-269
106000113,562,452,110
106000114,403,469,-66
106000115,298,359,-61
106000116,287,168,119
106000117,931,620,311
106000118,1054,1142,-88
106000119,1141,841,300
106000120,721,968,-247
106000121,186,151,35
106000122,124,151,-27
106000123,487,109,378
106000124,37,140,-103
106000125,30,189,-159
106000126,271,102,169
106000127,786,650,136
106000128,878,175,703
106000129,454,472,-18
106000130,789,277,512
106000131,149,599,-450
106000132,519,164,355
106000133,1409,972,437
106000134,529,1355,-826
106000135,194,513,-319
106000136,628,920,-292
106000137,77,523,-446
106000138,932,102,830
106000139,50,109,-59
106000140,35,36,-1
106000141,98,42,56
106000142,70,59,11
106000143,20,60,-40
106000144,23,58,-35
106000145,197,224,-27
106000146,350,112,238
106000147,359,338,21
106000148,467,572,-105
106000149,544,298,246
106000150,461,1609,-1148
106000151,3048,710,2338
106000152,1006,1520,-514
106000153,114,1401,-1287
106000154,1157,184,973
106000155,89,266,-177
106000156,694,278,416
106000157,526,1273,-747
106000158,1771,845,926
106000159,2228,1436,792
106000160,422,2325,-1903
106000161,1250,296,954
106000162,261,814,-553
106000163,362,272,90
106000164,384,260,124
106000165,205,387,-182
106000166,721,233,488
106000167,460,753,-293
106000168,470,158,312
106000169,211,499,-288
106000170,966,223,743
106000171,241,1087,-846
106000172,2545,1148,1397
106000173,989,2268,-1279
106000174,1095,368,727
106000175,287,683,-396
106000176,1284,758,526
106000177,606,1822,-1216
106000178,2745,1494,1251
106000179,985,1852,-867
106000180,692,971,-279
106000181,650,1403,-753
106000182,1187,567,620
106000183,1143,419,724
106000184,1701,503,1198
106000185,917,868,49
106000186,761,129,632
106000187,192,991,-799
106000188,0,1,-1
106000189,17,45,-28
106000190,40,0,40
106000191,671,168,503
106000192,2,24,-22
106000193,360,177,183
106000194,129,301,-172
106000195,340,98,242
106000196,74,289,-215
106000197,519,185,334
106000198,177,192,-15
106000199,631,553,78
106000200,165,194,-29
106000201,405,2092,-1687
106000202,2632,461,2171
106000203,46,156,-110
106000204,106,4,102
106000205,16,99,-83
106000206,73,25,48
106000207,41,454,-413
106000208,1302,196,1106
106000209,1394,383,1011
106000210,272,817,-545
106000211,289,888,-599
106000212,667,390,277
106000213,566,1598,-1032
106000214,2151,623,1528
106000215,283,411,-128
106000216,403,264,139
106000217,287,392,-105
106000218,484,330,154
106000219,171,247,-76
106000220,334,193,141
106000221,199,243,-44
106000222,60,86,-26
106000223,216,127,89
106000224,179,164,15
106000225,113,157,-44
106000226,148,201,-53
106000228,44,97,-53
106000229,64,591,-527
106000231,921,102,819
106000232,57,364,-307
106000233,491,95,396
106000234,65,170,-105
106000235,317,92,225
106000236,132,50,82
106000237,4,3,1
106000238,53,24,29
106000239,2,90,-88
106000240,40,1,39
106000241,24,563,-539
106000242,310,54,256
106000249,50,93,-43
106000250,52,432,-380
106000251,83,20,63
106000252,34,49,-15
106000253,62,58,4
106000254,48,31,17
106000255,15,139,-124
106000256,60,32,28
106000257,144,143,1
106000258,140,21,119
106000259,2,41,-39
106000260,26,2,24
106000261,3,50,-47
106000262,74,11,63
106000263,8,39,-31
106000264,170,12,158
106000265,11,98,-87
106000266,132,28,104
106000267,4,44,-40
106000268,485,53,432
106000269,64,32,32
106000270,122,446,-324
106000271,72,183,-111
106000272,146,49,97
106000273,11,221,-210
106000274,153,52,101
106000275,102,216,-114
106000276,149,38,111
106000277,123,295,-172
106000278,129,30,99
106000279,15,51,-36
106000280,91,63,28
106000281,95,40,55
106000282,51,54,-3
106000283,105,45,60
106000284,67,82,-15
106000285,123,64,59
106000286,88,110,-22
106000287,91,59,32
106000288,64,148,-84
106000289,96,45,51
106000290,58,100,-42
106000291,86,55,31
106000292,75,96,-21
106000293,134,59,75
106000294,135,84,51
106000295,48,51,-3
106000296,32,100,-68
106000297,66,189,-123
106000298,104,65,39
106000299,80,130,-50
106000300,62,68,-6
106000301,57,101,-44
106000303,27,67,-40
106000304,23,13,10
106000305,37,59,-22
106000306,32,53,-21
106000307,58,42,16
106000308,20,94,-74
106000309,13,36,-23
106000310,332,421,-89
106000311,356,185,171
106000312,102,132,-30
106000313,161,186,-25
106000318,81,388,-307
106000319,963,220,743
106000320,2,88,-86
106000321,276,97,179
106000322,163,126,37
106000324,17,153,-136
106000325,1442,764,678
106000326,941,1449,-508
106000327,170,134,36
106000328,13,104,-91
106000329,89,191,-102
106000330,40,56,-16
106000428,105,171,-66
106000429,155,421,-266
106000430,325,1037,-712
106000431,1967,340,1627
106000432,1784,2563,-779
106000433,2365,1507,858
106000434,2854,1410,1444
106000435,1358,2220,-862
106000436,16,125,-109
106000437,260,40,220
106000438,326,139,187
106000439,61,380,-319
106000440,206,364,-158
106000441,0,0,0
106000442,141,5,136
106000443,190,243,-53
106000450,2,113,-111
106000451,31,65,-34
106000454,3,102,-99
106000455,12,160,-148
106000456,109,33,76
106000457,10,659,-649
106000458,745,91,654
106000459,195,270,-75
106000460,1410,20,1390
106000461,92,841,-749
106000462,1,30,-29
106000463,1,19,-18
106000464,5,306,-301
106000465,770,4,766
106000466,3,434,-431
106000467,273,382,-109
106000468,101,128,-27
106000469,134,0,134
106000470,256,1380,-1124
106000471,18,408,-390
106000472,140,11,129
106000473,41,17,24
106000474,274,382,-108
106000475,272,157,115
106000476,157,221,-64
106000477,35,103,-68
106000480,1,276,-275
106900001,0,10,-10
106900002,4,312,-308
106900003,164,680,-516
106900004,2,9,-7
106900006,0,8,-8
106900007,1,5,-4
106900008,284,148,136
106900009,261,227,34
106900010,233,219,14
106900012,1164,1586,-422
106900013,455,141,314
106900014,20,4,16
106900015,22,2,20
106900016,275,6,269
106900017,5,0,5
106900018,2,0,2
106900019,31,5,26
106900020,1596,1185,411
106900021,136,97,39
106900022,719,0,719
106900023,69,187,-118
106900024,403,52,351
106900025,42,428,-386
106900026,3,394,-391
106900027,714,4,710
107000001,3664,3213,451
107000002,2625,3970,-1345
107000003,5442,5574,-132
107000004,3773,3640,133
107000005,4246,4981,-735
107000006,3455,3421,34
107000007,5524,9552,-4028
107000008,9172,6842,2330
107000009,7116,7921,-805
107000010,8510,7919,591
107000011,1119,1198,-79
107000012,3411,2652,759
107000013,98,98,0
107000014,56,242,-186
107000015,616,715,-99
107000016,708,663,45
107000017,1928,1135,793
107000018,10,696,-686
107000020,1189,1092,97
107000021,1050,476,574
107000022,788,1192,-404
107000023,1795,268,1527
107000024,594,1384,-790
107000025,231,264,-33
107000026,222,455,-233
107000027,1432,897,535
107000028,1288,1084,204
107000029,2988,2431,557
107000030,2455,2438,17
107000031,4068,2269,1799
107000032,452,862,-410
107000033,2494,3662,-1168
107000034,2564,1337,1227
107000035,394,247,147
107000036,365,1031,-666
107000037,79,713,-634
107000038,223,295,-72
107000039,753,739,14
107000040,125,305,-180
107000041,1305,642,663
107000042,744,1797,-1053
107000043,2169,1109,1060
107000044,540,287,253
107000045,95,252,-157
107000046,788,431,357
107000047,452,751,-299
107000048,642,260,382
107000049,655,729,-74
107000050,1207,508,699
107000051,319,358,-39
107000052,1136,891,245
107000053,356,213,143
107000054,82,328,-246
107000055,389,136,253
107000056,597,794,-197
107000057,1449,218,1231
107000058,2130,2370,-240
107000059,1911,2813,-902
107000060,4096,4642,-546
107000061,4243,2901,1342
107000062,4398,2667,1731
107000063,3814,4102,-288
107000064,4046,2182,1864
107000065,3116,3711,-595
107000066,1693,2356,-663
107000067,1179,1215,-36
107000068,1354,732,622
107000069,726,476,250
107000070,1354,19,1335
107000071,3554,58,3496
107000072,47,2265,-2218
107000073,877,331,546
107000074,183,875,-692
107000075,1762,570,1192
107000076,664,1212,-548
107000077,3635,1718,1917
107000078,2484,2732,-248
107000079,2725,1216,1509
107000080,1137,2639,-1502
107000081,1705,527,1178
107000082,544,1390,-846
107000083,1260,420,840
107000084,288,1498,-1210
107000085,2763,2875,-112
107000086,3337,3215,122
107000087,2762,1841,921
107000088,2997,3357,-360
107000089,1569,1590,-21
107000090,1022,1010,12
107000091,1413,712,701
107000092,765,1005,-240
107000093,1154,750,404
107000094,938,1072,-134
107000095,685,659,26
107000096,553,630,-77
107000097,618,348,270
107000098,557,484,73
107000099,329,248,81
107000100,250,230,20
107000101,77,136,-59
107000102,258,269,-11
107000103,296,142,154
107000104,170,250,-80
107000105,353,110,243
107000106,206,218,-12
107000107,635,144,491
107000108,123,486,-363
107000109,569,182,387
107000110,62,482,-420
107000111,336,56,280
107000112,53,289,-236
107000113,612,109,503
107000114,109,435,-326
107000115,489,116,373
107000116,119,628,-509
107000117,192,519,-327
107000118,153,147,6
107000119,1279,1272,7
107000120,1010,439,571
107000121,962,612,350
107000122,1122,805,317
107000123,533,598,-65
107000124,537,699,-162
107000125,1062,591,471
107000126,920,603,317
107000129,229,577,-348
107000130,646,205,441
107000131,414,521,-107
107000132,552,373,179
107000133,749,88,661
107000134,344,5,339
107000135,4,286,-282
107000136,776,17,759
107000137,17,440,-423
107000138,324,31,293
107000139,23,461,-438
107000140,1247,93,1154
107000141,146,672,-526
107000142,513,125,388
107000143,97,570,-473
107000144,523,463,60
107000145,177,459,-282
107000146,211,295,-84
107000147,4267,1175,3092
107000150,517,2266,-1749
107000151,37,116,-79
107000152,412,1304,-892
107000153,167,332,-165
107000154,202,270,-68
107000155,797,23,774
107000156,1050,20,1030
107000157,67,1140,-1073
107000158,600,18,582
107000159,37,735,-698
107000160,1132,128,1004
107000161,73,1013,-940
107000162,266,406,-140
107000163,291,4,287
107000164,724,2,722
107000165,940,9,931
107000166,52,912,-860
107000167,567,248,319
107000168,1013,455,558
107000169,636,750,-114
107000170,2015,704,1311
107000171,576,1404,-828
107000172,1017,1424,-407
107000173,578,730,-152
107000174,1059,4646,-3587
107000175,5294,1490,3804
107000176,3,1,2
107000177,5,3,2
107000178,11,22,-11
107000179,268,1849,-1581
107000180,1334,284,1050
107000181,404,1010,-606
107000182,1921,896,1025
107000183,136,677,-541
107000184,1094,626,468
107000185,405,1139,-734
107000186,1138,387,751
107000187,1179,1192,-13
107000188,659,606,53
107000189,481,964,-483
107000190,547,602,-55
107000191,823,1155,-332
107000192,1533,550,983
107000193,316,438,-122
107000194,1084,627,457
107000197,910,262,648
107000198,328,631,-303
107000199,615,565,50
107000200,506,574,-68
107000201,423,297,126
107000202,311,478,-167
107000203,864,828,36
107000204,985,1187,-202
107000205,1764,894,870
107000206,822,1286,-464
107000207,644,902,-258
107000208,865,537,328
107000209,1631,1293,338
107000210,642,384,258
107000211,1,30,-29
107000212,17,285,-268
107000213,4,25,-21
107000214,29,125,-96
107000215,307,296,11
107000216,377,321,56
107000217,125,100,25
107000219,89,172,-83
107000220,156,176,-20
107000222,254,577,-323
107000224,415,109,306
107000225,242,401,-159
107000226,360,106,254
107000227,113,237,-124
107000228,79,269,-190
107000229,152,106,46
107000230,1106,455,651
107000231,1363,1771,-408
107000232,145,37,108
107000233,1158,799,359
107000234,3,42,-39
107000235,62,14,48
107000236,14,387,-373
107000237,24,0,24
107000238,59,1,58
107000239,2514,438,2076
107000240,110,715,-605
107000243,0,25,-25
107000244,4,48,-44
107000246,5,901,-896
107000249,2,1118,-1116
107000251,1,438,-437
107000252,2,801,-799
107000255,282,97,185
107000257,3,329,-326
107000258,1,111,-110
107000259,2,135,-133
107000260,713,4,709
107000262,9,423,-414
107000263,261,3,258
107000266,5,8,-3
107000267,60,100,-40
107000268,146,132,14
107000269,539,99,440
107000270,2,15,-13
107000271,17,507,-490
107000272,18,134,-116
107000273,6,246,-240
107000274,1182,345,837
107000275,41,1149,-1108
107000280,804,25,779
107000281,29,638,-609
107000282,60,696,-636
107000290,5,28,-23
107000291,22,6,16
107000292,0,73,-73
107000293,52,2,50
107000294,0,40,-40
107000295,33,4,29
107000296,0,12,-12
107000444,312,4,308
107000496,4,7,-3
107000497,1300,1760,-460
107000500,276,294,-18
107000501,129,140,-11
107000502,175,247,-72
107000505,303,686,-383
107000506,1,34,-33
107000508,12,436,-424
107000509,292,717,-425
107000510,36,24,12
107000514,54,418,-364
107000515,9,172,-163
107000516,300,256,44
107000518,1026,1292,-266
107000519,1387,825,562
107000520,96,37,59
107000521,572,328,244
107000522,881,463,418
107900001,63,161,-98
107900002,68,7,61
107900003,365,20,345
107900004,6,0,6
107900005,1237,5,1232
107900006,109,3,106
107900007,212,43,169
107900008,46,15,31
107900009,123,9,114
107900010,38,1,37
107900012,225,39,186
107900013,186,18,168
107900014,40,6,34
107900015,871,15,856
107900016,429,60,369
107900017,14,0,14
107900018,49,136,-87
107900019,21,41,-20
107900020,58,13,45
107900021,72,91,-19
107900023,2,0,2
107900024,0,21,-21
107900025,205,185,20
107900026,73,53,20
107900027,25,49,-24
107900028,107,64,43
107900030,176,33,143
107900031,63,74,-11
107900032,35,3,32
107900033,31,10,21
107900034,326,10,316
107900035,728,38,690
107900036,90,18,72
107900037,0,31,-31
107900038,121,180,-59
107900039,51,30,21
107900040,23,137,-114
107900041,6,1,5
107900043,51,75,-24
107900044,8,10,-2
107900045,88,49,39
107900046,126,118,8
107900047,31,53,-22
107900048,180,11,169
107900049,369,687,-318
107900050,125,248,-123
107900051,103,47,56
107900052,72,53,19
107900053,41,66,-25
107900055,480,195,285
107900056,120,53,67
107900057,1,0,1
107900058,38,415,-377
107900060,15,30,-15
107900061,19,6,13
107900063,101,126,-25
107900064,279,103,176
107900065,144,6,138
107900066,23,5,18
107900067,0,0,0
107900068,89,501,-412
107900069,36,1807,-1771
107900070,95,29,66
107900071,20,507,-487
107900072,78,125,-47
107900073,159,78,81
107900074,636,306,330
107900076,133,45,88
107900077,84,3,81
107900079,13,14,-1
107900080,186,684,-498
107900081,55,69,-14
107900082,20,10,10
107900083,290,206,84
107900084,89,138,-49
107900086,68,123,-55
107900087,447,165,282
107900088,31,8,23
107900089,195,757,-562
107900090,425,1763,-1338
107900091,180,285,-105
107900093,86,51,35
107900095,2673,1921,752
107900097,19,73,-54
107900098,51,131,-80
107900100,774,1106,-332
107900101,741,160,581
107900102,32,8,24
107900103,31,122,-91
107900104,179,9,170
107900105,2,291,-289
107900106,1,969,-968
107900107,932,524,408
107900108,256,122,134
107900109,1414,14,1400
107900110,46,61,-15
107900111,5,643,-638
107900112,130,311,-181
107900113,247,86,161
107900114,171,119,52
107900115,0,26,-26
107900116,129,100,29
107900117,328,252,76
107900118,85,131,-46
107900119,98,199,-101
107900120,43,44,-1
107900121,5,122,-117
107900122,3,82,-79
107900123,2,21,-19
107900124,13,65,-52
107900125,45,183,-138
107900126,4,52,-48
107900127,394,344,50
107900128,80,79,1
107900129,49,18,31
107900130,74,26,48
107900131,532,264,268
107900132,119,249,-130
107900133,1,90,-89
107900134,51,118,-67
107900135,10,155,-145
107900136,35,40,-5
107900137,135,115,20
107900138,52,37,15
107900139,33,33,0
107900141,31,22,9
107900142,56,547,-491
107900143,49,20,29
107900144,3,162,-159
107900145,21,88,-67
107900146,36,91,-55
107900147,49,37,12
107900148,130,94,36
107900149,649,142,507
107900150,79,501,-422
107900151,43,109,-66
107900152,8,113,-105
107900153,108,285,-177
107900154,54,24,30
107900155,89,52,37
107900156,1,233,-232
107900157,50,41,9
107900158,813,16,797
107900159,21,595,-574
107900160,145,212,-67
107900161,35,119,-84
107900162,2,42,-40
107900163,32,43,-11
107900164,9,39,-30
107900165,29,78,-49
107900166,24,148,-124
107900167,13,35,-22
107900168,31,27,4
107900169,3,136,-133
107900171,4,807,-803
107900172,3,257,-254
107900173,15,109,-94
107900174,134,4,130
107900175,28,51,-23
107900176,28,24,4
107900177,0,66,-66
107900178,0,119,-119
107900179,20,92,-72
107900180,462,490,-28
107900181,267,202,65
107900182,5,724,-719
107900183,58,179,-121
107900184,110,200,-90
107900185,165,4,161
107900186,23,51,-28
107900187,1,108,-107
107900188,584,143,441
107900189,13,90,-77
107900190,49,129,-80
107900191,57,77,-20
107900193,3,41,-38
107900194,164,18,146
107900195,1819,337,1482
107900196,116,105,11
107900197,640,375,265
107900199,1,734,-733
107900201,83,68,15
107900203,38,58,-20
107900204,223,166,57
107900206,707,276,431
107900207,0,415,-415
107900208,11,449,-438
107900209,340,141,199
107900210,81,94,-13
107900213,454,408,46
107900214,9,93,-84
107900215,146,269,-123
107900216,178,60,118
107900217,41,74,-33
107900218,6,1135,-1129
107900219,20,79,-59
107900220,223,242,-19
107900221,126,158,-32
107900223,85,447,-362
107900224,124,328,-204
107900225,3,472,-469
107900226,100,86,14
107900227,91,337,-246
107900228,12,70,-58
107900229,1,151,-150
107900230,15,72,-57
107900231,12,169,-157
107900232,68,103,-35
107900233,6,69,-63
107900234,68,61,7
107900235,18,100,-82
107900236,86,53,33
107900237,49,330,-281
107900238,30,84,-54
107900239,620,452,168
107900240,27,86,-59
107900241,9,51,-42
107900242,36,151,-115
107900243,2,62,-60
107900244,278,2,276
107900245,660,40,620
107900246,246,8,238
107900248,260,250,10
107900249,620,19,601
107900250,5,375,-370
107900251,70,1076,-1006
107900252,820,17,803
107900253,131,2,129
107900254,43,157,-114
107900255,213,64,149
107900256,601,702,-101
107900257,141,83,58
107900258,104,169,-65
107900259,83,1867,-1784
107900261,1,230,-229
107900262,37,93,-56
107900264,239,6,233
107900265,126,127,-1
107900267,275,21,254
107900268,38,15,23
107900269,0,6,-6
107900270,0,0,0
107900271,2,16,-14
107900272,101,18,83
107900273,52,58,-6
107900274,101,0,101
107900275,32,0,32
107900276,0,68,-68
107900277,0,206,-206
107900278,313,303,10
107900279,92,159,-67
107900280,1624,1611,13
107900281,945,2412,-1467
107900282,42,382,-340
107900283,729,520,209
107900284,453,463,-10
107900285,91,69,22
107900286,149,83,66
107900287,159,156,3
107900290,0,107,-107
107900291,452,36,416
107900292,101,128,-27
107900293,84,365,-281
107900295,55,28,27
107900297,7,234,-227
107900298,693,669,24
107900299,2351,2199,152
107900301,473,697,-224
107900302,56,24,32
107900303,145,259,-114
107900304,312,312,0
107900305,319,11,308
107900306,15,29,-14
107900307,42,238,-196
107900308,154,106,48
107900309,99,0,99
107900310,382,4,378
107900311,7,417,-410
107900312,43,0,43
107900313,2,159,-157
107900314,1,56,-55
107900315,3,44,-41
107900316,35,2,33
107900317,72,21,51
107900318,16,82,-66
107900319,6,99,-93
107900320,1,98,-97
107900321,139,6,133
107900322,0,97,-97
107900323,11,110,-99
107900324,169,0,169
107900325,122,0,122
107900326,305,215,90
107900327,0,60,-60
107900328,96,1,95
107900329,71,119,-48
107900330,6,205,-199
107900331,286,28,258
107900332,247,33,214
107900333,60,20,40
107900334,8,101,-93
107900335,63,47,16
107900336,43,71,-28
107900337,826,847,-21
107900338,7,186,-179
107900339,2,21,-19
107900340,0,53,-53
107900341,73,5,68
107900342,149,133,16
107900343,39,1,38
107900344,13,58,-45
107900345,106,14,92
107900346,15,1,14
107900347,18,4,14
107900348,2,7,-5
107900349,22,6,16
107900350,28,168,-140
107900351,6,110,-104
107900352,2,15,-13
107900353,14,10,4
107900354,16,72,-56
108000001,2897,3560,-663
108000002,2047,2183,-136
108000003,3420,3500,-80
108000004,10740,12898,-2158
108000005,8040,6749,1291
108000006,8029,7024,1005
108000007,5086,4405,681
108000008,4040,5570,-1530
108000009,3775,5019,-1244
108000010,3786,4090,-304
108000011,11342,12052,-710
108000012,15003,13750,1253
108000014,1139,739,400
108000015,862,289,573
108000016,284,727,-443
108000017,1107,367,740
108000018,1786,564,1222
108000019,1859,837,1022
108000020,1407,509,898
108000021,364,1593,-1229
108000022,419,1197,-778
108000023,1242,216,1026
108000024,414,480,-66
108000025,291,256,35
108000026,910,460,450
108000027,829,559,270
108000028,983,234,749
108000029,561,789,-228
108000030,605,213,392
108000031,257,614,-357
108000032,1636,559,1077
108000033,715,869,-154
108000034,1633,426,1207
108000035,598,1789,-1191
108000036,340,858,-518
108000037,1625,376,1249
108000038,2617,591,2026
108000039,542,1563,-1021
108000040,1806,954,852
108000041,605,1944,-1339
108000042,245,233,12
108000043,225,244,-19
108000044,514,217,297
108000045,316,422,-106
108000046,1382,278,1104
108000047,390,811,-421
108000048,221,314,-93
108000049,793,269,524
108000050,159,490,-331
108000051,331,127,204
108000052,233,548,-315
108000053,384,217,167
108000054,421,780,-359
108000055,916,469,447
108000056,1112,1234,-122
108000057,561,1112,-551
108000058,1805,3465,-1660
108000059,2937,1699,1238
108000060,223,591,-368
108000061,335,441,-106
108000062,778,548,230
108000063,569,478,91
108000064,188,233,-45
108000065,516,399,117
108000066,1320,618,702
108000067,1662,629,1033
108000068,724,385,339
108000069,235,826,-591
108000070,1822,778,1044
108000071,635,1243,-608
108000072,1742,1094,648
108000073,1186,1536,-350
108000074,625,399,226
108000075,361,759,-398
108000076,795,635,160
108000077,543,616,-73
108000078,2065,1221,844
108000079,709,1265,-556
108000080,1184,486,698
108000081,553,1243,-690
108000082,862,1638,-776
108000083,1794,957,837
108000084,410,1024,-614
108000085,735,503,232
108000086,835,630,205
108000087,172,1906,-1734
108000088,700,174,526
108000089,267,323,-56
108000091,233,384,-151
108000092,165,87,78
108000093,176,416,-240
108000094,505,81,424
108000095,144,266,-122
108000096,310,189,121
108000097,160,273,-113
108000098,1616,1230,386
108000099,1087,308,779
108000100,127,397,-270
108000101,1244,1425,-181
108000102,1667,3441,-1774
108000106,835,3,832
108000107,2,721,-719
108000108,1004,35,969
108000109,10,769,-759
108000110,184,278,-94
108000111,175,449,-274
108000112,70,164,-94
108000113,437,228,209
108000115,288,235,53
108000117,602,364,238
108000118,494,1717,-1223
108000119,566,252,314
108000120,139,675,-536
108000121,204,358,-154
108000122,463,303,160
108000123,629,242,387
108000124,297,509,-212
108000125,416,203,213
108000126,179,335,-156
108000127,612,240,372
108000128,576,400,176
108000129,390,831,-441
108000130,502,184,318
108000131,1015,600,415
108000132,1822,1195,627
108000133,763,544,219
108000134,483,423,60
108000135,1032,363,669
108000136,285,658,-373
108000137,505,231,274
108000138,395,788,-393
108000139,557,300,257
108000140,121,23,98
108000141,46,65,-19
108000142,71,82,-11
108000143,27,329,-302
108000144,414,59,355
108000145,53,20,33
108000146,659,82,577
108000147,57,27,30
108000148,536,81,455
108000149,36,17,19
108000150,38,19,19
108000151,359,122,237
108000152,97,450,-353
108000153,440,139,301
108000154,63,13,50
108000155,31,20,11
108000156,826,391,435
108000157,162,942,-780
108000158,143,788,-645
108000159,470,228,242
108000160,2345,1016,1329
108000161,2004,2150,-146
108000165,5,115,-110
108000172,9,304,-295
108000173,1519,1860,-341
108000175,571,150,421
108000178,344,245,99
108000179,172,780,-608
108000181,67,39,28
108000182,267,66,201
108000183,73,624,-551
108000184,801,1955,-1154
108000185,229,384,-155
108000186,407,334,73
108000187,110,464,-354
108000188,595,172,423
108000189,1783,7497,-5714
108000190,79,148,-69
108000192,184,478,-294
108000193,766,33,733
108000194,36,16,20
108000195,2,875,-873
108000196,157,213,-56
108000198,730,298,432
108000199,0,258,-258
108000200,391,331,60
108000203,117,478,-361
108000204,185,73,112
108000205,237,370,-133
108000339,1088,400,688
108000364,257,624,-367
108000365,51,264,-213
108000367,200,271,-71
108000368,7,49,-42
108000369,857,257,600
108000371,14,513,-499
108000372,762,20,742
108000373,257,135,122
108000376,90,44,46
108000377,438,207,231
108000378,8758,9561,-803
108000379,12,189,-177
108000381,53,22,31
108000382,187,15,172
108000383,2,219,-217
108900001,79,1006,-927
108900002,168,65,103
108900003,264,538,-274
108900004,1342,517,825
108900007,287,191,96
108900008,134,168,-34
108900009,98,137,-39
108900010,249,191,58
108900011,570,373,197
108900012,356,365,-9
108900013,145,238,-93
108900014,12,118,-106
108900015,0,112,-112
108900016,4,250,-246
108900017,276,435,-159
108900018,118,284,-166
108900019,37,485,-448
108900020,46,171,-125
108900021,114,156,-42
108900022,122,7,115
108900023,7,30,-23
108900024,22,89,-67
108900025,136,106,30
108900026,18,121,-103
108900027,0,51,-51
108900028,118,233,-115
108900029,53,258,-205
108900030,0,76,-76
108900031,151,306,-155
108900032,10,148,-138
108900033,0,105,-105
108900034,0,191,-191
108900035,328,1094,-766
108900038,0,231,-231
108900039,1,368,-367
108900040,6,74,-68
108900041,4230,2973,1257
108900042,5,333,-328
108900043,70,368,-298
108900044,5,303,-298
108900045,58,403,-345
108900046,47,535,-488
108900047,0,120,-120
108900048,129,718,-589
108900049,2375,1174,1201
108900050,0,194,-194
108900051,0,117,-117
108900052,42,152,-110
108900053,80,140,-60
108900054,59,155,-96
108900055,40,275,-235
108900056,1,114,-113
108900057,2,119,-117
108900058,33,237,-204
108900059,409,26,383
108900060,73,94,-21
108900061,80,28,52
108900062,5,178,-173
108900063,17,228,-211
108900064,189,57,132
108900065,19,132,-113
108900066,355,101,254
108900067,12,143,-131
108900068,8,127,-119
108900069,81,48,33
108900070,27,76,-49
108900071,77,43,34
108900072,1643,590,1053
108900073,38,213,-175
108900074,201,260,-59
108900075,47,51,-4
108900076,281,63,218
108900077,186,360,-174
108900078,37,139,-102
108900079,616,177,439
108900080,17,785,-768
108900081,39,196,-157
108900082,78,108,-30
108900083,22,264,-242
108900085,1854,158,1696
108900086,136,188,-52
108900087,110,165,-55
108900088,799,427,372
108900089,11,124,-113
108900090,61,202,-141
108900091,128,78,50
108900092,504,335,169
108900093,76,71,5
108900094,248,85,163
108900095,31,271,-240
108900096,262,14,248
108900097,304,166,138
108900098,1859,637,1222
108900099,390,184,206
108900100,92,109,-17
108900101,188,184,4
108900102,84,874,-790
108900103,93,168,-75
108900105,4,1123,-1119
108900106,406,216,190
108900108,375,51,324
108900109,327,88,239
108900110,203,336,-133
108900111,591,428,163
108900113,39,55,-16
108900114,51,18,33
108900115,65,77,-12
108900116,70,21,49
108900117,171,10,161
108900118,559,20,539
108900119,260,18,242
108900120,271,164,107
108900121,282,155,127
108900122,144,17,127
108900123,125,140,-15
108900124,403,181,222
108900125,382,3,379
108900126,113,31,82
108900127,138,16,122
108900128,109,31,78
108900129,707,156,551
108900130,286,1,285
108900131,338,7,331
108900132,513,56,457
108900133,214,74,140
108900134,359,168,191
108900135,102,14,88
108900136,38,1,37
108900137,147,0,147
108900138,718,40,678
108900140,311,204,107
108900141,349,21,328
108900142,163,3,160
108900143,74,0,74
108900144,108,0,108
108900145,211,14,197
108900146,72,0,72
108900147,260,0,260
108900148,79,24,55
108900150,277,6,271
108900151,242,17,225
108900152,276,6,270
108900153,175,268,-93
108900154,4136,614,3522
108900156,83,4,79
108900157,58,317,-259
108900158,454,122,332
108900159,7,172,-165
108900160,11,228,-217
108900161,8,321,-313
108900162,111,1,110
108900163,4,235,-231
108900164,70,99,-29
108900168,6029,2346,3683
108900169,66,132,-66
108900171,4189,2569,1620
108900172,168,55,113
108900173,154,313,-159
108900174,856,628,228
108900176,140,341,-201
108900177,3878,4450,-572
108900178,2824,3038,-214
108900180,95,261,-166
108900183,169,180,-11
108900184,419,169,250
108900185,117,247,-130
108900186,43,279,-236
108900189,347,119,228
108900190,42,2147,-2105
108900192,89,200,-111
108900195,123,202,-79
108900196,55,264,-209
108900199,219,281,-62
108900200,617,384,233
108900201,447,1201,-754
108900203,484,169,315
108900204,320,21,299
108900205,152,42,110
108900206,365,63,302
108900207,180,90,90
108900208,26,266,-240
108900209,232,517,-285
108900210,168,159,9
108900211,177,470,-293
108900212,570,1319,-749
108900215,70,335,-265
108900216,478,183,295
108900217,108,1,107
108900218,113,15,98
108900221,64,190,-126
108900224,26,138,-112
108900225,0,173,-173
108900227,91,327,-236
108900230,194,185,9
108900232,1,164,-163
108900233,337,116,221
108900234,272,147,125
108900235,198,450,-252
108900236,51,207,-156
108900240,145,92,53
108900241,44,36,8
108900245,3,1296,-1293
108900250,239,115,124
108900258,24,188,-164
108900259,82,64,18
108900260,10,78,-68
108900261,95,114,-19
108900262,93,99,-6
108900263,38,111,-73
108900264,653,273,380
108900265,720,361,359
108900266,687,612,75
108900267,11,89,-78
108900268,26,3,23
108900269,87,19,68
108900270,70,11,59
108900271,42,9,33
108900272,206,6,200
108900273,888,869,19
108900274,74,65,9
109000001,2718,1424,1294
109000002,1476,1713,-237
109000003,2457,422,2035
109000004,483,1928,-1445
109000005,2388,595,1793
109000006,716,1828,-1112
109000007,1360,606,754
109000008,401,1560,-1159
109000009,3630,1407,2223
109000010,1394,2974,-1580
109000011,2940,2069,871
109000012,1761,2653,-892
109000013,3292,2692,600
109000014,1529,2538,-1009
109000015,3521,6573,-3052
109000016,5221,3278,1943
109000017,2258,1133,1125
109000018,785,2419,-1634
109000019,2568,1442,1126
109000020,982,1737,-755
109000023,257,32,225
109000024,9,172,-163
109000025,307,392,-85
109000026,610,268,342
109000027,80,285,-205
109000028,103,74,29
109000029,95,162,-67
109000030,95,522,-427
109000031,211,188,23
109000032,106,436,-330
109000033,325,224,101
109000034,74,48,26
109000035,14,70,-56
109000036,68,289,-221
109000037,217,1090,-873
109000038,443,322,121
109000039,756,572,184
109000040,3301,7298,-3997
109000041,2262,1650,612
109000042,515,1009,-494
109000044,397,61,336
109000045,132,303,-171
109000046,332,83,249
109000047,72,445,-373
109000048,714,265,449
109000049,304,584,-280
109000050,308,289,19
109000051,259,231,28
109000052,572,723,-151
109000053,194,49,145
109000054,96,312,-216
109000055,159,226,-67
109000056,299,257,42
109000057,566,441,125
109000058,856,222,634
109000059,871,1637,-766
109000060,391,407,-16
109000061,801,910,-109
109000062,98,377,-279
109000063,203,136,67
109000064,190,151,39
109000065,167,118,49
109000066,352,78,274
109000067,58,229,-171
109000068,3152,27,3125
109000069,1077,52,1025
109000070,6,1521,-1515
109000071,422,57,365
109000072,76,255,-179
109000073,48,89,-41
109000074,49,155,-106
109000075,85,320,-235
109000076,145,254,-109
109000077,369,250,119
109000078,132,172,-40
109000079,148,163,-15
109000080,191,90,101
109000081,118,421,-303
109000082,696,225,471
109000083,294,541,-247
109000088,93,386,-293
109000089,294,44,250
109000090,155,278,-123
109000091,286,218,68
109000092,299,392,-93
109000093,191,242,-51
109000094,535,2,533
109000095,98,322,-224
109000096,569,286,283
109000097,82,132,-50
109000098,49,163,-114
109000099,1210,283,927
109000100,306,567,-261
109000101,1438,555,883
109000102,306,645,-339
109000103,337,603,-266
109000104,1708,508,1200
109000105,376,836,-460
109000106,1843,771,1072
109000107,528,1435,-907
109000108,1576,530,1046
109000109,432,1300,-868
109000110,1061,502,559
109000111,750,1503,-753
109000112,400,119,281
109000113,284,127,157
109000114,129,321,-192
109000115,1070,110,960
109000116,15,213,-198
109000117,227,70,157
109000118,9,213,-204
109000119,1174,263,911
109000120,171,578,-407
109000121,468,35,433
109000122,128,457,-329
109000123,41,50,-9
109000124,512,373,139
109000125,733,243,490
109000126,455,601,-146
109000127,736,177,559
109000128,435,1026,-591
109000129,1853,668,1185
109000130,467,1289,-822
109000131,823,555,268
109000132,619,1478,-859
109000133,346,762,-416
109000134,707,1129,-422
109000135,1077,1510,-433
109000136,267,268,-1
109000137,312,310,2
109000138,469,242,227
109000139,487,390,97
109000140,146,270,-124
109000141,448,389,59
109000142,147,422,-275
109000143,102,93,9
109000145,148,351,-203
109000146,114,87,27
109000148,2490,1078,1412
109000149,18,65,-47
109000150,160,330,-170
109000155,726,600,126
109000156,906,508,398
109000158,102,197,-95
109000159,83,353,-270
109000160,930,178,752
109000161,259,804,-545
109000162,1676,596,1080
109000163,969,1351,-382
109000164,1202,2212,-1010
109000165,1147,464,683
109000166,671,93,578
109000167,127,450,-323
109000170,40,30,10
109000171,53,38,15
109000172,36,65,-29
109000173,50,71,-21
109000174,102,39,63
109000175,39,74,-35
109000176,243,179,64
109000177,29,88,-59
109000178,589,240,349
109000179,3467,4227,-760
109000180,3800,2968,832
109000181,13,22,-9
109000182,37,27,10
109000183,34,18,16
109000184,31,18,13
109000185,16,22,-6
109000188,377,1356,-979
109000189,1794,668,1126
109000190,609,398,211
109000191,335,363,-28
109000192,364,151,213
109000193,175,226,-51
109000194,254,88,166
109000195,125,241,-116
109000196,309,130,179
109000197,146,296,-150
109000198,346,46,300
109000199,145,368,-223
109000206,207,34,173
109000207,127,19,108
109000208,73,61,12
109000209,183,138,45
109000210,189,422,-233
109000211,517,328,189
109000214,451,300,151
109000215,141,58,83
109000216,227,245,-18
109000217,160,112,48
109000218,245,147,98
109000221,492,817,-325
109000222,904,304,600
109000223,281,282,-1
109000224,40,119,-79
109000225,75,27,48
109000226,52,186,-134
109000227,898,779,119
109000228,7,1539,-1532
109000231,2,236,-234
109000232,361,241,120
109000236,227,651,-424
109000241,2054,1763,291
109000242,1808,1243,565
109000293,31,102,-71
109000361,135,197,-62
109000364,179,389,-210
109000396,3,393,-390
109000397,524,10,514
109000399,110,333,-223
109000400,77,177,-100
109000403,124,837,-713
109000406,370,7,363
109000407,228,168,60
109000408,1,368,-367
109000410,880,204,676
109000411,216,27,189
109900001,101,1,100
109900002,701,17,684
109900003,289,2,287
109900004,816,83,733
109900005,37,6,31
109900006,368,134,234
109900007,793,451,342
109900008,0,39,-39
109900009,114,421,-307
109900010,545,21,524
109900011,85,45,40
109900012,217,168,49
109900013,310,157,153
109900014,432,39,393
109900015,441,206,235
109900016,144,24,120
109900017,204,287,-83
109900018,202,55,147
109900019,330,37,293
109900020,37,68,-31
109900021,41,23,18
109900022,174,126,48
109900023,19,10,9
109900024,43,11,32
109900025,13,45,-32
109900026,4,118,-114
109900027,49,107,-58
109900028,1027,921,106
109900029,1,169,-168
109900030,62,12,50
109900031,0,108,-108
109900032,13,244,-231
109900033,3,430,-427
109900034,49,2,47
109900035,10,14,-4
109900036,5,54,-49
109900037,32,401,-369
109900038,98,171,-73
109900039,18,1,17
109900040,23,413,-390
109900041,35,247,-212
109900042,25,388,-363
109900044,80,199,-119
109900045,349,159,190
109900046,90,93,-3
109900047,284,296,-12
109900048,2,99,-97
109900049,16,42,-26
109900050,0,90,-90
109900051,0,45,-45
109900052,66,241,-175
109900053,2,208,-206
109900054,572,220,352
109900055,65,230,-165
109900056,16,243,-227
109900057,5,123,-118
109900058,0,64,-64
109900059,548,93,455
109900060,361,97,264
109900061,60,243,-183
109900062,0,114,-114
109900063,12,427,-415
109900064,463,189,274
109900065,74,132,-58
109900066,335,696,-361
109900067,0,190,-190
109900068,54,8,46
109900069,5,43,-38
109900070,37,241,-204
109900071,6,34,-28
109900072,13,110,-97
109900073,273,314,-41
109900074,24,28,-4
109900075,24,17,7
109900076,15,301,-286
109900077,45,48,-3
109900078,80,163,-83
109900080,121,226,-105
109900081,41,280,-239
109900082,32,256,-224
109900083,23,63,-40
109900084,96,118,-22
109900085,186,479,-293
109900086,128,289,-161
109900087,309,395,-86
109900089,696,294,402
109900090,428,747,-319
109900091,262,91,171
109900092,371,19,352
109900093,903,127,776
109900094,104,128,-24
109900095,75,166,-91
109900096,32,4,28
109900097,85,3,82
109900098,395,23,372
109900099,174,0,174
109900100,51,0,51
109900101,402,10,392
109900102,466,17,449
109900103,35,26,9
109900104,549,523,26
109900105,486,34,452
109900106,258,71,187
109900107,522,79,443
109900108,111,218,-107
109900109,27,110,-83
109900110,52,224,-172
109900111,247,551,-304
109900112,260,360,-100
109900113,719,446,273
109900114,836,897,-61
109900115,172,60,112
109900117,865,116,749
109900118,191,324,-133
109900119,586,287,299
109900120,54,45,9
109900121,376,476,-100
109900122,399,7,392
109900123,28,118,-90
109900124,34,318,-284
109900125,1,96,-95
109900126,208,66,142
109900128,280,42,238
109900130,4450,1802,2648
109900131,26,93,-67
109900132,31,91,-60
109900133,115,196,-81
109900134,84,72,12
109900135,276,67,209
109900136,52,127,-75
109900137,120,214,-94
109900140,191,120,71
109900142,1082,221,861
109900145,4,565,-561
109900146,500,42,458
109900148,58,63,-5
109900149,40,80,-40
109900150,13,109,-96
109900151,12,55,-43
109900152,2,40,-38
109900153,0,58,-58
109900154,71,0,71
109900155,93,26,67
109900157,68,130,-62
109900158,41,122,-81
109900159,165,34,131
109900160,190,49,141
109900161,213,61,152
109900162,190,138,52
109900163,520,221,299
109900164,78,184,-106
109900165,233,8,225
109900166,3,111,-108
109900167,152,298,-146
109900168,108,485,-377
109900169,234,154,80
109900170,142,676,-534
109900171,121,94,27
109900172,151,204,-53
109900173,1945,2085,-140
109900174,48,82,-34
109900175,57,66,-9
109900176,117,170,-53
109900177,34,160,-126
109900178,19,143,-124
109900179,72,13,59
109900180,7,18,-11
110000001,961,486,475
110000002,576,723,-147
110000003,808,626,182
110000004,442,735,-293
110000005,457,1353,-896
110000006,299,320,-21
110000007,85,86,-1
110000008,17,51,-34
110000009,35,26,9
110000010,36,65,-29
110000011,54,46,8
110000012,438,338,100
110000013,32,511,-479
110000014,538,407,131
110000015,258,538,-280
110000016,210,1385,-1175
110000017,2345,199,2146
110000018,1910,350,1560
110000019,8,100,-92
110000020,410,228,182
110000021,408,418,-10
110000022,566,146,420
110000023,5,169,-164
110000024,536,293,243
110000025,372,4,368
110000026,7,260,-253
110000027,889,857,32
110000028,698,550,148
110000029,519,542,-23
110000030,275,324,-49
110000031,248,405,-157
110000032,654,367,287
110000033,351,94,257
110000034,352,547,-195
110000035,769,430,339
110000036,680,526,154
110000037,224,409,-185
110000038,189,543,-354
110000039,689,2315,-1626
110000040,284,303,-19
110000041,245,1129,-884
110000042,96,380,-284
110000043,681,277,404
110000044,83,375,-292
110000045,564,146,418
110000046,11,43,-32
110000047,80,62,18
110000048,14,43,-29
110000049,70,11,59
110000050,18,18,0
110000051,45,12,33
110000052,44,43,1
110000053,53,5,48
110000054,122,312,-190
110000055,413,64,349
110000056,222,79,143
110000057,363,478,-115
110000058,915,436,479
110000059,937,474,463
110000060,777,885,-108
110000061,740,735,5
110000062,568,840,-272
110000063,32,94,-62
110000064,62,60,2
110000065,47,38,9
110000066,75,38,37
110000067,77,155,-78
110000068,387,137,250
110000069,240,91,149
110000071,170,85,85
110000073,12,17,-5
110000075,7,79,-72
110000076,240,263,-23
110000077,366,665,-299
110000078,41,23,18
110000080,257,578,-321
110000081,47,207,-160
110000082,55,275,-220
110000083,213,577,-364
110000084,1157,747,410
110000085,1517,1581,-64
110000086,1168,2077,-909
110000087,22,53,-31
110000088,67,179,-112
110000089,279,89,190
110000090,218,187,31
110000091,773,213,560
110000092,20,47,-27
110000093,95,11,84
110000094,479,177,302
110000095,192,503,-311
110000096,1701,1749,-48
110000097,1065,1169,-104
110000098,1856,569,1287
110000099,730,1487,-757
110000100,853,312,541
110000101,36,247,-211
110000102,102,33,69
110000104,299,118,181
110000105,67,290,-223
110000106,532,366,166
110000107,263,395,-132
110000108,129,67,62
110000109,242,212,30
110000110,2386,4295,-1909
110000111,4236,2309,1927
110000112,1046,1217,-171
110000113,324,1980,-1656
110000114,161,546,-385
110000115,309,301,8
110000116,48,42,6
110000117,187,205,-18
110000118,403,167,236
110000119,219,238,-19
110000120,392,146,246
110000121,80,319,-239
110000122,356,438,-82
110000123,522,645,-123
110000124,1,713,-712
110000125,959,10,949
110000126,287,52,235
110000127,1050,70,980
110000128,35,874,-839
110000129,4,478,-474
110000130,318,217,101
110000131,80,344,-264
110000132,0,476,-476
110000133,35,435,-400
110000134,21,258,-237
110000135,169,39,130
110000136,54,215,-161
110000137,475,507,-32
110000138,674,510,164
110000139,741,830,-89
110000140,963,608,355
110000143,633,343,290
110000144,4917,1896,3021
110000145,1746,1153,593
110000146,1276,661,615
110000147,354,559,-205
110000148,483,239,244
110000151,811,863,-52
110000152,783,379,404
110000153,68,21,47
110000154,13,23,-10
110000155,1170,4073,-2903
110000156,944,2553,-1609
110000157,1414,2123,-709
110000160,405,244,161
110000161,165,198,-33
110000166,449,94,355
110000167,744,444,300
110000168,1003,480,523
110000169,841,312,529
110000170,111,58,53
110000171,553,133,420
110000172,146,633,-487
110000173,839,851,-12
110000174,116,701,-585
110000175,564,49,515
110000176,231,247,-16
110000177,218,731,-513
110000178,396,1211,-815
110000179,947,327,620
110000180,225,231,-6
110000181,368,424,-56
110000182,258,135,123
110000183,6395,5798,597
110000184,300,1865,-1565
110000185,742,625,117
110000186,729,666,63
110000191,949,281,668
110000192,652,8,644
110000193,1206,15,1191
110000194,9,809,-800
110000195,443,230,213
110000196,428,292,136
110000197,102,109,-7
110000198,97,55,42
110000199,66,111,-45
110000200,1011,429,582
110000201,709,971,-262
110000202,1200,633,567
110000203,563,585,-22
110000204,3,200,-197
110000205,158,62,96
110000206,557,996,-439
110000207,985,323,662
110000208,213,190,23
110000209,137,631,-494
110000210,982,371,611
110000211,805,523,282
110000212,359,864,-505
110000213,146,55,91
110000214,279,76,203
110000215,156,251,-95
110000216,103,190,-87
110000217,235,146,89
110000218,182,225,-43
110000219,293,93,200
110000220,59,190,-131
110000221,272,71,201
110000222,67,165,-98
110000223,5,171,-166
110000224,37,10,27
110000225,222,601,-379
110000226,223,62,161
110000227,624,686,-62
110000228,273,159,114
110000229,0,197,-197
110000230,467,516,-49
110000231,150,194,-44
110000232,257,205,52
110000233,219,244,-25
110000234,625,778,-153
110000235,897,1026,-129
110000236,609,537,72
110000237,1879,1071,808
110000238,1023,1363,-340
110000239,1875,1138,737
110000240,1,47,-46
110000242,0,6,-6
110000243,118,124,-6
110000244,140,291,-151
110000245,56,302,-246
110000246,620,441,179
110000247,923,3819,-2896
110000248,1579,1293,286
110000249,77,7,70
110000250,38,145,-107
110000251,330,413,-83
110000252,187,194,-7
110000253,1186,521,665
110000254,538,969,-431
110000255,158,718,-560
110000256,433,220,213
110000257,682,435,247
110000258,9,300,-291
110000259,122,10,112
110000260,16,183,-167
110000263,435,82,353
110000264,299,384,-85
110000265,890,1556,-666
110000266,1783,2711,-928
110000267,12,154,-142
110000268,299,386,-87
110000269,2,40,-38
110000270,88,4,84
110000271,1072,215,857
110000272,971,928,43
110000273,3035,1549,1486
110000274,155,1232,-1077
110000275,1414,464,950
110000276,249,286,-37
110000277,249,251,-2
110000278,252,561,-309
110000279,728,605,123
110000280,430,371,59
110000281,60,383,-323
110000282,278,32,246
110000283,75,123,-48
110000284,50,56,-6
110000285,5,576,-571
110000286,25,2,23
110000287,63,5,58
110000288,5,87,-82
110000289,438,1761,-1323
110000290,724,498,226
110000291,3390,1131,2259
110000292,1171,3538,-2367
110000293,497,578,-81
110000294,916,913,3
110000295,130,699,-569
110000296,390,270,120
110000297,2089,306,1783
110000298,171,445,-274
110000299,226,68,158
110000301,240,21,219
110000302,374,638,-264
110000303,348,8,340
110000304,186,191,-5
110000305,945,20,925
110000306,151,808,-657
110000307,1386,5,1381
110000308,499,6,493
110000309,5,556,-551
110000310,685,43,642
110000311,15,526,-511
110000312,386,94,292
110000313,2019,2761,-742
110000314,1,230,-229
110000315,2873,2651,222
110000316,487,1319,-832
110000317,316,400,-84
110000318,5,68,-63
110000319,29,26,3
110000320,55,27,28
110000321,12,26,-14
110000322,253,228,25
110000323,318,144,174
110000324,2694,1648,1046
110000325,2383,2501,-118
110000327,419,266,153
110000328,159,320,-161
110000333,715,539,176
110000334,805,1214,-409
110000335,733,436,297
110000336,541,846,-305
110000337,1119,483,636
110000338,462,213,249
110000339,287,182,105
110000340,79,143,-64
110000341,376,439,-63
110000342,426,3,423
110000343,0,19,-19
110000344,357,180,177
110000345,386,121,265
110000346,2248,1924,324
110000347,970,557,413
110000348,13,17,-4
110000349,15,6,9
110000350,61,6,55
110000351,864,669,195
110000352,678,1386,-708
110000353,2109,680,1429
110000354,1010,2526,-1516
110000355,85,56,29
110000356,683,4,679
110000357,312,19,293
110000361,14,39,-25
110000362,54,9,45
110000363,364,139,225
110000364,183,259,-76
110000365,113,2,111
110000366,0,80,-80
110000367,312,153,159
110000368,9,49,-40
110000369,65,1,64
110000373,5,237,-232
110000374,81,17,64
110000375,126,843,-717
110000376,43,100,-57
110000377,81,408,-327
110000378,9,296,-287
110000379,2120,1577,543
110000380,82,11,71
110000383,1,1075,-1074
110000384,1678,1011,667
110000385,1,152,-151
110000387,49,17,32
110000388,40,183,-143
110000389,812,4,808
110000391,690,226,464
110000396,170,117,53
110000397,197,130,67
110000398,11,28,-17
110000399,148,2,146
110000587,130,50,80
110000589,223,133,90
110000640,197,61,136
110000652,8,169,-161
110000653,318,346,-28
110000654,192,451,-259
110000656,1,522,-521
110000674,25,19,6
110000675,14,8,6
110000676,11,32,-21
110000679,371,1238,-867
110000682,127,196,-69
110000683,282,366,-84
110000684,1,32,-31
110000685,6,5,1
110000686,4,21,-17
110000687,27,6,21
110000688,53,862,-809
110000689,31,26,5
110000692,56,86,-30
110000693,78,195,-117
110000694,0,151,-151
110000695,183,488,-305
110000696,75,65,10
110900001,251,31,220
110900002,359,124,235
110900003,732,382,350
110900004,432,92,340
110900005,1861,1936,-75
110900006,34,11,23
110900007,119,26,93
110900008,11,46,-35
110900009,430,102,328
110900010,14,71,-57
110900011,21,79,-58
110900012,10,73,-63
110900013,935,117,818
110900014,280,16,264
110900015,357,631,-274
110900016,59,117,-58
110900017,393,35,358
110900018,399,47,352
110900019,161,16,145
110900020,64,224,-160
110900021,83,399,-316
110900022,81,217,-136
110900023,95,347,-252
110900024,26,307,-281
110900025,1,49,-48
110900027,23,131,-108
110900028,31,119,-88
110900029,15,235,-220
110900030,21,203,-182
110900031,1,96,-95
110900032,1,76,-75
110900033,38,127,-89
110900035,22,503,-481
110900036,62,13,49
110900037,57,17,40
110900038,691,213,478
110900039,14,222,-208
110900040,205,27,178
110900041,19,97,-78
110900042,108,68,40
110900043,1,118,-117
110900044,213,23,190
110900045,61,285,-224
110900046,27,184,-157
110900047,373,194,179
110900049,89,71,18
110900050,28,6,22
110900051,44,170,-126
110900052,1,133,-132
110900053,100,27,73
110900054,61,178,-117
110900055,24,2,22
110900056,47,84,-37
110900057,9,92,-83
110900058,177,111,66
110900059,599,413,186
110900060,527,132,395
110900061,24,49,-25
110900062,136,183,-47
110900063,52,164,-112
110900064,16,0,16
110900065,274,142,132
110900066,5,70,-65
110900067,247,519,-272
110900068,227,172,55
110900069,3,11,-8
110900070,102,74,28
110900071,264,438,-174
110900073,0,15,-15
110900074,285,68,217
110900075,356,49,307
110900077,760,514,246
110900078,42,41,1
110900079,1988,1326,662
110900080,113,63,50
110900081,3,31,-28
110900082,148,80,68
110900083,128,51,77
110900084,37,79,-42
110900085,58,245,-187
110900086,73,344,-271
110900087,319,60,259
110900088,3,0,3
110900090,43,32,11
110900091,0,52,-52
110900093,194,96,98
110900095,56,50,6
110900097,6,10,-4
110900098,14,71,-57
110900099,65,272,-207
110900100,0,32,-32
110900102,40,14,26
110900105,476,198,278
110900108,4,54,-50
110900111,431,204,227
110900112,863,4,859
110900113,487,47,440
110900115,8,60,-52
110900116,587,1277,-690
110900118,98,2707,-2609
110900119,2545,322,2223
110900120,10,57,-47
110900121,165,0,165
110900122,419,158,261
110900125,458,363,95
110900127,627,1328,-701
110900128,326,436,-110
110900129,391,827,-436
110900130,891,718,173
110900131,180,39,141
110900132,289,53,236
110900133,75,126,-51
110900135,39,206,-167
110900136,313,21,292
110900139,4,0,4
110900140,0,0,0
110900141,289,155,134
110900142,33,125,-92
110900143,152,80,72
110900144,4,516,-512
110900145,192,34,158
110900146,273,167,106
110900147,106,277,-171
110900148,2,287,-285
110900149,3,43,-40
110900150,59,28,31
110900151,4,39,-35
110900152,38,163,-125
110900153,164,45,119
111000001,537,506,31
111000002,795,580,215
111000003,979,629,350
111000004,433,822,-389
111000005,1132,1121,11
111000006,829,1431,-602
111000007,3632,2372,1260
111000008,1771,2658,-887
111000009,344,690,-346
111000010,788,240,548
111000011,382,1156,-774
111000012,734,384,350
111000013,401,1049,-648
111000014,1136,460,676
111000017,162,921,-759
111000018,285,413,-128
111000020,682,2197,-1515
111000021,87,90,-3
111000023,104,83,21
111000025,3294,3403,-109
111000029,88,113,-25
111000030,45,123,-78
111000031,1941,1047,894
111000032,484,314,170
111000033,233,368,-135
111000034,156,180,-24
111000037,1247,779,468
111000038,3113,2210,903
111000039,2109,1999,110
111000040,1855,2061,-206
111000041,1583,1526,57
111000042,2593,2012,581
111000043,1700,2836,-1136
111000044,1650,1167,483
111000045,2181,2652,-471
111000046,1598,1844,-246
111000047,2153,3344,-1191
111000049,496,482,14
111000050,1253,1175,78
111000051,432,862,-430
111000052,482,1389,-907
111000053,383,828,-445
111000054,369,696,-327
111000055,992,1255,-263
111000056,153,353,-200
111000057,99,402,-303
111000058,430,67,363
111000059,430,341,89
111000060,3341,1061,2280
111000061,562,378,184
111000062,811,378,433
111000063,1515,890,625
111000064,614,490,124
111000065,1097,843,254
111000066,463,399,64
111000067,473,597,-124
111000068,625,903,-278
111000069,1647,1709,-62
111000070,1110,861,249
111000071,239,501,-262
111000072,1065,481,584
111000073,302,792,-490
111000074,1503,1454,49
111000075,1027,555,472
111000076,482,465,17
111000077,1659,1676,-17
111000078,2716,1418,1298
111000079,1317,675,642
111000080,481,619,-138
111000081,1428,3266,-1838
111000082,641,578,63
111000084,808,462,346
111000085,830,1030,-200
111000086,2120,1022,1098
111000087,694,609,85
111000088,3763,1881,1882
111000089,760,733,27
111000090,922,1338,-416
111000091,770,404,366
111000092,1287,703,584
111000093,597,1009,-412
111000094,1651,894,757
111000095,620,2100,-1480
111000096,1599,6614,-5015
111000097,3960,1636,2324
111000098,804,986,-182
111000099,717,1421,-704
111000100,359,1169,-810
111000101,454,808,-354
111000102,245,405,-160
111000104,457,156,301
111000107,84,536,-452
111000109,388,187,201
111000110,1241,530,711
111000111,2016,433,1583
111000112,1727,546,1181
111000113,927,1417,-490
111000114,2181,3265,-1084
111000115,4700,1147,3553
111000116,914,695,219
111000117,380,707,-327
111000118,1147,676,471
111000119,949,845,104
111000120,481,556,-75
111000121,296,602,-306
111000122,495,918,-423
111000123,963,2059,-1096
111000124,433,1887,-1454
111000125,216,1063,-847
111000126,87,694,-607
111000127,910,149,761
111000128,1743,267,1476
111000129,2467,500,1967
111000130,1810,589,1221
111000131,1559,549,1010
111000132,1398,776,622
111000133,254,131,123
111000134,202,93,109
111000135,52,180,-128
111000136,355,295,60
111000138,20,4,16
111000140,2,9,-7
111000141,230,388,-158
111000142,26,122,-96
111000143,8,177,-169
111000144,45,593,-548
111000145,1618,22,1596
111000146,99,24,75
111000147,449,53,396
111000148,188,63,125
111000149,7,28,-21
111000150,32,10,22
111000151,3,25,-22
111000153,590,780,-190
111000154,759,273,486
111000155,100,160,-60
111000156,486,594,-108
111000157,277,1026,-749
111000158,871,612,259
111000159,2179,709,1470
111000160,490,350,140
111000161,23,296,-273
111000162,148,155,-7
111000163,714,767,-53
111000164,547,3115,-2568
111000165,966,414,552
111000166,1916,383,1533
111000167,186,352,-166
111000168,244,388,-144
111000169,315,566,-251
111000170,428,378,50
111000171,585,600,-15
111000172,187,353,-166
111000173,305,702,-397
111000174,174,239,-65
111000175,46,203,-157
111000176,341,126,215
111000177,297,192,105
111000178,1222,276,946
111000179,219,146,73
111000180,228,439,-211
111000181,982,170,812
111000182,226,215,11
111000183,300,297,3
111000184,311,210,101
111000185,344,379,-35
111000186,320,232,88
111000187,136,143,-7
111000188,247,328,-81
111000189,898,579,319
111000190,180,271,-91
111000191,146,243,-97
111000192,196,401,-205
111000193,292,228,64
111000194,57,268,-211
111000195,160,303,-143
111000196,93,175,-82
111000197,409,108,301
111000198,600,143,457
111000199,239,116,123
111000200,372,264,108
111000201,589,221,368
111000202,292,148,144
111000203,363,237,126
111000204,394,1027,-633
111000213,220,441,-221
111000214,1348,1203,145
111000215,1011,1077,-66
111000217,1417,891,526
111000218,1308,1043,265
111000219,482,197,285
111000220,1123,555,568
111000221,679,71,608
111000224,59,300,-241
111000225,429,372,57
111000226,99,2,97
111000227,29,9,20
111000228,18,298,-280
111000229,66,723,-657
111000230,236,278,-42
111000231,1027,527,500
111000232,466,757,-291
111000233,863,549,314
111000234,104,375,-271
111000239,93,126,-33
111000240,48,171,-123
111000241,34,236,-202
111000242,173,39,134
111000243,76,379,-303
111000244,395,71,324
111000245,973,348,625
111000246,533,308,225
111000247,329,641,-312
111000248,680,381,299
111000249,452,515,-63
111000250,66,61,5
111000251,60,75,-15
111000253,15,18,-3
111000255,27,4,23
111000257,50,24,26
111000260,60,856,-796
111000261,1280,86,1194
111000271,60,283,-223
111000273,2555,1212,1343
111000274,1246,1857,-611
111000275,136,51,85
111000276,263,1391,-1128
111000277,168,314,-146
111000278,614,242,372
111000291,653,5136,-4483
111000298,466,216,250
111000299,637,145,492
111000300,84,514,-430
111000302,260,57,203
111000303,56,205,-149
111000312,53,51,2
111000315,3,132,-129
111000320,234,576,-342
111000321,346,129,217
111000322,351,379,-28
111000323,271,24,247
111000324,354,207,147
111000325,52,61,-9
111000326,192,271,-79
111000327,404,392,12
111000328,226,466,-240
111000329,2,25,-23
111000330,68,11,57
111000331,22,10,12
111000332,493,1245,-752
111000334,313,1074,-761
111000335,961,285,676
111000337,1200,367,833
111000338,79,106,-27
111000339,547,252,295
111000340,185,430,-245
111000341,1125,654,471
111000342,313,1163,-850
111000344,935,707,228
111000345,297,103,194
111000346,24,123,-99
111000347,146,4,142
111000350,165,106,59
111000351,82,291,-209
111000352,140,116,24
111000353,109,210,-101
111000354,354,259,95
111000355,248,634,-386
111000358,135,753,-618
111000360,201,463,-262
111000361,134,191,-57
111000546,634,510,124
111000547,326,301,25
111000548,92,281,-189
111000549,294,202,92
111000550,119,809,-690
111000551,587,196,391
111000552,1676,212,1464
111000907,487,36,451
111000908,27,0,27
111000916,1527,294,1233
111000917,26,355,-329
111000918,253,501,-248
111000920,464,5,459
111000921,6,131,-125
111000922,460,261,199
111000924,31,558,-527
111000925,2493,1780,713
111000926,1148,1362,-214
111000927,3080,3761,-681
111000928,3629,2858,771
111000929,1198,1051,147
111000930,676,1904,-1228
111000931,1832,2557,-725
111000932,3735,1952,1783
111000933,3525,2165,1360
111000934,1821,3051,-1230
111000935,1351,832,519
111000936,1057,1787,-730
111000937,988,1230,-242
111000938,1390,1354,36
111000939,512,77,435
111000940,420,131,289
111000941,256,316,-60
111000943,404,234,170
111000944,205,295,-90
111000945,70,997,-927
111001109,491,341,150
111001110,141,402,-261
111001111,61,18,43
111001112,122,23,99
111001113,2,159,-157
111001114,601,119,482
111001115,109,442,-333
111001116,3988,3853,135
111001117,533,2017,-1484
111001120,96,190,-94
111001121,172,208,-36
111001122,203,416,-213
111001123,266,113,153
111001124,80,157,-77
111001125,2,115,-113
111001126,12,42,-30
111900001,6,154,-148
111900002,3,464,-461
111900003,2,220,-218
111900004,40,63,-23
111900006,6,37,-31
111900007,69,4,65
111900008,165,3,162
111900009,124,3,121
111900010,300,394,-94
111900012,54,59,-5
111900013,34,73,-39
111900014,3871,3603,268
111900015,0,55,-55
111900016,0,66,-66
111900017,2,105,-103
111900018,238,10,228
111900019,1,96,-95
111900020,4,51,-47
111900021,24,85,-61
111900022,19,59,-40
111900023,72,72,0
111900024,9,56,-47
111900025,0,32,-32
111900026,2,62,-60
111900027,4,105,-101
111900028,0,226,-226
111900029,6,61,-55
111900030,27,267,-240
111900031,0,23,-23
111900032,0,226,-226
111900033,1,81,-80
111900034,261,400,-139
111900035,44,135,-91
111900036,2,226,-224
111900038,272,525,-253
111900039,41,326,-285
111900040,3,387,-384
111900042,13,107,-94
111900043,2,227,-225
111900044,321,171,150
111900046,27,110,-83
111900048,220,459,-239
111900049,36,181,-145
111900050,97,46,51
111900051,0,166,-166
111900052,355,355,0
111900053,888,1265,-377
111900054,113,7,106
111900055,9,295,-286
111900056,138,301,-163
111900057,113,47,66
111900058,390,450,-60
111900059,1352,503,849
111900060,374,1,373
111900061,4,135,-131
111900062,25,57,-32
111900063,443,238,205
111900064,92,179,-87
111900065,78,18,60
111900066,128,115,13
111900067,2,257,-255
111900068,45,65,-20
111900069,55,13,42
111900070,140,92,48
111900071,0,169,-169
111900072,72,24,48
111900073,840,199,641
111900074,13,98,-85
111900075,92,13,79
111900076,150,80,70
111900077,32,3,29
111900078,296,24,272
111900079,61,28,33
111900080,216,301,-85
111900082,95,21,74
111900083,111,10,101
111900084,102,6,96
111900085,22,103,-81
111900086,30,3,27
111900087,74,1,73
111900088,510,16,494
111900089,92,2,90
111900090,95,28,67
111900091,184,0,184
111900092,84,0,84
111900093,398,3,395
111900094,138,1,137
111900095,174,30,144
111900096,182,18,164
111900097,62,0,62
111900098,197,0,197
111900099,88,0,88
111900100,97,2,95
111900101,99,27,72
111900102,420,318,102
111900103,66,84,-18
111900104,143,65,78
111900105,275,212,63
111900106,646,42,604
111900110,1258,381,877
111900111,189,112,77
111900112,389,2309,-1920
111900113,199,81,118
111900118,325,72,253
111900119,339,132,207
111900122,186,71,115
111900123,17,19,-2
111900124,24,59,-35
111900125,479,36,443
111900126,183,7,176
111900127,1,535,-534
111900128,0,347,-347
111900129,245,8,237
111900130,243,31,212
111900131,492,2,490
111900132,28,644,-616
111900133,9,248,-239
111900134,12,147,-135
111900135,12,39,-27
111900136,90,188,-98
111900137,57,54,3
111900138,12,73,-61
111900139,17,110,-93
111900140,85,13,72
111900141,60,4,56
111900142,83,25,58
111900143,32,143,-111
111900144,0,64,-64
111900145,5,282,-277
111900146,1,165,-164
111900147,110,328,-218
111900148,13,447,-434
111900149,4,211,-207
111900150,8,106,-98
111900151,3,24,-21
111900152,57,59,-2
111900153,1041,489,552
111900154,13,234,-221
111900155,54,57,-3
111900156,40,50,-10
111900157,133,11,122
111900158,475,50,425
111900159,270,20,250
111900160,263,1,262
111900161,124,1,123
111900162,71,169,-98
111900163,38,175,-137
111900164,121,56,65
111901113,381,108,273
111901114,115,141,-26
111901115,39,0,39
111901116,25,6,19
111901117,30,18,12
111901118,48,120,-72
111901119,511,25,486
111901121,138,133,5
111901122,5,345,-340
111901123,189,283,-94
111901124,185,2,183
111901125,380,215,165
111901127,375,446,-71
111901128,6,106,-100
111901129,1,66,-65
111901130,1,79,-78
111901131,4,208,-204
111901132,49,10,39
111901133,45,5,40
111901134,55,4,51
111901135,30,8,22
111901136,5,43,-38
111901138,210,27,183
111901139,26,17,9
111901140,5,58,-53
111901141,10,94,-84
111901142,9,78,-69
111901143,2,73,-71
111901144,38,76,-38
111901145,141,289,-148
111901146,312,17,295
111901147,285,106,179
111901148,10,34,-24
111901149,19,6,13
112000001,1536,607,929
112000002,566,1714,-1148
112000003,1266,896,370
112000004,538,727,-189
112000005,3082,3234,-152
112000006,1875,1468,407
112000007,2750,1817,933
112000008,2250,3528,-1278
112000009,2667,2440,227
112000010,2463,2988,-525
112000011,1438,1344,94
112000012,3272,3991,-719
112000013,3368,2597,771
112000014,2175,2183,-8
112000015,3235,2986,249
112000016,3361,1277,2084
112000017,1331,2401,-1070
112000024,2077,972,1105
112000026,2819,3461,-642
112000027,853,606,247
112000028,1122,1275,-153
112000029,413,601,-188
112000030,151,86,65
112000031,1100,4090,-2990
112000032,372,59,313
112000033,1429,1719,-290
112000034,276,67,209
112000035,80,280,-200
112000036,604,777,-173
112000037,652,558,94
112000038,990,767,223
112000039,78,52,26
112000040,93,240,-147
112000041,471,369,102
112000042,1014,452,562
112000050,1210,1094,116
112000051,952,1147,-195
112000054,1436,1573,-137
112000057,436,389,47
112000058,308,576,-268
112000059,436,744,-308
112000061,2405,1800,605
112000062,1164,550,614
112000063,698,1137,-439
112000064,3239,4293,-1054
112000065,1506,2017,-511
112000066,3379,1427,1952
112000067,786,736,50
112000068,2842,2418,424
112000069,622,1510,-888
112000070,1841,795,1046
112000071,890,2064,-1174
112000072,2174,857,1317
112000073,1258,1822,-564
112000074,1341,1021,320
112000075,1314,1206,108
112000076,3231,2228,1003
112000077,646,447,199
112000078,1654,499,1155
112000079,1325,1094,231
112000080,686,579,107
112000081,1348,2038,-690
112000082,1383,857,526
112000083,539,1002,-463
112000084,1112,982,130
112000085,1106,830,276
112000086,1459,1142,317
112000087,511,342,169
112000088,812,485,327
112000089,230,236,-6
112000090,222,231,-9
112000091,644,858,-214
112000092,1910,1104,806
112000093,1572,800,772
112000094,677,833,-156
112000095,655,741,-86
112000096,540,549,-9
112000097,1114,680,434
112000098,851,730,121
112000099,643,1584,-941
112000100,1654,680,974
112000101,472,708,-236
112000102,1127,438,689
112000103,332,797,-465
112000105,640,1210,-570
112000106,1794,421,1373
112000107,112,166,-54
112000108,313,1320,-1007
112000109,178,92,86
112000110,1900,636,1264
112000111,858,2551,-1693
112000112,2992,643,2349
112000113,714,1301,-587
112000114,2171,836,1335
112000115,292,343,-51
112000116,563,836,-273
112000117,923,686,237
112000118,920,750,170
112000119,410,659,-249
112000120,76,267,-191
112000121,133,347,-214
112000122,304,142,162
112000123,710,181,529
112000124,381,77,304
112000125,266,240,26
112000126,204,392,-188
112000127,1802,1891,-89
112000128,825,638,187
112000129,149,89,60
112000130,140,79,61
112000131,47,269,-222
112000132,96,221,-125
112000133,315,172,143
112000134,362,314,48
112000135,1138,566,572
112000136,841,974,-133
112000137,1359,1417,-58
112000138,1366,1071,295
112000139,925,561,364
112000140,802,1139,-337
112000141,714,338,376
112000142,172,474,-302
112000143,1050,199,851
112000144,287,957,-670
112000145,2254,526,1728
112000146,468,1571,-1103
112000147,2480,1655,825
112000148,1620,1809,-189
112000149,416,469,-53
112000150,225,511,-286
112000151,316,310,6
112000152,349,377,-28
112000153,188,202,-14
112000154,142,132,10
112000155,133,120,13
112000157,676,492,184
112000158,261,331,-70
112000159,446,262,184
112000167,304,87,217
112000169,339,363,-24
112000173,634,216,418
112000175,355,249,106
112000176,2413,1849,564
112000177,575,186,389
112000178,86,243,-157
112000179,233,85,148
112000180,211,314,-103
112000181,1232,1494,-262
112000182,1323,1186,137
112000183,21,55,-34
112000184,373,282,91
112000185,449,369,80
112000187,3423,2190,1233
112000195,118,12,106
112000196,209,1,208
112000197,206,184,22
112000198,46,230,-184
112000199,888,790,98
112000202,408,3,405
112000216,74,232,-158
112000230,98,7,91
112000231,1,163,-162
112000256,73,243,-170
112000313,68,95,-27
112000314,34,30,4
112000337,235,471,-236
112000352,285,327,-42
112000392,950,996,-46
112000398,1316,818,498
112000399,1249,1715,-466
112000400,1402,2285,-883
112000401,2320,1860,460
112000402,2869,3053,-184
112000403,1398,2688,-1290
112000404,769,790,-21
112000405,1852,2615,-763
112000406,2840,1991,849
112000407,7210,7985,-775
112000408,6892,5443,1449
112000409,1390,3559,-2169
112000410,388,280,108
112000411,2989,1491,1498
112000412,1288,513,775
112000413,6296,5504,792
112000414,68,82,-14
112000415,110,45,65
112000416,2421,1292,1129
112000417,265,73,192
112000421,59,114,-55
112000422,350,268,82
112000424,1711,2383,-672
112000425,404,716,-312
112000426,119,244,-125
112000427,1,13,-12
112000428,257,268,-11
112000429,2102,2256,-154
112000430,2486,2540,-54
112000431,93,146,-53
112000432,518,947,-429
112000433,339,708,-369
112000437,50,173,-123
112900001,52,1,51
112900002,431,773,-342
112900003,70,335,-265
112900004,29,193,-164
112900005,210,146,64
112900006,2,237,-235
112900007,38,190,-152
112900008,3,45,-42
112900009,300,109,191
112900010,415,728,-313
112900011,143,181,-38
112900012,1,54,-53
112900013,0,66,-66
112900014,1,172,-171
112900015,305,584,-279
112900016,11,253,-242
112900017,30,186,-156
112900018,3,190,-187
112900019,28,154,-126
112900020,257,873,-616
112900021,7,247,-240
112900022,4,80,-76
112900023,1,132,-131
112900024,20,184,-164
112900025,49,212,-163
112900026,6,162,-156
112900027,5,853,-848
112900028,20,125,-105
112900029,12,433,-421
112900030,104,102,2
112900031,6,322,-316
112900032,182,246,-64
112900034,1,42,-41
112900035,6,298,-292
112900036,49,117,-68
112900037,135,159,-24
112900038,533,166,367
112900039,14,261,-247
112900040,6,378,-372
112900041,525,884,-359
112900042,68,221,-153
112900043,35,40,-5
112900044,445,396,49
112900045,240,233,7
112900046,125,57,68
112900047,3,21,-18
112900049,211,69,142
112900050,31,371,-340
112900051,297,392,-95
112900052,3,629,-626
112900053,259,99,160
112900054,194,44,150
112900055,135,38,97
112900056,293,183,110
112900057,44,384,-340
112900058,436,338,98
112900059,152,119,33
112900060,24,123,-99
112900061,105,87,18
112900062,101,89,12
112900063,145,18,127
112900064,156,179,-23
112900065,43,38,5
112900066,227,157,70
112900067,341,155,186
112900068,39,40,-1
112900069,1574,689,885
112900071,41,7,34
112900072,141,1637,-1496
112900073,333,100,233
112900074,87,256,-169
112900075,1218,820,398
112900076,79,35,44
112900078,313,366,-53
112900079,206,32,174
112900080,93,8,85
112900081,70,129,-59
112900082,668,42,626
112900083,149,120,29
112900084,216,99,117
112900086,63,0,63
112900087,611,138,473
112900088,144,11,133
112900089,939,45,894
112900090,40,26,14
112900091,236,4,232
112900092,86,285,-199
112900093,1086,16,1070
112900095,55,0,55
112900096,426,143,283
112900097,88,231,-143
112900098,85,2,83
112900099,754,9,745
112900100,74,1,73
112900101,379,3,376
112900102,124,6,118
112900103,191,5,186
112900104,167,3,164
112900105,25,0,25
112900106,349,105,244
112900107,11,1,10
112900108,27,0,27
112900109,135,1,134
112900110,1282,16,1266
112900111,702,2,700
112900112,275,4,271
112900113,0,8,-8
112900114,147,30,117
112900115,1207,2,1205
112900116,147,35,112
112900117,64,80,-16
112900118,23,74,-51
112900119,151,1,150
112900120,737,241,496
112900121,72,173,-101
112900122,15,101,-86
112900123,99,23,76
112900124,12,102,-90
112900125,44,327,-283
112900126,158,179,-21
112900127,326,138,188
112900128,256,551,-295
112900129,2,556,-554
112900130,272,93,179
112900131,44,223,-179
112900132,97,364,-267
112900133,31,921,-890
112900134,1,191,-190
112900135,70,41,29
112900137,1,459,-458
112900138,3,190,-187
112900139,185,918,-733
112900141,721,64,657
112900142,74,173,-99
112900143,34,420,-386
112900144,0,189,-189
112900145,35,420,-385
112900146,7,768,-761
112900147,4,1284,-1280
112900148,53,5,48
112900149,287,479,-192
112900151,15,63,-48
112900152,3148,688,2460
112900153,1505,2359,-854
112900154,1,111,-110
112900155,285,23,262
112900156,274,1060,-786
112900157,467,98,369
112900158,61,13,48
112900159,162,126,36
112900160,91,208,-117
112900161,133,29,104
112900162,26,20,6
112900163,84,44,40
112900164,30,163,-133
112900165,90,29,61
112900166,18,69,-51
112900167,3,44,-41
112900168,6,3,3
112900169,18,13,5
112900170,132,79,53
112900172,39,20,19
112900173,139,101,38
112900174,234,48,186
112900175,82,160,-78
112900176,18,54,-36
112900177,211,41,170
112900178,704,1892,-1188
112900179,49,396,-347
112900180,1538,1576,-38
112900181,551,7,544
112900182,38,762,-724
112900183,147,246,-99
112900184,376,332,44
112900185,221,632,-411
112900186,1008,927,81
112900187,83,539,-456
112900188,501,337,164
112900189,5,8,-3
112900190,6,33,-27
112900192,538,580,-42
112900193,1138,333,805
112900194,67,39,28
112900195,714,41,673
112900196,176,239,-63
112900197,195,303,-108
112900199,660,398,262
112900200,439,157,282
112900201,166,81,85
112900202,397,586,-189
112900203,266,181,85
112900204,823,598,225
112900205,26,13,13
112900206,54,102,-48
112900207,27,0,27
112900208,94,331,-237
112900209,472,302,170
112900210,5,29,-24
112900211,48,17,31
112900212,0,73,-73
112900213,42,38,4
112900214,14,10,4
112900215,17,125,-108
112900216,30,57,-27
112900217,4,58,-54
112900218,75,22,53
112900219,55,0,55
112900220,5,0,5
112900221,52,67,-15
112900222,1,14,-13
112900223,969,29,940
112900224,288,376,-88
112900225,472,315,157
112900226,179,252,-73
112900227,823,841,-18
112900228,67,39,28
112900229,257,64,193
112900230,4922,3520,1402
112900232,228,273,-45
112900233,53,109,-56
112900234,17,70,-53
112900235,101,28,73
112900236,256,13,243
112900237,202,169,33
112900238,5,30,-25
112900239,571,336,235
112900240,11,51,-40
112900241,3,71,-68
112900242,2,71,-69
112900243,0,80,-80
112900244,16,31,-15
112900245,8,32,-24
112900246,1,9,-8
112900247,56,17,39
112900248,9,1,8
112900249,21,10,11
112900250,35,13,22
112900251,50,2,48
112900252,44,10,34
112900253,22,2,20
112900254,6,4,2
112900255,0,15,-15
112900256,10,32,-22
112900257,12,36,-24
112900258,7,9,-2
113000001,5367,3873,1494
113000002,3362,3162,200
113000003,1696,1309,387
113000004,1509,2031,-522
113000005,1596,822,774
113000006,950,1249,-299
113000007,2107,970,1137
113000008,1491,1640,-149
113000009,1030,691,339
113000010,1038,1148,-110
113000011,565,1320,-755
113000012,1692,499,1193
113000013,1288,723,565
113000014,1491,1511,-20
113000015,373,176,197
113000016,323,974,-651
113000017,36,355,-319
113000018,356,61,295
113000019,100,285,-185
113000020,492,64,428
113000021,1084,434,650
113000022,665,830,-165
113000025,175,362,-187
113000026,383,424,-41
113000027,424,544,-120
113000028,585,426,159
113000029,744,684,60
113000030,369,565,-196
113000031,241,330,-89
113000032,296,292,4
113000033,273,389,-116
113000034,327,319,8
113000035,36,25,11
113000036,21,44,-23
113000037,53,32,21
113000038,15,41,-26
113000039,55,376,-321
113000040,90,113,-23
113000042,572,601,-29
113000051,763,2017,-1254
113000052,1795,677,1118
113000053,468,314,154
113000054,341,685,-344
113000055,1036,595,441
113000056,995,777,218
113000058,689,782,-93
113000059,975,605,370
113000060,252,499,-247
113000061,454,747,-293
113000062,690,258,432
113000063,179,76,103
113000064,51,238,-187
113000065,156,565,-409
113000066,625,73,552
113000067,1881,1083,798
113000068,375,993,-618
113000069,551,823,-272
113000070,2259,901,1358
113000071,365,521,-156
113000072,763,459,304
113000073,325,1162,-837
113000074,942,376,566
113000075,1831,637,1194
113000076,614,1744,-1130
113000077,1061,627,434
113000078,680,2055,-1375
113000079,593,822,-229
113000080,623,718,-95
113000081,638,765,-127
113000082,1002,691,311
113000083,516,972,-456
113000084,1438,1108,330
113000085,819,698,121
113000086,970,1089,-119
113000087,904,797,107
113000088,2024,1194,830
113000089,824,1408,-584
113000090,273,496,-223
113000091,457,347,110
113000094,974,182,792
113000095,207,561,-354
113000096,151,624,-473
113000097,994,332,662
113000098,99,42,57
113000099,755,308,447
113000100,109,346,-237
113000101,300,443,-143
113000102,594,426,168
113000103,1801,368,1433
113000104,469,1887,-1418
113000105,693,357,336
113000106,333,347,-14
113000107,851,653,198
113000108,651,871,-220
113000109,591,1429,-838
113000110,1661,414,1247
113000111,197,538,-341
113000112,374,375,-1
113000113,1321,459,862
113000114,303,1221,-918
113000116,512,267,245
113000117,636,109,527
113000118,97,379,-282
113000119,289,210,79
113000120,46,206,-160
113000121,412,585,-173
113000124,214,108,106
113000125,37,630,-593
113000127,2082,268,1814
113000128,407,485,-78
113000129,467,665,-198
113000133,1634,1284,350
113000134,8,793,-785
113000135,3774,3967,-193
113000137,1751,3199,-1448
113000139,349,249,100
113000140,96,218,-122
113000141,209,168,41
113000142,405,928,-523
113000143,241,239,2
113000144,313,589,-276
113000145,76,147,-71
113000146,152,82,70
113000147,169,94,75
113000148,201,139,62
113000149,110,108,2
113000150,518,259,259
113000151,59,38,21
113000152,67,88,-21
113000153,1219,493,726
113000154,856,1450,-594
113000155,320,561,-241
113000156,128,343,-215
113000157,295,919,-624
113000158,667,256,411
113000159,906,696,210
113000160,606,902,-296
113000161,265,359,-94
113000162,798,349,449
113000163,108,65,43
113000164,23,83,-60
113000166,134,100,34
113000167,37,82,-45
113000168,77,103,-26
113000169,252,46,206
113000170,93,82,11
113000171,46,83,-37
113000172,277,67,210
113000173,73,37,36
113000174,94,408,-314
113000175,419,124,295
113000176,590,193,397
113000177,164,459,-295
113000178,215,291,-76
113000179,293,177,116
113000180,468,953,-485
113000181,1133,804,329
113000182,162,296,-134
113000183,155,569,-414
113000184,9,122,-113
113000189,440,738,-298
113000190,749,499,250
113000192,1188,1949,-761
113000193,2999,1543,1456
113000194,1132,1040,92
113000195,1653,973,680
113000196,137,64,73
113000197,1133,986,147
113000198,58,214,-156
113000199,1014,309,705
113000201,212,274,-62
113000202,2808,871,1937
113000203,222,122,100
113000204,1105,1884,-779
113000205,22,20,2
113000206,20,25,-5
113000207,64,19,45
113000208,54,41,13
113000209,27,9,18
113000210,6,16,-10
113000211,189,254,-65
113000212,77,22,55
113000213,41,115,-74
113000214,185,235,-50
113000234,155,676,-521
113000410,148,218,-70
113000411,2277,3914,-1637
113000412,5936,2454,3482
113000413,2187,2799,-612
113000414,5319,10896,-5577
113000415,1810,2511,-701
113000416,6871,3584,3287
113000417,2065,2640,-575
113000418,4382,3111,1271
113000419,1408,1795,-387
113000420,3843,5369,-1526
113000421,3684,5739,-2055
113000422,9763,9200,563
113000423,1974,4750,-2776
113000424,2835,9029,-6194
113000425,1,82,-81
113000428,61,78,-17
113000430,18,271,-253
113000432,2085,185,1900
113000433,79,582,-503
113000434,39,123,-84
113000435,25,338,-313
113000436,55,784,-729
113000437,823,20,803
113000438,332,23,309
113000439,36,93,-57
113000440,100,40,60
113000441,215,194,21
113000442,128,140,-12
113000443,259,179,80
113000444,144,164,-20
113000445,142,95,47
113000446,32,90,-58
113000448,151,98,53
113000449,141,684,-543
113000450,354,1360,-1006
113000451,903,138,765
113000452,309,354,-45
113000453,85,249,-164
113000454,481,96,385
113000455,45,278,-233
113000456,2873,2552,321
113000468,1348,122,1226
113000469,97,52,45
113000470,338,22,316
113000471,18,350,-332
113000472,91,273,-182
113000474,689,563,126
113000475,1330,1408,-78
113000476,1291,1664,-373
113000477,3259,1940,1319
113000478,3387,4839,-1452
113000479,52,203,-151
113000484,0,0,0
113000485,4,0,4
113000486,11,0,11
113000487,0,0,0
113000488,0,0,0
113000489,0,0,0
113000490,0,4,-4
113000491,8,13,-5
113000492,0,7,-7
113000493,0,0,0
113000495,157,150,7
113000496,154,120,34
113000499,0,0,0
113900001,1,151,-150
113900002,0,55,-55
113900003,0,48,-48
113900004,1,28,-27
113900005,0,52,-52
113900006,1,15,-14
113900007,32,18,14
113900008,14,1,13
113900009,87,1,86
113900010,71,1,70
113900011,49,1,48
113900012,20,1,19
113900013,194,2,192
113900014,531,4,527
113900015,0,73,-73
113900016,67,0,67
113900017,0,31,-31
113900018,307,202,105
113900019,120,49,71
113900020,143,1,142
113900022,18,1,17
113900023,26,0,26
113900024,51,45,6
113900025,203,4,199
113900026,39,2,37
113900027,6,32,-26
113900028,34,380,-346
113900029,55,166,-111
113900030,219,1,218
113900031,7,0,7
113900032,12,0,12
113900033,84,72,12
113900035,70,0,70
113900036,7,83,-76
113900037,146,354,-208
113900038,63,87,-24
113900039,106,15,91
113900040,1,15,-14
113900041,5,2,3
113900042,81,35,46
113900043,119,68,51
113900044,332,310,22
113900045,91,3,88
113900046,171,558,-387
113900047,34,95,-61
113900048,173,114,59
113900049,471,263,208
113900050,188,236,-48
113900051,195,262,-67
113900052,122,113,9
113900053,616,417,199
113900054,29,0,29
113900055,79,301,-222
113900056,37,144,-107
113900057,17,79,-62
113900058,55,115,-60
113900059,177,242,-65
113900060,98,115,-17
113900061,718,266,452
113900062,87,10,77
113900063,95,98,-3
113900064,26,71,-45
113900065,345,12,333
113900066,273,214,59
113900067,128,157,-29
113900068,430,401,29
113900069,81,21,60
113900070,177,352,-175
113900071,50,42,8
113900072,49,114,-65
113900073,232,322,-90
113900074,67,175,-108
113900075,1271,1000,271
113900076,157,11,146
113900077,33,123,-90
113900078,53,47,6
113900079,1,29,-28
113900080,403,163,240
113900081,44,138,-94
113900082,78,170,-92
113900083,299,311,-12
113900084,237,99,138
113900085,52,206,-154
113900086,37,16,21
113900087,70,93,-23
113900088,57,98,-41
113900089,350,53,297
113900090,498,310,188
113900091,21,10,11
113900092,26,118,-92
113900093,70,588,-518
113900094,470,313,157
113900095,116,85,31
113900096,214,75,139
113900097,40,77,-37
113900098,496,55,441
113900099,1,21,-20
113900100,0,3,-3
113900101,4,75,-71
113900102,158,146,12
113900103,282,238,44
113900104,117,224,-107
113900105,104,139,-35
113900106,0,42,-42
113900107,0,10,-10
113900108,150,226,-76
113900109,326,149,177
113900110,38,21,17
113900111,161,133,28
113900112,103,48,55
113900113,670,388,282
113900114,0,53,-53
113900115,0,55,-55
113900116,90,88,2
113900117,112,19,93
113900118,194,306,-112
113900119,177,445,-268
113900120,61,66,-5
113900121,59,85,-26
113900122,277,1678,-1401
113900123,413,199,214
113900124,0,37,-37
113900125,709,127,582
113900126,133,40,93
113900127,261,697,-436
113900128,117,59,58
113900129,15,146,-131
113900130,1,40,-39
113900131,212,60,152
113900132,73,61,12
113900133,17,81,-64
113900135,271,268,3
113900136,129,99,30
113900137,321,289,32
113900138,45,151,-106
113900139,232,145,87
113900140,212,266,-54
113900141,454,207,247
113900142,180,81,99
113900143,21,30,-9
113900144,165,191,-26
113900145,383,118,265
113900146,134,28,106
113900148,152,224,-72
113900149,146,62,84
113900150,505,362,143
113900151,368,142,226
113900152,23,38,-15
113900153,222,449,-227
113900154,1,95,-94
113900155,177,153,24
113900156,198,334,-136
113900157,45,232,-187
113900158,252,307,-55
113900159,22,234,-212
113900160,439,411,28
113900161,54,224,-170
113900162,345,588,-243
113900163,255,264,-9
113900164,261,40,221
113900165,615,322,293
113900166,154,139,15
113900167,235,30,205
113900168,96,87,9
113900169,193,287,-94
113900171,172,57,115
113900172,11,161,-150
113900173,30,460,-430
113900174,469,481,-12
113900175,293,80,213
113900176,283,426,-143
113900177,359,142,217
113900178,255,96,159
113900179,22,356,-334
113900180,134,72,62
113900181,497,110,387
113900182,595,748,-153
113900183,35,88,-53
113900184,14,459,-445
113900185,169,85,84
113900186,50,56,-6
113900187,41,105,-64
113900188,55,115,-60
113900189,229,109,120
113900190,309,113,196
113900191,118,171,-53
113900192,9,353,-344
113900193,24,133,-109
113900194,1228,845,383
113900195,244,377,-133
113900196,8,111,-103
113900197,1,135,-134
113900198,24,208,-184
113900199,159,513,-354
113900200,8,197,-189
113900201,0,105,-105
113900202,29,229,-200
113900203,0,84,-84
113900204,45,350,-305
113900205,12,172,-160
113900206,8,154,-146
113900207,3,40,-37
113900208,0,50,-50
113900209,0,95,-95
113900210,417,686,-269
113900211,160,44,116
113900212,135,305,-170
113900214,360,333,27
113900215,113,95,18
113900216,100,568,-468
113900217,81,167,-86
113900218,154,66,88
113900219,97,307,-210
113900220,148,86,62
113900221,375,191,184
113900222,201,456,-255
113900223,120,643,-523
113900224,86,65,21
113900225,365,180,185
113900226,357,105,252
113900227,349,226,123
113900228,299,449,-150
113900229,58,635,-577
113900230,3136,3096,40
113900231,167,164,3
113900232,94,119,-25
113900233,79,58,21
113900234,255,343,-88
113900235,137,39,98
113900236,161,273,-112
113900237,178,11,167
113900238,218,486,-268
113900239,56,99,-43
113900240,7,151,-144
113900241,93,50,43
113900242,39,128,-89
113900243,77,354,-277
113900244,264,160,104
113900245,976,241,735
113900246,11,15,-4
113900247,128,412,-284
113900248,1932,1505,427
113900249,612,337,275
113900250,45,130,-85
113900251,545,130,415
113900252,485,21,464
113900253,618,57,561
113900254,843,127,716
113900255,368,20,348
113900256,324,30,294
113900257,28,468,-440
113900258,20,328,-308
113900259,489,133,356
113900260,173,8,165
113900261,38,61,-23
113900262,129,368,-239
113900263,128,565,-437
113900264,3,322,-319
113900265,154,216,-62
113900266,57,144,-87
113900267,78,370,-292
113900268,267,338,-71
113900269,73,100,-27
113900270,236,607,-371
113900271,712,864,-152
113900273,43,10,33
113900274,50,32,18
113900275,16,59,-43
113900276,3,126,-123
113900277,140,4,136
113900278,249,149,100
113900279,42,81,-39
113900280,1273,670,603
113900281,635,1323,-688
113900282,573,515,58
113900283,325,492,-167
113900284,732,205,527
113900285,129,77,52
113900286,15,73,-58
113900287,47,64,-17
113900288,2,108,-106
113900289,635,74,561
113900290,249,177,72
113900291,97,106,-9
113900292,6,5,1
113900293,4,155,-151
113900294,370,15,355
113900295,335,338,-3
113900296,1645,428,1217
113900297,2030,42,1988
113900298,10,1390,-1380
113900299,79,104,-25
113900300,3375,2712,663
113900301,602,325,277
113900302,1940,844,1096
113900303,401,351,50
113900304,0,124,-124
113900305,120,0,120
113900306,43,2,41
113900307,5,0,5
113900308,72,79,-7
113900309,3,756,-753
113900310,0,8,-8
113900311,13,0,13
113900312,218,220,-2
113900313,13,9,4
114000001,863,2024,-1161
114000002,316,295,21
114000003,37,211,-174
114000004,274,388,-114
114000005,184,215,-31
114000006,1903,1911,-8
114000007,646,957,-311
114000008,1112,1581,-469
114000009,677,179,498
114000011,2635,2109,526
114000012,2312,1465,847
114000013,1463,1119,344
114000014,385,197,188
114000015,1563,293,1270
114000016,202,258,-56
114000017,84,235,-151
114000018,153,36,117
114000026,1699,995,704
114000027,2798,1678,1120
114000028,2080,2434,-354
114000038,224,105,119
114000039,69,27,42
114000040,127,149,-22
114000042,150,130,20
114000043,40,73,-33
114000044,229,37,192
114000045,42,41,1
114000046,3072,4189,-1117
114000047,6,64,-58
114000048,45,24,21
114000049,1246,1356,-110
114000050,1440,1758,-318
114000051,2507,1668,839
114000052,3394,1670,1724
114000053,103,568,-465
114000054,156,642,-486
114000055,229,23,206
114000056,799,848,-49
114000057,3914,1823,2091
114000058,445,1307,-862
114000059,202,271,-69
114000060,465,767,-302
114000061,2485,2712,-227
114000062,1747,1424,323
114000063,2343,1482,861
114000064,4511,3245,1266
114000065,1495,2137,-642
114000066,380,556,-176
114000067,33,734,-701
114000068,471,635,-164
114000069,802,469,333
114000070,2177,1830,347
114000071,619,413,206
114000072,339,190,149
114000073,10,40,-30
114000074,35,15,20
114000075,82,59,23
114000076,15,77,-62
114000077,13,29,-16
114000078,298,454,-156
114000079,132,16,116
114000080,71,55,16
114000081,71,80,-9
114000082,26,334,-308
114000083,59,176,-117
114000084,346,60,286
114000085,117,431,-314
114000086,162,279,-117
114000087,100,101,-1
114000088,40,35,5
114000089,632,269,363
114000090,873,802,71
114000091,1192,829,363
114000092,813,479,334
114000093,1293,686,607
114000094,303,262,41
114000095,205,154,51
114000096,107,279,-172
114000097,130,428,-298
114000098,480,118,362
114000099,635,404,231
114000100,1362,566,796
114000101,415,493,-78
114000102,548,344,204
114000103,125,237,-112
114000104,54,148,-94
114000105,108,39,69
114000106,673,811,-138
114000107,326,117,209
114000108,1191,801,390
114000109,533,1125,-592
114000110,575,1118,-543
114000111,1576,750,826
114000112,480,1731,-1251
114000113,1433,528,905
114000114,1107,1228,-121
114000115,2263,1063,1200
114000116,734,1374,-640
114000117,2508,373,2135
114000118,2169,383,1786
114000119,1576,424,1152
114000120,524,628,-104
114000121,410,733,-323
114000122,370,270,100
114000123,1816,306,1510
114000124,854,213,641
114000125,732,1023,-291
114000126,1723,215,1508
114000127,160,111,49
114000128,736,270,466
114000130,441,427,14
114000131,317,68,249
114000132,467,434,33
114000133,744,1038,-294
114000134,99,86,13
114000138,24,150,-126
114000139,412,238,174
114000144,776,510,266
114000145,50,105,-55
114000146,82,183,-101
114000147,1322,1863,-541
114000148,1780,1729,51
114000149,352,242,110
114000150,490,629,-139
114000151,665,1357,-692
114000152,127,38,89
114000153,548,1781,-1233
114000154,666,594,72
114000155,1158,1981,-823
114000156,688,517,171
114000157,318,995,-677
114000158,1136,674,462
114000159,146,408,-262
114000160,117,379,-262
114000161,1147,2855,-1708
114000162,1012,2516,-1504
114000163,17,59,-42
114000165,608,313,295
114000166,746,360,386
114000167,2489,1395,1094
114000168,675,567,108
114000169,1260,1208,52
114000170,1087,1097,-10
114000171,1084,3042,-1958
114000174,202,375,-173
114000176,473,425,48
114000177,1607,728,879
114000178,45,44,1
114000179,1139,800,339
114000180,392,560,-168
114000181,1415,3320,-1905
114000182,2060,2027,33
114000183,691,890,-199
114000184,2477,942,1535
114000185,901,675,226
114000189,911,128,783
114000190,2643,326,2317
114000191,64,69,-5
114000192,142,1107,-965
114000193,476,2060,-1584
114000194,1263,804,459
114000195,172,12,160
114000196,2,171,-169
114000197,1170,46,1124
114000198,712,378,334
114000199,1788,1691,97
114000200,533,1292,-759
114000201,151,629,-478
114000202,820,413,407
114000203,585,566,19
114000204,223,469,-246
114000205,134,1144,-1010
114000206,509,1082,-573
114000207,515,1233,-718
114000208,401,1732,-1331
114000209,489,1636,-1147
114000210,183,850,-667
114000211,892,1101,-209
114000212,620,713,-93
114000213,1217,521,696
114000214,79,141,-62
114000215,237,67,170
114000216,1305,292,1013
114000217,343,203,140
114000218,116,171,-55
114000219,1157,179,978
114000220,27,677,-650
114000221,685,148,537
114000222,128,715,-587
114000223,471,150,321
114000224,84,431,-347
114000225,202,521,-319
114000226,178,173,5
114000227,787,472,315
114000228,775,619,156
114000229,1064,1057,7
114000230,1496,1051,445
114000231,793,1149,-356
114000232,630,113,517
114000233,1912,120,1792
114000234,1079,849,230
114000235,1008,1238,-230
114000236,0,326,-326
114000237,128,653,-525
114000238,120,154,-34
114000239,141,913,-772
114000240,747,796,-49
114000241,219,815,-596
114000242,754,670,84
114000243,1272,834,438
114000244,516,292,224
114000245,364,686,-322
114000246,128,47,81
114000247,478,494,-16
114000248,1044,490,554
114000249,479,391,88
114000250,426,567,-141
114000251,323,233,90
114000252,97,38,59
114000253,51,96,-45
114000254,41,48,-7
114000255,440,174,266
114000256,1388,2023,-635
114000257,271,991,-720
114000258,338,372,-34
114000259,240,190,50
114000260,0,27,-27
114000261,35,32,3
114000262,214,64,150
114000263,15,4,11
114000264,885,314,571
114000265,0,0,0
114000267,4,1397,-1393
114000268,1,934,-933
114000270,123,2,121
114000271,292,49,243
114000283,1317,371,946
114000285,26,124,-98
114000288,122,316,-194
114000289,1102,147,955
114000293,166,409,-243
114000294,199,285,-86
114000395,1293,40,1253
114000396,538,551,-13
114000402,420,259,161
114000403,248,300,-52
114000405,141,367,-226
114000423,313,306,7
114000424,476,145,331
114000425,739,234,505
114000426,300,732,-432
114000427,63,51,12
114000428,174,197,-23
114000429,6,160,-154
114000432,102,93,9
114000434,22,58,-36
114000435,0,144,-144
114900001,598,708,-110
114900002,555,90,465
114900003,640,1026,-386
114900004,220,393,-173
114900005,570,576,-6
114900006,93,50,43
114900007,356,17,339
114900008,132,88,44
114900010,1372,1569,-197
114900011,178,104,74
114900013,274,147,127
114900015,92,484,-392
114900018,578,17,561
114900020,173,79,94
114900022,44,583,-539
114900024,296,140,156
114900025,391,175,216
114900026,94,145,-51
114900027,194,234,-40
114900029,138,26,112
114900030,241,201,40
114900031,354,40,314
114900032,391,27,364
114900033,683,719,-36
114900034,55,123,-68
114900035,81,288,-207
114900036,153,411,-258
114900037,138,142,-4
114900038,147,436,-289
114900039,401,340,61
114900040,91,73,18
114900041,756,346,410
114900042,726,493,233
114900043,550,219,331
114900044,209,35,174
114900046,44,89,-45
114900047,236,1778,-1542
114900048,113,255,-142
114900049,44,172,-128
114900050,40,262,-222
114900051,69,322,-253
114900052,51,223,-172
114900053,101,229,-128
114900054,22,108,-86
114900057,203,7,196
114900058,0,62,-62
114900059,110,61,49
114900060,784,834,-50
114900061,156,99,57
114900062,286,323,-37
114900063,85,129,-44
114900064,1406,331,1075
114900065,377,572,-195
114900067,57,350,-293
114900068,54,204,-150
114900069,174,71,103
114900070,491,346,145
114900072,8,302,-294
114900073,1,139,-138
114900074,682,434,248
114900075,255,7,248
114900076,10,279,-269
114900080,1511,290,1221
114900082,2799,2052,747
114900083,1002,1102,-100
114900090,307,205,102
114900091,135,175,-40
114900095,276,108,168
114900096,386,490,-104
114900097,164,0,164
114900098,2,171,-169
114900099,207,8,199
115000001,4806,3188,1618
115000002,3639,3660,-21
115000003,4350,2668,1682
115000004,3869,5225,-1356
115000005,1378,1852,-474
115000006,842,1428,-586
115000007,190,163,27
115000008,354,438,-84
115000009,159,194,-35
115000010,282,165,117
115000013,59,181,-122
115000015,100,325,-225
115000016,88,208,-120
115000019,46,357,-311
115000020,141,608,-467
115000021,267,418,-151
115000022,416,342,74
115000023,362,569,-207
115000024,918,375,543
115000025,753,652,101
115000026,164,352,-188
115000027,231,271,-40
115000028,205,768,-563
115000029,560,73,487
115000030,669,1052,-383
115000031,1237,189,1048
115000032,12,224,-212
115000033,217,55,162
115000034,74,1026,-952
115000035,1147,56,1091
115000036,1,365,-364
115000037,527,8,519
115000038,38,189,-151
115000039,3161,3211,-50
115000040,4775,2679,2096
115000041,1193,3004,-1811
115000042,612,553,59
115000043,3752,2276,1476
115000044,3421,3369,52
115000045,2216,1399,817
115000046,2238,2334,-96
115000047,1941,1189,752
115000048,1518,1912,-394
115000049,1450,2702,-1252
115000050,2872,1512,1360
115000051,1450,2460,-1010
115000052,1929,1442,487
115000053,1669,1492,177
115000054,595,1042,-447
115000055,204,773,-569
115000056,265,493,-228
115000057,591,1232,-641
115000058,525,326,199
115000059,242,121,121
115000061,192,149,43
115000062,180,269,-89
115000063,285,299,-14
115000064,217,90,127
115000065,34,393,-359
115000067,210,33,177
115000069,87,244,-157
115000070,47,747,-700
115000071,152,19,133
115000072,10,70,-60
115000073,1231,48,1183
115000075,92,49,43
115000076,2591,2230,361
115000077,1882,1779,103
115000078,1260,1046,214
115000079,1193,1342,-149
115000080,1956,1707,249
115000081,455,764,-309
115000082,3528,3317,211
115000083,2095,1692,403
115000084,2014,922,1092
115000085,674,742,-68
115000086,1107,686,421
115000087,416,1376,-960
115000088,1659,553,1106
115000089,1414,1090,324
115000090,447,667,-220
115000091,233,841,-608
115000092,576,314,262
115000093,478,2,476
115000094,5199,4667,532
115000095,3707,4797,-1090
115000096,790,1060,-270
115000097,877,837,40
115000098,1004,678,326
115000099,2382,2089,293
115000100,947,290,657
115000101,396,1168,-772
115000102,447,227,220
115000103,310,581,-271
115000105,41,112,-71
115000106,633,249,384
115000107,147,325,-178
115000108,2545,1942,603
115000109,3570,3888,-318
115000110,1369,1430,-61
115000111,631,1474,-843
115000112,610,618,-8
115000113,514,699,-185
115000114,1444,667,777
115000116,3484,2116,1368
115000117,3069,2894,175
115000118,1842,1705,137
115000119,1544,2159,-615
115000120,461,1430,-969
115000121,1213,830,383
115000122,3491,1451,2040
115000123,1336,2439,-1103
115000124,744,883,-139
115000125,371,612,-241
115000126,127,322,-195
115000127,359,90,269
115000128,375,761,-386
115000129,301,291,10
115000130,404,653,-249
115000131,873,217,656
115000132,211,256,-45
115000133,491,201,290
115000134,222,164,58
115000135,241,155,86
115000136,264,224,40
115000137,89,128,-39
115000138,328,259,69
115000139,234,179,55
115000140,424,165,259
115000141,208,210,-2
115000142,152,216,-64
115000143,744,572,172
115000144,653,79,574
115000145,266,303,-37
115000146,389,307,82
115000147,272,364,-92
115000148,271,770,-499
115000149,626,169,457
115000150,643,653,-10
115000151,1006,470,536
115000152,554,780,-226
115000153,937,448,489
115000154,797,311,486
115000155,570,750,-180
115000156,967,637,330
115000157,588,659,-71
115000158,424,346,78
115000159,653,548,105
115000160,455,364,91
115000161,126,376,-250
115000162,669,718,-49
115000163,505,704,-199
115000164,623,524,99
115000165,316,504,-188
115000167,153,45,108
115000168,496,278,218
115000169,448,268,180
115000170,119,152,-33
115000171,298,240,58
115000172,889,567,322
115000173,355,476,-121
115000174,94,271,-177
115000175,163,99,64
115000176,94,129,-35
115000177,90,160,-70
115000178,7,191,-184
115000179,24,31,-7
115000180,83,387,-304
115000181,571,110,461
115000182,802,235,567
115000183,309,652,-343
115000186,714,219,495
115000187,202,647,-445
115000188,410,430,-20
115000189,201,441,-240
115000190,618,303,315
115000191,131,446,-315
115000194,117,108,9
115000195,264,261,3
115000196,193,78,115
115000197,243,178,65
115000198,355,147,208
115000199,342,97,245
115000200,354,93,261
115000201,147,244,-97
115000206,319,39,280
115000207,163,216,-53
115000208,250,579,-329
115000209,592,266,326
115000210,112,112,0
115000211,211,205,6
115000212,1235,294,941
115000224,426,43,383
115000225,58,87,-29
115000229,168,135,33
115000230,99,411,-312
115000231,268,1355,-1087
115000232,1433,235,1198
115000233,89,133,-44
115000234,26,292,-266
115000241,101,222,-121
115000242,106,189,-83
115000243,59,174,-115
115000244,17,84,-67
115000246,28,8,20
115000247,25,12,13
115000248,24,16,8
115000249,24,11,13
115000250,244,49,195
115000251,292,97,195
115000252,128,166,-38
115000253,21,422,-401
115000258,322,146,176
115000259,278,124,154
115000261,7,33,-26
115000262,12,19,-7
115000263,7,48,-41
115000264,25,31,-6
115000267,61,61,0
115000268,48,117,-69
115000269,136,41,95
115000270,13,42,-29
115000272,65,134,-69
115000273,333,24,309
115000280,2206,183,2023
115000281,500,745,-245
115000282,550,531,19
115000284,338,170,168
115000296,1118,10,1108
115000297,124,138,-14
115000298,58,448,-390
115000300,216,178,38
115000302,545,121,424
115000303,589,108,481
115000304,680,68,612
115000305,92,457,-365
115000306,136,207,-71
115000307,88,200,-112
115000308,23,40,-17
115000309,18,48,-30
115000310,916,577,339
115000311,931,932,-1
115000313,108,426,-318
115000314,401,120,281
115000315,844,496,348
115000316,61,101,-40
115000317,144,350,-206
115000318,771,249,522
115000319,47,223,-176
115000320,6,269,-263
115000321,266,5,261
115000322,44,187,-143
115000449,182,179,3
115000557,3,944,-941
115000558,507,118,389
115000587,499,272,227
115000588,1909,2542,-633
115000589,3304,2280,1024
115000590,931,1244,-313
115000591,1464,689,775
115000592,509,1651,-1142
115000593,1186,535,651
115000594,864,2405,-1541
115000609,174,219,-45
115000617,1455,2813,-1358
115000624,265,50,215
115000633,380,1604,-1224
115000634,2496,833,1663
115000635,543,135,408
115000638,549,592,-43
115000641,52,100,-48
115000642,291,206,85
115000643,114,461,-347
115000644,157,357,-200
115000646,817,1587,-770
115000647,193,449,-256
115000648,1724,1536,188
115000893,2954,1581,1373
115000894,116,976,-860
115000895,400,915,-515
115000896,1303,414,889
115000897,521,149,372
115000898,569,257,312
115000899,415,907,-492
115000900,68,329,-261
115000901,38,135,-97
115000912,360,85,275
115000913,7,22,-15
115000915,20,0,20
115000916,7,1,6
115000917,0,11,-11
115000918,63,285,-222
115000919,17,10,7
115000920,12,52,-40
115000921,479,83,396
115000922,958,753,205
115000923,337,1129,-792
115000925,91,67,24
115000927,36,47,-11
115000933,197,194,3
115000934,139,147,-8
115000935,112,73,39
115000936,36,468,-432
115000937,604,150,454
115000938,156,219,-63
115000939,225,260,-35
115000940,33,24,9
115000941,11,23,-12
115000942,18,141,-123
115000943,42,18,24
115000944,1,23,-22
115900001,84,37,47
115900002,97,91,6
115900003,206,73,133
115900004,5,48,-43
115900005,143,12,131
115900006,121,172,-51
115900008,61,8,53
115900009,82,157,-75
115900010,276,129,147
115900011,362,179,183
115900012,137,40,97
115900013,299,95,204
115900014,143,117,26
115900015,98,45,53
115900016,74,16,58
115900017,15,8,7
115900018,138,62,76
115900019,51,11,40
115900020,55,4,51
115900021,955,161,794
115900022,1051,20,1031
115900023,63,17,46
115900025,42,145,-103
115900026,710,187,523
115900027,0,152,-152
115900028,529,50,479
115900029,20,256,-236
115900030,16,32,-16
115900031,333,286,47
115900032,443,618,-175
115900033,1,46,-45
115900034,23,290,-267
115900035,53,21,32
115900036,72,670,-598
115900037,34,275,-241
115900038,26,14,12
115900039,124,182,-58
115900041,430,531,-101
115900042,27,6,21
115900043,91,76,15
115900044,210,226,-16
115900046,272,160,112
115900047,186,152,34
115900049,149,150,-1
115900051,1,21,-20
115900052,8,132,-124
115900053,195,151,44
115900054,191,35,156
115900055,27,89,-62
115900056,142,169,-27
115900057,24,9,15
115900058,53,58,-5
115900060,52,118,-66
115900061,205,0,205
115900062,24,208,-184
115900063,95,10,85
115900064,130,220,-90
115900065,137,105,32
115900066,116,113,3
115900067,5,442,-437
115900068,2428,715,1713
115900069,33,131,-98
115900070,203,120,83
115900071,0,291,-291
115900072,46,125,-79
115900073,58,81,-23
115900074,1,210,-209
115900075,15,192,-177
115900076,5,42,-37
115900077,4,207,-203
115900078,34,87,-53
115900079,143,31,112
115900080,417,188,229
115900081,11,84,-73
115900082,126,117,9
115900084,391,15,376
115900085,21,71,-50
115900086,1151,566,585
115900088,8,66,-58
115900089,304,613,-309
115900090,354,15,339
115900091,9,25,-16
115900092,28,157,-129
115900093,8,8,0
115900094,1,261,-260
115900096,6,8,-2
115900097,10,257,-247
115900098,150,289,-139
115900099,45,46,-1
115900100,12,338,-326
115900101,134,186,-52
115900102,70,58,12
115900103,280,127,153
115900104,68,83,-15
115900105,195,416,-221
115900106,63,28,35
115900107,60,88,-28
115900108,105,27,78
115900109,47,283,-236
115900110,1,19,-18
115900111,0,81,-81
115900112,37,610,-573
115900113,31,28,3
115900114,1,89,-88
115900115,55,189,-134
115900116,63,566,-503
115900117,53,18,35
115900118,1,201,-200
115900119,95,102,-7
115900120,23,182,-159
115900121,179,141,38
115900124,249,547,-298
115900125,274,34,240
115900126,583,79,504
115900127,559,66,493
115900128,12,115,-103
115900129,632,47,585
115900130,19,226,-207
115900131,260,16,244
115900132,520,12,508
115900134,286,14,272
115900135,368,1167,-799
115900137,30,2,28
115900139,24,43,-19
115900140,233,34,199
115900141,4,64,-60
115900142,10,38,-28
115900143,187,290,-103
115900144,95,167,-72
115900146,11,77,-66
115900147,189,187,2
115900148,69,6,63
115900149,91,13,78
115900150,46,24,22
115900151,18,108,-90
115900152,93,281,-188
115900153,136,169,-33
115900154,382,319,63
115900155,0,30,-30
115900156,578,722,-144
115900157,141,392,-251
115900158,19,11,8
115900159,141,197,-56
115900160,5,2,3
115900161,59,134,-75
115900163,183,73,110
115900164,537,31,506
115900166,205,130,75
115900168,79,114,-35
115900171,97,316,-219
115900172,54,97,-43
115900173,195,125,70
115900174,243,209,34
115900175,101,202,-101
115900178,4,370,-366
115900179,241,8,233
115900180,50,105,-55
115900181,193,137,56
115900182,406,153,253
115900183,52,49,3
115900184,1352,14,1338
115900187,19,110,-91
115900189,0,244,-244
115900190,251,1247,-996
115900191,14,204,-190
115900192,8,80,-72
115900193,116,125,-9
115900194,602,50,552
115900195,520,1833,-1313
115900198,193,251,-58
115900199,189,133,56
115900200,235,220,15
115900201,552,334,218
115900202,0,56,-56
115900203,11,17,-6
115900204,1,11,-10
115900205,45,40,5
115900206,139,145,-6
115900207,25,26,-1
115900208,104,99,5
115900209,5,114,-109
115900210,2,120,-118
115900211,1,147,-146
115900212,131,211,-80
115900213,65,96,-31
115900214,508,197,311
115900215,33,113,-80
115900216,6,99,-93
115900217,5,27,-22
115900218,3,26,-23
115900219,94,6,88
115900220,127,9,118
115900221,64,17,47
115900222,47,18,29
115900223,1,281,-280
115900224,715,810,-95
115900225,62,34,28
115900226,20,33,-13
115900227,10,31,-21
115900228,16,33,-17
115900229,4,44,-40
115900230,45,101,-56
115900231,89,2,87
115900232,60,3,57
115900233,66,16,50
115900234,41,19,22
115900235,15,31,-16
115900236,28,17,11
115900237,33,22,11
115900238,19,14,5
115900239,10,19,-9
115900240,8,46,-38
115900241,181,97,84
115900242,213,302,-89
115900243,7,17,-10
115900244,26,31,-5
115900245,51,12,39
115900246,13,17,-4
115900247,49,22,27
115900248,14,8,6
115900249,1,7,-6
115900250,8,35,-27
115900251,0,6,-6
115900252,1,2,-1
115900253,5,20,-15
115900254,4,14,-10
115900255,3,13,-10
115900256,21,13,8
115900257,15,25,-10
115900258,1,1,0
115900259,3,3,0
115900260,11,4,7
115900261,8,2,6
115900262,8,1,7
115900263,5,0,5
115900264,6,4,2
115900265,3,8,-5
115900266,5,10,-5
115900267,17,16,1
115900268,11,14,-3
115900269,377,263,114
115900270,313,241,72
115900271,117,0,117
115900272,20,9,11
115900273,13,15,-2
115900274,3,12,-9
115900275,2,20,-18
115900276,0,17,-17
115900277,0,44,-44
115900278,28,72,-44
115900279,15,156,-141
115900280,24,347,-323
115900281,266,218,48
115900282,11,6,5
115900283,10,29,-19
115900284,16,9,7
116000001,8520,3846,4674
116000002,4739,9262,-4523
116000003,1356,1431,-75
116000004,2338,3114,-776
116000005,2013,2718,-705
116000006,2465,2226,239
116000007,2055,2733,-678
116000008,3152,2048,1104
116000009,1397,1860,-463
116000010,2292,1476,816
116000011,799,1549,-750
116000012,1380,1011,369
116000013,6932,3347,3585
116000014,8607,9041,-434
116000015,190,989,-799
116000016,4521,2677,1844
116000017,26,723,-697
116000018,663,260,403
116000019,592,249,343
116000020,613,683,-70
116000021,324,264,60
116000022,351,253,98
116000023,843,537,306
116000024,621,631,-10
116000025,740,724,16
116000026,1717,2342,-625
116000027,491,534,-43
116000028,444,704,-260
116000029,540,564,-24
116000030,718,423,295
116000031,167,314,-147
116000032,337,153,184
116000033,314,408,-94
116000034,566,652,-86
116000035,328,605,-277
116000036,1546,1084,462
116000037,563,465,98
116000038,414,456,-42
116000039,679,345,334
116000040,622,298,324
116000041,132,363,-231
116000042,592,249,343
116000043,74,697,-623
116000044,21,97,-76
116000045,1681,1077,604
116000046,982,1540,-558
116000047,1462,1787,-325
116000048,1544,1532,12
116000049,1114,2826,-1712
116000050,1251,1075,176
116000051,5506,2480,3026
116000052,5029,4537,492
116000053,1716,781,935
116000054,769,2419,-1650
116000055,620,817,-197
116000056,899,910,-11
116000057,2110,1271,839
116000058,2233,1882,351
116000059,2322,3359,-1037
116000060,1670,857,813
116000061,716,880,-164
116000062,517,216,301
116000063,570,861,-291
116000066,335,569,-234
116000067,291,407,-116
116000068,200,364,-164
116000069,277,306,-29
116000078,547,1009,-462
116000080,1554,819,735
116000082,14,38,-24
116000083,1577,439,1138
116000084,1852,3120,-1268
116000085,1951,1644,307
116000086,1736,1074,662
116000087,1703,1311,392
116000088,655,875,-220
116000089,167,62,105
116000090,125,156,-31
116000091,229,233,-4
116000093,571,271,300
116000094,567,553,14
116000095,741,434,307
116000096,612,1045,-433
116000097,832,571,261
116000098,144,4677,-4533
116000099,4323,227,4096
116000100,204,10,194
116000101,833,641,192
116000102,213,937,-724
116000103,536,228,308
116000104,161,942,-781
116000105,1010,166,844
116000106,521,665,-144
116000107,1802,245,1557
116000108,138,126,12
116000111,165,51,114
116000113,150,126,24
116000114,61,124,-63
116000115,609,426,183
116000116,225,462,-237
116000117,1373,1672,-299
116000118,1330,972,358
116000119,2870,1861,1009
116000120,2631,2964,-333
116000121,781,528,253
116000122,1129,1306,-177
116000123,936,405,531
116000124,337,669,-332
116000125,2685,770,1915
116000126,265,1235,-970
116000127,853,1034,-181
116000128,1636,752,884
116000129,1222,277,945
116000130,552,442,110
116000133,986,753,233
116000134,1622,1571,51
116000135,2308,1319,989
116000136,951,1630,-679
116000137,987,606,381
116000138,806,581,225
116000139,1385,1913,-528
116000140,113,154,-41
116000141,307,513,-206
116000142,2676,2376,300
116000143,1789,1528,261
116000144,1232,1656,-424
116000145,1711,1056,655
116000146,487,204,283
116000147,242,129,113
116000148,429,453,-24
116000149,609,508,101
116000151,529,499,30
116000153,96,297,-201
116000155,214,201,13
116000156,370,815,-445
116000157,66,27,39
116000158,384,266,118
116000159,10,11,-1
116000160,3,23,-20
116000161,5,76,-71
116000162,62,73,-11
116000163,20,8,12
116000164,5,13,-8
116000177,88,108,-20
116000194,149,341,-192
116000195,1279,569,710
116000196,4,5,-1
116000197,4,15,-11
116000198,2251,734,1517
116000200,678,403,275
116000201,543,541,2
116000202,12,210,-198
116000203,1,90,-89
116000204,19,63,-44
116000205,1,126,-125
116000206,6,100,-94
116000207,11,82,-71
116000233,190,386,-196
116000287,101,354,-253
116000288,253,169,84
116000292,34,94,-60
116000296,28,271,-243
116000297,138,32,106
116000304,109,47,62
116000305,49,58,-9
116000346,95,84,11
116000352,75,30,45
116000354,17,5,12
116000357,13,17,-4
116000358,354,36,318
116000361,239,4,235
116000372,4269,3654,615
116000381,75,0,75
116000388,0,40,-40
116000389,686,423,263
116000445,330,424,-94
116000446,571,424,147
116000447,19,449,-430
116000448,504,164,340
116000563,628,644,-16
116000565,47,328,-281
116000568,40,251,-211
116000579,39,102,-63
116000583,107,58,49
116000584,16,4,12
116000585,28,15,13
116000586,44,52,-8
116000587,489,596,-107
116000589,91,80,11
116000590,94,124,-30
116000591,239,163,76
116000592,10,74,-64
116000593,0,32,-32
116000594,520,358,162
116000595,512,134,378
116000596,69,2,67
116000597,409,85,324
116000598,8,183,-175
116000605,251,116,135
116000606,98,255,-157
116000607,3,25,-22
116000609,144,777,-633
116000611,125,347,-222
116000612,716,1677,-961
116000613,541,274,267
116000614,337,413,-76
116000615,1,369,-368
116000616,41,41,0
116000617,68,35,33
116000618,0,42,-42
116000619,52,66,-14
116000620,108,65,43
116000621,78,97,-19
116000622,72,143,-71
116000624,215,105,110
116000627,82,36,46
116000628,87,313,-226
116000629,41,245,-204
116000630,475,24,451
116000631,195,51,144
116000632,721,61,660
116000633,171,209,-38
116000634,345,128,217
116000635,2566,2309,257
116000636,859,1217,-358
116000637,401,50,351
116000638,163,223,-60
116000640,34,24,10
116000641,2,3,-1
116000644,33,442,-409
116900001,177,171,6
116900002,221,2,219
116900003,17,28,-11
116900004,31,41,-10
116900005,230,45,185
116900006,99,122,-23
116900007,107,126,-19
116900008,334,242,92
116900009,7,1,6
116900010,2,926,-924
116900011,8,21,-13
116900012,175,136,39
116900013,3,127,-124
116900014,120,147,-27
116900015,351,45,306
116900016,194,1,193
116900017,2,401,-399
116900018,68,42,26
116900019,1,222,-221
116900020,746,778,-32
116900023,63,28,35
116900024,481,33,448
116900025,857,660,197
116900026,112,506,-394
116900027,27,55,-28
116900028,2,72,-70
116900029,0,27,-27
116900031,1,4,-3
116900032,2,250,-248
116900033,2,14,-12
116900034,3,62,-59
116900035,163,156,7
116900036,4,86,-82
116900038,48,3,45
116900041,39,14,25
116900042,409,219,190
116900043,18,51,-33
116900047,23,139,-116
116900049,13,257,-244
116900050,117,358,-241
116900051,155,132,23
116900052,181,56,125
116900055,0,3,-3
116900057,14,188,-174
116900058,28,271,-243
116900059,0,142,-142
116900060,186,147,39
116900062,5,11,-6
116900064,63,512,-449
116900065,46,88,-42
116900067,80,36,44
116900068,126,126,0
116900070,5,1,4
116900072,37,243,-206
116900073,7,107,-100
116900074,7,33,-26
116900076,4,46,-42
116900077,5,58,-53
116900078,185,76,109
116900079,33,171,-138
116900080,17,25,-8
116900081,324,987,-663
116900082,338,749,-411
116900083,33,40,-7
116900084,107,44,63
116900085,45,123,-78
116900086,38,138,-100
116900088,175,69,106
116900090,107,38,69
116900091,222,33,189
116900092,111,495,-384
116900093,1303,1562,-259
116900094,2873,2872,1
116900095,189,89,100
116900096,94,312,-218
116900097,2227,2297,-70
116900098,792,386,406
116900099,607,694,-87
116900100,805,47,758
116900101,317,337,-20
116900103,3,1,2
116900104,67,65,2
116900105,185,102,83
116900106,1716,123,1593
116900107,2782,1997,785
116900110,13,8,5
116900111,471,518,-47
116900112,255,730,-475
116900113,1388,1378,10
116900116,100,551,-451
116900117,110,90,20
116900118,538,751,-213
116900120,326,52,274
116900121,90,19,71
116900122,690,461,229
116900123,162,470,-308
116900124,200,774,-574
116900125,310,136,174
116900126,90,497,-407
116900128,0,27,-27
116900129,1,259,-258
116900130,516,2724,-2208
116900131,14,100,-86
116900132,55,145,-90
116900133,98,126,-28
116900134,177,209,-32
116900136,133,181,-48
116900137,179,140,39
116900138,150,144,6
116900139,114,416,-302
116900140,145,127,18
116900141,757,486,271
116900142,6,74,-68
116900143,258,383,-125
116900144,27,87,-60
116900145,116,191,-75
116900147,510,400,110
116900148,7,52,-45
116900149,55,237,-182
116900150,13,18,-5
116900151,42,20,22
116900153,138,72,66
116900154,427,500,-73
116900155,49,57,-8
116900157,441,168,273
116900158,102,266,-164
116900159,53,233,-180
116900160,723,755,-32
116900161,4424,5205,-781
116900162,13,87,-74
116900163,160,122,38
116900164,88,50,38
116900165,228,275,-47
116900166,44,46,-2
116900167,343,69,274
116900168,326,42,284
116900169,433,486,-53
116900170,314,498,-184
116900171,40,101,-61
116900172,165,287,-122
116900173,154,30,124
116900174,31,38,-7
116900175,191,138,53
116900178,56,85,-29
116900179,102,289,-187
116900180,93,18,75
116900182,437,202,235
116900183,148,83,65
116900185,29,74,-45
116900186,73,159,-86
116900187,61,46,15
116900188,166,33,133
116900189,88,0,88
116900191,395,518,-123
116900192,206,100,106
116900194,133,1251,-1118
116900195,45,23,22
116900196,9,60,-51
116900197,105,8,97
116900198,131,178,-47
116900200,38,12,26
116900201,122,13,109
116900202,126,27,99
116900203,109,3,106
116900204,38,79,-41
116900206,21,26,-5
116900207,24,28,-4
116900208,13,81,-68
116900209,50,87,-37
116900210,472,250,222
116900211,155,6,149
116900212,52,62,-10
116900213,181,76,105
116900214,155,158,-3
116900215,11,19,-8
116900216,185,138,47
116900218,6,161,-155
116900219,1119,351,768
116900220,92,159,-67
116900221,94,220,-126
116900222,377,253,124
116900223,102,229,-127
116900226,69,33,36
116900227,162,71,91
116900228,257,169,88
116900230,60,202,-142
116900231,31,249,-218
116900232,5,325,-320
116900233,210,81,129
116900234,9,10,-1
116900235,156,245,-89
116900238,1391,311,1080
116900239,64,1286,-1222
116900240,4023,2343,1680
116900241,57,101,-44
116900242,793,561,232
116900243,2,17,-15
116900245,22,21,1
116900246,122,15,107
116900247,597,15,582
116900248,79,39,40
116900249,286,80,206
116900250,335,22,313
116900251,373,363,10
116900252,138,546,-408
116900254,17,63,-46
116900255,103,54,49
116900256,344,68,276
116900257,18,330,-312
116900258,2,151,-149
116900259,204,10,194
116900260,6,83,-77
116900261,59,2,57
116900262,208,121,87
116900263,0,9,-9
116900264,6,7,-1
116900265,23,4,19
116900266,14,10,4
116900267,2,0,2
116900268,206,144,62
116900269,205,477,-272
116900271,927,172,755
116900272,310,190,120
116900273,162,76,86
116900274,100,47,53
116900275,138,92,46
116900276,417,140,277
116900277,386,25,361
116900278,7,7,0
116900279,1,15,-14
116900280,32,7,25
116900281,3951,3275,676
116900282,25,188,-163
116900283,23,86,-63
116900284,8,164,-156
116900285,185,177,8
116900286,180,19,161
116900287,4,28,-24
116900288,72,85,-13
116900289,16,13,3
116900290,5,16,-11
116900291,8,5,3
116900292,0,6,-6
116900293,38,58,-20
116900294,30,111,-81
116900295,97,50,47
116900296,55,60,-5
116900297,1,92,-91
116900298,94,57,37
116900299,32,42,-10
116900300,1,35,-34
116900301,58,115,-57
116900302,46,47,-1
116900303,281,70,211
116900304,0,174,-174
116900305,21,46,-25
116900306,170,99,71
116900307,59,4,55
116900308,1,94,-93
116900309,75,119,-44
117000001,1703,1418,285
117000002,1937,3446,-1509
117000003,5778,2916,2862
117000004,3276,4077,-801
117000005,2005,1649,356
117000006,1090,2608,-1518
117000007,3413,1138,2275
117000008,858,2805,-1947
117000009,4650,1896,2754
117000010,2360,3166,-806
117000011,1886,1466,420
117000012,1079,1052,27
117000013,1758,733,1025
117000014,1120,1840,-720
117000015,2103,1196,907
117000016,319,100,219
117000017,212,89,123
117000018,155,469,-314
117000019,76,29,47
117000020,467,1153,-686
117000021,1418,526,892
117000022,332,104,228
117000023,220,194,26
117000024,200,199,1
117000025,382,839,-457
117000026,1750,1119,631
117000027,2084,5397,-3313
117000028,3676,1890,1786
117000030,500,446,54
117000031,359,273,86
117000032,1299,940,359
117000033,988,558,430
117000034,313,278,35
117000035,313,290,23
117000036,318,299,19
117000037,221,193,28
117000038,195,526,-331
117000039,436,213,223
117000040,196,757,-561
117000041,907,150,757
117000044,12,575,-563
117000045,374,70,304
117000046,377,591,-214
117000047,801,578,223
117000048,1760,858,902
117000049,109,503,-394
117000050,134,1480,-1346
117000051,2202,136,2066
117000052,68,272,-204
117000053,575,62,513
117000054,1618,6,1612
117000055,57,2202,-2145
117000056,617,20,597
117000057,508,1868,-1360
117000060,546,1092,-546
117000061,1416,827,589
117000062,331,626,-295
117000063,1606,1011,595
117000064,685,691,-6
117000066,772,823,-51
117000067,127,468,-341
117000074,108,173,-65
117000076,79,26,53
117000077,132,160,-28
117000078,131,562,-431
117000079,346,228,118
117000080,1,316,-315
117000081,1043,93,950
117000082,25,81,-56
117000083,142,12,130
117000084,230,2,228
117000085,269,666,-397
117000086,714,418,296
117000087,83,408,-325
117000088,234,167,67
117000089,1441,260,1181
117000090,271,932,-661
117000091,741,247,494
117000092,373,960,-587
117000093,1097,732,365
117000094,1278,2227,-949
117000095,3440,828,2612
117000096,577,1955,-1378
117000097,1319,1047,272
117000098,2232,3542,-1310
117000099,3114,1113,2001
117000100,194,309,-115
117000101,191,872,-681
117000102,1597,682,915
117000103,654,1319,-665
117000104,1138,619,519
117000105,760,1176,-416
117000106,1059,730,329
117000107,483,1454,-971
117000108,1606,871,735
117000109,1397,2170,-773
117000110,1378,1021,357
117000111,3383,3704,-321
117000112,2898,1571,1327
117000113,158,231,-73
117000114,210,122,88
117000115,133,82,51
117000116,165,205,-40
117000117,1275,877,398
117000118,283,128,155
117000119,165,173,-8
117000120,135,513,-378
117000121,123,1152,-1029
117000122,314,599,-285
117000123,1282,40,1242
117000124,682,60,622
117000125,325,91,234
117000126,56,20,36
117000127,142,224,-82
117000128,369,616,-247
117000129,353,670,-317
117000130,120,1,119
117000131,0,106,-106
117000132,2516,49,2467
117000133,1265,26,1239
117000134,1,48,-47
117000135,2,48,-46
117000136,1,21,-20
117000137,89,136,-47
117000138,3,549,-546
117000140,382,1220,-838
117000141,1405,535,870
117000181,432,223,209
117000182,347,389,-42
117000195,130,755,-625
117000196,236,131,105
117000225,134,37,97
117000226,6,71,-65
117000276,226,28,198
117000277,1,264,-263
117000310,1431,1919,-488
117000315,36,508,-472
117000320,80,0,80
117000906,321,12,309
117000907,19,260,-241
117000909,47,31,16
117000910,215,171,44
117000911,117,200,-83
117000915,6,398,-392
117000916,27,1,26
117000917,1185,23,1162
117000918,61,59,2
117000919,4,64,-60
117000920,2,899,-897
117000921,0,995,-995
117000922,29,82,-53
117000924,317,667,-350
117000926,646,88,558
117000927,1651,1286,365
117000928,1,133,-132
117000929,181,230,-49
117000930,230,18,212
117000931,408,176,232
117900002,107,348,-241
117900003,612,367,245
117900005,6,37,-31
117900006,0,19,-19
117900007,119,96,23
117900008,0,25,-25
117900010,193,62,131
117900011,16,77,-61
117900012,48,63,-15
117900013,0,154,-154
117900014,453,87,366
117900015,7,80,-73
117900016,843,656,187
117900017,403,216,187
117900018,154,92,62
117900019,344,205,139
117900020,57,484,-427
117900021,36,66,-30
117900023,600,105,495
117900024,77,46,31
117900025,46,10,36
117900026,345,208,137
117900028,52,7,45
117900029,180,440,-260
117900030,570,186,384
117900031,125,54,71
117900032,888,517,371
117900033,214,420,-206
117900034,57,51,6
117900035,173,47,126
117900036,172,279,-107
117900037,141,74,67
117900038,32,253,-221
117900039,4,46,-42
117900040,153,337,-184
117900041,4,37,-33
117900042,2789,260,2529
117900043,32,45,-13
117900044,12,2326,-2314
117900045,221,144,77
117900048,299,230,69
117900049,223,355,-132
117900050,23,39,-16
117900051,10,2,8
117900052,40,289,-249
117900053,1604,544,1060
117900054,1,46,-45
117900055,154,135,19
117900056,250,39,211
117900057,1023,1074,-51
117900058,90,23,67
117900059,264,106,158
117900060,2155,4016,-1861
117900061,14,188,-174
117900063,293,167,126
117900065,619,995,-376
117900066,9,42,-33
117900067,385,145,240
117900069,502,229,273
117900070,142,29,113
117900071,76,121,-45
117900073,406,221,185
117900074,139,36,103
117900075,101,85,16
117900076,19,45,-26
117900077,433,92,341
117900078,314,718,-404
117900080,130,44,86
117900081,471,281,190
117900082,338,335,3
117900083,247,338,-91
117900086,123,33,90
117900087,124,48,76
117900088,3019,1672,1347
117900089,2049,714,1335
117900090,361,350,11
117900091,235,169,66
117900092,70,28,42
117900093,86,51,35
117900094,42,20,22
117900095,247,330,-83
117900096,88,199,-111
117900097,201,75,126
117900098,51,15,36
117900099,178,163,15
117900100,152,1,151
117900101,368,1467,-1099
117900102,55,39,16
117900103,79,1,78
117900104,21,133,-112
117900105,142,174,-32
117900106,97,27,70
117900107,33,1,32
117900109,534,314,220
117900110,105,0,105
117900111,291,16,275
117900112,63,14,49
117900113,2012,1422,590
117900114,15,1,14
117900115,281,66,215
117900116,756,699,57
117900117,538,266,272
117900118,60,1,59
117900119,126,154,-28
117900120,155,52,103
117900121,51,8,43
117900122,1034,3039,-2005
117900123,583,298,285
117900124,585,582,3
117900125,1759,1986,-227
117900126,260,465,-205
117900127,382,348,34
117900128,283,414,-131
117900129,79,0,79
117900130,725,304,421
117900131,2,105,-103
117900132,15,82,-67
117900133,13,110,-97
117900134,43,192,-149
117900135,32,127,-95
117900136,0,24,-24
117900137,25,231,-206
117900138,1,30,-29
117900139,117,115,2
117900140,2586,275,2311
117900141,161,178,-17
117900142,73,64,9
117900144,56,113,-57
117900145,30,29,1
117900146,201,147,54
117900147,87,51,36
117900148,2037,1258,779
117900149,134,156,-22
117900150,42,37,5
117900151,29,47,-18
117900152,94,51,43
117900153,20,84,-64
117900154,359,467,-108
117900156,809,695,114
117900157,93,517,-424
117900158,194,108,86
117900160,575,696,-121
117900161,2065,1759,306
117900162,311,323,-12
117900163,46,120,-74
117900165,1,24,-23
117900166,85,525,-440
117900168,7,122,-115
117900169,2,112,-110
117900170,0,24,-24
117900171,1,23,-22
117900172,18,39,-21
117900173,124,84,40
117900174,15,68,-53
117900175,4,24,-20
117900176,16,14,2
117900177,40,46,-6
117900178,57,29,28
117900180,202,50,152
117900181,73,266,-193
117900182,0,44,-44
117900183,56,141,-85
117900184,16,42,-26
117900185,40,30,10
117900186,41,13,28
117900187,9,4,5
117900188,148,72,76
117900189,60,27,33
117900190,20,1,19
117900191,88,0,88
117900192,187,2,185
117900193,28,61,-33
117900194,11,4,7
117900195,13,35,-22
117900196,16,22,-6
117900207,103,114,-11
117900208,18,22,-4
117900209,200,129,71
117900210,88,165,-77
117900211,3,134,-131
117900212,128,148,-20
117900213,31,6,25
117900214,4,24,-20
117900215,15,39,-24
117900216,18,23,-5
117900217,119,410,-291
117900218,113,123,-10
117900219,0,154,-154
117900220,59,89,-30
117900222,176,219,-43
117900223,145,258,-113
118000001,677,1218,-541
118000002,653,1483,-830
118000003,2100,3602,-1502
118000004,3160,2242,918
118000005,4182,5393,-1211
118000006,4901,8703,-3802
118000007,4429,3334,1095
118000008,4250,3456,794
118000009,1606,2257,-651
118000010,4172,3366,806
118000011,1283,1622,-339
118000012,903,1539,-636
118000013,2058,2259,-201
118000014,1591,2038,-447
118000016,193,320,-127
118000017,403,307,96
118000018,326,409,-83
118000019,2161,1370,791
118000020,1307,2940,-1633
118000021,662,2738,-2076
118000022,1692,757,935
118000023,863,264,599
118000024,1400,1168,232
118000027,12183,11342,841
118000029,883,693,190
118000032,1041,3518,-2477
118000033,2618,5279,-2661
118000034,4523,2497,2026
118000035,1721,2594,-873
118000036,821,1039,-218
118000037,626,719,-93
118000038,146,100,46
118000039,77,186,-109
118000040,1314,1089,225
118000041,1844,1083,761
118000045,485,162,323
118000046,1264,483,781
118000047,822,851,-29
118000048,2510,1812,698
118000051,2711,1605,1106
118000052,1795,774,1021
118000053,316,483,-167
118000054,1475,1697,-222
118000055,1258,1832,-574
118000056,270,355,-85
118000057,178,425,-247
118000058,2264,1580,684
118000059,1426,1119,307
118000060,1012,483,529
118000061,1067,1247,-180
118000062,507,270,237
118000063,287,606,-319
118000064,709,927,-218
118000065,3366,1343,2023
118000066,659,1215,-556
118000067,980,817,163
118000068,1599,3743,-2144
118000069,2431,997,1434
118000070,4228,1586,2642
118000071,2850,5337,-2487
118000072,1522,1255,267
118000073,1841,623,1218
118000074,369,660,-291
118000075,616,265,351
118000076,1326,2056,-730
118000077,1256,1246,10
118000078,1590,2082,-492
118000079,203,372,-169
118000080,958,910,48
118000081,1733,1071,662
118000082,318,1118,-800
118000083,1353,1417,-64
118000084,2694,1404,1290
118000086,233,468,-235
118000087,4037,2341,1696
118000088,1683,1487,196
118000089,3019,1734,1285
118000090,1356,2285,-929
118000091,1048,1978,-930
118000092,880,520,360
118000093,67,591,-524
118000096,421,558,-137
118000097,776,565,211
118000098,256,160,96
118000099,533,583,-50
118000101,1034,384,650
118000102,371,951,-580
118000107,1269,456,813
118000108,579,1425,-846
118000110,0,17,-17
118000111,0,235,-235
118000112,422,3,419
118000113,3,430,-427
118000114,316,8,308
118000115,14,5,9
118000116,50,0,50
118000117,1162,603,559
118000118,815,908,-93
118000119,758,998,-240
118000120,1436,1185,251
118000121,97,715,-618
118000122,1247,308,939
118000123,46,269,-223
118000125,1411,766,645
118000126,712,1318,-606
118000127,1524,591,933
118000128,632,1034,-402
118000129,838,516,322
118000130,1821,2559,-738
118000131,556,909,-353
118000132,2321,1730,591
118000133,895,389,506
118000135,484,361,123
118000136,143,351,-208
118000137,506,96,410
118000138,340,434,-94
118000139,407,80,327
118000140,1946,3614,-1668
118000141,1802,1619,183
118000142,1585,1230,355
118000143,1808,950,858
118000144,905,704,201
118000145,1378,1416,-38
118000146,1054,635,419
118000147,710,1250,-540
118000148,459,1021,-562
118000149,832,881,-49
118000150,490,269,221
118000151,416,370,46
118000153,1322,973,349
118000154,1363,1307,56
118000155,1096,1114,-18
118000156,1452,1926,-474
118000157,459,342,117
118000158,178,386,-208
118000159,25,87,-62
118000160,473,327,146
118000161,415,594,-179
118000162,1109,775,334
118000163,805,658,147
118000164,1715,1035,680
118000168,709,400,309
118000169,974,909,65
118000170,3087,3899,-812
118000171,386,552,-166
118000172,106,265,-159
118000173,823,929,-106
118000175,245,294,-49
118000176,238,375,-137
118000177,263,501,-238
118000178,39,39,0
118000179,898,949,-51
118000180,765,621,144
118000181,617,222,395
118000182,270,213,57
118000183,203,286,-83
118000184,737,524,213
118000185,940,974,-34
118000186,693,932,-239
118000187,1117,555,562
118000188,457,154,303
118000189,435,457,-22
118000190,11,6,5
118000191,40,9,31
118000192,295,477,-182
118000193,130,427,-297
118000194,1078,863,215
118000195,901,891,10
118000196,270,160,110
118000197,229,158,71
118000198,356,574,-218
118000199,369,264,105
118000200,58,215,-157
118000201,372,386,-14
118000202,38,47,-9
118000203,933,577,356
118000204,157,348,-191
118000205,182,292,-110
118000206,223,155,68
118000207,0,42,-42
118000208,1132,1288,-156
118000209,1632,1323,309
118000210,59,28,31
118000211,30,38,-8
118000213,1208,1471,-263
118000214,591,456,135
118000215,299,133,166
118000216,1426,1623,-197
118000217,38,87,-49
118000218,74,91,-17
118000219,510,262,248
118000220,7,72,-65
118000221,180,260,-80
118000222,63,7,56
118000223,40,49,-9
118000224,119,93,26
118000225,138,550,-412
118000226,808,171,637
118000227,600,348,252
118000228,123,208,-85
118000229,220,55,165
118000230,125,148,-23
118000231,48,154,-106
118000232,655,621,34
118000233,968,641,327
118000234,421,143,278
118000236,325,273,52
118000237,79,270,-191
118000238,234,113,121
118000239,239,199,40
118000240,311,171,140
118000241,129,152,-23
118000242,269,431,-162
118000243,242,164,78
118000244,58,106,-48
118000246,0,16,-16
118000255,87,316,-229
118000256,140,275,-135
118000259,8,41,-33
118000260,120,89,31
118000261,39,40,-1
118000263,90,130,-40
118000266,115,183,-68
118000267,1,89,-88
118000268,270,4,266
118000270,82,25,57
118000271,202,269,-67
118000272,124,57,67
118000273,116,73,43
118000274,74,190,-116
118000276,462,319,143
118000295,3,102,-99
118000298,114,188,-74
118000299,66,133,-67
118000301,0,52,-52
118000302,81,44,37
118000311,403,89,314
118000312,257,139,118
118000313,31,79,-48
118000314,77,44,33
118000315,22,26,-4
118000316,572,399,173
118000325,58,31,27
118000326,23,45,-22
118000331,14,38,-24
118000332,14,23,-9
118000333,26,68,-42
118000335,282,1,281
118000336,0,140,-140
118000407,138,62,76
118000457,5,35,-30
118000465,3015,3664,-649
118000480,35,52,-17
118000489,57,364,-307
118000490,71,255,-184
118000492,294,161,133
118000510,35,23,12
118000514,144,215,-71
118000515,683,503,180
118000517,305,163,142
118000524,276,260,16
118000525,607,668,-61
118000530,14,68,-54
118000531,344,263,81
118000532,187,231,-44
118000533,311,107,204
118000534,496,359,137
118000535,295,141,154
118000536,524,1330,-806
118000537,26,102,-76
118000538,31,61,-30
118000539,9,85,-76
118000540,205,76,129
118000541,154,50,104
118000542,87,113,-26
118000543,151,132,19
118000546,59,20,39
118000553,0,2,-2
118000557,0,0,0
118000560,1920,1842,78
118000562,40,156,-116
118000563,1249,1050,199
118000576,221,137,84
118000577,185,126,59
118000578,191,90,101
118000579,500,1005,-505
118000583,0,0,0
118000595,215,96,119
118000596,0,35,-35
118000597,153,113,40
118000598,5,0,5
118000599,64,55,9
118000600,1,7,-6
118000601,5,0,5
118000602,1,1,0
118000603,0,11,-11
118000605,51,221,-170
118900001,413,969,-556
118900002,647,671,-24
118900003,378,9,369
118900004,27,51,-24
118900005,90,2,88
118900006,149,12,137
118900007,11,2,9
118900008,1289,48,1241
118900009,50,45,5
118900010,52,3,49
118900011,131,21,110
118900012,306,180,126
118900013,358,128,230
118900015,163,30,133
118900016,8,12,-4
118900017,175,262,-87
118900018,664,29,635
118900019,41,28,13
118900020,168,114,54
118900021,162,271,-109
118900022,120,101,19
118900023,139,87,52
118900024,84,109,-25
118900025,51,20,31
118900026,66,68,-2
118900027,373,197,176
118900028,188,106,82
118900029,232,290,-58
118900030,310,37,273
118900031,119,88,31
118900032,199,163,36
118900033,303,347,-44
118900034,113,23,90
118900035,112,122,-10
118900036,985,542,443
118900037,283,240,43
118900038,382,117,265
118900039,344,122,222
118900040,182,157,25
118900041,409,170,239
118900042,188,84,104
118900045,280,133,147
118900046,801,398,403
118900047,454,195,259
118900048,144,163,-19
118900049,54,36,18
118900050,15,85,-70
118900051,125,115,10
118900052,263,170,93
118900053,31,90,-59
118900054,97,51,46
118900055,63,55,8
118900056,80,306,-226
118900057,679,434,245
118900058,341,289,52
118900059,19,73,-54
118900060,51,140,-89
118900062,247,177,70
118900064,562,549,13
118900065,38,110,-72
118900066,67,80,-13
118900067,3174,2728,446
118900068,1,216,-215
118900069,330,175,155
118900071,7,76,-69
118900072,391,301,90
118900073,106,86,20
118900074,134,165,-31
118900075,39,54,-15
118900076,176,83,93
118900077,205,141,64
118900078,57,7,50
118900079,45,183,-138
118900080,27,85,-58
118900081,80,28,52
118900082,609,149,460
118900083,29,4,25
118900084,14,18,-4
118900085,552,748,-196
118900086,33,57,-24
118900087,6,134,-128
118900088,0,9,-9
118900089,33,19,14
118900090,413,287,126
118900091,140,165,-25
118900092,97,78,19
118900093,161,31,130
118900096,69,112,-43
118900097,232,311,-79
118900099,69,159,-90
118900100,135,216,-81
118900101,64,269,-205
118900102,30,72,-42
118900103,32,100,-68
118900104,179,114,65
118900105,206,97,109
118900107,152,70,82
118900108,73,79,-6
118900110,1111,697,414
118900111,382,371,11
118900112,68,150,-82
118900113,72,318,-246
118900114,18,85,-67
118900115,78,243,-165
118900116,110,174,-64
118900117,121,145,-24
118900118,238,271,-33
118900119,113,179,-66
118900120,69,249,-180
118900121,11,127,-116
118900122,11,704,-693
118900123,142,162,-20
118900124,85,144,-59
118900126,19,290,-271
118900129,215,199,16
118900130,75,183,-108
118900131,133,149,-16
118900132,225,162,63
118900133,21,102,-81
118900135,159,179,-20
118900136,189,453,-264
118900137,9,28,-19
118900139,152,263,-111
118900140,379,481,-102
118900141,87,75,12
118900144,143,269,-126
118900145,38,93,-55
118900146,312,532,-220
118900147,172,160,12
118900148,102,37,65
118900150,137,469,-332
118900152,480,634,-154
118900157,57,150,-93
118900158,61,53,8
118900159,0,123,-123
118900161,56,11,45
118900163,81,59,22
118900164,2,59,-57
118900165,41,117,-76
118900166,15,9,6
118900167,92,83,9
118900168,12,119,-107
118900169,107,214,-107
118900170,96,94,2
118900171,34,40,-6
118900174,60,55,5
118900175,327,419,-92
118900176,132,233,-101
118900177,47,24,23
118900178,45,156,-111
118900179,10,22,-12
118900181,93,86,7
118900182,80,35,45
118900183,33,121,-88
118900184,206,55,151
118900185,74,67,7
118900186,115,71,44
118900187,236,243,-7
118900188,247,200,47
118900189,31,638,-607
118900190,13,243,-230
118900191,153,55,98
118900192,173,18,155
118900193,482,8,474
118900195,230,472,-242
118900196,30,91,-61
118900197,109,33,76
118900198,28,9,19
118900199,75,23,52
118900200,18,7,11
118900201,27,33,-6
118900202,7,46,-39
118900203,11,11,0
118900204,16,22,-6
118900205,2,5,-3
118900206,4,16,-12
119000001,1249,1515,-266
119000002,3064,2602,462
119000003,1960,979,981
119000004,1742,1031,711
119000005,1675,1596,79
119000006,2461,1277,1184
119000007,2871,2549,322
119000008,1644,1416,228
119000009,3019,3771,-752
119000010,5045,3742,1303
119000011,3230,2388,842
119000012,2421,2871,-450
119000013,2339,1496,843
119000014,1611,2260,-649
119000019,260,134,126
119000020,1723,1148,575
119000021,3612,1833,1779
119000022,1733,1951,-218
119000023,268,226,42
119000024,1538,8913,-7375
119000025,5171,1055,4116
119000026,130,424,-294
119000027,268,396,-128
119000028,1531,760,771
119000029,71,291,-220
119000030,534,846,-312
119000031,756,591,165
119000032,1420,1846,-426
119000033,2101,1246,855
119000034,1039,795,244
119000035,36,264,-228
119000036,1627,602,1025
119000037,1074,1288,-214
119000038,120,665,-545
119000039,277,243,34
119000040,797,525,272
119000041,626,1122,-496
119000048,2681,2342,339
119000049,1653,1723,-70
119000050,1525,1704,-179
119000051,1699,935,764
119000052,1645,2542,-897
119000053,1849,1174,675
119000054,2981,2546,435
119000055,3819,2648,1171
119000056,2299,1851,448
119000057,1505,1513,-8
119000058,1799,1479,320
119000059,1039,1217,-178
119000060,1371,1014,357
119000061,969,747,222
119000062,1031,1057,-26
119000063,444,389,55
119000064,851,975,-124
119000065,1558,2602,-1044
119000066,1800,960,840
119000067,1567,1704,-137
119000068,1493,906,587
119000069,1261,1864,-603
119000070,2281,760,1521
119000071,466,583,-117
119000072,3980,2418,1562
119000073,3713,5523,-1810
119000074,1091,1739,-648
119000075,1981,1725,256
119000076,275,760,-485
119000077,562,455,107
119000078,320,210,110
119000079,121,562,-441
119000080,441,185,256
119000081,223,416,-193
119000082,691,216,475
119000083,519,303,216
119000084,263,394,-131
119000085,500,188,312
119000086,236,353,-117
119000087,1497,729,768
119000088,351,246,105
119000089,77,170,-93
119000090,172,149,23
119000091,131,349,-218
119000092,429,180,249
119000093,3106,2397,709
119000094,2933,4398,-1465
119000095,1532,2639,-1107
119000097,1774,1275,499
119000098,828,2169,-1341
119000099,2169,1351,818
119000100,3343,2605,738
119000101,3266,1634,1632
119000102,725,1014,-289
119000103,1222,525,697
119000104,1904,1058,846
119000105,906,1887,-981
119000106,336,1046,-710
119000107,740,399,341
119000108,364,668,-304
119000109,85,438,-353
119000110,351,287,64
119000111,37,541,-504
119000112,170,81,89
119000113,1785,196,1589
119000114,779,630,149
119000115,144,114,30
119000116,69,84,-15
119000117,119,243,-124
119000118,2,0,2
119000123,3280,1952,1328
119000124,531,192,339
119000125,3513,648,2865
119000126,1206,637,569
119000127,530,426,104
119000128,20,6,14
119000131,900,533,367
119000132,4,11,-7
119000133,0,7,-7
119000134,1576,507,1069
119000135,107,187,-80
119000136,224,152,72
119000137,187,275,-88
119000138,424,227,197
119000139,248,186,62
119000140,215,332,-117
119000284,1256,2354,-1098
119000285,1862,1758,104
119000286,5997,4629,1368
119000287,1076,1801,-725
119000288,1621,1150,471
119000289,1456,2229,-773
119000290,192,286,-94
119000291,11,217,-206
119000293,143,147,-4
119000294,46,21,25
119000295,1068,310,758
119000296,255,104,151
119000297,0,0,0
119000299,0,0,0
119000302,2044,1068,976
119000303,41,152,-111
119000314,1354,8914,-7560
119000315,0,243,-243
119000316,126,76,50
119000317,76,242,-166
119900001,227,1149,-922
119900002,117,194,-77
119900003,60,833,-773
119900004,285,991,-706
119900005,196,100,96
119900006,180,347,-167
119900007,935,209,726
119900008,162,39,123
119900009,550,559,-9
119900010,614,798,-184
119900011,19,93,-74
119900012,10,73,-63
119900013,1680,1057,623
119900014,362,154,208
119900015,113,22,91
119900016,21,71,-50
119900017,57,42,15
119900018,1540,730,810
119900019,37,11,26
119900020,229,258,-29
119900021,152,51,101
119900022,90,562,-472
119900023,366,1311,-945
119900025,193,16,177
119900026,627,137,490
119900027,23,33,-10
119900028,185,133,52
119900029,3,9,-6
119900030,436,425,11
119900031,36,338,-302
119900033,1859,237,1622
119900034,346,114,232
119900037,188,28,160
119900038,71,281,-210
119900039,36,4,32
119900040,85,24,61
119900041,102,11,91
119900042,70,154,-84
119900043,55,98,-43
119900044,156,680,-524
119900046,129,56,73
119900047,229,87,142
119900048,127,42,85
119900049,111,8,103
119900050,147,94,53
119900051,901,19,882
119900052,52,25,27
119900053,186,130,56
119900054,111,9,102
119900055,1251,467,784
119900057,194,56,138
119900058,245,5,240
119900059,111,50,61
119900060,214,11,203
119900061,225,8,217
119900062,85,17,68
119900063,10,46,-36
119900065,233,12,221
119900067,101,16,85
119900068,481,4,477
119900069,138,10,128
119900070,808,8,800
119900071,536,22,514
119900073,1569,610,959
119900074,26,27,-1
119900075,3746,2237,1509
119900076,523,281,242
119900077,743,922,-179
119900078,628,828,-200
119900079,491,196,295
119900080,225,233,-8
119900081,442,87,355
119900082,1058,205,853
119900083,373,118,255
119900084,443,217,226
119900085,55,52,3
119900086,585,870,-285
119900087,512,430,82
119900088,53,29,24
119900089,31,395,-364
119900090,145,45,100
119900091,48,594,-546
119900092,38,255,-217
119900093,1093,207,886
119900094,65,218,-153
119900095,161,83,78
119900096,47,111,-64
119900097,495,166,329
119900098,33,42,-9
119900099,33,150,-117
119900100,1575,2137,-562
119900101,137,989,-852
119900102,32,172,-140
119900103,26,241,-215
119900104,49,183,-134
119900105,472,1791,-1319
119900106,13,94,-81
119900107,277,1996,-1719
119900108,2246,591,1655
119900109,23,133,-110
119900110,592,487,105
119900111,107,251,-144
119900112,1265,467,798
119900113,71,254,-183
119900114,275,775,-500
119900115,272,886,-614
119900116,112,498,-386
119900117,279,446,-167
119900118,102,632,-530
119900119,201,176,25
119900120,517,420,97
119900121,357,837,-480
119900122,501,303,198
119900123,178,257,-79
119900124,229,667,-438
119900125,52,261,-209
119900126,2889,241,2648
119900127,1792,931,861
119900128,368,587,-219
119900129,256,389,-133
119900130,26,181,-155
119900131,49,187,-138
119900132,2,189,-187
119900133,48,83,-35
119900134,1217,175,1042
119900135,3,272,-269
119900136,153,287,-134
119900138,283,463,-180
119900139,37,105,-68
119900140,0,120,-120
119900141,99,616,-517
119900142,7,27,-20
119900143,22,186,-164
119900144,1356,205,1151
119900145,90,107,-17
119900146,136,163,-27
119900147,3,103,-100
119900148,186,46,140
119900149,840,3237,-2397
119900150,175,126,49
119900151,1227,528,699
119900152,101,218,-117
119900153,156,62,94
119900154,22,385,-363
119900155,35,55,-20
119900156,36,21,15
119900157,110,144,-34
119900158,157,57,100
119900159,3,1054,-1051
119900160,23,105,-82
119900161,138,129,9
119900162,739,763,-24
119900163,111,134,-23
119900164,2,6,-4
119900165,165,147,18
119900166,69,32,37
119900167,79,69,10
119900168,728,354,374
119900169,70,319,-249
119900170,217,252,-35
119900171,862,280,582
119900172,102,27,75
119900173,6,326,-320
119900174,25,124,-99
119900175,1031,583,448
119900177,19,161,-142
119900178,98,182,-84
119900179,100,411,-311
119900180,820,743,77
119900181,70,135,-65
119900182,10,236,-226
119900183,140,458,-318
119900184,1675,491,1184
119900185,57,161,-104
119900186,54,723,-669
119900187,8,261,-253
119900188,76,266,-190
119900189,429,406,23
119900190,56,277,-221
119900191,279,218,61
119900192,38,127,-89
119900193,287,130,157
119900194,24,110,-86
119900195,14,112,-98
119900196,865,323,542
119900197,178,130,48
119900198,160,241,-81
119900199,147,31,116
119900200,490,522,-32
119900201,307,135,172
119900202,96,223,-127
119900203,144,510,-366
119900204,245,222,23
119900205,601,371,230
119900206,169,127,42
119900208,126,127,-1
119900209,447,1084,-637
119900210,28,33,-5
119900211,87,10,77
119900212,196,203,-7
119900213,7,60,-53
119900214,24,85,-61
119900215,46,57,-11
119900216,13,45,-32
119900217,16,57,-41
119900218,24,64,-40
119900219,12,96,-84
119900220,7,66,-59
119900221,13,240,-227
119900222,10,148,-138
119900223,13,55,-42
119900224,28,24,4
119900225,803,48,755
119900226,502,1504,-1002
119900227,897,232,665
119900228,139,179,-40
119900229,353,343,10
119900230,1238,418,820
119900231,188,131,57
119900232,209,114,95
119900233,30,3,27
119900234,6,53,-47
119900235,15,33,-18
119900236,38,190,-152
119900237,45,278,-233
119900238,1,58,-57
119900240,67,146,-79
119900241,136,219,-83
119900242,858,1076,-218
119900244,514,1109,-595
119900245,121,143,-22
119900246,246,486,-240
119900247,15,124,-109
119900248,105,213,-108
119900249,236,66,170
119900253,1868,315,1553
119900254,73,515,-442
119900255,58,510,-452
119900256,392,647,-255
119900257,34,5,29
119900258,138,13,125
119900259,34,110,-76
119900260,88,4,84
119900261,253,113,140
119900262,0,156,-156
119900263,934,338,596
119900264,75,87,-12
119900265,443,308,135
119900266,296,232,64
119900267,365,509,-144
119900268,164,127,37
119900269,985,788,197
119900271,19,93,-74
119900272,404,201,203
119900275,101,1,100
119900276,73,3,70
119900277,12,4,8
119900278,130,86,44
119900279,116,210,-94
119900280,628,140,488
119900281,1,161,-160
119900282,44,106,-62
119900283,18,181,-163
119900284,61,159,-98
119900285,21,45,-24
119900286,1,8,-7
119900288,5,21,-16
119900289,4,41,-37
119900290,1,16,-15
119900291,4,60,-56
119900292,71,86,-15
119900293,18,88,-70
119900294,29,89,-60
119900295,34,29,5
119900296,46,180,-134
119900297,3,18,-15
119900298,11,18,-7
119900299,64,155,-91
119900300,207,88,119
119900301,27,17,10
119900302,20,37,-17
119900303,200,128,72
119900304,157,36,121
119900305,11,86,-75
119900306,19,3,16
119900307,26,70,-44
119900308,11,14,-3
119900309,38,125,-87
119900310,236,246,-10
119900311,76,84,-8
119900312,91,63,28
119900313,201,214,-13
119900314,138,331,-193
119900315,1539,1561,-22
119900318,11,32,-21
119900319,1,176,-175
119900320,110,365,-255
119900321,55,1,54
120000001,4688,12857,-8169
120000002,2551,2518,33
120000003,2986,1641,1345
120000004,2573,1937,636
120000005,3796,1926,1870
120000006,1228,1177,51
120000007,3098,2695,403
120000008,1014,1255,-241
120000009,2431,892,1539
120000010,1662,2009,-347
120000011,966,1387,-421
120000012,1524,2272,-748
120000013,2892,2413,479
120000014,693,1410,-717
120000015,2448,1378,1070
120000016,3487,2196,1291
120000017,2381,2046,335
120000018,3501,9930,-6429
120000019,987,1327,-340
120000020,2867,2752,115
120000021,1778,2191,-413
120000022,2670,3746,-1076
120000023,1122,1664,-542
120000024,1486,2410,-924
120000025,2517,1978,539
120000026,1758,1666,92
120000027,1992,2043,-51
120000028,717,1298,-581
120000029,2547,931,1616
120000030,210,894,-684
120000031,1789,5650,-3861
120000032,6810,3535,3275
120000033,4126,1631,2495
120000034,1612,1496,116
120000035,1775,1645,130
120000036,2566,4346,-1780
120000037,711,1482,-771
120000038,4904,3208,1696
120000039,549,697,-148
120000040,107,391,-284
120000041,1666,1390,276
120000042,2208,1850,358
120000043,4103,1446,2657
120000044,4636,1418,3218
120000045,5274,1016,4258
120000046,2680,2332,348
120000047,848,4046,-3198
120000048,6135,3902,2233
120000049,3133,2771,362
120000050,3466,3456,10
120000051,2803,3903,-1100
120000052,7000,2242,4758
120000053,1277,2185,-908
120000054,1317,3306,-1989
120000055,1650,3878,-2228
120000056,3789,3031,758
120000057,3043,1020,2023
120000058,4230,1183,3047
120000059,10,1557,-1547
120000061,120,491,-371
120000062,224,266,-42
120000063,1430,2185,-755
120000064,232,879,-647
120000065,468,1195,-727
120000066,275,434,-159
120000067,62,424,-362
120000068,199,609,-410
120000069,511,785,-274
120000070,87,550,-463
120000071,417,131,286
120000072,783,419,364
120000073,861,104,757
120000074,155,94,61
120000075,884,301,583
120000076,1869,373,1496
120000077,1696,659,1037
120000078,3251,1289,1962
120000079,390,340,50
120000080,261,240,21
120000081,339,175,164
120000082,248,322,-74
120000083,130,782,-652
120000084,316,285,31
120000085,242,273,-31
120000086,268,375,-107
120000087,163,464,-301
120000088,856,981,-125
120000089,1066,594,472
120000090,735,478,257
120000091,878,913,-35
120000092,1167,527,640
120000093,430,383,47
120000094,199,664,-465
120000095,848,428,420
120000096,210,608,-398
120000098,905,692,213
120000099,400,633,-233
120000100,770,845,-75
120000101,481,403,78
120000102,447,717,-270
120000103,1396,850,546
120000104,1751,523,1228
120000105,2894,775,2119
120000106,2072,667,1405
120000107,3506,574,2932
120000108,1148,125,1023
120000109,1041,79,962
120000110,84,761,-677
120000111,125,892,-767
120000112,656,2197,-1541
120000113,625,1652,-1027
120000114,1020,2170,-1150
120000115,304,1663,-1359
120000116,614,1616,-1002
120000117,964,1186,-222
120000118,90,33,57
120000119,20,55,-35
120000120,63,61,2
120000121,35,50,-15
120000122,250,325,-75
120000123,3536,4617,-1081
120000124,424,299,125
120000125,449,449,0
120000126,306,870,-564
120000127,2232,965,1267
120000128,2867,3688,-821
120000129,250,213,37
120000130,774,490,284
120000131,342,660,-318
120000134,297,863,-566
120000135,452,436,16
120000137,220,1021,-801
120000138,897,369,528
120000139,287,543,-256
120000140,794,387,407
120000141,321,424,-103
120000142,605,504,101
120000143,0,81,-81
120000144,108,5,103
120000145,346,4,342
120000146,1093,876,217
120000149,620,910,-290
120000150,2945,9433,-6488
120000151,401,409,-8
120000152,369,154,215
120000153,168,431,-263
120000154,479,372,107
120000155,151,225,-74
120000156,709,998,-289
120000157,937,597,340
120000158,724,760,-36
120000159,1941,2314,-373
120000160,2379,1356,1023
120000161,1833,1903,-70
120000162,93,254,-161
120000163,639,1088,-449
120000164,533,338,195
120000165,574,689,-115
120000166,1316,486,830
120000167,107,114,-7
120000168,12,307,-295
120000169,27,1081,-1054
120000170,37,712,-675
120000171,10,259,-249
120000172,31,189,-158
120000173,2598,966,1632
120000174,324,34,290
120000175,247,33,214
120000176,269,38,231
120000177,881,110,771
120000178,81,16,65
120000179,155,39,116
120000180,457,102,355
120000181,102,851,-749
120000182,54,464,-410
120000183,12,346,-334
120000184,173,926,-753
120000186,69,379,-310
120000187,66,233,-167
120000188,118,360,-242
120000190,744,50,694
120000191,623,62,561
120000192,585,24,561
120000193,221,4,217
120000195,50,1,49
120000196,195,21,174
120000197,81,80,1
120000198,141,56,85
120000199,112,0,112
120000200,89,2,87
120000201,17,18,-1
120000202,6,37,-31
120000203,45,151,-106
120000207,1,58,-57
120000208,5,163,-158
120000209,1,65,-64
120000210,73,98,-25
120000211,115,0,115
120000212,174,1,173
120000213,124,235,-111
120000214,0,217,-217
120000215,4,95,-91
120000216,53,9,44
120000217,501,938,-437
120000218,148,670,-522
120000219,1,363,-362
120000220,4,1104,-1100
120000225,1298,3,1295
120000226,298,0,298
120000227,697,42,655
120000228,7443,2750,4693
120000230,314,12,302
120000231,1121,1794,-673
120000233,292,1,291
120000235,207,546,-339
120000236,860,5,855
120000237,1,962,-961
120000238,3,590,-587
120000241,1087,3040,-1953
120000412,644,7,637
120000413,205,184,21
120000414,162,3,159
120000415,1,89,-88
120000416,107,1,106
120000417,3,47,-44
120000418,140,15,125
120000419,8,199,-191
120000420,46,18,28
120000421,8647,5315,3332
120000422,122,1060,-938
120000423,5,46,-41
120000424,48,130,-82
120000436,130,479,-349
120000437,140,108,32
120000438,2082,229,1853
120000439,213,429,-216
120000443,254,1,253
120000444,1181,483,698
120000445,1433,976,457
120000446,651,189,462
120000447,191,6,185
120000449,131,2,129
120000450,14,151,-137
120000451,69,153,-84
120000452,199,6,193
120000453,0,188,-188
120000454,76,44,32
120000455,85,39,46
120000456,1913,3221,-1308
120000457,816,454,362
120000458,438,604,-166
120000459,87,55,32
120000665,666,236,430
120000668,116,788,-672
120000669,44,135,-91
120000670,185,772,-587
120000671,1346,408,938
120000672,86,469,-383
120900001,79,115,-36
120900002,376,459,-83
120900003,149,16,133
120900004,15,73,-58
120900005,8,778,-770
120900006,498,266,232
120900007,192,98,94
120900008,271,1016,-745
120900009,576,41,535
120900010,328,91,237
120900011,164,183,-19
120900012,259,941,-682
120900013,259,122,137
120900014,4,364,-360
120900015,593,83,510
120900016,714,85,629
120900017,1965,81,1884
120900018,122,335,-213
120900019,583,403,180
120900020,685,1175,-490
120900021,654,257,397
120900022,40,296,-256
120900023,242,39,203
120900024,1778,394,1384
120900025,1584,1060,524
120900026,177,163,14
120900027,782,13,769
120900028,378,128,250
120900029,192,401,-209
120900030,1185,726,459
120900031,209,128,81
120900032,1058,99,959
120900033,926,55,871
120900034,19,2115,-2096
120900035,28,58,-30
120900037,183,11,172
120900038,52,302,-250
120900039,77,41,36
120900040,261,7,254
120900041,116,24,92
120900042,528,52,476
120900043,51,32,19
120900044,13,303,-290
120900045,118,71,47
120900046,387,5,382
120900047,140,106,34
120900048,116,28,88
120900049,455,3,452
120900050,1582,1183,399
120900051,340,79,261
120900052,481,3,478
120900053,289,45,244
120900054,1431,534,897
120900055,409,2,407
120900056,433,18,415
120900057,139,13,126
120900058,447,2,445
120900059,77,3,74
120900060,69,19,50
120900061,232,212,20
120900062,241,4,237
120900063,566,8,558
120900064,559,4,555
120900065,537,0,537
120900066,315,201,114
120900067,171,43,128
120900068,267,1,266
120900069,219,37,182
120900071,17,0,17
120900072,717,9,708
120900073,495,122,373
120900074,524,15,509
120900076,291,0,291
120900077,2158,273,1885
120900078,817,628,189
120900079,700,71,629
120900080,664,1381,-717
120900081,847,568,279
120900082,447,340,107
120900083,78,5,73
120900084,262,362,-100
120900085,62,110,-48
120900086,99,309,-210
120900087,391,381,10
120900088,140,299,-159
120900089,2413,2379,34
120900090,230,82,148
120900091,729,801,-72
120900092,1220,438,782
120900093,1763,151,1612
120900094,519,163,356
120900095,291,16,275
120900096,31,169,-138
120900097,629,566,63
120900098,257,146,111
120900099,61,54,7
120900100,58,181,-123
120900101,604,238,366
120900102,40,73,-33
120900103,58,228,-170
120900104,23,54,-31
120900105,36,398,-362
120900106,1237,420,817
120900107,255,156,99
120900108,24,446,-422
120900109,54,443,-389
120900110,5,566,-561
120900111,186,247,-61
120900112,12,676,-664
120900113,21,608,-587
120900114,33,240,-207
120900115,142,247,-105
120900116,335,307,28
120900117,2,328,-326
120900118,13,639,-626
120900119,4023,3742,281
120900120,150,693,-543
120900121,76,328,-252
120900122,457,339,118
120900123,4,293,-289
120900124,1,535,-534
120900125,4,492,-488
120900126,1437,831,606
120900127,7,388,-381
120900128,1159,1272,-113
120900129,55,205,-150
120900130,5,411,-406
120900131,55,75,-20
120900132,923,204,719
120900133,72,643,-571
120900134,779,318,461
120900135,6,407,-401
120900136,41,89,-48
120900137,216,87,129
120900138,33,157,-124
120900139,2,512,-510
120900140,8,68,-60
120900141,127,167,-40
120900142,28,316,-288
120900143,1,617,-616
120900144,0,84,-84
120900145,98,777,-679
120900146,4,736,-732
120900147,13,414,-401
120900148,118,106,12
120900149,0,206,-206
120900150,40,460,-420
120900151,1,499,-498
120900152,0,33,-33
120900153,28,86,-58
120900154,0,156,-156
120900155,215,854,-639
120900156,47,312,-265
120900157,64,235,-171
120900158,69,465,-396
120900159,211,468,-257
120900160,18,538,-520
120900161,38,415,-377
120900162,47,553,-506
120900163,71,567,-496
120900164,8,27,-19
120900165,34,111,-77
120900166,80,490,-410
120900167,273,145,128
120900169,85,319,-234
120900170,951,2339,-1388
120900171,951,205,746
120900172,526,960,-434
120900173,0,49,-49
120900174,6,110,-104
120900175,268,101,167
120900176,15,277,-262
120900177,1,927,-926
120900178,0,406,-406
120900179,836,372,464
120900180,58,156,-98
120900181,177,36,141
120900182,22,287,-265
120900183,491,73,418
120900184,241,45,196
120900185,13,328,-315
120900186,0,370,-370
120900187,408,938,-530
120900188,162,9,153
120900189,115,1030,-915
120900190,68,4,64
120900191,6,23,-17
120900192,7540,6380,1160
120900194,57,75,-18
120900195,88,210,-122
120900196,672,17,655
120900197,567,115,452
120900198,218,450,-232
120900199,285,427,-142
120900200,45,155,-110
120900201,368,135,233
120900202,1,114,-113
120900203,29,64,-35
120900204,137,215,-78
120900205,67,46,21
120900206,30,41,-11
120900207,61,1049,-988
121000001,582,1022,-440
121000002,1963,1158,805
121000003,2236,1830,406
121000004,2383,2965,-582
121000005,1653,2460,-807
121000006,2911,1679,1232
121000007,2076,2596,-520
121000008,4506,3096,1410
121000009,4630,5191,-561
121000010,7644,5004,2640
121000011,7653,10754,-3101
121000012,13987,9042,4945
121000013,4612,6395,-1783
121000014,5838,5205,633
121000015,3814,6504,-2690
121000016,3859,3094,765
121000017,1786,3404,-1618
121000018,2596,1518,1078
121000019,14301,11443,2858
121000020,12140,15069,-2929
121000021,2291,2491,-200
121000022,2084,2977,-893
121000023,3089,2267,822
121000024,4256,4255,1
121000025,511,1184,-673
121000026,388,136,252
121000027,1609,1114,495
121000028,929,541,388
121000029,845,602,243
121000030,566,305,261
121000031,594,595,-1
121000032,164,81,83
121000034,468,235,233
121000035,174,163,11
121000036,968,690,278
121000037,530,475,55
121000038,511,873,-362
121000039,223,367,-144
121000041,449,409,40
121000042,301,340,-39
121000043,667,511,156
121000044,1175,785,390
121000045,394,219,175
121000046,601,692,-91
121000047,60,99,-39
121000049,1358,550,808
121000050,307,1036,-729
121000051,594,250,344
121000052,389,558,-169
121000053,382,126,256
121000054,49,381,-332
121000055,939,1079,-140
121000056,788,960,-172
121000057,420,468,-48
121000058,439,204,235
121000059,2355,1207,1148
121000060,710,1050,-340
121000061,111,316,-205
121000062,194,395,-201
121000063,857,783,74
121000064,702,826,-124
121000065,458,457,1
121000066,761,502,259
121000067,666,579,87
121000068,653,342,311
121000069,486,624,-138
121000070,1745,1117,628
121000071,1131,1172,-41
121000072,1166,620,546
121000073,875,868,7
121000074,124,168,-44
121000075,26,277,-251
121000076,868,362,506
121000077,103,139,-36
121000078,117,174,-57
121000080,1835,573,1262
121000081,2673,2575,98
121000082,107,275,-168
121000083,203,130,73
121000084,173,138,35
121000085,303,423,-120
121000086,234,609,-375
121000087,75,290,-215
121000088,394,435,-41
121000089,350,333,17
121000090,403,352,51
121000091,1421,875,546
121000092,197,79,118
121000093,198,178,20
121000094,472,605,-133
121000095,334,597,-263
121000096,2202,2174,28
121000097,820,2056,-1236
121000098,601,906,-305
121000099,745,732,13
121000100,915,385,530
121000101,389,249,140
121000102,277,228,49
121000103,233,211,22
121000104,213,149,64
121000105,395,176,219
121000106,308,284,24
121000107,1740,2669,-929
121000109,1100,979,121
121000110,313,765,-452
121000114,2529,1913,616
121000115,875,628,247
121000116,288,775,-487
121000117,810,198,612
121000118,1401,244,1157
121000119,249,412,-163
121000120,191,400,-209
121000121,487,1136,-649
121000123,1241,708,533
121000127,139,84,55
121000128,889,335,554
121000129,643,512,131
121000130,624,698,-74
121000131,2128,1824,304
121000132,1622,1798,-176
121000135,360,492,-132
121000136,1026,981,45
121000137,414,303,111
121000138,726,1454,-728
121000139,490,449,41
121000141,171,88,83
121000142,641,908,-267
121000143,127,31,96
121000144,951,1685,-734
121000145,485,942,-457
121000146,1227,863,364
121000147,938,385,553
121000148,793,937,-144
121000149,1905,1247,658
121000152,323,417,-94
121000153,1586,586,1000
121000154,932,466,466
121000155,1307,1051,256
121000156,420,923,-503
121000157,879,1350,-471
121000158,393,466,-73
121000159,208,383,-175
121000160,296,313,-17
121000161,176,243,-67
121000162,104,137,-33
121000165,1489,1906,-417
121000166,25,434,-409
121000168,337,217,120
121000169,79,185,-106
121000170,290,81,209
121000171,72,144,-72
121000172,563,498,65
121000173,1073,995,78
121000174,367,399,-32
121000175,920,313,607
121000176,344,314,30
121000177,769,522,247
121000178,130,45,85
121000179,87,58,29
121000181,378,344,34
121000182,121,237,-116
121000183,67,97,-30
121000184,63,89,-26
121000185,33,202,-169
121000186,219,480,-261
121000187,134,145,-11
121000188,175,151,24
121000192,877,388,489
121000193,628,547,81
121000194,2003,1950,53
121000195,207,797,-590
121000196,643,233,410
121000197,189,570,-381
121000198,193,111,82
121000199,110,319,-209
121000200,470,63,407
121000201,5,166,-161
121000202,804,113,691
121000203,789,1576,-787
121000204,2524,671,1853
121000205,136,238,-102
121000206,151,45,106
121000207,1721,362,1359
121000208,4,212,-208
121000209,379,236,143
121000210,608,339,269
121000211,207,104,103
121000212,463,447,16
121000213,7402,2381,5021
121000214,691,2057,-1366
121000215,921,763,158
121000216,464,598,-134
121000217,3723,2357,1366
121000218,459,1533,-1074
121000219,1399,395,1004
121000220,190,74,116
121000221,99,192,-93
121000222,2160,2267,-107
121000223,556,351,205
121000224,382,243,139
121000225,1010,1552,-542
121000226,2156,1093,1063
121000227,7,199,-192
121000228,12,464,-452
121000229,348,254,94
121000230,65,1356,-1291
121000231,735,21,714
121000232,358,285,73
121000233,507,334,173
121000234,49,86,-37
121000235,108,99,9
121000236,10,64,-54
121000237,45,26,19
121000238,7,82,-75
121000239,85,13,72
121000240,16,159,-143
121000241,81,14,67
121000242,91,486,-395
121000243,846,275,571
121000244,16,79,-63
121000245,168,59,109
121000246,1,111,-110
121000247,119,12,107
121000248,1996,687,1309
121000249,119,177,-58
121000250,474,173,301
121000251,25,372,-347
121000252,109,59,50
121000253,342,337,5
121000254,620,141,479
121000255,129,126,3
121000256,206,133,73
121000257,73,92,-19
121000258,165,79,86
121000259,94,52,42
121000260,77,94,-17
121000261,60,59,1
121000262,792,504,288
121000263,484,351,133
121000271,299,1241,-942
121000273,45,5,40
121000274,6,46,-40
121000275,6,14,-8
121000276,5,10,-5
121000278,48,36,12
121000279,17,19,-2
121000280,23,26,-3
121000289,187,9,178
121000290,1018,784,234
121000294,151,90,61
121000297,826,1029,-203
121000299,192,449,-257
121000300,801,455,346
121000302,68,1120,-1052
121000303,399,345,54
121000304,482,55,427
121000305,163,48,115
121000306,79,111,-32
121000308,127,274,-147
121000309,318,386,-68
121000310,112,290,-178
121000311,80,647,-567
121000312,351,210,141
121000313,253,355,-102
121000314,119,130,-11
121000315,61,168,-107
121000530,1404,1111,293
121000531,1311,1335,-24
121000532,6019,6736,-717
121000533,3043,3241,-198
121000918,64,120,-56
121000919,51,55,-4
121000938,192,397,-205
121000939,202,291,-89
121000956,1231,910,321
121000957,15,18,-3
121000958,26,39,-13
121000959,646,589,57
121000960,1214,1510,-296
121000961,289,208,81
121000962,345,484,-139
121000973,1,146,-145
121000976,24,189,-165
121000979,420,151,269
121000981,517,421,96
121000982,352,166,186
121000983,458,320,138
121000984,30,51,-21
121000985,715,369,346
121000986,221,173,48
121000987,214,652,-438
121000988,800,102,698
121001302,193,101,92
121001308,2,17,-15
121001309,47,61,-14
121001311,0,0,0
121001313,195,143,52
121001314,1744,2280,-536
121001315,4238,2399,1839
121001326,339,438,-99
121900001,108,152,-44
121900002,34,30,4
121900003,444,6,438
121900004,128,253,-125
121900005,33,19,14
121900006,62,15,47
121900007,1583,1758,-175
121900008,694,321,373
121900009,444,10,434
121900010,201,1,200
121900011,168,233,-65
121900012,6,0,6
121900013,1093,90,1003
121900014,964,369,595
121900015,220,197,23
121900016,7,21,-14
121900017,428,311,117
121900018,367,8,359
121900019,472,188,284
121900020,17,3,14
121900021,848,12,836
121900022,256,203,53
121900023,111,201,-90
121900024,340,84,256
121900025,553,305,248
121900026,320,32,288
121900027,287,100,187
121900028,182,6,176
121900029,71,179,-108
121900030,445,492,-47
121900031,818,5242,-4424
121900032,64,64,0
121900033,189,158,31
121900034,245,79,166
121900035,2092,1589,503
121900036,83,228,-145
121900037,164,921,-757
121900038,54,117,-63
121900039,354,68,286
121900040,109,77,32
121900041,65,131,-66
121900042,287,128,159
121900043,4,7,-3
121900044,136,48,88
121900046,180,274,-94
121900047,200,59,141
121900048,47,92,-45
121900050,32,40,-8
121900051,179,151,28
121900052,153,29,124
121900053,413,224,189
121900054,381,814,-433
121900055,2,14,-12
121900058,191,103,88
121900059,375,184,191
121900060,121,347,-226
121900061,158,137,21
121900062,142,98,44
121900063,1226,409,817
121900064,224,433,-209
121900066,42,31,11
121900067,53,41,12
121900069,191,139,52
121900070,175,83,92
121900071,369,217,152
121900072,46,128,-82
121900073,224,202,22
121900074,644,865,-221
121900075,402,408,-6
121900076,333,404,-71
121900077,13,16,-3
121900078,74,23,51
121900079,1,0,1
121900080,660,281,379
121900082,58,75,-17
121900084,17,126,-109
121900085,1,9,-8
121900086,13,31,-18
121900087,141,114,27
121900088,1652,2646,-994
121900089,203,242,-39
121900090,27,64,-37
121900091,47,66,-19
121900092,82,71,11
121900093,90,63,27
121900094,10,4,6
121900095,253,148,105
121900096,1012,640,372
121900097,483,170,313
121900098,7,17,-10
121900099,175,56,119
121900100,217,538,-321
121900101,135,91,44
121900102,8,123,-115
121900103,388,242,146
121900104,1252,321,931
121900105,264,140,124
121900106,6,4,2
121900107,36,20,16
121900108,1,18,-17
121900109,238,144,94
121900110,470,630,-160
121900111,604,181,423
121900112,200,120,80
121900113,68,329,-261
121900114,35,57,-22
121900117,117,46,71
121900118,1413,528,885
121900119,180,70,110
121900120,50,959,-909
121900121,444,25,419
121900122,23,60,-37
121900123,212,388,-176
121900124,111,124,-13
121900125,1066,777,289
121900127,5,80,-75
121900128,57,64,-7
121900129,496,152,344
121900130,96,221,-125
121900131,203,86,117
121900132,54,56,-2
121900133,81,856,-775
121900134,40,182,-142
121900135,2333,306,2027
121900136,312,256,56
121900137,43,278,-235
121900138,52,137,-85
121900139,340,491,-151
121900140,81,164,-83
121900141,48,31,17
121900142,129,112,17
121900143,8,137,-129
121900144,114,254,-140
121900145,139,165,-26
121900146,464,607,-143
121900147,72,160,-88
121900148,187,263,-76
121900149,266,481,-215
121900150,88,158,-70
121900151,76,237,-161
121900152,92,96,-4
121900153,91,621,-530
121900154,10,220,-210
121900155,0,106,-106
121900156,123,92,31
121900157,2,313,-311
121900158,87,93,-6
121900159,2,192,-190
121900160,28,204,-176
121900161,314,327,-13
121900162,92,117,-25
121900163,158,373,-215
121900164,296,161,135
121900165,230,109,121
121900166,160,130,30
121900167,108,88,20
121900168,129,226,-97
121900169,3,112,-109
121900170,9,123,-114
121900171,681,444,237
121900172,526,177,349
121900173,785,219,566
121900174,30,54,-24
121900175,96,159,-63
121900176,496,1259,-763
121900177,138,44,94
121900178,34,32,2
121900179,375,150,225
121900180,2619,3329,-710
121900182,504,242,262
121900183,491,1235,-744
121900184,77,432,-355
121900186,10,257,-247
121900187,33,137,-104
121900188,397,303,94
121900189,25,127,-102
121900190,195,367,-172
121900191,94,224,-130
121900192,326,671,-345
121900193,44,109,-65
121900194,6,159,-153
121900195,64,81,-17
121900196,775,720,55
121900197,206,1066,-860
121900198,1058,918,140
121900199,8,26,-18
121900200,58,221,-163
121900201,700,698,2
121900202,102,546,-444
121900203,168,832,-664
121900204,673,924,-251
121900205,30,71,-41
121900206,16,39,-23
121900207,113,30,83
121900208,119,238,-119
121900209,103,38,65
121900210,1243,916,327
121900211,397,417,-20
121900212,132,118,14
121900213,232,50,182
121900214,11,401,-390
121900215,30,90,-60
121900216,30,159,-129
121900217,220,123,97
121900218,168,349,-181
121900220,91,11,80
121900221,225,460,-235
121900222,127,116,11
121900223,186,35,151
121900224,92,23,69
121900225,78,118,-40
121900226,216,293,-77
121900227,198,465,-267
121900228,145,228,-83
121900230,158,202,-44
121900231,334,1055,-721
121900232,184,379,-195
121900233,153,196,-43
121900234,260,184,76
121900235,402,167,235
121900236,328,120,208
121900237,199,235,-36
121900238,132,257,-125
121900239,160,25,135
121900240,267,100,167
121900241,58,51,7
121900242,14,16,-2
121900243,3,0,3
121900244,9,0,9
121900245,175,64,111
121900246,1876,186,1690
121900248,1095,1086,9
121900250,261,286,-25
121900251,368,39,329
121900252,505,136,369
121900253,153,832,-679
121900254,497,261,236
121900255,393,67,326
121900258,2687,1762,925
121900259,315,520,-205
121900260,160,105,55
121900261,176,515,-339
121900262,315,708,-393
121900263,220,215,5
121900264,1386,1016,370
121900265,263,222,41
121900266,403,151,252
121900267,77,20,57
121900269,202,579,-377
121900270,37,161,-124
121900271,44,131,-87
121900273,424,1480,-1056
121900274,300,180,120
121900277,375,940,-565
121900278,107,816,-709
121900279,114,176,-62
121900280,134,285,-151
121900281,234,363,-129
121900284,66,10,56
121900286,117,66,51
121900287,10,14,-4
121900288,4,1,3
121900290,206,271,-65
121900291,329,572,-243
121900292,183,109,74
121900293,959,2302,-1343
121900294,196,5,191
121900295,116,171,-55
121900296,40,134,-94
121900298,177,670,-493
121900299,0,10,-10
121900300,82,13,69
121900301,55,4,51
121900302,5,37,-32
121900303,240,301,-61
121900304,0,17,-17
121900305,4,9,-5
121900306,181,1,180
121900307,88,12,76
121900308,9,209,-200
121900309,8,169,-161
121900310,27,336,-309
121900311,436,17,419
121900312,215,14,201
121900313,312,24,288
121900314,4,40,-36
121900315,20,0,20
121900316,0,18,-18
121900317,9,14,-5
121900318,3,11,-8
121900319,27,61,-34
121900320,39,52,-13
121900321,13,0,13
121900322,0,26,-26
121900323,15,21,-6
121900324,1,27,-26
121900325,12,1,11
121900326,0,14,-14
121900327,5,39,-34
121900328,0,23,-23
121900329,1,105,-104
121900330,0,29,-29
121900331,19,9,10
121900332,51,20,31
121900333,37,5,32
121900334,56,63,-7
122000001,1957,4717,-2760
122000002,3581,1490,2091
122000003,1889,2580,-691
122000004,2558,1486,1072
122000005,2225,1873,352
122000006,1645,951,694
122000007,1026,1712,-686
122000008,3009,4244,-1235
122000009,377,410,-33
122000010,2100,2821,-721
122000011,2861,1566,1295
122000012,1256,1683,-427
122000013,1280,908,372
122000014,1397,1168,229
122000015,1310,970,340
122000016,558,848,-290
122000017,1181,1060,121
122000018,1291,1241,50
122000019,684,932,-248
122000020,188,199,-11
122000021,226,475,-249
122000022,1158,872,286
122000023,682,1402,-720
122000024,729,1238,-509
122000025,1014,1613,-599
122000026,1023,1068,-45
122000027,560,1789,-1229
122000028,921,427,494
122000029,466,461,5
122000030,254,146,108
122000031,179,281,-102
122000032,1689,1608,81
122000033,673,1178,-505
122000034,619,583,36
122000035,299,727,-428
122000036,513,473,40
122000037,321,258,63
122000038,324,323,1
122000039,658,379,279
122000040,219,257,-38
122000041,413,512,-99
122000042,332,448,-116
122000043,159,105,54
122000044,133,172,-39
122000045,1163,403,760
122000046,735,723,12
122000047,264,258,6
122000048,3123,3849,-726
122000049,4987,3300,1687
122000050,1264,746,518
122000051,287,322,-35
122000052,474,438,36
122000053,200,851,-651
122000054,2100,1697,403
122000055,1884,3011,-1127
122000056,4339,3200,1139
122000057,3037,3517,-480
122000058,2273,1345,928
122000059,2586,1901,685
122000060,628,625,3
122000061,433,574,-141
122000062,985,334,651
122000063,1001,631,370
122000064,2800,2471,329
122000065,3254,2139,1115
122000066,1062,883,179
122000067,1244,991,253
122000068,1019,835,184
122000069,609,557,52
122000070,714,1217,-503
122000071,1375,1084,291
122000072,347,444,-97
122000073,396,736,-340
122000074,2829,1559,1270
122000075,755,1088,-333
122000076,2512,1180,1332
122000077,1097,896,201
122000078,1974,2636,-662
122000079,863,1207,-344
122000080,696,402,294
122000081,213,247,-34
122000082,694,822,-128
122000083,1275,1402,-127
122000084,1181,734,447
122000085,238,785,-547
122000086,1811,3991,-2180
122000087,308,199,109
122000088,238,370,-132
122000089,4329,1732,2597
122000090,214,382,-168
122000091,200,73,127
122000092,126,26,100
122000093,1468,1635,-167
122000094,4466,2225,2241
122000095,1830,2933,-1103
122000096,1637,1424,213
122000098,2963,2107,856
122000099,1362,564,798
122000100,907,422,485
122000101,347,505,-158
122000102,1697,1223,474
122000103,1855,1677,178
122000104,310,171,139
122000105,460,220,240
122000106,429,535,-106
122000107,943,366,577
122000108,490,670,-180
122000109,494,275,219
122000110,474,499,-25
122000111,2585,1233,1352
122000112,952,1162,-210
122000113,649,615,34
122000114,2184,1248,936
122000115,1720,1055,665
122000116,448,453,-5
122000117,1109,390,719
122000118,513,808,-295
122000119,2722,1979,743
122000120,1455,3485,-2030
122000121,1571,2365,-794
122000122,624,1495,-871
122000123,1447,1625,-178
122000124,833,531,302
122000125,601,672,-71
122000126,504,1072,-568
122000127,856,1109,-253
122000128,388,583,-195
122000129,512,1168,-656
122000130,2623,1327,1296
122000131,1094,1117,-23
122000132,477,484,-7
122000133,861,1196,-335
122000134,908,746,162
122000135,685,580,105
122000136,737,606,131
122000137,1330,692,638
122000139,1012,2801,-1789
122000140,785,665,120
122000141,3025,819,2206
122000142,325,637,-312
122000143,318,469,-151
122000144,1090,1095,-5
122000145,1111,650,461
122000146,799,1042,-243
122000147,651,472,179
122000148,1454,1819,-365
122000149,1939,1613,326
122000150,1137,948,189
122000151,158,312,-154
122000152,355,327,28
122000153,344,311,33
122000154,262,221,41
122000155,1586,2032,-446
122000156,2043,2444,-401
122000157,1214,1972,-758
122000158,293,589,-296
122000159,674,1442,-768
122000160,2517,2345,172
122000161,966,924,42
122000162,1757,1692,65
122000163,245,112,133
122000164,34,60,-26
122000165,732,644,88
122000166,802,868,-66
122000167,233,244,-11
122000168,226,525,-299
122000169,378,162,216
122000170,355,254,101
122000171,49,75,-26
122000172,1460,1371,89
122000173,1261,2094,-833
122000174,1925,835,1090
122000175,964,291,673
122000176,348,719,-371
122000177,1325,1422,-97
122000178,2414,1932,482
122000179,1459,2199,-740
122000180,1548,1243,305
122000181,1592,2786,-1194
122000182,1735,1490,245
122000183,1881,938,943
122000184,2973,2207,766
122000185,1370,1572,-202
122000186,456,753,-297
122000187,1515,744,771
122000188,437,203,234
122000189,285,299,-14
122000190,907,955,-48
122000191,878,747,131
122000192,1073,285,788
122000193,359,693,-334
122000194,464,195,269
122000195,195,478,-283
122000196,921,608,313
122000197,449,544,-95
122000198,461,814,-353
122000199,315,315,0
122000200,892,508,384
122000201,1275,1588,-313
122000202,1106,1405,-299
122000203,2506,1213,1293
122000204,1182,1769,-587
122000205,1206,1327,-121
122000206,2044,767,1277
122000207,1661,1130,531
122000208,1788,1148,640
122000209,1697,322,1375
122000210,1831,1412,419
122000211,1284,1009,275
122000212,763,477,286
122000213,1092,1178,-86
122000214,1921,1582,339
122000215,1808,1530,278
122000217,1700,1373,327
122000218,720,79,641
122000219,1094,795,299
122000220,331,617,-286
122000221,56,372,-316
122000222,598,116,482
122000223,1179,520,659
122000225,715,224,491
122000226,1651,1601,50
122000227,251,2116,-1865
122000228,320,324,-4
122000229,36,449,-413
122000230,69,362,-293
122000231,371,641,-270
122000232,538,827,-289
122000233,0,71,-71
122000234,376,84,292
122000235,439,125,314
122000236,1069,81,988
122000237,109,69,40
122000238,348,302,46
122000239,675,115,560
122000240,1177,690,487
122000241,1544,476,1068
122000242,752,113,639
122000243,279,50,229
122000244,63,333,-270
122000245,154,180,-26
122000246,375,191,184
122000247,441,520,-79
122000248,976,1284,-308
122000249,974,690,284
122000250,1834,965,869
122000251,217,487,-270
122000252,399,142,257
122000253,36,214,-178
122000254,228,68,160
122000255,627,1296,-669
122000256,362,773,-411
122000257,176,234,-58
122000258,254,228,26
122000259,23,325,-302
122000260,4,66,-62
122000261,19,171,-152
122000262,1,59,-58
122000263,380,160,220
122000264,1330,309,1021
122000265,1929,757,1172
122000266,3804,639,3165
122000267,91,99,-8
122000268,150,317,-167
122000269,742,296,446
122000270,557,158,399
122000271,248,755,-507
122000272,357,841,-484
122000273,463,360,103
122000274,254,175,79
122000275,68,181,-113
122000276,635,449,186
122000277,1157,1510,-353
122000278,1535,630,905
122000279,187,397,-210
122000280,725,466,259
122000281,638,563,75
122000282,180,603,-423
122000283,258,148,110
122000284,202,80,122
122000285,327,77,250
122000286,75,153,-78
122000287,1067,1388,-321
122000288,465,314,151
122000291,1731,639,1092
122000293,257,235,22
122000294,133,231,-98
122000295,1093,142,951
122000296,46,524,-478
122000297,1788,2618,-830
122000299,611,330,281
122000300,570,506,64
122000301,7118,2954,4164
122000302,547,1074,-527
122000303,2409,1079,1330
122000304,126,235,-109
122000305,1064,212,852
122000306,57,482,-425
122000307,115,143,-28
122000309,104,69,35
122000310,21,105,-84
122000311,225,128,97
122000312,114,212,-98
122000313,105,93,12
122000314,158,221,-63
122000315,233,75,158
122000316,672,191,481
122000317,1531,269,1262
122000318,314,630,-316
122000319,184,275,-91
122000320,368,940,-572
122000321,100,161,-61
122000322,2107,2009,98
122000323,1429,2030,-601
122000324,1092,1065,27
122000325,913,1565,-652
122000326,82,84,-2
122000327,429,691,-262
122000328,777,548,229
122000330,1553,747,806
122000332,204,344,-140
122000333,15,94,-79
122000337,1021,1203,-182
122000338,379,252,127
122000340,280,426,-146
122000342,1294,763,531
122000343,410,847,-437
122000344,82,16,66
122000345,24,30,-6
122000346,312,377,-65
122000348,642,449,193
122000349,152,528,-376
122000351,144,118,26
122000352,326,166,160
122000353,107,91,16
122000355,143,321,-178
122000356,1119,1070,49
122000357,78,29,49
122000358,0,32,-32
122000359,0,17,-17
122000360,3,36,-33
122000362,18,48,-30
122000364,157,249,-92
122000365,3,35,-32
122000366,3,7,-4
122000368,423,579,-156
122000370,33,40,-7
122000371,22,0,22
122000372,7,1,6
122000381,89,299,-210
122000382,130,215,-85
122000384,2502,1029,1473
122000385,55,0,55
122000386,317,1029,-712
122000387,394,533,-139
122000388,1063,720,343
122000389,183,527,-344
122000390,362,217,145
122000391,299,290,9
122000392,145,158,-13
122000393,29,120,-91
122000394,519,206,313
122000395,148,118,30
122000396,265,104,161
122000397,35,60,-25
122000398,48,44,4
122000399,163,99,64
122000400,132,549,-417
122000401,142,72,70
122000402,250,104,146
122000403,472,580,-108
122000404,200,205,-5
122000408,894,1084,-190
122000503,19,94,-75
122000524,177,104,73
122000544,66,1741,-1675
122000616,310,1,309
122000640,99,114,-15
122000641,100,218,-118
122000642,1143,769,374
122000643,41,140,-99
122000644,118,33,85
122000645,89,143,-54
122000651,1243,886,357
122000664,130,26,104
122000665,1187,511,676
122000666,645,1034,-389
122000673,27,210,-183
122000674,175,65,110
122000675,1625,662,963
122000686,476,928,-452
122000687,1295,268,1027
122000688,246,483,-237
122000689,867,364,503
122000690,1755,426,1329
122000691,679,1194,-515
122000692,1098,322,776
122000693,346,1283,-937
122000695,243,268,-25
122000696,372,219,153
122000698,351,437,-86
122000699,125,62,63
122000701,1317,317,1000
122000702,501,982,-481
122000703,178,70,108
122000712,0,0,0
122000717,58,50,8
122000718,341,866,-525
122000719,188,103,85
122000720,455,176,279
122000724,232,280,-48
122900001,28,3,25
122900002,898,4493,-3595
122900003,258,23,235
122900004,887,39,848
122900005,100,65,35
122900006,369,481,-112
122900007,103,71,32
122900008,332,85,247
122900009,578,321,257
122900010,249,84,165
122900012,234,344,-110
122900014,145,178,-33
122900015,1275,722,553
122900016,112,195,-83
122900017,285,628,-343
122900018,174,12,162
122900019,7,106,-99
122900020,177,290,-113
122900021,40,390,-350
122900022,852,793,59
122900023,408,169,239
122900024,125,108,17
122900025,14,320,-306
122900026,45,232,-187
122900027,45,525,-480
122900028,102,118,-16
122900029,3467,2432,1035
122900030,949,554,395
122900031,94,227,-133
122900032,69,253,-184
122900033,199,141,58
122900034,3508,4013,-505
122900035,12,13,-1
122900036,81,129,-48
122900037,297,79,218
122900038,84,2151,-2067
122900039,69,481,-412
122900040,234,395,-161
122900041,276,315,-39
122900042,173,273,-100
122900043,298,215,83
122900044,145,287,-142
122900045,107,96,11
122900046,138,208,-70
122900047,148,166,-18
122900048,66,143,-77
122900049,1180,99,1081
122900051,78,133,-55
122900052,91,179,-88
122900053,22,26,-4
122900055,233,80,153
122900057,240,63,177
122900061,342,121,221
122900062,492,450,42
122900063,136,207,-71
122900064,726,332,394
122900065,501,226,275
122900066,636,359,277
122900067,953,554,399
122900069,408,934,-526
122900070,308,41,267
122900071,146,305,-159
122900072,18,384,-366
122900073,21,163,-142
122900074,776,476,300
122900075,1,55,-54
122900076,6,144,-138
122900077,0,124,-124
122900078,212,80,132
122900080,38,36,2
122900081,138,128,10
122900082,842,184,658
122900083,143,136,7
122900084,6,193,-187
122900086,4,87,-83
122900087,222,436,-214
122900088,31,166,-135
122900089,18,169,-151
122900090,9,295,-286
122900091,238,1,237
122900092,0,123,-123
122900093,0,172,-172
122900094,9,151,-142
122900095,134,9,125
122900096,277,117,160
122900097,9,43,-34
122900098,69,61,8
122900099,58,12,46
122900100,129,162,-33
122900101,490,250,240
122900102,21,31,-10
122900103,120,5,115
122900104,143,10,133
122900105,14,11,3
122900106,2,42,-40
122900107,5,129,-124
122900108,5,163,-158
123000001,1248,462,786
123000002,3076,4516,-1440
123000003,3298,3574,-276
123000004,2629,3656,-1027
123000005,2298,2578,-280
123000006,2109,2224,-115
123000007,3478,2458,1020
123000008,2606,2680,-74
123000009,4019,2511,1508
123000010,2904,3074,-170
123000011,2138,789,1349
123000012,785,2059,-1274
123000013,3035,899,2136
123000014,831,2955,-2124
123000015,2997,1052,1945
123000016,3438,4053,-615
123000017,2935,1513,1422
123000018,57,76,-19
123000019,237,78,159
123000020,115,54,61
123000021,73,174,-101
123000022,274,1519,-1245
123000023,1550,1433,117
123000024,1635,663,972
123000025,284,124,160
123000026,30,111,-81
123000027,302,539,-237
123000028,1308,852,456
123000029,1068,1258,-190
123000030,204,216,-12
123000031,222,158,64
123000032,412,110,302
123000033,261,132,129
123000034,1026,754,272
123000035,391,326,65
123000036,219,809,-590
123000037,230,217,13
123000038,81,237,-156
123000039,367,1369,-1002
123000040,629,292,337
123000041,1002,1046,-44
123000042,875,611,264
123000043,2413,8275,-5862
123000044,4094,2265,1829
123000045,5855,2599,3256
123000046,643,1494,-851
123000047,1628,980,648
123000048,57,695,-638
123000049,5496,7852,-2356
123000050,1302,1332,-30
123000051,89,174,-85
123000052,676,2934,-2258
123000053,2311,2947,-636
123000054,1254,1199,55
123000055,1254,1839,-585
123000056,1123,1529,-406
123000057,9078,6028,3050
123000058,631,1021,-390
123000059,420,474,-54
123000060,719,341,378
123000061,237,568,-331
123000063,690,787,-97
123000064,859,204,655
123000065,3427,2217,1210
123000066,611,521,90
123000067,746,570,176
123000068,2166,2476,-310
123000069,5090,2555,2535
123000070,235,624,-389
123000071,954,841,113
123000072,1061,732,329
123000073,1135,676,459
123000074,999,936,63
123000075,333,959,-626
123000076,666,574,92
123000077,2028,2036,-8
123000078,1448,1497,-49
123000079,1352,1573,-221
123000080,2115,1382,733
123000081,183,341,-158
123000082,296,952,-656
123000083,766,218,548
123000084,635,573,62
123000085,296,71,225
123000086,490,150,340
123000087,295,209,86
123000088,986,637,349
123000089,521,1031,-510
123000090,1084,790,294
123000091,1305,1260,45
123000092,1018,1097,-79
123000094,443,191,252
123000095,476,531,-55
123000096,544,315,229
123000097,449,570,-121
123000098,718,476,242
123000099,515,588,-73
123000100,483,606,-123
123000101,505,588,-83
123000102,566,615,-49
123000104,355,418,-63
123000105,517,400,117
123000106,498,396,102
123000107,345,567,-222
123000108,647,963,-316
123000111,706,289,417
123000112,1105,490,615
123000113,496,952,-456
123000114,376,552,-176
123000115,214,248,-34
123000116,44,67,-23
123000117,1361,1358,3
123000118,444,622,-178
123000119,286,657,-371
123000120,313,723,-410
123000121,524,577,-53
123000122,387,248,139
123000123,428,522,-94
123000124,500,520,-20
123000125,1031,1197,-166
123000126,1121,3648,-2527
123000127,745,579,166
123000128,239,248,-9
123000129,607,196,411
123000130,534,78,456
123000131,718,597,121
123000132,343,532,-189
123000133,180,378,-198
123000134,288,157,131
123000135,2019,933,1086
123000136,226,581,-355
123000137,111,197,-86
123000138,101,301,-200
123000139,486,90,396
123000140,77,563,-486
123000141,713,109,604
123000142,901,955,-54
123000143,1143,1762,-619
123000144,33,24,9
123000145,155,116,39
123000146,22,88,-66
123000147,95,140,-45
123000149,346,344,2
123000150,150,204,-54
123000151,303,417,-114
123000152,66,344,-278
123000153,152,592,-440
123000154,1404,1609,-205
123000155,1817,1001,816
123000156,39,95,-56
123000157,661,790,-129
123000158,579,650,-71
123000159,2647,2302,345
123000160,913,722,191
123000161,1563,1073,490
123000162,882,1508,-626
123000163,426,114,312
123000164,1355,314,1041
123000165,412,1183,-771
123000166,49,123,-74
123000167,143,247,-104
123000168,261,212,49
123000169,716,136,580
123000170,116,136,-20
123000171,608,41,567
123000172,190,385,-195
123000173,456,241,215
123000174,868,377,491
123000175,535,1054,-519
123000176,857,236,621
123000177,260,803,-543
123000178,719,212,507
123000179,49,405,-356
123000180,1344,289,1055
123000181,274,988,-714
123000182,167,246,-79
123000183,164,539,-375
123000184,74,373,-299
123000185,594,355,239
123000186,10,475,-465
123000187,566,9,557
123000188,204,2,202
123000189,167,136,31
123000190,65,79,-14
123000192,24,330,-306
123000193,72,797,-725
123000194,453,292,161
123000195,336,51,285
123000196,366,40,326
123000197,55,100,-45
123000198,33,626,-593
123000199,14,547,-533
123000200,521,8,513
123000201,1108,25,1083
123000202,18,680,-662
123000203,1012,60,952
123000204,94,805,-711
123000205,461,1236,-775
123000206,2175,260,1915
123000207,84,660,-576
123000208,518,232,286
123000209,2078,677,1401
123000210,463,1792,-1329
123000211,471,1961,-1490
123000212,2664,527,2137
123000213,771,107,664
123000215,104,228,-124
123000216,154,524,-370
123000217,211,54,157
123000218,62,561,-499
123000219,662,55,607
123000220,447,55,392
123000221,152,86,66
123000222,299,251,48
123000223,262,212,50
123000224,340,357,-17
123000225,229,65,164
123000226,44,286,-242
123000227,76,285,-209
123000228,218,59,159
123000229,1071,1229,-158
123000232,85,490,-405
123000233,629,99,530
123000234,94,460,-366
123000235,890,255,635
123000236,254,545,-291
123000237,252,83,169
123000238,76,377,-301
123000239,425,1016,-591
123000240,52,337,-285
123000241,431,75,356
123000242,112,157,-45
123000243,709,785,-76
123000244,785,686,99
123000245,46,151,-105
123000249,253,508,-255
123000252,679,190,489
123000253,985,478,507
123000254,539,738,-199
123000255,1058,942,116
123000256,32,241,-209
123000257,2215,1514,701
123000258,926,619,307
123000259,370,385,-15
123000260,428,391,37
123000261,163,84,79
123000262,118,137,-19
123000263,432,104,328
123000264,229,106,123
123000265,43,152,-109
123000266,437,566,-129
123000267,519,330,189
123000268,43,40,3
123000269,54,75,-21
123000270,46,75,-29
123000271,89,71,18
123000272,679,272,407
123000273,227,560,-333
123000274,1168,609,559
123000275,322,636,-314
123000278,1948,2200,-252
123000279,108,69,39
123000280,297,274,23
123000281,223,70,153
123000282,84,253,-169
123000283,97,71,26
123000284,75,55,20
123000286,222,320,-98
123000287,482,227,255
123000288,1209,662,547
123000289,354,788,-434
123000291,191,717,-526
123000294,225,273,-48
123000295,955,706,249
123000296,529,349,180
123000297,676,498,178
123000298,622,403,219
123000299,80,202,-122
123000300,893,813,80
123000301,83,202,-119
123000302,94,99,-5
123000303,72,196,-124
123000305,719,794,-75
123000306,123,92,31
123000309,39,57,-18
123000310,59,37,22
123000311,0,67,-67
123000312,474,550,-76
123000313,437,269,168
123000315,137,232,-95
123000316,862,241,621
123000317,210,92,118
123000318,53,162,-109
123000329,15,14,1
123000337,1142,461,681
123000338,340,67,273
123000339,202,128,74
123000340,94,296,-202
123000342,20,122,-102
123000343,43,12,31
123000344,1091,323,768
123000345,298,426,-128
123000346,371,33,338
123000352,963,710,253
123000353,40,201,-161
123000354,208,15,193
123000355,0,205,-205
123000356,355,3,352
123000357,5,108,-103
123000359,1,103,-102
123000360,189,54,135
123000361,165,214,-49
123000362,242,92,150
123000363,72,128,-56
123000364,420,469,-49
123000365,17,306,-289
123000366,319,1571,-1252
123000367,293,824,-531
123000370,32,208,-176
123000371,248,36,212
123000372,240,13,227
123000373,1,228,-227
123000374,15,117,-102
123000375,329,31,298
123000376,830,620,210
123000377,273,9,264
123000378,7,182,-175
123000379,2,99,-97
123000380,32,361,-329
123000381,152,81,71
123000382,920,74,846
123000383,119,1128,-1009
123000384,472,94,378
123000385,132,502,-370
123000436,51,747,-696
123000507,140,254,-114
123000508,182,858,-676
123000517,303,32,271
123000518,22,214,-192
123000519,157,72,85
123000520,53,209,-156
123000521,334,82,252
123000522,124,316,-192
123000541,15,5,10
123000542,0,7,-7
123000565,915,37,878
123000566,296,456,-160
123000567,86,193,-107
123000573,27,649,-622
123000574,521,42,479
123000575,1271,887,384
123000576,675,1078,-403
123000577,59,498,-439
123000578,482,79,403
123000579,2156,4597,-2441
123000580,131,26,105
123000582,331,17,314
123000583,10,267,-257
123000584,151,265,-114
123000585,0,93,-93
123000586,58,0,58
123000596,83,67,16
123000597,62,142,-80
123000602,45,7,38
123000603,656,500,156
123000604,421,587,-166
123000605,825,45,780
123000606,0,344,-344
123000609,15,244,-229
123000610,188,119,69
123000613,38,194,-156
123000614,215,48,167
123000615,55,118,-63
123000616,635,36,599
123000617,95,214,-119
123000618,85,437,-352
123000619,478,58,420
123000620,18,260,-242
123000622,384,12,372
123000624,146,59,87
123000630,1070,383,687
123000631,279,1026,-747
123000632,686,644,42
123000633,3,220,-217
123000634,61,113,-52
123000635,118,91,27
123000636,36,418,-382
123000637,150,39,111
123000638,436,31,405
123000639,824,3498,-2674
123000640,48,512,-464
123000648,320,105,215
123000649,46,380,-334
123900001,945,43,902
123900002,25,1114,-1089
123900003,234,299,-65
123900005,207,147,60
123900006,320,51,269
124000001,1735,138,1597
124000002,92,1321,-1229
124000003,796,139,657
124000004,75,409,-334
124000005,953,392,561
124000006,201,909,-708
124000007,355,83,272
124000008,12,383,-371
124000009,595,229,366
124000010,152,383,-231
124000011,853,248,605
124000012,282,483,-201
124000017,141,107,34
124000018,119,58,61
124000019,169,128,41
124000020,48,156,-108
124000021,99,82,17
124000022,76,151,-75
124000023,1178,1284,-106
124000024,1004,431,573
124000025,886,1373,-487
124000026,949,835,114
124000027,3670,4391,-721
124000028,1775,3816,-2041
124000030,2186,1158,1028
124000031,1445,2740,-1295
124000032,2225,893,1332
124000033,922,496,426
124000034,701,914,-213
124000035,367,176,191
124000036,118,510,-392
124000037,382,1179,-797
124000038,59,107,-48
124000039,714,465,249
124000040,444,1050,-606
124000041,344,65,279
124000042,81,343,-262
124000043,114,91,23
124000044,55,176,-121
124000045,762,480,282
124000046,287,542,-255
124000047,1400,623,777
124000048,880,950,-70
124000049,1407,550,857
124000050,714,1365,-651
124000051,831,519,312
124000052,606,724,-118
124000053,568,1324,-756
124000054,878,419,459
124000055,1356,2076,-720
124000056,1861,1255,606
124000057,894,533,361
124000058,453,1054,-601
124000059,595,1137,-542
124000060,1072,526,546
124000061,1259,5136,-3877
124000062,4751,1742,3009
124000063,1064,1510,-446
124000064,1778,1245,533
124000065,119,380,-261
124000066,284,96,188
124000067,171,148,23
124000068,55,146,-91
124000069,679,127,552
124000070,207,425,-218
124000071,182,85,97
124000072,150,411,-261
124000073,881,196,685
124000074,251,508,-257
124000075,208,28,180
124000076,7,127,-120
124000077,1380,768,612
124000078,2193,1436,757
124000079,333,1208,-875
124000080,437,153,284
124000081,183,429,-246
124000082,62,169,-107
124000083,84,84,0
124000084,97,417,-320
124000085,114,66,48
124000086,37,84,-47
124000087,123,75,48
124000088,158,405,-247
124000089,707,304,403
124000090,153,284,-131
124000091,400,113,287
124000092,105,509,-404
124000093,117,105,12
124000094,105,360,-255
124000095,76,86,-10
124000096,111,226,-115
124000097,77,127,-50
124000098,64,97,-33
124000099,227,95,132
124000100,76,101,-25
124000101,87,66,21
124000102,80,40,40
124000103,78,78,0
124000104,113,29,84
124000105,69,91,-22
124000106,137,48,89
124000107,16,167,-151
124000108,47,24,23
124000109,93,130,-37
124000110,198,92,106
124000111,203,126,77
124000112,529,513,16
124000113,81,81,0
124000114,210,294,-84
124000115,336,545,-209
124000116,140,160,-20
124000117,62,95,-33
124000118,38,67,-29
124000119,729,462,267
124000120,478,317,161
124000121,1886,952,934
124000122,499,1046,-547
124000123,912,547,365
124000124,365,893,-528
124000125,425,461,-36
124000126,278,495,-217
124000127,789,267,522
124000128,489,703,-214
124000129,1600,1309,291
124000130,640,518,122
124000131,903,581,322
124000132,842,688,154
124000133,834,727,107
124000134,721,507,214
124000135,1520,1537,-17
124000136,770,873,-103
124000137,1027,771,256
124000138,1054,1125,-71
124000139,471,29,442
124000140,21,308,-287
124000141,536,24,512
124000142,35,343,-308
124000143,120,9,111
124000144,12,154,-142
124000145,105,40,65
124000146,27,58,-31
124000148,28,89,-61
124000149,1042,369,673
124000150,255,585,-330
124000151,823,422,401
124000152,657,1061,-404
124000153,735,615,120
124000154,412,518,-106
124000155,1262,916,346
124000156,1442,865,577
124000169,240,359,-119
124000170,435,334,101
124000171,238,170,68
124000172,297,382,-85
124000173,410,165,245
124000174,294,424,-130
124000175,7,60,-53
124000176,48,15,33
124000177,8,25,-17
124000178,34,42,-8
124000190,88,53,35
124000191,136,184,-48
124000192,1496,338,1158
124000193,336,872,-536
124000194,418,350,68
124000195,278,588,-310
124000196,959,885,74
124000197,47,40,7
124000198,37,35,2
124000201,252,649,-397
124000202,535,301,234
124000203,429,421,8
124000204,910,261,649
124000205,72,337,-265
124000206,559,260,299
124000207,0,50,-50
124000209,230,290,-60
124000210,440,161,279
124000211,595,2,593
124000212,0,251,-251
124000213,411,193,218
124000214,354,376,-22
124000215,260,18,242
124000216,1,276,-275
124000329,160,1066,-906
124000338,127,512,-385
124000339,939,77,862
124000341,1330,74,1256
124000344,35,8,27
124000357,903,1838,-935
124000358,812,1219,-407
124000359,969,674,295
124000360,696,490,206
124000361,1671,843,828
124000362,1100,1568,-468
124000363,255,351,-96
124000364,566,668,-102
124000365,618,907,-289
124000366,1326,703,623
124000367,78,452,-374
124000368,512,286,226
124000369,186,124,62
124000370,133,608,-475
124000402,20,11,9
124000403,100,10,90
124000404,18,88,-70
124000405,989,652,337
124000406,675,641,34
124000407,1,36,-35
124000411,9,250,-241
124000412,438,7,431
124000413,196,19,177
124000414,73,107,-34
124000415,50,92,-42
124000416,119,142,-23
124000417,118,106,12
124000418,175,76,99
124000419,95,130,-35
124000420,78,47,31
124000421,35,137,-102
124000422,40,14,26
124000423,110,27,83
124000424,9,90,-81
124000425,142,7,135
124000426,3,164,-161
124000427,144,6,138
124000428,19,32,-13
124000429,72,68,4
124000430,653,301,352
124000431,228,305,-77
124000432,187,630,-443
124000439,3,2,1
124000443,0,4,-4
124000445,368,903,-535
124000446,1215,242,973
124000447,19,113,-94
124900001,516,342,174
124900002,166,255,-89
124900003,1122,566,556
124900004,673,260,413
124900005,183,124,59
124900006,705,263,442
124900008,938,550,388
124900009,142,274,-132
124900010,139,122,17
124900011,507,214,293
124900012,482,115,367
124900013,504,112,392
124900014,277,53,224
124900015,139,343,-204
124900016,47,78,-31
124900017,410,1234,-824
124900018,39,12,27
124900020,91,48,43
124900021,222,39,183
124900022,54,41,13
124900024,230,6,224
124900026,187,21,166
124900027,112,435,-323
124900028,302,79,223
124900029,13,425,-412
124900030,5,76,-71
124900031,43,200,-157
124900032,156,186,-30
124900033,82,175,-93
124900034,4,75,-71
124900035,150,283,-133
124900036,2,74,-72
124900037,165,237,-72
124900038,263,243,20
124900039,1,91,-90
124900040,197,60,137
124900041,235,744,-509
124900042,105,1,104
124900043,474,787,-313
124900044,75,4,71
124900045,448,1038,-590
124900047,124,150,-26
124900048,214,83,131
124900050,168,156,12
124900052,117,287,-170
124900053,124,318,-194
124900054,1126,421,705
124900055,0,105,-105
124900057,9,44,-35
124900060,48,140,-92
124900061,68,3,65
124900062,177,17,160
124900066,1,24,-23
124900067,3,87,-84
124900068,269,442,-173
124900070,43,24,19
124900072,119,33,86
124900075,172,182,-10
124900076,32,1040,-1008
124900077,31,75,-44
124900078,135,17,118
124900079,478,176,302
124900080,300,505,-205
124900081,998,259,739
124900082,276,609,-333
124900083,208,403,-195
124900085,679,461,218
124900086,68,1443,-1375
124900087,615,89,526
124900088,637,96,541
124900089,1160,36,1124
124900090,264,195,69
124900091,253,256,-3
124900092,231,178,53
124900093,290,136,154
124900094,362,169,193
124900095,110,377,-267
124900096,426,230,196
124900097,283,34,249
124900098,114,262,-148
124900099,367,415,-48
124900100,262,32,230
124900101,88,340,-252
124900102,217,12,205
124900103,148,176,-28
124900104,116,129,-13
124900105,122,106,16
124900106,361,43,318
124900107,99,16,83
124900108,142,91,51
124900111,0,132,-132
124900112,64,360,-296
124900113,103,370,-267
124900114,159,154,5
124900115,54,18,36
124900116,198,186,12
124900117,296,139,157
124900118,195,284,-89
124900119,336,162,174
124900120,58,249,-191
124900121,97,342,-245
124900122,195,172,23
124900123,237,121,116
124900124,106,330,-224
204000001,86,5,81
204000002,27,6,21
204000003,10,7,3
204000004,8,1,7
204000005,670,581,89
204000006,1296,1323,-27
204000011,15,53,-38
204000012,78,106,-28
204000019,738,455,283
204000020,659,510,149
204000021,1280,752,528
204000022,546,458,88
204000023,575,653,-78
204000031,109,11,98
204000032,324,37,287
204000034,41,166,-125
204000035,0,2,-2
204000036,5,18,-13
204000037,4,11,-7
204000038,0,13,-13
204000039,1,18,-17
204000040,5,23,-18
204000041,2,20,-18
204000042,51,13,38
204000043,40,7,33
204000044,28,9,19
204000045,34,12,22
204000046,13,3,10
204000057,3,17,-14
204000062,28,50,-22
204000068,28,211,-183
204000069,47,334,-287
204000070,79,67,12
204000080,68,66,2
204000085,2134,1372,762
204000086,2298,1624,674
204000087,25,10,15
204000088,6,105,-99
204000090,72,237,-165
204000093,312,76,236
204000096,756,1231,-475
204000097,342,23,319
204000099,1166,1363,-197
204000100,1323,1821,-498
204000105,2173,1229,944
204000110,531,895,-364
204000111,528,518,10
204000112,662,494,168
204000113,506,631,-125
204000114,721,638,83
204000115,494,290,204
204000116,548,501,47
204000119,1864,2617,-753
204000132,742,350,392
204000133,959,171,788
204000134,229,72,157
204000135,714,62,652
204000136,924,228,696
204000138,366,448,-82
204000140,262,171,91
204000141,199,86,113
204000144,7,19,-12
204000145,439,30,409
204000146,19,302,-283
204000147,33,152,-119
204000148,202,30,172
204000154,5,4,1
204000155,3,4,-1
204000177,92,52,40
204000179,37,8,29
204000180,0,25,-25
204000222,2,2,0
204000235,22,11,11
204000236,54,223,-169
204000238,23,15,8
204000240,339,54,285
204000263,683,903,-220
204000268,1031,804,227
204000308,146,19,127
204000317,12,62,-50
204000322,6,34,-28
204000323,15,6,9
204000328,193,71,122
204000329,85,124,-39
204000330,194,51,143
204000331,86,117,-31
205000001,956,1678,-722
205000013,4,39,-35
205000014,10,81,-71
205000015,34,143,-109
205000016,16,148,-132
205000017,32,51,-19
205000022,305,770,-465
205000025,1163,1146,17
205000029,188,3,185
205000045,150,552,-402
205000046,100,590,-490
205000047,56,401,-345
205000048,378,915,-537
205000049,195,730,-535
205000050,627,281,346
205000059,0,183,-183
205000060,0,104,-104
205000061,4,89,-85
205000062,2,115,-113
205000063,20,96,-76
205000064,17,57,-40
205000065,71,450,-379
205000066,104,666,-562
205000067,28,735,-707
205000069,262,20,242
205000082,145,143,2
205000110,69,240,-171
205000111,199,238,-39
205000112,114,175,-61
205000113,222,308,-86
205000121,261,59,202
205000123,34,215,-181
205000126,464,91,373
205000127,898,188,710
205000128,449,93,356
205000129,722,69,653
205000130,225,36,189
205000131,151,18,133
205000132,203,3,200
205000133,108,3,105
205000134,345,0,345
205000137,63,160,-97
205000138,105,269,-164
205000139,26,91,-65
205000144,82,61,21
205000145,313,172,141
205000151,129,37,92
205000152,217,23,194
205000153,230,30,200
205000154,73,34,39
205000155,93,11,82
205000207,13,155,-142
205000233,30,0,30
205000234,0,1,-1
205000243,1,2,-1
205000244,1,0,1
205000245,5,112,-107
205000249,0,8,-8
205000250,6,0,6
205000264,5,88,-83
206000027,2,4,-2
206000028,3,1,2
206000043,6,33,-27
206000053,3,6,-3
206000054,1,18,-17
206000055,2,13,-11
206000075,12,15,-3
206000076,15,14,1
206000077,23,4,19
206000078,26,15,11
206000079,15,19,-4
206000082,366,45,321
206000100,29,438,-409
206000103,6,12,-6
206000104,17,28,-11
206000105,7,9,-2
206000106,4,15,-11
206000125,75,0,75
206000157,43,373,-330
206000170,1,113,-112
206000171,5,164,-159
206000172,7,258,-251
206000173,4,143,-139
206000174,14,51,-37
206000175,6,71,-65
206000176,19,138,-119
206000177,0,99,-99
206000178,3,141,-138
206000179,3,90,-87
206000180,6,118,-112
206000181,7,73,-66
206000182,9,105,-96
206000183,14,397,-383
206000184,6,232,-226
206000185,4,104,-100
206000186,78,620,-542
206000223,4,176,-172
206000226,14,3,11
206000227,12,1,11
206000237,33,243,-210
206000238,40,406,-366
206000239,190,1376,-1186
206000240,2,49,-47
206000241,0,74,-74
206000242,8,135,-127
206000243,5,125,-120
206000244,56,399,-343
206000245,585,65,520
206000246,202,25,177
206000247,212,4,208
206000248,283,24,259
206000252,59,36,23
206000258,17,38,-21
206000315,35,4,31
206000317,441,88,353
206000318,475,77,398
206000319,1088,78,1010
206000320,145,38,107
206000321,188,11,177
206000322,409,18,391
206000323,117,11,106
206000324,124,8,116
206000325,117,9,108
206000326,110,10,100
206000327,179,8,171
206000328,155,3,152
206000329,186,5,181
206000330,35,2,33
206000331,174,3,171
206000332,42,1,41
206000333,529,10,519
206000334,236,1,235
206000335,0,17,-17
206000361,3,139,-136
206000392,1,20,-19
206000405,110,0,110
206000441,32,14,18
206000498,32,3,29
206000515,93,41,52
206000530,226,50,176
206000531,188,171,17
206000532,1446,244,1202
206000535,166,1405,-1239
206000536,16,135,-119
206000537,17,155,-138
206000613,1281,216,1065
206000784,552,28,524
207000001,151,644,-493
207000002,118,349,-231
207000003,160,116,44
207000007,920,250,670
207000008,88,7,81
207000009,51,33,18
207000010,361,380,-19
207000012,377,155,222
207000015,244,967,-723
207000019,238,76,162
207000021,501,154,347
207000022,203,122,81
207000023,268,53,215
207000024,9,12,-3
207000025,31,70,-39
207000026,91,33,58
207000027,18,69,-51
207000028,78,169,-91
207000029,198,329,-131
207000033,161,428,-267
207000034,253,98,155
207000039,344,110,234
207000040,347,83,264
207000041,68,23,45
207000042,218,42,176
207000043,198,162,36
207000051,125,144,-19
207000052,15,116,-101
207000053,458,475,-17
207000054,39,69,-30
207000055,199,105,94
207000056,359,267,92
207000057,152,273,-121
207000058,184,221,-37
207000059,119,370,-251
207000060,61,166,-105
207000061,180,511,-331
207000062,313,50,263
207000063,320,126,194
207000064,304,133,171
207000065,359,202,157
207000066,186,160,26
207000067,54,98,-44
207000068,104,67,37
207000069,690,336,354
207000082,10,158,-148
207000083,68,184,-116
207000084,248,232,16
207000085,229,23,206
207000086,196,5,191
207000106,39,27,12
207000107,69,10,59
207000108,78,14,64
207000109,45,12,33
207000110,45,69,-24
207000111,61,55,6
207000112,156,650,-494
207000114,21,42,-21
207000115,20,73,-53
207000116,22,328,-306
207000117,10,74,-64
207000118,5,62,-57
207000119,39,75,-36
207000123,154,40,114
207000124,62,29,33
207000125,40,44,-4
207000126,75,49,26
207000134,74,109,-35
207000135,18,177,-159
207000148,69,265,-196
207000149,62,18,44
207000152,149,346,-197
207000153,907,1330,-423
207000154,381,164,217
207000159,114,120,-6
207000160,112,341,-229
207000238,0,175,-175
207000242,9,122,-113
207000248,44,39,5
207000249,109,29,80
207000250,519,66,453
207000251,113,64,49
207000252,45,32,13
207000278,97,58,39
207000279,25,122,-97
207000280,489,87,402
207000281,114,666,-552
207000282,165,165,0
207000283,137,207,-70
207000284,84,221,-137
207000285,133,93,40
207000291,12,82,-70
207000304,162,62,100
207000306,55,327,-272
207000310,86,74,12
207000353,317,10,307
207000356,10,17,-7
207000357,6,12,-6
207000358,9,15,-6
207000415,11,166,-155
207000417,71,10,61
207000418,107,129,-22
207000438,0,1,-1
207000439,956,920,36
207000446,195,8,187
207000460,31,10,21
207000466,169,113,56
207000467,211,83,128
207000468,55,217,-162
207000476,14,54,-40
207000477,604,65,539
207000478,3,36,-33
207000523,0,13,-13
207000524,103,0,103
207000527,160,166,-6
207000530,448,16,432
207000531,259,21,238
207000532,48,17,31
207000534,344,62,282
207000535,36,325,-289
207000537,12,81,-69
207000540,8,143,-135
207000541,1,247,-246
207000548,9,181,-172
207000549,376,12,364
207000561,159,169,-10
207000562,36,137,-101
207000567,203,233,-30
207000568,171,54,117
207000569,369,409,-40
207000584,307,150,157
207000585,59,353,-294
207000587,118,19,99
207000616,0,107,-107
207000617,147,0,147
207000624,45,23,22
207000631,6,52,-46
207900008,261,91,170
208000001,513,1028,-515
208000002,665,473,192
208000003,1171,398,773
208000004,1072,710,362
208000005,14,24,-10
208000019,514,911,-397
208000020,169,444,-275
208000021,250,299,-49
208000022,1140,410,730
208000028,1194,934,260
208000033,661,544,117
208000034,1124,1221,-97
208000037,236,11,225
208000040,226,190,36
208000041,878,517,361
208000042,1400,564,836
208000047,147,164,-17
208000064,2167,1448,719
208000066,1609,2591,-982
208000070,321,310,11
208000071,332,695,-363
208000072,343,1042,-699
208000080,358,352,6
208000081,456,156,300
208000082,287,241,46
208000083,114,368,-254
208000084,20,24,-4
208000085,789,562,227
208000086,451,964,-513
208000087,310,757,-447
208000089,1205,350,855
208000090,1094,546,548
208000093,151,139,12
208000094,620,322,298
208000095,615,454,161
208000104,895,809,86
208000105,623,908,-285
208000114,106,298,-192
208000115,456,320,136
208000116,499,1049,-550
208000117,81,155,-74
208000118,117,152,-35
208000155,608,959,-351
208000158,1181,3705,-2524
208000186,3376,4385,-1009
208000204,673,924,-251
208000205,1198,843,355
208000282,5063,3326,1737
209000004,254,179,75
209000005,36,27,9
209000006,365,173,192
209000007,222,275,-53
209000010,350,111,239
209000011,132,209,-77
209000012,81,111,-30
209000013,194,232,-38
209000014,396,708,-312
209000025,330,47,283
209000026,616,129,487
209000027,418,563,-145
209000028,294,482,-188
209000029,432,510,-78
209000030,427,971,-544
209000031,1823,1503,320
209000034,181,276,-95
209000035,166,216,-50
209000036,219,145,74
209000037,300,233,67
209000038,137,198,-61
209000039,70,112,-42
209000040,246,490,-244
209000041,142,435,-293
209000042,210,385,-175
209000043,571,785,-214
209000044,172,696,-524
209000045,1354,365,989
209000046,501,398,103
209000047,432,199,233
209000048,606,282,324
209000049,103,85,18
209000050,211,170,41
209000051,274,223,51
209000052,173,222,-49
209000062,29,70,-41
209000063,65,65,0
209000064,47,56,-9
209000065,83,31,52
209000066,68,30,38
209000067,118,51,67
209000080,18,195,-177
209000082,76,53,23
209000091,35,104,-69
209000093,58,18,40
209000094,183,201,-18
209000110,50,132,-82
209000111,424,1120,-696
209000112,782,432,350
209000113,1211,438,773
209000114,535,382,153
209000115,73,114,-41
209000116,517,326,191
209000118,17,64,-47
209000119,20,10,10
209000121,104,356,-252
209000135,80,241,-161
209000142,617,1150,-533
209000143,63,64,-1
209000144,41,120,-79
209000229,236,135,101
209000240,27,220,-193
209000259,82,106,-24
209000260,46,721,-675
209000261,2,384,-382
209000262,5,298,-293
209000263,1,140,-139
209000264,2,150,-148
209000265,528,9,519
209000266,116,2,114
209000267,833,11,822
209000268,598,44,554
210000037,89,30,59
210000047,83,25,58
210000048,104,25,79
210000049,47,10,37
210000052,45,61,-16
210000053,25,36,-11
210000054,69,52,17
210000070,100,7,93
210000071,86,0,86
210000072,20,0,20
210000073,0,27,-27
210000074,0,87,-87
210000075,7,116,-109
210000076,7,139,-132
210000077,15,59,-44
210000078,29,41,-12
210000079,20,13,7
210000080,60,53,7
210000081,162,29,133
210000082,136,4,132
210000083,61,0,61
210000084,37,0,37
210000085,0,53,-53
210000086,2,63,-61
210000099,29,203,-174
210000100,49,126,-77
210000101,77,170,-93
210000105,40,162,-122
210000159,1,175,-174
210000163,142,228,-86
210000164,250,209,41
210000168,110,50,60
210000187,0,25,-25
210000188,1,17,-16
210000214,32,2,30
210000219,22,49,-27
210000220,61,36,25
210000232,1,17,-16
210000233,45,66,-21
210000234,25,120,-95
210000235,95,77,18
210000245,0,100,-100
210000246,11,0,11
210000258,10,76,-66
210000259,287,49,238
210000282,84,207,-123
210000285,0,100,-100
210000286,17,132,-115
210000290,0,20,-20
210000295,71,102,-31
210000296,38,31,7
210000320,147,44,103
210000321,119,38,81
210000338,82,49,33
210000339,321,1098,-777
210000340,99,394,-295
210000341,159,277,-118
210000342,194,168,26
210000343,190,192,-2
210000344,142,92,50
210000345,169,204,-35
210000346,59,106,-47
210000347,98,40,58
210000348,141,34,107
210000349,73,19,54
210000350,150,82,68
210000351,177,102,75
210000352,87,61,26
210000353,43,78,-35
210000354,72,72,0
210000355,46,72,-26
210000356,72,62,10
210000357,67,33,34
210000358,220,122,98
210000359,87,83,4
210000360,124,117,7
210000361,163,135,28
210000362,286,157,129
210000363,731,277,454
210000364,74,101,-27
210000365,88,51,37
210000366,120,34,86
210000367,90,30,60
210000368,159,22,137
210000369,43,21,22
210000370,36,35,1
210000372,36,28,8
210000373,35,23,12
210000374,63,14,49
210000375,42,77,-35
210000376,66,108,-42
210000404,47,100,-53
210000439,19,36,-17
210000472,99,4,95
210000482,68,77,-9
210000564,297,247,50
210000567,3,24,-21
210000568,311,1,310
211000092,44,60,-16
211000094,19,7,12
211000169,197,16,181
211000172,12,237,-225
211000209,2,13,-11
211000226,6,16,-10
211000270,35,21,14
211000275,13,13,0
211000276,74,17,57
211000279,16,19,-3
211000281,53,40,13
211000302,33,61,-28
211507980,1,49,-48
211977296,30,5,25
212000003,97,51,46
212000004,32,18,14
212000005,24,33,-9
212000006,21,49,-28
212000008,168,133,35
212000009,25,97,-72
212000012,74,87,-13
212000013,40,37,3
212000014,284,165,119
212000015,304,266,38
212000016,497,505,-8
212000027,549,398,151
212000028,333,422,-89
212000029,245,231,14
212000030,43,22,21
212000031,67,49,18
212000048,35,146,-111
212000049,34,107,-73
212000050,18,9,9
212000051,181,141,40
212000052,171,211,-40
212000053,486,412,74
212000054,244,121,123
212000055,243,149,94
212000056,24,38,-14
212000057,12,25,-13
212000058,256,29,227
212000070,116,176,-60
212000077,128,484,-356
212000099,210,278,-68
212000108,130,151,-21
212000111,195,113,82
212000120,115,52,63
212000138,126,34,92
212000156,9,94,-85
212000158,20,10,10
212000159,401,48,353
212000160,622,293,329
212000161,71,5,66
212000310,41,11,30
212000311,16,59,-43
212000374,45,16,29
213000001,32,322,-290
213000005,353,141,212
213000006,967,326,641
213000007,161,11,150
213000009,739,510,229
213000010,172,314,-142
213000011,202,105,97
213000012,142,322,-180
213000014,76,12,64
213000015,259,9,250
213000016,399,1,398
213000017,117,0,117
213000018,4,104,-100
213000019,0,131,-131
213000020,99,308,-209
213000021,5,138,-133
213000023,354,163,191
213000033,343,1476,-1133
213000034,776,244,532
213000035,128,245,-117
213000045,230,242,-12
213000046,218,150,68
213000047,709,1173,-464
213000056,86,40,46
213000069,147,3,144
213000073,4,41,-37
213000074,86,310,-224
213000075,474,10,464
213000076,41,3,38
213000085,8,37,-29
213000086,8,142,-134
213000091,199,22,177
213000092,95,11,84
213000099,164,1165,-1001
213000100,1138,273,865
213000101,353,107,246
213000102,438,212,226
213000103,838,717,121
213000104,44,321,-277
213000105,4,176,-172
213000106,39,111,-72
213000107,143,409,-266
213000108,31,414,-383
213000109,6,211,-205
213000110,30,72,-42
213000111,12,68,-56
213000112,139,113,26
213000115,55,22,33
213000116,41,303,-262
213000117,13,491,-478
213000118,400,190,210
213000119,36,537,-501
213000120,186,442,-256
213000122,139,410,-271
213000123,335,1072,-737
213000124,98,954,-856
213000125,114,16,98
213000126,63,85,-22
213000127,113,194,-81
213000128,407,1093,-686
213000129,267,586,-319
213000130,596,318,278
213000132,375,79,296
213000133,516,97,419
213000134,775,40,735
213000136,443,27,416
213000137,679,90,589
213000139,346,21,325
213000147,68,22,46
213000148,25,16,9
213000149,41,12,29
213000150,0,148,-148
213000151,2,135,-133
213000152,5,91,-86
213000153,6,170,-164
213000154,38,173,-135
213000155,17,174,-157
213000156,101,375,-274
213000157,498,359,139
213000158,322,776,-454
213000159,564,481,83
213000163,809,96,713
213000165,825,275,550
213000171,1,71,-70
213000172,1,176,-175
213000173,4,179,-175
213000174,1,109,-108
213000175,8,69,-61
213000176,41,33,8
213000177,38,5,33
213000178,172,0,172
213000179,211,2,209
213000180,152,0,152
213000184,68,344,-276
213000188,309,96,213
213000189,289,41,248
213000190,790,658,132
213000191,283,343,-60
213000192,179,316,-137
213000193,746,274,472
213000194,3,70,-67
213000195,21,325,-304
213000196,236,1048,-812
213000197,425,466,-41
213000198,63,5,58
213000200,118,722,-604
213000201,57,57,0
213000202,17,505,-488
213000203,2888,652,2236
213000204,640,84,556
213000205,251,83,168
213000206,342,56,286
213000207,216,19,197
213000208,104,3,101
213000209,226,8,218
213000210,431,2,429
213000211,5,39,-34
213000212,25,34,-9
213000213,27,61,-34
213000218,179,414,-235
213000219,444,34,410
213000220,431,13,418
213000223,161,261,-100
213000224,56,64,-8
213000225,86,12,74
213000226,83,22,61
213000227,856,244,612
213000228,352,104,248
213000229,243,22,221
213000230,578,36,542
213000232,76,905,-829
213000233,12,119,-107
213000234,2,34,-32
213000293,24,65,-41
213000294,157,21,136
213000295,20,90,-70
213000296,46,25,21
213000297,5,72,-67
213000298,12,65,-53
213000299,65,30,35
213000300,25,7,18
213000303,5,33,-28
213000304,0,24,-24
213000305,3,14,-11
213000306,40,40,0
213000307,171,57,114
213000308,67,125,-58
213000309,139,58,81
213000310,333,174,159
213000311,286,645,-359
213000315,60,91,-31
213000316,130,41,89
213000322,62,73,-11
213000323,84,45,39
213000324,53,23,30
213000325,25,64,-39
213000326,11,14,-3
213000327,12,19,-7
213000328,18,114,-96
213000329,103,19,84
213000340,199,443,-244
213000341,556,112,444
213000346,182,253,-71
213000347,728,437,291
213000348,15,112,-97
213000349,36,14,22
213000350,330,819,-489
213000366,84,252,-168
213000367,220,34,186
213000379,172,63,109
213000386,14,286,-272
213000406,73,335,-262
213000417,1023,442,581
213000425,163,40,123
213000426,136,72,64
213000427,49,177,-128
213000428,43,164,-121
213000429,16,6,10
213000430,86,474,-388
213000431,78,4,74
213000432,2,74,-72
213000433,25,92,-67
213000434,88,91,-3
213000435,118,52,66
213000436,34,58,-24
213000437,1,7,-6
213000438,169,43,126
213000439,35,12,23
213000440,4,226,-222
213000441,4,4,0
213000442,0,24,-24
213000443,361,316,45
213000444,31,17,14
213000445,0,75,-75
213000446,0,105,-105
213000447,6,78,-72
213000448,9,111,-102
213000449,312,4,308
213000450,25,36,-11
213000451,170,70,100
213000452,15,29,-14
213000453,32,197,-165
213000455,656,4,652
213000456,1,348,-347
213000481,6,5,1
213000482,29,4,25
213000489,259,51,208
213000491,2,188,-186
213000492,244,2,242
213000493,0,110,-110
213000494,230,84,146
213000495,0,65,-65
213000496,355,105,250
213000497,48,219,-171
213000498,123,156,-33
213000499,171,348,-177
213000500,452,49,403
213000501,92,22,70
213000502,199,106,93
213000503,1,48,-47
213000504,18,76,-58
213000505,7,17,-10
213000506,0,15,-15
213000507,3,109,-106
213900244,63,0,63
213900245,1,22,-21
218000003,32,26,6
218000004,42,36,6
218000005,30,38,-8
218000006,39,29,10
218000007,16,20,-4
218000012,160,113,47
218000013,134,134,0
218000014,423,398,25
218000019,788,636,152
218000020,244,430,-186
218000021,24,27,-3
218000022,7,9,-2
218000023,2,8,-6
218000024,5,4,1
218000025,3,8,-5
218000026,3,13,-10
218000027,0,3,-3
218000028,1,3,-2
218000029,1,1,0
218000030,13,11,2
218000031,0,6,-6
218000032,0,6,-6
218000040,5,1,4
218000046,41,72,-31
218000047,8,123,-115
218000048,38,82,-44
218000049,72,104,-32
218000050,329,230,99
218000051,61,178,-117
218000052,2,91,-89
218000053,3,13,-10
218000054,11,64,-53
218000055,4,24,-20
218000056,16,14,2
218000057,4,14,-10
218000064,4,7,-3
218000065,124,42,82
218000066,11,41,-30
218000067,44,70,-26
218000068,94,70,24
218000069,215,102,113
218000070,192,224,-32
218000071,229,164,65
218000072,283,169,114
218000078,986,669,317
218000079,89,61,28
218000080,98,66,32
218000081,337,192,145
218000082,39,98,-59
218000083,90,44,46
218000084,175,125,50
218000085,144,270,-126
218000086,56,99,-43
218000087,185,130,55
218000090,12,70,-58
218000091,1037,465,572
218000092,93,154,-61
218000093,87,46,41
218000094,398,645,-247
218000099,239,640,-401
218000100,236,288,-52
218000101,230,146,84
218000102,382,175,207
218000103,90,95,-5
218000104,94,36,58
218000105,24,14,10
218000106,13,11,2
218000107,59,55,4
218000108,4,37,-33
218000112,63,27,36
218000117,61,32,29
218000134,453,525,-72
218000135,32,89,-57
218000136,270,137,133
218000137,247,165,82
218000138,57,115,-58
218000139,176,277,-101
218000140,423,228,195
218000141,106,74,32
218000142,224,152,72
218000143,171,196,-25
218000144,76,119,-43
218000145,393,304,89
218000146,56,161,-105
218000151,6,16,-10
218000152,71,40,31
218000153,4,1,3
218000154,5,1,4
218000155,9,0,9
218000156,22,8,14
218000157,17,6,11
218000158,1,2,-1
218000159,0,0,0
218000160,2,0,2
218000161,5,4,1
218000162,7,1,6
218000163,5,1,4
218000164,21,4,17
218000165,18,6,12
218000170,5,37,-32
218000171,36,6,30
218000172,15,4,11
218000173,45,13,32
218000174,14,5,9
218000176,109,27,82
218000177,185,167,18
218000178,48,218,-170
218000179,66,68,-2
218000180,51,23,28
218000181,111,61,50
218000187,15,18,-3
218000188,32,44,-12
218000189,26,50,-24
218000190,19,17,2
218000191,150,58,92
218000192,179,147,32
218000193,385,325,60
218000194,76,242,-166
218000195,108,58,50
218000196,337,198,139
218000197,302,229,73
218000198,21,118,-97
218000199,60,29,31
218000200,91,20,71
218000201,15,6,9
218000202,69,239,-170
218000207,3,27,-24
218000208,49,38,11
218000211,65,30,35
218000212,1,2,-1
218000213,89,120,-31
218000214,3,29,-26
218000215,27,56,-29
218000217,4,79,-75
218000218,114,42,72
218000219,16,15,1
218000220,51,265,-214
218000221,421,146,275
218000222,9,30,-21
218000223,16,246,-230
218000224,4,88,-84
218000225,66,20,46
218000226,72,38,34
218000230,0,5,-5
218000232,49,48,1
218000239,223,19,204
218000240,66,4,62
218000241,51,3,48
218000242,90,11,79
218000243,93,2,91
218000244,59,3,56
218000245,23,3,20
218000246,16,0,16
218000247,3,1,2
218000248,1,18,-17
218000249,0,4,-4
218000250,4,8,-4
218000251,8,28,-20
218000252,14,41,-27
218000253,11,36,-25
218000254,2,27,-25
218000255,2,34,-32
218000256,6,109,-103
218000267,447,923,-476
218000268,20,52,-32
218000269,3,11,-8
218000270,104,50,54
218000271,17,45,-28
218000273,18,1,17
218000274,14,1,13
218000275,17,50,-33
218000276,14,32,-18
218000278,27,41,-14
218000279,90,42,48
218000280,6,43,-37
218000281,38,25,13
218000282,586,408,178
218000284,66,3,63
218000301,119,139,-20
218000302,108,39,69
218000303,42,45,-3
218000316,612,832,-220
218000317,971,835,136
218000318,609,570,39
218000319,1108,801,307
218000320,745,503,242
218000338,62,27,35
218000345,92,60,32
218000346,52,138,-86
218000459,15,182,-167
218000490,25,47,-22
218000501,77,50,27
218000502,46,57,-11
218000503,94,16,78
218000504,224,35,189
218000505,58,145,-87
218000506,34,273,-239
218000508,7,6,1
218000510,202,14,188
218000520,124,79,45
218000521,13,36,-23
218000522,0,146,-146
218000523,111,13,98
218000524,63,222,-159
218000525,219,24,195
218000526,21,160,-139
218000529,50,164,-114
218000530,10,2,8
218000531,19,15,4
218000532,28,19,9
218000534,139,24,115
218000537,31,62,-31
218000538,107,155,-48
218000540,186,61,125
218000543,159,34,125
218000544,31,91,-60
218000545,40,57,-17
218000546,56,55,1
218000547,71,181,-110
218000548,114,115,-1
218000549,388,477,-89
218000550,222,214,8
218000551,97,813,-716
218000552,380,42,338
218000553,101,177,-76
218000554,29,52,-23
218000555,44,49,-5
218000556,198,182,16
218000557,221,200,21
218000558,100,0,100
218000559,1,46,-45
218000560,0,42,-42
218000561,15,0,15
218000562,28,221,-193
218000563,228,30,198
218000564,13,157,-144
218000565,201,30,171
218000566,541,24,517
218000567,5,105,-100
218000568,49,5,44
218000569,22,160,-138
218000570,227,7,220
218000571,0,103,-103
218000572,153,6,147
218000573,21,279,-258
218000574,295,39,256
218000575,124,2,122
218000576,0,90,-90
218000577,82,0,82
218000578,0,64,-64
218000579,48,13,35
218000581,3,28,-25
218000582,32,5,27
218000583,8,1,7
218000584,2,26,-24
218000585,28,3,25
218000586,2,23,-21
218000587,6,0,6
218000588,6,4,2
218000589,2,3,-1
218000590,2,2,0
218000591,8,4,4
218000592,21,1,20
218000593,4,2,2
218000594,3,0,3
218000597,0,0,0
218000598,0,0,0
218000599,0,0,0
218000600,0,0,0
218000601,0,0,0
218000602,0,7,-7
218000603,0,12,-12
218000604,27,1,26
218000605,0,35,-35
218000606,94,0,94
218000607,17,42,-25
218000608,74,25,49
218000609,10,55,-45
218000610,55,14,41
218000611,26,1,25
218000612,1,13,-12
218000613,24,1,23
218000614,0,60,-60
218000615,186,1,185
218000616,7,72,-65
218000617,28,1,27
218000618,0,25,-25
218000619,10,40,-30
218000620,7,13,-6
218000621,0,2,-2
218000622,0,1,-1
218000623,241,2,239
218000624,3,7,-4
218000625,17,0,17
218000626,0,8,-8
218000628,126,32,94
218000631,56,20,36
218000632,4,91,-87
218000633,92,0,92
218000634,7,18,-11
218000635,13,6,7
218000636,737,961,-224
218000637,767,462,305
218000638,147,31,116
218000639,10,139,-129
218000640,214,21,193
218000641,47,254,-207
218000652,42,61,-19
218000653,66,49,17
218000663,22,178,-156
218000675,164,70,94
218000676,2,8,-6
218000677,1,3,-2
218000680,207,300,-93
218000681,435,130,305
218000691,204,162,42
218000693,201,162,39
218000703,5,14,-9
218000718,370,1062,-692
218000719,642,639,3
218000720,50,419,-369
218000721,371,31,340
218000725,9,3,6
218001147,4,120,-116
218001214,13,35,-22
218001258,242,13,229
218001329,127,140,-13
218001330,119,61,58
218001351,28,18,10
218001352,22,37,-15
218001353,17,6,11
218001354,11,52,-41
218001355,9,227,-218
218001356,369,30,339
218001357,48,143,-95
218001358,289,33,256
218001361,309,3,306
218001362,1,106,-105
219000001,27,29,-2
219000002,58,52,6
219000003,38,27,11
219000004,58,44,14
219000017,89,44,45
219000020,130,60,70
219000022,159,3,156
219000023,83,0,83
219000029,1,54,-53
219000034,37,35,2
219000039,62,133,-71
219000040,43,48,-5
219000041,94,21,73
219000051,0,30,-30
219000052,0,20,-20
219000053,0,61,-61
219000054,16,81,-65
219000055,229,1,228
219000056,12,1,11
219000057,62,0,62
219000062,21,85,-64
219000063,79,11,68
219000064,4,54,-50
219000110,424,84,340
219000111,95,63,32
219000112,156,50,106
219000113,152,50,102
219000114,168,67,101
219000116,114,34,80
219000117,157,55,102
219000118,171,46,125
219000123,221,76,145
219000124,48,32,16
219000125,15,10,5
219000126,80,86,-6
219000127,0,5,-5
219000128,5,120,-115
219000129,31,121,-90
219000130,409,423,-14
219000131,552,983,-431
219000133,50,57,-7
219000134,11,24,-13
219000135,35,49,-14
219000136,122,199,-77
219000138,53,31,22
219000139,34,24,10
219000140,50,2,48
219000141,33,96,-63
219000142,11,60,-49
219000143,20,94,-74
219000145,25,35,-10
219000146,4,28,-24
219000147,12,19,-7
219000148,1,23,-22
219000149,10,55,-45
219000150,3,55,-52
219000151,2,20,-18
219000157,184,114,70
219000158,193,180,13
219000161,95,11,84
219000163,1132,451,681
219000166,95,181,-86
219000167,67,126,-59
219000168,269,95,174
219000174,450,139,311
219000175,70,3,67
219000176,96,8,88
219000177,44,1,43
219000178,39,2,37
219000179,8,8,0
219000180,34,35,-1
219000182,186,8,178
219000183,97,41,56
219000184,142,8,134
219000185,0,41,-41
219000186,61,27,34
219000187,15,59,-44
219000189,63,172,-109
219000190,47,203,-156
219000191,755,1399,-644
219000192,222,130,92
219000193,177,130,47
219000195,3,39,-36
219000196,11,99,-88
219000198,13,86,-73
219000199,41,206,-165
219000200,30,148,-118
219000201,50,149,-99
219000203,21,130,-109
219000204,93,192,-99
219000205,47,168,-121
219000207,135,207,-72
219000209,32,74,-42
219000210,30,95,-65
219000213,7,88,-81
219000239,177,252,-75
219000240,217,318,-101
219000241,166,141,25
219000242,45,132,-87
219000243,104,266,-162
219000244,15,79,-64
219000245,44,98,-54
219000246,64,99,-35
219000247,171,34,137
219000248,539,402,137
219000249,138,105,33
219000250,128,77,51
219000251,487,242,245
219000252,229,173,56
219000253,470,139,331
219000255,129,132,-3
219000256,200,61,139
219000257,106,0,106
219000262,99,115,-16
219000263,66,140,-74
219000267,0,49,-49
219000268,5,7,-2
219000269,6,7,-1
219000270,8,0,8
219000271,124,5,119
219000278,0,3,-3
219000279,2,0,2
219000283,0,9,-9
219000295,20,84,-64
219000296,59,293,-234
219000297,11,106,-95
219000298,11,87,-76
219000299,398,40,358
219000300,18,143,-125
219000301,243,346,-103
219000302,30,196,-166
219000307,47,30,17
219000308,59,40,19
219000311,211,51,160
219000312,633,166,467
219000313,342,59,283
219000314,54,339,-285
219000315,335,34,301
219000316,472,50,422
219000317,113,6,107
219000320,1,48,-47
219000321,1,8,-7
219000323,4,58,-54
219000325,3,5,-2
219000326,67,42,25
219000327,53,28,25
219000328,28,34,-6
219000329,256,114,142
219000330,45,35,10
219000331,56,69,-13
219000332,118,79,39
219000333,16,2,14
219000335,74,0,74
219000337,23,2,21
219000338,61,3,58
219000344,18,51,-33
219000345,46,60,-14
219000346,46,98,-52
219000348,167,68,99
219000349,41,126,-85
219000350,102,307,-205
219000351,8,16,-8
219000352,271,86,185
219000353,141,49,92
219000354,189,65,124
219000355,136,54,82
219000356,1074,1603,-529
219000363,209,51,158
219000364,99,41,58
219000365,105,23,82
219000366,210,300,-90
219000368,298,582,-284
219000370,1075,580,495
219000371,14,30,-16
219000382,11,27,-16
219000383,594,1080,-486
219000385,377,426,-49
219000386,608,1291,-683
219000387,3,12,-9
219000390,3,1,2
219000391,4,0,4
219000397,59,40,19
219000398,68,52,16
219000401,12,51,-39
219000402,26,64,-38
219000403,160,306,-146
219000404,14,165,-151
219000407,4,22,-18
219000409,39,31,8
219000410,78,42,36
219000411,77,18,59
219000446,106,332,-226
219000447,5,14,-9
219000448,15,13,2
219000452,118,83,35
219000453,63,191,-128
219000454,198,270,-72
219000556,269,75,194
219000558,116,167,-51
219000590,22,107,-85
219000591,92,114,-22
219000592,97,306,-209
219000595,2,15,-13
219000635,165,46,119
219000636,31,78,-47
219000657,15,23,-8
219000658,17,84,-67
219000673,0,18,-18
219000676,39,4,35
219000679,33,7,26
219000684,98,4,94
219000685,3,29,-26
219000686,0,1,-1
219000688,0,49,-49
219000689,24,200,-176
219000690,140,24,116
219000691,36,142,-106
219000692,183,27,156
219000693,0,22,-22
219000694,5,1,4
219000695,21,21,0
219000698,32,1,31
219000699,0,22,-22
219000727,2,60,-58
219000728,51,2,49
219000770,45,0,45
219000771,0,39,-39
219000788,287,198,89
219001150,0,29,-29
219001151,0,2,-2
219001166,54,14,40
219001167,2,55,-53
219001178,50,0,50
220000001,44,76,-32
220000002,18,71,-53
220000003,344,213,131
220000004,384,350,34
220000005,1044,1456,-412
220000006,172,698,-526
220000007,361,418,-57
220000008,318,679,-361
220000009,265,327,-62
220000010,253,135,118
220000011,512,2132,-1620
220000012,144,173,-29
220000014,141,65,76
220000015,89,205,-116
220000017,83,168,-85
220000018,2972,1244,1728
220000019,103,231,-128
220000020,348,191,157
220000021,645,149,496
220000022,753,339,414
220000023,414,113,301
220000024,1511,410,1101
220000025,568,1084,-516
220000026,267,279,-12
220000027,37,82,-45
220000028,43,40,3
220000029,55,90,-35
220000030,79,70,9
220000031,335,288,47
220000064,20,688,-668
221000046,23,21,2
221000047,0,5,-5
221000048,0,1,-1
221000049,0,4,-4
221000050,21,1,20
221000055,41,44,-3
221000057,49,21,28
221000068,241,176,65
221000069,325,76,249
221000070,181,38,143
221000071,115,3,112
221000072,219,14,205
221000073,112,34,78
221000074,1,11,-10
221000075,6,25,-19
221000076,8,29,-21
221000077,23,90,-67
221000081,12,10,2
221000082,104,2,102
221000083,48,5,43
221000084,10,4,6
221000085,17,54,-37
221000086,20,83,-63
221000087,8,129,-121
221000088,21,169,-148
221000089,33,210,-177
221000090,138,463,-325
221000098,106,13,93
221000099,144,11,133
221000100,125,5,120
221000101,270,51,219
221000102,127,17,110
221000109,9,99,-90
221000110,5,79,-74
221000111,28,207,-179
221000112,8,132,-124
221000113,14,126,-112
221000114,9,113,-104
221000120,33,21,12
221000121,4,28,-24
221000122,33,33,0
221000123,14,24,-10
221000124,29,109,-80
221000155,65,16,49
221000156,77,39,38
221000175,4,9,-5
221000176,5,1,4
221000182,91,8,83
221000241,662,283,379
221000242,145,463,-318
221000243,495,176,319
221000244,240,500,-260
221000245,104,131,-27
221000246,65,233,-168
221000247,89,114,-25
221000248,149,130,19
221000267,40,494,-454
221000325,49,54,-5
221000331,13,32,-19
221000338,17,20,-3
221000378,170,31,139
221000381,38,30,8
222000282,21,2,19
222000296,3,7,-4
222000568,269,15,254
222000569,146,59,87
222000570,135,24,111
222000571,291,28,263
222000577,12,99,-87
222000578,24,124,-100
222000579,16,101,-85
222000580,77,526,-449
222000599,1,94,-93
222000600,1,186,-185
222000601,2,664,-662
222000603,16,27,-11
222000604,3,33,-30
222000605,16,32,-16
222000606,1,9,-8
222000607,5,0,5
222000608,16,7,9
222000609,45,135,-90
222000616,302,24,278
222000617,11,14,-3
222000618,10,7,3
222000620,15,13,2
222000621,40,13,27
222000623,518,12,506
222000624,293,3,290
222000625,465,15,450
222000636,50,11,39
222000686,26,12,14
222000687,23,24,-1
222001066,231,2,229
222001067,14,0,14
222001068,42,15,27
222001069,32,21,11
222001082,15,29,-14
222001083,17,31,-14
222001084,1,43,-42
222001085,0,82,-82
222001111,30,96,-66
222001112,107,25,82
222001313,43,14,29
222001314,15,84,-69
222001464,213,40,173
222001465,28,86,-58
222001484,107,48,59
222001485,16,42,-26
222001494,412,107,305
222001495,70,166,-96
222001496,305,99,206
222001497,95,293,-198
222001502,17,94,-77
222001503,78,29,49
222001504,24,227,-203
222001505,282,11,271
222001506,34,359,-325
222001507,220,22,198
222001510,347,32,315
222001511,47,283,-236
222001514,534,157,377
222001515,193,423,-230
222001518,226,41,185
222001519,58,149,-91
222001527,128,48,80
222001528,66,155,-89
222001529,242,47,195
222001530,73,154,-81
222001533,113,223,-110
222001534,245,60,185
222001535,221,229,-8
222001536,40,149,-109
222001537,312,64,248
222001538,104,315,-211
222001563,631,100,531
222001564,77,342,-265
222001568,416,132,284
222001576,2,1,1
222001579,0,12,-12
222001583,14,121,-107
222001584,89,15,74
222001596,420,940,-520
222001597,1297,315,982
222001626,0,79,-79
222001650,76,85,-9
222001651,93,140,-47
222001914,175,60,115
222001915,59,183,-124
222001968,455,291,164
222001969,395,535,-140
222001970,182,177,5
222001971,19,6,13
222001972,3,12,-9
225000001,437,138,299
225000002,444,147,297
225000003,546,63,483
225000004,330,132,198
225000005,92,44,48
225000006,2,168,-166
225000007,1168,1047,121
225000010,247,9,238
225000011,302,834,-532
225000012,211,431,-220
225000013,80,90,-10
225000014,550,73,477
225000015,107,130,-23
225000021,606,140,466
225000027,197,389,-192
225000032,653,90,563
225000042,68,501,-433
225000049,47,53,-6
225000050,75,15,60
225000053,1,224,-223
225000058,596,152,444
225000067,165,134,31
225000068,98,260,-162
225000069,114,355,-241
225000070,93,299,-206
225000071,34,125,-91
225000075,31,496,-465
225000076,55,121,-66
225000078,75,53,22
225000085,68,132,-64
225000086,221,52,169
225000087,125,19,106
225000088,10,155,-145
225000089,182,774,-592
225000090,59,311,-252
225000091,210,105,105
225000092,65,52,13
225000093,168,247,-79
225000094,6,223,-217
225000095,264,281,-17
225000096,317,351,-34
225000098,608,309,299
225000099,336,162,174
225000100,286,133,153
225000104,84,377,-293
225000110,7,233,-226
225000111,208,710,-502
225000112,257,880,-623
225000113,139,471,-332
225000114,45,177,-132
225000115,1175,575,600
225000116,914,190,724
225000117,793,249,544
225000118,944,192,752
225000119,161,53,108
225000120,612,36,576
225000121,191,27,164
225000123,412,8,404
225000125,393,167,226
225000126,682,127,555
225000127,619,877,-258
225000128,495,605,-110
225000132,238,21,217
225000133,181,20,161
225000134,505,139,366
225000135,51,5,46
225000136,236,12,224
225000137,231,52,179
225000138,318,51,267
225000143,43,166,-123
225000144,9,285,-276
225000145,27,25,2
225000146,32,85,-53
225000147,29,196,-167
225000148,4,129,-125
225000149,47,332,-285
225000151,42,101,-59
225000155,380,388,-8
225000156,124,537,-413
225000157,223,292,-69
225000158,45,175,-130
225000171,9,152,-143
225000180,63,1,62
225000181,0,67,-67
225000182,109,3,106
225000185,7,310,-303
225000187,41,234,-193
225000191,94,7,87
225000194,0,9,-9
225000208,2,60,-58
225000209,82,5,77
225000210,5,152,-147
225000217,0,16,-16
225000218,33,1,32
225000223,1,63,-62
225000224,87,1,86
225000225,0,75,-75
225000226,23,1,22
225000227,27,85,-58
225000228,26,2,24
225000229,0,48,-48
225000230,9,0,9
225000231,0,43,-43
225000232,140,1,139
225000241,95,1,94
225000242,2,39,-37
225000249,20,2,18
225000250,25,495,-470
225000251,321,28,293
226000042,228,317,-89
226000043,72,217,-145
226000044,118,377,-259
226000045,36,272,-236
226000046,336,71,265
226000047,404,119,285
226000048,304,87,217
226000049,231,137,94
226000070,0,30,-30
226000071,0,63,-63
226000072,0,20,-20
226000073,0,8,-8
226000074,1,17,-16
226000084,7,34,-27
226000085,1,7,-6
226000086,3,18,-15
226000087,1,15,-14
226000088,17,14,3
226000090,105,103,2
226000091,13,33,-20
226000092,10,6,4
226000093,37,6,31
226000094,14,2,12
226000095,22,9,13
226000105,7,7,0
226000106,8,1,7
226000107,8,0,8
226000108,31,0,31
226000109,62,0,62
226000124,108,73,35
226000134,534,344,190
226000135,1054,396,658
226000136,392,312,80
226000137,6,249,-243
226000138,8,177,-169
226000139,2,18,-16
226000156,142,2,140
226000157,200,6,194
226000163,90,90,0
226000202,16,200,-184
226000231,364,7,357
226000232,27,8,19
227000033,302,79,223
227000036,215,28,187
227000037,199,24,175
227000038,261,41,220
227000049,0,19,-19
227000050,6,36,-30
227000055,87,3,84
227000056,31,1,30
227000084,2,82,-80
227000085,2,39,-37
227000088,51,5,46
227000089,128,3,125
227000090,37,1,36
227000091,26,3,23
227000093,110,1,109
227000094,20,0,20
227000130,30,63,-33
227000131,20,175,-155
227000132,4,137,-133
227000133,14,152,-138
227000134,19,231,-212
227000152,0,16,-16
227000153,0,49,-49
227000155,0,8,-8
227000156,3,10,-7
227000165,3,39,-36
227000196,271,171,100
227000199,284,299,-15
227000230,9,305,-296
227000232,433,18,415
227000242,38,388,-350
227000243,343,87,256
227000245,14,267,-253
227000246,113,323,-210
227000247,368,89,279
227000248,147,20,127
227000249,28,167,-139
227000250,401,147,254
227000251,99,234,-135
227000252,17,226,-209
227000253,114,15,99
227000262,293,53,240
227000266,972,27,945
227000267,25,1129,-1104
227000282,2,103,-101
227000284,351,9,342
227000286,1,46,-45
227000287,8,50,-42
227000291,10,317,-307
227000484,266,17,249
227000485,14,646,-632
227000655,109,6,103
227000656,561,29,532
227000657,69,7,62
227000661,330,13,317
227000680,134,35,99
229000265,11,37,-26
229000296,0,6,-6
229000297,5,22,-17
229000298,5,90,-85
229000320,4,3,1
229000321,14,4,10
229000412,4,22,-18
229000414,10,39,-29
229000415,31,2,29
229000416,0,2,-2
229000417,7,24,-17
229000419,95,259,-164
229000440,377,70,307
229000442,14,0,14
229000443,8,2,6
229000444,0,19,-19
229000445,72,8,64
229000446,39,17,22
229000491,1,3,-2
229000492,1,41,-40
229000493,6,41,-35
229000494,10,0,10
229000495,55,1,54
229000496,30,3,27
229000507,0,34,-34
229000508,1,14,-13
229000509,0,28,-28
229000510,1,8,-7
229000511,0,17,-17
229000512,0,9,-9
229000513,0,4,-4
229000514,0,0,0
229000517,0,3,-3
229000518,14,6,8
229000519,5,14,-9
229000520,10,19,-9
229000521,26,6,20
229000522,4,6,-2
229000523,5,2,3
229000524,4,1,3
229000527,0,0,0
229000528,0,0,0
229000529,4,0,4
229000530,26,1,25
229000531,20,0,20
229000532,18,0,18
229000533,30,0,30
229000534,36,3,33
229000564,19,0,19
229000565,6,0,6
229000566,0,1,-1
229000567,0,13,-13
229000582,49,1,48
229000583,6,0,6
229000584,0,25,-25
229000585,0,36,-36
229000718,0,2,-2
229000719,0,4,-4
229000720,0,2,-2
229000721,1,3,-2
229000722,0,3,-3
229000723,0,2,-2
229000724,0,1,-1
229000725,0,0,0
229000738,1,0,1
229000739,2,0,2
229000740,2,0,2
229000741,7,0,7
229000742,5,0,5
229000743,3,0,3
229000744,0,0,0
229000745,0,0,0
229000746,8,0,8
229000847,57,0,57
229000848,12,2,10
229000849,93,3,90
229000851,33,0,33
229000854,0,18,-18
229000856,1,42,-41
229000857,0,19,-19
229000858,0,17,-17
229000919,11,81,-70
229000930,14,201,-187
229000937,77,10,67
229000966,47,19,28
229000981,18,35,-17
229000985,4,29,-25
229000986,0,2,-2
229000987,3,1,2
229000988,2,2,0
229000989,8,5,3
229000990,1,1,0
229000991,1,1,0
229000992,12,5,7
229000993,125,9,116
229000998,8,56,-48
229000999,61,14,47
229001034,1,10,-9
229001035,3,2,1
229001037,45,3,42
229001042,9,9,0
229001047,7,32,-25
229001050,34,46,-12
229001168,0,7,-7
229001200,11,0,11
229001338,7,36,-29
229001394,144,8,136
229001422,122,14,108
229001423,24,126,-102
229001431,51,69,-18
229001432,45,49,-4
229001444,154,44,110
229001445,32,131,-99
229001479,5,2,3
229001503,178,99,79
229001504,124,138,-14
229001505,132,44,88
229001506,52,115,-63
229001509,36,13,23
229001545,96,3,93
229001546,5,73,-68
229001553,65,16,49
229001554,38,70,-32
229001559,2,3,-1
229001560,4,17,-13
229001630,43,8,35
229001631,1,20,-19
229001635,1,7,-6
229001636,13,4,9
229001658,1,101,-100
229001659,73,1,72
229001660,18,4,14
229001661,2,13,-11
229001662,24,0,24
229001663,0,32,-32
229002584,154,104,50
229002831,143,116,27
229002841,17,16,1
229002842,15,15,0
229002843,75,18,57
229002844,44,64,-20
229002845,26,60,-34
229002846,31,14,17
229002847,3,10,-7
229002848,26,6,20
229002849,1,53,-52
229002850,4,0,4
229002851,41,117,-76
229002852,210,20,190
229002853,139,22,117
229002854,39,43,-4
229002855,7,20,-13
229002856,22,21,1
229002857,9,98,-89
229002858,20,11,9
229002859,29,62,-33
229002860,297,7,290
229002861,34,12,22
229002862,28,21,7
229002863,20,8,12
229002864,22,32,-10
229002865,19,9,10
229002866,23,15,8
229002867,25,18,7
229002868,7,6,1
229002869,38,141,-103
229002870,86,25,61
235000066,376,42,334
235000067,106,74,32
235000072,19,70,-51
235000073,57,320,-263
235000074,44,42,2
235000080,23,112,-89
235000081,107,131,-24
235000082,194,62,132
235000083,160,78,82
235000084,53,51,2
235000085,127,75,52
235000089,32,22,10
235000092,12,163,-151
235000093,15,9,6
235000097,5,11,-6
235000098,88,8,80
235000099,33,20,13
235000116,93,19,74
235000117,581,8,573
235000133,16,401,-385
235000134,16,177,-161
235000206,7,4,3
235000207,9,2,7
235000208,7,2,5
235000209,28,3,25
235000210,11,1,10
235000212,11,32,-21
235000213,1,12,-11
235000220,0,5,-5
235000221,80,31,49
235000238,14,124,-110
235000239,1,21,-20
235000242,323,644,-321
235000245,711,183,528
235000246,15,66,-51
235000284,1,100,-99
235000295,155,14,141
235000305,274,21,253
235000306,217,3,214
235000307,8,3,5
235000308,28,0,28
235000309,80,0,80
235000310,19,0,19
235000311,88,19,69
235000322,1,29,-28
235000323,0,40,-40
235000324,0,24,-24
235000325,0,10,-10
235000326,5,121,-116
235000351,3,49,-46
235000352,6,17,-11
235000353,1,22,-21
235000354,6,26,-20
235000355,5,50,-45
235000356,104,2,102
235000357,43,2,41
235000358,240,26,214
235000359,29,9,20
235000360,48,10,38
235000361,60,1,59
235000381,117,166,-49
235000382,154,47,107
235000390,23,3,20
235000391,144,10,134
235000392,171,387,-216
235000393,97,139,-42
235000395,159,31,128
235000396,527,66,461
235000400,58,89,-31
235000401,18,122,-104
235000405,90,262,-172
235000406,54,240,-186
235000407,60,106,-46
235000409,166,137,29
235000410,78,237,-159
235000411,1,73,-72
235000485,0,13,-13
235000486,10,0,10
235000549,64,97,-33
235000550,90,190,-100
235000599,118,84,34
235000600,18,23,-5
235000601,60,53,7
235000602,102,93,9
235000614,2,6,-4
235000648,0,13,-13
235000649,30,3,27
235000685,1,9,-8
235000815,26,31,-5
235000834,0,3,-3
235000855,44,105,-61
235000862,44,119,-75
235000891,0,12,-12
235000892,12,0,12
235000901,113,89,24
235000907,6,17,-11
235001010,94,58,36
235001029,537,442,95
235001030,418,344,74
235001078,74,100,-26
235001079,91,101,-10
235001147,43,41,2
235001166,21,53,-32
235001167,44,43,1
235001169,26,222,-196
235001188,3,8,-5
235001189,7,1,6
235001197,11,24,-13
235001200,30,36,-6
235001207,330,32,298
235001210,119,144,-25
235001215,53,166,-113
235001239,1,26,-25
235001244,0,15,-15
235016267,0,23,-23
277101746,0,3,-3
277102712,2,1,1
277103813,0,0,0
277103814,0,0,0
277103898,0,2,-2
277104249,0,1,-1
277104250,0,9,-9
277104251,0,6,-6
277104252,0,0,0
990011530,0,141,-141
990014944,3,444,-441
990015176,23,8,15
990015618,0,88,-88
990016032,2,208,-206
990032570,0,33,-33
990070001,58,0,58
990070103,0,0,0
990070601,0,23,-23
990070751,663,7,656
990070766,1,323,-322
990071180,377,171,206
990071343,26,2,24
990071387,0,20,-20
990071823,456,2,454
990072600,2,887,-885
990072964,0,248,-248
990073285,0,2,-2
990074393,0,482,-482
990074870,1497,4,1493
990075106,1527,10,1517
990075746,540,7,533
990076437,1028,5,1023
990076458,1,483,-482
997000007,772,13,759
997000041,0,143,-143
997000058,44,0,44
997000062,15,18,-3
997000069,0,5,-5
997000070,0,18,-18
997000100,22,0,22
997000141,2,747,-745
997000198,280,1253,-973
998000475,1,31,-30
998000736,1,137,-136
998000965,0,14,-14
998001031,0,69,-69
998001700,0,4,-4
998001899,0,0,0
998001900,10,1,9
998003073,853,5,848
998101900,0,0,0
998102850,1,220,-219
998501927,1059,659,400
998501929,123,30,93
998501930,30,1,29
998501931,161,35,126
998501932,7,1,6
998501933,48,0,48
998501937,38,2,36
998501944,8,1,7
998501950,8,14,-6
998501970,50,3,47
998501971,0,84,-84
998501973,0,28,-28
998501974,1,253,-252
998501975,93,4,89
998501976,111,2,109
998501977,0,34,-34
998501978,54,49,5
998501979,0,18,-18
998501980,97,0,97
998501981,54,0,54
998501982,2,64,-62
998501983,0,4,-4
998502006,0,1,-1
998502024,0,8,-8
998502032,0,4,-4
998502062,7,0,7
998502063,0,0,0
998502173,49,0,49
998502269,0,1,-1
998502546,0,159,-159
998502578,0,2,-2
998502599,111,228,-117
998601159,1,117,-116
998601292,0,21,-21
999033574,3,323,-320
999800001,26,0,26
999800002,0,5,-5
999800003,2,0,2
999800004,0,2,-2
999800005,0,4,-4
