ID,insum,outsum,diff
100000001,583,729,-146
100000002,3760,1523,2237
100000003,4882,3596,1286
100000004,1340,991,349
100000005,2140,4148,-2008
100000006,737,170,567
100000007,1659,781,878
100000008,334,570,-236
100000009,595,192,403
100000010,133,73,60
100000011,1396,155,1241
100000012,171,1002,-831
100000013,148,232,-84
100000014,535,317,218
100000015,1741,2195,-454
100000016,1113,1377,-264
100000017,753,704,49
100000018,1490,609,881
100000019,4372,2134,2238
100000020,1901,5513,-3612
100000021,4823,2440,2383
100000022,1633,2091,-458
100000023,5179,1738,3441
100000025,1703,1145,558
100000028,1807,923,884
100000029,182,238,-56
100000030,275,52,223
100000031,4352,6018,-1666
100000032,2475,3183,-708
100000033,821,2083,-1262
100000034,507,457,50
100000035,1753,1374,379
100000036,2270,1495,775
100000037,697,470,227
100000038,2058,932,1126
100000039,565,203,362
100000040,193,163,30
100000041,1252,536,716
100000042,1513,649,864
100000043,1468,649,819
100000044,590,1033,-443
100000045,753,1500,-747
100000046,771,907,-136
100000047,307,548,-241
100000048,456,584,-128
100000049,1735,1922,-187
100000051,513,980,-467
100000053,378,4,374
100000054,730,47,683
100000055,1870,282,1588
100000056,726,405,321
100000057,2032,704,1328
100000058,988,1177,-189
100000059,16,138,-122
100000060,382,311,71
100000061,2157,501,1656
100000062,2067,581,1486
100000063,840,237,603
100000064,1643,315,1328
100000065,496,882,-386
100000066,188,621,-433
100000067,516,704,-188
100000068,590,1676,-1086
100000069,314,1439,-1125
100000072,317,752,-435
100000073,973,1083,-110
100000075,819,330,489
100000076,2247,2685,-438
100000077,399,171,228
100000078,30,55,-25
100000079,36,55,-19
100000080,42,73,-31
100000081,163,186,-23
100000102,2567,1991,576
100000103,3456,1412,2044
100000104,4426,2714,1712
100000105,3234,1473,1761
100000106,2329,2151,178
100000107,719,986,-267
100000108,787,1000,-213
100000109,3284,1345,1939
100000116,1786,1127,659
100000117,112,123,-11
100000118,1939,1225,714
100000119,700,790,-90
100000121,291,423,-132
100000122,795,932,-137
100000123,2703,3829,-1126
100000124,6495,5858,637
100000125,3252,1237,2015
100000126,800,310,490
100000127,1464,363,1101
100000128,2116,1678,438
100000129,346,418,-72
100000130,420,511,-91
100000131,2364,2517,-153
100000132,1185,2647,-1462
100000133,5001,2354,2647
100000135,592,1092,-500
100000139,515,310,205
100000140,526,431,95
100000142,544,512,32
100000143,1502,621,881
100000144,3345,812,2533
100000147,1252,2597,-1345
100000150,46,419,-373
100000151,1154,1123,31
100000153,244,400,-156
100000154,105,185,-80
100000155,31,58,-27
100000156,543,446,97
100000157,177,158,19
100000158,351,127,224
100000159,399,500,-101
100000165,1860,884,976
100000169,337,634,-297
100000174,883,546,337
100000179,110,470,-360
100000180,1912,1496,416
100000181,753,216,537
100000188,93,189,-96
100000189,915,370,545
100000190,1250,1118,132
100000191,700,517,183
100000192,88,135,-47
100000193,327,167,160
100000330,1655,831,824
100000355,284,581,-297
100000362,5218,3435,1783
100000363,3966,4606,-640
100000364,333,314,19
100000365,5877,6735,-858
100000366,7629,3480,4149
100000367,5837,6113,-276
100000368,3268,1727,1541
100000369,1133,1886,-753
100000370,161,796,-635
100000376,112,123,-11
100000379,2073,1362,711
100000380,4531,3441,1090
100000384,5333,4471,862
100000385,4329,3723,606
100000386,8901,4852,4049
100000387,5698,5001,697
100000388,8121,6170,1951
100000389,7133,5980,1153
100000390,8486,6147,2339
100000391,6695,7228,-533
100000392,4624,4004,620
100000393,3536,4591,-1055
100000394,9274,8596,678
100000395,6325,3977,2348
100000396,10431,4243,6188
100000397,6958,6886,72
100000398,12337,8721,3616
100000413,30,13,17
100900002,7,37,-30
100900003,267,178,89
100900004,23,573,-550
100900005,122,23,99
100900006,29,127,-98
100900007,449,16,433
100900008,1,315,-314
100900009,86,159,-73
100900010,84,87,-3
100900011,115,262,-147
100900012,11,246,-235
100900013,691,19,672
100900014,3,15,-12
100900015,89,59,30
100900016,2,44,-42
100900017,521,75,446
100900018,2,30,-28
100900019,35,149,-114
100900020,231,14,217
100900021,397,5,392
100900022,22,37,-15
100900023,1,28,-27
100900024,663,3,660
100900025,15,18,-3
100900026,106,147,-41
100900027,447,2061,-1614
100900028,93,147,-54
100900029,63,6,57
100900030,5,71,-66
100900031,579,56,523
100900032,241,4,237
100900033,193,166,27
100900034,406,1,405
100900035,443,0,443
100900036,16,1,15
100900037,107,182,-75
100900038,140,38,102
100900039,296,581,-285
100900040,366,573,-207
100900041,887,670,217
100900042,1461,656,805
100900043,0,16,-16
100900044,1783,474,1309
100900045,62,2,60
100900046,961,45,916
100900047,811,278,533
100900048,205,51,154
100900049,66,164,-98
100900050,1,18,-17
100900051,35,61,-26
100900052,315,43,272
100900053,377,45,332
100900054,11,85,-74
100900055,247,524,-277
100900056,173,209,-36
100900057,623,1127,-504
100900058,245,67,178
100900059,122,8,114
100900060,149,6,143
100900061,414,210,204
100900062,7,39,-32
100900063,227,575,-348
100900064,633,24,609
100900065,86,99,-13
100900066,113,204,-91
100900067,3,17,-14
100900068,93,133,-40
100900069,445,8,437
100900070,356,12,344
100900071,849,250,599
100900072,2,44,-42
100900073,134,370,-236
100900074,11,15,-4
100900075,1382,334,1048
100900076,8,40,-32
100900077,33,97,-64
100900078,131,248,-117
100900079,2,29,-27
100900080,43,183,-140
100900081,17,104,-87
100900082,126,515,-389
100900083,17,20,-3
100900085,13,175,-162
100900086,153,585,-432
100900088,134,454,-320
100900089,19,21,-2
100900090,120,311,-191
100900091,2,21,-19
100900092,248,159,89
100900093,262,219,43
100900094,114,417,-303
100900095,1,26,-25
100900096,23,104,-81
100900097,3,8,-5
100900098,29,23,6
100900099,39,579,-540
100900100,6,580,-574
100900101,346,59,287
100900102,98,107,-9
100900103,28,33,-5
100900104,7,176,-169
100900105,49,451,-402
100900106,62,15,47
100900107,1561,778,783
100900108,6,30,-24
100900109,25,39,-14
100900110,7,37,-30
100900111,52,193,-141
100900112,2,16,-14
100900113,9,38,-29
100900114,28,18,10
100900115,4,49,-45
100900116,730,548,182
100900117,285,729,-444
100900118,16,51,-35
100900119,14,19,-5
100900120,7,2,5
100900121,241,432,-191
100900122,177,188,-11
100900123,48,169,-121
100900124,24,10,14
100900125,22,69,-47
100900126,131,238,-107
100900127,9,10,-1
100900128,66,123,-57
100900129,0,149,-149
100900131,75,219,-144
100900133,48,38,10
100900134,5,7,-2
100900135,2,143,-141
100900137,323,176,147
100900138,490,442,48
100900139,7,5,2
100900140,7,505,-498
100900141,4,549,-545
100900142,0,9,-9
100900143,760,371,389
100900144,20,9,11
100900145,114,192,-78
100900146,8,52,-44
100900147,11,336,-325
100900148,51,605,-554
100900149,33,156,-123
100900150,4,59,-55
100900151,170,419,-249
100900152,106,5,101
100900153,1,155,-154
100900154,4,58,-54
100900155,4,26,-22
100900156,16,3,13
100900157,6,179,-173
100900159,2,17,-15
100900160,22,10,12
100900161,84,11,73
100900162,25,279,-254
100900163,261,266,-5
100900164,43,36,7
100900165,5,53,-48
100900166,33,7,26
100900167,16,68,-52
100900168,32,156,-124
100900169,113,750,-637
100900170,20,6,14
100900171,12,437,-425
100900172,0,16,-16
100900173,23,361,-338
100900174,323,45,278
100900176,1758,175,1583
100900177,680,294,386
100900178,279,184,95
100900179,167,357,-190
100900180,36,2,34
100900181,134,108,26
100900182,43,34,9
100900184,14,129,-115
100900186,527,436,91
100900187,20,98,-78
100900188,39,15,24
100900189,934,215,719
100900191,1177,965,212
100900192,375,358,17
100900195,97,82,15
100900197,40,56,-16
100900198,15,153,-138
100900199,5,12,-7
100900200,535,365,170
100900201,33,522,-489
100900202,53,0,53
100900203,1,199,-198
100900204,177,312,-135
100900205,190,531,-341
100900206,139,63,76
100900207,244,146,98
100900210,66,477,-411
100900211,397,146,251
100900213,92,41,51
100900214,637,104,533
100900215,13,34,-21
100900217,157,118,39
101000001,3609,2050,1559
101000002,4373,4366,7
101000003,536,1332,-796
101000004,7688,6259,1429
101000005,3758,4066,-308
101000006,6086,5810,276
101000007,2526,3179,-653
101000008,3657,2608,1049
101000009,1805,1590,215
101000010,951,1160,-209
101000011,1610,655,955
101000012,1474,754,720
101000013,675,1129,-454
101000014,546,651,-105
101000015,1151,836,315
101000016,333,371,-38
101000017,591,459,132
101000018,4063,2321,1742
101000020,3271,1117,2154
101000021,912,444,468
101000022,216,83,133
101000023,1730,659,1071
101000025,206,367,-161
101000026,372,26,346
101000027,1917,2316,-399
101000028,836,249,587
101000029,249,1676,-1427
101000030,2282,146,2136
101000031,1177,599,578
101000032,10469,4834,5635
101000033,2898,2977,-79
101000034,2590,1552,1038
101000035,929,388,541
101000036,2105,910,1195
101000037,3667,1732,1935
101000039,2792,2355,437
101000040,3865,3352,513
101000041,10732,7318,3414
101000042,634,1169,-535
101000043,8199,6296,1903
101000045,1881,950,931
101000046,4902,1638,3264
101000047,2810,3527,-717
101000048,730,627,103
101000049,855,1723,-868
101000050,2021,1729,292
101000051,2078,2556,-478
101000052,1727,1005,722
101000053,1347,1475,-128
101000054,1775,1189,586
101000055,1143,1168,-25
101000056,58,130,-72
101000057,2500,1099,1401
101000058,1393,1072,321
101000059,2843,2226,617
101000060,1918,646,1272
101000061,920,1366,-446
101000062,960,704,256
101000063,689,983,-294
101000064,1533,1132,401
101000065,475,418,57
101000066,1322,884,438
101000067,1693,1047,646
101000068,418,495,-77
101000069,373,127,246
101000070,1560,1031,529
101000071,1773,911,862
101000072,895,2712,-1817
101000073,989,917,72
101000074,7085,3515,3570
101000075,5768,5195,573
101000077,1365,1076,289
101000078,934,2121,-1187
101000079,838,422,416
101000080,694,577,117
101000081,1967,1544,423
101000082,3652,3380,272
101000083,2725,2292,433
101000084,1368,1008,360
101000085,1544,1267,277
101000086,1191,1165,26
101000087,983,1095,-112
101000088,1037,1071,-34
101000089,1073,1514,-441
101000090,1967,1377,590
101000091,396,931,-535
101000092,864,1122,-258
101000093,1345,808,537
101000094,897,966,-69
101000095,411,614,-203
101000096,381,556,-175
101000097,437,397,40
101000098,410,486,-76
101000099,1091,1032,59
101000100,943,794,149
101000101,291,472,-181
101000102,844,426,418
101000103,1055,534,521
101000104,390,628,-238
101000105,680,332,348
101000106,780,681,99
101000107,243,324,-81
101000108,851,313,538
101000109,295,68,227
101000110,30,469,-439
101000111,132,229,-97
101000113,206,538,-332
101000114,10386,6346,4040
101000115,230,144,86
101000116,150,153,-3
101000117,1135,342,793
101000119,57,78,-21
101000120,139,53,86
101000121,108,67,41
101000122,139,83,56
101000123,83,122,-39
101000124,759,284,475
101000125,299,513,-214
101000128,498,321,177
101000130,266,351,-85
101000131,666,533,133
101000132,530,826,-296
101000135,77,58,19
101000136,598,180,418
101000137,45,389,-344
101000141,1546,2670,-1124
101000147,903,519,384
101000148,1158,21,1137
101000149,279,436,-157
101000150,71,738,-667
101000151,151,65,86
101000152,302,321,-19
101000153,508,299,209
101000154,241,1008,-767
101000155,211,116,95
101000156,15,233,-218
101000157,65,21,44
101000160,95,63,32
101000163,281,298,-17
101000164,527,328,199
101000165,232,405,-173
101000166,264,394,-130
101000168,823,344,479
101000252,1693,1009,684
101000254,554,90,464
101000258,30,16,14
101000261,199,60,139
101000262,1055,1740,-685
101000263,284,831,-547
101000265,119,769,-650
101000266,383,345,38
101000269,35,10,25
101000290,1317,2428,-1111
101000293,26,52,-26
101000294,670,370,300
101000295,134,553,-419
101000301,965,405,560
101000304,1861,2307,-446
101000305,2883,1390,1493
101000328,137,369,-232
101900001,33,96,-63
101900002,0,9,-9
101900003,48,90,-42
101900004,6,78,-72
101900005,3680,1835,1845
101900006,1081,54,1027
101900007,842,246,596
101900008,77,335,-258
101900009,64,396,-332
101900010,964,668,296
101900011,225,1063,-838
101900012,199,274,-75
101900013,989,217,772
101900017,9,144,-135
101900018,1184,229,955
101900019,297,122,175
101900020,69,41,28
101900021,2,53,-51
101900022,143,1062,-919
101900023,121,195,-74
101900026,124,56,68
101900027,29,115,-86
102000001,2226,3839,-1613
102000002,2616,1104,1512
102000003,3348,5936,-2588
102000004,6581,2896,3685
102000005,1238,1800,-562
102000006,1140,1836,-696
102000007,1438,3548,-2110
102000008,4287,1543,2744
102000009,5720,7178,-1458
102000010,5383,3357,2026
102000011,3119,2489,630
102000012,3305,3092,213
102000018,2834,2371,463
102000019,2108,1432,676
102000026,222,459,-237
102000029,247,226,21
102000030,115,284,-169
102000031,101,192,-91
102000032,396,282,114
102000033,234,384,-150
102000034,445,370,75
102000035,1007,717,290
102000036,9,264,-255
102000037,173,66,107
102000038,210,344,-134
102000039,251,84,167
102000040,544,271,273
102000041,230,351,-121
102000042,230,277,-47
102000043,459,226,233
102000044,325,389,-64
102000045,710,902,-192
102000046,1012,652,360
102000047,702,1041,-339
102000048,353,587,-234
102000049,1064,715,349
102000050,1090,1298,-208
102000051,428,651,-223
102000052,1259,785,474
102000053,900,976,-76
102000054,544,897,-353
102000055,1029,694,335
102000056,661,991,-330
102000057,1209,466,743
102000058,927,1298,-371
102000059,1453,1101,352
102000060,1184,946,238
102000061,1462,1873,-411
102000062,1549,1115,434
102000063,1047,1279,-232
102000064,594,767,-173
102000065,45,170,-125
102000066,842,741,101
102000067,1902,2702,-800
102000068,7691,2579,5112
102000069,67,1477,-1410
102000070,1702,33,1669
102000071,7382,8490,-1108
102000072,3081,3759,-678
102000073,1219,966,253
102000074,731,989,-258
102000075,135,319,-184
102000076,195,550,-355
102000077,510,919,-409
102000078,877,973,-96
102000079,238,228,10
102000080,239,287,-48
102000081,312,656,-344
102000082,739,269,470
102000083,465,295,170
102000084,291,288,3
102000085,1597,972,625
102000086,1025,920,105
102000087,830,1538,-708
102000088,312,276,36
102000089,1023,417,606
102000090,497,1049,-552
102000091,1119,470,649
102000092,424,654,-230
102000093,738,727,11
102000094,966,624,342
102000095,984,1057,-73
102000096,601,606,-5
102000097,637,610,27
102000098,575,569,6
102000099,662,609,53
102000100,760,919,-159
102000101,965,635,330
102000102,379,1165,-786
102000103,1044,311,733
102000104,615,287,328
102000105,270,544,-274
102000106,806,640,166
102000107,1145,587,558
102000108,669,211,458
102000109,490,573,-83
102000110,966,1210,-244
102000111,17,280,-263
102000112,207,112,95
102000113,26,24,2
102000114,813,387,426
102000115,208,291,-83
102000116,406,453,-47
102000117,309,506,-197
102000118,1244,1111,133
102000119,1828,667,1161
102000120,207,412,-205
102000121,914,447,467
102000122,608,918,-310
102000123,1219,1040,179
102000124,1174,1092,82
102000125,694,831,-137
102000126,613,692,-79
102000127,1211,642,569
102000128,722,1046,-324
102000129,1329,703,626
102000130,686,765,-79
102000131,1580,713,867
102000132,597,966,-369
102000133,1705,1711,-6
102000134,684,702,-18
102000135,670,805,-135
102000136,930,593,337
102000137,886,843,43
102000138,292,417,-125
102000139,108,358,-250
102000140,350,396,-46
102000141,221,411,-190
102000142,330,430,-100
102000143,168,390,-222
102000144,277,348,-71
102000145,354,436,-82
102000146,384,299,85
102000147,476,365,111
102000148,224,410,-186
102000149,155,356,-201
102000150,358,111,247
102000151,106,329,-223
102000152,182,169,13
102000153,1235,488,747
102000154,297,636,-339
102000155,121,302,-181
102000156,346,129,217
102000157,153,382,-229
102000158,537,482,55
102000159,929,409,520
102000161,3376,1954,1422
102000162,150,159,-9
102000163,106,477,-371
102000164,1033,1015,18
102000165,211,163,48
102000166,57,147,-90
102000167,306,278,28
102000168,375,198,177
102000169,115,407,-292
102000170,500,185,315
102000171,238,208,30
102000172,157,357,-200
102000173,452,251,201
102000174,71,81,-10
102000175,149,112,37
102000176,60,34,26
102000178,313,424,-111
102000179,357,281,76
102000180,895,395,500
102000181,578,605,-27
102000182,626,570,56
102000183,1610,1580,30
102000184,1812,848,964
102000185,2200,1321,879
102000186,1104,1848,-744
102000187,764,1397,-633
102000188,907,1123,-216
102000189,1953,653,1300
102000190,530,2001,-1471
102000191,1100,481,619
102000192,988,1277,-289
102000193,47,136,-89
102000194,59,126,-67
102000195,374,408,-34
102000196,173,399,-226
102000197,672,366,306
102000198,214,769,-555
102000199,1034,308,726
102000200,255,952,-697
102000201,935,427,508
102000202,7,78,-71
102000203,365,226,139
102000204,417,542,-125
102000205,1021,366,655
102000206,538,536,2
102000207,634,403,231
102000208,337,434,-97
102000209,93,40,53
102000210,298,387,-89
102000211,466,307,159
102000212,249,6,243
102000213,14,270,-256
102000214,225,7,218
102000215,3,363,-360
102000216,54,58,-4
102000217,11,136,-125
102000218,294,113,181
102000219,451,265,186
102000225,684,532,152
102000226,2587,901,1686
102000227,127,3,124
102000228,0,91,-91
102000229,25,51,-26
102000230,220,396,-176
102000231,334,396,-62
102000232,30,159,-129
102000233,402,694,-292
102000234,95,1026,-931
102000236,284,67,217
102000237,443,141,302
102000238,165,226,-61
102000240,542,622,-80
102000241,175,112,63
102000243,24,59,-35
102000245,25,149,-124
102000246,29,54,-25
102000247,1201,1029,172
102000248,596,1058,-462
102000249,153,155,-2
102000250,73,399,-326
102000254,80,244,-164
102000266,19,275,-256
102000271,30,0,30
102000286,439,357,82
102000297,1606,954,652
102000299,0,0,0
102000301,0,0,0
102000303,0,0,0
102000305,0,1,-1
102000307,0,6,-6
102900001,1194,821,373
102900002,358,36,322
102900003,49,196,-147
102900005,389,323,66
102900006,526,117,409
102900007,402,50,352
102900008,189,43,146
102900009,625,256,369
102900010,623,701,-78
102900011,1883,277,1606
102900012,337,106,231
102900013,26,117,-91
102900015,581,477,104
102900016,52,120,-68
102900017,146,607,-461
102900018,23,160,-137
102900019,343,316,27
102900020,121,16,105
102900021,19,84,-65
102900022,728,186,542
102900023,26,35,-9
102900024,47,41,6
102900025,223,109,114
102900026,338,1703,-1365
102900027,84,55,29
102900028,153,641,-488
102900029,222,165,57
102900030,386,299,87
102900031,158,158,0
102900032,65,81,-16
102900033,92,147,-55
102900034,416,93,323
102900035,134,272,-138
102900036,275,515,-240
102900037,293,523,-230
102900038,487,476,11
102900039,42,421,-379
102900040,99,225,-126
102900041,70,150,-80
102900042,102,265,-163
102900043,127,270,-143
102900044,470,1886,-1416
102900045,111,469,-358
102900046,107,240,-133
102900047,115,496,-381
102900048,618,541,77
102900049,134,318,-184
102900050,245,243,2
102900051,198,192,6
102900053,410,623,-213
102900054,636,834,-198
102900055,53,148,-95
102900056,131,386,-255
102900057,3,55,-52
102900058,262,46,216
102900059,24,66,-42
102900060,105,449,-344
102900061,207,561,-354
102900062,196,925,-729
102900063,1094,402,692
102900064,113,324,-211
102900065,1389,517,872
102900066,299,29,270
102900068,128,83,45
102900070,181,554,-373
102900072,27,43,-16
102900073,177,10,167
102900075,51,60,-9
102900076,148,122,26
102900077,69,47,22
102900078,42,70,-28
102900079,123,14,109
102900080,370,46,324
102900081,100,234,-134
102900082,17,213,-196
102900083,263,16,247
102900084,2,32,-30
102900085,398,140,258
102900086,20,47,-27
102900087,119,76,43
102900088,32,32,0
102900089,260,151,109
102900090,0,347,-347
102900091,126,2,124
102900092,322,778,-456
102900094,1,62,-61
102900095,88,3,85
102900096,66,21,45
102900097,8,116,-108
103000001,2152,2745,-593
103000002,1929,2366,-437
103000003,3321,2725,596
103000004,943,889,54
103000005,1719,2513,-794
103000006,659,1447,-788
103000007,387,768,-381
103000008,943,680,263
103000009,1097,1056,41
103000010,125,120,5
103000011,1668,1393,275
103000012,1395,1523,-128
103000013,3729,2017,1712
103000014,1283,2263,-980
103000015,1623,679,944
103000016,519,1262,-743
103000017,237,355,-118
103000018,625,402,223
103000019,287,286,1
103000020,2651,1552,1099
103000021,1864,1657,207
103000022,827,1158,-331
103000023,569,1484,-915
103000024,114,197,-83
103000025,89,589,-500
103000026,1253,160,1093
103000027,320,466,-146
103000028,393,395,-2
103000029,276,300,-24
103000030,1591,996,595
103000031,1220,1612,-392
103000032,2076,1939,137
103000033,2774,2511,263
103000034,1490,1195,295
103000035,456,1320,-864
103000036,383,531,-148
103000037,701,560,141
103000038,502,1002,-500
103000039,465,400,65
103000040,455,944,-489
103000041,1640,2333,-693
103000042,1197,532,665
103000043,577,851,-274
103000044,245,157,88
103000046,321,481,-160
103000047,579,681,-102
103000048,200,149,51
103000049,106,164,-58
103000050,670,434,236
103000051,420,516,-96
103000052,834,330,504
103000053,164,615,-451
103000054,2820,1482,1338
103000055,2028,2360,-332
103000056,649,1701,-1052
103000057,596,316,280
103000058,511,809,-298
103000059,380,723,-343
103000060,796,587,209
103000061,426,946,-520
103000062,987,541,446
103000063,737,866,-129
103000064,171,172,-1
103000065,6,462,-456
103000066,199,12,187
103000069,381,378,3
103000070,976,844,132
103000071,1093,502,591
103000072,130,625,-495
103000073,468,94,374
103000074,568,93,475
103000075,97,575,-478
103000076,293,327,-34
103000077,52,400,-348
103000078,1131,605,526
103000079,816,712,104
103000080,1288,402,886
103000081,593,1161,-568
103000082,517,242,275
103000083,119,312,-193
103000084,132,10,122
103000085,7,149,-142
103000086,701,406,295
103000087,165,603,-438
103000088,302,301,1
103000089,256,382,-126
103000090,1842,771,1071
103000091,675,409,266
103000092,252,289,-37
103000093,315,400,-85
103000094,195,107,88
103000095,50,348,-298
103000096,622,91,531
103000097,85,723,-638
103000098,885,174,711
103000099,331,620,-289
103000100,125,668,-543
103000101,773,129,644
103000102,104,593,-489
103000103,624,163,461
103000104,42,126,-84
103000105,123,94,29
103000106,6,118,-112
103000107,231,54,177
103000108,608,547,61
103000109,352,335,17
103000110,520,396,124
103000111,509,601,-92
103000112,350,196,154
103000113,1022,708,314
103000114,1441,678,763
103000115,491,431,60
103000116,566,408,158
103000117,311,459,-148
103000118,783,749,34
103000119,1244,645,599
103000120,86,122,-36
103000121,543,1143,-600
103000122,631,958,-327
103000125,15,241,-226
103000126,630,3,627
103000127,2,149,-147
103000128,142,1,141
103000129,0,106,-106
103000130,62,26,36
103000131,124,91,33
103000132,113,147,-34
103000133,20,70,-50
103000134,697,768,-71
103000135,570,363,207
103000136,791,460,331
103000137,479,586,-107
103000138,899,773,126
103000139,9,67,-58
103000140,163,28,135
103000141,65,143,-78
103000142,150,85,65
103000143,56,213,-157
103000144,251,78,173
103000145,25,79,-54
103000150,87,47,40
103000152,238,276,-38
103000153,235,199,36
103000156,6,304,-298
103000157,399,4,395
103000159,153,72,81
103000162,109,52,57
103000163,18,113,-95
103000164,45,21,24
103000165,104,287,-183
103000166,254,242,12
103000167,147,106,41
103000168,67,214,-147
103000169,203,353,-150
103000170,792,418,374
103000171,66,106,-40
103000172,412,344,68
103000173,457,491,-34
103000174,163,381,-218
103000175,256,283,-27
103000176,781,609,172
103000177,553,364,189
103000178,241,290,-49
103000179,168,53,115
103000183,97,9,88
103000185,87,42,45
103000186,112,184,-72
103000187,414,411,3
103000188,13,68,-55
103000189,830,768,62
103000191,590,596,-6
103000292,1568,1379,189
103000293,861,1748,-887
103000295,72,114,-42
103000296,253,6,247
103000297,27,13,14
103000504,69,21,48
103000505,17,16,1
103000506,2,196,-194
103000507,198,4,194
103000508,54,50,4
103000509,218,641,-423
103900001,11,190,-179
103900002,1263,219,1044
103900003,1526,167,1359
103900004,107,19,88
103900005,2,174,-172
103900006,5,2,3
103900007,53,0,53
103900008,14,0,14
103900009,240,564,-324
103900010,147,360,-213
103900011,298,172,126
103900012,10,9,1
103900013,75,71,4
103900014,64,20,44
103900015,42,17,25
103900016,247,180,67
103900017,35,83,-48
103900018,780,207,573
103900019,65,299,-234
103900020,206,413,-207
103900021,438,66,372
103900022,1088,791,297
103900023,105,3,102
103900024,74,259,-185
103900025,15,34,-19
103900026,44,0,44
103900027,800,305,495
103900028,17,268,-251
103900029,1026,185,841
103900030,229,84,145
103900031,26,3,23
103900032,84,63,21
103900033,75,19,56
103900034,42,157,-115
103900035,48,39,9
103900036,35,32,3
103900037,53,45,8
103900038,90,206,-116
103900039,60,363,-303
103900040,5,141,-136
103900041,41,52,-11
103900042,61,324,-263
103900043,122,47,75
103900044,99,180,-81
103900045,302,189,113
103900047,80,31,49
103900048,21,13,8
103900049,192,1077,-885
103900050,14,98,-84
103900051,1,33,-32
103900052,169,298,-129
103900053,167,563,-396
103900054,129,350,-221
103900055,405,180,225
103900056,57,58,-1
103900057,21,169,-148
103900058,194,639,-445
103900059,0,10,-10
103900060,37,219,-182
103900061,136,43,93
103900062,206,68,138
103900063,10,0,10
103900064,104,2,102
103900065,903,418,485
103900066,152,17,135
103900067,139,7,132
103900068,2,0,2
103900069,80,31,49
103900070,166,207,-41
103900071,29,113,-84
103900072,22,207,-185
103900073,21,34,-13
103900074,101,88,13
103900075,169,55,114
103900076,431,494,-63
103900077,45,96,-51
103900078,234,120,114
103900079,164,137,27
103900080,10,31,-21
103900081,102,18,84
103900082,10,149,-139
103900083,1271,765,506
103900084,57,81,-24
103900085,88,116,-28
103900086,512,293,219
103900088,309,504,-195
103900089,62,121,-59
103900090,6,141,-135
103900091,1215,278,937
103900092,511,353,158
103900093,97,254,-157
103900094,26,113,-87
103900095,336,201,135
103900096,26,201,-175
103900097,16,517,-501
103900098,179,83,96
103900099,70,128,-58
103900100,187,324,-137
103900101,73,1087,-1014
103900102,2,33,-31
103900104,5,38,-33
103900105,120,187,-67
103900106,0,18,-18
103900107,116,198,-82
103900108,62,268,-206
103900109,94,106,-12
103900110,149,49,100
103900111,74,533,-459
103900112,45,77,-32
103900113,130,226,-96
103900114,366,287,79
103900115,207,164,43
103900116,4786,2394,2392
103900117,164,75,89
103900119,38,66,-28
103900120,51,111,-60
103900122,94,234,-140
103900123,1395,625,770
103900124,70,450,-380
103900125,127,92,35
103900126,388,416,-28
103900127,167,355,-188
103900128,119,148,-29
103900131,51,121,-70
103900133,873,36,837
103900134,0,2,-2
103900135,1,6,-5
103900137,0,37,-37
103900138,95,215,-120
103900139,247,1549,-1302
103900140,7,122,-115
103900141,231,72,159
103900142,129,128,1
103900143,61,2,59
103900144,3,45,-42
103900145,128,194,-66
103900146,261,197,64
103900147,341,94,247
103900148,188,250,-62
103900149,312,667,-355
103900150,5324,3299,2025
103900151,37,151,-114
103900152,411,383,28
103900153,2,4,-2
103900154,796,1408,-612
103900155,53,218,-165
103900156,43,170,-127
103900157,36,162,-126
103900158,89,154,-65
103900159,140,58,82
103900160,63,36,27
103900161,92,172,-80
103900162,58,157,-99
103900163,7,470,-463
103900167,10,82,-72
103900168,71,89,-18
103900169,58,32,26
103900170,1,92,-91
103900171,2,47,-45
103900172,12,25,-13
103900173,11,17,-6
103900174,154,67,87
103900175,26,55,-29
103900176,5,36,-31
103900177,16,85,-69
103900178,68,53,15
103900179,49,98,-49
103900180,28,88,-60
103900181,58,40,18
103900182,50,22,28
103900184,459,85,374
103900185,192,299,-107
103900187,36,66,-30
103900188,38,23,15
103900189,88,13,75
103900190,71,32,39
103900191,47,36,11
103900192,26,110,-84
103900193,134,209,-75
103900194,59,217,-158
103900195,16,92,-76
103900196,27,43,-16
103900197,10,23,-13
103900198,10,41,-31
103900199,95,48,47
103900200,133,107,26
103900201,129,156,-27
103900202,4,56,-52
103900203,38,14,24
103900204,4,88,-84
103900207,1,88,-87
103900208,84,0,84
103900209,5,80,-75
103900210,33,22,11
103900211,420,331,89
103900212,145,337,-192
103900213,98,285,-187
103900214,288,211,77
103900215,527,401,126
103900216,18,411,-393
103900217,385,64,321
103900218,3,334,-331
103900219,156,251,-95
103900233,68,5,63
103900235,47,9,38
103900236,17,1,16
103900242,17,32,-15
103900243,12,7,5
103900244,112,254,-142
103900245,81,192,-111
103900246,47,49,-2
103900247,24,121,-97
103900248,38,89,-51
103900249,43,40,3
103900250,34,34,0
103900251,0,35,-35
103900253,30,105,-75
103900254,11,43,-32
103900255,17,19,-2
103900256,8,47,-39
103900257,155,168,-13
103900258,33,3,30
103900259,76,10,66
103900261,8,0,8
103900262,15,4,11
103900263,38,51,-13
103900264,93,52,41
103900265,103,66,37
103900266,0,110,-110
103900267,10,65,-55
103900268,24,110,-86
103900269,143,42,101
103900270,68,161,-93
103900271,38,94,-56
103900272,71,60,11
103900273,24,30,-6
103900274,80,11,69
103900275,38,15,23
103900276,4,68,-64
103900277,3,64,-61
103900278,7,45,-38
103900279,1,26,-25
103900280,1,77,-76
104000001,2050,1656,394
104000002,1613,2526,-913
104000003,2029,1791,238
104000004,2654,2500,154
104000005,1379,1638,-259
104000006,3219,2495,724
104000007,3748,4136,-388
104000008,207,341,-134
104000009,188,146,42
104000010,139,256,-117
104000011,484,342,142
104000012,183,329,-146
104000013,256,170,86
104000014,171,695,-524
104000015,312,139,173
104000016,557,453,104
104000018,758,134,624
104000019,637,183,454
104000020,196,681,-485
104000021,256,708,-452
104000022,146,284,-138
104000023,642,345,297
104000024,243,307,-64
104000026,47,381,-334
104000027,234,328,-94
104000028,371,219,152
104000029,344,482,-138
104000030,223,267,-44
104000031,1110,374,736
104000032,219,257,-38
104000033,627,555,72
104000034,310,277,33
104000035,819,424,395
104000036,697,554,143
104000037,228,199,29
104000038,426,302,124
104000039,180,225,-45
104000040,292,343,-51
104000041,531,325,206
104000042,183,332,-149
104000043,222,362,-140
104000044,224,529,-305
104000045,946,1051,-105
104000046,1146,1630,-484
104000047,856,1266,-410
104000048,980,1621,-641
104000049,500,277,223
104000050,164,513,-349
104000051,102,536,-434
104000052,1305,1506,-201
104000053,757,509,248
104000054,588,457,131
104000055,3747,2484,1263
104000056,1264,203,1061
104000057,132,438,-306
104000058,741,648,93
104000059,541,1021,-480
104000060,1045,1107,-62
104000061,1139,1087,52
104000062,353,132,221
104000064,458,222,236
104000065,299,719,-420
104000069,1132,992,140
104000070,81,469,-388
104000071,137,374,-237
104000072,479,173,306
104000075,71,259,-188
104000076,444,73,371
104000082,2061,3084,-1023
104000083,731,154,577
104000084,106,518,-412
104000085,294,274,20
104000086,159,439,-280
104000087,416,1569,-1153
104000090,693,1240,-547
104000092,1088,2083,-995
104000094,882,1501,-619
104000095,1770,1211,559
104000096,1341,185,1156
104000097,1398,803,595
104000098,1891,973,918
104000100,1403,586,817
104000101,1131,1543,-412
104000106,55,533,-478
104000107,609,553,56
104000108,268,462,-194
104000109,314,94,220
104000110,762,1012,-250
104000111,3483,2024,1459
104000112,2201,528,1673
104000116,2,958,-956
104000117,180,533,-353
104000118,503,267,236
104000119,493,265,228
104000120,217,563,-346
104000121,138,756,-618
104000122,625,717,-92
104000123,692,1075,-383
104000124,886,2013,-1127
104000125,2814,3702,-888
104000126,384,401,-17
104000127,1409,2957,-1548
104000128,642,454,188
104000129,342,52,290
104000130,10,313,-303
104000131,681,523,158
104000132,415,537,-122
104000133,1324,908,416
104000134,899,1428,-529
104000135,440,1808,-1368
104000136,803,3500,-2697
104000137,1572,389,1183
104000138,811,300,511
104000139,6054,2878,3176
104000141,1100,1286,-186
104000142,618,691,-73
104000143,519,538,-19
104000144,104,168,-64
104000145,369,245,124
104000146,290,618,-328
104000147,98,328,-230
104000148,286,162,124
104000149,142,333,-191
104000150,887,429,458
104000151,354,500,-146
104000152,492,476,16
104000153,476,454,22
104000154,971,587,384
104000155,486,476,10
104000157,950,1427,-477
104000158,463,533,-70
104000159,745,482,263
104000160,1720,1726,-6
104000161,172,202,-30
104000162,80,116,-36
104000165,1053,1055,-2
104000167,699,811,-112
104000168,457,8,449
104000169,81,57,24
104000170,515,496,19
104000248,353,632,-279
104000251,57,225,-168
104000272,0,0,0
104000273,0,0,0
104000274,0,0,0
104000275,0,0,0
104000279,706,452,254
104000290,73,269,-196
104000291,600,1019,-419
104000293,661,848,-187
104000294,25,0,25
104000295,533,655,-122
104000296,340,549,-209
104000297,606,1643,-1037
104000298,1836,623,1213
104000299,718,1369,-651
104900001,225,339,-114
104900002,69,158,-89
104900003,73,323,-250
104900004,102,262,-160
104900005,192,178,14
104900006,303,69,234
104900007,240,185,55
104900009,139,292,-153
104900010,46,85,-39
104900011,23,6,17
104900012,251,27,224
104900013,118,13,105
104900014,2624,305,2319
104900015,89,2,87
104900016,193,220,-27
104900017,171,154,17
104900018,8,163,-155
104900019,360,2221,-1861
104900020,45,281,-236
104900021,3,131,-128
104900022,7,111,-104
104900023,0,85,-85
104900024,19,87,-68
104900025,44,216,-172
104900026,3,95,-92
104900027,408,308,100
104900028,15,73,-58
104900029,64,120,-56
104900030,530,252,278
104900031,74,148,-74
104900032,50,91,-41
104900033,147,258,-111
104900034,371,120,251
104900035,289,164,125
104900036,247,59,188
104900037,124,207,-83
104900038,416,578,-162
104900039,692,401,291
104900040,434,94,340
104900041,268,159,109
104900042,109,208,-99
104900043,21,123,-102
104900044,528,193,335
104900045,411,45,366
104900046,119,83,36
104900047,296,122,174
104900048,272,69,203
104900049,27,24,3
104900050,234,85,149
104900051,285,62,223
104900052,34,2,32
104900053,439,114,325
104900054,127,33,94
104900055,63,4,59
104900056,126,28,98
104900057,26,0,26
104900058,553,234,319
104900059,251,84,167
104900060,5,325,-320
104900061,199,500,-301
104900063,0,110,-110
104900064,0,95,-95
104900065,1,209,-208
104900066,0,107,-107
104900067,6,317,-311
104900068,14,184,-170
104900070,199,245,-46
104900071,2,398,-396
104900072,33,288,-255
104900073,39,131,-92
104900074,66,197,-131
104900075,49,31,18
104900076,103,295,-192
104900077,668,187,481
104900078,220,470,-250
104900079,78,448,-370
104900080,79,464,-385
104900082,23,441,-418
104900085,1,165,-164
104900087,283,8,275
104900089,146,2,144
104900090,727,602,125
104900091,640,517,123
104900093,270,530,-260
104900097,2023,1663,360
104900098,102,30,72
104900099,251,588,-337
104900100,415,230,185
104900102,24,149,-125
104900103,446,44,402
104900104,2548,1754,794
104900106,85,111,-26
104900107,103,178,-75
104900108,25,164,-139
104900109,126,161,-35
104900110,7,43,-36
104900111,96,68,28
104900112,274,670,-396
104900113,635,323,312
104900114,275,441,-166
104900115,518,374,144
104900116,212,195,17
104900118,18,51,-33
104900119,22,27,-5
104900120,56,209,-153
104900121,1,75,-74
104900122,5,104,-99
104900123,51,8,43
104900124,24,0,24
104900125,423,2,421
104900126,71,51,20
104900127,36,74,-38
104900128,102,185,-83
104900129,1481,1551,-70
105000001,2437,1499,938
105000002,2092,1471,621
105000003,3167,3164,3
105000004,456,938,-482
105000005,776,931,-155
105000006,1310,1564,-254
105000007,1062,1335,-273
105000008,1877,2700,-823
105000009,2127,2923,-796
105000010,3157,2310,847
105000011,2947,2544,403
105000012,3895,3036,859
105000013,943,1075,-132
105000014,1617,2343,-726
105000015,9503,12493,-2990
105000016,3303,2179,1124
105000017,1749,818,931
105000018,1118,1358,-240
105000019,1252,784,468
105000020,221,351,-130
105000021,263,102,161
105000022,282,90,192
105000023,485,441,44
105000028,98,149,-51
105000029,565,1208,-643
105000030,4445,2844,1601
105000031,2,33,-31
105000033,997,1887,-890
105000034,119,841,-722
105000037,612,314,298
105000038,1673,1596,77
105000039,2399,1653,746
105000040,904,985,-81
105000041,473,1181,-708
105000042,2791,1609,1182
105000043,1772,1760,12
105000044,539,423,116
105000045,334,708,-374
105000046,977,313,664
105000047,496,1194,-698
105000048,566,207,359
105000049,219,511,-292
105000050,661,351,310
105000051,163,458,-295
105000052,666,724,-58
105000053,134,172,-38
105000054,348,740,-392
105000055,836,297,539
105000056,1329,1862,-533
105000057,1286,796,490
105000058,1185,1177,8
105000059,628,578,50
105000060,449,636,-187
105000061,542,546,-4
105000062,645,793,-148
105000063,254,487,-233
105000064,1188,745,443
105000065,381,565,-184
105000066,1115,1380,-265
105000067,1332,841,491
105000068,539,795,-256
105000069,1678,1407,271
105000070,555,777,-222
105000071,260,665,-405
105000072,984,1711,-727
105000073,780,584,196
105000074,1163,822,341
105000075,459,903,-444
105000076,1268,1062,206
105000077,2549,1027,1522
105000078,1377,1334,43
105000079,1502,3111,-1609
105000080,1745,1278,467
105000081,3892,1346,2546
105000082,1094,1604,-510
105000083,4729,3232,1497
105000084,622,840,-218
105000085,1572,1697,-125
105000086,567,908,-341
105000087,1380,1626,-246
105000088,1512,1389,123
105000089,2510,1918,592
105000090,1051,812,239
105000091,1228,1590,-362
105000092,588,911,-323
105000093,293,220,73
105000094,283,181,102
105000095,125,455,-330
105000096,1183,954,229
105000097,1168,721,447
105000098,876,673,203
105000099,957,639,318
105000100,1083,991,92
105000101,1777,1732,45
105000102,1288,1309,-21
105000103,1237,1850,-613
105000104,2148,823,1325
105000105,1162,1874,-712
105000106,1259,1581,-322
105000107,1195,943,252
105000108,1434,1501,-67
105000109,1405,1606,-201
105000110,746,569,177
105000111,653,785,-132
105000112,1294,689,605
105000113,390,709,-319
105000114,2543,1063,1480
105000115,320,1022,-702
105000116,692,514,178
105000117,887,1004,-117
105000118,461,373,88
105000119,538,905,-367
105000120,827,510,317
105000121,739,1008,-269
105000122,410,639,-229
105000123,1199,1296,-97
105000124,1703,717,986
105000125,780,1856,-1076
105000126,1915,1679,236
105000127,2295,1933,362
105000128,599,1004,-405
105000129,637,298,339
105000130,332,2560,-2228
105000131,745,388,357
105000132,775,618,157
105000133,473,949,-476
105000134,639,523,116
105000135,394,583,-189
105000136,151,303,-152
105000137,393,229,164
105000138,183,384,-201
105000139,1033,919,114
105000140,313,488,-175
105000141,316,558,-242
105000142,198,488,-290
105000143,234,635,-401
105000144,308,857,-549
105000145,625,450,175
105000146,452,904,-452
105000147,586,367,219
105000148,1333,590,743
105000149,2040,1844,196
105000150,2181,1421,760
105000151,438,339,99
105000152,174,484,-310
105000153,507,606,-99
105000154,587,470,117
105000155,295,866,-571
105000156,876,590,286
105000157,774,1283,-509
105000158,1571,662,909
105000159,238,859,-621
105000160,1437,575,862
105000161,613,843,-230
105000162,480,1399,-919
105000163,953,670,283
105000164,250,268,-18
105000165,774,3988,-3214
105000166,4106,689,3417
105000167,1904,1237,667
105000168,386,572,-186
105000169,493,345,148
105000170,216,1324,-1108
105000171,985,225,760
105000172,139,37,102
105000173,169,37,132
105000174,46,47,-1
105000175,72,137,-65
105000176,311,99,212
105000177,291,161,130
105000178,108,409,-301
105000179,429,160,269
105000180,130,138,-8
105000181,79,215,-136
105000182,30,51,-21
105000183,1960,1653,307
105000184,1461,886,575
105000185,1176,788,388
105000186,474,695,-221
105000187,714,159,555
105000188,299,119,180
105000189,240,455,-215
105000190,353,294,59
105000191,372,319,53
105000192,226,64,162
105000193,103,131,-28
105000194,473,114,359
105000195,312,763,-451
105000196,120,255,-135
105000197,263,616,-353
105000198,634,380,254
105000199,319,722,-403
105000200,115,227,-112
105000201,102,29,73
105000203,18,219,-201
105000204,99,88,11
105000205,96,203,-107
105000207,493,231,262
105000208,193,454,-261
105000209,245,332,-87
105000211,239,16,223
105000212,1096,1132,-36
105000213,136,221,-85
105000214,172,244,-72
105000215,319,194,125
105000216,131,337,-206
105000217,135,302,-167
105000218,1048,1087,-39
105000221,118,164,-46
105000222,559,59,500
105000223,335,139,196
105000226,94,175,-81
105000227,49,115,-66
105000228,330,1632,-1302
105000229,129,444,-315
105000231,397,303,94
105000233,914,623,291
105000234,537,1116,-579
105000235,334,549,-215
105000237,580,78,502
105000243,25,23,2
105000248,55,92,-37
105000262,252,1114,-862
105000269,132,215,-83
105000270,495,50,445
105000271,0,237,-237
105000282,86,51,35
105000287,362,100,262
105000288,568,430,138
105000289,3225,1843,1382
105000290,19,0,19
105000402,3474,3281,193
105000426,536,590,-54
105000438,4323,1775,2548
105000440,26,20,6
105000446,10827,5727,5100
105000447,6863,3031,3832
105000454,358,653,-295
105000455,311,208,103
105000474,40,0,40
105000477,311,487,-176
105000478,1556,3600,-2044
105000479,132,154,-22
105000480,9487,6222,3265
105000481,4834,3002,1832
105000482,5496,8082,-2586
105000483,1577,1732,-155
105000484,2310,3269,-959
105000485,1488,2840,-1352
105000486,3925,2613,1312
105000488,10582,5866,4716
105000489,887,730,157
105000549,148,115,33
105000550,536,1595,-1059
105000551,42,94,-52
105000552,2846,1903,943
105000555,1331,928,403
105000556,44,33,11
105000557,32,185,-153
105900001,8,1120,-1112
105900002,1026,563,463
105900003,13,108,-95
105900004,202,118,84
105900005,9,174,-165
105900006,16,79,-63
105900007,86,19,67
105900008,77,629,-552
105900009,13,14,-1
105900011,123,24,99
105900012,407,98,309
105900013,6,19,-13
105900014,15,48,-33
105900015,131,289,-158
105900016,418,487,-69
105900017,1074,28,1046
105900018,158,168,-10
105900019,60,253,-193
105900020,36,61,-25
105900021,28,175,-147
105900022,227,147,80
105900023,5,70,-65
105900024,6,139,-133
105900025,149,31,118
105900026,203,16,187
105900027,5247,5549,-302
105900028,667,200,467
105900029,1288,300,988
105900030,150,229,-79
105900031,314,175,139
105900032,82,128,-46
105900033,95,105,-10
105900034,139,151,-12
105900035,121,141,-20
105900036,79,97,-18
105900037,61,65,-4
105900038,178,191,-13
105900039,118,81,37
105900040,75,86,-11
105900041,120,200,-80
105900042,32,109,-77
105900043,1122,43,1079
105900044,6,144,-138
105900045,2,572,-570
105900046,8,219,-211
105900047,15,33,-18
105900048,93,453,-360
105900050,4655,2345,2310
105900051,37,822,-785
105900052,458,244,214
105900053,2448,2105,343
105900054,292,184,108
105900056,591,327,264
105900057,22,112,-90
105900058,24,22,2
105900059,0,47,-47
106000001,4477,2359,2118
106000002,2424,5157,-2733
106000003,2674,3544,-870
106000004,1779,2783,-1004
106000005,2964,5489,-2525
106000006,6078,4269,1809
106000007,474,675,-201
106000008,487,339,148
106000009,592,377,215
106000010,543,525,18
106000011,979,1039,-60
106000012,855,1273,-418
106000013,1674,1953,-279
106000014,1558,1596,-38
106000015,1530,1287,243
106000016,1153,2118,-965
106000017,541,713,-172
106000018,600,510,90
106000019,358,391,-33
106000020,261,341,-80
106000021,298,420,-122
106000022,295,208,87
106000023,545,271,274
106000024,562,534,28
106000025,108,195,-87
106000026,115,277,-162
106000027,1103,1256,-153
106000028,648,476,172
106000029,810,1298,-488
106000030,624,500,124
106000034,248,611,-363
106000035,1087,1856,-769
106000036,182,411,-229
106000037,1981,1388,593
106000038,425,132,293
106000039,122,89,33
106000040,149,803,-654
106000041,724,435,289
106000043,575,267,308
106000046,376,82,294
106000047,47,397,-350
106000049,887,144,743
106000050,487,728,-241
106000051,703,490,213
106000052,71,499,-428
106000053,290,156,134
106000054,322,454,-132
106000055,908,949,-41
106000056,284,384,-100
106000057,336,268,68
106000058,128,203,-75
106000059,244,265,-21
106000060,289,491,-202
106000061,187,467,-280
106000062,140,464,-324
106000063,574,490,84
106000064,36,353,-317
106000065,331,257,74
106000066,112,305,-193
106000067,380,85,295
106000068,53,624,-571
106000069,194,68,126
106000070,441,773,-332
106000071,977,373,604
106000072,2560,1639,921
106000073,1616,2680,-1064
106000074,517,669,-152
106000075,332,1471,-1139
106000076,1897,2122,-225
106000077,3416,1518,1898
106000078,912,1009,-97
106000079,625,926,-301
106000080,1202,679,523
106000081,529,1162,-633
106000082,2331,869,1462
106000083,443,1505,-1062
106000084,1186,655,531
106000085,1276,1486,-210
106000086,611,902,-291
106000087,921,539,382
106000088,389,784,-395
106000089,893,359,534
106000090,280,591,-311
106000091,222,516,-294
106000092,631,231,400
106000093,270,129,141
106000094,88,240,-152
106000095,702,734,-32
106000096,780,667,113
106000097,891,821,70
106000098,768,953,-185
106000099,193,726,-533
106000100,928,243,685
106000101,721,321,400
106000102,159,528,-369
106000103,290,471,-181
106000104,681,506,175
106000105,473,608,-135
106000106,457,492,-35
106000107,150,372,-222
106000108,348,334,14
106000109,159,267,-108
106000110,238,342,-104
106000111,226,439,-213
106000112,190,448,-258
106000113,582,500,82
106000114,427,566,-139
106000115,262,440,-178
106000116,318,209,109
106000117,911,691,220
106000118,1037,1265,-228
106000119,1403,1014,389
106000120,768,997,-229
106000121,161,183,-22
106000122,94,263,-169
106000123,387,150,237
106000124,70,256,-186
106000125,42,250,-208
106000126,275,121,154
106000127,787,748,39
106000128,684,178,506
106000129,468,491,-23
106000130,714,309,405
106000131,125,721,-596
106000132,505,161,344
106000133,1651,1110,541
106000134,583,1316,-733
106000135,266,617,-351
106000136,629,845,-216
106000137,85,719,-634
106000138,938,99,839
106000139,38,86,-48
106000140,46,68,-22
106000141,79,60,19
106000142,83,39,44
106000143,63,52,11
106000144,57,36,21
106000145,226,249,-23
106000146,335,171,164
106000147,364,414,-50
106000148,588,760,-172
106000149,484,338,146
106000150,458,1729,-1271
106000151,3319,717,2602
106000152,1210,1734,-524
106000153,79,1406,-1327
106000154,1172,236,936
106000155,82,221,-139
106000156,705,289,416
106000157,729,1542,-813
106000158,2097,961,1136
106000159,2661,1713,948
106000160,346,2222,-1876
106000161,1350,408,942
106000162,201,801,-600
106000163,337,354,-17
106000164,317,286,31
106000165,186,522,-336
106000166,595,290,305
106000167,345,953,-608
106000168,458,268,190
106000169,195,566,-371
106000170,784,289,495
106000171,232,1173,-941
106000172,2586,1335,1251
106000173,1139,2413,-1274
106000174,978,359,619
106000175,287,780,-493
106000176,1399,711,688
106000177,681,2091,-1410
106000178,2918,1531,1387
106000179,1167,2087,-920
106000180,684,1110,-426
106000181,609,1484,-875
106000182,1051,597,454
106000183,1244,559,685
106000184,1411,618,793
106000185,843,1027,-184
106000186,703,137,566
106000187,216,1027,-811
106000188,6,1,5
106000189,10,48,-38
106000190,43,4,39
106000191,574,233,341
106000192,1,15,-14
106000193,403,243,160
106000194,101,304,-203
106000195,421,97,324
106000196,102,317,-215
106000197,614,221,393
106000198,137,204,-67
106000199,772,585,187
106000200,180,162,18
106000201,425,2030,-1605
106000202,3129,440,2689
106000203,44,165,-121
106000204,89,14,75
106000205,26,114,-88
106000206,107,24,83
106000207,47,614,-567
106000208,1272,195,1077
106000209,1233,378,855
106000210,334,924,-590
106000211,305,1018,-713
106000212,767,408,359
106000213,668,1489,-821
106000214,2516,609,1907
106000215,312,454,-142
106000216,429,346,83
106000217,279,416,-137
106000218,498,420,78
106000219,123,314,-191
106000220,374,267,107
106000221,175,297,-122
106000222,63,101,-38
106000223,176,126,50
106000224,243,225,18
106000225,95,167,-72
106000226,141,287,-146
106000228,63,119,-56
106000229,79,628,-549
106000231,769,121,648
106000232,68,368,-300
106000233,552,84,468
106000234,108,157,-49
106000235,426,59,367
106000236,183,65,118
106000237,8,21,-13
106000238,70,11,59
106000239,4,110,-106
106000240,46,10,36
106000241,12,592,-580
106000242,274,45,229
106000249,56,76,-20
106000250,63,456,-393
106000251,117,19,98
106000252,32,74,-42
106000253,38,57,-19
106000254,48,35,13
106000255,11,132,-121
106000256,44,47,-3
106000257,192,193,-1
106000258,216,11,205
106000259,5,29,-24
106000260,12,7,5
106000261,9,55,-46
106000262,84,13,71
106000263,3,77,-74
106000264,167,11,156
106000265,19,122,-103
106000266,107,14,93
106000267,6,70,-64
106000268,584,35,549
106000269,87,48,39
106000270,148,481,-333
106000271,78,170,-92
106000272,213,41,172
106000273,8,230,-222
106000274,188,43,145
106000275,145,254,-109
106000276,168,38,130
106000277,105,302,-197
106000278,219,39,180
106000279,28,31,-3
106000280,113,91,22
106000281,98,70,28
106000282,50,75,-25
106000283,131,42,89
106000284,73,132,-59
106000285,104,99,5
106000286,90,129,-39
106000287,160,60,100
106000288,57,164,-107
106000289,88,60,28
106000290,71,95,-24
106000291,83,76,7
106000292,86,112,-26
106000293,139,96,43
106000294,114,103,11
106000295,53,52,1
106000296,31,97,-66
106000297,92,233,-141
106000298,132,87,45
106000299,53,123,-70
106000300,58,98,-40
106000301,91,102,-11
106000303,15,65,-50
106000304,22,21,1
106000305,55,42,13
106000306,42,57,-15
106000307,52,23,29
106000308,12,105,-93
106000309,12,40,-28
106000310,303,497,-194
106000311,362,166,196
106000312,93,187,-94
106000313,163,206,-43
106000318,101,409,-308
106000319,942,217,725
106000320,3,61,-58
106000321,366,79,287
106000322,194,172,22
106000324,14,156,-142
106000325,1446,812,634
106000326,893,1746,-853
106000327,161,131,30
106000328,19,122,-103
106000329,118,242,-124
106000330,60,60,0
106000428,101,188,-87
106000429,132,439,-307
106000430,345,1244,-899
106000431,1916,422,1494
106000432,2041,2909,-868
106000433,2288,1468,820
106000434,2817,1276,1541
106000435,1416,2420,-1004
106000436,24,163,-139
106000437,264,29,235
106000438,310,139,171
106000439,67,296,-229
106000440,239,374,-135
106000441,0,0,0
106000442,137,14,123
106000443,136,299,-163
106000450,0,149,-149
106000451,30,43,-13
106000454,3,143,-140
106000455,18,180,-162
106000456,110,47,63
106000457,19,873,-854
106000458,673,105,568
106000459,165,339,-174
106000460,1420,23,1397
106000461,98,1067,-969
106000462,0,19,-19
106000463,3,23,-20
106000464,3,382,-379
106000465,698,0,698
106000466,5,502,-497
106000467,357,535,-178
106000468,68,157,-89
106000469,163,1,162
106000470,267,1558,-1291
106000471,16,511,-495
106000472,208,13,195
106000473,42,21,21
106000474,277,495,-218
106000475,249,153,96
106000476,216,173,43
106000477,22,126,-104
106000480,0,272,-272
106900001,0,13,-13
106900002,1,384,-383
106900003,217,684,-467
106900004,2,19,-17
106900006,1,11,-10
106900007,0,19,-19
106900008,278,199,79
106900009,279,270,9
106900010,197,262,-65
106900012,1526,1593,-67
106900013,473,160,313
106900014,23,9,14
106900015,20,2,18
106900016,247,10,237
106900017,14,1,13
106900018,0,0,0
106900019,37,0,37
106900020,2088,1258,830
106900021,122,91,31
106900022,639,3,636
106900023,68,243,-175
106900024,362,45,317
106900025,48,544,-496
106900026,0,583,-583
106900027,671,5,666
107000001,3999,3162,837
107000002,3350,4868,-1518
107000003,5048,5943,-895
107000004,4779,4793,-14
107000005,4047,5185,-1138
107000006,4445,4548,-103
107000007,5322,9493,-4171
107000008,11451,8417,3034
107000009,6755,7325,-570
107000010,10968,9739,1229
107000011,1277,1447,-170
107000012,4089,3169,920
107000013,95,114,-19
107000014,51,271,-220
107000015,608,891,-283
107000016,641,804,-163
107000017,2464,1179,1285
107000018,12,602,-590
107000020,1546,868,678
107000021,1330,500,830
107000022,798,1219,-421
107000023,1774,262,1512
107000024,496,1427,-931
107000025,206,357,-151
107000026,258,536,-278
107000027,1365,936,429
107000028,1319,1547,-228
107000029,2969,2388,581
107000030,2812,3116,-304
107000031,3820,2417,1403
107000032,593,1057,-464
107000033,2791,3862,-1071
107000034,2807,1553,1254
107000035,309,201,108
107000036,342,1026,-684
107000037,75,748,-673
107000038,248,304,-56
107000039,930,729,201
107000040,144,347,-203
107000041,1368,671,697
107000042,781,1888,-1107
107000043,2293,1142,1151
107000044,522,360,162
107000045,98,286,-188
107000046,719,447,272
107000047,429,859,-430
107000048,647,318,329
107000049,679,828,-149
107000050,1180,561,619
107000051,408,406,2
107000052,1079,983,96
107000053,371,191,180
107000054,66,349,-283
107000055,414,160,254
107000056,541,848,-307
107000057,1437,290,1147
107000058,2016,2227,-211
107000059,2097,3332,-1235
107000060,3944,5058,-1114
107000061,4909,3320,1589
107000062,3902,2897,1005
107000063,4100,5070,-970
107000064,3994,2103,1891
107000065,3912,4607,-695
107000066,1623,2200,-577
107000067,1199,1098,101
107000068,1241,656,585
107000069,706,438,268
107000070,1424,12,1412
107000071,3010,55,2955
107000072,45,2685,-2640
107000073,837,322,515
107000074,214,984,-770
107000075,1633,564,1069
107000076,715,1475,-760
107000077,3423,1467,1956
107000078,3019,3311,-292
107000079,2490,1094,1396
107000080,1315,3189,-1874
107000081,1525,709,816
107000082,520,1712,-1192
107000083,1234,417,817
107000084,361,1773,-1412
107000085,3021,3468,-447
107000086,3615,3528,87
107000087,2788,1966,822
107000088,3306,3814,-508
107000089,1432,1580,-148
107000090,985,1176,-191
107000091,1387,800,587
107000092,760,1041,-281
107000093,1104,762,342
107000094,901,1257,-356
107000095,638,646,-8
107000096,601,773,-172
107000097,656,372,284
107000098,687,618,69
107000099,406,333,73
107000100,216,315,-99
107000101,76,192,-116
107000102,218,290,-72
107000103,294,184,110
107000104,183,319,-136
107000105,352,157,195
107000106,223,236,-13
107000107,573,192,381
107000108,151,615,-464
107000109,644,192,452
107000110,65,508,-443
107000111,249,50,199
107000112,45,296,-251
107000113,553,149,404
107000114,85,527,-442
107000115,491,146,345
107000116,116,719,-603
107000117,145,511,-366
107000118,164,164,0
107000119,1308,1428,-120
107000120,1235,422,813
107000121,941,774,167
107000122,1213,1019,194
107000123,485,692,-207
107000124,495,968,-473
107000125,1014,618,396
107000126,898,834,64
107000129,289,798,-509
107000130,588,233,355
107000131,384,583,-199
107000132,520,341,179
107000133,1076,92,984
107000134,400,1,399
107000135,0,313,-313
107000136,834,6,828
107000137,13,447,-434
107000138,356,34,322
107000139,25,470,-445
107000140,1402,135,1267
107000141,142,723,-581
107000142,439,110,329
107000143,107,689,-582
107000144,573,439,134
107000145,192,461,-269
107000146,181,313,-132
107000147,4351,1319,3032
107000150,680,2309,-1629
107000151,35,105,-70
107000152,413,1250,-837
107000153,170,404,-234
107000154,296,316,-20
107000155,705,26,679
107000156,1043,24,1019
107000157,45,1340,-1295
107000158,599,32,567
107000159,59,886,-827
107000160,921,119,802
107000161,89,1250,-1161
107000162,281,402,-121
107000163,283,6,277
107000164,559,4,555
107000165,949,9,940
107000166,53,1154,-1101
107000167,622,349,273
107000168,1110,452,658
107000169,733,997,-264
107000170,1861,722,1139
107000171,626,1824,-1198
107000172,861,1406,-545
107000173,714,839,-125
107000174,1050,4504,-3454
107000175,5921,1771,4150
107000176,0,3,-3
107000177,4,1,3
107000178,18,41,-23
107000179,227,2198,-1971
107000180,1315,301,1014
107000181,450,1240,-790
107000182,1755,943,812
107000183,127,842,-715
107000184,1045,677,368
107000185,375,1280,-905
107000186,1185,429,756
107000187,1351,1387,-36
107000188,653,680,-27
107000189,412,1113,-701
107000190,544,673,-129
107000191,854,1336,-482
107000192,1623,729,894
107000193,397,459,-62
107000194,895,714,181
107000197,864,284,580
107000198,298,728,-430
107000199,647,682,-35
107000200,656,602,54
107000201,481,289,192
107000202,308,439,-131
107000203,1130,751,379
107000204,1265,910,355
107000205,2157,922,1235
107000206,938,1121,-183
107000207,644,910,-266
107000208,938,497,441
107000209,1999,1171,828
107000210,893,372,521
107000211,4,46,-42
107000212,7,278,-271
107000213,4,29,-25
107000214,28,134,-106
107000215,435,305,130
107000216,417,348,69
107000217,201,136,65
107000219,80,137,-57
107000220,244,204,40
107000222,325,744,-419
107000224,405,97,308
107000225,156,434,-278
107000226,426,84,342
107000227,68,264,-196
107000228,61,250,-189
107000229,150,112,38
107000230,1122,522,600
107000231,1648,1657,-9
107000232,143,52,91
107000233,1541,871,670
107000234,4,46,-42
107000235,74,8,66
107000236,14,356,-342
107000237,20,4,16
107000238,55,3,52
107000239,2691,575,2116
107000240,126,904,-778
107000243,0,44,-44
107000244,2,73,-71
107000246,3,1021,-1018
107000249,2,997,-995
107000251,4,355,-351
107000252,4,1021,-1017
107000255,346,111,235
107000257,3,392,-389
107000258,1,122,-121
107000259,3,155,-152
107000260,686,10,676
107000262,7,476,-469
107000263,227,4,223
107000266,4,18,-14
107000267,83,135,-52
107000268,145,120,25
107000269,574,72,502
107000270,5,17,-12
107000271,10,639,-629
107000272,12,139,-127
107000273,5,198,-193
107000274,1280,225,1055
107000275,127,870,-743
107000280,790,43,747
107000281,59,740,-681
107000282,59,788,-729
107000290,5,35,-30
107000291,19,3,16
107000292,2,52,-50
107000293,38,4,34
107000294,1,44,-43
107000295,54,0,54
107000296,0,29,-29
107000444,236,4,232
107000496,1,20,-19
107000497,1543,2201,-658
107000500,286,273,13
107000501,116,155,-39
107000502,192,306,-114
107000505,465,823,-358
107000506,2,26,-24
107000508,11,580,-569
107000509,258,922,-664
107000510,31,29,2
107000514,60,400,-340
107000515,20,204,-184
107000516,257,254,3
107000518,1179,1112,67
107000519,1781,889,892
107000520,51,35,16
107000521,682,424,258
107000522,824,555,269
107900001,69,158,-89
107900002,40,11,29
107900003,330,18,312
107900004,19,2,17
107900005,1019,3,1016
107900006,105,1,104
107900007,274,29,245
107900008,63,16,47
107900009,140,8,132
107900010,35,0,35
107900012,223,40,183
107900013,230,39,191
107900014,20,2,18
107900015,893,11,882
107900016,356,77,279
107900017,16,0,16
107900018,67,155,-88
107900019,18,25,-7
107900020,49,16,33
107900021,53,125,-72
107900023,1,1,0
107900024,0,20,-20
107900025,225,201,24
107900026,57,49,8
107900027,33,33,0
107900028,66,78,-12
107900030,142,24,118
107900031,65,100,-35
107900032,11,7,4
107900033,19,6,13
107900034,361,27,334
107900035,696,36,660
107900036,82,18,64
107900037,0,39,-39
107900038,120,190,-70
107900039,22,41,-19
107900040,58,96,-38
107900041,9,1,8
107900043,37,91,-54
107900044,6,7,-1
107900045,109,42,67
107900046,108,180,-72
107900047,32,66,-34
107900048,155,13,142
107900049,404,966,-562
107900050,149,287,-138
107900051,69,51,18
107900052,58,39,19
107900053,53,68,-15
107900055,647,248,399
107900056,102,45,57
107900057,0,0,0
107900058,37,534,-497
107900060,33,28,5
107900061,20,8,12
107900063,55,126,-71
107900064,222,117,105
107900065,147,8,139
107900066,16,10,6
107900067,1,0,1
107900068,160,370,-210
107900069,55,1580,-1525
107900070,101,31,70
107900071,22,657,-635
107900072,68,117,-49
107900073,174,76,98
107900074,761,312,449
107900076,104,66,38
107900077,75,0,75
107900079,9,20,-11
107900080,292,528,-236
107900081,43,119,-76
107900082,27,18,9
107900083,317,213,104
107900084,97,123,-26
107900086,55,132,-77
107900087,628,170,458
107900088,20,7,13
107900089,211,870,-659
107900090,482,1880,-1398
107900091,237,365,-128
107900093,93,66,27
107900095,3507,2171,1336
107900097,32,63,-31
107900098,48,152,-104
107900100,979,1017,-38
107900101,977,241,736
107900102,48,12,36
107900103,42,164,-122
107900104,231,10,221
107900105,2,357,-355
107900106,6,1253,-1247
107900107,715,406,309
107900108,279,134,145
107900109,1079,13,1066
107900110,39,76,-37
107900111,28,749,-721
107900112,146,341,-195
107900113,164,76,88
107900114,175,116,59
107900115,2,36,-34
107900116,125,130,-5
107900117,353,329,24
107900118,79,154,-75
107900119,104,232,-128
107900120,53,35,18
107900121,3,110,-107
107900122,4,70,-66
107900123,3,32,-29
107900124,11,25,-14
107900125,26,196,-170
107900126,15,58,-43
107900127,394,270,124
107900128,76,54,22
107900129,50,28,22
107900130,56,24,32
107900131,639,270,369
107900132,113,291,-178
107900133,4,78,-74
107900134,49,103,-54
107900135,6,169,-163
107900136,30,38,-8
107900137,158,114,44
107900138,51,48,3
107900139,27,63,-36
107900141,41,44,-3
107900142,61,691,-630
107900143,60,28,32
107900144,6,178,-172
107900145,16,79,-63
107900146,25,87,-62
107900147,47,48,-1
107900148,148,93,55
107900149,730,218,512
107900150,85,559,-474
107900151,28,113,-85
107900152,9,97,-88
107900153,141,246,-105
107900154,32,27,5
107900155,72,61,11
107900156,1,324,-323
107900157,39,67,-28
107900158,644,20,624
107900159,29,716,-687
107900160,108,201,-93
107900161,24,172,-148
107900162,0,40,-40
107900163,30,31,-1
107900164,8,59,-51
107900165,59,89,-30
107900166,24,178,-154
107900167,21,24,-3
107900168,29,44,-15
107900169,1,155,-154
107900171,5,1084,-1079
107900172,3,291,-288
107900173,23,138,-115
107900174,138,4,134
107900175,23,20,3
107900176,42,35,7
107900177,0,70,-70
107900178,2,156,-154
107900179,9,78,-69
107900180,527,397,130
107900181,329,308,21
107900182,3,951,-948
107900183,39,231,-192
107900184,71,221,-150
107900185,98,5,93
107900186,28,62,-34
107900187,0,70,-70
107900188,704,167,537
107900189,23,115,-92
107900190,72,144,-72
107900191,53,102,-49
107900193,4,40,-36
107900194,186,12,174
107900195,2292,371,1921
107900196,45,78,-33
107900197,854,362,492
107900199,2,940,-938
107900201,65,92,-27
107900203,52,78,-26
107900204,204,204,0
107900206,941,253,688
107900207,0,480,-480
107900208,9,558,-549
107900209,431,160,271
107900210,85,95,-10
107900213,522,453,69
107900214,6,123,-117
107900215,170,278,-108
107900216,239,91,148
107900217,25,75,-50
107900218,23,1183,-1160
107900219,29,89,-60
107900220,252,255,-3
107900221,143,229,-86
107900223,72,488,-416
107900224,101,271,-170
107900225,3,621,-618
107900226,123,97,26
107900227,142,441,-299
107900228,14,116,-102
107900229,0,184,-184
107900230,14,84,-70
107900231,20,169,-149
107900232,90,140,-50
107900233,16,101,-85
107900234,95,83,12
107900235,21,87,-66
107900236,82,94,-12
107900237,67,432,-365
107900238,19,97,-78
107900239,898,452,446
107900240,22,102,-80
107900241,10,65,-55
107900242,19,221,-202
107900243,6,77,-71
107900244,293,2,291
107900245,669,51,618
107900246,321,17,304
107900248,219,327,-108
107900249,553,40,513
107900250,12,433,-421
107900251,85,1068,-983
107900252,747,19,728
107900253,115,7,108
107900254,79,339,-260
107900255,253,89,164
107900256,1132,637,495
107900257,145,100,45
107900258,103,220,-117
107900259,80,1898,-1818
107900261,13,429,-416
107900262,51,117,-66
107900264,237,5,232
107900265,162,115,47
107900267,187,22,165
107900268,35,7,28
107900269,0,3,-3
107900270,0,0,0
107900271,3,26,-23
107900272,120,9,111
107900273,58,132,-74
107900274,84,1,83
107900275,27,0,27
107900276,1,136,-135
107900277,0,201,-201
107900278,210,390,-180
107900279,125,204,-79
107900280,1622,1903,-281
107900281,1353,2006,-653
107900282,46,366,-320
107900283,917,512,405
107900284,486,586,-100
107900285,103,77,26
107900286,143,102,41
107900287,164,168,-4
107900290,3,96,-93
107900291,415,21,394
107900292,113,202,-89
107900293,72,421,-349
107900295,49,44,5
107900297,4,302,-298
107900298,868,763,105
107900299,2912,1889,1023
107900301,579,632,-53
107900302,90,36,54
107900303,186,293,-107
107900304,224,455,-231
107900305,269,12,257
107900306,12,25,-13
107900307,53,265,-212
107900308,183,87,96
107900309,70,4,66
107900310,446,3,443
107900311,14,411,-397
107900312,55,1,54
107900313,1,114,-113
107900314,5,58,-53
107900315,2,44,-42
107900316,24,4,20
107900317,85,7,78
107900318,22,120,-98
107900319,5,122,-117
107900320,2,152,-150
107900321,151,4,147
107900322,1,119,-118
107900323,10,147,-137
107900324,146,2,144
107900325,97,0,97
107900326,405,212,193
107900327,2,46,-44
107900328,157,0,157
107900329,111,114,-3
107900330,7,286,-279
107900331,180,42,138
107900332,224,27,197
107900333,49,20,29
107900334,13,146,-133
107900335,89,42,47
107900336,41,65,-24
107900337,975,728,247
107900338,7,157,-150
107900339,1,19,-18
107900340,2,48,-46
107900341,51,1,50
107900342,72,115,-43
107900343,48,5,43
107900344,16,59,-43
107900345,101,26,75
107900346,25,2,23
107900347,41,10,31
107900348,3,1,2
107900349,23,12,11
107900350,25,215,-190
107900351,5,206,-201
107900352,5,35,-30
107900353,18,11,7
107900354,49,59,-10
108000001,2773,3627,-854
108000002,2196,2685,-489
108000003,3359,3408,-49
108000004,12294,15168,-2874
108000005,8607,6864,1743
108000006,9352,8667,685
108000007,4897,4588,309
108000008,4408,6917,-2509
108000009,3773,4975,-1202
108000010,3945,4942,-997
108000011,11708,12244,-536
108000012,17637,15895,1742
108000014,1200,840,360
108000015,834,283,551
108000016,338,850,-512
108000017,949,402,547
108000018,1755,616,1139
108000019,2093,821,1272
108000020,1552,492,1060
108000021,362,1788,-1426
108000022,425,1298,-873
108000023,1225,253,972
108000024,402,556,-154
108000025,277,320,-43
108000026,825,465,360
108000027,749,704,45
108000028,802,304,498
108000029,535,936,-401
108000030,623,228,395
108000031,305,696,-391
108000032,1560,674,886
108000033,723,1156,-433
108000034,1609,472,1137
108000035,594,2229,-1635
108000036,346,1020,-674
108000037,1496,414,1082
108000038,2390,603,1787
108000039,525,1883,-1358
108000040,1749,998,751
108000041,623,2207,-1584
108000042,259,256,3
108000043,190,285,-95
108000044,499,198,301
108000045,345,534,-189
108000046,1308,318,990
108000047,420,1033,-613
108000048,224,375,-151
108000049,900,249,651
108000050,152,633,-481
108000051,339,118,221
108000052,199,679,-480
108000053,435,191,244
108000054,528,1013,-485
108000055,1000,505,495
108000056,1393,1331,62
108000057,546,1193,-647
108000058,2001,3596,-1595
108000059,3554,2077,1477
108000060,254,641,-387
108000061,338,522,-184
108000062,677,529,148
108000063,457,471,-14
108000064,167,249,-82
108000065,539,572,-33
108000066,1350,694,656
108000067,1642,573,1069
108000068,620,395,225
108000069,226,976,-750
108000070,1639,804,835
108000071,665,1470,-805
108000072,1706,1146,560
108000073,1309,1953,-644
108000074,564,381,183
108000075,368,946,-578
108000076,753,672,81
108000077,652,676,-24
108000078,2015,1452,563
108000079,941,1702,-761
108000080,1209,553,656
108000081,622,1630,-1008
108000082,965,1794,-829
108000083,1700,951,749
108000084,428,1046,-618
108000085,782,501,281
108000086,917,739,178
108000087,171,1837,-1666
108000088,732,171,561
108000089,377,333,44
108000091,257,467,-210
108000092,106,92,14
108000093,182,485,-303
108000094,460,107,353
108000095,164,359,-195
108000096,256,180,76
108000097,117,427,-310
108000098,1464,1344,120
108000099,1192,390,802
108000100,134,440,-306
108000101,1122,1364,-242
108000102,1818,3466,-1648
108000106,957,1,956
108000107,2,698,-696
108000108,1150,53,1097
108000109,11,725,-714
108000110,207,305,-98
108000111,152,557,-405
108000112,53,159,-106
108000113,498,246,252
108000115,362,266,96
108000117,693,313,380
108000118,634,1688,-1054
108000119,686,360,326
108000120,179,715,-536
108000121,242,419,-177
108000122,470,298,172
108000123,829,241,588
108000124,387,500,-113
108000125,337,274,63
108000126,150,342,-192
108000127,600,316,284
108000128,568,548,20
108000129,349,1061,-712
108000130,386,233,153
108000131,1061,624,437
108000132,2214,1570,644
108000133,809,538,271
108000134,552,585,-33
108000135,1020,433,587
108000136,330,906,-576
108000137,452,330,122
108000138,411,857,-446
108000139,491,273,218
108000140,123,29,94
108000141,40,81,-41
108000142,70,97,-27
108000143,59,397,-338
108000144,446,54,392
108000145,41,13,28
108000146,533,60,473
108000147,44,34,10
108000148,443,91,352
108000149,30,23,7
108000150,32,15,17
108000151,453,127,326
108000152,118,412,-294
108000153,444,141,303
108000154,66,17,49
108000155,50,22,28
108000156,873,454,419
108000157,153,867,-714
108000158,98,747,-649
108000159,545,236,309
108000160,2876,1147,1729
108000161,2357,2330,27
108000165,15,143,-128
108000172,8,295,-287
108000173,2073,1971,102
108000175,518,122,396
108000178,386,340,46
108000179,209,767,-558
108000181,85,35,50
108000182,287,118,169
108000183,121,524,-403
108000184,950,1973,-1023
108000185,199,419,-220
108000186,401,442,-41
108000187,116,524,-408
108000188,543,247,296
108000189,2148,6933,-4785
108000190,48,141,-93
108000192,215,679,-464
108000193,786,16,770
108000194,37,13,24
108000195,2,945,-943
108000196,298,166,132
108000198,626,339,287
108000199,1,238,-237
108000200,363,487,-124
108000203,115,609,-494
108000204,174,74,100
108000205,346,511,-165
108000339,1309,380,929
108000364,319,691,-372
108000365,65,304,-239
108000367,241,379,-138
108000368,8,82,-74
108000369,1044,186,858
108000371,6,595,-589
108000372,896,20,876
108000373,266,185,81
108000376,106,32,74
108000377,434,263,171
108000378,9121,9986,-865
108000379,29,192,-163
108000381,64,25,39
108000382,219,11,208
108000383,0,172,-172
108900001,99,1216,-1117
108900002,149,59,90
108900003,306,652,-346
108900004,1637,518,1119
108900007,230,250,-20
108900008,109,177,-68
108900009,70,110,-40
108900010,226,212,14
108900011,496,410,86
108900012,276,433,-157
108900013,155,270,-115
108900014,19,134,-115
108900015,1,70,-69
108900016,0,269,-269
108900017,277,509,-232
108900018,127,312,-185
108900019,22,617,-595
108900020,39,158,-119
108900021,89,238,-149
108900022,79,7,72
108900023,4,46,-42
108900024,53,141,-88
108900025,128,117,11
108900026,18,154,-136
108900027,0,75,-75
108900028,106,273,-167
108900029,43,175,-132
108900030,0,99,-99
108900031,131,369,-238
108900032,17,220,-203
108900033,0,90,-90
108900034,1,201,-200
108900035,367,1254,-887
108900038,3,305,-302
108900039,1,423,-422
108900040,1,109,-108
108900041,4647,2790,1857
108900042,5,334,-329
108900043,49,378,-329
108900044,2,416,-414
108900045,67,550,-483
108900046,59,601,-542
108900047,0,128,-128
108900048,148,913,-765
108900049,3013,1105,1908
108900050,3,193,-190
108900051,0,168,-168
108900052,28,193,-165
108900053,80,122,-42
108900054,89,199,-110
108900055,67,338,-271
108900056,1,163,-162
108900057,3,117,-114
108900058,29,338,-309
108900059,359,29,330
108900060,82,107,-25
108900061,102,27,75
108900062,3,200,-197
108900063,10,224,-214
108900064,155,45,110
108900065,13,199,-186
108900066,332,110,222
108900067,13,149,-136
108900068,2,142,-140
108900069,49,88,-39
108900070,39,116,-77
108900071,71,86,-15
108900072,1838,675,1163
108900073,39,307,-268
108900074,181,342,-161
108900075,69,41,28
108900076,287,96,191
108900077,176,373,-197
108900078,29,159,-130
108900079,906,184,722
108900080,29,705,-676
108900081,75,228,-153
108900082,79,119,-40
108900083,28,263,-235
108900085,2115,171,1944
108900086,101,228,-127
108900087,133,170,-37
108900088,910,374,536
108900089,34,169,-135
108900090,27,247,-220
108900091,121,92,29
108900092,442,350,92
108900093,85,96,-11
108900094,164,70,94
108900095,43,292,-249
108900096,263,19,244
108900097,213,250,-37
108900098,1927,620,1307
108900099,354,266,88
108900100,90,110,-20
108900101,200,209,-9
108900102,97,753,-656
108900103,87,133,-46
108900105,1,1040,-1039
108900106,439,323,116
108900108,466,80,386
108900109,313,54,259
108900110,181,454,-273
108900111,494,544,-50
108900113,34,66,-32
108900114,58,9,49
108900115,57,62,-5
108900116,55,9,46
108900117,184,11,173
108900118,469,13,456
108900119,269,30,239
108900120,246,146,100
108900121,240,139,101
108900122,132,32,100
108900123,103,103,0
108900124,384,189,195
108900125,376,5,371
108900126,104,20,84
108900127,141,27,114
108900128,76,28,48
108900129,730,130,600
108900130,290,0,290
108900131,291,3,288
108900132,482,67,415
108900133,149,77,72
108900134,326,202,124
108900135,147,6,141
108900136,33,1,32
108900137,133,1,132
108900138,686,47,639
108900140,305,242,63
108900141,247,13,234
108900142,118,9,109
108900143,56,1,55
108900144,75,1,74
108900145,197,8,189
108900146,82,0,82
108900147,208,1,207
108900148,87,32,55
108900150,245,9,236
108900151,445,6,439
108900152,248,24,224
108900153,118,356,-238
108900154,4231,697,3534
108900156,66,6,60
108900157,20,385,-365
108900158,487,151,336
108900159,9,252,-243
108900160,5,235,-230
108900161,2,412,-410
108900162,90,0,90
108900163,17,178,-161
108900164,44,100,-56
108900168,7201,2416,4785
108900169,68,89,-21
108900171,5187,2425,2762
108900172,157,49,108
108900173,191,287,-96
108900174,777,632,145
108900176,114,469,-355
108900177,4532,4093,439
108900178,3574,2783,791
108900180,95,244,-149
108900183,179,192,-13
108900184,349,210,139
108900185,113,341,-228
108900186,32,428,-396
108900189,316,137,179
108900190,57,2594,-2537
108900192,99,206,-107
108900195,100,271,-171
108900196,32,330,-298
108900199,246,327,-81
108900200,720,307,413
108900201,489,1302,-813
108900203,409,83,326
108900204,265,14,251
108900205,181,33,148
108900206,377,53,324
108900207,185,76,109
108900208,25,250,-225
108900209,256,443,-187
108900210,206,181,25
108900211,175,470,-295
108900212,715,1273,-558
108900215,97,354,-257
108900216,558,181,377
108900217,153,0,153
108900218,105,70,35
108900221,49,146,-97
108900224,31,185,-154
108900225,2,185,-183
108900227,119,252,-133
108900230,221,243,-22
108900232,2,219,-217
108900233,261,97,164
108900234,259,178,81
108900235,207,536,-329
108900236,24,247,-223
108900240,188,112,76
108900241,37,38,-1
108900245,11,1372,-1361
108900250,244,118,126
108900258,5,224,-219
108900259,92,67,25
108900260,7,98,-91
108900261,123,134,-11
108900262,147,139,8
108900263,63,134,-71
108900264,732,251,481
108900265,845,338,507
108900266,805,523,282
108900267,1,91,-90
108900268,9,7,2
108900269,75,36,39
108900270,44,9,35
108900271,30,17,13
108900272,254,11,243
108900273,1091,788,303
108900274,63,70,-7
109000001,3364,1464,1900
109000002,1814,1823,-9
109000003,2382,475,1907
109000004,544,2183,-1639
109000005,2587,688,1899
109000006,772,2106,-1334
109000007,1407,670,737
109000008,491,1593,-1102
109000009,3544,1344,2200
109000010,1571,3546,-1975
109000011,2964,2134,830
109000012,1821,3157,-1336
109000013,3156,2829,327
109000014,1614,2960,-1346
109000015,3813,6545,-2732
109000016,6238,3578,2660
109000017,2196,1337,859
109000018,981,2817,-1836
109000019,2641,1448,1193
109000020,1098,1977,-879
109000023,262,34,228
109000024,9,170,-161
109000025,339,424,-85
109000026,711,325,386
109000027,78,341,-263
109000028,157,91,66
109000029,87,157,-70
109000030,68,448,-380
109000031,205,224,-19
109000032,140,406,-266
109000033,370,229,141
109000034,76,64,12
109000035,11,80,-69
109000036,87,382,-295
109000037,196,1038,-842
109000038,567,384,183
109000039,824,607,217
109000040,3428,6755,-3327
109000041,3064,1676,1388
109000042,649,1211,-562
109000044,311,99,212
109000045,126,316,-190
109000046,339,82,257
109000047,87,427,-340
109000048,767,219,548
109000049,250,551,-301
109000050,292,275,17
109000051,266,263,3
109000052,496,824,-328
109000053,187,71,116
109000054,503,407,96
109000055,249,224,25
109000056,432,326,106
109000057,623,432,191
109000058,1134,256,878
109000059,1088,1607,-519
109000060,469,464,5
109000061,1043,942,101
109000062,149,372,-223
109000063,250,196,54
109000064,212,192,20
109000065,121,168,-47
109000066,349,107,242
109000067,66,302,-236
109000068,3870,22,3848
109000069,1247,45,1202
109000070,11,1367,-1356
109000071,391,77,314
109000072,97,369,-272
109000073,65,88,-23
109000074,50,201,-151
109000075,90,336,-246
109000076,145,233,-88
109000077,353,280,73
109000078,80,145,-65
109000079,140,205,-65
109000080,186,120,66
109000081,108,516,-408
109000082,599,217,382
109000083,272,644,-372
109000088,101,414,-313
109000089,323,71,252
109000090,139,376,-237
109000091,270,203,67
109000092,294,422,-128
109000093,219,227,-8
109000094,493,2,491
109000095,108,366,-258
109000096,562,344,218
109000097,104,174,-70
109000098,62,147,-85
109000099,1141,326,815
109000100,305,639,-334
109000101,1477,632,845
109000102,371,750,-379
109000103,442,621,-179
109000104,1421,594,827
109000105,424,1055,-631
109000106,1834,788,1046
109000107,570,1881,-1311
109000108,1601,559,1042
109000109,444,1709,-1265
109000110,1068,569,499
109000111,883,1890,-1007
109000112,360,131,229
109000113,349,198,151
109000114,134,345,-211
109000115,1356,109,1247
109000116,18,250,-232
109000117,220,82,138
109000118,13,275,-262
109000119,1033,266,767
109000120,191,706,-515
109000121,450,68,382
109000122,95,586,-491
109000123,51,59,-8
109000124,579,415,164
109000125,760,354,406
109000126,347,610,-263
109000127,730,256,474
109000128,440,1368,-928
109000129,1732,720,1012
109000130,568,1952,-1384
109000131,757,541,216
109000132,730,1787,-1057
109000133,463,966,-503
109000134,850,1402,-552
109000135,1180,1494,-314
109000136,326,265,61
109000137,312,336,-24
109000138,460,283,177
109000139,444,385,59
109000140,200,366,-166
109000141,422,456,-34
109000142,137,461,-324
109000143,71,91,-20
109000145,148,404,-256
109000146,106,126,-20
109000148,2843,1150,1693
109000149,16,61,-45
109000150,191,313,-122
109000155,743,575,168
109000156,1036,629,407
109000158,115,268,-153
109000159,101,446,-345
109000160,776,200,576
109000161,229,930,-701
109000162,1540,642,898
109000163,925,1694,-769
109000164,1256,2540,-1284
109000165,1147,514,633
109000166,619,121,498
109000167,100,501,-401
109000170,46,43,3
109000171,79,64,15
109000172,49,85,-36
109000173,29,71,-42
109000174,78,54,24
109000175,58,115,-57
109000176,283,235,48
109000177,28,135,-107
109000178,586,339,247
109000179,4342,4370,-28
109000180,4412,2972,1440
109000181,17,37,-20
109000182,31,39,-8
109000183,51,30,21
109000184,56,19,37
109000185,10,51,-41
109000188,455,1694,-1239
109000189,2092,966,1126
109000190,520,392,128
109000191,327,398,-71
109000192,303,188,115
109000193,161,297,-136
109000194,287,88,199
109000195,143,315,-172
109000196,265,126,139
109000197,142,350,-208
109000198,313,44,269
109000199,150,486,-336
109000206,181,28,153
109000207,91,37,54
109000208,69,54,15
109000209,144,156,-12
109000210,223,510,-287
109000211,531,449,82
109000214,513,418,95
109000215,163,88,75
109000216,204,274,-70
109000217,190,93,97
109000218,329,226,103
109000221,507,1063,-556
109000222,993,294,699
109000223,306,290,16
109000224,78,173,-95
109000225,67,31,36
109000226,60,183,-123
109000227,769,813,-44
109000228,3,1235,-1232
109000231,3,248,-245
109000232,353,312,41
109000236,256,793,-537
109000241,2078,2006,72
109000242,2032,1439,593
109000293,20,72,-52
109000361,152,272,-120
109000364,141,477,-336
109000396,5,482,-477
109000397,501,7,494
109000399,149,413,-264
109000400,92,242,-150
109000403,135,817,-682
109000406,470,7,463
109000407,267,243,24
109000408,1,449,-448
109000410,948,303,645
109000411,224,43,181
109900001,88,0,88
109900002,829,22,807
109900003,230,0,230
109900004,1027,101,926
109900005,44,9,35
109900006,368,199,169
109900007,633,454,179
109900008,0,40,-40
109900009,83,412,-329
109900010,443,25,418
109900011,85,39,46
109900012,211,203,8
109900013,309,162,147
109900014,426,37,389
109900015,422,192,230
109900016,176,19,157
109900017,158,297,-139
109900018,267,84,183
109900019,300,69,231
109900020,28,51,-23
109900021,38,16,22
109900022,163,218,-55
109900023,20,7,13
109900024,23,6,17
109900025,37,53,-16
109900026,4,153,-149
109900027,54,91,-37
109900028,1349,948,401
109900029,1,268,-267
109900030,46,14,32
109900031,0,97,-97
109900032,10,347,-337
109900033,3,407,-404
109900034,38,7,31
109900035,11,23,-12
109900036,10,61,-51
109900037,13,463,-450
109900038,60,219,-159
109900039,15,1,14
109900040,19,513,-494
109900041,97,288,-191
109900042,52,373,-321
109900044,99,253,-154
109900045,329,124,205
109900046,78,106,-28
109900047,273,312,-39
109900048,0,88,-88
109900049,11,30,-19
109900050,1,128,-127
109900051,0,39,-39
109900052,85,313,-228
109900053,6,262,-256
109900054,544,193,351
109900055,42,240,-198
109900056,28,175,-147
109900057,10,154,-144
109900058,1,80,-79
109900059,508,120,388
109900060,380,107,273
109900061,39,280,-241
109900062,1,149,-148
109900063,9,363,-354
109900064,464,220,244
109900065,83,158,-75
109900066,410,797,-387
109900067,1,229,-228
109900068,66,5,61
109900069,4,47,-43
109900070,32,332,-300
109900071,3,39,-36
109900072,24,158,-134
109900073,273,381,-108
109900074,14,51,-37
109900075,30,34,-4
109900076,30,342,-312
109900077,44,58,-14
109900078,103,195,-92
109900080,101,239,-138
109900081,51,303,-252
109900082,29,295,-266
109900083,29,78,-49
109900084,73,120,-47
109900085,205,606,-401
109900086,136,360,-224
109900087,328,531,-203
109900089,630,299,331
109900090,501,860,-359
109900091,246,72,174
109900092,613,15,598
109900093,814,148,666
109900094,87,93,-6
109900095,119,195,-76
109900096,28,2,26
109900097,74,0,74
109900098,398,43,355
109900099,154,0,154
109900100,51,0,51
109900101,367,25,342
109900102,517,13,504
109900103,41,38,3
109900104,499,746,-247
109900105,550,42,508
109900106,277,58,219
109900107,345,86,259
109900108,67,261,-194
109900109,50,139,-89
109900110,78,310,-232
109900111,280,710,-430
109900112,283,503,-220
109900113,676,458,218
109900114,1159,665,494
109900115,136,77,59
109900117,734,118,616
109900118,187,394,-207
109900119,682,384,298
109900120,75,32,43
109900121,361,431,-70
109900122,495,9,486
109900123,22,119,-97
109900124,51,507,-456
109900125,0,145,-145
109900126,340,86,254
109900128,214,50,164
109900130,5748,2077,3671
109900131,68,139,-71
109900132,24,130,-106
109900133,97,268,-171
109900134,98,91,7
109900135,389,74,315
109900136,29,120,-91
109900137,86,276,-190
109900140,204,162,42
109900142,953,270,683
109900145,5,532,-527
109900146,536,54,482
109900148,51,111,-60
109900149,50,75,-25
109900150,9,96,-87
109900151,15,53,-38
109900152,3,35,-32
109900153,3,72,-69
109900154,48,0,48
109900155,81,34,47
109900157,39,187,-148
109900158,67,145,-78
109900159,179,31,148
109900160,190,43,147
109900161,227,64,163
109900162,156,144,12
109900163,609,228,381
109900164,45,206,-161
109900165,235,6,229
109900166,1,117,-116
109900167,150,487,-337
109900168,208,550,-342
109900169,186,191,-5
109900170,222,674,-452
109900171,164,108,56
109900172,175,217,-42
109900173,2608,2061,547
109900174,37,88,-51
109900175,68,69,-1
109900176,86,122,-36
109900177,42,154,-112
109900178,27,145,-118
109900179,79,16,63
109900180,4,14,-10
110000001,964,536,428
110000002,574,857,-283
110000003,969,714,255
110000004,538,734,-196
110000005,456,1564,-1108
110000006,383,368,15
110000007,148,112,36
110000008,17,51,-34
110000009,65,15,50
110000010,44,80,-36
110000011,37,76,-39
110000012,553,367,186
110000013,57,563,-506
110000014,675,474,201
110000015,237,629,-392
110000016,237,1394,-1157
110000017,2458,259,2199
110000018,2034,358,1676
110000019,6,91,-85
110000020,382,263,119
110000021,433,388,45
110000022,610,162,448
110000023,5,120,-115
110000024,639,345,294
110000025,335,5,330
110000026,9,251,-242
110000027,1072,555,517
110000028,771,764,7
110000029,523,689,-166
110000030,244,348,-104
110000031,296,489,-193
110000032,618,460,158
110000033,400,89,311
110000034,424,650,-226
110000035,768,399,369
110000036,638,605,33
110000037,217,371,-154
110000038,218,579,-361
110000039,683,2365,-1682
110000040,272,300,-28
110000041,241,1198,-957
110000042,79,268,-189
110000043,731,258,473
110000044,121,200,-79
110000045,787,101,686
110000046,17,28,-11
110000047,68,40,28
110000048,13,44,-31
110000049,75,11,64
110000050,9,26,-17
110000051,78,14,64
110000052,46,38,8
110000053,86,10,76
110000054,249,274,-25
110000055,554,46,508
110000056,224,84,140
110000057,343,590,-247
110000058,1009,457,552
110000059,858,513,345
110000060,741,1059,-318
110000061,789,719,70
110000062,663,963,-300
110000063,33,83,-50
110000064,116,81,35
110000065,48,73,-25
110000066,61,49,12
110000067,121,178,-57
110000068,334,178,156
110000069,171,56,115
110000071,106,99,7
110000073,11,27,-16
110000075,12,82,-70
110000076,229,271,-42
110000077,309,754,-445
110000078,47,40,7
110000080,272,647,-375
110000081,72,223,-151
110000082,51,341,-290
110000083,226,562,-336
110000084,1125,796,329
110000085,2034,1607,427
110000086,1323,2028,-705
110000087,8,49,-41
110000088,62,178,-116
110000089,229,138,91
110000090,269,216,53
110000091,1055,283,772
110000092,35,63,-28
110000093,41,11,30
110000094,509,248,261
110000095,181,476,-295
110000096,1989,1914,75
110000097,1169,1114,55
110000098,1995,609,1386
110000099,683,1495,-812
110000100,764,400,364
110000101,25,296,-271
110000102,61,59,2
110000104,419,143,276
110000105,113,315,-202
110000106,689,395,294
110000107,312,320,-8
110000108,150,85,65
110000109,265,261,4
110000110,2706,4193,-1487
110000111,5053,2816,2237
110000112,1265,1228,37
110000113,397,1958,-1561
110000114,157,565,-408
110000115,311,337,-26
110000116,35,43,-8
110000117,152,273,-121
110000118,342,134,208
110000119,238,265,-27
110000120,369,164,205
110000121,79,373,-294
110000122,417,578,-161
110000123,538,652,-114
110000124,3,948,-945
110000125,1066,8,1058
110000126,309,26,283
110000127,1162,71,1091
110000128,37,1083,-1046
110000129,10,640,-630
110000130,378,211,167
110000131,101,383,-282
110000132,1,708,-707
110000133,38,489,-451
110000134,10,343,-333
110000135,167,37,130
110000136,66,271,-205
110000137,501,599,-98
110000138,753,658,95
110000139,751,1025,-274
110000140,791,658,133
110000143,589,443,146
110000144,5540,1738,3802
110000145,2138,906,1232
110000146,1705,641,1064
110000147,424,574,-150
110000148,644,246,398
110000151,977,891,86
110000152,766,416,350
110000153,77,41,36
110000154,7,34,-27
110000155,1439,4262,-2823
110000156,1182,2605,-1423
110000157,1894,1963,-69
110000160,361,241,120
110000161,174,225,-51
110000166,509,107,402
110000167,777,540,237
110000168,1007,425,582
110000169,802,340,462
110000170,116,87,29
110000171,584,139,445
110000172,163,772,-609
110000173,1012,1166,-154
110000174,142,828,-686
110000175,548,61,487
110000176,234,287,-53
110000177,143,728,-585
110000178,382,1194,-812
110000179,1153,352,801
110000180,229,210,19
110000181,317,433,-116
110000182,336,120,216
110000183,7616,5463,2153
110000184,322,1794,-1472
110000185,901,735,166
110000186,752,652,100
110000191,965,351,614
110000192,522,9,513
110000193,1012,12,1000
110000194,13,1107,-1094
110000195,450,360,90
110000196,298,307,-9
110000197,80,168,-88
110000198,113,67,46
110000199,110,129,-19
110000200,1394,468,926
110000201,921,885,36
110000202,1202,654,548
110000203,892,821,71
110000204,6,222,-216
110000205,95,82,13
110000206,663,1230,-567
110000207,933,408,525
110000208,187,173,14
110000209,143,830,-687
110000210,998,542,456
110000211,735,698,37
110000212,360,917,-557
110000213,154,77,77
110000214,231,95,136
110000215,212,308,-96
110000216,120,299,-179
110000217,228,151,77
110000218,216,267,-51
110000219,255,80,175
110000220,66,242,-176
110000221,327,81,246
110000222,78,188,-110
110000223,5,143,-138
110000224,85,6,79
110000225,227,618,-391
110000226,240,101,139
110000227,619,621,-2
110000228,302,194,108
110000229,3,245,-242
110000230,507,591,-84
110000231,211,230,-19
110000232,235,198,37
110000233,266,290,-24
110000234,584,582,2
110000235,958,1067,-109
110000236,529,658,-129
110000237,1874,1191,683
110000238,1248,1500,-252
110000239,1851,1233,618
110000240,1,85,-84
110000242,0,11,-11
110000243,88,145,-57
110000244,157,353,-196
110000245,49,323,-274
110000246,806,497,309
110000247,1156,4201,-3045
110000248,1697,1227,470
110000249,74,18,56
110000250,43,180,-137
110000251,265,491,-226
110000252,243,174,69
110000253,1221,599,622
110000254,622,1083,-461
110000255,221,841,-620
110000256,401,265,136
110000257,628,413,215
110000258,5,281,-276
110000259,100,12,88
110000260,19,217,-198
110000263,449,128,321
110000264,331,420,-89
110000265,1054,1987,-933
110000266,2068,2854,-786
110000267,32,149,-117
110000268,327,457,-130
110000269,5,50,-45
110000270,39,2,37
110000271,1279,255,1024
110000272,1277,965,312
110000273,3412,1528,1884
110000274,181,1137,-956
110000275,1595,506,1089
110000276,390,290,100
110000277,319,360,-41
110000278,358,576,-218
110000279,795,716,79
110000280,478,362,116
110000281,55,299,-244
110000282,364,31,333
110000283,58,119,-61
110000284,77,98,-21
110000285,3,533,-530
110000286,25,3,22
110000287,68,3,65
110000288,8,90,-82
110000289,456,1503,-1047
110000290,895,585,310
110000291,3901,1252,2649
110000292,1358,3978,-2620
110000293,631,713,-82
110000294,993,975,18
110000295,121,742,-621
110000296,385,288,97
110000297,2198,367,1831
110000298,220,607,-387
110000299,289,76,213
110000301,324,13,311
110000302,493,911,-418
110000303,456,2,454
110000304,232,239,-7
110000305,1070,21,1049
110000306,148,983,-835
110000307,1598,9,1589
110000308,526,14,512
110000309,2,640,-638
110000310,710,48,662
110000311,24,509,-485
110000312,391,103,288
110000313,2284,2963,-679
110000314,3,215,-212
110000315,3404,2674,730
110000316,471,1286,-815
110000317,430,327,103
110000318,7,74,-67
110000319,30,20,10
110000320,69,57,12
110000321,19,45,-26
110000322,288,313,-25
110000323,402,151,251
110000324,2847,1618,1229
110000325,2575,2318,257
110000327,451,298,153
110000328,164,339,-175
110000333,781,515,266
110000334,847,1375,-528
110000335,808,453,355
110000336,772,930,-158
110000337,1286,497,789
110000338,500,201,299
110000339,273,155,118
110000340,163,152,11
110000341,403,464,-61
110000342,515,3,512
110000343,0,27,-27
110000344,527,151,376
110000345,465,105,360
110000346,2725,1898,827
110000347,1146,797,349
110000348,29,24,5
110000349,14,12,2
110000350,51,6,45
110000351,942,740,202
110000352,708,1332,-624
110000353,2349,635,1714
110000354,961,2533,-1572
110000355,77,84,-7
110000356,535,10,525
110000357,341,21,320
110000361,9,45,-36
110000362,66,8,58
110000363,370,124,246
110000364,169,343,-174
110000365,197,1,196
110000366,1,73,-72
110000367,330,168,162
110000368,0,43,-43
110000369,83,2,81
110000373,4,314,-310
110000374,175,13,162
110000375,169,809,-640
110000376,42,102,-60
110000377,109,495,-386
110000378,23,330,-307
110000379,2649,1469,1180
110000380,80,8,72
110000383,0,974,-974
110000384,2247,815,1432
110000385,0,145,-145
110000387,81,14,67
110000388,27,210,-183
110000389,810,10,800
110000391,595,290,305
110000396,164,128,36
110000397,142,157,-15
110000398,8,45,-37
110000399,154,1,153
110000587,134,36,98
110000589,217,163,54
110000640,169,41,128
110000652,20,145,-125
110000653,317,419,-102
110000654,175,251,-76
110000656,2,666,-664
110000674,23,18,5
110000675,21,10,11
110000676,5,25,-20
110000679,402,1200,-798
110000682,114,184,-70
110000683,304,600,-296
110000684,0,46,-46
110000685,10,14,-4
110000686,0,25,-25
110000687,27,2,25
110000688,109,798,-689
110000689,58,27,31
110000692,46,111,-65
110000693,56,219,-163
110000694,0,147,-147
110000695,192,502,-310
110000696,70,95,-25
110900001,305,24,281
110900002,780,152,628
110900003,605,502,103
110900004,352,156,196
110900005,2247,1736,511
110900006,44,9,35
110900007,101,21,80
110900008,10,50,-40
110900009,404,99,305
110900010,9,76,-67
110900011,14,68,-54
110900012,8,84,-76
110900013,763,151,612
110900014,266,15,251
110900015,419,543,-124
110900016,38,131,-93
110900017,417,46,371
110900018,413,63,350
110900019,155,14,141
110900020,66,224,-158
110900021,71,479,-408
110900022,111,276,-165
110900023,61,354,-293
110900024,21,368,-347
110900025,18,46,-28
110900027,42,217,-175
110900028,39,113,-74
110900029,16,284,-268
110900030,39,222,-183
110900031,0,117,-117
110900032,0,69,-69
110900033,51,164,-113
110900035,13,483,-470
110900036,63,20,43
110900037,50,16,34
110900038,788,242,546
110900039,13,215,-202
110900040,175,24,151
110900041,4,86,-82
110900042,126,50,76
110900043,4,94,-90
110900044,229,12,217
110900045,57,357,-300
110900046,42,209,-167
110900047,510,238,272
110900049,77,64,13
110900050,13,5,8
110900051,41,229,-188
110900052,0,136,-136
110900053,105,40,65
110900054,83,142,-59
110900055,23,1,22
110900056,49,117,-68
110900057,2,123,-121
110900058,222,173,49
110900059,607,460,147
110900060,433,117,316
110900061,34,44,-10
110900062,135,248,-113
110900063,41,166,-125
110900064,16,0,16
110900065,390,143,247
110900066,9,70,-61
110900067,312,581,-269
110900068,209,249,-40
110900069,7,26,-19
110900070,110,85,25
110900071,321,436,-115
110900073,1,26,-25
110900074,289,73,216
110900075,332,97,235
110900077,726,592,134
110900078,23,42,-19
110900079,2380,1303,1077
110900080,111,79,32
110900081,3,37,-34
110900082,120,96,24
110900083,134,63,71
110900084,32,75,-43
110900085,47,242,-195
110900086,91,344,-253
110900087,286,66,220
110900088,12,1,11
110900090,40,50,-10
110900091,1,67,-66
110900093,192,120,72
110900095,42,50,-8
110900097,4,12,-8
110900098,26,72,-46
110900099,41,323,-282
110900100,1,23,-22
110900102,58,22,36
110900105,445,219,226
110900108,8,86,-78
110900111,392,199,193
110900112,844,10,834
110900113,517,34,483
110900115,6,57,-51
110900116,691,1492,-801
110900118,107,2395,-2288
110900119,3146,326,2820
110900120,5,64,-59
110900121,144,5,139
110900122,424,160,264
110900125,345,368,-23
110900127,587,1246,-659
110900128,458,438,20
110900129,445,829,-384
110900130,1077,651,426
110900131,181,38,143
110900132,219,43,176
110900133,93,173,-80
110900135,54,251,-197
110900136,283,18,265
110900139,0,0,0
110900140,0,0,0
110900141,309,133,176
110900142,51,148,-97
110900143,141,73,68
110900144,4,660,-656
110900145,138,42,96
110900146,376,144,232
110900147,160,256,-96
110900148,10,298,-288
110900149,0,63,-63
110900150,39,26,13
110900151,5,65,-60
110900152,41,173,-132
110900153,114,58,56
111000001,520,516,4
111000002,924,683,241
111000003,965,655,310
111000004,482,941,-459
111000005,1183,1067,116
111000006,894,1542,-648
111000007,3717,2654,1063
111000008,2038,3071,-1033
111000009,424,888,-464
111000010,875,261,614
111000011,450,999,-549
111000012,815,394,421
111000013,398,982,-584
111000014,1707,561,1146
111000017,136,989,-853
111000018,262,423,-161
111000020,888,2614,-1726
111000021,63,100,-37
111000023,97,59,38
111000025,3859,3372,487
111000029,114,99,15
111000030,59,127,-68
111000031,2005,1180,825
111000032,600,381,219
111000033,288,342,-54
111000034,202,197,5
111000037,1613,1232,381
111000038,3797,2741,1056
111000039,2402,2352,50
111000040,1980,2488,-508
111000041,1909,1914,-5
111000042,2955,2591,364
111000043,1779,2683,-904
111000044,1791,1181,610
111000045,2168,2419,-251
111000046,1529,1969,-440
111000047,2232,3412,-1180
111000049,540,417,123
111000050,1386,1423,-37
111000051,448,1058,-610
111000052,611,1572,-961
111000053,413,888,-475
111000054,319,797,-478
111000055,1283,1623,-340
111000056,160,495,-335
111000057,103,526,-423
111000058,395,90,305
111000059,479,303,176
111000060,3318,1082,2236
111000061,465,335,130
111000062,682,323,359
111000063,1978,807,1171
111000064,555,591,-36
111000065,993,878,115
111000066,423,449,-26
111000067,579,620,-41
111000068,608,1079,-471
111000069,1843,2119,-276
111000070,1292,1058,234
111000071,271,690,-419
111000072,1000,468,532
111000073,350,797,-447
111000074,1552,1629,-77
111000075,1136,651,485
111000076,464,526,-62
111000077,1861,1924,-63
111000078,3086,1594,1492
111000079,1428,777,651
111000080,504,706,-202
111000081,1651,3529,-1878
111000082,595,686,-91
111000084,710,532,178
111000085,924,1250,-326
111000086,2387,1049,1338
111000087,734,690,44
111000088,4419,2082,2337
111000089,750,803,-53
111000090,943,1469,-526
111000091,730,505,225
111000092,1268,870,398
111000093,661,1057,-396
111000094,1810,1101,709
111000095,571,2191,-1620
111000096,1880,7234,-5354
111000097,4726,1693,3033
111000098,912,1250,-338
111000099,650,1876,-1226
111000100,361,1597,-1236
111000101,427,749,-322
111000102,222,520,-298
111000104,497,210,287
111000107,94,562,-468
111000109,531,252,279
111000110,1304,645,659
111000111,2179,569,1610
111000112,1683,667,1016
111000113,996,1501,-505
111000114,2365,3396,-1031
111000115,5573,1341,4232
111000116,932,971,-39
111000117,501,915,-414
111000118,1518,929,589
111000119,976,1042,-66
111000120,356,558,-202
111000121,240,685,-445
111000122,690,1171,-481
111000123,1030,2618,-1588
111000124,481,2402,-1921
111000125,221,1427,-1206
111000126,145,905,-760
111000127,900,194,706
111000128,1490,363,1127
111000129,2260,490,1770
111000130,1784,664,1120
111000131,1365,565,800
111000132,1188,774,414
111000133,220,173,47
111000134,160,128,32
111000135,51,169,-118
111000136,309,329,-20
111000138,15,5,10
111000140,3,18,-15
111000141,241,347,-106
111000142,37,157,-120
111000143,5,174,-169
111000144,35,464,-429
111000145,2500,23,2477
111000146,152,17,135
111000147,394,85,309
111000148,170,74,96
111000149,4,40,-36
111000150,49,6,43
111000151,3,33,-30
111000153,645,697,-52
111000154,792,193,599
111000155,103,178,-75
111000156,403,614,-211
111000157,273,1071,-798
111000158,801,727,74
111000159,2336,715,1621
111000160,474,368,106
111000161,16,250,-234
111000162,114,167,-53
111000163,864,912,-48
111000164,774,3842,-3068
111000165,1121,515,606
111000166,2349,410,1939
111000167,214,465,-251
111000168,187,411,-224
111000169,310,680,-370
111000170,528,477,51
111000171,532,648,-116
111000172,178,475,-297
111000173,403,849,-446
111000174,206,304,-98
111000175,49,231,-182
111000176,345,169,176
111000177,342,237,105
111000178,1154,308,846
111000179,156,170,-14
111000180,247,524,-277
111000181,872,238,634
111000182,178,209,-31
111000183,411,327,84
111000184,366,256,110
111000185,380,426,-46
111000186,404,283,121
111000187,117,206,-89
111000188,213,411,-198
111000189,1075,567,508
111000190,227,339,-112
111000191,187,371,-184
111000192,238,560,-322
111000193,311,293,18
111000194,100,323,-223
111000195,167,307,-140
111000196,77,214,-137
111000197,361,156,205
111000198,589,111,478
111000199,206,136,70
111000200,303,302,1
111000201,540,237,303
111000202,210,181,29
111000203,291,271,20
111000204,486,971,-485
111000213,222,454,-232
111000214,1620,1433,187
111000215,1034,1478,-444
111000217,1358,944,414
111000218,1216,1131,85
111000219,445,226,219
111000220,1612,588,1024
111000221,804,107,697
111000224,71,360,-289
111000225,332,309,23
111000226,129,0,129
111000227,44,8,36
111000228,31,247,-216
111000229,36,698,-662
111000230,261,356,-95
111000231,1123,771,352
111000232,490,846,-356
111000233,839,744,95
111000234,135,386,-251
111000239,161,154,7
111000240,48,158,-110
111000241,47,308,-261
111000242,210,65,145
111000243,121,591,-470
111000244,448,111,337
111000245,1215,484,731
111000246,511,425,86
111000247,289,884,-595
111000248,667,501,166
111000249,449,661,-212
111000250,39,56,-17
111000251,63,87,-24
111000253,13,8,5
111000255,27,3,24
111000257,44,22,22
111000260,45,1018,-973
111000261,1220,82,1138
111000271,56,306,-250
111000273,3164,1456,1708
111000274,1110,1890,-780
111000275,169,62,107
111000276,250,1726,-1476
111000277,159,367,-208
111000278,616,254,362
111000291,675,4627,-3952
111000298,502,220,282
111000299,561,119,442
111000300,84,522,-438
111000302,239,74,165
111000303,66,209,-143
111000312,48,55,-7
111000315,19,161,-142
111000320,339,599,-260
111000321,341,125,216
111000322,346,487,-141
111000323,212,21,191
111000324,333,287,46
111000325,60,71,-11
111000326,213,355,-142
111000327,363,368,-5
111000328,227,503,-276
111000329,3,48,-45
111000330,42,7,35
111000331,28,9,19
111000332,465,1451,-986
111000334,391,1215,-824
111000335,1032,245,787
111000337,1162,455,707
111000338,58,129,-71
111000339,653,363,290
111000340,224,460,-236
111000341,1235,770,465
111000342,319,1083,-764
111000344,1087,738,349
111000345,390,98,292
111000346,29,153,-124
111000347,148,29,119
111000350,207,92,115
111000351,191,281,-90
111000352,203,106,97
111000353,97,213,-116
111000354,556,111,445
111000355,460,486,-26
111000358,169,1029,-860
111000360,217,520,-303
111000361,129,246,-117
111000546,528,534,-6
111000547,418,432,-14
111000548,102,298,-196
111000549,312,290,22
111000550,142,770,-628
111000551,747,202,545
111000552,2610,219,2391
111000907,464,81,383
111000908,26,1,25
111000916,1582,360,1222
111000917,59,486,-427
111000918,227,704,-477
111000920,503,28,475
111000921,15,192,-177
111000922,391,298,93
111000924,62,618,-556
111000925,2210,1976,234
111000926,1000,1508,-508
111000927,2896,4449,-1553
111000928,3992,3796,196
111000929,1506,1186,320
111000930,866,2528,-1662
111000931,1944,2796,-852
111000932,4052,2525,1527
111000933,3640,2225,1415
111000934,2045,3739,-1694
111000935,1228,971,257
111000936,1128,2139,-1011
111000937,885,1446,-561
111000938,1499,1604,-105
111000939,467,75,392
111000940,394,161,233
111000941,325,406,-81
111000943,312,261,51
111000944,153,365,-212
111000945,104,1280,-1176
111001109,434,334,100
111001110,133,487,-354
111001111,93,18,75
111001112,163,12,151
111001113,5,210,-205
111001114,800,137,663
111001115,88,393,-305
111001116,4694,3838,856
111001117,621,3074,-2453
111001120,102,233,-131
111001121,223,232,-9
111001122,234,466,-232
111001123,232,117,115
111001124,84,212,-128
111001125,0,96,-96
111001126,18,93,-75
111900001,3,168,-165
111900002,4,631,-627
111900003,0,259,-259
111900004,60,104,-44
111900006,6,27,-21
111900007,58,4,54
111900008,146,2,144
111900009,98,7,91
111900010,428,511,-83
111900012,74,109,-35
111900013,31,67,-36
111900014,4945,3167,1778
111900015,0,51,-51
111900016,0,100,-100
111900017,0,100,-100
111900018,207,0,207
111900019,3,117,-114
111900020,5,50,-45
111900021,46,135,-89
111900022,5,61,-56
111900023,104,101,3
111900024,42,82,-40
111900025,0,34,-34
111900026,1,105,-104
111900027,3,137,-134
111900028,0,311,-311
111900029,5,105,-100
111900030,41,349,-308
111900031,12,15,-3
111900032,4,343,-339
111900033,4,105,-101
111900034,310,449,-139
111900035,48,159,-111
111900036,0,246,-246
111900038,270,512,-242
111900039,39,360,-321
111900040,8,449,-441
111900042,17,141,-124
111900043,1,266,-265
111900044,331,162,169
111900046,49,123,-74
111900048,181,688,-507
111900049,42,226,-184
111900050,98,36,62
111900051,2,220,-218
111900052,448,427,21
111900053,1114,1167,-53
111900054,122,4,118
111900055,23,360,-337
111900056,221,252,-31
111900057,95,63,32
111900058,398,568,-170
111900059,1505,536,969
111900060,326,1,325
111900061,14,194,-180
111900062,11,49,-38
111900063,467,253,214
111900064,164,235,-71
111900065,72,18,54
111900066,124,119,5
111900067,1,309,-308
111900068,58,32,26
111900069,51,23,28
111900070,108,118,-10
111900071,1,259,-258
111900072,43,12,31
111900073,714,156,558
111900074,17,163,-146
111900075,64,8,56
111900076,126,72,54
111900077,23,2,21
111900078,218,21,197
111900079,30,31,-1
111900080,231,251,-20
111900082,89,34,55
111900083,124,9,115
111900084,93,6,87
111900085,33,138,-105
111900086,30,3,27
111900087,76,3,73
111900088,441,10,431
111900089,88,4,84
111900090,72,26,46
111900091,245,2,243
111900092,85,0,85
111900093,312,3,309
111900094,128,1,127
111900095,179,18,161
111900096,141,14,127
111900097,70,1,69
111900098,154,1,153
111900099,63,0,63
111900100,84,3,81
111900101,73,28,45
111900102,369,427,-58
111900103,95,84,11
111900104,132,72,60
111900105,305,151,154
111900106,763,45,718
111900110,1447,380,1067
111900111,191,147,44
111900112,457,1977,-1520
111900113,263,94,169
111900118,311,103,208
111900119,281,143,138
111900122,153,91,62
111900123,18,35,-17
111900124,17,103,-86
111900125,363,34,329
111900126,245,3,242
111900127,5,590,-585
111900128,7,392,-385
111900129,258,6,252
111900130,221,26,195
111900131,459,2,457
111900132,25,813,-788
111900133,5,300,-295
111900134,7,218,-211
111900135,9,23,-14
111900136,83,140,-57
111900137,88,83,5
111900138,9,95,-86
111900139,21,151,-130
111900140,99,30,69
111900141,114,12,102
111900142,103,53,50
111900143,56,185,-129
111900144,1,50,-49
111900145,0,361,-361
111900146,4,226,-222
111900147,140,346,-206
111900148,23,554,-531
111900149,3,247,-244
111900150,29,128,-99
111900151,3,31,-28
111900152,64,100,-36
111900153,1448,469,979
111900154,17,180,-163
111900155,47,71,-24
111900156,40,42,-2
111900157,79,33,46
111900158,454,55,399
111900159,248,21,227
111900160,225,1,224
111900161,166,5,161
111900162,58,144,-86
111900163,43,193,-150
111900164,103,56,47
111901113,370,173,197
111901114,163,232,-69
111901115,65,4,61
111901116,49,1,48
111901117,49,27,22
111901118,74,162,-88
111901119,708,61,647
111901121,218,167,51
111901122,4,478,-474
111901123,141,347,-206
111901124,141,2,139
111901125,293,205,88
111901127,429,314,115
111901128,9,61,-52
111901129,11,93,-82
111901130,5,147,-142
111901131,9,156,-147
111901132,58,17,41
111901133,22,1,21
111901134,36,5,31
111901135,13,6,7
111901136,1,19,-18
111901138,283,33,250
111901139,11,31,-20
111901140,12,63,-51
111901141,6,95,-89
111901142,3,91,-88
111901143,1,74,-73
111901144,29,59,-30
111901145,157,303,-146
111901146,501,39,462
111901147,458,107,351
111901148,18,60,-42
111901149,8,4,4
112000001,1600,693,907
112000002,662,2092,-1430
112000003,1107,935,172
112000004,639,904,-265
112000005,2858,3216,-358
112000006,2197,1853,344
112000007,2568,1833,735
112000008,2290,3495,-1205
112000009,3189,2931,258
112000010,2448,2939,-491
112000011,1631,1509,122
112000012,3601,3331,270
112000013,4302,2626,1676
112000014,2831,1542,1289
112000015,3882,2735,1147
112000016,3905,1115,2790
112000017,1849,1906,-57
112000024,2446,1161,1285
112000026,3636,4386,-750
112000027,886,569,317
112000028,1396,1540,-144
112000029,381,627,-246
112000030,184,96,88
112000031,1196,4081,-2885
112000032,449,62,387
112000033,1661,1429,232
112000034,304,60,244
112000035,120,329,-209
112000036,830,688,142
112000037,889,586,303
112000038,1175,818,357
112000039,57,78,-21
112000040,121,250,-129
112000041,584,440,144
112000042,1148,378,770
112000050,1073,1294,-221
112000051,917,1182,-265
112000054,1662,1923,-261
112000057,442,347,95
112000058,340,545,-205
112000059,441,714,-273
112000061,2888,1958,930
112000062,1340,548,792
112000063,1014,1153,-139
112000064,3831,4993,-1162
112000065,1804,2162,-358
112000066,3376,1334,2042
112000067,880,817,63
112000068,2974,2458,516
112000069,778,1734,-956
112000070,2027,806,1221
112000071,900,2424,-1524
112000072,2070,845,1225
112000073,1448,2083,-635
112000074,1332,1032,300
112000075,1388,1137,251
112000076,3249,2411,838
112000077,662,521,141
112000078,1561,626,935
112000079,1314,1236,78
112000080,704,765,-61
112000081,1467,2289,-822
112000082,1256,873,383
112000083,616,1180,-564
112000084,1055,864,191
112000085,1007,906,101
112000086,1500,1315,185
112000087,399,388,11
112000088,764,624,140
112000089,332,306,26
112000090,298,307,-9
112000091,632,1020,-388
112000092,1874,1248,626
112000093,1601,934,667
112000094,641,934,-293
112000095,610,907,-297
112000096,580,695,-115
112000097,961,640,321
112000098,1029,934,95
112000099,579,1442,-863
112000100,1613,779,834
112000101,575,924,-349
112000102,1068,561,507
112000103,297,1027,-730
112000105,555,1486,-931
112000106,1570,536,1034
112000107,98,185,-87
112000108,218,1485,-1267
112000109,148,103,45
112000110,1870,657,1213
112000111,1047,2846,-1799
112000112,3287,647,2640
112000113,736,1619,-883
112000114,2269,846,1423
112000115,346,475,-129
112000116,519,1059,-540
112000117,961,763,198
112000118,1046,952,94
112000119,427,837,-410
112000120,85,344,-259
112000121,109,453,-344
112000122,301,180,121
112000123,723,212,511
112000124,348,85,263
112000125,229,228,1
112000126,203,479,-276
112000127,2051,1815,236
112000128,988,563,425
112000129,96,108,-12
112000130,219,85,134
112000131,33,303,-270
112000132,115,265,-150
112000133,342,175,167
112000134,361,344,17
112000135,1258,666,592
112000136,1005,1099,-94
112000137,1480,1389,91
112000138,1495,1200,295
112000139,906,633,273
112000140,1106,1036,70
112000141,627,384,243
112000142,206,517,-311
112000143,1072,229,843
112000144,325,1148,-823
112000145,2338,612,1726
112000146,582,1877,-1295
112000147,2512,1862,650
112000148,1864,2169,-305
112000149,415,583,-168
112000150,240,591,-351
112000151,342,373,-31
112000152,291,421,-130
112000153,205,276,-71
112000154,124,194,-70
112000155,150,98,52
112000157,798,566,232
112000158,294,434,-140
112000159,386,392,-6
112000167,296,79,217
112000169,297,434,-137
112000173,588,195,393
112000175,398,323,75
112000176,2938,2066,872
112000177,540,145,395
112000178,68,301,-233
112000179,188,121,67
112000180,220,407,-187
112000181,1374,1787,-413
112000182,1090,1546,-456
112000183,39,69,-30
112000184,405,339,66
112000185,459,507,-48
112000187,3531,2273,1258
112000195,114,24,90
112000196,272,6,266
112000197,185,160,25
112000198,67,223,-156
112000199,1069,822,247
112000202,424,1,423
112000216,85,283,-198
112000230,61,9,52
112000231,6,209,-203
112000256,64,225,-161
112000313,52,117,-65
112000314,35,45,-10
112000337,279,528,-249
112000352,295,330,-35
112000392,997,1088,-91
112000398,1168,878,290
112000399,1376,1645,-269
112000400,1577,3011,-1434
112000401,3162,2379,783
112000402,2482,2783,-301
112000403,1730,2519,-789
112000404,736,786,-50
112000405,1794,2825,-1031
112000406,3470,2593,877
112000407,6650,8104,-1454
112000408,7913,7096,817
112000409,1790,4824,-3034
112000410,434,257,177
112000411,3728,1470,2258
112000412,1637,579,1058
112000413,7899,4846,3053
112000414,53,73,-20
112000415,135,43,92
112000416,2412,1537,875
112000417,236,72,164
112000421,67,85,-18
112000422,407,302,105
112000424,1916,2212,-296
112000425,461,813,-352
112000426,114,310,-196
112000427,0,14,-14
112000428,252,296,-44
112000429,2352,2323,29
112000430,2493,2560,-67
112000431,82,124,-42
112000432,653,1074,-421
112000433,317,651,-334
112000437,51,230,-179
112900001,71,1,70
112900002,392,945,-553
112900003,67,384,-317
112900004,34,257,-223
112900005,213,223,-10
112900006,9,327,-318
112900007,31,212,-181
112900008,3,36,-33
112900009,359,113,246
112900010,430,831,-401
112900011,144,240,-96
112900012,0,68,-68
112900013,2,112,-110
112900014,5,261,-256
112900015,370,651,-281
112900016,3,256,-253
112900017,44,197,-153
112900018,1,265,-264
112900019,35,150,-115
112900020,329,922,-593
112900021,8,244,-236
112900022,15,75,-60
112900023,0,185,-185
112900024,21,231,-210
112900025,88,225,-137
112900026,7,230,-223
112900027,8,1034,-1026
112900028,30,122,-92
112900029,14,553,-539
112900030,153,180,-27
112900031,6,496,-490
112900032,173,231,-58
112900034,0,42,-42
112900035,4,381,-377
112900036,24,114,-90
112900037,152,183,-31
112900038,502,138,364
112900039,13,256,-243
112900040,8,326,-318
112900041,665,943,-278
112900042,43,280,-237
112900043,38,33,5
112900044,526,465,61
112900045,346,320,26
112900046,243,69,174
112900047,13,29,-16
112900049,195,55,140
112900050,41,447,-406
112900051,278,556,-278
112900052,17,809,-792
112900053,305,129,176
112900054,223,45,178
112900055,102,44,58
112900056,370,251,119
112900057,47,580,-533
112900058,337,346,-9
112900059,117,127,-10
112900060,23,151,-128
112900061,106,92,14
112900062,109,106,3
112900063,190,12,178
112900064,161,208,-47
112900065,49,22,27
112900066,208,123,85
112900067,371,165,206
112900068,53,38,15
112900069,1583,725,858
112900071,38,8,30
112900072,173,1624,-1451
112900073,250,88,162
112900074,75,244,-169
112900075,1162,900,262
112900076,107,27,80
112900078,302,403,-101
112900079,280,24,256
112900080,81,6,75
112900081,42,150,-108
112900082,582,33,549
112900083,117,107,10
112900084,278,101,177
112900086,63,0,63
112900087,619,104,515
112900088,119,5,114
112900089,708,33,675
112900090,43,21,22
112900091,217,19,198
112900092,129,234,-105
112900093,1322,22,1300
112900095,52,2,50
112900096,444,185,259
112900097,85,272,-187
112900098,73,2,71
112900099,754,13,741
112900100,99,1,98
112900101,268,5,263
112900102,122,5,117
112900103,221,7,214
112900104,117,5,112
112900105,22,0,22
112900106,354,125,229
112900107,5,1,4
112900108,46,3,43
112900109,129,0,129
112900110,1070,8,1062
112900111,714,10,704
112900112,253,1,252
112900113,0,4,-4
112900114,138,31,107
112900115,1256,1,1255
112900116,169,25,144
112900117,91,79,12
112900118,35,56,-21
112900119,138,3,135
112900120,791,270,521
112900121,94,202,-108
112900122,18,98,-80
112900123,130,17,113
112900124,8,103,-95
112900125,65,367,-302
112900126,186,246,-60
112900127,312,116,196
112900128,271,745,-474
112900129,0,748,-748
112900130,260,64,196
112900131,69,284,-215
112900132,144,388,-244
112900133,40,1079,-1039
112900134,0,244,-244
112900135,84,32,52
112900137,1,522,-521
112900138,5,262,-257
112900139,205,1001,-796
112900141,620,46,574
112900142,107,134,-27
112900143,37,403,-366
112900144,0,236,-236
112900145,40,543,-503
112900146,9,1070,-1061
112900147,1,1687,-1686
112900148,53,2,51
112900149,302,527,-225
112900151,25,71,-46
112900152,3509,920,2589
112900153,2025,2097,-72
112900154,1,141,-140
112900155,239,32,207
112900156,234,1048,-814
112900157,445,106,339
112900158,58,13,45
112900159,203,116,87
112900160,81,264,-183
112900161,105,51,54
112900162,28,27,1
112900163,121,50,71
112900164,38,174,-136
112900165,192,34,158
112900166,27,64,-37
112900167,4,53,-49
112900168,13,2,11
112900169,11,6,5
112900170,78,84,-6
112900172,66,21,45
112900173,189,96,93
112900174,251,54,197
112900175,161,161,0
112900176,13,36,-23
112900177,227,47,180
112900178,792,2090,-1298
112900179,51,392,-341
112900180,1658,1474,184
112900181,473,4,469
112900182,43,1063,-1020
112900183,152,257,-105
112900184,368,375,-7
112900185,249,630,-381
112900186,1269,841,428
112900187,68,540,-472
112900188,675,273,402
112900189,6,21,-15
112900190,6,48,-42
112900192,479,564,-85
112900193,1189,305,884
112900194,54,69,-15
112900195,731,43,688
112900196,198,231,-33
112900197,222,350,-128
112900199,601,486,115
112900200,465,249,216
112900201,133,124,9
112900202,353,777,-424
112900203,213,212,1
112900204,978,574,404
112900205,19,26,-7
112900206,49,99,-50
112900207,18,1,17
112900208,93,288,-195
112900209,533,344,189
112900210,1,37,-36
112900211,82,56,26
112900212,7,114,-107
112900213,100,46,54
112900214,32,18,14
112900215,6,162,-156
112900216,25,69,-44
112900217,0,70,-70
112900218,42,32,10
112900219,66,5,61
112900220,4,0,4
112900221,49,100,-51
112900222,0,24,-24
112900223,880,31,849
112900224,218,409,-191
112900225,400,316,84
112900226,174,311,-137
112900227,608,1075,-467
112900228,48,30,18
112900229,196,61,135
112900230,5737,3399,2338
112900232,205,271,-66
112900233,83,140,-57
112900234,6,107,-101
112900235,140,37,103
112900236,229,17,212
112900237,193,271,-78
112900238,2,43,-41
112900239,745,343,402
112900240,4,80,-76
112900241,9,90,-81
112900242,4,120,-116
112900243,1,104,-103
112900244,3,65,-62
112900245,8,30,-22
112900246,0,11,-11
112900247,79,25,54
112900248,7,0,7
112900249,26,6,20
112900250,30,20,10
112900251,64,21,43
112900252,38,22,16
112900253,36,10,26
112900254,12,0,12
112900255,0,20,-20
112900256,6,33,-27
112900257,17,47,-30
112900258,16,13,3
113000001,5590,4438,1152
113000002,3461,3381,80
113000003,1843,1559,284
113000004,1850,2273,-423
113000005,1661,905,756
113000006,1123,1273,-150
113000007,2174,1163,1011
113000008,1708,1720,-12
113000009,970,765,205
113000010,1101,1269,-168
113000011,590,1474,-884
113000012,1717,695,1022
113000013,1568,840,728
113000014,1568,1548,20
113000015,449,180,269
113000016,347,848,-501
113000017,43,326,-283
113000018,372,50,322
113000019,122,309,-187
113000020,503,60,443
113000021,1192,538,654
113000022,671,985,-314
113000025,163,438,-275
113000026,368,404,-36
113000027,557,460,97
113000028,816,434,382
113000029,748,679,69
113000030,427,677,-250
113000031,342,434,-92
113000032,296,313,-17
113000033,247,391,-144
113000034,411,378,33
113000035,31,36,-5
113000036,27,41,-14
113000037,59,40,19
113000038,10,80,-70
113000039,82,378,-296
113000040,83,119,-36
113000042,665,519,146
113000051,870,2313,-1443
113000052,1891,834,1057
113000053,434,380,54
113000054,316,747,-431
113000055,1065,719,346
113000056,818,935,-117
113000058,763,798,-35
113000059,1022,656,366
113000060,224,519,-295
113000061,469,732,-263
113000062,813,222,591
113000063,159,90,69
113000064,36,232,-196
113000065,140,757,-617
113000066,613,99,514
113000067,1917,1351,566
113000068,388,1305,-917
113000069,616,1005,-389
113000070,2231,1110,1121
113000071,385,559,-174
113000072,797,486,311
113000073,375,1240,-865
113000074,945,379,566
113000075,1790,698,1092
113000076,644,1763,-1119
113000077,1114,615,499
113000078,706,2009,-1303
113000079,639,781,-142
113000080,718,694,24
113000081,733,819,-86
113000082,1129,714,415
113000083,581,899,-318
113000084,1519,1195,324
113000085,816,708,108
113000086,1118,1223,-105
113000087,873,958,-85
113000088,2252,1311,941
113000089,919,1482,-563
113000090,279,517,-238
113000091,488,370,118
113000094,970,180,790
113000095,191,731,-540
113000096,120,657,-537
113000097,913,415,498
113000098,130,30,100
113000099,805,321,484
113000100,137,342,-205
113000101,378,545,-167
113000102,494,405,89
113000103,2064,539,1525
113000104,439,2044,-1605
113000105,666,426,240
113000106,359,474,-115
113000107,790,825,-35
113000108,607,1112,-505
113000109,558,1574,-1016
113000110,1288,402,886
113000111,191,460,-269
113000112,339,380,-41
113000113,1268,417,851
113000114,334,1140,-806
113000116,566,315,251
113000117,699,138,561
113000118,116,416,-300
113000119,383,264,119
113000120,79,237,-158
113000121,449,700,-251
113000124,210,129,81
113000125,52,618,-566
113000127,2379,317,2062
113000128,433,521,-88
113000129,474,633,-159
113000133,1837,1394,443
113000134,7,939,-932
113000135,3660,4072,-412
113000137,1773,2937,-1164
113000139,297,178,119
113000140,146,266,-120
113000141,153,200,-47
113000142,462,828,-366
113000143,206,207,-1
113000144,311,654,-343
113000145,72,155,-83
113000146,181,92,89
113000147,186,126,60
113000148,140,120,20
113000149,90,115,-25
113000150,467,355,112
113000151,73,72,1
113000152,26,94,-68
113000153,1298,510,788
113000154,819,1422,-603
113000155,331,509,-178
113000156,134,421,-287
113000157,346,963,-617
113000158,738,326,412
113000159,845,800,45
113000160,741,1055,-314
113000161,275,406,-131
113000162,704,446,258
113000163,79,76,3
113000164,21,80,-59
113000166,150,124,26
113000167,68,140,-72
113000168,80,153,-73
113000169,172,70,102
113000170,89,110,-21
113000171,48,106,-58
113000172,278,84,194
113000173,61,21,40
113000174,115,584,-469
113000175,403,120,283
113000176,428,145,283
113000177,175,543,-368
113000178,230,319,-89
113000179,310,247,63
113000180,554,969,-415
113000181,1196,858,338
113000182,181,333,-152
113000183,136,559,-423
113000184,7,136,-129
113000189,436,760,-324
113000190,950,623,327
113000192,1611,1625,-14
113000193,3656,1337,2319
113000194,1642,1046,596
113000195,2225,852,1373
113000196,250,65,185
113000197,1390,883,507
113000198,74,293,-219
113000199,1056,256,800
113000201,246,213,33
113000202,2699,1030,1669
113000203,257,77,180
113000204,1392,1611,-219
113000205,23,34,-11
113000206,10,36,-26
113000207,84,28,56
113000208,45,39,6
113000209,28,27,1
113000210,9,35,-26
113000211,211,265,-54
113000212,138,33,105
113000213,58,138,-80
113000214,176,224,-48
113000234,193,768,-575
113000410,214,253,-39
113000411,2610,4302,-1692
113000412,6748,2531,4217
113000413,2585,2818,-233
113000414,6227,11234,-5007
113000415,2116,2899,-783
113000416,8263,4241,4022
113000417,2213,2807,-594
113000418,4320,2914,1406
113000419,1463,1683,-220
113000420,3990,5028,-1038
113000421,3892,5830,-1938
113000422,10671,9831,840
113000423,2075,4684,-2609
113000424,3177,8421,-5244
113000425,9,83,-74
113000428,118,69,49
113000430,14,225,-211
113000432,1939,189,1750
113000433,110,612,-502
113000434,25,121,-96
113000435,31,460,-429
113000436,39,935,-896
113000437,941,29,912
113000438,209,16,193
113000439,17,101,-84
113000440,133,24,109
113000441,189,195,-6
113000442,140,185,-45
113000443,247,149,98
113000444,144,136,8
113000445,152,116,36
113000446,45,75,-30
113000448,161,138,23
113000449,162,703,-541
113000450,334,1646,-1312
113000451,998,173,825
113000452,343,386,-43
113000453,87,317,-230
113000454,631,102,529
113000455,79,235,-156
113000456,3356,2412,944
113000468,1550,157,1393
113000469,75,57,18
113000470,403,19,384
113000471,15,412,-397
113000472,109,303,-194
113000474,618,580,38
113000475,1413,1664,-251
113000476,1148,1696,-548
113000477,3009,2114,895
113000478,4004,5340,-1336
113000479,64,185,-121
113000484,0,1,-1
113000485,0,0,0
113000486,1,0,1
113000487,0,0,0
113000488,0,1,-1
113000489,0,8,-8
113000490,0,10,-10
113000491,8,4,4
113000492,2,2,0
113000493,2,0,2
113000495,164,152,12
113000496,169,111,58
113000499,0,0,0
113900001,0,88,-88
113900002,0,55,-55
113900003,4,59,-55
113900004,1,38,-37
113900005,2,40,-38
113900006,1,10,-9
113900007,55,19,36
113900008,20,0,20
113900009,153,4,149
113900010,107,1,106
113900011,70,2,68
113900012,35,4,31
113900013,240,1,239
113900014,606,3,603
113900015,0,57,-57
113900016,46,0,46
113900017,4,49,-45
113900018,371,203,168
113900019,157,37,120
113900020,133,1,132
113900022,12,0,12
113900023,26,0,26
113900024,55,36,19
113900025,230,15,215
113900026,40,0,40
113900027,1,44,-43
113900028,38,390,-352
113900029,77,194,-117
113900030,194,1,193
113900031,1,0,1
113900032,15,1,14
113900033,71,51,20
113900035,55,1,54
113900036,21,66,-45
113900037,153,445,-292
113900038,71,96,-25
113900039,94,20,74
113900040,7,8,-1
113900041,5,5,0
113900042,70,39,31
113900043,131,123,8
113900044,409,246,163
113900045,66,1,65
113900046,207,533,-326
113900047,27,69,-42
113900048,216,99,117
113900049,492,255,237
113900050,203,306,-103
113900051,255,374,-119
113900052,122,160,-38
113900053,609,495,114
113900054,16,3,13
113900055,103,283,-180
113900056,32,140,-108
113900057,6,61,-55
113900058,63,120,-57
113900059,209,310,-101
113900060,124,184,-60
113900061,846,228,618
113900062,68,27,41
113900063,45,112,-67
113900064,25,99,-74
113900065,329,17,312
113900066,361,272,89
113900067,112,156,-44
113900068,407,338,69
113900069,73,25,48
113900070,180,388,-208
113900071,51,62,-11
113900072,53,128,-75
113900073,205,357,-152
113900074,76,267,-191
113900075,1201,978,223
113900076,137,13,124
113900077,38,125,-87
113900078,32,31,1
113900079,2,20,-18
113900080,407,190,217
113900081,39,153,-114
113900082,113,182,-69
113900083,226,388,-162
113900084,238,98,140
113900085,42,283,-241
113900086,28,17,11
113900087,57,119,-62
113900088,70,110,-40
113900089,423,49,374
113900090,511,401,110
113900091,17,17,0
113900092,36,102,-66
113900093,120,653,-533
113900094,401,348,53
113900095,112,104,8
113900096,186,65,121
113900097,24,57,-33
113900098,500,68,432
113900099,2,37,-35
113900100,0,0,0
113900101,20,50,-30
113900102,131,155,-24
113900103,326,306,20
113900104,108,164,-56
113900105,110,209,-99
113900106,0,46,-46
113900107,2,25,-23
113900108,261,252,9
113900109,405,176,229
113900110,38,15,23
113900111,206,127,79
113900112,96,55,41
113900113,661,414,247
113900114,0,62,-62
113900115,1,79,-78
113900116,111,107,4
113900117,84,33,51
113900118,198,207,-9
113900119,225,415,-190
113900120,46,38,8
113900121,65,109,-44
113900122,278,1561,-1283
113900123,421,298,123
113900124,0,72,-72
113900125,735,140,595
113900126,141,55,86
113900127,276,675,-399
113900128,180,56,124
113900129,10,116,-106
113900130,3,17,-14
113900131,226,89,137
113900132,56,60,-4
113900133,18,74,-56
113900135,281,365,-84
113900136,106,106,0
113900137,348,272,76
113900138,70,172,-102
113900139,279,165,114
113900140,230,318,-88
113900141,491,254,237
113900142,196,116,80
113900143,11,35,-24
113900144,150,181,-31
113900145,327,137,190
113900146,125,43,82
113900148,137,271,-134
113900149,150,85,65
113900150,534,432,102
113900151,364,156,208
113900152,16,60,-44
113900153,275,453,-178
113900154,1,102,-101
113900155,198,172,26
113900156,294,331,-37
113900157,30,268,-238
113900158,259,347,-88
113900159,17,231,-214
113900160,462,436,26
113900161,50,224,-174
113900162,380,602,-222
113900163,218,289,-71
113900164,211,74,137
113900165,625,412,213
113900166,142,124,18
113900167,238,41,197
113900168,113,95,18
113900169,196,335,-139
113900171,191,73,118
113900172,10,164,-154
113900173,55,505,-450
113900174,432,482,-50
113900175,287,152,135
113900176,303,469,-166
113900177,302,168,134
113900178,240,112,128
113900179,24,425,-401
113900180,152,90,62
113900181,433,91,342
113900182,693,925,-232
113900183,31,90,-59
113900184,10,522,-512
113900185,232,94,138
113900186,53,30,23
113900187,42,150,-108
113900188,52,145,-93
113900189,254,103,151
113900190,244,108,136
113900191,84,206,-122
113900192,6,354,-348
113900193,19,211,-192
113900194,1431,1008,423
113900195,245,365,-120
113900196,2,124,-122
113900197,5,139,-134
113900198,21,161,-140
113900199,152,594,-442
113900200,18,199,-181
113900201,0,146,-146
113900202,33,262,-229
113900203,0,103,-103
113900204,65,401,-336
113900205,14,123,-109
113900206,4,142,-138
113900207,1,52,-51
113900208,0,52,-52
113900209,1,75,-74
113900210,574,698,-124
113900211,140,62,78
113900212,131,359,-228
113900214,404,317,87
113900215,98,108,-10
113900216,68,673,-605
113900217,69,262,-193
113900218,200,54,146
113900219,90,338,-248
113900220,167,83,84
113900221,471,197,274
113900222,256,469,-213
113900223,126,745,-619
113900224,82,82,0
113900225,457,212,245
113900226,337,108,229
113900227,409,217,192
113900228,294,407,-113
113900229,70,639,-569
113900230,3595,2996,599
113900231,174,151,23
113900232,143,109,34
113900233,60,64,-4
113900234,244,371,-127
113900235,81,32,49
113900236,149,354,-205
113900237,145,7,138
113900238,236,515,-279
113900239,57,75,-18
113900240,4,143,-139
113900241,95,42,53
113900242,33,145,-112
113900243,110,435,-325
113900244,301,169,132
113900245,1219,254,965
113900246,8,25,-17
113900247,190,433,-243
113900248,2213,1463,750
113900249,734,362,372
113900250,28,155,-127
113900251,587,146,441
113900252,432,22,410
113900253,630,51,579
113900254,769,141,628
113900255,348,29,319
113900256,298,24,274
113900257,37,562,-525
113900258,20,348,-328
113900259,490,130,360
113900260,197,12,185
113900261,24,91,-67
113900262,147,441,-294
113900263,199,624,-425
113900264,7,399,-392
113900265,170,206,-36
113900266,30,171,-141
113900267,80,437,-357
113900268,275,390,-115
113900269,87,127,-40
113900270,370,642,-272
113900271,669,988,-319
113900273,40,31,9
113900274,67,49,18
113900275,32,45,-13
113900276,2,111,-109
113900277,76,2,74
113900278,314,141,173
113900279,75,101,-26
113900280,1465,464,1001
113900281,626,1219,-593
113900282,668,558,110
113900283,358,534,-176
113900284,694,245,449
113900285,167,55,112
113900286,15,94,-79
113900287,42,77,-35
113900288,3,160,-157
113900289,772,79,693
113900290,329,179,150
113900291,111,173,-62
113900292,17,3,14
113900293,3,224,-221
113900294,358,21,337
113900295,308,335,-27
113900296,1778,439,1339
113900297,2150,31,2119
113900298,18,1562,-1544
113900299,56,130,-74
113900300,3827,2546,1281
113900301,510,239,271
113900302,2365,999,1366
113900303,450,346,104
113900304,0,109,-109
113900305,89,0,89
113900306,49,0,49
113900307,23,0,23
113900308,81,87,-6
113900309,4,906,-902
113900310,2,11,-9
113900311,8,0,8
113900312,169,240,-71
113900313,19,9,10
114000001,1033,2546,-1513
114000002,249,302,-53
114000003,35,216,-181
114000004,314,334,-20
114000005,245,210,35
114000006,2374,1935,439
114000007,688,995,-307
114000008,1211,1530,-319
114000009,588,226,362
114000011,2549,2487,62
114000012,2290,1683,607
114000013,1370,1400,-30
114000014,424,285,139
114000015,1780,342,1438
114000016,240,333,-93
114000017,54,257,-203
114000018,226,47,179
114000026,1533,1188,345
114000027,2715,1843,872
114000028,2279,2416,-137
114000038,290,134,156
114000039,89,32,57
114000040,93,180,-87
114000042,157,145,12
114000043,55,95,-40
114000044,161,44,117
114000045,52,64,-12
114000046,3451,4201,-750
114000047,8,68,-60
114000048,42,39,3
114000049,1289,1402,-113
114000050,1329,1889,-560
114000051,2590,1602,988
114000052,4398,1256,3142
114000053,77,480,-403
114000054,268,716,-448
114000055,293,29,264
114000056,1088,892,196
114000057,4846,2029,2817
114000058,596,1341,-745
114000059,245,292,-47
114000060,653,734,-81
114000061,2939,2757,182
114000062,2256,1336,920
114000063,2883,1638,1245
114000064,5735,3310,2425
114000065,1738,2193,-455
114000066,420,593,-173
114000067,26,597,-571
114000068,531,599,-68
114000069,786,582,204
114000070,2284,1815,469
114000071,547,470,77
114000072,314,237,77
114000073,29,56,-27
114000074,39,14,25
114000075,53,66,-13
114000076,11,112,-101
114000077,10,42,-32
114000078,320,482,-162
114000079,125,30,95
114000080,49,79,-30
114000081,60,57,3
114000082,38,408,-370
114000083,92,239,-147
114000084,275,106,169
114000085,98,534,-436
114000086,195,385,-190
114000087,107,157,-50
114000088,37,36,1
114000089,759,310,449
114000090,826,855,-29
114000091,1174,853,321
114000092,903,537,366
114000093,1240,831,409
114000094,327,346,-19
114000095,222,147,75
114000096,140,403,-263
114000097,119,561,-442
114000098,542,94,448
114000099,612,527,85
114000100,1219,713,506
114000101,483,727,-244
114000102,538,325,213
114000103,190,353,-163
114000104,36,181,-145
114000105,120,65,55
114000106,721,855,-134
114000107,274,171,103
114000108,1462,1167,295
114000109,452,996,-544
114000110,539,1646,-1107
114000111,1548,800,748
114000112,597,2188,-1591
114000113,1323,515,808
114000114,1539,1488,51
114000115,2174,1072,1102
114000116,555,1220,-665
114000117,2330,446,1884
114000118,2002,430,1572
114000119,1364,427,937
114000120,578,812,-234
114000121,409,689,-280
114000122,469,293,176
114000123,1761,385,1376
114000124,794,292,502
114000125,841,1261,-420
114000126,1996,195,1801
114000127,220,175,45
114000128,835,359,476
114000130,545,569,-24
114000131,264,104,160
114000132,499,532,-33
114000133,859,1228,-369
114000134,83,106,-23
114000138,43,210,-167
114000139,388,283,105
114000144,734,468,266
114000145,89,167,-78
114000146,119,187,-68
114000147,1353,1777,-424
114000148,2213,1880,333
114000149,332,299,33
114000150,575,638,-63
114000151,692,1210,-518
114000152,117,47,70
114000153,651,1858,-1207
114000154,745,650,95
114000155,1495,2117,-622
114000156,793,500,293
114000157,324,971,-647
114000158,1458,781,677
114000159,223,374,-151
114000160,136,460,-324
114000161,1225,2784,-1559
114000162,1036,2078,-1042
114000163,4,106,-102
114000165,572,337,235
114000166,896,496,400
114000167,2855,1510,1345
114000168,828,737,91
114000169,1355,1118,237
114000170,1098,1150,-52
114000171,959,2725,-1766
114000174,198,501,-303
114000176,612,455,157
114000177,1915,970,945
114000178,67,67,0
114000179,1260,827,433
114000180,512,837,-325
114000181,1632,3305,-1673
114000182,2704,2263,441
114000183,1008,938,70
114000184,3673,1176,2497
114000185,970,850,120
114000189,708,115,593
114000190,2455,321,2134
114000191,45,69,-24
114000192,254,1382,-1128
114000193,705,2801,-2096
114000194,1108,991,117
114000195,143,45,98
114000196,1,233,-232
114000197,979,91,888
114000198,765,399,366
114000199,1892,1711,181
114000200,659,1467,-808
114000201,145,744,-599
114000202,1113,593,520
114000203,512,681,-169
114000204,243,466,-223
114000205,173,1417,-1244
114000206,561,1223,-662
114000207,544,1621,-1077
114000208,421,2362,-1941
114000209,577,2076,-1499
114000210,286,1277,-991
114000211,911,1550,-639
114000212,638,821,-183
114000213,1264,492,772
114000214,116,182,-66
114000215,236,83,153
114000216,1512,309,1203
114000217,341,197,144
114000218,111,236,-125
114000219,1081,190,891
114000220,26,801,-775
114000221,671,134,537
114000222,192,961,-769
114000223,462,111,351
114000224,69,517,-448
114000225,220,635,-415
114000226,167,222,-55
114000227,778,520,258
114000228,746,847,-101
114000229,926,1198,-272
114000230,1572,1243,329
114000231,705,1224,-519
114000232,544,123,421
114000233,1780,139,1641
114000234,1160,960,200
114000235,939,1462,-523
114000236,2,419,-417
114000237,114,864,-750
114000238,154,162,-8
114000239,205,1051,-846
114000240,776,748,28
114000241,284,1069,-785
114000242,904,906,-2
114000243,1321,768,553
114000244,736,408,328
114000245,371,629,-258
114000246,156,45,111
114000247,789,754,35
114000248,990,514,476
114000249,430,483,-53
114000250,508,772,-264
114000251,373,241,132
114000252,77,42,35
114000253,51,105,-54
114000254,27,66,-39
114000255,459,180,279
114000256,1727,1928,-201
114000257,324,1274,-950
114000258,271,397,-126
114000259,107,223,-116
114000260,0,25,-25
114000261,37,27,10
114000262,139,100,39
114000263,16,0,16
114000264,866,367,499
114000265,0,0,0
114000267,2,1419,-1417
114000268,2,1217,-1215
114000270,165,3,162
114000271,330,69,261
114000283,970,387,583
114000285,25,196,-171
114000288,99,293,-194
114000289,1022,148,874
114000293,146,404,-258
114000294,219,223,-4
114000395,1404,48,1356
114000396,581,464,117
114000402,450,302,148
114000403,253,348,-95
114000405,118,382,-264
114000423,353,372,-19
114000424,379,153,226
114000425,752,284,468
114000426,386,852,-466
114000427,54,70,-16
114000428,278,178,100
114000429,7,222,-215
114000432,88,93,-5
114000434,26,85,-59
114000435,3,181,-178
114900001,573,807,-234
114900002,659,75,584
114900003,554,1155,-601
114900004,209,439,-230
114900005,523,738,-215
114900006,94,73,21
114900007,218,15,203
114900008,134,115,19
114900010,1462,1650,-188
114900011,178,136,42
114900013,232,195,37
114900015,75,492,-417
114900018,654,15,639
114900020,167,62,105
114900022,42,589,-547
114900024,242,144,98
114900025,354,174,180
114900026,80,121,-41
114900027,211,220,-9
114900029,143,28,115
114900030,317,205,112
114900031,408,38,370
114900032,370,30,340
114900033,775,646,129
114900034,58,173,-115
114900035,120,307,-187
114900036,215,563,-348
114900037,106,181,-75
114900038,166,512,-346
114900039,435,418,17
114900040,90,101,-11
114900041,615,475,140
114900042,727,639,88
114900043,490,230,260
114900044,146,25,121
114900046,29,88,-59
114900047,265,1586,-1321
114900048,157,342,-185
114900049,85,204,-119
114900050,62,336,-274
114900051,30,327,-297
114900052,79,255,-176
114900053,136,281,-145
114900054,42,148,-106
114900057,212,13,199
114900058,0,91,-91
114900059,57,69,-12
114900060,1180,770,410
114900061,137,177,-40
114900062,313,353,-40
114900063,68,166,-98
114900064,1160,483,677
114900065,341,688,-347
114900067,58,384,-326
114900068,86,246,-160
114900069,187,101,86
114900070,462,404,58
114900072,6,318,-312
114900073,0,168,-168
114900074,623,600,23
114900075,329,5,324
114900076,6,300,-294
114900080,1625,408,1217
114900082,3144,1904,1240
114900083,1213,1132,81
114900090,282,240,42
114900091,128,176,-48
114900095,299,148,151
114900096,357,593,-236
114900097,178,4,174
114900098,6,199,-193
114900099,193,9,184
115000001,5877,4127,1750
115000002,3388,3712,-324
115000003,4745,3327,1418
115000004,3441,5431,-1990
115000005,1577,2173,-596
115000006,845,1432,-587
115000007,147,155,-8
115000008,451,547,-96
115000009,149,226,-77
115000010,272,172,100
115000013,81,175,-94
115000015,125,334,-209
115000016,72,232,-160
115000019,45,464,-419
115000020,142,645,-503
115000021,340,517,-177
115000022,544,403,141
115000023,375,538,-163
115000024,1096,541,555
115000025,772,686,86
115000026,136,398,-262
115000027,257,292,-35
115000028,212,873,-661
115000029,500,103,397
115000030,696,1257,-561
115000031,1339,246,1093
115000032,12,262,-250
115000033,225,47,178
115000034,83,978,-895
115000035,1115,67,1048
115000036,2,356,-354
115000037,632,10,622
115000038,66,165,-99
115000039,3283,3022,261
115000040,5796,2963,2833
115000041,1183,3040,-1857
115000042,887,623,264
115000043,3778,2111,1667
115000044,4016,3867,149
115000045,2462,1845,617
115000046,1883,2303,-420
115000047,2022,1437,585
115000048,1533,2436,-903
115000049,1735,3435,-1700
115000050,2832,1771,1061
115000051,1627,2388,-761
115000052,2334,1907,427
115000053,1519,1536,-17
115000054,813,1336,-523
115000055,158,570,-412
115000056,309,559,-250
115000057,644,1095,-451
115000058,548,256,292
115000059,242,177,65
115000061,311,115,196
115000062,174,221,-47
115000063,271,302,-31
115000064,244,94,150
115000065,30,379,-349
115000067,199,21,178
115000069,82,294,-212
115000070,54,842,-788
115000071,138,25,113
115000072,8,67,-59
115000073,1131,70,1061
115000075,89,66,23
115000076,3135,2710,425
115000077,1865,2235,-370
115000078,1168,1389,-221
115000079,1133,1671,-538
115000080,2122,2191,-69
115000081,534,1002,-468
115000082,3594,3527,67
115000083,2147,2315,-168
115000084,1834,1102,732
115000085,701,926,-225
115000086,894,746,148
115000087,470,1577,-1107
115000088,1712,649,1063
115000089,1311,1202,109
115000090,474,708,-234
115000091,242,949,-707
115000092,551,291,260
115000093,412,3,409
115000094,6314,5032,1282
115000095,4329,5450,-1121
115000096,675,1399,-724
115000097,762,902,-140
115000098,1039,784,255
115000099,2311,2611,-300
115000100,939,366,573
115000101,352,1568,-1216
115000102,393,215,178
115000103,340,695,-355
115000105,57,159,-102
115000106,515,254,261
115000107,163,434,-271
115000108,3099,2470,629
115000109,3859,3576,283
115000110,1508,1375,133
115000111,727,1889,-1162
115000112,628,685,-57
115000113,597,909,-312
115000114,1663,772,891
115000116,3922,2257,1665
115000117,3766,3384,382
115000118,2516,1615,901
115000119,2507,2469,38
115000120,627,1282,-655
115000121,1803,890,913
115000122,4379,1421,2958
115000123,1358,2158,-800
115000124,1152,937,215
115000125,433,587,-154
115000126,156,317,-161
115000127,409,78,331
115000128,545,786,-241
115000129,476,319,157
115000130,401,856,-455
115000131,882,300,582
115000132,274,346,-72
115000133,606,299,307
115000134,424,254,170
115000135,348,178,170
115000136,282,319,-37
115000137,110,183,-73
115000138,343,337,6
115000139,217,230,-13
115000140,379,269,110
115000141,192,256,-64
115000142,178,253,-75
115000143,770,588,182
115000144,594,75,519
115000145,237,377,-140
115000146,340,279,61
115000147,456,475,-19
115000148,285,1081,-796
115000149,494,220,274
115000150,661,837,-176
115000151,1058,491,567
115000152,619,1000,-381
115000153,942,464,478
115000154,663,287,376
115000155,729,912,-183
115000156,973,686,287
115000157,806,696,110
115000158,543,334,209
115000159,694,518,176
115000160,441,331,110
115000161,170,449,-279
115000162,717,706,11
115000163,527,668,-141
115000164,734,613,121
115000165,387,493,-106
115000167,168,96,72
115000168,600,336,264
115000169,560,307,253
115000170,153,119,34
115000171,282,265,17
115000172,1067,658,409
115000173,366,434,-68
115000174,121,298,-177
115000175,219,115,104
115000176,206,99,107
115000177,115,139,-24
115000178,48,211,-163
115000179,49,21,28
115000180,138,567,-429
115000181,608,124,484
115000182,798,241,557
115000183,310,726,-416
115000186,726,240,486
115000187,218,759,-541
115000188,433,437,-4
115000189,227,434,-207
115000190,680,307,373
115000191,113,436,-323
115000194,129,141,-12
115000195,225,267,-42
115000196,117,107,10
115000197,203,238,-35
115000198,304,180,124
115000199,326,142,184
115000200,248,100,148
115000201,180,333,-153
115000206,451,50,401
115000207,117,307,-190
115000208,320,615,-295
115000209,746,286,460
115000210,117,158,-41
115000211,266,207,59
115000212,1466,254,1212
115000224,456,61,395
115000225,35,87,-52
115000229,169,141,28
115000230,111,351,-240
115000231,291,1732,-1441
115000232,1359,243,1116
115000233,102,194,-92
115000234,23,325,-302
115000241,81,210,-129
115000242,100,330,-230
115000243,61,247,-186
115000244,21,105,-84
115000246,38,29,9
115000247,29,12,17
115000248,31,23,8
115000249,32,23,9
115000250,228,32,196
115000251,253,114,139
115000252,141,228,-87
115000253,21,406,-385
115000258,336,187,149
115000259,309,165,144
115000261,24,27,-3
115000262,34,24,10
115000263,7,50,-43
115000264,36,36,0
115000267,60,75,-15
115000268,37,153,-116
115000269,153,61,92
115000270,4,25,-21
115000272,73,165,-92
115000273,341,35,306
115000280,1857,109,1748
115000281,458,510,-52
115000282,713,540,173
115000284,467,191,276
115000296,1206,15,1191
115000297,221,84,137
115000298,94,332,-238
115000300,176,217,-41
115000302,598,128,470
115000303,626,131,495
115000304,566,81,485
115000305,84,558,-474
115000306,146,312,-166
115000307,90,180,-90
115000308,25,26,-1
115000309,22,35,-13
115000310,916,884,32
115000311,803,1126,-323
115000313,129,596,-467
115000314,429,142,287
115000315,1038,469,569
115000316,36,133,-97
115000317,147,410,-263
115000318,718,303,415
115000319,40,362,-322
115000320,10,265,-255
115000321,317,12,305
115000322,45,219,-174
115000449,220,172,48
115000557,1,981,-980
115000558,492,93,399
115000587,488,268,220
115000588,2312,2633,-321
115000589,3120,2347,773
115000590,1018,1258,-240
115000591,1501,689,812
115000592,589,1645,-1056
115000593,1442,616,826
115000594,999,2365,-1366
115000609,178,237,-59
115000617,1793,2814,-1021
115000624,286,76,210
115000633,388,2078,-1690
115000634,2480,797,1683
115000635,562,131,431
115000638,720,828,-108
115000641,63,127,-64
115000642,333,296,37
115000643,160,503,-343
115000644,166,378,-212
115000646,940,1546,-606
115000647,187,428,-241
115000648,1688,1972,-284
115000893,3348,1611,1737
115000894,119,1194,-1075
115000895,518,912,-394
115000896,1382,366,1016
115000897,562,152,410
115000898,592,248,344
115000899,474,1164,-690
115000900,161,344,-183
115000901,80,147,-67
115000912,345,108,237
115000913,0,12,-12
115000915,49,2,47
115000916,11,1,10
115000917,0,21,-21
115000918,76,268,-192
115000919,11,11,0
115000920,69,40,29
115000921,493,101,392
115000922,1150,767,383
115000923,495,1115,-620
115000925,145,59,86
115000927,82,66,16
115000933,255,229,26
115000934,186,194,-8
115000935,86,91,-5
115000936,46,534,-488
115000937,846,162,684
115000938,214,170,44
115000939,214,216,-2
115000940,42,24,18
115000941,19,14,5
115000942,19,101,-82
115000943,20,17,3
115000944,25,14,11
115900001,89,44,45
115900002,81,90,-9
115900003,173,101,72
115900004,6,48,-42
115900005,165,8,157
115900006,125,235,-110
115900008,36,12,24
115900009,108,183,-75
115900010,269,172,97
115900011,327,235,92
115900012,141,49,92
115900013,315,118,197
115900014,102,150,-48
115900015,107,74,33
115900016,108,41,67
115900017,16,4,12
115900018,168,59,109
115900019,68,9,59
115900020,50,2,48
115900021,1217,122,1095
115900022,1526,20,1506
115900023,50,15,35
115900025,30,194,-164
115900026,777,225,552
115900027,1,213,-212
115900028,646,48,598
115900029,19,274,-255
115900030,31,36,-5
115900031,353,293,60
115900032,495,598,-103
115900033,0,45,-45
115900034,45,322,-277
115900035,22,22,0
115900036,86,585,-499
115900037,61,332,-271
115900038,40,14,26
115900039,172,208,-36
115900041,469,512,-43
115900042,27,3,24
115900043,123,75,48
115900044,217,259,-42
115900046,169,242,-73
115900047,189,120,69
115900049,139,214,-75
115900051,3,50,-47
115900052,19,175,-156
115900053,235,225,10
115900054,201,36,165
115900055,25,121,-96
115900056,203,222,-19
115900057,25,7,18
115900058,49,62,-13
115900060,85,137,-52
115900061,243,0,243
115900062,16,205,-189
115900063,99,14,85
115900064,139,318,-179
115900065,157,93,64
115900066,199,119,80
115900067,11,610,-599
115900068,2628,769,1859
115900069,60,210,-150
115900070,183,148,35
115900071,0,336,-336
115900072,63,163,-100
115900073,66,80,-14
115900074,1,260,-259
115900075,26,209,-183
115900076,4,49,-45
115900077,9,240,-231
115900078,49,82,-33
115900079,149,24,125
115900080,440,180,260
115900081,10,66,-56
115900082,116,170,-54
115900084,386,27,359
115900085,39,85,-46
115900086,1336,625,711
115900088,10,62,-52
115900089,308,715,-407
115900090,308,11,297
115900091,8,40,-32
115900092,16,198,-182
115900093,3,33,-30
115900094,0,286,-286
115900096,11,20,-9
115900097,5,308,-303
115900098,175,325,-150
115900099,91,43,48
115900100,8,450,-442
115900101,136,226,-90
115900102,49,73,-24
115900103,300,174,126
115900104,49,99,-50
115900105,167,495,-328
115900106,38,24,14
115900107,92,109,-17
115900108,78,44,34
115900109,38,306,-268
115900110,2,26,-24
115900111,2,92,-90
115900112,23,769,-746
115900113,57,32,25
115900114,1,107,-106
115900115,53,175,-122
115900116,84,723,-639
115900117,82,11,71
115900118,2,241,-239
115900119,107,127,-20
115900120,33,267,-234
115900121,166,194,-28
115900124,210,630,-420
115900125,266,50,216
115900126,550,77,473
115900127,610,64,546
115900128,10,116,-106
115900129,728,53,675
115900130,27,232,-205
115900131,319,27,292
115900132,560,15,545
115900134,268,10,258
115900135,467,1042,-575
115900137,38,6,32
115900139,32,46,-14
115900140,228,28,200
115900141,18,39,-21
115900142,9,25,-16
115900143,163,260,-97
115900144,71,186,-115
115900146,13,95,-82
115900147,254,253,1
115900148,104,5,99
115900149,62,39,23
115900150,64,33,31
115900151,19,118,-99
115900152,117,252,-135
115900153,122,197,-75
115900154,412,341,71
115900155,0,30,-30
115900156,548,702,-154
115900157,129,468,-339
115900158,17,14,3
115900159,116,246,-130
115900160,5,10,-5
115900161,66,207,-141
115900163,158,112,46
115900164,498,32,466
115900166,216,147,69
115900168,95,137,-42
115900171,110,298,-188
115900172,74,106,-32
115900173,235,136,99
115900174,217,169,48
115900175,161,204,-43
115900178,3,524,-521
115900179,224,7,217
115900180,23,107,-84
115900181,154,183,-29
115900182,397,196,201
115900183,95,35,60
115900184,1848,15,1833
115900187,14,129,-115
115900189,2,244,-242
115900190,190,1252,-1062
115900191,39,286,-247
115900192,6,97,-91
115900193,171,90,81
115900194,663,51,612
115900195,558,1807,-1249
115900198,190,292,-102
115900199,156,174,-18
115900200,388,256,132
115900201,562,365,197
115900202,1,38,-37
115900203,4,15,-11
115900204,0,17,-17
115900205,86,39,47
115900206,163,144,19
115900207,29,37,-8
115900208,155,161,-6
115900209,13,133,-120
115900210,6,124,-118
115900211,4,174,-170
115900212,110,255,-145
115900213,121,74,47
115900214,392,269,123
115900215,26,101,-75
115900216,14,102,-88
115900217,31,45,-14
115900218,4,21,-17
115900219,96,9,87
115900220,102,13,89
115900221,65,18,47
115900222,40,37,3
115900223,9,316,-307
115900224,829,831,-2
115900225,63,23,40
115900226,26,40,-14
115900227,8,31,-23
115900228,17,22,-5
115900229,3,38,-35
115900230,49,111,-62
115900231,112,3,109
115900232,60,0,60
115900233,66,11,55
115900234,49,31,18
115900235,14,27,-13
115900236,77,26,51
115900237,29,22,7
115900238,64,22,42
115900239,14,23,-9
115900240,22,45,-23
115900241,203,145,58
115900242,235,290,-55
115900243,7,14,-7
115900244,24,36,-12
115900245,46,10,36
115900246,12,11,1
115900247,48,14,34
115900248,15,4,11
115900249,5,17,-12
115900250,4,30,-26
115900251,1,14,-13
115900252,5,4,1
115900253,5,13,-8
115900254,16,30,-14
115900255,6,13,-7
115900256,13,16,-3
115900257,16,32,-16
115900258,1,3,-2
115900259,1,1,0
115900260,11,0,11
115900261,11,3,8
115900262,6,1,5
115900263,8,2,6
115900264,11,1,10
115900265,2,13,-11
115900266,8,23,-15
115900267,18,7,11
115900268,9,4,5
115900269,387,351,36
115900270,419,365,54
115900271,99,0,99
115900272,19,5,14
115900273,19,21,-2
115900274,4,2,2
115900275,0,16,-16
115900276,1,17,-16
115900277,0,73,-73
115900278,28,103,-75
115900279,34,138,-104
115900280,14,289,-275
115900281,417,209,208
115900282,10,14,-4
115900283,8,31,-23
115900284,10,6,4
116000001,11071,4644,6427
116000002,4795,8985,-4190
116000003,1620,1641,-21
116000004,2235,3109,-874
116000005,2670,3160,-490
116000006,2457,2040,417
116000007,2472,3368,-896
116000008,3284,1859,1425
116000009,1905,2864,-959
116000010,2133,1492,641
116000011,903,1920,-1017
116000012,1428,1023,405
116000013,8503,4046,4457
116000014,10844,8799,2045
116000015,304,1138,-834
116000016,5334,2878,2456
116000017,30,693,-663
116000018,783,272,511
116000019,603,287,316
116000020,559,667,-108
116000021,329,319,10
116000022,398,318,80
116000023,906,576,330
116000024,626,733,-107
116000025,758,738,20
116000026,1760,2383,-623
116000027,738,611,127
116000028,475,649,-174
116000029,668,713,-45
116000030,836,434,402
116000031,184,327,-143
116000032,388,151,237
116000033,323,526,-203
116000034,538,805,-267
116000035,355,666,-311
116000036,1781,992,789
116000037,696,496,200
116000038,452,474,-22
116000039,592,298,294
116000040,749,246,503
116000041,165,387,-222
116000042,587,283,304
116000043,78,612,-534
116000044,45,122,-77
116000045,1634,1149,485
116000046,1052,1600,-548
116000047,1472,2033,-561
116000048,1541,1722,-181
116000049,1212,2886,-1674
116000050,1410,1289,121
116000051,6285,2580,3705
116000052,5864,5017,847
116000053,1734,886,848
116000054,787,2469,-1682
116000055,618,1014,-396
116000056,925,1133,-208
116000057,2448,1588,860
116000058,2374,1869,505
116000059,2570,3714,-1144
116000060,1921,910,1011
116000061,588,832,-244
116000062,669,234,435
116000063,637,955,-318
116000066,294,555,-261
116000067,226,459,-233
116000068,224,285,-61
116000069,387,339,48
116000078,525,1048,-523
116000080,1685,1046,639
116000082,5,62,-57
116000083,1445,348,1097
116000084,2256,4200,-1944
116000085,2084,1650,434
116000086,2158,1511,647
116000087,1608,1246,362
116000088,703,1066,-363
116000089,169,106,63
116000090,117,152,-35
116000091,230,268,-38
116000093,525,321,204
116000094,683,672,11
116000095,728,391,337
116000096,635,1118,-483
116000097,800,615,185
116000098,121,4728,-4607
116000099,4847,212,4635
116000100,264,26,238
116000101,789,812,-23
116000102,320,1007,-687
116000103,434,242,192
116000104,214,1175,-961
116000105,899,172,727
116000106,536,777,-241
116000107,1954,318,1636
116000108,116,162,-46
116000111,156,48,108
116000113,132,139,-7
116000114,69,172,-103
116000115,493,388,105
116000116,288,539,-251
116000117,1322,1930,-608
116000118,1361,1299,62
116000119,2874,2038,836
116000120,2946,4047,-1101
116000121,745,534,211
116000122,1219,1735,-516
116000123,896,404,492
116000124,386,984,-598
116000125,2513,764,1749
116000126,283,1536,-1253
116000127,976,1262,-286
116000128,1455,859,596
116000129,1327,273,1054
116000130,533,418,115
116000133,835,753,82
116000134,1797,2052,-255
116000135,2205,1417,788
116000136,1098,2300,-1202
116000137,1052,628,424
116000138,811,548,263
116000139,1641,1919,-278
116000140,121,152,-31
116000141,293,685,-392
116000142,2919,2832,87
116000143,1706,1582,124
116000144,1487,2023,-536
116000145,1534,1141,393
116000146,413,244,169
116000147,185,134,51
116000148,404,472,-68
116000149,508,577,-69
116000151,593,520,73
116000153,115,358,-243
116000155,186,260,-74
116000156,403,1030,-627
116000157,57,17,40
116000158,338,317,21
116000159,14,25,-11
116000160,25,67,-42
116000161,7,72,-65
116000162,55,75,-20
116000163,31,10,21
116000164,5,20,-15
116000177,124,93,31
116000194,82,355,-273
116000195,1261,766,495
116000196,5,2,3
116000197,6,23,-17
116000198,2382,1068,1314
116000200,625,346,279
116000201,560,627,-67
116000202,7,253,-246
116000203,4,104,-100
116000204,10,81,-71
116000205,0,160,-160
116000206,5,91,-86
116000207,14,59,-45
116000233,160,424,-264
116000287,140,436,-296
116000288,282,197,85
116000292,42,113,-71
116000296,29,294,-265
116000297,145,26,119
116000304,118,51,67
116000305,34,52,-18
116000346,131,96,35
116000352,62,18,44
116000354,28,7,21
116000357,8,6,2
116000358,265,40,225
116000361,346,6,340
116000372,5248,3283,1965
116000381,87,3,84
116000388,9,65,-56
116000389,799,529,270
116000445,342,523,-181
116000446,515,583,-68
116000447,11,500,-489
116000448,492,197,295
116000563,675,651,24
116000565,61,431,-370
116000568,67,260,-193
116000579,39,114,-75
116000583,130,78,52
116000584,34,4,30
116000585,17,14,3
116000586,80,86,-6
116000587,467,658,-191
116000589,85,90,-5
116000590,73,128,-55
116000591,223,258,-35
116000592,21,106,-85
116000593,1,43,-42
116000594,470,430,40
116000595,506,148,358
116000596,78,2,76
116000597,411,90,321
116000598,22,157,-135
116000605,275,142,133
116000606,84,265,-181
116000607,4,35,-31
116000609,200,748,-548
116000611,84,499,-415
116000612,704,1724,-1020
116000613,487,390,97
116000614,401,500,-99
116000615,5,390,-385
116000616,54,82,-28
116000617,61,48,13
116000618,3,99,-96
116000619,49,79,-30
116000620,104,72,32
116000621,44,107,-63
116000622,76,151,-75
116000624,153,99,54
116000627,63,69,-6
116000628,71,498,-427
116000629,71,274,-203
116000630,425,23,402
116000631,200,34,166
116000632,709,80,629
116000633,178,207,-29
116000634,351,168,183
116000635,2953,2151,802
116000636,995,1120,-125
116000637,460,88,372
116000638,136,316,-180
116000640,16,25,-9
116000641,5,6,-1
116000644,25,543,-518
116900001,237,112,125
116900002,205,2,203
116900003,25,43,-18
116900004,45,63,-18
116900005,270,83,187
116900006,116,159,-43
116900007,108,129,-21
116900008,391,357,34
116900009,17,2,15
116900010,1,965,-964
116900011,4,36,-32
116900012,161,111,50
116900013,7,152,-145
116900014,67,191,-124
116900015,338,58,280
116900016,199,2,197
116900017,2,526,-524
116900018,35,40,-5
116900019,7,260,-253
116900020,1009,862,147
116900023,88,20,68
116900024,486,65,421
116900025,879,750,129
116900026,127,583,-456
116900027,26,48,-22
116900028,8,102,-94
116900029,0,46,-46
116900031,0,6,-6
116900032,23,287,-264
116900033,11,12,-1
116900034,13,86,-73
116900035,146,162,-16
116900036,3,93,-90
116900038,32,5,27
116900041,24,37,-13
116900042,687,274,413
116900043,17,64,-47
116900047,29,122,-93
116900049,23,312,-289
116900050,114,450,-336
116900051,102,156,-54
116900052,151,58,93
116900055,0,11,-11
116900057,5,191,-186
116900058,26,373,-347
116900059,3,153,-150
116900060,163,162,1
116900062,0,20,-20
116900064,87,584,-497
116900065,39,121,-82
116900067,98,71,27
116900068,129,157,-28
116900070,4,2,2
116900072,20,257,-237
116900073,21,114,-93
116900074,8,48,-40
116900076,12,34,-22
116900077,10,87,-77
116900078,243,98,145
116900079,44,211,-167
116900080,17,28,-11
116900081,390,1095,-705
116900082,483,805,-322
116900083,51,38,13
116900084,141,58,83
116900085,49,155,-106
116900086,36,168,-132
116900088,136,73,63
116900090,161,48,113
116900091,338,17,321
116900092,124,703,-579
116900093,1460,1733,-273
116900094,3593,3001,592
116900095,158,78,80
116900096,93,337,-244
116900097,2882,2297,585
116900098,802,314,488
116900099,792,570,222
116900100,747,22,725
116900101,307,383,-76
116900103,7,1,6
116900104,59,82,-23
116900105,186,85,101
116900106,1559,298,1261
116900107,3057,2242,815
116900110,14,1,13
116900111,477,544,-67
116900112,268,743,-475
116900113,1540,1306,234
116900116,141,489,-348
116900117,110,95,15
116900118,655,843,-188
116900120,383,78,305
116900121,123,18,105
116900122,674,685,-11
116900123,191,703,-512
116900124,234,837,-603
116900125,300,138,162
116900126,140,523,-383
116900128,0,37,-37
116900129,1,246,-245
116900130,543,2589,-2046
116900131,26,142,-116
116900132,41,180,-139
116900133,137,136,1
116900134,209,243,-34
116900136,180,151,29
116900137,260,150,110
116900138,209,154,55
116900139,142,437,-295
116900140,154,127,27
116900141,694,459,235
116900142,7,50,-43
116900143,241,374,-133
116900144,25,76,-51
116900145,91,225,-134
116900147,446,416,30
116900148,2,38,-36
116900149,55,232,-177
116900150,9,16,-7
116900151,49,18,31
116900153,108,65,43
116900154,592,610,-18
116900155,66,47,19
116900157,519,273,246
116900158,222,297,-75
116900159,102,251,-149
116900160,913,583,330
116900161,5392,4823,569
116900162,10,94,-84
116900163,157,178,-21
116900164,87,70,17
116900165,239,222,17
116900166,30,67,-37
116900167,412,72,340
116900168,362,95,267
116900169,510,395,115
116900170,234,544,-310
116900171,25,140,-115
116900172,163,250,-87
116900173,214,42,172
116900174,51,53,-2
116900175,168,161,7
116900178,25,105,-80
116900179,104,289,-185
116900180,84,49,35
116900182,346,216,130
116900183,133,159,-26
116900185,35,56,-21
116900186,68,151,-83
116900187,58,43,15
116900188,133,40,93
116900189,142,7,135
116900191,434,588,-154
116900192,210,111,99
116900194,121,1306,-1185
116900195,37,24,13
116900196,17,84,-67
116900197,111,12,99
116900198,197,156,41
116900200,76,23,53
116900201,77,12,65
116900202,113,33,80
116900203,137,3,134
116900204,59,82,-23
116900206,7,18,-11
116900207,48,27,21
116900208,12,95,-83
116900209,30,97,-67
116900210,471,250,221
116900211,151,5,146
116900212,45,48,-3
116900213,192,86,106
116900214,131,176,-45
116900215,4,17,-13
116900216,279,191,88
116900218,15,166,-151
116900219,1467,350,1117
116900220,93,185,-92
116900221,97,283,-186
116900222,351,317,34
116900223,120,276,-156
116900226,60,47,13
116900227,135,66,69
116900228,267,207,60
116900230,48,245,-197
116900231,36,334,-298
116900232,11,355,-344
116900233,172,81,91
116900234,4,7,-3
116900235,176,332,-156
116900238,1645,409,1236
116900239,32,1436,-1404
116900240,4892,2711,2181
116900241,74,119,-45
116900242,988,585,403
116900243,0,22,-22
116900245,24,32,-8
116900246,95,37,58
116900247,734,13,721
116900248,135,33,102
116900249,260,69,191
116900250,332,44,288
116900251,371,300,71
116900252,117,714,-597
116900254,35,95,-60
116900255,98,47,51
116900256,284,101,183
116900257,30,399,-369
116900258,3,226,-223
116900259,200,7,193
116900260,2,103,-101
116900261,53,5,48
116900262,182,155,27
116900263,0,8,-8
116900264,4,7,-3
116900265,26,0,26
116900266,9,25,-16
116900267,2,0,2
116900268,207,57,150
116900269,247,558,-311
116900271,1107,149,958
116900272,341,258,83
116900273,169,62,107
116900274,118,77,41
116900275,155,104,51
116900276,411,129,282
116900277,468,15,453
116900278,6,14,-8
116900279,3,19,-16
116900280,19,19,0
116900281,4981,3325,1656
116900282,30,221,-191
116900283,34,94,-60
116900284,23,229,-206
116900285,245,142,103
116900286,244,46,198
116900287,16,59,-43
116900288,60,94,-34
116900289,10,13,-3
116900290,10,19,-9
116900291,16,6,10
116900292,0,15,-15
116900293,33,40,-7
116900294,32,134,-102
116900295,111,45,66
116900296,63,52,11
116900297,12,71,-59
116900298,74,47,27
116900299,33,41,-8
116900300,3,79,-76
116900301,45,111,-66
116900302,86,57,29
116900303,266,103,163
116900304,1,187,-186
116900305,14,23,-9
116900306,197,103,94
116900307,71,1,70
116900308,4,120,-116
116900309,95,148,-53
117000001,1664,1498,166
117000002,2035,4175,-2140
117000003,6201,3045,3156
117000004,3641,4753,-1112
117000005,1919,1846,73
117000006,1259,3472,-2213
117000007,3409,1168,2241
117000008,1064,3574,-2510
117000009,4741,1954,2787
117000010,2895,4339,-1444
117000011,2132,1872,260
117000012,1232,1266,-34
117000013,1797,900,897
117000014,1133,2227,-1094
117000015,2502,1362,1140
117000016,343,78,265
117000017,335,100,235
117000018,131,501,-370
117000019,108,21,87
117000020,434,1149,-715
117000021,1896,624,1272
117000022,464,94,370
117000023,401,218,183
117000024,252,193,59
117000025,496,813,-317
117000026,2306,1047,1259
117000027,2745,4928,-2183
117000028,4844,1718,3126
117000030,570,448,122
117000031,353,269,84
117000032,1793,1049,744
117000033,1077,744,333
117000034,364,361,3
117000035,313,271,42
117000036,448,391,57
117000037,231,215,16
117000038,240,573,-333
117000039,382,272,110
117000040,184,922,-738
117000041,886,188,698
117000044,16,805,-789
117000045,473,117,356
117000046,395,709,-314
117000047,874,693,181
117000048,1971,1093,878
117000049,116,529,-413
117000050,116,1805,-1689
117000051,1899,130,1769
117000052,64,326,-262
117000053,466,51,415
117000054,1565,14,1551
117000055,89,2944,-2855
117000056,731,16,715
117000057,593,2217,-1624
117000060,581,1402,-821
117000061,1382,892,490
117000062,301,734,-433
117000063,1606,1003,603
117000064,859,941,-82
117000066,975,835,140
117000067,130,508,-378
117000074,156,197,-41
117000076,65,46,19
117000077,155,154,1
117000078,102,585,-483
117000079,340,236,104
117000080,2,311,-309
117000081,952,113,839
117000082,21,69,-48
117000083,146,9,137
117000084,194,2,192
117000085,296,633,-337
117000086,850,469,381
117000087,102,475,-373
117000088,263,177,86
117000089,1345,275,1070
117000090,291,1212,-921
117000091,719,259,460
117000092,369,1262,-893
117000093,1051,681,370
117000094,1412,3026,-1614
117000095,3576,997,2579
117000096,588,2391,-1803
117000097,1269,1200,69
117000098,2547,4413,-1866
117000099,2865,1213,1652
117000100,156,292,-136
117000101,201,1098,-897
117000102,1519,782,737
117000103,674,1582,-908
117000104,1137,604,533
117000105,884,1570,-686
117000106,975,764,211
117000107,528,1865,-1337
117000108,1330,912,418
117000109,1711,2700,-989
117000110,1255,893,362
117000111,3485,4242,-757
117000112,2778,1688,1090
117000113,117,277,-160
117000114,228,147,81
117000115,96,107,-11
117000116,148,225,-77
117000117,1477,919,558
117000118,287,115,172
117000119,326,153,173
117000120,180,409,-229
117000121,161,1170,-1009
117000122,298,644,-346
117000123,1603,37,1566
117000124,974,48,926
117000125,408,74,334
117000126,118,26,92
117000127,232,310,-78
117000128,469,755,-286
117000129,388,638,-250
117000130,129,3,126
117000131,0,128,-128
117000132,2455,17,2438
117000133,1328,59,1269
117000134,0,68,-68
117000135,8,61,-53
117000136,3,20,-17
117000137,69,130,-61
117000138,6,634,-628
117000140,424,1563,-1139
117000141,1358,571,787
117000181,480,438,42
117000182,327,395,-68
117000195,248,990,-742
117000196,233,95,138
117000225,144,21,123
117000226,13,161,-148
117000276,246,19,227
117000277,2,408,-406
117000310,1660,2242,-582
117000315,36,711,-675
117000320,94,0,94
117000906,280,17,263
117000907,10,326,-316
117000909,55,27,28
117000910,178,163,15
117000911,110,191,-81
117000915,11,518,-507
117000916,30,6,24
117000917,934,32,902
117000918,68,59,9
117000919,9,105,-96
117000920,5,1133,-1128
117000921,4,1113,-1109
117000922,44,142,-98
117000924,352,775,-423
117000926,884,91,793
117000927,2079,1051,1028
117000928,0,113,-113
117000929,178,372,-194
117000930,212,21,191
117000931,610,209,401
117900002,124,411,-287
117900003,768,400,368
117900005,8,52,-44
117900006,0,30,-30
117900007,115,88,27
117900008,0,19,-19
117900010,284,88,196
117900011,103,83,20
117900012,74,73,1
117900013,3,164,-161
117900014,536,156,380
117900015,18,127,-109
117900016,1065,713,352
117900017,454,281,173
117900018,271,107,164
117900019,345,239,106
117900020,90,429,-339
117900021,21,45,-24
117900023,687,93,594
117900024,110,58,52
117900025,81,17,64
117900026,343,221,122
117900028,49,3,46
117900029,196,558,-362
117900030,490,349,141
117900031,130,90,40
117900032,888,438,450
117900033,185,511,-326
117900034,36,57,-21
117900035,173,79,94
117900036,195,336,-141
117900037,143,84,59
117900038,31,333,-302
117900039,20,82,-62
117900040,129,367,-238
117900041,11,51,-40
117900042,3309,305,3004
117900043,48,52,-4
117900044,25,2548,-2523
117900045,216,136,80
117900048,256,333,-77
117900049,199,368,-169
117900050,7,63,-56
117900051,44,5,39
117900052,47,266,-219
117900053,1461,664,797
117900054,3,56,-53
117900055,138,164,-26
117900056,441,43,398
117900057,1233,1185,48
117900058,223,26,197
117900059,292,77,215
117900060,2114,4771,-2657
117900061,19,180,-161
117900063,275,200,75
117900065,674,1171,-497
117900066,12,71,-59
117900067,388,174,214
117900069,555,276,279
117900070,252,18,234
117900071,60,91,-31
117900073,430,323,107
117900074,173,39,134
117900075,63,90,-27
117900076,33,53,-20
117900077,387,125,262
117900078,318,725,-407
117900080,124,56,68
117900081,519,388,131
117900082,411,382,29
117900083,243,377,-134
117900086,134,30,104
117900087,169,37,132
117900088,3538,2162,1376
117900089,1968,790,1178
117900090,348,390,-42
117900091,144,213,-69
117900092,56,34,22
117900093,51,54,-3
117900094,22,14,8
117900095,231,364,-133
117900096,89,236,-147
117900097,186,68,118
117900098,25,16,9
117900099,146,204,-58
117900100,184,0,184
117900101,371,1436,-1065
117900102,51,23,28
117900103,74,5,69
117900104,28,116,-88
117900105,138,150,-12
117900106,94,42,52
117900107,45,3,42
117900109,475,368,107
117900110,121,1,120
117900111,260,9,251
117900112,33,25,8
117900113,2840,1373,1467
117900114,20,0,20
117900115,358,46,312
117900116,900,859,41
117900117,429,342,87
117900118,31,0,31
117900119,128,262,-134
117900120,184,85,99
117900121,67,14,53
117900122,1270,2854,-1584
117900123,645,408,237
117900124,709,696,13
117900125,1825,1810,15
117900126,258,545,-287
117900127,395,457,-62
117900128,387,515,-128
117900129,58,2,56
117900130,709,448,261
117900131,9,130,-121
117900132,17,116,-99
117900133,25,137,-112
117900134,41,208,-167
117900135,33,170,-137
117900136,0,56,-56
117900137,61,276,-215
117900138,0,42,-42
117900139,123,148,-25
117900140,2886,286,2600
117900141,297,177,120
117900142,144,23,121
117900144,58,127,-69
117900145,116,47,69
117900146,200,170,30
117900147,69,54,15
117900148,2481,1329,1152
117900149,136,238,-102
117900150,56,55,1
117900151,44,80,-36
117900152,101,54,47
117900153,19,93,-74
117900154,328,548,-220
117900156,940,954,-14
117900157,87,522,-435
117900158,176,104,72
117900160,602,718,-116
117900161,2652,2158,494
117900162,264,392,-128
117900163,74,97,-23
117900165,1,17,-16
117900166,114,488,-374
117900168,24,144,-120
117900169,1,89,-88
117900170,2,28,-26
117900171,2,11,-9
117900172,7,31,-24
117900173,149,75,74
117900174,27,50,-23
117900175,18,27,-9
117900176,12,39,-27
117900177,6,41,-35
117900178,99,38,61
117900180,217,37,180
117900181,91,256,-165
117900182,3,33,-30
117900183,41,134,-93
117900184,25,71,-46
117900185,46,47,-1
117900186,61,9,52
117900187,4,8,-4
117900188,149,52,97
117900189,51,26,25
117900190,20,3,17
117900191,102,0,102
117900192,210,2,208
117900193,11,58,-47
117900194,7,6,1
117900195,12,50,-38
117900196,14,44,-30
117900207,145,129,16
117900208,34,36,-2
117900209,185,178,7
117900210,123,195,-72
117900211,11,184,-173
117900212,112,138,-26
117900213,23,9,14
117900214,1,26,-25
117900215,13,34,-21
117900216,67,23,44
117900217,112,379,-267
117900218,190,164,26
117900219,8,111,-103
117900220,105,88,17
117900222,220,309,-89
117900223,136,307,-171
118000001,793,1047,-254
118000002,1040,1879,-839
118000003,2362,3238,-876
118000004,4229,2744,1485
118000005,5175,5370,-195
118000006,6406,9785,-3379
118000007,5155,3315,1840
118000008,5518,3713,1805
118000009,1962,2551,-589
118000010,4928,3998,930
118000011,1284,1908,-624
118000012,1108,1830,-722
118000013,2532,2465,67
118000014,2052,2371,-319
118000016,189,425,-236
118000017,460,391,69
118000018,361,504,-143
118000019,2454,1468,986
118000020,1551,3072,-1521
118000021,820,2991,-2171
118000022,1897,840,1057
118000023,938,310,628
118000024,1618,1049,569
118000027,14380,11725,2655
118000029,1046,696,350
118000032,1275,3668,-2393
118000033,3201,5067,-1866
118000034,5549,2430,3119
118000035,1746,2536,-790
118000036,1028,1046,-18
118000037,761,788,-27
118000038,166,84,82
118000039,140,204,-64
118000040,1439,1221,218
118000041,1910,1199,711
118000045,554,151,403
118000046,1584,500,1084
118000047,956,683,273
118000048,3671,1614,2057
118000051,1953,1100,853
118000052,1209,500,709
118000053,506,563,-57
118000054,1710,1835,-125
118000055,1476,2074,-598
118000056,365,371,-6
118000057,283,436,-153
118000058,3604,1176,2428
118000059,1869,860,1009
118000060,971,511,460
118000061,1274,1163,111
118000062,654,346,308
118000063,316,496,-180
118000064,725,1108,-383
118000065,3880,1593,2287
118000066,678,1379,-701
118000067,1260,819,441
118000068,1822,3828,-2006
118000069,2898,974,1924
118000070,5224,1651,3573
118000071,3120,5804,-2684
118000072,1835,1134,701
118000073,2523,620,1903
118000074,492,770,-278
118000075,852,295,557
118000076,1490,2014,-524
118000077,1488,1258,230
118000078,1556,1937,-381
118000079,251,365,-114
118000080,1181,1035,146
118000081,1889,1130,759
118000082,303,1142,-839
118000083,1518,1561,-43
118000084,3127,1435,1692
118000086,346,607,-261
118000087,4608,2607,2001
118000088,1829,1573,256
118000089,3138,2026,1112
118000090,1577,2559,-982
118000091,953,2009,-1056
118000092,1044,494,550
118000093,140,647,-507
118000096,511,587,-76
118000097,737,643,94
118000098,267,180,87
118000099,453,683,-230
118000101,969,406,563
118000102,356,1306,-950
118000107,1618,533,1085
118000108,666,1639,-973
118000110,0,25,-25
118000111,0,282,-282
118000112,462,2,460
118000113,7,540,-533
118000114,302,7,295
118000115,18,8,10
118000116,26,1,25
118000117,1206,783,423
118000118,886,817,69
118000119,880,1088,-208
118000120,1432,1211,221
118000121,158,690,-532
118000122,1261,317,944
118000123,58,253,-195
118000125,1751,861,890
118000126,767,1379,-612
118000127,1492,610,882
118000128,703,1139,-436
118000129,1053,527,526
118000130,2188,2965,-777
118000131,955,1032,-77
118000132,2259,1751,508
118000133,1007,472,535
118000135,504,417,87
118000136,105,495,-390
118000137,511,89,422
118000138,373,456,-83
118000139,340,114,226
118000140,2305,3487,-1182
118000141,1796,1838,-42
118000142,1607,1441,166
118000143,1838,1059,779
118000144,1017,875,142
118000145,1489,1875,-386
118000146,1153,874,279
118000147,804,1589,-785
118000148,511,1153,-642
118000149,843,911,-68
118000150,369,331,38
118000151,387,393,-6
118000153,1072,1110,-38
118000154,1287,1423,-136
118000155,1152,1358,-206
118000156,1789,2169,-380
118000157,508,391,117
118000158,185,454,-269
118000159,14,86,-72
118000160,449,389,60
118000161,356,721,-365
118000162,1455,745,710
118000163,762,733,29
118000164,1701,1175,526
118000168,1024,453,571
118000169,1101,1149,-48
118000170,4086,4914,-828
118000171,370,593,-223
118000172,107,332,-225
118000173,925,963,-38
118000175,237,289,-52
118000176,217,377,-160
118000177,227,481,-254
118000178,37,41,-4
118000179,1209,1036,173
118000180,903,708,195
118000181,702,286,416
118000182,262,222,40
118000183,219,231,-12
118000184,875,703,172
118000185,1034,979,55
118000186,809,1080,-271
118000187,1073,789,284
118000188,512,159,353
118000189,487,674,-187
118000190,8,23,-15
118000191,31,21,10
118000192,373,603,-230
118000193,227,422,-195
118000194,1234,939,295
118000195,1006,853,153
118000196,375,185,190
118000197,367,142,225
118000198,534,591,-57
118000199,489,374,115
118000200,47,164,-117
118000201,366,355,11
118000202,38,54,-16
118000203,1378,509,869
118000204,179,318,-139
118000205,189,296,-107
118000206,213,171,42
118000207,0,44,-44
118000208,1167,1500,-333
118000209,1749,1770,-21
118000210,93,59,34
118000211,27,41,-14
118000213,824,1031,-207
118000214,618,483,135
118000215,306,208,98
118000216,1444,2432,-988
118000217,28,117,-89
118000218,84,141,-57
118000219,506,333,173
118000220,1,60,-59
118000221,140,257,-117
118000222,78,12,66
118000223,46,45,1
118000224,126,87,39
118000225,117,607,-490
118000226,892,156,736
118000227,746,351,395
118000228,137,177,-40
118000229,181,60,121
118000230,169,193,-24
118000231,52,220,-168
118000232,724,786,-62
118000233,1006,716,290
118000234,410,188,222
118000236,352,287,65
118000237,105,296,-191
118000238,225,165,60
118000239,206,220,-14
118000240,386,120,266
118000241,105,138,-33
118000242,247,621,-374
118000243,244,185,59
118000244,46,137,-91
118000246,0,22,-22
118000255,94,287,-193
118000256,104,256,-152
118000259,9,50,-41
118000260,169,89,80
118000261,29,48,-19
118000263,89,145,-56
118000266,138,280,-142
118000267,0,70,-70
118000268,294,0,294
118000270,91,21,70
118000271,204,265,-61
118000272,74,72,2
118000273,158,74,84
118000274,109,227,-118
118000276,406,291,115
118000295,11,126,-115
118000298,122,345,-223
118000299,58,188,-130
118000301,0,53,-53
118000302,85,91,-6
118000311,400,95,305
118000312,257,156,101
118000313,56,102,-46
118000314,71,68,3
118000315,30,56,-26
118000316,604,423,181
118000325,32,45,-13
118000326,27,33,-6
118000331,21,45,-24
118000332,6,32,-26
118000333,40,71,-31
118000335,223,0,223
118000336,0,197,-197
118000407,126,74,52
118000457,9,33,-24
118000465,3689,3851,-162
118000480,32,92,-60
118000489,70,329,-259
118000490,79,288,-209
118000492,272,211,61
118000510,58,15,43
118000514,150,290,-140
118000515,659,517,142
118000517,321,161,160
118000524,349,247,102
118000525,782,722,60
118000530,20,76,-56
118000531,263,289,-26
118000532,168,315,-147
118000533,314,122,192
118000534,485,421,64
118000535,282,142,140
118000536,743,1220,-477
118000537,36,96,-60
118000538,25,70,-45
118000539,3,65,-62
118000540,244,87,157
118000541,147,43,104
118000542,104,125,-21
118000543,138,156,-18
118000546,42,17,25
118000553,0,4,-4
118000557,0,0,0
118000560,2551,1959,592
118000562,24,142,-118
118000563,1483,1226,257
118000576,201,161,40
118000577,154,182,-28
118000578,187,118,69
118000579,545,915,-370
118000583,0,0,0
118000595,178,80,98
118000596,0,53,-53
118000597,169,133,36
118000598,4,1,3
118000599,36,35,1
118000600,6,4,2
118000601,6,0,6
118000602,0,3,-3
118000603,0,27,-27
118000605,68,327,-259
118900001,598,1119,-521
118900002,740,684,56
118900003,326,11,315
118900004,24,69,-45
118900005,63,4,59
118900006,144,17,127
118900007,11,3,8
118900008,1203,37,1166
118900009,46,29,17
118900010,46,4,42
118900011,135,36,99
118900012,391,169,222
118900013,355,90,265
118900015,164,67,97
118900016,13,10,3
118900017,270,325,-55
118900018,598,20,578
118900019,45,24,21
118900020,202,155,47
118900021,130,251,-121
118900022,151,103,48
118900023,155,102,53
118900024,95,133,-38
118900025,45,24,21
118900026,57,90,-33
118900027,389,191,198
118900028,174,119,55
118900029,218,237,-19
118900030,272,74,198
118900031,114,100,14
118900032,198,194,4
118900033,344,294,50
118900034,134,13,121
118900035,112,184,-72
118900036,1086,614,472
118900037,357,193,164
118900038,315,225,90
118900039,360,149,211
118900040,128,172,-44
118900041,389,136,253
118900042,210,83,127
118900045,221,132,89
118900046,913,343,570
118900047,426,228,198
118900048,163,149,14
118900049,45,44,1
118900050,22,93,-71
118900051,102,104,-2
118900052,289,156,133
118900053,32,78,-46
118900054,124,37,87
118900055,66,83,-17
118900056,96,319,-223
118900057,594,359,235
118900058,311,295,16
118900059,18,73,-55
118900060,68,121,-53
118900062,317,178,139
118900064,616,482,134
118900065,53,150,-97
118900066,60,64,-4
118900067,3622,2607,1015
118900068,22,182,-160
118900069,334,188,146
118900071,9,83,-74
118900072,355,318,37
118900073,77,88,-11
118900074,114,157,-43
118900075,39,52,-13
118900076,154,107,47
118900077,139,185,-46
118900078,35,17,18
118900079,31,168,-137
118900080,10,142,-132
118900081,87,33,54
118900082,552,152,400
118900083,34,8,26
118900084,21,22,-1
118900085,572,830,-258
118900086,20,73,-53
118900087,17,164,-147
118900088,0,10,-10
118900089,38,21,17
118900090,392,358,34
118900091,167,141,26
118900092,88,90,-2
118900093,140,20,120
118900096,92,135,-43
118900097,238,394,-156
118900099,69,175,-106
118900100,128,217,-89
118900101,80,380,-300
118900102,34,71,-37
118900103,38,100,-62
118900104,229,147,82
118900105,205,131,74
118900107,164,81,83
118900108,72,89,-17
118900110,1224,634,590
118900111,353,371,-18
118900112,51,133,-82
118900113,92,400,-308
118900114,26,77,-51
118900115,68,290,-222
118900116,123,172,-49
118900117,81,188,-107
118900118,282,331,-49
118900119,126,173,-47
118900120,81,274,-193
118900121,7,148,-141
118900122,10,756,-746
118900123,125,174,-49
118900124,42,144,-102
118900126,24,334,-310
118900129,219,241,-22
118900130,84,172,-88
118900131,141,213,-72
118900132,256,226,30
118900133,26,84,-58
118900135,279,202,77
118900136,165,459,-294
118900137,3,29,-26
118900139,135,281,-146
118900140,368,541,-173
118900141,93,108,-15
118900144,95,364,-269
118900145,38,101,-63
118900146,334,592,-258
118900147,233,123,110
118900148,55,60,-5
118900150,115,373,-258
118900152,510,761,-251
118900157,83,122,-39
118900158,65,61,4
118900159,2,118,-116
118900161,96,10,86
118900163,91,107,-16
118900164,3,75,-72
118900165,36,144,-108
118900166,44,7,37
118900167,60,105,-45
118900168,8,187,-179
118900169,90,226,-136
118900170,107,87,20
118900171,35,32,3
118900174,76,59,17
118900175,268,403,-135
118900176,140,226,-86
118900177,74,75,-1
118900178,37,188,-151
118900179,10,26,-16
118900181,85,84,1
118900182,72,44,28
118900183,27,125,-98
118900184,222,54,168
118900185,55,95,-40
118900186,100,91,9
118900187,199,231,-32
118900188,235,182,53
118900189,27,668,-641
118900190,11,222,-211
118900191,88,25,63
118900192,136,13,123
118900193,320,7,313
118900195,257,574,-317
118900196,45,122,-77
118900197,92,40,52
118900198,24,16,8
118900199,93,45,48
118900200,21,17,4
118900201,36,22,14
118900202,11,72,-61
118900203,12,33,-21
118900204,14,37,-23
118900205,4,7,-3
118900206,0,16,-16
119000001,1174,1487,-313
119000002,3367,2441,926
119000003,1875,1037,838
119000004,2120,1142,978
119000005,1691,1684,7
119000006,2561,1580,981
119000007,3095,2994,101
119000008,1955,1850,105
119000009,3542,3682,-140
119000010,6160,4088,2072
119000011,3523,2475,1048
119000012,2787,3194,-407
119000013,2212,1556,656
119000014,2004,3089,-1085
119000019,248,150,98
119000020,2127,1389,738
119000021,3522,2017,1505
119000022,2053,2019,34
119000023,286,283,3
119000024,1565,8045,-6480
119000025,6130,1277,4853
119000026,147,344,-197
119000027,245,374,-129
119000028,1868,1023,845
119000029,130,295,-165
119000030,585,1046,-461
119000031,797,723,74
119000032,1707,2293,-586
119000033,2004,1406,598
119000034,950,965,-15
119000035,14,329,-315
119000036,1610,784,826
119000037,1129,1547,-418
119000038,136,855,-719
119000039,275,245,30
119000040,890,510,380
119000041,693,1099,-406
119000048,3180,3109,71
119000049,1724,2384,-660
119000050,1871,1947,-76
119000051,2174,1002,1172
119000052,1705,2898,-1193
119000053,1803,1179,624
119000054,3048,3136,-88
119000055,3860,3093,767
119000056,2198,2202,-4
119000057,1470,1895,-425
119000058,1806,1661,145
119000059,1145,1565,-420
119000060,1406,1120,286
119000061,890,799,91
119000062,1050,1312,-262
119000063,512,432,80
119000064,1027,1289,-262
119000065,1844,3047,-1203
119000066,1847,1163,684
119000067,1651,2026,-375
119000068,1494,1069,425
119000069,1434,2254,-820
119000070,2282,977,1305
119000071,508,648,-140
119000072,4579,2798,1781
119000073,4003,5874,-1871
119000074,1079,2297,-1218
119000075,1752,2053,-301
119000076,370,807,-437
119000077,591,485,106
119000078,313,202,111
119000079,127,498,-371
119000080,441,194,247
119000081,268,388,-120
119000082,710,200,510
119000083,534,348,186
119000084,304,468,-164
119000085,463,252,211
119000086,227,382,-155
119000087,1609,977,632
119000088,345,266,79
119000089,100,168,-68
119000090,132,155,-23
119000091,123,328,-205
119000092,447,183,264
119000093,3289,2807,482
119000094,2583,5125,-2542
119000095,1630,2594,-964
119000097,2189,1534,655
119000098,820,2105,-1285
119000099,2307,1732,575
119000100,3255,2642,613
119000101,3221,1767,1454
119000102,903,1011,-108
119000103,1368,553,815
119000104,2291,1372,919
119000105,856,1657,-801
119000106,404,1297,-893
119000107,727,429,298
119000108,364,934,-570
119000109,90,394,-304
119000110,342,303,39
119000111,41,489,-448
119000112,179,72,107
119000113,1976,214,1762
119000114,845,776,69
119000115,150,126,24
119000116,94,76,18
119000117,130,288,-158
119000118,3,0,3
119000123,3965,1357,2608
119000124,459,203,256
119000125,3235,773,2462
119000126,967,686,281
119000127,514,503,11
119000128,26,11,15
119000131,823,715,108
119000132,4,3,1
119000133,0,5,-5
119000134,1951,570,1381
119000135,131,228,-97
119000136,293,202,91
119000137,172,318,-146
119000138,329,249,80
119000139,255,260,-5
119000140,187,321,-134
119000284,1344,2656,-1312
119000285,2109,2145,-36
119000286,7196,5470,1726
119000287,1239,1992,-753
119000288,1818,1332,486
119000289,1903,2736,-833
119000290,241,389,-148
119000291,10,257,-247
119000293,84,146,-62
119000294,43,33,10
119000295,1143,417,726
119000296,201,135,66
119000297,0,0,0
119000299,0,0,0
119000302,2557,1251,1306
119000303,64,146,-82
119000314,1459,8495,-7036
119000315,1,393,-392
119000316,88,105,-17
119000317,95,320,-225
119900001,228,1017,-789
119900002,146,291,-145
119900003,72,1023,-951
119900004,293,983,-690
119900005,131,116,15
119900006,166,333,-167
119900007,1152,189,963
119900008,146,41,105
119900009,674,665,9
119900010,686,840,-154
119900011,19,98,-79
119900012,26,67,-41
119900013,1529,833,696
119900014,450,169,281
119900015,91,37,54
119900016,29,77,-48
119900017,51,52,-1
119900018,1821,744,1077
119900019,31,4,27
119900020,188,239,-51
119900021,129,63,66
119900022,101,566,-465
119900023,538,1271,-733
119900025,155,26,129
119900026,723,142,581
119900027,45,23,22
119900028,283,109,174
119900029,2,5,-3
119900030,451,455,-4
119900031,60,359,-299
119900033,1846,236,1610
119900034,305,91,214
119900037,198,29,169
119900038,91,294,-203
119900039,39,11,28
119900040,167,19,148
119900041,91,30,61
119900042,143,132,11
119900043,69,171,-102
119900044,211,724,-513
119900046,91,65,26
119900047,232,62,170
119900048,143,44,99
119900049,133,8,125
119900050,59,81,-22
119900051,747,15,732
119900052,36,36,0
119900053,200,141,59
119900054,87,7,80
119900055,1188,514,674
119900057,207,60,147
119900058,193,5,188
119900059,110,32,78
119900060,186,28,158
119900061,199,6,193
119900062,64,18,46
119900063,13,37,-24
119900065,210,8,202
119900067,146,18,128
119900068,453,6,447
119900069,74,13,61
119900070,733,4,729
119900071,535,8,527
119900073,1613,638,975
119900074,38,25,13
119900075,4566,2520,2046
119900076,469,390,79
119900077,739,963,-224
119900078,599,1004,-405
119900079,638,242,396
119900080,229,248,-19
119900081,488,123,365
119900082,1201,211,990
119900083,397,160,237
119900084,561,269,292
119900085,93,78,15
119900086,541,1042,-501
119900087,599,352,247
119900088,23,53,-30
119900089,54,496,-442
119900090,126,58,68
119900091,75,841,-766
119900092,59,315,-256
119900093,987,189,798
119900094,105,168,-63
119900095,180,111,69
119900096,45,80,-35
119900097,617,140,477
119900098,36,50,-14
119900099,37,227,-190
119900100,2149,2146,3
119900101,159,1006,-847
119900102,83,237,-154
119900103,35,314,-279
119900104,56,199,-143
119900105,514,1440,-926
119900106,17,144,-127
119900107,345,2523,-2178
119900108,1933,545,1388
119900109,58,163,-105
119900110,644,540,104
119900111,61,307,-246
119900112,1572,562,1010
119900113,83,248,-165
119900114,187,1054,-867
119900115,301,1109,-808
119900116,140,385,-245
119900117,304,538,-234
119900118,76,841,-765
119900119,212,236,-24
119900120,582,464,118
119900121,393,956,-563
119900122,653,344,309
119900123,225,279,-54
119900124,204,762,-558
119900125,63,307,-244
119900126,3296,283,3013
119900127,2207,1038,1169
119900128,407,604,-197
119900129,256,519,-263
119900130,28,232,-204
119900131,43,268,-225
119900132,0,255,-255
119900133,58,80,-22
119900134,1570,210,1360
119900135,1,341,-340
119900136,172,324,-152
119900138,376,473,-97
119900139,32,98,-66
119900140,0,117,-117
119900141,132,626,-494
119900142,4,21,-17
119900143,12,166,-154
119900144,1633,277,1356
119900145,106,148,-42
119900146,127,215,-88
119900147,4,112,-108
119900148,145,50,95
119900149,1116,2910,-1794
119900150,131,156,-25
119900151,1417,629,788
119900152,94,365,-271
119900153,138,78,60
119900154,10,487,-477
119900155,40,50,-10
119900156,21,4,17
119900157,127,219,-92
119900158,158,76,82
119900159,3,1318,-1315
119900160,19,128,-109
119900161,165,201,-36
119900162,684,823,-139
119900163,151,161,-10
119900164,1,2,-1
119900165,155,239,-84
119900166,73,67,6
119900167,87,79,8
119900168,711,455,256
119900169,86,287,-201
119900170,210,287,-77
119900171,1052,360,692
119900172,144,27,117
119900173,7,411,-404
119900174,41,182,-141
119900175,970,688,282
119900177,32,228,-196
119900178,92,199,-107
119900179,79,383,-304
119900180,825,841,-16
119900181,49,133,-84
119900182,3,287,-284
119900183,144,661,-517
119900184,2109,507,1602
119900185,55,156,-101
119900186,77,637,-560
119900187,19,350,-331
119900188,74,339,-265
119900189,511,454,57
119900190,56,254,-198
119900191,253,156,97
119900192,46,162,-116
119900193,286,165,121
119900194,20,99,-79
119900195,24,156,-132
119900196,1179,427,752
119900197,104,173,-69
119900198,204,260,-56
119900199,164,18,146
119900200,480,652,-172
119900201,335,211,124
119900202,135,200,-65
119900203,187,462,-275
119900204,241,228,13
119900205,580,516,64
119900206,166,138,28
119900208,199,173,26
119900209,428,1093,-665
119900210,39,19,20
119900211,90,8,82
119900212,174,340,-166
119900213,9,95,-86
119900214,32,111,-79
119900215,68,103,-35
119900216,28,97,-69
119900217,33,71,-38
119900218,17,93,-76
119900219,9,110,-101
119900220,11,79,-68
119900221,34,282,-248
119900222,20,179,-159
119900223,16,59,-43
119900224,8,26,-18
119900225,991,42,949
119900226,532,1492,-960
119900227,951,258,693
119900228,240,232,8
119900229,384,422,-38
119900230,1459,525,934
119900231,187,162,25
119900232,252,97,155
119900233,42,8,34
119900234,8,43,-35
119900235,32,38,-6
119900236,52,162,-110
119900237,47,349,-302
119900238,5,70,-65
119900240,104,154,-50
119900241,180,308,-128
119900242,1042,1421,-379
119900244,488,1126,-638
119900245,128,171,-43
119900246,357,522,-165
119900247,24,112,-88
119900248,88,196,-108
119900249,213,98,115
119900253,2672,377,2295
119900254,75,510,-435
119900255,65,480,-415
119900256,454,793,-339
119900257,33,0,33
119900258,90,4,86
119900259,41,159,-118
119900260,57,11,46
119900261,312,162,150
119900262,2,247,-245
119900263,989,389,600
119900264,115,179,-64
119900265,400,347,53
119900266,278,301,-23
119900267,352,557,-205
119900268,239,197,42
119900269,888,987,-99
119900271,18,76,-58
119900272,372,162,210
119900275,79,2,77
119900276,58,3,55
119900277,6,2,4
119900278,195,105,90
119900279,127,225,-98
119900280,834,153,681
119900281,1,170,-169
119900282,51,86,-35
119900283,11,231,-220
119900284,39,186,-147
119900285,15,23,-8
119900286,5,8,-3
119900288,0,25,-25
119900289,0,31,-31
119900290,6,16,-10
119900291,0,58,-58
119900292,50,52,-2
119900293,17,75,-58
119900294,23,62,-39
119900295,28,50,-22
119900296,39,226,-187
119900297,4,26,-22
119900298,2,9,-7
119900299,69,127,-58
119900300,203,102,101
119900301,26,24,2
119900302,24,43,-19
119900303,173,192,-19
119900304,125,43,82
119900305,12,99,-87
119900306,27,2,25
119900307,63,60,3
119900308,11,18,-7
119900309,38,117,-79
119900310,235,278,-43
119900311,59,124,-65
119900312,96,80,16
119900313,271,263,8
119900314,156,309,-153
119900315,1299,1876,-577
119900318,7,32,-25
119900319,13,239,-226
119900320,137,446,-309
119900321,62,4,58
120000001,5413,11880,-6467
120000002,2638,3099,-461
120000003,3646,1920,1726
120000004,3006,2375,631
120000005,4639,2277,2362
120000006,1332,1495,-163
120000007,3618,2976,642
120000008,1095,1485,-390
120000009,3232,1002,2230
120000010,1841,2614,-773
120000011,1036,1737,-701
120000012,1583,2681,-1098
120000013,2860,2679,181
120000014,626,1434,-808
120000015,2537,1607,930
120000016,3339,2358,981
120000017,2354,2278,76
120000018,3891,9581,-5690
120000019,1010,1425,-415
120000020,3091,2995,96
120000021,1835,2231,-396
120000022,2850,3804,-954
120000023,1155,1621,-466
120000024,1508,2508,-1000
120000025,2494,2104,390
120000026,1696,1821,-125
120000027,1966,2309,-343
120000028,926,907,19
120000029,3372,817,2555
120000030,546,900,-354
120000031,1763,5893,-4130
120000032,8150,4494,3656
120000033,4980,2028,2952
120000034,1608,1775,-167
120000035,1610,1917,-307
120000036,2771,4971,-2200
120000037,735,1378,-643
120000038,6184,3204,2980
120000039,570,795,-225
120000040,169,251,-82
120000041,1977,1524,453
120000042,1782,2253,-471
120000043,4165,1803,2362
120000044,4430,1563,2867
120000045,4852,1111,3741
120000046,2445,2348,97
120000047,1073,4146,-3073
120000048,6667,4092,2575
120000049,2970,2851,119
120000050,3635,3910,-275
120000051,3142,4305,-1163
120000052,8417,2424,5993
120000053,1362,2504,-1142
120000054,1398,4378,-2980
120000055,1874,4812,-2938
120000056,3694,3510,184
120000057,2546,774,1772
120000058,4997,775,4222
120000059,43,1765,-1722
120000061,132,594,-462
120000062,210,289,-79
120000063,1849,2686,-837
120000064,228,1099,-871
120000065,501,1558,-1057
120000066,221,480,-259
120000067,79,475,-396
120000068,207,822,-615
120000069,554,1046,-492
120000070,91,681,-590
120000071,418,146,272
120000072,640,473,167
120000073,862,114,748
120000074,223,95,128
120000075,886,268,618
120000076,1596,398,1198
120000077,1584,649,935
120000078,3039,1247,1792
120000079,303,443,-140
120000080,260,278,-18
120000081,347,206,141
120000082,304,319,-15
120000083,171,701,-530
120000084,371,327,44
120000085,293,354,-61
120000086,286,550,-264
120000087,159,624,-465
120000088,744,1115,-371
120000089,1114,711,403
120000090,625,516,109
120000091,854,998,-144
120000092,1179,660,519
120000093,381,450,-69
120000094,188,698,-510
120000095,938,537,401
120000096,242,778,-536
120000098,1006,809,197
120000099,514,830,-316
120000100,809,1056,-247
120000101,384,463,-79
120000102,470,750,-280
120000103,1398,784,614
120000104,1397,439,958
120000105,2896,748,2148
120000106,2094,668,1426
120000107,3234,689,2545
120000108,1088,118,970
120000109,993,56,937
120000110,87,884,-797
120000111,106,1103,-997
120000112,826,2792,-1966
120000113,725,2161,-1436
120000114,1065,2819,-1754
120000115,321,2313,-1992
120000116,875,2045,-1170
120000117,1214,1463,-249
120000118,66,25,41
120000119,27,85,-58
120000120,61,73,-12
120000121,45,65,-20
120000122,271,329,-58
120000123,5162,4408,754
120000124,375,326,49
120000125,435,648,-213
120000126,416,879,-463
120000127,2874,870,2004
120000128,3726,3609,117
120000129,252,259,-7
120000130,775,552,223
120000131,295,664,-369
120000134,430,1057,-627
120000135,513,432,81
120000137,202,1258,-1056
120000138,802,421,381
120000139,299,689,-390
120000140,616,451,165
120000141,478,471,7
120000142,696,540,156
120000143,3,129,-126
120000144,103,6,97
120000145,372,7,365
120000146,1300,834,466
120000149,635,1020,-385
120000150,3208,10178,-6970
120000151,401,468,-67
120000152,406,213,193
120000153,226,444,-218
120000154,444,402,42
120000155,89,233,-144
120000156,964,897,67
120000157,874,586,288
120000158,871,898,-27
120000159,2156,2806,-650
120000160,2391,1426,965
120000161,1868,2235,-367
120000162,76,268,-192
120000163,677,1247,-570
120000164,489,375,114
120000165,506,889,-383
120000166,1363,570,793
120000167,67,104,-37
120000168,10,253,-243
120000169,40,1026,-986
120000170,46,589,-543
120000171,16,204,-188
120000172,56,159,-103
120000173,3089,774,2315
120000174,413,48,365
120000175,286,32,254
120000176,414,37,377
120000177,1113,97,1016
120000178,85,10,75
120000179,309,35,274
120000180,542,83,459
120000181,77,510,-433
120000182,54,345,-291
120000183,13,266,-253
120000184,97,770,-673
120000186,85,323,-238
120000187,36,166,-130
120000188,141,231,-90
120000190,1119,47,1072
120000191,892,74,818
120000192,851,23,828
120000193,329,9,320
120000195,55,4,51
120000196,251,47,204
120000197,77,85,-8
120000198,150,74,76
120000199,66,0,66
120000200,100,1,99
120000201,4,22,-18
120000202,6,51,-45
120000203,34,185,-151
120000207,1,62,-61
120000208,14,237,-223
120000209,3,62,-59
120000210,86,94,-8
120000211,131,1,130
120000212,176,0,176
120000213,114,282,-168
120000214,0,270,-270
120000215,1,134,-133
120000216,60,6,54
120000217,599,1044,-445
120000218,162,653,-491
120000219,9,461,-452
120000220,31,1592,-1561
120000225,1199,11,1188
120000226,344,4,340
120000227,675,21,654
120000228,6891,2680,4211
120000230,260,5,255
120000231,974,2042,-1068
120000233,235,4,231
120000235,254,753,-499
120000236,793,4,789
120000237,2,1343,-1341
120000238,2,423,-421
120000241,1097,3183,-2086
120000412,970,10,960
120000413,234,286,-52
120000414,114,5,109
120000415,2,113,-111
120000416,120,16,104
120000417,32,66,-34
120000418,102,11,91
120000419,12,302,-290
120000420,50,29,21
120000421,10583,6103,4480
120000422,110,1080,-970
120000423,6,47,-41
120000424,73,163,-90
120000436,152,563,-411
120000437,183,126,57
120000438,2670,316,2354
120000439,191,425,-234
120000443,251,1,250
120000444,1315,485,830
120000445,1466,1075,391
120000446,711,202,509
120000447,216,7,209
120000449,121,4,117
120000450,6,207,-201
120000451,66,147,-81
120000452,144,2,142
120000453,0,276,-276
120000454,81,36,45
120000455,81,57,24
120000456,2264,3377,-1113
120000457,1071,590,481
120000458,425,733,-308
120000459,36,50,-14
120000665,878,260,618
120000668,175,476,-301
120000669,27,161,-134
120000670,286,532,-246
120000671,1229,422,807
120000672,123,572,-449
120900001,44,91,-47
120900002,439,482,-43
120900003,253,16,237
120900004,17,80,-63
120900005,17,1140,-1123
120900006,491,241,250
120900007,158,86,72
120900008,289,1177,-888
120900009,596,35,561
120900010,324,83,241
120900011,201,158,43
120900012,386,942,-556
120900013,264,85,179
120900014,10,420,-410
120900015,663,82,581
120900016,725,77,648
120900017,2319,99,2220
120900018,115,444,-329
120900019,588,357,231
120900020,821,1249,-428
120900021,663,218,445
120900022,44,334,-290
120900023,253,33,220
120900024,1886,509,1377
120900025,1736,1100,636
120900026,185,191,-6
120900027,692,15,677
120900028,313,102,211
120900029,220,400,-180
120900030,1015,784,231
120900031,230,121,109
120900032,927,152,775
120900033,885,79,806
120900034,27,2328,-2301
120900035,26,68,-42
120900037,226,7,219
120900038,54,275,-221
120900039,85,31,54
120900040,239,3,236
120900041,156,32,124
120900042,391,41,350
120900043,47,30,17
120900044,14,348,-334
120900045,154,102,52
120900046,344,6,338
120900047,157,98,59
120900048,97,16,81
120900049,373,4,369
120900050,2025,1132,893
120900051,313,109,204
120900052,581,4,577
120900053,239,59,180
120900054,1669,554,1115
120900055,374,6,368
120900056,394,27,367
120900057,106,10,96
120900058,452,3,449
120900059,65,3,62
120900060,68,30,38
120900061,247,221,26
120900062,249,1,248
120900063,518,5,513
120900064,495,0,495
120900065,397,1,396
120900066,277,220,57
120900067,180,50,130
120900068,194,2,192
120900069,201,48,153
120900071,19,0,19
120900072,646,8,638
120900073,419,201,218
120900074,399,10,389
120900076,308,0,308
120900077,2594,308,2286
120900078,666,973,-307
120900079,686,95,591
120900080,662,1837,-1175
120900081,869,606,263
120900082,584,482,102
120900083,129,9,120
120900084,227,422,-195
120900085,85,140,-55
120900086,133,294,-161
120900087,388,322,66
120900088,130,323,-193
120900089,3215,2169,1046
120900090,192,134,58
120900091,731,749,-18
120900092,1554,537,1017
120900093,2234,178,2056
120900094,472,186,286
120900095,429,27,402
120900096,41,216,-175
120900097,641,686,-45
120900098,339,179,160
120900099,104,73,31
120900100,77,268,-191
120900101,796,273,523
120900102,40,77,-37
120900103,51,196,-145
120900104,32,50,-18
120900105,45,495,-450
120900106,1553,588,965
120900107,266,172,94
120900108,9,545,-536
120900109,56,648,-592
120900110,8,721,-713
120900111,154,370,-216
120900112,24,878,-854
120900113,16,818,-802
120900114,32,293,-261
120900115,164,232,-68
120900116,316,388,-72
120900117,3,500,-497
120900118,6,766,-760
120900119,3472,4340,-868
120900120,146,891,-745
120900121,124,506,-382
120900122,508,531,-23
120900123,1,424,-423
120900124,1,648,-647
120900125,5,697,-692
120900126,1942,1271,671
120900127,6,496,-490
120900128,1403,1539,-136
120900129,73,319,-246
120900130,0,348,-348
120900131,53,50,3
120900132,791,295,496
120900133,136,900,-764
120900134,1004,419,585
120900135,19,534,-515
120900136,34,93,-59
120900137,156,101,55
120900138,27,201,-174
120900139,5,631,-626
120900140,6,64,-58
120900141,163,280,-117
120900142,24,454,-430
120900143,1,850,-849
120900144,0,118,-118
120900145,236,815,-579
120900146,3,1065,-1062
120900147,3,439,-436
120900148,81,121,-40
120900149,2,237,-235
120900150,69,569,-500
120900151,2,707,-705
120900152,0,45,-45
120900153,26,56,-30
120900154,0,228,-228
120900155,144,945,-801
120900156,47,381,-334
120900157,77,204,-127
120900158,43,659,-616
120900159,221,397,-176
120900160,25,725,-700
120900161,27,442,-415
120900162,41,621,-580
120900163,41,488,-447
120900164,2,19,-17
120900165,21,79,-58
120900166,98,318,-220
120900167,366,147,219
120900169,66,393,-327
120900170,1432,2425,-993
120900171,1196,273,923
120900172,815,706,109
120900173,0,70,-70
120900174,7,155,-148
120900175,252,122,130
120900176,12,287,-275
120900177,1,904,-903
120900178,0,356,-356
120900179,1128,479,649
120900180,76,123,-47
120900181,183,43,140
120900182,29,368,-339
120900183,345,48,297
120900184,178,58,120
120900185,9,249,-240
120900186,0,406,-406
120900187,426,939,-513
120900188,169,12,157
120900189,76,871,-795
120900190,63,9,54
120900191,8,21,-13
120900192,10415,5784,4631
120900194,36,71,-35
120900195,95,225,-130
120900196,714,34,680
120900197,570,102,468
120900198,310,505,-195
120900199,274,423,-149
120900200,93,115,-22
120900201,513,198,315
120900202,3,176,-173
120900203,61,65,-4
120900204,171,251,-80
120900205,71,72,-1
120900206,14,19,-5
120900207,81,1340,-1259
121000001,752,999,-247
121000002,2104,1143,961
121000003,2750,1822,928
121000004,2884,3087,-203
121000005,1963,2482,-519
121000006,3428,1615,1813
121000007,2289,2576,-287
121000008,4798,2960,1838
121000009,4993,4955,38
121000010,7957,4802,3155
121000011,8013,11134,-3121
121000012,15301,9459,5842
121000013,4740,6807,-2067
121000014,6177,5413,764
121000015,3976,6742,-2766
121000016,4565,3462,1103
121000017,1951,3918,-1967
121000018,2478,1720,758
121000019,17594,12802,4792
121000020,13069,15037,-1968
121000021,2985,2845,140
121000022,2282,2778,-496
121000023,3458,2714,744
121000024,4450,4727,-277
121000025,604,1334,-730
121000026,300,120,180
121000027,1644,1031,613
121000028,776,481,295
121000029,1005,600,405
121000030,526,366,160
121000031,614,631,-17
121000032,182,120,62
121000034,522,244,278
121000035,166,103,63
121000036,1202,877,325
121000037,586,519,67
121000038,454,904,-450
121000039,267,344,-77
121000041,590,399,191
121000042,335,346,-11
121000043,629,503,126
121000044,1283,760,523
121000045,405,267,138
121000046,581,780,-199
121000047,68,90,-22
121000049,1725,586,1139
121000050,289,1011,-722
121000051,730,281,449
121000052,384,586,-202
121000053,342,101,241
121000054,65,320,-255
121000055,1117,1092,25
121000056,812,950,-138
121000057,421,467,-46
121000058,518,227,291
121000059,2040,1227,813
121000060,626,954,-328
121000061,155,232,-77
121000062,499,359,140
121000063,705,687,18
121000064,691,832,-141
121000065,458,451,7
121000066,751,575,176
121000067,852,530,322
121000068,722,377,345
121000069,527,663,-136
121000070,2082,1227,855
121000071,1368,1211,157
121000072,1555,726,829
121000073,1109,865,244
121000074,168,180,-12
121000075,81,232,-151
121000076,1317,412,905
121000077,174,164,10
121000078,115,167,-52
121000080,2470,628,1842
121000081,2543,2763,-220
121000082,128,281,-153
121000083,241,143,98
121000084,164,143,21
121000085,266,400,-134
121000086,236,791,-555
121000087,71,316,-245
121000088,436,483,-47
121000089,409,344,65
121000090,421,320,101
121000091,1534,792,742
121000092,183,78,105
121000093,162,216,-54
121000094,622,658,-36
121000095,418,517,-99
121000096,2178,2146,32
121000097,888,1888,-1000
121000098,622,1044,-422
121000099,792,765,27
121000100,909,451,458
121000101,406,277,129
121000102,278,278,0
121000103,248,195,53
121000104,280,145,135
121000105,407,250,157
121000106,331,336,-5
121000107,1919,3123,-1204
121000109,1330,1073,257
121000110,322,686,-364
121000114,2478,2005,473
121000115,840,687,153
121000116,268,803,-535
121000117,872,239,633
121000118,1493,221,1272
121000119,335,396,-61
121000120,216,435,-219
121000121,612,822,-210
121000123,1484,624,860
121000127,117,78,39
121000128,984,424,560
121000129,702,621,81
121000130,631,840,-209
121000131,2625,1978,647
121000132,1842,1767,75
121000135,380,373,7
121000136,1923,816,1107
121000137,500,333,167
121000138,1179,882,297
121000139,607,295,312
121000141,200,95,105
121000142,663,864,-201
121000143,157,42,115
121000144,1062,1810,-748
121000145,507,1034,-527
121000146,1227,825,402
121000147,1034,463,571
121000148,875,1028,-153
121000149,1883,1335,548
121000152,592,549,43
121000153,1738,664,1074
121000154,887,616,271
121000155,1311,1162,149
121000156,424,925,-501
121000157,1005,1844,-839
121000158,440,571,-131
121000159,256,369,-113
121000160,320,489,-169
121000161,229,246,-17
121000162,83,171,-88
121000165,1634,1928,-294
121000166,21,454,-433
121000168,402,281,121
121000169,64,173,-109
121000170,333,72,261
121000171,73,194,-121
121000172,632,477,155
121000173,1109,1055,54
121000174,359,474,-115
121000175,954,337,617
121000176,394,221,173
121000177,1152,649,503
121000178,118,63,55
121000179,100,59,41
121000181,543,461,82
121000182,129,216,-87
121000183,108,104,4
121000184,95,134,-39
121000185,53,165,-112
121000186,185,356,-171
121000187,158,163,-5
121000188,117,193,-76
121000192,895,392,503
121000193,585,530,55
121000194,2262,2073,189
121000195,269,907,-638
121000196,763,253,510
121000197,192,549,-357
121000198,185,111,74
121000199,132,300,-168
121000200,535,80,455
121000201,7,198,-191
121000202,726,101,625
121000203,906,2002,-1096
121000204,2554,711,1843
121000205,167,213,-46
121000206,142,43,99
121000207,1732,309,1423
121000208,2,290,-288
121000209,377,262,115
121000210,561,394,167
121000211,323,129,194
121000212,411,522,-111
121000213,8149,2632,5517
121000214,708,2353,-1645
121000215,1065,886,179
121000216,525,705,-180
121000217,4288,2505,1783
121000218,486,1551,-1065
121000219,1385,439,946
121000220,220,53,167
121000221,127,212,-85
121000222,2447,2299,148
121000223,901,388,513
121000224,430,188,242
121000225,1837,1696,141
121000226,2798,1140,1658
121000227,12,262,-250
121000228,27,557,-530
121000229,308,350,-42
121000230,63,1329,-1266
121000231,855,24,831
121000232,456,331,125
121000233,564,340,224
121000234,42,66,-24
121000235,123,101,22
121000236,14,48,-34
121000237,75,35,40
121000238,16,75,-59
121000239,104,18,86
121000240,12,179,-167
121000241,94,17,77
121000242,86,381,-295
121000243,844,251,593
121000244,27,72,-45
121000245,163,50,113
121000246,0,112,-112
121000247,121,12,109
121000248,2087,608,1479
121000249,109,185,-76
121000250,491,185,306
121000251,41,412,-371
121000252,96,59,37
121000253,551,441,110
121000254,671,211,460
121000255,267,169,98
121000256,350,150,200
121000257,82,78,4
121000258,179,59,120
121000259,143,80,63
121000260,265,140,125
121000261,297,81,216
121000262,793,711,82
121000263,452,420,32
121000271,298,1326,-1028
121000273,69,5,64
121000274,11,58,-47
121000275,2,8,-6
121000276,6,19,-13
121000278,40,32,8
121000279,33,17,16
121000280,17,34,-17
121000289,226,27,199
121000290,1126,784,342
121000294,146,127,19
121000297,1168,1100,68
121000299,231,354,-123
121000300,799,501,298
121000302,71,1065,-994
121000303,424,442,-18
121000304,517,47,470
121000305,165,52,113
121000306,102,107,-5
121000308,179,352,-173
121000309,419,511,-92
121000310,94,351,-257
121000311,75,810,-735
121000312,244,175,69
121000313,273,422,-149
121000314,159,159,0
121000315,63,214,-151
121000530,1379,1224,155
121000531,1702,1319,383
121000532,6322,6689,-367
121000533,3156,3144,12
121000918,86,137,-51
121000919,65,98,-33
121000938,197,507,-310
121000939,378,411,-33
121000956,1216,998,218
121000957,30,17,13
121000958,57,35,22
121000959,637,663,-26
121000960,1638,1908,-270
121000961,266,229,37
121000962,302,598,-296
121000973,0,123,-123
121000976,30,195,-165
121000979,387,178,209
121000981,511,468,43
121000982,383,172,211
121000983,408,367,41
121000984,24,72,-48
121000985,598,387,211
121000986,236,206,30
121000987,264,804,-540
121000988,680,143,537
121001302,305,101,204
121001308,6,12,-6
121001309,68,80,-12
121001311,0,0,0
121001313,291,203,88
121001314,2176,2642,-466
121001315,4451,2137,2314
121001326,350,411,-61
121900001,153,171,-18
121900002,79,32,47
121900003,425,13,412
121900004,121,283,-162
121900005,46,12,34
121900006,127,13,114
121900007,1554,2123,-569
121900008,928,293,635
121900009,432,13,419
121900010,199,4,195
121900011,181,257,-76
121900012,22,0,22
121900013,1490,111,1379
121900014,1148,354,794
121900015,182,211,-29
121900016,3,41,-38
121900017,565,384,181
121900018,330,6,324
121900019,396,213,183
121900020,19,5,14
121900021,813,22,791
121900022,243,240,3
121900023,98,217,-119
121900024,290,120,170
121900025,555,301,254
121900026,308,31,277
121900027,307,101,206
121900028,189,7,182
121900029,85,109,-24
121900030,421,510,-89
121900031,945,5132,-4187
121900032,62,85,-23
121900033,178,141,37
121900034,303,64,239
121900035,1987,1870,117
121900036,61,227,-166
121900037,170,618,-448
121900038,35,144,-109
121900039,398,53,345
121900040,103,85,18
121900041,82,136,-54
121900042,340,140,200
121900043,0,6,-6
121900044,157,67,90
121900046,241,256,-15
121900047,153,68,85
121900048,53,158,-105
121900050,33,54,-21
121900051,158,124,34
121900052,128,48,80
121900053,468,336,132
121900054,511,918,-407
121900055,2,12,-10
121900058,210,145,65
121900059,380,151,229
121900060,129,296,-167
121900061,180,145,35
121900062,206,78,128
121900063,1373,339,1034
121900064,264,549,-285
121900066,48,27,21
121900067,46,41,5
121900069,200,135,65
121900070,158,80,78
121900071,294,220,74
121900072,41,167,-126
121900073,214,156,58
121900074,742,831,-89
121900075,344,381,-37
121900076,286,472,-186
121900077,13,26,-13
121900078,64,20,44
121900079,0,0,0
121900080,874,293,581
121900082,55,71,-16
121900084,22,193,-171
121900085,2,14,-12
121900086,12,28,-16
121900087,170,98,72
121900088,1657,2727,-1070
121900089,151,266,-115
121900090,37,89,-52
121900091,55,96,-41
121900092,67,67,0
121900093,85,51,34
121900094,24,6,18
121900095,245,112,133
121900096,1215,718,497
121900097,434,189,245
121900098,9,4,5
121900099,206,40,166
121900100,265,484,-219
121900101,86,116,-30
121900102,5,140,-135
121900103,458,191,267
121900104,1325,416,909
121900105,258,146,112
121900106,6,1,5
121900107,34,13,21
121900108,1,22,-21
121900109,274,129,145
121900110,377,817,-440
121900111,924,145,779
121900112,175,131,44
121900113,54,268,-214
121900114,36,39,-3
121900117,151,54,97
121900118,1742,660,1082
121900119,209,110,99
121900120,57,1129,-1072
121900121,399,26,373
121900122,36,50,-14
121900123,184,379,-195
121900124,130,125,5
121900125,1067,991,76
121900127,12,87,-75
121900128,59,83,-24
121900129,612,171,441
121900130,103,269,-166
121900131,272,67,205
121900132,39,63,-24
121900133,94,761,-667
121900134,25,171,-146
121900135,1861,303,1558
121900136,388,319,69
121900137,43,318,-275
121900138,120,165,-45
121900139,389,429,-40
121900140,65,185,-120
121900141,68,64,4
121900142,116,138,-22
121900143,10,138,-128
121900144,140,275,-135
121900145,147,172,-25
121900146,504,667,-163
121900147,51,179,-128
121900148,205,264,-59
121900149,261,542,-281
121900150,72,151,-79
121900151,68,222,-154
121900152,55,127,-72
121900153,89,773,-684
121900154,27,257,-230
121900155,2,121,-119
121900156,122,100,22
121900157,4,340,-336
121900158,84,100,-16
121900159,0,223,-223
121900160,44,250,-206
121900161,368,336,32
121900162,79,105,-26
121900163,213,446,-233
121900164,338,175,163
121900165,226,134,92
121900166,166,122,44
121900167,93,107,-14
121900168,120,265,-145
121900169,5,130,-125
121900170,3,150,-147
121900171,666,448,218
121900172,564,205,359
121900173,964,289,675
121900174,46,42,4
121900175,89,248,-159
121900176,484,1271,-787
121900177,136,82,54
121900178,42,59,-17
121900179,423,131,292
121900180,3120,3348,-228
121900182,524,206,318
121900183,644,830,-186
121900184,72,440,-368
121900186,8,227,-219
121900187,33,136,-103
121900188,491,334,157
121900189,37,123,-86
121900190,211,454,-243
121900191,117,197,-80
121900192,351,633,-282
121900193,52,124,-72
121900194,4,115,-111
121900195,61,83,-22
121900196,794,867,-73
121900197,336,1296,-960
121900198,1065,786,279
121900199,4,27,-23
121900200,77,258,-181
121900201,899,742,157
121900202,130,581,-451
121900203,161,727,-566
121900204,849,1094,-245
121900205,33,70,-37
121900206,21,26,-5
121900207,120,46,74
121900208,145,249,-104
121900209,61,28,33
121900210,977,844,133
121900211,338,424,-86
121900212,205,112,93
121900213,200,69,131
121900214,8,404,-396
121900215,60,74,-14
121900216,40,131,-91
121900217,216,129,87
121900218,155,326,-171
121900220,125,11,114
121900221,231,533,-302
121900222,151,137,14
121900223,160,37,123
121900224,86,38,48
121900225,105,89,16
121900226,286,484,-198
121900227,275,434,-159
121900228,223,309,-86
121900230,93,166,-73
121900231,322,1000,-678
121900232,196,385,-189
121900233,168,210,-42
121900234,244,182,62
121900235,445,203,242
121900236,439,158,281
121900237,176,241,-65
121900238,157,269,-112
121900239,197,28,169
121900240,267,87,180
121900241,46,46,0
121900242,9,21,-12
121900243,6,0,6
121900244,9,0,9
121900245,205,80,125
121900246,1731,182,1549
121900248,1338,1181,157
121900250,255,262,-7
121900251,311,37,274
121900252,522,112,410
121900253,185,847,-662
121900254,532,220,312
121900255,274,97,177
121900258,2661,1956,705
121900259,368,615,-247
121900260,132,158,-26
121900261,242,557,-315
121900262,365,789,-424
121900263,244,278,-34
121900264,1717,1262,455
121900265,197,279,-82
121900266,428,147,281
121900267,73,22,51
121900269,187,588,-401
121900270,21,177,-156
121900271,35,137,-102
121900273,471,1567,-1096
121900274,221,240,-19
121900277,467,894,-427
121900278,77,837,-760
121900279,129,177,-48
121900280,107,270,-163
121900281,363,279,84
121900284,69,9,60
121900286,194,139,55
121900287,11,19,-8
121900288,3,4,-1
121900290,217,279,-62
121900291,364,546,-182
121900292,171,151,20
121900293,1078,2568,-1490
121900294,279,5,274
121900295,136,271,-135
121900296,51,87,-36
121900298,257,698,-441
121900299,1,8,-7
121900300,222,25,197
121900301,80,6,74
121900302,2,37,-35
121900303,311,303,8
121900304,2,65,-63
121900305,3,12,-9
121900306,242,4,238
121900307,75,23,52
121900308,39,231,-192
121900309,5,227,-222
121900310,38,437,-399
121900311,520,28,492
121900312,290,22,268
121900313,339,38,301
121900314,6,55,-49
121900315,33,0,33
121900316,0,27,-27
121900317,6,3,3
121900318,3,14,-11
121900319,43,74,-31
121900320,38,55,-17
121900321,11,3,8
121900322,1,17,-16
121900323,19,16,3
121900324,4,62,-58
121900325,13,3,10
121900326,1,15,-14
121900327,13,55,-42
121900328,0,25,-25
121900329,4,224,-220
121900330,0,29,-29
121900331,15,8,7
121900332,58,43,15
121900333,34,3,31
121900334,54,56,-2
122000001,2315,4911,-2596
122000002,4304,1649,2655
122000003,2256,2503,-247
122000004,3118,1698,1420
122000005,2218,1774,444
122000006,1904,864,1040
122000007,1136,1969,-833
122000008,3984,4863,-879
122000009,442,399,43
122000010,2135,2880,-745
122000011,3200,1627,1573
122000012,1279,1456,-177
122000013,1292,871,421
122000014,1515,1180,335
122000015,1508,1184,324
122000016,673,883,-210
122000017,1146,984,162
122000018,1442,1279,163
122000019,665,1062,-397
122000020,151,207,-56
122000021,264,476,-212
122000022,1262,885,377
122000023,765,1417,-652
122000024,809,1163,-354
122000025,1354,1572,-218
122000026,1304,1042,262
122000027,548,2233,-1685
122000028,925,472,453
122000029,470,444,26
122000030,355,134,221
122000031,174,288,-114
122000032,1712,1868,-156
122000033,717,1149,-432
122000034,753,620,133
122000035,331,829,-498
122000036,586,604,-18
122000037,298,230,68
122000038,277,275,2
122000039,625,384,241
122000040,312,279,33
122000041,483,513,-30
122000042,305,421,-116
122000043,129,127,2
122000044,168,178,-10
122000045,1304,495,809
122000046,659,751,-92
122000047,277,248,29
122000048,3632,4150,-518
122000049,5301,3386,1915
122000050,1459,771,688
122000051,316,270,46
122000052,560,397,163
122000053,213,789,-576
122000054,2525,2031,494
122000055,2235,3120,-885
122000056,4896,3650,1246
122000057,3507,3564,-57
122000058,2880,1287,1593
122000059,3048,1595,1453
122000060,804,657,147
122000061,562,507,55
122000062,1456,350,1106
122000063,1258,720,538
122000064,3314,2566,748
122000065,3920,2243,1677
122000066,1301,917,384
122000067,1497,1215,282
122000068,1116,996,120
122000069,688,587,101
122000070,759,1672,-913
122000071,1140,1147,-7
122000072,360,392,-32
122000073,407,699,-292
122000074,3058,1759,1299
122000075,735,1165,-430
122000076,2249,1100,1149
122000077,1165,798,367
122000078,2575,2565,10
122000079,1221,1201,20
122000080,895,398,497
122000081,230,289,-59
122000082,902,709,193
122000083,1354,1780,-426
122000084,1132,736,396
122000085,298,920,-622
122000086,1920,4307,-2387
122000087,418,206,212
122000088,299,426,-127
122000089,4814,1953,2861
122000090,184,414,-230
122000091,199,64,135
122000092,178,19,159
122000093,1698,1438,260
122000094,5383,2067,3316
122000095,2360,3143,-783
122000096,2045,1633,412
122000098,2986,1894,1092
122000099,1792,593,1199
122000100,841,447,394
122000101,432,554,-122
122000102,1768,1217,551
122000103,2117,1944,173
122000104,380,237,143
122000105,452,277,175
122000106,463,569,-106
122000107,951,404,547
122000108,447,789,-342
122000109,427,267,160
122000110,503,554,-51
122000111,2676,1256,1420
122000112,962,1361,-399
122000113,641,616,25
122000114,2618,1235,1383
122000115,1977,1150,827
122000116,508,412,96
122000117,1291,416,875
122000118,486,753,-267
122000119,2824,2154,670
122000120,1704,3367,-1663
122000121,1725,2570,-845
122000122,756,1574,-818
122000123,1585,1574,11
122000124,912,467,445
122000125,643,727,-84
122000126,616,1111,-495
122000127,1025,1337,-312
122000128,472,683,-211
122000129,514,1154,-640
122000130,2675,1428,1247
122000131,1091,1153,-62
122000132,542,519,23
122000133,908,1187,-279
122000134,926,791,135
122000135,829,688,141
122000136,830,674,156
122000137,1327,875,452
122000139,1478,2726,-1248
122000140,1019,549,470
122000141,3079,853,2226
122000142,415,646,-231
122000143,416,450,-34
122000144,1140,1098,42
122000145,987,655,332
122000146,519,843,-324
122000147,664,397,267
122000148,2252,1894,358
122000149,2029,1575,454
122000150,1111,812,299
122000151,180,349,-169
122000152,412,385,27
122000153,367,300,67
122000154,264,202,62
122000155,1568,2125,-557
122000156,2294,2345,-51
122000157,1807,1768,39
122000158,327,517,-190
122000159,742,1400,-658
122000160,2737,2220,517
122000161,997,961,36
122000162,1903,1682,221
122000163,252,92,160
122000164,48,101,-53
122000165,1041,659,382
122000166,1093,925,168
122000167,320,256,64
122000168,183,569,-386
122000169,475,167,308
122000170,347,226,121
122000171,51,83,-32
122000172,1351,1440,-89
122000173,1362,2240,-878
122000174,2317,810,1507
122000175,1276,291,985
122000176,407,736,-329
122000177,1330,1372,-42
122000178,2623,2015,608
122000179,1444,2366,-922
122000180,1827,1313,514
122000181,1827,2888,-1061
122000182,1846,1407,439
122000183,1840,883,957
122000184,3017,2278,739
122000185,1547,1547,0
122000186,440,729,-289
122000187,1780,851,929
122000188,398,179,219
122000189,214,297,-83
122000190,1034,960,74
122000191,848,731,117
122000192,1113,286,827
122000193,346,576,-230
122000194,602,161,441
122000195,188,491,-303
122000196,1163,588,575
122000197,433,497,-64
122000198,547,804,-257
122000199,349,309,40
122000200,1077,572,505
122000201,1567,1482,85
122000202,1295,1337,-42
122000203,2322,1287,1035
122000204,1440,1803,-363
122000205,1415,1396,19
122000206,2229,804,1425
122000207,1984,1083,901
122000208,1932,1209,723
122000209,1818,335,1483
122000210,1944,1549,395
122000211,1316,1070,246
122000212,789,469,320
122000213,1018,1151,-133
122000214,1966,1594,372
122000215,1887,1663,224
122000217,1996,1368,628
122000218,715,76,639
122000219,1076,898,178
122000220,457,657,-200
122000221,81,366,-285
122000222,574,112,462
122000223,1329,488,841
122000225,707,265,442
122000226,1977,1567,410
122000227,318,2299,-1981
122000228,394,309,85
122000229,35,452,-417
122000230,75,416,-341
122000231,342,795,-453
122000232,683,967,-284
122000233,0,97,-97
122000234,383,130,253
122000235,565,115,450
122000236,966,102,864
122000237,168,59,109
122000238,298,286,12
122000239,634,142,492
122000240,1162,726,436
122000241,1559,476,1083
122000242,630,123,507
122000243,196,48,148
122000244,68,395,-327
122000245,102,230,-128
122000246,375,216,159
122000247,644,531,113
122000248,1076,1491,-415
122000249,1338,788,550
122000250,2018,1001,1017
122000251,241,490,-249
122000252,542,143,399
122000253,42,268,-226
122000254,284,107,177
122000255,703,1357,-654
122000256,405,878,-473
122000257,157,241,-84
122000258,252,297,-45
122000259,50,383,-333
122000260,3,76,-73
122000261,11,195,-184
122000262,1,64,-63
122000263,323,107,216
122000264,1106,349,757
122000265,2091,794,1297
122000266,3918,663,3255
122000267,115,111,4
122000268,141,316,-175
122000269,829,293,536
122000270,657,133,524
122000271,307,844,-537
122000272,364,931,-567
122000273,424,408,16
122000274,186,196,-10
122000275,84,217,-133
122000276,716,472,244
122000277,1218,1385,-167
122000278,1629,807,822
122000279,189,403,-214
122000280,869,686,183
122000281,789,660,129
122000282,284,191,93
122000283,662,150,512
122000284,197,115,82
122000285,478,110,368
122000286,121,164,-43
122000287,1229,1277,-48
122000288,528,247,281
122000291,1591,705,886
122000293,285,258,27
122000294,118,157,-39
122000295,1481,207,1274
122000296,53,590,-537
122000297,2146,2535,-389
122000299,469,343,126
122000300,534,579,-45
122000301,8335,3247,5088
122000302,810,1157,-347
122000303,3364,1276,2088
122000304,149,292,-143
122000305,1022,197,825
122000306,38,682,-644
122000307,240,175,65
122000309,111,65,46
122000310,26,111,-85
122000311,276,127,149
122000312,206,164,42
122000313,156,87,69
122000314,120,173,-53
122000315,228,67,161
122000316,689,246,443
122000317,1273,312,961
122000318,300,628,-328
122000319,284,397,-113
122000320,441,1180,-739
122000321,160,203,-43
122000322,2478,2072,406
122000323,1689,2257,-568
122000324,1146,1099,47
122000325,855,1468,-613
122000326,61,93,-32
122000327,461,742,-281
122000328,856,598,258
122000330,1587,676,911
122000332,205,383,-178
122000333,18,130,-112
122000337,957,1353,-396
122000338,427,301,126
122000340,355,433,-78
122000342,1613,919,694
122000343,416,966,-550
122000344,61,24,37
122000345,32,33,-1
122000346,345,460,-115
122000348,689,572,117
122000349,95,642,-547
122000351,120,213,-93
122000352,401,147,254
122000353,71,129,-58
122000355,138,213,-75
122000356,1293,1064,229
122000357,74,23,51
122000358,1,57,-56
122000359,0,21,-21
122000360,5,55,-50
122000362,8,74,-66
122000364,131,262,-131
122000365,4,26,-22
122000366,4,8,-4
122000368,408,587,-179
122000370,38,30,8
122000371,20,0,20
122000372,8,2,6
122000381,91,339,-248
122000382,83,201,-118
122000384,2661,1184,1477
122000385,85,1,84
122000386,449,1036,-587
122000387,494,614,-120
122000388,1211,661,550
122000389,147,558,-411
122000390,348,178,170
122000391,402,192,210
122000392,193,164,29
122000393,142,165,-23
122000394,599,226,373
122000395,158,153,5
122000396,279,120,159
122000397,78,60,18
122000398,40,55,-15
122000399,184,90,94
122000400,148,468,-320
122000401,139,64,75
122000402,195,103,92
122000403,457,721,-264
122000404,147,235,-88
122000408,868,1293,-425
122000503,16,93,-77
122000524,160,97,63
122000544,66,1971,-1905
122000616,374,1,373
122000640,78,120,-42
122000641,129,325,-196
122000642,1295,1074,221
122000643,36,118,-82
122000644,132,35,97
122000645,103,170,-67
122000651,1585,794,791
122000664,200,33,167
122000665,1220,571,649
122000666,595,1021,-426
122000673,45,279,-234
122000674,181,76,105
122000675,1950,958,992
122000686,401,870,-469
122000687,1231,335,896
122000688,216,525,-309
122000689,927,431,496
122000690,1763,443,1320
122000691,638,1547,-909
122000692,1243,360,883
122000693,380,1339,-959
122000695,267,316,-49
122000696,359,223,136
122000698,302,539,-237
122000699,212,56,156
122000701,1260,309,951
122000702,502,1139,-637
122000703,153,73,80
122000712,0,0,0
122000717,224,48,176
122000718,713,909,-196
122000719,146,124,22
122000720,472,241,231
122000724,203,280,-77
122900001,32,7,25
122900002,1211,4135,-2924
122900003,315,39,276
122900004,538,40,498
122900005,85,36,49
122900006,854,218,636
122900007,144,47,97
122900008,563,44,519
122900009,621,351,270
122900010,236,144,92
122900012,224,306,-82
122900014,145,231,-86
122900015,1533,699,834
122900016,102,248,-146
122900017,369,616,-247
122900018,187,21,166
122900019,12,154,-142
122900020,367,326,41
122900021,45,436,-391
122900022,768,692,76
122900023,438,225,213
122900024,179,113,66
122900025,17,303,-286
122900026,56,286,-230
122900027,59,682,-623
122900028,145,158,-13
122900029,3756,2593,1163
122900030,977,505,472
122900031,87,245,-158
122900032,110,331,-221
122900033,305,155,150
122900034,3762,4083,-321
122900035,9,14,-5
122900036,65,99,-34
122900037,371,119,252
122900038,144,2149,-2005
122900039,120,534,-414
122900040,225,349,-124
122900041,299,276,23
122900042,116,286,-170
122900043,369,206,163
122900044,142,289,-147
122900045,104,91,13
122900046,203,158,45
122900047,159,193,-34
122900048,49,165,-116
122900049,1325,109,1216
122900051,72,133,-61
122900052,86,163,-77
122900053,20,29,-9
122900055,262,120,142
122900057,247,44,203
122900061,409,127,282
122900062,497,600,-103
122900063,172,255,-83
122900064,1029,422,607
122900065,525,205,320
122900066,598,325,273
122900067,1185,716,469
122900069,510,1172,-662
122900070,348,71,277
122900071,150,362,-212
122900072,12,501,-489
122900073,18,237,-219
122900074,674,509,165
122900075,1,57,-56
122900076,4,202,-198
122900077,11,121,-110
122900078,155,82,73
122900080,54,36,18
122900081,204,183,21
122900082,769,210,559
122900083,177,145,32
122900084,7,193,-186
122900086,9,70,-61
122900087,274,406,-132
122900088,38,135,-97
122900089,31,116,-85
122900090,7,511,-504
122900091,168,2,166
122900092,0,153,-153
122900093,4,229,-225
122900094,3,181,-178
122900095,162,9,153
122900096,367,136,231
122900097,20,43,-23
122900098,82,106,-24
122900099,73,17,56
122900100,250,154,96
122900101,478,206,272
122900102,23,43,-20
122900103,150,7,143
122900104,97,12,85
122900105,7,32,-25
122900106,3,59,-56
122900107,3,144,-141
122900108,4,158,-154
123000001,1664,448,1216
123000002,3564,4410,-846
123000003,3611,3615,-4
123000004,3233,4005,-772
123000005,2734,2825,-91
123000006,2278,2476,-198
123000007,3775,2757,1018
123000008,3042,3096,-54
123000009,4526,2786,1740
123000010,3345,3273,72
123000011,2545,920,1625
123000012,915,2139,-1224
123000013,3330,956,2374
123000014,993,3149,-2156
123000015,3612,1020,2592
123000016,3975,3900,75
123000017,3011,1691,1320
123000018,79,136,-57
123000019,219,149,70
123000020,114,70,44
123000021,67,188,-121
123000022,295,1939,-1644
123000023,1484,1431,53
123000024,1548,701,847
123000025,299,175,124
123000026,48,65,-17
123000027,213,429,-216
123000028,1859,392,1467
123000029,1657,869,788
123000030,219,336,-117
123000031,170,208,-38
123000032,328,154,174
123000033,236,97,139
123000034,1136,911,225
123000035,287,305,-18
123000036,275,782,-507
123000037,271,250,21
123000038,79,198,-119
123000039,391,1324,-933
123000040,811,359,452
123000041,1156,1147,9
123000042,979,614,365
123000043,2866,7683,-4817
123000044,4294,2309,1985
123000045,7038,2632,4406
123000046,834,1422,-588
123000047,2225,1015,1210
123000048,101,723,-622
123000049,6316,7853,-1537
123000050,1233,1203,30
123000051,101,173,-72
123000052,703,2977,-2274
123000053,2302,3073,-771
123000054,1273,1237,36
123000055,1111,1744,-633
123000056,1152,1709,-557
123000057,11118,6729,4389
123000058,649,874,-225
123000059,492,557,-65
123000060,834,360,474
123000061,222,604,-382
123000063,692,863,-171
123000064,996,289,707
123000065,4659,2572,2087
123000066,661,521,140
123000067,754,578,176
123000068,2406,2725,-319
123000069,6262,3054,3208
123000070,307,726,-419
123000071,906,997,-91
123000072,1163,859,304
123000073,1004,745,259
123000074,988,1172,-184
123000075,326,912,-586
123000076,721,630,91
123000077,2166,2610,-444
123000078,1382,1625,-243
123000079,1154,1926,-772
123000080,2055,1807,248
123000081,155,380,-225
123000082,334,902,-568
123000083,780,230,550
123000084,675,570,105
123000085,282,96,186
123000086,490,208,282
123000087,257,250,7
123000088,1250,922,328
123000089,492,1136,-644
123000090,1111,939,172
123000091,1491,1335,156
123000092,944,1191,-247
123000094,520,265,255
123000095,475,570,-95
123000096,603,408,195
123000097,422,654,-232
123000098,689,618,71
123000099,602,724,-122
123000100,612,648,-36
123000101,581,634,-53
123000102,525,656,-131
123000104,360,420,-60
123000105,499,443,56
123000106,448,400,48
123000107,439,517,-78
123000108,710,1023,-313
123000111,846,338,508
123000112,936,527,409
123000113,548,1178,-630
123000114,402,642,-240
123000115,226,281,-55
123000116,33,144,-111
123000117,1489,1588,-99
123000118,418,756,-338
123000119,265,788,-523
123000120,441,740,-299
123000121,463,535,-72
123000122,285,261,24
123000123,434,643,-209
123000124,532,433,99
123000125,980,1002,-22
123000126,1202,3456,-2254
123000127,1012,619,393
123000128,326,226,100
123000129,510,205,305
123000130,508,87,421
123000131,759,623,136
123000132,344,573,-229
123000133,259,347,-88
123000134,339,155,184
123000135,1982,1157,825
123000136,237,721,-484
123000137,144,248,-104
123000138,80,409,-329
123000139,397,118,279
123000140,91,689,-598
123000141,706,104,602
123000142,929,975,-46
123000143,1495,2038,-543
123000144,60,17,43
123000145,197,99,98
123000146,33,73,-40
123000147,111,111,0
123000149,377,379,-2
123000150,199,217,-18
123000151,394,425,-31
123000152,121,369,-248
123000153,350,594,-244
123000154,1632,1743,-111
123000155,1985,979,1006
123000156,57,120,-63
123000157,603,718,-115
123000158,592,833,-241
123000159,2748,2294,454
123000160,922,658,264
123000161,1435,1052,383
123000162,995,1694,-699
123000163,406,91,315
123000164,1291,334,957
123000165,482,1563,-1081
123000166,45,118,-73
123000167,164,288,-124
123000168,289,229,60
123000169,638,159,479
123000170,91,160,-69
123000171,549,17,532
123000172,211,471,-260
123000173,495,261,234
123000174,867,407,460
123000175,574,1089,-515
123000176,927,277,650
123000177,290,841,-551
123000178,826,148,678
123000179,43,566,-523
123000180,1579,321,1258
123000181,317,1427,-1110
123000182,251,349,-98
123000183,160,572,-412
123000184,126,561,-435
123000185,542,338,204
123000186,2,613,-611
123000187,643,7,636
123000188,206,4,202
123000189,160,158,2
123000190,72,83,-11
123000192,31,358,-327
123000193,89,1034,-945
123000194,491,344,147
123000195,300,39,261
123000196,300,33,267
123000197,71,109,-38
123000198,41,462,-421
123000199,13,540,-527
123000200,532,17,515
123000201,993,24,969
123000202,13,1042,-1029
123000203,904,70,834
123000204,97,1059,-962
123000205,459,1664,-1205
123000206,2077,238,1839
123000207,108,849,-741
123000208,473,183,290
123000209,2166,686,1480
123000210,548,2329,-1781
123000211,535,2526,-1991
123000212,2630,481,2149
123000213,775,106,669
123000215,137,198,-61
123000216,143,497,-354
123000217,160,40,120
123000218,74,561,-487
123000219,884,52,832
123000220,461,72,389
123000221,222,112,110
123000222,319,335,-16
123000223,240,282,-42
123000224,394,471,-77
123000225,241,47,194
123000226,72,275,-203
123000227,114,248,-134
123000228,221,58,163
123000229,1324,1659,-335
123000232,103,543,-440
123000233,604,193,411
123000234,124,616,-492
123000235,785,325,460
123000236,228,601,-373
123000237,266,76,190
123000238,88,435,-347
123000239,482,1222,-740
123000240,48,358,-310
123000241,618,100,518
123000242,119,190,-71
123000243,816,915,-99
123000244,808,789,19
123000245,50,206,-156
123000249,305,583,-278
123000252,761,209,552
123000253,957,529,428
123000254,658,905,-247
123000255,1055,883,172
123000256,28,212,-184
123000257,2700,1908,792
123000258,968,826,142
123000259,258,410,-152
123000260,488,368,120
123000261,148,125,23
123000262,107,192,-85
123000263,318,107,211
123000264,156,88,68
123000265,60,141,-81
123000266,541,747,-206
123000267,461,317,144
123000268,52,82,-30
123000269,63,53,10
123000270,38,76,-38
123000271,92,58,34
123000272,683,316,367
123000273,240,549,-309
123000274,1151,704,447
123000275,280,716,-436
123000278,2749,2280,469
123000279,128,117,11
123000280,412,317,95
123000281,303,92,211
123000282,124,271,-147
123000283,137,77,60
123000284,59,100,-41
123000286,315,285,30
123000287,633,274,359
123000288,1413,653,760
123000289,469,786,-317
123000291,252,779,-527
123000294,218,259,-41
123000295,935,804,131
123000296,559,422,137
123000297,610,642,-32
123000298,595,452,143
123000299,72,207,-135
123000300,749,873,-124
123000301,145,198,-53
123000302,103,165,-62
123000303,98,109,-11
123000305,829,798,31
123000306,114,127,-13
123000309,51,87,-36
123000310,44,61,-17
123000311,0,70,-70
123000312,480,850,-370
123000313,503,335,168
123000315,61,268,-207
123000316,1156,262,894
123000317,248,94,154
123000318,76,195,-119
123000329,9,9,0
123000337,1124,312,812
123000338,542,71,471
123000339,206,209,-3
123000340,149,422,-273
123000342,48,117,-69
123000343,39,4,35
123000344,1175,418,757
123000345,381,475,-94
123000346,331,57,274
123000352,1181,788,393
123000353,33,212,-179
123000354,323,4,319
123000355,1,379,-378
123000356,339,8,331
123000357,3,109,-106
123000359,10,137,-127
123000360,221,73,148
123000361,255,302,-47
123000362,268,105,163
123000363,85,171,-86
123000364,509,477,32
123000365,13,313,-300
123000366,403,1680,-1277
123000367,299,952,-653
123000370,25,172,-147
123000371,311,33,278
123000372,290,16,274
123000373,7,286,-279
123000374,12,198,-186
123000375,355,29,326
123000376,910,613,297
123000377,211,19,192
123000378,21,181,-160
123000379,2,187,-185
123000380,39,368,-329
123000381,137,55,82
123000382,1199,86,1113
123000383,143,1184,-1041
123000384,386,95,291
123000385,235,459,-224
123000436,37,857,-820
123000507,168,336,-168
123000508,208,838,-630
123000517,274,47,227
123000518,25,205,-180
123000519,165,63,102
123000520,46,229,-183
123000521,308,102,206
123000522,172,387,-215
123000541,4,3,1
123000542,0,18,-18
123000565,896,35,861
123000566,240,638,-398
123000567,78,208,-130
123000573,40,654,-614
123000574,577,52,525
123000575,1246,1090,156
123000576,591,1230,-639
123000577,61,522,-461
123000578,462,66,396
123000579,2940,4300,-1360
123000580,124,51,73
123000582,294,38,256
123000583,21,290,-269
123000584,157,255,-98
123000585,1,80,-79
123000586,85,2,83
123000596,99,79,20
123000597,49,130,-81
123000602,27,6,21
123000603,631,619,12
123000604,449,726,-277
123000605,892,59,833
123000606,3,366,-363
123000609,17,295,-278
123000610,204,119,85
123000613,44,196,-152
123000614,243,50,193
123000615,118,136,-18
123000616,455,52,403
123000617,74,238,-164
123000618,53,445,-392
123000619,525,40,485
123000620,29,328,-299
123000622,380,19,361
123000624,137,67,70
123000630,1146,380,766
123000631,314,1388,-1074
123000632,781,808,-27
123000633,0,279,-279
123000634,67,96,-29
123000635,99,110,-11
123000636,39,465,-426
123000637,204,20,184
123000638,543,48,495
123000639,875,3367,-2492
123000640,30,652,-622
123000648,324,114,210
123000649,37,455,-418
123900001,1025,40,985
123900002,26,1152,-1126
123900003,342,434,-92
123900005,202,160,42
123900006,244,50,194
124000001,1744,145,1599
124000002,91,1499,-1408
124000003,683,137,546
124000004,70,471,-401
124000005,901,348,553
124000006,247,982,-735
124000007,428,101,327
124000008,31,424,-393
124000009,568,252,316
124000010,166,425,-259
124000011,899,304,595
124000012,272,600,-328
124000017,191,177,14
124000018,115,66,49
124000019,136,158,-22
124000020,72,168,-96
124000021,148,90,58
124000022,118,192,-74
124000023,1329,1332,-3
124000024,1112,492,620
124000025,914,1564,-650
124000026,926,890,36
124000027,3798,4569,-771
124000028,2081,3967,-1886
124000030,2623,1287,1336
124000031,1662,2666,-1004
124000032,2632,1005,1627
124000033,952,515,437
124000034,808,1120,-312
124000035,285,216,69
124000036,171,573,-402
124000037,413,1200,-787
124000038,71,137,-66
124000039,996,461,535
124000040,547,1128,-581
124000041,390,71,319
124000042,100,406,-306
124000043,167,116,51
124000044,87,208,-121
124000045,671,517,154
124000046,317,624,-307
124000047,1404,847,557
124000048,905,1094,-189
124000049,1632,719,913
124000050,894,1744,-850
124000051,823,547,276
124000052,615,917,-302
124000053,516,1412,-896
124000054,1041,546,495
124000055,1406,2197,-791
124000056,1996,1690,306
124000057,913,585,328
124000058,555,1264,-709
124000059,562,1276,-714
124000060,1370,669,701
124000061,1426,4811,-3385
124000062,6183,2114,4069
124000063,1384,1895,-511
124000064,2078,1328,750
124000065,133,438,-305
124000066,278,132,146
124000067,210,158,52
124000068,64,139,-75
124000069,741,181,560
124000070,223,515,-292
124000071,260,97,163
124000072,241,455,-214
124000073,903,206,697
124000074,263,676,-413
124000075,255,32,223
124000076,7,162,-155
124000077,1750,750,1000
124000078,2841,1408,1433
124000079,387,1200,-813
124000080,605,177,428
124000081,193,531,-338
124000082,56,187,-131
124000083,148,85,63
124000084,105,402,-297
124000085,163,66,97
124000086,62,70,-8
124000087,177,103,74
124000088,223,387,-164
124000089,765,343,422
124000090,121,339,-218
124000091,461,137,324
124000092,106,528,-422
124000093,132,87,45
124000094,113,420,-307
124000095,70,128,-58
124000096,152,244,-92
124000097,87,150,-63
124000098,81,128,-47
124000099,180,101,79
124000100,31,107,-76
124000101,99,102,-3
124000102,80,71,9
124000103,94,121,-27
124000104,110,65,45
124000105,65,93,-28
124000106,139,86,53
124000107,21,162,-141
124000108,57,28,29
124000109,110,101,9
124000110,271,120,151
124000111,210,138,72
124000112,522,594,-72
124000113,83,108,-25
124000114,227,411,-184
124000115,410,637,-227
124000116,130,142,-12
124000117,40,93,-53
124000118,55,102,-47
124000119,881,400,481
124000120,459,367,92
124000121,1936,917,1019
124000122,551,1179,-628
124000123,957,492,465
124000124,498,944,-446
124000125,363,439,-76
124000126,284,601,-317
124000127,760,361,399
124000128,568,846,-278
124000129,1833,1396,437
124000130,733,636,97
124000131,904,589,315
124000132,893,732,161
124000133,735,739,-4
124000134,806,530,276
124000135,1596,1692,-96
124000136,934,984,-50
124000137,1184,721,463
124000138,1330,1234,96
124000139,618,48,570
124000140,32,363,-331
124000141,539,34,505
124000142,50,394,-344
124000143,119,11,108
124000144,6,172,-166
124000145,136,45,91
124000146,45,79,-34
124000148,69,152,-83
124000149,1267,517,750
124000150,343,612,-269
124000151,843,447,396
124000152,873,1250,-377
124000153,606,671,-65
124000154,430,642,-212
124000155,1323,1014,309
124000156,1692,1068,624
124000169,165,380,-215
124000170,459,433,26
124000171,253,172,81
124000172,256,460,-204
124000173,417,173,244
124000174,328,488,-160
124000175,1,118,-117
124000176,53,15,38
124000177,8,34,-26
124000178,41,56,-15
124000190,119,41,78
124000191,179,106,73
124000192,1967,359,1608
124000193,361,810,-449
124000194,409,468,-59
124000195,259,679,-420
124000196,1219,1048,171
124000197,32,47,-15
124000198,49,50,-1
124000201,328,773,-445
124000202,541,294,247
124000203,446,577,-131
124000204,745,317,428
124000205,157,407,-250
124000206,695,318,377
124000207,0,47,-47
124000209,219,456,-237
124000210,411,175,236
124000211,584,2,582
124000212,1,359,-358
124000213,368,291,77
124000214,289,483,-194
124000215,364,30,334
124000216,1,351,-350
124000329,120,1362,-1242
124000338,113,664,-551
124000339,959,105,854
124000341,1277,77,1200
124000344,28,4,24
124000357,799,2043,-1244
124000358,815,1381,-566
124000359,858,707,151
124000360,788,595,193
124000361,1854,835,1019
124000362,1179,1761,-582
124000363,274,314,-40
124000364,574,766,-192
124000365,714,1021,-307
124000366,1427,757,670
124000367,117,502,-385
124000368,547,406,141
124000369,210,136,74
124000370,89,672,-583
124000402,49,22,27
124000403,125,28,97
124000404,15,112,-97
124000405,942,755,187
124000406,714,770,-56
124000407,0,47,-47
124000411,15,270,-255
124000412,479,10,469
124000413,237,26,211
124000414,55,82,-27
124000415,50,122,-72
124000416,177,248,-71
124000417,134,98,36
124000418,201,84,117
124000419,89,123,-34
124000420,86,65,21
124000421,56,172,-116
124000422,29,17,12
124000423,142,39,103
124000424,6,133,-127
124000425,158,15,143
124000426,9,178,-169
124000427,130,10,120
124000428,11,36,-25
124000429,65,52,13
124000430,595,384,211
124000431,285,411,-126
124000432,204,612,-408
124000439,2,8,-6
124000443,2,8,-6
124000445,590,1006,-416
124000446,1393,123,1270
124000447,15,101,-86
124900001,455,358,97
124900002,114,301,-187
124900003,964,575,389
124900004,550,371,179
124900005,239,132,107
124900006,637,355,282
124900008,1188,556,632
124900009,163,364,-201
124900010,137,115,22
124900011,493,213,280
124900012,363,115,248
124900013,434,156,278
124900014,299,58,241
124900015,137,318,-181
124900016,50,91,-41
124900017,549,1226,-677
124900018,67,20,47
124900020,86,47,39
124900021,280,66,214
124900022,117,20,97
124900024,248,11,237
124900026,216,53,163
124900027,80,388,-308
124900028,392,68,324
124900029,9,491,-482
124900030,6,88,-82
124900031,43,226,-183
124900032,171,225,-54
124900033,135,213,-78
124900034,3,86,-83
124900035,194,407,-213
124900036,1,65,-64
124900037,224,233,-9
124900038,293,353,-60
124900039,1,71,-70
124900040,125,71,54
124900041,238,996,-758
124900042,163,7,156
124900043,586,997,-411
124900044,74,2,72
124900045,590,1143,-553
124900047,164,174,-10
124900048,221,115,106
124900050,167,236,-69
124900052,113,323,-210
124900053,142,340,-198
124900054,1425,479,946
124900055,1,139,-138
124900057,6,58,-52
124900060,48,173,-125
124900061,61,10,51
124900062,182,24,158
124900066,0,12,-12
124900067,8,121,-113
124900068,252,410,-158
124900070,77,41,36
124900072,142,38,104
124900075,183,220,-37
124900076,31,1006,-975
124900077,29,96,-67
124900078,103,23,80
124900079,525,189,336
124900080,298,604,-306
124900081,822,309,513
124900082,385,774,-389
124900083,242,515,-273
124900085,982,447,535
124900086,102,1428,-1326
124900087,743,94,649
124900088,760,91,669
124900089,1407,35,1372
124900090,251,223,28
124900091,294,295,-1
124900092,204,186,18
124900093,354,175,179
124900094,266,232,34
124900095,92,433,-341
124900096,451,180,271
124900097,343,53,290
124900098,123,309,-186
124900099,556,441,115
124900100,275,63,212
124900101,74,430,-356
124900102,209,18,191
124900103,119,169,-50
124900104,61,114,-53
124900105,105,96,9
124900106,354,52,302
124900107,91,14,77
124900108,196,60,136
124900111,0,117,-117
124900112,43,375,-332
124900113,93,318,-225
124900114,170,155,15
124900115,106,49,57
124900116,174,131,43
124900117,314,126,188
124900118,234,210,24
124900119,320,176,144
124900120,39,319,-280
124900121,78,358,-280
124900122,278,196,82
124900123,323,143,180
124900124,110,398,-288
204000001,95,16,79
204000002,24,4,20
204000003,20,2,18
204000004,4,2,2
204000005,714,639,75
204000006,1437,1459,-22
204000011,2,53,-51
204000012,63,133,-70
204000019,652,463,189
204000020,604,522,82
204000021,1414,704,710
204000022,469,498,-29
204000023,567,937,-370
204000031,114,33,81
204000032,627,31,596
204000034,29,160,-131
204000035,0,3,-3
204000036,1,16,-15
204000037,0,18,-18
204000038,0,18,-18
204000039,10,27,-17
204000040,6,26,-20
204000041,2,24,-22
204000042,29,14,15
204000043,30,3,27
204000044,27,2,25
204000045,36,1,35
204000046,18,4,14
204000057,5,10,-5
204000062,31,50,-19
204000068,28,265,-237
204000069,41,319,-278
204000070,101,85,16
204000080,76,82,-6
204000085,2393,2056,337
204000086,2892,2081,811
204000087,68,11,57
204000088,2,73,-71
204000090,79,246,-167
204000093,308,55,253
204000096,678,1307,-629
204000097,388,34,354
204000099,1103,1397,-294
204000100,1358,2076,-718
204000105,2352,1457,895
204000110,651,1039,-388
204000111,485,565,-80
204000112,1005,608,397
204000113,436,642,-206
204000114,628,513,115
204000115,452,347,105
204000116,588,449,139
204000119,1795,2788,-993
204000132,744,366,378
204000133,938,343,595
204000134,223,123,100
204000135,721,105,616
204000136,900,189,711
204000138,414,414,0
204000140,239,177,62
204000141,197,67,130
204000144,32,24,8
204000145,449,35,414
204000146,30,320,-290
204000147,47,225,-178
204000148,281,35,246
204000154,8,5,3
204000155,1,4,-3
204000177,88,40,48
204000179,13,12,1
204000180,0,45,-45
204000222,2,4,-2
204000235,15,10,5
204000236,61,243,-182
204000238,16,30,-14
204000240,368,84,284
204000263,782,1094,-312
204000268,1234,919,315
204000308,183,20,163
204000317,17,62,-45
204000322,8,34,-26
204000323,10,8,2
204000328,174,79,95
204000329,86,148,-62
204000330,199,52,147
204000331,88,151,-63
205000001,1192,2081,-889
205000013,3,66,-63
205000014,11,99,-88
205000015,24,190,-166
205000016,16,181,-165
205000017,14,82,-68
205000022,383,878,-495
205000025,1471,1276,195
205000029,251,6,245
205000045,164,434,-270
205000046,120,531,-411
205000047,47,481,-434
205000048,360,1264,-904
205000049,196,931,-735
205000050,746,322,424
205000059,0,225,-225
205000060,0,118,-118
205000061,5,61,-56
205000062,2,71,-69
205000063,34,74,-40
205000064,27,71,-44
205000065,47,558,-511
205000066,115,807,-692
205000067,35,868,-833
205000069,228,25,203
205000082,139,170,-31
205000110,112,289,-177
205000111,223,292,-69
205000112,171,206,-35
205000113,229,419,-190
205000121,238,56,182
205000123,51,237,-186
205000126,595,86,509
205000127,956,246,710
205000128,632,90,542
205000129,630,103,527
205000130,266,34,232
205000131,145,4,141
205000132,361,0,361
205000133,229,2,227
205000134,309,0,309
205000137,69,129,-60
205000138,125,304,-179
205000139,29,137,-108
205000144,93,103,-10
205000145,330,164,166
205000151,145,49,96
205000152,235,24,211
205000153,224,55,169
205000154,92,41,51
205000155,145,16,129
205000207,7,160,-153
205000233,43,3,40
205000234,0,0,0
205000243,0,0,0
205000244,6,5,1
205000245,12,157,-145
205000249,0,25,-25
205000250,3,0,3
205000264,3,104,-101
206000027,7,2,5
206000028,4,2,2
206000043,6,36,-30
206000053,3,7,-4
206000054,2,19,-17
206000055,0,20,-20
206000075,5,15,-10
206000076,18,18,0
206000077,18,9,9
206000078,38,7,31
206000079,8,14,-6
206000082,379,46,333
206000100,28,502,-474
206000103,6,12,-6
206000104,17,24,-7
206000105,9,7,2
206000106,11,19,-8
206000125,52,0,52
206000157,46,505,-459
206000170,3,143,-140
206000171,1,166,-165
206000172,5,340,-335
206000173,2,208,-206
206000174,7,76,-69
206000175,3,106,-103
206000176,17,152,-135
206000177,2,103,-101
206000178,1,149,-148
206000179,6,69,-63
206000180,8,104,-96
206000181,26,127,-101
206000182,14,126,-112
206000183,19,413,-394
206000184,3,247,-244
206000185,4,126,-122
206000186,95,837,-742
206000223,5,193,-188
206000226,14,2,12
206000227,19,2,17
206000237,35,277,-242
206000238,29,496,-467
206000239,206,1620,-1414
206000240,0,54,-54
206000241,0,82,-82
206000242,10,205,-195
206000243,6,175,-169
206000244,40,467,-427
206000245,602,56,546
206000246,167,23,144
206000247,174,5,169
206000248,303,23,280
206000252,85,29,56
206000258,22,41,-19
206000315,14,6,8
206000317,408,94,314
206000318,444,63,381
206000319,1052,76,976
206000320,128,22,106
206000321,148,12,136
206000322,371,12,359
206000323,148,15,133
206000324,134,8,126
206000325,150,13,137
206000326,133,7,126
206000327,222,3,219
206000328,128,1,127
206000329,215,9,206
206000330,41,2,39
206000331,118,1,117
206000332,25,3,22
206000333,552,1,551
206000334,206,0,206
206000335,0,10,-10
206000361,3,183,-180
206000392,0,17,-17
206000405,97,1,96
206000441,20,10,10
206000498,43,9,34
206000515,92,36,56
206000530,188,47,141
206000531,180,166,14
206000532,1339,264,1075
206000535,195,1533,-1338
206000536,14,144,-130
206000537,11,145,-134
206000613,1221,165,1056
206000784,447,37,410
207000001,190,699,-509
207000002,92,288,-196
207000003,191,156,35
207000007,928,231,697
207000008,96,18,78
207000009,56,48,8
207000010,431,451,-20
207000012,299,262,37
207000015,288,1221,-933
207000019,248,95,153
207000021,553,160,393
207000022,152,137,15
207000023,183,49,134
207000024,4,13,-9
207000025,24,73,-49
207000026,110,63,47
207000027,17,93,-76
207000028,71,190,-119
207000029,204,438,-234
207000033,218,411,-193
207000034,296,71,225
207000039,305,123,182
207000040,304,93,211
207000041,108,38,70
207000042,174,76,98
207000043,244,235,9
207000051,122,211,-89
207000052,23,145,-122
207000053,448,579,-131
207000054,42,108,-66
207000055,194,110,84
207000056,362,339,23
207000057,146,268,-122
207000058,179,299,-120
207000059,146,490,-344
207000060,102,187,-85
207000061,224,497,-273
207000062,293,54,239
207000063,294,105,189
207000064,387,145,242
207000065,385,221,164
207000066,216,178,38
207000067,35,86,-51
207000068,141,63,78
207000069,768,312,456
207000082,8,208,-200
207000083,81,266,-185
207000084,188,269,-81
207000085,235,17,218
207000086,172,7,165
207000106,32,37,-5
207000107,70,19,51
207000108,64,12,52
207000109,87,9,78
207000110,50,97,-47
207000111,78,75,3
207000112,191,645,-454
207000114,25,49,-24
207000115,19,85,-66
207000116,19,358,-339
207000117,9,107,-98
207000118,9,66,-57
207000119,51,65,-14
207000123,223,27,196
207000124,92,35,57
207000125,54,71,-17
207000126,64,78,-14
207000134,86,127,-41
207000135,33,188,-155
207000148,51,302,-251
207000149,85,40,45
207000152,155,329,-174
207000153,1061,1416,-355
207000154,386,136,250
207000159,131,173,-42
207000160,167,351,-184
207000238,2,184,-182
207000242,4,173,-169
207000248,30,18,12
207000249,132,33,99
207000250,614,76,538
207000251,123,81,42
207000252,59,71,-12
207000278,81,80,1
207000279,33,149,-116
207000280,492,76,416
207000281,144,810,-666
207000282,241,119,122
207000283,211,232,-21
207000284,134,190,-56
207000285,116,81,35
207000291,21,99,-78
207000304,134,63,71
207000306,89,376,-287
207000310,77,109,-32
207000353,340,2,338
207000356,26,30,-4
207000357,12,14,-2
207000358,11,14,-3
207000415,7,165,-158
207000417,51,6,45
207000418,101,177,-76
207000438,0,2,-2
207000439,1141,765,376
207000446,226,9,217
207000460,41,10,31
207000466,177,157,20
207000467,208,96,112
207000468,68,321,-253
207000476,3,44,-41
207000477,533,54,479
207000478,6,26,-20
207000523,0,23,-23
207000524,106,1,105
207000527,110,165,-55
207000530,497,52,445
207000531,336,12,324
207000532,108,24,84
207000534,531,68,463
207000535,46,350,-304
207000537,8,113,-105
207000540,7,144,-137
207000541,6,285,-279
207000548,10,208,-198
207000549,403,21,382
207000561,171,173,-2
207000562,47,161,-114
207000567,169,245,-76
207000568,199,70,129
207000569,422,567,-145
207000584,343,215,128
207000585,83,347,-264
207000587,128,27,101
207000616,1,135,-134
207000617,143,1,142
207000624,55,40,15
207000631,6,71,-65
207900008,226,100,126
208000001,650,955,-305
208000002,705,458,247
208000003,1116,501,615
208000004,1307,630,677
208000005,7,13,-6
208000019,523,1167,-644
208000020,156,517,-361
208000021,243,337,-94
208000022,1147,462,685
208000028,1259,862,397
208000033,659,553,106
208000034,1053,1281,-228
208000037,245,16,229
208000040,164,226,-62
208000041,1107,687,420
208000042,1657,687,970
208000047,150,254,-104
208000064,2488,1500,988
208000066,1791,2379,-588
208000070,304,376,-72
208000071,441,877,-436
208000072,327,1257,-930
208000080,323,287,36
208000081,403,135,268
208000082,375,285,90
208000083,178,477,-299
208000084,24,20,4
208000085,932,763,169
208000086,487,1101,-614
208000087,425,800,-375
208000089,1079,359,720
208000090,991,567,424
208000093,203,164,39
208000094,539,370,169
208000095,648,388,260
208000104,839,908,-69
208000105,700,1033,-333
208000114,110,286,-176
208000115,474,346,128
208000116,507,1149,-642
208000117,154,179,-25
208000118,98,146,-48
208000155,838,1071,-233
208000158,1239,3387,-2148
208000186,3910,4257,-347
208000204,713,958,-245
208000205,1352,999,353
208000282,6318,3123,3195
209000004,372,165,207
209000005,64,27,37
209000006,418,137,281
209000007,247,270,-23
209000010,428,113,315
209000011,183,217,-34
209000012,234,145,89
209000013,259,283,-24
209000014,596,916,-320
209000025,240,40,200
209000026,526,127,399
209000027,487,716,-229
209000028,401,588,-187
209000029,574,577,-3
209000030,604,1139,-535
209000031,2220,1872,348
209000034,178,239,-61
209000035,150,192,-42
209000036,175,114,61
209000037,256,264,-8
209000038,149,163,-14
209000039,85,153,-68
209000040,232,538,-306
209000041,192,458,-266
209000042,236,401,-165
209000043,657,833,-176
209000044,195,777,-582
209000045,1497,504,993
209000046,650,519,131
209000047,515,211,304
209000048,596,323,273
209000049,105,115,-10
209000050,283,171,112
209000051,384,319,65
209000052,190,316,-126
209000062,43,86,-43
209000063,46,64,-18
209000064,32,85,-53
209000065,93,32,61
209000066,87,42,45
209000067,70,46,24
209000080,31,250,-219
209000082,90,32,58
209000091,19,114,-95
209000093,44,29,15
209000094,229,164,65
209000110,53,145,-92
209000111,396,997,-601
209000112,770,507,263
209000113,1096,479,617
209000114,433,323,110
209000115,93,139,-46
209000116,658,430,228
209000118,24,45,-21
209000119,41,19,22
209000121,160,492,-332
209000135,90,218,-128
209000142,543,1069,-526
209000143,79,77,2
209000144,63,114,-51
209000229,324,157,167
209000240,50,254,-204
209000259,133,110,23
209000260,47,838,-791
209000261,6,464,-458
209000262,2,414,-412
209000263,1,174,-173
209000264,1,87,-86
209000265,596,38,558
209000266,106,1,105
209000267,789,10,779
209000268,602,59,543
210000037,92,32,60
210000047,75,21,54
210000048,100,19,81
210000049,27,20,7
210000052,43,64,-21
210000053,25,52,-27
210000054,78,59,19
210000070,152,3,149
210000071,71,0,71
210000072,28,0,28
210000073,1,29,-28
210000074,0,95,-95
210000075,6,114,-108
210000076,5,163,-158
210000077,15,38,-23
210000078,43,25,18
210000079,38,17,21
210000080,119,66,53
210000081,171,29,142
210000082,181,3,178
210000083,69,0,69
210000084,42,0,42
210000085,0,61,-61
210000086,4,70,-66
210000099,42,248,-206
210000100,38,181,-143
210000101,64,203,-139
210000105,36,142,-106
210000159,0,143,-143
210000163,130,184,-54
210000164,274,173,101
210000168,129,40,89
210000187,1,12,-11
210000188,1,19,-18
210000214,88,0,88
210000219,29,35,-6
210000220,87,28,59
210000232,0,28,-28
210000233,38,59,-21
210000234,18,122,-104
210000235,41,74,-33
210000245,3,31,-28
210000246,35,3,32
210000258,3,98,-95
210000259,328,77,251
210000282,120,219,-99
210000285,0,126,-126
210000286,16,157,-141
210000290,1,12,-11
210000295,52,105,-53
210000296,32,43,-11
210000320,116,43,73
210000321,120,44,76
210000338,63,67,-4
210000339,344,1066,-722
210000340,113,322,-209
210000341,203,249,-46
210000342,220,133,87
210000343,120,160,-40
210000344,231,79,152
210000345,127,166,-39
210000346,57,102,-45
210000347,70,36,34
210000348,150,15,135
210000349,76,7,69
210000350,135,67,68
210000351,125,120,5
210000352,75,73,2
210000353,48,89,-41
210000354,86,92,-6
210000355,44,86,-42
210000356,27,31,-4
210000357,59,30,29
210000358,228,107,121
210000359,82,77,5
210000360,126,114,12
210000361,195,136,59
210000362,282,172,110
210000363,818,228,590
210000364,126,131,-5
210000365,127,49,78
210000366,124,46,78
210000367,107,40,67
210000368,123,37,86
210000369,22,19,3
210000370,36,42,-6
210000372,29,35,-6
210000373,32,13,19
210000374,50,10,40
210000375,28,70,-42
210000376,56,108,-52
210000404,64,108,-44
210000439,22,53,-31
210000472,72,5,67
210000482,64,61,3
210000564,369,310,59
210000567,0,35,-35
210000568,301,4,297
211000092,43,34,9
211000094,25,11,14
211000169,271,8,263
211000172,17,265,-248
211000209,1,19,-18
211000226,12,27,-15
211000270,38,17,21
211000275,25,14,11
211000276,69,21,48
211000279,17,26,-9
211000281,41,32,9
211000302,24,98,-74
211507980,3,44,-41
211977296,48,5,43
212000003,124,47,77
212000004,37,22,15
212000005,28,23,5
212000006,42,65,-23
212000008,152,190,-38
212000009,39,116,-77
212000012,72,110,-38
212000013,31,58,-27
212000014,241,179,62
212000015,276,266,10
212000016,422,556,-134
212000027,458,369,89
212000028,290,447,-157
212000029,257,306,-49
212000030,50,29,21
212000031,66,53,13
212000048,51,156,-105
212000049,21,106,-85
212000050,30,12,18
212000051,144,168,-24
212000052,196,278,-82
212000053,418,544,-126
212000054,237,136,101
212000055,214,204,10
212000056,16,43,-27
212000057,13,49,-36
212000058,224,24,200
212000070,130,172,-42
212000077,136,680,-544
212000099,226,297,-71
212000108,109,173,-64
212000111,142,104,38
212000120,108,71,37
212000138,117,31,86
212000156,11,155,-144
212000158,19,18,1
212000159,347,50,297
212000160,560,268,292
212000161,66,20,46
212000310,34,23,11
212000311,14,63,-49
212000374,35,16,19
213000001,35,334,-299
213000005,378,166,212
213000006,1038,294,744
213000007,256,14,242
213000009,751,572,179
213000010,138,307,-169
213000011,195,120,75
213000012,120,364,-244
213000014,97,7,90
213000015,242,13,229
213000016,453,1,452
213000017,135,23,112
213000018,0,180,-180
213000019,1,191,-190
213000020,97,408,-311
213000021,1,120,-119
213000023,312,185,127
213000033,304,1644,-1340
213000034,866,290,576
213000035,93,231,-138
213000045,182,224,-42
213000046,247,151,96
213000047,820,1251,-431
213000056,108,39,69
213000069,112,4,108
213000073,1,45,-44
213000074,45,326,-281
213000075,552,14,538
213000076,57,1,56
213000085,8,23,-15
213000086,8,167,-159
213000091,170,21,149
213000092,135,19,116
213000099,150,1165,-1015
213000100,1244,231,1013
213000101,335,123,212
213000102,384,282,102
213000103,739,745,-6
213000104,39,340,-301
213000105,2,196,-194
213000106,33,129,-96
213000107,185,504,-319
213000108,31,502,-471
213000109,13,267,-254
213000110,15,80,-65
213000111,27,98,-71
213000112,210,146,64
213000115,69,19,50
213000116,42,413,-371
213000117,8,554,-546
213000118,385,224,161
213000119,69,621,-552
213000120,119,507,-388
213000122,174,518,-344
213000123,333,1352,-1019
213000124,132,1133,-1001
213000125,115,21,94
213000126,46,84,-38
213000127,140,186,-46
213000128,444,952,-508
213000129,318,620,-302
213000130,425,256,169
213000132,320,107,213
213000133,475,104,371
213000134,747,27,720
213000136,424,23,401
213000137,621,80,541
213000139,407,30,377
213000147,81,2,79
213000148,40,10,30
213000149,62,3,59
213000150,1,134,-133
213000151,2,140,-138
213000152,4,104,-100
213000153,11,146,-135
213000154,37,225,-188
213000155,25,189,-164
213000156,137,542,-405
213000157,618,384,234
213000158,312,925,-613
213000159,543,543,0
213000163,793,112,681
213000165,770,207,563
213000171,1,112,-111
213000172,4,273,-269
213000173,10,260,-250
213000174,1,125,-124
213000175,15,71,-56
213000176,37,38,-1
213000177,49,3,46
213000178,120,1,119
213000179,192,1,191
213000180,134,1,133
213000184,124,358,-234
213000188,281,122,159
213000189,302,43,259
213000190,892,830,62
213000191,274,407,-133
213000192,246,355,-109
213000193,909,229,680
213000194,1,70,-69
213000195,22,385,-363
213000196,256,1199,-943
213000197,405,548,-143
213000198,97,2,95
213000200,131,907,-776
213000201,99,65,34
213000202,11,510,-499
213000203,3285,715,2570
213000204,593,97,496
213000205,178,98,80
213000206,418,82,336
213000207,251,24,227
213000208,110,2,108
213000209,225,5,220
213000210,442,4,438
213000211,12,20,-8
213000212,20,31,-11
213000213,23,52,-29
213000218,256,580,-324
213000219,418,27,391
213000220,377,8,369
213000223,263,254,9
213000224,89,75,14
213000225,107,10,97
213000226,110,13,97
213000227,793,235,558
213000228,366,121,245
213000229,442,47,395
213000230,503,30,473
213000232,86,978,-892
213000233,14,82,-68
213000234,4,29,-25
213000293,19,79,-60
213000294,177,16,161
213000295,20,88,-68
213000296,65,24,41
213000297,6,99,-93
213000298,43,121,-78
213000299,59,53,6
213000300,64,12,52
213000303,9,23,-14
213000304,2,12,-10
213000305,11,15,-4
213000306,50,33,17
213000307,125,84,41
213000308,106,168,-62
213000309,125,59,66
213000310,434,138,296
213000311,365,607,-242
213000315,89,98,-9
213000316,129,54,75
213000322,106,130,-24
213000323,70,47,23
213000324,41,25,16
213000325,40,80,-40
213000326,11,10,1
213000327,11,30,-19
213000328,22,146,-124
213000329,92,24,68
213000340,169,573,-404
213000341,451,80,371
213000346,221,203,18
213000347,851,386,465
213000348,33,99,-66
213000349,50,22,28
213000350,325,989,-664
213000366,97,259,-162
213000367,275,51,224
213000379,168,44,124
213000386,29,281,-252
213000406,89,368,-279
213000417,1068,476,592
213000425,136,23,113
213000426,98,69,29
213000427,42,210,-168
213000428,48,193,-145
213000429,37,1,36
213000430,90,667,-577
213000431,250,2,248
213000432,7,92,-85
213000433,9,130,-121
213000434,113,97,16
213000435,88,84,4
213000436,28,62,-34
213000437,0,4,-4
213000438,181,50,131
213000439,48,14,34
213000440,15,323,-308
213000441,3,0,3
213000442,0,38,-38
213000443,454,377,77
213000444,21,33,-12
213000445,0,72,-72
213000446,1,78,-77
213000447,2,40,-38
213000448,6,110,-104
213000449,271,7,264
213000450,17,38,-21
213000451,153,77,76
213000452,19,18,1
213000453,32,235,-203
213000455,715,8,707
213000456,5,369,-364
213000481,24,11,13
213000482,92,3,89
213000489,358,58,300
213000491,3,174,-171
213000492,314,7,307
213000493,0,93,-93
213000494,258,124,134
213000495,0,90,-90
213000496,437,166,271
213000497,60,242,-182
213000498,77,182,-105
213000499,147,508,-361
213000500,387,69,318
213000501,105,24,81
213000502,229,87,142
213000503,2,61,-59
213000504,13,86,-73
213000505,3,9,-6
213000506,0,12,-12
213000507,0,143,-143
213900244,26,0,26
213900245,0,43,-43
218000003,19,50,-31
218000004,30,30,0
218000005,36,48,-12
218000006,50,40,10
218000007,19,14,5
218000012,165,154,11
218000013,164,120,44
218000014,429,451,-22
218000019,780,680,100
218000020,267,476,-209
218000021,0,0,0
218000022,0,0,0
218000023,0,0,0
218000024,0,0,0
218000025,0,0,0
218000026,0,0,0
218000027,0,0,0
218000028,0,0,0
218000029,0,0,0
218000030,0,0,0
218000031,0,0,0
218000032,0,0,0
218000040,12,0,12
218000046,59,88,-29
218000047,6,117,-111
218000048,60,95,-35
218000049,90,93,-3
218000050,279,242,37
218000051,71,205,-134
218000052,2,86,-84
218000053,3,15,-12
218000054,12,26,-14
218000055,4,14,-10
218000056,14,10,4
218000057,6,22,-16
218000064,2,14,-12
218000065,108,40,68
218000066,23,75,-52
218000067,51,90,-39
218000068,68,57,11
218000069,186,137,49
218000070,256,218,38
218000071,186,147,39
218000072,276,220,56
218000078,852,794,58
218000079,65,87,-22
218000080,94,78,16
218000081,384,229,155
218000082,58,92,-34
218000083,69,75,-6
218000084,113,143,-30
218000085,115,263,-148
218000086,48,132,-84
218000087,258,179,79
218000090,17,98,-81
218000091,927,482,445
218000092,49,201,-152
218000093,98,52,46
218000094,508,730,-222
218000099,268,814,-546
218000100,261,304,-43
218000101,317,132,185
218000102,354,241,113
218000103,79,138,-59
218000104,99,34,65
218000105,17,13,4
218000106,16,13,3
218000107,51,61,-10
218000108,6,38,-32
218000112,66,20,46
218000117,95,44,51
218000134,562,570,-8
218000135,42,98,-56
218000136,198,125,73
218000137,234,199,35
218000138,32,126,-94
218000139,175,350,-175
218000140,414,263,151
218000141,103,73,30
218000142,219,166,53
218000143,127,254,-127
218000144,81,88,-7
218000145,349,382,-33
218000146,77,184,-107
218000151,5,16,-11
218000152,105,59,46
218000153,0,2,-2
218000154,10,0,10
218000155,10,3,7
218000156,24,4,20
218000157,6,7,-1
218000158,0,2,-2
218000159,0,0,0
218000160,2,2,0
218000161,11,2,9
218000162,11,3,8
218000163,2,1,1
218000164,21,0,21
218000165,24,9,15
218000170,6,43,-37
218000171,40,26,14
218000172,38,12,26
218000173,87,15,72
218000174,41,6,35
218000176,138,29,109
218000177,279,194,85
218000178,69,190,-121
218000179,81,64,17
218000180,71,33,38
218000181,160,56,104
218000187,13,23,-10
218000188,28,65,-37
218000189,29,67,-38
218000190,28,18,10
218000191,131,41,90
218000192,173,186,-13
218000193,407,379,28
218000194,67,311,-244
218000195,106,72,34
218000196,379,305,74
218000197,333,328,5
218000198,44,171,-127
218000199,64,70,-6
218000200,136,38,98
218000201,12,12,0
218000202,75,214,-139
218000207,8,35,-27
218000208,56,42,14
218000211,74,17,57
218000212,0,0,0
218000213,75,62,13
218000214,3,23,-20
218000215,25,35,-10
218000217,5,69,-64
218000218,130,62,68
218000219,37,17,20
218000220,86,244,-158
218000221,640,180,460
218000222,10,37,-27
218000223,22,266,-244
218000224,6,114,-108
218000225,87,26,61
218000226,91,39,52
218000230,3,12,-9
218000232,37,59,-22
218000239,306,9,297
218000240,27,4,23
218000241,77,0,77
218000242,167,5,162
218000243,235,0,235
218000244,123,14,109
218000245,63,4,59
218000246,13,0,13
218000247,7,0,7
218000248,0,23,-23
218000249,4,2,2
218000250,1,4,-3
218000251,5,23,-18
218000252,1,31,-30
218000253,3,28,-25
218000254,1,23,-22
218000255,5,20,-15
218000256,8,107,-99
218000267,508,1094,-586
218000268,16,59,-43
218000269,7,12,-5
218000270,74,60,14
218000271,40,75,-35
218000273,15,6,9
218000274,11,7,4
218000275,24,46,-22
218000276,17,28,-11
218000278,40,34,6
218000279,92,58,34
218000280,7,51,-44
218000281,35,28,7
218000282,542,450,92
218000284,72,14,58
218000301,106,178,-72
218000302,124,77,47
218000303,45,52,-7
218000316,652,1126,-474
218000317,961,1122,-161
218000318,610,909,-299
218000319,1059,1010,49
218000320,771,665,106
218000338,67,31,36
218000345,111,55,56
218000346,39,137,-98
218000459,48,164,-116
218000490,46,71,-25
218000501,88,39,49
218000502,25,71,-46
218000503,96,17,79
218000504,216,33,183
218000505,75,146,-71
218000506,32,327,-295
218000508,3,14,-11
218000510,191,6,185
218000520,124,107,17
218000521,7,43,-36
218000522,1,172,-171
218000523,129,7,122
218000524,38,210,-172
218000525,210,14,196
218000526,18,174,-156
218000529,73,160,-87
218000530,6,3,3
218000531,13,9,4
218000532,16,19,-3
218000534,158,25,133
218000537,58,56,2
218000538,112,187,-75
218000540,155,66,89
218000543,120,43,77
218000544,63,85,-22
218000545,35,62,-27
218000546,41,71,-30
218000547,88,147,-59
218000548,164,96,68
218000549,364,396,-32
218000550,248,276,-28
218000551,157,924,-767
218000552,501,35,466
218000553,103,138,-35
218000554,68,33,35
218000555,37,59,-22
218000556,190,197,-7
218000557,234,197,37
218000558,97,0,97
218000559,0,30,-30
218000560,0,37,-37
218000561,34,0,34
218000562,44,199,-155
218000563,303,21,282
218000564,12,162,-150
218000565,262,30,232
218000566,583,42,541
218000567,7,109,-102
218000568,61,4,57
218000569,17,141,-124
218000570,252,12,240
218000571,0,117,-117
218000572,188,5,183
218000573,18,266,-248
218000574,254,59,195
218000575,130,1,129
218000576,2,93,-91
218000577,79,0,79
218000578,0,87,-87
218000579,38,10,28
218000581,8,47,-39
218000582,50,2,48
218000583,9,0,9
218000584,0,12,-12
218000585,36,3,33
218000586,15,47,-32
218000587,3,8,-5
218000588,6,4,2
218000589,0,6,-6
218000590,7,0,7
218000591,34,1,33
218000592,38,1,37
218000593,6,3,3
218000594,3,0,3
218000597,1,1,0
218000598,0,0,0
218000599,4,1,3
218000600,5,2,3
218000601,0,0,0
218000602,0,12,-12
218000603,0,8,-8
218000604,8,1,7
218000605,0,65,-65
218000606,129,1,128
218000607,22,38,-16
218000608,58,25,33
218000609,13,55,-42
218000610,41,7,34
218000611,27,4,23
218000612,0,20,-20
218000613,34,2,32
218000614,0,77,-77
218000615,159,3,156
218000616,5,136,-131
218000617,31,1,30
218000618,1,25,-24
218000619,21,23,-2
218000620,12,9,3
218000621,0,2,-2
218000622,0,9,-9
218000623,77,5,72
218000624,1,15,-14
218000625,14,0,14
218000626,0,9,-9
218000628,152,41,111
218000631,43,18,25
218000632,14,98,-84
218000633,84,1,83
218000634,12,16,-4
218000635,26,15,11
218000636,808,1039,-231
218000637,898,563,335
218000638,116,28,88
218000639,13,163,-150
218000640,262,19,243
218000641,78,250,-172
218000652,53,64,-11
218000653,123,54,69
218000663,14,193,-179
218000675,250,64,186
218000676,0,0,0
218000677,2,0,2
218000680,241,327,-86
218000681,371,177,194
218000691,207,220,-13
218000693,198,178,20
218000703,0,0,0
218000718,581,1219,-638
218000719,906,690,216
218000720,46,379,-333
218000721,599,33,566
218000725,0,0,0
218001147,1,157,-156
218001214,13,48,-35
218001258,173,4,169
218001329,129,177,-48
218001330,169,82,87
218001351,50,17,33
218001352,19,21,-2
218001353,22,9,13
218001354,12,37,-25
218001355,14,236,-222
218001356,357,15,342
218001357,69,161,-92
218001358,255,27,228
218001361,242,3,239
218001362,0,161,-161
219000001,47,60,-13
219000002,60,62,-2
219000003,85,46,39
219000004,38,49,-11
219000017,120,40,80
219000020,105,51,54
219000022,122,11,111
219000023,148,3,145
219000029,0,101,-101
219000034,42,23,19
219000039,112,116,-4
219000040,56,59,-3
219000041,123,34,89
219000051,0,31,-31
219000052,0,16,-16
219000053,1,109,-108
219000054,32,79,-47
219000055,184,1,183
219000056,15,1,14
219000057,60,1,59
219000062,24,86,-62
219000063,83,7,76
219000064,0,43,-43
219000110,496,43,453
219000111,114,28,86
219000112,188,66,122
219000113,104,54,50
219000114,184,115,69
219000116,119,53,66
219000117,165,75,90
219000118,188,37,151
219000123,210,86,124
219000124,76,37,39
219000125,7,18,-11
219000126,89,115,-26
219000127,0,5,-5
219000128,25,132,-107
219000129,29,123,-94
219000130,533,544,-11
219000131,770,956,-186
219000133,81,51,30
219000134,12,21,-9
219000135,28,34,-6
219000136,103,186,-83
219000138,51,18,33
219000139,20,54,-34
219000140,38,2,36
219000141,22,112,-90
219000142,13,97,-84
219000143,18,76,-58
219000145,22,41,-19
219000146,4,28,-24
219000147,1,20,-19
219000148,6,29,-23
219000149,6,69,-63
219000150,3,54,-51
219000151,2,27,-25
219000157,179,171,8
219000158,197,285,-88
219000161,127,8,119
219000163,1557,583,974
219000166,144,187,-43
219000167,117,188,-71
219000168,234,110,124
219000174,447,131,316
219000175,61,5,56
219000176,81,7,74
219000177,38,2,36
219000178,32,2,30
219000179,13,5,8
219000180,25,35,-10
219000182,176,23,153
219000183,99,47,52
219000184,131,11,120
219000185,0,34,-34
219000186,51,38,13
219000187,28,72,-44
219000189,88,195,-107
219000190,76,255,-179
219000191,1098,1328,-230
219000192,189,155,34
219000193,226,112,114
219000195,2,53,-51
219000196,14,123,-109
219000198,10,102,-92
219000199,68,174,-106
219000200,31,160,-129
219000201,80,205,-125
219000203,33,116,-83
219000204,132,203,-71
219000205,58,129,-71
219000207,127,270,-143
219000209,40,73,-33
219000210,91,90,1
219000213,16,100,-84
219000239,260,295,-35
219000240,214,354,-140
219000241,147,158,-11
219000242,126,122,4
219000243,106,249,-143
219000244,18,85,-67
219000245,67,95,-28
219000246,58,81,-23
219000247,179,34,145
219000248,642,374,268
219000249,176,139,37
219000250,123,91,32
219000251,511,261,250
219000252,290,171,119
219000253,458,92,366
219000255,113,109,4
219000256,237,89,148
219000257,145,1,144
219000262,122,151,-29
219000263,98,155,-57
219000267,1,92,-91
219000268,4,11,-7
219000269,2,2,0
219000270,16,0,16
219000271,144,3,141
219000278,2,5,-3
219000279,1,4,-3
219000283,0,7,-7
219000295,11,83,-72
219000296,76,368,-292
219000297,15,108,-93
219000298,25,126,-101
219000299,405,77,328
219000300,30,171,-141
219000301,318,450,-132
219000302,33,285,-252
219000307,57,26,31
219000308,61,43,18
219000311,225,64,161
219000312,780,137,643
219000313,284,50,234
219000314,52,398,-346
219000315,322,62,260
219000316,516,55,461
219000317,91,23,68
219000320,1,84,-83
219000321,0,22,-22
219000323,3,54,-51
219000325,0,15,-15
219000326,58,86,-28
219000327,55,25,30
219000328,34,55,-21
219000329,365,104,261
219000330,46,42,4
219000331,47,40,7
219000332,117,91,26
219000333,23,3,20
219000335,74,1,73
219000337,19,0,19
219000338,56,0,56
219000344,30,63,-33
219000345,50,82,-32
219000346,48,94,-46
219000348,141,78,63
219000349,56,129,-73
219000350,158,202,-44
219000351,15,3,12
219000352,480,60,420
219000353,90,33,57
219000354,158,112,46
219000355,172,45,127
219000356,1394,1339,55
219000363,248,70,178
219000364,98,41,57
219000365,177,22,155
219000366,276,335,-59
219000368,438,588,-150
219000370,1273,590,683
219000371,16,26,-10
219000382,28,23,5
219000383,779,1043,-264
219000385,491,446,45
219000386,745,1457,-712
219000387,10,19,-9
219000390,6,0,6
219000391,4,3,1
219000397,55,62,-7
219000398,65,50,15
219000401,8,89,-81
219000402,27,83,-56
219000403,172,401,-229
219000404,52,147,-95
219000407,4,42,-38
219000409,58,54,4
219000410,66,28,38
219000411,59,16,43
219000446,150,301,-151
219000447,20,23,-3
219000448,15,12,3
219000452,157,84,73
219000453,100,154,-54
219000454,198,245,-47
219000556,260,93,167
219000558,150,197,-47
219000590,37,128,-91
219000591,73,85,-12
219000592,115,345,-230
219000595,2,18,-16
219000635,157,50,107
219000636,18,82,-64
219000657,42,28,14
219000658,35,77,-42
219000673,0,14,-14
219000676,14,1,13
219000679,35,7,28
219000684,89,1,88
219000685,0,50,-50
219000686,6,2,4
219000688,4,83,-79
219000689,25,224,-199
219000690,147,20,127
219000691,76,161,-85
219000692,149,34,115
219000693,0,27,-27
219000694,5,0,5
219000695,19,3,16
219000698,20,0,20
219000699,0,27,-27
219000727,3,80,-77
219000728,106,5,101
219000770,52,2,50
219000771,1,45,-44
219000788,522,192,330
219001150,1,21,-20
219001151,0,1,-1
219001166,21,22,-1
219001167,5,63,-58
219001178,42,2,40
220000001,58,43,15
220000002,17,108,-91
220000003,333,220,113
220000004,494,398,96
220000005,1395,1622,-227
220000006,291,864,-573
220000007,408,491,-83
220000008,359,853,-494
220000009,314,367,-53
220000010,254,114,140
220000011,497,2460,-1963
220000012,133,308,-175
220000014,158,62,96
220000015,88,199,-111
220000017,49,186,-137
220000018,3258,1465,1793
220000019,111,285,-174
220000020,392,283,109
220000021,724,199,525
220000022,684,403,281
220000023,388,155,233
220000024,1458,391,1067
220000025,608,875,-267
220000026,268,247,21
220000027,29,85,-56
220000028,61,55,6
220000029,86,129,-43
220000030,133,72,61
220000031,325,284,41
220000064,16,710,-694
221000046,9,0,9
221000047,0,1,-1
221000048,0,2,-2
221000049,0,11,-11
221000050,26,1,25
221000055,55,41,14
221000057,55,14,41
221000068,287,182,105
221000069,277,93,184
221000070,187,22,165
221000071,93,13,80
221000072,151,27,124
221000073,153,62,91
221000074,2,22,-20
221000075,27,21,6
221000076,15,43,-28
221000077,21,106,-85
221000081,51,9,42
221000082,94,7,87
221000083,45,10,35
221000084,7,5,2
221000085,11,54,-43
221000086,18,88,-70
221000087,2,162,-160
221000088,18,174,-156
221000089,42,226,-184
221000090,159,466,-307
221000098,74,9,65
221000099,163,8,155
221000100,83,5,78
221000101,224,24,200
221000102,123,21,102
221000109,3,120,-117
221000110,13,69,-56
221000111,33,212,-179
221000112,7,146,-139
221000113,12,123,-111
221000114,12,180,-168
221000120,33,25,8
221000121,7,25,-18
221000122,48,36,12
221000123,16,17,-1
221000124,56,128,-72
221000155,74,20,54
221000156,84,34,50
221000175,2,6,-4
221000176,2,4,-2
221000182,82,17,65
221000241,762,301,461
221000242,163,462,-299
221000243,603,164,439
221000244,252,484,-232
221000245,92,148,-56
221000246,45,291,-246
221000247,106,164,-58
221000248,113,151,-38
221000267,74,529,-455
221000325,97,45,52
221000331,29,43,-14
221000338,17,22,-5
221000378,161,27,134
221000381,41,53,-12
222000282,17,3,14
222000296,5,12,-7
222000568,305,27,278
222000569,133,30,103
222000570,121,28,93
222000571,263,20,243
222000577,18,149,-131
222000578,29,186,-157
222000579,26,147,-121
222000580,111,787,-676
222000599,1,101,-100
222000600,3,306,-303
222000601,8,810,-802
222000603,25,44,-19
222000604,10,33,-23
222000605,11,19,-8
222000606,1,14,-13
222000607,3,6,-3
222000608,28,16,12
222000609,79,163,-84
222000616,300,43,257
222000617,14,19,-5
222000618,29,12,17
222000620,25,7,18
222000621,62,12,50
222000623,515,13,502
222000624,323,4,319
222000625,580,25,555
222000636,35,6,29
222000686,37,9,28
222000687,25,24,1
222001066,188,3,185
222001067,11,2,9
222001068,25,25,0
222001069,26,24,2
222001082,11,38,-27
222001083,16,41,-25
222001084,0,45,-45
222001085,1,57,-56
222001111,13,115,-102
222001112,83,26,57
222001313,46,9,37
222001314,18,144,-126
222001464,178,60,118
222001465,41,134,-93
222001484,109,60,49
222001485,37,44,-7
222001494,463,144,319
222001495,164,231,-67
222001496,262,119,143
222001497,154,375,-221
222001502,13,96,-83
222001503,83,52,31
222001504,19,236,-217
222001505,288,21,267
222001506,41,326,-285
222001507,262,25,237
222001510,342,29,313
222001511,52,315,-263
222001514,570,174,396
222001515,230,404,-174
222001518,253,77,176
222001519,42,179,-137
222001527,172,64,108
222001528,37,149,-112
222001529,224,47,177
222001530,62,156,-94
222001533,146,250,-104
222001534,221,62,159
222001535,209,249,-40
222001536,95,203,-108
222001537,269,56,213
222001538,84,407,-323
222001563,600,100,500
222001564,67,482,-415
222001568,452,126,326
222001576,0,1,-1
222001579,1,5,-4
222001583,27,130,-103
222001584,92,23,69
222001596,602,1020,-418
222001597,1769,304,1465
222001626,0,152,-152
222001650,186,104,82
222001651,187,169,18
222001914,173,35,138
222001915,46,190,-144
222001968,457,314,143
222001969,439,595,-156
222001970,184,232,-48
222001971,20,14,6
222001972,1,20,-19
225000001,402,153,249
225000002,634,122,512
225000003,608,64,544
225000004,371,185,186
225000005,66,30,36
225000006,0,165,-165
225000007,1326,1317,9
225000010,323,22,301
225000011,318,719,-401
225000012,167,440,-273
225000013,133,123,10
225000014,588,59,529
225000015,67,158,-91
225000021,579,147,432
225000027,256,398,-142
225000032,572,120,452
225000042,55,570,-515
225000049,24,54,-30
225000050,60,20,40
225000053,3,297,-294
225000058,511,102,409
225000067,231,149,82
225000068,115,299,-184
225000069,128,417,-289
225000070,74,344,-270
225000071,46,155,-109
225000075,19,703,-684
225000076,52,96,-44
225000078,63,38,25
225000085,61,173,-112
225000086,216,46,170
225000087,171,14,157
225000088,10,177,-167
225000089,254,987,-733
225000090,50,357,-307
225000091,224,122,102
225000092,51,59,-8
225000093,208,286,-78
225000094,10,250,-240
225000095,268,350,-82
225000096,398,495,-97
225000098,559,330,229
225000099,331,205,126
225000100,314,130,184
225000104,96,450,-354
225000110,12,318,-306
225000111,193,918,-725
225000112,303,1007,-704
225000113,178,427,-249
225000114,69,208,-139
225000115,1240,522,718
225000116,978,161,817
225000117,818,263,555
225000118,800,200,600
225000119,164,65,99
225000120,578,39,539
225000121,260,20,240
225000123,504,18,486
225000125,320,181,139
225000126,656,167,489
225000127,569,918,-349
225000128,517,633,-116
225000132,261,40,221
225000133,197,31,166
225000134,459,113,346
225000135,51,13,38
225000136,241,13,228
225000137,191,47,144
225000138,337,65,272
225000143,49,187,-138
225000144,4,285,-281
225000145,24,26,-2
225000146,29,118,-89
225000147,30,221,-191
225000148,10,180,-170
225000149,47,447,-400
225000151,33,177,-144
225000155,460,469,-9
225000156,151,755,-604
225000157,190,365,-175
225000158,78,238,-160
225000171,10,146,-136
225000180,72,2,70
225000181,0,84,-84
225000182,79,10,69
225000185,5,287,-282
225000187,32,229,-197
225000191,132,4,128
225000194,0,11,-11
225000208,0,46,-46
225000209,72,11,61
225000210,1,177,-176
225000217,2,14,-12
225000218,15,2,13
225000223,0,52,-52
225000224,76,0,76
225000225,1,43,-42
225000226,40,4,36
225000227,37,119,-82
225000228,18,20,-2
225000229,1,78,-77
225000230,11,0,11
225000231,0,83,-83
225000232,171,0,171
225000241,84,2,82
225000242,0,59,-59
225000249,18,1,17
225000250,46,692,-646
225000251,282,34,248
226000042,308,470,-162
226000043,50,312,-262
226000044,153,506,-353
226000045,72,335,-263
226000046,283,95,188
226000047,307,91,216
226000048,348,89,259
226000049,198,158,40
226000070,0,41,-41
226000071,0,53,-53
226000072,0,11,-11
226000073,0,6,-6
226000074,0,8,-8
226000084,1,55,-54
226000085,1,17,-16
226000086,7,14,-7
226000087,0,11,-11
226000088,29,16,13
226000090,97,49,48
226000091,21,23,-2
226000092,2,4,-2
226000093,38,1,37
226000094,18,6,12
226000095,34,3,31
226000105,13,1,12
226000106,6,0,6
226000107,6,2,4
226000108,39,2,37
226000109,59,0,59
226000124,111,75,36
226000134,561,331,230
226000135,1002,462,540
226000136,566,281,285
226000137,8,318,-310
226000138,16,242,-226
226000139,1,16,-15
226000156,137,3,134
226000157,122,5,117
226000163,74,56,18
226000202,14,246,-232
226000231,348,6,342
226000232,30,7,23
227000033,276,64,212
227000036,249,24,225
227000037,222,27,195
227000038,288,37,251
227000049,0,27,-27
227000050,0,56,-56
227000055,84,10,74
227000056,19,1,18
227000084,1,100,-99
227000085,2,62,-60
227000088,39,0,39
227000089,128,0,128
227000090,46,3,43
227000091,25,1,24
227000093,131,1,130
227000094,21,0,21
227000130,35,76,-41
227000131,30,178,-148
227000132,14,163,-149
227000133,12,160,-148
227000134,12,287,-275
227000152,0,7,-7
227000153,0,57,-57
227000155,0,10,-10
227000156,2,15,-13
227000165,21,25,-4
227000196,299,184,115
227000199,249,451,-202
227000230,16,383,-367
227000232,404,20,384
227000242,62,439,-377
227000243,339,77,262
227000245,23,325,-302
227000246,116,439,-323
227000247,297,86,211
227000248,172,31,141
227000249,26,210,-184
227000250,463,149,314
227000251,142,216,-74
227000252,16,295,-279
227000253,118,17,101
227000262,277,59,218
227000266,1028,29,999
227000267,31,1379,-1348
227000282,4,120,-116
227000284,367,14,353
227000286,3,56,-53
227000287,6,69,-63
227000291,20,435,-415
227000484,315,17,298
227000485,14,823,-809
227000655,102,16,86
227000656,510,22,488
227000657,63,4,59
227000661,324,22,302
227000680,162,62,100
229000265,9,30,-21
229000296,1,14,-13
229000297,7,22,-15
229000298,8,95,-87
229000320,14,9,5
229000321,29,4,25
229000412,15,29,-14
229000414,11,46,-35
229000415,38,0,38
229000416,0,6,-6
229000417,1,13,-12
229000419,72,281,-209
229000440,321,92,229
229000442,21,4,17
229000443,13,1,12
229000444,1,19,-18
229000445,72,5,67
229000446,76,16,60
229000491,0,2,-2
229000492,0,0,0
229000493,0,1,-1
229000494,3,0,3
229000495,7,0,7
229000496,4,1,3
229000507,0,11,-11
229000508,0,7,-7
229000509,0,11,-11
229000510,0,4,-4
229000511,0,2,-2
229000512,0,7,-7
229000513,0,2,-2
229000514,0,0,0
229000517,0,0,0
229000518,0,0,0
229000519,0,1,-1
229000520,1,1,0
229000521,19,1,18
229000522,3,3,0
229000523,3,1,2
229000524,0,0,0
229000527,0,0,0
229000528,0,0,0
229000529,1,0,1
229000530,10,0,10
229000531,6,0,6
229000532,3,0,3
229000533,6,0,6
229000534,5,0,5
229000564,8,1,7
229000565,4,0,4
229000566,0,3,-3
229000567,0,8,-8
229000582,7,1,6
229000583,0,2,-2
229000584,1,10,-9
229000585,1,8,-7
229000718,0,2,-2
229000719,0,1,-1
229000720,1,4,-3
229000721,0,4,-4
229000722,0,2,-2
229000723,0,1,-1
229000724,0,0,0
229000725,0,3,-3
229000738,0,0,0
229000739,0,0,0
229000740,0,0,0
229000741,2,0,2
229000742,1,0,1
229000743,1,0,1
229000744,0,0,0
229000745,0,0,0
229000746,8,0,8
229000847,32,0,32
229000848,9,0,9
229000849,70,1,69
229000851,20,0,20
229000854,0,24,-24
229000856,1,81,-80
229000857,0,32,-32
229000858,0,49,-49
229000919,19,78,-59
229000930,3,197,-194
229000937,69,22,47
229000966,54,19,35
229000981,18,25,-7
229000985,5,30,-25
229000986,0,0,0
229000987,0,2,-2
229000988,1,7,-6
229000989,17,6,11
229000990,0,0,0
229000991,1,4,-3
229000992,22,10,12
229000993,114,14,100
229000998,15,47,-32
229000999,49,27,22
229001034,0,13,-13
229001035,8,2,6
229001037,41,10,31
229001042,6,15,-9
229001047,6,31,-25
229001050,36,43,-7
229001168,0,2,-2
229001200,32,1,31
229001338,16,19,-3
229001394,140,7,133
229001422,104,9,95
229001423,33,156,-123
229001431,63,59,4
229001432,73,74,-1
229001444,166,47,119
229001445,24,120,-96
229001479,3,1,2
229001503,178,103,75
229001504,154,167,-13
229001505,119,42,77
229001506,58,144,-86
229001509,55,21,34
229001545,93,3,90
229001546,9,100,-91
229001553,76,10,66
229001554,29,95,-66
229001559,3,15,-12
229001560,5,18,-13
229001630,46,5,41
229001631,5,24,-19
229001635,0,11,-11
229001636,12,0,12
229001658,1,117,-116
229001659,41,12,29
229001660,10,6,4
229001661,4,18,-14
229001662,52,0,52
229001663,0,17,-17
229002584,193,146,47
229002831,145,107,38
229002841,7,15,-8
229002842,10,30,-20
229002843,61,13,48
229002844,45,53,-8
229002845,42,71,-29
229002846,48,17,31
229002847,1,11,-10
229002848,9,8,1
229002849,4,52,-48
229002850,11,3,8
229002851,31,107,-76
229002852,237,19,218
229002853,143,21,122
229002854,32,34,-2
229002855,6,22,-16
229002856,55,28,27
229002857,11,85,-74
229002858,21,12,9
229002859,12,34,-22
229002860,224,12,212
229002861,44,22,22
229002862,38,20,18
229002863,19,7,12
229002864,34,33,1
229002865,12,7,5
229002866,21,18,3
229002867,0,26,-26
229002868,23,5,18
229002869,32,118,-86
229002870,70,24,46
235000066,407,81,326
235000067,98,67,31
235000072,12,100,-88
235000073,62,353,-291
235000074,36,62,-26
235000080,34,92,-58
235000081,147,130,17
235000082,188,81,107
235000083,182,135,47
235000084,36,88,-52
235000085,138,75,63
235000089,55,30,25
235000092,20,156,-136
235000093,5,8,-3
235000097,1,5,-4
235000098,65,11,54
235000099,33,20,13
235000116,83,20,63
235000117,674,18,656
235000133,12,375,-363
235000134,9,184,-175
235000206,15,0,15
235000207,2,1,1
235000208,6,3,3
235000209,6,1,5
235000210,6,3,3
235000212,3,28,-25
235000213,3,8,-5
235000220,4,2,2
235000221,70,17,53
235000238,10,81,-71
235000239,0,15,-15
235000242,292,537,-245
235000245,595,165,430
235000246,13,82,-69
235000284,3,117,-114
235000295,170,4,166
235000305,349,19,330
235000306,183,7,176
235000307,26,1,25
235000308,23,2,21
235000309,57,0,57
235000310,27,0,27
235000311,137,12,125
235000322,0,27,-27
235000323,1,41,-40
235000324,0,17,-17
235000325,0,14,-14
235000326,6,130,-124
235000351,1,64,-63
235000352,9,26,-17
235000353,1,26,-25
235000354,6,30,-24
235000355,8,32,-24
235000356,150,8,142
235000357,35,8,27
235000358,247,11,236
235000359,14,5,9
235000360,71,12,59
235000361,55,8,47
235000381,85,157,-72
235000382,179,48,131
235000390,14,0,14
235000391,201,11,190
235000392,165,285,-120
235000393,120,145,-25
235000395,103,50,53
235000396,428,73,355
235000400,81,101,-20
235000401,27,120,-93
235000405,121,290,-169
235000406,74,251,-177
235000407,47,92,-45
235000409,179,137,42
235000410,62,251,-189
235000411,3,85,-82
235000485,0,6,-6
235000486,20,0,20
235000549,110,107,3
235000550,121,177,-56
235000599,78,67,11
235000600,13,30,-17
235000601,15,25,-10
235000602,68,73,-5
235000614,5,1,4
235000648,0,11,-11
235000649,24,6,18
235000685,4,5,-1
235000815,26,38,-12
235000834,0,9,-9
235000855,55,63,-8
235000862,29,135,-106
235000891,0,6,-6
235000892,22,2,20
235000901,116,83,33
235000907,7,25,-18
235001010,66,64,2
235001029,555,378,177
235001030,377,296,81
235001078,118,108,10
235001079,73,112,-39
235001147,33,40,-7
235001166,18,59,-41
235001167,39,40,-1
235001169,33,240,-207
235001188,1,18,-17
235001189,2,0,2
235001197,13,32,-19
235001200,47,51,-4
235001207,303,45,258
235001210,99,171,-72
235001215,33,171,-138
235001239,1,33,-32
235001244,0,4,-4
235016267,1,34,-33
277101746,0,0,0
277102712,4,2,2
277103813,1,0,1
277103814,0,0,0
277103898,0,0,0
277104249,0,2,-2
277104250,0,3,-3
277104251,0,5,-5
277104252,0,9,-9
990011530,0,166,-166
990014944,4,517,-513
990015176,13,9,4
990015618,1,97,-96
990016032,0,205,-205
990032570,0,27,-27
990070001,55,3,52
990070103,0,0,0
990070601,0,36,-36
990070751,643,8,635
990070766,0,403,-403
990071180,505,175,330
990071343,16,2,14
990071387,5,28,-23
990071823,638,10,628
990072600,3,908,-905
990072964,0,329,-329
990073285,0,1,-1
990074393,1,641,-640
990074870,1352,10,1342
990075106,1671,7,1664
990075746,546,15,531
990076437,981,6,975
990076458,1,588,-587
997000007,712,15,697
997000041,2,153,-151
997000058,63,0,63
997000062,24,0,24
997000069,0,6,-6
997000070,0,30,-30
997000100,24,1,23
997000141,3,828,-825
997000198,363,1394,-1031
998000475,1,34,-33
998000736,0,156,-156
998000965,0,3,-3
998001031,0,76,-76
998001700,0,20,-20
998001899,0,1,-1
998001900,5,1,4
998003073,787,20,767
998101900,0,0,0
998102850,2,261,-259
998501927,1166,633,533
998501929,83,7,76
998501930,31,0,31
998501931,325,52,273
998501932,5,0,5
998501933,55,0,55
998501937,29,0,29
998501944,12,0,12
998501950,0,6,-6
998501970,46,6,40
998501971,0,73,-73
998501973,1,43,-42
998501974,0,267,-267
998501975,137,27,110
998501976,115,0,115
998501977,0,33,-33
998501978,16,3,13
998501979,0,15,-15
998501980,86,0,86
998501981,24,2,22
998501982,0,83,-83
998501983,0,2,-2
998502006,0,0,0
998502024,0,13,-13
998502032,0,3,-3
998502062,9,0,9
998502063,0,0,0
998502173,41,0,41
998502269,0,0,0
998502546,0,176,-176
998502578,5,6,-1
998502599,102,252,-150
998601159,1,113,-112
998601292,0,15,-15
999033574,3,312,-309
999800001,23,0,23
999800002,0,6,-6
999800003,1,1,0
999800004,0,1,-1
999800005,0,6,-6
